submit_time,start_time,end_time,run_time,wait_time
150,152,240,88,2
244,245,248,3,1
449,451,541,90,2
544,545,548,3,1
3056,3057,3152,95,1
3155,3156,3159,3,1
6231,6232,6329,97,1
6333,6334,6337,3,1
25588,25589,25594,5,1
25628,25629,25701,72,1
25707,25709,25774,65,2
32093,32094,32194,100,1
32197,32198,32303,105,1
32307,32308,32425,117,1
32428,32429,32533,104,1
71217,71219,71369,150,2
71454,71455,71580,125,1
72002,72004,72155,151,2
82715,82717,82842,125,2
82913,82915,83013,98,2
84832,84833,85124,291,1
85570,85572,85820,248,2
85897,85898,85899,1,1
89939,89939,89944,5,0
89994,89994,90016,22,0
90734,90736,90974,238,2
92759,92761,92874,113,2
92983,92985,93425,440,2
93490,93492,93704,212,2
93711,93712,93722,10,1
93905,93906,94548,642,1
94473,94551,95159,608,78
95150,95166,100891,5725,16
100784,100972,100990,18,188
101051,101058,101149,91,7
101175,101182,101263,81,7
101439,101440,101805,365,1
110910,110912,110914,2,2
110973,110974,110975,1,1
111102,111103,111104,1,1
111142,111143,111222,79,1
111602,111604,111736,132,2
111817,111817,111960,143,0
111985,111985,112085,100,0
112092,112093,112238,145,1
112242,112242,115627,3385,0
130043,130044,130103,59,1
130569,130570,130959,389,1
130979,130980,131038,58,1
131120,131121,131179,58,1
131183,131184,131518,334,1
131738,131740,131796,56,2
131801,131802,131862,60,1
131865,131866,131930,64,1
131933,131934,132005,71,1
132050,132051,132123,72,1
132126,132127,132214,87,1
132218,132219,132277,58,1
132280,132281,132338,57,1
132341,132342,132402,60,1
132453,132454,132511,57,1
132514,132516,132579,63,2
132583,132584,132645,61,1
132648,132649,132707,58,1
132710,132712,132777,65,2
132781,132782,132846,64,1
132849,132851,132939,88,2
132945,132947,133010,63,2
133013,133014,133112,98,1
133115,133117,133195,78,2
133587,133588,133650,62,1
133654,133655,133741,86,1
133744,133745,133840,95,1
133843,133844,133919,75,1
133922,133923,133995,72,1
133998,133999,134077,78,1
134081,134082,134153,71,1
134156,134157,134224,67,1
134227,134228,134289,61,1
134292,134293,134355,62,1
134359,134360,134424,64,1
134427,134428,134492,64,1
134495,134496,134558,62,1
134562,134563,134630,67,1
134634,134635,134725,90,1
134728,134729,134789,60,1
134792,134793,134851,58,1
134854,134855,134914,59,1
134917,134919,134975,56,2
134978,134980,135039,59,2
135042,135043,135129,86,1
135132,135134,135196,62,2
135200,135201,135262,61,1
135265,135267,135328,61,2
135332,135333,135442,109,1
135445,135447,135513,66,2
135517,135518,135728,210,1
138368,138369,138439,70,1
138442,138444,138547,103,2
138551,138552,138628,76,1
138632,138633,138704,71,1
139344,139345,139406,61,1
145494,145495,145878,383,1
145886,145887,146114,227,1
146212,146212,146213,1,0
146212,146212,146214,2,0
146212,146212,146214,2,0
146212,146212,146213,1,0
146212,146212,146214,2,0
146212,146212,146214,2,0
146212,146212,146214,2,0
146212,146212,146214,2,0
146212,146212,146214,2,0
146212,146212,146214,2,0
146212,146212,146214,2,0
146212,146212,146214,2,0
146212,146212,146213,1,0
146212,146212,146214,2,0
146212,146212,146214,2,0
146212,146212,146214,2,0
146212,146212,146214,2,0
146212,146212,146214,2,0
146212,146212,146214,2,0
146212,146212,146214,2,0
146212,146214,146216,2,2
146212,146214,146216,2,2
146212,146214,146216,2,2
146212,146214,146216,2,2
146212,146214,146216,2,2
146212,146214,146216,2,2
146212,146214,146216,2,2
146212,146214,146216,2,2
146212,146214,146216,2,2
146212,146214,146216,2,2
146212,146214,146217,3,2
146212,146214,146216,2,2
146212,146215,146217,2,3
146212,146214,146216,2,2
146212,146214,146216,2,2
146212,146215,146217,2,3
146212,146214,146216,2,2
146212,146214,146216,2,2
146212,146215,146217,2,3
146212,146215,146217,2,3
146212,146216,146218,2,4
146212,146216,146218,2,4
146212,146216,146218,2,4
146212,146217,146218,1,5
146212,146216,146218,2,4
146212,146216,146218,2,4
146212,146216,146218,2,4
146212,146216,146218,2,4
146212,146216,146218,2,4
146212,146217,146218,1,5
146212,146217,146218,1,5
146212,146217,146218,1,5
146212,146217,146219,2,5
146212,146217,146218,1,5
146212,146217,146219,2,5
146212,146217,146219,2,5
146212,146217,146219,2,5
146212,146217,146219,2,5
146212,146217,146219,2,5
146212,146217,146219,2,5
146212,146218,146220,2,6
146212,146218,146220,2,6
146212,146218,146220,2,6
146212,146218,146220,2,6
146212,146218,146220,2,6
146212,146218,146220,2,6
146212,146218,146220,2,6
146212,146218,146220,2,6
146212,146218,146220,2,6
146212,146219,146221,2,7
146212,146219,146221,2,7
146212,146219,146221,2,7
146212,146219,146221,2,7
146212,146220,146221,1,8
146212,146220,146221,1,8
146212,146219,146221,2,7
146212,146220,146221,1,8
146212,146220,146222,2,8
146212,146220,146222,2,8
146212,146220,146222,2,8
146212,146220,146222,2,8
146212,146219,146222,3,7
146212,146220,146222,2,8
146212,146221,146222,1,9
146212,146221,146222,1,9
146212,146221,146222,1,9
146212,146221,146223,2,9
146212,146220,146222,2,8
146212,146221,146222,1,9
146212,146222,146223,1,10
146212,146222,146223,1,10
146212,146222,146223,1,10
146212,146222,146223,1,10
146212,146222,146223,1,10
146212,146222,146223,1,10
146212,146223,146224,1,11
146212,146223,146224,1,11
146212,146223,146224,1,11
146212,146223,146224,1,11
146212,146222,146224,2,10
146212,146222,146224,2,10
146212,146223,146224,1,11
146212,146223,146224,1,11
146212,146223,146224,1,11
146212,146223,146224,1,11
146212,146223,146224,1,11
146212,146223,146224,1,11
146212,146223,146224,1,11
146212,146223,146224,1,11
146212,146224,146225,1,12
146212,146224,146225,1,12
146212,146224,146225,1,12
146212,146224,146225,1,12
146212,146224,146225,1,12
146212,146224,146225,1,12
146212,146225,146226,1,13
146212,146225,146226,1,13
146212,146225,146226,1,13
146212,146225,146226,1,13
146212,146225,146226,1,13
146212,146225,146227,2,13
146212,146225,146227,2,13
146212,146225,146227,2,13
146212,146225,146227,2,13
146212,146225,146227,2,13
146212,146225,146227,2,13
146212,146225,146227,2,13
146212,146226,146228,2,14
146212,146225,146227,2,13
146212,146225,146227,2,13
146212,146226,146228,2,14
146212,146226,146228,2,14
146212,146226,146228,2,14
146212,146226,146228,2,14
146212,146226,146228,2,14
146212,146227,146229,2,15
146212,146227,146229,2,15
146212,146227,146228,1,15
146212,146227,146228,1,15
146212,146227,146229,2,15
146212,146227,146228,1,15
146212,146227,146228,1,15
146212,146227,146228,1,15
146212,146227,146228,1,15
146212,146227,146229,2,15
146212,146227,146229,2,15
146212,146228,146229,1,16
146212,146228,146229,1,16
146212,146228,146229,1,16
146212,146228,146229,1,16
146212,146228,146229,1,16
146212,146228,146229,1,16
146212,146228,146229,1,16
146212,146228,146229,1,16
146212,146228,146229,1,16
146212,146229,146230,1,17
146212,146229,146230,1,17
146212,146229,146230,1,17
146212,146229,146230,1,17
146212,146229,146231,2,17
146212,146229,146231,2,17
146212,146229,146231,2,17
146212,146229,146231,2,17
146212,146229,146231,2,17
146212,146230,146231,1,18
146212,146230,146231,1,18
146212,146230,146232,2,18
146212,146230,146232,2,18
146212,146230,146232,2,18
146212,146230,146232,2,18
146212,146230,146232,2,18
146212,146230,146232,2,18
146212,146230,146232,2,18
146212,146231,146233,2,19
146212,146231,146233,2,19
146212,146231,146233,2,19
146212,146231,146233,2,19
146212,146231,146233,2,19
146212,146230,146232,2,18
146212,146230,146232,2,18
146212,146231,146233,2,19
146212,146231,146233,2,19
146212,146231,146233,2,19
146212,146231,146233,2,19
146212,146232,146234,2,20
146212,146232,146234,2,20
146212,146232,146234,2,20
146212,146232,146234,2,20
146212,146232,146234,2,20
146212,146232,146234,2,20
146212,146232,146234,2,20
146212,146232,146234,2,20
146212,146232,146234,2,20
146212,146233,146234,1,21
146212,146233,146234,1,21
146212,146233,146234,1,21
146212,146233,146234,1,21
146212,146233,146234,1,21
146212,146233,146234,1,21
146212,146233,146235,2,21
146242,146242,146243,1,0
146242,146242,146243,1,0
146242,146242,146244,2,0
146242,146242,146243,1,0
146242,146242,146243,1,0
146242,146242,146243,1,0
146242,146242,146243,1,0
146242,146242,146243,1,0
146242,146242,146243,1,0
146242,146242,146243,1,0
146242,146242,146243,1,0
146242,146242,146244,2,0
146242,146242,146243,1,0
146242,146242,146243,1,0
146242,146242,146243,1,0
146242,146242,146244,2,0
146242,146242,146244,2,0
146242,146242,146244,2,0
146242,146242,146244,2,0
146242,146242,146244,2,0
146242,146244,146246,2,2
146242,146244,146246,2,2
146242,146244,146246,2,2
146242,146244,146246,2,2
146242,146244,146246,2,2
146242,146245,146247,2,3
146242,146244,146246,2,2
146242,146244,146246,2,2
146242,146244,146246,2,2
146242,146244,146246,2,2
146242,146244,146246,2,2
146242,146244,146246,2,2
146242,146244,146246,2,2
146242,146245,146247,2,3
146242,146244,146246,2,2
146242,146244,146246,2,2
146242,146244,146246,2,2
146242,146245,146246,1,3
146242,146244,146246,2,2
146242,146245,146247,2,3
146242,146246,146247,1,4
146242,146246,146247,1,4
146242,146246,146247,1,4
146242,146247,146248,1,5
146242,146247,146248,1,5
146242,146247,146248,1,5
146242,146247,146248,1,5
146242,146247,146248,1,5
146242,146247,146248,1,5
146242,146247,146248,1,5
146242,146247,146248,1,5
146242,146247,146248,1,5
146242,146247,146249,2,5
146242,146247,146249,2,5
146242,146247,146248,1,5
146242,146247,146248,1,5
146242,146247,146249,2,5
146242,146247,146249,2,5
146242,146247,146249,2,5
146242,146247,146249,2,5
146242,146248,146249,1,6
146242,146248,146250,2,6
146242,146248,146250,2,6
146242,146249,146251,2,7
146242,146249,146251,2,7
146242,146249,146251,2,7
146242,146249,146251,2,7
146242,146249,146251,2,7
146242,146249,146251,2,7
146242,146249,146251,2,7
146242,146249,146251,2,7
146242,146250,146252,2,8
146242,146249,146251,2,7
146242,146249,146251,2,7
146242,146249,146251,2,7
146242,146249,146251,2,7
146242,146249,146251,2,7
146242,146249,146251,2,7
146242,146249,146251,2,7
146242,146250,146252,2,8
146242,146249,146251,2,7
146242,146249,146251,2,7
146242,146251,146253,2,9
146242,146251,146253,2,9
146242,146251,146253,2,9
146242,146251,146253,2,9
146242,146250,146252,2,8
146242,146251,146253,2,9
146242,146251,146253,2,9
146242,146251,146253,2,9
146242,146251,146253,2,9
146242,146252,146254,2,10
146242,146252,146254,2,10
146242,146252,146254,2,10
146242,146252,146254,2,10
146242,146252,146254,2,10
146242,146252,146253,1,10
146242,146252,146253,1,10
146242,146252,146254,2,10
146242,146252,146253,1,10
146242,146252,146254,2,10
146242,146252,146254,2,10
146242,146253,146255,2,11
146242,146253,146255,2,11
146242,146253,146255,2,11
146242,146253,146255,2,11
146242,146253,146255,2,11
146242,146253,146255,2,11
146242,146253,146255,2,11
146242,146253,146255,2,11
146242,146254,146256,2,12
146242,146254,146256,2,12
146242,146254,146256,2,12
146242,146254,146256,2,12
146242,146254,146256,2,12
146242,146254,146256,2,12
146242,146254,146256,2,12
146242,146254,146256,2,12
146242,146254,146256,2,12
146242,146254,146256,2,12
146242,146254,146256,2,12
146242,146254,146256,2,12
146242,146255,146257,2,13
146242,146255,146257,2,13
146242,146255,146257,2,13
146242,146255,146257,2,13
146242,146255,146257,2,13
146242,146255,146257,2,13
146242,146256,146258,2,14
146242,146256,146258,2,14
146242,146256,146258,2,14
146242,146256,146258,2,14
146242,146257,146258,1,15
146242,146257,146258,1,15
146242,146255,146258,3,13
146242,146255,146258,3,13
146242,146257,146258,1,15
146242,146257,146258,1,15
146242,146257,146258,1,15
146242,146257,146258,1,15
146242,146257,146258,1,15
146242,146257,146258,1,15
146242,146257,146259,2,15
146242,146257,146259,2,15
146242,146258,146259,1,16
146242,146258,146259,1,16
146242,146258,146259,1,16
146242,146258,146259,1,16
146242,146258,146259,1,16
146242,146258,146259,1,16
146242,146259,146260,1,17
146242,146259,146260,1,17
146242,146259,146260,1,17
146242,146259,146260,1,17
146242,146259,146260,1,17
146242,146259,146260,1,17
146242,146259,146260,1,17
146242,146259,146260,1,17
146242,146259,146260,1,17
146242,146259,146260,1,17
146242,146259,146260,1,17
146242,146259,146260,1,17
146242,146259,146261,2,17
146242,146259,146261,2,17
146242,146260,146261,1,18
146242,146260,146262,2,18
146242,146260,146262,2,18
146242,146261,146262,1,19
146242,146261,146262,1,19
146242,146261,146263,2,19
146242,146261,146263,2,19
146242,146261,146263,2,19
146242,146260,146262,2,18
146242,146261,146263,2,19
146242,146261,146263,2,19
146242,146262,146263,1,20
146242,146262,146263,1,20
146242,146261,146263,2,19
146242,146261,146263,2,19
146242,146261,146263,2,19
146242,146261,146263,2,19
146242,146261,146263,2,19
146242,146261,146263,2,19
146242,146262,146264,2,20
146242,146262,146263,1,20
146242,146261,146263,2,19
146242,146262,146263,1,20
146242,146263,146264,1,21
146242,146263,146264,1,21
146242,146263,146264,1,21
146242,146263,146264,1,21
146242,146263,146264,1,21
146242,146263,146264,1,21
146242,146263,146264,1,21
146242,146263,146264,1,21
146242,146264,146265,1,22
146242,146264,146265,1,22
146242,146264,146265,1,22
146242,146264,146265,1,22
146242,146264,146265,1,22
146273,146273,146274,1,0
146273,146273,146275,2,0
146273,146273,146274,1,0
146273,146273,146274,1,0
146273,146273,146274,1,0
146273,146273,146274,1,0
146273,146273,146275,2,0
146273,146273,146274,1,0
146273,146273,146275,2,0
146273,146273,146275,2,0
146273,146273,146274,1,0
146273,146273,146275,2,0
146273,146273,146275,2,0
146273,146273,146275,2,0
146273,146273,146275,2,0
146273,146273,146275,2,0
146273,146273,146275,2,0
146273,146273,146275,2,0
146273,146273,146275,2,0
146273,146273,146275,2,0
146273,146275,146277,2,2
146273,146275,146277,2,2
146273,146275,146277,2,2
146273,146275,146277,2,2
146273,146275,146277,2,2
146273,146275,146277,2,2
146273,146275,146277,2,2
146273,146275,146277,2,2
146273,146276,146278,2,3
146273,146276,146278,2,3
146273,146275,146277,2,2
146273,146276,146278,2,3
146273,146276,146278,2,3
146273,146275,146277,2,2
146273,146275,146277,2,2
146273,146276,146277,1,3
146273,146277,146278,1,4
146273,146275,146277,2,2
146273,146276,146277,1,3
146273,146275,146277,2,2
146273,146276,146277,1,3
146273,146277,146278,1,4
146273,146277,146278,1,4
146273,146277,146278,1,4
146273,146277,146278,1,4
146273,146277,146278,1,4
146273,146277,146278,1,4
146273,146277,146278,1,4
146273,146278,146279,1,5
146273,146278,146279,1,5
146273,146278,146280,2,5
146273,146278,146280,2,5
146273,146278,146280,2,5
146273,146278,146280,2,5
146273,146278,146280,2,5
146273,146278,146280,2,5
146273,146278,146280,2,5
146273,146278,146280,2,5
146273,146278,146280,2,5
146273,146278,146280,2,5
146273,146278,146280,2,5
146273,146279,146281,2,6
146273,146279,146281,2,6
146273,146279,146281,2,6
146273,146279,146281,2,6
146273,146279,146281,2,6
146273,146279,146281,2,6
146273,146279,146281,2,6
146273,146280,146282,2,7
146273,146280,146282,2,7
146273,146280,146282,2,7
146273,146280,146282,2,7
146273,146280,146282,2,7
146273,146280,146282,2,7
146273,146280,146282,2,7
146273,146280,146282,2,7
146273,146281,146283,2,8
146273,146281,146283,2,8
146273,146280,146282,2,7
146273,146280,146282,2,7
146273,146281,146283,2,8
146273,146280,146283,3,7
146273,146280,146282,2,7
146273,146281,146283,2,8
146273,146281,146283,2,8
146273,146280,146282,2,7
146273,146281,146283,2,8
146273,146281,146283,2,8
146273,146282,146284,2,9
146273,146282,146284,2,9
146273,146282,146284,2,9
146273,146282,146283,1,9
146273,146282,146283,1,9
146273,146282,146284,2,9
146273,146282,146283,1,9
146273,146282,146284,2,9
146273,146283,146285,2,10
146273,146283,146285,2,10
146273,146283,146285,2,10
146273,146283,146285,2,10
146273,146283,146285,2,10
146273,146283,146285,2,10
146273,146283,146285,2,10
146273,146283,146285,2,10
146273,146283,146285,2,10
146273,146283,146285,2,10
146273,146283,146285,2,10
146273,146283,146285,2,10
146273,146284,146286,2,11
146273,146284,146286,2,11
146273,146284,146286,2,11
146273,146284,146286,2,11
146273,146284,146286,2,11
146273,146284,146286,2,11
146273,146285,146286,1,12
146273,146285,146286,1,12
146273,146285,146287,2,12
146273,146285,146287,2,12
146273,146285,146287,2,12
146273,146285,146287,2,12
146273,146286,146287,1,13
146273,146286,146287,1,13
146273,146286,146288,2,13
146273,146286,146288,2,13
146273,146286,146288,2,13
146273,146285,146288,3,12
146273,146287,146288,1,14
146273,146287,146288,1,14
146273,146287,146288,1,14
146273,146287,146288,1,14
146273,146286,146288,2,13
146273,146286,146288,2,13
146273,146286,146288,2,13
146273,146287,146288,1,14
146273,146286,146288,2,13
146273,146287,146288,1,14
146273,146287,146289,2,14
146273,146287,146289,2,14
146273,146288,146289,1,15
146451,146451,146452,1,0
146451,146451,146452,1,0
146451,146451,146453,2,0
146451,146451,146453,2,0
146451,146451,146452,1,0
146451,146451,146452,1,0
146451,146451,146453,2,0
146451,146451,146452,1,0
146451,146451,146452,1,0
146451,146451,146453,2,0
146451,146451,146453,2,0
146451,146451,146452,1,0
146451,146451,146452,1,0
146451,146451,146453,2,0
146451,146451,146453,2,0
146451,146451,146452,1,0
146451,146451,146453,2,0
146451,146451,146453,2,0
146451,146451,146453,2,0
146451,146451,146453,2,0
146451,146452,146454,2,1
146451,146453,146455,2,2
146451,146453,146455,2,2
146451,146453,146455,2,2
146451,146453,146455,2,2
146451,146453,146455,2,2
146451,146453,146455,2,2
146451,146453,146455,2,2
146451,146453,146455,2,2
146451,146453,146455,2,2
146451,146453,146455,2,2
146451,146453,146455,2,2
146451,146453,146455,2,2
146451,146453,146455,2,2
146451,146453,146455,2,2
146451,146453,146455,2,2
146451,146454,146455,1,3
146451,146454,146455,1,3
146451,146455,146456,1,4
146451,146453,146455,2,2
146451,146453,146455,2,2
146451,146454,146455,1,3
146451,146455,146456,1,4
146451,146455,146456,1,4
146451,146455,146456,1,4
146451,146455,146456,1,4
146451,146455,146456,1,4
146451,146455,146456,1,4
146451,146455,146456,1,4
146451,146455,146456,1,4
146451,146455,146456,1,4
146451,146455,146457,2,4
146451,146455,146456,1,4
146451,146455,146456,1,4
146451,146455,146456,1,4
146451,146455,146456,1,4
146451,146456,146458,2,5
146451,146456,146458,2,5
146451,146456,146458,2,5
146451,146456,146458,2,5
146451,146456,146457,1,5
146451,146456,146458,2,5
146451,146456,146458,2,5
146451,146457,146458,1,6
146451,146457,146459,2,6
146451,146457,146459,2,6
146451,146457,146459,2,6
146451,146457,146459,2,6
146451,146457,146459,2,6
146451,146457,146459,2,6
146451,146457,146459,2,6
146451,146457,146459,2,6
146451,146457,146459,2,6
146451,146457,146459,2,6
146451,146457,146459,2,6
146451,146457,146459,2,6
146451,146458,146460,2,7
146451,146458,146460,2,7
146451,146458,146460,2,7
146451,146458,146460,2,7
146451,146458,146460,2,7
146451,146458,146460,2,7
146451,146458,146460,2,7
146451,146459,146461,2,8
146451,146459,146461,2,8
146451,146459,146461,2,8
146451,146460,146461,1,9
146451,146459,146461,2,8
146451,146459,146461,2,8
146451,146459,146460,1,8
146451,146459,146461,2,8
146451,146459,146461,2,8
146451,146459,146461,2,8
146451,146460,146461,1,9
146451,146459,146461,2,8
146451,146459,146460,1,8
146451,146460,146461,1,9
146451,146459,146461,2,8
146451,146459,146461,2,8
146451,146460,146461,1,9
146451,146460,146462,2,9
146451,146460,146462,2,9
146451,146460,146462,2,9
146451,146461,146463,2,10
146451,146461,146463,2,10
146451,146461,146463,2,10
146451,146461,146463,2,10
146451,146462,146463,1,11
146451,146462,146463,1,11
146451,146462,146463,1,11
146451,146462,146463,1,11
146451,146462,146463,1,11
146451,146462,146463,1,11
146451,146462,146463,1,11
146451,146462,146463,1,11
146451,146462,146463,1,11
146451,146462,146464,2,11
146451,146462,146463,1,11
146451,146462,146463,1,11
146451,146462,146463,1,11
146451,146463,146465,2,12
146451,146463,146464,1,12
146451,146463,146464,1,12
146451,146463,146465,2,12
146451,146463,146465,2,12
146451,146463,146465,2,12
146451,146463,146465,2,12
146451,146464,146465,1,13
146451,146464,146466,2,13
146451,146464,146465,1,13
146451,146464,146465,1,13
146451,146464,146466,2,13
146451,146464,146466,2,13
146451,146464,146465,1,13
146451,146464,146465,1,13
146451,146464,146465,1,13
146451,146464,146465,1,13
146451,146464,146465,1,13
146451,146464,146465,1,13
146451,146464,146465,1,13
146451,146465,146466,1,14
146451,146466,146467,1,15
146451,146465,146466,1,14
146451,146465,146466,1,14
146451,146465,146467,2,14
146451,146465,146467,2,14
146451,146465,146467,2,14
146451,146465,146467,2,14
146451,146466,146467,1,15
146451,146466,146467,1,15
146451,146466,146467,1,15
146451,146466,146467,1,15
146451,146466,146467,1,15
146451,146466,146467,1,15
146451,146466,146467,1,15
146451,146466,146467,1,15
146451,146466,146467,1,15
146451,146466,146467,1,15
146451,146466,146467,1,15
146451,146466,146467,1,15
146451,146466,146467,1,15
146451,146467,146468,1,16
146451,146467,146469,2,16
146451,146467,146469,2,16
146451,146468,146469,1,17
146451,146468,146469,1,17
146451,146468,146470,2,17
146451,146468,146470,2,17
146451,146468,146470,2,17
146451,146468,146470,2,17
146451,146468,146470,2,17
146451,146468,146470,2,17
146451,146468,146470,2,17
146451,146468,146470,2,17
146451,146468,146470,2,17
146451,146468,146470,2,17
146451,146468,146470,2,17
146451,146468,146470,2,17
146451,146468,146470,2,17
146451,146468,146470,2,17
146451,146468,146470,2,17
146451,146469,146471,2,18
146451,146469,146471,2,18
146451,146469,146471,2,18
146451,146470,146471,1,19
146451,146470,146471,1,19
146451,146470,146471,1,19
146451,146470,146472,2,19
146451,146470,146471,1,19
146451,146470,146471,1,19
146451,146470,146471,1,19
146451,146470,146471,1,19
146451,146470,146471,1,19
146451,146470,146471,1,19
146451,146470,146472,2,19
146451,146470,146471,1,19
146451,146470,146471,1,19
146451,146470,146471,1,19
146451,146470,146471,1,19
146451,146470,146471,1,19
146479,146479,146480,1,0
146479,146479,146481,2,0
146479,146479,146481,2,0
146479,146479,146481,2,0
146479,146479,146481,2,0
146479,146479,146481,2,0
146479,146479,146480,1,0
146479,146479,146480,1,0
146479,146479,146481,2,0
146479,146479,146480,1,0
146479,146479,146480,1,0
146479,146479,146481,2,0
146479,146479,146481,2,0
146479,146479,146480,1,0
146479,146479,146481,2,0
146479,146479,146481,2,0
146479,146479,146481,2,0
146479,146479,146481,2,0
146479,146479,146481,2,0
146479,146479,146481,2,0
146479,146481,146483,2,2
146479,146481,146483,2,2
146479,146481,146483,2,2
146479,146481,146483,2,2
146479,146481,146483,2,2
146479,146481,146483,2,2
146479,146481,146483,2,2
146479,146481,146483,2,2
146479,146481,146483,2,2
146479,146481,146483,2,2
146479,146481,146483,2,2
146479,146481,146483,2,2
146479,146481,146483,2,2
146479,146481,146483,2,2
146479,146481,146483,2,2
146479,146481,146483,2,2
146479,146481,146483,2,2
146479,146482,146484,2,3
146479,146482,146484,2,3
146479,146482,146483,1,3
146479,146483,146484,1,4
146479,146483,146485,2,4
146479,146483,146484,1,4
146479,146483,146485,2,4
146479,146483,146484,1,4
146479,146483,146484,1,4
146479,146483,146485,2,4
146479,146483,146484,1,4
146479,146483,146485,2,4
146479,146483,146485,2,4
146479,146483,146485,2,4
146479,146483,146485,2,4
146479,146483,146485,2,4
146479,146483,146485,2,4
146479,146483,146485,2,4
146479,146483,146485,2,4
146479,146483,146485,2,4
146479,146484,146486,2,5
146479,146484,146486,2,5
146479,146484,146486,2,5
146479,146485,146487,2,6
146479,146485,146487,2,6
146479,146485,146487,2,6
146479,146485,146487,2,6
146479,146485,146487,2,6
146479,146485,146487,2,6
146479,146485,146487,2,6
146479,146485,146487,2,6
146479,146485,146487,2,6
146479,146485,146487,2,6
146479,146485,146487,2,6
146479,146485,146487,2,6
146479,146485,146487,2,6
146479,146485,146487,2,6
146479,146485,146487,2,6
146479,146486,146488,2,7
146479,146485,146488,3,6
146479,146485,146488,3,6
146479,146487,146488,1,8
146479,146487,146488,1,8
146479,146487,146489,2,8
146479,146487,146489,2,8
146479,146487,146489,2,8
146479,146488,146489,1,9
146479,146488,146489,1,9
146479,146488,146489,1,9
146479,146488,146489,1,9
146479,146488,146489,1,9
146479,146488,146489,1,9
146479,146488,146489,1,9
146479,146488,146489,1,9
146479,146488,146489,1,9
146479,146488,146489,1,9
146479,146488,146489,1,9
146479,146488,146489,1,9
146479,146488,146489,1,9
146479,146489,146490,1,10
146479,146489,146490,1,10
146479,146489,146490,1,10
146479,146489,146490,1,10
146479,146489,146491,2,10
146479,146489,146491,2,10
146479,146489,146491,2,10
146479,146490,146491,1,11
146479,146490,146491,1,11
146479,146490,146491,1,11
146479,146490,146491,1,11
146479,146490,146491,1,11
146479,146490,146491,1,11
146479,146490,146491,1,11
146479,146490,146492,2,11
146479,146490,146491,1,11
146479,146490,146491,1,11
146479,146490,146492,2,11
146479,146490,146491,1,11
146479,146490,146491,1,11
146479,146491,146493,2,12
146479,146491,146492,1,12
146479,146491,146493,2,12
146479,146491,146493,2,12
146479,146492,146493,1,13
146479,146492,146493,1,13
146479,146492,146493,1,13
146479,146492,146493,1,13
146479,146492,146493,1,13
146479,146492,146494,2,13
146479,146492,146494,2,13
146479,146492,146494,2,13
146479,146492,146494,2,13
146479,146492,146494,2,13
146479,146492,146494,2,13
146479,146492,146493,1,13
146479,146492,146493,1,13
146479,146492,146493,1,13
146479,146492,146493,1,13
146479,146492,146493,1,13
146479,146494,146495,1,15
146479,146493,146494,1,14
146479,146493,146494,1,14
146479,146493,146494,1,14
146479,146493,146494,1,14
146479,146494,146495,1,15
146479,146494,146495,1,15
146479,146494,146495,1,15
146479,146494,146495,1,15
146479,146494,146495,1,15
146479,146494,146495,1,15
146479,146494,146495,1,15
146479,146494,146495,1,15
146479,146494,146495,1,15
146479,146494,146495,1,15
146479,146494,146495,1,15
146479,146494,146496,2,15
146479,146494,146495,1,15
146479,146494,146495,1,15
146479,146494,146495,1,15
146479,146495,146496,1,16
146479,146495,146497,2,16
146479,146495,146497,2,16
146479,146495,146497,2,16
146479,146495,146497,2,16
146479,146496,146497,1,17
146479,146496,146497,1,17
146479,146496,146498,2,17
146479,146496,146498,2,17
146479,146496,146498,2,17
146479,146496,146498,2,17
146479,146496,146498,2,17
146479,146496,146498,2,17
146479,146496,146498,2,17
146479,146496,146498,2,17
146479,146496,146498,2,17
146479,146496,146498,2,17
146479,146496,146498,2,17
146479,146496,146498,2,17
146479,146497,146499,2,18
146479,146496,146498,2,17
146479,146497,146499,2,18
146479,146497,146499,2,18
146479,146497,146499,2,18
146479,146497,146499,2,18
146479,146498,146499,1,19
146479,146498,146499,1,19
146479,146498,146499,1,19
146479,146498,146499,1,19
146479,146498,146499,1,19
146479,146498,146499,1,19
146479,146498,146499,1,19
146479,146498,146499,1,19
146479,146498,146499,1,19
146479,146498,146499,1,19
146479,146498,146499,1,19
146479,146498,146499,1,19
146479,146498,146499,1,19
146479,146499,146500,1,20
146479,146499,146500,1,20
146479,146499,146500,1,20
146479,146499,146501,2,20
146479,146499,146501,2,20
146479,146499,146501,2,20
146508,146508,146510,2,0
146508,146508,146509,1,0
146508,146508,146510,2,0
146508,146508,146510,2,0
146508,146508,146509,1,0
146508,146508,146509,1,0
146508,146508,146510,2,0
146508,146508,146509,1,0
146508,146508,146510,2,0
146508,146508,146510,2,0
146508,146508,146510,2,0
146508,146508,146510,2,0
146508,146508,146510,2,0
146508,146508,146509,1,0
146508,146508,146510,2,0
146508,146508,146510,2,0
146508,146508,146510,2,0
146508,146508,146510,2,0
146508,146508,146510,2,0
146508,146508,146510,2,0
146508,146510,146512,2,2
146508,146510,146512,2,2
146508,146510,146511,1,2
146508,146510,146512,2,2
146508,146510,146512,2,2
146508,146510,146511,1,2
146508,146510,146511,1,2
146508,146510,146512,2,2
146508,146510,146512,2,2
146508,146510,146512,2,2
146508,146510,146512,2,2
146508,146510,146512,2,2
146508,146510,146512,2,2
146508,146510,146512,2,2
146508,146510,146512,2,2
146508,146510,146511,1,2
146508,146511,146512,1,3
146508,146512,146513,1,4
146508,146511,146512,1,3
146508,146511,146512,1,3
146508,146511,146512,1,3
146508,146512,146513,1,4
146508,146512,146513,1,4
146508,146512,146513,1,4
146508,146512,146514,2,4
146508,146512,146514,2,4
146508,146512,146514,2,4
146508,146512,146514,2,4
146508,146512,146514,2,4
146508,146512,146514,2,4
146508,146512,146514,2,4
146508,146512,146514,2,4
146508,146512,146514,2,4
146508,146512,146514,2,4
146508,146512,146514,2,4
146508,146512,146514,2,4
146508,146512,146514,2,4
146508,146513,146515,2,5
146508,146513,146515,2,5
146508,146513,146515,2,5
146508,146513,146515,2,5
146508,146514,146516,2,6
146508,146514,146516,2,6
146508,146514,146516,2,6
146508,146514,146516,2,6
146508,146514,146516,2,6
146508,146514,146516,2,6
146508,146514,146516,2,6
146508,146514,146516,2,6
146508,146514,146516,2,6
146508,146514,146516,2,6
146508,146514,146516,2,6
146508,146514,146516,2,6
146508,146514,146516,2,6
146508,146514,146516,2,6
146508,146514,146516,2,6
146508,146514,146516,2,6
146508,146515,146517,2,7
146508,146515,146517,2,7
146508,146515,146517,2,7
146508,146515,146517,2,7
146508,146517,146518,1,9
146508,146516,146518,2,8
146508,146516,146518,2,8
146508,146516,146518,2,8
146508,146517,146518,1,9
146508,146517,146518,1,9
146508,146517,146518,1,9
146508,146517,146518,1,9
146508,146517,146518,1,9
146508,146517,146518,1,9
146508,146517,146518,1,9
146508,146517,146518,1,9
146508,146517,146518,1,9
146508,146517,146518,1,9
146508,146517,146518,1,9
146508,146517,146518,1,9
146508,146517,146519,2,9
146508,146518,146519,1,10
146508,146518,146519,1,10
146508,146518,146519,1,10
146508,146518,146519,1,10
146508,146518,146520,2,10
146508,146518,146520,2,10
146508,146518,146520,2,10
146508,146519,146520,1,11
146508,146519,146520,1,11
146508,146519,146520,1,11
146508,146519,146521,2,11
146508,146519,146520,1,11
146508,146519,146521,2,11
146508,146519,146521,2,11
146508,146519,146520,1,11
146508,146519,146521,2,11
146508,146519,146521,2,11
146508,146519,146521,2,11
146508,146519,146520,1,11
146508,146519,146521,2,11
146508,146520,146521,1,12
146508,146520,146521,1,12
146508,146520,146522,2,12
146508,146520,146522,2,12
146508,146521,146522,1,13
146508,146521,146522,1,13
146508,146521,146522,1,13
146508,146521,146522,1,13
146508,146521,146522,1,13
146508,146521,146522,1,13
146508,146521,146522,1,13
146508,146521,146522,1,13
146508,146521,146522,1,13
146508,146521,146522,1,13
146508,146521,146522,1,13
146508,146521,146522,1,13
146508,146521,146522,1,13
146508,146521,146522,1,13
146508,146521,146522,1,13
146508,146522,146523,1,14
146508,146522,146523,1,14
146809,146809,146810,1,0
146809,146809,146810,1,0
146809,146809,146811,2,0
146809,146809,146811,2,0
146809,146809,146811,2,0
146809,146809,146810,1,0
146809,146809,146810,1,0
146809,146809,146811,2,0
146809,146809,146811,2,0
146809,146809,146810,1,0
146809,146809,146811,2,0
146809,146809,146811,2,0
146809,146809,146811,2,0
146809,146809,146810,1,0
146809,146809,146810,1,0
146809,146809,146811,2,0
146809,146809,146811,2,0
146809,146809,146811,2,0
146809,146809,146811,2,0
146809,146809,146811,2,0
146809,146810,146812,2,1
146809,146811,146813,2,2
146809,146811,146813,2,2
146809,146811,146813,2,2
146809,146811,146813,2,2
146809,146811,146813,2,2
146809,146811,146813,2,2
146809,146811,146813,2,2
146809,146811,146813,2,2
146809,146811,146813,2,2
146809,146811,146813,2,2
146809,146811,146813,2,2
146809,146811,146813,2,2
146809,146811,146813,2,2
146809,146811,146813,2,2
146809,146811,146813,2,2
146809,146811,146814,3,2
146809,146811,146814,3,2
146809,146811,146813,2,2
146809,146811,146814,3,2
146809,146812,146814,2,3
146809,146813,146814,1,4
146809,146813,146815,2,4
146809,146813,146815,2,4
146809,146813,146815,2,4
146809,146813,146815,2,4
146809,146814,146815,1,5
146809,146813,146815,2,4
146809,146813,146815,2,4
146809,146813,146815,2,4
146809,146814,146815,1,5
146809,146813,146815,2,4
146809,146813,146815,2,4
146809,146814,146816,2,5
146809,146814,146816,2,5
146809,146814,146816,2,5
146809,146814,146816,2,5
146809,146814,146816,2,5
146809,146814,146816,2,5
146809,146814,146816,2,5
146809,146814,146816,2,5
146809,146814,146816,2,5
146809,146816,146817,1,7
146809,146816,146818,2,7
146809,146816,146817,1,7
146809,146816,146817,1,7
146809,146816,146817,1,7
146809,146816,146817,1,7
146809,146816,146817,1,7
146809,146816,146817,1,7
146809,146816,146817,1,7
146809,146816,146817,1,7
146809,146817,146818,1,8
146809,146817,146819,2,8
146809,146816,146818,2,7
146809,146817,146819,2,8
146809,146817,146819,2,8
146809,146817,146819,2,8
146809,146817,146818,1,8
146809,146817,146819,2,8
146809,146817,146819,2,8
146809,146817,146819,2,8
146809,146818,146819,1,9
146809,146818,146819,1,9
146809,146818,146820,2,9
146809,146818,146820,2,9
146809,146818,146820,2,9
146809,146818,146820,2,9
146809,146818,146820,2,9
146809,146818,146820,2,9
146809,146818,146820,2,9
146809,146818,146819,1,9
146809,146819,146820,1,10
146809,146819,146820,1,10
146809,146819,146820,1,10
146809,146819,146820,1,10
146809,146819,146820,1,10
146809,146819,146820,1,10
146809,146819,146820,1,10
146809,146819,146820,1,10
146809,146819,146820,1,10
146809,146819,146820,1,10
146809,146820,146821,1,11
146809,146820,146822,2,11
146809,146820,146821,1,11
146809,146820,146821,1,11
146809,146820,146821,1,11
146809,146820,146821,1,11
146809,146820,146821,1,11
146809,146820,146822,2,11
146809,146820,146821,1,11
146809,146820,146822,2,11
146809,146821,146822,1,12
146809,146821,146823,2,12
146809,146821,146823,2,12
146809,146821,146823,2,12
146809,146821,146823,2,12
146809,146821,146823,2,12
146809,146821,146823,2,12
146809,146821,146823,2,12
146809,146821,146823,2,12
146809,146821,146823,2,12
146809,146822,146824,2,13
146809,146822,146824,2,13
146809,146822,146824,2,13
146809,146822,146824,2,13
146809,146822,146824,2,13
146809,146822,146824,2,13
146809,146822,146824,2,13
146809,146822,146824,2,13
146809,146822,146824,2,13
146809,146822,146824,2,13
146809,146823,146825,2,14
146809,146823,146825,2,14
146809,146823,146825,2,14
146809,146823,146825,2,14
146809,146823,146825,2,14
146809,146823,146825,2,14
146809,146823,146825,2,14
146809,146823,146825,2,14
146809,146823,146825,2,14
146809,146823,146825,2,14
146809,146824,146825,1,15
146809,146824,146825,1,15
146809,146824,146826,2,15
146809,146824,146826,2,15
146809,146824,146825,1,15
146809,146824,146825,1,15
146809,146824,146825,1,15
146809,146824,146825,1,15
146809,146824,146825,1,15
146809,146824,146825,1,15
146809,146825,146826,1,16
146809,146825,146826,1,16
146809,146825,146827,2,16
146809,146825,146827,2,16
146809,146825,146827,2,16
146809,146825,146827,2,16
146809,146825,146827,2,16
146809,146825,146827,2,16
146809,146825,146827,2,16
146809,146825,146827,2,16
146809,146825,146827,2,16
146809,146826,146828,2,17
146809,146826,146828,2,17
146809,146826,146828,2,17
146809,146826,146828,2,17
146809,146826,146828,2,17
146809,146826,146828,2,17
146809,146826,146828,2,17
146809,146826,146828,2,17
146809,146826,146828,2,17
146809,146827,146829,2,18
146809,146827,146829,2,18
146809,146827,146829,2,18
146809,146827,146829,2,18
146809,146827,146829,2,18
146809,146828,146829,1,19
146809,146827,146829,2,18
146809,146828,146829,1,19
146809,146827,146829,2,18
146809,146828,146829,1,19
146809,146828,146830,2,19
146809,146828,146830,2,19
146809,146829,146830,1,20
146809,146829,146830,1,20
146809,146830,146831,1,21
146809,146829,146830,1,20
146809,146829,146830,1,20
146809,146830,146831,1,21
146809,146828,146830,2,19
146809,146829,146830,1,20
146809,146830,146831,1,21
146809,146829,146830,1,20
146809,146829,146830,1,20
146809,146830,146831,1,21
146809,146829,146831,2,20
146809,146829,146831,2,20
146809,146830,146831,1,21
146809,146830,146831,1,21
146838,146838,146840,2,0
146838,146838,146840,2,0
146838,146838,146840,2,0
146838,146838,146840,2,0
146838,146838,146840,2,0
146838,146838,146840,2,0
146838,146838,146840,2,0
146838,146838,146840,2,0
146838,146838,146840,2,0
146838,146838,146840,2,0
146838,146838,146840,2,0
146838,146838,146840,2,0
146838,146838,146840,2,0
146838,146838,146840,2,0
146838,146838,146840,2,0
146838,146838,146840,2,0
146838,146838,146840,2,0
146838,146838,146840,2,0
146838,146838,146840,2,0
146838,146838,146841,3,0
146838,146840,146842,2,2
146838,146841,146842,1,3
146838,146841,146843,2,3
146838,146841,146842,1,3
146838,146841,146842,1,3
146838,146841,146843,2,3
146838,146841,146843,2,3
146838,146841,146842,1,3
146838,146841,146842,1,3
146838,146841,146842,1,3
146838,146841,146842,1,3
146838,146841,146842,1,3
146838,146841,146842,1,3
146838,146841,146843,2,3
146838,146842,146843,1,4
146838,146841,146843,2,3
146838,146841,146843,2,3
146838,146841,146843,2,3
146838,146843,146844,1,5
146838,146841,146843,2,3
146838,146842,146843,1,4
146838,146843,146844,1,5
146838,146843,146844,1,5
146838,146843,146844,1,5
146838,146843,146844,1,5
146838,146843,146844,1,5
146838,146843,146844,1,5
146838,146843,146844,1,5
146838,146843,146844,1,5
146838,146843,146844,1,5
146838,146843,146844,1,5
146838,146843,146844,1,5
146838,146843,146844,1,5
146838,146844,146845,1,6
146838,146844,146845,1,6
146838,146844,146845,1,6
146838,146844,146845,1,6
146838,146844,146845,1,6
146838,146844,146845,1,6
146838,146844,146845,1,6
146838,146844,146845,1,6
146838,146845,146846,1,7
146838,146845,146846,1,7
146838,146845,146846,1,7
146838,146845,146846,1,7
146838,146845,146846,1,7
146838,146845,146847,2,7
146838,146845,146847,2,7
146838,146845,146847,2,7
146838,146845,146847,2,7
146838,146845,146847,2,7
146838,146845,146847,2,7
146838,146845,146847,2,7
146838,146846,146848,2,8
146838,146846,146848,2,8
146838,146846,146848,2,8
146838,146846,146848,2,8
146838,146846,146848,2,8
146838,146846,146848,2,8
146838,146846,146848,2,8
146838,146846,146848,2,8
146838,146847,146849,2,9
146838,146847,146849,2,9
146838,146847,146849,2,9
146838,146847,146849,2,9
146838,146847,146849,2,9
146838,146848,146849,1,10
146838,146847,146849,2,9
146838,146847,146848,1,9
146838,146847,146849,2,9
146838,146847,146849,2,9
146838,146847,146848,1,9
146838,146847,146848,1,9
146838,146847,146848,1,9
146838,146848,146849,1,10
146838,146848,146849,1,10
146838,146848,146849,1,10
146838,146848,146849,1,10
146838,146848,146849,1,10
146838,146848,146849,1,10
146838,146848,146849,1,10
146838,146849,146850,1,11
146838,146849,146851,2,11
146838,146849,146851,2,11
146838,146849,146851,2,11
146838,146849,146851,2,11
146838,146849,146851,2,11
146838,146849,146851,2,11
146838,146849,146851,2,11
146838,146849,146851,2,11
146838,146849,146851,2,11
146838,146849,146851,2,11
146838,146849,146851,2,11
146838,146849,146851,2,11
146838,146850,146852,2,12
146838,146850,146852,2,12
146838,146850,146852,2,12
146838,146850,146852,2,12
146838,146850,146852,2,12
146838,146850,146852,2,12
146838,146851,146853,2,13
146838,146851,146853,2,13
146838,146851,146853,2,13
146838,146851,146853,2,13
146838,146851,146853,2,13
146838,146851,146853,2,13
146838,146851,146853,2,13
146838,146851,146853,2,13
146838,146851,146853,2,13
146838,146850,146852,2,12
146838,146851,146853,2,13
146838,146852,146854,2,14
146838,146852,146854,2,14
146838,146851,146853,2,13
146838,146851,146853,2,13
146838,146851,146853,2,13
146838,146852,146854,2,14
146838,146852,146854,2,14
146838,146852,146854,2,14
146838,146852,146854,2,14
146838,146853,146854,1,15
146838,146853,146854,1,15
146838,146853,146855,2,15
146838,146853,146854,1,15
146838,146853,146854,1,15
146838,146853,146854,1,15
146838,146853,146854,1,15
146838,146853,146854,1,15
146838,146853,146855,2,15
146838,146853,146854,1,15
146838,146853,146855,2,15
146838,146854,146856,2,16
146838,146854,146856,2,16
146838,146854,146856,2,16
146838,146854,146856,2,16
146838,146854,146856,2,16
146838,146854,146856,2,16
146838,146854,146856,2,16
146838,146854,146856,2,16
146838,146854,146856,2,16
146838,146855,146857,2,17
146838,146855,146857,2,17
146838,146855,146857,2,17
146838,146855,146857,2,17
146838,146855,146857,2,17
146838,146855,146857,2,17
146838,146855,146857,2,17
146838,146855,146857,2,17
146838,146855,146857,2,17
146838,146855,146857,2,17
146838,146855,146858,3,17
146838,146856,146858,2,18
146838,146856,146858,2,18
146838,146856,146858,2,18
146838,146856,146858,2,18
146838,146856,146858,2,18
146838,146856,146858,2,18
146838,146857,146858,1,19
146838,146857,146858,1,19
146838,146857,146858,1,19
146838,146857,146859,2,19
146838,146857,146859,2,19
146838,146857,146859,2,19
146838,146858,146859,1,20
146838,146858,146859,1,20
146838,146858,146859,1,20
146838,146858,146859,1,20
146838,146858,146859,1,20
146838,146858,146859,1,20
146838,146858,146859,1,20
146838,146858,146859,1,20
146838,146858,146859,1,20
146838,146858,146859,1,20
146838,146858,146859,1,20
146838,146858,146860,2,20
146838,146858,146859,1,20
146838,146859,146860,1,21
146838,146859,146860,1,21
146838,146859,146860,1,21
146838,146859,146860,1,21
146867,146867,146869,2,0
146867,146867,146869,2,0
146867,146867,146869,2,0
146867,146867,146869,2,0
146867,146867,146869,2,0
146867,146867,146869,2,0
146867,146867,146869,2,0
146867,146867,146869,2,0
146867,146867,146869,2,0
146867,146867,146869,2,0
146867,146867,146869,2,0
146867,146867,146869,2,0
146867,146867,146869,2,0
146867,146867,146870,3,0
146867,146867,146870,3,0
146867,146867,146870,3,0
146867,146867,146870,3,0
146867,146867,146870,3,0
146867,146868,146870,2,1
146867,146867,146870,3,0
146867,146870,146871,1,3
146867,146870,146871,1,3
146867,146870,146871,1,3
146867,146870,146871,1,3
146867,146870,146871,1,3
146867,146870,146871,1,3
146867,146870,146872,2,3
146867,146870,146871,1,3
146867,146870,146871,1,3
146867,146870,146871,1,3
146867,146870,146871,1,3
146867,146870,146871,1,3
146867,146870,146871,1,3
146867,146871,146872,1,4
146867,146871,146872,1,4
146867,146872,146873,1,5
146867,146871,146872,1,4
146867,146871,146872,1,4
146867,146871,146872,1,4
146867,146872,146873,1,5
146867,146871,146872,1,4
146867,146872,146873,1,5
146867,146871,146872,1,4
146867,146872,146873,1,5
146867,146872,146873,1,5
146867,146872,146873,1,5
146867,146872,146873,1,5
146867,146872,146873,1,5
146867,146872,146873,1,5
146867,146872,146873,1,5
146867,146872,146873,1,5
146867,146872,146873,1,5
146867,146872,146873,1,5
146867,146873,146874,1,6
146867,146873,146874,1,6
146867,146873,146874,1,6
146867,146873,146874,1,6
146867,146873,146875,2,6
146867,146873,146874,1,6
146867,146873,146875,2,6
146867,146873,146874,1,6
146867,146873,146875,2,6
146867,146873,146875,2,6
146867,146874,146876,2,7
146867,146874,146876,2,7
146867,146874,146876,2,7
146867,146874,146876,2,7
146867,146874,146876,2,7
146867,146875,146877,2,8
146867,146875,146877,2,8
146867,146874,146876,2,7
146867,146874,146876,2,7
146867,146874,146876,2,7
146867,146875,146877,2,8
146867,146875,146877,2,8
146867,146875,146877,2,8
146867,146875,146877,2,8
146867,146875,146877,2,8
146867,146875,146877,2,8
146867,146876,146877,1,9
146867,146876,146877,1,9
146867,146876,146877,1,9
146867,146876,146877,1,9
146867,146876,146877,1,9
146867,146877,146878,1,10
146867,146877,146878,1,10
146867,146877,146878,1,10
146867,146877,146878,1,10
146867,146877,146878,1,10
146867,146877,146878,1,10
146867,146877,146878,1,10
146867,146877,146878,1,10
146867,146877,146878,1,10
146867,146877,146879,2,10
146867,146878,146880,2,11
146867,146878,146880,2,11
146867,146878,146880,2,11
146867,146878,146880,2,11
146867,146878,146880,2,11
146867,146878,146880,2,11
146867,146879,146881,2,12
146867,146879,146881,2,12
146867,146879,146881,2,12
146867,146879,146881,2,12
146867,146879,146881,2,12
146867,146879,146881,2,12
146867,146879,146881,2,12
146867,146879,146881,2,12
146867,146879,146881,2,12
146867,146879,146881,2,12
146867,146880,146882,2,13
146867,146880,146882,2,13
146867,146880,146882,2,13
146867,146880,146882,2,13
146867,146880,146882,2,13
146867,146880,146882,2,13
146867,146881,146883,2,14
146867,146881,146883,2,14
146867,146881,146883,2,14
146867,146881,146883,2,14
146867,146881,146883,2,14
146867,146881,146883,2,14
146867,146881,146883,2,14
146867,146881,146883,2,14
146867,146881,146883,2,14
146867,146881,146883,2,14
146867,146882,146884,2,15
146867,146883,146884,1,16
146867,146882,146884,2,15
146867,146882,146884,2,15
146867,146882,146884,2,15
146867,146882,146884,2,15
146867,146883,146884,1,16
146867,146883,146884,1,16
146867,146883,146884,1,16
146867,146874,146927,53,7
146867,146874,146930,56,7
146867,146875,146930,55,8
146867,146875,146930,55,8
296154,296154,296577,423,0
296154,296154,296578,424,0
296154,296154,296581,427,0
296155,296155,296581,426,0
296155,296155,296581,426,0
296155,296155,296581,426,0
296154,296154,296583,429,0
296154,296154,296583,429,0
296155,296155,296618,463,0
296154,296154,296627,473,0
296154,296154,296641,487,0
296155,296155,296643,488,0
296155,296155,296648,493,0
296155,296155,296661,506,0
296155,296155,296663,508,0
296155,296155,296664,509,0
296154,296154,296671,517,0
296155,296155,296672,517,0
296154,296155,296694,539,1
296155,296155,296697,542,0
296156,296579,297057,478,423
296156,296577,297064,487,421
296156,296582,297100,518,426
296155,296155,297102,947,0
296156,296582,297106,524,426
296156,296583,297111,528,427
296156,296583,297113,530,427
296156,296583,297114,531,427
296156,296582,297116,534,426
296156,296664,297117,453,508
296156,296662,297118,456,506
296156,296663,297119,456,507
296156,296671,297120,449,515
296156,296698,297121,423,542
296156,296673,297123,450,517
296156,296648,297123,475,492
296156,296618,297125,507,462
296156,296627,297125,498,471
296156,296641,297125,484,485
296156,296694,297129,435,538
296156,296643,297129,486,487
296155,296155,297136,981,0
296155,296156,297150,994,1
296154,296155,297153,998,1
296155,296155,297163,1008,0
296156,296156,297175,1019,0
296155,296155,297178,1023,0
296155,296155,297183,1028,0
296155,296155,297184,1029,0
296156,296156,297199,1043,0
296155,296155,297199,1044,0
296155,296155,297205,1050,0
296155,296155,297216,1061,0
296155,296155,297224,1069,0
296155,296155,297249,1094,0
296155,296155,297258,1103,0
296155,296155,297258,1103,0
296156,296156,297270,1114,0
296155,296155,297282,1127,0
296155,296155,297293,1138,0
296155,296155,297323,1168,0
296154,296154,297323,1169,0
296155,296155,297329,1174,0
296156,296156,297336,1180,0
296156,297057,297486,429,901
296156,297065,297500,435,909
296156,297101,297531,430,945
296156,297106,297533,427,950
296157,297112,297542,430,955
296157,297116,297546,430,959
296157,297113,297548,435,956
296157,297120,297548,428,963
296157,297118,297556,438,961
296157,297114,297575,461,957
296157,297126,297581,455,969
296157,297126,297581,455,969
296157,297121,297586,465,964
296157,297121,297588,467,964
296157,297124,297591,467,967
296157,297124,297600,476,967
296157,297125,297610,485,968
296157,297117,297622,505,960
296157,297130,297629,499,973
296157,297129,297632,503,972
296158,297500,297930,430,1342
296158,297487,297953,466,1329
296158,297532,297967,435,1374
296158,297533,297968,435,1375
296158,297542,297975,433,1384
296158,297581,298042,461,1423
296158,297557,298044,487,1399
296158,297600,298046,446,1442
296158,297623,298047,424,1465
296158,297591,298047,456,1433
296158,297610,298065,455,1452
296158,297549,298073,524,1391
296158,297587,298085,498,1429
296158,297549,298086,537,1391
296158,297588,298094,506,1430
296158,297547,298101,554,1389
296158,297632,298105,473,1474
296158,297581,298108,527,1423
296158,297629,298112,483,1471
296158,297576,298117,541,1418
296156,297102,298134,1032,946
296157,297163,298149,986,1006
296157,297184,298164,980,1027
296157,297154,298179,1025,997
296157,297136,298182,1046,979
296157,297150,298198,1048,993
296157,297200,298237,1037,1043
296157,297200,298248,1048,1043
296157,297179,298250,1071,1022
296157,297184,298271,1087,1027
296157,297175,298298,1123,1018
296157,297216,298300,1084,1059
296157,297250,298320,1070,1093
296158,297259,298328,1069,1101
296157,297206,298345,1139,1049
296158,297258,298359,1101,1100
296159,297930,298365,435,1771
296158,297282,298367,1085,1124
296158,297330,298368,1038,1172
296158,297271,298370,1099,1113
296158,297294,298371,1077,1136
296158,297324,298379,1055,1166
296159,297968,298393,425,1809
296158,297337,298402,1065,1179
296159,297969,298403,434,1810
296159,297976,298402,426,1817
296159,297954,298407,453,1795
296157,297225,298422,1197,1068
296158,297323,298449,1126,1165
296159,298043,298490,447,1884
296159,298066,298531,465,1907
296159,298048,298539,491,1889
296159,298095,298543,448,1936
296159,298109,298543,434,1950
296159,298087,298546,459,1928
296159,298044,298561,517,1885
296159,298085,298576,491,1926
296159,298113,298576,463,1954
296159,298106,298576,470,1947
296159,298102,298576,474,1943
296159,298074,298589,515,1915
296159,298048,298591,543,1889
296159,298046,298596,550,1887
296159,298118,298603,485,1959
296160,298366,298797,431,2206
296160,298393,298822,429,2233
296160,298403,298832,429,2243
296160,298403,298836,433,2243
296160,298408,298836,428,2248
296160,298491,298922,431,2331
296160,298532,298964,432,2372
296160,298539,298970,431,2379
296160,298544,299030,486,2384
296160,298546,299030,484,2386
296160,298577,299031,454,2417
296160,298561,299031,470,2401
296160,298577,299032,455,2417
296161,298603,299065,462,2442
296160,298544,299067,523,2384
296161,298597,299069,472,2436
296161,298590,299076,486,2429
296160,298576,299077,501,2416
296160,298576,299078,502,2416
296161,298591,299086,495,2430
296159,298135,299094,959,1976
296159,298150,299097,947,1991
296159,298164,299118,954,2005
296159,298183,299137,954,2024
296159,298237,299221,984,2078
296161,298797,299232,435,2636
296161,298822,299252,430,2661
296159,298198,299260,1062,2039
296159,298250,299261,1011,2091
296161,298833,299277,444,2672
296161,298837,299283,446,2676
296161,298837,299292,455,2676
296159,298271,299299,1028,2112
296159,298249,299302,1053,2090
296160,298298,299309,1011,2138
296159,298180,299310,1130,2021
296160,298300,299313,1013,2140
296160,298380,299336,956,2220
296161,298922,299360,438,2761
296160,298329,299378,1049,2169
296160,298345,299388,1043,2185
296161,298964,299396,432,2803
296161,298970,299409,439,2809
296160,298422,299417,995,2262
296160,298372,299417,1045,2212
296160,298371,299424,1053,2211
296160,298321,299428,1107,2161
296160,298360,299438,1078,2200
296160,298368,299438,1070,2208
296160,298367,299446,1079,2207
296160,298403,299451,1048,2243
296160,298449,299464,1015,2289
296161,299068,299508,440,2907
296161,299032,299508,476,2871
296161,299079,299519,440,2918
296161,299031,299529,498,2870
296161,299032,299530,498,2871
296161,299070,299533,463,2909
296161,299066,299535,469,2905
296161,299078,299552,474,2917
296161,299032,299552,520,2871
296161,299031,299554,523,2870
296161,299086,299556,470,2925
296161,299077,299563,486,2916
296161,299233,299687,454,3072
296161,299253,299701,448,3092
296162,299278,299724,446,3116
296162,299283,299729,446,3121
296162,299292,299730,438,3130
296162,299361,299793,432,3199
296162,299397,299833,436,3235
296162,299409,299843,434,3247
296162,299509,299964,455,3347
296163,299557,299980,423,3394
296162,299531,299982,451,3369
296163,299534,299983,449,3371
296163,299552,299987,435,3389
296163,299553,299996,443,3390
296162,299509,300017,508,3347
296162,299519,300018,499,3357
296162,299529,300019,490,3367
296163,299554,300025,471,3391
296163,299563,300031,468,3400
296163,299535,300031,496,3372
296163,299687,300121,434,3524
296161,299094,300132,1038,2933
296163,299701,300137,436,3538
296161,299098,300136,1038,2937
296163,299730,300159,429,3567
296163,299724,300163,439,3561
296161,299138,300176,1038,2977
296163,299730,300178,448,3567
296161,299118,300181,1063,2957
296163,299793,300232,439,3630
296161,299222,300255,1033,3061
296163,299834,300264,430,3671
296163,299843,300279,436,3680
296162,299303,300295,992,3141
296162,299337,300310,973,3175
296162,299301,300317,1016,3139
296162,299261,300336,1075,3099
296162,299389,300343,954,3227
296162,299261,300343,1082,3099
296162,299311,300378,1067,3149
296162,299310,300386,1076,3148
296162,299418,300395,977,3256
296162,299314,300402,1088,3152
296162,299439,300412,973,3277
296163,299965,300418,453,3802
296162,299446,300423,977,3284
296162,299425,300424,999,3263
296163,299983,300446,463,3820
296163,299984,300466,482,3821
296162,299418,300469,1051,3256
296163,300031,300486,455,3868
296162,299428,300485,1057,3266
296162,299438,300499,1061,3276
296163,299981,300504,523,3818
296163,299987,300505,518,3824
296163,300026,300516,490,3863
296163,300019,300518,499,3856
296163,300032,300530,498,3869
296163,299996,300531,535,3833
296163,300019,300531,512,3856
296162,299465,300549,1084,3303
296162,299379,300561,1182,3217
296162,299451,300571,1120,3289
296163,300122,300580,458,3959
296163,300137,300593,456,3974
296163,300018,300595,577,3855
296164,300163,300600,437,3999
296164,300160,300602,442,3996
296164,300178,300612,434,4014
296164,300232,300663,431,4068
296164,300265,300699,434,4101
296164,300280,300714,434,4116
296164,300419,300905,486,4255
296165,300506,300973,467,4341
296165,300519,300989,470,4354
296165,300531,300989,458,4366
296164,300467,301018,551,4303
296165,300531,301021,490,4366
296165,300505,301028,523,4340
296165,300581,301028,447,4416
296165,300603,301027,424,4438
296165,300516,301029,513,4351
296165,300601,301032,431,4436
296164,300447,301041,594,4283
296164,300486,301050,564,4322
296165,300531,301056,525,4366
296165,300594,301057,463,4429
296165,300596,301064,468,4431
296165,300613,301068,455,4448
296165,300663,301108,445,4498
296165,300700,301142,442,4535
296163,300137,301152,1015,3974
296165,300715,301157,442,4550
296163,300132,301160,1028,3969
296164,300256,301275,1019,4092
296164,300177,301302,1125,4013
296164,300181,301310,1129,4017
296164,300344,301317,973,4180
296165,300906,301350,444,4741
296164,300311,301357,1046,4147
296164,300296,301377,1081,4132
296164,300387,301380,993,4223
296164,300337,301385,1048,4173
296164,300412,301394,982,4248
296164,300318,301409,1091,4154
296164,300379,301413,1034,4215
296165,300974,301413,439,4809
296165,300989,301418,429,4824
296164,300344,301426,1082,4180
296165,300990,301428,438,4825
296164,300396,301433,1037,4232
296164,300403,301458,1055,4239
296165,301030,301466,436,4865
296165,301019,301476,457,4854
296165,301028,301479,451,4863
296165,301028,301481,453,4863
296165,301028,301485,457,4863
296165,301022,301485,463,4857
296166,301065,301495,430,4899
296166,301058,301501,443,4892
296166,301069,301508,439,4903
296166,301041,301510,469,4875
296165,301033,301510,477,4868
296166,301057,301511,454,4891
296166,301051,301516,465,4885
296166,301108,301536,428,4942
296164,300423,301544,1121,4259
296165,300562,301570,1008,4397
296164,300425,301576,1151,4261
296164,300470,301581,1111,4306
296166,301142,301583,441,4976
296166,301157,301612,455,4991
296164,300499,301618,1119,4335
296164,300486,301618,1132,4322
296165,300549,301636,1087,4384
296165,300572,301662,1090,4407
296166,301350,301791,441,5184
296166,301419,301842,423,5253
296166,301414,301853,439,5248
296166,301429,301869,440,5263
296167,301482,301912,430,5315
296167,301466,301915,449,5299
296167,301477,301919,442,5310
296167,301480,301921,441,5313
296167,301486,301928,442,5319
296167,301486,301939,453,5319
296167,301513,301940,427,5346
296167,301495,301954,459,5328
296167,301509,301961,452,5342
296167,301510,301963,453,5343
296167,301517,301970,453,5350
296167,301502,301977,475,5335
296167,301536,301989,453,5369
296167,301511,301997,486,5344
296167,301583,302017,434,5416
296167,301613,302054,441,5446
296166,301152,302157,1005,4986
296166,301161,302185,1024,4995
296167,301792,302239,447,5625
296167,301842,302267,425,5675
296167,301853,302295,442,5686
296167,301870,302318,448,5703
296166,301310,302318,1008,5144
296166,301275,302337,1062,5109
296166,301304,302348,1044,5138
296166,301318,302352,1034,5152
296166,301380,302370,990,5214
296166,301358,302377,1019,5192
296168,301916,302382,466,5748
296168,301913,302387,474,5745
296168,301921,302388,467,5753
296168,301920,302393,473,5752
296168,301928,302402,474,5760
296166,301377,302403,1026,5211
296166,301386,302403,1017,5220
296168,301940,302420,480,5772
296168,301990,302423,433,5822
296166,301409,302423,1014,5243
296166,301413,302428,1015,5247
296168,301955,302429,474,5787
296168,301978,302430,452,5810
296168,301963,302446,483,5795
296168,301962,302447,485,5794
296168,301971,302453,482,5803
296168,301997,302464,467,5829
296166,301434,302482,1048,5268
296168,301939,302503,564,5771
296168,302018,302518,500,5850
296166,301395,302520,1125,5229
296166,301458,302521,1063,5292
296168,302055,302527,472,5887
296166,301427,302544,1117,5261
296167,301545,302551,1006,5378
296167,301582,302593,1011,5415
296167,301571,302611,1040,5404
296167,301576,302639,1063,5409
296167,301618,302653,1035,5451
296167,301637,302669,1032,5470
296168,302239,302693,454,6071
296168,302268,302696,428,6100
296167,301619,302722,1103,5452
296167,301663,302733,1070,5496
296168,302296,302745,449,6128
296169,302319,302758,439,6150
296169,302382,302838,456,6213
296169,302393,302854,461,6224
296169,302388,302859,471,6219
296169,302403,302884,481,6234
296169,302420,302894,474,6251
296169,302388,302911,523,6219
296169,302429,302922,493,6260
296169,302423,302940,517,6254
296169,302453,302958,505,6284
296169,302447,302964,517,6278
296170,302528,302976,448,6358
296170,302518,302980,462,6348
296169,302431,302988,557,6262
296169,302447,302988,541,6278
296170,302504,302990,486,6334
296170,302465,302993,528,6295
296170,302694,303144,450,6524
296170,302697,303147,450,6527
296168,302158,303182,1024,5990
296170,302745,303186,441,6575
296168,302185,303199,1014,6017
296170,302758,303204,446,6588
296170,302854,303276,422,6684
296170,302839,303279,440,6669
296170,302860,303297,437,6690
296170,302885,303322,437,6715
296170,302895,303342,447,6725
296171,302911,303344,433,6740
296171,302923,303350,427,6752
296169,302349,303366,1017,6180
296171,302941,303380,439,6770
296169,302353,303384,1031,6184
296171,302964,303394,430,6793
296171,302959,303396,437,6788
296169,302319,303398,1079,6150
296171,302976,303409,433,6805
296169,302337,303416,1079,6168
296169,302371,303418,1047,6202
296171,302988,303418,430,6817
296171,302981,303432,451,6810
296169,302423,303436,1013,6254
296171,302989,303447,458,6818
296169,302404,303460,1056,6235
296171,302993,303468,475,6822
296171,302990,303471,481,6819
296169,302404,303474,1070,6235
296169,302378,303487,1109,6209
296170,302520,303524,1004,6350
296169,302429,303530,1101,6260
296170,302521,303560,1039,6351
296170,302545,303563,1018,6375
296171,303148,303588,440,6977
296170,302483,303589,1106,6313
296171,303145,303593,448,6974
296170,302552,303608,1056,6382
296171,303187,303626,439,7016
296171,303204,303626,422,7033
296170,302594,303643,1049,6424
296170,302612,303645,1033,6442
296170,302640,303648,1008,6470
296170,302654,303691,1037,6484
296170,302670,303704,1034,6500
296171,303276,303712,436,7105
296171,303279,303724,445,7108
296171,303298,303748,450,7127
296171,303323,303770,447,7152
296170,302722,303773,1051,6552
296171,303343,303781,438,7172
296170,302733,303784,1051,6563
296171,303350,303802,452,7179
296171,303344,303815,471,7173
296172,303395,303829,434,7223
296172,303397,303852,455,7225
296172,303381,303856,475,7209
296172,303409,303864,455,7237
296172,303433,303906,473,7261
296172,303471,303907,436,7299
296172,303447,303908,461,7275
296172,303419,303911,492,7247
296172,303469,303913,444,7297
296172,303589,304027,438,7417
296172,303593,304041,448,7421
296173,303627,304068,441,7454
296173,303627,304075,448,7454
296173,303724,304158,434,7551
296173,303713,304159,446,7540
296171,303182,304161,979,7011
296173,303749,304202,453,7576
296173,303771,304224,453,7598
296173,303782,304227,445,7609
296171,303200,304241,1041,7029
296173,303803,304245,442,7630
296173,303816,304265,449,7643
296173,303830,304280,450,7657
296173,303852,304283,431,7679
296173,303864,304290,426,7691
296173,303857,304306,449,7684
296173,303907,304349,442,7734
296174,303911,304351,440,7737
296173,303909,304351,442,7736
296174,303913,304360,447,7739
296173,303908,304361,453,7735
296172,303418,304416,998,7246
296172,303385,304427,1042,7213
296172,303437,304459,1022,7265
296171,303367,304459,1092,7196
296172,303417,304460,1043,7245
296172,303398,304467,1069,7226
296174,304028,304476,448,7854
296174,304042,304483,441,7868
296172,303525,304505,980,7353
296174,304069,304513,444,7895
296172,303474,304519,1045,7302
296172,303461,304522,1061,7289
296174,304076,304525,449,7902
296172,303561,304537,976,7389
296172,303489,304545,1056,7317
296174,304160,304587,427,7986
296172,303530,304590,1060,7358
296174,304159,304592,433,7985
296173,303609,304605,996,7436
296173,303646,304638,992,7473
296174,304224,304650,426,8050
296174,304228,304662,434,8054
296174,304203,304667,464,8029
296174,304246,304680,434,8072
296173,303643,304685,1042,7470
296174,304266,304696,430,8092
296173,303704,304700,996,7531
296172,303590,304702,1112,7418
296174,304283,304723,440,8109
296173,303692,304725,1033,7519
296172,303564,304728,1164,7392
296174,304281,304728,447,8107
296174,304291,304729,438,8117
296174,304307,304742,435,8133
296174,304352,304786,434,8178
296174,304350,304792,442,8176
296174,304361,304794,433,8187
296174,304362,304797,435,8188
296174,304352,304800,448,8178
296173,303648,304810,1162,7475
296173,303785,304853,1068,7612
296173,303774,304861,1087,7601
296175,304476,304910,434,8301
296175,304483,304922,439,8308
296175,304514,304947,433,8339
296175,304526,304966,440,8351
296175,304592,305026,434,8417
296175,304588,305039,451,8413
296175,304650,305099,449,8475
296175,304663,305104,441,8488
296176,304667,305107,440,8491
296176,304680,305116,436,8504
296176,304696,305129,433,8520
296176,304724,305154,430,8548
296176,304729,305162,433,8553
296176,304742,305165,423,8566
296176,304730,305166,436,8554
296174,304162,305199,1037,7988
296176,304792,305216,424,8616
296176,304786,305221,435,8610
296176,304795,305227,432,8619
296176,304801,305228,427,8625
296176,304798,305233,435,8622
296174,304241,305245,1004,8067
296176,304910,305342,432,8734
296176,304922,305349,427,8746
296176,304947,305383,436,8771
296177,304967,305400,433,8790
296174,304417,305419,1002,8243
296175,304506,305431,925,8331
296175,304428,305448,1020,8253
296177,305027,305462,435,8850
296177,305040,305471,431,8863
296175,304522,305474,952,8347
296175,304461,305503,1042,8286
296175,304519,305511,992,8344
296175,304467,305518,1051,8292
296175,304537,305519,982,8362
296175,304460,305519,1059,8285
296177,305108,305532,424,8931
296177,305099,305533,434,8922
296177,305105,305534,429,8928
296177,305130,305554,424,8953
296175,304606,305563,957,8431
296177,305117,305565,448,8940
296175,304590,305592,1002,8415
296177,305163,305594,431,8986
296177,305165,305594,429,8988
296177,305155,305602,447,8978
296177,305166,305603,437,8989
296175,304459,305616,1157,8284
296175,304546,305623,1077,8371
296177,305222,305653,431,9045
296177,305217,305658,441,9040
296177,305228,305664,436,9051
296177,305234,305663,429,9057
296177,305229,305670,441,9052
296176,304685,305690,1005,8509
296175,304638,305727,1089,8463
296176,304700,305751,1051,8524
296176,304726,305773,1047,8550
296177,305342,305779,437,9165
296178,305349,305786,437,9171
296176,304703,305792,1089,8527
296178,305384,305810,426,9206
296178,305401,305827,426,9223
296176,304862,305863,1001,8686
296176,304729,305874,1145,8553
296176,304853,305889,1036,8677
296178,305471,305903,432,9293
296178,305462,305913,451,9284
296176,304811,305918,1107,8635
296178,305532,305963,431,9354
296178,305534,305972,438,9356
296178,305533,305981,448,9355
296178,305555,305988,433,9377
296178,305566,305997,431,9388
296179,305595,306035,440,9416
296179,305603,306041,438,9424
296179,305595,306041,446,9416
296179,305603,306045,442,9424
296179,305654,306092,438,9475
296179,305664,306098,434,9485
296179,305659,306105,446,9480
296179,305664,306105,441,9485
296179,305670,306108,438,9491
296177,305199,306188,989,9022
296179,305780,306221,441,9601
296179,305787,306232,445,9608
296179,305811,306241,430,9632
296177,305246,306246,1000,9069
296179,305827,306265,438,9648
296180,305904,306338,434,9724
296180,305914,306359,445,9734
296180,305964,306396,432,9784
296180,305973,306410,437,9793
296180,305982,306425,443,9802
296178,305420,306425,1005,9242
296180,305989,306426,437,9809
296180,305998,306430,432,9818
296178,305475,306472,997,9297
296180,306042,306473,431,9862
296180,306042,306473,431,9862
296178,305449,306474,1025,9271
296180,306035,306476,441,9855
296178,305432,306480,1048,9254
296180,306046,306483,437,9866
296178,305520,306505,985,9342
296178,305512,306514,1002,9334
296180,306092,306521,429,9912
296178,305564,306522,958,9386
296181,306233,306523,290,10052
296178,305519,306532,1013,9341
296180,306109,306536,427,9929
296180,306106,306542,436,9926
296180,306099,306544,445,9919
296180,306105,306548,443,9925
296178,305520,306567,1047,9342
296178,305504,306569,1065,9326
296178,305593,306582,989,9415
296181,306221,306664,443,10040
296181,306242,306674,432,10061
296181,306266,306703,437,10085
296179,305617,306742,1125,9438
296179,305727,306754,1027,9548
296179,305623,306758,1135,9444
296179,305690,306773,1083,9511
296181,306338,306773,435,10157
296181,306359,306786,427,10178
296181,306396,306824,428,10215
296181,306410,306846,436,10229
296181,306427,306851,424,10246
296179,305774,306852,1078,9595
296179,305751,306851,1100,9572
296181,306425,306853,428,10244
296180,305864,306860,996,9684
296181,306431,306868,437,10250
296180,305889,306878,989,9709
296181,306473,306902,429,10292
296181,306474,306903,429,10293
296181,306477,306908,431,10296
296181,306483,306910,427,10302
296182,306521,306937,416,10339
296179,305793,306950,1157,9614
296180,305875,306995,1120,9695
296180,305919,307014,1095,9739
296181,306189,307181,992,10008
296181,306247,307290,1043,10066
296181,306426,307362,936,10245
296181,306472,307433,961,10291
296182,306506,307463,957,10324
296181,306480,307471,991,10299
296182,306522,307494,972,10340
296181,306474,307514,1040,10293
296182,306515,307539,1024,10333
307556,307556,307976,420,0
307556,307556,307980,424,0
307556,307556,307981,425,0
307556,307556,307980,424,0
307556,307556,307997,441,0
307556,307556,308003,447,0
307556,307556,308005,449,0
307556,307556,308006,450,0
307556,307556,308006,450,0
307556,307556,308008,452,0
307556,307556,308010,454,0
307556,307556,308015,459,0
307556,307556,308019,463,0
307556,307556,308024,468,0
307556,307556,308028,472,0
307556,307556,308029,473,0
307556,307556,308030,474,0
307556,307556,308035,479,0
307556,307556,308035,479,0
307556,307556,308037,481,0
307557,307977,308427,450,420
307557,307980,308435,455,423
307557,308020,308445,425,463
307557,308025,308453,428,468
307557,308004,308452,448,447
307557,308007,308452,445,450
307558,308037,308452,415,479
307557,307981,308478,497,424
307557,307997,308486,489,440
307557,308005,308487,482,448
307557,307557,308501,944,0
307558,308029,308503,474,471
307557,308016,308507,491,459
307558,308036,308507,471,478
307557,307557,308525,968,0
307556,307556,308533,977,0
307558,308031,308535,504,473
307557,308009,308542,533,452
307557,308007,308556,549,450
307558,308030,308557,527,472
307556,307556,308561,1005,0
307557,307557,308571,1014,0
307558,308035,308571,536,477
307557,307557,308575,1018,0
307557,308011,308586,575,454
307557,307557,308594,1037,0
307556,307556,308646,1090,0
307556,307556,308650,1094,0
307557,307981,308655,674,424
307557,307557,308666,1109,0
307557,307557,308679,1122,0
307556,307556,308682,1126,0
307556,307557,308683,1126,1
307557,307557,308685,1128,0
307557,307557,308686,1129,0
307557,307557,308688,1131,0
307557,307557,308697,1140,0
307557,307557,308703,1146,0
307557,307557,308710,1153,0
307556,307556,308716,1160,0
307557,307557,308724,1167,0
307557,307557,308728,1171,0
307556,307557,308729,1172,1
307556,307556,308731,1175,0
307558,308428,308920,492,870
307558,308446,308950,504,888
307558,308436,308968,532,878
307558,308453,308983,530,895
307558,308487,308992,505,929
307558,308453,309017,564,895
307558,308508,309044,536,950
307558,308556,309054,498,998
307558,308453,309079,626,895
307558,308453,309113,660,895
307558,308542,309113,571,984
307559,308587,309115,528,1028
307558,308571,309116,545,1013
307558,308478,309123,645,920
307558,308504,309125,621,946
307558,308488,309130,642,930
307558,308508,309130,622,950
307558,308557,309133,576,999
307558,308535,309138,603,977
307559,308655,309142,487,1096
307559,308921,309348,427,1362
307559,308951,309373,422,1392
307559,308968,309386,418,1409
307559,308983,309415,432,1424
307559,308992,309420,428,1433
307559,309018,309435,417,1459
307559,309045,309464,419,1486
307559,309055,309482,427,1496
307560,309079,309498,419,1519
307560,309114,309536,422,1554
307560,309116,309543,427,1556
307560,309130,309550,420,1570
307560,309114,309550,436,1554
307560,309115,309550,435,1555
307560,309125,309563,438,1565
307560,309134,309576,442,1574
307560,309130,309585,455,1570
307560,309139,309588,449,1579
307560,309124,309589,465,1564
307560,309143,309589,446,1583
307558,308533,309613,1080,975
307558,308562,309643,1081,1004
307558,308502,309648,1146,944
307559,308732,309654,922,1173
307558,308571,309658,1087,1013
307559,308576,309667,1091,1017
307558,308525,309667,1142,967
307559,308646,309670,1024,1087
307559,308710,309687,977,1151
307559,308728,309712,984,1169
307559,308683,309723,1040,1124
307559,308729,309725,996,1170
307559,308595,309728,1133,1036
307559,308687,309735,1048,1128
307559,308724,309741,1017,1165
307559,308698,309754,1056,1139
307559,308716,309758,1042,1157
307559,308704,309762,1058,1145
307559,308679,309762,1083,1120
307559,308688,309769,1081,1129
307559,308666,309780,1114,1107
307560,309348,309781,433,1788
307559,308651,309782,1131,1092
307559,308686,309789,1103,1127
307560,309374,309801,427,1814
307560,309387,309808,421,1827
307559,308683,309837,1154,1124
307560,309416,309841,425,1856
307560,309421,309845,424,1861
307560,309436,309861,425,1876
307560,309465,309894,429,1905
307560,309483,309913,430,1923
307560,309499,309939,440,1939
307560,309536,309968,432,1976
307560,309544,309987,443,1984
307560,309550,309997,447,1990
307560,309551,309999,448,1991
307560,309551,310006,455,1991
307561,309590,310008,418,2029
307561,309590,310011,421,2029
307560,309564,310018,454,2004
307560,309586,310020,434,2026
307560,309576,310023,447,2016
307560,309588,310025,437,2028
307561,309782,310219,437,2221
307561,309809,310230,421,2248
307561,309802,310240,438,2241
307561,309842,310269,427,2281
307561,309846,310276,430,2285
307562,309861,310292,431,2299
307562,309894,310323,429,2332
307562,309914,310342,428,2352
307562,309940,310365,425,2378
307562,309970,310399,429,2408
307562,309988,310408,420,2426
307562,309997,310423,426,2435
307562,309999,310431,432,2437
307562,310008,310435,427,2446
307562,310012,310435,423,2450
307562,310006,310435,429,2444
307562,310018,310441,423,2456
307562,310021,310448,427,2459
307562,310024,310450,426,2462
307562,310026,310460,434,2464
307561,309613,310612,999,2052
307561,309668,310635,967,2107
307562,310220,310639,419,2658
307561,309656,310646,990,2095
307561,309659,310653,994,2098
307562,310231,310655,424,2669
307561,309671,310656,985,2110
307561,309643,310661,1018,2082
307561,309649,310663,1014,2088
307562,310240,310674,434,2678
307562,310269,310689,420,2707
307561,309667,310690,1023,2106
307562,310276,310693,417,2714
307561,309687,310714,1027,2126
307561,309728,310723,995,2167
307562,310292,310724,432,2730
307561,309723,310728,1005,2162
307561,309769,310729,960,2208
307561,309725,310729,1004,2164
307561,309735,310734,999,2174
307562,310324,310746,422,2762
307561,309713,310750,1037,2152
307562,310343,310763,420,2781
307561,309781,310765,984,2220
307561,309755,310774,1019,2194
307561,309742,310795,1053,2181
307562,310366,310800,434,2804
307561,309763,310802,1039,2202
307561,309762,310804,1042,2201
307562,310400,310816,416,2838
307561,309783,310823,1040,2222
307561,309790,310838,1048,2229
307562,310409,310842,433,2847
307561,309838,310845,1007,2277
307561,309759,310847,1088,2198
307562,310424,310856,432,2862
307563,310436,310857,421,2873
307562,310432,310858,426,2870
307562,310436,310862,426,2874
307563,310436,310862,426,2873
310990,310990,310991,1,0
310990,310990,310991,1,0
310989,310989,310991,2,0
310989,310989,310992,3,0
310990,310990,310992,2,0
310990,310991,310992,1,1
310989,310989,311028,39,0
310989,310989,311029,40,0
310990,311028,311030,2,38
310989,310989,311031,42,0
310989,310989,311030,41,0
310989,310989,311032,43,0
310989,310989,311032,43,0
310989,310989,311032,43,0
310989,310989,311033,44,0
310989,310989,311033,44,0
310989,310989,311033,44,0
310989,310989,311034,45,0
310989,310989,311036,47,0
310989,310989,311037,48,0
310989,310989,311040,51,0
310989,310989,311040,51,0
310990,310992,311043,51,2
310989,310989,311044,55,0
310989,310989,311045,56,0
310990,310993,311045,52,3
310991,311034,311045,11,43
310989,310989,311047,58,0
310991,311032,311047,15,41
310991,311035,311047,12,44
310989,310990,311057,67,1
310990,310991,311057,66,1
310990,310990,311059,69,0
310990,310990,311059,69,0
310989,310989,311059,70,0
310990,310990,311060,70,0
310990,310990,311060,70,0
310990,310990,311061,71,0
310990,310991,311061,70,1
310990,310990,311060,70,0
310990,310990,311062,72,0
310989,310989,311061,72,0
310991,311060,311061,1,69
310990,310990,311062,72,0
310989,310989,311064,75,0
310991,311060,311064,4,69
310990,310990,311064,74,0
310990,310990,311064,74,0
310992,311063,311067,4,71
310990,310993,311070,77,3
310989,310990,311074,84,1
310990,310990,311075,85,0
310990,310990,311076,86,0
310990,310990,311077,87,0
310990,310990,311077,87,0
310990,310990,311077,87,0
310992,311065,311077,12,73
310990,310990,311078,88,0
310992,311064,311078,14,72
310990,311029,311079,50,39
310990,311030,311079,49,40
310992,311075,311080,5,83
310992,311078,311081,3,86
310990,311031,311081,50,41
310992,311079,311083,4,87
310991,311034,311083,49,43
310991,311041,311084,43,50
310992,311081,311084,3,89
310991,311032,311083,51,41
310991,311043,311084,41,52
310990,311032,311084,52,42
310991,311036,311084,48,45
310991,311033,311084,51,42
310991,311038,311086,48,47
310992,311084,311085,1,92
310991,311034,311085,51,43
310991,311041,311086,45,50
310991,311046,311087,41,55
310993,311085,311086,1,92
310992,311084,311086,2,92
310991,311048,311089,41,57
310993,311086,311089,3,93
310993,311086,311089,3,93
310991,311045,311092,47,54
310993,311090,311092,2,97
310991,311046,311092,46,55
310993,311087,311092,5,94
310991,311045,311094,49,54
310993,311089,311094,5,96
310993,311093,311095,2,100
310993,311093,311095,2,100
310993,311095,311099,4,102
310991,311048,311100,52,57
310991,311048,311099,51,57
310993,311099,311100,1,106
310993,311100,311101,1,107
310991,311057,311124,67,66
310992,311080,311125,45,88
310992,311080,311125,45,88
310992,311081,311129,48,89
310994,311126,311129,3,132
310993,311085,311131,46,92
310993,311085,311132,47,92
310992,311084,311132,48,92
310992,311084,311132,48,92
310993,311086,311132,46,93
310994,311131,311133,2,137
310993,311087,311133,46,94
310993,311086,311133,47,93
310991,311060,311133,73,69
310993,311092,311134,42,99
310994,311133,311134,1,139
310991,311061,311134,73,70
310994,311133,311135,2,139
310994,311134,311135,1,140
310991,311057,311135,78,66
310993,311089,311135,46,96
310991,311061,311135,74,70
310992,311063,311136,73,71
310994,311135,311136,1,141
310991,311059,311141,82,68
310992,311063,311144,81,71
310993,311102,311145,43,109
310993,311093,311145,52,100
310993,311087,311146,59,94
310993,311095,311147,52,102
310993,311100,311150,50,107
310993,311101,311150,49,108
310993,311094,311154,60,101
310992,311074,311159,85,82
310992,311080,311163,83,88
310991,311061,311164,103,70
310992,311077,311164,87,85
310992,311063,311167,104,71
310992,311084,311173,89,92
310992,311077,311174,97,85
310992,311078,311174,96,86
310993,311094,311178,84,101
310992,311065,311179,114,73
310991,311060,311179,119,69
310992,311078,311179,101,86
310992,311065,311183,118,73
310992,311067,311183,116,75
310992,311071,311184,113,79
310992,311078,311186,108,86
310992,311084,311186,102,92
310993,311125,311186,61,132
310994,311146,311186,40,152
310994,311147,311186,39,153
310995,311160,311187,27,165
310995,311165,311187,22,170
310994,311136,311187,51,142
310995,311179,311189,10,184
310994,311132,311189,57,138
310995,311183,311191,8,188
310995,311187,311191,4,192
310994,311134,311191,57,140
310995,311190,311192,2,195
310995,311187,311191,4,192
310993,311125,311199,74,132
310994,311133,311206,73,139
310994,311136,311208,72,142
310996,311208,311210,2,212
310994,311130,311213,83,136
310994,311134,311216,82,140
310994,311135,311226,91,141
310994,311136,311226,90,142
310994,311147,311226,79,153
310994,311136,311227,91,142
310995,311151,311226,75,156
310994,311145,311228,83,151
310994,311150,311227,77,156
310994,311135,311227,92,141
310996,311226,311227,1,230
310996,311228,311230,2,232
310995,311179,311230,51,184
310995,311187,311233,46,192
310995,311187,311235,48,192
310995,311187,311235,48,192
310994,311131,311236,105,137
310996,311227,311238,11,231
310996,311192,311238,46,196
310996,311192,311240,48,196
310996,311199,311241,42,203
310995,311155,311242,87,160
310996,311228,311242,14,232
310996,311235,311241,6,239
310994,311136,311245,109,142
310994,311134,311246,112,140
310994,311141,311249,108,147
310997,311246,311250,4,249
310995,311165,311250,85,170
310994,311137,311253,116,143
310995,311167,311254,87,172
310994,311136,311255,119,142
310995,311187,311257,70,192
310996,311207,311258,51,211
310995,311180,311262,82,185
310996,311210,311265,55,214
310996,311213,311266,53,217
310996,311217,311270,53,221
310995,311175,311270,95,180
310995,311174,311272,98,179
310995,311175,311273,98,180
310994,311144,311276,132,150
310997,311255,311276,21,258
310995,311187,311280,93,192
310995,311164,311281,117,169
310996,311192,311281,89,196
310997,311242,311283,41,245
310995,311187,311282,95,192
310995,311184,311284,100,189
310996,311227,311287,60,231
310996,311226,311289,63,230
310996,311227,311290,63,231
310996,311228,311289,61,232
310995,311180,311291,111,185
310995,311189,311292,103,194
310997,311242,311294,52,245
310997,311240,311297,57,243
310995,311185,311299,114,190
310996,311239,311300,61,243
310996,311230,311301,71,234
310996,311228,311303,75,232
310997,311242,311303,61,245
310996,311233,311306,73,237
310997,311277,311307,30,280
310996,311231,311307,76,235
310997,311242,311307,65,245
310996,311238,311307,69,242
310995,311192,311310,118,197
310998,311301,311311,10,303
310996,311237,311310,73,241
310995,311192,311310,118,197
310998,311283,311311,28,285
310998,311294,311311,17,296
310998,311308,311311,3,310
310999,311312,311313,1,313
310999,311311,311312,1,312
310999,311313,311314,1,314
310999,311313,311314,1,314
310997,311265,311332,67,268
310997,311258,311334,76,261
310996,311237,311337,100,241
310997,311267,311343,76,270
310997,311250,311345,95,253
310999,311345,311347,2,346
310998,311290,311349,59,292
310998,311287,311349,62,289
310997,311247,311349,102,250
310999,311308,311350,42,309
310998,311290,311353,63,292
310999,311312,311353,41,313
310999,311311,311353,42,312
310998,311304,311354,50,306
310998,311304,311354,50,306
310999,311312,311356,44,313
310998,311298,311355,57,300
310998,311290,311356,66,292
310997,311250,311355,105,253
310998,311306,311357,51,308
311000,311354,311357,3,354
310997,311271,311360,89,274
310997,311254,311360,106,257
310999,311314,311360,46,315
311000,311354,311361,7,354
311000,311356,311361,5,356
311000,311356,311360,4,356
310999,311315,311360,45,316
310998,311302,311361,59,304
310999,311349,311361,12,350
311000,311360,311362,2,360
311000,311361,311362,1,361
311000,311361,311363,2,361
311000,311361,311365,4,361
310997,311250,311366,116,253
310997,311256,311365,109,259
311001,311366,311370,4,365
310997,311263,311371,108,266
310998,311292,311376,84,294
310997,311257,311376,119,260
310998,311282,311377,95,284
310999,311332,311378,46,333
310997,311272,311378,106,275
310997,311276,311378,102,279
310998,311285,311379,94,287
310997,311273,311379,106,276
311001,311378,311380,2,377
311001,311377,311380,3,376
310998,311283,311380,97,285
310998,311308,311381,73,310
311001,311379,311381,2,378
310998,311300,311382,82,302
310998,311293,311383,90,295
310999,311335,311383,48,336
310997,311274,311383,109,277
310997,311281,311384,103,284
310998,311307,311384,77,309
311002,311384,311385,1,382
311002,311382,311385,3,380
311002,311386,311388,2,384
310999,311344,311390,46,345
310999,311311,311393,82,312
311000,311351,311399,48,351
311000,311356,311400,44,356
311000,311354,311400,46,354
311000,311358,311400,42,358
311000,311356,311400,44,356
311000,311357,311400,43,357
310999,311349,311400,51,350
311000,311354,311404,50,354
311000,311361,311405,44,361
311000,311355,311405,50,355
311000,311361,311405,44,361
311000,311361,311410,49,361
310999,311338,311411,73,339
311001,311363,311412,49,362
311001,311362,311413,51,361
311000,311361,311414,53,361
311001,311363,311415,52,362
310999,311350,311420,70,351
310999,311348,311421,73,349
311000,311360,311428,68,360
311001,311381,311429,48,380
311001,311380,311431,51,379
311001,311365,311434,69,364
311002,311384,311434,50,382
311001,311371,311440,69,370
311002,311390,311440,50,388
310998,311282,311442,160,284
311001,311366,311443,77,365
311001,311376,311448,72,375
311002,311399,311449,50,397
311002,311400,311449,49,398
311001,311378,311449,71,377
311001,311370,311451,81,369
311002,311400,311451,51,398
311002,311407,311451,44,405
311002,311411,311452,41,409
311001,311378,311451,73,377
311002,311401,311452,51,399
311001,311379,311453,74,378
311002,311400,311453,53,398
311002,311401,311453,52,399
311003,311452,311454,2,449
311002,311401,311453,52,399
311002,311405,311454,49,403
311002,311384,311454,70,382
311002,311404,311460,56,402
311002,311383,311462,79,381
311002,311413,311464,51,411
311002,311406,311464,58,404
311002,311384,311467,83,382
311001,311381,311467,86,380
311001,311379,311468,89,378
311003,311415,311469,54,412
311003,311415,311471,56,412
311003,311454,311473,19,451
311002,311385,311474,89,383
311002,311389,311476,87,387
311001,311382,311477,95,381
311002,311394,311476,82,392
311004,311474,311478,4,470
311003,311414,311478,64,411
311003,311430,311481,51,427
311004,311470,311481,11,466
311001,311381,311483,102,380
311004,311479,311483,4,475
311003,311432,311484,52,429
311004,311481,311484,3,477
310999,311310,311485,175,311
311004,311483,311487,4,479
311002,311412,311494,82,410
311003,311421,311496,75,418
311003,311441,311497,56,438
311003,311435,311496,61,432
311005,311497,311499,2,492
311005,311497,311499,2,492
311003,311421,311506,85,418
311003,311452,311508,56,449
311005,311506,311509,3,501
311003,311429,311511,82,426
311003,311450,311512,62,447
311003,311452,311514,62,449
311003,311450,311515,65,447
311005,311512,311516,4,507
311003,311435,311517,82,432
311004,311454,311517,63,450
311005,311515,311516,1,510
311003,311453,311517,64,450
311004,311454,311518,64,450
311004,311461,311518,57,457
311004,311472,311518,46,468
311003,311441,311520,79,438
311004,311455,311521,66,451
311004,311464,311520,56,460
311004,311465,311522,57,461
311006,311521,311523,2,515
311004,311481,311524,43,477
311006,311522,311525,3,516
311005,311485,311525,40,480
311004,311454,311530,76,450
311003,311444,311530,86,441
311003,311450,311531,81,447
311003,311449,311532,83,446
311003,311454,311532,78,451
311004,311479,311533,54,475
311006,311531,311533,2,525
311005,311485,311532,47,480
311003,311443,311534,91,440
311006,311533,311535,2,527
311006,311532,311534,2,526
311006,311531,311535,4,525
311006,311535,311537,2,529
311006,311537,311539,2,531
311005,311497,311540,43,492
311004,311455,311541,86,451
311005,311499,311543,44,494
311004,311475,311545,70,471
311004,311468,311545,77,464
311007,311544,311546,2,537
311003,311451,311548,97,448
311004,311469,311549,80,465
311004,311468,311550,82,464
311003,311452,311550,98,449
311004,311477,311550,73,473
311005,311508,311551,43,503
311004,311477,311552,75,473
311004,311463,311553,90,459
311005,311513,311554,41,508
311005,311487,311555,68,482
311007,311555,311556,1,548
311005,311517,311558,41,512
311005,311485,311559,74,480
311005,311518,311559,41,513
311004,311484,311560,76,480
311004,311477,311560,83,473
311005,311519,311561,42,514
311005,311517,311561,44,512
311005,311518,311561,43,513
311006,311519,311562,43,513
311006,311521,311562,41,515
311007,311560,311562,2,553
311005,311516,311565,49,511
311005,311500,311565,65,495
311007,311561,311565,4,554
311007,311562,311565,3,555
311008,311563,311566,3,555
311008,311566,311567,1,558
311006,311521,311568,47,515
311008,311568,311570,2,560
311005,311495,311572,77,490
311006,311524,311572,48,518
311008,311569,311572,3,561
311006,311526,311575,49,520
311006,311533,311577,44,527
311006,311533,311577,44,527
311005,311509,311578,69,504
311008,311578,311580,2,570
311006,311526,311580,54,520
311008,311573,311580,7,565
311006,311533,311579,46,527
311006,311535,311580,45,529
311008,311581,311582,1,573
311005,311516,311583,67,511
311009,311583,311584,1,574
311006,311541,311585,44,535
311007,311547,311590,43,540
311005,311517,311592,75,512
311009,311593,311597,4,584
311006,311523,311596,73,517
311007,311551,311596,45,544
311007,311560,311600,40,553
311007,311556,311602,46,549
311008,311562,311603,41,554
311009,311603,311604,1,594
311007,311559,311604,45,552
311006,311539,311605,66,533
311007,311562,311606,44,555
311006,311531,311606,75,525
311007,311561,311606,45,554
311008,311562,311607,45,554
311006,311534,311610,76,528
311008,311566,311611,45,558
311008,311565,311614,49,557
311009,311612,311613,1,603
311006,311542,311614,72,536
311006,311536,311614,78,530
311007,311545,311616,71,538
311007,311545,311618,73,538
311008,311576,311620,44,568
311007,311549,311620,71,542
311007,311551,311620,69,544
311008,311580,311621,41,572
311008,311573,311620,47,565
311008,311580,311622,42,572
311008,311577,311622,45,569
311007,311550,311622,72,543
311008,311580,311625,45,572
311008,311580,311625,45,572
311010,311621,311625,4,611
311007,311551,311626,75,544
311007,311553,311626,73,546
311007,311549,311626,77,542
311007,311556,311627,71,549
311009,311583,311629,46,574
311007,311552,311629,77,545
311009,311586,311628,42,577
311009,311590,311631,41,581
311007,311560,311632,72,553
311008,311566,311635,69,558
311008,311572,311638,66,564
311009,311597,311639,42,588
311008,311567,311641,74,559
311009,311601,311641,40,592
311011,311640,311642,2,629
311008,311571,311644,73,563
311011,311642,311644,2,631
311009,311605,311645,40,596
311009,311604,311645,41,595
311009,311605,311647,42,596
311009,311607,311647,40,598
311011,311646,311647,1,635
311009,311606,311649,43,597
311009,311608,311649,41,599
311011,311649,311651,2,638
311009,311584,311651,67,575
311009,311614,311655,41,605
311008,311579,311655,76,571
311010,311614,311656,42,604
311010,311621,311662,41,611
311010,311620,311665,45,610
311010,311621,311666,45,611
311010,311622,311666,44,612
311010,311623,311666,43,613
311010,311625,311667,42,615
311012,311667,311669,2,655
311012,311666,311670,4,654
311009,311597,311670,73,588
311010,311626,311671,45,616
311012,311670,311671,1,658
311009,311597,311672,75,588
311011,311629,311672,43,618
311011,311631,311674,43,620
311012,311672,311673,1,660
311011,311629,311675,46,618
311012,311675,311676,1,663
311009,311606,311680,74,597
311009,311611,311681,70,602
311009,311606,311681,75,597
311010,311616,311682,66,606
311011,311641,311683,42,630
311010,311615,311684,69,605
311012,311681,311685,4,669
311010,311616,311686,70,606
311010,311619,311687,68,609
311011,311645,311687,42,634
311013,311687,311688,1,674
311011,311644,311688,44,633
311011,311648,311689,41,637
311011,311647,311689,42,636
311013,311688,311690,2,675
311013,311690,311691,1,677
311011,311648,311692,44,637
311011,311651,311692,41,640
311013,311693,311694,1,680
311011,311650,311694,44,639
311010,311623,311696,73,613
311010,311627,311696,69,617
311011,311655,311697,42,644
311010,311627,311697,70,617
311010,311621,311697,76,611
311012,311656,311699,43,644
311010,311626,311699,73,616
311013,311696,311700,4,683
311010,311627,311704,77,617
311010,311627,311704,77,617
311011,311633,311705,72,622
311014,311701,311705,4,687
311011,311629,311705,76,618
311012,311662,311705,43,650
311012,311665,311708,43,653
311011,311639,311709,70,628
311012,311667,311711,44,655
311012,311668,311711,43,656
311012,311669,311712,43,657
311011,311641,311712,71,630
311014,311711,311713,2,697
311011,311636,311713,77,625
311012,311671,311713,42,659
311012,311672,311714,42,660
311014,311713,311715,2,699
311012,311674,311715,41,662
311012,311674,311716,42,662
311015,311715,311717,2,700
311012,311676,311717,41,664
311011,311644,311718,74,633
311015,311718,311719,1,703
311011,311652,311718,66,641
311013,311684,311722,38,671
311012,311656,311725,69,644
311015,311726,311728,2,711
311013,311687,311729,42,674
311013,311690,311731,41,677
311013,311689,311732,43,676
311013,311689,311733,44,676
311013,311692,311732,40,679
311013,311695,311735,40,682
311013,311695,311738,43,682
311016,311739,311740,1,723
311014,311699,311740,41,685
311014,311697,311742,45,683
311012,311670,311744,74,658
311012,311672,311746,74,660
311016,311746,311748,2,730
311013,311683,311749,66,670
311014,311706,311749,43,692
311012,311681,311750,69,669
311014,311711,311750,39,697
311014,311709,311752,43,695
311013,311682,311753,71,669
311013,311687,311754,67,674
311014,311712,311754,42,698
311015,311714,311754,40,699
311013,311685,311756,71,672
311016,311755,311756,1,739
311015,311714,311757,43,699
311015,311719,311757,38,704
311015,311716,311760,44,701
311013,311691,311761,70,678
311013,311685,311761,76,672
311016,311757,311761,4,741
311015,311716,311761,45,701
311015,311717,311761,44,702
311016,311761,311763,2,745
311015,311723,311764,41,708
311017,311762,311765,3,745
311015,311731,311768,37,716
311017,311769,311770,1,752
311014,311704,311770,66,690
311014,311697,311770,73,683
311014,311698,311770,72,684
311014,311700,311771,71,686
311015,311732,311771,39,717
311015,311731,311770,39,716
311015,311733,311771,38,718
311014,311697,311772,75,683
311017,311771,311773,2,754
311014,311705,311773,68,691
311014,311704,311773,69,690
311015,311733,311774,41,718
311017,311773,311775,2,756
311014,311705,311775,70,691
311014,311712,311778,66,698
311016,311740,311779,39,724
311016,311736,311779,43,720
311018,311780,311781,1,762
311016,311740,311781,41,724
311014,311709,311781,72,695
311014,311705,311783,78,691
311016,311743,311783,40,727
311015,311714,311787,73,699
311015,311719,311787,68,704
311015,311718,311787,69,703
311016,311750,311790,40,734
311016,311752,311794,42,736
311016,311751,311794,43,735
311015,311729,311797,68,714
311016,311755,311797,42,739
311016,311757,311798,41,741
311016,311758,311798,40,742
311018,311797,311800,3,779
311016,311758,311801,43,742
311017,311765,311807,42,748
311017,311762,311807,45,745
311017,311765,311808,43,748
311017,311770,311810,40,753
311017,311763,311810,47,746
311017,311771,311813,42,754
311017,311772,311813,41,755
311016,311744,311815,71,728
311016,311750,311815,65,734
311017,311775,311817,42,758
311016,311748,311817,69,732
311017,311774,311819,45,757
311016,311754,311820,66,738
311018,311781,311821,40,763
311018,311780,311822,42,762
311016,311750,311822,72,734
311016,311753,311822,69,737
311018,311781,311824,43,763
311016,311761,311825,64,745
311018,311784,311828,44,766
311018,311790,311832,42,772
311017,311762,311832,70,745
311016,311762,311833,71,746
311018,311795,311836,41,777
311018,311798,311838,40,780
311018,311794,311838,44,776
311017,311771,311839,68,754
311018,311799,311840,41,781
311018,311799,311840,41,781
311017,311771,311842,71,754
311017,311774,311844,70,757
311017,311772,311845,73,755
311018,311802,311845,43,784
311018,311807,311845,38,789
311017,311771,311846,75,754
311018,311775,311847,72,757
311018,311782,311848,66,764
311017,311774,311848,74,757
311019,311808,311848,40,789
311017,311771,311849,78,754
311019,311810,311849,39,791
311019,311809,311850,41,790
311018,311788,311855,67,770
311018,311779,311856,77,761
311018,311783,311856,73,765
311018,311787,311857,70,769
311018,311788,311861,73,770
311018,311800,311871,71,782
312111,312111,312112,1,0
312111,312111,312113,2,0
312111,312111,312150,39,0
312111,312111,312150,39,0
312111,312111,312151,40,0
312111,312111,312154,43,0
312111,312111,312154,43,0
312111,312111,312155,44,0
312111,312111,312155,44,0
312111,312111,312155,44,0
312111,312111,312156,45,0
312111,312111,312157,46,0
312111,312111,312159,48,0
312112,312113,312160,47,1
312112,312113,312161,48,1
312111,312111,312162,51,0
312111,312111,312161,50,0
312113,312158,312162,4,45
312113,312160,312162,2,47
312113,312156,312162,6,43
312111,312111,312163,52,0
312111,312111,312164,53,0
312113,312161,312163,2,48
312113,312163,312164,1,50
312113,312163,312164,1,50
312111,312111,312164,53,0
312112,312151,312165,14,39
312113,312161,312165,4,48
312113,312162,312164,2,49
312113,312162,312164,2,49
312113,312163,312165,2,50
312111,312111,312165,54,0
312112,312155,312165,10,43
312113,312156,312165,9,43
312113,312164,312165,1,51
312113,312165,312166,1,52
312113,312165,312166,1,52
312113,312156,312165,9,43
312113,312164,312166,2,51
312111,312111,312166,55,0
312112,312155,312166,11,43
312113,312157,312166,9,44
312113,312164,312166,2,51
312113,312166,312167,1,53
312114,312166,312167,1,52
312113,312165,312166,1,52
312113,312165,312166,1,52
312113,312165,312166,1,52
312114,312166,312167,1,52
312113,312165,312167,2,52
312113,312165,312167,2,52
312113,312165,312167,2,52
312114,312167,312168,1,53
312114,312167,312168,1,53
312114,312166,312168,2,52
312114,312167,312168,1,53
312114,312167,312168,1,53
312113,312166,312168,2,53
312113,312166,312168,2,53
312113,312166,312168,2,53
312113,312166,312168,2,53
312114,312167,312169,2,53
312114,312167,312169,2,53
312114,312167,312169,2,53
312114,312168,312169,1,54
312114,312168,312169,1,54
312114,312167,312169,2,53
312114,312167,312169,2,53
312114,312167,312169,2,53
312114,312167,312169,2,53
312114,312167,312169,2,53
312114,312167,312169,2,53
312114,312168,312170,2,54
312114,312168,312170,2,54
312115,312169,312171,2,54
312112,312112,312177,65,0
312112,312112,312178,66,0
312112,312112,312179,67,0
312112,312112,312179,67,0
312111,312112,312180,68,1
312112,312112,312180,68,0
312112,312112,312180,68,0
312112,312112,312181,69,0
312112,312112,312181,69,0
312112,312112,312181,69,0
312112,312112,312181,69,0
312112,312112,312181,69,0
312111,312112,312183,71,1
312112,312112,312183,71,0
312112,312112,312184,72,0
312115,312180,312187,7,65
312112,312112,312187,75,0
312112,312112,312193,81,0
312112,312112,312193,81,0
312112,312112,312196,84,0
312112,312151,312198,47,39
312112,312112,312199,87,0
312115,312188,312199,11,73
312112,312112,312200,88,0
312115,312197,312199,2,82
312112,312112,312201,89,0
312112,312112,312202,90,0
312112,312112,312202,90,0
312112,312152,312203,51,40
312116,312201,312204,3,85
312114,312169,312208,39,55
312114,312169,312208,39,55
312115,312172,312209,37,57
312115,312169,312209,40,54
312115,312169,312209,40,54
312115,312170,312210,40,55
312115,312171,312210,39,56
312114,312168,312212,44,54
312115,312169,312214,45,54
312114,312169,312216,47,55
312114,312169,312216,47,55
312115,312171,312217,46,56
312114,312169,312216,47,55
312114,312169,312218,49,55
312114,312169,312219,50,55
312114,312169,312221,52,55
312116,312217,312221,4,101
312116,312216,312221,5,100
312114,312169,312223,54,55
312115,312169,312223,54,54
312116,312221,312223,2,105
312116,312223,312224,1,107
312117,312224,312226,2,107
312116,312199,312246,47,83
312115,312178,312249,71,63
312115,312181,312252,71,66
312116,312204,312252,48,88
312115,312178,312255,77,63
312115,312180,312255,75,65
312117,312253,312257,4,136
312116,312215,312259,44,99
312116,312208,312260,52,92
312116,312217,312261,44,101
312116,312217,312261,44,101
312116,312210,312262,52,94
312116,312210,312263,53,94
312116,312221,312263,42,105
312117,312261,312263,2,144
312115,312183,312263,80,68
312115,312181,312263,82,66
312116,312210,312263,53,94
312116,312210,312263,53,94
312116,312218,312264,46,102
312116,312208,312265,57,92
312115,312181,312273,92,66
312116,312219,312275,56,103
312115,312194,312279,85,79
312116,312211,312279,68,95
312115,312194,312279,85,79
312116,312221,312283,62,105
312117,312224,312283,59,107
312115,312184,312285,101,69
312115,312182,312285,103,67
312116,312200,312287,87,84
312116,312203,312287,84,87
312115,312182,312289,107,67
312116,312203,312289,86,87
312115,312188,312290,102,73
312117,312247,312293,46,130
312115,312180,312295,115,65
312117,312225,312295,70,108
312116,312213,312296,83,97
312117,312264,312297,33,147
312115,312179,312298,119,64
312116,312200,312299,99,84
312117,312253,312300,47,136
312115,312185,312303,118,70
312118,312291,312303,12,173
312116,312205,312303,98,89
312115,312181,312306,125,66
312117,312227,312306,79,110
312116,312200,312306,106,84
312116,312199,312306,107,83
312118,312298,312306,8,180
312118,312307,312309,2,189
312117,312261,312311,50,144
312117,312260,312312,52,143
312118,312311,312312,1,193
312118,312283,312322,39,165
312119,312322,312324,2,203
312117,312261,312333,72,144
312118,312286,312334,48,168
312118,312285,312335,50,167
312117,312250,312335,85,133
312118,312287,312335,48,169
312118,312289,312335,46,171
312118,312288,312336,48,170
312118,312289,312336,47,171
312117,312255,312340,85,138
312118,312307,312341,34,189
312117,312255,312341,86,138
312117,312264,312341,77,147
312117,312266,312342,76,149
312117,312279,312343,64,162
312118,312293,312342,49,175
312118,312300,312342,42,182
312117,312264,312342,78,147
312117,312264,312344,80,147
312117,312264,312343,79,147
312117,312276,312344,68,159
312118,312297,312344,47,179
312117,312265,312345,80,148
312117,312262,312345,83,145
312119,312344,312346,2,225
312118,312283,312346,63,165
312117,312264,312346,82,147
312119,312345,312347,2,226
312119,312347,312349,2,228
312117,312257,312349,92,140
312118,312312,312351,39,194
312118,312309,312353,44,191
312118,312313,312353,40,195
312118,312296,312357,61,178
312118,312299,312366,67,181
312119,312325,312366,41,206
312117,312279,312367,88,162
312117,312264,312368,104,147
312117,312274,312368,94,157
312118,312303,312369,66,185
312120,312370,312371,1,250
312117,312280,312373,93,163
312118,312306,312374,68,188
312119,312334,312374,40,215
312118,312295,312375,80,177
312118,312303,312375,72,185
312118,312304,312376,72,186
312118,312307,312376,69,189
312118,312298,312376,78,180
312118,312307,312376,69,189
312120,312375,312378,3,255
312120,312379,312382,3,259
312119,312343,312383,40,224
312119,312342,312382,40,223
312119,312343,312383,40,224
312119,312343,312384,41,224
312119,312343,312384,41,224
312119,312344,312385,41,225
312119,312342,312386,44,223
312119,312345,312387,42,226
312119,312344,312388,44,225
312119,312346,312388,42,227
312119,312346,312389,43,227
312121,312388,312390,2,267
312119,312347,312390,43,228
312121,312389,312390,1,268
312119,312346,312390,44,227
312119,312349,312391,42,230
312120,312352,312392,40,232
312120,312354,312392,38,234
312120,312353,312396,43,233
312120,312357,312398,41,237
312121,312398,312400,2,277
312119,312335,312403,68,216
312120,312384,312403,19,264
312119,312336,312405,69,217
312119,312341,312409,68,222
312119,312336,312408,72,217
312120,312372,312408,36,252
312121,312388,312409,21,267
312119,312334,312410,76,215
312119,312342,312410,68,223
312121,312390,312412,22,269
312119,312335,312413,78,216
312121,312390,312412,22,269
312121,312391,312413,22,270
312121,312392,312414,22,271
312121,312391,312415,24,270
312121,312391,312415,24,270
312121,312390,312415,25,269
312121,312392,312416,24,271
312120,312367,312417,50,247
312119,312340,312417,77,221
312119,312336,312421,85,217
312122,312418,312423,5,296
312120,312375,312422,47,255
312120,312349,312425,76,229
312121,312396,312426,30,275
312119,312336,312426,90,217
312122,312416,312426,10,294
312121,312409,312427,18,288
312120,312383,312432,49,263
312120,312384,312433,49,264
312120,312383,312434,51,263
312122,312435,312436,1,313
312121,312386,312438,52,265
312120,312385,312440,55,265
312120,312385,312440,55,265
312120,312367,312442,75,247
312120,312369,312444,75,249
312120,312367,312445,78,247
312120,312369,312445,76,249
312120,312376,312448,72,256
312120,312374,312450,76,254
312120,312377,312452,75,257
312121,312400,312453,53,279
312120,312375,312453,78,255
312121,312404,312454,50,283
312120,312376,312455,79,256
312120,312377,312456,79,257
312123,312455,312457,2,332
312120,312376,312459,83,256
312121,312410,312460,50,289
312121,312414,312462,48,293
312121,312414,312463,49,293
312120,312383,312465,82,263
312122,312416,312465,49,294
312122,312426,312466,40,304
312121,312413,312466,53,292
312122,312427,312467,40,305
312121,312415,312467,52,294
312122,312423,312467,44,301
312122,312417,312468,51,295
312123,312467,312468,1,344
312121,312412,312469,57,291
312122,312415,312471,56,293
312123,312469,312471,2,346
312123,312471,312472,1,348
312122,312432,312473,41,310
312122,312434,312476,42,312
312122,312440,312481,41,318
312122,312437,312481,44,315
312122,312438,312482,44,316
312122,312441,312482,41,319
312123,312482,312484,2,359
312121,312404,312488,84,283
312122,312422,312490,68,300
312121,312413,312491,78,292
312122,312423,312492,69,301
312124,312490,312492,2,366
312121,312409,312491,82,288
312121,312410,312493,83,289
312122,312453,312494,41,331
312122,312426,312495,69,304
312122,312427,312495,68,305
312124,312492,312495,3,368
312123,312455,312495,40,332
312122,312427,312495,68,305
312121,312405,312496,91,284
312121,312409,312496,87,288
312123,312461,312500,39,338
312121,312411,312501,90,290
312124,312496,312501,5,372
312123,312466,312503,37,343
312123,312463,312505,42,340
312123,312466,312505,39,343
312123,312464,312505,41,341
312123,312467,312507,40,344
312124,312505,312507,2,381
312123,312468,312508,40,345
312123,312468,312508,40,345
312123,312469,312508,39,346
312123,312472,312511,39,349
312125,312509,312511,2,384
312123,312474,312512,38,351
312125,312512,312513,1,387
312123,312470,312513,43,347
312123,312473,312513,40,350
312122,312443,312515,72,321
312122,312444,312516,72,322
312123,312476,312517,41,353
312125,312515,312517,2,390
312122,312445,312518,73,323
312122,312449,312519,70,327
312122,312445,312521,76,323
312122,312452,312523,71,330
312123,312483,312523,40,360
312123,312484,312524,40,361
312123,312483,312524,41,360
312125,312521,312525,4,396
312122,312454,312525,71,332
312123,312481,312525,44,358
312122,312450,312528,78,328
312125,312524,312528,4,399
312123,312456,312531,75,333
312123,312458,312531,73,335
312123,312459,312535,76,336
312124,312495,312535,40,371
312124,312497,312539,42,373
312123,312465,312541,76,342
312124,312501,312545,44,377
312124,312504,312546,42,380
312124,312506,312546,40,382
312126,312541,312546,5,415
312125,312509,312548,39,384
312124,312505,312548,43,381
312124,312507,312549,42,383
312124,312508,312549,41,384
312125,312509,312549,40,384
312126,312548,312550,2,422
312125,312513,312552,39,388
312125,312512,312552,40,387
312126,312552,312553,1,426
312125,312512,312555,43,387
312125,312514,312557,43,389
312125,312514,312556,42,389
312125,312517,312557,40,392
312124,312492,312560,68,368
312124,312490,312562,72,366
312124,312491,312563,72,367
312124,312492,312565,73,368
312125,312524,312565,41,399
312125,312525,312566,41,400
312124,312501,312567,66,377
312124,312495,312567,72,371
312124,312495,312567,72,371
312125,312528,312569,41,403
312125,312526,312570,44,401
312124,312495,312570,75,371
312124,312497,312570,73,373
312124,312493,312571,78,369
312124,312502,312572,70,378
312124,312496,312573,77,372
312126,312536,312576,40,410
312126,312540,312580,40,414
312126,312546,312585,39,420
312126,312546,312586,40,420
312126,312546,312587,41,420
312125,312517,312588,71,392
312125,312519,312590,71,394
312126,312549,312590,41,423
312126,312550,312590,40,424
312125,312520,312592,72,395
312126,312550,312592,42,424
312126,312550,312592,42,424
312126,312553,312593,40,427
312125,312524,312594,70,399
312128,312592,312594,2,464
312125,312516,312594,78,391
312126,312550,312595,45,424
312125,312525,312596,71,400
312126,312556,312596,40,430
312126,312553,312596,43,427
312128,312595,312597,2,467
312126,312557,312598,41,431
312126,312557,312598,41,431
312125,312528,312598,70,403
312126,312558,312598,40,432
312125,312525,312599,74,400
312126,312532,312602,70,406
312128,312599,312603,4,471
312126,312532,312605,73,406
312126,312536,312606,70,410
312127,312566,312609,43,439
312127,312566,312609,43,439
312128,312604,312609,5,476
312127,312569,312609,40,442
312127,312570,312614,44,443
312127,312576,312619,43,449
312126,312547,312620,73,421
312127,312581,312622,41,454
312127,312585,312627,42,458
312127,312587,312627,40,460
312127,312588,312627,39,461
312127,312563,312632,69,436
312128,312591,312632,41,463
312127,312560,312634,74,433
312127,312563,312633,70,436
312128,312591,312633,42,463
312127,312565,312634,69,438
312128,312593,312637,44,465
312128,312593,312637,44,465
312127,312568,312638,70,441
312129,312635,312638,3,506
312128,312597,312638,41,469
312128,312593,312638,45,465
312128,312598,312638,40,470
312129,312638,312640,2,509
312128,312599,312640,41,471
312127,312568,312640,72,441
312127,312568,312640,72,441
312128,312599,312640,41,471
312128,312596,312640,44,468
312128,312599,312640,41,471
312130,312638,312640,2,508
312130,312640,312641,1,510
312130,312641,312643,2,511
312130,312643,312645,2,513
312127,312571,312644,73,444
312127,312571,312645,74,444
312127,312572,312646,74,445
312127,312574,312646,72,447
312127,312572,312647,75,445
312130,312645,312648,3,515
312129,312610,312651,41,481
312130,312646,312651,5,516
312129,312610,312651,41,481
312129,312610,312653,43,481
312130,312651,312655,4,521
312131,312653,312655,2,522
312129,312614,312659,45,485
312129,312623,312661,38,494
312128,312594,312661,67,466
312127,312589,312662,73,462
312127,312591,312663,72,464
312129,312620,312664,44,491
312128,312596,312664,68,468
312131,312664,312665,1,533
312128,312595,312667,72,467
312128,312594,312668,74,466
312129,312628,312668,40,499
312128,312602,312669,67,474
312129,312627,312669,42,498
312129,312628,312670,42,499
312128,312600,312674,74,472
312129,312606,312675,69,477
312129,312633,312675,42,504
312129,312634,312677,43,505
312129,312605,312678,73,476
312131,312677,312679,2,546
312130,312640,312680,40,510
312130,312638,312680,42,508
312129,312638,312680,42,509
312130,312639,312681,42,509
312130,312641,312680,39,511
312130,312640,312681,41,510
312131,312679,312681,2,548
312130,312640,312681,41,510
312131,312681,312682,1,550
312132,312681,312683,2,549
312130,312642,312684,42,512
312129,312610,312686,76,481
312130,312645,312687,42,515
312130,312651,312691,40,521
312129,312621,312693,72,492
312131,312652,312694,42,521
312131,312656,312698,42,525
312129,312634,312702,68,505
312131,312661,312703,42,530
312131,312660,312704,44,529
312129,312634,312703,69,505
312132,312704,312706,2,572
312131,312666,312707,41,535
312129,312638,312707,69,509
312129,312632,312708,76,503
312130,312640,312708,68,510
312131,312669,312708,39,538
312131,312669,312709,40,538
312130,312641,312710,69,511
312131,312670,312710,40,539
312133,312709,312710,1,576
312130,312640,312711,71,510
312133,312711,312713,2,578
312133,312709,312713,4,576
312130,312647,312714,67,517
312131,312676,312716,40,545
312133,312716,312718,2,583
312130,312646,312717,71,516
312130,312649,312720,71,519
312131,312681,312720,39,550
312132,312681,312722,41,549
312133,312721,312723,2,588
312130,312647,312723,76,517
312132,312681,312723,42,549
312132,312681,312722,41,549
312132,312683,312723,40,551
312132,312682,312723,41,550
312132,312682,312725,43,550
312132,312684,312725,41,552
312134,312723,312725,2,589
312132,312683,312726,43,551
312134,312725,312726,1,591
312134,312726,312728,2,592
312131,312655,312730,75,524
312132,312687,312730,43,555
312134,312728,312730,2,594
312131,312664,312730,66,533
312131,312661,312730,69,530
312131,312663,312731,68,532
312134,312731,312732,1,597
312132,312692,312732,40,560
312131,312662,312733,71,531
312132,312694,312734,40,562
312131,312668,312737,69,537
312131,312668,312738,70,537
312131,312669,312739,70,538
312132,312698,312742,44,566
312132,312703,312742,39,571
312131,312675,312742,67,544
312132,312706,312746,40,574
312133,312707,312748,41,574
312131,312679,312748,69,548
312133,312709,312749,40,576
312133,312711,312750,39,578
312133,312711,312751,40,578
312131,312675,312752,77,544
312133,312718,312758,40,585
312132,312686,312760,74,554
312133,312723,312763,40,590
312134,312724,312764,40,590
312134,312723,312764,41,589
312134,312726,312764,38,592
312133,312723,312765,42,590
312134,312724,312765,41,590
312134,312727,312767,40,593
312134,312726,312767,41,592
312132,312694,312768,74,562
312132,312702,312772,70,570
312134,312731,312772,41,597
312133,312707,312774,67,574
312134,312733,312774,41,599
312134,312733,312774,41,599
312132,312704,312777,73,572
312133,312708,312776,68,575
312135,312735,312777,42,600
312133,312714,312782,68,581
312133,312714,312783,69,581
312133,312715,312784,69,582
312135,312743,312784,41,608
312135,312744,312784,40,609
312133,312710,312787,77,577
312133,312718,312787,69,585
312133,312720,312789,69,587
312135,312749,312790,41,614
312135,312750,312791,41,615
312135,312747,312791,44,612
312135,312751,312792,41,616
312135,312753,312792,39,618
312134,312723,312795,72,589
312134,312734,312797,63,600
312135,312759,312799,40,624
312134,312731,312802,71,597
312134,312730,312802,72,596
312134,312731,312803,72,597
312135,312740,312804,64,605
312134,312731,312804,73,597
312135,312738,312804,66,603
312135,312738,312805,67,603
312135,312743,312811,68,608
312135,312749,312819,70,614
312135,312752,312831,79,617
312135,312761,312830,69,626
308938,308939,316856,7917,1
317337,317338,317399,61,1
317338,317338,317399,61,0
317338,317338,317399,61,0
317338,317338,317399,61,0
317338,317338,317399,61,0
317337,317337,317400,63,0
317338,317338,317400,62,0
317338,317338,317400,62,0
317338,317338,317400,62,0
317338,317338,317400,62,0
317338,317338,317400,62,0
317338,317338,317400,62,0
317338,317338,317400,62,0
317338,317338,317400,62,0
317338,317338,317400,62,0
317338,317338,317401,63,0
317338,317338,317401,63,0
317338,317338,317401,63,0
317338,317338,317401,63,0
317338,317338,317402,64,0
317339,317399,317460,61,60
317339,317401,317460,59,62
317339,317401,317461,60,62
317339,317400,317461,61,61
317339,317401,317462,61,62
317339,317399,317461,62,60
317339,317399,317462,63,60
317339,317401,317463,62,62
317339,317400,317463,63,61
317339,317401,317463,62,62
317339,317401,317464,63,62
317339,317401,317463,62,62
317339,317401,317464,63,62
317339,317400,317464,64,61
317339,317402,317464,62,63
317339,317401,317464,63,62
317340,317402,317464,62,62
317340,317403,317465,62,63
317339,317402,317465,63,63
317339,317401,317466,65,62
317337,317338,317468,130,1
317339,317339,317469,130,0
317338,317338,317470,132,0
317338,317339,317471,132,1
317338,317338,317472,134,0
317338,317339,317473,134,1
317339,317339,317474,135,0
317339,317339,317474,135,0
317338,317338,317475,137,0
317339,317339,317475,136,0
317338,317338,317475,137,0
317339,317339,317475,136,0
317339,317339,317475,136,0
317338,317338,317476,138,0
317338,317338,317476,138,0
317339,317339,317477,138,0
317338,317338,317476,138,0
317339,317339,317477,138,0
317338,317338,317478,140,0
317338,317338,317478,140,0
317339,317339,317478,139,0
317338,317338,317478,140,0
317339,317339,317480,141,0
317339,317339,317480,141,0
317340,317461,317522,61,121
317340,317461,317522,61,121
317340,317462,317524,62,122
317340,317464,317525,61,124
317340,317462,317524,62,122
317340,317462,317525,63,122
317340,317463,317525,62,123
317340,317463,317526,63,123
317340,317464,317526,62,124
317340,317464,317526,62,124
317340,317465,317525,60,125
317340,317462,317526,64,122
317340,317464,317526,62,124
317340,317465,317526,61,125
317340,317465,317527,62,125
317340,317466,317528,62,126
317340,317464,317528,64,124
317340,317466,317528,62,126
317340,317465,317528,63,125
317340,317467,317529,62,127
317341,317522,317583,61,181
317341,317524,317585,61,183
317341,317522,317585,63,181
317341,317525,317587,62,184
317341,317525,317588,63,184
317341,317526,317588,62,185
317341,317525,317588,63,184
317341,317526,317588,62,185
317341,317525,317588,63,184
317342,317528,317589,61,186
317341,317526,317589,63,185
317341,317526,317589,63,185
317342,317528,317590,62,186
317341,317526,317589,63,185
317342,317529,317590,61,187
317341,317526,317590,64,185
317342,317529,317590,61,187
317341,317527,317591,64,186
317342,317528,317592,64,186
317342,317528,317592,64,186
317340,317468,317603,135,128
317340,317469,317604,135,129
317340,317470,317607,137,130
317340,317471,317609,138,131
317341,317475,317608,133,134
317340,317473,317610,137,133
317340,317474,317611,137,134
317341,317475,317611,136,134
317341,317478,317612,134,137
317341,317475,317613,138,134
317340,317472,317614,142,132
317341,317478,317614,136,137
317341,317478,317616,138,137
317341,317480,317616,136,139
317341,317475,317616,141,134
317341,317477,317616,139,136
317341,317476,317617,141,135
317341,317478,317617,139,137
317341,317475,317618,143,134
317341,317476,317618,142,135
317341,317478,317618,140,137
317341,317477,317620,143,136
317340,317474,317623,149,134
317341,317480,317622,142,139
317342,317584,317646,62,242
317342,317586,317647,61,244
317342,317586,317649,63,244
317342,317588,317649,61,246
317342,317588,317648,60,246
317342,317589,317648,59,247
317342,317590,317650,60,248
317342,317589,317650,61,247
317342,317589,317651,62,247
317342,317589,317651,62,247
317342,317590,317652,62,248
317342,317590,317651,61,248
317342,317592,317652,60,250
317342,317590,317652,62,248
317342,317591,317653,62,249
317342,317593,317653,60,251
317342,317590,317654,64,248
317342,317591,317655,64,249
317342,317593,317656,63,251
317342,317591,317656,65,249
317343,317647,317707,60,304
317343,317646,317709,63,303
317343,317649,317709,60,306
317343,317649,317710,61,306
317343,317649,317711,62,306
317343,317649,317712,63,306
317343,317651,317713,62,308
317343,317651,317713,62,308
317343,317651,317714,63,308
317344,317652,317715,63,308
317344,317653,317716,63,309
317344,317654,317716,62,310
317344,317654,317716,62,310
317343,317652,317716,64,309
317344,317655,317716,61,311
317344,317652,317717,65,308
317344,317653,317717,64,309
317344,317657,317718,61,313
317344,317656,317718,62,312
317344,317657,317719,62,313
317342,317604,317740,136,262
317342,317608,317743,135,266
317343,317613,317743,130,270
317342,317609,317745,136,267
317343,317609,317745,136,266
317343,317612,317746,134,269
317343,317614,317746,132,271
317343,317612,317746,134,269
317343,317611,317747,136,268
317343,317615,317748,133,272
317343,317615,317750,135,272
317343,317617,317750,133,274
317343,317618,317751,133,275
317343,317621,317750,129,278
317343,317617,317752,135,274
317343,317616,317753,137,273
317343,317618,317754,136,275
317343,317618,317754,136,275
317342,317605,317755,150,263
317343,317617,317758,141,274
317343,317619,317758,139,276
317343,317623,317759,136,280
317343,317623,317760,137,280
317343,317618,317767,149,275
317344,317708,317770,62,364
317344,317710,317770,60,366
317344,317711,317771,60,367
317344,317710,317773,63,366
317344,317713,317774,61,369
317344,317713,317776,63,369
317344,317713,317776,63,369
317344,317712,317776,64,368
317344,317714,317776,62,370
317344,317716,317777,61,372
317344,317717,317778,61,373
317344,317717,317778,61,373
317344,317716,317779,63,372
317344,317716,317780,64,372
317344,317716,317779,63,372
317344,317716,317781,65,372
317344,317717,317780,63,373
317344,317719,317780,61,375
317344,317720,317782,62,376
317344,317719,317783,64,375
317345,317771,317832,61,426
317345,317770,317832,62,425
317345,317771,317833,62,426
317345,317775,317836,61,430
317345,317774,317836,62,429
317345,317776,317837,61,431
317346,317776,317837,61,430
317346,317777,317838,61,431
317346,317777,317838,61,431
317346,317778,317839,61,432
317346,317778,317841,63,432
317346,317780,317840,60,434
317346,317779,317840,61,433
317346,317780,317842,62,434
317346,317781,317843,62,435
317346,317780,317843,63,434
317346,317781,317843,62,435
317346,317781,317845,64,435
317346,317782,317845,63,436
317346,317784,317847,63,438
317345,317740,317878,138,395
317345,317743,317878,135,398
317345,317746,317879,133,401
317345,317744,317879,135,399
317345,317746,317879,133,401
317345,317746,317881,135,401
317345,317745,317883,138,400
317345,317750,317884,134,405
317345,317748,317885,137,403
317345,317751,317886,135,406
317345,317748,317886,138,403
317345,317750,317886,136,405
317345,317755,317889,134,410
317345,317751,317890,139,406
317345,317754,317890,136,409
317345,317754,317891,137,409
317346,317832,317893,61,486
317345,317758,317893,135,413
317346,317833,317894,61,487
317345,317752,317895,143,407
317345,317759,317894,135,414
317345,317759,317895,136,414
317345,317747,317895,148,402
317346,317834,317896,62,488
317346,317837,317897,60,491
317345,317760,317898,138,415
317346,317837,317898,61,491
317346,317838,317900,62,492
317345,317753,317901,148,408
317346,317838,317900,62,492
317346,317839,317901,62,493
317346,317841,317901,60,495
317346,317842,317902,60,496
317346,317841,317903,62,495
317346,317839,317902,63,493
317346,317841,317903,62,495
317346,317839,317903,64,493
317346,317843,317904,61,497
317347,317844,317905,61,497
317345,317768,317907,139,423
317347,317845,317908,63,498
317347,317845,317908,63,498
317346,317843,317908,65,497
317347,317847,317909,62,500
317347,317894,317955,61,547
317347,317895,317957,62,548
317347,317897,317957,60,550
317347,317898,317960,62,551
317348,317898,317961,63,550
317348,317901,317962,61,553
317348,317901,317963,62,553
317348,317902,317964,62,554
317348,317902,317964,62,554
317348,317903,317965,62,555
317348,317903,317965,62,555
317348,317904,317965,61,556
317348,317902,317965,63,554
317348,317905,317967,62,557
317348,317903,317968,65,555
317348,317906,317969,63,558
317348,317908,317969,61,560
317348,317909,317970,61,561
317348,317909,317970,61,561
317348,317910,317971,61,562
317347,317880,318011,131,533
317347,317879,318013,134,532
317347,317884,318015,131,537
317348,317956,318016,60,608
317348,317957,318017,60,609
317348,317957,318017,60,609
317347,317881,318017,136,534
317347,317879,318019,140,532
317347,317885,318019,134,538
317347,317887,318021,134,540
317348,317961,318022,61,613
317348,317962,318023,61,614
317347,317886,318022,136,539
317347,317892,318024,132,545
317347,317887,318024,137,540
317347,317890,318025,135,543
317347,317894,318025,131,547
317348,317965,318026,61,617
317348,317965,318025,60,617
317347,317887,318025,138,540
317347,317891,318026,135,544
317347,317879,318025,146,532
317348,317963,318026,63,615
317349,317966,318027,61,617
317348,317964,318027,63,616
317349,317966,318027,61,617
317349,317966,318028,62,617
317349,317966,318029,63,617
317347,317880,318029,149,533
317349,317968,318030,62,619
317347,317895,318030,135,548
317349,317969,318031,62,620
317347,317895,318030,135,548
317347,317896,318031,135,549
317349,317970,318031,61,621
317347,317891,318031,140,544
317349,317970,318032,62,621
317347,317898,318032,134,551
317349,317971,318032,61,622
317347,317896,318033,137,549
317349,317971,318034,63,622
317349,317972,318033,61,623
317348,317901,318037,136,553
317348,317907,318045,138,559
317349,318017,318079,62,668
317349,318017,318079,62,668
317349,318017,318081,64,668
317349,318022,318083,61,673
317349,318023,318085,62,674
317350,318026,318087,61,676
317350,318026,318087,61,676
317350,318027,318087,60,677
317350,318027,318088,61,677
317350,318026,318088,62,676
317350,318028,318089,61,678
317350,318029,318091,62,679
317350,318029,318091,62,679
317350,318031,318093,62,681
317350,318031,318093,62,681
317350,318030,318093,63,680
317350,318032,318094,62,682
317350,318033,318095,62,683
317350,318034,318096,62,684
317350,318034,318098,64,684
317351,318080,318140,60,729
317351,318080,318141,61,729
317351,318082,318143,61,731
317351,318084,318145,61,733
317351,318086,318147,61,735
317351,318087,318149,62,736
317351,318087,318149,62,736
317351,318088,318149,61,737
317351,318089,318150,61,738
317351,318089,318150,61,738
317349,318023,318152,129,674
317351,318090,318151,61,739
317349,318019,318152,133,670
317349,318014,318152,138,665
317351,318091,318153,62,740
317351,318092,318153,61,741
317349,318024,318155,131,675
317350,318025,318156,131,675
317349,318012,318156,144,663
317349,318016,318156,140,667
317351,318094,318156,62,743
317351,318094,318156,62,743
317351,318093,318158,65,742
317351,318096,318157,61,745
317349,318018,318158,140,669
317351,318095,318157,62,744
317351,318096,318157,61,745
317351,318099,318159,60,748
317350,318029,318159,130,679
317349,318021,318160,139,672
317350,318025,318161,136,675
317350,318026,318164,138,676
317350,318026,318165,139,676
317350,318030,318165,135,680
317349,318024,318165,141,675
317350,318026,318166,140,676
317349,318019,318170,151,670
317350,318031,318169,138,681
317350,318033,318171,138,683
317350,318032,318172,140,682
317350,318031,318174,143,681
317351,318037,318177,140,686
317350,318031,318183,152,681
317351,318046,318186,140,695
317351,318141,318203,62,790
317351,318142,318204,62,791
317351,318144,318206,62,793
317351,318146,318209,63,795
317351,318148,318210,62,797
317352,318150,318210,60,798
317352,318150,318210,60,798
317352,318150,318211,61,798
317352,318151,318211,60,799
317352,318151,318212,61,799
317352,318154,318215,61,802
317352,318152,318214,62,800
317352,318154,318215,61,802
317352,318157,318218,61,805
317352,318158,318219,61,806
317352,318157,318220,63,805
317352,318158,318219,61,806
317352,318158,318220,62,806
317353,318159,318220,61,806
317352,318158,318222,64,806
317353,318204,318265,61,851
317353,318204,318265,61,851
317353,318206,318270,64,853
317353,318209,318270,61,856
317353,318211,318273,62,858
317353,318211,318273,62,858
317353,318211,318273,62,858
317354,318212,318273,61,858
317354,318212,318273,61,858
317354,318212,318275,63,858
317354,318215,318277,62,861
317354,318215,318277,62,861
317354,318215,318279,64,861
317354,318219,318281,62,865
317354,318219,318281,62,865
317354,318220,318282,62,866
317354,318220,318282,62,866
317354,318222,318284,62,868
317354,318221,318284,63,867
317354,318221,318285,64,867
317352,318152,318287,135,800
317352,318153,318289,136,801
317352,318153,318290,137,801
317352,318158,318289,131,806
317352,318157,318290,133,805
317352,318156,318293,137,804
317353,318161,318295,134,808
317352,318156,318295,139,804
317353,318162,318296,134,809
317353,318165,318296,131,812
317353,318166,318298,132,813
317353,318160,318301,141,807
317352,318157,318302,145,805
317353,318170,318303,133,817
317353,318167,318303,136,814
317353,318166,318305,139,813
317353,318166,318308,142,813
317353,318172,318310,138,819
317353,318170,318310,140,817
317353,318178,318311,133,825
317353,318172,318313,141,819
317353,318175,318314,139,822
317353,318183,318321,138,830
317353,318187,318324,137,834
317354,318266,318326,60,912
317354,318266,318325,59,912
317354,318270,318330,60,916
317354,318271,318331,60,917
317354,318273,318333,60,919
317354,318273,318333,60,919
317354,318273,318336,63,919
317355,318276,318337,61,921
317354,318274,318337,63,920
317354,318273,318337,64,919
317355,318277,318338,61,922
317355,318278,318340,62,923
317355,318279,318341,62,924
317355,318281,318343,62,926
317355,318282,318344,62,927
317355,318283,318344,61,928
317355,318284,318346,62,929
317355,318285,318346,61,930
317355,318283,318346,63,928
317355,318286,318347,61,931
317356,318326,318387,61,970
317356,318326,318388,62,970
317356,318331,318391,60,975
317356,318330,318392,62,974
317356,318334,318394,60,978
317356,318334,318396,62,978
317356,318337,318398,61,981
317357,318338,318399,61,981
317356,318337,318400,63,981
317356,318337,318400,63,981
317357,318340,318402,62,983
317357,318339,318402,63,982
317357,318342,318403,61,985
317357,318345,318406,61,988
317357,318344,318406,62,987
317357,318345,318407,62,988
317357,318348,318409,61,991
317357,318347,318408,61,990
317357,318347,318410,63,990
317357,318347,318409,62,990
317355,318290,318422,132,935
317355,318290,318423,133,935
317355,318288,318424,136,933
317355,318296,318425,129,941
317355,318293,318426,133,938
317355,318297,318427,130,942
317355,318296,318432,136,941
317355,318296,318432,136,941
317356,318301,318432,131,945
317355,318291,318436,145,936
317356,318303,318436,133,947
317356,318303,318436,133,947
317355,318289,318436,147,934
317356,318303,318442,139,947
317356,318305,318445,140,949
317356,318308,318446,138,952
317355,318298,318447,149,943
317356,318310,318448,138,954
317357,318387,318449,62,1030
317357,318388,318449,61,1031
317356,318313,318449,136,957
317356,318310,318450,140,954
317357,318391,318455,64,1034
317356,318311,318454,143,955
317357,318394,318455,61,1037
317357,318396,318456,60,1039
317357,318393,318457,64,1036
317357,318398,318460,62,1041
317357,318400,318461,61,1043
317357,318400,318462,62,1043
317356,318314,318463,149,958
317357,318400,318463,63,1043
317357,318402,318463,61,1045
317357,318402,318463,61,1045
317356,318322,318464,142,966
317358,318404,318466,62,1046
317356,318324,318467,143,968
317358,318407,318468,61,1049
317358,318406,318468,62,1048
317358,318408,318469,61,1050
317358,318409,318471,62,1051
317358,318410,318471,61,1052
317358,318409,318471,62,1051
317358,318410,318472,62,1052
317359,318450,318511,61,1091
317359,318450,318510,60,1091
317359,318456,318516,60,1097
317359,318456,318516,60,1097
317359,318455,318517,62,1096
317359,318457,318519,62,1098
317359,318461,318521,60,1102
317359,318461,318522,61,1102
317359,318462,318525,63,1103
317360,318464,318524,60,1104
317360,318463,318525,62,1103
317360,318463,318525,62,1103
317360,318466,318527,61,1106
317360,318468,318529,61,1108
317360,318469,318529,60,1109
317360,318470,318530,60,1110
317360,318472,318531,59,1112
317360,318473,318532,59,1113
317360,318471,318533,62,1111
317360,318472,318534,62,1112
317358,318426,318554,128,1068
317358,318425,318555,130,1067
317358,318422,318557,135,1064
317358,318427,318561,134,1069
317358,318427,318562,135,1069
317358,318437,318563,126,1079
317358,318437,318570,133,1079
317358,318437,318571,134,1079
317360,318511,318572,61,1151
317358,318433,318572,139,1075
317358,318432,318573,141,1074
317360,318511,318574,63,1151
317358,318424,318575,151,1066
317360,318517,318576,59,1157
317360,318517,318576,59,1157
317360,318517,318578,61,1157
317359,318447,318578,131,1088
317358,318433,318579,146,1075
317358,318437,318580,143,1079
317360,318519,318580,61,1159
317361,318522,318581,59,1161
317359,318450,318582,132,1091
317361,318523,318582,59,1162
317359,318448,318584,136,1089
317361,318525,318586,61,1164
317361,318525,318586,61,1164
317361,318528,318588,60,1167
317361,318526,318587,61,1165
317361,318526,318588,62,1165
317358,318443,318588,145,1085
317359,318446,318589,143,1087
317359,318449,318591,142,1090
317361,318530,318592,62,1169
317361,318530,318592,62,1169
317361,318531,318593,62,1170
317361,318534,318594,60,1173
317361,318532,318594,62,1171
317361,318533,318594,61,1172
317359,318450,318595,145,1091
317360,318464,318595,131,1104
317361,318534,318596,62,1173
317359,318463,318600,137,1104
317359,318455,318601,146,1096
317360,318467,318614,147,1107
317362,318572,318633,61,1210
317362,318574,318634,60,1212
317362,318577,318637,60,1215
317362,318577,318638,61,1215
317362,318578,318640,62,1216
317362,318580,318641,61,1218
317362,318582,318643,61,1220
317363,318583,318643,60,1220
317363,318586,318648,62,1223
317363,318587,318648,61,1224
317363,318588,318649,61,1225
317363,318588,318650,62,1225
317363,318588,318651,63,1225
317363,318593,318653,60,1230
317363,318592,318654,62,1229
317363,318594,318655,61,1231
317363,318594,318655,61,1231
317364,318597,318657,60,1233
317363,318595,318657,62,1232
317363,318595,318657,62,1232
317361,318554,318686,132,1193
317361,318555,318692,137,1194
317361,318561,318693,132,1200
317364,318633,318693,60,1269
317364,318635,318696,61,1271
317361,318562,318697,135,1201
317364,318638,318699,61,1274
317364,318638,318698,60,1274
317364,318640,318699,59,1276
317361,318558,318700,142,1197
317364,318641,318700,59,1277
317362,318564,318703,139,1202
317364,318643,318703,60,1279
317364,318643,318704,61,1279
317362,318573,318704,131,1211
317362,318575,318705,130,1213
317362,318570,318706,136,1208
317362,318574,318706,132,1212
317362,318572,318708,136,1210
317364,318649,318708,59,1285
317364,318648,318709,61,1284
317364,318650,318711,61,1286
317364,318649,318711,62,1285
317364,318651,318711,60,1287
317364,318653,318713,60,1289
317362,318580,318715,135,1218
317362,318579,318715,136,1217
317365,318655,318715,60,1290
317365,318655,318716,61,1290
317363,318582,318716,134,1219
317362,318580,318724,144,1218
317363,318589,318725,136,1226
317363,318591,318725,134,1228
317364,318596,318726,130,1232
317363,318585,318731,146,1222
317363,318589,318732,143,1226
317364,318601,318733,132,1237
317364,318595,318734,139,1231
317364,318600,318737,137,1236
317364,318614,318761,147,1250
316936,316937,320662,3725,1
322087,322089,322172,83,2
322175,322176,322254,78,1
322195,322195,322482,287,0
322195,322195,322483,288,0
322194,322195,322483,288,1
322195,322195,322483,288,0
322195,322195,322484,289,0
322195,322195,322484,289,0
322195,322195,322485,290,0
322194,322194,322484,290,0
322194,322195,322485,290,1
322195,322195,322485,290,0
322195,322195,322485,290,0
322195,322195,322490,295,0
322194,322194,322493,299,0
322195,322195,322494,299,0
322195,322195,322494,299,0
322195,322195,322500,305,0
322195,322195,322501,306,0
322195,322195,322502,307,0
322195,322195,322503,308,0
322195,322195,322504,309,0
322539,322540,322659,119,1
322663,322664,322755,91,1
322196,322484,322776,292,288
322196,322483,322778,295,287
322196,322484,322779,295,288
322196,322482,322780,298,286
322196,322485,322781,296,289
322196,322483,322782,299,287
322196,322494,322787,293,298
322196,322502,322792,290,306
322196,322490,322792,302,294
322196,322495,322792,297,299
322196,322486,322793,307,290
322196,322485,322794,309,289
322197,322503,322800,297,306
322196,322485,322802,317,289
322196,322484,322805,321,288
322196,322500,322806,306,304
322196,322501,322807,306,305
322196,322486,322807,321,290
322196,322493,322810,317,297
322197,322504,322811,307,307
322196,322196,322819,623,0
322196,322196,322819,623,0
322196,322196,322824,628,0
322196,322196,322829,633,0
322195,322195,322836,641,0
322196,322196,322837,641,0
322195,322195,322839,644,0
322195,322195,322839,644,0
322195,322195,322842,647,0
322196,322196,322845,649,0
322196,322196,322845,649,0
322195,322196,322847,651,1
322195,322196,322847,651,1
322195,322195,322851,656,0
322196,322196,322855,659,0
322195,322195,322858,663,0
322195,322195,322862,667,0
322195,322195,322865,670,0
322195,322195,322866,671,0
322195,322195,322876,681,0
322196,322196,322877,681,0
322195,322195,322900,705,0
322196,322196,322908,712,0
322196,322196,322923,727,0
322197,322779,323071,292,582
322197,322780,323072,292,583
322197,322777,323076,299,580
322197,322781,323078,297,584
322197,322783,323078,295,586
322197,322779,323079,300,582
322197,322787,323080,293,590
322197,322792,323094,302,595
322197,322793,323095,302,596
322197,322795,323099,304,598
322197,322800,323101,301,603
322197,322806,323104,298,609
322197,322806,323104,298,609
322197,322793,323105,312,596
322197,322811,323105,294,614
322197,322792,323106,314,595
322197,322808,323108,300,611
322197,322808,323108,300,611
322197,322810,323109,299,613
322197,322802,323109,307,605
322198,323072,323363,291,874
322198,323073,323364,291,875
322198,323079,323368,289,881
322198,323079,323369,290,881
322198,323080,323370,290,882
322198,323077,323372,295,879
322198,323078,323372,294,880
322198,323095,323384,289,897
322198,323096,323384,288,898
322198,323099,323390,291,901
322198,323102,323394,292,904
322199,323107,323395,288,908
322199,323109,323399,290,910
322199,323108,323401,293,909
322198,323105,323403,298,907
322198,323105,323404,299,907
322199,323110,323405,295,911
322199,323105,323405,300,906
322199,323109,323407,298,910
322199,323106,323408,302,907
323020,323021,323433,412,1
322197,322824,323460,636,627
322197,322819,323461,642,622
322198,322848,323480,632,650
322197,322829,323495,666,632
322197,322839,323501,662,642
322198,322845,323502,657,647
322198,322847,323510,663,649
322198,322876,323511,635,678
322198,322851,323512,661,653
322197,322837,323519,682,640
322198,322855,323519,664,657
322197,322838,323520,682,641
323436,323437,323520,83,1
322197,322839,323528,689,642
322198,322865,323529,664,667
322198,322862,323542,680,664
322198,322842,323545,703,644
322198,322845,323548,703,647
322198,322866,323547,681,668
322197,322820,323550,730,623
322198,322901,323552,651,703
322198,322909,323577,668,711
322198,322877,323578,701,679
322198,322859,323581,722,661
322199,323364,323656,292,1165
322199,323369,323660,291,1170
322199,323365,323660,295,1166
322199,323371,323663,292,1172
322198,322924,323664,740,726
322199,323372,323664,292,1173
322199,323370,323665,295,1171
322199,323372,323669,297,1173
322199,323385,323676,291,1186
322199,323391,323683,292,1192
322199,323385,323684,299,1186
322199,323394,323687,293,1195
322199,323404,323695,291,1205
322199,323405,323697,292,1206
322199,323407,323697,290,1208
322199,323403,323698,295,1204
322199,323408,323699,291,1209
322199,323400,323700,300,1201
322199,323396,323704,308,1197
322199,323405,323705,300,1206
322199,323401,323706,305,1202
322200,323657,323948,291,1457
322200,323660,323954,294,1460
322200,323664,323958,294,1464
322200,323660,323960,300,1460
322200,323666,323961,295,1466
322200,323669,323963,294,1469
322200,323665,323965,300,1465
322200,323676,323968,292,1476
322200,323684,323978,294,1484
322201,323687,323977,290,1486
322201,323697,323986,289,1496
322200,323685,323985,300,1485
322201,323696,323986,290,1495
322201,323699,323987,288,1498
322201,323700,323989,289,1499
322201,323701,323989,288,1500
322201,323697,323993,296,1496
322201,323705,323996,291,1504
322201,323705,323999,294,1504
322201,323707,323999,292,1506
322234,324000,324061,61,1766
322234,324000,324062,62,1766
322199,323461,324122,661,1262
322234,324062,324124,62,1828
322234,324063,324126,63,1829
322200,323496,324138,642,1296
322199,323480,324155,675,1281
322200,323521,324156,635,1321
322200,323503,324164,661,1303
322200,323510,324174,664,1310
322199,323462,324176,714,1263
322200,323530,324182,652,1330
322200,323511,324184,673,1311
322234,324124,324185,61,1890
322234,324126,324189,63,1892
322200,323520,324191,671,1320
322200,323513,324199,686,1313
322200,323529,324202,673,1329
322200,323503,324204,701,1303
322200,323543,324207,664,1343
322200,323553,324220,667,1353
322200,323548,324221,673,1348
322200,323520,324239,719,1320
322200,323546,324240,694,1346
322201,323948,324239,291,1747
322200,323548,324242,694,1348
322200,323551,324246,695,1351
322234,324186,324248,62,1952
322201,323954,324250,296,1753
322234,324190,324251,61,1956
322201,323959,324251,292,1758
322201,323962,324252,290,1761
322200,323579,324256,677,1379
322201,323960,324257,297,1759
322201,323965,324257,292,1764
322201,323968,324258,290,1767
322201,323963,324261,298,1762
322234,324123,324261,138,1889
322200,323579,324267,688,1379
322201,323978,324275,297,1777
322200,323582,324276,694,1382
322201,323989,324277,288,1788
322201,323978,324278,300,1777
322201,323987,324280,293,1786
322201,323990,324280,290,1789
322201,323986,324280,294,1785
322201,323988,324282,294,1787
322201,323986,324283,297,1785
322234,324138,324287,149,1904
322201,323994,324289,295,1793
322234,324156,324293,137,1922
322201,323996,324293,297,1795
322234,324157,324297,140,1923
322235,324240,324302,62,2005
322234,324164,324303,139,1930
322234,324174,324307,133,1940
322235,324248,324309,61,2013
322235,324251,324312,61,2016
322235,324251,324312,61,2016
322235,324252,324314,62,2017
322235,324253,324315,62,2018
322234,324176,324315,139,1942
322234,324182,324321,139,1948
322235,324258,324321,63,2023
322235,324258,324321,63,2023
322235,324258,324322,64,2023
322235,324261,324325,64,2026
322234,324185,324326,141,1951
322234,324192,324332,140,1958
322234,324203,324334,131,1969
322235,324275,324338,63,2040
322234,324200,324338,138,1966
322235,324278,324340,62,2043
322200,323664,324342,678,1464
322235,324281,324342,61,2046
322235,324281,324342,61,2046
322235,324278,324344,66,2043
322235,324280,324344,64,2045
322235,324283,324345,62,2048
322235,324283,324346,63,2048
322235,324208,324346,138,1973
322234,324205,324348,143,1971
322236,324291,324355,64,2055
322236,324294,324357,63,2058
322235,324220,324358,138,1985
322236,324302,324365,63,2066
322235,324222,324366,144,1987
322236,324310,324371,61,2074
322236,324313,324375,62,2077
322236,324315,324375,60,2079
322236,324313,324376,63,2077
322236,324315,324375,60,2079
322235,324239,324379,140,2004
322235,324240,324382,142,2005
322235,324243,324383,140,2008
322236,324322,324384,62,2086
322236,324323,324384,61,2087
322236,324322,324385,63,2086
322235,324246,324388,142,2011
322236,324326,324388,62,2090
322235,324262,324391,129,2027
322236,324338,324399,61,2102
322236,324341,324402,61,2105
322235,324256,324401,145,2021
322236,324342,324403,61,2106
322236,324342,324403,61,2106
322235,324268,324405,137,2033
322236,324345,324406,61,2109
322236,324345,324406,61,2109
322236,324345,324408,63,2109
322237,324347,324410,63,2110
322237,324355,324416,61,2118
322237,324358,324421,63,2121
322235,324277,324422,145,2042
322235,324287,324427,140,2052
322236,324294,324428,134,2058
322237,324366,324430,64,2129
322237,324372,324434,62,2135
322236,324297,324434,137,2061
322237,324376,324436,60,2139
322237,324375,324437,62,2138
322237,324377,324438,61,2140
322237,324376,324438,62,2139
322236,324304,324441,137,2068
322237,324384,324444,60,2147
322237,324384,324444,60,2147
322237,324386,324446,60,2149
322236,324308,324449,141,2072
322237,324389,324453,64,2152
322236,324316,324455,139,2080
322237,324400,324462,62,2163
322236,324321,324462,141,2085
322236,324326,324464,138,2090
322237,324402,324464,62,2165
322237,324404,324465,61,2167
322237,324404,324465,61,2167
322238,324407,324468,61,2169
322238,324407,324468,61,2169
322238,324409,324472,63,2171
322238,324410,324472,62,2172
322238,324416,324477,61,2178
322236,324333,324479,146,2097
322236,324334,324479,145,2098
322236,324342,324481,139,2106
322236,324338,324481,143,2102
322238,324422,324486,64,2184
322237,324347,324486,139,2110
322237,324358,324487,129,2121
322238,324430,324493,63,2192
322237,324348,324496,148,2111
322238,324434,324496,62,2196
322238,324438,324499,61,2200
322238,324437,324500,63,2199
322238,324439,324500,61,2201
322238,324437,324501,64,2199
322237,324366,324504,138,2129
322238,324444,324506,62,2206
322238,324445,324508,63,2207
322238,324447,324510,63,2209
322238,324454,324517,63,2216
322237,324382,324521,139,2145
322237,324388,324522,134,2151
322237,324392,324524,132,2155
322239,324465,324526,61,2226
322239,324466,324526,60,2227
322238,324463,324527,64,2225
322238,324465,324527,62,2227
322237,324383,324527,144,2146
322239,324468,324530,62,2229
322239,324468,324530,62,2229
322237,324380,324531,151,2143
322239,324473,324534,61,2234
322239,324473,324536,63,2234
322239,324478,324540,62,2239
322237,324402,324541,139,2165
322237,324405,324542,137,2168
322239,324486,324550,64,2247
322239,324494,324555,61,2255
322238,324422,324558,136,2184
322239,324497,324560,63,2258
322239,324499,324563,64,2260
322239,324501,324562,61,2262
322239,324500,324563,63,2261
322239,324502,324564,62,2263
322238,324428,324565,137,2190
322239,324507,324568,61,2268
322239,324508,324568,60,2269
322239,324510,324571,61,2271
322238,324435,324575,140,2197
322238,324429,324575,146,2191
322240,324518,324580,62,2278
322238,324441,324587,146,2203
322240,324527,324588,61,2287
322240,324526,324588,62,2286
322240,324527,324588,61,2287
322240,324527,324591,64,2287
322238,324455,324591,136,2217
322240,324531,324592,61,2291
322238,324449,324593,144,2211
322240,324530,324592,62,2290
322240,324535,324596,61,2295
322240,324536,324598,62,2296
322238,324463,324599,136,2225
322240,324540,324603,63,2300
322238,324465,324604,139,2227
322240,324551,324612,61,2311
322239,324480,324616,136,2241
322240,324556,324619,63,2316
322239,324482,324620,138,2243
322239,324480,324621,141,2241
322239,324482,324623,141,2243
322240,324560,324623,63,2320
322240,324563,324623,60,2323
322240,324563,324625,62,2323
322240,324564,324626,62,2324
322240,324564,324625,61,2324
322239,324487,324626,139,2248
322239,324487,324627,140,2248
322239,324497,324629,132,2258
322241,324569,324630,61,2328
322241,324569,324630,61,2328
322241,324572,324634,62,2331
322241,324581,324644,63,2340
322239,324505,324650,145,2266
322241,324589,324651,62,2348
322241,324589,324652,63,2348
322241,324591,324652,61,2350
322241,324589,324653,64,2348
322241,324593,324654,61,2352
322241,324593,324655,62,2352
322241,324596,324657,61,2355
322240,324522,324662,140,2282
322241,324599,324662,63,2358
322240,324523,324663,140,2283
322240,324532,324664,132,2292
322241,324603,324664,61,2362
322240,324525,324670,145,2285
322240,324528,324672,144,2288
322241,324613,324676,63,2372
322241,324620,324681,61,2379
322240,324543,324685,142,2303
322242,324626,324686,60,2384
322242,324624,324686,62,2382
322241,324624,324688,64,2383
322242,324626,324688,62,2384
322242,324626,324688,62,2384
322240,324542,324689,147,2302
322242,324631,324693,62,2389
322242,324631,324695,64,2389
322242,324635,324698,63,2393
322240,324559,324704,145,2319
322242,324645,324705,60,2403
322241,324576,324708,132,2335
324448,324449,324709,260,1
322240,324565,324712,147,2325
322242,324651,324712,61,2409
322242,324652,324713,61,2410
322242,324652,324714,62,2410
322242,324654,324716,62,2412
322242,324655,324717,62,2413
322242,324656,324717,61,2414
322241,324575,324718,143,2334
322242,324658,324720,62,2416
322241,324588,324723,135,2347
322241,324592,324726,134,2351
322242,324663,324726,63,2421
322242,324664,324727,63,2422
322241,324599,324729,130,2358
322241,324593,324735,142,2352
322243,324677,324739,62,2434
322243,324681,324742,61,2438
322241,324604,324744,140,2363
322243,324686,324747,61,2443
322243,324688,324749,61,2445
322243,324687,324750,63,2444
322243,324689,324751,62,2446
322243,324689,324752,63,2446
322243,324693,324755,62,2450
322243,324695,324758,63,2452
322241,324617,324758,141,2376
322243,324698,324760,62,2455
322241,324620,324759,139,2379
322241,324621,324761,140,2380
322243,324706,324768,62,2463
322242,324626,324770,144,2384
322242,324627,324771,144,2385
322243,324713,324773,60,2470
322241,324623,324774,151,2382
322242,324629,324774,145,2387
322243,324713,324776,63,2470
322243,324715,324777,62,2472
322243,324717,324777,60,2474
322243,324717,324779,62,2474
322243,324718,324780,62,2475
322244,324720,324783,63,2476
322244,324727,324789,62,2483
322244,324728,324790,62,2484
324713,324714,324795,81,1
322242,324663,324795,132,2421
322242,324651,324798,147,2409
322244,324739,324801,62,2495
322244,324743,324803,60,2499
322242,324662,324803,141,2420
322243,324670,324805,135,2427
322242,324664,324809,145,2422
322244,324748,324809,61,2504
322244,324750,324810,60,2506
322244,324751,324810,59,2507
322244,324750,324811,61,2506
322244,324753,324815,62,2509
322243,324672,324815,143,2429
322244,324756,324818,62,2512
322243,324685,324819,134,2442
322244,324758,324820,62,2514
322244,324760,324821,61,2516
322244,324768,324829,61,2524
322245,324774,324834,60,2529
322243,324690,324835,145,2447
322245,324777,324838,61,2532
322245,324777,324839,62,2532
322245,324777,324840,63,2532
322243,324704,324841,137,2461
322245,324780,324843,63,2535
322245,324781,324844,63,2536
322243,324709,324845,136,2466
322245,324784,324846,62,2539
322245,324789,324852,63,2544
322245,324791,324852,61,2546
322243,324719,324859,140,2476
322243,324712,324861,149,2469
322245,324802,324865,63,2557
322244,324724,324865,141,2480
322244,324729,324866,137,2485
322245,324804,324866,62,2559
322244,324726,324870,144,2482
322245,324810,324872,62,2565
322245,324810,324872,62,2565
322244,324736,324873,137,2492
322246,324812,324873,61,2566
322245,324811,324875,64,2566
322246,324815,324876,61,2569
322244,324744,324877,133,2500
322246,324818,324879,61,2572
322246,324820,324882,62,2574
322246,324821,324884,63,2575
322246,324829,324891,62,2583
322244,324760,324894,134,2516
322244,324759,324896,137,2515
322246,324834,324896,62,2588
322246,324838,324900,62,2592
322246,324839,324900,61,2593
322246,324840,324902,62,2594
322244,324762,324904,142,2518
322246,324844,324906,62,2598
322246,324845,324907,62,2599
322246,324846,324909,63,2600
322245,324775,324912,137,2530
322246,324852,324914,62,2606
322246,324853,324914,61,2607
322245,324771,324915,144,2526
322245,324775,324917,142,2530
322244,324771,324917,146,2527
322247,324866,324928,62,2619
322247,324865,324929,64,2618
322247,324872,324933,61,2625
322247,324873,324933,60,2626
322245,324796,324937,141,2551
322247,324873,324937,64,2626
322247,324877,324937,60,2630
322245,324799,324938,139,2554
322247,324875,324938,63,2628
322247,324879,324943,64,2632
322245,324810,324944,134,2565
322245,324804,324944,140,2559
322245,324806,324944,138,2561
322247,324883,324944,61,2636
322247,324885,324945,60,2638
322247,324891,324953,62,2644
322246,324819,324955,136,2573
322247,324897,324959,62,2650
322248,324901,324962,61,2653
322248,324901,324963,62,2653
322246,324816,324963,147,2570
322248,324903,324967,64,2655
322248,324908,324970,62,2660
322248,324910,324971,61,2662
322248,324907,324970,63,2659
322246,324835,324972,137,2589
322248,324915,324976,61,2667
322248,324915,324978,63,2667
322246,324845,324982,137,2599
322248,324929,324989,60,2681
322246,324842,324990,148,2596
322248,324930,324991,61,2682
322246,324860,324994,134,2614
322248,324934,324994,60,2686
322248,324934,324995,61,2686
322247,324862,324997,135,2615
322248,324938,324998,60,2690
322247,324866,325000,134,2619
322248,324938,325001,63,2690
322249,324939,325001,62,2690
322249,324944,325005,61,2695
322247,324871,325005,134,2624
322249,324945,325006,61,2696
322249,324945,325008,63,2696
322247,324866,325011,145,2619
322247,324873,325012,139,2626
322247,324877,325015,138,2630
322249,324954,325016,62,2705
322249,324960,325022,62,2711
322249,324963,325023,60,2714
322249,324962,325023,61,2713
322249,324967,325029,62,2718
322247,324896,325029,133,2649
322249,324971,325032,61,2722
322247,324894,325032,138,2647
322249,324971,325034,63,2722
322249,324971,325035,64,2722
322249,324977,325040,63,2728
322250,324978,325040,62,2728
322250,324990,325051,61,2740
322248,324912,325052,140,2664
322250,324991,325053,62,2741
322250,324994,325053,59,2744
322250,324995,325058,63,2745
322248,324916,325059,143,2668
322248,324918,325059,141,2670
322248,324905,325061,156,2657
322250,324999,325061,62,2749
322250,325002,325062,60,2752
322250,325001,325063,62,2751
322250,325005,325067,62,2755
322250,325006,325068,62,2756
322248,324918,325068,150,2670
322250,325009,325071,62,2759
322248,324938,325076,138,2690
322249,324945,325076,131,2696
322250,325016,325078,62,2766
322249,324944,325080,136,2695
322249,324944,325083,139,2695
322249,324938,325083,145,2689
322250,325022,325083,61,2772
322251,325023,325086,63,2772
322251,325023,325087,64,2772
322251,325029,325090,61,2778
322251,325032,325094,62,2781
322251,325034,325096,62,2783
322249,324955,325099,144,2706
322251,325036,325100,64,2785
322251,325040,325103,63,2789
322251,325041,325103,62,2790
322249,324964,325108,144,2715
322249,324973,325108,135,2724
322251,325051,325114,63,2800
322251,325054,325114,60,2803
322251,325054,325115,61,2803
322250,324983,325117,134,2733
322251,325059,325120,61,2808
322251,325062,325122,60,2811
322251,325063,325124,61,2812
322252,325064,325124,60,2812
322252,325069,325129,60,2817
322252,325068,325131,63,2816
322250,324998,325133,135,2748
322252,325072,325134,62,2820
322250,324994,325137,143,2744
322250,324990,325140,150,2740
322252,325079,325141,62,2827
322250,325013,325145,132,2763
322252,325084,325144,60,2832
322250,325000,325145,145,2750
322252,325087,325148,61,2835
322250,325005,325148,143,2755
322250,325015,325148,133,2765
322252,325088,325151,63,2836
322252,325091,325153,62,2839
322250,325011,325154,143,2761
322252,325095,325156,61,2843
322252,325097,325160,63,2845
322251,325030,325163,133,2779
322252,325101,325162,61,2849
322252,325104,325165,61,2852
322252,325104,325165,61,2852
322251,325033,325168,135,2782
322253,325115,325175,60,2862
322253,325114,325175,61,2861
322253,325116,325178,62,2863
322253,325121,325182,61,2868
322253,325123,325184,61,2870
322253,325125,325186,61,2872
322253,325125,325186,61,2872
322251,325053,325192,139,2802
322253,325130,325192,62,2877
322251,325060,325194,134,2809
322253,325132,325194,62,2879
322253,325134,325195,61,2881
322251,325059,325204,145,2808
322253,325142,325204,62,2889
322253,325145,325206,61,2892
322252,325077,325209,132,2825
322251,325062,325209,147,2811
322254,325148,325211,63,2894
322254,325151,325214,63,2897
322254,325154,325215,61,2900
322252,325069,325216,147,2817
322252,325081,325218,137,2829
322254,325157,325220,63,2903
322252,325077,325222,145,2825
322254,325160,325222,62,2906
322254,325163,325225,62,2909
322252,325084,325225,141,2832
322254,325166,325226,60,2912
322252,325084,325231,147,2832
322254,325166,325232,66,2912
322252,325100,325233,133,2848
322254,325175,325237,62,2921
322254,325175,325238,63,2921
322254,325179,325242,63,2925
322253,325109,325243,134,2856
322254,325182,325245,63,2928
322254,325185,325247,62,2931
322253,325108,325247,139,2855
322254,325187,325248,61,2933
322254,325188,325248,60,2934
322253,325118,325254,136,2865
322254,325192,325254,62,2938
322254,325195,325256,61,2941
322254,325195,325258,63,2941
322255,325204,325265,61,2949
322255,325206,325267,61,2951
322253,325138,325272,134,2885
322255,325212,325272,60,2957
322255,325214,325276,62,2959
322253,325133,325277,144,2880
322255,325215,325277,62,2960
322253,325145,325279,134,2892
322255,325221,325282,61,2966
322255,325223,325283,60,2968
322253,325141,325284,143,2888
322253,325146,325284,138,2893
322255,325226,325287,61,2971
322254,325149,325287,138,2895
322255,325226,325289,63,2971
322254,325155,325293,138,2901
322255,325233,325293,60,2978
322254,325149,325296,147,2895
322255,325238,325299,61,2983
322255,325239,325302,63,2984
322255,325242,325303,61,2987
322254,325163,325305,142,2909
322255,325246,325308,62,2991
322256,325247,325309,62,2991
322254,325168,325309,141,2914
322256,325249,325310,61,2993
322256,325249,325310,61,2993
322256,325255,325318,63,2999
322256,325257,325318,61,3001
322256,325258,325319,61,3002
322256,325266,325327,61,3010
322254,325194,325328,134,2940
322256,325268,325329,61,3012
322254,325192,325331,139,2938
322256,325273,325334,61,3017
322256,325277,325338,61,3021
322256,325278,325339,61,3022
322255,325204,325340,136,2949
322255,325210,325345,135,2955
322256,325284,325346,62,3028
322256,325283,325346,63,3027
322256,325288,325351,63,3032
322257,325290,325353,63,3033
322255,325218,325354,136,2963
322255,325209,325355,146,2954
322255,325223,325354,131,2968
322255,325216,325356,140,2961
322257,325294,325358,64,3037
322257,325299,325361,62,3042
322255,325226,325362,136,2971
322257,325303,325363,60,3046
322257,325302,325365,63,3045
322257,325308,325369,61,3051
322257,325309,325370,61,3052
322257,325310,325371,61,3053
322257,325311,325371,60,3054
322255,325231,325372,141,2976
322255,325243,325380,137,2988
322257,325319,325380,61,3062
322257,325319,325382,63,3062
322255,325233,325383,150,2978
322257,325320,325384,64,3063
322256,325247,325386,139,2991
322257,325327,325387,60,3070
322257,325329,325391,62,3072
322257,325334,325393,59,3077
322256,325255,325399,144,2999
322258,325339,325400,61,3081
322258,325339,325401,62,3081
322258,325346,325407,61,3088
322258,325347,325408,61,3089
322256,325278,325407,129,3022
322256,325273,325410,137,3017
322258,325351,325412,61,3093
322258,325353,325414,61,3095
322256,325280,325419,139,3024
322258,325359,325421,62,3101
322258,325361,325421,60,3103
322258,325364,325425,61,3106
322257,325293,325425,132,3036
322256,325285,325427,142,3029
322257,325288,325429,141,3031
322258,325370,325429,59,3112
322258,325366,325429,63,3108
322258,325370,325430,60,3112
322258,325371,325433,62,3113
322258,325372,325434,62,3114
322257,325296,325434,138,3039
322256,325285,325434,149,3029
322257,325306,325437,131,3049
322259,325380,325443,63,3121
322259,325382,325444,62,3123
322259,325385,325445,60,3126
322259,325387,325449,62,3128
322257,325310,325451,141,3053
322259,325392,325452,60,3133
322259,325394,325455,61,3135
322257,325329,325461,132,3072
322259,325401,325462,61,3142
322259,325400,325463,63,3141
322259,325408,325468,60,3149
322259,325408,325469,61,3149
322257,325332,325476,144,3075
322259,325413,325476,63,3154
322259,325415,325478,63,3156
322259,325422,325483,61,3163
322258,325346,325484,138,3088
322259,325421,325484,63,3162
322260,325425,325486,61,3165
322258,325340,325488,148,3082
322258,325355,325491,136,3097
322260,325431,325491,60,3171
322260,325430,325491,61,3170
322260,325430,325491,61,3170
322260,325434,325494,60,3174
322260,325433,325495,62,3173
322258,325355,325499,144,3097
322258,325355,325500,145,3097
322258,325357,325501,144,3099
322258,325363,325503,140,3105
322260,325444,325504,60,3184
322260,325444,325505,61,3184
322260,325446,325506,60,3186
322260,325450,325510,60,3190
322260,325452,325510,58,3192
322260,325455,325515,60,3195
322258,325373,325519,146,3115
322259,325380,325521,141,3121
322259,325384,325522,138,3125
322261,325463,325524,61,3202
322261,325464,325524,60,3203
322261,325469,325530,61,3208
322261,325470,325531,61,3209
322259,325387,325535,148,3128
322261,325477,325539,62,3216
322261,325478,325539,61,3217
322259,325400,325541,141,3141
322261,325483,325544,61,3222
322261,325485,325546,61,3224
322261,325487,325547,60,3226
322259,325408,325551,143,3149
322261,325491,325552,61,3230
322261,325492,325553,61,3231
322261,325492,325554,62,3231
322259,325410,325555,145,3151
322261,325494,325556,62,3233
322261,325496,325556,60,3235
322260,325426,325563,137,3166
322259,325419,325565,146,3160
322262,325505,325566,61,3243
322260,325430,325566,136,3170
322262,325506,325568,62,3244
322262,325507,325570,63,3245
322262,325510,325571,61,3248
322262,325511,325572,61,3249
322260,325428,325574,146,3168
322260,325438,325574,136,3178
322262,325515,325575,60,3253
322260,325435,325577,142,3175
322260,325434,325582,148,3174
322262,325524,325585,61,3262
322262,325524,325585,61,3262
322262,325532,325593,61,3270
322260,325451,325593,142,3191
322262,325531,325594,63,3269
322262,325540,325601,61,3278
322262,325540,325602,62,3278
322263,325544,325605,61,3281
322261,325476,325608,132,3215
322263,325547,325610,63,3284
322260,325462,325611,149,3202
322263,325548,325612,64,3285
322263,325553,325613,60,3290
322263,325553,325614,61,3290
322263,325555,325615,60,3292
322263,325556,325617,61,3293
322263,325556,325618,62,3293
322261,325484,325620,136,3223
322261,325489,325621,132,3228
322261,325491,325623,132,3230
322262,325500,325642,142,3238
322262,325504,325643,139,3242
322262,325501,325644,143,3239
322261,325499,325651,152,3238
322262,325520,325658,138,3258
322262,325521,325660,139,3259
322262,325522,325662,140,3260
322262,325535,325670,135,3273
322262,325542,325676,134,3280
322263,325556,325691,135,3293
322263,325552,325696,144,3289
322288,325566,325858,292,3278
322288,325569,325862,293,3281
322288,325573,325862,289,3285
322288,325572,325869,297,3284
322288,325570,325869,299,3282
322289,325576,325873,297,3287
322289,325585,325877,292,3296
322289,325585,325883,298,3296
322289,325594,325886,292,3305
322289,325595,325891,296,3306
322289,325606,325896,290,3317
322289,325603,325899,296,3314
322289,325614,325903,289,3325
322289,325617,325903,286,3328
322289,325602,325903,301,3313
322289,325611,325903,292,3322
322289,325613,325904,291,3324
322289,325615,325907,292,3326
322289,325613,325913,300,3324
322289,325618,325915,297,3329
322290,325862,326155,293,3572
322290,325862,326155,293,3572
322290,325858,326159,301,3568
322290,325869,326164,295,3579
322290,325869,326164,295,3579
322290,325877,326165,288,3587
322290,325874,326166,292,3584
322290,325887,326179,292,3597
322290,325883,326180,297,3593
322290,325892,326183,291,3602
322290,325897,326189,292,3607
322290,325900,326193,293,3610
322291,325904,326194,290,3613
322291,325903,326195,292,3612
322291,325904,326196,292,3613
322291,325903,326199,296,3612
322291,325905,326199,294,3614
322291,325908,326205,297,3617
322291,325914,326207,293,3623
322291,325915,326214,299,3624
322289,325583,326221,638,3294
322288,325567,326231,664,3279
322288,325565,326234,669,3277
322289,325575,326245,670,3286
322289,325575,326248,673,3286
322289,325577,326252,675,3288
322288,325564,326254,690,3276
322289,325612,326278,666,3323
322289,325594,326284,690,3305
322290,325652,326290,638,3362
322289,325609,326291,682,3320
322290,325643,326290,647,3353
322289,325621,326295,674,3332
322290,325645,326294,649,3355
322289,325620,326321,701,3331
322290,325643,326321,678,3353
322290,325624,326323,699,3334
322290,325659,326327,668,3369
322290,325676,326355,679,3386
322290,325660,326358,698,3370
322290,325697,326370,673,3407
322290,325671,326371,700,3381
322290,325663,326373,710,3373
322291,326155,326381,226,3864
322290,325692,326388,696,3402
322291,326155,326449,294,3864
322291,326159,326453,294,3868
322291,326164,326455,291,3873
322291,326166,326456,290,3875
322291,326167,326459,292,3876
322291,326165,326464,299,3874
322291,326180,326470,290,3889
322291,326181,326478,297,3890
322291,326184,326482,298,3893
322291,326190,326484,294,3899
322291,326197,326488,291,3906
322291,326196,326488,292,3905
322291,326193,326490,297,3902
322291,326199,326491,292,3908
322291,326195,326493,298,3904
322292,326207,326494,287,3915
322292,326200,326495,295,3908
322292,326206,326497,291,3914
322292,326214,326506,292,3922
322293,326382,326672,290,4089
322293,326449,326741,292,4156
322293,326454,326745,291,4161
322293,326457,326748,291,4164
322293,326456,326748,292,4163
322293,326460,326754,294,4167
322293,326465,326758,293,4172
322293,326471,326763,292,4178
322293,326485,326772,287,4192
322293,326479,326775,296,4186
322293,326483,326776,293,4190
322293,326488,326778,290,4195
322293,326492,326778,286,4199
322293,326488,326781,293,4195
322293,326493,326785,292,4200
322293,326491,326786,295,4198
322294,326498,326787,289,4204
322293,326496,326788,292,4203
322293,326495,326788,293,4202
322294,326507,326795,288,4213
322292,326222,326851,629,3930
322292,326252,326880,628,3960
322292,326234,326905,671,3942
322292,326246,326908,662,3954
322292,326249,326913,664,3957
322292,326232,326918,686,3940
322292,326295,326922,627,4003
322292,326290,326925,635,3998
322292,326291,326929,638,3999
322292,326291,326932,641,3999
322292,326254,326945,691,3962
322292,326284,326961,677,3992
322292,326323,326965,642,4031
322294,326673,326967,294,4379
322292,326295,326971,676,4003
322292,326278,326972,694,3986
322292,326327,327007,680,4035
322292,326322,327011,689,4030
322292,326356,327017,661,4064
322293,326373,327027,654,4080
322293,326358,327029,671,4065
322294,326742,327033,291,4448
322294,326749,327038,289,4455
322294,326745,327038,293,4451
322293,326389,327043,654,4096
322294,326748,327046,298,4454
322294,326754,327047,293,4460
322294,326758,327046,288,4464
322292,326321,327049,728,4029
322294,326764,327052,288,4470
322294,326772,327062,290,4478
322294,326776,327065,289,4482
322293,326371,327066,695,4078
322294,326777,327067,290,4483
322294,326779,327070,291,4485
322294,326782,327073,291,4488
322294,326779,327075,296,4485
322294,326789,327076,287,4495
322294,326786,327078,292,4492
322294,326788,327079,291,4494
322294,326787,327080,293,4493
322294,326789,327083,294,4495
322294,326795,327091,296,4501
322293,326372,327119,747,4079
325121,325122,327204,2082,1
322295,326967,327254,287,4672
327207,327209,327288,79,2
322295,327033,327326,293,4738
322295,327039,327327,288,4744
322295,327038,327333,295,4743
322296,327046,327335,289,4750
322296,327047,327335,288,4751
322296,327047,327338,291,4751
322296,327053,327347,294,4757
322296,327062,327353,291,4766
322296,327065,327357,292,4769
322296,327071,327361,290,4775
322296,327067,327363,296,4771
322296,327075,327364,289,4779
322296,327073,327367,294,4777
322296,327080,327368,288,4784
322296,327081,327368,287,4785
322296,327077,327369,292,4781
322296,327079,327375,296,4783
322296,327084,327381,297,4788
322296,327092,327381,289,4796
322295,326880,327518,638,4585
322294,326852,327522,670,4558
322296,327254,327551,297,4958
322295,326913,327564,651,4618
322295,326930,327565,635,4635
322295,326919,327577,658,4624
322295,326922,327586,664,4627
322295,326933,327593,660,4638
322295,326926,327600,674,4631
322295,326909,327601,692,4614
322295,326966,327602,636,4671
322295,326905,327609,704,4610
322297,327327,327616,289,5030
322296,327327,327618,291,5031
322295,326961,327619,658,4666
322297,327335,327623,288,5038
322295,326945,327625,680,4650
322297,327336,327626,290,5039
322297,327338,327628,290,5041
322295,326972,327630,658,4677
322297,327334,327630,296,5037
322295,326972,327636,664,4677
322297,327348,327638,290,5051
322297,327353,327640,287,5056
322297,327361,327646,285,5064
322297,327357,327651,294,5060
322297,327365,327652,287,5068
322297,327364,327654,290,5067
322297,327368,327658,290,5071
322295,327030,327658,628,4735
322297,327368,327658,290,5071
322297,327369,327661,292,5072
322297,327368,327663,295,5071
322297,327376,327666,290,5079
322295,327008,327682,674,4713
322295,327027,327683,656,4732
322295,327017,327694,677,4722
322296,327043,327720,677,4747
322296,327066,327721,655,4770
322295,327012,327725,713,4717
322296,327050,327753,703,4754
322296,327119,327847,728,4823
329267,329268,331146,1878,1
331148,331149,331231,82,1
333195,333196,333652,456,1
333655,333657,333742,85,2
386522,386523,386594,71,1
386598,386600,386671,71,2
386946,386947,386985,38,1
386988,386989,387057,68,1
392771,392772,394936,2164,1
394991,394992,395513,521,1
395516,395518,395589,71,2
395625,395626,395830,204,1
395834,395835,395882,47,1
396704,396705,396764,59,1
396937,396938,396997,59,1
397295,397296,397501,205,1
397504,397505,397548,43,1
397599,397601,397774,173,2
397777,397778,397857,79,1
397907,397909,398065,156,2
398068,398069,398357,288,1
398787,398788,398876,88,1
399070,399071,399136,65,1
402308,402309,402311,2,1
402318,402319,402321,2,1
402328,402328,402331,3,0
402363,402364,402366,2,1
402373,402374,402376,2,1
402390,402391,402393,2,1
402491,402492,402494,2,1
402501,402502,402504,2,1
402511,402512,402514,2,1
402521,402522,402524,2,1
402575,402576,402579,3,1
402586,402586,402589,3,0
402595,402596,402599,3,1
402606,402606,402609,3,0
402711,402712,402714,2,1
402721,402722,402724,2,1
402734,402735,402738,3,1
402744,402745,402747,2,1
402758,402758,402763,5,0
402771,402772,402777,5,1
402784,402785,402790,5,1
402798,402799,402803,4,1
495251,495252,495668,416,1
495251,495251,495691,440,0
495251,495251,495822,571,0
495251,495252,495823,571,1
495251,495251,495831,580,0
495251,495251,495849,598,0
495251,495251,495855,604,0
495251,495251,495855,604,0
495251,495251,495861,610,0
495251,495251,495882,631,0
495251,495251,495920,669,0
495251,495251,495931,680,0
495251,495252,495949,697,1
495251,495252,495998,746,1
495251,495252,496021,769,1
495251,495669,496151,482,418
495251,495832,496199,367,581
495251,495823,496203,380,572
495251,495691,496221,530,440
495251,495856,496263,407,605
495251,495883,496266,383,632
495251,495850,496272,422,599
495251,495823,496329,506,572
495251,495251,496362,1111,0
495251,495931,496396,465,680
495251,495862,496415,553,611
495251,495251,496420,1169,0
495251,495949,496424,475,698
495251,495252,496432,1180,1
495251,495251,496442,1191,0
495251,496021,496448,427,770
495251,495856,496483,627,605
495251,495921,496528,607,670
495251,495998,496533,535,747
495251,495251,496834,1583,0
498911,498912,498917,5,1
498925,498926,498931,5,1
498940,498941,498946,5,1
498954,498955,498960,5,1
499033,499033,499037,4,0
499033,499033,499040,7,0
499717,499717,499966,249,0
499717,499717,499985,268,0
499717,499717,499994,277,0
499717,499717,500015,298,0
499717,499717,500090,373,0
499717,499967,500236,269,250
499717,499986,500237,251,269
499717,499995,500267,272,278
499717,500015,500315,300,298
500194,500195,500341,146,1
499717,499717,500346,629,0
499717,499717,500354,637,0
499717,500091,500370,279,374
499717,500237,500472,235,520
499717,500237,500488,251,520
499717,499717,500507,790,0
499717,500347,500529,182,630
499717,499717,500537,820,0
499717,499717,500554,837,0
499717,499717,500573,856,0
499717,500316,500581,265,599
499717,500371,500596,225,654
499717,500354,500636,282,637
499717,500472,500671,199,755
499717,500507,500673,166,790
499717,500268,500686,418,551
499717,500488,500719,231,771
500591,500592,501096,504,1
501347,501347,501486,139,0
501737,501738,501902,164,1
502544,502545,502547,2,1
502554,502555,502557,2,1
502564,502565,502566,1,1
502574,502574,502576,2,0
499717,499717,502584,2867,0
502656,502657,502659,2,1
499717,499717,502667,2950,0
502666,502667,502669,2,1
499717,499717,502670,2953,0
502676,502677,502678,1,1
502686,502686,502688,2,0
502841,502842,502844,2,1
502851,502852,502853,1,1
502860,502861,502863,2,1
502870,502871,502873,2,1
499717,499717,502981,3264,0
499717,499717,503050,3333,0
499717,499717,503057,3340,0
499717,499717,503263,3546,0
499717,499717,503334,3617,0
499717,499717,503333,3616,0
503190,503190,503386,196,0
503699,503700,503876,176,1
503914,503914,503918,4,0
503914,503914,503918,4,0
503914,503914,503919,5,0
503914,503914,503919,5,0
503914,503914,503918,4,0
503914,503914,503919,5,0
503914,503914,503918,4,0
503914,503914,503919,5,0
503914,503914,503919,5,0
503914,503914,503919,5,0
503914,503914,503919,5,0
503914,503914,503919,5,0
503914,503914,503919,5,0
503914,503914,503919,5,0
503914,503914,503919,5,0
503914,503914,503919,5,0
503914,503914,503919,5,0
503914,503914,503919,5,0
503914,503914,503919,5,0
503914,503914,503920,6,0
503914,503919,503923,4,5
503914,503919,503923,4,5
503914,503919,503923,4,5
503914,503919,503923,4,5
503914,503919,503923,4,5
503914,503920,503923,3,6
503914,503920,503924,4,6
503914,503919,503923,4,5
503914,503920,503924,4,6
503914,503920,503925,5,6
503914,503920,503924,4,6
503914,503920,503924,4,6
503914,503920,503924,4,6
503914,503920,503925,5,6
503914,503919,503924,5,5
504195,504196,504403,207,1
504712,504713,504933,220,1
505406,505406,505411,5,0
505406,505406,505411,5,0
505406,505406,505411,5,0
505406,505406,505411,5,0
505406,505406,505410,4,0
505406,505406,505411,5,0
505406,505406,505410,4,0
505406,505406,505411,5,0
505406,505406,505410,4,0
505406,505406,505411,5,0
505406,505406,505411,5,0
505406,505406,505411,5,0
505406,505406,505410,4,0
505406,505406,505410,4,0
505406,505406,505411,5,0
505406,505406,505411,5,0
505406,505406,505411,5,0
505406,505406,505410,4,0
505406,505406,505412,6,0
505406,505406,505411,5,0
505406,505411,505415,4,5
505406,505411,505415,4,5
505406,505411,505415,4,5
505406,505411,505416,5,5
505406,505411,505416,5,5
505406,505411,505416,5,5
505406,505411,505416,5,5
505406,505411,505416,5,5
505406,505411,505416,5,5
505406,505411,505416,5,5
505406,505411,505416,5,5
505406,505411,505416,5,5
505406,505411,505416,5,5
505406,505411,505416,5,5
505406,505412,505417,5,6
505406,505411,505417,6,5
505406,505411,505417,6,5
505406,505411,505417,6,5
505406,505411,505417,6,5
505406,505412,505417,5,6
505406,505415,505419,4,9
505406,505416,505420,4,10
505406,505416,505420,4,10
505406,505416,505420,4,10
505406,505416,505420,4,10
505406,505416,505421,5,10
505406,505416,505420,4,10
505406,505416,505421,5,10
505406,505416,505421,5,10
505406,505416,505421,5,10
505406,505417,505421,4,11
505406,505417,505421,4,11
505406,505416,505421,5,10
505406,505416,505421,5,10
505406,505417,505421,4,11
505406,505417,505422,5,11
505406,505417,505422,5,11
505406,505416,505422,6,10
505406,505417,505421,4,11
505406,505417,505422,5,11
505406,505420,505424,4,14
505406,505420,505424,4,14
505406,505420,505424,4,14
505406,505422,505424,2,16
505406,505422,505424,2,16
505406,505422,505424,2,16
505406,505422,505424,2,16
505406,505422,505425,3,16
505406,505421,505424,3,15
505406,505422,505424,2,16
505406,505422,505424,2,16
505406,505422,505425,3,16
505406,505422,505425,3,16
505406,505423,505425,2,17
505406,505422,505425,3,16
505406,505422,505426,4,16
505406,505420,505425,5,14
505406,505422,505425,3,16
505406,505423,505426,3,17
505406,505423,505426,3,17
505406,505425,505427,2,19
505406,505425,505427,2,19
505406,505425,505428,3,19
505406,505425,505427,2,19
505406,505425,505428,3,19
505406,505426,505428,2,20
505406,505426,505428,2,20
505406,505425,505428,3,19
505406,505426,505428,2,20
505406,505426,505428,2,20
505406,505426,505429,3,20
505406,505426,505429,3,20
505406,505425,505429,4,19
505406,505427,505429,2,21
505406,505425,505429,4,19
505406,505425,505429,4,19
505406,505425,505429,4,19
505406,505425,505430,5,19
505406,505426,505429,3,20
505406,505427,505430,3,21
505406,505428,505430,2,22
505406,505428,505431,3,22
505406,505428,505431,3,22
505406,505428,505431,3,22
505406,505429,505431,2,23
505406,505429,505431,2,23
505406,505429,505432,3,23
505406,505429,505431,2,23
505406,505430,505432,2,24
505406,505429,505433,4,23
505406,505430,505432,2,24
505406,505430,505432,2,24
505406,505430,505433,3,24
505406,505430,505433,3,24
505406,505429,505433,4,23
505406,505429,505434,5,23
505406,505429,505433,4,23
505406,505431,505434,3,25
505406,505430,505434,4,24
505406,505430,505434,4,24
505406,505431,505434,3,25
505406,505432,505434,2,26
505406,505432,505435,3,26
505406,505431,505435,4,25
505406,505431,505435,4,25
505406,505432,505435,3,26
505406,505433,505436,3,27
505406,505433,505436,3,27
505406,505433,505436,3,27
505406,505432,505436,4,26
505406,505433,505436,3,27
505406,505431,505436,5,25
505406,505433,505436,3,27
505406,505434,505437,3,28
505406,505434,505437,3,28
505406,505434,505437,3,28
505406,505434,505437,3,28
505406,505434,505437,3,28
505406,505434,505437,3,28
505406,505434,505438,4,28
505406,505435,505438,3,29
505406,505435,505438,3,29
505406,505435,505438,3,29
505406,505435,505438,3,29
505406,505435,505438,3,29
505406,505433,505438,5,27
505406,505436,505439,3,30
505406,505436,505439,3,30
505406,505436,505439,3,30
505406,505436,505439,3,30
505406,505436,505439,3,30
505406,505437,505440,3,31
505406,505437,505440,3,31
505406,505437,505440,3,31
505406,505436,505440,4,30
505406,505437,505440,3,31
505406,505437,505440,3,31
505406,505437,505440,3,31
505406,505438,505441,3,32
505406,505437,505441,4,31
505406,505438,505441,3,32
505406,505438,505442,4,32
505406,505439,505442,3,33
505406,505439,505442,3,33
505406,505438,505442,4,32
505406,505438,505442,4,32
505406,505439,505442,3,33
505406,505439,505442,3,33
505406,505439,505442,3,33
505406,505439,505443,4,33
505406,505440,505443,3,34
505406,505440,505443,3,34
505406,505440,505443,3,34
505406,505440,505443,3,34
505406,505440,505443,3,34
505406,505440,505443,3,34
505406,505440,505443,3,34
505406,505439,505444,5,33
505406,505441,505444,3,35
505406,505441,505444,3,35
505406,505441,505444,3,35
505406,505442,505445,3,36
505406,505442,505445,3,36
505406,505442,505445,3,36
505406,505442,505445,3,36
505406,505442,505445,3,36
505406,505443,505446,3,37
505406,505443,505446,3,37
505406,505443,505446,3,37
505406,505443,505446,3,37
505406,505443,505446,3,37
505406,505442,505446,4,36
505406,505443,505446,3,37
505406,505442,505446,4,36
505406,505443,505447,4,37
505406,505443,505447,4,37
505406,505444,505447,3,38
505406,505442,505447,5,36
505406,505444,505447,3,38
505406,505444,505448,4,38
505455,505455,505457,2,0
505455,505455,505457,2,0
505455,505455,505457,2,0
505455,505455,505457,2,0
505455,505455,505457,2,0
505455,505455,505457,2,0
505455,505455,505457,2,0
505455,505455,505457,2,0
505455,505455,505457,2,0
505455,505455,505458,3,0
505455,505455,505459,4,0
505455,505455,505459,4,0
505455,505455,505458,3,0
505455,505455,505458,3,0
505455,505455,505458,3,0
505455,505455,505459,4,0
505455,505455,505459,4,0
505455,505455,505459,4,0
505455,505455,505458,3,0
505455,505455,505459,4,0
505455,505458,505461,3,3
505455,505458,505461,3,3
505455,505458,505460,2,3
505455,505458,505460,2,3
505455,505458,505460,2,3
505455,505458,505460,2,3
505455,505458,505460,2,3
505455,505458,505462,4,3
505455,505458,505462,4,3
505455,505459,505462,3,4
505455,505458,505462,4,3
505455,505459,505461,2,4
505455,505459,505461,2,4
505455,505459,505462,3,4
505455,505459,505462,3,4
505455,505459,505463,4,4
505455,505459,505463,4,4
505455,505459,505463,4,4
505455,505459,505462,3,4
505455,505460,505462,2,5
505455,505461,505463,2,6
505455,505461,505464,3,6
505455,505461,505464,3,6
505455,505461,505464,3,6
505455,505461,505465,4,6
505455,505462,505465,3,7
505455,505462,505465,3,7
505455,505461,505465,4,6
505455,505462,505465,3,7
505455,505462,505465,3,7
505455,505461,505465,4,6
505455,505462,505465,3,7
505455,505462,505466,4,7
505455,505463,505466,3,8
505455,505463,505466,3,8
505455,505463,505466,3,8
505455,505462,505466,4,7
505455,505463,505466,3,8
505455,505463,505467,4,8
505455,505464,505467,3,9
505455,505463,505468,5,8
505455,505464,505468,4,9
505455,505464,505468,4,9
505455,505465,505468,3,10
505455,505465,505468,3,10
505455,505465,505468,3,10
505455,505465,505468,3,10
505455,505465,505468,3,10
505455,505465,505468,3,10
505455,505465,505468,3,10
505455,505466,505469,3,11
505455,505464,505469,5,9
505455,505465,505469,4,10
505455,505467,505470,3,12
505455,505466,505470,4,11
505455,505467,505470,3,12
505455,505466,505470,4,11
505455,505466,505471,5,11
505455,505466,505471,5,11
505455,505468,505471,3,13
505455,505468,505471,3,13
505455,505466,505471,5,11
505455,505468,505472,4,13
505455,505468,505472,4,13
505455,505468,505472,4,13
505455,505468,505472,4,13
505455,505468,505472,4,13
505455,505468,505472,4,13
505455,505469,505473,4,14
505455,505468,505472,4,13
505455,505469,505473,4,14
505455,505469,505473,4,14
505455,505468,505474,6,13
505455,505470,505474,4,15
505455,505470,505474,4,15
505455,505470,505474,4,15
505455,505471,505475,4,16
505455,505471,505475,4,16
505455,505471,505475,4,16
505455,505471,505475,4,16
505455,505470,505475,5,15
505455,505472,505476,4,17
505455,505472,505476,4,17
505455,505472,505476,4,17
505455,505472,505476,4,17
505455,505471,505476,5,16
505455,505472,505476,4,17
505455,505473,505477,4,18
505455,505472,505477,5,17
505455,505473,505477,4,18
505455,505473,505477,4,18
505455,505474,505478,4,19
505455,505474,505478,4,19
505455,505473,505478,5,18
505455,505474,505479,5,19
505455,505475,505479,4,20
505455,505474,505479,5,19
505455,505475,505479,4,20
505455,505476,505479,3,21
505455,505475,505480,5,20
505455,505476,505480,4,21
505455,505477,505480,3,22
505455,505477,505480,3,22
505455,505477,505481,4,22
505455,505477,505481,4,22
505455,505477,505481,4,22
505455,505478,505481,3,23
505455,505477,505481,4,22
505455,505478,505482,4,23
505455,505478,505482,4,23
505455,505479,505483,4,24
505455,505478,505482,4,23
505455,505479,505483,4,24
505455,505480,505485,5,25
505455,505480,505486,6,25
505468,505469,505650,181,1
505979,505980,506205,225,1
506528,506529,506768,239,1
507107,507108,507365,257,1
509922,509923,510195,272,1
510522,510523,510801,278,1
511137,511138,511420,282,1
511725,511726,512010,284,1
512234,512235,512237,2,1
512244,512245,512247,2,1
512254,512255,512257,2,1
512264,512265,512266,1,1
512523,512523,512578,55,0
512649,512649,512706,57,0
512779,512780,512844,64,1
512915,512916,512980,64,1
513651,513652,513741,89,1
513841,513842,513910,68,1
514016,514017,514087,70,1
514194,514195,514271,76,1
516816,516818,516966,148,2
517165,517165,517297,132,0
517486,517487,517616,129,1
517823,517824,517950,126,1
518444,518445,518461,16,1
518479,518479,518497,18,0
518512,518513,518529,16,1
518545,518546,518563,17,1
567894,567894,567900,6,0
567894,567894,567900,6,0
567894,567894,567899,5,0
567894,567894,567900,6,0
567894,567894,567900,6,0
567894,567894,567900,6,0
567894,567894,567901,7,0
567894,567894,567901,7,0
567894,567894,567900,6,0
567894,567894,567901,7,0
567894,567894,567900,6,0
567894,567894,567901,7,0
567894,567894,567901,7,0
567894,567894,567901,7,0
567894,567894,567901,7,0
567894,567894,567901,7,0
567894,567894,567901,7,0
567894,567894,567902,8,0
567894,567894,567901,7,0
567894,567894,567904,10,0
567894,567900,567905,5,6
567894,567900,567905,5,6
567894,567900,567905,5,6
567894,567900,567905,5,6
567894,567901,567906,5,7
567894,567901,567907,6,7
567894,567901,567907,6,7
567894,567901,567906,5,7
567894,567901,567907,6,7
567894,567902,567908,6,8
567894,567902,567908,6,8
567894,567901,567908,7,7
567894,567902,567908,6,8
567894,567902,567908,6,8
567894,567901,567908,7,7
567894,567902,567908,6,8
567894,567902,567908,6,8
567894,567902,567909,7,8
567894,567904,567909,5,10
567894,567905,567910,5,11
567894,567905,567910,5,11
567894,567905,567910,5,11
567894,567907,567911,4,13
567894,567902,567911,9,8
567894,567907,567911,4,13
567894,567906,567911,5,12
567894,567907,567912,5,13
567894,567908,567913,5,14
567894,567908,567913,5,14
567894,567907,567912,5,13
567894,567907,567913,6,13
567894,567908,567913,5,14
567894,567908,567913,5,14
567894,567908,567914,6,14
567894,567909,567915,6,15
567894,567909,567915,6,15
567894,567910,567915,5,16
567894,567910,567916,6,16
567894,567911,567916,5,17
567894,567912,567916,4,18
567894,567909,567916,7,15
567894,567909,567917,8,15
567894,567913,567917,4,19
567894,567911,567917,6,17
567894,567912,567918,6,18
567894,567913,567917,4,19
567894,567913,567918,5,19
567894,567911,567917,6,17
567894,567912,567918,6,18
567894,567914,567918,4,20
567894,567913,567918,5,19
567894,567914,567918,4,20
567894,567915,567919,4,21
567894,567913,567920,7,19
567894,567914,567920,6,20
567894,567916,567920,4,22
567894,567916,567921,5,22
567894,567916,567921,5,22
567894,567916,567921,5,22
567894,567917,567922,5,23
567894,567918,567922,4,24
567894,567917,567922,5,23
567894,567918,567922,4,24
567894,567918,567922,4,24
567894,567917,567923,6,23
567894,567917,567923,6,23
567894,567918,567923,5,24
567894,567918,567924,6,24
567894,567916,567924,8,22
567894,567919,567924,5,25
567894,567921,567924,3,27
567894,567920,567924,4,26
567894,567918,567925,7,24
567894,567921,567925,4,27
567894,567919,567925,6,25
567894,567921,567925,4,27
567894,567922,567925,3,28
567894,567921,567926,5,27
567894,567922,567926,4,28
567894,567923,567926,3,29
567894,567922,567927,5,28
567894,567920,567927,7,26
567894,567923,567927,4,29
567894,567924,567928,4,30
567894,567924,567927,3,30
567894,567923,567927,4,29
567894,567923,567928,5,29
567894,567925,567928,3,31
567894,567925,567928,3,31
567894,567926,567929,3,32
567894,567925,567929,4,31
567894,567926,567930,4,32
567894,567925,567930,5,31
567894,567924,567930,6,30
567894,567925,567930,5,31
567894,567926,567931,5,32
567894,567927,567931,4,33
567894,567927,567931,4,33
567894,567927,567932,5,33
567894,567928,567931,3,34
567894,567928,567931,3,34
567894,567926,567932,6,32
567894,567928,567932,4,34
567894,567926,567932,6,32
567894,567928,567932,4,34
567894,567928,567933,5,34
567894,567929,567933,4,35
567894,567929,567933,4,35
567894,567929,567933,4,35
567894,567930,567934,4,36
567894,567931,567935,4,37
567894,567931,567935,4,37
567894,567930,567935,5,36
567894,567931,567936,5,37
567894,567932,567936,4,38
567894,567932,567936,4,38
567894,567930,567935,5,36
567894,567932,567935,3,38
567894,567932,567936,4,38
567894,567932,567937,5,38
567894,567933,567937,4,39
567894,567933,567936,3,39
567894,567931,567937,6,37
567894,567934,567938,4,40
567894,567934,567937,3,40
567894,567933,567937,4,39
567894,567933,567938,5,39
567894,567934,567939,5,40
567894,567934,567939,5,40
567894,567936,567939,3,42
567894,567936,567940,4,42
567894,567935,567940,5,41
567894,567936,567940,4,42
567894,567936,567939,3,42
567894,567936,567940,4,42
567894,567937,567941,4,43
567894,567936,567941,5,42
567894,567935,567941,6,41
567894,567937,567942,5,43
567894,567937,567942,5,43
567894,567935,567942,7,41
567894,567938,567942,4,44
567894,567937,567942,5,43
567894,567939,567942,3,45
567894,567938,567942,4,44
567894,567938,567943,5,44
567894,567938,567944,6,44
567894,567939,567943,4,45
567894,567940,567944,4,46
567894,567941,567944,3,47
567894,567941,567945,4,47
567894,567940,567944,4,46
567894,567941,567945,4,47
567894,567940,567945,5,46
567894,567942,567945,3,48
567894,567940,567945,5,46
567894,567941,567946,5,47
567894,567940,567946,6,46
567894,567942,567947,5,48
567894,567942,567946,4,48
567894,567940,567947,7,46
567894,567942,567947,5,48
567894,567943,567948,5,49
567894,567944,567948,4,50
567894,567943,567948,5,49
567894,567945,567949,4,51
567894,567945,567949,4,51
567894,567943,567949,6,49
567894,567944,567949,5,50
567894,567945,567949,4,51
567894,567945,567950,5,51
567894,567944,567949,5,50
567894,567945,567950,5,51
567894,567945,567951,6,51
567894,567946,567951,5,52
567894,567946,567951,5,52
567894,567947,567951,4,53
567894,567946,567951,5,52
567894,567946,567952,6,52
567894,567947,567953,6,53
567960,567960,567964,4,0
567960,567960,567963,3,0
567960,567960,567963,3,0
567960,567960,567963,3,0
567960,567960,567964,4,0
567960,567960,567964,4,0
567960,567960,567964,4,0
567960,567960,567964,4,0
567960,567960,567964,4,0
567960,567960,567965,5,0
567960,567960,567964,4,0
567960,567960,567965,5,0
567960,567960,567965,5,0
567960,567960,567965,5,0
567960,567960,567965,5,0
567960,567960,567965,5,0
567960,567960,567965,5,0
567960,567960,567966,6,0
567960,567960,567966,6,0
567960,567960,567967,7,0
567960,567964,567968,4,4
567960,567965,567968,3,5
567960,567965,567969,4,5
567960,567964,567969,5,4
567960,567965,567968,3,5
567960,567964,567969,5,4
567960,567965,567968,3,5
567960,567965,567969,4,5
567960,567965,567969,4,5
567960,567966,567969,3,6
567960,567965,567969,4,5
567960,567964,567969,5,4
567960,567966,567970,4,6
567960,567966,567971,5,6
567960,567966,567971,5,6
567960,567966,567970,4,6
567960,567966,567971,5,6
567960,567965,567971,6,5
567960,567967,567972,5,7
567960,567967,567973,6,7
567960,567969,567974,5,9
567960,567969,567973,4,9
567960,567970,567974,4,10
567960,567969,567974,5,9
567960,567969,567975,6,9
567960,567969,567975,6,9
567960,567969,567975,6,9
567960,567969,567975,6,9
567960,567970,567974,4,10
567960,567970,567975,5,10
567960,567971,567975,4,11
567960,567971,567976,5,11
567960,567969,567976,7,9
567960,567971,567976,5,11
567960,567971,567976,5,11
567960,567972,567977,5,12
567960,567972,567976,4,12
567960,567970,567977,7,10
567960,567974,567978,4,14
567960,567973,567978,5,13
567960,567974,567979,5,14
567960,567974,567979,5,14
567960,567974,567979,5,14
567960,567975,567980,5,15
567960,567975,567980,5,15
567960,567975,567979,4,15
567960,567975,567979,4,15
567960,567976,567981,5,16
567960,567976,567981,5,16
567960,567974,567981,7,14
567960,567977,567982,5,17
567960,567976,567981,5,16
567960,567975,567982,7,15
567960,567976,567982,6,16
567960,567977,567982,5,17
567960,567976,567982,6,16
567960,567977,567982,5,17
567960,567977,567982,5,17
567960,567978,567983,5,18
567960,567978,567983,5,18
567960,567979,567984,5,19
567960,567979,567984,5,19
567960,567979,567984,5,19
567960,567980,567985,5,20
567960,567980,567986,6,20
567960,567980,567986,6,20
567960,567981,567986,5,21
567960,567981,567986,5,21
567960,567982,567987,5,22
567960,567982,567987,5,22
567960,567982,567987,5,22
567960,567980,567986,6,20
567960,567982,567987,5,22
567960,567982,567988,6,22
567960,567982,567988,6,22
567960,567982,567988,6,22
567960,567982,567988,6,22
567960,567983,567988,5,23
567960,567983,567989,6,23
567960,567984,567990,6,24
567960,567983,567990,7,23
567960,567984,567990,6,24
567960,567984,567991,7,24
567960,567985,567991,6,25
567960,567986,567991,5,26
567960,567986,567991,5,26
567960,567986,567992,6,26
567960,567986,567992,6,26
567960,567987,567992,5,27
567960,567987,567993,6,27
567960,567987,567993,6,27
567960,567987,567993,6,27
567960,567987,567993,6,27
567960,567989,567993,4,29
567960,567988,567994,6,28
567960,567988,567994,6,28
567960,567989,567994,5,29
567960,567989,567994,5,29
567960,567991,567995,4,31
567960,567990,567996,6,30
567960,567990,567996,6,30
567960,567992,567996,4,32
567960,567992,567996,4,32
567960,567992,567997,5,32
567960,567992,567997,5,32
567960,567993,567997,4,33
567960,567994,567999,5,34
567960,567993,567998,5,33
567960,567994,567998,4,34
567960,567993,567998,5,33
567960,567994,567999,5,34
567960,567994,567999,5,34
567960,567991,567999,8,31
567960,567994,567999,5,34
567960,567994,568002,8,34
568136,568136,568142,6,0
568136,568136,568142,6,0
568136,568136,568142,6,0
568136,568136,568142,6,0
568136,568136,568142,6,0
568136,568136,568142,6,0
568136,568136,568142,6,0
568136,568136,568143,7,0
568136,568136,568143,7,0
568136,568136,568144,8,0
568136,568136,568143,7,0
568136,568136,568144,8,0
568136,568136,568145,9,0
568136,568136,568145,9,0
568136,568136,568145,9,0
568136,568136,568144,8,0
568136,568136,568145,9,0
568136,568136,568146,10,0
568136,568136,568147,11,0
568136,568136,568148,12,0
568136,568143,568148,5,7
568136,568143,568149,6,7
568136,568143,568149,6,7
568136,568143,568149,6,7
568136,568143,568149,6,7
568136,568143,568149,6,7
568136,568143,568150,7,7
568136,568145,568150,5,9
568136,568145,568151,6,9
568136,568145,568151,6,9
568136,568144,568151,7,8
568136,568144,568151,7,8
568136,568146,568153,7,10
568136,568144,568153,9,8
568136,568145,568152,7,9
568136,568144,568152,8,8
568136,568146,568152,6,10
568136,568148,568155,7,12
568136,568145,568154,9,9
568136,568149,568155,6,13
568136,568147,568155,8,11
568136,568150,568156,6,14
568136,568149,568156,7,13
568136,568150,568157,7,14
568136,568150,568159,9,14
568136,568153,568159,6,17
568136,568151,568159,8,15
568136,568152,568159,7,16
568136,568150,568159,9,14
568136,568152,568159,7,16
568136,568153,568159,6,17
568136,568153,568160,7,17
568136,568153,568161,8,17
568136,568151,568161,10,15
568136,568155,568161,6,19
568136,568153,568160,7,17
568136,568152,568162,10,16
568136,568155,568162,7,19
568136,568152,568162,10,16
568136,568156,568163,7,20
568136,568156,568163,7,20
568136,568155,568163,8,19
568136,568157,568164,7,21
568136,568156,568164,8,20
568136,568159,568165,6,23
568136,568160,568165,5,24
568136,568159,568166,7,23
568136,568160,568165,5,24
568136,568161,568167,6,25
568136,568159,568166,7,23
568136,568161,568166,5,25
568136,568159,568168,9,23
568136,568159,568167,8,23
568136,568162,568168,6,26
568136,568162,568168,6,26
568136,568161,568169,8,25
568136,568163,568169,6,27
568136,568161,568169,8,25
568136,568159,568171,12,23
568136,568164,568171,7,28
568136,568165,568171,6,29
568136,568165,568171,6,29
568136,568162,568172,10,26
568136,568167,568172,5,31
568136,568163,568173,10,27
568136,568168,568173,5,32
568136,568166,568173,7,30
568136,568164,568174,10,28
568136,568169,568174,5,33
568136,568168,568173,5,32
568136,568167,568174,7,31
568136,568166,568175,9,30
568136,568163,568176,13,27
568136,568169,568176,7,33
568136,568172,568176,4,36
568136,568172,568176,4,36
568136,568172,568176,4,36
568136,568168,568177,9,32
568136,568169,568177,8,33
568136,568171,568178,7,35
568136,568174,568178,4,38
568136,568167,568178,11,31
568136,568168,568178,10,32
568136,568175,568180,5,39
568136,568173,568180,7,37
568136,568174,568180,6,38
568136,568172,568180,8,36
568136,568172,568181,9,36
568136,568175,568181,6,39
568136,568175,568181,6,39
568136,568179,568183,4,43
568136,568174,568182,8,38
568136,568177,568182,5,41
568136,568179,568182,3,43
568136,568178,568183,5,42
568136,568178,568183,5,42
568136,568179,568183,4,43
568136,568180,568184,4,44
568136,568174,568184,10,38
568136,568177,568184,7,41
568136,568179,568184,5,43
568136,568181,568184,3,45
568136,568181,568185,4,45
568136,568177,568185,8,41
568136,568177,568185,8,41
568136,568182,568186,4,46
568136,568183,568186,3,47
568136,568183,568187,4,47
568136,568182,568188,6,46
568136,568176,568188,12,40
568136,568181,568189,8,45
568136,568184,568189,5,48
568136,568183,568189,6,47
568136,568185,568190,5,49
568136,568187,568191,4,51
568136,568187,568191,4,51
568136,568184,568191,7,48
568136,568184,568191,7,48
568136,568182,568192,10,46
568136,568188,568192,4,52
568136,568187,568192,5,51
568136,568186,568192,6,50
568136,568185,568192,7,49
568136,568185,568192,7,49
568136,568183,568193,10,47
568136,568184,568193,9,48
568136,568186,568194,8,50
568136,568190,568194,4,54
568136,568185,568194,9,49
568136,568189,568195,6,53
568136,568191,568196,5,55
568136,568192,568196,4,56
568136,568186,568195,9,50
568136,568190,568195,5,54
568136,568190,568196,6,54
568136,568191,568195,4,55
568136,568192,568196,4,56
568136,568192,568197,5,56
568136,568193,568199,6,57
568136,568193,568199,6,57
568136,568194,568199,5,58
568136,568196,568199,3,60
568136,568196,568200,4,60
568136,568191,568199,8,55
568136,568196,568200,4,60
568136,568196,568200,4,60
568136,568196,568200,4,60
568136,568196,568201,5,60
568136,568195,568200,5,59
568136,568193,568200,7,57
568136,568195,568201,6,59
568136,568194,568201,7,58
568136,568192,568202,10,56
568136,568195,568201,6,59
568136,568196,568202,6,60
568136,568198,568202,4,62
568136,568199,568203,4,63
568136,568193,568203,10,57
568136,568199,568203,4,63
568136,568200,568204,4,64
568136,568200,568204,4,64
568136,568200,568204,4,64
568136,568197,568204,7,61
568136,568201,568205,4,65
568136,568199,568206,7,63
568136,568200,568205,5,64
568136,568201,568207,6,65
568136,568201,568207,6,65
568136,568202,568208,6,66
568136,568204,568208,4,68
568136,568200,568208,8,64
568136,568203,568208,5,67
568136,568203,568208,5,67
568136,568201,568209,8,65
568136,568202,568210,8,66
568136,568201,568209,8,65
568136,568202,568210,8,66
568136,568203,568210,7,67
568136,568201,568210,9,65
568136,568203,568214,11,67
568222,568222,568226,4,0
568222,568222,568226,4,0
568222,568222,568226,4,0
568222,568222,568225,3,0
568222,568222,568227,5,0
568222,568222,568227,5,0
568222,568222,568227,5,0
568222,568222,568228,6,0
568222,568222,568227,5,0
568222,568222,568227,5,0
568222,568222,568227,5,0
568222,568222,568228,6,0
568222,568222,568227,5,0
568222,568222,568227,5,0
568222,568222,568228,6,0
568222,568222,568229,7,0
568222,568222,568228,6,0
568222,568222,568229,7,0
568222,568222,568228,6,0
568222,568226,568231,5,4
568222,568226,568232,6,4
568222,568222,568232,10,0
568222,568228,568232,4,6
568222,568228,568233,5,6
568222,568229,568234,5,7
568222,568226,568233,7,4
568222,568228,568233,5,6
568222,568226,568233,7,4
568222,568227,568234,7,5
568222,568228,568234,6,6
568222,568229,568234,5,7
568222,568228,568234,6,6
568222,568228,568235,7,6
568222,568228,568234,6,6
568222,568229,568235,6,7
568222,568231,568235,4,9
568222,568228,568235,7,6
568222,568228,568236,8,6
568222,568229,568236,7,7
568222,568229,568235,6,7
568222,568233,568237,4,11
568222,568234,568238,4,12
568222,568234,568238,4,12
568222,568235,568240,5,13
568222,568235,568240,5,13
568222,568234,568240,6,12
568222,568235,568240,5,13
568222,568234,568240,6,12
568222,568235,568240,5,13
568222,568235,568241,6,13
568222,568236,568240,4,14
568222,568232,568241,9,10
568222,568236,568241,5,14
568222,568234,568241,7,12
568222,568236,568240,4,14
568222,568233,568241,8,11
568222,568233,568242,9,11
568222,568236,568241,5,14
568222,568234,568242,8,12
568222,568238,568242,4,16
568222,568238,568243,5,16
568222,568238,568243,5,16
568222,568240,568244,4,18
568222,568235,568244,9,13
568222,568241,568245,4,19
568222,568241,568245,4,19
568222,568241,568245,4,19
568222,568240,568246,6,18
568222,568240,568246,6,18
568222,568242,568246,4,20
568222,568240,568246,6,18
568222,568240,568247,7,18
568222,568240,568247,7,18
568222,568241,568247,6,19
568222,568241,568247,6,19
568222,568242,568247,5,20
568222,568242,568248,6,20
568222,568243,568248,5,21
568222,568241,568248,7,19
568222,568243,568248,5,21
568222,568244,568249,5,22
568222,568244,568249,5,22
568222,568241,568250,9,19
568222,568245,568251,6,23
568222,568244,568252,8,22
568222,568245,568252,7,23
568222,568247,568252,5,25
568222,568247,568252,5,25
568222,568246,568252,6,24
568222,568247,568253,6,25
568222,568247,568253,6,25
568222,568246,568253,7,24
568222,568245,568253,8,23
568222,568246,568254,8,24
568222,568248,568254,6,26
568222,568249,568254,5,27
568222,568248,568255,7,26
568222,568246,568255,9,24
568222,568248,568257,9,26
568222,568250,568257,7,28
568222,568248,568257,9,26
568222,568252,568258,6,30
568222,568250,568258,8,28
568222,568252,568258,6,30
568222,568252,568258,6,30
568222,568253,568259,6,31
568222,568253,568259,6,31
568222,568253,568259,6,31
568222,568251,568260,9,29
568222,568248,568260,12,26
568222,568252,568260,8,30
568222,568255,568260,5,33
568222,568253,568261,8,31
568222,568255,568260,5,33
568222,568255,568260,5,33
568222,568255,568262,7,33
568222,568252,568262,10,30
568222,568255,568262,7,33
568222,568257,568264,7,35
568222,568258,568264,6,36
568222,568257,568265,8,35
568222,568260,568265,5,38
568222,568260,568266,6,38
568222,568259,568265,6,37
568222,568260,568265,5,38
568222,568261,568266,5,39
568222,568261,568266,5,39
568222,568259,568266,7,37
568222,568261,568266,5,39
568222,568261,568268,7,39
568222,568261,568268,7,39
568222,568261,568267,6,39
568222,568261,568268,7,39
568222,568257,568268,11,35
568222,568260,568269,9,38
568827,568827,568833,6,0
568827,568827,568832,5,0
568827,568827,568832,5,0
568827,568827,568833,6,0
568827,568827,568833,6,0
568827,568827,568833,6,0
568827,568827,568833,6,0
568827,568827,568833,6,0
568827,568827,568834,7,0
568827,568827,568834,7,0
568827,568827,568834,7,0
568827,568827,568833,6,0
568827,568827,568834,7,0
568827,568827,568833,6,0
568827,568827,568834,7,0
568827,568827,568833,6,0
568827,568827,568834,7,0
568827,568827,568834,7,0
568827,568827,568834,7,0
568827,568827,568837,10,0
568827,568833,568838,5,6
568827,568833,568838,5,6
568827,568833,568838,5,6
568827,568833,568839,6,6
568827,568833,568838,5,6
568827,568833,568839,6,6
568827,568833,568840,7,6
568827,568834,568840,6,7
568827,568834,568840,6,7
568827,568834,568840,6,7
568827,568834,568840,6,7
568827,568834,568840,6,7
568827,568834,568840,6,7
568827,568834,568840,6,7
568827,568834,568841,7,7
568827,568835,568841,6,8
568827,568835,568841,6,8
568827,568835,568842,7,8
568827,568834,568842,8,7
568827,568837,568842,5,10
568827,568838,568843,5,11
568827,568840,568844,4,13
568827,568840,568844,4,13
568827,568838,568844,6,11
568827,568839,568844,5,12
568827,568839,568844,5,12
568827,568839,568844,5,12
568827,568839,568845,6,12
568827,568840,568845,5,13
568827,568840,568845,5,13
568827,568840,568846,6,13
568827,568840,568845,5,13
568827,568840,568846,6,13
568827,568842,568847,5,15
568827,568841,568847,6,14
568827,568842,568848,6,15
568827,568841,568848,7,14
568827,568842,568848,6,15
568827,568844,568849,5,17
568827,568845,568849,4,18
568827,568845,568849,4,18
568827,568843,568849,6,16
568827,568844,568849,5,17
568827,568846,568849,3,19
568827,568842,568850,8,15
568827,568845,568850,5,18
568827,568843,568850,7,16
568827,568847,568850,3,20
568827,568844,568850,6,17
568827,568844,568850,6,17
568827,568846,568851,5,19
568827,568848,568852,4,21
568827,568845,568852,7,18
568827,568847,568852,5,20
568827,568849,568853,4,22
568827,568848,568853,5,21
568827,568850,568853,3,23
568827,568849,568854,5,22
568827,568850,568855,5,23
568827,568851,568855,4,24
568827,568849,568855,6,22
568827,568850,568855,5,23
568827,568850,568855,5,23
568827,568851,568855,4,24
568827,568851,568855,4,24
568827,568850,568855,5,23
568827,568851,568855,4,24
568827,568851,568857,6,24
568827,568850,568857,7,23
568827,568850,568857,7,23
568827,568852,568857,5,25
568827,568853,568857,4,26
568827,568853,568858,5,26
568827,568852,568857,5,25
568827,568853,568858,5,26
568827,568854,568858,4,27
568827,568855,568859,4,28
568827,568854,568859,5,27
568827,568855,568859,4,28
568827,568853,568859,6,26
568827,568856,568860,4,29
568827,568856,568859,3,29
568827,568856,568859,3,29
568827,568855,568860,5,28
568827,568856,568860,4,29
568827,568856,568860,4,29
568827,568858,568861,3,31
568827,568856,568861,5,29
568827,568858,568862,4,31
568827,568858,568862,4,31
568827,568858,568862,4,31
568827,568857,568862,5,30
568827,568858,568862,4,31
568827,568859,568863,4,32
568827,568858,568863,5,31
568827,568860,568863,3,33
568827,568859,568864,5,32
568827,568860,568863,3,33
568827,568861,568864,3,34
568827,568860,568864,4,33
568827,568860,568865,5,33
568827,568860,568865,5,33
568827,568860,568865,5,33
568827,568861,568865,4,34
568827,568861,568865,4,34
568827,568862,568866,4,35
568827,568862,568867,5,35
568827,568862,568866,4,35
568827,568859,568867,8,32
568827,568863,568867,4,36
568827,568864,568868,4,37
568827,568863,568868,5,36
568827,568862,568868,6,35
568827,568864,568868,4,37
568827,568864,568868,4,37
568827,568865,568869,4,38
568827,568863,568868,5,36
568827,568863,568869,6,36
568827,568865,568869,4,38
568827,568864,568869,5,37
568827,568865,568868,3,38
568827,568865,568870,5,38
568827,568866,568870,4,39
568827,568866,568870,4,39
568827,568866,568870,4,39
568827,568867,568871,4,40
568827,568867,568870,3,40
568827,568867,568871,4,40
568827,568868,568872,4,41
568827,568868,568873,5,41
568827,568869,568873,4,42
568827,568869,568873,4,42
568827,568869,568873,4,42
568827,568868,568873,5,41
568827,568868,568873,5,41
568827,568869,568873,4,42
568827,568868,568873,5,41
568827,568869,568874,5,42
568827,568869,568874,5,42
568827,568868,568874,6,41
568827,568868,568875,7,41
568827,568870,568875,5,43
568827,568871,568875,4,44
568827,568871,568875,4,44
568827,568872,568876,4,45
568827,568871,568876,5,44
568827,568871,568876,5,44
568827,568871,568877,6,44
568827,568872,568876,4,45
568827,568873,568877,4,46
568827,568873,568877,4,46
568827,568874,568878,4,47
568827,568873,568877,4,46
568827,568873,568878,5,46
568827,568874,568877,3,47
568827,568873,568879,6,46
568827,568873,568879,6,46
568827,568874,568879,5,47
568827,568875,568880,5,48
568827,568875,568880,5,48
568827,568875,568880,5,48
568827,568873,568881,8,46
568827,568877,568880,3,50
568827,568877,568881,4,50
568827,568875,568880,5,48
568827,568876,568881,5,49
568827,568875,568881,6,48
568827,568878,568882,4,51
568827,568878,568882,4,51
568827,568877,568882,5,50
568827,568877,568882,5,50
568827,568877,568883,6,50
568827,568878,568883,5,51
568827,568878,568883,5,51
568827,568877,568883,6,50
568827,568879,568884,5,52
568827,568879,568884,5,52
568827,568880,568884,4,53
568827,568879,568885,6,52
568827,568880,568886,6,53
568893,568893,568896,3,0
568893,568893,568896,3,0
568893,568893,568896,3,0
568893,568893,568896,3,0
568893,568893,568897,4,0
568893,568893,568897,4,0
568893,568893,568897,4,0
568893,568893,568897,4,0
568893,568893,568897,4,0
568893,568893,568898,5,0
568893,568893,568897,4,0
568893,568893,568897,4,0
568893,568893,568898,5,0
568893,568893,568898,5,0
568893,568893,568898,5,0
568893,568893,568898,5,0
568893,568893,568898,5,0
568893,568893,568898,5,0
568893,568893,568899,6,0
568893,568893,568900,7,0
568893,568897,568901,4,4
568893,568898,568901,3,5
568893,568898,568902,4,5
568893,568898,568902,4,5
568893,568897,568901,4,4
568893,568897,568901,4,4
568893,568898,568901,3,5
568893,568898,568902,4,5
568893,568899,568903,4,6
568893,568899,568903,4,6
568893,568898,568902,4,5
568893,568897,568902,5,4
568893,568898,568903,5,5
568893,568898,568902,4,5
568893,568899,568904,5,6
568893,568899,568904,5,6
568893,568899,568903,4,6
568893,568898,568904,6,5
568893,568900,568905,5,7
568893,568900,568906,6,7
568893,568902,568907,5,9
568893,568902,568906,4,9
568893,568902,568906,4,9
568893,568903,568907,4,10
568893,568902,568907,5,9
568893,568902,568907,5,9
568893,568902,568907,5,9
568893,568903,568907,4,10
568893,568902,568908,6,9
568893,568903,568907,4,10
568893,568903,568907,4,10
568893,568902,568908,6,9
568893,568904,568908,4,11
568893,568904,568908,4,11
568893,568904,568909,5,11
568893,568903,568909,6,10
568893,568903,568910,7,10
568893,568905,568909,4,12
568893,568907,568910,3,14
568893,568906,568910,4,13
568893,568907,568911,4,14
568893,568907,568912,5,14
568893,568908,568913,5,15
568893,568908,568912,4,15
568893,568908,568912,4,15
568893,568908,568913,5,15
568893,568908,568912,4,15
568893,568908,568913,5,15
568893,568908,568913,5,15
568893,568909,568914,5,16
568893,568909,568914,5,16
568893,568907,568914,7,14
568893,568910,568915,5,17
568893,568908,568915,7,15
568893,568909,568915,6,16
568893,568910,568914,4,17
568893,568910,568915,5,17
568893,568909,568915,6,16
568893,568911,568916,5,18
568893,568911,568916,5,18
568893,568912,568917,5,19
568893,568912,568917,5,19
568893,568913,568918,5,20
568893,568913,568918,5,20
568893,568913,568918,5,20
568893,568913,568919,6,20
568893,568913,568919,6,20
568893,568913,568919,6,20
568893,568914,568919,5,21
568893,568914,568919,5,21
568893,568914,568919,5,21
568893,568915,568920,5,22
568893,568915,568920,5,22
568893,568915,568921,6,22
568893,568915,568921,6,22
568893,568915,568921,6,22
568893,568915,568921,6,22
568893,568915,568921,6,22
568893,568916,568921,5,23
568893,568916,568923,7,23
568893,568917,568923,6,24
568893,568918,568923,5,25
568893,568919,568924,5,26
568893,568917,568924,7,24
568893,568918,568924,6,25
568893,568918,568924,6,25
568893,568919,568925,6,26
568893,568919,568925,6,26
568893,568919,568925,6,26
568893,568920,568926,6,27
568893,568921,568926,5,28
568893,568920,568926,6,27
568893,568919,568926,7,26
568893,568919,568926,7,26
568893,568921,568926,5,28
568893,568921,568927,6,28
568893,568921,568927,6,28
568893,568921,568927,6,28
568893,568922,568928,6,29
568893,568923,568928,5,30
568893,568923,568929,6,30
568893,568924,568930,6,31
568893,568926,568930,4,33
568893,568925,568931,6,32
568893,568925,568931,6,32
568893,568926,568931,5,33
568893,568927,568931,4,34
568893,568927,568932,5,34
568893,568927,568932,5,34
568893,568927,568932,5,34
568893,568923,568932,9,30
568893,568927,568932,5,34
568893,568925,568934,9,32
568893,568926,568935,9,33
568893,568927,568937,10,34
570101,570101,570103,2,0
570101,570101,570103,2,0
570101,570101,570103,2,0
570101,570101,570103,2,0
570101,570101,570104,3,0
570101,570101,570104,3,0
570101,570101,570103,2,0
570101,570101,570103,2,0
570101,570101,570103,2,0
570101,570101,570103,2,0
570101,570101,570103,2,0
570101,570101,570103,2,0
570101,570101,570103,2,0
570101,570101,570103,2,0
570101,570101,570103,2,0
570101,570101,570103,2,0
570101,570101,570103,2,0
570101,570101,570103,2,0
570101,570103,570105,2,2
570101,570101,570104,3,0
570101,570103,570105,2,2
570101,570103,570105,2,2
570101,570104,570106,2,3
570101,570104,570106,2,3
570101,570104,570106,2,3
570101,570104,570106,2,3
570101,570104,570106,2,3
570101,570104,570106,2,3
570101,570104,570106,2,3
570101,570104,570106,2,3
570101,570104,570106,2,3
570101,570104,570106,2,3
570101,570104,570106,2,3
570101,570104,570106,2,3
570101,570104,570106,2,3
570101,570101,570106,5,0
570101,570105,570107,2,4
570101,570104,570106,2,3
570101,570104,570106,2,3
570101,570105,570107,2,4
570101,570105,570107,2,4
570101,570105,570107,2,4
570101,570106,570108,2,5
570101,570106,570108,2,5
570101,570106,570108,2,5
570101,570106,570108,2,5
570101,570106,570108,2,5
570101,570106,570108,2,5
570101,570106,570108,2,5
570101,570107,570109,2,6
570101,570107,570109,2,6
570101,570107,570109,2,6
570101,570107,570109,2,6
570101,570107,570109,2,6
570101,570107,570109,2,6
570101,570107,570109,2,6
570101,570107,570109,2,6
570101,570107,570109,2,6
570101,570107,570109,2,6
570101,570108,570110,2,7
570101,570107,570109,2,6
570101,570107,570109,2,6
570101,570107,570109,2,6
570101,570108,570110,2,7
570101,570108,570110,2,7
570101,570108,570110,2,7
570101,570108,570110,2,7
570101,570109,570111,2,8
570101,570108,570111,3,7
570101,570109,570111,2,8
570101,570108,570110,2,7
570101,570109,570111,2,8
570101,570109,570111,2,8
570101,570110,570112,2,9
570101,570110,570112,2,9
570101,570109,570112,3,8
570101,570110,570112,2,9
570101,570110,570112,2,9
570101,570110,570112,2,9
570101,570110,570113,3,9
570101,570110,570112,2,9
570101,570110,570113,3,9
570101,570110,570113,3,9
570101,570110,570112,2,9
570101,570111,570113,2,10
570101,570111,570113,2,10
570101,570111,570113,2,10
570101,570110,570113,3,9
570101,570111,570113,2,10
570101,570111,570113,2,10
570101,570111,570113,2,10
570101,570111,570114,3,10
570101,570111,570114,3,10
570101,570112,570114,2,11
570101,570113,570114,1,12
570101,570113,570114,1,12
570101,570112,570115,3,11
570101,570114,570115,1,13
570101,570114,570116,2,13
570101,570113,570115,2,12
570101,570113,570115,2,12
570101,570114,570115,1,13
570101,570114,570115,1,13
570101,570113,570116,3,12
570101,570113,570116,3,12
570101,570113,570116,3,12
570101,570113,570116,3,12
570101,570114,570116,2,13
570101,570114,570116,2,13
570761,570762,570763,1,1
570761,570762,570763,1,1
570761,570762,570764,2,1
570761,570762,570764,2,1
570761,570762,570764,2,1
570761,570762,570763,1,1
570761,570762,570764,2,1
570761,570762,570764,2,1
570761,570762,570763,1,1
570761,570762,570763,1,1
570761,570762,570763,1,1
570761,570762,570764,2,1
570761,570762,570764,2,1
570761,570762,570764,2,1
570761,570762,570764,2,1
570761,570762,570764,2,1
570761,570762,570764,2,1
570761,570762,570764,2,1
570761,570762,570764,2,1
570761,570764,570766,2,3
570761,570764,570766,2,3
570761,570764,570766,2,3
570761,570764,570766,2,3
570761,570764,570766,2,3
570761,570764,570766,2,3
570761,570764,570766,2,3
570761,570764,570766,2,3
570761,570764,570766,2,3
570761,570764,570766,2,3
570761,570765,570766,1,4
570761,570764,570766,2,3
570761,570765,570767,2,4
570761,570765,570767,2,4
570761,570765,570767,2,4
570761,570765,570767,2,4
570761,570765,570767,2,4
570761,570765,570767,2,4
570761,570762,570767,5,1
570761,570766,570768,2,5
570761,570766,570768,2,5
570761,570765,570767,2,4
570761,570766,570768,2,5
570761,570766,570768,2,5
570761,570766,570768,2,5
570761,570766,570768,2,5
570761,570766,570768,2,5
570761,570766,570768,2,5
570761,570767,570769,2,6
570761,570767,570769,2,6
570761,570766,570768,2,5
570761,570767,570769,2,6
570761,570767,570769,2,6
570761,570767,570769,2,6
570761,570767,570769,2,6
570761,570768,570770,2,7
570761,570768,570770,2,7
570761,570768,570770,2,7
570761,570768,570770,2,7
570761,570768,570770,2,7
570761,570767,570769,2,6
570761,570768,570770,2,7
570761,570768,570770,2,7
570761,570768,570770,2,7
570761,570769,570771,2,8
570761,570768,570770,2,7
570761,570768,570770,2,7
570761,570768,570770,2,7
570761,570769,570771,2,8
570761,570769,570771,2,8
570761,570769,570771,2,8
570761,570770,570772,2,9
570761,570770,570772,2,9
570761,570770,570772,2,9
570761,570768,570771,3,7
570761,570770,570772,2,9
570761,570769,570771,2,8
570761,570770,570772,2,9
570761,570769,570771,2,8
570761,570770,570772,2,9
570761,570770,570772,2,9
570761,570770,570772,2,9
570761,570771,570773,2,10
570761,570771,570773,2,10
570761,570771,570773,2,10
570761,570771,570773,2,10
570761,570771,570773,2,10
570761,570771,570773,2,10
570761,570771,570773,2,10
570761,570772,570774,2,11
570761,570771,570773,2,10
570761,570772,570774,2,11
570761,570772,570774,2,11
570761,570772,570774,2,11
570761,570772,570774,2,11
570761,570772,570774,2,11
570761,570772,570774,2,11
570761,570773,570775,2,12
570761,570772,570774,2,11
570761,570772,570774,2,11
570761,570772,570774,2,11
570761,570773,570775,2,12
570761,570772,570774,2,11
570761,570773,570775,2,12
570761,570773,570775,2,12
570761,570774,570776,2,13
570761,570774,570776,2,13
570761,570773,570775,2,12
570761,570774,570776,2,13
570761,570773,570775,2,12
571474,571474,571476,2,0
571474,571474,571476,2,0
571474,571474,571476,2,0
571474,571474,571476,2,0
571474,571474,571476,2,0
571474,571474,571476,2,0
571474,571474,571476,2,0
571474,571474,571476,2,0
571474,571474,571476,2,0
571474,571474,571476,2,0
571474,571474,571476,2,0
571474,571474,571476,2,0
571474,571474,571476,2,0
571474,571474,571476,2,0
571474,571474,571476,2,0
571474,571474,571476,2,0
571474,571474,571476,2,0
571474,571474,571476,2,0
571474,571474,571477,3,0
571474,571476,571478,2,2
571474,571476,571478,2,2
571474,571476,571478,2,2
571474,571476,571478,2,2
571474,571476,571478,2,2
571474,571476,571478,2,2
571474,571476,571478,2,2
571474,571476,571478,2,2
571474,571476,571478,2,2
571474,571476,571478,2,2
571474,571477,571479,2,3
571474,571477,571479,2,3
571474,571477,571479,2,3
571474,571477,571479,2,3
571474,571477,571479,2,3
571474,571477,571479,2,3
571474,571477,571479,2,3
571474,571474,571479,5,0
571474,571477,571479,2,3
571474,571477,571479,2,3
571474,571478,571480,2,4
571474,571478,571480,2,4
571474,571478,571480,2,4
571474,571478,571480,2,4
571474,571478,571480,2,4
571474,571478,571480,2,4
571474,571478,571480,2,4
571474,571478,571480,2,4
571474,571478,571480,2,4
571474,571479,571481,2,5
571474,571478,571480,2,4
571474,571479,571481,2,5
571474,571479,571481,2,5
571474,571479,571481,2,5
571474,571479,571481,2,5
571474,571479,571481,2,5
571474,571479,571481,2,5
571474,571479,571481,2,5
571474,571480,571482,2,6
571474,571480,571482,2,6
571474,571480,571482,2,6
571474,571480,571482,2,6
571474,571479,571481,2,5
571474,571480,571482,2,6
571474,571480,571482,2,6
571474,571480,571482,2,6
571474,571481,571483,2,7
571474,571481,571483,2,7
571474,571480,571483,3,6
571474,571481,571483,2,7
571474,571481,571483,2,7
571474,571481,571483,2,7
571474,571481,571483,2,7
571474,571481,571484,3,7
571474,571481,571484,3,7
571474,571482,571484,2,8
571474,571482,571484,2,8
571474,571482,571484,2,8
571474,571481,571484,3,7
571474,571481,571484,3,7
571474,571481,571484,3,7
571474,571483,571484,1,9
571474,571483,571484,1,9
571474,571483,571484,1,9
571474,571483,571484,1,9
571474,571482,571485,3,8
571474,571484,571485,1,10
571474,571484,571485,1,10
571474,571484,571486,2,10
571474,571484,571486,2,10
571474,571484,571486,2,10
571474,571483,571486,3,9
571474,571485,571486,1,11
571474,571484,571486,2,10
571474,571485,571487,2,11
571474,571485,571487,2,11
571474,571485,571487,2,11
571474,571485,571487,2,11
571474,571485,571487,2,11
571474,571485,571487,2,11
571474,571485,571487,2,11
571474,571486,571488,2,12
571474,571485,571487,2,11
571474,571485,571487,2,11
571474,571485,571487,2,11
571474,571485,571487,2,11
571474,571486,571488,2,12
571474,571486,571487,1,12
571474,571486,571487,1,12
571474,571486,571488,2,12
571549,571549,571551,2,0
571549,571549,571551,2,0
571549,571549,571551,2,0
571549,571549,571551,2,0
571549,571549,571551,2,0
571549,571549,571551,2,0
571549,571549,571551,2,0
571595,571595,571600,5,0
571595,571595,571600,5,0
571595,571595,571600,5,0
571595,571595,571601,6,0
571595,571595,571601,6,0
571595,571595,571601,6,0
571595,571595,571601,6,0
572542,572542,572547,5,0
575674,575674,575676,2,0
575674,575674,575676,2,0
575674,575674,575679,5,0
575731,575731,575739,8,0
575731,575731,575742,11,0
575731,575731,575744,13,0
575807,575807,575816,9,0
575807,575807,575817,10,0
575807,575807,575819,12,0
575870,575870,575876,6,0
575870,575870,575876,6,0
575870,575870,575877,7,0
576338,576338,576340,2,0
576338,576338,576340,2,0
576338,576338,576343,5,0
