submit_time,start_time,end_time,run_time,wait_time
76019,76021,76077,56,2
76521,76524,76653,129,3
76657,76661,76692,31,4
77896,77899,77944,45,3
77948,77951,77978,27,3
77982,77985,78016,31,3
78022,78026,78481,455,4
78479,78482,78502,20,3
78823,78823,78826,3,0
78823,78823,78826,3,0
78823,78823,78826,3,0
78823,78823,78826,3,0
78823,78823,78825,2,0
78823,78823,78825,2,0
78823,78823,78826,3,0
78823,78823,78826,3,0
78823,78823,78826,3,0
78823,78823,78827,4,0
78823,78823,78826,3,0
78823,78823,78826,3,0
78823,78823,78827,4,0
78823,78823,78826,3,0
78823,78823,78826,3,0
78823,78823,78826,3,0
78823,78823,78826,3,0
78823,78823,78827,4,0
78823,78823,78826,3,0
78823,78823,78827,4,0
78823,78826,78828,2,3
78823,78826,78828,2,3
78823,78826,78829,3,3
78823,78826,78828,2,3
78823,78826,78829,3,3
78823,78827,78829,2,4
78823,78826,78829,3,3
78823,78827,78829,2,4
78823,78827,78829,2,4
78823,78827,78829,2,4
78823,78827,78829,2,4
78823,78827,78829,2,4
78823,78827,78829,2,4
78823,78827,78830,3,4
78823,78827,78830,3,4
78823,78827,78830,3,4
78823,78827,78830,3,4
78823,78827,78830,3,4
78823,78828,78831,3,5
78823,78828,78831,3,5
78823,78829,78831,2,6
78823,78827,78831,4,4
78823,78828,78831,3,5
78823,78829,78831,2,6
78823,78829,78831,2,6
78823,78829,78832,3,6
78823,78829,78832,3,6
78823,78830,78832,2,7
78823,78829,78832,3,6
78823,78829,78832,3,6
78823,78830,78832,2,7
78823,78829,78832,3,6
78823,78830,78832,2,7
78823,78830,78833,3,7
78823,78830,78832,2,7
78823,78830,78833,3,7
78823,78830,78832,2,7
78823,78830,78834,4,7
78823,78831,78834,3,8
78823,78831,78834,3,8
78823,78831,78834,3,8
78823,78832,78834,2,9
78823,78831,78833,2,8
78823,78831,78834,3,8
78823,78832,78834,2,9
78823,78832,78834,2,9
78823,78831,78834,3,8
78823,78833,78835,2,10
78823,78832,78835,3,9
78823,78832,78835,3,9
78823,78831,78834,3,8
78823,78832,78835,3,9
78823,78833,78836,3,10
78823,78833,78836,3,10
78823,78833,78836,3,10
78823,78834,78836,2,11
78823,78834,78836,2,11
78823,78832,78835,3,9
78823,78834,78837,3,11
78823,78835,78837,2,12
78823,78834,78837,3,11
78823,78834,78837,3,11
78823,78834,78837,3,11
78823,78832,78837,5,9
78823,78834,78837,3,11
78823,78834,78837,3,11
78823,78835,78838,3,12
78823,78835,78838,3,12
78823,78834,78838,4,11
78823,78837,78838,1,14
78823,78835,78839,4,12
78823,78836,78839,3,13
78823,78836,78839,3,13
78823,78836,78839,3,13
78823,78837,78839,2,14
78823,78835,78839,4,12
78823,78835,78839,4,12
78823,78837,78839,2,14
78823,78838,78839,1,15
78823,78838,78840,2,15
78823,78838,78841,3,15
78823,78838,78840,2,15
78823,78838,78840,2,15
78823,78838,78840,2,15
78823,78839,78840,1,16
78823,78838,78841,3,15
78823,78840,78842,2,17
78823,78839,78841,2,16
78823,78838,78841,3,15
78823,78840,78842,2,17
78823,78840,78842,2,17
78823,78840,78842,2,17
78823,78839,78842,3,16
78823,78840,78842,2,17
78823,78840,78842,2,17
78823,78840,78842,2,17
78823,78840,78843,3,17
78823,78841,78843,2,18
78823,78841,78843,2,18
78823,78840,78843,3,17
78823,78839,78843,4,16
78823,78842,78844,2,19
78823,78841,78844,3,18
78823,78842,78844,2,19
78823,78843,78844,1,20
78823,78841,78845,4,18
78823,78841,78844,3,18
78823,78842,78844,2,19
78823,78842,78844,2,19
78823,78843,78844,1,20
78823,78841,78844,3,18
78823,78843,78845,2,20
78823,78843,78845,2,20
78823,78843,78845,2,20
78823,78843,78846,3,20
78823,78843,78846,3,20
78823,78844,78846,2,21
78823,78844,78847,3,21
78823,78845,78847,2,22
78823,78844,78846,2,21
78823,78844,78846,2,21
78823,78844,78846,2,21
78823,78844,78846,2,21
78823,78845,78847,2,22
78823,78845,78848,3,22
78823,78845,78848,3,22
78823,78845,78847,2,22
78823,78845,78847,2,22
78823,78845,78847,2,22
78823,78845,78848,3,22
78823,78845,78848,3,22
78823,78846,78848,2,23
78823,78846,78848,2,23
78823,78846,78849,3,23
78823,78847,78849,2,24
78823,78846,78848,2,23
78823,78847,78849,2,24
78823,78847,78849,2,24
78823,78847,78849,2,24
78823,78848,78850,2,25
78823,78847,78850,3,24
78823,78848,78850,2,25
78823,78846,78849,3,23
78823,78848,78850,2,25
78823,78846,78850,4,23
78823,78847,78850,3,24
78823,78848,78850,2,25
78823,78848,78851,3,25
78823,78848,78850,2,25
78823,78848,78850,2,25
78823,78849,78852,3,26
78823,78850,78852,2,27
78823,78849,78852,3,26
78823,78849,78851,2,26
78823,78850,78852,2,27
78823,78849,78852,3,26
78823,78850,78853,3,27
78823,78850,78853,3,27
78823,78850,78852,2,27
78823,78851,78853,2,28
78823,78849,78852,3,26
78823,78849,78853,4,26
78823,78851,78853,2,28
78823,78849,78853,4,26
78823,78850,78853,3,27
78823,78851,78853,2,28
78823,78851,78854,3,28
78823,78851,78854,3,28
78823,78851,78854,3,28
78823,78851,78854,3,28
78823,78852,78854,2,29
78823,78853,78855,2,30
78823,78852,78855,3,29
78823,78852,78855,3,29
78823,78852,78855,3,29
78823,78852,78855,3,29
78823,78853,78855,2,30
78823,78853,78856,3,30
78823,78853,78856,3,30
78823,78853,78856,3,30
78863,78863,78865,2,0
78863,78863,78865,2,0
78863,78863,78865,2,0
78863,78863,78865,2,0
78863,78863,78866,3,0
78863,78863,78866,3,0
78863,78863,78865,2,0
78863,78863,78866,3,0
78863,78863,78866,3,0
78863,78863,78865,2,0
78863,78863,78866,3,0
78863,78863,78866,3,0
78863,78863,78866,3,0
78863,78863,78866,3,0
78863,78863,78866,3,0
78863,78863,78865,2,0
78863,78863,78867,4,0
78863,78863,78866,3,0
78863,78863,78866,3,0
78863,78865,78867,2,2
78863,78863,78866,3,0
78863,78865,78867,2,2
78863,78866,78868,2,3
78863,78866,78868,2,3
78863,78866,78868,2,3
78863,78866,78869,3,3
78863,78866,78869,3,3
78863,78866,78869,3,3
78863,78866,78869,3,3
78863,78866,78869,3,3
78863,78866,78869,3,3
78863,78867,78869,2,4
78863,78866,78869,3,3
78863,78867,78869,2,4
78863,78867,78869,2,4
78863,78866,78870,4,3
78863,78867,78870,3,4
78863,78866,78870,4,3
78863,78866,78870,4,3
78863,78868,78870,2,5
78863,78866,78870,4,3
78863,78867,78870,3,4
78863,78867,78870,3,4
78863,78868,78870,2,5
78863,78869,78871,2,6
78863,78868,78871,3,5
78863,78869,78872,3,6
78863,78869,78872,3,6
78863,78869,78872,3,6
78863,78869,78872,3,6
78863,78870,78872,2,7
78863,78869,78872,3,6
78863,78870,78872,2,7
78863,78869,78871,2,6
78863,78869,78872,3,6
78863,78870,78872,2,7
78863,78869,78872,3,6
78863,78870,78872,2,7
78863,78870,78872,2,7
78863,78869,78873,4,6
78863,78870,78873,3,7
78863,78870,78873,3,7
78863,78870,78873,3,7
78863,78871,78873,2,8
78863,78870,78873,3,7
78863,78871,78873,2,8
78863,78872,78874,2,9
78863,78872,78874,2,9
78863,78872,78874,2,9
78863,78872,78875,3,9
78863,78872,78875,3,9
78863,78872,78875,3,9
78863,78873,78875,2,10
78863,78872,78875,3,9
78863,78872,78875,3,9
78863,78872,78875,3,9
78863,78874,78875,1,11
78863,78873,78876,3,10
78863,78873,78876,3,10
78863,78875,78876,1,12
78863,78873,78876,3,10
78863,78873,78876,3,10
78863,78872,78876,4,9
78863,78872,78876,4,9
78863,78872,78876,4,9
78863,78873,78876,3,10
78863,78874,78876,2,11
78863,78875,78876,1,12
78863,78876,78877,1,13
78863,78875,78877,2,12
78863,78876,78878,2,13
78863,78876,78878,2,13
78863,78876,78878,2,13
78863,78876,78878,2,13
78863,78876,78878,2,13
78863,78876,78878,2,13
78863,78876,78878,2,13
78863,78877,78879,2,14
78863,78877,78879,2,14
78863,78877,78879,2,14
78863,78878,78879,1,15
78863,78877,78879,2,14
78863,78877,78879,2,14
78863,78877,78879,2,14
78863,78877,78879,2,14
78863,78877,78879,2,14
78863,78877,78879,2,14
78863,78877,78880,3,14
78863,78878,78880,2,15
78863,78879,78880,1,16
78863,78879,78881,2,16
78863,78879,78881,2,16
78863,78877,78880,3,14
78863,78878,78880,2,15
78863,78879,78881,2,16
78863,78880,78881,1,17
78863,78879,78881,2,16
78863,78880,78882,2,17
78863,78880,78882,2,17
78863,78879,78881,2,16
78863,78879,78881,2,16
78863,78880,78882,2,17
78863,78880,78882,2,17
78863,78880,78882,2,17
78863,78880,78882,2,17
78863,78880,78882,2,17
78863,78880,78882,2,17
78863,78880,78882,2,17
78863,78881,78882,1,18
78863,78881,78883,2,18
78863,78881,78883,2,18
78863,78881,78883,2,18
78863,78881,78883,2,18
78863,78881,78883,2,18
78863,78881,78883,2,18
78863,78882,78883,1,19
78863,78882,78884,2,19
78863,78882,78884,2,19
78863,78882,78883,1,19
78863,78883,78885,2,20
78863,78883,78884,1,20
78863,78882,78885,3,19
78863,78882,78884,2,19
78863,78884,78886,2,21
78863,78884,78886,2,21
78863,78884,78886,2,21
78863,78883,78885,2,20
78863,78883,78886,3,20
78863,78883,78886,3,20
78863,78883,78886,3,20
78863,78883,78885,2,20
78863,78883,78885,2,20
78863,78884,78886,2,21
78863,78884,78886,2,21
78863,78884,78886,2,21
78863,78885,78887,2,22
78863,78883,78886,3,20
78863,78885,78887,2,22
78863,78884,78886,2,21
78863,78884,78887,3,21
78863,78885,78887,2,22
78863,78884,78886,2,21
78863,78885,78887,2,22
78863,78886,78888,2,23
78863,78886,78888,2,23
78863,78886,78888,2,23
78863,78886,78888,2,23
78863,78886,78888,2,23
78863,78886,78888,2,23
78863,78886,78889,3,23
78863,78886,78888,2,23
78863,78887,78889,2,24
78863,78886,78889,3,23
78863,78887,78889,2,24
78863,78887,78889,2,24
78863,78887,78889,2,24
78863,78887,78889,2,24
78863,78888,78890,2,25
78863,78888,78890,2,25
78863,78887,78890,3,24
78863,78887,78889,2,24
78863,78887,78890,3,24
78863,78887,78890,3,24
78863,78888,78890,2,25
78863,78887,78890,3,24
78863,78888,78890,2,25
78863,78888,78890,2,25
78863,78889,78891,2,26
78863,78888,78891,3,25
78863,78888,78890,2,25
78863,78889,78891,2,26
78863,78889,78891,2,26
78863,78890,78892,2,27
78863,78890,78892,2,27
78863,78889,78892,3,26
78863,78890,78892,2,27
78863,78890,78893,3,27
78863,78890,78893,3,27
78863,78890,78893,3,27
78863,78890,78892,2,27
78899,78899,78901,2,0
78899,78899,78901,2,0
78899,78899,78901,2,0
78899,78899,78901,2,0
78899,78899,78902,3,0
78899,78899,78901,2,0
78899,78899,78902,3,0
78899,78899,78901,2,0
78899,78899,78901,2,0
78899,78899,78902,3,0
78899,78899,78902,3,0
78899,78899,78902,3,0
78899,78899,78901,2,0
78899,78899,78901,2,0
78899,78899,78901,2,0
78899,78899,78901,2,0
78899,78899,78901,2,0
78899,78899,78901,2,0
78899,78899,78902,3,0
78899,78899,78902,3,0
78899,78901,78903,2,2
78899,78901,78903,2,2
78899,78902,78904,2,3
78899,78902,78904,2,3
78899,78901,78904,3,2
78899,78902,78904,2,3
78899,78901,78904,3,2
78899,78902,78904,2,3
78899,78902,78904,2,3
78899,78902,78905,3,3
78899,78902,78904,2,3
78899,78902,78905,3,3
78899,78902,78904,2,3
78899,78903,78905,2,4
78899,78902,78904,2,3
78899,78902,78904,2,3
78899,78903,78905,2,4
78899,78903,78906,3,4
78899,78902,78905,3,3
78899,78904,78906,2,5
78899,78903,78905,2,4
78899,78904,78906,2,5
78899,78902,78905,3,3
78899,78902,78905,3,3
78899,78904,78906,2,5
78899,78904,78906,2,5
78899,78905,78907,2,6
78899,78905,78907,2,6
78899,78904,78907,3,5
78899,78905,78907,2,6
78899,78905,78907,2,6
78899,78905,78907,2,6
78899,78905,78908,3,6
78899,78905,78907,2,6
78899,78906,78908,2,7
78899,78905,78908,3,6
78899,78905,78908,3,6
78899,78905,78908,3,6
78899,78906,78908,2,7
78899,78906,78909,3,7
78899,78907,78909,2,8
78899,78906,78909,3,7
78899,78906,78909,3,7
78899,78906,78909,3,7
78899,78907,78909,2,8
78899,78906,78909,3,7
78899,78906,78909,3,7
78899,78907,78909,2,8
78899,78907,78909,2,8
78899,78907,78909,2,8
78899,78907,78909,2,8
78899,78908,78910,2,9
78899,78908,78910,2,9
78899,78907,78909,2,8
78899,78908,78910,2,9
78899,78909,78911,2,10
78899,78908,78911,3,9
78899,78908,78911,3,9
78899,78908,78911,3,9
78899,78908,78911,3,9
78899,78909,78911,2,10
78899,78909,78912,3,10
78899,78910,78912,2,11
78899,78909,78911,2,10
78899,78910,78912,2,11
78899,78909,78912,3,10
78899,78910,78912,2,11
78899,78909,78912,3,10
78899,78909,78912,3,10
78899,78909,78912,3,10
78899,78911,78912,1,12
78899,78909,78912,3,10
78899,78909,78912,3,10
78899,78911,78912,1,12
78899,78910,78913,3,11
78899,78911,78913,2,12
78899,78911,78913,2,12
78899,78912,78913,1,13
78899,78912,78913,1,13
78899,78911,78913,2,12
78899,78912,78914,2,13
78899,78912,78914,2,13
78899,78912,78914,2,13
78899,78913,78914,1,14
78899,78913,78914,1,14
78899,78913,78915,2,14
78899,78913,78915,2,14
78899,78913,78915,2,14
78899,78913,78915,2,14
78899,78913,78915,2,14
78899,78913,78915,2,14
78899,78913,78915,2,14
78899,78913,78915,2,14
78899,78914,78916,2,15
78899,78914,78916,2,15
78899,78914,78916,2,15
78899,78914,78917,3,15
78899,78913,78916,3,14
78899,78915,78916,1,16
78899,78915,78917,2,16
78899,78913,78916,3,14
78899,78914,78917,3,15
78899,78916,78917,1,17
78899,78914,78917,3,15
78899,78914,78917,3,15
78899,78915,78917,2,16
78899,78916,78917,1,17
78899,78915,78917,2,16
78899,78916,78918,2,17
78899,78917,78918,1,18
78899,78916,78918,2,17
78899,78916,78918,2,17
78899,78917,78919,2,18
78899,78916,78918,2,17
78899,78916,78919,3,17
78899,78917,78919,2,18
78899,78917,78920,3,18
78899,78917,78919,2,18
78899,78917,78920,3,18
78899,78918,78920,2,19
78899,78918,78919,1,19
78899,78917,78919,2,18
78899,78918,78920,2,19
78899,78918,78919,1,19
78899,78918,78920,2,19
78899,78918,78920,2,19
78899,78917,78920,3,18
78899,78918,78920,2,19
78899,78918,78920,2,19
78899,78919,78920,1,20
78899,78919,78920,1,20
78899,78919,78921,2,20
78899,78919,78920,1,20
78899,78919,78920,1,20
78899,78919,78921,2,20
78899,78920,78921,1,21
78899,78920,78921,1,21
78899,78920,78922,2,21
78899,78920,78922,2,21
78899,78920,78922,2,21
78899,78920,78922,2,21
78899,78921,78923,2,22
78899,78921,78923,2,22
78899,78920,78923,3,21
78899,78920,78922,2,21
78899,78920,78923,3,21
78899,78920,78922,2,21
78899,78921,78923,2,22
78899,78920,78922,2,21
78899,78921,78922,1,22
78899,78921,78923,2,22
78899,78921,78924,3,22
78899,78922,78923,1,23
78899,78922,78923,1,23
78899,78922,78924,2,23
78899,78921,78923,2,22
78899,78921,78924,3,22
78899,78923,78925,2,24
78899,78922,78924,2,23
78899,78923,78925,2,24
78899,78923,78925,2,24
78899,78922,78924,2,23
78899,78922,78925,3,23
78899,78922,78925,3,23
78899,78923,78925,2,24
78899,78923,78926,3,24
78899,78924,78926,2,25
78899,78924,78925,1,25
78899,78923,78925,2,24
78899,78923,78925,2,24
78899,78923,78926,3,24
78899,78923,78926,3,24
78899,78924,78926,2,25
78899,78924,78926,2,25
78899,78924,78927,3,25
78899,78925,78926,1,26
78899,78925,78927,2,26
78899,78925,78927,2,26
78899,78924,78927,3,25
78934,78934,78935,1,0
78934,78934,78935,1,0
78934,78934,78936,2,0
78934,78934,78935,1,0
78934,78934,78935,1,0
78934,78934,78936,2,0
78934,78934,78935,1,0
78934,78934,78936,2,0
78934,78934,78936,2,0
78934,78934,78936,2,0
78934,78934,78936,2,0
78934,78934,78936,2,0
78934,78934,78936,2,0
78934,78934,78936,2,0
78934,78934,78936,2,0
78934,78934,78936,2,0
78934,78934,78936,2,0
78934,78934,78937,3,0
78934,78934,78936,2,0
78934,78936,78937,1,2
78934,78934,78937,3,0
78934,78936,78937,1,2
78934,78936,78938,2,2
78934,78936,78937,1,2
78934,78937,78938,1,3
78934,78937,78938,1,3
78934,78936,78939,3,2
78934,78937,78938,1,3
78934,78936,78938,2,2
78934,78937,78939,2,3
78934,78936,78939,3,2
78934,78937,78939,2,3
78934,78937,78939,2,3
78934,78937,78939,2,3
78934,78937,78939,2,3
78934,78937,78940,3,3
78934,78938,78939,1,4
78934,78938,78940,2,4
78934,78938,78940,2,4
78934,78937,78939,2,3
78934,78937,78940,3,3
78934,78939,78941,2,5
78934,78937,78940,3,3
78934,78938,78941,3,4
78934,78939,78940,1,5
78934,78939,78941,2,5
78934,78938,78940,2,4
78934,78939,78941,2,5
78934,78939,78941,2,5
78934,78939,78940,1,5
78934,78939,78941,2,5
78934,78939,78941,2,5
78934,78940,78942,2,6
78934,78940,78941,1,6
78934,78940,78942,2,6
78934,78940,78941,1,6
78934,78940,78942,2,6
78934,78940,78941,1,6
78934,78940,78942,2,6
78934,78940,78942,2,6
78934,78941,78943,2,7
78934,78941,78943,2,7
78934,78941,78943,2,7
78934,78941,78943,2,7
78934,78942,78944,2,8
78934,78942,78944,2,8
78934,78941,78943,2,7
78934,78941,78943,2,7
78934,78941,78943,2,7
78934,78941,78944,3,7
78934,78941,78943,2,7
78934,78941,78943,2,7
78934,78941,78943,2,7
78934,78942,78944,2,8
78934,78942,78944,2,8
78934,78942,78945,3,8
78934,78943,78945,2,9
78934,78942,78944,2,8
78934,78942,78945,3,8
78934,78943,78944,1,9
78934,78943,78945,2,9
78934,78942,78944,2,8
78934,78944,78946,2,10
78934,78943,78946,3,9
78934,78944,78946,2,10
78934,78944,78946,2,10
78934,78943,78946,3,9
78934,78944,78946,2,10
78934,78944,78947,3,10
78934,78944,78946,2,10
78934,78945,78947,2,11
78934,78945,78947,2,11
78934,78944,78946,2,10
78934,78944,78946,2,10
78934,78944,78946,2,10
78934,78945,78947,2,11
78934,78944,78947,3,10
78934,78944,78947,3,10
78934,78945,78947,2,11
78934,78945,78947,2,11
78934,78945,78948,3,11
78934,78945,78948,3,11
78934,78946,78948,2,12
78934,78946,78948,2,12
78934,78946,78948,2,12
78934,78946,78948,2,12
78934,78947,78949,2,13
78934,78947,78949,2,13
78934,78946,78949,3,12
78934,78947,78949,2,13
78934,78946,78949,3,12
78934,78947,78949,2,13
78934,78947,78949,2,13
78934,78947,78950,3,13
78934,78948,78950,2,14
78934,78948,78950,2,14
78934,78947,78950,3,13
78934,78947,78949,2,13
78934,78947,78950,3,13
78934,78948,78950,2,14
78934,78947,78950,3,13
78934,78948,78950,2,14
78934,78949,78951,2,15
78934,78948,78951,3,14
78934,78948,78951,3,14
78934,78948,78951,3,14
78934,78949,78951,2,15
78934,78949,78951,2,15
78934,78948,78951,3,14
78934,78949,78952,3,15
78934,78949,78951,2,15
78934,78950,78952,2,16
78934,78950,78952,2,16
78934,78949,78952,3,15
78934,78949,78952,3,15
78934,78950,78952,2,16
78934,78950,78952,2,16
78934,78950,78953,3,16
78934,78951,78953,2,17
78934,78950,78953,3,16
78934,78950,78953,3,16
78934,78950,78953,3,16
78934,78952,78954,2,18
78934,78951,78953,2,17
78934,78951,78954,3,17
78934,78951,78954,3,17
78934,78952,78954,2,18
78934,78952,78954,2,18
78934,78952,78954,2,18
78934,78953,78954,1,19
78934,78952,78954,2,18
78934,78952,78954,2,18
78934,78952,78955,3,18
78934,78952,78955,3,18
78934,78953,78955,2,19
78934,78953,78955,2,19
78934,78953,78955,2,19
78934,78954,78955,1,20
78934,78954,78955,1,20
78934,78954,78955,1,20
78934,78954,78956,2,20
78934,78954,78956,2,20
78934,78952,78956,4,18
78934,78955,78956,1,21
78934,78955,78956,1,21
78934,78955,78956,1,21
78934,78954,78956,2,20
78934,78954,78957,3,20
78934,78956,78957,1,22
78934,78956,78957,1,22
78934,78956,78957,1,22
78934,78956,78957,1,22
78934,78955,78957,2,21
78934,78955,78957,2,21
78934,78955,78957,2,21
78934,78956,78957,1,22
78934,78956,78958,2,22
78934,78956,78958,2,22
78934,78957,78958,1,23
78934,78957,78959,2,23
78934,78956,78958,2,22
78934,78956,78958,2,22
78934,78957,78958,1,23
78934,78957,78959,2,23
78934,78958,78959,1,24
78934,78958,78959,1,24
78934,78958,78960,2,24
78934,78958,78960,2,24
78934,78957,78960,3,23
78934,78957,78960,3,23
78934,78957,78959,2,23
78934,78959,78961,2,25
78934,78958,78960,2,24
78934,78958,78960,2,24
78934,78958,78960,2,24
78934,78958,78960,2,24
78934,78958,78960,2,24
78934,78958,78960,2,24
78934,78959,78961,2,25
78934,78959,78961,2,25
78967,78967,78969,2,0
78967,78967,78969,2,0
78967,78967,78969,2,0
78967,78967,78969,2,0
78967,78967,78969,2,0
78967,78967,78969,2,0
78967,78967,78970,3,0
78967,78967,78970,3,0
78967,78967,78969,2,0
78967,78967,78970,3,0
78967,78967,78970,3,0
78967,78967,78970,3,0
78967,78967,78970,3,0
78967,78967,78970,3,0
78967,78967,78969,2,0
78967,78967,78969,2,0
78967,78967,78970,3,0
78967,78967,78970,3,0
78967,78969,78971,2,2
78967,78967,78971,4,0
78967,78969,78971,2,2
78967,78967,78971,4,0
78967,78969,78971,2,2
78967,78969,78971,2,2
78967,78969,78971,2,2
78967,78970,78972,2,3
78967,78970,78972,2,3
78967,78970,78972,2,3
78967,78970,78972,2,3
78967,78970,78972,2,3
78967,78970,78972,2,3
78967,78970,78972,2,3
78967,78969,78972,3,2
78967,78970,78972,2,3
78967,78970,78972,2,3
78967,78970,78973,3,3
78967,78970,78972,2,3
78967,78971,78973,2,4
78967,78971,78973,2,4
78967,78971,78973,2,4
78967,78971,78974,3,4
78967,78971,78974,3,4
78967,78973,78974,1,6
78967,78971,78974,3,4
78967,78973,78974,1,6
78967,78971,78974,3,4
78967,78973,78974,1,6
78967,78972,78974,2,5
78967,78973,78975,2,6
78967,78973,78975,2,6
78967,78973,78975,2,6
78967,78972,78975,3,5
78967,78973,78976,3,6
78967,78972,78975,3,5
78967,78973,78976,3,6
78967,78973,78976,3,6
78967,78973,78976,3,6
78967,78975,78976,1,8
78967,78974,78977,3,7
78967,78974,78976,2,7
78967,78975,78977,2,8
78967,78975,78976,1,8
78967,78975,78978,3,8
78967,78975,78977,2,8
78967,78975,78977,2,8
78967,78976,78977,1,9
78967,78974,78977,3,7
78967,78976,78977,1,9
78967,78975,78977,2,8
78967,78976,78978,2,9
78967,78976,78978,2,9
78967,78977,78978,1,10
78967,78975,78978,3,8
78967,78976,78978,2,9
78967,78976,78978,2,9
78967,78977,78978,1,10
78967,78977,78979,2,10
78967,78977,78979,2,10
78967,78977,78979,2,10
78967,78977,78979,2,10
78967,78977,78979,2,10
78967,78978,78979,1,11
78967,78978,78979,1,11
78967,78978,78979,1,11
78967,78978,78980,2,11
78967,78978,78980,2,11
78967,78977,78979,2,10
78967,78978,78980,2,11
78967,78978,78980,2,11
78967,78979,78981,2,12
78967,78979,78981,2,12
78967,78978,78980,2,11
78967,78978,78980,2,11
78967,78979,78981,2,12
78967,78979,78981,2,12
78967,78980,78981,1,13
78967,78979,78981,2,12
78967,78979,78981,2,12
78967,78980,78982,2,13
78967,78980,78982,2,13
78967,78980,78982,2,13
78967,78980,78982,2,13
78967,78981,78983,2,14
78967,78980,78982,2,13
78967,78980,78982,2,13
78967,78979,78982,3,12
78967,78980,78983,3,13
78967,78981,78983,2,14
78967,78980,78982,2,13
78967,78981,78982,1,14
78967,78981,78984,3,14
78967,78981,78983,2,14
78967,78982,78984,2,15
78967,78981,78984,3,14
78967,78982,78984,2,15
78967,78982,78983,1,15
78967,78983,78985,2,16
78967,78983,78984,1,16
78967,78983,78985,2,16
78967,78983,78985,2,16
78967,78981,78985,4,14
78967,78983,78985,2,16
78967,78983,78985,2,16
78967,78983,78985,2,16
78967,78982,78984,2,15
78967,78983,78985,2,16
78967,78984,78986,2,17
78967,78983,78986,3,16
78967,78983,78985,2,16
78967,78984,78986,2,17
78967,78983,78985,2,16
78967,78984,78986,2,17
78967,78983,78986,3,16
78967,78985,78986,1,18
78967,78984,78986,2,17
78967,78984,78986,2,17
78967,78985,78987,2,18
78967,78985,78987,2,18
78967,78985,78987,2,18
78967,78985,78987,2,18
78967,78984,78986,2,17
78967,78985,78987,2,18
78967,78985,78987,2,18
78967,78986,78988,2,19
78967,78985,78987,2,18
78967,78986,78988,2,19
78967,78985,78988,3,18
78967,78986,78988,2,19
78967,78985,78988,3,18
78967,78987,78989,2,20
78967,78987,78989,2,20
78967,78986,78989,3,19
78967,78986,78989,3,19
78967,78987,78989,2,20
78967,78986,78988,2,19
78967,78987,78989,2,20
78967,78987,78989,2,20
78967,78987,78990,3,20
78967,78988,78990,2,21
78967,78987,78990,3,20
78967,78987,78990,3,20
78967,78989,78990,1,22
78967,78988,78990,2,21
78967,78988,78990,2,21
78967,78988,78990,2,21
78967,78989,78991,2,22
78967,78989,78991,2,22
78967,78989,78991,2,22
78967,78987,78990,3,20
78967,78988,78991,3,21
78967,78989,78991,2,22
78967,78987,78990,3,20
78967,78989,78991,2,22
78967,78988,78991,3,21
78967,78990,78992,2,23
78967,78990,78992,2,23
78967,78990,78992,2,23
78967,78989,78992,3,22
78967,78990,78992,2,23
78967,78990,78992,2,23
78967,78990,78992,2,23
78967,78990,78993,3,23
78967,78991,78992,1,24
78967,78990,78992,2,23
78967,78991,78993,2,24
78967,78990,78992,2,23
78967,78990,78993,3,23
78967,78991,78993,2,24
78967,78991,78993,2,24
78967,78992,78994,2,25
78967,78992,78994,2,25
78967,78991,78994,3,24
78967,78991,78994,3,24
78967,78992,78994,2,25
78967,78991,78994,3,24
78967,78992,78994,2,25
78967,78991,78994,3,24
78967,78993,78994,1,26
78967,78992,78995,3,25
78967,78992,78995,3,25
79001,79001,79003,2,0
79001,79001,79003,2,0
79001,79001,79003,2,0
79001,79001,79003,2,0
79001,79001,79004,3,0
79001,79001,79004,3,0
79001,79001,79003,2,0
79001,79001,79004,3,0
79001,79001,79003,2,0
79001,79001,79004,3,0
79001,79001,79003,2,0
79001,79001,79003,2,0
79001,79001,79003,2,0
79001,79001,79004,3,0
79001,79001,79004,3,0
79001,79001,79004,3,0
79001,79001,79003,2,0
79001,79001,79004,3,0
79001,79001,79003,2,0
79001,79003,79005,2,2
79001,79001,79004,3,0
79001,79003,79005,2,2
79001,79003,79005,2,2
79001,79004,79006,2,3
79001,79004,79006,2,3
79001,79004,79006,2,3
79001,79004,79006,2,3
79001,79003,79005,2,2
79001,79004,79006,2,3
79001,79004,79006,2,3
79001,79004,79006,2,3
79001,79004,79006,2,3
79001,79004,79006,2,3
79001,79004,79006,2,3
79001,79004,79006,2,3
79001,79004,79007,3,3
79001,79005,79007,2,4
79001,79004,79007,3,3
79001,79004,79007,3,3
79001,79005,79007,2,4
79001,79004,79007,3,3
79001,79005,79007,2,4
79001,79006,79008,2,5
79001,79006,79008,2,5
79001,79006,79008,2,5
79001,79006,79008,2,5
79001,79006,79008,2,5
79001,79005,79008,3,4
79001,79007,79008,1,6
79001,79006,79009,3,5
79001,79007,79009,2,6
79001,79008,79009,1,7
79001,79006,79009,3,5
79001,79006,79009,3,5
79001,79008,79009,1,7
79001,79006,79009,3,5
79001,79006,79009,3,5
79001,79008,79009,1,7
79001,79008,79009,1,7
79001,79009,79010,1,8
79001,79009,79010,1,8
79001,79008,79010,2,7
79001,79009,79011,2,8
79001,79008,79010,2,7
79001,79009,79010,1,8
79001,79009,79010,1,8
79001,79008,79011,3,7
79001,79010,79012,2,9
79001,79010,79011,1,9
79001,79010,79011,1,9
79001,79009,79011,2,8
79001,79010,79011,1,9
79001,79010,79011,1,9
79001,79010,79011,1,9
79001,79010,79011,1,9
79001,79010,79012,2,9
79001,79011,79012,1,10
79001,79010,79012,2,9
79001,79010,79012,2,9
79001,79011,79013,2,10
79001,79009,79012,3,8
79001,79011,79013,2,10
79001,79011,79013,2,10
79001,79011,79013,2,10
79001,79012,79014,2,11
79001,79012,79013,1,11
79001,79012,79013,1,11
79001,79012,79014,2,11
79001,79011,79013,2,10
79001,79012,79014,2,11
79001,79012,79014,2,11
79001,79011,79013,2,10
79001,79012,79014,2,11
79001,79012,79014,2,11
79001,79012,79014,2,11
79001,79013,79014,1,12
79001,79013,79014,1,12
79001,79012,79014,2,11
79001,79013,79015,2,12
79001,79013,79015,2,12
79001,79013,79015,2,12
79001,79014,79016,2,13
79001,79014,79015,1,13
79001,79013,79015,2,12
79001,79013,79015,2,12
79001,79014,79016,2,13
79001,79014,79016,2,13
79001,79014,79016,2,13
79001,79013,79016,3,12
79001,79014,79016,2,13
79001,79014,79017,3,13
79001,79014,79017,3,13
79001,79015,79017,2,14
79001,79014,79016,2,13
79001,79014,79016,2,13
79001,79015,79017,2,14
79001,79016,79018,2,15
79001,79016,79017,1,15
79001,79015,79017,2,14
79001,79015,79017,2,14
79001,79016,79018,2,15
79001,79015,79017,2,14
79001,79016,79018,2,15
79001,79015,79017,2,14
79001,79016,79018,2,15
79001,79016,79018,2,15
79001,79016,79018,2,15
79001,79017,79019,2,16
79001,79017,79019,2,16
79001,79016,79019,3,15
79001,79017,79019,2,16
79001,79017,79019,2,16
79001,79017,79019,2,16
79001,79018,79020,2,17
79001,79018,79020,2,17
79001,79018,79020,2,17
79001,79017,79019,2,16
79001,79018,79020,2,17
79001,79018,79020,2,17
79001,79017,79020,3,16
79001,79018,79020,2,17
79001,79018,79020,2,17
79001,79018,79020,2,17
79001,79018,79020,2,17
79001,79019,79021,2,18
79001,79019,79021,2,18
79001,79018,79020,2,17
79001,79019,79021,2,18
79001,79019,79021,2,18
79001,79019,79021,2,18
79001,79020,79022,2,19
79001,79019,79021,2,18
79001,79019,79022,3,18
79001,79020,79022,2,19
79001,79019,79022,3,18
79001,79020,79022,2,19
79001,79020,79022,2,19
79001,79020,79022,2,19
79001,79020,79022,2,19
79001,79020,79023,3,19
79001,79021,79022,1,20
79001,79021,79023,2,20
79001,79020,79022,2,19
79001,79020,79022,2,19
79001,79021,79023,2,20
79001,79020,79023,3,19
79001,79020,79022,2,19
79001,79021,79023,2,20
79001,79021,79023,2,20
79001,79022,79024,2,21
79001,79021,79023,2,20
79001,79022,79024,2,21
79001,79022,79024,2,21
79001,79023,79025,2,22
79001,79023,79025,2,22
79001,79022,79025,3,21
79001,79022,79024,2,21
79001,79022,79024,2,21
79001,79023,79025,2,22
79001,79022,79025,3,21
79001,79023,79025,2,22
79001,79022,79025,3,21
79001,79023,79025,2,22
79001,79023,79025,2,22
79001,79023,79025,2,22
79001,79023,79026,3,22
79001,79024,79026,2,23
79001,79023,79026,3,22
79001,79023,79026,3,22
79001,79023,79026,3,22
79001,79025,79026,1,24
79001,79025,79026,1,24
79001,79025,79027,2,24
79001,79025,79027,2,24
79001,79025,79027,2,24
79001,79025,79027,2,24
79001,79025,79028,3,24
79001,79025,79028,3,24
79001,79025,79028,3,24
79001,79025,79028,3,24
79034,79034,79036,2,0
79034,79034,79036,2,0
79034,79034,79036,2,0
79034,79034,79036,2,0
79034,79034,79036,2,0
79034,79034,79036,2,0
79034,79034,79036,2,0
79034,79034,79036,2,0
79034,79034,79036,2,0
79034,79034,79036,2,0
79034,79034,79037,3,0
79034,79034,79037,3,0
79034,79034,79037,3,0
79034,79034,79037,3,0
79034,79034,79036,2,0
79034,79034,79037,3,0
79034,79034,79037,3,0
79034,79034,79037,3,0
79034,79034,79037,3,0
79034,79034,79037,3,0
79034,79036,79038,2,2
79034,79036,79038,2,2
79034,79036,79038,2,2
79034,79036,79038,2,2
79034,79036,79038,2,2
79034,79036,79038,2,2
79034,79036,79038,2,2
79034,79036,79038,2,2
79034,79036,79038,2,2
79034,79037,79039,2,3
79034,79037,79039,2,3
79034,79037,79039,2,3
79034,79036,79039,3,2
79034,79037,79039,2,3
79034,79037,79039,2,3
79034,79037,79039,2,3
79034,79037,79040,3,3
79034,79037,79040,3,3
79034,79039,79040,1,5
79034,79039,79040,1,5
79034,79037,79040,3,3
79034,79037,79040,3,3
79034,79039,79040,1,5
79034,79039,79040,1,5
79034,79038,79040,2,4
79034,79039,79040,1,5
79034,79039,79040,1,5
79034,79039,79041,2,5
79034,79040,79042,2,6
79034,79040,79041,1,6
79034,79040,79041,1,6
79034,79039,79041,2,5
79034,79040,79042,2,6
79034,79041,79042,1,7
79034,79041,79043,2,7
79034,79040,79042,2,6
79034,79040,79042,2,6
79034,79040,79042,2,6
79034,79041,79042,1,7
79034,79041,79042,1,7
79034,79041,79043,2,7
79034,79041,79043,2,7
79034,79041,79043,2,7
79034,79041,79043,2,7
79034,79041,79043,2,7
79034,79041,79043,2,7
79034,79042,79044,2,8
79034,79042,79044,2,8
79034,79041,79044,3,7
79034,79042,79044,2,8
79034,79042,79043,1,8
79034,79042,79043,1,8
79034,79042,79043,1,8
79034,79043,79044,1,9
79034,79043,79045,2,9
79034,79043,79044,1,9
79034,79043,79045,2,9
79034,79043,79044,1,9
79034,79043,79044,1,9
79034,79043,79044,1,9
79034,79043,79045,2,9
79034,79044,79045,1,10
79034,79044,79045,1,10
79034,79044,79046,2,10
79034,79043,79045,2,9
79034,79044,79045,1,10
79034,79044,79045,1,10
79034,79044,79045,1,10
79034,79044,79046,2,10
79034,79044,79045,1,10
79034,79044,79045,1,10
79034,79045,79047,2,11
79034,79045,79046,1,11
79034,79045,79047,2,11
79034,79044,79046,2,10
79034,79045,79046,1,11
79034,79046,79048,2,12
79034,79046,79047,1,12
79034,79046,79048,2,12
79034,79045,79047,2,11
79034,79046,79048,2,12
79034,79046,79048,2,12
79034,79045,79047,2,11
79034,79046,79048,2,12
79034,79044,79048,4,10
79034,79045,79048,3,11
79034,79046,79048,2,12
79034,79047,79049,2,13
79034,79047,79049,2,13
79034,79047,79049,2,13
79034,79046,79048,2,12
79034,79046,79048,2,12
79034,79046,79048,2,12
79034,79047,79048,1,13
79034,79046,79048,2,12
79034,79047,79049,2,13
79034,79048,79050,2,14
79034,79048,79050,2,14
79034,79048,79050,2,14
79034,79048,79050,2,14
79034,79048,79050,2,14
79034,79048,79050,2,14
79034,79048,79050,2,14
79034,79048,79050,2,14
79034,79049,79050,1,15
79034,79049,79050,1,15
79034,79049,79050,1,15
79034,79049,79051,2,15
79034,79049,79051,2,15
79034,79048,79050,2,14
79034,79049,79051,2,15
79034,79049,79051,2,15
79034,79049,79050,1,15
79034,79049,79050,1,15
79034,79049,79051,2,15
79034,79050,79051,1,16
79034,79049,79051,2,15
79034,79050,79051,1,16
79034,79050,79052,2,16
79034,79050,79052,2,16
79034,79050,79052,2,16
79034,79050,79052,2,16
79034,79050,79052,2,16
79034,79050,79052,2,16
79034,79051,79053,2,17
79034,79051,79053,2,17
79034,79051,79053,2,17
79034,79051,79053,2,17
79034,79051,79053,2,17
79034,79051,79053,2,17
79034,79051,79053,2,17
79034,79050,79053,3,16
79034,79051,79053,2,17
79034,79052,79054,2,18
79034,79052,79054,2,18
79034,79052,79054,2,18
79034,79051,79053,2,17
79034,79052,79054,2,18
79034,79051,79054,3,17
79034,79052,79054,2,18
79034,79052,79054,2,18
79034,79052,79055,3,18
79034,79053,79055,2,19
79034,79053,79055,2,19
79034,79053,79055,2,19
79034,79052,79055,3,18
79034,79052,79055,3,18
79034,79053,79055,2,19
79034,79053,79055,2,19
79034,79054,79056,2,20
79034,79053,79056,3,19
79034,79054,79056,2,20
79034,79053,79056,3,19
79034,79053,79055,2,19
79034,79054,79056,2,20
79034,79054,79056,2,20
79034,79054,79056,2,20
79034,79054,79056,2,20
79034,79054,79056,2,20
79034,79054,79057,3,20
79034,79055,79057,2,21
79034,79055,79057,2,21
79034,79055,79057,2,21
79034,79055,79057,2,21
79034,79055,79057,2,21
79034,79055,79057,2,21
79034,79055,79057,2,21
79034,79054,79056,2,20
79034,79055,79057,2,21
79034,79056,79058,2,22
79034,79056,79058,2,22
79034,79056,79058,2,22
79034,79056,79058,2,22
79034,79056,79058,2,22
79034,79056,79058,2,22
79034,79057,79058,1,23
79034,79057,79059,2,23
79034,79057,79059,2,23
79034,79057,79059,2,23
79034,79057,79059,2,23
79065,79065,79067,2,0
79065,79065,79067,2,0
79065,79065,79067,2,0
79065,79065,79067,2,0
79065,79065,79067,2,0
79065,79065,79067,2,0
79065,79065,79067,2,0
79065,79065,79067,2,0
79065,79065,79067,2,0
79065,79065,79067,2,0
79065,79065,79067,2,0
79065,79065,79067,2,0
79065,79065,79068,3,0
79065,79065,79068,3,0
79065,79065,79068,3,0
79065,79065,79068,3,0
79065,79065,79067,2,0
79065,79065,79068,3,0
79065,79065,79068,3,0
79065,79065,79068,3,0
79065,79067,79069,2,2
79065,79067,79069,2,2
79065,79067,79069,2,2
79065,79067,79069,2,2
79065,79067,79069,2,2
79065,79067,79069,2,2
79065,79067,79069,2,2
79065,79067,79069,2,2
79065,79067,79069,2,2
79065,79068,79070,2,3
79065,79068,79070,2,3
79065,79067,79070,3,2
79065,79068,79070,2,3
79065,79068,79070,2,3
79065,79068,79070,2,3
79065,79068,79070,2,3
79065,79068,79070,2,3
79065,79068,79070,2,3
79065,79068,79070,2,3
79065,79068,79070,2,3
79065,79069,79071,2,4
79065,79069,79071,2,4
79065,79069,79071,2,4
79065,79069,79071,2,4
79065,79069,79071,2,4
79065,79069,79071,2,4
79065,79069,79071,2,4
79065,79069,79071,2,4
79065,79069,79071,2,4
79065,79071,79072,1,6
79065,79071,79072,1,6
79065,79071,79072,1,6
79065,79071,79072,1,6
79065,79071,79072,1,6
79065,79071,79072,1,6
79065,79071,79072,1,6
79065,79071,79073,2,6
79065,79071,79072,1,6
79065,79071,79073,2,6
79065,79071,79073,2,6
79065,79072,79073,1,7
79065,79072,79073,1,7
79065,79072,79073,1,7
79065,79072,79073,1,7
79065,79072,79073,1,7
79065,79072,79073,1,7
79065,79072,79073,1,7
79065,79072,79074,2,7
79065,79073,79075,2,8
79065,79073,79074,1,8
79065,79073,79074,1,8
79065,79072,79074,2,7
79065,79073,79074,1,8
79065,79073,79074,1,8
79065,79073,79074,1,8
79065,79073,79074,1,8
79065,79073,79074,1,8
79065,79073,79074,1,8
79065,79074,79075,1,9
79065,79074,79075,1,9
79065,79074,79075,1,9
79065,79074,79076,2,9
79065,79074,79075,1,9
79065,79074,79076,2,9
79065,79074,79076,2,9
79065,79074,79076,2,9
79065,79074,79076,2,9
79065,79075,79076,1,10
79065,79075,79076,1,10
79065,79075,79076,1,10
79065,79075,79077,2,10
79065,79075,79076,1,10
79065,79075,79077,2,10
79065,79075,79076,1,10
79065,79075,79076,1,10
79065,79075,79076,1,10
79065,79075,79076,1,10
79065,79075,79076,1,10
79065,79076,79077,1,11
79065,79076,79077,1,11
79065,79076,79077,1,11
79065,79076,79077,1,11
79065,79076,79077,1,11
79065,79076,79077,1,11
79065,79076,79078,2,11
79065,79077,79078,1,12
79065,79077,79079,2,12
79065,79077,79078,1,12
79065,79077,79078,1,12
79065,79077,79079,2,12
79065,79077,79079,2,12
79065,79077,79079,2,12
79065,79077,79078,1,12
79065,79077,79079,2,12
79065,79077,79079,2,12
79065,79077,79079,2,12
79065,79077,79079,2,12
79065,79077,79080,3,12
79065,79078,79080,2,13
79065,79078,79080,2,13
79065,79079,79081,2,14
79065,79079,79081,2,14
79065,79078,79080,2,13
79065,79078,79080,2,13
79065,79078,79081,3,13
79065,79079,79080,1,14
79065,79079,79081,2,14
79065,79079,79081,2,14
79065,79079,79081,2,14
79065,79079,79080,1,14
79065,79079,79081,2,14
79065,79079,79081,2,14
79065,79078,79081,3,13
79065,79079,79081,2,14
79065,79080,79082,2,15
79065,79080,79082,2,15
79065,79080,79082,2,15
79065,79080,79082,2,15
79065,79081,79082,1,16
79065,79080,79082,2,15
79065,79081,79083,2,16
79065,79081,79082,1,16
79065,79081,79082,1,16
79065,79081,79083,2,16
79065,79082,79083,1,17
79065,79081,79083,2,16
79065,79081,79083,2,16
79065,79081,79082,1,16
79065,79081,79082,1,16
79065,79081,79082,1,16
79065,79081,79083,2,16
79065,79081,79083,2,16
79065,79081,79083,2,16
79065,79081,79083,2,16
79065,79082,79083,1,17
79065,79081,79084,3,16
79065,79082,79084,2,17
79065,79082,79084,2,17
79065,79083,79085,2,18
79065,79083,79085,2,18
79065,79083,79085,2,18
79065,79083,79085,2,18
79065,79083,79085,2,18
79065,79082,79085,3,17
79065,79083,79085,2,18
79065,79083,79085,2,18
79065,79083,79085,2,18
79065,79084,79086,2,19
79065,79084,79086,2,19
79065,79083,79086,3,18
79065,79083,79086,3,18
79065,79083,79086,3,18
79065,79084,79086,2,19
79065,79082,79085,3,17
79065,79084,79086,2,19
79065,79083,79086,3,18
79065,79084,79086,2,19
79065,79084,79086,2,19
79065,79085,79087,2,20
79065,79085,79087,2,20
79065,79085,79087,2,20
79065,79085,79087,2,20
79065,79085,79087,2,20
79065,79085,79087,2,20
79065,79085,79087,2,20
79065,79086,79088,2,21
79065,79085,79088,3,20
79065,79086,79088,2,21
79065,79086,79088,2,21
79065,79086,79088,2,21
79065,79086,79088,2,21
79065,79087,79088,1,22
79065,79085,79087,2,20
79065,79086,79088,2,21
79065,79086,79088,2,21
79065,79086,79089,3,21
79065,79087,79088,1,22
79065,79086,79089,3,21
79065,79086,79089,3,21
79065,79087,79090,3,22
79097,79097,79098,1,0
79097,79097,79098,1,0
79097,79097,79099,2,0
79097,79097,79099,2,0
79097,79097,79098,1,0
79097,79097,79098,1,0
79097,79097,79098,1,0
79097,79097,79098,1,0
79097,79097,79099,2,0
79097,79097,79099,2,0
79097,79097,79099,2,0
79097,79097,79099,2,0
79097,79097,79100,3,0
79097,79097,79099,2,0
79097,79098,79100,2,1
79097,79097,79099,2,0
79097,79097,79099,2,0
79097,79097,79099,2,0
79097,79097,79100,3,0
79097,79097,79099,2,0
79097,79098,79100,2,1
79097,79099,79101,2,2
79097,79099,79101,2,2
79097,79099,79101,2,2
79097,79099,79101,2,2
79097,79099,79101,2,2
79097,79099,79101,2,2
79097,79099,79101,2,2
79097,79099,79101,2,2
79097,79100,79102,2,3
79097,79100,79102,2,3
79097,79100,79102,2,3
79097,79099,79101,2,2
79097,79100,79101,1,3
79097,79100,79102,2,3
79097,79100,79102,2,3
79097,79100,79102,2,3
79097,79099,79102,3,2
79097,79100,79102,2,3
79097,79100,79102,2,3
79097,79102,79103,1,5
79097,79102,79103,1,5
79097,79102,79103,1,5
79097,79101,79103,2,4
79097,79101,79103,2,4
79097,79102,79103,1,5
79097,79100,79102,2,3
79097,79101,79103,2,4
79097,79101,79103,2,4
79097,79102,79103,1,5
79097,79101,79103,2,4
79097,79102,79103,1,5
79097,79102,79104,2,5
79097,79101,79104,3,4
79097,79101,79104,3,4
79097,79102,79104,2,5
79097,79102,79104,2,5
79097,79102,79104,2,5
79097,79103,79105,2,6
79097,79103,79105,2,6
79097,79103,79105,2,6
79097,79103,79105,2,6
79097,79103,79105,2,6
79097,79101,79104,3,4
79097,79103,79105,2,6
79097,79103,79105,2,6
79097,79103,79105,2,6
79097,79103,79105,2,6
79097,79103,79105,2,6
79097,79103,79106,3,6
79097,79103,79106,3,6
79097,79104,79106,2,7
79097,79103,79106,3,6
79097,79104,79106,2,7
79097,79104,79106,2,7
79097,79104,79106,2,7
79097,79104,79106,2,7
79097,79105,79107,2,8
79097,79105,79107,2,8
79097,79105,79107,2,8
79097,79105,79107,2,8
79097,79105,79107,2,8
79097,79106,79107,1,9
79097,79106,79107,1,9
79097,79104,79107,3,7
79097,79106,79107,1,9
79097,79106,79108,2,9
79097,79106,79108,2,9
79097,79106,79108,2,9
79097,79107,79108,1,10
79097,79107,79108,1,10
79097,79105,79108,3,8
79097,79107,79108,1,10
79097,79107,79108,1,10
79097,79107,79109,2,10
79097,79108,79109,1,11
79097,79108,79109,1,11
79097,79107,79109,2,10
79097,79108,79109,1,11
79097,79107,79109,2,10
79097,79109,79110,1,12
79097,79109,79111,2,12
79097,79109,79111,2,12
79097,79109,79111,2,12
79097,79107,79110,3,10
79097,79109,79111,2,12
79097,79109,79111,2,12
79097,79109,79110,1,12
79097,79109,79110,1,12
79097,79110,79111,1,13
79097,79110,79111,1,13
79097,79110,79111,1,13
79097,79109,79111,2,12
79097,79109,79111,2,12
79097,79110,79111,1,13
79097,79109,79111,2,12
79097,79109,79111,2,12
79097,79110,79111,1,13
79097,79111,79112,1,14
79097,79111,79112,1,14
79097,79111,79113,2,14
79097,79111,79112,1,14
79097,79111,79112,1,14
79097,79110,79112,2,13
79097,79111,79113,2,14
79097,79111,79113,2,14
79097,79111,79113,2,14
79097,79112,79113,1,15
79097,79112,79113,1,15
79097,79112,79113,1,15
79097,79112,79113,1,15
79097,79112,79114,2,15
79097,79111,79113,2,14
79097,79113,79114,1,16
79097,79111,79113,2,14
79097,79112,79114,2,15
79097,79113,79115,2,16
79097,79113,79114,1,16
79097,79112,79114,2,15
79097,79112,79114,2,15
79097,79112,79114,2,15
79097,79113,79114,1,16
79097,79113,79116,3,16
79097,79113,79116,3,16
79097,79113,79115,2,16
79097,79113,79115,2,16
79097,79114,79116,2,17
79097,79115,79116,1,18
79097,79115,79116,1,18
79097,79114,79116,2,17
79097,79114,79115,1,17
79097,79114,79116,2,17
79097,79114,79116,2,17
79097,79114,79116,2,17
79097,79115,79116,1,18
79097,79115,79117,2,18
79097,79115,79117,2,18
79097,79115,79117,2,18
79097,79115,79116,1,18
79097,79115,79116,1,18
79097,79114,79116,2,17
79097,79116,79117,1,19
79097,79116,79118,2,19
79097,79115,79117,2,18
79097,79116,79117,1,19
79097,79116,79118,2,19
79097,79116,79118,2,19
79097,79116,79118,2,19
79097,79116,79118,2,19
79097,79116,79118,2,19
79097,79116,79118,2,19
79097,79116,79118,2,19
79097,79116,79118,2,19
79097,79117,79118,1,20
79097,79117,79119,2,20
79097,79117,79119,2,20
79097,79117,79119,2,20
79097,79116,79118,2,19
79097,79117,79119,2,20
79097,79117,79119,2,20
79097,79118,79119,1,21
79097,79118,79119,1,21
79097,79117,79119,2,20
79097,79118,79120,2,21
79097,79118,79121,3,21
79097,79118,79120,2,21
79097,79118,79120,2,21
79127,79127,79128,1,0
79127,79127,79128,1,0
79127,79127,79128,1,0
79127,79127,79128,1,0
79127,79127,79128,1,0
79127,79127,79128,1,0
79127,79127,79128,1,0
79127,79127,79128,1,0
79127,79127,79128,1,0
79127,79127,79128,1,0
79127,79127,79129,2,0
79127,79127,79128,1,0
79127,79127,79128,1,0
79127,79127,79129,2,0
79127,79127,79129,2,0
79127,79127,79129,2,0
79127,79127,79129,2,0
79127,79127,79129,2,0
79127,79129,79130,1,2
79127,79129,79130,1,2
79127,79128,79130,2,1
79127,79129,79131,2,2
79127,79129,79130,1,2
79127,79129,79130,1,2
79127,79129,79131,2,2
79127,79129,79130,1,2
79127,79129,79130,1,2
79127,79129,79131,2,2
79127,79129,79130,1,2
79127,79127,79130,3,0
79127,79130,79131,1,3
79127,79130,79132,2,3
79127,79130,79132,2,3
79127,79130,79132,2,3
79127,79130,79131,1,3
79127,79130,79131,1,3
79127,79131,79133,2,4
79127,79131,79132,1,4
79127,79131,79132,1,4
79127,79131,79133,2,4
79127,79131,79133,2,4
79127,79130,79132,2,3
79127,79130,79132,2,3
79127,79130,79132,2,3
79127,79131,79133,2,4
79127,79131,79133,2,4
79127,79132,79133,1,5
79127,79133,79134,1,6
79127,79132,79134,2,5
79127,79132,79133,1,5
79127,79131,79134,3,4
79127,79133,79134,1,6
79127,79131,79133,2,4
79127,79132,79133,1,5
79127,79130,79134,4,3
79127,79132,79134,2,5
79127,79133,79134,1,6
79127,79134,79135,1,7
79127,79134,79135,1,7
79127,79133,79134,1,6
79127,79133,79134,1,6
79127,79134,79135,1,7
79127,79133,79134,1,6
79127,79133,79135,2,6
79127,79133,79134,1,6
79127,79133,79135,2,6
79127,79133,79134,1,6
79127,79134,79135,1,7
79127,79131,79134,3,4
79127,79133,79134,1,6
79127,79134,79135,1,7
79127,79134,79136,2,7
79127,79134,79136,2,7
79127,79134,79135,1,7
79127,79135,79136,1,8
79127,79134,79135,1,7
79127,79135,79136,1,8
79127,79135,79137,2,8
79127,79135,79137,2,8
79127,79135,79136,1,8
79127,79135,79136,1,8
79127,79135,79137,2,8
79127,79135,79137,2,8
79127,79135,79137,2,8
79127,79135,79137,2,8
79127,79135,79137,2,8
79127,79135,79137,2,8
79127,79135,79137,2,8
79127,79135,79138,3,8
79127,79135,79137,2,8
79127,79136,79138,2,9
79127,79136,79138,2,9
79127,79136,79138,2,9
79127,79135,79138,3,8
79127,79136,79138,2,9
79127,79136,79138,2,9
79127,79137,79138,1,10
79127,79137,79138,1,10
79127,79137,79139,2,10
79127,79137,79139,2,10
79127,79137,79139,2,10
79127,79138,79139,1,11
79127,79138,79139,1,11
79127,79137,79139,2,10
79127,79137,79139,2,10
79127,79138,79139,1,11
79127,79137,79138,1,10
79127,79137,79139,2,10
79127,79138,79139,1,11
79127,79137,79139,2,10
79127,79138,79139,1,11
79127,79137,79140,3,10
79127,79139,79140,1,12
79127,79139,79140,1,12
79127,79137,79140,3,10
79127,79138,79140,2,11
79127,79139,79140,1,12
79127,79138,79140,2,11
79127,79138,79140,2,11
79127,79138,79140,2,11
79127,79138,79140,2,11
79127,79139,79141,2,12
79127,79139,79141,2,12
79127,79139,79141,2,12
79127,79139,79141,2,12
79127,79139,79141,2,12
79127,79139,79141,2,12
79127,79139,79141,2,12
79127,79139,79141,2,12
79127,79139,79141,2,12
79127,79140,79142,2,13
79127,79140,79142,2,13
79127,79140,79142,2,13
79127,79140,79142,2,13
79127,79140,79142,2,13
79127,79139,79142,3,12
79127,79141,79142,1,14
79127,79141,79142,1,14
79127,79141,79142,1,14
79127,79141,79142,1,14
79127,79141,79143,2,14
79127,79140,79143,3,13
79127,79142,79143,1,15
79127,79142,79143,1,15
79127,79142,79143,1,15
79127,79142,79143,1,15
79127,79142,79143,1,15
79127,79142,79143,1,15
79127,79142,79144,2,15
79127,79142,79144,2,15
79127,79142,79144,2,15
79127,79143,79144,1,16
79127,79143,79144,1,16
79127,79143,79144,1,16
79127,79142,79144,2,15
79127,79143,79144,1,16
79127,79142,79144,2,15
79127,79143,79144,1,16
79127,79143,79144,1,16
79127,79144,79145,1,17
79127,79144,79145,1,17
79127,79144,79145,1,17
79127,79144,79145,1,17
79127,79144,79145,1,17
79127,79144,79145,1,17
79127,79144,79146,2,17
79127,79145,79146,1,18
79127,79145,79146,1,18
79127,79145,79146,1,18
79127,79145,79146,1,18
79127,79145,79146,1,18
79127,79145,79146,1,18
79127,79145,79147,2,18
79127,79145,79146,1,18
79127,79145,79146,1,18
79127,79145,79147,2,18
79127,79145,79147,2,18
79127,79145,79147,2,18
79127,79146,79147,1,19
79127,79146,79147,1,19
79127,79145,79147,2,18
79127,79145,79147,2,18
79127,79145,79147,2,18
79127,79145,79147,2,18
79127,79145,79148,3,18
79127,79147,79149,2,20
79155,79155,79156,1,0
79155,79155,79156,1,0
79155,79155,79157,2,0
79155,79155,79157,2,0
79155,79155,79157,2,0
79155,79155,79157,2,0
79155,79155,79157,2,0
79155,79155,79157,2,0
79155,79155,79157,2,0
79155,79155,79157,2,0
79155,79155,79157,2,0
79155,79155,79157,2,0
79155,79155,79157,2,0
79155,79155,79157,2,0
79155,79155,79157,2,0
79155,79155,79157,2,0
79155,79155,79157,2,0
79155,79156,79157,1,1
79155,79155,79158,3,0
79155,79155,79158,3,0
79155,79157,79158,1,2
79155,79157,79158,1,2
79155,79156,79157,1,1
79155,79157,79158,1,2
79155,79157,79158,1,2
79155,79155,79158,3,0
79155,79157,79158,1,2
79155,79157,79158,1,2
79155,79157,79158,1,2
79155,79157,79158,1,2
79155,79157,79158,1,2
79155,79157,79158,1,2
79155,79157,79158,1,2
79155,79157,79159,2,2
79155,79157,79159,2,2
79155,79157,79159,2,2
79155,79157,79159,2,2
79155,79157,79158,1,2
79155,79158,79160,2,3
79155,79158,79160,2,3
79155,79158,79160,2,3
79155,79158,79160,2,3
79155,79158,79160,2,3
79155,79158,79160,2,3
79155,79158,79160,2,3
79155,79158,79160,2,3
79155,79158,79161,3,3
79155,79158,79160,2,3
79155,79158,79160,2,3
79155,79158,79161,3,3
79155,79159,79161,2,4
79155,79158,79161,3,3
79155,79158,79161,3,3
79155,79159,79161,2,4
79155,79158,79161,3,3
79155,79159,79161,2,4
79155,79159,79161,2,4
79155,79159,79161,2,4
79155,79161,79162,1,6
79155,79161,79162,1,6
79155,79161,79162,1,6
79155,79161,79162,1,6
79155,79161,79163,2,6
79155,79161,79162,1,6
79155,79161,79162,1,6
79155,79160,79163,3,5
79155,79161,79163,2,6
79155,79162,79163,1,7
79155,79161,79163,2,6
79155,79162,79163,1,7
79155,79162,79164,2,7
79155,79162,79163,1,7
79155,79162,79164,2,7
79155,79162,79164,2,7
79155,79163,79164,1,8
79155,79163,79164,1,8
79155,79163,79164,1,8
79155,79164,79165,1,9
79155,79164,79165,1,9
79155,79164,79166,2,9
79155,79164,79165,1,9
79155,79164,79166,2,9
79155,79164,79166,2,9
79155,79164,79165,1,9
79155,79164,79165,1,9
79155,79164,79166,2,9
79155,79164,79166,2,9
79155,79164,79166,2,9
79155,79164,79166,2,9
79155,79164,79166,2,9
79155,79165,79166,1,10
79155,79165,79167,2,10
79155,79164,79166,2,9
79155,79164,79166,2,9
79155,79165,79166,1,10
79155,79165,79167,2,10
79155,79166,79167,1,11
79155,79166,79168,2,11
79155,79166,79167,1,11
79155,79166,79167,1,11
79155,79166,79168,2,11
79155,79166,79168,2,11
79155,79166,79167,1,11
79155,79166,79168,2,11
79155,79166,79167,1,11
79155,79166,79168,2,11
79155,79167,79168,1,12
79155,79167,79168,1,12
79155,79167,79168,1,12
79155,79167,79168,1,12
79155,79167,79169,2,12
79155,79167,79168,1,12
79155,79167,79168,1,12
79155,79168,79169,1,13
79155,79168,79169,1,13
79155,79167,79168,1,12
79155,79167,79169,2,12
79155,79168,79169,1,13
79155,79168,79169,1,13
79155,79167,79169,2,12
79155,79168,79169,1,13
79155,79168,79169,1,13
79155,79168,79169,1,13
79155,79168,79169,1,13
79155,79168,79169,1,13
79155,79168,79169,1,13
79155,79168,79170,2,13
79155,79168,79170,2,13
79155,79169,79171,2,14
79155,79169,79171,2,14
79155,79168,79171,3,13
79155,79169,79171,2,14
79155,79168,79171,3,13
79155,79169,79171,2,14
79155,79170,79172,2,15
79155,79170,79172,2,15
79155,79169,79171,2,14
79155,79170,79172,2,15
79155,79170,79172,2,15
79155,79170,79172,2,15
79155,79169,79172,3,14
79155,79170,79172,2,15
79155,79170,79172,2,15
79155,79170,79173,3,15
79155,79170,79172,2,15
79155,79171,79172,1,16
79155,79170,79172,2,15
79155,79170,79173,3,15
79155,79171,79172,1,16
79155,79171,79173,2,16
79155,79171,79173,2,16
79155,79170,79173,3,15
79155,79171,79173,2,16
79155,79171,79173,2,16
79155,79172,79173,1,17
79155,79172,79173,1,17
79155,79172,79174,2,17
79155,79173,79174,1,18
79155,79172,79174,2,17
79155,79172,79174,2,17
79155,79172,79174,2,17
79155,79172,79174,2,17
79155,79173,79174,1,18
79155,79173,79174,1,18
79155,79173,79175,2,18
79155,79174,79175,1,19
79155,79174,79175,1,19
79155,79172,79174,2,17
79155,79173,79175,2,18
79155,79173,79175,2,18
79155,79173,79175,2,18
79155,79173,79175,2,18
79155,79173,79175,2,18
79155,79173,79176,3,18
79155,79174,79175,1,19
79155,79172,79175,3,17
79155,79174,79176,2,19
79155,79173,79176,3,18
79155,79173,79175,2,18
79155,79174,79176,2,19
79155,79174,79176,2,19
79155,79174,79177,3,19
79155,79175,79177,2,20
79155,79175,79177,2,20
79155,79175,79178,3,20
79155,79175,79178,3,20
79182,79182,79184,2,0
79182,79182,79184,2,0
79182,79182,79184,2,0
79182,79182,79184,2,0
79182,79182,79184,2,0
79182,79182,79184,2,0
79182,79182,79184,2,0
79182,79182,79184,2,0
79182,79182,79184,2,0
79182,79182,79184,2,0
79182,79182,79184,2,0
79182,79182,79184,2,0
79182,79182,79184,2,0
79182,79182,79185,3,0
79182,79182,79184,2,0
79182,79182,79185,3,0
79182,79182,79185,3,0
79182,79182,79184,2,0
79182,79182,79185,3,0
79182,79182,79185,3,0
79182,79184,79185,1,2
79182,79184,79186,2,2
79182,79184,79186,2,2
79182,79184,79186,2,2
79182,79184,79186,2,2
79182,79184,79186,2,2
79182,79184,79186,2,2
79182,79184,79186,2,2
79182,79184,79186,2,2
79182,79184,79186,2,2
79182,79184,79186,2,2
79182,79184,79186,2,2
79182,79185,79187,2,3
79182,79185,79187,2,3
79182,79185,79187,2,3
79182,79185,79187,2,3
79182,79186,79187,1,4
79182,79185,79187,2,3
79182,79186,79187,1,4
79182,79185,79187,2,3
79182,79185,79187,2,3
79182,79186,79187,1,4
79182,79185,79187,2,3
79182,79186,79187,1,4
79182,79185,79188,3,3
79182,79186,79188,2,4
79182,79186,79188,2,4
79182,79187,79188,1,5
79182,79186,79188,2,4
79182,79186,79188,2,4
79182,79186,79189,3,4
79182,79186,79188,2,4
79182,79188,79189,1,6
79182,79188,79189,1,6
79182,79188,79189,1,6
79182,79188,79190,2,6
79182,79188,79189,1,6
79182,79188,79189,1,6
79182,79188,79190,2,6
79182,79188,79189,1,6
79182,79188,79189,1,6
79182,79188,79190,2,6
79182,79189,79190,1,7
79182,79189,79190,1,7
79182,79189,79191,2,7
79182,79189,79191,2,7
79182,79189,79190,1,7
79182,79189,79191,2,7
79182,79189,79191,2,7
79182,79190,79191,1,8
79182,79190,79191,1,8
79182,79190,79191,1,8
79182,79189,79191,2,7
79182,79190,79191,1,8
79182,79189,79192,3,7
79182,79190,79191,1,8
79182,79190,79191,1,8
79182,79190,79191,1,8
79182,79189,79192,3,7
79182,79192,79193,1,10
79182,79192,79193,1,10
79182,79190,79192,2,8
79182,79192,79193,1,10
79182,79191,79192,1,9
79182,79192,79193,1,10
79182,79190,79193,3,8
79182,79191,79192,1,9
79182,79191,79193,2,9
79182,79192,79193,1,10
79182,79191,79193,2,9
79182,79192,79194,2,10
79182,79191,79193,2,9
79182,79191,79194,3,9
79182,79192,79193,1,10
79182,79192,79193,1,10
79182,79192,79193,1,10
79182,79192,79194,2,10
79182,79193,79194,1,11
79182,79193,79195,2,11
79182,79193,79194,1,11
79182,79193,79195,2,11
79182,79193,79195,2,11
79182,79193,79195,2,11
79182,79194,79195,1,12
79182,79193,79195,2,11
79182,79193,79195,2,11
79182,79193,79195,2,11
79182,79193,79195,2,11
79182,79193,79195,2,11
79182,79193,79195,2,11
79182,79194,79196,2,12
79182,79194,79196,2,12
79182,79194,79196,2,12
79182,79194,79195,1,12
79182,79194,79196,2,12
79182,79194,79196,2,12
79182,79195,79196,1,13
79182,79195,79197,2,13
79182,79195,79197,2,13
79182,79195,79197,2,13
79182,79195,79197,2,13
79182,79194,79196,2,12
79182,79194,79196,2,12
79182,79195,79197,2,13
79182,79195,79197,2,13
79182,79195,79198,3,13
79182,79196,79198,2,14
79182,79197,79198,1,15
79182,79195,79198,3,13
79182,79196,79198,2,14
79182,79195,79198,3,13
79182,79196,79198,2,14
79182,79197,79198,1,15
79182,79196,79198,2,14
79182,79196,79198,2,14
79182,79196,79198,2,14
79182,79196,79198,2,14
79182,79196,79198,2,14
79182,79197,79198,1,15
79182,79197,79198,1,15
79182,79198,79199,1,16
79182,79196,79199,3,14
79182,79197,79199,2,15
79182,79197,79199,2,15
79182,79197,79199,2,15
79182,79198,79200,2,16
79182,79198,79200,2,16
79182,79197,79200,3,15
79182,79198,79200,2,16
79182,79198,79200,2,16
79182,79198,79200,2,16
79182,79198,79200,2,16
79182,79198,79200,2,16
79182,79198,79200,2,16
79182,79198,79200,2,16
79182,79198,79200,2,16
79182,79198,79200,2,16
79182,79198,79200,2,16
79182,79199,79200,1,17
79182,79199,79201,2,17
79182,79198,79201,3,16
79182,79199,79201,2,17
79182,79199,79201,2,17
79182,79200,79201,1,18
79182,79199,79201,2,17
79182,79199,79202,3,17
79182,79200,79202,2,18
79182,79200,79202,2,18
79182,79201,79202,1,19
79182,79201,79202,1,19
79182,79201,79202,1,19
79182,79201,79202,1,19
79182,79201,79203,2,19
79182,79201,79203,2,19
79182,79202,79203,1,20
79182,79201,79203,2,19
79182,79202,79203,1,20
79182,79202,79203,1,20
79182,79201,79203,2,19
79182,79202,79203,1,20
79182,79201,79203,2,19
79182,79202,79204,2,20
79182,79202,79203,1,20
79182,79202,79203,1,20
79182,79202,79204,2,20
79182,79201,79204,3,19
79182,79202,79205,3,20
79182,79202,79204,2,20
79182,79203,79204,1,21
79182,79203,79205,2,21
79182,79203,79205,2,21
79211,79211,79212,1,0
79211,79211,79213,2,0
79211,79211,79213,2,0
79211,79211,79213,2,0
79211,79211,79213,2,0
79211,79211,79213,2,0
79211,79211,79213,2,0
79211,79211,79213,2,0
79211,79211,79212,1,0
79211,79211,79213,2,0
79211,79211,79213,2,0
79211,79211,79213,2,0
79211,79211,79213,2,0
79211,79211,79213,2,0
79211,79211,79213,2,0
79211,79211,79213,2,0
79211,79211,79214,3,0
79211,79212,79214,2,1
79211,79211,79213,2,0
79211,79213,79214,1,2
79211,79211,79214,3,0
79211,79211,79213,2,0
79211,79213,79214,1,2
79211,79213,79215,2,2
79211,79213,79215,2,2
79211,79213,79215,2,2
79211,79213,79215,2,2
79211,79213,79215,2,2
79211,79213,79215,2,2
79211,79213,79215,2,2
79211,79213,79215,2,2
79211,79213,79215,2,2
79211,79213,79215,2,2
79211,79213,79215,2,2
79211,79213,79215,2,2
79211,79214,79216,2,3
79211,79214,79216,2,3
79211,79214,79216,2,3
79211,79214,79216,2,3
79211,79214,79216,2,3
79211,79215,79216,1,4
79211,79213,79216,3,2
79211,79214,79216,2,3
79211,79215,79216,1,4
79211,79214,79216,2,3
79211,79215,79216,1,4
79211,79215,79216,1,4
79211,79215,79217,2,4
79211,79215,79217,2,4
79211,79215,79217,2,4
79211,79216,79217,1,5
79211,79215,79217,2,4
79211,79215,79217,2,4
79211,79215,79217,2,4
79211,79216,79217,1,5
79211,79215,79218,3,4
79211,79217,79218,1,6
79211,79216,79218,2,5
79211,79217,79218,1,6
79211,79216,79218,2,5
79211,79217,79218,1,6
79211,79216,79218,2,5
79211,79217,79218,1,6
79211,79216,79218,2,5
79211,79218,79219,1,7
79211,79218,79219,1,7
79211,79216,79219,3,5
79211,79218,79219,1,7
79211,79217,79219,2,6
79211,79218,79219,1,7
79211,79215,79219,4,4
79211,79218,79220,2,7
79211,79218,79219,1,7
79211,79219,79220,1,8
79211,79219,79220,1,8
79211,79219,79220,1,8
79211,79219,79220,1,8
79211,79219,79220,1,8
79211,79219,79220,1,8
79211,79219,79220,1,8
79211,79220,79221,1,9
79211,79219,79222,3,8
79211,79220,79222,2,9
79211,79220,79221,1,9
79211,79220,79221,1,9
79211,79220,79222,2,9
79211,79221,79222,1,10
79211,79220,79222,2,9
79211,79220,79221,1,9
79211,79220,79222,2,9
79211,79220,79221,1,9
79211,79220,79221,1,9
79211,79221,79222,1,10
79211,79221,79222,1,10
79211,79221,79222,1,10
79211,79221,79222,1,10
79211,79221,79223,2,10
79211,79221,79223,2,10
79211,79221,79224,3,10
79211,79222,79223,1,11
79211,79222,79224,2,11
79211,79221,79223,2,10
79211,79222,79224,2,11
79211,79222,79223,1,11
79211,79221,79223,2,10
79211,79222,79224,2,11
79211,79222,79224,2,11
79211,79222,79224,2,11
79211,79222,79224,2,11
79211,79222,79223,1,11
79211,79222,79224,2,11
79211,79222,79224,2,11
79211,79224,79225,1,13
79211,79222,79224,2,11
79211,79224,79225,1,13
79211,79224,79225,1,13
79211,79223,79224,1,12
79211,79223,79224,1,12
79211,79224,79225,1,13
79211,79223,79224,1,12
79211,79223,79224,1,12
79211,79224,79225,1,13
79211,79224,79225,1,13
79211,79224,79226,2,13
79211,79224,79225,1,13
79211,79224,79226,2,13
79211,79224,79225,1,13
79211,79223,79226,3,12
79211,79224,79225,1,13
79211,79224,79225,1,13
79211,79224,79226,2,13
79211,79225,79227,2,14
79211,79225,79227,2,14
79211,79225,79227,2,14
79211,79226,79227,1,15
79211,79225,79226,1,14
79211,79225,79226,1,14
79211,79225,79226,1,14
79211,79225,79226,1,14
79211,79225,79227,2,14
79211,79226,79227,1,15
79211,79225,79228,3,14
79211,79227,79228,1,16
79211,79226,79228,2,15
79211,79227,79228,1,16
79211,79226,79228,2,15
79211,79226,79228,2,15
79211,79226,79228,2,15
79211,79226,79228,2,15
79211,79226,79228,2,15
79211,79225,79228,3,14
79211,79226,79229,3,15
79211,79227,79229,2,16
79211,79227,79229,2,16
79211,79226,79228,2,15
79211,79227,79229,2,16
79211,79227,79229,2,16
79211,79227,79229,2,16
79211,79227,79229,2,16
79211,79227,79229,2,16
79211,79227,79229,2,16
79211,79228,79230,2,17
79211,79228,79230,2,17
79211,79229,79230,1,18
79211,79228,79230,2,17
79211,79228,79229,1,17
79211,79229,79230,1,18
79211,79229,79230,1,18
79211,79228,79229,1,17
79211,79228,79229,1,17
79211,79229,79230,1,18
79211,79228,79230,2,17
79211,79228,79230,2,17
79211,79228,79230,2,17
79211,79229,79231,2,18
79211,79229,79231,2,18
79211,79229,79231,2,18
79211,79229,79231,2,18
79211,79230,79231,1,19
79211,79229,79231,2,18
79211,79230,79232,2,19
79211,79230,79232,2,19
79211,79230,79232,2,19
79211,79230,79232,2,19
79211,79230,79232,2,19
79211,79230,79232,2,19
79211,79230,79232,2,19
79211,79229,79232,3,18
79211,79230,79232,2,19
79211,79230,79232,2,19
79211,79229,79231,2,18
79211,79230,79232,2,19
79211,79230,79232,2,19
79235,79235,79238,3,0
79238,79238,79239,1,0
79238,79238,79239,1,0
79238,79238,79239,1,0
79238,79238,79239,1,0
79235,79235,79239,4,0
79238,79238,79240,2,0
79238,79238,79239,1,0
79238,79238,79239,1,0
79238,79238,79239,1,0
79238,79238,79239,1,0
79238,79238,79240,2,0
79238,79238,79239,1,0
79238,79238,79239,1,0
79238,79238,79240,2,0
79238,79238,79240,2,0
79238,79238,79240,2,0
79238,79239,79240,1,1
79238,79238,79240,2,0
79238,79238,79240,2,0
79238,79239,79240,1,1
79238,79238,79240,2,0
79238,79239,79241,2,1
79235,79235,79240,5,0
79238,79239,79240,1,1
79238,79238,79240,2,0
79238,79239,79240,1,1
79235,79235,79241,6,0
79238,79240,79241,1,2
79238,79240,79241,1,2
79235,79235,79241,6,0
79238,79240,79241,1,2
79238,79240,79241,1,2
79238,79240,79241,1,2
79238,79241,79242,1,3
79235,79235,79242,7,0
79238,79241,79243,2,3
79238,79241,79243,2,3
79238,79241,79243,2,3
79238,79242,79243,1,4
79238,79241,79242,1,3
79238,79241,79242,1,3
79238,79241,79243,2,3
79235,79235,79242,7,0
79235,79235,79242,7,0
79235,79235,79242,7,0
79235,79235,79243,8,0
79235,79235,79242,7,0
79235,79235,79243,8,0
79235,79235,79242,7,0
79238,79241,79244,3,3
79238,79241,79244,3,3
79238,79242,79243,1,4
79238,79241,79243,2,3
79238,79241,79243,2,3
79238,79241,79243,2,3
79238,79242,79243,1,4
79238,79243,79244,1,5
79238,79242,79243,1,4
79238,79242,79243,1,4
79238,79243,79244,1,5
79238,79241,79244,3,3
79238,79242,79244,2,4
79238,79242,79244,2,4
79238,79243,79244,1,5
79235,79235,79244,9,0
79235,79235,79244,9,0
79235,79235,79244,9,0
79235,79235,79243,8,0
79235,79235,79244,9,0
79235,79235,79244,9,0
79235,79235,79244,9,0
79235,79235,79244,9,0
79235,79235,79244,9,0
79238,79243,79245,2,5
79238,79241,79244,3,3
79238,79243,79245,2,5
79238,79243,79244,1,5
79238,79244,79245,1,6
79235,79235,79245,10,0
79235,79235,79245,10,0
79238,79244,79245,1,6
79238,79244,79246,2,6
79238,79244,79246,2,6
79235,79239,79246,7,4
79238,79243,79246,3,5
79238,79244,79246,2,6
79238,79244,79246,2,6
79238,79244,79246,2,6
79238,79244,79246,2,6
79238,79244,79246,2,6
79238,79244,79246,2,6
79238,79244,79246,2,6
79238,79244,79245,1,6
79238,79244,79246,2,6
79238,79244,79247,3,6
79238,79245,79246,1,7
79238,79245,79246,1,7
79238,79245,79246,1,7
79238,79245,79246,1,7
79238,79246,79247,1,8
79235,79242,79246,4,7
79235,79241,79246,5,6
79235,79240,79247,7,5
79235,79241,79247,6,6
79235,79242,79246,4,7
79238,79246,79247,1,8
79238,79245,79247,2,7
79238,79245,79246,1,7
79238,79246,79247,1,8
79238,79246,79248,2,8
79238,79246,79248,2,8
79238,79246,79248,2,8
79238,79246,79248,2,8
79238,79246,79248,2,8
79238,79246,79248,2,8
79238,79246,79248,2,8
79238,79246,79248,2,8
79238,79247,79249,2,9
79238,79247,79249,2,9
79238,79247,79249,2,9
79238,79247,79249,2,9
79238,79247,79249,2,9
79238,79247,79249,2,9
79238,79246,79248,2,8
79238,79246,79248,2,8
79238,79248,79249,1,10
79238,79248,79249,1,10
79238,79247,79249,2,9
79238,79247,79249,2,9
79238,79248,79249,1,10
79238,79248,79249,1,10
79235,79243,79250,7,8
79235,79243,79250,7,8
79238,79248,79250,2,10
79238,79249,79250,1,11
79238,79248,79250,2,10
79238,79247,79250,3,9
79238,79248,79250,2,10
79238,79249,79250,1,11
79235,79243,79250,7,8
79235,79243,79250,7,8
79235,79243,79250,7,8
79235,79243,79250,7,8
79238,79248,79251,3,10
79238,79248,79251,3,10
79238,79249,79251,2,11
79238,79249,79251,2,11
79238,79249,79251,2,11
79238,79249,79251,2,11
79238,79250,79251,1,12
79238,79249,79251,2,11
79238,79249,79251,2,11
79238,79249,79251,2,11
79238,79249,79251,2,11
79238,79249,79251,2,11
79235,79244,79252,8,9
79235,79243,79251,8,8
79238,79249,79252,3,11
79238,79250,79252,2,12
79238,79249,79252,3,11
79238,79250,79252,2,12
79238,79251,79252,1,13
79238,79249,79252,3,11
79238,79251,79252,1,13
79238,79250,79252,2,12
79235,79244,79253,9,9
79235,79244,79253,9,9
79235,79244,79253,9,9
79235,79244,79253,9,9
79235,79244,79253,9,9
79235,79245,79253,8,10
79235,79244,79253,9,9
79235,79244,79253,9,9
79235,79245,79253,8,10
79238,79251,79253,2,13
79238,79251,79253,2,13
79238,79251,79253,2,13
79238,79251,79254,3,13
79238,79251,79253,2,13
79238,79251,79253,2,13
79238,79251,79253,2,13
79238,79252,79253,1,14
79238,79252,79253,1,14
79238,79252,79253,1,14
79238,79252,79253,1,14
79238,79252,79253,1,14
79235,79247,79254,7,12
79235,79244,79253,9,9
79238,79253,79254,1,15
79238,79253,79254,1,15
79238,79253,79254,1,15
79238,79253,79255,2,15
79238,79253,79254,1,15
79235,79246,79254,8,11
79235,79247,79254,7,12
79235,79247,79254,7,12
79238,79253,79254,1,15
79238,79254,79255,1,16
79235,79247,79254,7,12
79238,79253,79256,3,15
79238,79254,79255,1,16
79238,79253,79255,2,15
79238,79254,79255,1,16
79238,79254,79255,1,16
79238,79254,79255,1,16
79235,79247,79255,8,12
79238,79254,79255,1,16
79238,79254,79255,1,16
79238,79254,79256,2,16
79238,79255,79256,1,17
79238,79256,79257,1,18
79238,79255,79257,2,17
79238,79255,79256,1,17
79238,79255,79256,1,17
79238,79255,79256,1,17
79235,79250,79257,7,15
79235,79251,79257,6,16
79238,79255,79258,3,17
79238,79256,79257,1,18
79238,79256,79257,1,18
79238,79257,79258,1,19
79238,79256,79257,1,18
79238,79256,79257,1,18
79238,79254,79257,3,16
79238,79255,79257,2,17
79238,79256,79257,1,18
79238,79254,79257,3,16
79238,79256,79257,1,18
79238,79256,79257,1,18
79235,79251,79258,7,16
79235,79250,79257,7,15
79238,79257,79258,1,19
79238,79257,79258,1,19
79238,79257,79259,2,19
79238,79257,79259,2,19
79238,79257,79258,1,19
79235,79251,79258,7,16
79235,79251,79259,8,16
79238,79257,79259,2,19
79238,79257,79260,3,19
79238,79258,79259,1,20
79238,79258,79259,1,20
79238,79258,79259,1,20
79238,79258,79260,2,20
79238,79257,79260,3,19
79238,79258,79259,1,20
79238,79258,79260,2,20
79235,79252,79260,8,17
79235,79255,79260,5,20
79235,79254,79261,7,19
79235,79252,79261,9,17
79235,79253,79261,8,18
79235,79255,79262,7,20
79235,79253,79262,9,18
79235,79253,79262,9,18
79235,79253,79262,9,18
79235,79255,79262,7,20
79235,79256,79262,6,21
79235,79255,79263,8,20
79235,79253,79263,10,18
79235,79253,79263,10,18
79235,79253,79263,10,18
79235,79253,79263,10,18
79235,79253,79263,10,18
79235,79255,79263,8,20
79235,79257,79264,7,22
79235,79258,79265,7,23
79235,79257,79265,8,22
79235,79258,79265,7,23
79235,79259,79266,7,24
79235,79259,79266,7,24
79266,79266,79267,1,0
79266,79266,79267,1,0
79266,79266,79267,1,0
79266,79266,79267,1,0
79266,79266,79267,1,0
79266,79266,79267,1,0
79266,79266,79267,1,0
79266,79266,79267,1,0
79266,79266,79267,1,0
79266,79266,79268,2,0
79235,79261,79267,6,26
79266,79266,79267,1,0
79266,79266,79267,1,0
79266,79266,79267,1,0
79235,79262,79268,6,27
79266,79266,79268,2,0
79266,79266,79268,2,0
79266,79266,79268,2,0
79266,79266,79269,3,0
79235,79263,79268,5,28
79266,79266,79268,2,0
79266,79267,79269,2,1
79266,79266,79268,2,0
79266,79268,79269,1,2
79235,79261,79269,8,26
79235,79264,79269,5,29
79235,79264,79269,5,29
79235,79262,79269,7,27
79266,79268,79269,1,2
79266,79268,79269,1,2
79266,79268,79269,1,2
79266,79268,79269,1,2
79266,79268,79270,2,2
79266,79267,79269,2,1
79266,79268,79269,1,2
79266,79267,79269,2,1
79235,79262,79269,7,27
79235,79263,79270,7,28
79266,79267,79269,2,1
79266,79268,79270,2,2
79235,79264,79270,6,29
79235,79263,79271,8,28
79235,79264,79270,6,29
79235,79264,79270,6,29
79235,79262,79270,8,27
79266,79268,79270,2,2
79266,79269,79271,2,3
79266,79269,79270,1,3
79266,79269,79271,2,3
79266,79269,79270,1,3
79266,79269,79270,1,3
79266,79269,79270,1,3
79266,79269,79271,2,3
79235,79266,79272,6,31
79235,79263,79271,8,28
79235,79263,79271,8,28
79235,79264,79271,7,29
79266,79270,79272,2,4
79266,79271,79272,1,5
79266,79269,79271,2,3
79266,79270,79272,2,4
79266,79270,79272,2,4
79266,79270,79271,1,4
79266,79270,79272,2,4
79266,79269,79271,2,3
79235,79266,79273,7,31
79235,79266,79272,6,31
79235,79266,79272,6,31
79235,79264,79272,8,29
79266,79270,79273,3,4
79266,79270,79273,3,4
79266,79270,79272,2,4
79266,79271,79273,2,5
79266,79271,79273,2,5
79266,79272,79273,1,6
79266,79271,79273,2,5
79266,79271,79272,1,5
79266,79271,79273,2,5
79266,79270,79272,2,4
79266,79270,79272,2,4
79235,79267,79274,7,32
79266,79271,79273,2,5
79266,79272,79273,1,6
79266,79272,79273,1,6
79266,79272,79273,1,6
79266,79272,79274,2,6
79266,79271,79274,3,5
79266,79273,79274,1,7
79235,79267,79274,7,32
79266,79273,79274,1,7
79266,79272,79274,2,6
79266,79273,79275,2,7
79266,79273,79274,1,7
79266,79273,79275,2,7
79266,79272,79274,2,6
79266,79273,79275,2,7
79266,79272,79275,3,6
79266,79273,79275,2,7
79235,79269,79275,6,34
79266,79274,79276,2,8
79266,79273,79275,2,7
79266,79273,79275,2,7
79266,79273,79276,3,7
79266,79274,79276,2,8
79235,79268,79275,7,33
79235,79269,79276,7,34
79266,79274,79276,2,8
79266,79274,79275,1,8
79266,79274,79275,1,8
79235,79270,79276,6,35
79266,79274,79276,2,8
79266,79274,79277,3,8
79266,79275,79276,1,9
79266,79275,79277,2,9
79266,79275,79277,2,9
79266,79275,79277,2,9
79266,79275,79277,2,9
79266,79275,79277,2,9
79266,79275,79277,2,9
79235,79270,79277,7,35
79235,79270,79277,7,35
79266,79273,79276,3,7
79266,79275,79277,2,9
79266,79275,79277,2,9
79235,79271,79277,6,36
79235,79270,79277,7,35
79235,79270,79278,8,35
79266,79276,79278,2,10
79266,79276,79278,2,10
79266,79276,79278,2,10
79266,79276,79278,2,10
79266,79276,79278,2,10
79235,79272,79278,6,37
79235,79273,79278,5,38
79235,79270,79278,8,35
79235,79272,79278,6,37
79235,79271,79278,7,36
79235,79271,79279,8,36
79235,79271,79278,7,36
79266,79277,79279,2,11
79266,79277,79279,2,11
79266,79278,79279,1,12
79266,79276,79279,3,10
79266,79277,79279,2,11
79266,79277,79279,2,11
79266,79276,79279,3,10
79266,79277,79279,2,11
79266,79276,79278,2,10
79266,79277,79279,2,11
79266,79277,79279,2,11
79266,79277,79279,2,11
79235,79273,79279,6,38
79235,79272,79280,8,37
79235,79272,79279,7,37
79266,79277,79280,3,11
79266,79279,79280,1,13
79266,79277,79280,3,11
79266,79277,79279,2,11
79266,79278,79280,2,12
79266,79277,79280,3,11
79266,79278,79280,2,12
79235,79273,79280,7,38
79235,79274,79281,7,39
79235,79271,79280,9,36
79266,79279,79281,2,13
79266,79279,79281,2,13
79266,79280,79281,1,14
79266,79279,79281,2,13
79266,79279,79281,2,13
79266,79278,79281,3,12
79266,79278,79281,3,12
79266,79279,79281,2,13
79266,79280,79281,1,14
79266,79280,79281,1,14
79266,79280,79281,1,14
79266,79279,79281,2,13
79266,79280,79281,1,14
79235,79275,79282,7,40
79235,79273,79281,8,38
79266,79280,79282,2,14
79266,79280,79282,2,14
79266,79280,79282,2,14
79266,79280,79282,2,14
79266,79280,79282,2,14
79235,79276,79283,7,41
79266,79281,79283,2,15
79266,79282,79283,1,16
79266,79282,79283,1,16
79266,79282,79283,1,16
79266,79282,79283,1,16
79235,79276,79283,7,41
79266,79282,79283,1,16
79266,79281,79283,2,15
79266,79282,79283,1,16
79266,79282,79283,1,16
79266,79282,79284,2,16
79266,79283,79284,1,17
79266,79283,79284,1,17
79266,79283,79284,1,17
79266,79283,79284,1,17
79266,79283,79284,1,17
79235,79276,79284,8,41
79266,79282,79284,2,16
79266,79282,79284,2,16
79266,79283,79284,1,17
79266,79282,79284,2,16
79235,79278,79284,6,43
79235,79279,79285,6,44
79235,79279,79284,5,44
79266,79283,79285,2,17
79266,79284,79285,1,18
79266,79284,79286,2,18
79266,79284,79285,1,18
79266,79284,79285,1,18
79266,79284,79285,1,18
79235,79277,79285,8,42
79235,79277,79285,8,42
79235,79279,79286,7,44
79235,79278,79286,8,43
79235,79279,79285,6,44
79235,79277,79286,9,42
79235,79278,79286,8,43
79266,79285,79287,2,19
79266,79285,79286,1,19
79266,79285,79286,1,19
79266,79285,79286,1,19
79266,79284,79286,2,18
79266,79284,79286,2,18
79266,79285,79286,1,19
79266,79285,79286,1,19
79266,79284,79287,3,18
79266,79284,79286,2,18
79266,79285,79287,2,19
79235,79280,79286,6,45
79235,79279,79286,7,44
79235,79279,79287,8,44
79235,79279,79287,8,44
79266,79286,79288,2,20
79266,79286,79287,1,20
79266,79287,79288,1,21
79266,79286,79287,1,20
79266,79285,79288,3,19
79266,79286,79287,1,20
79266,79287,79288,1,21
79266,79285,79287,2,19
79266,79285,79287,2,19
79266,79287,79288,1,21
79235,79281,79287,6,46
79235,79280,79288,8,45
79266,79287,79288,1,21
79266,79287,79288,1,21
79266,79287,79288,1,21
79266,79287,79289,2,21
79266,79287,79289,2,21
79266,79287,79289,2,21
79266,79287,79288,1,21
79266,79287,79289,2,21
79235,79281,79288,7,46
79235,79282,79288,6,47
79235,79280,79288,8,45
79266,79287,79289,2,21
79266,79288,79289,1,22
79235,79283,79290,7,48
79235,79281,79290,9,46
79235,79282,79290,8,47
79266,79287,79290,3,21
79235,79284,79291,7,49
79235,79285,79292,7,50
79235,79285,79292,7,50
79235,79285,79292,7,50
79235,79285,79291,6,50
79235,79286,79293,7,51
79235,79287,79293,6,52
79235,79286,79292,6,51
79235,79286,79293,7,51
79235,79286,79293,7,51
79235,79286,79294,8,51
79235,79288,79295,7,53
79235,79287,79294,7,52
79235,79286,79295,9,51
79235,79286,79294,8,51
79235,79289,79295,6,54
79235,79288,79296,8,53
79235,79289,79296,7,54
79235,79287,79295,8,52
79235,79287,79295,8,52
79235,79289,79296,7,54
79235,79290,79297,7,55
79297,79297,79298,1,0
79235,79290,79298,8,55
79297,79297,79298,1,0
79297,79297,79298,1,0
79297,79297,79299,2,0
79297,79297,79299,2,0
79297,79297,79298,1,0
79297,79297,79298,1,0
79297,79297,79299,2,0
79297,79297,79298,1,0
79297,79297,79298,1,0
79297,79297,79298,1,0
79297,79297,79299,2,0
79297,79297,79299,2,0
79297,79297,79299,2,0
79235,79292,79299,7,57
79235,79290,79299,9,55
79297,79297,79299,2,0
79297,79297,79299,2,0
79235,79292,79299,7,57
79235,79292,79299,7,57
79297,79297,79299,2,0
79297,79298,79299,1,1
79297,79297,79300,3,0
79297,79299,79300,1,2
79297,79297,79300,3,0
79235,79293,79300,7,58
79235,79292,79299,7,57
79235,79292,79299,7,57
79297,79299,79300,1,2
79297,79299,79301,2,2
79297,79299,79301,2,2
79297,79299,79300,1,2
79297,79299,79300,1,2
79297,79297,79300,3,0
79297,79299,79301,2,2
79297,79300,79301,1,3
79297,79299,79300,1,2
79297,79299,79300,1,2
79297,79299,79300,1,2
79235,79293,79300,7,58
79297,79299,79300,1,2
79297,79299,79300,1,2
79297,79300,79301,1,3
79235,79294,79301,7,59
79297,79300,79301,1,3
79297,79300,79302,2,3
79297,79299,79301,2,2
79297,79301,79302,1,4
79297,79300,79302,2,3
79235,79295,79302,7,60
79235,79296,79301,5,61
79235,79294,79302,8,59
79235,79293,79302,9,58
79235,79295,79302,7,60
79297,79300,79302,2,3
79297,79301,79303,2,4
79297,79301,79303,2,4
79297,79302,79303,1,5
79297,79301,79302,1,4
79297,79301,79303,2,4
79297,79301,79303,2,4
79297,79300,79303,3,3
79297,79301,79303,2,4
79297,79301,79303,2,4
79297,79301,79303,2,4
79297,79301,79303,2,4
79297,79301,79303,2,4
79297,79301,79303,2,4
79297,79302,79303,1,5
79235,79294,79302,8,59
79297,79301,79303,2,4
79297,79302,79303,1,5
79297,79302,79304,2,5
79297,79303,79304,1,6
79297,79303,79304,1,6
79235,79295,79303,8,60
79235,79296,79304,8,61
79235,79295,79303,8,60
79297,79302,79304,2,5
79297,79303,79305,2,6
79297,79303,79305,2,6
79297,79303,79305,2,6
79297,79302,79304,2,5
79297,79303,79304,1,6
79297,79303,79305,2,6
79297,79303,79305,2,6
79297,79303,79305,2,6
79297,79303,79304,1,6
79297,79303,79305,2,6
79297,79304,79305,1,7
79235,79296,79305,9,61
79297,79303,79305,2,6
79297,79303,79305,2,6
79297,79303,79305,2,6
79235,79296,79304,8,61
79297,79305,79306,1,8
79297,79305,79306,1,8
79297,79303,79306,3,6
79297,79304,79306,2,7
79297,79304,79306,2,7
79297,79304,79306,2,7
79297,79305,79307,2,8
79297,79305,79307,2,8
79297,79304,79306,2,7
79297,79305,79307,2,8
79297,79305,79307,2,8
79297,79305,79307,2,8
79297,79305,79307,2,8
79297,79305,79307,2,8
79297,79305,79307,2,8
79297,79305,79307,2,8
79297,79306,79307,1,9
79297,79305,79307,2,8
79297,79305,79307,2,8
79297,79305,79308,3,8
79297,79306,79308,2,9
79297,79306,79308,2,9
79297,79306,79308,2,9
79297,79305,79309,4,8
79297,79307,79309,2,10
79297,79307,79309,2,10
79297,79307,79309,2,10
79297,79307,79309,2,10
79297,79308,79309,1,11
79297,79306,79309,3,9
79297,79306,79309,3,9
79297,79308,79309,1,11
79297,79308,79309,1,11
79297,79308,79309,1,11
79297,79307,79309,2,10
79297,79308,79309,1,11
79297,79308,79309,1,11
79297,79308,79310,2,11
79297,79308,79310,2,11
79297,79309,79310,1,12
79297,79309,79310,1,12
79297,79309,79310,1,12
79297,79310,79311,1,13
79297,79310,79311,1,13
79297,79310,79311,1,13
79297,79309,79311,2,12
79297,79310,79311,1,13
79297,79310,79311,1,13
79297,79309,79311,2,12
79297,79310,79311,1,13
79297,79310,79311,1,13
79297,79310,79311,1,13
79297,79310,79312,2,13
79297,79310,79311,1,13
79297,79311,79312,1,14
79297,79311,79312,1,14
79297,79310,79312,2,13
79297,79311,79312,1,14
79297,79310,79313,3,13
79297,79310,79312,2,13
79297,79312,79313,1,15
79297,79312,79313,1,15
79297,79312,79314,2,15
79297,79312,79313,1,15
79297,79312,79313,1,15
79297,79311,79314,3,14
79297,79312,79313,1,15
79297,79312,79314,2,15
79297,79312,79313,1,15
79297,79312,79314,2,15
79297,79312,79313,1,15
79297,79312,79313,1,15
79297,79312,79313,1,15
79297,79313,79314,1,16
79297,79313,79314,1,16
79297,79313,79314,1,16
79297,79313,79314,1,16
79297,79313,79314,1,16
79297,79313,79314,1,16
79297,79313,79315,2,16
79297,79314,79315,1,17
79297,79314,79315,1,17
79297,79314,79315,1,17
79297,79314,79316,2,17
79297,79314,79315,1,17
79297,79314,79315,1,17
79297,79314,79315,1,17
79297,79314,79315,1,17
79297,79314,79315,1,17
79297,79314,79316,2,17
79297,79314,79316,2,17
79297,79315,79316,1,18
79297,79315,79316,1,18
79297,79315,79316,1,18
79297,79315,79317,2,18
79297,79314,79317,3,17
79297,79315,79316,1,18
79297,79314,79317,3,17
79297,79315,79317,2,18
79297,79315,79317,2,18
79297,79316,79317,1,19
79297,79316,79317,1,19
79297,79316,79317,1,19
79297,79316,79318,2,19
79297,79316,79318,2,19
79297,79316,79317,1,19
79297,79316,79318,2,19
79297,79317,79318,1,20
79312,79312,79318,6,0
79312,79312,79318,6,0
79312,79312,79319,7,0
79297,79316,79318,2,19
79297,79317,79318,1,20
79297,79317,79318,1,20
79297,79317,79319,2,20
79297,79317,79319,2,20
79297,79316,79318,2,19
79297,79317,79319,2,20
79297,79317,79318,1,20
79312,79312,79319,7,0
79312,79312,79319,7,0
79312,79312,79319,7,0
79312,79312,79319,7,0
79312,79312,79319,7,0
79297,79318,79320,2,21
79297,79317,79319,2,20
79312,79312,79320,8,0
79312,79312,79320,8,0
79312,79312,79319,7,0
79312,79312,79319,7,0
79312,79312,79319,7,0
79312,79312,79320,8,0
79297,79318,79320,2,21
79312,79312,79321,9,0
79312,79312,79321,9,0
79312,79312,79321,9,0
79312,79312,79321,9,0
79312,79312,79321,9,0
79312,79312,79321,9,0
79312,79312,79321,9,0
79312,79312,79321,9,0
79312,79312,79321,9,0
79312,79312,79322,10,0
79312,79319,79323,4,7
79312,79319,79324,5,7
79312,79319,79324,5,7
79312,79319,79326,7,7
79312,79319,79326,7,7
79312,79320,79326,6,8
79312,79320,79327,7,8
79312,79319,79327,8,7
79312,79320,79327,7,8
79326,79326,79328,2,0
79326,79326,79328,2,0
79326,79326,79328,2,0
79326,79326,79328,2,0
79326,79326,79328,2,0
79326,79326,79328,2,0
79326,79326,79328,2,0
79326,79326,79328,2,0
79326,79326,79328,2,0
79326,79326,79328,2,0
79326,79326,79328,2,0
79326,79326,79328,2,0
79326,79326,79328,2,0
79326,79326,79328,2,0
79326,79326,79328,2,0
79326,79326,79328,2,0
79326,79326,79328,2,0
79312,79320,79328,8,8
79312,79320,79328,8,8
79312,79320,79328,8,8
79312,79320,79328,8,8
79312,79322,79328,6,10
79312,79319,79328,9,7
79326,79326,79329,3,0
79326,79326,79329,3,0
79326,79326,79329,3,0
79312,79322,79329,7,10
79312,79322,79329,7,10
79312,79322,79330,8,10
79326,79328,79330,2,2
79326,79328,79330,2,2
79326,79328,79330,2,2
79326,79328,79330,2,2
79326,79328,79330,2,2
79326,79328,79330,2,2
79326,79328,79330,2,2
79326,79328,79330,2,2
79326,79328,79330,2,2
79326,79328,79330,2,2
79326,79328,79330,2,2
79326,79328,79330,2,2
79326,79328,79330,2,2
79326,79328,79330,2,2
79326,79328,79330,2,2
79326,79328,79330,2,2
79312,79323,79330,7,11
79312,79321,79330,9,9
79312,79322,79330,8,10
79312,79323,79330,7,11
79312,79322,79330,8,10
79312,79322,79330,8,10
79326,79330,79331,1,4
79326,79330,79331,1,4
79326,79328,79331,3,2
79326,79330,79331,1,4
79312,79323,79331,8,11
79312,79325,79332,7,13
79312,79325,79332,7,13
79312,79326,79332,6,14
79326,79331,79333,2,5
79326,79331,79333,2,5
79326,79331,79332,1,5
79326,79331,79333,2,5
79326,79331,79332,1,5
79326,79331,79332,1,5
79326,79331,79332,1,5
79326,79331,79332,1,5
79326,79331,79332,1,5
79326,79331,79333,2,5
79326,79331,79332,1,5
79326,79331,79332,1,5
79326,79331,79333,2,5
79326,79331,79333,2,5
79326,79331,79333,2,5
79326,79331,79333,2,5
79326,79332,79333,1,6
79326,79332,79334,2,6
79326,79332,79333,1,6
79312,79326,79334,8,14
79312,79328,79334,6,16
79312,79328,79334,6,16
79312,79327,79334,7,15
79326,79333,79334,1,7
79312,79329,79335,6,17
79326,79333,79335,2,7
79326,79333,79335,2,7
79326,79333,79334,1,7
79326,79333,79334,1,7
79326,79333,79334,1,7
79326,79333,79334,1,7
79326,79333,79335,2,7
79326,79333,79334,1,7
79326,79333,79334,1,7
79326,79333,79334,1,7
79326,79333,79334,1,7
79312,79329,79335,6,17
79312,79329,79335,6,17
79326,79333,79335,2,7
79326,79334,79335,1,8
79326,79334,79336,2,8
79312,79327,79335,8,15
79326,79334,79336,2,8
79326,79334,79336,2,8
79326,79334,79335,1,8
79326,79334,79335,1,8
79326,79334,79335,1,8
79312,79329,79336,7,17
79312,79329,79336,7,17
79312,79331,79336,5,19
79312,79329,79336,7,17
79312,79330,79336,6,18
79312,79330,79336,6,18
79326,79335,79336,1,9
79326,79335,79337,2,9
79326,79335,79337,2,9
79326,79335,79337,2,9
79326,79335,79336,1,9
79326,79335,79336,1,9
79326,79335,79337,2,9
79326,79335,79337,2,9
79312,79331,79337,6,19
79312,79330,79337,7,18
79326,79336,79337,1,10
79326,79336,79337,1,10
79326,79336,79338,2,10
79326,79336,79338,2,10
79326,79335,79337,2,9
79326,79335,79337,2,9
79326,79335,79337,2,9
79326,79336,79338,2,10
79326,79336,79338,2,10
79326,79336,79338,2,10
79326,79337,79338,1,11
79326,79337,79338,1,11
79312,79331,79339,8,19
79326,79336,79338,2,10
79312,79333,79339,6,21
79326,79336,79339,3,10
79326,79337,79339,2,11
79326,79337,79338,1,11
79326,79337,79338,1,11
79312,79331,79339,8,19
79312,79332,79339,7,20
79312,79331,79340,9,19
79312,79331,79339,8,19
79326,79338,79340,2,12
79326,79338,79340,2,12
79312,79333,79340,7,21
79326,79337,79340,3,11
79326,79338,79340,2,12
79326,79337,79339,2,11
79326,79337,79340,3,11
79326,79338,79340,2,12
79326,79338,79340,2,12
79326,79338,79339,1,12
79326,79338,79340,2,12
79326,79338,79340,2,12
79326,79338,79340,2,12
79312,79335,79340,5,23
79326,79338,79341,3,12
79326,79339,79341,2,13
79312,79333,79340,7,21
79326,79339,79340,1,13
79326,79339,79340,1,13
79326,79338,79341,3,12
79326,79339,79340,1,13
79326,79338,79341,3,12
79312,79335,79342,7,23
79312,79335,79341,6,23
79312,79335,79341,6,23
79326,79340,79342,2,14
79326,79341,79342,1,15
79326,79339,79341,2,13
79326,79340,79342,2,14
79326,79340,79342,2,14
79326,79340,79342,2,14
79326,79340,79342,2,14
79326,79340,79342,2,14
79326,79340,79342,2,14
79326,79340,79342,2,14
79326,79340,79342,2,14
79326,79340,79342,2,14
79312,79336,79342,6,24
79312,79337,79343,6,25
79326,79340,79342,2,14
79326,79341,79343,2,15
79326,79342,79343,1,16
79312,79336,79343,7,24
79326,79341,79343,2,15
79326,79341,79343,2,15
79326,79341,79343,2,15
79326,79341,79343,2,15
79326,79340,79343,3,14
79326,79341,79343,2,15
79312,79337,79344,7,25
79312,79337,79344,7,25
79312,79335,79343,8,23
79326,79342,79344,2,16
79326,79342,79344,2,16
79326,79342,79344,2,16
79326,79342,79344,2,16
79326,79342,79344,2,16
79326,79342,79344,2,16
79326,79342,79344,2,16
79326,79342,79344,2,16
79326,79342,79344,2,16
79312,79336,79344,8,24
79312,79337,79345,8,25
79312,79337,79345,8,25
79326,79343,79345,2,17
79326,79343,79345,2,17
79326,79343,79345,2,17
79326,79342,79345,3,16
79326,79343,79345,2,17
79326,79343,79345,2,17
79326,79343,79345,2,17
79326,79343,79345,2,17
79326,79342,79345,3,16
79326,79343,79345,2,17
79326,79343,79345,2,17
79312,79338,79345,7,26
79312,79338,79345,7,26
79312,79337,79345,8,25
79326,79344,79346,2,18
79326,79345,79346,1,19
79326,79345,79346,1,19
79326,79344,79346,2,18
79326,79345,79347,2,19
79326,79345,79346,1,19
79326,79345,79346,1,19
79326,79345,79346,1,19
79312,79340,79347,7,28
79326,79345,79347,2,19
79326,79345,79347,2,19
79326,79345,79347,2,19
79326,79346,79347,1,20
79326,79346,79347,1,20
79326,79346,79347,1,20
79312,79339,79347,8,27
79312,79340,79347,7,28
79326,79345,79347,2,19
79326,79346,79347,1,20
79326,79346,79348,2,20
79326,79346,79347,1,20
79326,79346,79348,2,20
79312,79341,79348,7,29
79312,79339,79347,8,27
79312,79340,79348,8,28
79312,79340,79348,8,28
79326,79346,79348,2,20
79326,79347,79348,1,21
79326,79347,79348,1,21
79326,79347,79348,1,21
79326,79347,79348,1,21
79326,79347,79349,2,21
79326,79347,79348,1,21
79326,79347,79349,2,21
79312,79342,79349,7,30
79312,79342,79349,7,30
79312,79342,79349,7,30
79312,79340,79348,8,28
79326,79348,79350,2,22
79326,79348,79349,1,22
79326,79348,79349,1,22
79326,79347,79349,2,21
79326,79348,79349,1,22
79326,79348,79349,1,22
79312,79341,79349,8,29
79312,79343,79350,7,31
79312,79344,79351,7,32
79312,79343,79350,7,31
79312,79344,79351,7,32
79312,79343,79351,8,31
79312,79344,79352,8,32
79312,79345,79353,8,33
79312,79345,79353,8,33
79312,79346,79354,8,34
79312,79345,79354,9,33
79312,79346,79354,8,34
79312,79348,79355,7,36
79312,79348,79354,6,36
79312,79346,79355,9,34
79312,79348,79355,7,36
79312,79349,79356,7,37
79312,79349,79355,6,37
79312,79349,79356,7,37
79312,79348,79355,7,36
79312,79348,79356,8,36
79312,79347,79355,8,35
79356,79356,79357,1,0
79312,79350,79357,7,38
79312,79351,79356,5,39
79312,79348,79357,9,36
79312,79349,79356,7,37
79356,79356,79357,1,0
79356,79356,79357,1,0
79356,79356,79358,2,0
79356,79356,79357,1,0
79356,79356,79358,2,0
79312,79350,79357,7,38
79312,79352,79357,5,40
79356,79356,79357,1,0
79356,79356,79358,2,0
79356,79356,79358,2,0
79312,79351,79358,7,39
79356,79356,79358,2,0
79356,79356,79358,2,0
79356,79356,79358,2,0
79356,79356,79358,2,0
79356,79356,79359,3,0
79356,79356,79358,2,0
79356,79356,79358,2,0
79356,79356,79358,2,0
79356,79356,79358,2,0
79356,79356,79358,2,0
79356,79358,79359,1,2
79356,79356,79358,2,0
79312,79351,79358,7,39
79356,79358,79359,1,2
79356,79358,79359,1,2
79356,79358,79360,2,2
79356,79357,79359,2,1
79356,79358,79360,2,2
79356,79358,79359,1,2
79356,79358,79359,1,2
79356,79358,79360,2,2
79312,79352,79359,7,40
79356,79359,79360,1,3
79356,79359,79361,2,3
79356,79359,79360,1,3
79356,79359,79360,1,3
79356,79359,79361,2,3
79356,79359,79361,2,3
79356,79359,79360,1,3
79356,79359,79360,1,3
79356,79359,79361,2,3
79312,79356,79361,5,44
79312,79357,79361,4,45
79312,79356,79361,5,44
79312,79355,79362,7,43
79356,79359,79361,2,3
79356,79359,79362,3,3
79356,79360,79361,1,4
79356,79360,79361,1,4
79356,79360,79361,1,4
79356,79359,79361,2,3
79356,79360,79362,2,4
79356,79360,79362,2,4
79356,79360,79362,2,4
79356,79360,79362,2,4
79312,79353,79362,9,41
79312,79353,79362,9,41
79312,79354,79362,8,42
79312,79356,79362,6,44
79312,79356,79362,6,44
79312,79356,79362,6,44
79312,79356,79363,7,44
79312,79356,79362,6,44
79356,79361,79363,2,5
79356,79361,79363,2,5
79356,79360,79362,2,4
79356,79361,79363,2,5
79356,79361,79362,1,5
79356,79362,79363,1,6
79356,79361,79363,2,5
79356,79361,79363,2,5
79312,79354,79362,8,42
79356,79361,79363,2,5
79356,79361,79363,2,5
79356,79361,79363,2,5
79312,79354,79362,8,42
79312,79355,79363,8,43
79312,79355,79364,9,43
79356,79362,79364,2,6
79356,79362,79364,2,6
79356,79362,79364,2,6
79356,79362,79364,2,6
79356,79362,79364,2,6
79356,79363,79364,1,7
79312,79357,79365,8,45
79312,79358,79365,7,46
79312,79358,79365,7,46
79312,79358,79365,7,46
79356,79362,79364,2,6
79356,79363,79365,2,7
79312,79357,79365,8,45
79356,79363,79365,2,7
79356,79362,79364,2,6
79356,79362,79365,3,6
79356,79363,79365,2,7
79356,79363,79365,2,7
79356,79363,79365,2,7
79356,79363,79365,2,7
79312,79359,79366,7,47
79356,79362,79365,3,6
79356,79363,79365,2,7
79312,79357,79366,9,45
79356,79364,79366,2,8
79356,79365,79366,1,9
79356,79365,79366,1,9
79356,79363,79366,3,7
79356,79364,79366,2,8
79356,79363,79366,3,7
79356,79365,79366,1,9
79356,79365,79366,1,9
79312,79361,79367,6,49
79356,79365,79367,2,9
79356,79365,79367,2,9
79356,79366,79367,1,10
79356,79366,79367,1,10
79356,79366,79367,1,10
79356,79366,79367,1,10
79356,79366,79367,1,10
79356,79363,79367,4,7
79356,79366,79368,2,10
79356,79366,79367,1,10
79356,79366,79368,2,10
79356,79366,79368,2,10
79312,79360,79368,8,48
79356,79367,79368,1,11
79356,79367,79369,2,11
79356,79367,79368,1,11
79356,79367,79369,2,11
79356,79367,79368,1,11
79312,79362,79369,7,50
79312,79361,79369,8,49
79312,79362,79369,7,50
79356,79367,79369,2,11
79356,79367,79369,2,11
79356,79367,79369,2,11
79356,79367,79370,3,11
79356,79368,79369,1,12
79356,79368,79369,1,12
79356,79367,79369,2,11
79356,79368,79369,1,12
79356,79368,79369,1,12
79356,79368,79369,1,12
79356,79368,79370,2,12
79312,79363,79370,7,51
79312,79363,79370,7,51
79312,79362,79370,8,50
79312,79362,79371,9,50
79356,79369,79370,1,13
79356,79369,79370,1,13
79356,79368,79371,3,12
79356,79370,79371,1,14
79356,79369,79370,1,13
79356,79369,79370,1,13
79356,79369,79370,1,13
79356,79368,79370,2,12
79356,79369,79370,1,13
79356,79369,79370,1,13
79312,79362,79371,9,50
79312,79362,79371,9,50
79312,79363,79371,8,51
79312,79363,79371,8,51
79356,79370,79372,2,14
79356,79370,79371,1,14
79356,79370,79371,1,14
79356,79370,79371,1,14
79356,79370,79371,1,14
79312,79366,79372,6,54
79312,79362,79372,10,50
79312,79362,79372,10,50
79312,79364,79372,8,52
79356,79370,79372,2,14
79356,79371,79372,1,15
79356,79371,79372,1,15
79356,79370,79373,3,14
79356,79370,79373,3,14
79356,79370,79373,3,14
79356,79371,79372,1,15
79356,79371,79373,2,15
79356,79371,79373,2,15
79356,79371,79372,1,15
79356,79371,79373,2,15
79356,79371,79373,2,15
79312,79365,79373,8,53
79312,79365,79373,8,53
79312,79369,79373,4,57
79312,79364,79373,9,52
79312,79366,79374,8,54
79312,79366,79373,7,54
79312,79369,79373,4,57
79312,79365,79373,8,53
79312,79365,79373,8,53
79356,79372,79373,1,16
79356,79372,79373,1,16
79356,79371,79373,2,15
79356,79373,79374,1,17
79356,79371,79373,2,15
79356,79371,79373,2,15
79356,79372,79373,1,16
79356,79372,79373,1,16
79312,79369,79373,4,57
79312,79367,79374,7,55
79312,79370,79374,4,58
79356,79373,79375,2,17
79356,79372,79374,2,16
79356,79373,79375,2,17
79356,79373,79374,1,17
79356,79373,79374,1,17
79356,79373,79374,1,17
79356,79373,79374,1,17
79356,79373,79375,2,17
79356,79373,79375,2,17
79356,79373,79375,2,17
79356,79373,79375,2,17
79356,79374,79375,1,18
79356,79374,79375,1,18
79356,79374,79376,2,18
79356,79374,79376,2,18
79356,79374,79376,2,18
79356,79374,79376,2,18
79356,79374,79376,2,18
79356,79373,79375,2,17
79356,79374,79376,2,18
79356,79375,79376,1,19
79312,79370,79376,6,58
79356,79375,79376,1,19
79356,79376,79377,1,20
79356,79375,79376,1,19
79356,79375,79376,1,19
79356,79375,79377,2,19
79356,79375,79377,2,19
79356,79375,79377,2,19
79356,79376,79377,1,20
79356,79375,79377,2,19
79312,79370,79376,6,58
79312,79371,79377,6,59
79356,79376,79378,2,20
79356,79376,79378,2,20
79356,79375,79377,2,19
79356,79376,79378,2,20
79356,79376,79378,2,20
79356,79376,79378,2,20
79356,79376,79378,2,20
79356,79376,79378,2,20
79356,79376,79378,2,20
79312,79374,79379,5,62
79312,79372,79378,6,60
79312,79373,79378,5,61
79312,79371,79379,8,59
79356,79377,79378,1,21
79356,79378,79379,1,22
79356,79376,79378,2,20
79356,79377,79378,1,21
79356,79377,79379,2,21
79356,79377,79379,2,21
79356,79377,79379,2,21
79356,79377,79379,2,21
79356,79377,79379,2,21
79356,79376,79379,3,20
79356,79377,79379,2,21
79312,79372,79379,7,60
79312,79374,79379,5,62
79312,79372,79379,7,60
79312,79373,79380,7,61
79356,79377,79379,2,21
79356,79378,79379,1,22
79312,79373,79380,7,61
79312,79372,79380,8,60
79312,79372,79381,9,60
79386,79386,79387,1,0
79386,79386,79388,2,0
79386,79386,79388,2,0
79386,79386,79388,2,0
79386,79386,79388,2,0
79386,79386,79388,2,0
79386,79386,79388,2,0
79386,79386,79388,2,0
79386,79386,79387,1,0
79386,79386,79387,1,0
79386,79386,79388,2,0
79386,79386,79387,1,0
79386,79386,79388,2,0
79386,79386,79388,2,0
79386,79386,79388,2,0
79386,79386,79387,1,0
79386,79386,79388,2,0
79386,79386,79387,1,0
79334,79336,79389,53,2
79386,79386,79389,3,0
79386,79386,79389,3,0
79386,79388,79389,1,2
79386,79388,79390,2,2
79386,79388,79389,1,2
79386,79388,79390,2,2
79386,79388,79390,2,2
79386,79388,79390,2,2
79386,79388,79390,2,2
79386,79388,79390,2,2
79386,79388,79390,2,2
79386,79388,79390,2,2
79386,79388,79391,3,2
79386,79388,79391,3,2
79386,79388,79391,3,2
79386,79389,79391,2,3
79386,79388,79391,3,2
79386,79388,79391,3,2
79386,79388,79391,3,2
79386,79389,79391,2,3
79386,79388,79391,3,2
79386,79390,79391,1,4
79386,79388,79392,4,2
79386,79390,79392,2,4
79386,79390,79391,1,4
79386,79391,79392,1,5
79386,79389,79392,3,3
79386,79390,79392,2,4
79386,79390,79392,2,4
79386,79390,79392,2,4
79386,79390,79392,2,4
79386,79390,79392,2,4
79386,79390,79392,2,4
79386,79391,79393,2,5
79386,79391,79393,2,5
79386,79392,79393,1,6
79386,79392,79393,1,6
79386,79392,79393,1,6
79386,79392,79393,1,6
79386,79392,79393,1,6
79386,79392,79393,1,6
79386,79392,79393,1,6
79386,79392,79394,2,6
79386,79392,79394,2,6
79386,79392,79394,2,6
79386,79393,79394,1,7
79386,79393,79394,1,7
79386,79393,79394,1,7
79386,79393,79394,1,7
79386,79393,79395,2,7
79386,79393,79394,1,7
79389,79389,79395,6,0
79386,79392,79394,2,6
79386,79394,79395,1,8
79386,79394,79395,1,8
79386,79394,79395,1,8
79386,79393,79395,2,7
79386,79394,79395,1,8
79386,79394,79395,1,8
79386,79394,79395,1,8
79389,79389,79396,7,0
79389,79389,79395,6,0
79389,79389,79396,7,0
79389,79389,79396,7,0
79389,79389,79396,7,0
79389,79389,79396,7,0
79386,79394,79396,2,8
79386,79394,79396,2,8
79386,79394,79397,3,8
79386,79395,79396,1,9
79386,79394,79396,2,8
79386,79395,79396,1,9
79386,79395,79396,1,9
79386,79394,79396,2,8
79389,79389,79397,8,0
79389,79389,79396,7,0
79389,79389,79397,8,0
79389,79389,79397,8,0
79389,79389,79397,8,0
79389,79389,79397,8,0
79389,79389,79397,8,0
79389,79389,79397,8,0
79386,79396,79397,1,10
79386,79396,79397,1,10
79386,79395,79397,2,9
79386,79395,79397,2,9
79386,79396,79397,1,10
79386,79396,79398,2,10
79386,79395,79397,2,9
79386,79396,79397,1,10
79386,79396,79398,2,10
79389,79389,79398,9,0
79389,79389,79398,9,0
79389,79389,79398,9,0
79389,79389,79398,9,0
79386,79395,79398,3,9
79386,79395,79398,3,9
79386,79396,79398,2,10
79386,79396,79398,2,10
79386,79397,79398,1,11
79386,79397,79398,1,11
79386,79397,79398,1,11
79386,79397,79398,1,11
79386,79396,79398,2,10
79386,79397,79399,2,11
79386,79397,79399,2,11
79389,79389,79399,10,0
79389,79389,79399,10,0
79389,79389,79399,10,0
79389,79389,79399,10,0
79389,79389,79399,10,0
79386,79398,79400,2,12
79386,79398,79399,1,12
79386,79398,79399,1,12
79386,79398,79399,1,12
79386,79398,79399,1,12
79386,79398,79400,2,12
79386,79398,79399,1,12
79386,79398,79399,1,12
79386,79399,79400,1,13
79386,79399,79400,1,13
79386,79399,79400,1,13
79386,79399,79401,2,13
79386,79399,79401,2,13
79386,79399,79401,2,13
79386,79399,79400,1,13
79386,79400,79401,1,14
79386,79400,79401,1,14
79386,79398,79401,3,12
79386,79399,79400,1,13
79386,79399,79401,2,13
79386,79399,79400,1,13
79386,79400,79401,1,14
79386,79400,79401,1,14
79386,79399,79401,2,13
79386,79400,79402,2,14
79386,79400,79402,2,14
79386,79401,79402,1,15
79386,79400,79402,2,14
79386,79401,79402,1,15
79386,79401,79402,1,15
79386,79401,79402,1,15
79386,79401,79403,2,15
79386,79400,79402,2,14
79386,79401,79402,1,15
79386,79401,79403,2,15
79389,79396,79403,7,7
79386,79401,79403,2,15
79386,79401,79403,2,15
79389,79395,79402,7,6
79389,79396,79403,7,7
79389,79397,79403,6,8
79386,79401,79403,2,15
79386,79401,79403,2,15
79386,79402,79403,1,16
79386,79401,79404,3,15
79386,79401,79404,3,15
79386,79401,79403,2,15
79389,79396,79403,7,7
79389,79396,79404,8,7
79389,79396,79403,7,7
79386,79401,79404,3,15
79386,79402,79404,2,16
79389,79397,79404,7,8
79389,79397,79404,7,8
79389,79396,79404,8,7
79389,79398,79405,7,9
79389,79398,79405,7,9
79386,79403,79404,1,17
79386,79402,79404,2,16
79386,79403,79405,2,17
79386,79403,79405,2,17
79386,79403,79405,2,17
79386,79403,79405,2,17
79386,79403,79405,2,17
79386,79403,79405,2,17
79386,79403,79405,2,17
79386,79403,79405,2,17
79389,79398,79405,7,9
79386,79404,79406,2,18
79386,79404,79406,2,18
79386,79403,79406,3,17
79386,79404,79406,2,18
79386,79404,79406,2,18
79386,79404,79406,2,18
79386,79405,79406,1,19
79389,79397,79406,9,8
79389,79399,79406,7,10
79389,79399,79406,7,10
79386,79403,79406,3,17
79386,79404,79406,2,18
79386,79404,79406,2,18
79386,79405,79406,1,19
79389,79397,79405,8,8
79386,79404,79406,2,18
79386,79406,79407,1,20
79386,79406,79407,1,20
79386,79405,79407,2,19
79386,79405,79407,2,19
79386,79405,79407,2,19
79386,79405,79407,2,19
79386,79405,79407,2,19
79389,79398,79407,9,9
79389,79398,79407,9,9
79386,79405,79407,2,19
79386,79405,79407,2,19
79389,79398,79407,9,9
79389,79398,79407,9,9
79389,79399,79407,8,10
79389,79399,79407,8,10
79386,79405,79407,2,19
79386,79406,79408,2,20
79389,79404,79408,4,15
79386,79406,79408,2,20
79386,79407,79408,1,21
79386,79407,79408,1,21
79386,79407,79408,1,21
79386,79407,79408,1,21
79386,79407,79408,1,21
79389,79399,79408,9,10
79386,79407,79409,2,21
79386,79407,79409,2,21
79389,79403,79409,6,14
79389,79404,79409,5,15
79389,79404,79409,5,15
79389,79403,79409,6,14
79386,79406,79409,3,20
79386,79407,79409,2,21
79386,79406,79409,3,20
79386,79407,79409,2,21
79386,79407,79409,2,21
79386,79407,79410,3,21
79386,79407,79409,2,21
79389,79403,79410,7,14
79389,79403,79409,6,14
79389,79405,79410,5,16
79389,79405,79411,6,16
79389,79404,79412,8,15
79389,79408,79412,4,19
79389,79405,79412,7,16
79389,79406,79413,7,17
79389,79408,79413,5,19
79389,79407,79414,7,18
79389,79404,79413,9,15
79389,79407,79414,7,18
79389,79407,79415,8,18
79389,79407,79414,7,18
79389,79409,79415,6,20
79389,79409,79415,6,20
79389,79408,79416,8,19
79389,79409,79415,6,20
79389,79409,79416,7,20
79389,79408,79417,9,19
79389,79408,79416,8,19
79389,79408,79416,8,19
79389,79408,79416,8,19
79389,79409,79417,8,20
79389,79411,79417,6,22
79389,79411,79417,6,22
79389,79411,79418,7,22
79416,79416,79418,2,0
79416,79416,79418,2,0
79416,79416,79418,2,0
79416,79416,79418,2,0
79416,79416,79418,2,0
79416,79416,79418,2,0
79416,79416,79418,2,0
79416,79416,79418,2,0
79416,79416,79418,2,0
79416,79416,79418,2,0
79416,79416,79418,2,0
79416,79416,79418,2,0
79416,79416,79418,2,0
79389,79416,79418,2,27
79389,79416,79419,3,27
79416,79416,79419,3,0
79416,79416,79419,3,0
79416,79418,79419,1,2
79416,79416,79418,2,0
79389,79412,79419,7,23
79389,79413,79419,6,24
79416,79416,79419,3,0
79416,79416,79419,3,0
79416,79418,79419,1,2
79416,79416,79418,2,0
79416,79416,79419,3,0
79416,79418,79420,2,2
79389,79413,79419,6,24
79416,79418,79420,2,2
79416,79418,79420,2,2
79416,79418,79420,2,2
79416,79418,79420,2,2
79416,79418,79421,3,2
79416,79419,79420,1,3
79416,79418,79420,2,2
79416,79418,79420,2,2
79416,79418,79420,2,2
79389,79416,79421,5,27
79389,79414,79420,6,25
79389,79413,79420,7,24
79389,79413,79421,8,24
79416,79418,79421,3,2
79416,79420,79422,2,4
79416,79420,79421,1,4
79416,79420,79421,1,4
79389,79414,79421,7,25
79389,79414,79421,7,25
79416,79420,79422,2,4
79416,79420,79422,2,4
79416,79420,79422,2,4
79416,79420,79422,2,4
79416,79421,79422,1,5
79416,79421,79422,1,5
79416,79421,79422,1,5
79416,79421,79422,1,5
79416,79421,79422,1,5
79416,79421,79423,2,5
79389,79418,79423,5,29
79416,79421,79422,1,5
79416,79421,79422,1,5
79416,79421,79422,1,5
79389,79415,79422,7,26
79389,79415,79423,8,26
79389,79415,79423,8,26
79389,79417,79423,6,28
79416,79421,79423,2,5
79416,79421,79423,2,5
79416,79422,79424,2,6
79416,79422,79424,2,6
79416,79422,79423,1,6
79416,79421,79423,2,5
79416,79422,79423,1,6
79389,79417,79424,7,28
79416,79423,79424,1,7
79416,79423,79425,2,7
79389,79418,79425,7,29
79389,79418,79425,7,29
79416,79423,79425,2,7
79416,79423,79424,1,7
79416,79423,79424,1,7
79416,79423,79424,1,7
79416,79423,79424,1,7
79416,79423,79424,1,7
79389,79417,79425,8,28
79389,79416,79424,8,27
79389,79417,79425,8,28
79395,79397,79424,27,2
79389,79421,79425,4,32
79389,79418,79425,7,29
79389,79422,79426,4,33
79416,79423,79425,2,7
79416,79423,79425,2,7
79389,79419,79425,6,30
79389,79421,79425,4,32
79416,79423,79425,2,7
79416,79423,79425,2,7
79416,79425,79426,1,9
79416,79425,79426,1,9
79416,79423,79425,2,7
79416,79424,79426,2,8
79416,79424,79425,1,8
79416,79425,79426,1,9
79416,79425,79426,1,9
79416,79424,79425,1,8
79416,79424,79426,2,8
79416,79424,79426,2,8
79416,79425,79426,1,9
79389,79417,79425,8,28
79389,79420,79426,6,31
79389,79423,79427,4,34
79416,79425,79427,2,9
79416,79425,79426,1,9
79416,79426,79427,1,10
79389,79422,79427,5,33
79389,79422,79427,5,33
79389,79419,79427,8,30
79416,79424,79426,2,8
79416,79424,79426,2,8
79389,79420,79428,8,31
79389,79420,79428,8,31
79416,79426,79427,1,10
79416,79426,79428,2,10
79416,79426,79428,2,10
79416,79426,79428,2,10
79416,79426,79428,2,10
79416,79426,79428,2,10
79416,79426,79428,2,10
79416,79426,79428,2,10
79416,79426,79427,1,10
79389,79424,79428,4,35
79416,79427,79428,1,11
79416,79427,79429,2,11
79416,79426,79428,2,10
79416,79426,79428,2,10
79416,79426,79429,3,10
79416,79426,79428,2,10
79416,79426,79428,2,10
79416,79427,79429,2,11
79416,79427,79429,2,11
79416,79426,79429,3,10
79416,79427,79429,2,11
79389,79421,79429,8,32
79389,79423,79430,7,34
79389,79423,79430,7,34
79416,79428,79429,1,12
79416,79428,79429,1,12
79416,79428,79430,2,12
79416,79428,79430,2,12
79416,79428,79430,2,12
79416,79428,79430,2,12
79416,79428,79430,2,12
79416,79429,79430,1,13
79416,79429,79430,1,13
79416,79429,79431,2,13
79416,79429,79431,2,13
79416,79428,79430,2,12
79416,79429,79431,2,13
79416,79429,79431,2,13
79416,79429,79431,2,13
79416,79429,79431,2,13
79416,79428,79431,3,12
79416,79430,79431,1,14
79416,79430,79431,1,14
79389,79425,79432,7,36
79389,79425,79432,7,36
79389,79423,79432,9,34
79416,79430,79432,2,14
79416,79430,79432,2,14
79416,79430,79432,2,14
79416,79430,79432,2,14
79416,79430,79432,2,14
79416,79430,79432,2,14
79416,79430,79432,2,14
79416,79429,79432,3,13
79416,79431,79432,1,15
79416,79430,79432,2,14
79389,79426,79433,7,37
79389,79427,79432,5,38
79389,79425,79433,8,36
79389,79425,79433,8,36
79389,79425,79433,8,36
79389,79426,79433,7,37
79389,79426,79433,7,37
79416,79431,79433,2,15
79389,79424,79433,9,35
79416,79431,79433,2,15
79416,79431,79433,2,15
79416,79431,79433,2,15
79416,79431,79433,2,15
79416,79431,79433,2,15
79389,79426,79433,7,37
79389,79426,79433,7,37
79389,79427,79433,6,38
79389,79426,79434,8,37
79389,79428,79434,6,39
79416,79432,79434,2,16
79416,79432,79434,2,16
79416,79432,79434,2,16
79416,79431,79434,3,15
79416,79431,79434,3,15
79416,79432,79434,2,16
79416,79432,79434,2,16
79416,79432,79434,2,16
79416,79431,79434,3,15
79389,79429,79435,6,40
79389,79427,79435,8,38
79389,79427,79435,8,38
79416,79431,79434,3,15
79416,79432,79435,3,16
79416,79432,79435,3,16
79416,79432,79435,3,16
79416,79433,79435,2,17
79416,79433,79435,2,17
79416,79432,79435,3,16
79416,79434,79435,1,18
79416,79434,79435,1,18
79389,79427,79436,9,38
79389,79428,79436,8,39
79416,79433,79436,3,17
79416,79434,79436,2,18
79416,79433,79436,3,17
79416,79434,79436,2,18
79416,79435,79436,1,19
79416,79435,79436,1,19
79416,79435,79436,1,19
79416,79435,79436,1,19
79416,79435,79436,1,19
79416,79435,79437,2,19
79416,79434,79437,3,18
79416,79435,79437,2,19
79416,79436,79437,1,20
79416,79436,79437,1,20
79416,79436,79437,1,20
79416,79437,79438,1,21
79416,79436,79437,1,20
79416,79436,79437,1,20
79416,79436,79437,1,20
79389,79430,79438,8,41
79389,79430,79438,8,41
79389,79430,79438,8,41
79416,79435,79438,3,19
79416,79435,79438,3,19
79416,79437,79438,1,21
79416,79437,79438,1,21
79416,79437,79438,1,21
79416,79437,79438,1,21
79416,79437,79438,1,21
79389,79432,79439,7,43
79389,79432,79438,6,43
79416,79436,79439,3,20
79416,79436,79439,3,20
79416,79438,79439,1,22
79416,79438,79439,1,22
79416,79438,79439,1,22
79416,79438,79439,1,22
79416,79438,79439,1,22
79416,79438,79439,1,22
79416,79438,79439,1,22
79416,79438,79439,1,22
79389,79433,79440,7,44
79389,79433,79440,7,44
79416,79438,79440,2,22
79389,79434,79441,7,45
79389,79434,79441,7,45
79389,79433,79441,8,44
79389,79432,79441,9,43
79389,79433,79441,8,44
79389,79433,79441,8,44
79389,79434,79441,7,45
79389,79435,79441,6,46
79389,79433,79441,8,44
79389,79434,79442,8,45
79389,79433,79442,9,44
79389,79433,79442,9,44
79389,79434,79442,8,45
79389,79435,79443,8,46
79389,79435,79443,8,46
79389,79436,79443,7,47
79389,79436,79444,8,47
79389,79439,79446,7,50
79389,79438,79446,8,49
79389,79438,79445,7,49
79389,79438,79446,8,49
79389,79439,79446,7,50
79389,79440,79447,7,51
79389,79440,79446,6,51
79389,79443,79446,3,54
79389,79443,79447,4,54
79389,79442,79447,5,53
79389,79441,79448,7,52
79389,79441,79448,7,52
79389,79442,79448,6,53
79446,79447,79448,1,1
79446,79446,79448,2,0
79446,79446,79448,2,0
79446,79446,79448,2,0
79446,79446,79448,2,0
79446,79446,79448,2,0
79446,79447,79449,2,1
79389,79442,79448,6,53
79446,79446,79448,2,0
79446,79446,79448,2,0
79446,79446,79448,2,0
79446,79446,79448,2,0
79389,79442,79449,7,53
79389,79442,79449,7,53
79389,79441,79449,8,52
79446,79446,79449,3,0
79446,79446,79449,3,0
79446,79446,79449,3,0
79446,79446,79449,3,0
79446,79446,79449,3,0
79446,79446,79449,3,0
79446,79446,79449,3,0
79446,79446,79449,3,0
79389,79441,79449,8,52
79389,79442,79449,7,53
79389,79445,79449,4,56
79389,79442,79450,8,53
79389,79442,79450,8,53
79446,79446,79450,4,0
79446,79449,79450,1,3
79446,79449,79450,1,3
79446,79449,79450,1,3
79446,79449,79450,1,3
79446,79449,79450,1,3
79446,79449,79451,2,3
79446,79450,79451,1,4
79446,79450,79451,1,4
79446,79450,79451,1,4
79446,79449,79451,2,3
79446,79450,79452,2,4
79446,79450,79452,2,4
79446,79449,79451,2,3
79446,79450,79452,2,4
79446,79450,79451,1,4
79446,79451,79452,1,5
79389,79446,79452,6,57
79446,79449,79452,3,3
79446,79451,79452,1,5
79446,79451,79452,1,5
79446,79451,79452,1,5
79446,79451,79453,2,5
79446,79451,79452,1,5
79446,79451,79452,1,5
79446,79452,79453,1,6
79389,79448,79453,5,59
79389,79444,79453,9,55
79389,79445,79453,8,56
79389,79448,79453,5,59
79446,79452,79454,2,6
79446,79452,79453,1,6
79446,79451,79453,2,5
79446,79451,79453,2,5
79446,79452,79453,1,6
79446,79452,79454,2,6
79446,79452,79454,2,6
79446,79452,79454,2,6
79446,79452,79455,3,6
79446,79453,79454,1,7
79446,79453,79454,1,7
79389,79448,79455,7,59
79446,79452,79454,2,6
79446,79453,79455,2,7
79446,79454,79455,1,8
79446,79452,79455,3,6
79446,79453,79455,2,7
79446,79453,79454,1,7
79446,79452,79454,2,6
79446,79453,79455,2,7
79446,79453,79454,1,7
79389,79448,79455,7,59
79389,79447,79454,7,58
79389,79447,79455,8,58
79389,79447,79455,8,58
79389,79446,79455,9,57
79389,79447,79455,8,58
79389,79447,79455,8,58
79446,79454,79455,1,8
79446,79455,79456,1,9
79446,79453,79455,2,7
79446,79454,79456,2,8
79446,79455,79456,1,9
79446,79454,79456,2,8
79446,79455,79456,1,9
79389,79448,79456,8,59
79446,79454,79456,2,8
79446,79454,79456,2,8
79446,79455,79457,2,9
79446,79455,79457,2,9
79446,79455,79457,2,9
79446,79455,79456,1,9
79446,79455,79456,1,9
79446,79455,79457,2,9
79446,79455,79456,1,9
79446,79455,79457,2,9
79446,79455,79457,2,9
79446,79455,79457,2,9
79446,79456,79457,1,10
79446,79456,79457,1,10
79446,79455,79457,2,9
79446,79456,79458,2,10
79446,79456,79458,2,10
79446,79456,79458,2,10
79446,79456,79457,1,10
79446,79456,79458,2,10
79446,79457,79458,1,11
79446,79457,79458,1,11
79446,79457,79459,2,11
79446,79457,79459,2,11
79446,79457,79459,2,11
79446,79457,79459,2,11
79446,79457,79459,2,11
79446,79457,79460,3,11
79446,79457,79459,2,11
79446,79457,79460,3,11
79446,79457,79459,2,11
79446,79457,79460,3,11
79446,79457,79460,3,11
79446,79458,79460,2,12
79446,79457,79459,2,11
79446,79458,79460,2,12
79446,79458,79460,2,12
79446,79458,79460,2,12
79446,79458,79461,3,12
79446,79459,79460,1,13
79446,79459,79460,1,13
79446,79460,79461,1,14
79446,79459,79461,2,13
79446,79460,79461,1,14
79446,79458,79460,2,12
79446,79460,79461,1,14
79446,79460,79461,1,14
79446,79461,79462,1,15
79446,79460,79462,2,14
79446,79459,79462,3,13
79446,79459,79462,3,13
79446,79459,79462,3,13
79446,79459,79462,3,13
79446,79460,79462,2,14
79446,79460,79463,3,14
79446,79461,79463,2,15
79446,79461,79463,2,15
79446,79460,79463,3,14
79446,79460,79463,3,14
79446,79461,79463,2,15
79446,79460,79463,3,14
79446,79460,79463,3,14
79446,79462,79463,1,16
79446,79462,79464,2,16
79446,79462,79464,2,16
79446,79462,79464,2,16
79446,79463,79464,1,17
79446,79462,79465,3,16
79446,79463,79464,1,17
79446,79463,79465,2,17
79446,79463,79465,2,17
79446,79464,79465,1,18
79446,79461,79465,4,15
79446,79463,79465,2,17
79446,79463,79465,2,17
79446,79463,79465,2,17
79446,79464,79465,1,18
79446,79464,79465,1,18
79446,79463,79466,3,17
79446,79464,79466,2,18
79446,79464,79466,2,18
79446,79464,79466,2,18
79446,79464,79466,2,18
79446,79464,79466,2,18
79446,79464,79466,2,18
79446,79465,79467,2,19
79446,79465,79467,2,19
79446,79465,79467,2,19
79446,79466,79467,1,20
79446,79466,79467,1,20
79446,79465,79467,2,19
79446,79466,79467,1,20
79446,79466,79467,1,20
79446,79466,79467,1,20
79446,79465,79468,3,19
79446,79466,79468,2,20
79446,79466,79468,2,20
79446,79466,79468,2,20
79446,79466,79468,2,20
79446,79467,79469,2,21
79446,79467,79468,1,21
79446,79467,79468,1,21
79446,79466,79468,2,20
79446,79468,79469,1,22
79446,79466,79469,3,20
79446,79469,79470,1,23
79446,79468,79470,2,22
79446,79468,79469,1,22
79446,79467,79470,3,21
79446,79469,79470,1,23
79446,79468,79470,2,22
79446,79468,79470,2,22
79446,79468,79470,2,22
79446,79468,79471,3,22
79446,79469,79470,1,23
79446,79468,79471,3,22
79446,79468,79471,3,22
79476,79476,79477,1,0
79476,79476,79477,1,0
79476,79476,79477,1,0
79476,79476,79478,2,0
79476,79476,79478,2,0
79476,79476,79478,2,0
79476,79476,79477,1,0
79476,79476,79478,2,0
79476,79476,79478,2,0
79476,79476,79478,2,0
79476,79476,79479,3,0
79476,79476,79479,3,0
79476,79476,79479,3,0
79476,79476,79478,2,0
79476,79476,79479,3,0
79476,79476,79479,3,0
79476,79476,79479,3,0
79476,79476,79478,2,0
79476,79476,79479,3,0
79476,79477,79478,1,1
79476,79476,79479,3,0
79476,79477,79479,2,1
79476,79477,79479,2,1
79476,79478,79480,2,2
79476,79478,79480,2,2
79476,79478,79480,2,2
79476,79478,79480,2,2
79476,79478,79480,2,2
79476,79478,79480,2,2
79476,79479,79481,2,3
79476,79479,79481,2,3
79476,79480,79481,1,4
79476,79480,79481,1,4
79476,79478,79481,3,2
79476,79479,79481,2,3
79476,79479,79481,2,3
79476,79479,79481,2,3
79476,79479,79481,2,3
79476,79479,79482,3,3
79476,79479,79481,2,3
79476,79479,79481,2,3
79476,79479,79481,2,3
79476,79479,79482,3,3
79476,79479,79482,3,3
79476,79481,79482,1,5
79476,79479,79482,3,3
79476,79480,79483,3,4
79476,79482,79483,1,6
79476,79481,79483,2,5
79476,79482,79483,1,6
79476,79482,79483,1,6
79476,79482,79483,1,6
79476,79481,79484,3,5
79476,79482,79484,2,6
79476,79482,79484,2,6
79476,79482,79484,2,6
79476,79482,79484,2,6
79476,79482,79484,2,6
79476,79482,79484,2,6
79476,79483,79484,1,7
79476,79483,79484,1,7
79476,79483,79484,1,7
79476,79482,79485,3,6
79476,79482,79485,3,6
79476,79483,79485,2,7
79476,79484,79485,1,8
79476,79484,79485,1,8
79476,79485,79486,1,9
79476,79485,79486,1,9
79476,79485,79486,1,9
79476,79485,79486,1,9
79476,79484,79486,2,8
79476,79484,79486,2,8
79476,79484,79486,2,8
79476,79484,79486,2,8
79476,79485,79487,2,9
79476,79484,79486,2,8
79476,79485,79486,1,9
79476,79485,79487,2,9
79476,79486,79487,1,10
79476,79486,79487,1,10
79476,79485,79487,2,9
79476,79486,79487,1,10
79476,79486,79487,1,10
79476,79485,79487,2,9
79476,79486,79487,1,10
79476,79486,79487,1,10
79476,79487,79489,2,11
79476,79487,79488,1,11
79476,79487,79488,1,11
79476,79487,79488,1,11
79476,79487,79488,1,11
79476,79487,79488,1,11
79476,79487,79488,1,11
79476,79487,79488,1,11
79476,79487,79489,2,11
79476,79488,79489,1,12
79476,79487,79489,2,11
79476,79488,79489,1,12
79476,79488,79490,2,12
79476,79487,79490,3,11
79476,79488,79490,2,12
79476,79488,79491,3,12
79476,79488,79491,3,12
79476,79489,79490,1,13
79476,79488,79491,3,12
79476,79489,79490,1,13
79476,79488,79490,2,12
79476,79488,79491,3,12
79476,79489,79491,2,13
79476,79489,79490,1,13
79476,79489,79491,2,13
79476,79490,79492,2,14
79476,79489,79491,2,13
79476,79489,79491,2,13
79476,79490,79491,1,14
79476,79491,79492,1,15
79476,79489,79491,2,13
79476,79490,79491,1,14
79476,79490,79491,1,14
79476,79490,79492,2,14
79476,79491,79492,1,15
79476,79491,79492,1,15
79476,79490,79492,2,14
79476,79490,79493,3,14
79476,79491,79493,2,15
79476,79491,79493,2,15
79476,79491,79493,2,15
79476,79491,79492,1,15
79476,79492,79494,2,16
79476,79491,79493,2,15
79476,79492,79494,2,16
79476,79491,79493,2,15
79476,79491,79493,2,15
79476,79492,79494,2,16
79476,79492,79493,1,16
79476,79492,79494,2,16
79476,79492,79494,2,16
79476,79493,79494,1,17
79476,79493,79495,2,17
79476,79493,79494,1,17
79476,79494,79495,1,18
79476,79492,79495,3,16
79476,79493,79494,1,17
79476,79492,79495,3,16
79476,79493,79495,2,17
79476,79493,79496,3,17
79476,79493,79495,2,17
79476,79494,79495,1,18
79476,79494,79495,1,18
79476,79494,79495,1,18
79476,79494,79496,2,18
79476,79493,79495,2,17
79476,79493,79496,3,17
79476,79494,79496,2,18
79476,79495,79496,1,19
79476,79495,79496,1,19
79476,79495,79497,2,19
79476,79494,79497,3,18
79476,79494,79496,2,18
79476,79495,79497,2,19
79476,79494,79497,3,18
79476,79495,79497,2,19
79476,79496,79497,1,20
79476,79496,79498,2,20
79476,79496,79498,2,20
79476,79497,79498,1,21
79476,79497,79498,1,21
79476,79495,79498,3,19
79476,79495,79498,3,19
79476,79496,79498,2,20
79476,79496,79498,2,20
79476,79495,79498,3,19
79476,79496,79498,2,20
79476,79497,79498,1,21
79476,79496,79498,2,20
79476,79496,79498,2,20
79476,79497,79499,2,21
79476,79496,79499,3,20
79476,79497,79499,2,21
79476,79498,79499,1,22
79476,79497,79499,2,21
79476,79498,79500,2,22
79476,79499,79500,1,23
79476,79497,79500,3,21
79476,79497,79500,3,21
79476,79498,79500,2,22
79476,79498,79500,2,22
79476,79498,79500,2,22
79476,79498,79500,2,22
79476,79498,79500,2,22
79476,79498,79500,2,22
79476,79498,79500,2,22
79476,79499,79500,1,23
79476,79499,79501,2,23
79476,79498,79501,3,22
79476,79499,79501,2,23
79507,79507,79509,2,0
79507,79507,79509,2,0
79507,79507,79509,2,0
79507,79507,79509,2,0
79507,79507,79508,1,0
79507,79507,79509,2,0
79507,79507,79509,2,0
79507,79507,79509,2,0
79507,79507,79510,3,0
79507,79507,79510,3,0
79507,79507,79510,3,0
79507,79507,79510,3,0
79507,79507,79510,3,0
79507,79507,79509,2,0
79507,79507,79510,3,0
79507,79507,79510,3,0
79507,79507,79510,3,0
79507,79507,79510,3,0
79507,79509,79510,1,2
79507,79509,79511,2,2
79507,79507,79510,3,0
79507,79509,79510,1,2
79507,79507,79510,3,0
79507,79509,79510,1,2
79507,79510,79511,1,3
79507,79509,79511,2,2
79507,79509,79511,2,2
79507,79509,79511,2,2
79507,79510,79512,2,3
79507,79510,79512,2,3
79507,79510,79512,2,3
79507,79510,79512,2,3
79507,79509,79512,3,2
79507,79510,79512,2,3
79507,79511,79513,2,4
79507,79511,79513,2,4
79507,79511,79513,2,4
79507,79510,79512,2,3
79507,79511,79513,2,4
79507,79511,79513,2,4
79507,79511,79513,2,4
79507,79510,79513,3,3
79507,79511,79513,2,4
79507,79512,79513,1,5
79507,79512,79513,1,5
79507,79512,79514,2,5
79507,79512,79514,2,5
79507,79513,79514,1,6
79507,79512,79514,2,5
79507,79512,79514,2,5
79507,79512,79514,2,5
79507,79512,79514,2,5
79507,79511,79514,3,4
79507,79512,79514,2,5
79507,79512,79515,3,5
79507,79513,79515,2,6
79507,79514,79515,1,7
79507,79513,79515,2,6
79507,79513,79515,2,6
79507,79513,79515,2,6
79507,79513,79515,2,6
79507,79513,79515,2,6
79507,79513,79515,2,6
79507,79513,79515,2,6
79507,79513,79516,3,6
79507,79513,79516,3,6
79507,79514,79515,1,7
79507,79514,79516,2,7
79507,79514,79516,2,7
79507,79514,79516,2,7
79507,79514,79517,3,7
79507,79514,79517,3,7
79507,79516,79517,1,9
79507,79514,79517,3,7
79507,79514,79517,3,7
79507,79516,79517,1,9
79507,79516,79517,1,9
79507,79516,79517,1,9
79507,79515,79518,3,8
79507,79515,79518,3,8
79507,79515,79518,3,8
79507,79516,79518,2,9
79507,79515,79518,3,8
79507,79516,79518,2,9
79507,79517,79518,1,10
79507,79517,79518,1,10
79507,79516,79518,2,9
79507,79516,79519,3,9
79507,79516,79519,3,9
79507,79516,79519,3,9
79507,79518,79519,1,11
79507,79518,79519,1,11
79507,79518,79519,1,11
79507,79518,79519,1,11
79507,79518,79519,1,11
79507,79519,79520,1,12
79507,79519,79520,1,12
79507,79519,79520,1,12
79507,79519,79520,1,12
79507,79518,79520,2,11
79507,79518,79520,2,11
79507,79518,79520,2,11
79507,79519,79521,2,12
79507,79519,79521,2,12
79507,79519,79521,2,12
79507,79520,79521,1,13
79507,79520,79521,1,13
79507,79519,79521,2,12
79507,79520,79522,2,13
79507,79519,79522,3,12
79507,79519,79522,3,12
79507,79520,79522,2,13
79507,79521,79522,1,14
79507,79520,79522,2,13
79507,79521,79522,1,14
79507,79520,79522,2,13
79507,79521,79522,1,14
79507,79522,79523,1,15
79507,79521,79523,2,14
79507,79521,79523,2,14
79507,79521,79523,2,14
79507,79521,79523,2,14
79507,79522,79523,1,15
79507,79522,79524,2,15
79507,79522,79523,1,15
79507,79521,79524,3,14
79507,79522,79524,2,15
79507,79523,79524,1,16
79507,79523,79524,1,16
79507,79523,79524,1,16
79507,79523,79524,1,16
79507,79523,79524,1,16
79507,79523,79525,2,16
79507,79523,79525,2,16
79507,79523,79526,3,16
79507,79524,79526,2,17
79507,79524,79525,1,17
79507,79524,79525,1,17
79507,79524,79526,2,17
79507,79524,79526,2,17
79507,79523,79525,2,16
79507,79523,79526,3,16
79507,79524,79525,1,17
79507,79524,79527,3,17
79507,79525,79526,1,18
79507,79525,79526,1,18
79507,79524,79526,2,17
79507,79525,79527,2,18
79507,79524,79526,2,17
79507,79525,79527,2,18
79507,79526,79527,1,19
79507,79526,79527,1,19
79507,79526,79528,2,19
79507,79526,79528,2,19
79507,79525,79527,2,18
79507,79525,79528,3,18
79507,79526,79527,1,19
79507,79526,79528,2,19
79507,79526,79528,2,19
79507,79527,79529,2,20
79507,79527,79529,2,20
79507,79527,79528,1,20
79507,79526,79528,2,19
79507,79527,79529,2,20
79507,79527,79529,2,20
79507,79528,79529,1,21
79525,79526,79529,3,1
79525,79526,79530,4,1
79525,79526,79529,3,1
79525,79526,79530,4,1
79525,79526,79529,3,1
79507,79527,79529,2,20
79507,79527,79529,2,20
79507,79528,79529,1,21
79507,79526,79529,3,19
79507,79526,79529,3,19
79507,79528,79529,1,21
79507,79529,79530,1,22
79507,79527,79529,2,20
79507,79528,79530,2,21
79507,79529,79530,1,22
79507,79529,79530,1,22
79507,79529,79530,1,22
79525,79526,79531,5,1
79525,79526,79530,4,1
79525,79526,79530,4,1
79525,79526,79531,5,1
79525,79526,79531,5,1
79525,79526,79530,4,1
79525,79526,79530,4,1
79525,79526,79530,4,1
79525,79526,79531,5,1
79525,79526,79531,5,1
79507,79528,79530,2,21
79507,79528,79530,2,21
79507,79529,79531,2,22
79507,79528,79531,3,21
79507,79530,79531,1,23
79525,79526,79531,5,1
79525,79526,79531,5,1
79525,79526,79531,5,1
79525,79526,79531,5,1
79525,79526,79531,5,1
79525,79526,79532,6,1
79525,79526,79531,5,1
79525,79526,79532,6,1
79525,79526,79531,5,1
79525,79526,79531,5,1
79525,79526,79531,5,1
79525,79526,79531,5,1
79525,79526,79532,6,1
79525,79526,79531,5,1
79525,79526,79531,5,1
79525,79526,79532,6,1
79525,79526,79531,5,1
79525,79526,79531,5,1
79525,79526,79531,5,1
79525,79526,79531,5,1
79525,79526,79531,5,1
79525,79526,79531,5,1
79525,79526,79531,5,1
79525,79526,79531,5,1
79525,79526,79531,5,1
79525,79526,79531,5,1
79525,79526,79532,6,1
79525,79526,79532,6,1
79525,79526,79531,5,1
79525,79526,79531,5,1
79525,79526,79531,5,1
79525,79526,79531,5,1
79525,79526,79532,6,1
79525,79526,79532,6,1
79525,79526,79532,6,1
79525,79526,79531,5,1
79525,79526,79532,6,1
79525,79526,79532,6,1
79525,79526,79532,6,1
79525,79526,79531,5,1
79525,79526,79532,6,1
79525,79526,79531,5,1
79525,79526,79532,6,1
79525,79526,79531,5,1
79525,79526,79531,5,1
79525,79526,79531,5,1
79525,79526,79532,6,1
79525,79526,79531,5,1
79525,79526,79532,6,1
79525,79526,79531,5,1
79525,79526,79532,6,1
79525,79526,79532,6,1
79525,79526,79532,6,1
79507,79529,79531,2,22
79507,79529,79532,3,22
79507,79528,79531,3,21
79507,79530,79531,1,23
79507,79529,79531,2,22
79507,79530,79533,3,23
79525,79526,79532,6,1
79525,79526,79532,6,1
79525,79526,79532,6,1
79525,79526,79532,6,1
79525,79526,79532,6,1
79525,79526,79532,6,1
79525,79526,79532,6,1
79525,79526,79532,6,1
79525,79526,79532,6,1
79525,79526,79532,6,1
79525,79526,79532,6,1
79525,79526,79532,6,1
79507,79530,79532,2,23
79507,79530,79532,2,23
79525,79532,79535,3,7
79525,79530,79535,5,5
79525,79530,79534,4,5
79525,79530,79535,5,5
79525,79530,79535,5,5
79525,79531,79535,4,6
79525,79530,79535,5,5
79525,79531,79535,4,6
79525,79532,79535,3,7
79525,79531,79535,4,6
79525,79531,79536,5,6
79525,79531,79536,5,6
79525,79532,79536,4,7
79525,79532,79537,5,7
79525,79532,79537,5,7
79525,79532,79536,4,7
79525,79532,79536,4,7
79525,79531,79536,5,6
79525,79532,79537,5,7
79525,79532,79537,5,7
79525,79531,79536,5,6
79525,79532,79536,4,7
79525,79532,79536,4,7
79525,79532,79537,5,7
79525,79532,79537,5,7
79525,79532,79536,4,7
79525,79532,79537,5,7
79525,79532,79537,5,7
79525,79531,79536,5,6
79525,79532,79537,5,7
79525,79532,79537,5,7
79525,79532,79536,4,7
79525,79531,79536,5,6
79525,79532,79537,5,7
79525,79532,79537,5,7
79525,79532,79537,5,7
79525,79532,79537,5,7
79525,79531,79536,5,6
79525,79532,79537,5,7
79525,79532,79536,4,7
79525,79532,79536,4,7
79525,79532,79537,5,7
79525,79532,79537,5,7
79525,79532,79537,5,7
79525,79532,79537,5,7
79525,79533,79538,5,8
79525,79533,79538,5,8
79525,79532,79537,5,7
79525,79532,79538,6,7
79525,79532,79537,5,7
79525,79532,79537,5,7
79525,79532,79537,5,7
79525,79533,79538,5,8
79525,79533,79538,5,8
79525,79533,79538,5,8
79525,79532,79537,5,7
79525,79533,79538,5,8
79525,79533,79538,5,8
79525,79533,79538,5,8
79525,79533,79538,5,8
79525,79532,79537,5,7
79525,79532,79538,6,7
79525,79532,79538,6,7
79525,79532,79538,6,7
79525,79532,79537,5,7
79525,79532,79537,5,7
79525,79532,79538,6,7
79525,79533,79538,5,8
79525,79532,79537,5,7
79525,79532,79537,5,7
79525,79532,79538,6,7
79525,79532,79538,6,7
79525,79532,79538,6,7
79525,79532,79538,6,7
79525,79532,79538,6,7
79525,79532,79537,5,7
79525,79532,79538,6,7
79525,79532,79537,5,7
79525,79533,79538,5,8
79525,79533,79538,5,8
79525,79535,79540,5,10
79525,79536,79539,3,11
79525,79535,79539,4,10
79525,79535,79540,5,10
79525,79536,79540,4,11
79525,79535,79540,5,10
79525,79535,79540,5,10
79525,79535,79539,4,10
79525,79536,79541,5,11
79539,79539,79540,1,0
79539,79539,79541,2,0
79539,79539,79541,2,0
79539,79539,79541,2,0
79539,79539,79541,2,0
79539,79539,79541,2,0
79539,79539,79541,2,0
79539,79539,79541,2,0
79539,79539,79541,2,0
79539,79539,79541,2,0
79539,79539,79541,2,0
79539,79539,79541,2,0
79525,79536,79541,5,11
79525,79537,79541,4,12
79525,79536,79541,5,11
79525,79537,79541,4,12
79525,79535,79540,5,10
79525,79537,79542,5,12
79525,79537,79542,5,12
79525,79537,79542,5,12
79525,79537,79542,5,12
79539,79539,79542,3,0
79539,79539,79542,3,0
79539,79539,79542,3,0
79539,79539,79542,3,0
79539,79539,79542,3,0
79539,79539,79541,2,0
79539,79541,79542,1,2
79539,79539,79542,3,0
79525,79537,79542,5,12
79525,79537,79542,5,12
79525,79537,79542,5,12
79539,79541,79542,1,2
79525,79537,79542,5,12
79525,79537,79542,5,12
79525,79537,79542,5,12
79525,79537,79542,5,12
79525,79537,79542,5,12
79525,79537,79542,5,12
79525,79537,79542,5,12
79525,79537,79542,5,12
79525,79537,79542,5,12
79525,79537,79542,5,12
79525,79537,79542,5,12
79525,79537,79542,5,12
79525,79537,79542,5,12
79525,79537,79542,5,12
79525,79537,79543,6,12
79525,79537,79542,5,12
79525,79537,79543,6,12
79539,79541,79543,2,2
79525,79537,79542,5,12
79525,79537,79542,5,12
79539,79539,79542,3,0
79539,79541,79543,2,2
79539,79541,79542,1,2
79539,79541,79544,3,2
79539,79542,79544,2,3
79539,79542,79544,2,3
79539,79542,79544,2,3
79539,79541,79544,3,2
79539,79541,79544,3,2
79539,79542,79544,2,3
79539,79543,79544,1,4
79539,79541,79543,2,2
79539,79541,79544,3,2
79539,79542,79544,2,3
79539,79543,79544,1,4
79539,79541,79544,3,2
79539,79541,79544,3,2
79539,79543,79545,2,4
79539,79542,79545,3,3
79539,79542,79544,2,3
79539,79542,79545,3,3
79539,79543,79545,2,4
79539,79542,79546,4,3
79539,79545,79546,1,6
79539,79545,79546,1,6
79539,79545,79546,1,6
79539,79545,79546,1,6
79539,79545,79547,2,6
79539,79545,79547,2,6
79539,79545,79547,2,6
79539,79545,79547,2,6
79539,79544,79547,3,5
79539,79544,79547,3,5
79539,79544,79547,3,5
79539,79544,79547,3,5
79539,79545,79547,2,6
79539,79546,79547,1,7
79539,79545,79547,2,6
79539,79545,79548,3,6
79539,79545,79548,3,6
79539,79545,79547,2,6
79539,79546,79548,2,7
79539,79546,79547,1,7
79539,79545,79548,3,6
79539,79546,79548,2,7
79539,79547,79548,1,8
79539,79547,79548,1,8
79539,79547,79548,1,8
79539,79548,79549,1,9
79539,79548,79549,1,9
79539,79547,79549,2,8
79539,79547,79549,2,8
79539,79548,79549,1,9
79539,79548,79549,1,9
79539,79547,79549,2,8
79539,79548,79549,1,9
79539,79548,79549,1,9
79539,79548,79550,2,9
79539,79548,79550,2,9
79539,79548,79550,2,9
79539,79548,79550,2,9
79539,79548,79550,2,9
79539,79548,79551,3,9
79539,79549,79551,2,10
79539,79549,79551,2,10
79539,79548,79551,3,9
79539,79548,79551,3,9
79539,79549,79551,2,10
79539,79548,79551,3,9
79539,79548,79551,3,9
79539,79549,79551,2,10
79539,79550,79551,1,11
79539,79550,79551,1,11
79539,79550,79551,1,11
79539,79551,79552,1,12
79539,79550,79552,2,11
79539,79549,79552,3,10
79539,79550,79552,2,11
79539,79551,79552,1,12
79539,79550,79552,2,11
79539,79552,79553,1,13
79550,79550,79553,3,0
79539,79552,79553,1,13
79539,79552,79553,1,13
79539,79551,79554,3,12
79539,79551,79553,2,12
79539,79552,79553,1,13
79539,79551,79554,3,12
79539,79551,79554,3,12
79539,79551,79554,3,12
79539,79553,79554,1,14
79550,79550,79554,4,0
79539,79553,79554,1,14
79539,79553,79554,1,14
79539,79553,79554,1,14
79539,79552,79554,2,13
79539,79553,79554,1,14
79539,79553,79554,1,14
79539,79552,79554,2,13
79539,79552,79554,2,13
79539,79552,79554,2,13
79539,79553,79554,1,14
79539,79553,79555,2,14
79550,79550,79556,6,0
79550,79550,79556,6,0
79550,79550,79555,5,0
79550,79550,79555,5,0
79550,79551,79555,4,1
79550,79550,79555,5,0
79550,79550,79555,5,0
79550,79551,79555,4,1
79550,79550,79555,5,0
79550,79550,79555,5,0
79550,79550,79555,5,0
79550,79551,79555,4,1
79550,79550,79555,5,0
79550,79551,79555,4,1
79550,79551,79555,4,1
79550,79550,79555,5,0
79550,79550,79556,6,0
79550,79550,79555,5,0
79550,79551,79555,4,1
79550,79550,79556,6,0
79550,79550,79555,5,0
79550,79550,79555,5,0
79550,79550,79555,5,0
79550,79550,79555,5,0
79550,79550,79556,6,0
79550,79550,79555,5,0
79550,79551,79555,4,1
79539,79555,79556,1,16
79539,79554,79555,1,15
79539,79554,79555,1,15
79550,79550,79556,6,0
79550,79550,79556,6,0
79550,79550,79556,6,0
79550,79550,79556,6,0
79550,79550,79556,6,0
79550,79550,79556,6,0
79550,79551,79556,5,1
79550,79550,79556,6,0
79550,79550,79556,6,0
79550,79550,79557,7,0
79550,79550,79556,6,0
79550,79550,79556,6,0
79550,79550,79556,6,0
79539,79555,79556,1,16
79550,79550,79556,6,0
79550,79550,79556,6,0
79550,79550,79557,7,0
79550,79550,79556,6,0
79550,79550,79556,6,0
79550,79550,79556,6,0
79550,79550,79556,6,0
79550,79550,79556,6,0
79550,79550,79556,6,0
79550,79551,79556,5,1
79550,79551,79556,5,1
79550,79550,79556,6,0
79550,79550,79556,6,0
79550,79550,79556,6,0
79550,79550,79557,7,0
79550,79551,79556,5,1
79550,79550,79556,6,0
79550,79550,79556,6,0
79550,79550,79556,6,0
79550,79550,79556,6,0
79550,79551,79556,5,1
79550,79550,79556,6,0
79550,79550,79557,7,0
79550,79550,79556,6,0
79550,79551,79556,5,1
79550,79550,79556,6,0
79550,79550,79556,6,0
79550,79551,79556,5,1
79550,79551,79556,5,1
79550,79550,79556,6,0
79550,79550,79556,6,0
79550,79551,79556,5,1
79550,79551,79556,5,1
79539,79554,79556,2,15
79539,79555,79556,1,16
79539,79554,79556,2,15
79539,79555,79556,1,16
79539,79555,79556,1,16
79550,79550,79556,6,0
79550,79550,79556,6,0
79550,79551,79556,5,1
79550,79551,79556,5,1
79539,79555,79556,1,16
79539,79555,79556,1,16
79539,79554,79556,2,15
79539,79555,79556,1,16
79539,79555,79557,2,16
79539,79555,79557,2,16
79550,79551,79557,6,1
79539,79555,79557,2,16
79539,79555,79557,2,16
79539,79557,79558,1,18
79539,79555,79558,3,16
79539,79555,79557,2,16
79539,79556,79557,1,17
79539,79556,79559,3,17
79539,79557,79558,1,18
79539,79557,79559,2,18
79539,79557,79558,1,18
79539,79557,79558,1,18
79550,79554,79558,4,4
79539,79557,79559,2,18
79539,79557,79559,2,18
79539,79557,79559,2,18
79539,79556,79559,3,17
79539,79557,79559,2,18
79539,79557,79559,2,18
79539,79558,79559,1,19
79539,79559,79560,1,20
79550,79555,79560,5,5
79539,79557,79559,2,18
79539,79558,79560,2,19
79539,79558,79560,2,19
79539,79558,79560,2,19
79539,79559,79560,1,20
79539,79558,79560,2,19
79550,79556,79561,5,6
79550,79556,79561,5,6
79550,79556,79560,4,6
79550,79556,79561,5,6
79550,79556,79561,5,6
79550,79557,79560,3,7
79550,79556,79561,5,6
79550,79556,79561,5,6
79550,79556,79561,5,6
79550,79557,79561,4,7
79550,79556,79560,4,6
79550,79557,79561,4,7
79550,79556,79561,5,6
79550,79556,79561,5,6
79539,79559,79560,1,20
79550,79556,79561,5,6
79550,79556,79561,5,6
79550,79557,79561,4,7
79550,79556,79561,5,6
79550,79557,79561,4,7
79539,79559,79561,2,20
79539,79559,79561,2,20
79539,79558,79560,2,19
79539,79559,79561,2,20
79539,79559,79560,1,20
79539,79559,79561,2,20
79539,79559,79561,2,20
79539,79558,79561,3,19
79539,79559,79561,2,20
79550,79557,79562,5,7
79550,79557,79562,5,7
79550,79557,79562,5,7
79550,79557,79562,5,7
79550,79556,79561,5,6
79550,79556,79561,5,6
79550,79556,79561,5,6
79550,79556,79561,5,6
79550,79557,79562,5,7
79550,79557,79562,5,7
79550,79557,79561,4,7
79550,79556,79561,5,6
79550,79556,79561,5,6
79550,79556,79561,5,6
79550,79557,79561,4,7
79550,79557,79562,5,7
79550,79557,79562,5,7
79550,79556,79561,5,6
79550,79556,79561,5,6
79550,79557,79562,5,7
79550,79557,79562,5,7
79550,79557,79562,5,7
79550,79557,79561,4,7
79550,79557,79561,4,7
79539,79558,79561,3,19
79539,79560,79562,2,21
79539,79560,79562,2,21
79550,79556,79562,6,6
79550,79557,79562,5,7
79550,79557,79562,5,7
79550,79556,79561,5,6
79550,79556,79561,5,6
79550,79557,79562,5,7
79550,79557,79562,5,7
79550,79557,79561,4,7
79550,79556,79561,5,6
79550,79557,79562,5,7
79539,79559,79561,2,20
79539,79560,79562,2,21
79539,79561,79562,1,22
79539,79561,79562,1,22
79539,79560,79562,2,21
79539,79560,79562,2,21
79550,79557,79562,5,7
79550,79557,79562,5,7
79550,79557,79562,5,7
79550,79557,79562,5,7
79550,79557,79563,6,7
79550,79557,79563,6,7
79550,79557,79562,5,7
79550,79557,79562,5,7
79550,79557,79562,5,7
79550,79557,79562,5,7
79550,79558,79562,4,8
79550,79557,79562,5,7
79550,79557,79562,5,7
79550,79557,79562,5,7
79550,79557,79563,6,7
79539,79561,79562,1,22
79539,79561,79563,2,22
79539,79561,79562,1,22
79550,79557,79562,5,7
79550,79557,79563,6,7
79550,79557,79562,5,7
79550,79557,79562,5,7
79550,79557,79562,5,7
79550,79557,79563,6,7
79550,79557,79562,5,7
79550,79557,79562,5,7
79550,79557,79562,5,7
79550,79557,79562,5,7
79539,79560,79563,3,21
79539,79560,79563,3,21
79539,79561,79563,2,22
79539,79561,79563,2,22
79539,79562,79564,2,23
79550,79559,79564,5,9
79539,79560,79563,3,21
79539,79561,79564,3,22
79539,79561,79564,3,22
79550,79562,79564,2,12
79550,79562,79565,3,12
79539,79562,79565,3,23
79550,79560,79565,5,10
79550,79562,79565,3,12
79539,79561,79564,3,22
79550,79561,79565,4,11
79550,79562,79565,3,12
79550,79562,79565,3,12
79550,79562,79566,4,12
79550,79562,79566,4,12
79550,79561,79565,4,11
79550,79562,79566,4,12
79550,79562,79566,4,12
79550,79561,79566,5,11
79550,79561,79566,5,11
79550,79561,79566,5,11
79550,79561,79565,4,11
79550,79561,79566,5,11
79550,79561,79566,5,11
79550,79561,79566,5,11
79550,79561,79566,5,11
79550,79562,79566,4,12
79550,79561,79566,5,11
79550,79561,79566,5,11
79550,79561,79566,5,11
79550,79561,79566,5,11
79550,79561,79566,5,11
79550,79561,79565,4,11
79550,79562,79566,4,12
79550,79562,79566,4,12
79550,79561,79566,5,11
79550,79561,79567,6,11
79550,79562,79567,5,12
79550,79562,79567,5,12
79550,79562,79567,5,12
79550,79561,79567,6,11
79550,79562,79566,4,12
79550,79562,79567,5,12
79550,79562,79567,5,12
79550,79562,79567,5,12
79571,79571,79572,1,0
79571,79571,79572,1,0
79571,79571,79572,1,0
79571,79571,79573,2,0
79571,79571,79572,1,0
79571,79571,79573,2,0
79571,79571,79573,2,0
79571,79571,79573,2,0
79571,79571,79573,2,0
79571,79571,79573,2,0
79571,79571,79573,2,0
79571,79571,79572,1,0
79571,79571,79573,2,0
79571,79571,79573,2,0
79571,79572,79573,1,1
79571,79571,79573,2,0
79571,79571,79573,2,0
79571,79573,79574,1,2
79571,79571,79574,3,0
79571,79573,79574,1,2
79571,79571,79573,2,0
79571,79571,79574,3,0
79571,79571,79574,3,0
79571,79573,79575,2,2
79571,79573,79575,2,2
79571,79573,79575,2,2
79571,79573,79575,2,2
79571,79573,79574,1,2
79571,79573,79575,2,2
79571,79573,79575,2,2
79571,79573,79574,1,2
79571,79574,79576,2,3
79571,79574,79576,2,3
79571,79573,79576,3,2
79571,79574,79576,2,3
79571,79574,79575,1,3
79571,79574,79576,2,3
79571,79574,79576,2,3
79571,79574,79575,1,3
79571,79574,79576,2,3
79571,79575,79577,2,4
79571,79574,79577,3,3
79571,79575,79577,2,4
79571,79575,79577,2,4
79571,79575,79577,2,4
79571,79574,79576,2,3
79571,79575,79577,2,4
79571,79575,79577,2,4
79571,79575,79577,2,4
79571,79575,79577,2,4
79571,79576,79577,1,5
79571,79576,79578,2,5
79571,79577,79578,1,6
79571,79575,79578,3,4
79571,79576,79578,2,5
79571,79576,79577,1,5
79571,79576,79578,2,5
79571,79577,79578,1,6
79571,79576,79578,2,5
79571,79576,79578,2,5
79571,79577,79578,1,6
79575,79576,79579,3,1
79575,79576,79578,2,1
79571,79576,79579,3,5
79571,79577,79579,2,6
79571,79577,79579,2,6
79571,79577,79579,2,6
79571,79577,79579,2,6
79571,79577,79579,2,6
79571,79578,79579,1,7
79575,79575,79580,5,0
79575,79576,79580,4,1
79571,79578,79580,2,7
79571,79578,79580,2,7
79571,79578,79580,2,7
79571,79578,79580,2,7
79571,79578,79580,2,7
79571,79577,79579,2,6
79571,79578,79580,2,7
79571,79577,79580,3,6
79571,79577,79580,3,6
79571,79579,79580,1,8
79571,79577,79580,3,6
79571,79578,79580,2,7
79571,79578,79580,2,7
79575,79576,79580,4,1
79575,79576,79581,5,1
79575,79575,79580,5,0
79575,79575,79580,5,0
79575,79576,79581,5,1
79575,79576,79580,4,1
79575,79576,79580,4,1
79575,79576,79580,4,1
79575,79575,79580,5,0
79575,79575,79581,6,0
79575,79575,79580,5,0
79575,79576,79580,4,1
79575,79576,79580,4,1
79575,79576,79580,4,1
79575,79576,79580,4,1
79575,79575,79581,6,0
79575,79575,79581,6,0
79575,79576,79581,5,1
79575,79576,79581,5,1
79575,79575,79580,5,0
79575,79575,79581,6,0
79575,79576,79580,4,1
79575,79576,79580,4,1
79575,79576,79580,4,1
79575,79576,79580,4,1
79575,79575,79581,6,0
79575,79575,79581,6,0
79575,79576,79580,4,1
79571,79578,79580,2,7
79571,79579,79581,2,8
79571,79579,79581,2,8
79571,79579,79581,2,8
79571,79579,79581,2,8
79575,79575,79581,6,0
79575,79575,79581,6,0
79575,79575,79581,6,0
79575,79576,79581,5,1
79575,79576,79581,5,1
79575,79576,79581,5,1
79575,79576,79582,6,1
79575,79575,79582,7,0
79575,79575,79581,6,0
79575,79575,79581,6,0
79575,79576,79581,5,1
79575,79576,79581,5,1
79575,79576,79582,6,1
79575,79576,79581,5,1
79575,79575,79581,6,0
79575,79575,79581,6,0
79575,79575,79581,6,0
79575,79576,79581,5,1
79575,79576,79581,5,1
79575,79576,79582,6,1
79575,79576,79582,6,1
79575,79575,79581,6,0
79575,79576,79581,5,1
79575,79576,79581,5,1
79575,79576,79581,5,1
79575,79576,79581,5,1
79575,79576,79582,6,1
79575,79575,79581,6,0
79575,79575,79581,6,0
79575,79575,79581,6,0
79575,79576,79581,5,1
79575,79576,79582,6,1
79575,79575,79581,6,0
79575,79575,79581,6,0
79575,79576,79581,5,1
79575,79575,79581,6,0
79575,79576,79581,5,1
79575,79576,79581,5,1
79575,79575,79581,6,0
79575,79576,79581,5,1
79575,79576,79581,5,1
79575,79576,79581,5,1
79575,79575,79581,6,0
79575,79576,79581,5,1
79575,79576,79581,5,1
79575,79575,79581,6,0
79575,79575,79581,6,0
79575,79576,79581,5,1
79571,79580,79582,2,9
79571,79580,79582,2,9
79571,79580,79582,2,9
79571,79580,79582,2,9
79571,79579,79582,3,8
79571,79581,79582,1,10
79571,79579,79582,3,8
79571,79580,79582,2,9
79571,79580,79582,2,9
79571,79580,79582,2,9
79571,79580,79582,2,9
79571,79580,79582,2,9
79571,79580,79582,2,9
79571,79582,79584,2,11
79571,79582,79583,1,11
79571,79582,79583,1,11
79571,79580,79583,3,9
79571,79581,79583,2,10
79571,79582,79583,1,11
79571,79583,79584,1,12
79571,79583,79584,1,12
79575,79581,79583,2,6
79575,79579,79584,5,4
79575,79579,79584,5,4
79575,79581,79584,3,6
79575,79580,79584,4,5
79571,79583,79584,1,12
79571,79583,79584,1,12
79571,79583,79584,1,12
79571,79583,79584,1,12
79571,79582,79584,2,11
79571,79584,79585,1,13
79575,79582,79585,3,7
79575,79582,79585,3,7
79575,79582,79585,3,7
79575,79582,79585,3,7
79575,79580,79584,4,5
79575,79581,79585,4,6
79575,79581,79585,4,6
79575,79581,79585,4,6
79575,79581,79585,4,6
79571,79583,79585,2,12
79571,79583,79585,2,12
79571,79584,79586,2,13
79571,79584,79585,1,13
79571,79583,79585,2,12
79571,79583,79585,2,12
79571,79584,79585,1,13
79571,79584,79585,1,13
79571,79584,79585,1,13
79575,79581,79586,5,6
79575,79582,79585,3,7
79575,79581,79586,5,6
79575,79581,79585,4,6
79575,79581,79586,5,6
79575,79581,79586,5,6
79575,79581,79586,5,6
79575,79581,79586,5,6
79575,79582,79586,4,7
79575,79581,79586,5,6
79575,79581,79586,5,6
79575,79581,79586,5,6
79575,79581,79585,4,6
79575,79581,79586,5,6
79571,79585,79586,1,14
79571,79585,79586,1,14
79571,79584,79586,2,13
79571,79586,79587,1,15
79571,79584,79586,2,13
79571,79584,79587,3,13
79571,79585,79586,1,14
79571,79584,79586,2,13
79571,79585,79587,2,14
79571,79585,79586,1,14
79575,79582,79587,5,7
79575,79582,79587,5,7
79575,79582,79587,5,7
79575,79582,79587,5,7
79575,79582,79587,5,7
79575,79582,79587,5,7
79575,79582,79586,4,7
79575,79581,79586,5,6
79575,79581,79586,5,6
79575,79582,79587,5,7
79575,79582,79587,5,7
79575,79581,79586,5,6
79575,79582,79587,5,7
79575,79582,79587,5,7
79575,79581,79587,6,6
79575,79582,79587,5,7
79575,79581,79586,5,6
79575,79581,79586,5,6
79575,79582,79586,4,7
79575,79582,79587,5,7
79575,79582,79587,5,7
79575,79582,79587,5,7
79575,79581,79586,5,6
79575,79582,79587,5,7
79575,79582,79587,5,7
79575,79581,79586,5,6
79575,79581,79586,5,6
79575,79582,79587,5,7
79575,79582,79587,5,7
79575,79581,79586,5,6
79575,79582,79587,5,7
79571,79586,79587,1,15
79571,79586,79587,1,15
79571,79584,79587,3,13
79571,79586,79587,1,15
79571,79586,79587,1,15
79571,79586,79587,1,15
79571,79586,79587,1,15
79571,79586,79587,1,15
79575,79582,79588,6,7
79575,79582,79587,5,7
79575,79582,79588,6,7
79575,79582,79588,6,7
79575,79582,79588,6,7
79575,79582,79588,6,7
79575,79582,79588,6,7
79575,79582,79588,6,7
79575,79582,79588,6,7
79575,79582,79588,6,7
79575,79582,79587,5,7
79575,79582,79587,5,7
79575,79582,79588,6,7
79575,79582,79588,6,7
79575,79582,79588,6,7
79575,79582,79588,6,7
79575,79582,79588,6,7
79575,79582,79588,6,7
79575,79582,79587,5,7
79575,79582,79588,6,7
79575,79582,79587,5,7
79571,79587,79588,1,16
79571,79586,79589,3,15
79571,79586,79588,2,15
79571,79587,79589,2,16
79571,79587,79589,2,16
79571,79588,79589,1,17
79571,79587,79589,2,16
79571,79587,79589,2,16
79571,79587,79589,2,16
79571,79587,79588,1,16
79571,79587,79588,1,16
79575,79584,79589,5,9
79575,79586,79589,3,11
79575,79586,79588,2,11
79575,79586,79589,3,11
79575,79584,79589,5,9
79575,79584,79589,5,9
79575,79584,79589,5,9
79571,79588,79590,2,17
79571,79588,79590,2,17
79571,79588,79590,2,17
79571,79588,79590,2,17
79571,79588,79590,2,17
79571,79588,79590,2,17
79571,79589,79590,1,18
79571,79589,79590,1,18
79571,79587,79590,3,16
79571,79588,79590,2,17
79571,79588,79590,2,17
79575,79585,79589,4,10
79575,79585,79590,5,10
79575,79585,79590,5,10
79575,79586,79590,4,11
79575,79585,79590,5,10
79575,79585,79590,5,10
79575,79585,79590,5,10
79575,79587,79590,3,12
79575,79584,79589,5,9
79575,79585,79590,5,10
79575,79585,79590,5,10
79575,79586,79589,3,11
79571,79589,79590,1,18
79571,79589,79590,1,18
79571,79589,79591,2,18
79571,79589,79590,1,18
79575,79586,79591,5,11
79575,79586,79591,5,11
79575,79587,79591,4,12
79575,79585,79590,5,10
79575,79586,79591,5,11
79575,79586,79591,5,11
79575,79586,79591,5,11
79575,79586,79591,5,11
79575,79586,79591,5,11
79575,79586,79591,5,11
79575,79587,79591,4,12
79575,79586,79591,5,11
79571,79589,79591,2,18
79571,79590,79591,1,19
79571,79590,79592,2,19
79571,79590,79592,2,19
79571,79590,79592,2,19
79571,79589,79591,2,18
79571,79589,79591,2,18
79571,79589,79591,2,18
79571,79590,79592,2,19
79571,79590,79592,2,19
79571,79590,79592,2,19
79571,79590,79591,1,19
79571,79589,79592,3,18
79571,79590,79592,2,19
79571,79590,79592,2,19
79571,79591,79592,1,20
79575,79587,79592,5,12
79575,79587,79592,5,12
79575,79587,79592,5,12
79575,79587,79592,5,12
79571,79591,79592,1,20
79571,79591,79593,2,20
79571,79591,79592,1,20
79571,79591,79592,1,20
79571,79592,79593,1,21
79575,79587,79592,5,12
79575,79587,79592,5,12
79575,79587,79592,5,12
79575,79587,79592,5,12
79575,79587,79592,5,12
79571,79592,79593,1,21
79571,79592,79593,1,21
79571,79592,79594,2,21
79571,79592,79594,2,21
79571,79592,79594,2,21
79571,79592,79595,3,21
79571,79592,79594,2,21
79600,79600,79602,2,0
79600,79600,79601,1,0
79600,79600,79602,2,0
79600,79600,79603,3,0
79600,79600,79603,3,0
79600,79600,79603,3,0
79600,79600,79603,3,0
79600,79600,79603,3,0
79600,79600,79603,3,0
79600,79600,79602,2,0
79600,79600,79603,3,0
79600,79602,79603,1,2
79600,79600,79603,3,0
79600,79600,79603,3,0
79600,79600,79603,3,0
79600,79600,79603,3,0
79600,79600,79604,4,0
79600,79600,79604,4,0
79600,79600,79603,3,0
79600,79600,79604,4,0
79600,79600,79603,3,0
79600,79600,79603,3,0
79600,79603,79604,1,3
79600,79603,79604,1,3
79600,79600,79603,3,0
79600,79600,79603,3,0
79600,79602,79604,2,2
79600,79600,79603,3,0
79600,79602,79603,1,2
79600,79600,79604,4,0
79600,79600,79605,5,0
79600,79600,79604,4,0
79600,79600,79605,5,0
79600,79600,79604,4,0
79600,79600,79605,5,0
79600,79600,79604,4,0
79600,79600,79605,5,0
79600,79600,79604,4,0
79600,79600,79605,5,0
79600,79600,79604,4,0
79600,79600,79605,5,0
79600,79603,79605,2,3
79600,79603,79605,2,3
79600,79603,79604,1,3
79600,79600,79604,4,0
79600,79603,79605,2,3
79600,79603,79605,2,3
79600,79603,79605,2,3
79600,79603,79605,2,3
79600,79604,79605,1,4
79600,79600,79606,6,0
79600,79600,79605,5,0
79600,79600,79606,6,0
79600,79600,79605,5,0
79600,79600,79606,6,0
79600,79600,79606,6,0
79600,79600,79606,6,0
79600,79600,79606,6,0
79600,79600,79605,5,0
79600,79600,79605,5,0
79600,79600,79605,5,0
79600,79600,79606,6,0
79600,79600,79606,6,0
79600,79600,79606,6,0
79600,79600,79606,6,0
79600,79600,79606,6,0
79600,79600,79606,6,0
79600,79600,79605,5,0
79600,79600,79606,6,0
79600,79600,79605,5,0
79600,79600,79606,6,0
79600,79600,79606,6,0
79600,79600,79606,6,0
79600,79600,79605,5,0
79600,79600,79606,6,0
79600,79600,79605,5,0
79600,79600,79606,6,0
79600,79600,79606,6,0
79600,79603,79605,2,3
79600,79603,79605,2,3
79600,79604,79606,2,4
79600,79603,79606,3,3
79600,79604,79606,2,4
79600,79604,79606,2,4
79600,79600,79606,6,0
79600,79600,79607,7,0
79600,79600,79607,7,0
79600,79600,79606,6,0
79600,79600,79607,7,0
79600,79600,79607,7,0
79600,79600,79606,6,0
79600,79600,79607,7,0
79600,79600,79606,6,0
79600,79600,79607,7,0
79600,79600,79606,6,0
79600,79600,79607,7,0
79600,79600,79606,6,0
79600,79600,79606,6,0
79600,79600,79606,6,0
79600,79600,79606,6,0
79600,79600,79607,7,0
79600,79600,79607,7,0
79600,79600,79607,7,0
79600,79600,79607,7,0
79600,79600,79607,7,0
79600,79600,79607,7,0
79600,79600,79606,6,0
79600,79600,79607,7,0
79600,79600,79607,7,0
79600,79600,79607,7,0
79600,79600,79607,7,0
79600,79604,79607,3,4
79600,79604,79606,2,4
79600,79605,79607,2,5
79600,79600,79606,6,0
79600,79600,79607,7,0
79600,79600,79607,7,0
79600,79600,79607,7,0
79600,79600,79607,7,0
79600,79603,79606,3,3
79600,79604,79607,3,4
79600,79604,79607,3,4
79600,79605,79607,2,5
79600,79605,79607,2,5
79600,79605,79607,2,5
79600,79606,79607,1,6
79600,79605,79607,2,5
79600,79605,79607,2,5
79600,79605,79607,2,5
79600,79600,79607,7,0
79600,79600,79607,7,0
79600,79600,79607,7,0
79600,79606,79608,2,6
79600,79606,79608,2,6
79600,79606,79608,2,6
79600,79607,79608,1,7
79600,79605,79607,2,5
79600,79605,79607,2,5
79600,79605,79607,2,5
79600,79606,79608,2,6
79600,79606,79608,2,6
79600,79607,79608,1,7
79600,79604,79609,5,4
79600,79604,79608,4,4
79600,79606,79609,3,6
79600,79604,79609,5,4
79600,79604,79609,5,4
79600,79604,79609,5,4
79600,79607,79609,2,7
79600,79607,79609,2,7
79600,79607,79609,2,7
79600,79607,79609,2,7
79600,79607,79609,2,7
79600,79608,79609,1,8
79600,79607,79609,2,7
79600,79607,79609,2,7
79600,79607,79609,2,7
79600,79605,79610,5,5
79600,79607,79610,3,7
79600,79605,79610,5,5
79600,79605,79610,5,5
79600,79605,79610,5,5
79600,79605,79610,5,5
79600,79605,79610,5,5
79600,79605,79610,5,5
79600,79606,79610,4,6
79600,79605,79610,5,5
79600,79606,79610,4,6
79600,79606,79610,4,6
79600,79605,79610,5,5
79600,79606,79610,4,6
79600,79606,79610,4,6
79600,79607,79610,3,7
79600,79608,79610,2,8
79600,79608,79610,2,8
79600,79607,79610,3,7
79600,79608,79610,2,8
79600,79609,79610,1,9
79600,79608,79610,2,8
79600,79608,79610,2,8
79600,79608,79610,2,8
79600,79609,79610,1,9
79600,79606,79611,5,6
79600,79606,79611,5,6
79600,79605,79610,5,5
79600,79606,79611,5,6
79600,79606,79611,5,6
79600,79606,79611,5,6
79600,79607,79611,4,7
79600,79606,79611,5,6
79600,79606,79610,4,6
79600,79606,79611,5,6
79600,79606,79611,5,6
79600,79606,79611,5,6
79600,79606,79611,5,6
79600,79608,79611,3,8
79600,79610,79611,1,10
79600,79610,79611,1,10
79600,79607,79611,4,7
79600,79605,79611,6,5
79600,79606,79611,5,6
79600,79610,79611,1,10
79600,79610,79611,1,10
79600,79610,79611,1,10
79600,79610,79611,1,10
79600,79606,79611,5,6
79600,79606,79612,6,6
79600,79606,79612,6,6
79600,79607,79612,5,7
79600,79607,79612,5,7
79600,79606,79611,5,6
79600,79606,79612,6,6
79600,79607,79612,5,7
79600,79607,79612,5,7
79600,79606,79611,5,6
79600,79607,79612,5,7
79600,79607,79612,5,7
79600,79606,79612,6,6
79600,79607,79612,5,7
79600,79606,79611,5,6
79600,79607,79612,5,7
79600,79607,79612,5,7
79600,79606,79612,6,6
79600,79607,79612,5,7
79600,79607,79612,5,7
79600,79607,79612,5,7
79600,79607,79612,5,7
79600,79610,79612,2,10
79600,79606,79612,6,6
79600,79607,79612,5,7
79600,79607,79612,5,7
79600,79610,79612,2,10
79600,79611,79612,1,11
79600,79610,79612,2,10
79600,79611,79612,1,11
79600,79611,79613,2,11
79600,79611,79612,1,11
79600,79611,79612,1,11
79600,79611,79612,1,11
79600,79607,79613,6,7
79600,79608,79613,5,8
79600,79608,79613,5,8
79600,79607,79612,5,7
79600,79607,79613,6,7
79600,79608,79613,5,8
79600,79607,79613,6,7
79600,79607,79613,6,7
79600,79607,79613,6,7
79600,79608,79613,5,8
79600,79607,79613,6,7
79600,79607,79613,6,7
79600,79607,79613,6,7
79600,79607,79613,6,7
79600,79607,79613,6,7
79600,79607,79613,6,7
79600,79607,79613,6,7
79600,79607,79613,6,7
79600,79611,79613,2,11
79600,79611,79613,2,11
79600,79612,79613,1,12
79600,79612,79613,1,12
79600,79612,79613,1,12
79600,79612,79613,1,12
79600,79612,79614,2,12
79600,79612,79613,1,12
79600,79613,79614,1,13
79600,79612,79614,2,12
79600,79609,79614,5,9
79600,79609,79614,5,9
79600,79609,79614,5,9
79600,79609,79614,5,9
79600,79609,79614,5,9
79600,79609,79614,5,9
79600,79611,79614,3,11
79600,79612,79615,3,12
79600,79613,79614,1,13
79600,79613,79614,1,13
79600,79613,79615,2,13
79600,79613,79615,2,13
79600,79613,79615,2,13
79600,79613,79615,2,13
79600,79613,79614,1,13
79600,79614,79615,1,14
79600,79610,79615,5,10
79600,79610,79615,5,10
79600,79610,79615,5,10
79600,79610,79615,5,10
79600,79610,79615,5,10
79600,79612,79615,3,12
79600,79611,79615,4,11
79600,79611,79615,4,11
79600,79611,79615,4,11
79600,79611,79616,5,11
79600,79611,79615,4,11
79600,79611,79615,4,11
79600,79611,79615,4,11
79600,79611,79615,4,11
79600,79612,79615,3,12
79600,79612,79615,3,12
79600,79614,79615,1,14
79600,79614,79616,2,14
79600,79614,79616,2,14
79600,79614,79615,1,14
79600,79613,79616,3,13
79600,79614,79615,1,14
79600,79614,79615,1,14
79600,79612,79616,4,12
79600,79611,79616,5,11
79600,79611,79616,5,11
79600,79611,79616,5,11
79600,79611,79616,5,11
79600,79611,79617,6,11
79600,79612,79616,4,12
79600,79612,79616,4,12
79600,79612,79616,4,12
79600,79612,79616,4,12
79600,79612,79617,5,12
79600,79611,79616,5,11
79600,79612,79616,4,12
79600,79612,79616,4,12
79600,79611,79616,5,11
79600,79614,79617,3,14
79600,79614,79616,2,14
79600,79614,79616,2,14
79600,79615,79616,1,15
79600,79615,79616,1,15
79600,79615,79617,2,15
79600,79615,79616,1,15
79600,79615,79616,1,15
79600,79615,79617,2,15
79600,79615,79617,2,15
79600,79615,79617,2,15
79600,79615,79616,1,15
79600,79612,79617,5,12
79600,79611,79617,6,11
79600,79617,79618,1,17
79600,79616,79617,1,16
79600,79616,79617,1,16
79600,79616,79617,1,16
79600,79616,79618,2,16
79600,79615,79617,2,15
79600,79617,79618,1,17
79600,79617,79618,1,17
79600,79616,79618,2,16
79600,79617,79618,1,17
79600,79617,79618,1,17
79600,79617,79618,1,17
79600,79617,79619,2,17
79600,79617,79619,2,17
79600,79618,79619,1,18
79600,79617,79619,2,17
79600,79616,79618,2,16
79600,79616,79618,2,16
79600,79617,79620,3,17
79600,79618,79619,1,18
79600,79617,79619,2,17
79600,79618,79620,2,18
79600,79619,79620,1,19
79600,79618,79620,2,18
79600,79618,79620,2,18
79600,79618,79620,2,18
79600,79618,79620,2,18
79600,79617,79620,3,17
79600,79619,79620,1,19
79600,79620,79621,1,20
79600,79618,79620,2,18
79600,79618,79620,2,18
79600,79619,79620,1,19
79600,79620,79621,1,20
79600,79619,79621,2,19
79600,79618,79620,2,18
79600,79619,79621,2,19
79600,79619,79621,2,19
79600,79620,79621,1,20
79600,79621,79622,1,21
79600,79619,79621,2,19
79600,79620,79622,2,20
79600,79620,79622,2,20
79600,79621,79623,2,21
79600,79621,79623,2,21
79600,79621,79623,2,21
79600,79621,79623,2,21
79600,79621,79623,2,21
79600,79620,79623,3,20
79600,79619,79622,3,19
79600,79620,79623,3,20
79600,79620,79623,3,20
79600,79621,79623,2,21
79600,79620,79623,3,20
79600,79621,79623,2,21
79600,79622,79623,1,22
79600,79621,79624,3,21
79600,79622,79624,2,22
79600,79622,79624,2,22
79600,79621,79624,3,21
79600,79622,79624,2,22
79600,79622,79624,2,22
79600,79621,79623,2,21
79600,79623,79625,2,23
79625,79625,79630,5,0
79625,79625,79630,5,0
79625,79625,79630,5,0
79625,79625,79630,5,0
79625,79625,79630,5,0
79625,79625,79630,5,0
79625,79625,79631,6,0
79625,79625,79631,6,0
79625,79625,79631,6,0
79625,79625,79631,6,0
79625,79625,79631,6,0
79625,79625,79631,6,0
79625,79625,79631,6,0
79625,79625,79631,6,0
79625,79625,79631,6,0
79625,79625,79631,6,0
79625,79625,79631,6,0
79625,79625,79631,6,0
79625,79625,79631,6,0
79625,79625,79631,6,0
79625,79625,79631,6,0
79625,79625,79631,6,0
79625,79625,79631,6,0
79625,79625,79631,6,0
79625,79625,79631,6,0
79625,79625,79630,5,0
79625,79625,79631,6,0
79625,79625,79631,6,0
79625,79625,79631,6,0
79625,79625,79631,6,0
79625,79625,79631,6,0
79625,79625,79632,7,0
79625,79625,79631,6,0
79625,79625,79631,6,0
79625,79625,79632,7,0
79625,79626,79631,5,1
79625,79625,79631,6,0
79625,79625,79632,7,0
79625,79625,79632,7,0
79625,79625,79631,6,0
79625,79625,79632,7,0
79625,79626,79632,6,1
79625,79625,79632,7,0
79625,79625,79632,7,0
79625,79625,79632,7,0
79625,79626,79632,6,1
79625,79625,79631,6,0
79625,79625,79632,7,0
79625,79625,79632,7,0
79625,79625,79632,7,0
79625,79626,79632,6,1
79625,79626,79632,6,1
79625,79625,79632,7,0
79625,79625,79632,7,0
79625,79626,79632,6,1
79625,79625,79632,7,0
79625,79625,79632,7,0
79625,79625,79632,7,0
79625,79625,79632,7,0
79625,79626,79632,6,1
79625,79626,79632,6,1
79625,79625,79632,7,0
79625,79625,79632,7,0
79625,79626,79632,6,1
79625,79625,79632,7,0
79625,79625,79632,7,0
79625,79626,79632,6,1
79625,79626,79632,6,1
79625,79625,79632,7,0
79625,79625,79632,7,0
79625,79626,79632,6,1
79625,79626,79632,6,1
79625,79626,79633,7,1
79625,79625,79632,7,0
79625,79625,79632,7,0
79625,79626,79632,6,1
79625,79626,79632,6,1
79625,79625,79632,7,0
79625,79625,79632,7,0
79625,79626,79632,6,1
79631,79631,79633,2,0
79631,79631,79633,2,0
79631,79631,79633,2,0
79631,79631,79633,2,0
79631,79631,79632,1,0
79631,79631,79633,2,0
79631,79631,79633,2,0
79631,79631,79632,1,0
79631,79631,79633,2,0
79631,79631,79633,2,0
79631,79631,79633,2,0
79631,79631,79632,1,0
79631,79631,79633,2,0
79631,79631,79634,3,0
79631,79631,79634,3,0
79631,79631,79633,2,0
79631,79631,79634,3,0
79631,79631,79634,3,0
79631,79631,79634,3,0
79631,79633,79635,2,2
79631,79633,79635,2,2
79631,79631,79634,3,0
79631,79633,79635,2,2
79631,79633,79635,2,2
79631,79633,79635,2,2
79625,79630,79636,6,5
79625,79630,79636,6,5
79625,79631,79636,5,6
79625,79632,79636,4,7
79625,79632,79636,4,7
79631,79633,79635,2,2
79631,79633,79636,3,2
79631,79633,79636,3,2
79631,79633,79636,3,2
79631,79633,79636,3,2
79631,79633,79636,3,2
79631,79634,79636,2,3
79631,79633,79636,3,2
79631,79633,79636,3,2
79631,79634,79636,2,3
79631,79634,79636,2,3
79631,79634,79636,2,3
79625,79631,79637,6,6
79625,79631,79636,5,6
79625,79631,79636,5,6
79625,79630,79636,6,5
79625,79630,79636,6,5
79625,79630,79636,6,5
79625,79631,79636,5,6
79625,79632,79637,5,7
79625,79632,79636,4,7
79625,79631,79636,5,6
79625,79633,79637,4,8
79625,79632,79636,4,7
79625,79632,79637,5,7
79625,79633,79637,4,8
79625,79632,79636,4,7
79631,79634,79637,3,3
79631,79635,79637,2,4
79631,79635,79637,2,4
79631,79634,79637,3,3
79631,79635,79637,2,4
79631,79635,79637,2,4
79631,79635,79637,2,4
79625,79632,79637,5,7
79625,79632,79637,5,7
79625,79633,79638,5,8
79625,79632,79637,5,7
79625,79632,79637,5,7
79625,79633,79638,5,8
79625,79631,79637,6,6
79625,79632,79637,5,7
79625,79632,79637,5,7
79625,79633,79638,5,8
79625,79633,79637,4,8
79625,79633,79637,4,8
79625,79633,79638,5,8
79625,79633,79638,5,8
79625,79633,79638,5,8
79625,79632,79637,5,7
79625,79632,79637,5,7
79625,79632,79637,5,7
79625,79632,79637,5,7
79625,79632,79637,5,7
79625,79633,79637,4,8
79625,79631,79637,6,6
79625,79633,79637,4,8
79625,79633,79637,4,8
79625,79632,79637,5,7
79625,79632,79637,5,7
79625,79633,79638,5,8
79625,79632,79638,6,7
79625,79632,79638,6,7
79625,79632,79637,5,7
79625,79633,79638,5,8
79631,79636,79638,2,5
79631,79635,79638,3,4
79631,79637,79638,1,6
79631,79636,79638,2,5
79631,79636,79638,2,5
79631,79636,79638,2,5
79631,79636,79638,2,5
79625,79633,79638,5,8
79625,79633,79638,5,8
79625,79633,79639,6,8
79625,79633,79638,5,8
79625,79633,79638,5,8
79625,79633,79638,5,8
79625,79633,79638,5,8
79625,79633,79638,5,8
79625,79633,79638,5,8
79625,79633,79638,5,8
79625,79633,79639,6,8
79625,79633,79639,6,8
79625,79633,79639,6,8
79625,79633,79638,5,8
79625,79633,79638,5,8
79625,79633,79638,5,8
79625,79633,79639,6,8
79625,79633,79638,5,8
79625,79633,79638,5,8
79625,79633,79639,6,8
79625,79633,79639,6,8
79625,79633,79639,6,8
79625,79633,79638,5,8
79625,79633,79639,6,8
79625,79633,79639,6,8
79625,79633,79639,6,8
79631,79636,79639,3,5
79631,79636,79639,3,5
79631,79636,79639,3,5
79631,79636,79639,3,5
79631,79638,79639,1,7
79631,79636,79639,3,5
79631,79638,79639,1,7
79631,79638,79639,1,7
79631,79639,79640,1,8
79631,79637,79639,2,6
79631,79638,79639,1,7
79625,79633,79639,6,8
79625,79633,79639,6,8
79625,79633,79639,6,8
79625,79637,79640,3,12
79631,79638,79640,2,7
79631,79638,79640,2,7
79631,79639,79640,1,8
79631,79639,79640,1,8
79631,79638,79640,2,7
79631,79639,79640,1,8
79625,79636,79641,5,11
79625,79636,79641,5,11
79625,79636,79641,5,11
79625,79636,79641,5,11
79625,79636,79641,5,11
79631,79639,79641,2,8
79631,79640,79641,1,9
79631,79640,79641,1,9
79631,79639,79642,3,8
79631,79640,79641,1,9
79631,79640,79641,1,9
79631,79640,79641,1,9
79631,79639,79641,2,8
79631,79640,79641,1,9
79631,79640,79641,1,9
79625,79637,79641,4,12
79625,79637,79642,5,12
79625,79637,79642,5,12
79625,79637,79642,5,12
79625,79637,79642,5,12
79625,79637,79642,5,12
79625,79638,79642,4,13
79625,79637,79641,4,12
79625,79637,79642,5,12
79625,79637,79642,5,12
79625,79637,79642,5,12
79625,79638,79642,4,13
79625,79637,79642,5,12
79625,79637,79642,5,12
79625,79637,79641,4,12
79625,79637,79642,5,12
79631,79641,79642,1,10
79631,79641,79642,1,10
79631,79641,79642,1,10
79631,79641,79642,1,10
79631,79639,79642,3,8
79631,79640,79642,2,9
79631,79640,79642,2,9
79631,79642,79643,1,11
79631,79642,79643,1,11
79631,79640,79643,3,9
79631,79641,79642,1,10
79625,79638,79642,4,13
79625,79638,79643,5,13
79625,79638,79642,4,13
79625,79638,79642,4,13
79625,79638,79643,5,13
79625,79638,79642,4,13
79625,79638,79643,5,13
79625,79638,79643,5,13
79625,79638,79643,5,13
79625,79638,79643,5,13
79625,79638,79643,5,13
79625,79638,79643,5,13
79625,79638,79643,5,13
79625,79638,79643,5,13
79631,79642,79643,1,11
79631,79642,79643,1,11
79631,79641,79643,2,10
79631,79642,79644,2,11
79631,79642,79644,2,11
79631,79642,79644,2,11
79631,79643,79644,1,12
79625,79638,79643,5,13
79625,79638,79643,5,13
79625,79638,79644,6,13
79625,79638,79643,5,13
79631,79642,79644,2,11
79631,79642,79644,2,11
79631,79643,79645,2,12
79631,79643,79644,1,12
79631,79643,79644,1,12
79631,79643,79644,1,12
79631,79642,79644,2,11
79631,79643,79644,1,12
79631,79643,79645,2,12
79631,79643,79644,1,12
79631,79643,79645,2,12
79631,79644,79645,1,13
79631,79644,79646,2,13
79631,79645,79646,1,14
79631,79643,79645,2,12
79631,79645,79646,1,14
79631,79645,79646,1,14
79631,79643,79646,3,12
79631,79644,79646,2,13
79631,79644,79646,2,13
79631,79644,79646,2,13
79631,79644,79645,1,13
79631,79645,79646,1,14
79631,79645,79647,2,14
79631,79644,79646,2,13
79631,79645,79647,2,14
79631,79645,79647,2,14
79631,79645,79648,3,14
79631,79645,79647,2,14
79631,79646,79648,2,15
79631,79646,79648,2,15
79631,79645,79647,2,14
79631,79645,79648,3,14
79631,79646,79648,2,15
79631,79646,79647,1,15
79631,79646,79647,1,15
79631,79646,79648,2,15
79631,79646,79648,2,15
79631,79646,79648,2,15
79631,79646,79648,2,15
79631,79646,79648,2,15
79631,79647,79649,2,16
79631,79646,79648,2,15
79631,79647,79649,2,16
79631,79648,79649,1,17
79631,79647,79649,2,16
79631,79648,79650,2,17
79631,79648,79649,1,17
79631,79647,79649,2,16
79631,79648,79650,2,17
79631,79648,79650,2,17
79631,79648,79650,2,17
79631,79648,79650,2,17
79631,79649,79650,1,18
79631,79649,79651,2,18
79631,79648,79650,2,17
79631,79648,79651,3,17
79631,79648,79651,3,17
79631,79648,79650,2,17
79631,79648,79650,2,17
79631,79648,79650,2,17
79631,79649,79651,2,18
79631,79648,79651,3,17
79631,79649,79652,3,18
79631,79650,79651,1,19
79631,79650,79651,1,19
79631,79650,79652,2,19
79631,79651,79652,1,20
79631,79650,79652,2,19
79631,79650,79652,2,19
79631,79650,79652,2,19
79631,79650,79652,2,19
79631,79651,79653,2,20
79631,79651,79652,1,20
79631,79651,79653,2,20
79631,79650,79653,3,19
79631,79651,79653,2,20
79631,79652,79653,1,21
79631,79650,79653,3,19
79631,79650,79653,3,19
79631,79651,79653,2,20
79631,79652,79654,2,21
79631,79652,79654,2,21
79631,79653,79654,1,22
79631,79652,79654,2,21
79631,79651,79653,2,20
79631,79651,79654,3,20
79631,79652,79655,3,21
79631,79652,79655,3,21
79631,79654,79655,1,23
79631,79653,79655,2,22
79631,79653,79655,2,22
79631,79653,79655,2,22
79631,79653,79655,2,22
79631,79652,79655,3,21
79631,79653,79655,2,22
79631,79653,79655,2,22
79651,79651,79655,4,0
79651,79651,79655,4,0
79631,79652,79655,3,21
79631,79652,79655,3,21
79631,79652,79655,3,21
79631,79654,79656,2,23
79631,79653,79656,3,22
79631,79654,79656,2,23
79651,79651,79656,5,0
79651,79651,79656,5,0
79651,79651,79656,5,0
79651,79651,79656,5,0
79651,79651,79656,5,0
79651,79651,79656,5,0
79651,79651,79656,5,0
79651,79651,79656,5,0
79651,79652,79657,5,1
79651,79651,79657,6,0
79651,79651,79657,6,0
79651,79651,79657,6,0
79651,79651,79657,6,0
79651,79651,79657,6,0
79651,79651,79657,6,0
79651,79651,79657,6,0
79651,79651,79657,6,0
79651,79651,79657,6,0
79651,79651,79657,6,0
79651,79651,79657,6,0
79651,79651,79657,6,0
79651,79651,79657,6,0
79651,79651,79657,6,0
79651,79651,79657,6,0
79651,79651,79657,6,0
79651,79651,79657,6,0
79651,79651,79657,6,0
79651,79651,79657,6,0
79651,79651,79657,6,0
79651,79651,79657,6,0
79651,79651,79657,6,0
79651,79651,79657,6,0
79651,79651,79657,6,0
79651,79652,79657,5,1
79651,79651,79657,6,0
79651,79651,79657,6,0
79651,79651,79657,6,0
79651,79651,79657,6,0
79651,79651,79658,7,0
79651,79651,79658,7,0
79651,79651,79657,6,0
79651,79651,79657,6,0
79651,79651,79657,6,0
79651,79651,79657,6,0
79651,79651,79657,6,0
79651,79651,79657,6,0
79651,79651,79657,6,0
79651,79651,79657,6,0
79651,79651,79657,6,0
79651,79651,79657,6,0
79651,79651,79657,6,0
79651,79651,79658,7,0
79651,79651,79658,7,0
79651,79652,79658,6,1
79651,79652,79658,6,1
79651,79651,79658,7,0
79651,79651,79658,7,0
79651,79651,79658,7,0
79651,79651,79658,7,0
79651,79651,79658,7,0
79651,79651,79658,7,0
79651,79651,79658,7,0
79651,79651,79658,7,0
79651,79652,79658,6,1
79651,79651,79658,7,0
79651,79651,79658,7,0
79651,79652,79658,6,1
79651,79652,79658,6,1
79651,79651,79658,7,0
79651,79651,79658,7,0
79651,79651,79658,7,0
79651,79652,79658,6,1
79651,79651,79658,7,0
79651,79651,79658,7,0
79651,79651,79658,7,0
79651,79652,79658,6,1
79651,79651,79658,7,0
79651,79651,79658,7,0
79651,79656,79659,3,5
79651,79656,79660,4,5
79651,79657,79662,5,6
79651,79657,79662,5,6
79651,79658,79662,4,7
79651,79658,79662,4,7
79651,79658,79662,4,7
79651,79657,79662,5,6
79651,79658,79662,4,7
79651,79658,79661,3,7
79651,79658,79662,4,7
79651,79657,79662,5,6
79651,79657,79662,5,6
79651,79658,79662,4,7
79651,79657,79662,5,6
79651,79658,79662,4,7
79651,79658,79663,5,7
79651,79658,79663,5,7
79651,79658,79663,5,7
79651,79658,79662,4,7
79651,79657,79662,5,6
79651,79657,79662,5,6
79651,79658,79663,5,7
79651,79658,79663,5,7
79651,79658,79662,4,7
79651,79658,79663,5,7
79651,79658,79663,5,7
79651,79658,79663,5,7
79651,79657,79662,5,6
79651,79658,79663,5,7
79651,79658,79663,5,7
79651,79658,79663,5,7
79651,79658,79663,5,7
79651,79658,79663,5,7
79651,79658,79662,4,7
79651,79658,79663,5,7
79651,79658,79663,5,7
79662,79662,79663,1,0
79662,79662,79663,1,0
79651,79658,79663,5,7
79651,79658,79664,6,7
79651,79659,79664,5,8
79651,79658,79664,6,7
79651,79658,79663,5,7
79651,79658,79664,6,7
79651,79658,79664,6,7
79651,79659,79664,5,8
79651,79658,79663,5,7
79651,79658,79664,6,7
79651,79659,79664,5,8
79651,79659,79664,5,8
79651,79658,79663,5,7
79651,79658,79664,6,7
79651,79659,79664,5,8
79651,79659,79664,5,8
79651,79658,79663,5,7
79651,79659,79664,5,8
79651,79659,79663,4,8
79651,79659,79664,5,8
79651,79658,79663,5,7
79651,79659,79664,5,8
79651,79658,79664,6,7
79651,79658,79663,5,7
79651,79658,79664,6,7
79651,79659,79664,5,8
79651,79659,79664,5,8
79651,79659,79664,5,8
79651,79659,79664,5,8
79651,79658,79663,5,7
79651,79659,79664,5,8
79662,79662,79664,2,0
79662,79663,79664,1,1
79662,79662,79664,2,0
79662,79662,79664,2,0
79662,79663,79664,1,1
79662,79663,79664,1,1
79662,79663,79664,1,1
79662,79663,79664,1,1
79662,79662,79664,2,0
79662,79663,79664,1,1
79651,79659,79665,6,8
79651,79659,79665,6,8
79651,79660,79665,5,9
79651,79659,79665,6,8
79651,79659,79665,6,8
79651,79659,79665,6,8
79651,79659,79665,6,8
79651,79659,79665,6,8
79651,79659,79664,5,8
79651,79659,79664,5,8
79651,79659,79664,5,8
79651,79659,79665,6,8
79651,79659,79665,6,8
79662,79662,79665,3,0
79662,79662,79665,3,0
79662,79663,79665,2,1
79662,79663,79665,2,1
79662,79663,79665,2,1
79662,79664,79665,1,2
79662,79662,79665,3,0
79662,79663,79665,2,1
79662,79664,79665,1,2
79651,79661,79666,5,10
79662,79663,79666,3,1
79662,79665,79666,1,3
79662,79665,79666,1,3
79662,79665,79666,1,3
79662,79665,79666,1,3
79662,79665,79666,1,3
79662,79665,79666,1,3
79662,79665,79666,1,3
79662,79665,79667,2,3
79651,79662,79667,5,11
79651,79662,79667,5,11
79651,79662,79667,5,11
79651,79662,79667,5,11
79651,79662,79667,5,11
79651,79662,79667,5,11
79651,79662,79667,5,11
79651,79662,79667,5,11
79651,79662,79667,5,11
79651,79663,79667,4,12
79651,79663,79667,4,12
79662,79666,79667,1,4
79662,79667,79668,1,5
79662,79665,79667,2,3
79662,79666,79668,2,4
79662,79666,79668,2,4
79662,79666,79668,2,4
79662,79666,79667,1,4
79662,79666,79667,1,4
79662,79666,79667,1,4
79662,79666,79667,1,4
79651,79663,79668,5,12
79651,79663,79668,5,12
79651,79663,79668,5,12
79651,79663,79668,5,12
79651,79663,79668,5,12
79651,79662,79668,6,11
79651,79662,79668,6,11
79651,79663,79668,5,12
79651,79662,79668,6,11
79651,79663,79668,5,12
79651,79663,79668,5,12
79651,79662,79668,6,11
79651,79663,79668,5,12
79651,79663,79668,5,12
79651,79663,79668,5,12
79651,79662,79668,6,11
79651,79663,79668,5,12
79651,79663,79668,5,12
79651,79663,79668,5,12
79651,79663,79668,5,12
79662,79667,79668,1,5
79662,79667,79669,2,5
79662,79667,79669,2,5
79662,79667,79669,2,5
79662,79666,79668,2,4
79662,79667,79668,1,5
79662,79667,79669,2,5
79662,79667,79668,1,5
79662,79667,79668,1,5
79662,79668,79669,1,6
79651,79663,79668,5,12
79651,79663,79669,6,12
79651,79663,79668,5,12
79651,79664,79669,5,13
79651,79664,79669,5,13
79651,79664,79669,5,13
79651,79663,79669,6,12
79662,79667,79669,2,5
79662,79668,79670,2,6
79662,79668,79669,1,6
79662,79668,79669,1,6
79662,79668,79670,2,6
79662,79668,79670,2,6
79662,79668,79669,1,6
79662,79669,79670,1,7
79662,79668,79670,2,6
79662,79669,79670,1,7
79662,79669,79670,1,7
79662,79668,79670,2,6
79662,79669,79671,2,7
79662,79670,79671,1,8
79662,79669,79671,2,7
79662,79669,79670,1,7
79662,79669,79670,1,7
79662,79669,79670,1,7
79662,79669,79671,2,7
79662,79670,79671,1,8
79662,79670,79672,2,8
79662,79670,79672,2,8
79662,79669,79671,2,7
79662,79670,79672,2,8
79662,79670,79671,1,8
79662,79670,79672,2,8
79662,79670,79671,1,8
79662,79669,79672,3,7
79662,79671,79673,2,9
79662,79670,79673,3,8
79662,79671,79672,1,9
79662,79671,79673,2,9
79662,79671,79672,1,9
79662,79671,79672,1,9
79662,79671,79672,1,9
79662,79672,79673,1,10
79662,79671,79673,2,9
79662,79672,79673,1,10
79662,79671,79673,2,9
79662,79672,79673,1,10
79662,79672,79674,2,10
79662,79673,79674,1,11
79662,79671,79673,2,9
79662,79671,79673,2,9
79662,79672,79674,2,10
79662,79672,79674,2,10
79662,79672,79674,2,10
79662,79672,79674,2,10
79662,79673,79674,1,11
79662,79673,79675,2,11
79662,79671,79675,4,9
79662,79673,79675,2,11
79662,79673,79675,2,11
79662,79673,79675,2,11
79662,79673,79675,2,11
79662,79674,79676,2,12
79662,79674,79676,2,12
79662,79674,79676,2,12
79662,79673,79676,3,11
79662,79673,79676,3,11
79662,79673,79675,2,11
79662,79675,79676,1,13
79662,79674,79675,1,12
79662,79674,79676,2,12
79662,79675,79676,1,13
79662,79674,79676,2,12
79662,79674,79676,2,12
79662,79674,79676,2,12
79662,79674,79677,3,12
79662,79674,79677,3,12
79662,79674,79677,3,12
79662,79675,79677,2,13
79662,79675,79677,2,13
79662,79675,79677,2,13
79662,79676,79677,1,14
79662,79676,79678,2,14
79662,79676,79678,2,14
79662,79676,79678,2,14
79662,79676,79678,2,14
79662,79676,79678,2,14
79662,79675,79678,3,13
79662,79676,79678,2,14
79662,79676,79678,2,14
79662,79677,79679,2,15
79662,79676,79678,2,14
79662,79676,79679,3,14
79662,79676,79679,3,14
79662,79676,79679,3,14
79662,79677,79679,2,15
79662,79677,79679,2,15
79662,79678,79680,2,16
79662,79678,79680,2,16
79662,79678,79680,2,16
79662,79678,79680,2,16
79662,79677,79680,3,15
79662,79677,79680,3,15
79662,79677,79680,3,15
79662,79677,79680,3,15
79662,79678,79681,3,16
79662,79678,79681,3,16
79662,79679,79681,2,17
79677,79677,79681,4,0
79677,79677,79681,4,0
79677,79677,79681,4,0
79677,79677,79681,4,0
79677,79677,79681,4,0
79662,79679,79681,2,17
79662,79679,79681,2,17
79662,79680,79681,1,18
79662,79680,79681,1,18
79662,79680,79681,1,18
79662,79679,79681,2,17
79662,79679,79681,2,17
79662,79679,79681,2,17
79662,79680,79682,2,18
79677,79677,79681,4,0
79677,79677,79682,5,0
79677,79677,79682,5,0
79677,79677,79682,5,0
79677,79677,79682,5,0
79677,79677,79682,5,0
79677,79677,79682,5,0
79677,79677,79682,5,0
79677,79677,79682,5,0
79677,79677,79682,5,0
79677,79677,79682,5,0
79677,79677,79682,5,0
79677,79677,79682,5,0
79677,79677,79683,6,0
79677,79677,79683,6,0
79677,79677,79683,6,0
79662,79681,79682,1,19
79662,79681,79682,1,19
79662,79681,79682,1,19
79662,79681,79682,1,19
79662,79682,79683,1,20
79677,79677,79683,6,0
79677,79677,79683,6,0
79677,79677,79683,6,0
79662,79681,79683,2,19
79662,79681,79683,2,19
79677,79677,79683,6,0
79677,79677,79683,6,0
79677,79677,79683,6,0
79677,79678,79683,5,1
79677,79677,79683,6,0
79677,79677,79683,6,0
79677,79677,79683,6,0
79677,79677,79683,6,0
79677,79677,79683,6,0
79677,79677,79683,6,0
79677,79677,79683,6,0
79677,79677,79683,6,0
79677,79677,79683,6,0
79677,79677,79683,6,0
79677,79677,79683,6,0
79677,79677,79683,6,0
79677,79678,79683,5,1
79677,79678,79683,5,1
79677,79677,79683,6,0
79677,79677,79683,6,0
79677,79677,79683,6,0
79677,79677,79683,6,0
79677,79677,79684,7,0
79677,79678,79683,5,1
79677,79677,79683,6,0
79677,79677,79683,6,0
79677,79677,79683,6,0
79677,79677,79683,6,0
79677,79677,79684,7,0
79677,79677,79684,7,0
79677,79678,79683,5,1
79677,79677,79684,7,0
79677,79677,79683,6,0
79677,79678,79683,5,1
79662,79679,79683,4,17
79662,79682,79683,1,20
79662,79682,79683,1,20
79662,79682,79684,2,20
79662,79682,79683,1,20
79662,79682,79683,1,20
79662,79681,79683,2,19
79662,79682,79683,1,20
79662,79682,79683,1,20
79662,79681,79684,3,19
79677,79677,79684,7,0
79677,79677,79683,6,0
79677,79677,79684,7,0
79677,79677,79684,7,0
79677,79678,79684,6,1
79677,79677,79684,7,0
79677,79677,79684,7,0
79677,79677,79684,7,0
79677,79678,79684,6,1
79677,79677,79684,7,0
79677,79677,79684,7,0
79677,79678,79684,6,1
79677,79677,79684,7,0
79677,79678,79685,7,1
79677,79677,79684,7,0
79677,79678,79684,6,1
79677,79678,79684,6,1
79677,79677,79684,7,0
79677,79678,79684,6,1
79677,79678,79684,6,1
79662,79682,79684,2,20
79677,79677,79684,7,0
79677,79677,79684,7,0
79662,79681,79684,3,19
79662,79683,79684,1,21
79662,79683,79684,1,21
79662,79682,79685,3,20
79662,79683,79685,2,21
79662,79683,79685,2,21
79662,79683,79685,2,21
79662,79684,79685,1,22
79662,79683,79685,2,21
79662,79684,79685,1,22
79662,79683,79685,2,21
79662,79684,79686,2,22
79662,79684,79686,2,22
79677,79681,79686,5,4
79677,79682,79687,5,5
79677,79683,79686,3,6
79677,79681,79686,5,4
79677,79683,79686,3,6
79662,79684,79686,2,22
79662,79684,79686,2,22
79677,79681,79687,6,4
79677,79681,79687,6,4
79662,79684,79686,2,22
79677,79683,79687,4,6
79677,79681,79686,5,4
79662,79684,79686,2,22
79677,79683,79687,4,6
79677,79683,79688,5,6
79677,79684,79687,3,7
79677,79684,79687,3,7
79677,79683,79687,4,6
79677,79683,79687,4,6
79677,79684,79688,4,7
79677,79684,79687,3,7
79677,79684,79688,4,7
79677,79684,79688,4,7
79677,79685,79689,4,8
79677,79685,79688,3,8
79677,79685,79688,3,8
79677,79685,79688,3,8
79677,79684,79688,4,7
79677,79684,79688,4,7
79677,79684,79689,5,7
79677,79683,79688,5,6
79677,79684,79688,4,7
79677,79683,79688,5,6
79677,79683,79688,5,6
79677,79683,79688,5,6
79677,79684,79688,4,7
79677,79684,79688,4,7
79677,79683,79688,5,6
79677,79683,79688,5,6
79677,79683,79688,5,6
79677,79683,79688,5,6
79677,79684,79688,4,7
79677,79683,79688,5,6
79677,79684,79688,4,7
79677,79685,79689,4,8
79677,79685,79689,4,8
79677,79684,79689,5,7
79677,79683,79689,6,6
79677,79683,79689,6,6
79677,79685,79689,4,8
79677,79684,79689,5,7
79677,79685,79689,4,8
79677,79685,79690,5,8
79677,79685,79690,5,8
79677,79684,79689,5,7
79677,79684,79689,5,7
79677,79684,79690,6,7
79677,79684,79690,6,7
79677,79684,79690,6,7
79677,79684,79689,5,7
79677,79684,79689,5,7
79677,79684,79689,5,7
79677,79684,79690,6,7
79677,79684,79689,5,7
79677,79684,79689,5,7
79677,79685,79690,5,8
79677,79684,79689,5,7
79677,79685,79690,5,8
79677,79685,79689,4,8
79677,79684,79689,5,7
79677,79684,79689,5,7
79677,79684,79689,5,7
79677,79685,79690,5,8
79677,79685,79690,5,8
79677,79684,79689,5,7
79677,79685,79690,5,8
79677,79684,79690,6,7
79677,79684,79689,5,7
79677,79685,79690,5,8
79677,79685,79690,5,8
79677,79685,79690,5,8
79677,79687,79691,4,10
79677,79685,79690,5,8
79677,79687,79690,3,10
79677,79685,79690,5,8
79677,79685,79690,5,8
79677,79688,79691,3,11
79677,79687,79692,5,10
79677,79687,79691,4,10
79677,79689,79692,3,12
79677,79687,79692,5,10
79677,79687,79691,4,10
79677,79687,79692,5,10
79677,79688,79691,3,11
79677,79687,79692,5,10
79677,79687,79692,5,10
79677,79688,79692,4,11
79677,79689,79693,4,12
79677,79688,79692,4,11
79677,79688,79692,4,11
79677,79688,79692,4,11
79677,79688,79693,5,11
79677,79689,79692,3,12
79692,79692,79693,1,0
79677,79689,79693,4,12
79677,79689,79694,5,12
79677,79689,79694,5,12
79677,79689,79694,5,12
79677,79689,79694,5,12
79677,79689,79693,4,12
79677,79689,79694,5,12
79677,79689,79694,5,12
79677,79689,79693,4,12
79677,79688,79693,5,11
79677,79688,79693,5,11
79677,79688,79693,5,11
79677,79689,79694,5,12
79677,79689,79694,5,12
79677,79689,79694,5,12
79677,79689,79694,5,12
79677,79689,79694,5,12
79692,79692,79694,2,0
79692,79693,79694,1,1
79692,79692,79694,2,0
79692,79692,79694,2,0
79692,79692,79694,2,0
79692,79692,79694,2,0
79692,79692,79694,2,0
79692,79692,79694,2,0
79692,79692,79694,2,0
79677,79689,79694,5,12
79677,79689,79694,5,12
79677,79689,79694,5,12
79677,79689,79694,5,12
79692,79692,79695,3,0
79692,79692,79695,3,0
79692,79693,79695,2,1
79692,79692,79695,3,0
79692,79693,79695,2,1
79692,79692,79695,3,0
79692,79693,79695,2,1
79692,79692,79695,3,0
79692,79693,79695,2,1
79692,79693,79696,3,1
79692,79695,79696,1,3
79692,79695,79697,2,3
79692,79695,79697,2,3
79692,79695,79696,1,3
79692,79695,79696,1,3
79692,79695,79697,2,3
79692,79697,79698,1,5
79692,79697,79698,1,5
79692,79696,79697,1,4
79692,79696,79698,2,4
79692,79695,79697,2,3
79692,79696,79697,1,4
79692,79695,79697,2,3
79692,79696,79697,1,4
79692,79695,79697,2,3
79692,79696,79698,2,4
79692,79696,79697,1,4
79692,79696,79698,2,4
79692,79697,79698,1,5
79692,79696,79698,2,4
79692,79696,79698,2,4
79692,79695,79698,3,3
79692,79697,79699,2,5
79692,79698,79699,1,6
79692,79698,79700,2,6
79692,79697,79699,2,5
79692,79698,79700,2,6
79692,79698,79700,2,6
79692,79698,79700,2,6
79692,79697,79699,2,5
79692,79698,79700,2,6
79692,79698,79699,1,6
79692,79698,79700,2,6
79692,79698,79701,3,6
79692,79698,79700,2,6
79692,79699,79701,2,7
79692,79697,79700,3,5
79692,79699,79701,2,7
79692,79698,79701,3,6
79692,79699,79701,2,7
79692,79699,79701,2,7
79692,79699,79701,2,7
79692,79699,79701,2,7
79692,79700,79701,1,8
79692,79700,79702,2,8
79692,79700,79701,1,8
79692,79700,79701,1,8
79692,79700,79702,2,8
79692,79700,79703,3,8
79692,79700,79702,2,8
79692,79701,79703,2,9
79692,79699,79702,3,7
79692,79700,79702,2,8
79692,79701,79703,2,9
79692,79701,79702,1,9
79692,79702,79703,1,10
79692,79701,79703,2,9
79692,79701,79703,2,9
79692,79701,79704,3,9
79692,79702,79705,3,10
79692,79702,79704,2,10
79692,79702,79704,2,10
79692,79702,79704,2,10
79692,79703,79705,2,11
79692,79702,79705,3,10
79692,79702,79704,2,10
79692,79702,79705,3,10
79692,79703,79706,3,11
79692,79702,79706,4,10
79692,79703,79705,2,11
79692,79703,79705,2,11
79692,79703,79705,2,11
79692,79703,79706,3,11
79692,79703,79706,3,11
79703,79703,79706,3,0
79692,79703,79706,3,11
79692,79704,79706,2,12
79692,79705,79707,2,13
79703,79703,79707,4,0
79692,79705,79707,2,13
79692,79705,79707,2,13
79692,79704,79707,3,12
79692,79704,79707,3,12
79692,79705,79707,2,13
79692,79706,79707,1,14
79692,79706,79708,2,14
79703,79703,79708,5,0
79703,79703,79708,5,0
79703,79703,79708,5,0
79692,79706,79708,2,14
79692,79706,79708,2,14
79703,79703,79708,5,0
79703,79703,79708,5,0
79703,79703,79708,5,0
79692,79704,79707,3,12
79692,79706,79708,2,14
79692,79706,79708,2,14
79692,79705,79707,2,13
79692,79705,79708,3,13
79692,79705,79708,3,13
79692,79706,79708,2,14
79692,79707,79709,2,15
79692,79708,79709,1,16
79703,79703,79708,5,0
79703,79703,79708,5,0
79703,79703,79709,6,0
79703,79703,79708,5,0
79703,79703,79709,6,0
79703,79703,79709,6,0
79703,79703,79708,5,0
79703,79703,79709,6,0
79703,79703,79709,6,0
79703,79703,79709,6,0
79703,79703,79709,6,0
79703,79703,79708,5,0
79703,79703,79709,6,0
79703,79703,79709,6,0
79703,79703,79709,6,0
79703,79703,79709,6,0
79703,79703,79709,6,0
79703,79703,79709,6,0
79703,79703,79709,6,0
79703,79703,79709,6,0
79703,79703,79709,6,0
79703,79703,79709,6,0
79703,79703,79708,5,0
79703,79703,79709,6,0
79703,79703,79708,5,0
79703,79703,79709,6,0
79703,79703,79709,6,0
79703,79703,79709,6,0
79703,79703,79709,6,0
79703,79703,79709,6,0
79703,79703,79709,6,0
79703,79703,79709,6,0
79703,79703,79709,6,0
79703,79703,79709,6,0
79703,79703,79709,6,0
79703,79703,79709,6,0
79692,79706,79709,3,14
79692,79706,79709,3,14
79703,79703,79709,6,0
79703,79703,79709,6,0
79703,79703,79709,6,0
79692,79707,79709,2,15
79692,79707,79709,2,15
79692,79707,79709,2,15
79692,79708,79710,2,16
79703,79703,79709,6,0
79703,79703,79709,6,0
79703,79703,79710,7,0
79703,79703,79710,7,0
79703,79703,79710,7,0
79703,79703,79710,7,0
79703,79703,79710,7,0
79703,79703,79709,6,0
79703,79703,79710,7,0
79703,79703,79710,7,0
79692,79707,79710,3,15
79692,79708,79710,2,16
79692,79708,79710,2,16
79703,79703,79710,7,0
79703,79703,79710,7,0
79703,79703,79709,6,0
79703,79703,79710,7,0
79703,79703,79710,7,0
79703,79708,79710,2,5
79703,79703,79709,6,0
79703,79703,79710,7,0
79703,79703,79710,7,0
79703,79703,79709,6,0
79703,79703,79709,6,0
79703,79703,79710,7,0
79703,79703,79710,7,0
79703,79703,79710,7,0
79703,79703,79710,7,0
79703,79703,79710,7,0
79692,79707,79709,2,15
79692,79708,79710,2,16
79703,79703,79710,7,0
79692,79707,79710,3,15
79692,79708,79710,2,16
79692,79708,79709,1,16
79703,79703,79710,7,0
79703,79703,79710,7,0
79703,79703,79710,7,0
79703,79703,79710,7,0
79703,79703,79710,7,0
79703,79703,79710,7,0
79703,79703,79710,7,0
79692,79708,79711,3,16
79692,79709,79711,2,17
79692,79709,79711,2,17
79692,79708,79711,3,16
79703,79706,79711,5,3
79692,79708,79711,3,16
79692,79709,79711,2,17
79692,79709,79711,2,17
79692,79709,79712,3,17
79692,79709,79711,2,17
79692,79710,79712,2,18
79692,79708,79712,4,16
79692,79712,79713,1,20
79703,79707,79712,5,4
79692,79711,79712,1,19
79703,79709,79712,3,6
79692,79711,79712,1,19
79692,79711,79712,1,19
79692,79710,79713,3,18
79692,79712,79713,1,20
79703,79709,79712,3,6
79692,79712,79713,1,20
79692,79712,79713,1,20
79692,79713,79714,1,21
79703,79708,79713,5,5
79692,79711,79713,2,19
79692,79711,79713,2,19
79692,79711,79713,2,19
79692,79711,79713,2,19
79692,79711,79713,2,19
79692,79712,79714,2,20
79692,79712,79714,2,20
79692,79712,79714,2,20
79692,79712,79714,2,20
79703,79709,79714,5,6
79703,79709,79714,5,6
79703,79709,79714,5,6
79703,79709,79714,5,6
79703,79709,79714,5,6
79703,79708,79714,6,5
79703,79708,79714,6,5
79703,79711,79714,3,8
79703,79708,79714,6,5
79703,79709,79714,5,6
79703,79708,79714,6,5
79692,79713,79714,1,21
79692,79712,79714,2,20
79692,79712,79714,2,20
79692,79714,79715,1,22
79703,79710,79715,5,7
79703,79710,79715,5,7
79703,79710,79715,5,7
79703,79709,79715,6,6
79703,79711,79716,5,8
79703,79711,79715,4,8
79703,79711,79715,4,8
79703,79709,79715,6,6
79703,79709,79715,6,6
79703,79711,79716,5,8
79703,79709,79715,6,6
79703,79709,79715,6,6
79703,79709,79715,6,6
79703,79709,79715,6,6
79703,79709,79715,6,6
79703,79709,79715,6,6
79703,79709,79715,6,6
79703,79709,79715,6,6
79703,79709,79715,6,6
79703,79709,79715,6,6
79703,79709,79715,6,6
79703,79709,79715,6,6
79703,79709,79715,6,6
79703,79709,79715,6,6
79703,79709,79715,6,6
79703,79709,79715,6,6
79703,79709,79715,6,6
79703,79712,79715,3,9
79703,79709,79715,6,6
79703,79709,79715,6,6
79703,79709,79715,6,6
79703,79709,79715,6,6
79703,79709,79715,6,6
79703,79709,79715,6,6
79703,79710,79715,5,7
79703,79710,79715,5,7
79703,79711,79715,4,8
79692,79714,79715,1,22
79692,79714,79715,1,22
79692,79714,79715,1,22
79703,79709,79715,6,6
79703,79709,79715,6,6
79703,79709,79715,6,6
79703,79711,79716,5,8
79692,79713,79715,2,21
79692,79714,79715,1,22
79692,79714,79715,1,22
79692,79713,79715,2,21
79692,79714,79716,2,22
79692,79713,79716,3,21
79692,79715,79717,2,23
79703,79710,79716,6,7
79703,79710,79716,6,7
79703,79710,79716,6,7
79703,79710,79716,6,7
79703,79711,79716,5,8
79703,79711,79716,5,8
79703,79713,79716,3,10
79692,79714,79716,2,22
79692,79714,79716,2,22
79692,79714,79716,2,22
79692,79715,79717,2,23
79703,79711,79716,5,8
79703,79711,79716,5,8
79703,79711,79716,5,8
79703,79711,79716,5,8
79703,79711,79716,5,8
79703,79711,79716,5,8
79703,79711,79716,5,8
79703,79711,79716,5,8
79703,79711,79716,5,8
79703,79711,79716,5,8
79703,79711,79716,5,8
79703,79711,79716,5,8
79703,79711,79716,5,8
79703,79711,79716,5,8
79703,79711,79716,5,8
79703,79711,79716,5,8
79703,79711,79716,5,8
79703,79711,79716,5,8
79692,79715,79716,1,23
79692,79714,79716,2,22
79692,79714,79716,2,22
79692,79715,79716,1,23
79692,79715,79717,2,23
79703,79715,79718,3,12
79703,79713,79718,5,10
79692,79716,79718,2,24
79692,79716,79718,2,24
79692,79716,79718,2,24
79692,79716,79717,1,24
79692,79716,79718,2,24
79692,79716,79718,2,24
79703,79714,79718,4,11
79703,79715,79718,3,12
79703,79714,79719,5,11
79703,79715,79719,4,12
79692,79716,79718,2,24
79692,79716,79718,2,24
79692,79717,79719,2,25
79692,79717,79719,2,25
79692,79717,79718,1,25
79692,79717,79719,2,25
79692,79717,79719,2,25
79692,79717,79719,2,25
79703,79715,79719,4,12
79703,79715,79719,4,12
79703,79715,79719,4,12
79703,79715,79719,4,12
79703,79715,79719,4,12
79703,79716,79719,3,13
79703,79715,79719,4,12
79703,79715,79719,4,12
79692,79716,79719,3,24
79692,79717,79719,2,25
79692,79717,79720,3,25
79703,79715,79720,5,12
79703,79716,79720,4,13
79703,79716,79720,4,13
79703,79716,79720,4,13
79703,79716,79720,4,13
79703,79716,79721,5,13
79703,79716,79720,4,13
79703,79716,79720,4,13
79703,79716,79721,5,13
79703,79716,79721,5,13
79703,79716,79720,4,13
79703,79716,79720,4,13
79703,79716,79720,4,13
79703,79716,79720,4,13
79703,79716,79721,5,13
79703,79716,79720,4,13
79703,79716,79720,4,13
79703,79716,79721,5,13
79703,79716,79721,5,13
79703,79716,79721,5,13
79703,79716,79721,5,13
79703,79716,79721,5,13
79703,79716,79721,5,13
79725,79725,79727,2,0
79725,79725,79727,2,0
79725,79725,79727,2,0
79725,79725,79727,2,0
79725,79725,79727,2,0
79725,79725,79727,2,0
79725,79725,79727,2,0
79725,79725,79727,2,0
79725,79725,79727,2,0
79725,79725,79727,2,0
79725,79725,79727,2,0
79725,79725,79728,3,0
79725,79725,79728,3,0
79725,79725,79728,3,0
79725,79725,79728,3,0
79725,79725,79728,3,0
79725,79725,79728,3,0
79725,79725,79728,3,0
79725,79725,79728,3,0
79725,79725,79728,3,0
79725,79728,79729,1,3
79725,79728,79729,1,3
79725,79728,79729,1,3
79725,79728,79729,1,3
79725,79728,79730,2,3
79725,79729,79731,2,4
79725,79728,79730,2,3
79725,79729,79730,1,4
79725,79729,79731,2,4
79725,79728,79730,2,3
79725,79729,79731,2,4
79725,79728,79730,2,3
79725,79728,79730,2,3
79725,79729,79730,1,4
79725,79729,79731,2,4
79725,79729,79731,2,4
79725,79728,79731,3,3
79725,79730,79731,1,5
79725,79728,79731,3,3
79725,79729,79731,2,4
79725,79729,79731,2,4
79725,79730,79731,1,5
79725,79730,79732,2,5
79725,79730,79733,3,5
79725,79731,79733,2,6
79725,79731,79733,2,6
79725,79731,79733,2,6
79725,79731,79733,2,6
79725,79731,79733,2,6
79725,79731,79733,2,6
79725,79731,79733,2,6
79725,79731,79733,2,6
79725,79731,79733,2,6
79730,79730,79734,4,0
79730,79730,79734,4,0
79730,79730,79734,4,0
79730,79730,79734,4,0
79730,79730,79734,4,0
79725,79731,79734,3,6
79725,79732,79734,2,7
79725,79732,79734,2,7
79725,79732,79734,2,7
79725,79732,79734,2,7
79725,79732,79734,2,7
79725,79732,79734,2,7
79725,79732,79734,2,7
79725,79733,79735,2,8
79730,79730,79735,5,0
79730,79730,79735,5,0
79730,79730,79735,5,0
79730,79730,79735,5,0
79725,79734,79736,2,9
79725,79734,79736,2,9
79725,79734,79736,2,9
79725,79734,79735,1,9
79725,79732,79736,4,7
79725,79734,79736,2,9
79725,79734,79736,2,9
79725,79735,79736,1,10
79725,79734,79736,2,9
79730,79730,79735,5,0
79730,79730,79736,6,0
79730,79730,79736,6,0
79730,79730,79736,6,0
79730,79730,79736,6,0
79730,79730,79736,6,0
79730,79730,79736,6,0
79730,79730,79736,6,0
79730,79730,79736,6,0
79730,79730,79736,6,0
79730,79730,79736,6,0
79730,79730,79736,6,0
79730,79730,79736,6,0
79730,79730,79736,6,0
79730,79730,79736,6,0
79730,79730,79736,6,0
79730,79730,79736,6,0
79730,79730,79736,6,0
79730,79730,79736,6,0
79730,79730,79736,6,0
79730,79730,79736,6,0
79730,79730,79736,6,0
79730,79730,79735,5,0
79730,79730,79736,6,0
79730,79730,79736,6,0
79730,79730,79736,6,0
79730,79730,79736,6,0
79730,79730,79736,6,0
79730,79730,79736,6,0
79730,79730,79736,6,0
79730,79730,79736,6,0
79730,79730,79736,6,0
79730,79730,79736,6,0
79730,79734,79737,3,4
79725,79734,79736,2,9
79725,79734,79737,3,9
79725,79735,79737,2,10
79725,79735,79737,2,10
79725,79735,79736,1,10
79730,79730,79737,7,0
79730,79730,79737,7,0
79730,79730,79737,7,0
79730,79730,79737,7,0
79730,79731,79737,6,1
79730,79730,79737,7,0
79730,79730,79737,7,0
79730,79730,79737,7,0
79730,79731,79737,6,1
79730,79734,79737,3,4
79730,79730,79737,7,0
79730,79730,79737,7,0
79730,79731,79737,6,1
79730,79731,79738,7,1
79730,79730,79737,7,0
79730,79730,79738,8,0
79730,79731,79737,6,1
79730,79734,79738,4,4
79730,79730,79737,7,0
79730,79730,79737,7,0
79730,79730,79737,7,0
79730,79731,79737,6,1
79730,79730,79737,7,0
79730,79730,79737,7,0
79730,79730,79737,7,0
79730,79731,79737,6,1
79730,79730,79737,7,0
79730,79730,79737,7,0
79730,79730,79737,7,0
79730,79731,79737,6,1
79730,79730,79737,7,0
79730,79730,79737,7,0
79730,79731,79737,6,1
79730,79730,79737,7,0
79730,79730,79737,7,0
79730,79730,79737,7,0
79730,79731,79737,6,1
79730,79730,79738,8,0
79730,79730,79737,7,0
79725,79735,79738,3,10
79725,79735,79738,3,10
79725,79735,79738,3,10
79725,79734,79737,3,9
79725,79735,79738,3,10
79725,79736,79738,2,11
79725,79735,79738,3,10
79725,79736,79738,2,11
79725,79736,79738,2,11
79725,79736,79738,2,11
79730,79735,79738,3,5
79730,79730,79738,8,0
79725,79736,79738,2,11
79725,79736,79738,2,11
79725,79736,79738,2,11
79725,79736,79738,2,11
79725,79736,79739,3,11
79730,79735,79739,4,5
79730,79734,79739,5,4
79730,79734,79739,5,4
79725,79737,79739,2,12
79725,79737,79739,2,12
79725,79737,79739,2,12
79725,79738,79740,2,13
79725,79737,79739,2,12
79725,79738,79740,2,13
79725,79738,79740,2,13
79725,79738,79739,1,13
79725,79738,79740,2,13
79730,79735,79740,5,5
79730,79738,79741,3,8
79730,79737,79741,4,7
79730,79735,79741,6,5
79730,79737,79740,3,7
79730,79738,79741,3,8
79730,79737,79740,3,7
79730,79737,79741,4,7
79730,79738,79740,2,8
79725,79738,79741,3,13
79725,79739,79741,2,14
79725,79739,79741,2,14
79725,79737,79740,3,12
79725,79738,79740,2,13
79725,79739,79741,2,14
79725,79738,79740,2,13
79725,79740,79741,1,15
79725,79738,79741,3,13
79725,79740,79741,1,15
79725,79738,79741,3,13
79730,79737,79741,4,7
79730,79737,79741,4,7
79730,79737,79741,4,7
79730,79737,79741,4,7
79730,79737,79741,4,7
79730,79737,79742,5,7
79730,79737,79741,4,7
79730,79737,79741,4,7
79730,79737,79742,5,7
79730,79737,79742,5,7
79730,79738,79741,3,8
79730,79737,79742,5,7
79730,79737,79742,5,7
79730,79738,79741,3,8
79730,79737,79742,5,7
79730,79737,79741,4,7
79725,79740,79742,2,15
79725,79739,79741,2,14
79725,79740,79742,2,15
79725,79740,79742,2,15
79725,79740,79742,2,15
79725,79740,79742,2,15
79725,79739,79742,3,14
79725,79740,79742,2,15
79725,79740,79742,2,15
79730,79737,79742,5,7
79730,79737,79742,5,7
79730,79737,79742,5,7
79730,79737,79742,5,7
79730,79737,79742,5,7
79730,79738,79743,5,8
79730,79737,79742,5,7
79730,79737,79742,5,7
79730,79737,79742,5,7
79730,79737,79742,5,7
79730,79737,79742,5,7
79730,79738,79743,5,8
79730,79737,79742,5,7
79730,79738,79743,5,8
79730,79738,79742,4,8
79730,79738,79743,5,8
79730,79738,79743,5,8
79730,79737,79742,5,7
79730,79737,79742,5,7
79730,79737,79742,5,7
79730,79737,79742,5,7
79730,79738,79743,5,8
79730,79738,79743,5,8
79730,79737,79742,5,7
79730,79738,79743,5,8
79725,79741,79743,2,16
79725,79741,79743,2,16
79725,79741,79742,1,16
79725,79741,79743,2,16
79725,79741,79743,2,16
79725,79741,79743,2,16
79725,79741,79743,2,16
79725,79741,79743,2,16
79725,79741,79743,2,16
79725,79742,79743,1,17
79725,79741,79743,2,16
79725,79742,79743,1,17
79730,79738,79743,5,8
79730,79738,79743,5,8
79730,79738,79744,6,8
79730,79738,79744,6,8
79730,79738,79743,5,8
79730,79738,79743,5,8
79730,79738,79744,6,8
79730,79738,79743,5,8
79730,79738,79743,5,8
79730,79738,79743,5,8
79730,79738,79743,5,8
79730,79738,79743,5,8
79730,79738,79744,6,8
79730,79738,79743,5,8
79730,79738,79743,5,8
79730,79738,79743,5,8
79730,79739,79744,5,9
79730,79738,79744,6,8
79730,79738,79744,6,8
79730,79738,79743,5,8
79730,79738,79743,5,8
79730,79738,79743,5,8
79730,79738,79743,5,8
79730,79738,79743,5,8
79730,79738,79743,5,8
79730,79738,79743,5,8
79730,79739,79744,5,9
79725,79742,79744,2,17
79725,79741,79744,3,16
79725,79742,79744,2,17
79725,79742,79744,2,17
79725,79742,79745,3,17
79725,79742,79744,2,17
79725,79742,79744,2,17
79730,79740,79745,5,10
79730,79740,79745,5,10
79730,79741,79744,3,11
79730,79740,79744,4,10
79725,79742,79745,3,17
79725,79743,79745,2,18
79725,79743,79745,2,18
79725,79743,79745,2,18
79725,79744,79745,1,19
79725,79744,79745,1,19
79730,79741,79745,4,11
79730,79742,79746,4,12
79730,79742,79745,3,12
79730,79741,79745,4,11
79730,79741,79745,4,11
79730,79741,79746,5,11
79730,79741,79746,5,11
79730,79741,79746,5,11
79730,79741,79745,4,11
79730,79741,79745,4,11
79725,79743,79746,3,18
79725,79743,79746,3,18
79725,79743,79746,3,18
79725,79743,79746,3,18
79725,79745,79746,1,20
79725,79744,79746,2,19
79725,79745,79746,1,20
79725,79744,79746,2,19
79725,79744,79746,2,19
79725,79745,79747,2,20
79725,79745,79746,1,20
79725,79745,79746,1,20
79730,79742,79747,5,12
79730,79742,79747,5,12
79730,79743,79747,4,13
79730,79742,79747,5,12
79730,79742,79747,5,12
79730,79742,79746,4,12
79730,79742,79746,4,12
79730,79742,79747,5,12
79730,79742,79747,5,12
79730,79742,79747,5,12
79730,79742,79747,5,12
79730,79742,79747,5,12
79730,79742,79747,5,12
79730,79742,79747,5,12
79730,79742,79746,4,12
79725,79745,79747,2,20
79725,79746,79747,1,21
79725,79745,79747,2,20
79725,79746,79747,1,21
79730,79743,79748,5,13
79730,79743,79748,5,13
79730,79743,79748,5,13
79730,79743,79748,5,13
79730,79743,79747,4,13
79730,79743,79748,5,13
79725,79746,79748,2,21
79725,79746,79748,2,21
79725,79746,79748,2,21
79725,79746,79748,2,21
79725,79747,79748,1,22
79725,79745,79748,3,20
79725,79746,79749,3,21
79725,79747,79749,2,22
79725,79746,79748,2,21
79725,79747,79749,2,22
79725,79747,79749,2,22
79730,79743,79748,5,13
79725,79747,79749,2,22
79725,79747,79749,2,22
79725,79747,79749,2,22
79725,79747,79749,2,22
79725,79748,79749,1,23
79725,79747,79749,2,22
79725,79748,79749,1,23
79725,79748,79749,1,23
79725,79748,79750,2,23
79725,79748,79750,2,23
79725,79749,79751,2,24
79725,79749,79750,1,24
79725,79749,79750,1,24
79725,79749,79751,2,24
79725,79748,79751,3,23
79725,79748,79751,3,23
79725,79749,79751,2,24
79725,79750,79752,2,25
79725,79750,79751,1,25
79725,79750,79751,1,25
79725,79750,79751,1,25
79725,79749,79751,2,24
79725,79749,79752,3,24
79725,79749,79752,3,24
79725,79750,79752,2,25
79725,79750,79752,2,25
79725,79749,79752,3,24
79757,79757,79759,2,0
79757,79758,79760,2,1
79757,79758,79760,2,1
79757,79758,79760,2,1
79757,79758,79760,2,1
79757,79758,79760,2,1
79757,79758,79760,2,1
79757,79758,79760,2,1
79757,79758,79760,2,1
79757,79758,79760,2,1
79757,79758,79760,2,1
79757,79758,79760,2,1
79757,79758,79760,2,1
79757,79758,79760,2,1
79757,79757,79760,3,0
79757,79757,79760,3,0
79757,79757,79760,3,0
79757,79757,79761,4,0
79757,79757,79761,4,0
79757,79757,79760,3,0
79757,79757,79760,3,0
79757,79757,79760,3,0
79757,79757,79761,4,0
79757,79758,79761,3,1
79757,79758,79761,3,1
79757,79758,79761,3,1
79757,79758,79761,3,1
79757,79758,79761,3,1
79757,79758,79761,3,1
79757,79757,79762,5,0
79757,79757,79762,5,0
79757,79757,79762,5,0
79757,79757,79762,5,0
79757,79757,79762,5,0
79757,79757,79761,4,0
79757,79757,79761,4,0
79757,79757,79761,4,0
79757,79757,79762,5,0
79757,79757,79761,4,0
79757,79757,79762,5,0
79757,79757,79761,4,0
79757,79757,79761,4,0
79757,79757,79761,4,0
79757,79757,79761,4,0
79757,79757,79761,4,0
79757,79757,79761,4,0
79757,79758,79763,5,1
79757,79761,79762,1,4
79757,79761,79762,1,4
79757,79761,79762,1,4
79757,79761,79762,1,4
79757,79757,79762,5,0
79757,79757,79762,5,0
79757,79757,79762,5,0
79757,79757,79763,6,0
79757,79757,79762,5,0
79757,79757,79763,6,0
79757,79757,79763,6,0
79757,79757,79762,5,0
79757,79757,79763,6,0
79757,79757,79763,6,0
79757,79757,79763,6,0
79757,79757,79762,5,0
79757,79757,79762,5,0
79757,79757,79763,6,0
79757,79757,79762,5,0
79757,79757,79762,5,0
79757,79757,79763,6,0
79757,79757,79762,5,0
79757,79757,79762,5,0
79757,79757,79763,6,0
79757,79757,79762,5,0
79757,79757,79762,5,0
79757,79757,79762,5,0
79757,79757,79763,6,0
79757,79757,79762,5,0
79757,79757,79762,5,0
79757,79757,79763,6,0
79757,79757,79762,5,0
79757,79757,79763,6,0
79757,79757,79762,5,0
79757,79757,79763,6,0
79757,79757,79763,6,0
79757,79757,79762,5,0
79757,79757,79763,6,0
79757,79761,79764,3,4
79757,79762,79763,1,5
79757,79762,79763,1,5
79757,79761,79764,3,4
79757,79761,79763,2,4
79757,79761,79763,2,4
79757,79761,79764,3,4
79757,79762,79764,2,5
79757,79757,79763,6,0
79757,79757,79763,6,0
79757,79761,79764,3,4
79757,79757,79763,6,0
79757,79757,79763,6,0
79757,79757,79763,6,0
79757,79757,79764,7,0
79757,79757,79764,7,0
79757,79757,79764,7,0
79757,79757,79763,6,0
79757,79757,79764,7,0
79757,79757,79764,7,0
79757,79757,79763,6,0
79757,79761,79764,3,4
79757,79757,79764,7,0
79757,79757,79763,6,0
79757,79757,79763,6,0
79757,79757,79764,7,0
79757,79761,79764,3,4
79757,79757,79763,6,0
79757,79757,79763,6,0
79757,79757,79763,6,0
79757,79762,79764,2,5
79757,79761,79764,3,4
79757,79761,79764,3,4
79757,79762,79765,3,5
79757,79763,79765,2,6
79757,79761,79764,3,4
79757,79762,79764,2,5
79757,79761,79764,3,4
79757,79763,79764,1,6
79757,79761,79764,3,4
79757,79760,79765,5,3
79757,79764,79766,2,7
79757,79764,79765,1,7
79757,79763,79766,3,6
79757,79763,79765,2,6
79757,79763,79766,3,6
79757,79761,79766,5,4
79757,79761,79765,4,4
79757,79761,79766,5,4
79757,79761,79766,5,4
79757,79762,79766,4,5
79757,79761,79766,5,4
79757,79764,79766,2,7
79757,79764,79766,2,7
79757,79764,79767,3,7
79757,79765,79766,1,8
79757,79765,79767,2,8
79757,79765,79767,2,8
79757,79764,79766,2,7
79757,79765,79767,2,8
79757,79764,79766,2,7
79757,79765,79767,2,8
79757,79762,79767,5,5
79757,79762,79767,5,5
79757,79762,79766,4,5
79757,79762,79766,4,5
79757,79764,79767,3,7
79757,79764,79767,3,7
79757,79762,79767,5,5
79757,79762,79767,5,5
79757,79762,79766,4,5
79757,79762,79766,4,5
79757,79762,79767,5,5
79757,79762,79767,5,5
79757,79762,79767,5,5
79757,79762,79767,5,5
79757,79763,79767,4,6
79757,79763,79767,4,6
79757,79764,79767,3,7
79757,79762,79767,5,5
79757,79762,79767,5,5
79757,79762,79767,5,5
79757,79764,79767,3,7
79757,79765,79767,2,8
79757,79765,79767,2,8
79757,79766,79768,2,9
79757,79766,79768,2,9
79757,79766,79768,2,9
79757,79765,79767,2,8
79757,79765,79768,3,8
79757,79763,79768,5,6
79757,79763,79768,5,6
79757,79763,79768,5,6
79757,79763,79768,5,6
79757,79763,79767,4,6
79757,79763,79768,5,6
79757,79763,79768,5,6
79757,79764,79767,3,7
79757,79763,79768,5,6
79757,79763,79768,5,6
79757,79763,79768,5,6
79757,79763,79768,5,6
79757,79764,79768,4,7
79757,79764,79768,4,7
79757,79762,79767,5,5
79757,79763,79768,5,6
79757,79763,79768,5,6
79757,79763,79768,5,6
79757,79764,79768,4,7
79757,79768,79769,1,11
79757,79766,79768,2,9
79757,79767,79769,2,10
79757,79763,79768,5,6
79757,79764,79769,5,7
79757,79764,79769,5,7
79757,79763,79768,5,6
79757,79763,79768,5,6
79757,79764,79769,5,7
79757,79763,79769,6,6
79757,79763,79769,6,6
79757,79763,79769,6,6
79757,79764,79769,5,7
79757,79764,79769,5,7
79757,79763,79769,6,6
79757,79764,79769,5,7
79757,79764,79769,5,7
79757,79764,79769,5,7
79757,79763,79768,5,6
79757,79763,79768,5,6
79757,79763,79769,6,6
79757,79763,79768,5,6
79757,79763,79769,6,6
79757,79763,79769,6,6
79757,79763,79769,6,6
79757,79763,79769,6,6
79757,79763,79769,6,6
79757,79763,79769,6,6
79757,79763,79769,6,6
79757,79767,79769,2,10
79757,79767,79769,2,10
79757,79768,79769,1,11
79757,79767,79769,2,10
79757,79768,79770,2,11
79757,79767,79770,3,10
79757,79767,79769,2,10
79757,79767,79770,3,10
79757,79766,79769,3,9
79757,79767,79770,3,10
79757,79767,79770,3,10
79757,79767,79770,3,10
79757,79764,79769,5,7
79757,79767,79770,3,10
79757,79764,79769,5,7
79757,79764,79770,6,7
79757,79764,79769,5,7
79757,79764,79770,6,7
79757,79764,79769,5,7
79757,79764,79770,6,7
79757,79765,79770,5,8
79757,79765,79770,5,8
79757,79769,79770,1,12
79757,79768,79770,2,11
79757,79768,79771,3,11
79757,79768,79771,3,11
79757,79768,79771,3,11
79757,79768,79770,2,11
79757,79769,79771,2,12
79757,79769,79771,2,12
79757,79767,79771,4,10
79757,79767,79770,3,10
79757,79766,79771,5,9
79757,79766,79771,5,9
79757,79766,79771,5,9
79757,79766,79771,5,9
79757,79766,79771,5,9
79757,79766,79771,5,9
79757,79770,79771,1,13
79757,79770,79772,2,13
79757,79770,79772,2,13
79757,79770,79772,2,13
79757,79767,79772,5,10
79757,79767,79772,5,10
79757,79767,79772,5,10
79757,79767,79772,5,10
79757,79767,79772,5,10
79757,79767,79772,5,10
79757,79767,79772,5,10
79757,79767,79772,5,10
79757,79767,79772,5,10
79757,79767,79772,5,10
79757,79767,79772,5,10
79757,79767,79772,5,10
79757,79767,79771,4,10
79757,79767,79772,5,10
79757,79770,79772,2,13
79757,79770,79772,2,13
79757,79770,79772,2,13
79757,79770,79773,3,13
79757,79771,79773,2,14
79757,79770,79773,3,13
79757,79770,79773,3,13
79757,79770,79772,2,13
79757,79771,79773,2,14
79757,79771,79773,2,14
79757,79771,79773,2,14
79757,79768,79773,5,11
79757,79768,79773,5,11
79757,79768,79773,5,11
79757,79768,79773,5,11
79757,79768,79772,4,11
79757,79768,79773,5,11
79757,79768,79773,5,11
79757,79767,79772,5,10
79757,79767,79773,6,10
79757,79767,79772,5,10
79757,79771,79774,3,14
79757,79772,79774,2,15
79757,79771,79774,3,14
79757,79770,79774,4,13
79757,79771,79773,2,14
79757,79772,79774,2,15
79757,79772,79774,2,15
79757,79771,79774,3,14
79757,79768,79773,5,11
79757,79768,79773,5,11
79757,79773,79775,2,16
79757,79773,79775,2,16
79757,79773,79775,2,16
79757,79773,79775,2,16
79757,79774,79775,1,17
79757,79772,79775,3,15
79757,79773,79775,2,16
79757,79773,79775,2,16
79757,79773,79776,3,16
79757,79773,79776,3,16
79757,79774,79776,2,17
79757,79774,79776,2,17
79757,79773,79775,2,16
79757,79774,79776,2,17
79757,79774,79776,2,17
79757,79773,79775,2,16
79757,79773,79775,2,16
79757,79774,79776,2,17
79757,79774,79777,3,17
79757,79775,79777,2,18
79757,79774,79776,2,17
79757,79775,79777,2,18
79757,79775,79777,2,18
79757,79775,79777,2,18
79757,79775,79777,2,18
79757,79776,79778,2,19
79757,79775,79778,3,18
79757,79775,79778,3,18
79757,79776,79778,2,19
79757,79776,79778,2,19
79757,79775,79778,3,18
79757,79776,79779,3,19
79757,79777,79779,2,20
79757,79777,79779,2,20
79757,79776,79779,3,19
79757,79777,79779,2,20
79757,79776,79779,3,19
79757,79776,79779,3,19
79757,79777,79779,2,20
79757,79776,79779,3,19
79757,79776,79780,4,19
79757,79776,79779,3,19
79757,79778,79780,2,21
79757,79778,79780,2,21
79757,79778,79780,2,21
79757,79778,79780,2,21
79757,79778,79780,2,21
79757,79778,79780,2,21
79757,79778,79780,2,21
79757,79778,79781,3,21
79757,79779,79781,2,22
79757,79779,79781,2,22
79757,79778,79781,3,21
79757,79780,79781,1,23
79757,79780,79781,1,23
79757,79779,79781,2,22
79757,79779,79782,3,22
79757,79779,79782,3,22
79757,79781,79782,1,24
79757,79782,79783,1,25
79757,79780,79782,2,23
79757,79780,79782,2,23
79757,79780,79783,3,23
79757,79780,79783,3,23
79757,79780,79783,3,23
79757,79780,79783,3,23
79757,79782,79783,1,25
79757,79782,79783,1,25
79757,79781,79783,2,24
79757,79781,79783,2,24
79757,79781,79783,2,24
79757,79780,79784,4,23
79757,79782,79784,2,25
79757,79782,79785,3,25
79757,79782,79785,3,25
79757,79783,79785,2,26
79757,79783,79785,2,26
79757,79784,79786,2,27
79757,79782,79785,3,25
79757,79783,79786,3,26
79757,79783,79785,2,26
79757,79783,79785,2,26
79757,79783,79786,3,26
79782,79782,79786,4,0
79757,79783,79786,3,26
79757,79784,79786,2,27
79782,79782,79787,5,0
79782,79782,79787,5,0
79782,79782,79787,5,0
79782,79782,79787,5,0
79782,79782,79787,5,0
79782,79782,79787,5,0
79782,79782,79787,5,0
79782,79782,79787,5,0
79757,79783,79787,4,26
79757,79783,79787,4,26
79782,79782,79787,5,0
79782,79782,79787,5,0
79782,79782,79787,5,0
79782,79782,79787,5,0
79782,79782,79787,5,0
79757,79784,79787,3,27
79757,79784,79787,3,27
79757,79784,79787,3,27
79782,79782,79787,5,0
79782,79782,79788,6,0
79782,79782,79788,6,0
79782,79782,79788,6,0
79782,79782,79788,6,0
79782,79782,79788,6,0
79782,79782,79788,6,0
79782,79782,79788,6,0
79782,79782,79788,6,0
79782,79782,79788,6,0
79782,79782,79788,6,0
79782,79782,79788,6,0
79782,79782,79788,6,0
79782,79782,79788,6,0
79782,79782,79788,6,0
79782,79782,79788,6,0
79782,79782,79788,6,0
79782,79783,79788,5,1
79782,79782,79788,6,0
79782,79782,79788,6,0
79782,79782,79788,6,0
79782,79782,79788,6,0
79782,79782,79788,6,0
79782,79782,79788,6,0
79782,79782,79788,6,0
79782,79782,79788,6,0
79782,79782,79788,6,0
79782,79782,79788,6,0
79782,79782,79788,6,0
79782,79782,79788,6,0
79782,79782,79788,6,0
79782,79783,79789,6,1
79782,79782,79788,6,0
79782,79782,79788,6,0
79782,79782,79789,7,0
79782,79782,79789,7,0
79782,79782,79789,7,0
79782,79782,79789,7,0
79782,79782,79789,7,0
79782,79783,79789,6,1
79782,79782,79789,7,0
79782,79782,79789,7,0
79782,79782,79789,7,0
79782,79782,79789,7,0
79782,79783,79789,6,1
79782,79782,79789,7,0
79782,79782,79789,7,0
79782,79782,79789,7,0
79782,79783,79789,6,1
79782,79782,79789,7,0
79782,79782,79790,8,0
79782,79782,79789,7,0
79782,79783,79789,6,1
79782,79782,79789,7,0
79782,79782,79789,7,0
79782,79782,79789,7,0
79782,79783,79789,6,1
79782,79782,79789,7,0
79782,79783,79789,6,1
79782,79783,79789,6,1
79782,79782,79789,7,0
79782,79782,79789,7,0
79782,79783,79789,6,1
79782,79782,79789,7,0
79782,79782,79789,7,0
79782,79782,79789,7,0
79782,79789,79792,3,7
79782,79788,79792,4,6
79782,79786,79791,5,4
79782,79788,79792,4,6
79782,79788,79793,5,6
79782,79788,79792,4,6
79782,79788,79793,5,6
79782,79789,79792,3,7
79782,79788,79793,5,6
79782,79789,79792,3,7
79782,79788,79792,4,6
79782,79789,79792,3,7
79782,79788,79793,5,6
79782,79789,79793,4,7
79782,79788,79792,4,6
79782,79788,79793,5,6
79782,79790,79792,2,8
79782,79789,79793,4,7
79782,79789,79794,5,7
79782,79789,79794,5,7
79782,79789,79793,4,7
79782,79788,79793,5,6
79782,79789,79794,5,7
79782,79789,79793,4,7
79782,79789,79794,5,7
79782,79789,79794,5,7
79782,79788,79793,5,6
79782,79788,79793,5,6
79782,79789,79794,5,7
79782,79789,79794,5,7
79782,79789,79793,4,7
79782,79792,79794,2,10
79782,79789,79793,4,7
79782,79789,79794,5,7
79782,79789,79794,5,7
79782,79789,79794,5,7
79782,79790,79794,4,8
79782,79790,79794,4,8
79782,79789,79794,5,7
79782,79789,79794,5,7
79782,79790,79795,5,8
79782,79790,79794,4,8
79782,79789,79794,5,7
79782,79789,79794,5,7
79782,79789,79794,5,7
79782,79790,79795,5,8
79782,79792,79795,3,10
79782,79789,79794,5,7
79782,79790,79795,5,8
79782,79790,79795,5,8
79782,79790,79795,5,8
79782,79792,79795,3,10
79782,79789,79794,5,7
79782,79789,79794,5,7
79782,79790,79795,5,8
79782,79789,79794,5,7
79782,79789,79795,6,7
79782,79789,79795,6,7
79782,79789,79794,5,7
79782,79789,79794,5,7
79782,79789,79794,5,7
79782,79789,79794,5,7
79782,79790,79795,5,8
79782,79790,79795,5,8
79782,79790,79795,5,8
79782,79790,79795,5,8
79782,79790,79796,6,8
79782,79790,79795,5,8
79782,79790,79795,5,8
79782,79790,79795,5,8
79782,79790,79795,5,8
79782,79790,79795,5,8
79782,79790,79795,5,8
79782,79790,79795,5,8
79782,79790,79796,6,8
79782,79790,79795,5,8
79782,79793,79795,2,11
79782,79790,79795,5,8
79782,79790,79795,5,8
79782,79790,79795,5,8
79782,79790,79795,5,8
79782,79790,79795,5,8
79782,79790,79796,6,8
79782,79790,79795,5,8
79794,79794,79795,1,0
79794,79794,79796,2,0
79794,79794,79796,2,0
79794,79794,79796,2,0
79794,79794,79796,2,0
79794,79794,79796,2,0
79794,79794,79796,2,0
79782,79793,79797,4,11
79782,79792,79796,4,10
79782,79793,79797,4,11
79782,79793,79797,4,11
79794,79794,79796,2,0
79794,79794,79797,3,0
79794,79794,79797,3,0
79794,79794,79797,3,0
79794,79794,79796,2,0
79794,79794,79796,2,0
79794,79794,79797,3,0
79794,79794,79797,3,0
79794,79794,79797,3,0
79794,79794,79796,2,0
79794,79794,79797,3,0
79794,79794,79797,3,0
79794,79796,79797,1,2
79794,79794,79797,3,0
79782,79794,79797,3,12
79782,79794,79797,3,12
79782,79794,79797,3,12
79782,79794,79797,3,12
79782,79793,79797,4,11
79782,79793,79797,4,11
79782,79793,79797,4,11
79782,79793,79798,5,11
79782,79793,79797,4,11
79782,79793,79798,5,11
79782,79793,79798,5,11
79782,79793,79797,4,11
79782,79794,79798,4,12
79794,79797,79798,1,3
79794,79796,79798,2,2
79794,79796,79798,2,2
79782,79795,79799,4,13
79782,79794,79798,4,12
79782,79794,79799,5,12
79782,79794,79799,5,12
79782,79794,79799,5,12
79782,79794,79798,4,12
79782,79794,79799,5,12
79782,79794,79799,5,12
79782,79794,79799,5,12
79782,79794,79799,5,12
79782,79793,79798,5,11
79782,79794,79799,5,12
79794,79797,79799,2,3
79794,79796,79798,2,2
79794,79797,79799,2,3
79794,79797,79799,2,3
79794,79796,79799,3,2
79794,79797,79799,2,3
79794,79797,79799,2,3
79794,79796,79799,3,2
79794,79797,79799,2,3
79794,79797,79799,2,3
79794,79796,79799,3,2
79782,79795,79800,5,13
79782,79795,79800,5,13
79782,79795,79800,5,13
79782,79795,79800,5,13
79782,79795,79800,5,13
79782,79794,79799,5,12
79794,79797,79800,3,3
79794,79797,79800,3,3
79794,79798,79800,2,4
79794,79797,79800,3,3
79794,79797,79800,3,3
79794,79797,79800,3,3
79794,79800,79801,1,6
79782,79795,79800,5,13
79794,79797,79801,4,3
79794,79799,79801,2,5
79794,79800,79801,1,6
79794,79798,79801,3,4
79794,79800,79801,1,6
79794,79800,79801,1,6
79794,79798,79801,3,4
79794,79800,79801,1,6
79794,79800,79801,1,6
79794,79800,79802,2,6
79794,79800,79802,2,6
79794,79801,79802,1,7
79794,79801,79802,1,7
79794,79801,79802,1,7
79794,79800,79802,2,6
79794,79801,79802,1,7
79794,79803,79804,1,9
79794,79802,79803,1,8
79794,79802,79803,1,8
79794,79801,79803,2,7
79794,79801,79803,2,7
79794,79802,79803,1,8
79794,79800,79803,3,6
79794,79802,79804,2,8
79794,79802,79803,1,8
79794,79801,79803,2,7
79794,79802,79803,1,8
79794,79802,79804,2,8
79794,79804,79805,1,10
79794,79802,79804,2,8
79794,79802,79804,2,8
79794,79803,79805,2,9
79794,79803,79805,2,9
79794,79804,79805,1,10
79794,79803,79805,2,9
79794,79803,79805,2,9
79794,79804,79806,2,10
79794,79804,79805,1,10
79794,79804,79805,1,10
79794,79803,79806,3,9
79794,79804,79806,2,10
79794,79804,79807,3,10
79794,79804,79806,2,10
79794,79804,79806,2,10
79794,79805,79806,1,11
79794,79806,79807,1,12
79794,79804,79806,2,10
79794,79805,79806,1,11
79794,79804,79806,2,10
79794,79805,79806,1,11
79794,79805,79807,2,11
79794,79806,79807,1,12
79794,79806,79808,2,12
79794,79806,79807,1,12
79794,79806,79808,2,12
79794,79804,79807,3,10
79794,79806,79808,2,12
79794,79806,79808,2,12
79794,79807,79808,1,13
79794,79807,79809,2,13
79794,79807,79808,1,13
79794,79807,79808,1,13
79794,79807,79808,1,13
79794,79807,79809,2,13
79794,79806,79809,3,12
79794,79807,79809,2,13
79794,79808,79809,1,14
79794,79808,79810,2,14
79794,79807,79810,3,13
79794,79807,79809,2,13
79794,79808,79810,2,14
79794,79807,79810,3,13
79794,79807,79809,2,13
79794,79808,79810,2,14
79794,79808,79811,3,14
79794,79808,79810,2,14
79794,79809,79811,2,15
79809,79809,79812,3,0
79809,79809,79812,3,0
79809,79809,79812,3,0
79794,79809,79811,2,15
79794,79809,79811,2,15
79794,79809,79811,2,15
79794,79809,79811,2,15
79794,79809,79811,2,15
79794,79809,79811,2,15
79794,79810,79812,2,16
79794,79809,79812,3,15
79794,79809,79811,2,15
79794,79809,79812,3,15
79794,79810,79812,2,16
79809,79809,79812,3,0
79809,79809,79813,4,0
79809,79809,79812,3,0
79809,79809,79813,4,0
79809,79809,79813,4,0
79809,79809,79813,4,0
79794,79810,79813,3,16
79794,79810,79812,2,16
79794,79810,79813,3,16
79794,79810,79812,2,16
79794,79810,79813,3,16
79794,79811,79813,2,17
79809,79809,79814,5,0
79809,79809,79814,5,0
79809,79809,79814,5,0
79809,79809,79814,5,0
79809,79809,79814,5,0
79809,79809,79814,5,0
79809,79809,79814,5,0
79809,79809,79813,4,0
79809,79809,79813,4,0
79809,79809,79814,5,0
79809,79809,79814,5,0
79809,79809,79814,5,0
79809,79809,79814,5,0
79809,79809,79813,4,0
79794,79810,79814,4,16
79794,79812,79814,2,18
79794,79812,79814,2,18
79794,79811,79814,3,17
79794,79812,79814,2,18
79794,79812,79814,2,18
79794,79812,79814,2,18
79794,79812,79814,2,18
79809,79809,79814,5,0
79809,79809,79815,6,0
79809,79809,79815,6,0
79809,79809,79814,5,0
79809,79809,79814,5,0
79809,79809,79814,5,0
79809,79809,79815,6,0
79809,79809,79815,6,0
79809,79809,79815,6,0
79809,79809,79815,6,0
79809,79809,79815,6,0
79809,79809,79815,6,0
79809,79809,79815,6,0
79809,79809,79814,5,0
79809,79809,79815,6,0
79809,79809,79815,6,0
79809,79809,79815,6,0
79809,79809,79815,6,0
79809,79809,79814,5,0
79809,79809,79815,6,0
79809,79809,79815,6,0
79809,79809,79815,6,0
79809,79809,79815,6,0
79809,79809,79814,5,0
79809,79809,79814,5,0
79809,79809,79814,5,0
79809,79809,79815,6,0
79809,79809,79815,6,0
79809,79809,79814,5,0
79809,79809,79815,6,0
79809,79809,79815,6,0
79809,79809,79815,6,0
79809,79809,79814,5,0
79809,79809,79814,5,0
79809,79809,79815,6,0
79809,79809,79815,6,0
79794,79812,79814,2,18
79794,79812,79815,3,18
79794,79813,79815,2,19
79794,79813,79815,2,19
79794,79813,79815,2,19
79794,79811,79814,3,17
79794,79812,79815,3,18
79794,79812,79815,3,18
79794,79813,79815,2,19
79794,79812,79815,3,18
79809,79809,79815,6,0
79809,79809,79815,6,0
79809,79809,79815,6,0
79809,79809,79815,6,0
79809,79809,79816,7,0
79809,79809,79816,7,0
79809,79809,79816,7,0
79809,79809,79816,7,0
79809,79809,79815,6,0
79809,79809,79816,7,0
79809,79809,79815,6,0
79809,79809,79815,6,0
79809,79809,79816,7,0
79809,79814,79816,2,5
79794,79814,79816,2,20
79794,79814,79816,2,20
79794,79814,79816,2,20
79809,79809,79816,7,0
79809,79809,79816,7,0
79809,79809,79816,7,0
79809,79814,79816,2,5
79809,79814,79816,2,5
79809,79809,79815,6,0
79809,79813,79816,3,4
79809,79809,79816,7,0
79809,79809,79815,6,0
79809,79812,79816,4,3
79809,79809,79815,6,0
79809,79812,79816,4,3
79809,79809,79815,6,0
79809,79814,79815,1,5
79794,79813,79816,3,19
79794,79813,79815,2,19
79794,79814,79816,2,20
79809,79814,79817,3,5
79794,79815,79817,2,21
79794,79815,79817,2,21
79794,79815,79817,2,21
79794,79814,79817,3,20
79794,79814,79817,3,20
79794,79814,79817,3,20
79794,79815,79817,2,21
79809,79814,79817,3,5
79809,79812,79817,5,3
79809,79814,79817,3,5
79794,79815,79817,2,21
79809,79814,79817,3,5
79809,79815,79818,3,6
79809,79813,79818,5,4
79809,79813,79818,5,4
79809,79815,79818,3,6
79809,79813,79818,5,4
79809,79815,79818,3,6
79809,79815,79818,3,6
79794,79815,79818,3,21
79794,79816,79818,2,22
79794,79816,79818,2,22
79794,79814,79818,4,20
79794,79815,79818,3,21
79794,79815,79818,3,21
79794,79815,79818,3,21
79794,79815,79818,3,21
79809,79813,79818,5,4
79809,79813,79818,5,4
79809,79815,79818,3,6
79794,79817,79818,1,23
79794,79817,79818,1,23
79794,79817,79818,1,23
79809,79814,79819,5,5
79809,79814,79819,5,5
79809,79814,79819,5,5
79794,79816,79819,3,22
79794,79818,79819,1,24
79794,79818,79819,1,24
79794,79818,79819,1,24
79809,79815,79820,5,6
79809,79815,79820,5,6
79809,79815,79820,5,6
79809,79816,79820,4,7
79809,79815,79820,5,6
79809,79815,79820,5,6
79809,79816,79820,4,7
79809,79814,79820,6,5
79809,79814,79820,6,5
79809,79815,79820,5,6
79809,79815,79820,5,6
79809,79815,79819,4,6
79809,79814,79820,6,5
79809,79815,79820,5,6
79809,79815,79820,5,6
79809,79815,79820,5,6
79809,79815,79821,6,6
79809,79815,79820,5,6
79809,79815,79821,6,6
79809,79817,79820,3,8
79809,79817,79820,3,8
79809,79817,79820,3,8
79794,79818,79820,2,24
79794,79818,79821,3,24
79794,79818,79820,2,24
79794,79819,79821,2,25
79794,79818,79820,2,24
79794,79819,79820,1,25
79794,79818,79820,2,24
79794,79819,79821,2,25
79794,79819,79821,2,25
79809,79815,79820,5,6
79809,79816,79821,5,7
79809,79816,79821,5,7
79809,79816,79821,5,7
79809,79816,79820,4,7
79809,79815,79820,5,6
79809,79816,79821,5,7
79809,79815,79821,6,6
79809,79815,79821,6,6
79809,79816,79821,5,7
79809,79816,79821,5,7
79809,79815,79821,6,6
79809,79815,79821,6,6
79809,79816,79822,6,7
79809,79815,79821,6,6
79809,79816,79821,5,7
79809,79816,79821,5,7
79809,79816,79821,5,7
79809,79816,79821,5,7
79809,79815,79821,6,6
79809,79815,79821,6,6
79809,79815,79821,6,6
79809,79816,79822,6,7
79809,79816,79821,5,7
79809,79815,79821,6,6
79809,79815,79821,6,6
79809,79815,79821,6,6
79809,79817,79821,4,8
79809,79816,79821,5,7
79809,79818,79821,3,9
79809,79815,79821,6,6
79809,79815,79821,6,6
79809,79815,79821,6,6
79809,79815,79821,6,6
79794,79819,79821,2,25
79794,79819,79821,2,25
79794,79819,79822,3,25
79794,79819,79822,3,25
79794,79819,79822,3,25
79809,79816,79822,6,7
79809,79817,79822,5,8
79809,79818,79822,4,9
79809,79816,79822,6,7
79809,79816,79822,6,7
79809,79819,79822,3,10
79809,79817,79822,5,8
79809,79818,79822,4,9
79794,79819,79822,3,25
79794,79819,79822,3,25
79809,79817,79822,5,8
79809,79819,79822,3,10
79809,79816,79822,6,7
79809,79817,79822,5,8
79809,79818,79822,4,9
79809,79818,79823,5,9
79809,79820,79824,4,11
79809,79818,79823,5,9
79809,79819,79823,4,10
79809,79819,79823,4,10
79809,79819,79824,5,10
79809,79819,79824,5,10
79809,79819,79823,4,10
79809,79820,79825,5,11
79809,79820,79824,4,11
79809,79820,79824,4,11
79809,79820,79824,4,11
79809,79820,79824,4,11
79809,79819,79824,5,10
79809,79820,79824,4,11
79809,79820,79824,4,11
79809,79820,79825,5,11
79809,79820,79825,5,11
79809,79821,79825,4,12
79809,79821,79825,4,12
79809,79821,79825,4,12
79809,79821,79825,4,12
79809,79821,79825,4,12
79809,79821,79826,5,12
79809,79821,79826,5,12
79809,79821,79826,5,12
79828,79829,79830,1,1
79828,79828,79830,2,0
79828,79829,79830,1,1
79828,79828,79830,2,0
79828,79829,79830,1,1
79828,79828,79830,2,0
79828,79829,79830,1,1
79828,79829,79830,1,1
79828,79828,79830,2,0
79828,79829,79830,1,1
79828,79829,79831,2,1
79828,79828,79831,3,0
79828,79829,79831,2,1
79828,79829,79832,3,1
79828,79828,79831,3,0
79828,79829,79831,2,1
79828,79828,79831,3,0
79828,79829,79831,2,1
79828,79829,79831,2,1
79828,79829,79831,2,1
79828,79831,79833,2,3
79828,79831,79833,2,3
79828,79831,79833,2,3
79828,79831,79833,2,3
79828,79832,79834,2,4
79828,79832,79833,1,4
79828,79832,79833,1,4
79828,79831,79834,3,3
79828,79831,79833,2,3
79828,79831,79833,2,3
79828,79831,79833,2,3
79828,79831,79833,2,3
79828,79832,79834,2,4
79828,79831,79833,2,3
79828,79832,79833,1,4
79828,79831,79833,2,3
79828,79832,79833,1,4
79828,79832,79834,2,4
79828,79832,79834,2,4
79828,79832,79834,2,4
79828,79833,79835,2,5
79828,79833,79834,1,5
79828,79833,79835,2,5
79828,79834,79835,1,6
79828,79834,79837,3,6
79828,79834,79836,2,6
79828,79834,79836,2,6
79828,79834,79836,2,6
79828,79834,79836,2,6
79828,79834,79836,2,6
79828,79834,79837,3,6
79828,79834,79836,2,6
79828,79834,79837,3,6
79834,79835,79837,2,1
79834,79835,79837,2,1
79828,79834,79837,3,6
79828,79834,79838,4,6
79828,79835,79837,2,7
79828,79834,79838,4,6
79828,79835,79837,2,7
79828,79836,79838,2,8
79828,79835,79837,2,7
79828,79835,79837,2,7
79834,79835,79839,4,1
79834,79835,79838,3,1
79834,79835,79839,4,1
79834,79835,79838,3,1
79834,79835,79838,3,1
79834,79835,79838,3,1
79834,79835,79838,3,1
79828,79835,79838,3,7
79828,79837,79839,2,9
79828,79837,79839,2,9
79828,79834,79838,4,6
79828,79837,79839,2,9
79828,79836,79838,2,8
79834,79835,79840,5,1
79834,79835,79839,4,1
79834,79835,79839,4,1
79834,79835,79839,4,1
79834,79835,79839,4,1
79834,79835,79839,4,1
79834,79835,79839,4,1
79834,79835,79839,4,1
79834,79835,79839,4,1
79834,79835,79840,5,1
79834,79835,79839,4,1
79834,79835,79839,4,1
79834,79835,79839,4,1
79834,79835,79840,5,1
79834,79835,79839,4,1
79834,79835,79839,4,1
79834,79835,79839,4,1
79834,79835,79839,4,1
79834,79835,79839,4,1
79828,79837,79839,2,9
79828,79837,79840,3,9
79828,79837,79839,2,9
79828,79838,79840,2,10
79828,79837,79840,3,9
79828,79838,79839,1,10
79828,79837,79839,2,9
79828,79838,79840,2,10
79828,79837,79840,3,9
79828,79838,79840,2,10
79834,79835,79840,5,1
79834,79835,79840,5,1
79834,79835,79840,5,1
79834,79835,79840,5,1
79834,79835,79840,5,1
79834,79835,79840,5,1
79834,79835,79840,5,1
79834,79835,79841,6,1
79834,79835,79840,5,1
79834,79835,79840,5,1
79834,79835,79840,5,1
79834,79835,79840,5,1
79834,79835,79840,5,1
79834,79835,79840,5,1
79834,79835,79841,6,1
79834,79835,79841,6,1
79834,79835,79840,5,1
79834,79835,79840,5,1
79834,79835,79840,5,1
79834,79835,79840,5,1
79834,79835,79840,5,1
79834,79835,79841,6,1
79834,79835,79841,6,1
79834,79835,79840,5,1
79834,79835,79840,5,1
79834,79835,79841,6,1
79834,79835,79840,5,1
79834,79835,79841,6,1
79834,79835,79841,6,1
79834,79835,79841,6,1
79828,79838,79841,3,10
79828,79839,79841,2,11
79828,79839,79841,2,11
79828,79839,79841,2,11
79828,79839,79841,2,11
79828,79838,79841,3,10
79828,79838,79841,3,10
79834,79835,79841,6,1
79834,79835,79841,6,1
79834,79835,79841,6,1
79834,79835,79841,6,1
79834,79835,79841,6,1
79834,79835,79841,6,1
79834,79835,79841,6,1
79834,79835,79841,6,1
79834,79835,79842,7,1
79834,79835,79841,6,1
79834,79835,79842,7,1
79834,79835,79841,6,1
79834,79835,79841,6,1
79834,79835,79841,6,1
79834,79835,79841,6,1
79834,79835,79841,6,1
79834,79835,79841,6,1
79834,79835,79841,6,1
79834,79835,79842,7,1
79834,79835,79841,6,1
79834,79835,79841,6,1
79828,79839,79841,2,11
79828,79840,79842,2,12
79828,79840,79842,2,12
79828,79840,79842,2,12
79828,79838,79842,4,10
79828,79839,79842,3,11
79834,79835,79842,7,1
79834,79840,79843,3,6
79828,79840,79842,2,12
79828,79840,79843,3,12
79828,79840,79842,2,12
79828,79841,79843,2,13
79834,79838,79843,5,4
79834,79838,79842,4,4
79828,79841,79842,1,13
79828,79840,79843,3,12
79828,79840,79843,3,12
79828,79840,79842,2,12
79828,79840,79843,3,12
79834,79839,79843,4,5
79834,79839,79844,5,5
79834,79839,79844,5,5
79834,79840,79844,4,6
79834,79839,79844,5,5
79834,79839,79843,4,5
79834,79839,79844,5,5
79828,79841,79844,3,13
79828,79841,79844,3,13
79828,79841,79843,2,13
79828,79842,79844,2,14
79828,79841,79844,3,13
79828,79841,79844,3,13
79834,79841,79845,4,7
79834,79842,79845,3,8
79834,79840,79844,4,6
79834,79842,79844,2,8
79834,79841,79845,4,7
79834,79841,79844,3,7
79834,79840,79845,5,6
79834,79841,79845,4,7
79834,79842,79845,3,8
79834,79842,79844,2,8
79834,79842,79845,3,8
79834,79839,79844,5,5
79834,79840,79845,5,6
79828,79843,79845,2,15
79828,79843,79845,2,15
79828,79843,79845,2,15
79834,79840,79845,5,6
79834,79840,79845,5,6
79834,79841,79845,4,7
79834,79841,79845,4,7
79828,79842,79845,3,14
79828,79842,79844,2,14
79828,79843,79844,1,15
79828,79842,79845,3,14
79828,79842,79844,2,14
79828,79843,79845,2,15
79834,79841,79846,5,7
79834,79841,79845,4,7
79834,79842,79846,4,8
79834,79842,79845,3,8
79834,79841,79846,5,7
79834,79841,79845,4,7
79834,79841,79846,5,7
79834,79841,79846,5,7
79834,79842,79846,4,8
79834,79840,79845,5,6
79834,79840,79845,5,6
79834,79841,79846,5,7
79834,79841,79846,5,7
79834,79841,79846,5,7
79834,79840,79845,5,6
79834,79841,79845,4,7
79834,79842,79845,3,8
79834,79840,79845,5,6
79834,79840,79845,5,6
79834,79840,79845,5,6
79834,79841,79845,4,7
79834,79840,79845,5,6
79834,79840,79845,5,6
79834,79840,79845,5,6
79834,79841,79846,5,7
79834,79841,79846,5,7
79834,79840,79845,5,6
79834,79841,79846,5,7
79828,79843,79845,2,15
79834,79840,79845,5,6
79834,79840,79845,5,6
79834,79841,79846,5,7
79834,79841,79846,5,7
79834,79842,79845,3,8
79834,79841,79845,4,7
79828,79844,79846,2,16
79828,79844,79846,2,16
79828,79842,79845,3,14
79828,79843,79846,3,15
79828,79843,79846,3,15
79828,79843,79846,3,15
79834,79841,79846,5,7
79834,79842,79847,5,8
79834,79842,79846,4,8
79834,79841,79846,5,7
79834,79841,79846,5,7
79834,79842,79846,4,8
79834,79842,79846,4,8
79834,79841,79846,5,7
79834,79842,79847,5,8
79834,79842,79846,4,8
79834,79841,79847,6,7
79834,79845,79847,2,11
79834,79842,79847,5,8
79834,79841,79846,5,7
79834,79841,79846,5,7
79834,79842,79846,4,8
79834,79843,79847,4,9
79828,79845,79847,2,17
79828,79845,79847,2,17
79828,79845,79847,2,17
79834,79842,79847,5,8
79834,79842,79847,5,8
79834,79844,79847,3,10
79828,79844,79847,3,16
79828,79845,79847,2,17
79828,79844,79847,3,16
79828,79844,79847,3,16
79828,79845,79847,2,17
79828,79844,79847,3,16
79834,79845,79848,3,11
79834,79845,79848,3,11
79834,79843,79848,5,9
79834,79845,79848,3,11
79834,79845,79848,3,11
79834,79845,79848,3,11
79834,79844,79848,4,10
79834,79845,79847,2,11
79834,79842,79847,5,8
79834,79845,79848,3,11
79834,79843,79848,5,9
79834,79843,79848,5,9
79828,79846,79848,2,18
79828,79845,79848,3,17
79828,79845,79848,3,17
79828,79845,79848,3,17
79828,79845,79848,3,17
79828,79846,79848,2,18
79828,79846,79848,2,18
79834,79845,79848,3,11
79834,79844,79849,5,10
79834,79844,79849,5,10
79834,79845,79849,4,11
79834,79845,79849,4,11
79834,79845,79849,4,11
79834,79844,79848,4,10
79834,79844,79849,5,10
79834,79845,79849,4,11
79834,79844,79849,5,10
79834,79845,79849,4,11
79828,79847,79849,2,19
79828,79847,79849,2,19
79828,79847,79849,2,19
79828,79847,79849,2,19
79828,79846,79849,3,18
79828,79846,79849,3,18
79828,79846,79849,3,18
79828,79846,79849,3,18
79828,79847,79849,2,19
79834,79846,79849,3,12
79834,79846,79849,3,12
79834,79846,79850,4,12
79834,79846,79850,4,12
79834,79846,79850,4,12
79834,79846,79850,4,12
79834,79846,79850,4,12
79834,79845,79850,5,11
79834,79845,79849,4,11
79834,79845,79850,5,11
79828,79848,79850,2,20
79828,79847,79850,3,19
79828,79848,79850,2,20
79828,79847,79850,3,19
79828,79847,79850,3,19
79828,79847,79850,3,19
79834,79846,79851,5,12
79834,79846,79851,5,12
79834,79846,79851,5,12
79834,79846,79851,5,12
79834,79846,79850,4,12
79828,79848,79851,3,20
79828,79849,79851,2,21
79828,79849,79851,2,21
79828,79849,79851,2,21
79828,79850,79851,1,22
79828,79849,79851,2,21
79828,79850,79851,1,22
79828,79850,79851,1,22
79834,79846,79851,5,12
79828,79849,79851,2,21
79828,79849,79852,3,21
79828,79850,79852,2,22
79828,79850,79852,2,22
79828,79850,79852,2,22
79828,79851,79853,2,23
79828,79851,79853,2,23
79828,79849,79852,3,21
79828,79851,79853,2,23
79828,79851,79853,2,23
79828,79852,79853,1,24
79828,79851,79853,2,23
79828,79851,79854,3,23
79828,79852,79854,2,24
79828,79852,79854,2,24
79828,79852,79853,1,24
79828,79852,79854,2,24
79828,79852,79854,2,24
79828,79852,79854,2,24
79828,79852,79854,2,24
79828,79853,79854,1,25
79828,79852,79854,2,24
79828,79853,79855,2,25
79828,79854,79855,1,26
79828,79853,79855,2,25
79828,79854,79855,1,26
79828,79852,79855,3,24
79828,79853,79855,2,25
79828,79854,79855,1,26
79828,79854,79855,1,26
79828,79854,79856,2,26
79828,79852,79856,4,24
79828,79854,79856,2,26
79828,79854,79857,3,26
79828,79854,79857,3,26
79828,79854,79857,3,26
79828,79855,79858,3,27
79828,79855,79857,2,27
79828,79855,79857,2,27
79860,79860,79863,3,0
79860,79860,79864,4,0
79860,79860,79864,4,0
79860,79860,79864,4,0
79860,79860,79863,3,0
79860,79860,79863,3,0
79860,79860,79864,4,0
79860,79860,79864,4,0
79860,79860,79864,4,0
79860,79860,79864,4,0
79860,79860,79865,5,0
79860,79860,79865,5,0
79860,79860,79865,5,0
79860,79860,79865,5,0
79860,79860,79864,4,0
79860,79860,79865,5,0
79860,79860,79865,5,0
79860,79860,79865,5,0
79860,79860,79865,5,0
79860,79860,79865,5,0
79860,79860,79865,5,0
79860,79860,79865,5,0
79860,79860,79865,5,0
79860,79860,79865,5,0
79860,79860,79865,5,0
79860,79860,79865,5,0
79860,79860,79865,5,0
79860,79860,79865,5,0
79860,79860,79865,5,0
79860,79860,79864,4,0
79860,79860,79865,5,0
79860,79860,79865,5,0
79860,79860,79865,5,0
79863,79863,79865,2,0
79863,79863,79865,2,0
79863,79863,79865,2,0
79863,79863,79865,2,0
79863,79863,79865,2,0
79860,79860,79866,6,0
79860,79860,79866,6,0
79860,79860,79866,6,0
79860,79860,79866,6,0
79860,79860,79865,5,0
79860,79860,79865,5,0
79860,79860,79866,6,0
79860,79860,79866,6,0
79860,79860,79866,6,0
79860,79860,79865,5,0
79860,79860,79866,6,0
79860,79860,79866,6,0
79860,79860,79866,6,0
79863,79863,79866,3,0
79863,79863,79866,3,0
79863,79863,79866,3,0
79863,79863,79866,3,0
79860,79860,79866,6,0
79860,79860,79866,6,0
79860,79860,79866,6,0
79860,79860,79866,6,0
79860,79860,79866,6,0
79860,79860,79866,6,0
79860,79860,79866,6,0
79860,79860,79866,6,0
79860,79860,79866,6,0
79860,79860,79866,6,0
79860,79860,79866,6,0
79860,79860,79865,5,0
79860,79860,79866,6,0
79860,79860,79866,6,0
79860,79860,79866,6,0
79860,79860,79866,6,0
79860,79860,79865,5,0
79860,79860,79866,6,0
79860,79860,79866,6,0
79860,79860,79866,6,0
79860,79860,79866,6,0
79860,79860,79866,6,0
79860,79860,79866,6,0
79860,79860,79865,5,0
79863,79863,79866,3,0
79863,79863,79867,4,0
79863,79863,79866,3,0
79863,79863,79866,3,0
79863,79863,79866,3,0
79863,79863,79866,3,0
79863,79863,79866,3,0
79860,79860,79866,6,0
79860,79860,79867,7,0
79860,79860,79867,7,0
79860,79860,79867,7,0
79860,79863,79867,4,3
79860,79860,79867,7,0
79860,79860,79867,7,0
79863,79863,79867,4,0
79863,79863,79867,4,0
79863,79866,79868,2,3
79860,79860,79867,7,0
79863,79863,79867,4,0
79863,79863,79867,4,0
79863,79866,79867,1,3
79860,79860,79867,7,0
79860,79860,79867,7,0
79860,79860,79867,7,0
79863,79867,79869,2,4
79860,79865,79868,3,5
79860,79864,79869,5,4
79863,79866,79869,3,3
79863,79867,79869,2,4
79863,79866,79868,2,3
79863,79866,79868,2,3
79863,79867,79869,2,4
79863,79867,79869,2,4
79863,79867,79869,2,4
79860,79865,79869,4,5
79860,79865,79868,3,5
79860,79865,79869,4,5
79860,79864,79869,5,4
79863,79867,79870,3,4
79863,79867,79869,2,4
79863,79867,79869,2,4
79860,79865,79869,4,5
79860,79865,79870,5,5
79860,79864,79869,5,4
79863,79867,79870,3,4
79863,79867,79869,2,4
79860,79864,79869,5,4
79860,79865,79869,4,5
79860,79864,79870,6,4
79860,79864,79869,5,4
79860,79864,79869,5,4
79860,79864,79869,5,4
79860,79865,79870,5,5
79863,79867,79869,2,4
79863,79868,79870,2,5
79860,79865,79869,4,5
79860,79864,79869,5,4
79860,79865,79870,5,5
79860,79866,79871,5,6
79860,79866,79871,5,6
79860,79867,79871,4,7
79860,79865,79870,5,5
79863,79869,79871,2,6
79860,79865,79871,6,5
79863,79869,79870,1,6
79863,79869,79870,1,6
79863,79870,79871,1,7
79863,79868,79870,2,5
79863,79868,79871,3,5
79863,79868,79871,3,5
79860,79865,79870,5,5
79860,79867,79871,4,7
79860,79868,79871,3,8
79863,79869,79870,1,6
79863,79869,79871,2,6
79863,79868,79870,2,5
79863,79868,79870,2,5
79860,79865,79870,5,5
79860,79867,79871,4,7
79860,79866,79871,5,6
79860,79867,79871,4,7
79860,79867,79871,4,7
79860,79866,79871,5,6
79860,79866,79871,5,6
79860,79866,79871,5,6
79860,79866,79871,5,6
79860,79865,79871,6,5
79860,79867,79871,4,7
79860,79867,79871,4,7
79863,79870,79872,2,7
79863,79870,79871,1,7
79860,79865,79871,6,5
79860,79867,79872,5,7
79860,79867,79871,4,7
79860,79867,79872,5,7
79863,79870,79872,2,7
79860,79867,79872,5,7
79860,79867,79871,4,7
79860,79867,79871,4,7
79860,79867,79872,5,7
79860,79867,79871,4,7
79863,79869,79871,2,6
79860,79867,79871,4,7
79860,79867,79872,5,7
79863,79869,79871,2,6
79863,79869,79871,2,6
79860,79867,79872,5,7
79860,79867,79872,5,7
79860,79868,79872,4,8
79860,79868,79872,4,8
79860,79867,79872,5,7
79860,79868,79872,4,8
79860,79868,79872,4,8
79860,79868,79873,5,8
79860,79867,79873,6,7
79860,79867,79872,5,7
79860,79867,79872,5,7
79860,79868,79873,5,8
79863,79870,79872,2,7
79860,79867,79872,5,7
79860,79867,79873,6,7
79860,79867,79872,5,7
79860,79867,79872,5,7
79860,79867,79872,5,7
79860,79867,79872,5,7
79860,79868,79873,5,8
79860,79871,79873,2,11
79860,79867,79872,5,7
79860,79868,79872,4,8
79863,79871,79873,2,8
79860,79867,79872,5,7
79860,79867,79872,5,7
79860,79867,79872,5,7
79863,79871,79873,2,8
79863,79871,79873,2,8
79860,79867,79873,6,7
79860,79867,79872,5,7
79860,79868,79873,5,8
79863,79870,79873,3,7
79863,79871,79873,2,8
79863,79870,79873,3,7
79863,79871,79873,2,8
79863,79871,79873,2,8
79860,79867,79872,5,7
79860,79867,79873,6,7
79860,79867,79872,5,7
79860,79870,79874,4,10
79860,79871,79873,2,11
79860,79869,79874,5,9
79860,79869,79874,5,9
79860,79871,79874,3,11
79860,79869,79873,4,9
79860,79870,79874,4,10
79860,79869,79874,5,9
79860,79869,79873,4,9
79860,79869,79874,5,9
79863,79871,79874,3,8
79863,79871,79873,2,8
79863,79871,79874,3,8
79863,79872,79873,1,9
79863,79872,79874,2,9
79863,79871,79873,2,8
79863,79871,79873,2,8
79863,79872,79874,2,9
79860,79870,79875,5,10
79860,79870,79875,5,10
79860,79870,79875,5,10
79860,79871,79875,4,11
79860,79870,79875,5,10
79860,79870,79875,5,10
79860,79870,79874,4,10
79860,79870,79875,5,10
79860,79871,79875,4,11
79860,79870,79874,4,10
79860,79870,79875,5,10
79860,79870,79875,5,10
79860,79871,79875,4,11
79863,79872,79875,3,9
79863,79872,79874,2,9
79863,79873,79875,2,10
79863,79872,79875,3,9
79863,79873,79875,2,10
79863,79873,79875,2,10
79860,79871,79875,4,11
79860,79871,79875,4,11
79860,79872,79875,3,12
79860,79872,79875,3,12
79860,79870,79875,5,10
79860,79872,79876,4,12
79860,79872,79876,4,12
79860,79871,79876,5,11
79860,79871,79876,5,11
79863,79873,79876,3,10
79863,79873,79876,3,10
79863,79873,79876,3,10
79863,79873,79876,3,10
79863,79874,79876,2,11
79863,79873,79876,3,10
79863,79874,79876,2,11
79863,79874,79876,2,11
79860,79871,79876,5,11
79860,79872,79877,5,12
79860,79872,79876,4,12
79860,79872,79876,4,12
79860,79871,79876,5,11
79860,79871,79876,5,11
79863,79875,79877,2,12
79863,79874,79877,3,11
79863,79875,79877,2,12
79863,79873,79876,3,10
79863,79874,79877,3,11
79863,79875,79877,2,12
79863,79874,79877,3,11
79863,79874,79877,3,11
79863,79875,79877,2,12
79863,79874,79877,3,11
79863,79875,79877,2,12
79863,79876,79878,2,13
79863,79877,79878,1,14
79863,79875,79878,3,12
79863,79876,79878,2,13
79863,79876,79878,2,13
79863,79876,79878,2,13
79863,79877,79878,1,14
79863,79876,79879,3,13
79863,79876,79878,2,13
79863,79876,79879,3,13
79863,79876,79879,3,13
79863,79877,79879,2,14
79863,79877,79879,2,14
79863,79877,79879,2,14
79863,79877,79880,3,14
79863,79877,79880,3,14
79863,79877,79880,3,14
79863,79877,79880,3,14
79863,79878,79880,2,15
79863,79877,79880,3,14
79863,79878,79880,2,15
79863,79878,79880,2,15
79863,79878,79881,3,15
79863,79878,79881,3,15
79863,79879,79881,2,16
79863,79877,79881,4,14
79863,79878,79881,3,15
79863,79878,79881,3,15
79863,79879,79881,2,16
79863,79879,79881,2,16
79863,79879,79881,2,16
79863,79879,79882,3,16
79863,79879,79882,3,16
79863,79881,79882,1,18
79863,79881,79882,1,18
79863,79881,79882,1,18
79863,79881,79882,1,18
79863,79881,79883,2,18
79863,79880,79883,3,17
79863,79882,79883,1,19
79863,79881,79883,2,18
79863,79881,79883,2,18
79863,79879,79883,4,16
79863,79882,79883,1,19
79863,79882,79884,2,19
79863,79882,79883,1,19
79863,79882,79883,1,19
79863,79881,79884,3,18
79863,79881,79884,3,18
79863,79880,79884,4,17
79863,79883,79884,1,20
79863,79883,79884,1,20
79863,79883,79884,1,20
79863,79883,79885,2,20
79863,79883,79885,2,20
79863,79882,79885,3,19
79863,79884,79885,1,21
79863,79883,79885,2,20
79863,79884,79885,1,21
79863,79884,79885,1,21
79863,79884,79885,1,21
79863,79884,79885,1,21
79863,79885,79886,1,22
79863,79885,79886,1,22
79863,79885,79886,1,22
79863,79885,79887,2,22
79863,79884,79886,2,21
79863,79884,79886,2,21
79863,79884,79886,2,21
79863,79884,79886,2,21
79863,79886,79888,2,23
79863,79885,79887,2,22
79863,79884,79887,3,21
79863,79886,79888,2,23
79863,79885,79888,3,22
79863,79886,79888,2,23
79863,79886,79888,2,23
79863,79886,79888,2,23
79863,79886,79888,2,23
79863,79885,79889,4,22
79863,79886,79888,2,23
79863,79887,79889,2,24
79863,79887,79889,2,24
79886,79886,79889,3,0
79863,79885,79889,4,22
79863,79887,79889,2,24
79863,79888,79889,1,25
79886,79886,79890,4,0
79863,79887,79889,2,24
79863,79887,79889,2,24
79863,79888,79890,2,25
79886,79886,79890,4,0
79886,79886,79889,3,0
79863,79887,79890,3,24
79863,79887,79891,4,24
79863,79887,79890,3,24
79863,79889,79891,2,26
79863,79889,79891,2,26
79886,79886,79891,5,0
79886,79886,79891,5,0
79886,79886,79890,4,0
79886,79886,79890,4,0
79886,79886,79891,5,0
79886,79886,79890,4,0
79886,79886,79890,4,0
79886,79886,79890,4,0
79886,79886,79891,5,0
79863,79888,79891,3,25
79886,79886,79891,5,0
79886,79886,79891,5,0
79863,79889,79892,3,26
79863,79889,79891,2,26
79863,79889,79891,2,26
79863,79889,79891,2,26
79886,79886,79891,5,0
79886,79886,79891,5,0
79886,79886,79891,5,0
79886,79886,79892,6,0
79886,79886,79891,5,0
79886,79886,79892,6,0
79886,79886,79891,5,0
79886,79886,79891,5,0
79886,79886,79891,5,0
79886,79886,79891,5,0
79886,79886,79892,6,0
79886,79886,79891,5,0
79886,79886,79892,6,0
79886,79886,79892,6,0
79886,79886,79892,6,0
79886,79886,79892,6,0
79886,79886,79891,5,0
79863,79889,79892,3,26
79886,79886,79891,5,0
79886,79886,79892,6,0
79886,79886,79891,5,0
79886,79886,79891,5,0
79886,79886,79891,5,0
79886,79886,79892,6,0
79886,79886,79891,5,0
79886,79886,79892,6,0
79886,79886,79892,6,0
79886,79886,79891,5,0
79886,79886,79892,6,0
79886,79886,79892,6,0
79886,79886,79892,6,0
79886,79886,79891,5,0
79886,79886,79891,5,0
79886,79886,79891,5,0
79886,79886,79892,6,0
79886,79886,79891,5,0
79886,79886,79892,6,0
79886,79886,79891,5,0
79863,79889,79892,3,26
79863,79889,79892,3,26
79863,79889,79891,2,26
79886,79886,79891,5,0
79886,79886,79892,6,0
79886,79886,79892,6,0
79886,79886,79892,6,0
79886,79886,79891,5,0
79886,79886,79892,6,0
79886,79886,79891,5,0
79886,79886,79892,6,0
79886,79886,79892,6,0
79886,79886,79891,5,0
79886,79886,79892,6,0
79886,79886,79892,6,0
79886,79886,79892,6,0
79886,79886,79892,6,0
79886,79886,79892,6,0
79886,79886,79892,6,0
79886,79886,79892,6,0
79886,79886,79892,6,0
79886,79886,79892,6,0
79886,79886,79893,7,0
79886,79886,79892,6,0
79886,79886,79892,6,0
79886,79886,79892,6,0
79886,79886,79893,7,0
79886,79886,79893,7,0
79886,79886,79893,7,0
79886,79886,79892,6,0
79886,79886,79892,6,0
79886,79891,79894,3,5
79886,79889,79894,5,3
79886,79891,79895,4,5
79886,79890,79894,4,4
79886,79891,79895,4,5
79886,79891,79895,4,5
79886,79890,79895,5,4
79886,79891,79896,5,5
79886,79891,79896,5,5
79886,79892,79895,3,6
79886,79892,79896,4,6
79886,79891,79895,4,5
79886,79892,79896,4,6
79886,79892,79895,3,6
79886,79890,79896,6,4
79886,79891,79896,5,5
79886,79892,79897,5,6
79886,79892,79897,5,6
79886,79892,79897,5,6
79886,79892,79897,5,6
79886,79893,79897,4,7
79886,79892,79897,5,6
79886,79892,79897,5,6
79886,79892,79897,5,6
79886,79892,79897,5,6
79886,79892,79897,5,6
79886,79891,79896,5,5
79886,79891,79897,6,5
79886,79892,79897,5,6
79886,79892,79897,5,6
79886,79891,79896,5,5
79886,79892,79897,5,6
79886,79892,79897,5,6
79886,79892,79897,5,6
79886,79892,79897,5,6
79886,79892,79896,4,6
79886,79892,79897,5,6
79886,79892,79897,5,6
79886,79892,79897,5,6
79886,79892,79896,4,6
79886,79892,79897,5,6
79886,79892,79898,6,6
79886,79892,79897,5,6
79886,79892,79897,5,6
79886,79892,79897,5,6
79886,79892,79897,5,6
79886,79892,79898,6,6
79886,79893,79898,5,7
79886,79893,79898,5,7
79886,79892,79898,6,6
79886,79892,79897,5,6
79886,79892,79897,5,6
79886,79892,79898,6,6
79886,79892,79898,6,6
79886,79893,79898,5,7
79886,79892,79898,6,6
79886,79892,79898,6,6
79886,79893,79898,5,7
79886,79893,79898,5,7
79886,79893,79898,5,7
79886,79893,79898,5,7
79886,79892,79898,6,6
79886,79892,79897,5,6
79886,79892,79898,6,6
79886,79892,79898,6,6
79886,79892,79898,6,6
79886,79892,79898,6,6
79886,79893,79898,5,7
79886,79893,79898,5,7
79886,79892,79897,5,6
79886,79893,79898,5,7
79886,79892,79898,6,6
79886,79893,79898,5,7
79886,79893,79898,5,7
79886,79893,79898,5,7
79886,79893,79899,6,7
79886,79894,79899,5,8
79886,79893,79899,6,7
79886,79895,79899,4,9
79886,79895,79899,4,9
79886,79892,79899,7,6
79886,79893,79899,6,7
79886,79894,79899,5,8
79886,79893,79899,6,7
79886,79895,79900,5,9
79886,79895,79900,5,9
79886,79895,79900,5,9
79886,79896,79901,5,10
79899,79899,79901,2,0
79899,79899,79901,2,0
79899,79899,79901,2,0
79899,79899,79901,2,0
79886,79896,79901,5,10
79886,79897,79901,4,11
79886,79896,79901,5,10
79886,79896,79901,5,10
79886,79896,79901,5,10
79886,79896,79901,5,10
79886,79896,79901,5,10
79886,79896,79901,5,10
79899,79899,79901,2,0
79899,79899,79901,2,0
79899,79899,79901,2,0
79899,79899,79901,2,0
79899,79899,79901,2,0
79899,79899,79901,2,0
79899,79899,79901,2,0
79899,79899,79901,2,0
79899,79899,79902,3,0
79899,79899,79901,2,0
79899,79899,79902,3,0
79899,79899,79901,2,0
79886,79897,79901,4,11
79886,79897,79902,5,11
79886,79897,79902,5,11
79886,79897,79902,5,11
79886,79897,79902,5,11
79886,79897,79902,5,11
79886,79897,79902,5,11
79886,79897,79902,5,11
79886,79897,79902,5,11
79886,79897,79902,5,11
79886,79897,79902,5,11
79886,79896,79902,6,10
79886,79897,79903,6,11
79886,79897,79902,5,11
79886,79897,79902,5,11
79886,79897,79902,5,11
79886,79897,79902,5,11
79886,79897,79903,6,11
79886,79897,79903,6,11
79886,79897,79903,6,11
79899,79899,79902,3,0
79899,79899,79902,3,0
79899,79901,79903,2,2
79899,79899,79902,3,0
79899,79899,79902,3,0
79899,79901,79902,1,2
79899,79901,79903,2,2
79886,79897,79903,6,11
79886,79897,79902,5,11
79886,79897,79903,6,11
79886,79897,79903,6,11
79899,79902,79904,2,3
79899,79901,79903,2,2
79899,79902,79904,2,3
79899,79902,79904,2,3
79899,79903,79904,1,4
79899,79903,79905,2,4
79899,79902,79905,3,3
79899,79902,79905,3,3
79899,79903,79905,2,4
79899,79902,79905,3,3
79899,79902,79905,3,3
79899,79902,79904,2,3
79899,79902,79904,2,3
79899,79902,79905,3,3
79899,79903,79905,2,4
79899,79902,79905,3,3
79899,79903,79905,2,4
79899,79902,79905,3,3
79899,79903,79906,3,4
79899,79904,79906,2,5
79899,79903,79905,2,4
79899,79904,79906,2,5
79899,79904,79906,2,5
79899,79905,79907,2,6
79899,79905,79907,2,6
79899,79904,79906,2,5
79899,79905,79908,3,6
79899,79905,79908,3,6
79899,79906,79908,2,7
79899,79905,79908,3,6
79899,79905,79908,3,6
79899,79905,79907,2,6
79899,79905,79908,3,6
79899,79906,79908,2,7
79899,79906,79908,2,7
79899,79905,79908,3,6
79899,79906,79909,3,7
79899,79905,79909,4,6
79899,79906,79908,2,7
79899,79907,79909,2,8
79899,79906,79908,2,7
79899,79906,79909,3,7
79899,79905,79908,3,6
79899,79907,79909,2,8
79899,79907,79909,2,8
79899,79908,79910,2,9
79899,79908,79910,2,9
79899,79907,79909,2,8
79899,79908,79910,2,9
79899,79908,79911,3,9
79899,79908,79910,2,9
79899,79908,79911,3,9
79899,79908,79910,2,9
79899,79909,79911,2,10
79899,79909,79911,2,10
79899,79908,79911,3,9
79899,79909,79911,2,10
79899,79908,79911,3,9
79899,79909,79911,2,10
79899,79910,79911,1,11
79899,79908,79911,3,9
79899,79909,79911,2,10
79899,79910,79912,2,11
79899,79909,79912,3,10
79899,79909,79911,2,10
79899,79910,79913,3,11
79899,79909,79913,4,10
79899,79910,79913,3,11
79899,79911,79913,2,12
79899,79911,79914,3,12
79899,79911,79914,3,12
79899,79911,79914,3,12
79899,79911,79914,3,12
79899,79911,79914,3,12
79899,79912,79914,2,13
79899,79912,79914,2,13
79899,79912,79915,3,13
79899,79912,79915,3,13
79899,79910,79914,4,11
79899,79911,79915,4,12
79911,79911,79915,4,0
79899,79911,79915,4,12
79899,79911,79915,4,12
79899,79914,79916,2,15
79899,79912,79916,4,13
79899,79913,79916,3,14
79911,79911,79916,5,0
79911,79911,79916,5,0
79911,79911,79916,5,0
79911,79911,79916,5,0
79899,79914,79916,2,15
79899,79913,79916,3,14
79899,79914,79916,2,15
79899,79913,79916,3,14
79899,79915,79917,2,16
79899,79915,79916,1,16
79899,79914,79916,2,15
79899,79915,79917,2,16
79899,79915,79917,2,16
79911,79911,79917,6,0
79911,79911,79917,6,0
79911,79911,79917,6,0
79911,79911,79917,6,0
79911,79911,79917,6,0
79911,79911,79917,6,0
79911,79911,79917,6,0
79911,79911,79917,6,0
79911,79911,79917,6,0
79911,79911,79917,6,0
79911,79912,79917,5,1
79911,79911,79917,6,0
79911,79911,79917,6,0
79911,79911,79917,6,0
79911,79911,79917,6,0
79911,79911,79917,6,0
79911,79911,79917,6,0
79911,79911,79917,6,0
79911,79911,79917,6,0
79911,79911,79917,6,0
79911,79911,79917,6,0
79911,79911,79917,6,0
79911,79911,79917,6,0
79911,79911,79917,6,0
79911,79911,79917,6,0
79911,79912,79917,5,1
79911,79911,79917,6,0
79911,79911,79917,6,0
79911,79911,79917,6,0
79911,79911,79917,6,0
79911,79911,79917,6,0
79911,79911,79917,6,0
79911,79911,79917,6,0
79911,79911,79917,6,0
79911,79911,79917,6,0
79911,79912,79918,6,1
79899,79915,79917,2,16
79899,79914,79917,3,15
79899,79915,79918,3,16
79899,79915,79918,3,16
79899,79917,79918,1,18
79899,79917,79918,1,18
79911,79911,79918,7,0
79911,79911,79919,8,0
79911,79911,79919,8,0
79911,79911,79919,8,0
79911,79912,79918,6,1
79911,79911,79918,7,0
79911,79911,79918,7,0
79911,79911,79918,7,0
79911,79912,79919,7,1
79911,79912,79919,7,1
79899,79916,79918,2,17
79899,79916,79918,2,17
79911,79911,79918,7,0
79911,79911,79918,7,0
79911,79911,79919,8,0
79911,79912,79919,7,1
79911,79911,79918,7,0
79911,79911,79919,8,0
79911,79911,79918,7,0
79911,79912,79919,7,1
79899,79915,79918,3,16
79911,79911,79919,8,0
79911,79911,79919,8,0
79911,79912,79919,7,1
79899,79915,79918,3,16
79899,79917,79919,2,18
79911,79911,79918,7,0
79911,79911,79919,8,0
79911,79912,79919,7,1
79911,79912,79918,6,1
79911,79911,79919,8,0
79911,79911,79919,8,0
79911,79911,79918,7,0
79911,79912,79919,7,1
79911,79912,79918,6,1
79911,79911,79918,7,0
79911,79911,79919,8,0
79911,79912,79918,6,1
79911,79911,79919,8,0
79911,79911,79919,8,0
79911,79912,79919,7,1
79911,79911,79918,7,0
79911,79912,79918,6,1
79911,79912,79919,7,1
79899,79916,79919,3,17
79899,79918,79919,1,19
79899,79917,79919,2,18
79899,79917,79919,2,18
79899,79917,79919,2,18
79899,79917,79919,2,18
79899,79917,79919,2,18
79899,79919,79921,2,20
79899,79919,79921,2,20
79899,79919,79921,2,20
79911,79916,79920,4,5
79899,79919,79921,2,20
79899,79919,79921,2,20
79899,79918,79921,3,19
79899,79918,79921,3,19
79899,79919,79921,2,20
79911,79917,79922,5,6
79899,79918,79921,3,19
79899,79920,79921,1,21
79899,79919,79922,3,20
79899,79918,79921,3,19
79899,79919,79921,2,20
79911,79917,79922,5,6
79911,79917,79922,5,6
79899,79920,79922,2,21
79899,79920,79922,2,21
79899,79921,79922,1,22
79899,79921,79923,2,22
79911,79917,79922,5,6
79911,79918,79923,5,7
79911,79918,79922,4,7
79911,79918,79922,4,7
79911,79918,79923,5,7
79911,79919,79922,3,8
79911,79918,79923,5,7
79899,79919,79922,3,20
79899,79920,79923,3,21
79899,79920,79922,2,21
79899,79920,79922,2,21
79911,79918,79923,5,7
79899,79920,79923,3,21
79899,79922,79924,2,23
79899,79922,79923,1,23
79899,79921,79923,2,22
79899,79922,79924,2,23
79911,79918,79923,5,7
79911,79918,79923,5,7
79911,79918,79923,5,7
79911,79919,79923,4,8
79911,79919,79924,5,8
79911,79918,79923,5,7
79911,79918,79923,5,7
79911,79918,79924,6,7
79911,79919,79924,5,8
79911,79919,79924,5,8
79911,79918,79923,5,7
79911,79918,79923,5,7
79911,79918,79924,6,7
79911,79918,79923,5,7
79911,79918,79923,5,7
79911,79918,79923,5,7
79911,79918,79923,5,7
79911,79918,79924,6,7
79911,79918,79923,5,7
79911,79918,79924,6,7
79911,79918,79923,5,7
79911,79918,79924,6,7
79911,79918,79924,6,7
79911,79918,79924,6,7
79911,79918,79923,5,7
79911,79918,79924,6,7
79911,79918,79923,5,7
79911,79919,79923,4,8
79911,79918,79923,5,7
79911,79918,79924,6,7
79911,79918,79924,6,7
79911,79918,79923,5,7
79911,79918,79923,5,7
79911,79918,79923,5,7
79911,79919,79924,5,8
79899,79921,79923,2,22
79911,79918,79924,6,7
79911,79919,79924,5,8
79911,79919,79924,5,8
79899,79922,79924,2,23
79899,79923,79925,2,24
79899,79923,79925,2,24
79899,79923,79924,1,24
79911,79919,79924,5,8
79911,79919,79924,5,8
79911,79919,79925,6,8
79899,79921,79925,4,22
79911,79919,79925,6,8
79911,79919,79925,6,8
79911,79919,79925,6,8
79911,79919,79925,6,8
79911,79919,79924,5,8
79911,79919,79924,5,8
79911,79919,79925,6,8
79911,79919,79924,5,8
79899,79922,79924,2,23
79899,79922,79925,3,23
79911,79919,79925,6,8
79911,79919,79925,6,8
79911,79919,79925,6,8
79911,79919,79925,6,8
79911,79919,79925,6,8
79911,79919,79925,6,8
79911,79919,79924,5,8
79911,79919,79925,6,8
79911,79919,79924,5,8
79911,79919,79924,5,8
79911,79919,79925,6,8
79911,79919,79925,6,8
79911,79919,79925,6,8
79911,79919,79925,6,8
79911,79919,79924,5,8
79911,79919,79924,5,8
79911,79919,79925,6,8
79911,79919,79925,6,8
79911,79919,79925,6,8
79899,79923,79925,2,24
79911,79921,79925,4,10
79899,79922,79925,3,23
79899,79923,79925,2,24
79911,79922,79926,4,11
79899,79922,79925,3,23
79899,79923,79926,3,24
79899,79924,79926,2,25
79899,79923,79925,2,24
79899,79923,79926,3,24
79899,79924,79926,2,25
79899,79924,79926,2,25
79899,79924,79926,2,25
79899,79924,79926,2,25
79899,79924,79926,2,25
79899,79923,79927,4,24
79899,79925,79927,2,26
79911,79922,79927,5,11
79911,79922,79927,5,11
79911,79924,79927,3,13
79899,79925,79928,3,26
79899,79925,79927,2,26
79911,79924,79928,4,13
79911,79924,79928,4,13
79911,79924,79928,4,13
79911,79923,79928,5,12
79911,79923,79928,5,12
79911,79923,79928,5,12
79911,79924,79928,4,13
79899,79926,79928,2,27
79911,79923,79928,5,12
79911,79923,79928,5,12
79911,79924,79928,4,13
79911,79923,79928,5,12
79911,79924,79928,4,13
79911,79924,79928,4,13
79911,79923,79928,5,12
79899,79925,79928,3,26
79899,79926,79928,2,27
79899,79925,79928,3,26
79899,79926,79928,2,27
79899,79926,79929,3,27
79899,79927,79929,2,28
79899,79925,79928,3,26
79911,79924,79928,4,13
79911,79924,79929,5,13
79911,79924,79929,5,13
79911,79924,79929,5,13
79911,79924,79929,5,13
79911,79923,79928,5,12
79911,79924,79929,5,13
79911,79924,79928,4,13
79911,79924,79929,5,13
79899,79926,79929,3,27
79911,79924,79929,5,13
79911,79924,79929,5,13
79911,79924,79929,5,13
79911,79924,79929,5,13
79911,79924,79928,4,13
79899,79926,79929,3,27
79899,79926,79928,2,27
79899,79927,79929,2,28
79911,79924,79929,5,13
79911,79924,79929,5,13
79911,79924,79929,5,13
79911,79924,79929,5,13
79911,79924,79929,5,13
79911,79924,79930,6,13
79911,79924,79929,5,13
79899,79926,79930,4,27
79899,79926,79930,4,27
79936,79936,79938,2,0
79936,79936,79938,2,0
79936,79936,79938,2,0
79936,79936,79938,2,0
79936,79936,79938,2,0
79936,79936,79938,2,0
79936,79936,79938,2,0
79936,79936,79938,2,0
79936,79936,79939,3,0
79936,79936,79939,3,0
79936,79936,79938,2,0
79936,79936,79938,2,0
79936,79936,79939,3,0
79936,79936,79938,2,0
79936,79936,79939,3,0
79936,79936,79939,3,0
79936,79936,79939,3,0
79936,79938,79940,2,2
79936,79936,79939,3,0
79936,79936,79940,4,0
79936,79936,79940,4,0
79936,79938,79940,2,2
79936,79939,79941,2,3
79936,79938,79940,2,2
79936,79938,79941,3,2
79936,79938,79941,3,2
79936,79939,79942,3,3
79936,79939,79942,3,3
79936,79939,79942,3,3
79936,79939,79942,3,3
79936,79938,79942,4,2
79936,79938,79942,4,2
79936,79939,79941,2,3
79936,79939,79942,3,3
79936,79939,79942,3,3
79936,79940,79943,3,4
79936,79940,79943,3,4
79936,79940,79943,3,4
79936,79940,79943,3,4
79936,79940,79942,2,4
79936,79941,79943,2,5
79938,79938,79943,5,0
79938,79938,79943,5,0
79938,79938,79943,5,0
79936,79942,79944,2,6
79936,79941,79944,3,5
79936,79942,79944,2,6
79936,79940,79944,4,4
79936,79941,79944,3,5
79936,79942,79944,2,6
79936,79940,79944,4,4
79936,79941,79944,3,5
79938,79938,79944,6,0
79938,79938,79944,6,0
79938,79938,79944,6,0
79938,79938,79944,6,0
79938,79939,79944,5,1
79938,79938,79944,6,0
79938,79938,79944,6,0
79938,79938,79944,6,0
79938,79938,79944,6,0
79938,79938,79944,6,0
79938,79938,79944,6,0
79938,79938,79944,6,0
79938,79938,79944,6,0
79938,79938,79944,6,0
79938,79938,79944,6,0
79938,79938,79945,7,0
79938,79939,79944,5,1
79938,79938,79944,6,0
79938,79938,79944,6,0
79938,79938,79944,6,0
79938,79938,79944,6,0
79938,79938,79944,6,0
79938,79938,79944,6,0
79938,79938,79945,7,0
79938,79938,79944,6,0
79938,79938,79944,6,0
79938,79938,79945,7,0
79938,79939,79944,5,1
79938,79938,79944,6,0
79938,79938,79944,6,0
79938,79938,79944,6,0
79938,79938,79944,6,0
79938,79938,79944,6,0
79938,79938,79944,6,0
79938,79938,79945,7,0
79938,79938,79945,7,0
79938,79939,79945,6,1
79938,79938,79945,7,0
79938,79938,79944,6,0
79936,79942,79945,3,6
79936,79942,79944,2,6
79936,79943,79945,2,7
79936,79942,79945,3,6
79936,79943,79945,2,7
79936,79942,79945,3,6
79936,79943,79945,2,7
79938,79938,79945,7,0
79938,79938,79945,7,0
79938,79939,79946,7,1
79938,79939,79945,6,1
79938,79939,79945,6,1
79938,79938,79945,7,0
79938,79938,79945,7,0
79938,79939,79945,6,1
79938,79939,79946,7,1
79938,79939,79945,6,1
79938,79938,79945,7,0
79938,79938,79945,7,0
79938,79939,79945,6,1
79938,79939,79946,7,1
79938,79938,79945,7,0
79938,79938,79945,7,0
79938,79939,79945,6,1
79938,79939,79945,6,1
79938,79939,79945,6,1
79938,79938,79945,7,0
79938,79938,79945,7,0
79938,79939,79945,6,1
79938,79939,79945,6,1
79938,79938,79945,7,0
79938,79938,79945,7,0
79938,79939,79945,6,1
79938,79938,79945,7,0
79938,79938,79945,7,0
79938,79939,79945,6,1
79938,79939,79945,6,1
79938,79938,79945,7,0
79938,79938,79945,7,0
79938,79939,79945,6,1
79938,79938,79945,7,0
79938,79938,79945,7,0
79938,79939,79945,6,1
79938,79939,79945,6,1
79938,79939,79945,6,1
79936,79943,79946,3,7
79936,79942,79946,4,6
79936,79943,79946,3,7
79936,79943,79947,4,7
79936,79944,79947,3,8
79936,79942,79947,5,6
79936,79944,79947,3,8
79936,79945,79947,2,9
79936,79944,79947,3,8
79936,79945,79947,2,9
79936,79945,79947,2,9
79938,79944,79948,4,6
79938,79945,79947,2,7
79938,79945,79948,3,7
79938,79945,79948,3,7
79938,79945,79947,2,7
79936,79946,79948,2,10
79936,79944,79948,4,8
79936,79944,79948,4,8
79936,79946,79948,2,10
79936,79946,79948,2,10
79936,79946,79948,2,10
79938,79945,79949,4,7
79938,79945,79949,4,7
79938,79944,79949,5,6
79938,79945,79949,4,7
79938,79945,79948,3,7
79938,79944,79949,5,6
79936,79946,79949,3,10
79936,79948,79950,2,12
79936,79946,79949,3,10
79938,79945,79949,4,7
79938,79945,79949,4,7
79938,79945,79949,4,7
79938,79945,79950,5,7
79938,79945,79949,4,7
79938,79945,79950,5,7
79938,79946,79950,4,8
79938,79945,79949,4,7
79938,79945,79949,4,7
79938,79945,79950,5,7
79938,79945,79949,4,7
79938,79945,79950,5,7
79938,79945,79950,5,7
79938,79945,79949,4,7
79938,79945,79950,5,7
79938,79945,79949,4,7
79936,79946,79950,4,10
79936,79947,79950,3,11
79936,79947,79950,3,11
79936,79945,79950,5,9
79936,79947,79950,3,11
79936,79948,79950,2,12
79936,79948,79950,2,12
79938,79945,79950,5,7
79938,79946,79951,5,8
79938,79946,79951,5,8
79938,79946,79951,5,8
79938,79945,79950,5,7
79938,79946,79950,4,8
79938,79946,79951,5,8
79938,79945,79951,6,7
79938,79945,79950,5,7
79938,79945,79951,6,7
79938,79945,79951,6,7
79938,79946,79951,5,8
79938,79945,79951,6,7
79938,79945,79951,6,7
79938,79945,79951,6,7
79938,79945,79951,6,7
79938,79945,79950,5,7
79938,79945,79950,5,7
79938,79945,79950,5,7
79938,79945,79951,6,7
79938,79945,79950,5,7
79938,79946,79951,5,8
79938,79945,79950,5,7
79938,79946,79951,5,8
79938,79946,79951,5,8
79936,79947,79951,4,11
79936,79949,79951,2,13
79936,79948,79951,3,12
79936,79949,79951,2,13
79936,79949,79951,2,13
79936,79948,79951,3,12
79936,79948,79951,3,12
79936,79949,79951,2,13
79936,79949,79951,2,13
79936,79949,79951,2,13
79938,79946,79951,5,8
79938,79946,79952,6,8
79938,79946,79951,5,8
79938,79946,79952,6,8
79938,79946,79951,5,8
79938,79946,79952,6,8
79938,79946,79951,5,8
79938,79946,79952,6,8
79938,79946,79952,6,8
79938,79946,79952,6,8
79938,79946,79952,6,8
79938,79946,79952,6,8
79938,79946,79952,6,8
79938,79946,79952,6,8
79938,79946,79952,6,8
79938,79946,79951,5,8
79938,79946,79952,6,8
79938,79946,79951,5,8
79938,79946,79952,6,8
79938,79946,79952,6,8
79938,79946,79952,6,8
79938,79946,79951,5,8
79938,79946,79952,6,8
79938,79948,79952,4,10
79938,79946,79951,5,8
79938,79946,79952,6,8
79938,79946,79952,6,8
79938,79946,79952,6,8
79938,79946,79952,6,8
79936,79951,79953,2,15
79936,79950,79952,2,14
79936,79950,79953,3,14
79938,79948,79953,5,10
79938,79948,79953,5,10
79938,79948,79953,5,10
79938,79948,79953,5,10
79936,79951,79953,2,15
79936,79951,79954,3,15
79936,79950,79953,3,14
79936,79951,79953,2,15
79936,79951,79953,2,15
79936,79952,79954,2,16
79936,79951,79953,2,15
79936,79951,79953,2,15
79936,79952,79953,1,16
79936,79952,79954,2,16
79938,79949,79954,5,11
79938,79951,79954,3,13
79938,79949,79954,5,11
79938,79950,79954,4,12
79938,79949,79954,5,11
79938,79949,79954,5,11
79938,79949,79954,5,11
79938,79949,79954,5,11
79936,79952,79954,2,16
79936,79952,79954,2,16
79936,79952,79954,2,16
79936,79952,79955,3,16
79936,79952,79954,2,16
79938,79950,79955,5,12
79938,79950,79955,5,12
79938,79950,79955,5,12
79938,79950,79955,5,12
79938,79950,79955,5,12
79938,79950,79955,5,12
79938,79950,79955,5,12
79938,79950,79955,5,12
79938,79950,79955,5,12
79938,79950,79954,4,12
79938,79950,79955,5,12
79938,79950,79955,5,12
79938,79950,79955,5,12
79938,79950,79955,5,12
79936,79952,79955,3,16
79936,79953,79955,2,17
79936,79954,79956,2,18
79936,79954,79956,2,18
79936,79954,79956,2,18
79936,79954,79956,2,18
79936,79953,79956,3,17
79936,79952,79955,3,16
79936,79954,79956,2,18
79938,79951,79956,5,13
79938,79951,79956,5,13
79938,79951,79956,5,13
79938,79951,79956,5,13
79938,79951,79956,5,13
79938,79951,79956,5,13
79938,79950,79955,5,12
79938,79951,79956,5,13
79938,79951,79955,4,13
79938,79951,79955,4,13
79938,79951,79956,5,13
79938,79951,79956,5,13
79936,79954,79956,2,18
79936,79954,79956,2,18
79936,79954,79956,2,18
79936,79954,79956,2,18
79936,79953,79956,3,17
79936,79955,79957,2,19
79938,79951,79956,5,13
79936,79954,79957,3,18
79936,79956,79958,2,20
79936,79956,79957,1,20
79936,79956,79957,1,20
79936,79956,79958,2,20
79936,79955,79958,3,19
79936,79955,79957,2,19
79936,79956,79958,2,20
79936,79955,79958,3,19
79936,79955,79957,2,19
79936,79957,79959,2,21
79936,79957,79958,1,21
79936,79957,79958,1,21
79936,79956,79959,3,20
79936,79956,79958,2,20
79936,79956,79958,2,20
79936,79958,79960,2,22
79936,79958,79959,1,22
79936,79957,79960,3,21
79936,79958,79960,2,22
79936,79956,79959,3,20
79936,79957,79960,3,21
79936,79958,79960,2,22
79936,79958,79960,2,22
79936,79958,79960,2,22
79936,79958,79960,2,22
79936,79958,79961,3,22
79936,79959,79961,2,23
79936,79959,79961,2,23
79936,79957,79960,3,21
79936,79958,79960,2,22
79936,79959,79961,2,23
79936,79958,79960,2,22
79936,79960,79961,1,24
79936,79960,79962,2,24
79936,79960,79962,2,24
79936,79959,79961,2,23
79936,79959,79962,3,23
79936,79960,79962,2,24
79936,79959,79961,2,23
79936,79960,79962,2,24
79936,79961,79963,2,25
79936,79961,79963,2,25
79936,79960,79963,3,24
79936,79960,79962,2,24
79936,79960,79963,3,24
79936,79960,79963,3,24
79936,79960,79962,2,24
79936,79961,79963,2,25
79936,79961,79963,2,25
79936,79961,79963,2,25
79936,79961,79963,2,25
79936,79961,79963,2,25
79936,79962,79964,2,26
79936,79962,79964,2,26
79936,79962,79964,2,26
79936,79962,79964,2,26
79936,79962,79964,2,26
79936,79962,79964,2,26
79936,79963,79965,2,27
79936,79963,79965,2,27
79936,79963,79965,2,27
79936,79963,79965,2,27
79936,79961,79965,4,25
79936,79962,79965,3,26
79936,79963,79965,2,27
79936,79963,79966,3,27
79936,79964,79966,2,28
79936,79963,79965,2,27
79936,79963,79966,3,27
79936,79963,79966,3,27
79936,79963,79966,3,27
79936,79963,79965,2,27
79936,79963,79966,3,27
79966,79966,79969,3,0
79966,79966,79970,4,0
79966,79966,79970,4,0
79966,79966,79970,4,0
79966,79966,79970,4,0
79966,79966,79970,4,0
79966,79966,79970,4,0
79966,79966,79970,4,0
79966,79966,79971,5,0
79966,79966,79971,5,0
79966,79966,79971,5,0
79966,79966,79971,5,0
79966,79966,79971,5,0
79966,79966,79971,5,0
79966,79966,79971,5,0
79966,79966,79971,5,0
79966,79966,79971,5,0
79966,79966,79972,6,0
79966,79966,79972,6,0
79966,79966,79972,6,0
79966,79966,79972,6,0
79966,79966,79972,6,0
79966,79966,79971,5,0
79966,79966,79972,6,0
79966,79966,79972,6,0
79966,79966,79972,6,0
79966,79966,79972,6,0
79966,79966,79972,6,0
79966,79966,79972,6,0
79966,79966,79972,6,0
79966,79966,79972,6,0
79966,79966,79971,5,0
79966,79966,79972,6,0
79966,79966,79972,6,0
79966,79966,79972,6,0
79966,79966,79972,6,0
79966,79966,79972,6,0
79966,79966,79972,6,0
79966,79966,79972,6,0
79966,79966,79972,6,0
79966,79966,79972,6,0
79966,79966,79972,6,0
79966,79967,79972,5,1
79966,79966,79972,6,0
79966,79966,79972,6,0
79966,79966,79972,6,0
79966,79966,79972,6,0
79966,79966,79972,6,0
79966,79966,79972,6,0
79966,79966,79972,6,0
79966,79966,79972,6,0
79966,79966,79972,6,0
79966,79966,79971,5,0
79966,79966,79972,6,0
79966,79967,79972,5,1
79966,79966,79972,6,0
79966,79966,79973,7,0
79966,79966,79973,7,0
79966,79966,79973,7,0
79966,79967,79973,6,1
79966,79966,79973,7,0
79966,79967,79973,6,1
79966,79966,79973,7,0
79966,79966,79973,7,0
79966,79966,79973,7,0
79966,79967,79973,6,1
79966,79966,79973,7,0
79966,79966,79973,7,0
79966,79966,79973,7,0
79966,79966,79973,7,0
79966,79967,79973,6,1
79966,79967,79973,6,1
79966,79966,79973,7,0
79966,79967,79973,6,1
79966,79967,79973,6,1
79966,79967,79973,6,1
79966,79967,79973,6,1
79966,79967,79973,6,1
79966,79966,79973,7,0
79966,79967,79973,6,1
79966,79969,79974,5,3
79966,79970,79974,4,4
79966,79970,79974,4,4
79973,79974,79975,1,1
79973,79974,79975,1,1
79973,79974,79975,1,1
79973,79974,79975,1,1
79966,79970,79975,5,4
79966,79970,79975,5,4
79966,79970,79975,5,4
79966,79970,79975,5,4
79966,79973,79975,2,7
79966,79970,79975,5,4
79966,79973,79975,2,7
79973,79974,79976,2,1
79973,79974,79976,2,1
79973,79974,79976,2,1
79973,79974,79976,2,1
79973,79974,79976,2,1
79973,79974,79976,2,1
79973,79974,79976,2,1
79973,79974,79976,2,1
79973,79974,79976,2,1
79973,79974,79976,2,1
79973,79974,79976,2,1
79973,79974,79976,2,1
79973,79974,79976,2,1
79973,79974,79976,2,1
79973,79974,79976,2,1
79966,79972,79976,4,6
79966,79972,79976,4,6
79966,79972,79976,4,6
79966,79971,79976,5,5
79966,79971,79977,6,5
79966,79973,79977,4,7
79966,79971,79976,5,5
79966,79971,79977,6,5
79966,79971,79976,5,5
79966,79973,79976,3,7
79966,79971,79977,6,5
79966,79971,79976,5,5
79973,79974,79977,3,1
79973,79976,79977,1,3
79973,79976,79977,1,3
79966,79972,79978,6,6
79966,79972,79978,6,6
79966,79972,79977,5,6
79966,79972,79978,6,6
79966,79972,79977,5,6
79973,79976,79978,2,3
79973,79976,79977,1,3
79966,79973,79978,5,7
79966,79971,79977,6,5
79966,79973,79978,5,7
79966,79973,79977,4,7
79966,79973,79977,4,7
79966,79973,79978,5,7
79966,79971,79977,6,5
79966,79974,79977,3,8
79966,79973,79977,4,7
79966,79973,79978,5,7
79966,79973,79977,4,7
79966,79973,79978,5,7
79966,79973,79977,4,7
79966,79973,79978,5,7
79973,79977,79978,1,4
79973,79977,79978,1,4
79973,79977,79978,1,4
79973,79977,79979,2,4
79973,79977,79978,1,4
79973,79977,79979,2,4
79966,79974,79978,4,8
79973,79977,79979,2,4
79966,79974,79979,5,8
79966,79974,79979,5,8
79966,79973,79978,5,7
79966,79974,79978,4,8
79966,79974,79979,5,8
79966,79974,79979,5,8
79966,79973,79978,5,7
79966,79974,79979,5,8
79966,79974,79979,5,8
79966,79974,79979,5,8
79966,79973,79978,5,7
79966,79974,79979,5,8
79966,79974,79978,4,8
79966,79973,79978,5,7
79966,79973,79978,5,7
79966,79974,79979,5,8
79966,79974,79978,4,8
79966,79974,79979,5,8
79966,79973,79978,5,7
79966,79973,79978,5,7
79966,79973,79978,5,7
79966,79973,79978,5,7
79966,79974,79979,5,8
79966,79973,79978,5,7
79966,79973,79978,5,7
79966,79973,79978,5,7
79966,79973,79978,5,7
79966,79974,79979,5,8
79966,79973,79978,5,7
79966,79973,79978,5,7
79966,79973,79978,5,7
79966,79974,79979,5,8
79966,79973,79978,5,7
79966,79974,79979,5,8
79973,79977,79979,2,4
79973,79977,79979,2,4
79973,79977,79979,2,4
79973,79977,79979,2,4
79973,79977,79979,2,4
79973,79977,79980,3,4
79973,79977,79979,2,4
79973,79978,79980,2,5
79973,79978,79980,2,5
79966,79974,79979,5,8
79966,79976,79980,4,10
79966,79976,79979,3,10
79966,79974,79979,5,8
79966,79976,79979,3,10
79966,79974,79979,5,8
79973,79977,79979,2,4
79973,79978,79980,2,5
79966,79974,79979,5,8
79966,79975,79979,4,9
79966,79975,79980,5,9
79966,79975,79980,5,9
79973,79978,79980,2,5
79973,79979,79980,1,6
79973,79979,79980,1,6
79973,79979,79981,2,6
79973,79978,79980,2,5
79973,79979,79980,1,6
79966,79977,79981,4,11
79966,79976,79980,4,10
79966,79976,79981,5,10
79966,79976,79981,5,10
79966,79977,79981,4,11
79966,79976,79980,4,10
79966,79977,79980,3,11
79966,79977,79981,4,11
79966,79977,79982,5,11
79966,79977,79981,4,11
79966,79977,79981,4,11
79966,79977,79981,4,11
79973,79979,79981,2,6
79973,79979,79981,2,6
79973,79979,79982,3,6
79973,79980,79981,1,7
79973,79980,79982,2,7
79966,79978,79982,4,12
79973,79980,79981,1,7
79966,79977,79981,4,11
79966,79977,79982,5,11
79966,79977,79982,5,11
79966,79978,79982,4,12
79966,79978,79983,5,12
79966,79978,79983,5,12
79966,79978,79983,5,12
79973,79980,79983,3,7
79966,79978,79983,5,12
79973,79980,79983,3,7
79973,79980,79982,2,7
79973,79981,79983,2,8
79966,79978,79982,4,12
79966,79978,79983,5,12
79973,79980,79982,2,7
79966,79978,79983,5,12
79966,79978,79983,5,12
79966,79977,79982,5,11
79966,79978,79983,5,12
79966,79978,79983,5,12
79973,79980,79982,2,7
79973,79981,79982,1,8
79973,79981,79982,1,8
79966,79978,79983,5,12
79966,79978,79983,5,12
79966,79978,79983,5,12
79966,79978,79983,5,12
79966,79978,79983,5,12
79973,79980,79983,3,7
79973,79981,79983,2,8
79966,79978,79983,5,12
79973,79980,79983,3,7
79973,79981,79983,2,8
79973,79982,79984,2,9
79973,79980,79984,4,7
79973,79982,79983,1,9
79973,79981,79983,2,8
79973,79982,79984,2,9
79973,79982,79984,2,9
79973,79982,79983,1,9
79973,79983,79984,1,10
79973,79982,79984,2,9
79973,79983,79985,2,10
79973,79983,79985,2,10
79973,79984,79986,2,11
79973,79983,79986,3,10
79973,79983,79986,3,10
79973,79984,79986,2,11
79973,79983,79985,2,10
79973,79984,79986,2,11
79973,79984,79986,2,11
79973,79983,79986,3,10
79973,79984,79986,2,11
79973,79984,79986,2,11
79973,79984,79986,2,11
79973,79985,79987,2,12
79973,79985,79987,2,12
79973,79983,79986,3,10
79973,79984,79987,3,11
79973,79985,79987,2,12
79973,79984,79987,3,11
79973,79984,79987,3,11
79973,79984,79986,2,11
79973,79984,79986,2,11
79973,79986,79988,2,13
79973,79986,79988,2,13
79973,79986,79988,2,13
79973,79986,79988,2,13
79973,79986,79988,2,13
79973,79988,79989,1,15
79973,79986,79989,3,13
79973,79987,79989,2,14
79973,79986,79989,3,13
79973,79986,79989,3,13
79973,79986,79989,3,13
79973,79988,79989,1,15
79973,79986,79989,3,13
79973,79987,79989,2,14
79973,79987,79990,3,14
79973,79987,79990,3,14
79973,79987,79990,3,14
79973,79987,79990,3,14
79973,79987,79989,2,14
79973,79987,79989,2,14
79973,79988,79990,2,15
79973,79987,79990,3,14
79973,79988,79990,2,15
79973,79987,79990,3,14
79973,79988,79990,2,15
79973,79990,79991,1,17
79973,79989,79991,2,16
79973,79989,79991,2,16
79973,79989,79991,2,16
79973,79990,79991,1,17
79973,79990,79991,1,17
79973,79990,79992,2,17
79973,79990,79992,2,17
79973,79989,79992,3,16
79973,79990,79992,2,17
79973,79991,79992,1,18
79973,79991,79993,2,18
79973,79991,79992,1,18
79973,79991,79992,1,18
79973,79991,79992,1,18
79973,79990,79993,3,17
79973,79990,79993,3,17
79973,79991,79993,2,18
79973,79991,79993,2,18
79973,79992,79993,1,19
79973,79991,79993,2,18
79973,79992,79993,1,19
79973,79990,79994,4,17
79973,79991,79994,3,18
79973,79992,79993,1,19
79973,79992,79994,2,19
79973,79992,79995,3,19
79973,79992,79994,2,19
79973,79993,79995,2,20
79973,79993,79996,3,20
79973,79993,79995,2,20
79973,79993,79995,2,20
79973,79994,79996,2,21
79973,79993,79996,3,20
79973,79994,79996,2,21
79973,79994,79997,3,21
79973,79995,79996,1,22
79973,79996,79997,1,23
79973,79993,79996,3,20
79973,79993,79997,4,20
79973,79995,79997,2,22
79973,79993,79996,3,20
79973,79994,79996,2,21
79992,79992,79997,5,0
79992,79992,79997,5,0
79992,79992,79997,5,0
79992,79992,79997,5,0
79992,79992,79997,5,0
79992,79992,79997,5,0
79992,79992,79997,5,0
79992,79992,79997,5,0
79992,79992,79997,5,0
79992,79992,79997,5,0
79992,79992,79996,4,0
79973,79994,79997,3,21
79973,79994,79997,3,21
79973,79994,79997,3,21
79973,79994,79997,3,21
79973,79994,79997,3,21
79973,79996,79998,2,23
79992,79992,79998,6,0
79992,79992,79998,6,0
79992,79992,79998,6,0
79992,79992,79998,6,0
79992,79992,79998,6,0
79992,79992,79998,6,0
79992,79992,79998,6,0
79992,79992,79998,6,0
79992,79992,79998,6,0
79992,79992,79998,6,0
79992,79992,79997,5,0
79992,79992,79998,6,0
79992,79992,79998,6,0
79992,79992,79998,6,0
79992,79992,79998,6,0
79992,79992,79998,6,0
79992,79992,79998,6,0
79992,79992,79998,6,0
79992,79992,79998,6,0
79992,79992,79998,6,0
79992,79992,79998,6,0
79992,79992,79998,6,0
79992,79992,79998,6,0
79992,79992,79998,6,0
79992,79992,79998,6,0
79992,79992,79998,6,0
79992,79992,79998,6,0
79992,79992,79998,6,0
79992,79992,79998,6,0
79992,79992,79998,6,0
79992,79992,79998,6,0
79992,79992,79998,6,0
79992,79992,79998,6,0
79992,79992,79998,6,0
79992,79992,79998,6,0
79992,79992,79998,6,0
79992,79992,79998,6,0
79992,79992,79998,6,0
79992,79992,79999,7,0
79992,79992,79998,6,0
79992,79992,79998,6,0
79992,79992,79998,6,0
79992,79992,79998,6,0
79992,79992,79998,6,0
79992,79992,79998,6,0
79992,79992,79998,6,0
79973,79997,79998,1,24
79992,79992,79998,6,0
79992,79992,79998,6,0
79992,79992,79998,6,0
79992,79992,79998,6,0
79992,79992,79998,6,0
79992,79992,79999,7,0
79973,79997,79999,2,24
79973,79997,79998,1,24
79973,79997,79998,1,24
79973,79995,79998,3,22
79973,79997,79999,2,24
79973,79997,79999,2,24
79973,79997,79999,2,24
79973,79996,79998,2,23
79973,79996,79998,2,23
79973,79996,79998,2,23
79973,79997,79999,2,24
79973,79997,79999,2,24
79973,79997,79999,2,24
79992,79992,79999,7,0
79992,79992,79999,7,0
79992,79992,79999,7,0
79992,79992,79999,7,0
79992,79993,79999,6,1
79992,79992,79999,7,0
79992,79992,79999,7,0
79992,79993,79999,6,1
79992,79992,79999,7,0
79992,79993,79999,6,1
79992,79992,79999,7,0
79992,79992,79999,7,0
79992,79992,79999,7,0
79992,79992,79999,7,0
79992,79992,79999,7,0
79992,79992,79999,7,0
79992,79993,79999,6,1
79973,79998,80000,2,25
79973,79998,80000,2,25
79973,79998,80000,2,25
79973,79998,80000,2,25
79973,79999,80000,1,26
79973,79998,80000,2,25
79973,79998,80001,3,25
79973,79999,80001,2,26
79973,79999,80000,1,26
79973,79999,80001,2,26
79973,79999,80001,2,26
79973,79999,80001,2,26
79973,79999,80001,2,26
79973,79999,80001,2,26
79992,79998,80002,4,6
79992,79998,80002,4,6
79992,79998,80002,4,6
79992,79998,80002,4,6
79992,79999,80003,4,7
79992,79999,80003,4,7
79973,79999,80002,3,26
79992,79999,80003,4,7
79992,79998,80003,5,6
79992,79998,80003,5,6
79992,79999,80004,5,7
79992,79999,80004,5,7
79992,79999,80004,5,7
79992,79999,80003,4,7
79992,79998,80003,5,6
79992,79998,80003,5,6
79992,79998,80003,5,6
79992,79999,80003,4,7
79992,79999,80003,4,7
79992,79999,80003,4,7
79992,79999,80003,4,7
79992,79998,80003,5,6
79992,79998,80004,6,6
79992,79999,80004,5,7
79992,79999,80004,5,7
79992,79999,80004,5,7
79992,79999,80004,5,7
79992,79999,80004,5,7
79992,79999,80004,5,7
79992,79999,80004,5,7
79992,79999,80005,6,7
79992,79999,80004,5,7
79992,79999,80004,5,7
79992,79999,80004,5,7
79992,79999,80005,6,7
79992,79999,80005,6,7
79992,79999,80004,5,7
79992,79999,80004,5,7
79992,79999,80005,6,7
79992,79999,80004,5,7
79992,79999,80004,5,7
79992,79999,80004,5,7
79992,79999,80004,5,7
79992,79999,80004,5,7
79992,79999,80004,5,7
79992,79999,80004,5,7
79992,79999,80004,5,7
79992,80000,80005,5,8
79992,79999,80005,6,7
79992,79999,80005,6,7
79992,79999,80005,6,7
79992,79999,80004,5,7
79992,79999,80004,5,7
79992,79999,80004,5,7
79992,79999,80005,6,7
79992,79999,80004,5,7
79992,79999,80004,5,7
79992,79999,80004,5,7
79992,79999,80004,5,7
79992,80000,80005,5,8
79992,79999,80004,5,7
79992,79999,80004,5,7
79992,79999,80005,6,7
79992,79999,80004,5,7
79992,80000,80005,5,8
79992,79999,80005,6,7
79992,80000,80005,5,8
79992,80000,80005,5,8
79992,80000,80005,5,8
79992,80000,80005,5,8
79992,80000,80005,5,8
79992,80000,80006,6,8
79992,79999,80005,6,7
79992,80000,80006,6,8
79992,80000,80006,6,8
79992,80000,80005,5,8
79992,80000,80006,6,8
79992,80000,80005,5,8
79992,80000,80005,5,8
79992,80000,80005,5,8
79992,80000,80005,5,8
79992,80004,80008,4,12
79992,80003,80008,5,11
79992,80003,80008,5,11
79992,80004,80008,4,12
79992,80003,80008,5,11
79992,80003,80008,5,11
79992,80003,80008,5,11
79992,80003,80008,5,11
79992,80004,80008,4,12
79992,80004,80009,5,12
79992,80004,80009,5,12
79992,80004,80009,5,12
79992,80004,80009,5,12
79992,80004,80009,5,12
79992,80004,80008,4,12
79992,80004,80009,5,12
79992,80005,80008,3,13
79992,80004,80008,4,12
79992,80004,80009,5,12
79992,80005,80009,4,13
79992,80004,80009,5,12
79992,80004,80008,4,12
79992,80004,80009,5,12
79992,80004,80008,4,12
79992,80005,80009,4,13
79992,80005,80010,5,13
79992,80005,80010,5,13
79992,80005,80010,5,13
79992,80005,80009,4,13
79992,80005,80009,4,13
79992,80005,80010,5,13
79992,80005,80010,5,13
79992,80005,80010,5,13
79992,80005,80010,5,13
79992,80005,80010,5,13
79992,80005,80010,5,13
79992,80005,80009,4,13
79992,80005,80010,5,13
79992,80005,80009,4,13
79992,80005,80010,5,13
80009,80009,80011,2,0
80009,80009,80011,2,0
80009,80009,80011,2,0
80009,80009,80011,2,0
80009,80009,80011,2,0
80009,80009,80012,3,0
80009,80009,80012,3,0
80009,80009,80012,3,0
80009,80009,80012,3,0
80009,80009,80012,3,0
80009,80009,80012,3,0
80009,80009,80012,3,0
80009,80009,80012,3,0
80009,80009,80011,2,0
80009,80009,80012,3,0
80009,80009,80012,3,0
80009,80009,80011,2,0
80009,80009,80012,3,0
80009,80009,80012,3,0
80009,80009,80013,4,0
80009,80011,80013,2,2
80009,80011,80013,2,2
80009,80013,80014,1,4
80009,80011,80014,3,2
80009,80012,80014,2,3
80009,80013,80014,1,4
80009,80013,80014,1,4
80009,80013,80014,1,4
80009,80012,80015,3,3
80009,80012,80015,3,3
80009,80013,80015,2,4
80009,80014,80015,1,5
80009,80013,80015,2,4
80009,80012,80015,3,3
80009,80013,80015,2,4
80009,80013,80015,2,4
80009,80014,80015,1,5
80009,80013,80015,2,4
80009,80014,80016,2,5
80009,80014,80015,1,5
80009,80011,80015,4,2
80009,80013,80015,2,4
80009,80014,80015,1,5
80009,80015,80017,2,6
80009,80015,80017,2,6
80009,80015,80017,2,6
80009,80016,80017,1,7
80009,80016,80017,1,7
80009,80016,80017,1,7
80009,80015,80017,2,6
80009,80015,80018,3,6
80009,80016,80017,1,7
80009,80016,80017,1,7
80009,80016,80018,2,7
80009,80016,80018,2,7
80009,80016,80018,2,7
80009,80016,80018,2,7
80009,80016,80018,2,7
80009,80017,80019,2,8
80009,80016,80018,2,7
80009,80016,80018,2,7
80009,80016,80018,2,7
80009,80016,80018,2,7
80009,80017,80019,2,8
80009,80018,80019,1,9
80009,80018,80019,1,9
80009,80018,80019,1,9
80009,80016,80019,3,7
80009,80018,80020,2,9
80009,80018,80019,1,9
80009,80018,80020,2,9
80009,80019,80021,2,10
80009,80018,80020,2,9
80009,80018,80021,3,9
80009,80019,80022,3,10
80009,80019,80021,2,10
80009,80019,80021,2,10
80009,80019,80022,3,10
80009,80020,80022,2,11
80009,80018,80021,3,9
80009,80019,80022,3,10
80009,80020,80022,2,11
80009,80019,80021,2,10
80009,80019,80022,3,10
80009,80019,80021,2,10
80009,80020,80022,2,11
80009,80019,80022,3,10
80009,80020,80022,2,11
80009,80020,80022,2,11
80009,80020,80023,3,11
80009,80020,80022,2,11
80009,80021,80023,2,12
80009,80021,80023,2,12
80009,80021,80023,2,12
80009,80022,80024,2,13
80009,80022,80024,2,13
80009,80022,80024,2,13
80009,80022,80024,2,13
80019,80019,80024,5,0
80019,80019,80024,5,0
80019,80019,80024,5,0
80019,80019,80024,5,0
80019,80019,80024,5,0
80019,80019,80024,5,0
80019,80019,80024,5,0
80009,80022,80024,2,13
80009,80022,80025,3,13
80009,80022,80025,3,13
80009,80022,80025,3,13
80009,80023,80025,2,14
80009,80022,80024,2,13
80009,80023,80025,2,14
80009,80022,80024,2,13
80009,80023,80025,2,14
80019,80019,80025,6,0
80019,80019,80025,6,0
80019,80019,80025,6,0
80019,80019,80025,6,0
80019,80019,80025,6,0
80019,80019,80025,6,0
80019,80019,80025,6,0
80019,80019,80025,6,0
80019,80019,80025,6,0
80019,80019,80025,6,0
80019,80019,80025,6,0
80019,80019,80025,6,0
80019,80019,80025,6,0
80019,80019,80025,6,0
80019,80019,80025,6,0
80019,80020,80025,5,1
80019,80019,80026,7,0
80019,80019,80025,6,0
80019,80019,80025,6,0
80019,80019,80025,6,0
80019,80019,80025,6,0
80019,80019,80025,6,0
80019,80019,80025,6,0
80019,80019,80025,6,0
80019,80019,80025,6,0
80019,80019,80025,6,0
80019,80019,80025,6,0
80019,80019,80025,6,0
80019,80019,80025,6,0
80019,80019,80025,6,0
80019,80019,80026,7,0
80019,80019,80025,6,0
80019,80020,80025,5,1
80019,80019,80025,6,0
80019,80019,80025,6,0
80019,80019,80026,7,0
80019,80020,80026,6,1
80009,80023,80026,3,14
80009,80023,80026,3,14
80009,80024,80026,2,15
80009,80024,80026,2,15
80009,80023,80026,3,14
80009,80024,80026,2,15
80009,80023,80025,2,14
80009,80022,80026,4,13
80009,80022,80026,4,13
80009,80024,80026,2,15
80019,80019,80026,7,0
80019,80019,80026,7,0
80019,80019,80026,7,0
80019,80019,80026,7,0
80019,80020,80027,7,1
80019,80019,80026,7,0
80019,80019,80026,7,0
80019,80019,80026,7,0
80019,80020,80026,6,1
80019,80019,80026,7,0
80019,80019,80026,7,0
80019,80019,80026,7,0
80019,80020,80027,7,1
80019,80020,80026,6,1
80019,80019,80026,7,0
80019,80019,80027,8,0
80019,80019,80027,8,0
80019,80020,80027,7,1
80019,80019,80027,8,0
80019,80019,80026,7,0
80019,80019,80027,8,0
80019,80020,80026,6,1
80019,80020,80026,6,1
80019,80019,80026,7,0
80019,80020,80026,6,1
80019,80020,80027,7,1
80019,80019,80026,7,0
80019,80019,80026,7,0
80019,80019,80026,7,0
80019,80019,80027,8,0
80019,80020,80026,6,1
80009,80023,80026,3,14
80009,80025,80027,2,16
80019,80019,80027,8,0
80019,80019,80027,8,0
80019,80019,80027,8,0
80019,80020,80027,7,1
80019,80020,80027,7,1
80009,80025,80028,3,16
80009,80025,80028,3,16
80009,80025,80027,2,16
80009,80026,80028,2,17
80009,80026,80028,2,17
80009,80025,80027,2,16
80009,80025,80028,3,16
80009,80026,80028,2,17
80009,80025,80028,3,16
80009,80026,80028,2,17
80019,80026,80028,2,7
80009,80025,80029,4,16
80009,80025,80029,4,16
80009,80026,80029,3,17
80009,80027,80029,2,18
80009,80026,80029,3,17
80009,80026,80028,2,17
80009,80026,80029,3,17
80009,80026,80029,3,17
80009,80026,80029,3,17
80019,80026,80029,3,7
80019,80026,80029,3,7
80019,80026,80029,3,7
80019,80026,80030,4,7
80019,80025,80030,5,6
80019,80026,80030,4,7
80019,80026,80030,4,7
80019,80026,80030,4,7
80019,80026,80030,4,7
80009,80028,80030,2,19
80009,80028,80030,2,19
80009,80028,80030,2,19
80009,80028,80030,2,19
80009,80028,80030,2,19
80009,80028,80030,2,19
80009,80028,80030,2,19
80019,80026,80030,4,7
80019,80026,80030,4,7
80019,80026,80030,4,7
80019,80026,80030,4,7
80019,80026,80031,5,7
80019,80027,80030,3,8
80019,80027,80030,3,8
80019,80026,80030,4,7
80019,80026,80030,4,7
80019,80026,80031,5,7
80019,80026,80031,5,7
80019,80026,80030,4,7
80019,80025,80030,5,6
80019,80026,80030,4,7
80019,80026,80031,5,7
80019,80026,80030,4,7
80019,80025,80030,5,6
80019,80026,80030,4,7
80019,80026,80031,5,7
80019,80025,80030,5,6
80019,80025,80030,5,6
80019,80026,80031,5,7
80019,80026,80031,5,7
80019,80025,80030,5,6
80019,80025,80030,5,6
80019,80026,80031,5,7
80019,80026,80031,5,7
80009,80028,80031,3,19
80009,80027,80031,4,18
80009,80030,80031,1,21
80009,80028,80031,3,19
80009,80030,80031,1,21
80009,80030,80031,1,21
80019,80027,80032,5,8
80019,80027,80031,4,8
80019,80027,80032,5,8
80019,80027,80032,5,8
80019,80028,80032,4,9
80019,80026,80031,5,7
80019,80027,80032,5,8
80019,80027,80032,5,8
80019,80026,80031,5,7
80019,80026,80031,5,7
80019,80027,80032,5,8
80019,80026,80032,6,7
80019,80026,80031,5,7
80019,80026,80031,5,7
80019,80027,80032,5,8
80019,80026,80032,6,7
80019,80026,80032,6,7
80019,80027,80032,5,8
80009,80029,80032,3,20
80009,80028,80032,4,19
80009,80030,80032,2,21
80009,80031,80032,1,22
80009,80030,80032,2,21
80009,80031,80032,1,22
80009,80031,80032,1,22
80009,80031,80033,2,22
80009,80031,80032,1,22
80019,80026,80032,6,7
80019,80027,80032,5,8
80019,80027,80032,5,8
80019,80027,80032,5,8
80019,80027,80032,5,8
80019,80027,80033,6,8
80019,80027,80032,5,8
80019,80027,80032,5,8
80019,80027,80032,5,8
80019,80028,80032,4,9
80019,80028,80032,4,9
80019,80028,80032,4,9
80019,80028,80032,4,9
80019,80027,80032,5,8
80019,80027,80032,5,8
80019,80027,80033,6,8
80019,80027,80033,6,8
80019,80027,80032,5,8
80019,80027,80032,5,8
80019,80027,80033,6,8
80019,80027,80032,5,8
80019,80027,80032,5,8
80019,80027,80032,5,8
80019,80027,80032,5,8
80019,80029,80033,4,10
80019,80027,80032,5,8
80009,80029,80033,4,20
80009,80029,80033,4,20
80009,80029,80033,4,20
80009,80032,80033,1,23
80009,80031,80033,2,22
80009,80032,80034,2,23
80009,80032,80033,1,23
80009,80032,80033,1,23
80009,80031,80033,2,22
80009,80032,80033,1,23
80009,80033,80034,1,24
80009,80033,80034,1,24
80009,80033,80035,2,24
80009,80034,80035,1,25
80009,80033,80034,1,24
80009,80032,80034,2,23
80009,80033,80035,2,24
80019,80031,80034,3,12
80019,80030,80035,5,11
80019,80030,80035,5,11
80019,80030,80035,5,11
80019,80030,80035,5,11
80019,80030,80035,5,11
80019,80030,80035,5,11
80019,80030,80035,5,11
80019,80030,80034,4,11
80019,80030,80035,5,11
80009,80033,80035,2,24
80009,80034,80035,1,25
80009,80034,80035,1,25
80009,80034,80035,1,25
80009,80033,80035,2,24
80009,80033,80035,2,24
80009,80034,80035,1,25
80009,80035,80036,1,26
80019,80031,80035,4,12
80019,80031,80036,5,12
80019,80031,80036,5,12
80019,80031,80036,5,12
80019,80031,80035,4,12
80019,80031,80036,5,12
80019,80031,80036,5,12
80019,80031,80035,4,12
80019,80031,80036,5,12
80019,80031,80036,5,12
80019,80031,80036,5,12
80019,80031,80036,5,12
80019,80031,80036,5,12
80019,80031,80036,5,12
80019,80031,80036,5,12
80019,80031,80036,5,12
80019,80031,80036,5,12
80019,80031,80035,4,12
80009,80033,80036,3,24
80009,80034,80036,2,25
80009,80035,80037,2,26
80009,80034,80037,3,25
80009,80034,80037,3,25
80009,80035,80037,2,26
80009,80034,80036,2,25
80009,80035,80036,1,26
80009,80034,80036,2,25
80009,80035,80037,2,26
80019,80031,80036,5,12
80019,80032,80037,5,13
80019,80032,80037,5,13
80019,80032,80037,5,13
80019,80031,80036,5,12
80019,80031,80036,5,12
80019,80031,80036,5,12
80019,80031,80036,5,12
80019,80031,80036,5,12
80019,80031,80036,5,12
80019,80031,80036,5,12
80009,80036,80037,1,27
80009,80036,80037,1,27
80009,80035,80037,2,26
80009,80035,80037,2,26
80043,80043,80045,2,0
80043,80043,80045,2,0
80043,80043,80045,2,0
80043,80043,80045,2,0
80043,80043,80045,2,0
80043,80043,80045,2,0
80043,80043,80045,2,0
80043,80043,80045,2,0
80043,80043,80044,1,0
80043,80043,80045,2,0
80043,80043,80045,2,0
80043,80043,80045,2,0
80043,80043,80046,3,0
80043,80043,80046,3,0
80043,80043,80045,2,0
80043,80043,80045,2,0
80043,80043,80046,3,0
80043,80043,80046,3,0
80043,80043,80046,3,0
80043,80045,80047,2,2
80043,80043,80046,3,0
80044,80044,80048,4,0
80044,80044,80048,4,0
80044,80044,80048,4,0
80044,80044,80048,4,0
80044,80044,80048,4,0
80043,80045,80047,2,2
80043,80045,80048,3,2
80043,80045,80047,2,2
80043,80046,80048,2,3
80043,80045,80048,3,2
80043,80045,80047,2,2
80043,80045,80048,3,2
80043,80045,80047,2,2
80044,80044,80049,5,0
80044,80045,80048,3,1
80044,80045,80049,4,1
80044,80045,80048,3,1
80044,80044,80048,4,0
80044,80044,80048,4,0
80044,80045,80048,3,1
80044,80044,80048,4,0
80043,80046,80049,3,3
80043,80047,80049,2,4
80043,80046,80049,3,3
80043,80046,80048,2,3
80043,80045,80049,4,2
80043,80045,80049,4,2
80043,80045,80048,3,2
80043,80046,80048,2,3
80043,80046,80049,3,3
80043,80047,80049,2,4
80044,80044,80049,5,0
80044,80045,80049,4,1
80044,80044,80050,6,0
80044,80044,80049,5,0
80044,80045,80049,4,1
80044,80045,80049,4,1
80044,80044,80049,5,0
80044,80044,80049,5,0
80044,80045,80050,5,1
80044,80044,80049,5,0
80044,80044,80050,6,0
80044,80045,80050,5,1
80043,80047,80049,2,4
80043,80047,80049,2,4
80043,80049,80050,1,6
80043,80048,80050,2,5
80043,80048,80050,2,5
80043,80048,80050,2,5
80043,80048,80050,2,5
80043,80048,80050,2,5
80044,80044,80050,6,0
80044,80044,80050,6,0
80044,80044,80050,6,0
80044,80045,80050,5,1
80044,80044,80050,6,0
80044,80044,80050,6,0
80044,80044,80050,6,0
80044,80045,80050,5,1
80044,80044,80050,6,0
80044,80044,80050,6,0
80044,80045,80050,5,1
80044,80045,80050,5,1
80044,80044,80050,6,0
80044,80045,80050,5,1
80044,80045,80051,6,1
80044,80044,80050,6,0
80044,80045,80050,5,1
80044,80044,80050,6,0
80044,80044,80050,6,0
80044,80045,80050,5,1
80044,80045,80050,5,1
80044,80044,80050,6,0
80044,80044,80050,6,0
80044,80045,80051,6,1
80044,80045,80051,6,1
80044,80045,80050,5,1
80044,80045,80050,5,1
80044,80044,80050,6,0
80044,80044,80050,6,0
80044,80045,80051,6,1
80044,80044,80050,6,0
80044,80045,80051,6,1
80044,80045,80050,5,1
80044,80045,80051,6,1
80044,80045,80051,6,1
80044,80045,80050,5,1
80044,80045,80051,6,1
80044,80045,80051,6,1
80043,80049,80051,2,6
80043,80048,80051,3,5
80043,80049,80051,2,6
80043,80048,80051,3,5
80043,80048,80050,2,5
80043,80049,80051,2,6
80043,80049,80051,2,6
80044,80045,80051,6,1
80044,80045,80051,6,1
80044,80045,80051,6,1
80044,80045,80051,6,1
80044,80045,80051,6,1
80044,80045,80051,6,1
80044,80045,80051,6,1
80044,80045,80051,6,1
80044,80045,80051,6,1
80044,80045,80051,6,1
80044,80045,80051,6,1
80044,80045,80051,6,1
80044,80045,80051,6,1
80044,80045,80051,6,1
80044,80045,80051,6,1
80044,80045,80051,6,1
80044,80045,80051,6,1
80043,80049,80052,3,6
80043,80050,80052,2,7
80043,80050,80052,2,7
80043,80050,80052,2,7
80043,80049,80052,3,6
80043,80050,80053,3,7
80044,80048,80053,5,4
80044,80048,80053,5,4
80044,80048,80053,5,4
80044,80048,80053,5,4
80044,80048,80053,5,4
80043,80050,80052,2,7
80043,80050,80052,2,7
80043,80051,80053,2,8
80043,80050,80052,2,7
80043,80049,80053,4,6
80043,80049,80053,4,6
80043,80049,80053,4,6
80043,80051,80054,3,8
80044,80049,80053,4,5
80044,80049,80053,4,5
80044,80049,80053,4,5
80044,80049,80054,5,5
80044,80049,80054,5,5
80043,80050,80054,4,7
80043,80051,80054,3,8
80043,80051,80054,3,8
80043,80052,80054,2,9
80043,80051,80054,3,8
80043,80052,80054,2,9
80043,80053,80054,1,10
80043,80053,80054,1,10
80043,80053,80054,1,10
80043,80053,80054,1,10
80044,80049,80054,5,5
80044,80049,80054,5,5
80044,80049,80054,5,5
80044,80050,80055,5,6
80044,80050,80055,5,6
80044,80050,80055,5,6
80044,80050,80055,5,6
80044,80050,80055,5,6
80044,80051,80055,4,7
80044,80050,80055,5,6
80043,80053,80055,2,10
80043,80052,80055,3,9
80043,80054,80055,1,11
80043,80051,80055,4,8
80043,80054,80055,1,11
80043,80054,80055,1,11
80044,80051,80056,5,7
80044,80051,80056,5,7
80044,80051,80055,4,7
80044,80051,80056,5,7
80044,80052,80056,4,8
80044,80051,80056,5,7
80044,80051,80056,5,7
80044,80051,80056,5,7
80044,80050,80055,5,6
80044,80050,80055,5,6
80044,80051,80055,4,7
80044,80050,80055,5,6
80044,80051,80055,4,7
80044,80051,80056,5,7
80044,80051,80055,4,7
80044,80050,80055,5,6
80044,80051,80056,5,7
80044,80051,80055,4,7
80044,80050,80056,6,6
80044,80051,80056,5,7
80044,80051,80055,4,7
80044,80051,80056,5,7
80044,80051,80056,5,7
80044,80050,80055,5,6
80044,80051,80056,5,7
80044,80051,80055,4,7
80044,80051,80056,5,7
80044,80052,80056,4,8
80044,80051,80056,5,7
80044,80052,80056,4,8
80043,80053,80056,3,10
80043,80053,80056,3,10
80043,80055,80056,1,12
80043,80053,80056,3,10
80043,80055,80056,1,12
80043,80054,80056,2,11
80043,80055,80056,1,12
80043,80055,80056,1,12
80043,80055,80056,1,12
80043,80055,80057,2,12
80044,80052,80057,5,8
80044,80052,80057,5,8
80044,80052,80057,5,8
80044,80051,80056,5,7
80044,80052,80057,5,8
80044,80051,80056,5,7
80044,80051,80056,5,7
80044,80051,80056,5,7
80044,80052,80057,5,8
80044,80051,80056,5,7
80044,80051,80057,6,7
80044,80051,80057,6,7
80044,80052,80056,4,8
80044,80051,80057,6,7
80044,80051,80057,6,7
80044,80051,80057,6,7
80044,80051,80056,5,7
80044,80051,80057,6,7
80044,80051,80057,6,7
80044,80052,80057,5,8
80044,80051,80057,6,7
80044,80051,80056,5,7
80044,80052,80057,5,8
80044,80052,80057,5,8
80044,80051,80057,6,7
80044,80052,80057,5,8
80044,80052,80057,5,8
80043,80056,80057,1,13
80043,80055,80057,2,12
80043,80055,80057,2,12
80043,80055,80057,2,12
80043,80056,80057,1,13
80043,80056,80057,1,13
80043,80055,80057,2,12
80044,80052,80057,5,8
80044,80052,80057,5,8
80044,80052,80058,6,8
80044,80053,80058,5,9
80044,80053,80058,5,9
80044,80053,80058,5,9
80044,80053,80058,5,9
80044,80053,80057,4,9
80044,80054,80059,5,10
80044,80054,80059,5,10
80044,80054,80059,5,10
80044,80054,80059,5,10
80044,80055,80059,4,11
80044,80055,80059,4,11
80044,80054,80059,5,10
80044,80056,80060,4,12
80044,80056,80060,4,12
80044,80056,80060,4,12
80044,80055,80060,5,11
80044,80055,80060,5,11
80044,80055,80060,5,11
80044,80055,80059,4,11
80044,80055,80060,5,11
80044,80056,80060,4,12
80044,80055,80060,5,11
80044,80056,80061,5,12
80044,80056,80060,4,12
80044,80056,80061,5,12
80044,80056,80061,5,12
80044,80056,80061,5,12
80044,80056,80061,5,12
80044,80056,80061,5,12
80044,80056,80061,5,12
80044,80055,80060,5,11
80044,80055,80060,5,11
80044,80056,80061,5,12
80044,80056,80061,5,12
80044,80056,80061,5,12
80044,80056,80061,5,12
80044,80056,80061,5,12
80044,80056,80061,5,12
80044,80056,80061,5,12
80044,80056,80061,5,12
80070,80071,80074,3,1
80070,80071,80074,3,1
80070,80071,80075,4,1
80070,80071,80075,4,1
80070,80071,80075,4,1
80070,80071,80075,4,1
80070,80071,80075,4,1
80070,80071,80075,4,1
80070,80071,80077,6,1
80070,80071,80076,5,1
80070,80071,80076,5,1
80070,80071,80077,6,1
80070,80071,80076,5,1
80070,80071,80076,5,1
80070,80071,80076,5,1
80070,80071,80076,5,1
80070,80071,80076,5,1
80070,80071,80076,5,1
80070,80071,80076,5,1
80070,80071,80077,6,1
80070,80071,80076,5,1
80070,80071,80077,6,1
80070,80071,80076,5,1
80070,80071,80076,5,1
80070,80071,80077,6,1
80070,80071,80076,5,1
80070,80071,80077,6,1
80070,80071,80077,6,1
80070,80071,80076,5,1
80070,80071,80076,5,1
80070,80071,80077,6,1
80070,80071,80076,5,1
80070,80071,80077,6,1
80070,80071,80077,6,1
80070,80071,80076,5,1
80070,80071,80077,6,1
80070,80071,80076,5,1
80070,80071,80076,5,1
80070,80071,80077,6,1
80070,80071,80077,6,1
80070,80071,80076,5,1
80070,80071,80076,5,1
80070,80071,80077,6,1
80070,80071,80076,5,1
80070,80071,80076,5,1
80070,80071,80077,6,1
80070,80071,80077,6,1
80070,80071,80077,6,1
80070,80071,80077,6,1
80070,80071,80077,6,1
80070,80071,80077,6,1
80070,80071,80078,7,1
80070,80071,80078,7,1
80070,80071,80078,7,1
80070,80071,80078,7,1
80070,80071,80077,6,1
80070,80071,80078,7,1
80070,80071,80078,7,1
80070,80071,80078,7,1
80070,80071,80078,7,1
80070,80071,80077,6,1
80070,80071,80077,6,1
80070,80071,80078,7,1
80070,80071,80077,6,1
80070,80071,80077,6,1
80070,80071,80077,6,1
80070,80071,80077,6,1
80070,80071,80077,6,1
80070,80071,80078,7,1
80070,80071,80077,6,1
80070,80071,80078,7,1
80070,80071,80078,7,1
80070,80071,80077,6,1
80070,80071,80077,6,1
80070,80071,80078,7,1
80070,80071,80078,7,1
80070,80071,80078,7,1
80070,80071,80077,6,1
80070,80071,80078,7,1
80070,80071,80078,7,1
80070,80075,80080,5,5
80070,80075,80080,5,5
80070,80077,80080,3,7
80070,80077,80080,3,7
80070,80075,80080,5,5
80070,80076,80081,5,6
80070,80076,80081,5,6
80070,80077,80080,3,7
80070,80076,80081,5,6
80070,80078,80081,3,8
80070,80076,80081,5,6
80070,80077,80082,5,7
80070,80077,80082,5,7
80070,80076,80081,5,6
80070,80077,80082,5,7
80070,80077,80082,5,7
80070,80078,80082,4,8
80070,80078,80082,4,8
80070,80077,80082,5,7
80070,80077,80081,4,7
80070,80077,80082,5,7
80070,80078,80082,4,8
80070,80077,80082,5,7
80070,80077,80082,5,7
80070,80078,80081,3,8
80070,80077,80082,5,7
80070,80077,80082,5,7
80070,80077,80082,5,7
80070,80077,80083,6,7
80070,80077,80083,6,7
80070,80078,80083,5,8
80070,80077,80083,6,7
80070,80078,80083,5,8
80070,80078,80083,5,8
80070,80077,80082,5,7
80070,80077,80083,6,7
80070,80077,80083,6,7
80070,80077,80083,6,7
80070,80077,80083,6,7
80070,80077,80082,5,7
80070,80077,80082,5,7
80070,80077,80082,5,7
80070,80077,80082,5,7
80070,80077,80083,6,7
80070,80078,80082,4,8
80070,80077,80083,6,7
80070,80077,80083,6,7
80070,80077,80083,6,7
80070,80077,80083,6,7
80070,80077,80082,5,7
80070,80077,80083,6,7
80070,80077,80083,6,7
80070,80077,80083,6,7
80070,80078,80083,5,8
80070,80077,80083,6,7
80070,80078,80083,5,8
80070,80077,80082,5,7
80070,80078,80083,5,8
80070,80078,80083,5,8
80070,80078,80083,5,8
80070,80078,80084,6,8
80070,80078,80084,6,8
80070,80078,80084,6,8
80070,80078,80084,6,8
80070,80078,80084,6,8
80070,80078,80083,5,8
80070,80078,80083,5,8
80070,80078,80084,6,8
80070,80078,80084,6,8
80070,80078,80084,6,8
80070,80078,80084,6,8
80070,80078,80084,6,8
80070,80078,80084,6,8
80070,80078,80083,5,8
80070,80078,80084,6,8
80070,80078,80084,6,8
80070,80078,80084,6,8
80070,80078,80084,6,8
80070,80078,80084,6,8
80070,80078,80084,6,8
80070,80081,80085,4,11
80070,80080,80085,5,10
80070,80080,80085,5,10
80070,80080,80085,5,10
80070,80080,80085,5,10
80070,80080,80085,5,10
80070,80082,80086,4,12
80070,80082,80086,4,12
80070,80081,80085,4,11
80070,80081,80085,4,11
80070,80082,80086,4,12
80070,80081,80085,4,11
80070,80081,80086,5,11
80070,80082,80086,4,12
80070,80081,80086,5,11
80070,80082,80087,5,12
80070,80082,80087,5,12
80070,80082,80087,5,12
80070,80082,80087,5,12
80070,80082,80087,5,12
80070,80082,80087,5,12
80070,80082,80087,5,12
80070,80082,80087,5,12
80070,80082,80087,5,12
80070,80082,80087,5,12
80070,80082,80087,5,12
80070,80083,80088,5,13
80070,80083,80088,5,13
80070,80083,80087,4,13
80070,80083,80088,5,13
80070,80083,80087,4,13
80070,80083,80088,5,13
80070,80083,80088,5,13
80070,80083,80088,5,13
80070,80082,80087,5,12
80070,80082,80087,5,12
80070,80083,80088,5,13
80070,80083,80088,5,13
80070,80083,80088,5,13
80070,80083,80088,5,13
80098,80098,80101,3,0
80098,80098,80101,3,0
80098,80098,80101,3,0
80098,80098,80102,4,0
80098,80098,80103,5,0
80098,80098,80103,5,0
80098,80098,80103,5,0
80098,80098,80102,4,0
80098,80098,80103,5,0
80098,80098,80103,5,0
80098,80098,80102,4,0
80098,80098,80102,4,0
80098,80098,80102,4,0
80098,80098,80103,5,0
80098,80098,80102,4,0
80098,80098,80104,6,0
80098,80098,80103,5,0
80098,80098,80103,5,0
80098,80098,80103,5,0
80098,80098,80103,5,0
80098,80098,80103,5,0
80098,80098,80104,6,0
80098,80098,80104,6,0
80098,80098,80104,6,0
80098,80098,80104,6,0
80098,80098,80103,5,0
80098,80098,80104,6,0
80098,80098,80103,5,0
80098,80098,80103,5,0
80098,80098,80104,6,0
80098,80098,80103,5,0
80098,80098,80103,5,0
80098,80098,80103,5,0
80098,80098,80104,6,0
80098,80098,80104,6,0
80098,80098,80104,6,0
80098,80098,80103,5,0
80098,80098,80103,5,0
80098,80098,80103,5,0
80098,80098,80103,5,0
80098,80098,80104,6,0
80098,80098,80104,6,0
80098,80098,80104,6,0
80098,80098,80103,5,0
80098,80098,80104,6,0
80098,80098,80104,6,0
80098,80098,80103,5,0
80098,80098,80104,6,0
80098,80098,80105,7,0
80098,80098,80104,6,0
80098,80098,80104,6,0
80098,80098,80104,6,0
80098,80098,80105,7,0
80098,80098,80104,6,0
80098,80098,80104,6,0
80098,80098,80104,6,0
80098,80098,80104,6,0
80098,80098,80105,7,0
80098,80098,80104,6,0
80098,80098,80104,6,0
80098,80098,80104,6,0
80098,80098,80105,7,0
80098,80098,80104,6,0
80098,80098,80104,6,0
80098,80098,80104,6,0
80098,80098,80104,6,0
80098,80098,80105,7,0
80098,80098,80104,6,0
80098,80098,80104,6,0
80098,80098,80104,6,0
80098,80098,80105,7,0
80098,80098,80104,6,0
80098,80098,80104,6,0
80098,80098,80105,7,0
80098,80098,80104,6,0
80098,80098,80104,6,0
80098,80098,80105,7,0
80098,80098,80105,7,0
80098,80098,80104,6,0
80098,80098,80105,7,0
80098,80103,80106,3,5
80098,80102,80107,5,4
80098,80104,80107,3,6
80098,80102,80107,5,4
80098,80103,80107,4,5
80098,80102,80107,5,4
80098,80103,80107,4,5
80098,80103,80107,4,5
80098,80104,80107,3,6
80098,80104,80108,4,6
80098,80103,80108,5,5
80098,80105,80108,3,7
80098,80103,80108,5,5
80098,80104,80108,4,6
80098,80103,80108,5,5
80098,80103,80108,5,5
80098,80104,80108,4,6
80098,80104,80108,4,6
80098,80104,80108,4,6
80098,80103,80107,4,5
80098,80104,80109,5,6
80098,80103,80108,5,5
80098,80104,80109,5,6
80098,80105,80109,4,7
80098,80104,80109,5,6
80098,80103,80108,5,5
80098,80105,80109,4,7
80098,80105,80109,4,7
80098,80104,80109,5,6
80098,80105,80108,3,7
80098,80103,80109,6,5
80098,80104,80109,5,6
80098,80105,80109,4,7
80098,80104,80108,4,6
80098,80105,80109,4,7
80098,80104,80109,5,6
80098,80104,80109,5,6
80098,80104,80109,5,6
80098,80105,80110,5,7
80098,80105,80110,5,7
80098,80104,80110,6,6
80098,80104,80109,5,6
80098,80104,80109,5,6
80098,80105,80110,5,7
80098,80105,80110,5,7
80098,80104,80110,6,6
80098,80104,80109,5,6
80098,80105,80110,5,7
80098,80104,80110,6,6
80098,80104,80110,6,6
80098,80104,80110,6,6
80098,80104,80110,6,6
80098,80104,80109,5,6
80098,80104,80110,6,6
80098,80104,80110,6,6
80098,80105,80110,5,7
80098,80105,80110,5,7
80098,80105,80110,5,7
80098,80104,80110,6,6
80098,80104,80110,6,6
80098,80104,80110,6,6
80098,80104,80109,5,6
80098,80105,80110,5,7
80098,80105,80110,5,7
80098,80104,80110,6,6
80098,80105,80110,5,7
80098,80105,80110,5,7
80098,80105,80110,5,7
80098,80105,80111,6,7
80098,80105,80110,5,7
80098,80105,80110,5,7
80098,80105,80111,6,7
80098,80105,80110,5,7
80098,80105,80111,6,7
80098,80105,80111,6,7
80098,80105,80111,6,7
80098,80105,80111,6,7
80098,80105,80111,6,7
80098,80106,80111,5,8
80098,80105,80110,5,7
80098,80105,80111,6,7
80098,80108,80112,4,10
80098,80108,80112,4,10
80098,80107,80112,5,9
80098,80107,80112,5,9
80098,80107,80112,5,9
80098,80107,80112,5,9
80098,80107,80112,5,9
80098,80108,80112,4,10
80098,80107,80112,5,9
80098,80107,80112,5,9
80098,80108,80113,5,10
80098,80108,80113,5,10
80098,80109,80113,4,11
80098,80108,80113,5,10
80098,80108,80113,5,10
80098,80108,80113,5,10
80098,80108,80113,5,10
80098,80109,80113,4,11
80098,80108,80113,5,10
80098,80108,80113,5,10
80098,80109,80113,4,11
80098,80110,80114,4,12
80098,80109,80114,5,11
80098,80109,80113,4,11
80098,80109,80114,5,11
80098,80109,80114,5,11
80098,80109,80114,5,11
80098,80109,80114,5,11
80098,80109,80114,5,11
80098,80109,80114,5,11
80098,80108,80113,5,10
80098,80109,80114,5,11
80098,80109,80114,5,11
80098,80110,80115,5,12
80098,80110,80115,5,12
80098,80109,80114,5,11
80098,80109,80114,5,11
80098,80110,80116,6,12
80098,80110,80115,5,12
80125,80125,80129,4,0
80125,80125,80129,4,0
80125,80125,80130,5,0
80125,80125,80129,4,0
80125,80125,80129,4,0
80125,80125,80130,5,0
80125,80125,80130,5,0
80125,80125,80129,4,0
80125,80125,80130,5,0
80125,80125,80130,5,0
80125,80125,80130,5,0
80125,80125,80130,5,0
80125,80125,80131,6,0
80125,80125,80131,6,0
80125,80125,80130,5,0
80125,80125,80130,5,0
80125,80125,80130,5,0
80125,80125,80130,5,0
80125,80125,80130,5,0
80125,80125,80131,6,0
80125,80125,80131,6,0
80125,80125,80130,5,0
80125,80125,80130,5,0
80125,80125,80130,5,0
80125,80125,80131,6,0
80125,80125,80130,5,0
80125,80125,80130,5,0
80125,80125,80131,6,0
80125,80125,80130,5,0
80125,80125,80131,6,0
80125,80125,80130,5,0
80125,80125,80130,5,0
80125,80125,80131,6,0
80125,80125,80131,6,0
80125,80125,80130,5,0
80125,80125,80131,6,0
80125,80125,80131,6,0
80125,80125,80131,6,0
80125,80125,80130,5,0
80125,80125,80130,5,0
80125,80125,80131,6,0
80125,80125,80131,6,0
80125,80125,80131,6,0
80125,80125,80131,6,0
80125,80125,80131,6,0
80125,80125,80131,6,0
80125,80125,80130,5,0
80125,80125,80130,5,0
80125,80125,80131,6,0
80125,80125,80131,6,0
80125,80125,80131,6,0
80125,80125,80131,6,0
80125,80125,80132,7,0
80125,80125,80132,7,0
80125,80125,80132,7,0
80125,80125,80131,6,0
80125,80125,80132,7,0
80125,80125,80131,6,0
80125,80125,80132,7,0
80125,80125,80132,7,0
80125,80125,80131,6,0
80125,80125,80132,7,0
80125,80125,80131,6,0
80125,80125,80131,6,0
80125,80125,80131,6,0
80125,80125,80131,6,0
80125,80125,80131,6,0
80125,80125,80132,7,0
80125,80125,80131,6,0
80125,80125,80131,6,0
80125,80125,80131,6,0
80125,80125,80132,7,0
80125,80125,80131,6,0
80125,80125,80131,6,0
80125,80125,80131,6,0
80125,80125,80132,7,0
80125,80125,80131,6,0
80125,80125,80131,6,0
80125,80125,80132,7,0
80125,80125,80132,7,0
80125,80130,80134,4,5
80125,80129,80134,5,4
80125,80129,80134,5,4
80125,80130,80135,5,5
80125,80130,80135,5,5
80125,80130,80135,5,5
80125,80131,80135,4,6
80125,80130,80135,5,5
80125,80131,80136,5,6
80125,80131,80136,5,6
80125,80131,80136,5,6
80125,80130,80135,5,5
80125,80131,80135,4,6
80125,80131,80136,5,6
80125,80131,80136,5,6
80125,80131,80136,5,6
80125,80131,80136,5,6
80125,80130,80136,6,5
80125,80131,80136,5,6
80125,80131,80136,5,6
80125,80131,80135,4,6
80125,80131,80136,5,6
80125,80131,80136,5,6
80125,80131,80136,5,6
80125,80131,80137,6,6
80125,80131,80136,5,6
80125,80131,80137,6,6
80125,80132,80136,4,7
80125,80131,80136,5,6
80125,80131,80137,6,6
80125,80131,80136,5,6
80125,80132,80137,5,7
80125,80132,80136,4,7
80125,80131,80137,6,6
80125,80131,80137,6,6
80125,80131,80136,5,6
80125,80132,80137,5,7
80125,80131,80137,6,6
80125,80131,80137,6,6
80125,80132,80136,4,7
80125,80131,80137,6,6
80125,80131,80136,5,6
80125,80132,80137,5,7
80125,80132,80137,5,7
80125,80132,80136,4,7
80125,80131,80137,6,6
80125,80131,80137,6,6
80125,80131,80137,6,6
80125,80131,80137,6,6
80125,80131,80137,6,6
80125,80131,80136,5,6
80125,80131,80136,5,6
80125,80131,80137,6,6
80125,80131,80137,6,6
80125,80132,80137,5,7
80125,80131,80136,5,6
80125,80131,80136,5,6
80125,80131,80137,6,6
80125,80132,80137,5,7
80125,80132,80137,5,7
80125,80132,80137,5,7
80125,80132,80137,5,7
80125,80132,80138,6,7
80125,80132,80138,6,7
80125,80131,80138,7,6
80125,80132,80138,6,7
80125,80132,80138,6,7
80125,80132,80138,6,7
80125,80132,80138,6,7
80125,80132,80138,6,7
80125,80132,80138,6,7
80125,80132,80138,6,7
80125,80132,80138,6,7
80125,80132,80138,6,7
80125,80136,80138,2,11
80125,80132,80138,6,7
80125,80132,80138,6,7
80125,80132,80138,6,7
80125,80132,80138,6,7
80125,80132,80138,6,7
80125,80132,80138,6,7
80125,80135,80139,4,10
80125,80134,80139,5,9
80125,80135,80139,4,10
80125,80134,80139,5,9
80125,80134,80139,5,9
80125,80135,80139,4,10
80125,80136,80140,4,11
80125,80135,80140,5,10
80125,80135,80140,5,10
80125,80136,80140,4,11
80125,80137,80141,4,12
80125,80136,80141,5,11
80125,80136,80141,5,11
80125,80137,80141,4,12
80125,80136,80141,5,11
80125,80136,80141,5,11
80125,80136,80141,5,11
80125,80136,80141,5,11
80125,80136,80142,6,11
80125,80136,80141,5,11
80125,80136,80141,5,11
80125,80136,80141,5,11
80125,80137,80142,5,12
80125,80137,80142,5,12
80125,80137,80142,5,12
80125,80137,80142,5,12
80125,80137,80142,5,12
80125,80137,80142,5,12
80125,80137,80142,5,12
80125,80137,80142,5,12
80125,80137,80142,5,12
80125,80137,80143,6,12
80125,80137,80142,5,12
80125,80136,80142,6,11
80125,80137,80142,5,12
80125,80137,80143,6,12
80125,80137,80143,6,12
80125,80137,80143,6,12
80125,80137,80143,6,12
80152,80152,80157,5,0
80152,80152,80157,5,0
80152,80152,80156,4,0
80152,80152,80156,4,0
80152,80152,80157,5,0
80152,80152,80157,5,0
80152,80152,80157,5,0
80152,80152,80157,5,0
80152,80152,80157,5,0
80152,80152,80158,6,0
80152,80152,80158,6,0
80152,80152,80157,5,0
80152,80152,80157,5,0
80152,80152,80157,5,0
80152,80152,80157,5,0
80152,80152,80158,6,0
80152,80152,80158,6,0
80152,80152,80158,6,0
80152,80152,80157,5,0
80152,80152,80157,5,0
80152,80152,80158,6,0
80152,80152,80158,6,0
80152,80152,80157,5,0
80152,80152,80157,5,0
80152,80152,80157,5,0
80152,80152,80158,6,0
80152,80152,80157,5,0
80152,80152,80158,6,0
80152,80152,80157,5,0
80152,80152,80158,6,0
80152,80152,80157,5,0
80152,80152,80157,5,0
80152,80152,80158,6,0
80152,80152,80158,6,0
80152,80152,80158,6,0
80152,80152,80157,5,0
80152,80152,80157,5,0
80152,80152,80158,6,0
80152,80152,80157,5,0
80152,80152,80157,5,0
80152,80152,80158,6,0
80152,80152,80158,6,0
80152,80152,80158,6,0
80152,80152,80158,6,0
80152,80152,80157,5,0
80152,80152,80158,6,0
80152,80152,80158,6,0
80152,80152,80157,5,0
80152,80152,80158,6,0
80152,80152,80157,5,0
80152,80152,80157,5,0
80152,80152,80157,5,0
80152,80152,80158,6,0
80152,80152,80158,6,0
80152,80152,80158,6,0
80152,80152,80158,6,0
80152,80152,80159,7,0
80152,80152,80158,6,0
80152,80152,80158,6,0
80152,80152,80158,6,0
80152,80152,80158,6,0
80152,80152,80158,6,0
80152,80152,80158,6,0
80152,80152,80158,6,0
80152,80152,80158,6,0
80152,80152,80158,6,0
80152,80152,80159,7,0
80152,80152,80159,7,0
80152,80152,80159,7,0
80152,80152,80159,7,0
80152,80152,80158,6,0
80152,80152,80158,6,0
80152,80152,80158,6,0
80152,80152,80158,6,0
80152,80152,80158,6,0
80152,80152,80159,7,0
80152,80152,80158,6,0
80152,80152,80159,7,0
80152,80152,80158,6,0
80152,80152,80158,6,0
80152,80158,80161,3,6
80152,80157,80162,5,5
80152,80158,80162,4,6
80152,80157,80162,5,5
80152,80157,80162,5,5
80152,80158,80162,4,6
80152,80157,80162,5,5
80152,80157,80163,6,5
80152,80158,80163,5,6
80152,80158,80163,5,6
80152,80158,80163,5,6
80152,80158,80163,5,6
80152,80158,80163,5,6
80152,80157,80163,6,5
80152,80157,80163,6,5
80152,80158,80163,5,6
80152,80158,80163,5,6
80152,80159,80163,4,7
80152,80158,80164,6,6
80152,80158,80164,6,6
80152,80158,80164,6,6
80152,80159,80164,5,7
80152,80158,80164,6,6
80152,80158,80164,6,6
80152,80158,80164,6,6
80152,80158,80164,6,6
80152,80158,80164,6,6
80152,80158,80164,6,6
80152,80158,80164,6,6
80152,80158,80164,6,6
80152,80158,80164,6,6
80152,80158,80164,6,6
80152,80158,80164,6,6
80152,80158,80164,6,6
80152,80158,80164,6,6
80152,80158,80164,6,6
80152,80158,80164,6,6
80152,80158,80164,6,6
80152,80158,80164,6,6
80152,80158,80164,6,6
80152,80158,80164,6,6
80152,80158,80164,6,6
80152,80158,80164,6,6
80152,80158,80164,6,6
80152,80158,80164,6,6
80152,80158,80164,6,6
80152,80158,80164,6,6
80152,80158,80164,6,6
80152,80159,80164,5,7
80152,80158,80164,6,6
80152,80158,80164,6,6
80152,80158,80164,6,6
80152,80158,80164,6,6
80152,80159,80164,5,7
80152,80158,80164,6,6
80152,80159,80165,6,7
80152,80159,80165,6,7
80152,80159,80165,6,7
80152,80159,80165,6,7
80152,80159,80165,6,7
80152,80159,80165,6,7
80152,80159,80165,6,7
80152,80159,80165,6,7
80152,80159,80165,6,7
80152,80159,80165,6,7
80152,80159,80165,6,7
80152,80158,80165,7,6
80152,80158,80165,7,6
80152,80159,80165,6,7
80152,80159,80165,6,7
80152,80159,80165,6,7
80152,80159,80165,6,7
80152,80159,80165,6,7
80152,80159,80165,6,7
80152,80159,80165,6,7
80152,80159,80165,6,7
80152,80159,80165,6,7
80152,80158,80165,7,6
80152,80159,80165,6,7
80152,80159,80165,6,7
80152,80161,80166,5,9
80152,80162,80167,5,10
80152,80162,80167,5,10
80152,80162,80167,5,10
80152,80162,80167,5,10
80152,80162,80167,5,10
80152,80165,80167,2,13
80152,80162,80167,5,10
80152,80163,80168,5,11
80152,80163,80168,5,11
80152,80163,80168,5,11
80152,80163,80169,6,11
80152,80163,80168,5,11
80152,80163,80168,5,11
80152,80163,80168,5,11
80152,80165,80168,3,13
80152,80163,80168,5,11
80152,80163,80168,5,11
80152,80165,80168,3,13
80152,80165,80169,4,13
80152,80165,80169,4,13
80152,80163,80169,6,11
80152,80163,80169,6,11
80152,80165,80169,4,13
80152,80165,80169,4,13
80152,80165,80169,4,13
80152,80165,80169,4,13
80152,80165,80170,5,13
80152,80165,80170,5,13
80152,80165,80169,4,13
80152,80165,80170,5,13
80152,80165,80170,5,13
80152,80165,80169,4,13
80152,80165,80170,5,13
80152,80165,80170,5,13
80152,80165,80170,5,13
80152,80165,80170,5,13
80152,80165,80170,5,13
80152,80165,80170,5,13
80152,80165,80170,5,13
80179,80179,80183,4,0
80179,80179,80184,5,0
80179,80179,80183,4,0
80179,80179,80184,5,0
80179,80179,80184,5,0
80179,80179,80185,6,0
80179,80179,80184,5,0
80179,80179,80185,6,0
80179,80179,80185,6,0
80179,80179,80185,6,0
80179,80179,80185,6,0
80179,80179,80185,6,0
80179,80180,80185,5,1
80179,80179,80185,6,0
80179,80179,80185,6,0
80179,80179,80185,6,0
80179,80179,80185,6,0
80179,80179,80185,6,0
80179,80179,80184,5,0
80179,80179,80185,6,0
80179,80179,80185,6,0
80179,80179,80185,6,0
80179,80179,80185,6,0
80179,80179,80185,6,0
80179,80179,80185,6,0
80179,80179,80185,6,0
80179,80179,80185,6,0
80179,80179,80185,6,0
80179,80179,80185,6,0
80179,80179,80185,6,0
80179,80179,80185,6,0
80179,80179,80185,6,0
80179,80179,80185,6,0
80179,80179,80185,6,0
80179,80180,80185,5,1
80179,80179,80185,6,0
80179,80179,80185,6,0
80179,80179,80185,6,0
80179,80179,80185,6,0
80179,80179,80185,6,0
80179,80180,80185,5,1
80179,80179,80185,6,0
80179,80179,80185,6,0
80179,80179,80186,7,0
80179,80179,80186,7,0
80179,80179,80186,7,0
80179,80179,80186,7,0
80179,80180,80186,6,1
80179,80179,80186,7,0
80179,80179,80186,7,0
80179,80179,80186,7,0
80179,80180,80186,6,1
80179,80179,80186,7,0
80179,80179,80186,7,0
80179,80179,80186,7,0
80179,80180,80186,6,1
80179,80179,80187,8,0
80179,80180,80187,7,1
80179,80180,80186,6,1
80179,80179,80186,7,0
80179,80179,80186,7,0
80179,80179,80186,7,0
80179,80179,80186,7,0
80179,80179,80186,7,0
80179,80179,80186,7,0
80179,80180,80186,6,1
80179,80180,80186,6,1
80179,80180,80186,6,1
80179,80180,80186,6,1
80179,80179,80186,7,0
80179,80179,80186,7,0
80179,80179,80186,7,0
80179,80179,80186,7,0
80179,80179,80186,7,0
80179,80180,80186,6,1
80179,80179,80186,7,0
80179,80179,80186,7,0
80179,80180,80186,6,1
80179,80180,80187,7,1
80179,80179,80187,8,0
80179,80183,80188,5,4
80179,80184,80189,5,5
80179,80184,80190,6,5
80179,80184,80190,6,5
80179,80186,80190,4,7
80179,80186,80190,4,7
80179,80187,80190,3,8
80179,80186,80190,4,7
80179,80186,80191,5,7
80179,80185,80190,5,6
80179,80186,80190,4,7
80179,80186,80190,4,7
80179,80184,80190,6,5
80179,80186,80191,5,7
80179,80186,80191,5,7
80179,80185,80190,5,6
80179,80186,80191,5,7
80179,80185,80191,6,6
80179,80186,80191,5,7
80179,80186,80191,5,7
80179,80186,80191,5,7
80179,80186,80191,5,7
80179,80185,80191,6,6
80179,80186,80191,5,7
80179,80186,80191,5,7
80179,80186,80191,5,7
80179,80187,80191,4,8
80179,80186,80191,5,7
80179,80186,80191,5,7
80179,80185,80191,6,6
80179,80186,80191,5,7
80179,80187,80191,4,8
80179,80187,80192,5,8
80179,80186,80191,5,7
80179,80186,80191,5,7
80179,80186,80191,5,7
80179,80186,80191,5,7
80179,80187,80192,5,8
80179,80186,80191,5,7
80179,80187,80192,5,8
80179,80187,80191,4,8
80179,80188,80192,4,9
80179,80186,80191,5,7
80179,80186,80192,6,7
80179,80186,80191,5,7
80179,80186,80191,5,7
80179,80186,80192,6,7
80179,80187,80192,5,8
80179,80187,80191,4,8
80179,80186,80191,5,7
80179,80187,80191,4,8
80179,80187,80191,4,8
80179,80186,80191,5,7
80179,80186,80191,5,7
80179,80186,80191,5,7
80179,80187,80191,4,8
80179,80187,80192,5,8
80179,80187,80192,5,8
80179,80187,80192,5,8
80179,80187,80192,5,8
80179,80187,80192,5,8
80179,80187,80192,5,8
80179,80187,80193,6,8
80179,80189,80192,3,10
80179,80187,80192,5,8
80179,80187,80192,5,8
80179,80187,80192,5,8
80179,80187,80193,6,8
80179,80187,80193,6,8
80179,80187,80193,6,8
80179,80187,80192,5,8
80179,80187,80192,5,8
80179,80187,80192,5,8
80179,80187,80193,6,8
80179,80188,80192,4,9
80179,80187,80192,5,8
80179,80187,80192,5,8
80179,80187,80193,6,8
80179,80187,80192,5,8
80179,80187,80192,5,8
80179,80187,80193,6,8
80179,80190,80194,4,11
80179,80191,80195,4,12
80179,80192,80194,2,13
80179,80192,80195,3,13
80179,80190,80194,4,11
80179,80190,80194,4,11
80179,80190,80195,5,11
80179,80190,80194,4,11
80179,80192,80195,3,13
80179,80191,80195,4,12
80179,80191,80196,5,12
80179,80191,80196,5,12
80179,80191,80196,5,12
80179,80191,80196,5,12
80179,80191,80196,5,12
80179,80191,80195,4,12
80179,80191,80196,5,12
80179,80191,80195,4,12
80179,80192,80196,4,13
80179,80192,80196,4,13
80179,80191,80196,5,12
80179,80192,80197,5,13
80179,80192,80197,5,13
80179,80192,80197,5,13
80179,80192,80197,5,13
80179,80192,80196,4,13
80179,80192,80197,5,13
80179,80192,80197,5,13
80179,80192,80197,5,13
80179,80192,80197,5,13
80179,80192,80197,5,13
80179,80192,80197,5,13
80179,80192,80197,5,13
80179,80192,80197,5,13
80179,80192,80197,5,13
80179,80192,80197,5,13
80179,80192,80197,5,13
80179,80192,80197,5,13
80179,80192,80197,5,13
80206,80207,80210,3,1
80206,80207,80211,4,1
80206,80207,80211,4,1
80206,80207,80211,4,1
80206,80207,80211,4,1
80206,80207,80211,4,1
80206,80207,80211,4,1
80206,80207,80211,4,1
80206,80207,80211,4,1
80206,80207,80211,4,1
80206,80207,80211,4,1
80206,80207,80212,5,1
80206,80207,80211,4,1
80206,80207,80212,5,1
80206,80207,80212,5,1
80206,80207,80211,4,1
80206,80207,80212,5,1
80206,80207,80211,4,1
80206,80207,80211,4,1
80206,80207,80212,5,1
80206,80207,80211,4,1
80206,80207,80213,6,1
80206,80207,80212,5,1
80206,80207,80212,5,1
80206,80207,80212,5,1
80206,80207,80212,5,1
80206,80207,80213,6,1
80206,80207,80213,6,1
80206,80207,80212,5,1
80206,80207,80212,5,1
80206,80207,80212,5,1
80206,80207,80212,5,1
80206,80207,80213,6,1
80206,80207,80212,5,1
80206,80207,80213,6,1
80206,80207,80212,5,1
80206,80207,80212,5,1
80206,80207,80213,6,1
80206,80207,80212,5,1
80206,80207,80213,6,1
80206,80207,80212,5,1
80206,80207,80213,6,1
80206,80207,80212,5,1
80206,80207,80213,6,1
80206,80207,80212,5,1
80206,80207,80212,5,1
80206,80207,80213,6,1
80206,80207,80213,6,1
80206,80207,80212,5,1
80206,80207,80212,5,1
80206,80207,80213,6,1
80206,80207,80212,5,1
80206,80207,80212,5,1
80206,80207,80213,6,1
80206,80207,80213,6,1
80206,80207,80213,6,1
80206,80207,80213,6,1
80206,80207,80214,7,1
80206,80207,80214,7,1
80206,80207,80214,7,1
80206,80207,80213,6,1
80206,80207,80213,6,1
80206,80207,80214,7,1
80206,80207,80213,6,1
80206,80207,80213,6,1
80206,80207,80213,6,1
80206,80207,80213,6,1
80206,80207,80213,6,1
80206,80207,80214,7,1
80206,80207,80213,6,1
80206,80211,80214,3,5
80206,80207,80213,6,1
80206,80207,80213,6,1
80206,80207,80213,6,1
80206,80207,80214,7,1
80206,80207,80213,6,1
80206,80207,80213,6,1
80206,80207,80214,7,1
80206,80207,80213,6,1
80206,80207,80214,7,1
80206,80207,80214,7,1
80206,80211,80215,4,5
80206,80213,80216,3,7
80206,80212,80216,4,6
80206,80211,80216,5,5
80206,80211,80216,5,5
80206,80212,80216,4,6
80206,80212,80216,4,6
80206,80213,80217,4,7
80206,80213,80217,4,7
80206,80212,80216,4,6
80206,80213,80217,4,7
80206,80214,80217,3,8
80206,80214,80217,3,8
80206,80212,80217,5,6
80206,80212,80217,5,6
80206,80212,80217,5,6
80206,80213,80217,4,7
80206,80212,80217,5,6
80206,80212,80217,5,6
80206,80213,80217,4,7
80206,80212,80217,5,6
80206,80212,80217,5,6
80206,80214,80217,3,8
80206,80212,80217,5,6
80206,80213,80218,5,7
80206,80213,80218,5,7
80206,80213,80218,5,7
80206,80212,80217,5,6
80206,80212,80217,5,6
80206,80212,80217,5,6
80206,80213,80218,5,7
80206,80213,80218,5,7
80206,80213,80217,4,7
80206,80213,80218,5,7
80206,80212,80218,6,6
80206,80212,80217,5,6
80206,80214,80217,3,8
80206,80213,80218,5,7
80206,80213,80217,4,7
80206,80214,80218,4,8
80206,80214,80218,4,8
80206,80213,80218,5,7
80206,80213,80218,5,7
80206,80216,80218,2,10
80206,80214,80219,5,8
80206,80213,80218,5,7
80206,80214,80218,4,8
80206,80213,80218,5,7
80206,80213,80218,5,7
80206,80213,80219,6,7
80206,80213,80218,5,7
80206,80214,80218,4,8
80206,80213,80218,5,7
80206,80213,80218,5,7
80206,80213,80219,6,7
80206,80214,80219,5,8
80206,80213,80218,5,7
80206,80214,80218,4,8
80206,80213,80218,5,7
80206,80213,80219,6,7
80206,80213,80219,6,7
80206,80214,80218,4,8
80206,80213,80219,6,7
80206,80214,80219,5,8
80206,80214,80219,5,8
80206,80213,80218,5,7
80206,80213,80219,6,7
80206,80213,80218,5,7
80206,80214,80219,5,8
80206,80214,80219,5,8
80206,80214,80219,5,8
80206,80214,80219,5,8
80206,80214,80219,5,8
80206,80214,80219,5,8
80206,80217,80220,3,11
80206,80214,80219,5,8
80206,80214,80219,5,8
80206,80214,80219,5,8
80206,80217,80219,2,11
80206,80214,80219,5,8
80206,80214,80219,5,8
80206,80214,80219,5,8
80206,80214,80219,5,8
80206,80218,80220,2,12
80206,80215,80220,5,9
80206,80216,80220,4,10
80206,80217,80220,3,11
80206,80216,80220,4,10
80206,80216,80220,4,10
80206,80216,80220,4,10
80206,80216,80221,5,10
80206,80217,80221,4,11
80206,80217,80221,4,11
80206,80218,80222,4,12
80206,80218,80222,4,12
80206,80217,80222,5,11
80206,80217,80222,5,11
80206,80217,80222,5,11
80206,80217,80222,5,11
80206,80217,80222,5,11
80206,80217,80222,5,11
80206,80217,80222,5,11
80206,80217,80222,5,11
80206,80217,80222,5,11
80206,80218,80223,5,12
80206,80218,80223,5,12
80206,80218,80222,4,12
80206,80218,80223,5,12
80206,80218,80223,5,12
80206,80218,80223,5,12
80206,80217,80222,5,11
80206,80217,80223,6,11
80206,80217,80222,5,11
80206,80218,80223,5,12
80206,80218,80223,5,12
80206,80218,80223,5,12
80206,80218,80223,5,12
80206,80218,80223,5,12
80206,80218,80223,5,12
80233,80233,80237,4,0
80233,80233,80236,3,0
80233,80233,80236,3,0
80233,80233,80237,4,0
80233,80233,80238,5,0
80233,80233,80237,4,0
80233,80233,80238,5,0
80233,80233,80238,5,0
80233,80233,80237,4,0
80233,80233,80238,5,0
80233,80233,80238,5,0
80233,80233,80238,5,0
80233,80233,80238,5,0
80233,80233,80239,6,0
80233,80233,80239,6,0
80233,80233,80238,5,0
80233,80233,80238,5,0
80233,80233,80239,6,0
80233,80233,80238,5,0
80233,80233,80238,5,0
80233,80233,80239,6,0
80233,80233,80239,6,0
80233,80233,80239,6,0
80233,80233,80239,6,0
80233,80233,80238,5,0
80233,80233,80238,5,0
80233,80233,80238,5,0
80233,80233,80239,6,0
80233,80233,80239,6,0
80233,80233,80238,5,0
80233,80233,80238,5,0
80233,80233,80239,6,0
80233,80233,80238,5,0
80233,80233,80238,5,0
80233,80233,80238,5,0
80233,80233,80239,6,0
80233,80233,80238,5,0
80233,80233,80238,5,0
80233,80233,80238,5,0
80233,80233,80238,5,0
80233,80233,80239,6,0
80233,80233,80238,5,0
80233,80233,80238,5,0
80233,80233,80239,6,0
80233,80233,80238,5,0
80233,80233,80239,6,0
80233,80233,80239,6,0
80233,80233,80239,6,0
80233,80233,80239,6,0
80233,80233,80238,5,0
80233,80233,80240,7,0
80233,80233,80239,6,0
80233,80233,80239,6,0
80233,80233,80239,6,0
80233,80233,80240,7,0
80233,80233,80240,7,0
80233,80233,80239,6,0
80233,80233,80239,6,0
80233,80233,80239,6,0
80233,80233,80239,6,0
80233,80233,80239,6,0
80233,80233,80240,7,0
80233,80233,80240,7,0
80233,80233,80239,6,0
80233,80233,80240,7,0
80233,80233,80240,7,0
80233,80233,80239,6,0
80233,80233,80239,6,0
80233,80233,80240,7,0
80233,80233,80239,6,0
80233,80233,80240,7,0
80233,80233,80239,6,0
80233,80233,80239,6,0
80233,80233,80239,6,0
80233,80233,80239,6,0
80233,80238,80240,2,5
80233,80233,80239,6,0
80233,80233,80239,6,0
80233,80233,80239,6,0
80233,80233,80239,6,0
80233,80233,80239,6,0
80233,80237,80242,5,4
80233,80238,80241,3,5
80233,80237,80242,5,4
80233,80237,80242,5,4
80233,80238,80243,5,5
80233,80239,80243,4,6
80233,80238,80243,5,5
80233,80239,80243,4,6
80233,80238,80243,5,5
80233,80238,80243,5,5
80233,80239,80243,4,6
80233,80238,80243,5,5
80233,80239,80244,5,6
80233,80239,80244,5,6
80233,80240,80244,4,7
80233,80239,80244,5,6
80233,80239,80244,5,6
80233,80239,80244,5,6
80233,80239,80244,5,6
80233,80239,80244,5,6
80233,80239,80244,5,6
80233,80239,80244,5,6
80233,80239,80244,5,6
80233,80239,80244,5,6
80233,80239,80244,5,6
80233,80239,80244,5,6
80233,80238,80244,6,5
80233,80239,80244,5,6
80233,80239,80244,5,6
80233,80239,80245,6,6
80233,80240,80245,5,7
80233,80240,80245,5,7
80233,80239,80244,5,6
80233,80239,80245,6,6
80233,80240,80245,5,7
80233,80240,80245,5,7
80233,80239,80244,5,6
80233,80239,80245,6,6
80233,80240,80245,5,7
80233,80240,80245,5,7
80233,80239,80244,5,6
80233,80239,80245,6,6
80233,80239,80245,6,6
80233,80240,80245,5,7
80233,80240,80245,5,7
80233,80239,80245,6,6
80233,80239,80245,6,6
80233,80239,80245,6,6
80233,80239,80245,6,6
80233,80239,80245,6,6
80233,80239,80245,6,6
80233,80239,80245,6,6
80233,80239,80245,6,6
80233,80239,80245,6,6
80233,80240,80245,5,7
80233,80239,80245,6,6
80233,80239,80245,6,6
80233,80239,80245,6,6
80233,80240,80245,5,7
80233,80239,80245,6,6
80233,80240,80245,5,7
80233,80240,80246,6,7
80233,80240,80245,5,7
80233,80240,80246,6,7
80233,80240,80246,6,7
80233,80240,80246,6,7
80233,80240,80246,6,7
80233,80240,80246,6,7
80233,80240,80246,6,7
80233,80240,80246,6,7
80233,80240,80246,6,7
80233,80240,80246,6,7
80233,80240,80246,6,7
80233,80240,80246,6,7
80233,80240,80246,6,7
80233,80240,80246,6,7
80233,80240,80246,6,7
80233,80240,80246,6,7
80233,80240,80246,6,7
80233,80240,80246,6,7
80233,80244,80247,3,11
80233,80242,80247,5,9
80233,80242,80247,5,9
80233,80242,80247,5,9
80233,80242,80248,6,9
80233,80243,80247,4,10
80233,80244,80248,4,11
80233,80243,80248,5,10
80233,80243,80248,5,10
80233,80246,80248,2,13
80233,80243,80248,5,10
80233,80243,80249,6,10
80233,80243,80249,6,10
80233,80243,80248,5,10
80233,80243,80248,5,10
80233,80244,80249,5,11
80233,80245,80249,4,12
80233,80244,80249,5,11
80233,80244,80249,5,11
80233,80244,80249,5,11
80233,80244,80249,5,11
80233,80244,80249,5,11
80233,80245,80249,4,12
80233,80245,80249,4,12
80233,80245,80249,4,12
80233,80245,80249,4,12
80233,80245,80249,4,12
80233,80245,80250,5,12
80233,80245,80249,4,12
80233,80245,80250,5,12
80233,80245,80250,5,12
80233,80245,80250,5,12
80233,80245,80250,5,12
80233,80245,80250,5,12
80233,80246,80250,4,13
80233,80246,80250,4,13
80233,80246,80250,4,13
80233,80245,80250,5,12
80233,80245,80251,6,12
80260,80260,80265,5,0
80260,80260,80264,4,0
80260,80260,80265,5,0
80260,80260,80266,6,0
80260,80260,80266,6,0
80260,80260,80266,6,0
80260,80260,80266,6,0
80260,80260,80265,5,0
80260,80260,80266,6,0
80260,80260,80266,6,0
80260,80260,80266,6,0
80260,80260,80265,5,0
80260,80260,80266,6,0
80260,80260,80265,5,0
80260,80260,80266,6,0
80260,80260,80266,6,0
80260,80260,80266,6,0
80260,80260,80266,6,0
80260,80260,80266,6,0
80260,80260,80266,6,0
80260,80260,80266,6,0
80260,80260,80266,6,0
80260,80260,80266,6,0
80260,80260,80266,6,0
80260,80260,80266,6,0
80260,80260,80266,6,0
80260,80260,80266,6,0
80260,80260,80266,6,0
80260,80260,80266,6,0
80260,80260,80266,6,0
80260,80260,80266,6,0
80260,80260,80266,6,0
80260,80260,80266,6,0
80260,80260,80266,6,0
80260,80260,80266,6,0
80260,80260,80267,7,0
80260,80260,80267,7,0
80260,80260,80267,7,0
80260,80260,80267,7,0
80260,80260,80267,7,0
80260,80260,80266,6,0
80260,80260,80267,7,0
80260,80260,80267,7,0
80260,80260,80267,7,0
80260,80260,80266,6,0
80260,80260,80267,7,0
80260,80260,80266,6,0
80260,80260,80266,6,0
80260,80260,80267,7,0
80260,80260,80266,6,0
80260,80260,80267,7,0
80260,80260,80266,6,0
80260,80260,80267,7,0
80260,80260,80267,7,0
80260,80260,80266,6,0
80260,80260,80267,7,0
80260,80260,80266,6,0
80260,80260,80267,7,0
80260,80260,80267,7,0
80260,80260,80267,7,0
80260,80260,80267,7,0
80260,80260,80267,7,0
80260,80260,80267,7,0
80260,80260,80267,7,0
80260,80260,80267,7,0
80260,80260,80267,7,0
80260,80260,80267,7,0
80260,80260,80267,7,0
80260,80260,80267,7,0
80260,80260,80267,7,0
80260,80260,80266,6,0
80260,80260,80267,7,0
80260,80260,80267,7,0
80260,80260,80267,7,0
80260,80260,80267,7,0
80260,80260,80268,8,0
80260,80260,80268,8,0
80260,80260,80268,8,0
80260,80260,80268,8,0
80260,80260,80268,8,0
80260,80265,80270,5,5
80260,80265,80270,5,5
80260,80265,80270,5,5
80260,80266,80271,5,6
80260,80266,80271,5,6
80260,80266,80271,5,6
80260,80266,80271,5,6
80260,80266,80271,5,6
80260,80266,80272,6,6
80260,80266,80271,5,6
80260,80266,80271,5,6
80260,80266,80271,5,6
80260,80266,80271,5,6
80260,80266,80272,6,6
80260,80266,80272,6,6
80260,80266,80272,6,6
80260,80267,80272,5,7
80260,80267,80272,5,7
80260,80267,80272,5,7
80260,80266,80272,6,6
80260,80266,80272,6,6
80260,80266,80272,6,6
80260,80266,80272,6,6
80260,80268,80273,5,8
80260,80268,80272,4,8
80260,80266,80273,7,6
80260,80266,80272,6,6
80260,80266,80272,6,6
80260,80268,80273,5,8
80260,80268,80272,4,8
80260,80268,80272,4,8
80260,80268,80273,5,8
80260,80266,80272,6,6
80260,80266,80272,6,6
80260,80266,80272,6,6
80260,80266,80272,6,6
80260,80266,80272,6,6
80260,80266,80272,6,6
80260,80268,80273,5,8
80260,80268,80272,4,8
80260,80266,80272,6,6
80260,80266,80272,6,6
80260,80266,80272,6,6
80260,80266,80272,6,6
80260,80266,80272,6,6
80260,80268,80272,4,8
80260,80268,80272,4,8
80260,80268,80273,5,8
80260,80268,80272,4,8
80260,80266,80272,6,6
80260,80268,80272,4,8
80260,80268,80273,5,8
80260,80268,80273,5,8
80260,80267,80273,6,7
80260,80268,80273,5,8
80260,80268,80273,5,8
80260,80268,80273,5,8
80260,80268,80273,5,8
80260,80268,80273,5,8
80260,80268,80273,5,8
80260,80268,80273,5,8
80260,80268,80273,5,8
80260,80268,80274,6,8
80260,80269,80273,4,9
80260,80269,80273,4,9
80260,80268,80273,5,8
80260,80268,80273,5,8
80260,80268,80273,5,8
80260,80268,80274,6,8
80260,80268,80273,5,8
80260,80269,80273,4,9
80260,80268,80273,5,8
80260,80268,80273,5,8
80260,80268,80274,6,8
80260,80268,80273,5,8
80260,80268,80273,5,8
80260,80268,80273,5,8
80260,80268,80273,5,8
80260,80268,80274,6,8
80260,80271,80275,4,11
80260,80268,80274,6,8
80260,80272,80276,4,12
80260,80272,80276,4,12
80260,80271,80275,4,11
80260,80272,80276,4,12
80260,80272,80276,4,12
80260,80271,80275,4,11
80260,80271,80275,4,11
80260,80272,80276,4,12
80260,80271,80276,5,11
80260,80272,80277,5,12
80260,80272,80277,5,12
80260,80272,80277,5,12
80260,80273,80277,4,13
80260,80273,80277,4,13
80260,80273,80278,5,13
80260,80273,80278,5,13
80260,80273,80277,4,13
80260,80273,80277,4,13
80260,80273,80277,4,13
80260,80273,80278,5,13
80260,80273,80278,5,13
80260,80273,80278,5,13
80260,80273,80278,5,13
80260,80273,80277,4,13
80260,80273,80278,5,13
80260,80273,80278,5,13
80260,80273,80278,5,13
80260,80273,80278,5,13
80260,80273,80278,5,13
80260,80273,80278,5,13
80260,80273,80278,5,13
80260,80273,80278,5,13
80260,80273,80278,5,13
80260,80273,80278,5,13
80260,80273,80278,5,13
80260,80273,80278,5,13
80260,80273,80278,5,13
80260,80273,80278,5,13
80260,80273,80279,6,13
80287,80288,80291,3,1
80287,80287,80292,5,0
80287,80287,80292,5,0
80287,80287,80292,5,0
80287,80287,80292,5,0
80287,80287,80292,5,0
80287,80287,80292,5,0
80287,80288,80292,4,1
80287,80287,80293,6,0
80287,80287,80293,6,0
80287,80287,80293,6,0
80287,80287,80293,6,0
80287,80287,80293,6,0
80287,80287,80293,6,0
80287,80287,80293,6,0
80287,80287,80293,6,0
80287,80287,80293,6,0
80287,80287,80293,6,0
80287,80287,80293,6,0
80287,80287,80293,6,0
80287,80287,80293,6,0
80287,80287,80293,6,0
80287,80287,80293,6,0
80287,80287,80293,6,0
80287,80287,80293,6,0
80287,80287,80293,6,0
80287,80287,80293,6,0
80287,80287,80293,6,0
80287,80287,80293,6,0
80287,80287,80293,6,0
80287,80287,80293,6,0
80287,80287,80293,6,0
80287,80287,80293,6,0
80287,80287,80293,6,0
80287,80287,80294,7,0
80287,80287,80293,6,0
80287,80287,80293,6,0
80287,80287,80293,6,0
80287,80287,80293,6,0
80287,80287,80293,6,0
80287,80287,80293,6,0
80287,80287,80294,7,0
80287,80287,80293,6,0
80287,80287,80293,6,0
80287,80287,80293,6,0
80287,80287,80293,6,0
80287,80287,80294,7,0
80287,80287,80294,7,0
80287,80287,80293,6,0
80287,80287,80293,6,0
80287,80287,80293,6,0
80287,80287,80294,7,0
80287,80287,80294,7,0
80287,80287,80294,7,0
80287,80288,80294,6,1
80287,80288,80294,6,1
80287,80287,80294,7,0
80287,80287,80294,7,0
80287,80288,80294,6,1
80287,80287,80294,7,0
80287,80287,80294,7,0
80287,80288,80295,7,1
80287,80287,80294,7,0
80287,80287,80295,8,0
80287,80288,80295,7,1
80287,80288,80295,7,1
80287,80287,80294,7,0
80287,80287,80294,7,0
80287,80288,80294,6,1
80287,80287,80294,7,0
80287,80288,80294,6,1
80287,80287,80294,7,0
80287,80288,80294,6,1
80287,80287,80294,7,0
80287,80287,80294,7,0
80287,80288,80295,7,1
80287,80288,80294,6,1
80287,80287,80294,7,0
80287,80287,80294,7,0
80287,80288,80294,6,1
80287,80294,80297,3,7
80287,80292,80296,4,5
80287,80293,80298,5,6
80287,80293,80298,5,6
80287,80295,80297,2,8
80287,80293,80298,5,6
80287,80293,80298,5,6
80287,80294,80297,3,7
80287,80294,80298,4,7
80287,80293,80298,5,6
80287,80294,80298,4,7
80287,80293,80298,5,6
80287,80294,80297,3,7
80287,80293,80298,5,6
80287,80294,80299,5,7
80287,80294,80299,5,7
80287,80295,80298,3,8
80287,80294,80299,5,7
80287,80294,80299,5,7
80287,80294,80299,5,7
80287,80294,80299,5,7
80287,80294,80299,5,7
80287,80294,80299,5,7
80287,80295,80298,3,8
80287,80294,80298,4,7
80287,80294,80299,5,7
80287,80294,80299,5,7
80287,80293,80298,5,6
80287,80294,80298,4,7
80287,80294,80299,5,7
80287,80294,80298,4,7
80287,80294,80298,4,7
80287,80294,80299,5,7
80287,80294,80300,6,7
80287,80294,80300,6,7
80287,80295,80300,5,8
80287,80295,80300,5,8
80287,80294,80299,5,7
80287,80294,80299,5,7
80287,80294,80300,6,7
80287,80295,80300,5,8
80287,80295,80300,5,8
80287,80294,80300,6,7
80287,80295,80300,5,8
80287,80294,80300,6,7
80287,80295,80300,5,8
80287,80294,80299,5,7
80287,80294,80299,5,7
80287,80294,80299,5,7
80287,80295,80300,5,8
80287,80294,80299,5,7
80287,80294,80299,5,7
80287,80294,80299,5,7
80287,80294,80300,6,7
80287,80294,80299,5,7
80287,80294,80300,6,7
80287,80295,80299,4,8
80287,80294,80299,5,7
80287,80294,80300,6,7
80287,80294,80300,6,7
80287,80295,80299,4,8
80287,80294,80300,6,7
80287,80295,80299,4,8
80287,80295,80300,5,8
80287,80294,80299,5,7
80287,80294,80300,6,7
80287,80295,80300,5,8
80287,80295,80300,5,8
80287,80295,80300,5,8
80287,80295,80301,6,8
80287,80295,80300,5,8
80287,80295,80300,5,8
80287,80295,80301,6,8
80287,80295,80300,5,8
80287,80295,80300,5,8
80287,80295,80301,6,8
80287,80295,80301,6,8
80287,80295,80301,6,8
80287,80295,80301,6,8
80287,80295,80301,6,8
80287,80298,80301,3,11
80287,80297,80302,5,10
80287,80297,80302,5,10
80287,80299,80302,3,12
80287,80298,80301,3,11
80287,80298,80303,5,11
80287,80298,80303,5,11
80287,80298,80303,5,11
80287,80298,80303,5,11
80287,80298,80303,5,11
80287,80299,80303,4,12
80287,80298,80303,5,11
80287,80298,80303,5,11
80287,80298,80303,5,11
80287,80299,80304,5,12
80287,80299,80304,5,12
80287,80299,80304,5,12
80287,80299,80304,5,12
80287,80299,80304,5,12
80287,80299,80304,5,12
80287,80298,80303,5,11
80287,80299,80304,5,12
80287,80299,80303,4,12
80287,80299,80304,5,12
80287,80299,80304,5,12
80287,80299,80304,5,12
80287,80299,80304,5,12
80287,80299,80304,5,12
80287,80299,80305,6,12
80287,80299,80304,5,12
80287,80299,80305,6,12
80287,80299,80304,5,12
80287,80300,80305,5,13
80287,80300,80305,5,13
80287,80300,80305,5,13
80287,80300,80305,5,13
80287,80300,80305,5,13
80287,80300,80306,6,13
80287,80300,80305,5,13
80287,80300,80305,5,13
80314,80314,80319,5,0
80314,80314,80319,5,0
80314,80314,80319,5,0
80314,80314,80319,5,0
80314,80314,80319,5,0
80314,80314,80320,6,0
80314,80314,80320,6,0
80314,80314,80320,6,0
80314,80314,80321,7,0
80314,80314,80320,6,0
80314,80314,80320,6,0
80314,80314,80320,6,0
80314,80314,80320,6,0
80314,80314,80320,6,0
80314,80314,80320,6,0
80314,80314,80320,6,0
80314,80315,80320,5,1
80314,80314,80320,6,0
80314,80314,80320,6,0
80314,80314,80320,6,0
80314,80314,80320,6,0
80314,80314,80320,6,0
80314,80314,80320,6,0
80314,80314,80320,6,0
80314,80314,80320,6,0
80314,80314,80320,6,0
80314,80314,80320,6,0
80314,80315,80320,5,1
80314,80314,80320,6,0
80314,80314,80321,7,0
80314,80314,80320,6,0
80314,80314,80320,6,0
80314,80314,80320,6,0
80314,80314,80320,6,0
80314,80314,80321,7,0
80314,80315,80320,5,1
80314,80314,80320,6,0
80314,80314,80320,6,0
80314,80314,80321,7,0
80314,80314,80321,7,0
80314,80314,80321,7,0
80314,80315,80321,6,1
80314,80314,80321,7,0
80314,80314,80321,7,0
80314,80314,80322,8,0
80314,80315,80321,6,1
80314,80314,80321,7,0
80314,80314,80321,7,0
80314,80314,80321,7,0
80314,80315,80321,6,1
80314,80315,80321,6,1
80314,80314,80322,8,0
80314,80314,80321,7,0
80314,80315,80321,6,1
80314,80315,80322,7,1
80314,80314,80321,7,0
80314,80314,80321,7,0
80314,80315,80321,6,1
80314,80315,80322,7,1
80314,80314,80321,7,0
80314,80314,80321,7,0
80314,80314,80321,7,0
80314,80314,80322,8,0
80314,80315,80321,6,1
80314,80314,80321,7,0
80314,80314,80322,8,0
80314,80315,80321,6,1
80314,80315,80322,7,1
80314,80314,80321,7,0
80314,80314,80321,7,0
80314,80315,80321,6,1
80314,80315,80321,6,1
80314,80314,80322,8,0
80314,80314,80321,7,0
80314,80315,80322,7,1
80314,80314,80321,7,0
80314,80315,80321,6,1
80314,80315,80322,7,1
80314,80315,80322,7,1
80314,80315,80322,7,1
80314,80320,80325,5,6
80314,80320,80325,5,6
80314,80320,80325,5,6
80314,80320,80325,5,6
80314,80320,80325,5,6
80314,80321,80326,5,7
80314,80322,80326,4,8
80314,80321,80326,5,7
80314,80321,80326,5,7
80314,80321,80327,6,7
80314,80321,80327,6,7
80314,80322,80327,5,8
80314,80322,80326,4,8
80314,80321,80326,5,7
80314,80321,80326,5,7
80314,80322,80327,5,8
80314,80321,80326,5,7
80314,80321,80326,5,7
80314,80321,80326,5,7
80314,80322,80327,5,8
80314,80322,80327,5,8
80314,80321,80327,6,7
80314,80321,80327,6,7
80314,80321,80326,5,7
80314,80321,80327,6,7
80314,80321,80326,5,7
80314,80321,80326,5,7
80314,80322,80327,5,8
80314,80321,80327,6,7
80314,80321,80326,5,7
80314,80321,80326,5,7
80314,80322,80327,5,8
80314,80321,80327,6,7
80314,80321,80326,5,7
80314,80321,80326,5,7
80314,80322,80327,5,8
80314,80321,80326,5,7
80314,80321,80326,5,7
80314,80321,80326,5,7
80314,80322,80327,5,8
80314,80321,80326,5,7
80314,80321,80327,6,7
80314,80321,80327,6,7
80314,80321,80327,6,7
80314,80321,80326,5,7
80314,80321,80326,5,7
80314,80322,80327,5,8
80314,80322,80327,5,8
80314,80322,80328,6,8
80314,80322,80327,5,8
80314,80321,80327,6,7
80314,80322,80327,5,8
80314,80322,80328,6,8
80314,80322,80327,5,8
80314,80322,80327,5,8
80314,80322,80327,5,8
80314,80322,80328,6,8
80314,80322,80327,5,8
80314,80322,80328,6,8
80314,80322,80328,6,8
80314,80322,80327,5,8
80314,80322,80328,6,8
80314,80322,80327,5,8
80314,80322,80327,5,8
80314,80322,80327,5,8
80314,80321,80327,6,7
80314,80322,80328,6,8
80314,80322,80327,5,8
80314,80322,80327,5,8
80314,80322,80327,5,8
80314,80322,80328,6,8
80314,80322,80327,5,8
80314,80322,80327,5,8
80314,80322,80327,5,8
80314,80323,80328,5,9
80314,80322,80328,6,8
80314,80322,80327,5,8
80314,80322,80328,6,8
80314,80323,80328,5,9
80314,80323,80327,4,9
80314,80325,80329,4,11
83597,83599,83644,45,2
83648,83651,83680,29,3
83686,83689,84133,444,3
84132,84135,84148,13,3
89581,89584,91950,2366,3
91972,91974,92215,241,2
92412,92414,93110,696,2
93113,93116,93328,212,3
93334,93336,93815,479,2
93814,93816,93831,15,2
94138,94140,94679,539,2
94711,94713,95432,719,2
95453,95456,96071,615,3
96077,96079,96121,42,2
96129,96131,96619,488,2
96618,96621,96629,8,3
96688,96690,96808,118,2
96998,97000,97120,120,2
132772,132774,132790,16,2
132892,132894,132899,5,2
133196,133199,133480,281,3
133504,133507,134799,1292,3
139880,139880,139928,48,0
139878,139878,139929,51,0
139879,139879,139930,51,0
139882,139882,139932,50,0
139883,139883,139932,49,0
139877,139877,139933,56,0
139881,139881,139934,53,0
139886,139886,139935,49,0
139887,139887,139936,49,0
139884,139884,139938,54,0
140036,140036,140079,43,0
140034,140034,140081,47,0
140036,140036,140082,46,0
140038,140039,140082,43,1
140037,140037,140083,46,0
140032,140032,140084,52,0
140035,140035,140084,49,0
140033,140033,140086,53,0
140033,140033,140087,54,0
140039,140040,140090,50,1
141199,141199,141201,2,0
141199,141199,141202,3,0
141199,141199,141202,3,0
141199,141199,141202,3,0
141199,141199,141202,3,0
141199,141199,141202,3,0
141199,141199,141201,2,0
141199,141199,141203,4,0
141199,141199,141203,4,0
141199,141199,141203,4,0
141199,141199,141203,4,0
141199,141199,141203,4,0
141199,141199,141203,4,0
141199,141199,141203,4,0
141199,141199,141203,4,0
141199,141199,141203,4,0
141199,141199,141203,4,0
141199,141199,141203,4,0
141199,141199,141204,5,0
141199,141199,141204,5,0
141199,141202,141205,3,3
141199,141203,141205,2,4
141199,141202,141205,3,3
141199,141204,141205,1,5
141199,141203,141205,2,4
141199,141202,141205,3,3
141199,141202,141205,3,3
141199,141202,141205,3,3
141199,141202,141205,3,3
141199,141202,141205,3,3
141199,141204,141205,1,5
141199,141203,141206,3,4
141199,141203,141206,3,4
141199,141203,141206,3,4
141199,141203,141206,3,4
141199,141204,141206,2,5
141199,141204,141206,2,5
141199,141204,141206,2,5
141199,141205,141207,2,6
141199,141205,141207,2,6
141199,141206,141207,1,7
141199,141206,141208,2,7
141199,141206,141208,2,7
141199,141206,141208,2,7
141199,141207,141209,2,8
141199,141206,141208,2,7
141199,141206,141208,2,7
141199,141207,141209,2,8
141199,141206,141208,2,7
141199,141206,141208,2,7
141199,141206,141208,2,7
141199,141207,141208,1,8
141199,141206,141209,3,7
141199,141206,141209,3,7
141199,141207,141209,2,8
141199,141207,141209,2,8
141199,141207,141210,3,8
141199,141209,141210,1,10
141199,141209,141211,2,10
141199,141207,141210,3,8
141199,141208,141211,3,9
141199,141209,141210,1,10
141199,141208,141211,3,9
141199,141208,141211,3,9
141199,141208,141211,3,9
141199,141209,141211,2,10
141199,141209,141211,2,10
141199,141209,141212,3,10
141199,141209,141211,2,10
141199,141211,141213,2,12
141199,141209,141212,3,10
141199,141209,141212,3,10
141199,141210,141213,3,11
141199,141209,141212,3,10
141199,141211,141213,2,12
141199,141211,141213,2,12
141199,141210,141213,3,11
141199,141210,141213,3,11
141199,141211,141213,2,12
141199,141210,141213,3,11
141199,141211,141213,2,12
141199,141211,141213,2,12
141199,141211,141214,3,12
141199,141212,141214,2,13
141199,141211,141213,2,12
141199,141212,141214,2,13
141199,141212,141214,2,13
141199,141213,141215,2,14
141199,141211,141214,3,12
141199,141214,141216,2,15
141199,141214,141215,1,15
141199,141213,141216,3,14
141199,141213,141215,2,14
141199,141212,141215,3,13
141199,141213,141215,2,14
141199,141213,141216,3,14
141199,141214,141216,2,15
141199,141214,141217,3,15
141199,141214,141217,3,15
141199,141214,141217,3,15
141199,141214,141217,3,15
141199,141214,141216,2,15
141199,141214,141216,2,15
141199,141214,141216,2,15
141199,141214,141217,3,15
141199,141214,141217,3,15
141199,141216,141218,2,17
141199,141216,141218,2,17
141199,141216,141218,2,17
141199,141215,141218,3,16
141199,141215,141218,3,16
141199,141216,141219,3,17
141199,141215,141220,5,16
141199,141217,141220,3,18
141199,141217,141220,3,18
141199,141216,141220,4,17
141199,141219,141221,2,20
141199,141219,141220,1,20
141199,141217,141221,4,18
141199,141217,141221,4,18
141199,141217,141220,3,18
141199,141217,141221,4,18
141199,141218,141220,2,19
141199,141218,141221,3,19
141199,141217,141222,5,18
141199,141219,141221,2,20
141199,141216,141222,6,17
141199,141217,141221,4,18
141199,141218,141222,4,19
141199,141217,141222,5,18
141199,141217,141222,5,18
141199,141220,141222,2,21
141199,141221,141223,2,22
141199,141220,141222,2,21
141199,141220,141223,3,21
141199,141221,141223,2,22
141199,141218,141223,5,19
141199,141221,141224,3,22
141199,141221,141223,2,22
141199,141222,141224,2,23
141199,141221,141223,2,22
141199,141221,141224,3,22
141199,141221,141223,2,22
141199,141221,141224,3,22
141199,141222,141224,2,23
141199,141222,141225,3,23
141199,141221,141224,3,22
141199,141222,141224,2,23
141199,141222,141225,3,23
141199,141223,141225,2,24
141199,141223,141225,2,24
141199,141223,141226,3,24
141199,141223,141226,3,24
141199,141223,141225,2,24
141199,141223,141225,2,24
141199,141223,141226,3,24
141199,141224,141226,2,25
141199,141224,141226,2,25
141199,141225,141227,2,26
141199,141224,141226,2,25
141199,141224,141227,3,25
141199,141225,141227,2,26
141199,141225,141227,2,26
141199,141224,141228,4,25
141199,141225,141227,2,26
141199,141224,141227,3,25
141199,141224,141227,3,25
141199,141224,141227,3,25
141199,141225,141228,3,26
141199,141224,141228,4,25
141199,141227,141229,2,28
141199,141226,141229,3,27
141199,141227,141229,2,28
141199,141228,141229,1,29
141199,141226,141229,3,27
141199,141226,141229,3,27
141199,141228,141230,2,29
141199,141227,141229,2,28
141199,141227,141230,3,28
141199,141226,141230,4,27
141199,141228,141230,2,29
141199,141226,141230,4,27
141199,141227,141230,3,28
141199,141228,141230,2,29
141199,141226,141230,4,27
141199,141228,141231,3,29
141199,141227,141231,4,28
141199,141228,141230,2,29
141199,141228,141231,3,29
141199,141228,141231,3,29
141199,141230,141232,2,31
141199,141229,141232,3,30
141199,141230,141232,2,31
141199,141230,141232,2,31
141199,141230,141233,3,31
141199,141230,141233,3,31
141199,141230,141233,3,31
141199,141230,141233,3,31
141199,141230,141233,3,31
141199,141230,141234,4,31
141242,141242,141243,1,0
141242,141242,141244,2,0
141242,141242,141244,2,0
141242,141242,141244,2,0
141242,141242,141244,2,0
141242,141242,141244,2,0
141242,141242,141244,2,0
141242,141242,141244,2,0
141242,141242,141244,2,0
141242,141242,141244,2,0
141242,141242,141244,2,0
141242,141242,141244,2,0
141242,141242,141244,2,0
141242,141242,141244,2,0
141242,141242,141245,3,0
141242,141242,141245,3,0
141242,141242,141245,3,0
141242,141242,141245,3,0
141242,141242,141245,3,0
141242,141242,141245,3,0
141242,141244,141246,2,2
141242,141244,141246,2,2
141242,141245,141247,2,3
141242,141245,141247,2,3
141242,141245,141247,2,3
141242,141246,141248,2,4
141242,141245,141247,2,3
141242,141246,141248,2,4
141242,141245,141248,3,3
141242,141246,141248,2,4
141242,141245,141248,3,3
141242,141245,141248,3,3
141242,141246,141248,2,4
141242,141245,141248,3,3
141242,141246,141249,3,4
141242,141246,141249,3,4
141242,141245,141248,3,3
141242,141245,141248,3,3
141242,141245,141248,3,3
141242,141245,141248,3,3
141242,141246,141249,3,4
141242,141246,141249,3,4
141242,141248,141250,2,6
141242,141248,141250,2,6
141242,141248,141250,2,6
141242,141248,141250,2,6
141242,141249,141251,2,7
141242,141248,141250,2,6
141242,141248,141251,3,6
141242,141248,141250,2,6
141242,141249,141251,2,7
141242,141249,141251,2,7
141242,141249,141251,2,7
141242,141248,141251,3,6
141242,141249,141252,3,7
141242,141249,141252,3,7
141242,141249,141252,3,7
141242,141249,141252,3,7
141242,141249,141252,3,7
141242,141250,141252,2,8
141242,141249,141252,3,7
141242,141250,141252,2,8
141242,141250,141252,2,8
141242,141250,141252,2,8
141242,141251,141253,2,9
141242,141250,141252,2,8
141242,141251,141253,2,9
141242,141251,141253,2,9
141242,141251,141253,2,9
141242,141251,141254,3,9
141242,141251,141254,3,9
141242,141251,141253,2,9
141242,141251,141253,2,9
141242,141252,141254,2,10
141242,141252,141255,3,10
141242,141253,141255,2,11
141242,141252,141255,3,10
141242,141252,141255,3,10
141242,141252,141255,3,10
141242,141252,141255,3,10
141242,141254,141256,2,12
141242,141254,141256,2,12
141242,141254,141257,3,12
141242,141254,141257,3,12
141242,141254,141257,3,12
141242,141254,141256,2,12
141242,141255,141257,2,13
141242,141252,141257,5,10
141242,141252,141257,5,10
141242,141252,141257,5,10
141242,141252,141257,5,10
141242,141252,141257,5,10
141242,141255,141258,3,13
141242,141255,141258,3,13
141242,141256,141258,2,14
141242,141255,141258,3,13
141242,141253,141258,5,11
141242,141255,141259,4,13
141242,141256,141258,2,14
141242,141257,141259,2,15
141242,141256,141259,3,14
141242,141257,141259,2,15
141242,141258,141260,2,16
141242,141258,141260,2,16
141242,141258,141260,2,16
141242,141253,141259,6,11
141242,141254,141259,5,12
141242,141257,141260,3,15
141242,141258,141260,2,16
141242,141258,141260,2,16
141242,141258,141260,2,16
141242,141258,141260,2,16
141242,141257,141260,3,15
141242,141257,141260,3,15
141242,141258,141261,3,16
141242,141258,141261,3,16
141242,141259,141261,2,17
141242,141259,141261,2,17
141242,141260,141262,2,18
141242,141260,141262,2,18
141242,141259,141262,3,17
141242,141259,141262,3,17
141242,141259,141262,3,17
141242,141259,141262,3,17
141242,141261,141262,1,19
141242,141260,141263,3,18
141242,141260,141263,3,18
141242,141261,141263,2,19
141242,141260,141263,3,18
141242,141260,141263,3,18
141242,141261,141263,2,19
141242,141260,141263,3,18
141242,141260,141263,3,18
141242,141260,141263,3,18
141242,141261,141263,2,19
141242,141262,141264,2,20
141242,141261,141264,3,19
141242,141262,141264,2,20
141242,141260,141264,4,18
141242,141262,141264,2,20
141242,141263,141264,1,21
141242,141263,141264,1,21
141242,141263,141265,2,21
141242,141263,141265,2,21
141242,141264,141265,1,22
141242,141264,141265,1,22
141242,141264,141265,1,22
141242,141263,141265,2,21
141242,141263,141265,2,21
141242,141263,141265,2,21
141242,141264,141265,1,22
141242,141263,141266,3,21
141242,141263,141266,3,21
141242,141263,141266,3,21
141242,141263,141266,3,21
141242,141265,141267,2,23
141242,141265,141267,2,23
141242,141265,141267,2,23
141242,141265,141267,2,23
141242,141266,141268,2,24
141242,141266,141268,2,24
141242,141265,141267,2,23
141242,141266,141267,1,24
141242,141265,141267,2,23
141242,141265,141267,2,23
141242,141266,141268,2,24
141242,141266,141267,1,24
141242,141266,141268,2,24
141242,141266,141268,2,24
141242,141266,141268,2,24
141242,141266,141268,2,24
141242,141267,141269,2,25
141242,141267,141269,2,25
141242,141268,141270,2,26
141242,141267,141269,2,25
141242,141267,141269,2,25
141242,141268,141269,1,26
141242,141267,141269,2,25
141242,141267,141269,2,25
141242,141268,141270,2,26
141242,141268,141270,2,26
141242,141268,141271,3,26
141242,141269,141271,2,27
141242,141268,141270,2,26
141242,141268,141271,3,26
141242,141268,141270,2,26
141242,141268,141270,2,26
141242,141268,141271,3,26
141242,141269,141271,2,27
141242,141269,141271,2,27
141242,141269,141271,2,27
141242,141270,141271,1,28
141242,141270,141271,1,28
141242,141270,141272,2,28
141242,141270,141273,3,28
141242,141270,141273,3,28
141242,141270,141272,2,28
141242,141270,141273,3,28
141242,141270,141272,2,28
141242,141271,141273,2,29
141280,141280,141282,2,0
141280,141280,141282,2,0
141280,141280,141282,2,0
141280,141280,141282,2,0
141280,141280,141283,3,0
141280,141280,141282,2,0
141280,141280,141283,3,0
141280,141280,141283,3,0
141280,141280,141282,2,0
141280,141280,141283,3,0
141280,141280,141282,2,0
141280,141280,141283,3,0
141280,141280,141282,2,0
141280,141280,141283,3,0
141280,141280,141283,3,0
141280,141280,141283,3,0
141280,141280,141283,3,0
141280,141280,141283,3,0
141280,141280,141283,3,0
141280,141282,141283,1,2
141280,141280,141283,3,0
141280,141282,141285,3,2
141280,141283,141285,2,3
141280,141283,141285,2,3
141280,141283,141285,2,3
141280,141283,141285,2,3
141280,141283,141285,2,3
141280,141283,141285,2,3
141280,141283,141286,3,3
141280,141283,141286,3,3
141280,141284,141286,2,4
141280,141283,141285,2,3
141280,141283,141286,3,3
141280,141283,141286,3,3
141280,141283,141286,3,3
141280,141284,141286,2,4
141280,141285,141287,2,5
141280,141284,141287,3,4
141280,141284,141287,3,4
141280,141285,141287,2,5
141280,141283,141287,4,3
141280,141283,141287,4,3
141280,141285,141287,2,5
141280,141284,141287,3,4
141280,141285,141287,2,5
141280,141285,141287,2,5
141280,141286,141288,2,6
141280,141285,141288,3,5
141280,141286,141288,2,6
141280,141286,141288,2,6
141280,141286,141288,2,6
141280,141287,141289,2,7
141280,141286,141289,3,6
141280,141286,141289,3,6
141280,141286,141288,2,6
141280,141286,141289,3,6
141280,141287,141289,2,7
141280,141286,141289,3,6
141280,141287,141289,2,7
141280,141288,141290,2,8
141280,141287,141290,3,7
141280,141287,141290,3,7
141280,141287,141290,3,7
141280,141287,141290,3,7
141280,141288,141290,2,8
141280,141287,141290,3,7
141280,141288,141290,2,8
141280,141287,141290,3,7
141280,141288,141291,3,8
141280,141289,141291,2,9
141280,141289,141291,2,9
141280,141289,141291,2,9
141280,141289,141291,2,9
141280,141290,141292,2,10
141280,141289,141292,3,9
141280,141289,141292,3,9
141280,141289,141292,3,9
141280,141291,141292,1,11
141280,141291,141293,2,11
141280,141291,141293,2,11
141280,141289,141293,4,9
141280,141291,141293,2,11
141280,141291,141293,2,11
141280,141292,141293,1,12
141280,141292,141293,1,12
141280,141288,141294,6,8
141280,141291,141294,3,11
141280,141293,141294,1,13
141280,141289,141294,5,9
141280,141291,141295,4,11
141280,141293,141294,1,13
141280,141293,141294,1,13
141280,141293,141294,1,13
141280,141290,141295,5,10
141280,141294,141296,2,14
141280,141294,141295,1,14
141280,141291,141295,4,11
141280,141293,141295,2,13
141280,141294,141295,1,14
141280,141294,141295,1,14
141280,141290,141296,6,10
141280,141295,141296,1,15
141280,141295,141296,1,15
141280,141294,141296,2,14
141280,141295,141296,1,15
141280,141294,141296,2,14
141280,141294,141296,2,14
141280,141295,141296,1,15
141280,141295,141297,2,15
141280,141290,141297,7,10
141280,141295,141297,2,15
141280,141295,141297,2,15
141280,141295,141297,2,15
141280,141297,141298,1,17
141280,141297,141298,1,17
141280,141296,141298,2,16
141280,141297,141298,1,17
141280,141296,141298,2,16
141280,141297,141299,2,17
141280,141296,141298,2,16
141280,141296,141298,2,16
141280,141296,141298,2,16
141280,141296,141299,3,16
141280,141296,141299,3,16
141280,141298,141299,1,18
141280,141297,141299,2,17
141280,141297,141299,2,17
141280,141297,141299,2,17
141280,141297,141299,2,17
141280,141298,141300,2,18
141280,141297,141299,2,17
141280,141298,141300,2,18
141280,141299,141300,1,19
141280,141299,141300,1,19
141280,141298,141300,2,18
141280,141299,141300,1,19
141280,141300,141302,2,20
141280,141299,141301,2,19
141280,141300,141301,1,20
141280,141300,141302,2,20
141280,141299,141301,2,19
141280,141300,141302,2,20
141280,141299,141301,2,19
141280,141299,141301,2,19
141280,141299,141301,2,19
141280,141300,141302,2,20
141280,141300,141301,1,20
141280,141299,141302,3,19
141280,141301,141302,1,21
141280,141301,141302,1,21
141280,141301,141302,1,21
141280,141301,141302,1,21
141280,141300,141303,3,20
141280,141300,141302,2,20
141280,141300,141302,2,20
141280,141302,141303,1,22
141280,141302,141303,1,22
141280,141302,141304,2,22
141280,141302,141304,2,22
141280,141302,141303,1,22
141280,141302,141304,2,22
141280,141302,141304,2,22
141280,141303,141305,2,23
141280,141302,141305,3,22
141280,141303,141305,2,23
141280,141302,141305,3,22
141280,141302,141305,3,22
141280,141302,141304,2,22
141280,141303,141304,1,23
141280,141302,141304,2,22
141280,141303,141304,1,23
141280,141303,141304,1,23
141280,141303,141306,3,23
141280,141304,141305,1,24
141280,141303,141305,2,23
141280,141304,141306,2,24
141280,141304,141306,2,24
141280,141305,141307,2,25
141280,141303,141306,3,23
141280,141304,141306,2,24
141280,141304,141307,3,24
141280,141305,141307,2,25
141280,141305,141307,2,25
141280,141304,141307,3,24
141280,141305,141308,3,25
141280,141306,141308,2,26
141280,141305,141308,3,25
141280,141306,141308,2,26
141280,141305,141308,3,25
141280,141305,141307,2,25
141280,141305,141307,2,25
141280,141305,141308,3,25
141280,141305,141308,3,25
141280,141305,141308,3,25
141280,141307,141309,2,27
141280,141307,141309,2,27
141280,141306,141309,3,26
141280,141307,141308,1,27
141280,141307,141309,2,27
141316,141316,141317,1,0
141316,141316,141318,2,0
141316,141316,141317,1,0
141316,141316,141318,2,0
141316,141316,141319,3,0
141316,141316,141318,2,0
141316,141316,141318,2,0
141316,141316,141318,2,0
141316,141316,141318,2,0
141316,141316,141318,2,0
141316,141316,141318,2,0
141316,141316,141318,2,0
141316,141316,141318,2,0
141316,141316,141318,2,0
141316,141316,141318,2,0
141316,141316,141318,2,0
141316,141316,141318,2,0
141316,141316,141318,2,0
141316,141316,141318,2,0
141316,141318,141319,1,2
141316,141316,141320,4,0
141316,141318,141320,2,2
141316,141319,141321,2,3
141316,141319,141321,2,3
141316,141318,141320,2,2
141316,141319,141321,2,3
141316,141319,141321,2,3
141316,141319,141320,1,3
141316,141319,141321,2,3
141316,141319,141321,2,3
141316,141319,141321,2,3
141316,141319,141321,2,3
141316,141319,141321,2,3
141316,141319,141322,3,3
141316,141319,141322,3,3
141316,141319,141322,3,3
141316,141320,141321,1,4
141316,141319,141322,3,3
141316,141320,141322,2,4
141316,141319,141322,3,3
141316,141321,141323,2,5
141316,141321,141322,1,5
141316,141319,141322,3,3
141316,141321,141323,2,5
141316,141321,141323,2,5
141316,141321,141322,1,5
141316,141321,141322,1,5
141316,141321,141322,1,5
141316,141321,141323,2,5
141316,141321,141324,3,5
141316,141322,141324,2,6
141316,141322,141324,2,6
141316,141321,141324,3,5
141316,141322,141323,1,6
141316,141322,141324,2,6
141316,141322,141324,2,6
141316,141322,141324,2,6
141316,141323,141325,2,7
141316,141323,141325,2,7
141316,141323,141325,2,7
141316,141323,141325,2,7
141316,141323,141325,2,7
141316,141322,141325,3,6
141316,141323,141324,1,7
141316,141322,141325,3,6
141316,141323,141325,2,7
141316,141323,141325,2,7
141316,141324,141326,2,8
141316,141323,141326,3,7
141316,141323,141325,2,7
141316,141324,141326,2,8
141316,141325,141327,2,9
141316,141325,141326,1,9
141316,141324,141327,3,8
141316,141324,141326,2,8
141316,141324,141327,3,8
141316,141325,141327,2,9
141316,141324,141326,2,8
141316,141324,141327,3,8
141316,141325,141327,2,9
141316,141324,141327,3,8
141316,141325,141327,2,9
141316,141325,141327,2,9
141316,141325,141327,2,9
141316,141325,141328,3,9
141316,141327,141329,2,11
141316,141327,141329,2,11
141316,141327,141329,2,11
141316,141327,141329,2,11
141316,141327,141329,2,11
141316,141327,141330,3,11
141316,141328,141330,2,12
141316,141325,141330,5,9
141316,141327,141330,3,11
141316,141325,141330,5,9
141316,141327,141330,3,11
141316,141326,141331,5,10
141316,141329,141331,2,13
141316,141326,141331,5,10
141316,141326,141331,5,10
141316,141328,141330,2,12
141316,141328,141331,3,12
141316,141329,141331,2,13
141316,141328,141330,2,12
141316,141329,141331,2,13
141316,141329,141331,2,13
141316,141327,141332,5,11
141316,141327,141332,5,11
141316,141330,141332,2,14
141316,141330,141332,2,14
141316,141327,141332,5,11
141316,141330,141332,2,14
141316,141330,141332,2,14
141316,141330,141332,2,14
141316,141331,141333,2,15
141316,141330,141333,3,14
141316,141330,141333,3,14
141316,141331,141333,2,15
141316,141331,141333,2,15
141316,141331,141333,2,15
141316,141331,141334,3,15
141316,141332,141334,2,16
141316,141332,141334,2,16
141316,141331,141334,3,15
141316,141332,141334,2,16
141316,141331,141334,3,15
141316,141332,141334,2,16
141316,141331,141334,3,15
141316,141331,141334,3,15
141316,141331,141334,3,15
141316,141332,141334,2,16
141316,141332,141335,3,16
141316,141333,141335,2,17
141316,141332,141335,3,16
141316,141333,141335,2,17
141316,141333,141335,2,17
141316,141333,141335,2,17
141316,141333,141335,2,17
141316,141335,141336,1,19
141316,141335,141337,2,19
141316,141334,141336,2,18
141316,141333,141336,3,17
141316,141335,141336,1,19
141316,141333,141336,3,17
141316,141335,141337,2,19
141316,141336,141337,1,20
141316,141336,141337,1,20
141316,141335,141337,2,19
141316,141335,141337,2,19
141316,141335,141337,2,19
141316,141335,141337,2,19
141316,141335,141337,2,19
141316,141335,141337,2,19
141316,141336,141339,3,20
141316,141336,141338,2,20
141316,141336,141339,3,20
141316,141337,141338,1,21
141316,141337,141338,1,21
141316,141337,141339,2,21
141316,141336,141338,2,20
141316,141336,141338,2,20
141316,141337,141338,1,21
141316,141337,141339,2,21
141316,141338,141339,1,22
141316,141338,141339,1,22
141316,141338,141339,1,22
141316,141337,141339,2,21
141316,141338,141340,2,22
141316,141338,141339,1,22
141316,141338,141340,2,22
141316,141338,141340,2,22
141316,141339,141341,2,23
141316,141339,141341,2,23
141316,141339,141341,2,23
141316,141339,141340,1,23
141316,141338,141340,2,22
141316,141339,141340,1,23
141316,141339,141340,1,23
141316,141338,141340,2,22
141316,141339,141340,1,23
141316,141339,141341,2,23
141316,141339,141341,2,23
141316,141340,141342,2,24
141316,141340,141341,1,24
141316,141339,141341,2,23
141316,141340,141341,1,24
141316,141340,141342,2,24
141316,141341,141343,2,25
141316,141340,141343,3,24
141316,141341,141343,2,25
141316,141341,141343,2,25
141316,141340,141342,2,24
141316,141341,141343,2,25
141316,141341,141343,2,25
141316,141341,141343,2,25
141316,141341,141343,2,25
141316,141340,141343,3,24
141316,141341,141344,3,25
141316,141341,141343,2,25
141316,141341,141343,2,25
141351,141351,141352,1,0
141351,141351,141352,1,0
141351,141351,141353,2,0
141351,141351,141353,2,0
141351,141351,141353,2,0
141351,141351,141353,2,0
141351,141351,141353,2,0
141351,141351,141354,3,0
141351,141351,141353,2,0
141351,141351,141354,3,0
141351,141351,141353,2,0
141351,141351,141354,3,0
141351,141351,141353,2,0
141351,141351,141353,2,0
141351,141351,141353,2,0
141351,141351,141354,3,0
141351,141351,141353,2,0
141351,141351,141353,2,0
141351,141351,141354,3,0
141351,141353,141355,2,2
141351,141353,141355,2,2
141351,141351,141355,4,0
141351,141353,141355,2,2
141351,141353,141355,2,2
141351,141353,141355,2,2
141351,141353,141355,2,2
141351,141354,141356,2,3
141351,141354,141356,2,3
141351,141354,141356,2,3
141351,141354,141356,2,3
141351,141354,141356,2,3
141351,141354,141356,2,3
141351,141354,141356,2,3
141351,141354,141356,2,3
141351,141354,141356,2,3
141351,141354,141356,2,3
141351,141354,141356,2,3
141351,141355,141357,2,4
141351,141355,141356,1,4
141351,141355,141357,2,4
141351,141355,141357,2,4
141351,141355,141357,2,4
141351,141354,141357,3,3
141351,141355,141357,2,4
141351,141355,141357,2,4
141351,141356,141358,2,5
141351,141355,141358,3,4
141351,141356,141358,2,5
141351,141356,141358,2,5
141351,141356,141358,2,5
141351,141356,141358,2,5
141351,141357,141359,2,6
141351,141356,141359,3,5
141351,141356,141359,3,5
141351,141357,141360,3,6
141351,141357,141359,2,6
141351,141358,141359,1,7
141351,141357,141360,3,6
141351,141357,141359,2,6
141351,141358,141360,2,7
141351,141358,141360,2,7
141351,141358,141360,2,7
141351,141357,141360,3,6
141351,141357,141360,3,6
141351,141358,141360,2,7
141351,141358,141360,2,7
141351,141358,141360,2,7
141351,141359,141361,2,8
141351,141358,141360,2,7
141351,141359,141361,2,8
141351,141357,141360,3,6
141351,141358,141361,3,7
141351,141360,141362,2,9
141351,141360,141362,2,9
141351,141360,141362,2,9
141351,141358,141362,4,7
141351,141359,141361,2,8
141351,141360,141362,2,9
141351,141360,141362,2,9
141351,141360,141362,2,9
141351,141360,141362,2,9
141351,141360,141362,2,9
141351,141360,141362,2,9
141351,141360,141362,2,9
141351,141360,141363,3,9
141351,141360,141363,3,9
141351,141361,141363,2,10
141351,141360,141363,3,9
141351,141361,141363,2,10
141351,141361,141364,3,10
141351,141362,141364,2,11
141351,141362,141364,2,11
141351,141362,141364,2,11
141351,141361,141364,3,10
141351,141362,141364,2,11
141351,141362,141364,2,11
141351,141362,141365,3,11
141351,141361,141365,4,10
141351,141362,141365,3,11
141351,141362,141365,3,11
141351,141363,141365,2,12
141351,141364,141366,2,13
141351,141364,141366,2,13
141351,141362,141366,4,11
141351,141362,141366,4,11
141351,141362,141366,4,11
141351,141364,141366,2,13
141351,141364,141367,3,13
141351,141364,141366,2,13
141351,141365,141366,1,14
141351,141365,141366,1,14
141351,141365,141366,1,14
141351,141364,141367,3,13
141351,141363,141367,4,12
141351,141366,141367,1,15
141351,141366,141368,2,15
141351,141366,141367,1,15
141351,141366,141368,2,15
141351,141364,141368,4,13
141351,141364,141368,4,13
141351,141366,141368,2,15
141351,141367,141368,1,16
141351,141366,141368,2,15
141351,141367,141369,2,16
141351,141367,141369,2,16
141351,141367,141368,1,16
141351,141367,141369,2,16
141351,141366,141369,3,15
141351,141367,141368,1,16
141351,141367,141369,2,16
141351,141367,141369,2,16
141351,141367,141369,2,16
141351,141368,141369,1,17
141351,141367,141369,2,16
141351,141368,141370,2,17
141351,141368,141370,2,17
141351,141368,141370,2,17
141351,141368,141370,2,17
141351,141368,141370,2,17
141351,141369,141370,1,18
141351,141369,141370,1,18
141351,141369,141371,2,18
141351,141368,141371,3,17
141351,141368,141371,3,17
141351,141370,141371,1,19
141351,141370,141372,2,19
141351,141369,141371,2,18
141351,141369,141371,2,18
141351,141371,141372,1,20
141351,141371,141373,2,20
141351,141370,141372,2,19
141351,141372,141373,1,21
141351,141372,141374,2,21
141351,141369,141373,4,18
141351,141369,141373,4,18
141351,141371,141373,2,20
141351,141371,141374,3,20
141351,141371,141374,3,20
141351,141372,141374,2,21
141351,141372,141373,1,21
141351,141373,141375,2,22
141351,141374,141375,1,23
141351,141370,141374,4,19
141351,141370,141375,5,19
141351,141369,141374,5,18
141351,141369,141374,5,18
141351,141372,141374,2,21
141351,141373,141375,2,22
141351,141373,141374,1,22
141351,141372,141375,3,21
141351,141374,141375,1,23
141351,141371,141375,4,20
141351,141371,141375,4,20
141351,141374,141375,1,23
141351,141374,141376,2,23
141351,141374,141376,2,23
141351,141375,141377,2,24
141351,141375,141377,2,24
141351,141374,141376,2,23
141351,141375,141376,1,24
141351,141375,141377,2,24
141351,141375,141376,1,24
141351,141374,141377,3,23
141351,141375,141377,2,24
141351,141374,141376,2,23
141351,141374,141376,2,23
141351,141375,141377,2,24
141351,141376,141378,2,25
141351,141376,141378,2,25
141351,141375,141377,2,24
141351,141376,141378,2,25
141351,141375,141378,3,24
141351,141376,141378,2,25
141351,141376,141378,2,25
141351,141377,141378,1,26
141351,141376,141378,2,25
141351,141377,141379,2,26
141351,141376,141378,2,25
141351,141377,141379,2,26
141351,141377,141379,2,26
141385,141385,141387,2,0
141385,141385,141387,2,0
141385,141385,141387,2,0
141385,141385,141387,2,0
141385,141385,141387,2,0
141385,141385,141387,2,0
141385,141385,141387,2,0
141385,141385,141387,2,0
141385,141385,141387,2,0
141385,141385,141387,2,0
141385,141385,141388,3,0
141385,141385,141387,2,0
141385,141385,141387,2,0
141385,141385,141387,2,0
141385,141385,141388,3,0
141385,141385,141387,2,0
141385,141385,141388,3,0
141385,141385,141387,2,0
141385,141385,141387,2,0
141385,141385,141388,3,0
141385,141387,141389,2,2
141385,141387,141389,2,2
141385,141387,141389,2,2
141385,141387,141389,2,2
141385,141387,141389,2,2
141385,141387,141389,2,2
141385,141387,141389,2,2
141385,141387,141389,2,2
141385,141388,141390,2,3
141385,141387,141389,2,2
141385,141387,141390,3,2
141385,141388,141390,2,3
141385,141388,141390,2,3
141385,141388,141390,2,3
141385,141388,141390,2,3
141385,141388,141390,2,3
141385,141388,141390,2,3
141385,141388,141390,2,3
141385,141389,141391,2,4
141385,141389,141391,2,4
141385,141389,141391,2,4
141385,141389,141391,2,4
141385,141389,141391,2,4
141385,141389,141391,2,4
141385,141388,141391,3,3
141385,141390,141392,2,5
141385,141389,141392,3,4
141385,141389,141392,3,4
141385,141390,141392,2,5
141385,141390,141392,2,5
141385,141390,141392,2,5
141385,141389,141392,3,4
141385,141390,141392,2,5
141385,141390,141392,2,5
141385,141390,141393,3,5
141385,141391,141393,2,6
141385,141392,141393,1,7
141385,141390,141393,3,5
141385,141391,141394,3,6
141385,141391,141393,2,6
141385,141392,141394,2,7
141385,141392,141394,2,7
141385,141392,141394,2,7
141385,141392,141394,2,7
141385,141392,141394,2,7
141385,141391,141394,3,6
141385,141392,141394,2,7
141385,141391,141394,3,6
141385,141391,141394,3,6
141385,141392,141395,3,7
141385,141392,141395,3,7
141385,141394,141395,1,9
141385,141394,141395,1,9
141385,141393,141395,2,8
141385,141394,141395,1,9
141385,141393,141395,2,8
141385,141393,141395,2,8
141385,141394,141395,1,9
141385,141394,141396,2,9
141385,141395,141396,1,10
141385,141395,141396,1,10
141385,141395,141396,1,10
141385,141395,141396,1,10
141385,141395,141396,1,10
141385,141395,141396,1,10
141385,141395,141397,2,10
141385,141395,141398,3,10
141385,141395,141398,3,10
141385,141395,141397,2,10
141385,141396,141397,1,11
141385,141396,141398,2,11
141385,141396,141397,1,11
141385,141396,141397,1,11
141385,141395,141398,3,10
141385,141395,141398,3,10
141385,141396,141398,2,11
141385,141397,141398,1,12
141385,141397,141398,1,12
141385,141396,141398,2,11
141385,141396,141398,2,11
141385,141396,141398,2,11
141385,141397,141398,1,12
141385,141397,141398,1,12
141385,141397,141399,2,12
141385,141397,141399,2,12
141385,141398,141400,2,13
141385,141398,141400,2,13
141385,141398,141400,2,13
141385,141397,141399,2,12
141385,141399,141400,1,14
141385,141399,141400,1,14
141385,141398,141400,2,13
141385,141398,141400,2,13
141385,141399,141401,2,14
141385,141399,141401,2,14
141385,141398,141401,3,13
141385,141399,141401,2,14
141385,141399,141401,2,14
141385,141400,141401,1,15
141385,141398,141401,3,13
141385,141400,141402,2,15
141385,141399,141401,2,14
141385,141399,141401,2,14
141385,141399,141401,2,14
141385,141400,141402,2,15
141385,141399,141402,3,14
141385,141400,141401,1,15
141385,141401,141402,1,16
141385,141401,141403,2,16
141385,141400,141402,2,15
141385,141401,141402,1,16
141385,141400,141402,2,15
141385,141401,141402,1,16
141385,141402,141403,1,17
141385,141402,141404,2,17
141385,141401,141403,2,16
141385,141401,141403,2,16
141385,141401,141403,2,16
141385,141402,141404,2,17
141385,141401,141403,2,16
141385,141402,141403,1,17
141385,141402,141404,2,17
141385,141402,141404,2,17
141385,141402,141404,2,17
141385,141402,141405,3,17
141385,141403,141404,1,18
141385,141403,141404,1,18
141385,141402,141404,2,17
141385,141403,141405,2,18
141385,141402,141404,2,17
141385,141403,141405,2,18
141385,141403,141405,2,18
141385,141404,141405,1,19
141385,141403,141405,2,18
141385,141404,141406,2,19
141385,141404,141406,2,19
141385,141404,141406,2,19
141385,141404,141406,2,19
141385,141404,141406,2,19
141385,141405,141407,2,20
141385,141405,141406,1,20
141385,141405,141407,2,20
141385,141404,141406,2,19
141385,141405,141407,2,20
141385,141405,141407,2,20
141385,141406,141408,2,21
141385,141406,141407,1,21
141385,141405,141407,2,20
141385,141406,141408,2,21
141385,141406,141408,2,21
141385,141407,141408,1,22
141385,141407,141409,2,22
141385,141407,141409,2,22
141385,141407,141409,2,22
141385,141408,141410,2,23
141385,141408,141410,2,23
141385,141404,141409,5,19
141385,141405,141409,4,20
141385,141405,141409,4,20
141385,141406,141410,4,21
141385,141405,141410,5,20
141385,141406,141410,4,21
141385,141407,141409,2,22
141385,141408,141410,2,23
141385,141407,141410,3,22
141385,141407,141410,3,22
141385,141408,141410,2,23
141385,141406,141411,5,21
141385,141406,141411,5,21
141385,141409,141411,2,24
141385,141409,141411,2,24
141385,141409,141411,2,24
141385,141409,141411,2,24
141385,141410,141412,2,25
141385,141410,141411,1,25
141385,141410,141412,2,25
141385,141409,141412,3,24
141385,141410,141412,2,25
141385,141410,141412,2,25
141385,141410,141412,2,25
141419,141419,141421,2,0
141419,141420,141421,1,1
141419,141420,141421,1,1
141419,141419,141421,2,0
141419,141420,141422,2,1
141419,141420,141421,1,1
141419,141420,141421,1,1
141419,141419,141421,2,0
141419,141419,141421,2,0
141419,141420,141421,1,1
141419,141420,141422,2,1
141419,141420,141422,2,1
141419,141420,141422,2,1
141419,141419,141422,3,0
141419,141420,141422,2,1
141419,141420,141422,2,1
141419,141420,141422,2,1
141419,141420,141422,2,1
141419,141420,141422,2,1
141419,141420,141422,2,1
141419,141422,141423,1,3
141419,141422,141423,1,3
141419,141422,141423,1,3
141419,141422,141423,1,3
141419,141422,141423,1,3
141419,141422,141423,1,3
141419,141422,141423,1,3
141419,141422,141424,2,3
141419,141422,141424,2,3
141419,141423,141424,1,4
141419,141423,141424,1,4
141419,141423,141424,1,4
141419,141423,141424,1,4
141419,141422,141424,2,3
141419,141423,141424,1,4
141419,141423,141424,1,4
141419,141423,141425,2,4
141419,141423,141425,2,4
141419,141423,141425,2,4
141419,141423,141425,2,4
141419,141424,141425,1,5
141419,141424,141426,2,5
141419,141424,141426,2,5
141419,141424,141426,2,5
141419,141424,141425,1,5
141419,141424,141425,1,5
141419,141424,141426,2,5
141419,141425,141426,1,6
141419,141425,141426,1,6
141419,141425,141427,2,6
141419,141425,141427,2,6
141419,141425,141426,1,6
141419,141425,141427,2,6
141419,141425,141427,2,6
141419,141425,141427,2,6
141419,141426,141427,1,7
141419,141425,141427,2,6
141419,141426,141427,1,7
141419,141426,141428,2,7
141419,141426,141427,1,7
141419,141426,141428,2,7
141419,141426,141428,2,7
141419,141426,141428,2,7
141419,141427,141428,1,8
141419,141427,141429,2,8
141419,141426,141429,3,7
141419,141426,141428,2,7
141419,141427,141429,2,8
141419,141427,141429,2,8
141419,141426,141428,2,7
141419,141427,141428,1,8
141419,141427,141429,2,8
141419,141427,141428,1,8
141419,141426,141428,2,7
141419,141427,141429,2,8
141419,141428,141429,1,9
141419,141429,141430,1,10
141419,141428,141430,2,9
141419,141428,141429,1,9
141419,141428,141430,2,9
141419,141428,141430,2,9
141419,141429,141430,1,10
141419,141429,141431,2,10
141419,141429,141430,1,10
141419,141429,141431,2,10
141419,141429,141431,2,10
141419,141429,141431,2,10
141419,141428,141430,2,9
141419,141429,141431,2,10
141419,141428,141430,2,9
141419,141429,141430,1,10
141419,141429,141431,2,10
141419,141430,141432,2,11
141419,141430,141432,2,11
141419,141429,141431,2,10
141419,141429,141431,2,10
141419,141430,141432,2,11
141419,141430,141432,2,11
141419,141429,141431,2,10
141419,141431,141433,2,12
141419,141431,141433,2,12
141419,141431,141433,2,12
141419,141431,141433,2,12
141419,141431,141433,2,12
141419,141430,141432,2,11
141419,141431,141433,2,12
141419,141430,141432,2,11
141419,141431,141433,2,12
141419,141432,141434,2,13
141419,141432,141434,2,13
141419,141431,141434,3,12
141419,141431,141434,3,12
141419,141432,141434,2,13
141419,141432,141434,2,13
141419,141432,141434,2,13
141419,141431,141434,3,12
141419,141432,141434,2,13
141419,141431,141433,2,12
141419,141432,141434,2,13
141419,141433,141435,2,14
141419,141433,141435,2,14
141419,141433,141435,2,14
141419,141433,141435,2,14
141419,141433,141435,2,14
141419,141433,141435,2,14
141419,141433,141435,2,14
141419,141434,141435,1,15
141419,141433,141435,2,14
141419,141433,141435,2,14
141419,141434,141436,2,15
141419,141434,141436,2,15
141419,141434,141436,2,15
141419,141434,141436,2,15
141419,141434,141436,2,15
141419,141434,141436,2,15
141419,141434,141436,2,15
141419,141434,141436,2,15
141419,141434,141436,2,15
141419,141434,141436,2,15
141419,141435,141437,2,16
141419,141435,141437,2,16
141419,141435,141437,2,16
141419,141436,141438,2,17
141419,141436,141438,2,17
141419,141435,141438,3,16
141419,141436,141438,2,17
141419,141435,141438,3,16
141419,141436,141438,2,17
141419,141436,141438,2,17
141419,141435,141438,3,16
141419,141436,141438,2,17
141419,141435,141438,3,16
141419,141435,141438,3,16
141419,141436,141438,2,17
141419,141437,141438,1,18
141419,141436,141439,3,17
141419,141436,141438,2,17
141419,141436,141439,3,17
141419,141438,141440,2,19
141419,141437,141439,2,18
141419,141438,141440,2,19
141419,141438,141440,2,19
141419,141437,141440,3,18
141419,141437,141440,3,18
141419,141439,141440,1,20
141419,141439,141440,1,20
141419,141439,141440,1,20
141419,141439,141440,1,20
141419,141439,141440,1,20
141419,141439,141441,2,20
141419,141439,141441,2,20
141419,141439,141441,2,20
141419,141439,141440,1,20
141419,141439,141441,2,20
141419,141439,141441,2,20
141419,141439,141441,2,20
141419,141439,141441,2,20
141419,141440,141441,1,21
141419,141440,141441,1,21
141419,141439,141441,2,20
141419,141440,141442,2,21
141419,141441,141442,1,22
141419,141441,141442,1,22
141419,141441,141442,1,22
141419,141441,141442,1,22
141419,141441,141442,1,22
141419,141441,141442,1,22
141419,141441,141442,1,22
141419,141441,141443,2,22
141419,141441,141443,2,22
141419,141441,141443,2,22
141419,141441,141443,2,22
141419,141441,141443,2,22
141419,141442,141443,1,23
141419,141442,141443,1,23
141419,141442,141443,1,23
141419,141442,141446,4,23
141419,141442,141447,5,23
141419,141442,141447,5,23
141419,141442,141448,6,23
141454,141454,141456,2,0
141454,141454,141456,2,0
141454,141454,141456,2,0
141454,141454,141456,2,0
141454,141454,141456,2,0
141454,141454,141456,2,0
141454,141454,141456,2,0
141454,141454,141456,2,0
141454,141454,141456,2,0
141454,141454,141456,2,0
141454,141454,141457,3,0
141454,141454,141457,3,0
141454,141454,141457,3,0
141454,141454,141457,3,0
141454,141454,141457,3,0
141454,141454,141457,3,0
141454,141454,141457,3,0
141454,141454,141457,3,0
141454,141454,141457,3,0
141454,141454,141457,3,0
141454,141457,141459,2,3
141454,141457,141458,1,3
141454,141457,141458,1,3
141454,141457,141458,1,3
141454,141457,141458,1,3
141454,141457,141458,1,3
141454,141457,141458,1,3
141454,141457,141458,1,3
141454,141457,141458,1,3
141454,141457,141458,1,3
141454,141458,141459,1,4
141454,141458,141459,1,4
141454,141458,141459,1,4
141454,141458,141460,2,4
141454,141458,141459,1,4
141454,141457,141459,2,3
141454,141458,141459,1,4
141454,141458,141459,1,4
141454,141458,141459,1,4
141454,141458,141460,2,4
141454,141459,141460,1,5
141454,141459,141461,2,5
141454,141459,141460,1,5
141454,141459,141460,1,5
141454,141459,141460,1,5
141454,141459,141460,1,5
141454,141459,141460,1,5
141454,141459,141460,1,5
141454,141459,141460,1,5
141454,141459,141460,1,5
141454,141460,141461,1,6
141454,141460,141461,1,6
141454,141460,141462,2,6
141454,141460,141462,2,6
141454,141460,141461,1,6
141454,141460,141462,2,6
141454,141460,141462,2,6
141454,141460,141462,2,6
141454,141461,141462,1,7
141454,141461,141462,1,7
141454,141460,141462,2,6
141454,141461,141462,1,7
141454,141461,141463,2,7
141454,141461,141463,2,7
141454,141461,141463,2,7
141454,141461,141463,2,7
141454,141460,141462,2,6
141454,141461,141462,1,7
141454,141462,141464,2,8
141454,141462,141464,2,8
141454,141461,141463,2,7
141454,141462,141463,1,8
141454,141462,141464,2,8
141454,141461,141463,2,7
141454,141462,141464,2,8
141454,141462,141464,2,8
141454,141462,141464,2,8
141454,141462,141463,1,8
141454,141463,141464,1,9
141454,141463,141465,2,9
141454,141463,141465,2,9
141454,141463,141464,1,9
141454,141463,141465,2,9
141454,141463,141465,2,9
141454,141463,141465,2,9
141454,141463,141465,2,9
141454,141463,141465,2,9
141454,141464,141466,2,10
141454,141464,141466,2,10
141454,141464,141466,2,10
141454,141464,141466,2,10
141454,141464,141466,2,10
141454,141464,141466,2,10
141454,141463,141465,2,9
141454,141464,141466,2,10
141454,141464,141466,2,10
141454,141464,141466,2,10
141454,141464,141466,2,10
141454,141465,141467,2,11
141454,141465,141467,2,11
141454,141465,141467,2,11
141454,141465,141467,2,11
141454,141465,141466,1,11
141454,141465,141467,2,11
141454,141465,141467,2,11
141454,141466,141468,2,12
141454,141466,141468,2,12
141454,141466,141468,2,12
141454,141466,141468,2,12
141454,141466,141468,2,12
141454,141466,141468,2,12
141454,141466,141468,2,12
141454,141466,141468,2,12
141454,141466,141468,2,12
141454,141466,141469,3,12
141454,141466,141469,3,12
141454,141467,141469,2,13
141454,141467,141469,2,13
141454,141466,141469,3,12
141454,141466,141469,3,12
141454,141467,141469,2,13
141454,141467,141470,3,13
141454,141468,141470,2,14
141454,141468,141470,2,14
141454,141467,141470,3,13
141454,141468,141470,2,14
141454,141467,141470,3,13
141454,141467,141470,3,13
141454,141468,141470,2,14
141454,141468,141470,2,14
141454,141468,141470,2,14
141454,141469,141470,1,15
141454,141470,141471,1,16
141454,141470,141471,1,16
141454,141470,141471,1,16
141454,141468,141471,3,14
141454,141468,141471,3,14
141454,141470,141471,1,16
141454,141470,141471,1,16
141454,141470,141471,1,16
141454,141471,141472,1,17
141454,141471,141472,1,17
141454,141471,141472,1,17
141454,141470,141472,2,16
141454,141472,141473,1,18
141454,141471,141472,1,17
141454,141471,141472,1,17
141454,141471,141472,1,17
141454,141471,141472,1,17
141454,141471,141472,1,17
141454,141471,141472,1,17
141454,141471,141473,2,17
141454,141472,141473,1,18
141454,141472,141473,1,18
141454,141472,141473,1,18
141454,141472,141473,1,18
141454,141473,141474,1,19
141454,141471,141474,3,17
141454,141473,141474,1,19
141454,141472,141474,2,18
141454,141473,141475,2,19
141454,141473,141475,2,19
141454,141472,141474,2,18
141454,141473,141475,2,19
141454,141473,141475,2,19
141454,141473,141474,1,19
141454,141473,141474,1,19
141454,141473,141475,2,19
141454,141473,141475,2,19
141454,141472,141475,3,18
141454,141473,141475,2,19
141454,141474,141476,2,20
141454,141474,141475,1,20
141454,141474,141475,1,20
141454,141474,141476,2,20
141454,141474,141476,2,20
141454,141475,141476,1,21
141454,141475,141476,1,21
141454,141475,141477,2,21
141454,141475,141476,1,21
141454,141475,141476,1,21
141454,141475,141477,2,21
141454,141475,141477,2,21
141454,141475,141476,1,21
141454,141475,141477,2,21
141454,141475,141477,2,21
141454,141475,141476,1,21
141454,141476,141478,2,22
141454,141476,141477,1,22
141454,141477,141478,1,23
141454,141475,141477,2,21
141454,141476,141477,1,22
141454,141476,141477,1,22
141454,141476,141477,1,22
141454,141476,141478,2,22
141454,141477,141478,1,23
141454,141477,141478,1,23
141454,141477,141478,1,23
141454,141477,141481,4,23
141490,141490,141491,1,0
141490,141490,141491,1,0
141490,141490,141491,1,0
141490,141490,141492,2,0
141490,141490,141491,1,0
141490,141490,141491,1,0
141490,141490,141491,1,0
141490,141490,141492,2,0
141490,141490,141491,1,0
141490,141490,141491,1,0
141490,141490,141492,2,0
141490,141490,141492,2,0
141490,141490,141492,2,0
141490,141490,141492,2,0
141490,141490,141492,2,0
141490,141490,141492,2,0
141490,141490,141492,2,0
141490,141491,141492,1,1
141490,141490,141492,2,0
141490,141491,141492,1,1
141490,141492,141493,1,2
141490,141492,141493,1,2
141490,141492,141494,2,2
141490,141492,141494,2,2
141490,141492,141493,1,2
141490,141492,141494,2,2
141490,141492,141493,1,2
141490,141492,141493,1,2
141490,141492,141494,2,2
141490,141492,141494,2,2
141490,141492,141494,2,2
141490,141492,141494,2,2
141490,141492,141494,2,2
141490,141492,141494,2,2
141490,141492,141494,2,2
141490,141493,141494,1,3
141490,141493,141495,2,3
141490,141493,141495,2,3
141490,141494,141495,1,4
141490,141493,141495,2,3
141490,141493,141494,1,3
141490,141494,141495,1,4
141490,141495,141496,1,5
141490,141494,141495,1,4
141490,141494,141496,2,4
141490,141494,141496,2,4
141490,141494,141496,2,4
141490,141494,141495,1,4
141490,141495,141496,1,5
141490,141495,141496,1,5
141490,141495,141496,1,5
141490,141494,141497,3,4
141490,141494,141496,2,4
141490,141495,141497,2,5
141490,141494,141497,3,4
141490,141495,141497,2,5
141490,141495,141497,2,5
141490,141495,141497,2,5
141490,141495,141497,2,5
141490,141495,141497,2,5
141490,141495,141497,2,5
141490,141495,141497,2,5
141490,141496,141498,2,6
141490,141496,141498,2,6
141490,141496,141498,2,6
141490,141496,141498,2,6
141490,141496,141498,2,6
141490,141496,141498,2,6
141490,141496,141498,2,6
141490,141496,141498,2,6
141490,141496,141497,1,6
141490,141497,141499,2,7
141490,141497,141499,2,7
141490,141497,141499,2,7
141490,141497,141499,2,7
141490,141497,141499,2,7
141490,141497,141499,2,7
141490,141497,141499,2,7
141490,141497,141499,2,7
141490,141497,141499,2,7
141490,141497,141500,3,7
141490,141498,141500,2,8
141490,141498,141500,2,8
141490,141498,141500,2,8
141490,141497,141499,2,7
141490,141498,141500,2,8
141490,141498,141500,2,8
141490,141498,141500,2,8
141490,141499,141500,1,9
141490,141498,141500,2,8
141490,141499,141501,2,9
141490,141498,141501,3,8
141490,141500,141501,1,10
141490,141499,141501,2,9
141490,141499,141501,2,9
141490,141500,141501,1,10
141490,141499,141501,2,9
141490,141500,141501,1,10
141490,141500,141501,1,10
141490,141498,141502,4,8
141490,141499,141502,3,9
141490,141499,141502,3,9
141490,141499,141502,3,9
141490,141500,141502,2,10
141490,141500,141502,2,10
141490,141500,141502,2,10
141490,141499,141503,4,9
141490,141500,141503,3,10
141490,141500,141503,3,10
141490,141500,141503,3,10
141490,141502,141503,1,12
141490,141502,141503,1,12
141490,141502,141503,1,12
141490,141502,141503,1,12
141490,141502,141503,1,12
141490,141502,141504,2,12
141490,141502,141503,1,12
141490,141502,141503,1,12
141490,141502,141504,2,12
141490,141503,141504,1,13
141490,141503,141504,1,13
141490,141503,141504,1,13
141490,141503,141504,1,13
141490,141503,141504,1,13
141490,141504,141505,1,14
141490,141504,141505,1,14
141490,141504,141505,1,14
141490,141504,141505,1,14
141490,141504,141505,1,14
141490,141503,141505,2,13
141490,141504,141506,2,14
141490,141504,141505,1,14
141490,141504,141505,1,14
141490,141503,141505,2,13
141490,141504,141505,1,14
141490,141504,141506,2,14
141490,141504,141505,1,14
141490,141505,141507,2,15
141490,141504,141506,2,14
141490,141505,141506,1,15
141490,141505,141506,1,15
141490,141505,141507,2,15
141490,141506,141507,1,16
141490,141506,141508,2,16
141490,141505,141507,2,15
141490,141506,141507,1,16
141490,141506,141507,1,16
141490,141506,141507,1,16
141490,141506,141508,2,16
141490,141508,141509,1,18
141490,141508,141509,1,18
141490,141506,141508,2,16
141490,141506,141508,2,16
141490,141507,141508,1,17
141490,141507,141509,2,17
141490,141507,141509,2,17
141490,141507,141508,1,17
141490,141507,141508,1,17
141490,141507,141508,1,17
141490,141507,141509,2,17
141490,141507,141508,1,17
141490,141508,141509,1,18
141490,141508,141509,1,18
141490,141507,141509,2,17
141490,141507,141509,2,17
141490,141508,141509,1,18
141490,141508,141509,1,18
141490,141508,141510,2,18
141490,141509,141511,2,19
141490,141509,141511,2,19
141490,141509,141510,1,19
141490,141509,141510,1,19
141490,141509,141511,2,19
141490,141509,141511,2,19
141490,141509,141511,2,19
141490,141509,141510,1,19
141490,141509,141510,1,19
141490,141509,141511,2,19
141490,141509,141511,2,19
141490,141509,141511,2,19
141490,141509,141511,2,19
141490,141510,141512,2,20
141490,141510,141512,2,20
141490,141510,141512,2,20
141490,141510,141511,1,20
141490,141510,141511,1,20
141490,141510,141512,2,20
141490,141511,141512,1,21
141490,141511,141513,2,21
141490,141510,141512,2,20
141518,141519,141520,1,1
141518,141519,141520,1,1
141518,141519,141520,1,1
141518,141519,141520,1,1
141518,141519,141520,1,1
141518,141519,141520,1,1
141518,141519,141520,1,1
141518,141519,141520,1,1
141518,141519,141520,1,1
141518,141518,141520,2,0
141518,141519,141520,1,1
141518,141518,141520,2,0
141518,141519,141520,1,1
141518,141519,141520,1,1
141518,141519,141521,2,1
141518,141521,141522,1,3
141518,141518,141521,3,0
141518,141520,141521,1,2
141518,141519,141521,2,1
141518,141520,141521,1,2
141518,141521,141522,1,3
141518,141521,141522,1,3
141518,141521,141522,1,3
141518,141521,141522,1,3
141518,141521,141522,1,3
141518,141521,141523,2,3
141518,141521,141522,1,3
141518,141521,141522,1,3
141518,141521,141523,2,3
141518,141522,141523,1,4
141518,141522,141523,1,4
141518,141522,141523,1,4
141518,141522,141523,1,4
141518,141522,141523,1,4
141518,141521,141523,2,3
141518,141522,141524,2,4
141518,141522,141524,2,4
141518,141522,141524,2,4
141518,141522,141524,2,4
141518,141523,141525,2,5
141518,141523,141524,1,5
141518,141523,141524,1,5
141518,141523,141524,1,5
141518,141523,141524,1,5
141518,141523,141524,1,5
141518,141523,141525,2,5
141518,141523,141525,2,5
141518,141522,141524,2,4
141518,141523,141524,1,5
141518,141524,141526,2,6
141518,141524,141525,1,6
141518,141524,141525,1,6
141518,141524,141525,1,6
141518,141525,141526,1,7
141518,141525,141526,1,7
141518,141525,141526,1,7
141518,141525,141526,1,7
141518,141525,141526,1,7
141518,141525,141526,1,7
141518,141525,141527,2,7
141518,141525,141526,1,7
141518,141525,141526,1,7
141518,141525,141526,1,7
141518,141525,141526,1,7
141518,141525,141526,1,7
141518,141525,141526,1,7
141518,141525,141526,1,7
141518,141526,141527,1,8
141518,141526,141528,2,8
141518,141526,141527,1,8
141518,141526,141528,2,8
141518,141526,141527,1,8
141518,141526,141527,1,8
141518,141526,141527,1,8
141518,141526,141527,1,8
141518,141526,141527,1,8
141518,141526,141528,2,8
141518,141527,141529,2,9
141518,141527,141529,2,9
141518,141527,141529,2,9
141518,141527,141529,2,9
141518,141527,141529,2,9
141518,141527,141529,2,9
141518,141527,141529,2,9
141518,141528,141529,1,10
141518,141528,141529,1,10
141518,141528,141529,1,10
141518,141527,141529,2,9
141518,141527,141529,2,9
141518,141529,141530,1,11
141518,141527,141529,2,9
141518,141527,141529,2,9
141518,141528,141530,2,10
141518,141528,141530,2,10
141518,141528,141530,2,10
141518,141528,141529,1,10
141518,141528,141530,2,10
141518,141529,141530,1,11
141518,141529,141530,1,11
141518,141530,141531,1,12
141518,141529,141530,1,11
141518,141530,141531,1,12
141518,141528,141530,2,10
141518,141529,141530,1,11
141518,141530,141531,1,12
141518,141530,141531,1,12
141518,141529,141530,1,11
141518,141530,141531,1,12
141518,141530,141531,1,12
141518,141530,141531,1,12
141518,141530,141531,1,12
141518,141530,141532,2,12
141518,141530,141532,2,12
141518,141530,141531,1,12
141518,141530,141531,1,12
141518,141530,141532,2,12
141518,141530,141532,2,12
141518,141530,141532,2,12
141518,141531,141532,1,13
141518,141530,141533,3,12
141518,141531,141533,2,13
141518,141531,141533,2,13
141518,141531,141533,2,13
141518,141531,141533,2,13
141518,141531,141533,2,13
141518,141531,141533,2,13
141518,141531,141533,2,13
141518,141531,141533,2,13
141518,141532,141534,2,14
141518,141532,141534,2,14
141518,141532,141534,2,14
141518,141531,141533,2,13
141518,141532,141534,2,14
141518,141532,141534,2,14
141518,141532,141534,2,14
141518,141532,141534,2,14
141518,141532,141534,2,14
141518,141531,141533,2,13
141518,141533,141535,2,15
141518,141533,141535,2,15
141518,141533,141535,2,15
141518,141533,141535,2,15
141518,141533,141535,2,15
141518,141533,141535,2,15
141518,141533,141535,2,15
141518,141533,141535,2,15
141518,141534,141535,1,16
141518,141534,141535,1,16
141518,141534,141535,1,16
141518,141534,141535,1,16
141518,141534,141535,1,16
141518,141534,141536,2,16
141518,141534,141535,1,16
141518,141535,141536,1,17
141518,141534,141536,2,16
141518,141534,141536,2,16
141518,141535,141536,1,17
141518,141535,141536,1,17
141518,141533,141536,3,15
141518,141533,141536,3,15
141518,141535,141536,1,17
141518,141535,141536,1,17
141518,141535,141536,1,17
141518,141535,141536,1,17
141518,141534,141537,3,16
141518,141536,141537,1,18
141518,141536,141537,1,18
141518,141536,141538,2,18
141518,141536,141538,2,18
141518,141536,141538,2,18
141518,141536,141538,2,18
141518,141536,141538,2,18
141518,141536,141538,2,18
141518,141536,141538,2,18
141518,141536,141538,2,18
141518,141537,141538,1,19
141518,141537,141539,2,19
141518,141537,141538,1,19
141518,141537,141539,2,19
141518,141536,141539,3,18
141518,141536,141539,3,18
141518,141536,141539,3,18
141518,141536,141539,3,18
141518,141536,141539,3,18
141518,141537,141539,2,19
141518,141538,141540,2,20
141546,141546,141547,1,0
141546,141546,141548,2,0
141546,141546,141548,2,0
141546,141546,141548,2,0
141546,141546,141548,2,0
141546,141546,141548,2,0
141546,141546,141548,2,0
141546,141546,141548,2,0
141546,141546,141548,2,0
141546,141546,141547,1,0
141546,141546,141548,2,0
141546,141546,141548,2,0
141546,141546,141548,2,0
141546,141546,141549,3,0
141546,141546,141549,3,0
141546,141546,141549,3,0
141546,141546,141548,2,0
141546,141548,141549,1,2
141546,141548,141549,1,2
141546,141546,141549,3,0
141546,141548,141549,1,2
141546,141548,141549,1,2
141546,141548,141549,1,2
141546,141546,141548,2,0
141546,141547,141549,2,1
141546,141548,141550,2,2
141546,141548,141550,2,2
141546,141548,141550,2,2
141546,141548,141550,2,2
141546,141548,141550,2,2
141546,141548,141550,2,2
141546,141549,141550,1,3
141546,141548,141550,2,2
141546,141546,141549,3,0
141546,141549,141550,1,3
141546,141549,141550,1,3
141546,141549,141550,1,3
141546,141549,141551,2,3
141546,141549,141551,2,3
141546,141549,141552,3,3
141546,141549,141551,2,3
141546,141549,141551,2,3
141546,141549,141551,2,3
141546,141549,141552,3,3
141546,141549,141552,3,3
141546,141551,141552,1,5
141546,141551,141552,1,5
141546,141551,141552,1,5
141546,141551,141553,2,5
141546,141552,141553,1,6
141546,141551,141553,2,5
141546,141551,141553,2,5
141546,141552,141553,1,6
141546,141551,141553,2,5
141546,141551,141554,3,5
141546,141552,141555,3,6
141546,141553,141554,1,7
141546,141553,141554,1,7
141546,141553,141554,1,7
141546,141552,141554,2,6
141546,141553,141554,1,7
141546,141553,141554,1,7
141546,141550,141555,5,4
141546,141550,141555,5,4
141546,141550,141555,5,4
141546,141551,141555,4,5
141546,141552,141555,3,6
141546,141552,141556,4,6
141546,141554,141555,1,8
141546,141554,141555,1,8
141546,141554,141555,1,8
141546,141554,141555,1,8
141546,141555,141556,1,9
141546,141555,141556,1,9
141546,141555,141556,1,9
141546,141555,141556,1,9
141546,141556,141557,1,10
141546,141556,141557,1,10
141546,141556,141558,2,10
141546,141556,141558,2,10
141546,141556,141557,1,10
141546,141556,141557,1,10
141546,141556,141557,1,10
141546,141556,141558,2,10
141546,141556,141558,2,10
141546,141557,141558,1,11
141546,141557,141558,1,11
141546,141557,141558,1,11
141546,141556,141559,3,10
141546,141556,141558,2,10
141546,141556,141558,2,10
141546,141557,141559,2,11
141546,141557,141559,2,11
141546,141558,141559,1,12
141546,141557,141559,2,11
141546,141557,141559,2,11
141546,141558,141560,2,12
141546,141558,141559,1,12
141546,141558,141559,1,12
141546,141558,141559,1,12
141546,141558,141560,2,12
141546,141558,141560,2,12
141546,141558,141559,1,12
141546,141558,141560,2,12
141546,141559,141560,1,13
141546,141559,141560,1,13
141546,141559,141560,1,13
141546,141559,141560,1,13
141546,141559,141561,2,13
141546,141558,141560,2,12
141546,141559,141560,1,13
141546,141559,141561,2,13
141546,141559,141560,1,13
141546,141559,141561,2,13
141546,141560,141561,1,14
141546,141560,141561,1,14
141546,141560,141561,1,14
141546,141560,141561,1,14
141546,141560,141561,1,14
141546,141559,141561,2,13
141546,141560,141561,1,14
141546,141560,141561,1,14
141546,141560,141561,1,14
141546,141560,141561,1,14
141546,141560,141562,2,14
141546,141561,141562,1,15
141546,141561,141562,1,15
141546,141561,141562,1,15
141546,141561,141563,2,15
141546,141560,141563,3,14
141546,141561,141563,2,15
141546,141561,141563,2,15
141546,141561,141563,2,15
141546,141561,141563,2,15
141546,141561,141563,2,15
141546,141562,141564,2,16
141546,141562,141564,2,16
141546,141562,141564,2,16
141546,141562,141564,2,16
141546,141562,141564,2,16
141546,141562,141564,2,16
141546,141562,141564,2,16
141546,141561,141563,2,15
141546,141562,141564,2,16
141546,141563,141565,2,17
141546,141563,141564,1,17
141546,141563,141565,2,17
141546,141563,141565,2,17
141546,141563,141565,2,17
141546,141564,141565,1,18
141546,141563,141565,2,17
141546,141563,141565,2,17
141546,141563,141565,2,17
141546,141565,141566,1,19
141546,141564,141566,2,18
141546,141564,141566,2,18
141546,141562,141565,3,16
141546,141564,141566,2,18
141546,141564,141566,2,18
141546,141564,141566,2,18
141546,141564,141566,2,18
141546,141565,141567,2,19
141546,141565,141567,2,19
141546,141564,141566,2,18
141546,141564,141567,3,18
141546,141566,141567,1,20
141546,141564,141567,3,18
141546,141565,141567,2,19
141546,141566,141567,1,20
141546,141565,141567,2,19
141546,141565,141567,2,19
141546,141565,141567,2,19
141546,141565,141567,2,19
141546,141565,141567,2,19
141546,141566,141568,2,20
141546,141565,141568,3,19
141546,141566,141567,1,20
141546,141566,141568,2,20
141546,141566,141568,2,20
141546,141567,141569,2,21
141546,141566,141569,3,20
141546,141566,141568,2,20
141546,141567,141569,2,21
141546,141567,141570,3,21
141546,141567,141570,3,21
141577,141577,141579,2,0
141577,141577,141578,1,0
141577,141577,141579,2,0
141577,141577,141579,2,0
141577,141577,141579,2,0
141577,141577,141579,2,0
141577,141577,141579,2,0
141577,141577,141579,2,0
141577,141577,141579,2,0
141577,141577,141579,2,0
141577,141577,141579,2,0
141577,141577,141579,2,0
141577,141577,141579,2,0
141577,141577,141579,2,0
141577,141577,141579,2,0
141577,141577,141579,2,0
141577,141577,141579,2,0
141577,141579,141580,1,2
141577,141577,141579,2,0
141577,141577,141580,3,0
141577,141577,141579,2,0
141577,141579,141581,2,2
141577,141579,141581,2,2
141577,141579,141580,1,2
141577,141579,141581,2,2
141577,141579,141581,2,2
141577,141579,141581,2,2
141577,141579,141581,2,2
141577,141579,141581,2,2
141577,141579,141580,1,2
141577,141579,141581,2,2
141577,141579,141581,2,2
141577,141579,141581,2,2
141577,141580,141582,2,3
141577,141580,141582,2,3
141577,141581,141582,1,4
141577,141580,141581,1,3
141577,141581,141582,1,4
141577,141580,141581,1,3
141577,141581,141582,1,4
141577,141580,141582,2,3
141577,141580,141582,2,3
141577,141580,141581,1,3
141577,141581,141582,1,4
141577,141581,141582,1,4
141577,141580,141582,2,3
141577,141581,141583,2,4
141577,141581,141583,2,4
141577,141581,141583,2,4
141577,141582,141583,1,5
141577,141581,141583,2,4
141577,141582,141583,1,5
141577,141582,141584,2,5
141577,141582,141584,2,5
141577,141581,141583,2,4
141577,141582,141584,2,5
141577,141581,141584,3,4
141577,141581,141584,3,4
141577,141582,141584,2,5
141577,141582,141584,2,5
141577,141582,141584,2,5
141577,141582,141585,3,5
141577,141582,141585,3,5
141577,141582,141585,3,5
141577,141582,141585,3,5
141577,141583,141585,2,6
141577,141583,141585,2,6
141577,141583,141585,2,6
141577,141583,141585,2,6
141577,141583,141586,3,6
141577,141584,141586,2,7
141577,141584,141586,2,7
141577,141584,141586,2,7
141577,141584,141586,2,7
141577,141583,141586,3,6
141577,141584,141586,2,7
141577,141584,141586,2,7
141577,141584,141586,2,7
141577,141584,141586,2,7
141577,141584,141587,3,7
141577,141586,141587,1,9
141577,141586,141587,1,9
141577,141586,141587,1,9
141577,141585,141587,2,8
141577,141584,141588,4,7
141577,141585,141588,3,8
141577,141585,141588,3,8
141577,141586,141588,2,9
141577,141585,141588,3,8
141577,141585,141588,3,8
141577,141585,141588,3,8
141577,141586,141588,2,9
141577,141585,141588,3,8
141577,141585,141589,4,8
141577,141587,141588,1,10
141577,141587,141588,1,10
141577,141587,141588,1,10
141577,141587,141589,2,10
141577,141588,141589,1,11
141577,141588,141589,1,11
141577,141588,141589,1,11
141577,141587,141590,3,10
141577,141587,141590,3,10
141577,141587,141590,3,10
141577,141589,141590,1,12
141577,141589,141590,1,12
141577,141589,141590,1,12
141577,141589,141591,2,12
141577,141589,141591,2,12
141577,141589,141591,2,12
141577,141589,141591,2,12
141577,141590,141591,1,13
141577,141590,141592,2,13
141577,141590,141592,2,13
141577,141589,141592,3,12
141577,141589,141592,3,12
141577,141589,141592,3,12
141577,141589,141592,3,12
141577,141591,141592,1,14
141577,141591,141592,1,14
141577,141590,141593,3,13
141577,141590,141593,3,13
141577,141592,141593,1,15
141577,141589,141593,4,12
141577,141589,141593,4,12
141577,141589,141593,4,12
141577,141592,141593,1,15
141577,141592,141594,2,15
141577,141592,141593,1,15
141577,141592,141593,1,15
141577,141591,141594,3,14
141577,141592,141593,1,15
141577,141592,141593,1,15
141577,141593,141594,1,16
141577,141593,141594,1,16
141577,141593,141594,1,16
141577,141593,141594,1,16
141577,141593,141594,1,16
141577,141593,141595,2,16
141577,141594,141595,1,17
141577,141594,141595,1,17
141577,141594,141595,1,17
141577,141594,141595,1,17
141577,141594,141595,1,17
141577,141594,141596,2,17
141577,141594,141595,1,17
141577,141594,141596,2,17
141577,141594,141595,1,17
141577,141594,141596,2,17
141577,141594,141596,2,17
141577,141594,141597,3,17
141577,141595,141596,1,18
141577,141595,141597,2,18
141577,141595,141597,2,18
141577,141595,141596,1,18
141577,141595,141596,1,18
141577,141594,141596,2,17
141577,141596,141597,1,19
141577,141596,141597,1,19
141577,141596,141597,1,19
141577,141596,141597,1,19
141577,141596,141597,1,19
141577,141596,141597,1,19
141577,141596,141598,2,19
141577,141595,141597,2,18
141577,141596,141598,2,19
141577,141596,141597,1,19
141577,141596,141597,1,19
141577,141597,141598,1,20
141577,141597,141598,1,20
141577,141597,141598,1,20
141577,141597,141599,2,20
141577,141597,141599,2,20
141577,141597,141598,1,20
141577,141598,141599,1,21
141577,141596,141598,2,19
141577,141596,141598,2,19
141577,141597,141598,1,20
141577,141598,141599,1,21
141577,141597,141600,3,20
141577,141598,141599,1,21
141577,141597,141599,2,20
141577,141598,141600,2,21
141577,141598,141600,2,21
141577,141599,141600,1,22
141577,141598,141600,2,21
141577,141598,141600,2,21
141577,141597,141600,3,20
141577,141598,141600,2,21
141577,141599,141600,1,22
141577,141599,141600,1,22
141577,141599,141600,1,22
141606,141606,141607,1,0
141606,141606,141607,1,0
141606,141606,141607,1,0
141606,141606,141608,2,0
141606,141606,141608,2,0
141606,141606,141608,2,0
141606,141606,141608,2,0
141606,141606,141608,2,0
141606,141606,141607,1,0
141606,141606,141608,2,0
141606,141606,141608,2,0
141606,141606,141607,1,0
141606,141606,141608,2,0
141606,141606,141608,2,0
141606,141606,141609,3,0
141606,141607,141609,2,1
141606,141608,141609,1,2
141606,141606,141608,2,0
141606,141606,141609,3,0
141606,141606,141608,2,0
141606,141606,141608,2,0
141606,141606,141608,2,0
141606,141608,141609,1,2
141606,141608,141610,2,2
141606,141608,141610,2,2
141606,141608,141610,2,2
141606,141608,141610,2,2
141606,141608,141609,1,2
141606,141608,141610,2,2
141606,141608,141610,2,2
141606,141608,141610,2,2
141606,141608,141610,2,2
141606,141608,141610,2,2
141606,141608,141611,3,2
141606,141610,141611,1,4
141606,141610,141611,1,4
141606,141609,141611,2,3
141606,141609,141611,2,3
141606,141609,141611,2,3
141606,141609,141611,2,3
141606,141609,141611,2,3
141606,141609,141611,2,3
141606,141609,141611,2,3
141606,141610,141611,1,4
141606,141609,141611,2,3
141606,141609,141611,2,3
141606,141610,141612,2,4
141606,141611,141612,1,5
141606,141611,141612,1,5
141606,141610,141612,2,4
141606,141610,141612,2,4
141606,141610,141612,2,4
141606,141610,141612,2,4
141606,141611,141613,2,5
141606,141611,141613,2,5
141606,141612,141613,1,6
141606,141611,141613,2,5
141606,141611,141613,2,5
141606,141610,141613,3,4
141606,141611,141613,2,5
141606,141612,141613,1,6
141606,141611,141613,2,5
141606,141611,141613,2,5
141606,141611,141614,3,5
141606,141611,141614,3,5
141606,141611,141614,3,5
141606,141613,141614,1,7
141606,141610,141613,3,4
141606,141612,141614,2,6
141606,141612,141614,2,6
141606,141612,141614,2,6
141606,141611,141614,3,5
141606,141612,141614,2,6
141606,141613,141614,1,7
141606,141613,141615,2,7
141606,141612,141615,3,6
141606,141613,141615,2,7
141606,141613,141615,2,7
141606,141613,141615,2,7
141606,141613,141615,2,7
141606,141613,141615,2,7
141606,141613,141615,2,7
141606,141615,141616,1,9
141606,141615,141616,1,9
141606,141615,141617,2,9
141606,141615,141616,1,9
141606,141615,141616,1,9
141606,141615,141616,1,9
141606,141615,141616,1,9
141606,141615,141616,1,9
141606,141615,141617,2,9
141606,141613,141617,4,7
141606,141616,141617,1,10
141606,141615,141617,2,9
141606,141616,141617,1,10
141606,141616,141618,2,10
141606,141617,141618,1,11
141606,141616,141618,2,10
141606,141617,141618,1,11
141606,141617,141618,1,11
141606,141615,141618,3,9
141606,141617,141618,1,11
141606,141616,141619,3,10
141606,141617,141619,2,11
141606,141617,141618,1,11
141606,141617,141619,2,11
141606,141617,141619,2,11
141606,141618,141619,1,12
141606,141618,141619,1,12
141606,141617,141620,3,11
141606,141617,141619,2,11
141606,141618,141619,1,12
141606,141618,141619,1,12
141606,141619,141620,1,13
141606,141619,141620,1,13
141606,141619,141620,1,13
141606,141619,141620,1,13
141606,141619,141620,1,13
141606,141619,141620,1,13
141606,141620,141621,1,14
141606,141620,141621,1,14
141606,141620,141621,1,14
141606,141620,141621,1,14
141606,141618,141621,3,12
141606,141618,141621,3,12
141606,141618,141621,3,12
141606,141619,141621,2,13
141606,141619,141621,2,13
141606,141620,141621,1,14
141606,141620,141622,2,14
141606,141620,141622,2,14
141606,141619,141622,3,13
141606,141621,141623,2,15
141606,141622,141623,1,16
141606,141620,141622,2,14
141606,141621,141622,1,15
141606,141621,141622,1,15
141606,141621,141622,1,15
141606,141619,141623,4,13
141606,141622,141623,1,16
141606,141622,141623,1,16
141606,141622,141623,1,16
141606,141622,141623,1,16
141606,141622,141624,2,16
141606,141622,141624,2,16
141606,141622,141624,2,16
141606,141623,141624,1,17
141606,141621,141624,3,15
141606,141621,141624,3,15
141606,141622,141623,1,16
141606,141622,141624,2,16
141606,141623,141624,1,17
141606,141623,141624,1,17
141606,141622,141624,2,16
141606,141623,141625,2,17
141606,141623,141625,2,17
141606,141624,141626,2,18
141606,141624,141626,2,18
141606,141624,141626,2,18
141606,141624,141626,2,18
141606,141624,141625,1,18
141606,141624,141625,1,18
141606,141624,141626,2,18
141606,141625,141626,1,19
141606,141624,141625,1,18
141606,141625,141626,1,19
141606,141625,141626,1,19
141606,141625,141626,1,19
141606,141626,141628,2,20
141606,141626,141628,2,20
141606,141626,141628,2,20
141606,141626,141628,2,20
141606,141626,141628,2,20
141606,141626,141628,2,20
141606,141626,141628,2,20
141606,141626,141628,2,20
141606,141626,141628,2,20
141606,141626,141628,2,20
141606,141624,141628,4,18
141606,141624,141629,5,18
141606,141624,141628,4,18
141606,141625,141628,3,19
141606,141624,141628,4,18
141606,141624,141628,4,18
141606,141624,141628,4,18
141606,141624,141629,5,18
141606,141628,141629,1,22
141606,141626,141629,3,20
141606,141627,141629,2,21
141606,141628,141630,2,22
141606,141628,141630,2,22
141606,141628,141630,2,22
141606,141628,141630,2,22
141637,141637,141638,1,0
141637,141637,141638,1,0
141637,141637,141639,2,0
141637,141637,141639,2,0
141637,141637,141638,1,0
141637,141637,141638,1,0
141637,141637,141638,1,0
141637,141637,141639,2,0
141637,141637,141639,2,0
141637,141637,141639,2,0
141637,141637,141638,1,0
141637,141637,141639,2,0
141637,141637,141639,2,0
141637,141637,141640,3,0
141637,141637,141639,2,0
141637,141637,141639,2,0
141637,141637,141640,3,0
141637,141637,141639,2,0
141637,141638,141639,1,1
141637,141638,141639,1,1
141637,141638,141640,2,1
141637,141638,141639,1,1
141637,141639,141640,1,2
141637,141639,141640,1,2
141637,141639,141640,1,2
141637,141639,141640,1,2
141637,141639,141640,1,2
141637,141639,141640,1,2
141637,141639,141640,1,2
141637,141639,141640,1,2
141637,141640,141641,1,3
141637,141640,141642,2,3
141637,141640,141642,2,3
141637,141639,141642,3,2
141637,141640,141642,2,3
141637,141640,141642,2,3
141637,141640,141642,2,3
141637,141640,141641,1,3
141637,141640,141642,2,3
141637,141640,141642,2,3
141637,141641,141642,1,4
141637,141640,141642,2,3
141637,141641,141642,1,4
141637,141641,141642,1,4
141637,141641,141643,2,4
141637,141641,141642,1,4
141637,141641,141642,1,4
141637,141640,141642,2,3
141637,141641,141642,1,4
141637,141640,141642,2,3
141637,141640,141643,3,3
141637,141642,141643,1,5
141637,141642,141643,1,5
141637,141642,141643,1,5
141637,141642,141643,1,5
141637,141642,141644,2,5
141637,141642,141644,2,5
141637,141642,141644,2,5
141637,141643,141644,1,6
141637,141642,141644,2,5
141637,141643,141645,2,6
141637,141643,141645,2,6
141637,141643,141645,2,6
141637,141643,141645,2,6
141637,141642,141644,2,5
141637,141643,141644,1,6
141637,141643,141645,2,6
141637,141643,141645,2,6
141637,141643,141645,2,6
141637,141643,141645,2,6
141637,141642,141645,3,5
141637,141643,141644,1,6
141637,141643,141644,1,6
141637,141645,141646,1,8
141637,141643,141646,3,6
141637,141644,141645,1,7
141637,141644,141646,2,7
141637,141644,141646,2,7
141637,141644,141646,2,7
141637,141643,141646,3,6
141637,141645,141646,1,8
141637,141644,141645,1,7
141637,141645,141647,2,8
141637,141645,141647,2,8
141637,141645,141647,2,8
141637,141645,141647,2,8
141637,141645,141646,1,8
141637,141645,141646,1,8
141637,141645,141647,2,8
141637,141645,141647,2,8
141637,141646,141648,2,9
141637,141646,141648,2,9
141637,141646,141648,2,9
141637,141647,141648,1,10
141637,141646,141647,1,9
141637,141646,141648,2,9
141637,141646,141648,2,9
141637,141647,141648,1,10
141637,141645,141648,3,8
141637,141646,141648,2,9
141637,141646,141648,2,9
141637,141647,141648,1,10
141637,141645,141647,2,8
141637,141645,141647,2,8
141637,141646,141648,2,9
141637,141647,141648,1,10
141637,141647,141649,2,10
141637,141648,141649,1,11
141637,141647,141649,2,10
141637,141648,141649,1,11
141637,141648,141649,1,11
141637,141647,141650,3,10
141637,141647,141649,2,10
141637,141648,141650,2,11
141637,141648,141650,2,11
141637,141648,141650,2,11
141637,141648,141650,2,11
141637,141648,141650,2,11
141637,141648,141650,2,11
141637,141648,141650,2,11
141637,141648,141650,2,11
141637,141648,141650,2,11
141637,141648,141650,2,11
141637,141649,141651,2,12
141637,141649,141651,2,12
141637,141650,141651,1,13
141637,141650,141651,1,13
141637,141648,141651,3,11
141637,141648,141651,3,11
141637,141648,141650,2,11
141637,141649,141651,2,12
141637,141649,141651,2,12
141637,141649,141652,3,12
141637,141650,141652,2,13
141637,141650,141652,2,13
141637,141650,141652,2,13
141637,141650,141652,2,13
141637,141650,141652,2,13
141637,141650,141652,2,13
141637,141650,141652,2,13
141637,141650,141652,2,13
141637,141650,141652,2,13
141637,141651,141653,2,14
141637,141651,141653,2,14
141637,141651,141653,2,14
141637,141651,141653,2,14
141637,141651,141653,2,14
141637,141650,141653,3,13
141637,141652,141653,1,15
141637,141652,141653,1,15
141637,141651,141654,3,14
141637,141653,141654,1,16
141637,141652,141654,2,15
141637,141653,141654,1,16
141637,141653,141655,2,16
141637,141651,141655,4,14
141637,141652,141655,3,15
141637,141652,141655,3,15
141637,141654,141655,1,17
141637,141653,141655,2,16
141637,141654,141655,1,17
141637,141654,141655,1,17
141637,141654,141655,1,17
141637,141654,141655,1,17
141637,141654,141656,2,17
141637,141654,141655,1,17
141637,141654,141655,1,17
141637,141654,141656,2,17
141637,141654,141656,2,17
141637,141653,141656,3,16
141637,141653,141656,3,16
141637,141653,141657,4,16
141637,141655,141657,2,18
141637,141656,141657,1,19
141637,141656,141657,1,19
141637,141656,141658,2,19
141637,141656,141657,1,19
141637,141656,141657,1,19
141637,141656,141657,1,19
141637,141656,141657,1,19
141637,141657,141658,1,20
141637,141657,141658,1,20
141637,141656,141658,2,19
141637,141656,141658,2,19
141637,141656,141658,2,19
141637,141656,141658,2,19
141637,141656,141658,2,19
141637,141656,141659,3,19
141637,141657,141660,3,20
141666,141666,141668,2,0
141666,141666,141668,2,0
141666,141666,141668,2,0
141666,141666,141668,2,0
141666,141666,141668,2,0
141666,141666,141668,2,0
141666,141666,141667,1,0
141666,141666,141667,1,0
141666,141666,141668,2,0
141666,141666,141667,1,0
141666,141666,141667,1,0
141666,141666,141668,2,0
141666,141666,141668,2,0
141666,141666,141667,1,0
141666,141666,141668,2,0
141666,141666,141668,2,0
141666,141666,141668,2,0
141666,141666,141669,3,0
141666,141668,141669,1,2
141666,141666,141669,3,0
141666,141666,141669,3,0
141666,141668,141669,1,2
141666,141668,141670,2,2
141666,141668,141670,2,2
141666,141668,141670,2,2
141666,141668,141670,2,2
141666,141668,141670,2,2
141666,141668,141670,2,2
141666,141668,141670,2,2
141666,141668,141670,2,2
141666,141668,141670,2,2
141666,141668,141670,2,2
141666,141668,141670,2,2
141666,141669,141671,2,3
141666,141669,141671,2,3
141666,141668,141670,2,2
141666,141668,141671,3,2
141666,141669,141671,2,3
141666,141669,141671,2,3
141666,141669,141671,2,3
141666,141669,141671,2,3
141666,141669,141671,2,3
141666,141670,141672,2,4
141666,141670,141672,2,4
141666,141671,141672,1,5
141666,141670,141672,2,4
141666,141670,141672,2,4
141666,141670,141672,2,4
141666,141670,141672,2,4
141666,141670,141672,2,4
141666,141670,141672,2,4
141666,141670,141672,2,4
141666,141670,141672,2,4
141666,141671,141673,2,5
141666,141671,141673,2,5
141666,141671,141673,2,5
141666,141672,141673,1,6
141666,141670,141673,3,4
141666,141672,141673,1,6
141666,141672,141673,1,6
141666,141672,141674,2,6
141666,141672,141674,2,6
141666,141673,141674,1,7
141666,141673,141674,1,7
141666,141671,141674,3,5
141666,141673,141674,1,7
141666,141673,141674,1,7
141666,141673,141674,1,7
141666,141672,141674,2,6
141666,141673,141674,1,7
141666,141674,141675,1,8
141666,141674,141675,1,8
141666,141674,141676,2,8
141666,141674,141675,1,8
141666,141674,141675,1,8
141666,141674,141675,1,8
141666,141674,141675,1,8
141666,141672,141676,4,6
141666,141675,141676,1,9
141666,141674,141676,2,8
141666,141675,141676,1,9
141666,141675,141676,1,9
141666,141675,141677,2,9
141666,141674,141677,3,8
141666,141675,141676,1,9
141666,141675,141676,1,9
141666,141675,141676,1,9
141666,141675,141677,2,9
141666,141675,141677,2,9
141666,141676,141677,1,10
141666,141675,141677,2,9
141666,141676,141677,1,10
141666,141676,141677,1,10
141666,141676,141678,2,10
141666,141676,141677,1,10
141666,141676,141678,2,10
141666,141677,141678,1,11
141666,141677,141678,1,11
141666,141677,141678,1,11
141666,141677,141678,1,11
141666,141676,141678,2,10
141666,141677,141678,1,11
141666,141677,141679,2,11
141666,141677,141678,1,11
141666,141677,141678,1,11
141666,141677,141678,1,11
141666,141678,141679,1,12
141666,141678,141679,1,12
141666,141678,141679,1,12
141666,141678,141679,1,12
141666,141678,141679,1,12
141666,141677,141679,2,11
141666,141677,141680,3,11
141666,141678,141679,1,12
141666,141678,141679,1,12
141666,141678,141679,1,12
141666,141679,141680,1,13
141666,141679,141680,1,13
141666,141679,141680,1,13
141666,141680,141681,1,14
141666,141679,141680,1,13
141666,141679,141681,2,13
141666,141679,141681,2,13
141666,141679,141681,2,13
141666,141679,141681,2,13
141666,141679,141681,2,13
141666,141680,141681,1,14
141666,141680,141681,1,14
141666,141680,141681,1,14
141666,141680,141681,1,14
141666,141680,141682,2,14
141666,141680,141681,1,14
141666,141680,141681,1,14
141666,141681,141682,1,15
141666,141681,141682,1,15
141666,141680,141682,2,14
141666,141680,141681,1,14
141666,141679,141682,3,13
141666,141681,141682,1,15
141666,141681,141683,2,15
141666,141681,141683,2,15
141666,141681,141683,2,15
141666,141681,141683,2,15
141666,141681,141683,2,15
141666,141681,141683,2,15
141666,141681,141683,2,15
141666,141682,141683,1,16
141666,141682,141683,1,16
141666,141682,141683,1,16
141666,141682,141684,2,16
141666,141682,141684,2,16
141666,141682,141684,2,16
141666,141682,141684,2,16
141666,141682,141684,2,16
141666,141681,141684,3,15
141666,141682,141684,2,16
141666,141682,141684,2,16
141666,141682,141684,2,16
141666,141683,141684,1,17
141666,141683,141684,1,17
141666,141683,141684,1,17
141666,141683,141685,2,17
141666,141683,141685,2,17
141666,141683,141685,2,17
141666,141683,141685,2,17
141666,141684,141686,2,18
141666,141684,141685,1,18
141666,141685,141686,1,19
141666,141684,141685,1,18
141666,141684,141685,1,18
141666,141685,141686,1,19
141666,141684,141686,2,18
141666,141684,141686,2,18
141666,141684,141686,2,18
141666,141683,141686,3,17
141666,141684,141686,2,18
141666,141684,141686,2,18
141666,141684,141686,2,18
141666,141685,141687,2,19
141666,141686,141687,1,20
141666,141685,141687,2,19
141666,141684,141687,3,18
141666,141686,141687,1,20
141666,141684,141687,3,18
141666,141685,141687,2,19
141666,141685,141687,2,19
141666,141685,141687,2,19
141666,141686,141687,1,20
141666,141686,141687,1,20
141666,141686,141688,2,20
141666,141686,141688,2,20
141666,141686,141688,2,20
141666,141686,141688,2,20
141666,141686,141688,2,20
141666,141686,141688,2,20
141666,141686,141688,2,20
141666,141686,141689,3,20
141695,141696,141698,2,1
141695,141696,141697,1,1
141695,141696,141697,1,1
141695,141696,141698,2,1
141695,141696,141698,2,1
141695,141696,141697,1,1
141695,141696,141697,1,1
141695,141696,141697,1,1
141695,141696,141698,2,1
141695,141696,141697,1,1
141695,141696,141697,1,1
141695,141696,141697,1,1
141695,141696,141697,1,1
141695,141696,141697,1,1
141695,141696,141698,2,1
141695,141698,141699,1,3
141695,141698,141699,1,3
141695,141698,141699,1,3
141695,141698,141699,1,3
141695,141698,141699,1,3
141695,141698,141699,1,3
141695,141698,141699,1,3
141695,141698,141699,1,3
141695,141698,141700,2,3
141695,141698,141699,1,3
141695,141696,141701,5,1
141695,141698,141700,2,3
141695,141699,141700,1,4
141695,141696,141701,5,1
141695,141696,141701,5,1
141695,141696,141701,5,1
141695,141696,141701,5,1
141695,141700,141701,1,5
141695,141700,141701,1,5
141695,141700,141701,1,5
141695,141700,141701,1,5
141695,141700,141701,1,5
141695,141700,141701,1,5
141695,141700,141701,1,5
141695,141700,141701,1,5
141695,141698,141702,4,3
141695,141698,141702,4,3
141695,141698,141702,4,3
141695,141701,141702,1,6
141695,141700,141703,3,5
141695,141702,141703,1,7
141695,141701,141702,1,6
141695,141700,141703,3,5
141695,141702,141703,1,7
141695,141702,141704,2,7
141695,141702,141704,2,7
141695,141702,141704,2,7
141695,141702,141703,1,7
141695,141702,141704,2,7
141695,141702,141703,1,7
141695,141702,141704,2,7
141695,141702,141704,2,7
141695,141703,141704,1,8
141695,141703,141704,1,8
141695,141702,141705,3,7
141695,141703,141705,2,8
141695,141703,141705,2,8
141695,141702,141705,3,7
141695,141703,141705,2,8
141695,141703,141704,1,8
141695,141704,141705,1,9
141695,141702,141705,3,7
141695,141704,141705,1,9
141695,141704,141705,1,9
141695,141704,141705,1,9
141695,141704,141706,2,9
141695,141705,141706,1,10
141695,141704,141706,2,9
141695,141705,141706,1,10
141695,141703,141706,3,8
141695,141704,141705,1,9
141695,141704,141705,1,9
141695,141705,141706,1,10
141695,141705,141706,1,10
141695,141705,141707,2,10
141695,141705,141707,2,10
141695,141705,141706,1,10
141695,141705,141706,1,10
141695,141705,141706,1,10
141695,141705,141707,2,10
141695,141705,141707,2,10
141695,141706,141707,1,11
141695,141706,141708,2,11
141695,141706,141707,1,11
141695,141706,141707,1,11
141695,141706,141707,1,11
141695,141706,141707,1,11
141695,141706,141708,2,11
141695,141706,141708,2,11
141695,141707,141708,1,12
141695,141707,141708,1,12
141695,141706,141708,2,11
141695,141706,141708,2,11
141695,141707,141708,1,12
141695,141707,141708,1,12
141695,141707,141709,2,12
141695,141707,141709,2,12
141695,141706,141709,3,11
141695,141707,141708,1,12
141695,141707,141708,1,12
141695,141708,141709,1,13
141695,141707,141709,2,12
141695,141707,141709,2,12
141695,141708,141709,1,13
141695,141708,141710,2,13
141695,141708,141710,2,13
141695,141708,141710,2,13
141695,141708,141710,2,13
141695,141708,141710,2,13
141695,141708,141710,2,13
141695,141708,141710,2,13
141695,141709,141711,2,14
141695,141709,141710,1,14
141695,141709,141711,2,14
141695,141709,141711,2,14
141695,141709,141711,2,14
141695,141709,141711,2,14
141695,141708,141711,3,13
141695,141710,141711,1,15
141695,141708,141711,3,13
141695,141709,141711,2,14
141695,141709,141711,2,14
141695,141710,141711,1,15
141695,141710,141712,2,15
141695,141709,141712,3,14
141695,141710,141712,2,15
141695,141710,141712,2,15
141695,141709,141711,2,14
141695,141710,141712,2,15
141695,141711,141712,1,16
141695,141710,141712,2,15
141695,141711,141713,2,16
141695,141711,141713,2,16
141695,141711,141713,2,16
141695,141711,141713,2,16
141695,141711,141713,2,16
141695,141711,141713,2,16
141695,141710,141713,3,15
141695,141711,141713,2,16
141695,141711,141713,2,16
141695,141711,141713,2,16
141695,141711,141713,2,16
141695,141712,141713,1,17
141695,141712,141713,1,17
141695,141712,141714,2,17
141695,141712,141714,2,17
141695,141712,141714,2,17
141695,141712,141714,2,17
141695,141713,141714,1,18
141695,141713,141715,2,18
141695,141713,141715,2,18
141695,141713,141715,2,18
141695,141713,141715,2,18
141695,141714,141715,1,19
141695,141714,141715,1,19
141695,141714,141715,1,19
141695,141714,141715,1,19
141695,141714,141715,1,19
141695,141714,141715,1,19
141695,141713,141716,3,18
141695,141714,141716,2,19
141695,141714,141716,2,19
141695,141714,141716,2,19
141695,141714,141716,2,19
141695,141713,141716,3,18
141695,141714,141716,2,19
141695,141714,141717,3,19
141695,141715,141716,1,20
141695,141715,141717,2,20
141695,141714,141718,4,19
141695,141716,141717,1,21
141695,141716,141717,1,21
141695,141716,141717,1,21
141695,141716,141717,1,21
141695,141716,141717,1,21
141695,141716,141717,1,21
141695,141716,141717,1,21
141695,141716,141717,1,21
141695,141716,141718,2,21
141695,141716,141718,2,21
141695,141716,141718,2,21
141695,141717,141718,1,22
141695,141717,141718,1,22
141695,141717,141718,1,22
141695,141717,141718,1,22
141695,141717,141718,1,22
141695,141717,141718,1,22
141724,141724,141726,2,0
141724,141724,141726,2,0
141724,141724,141726,2,0
141724,141724,141726,2,0
141724,141724,141726,2,0
141724,141724,141726,2,0
141724,141724,141726,2,0
141724,141724,141726,2,0
141724,141724,141726,2,0
141724,141724,141726,2,0
141724,141724,141726,2,0
141724,141724,141726,2,0
141724,141724,141726,2,0
141724,141724,141726,2,0
141724,141724,141726,2,0
141724,141724,141726,2,0
141724,141724,141726,2,0
141724,141724,141725,1,0
141724,141724,141726,2,0
141724,141726,141727,1,2
141724,141726,141728,2,2
141724,141726,141728,2,2
141724,141726,141728,2,2
141724,141724,141727,3,0
141724,141726,141728,2,2
141724,141726,141728,2,2
141724,141726,141728,2,2
141724,141726,141728,2,2
141724,141726,141728,2,2
141724,141726,141728,2,2
141724,141726,141728,2,2
141724,141726,141728,2,2
141724,141726,141728,2,2
141724,141726,141728,2,2
141724,141726,141729,3,2
141724,141726,141729,3,2
141724,141726,141729,3,2
141724,141726,141729,3,2
141724,141728,141730,2,4
141724,141728,141730,2,4
141724,141728,141730,2,4
141724,141728,141730,2,4
141724,141728,141730,2,4
141724,141728,141730,2,4
141724,141728,141730,2,4
141724,141728,141730,2,4
141724,141728,141730,2,4
141724,141728,141730,2,4
141724,141728,141730,2,4
141724,141728,141730,2,4
141724,141726,141730,4,2
141724,141729,141730,1,5
141724,141728,141730,2,4
141724,141728,141731,3,4
141724,141728,141731,3,4
141724,141729,141731,2,5
141724,141729,141731,2,5
141724,141730,141732,2,6
141724,141730,141732,2,6
141724,141730,141732,2,6
141724,141730,141732,2,6
141724,141730,141732,2,6
141724,141730,141732,2,6
141724,141730,141732,2,6
141724,141730,141732,2,6
141724,141730,141732,2,6
141724,141730,141732,2,6
141724,141730,141732,2,6
141724,141731,141732,1,7
141724,141730,141732,2,6
141724,141729,141732,3,5
141724,141730,141732,2,6
141724,141730,141733,3,6
141724,141733,141734,1,9
141724,141733,141734,1,9
141724,141733,141734,1,9
141724,141733,141734,1,9
141724,141733,141734,1,9
141724,141733,141734,1,9
141724,141733,141734,1,9
141724,141732,141734,2,8
141724,141732,141734,2,8
141724,141733,141734,1,9
141724,141733,141734,1,9
141724,141733,141734,1,9
141724,141733,141734,1,9
141724,141732,141734,2,8
141724,141732,141734,2,8
141724,141734,141735,1,10
141724,141735,141736,1,11
141724,141735,141736,1,11
141724,141735,141736,1,11
141724,141735,141737,2,11
141724,141735,141737,2,11
141724,141735,141736,1,11
141724,141735,141736,1,11
141724,141735,141736,1,11
141724,141735,141736,1,11
141724,141735,141737,2,11
141724,141736,141737,1,12
141724,141733,141738,5,9
141724,141733,141738,5,9
141724,141735,141739,4,11
141724,141733,141738,5,9
141724,141734,141738,4,10
141724,141735,141738,3,11
141724,141736,141738,2,12
141724,141737,141738,1,13
141724,141737,141738,1,13
141724,141737,141738,1,13
141724,141737,141738,1,13
141724,141737,141738,1,13
141724,141737,141738,1,13
141724,141737,141738,1,13
141724,141737,141739,2,13
141724,141735,141739,4,11
141724,141735,141740,5,11
141724,141737,141740,3,13
141724,141738,141739,1,14
141724,141738,141739,1,14
141724,141739,141740,1,15
141724,141739,141740,1,15
141724,141739,141740,1,15
141724,141739,141740,1,15
141724,141739,141740,1,15
141724,141739,141740,1,15
141724,141739,141741,2,15
141724,141739,141740,1,15
141724,141739,141741,2,15
141724,141739,141741,2,15
141724,141739,141741,2,15
141724,141739,141741,2,15
141724,141739,141741,2,15
141724,141741,141742,1,17
141724,141739,141741,2,15
141724,141740,141741,1,16
141724,141740,141741,1,16
141724,141739,141742,3,15
141724,141740,141741,1,16
141724,141740,141742,2,16
141724,141741,141743,2,17
141724,141741,141743,2,17
141724,141741,141742,1,17
141724,141741,141743,2,17
141724,141741,141743,2,17
141724,141741,141742,1,17
141724,141741,141743,2,17
141724,141741,141743,2,17
141724,141741,141743,2,17
141724,141741,141742,1,17
141724,141741,141742,1,17
141724,141741,141743,2,17
141724,141741,141743,2,17
141724,141742,141743,1,18
141724,141742,141743,1,18
141724,141742,141743,1,18
141724,141742,141743,1,18
141724,141742,141743,1,18
141724,141742,141743,1,18
141724,141742,141744,2,18
141724,141743,141745,2,19
141724,141743,141745,2,19
141724,141743,141745,2,19
141724,141743,141744,1,19
141724,141743,141745,2,19
141724,141743,141744,1,19
141724,141743,141744,1,19
141724,141743,141744,1,19
141724,141743,141744,1,19
141724,141743,141745,2,19
141724,141743,141745,2,19
141724,141743,141745,2,19
141724,141744,141745,1,20
141724,141744,141745,1,20
141724,141745,141746,1,21
141724,141744,141745,1,20
141724,141744,141746,2,20
141724,141744,141746,2,20
141724,141744,141746,2,20
141724,141744,141746,2,20
141724,141744,141745,1,20
141724,141745,141746,1,21
141724,141745,141746,1,21
141724,141745,141747,2,21
141724,141745,141746,1,21
141724,141745,141746,1,21
141724,141745,141747,2,21
141724,141745,141747,2,21
141724,141745,141747,2,21
141724,141745,141747,2,21
141724,141745,141747,2,21
141724,141745,141747,2,21
141724,141746,141748,2,22
141724,141746,141748,2,22
141724,141746,141748,2,22
141724,141746,141747,1,22
141724,141746,141748,2,22
141754,141754,141755,1,0
141754,141754,141756,2,0
141754,141754,141756,2,0
141754,141754,141756,2,0
141754,141754,141756,2,0
141754,141754,141756,2,0
141754,141754,141756,2,0
141754,141754,141756,2,0
141754,141754,141756,2,0
141754,141754,141756,2,0
141754,141754,141756,2,0
141754,141754,141756,2,0
141754,141754,141756,2,0
141754,141754,141757,3,0
141754,141754,141756,2,0
141754,141754,141756,2,0
141754,141754,141757,3,0
141754,141755,141757,2,1
141754,141754,141757,3,0
141754,141756,141757,1,2
141754,141754,141757,3,0
141754,141754,141758,4,0
141754,141756,141758,2,2
141754,141757,141758,1,3
141754,141756,141758,2,2
141754,141757,141758,1,3
141754,141757,141758,1,3
141754,141757,141758,1,3
141754,141756,141758,2,2
141754,141757,141758,1,3
141754,141757,141758,1,3
141754,141756,141758,2,2
141754,141757,141758,1,3
141754,141757,141759,2,3
141754,141757,141759,2,3
141754,141757,141759,2,3
141754,141758,141759,1,4
141754,141758,141759,1,4
141754,141758,141759,1,4
141754,141759,141760,1,5
141754,141759,141760,1,5
141754,141759,141760,1,5
141754,141759,141760,1,5
141754,141758,141760,2,4
141754,141759,141760,1,5
141754,141759,141760,1,5
141754,141759,141760,1,5
141754,141759,141760,1,5
141754,141759,141760,1,5
141754,141759,141760,1,5
141754,141759,141760,1,5
141754,141759,141760,1,5
141754,141760,141761,1,6
141754,141760,141761,1,6
141754,141760,141761,1,6
141754,141760,141761,1,6
141754,141760,141761,1,6
141754,141761,141762,1,7
141754,141759,141762,3,5
141754,141761,141763,2,7
141754,141761,141763,2,7
141754,141761,141762,1,7
141754,141761,141762,1,7
141754,141761,141763,2,7
141754,141761,141762,1,7
141754,141761,141763,2,7
141754,141760,141763,3,6
141754,141761,141763,2,7
141754,141762,141763,1,8
141754,141762,141764,2,8
141754,141762,141764,2,8
141754,141761,141763,2,7
141754,141761,141764,3,7
141754,141762,141764,2,8
141754,141762,141764,2,8
141754,141763,141764,1,9
141754,141763,141764,1,9
141754,141761,141764,3,7
141754,141763,141764,1,9
141754,141763,141764,1,9
141754,141763,141764,1,9
141754,141763,141765,2,9
141754,141763,141764,1,9
141754,141763,141764,1,9
141754,141763,141764,1,9
141754,141763,141764,1,9
141754,141763,141764,1,9
141754,141764,141766,2,10
141754,141763,141766,3,9
141754,141764,141765,1,10
141754,141764,141765,1,10
141754,141764,141765,1,10
141754,141764,141765,1,10
141754,141764,141765,1,10
141754,141765,141767,2,11
141754,141765,141767,2,11
141754,141765,141767,2,11
141754,141765,141767,2,11
141754,141765,141766,1,11
141754,141765,141767,2,11
141754,141765,141766,1,11
141754,141765,141766,1,11
141754,141765,141766,1,11
141754,141765,141766,1,11
141754,141765,141766,1,11
141754,141765,141766,1,11
141754,141766,141768,2,12
141754,141765,141768,3,11
141754,141766,141768,2,12
141754,141766,141767,1,12
141754,141766,141768,2,12
141754,141766,141768,2,12
141754,141767,141768,1,13
141754,141767,141768,1,13
141754,141767,141769,2,13
141754,141767,141769,2,13
141754,141767,141769,2,13
141754,141767,141768,1,13
141754,141767,141768,1,13
141754,141767,141768,1,13
141754,141767,141768,1,13
141754,141766,141769,3,12
141754,141766,141769,3,12
141754,141767,141769,2,13
141754,141767,141769,2,13
141754,141767,141770,3,13
141754,141768,141770,2,14
141754,141768,141770,2,14
141754,141768,141769,1,14
141754,141768,141769,1,14
141754,141768,141770,2,14
141754,141768,141770,2,14
141754,141768,141769,1,14
141754,141768,141770,2,14
141754,141769,141771,2,15
141754,141770,141771,1,16
141754,141769,141771,2,15
141754,141769,141771,2,15
141754,141769,141771,2,15
141754,141770,141772,2,16
141754,141770,141772,2,16
141754,141770,141772,2,16
141754,141770,141772,2,16
141754,141769,141771,2,15
141754,141770,141771,1,16
141754,141771,141773,2,17
141754,141771,141773,2,17
141754,141769,141773,4,15
141754,141771,141773,2,17
141754,141771,141773,2,17
141754,141771,141773,2,17
141754,141769,141774,5,15
141754,141769,141774,5,15
141754,141769,141774,5,15
141754,141769,141774,5,15
141754,141769,141774,5,15
141754,141772,141774,2,18
141754,141772,141774,2,18
141754,141772,141774,2,18
141754,141772,141774,2,18
141754,141772,141774,2,18
141754,141772,141774,2,18
141754,141770,141774,4,16
141754,141770,141774,4,16
141754,141774,141775,1,20
141754,141770,141775,5,16
141754,141774,141775,1,20
141754,141773,141775,2,19
141754,141773,141775,2,19
141754,141774,141775,1,20
141754,141774,141775,1,20
141754,141774,141775,1,20
141754,141774,141776,2,20
141754,141774,141776,2,20
141754,141774,141776,2,20
141754,141774,141775,1,20
141754,141774,141776,2,20
141754,141774,141776,2,20
141754,141774,141776,2,20
141754,141774,141776,2,20
141754,141775,141777,2,21
141754,141775,141777,2,21
141754,141776,141777,1,22
141754,141775,141777,2,21
141754,141775,141777,2,21
141754,141775,141777,2,21
141754,141774,141777,3,20
141754,141774,141776,2,20
141754,141776,141777,1,22
141754,141776,141777,1,22
141754,141776,141777,1,22
141754,141776,141777,1,22
141754,141776,141777,1,22
141754,141776,141777,1,22
141754,141776,141778,2,22
141754,141776,141778,2,22
141754,141776,141778,2,22
141784,141784,141786,2,0
141784,141784,141786,2,0
141784,141784,141786,2,0
141784,141784,141786,2,0
141784,141784,141786,2,0
141784,141784,141786,2,0
141784,141784,141786,2,0
141784,141784,141786,2,0
141784,141784,141786,2,0
141784,141784,141786,2,0
141784,141784,141786,2,0
141784,141784,141786,2,0
141784,141784,141786,2,0
141784,141784,141786,2,0
141784,141784,141786,2,0
141784,141784,141786,2,0
141784,141784,141786,2,0
141784,141784,141786,2,0
141784,141784,141786,2,0
141784,141786,141787,1,2
141784,141784,141787,3,0
141784,141786,141788,2,2
141784,141786,141788,2,2
141784,141786,141788,2,2
141784,141786,141788,2,2
141784,141786,141788,2,2
141784,141786,141788,2,2
141784,141786,141788,2,2
141784,141786,141788,2,2
141784,141786,141788,2,2
141784,141786,141788,2,2
141784,141786,141788,2,2
141784,141787,141788,1,3
141784,141786,141789,3,2
141784,141786,141789,3,2
141784,141786,141789,3,2
141784,141787,141789,2,3
141784,141788,141789,1,4
141784,141786,141789,3,2
141784,141787,141789,2,3
141784,141789,141790,1,5
141784,141789,141790,1,5
141784,141789,141790,1,5
141784,141789,141790,1,5
141784,141789,141790,1,5
141784,141789,141790,1,5
141784,141787,141790,3,3
141784,141789,141790,1,5
141784,141789,141790,1,5
141784,141789,141790,1,5
141784,141789,141790,1,5
141784,141790,141791,1,6
141784,141790,141791,1,6
141784,141790,141791,1,6
141784,141790,141791,1,6
141784,141790,141791,1,6
141784,141790,141791,1,6
141784,141790,141791,1,6
141784,141790,141791,1,6
141784,141790,141791,1,6
141784,141791,141792,1,7
141784,141791,141792,1,7
141784,141791,141792,1,7
141784,141791,141792,1,7
141784,141791,141792,1,7
141784,141791,141793,2,7
141784,141791,141792,1,7
141784,141791,141792,1,7
141784,141791,141792,1,7
141784,141791,141793,2,7
141784,141792,141793,1,8
141784,141792,141794,2,8
141784,141791,141793,2,7
141784,141792,141793,1,8
141784,141792,141793,1,8
141784,141793,141794,1,9
141784,141792,141795,3,8
141784,141792,141794,2,8
141784,141793,141794,1,9
141784,141793,141795,2,9
141784,141793,141795,2,9
141784,141793,141795,2,9
141784,141793,141794,1,9
141784,141792,141795,3,8
141784,141793,141795,2,9
141784,141793,141794,1,9
141784,141793,141794,1,9
141784,141793,141795,2,9
141784,141794,141795,1,10
141784,141793,141795,2,9
141784,141794,141795,1,10
141784,141794,141796,2,10
141784,141793,141795,2,9
141784,141794,141795,1,10
141784,141794,141795,1,10
141784,141794,141797,3,10
141784,141795,141796,1,11
141784,141795,141796,1,11
141784,141795,141796,1,11
141784,141795,141796,1,11
141784,141795,141796,1,11
141784,141795,141797,2,11
141784,141795,141797,2,11
141784,141795,141796,1,11
141784,141795,141797,2,11
141784,141795,141796,1,11
141784,141795,141796,1,11
141784,141796,141797,1,12
141784,141796,141797,1,12
141784,141796,141797,1,12
141784,141795,141798,3,11
141784,141796,141798,2,12
141784,141797,141798,1,13
141784,141796,141798,2,12
141784,141796,141798,2,12
141784,141797,141798,1,13
141784,141797,141799,2,13
141784,141797,141799,2,13
141784,141797,141799,2,13
141784,141797,141799,2,13
141784,141797,141799,2,13
141784,141797,141798,1,13
141784,141797,141798,1,13
141784,141796,141798,2,12
141784,141797,141799,2,13
141784,141798,141799,1,14
141784,141797,141799,2,13
141784,141797,141799,2,13
141784,141798,141800,2,14
141784,141798,141800,2,14
141784,141798,141800,2,14
141784,141798,141800,2,14
141784,141798,141800,2,14
141784,141798,141800,2,14
141784,141798,141799,1,14
141784,141799,141800,1,15
141784,141799,141801,2,15
141784,141799,141801,2,15
141784,141799,141801,2,15
141784,141799,141801,2,15
141784,141799,141800,1,15
141784,141799,141801,2,15
141784,141799,141801,2,15
141784,141799,141801,2,15
141784,141799,141801,2,15
141784,141799,141801,2,15
141784,141799,141802,3,15
141784,141799,141801,2,15
141784,141800,141802,2,16
141784,141800,141802,2,16
141784,141800,141802,2,16
141784,141800,141802,2,16
141784,141800,141802,2,16
141784,141801,141802,1,17
141784,141801,141802,1,17
141784,141801,141803,2,17
141784,141801,141803,2,17
141784,141801,141803,2,17
141784,141801,141803,2,17
141784,141800,141803,3,16
141784,141801,141803,2,17
141784,141800,141803,3,16
141784,141801,141803,2,17
141784,141802,141804,2,18
141784,141801,141804,3,17
141784,141803,141804,1,19
141784,141801,141804,3,17
141784,141802,141804,2,18
141784,141803,141804,1,19
141784,141802,141804,2,18
141784,141802,141804,2,18
141784,141802,141804,2,18
141784,141802,141804,2,18
141784,141802,141804,2,18
141784,141803,141805,2,19
141784,141803,141805,2,19
141784,141801,141804,3,17
141784,141803,141805,2,19
141784,141804,141805,1,20
141784,141804,141806,2,20
141784,141805,141806,1,21
141784,141805,141807,2,21
141784,141805,141806,1,21
141784,141804,141806,2,20
141784,141805,141807,2,21
141784,141805,141806,1,21
141784,141804,141806,2,20
141784,141805,141807,2,21
141784,141805,141807,2,21
141784,141805,141806,1,21
141784,141804,141807,3,20
141784,141804,141807,3,20
141784,141805,141807,2,21
141817,141817,141819,2,0
141817,141817,141819,2,0
141817,141817,141819,2,0
141817,141817,141819,2,0
141817,141817,141819,2,0
141817,141817,141818,1,0
141817,141817,141818,1,0
141817,141817,141819,2,0
141817,141817,141819,2,0
141817,141817,141818,1,0
141817,141817,141819,2,0
141817,141817,141818,1,0
141817,141817,141819,2,0
141817,141817,141818,1,0
141817,141817,141819,2,0
141817,141817,141819,2,0
141817,141819,141820,1,2
141817,141817,141819,2,0
141817,141819,141820,1,2
141817,141817,141820,3,0
141817,141817,141819,2,0
141817,141819,141820,1,2
141817,141819,141820,1,2
141817,141819,141820,1,2
141817,141819,141821,2,2
141817,141819,141821,2,2
141817,141819,141821,2,2
141817,141817,141820,3,0
141817,141819,141821,2,2
141817,141820,141821,1,3
141817,141819,141821,2,2
141817,141819,141821,2,2
141817,141819,141821,2,2
141817,141819,141821,2,2
141817,141819,141821,2,2
141817,141819,141821,2,2
141817,141820,141822,2,3
141817,141820,141822,2,3
141817,141820,141822,2,3
141817,141820,141822,2,3
141817,141820,141822,2,3
141817,141820,141822,2,3
141817,141820,141822,2,3
141817,141821,141823,2,4
141817,141821,141823,2,4
141817,141821,141823,2,4
141817,141821,141822,1,4
141817,141821,141823,2,4
141817,141821,141823,2,4
141817,141820,141823,3,3
141817,141821,141823,2,4
141817,141821,141823,2,4
141817,141822,141824,2,5
141817,141822,141824,2,5
141817,141821,141824,3,4
141817,141822,141824,2,5
141817,141821,141824,3,4
141817,141822,141824,2,5
141817,141821,141824,3,4
141817,141822,141824,2,5
141817,141822,141824,2,5
141817,141823,141825,2,6
141817,141824,141825,1,7
141817,141824,141825,1,7
141817,141824,141825,1,7
141817,141824,141825,1,7
141817,141822,141825,3,5
141817,141824,141825,1,7
141817,141824,141825,1,7
141817,141824,141825,1,7
141817,141825,141826,1,8
141817,141824,141826,2,7
141817,141825,141826,1,8
141817,141825,141826,1,8
141817,141825,141826,1,8
141817,141825,141826,1,8
141817,141824,141826,2,7
141817,141825,141826,1,8
141817,141825,141826,1,8
141817,141825,141826,1,8
141817,141826,141827,1,9
141817,141825,141827,2,8
141817,141826,141827,1,9
141817,141826,141829,3,9
141817,141827,141828,1,10
141817,141827,141828,1,10
141817,141827,141828,1,10
141817,141827,141828,1,10
141817,141827,141829,2,10
141817,141827,141828,1,10
141817,141827,141828,1,10
141817,141827,141829,2,10
141817,141827,141829,2,10
141817,141827,141828,1,10
141817,141827,141829,2,10
141817,141827,141829,2,10
141817,141827,141829,2,10
141817,141828,141829,1,11
141817,141827,141829,2,10
141817,141827,141829,2,10
141817,141827,141829,2,10
141817,141827,141829,2,10
141817,141828,141829,1,11
141817,141829,141830,1,12
141817,141829,141830,1,12
141817,141829,141830,1,12
141817,141829,141830,1,12
141817,141829,141831,2,12
141817,141829,141831,2,12
141817,141829,141831,2,12
141817,141829,141830,1,12
141817,141830,141831,1,13
141817,141829,141831,2,12
141817,141829,141831,2,12
141817,141829,141831,2,12
141817,141830,141831,1,13
141817,141829,141832,3,12
141817,141829,141832,3,12
141817,141830,141832,2,13
141817,141830,141832,2,13
141817,141829,141831,2,12
141817,141830,141832,2,13
141817,141831,141832,1,14
141817,141830,141832,2,13
141817,141831,141832,1,14
141817,141831,141832,1,14
141817,141831,141833,2,14
141817,141832,141833,1,15
141817,141831,141833,2,14
141817,141831,141832,1,14
141817,141831,141832,1,14
141817,141831,141832,1,14
141817,141832,141834,2,15
141817,141831,141833,2,14
141817,141832,141834,2,15
141817,141831,141834,3,14
141817,141832,141834,2,15
141817,141832,141834,2,15
141817,141832,141834,2,15
141817,141832,141833,1,15
141817,141832,141834,2,15
141817,141832,141833,1,15
141817,141832,141833,1,15
141817,141832,141835,3,15
141817,141833,141834,1,16
141817,141833,141835,2,16
141817,141833,141834,1,16
141817,141832,141835,3,15
141817,141832,141834,2,15
141817,141833,141835,2,16
141817,141833,141835,2,16
141817,141834,141836,2,17
141817,141834,141836,2,17
141817,141834,141836,2,17
141817,141833,141835,2,16
141817,141834,141836,2,17
141817,141834,141836,2,17
141817,141834,141836,2,17
141817,141834,141836,2,17
141817,141834,141836,2,17
141817,141834,141836,2,17
141817,141834,141836,2,17
141817,141835,141836,1,18
141817,141835,141836,1,18
141817,141835,141837,2,18
141817,141834,141837,3,17
141817,141836,141837,1,19
141817,141835,141837,2,18
141817,141836,141837,1,19
141817,141836,141837,1,19
141817,141836,141838,2,19
141817,141836,141838,2,19
141817,141835,141838,3,18
141817,141836,141838,2,19
141817,141835,141838,3,18
141817,141835,141838,3,18
141817,141836,141838,2,19
141817,141836,141838,2,19
141817,141836,141838,2,19
141817,141836,141838,2,19
141817,141837,141839,2,20
141817,141837,141839,2,20
141817,141836,141839,3,19
141817,141837,141839,2,20
141817,141836,141839,3,19
141817,141837,141839,2,20
141817,141837,141839,2,20
141817,141837,141839,2,20
141817,141838,141840,2,21
141817,141838,141840,2,21
141817,141838,141840,2,21
141817,141838,141840,2,21
141817,141837,141840,3,20
141817,141837,141840,3,20
141846,141846,141847,1,0
141846,141846,141848,2,0
141846,141846,141847,1,0
141846,141846,141847,1,0
141846,141846,141847,1,0
141846,141846,141847,1,0
141846,141846,141848,2,0
141846,141846,141847,1,0
141846,141846,141847,1,0
141846,141846,141849,3,0
141846,141846,141848,2,0
141846,141846,141848,2,0
141846,141846,141848,2,0
141846,141846,141848,2,0
141846,141846,141848,2,0
141846,141846,141848,2,0
141846,141846,141848,2,0
141846,141846,141848,2,0
141846,141846,141848,2,0
141846,141849,141850,1,3
141846,141846,141849,3,0
141846,141848,141849,1,2
141846,141849,141850,1,3
141846,141848,141849,1,2
141846,141849,141850,1,3
141846,141848,141849,1,2
141846,141848,141851,3,2
141846,141848,141850,2,2
141846,141849,141851,2,3
141846,141848,141850,2,2
141846,141849,141850,1,3
141846,141849,141851,2,3
141846,141848,141850,2,2
141846,141849,141851,2,3
141846,141849,141851,2,3
141846,141849,141850,1,3
141846,141849,141851,2,3
141846,141849,141850,1,3
141846,141850,141851,1,4
141846,141850,141852,2,4
141846,141849,141852,3,3
141846,141850,141851,1,4
141846,141850,141852,2,4
141846,141850,141851,1,4
141846,141850,141851,1,4
141846,141851,141852,1,5
141846,141851,141853,2,5
141846,141851,141853,2,5
141846,141851,141852,1,5
141846,141850,141852,2,4
141846,141851,141853,2,5
141846,141851,141852,1,5
141846,141851,141853,2,5
141846,141851,141853,2,5
141846,141851,141852,1,5
141846,141852,141854,2,6
141846,141851,141853,2,5
141846,141851,141854,3,5
141846,141852,141853,1,6
141846,141851,141854,3,5
141846,141852,141853,1,6
141846,141852,141854,2,6
141846,141852,141854,2,6
141846,141852,141854,2,6
141846,141851,141853,2,5
141846,141852,141853,1,6
141846,141853,141854,1,7
141846,141853,141855,2,7
141846,141853,141855,2,7
141846,141853,141854,1,7
141846,141853,141855,2,7
141846,141853,141855,2,7
141846,141854,141855,1,8
141846,141853,141855,2,7
141846,141854,141855,1,8
141846,141854,141855,1,8
141846,141853,141856,3,7
141846,141853,141855,2,7
141846,141854,141856,2,8
141846,141854,141856,2,8
141846,141854,141856,2,8
141846,141854,141856,2,8
141846,141854,141856,2,8
141846,141854,141856,2,8
141846,141854,141856,2,8
141846,141855,141856,1,9
141846,141854,141856,2,8
141846,141854,141856,2,8
141846,141855,141857,2,9
141846,141855,141857,2,9
141846,141855,141857,2,9
141846,141855,141857,2,9
141846,141855,141857,2,9
141846,141855,141856,1,9
141846,141855,141857,2,9
141846,141856,141858,2,10
141846,141856,141858,2,10
141846,141856,141858,2,10
141846,141856,141858,2,10
141846,141856,141858,2,10
141846,141856,141858,2,10
141846,141856,141858,2,10
141846,141856,141858,2,10
141846,141855,141858,3,9
141846,141856,141859,3,10
141846,141857,141859,2,11
141846,141856,141859,3,10
141846,141858,141859,1,12
141846,141856,141859,3,10
141846,141857,141859,2,11
141846,141858,141859,1,12
141846,141856,141859,3,10
141846,141857,141860,3,11
141846,141858,141860,2,12
141846,141858,141860,2,12
141846,141858,141860,2,12
141846,141859,141860,1,13
141846,141859,141860,1,13
141846,141858,141861,3,12
141846,141858,141861,3,12
141846,141858,141861,3,12
141846,141858,141861,3,12
141846,141860,141861,1,14
141846,141860,141861,1,14
141846,141859,141861,2,13
141846,141861,141862,1,15
141846,141860,141861,1,14
141846,141860,141861,1,14
141846,141860,141862,2,14
141846,141861,141862,1,15
141846,141860,141862,2,14
141846,141860,141862,2,14
141846,141860,141862,2,14
141846,141861,141862,1,15
141846,141861,141862,1,15
141846,141861,141862,1,15
141846,141861,141862,1,15
141846,141861,141862,1,15
141846,141861,141863,2,15
141846,141862,141864,2,16
141846,141862,141864,2,16
141846,141862,141863,1,16
141846,141862,141863,1,16
141846,141863,141864,1,17
141846,141863,141864,1,17
141846,141862,141865,3,16
141846,141863,141864,1,17
141846,141863,141864,1,17
141846,141861,141864,3,15
141846,141862,141864,2,16
141846,141863,141864,1,17
141846,141863,141864,1,17
141846,141863,141865,2,17
141846,141864,141866,2,18
141846,141864,141866,2,18
141846,141863,141865,2,17
141846,141863,141865,2,17
141846,141863,141865,2,17
141846,141863,141865,2,17
141846,141864,141866,2,18
141846,141864,141865,1,18
141846,141864,141865,1,18
141846,141865,141866,1,19
141846,141866,141867,1,20
141846,141865,141866,1,19
141846,141865,141866,1,19
141846,141864,141867,3,18
141846,141865,141866,1,19
141846,141865,141867,2,19
141846,141865,141867,2,19
141846,141865,141867,2,19
141846,141865,141867,2,19
141846,141866,141867,1,20
141846,141866,141867,1,20
141846,141866,141868,2,20
141846,141866,141868,2,20
141846,141867,141868,1,21
141846,141867,141868,1,21
141846,141867,141868,1,21
141846,141867,141868,1,21
141846,141866,141868,2,20
141846,141865,141868,3,19
141846,141865,141868,3,19
141846,141867,141868,1,21
141846,141866,141868,2,20
141846,141866,141868,2,20
141846,141866,141869,3,20
141846,141867,141870,3,21
141846,141867,141870,3,21
141846,141867,141870,3,21
141878,141878,141879,1,0
141878,141878,141879,1,0
141878,141878,141879,1,0
141878,141878,141880,2,0
141878,141878,141879,1,0
141878,141878,141879,1,0
141878,141878,141879,1,0
141878,141878,141879,1,0
141878,141878,141879,1,0
141878,141878,141879,1,0
141878,141878,141880,2,0
141878,141878,141880,2,0
141878,141878,141880,2,0
141878,141879,141880,1,1
141878,141878,141881,3,0
141878,141880,141881,1,2
141878,141880,141882,2,2
141878,141880,141881,1,2
141878,141880,141881,1,2
141878,141878,141882,4,0
141878,141878,141882,4,0
141878,141878,141882,4,0
141878,141878,141882,4,0
141878,141878,141882,4,0
141878,141878,141882,4,0
141878,141880,141882,2,2
141878,141880,141882,2,2
141878,141880,141882,2,2
141878,141881,141882,1,3
141878,141881,141883,2,3
141878,141881,141882,1,3
141878,141879,141883,4,1
141878,141879,141883,4,1
141878,141882,141883,1,4
141878,141883,141884,1,5
141878,141883,141884,1,5
141878,141881,141883,2,3
141878,141882,141883,1,4
141878,141882,141883,1,4
141878,141882,141883,1,4
141878,141883,141884,1,5
141878,141883,141885,2,5
141878,141883,141885,2,5
141878,141883,141885,2,5
141878,141883,141884,1,5
141878,141883,141884,1,5
141878,141882,141884,2,4
141878,141884,141885,1,6
141878,141884,141885,1,6
141878,141884,141886,2,6
141878,141883,141886,3,5
141878,141883,141886,3,5
141878,141884,141885,1,6
141878,141884,141886,2,6
141878,141884,141885,1,6
141878,141883,141886,3,5
141878,141884,141886,2,6
141878,141885,141886,1,7
141878,141883,141886,3,5
141878,141885,141887,2,7
141878,141885,141887,2,7
141878,141884,141886,2,6
141878,141885,141887,2,7
141878,141885,141886,1,7
141878,141884,141886,2,6
141878,141885,141886,1,7
141878,141886,141887,1,8
141878,141884,141886,2,6
141878,141886,141888,2,8
141878,141887,141888,1,9
141878,141886,141888,2,8
141878,141886,141888,2,8
141878,141886,141888,2,8
141878,141886,141888,2,8
141878,141886,141889,3,8
141878,141887,141888,1,9
141878,141887,141889,2,9
141878,141886,141888,2,8
141878,141887,141889,2,9
141878,141887,141889,2,9
141878,141887,141889,2,9
141878,141887,141888,1,9
141878,141886,141889,3,8
141878,141887,141889,2,9
141878,141886,141888,2,8
141878,141886,141888,2,8
141878,141887,141888,1,9
141878,141887,141889,2,9
141878,141888,141890,2,10
141878,141888,141890,2,10
141878,141888,141890,2,10
141878,141888,141889,1,10
141878,141888,141890,2,10
141878,141888,141890,2,10
141878,141889,141891,2,11
141878,141889,141891,2,11
141878,141889,141890,1,11
141878,141889,141891,2,11
141878,141889,141891,2,11
141878,141889,141891,2,11
141878,141889,141891,2,11
141878,141889,141890,1,11
141878,141889,141891,2,11
141878,141889,141892,3,11
141878,141890,141892,2,12
141878,141889,141892,3,11
141878,141890,141892,2,12
141878,141890,141892,2,12
141878,141890,141892,2,12
141878,141889,141891,2,11
141878,141890,141892,2,12
141878,141889,141892,3,11
141878,141890,141892,2,12
141878,141891,141893,2,13
141878,141891,141893,2,13
141878,141891,141893,2,13
141878,141891,141893,2,13
141878,141890,141893,3,12
141878,141891,141893,2,13
141878,141891,141893,2,13
141878,141891,141894,3,13
141878,141893,141894,1,15
141878,141892,141894,2,14
141878,141892,141894,2,14
141878,141891,141894,3,13
141878,141892,141894,2,14
141878,141893,141895,2,15
141878,141891,141894,3,13
141878,141892,141894,2,14
141878,141893,141894,1,15
141878,141892,141894,2,14
141878,141893,141895,2,15
141878,141893,141895,2,15
141878,141893,141895,2,15
141878,141893,141895,2,15
141878,141892,141895,3,14
141878,141894,141895,1,16
141878,141894,141895,1,16
141878,141894,141895,1,16
141878,141894,141896,2,16
141878,141895,141896,1,17
141878,141895,141896,1,17
141878,141895,141896,1,17
141878,141895,141896,1,17
141878,141894,141897,3,16
141878,141895,141896,1,17
141878,141895,141896,1,17
141878,141894,141898,4,16
141878,141896,141897,1,18
141878,141896,141897,1,18
141878,141896,141897,1,18
141878,141896,141897,1,18
141878,141895,141897,2,17
141878,141895,141897,2,17
141878,141895,141897,2,17
141878,141896,141897,1,18
141878,141896,141897,1,18
141878,141897,141898,1,19
141878,141897,141898,1,19
141878,141897,141898,1,19
141878,141896,141898,2,18
141878,141897,141898,1,19
141878,141897,141898,1,19
141878,141897,141898,1,19
141878,141897,141899,2,19
141878,141898,141899,1,20
141878,141898,141899,1,20
141878,141897,141899,2,19
141878,141898,141899,1,20
141878,141898,141899,1,20
141878,141898,141899,1,20
141878,141897,141899,2,19
141878,141898,141899,1,20
141878,141898,141899,1,20
141878,141899,141900,1,21
141878,141898,141900,2,20
141878,141898,141900,2,20
141878,141899,141901,2,21
141878,141899,141900,1,21
141878,141898,141900,2,20
141878,141899,141900,1,21
141878,141900,141901,1,22
141878,141899,141900,1,21
141878,141899,141901,2,21
141878,141900,141902,2,22
141878,141900,141901,1,22
141878,141900,141901,1,22
141878,141900,141901,1,22
141878,141900,141901,1,22
141878,141900,141902,2,22
141878,141900,141901,1,22
141878,141901,141902,1,23
141878,141900,141902,2,22
141878,141900,141902,2,22
141878,141900,141902,2,22
141878,141900,141903,3,22
141910,141910,141911,1,0
141910,141910,141911,1,0
141910,141910,141911,1,0
141910,141910,141911,1,0
141910,141910,141911,1,0
141910,141910,141911,1,0
141910,141910,141913,3,0
141910,141910,141912,2,0
141910,141910,141912,2,0
141910,141910,141912,2,0
141910,141910,141912,2,0
141910,141911,141912,1,1
141910,141910,141912,2,0
141910,141910,141912,2,0
141910,141910,141912,2,0
141910,141910,141912,2,0
141910,141910,141912,2,0
141910,141910,141912,2,0
141910,141910,141912,2,0
141910,141912,141913,1,2
141910,141912,141914,2,2
141910,141910,141913,3,0
141910,141912,141913,1,2
141910,141912,141913,1,2
141910,141912,141914,2,2
141910,141912,141914,2,2
141910,141913,141914,1,3
141910,141913,141914,1,3
141910,141913,141914,1,3
141910,141913,141914,1,3
141910,141913,141915,2,3
141910,141913,141914,1,3
141910,141913,141914,1,3
141910,141913,141914,1,3
141910,141913,141914,1,3
141910,141913,141915,2,3
141910,141913,141914,1,3
141910,141914,141915,1,4
141910,141914,141916,2,4
141910,141915,141916,1,5
141910,141915,141916,1,5
141910,141913,141915,2,3
141910,141913,141915,2,3
141910,141914,141915,1,4
141910,141914,141915,1,4
141910,141915,141916,1,5
141910,141915,141917,2,5
141910,141915,141917,2,5
141910,141915,141916,1,5
141910,141916,141917,1,6
141910,141916,141918,2,6
141910,141915,141918,3,5
141910,141916,141917,1,6
141910,141917,141918,1,7
141910,141915,141918,3,5
141910,141916,141917,1,6
141910,141915,141918,3,5
141910,141915,141918,3,5
141910,141916,141918,2,6
141910,141916,141918,2,6
141910,141917,141919,2,7
141910,141917,141919,2,7
141910,141917,141919,2,7
141910,141915,141919,4,5
141910,141915,141919,4,5
141910,141914,141919,5,4
141910,141917,141919,2,7
141910,141918,141919,1,8
141910,141918,141920,2,8
141910,141915,141920,5,5
141910,141916,141921,5,6
141910,141916,141920,4,6
141910,141919,141921,2,9
141910,141919,141921,2,9
141910,141918,141920,2,8
141910,141919,141921,2,9
141910,141919,141921,2,9
141910,141919,141920,1,9
141910,141918,141921,3,8
141910,141920,141922,2,10
141910,141919,141922,3,9
141910,141920,141922,2,10
141910,141920,141922,2,10
141910,141918,141921,3,8
141910,141918,141921,3,8
141910,141919,141921,2,9
141910,141920,141922,2,10
141910,141920,141922,2,10
141910,141921,141923,2,11
141910,141921,141923,2,11
141910,141921,141923,2,11
141910,141920,141922,2,10
141910,141921,141923,2,11
141910,141921,141923,2,11
141910,141922,141923,1,12
141910,141922,141923,1,12
141910,141922,141923,1,12
141910,141921,141923,2,11
141910,141921,141923,2,11
141910,141921,141923,2,11
141910,141921,141923,2,11
141910,141922,141923,1,12
141910,141923,141924,1,13
141910,141923,141924,1,13
141910,141923,141924,1,13
141910,141921,141924,3,11
141910,141922,141924,2,12
141910,141923,141924,1,13
141910,141922,141924,2,12
141910,141923,141925,2,13
141910,141923,141925,2,13
141910,141923,141924,1,13
141910,141924,141925,1,14
141910,141922,141925,3,12
141910,141922,141924,2,12
141910,141923,141925,2,13
141910,141923,141925,2,13
141910,141923,141925,2,13
141910,141923,141925,2,13
141910,141924,141926,2,14
141910,141925,141926,1,15
141910,141924,141926,2,14
141910,141925,141926,1,15
141910,141924,141926,2,14
141910,141923,141926,3,13
141910,141923,141925,2,13
141910,141924,141926,2,14
141910,141924,141927,3,14
141910,141925,141927,2,15
141910,141924,141926,2,14
141910,141925,141927,2,15
141910,141924,141926,2,14
141910,141925,141927,2,15
141910,141924,141927,3,14
141910,141925,141927,2,15
141910,141925,141927,2,15
141910,141925,141927,2,15
141910,141925,141927,2,15
141910,141926,141928,2,16
141910,141926,141928,2,16
141910,141926,141928,2,16
141910,141925,141928,3,15
141910,141926,141928,2,16
141910,141926,141929,3,16
141910,141927,141929,2,17
141910,141927,141929,2,17
141910,141927,141929,2,17
141910,141928,141929,1,18
141910,141926,141929,3,16
141910,141927,141929,2,17
141910,141927,141929,2,17
141910,141926,141929,3,16
141910,141926,141929,3,16
141910,141928,141929,1,18
141910,141928,141929,1,18
141910,141928,141929,1,18
141910,141928,141929,1,18
141910,141927,141930,3,17
141910,141928,141930,2,18
141910,141928,141930,2,18
141910,141929,141930,1,19
141910,141928,141931,3,18
141910,141930,141932,2,20
141910,141930,141931,1,20
141910,141930,141931,1,20
141910,141930,141931,1,20
141910,141930,141932,2,20
141910,141930,141931,1,20
141910,141930,141931,1,20
141910,141930,141931,1,20
141910,141930,141931,1,20
141910,141930,141932,2,20
141910,141931,141932,1,21
141910,141930,141933,3,20
141910,141931,141932,1,21
141910,141930,141932,2,20
141910,141930,141932,2,20
141910,141930,141932,2,20
141910,141931,141932,1,21
141910,141931,141932,1,21
141910,141930,141932,2,20
141910,141932,141933,1,22
141910,141932,141934,2,22
141910,141932,141934,2,22
141910,141932,141934,2,22
141910,141932,141934,2,22
141910,141933,141934,1,23
141910,141932,141933,1,22
141910,141933,141935,2,23
141910,141933,141934,1,23
141910,141933,141935,2,23
141910,141933,141935,2,23
141910,141933,141935,2,23
141942,141942,141944,2,0
141942,141942,141944,2,0
141942,141942,141944,2,0
141942,141942,141943,1,0
141942,141942,141943,1,0
141942,141942,141944,2,0
141942,141942,141944,2,0
141942,141942,141944,2,0
141942,141942,141943,1,0
141942,141942,141944,2,0
141942,141942,141944,2,0
141942,141942,141944,2,0
141942,141942,141944,2,0
141942,141942,141945,3,0
141942,141942,141944,2,0
141942,141942,141944,2,0
141942,141944,141945,1,2
141942,141942,141945,3,0
141942,141942,141944,2,0
141942,141944,141945,1,2
141942,141942,141945,3,0
141942,141944,141946,2,2
141942,141942,141945,3,0
141942,141944,141946,2,2
141942,141944,141945,1,2
141942,141944,141946,2,2
141942,141944,141946,2,2
141942,141945,141947,2,3
141942,141945,141947,2,3
141942,141944,141946,2,2
141942,141944,141946,2,2
141942,141945,141947,2,3
141942,141944,141947,3,2
141942,141946,141947,1,4
141942,141944,141947,3,2
141942,141944,141946,2,2
141942,141945,141947,2,3
141942,141946,141947,1,4
141942,141945,141948,3,3
141942,141946,141948,2,4
141942,141946,141948,2,4
141942,141945,141947,2,3
141942,141946,141947,1,4
141942,141946,141948,2,4
141942,141947,141948,1,5
141942,141945,141947,2,3
141942,141945,141947,2,3
141942,141947,141948,1,5
141942,141947,141949,2,5
141942,141947,141949,2,5
141942,141947,141949,2,5
141942,141947,141949,2,5
141942,141947,141950,3,5
141942,141947,141950,3,5
141942,141947,141950,3,5
141942,141947,141950,3,5
141942,141948,141950,2,6
141942,141947,141950,3,5
141942,141948,141950,2,6
141942,141948,141950,2,6
141942,141947,141950,3,5
141942,141948,141950,2,6
141942,141949,141950,1,7
141942,141948,141950,2,6
141942,141948,141950,2,6
141942,141948,141951,3,6
141942,141948,141951,3,6
141942,141948,141951,3,6
141942,141949,141951,2,7
141942,141949,141951,2,7
141942,141948,141951,3,6
141942,141949,141952,3,7
141942,141951,141952,1,9
141942,141951,141953,2,9
141942,141951,141952,1,9
141942,141951,141953,2,9
141942,141951,141953,2,9
141942,141951,141953,2,9
141942,141952,141953,1,10
141942,141952,141953,1,10
141942,141952,141954,2,10
141942,141950,141954,4,8
141942,141950,141954,4,8
141942,141952,141954,2,10
141942,141953,141954,1,11
141942,141953,141954,1,11
141942,141952,141955,3,10
141942,141952,141954,2,10
141942,141953,141954,1,11
141942,141950,141955,5,8
141942,141950,141955,5,8
141942,141952,141955,3,10
141942,141952,141955,3,10
141942,141954,141956,2,12
141942,141954,141955,1,12
141942,141954,141955,1,12
141942,141954,141956,2,12
141942,141950,141956,6,8
141942,141955,141956,1,13
141942,141955,141957,2,13
141942,141955,141956,1,13
141942,141954,141956,2,12
141942,141954,141957,3,12
141942,141955,141956,1,13
141942,141955,141957,2,13
141942,141955,141957,2,13
141942,141956,141957,1,14
141942,141956,141957,1,14
141942,141956,141957,1,14
141942,141956,141957,1,14
141942,141955,141957,2,13
141942,141956,141957,1,14
141942,141956,141957,1,14
141942,141956,141958,2,14
141942,141956,141958,2,14
141942,141956,141958,2,14
141942,141957,141958,1,15
141942,141957,141958,1,15
141942,141957,141959,2,15
141942,141957,141958,1,15
141942,141957,141959,2,15
141942,141957,141958,1,15
141942,141958,141959,1,16
141942,141957,141958,1,15
141942,141958,141959,1,16
141942,141958,141960,2,16
141942,141959,141960,1,17
141942,141958,141960,2,16
141942,141958,141959,1,16
141942,141957,141959,2,15
141942,141958,141960,2,16
141942,141959,141960,1,17
141942,141959,141960,1,17
141942,141959,141960,1,17
141942,141959,141960,1,17
141942,141958,141960,2,16
141942,141958,141960,2,16
141942,141959,141961,2,17
141942,141959,141960,1,17
141942,141959,141961,2,17
141942,141959,141961,2,17
141942,141960,141961,1,18
141942,141959,141962,3,17
141942,141959,141962,3,17
141942,141960,141961,1,18
141942,141959,141961,2,17
141942,141960,141962,2,18
141942,141961,141963,2,19
141942,141961,141962,1,19
141942,141960,141962,2,18
141942,141961,141962,1,19
141942,141962,141963,1,20
141942,141960,141962,2,18
141942,141961,141963,2,19
141942,141961,141962,1,19
141942,141960,141962,2,18
141942,141961,141963,2,19
141942,141962,141963,1,20
141942,141961,141964,3,19
141942,141962,141963,1,20
141942,141961,141963,2,19
141942,141961,141963,2,19
141942,141962,141963,1,20
141942,141962,141964,2,20
141942,141962,141964,2,20
141942,141962,141965,3,20
141942,141963,141964,1,21
141942,141963,141964,1,21
141942,141963,141965,2,21
141942,141963,141964,1,21
141942,141963,141965,2,21
141942,141962,141964,2,20
141942,141964,141965,1,22
141942,141964,141965,1,22
141942,141963,141965,2,21
141942,141963,141965,2,21
141942,141963,141965,2,21
141942,141963,141965,2,21
141942,141963,141965,2,21
141942,141964,141966,2,22
141942,141964,141965,1,22
141942,141964,141965,1,22
141942,141964,141965,1,22
141942,141964,141966,2,22
141942,141965,141967,2,23
141942,141965,141967,2,23
141942,141963,141966,3,21
141942,141965,141967,2,23
141942,141965,141968,3,23
141942,141965,141968,3,23
141942,141965,141968,3,23
141973,141973,141974,1,0
141973,141973,141974,1,0
141973,141973,141974,1,0
141973,141973,141975,2,0
141973,141973,141975,2,0
141973,141973,141974,1,0
141973,141973,141975,2,0
141973,141973,141975,2,0
141973,141973,141975,2,0
141973,141973,141975,2,0
141973,141973,141975,2,0
141973,141973,141975,2,0
141973,141973,141975,2,0
141973,141973,141975,2,0
141973,141973,141975,2,0
141973,141973,141975,2,0
141973,141974,141975,1,1
141973,141973,141975,2,0
141973,141973,141975,2,0
141973,141973,141975,2,0
141973,141975,141976,1,2
141973,141975,141977,2,2
141973,141975,141976,1,2
141973,141975,141977,2,2
141973,141973,141976,3,0
141973,141975,141976,1,2
141973,141975,141977,2,2
141973,141976,141977,1,3
141973,141976,141978,2,3
141973,141976,141978,2,3
141973,141976,141977,1,3
141973,141976,141977,1,3
141973,141975,141978,3,2
141973,141976,141977,1,3
141973,141976,141977,1,3
141973,141976,141977,1,3
141973,141976,141978,2,3
141973,141976,141978,2,3
141973,141976,141977,1,3
141973,141976,141979,3,3
141973,141977,141978,1,4
141973,141976,141978,2,3
141973,141977,141978,1,4
141973,141977,141979,2,4
141973,141978,141979,1,5
141973,141978,141979,1,5
141973,141978,141979,1,5
141973,141978,141979,1,5
141973,141978,141979,1,5
141973,141977,141979,2,4
141973,141978,141979,1,5
141973,141977,141979,2,4
141973,141978,141980,2,5
141973,141979,141980,1,6
141973,141977,141979,2,4
141973,141978,141980,2,5
141973,141978,141979,1,5
141973,141979,141980,1,6
141973,141978,141981,3,5
141973,141979,141981,2,6
141973,141978,141980,2,5
141973,141978,141981,3,5
141973,141979,141981,2,6
141973,141979,141981,2,6
141973,141979,141981,2,6
141973,141980,141981,1,7
141973,141980,141981,1,7
141973,141980,141982,2,7
141973,141980,141982,2,7
141973,141981,141982,1,8
141973,141980,141981,1,7
141973,141980,141982,2,7
141973,141980,141982,2,7
141973,141979,141982,3,6
141973,141980,141982,2,7
141973,141980,141982,2,7
141973,141980,141982,2,7
141973,141982,141983,1,9
141973,141980,141982,2,7
141973,141981,141983,2,8
141973,141981,141982,1,8
141973,141980,141982,2,7
141973,141981,141983,2,8
141973,141981,141983,2,8
141973,141981,141983,2,8
141973,141982,141984,2,9
141973,141982,141984,2,9
141973,141982,141984,2,9
141973,141982,141984,2,9
141973,141982,141984,2,9
141973,141982,141984,2,9
141973,141982,141984,2,9
141973,141982,141984,2,9
141973,141982,141984,2,9
141973,141982,141985,3,9
141973,141982,141985,3,9
141973,141982,141985,3,9
141973,141983,141985,2,10
141973,141984,141985,1,11
141973,141983,141985,2,10
141973,141983,141985,2,10
141973,141983,141985,2,10
141973,141983,141986,3,10
141973,141984,141986,2,11
141973,141985,141986,1,12
141973,141985,141986,1,12
141973,141983,141986,3,10
141973,141983,141985,2,10
141973,141984,141986,2,11
141973,141984,141986,2,11
141973,141983,141986,3,10
141973,141984,141986,2,11
141973,141984,141987,3,11
141973,141984,141987,3,11
141973,141984,141987,3,11
141973,141986,141988,2,13
141973,141986,141988,2,13
141973,141986,141988,2,13
141973,141986,141988,2,13
141973,141986,141988,2,13
141973,141986,141988,2,13
141973,141984,141988,4,11
141973,141986,141988,2,13
141973,141986,141988,2,13
141973,141987,141988,1,14
141973,141987,141988,1,14
141973,141987,141989,2,14
141973,141988,141989,1,15
141973,141988,141989,1,15
141973,141988,141989,1,15
141973,141988,141989,1,15
141973,141988,141990,2,15
141973,141989,141990,1,16
141973,141986,141990,4,13
141973,141988,141991,3,15
141973,141989,141991,2,16
141973,141989,141990,1,16
141973,141986,141991,5,13
141973,141986,141991,5,13
141973,141988,141991,3,15
141973,141988,141991,3,15
141973,141989,141991,2,16
141973,141990,141992,2,17
141973,141990,141991,1,17
141973,141990,141991,1,17
141973,141989,141991,2,16
141973,141990,141991,1,17
141973,141986,141992,6,13
141973,141988,141991,3,15
141973,141991,141992,1,18
141973,141990,141992,2,17
141973,141991,141992,1,18
141973,141992,141993,1,19
141973,141990,141993,3,17
141973,141991,141993,2,18
141973,141991,141993,2,18
141973,141992,141993,1,19
141973,141992,141993,1,19
141973,141991,141993,2,18
141973,141991,141993,2,18
141973,141992,141993,1,19
141973,141992,141993,1,19
141973,141993,141994,1,20
141973,141992,141994,2,19
141973,141992,141994,2,19
141973,141992,141994,2,19
141973,141991,141994,3,18
141973,141992,141995,3,19
141973,141993,141994,1,20
141973,141993,141995,2,20
141973,141993,141994,1,20
141973,141994,141995,1,21
141973,141993,141995,2,20
141973,141994,141995,1,21
141973,141994,141995,1,21
141973,141994,141995,1,21
141973,141994,141995,1,21
141973,141994,141995,1,21
141973,141993,141996,3,20
141973,141994,141995,1,21
141973,141994,141995,1,21
141973,141994,141995,1,21
141973,141994,141995,1,21
141973,141994,141996,2,21
141973,141995,141996,1,22
141973,141995,141996,1,22
141973,141994,141996,2,21
141973,141995,141996,1,22
141973,141995,141996,1,22
141973,141994,141997,3,21
141973,141995,141997,2,22
141973,141995,141997,2,22
142003,142004,142005,1,1
142003,142004,142005,1,1
142003,142004,142005,1,1
142003,142004,142005,1,1
142003,142004,142005,1,1
142003,142004,142005,1,1
142003,142004,142005,1,1
142003,142004,142006,2,1
142003,142004,142006,2,1
142003,142004,142006,2,1
142003,142004,142006,2,1
142003,142004,142006,2,1
142003,142004,142006,2,1
142003,142004,142006,2,1
142003,142005,142006,1,2
142003,142004,142006,2,1
142003,142004,142006,2,1
142003,142004,142006,2,1
142003,142006,142007,1,3
142003,142006,142007,1,3
142003,142006,142007,1,3
142003,142004,142007,3,1
142003,142006,142007,1,3
142003,142007,142008,1,4
142003,142006,142009,3,3
142003,142007,142009,2,4
142003,142007,142009,2,4
142003,142007,142009,2,4
142003,142007,142008,1,4
142003,142007,142008,1,4
142003,142006,142008,2,3
142003,142006,142009,3,3
142003,142007,142008,1,4
142003,142007,142008,1,4
142003,142007,142009,2,4
142003,142008,142009,1,5
142003,142007,142010,3,4
142003,142007,142009,2,4
142003,142008,142009,1,5
142003,142007,142009,2,4
142003,142008,142010,2,5
142003,142008,142010,2,5
142003,142007,142010,3,4
142003,142009,142010,1,6
142003,142009,142010,1,6
142003,142009,142011,2,6
142003,142008,142010,2,5
142003,142009,142010,1,6
142003,142009,142010,1,6
142003,142009,142010,1,6
142003,142009,142010,1,6
142003,142010,142011,1,7
142003,142010,142011,1,7
142003,142009,142011,2,6
142003,142009,142011,2,6
142003,142009,142011,2,6
142003,142011,142012,1,8
142003,142010,142012,2,7
142003,142010,142012,2,7
142003,142010,142012,2,7
142003,142011,142013,2,8
142003,142010,142012,2,7
142003,142011,142013,2,8
142003,142011,142012,1,8
142003,142010,142013,3,7
142003,142011,142013,2,8
142003,142011,142012,1,8
142003,142010,142012,2,7
142003,142011,142013,2,8
142003,142011,142013,2,8
142003,142011,142013,2,8
142003,142012,142014,2,9
142003,142011,142013,2,8
142003,142012,142013,1,9
142003,142012,142013,1,9
142003,142011,142013,2,8
142003,142012,142014,2,9
142003,142012,142014,2,9
142003,142012,142014,2,9
142003,142012,142014,2,9
142003,142013,142014,1,10
142003,142013,142014,1,10
142003,142013,142014,1,10
142003,142013,142015,2,10
142003,142013,142015,2,10
142003,142014,142015,1,11
142003,142014,142015,1,11
142003,142014,142016,2,11
142003,142013,142016,3,10
142003,142014,142015,1,11
142003,142014,142016,2,11
142003,142014,142016,2,11
142003,142013,142015,2,10
142003,142013,142016,3,10
142003,142013,142016,3,10
142003,142014,142015,1,11
142003,142014,142015,1,11
142003,142014,142015,1,11
142003,142014,142016,2,11
142003,142014,142016,2,11
142003,142015,142017,2,12
142003,142016,142017,1,13
142003,142015,142017,2,12
142003,142015,142017,2,12
142003,142014,142017,3,11
142003,142015,142017,2,12
142003,142016,142018,2,13
142003,142016,142018,2,13
142003,142016,142018,2,13
142003,142016,142018,2,13
142003,142016,142018,2,13
142003,142016,142018,2,13
142003,142016,142017,1,13
142003,142016,142019,3,13
142003,142016,142019,3,13
142003,142017,142018,1,14
142003,142016,142019,3,13
142003,142016,142019,3,13
142003,142017,142019,2,14
142003,142016,142018,2,13
142003,142016,142019,3,13
142003,142017,142019,2,14
142003,142016,142019,3,13
142003,142017,142019,2,14
142003,142018,142019,1,15
142003,142018,142020,2,15
142003,142017,142019,2,14
142003,142019,142020,1,16
142003,142018,142020,2,15
142003,142018,142020,2,15
142003,142018,142020,2,15
142003,142017,142020,3,14
142003,142019,142020,1,16
142003,142019,142020,1,16
142003,142019,142021,2,16
142003,142020,142021,1,17
142003,142020,142021,1,17
142003,142018,142021,3,15
142003,142018,142021,3,15
142003,142019,142021,2,16
142003,142020,142021,1,17
142003,142020,142022,2,17
142003,142019,142022,3,16
142003,142019,142022,3,16
142003,142019,142022,3,16
142003,142019,142022,3,16
142003,142019,142022,3,16
142003,142020,142022,2,17
142003,142020,142022,2,17
142003,142019,142022,3,16
142003,142020,142022,2,17
142003,142021,142023,2,18
142003,142021,142023,2,18
142003,142021,142023,2,18
142003,142020,142023,3,17
142003,142022,142024,2,19
142003,142022,142024,2,19
142003,142022,142024,2,19
142003,142022,142023,1,19
142003,142022,142024,2,19
142003,142022,142024,2,19
142003,142023,142024,1,20
142003,142023,142024,1,20
142003,142023,142024,1,20
142003,142023,142024,1,20
142003,142022,142024,2,19
142003,142023,142024,1,20
142003,142023,142024,1,20
142003,142023,142025,2,20
142003,142023,142025,2,20
142003,142024,142025,1,21
142003,142023,142026,3,20
142003,142024,142026,2,21
142003,142025,142026,1,22
142003,142025,142026,1,22
142003,142025,142026,1,22
142003,142024,142027,3,21
142003,142025,142027,2,22
142003,142025,142026,1,22
142003,142025,142027,2,22
142003,142025,142027,2,22
142003,142022,142027,5,19
142003,142022,142027,5,19
142003,142025,142028,3,22
142003,142024,142027,3,21
142003,142024,142027,3,21
142003,142026,142028,2,23
142003,142023,142028,5,20
142003,142024,142028,4,21
142003,142025,142028,3,22
142003,142025,142028,3,22
142035,142035,142036,1,0
142035,142035,142036,1,0
142035,142035,142036,1,0
142035,142035,142037,2,0
142035,142035,142037,2,0
142035,142035,142037,2,0
142035,142035,142037,2,0
142035,142035,142037,2,0
142035,142035,142037,2,0
142035,142035,142037,2,0
142035,142035,142037,2,0
142035,142035,142037,2,0
142035,142035,142037,2,0
142035,142035,142037,2,0
142035,142035,142037,2,0
142035,142035,142038,3,0
142035,142036,142038,2,1
142035,142035,142037,2,0
142035,142035,142037,2,0
142035,142035,142038,3,0
142035,142036,142038,2,1
142035,142037,142039,2,2
142035,142035,142039,4,0
142035,142037,142039,2,2
142035,142037,142039,2,2
142035,142037,142039,2,2
142035,142037,142039,2,2
142035,142036,142039,3,1
142035,142037,142039,2,2
142035,142037,142039,2,2
142035,142037,142039,2,2
142035,142037,142039,2,2
142035,142037,142040,3,2
142035,142038,142040,2,3
142035,142037,142040,3,2
142035,142038,142040,2,3
142035,142038,142040,2,3
142035,142038,142040,2,3
142035,142037,142040,3,2
142035,142038,142040,2,3
142035,142038,142041,3,3
142035,142039,142041,2,4
142035,142040,142041,1,5
142035,142039,142041,2,4
142035,142040,142041,1,5
142035,142040,142041,1,5
142035,142039,142041,2,4
142035,142040,142041,1,5
142035,142040,142041,1,5
142035,142040,142041,1,5
142035,142041,142042,1,6
142035,142041,142042,1,6
142035,142039,142042,3,4
142035,142040,142042,2,5
142035,142041,142042,1,6
142035,142041,142042,1,6
142035,142041,142043,2,6
142035,142042,142044,2,7
142035,142042,142043,1,7
142035,142041,142043,2,6
142035,142042,142043,1,7
142035,142041,142043,2,6
142035,142042,142043,1,7
142035,142042,142043,1,7
142035,142042,142043,1,7
142035,142042,142043,1,7
142035,142043,142044,1,8
142035,142043,142044,1,8
142035,142043,142044,1,8
142035,142042,142045,3,7
142035,142042,142044,2,7
142035,142042,142044,2,7
142035,142042,142044,2,7
142035,142043,142044,1,8
142035,142044,142045,1,9
142035,142044,142045,1,9
142035,142044,142045,1,9
142035,142044,142045,1,9
142035,142044,142045,1,9
142035,142043,142045,2,8
142035,142044,142045,1,9
142035,142044,142045,1,9
142035,142043,142045,2,8
142035,142044,142045,1,9
142035,142044,142045,1,9
142035,142044,142045,1,9
142035,142045,142046,1,10
142035,142045,142047,2,10
142035,142045,142047,2,10
142035,142045,142047,2,10
142035,142045,142046,1,10
142035,142045,142046,1,10
142035,142046,142047,1,11
142035,142046,142047,1,11
142035,142045,142047,2,10
142035,142046,142048,2,11
142035,142046,142048,2,11
142035,142046,142047,1,11
142035,142046,142048,2,11
142035,142046,142047,1,11
142035,142046,142047,1,11
142035,142046,142048,2,11
142035,142046,142048,2,11
142035,142046,142047,1,11
142035,142046,142048,2,11
142035,142046,142048,2,11
142035,142047,142049,2,12
142035,142047,142049,2,12
142035,142047,142049,2,12
142035,142048,142049,1,13
142035,142047,142049,2,12
142035,142048,142049,1,13
142035,142048,142049,1,13
142035,142046,142049,3,11
142035,142047,142049,2,12
142035,142048,142049,1,13
142035,142048,142049,1,13
142035,142047,142049,2,12
142035,142048,142050,2,13
142035,142048,142050,2,13
142035,142048,142050,2,13
142035,142048,142050,2,13
142035,142049,142051,2,14
142035,142049,142051,2,14
142035,142049,142051,2,14
142035,142048,142050,2,13
142035,142048,142050,2,13
142035,142049,142050,1,14
142035,142049,142050,1,14
142035,142049,142051,2,14
142035,142049,142051,2,14
142035,142049,142051,2,14
142035,142049,142051,2,14
142035,142049,142051,2,14
142035,142049,142051,2,14
142035,142050,142052,2,15
142035,142050,142052,2,15
142035,142050,142051,1,15
142035,142050,142051,1,15
142035,142050,142053,3,15
142035,142051,142052,1,16
142035,142051,142052,1,16
142035,142051,142053,2,16
142035,142050,142052,2,15
142035,142051,142053,2,16
142035,142051,142052,1,16
142035,142051,142053,2,16
142035,142051,142053,2,16
142035,142051,142053,2,16
142035,142052,142053,1,17
142035,142051,142053,2,16
142035,142051,142053,2,16
142035,142051,142053,2,16
142035,142052,142054,2,17
142035,142052,142054,2,17
142035,142050,142053,3,15
142035,142051,142053,2,16
142035,142051,142054,3,16
142035,142052,142054,2,17
142035,142053,142054,1,18
142035,142053,142055,2,18
142035,142053,142055,2,18
142035,142054,142055,1,19
142035,142054,142055,1,19
142035,142053,142055,2,18
142035,142053,142055,2,18
142035,142053,142055,2,18
142035,142053,142055,2,18
142035,142055,142056,1,20
142035,142055,142056,1,20
142035,142054,142056,2,19
142035,142054,142056,2,19
142035,142054,142056,2,19
142035,142053,142056,3,18
142035,142053,142056,3,18
142035,142053,142056,3,18
142035,142055,142056,1,20
142035,142054,142056,2,19
142035,142055,142056,1,20
142035,142055,142057,2,20
142035,142055,142057,2,20
142035,142053,142056,3,18
142035,142055,142057,2,20
142035,142055,142057,2,20
142035,142054,142057,3,19
142035,142054,142057,3,19
142035,142054,142057,3,19
142035,142056,142058,2,21
142035,142056,142058,2,21
142035,142056,142058,2,21
142035,142056,142058,2,21
142035,142056,142058,2,21
142035,142056,142058,2,21
142035,142056,142058,2,21
142035,142056,142059,3,21
142035,142056,142059,3,21
142035,142056,142059,3,21
142066,142066,142068,2,0
142066,142066,142067,1,0
142066,142066,142067,1,0
142066,142066,142067,1,0
142066,142066,142068,2,0
142066,142066,142067,1,0
142066,142066,142068,2,0
142066,142066,142067,1,0
142066,142066,142067,1,0
142066,142066,142068,2,0
142066,142066,142068,2,0
142066,142067,142068,1,1
142066,142066,142068,2,0
142066,142066,142068,2,0
142066,142066,142068,2,0
142066,142066,142068,2,0
142066,142066,142068,2,0
142066,142066,142068,2,0
142066,142067,142068,1,1
142066,142068,142069,1,2
142066,142068,142069,1,2
142066,142066,142069,3,0
142066,142069,142070,1,3
142066,142068,142069,1,2
142066,142068,142069,1,2
142066,142068,142069,1,2
142066,142068,142069,1,2
142066,142068,142069,1,2
142066,142068,142070,2,2
142066,142069,142071,2,3
142066,142069,142071,2,3
142066,142069,142070,1,3
142066,142069,142070,1,3
142066,142069,142070,1,3
142066,142069,142071,2,3
142066,142069,142071,2,3
142066,142069,142070,1,3
142066,142069,142071,2,3
142066,142069,142071,2,3
142066,142070,142071,1,4
142066,142070,142072,2,4
142066,142070,142071,1,4
142066,142070,142072,2,4
142066,142070,142071,1,4
142066,142071,142072,1,5
142066,142070,142072,2,4
142066,142070,142072,2,4
142066,142070,142072,2,4
142066,142070,142071,1,4
142066,142071,142072,1,5
142066,142071,142072,1,5
142066,142071,142072,1,5
142066,142071,142072,1,5
142066,142071,142073,2,5
142066,142071,142073,2,5
142066,142072,142073,1,6
142066,142071,142072,1,5
142066,142071,142073,2,5
142066,142072,142073,1,6
142066,142072,142073,1,6
142066,142072,142074,2,6
142066,142072,142074,2,6
142066,142072,142074,2,6
142066,142072,142074,2,6
142066,142072,142074,2,6
142066,142072,142074,2,6
142066,142072,142074,2,6
142066,142073,142074,1,7
142066,142073,142074,1,7
142066,142072,142074,2,6
142066,142073,142075,2,7
142066,142073,142075,2,7
142066,142073,142075,2,7
142066,142072,142074,2,6
142066,142073,142075,2,7
142066,142072,142075,3,6
142066,142073,142074,1,7
142066,142073,142075,2,7
142066,142073,142075,2,7
142066,142074,142076,2,8
142066,142074,142076,2,8
142066,142074,142076,2,8
142066,142074,142076,2,8
142066,142073,142076,3,7
142066,142074,142076,2,8
142066,142075,142076,1,9
142066,142074,142076,2,8
142066,142075,142076,1,9
142066,142074,142077,3,8
142066,142074,142077,3,8
142066,142075,142077,2,9
142066,142075,142076,1,9
142066,142075,142077,2,9
142066,142075,142077,2,9
142066,142075,142077,2,9
142066,142075,142077,2,9
142066,142076,142077,1,10
142066,142075,142077,2,9
142066,142075,142076,1,9
142066,142076,142078,2,10
142066,142076,142078,2,10
142066,142076,142078,2,10
142066,142076,142078,2,10
142066,142074,142078,4,8
142066,142076,142078,2,10
142066,142076,142078,2,10
142066,142076,142078,2,10
142066,142076,142079,3,10
142066,142077,142079,2,11
142066,142077,142079,2,11
142066,142077,142079,2,11
142066,142077,142079,2,11
142066,142077,142079,2,11
142066,142077,142079,2,11
142066,142078,142079,1,12
142066,142077,142079,2,11
142066,142077,142079,2,11
142066,142077,142079,2,11
142066,142077,142079,2,11
142066,142078,142079,1,12
142066,142078,142080,2,12
142066,142078,142080,2,12
142066,142078,142080,2,12
142066,142078,142080,2,12
142066,142078,142080,2,12
142066,142079,142081,2,13
142066,142079,142081,2,13
142066,142079,142081,2,13
142066,142079,142081,2,13
142066,142079,142081,2,13
142066,142077,142081,4,11
142066,142078,142081,3,12
142066,142080,142081,1,14
142066,142080,142081,1,14
142066,142080,142081,1,14
142066,142080,142081,1,14
142066,142080,142081,1,14
142066,142079,142082,3,13
142066,142079,142081,2,13
142066,142079,142082,3,13
142066,142081,142082,1,15
142066,142081,142082,1,15
142066,142081,142082,1,15
142066,142081,142082,1,15
142066,142081,142083,2,15
142066,142081,142082,1,15
142066,142081,142082,1,15
142066,142081,142083,2,15
142066,142081,142083,2,15
142066,142081,142083,2,15
142066,142082,142083,1,16
142066,142082,142084,2,16
142066,142082,142084,2,16
142066,142082,142083,1,16
142066,142082,142083,1,16
142066,142082,142084,2,16
142066,142083,142085,2,17
142066,142083,142084,1,17
142066,142083,142084,1,17
142066,142083,142084,1,17
142066,142083,142084,1,17
142066,142083,142084,1,17
142066,142082,142084,2,16
142066,142082,142085,3,16
142066,142083,142084,1,17
142066,142083,142084,1,17
142066,142084,142085,1,18
142066,142084,142085,1,18
142066,142084,142085,1,18
142066,142084,142085,1,18
142066,142084,142085,1,18
142066,142084,142086,2,18
142066,142084,142086,2,18
142066,142085,142086,1,19
142066,142085,142086,1,19
142066,142083,142086,3,17
142066,142084,142086,2,18
142066,142085,142087,2,19
142066,142085,142086,1,19
142066,142085,142086,1,19
142066,142086,142087,1,20
142066,142086,142087,1,20
142066,142086,142087,1,20
142066,142085,142087,2,19
142066,142085,142087,2,19
142066,142085,142087,2,19
142066,142085,142087,2,19
142066,142085,142087,2,19
142066,142085,142087,2,19
142066,142086,142088,2,20
142066,142086,142088,2,20
142066,142086,142087,1,20
142066,142087,142089,2,21
142066,142087,142088,1,21
142066,142087,142088,1,21
142066,142086,142088,2,20
142095,142095,142096,1,0
142095,142095,142096,1,0
142095,142095,142097,2,0
142095,142095,142096,1,0
142095,142095,142096,1,0
142095,142095,142096,1,0
142095,142095,142097,2,0
142095,142095,142096,1,0
142095,142095,142097,2,0
142095,142095,142096,1,0
142095,142095,142096,1,0
142095,142096,142097,1,1
142095,142095,142097,2,0
142095,142095,142097,2,0
142095,142095,142098,3,0
142095,142095,142097,2,0
142095,142095,142099,4,0
142095,142095,142099,4,0
142095,142097,142098,1,2
142095,142097,142099,2,2
142095,142097,142099,2,2
142095,142097,142099,2,2
142095,142097,142099,2,2
142095,142097,142099,2,2
142095,142098,142100,2,3
142095,142097,142099,2,2
142095,142098,142099,1,3
142095,142099,142100,1,4
142095,142097,142099,2,2
142095,142098,142099,1,3
142095,142098,142100,2,3
142095,142099,142100,1,4
142095,142095,142100,5,0
142095,142095,142100,5,0
142095,142095,142100,5,0
142095,142099,142101,2,4
142095,142097,142100,3,2
142095,142099,142101,2,4
142095,142099,142100,1,4
142095,142099,142101,2,4
142095,142101,142102,1,6
142095,142100,142102,2,5
142095,142097,142101,4,2
142095,142099,142101,2,4
142095,142101,142102,1,6
142095,142100,142102,2,5
142095,142100,142102,2,5
142095,142100,142102,2,5
142095,142101,142103,2,6
142095,142101,142103,2,6
142095,142100,142102,2,5
142095,142100,142102,2,5
142095,142100,142102,2,5
142095,142101,142103,2,6
142095,142100,142103,3,5
142095,142097,142103,6,2
142095,142101,142103,2,6
142095,142100,142103,3,5
142095,142102,142104,2,7
142095,142102,142104,2,7
142095,142103,142104,1,8
142095,142101,142103,2,6
142095,142102,142104,2,7
142095,142102,142104,2,7
142095,142103,142104,1,8
142095,142102,142105,3,7
142095,142103,142105,2,8
142095,142103,142105,2,8
142095,142102,142104,2,7
142095,142102,142104,2,7
142095,142102,142104,2,7
142095,142103,142105,2,8
142095,142102,142105,3,7
142095,142103,142105,2,8
142095,142104,142106,2,9
142095,142104,142106,2,9
142095,142104,142106,2,9
142095,142104,142106,2,9
142095,142103,142106,3,8
142095,142104,142106,2,9
142095,142104,142106,2,9
142095,142104,142106,2,9
142095,142104,142106,2,9
142095,142105,142107,2,10
142095,142105,142107,2,10
142095,142105,142107,2,10
142095,142105,142107,2,10
142095,142105,142107,2,10
142095,142106,142108,2,11
142095,142106,142108,2,11
142095,142104,142107,3,9
142095,142105,142107,2,10
142095,142105,142108,3,10
142095,142105,142108,3,10
142095,142106,142108,2,11
142095,142106,142108,2,11
142095,142105,142108,3,10
142095,142106,142108,2,11
142095,142107,142109,2,12
142095,142107,142109,2,12
142095,142106,142108,2,11
142095,142106,142108,2,11
142095,142106,142109,3,11
142095,142106,142109,3,11
142095,142107,142109,2,12
142095,142107,142109,2,12
142095,142107,142109,2,12
142095,142108,142110,2,13
142095,142108,142110,2,13
142095,142108,142110,2,13
142095,142107,142110,3,12
142095,142109,142110,1,14
142095,142109,142110,1,14
142095,142109,142110,1,14
142095,142109,142110,1,14
142095,142109,142110,1,14
142095,142109,142111,2,14
142095,142109,142111,2,14
142095,142109,142111,2,14
142095,142109,142111,2,14
142095,142109,142111,2,14
142095,142109,142111,2,14
142095,142110,142111,1,15
142095,142109,142112,3,14
142095,142110,142112,2,15
142095,142111,142112,1,16
142095,142110,142112,2,15
142095,142111,142112,1,16
142095,142111,142112,1,16
142095,142110,142112,2,15
142095,142111,142113,2,16
142095,142111,142113,2,16
142095,142110,142113,3,15
142095,142112,142113,1,17
142095,142112,142113,1,17
142095,142112,142113,1,17
142095,142110,142113,3,15
142095,142111,142113,2,16
142095,142111,142113,2,16
142095,142112,142113,1,17
142095,142113,142114,1,18
142095,142113,142114,1,18
142095,142113,142114,1,18
142095,142114,142115,1,19
142095,142112,142114,2,17
142095,142112,142114,2,17
142095,142112,142114,2,17
142095,142113,142114,1,18
142095,142113,142115,2,18
142095,142113,142114,1,18
142095,142113,142115,2,18
142095,142114,142115,1,19
142095,142114,142115,1,19
142095,142114,142115,1,19
142095,142114,142115,1,19
142095,142114,142116,2,19
142095,142113,142115,2,18
142095,142113,142116,3,18
142095,142114,142115,1,19
142095,142114,142115,1,19
142095,142114,142116,2,19
142095,142115,142117,2,20
142095,142115,142116,1,20
142095,142115,142116,1,20
142095,142115,142116,1,20
142095,142115,142116,1,20
142095,142115,142117,2,20
142095,142115,142117,2,20
142095,142115,142117,2,20
142095,142116,142117,1,21
142095,142116,142118,2,21
142095,142116,142118,2,21
142095,142115,142117,2,20
142095,142115,142117,2,20
142095,142116,142118,2,21
142095,142116,142118,2,21
142095,142116,142118,2,21
142095,142115,142117,2,20
142095,142116,142118,2,21
142095,142117,142118,1,22
142095,142118,142119,1,23
142095,142117,142119,2,22
142095,142117,142119,2,22
142095,142116,142118,2,21
142095,142117,142119,2,22
142095,142118,142120,2,23
142095,142117,142119,2,22
142095,142118,142120,2,23
142095,142117,142119,2,22
142095,142118,142119,1,23
142095,142117,142120,3,22
142095,142118,142120,2,23
142095,142118,142120,2,23
142095,142118,142120,2,23
142095,142118,142121,3,23
142095,142117,142120,3,22
142095,142117,142120,3,22
142095,142118,142120,2,23
142128,142128,142130,2,0
142128,142128,142130,2,0
142128,142128,142129,1,0
142128,142128,142129,1,0
142128,142128,142129,1,0
142128,142128,142130,2,0
142128,142128,142131,3,0
142128,142128,142130,2,0
142128,142128,142130,2,0
142128,142128,142130,2,0
142128,142128,142130,2,0
142128,142128,142130,2,0
142128,142128,142130,2,0
142128,142128,142130,2,0
142128,142128,142130,2,0
142128,142128,142130,2,0
142128,142128,142130,2,0
142128,142128,142130,2,0
142128,142128,142130,2,0
142128,142128,142131,3,0
142128,142130,142131,1,2
142128,142131,142132,1,3
142128,142131,142132,1,3
142128,142131,142133,2,3
142128,142130,142132,2,2
142128,142130,142132,2,2
142128,142131,142133,2,3
142128,142130,142132,2,2
142128,142131,142133,2,3
142128,142130,142132,2,2
142128,142131,142133,2,3
142128,142131,142133,2,3
142128,142131,142133,2,3
142128,142131,142133,2,3
142128,142132,142133,1,4
142128,142131,142133,2,3
142128,142131,142134,3,3
142128,142131,142133,2,3
142128,142133,142135,2,5
142128,142133,142135,2,5
142128,142133,142135,2,5
142128,142133,142135,2,5
142128,142132,142136,4,4
142128,142133,142135,2,5
142128,142134,142136,2,6
142128,142134,142136,2,6
142128,142133,142136,3,5
142128,142134,142135,1,6
142128,142134,142136,2,6
142128,142133,142135,2,5
142128,142134,142136,2,6
142128,142133,142136,3,5
142128,142133,142136,3,5
142128,142135,142137,2,7
142128,142135,142137,2,7
142128,142135,142137,2,7
142128,142131,142137,6,3
142128,142131,142137,6,3
142128,142133,142138,5,5
142128,142134,142137,3,6
142128,142136,142138,2,8
142128,142136,142138,2,8
142128,142136,142138,2,8
142128,142136,142138,2,8
142128,142136,142138,2,8
142128,142136,142138,2,8
142128,142136,142138,2,8
142128,142136,142138,2,8
142128,142137,142139,2,9
142128,142137,142139,2,9
142128,142138,142139,1,10
142128,142137,142139,2,9
142128,142135,142138,3,7
142128,142134,142139,5,6
142128,142138,142140,2,10
142128,142138,142140,2,10
142128,142138,142140,2,10
142128,142138,142140,2,10
142128,142138,142140,2,10
142128,142136,142139,3,8
142128,142137,142139,2,9
142128,142138,142140,2,10
142128,142138,142140,2,10
142128,142137,142139,2,9
142128,142138,142140,2,10
142128,142139,142141,2,11
142128,142138,142141,3,10
142128,142138,142140,2,10
142128,142139,142141,2,11
142128,142138,142141,3,10
142128,142139,142141,2,11
142128,142140,142141,1,12
142128,142140,142142,2,12
142128,142139,142141,2,11
142128,142139,142141,2,11
142128,142140,142142,2,12
142128,142140,142142,2,12
142128,142140,142142,2,12
142128,142140,142142,2,12
142128,142140,142142,2,12
142128,142140,142142,2,12
142128,142140,142142,2,12
142128,142140,142143,3,12
142128,142140,142143,3,12
142128,142141,142143,2,13
142128,142142,142143,1,14
142128,142142,142143,1,14
142128,142141,142143,2,13
142128,142141,142143,2,13
142128,142141,142143,2,13
142128,142141,142143,2,13
142128,142140,142143,3,12
142128,142142,142144,2,14
142128,142142,142144,2,14
142128,142142,142144,2,14
142128,142141,142144,3,13
142128,142142,142144,2,14
142128,142142,142144,2,14
142128,142141,142144,3,13
142128,142142,142144,2,14
142128,142142,142144,2,14
142128,142143,142145,2,15
142128,142143,142144,1,15
142128,142143,142145,2,15
142128,142143,142145,2,15
142128,142143,142145,2,15
142128,142143,142145,2,15
142128,142143,142145,2,15
142128,142143,142145,2,15
142128,142143,142145,2,15
142128,142144,142146,2,16
142128,142144,142146,2,16
142128,142143,142146,3,15
142128,142145,142146,1,17
142128,142145,142146,1,17
142128,142144,142146,2,16
142128,142144,142147,3,16
142128,142145,142147,2,17
142128,142145,142147,2,17
142128,142143,142147,4,15
142128,142145,142147,2,17
142128,142145,142147,2,17
142128,142146,142147,1,18
142128,142146,142147,1,18
142128,142146,142147,1,18
142128,142145,142148,3,17
142128,142145,142148,3,17
142128,142145,142147,2,17
142128,142146,142148,2,18
142128,142146,142148,2,18
142128,142147,142148,1,19
142128,142146,142148,2,18
142128,142147,142148,1,19
142128,142147,142148,1,19
142128,142148,142149,1,20
142128,142148,142149,1,20
142128,142148,142149,1,20
142128,142147,142150,3,19
142128,142148,142149,1,20
142128,142148,142149,1,20
142128,142147,142149,2,19
142128,142148,142149,1,20
142128,142148,142150,2,20
142128,142148,142150,2,20
142128,142149,142150,1,21
142128,142148,142150,2,20
142128,142148,142150,2,20
142128,142149,142151,2,21
142128,142149,142151,2,21
142128,142148,142151,3,20
142128,142148,142151,3,20
142128,142148,142151,3,20
142128,142149,142151,2,21
142128,142150,142152,2,22
142128,142150,142152,2,22
142128,142150,142151,1,22
142128,142150,142151,1,22
142128,142150,142151,1,22
142128,142151,142153,2,23
142128,142151,142152,1,23
142128,142150,142152,2,22
142128,142150,142152,2,22
142128,142151,142152,1,23
142128,142150,142152,2,22
142128,142150,142152,2,22
142128,142151,142152,1,23
142128,142151,142153,2,23
142128,142152,142153,1,24
142128,142152,142153,1,24
142128,142152,142153,1,24
142128,142151,142154,3,23
142128,142151,142154,3,23
142128,142152,142153,1,24
142128,142152,142154,2,24
142128,142152,142154,2,24
142128,142152,142155,3,24
142128,142152,142155,3,24
142162,142162,142164,2,0
142162,142162,142164,2,0
142162,142162,142164,2,0
142162,142162,142164,2,0
142162,142162,142164,2,0
142162,142162,142164,2,0
142162,142162,142164,2,0
142162,142162,142164,2,0
142162,142162,142164,2,0
142162,142162,142164,2,0
142162,142162,142164,2,0
142162,142162,142165,3,0
142162,142162,142164,2,0
142162,142162,142164,2,0
142162,142162,142164,2,0
142162,142162,142164,2,0
142162,142162,142165,3,0
142162,142164,142165,1,2
142162,142162,142166,4,0
142162,142162,142165,3,0
142162,142164,142166,2,2
142162,142162,142166,4,0
142162,142164,142166,2,2
142162,142164,142167,3,2
142162,142165,142167,2,3
142162,142164,142167,3,2
142162,142164,142166,2,2
142162,142165,142167,2,3
142162,142164,142167,3,2
142162,142164,142167,3,2
142162,142165,142167,2,3
142162,142165,142168,3,3
142162,142165,142167,2,3
142162,142165,142168,3,3
142162,142165,142168,3,3
142162,142165,142168,3,3
142162,142165,142168,3,3
142162,142167,142168,1,5
142162,142165,142168,3,3
142162,142166,142168,2,4
142162,142167,142169,2,5
142162,142167,142169,2,5
142162,142166,142170,4,4
142162,142166,142170,4,4
142162,142167,142170,3,5
142162,142167,142170,3,5
142162,142166,142170,4,4
142162,142168,142170,2,6
142162,142167,142170,3,5
142162,142167,142170,3,5
142162,142166,142171,5,4
142162,142168,142171,3,6
142162,142169,142171,2,7
142162,142167,142171,4,5
142162,142168,142171,3,6
142162,142169,142171,2,7
142162,142168,142171,3,6
142162,142168,142171,3,6
142162,142171,142172,1,9
142162,142172,142173,1,10
142162,142168,142173,5,6
142162,142171,142173,2,9
142162,142172,142173,1,10
142162,142171,142173,2,9
142162,142171,142173,2,9
142162,142171,142173,2,9
142162,142172,142173,1,10
142162,142168,142174,6,6
142162,142168,142174,6,6
142162,142168,142174,6,6
142162,142170,142174,4,8
142162,142170,142174,4,8
142162,142172,142174,2,10
142162,142173,142174,1,11
142162,142172,142174,2,10
142162,142172,142174,2,10
142162,142173,142174,1,11
142162,142172,142175,3,10
142162,142172,142175,3,10
142162,142174,142175,1,12
142162,142174,142175,1,12
142162,142174,142175,1,12
142162,142170,142176,6,8
142162,142175,142176,1,13
142162,142174,142176,2,12
142162,142175,142177,2,13
142162,142175,142177,2,13
142162,142174,142176,2,12
142162,142174,142176,2,12
142162,142174,142176,2,12
142162,142175,142176,1,13
142162,142175,142177,2,13
142162,142175,142177,2,13
142162,142176,142177,1,14
142162,142175,142177,2,13
142162,142175,142177,2,13
142162,142176,142177,1,14
142162,142175,142177,2,13
142162,142176,142178,2,14
142162,142177,142178,1,15
142162,142177,142178,1,15
142162,142177,142178,1,15
142162,142177,142178,1,15
142162,142175,142178,3,13
142162,142177,142179,2,15
142162,142177,142179,2,15
142162,142177,142179,2,15
142162,142176,142178,2,14
142162,142177,142179,2,15
142162,142178,142179,1,16
142162,142177,142179,2,15
142162,142178,142180,2,16
142162,142178,142180,2,16
142162,142176,142179,3,14
142162,142178,142180,2,16
142162,142178,142180,2,16
142162,142178,142180,2,16
142162,142178,142180,2,16
142162,142179,142181,2,17
142162,142179,142181,2,17
142162,142179,142181,2,17
142162,142179,142181,2,17
142162,142178,142180,2,16
142162,142179,142181,2,17
142162,142179,142181,2,17
142162,142179,142181,2,17
142162,142179,142180,1,17
142162,142181,142182,1,19
142162,142180,142182,2,18
142162,142180,142182,2,18
142162,142179,142181,2,17
142162,142180,142182,2,18
142162,142180,142182,2,18
142162,142181,142183,2,19
142162,142181,142183,2,19
142162,142180,142182,2,18
142162,142181,142183,2,19
142162,142180,142182,2,18
142162,142181,142183,2,19
142162,142181,142183,2,19
142162,142180,142182,2,18
142162,142182,142184,2,20
142162,142181,142184,3,19
142162,142181,142183,2,19
142162,142181,142183,2,19
142162,142182,142184,2,20
142162,142181,142183,2,19
142162,142182,142184,2,20
142162,142181,142183,2,19
142162,142182,142184,2,20
142162,142182,142184,2,20
142162,142181,142184,3,19
142162,142183,142185,2,21
142162,142183,142185,2,21
142162,142183,142185,2,21
142162,142183,142185,2,21
142162,142183,142185,2,21
142162,142183,142185,2,21
142162,142182,142184,2,20
142162,142184,142186,2,22
142162,142184,142186,2,22
142162,142184,142186,2,22
142162,142184,142186,2,22
142162,142184,142186,2,22
142162,142184,142186,2,22
142162,142183,142185,2,21
142162,142183,142185,2,21
142162,142186,142187,1,24
142162,142184,142186,2,22
142162,142184,142186,2,22
142162,142184,142186,2,22
142162,142185,142187,2,23
142162,142184,142186,2,22
142162,142185,142187,2,23
142162,142185,142187,2,23
142162,142185,142187,2,23
142162,142185,142187,2,23
142162,142185,142188,3,23
142162,142186,142188,2,24
142162,142186,142188,2,24
142162,142185,142187,2,23
142162,142186,142188,2,24
142162,142186,142188,2,24
142162,142185,142188,3,23
142162,142186,142188,2,24
142162,142186,142188,2,24
142162,142186,142188,2,24
142162,142187,142189,2,25
142162,142187,142189,2,25
142162,142187,142189,2,25
142162,142187,142190,3,25
142162,142188,142189,1,26
142162,142188,142190,2,26
142162,142187,142189,2,25
142162,142187,142190,3,25
142162,142187,142190,3,25
142162,142188,142191,3,26
142162,142188,142191,3,26
142162,142188,142191,3,26
142198,142198,142199,1,0
142198,142198,142199,1,0
142198,142198,142200,2,0
142198,142198,142199,1,0
142198,142198,142200,2,0
142198,142198,142200,2,0
142198,142198,142199,1,0
142198,142198,142201,3,0
142198,142198,142201,3,0
142198,142198,142200,2,0
142198,142198,142200,2,0
142198,142198,142200,2,0
142198,142198,142200,2,0
142198,142198,142200,2,0
142198,142198,142200,2,0
142198,142198,142200,2,0
142198,142198,142200,2,0
142198,142198,142200,2,0
142198,142200,142201,1,2
142198,142198,142200,2,0
142198,142198,142200,2,0
142198,142200,142202,2,2
142198,142200,142202,2,2
142198,142200,142201,1,2
142198,142201,142202,1,3
142198,142200,142202,2,2
142198,142200,142202,2,2
142198,142200,142203,3,2
142198,142201,142203,2,3
142198,142201,142203,2,3
142198,142201,142203,2,3
142198,142201,142202,1,3
142198,142201,142203,2,3
142198,142201,142202,1,3
142198,142201,142203,2,3
142198,142201,142203,2,3
142198,142201,142203,2,3
142198,142201,142203,2,3
142198,142201,142203,2,3
142198,142202,142204,2,4
142198,142203,142204,1,5
142198,142201,142203,2,3
142198,142201,142203,2,3
142198,142202,142204,2,4
142198,142202,142204,2,4
142198,142203,142204,1,5
142198,142202,142204,2,4
142198,142203,142205,2,5
142198,142203,142205,2,5
142198,142203,142205,2,5
142198,142203,142204,1,5
142198,142203,142205,2,5
142198,142202,142204,2,4
142198,142203,142205,2,5
142198,142203,142205,2,5
142198,142204,142206,2,6
142198,142204,142206,2,6
142198,142203,142206,3,5
142198,142203,142206,3,5
142198,142204,142206,2,6
142198,142203,142206,3,5
142198,142204,142206,2,6
142198,142204,142206,2,6
142198,142204,142206,2,6
142198,142204,142206,2,6
142198,142205,142207,2,7
142198,142206,142207,1,8
142198,142206,142207,1,8
142198,142205,142207,2,7
142198,142205,142206,1,7
142198,142205,142206,1,7
142198,142205,142206,1,7
142198,142205,142207,2,7
142198,142206,142207,1,8
142198,142206,142208,2,8
142198,142205,142207,2,7
142198,142205,142208,3,7
142198,142206,142208,2,8
142198,142206,142208,2,8
142198,142206,142208,2,8
142198,142206,142208,2,8
142198,142205,142208,3,7
142198,142207,142209,2,9
142198,142207,142209,2,9
142198,142206,142209,3,8
142198,142206,142208,2,8
142198,142206,142209,3,8
142198,142207,142209,2,9
142198,142208,142209,1,10
142198,142207,142209,2,9
142198,142207,142209,2,9
142198,142207,142209,2,9
142198,142208,142210,2,10
142198,142208,142210,2,10
142198,142208,142210,2,10
142198,142207,142209,2,9
142198,142208,142210,2,10
142198,142207,142209,2,9
142198,142207,142210,3,9
142198,142209,142211,2,11
142198,142208,142210,2,10
142198,142208,142211,3,10
142198,142209,142211,2,11
142198,142209,142211,2,11
142198,142208,142211,3,10
142198,142209,142211,2,11
142198,142209,142211,2,11
142198,142209,142211,2,11
142198,142209,142211,2,11
142198,142209,142211,2,11
142198,142209,142211,2,11
142198,142210,142212,2,12
142198,142210,142212,2,12
142198,142210,142212,2,12
142198,142209,142212,3,11
142198,142211,142213,2,13
142198,142211,142213,2,13
142198,142210,142213,3,12
142198,142210,142213,3,12
142198,142211,142213,2,13
142198,142210,142213,3,12
142198,142211,142213,2,13
142198,142211,142213,2,13
142198,142211,142213,2,13
142198,142211,142213,2,13
142198,142211,142213,2,13
142198,142212,142214,2,14
142198,142211,142214,3,13
142198,142211,142214,3,13
142198,142211,142214,3,13
142198,142213,142214,1,15
142198,142211,142214,3,13
142198,142213,142214,1,15
142198,142212,142215,3,14
142198,142213,142215,2,15
142198,142213,142215,2,15
142198,142213,142215,2,15
142198,142214,142215,1,16
142198,142214,142215,1,16
142198,142214,142215,1,16
142198,142214,142215,1,16
142198,142214,142215,1,16
142198,142212,142216,4,14
142198,142214,142216,2,16
142198,142214,142216,2,16
142198,142215,142216,1,17
142198,142215,142216,1,17
142198,142215,142216,1,17
142198,142214,142217,3,16
142198,142216,142217,1,18
142198,142216,142217,1,18
142198,142216,142217,1,18
142198,142216,142217,1,18
142198,142216,142217,1,18
142198,142216,142218,2,18
142198,142215,142219,4,17
142198,142217,142218,1,19
142198,142217,142218,1,19
142198,142216,142218,2,18
142198,142217,142218,1,19
142198,142217,142218,1,19
142198,142218,142219,1,20
142198,142213,142219,6,15
142198,142215,142219,4,17
142198,142216,142219,3,18
142198,142216,142219,3,18
142198,142215,142219,4,17
142198,142218,142219,1,20
142198,142218,142220,2,20
142198,142218,142220,2,20
142198,142218,142220,2,20
142198,142218,142220,2,20
142198,142217,142220,3,19
142198,142217,142220,3,19
142198,142218,142220,2,20
142198,142219,142221,2,21
142198,142219,142220,1,21
142198,142219,142220,1,21
142198,142219,142221,2,21
142198,142219,142221,2,21
142198,142220,142221,1,22
142198,142220,142222,2,22
142198,142219,142221,2,21
142198,142220,142222,2,22
142198,142220,142222,2,22
142198,142220,142221,1,22
142198,142220,142222,2,22
142198,142220,142222,2,22
142198,142220,142222,2,22
142198,142221,142223,2,23
142198,142221,142223,2,23
142198,142221,142223,2,23
142198,142221,142223,2,23
142198,142221,142223,2,23
142198,142221,142223,2,23
142198,142221,142223,2,23
142198,142221,142223,2,23
142198,142221,142223,2,23
142198,142221,142223,2,23
142198,142221,142223,2,23
142230,142230,142232,2,0
142230,142230,142232,2,0
142230,142230,142232,2,0
142230,142230,142232,2,0
142230,142230,142232,2,0
142230,142230,142232,2,0
142230,142230,142233,3,0
142230,142230,142233,3,0
142230,142230,142233,3,0
142230,142230,142233,3,0
142230,142230,142233,3,0
142230,142230,142233,3,0
142230,142230,142233,3,0
142230,142230,142233,3,0
142230,142230,142233,3,0
142230,142230,142233,3,0
142230,142230,142233,3,0
142230,142230,142233,3,0
142230,142230,142233,3,0
142230,142233,142234,1,3
142230,142230,142234,4,0
142230,142233,142234,1,3
142230,142233,142234,1,3
142230,142234,142236,2,4
142230,142234,142235,1,4
142230,142234,142236,2,4
142230,142233,142235,2,3
142230,142234,142235,1,4
142230,142233,142235,2,3
142230,142234,142235,1,4
142230,142234,142235,1,4
142230,142233,142235,2,3
142230,142234,142236,2,4
142230,142234,142236,2,4
142230,142234,142236,2,4
142230,142234,142236,2,4
142230,142233,142236,3,3
142230,142234,142236,2,4
142230,142234,142236,2,4
142230,142235,142236,1,5
142230,142235,142236,1,5
142230,142235,142237,2,5
142230,142236,142238,2,6
142230,142235,142237,2,5
142230,142236,142238,2,6
142230,142236,142238,2,6
142230,142236,142237,1,6
142230,142236,142238,2,6
142230,142237,142239,2,7
142230,142237,142239,2,7
142230,142237,142238,1,7
142230,142236,142238,2,6
142230,142236,142239,3,6
142230,142236,142238,2,6
142230,142236,142239,3,6
142230,142236,142239,3,6
142230,142237,142239,2,7
142230,142237,142239,2,7
142230,142238,142239,1,8
142230,142237,142240,3,7
142230,142237,142239,2,7
142230,142238,142240,2,8
142230,142238,142240,2,8
142230,142237,142239,2,7
142230,142237,142239,2,7
142230,142238,142240,2,8
142230,142238,142240,2,8
142230,142239,142241,2,9
142230,142239,142241,2,9
142230,142239,142240,1,9
142230,142239,142241,2,9
142230,142239,142241,2,9
142230,142238,142240,2,8
142230,142239,142241,2,9
142230,142239,142241,2,9
142230,142239,142241,2,9
142230,142239,142241,2,9
142230,142240,142242,2,10
142230,142240,142241,1,10
142230,142240,142242,2,10
142230,142239,142242,3,9
142230,142240,142242,2,10
142230,142240,142242,2,10
142230,142240,142242,2,10
142230,142241,142243,2,11
142230,142240,142242,2,10
142230,142241,142243,2,11
142230,142241,142243,2,11
142230,142241,142243,2,11
142230,142241,142243,2,11
142230,142240,142243,3,10
142230,142240,142243,3,10
142230,142242,142244,2,12
142230,142242,142244,2,12
142230,142241,142243,2,11
142230,142242,142244,2,12
142230,142242,142243,1,12
142230,142242,142244,2,12
142230,142242,142244,2,12
142230,142242,142244,2,12
142230,142243,142245,2,13
142230,142242,142244,2,12
142230,142243,142245,2,13
142230,142242,142244,2,12
142230,142243,142245,2,13
142230,142243,142245,2,13
142230,142243,142245,2,13
142230,142243,142245,2,13
142230,142244,142246,2,14
142230,142244,142246,2,14
142230,142244,142245,1,14
142230,142244,142246,2,14
142230,142244,142246,2,14
142230,142244,142246,2,14
142230,142244,142247,3,14
142230,142244,142246,2,14
142230,142244,142246,2,14
142230,142245,142247,2,15
142230,142245,142247,2,15
142230,142245,142247,2,15
142230,142246,142248,2,16
142230,142245,142247,2,15
142230,142246,142248,2,16
142230,142246,142248,2,16
142230,142245,142247,2,15
142230,142245,142248,3,15
142230,142246,142248,2,16
142230,142245,142248,3,15
142230,142245,142248,3,15
142230,142245,142247,2,15
142230,142246,142248,2,16
142230,142247,142249,2,17
142230,142247,142249,2,17
142230,142247,142249,2,17
142230,142247,142249,2,17
142230,142246,142249,3,16
142230,142246,142249,3,16
142230,142248,142250,2,18
142230,142248,142250,2,18
142230,142248,142250,2,18
142230,142247,142250,3,17
142230,142248,142250,2,18
142230,142247,142250,3,17
142230,142248,142250,2,18
142230,142248,142250,2,18
142230,142248,142250,2,18
142230,142248,142250,2,18
142230,142248,142251,3,18
142230,142248,142251,3,18
142230,142248,142251,3,18
142230,142249,142251,2,19
142230,142250,142252,2,20
142230,142249,142252,3,19
142230,142249,142252,3,19
142230,142250,142252,2,20
142230,142248,142252,4,18
142230,142249,142252,3,19
142230,142249,142252,3,19
142230,142250,142252,2,20
142230,142250,142253,3,20
142230,142251,142253,2,21
142230,142251,142253,2,21
142230,142250,142253,3,20
142230,142252,142254,2,22
142230,142252,142254,2,22
142230,142252,142254,2,22
142230,142252,142254,2,22
142230,142251,142254,3,21
142230,142251,142254,3,21
142230,142253,142254,1,23
142230,142253,142255,2,23
142230,142253,142255,2,23
142230,142253,142255,2,23
142230,142254,142255,1,24
142230,142252,142256,4,22
142230,142250,142256,6,20
142230,142251,142256,5,21
142230,142255,142257,2,25
142230,142255,142256,1,25
142230,142255,142257,2,25
142230,142255,142256,1,25
142230,142254,142257,3,24
142230,142255,142257,2,25
142230,142256,142257,1,26
142230,142255,142257,2,25
142230,142256,142257,1,26
142230,142255,142258,3,25
142230,142256,142258,2,26
142230,142257,142258,1,27
142230,142252,142258,6,22
142230,142253,142258,5,23
142230,142257,142258,1,27
142230,142249,142259,10,19
142230,142250,142259,9,20
142230,142250,142259,9,20
142230,142257,142260,3,27
142230,142257,142259,2,27
142230,142257,142259,2,27
142230,142257,142259,2,27
142230,142253,142260,7,23
142267,142267,142269,2,0
142267,142267,142269,2,0
142267,142267,142269,2,0
142267,142267,142269,2,0
142267,142267,142269,2,0
142267,142267,142269,2,0
142267,142267,142269,2,0
142267,142267,142269,2,0
142267,142267,142269,2,0
142267,142267,142270,3,0
142267,142267,142269,2,0
142267,142267,142269,2,0
142267,142267,142269,2,0
142267,142267,142269,2,0
142267,142267,142269,2,0
142267,142267,142269,2,0
142267,142267,142270,3,0
142267,142267,142270,3,0
142267,142267,142270,3,0
142267,142269,142271,2,2
142267,142267,142270,3,0
142267,142269,142271,2,2
142267,142269,142271,2,2
142267,142269,142271,2,2
142267,142269,142272,3,2
142267,142270,142272,2,3
142267,142270,142272,2,3
142267,142269,142272,3,2
142267,142270,142272,2,3
142267,142270,142272,2,3
142267,142270,142272,2,3
142267,142270,142273,3,3
142267,142270,142273,3,3
142267,142270,142272,2,3
142267,142270,142272,2,3
142267,142271,142273,2,4
142267,142271,142273,2,4
142267,142270,142272,2,3
142267,142271,142273,2,4
142267,142271,142273,2,4
142267,142270,142272,2,3
142267,142271,142273,2,4
142267,142272,142274,2,5
142267,142272,142274,2,5
142267,142271,142274,3,4
142267,142273,142274,1,6
142267,142271,142274,3,4
142267,142272,142274,2,5
142267,142272,142275,3,5
142267,142272,142275,3,5
142267,142273,142275,2,6
142267,142273,142275,2,6
142267,142273,142275,2,6
142267,142273,142275,2,6
142267,142272,142274,2,5
142267,142273,142275,2,6
142267,142273,142275,2,6
142267,142273,142275,2,6
142267,142273,142276,3,6
142267,142274,142276,2,7
142267,142274,142276,2,7
142267,142273,142276,3,6
142267,142274,142276,2,7
142267,142274,142276,2,7
142267,142273,142276,3,6
142267,142273,142276,3,6
142267,142274,142276,2,7
142267,142275,142277,2,8
142267,142274,142277,3,7
142267,142275,142277,2,8
142267,142275,142277,2,8
142267,142275,142277,2,8
142267,142275,142278,3,8
142267,142275,142278,3,8
142267,142276,142278,2,9
142267,142276,142278,2,9
142267,142276,142278,2,9
142267,142276,142279,3,9
142267,142276,142279,3,9
142267,142276,142279,3,9
142267,142276,142279,3,9
142267,142275,142279,4,8
142267,142275,142279,4,8
142267,142275,142279,4,8
142267,142276,142279,3,9
142267,142276,142279,3,9
142267,142277,142279,2,10
142267,142277,142279,2,10
142267,142277,142279,2,10
142267,142276,142280,4,9
142267,142278,142280,2,11
142267,142278,142280,2,11
142267,142278,142280,2,11
142267,142279,142280,1,12
142267,142279,142281,2,12
142267,142277,142281,4,10
142267,142278,142281,3,11
142267,142277,142281,4,10
142267,142280,142281,1,13
142267,142280,142281,1,13
142267,142279,142282,3,12
142267,142279,142281,2,12
142267,142279,142282,3,12
142267,142279,142282,3,12
142267,142279,142282,3,12
142267,142279,142282,3,12
142267,142280,142282,2,13
142267,142280,142282,2,13
142267,142281,142282,1,14
142267,142281,142282,1,14
142267,142281,142282,1,14
142267,142281,142283,2,14
142267,142281,142283,2,14
142267,142282,142283,1,15
142267,142282,142284,2,15
142267,142282,142284,2,15
142267,142281,142284,3,14
142267,142282,142284,2,15
142267,142282,142284,2,15
142267,142283,142285,2,16
142267,142283,142284,1,16
142267,142283,142285,2,16
142267,142281,142284,3,14
142267,142283,142284,1,16
142267,142283,142285,2,16
142267,142283,142285,2,16
142267,142283,142285,2,16
142267,142284,142285,1,17
142267,142284,142285,1,17
142267,142283,142286,3,16
142267,142283,142285,2,16
142267,142284,142285,1,17
142267,142283,142286,3,16
142267,142284,142286,2,17
142267,142285,142287,2,18
142267,142285,142286,1,18
142267,142284,142286,2,17
142267,142285,142287,2,18
142267,142283,142286,3,16
142267,142285,142286,1,18
142267,142285,142286,1,18
142267,142285,142287,2,18
142267,142286,142288,2,19
142267,142285,142287,2,18
142267,142285,142287,2,18
142267,142286,142287,1,19
142267,142286,142288,2,19
142267,142286,142288,2,19
142267,142286,142288,2,19
142267,142286,142288,2,19
142267,142286,142288,2,19
142267,142287,142288,1,20
142267,142286,142288,2,19
142267,142286,142288,2,19
142267,142286,142288,2,19
142267,142287,142289,2,20
142267,142287,142289,2,20
142267,142288,142290,2,21
142267,142289,142290,1,22
142267,142289,142290,1,22
142267,142287,142289,2,20
142267,142288,142290,2,21
142267,142288,142290,2,21
142267,142288,142291,3,21
142267,142287,142291,4,20
142267,142288,142292,4,21
142267,142288,142292,4,21
142267,142287,142292,5,20
142267,142287,142292,5,20
142267,142288,142291,3,21
142267,142289,142292,3,22
142267,142289,142291,2,22
142267,142289,142292,3,22
142267,142288,142292,4,21
142267,142290,142292,2,23
142267,142290,142292,2,23
142267,142290,142292,2,23
142267,142289,142293,4,22
142267,142290,142293,3,23
142267,142292,142294,2,25
142267,142289,142293,4,22
142267,142289,142294,5,22
142267,142292,142293,1,25
142267,142292,142294,2,25
142267,142292,142293,1,25
142267,142291,142293,2,24
142267,142291,142293,2,24
142267,142292,142295,3,25
142267,142292,142294,2,25
142267,142293,142295,2,26
142267,142292,142295,3,25
142267,142292,142294,2,25
142267,142292,142294,2,25
142267,142292,142294,2,25
142267,142293,142295,2,26
142267,142293,142296,3,26
142267,142293,142296,3,26
142267,142293,142296,3,26
142267,142292,142296,4,25
142303,142303,142305,2,0
142303,142303,142305,2,0
142303,142303,142305,2,0
142303,142303,142305,2,0
142303,142303,142305,2,0
142303,142303,142306,3,0
142303,142303,142305,2,0
142303,142303,142305,2,0
142303,142303,142305,2,0
142303,142303,142305,2,0
142303,142303,142305,2,0
142303,142303,142305,2,0
142303,142303,142306,3,0
142303,142303,142306,3,0
142303,142303,142305,2,0
142303,142303,142305,2,0
142303,142303,142306,3,0
142303,142303,142307,4,0
142303,142305,142306,1,2
142303,142303,142306,3,0
142303,142303,142306,3,0
142303,142305,142307,2,2
142303,142305,142307,2,2
142303,142306,142308,2,3
142303,142306,142308,2,3
142303,142306,142308,2,3
142303,142306,142308,2,3
142303,142306,142308,2,3
142303,142306,142309,3,3
142303,142306,142308,2,3
142303,142306,142308,2,3
142303,142306,142308,2,3
142303,142306,142309,3,3
142303,142306,142309,3,3
142303,142307,142309,2,4
142303,142306,142308,2,3
142303,142306,142308,2,3
142303,142307,142309,2,4
142303,142307,142308,1,4
142303,142307,142309,2,4
142303,142306,142309,3,3
142303,142307,142309,2,4
142303,142308,142310,2,5
142303,142307,142309,2,4
142303,142308,142310,2,5
142303,142308,142310,2,5
142303,142308,142310,2,5
142303,142309,142311,2,6
142303,142309,142311,2,6
142303,142309,142312,3,6
142303,142309,142312,3,6
142303,142309,142312,3,6
142303,142309,142312,3,6
142303,142309,142312,3,6
142303,142308,142312,4,5
142303,142310,142312,2,7
142303,142309,142312,3,6
142303,142309,142312,3,6
142303,142310,142312,2,7
142303,142309,142312,3,6
142303,142309,142313,4,6
142303,142310,142312,2,7
142303,142310,142312,2,7
142303,142310,142313,3,7
142303,142311,142313,2,8
142303,142311,142313,2,8
142303,142311,142314,3,8
142303,142312,142314,2,9
142303,142311,142313,2,8
142303,142311,142313,2,8
142303,142312,142314,2,9
142303,142312,142314,2,9
142303,142312,142315,3,9
142303,142313,142315,2,10
142303,142312,142315,3,9
142303,142312,142315,3,9
142303,142313,142315,2,10
142303,142313,142315,2,10
142303,142312,142314,2,9
142303,142313,142315,2,10
142303,142312,142315,3,9
142303,142312,142315,3,9
142303,142314,142315,1,11
142303,142312,142316,4,9
142303,142313,142316,3,10
142303,142313,142315,2,10
142303,142314,142316,2,11
142303,142313,142316,3,10
142303,142314,142317,3,11
142303,142315,142317,2,12
142303,142314,142317,3,11
142303,142315,142317,2,12
142303,142315,142317,2,12
142303,142315,142317,2,12
142303,142314,142318,4,11
142303,142315,142318,3,12
142303,142314,142318,4,11
142303,142315,142318,3,12
142303,142315,142318,3,12
142303,142316,142318,2,13
142303,142316,142318,2,13
142303,142315,142318,3,12
142303,142316,142319,3,13
142303,142316,142318,2,13
142303,142315,142319,4,12
142303,142316,142319,3,13
142303,142316,142319,3,13
142303,142317,142319,2,14
142303,142317,142320,3,14
142303,142317,142320,3,14
142303,142317,142320,3,14
142303,142317,142319,2,14
142303,142318,142320,2,15
142303,142319,142320,1,16
142303,142319,142320,1,16
142303,142319,142320,1,16
142303,142317,142321,4,14
142303,142317,142321,4,14
142303,142318,142321,3,15
142303,142319,142321,2,16
142303,142320,142322,2,17
142303,142319,142322,3,16
142303,142319,142322,3,16
142303,142319,142322,3,16
142303,142320,142322,2,17
142303,142319,142322,3,16
142303,142318,142322,4,15
142303,142319,142322,3,16
142303,142320,142322,2,17
142303,142318,142322,4,15
142303,142321,142323,2,18
142303,142321,142322,1,18
142303,142321,142322,1,18
142303,142321,142322,1,18
142303,142320,142323,3,17
142303,142322,142324,2,19
142303,142322,142324,2,19
142303,142323,142324,1,20
142303,142323,142325,2,20
142303,142323,142324,1,20
142303,142321,142324,3,18
142303,142322,142324,2,19
142303,142322,142324,2,19
142303,142323,142324,1,20
142303,142321,142324,3,18
142303,142323,142325,2,20
142303,142323,142325,2,20
142303,142323,142325,2,20
142303,142323,142325,2,20
142303,142324,142326,2,21
142303,142323,142325,2,20
142303,142323,142325,2,20
142303,142324,142326,2,21
142303,142323,142326,3,20
142303,142324,142326,2,21
142303,142325,142326,1,22
142303,142323,142326,3,20
142303,142325,142326,1,22
142303,142323,142326,3,20
142303,142325,142326,1,22
142303,142325,142327,2,22
142303,142325,142327,2,22
142303,142325,142327,2,22
142303,142326,142328,2,23
142303,142326,142328,2,23
142303,142326,142327,1,23
142303,142325,142328,3,22
142303,142326,142328,2,23
142303,142325,142328,3,22
142303,142327,142329,2,24
142303,142326,142328,2,23
142303,142326,142328,2,23
142303,142326,142329,3,23
142303,142327,142329,2,24
142303,142327,142329,2,24
142303,142327,142329,2,24
142303,142327,142329,2,24
142303,142327,142329,2,24
142303,142328,142330,2,25
142303,142328,142331,3,25
142303,142327,142330,3,24
142303,142326,142330,4,23
142303,142327,142330,3,24
142303,142328,142331,3,25
142303,142328,142330,2,25
142303,142329,142331,2,26
142303,142329,142331,2,26
142303,142329,142331,2,26
142303,142330,142331,1,27
142303,142329,142331,2,26
142303,142329,142332,3,26
142303,142330,142332,2,27
142303,142330,142331,1,27
142303,142329,142331,2,26
142303,142328,142331,3,25
142303,142331,142333,2,28
142303,142331,142332,1,28
142303,142330,142332,2,27
142303,142330,142333,3,27
142303,142330,142333,3,27
142339,142339,142341,2,0
142339,142339,142341,2,0
142339,142339,142342,3,0
142339,142339,142341,2,0
142339,142339,142341,2,0
142339,142339,142341,2,0
142339,142339,142341,2,0
142339,142339,142341,2,0
142339,142339,142342,3,0
142339,142339,142341,2,0
142339,142339,142341,2,0
142339,142339,142342,3,0
142339,142339,142341,2,0
142339,142339,142341,2,0
142339,142339,142342,3,0
142339,142339,142341,2,0
142339,142339,142341,2,0
142339,142339,142341,2,0
142339,142339,142342,3,0
142339,142339,142342,3,0
142339,142341,142342,1,2
142339,142342,142344,2,3
142339,142342,142344,2,3
142339,142342,142344,2,3
142339,142342,142344,2,3
142339,142342,142344,2,3
142339,142342,142344,2,3
142339,142342,142344,2,3
142339,142342,142344,2,3
142339,142342,142344,2,3
142339,142342,142344,2,3
142339,142342,142345,3,3
142339,142342,142344,2,3
142339,142342,142344,2,3
142339,142342,142344,2,3
142339,142343,142345,2,4
142339,142342,142344,2,3
142339,142342,142345,3,3
142339,142342,142345,3,3
142339,142343,142345,2,4
142339,142345,142347,2,6
142339,142343,142346,3,4
142339,142345,142347,2,6
142339,142345,142347,2,6
142339,142344,142346,2,5
142339,142344,142347,3,5
142339,142345,142347,2,6
142339,142344,142346,2,5
142339,142345,142347,2,6
142339,142344,142347,3,5
142339,142345,142347,2,6
142339,142345,142348,3,6
142339,142346,142348,2,7
142339,142345,142348,3,6
142339,142346,142348,2,7
142339,142347,142349,2,8
142339,142345,142348,3,6
142339,142345,142349,4,6
142339,142345,142348,3,6
142339,142345,142349,4,6
142339,142345,142349,4,6
142339,142347,142350,3,8
142339,142347,142349,2,8
142339,142347,142350,3,8
142339,142347,142350,3,8
142339,142347,142350,3,8
142339,142347,142350,3,8
142339,142348,142350,2,9
142339,142348,142350,2,9
142339,142348,142351,3,9
142339,142348,142350,2,9
142339,142347,142351,4,8
142339,142347,142351,4,8
142339,142349,142351,2,10
142339,142349,142352,3,10
142339,142350,142352,2,11
142339,142348,142352,4,9
142339,142349,142352,3,10
142339,142349,142352,3,10
142339,142349,142352,3,10
142339,142349,142352,3,10
142339,142350,142353,3,11
142339,142349,142353,4,10
142339,142350,142353,3,11
142339,142350,142353,3,11
142339,142350,142352,2,11
142339,142350,142353,3,11
142339,142350,142353,3,11
142339,142351,142354,3,12
142339,142351,142354,3,12
142339,142351,142354,3,12
142339,142350,142354,4,11
142339,142351,142354,3,12
142339,142352,142355,3,13
142339,142352,142355,3,13
142339,142352,142354,2,13
142339,142352,142355,3,13
142339,142352,142355,3,13
142339,142352,142355,3,13
142339,142352,142356,4,13
142339,142354,142356,2,15
142339,142354,142356,2,15
142339,142353,142356,3,14
142339,142353,142356,3,14
142339,142353,142356,3,14
142339,142355,142356,1,16
142339,142353,142356,3,14
142339,142354,142356,2,15
142339,142353,142356,3,14
142339,142353,142356,3,14
142339,142353,142356,3,14
142339,142353,142357,4,14
142339,142355,142357,2,16
142339,142355,142358,3,16
142339,142356,142358,2,17
142339,142356,142358,2,17
142339,142357,142359,2,18
142339,142357,142358,1,18
142339,142356,142358,2,17
142339,142357,142358,1,18
142339,142357,142358,1,18
142339,142356,142358,2,17
142339,142356,142358,2,17
142339,142356,142359,3,17
142339,142356,142359,3,17
142339,142356,142359,3,17
142339,142357,142359,2,18
142339,142357,142359,2,18
142339,142357,142359,2,18
142339,142357,142359,2,18
142339,142357,142359,2,18
142339,142358,142359,1,19
142339,142359,142360,1,20
142339,142359,142360,1,20
142339,142358,142360,2,19
142339,142359,142361,2,20
142339,142359,142361,2,20
142339,142359,142361,2,20
142339,142359,142360,1,20
142339,142359,142360,1,20
142339,142359,142361,2,20
142339,142359,142361,2,20
142339,142360,142362,2,21
142339,142360,142361,1,21
142339,142360,142362,2,21
142339,142360,142361,1,21
142339,142360,142362,2,21
142339,142360,142362,2,21
142339,142359,142362,3,20
142339,142360,142363,3,21
142339,142360,142362,2,21
142339,142361,142363,2,22
142339,142361,142362,1,22
142339,142361,142363,2,22
142339,142361,142362,1,22
142339,142361,142363,2,22
142339,142361,142363,2,22
142339,142362,142363,1,23
142339,142360,142363,3,21
142339,142361,142363,2,22
142339,142362,142364,2,23
142339,142362,142364,2,23
142339,142363,142364,1,24
142339,142361,142363,2,22
142339,142363,142365,2,24
142339,142362,142364,2,23
142339,142363,142365,2,24
142339,142363,142365,2,24
142339,142362,142365,3,23
142339,142362,142364,2,23
142339,142362,142364,2,23
142339,142363,142364,1,24
142339,142363,142366,3,24
142339,142364,142365,1,25
142339,142364,142365,1,25
142339,142363,142365,2,24
142339,142364,142365,1,25
142339,142364,142366,2,25
142339,142364,142366,2,25
142339,142364,142366,2,25
142339,142363,142366,3,24
142339,142365,142366,1,26
142339,142364,142366,2,25
142339,142365,142366,1,26
142339,142365,142367,2,26
142339,142364,142366,2,25
142339,142365,142367,2,26
142339,142365,142367,2,26
142339,142364,142367,3,25
142339,142366,142367,1,27
142339,142365,142368,3,26
142339,142366,142368,2,27
142339,142365,142368,3,26
142339,142365,142368,3,26
142339,142366,142368,2,27
142339,142366,142368,2,27
142339,142366,142368,2,27
142339,142366,142369,3,27
142339,142366,142368,2,27
142339,142366,142368,2,27
142375,142375,142377,2,0
142375,142375,142377,2,0
142375,142375,142377,2,0
142375,142375,142377,2,0
142375,142375,142377,2,0
142375,142375,142377,2,0
142375,142375,142377,2,0
142375,142375,142377,2,0
142375,142375,142378,3,0
142375,142375,142377,2,0
142375,142375,142377,2,0
142375,142375,142377,2,0
142375,142375,142377,2,0
142375,142375,142377,2,0
142375,142375,142377,2,0
142375,142375,142377,2,0
142375,142375,142378,3,0
142375,142375,142378,3,0
142375,142375,142378,3,0
142375,142377,142378,1,2
142375,142377,142379,2,2
142375,142375,142378,3,0
142375,142377,142379,2,2
142375,142377,142378,1,2
142375,142378,142380,2,3
142375,142378,142380,2,3
142375,142378,142379,1,3
142375,142378,142380,2,3
142375,142378,142380,2,3
142375,142378,142380,2,3
142375,142377,142379,2,2
142375,142377,142380,3,2
142375,142378,142380,2,3
142375,142378,142380,2,3
142375,142378,142380,2,3
142375,142378,142381,3,3
142375,142378,142381,3,3
142375,142379,142381,2,4
142375,142378,142380,2,3
142375,142379,142381,2,4
142375,142379,142381,2,4
142375,142379,142381,2,4
142375,142378,142382,4,3
142375,142380,142382,2,5
142375,142380,142382,2,5
142375,142380,142382,2,5
142375,142380,142382,2,5
142375,142378,142382,4,3
142375,142380,142382,2,5
142375,142380,142382,2,5
142375,142380,142383,3,5
142375,142380,142383,3,5
142375,142381,142383,2,6
142375,142380,142383,3,5
142375,142381,142383,2,6
142375,142381,142384,3,6
142375,142381,142384,3,6
142375,142382,142384,2,7
142375,142381,142384,3,6
142375,142382,142384,2,7
142375,142380,142384,4,5
142375,142380,142384,4,5
142375,142381,142384,3,6
142375,142382,142384,2,7
142375,142382,142384,2,7
142375,142381,142384,3,6
142375,142382,142384,2,7
142375,142382,142385,3,7
142375,142382,142385,3,7
142375,142383,142385,2,8
142375,142383,142385,2,8
142375,142383,142385,2,8
142375,142384,142385,1,9
142375,142382,142385,3,7
142375,142383,142385,2,8
142375,142383,142385,2,8
142375,142384,142386,2,9
142375,142384,142386,2,9
142375,142385,142386,1,10
142375,142385,142387,2,10
142375,142385,142386,1,10
142375,142384,142387,3,9
142375,142384,142387,3,9
142375,142385,142387,2,10
142375,142385,142387,2,10
142375,142386,142387,1,11
142375,142385,142387,2,10
142375,142385,142387,2,10
142375,142385,142387,2,10
142375,142386,142388,2,11
142375,142386,142387,1,11
142375,142384,142388,4,9
142375,142387,142388,1,12
142375,142387,142388,1,12
142375,142386,142388,2,11
142375,142386,142388,2,11
142375,142386,142388,2,11
142375,142387,142388,1,12
142375,142386,142389,3,11
142375,142387,142388,1,12
142375,142388,142390,2,13
142375,142388,142389,1,13
142375,142388,142390,2,13
142375,142388,142389,1,13
142375,142387,142389,2,12
142375,142388,142390,2,13
142375,142389,142390,1,14
142375,142389,142391,2,14
142375,142389,142391,2,14
142375,142389,142390,1,14
142375,142389,142390,1,14
142375,142388,142390,2,13
142375,142388,142390,2,13
142375,142389,142390,1,14
142375,142389,142390,1,14
142375,142388,142390,2,13
142375,142388,142390,2,13
142375,142388,142390,2,13
142375,142390,142392,2,15
142375,142390,142391,1,15
142375,142390,142392,2,15
142375,142390,142392,2,15
142375,142390,142392,2,15
142375,142391,142392,1,16
142375,142389,142392,3,14
142375,142389,142392,3,14
142375,142391,142392,1,16
142375,142391,142392,1,16
142375,142391,142392,1,16
142375,142391,142393,2,16
142375,142391,142393,2,16
142375,142392,142393,1,17
142375,142391,142393,2,16
142375,142392,142394,2,17
142375,142392,142394,2,17
142375,142391,142393,2,16
142375,142391,142393,2,16
142375,142391,142393,2,16
142375,142392,142394,2,17
142375,142391,142394,3,16
142375,142391,142394,3,16
142375,142393,142395,2,18
142375,142391,142394,3,16
142375,142393,142394,1,18
142375,142393,142394,1,18
142375,142393,142394,1,18
142375,142393,142395,2,18
142375,142393,142395,2,18
142375,142393,142395,2,18
142375,142394,142396,2,19
142375,142394,142396,2,19
142375,142394,142397,3,19
142375,142393,142396,3,18
142375,142394,142397,3,19
142375,142394,142396,2,19
142375,142394,142396,2,19
142375,142395,142397,2,20
142375,142394,142397,3,19
142375,142394,142397,3,19
142375,142395,142397,2,20
142375,142395,142398,3,20
142375,142395,142397,2,20
142375,142396,142398,2,21
142375,142397,142398,1,22
142375,142394,142397,3,19
142375,142394,142397,3,19
142375,142395,142397,2,20
142375,142395,142397,2,20
142375,142396,142398,2,21
142375,142397,142399,2,22
142375,142396,142398,2,21
142375,142397,142399,2,22
142375,142397,142399,2,22
142375,142397,142399,2,22
142375,142397,142399,2,22
142375,142397,142399,2,22
142375,142397,142399,2,22
142375,142398,142400,2,23
142375,142397,142400,3,22
142375,142398,142400,2,23
142375,142396,142399,3,21
142375,142398,142400,2,23
142375,142398,142400,2,23
142375,142397,142399,2,22
142375,142399,142401,2,24
142375,142398,142400,2,23
142375,142399,142401,2,24
142375,142400,142401,1,25
142375,142398,142400,2,23
142375,142398,142400,2,23
142375,142398,142400,2,23
142375,142399,142401,2,24
142375,142399,142401,2,24
142375,142400,142402,2,25
142375,142399,142401,2,24
142375,142399,142402,3,24
142375,142399,142402,3,24
142375,142400,142402,2,25
142375,142400,142402,2,25
142375,142400,142403,3,25
142411,142411,142412,1,0
142411,142411,142412,1,0
142411,142411,142412,1,0
142411,142411,142412,1,0
142411,142411,142413,2,0
142411,142411,142413,2,0
142411,142411,142413,2,0
142411,142411,142413,2,0
142411,142411,142413,2,0
142411,142411,142413,2,0
142411,142411,142413,2,0
142411,142411,142413,2,0
142411,142411,142414,3,0
142411,142411,142413,2,0
142411,142411,142413,2,0
142411,142411,142413,2,0
142411,142411,142413,2,0
142411,142411,142413,2,0
142411,142411,142413,2,0
142411,142413,142414,1,2
142411,142411,142414,3,0
142411,142414,142415,1,3
142411,142413,142414,1,2
142411,142413,142414,1,2
142411,142414,142415,1,3
142411,142414,142416,2,3
142411,142414,142416,2,3
142411,142414,142416,2,3
142411,142414,142416,2,3
142411,142414,142416,2,3
142411,142414,142417,3,3
142411,142414,142416,2,3
142411,142414,142416,2,3
142411,142414,142416,2,3
142411,142414,142416,2,3
142411,142414,142416,2,3
142411,142413,142416,3,2
142411,142415,142416,1,4
142411,142415,142416,1,4
142411,142414,142416,2,3
142411,142415,142416,1,4
142411,142415,142417,2,4
142411,142414,142417,3,3
142411,142416,142418,2,5
142411,142415,142417,2,4
142411,142416,142418,2,5
142411,142416,142418,2,5
142411,142416,142417,1,5
142411,142417,142418,1,6
142411,142417,142418,1,6
142411,142416,142418,2,5
142411,142416,142418,2,5
142411,142417,142419,2,6
142411,142417,142419,2,6
142411,142417,142419,2,6
142411,142417,142419,2,6
142411,142417,142420,3,6
142411,142418,142420,2,7
142411,142417,142419,2,6
142411,142418,142420,2,7
142411,142418,142420,2,7
142411,142417,142419,2,6
142411,142417,142419,2,6
142411,142418,142419,1,7
142411,142417,142419,2,6
142411,142417,142419,2,6
142411,142418,142419,1,7
142411,142418,142420,2,7
142411,142419,142420,1,8
142411,142419,142421,2,8
142411,142419,142420,1,8
142411,142419,142421,2,8
142411,142419,142421,2,8
142411,142420,142422,2,9
142411,142420,142422,2,9
142411,142420,142422,2,9
142411,142419,142422,3,8
142411,142420,142422,2,9
142411,142420,142423,3,9
142411,142421,142423,2,10
142411,142421,142423,2,10
142411,142421,142423,2,10
142411,142420,142423,3,9
142411,142420,142423,3,9
142411,142420,142422,2,9
142411,142420,142422,2,9
142411,142420,142423,3,9
142411,142420,142422,2,9
142411,142421,142423,2,10
142411,142420,142423,3,9
142411,142420,142422,2,9
142411,142422,142424,2,11
142411,142422,142424,2,11
142411,142422,142424,2,11
142411,142422,142424,2,11
142411,142422,142424,2,11
142411,142422,142423,1,11
142411,142423,142425,2,12
142411,142422,142424,2,11
142411,142423,142426,3,12
142411,142423,142426,3,12
142411,142423,142425,2,12
142411,142423,142425,2,12
142411,142423,142425,2,12
142411,142424,142426,2,13
142411,142423,142426,3,12
142411,142423,142426,3,12
142411,142424,142426,2,13
142411,142423,142426,3,12
142411,142423,142426,3,12
142411,142424,142426,2,13
142411,142423,142426,3,12
142411,142424,142426,2,13
142411,142424,142426,2,13
142411,142423,142427,4,12
142411,142423,142427,4,12
142411,142425,142427,2,14
142411,142426,142428,2,15
142411,142426,142428,2,15
142411,142424,142428,4,13
142411,142426,142428,2,15
142411,142426,142428,2,15
142411,142426,142428,2,15
142411,142425,142428,3,14
142411,142426,142428,2,15
142411,142427,142429,2,16
142411,142426,142429,3,15
142411,142426,142429,3,15
142411,142426,142429,3,15
142411,142426,142429,3,15
142411,142427,142429,2,16
142411,142426,142428,2,15
142411,142426,142429,3,15
142411,142428,142430,2,17
142411,142428,142430,2,17
142411,142427,142430,3,16
142411,142427,142430,3,16
142411,142428,142430,2,17
142411,142429,142430,1,18
142411,142427,142431,4,16
142411,142427,142431,4,16
142411,142428,142431,3,17
142411,142429,142430,1,18
142411,142429,142431,2,18
142411,142429,142431,2,18
142411,142429,142431,2,18
142411,142428,142432,4,17
142411,142429,142432,3,18
142411,142429,142432,3,18
142411,142430,142432,2,19
142411,142428,142432,4,17
142411,142431,142432,1,20
142411,142431,142432,1,20
142411,142430,142433,3,19
142411,142429,142433,4,18
142411,142432,142433,1,21
142411,142432,142433,1,21
142411,142432,142433,1,21
142411,142432,142433,1,21
142411,142429,142433,4,18
142411,142432,142434,2,21
142411,142432,142433,1,21
142411,142430,142433,3,19
142411,142431,142433,2,20
142411,142431,142434,3,20
142411,142432,142434,2,21
142411,142433,142434,1,22
142411,142432,142434,2,21
142411,142433,142434,1,22
142411,142432,142435,3,21
142411,142434,142436,2,23
142411,142433,142435,2,22
142411,142434,142435,1,23
142411,142434,142435,1,23
142411,142434,142435,1,23
142411,142434,142436,2,23
142411,142433,142435,2,22
142411,142434,142436,2,23
142411,142434,142436,2,23
142411,142434,142436,2,23
142411,142434,142436,2,23
142411,142433,142436,3,22
142411,142434,142436,2,23
142411,142435,142437,2,24
142411,142435,142437,2,24
142411,142435,142437,2,24
142411,142435,142437,2,24
142411,142434,142437,3,23
142411,142436,142437,1,25
142411,142436,142437,1,25
142411,142436,142437,1,25
142411,142436,142437,1,25
142411,142435,142437,2,24
142411,142436,142437,1,25
142411,142436,142437,1,25
142411,142437,142438,1,26
142411,142437,142438,1,26
142411,142436,142438,2,25
142411,142436,142438,2,25
142411,142436,142438,2,25
142446,142446,142447,1,0
142446,142446,142447,1,0
142446,142446,142448,2,0
142446,142446,142447,1,0
142446,142446,142447,1,0
142446,142446,142447,1,0
142446,142446,142447,1,0
142446,142446,142447,1,0
142446,142446,142447,1,0
142446,142446,142448,2,0
142446,142446,142448,2,0
142446,142446,142448,2,0
142446,142446,142448,2,0
142446,142446,142448,2,0
142446,142446,142448,2,0
142446,142446,142448,2,0
142446,142446,142449,3,0
142446,142446,142449,3,0
142446,142446,142449,3,0
142446,142446,142449,3,0
142446,142448,142449,1,2
142446,142448,142449,1,2
142446,142448,142450,2,2
142446,142448,142449,1,2
142446,142449,142450,1,3
142446,142448,142450,2,2
142446,142448,142450,2,2
142446,142448,142451,3,2
142446,142449,142451,2,3
142446,142449,142451,2,3
142446,142450,142452,2,4
142446,142449,142451,2,3
142446,142450,142452,2,4
142446,142449,142451,2,3
142446,142450,142451,1,4
142446,142450,142451,1,4
142446,142448,142451,3,2
142446,142449,142451,2,3
142446,142450,142451,1,4
142446,142448,142451,3,2
142446,142450,142451,1,4
142446,142450,142452,2,4
142446,142451,142453,2,5
142446,142452,142453,1,6
142446,142450,142452,2,4
142446,142451,142453,2,5
142446,142449,142452,3,3
142446,142451,142452,1,5
142446,142451,142453,2,5
142446,142452,142453,1,6
142446,142451,142453,2,5
142446,142452,142453,1,6
142446,142452,142454,2,6
142446,142452,142454,2,6
142446,142452,142454,2,6
142446,142453,142455,2,7
142446,142453,142455,2,7
142446,142453,142455,2,7
142446,142452,142454,2,6
142446,142453,142455,2,7
142446,142453,142455,2,7
142446,142453,142455,2,7
142446,142453,142455,2,7
142446,142453,142454,1,7
142446,142452,142455,3,6
142446,142452,142455,3,6
142446,142452,142455,3,6
142446,142452,142455,3,6
142446,142452,142455,3,6
142446,142454,142456,2,8
142446,142454,142456,2,8
142446,142454,142456,2,8
142446,142455,142457,2,9
142446,142455,142457,2,9
142446,142455,142457,2,9
142446,142454,142456,2,8
142446,142454,142456,2,8
142446,142454,142456,2,8
142446,142456,142457,1,10
142446,142455,142458,3,9
142446,142455,142458,3,9
142446,142456,142458,2,10
142446,142456,142458,2,10
142446,142456,142458,2,10
142446,142455,142457,2,9
142446,142456,142458,2,10
142446,142455,142458,3,9
142446,142457,142459,2,11
142446,142457,142459,2,11
142446,142455,142459,4,9
142446,142456,142459,3,10
142446,142455,142458,3,9
142446,142457,142459,2,11
142446,142456,142459,3,10
142446,142457,142459,2,11
142446,142457,142459,2,11
142446,142457,142459,2,11
142446,142458,142460,2,12
142446,142458,142460,2,12
142446,142458,142460,2,12
142446,142457,142461,4,11
143374,143374,143424,50,0
143850,143854,145021,1167,4
148660,148660,148716,56,0
148661,148661,148717,56,0
148663,148663,148719,56,0
148659,148659,148719,60,0
148658,148659,148721,62,1
148666,148666,148720,54,0
148665,148665,148727,62,0
148669,148669,148735,66,0
148682,148682,148736,54,0
148680,148680,148736,56,0
148667,148667,148736,69,0
148673,148673,148736,63,0
148679,148679,148738,59,0
148668,148668,148738,70,0
148671,148671,148740,69,0
148675,148676,148741,65,1
148685,148685,148741,56,0
148674,148674,148745,71,0
148677,148677,148749,72,0
148687,148687,148751,64,0
148720,148720,148777,57,0
148725,148725,148780,55,0
148718,148718,148782,64,0
148723,148724,148783,59,1
148729,148729,148797,68,0
148740,148740,148799,59,0
148741,148741,148802,61,0
148742,148742,148802,60,0
148747,148747,148804,57,0
148731,148731,148806,75,0
148745,148745,148807,62,0
148736,148736,148809,73,0
148750,148751,148812,61,1
148756,148756,148817,61,0
148760,148760,148817,57,0
148759,148759,148817,58,0
148765,148765,148822,57,0
148752,148756,148823,67,4
148754,148754,148825,71,0
148762,148762,148836,74,0
148780,148780,148838,58,0
148785,148785,148843,58,0
148786,148787,148844,57,1
148783,148783,148856,73,0
148800,148800,148856,56,0
148802,148802,148859,57,0
148806,148806,148863,57,0
148809,148809,148867,58,0
148811,148811,148871,60,0
148817,148817,148873,56,0
148819,148819,148874,55,0
148815,148815,148875,60,0
148814,148814,148875,61,0
148812,148812,148877,65,0
148827,148827,148881,54,0
148824,148824,148881,57,0
148820,148820,148887,67,0
148825,148825,148887,62,0
148831,148831,148890,59,0
148848,148848,148906,58,0
148846,148846,148907,61,0
148839,148844,148908,64,5
148857,148857,148915,58,0
148840,148840,148915,75,0
148859,148859,148916,57,0
148861,148861,148916,55,0
148867,148867,148924,57,0
148870,148870,148929,59,0
148875,148875,148937,62,0
148879,148879,148938,59,0
148883,148884,148945,61,1
148891,148891,148949,58,0
148882,148882,148950,68,0
148889,148889,148951,62,0
148892,148892,148952,60,0
148895,148896,148953,57,1
148885,148885,148955,70,0
148899,148899,148960,61,0
148897,148897,148961,64,0
148909,148909,148966,57,0
148920,148920,148977,57,0
148913,148913,148978,65,0
148921,148923,148979,56,2
148915,148915,148981,66,0
148923,148923,148981,58,0
148933,148933,148990,57,0
148927,148927,148991,64,0
148941,148941,148994,53,0
148924,148924,148996,72,0
148939,148939,149005,66,0
148949,148949,149007,58,0
148957,148957,149018,61,0
148958,148958,149019,61,0
148963,148963,149019,56,0
148960,148960,149022,62,0
148965,148966,149025,59,1
148968,148968,149030,62,0
148971,148971,149032,61,0
148974,148974,149035,61,0
148972,148972,149036,64,0
148984,148984,149040,56,0
148987,148987,149041,54,0
148991,148991,149048,57,0
148994,148994,149049,55,0
148996,148996,149052,56,0
149001,149001,149055,54,0
148999,148999,149056,57,0
148988,148989,149056,67,1
149008,149008,149066,58,0
148997,148997,149070,73,0
149010,149010,149069,59,0
149022,149022,149076,54,0
149020,149020,149082,62,0
149024,149024,149084,60,0
149034,149034,149087,53,0
149030,149030,149092,62,0
149029,149029,149095,66,0
149038,149038,149100,62,0
149040,149040,149103,63,0
149032,149032,149104,72,0
149051,149051,149109,58,0
149049,149049,149109,60,0
149045,149045,149112,67,0
149059,149059,149113,54,0
149054,149054,149117,63,0
149058,149060,149123,63,2
149067,149067,149127,60,0
149072,149072,149134,62,0
149073,149073,149134,61,0
149065,149065,149137,72,0
149069,149071,149138,67,2
149079,149083,149147,64,4
149091,149091,149153,62,0
149097,149097,149153,56,0
149095,149095,149153,58,0
149104,149104,149158,54,0
149087,149087,149163,76,0
149085,149085,149163,78,0
149105,149105,149164,59,0
149107,149107,149170,63,0
149113,149113,149171,58,0
149115,149115,149174,59,0
149118,149118,149176,58,0
149120,149120,149185,65,0
149117,149117,149185,68,0
149127,149127,149190,63,0
149131,149131,149191,60,0
149139,149139,149199,60,0
149142,149142,149200,58,0
149137,149138,149205,67,1
149146,149148,149211,63,2
149160,149160,149216,56,0
149163,149163,149219,56,0
149166,149166,149219,53,0
149152,149153,149221,68,1
149157,149159,149222,63,2
149172,149172,149231,59,0
149169,149169,149231,62,0
149174,149174,149234,60,0
149178,149179,149234,55,1
149182,149182,149238,56,0
149177,149177,149245,68,0
149186,149186,149246,60,0
149185,149185,149247,62,0
149192,149192,149250,58,0
149188,149188,149254,66,0
149194,149194,149258,64,0
149213,149213,149271,58,0
149210,149210,149273,63,0
149204,149204,149276,72,0
149220,149220,149277,57,0
149223,149223,149282,59,0
149206,149206,149284,78,0
149226,149226,149288,62,0
149231,149231,149290,59,0
149228,149228,149293,65,0
149232,149232,149298,66,0
149238,149239,149300,61,1
149240,149240,149300,60,0
149234,149234,149302,68,0
149236,149236,149303,67,0
149250,149250,149308,58,0
149253,149253,149313,60,0
149258,149258,149317,59,0
149261,149261,149318,57,0
149248,149248,149321,73,0
149256,149256,149331,75,0
149276,149276,149336,60,0
149282,149282,149337,55,0
149285,149285,149340,55,0
149288,149288,149346,58,0
149283,149283,149349,66,0
149279,149279,149349,70,0
149293,149293,149355,62,0
149289,149289,149357,68,0
149295,149295,149359,64,0
149302,149302,149361,59,0
149305,149305,149366,61,0
149311,149311,149370,59,0
149307,149307,149370,63,0
149303,149303,149372,69,0
149308,149308,149377,69,0
149321,149321,149377,56,0
149328,149328,149386,58,0
149316,149316,149386,70,0
149338,149338,149398,60,0
149324,149324,149398,74,0
149343,149343,149401,58,0
149352,149352,149412,60,0
149344,149344,149413,69,0
149350,149355,149420,65,5
149359,149359,149420,61,0
149341,149343,149421,78,2
149349,149349,149423,74,0
149362,149362,149424,62,0
149360,149360,149427,67,0
149364,149366,149429,63,2
149374,149374,149433,59,0
149368,149368,149436,68,0
149379,149379,149437,58,0
149378,149378,149448,70,0
149376,149377,149449,72,1
149391,149391,149454,63,0
149381,149381,149456,75,0
149395,149395,149459,64,0
149404,149404,149470,66,0
149401,149401,149476,75,0
149405,149405,149482,77,0
149416,149416,149483,67,0
149427,149427,149483,56,0
149431,149431,149484,53,0
149415,149415,149485,70,0
149424,149424,149485,61,0
149430,149430,149489,59,0
149433,149433,149488,55,0
149425,149426,149490,64,1
149436,149436,149493,57,0
149439,149439,149496,57,0
149441,149441,149499,58,0
149437,149437,149502,65,0
149451,149451,149507,56,0
149457,149457,149518,61,0
149454,149454,149528,74,0
149458,149458,149527,69,0
149463,149464,149532,68,1
149473,149473,149532,59,0
149479,149479,149541,62,0
149492,149492,149547,55,0
149490,149490,149548,58,0
149498,149498,149555,57,0
149487,149487,149555,68,0
149507,149507,149562,55,0
149504,149504,149563,59,0
149495,149495,149564,69,0
149486,149489,149566,77,3
149510,149510,149567,57,0
149496,149497,149571,74,1
149513,149513,149572,59,0
149508,149509,149573,64,1
149502,149502,149573,71,0
149505,149505,149577,72,0
149522,149522,149588,66,0
149530,149530,149589,59,0
149532,149532,149589,57,0
149534,149534,149590,56,0
149543,149543,149597,54,0
149536,149536,149600,64,0
149549,149549,149610,61,0
149558,149558,149617,59,0
149551,149551,149618,67,0
149569,149569,149620,51,0
149566,149569,149628,59,3
149567,149567,149628,61,0
149560,149563,149631,68,3
149572,149572,149634,62,0
149580,149580,149641,61,0
149585,149585,149644,59,0
149578,149578,149646,68,0
149582,149582,149645,63,0
149577,149577,149648,71,0
149587,149587,149650,63,0
149594,149594,149650,56,0
149595,149595,149657,62,0
149600,149600,149664,64,0
149599,149599,149673,74,0
149602,149602,149672,70,0
149612,149612,149677,65,0
149619,149619,149678,59,0
149623,149623,149679,56,0
149604,149604,149689,85,0
149633,149633,149689,56,0
149625,149625,149694,69,0
149644,149644,149700,56,0
149634,149634,149704,70,0
149636,149636,149711,75,0
149656,149656,149713,57,0
149658,149658,149713,55,0
149638,149638,149714,76,0
149661,149661,149716,55,0
149649,149649,149718,69,0
149657,149657,149720,63,0
149652,149652,149722,70,0
149663,149663,149734,71,0
149668,149668,149740,72,0
149686,149687,149740,53,1
149683,149683,149745,62,0
149680,149680,149746,66,0
149685,149685,149748,63,0
149694,149694,149757,63,0
149695,149695,149758,63,0
149678,149679,149761,82,1
149701,149701,149762,61,0
149707,149707,149767,60,0
149700,149700,149773,73,0
149714,149714,149778,64,0
149718,149718,149787,69,0
149723,149723,149788,65,0
149716,149716,149791,75,0
149719,149719,149792,73,0
149724,149725,149792,67,1
149721,149721,149792,71,0
149737,149737,149795,58,0
149728,149728,149797,69,0
149742,149742,149797,55,0
149744,149745,149801,56,1
149758,149758,149815,57,0
149750,149750,149818,68,0
149764,149764,149823,59,0
149752,149752,149825,73,0
149754,149754,149830,76,0
149771,149771,149830,59,0
149761,149761,149833,72,0
149763,149763,149834,71,0
149776,149776,149841,65,0
149779,149779,149846,67,0
149798,149798,149855,57,0
149791,149791,149860,69,0
149808,149808,149864,56,0
149809,149810,149865,55,1
149805,149805,149865,60,0
149802,149802,149868,66,0
149797,149797,149876,79,0
149813,149813,149879,66,0
149794,149794,149881,87,0
149817,149817,149883,66,0
149828,149828,149885,57,0
149800,149800,149895,95,0
149837,149838,149897,59,1
149825,149825,149899,74,0
149839,149839,149906,67,0
149830,149830,149907,77,0
149841,149842,149907,65,1
149844,149844,149912,68,0
149860,149860,149915,55,0
149861,149861,149917,56,0
149848,149849,149920,71,1
149846,149846,149924,78,0
149867,149867,149925,58,0
149870,149870,149928,58,0
149874,149874,149937,63,0
149882,149882,149944,62,0
149880,149880,149947,67,0
149884,149884,149947,63,0
149876,149876,149948,72,0
149888,149889,149953,64,1
149911,149911,149966,55,0
149886,149887,149966,79,1
149899,149899,149969,70,0
149897,149897,149972,75,0
149913,149913,149973,60,0
149904,149904,149981,77,0
149920,149922,149984,62,2
149933,149933,149985,52,0
149910,149910,149986,76,0
149918,149918,149987,69,0
149927,149931,149999,68,4
149916,149916,150000,84,0
149925,149925,150001,76,0
149931,149931,150001,70,0
149948,149948,150005,57,0
149940,149940,150007,67,0
149947,149947,150012,65,0
149953,149953,150018,65,0
149956,149956,150020,64,0
149951,149951,150025,74,0
149972,149972,150029,57,0
149971,149971,150031,60,0
149976,149976,150034,58,0
149974,149974,150035,61,0
149968,149968,150041,73,0
149986,149986,150041,55,0
149988,149988,150045,57,0
149985,149985,150044,59,0
149990,149990,150051,61,0
149992,149993,150060,67,1
150004,150004,150065,61,0
150002,150002,150066,64,0
150011,150011,150069,58,0
150008,150009,150074,65,1
150012,150012,150075,63,0
150016,150016,150077,61,0
150021,150022,150079,57,1
150023,150023,150082,59,0
150014,150014,150086,72,0
150029,150029,150101,72,0
150039,150039,150102,63,0
150041,150041,150102,61,0
150031,150031,150108,77,0
150045,150050,150108,58,5
150050,150050,150109,59,0
150047,150047,150113,66,0
150053,150053,150114,61,0
150043,150043,150127,84,0
150062,150063,150131,68,1
150048,150049,150132,83,1
150072,150072,150136,64,0
150067,150067,150136,69,0
150081,150081,150138,57,0
150070,150070,150142,72,0
150078,150078,150145,67,0
150086,150087,150147,60,1
150085,150085,150146,61,0
150090,150091,150157,66,1
150106,150107,150168,61,1
150108,150108,150168,60,0
150105,150105,150170,65,0
150083,150083,150175,92,0
150119,150119,150175,56,0
150115,150115,150177,62,0
150113,150113,150185,72,0
150117,150117,150191,74,0
150138,150138,150195,57,0
150121,150125,150198,73,4
150129,150129,150201,72,0
150143,150143,150202,59,0
150146,150146,150202,56,0
150144,150144,150204,60,0
150152,150152,150204,52,0
150149,150149,150206,57,0
150141,150141,150209,68,0
150154,150154,150210,56,0
150150,150150,150211,61,0
150159,150159,150230,71,0
150172,150172,150232,60,0
150177,150177,150238,61,0
150178,150178,150241,63,0
150170,150170,150247,77,0
150182,150182,150248,66,0
150187,150187,150257,70,0
150194,150194,150260,66,0
150185,150185,150261,76,0
150201,150201,150264,63,0
150205,150206,150269,63,1
150213,150213,150272,59,0
150219,150219,150273,54,0
150199,150199,150275,76,0
150209,150209,150275,66,0
150215,150216,150287,71,1
150210,150212,150289,77,2
150203,150203,150292,89,0
150233,150233,150291,58,0
150207,150207,150299,92,0
150241,150241,150299,58,0
150222,150222,150305,83,0
150253,150253,150313,60,0
150244,150244,150315,71,0
150251,150252,150315,63,1
150235,150235,150316,81,0
150267,150267,150324,57,0
150269,150269,150328,59,0
150263,150263,150332,69,0
150273,150274,150336,62,1
150275,150275,150340,65,0
150261,150261,150343,82,0
150280,150280,150345,65,0
150277,150277,150346,69,0
150294,150294,150350,56,0
150291,150291,150357,66,0
150296,150296,150361,65,0
150299,150299,150360,61,0
150304,150304,150364,60,0
150301,150301,150371,70,0
150284,150284,150372,88,0
150319,150319,150378,59,0
150307,150308,150381,73,1
150315,150315,150383,68,0
150327,150327,150389,62,0
150325,150325,150391,66,0
150332,150332,150391,59,0
150323,150323,150395,72,0
150334,150334,150397,63,0
150346,150346,150404,58,0
150347,150347,150406,59,0
150344,150344,150408,64,0
150349,150349,150408,59,0
150340,150340,150409,69,0
150352,150352,150412,60,0
150367,150367,150427,60,0
150364,150364,150428,64,0
150373,150373,150434,61,0
150361,150361,150440,79,0
150369,150369,150441,72,0
150382,150382,150444,62,0
150375,150375,150444,69,0
150396,150396,150453,57,0
150385,150386,150456,70,1
150389,150390,150462,72,1
150407,150408,150465,57,1
150399,150399,150470,71,0
150413,150413,150472,59,0
150410,150410,150473,63,0
150411,150412,150475,63,1
150415,150415,150474,59,0
150405,150406,150476,70,1
150418,150418,150480,62,0
150421,150421,150481,60,0
150432,150432,150489,57,0
150423,150423,150490,67,0
150430,150430,150494,64,0
150448,150449,150500,51,1
150445,150445,150502,57,0
150436,150436,150512,76,0
150458,150458,150517,59,0
150468,150468,150525,57,0
150466,150466,150525,59,0
150475,150475,150528,53,0
150472,150472,150533,61,0
150442,150442,150536,94,0
150461,150461,150537,76,0
150477,150477,150537,60,0
150447,150447,150539,92,0
150487,150487,150546,59,0
150485,150485,150546,61,0
150491,150491,150547,56,0
150496,150497,150549,52,1
150482,150482,150550,68,0
150479,150479,150556,77,0
150492,150496,150559,63,4
150507,150507,150568,61,0
150483,150483,150569,86,0
150514,150514,150570,56,0
150502,150502,150575,73,0
150519,150521,150582,61,2
150527,150527,150587,60,0
150532,150532,150594,62,0
150537,150537,150593,56,0
150529,150529,150599,70,0
150539,150539,150599,60,0
150545,150545,150601,56,0
150541,150542,150608,66,1
150551,150551,150612,61,0
150554,150554,150617,63,0
150556,150556,150628,72,0
150573,150573,150630,57,0
150559,150559,150631,72,0
150568,150568,150632,64,0
150578,150578,150637,59,0
150570,150570,150638,68,0
150564,150564,150640,76,0
150571,150571,150640,69,0
150562,150562,150645,83,0
150587,150587,150646,59,0
150590,150590,150651,61,0
150599,150599,150653,54,0
150575,150575,150653,78,0
150597,150597,150654,57,0
150611,150611,150667,56,0
150605,150605,150669,64,0
150615,150615,150670,55,0
150603,150603,150674,71,0
150602,150602,150677,75,0
150618,150619,150683,64,1
150635,150635,150691,56,0
150640,150640,150694,54,0
150633,150633,150696,63,0
150631,150631,150697,66,0
150645,150645,150700,55,0
150638,150638,150701,63,0
150642,150642,150705,63,0
150649,150649,150708,59,0
150643,150643,150709,66,0
150650,150650,150717,67,0
150659,150659,150719,60,0
150663,150663,150719,56,0
150654,150654,150722,68,0
150662,150662,150726,64,0
150673,150673,150732,59,0
150670,150670,150733,63,0
150674,150674,150733,59,0
150678,150678,150753,75,0
150703,150703,150755,52,0
150681,150681,150754,73,0
150694,150694,150767,73,0
150712,150712,150767,55,0
150696,150696,150771,75,0
150705,150705,150771,66,0
150701,150701,150771,70,0
150707,150707,150776,69,0
150686,150686,150777,91,0
150724,150724,150781,57,0
150721,150722,150783,61,1
150735,150735,150789,54,0
150730,150730,150791,61,0
150740,150740,150796,56,0
150742,150742,150806,64,0
150755,150755,150808,53,0
150710,150710,150819,109,0
150714,150714,150820,106,0
150719,150719,150821,102,0
150760,150760,150822,62,0
150722,150722,150827,105,0
150759,150759,150830,71,0
150771,150771,150829,58,0
150773,150773,150833,60,0
150780,150780,150836,56,0
150769,150770,150841,71,1
150776,150776,150842,66,0
150779,150779,150843,64,0
150786,150786,150844,58,0
150784,150784,150845,61,0
150791,150791,150847,56,0
150794,150794,150851,57,0
150782,150782,150856,74,0
150800,150800,150857,57,0
150809,150809,150866,57,0
150812,150812,150872,60,0
150828,150828,150880,52,0
150823,150823,150882,59,0
150824,150824,150885,61,0
150826,150826,150888,62,0
150830,150830,150888,58,0
150836,150836,150892,56,0
150839,150839,150892,53,0
150834,150834,150895,61,0
150845,150845,150901,56,0
150854,150854,150909,55,0
150852,150852,150910,58,0
150859,150859,150915,56,0
150861,150861,150916,55,0
150837,150837,150917,80,0
150855,150855,150923,68,0
150862,150866,150926,60,4
150857,150857,150932,75,0
150843,150843,150936,93,0
150871,150871,150943,72,0
150877,150877,150947,70,0
150888,150888,150949,61,0
150889,150889,150953,64,0
150894,150895,150955,60,1
150893,150893,150956,63,0
150900,150900,150960,60,0
150898,150898,150966,68,0
150903,150903,150967,64,0
150891,150891,150970,79,0
150896,150896,150972,76,0
150919,150919,150975,56,0
150914,150914,150981,67,0
150917,150917,150984,67,0
150912,150912,150987,75,0
150934,150934,150992,58,0
150932,150932,150996,64,0
150925,150928,151007,79,3
150940,150940,151009,69,0
150921,150921,151009,88,0
150945,150945,151012,67,0
150952,150952,151014,62,0
150950,150950,151023,73,0
150962,150962,151025,63,0
150971,150972,151033,61,1
150978,150978,151034,56,0
150976,150976,151039,63,0
150974,150974,151044,70,0
150987,150987,151045,58,0
150994,150994,151048,54,0
150993,150993,151053,60,0
150984,150984,151056,72,0
150960,150960,151060,100,0
150955,150955,151064,109,0
151009,151009,151065,56,0
150973,150973,151066,93,0
150967,150968,151069,101,1
151012,151013,151070,57,1
151011,151011,151078,67,0
151014,151014,151080,66,0
151001,151001,151083,82,0
151027,151028,151092,64,1
151026,151026,151092,66,0
151037,151037,151103,66,0
151039,151040,151103,63,1
151017,151021,151106,85,4
151050,151051,151113,62,1
151061,151061,151118,57,0
151058,151058,151118,60,0
151047,151047,151124,77,0
151041,151041,151126,85,0
151067,151068,151128,60,1
151066,151066,151128,62,0
151071,151071,151131,60,0
151073,151073,151132,59,0
151046,151046,151132,86,0
151082,151082,151141,59,0
151069,151069,151144,75,0
151076,151076,151148,72,0
151096,151096,151159,63,0
151085,151086,151159,73,1
151098,151098,151164,66,0
151081,151081,151165,84,0
151107,151107,151171,64,0
151114,151114,151171,57,0
151105,151106,151176,70,1
151120,151120,151176,56,0
151115,151118,151177,59,3
151122,151122,151180,58,0
151130,151130,151188,58,0
151128,151128,151190,62,0
151135,151135,151194,59,0
151127,151127,151197,70,0
151137,151137,151197,60,0
151139,151139,151198,59,0
151147,151147,151204,57,0
151132,151132,151209,77,0
151144,151144,151213,69,0
151152,151152,151223,71,0
151165,151165,151233,68,0
151167,151167,151237,70,0
151176,151176,151237,61,0
151170,151170,151238,68,0
151180,151180,151240,60,0
151163,151163,151242,79,0
151178,151178,151244,66,0
151188,151189,151247,58,1
151190,151190,151251,61,0
151185,151185,151254,69,0
151187,151187,151261,74,0
151199,151200,151261,61,1
151196,151196,151269,73,0
151192,151192,151271,79,0
151202,151202,151273,71,0
151207,151207,151276,69,0
151204,151204,151288,84,0
151212,151212,151292,80,0
151242,151242,151298,56,0
151236,151236,151300,64,0
151243,151243,151304,61,0
151254,151254,151308,54,0
151246,151246,151307,61,0
151248,151248,151308,60,0
151216,151218,151313,95,2
151251,151251,151315,64,0
151261,151261,151316,55,0
151226,151230,151324,94,4
151257,151257,151328,71,0
151245,151245,151331,86,0
151273,151273,151333,60,0
151267,151267,151334,67,0
151275,151275,151334,59,0
151289,151289,151346,57,0
151264,151264,151352,88,0
151272,151272,151354,82,0
151302,151302,151357,55,0
151300,151300,151359,59,0
151294,151294,151365,71,0
151310,151310,151366,56,0
151279,151279,151369,90,0
151313,151314,151373,59,1
151308,151309,151374,65,1
151319,151319,151382,63,0
151317,151317,151384,67,0
151333,151333,151387,54,0
151312,151316,151389,73,4
151338,151338,151391,53,0
151336,151336,151393,57,0
151331,151331,151395,64,0
151335,151335,151401,66,0
151340,151340,151405,65,0
151323,151323,151406,83,0
151349,151354,151418,64,5
151356,151356,151426,70,0
151357,151357,151428,71,0
151372,151372,151429,57,0
151369,151369,151429,60,0
151362,151362,151431,69,0
151377,151377,151435,58,0
151363,151363,151438,75,0
151375,151375,151440,65,0
151385,151386,151444,58,1
151384,151384,151450,66,0
151367,151370,151451,81,3
151399,151399,151453,54,0
151396,151396,151460,64,0
151407,151407,151464,57,0
151393,151393,151466,73,0
151409,151409,151478,69,0
151397,151398,151479,81,1
151420,151420,151482,62,0
151404,151407,151483,76,3
151406,151406,151486,80,0
151429,151429,151489,60,0
151432,151432,151495,63,0
151430,151431,151496,65,1
151434,151434,151503,69,0
151444,151444,151509,65,0
151441,151441,151509,68,0
151448,151448,151510,62,0
151440,151440,151512,72,0
151456,151456,151513,57,0
151450,151450,151517,67,0
151463,151463,151521,58,0
151460,151460,151522,62,0
151454,151454,151526,72,0
151469,151470,151536,66,1
151481,151481,151539,58,0
151484,151484,151542,58,0
151482,151482,151544,62,0
151468,151470,151550,80,2
151494,151494,151551,57,0
151489,151489,151555,66,0
151486,151486,151563,77,0
151499,151504,151564,60,5
151505,151505,151565,60,0
151497,151497,151568,71,0
151515,151516,151570,54,1
151527,151527,151582,55,0
151514,151514,151583,69,0
151529,151529,151583,54,0
151530,151530,151591,61,0
151512,151512,151591,79,0
151517,151520,151598,78,3
151538,151538,151600,62,0
151543,151543,151601,58,0
151532,151532,151601,69,0
151545,151545,151603,58,0
151524,151524,151611,87,0
151548,151548,151614,66,0
151553,151553,151624,71,0
151555,151555,151625,70,0
151570,151571,151625,54,1
151567,151567,151628,61,0
151558,151558,151635,77,0
151573,151573,151639,66,0
151586,151586,151640,54,0
151587,151587,151646,59,0
151569,151569,151652,83,0
151596,151596,151653,57,0
151564,151564,151654,90,0
151584,151584,151657,73,0
151603,151603,151659,56,0
151606,151607,151666,59,1
151595,151595,151667,72,0
151600,151600,151671,71,0
151601,151601,151673,72,0
151617,151617,151676,59,0
151616,151616,151681,65,0
151605,151605,151684,79,0
151627,151627,151698,71,0
151644,151644,151698,54,0
151625,151625,151701,76,0
151630,151630,151704,74,0
151637,151637,151708,71,0
151632,151632,151710,78,0
151656,151656,151714,58,0
151642,151642,151720,78,0
151661,151661,151720,59,0
151648,151648,151721,73,0
151662,151662,151724,62,0
151669,151669,151727,58,0
151675,151675,151731,56,0
151671,151671,151731,60,0
151677,151677,151735,58,0
151654,151654,151736,82,0
151672,151672,151737,65,0
151659,151659,151747,88,0
151686,151687,151754,67,1
151683,151684,151760,76,1
151702,151703,151763,60,1
151708,151708,151767,59,0
151706,151706,151769,63,0
151717,151717,151776,59,0
151713,151713,151778,65,0
151724,151724,151779,55,0
151704,151704,151780,76,0
151726,151726,151781,55,0
151711,151714,151782,68,3
151731,151731,151787,56,0
151732,151732,151793,61,0
151728,151728,151796,68,0
151734,151734,151798,64,0
151742,151742,151803,61,0
151743,151743,151809,66,0
151749,151749,151812,63,0
151740,151740,151818,78,0
151746,151748,151818,70,2
151765,151765,151823,58,0
151759,151759,151823,64,0
151763,151763,151829,66,0
151772,151772,151833,61,0
151775,151775,151837,62,0
151778,151778,151841,63,0
151780,151780,151845,65,0
151787,151788,151850,62,1
151791,151791,151850,59,0
151785,151785,151854,69,0
151789,151789,151854,65,0
151782,151782,151859,77,0
151803,151803,151864,61,0
151813,151813,151869,56,0
151809,151809,151871,62,0
151823,151823,151880,57,0
151825,151825,151882,57,0
151816,151816,151883,67,0
151828,151828,151884,56,0
151832,151832,151891,59,0
151795,151795,151895,100,0
151798,151798,151896,98,0
151827,151827,151899,72,0
151835,151835,151910,75,0
151854,151854,151910,56,0
151841,151841,151913,72,0
151844,151844,151914,70,0
151851,151851,151913,62,0
151853,151853,151917,64,0
151858,151858,151919,61,0
151866,151867,151926,59,1
151863,151864,151929,65,1
151874,151874,151935,61,0
151873,151873,151937,64,0
151881,151881,151941,60,0
151856,151856,151948,92,0
151886,151886,151951,65,0
151884,151884,151952,68,0
151901,151901,151955,54,0
151888,151888,151958,70,0
151899,151899,151960,61,0
151903,151903,151962,59,0
151898,151898,151968,70,0
151912,151912,151976,64,0
151914,151914,151978,64,0
151921,151921,151980,59,0
151918,151918,151981,63,0
151926,151926,151985,59,0
151924,151924,151994,70,0
151932,151932,152000,68,0
151945,151945,152002,57,0
151923,151925,152003,78,2
151943,151944,152004,60,1
151956,151956,152020,64,0
151929,151929,152019,90,0
151951,151956,152021,65,5
151960,151960,152022,62,0
151947,151947,152022,75,0
151954,151954,152024,70,0
151958,151958,152028,70,0
151963,151965,152034,69,2
151974,151974,152034,60,0
151965,151965,152036,71,0
151980,151980,152036,56,0
151981,151981,152041,60,0
151983,151983,152042,59,0
151985,151985,152045,60,0
151986,151986,152045,59,0
151996,151996,152051,55,0
152002,152002,152056,54,0
152004,152004,152060,56,0
152006,152006,152068,62,0
152009,152014,152075,61,5
152023,152023,152085,62,0
152028,152028,152087,59,0
152021,152022,152087,65,1
152034,152034,152096,62,0
152026,152026,152098,72,0
152031,152031,152102,71,0
152037,152037,152102,65,0
152044,152045,152105,60,1
152035,152035,152107,72,0
152053,152053,152117,64,0
152042,152042,152118,76,0
152051,152051,152120,69,0
152055,152055,152119,64,0
152062,152062,152125,63,0
152058,152058,152126,68,0
152060,152063,152135,72,3
152065,152065,152144,79,0
152093,152093,152148,55,0
152092,152092,152152,60,0
152080,152080,152153,73,0
152071,152072,152155,83,1
152070,152074,152162,88,4
152107,152107,152163,56,0
152099,152099,152166,67,0
152089,152089,152166,77,0
152112,152113,152173,60,1
152111,152111,152174,63,0
152109,152109,152179,70,0
152126,152126,152183,57,0
152123,152125,152185,60,2
152130,152130,152187,57,0
152125,152125,152188,63,0
152101,152101,152189,88,0
152120,152120,152193,73,0
152137,152138,152194,56,1
152128,152128,152207,79,0
152145,152146,152208,62,1
152155,152155,152212,57,0
152152,152152,152212,60,0
152161,152161,152219,58,0
152166,152166,152224,58,0
152159,152159,152226,67,0
152172,152172,152226,54,0
152169,152169,152226,57,0
152175,152175,152230,55,0
152176,152176,152232,56,0
152164,152164,152234,70,0
152184,152184,152242,58,0
152188,152188,152243,55,0
152189,152189,152249,60,0
152195,152195,152253,58,0
152193,152193,152255,62,0
152199,152199,152256,57,0
152200,152200,152259,59,0
152197,152197,152264,67,0
152212,152212,152267,55,0
152214,152217,152276,59,3
152209,152209,152279,70,0
152221,152221,152281,60,0
152217,152217,152290,73,0
152237,152240,152294,54,3
152232,152232,152295,63,0
152245,152245,152297,52,0
152227,152227,152301,74,0
152241,152243,152302,59,2
152234,152234,152304,70,0
152247,152249,152307,58,2
152239,152239,152309,70,0
152235,152238,152312,74,3
152251,152251,152312,61,0
152261,152261,152319,58,0
152263,152263,152323,60,0
152267,152267,152325,58,0
152257,152257,152326,69,0
152269,152269,152328,59,0
152270,152270,152338,68,0
152283,152283,152343,60,0
152295,152295,152353,58,0
152297,152297,152355,58,0
152300,152300,152363,63,0
152309,152309,152363,54,0
152282,152282,152364,82,0
152305,152305,152371,66,0
152307,152307,152374,67,0
152312,152312,152377,65,0
152310,152310,152379,69,0
152279,152279,152381,102,0
152317,152317,152382,65,0
152315,152315,152384,69,0
152322,152322,152386,64,0
152329,152329,152388,59,0
152330,152330,152389,59,0
152344,152344,152400,56,0
152320,152320,152407,87,0
152327,152328,152410,82,1
152355,152355,152411,56,0
152325,152325,152413,88,0
152345,152345,152414,69,0
152358,152358,152414,56,0
152369,152369,152433,64,0
152372,152372,152436,64,0
152378,152378,152438,60,0
152387,152388,152440,52,1
152366,152370,152441,71,4
152383,152383,152443,60,0
152374,152375,152447,72,1
152386,152386,152451,65,0
152381,152381,152456,75,0
152396,152396,152458,62,0
152391,152391,152458,67,0
152392,152392,152460,68,0
152397,152397,152461,64,0
152403,152403,152464,61,0
152418,152418,152478,60,0
152426,152426,152482,56,0
152423,152423,152486,63,0
152409,152411,152495,84,2
152421,152421,152495,74,0
152416,152416,152498,82,0
152450,152451,152508,57,1
152444,152444,152510,66,0
152453,152453,152512,59,0
152438,152438,152512,74,0
152439,152440,152516,76,1
152460,152460,152516,56,0
152462,152462,152518,56,0
152465,152465,152520,55,0
152463,152463,152520,57,0
152471,152471,152526,55,0
152468,152468,152529,61,0
152452,152454,152534,80,2
152483,152483,152545,62,0
152457,152457,152548,91,0
152447,152447,152549,102,0
152484,152487,152550,63,3
152502,152502,152558,56,0
152501,152501,152561,60,0
152499,152499,152562,63,0
152489,152493,152569,76,4
152515,152515,152577,62,0
152509,152509,152581,72,0
152524,152524,152585,61,0
152530,152530,152587,57,0
152520,152520,152590,70,0
152532,152532,152592,60,0
152516,152516,152593,77,0
152535,152537,152596,59,2
152528,152528,152605,77,0
152539,152542,152615,73,3
152543,152543,152620,77,0
152570,152570,152634,64,0
152550,152550,152637,87,0
152573,152573,152639,66,0
152580,152581,152641,60,1
152575,152575,152644,69,0
152582,152582,152644,62,0
152547,152547,152647,100,0
152554,152558,152648,90,4
152560,152560,152648,88,0
152587,152587,152649,62,0
152590,152590,152650,60,0
152564,152564,152653,89,0
152567,152569,152654,85,2
152599,152599,152657,58,0
152601,152601,152661,60,0
152604,152604,152664,60,0
152602,152602,152669,67,0
152617,152617,152673,56,0
152609,152609,152692,83,0
152625,152625,152701,76,0
152655,152656,152708,52,1
152637,152643,152709,66,6
152646,152646,152710,64,0
152649,152650,152715,65,1
152659,152659,152719,60,0
152642,152643,152724,81,1
152660,152660,152725,65,0
152652,152652,152727,75,0
152648,152648,152728,80,0
152654,152654,152729,75,0
152678,152678,152735,57,0
152662,152662,152739,77,0
152677,152677,152738,61,0
152680,152680,152746,66,0
152683,152683,152749,66,0
152696,152696,152759,63,0
152708,152708,152772,64,0
152674,152674,152772,98,0
152711,152711,152778,67,0
152666,152666,152778,112,0
152714,152718,152779,61,4
152718,152718,152780,62,0
152672,152673,152783,110,1
152722,152722,152789,67,0
152733,152733,152790,57,0
152730,152730,152790,60,0
152736,152736,152794,58,0
152734,152734,152801,67,0
152743,152743,152803,60,0
152741,152741,152806,65,0
152725,152726,152809,83,1
152746,152746,152811,65,0
152755,152755,152815,60,0
152750,152750,152823,73,0
152751,152751,152825,74,0
152780,152780,152838,58,0
152782,152782,152839,57,0
152778,152778,152841,63,0
152783,152784,152844,60,1
152761,152761,152847,86,0
152798,152798,152853,55,0
152793,152793,152855,62,0
152796,152799,152859,60,3
152787,152787,152861,74,0
152789,152789,152867,78,0
152810,152810,152868,58,0
152814,152815,152870,55,1
152803,152804,152872,68,1
152801,152801,152877,76,0
152808,152808,152877,69,0
152805,152805,152878,73,0
152818,152818,152880,62,0
152816,152816,152880,64,0
152829,152829,152883,54,0
152825,152825,152882,57,0
152843,152843,152902,59,0
152845,152845,152904,59,0
152847,152847,152915,68,0
152852,152852,152916,64,0
152855,152855,152919,64,0
152859,152859,152919,60,0
152857,152857,152923,66,0
152869,152869,152929,60,0
152874,152874,152935,61,0
152865,152865,152937,72,0
152861,152866,152938,72,5
152886,152888,152944,56,2
152889,152889,152948,59,0
152880,152880,152948,68,0
152875,152875,152952,77,0
152894,152894,152953,59,0
152882,152882,152967,85,0
152906,152906,152970,64,0
152910,152911,152971,60,1
152884,152884,152983,99,0
152920,152920,152983,63,0
152932,152932,152986,54,0
152891,152894,152985,91,3
152926,152926,152990,64,0
152896,152896,152995,99,0
152940,152940,152997,57,0
152944,152944,152999,55,0
152924,152924,153004,80,0
152928,152928,153007,79,0
152950,152950,153011,61,0
152956,152956,153016,60,0
152962,152963,153023,60,1
152948,152948,153027,79,0
152966,152966,153030,64,0
152935,152939,153030,91,4
152972,152972,153031,59,0
152970,152970,153034,64,0
152954,152955,153038,83,1
152974,152974,153039,65,0
152987,152987,153048,61,0
152990,152990,153049,59,0
152997,152997,153051,54,0
153000,153000,153059,59,0
153008,153009,153064,55,1
152995,152995,153067,72,0
153016,153016,153075,59,0
153003,153003,153076,73,0
153012,153012,153077,65,0
153021,153021,153077,56,0
153005,153005,153084,79,0
153026,153026,153085,59,0
153023,153023,153090,67,0
153034,153035,153092,57,1
153038,153038,153100,62,0
153044,153044,153107,63,0
153041,153041,153109,68,0
153042,153042,153118,76,0
153058,153058,153127,69,0
153050,153050,153132,82,0
153055,153055,153136,81,0
153073,153073,153137,64,0
153051,153052,153136,84,1
153083,153083,153139,56,0
153063,153063,153140,77,0
153047,153052,153141,89,5
153087,153088,153147,59,1
153091,153091,153151,60,0
153078,153079,153154,75,1
153099,153099,153157,58,0
153096,153096,153161,65,0
153094,153094,153161,67,0
153072,153072,153164,92,0
153107,153108,153164,56,1
153111,153111,153174,63,0
153104,153104,153176,72,0
153122,153123,153188,65,1
153109,153110,153193,83,1
153142,153142,153199,57,0
153137,153137,153201,64,0
153129,153129,153202,73,0
153143,153143,153204,61,0
153151,153151,153211,60,0
153153,153154,153212,58,1
153147,153147,153218,71,0
153165,153165,153220,55,0
153158,153159,153221,62,1
153149,153149,153224,75,0
153168,153168,153227,59,0
153163,153164,153228,64,1
153178,153178,153236,58,0
153171,153171,153237,66,0
153176,153176,153236,60,0
153162,153162,153241,79,0
153157,153157,153243,86,0
153181,153181,153245,64,0
153192,153192,153262,70,0
153206,153206,153268,62,0
153210,153210,153271,61,0
153196,153196,153272,76,0
153216,153216,153278,62,0
153213,153217,153281,64,4
153225,153225,153286,61,0
153223,153223,153287,64,0
153227,153227,153288,61,0
153220,153220,153290,70,0
153203,153204,153290,86,1
153228,153229,153295,66,1
153231,153231,153296,65,0
153233,153233,153297,64,0
153250,153250,153311,61,0
153256,153256,153318,62,0
153241,153241,153319,78,0
153244,153248,153325,77,4
153263,153267,153326,59,4
153277,153277,153339,62,0
153245,153248,153339,91,3
153251,153251,153342,91,0
153273,153273,153342,69,0
153289,153289,153344,55,0
153290,153291,153348,57,1
153295,153295,153354,59,0
153280,153280,153358,78,0
153303,153303,153360,57,0
153285,153285,153361,76,0
153301,153301,153363,62,0
153298,153298,153368,70,0
153310,153310,153373,63,0
153283,153283,153375,92,0
153306,153306,153385,79,0
153331,153331,153387,56,0
153329,153329,153393,64,0
153325,153325,153394,69,0
153348,153348,153404,56,0
153350,153350,153411,61,0
153323,153324,153413,89,1
153354,153354,153413,59,0
153341,153341,153415,74,0
153314,153315,153416,101,1
153344,153344,153421,77,0
153362,153362,153423,61,0
153370,153370,153434,64,0
153375,153375,153438,63,0
153366,153366,153439,73,0
153364,153364,153443,79,0
153380,153380,153444,64,0
153359,153359,153445,86,0
153394,153394,153449,55,0
153372,153372,153449,77,0
153377,153377,153458,81,0
153405,153405,153460,55,0
153406,153407,153464,57,1
153390,153393,153467,74,3
153415,153415,153479,64,0
153398,153398,153483,85,0
153421,153421,153492,71,0
153424,153424,153494,70,0
153426,153426,153495,69,0
153418,153418,153496,78,0
153429,153429,153497,68,0
153433,153433,153499,66,0
153451,153451,153512,61,0
153437,153437,153514,77,0
153443,153443,153514,71,0
153461,153461,153521,60,0
153456,153456,153523,67,0
153466,153467,153527,60,1
153469,153471,153529,58,2
153448,153448,153538,90,0
153473,153473,153539,66,0
153463,153463,153543,80,0
153454,153454,153552,98,0
153459,153459,153556,97,0
153485,153485,153557,72,0
153496,153496,153559,63,0
153497,153497,153560,63,0
153488,153489,153561,72,1
153501,153501,153563,62,0
153505,153505,153563,58,0
153504,153504,153565,61,0
153515,153515,153574,59,0
153507,153507,153578,71,0
153522,153522,153585,63,0
153524,153524,153588,64,0
153526,153526,153592,66,0
153533,153533,153594,61,0
153530,153530,153596,66,0
153520,153520,153598,78,0
153544,153544,153603,59,0
153550,153550,153619,69,0
153563,153563,153620,57,0
153560,153560,153624,64,0
153546,153546,153625,79,0
153573,153574,153627,53,1
153567,153567,153639,72,0
153582,153582,153642,60,0
153572,153572,153644,72,0
153569,153569,153644,75,0
153577,153577,153646,69,0
153579,153579,153647,68,0
153589,153589,153652,63,0
153585,153585,153655,70,0
153595,153595,153657,62,0
153598,153598,153659,61,0
153600,153600,153660,60,0
153610,153610,153665,55,0
153602,153602,153669,67,0
153607,153607,153680,73,0
153613,153613,153681,68,0
153630,153630,153688,58,0
153624,153624,153690,66,0
153633,153633,153694,61,0
153635,153635,153696,61,0
153638,153638,153702,64,0
153654,153654,153709,55,0
153661,153661,153716,55,0
153650,153650,153717,67,0
153658,153658,153722,64,0
153642,153644,153722,78,2
153666,153666,153725,59,0
153671,153671,153727,56,0
153646,153646,153727,81,0
153672,153673,153730,57,1
153662,153662,153731,69,0
153676,153676,153735,59,0
153680,153680,153737,57,0
153669,153669,153738,69,0
153692,153692,153745,53,0
153689,153689,153751,62,0
153685,153685,153768,83,0
167306,167306,167360,54,0
170036,170039,170737,698,3
170741,170743,171362,619,2
171366,171368,171410,42,2
171416,171419,171762,343,3
171760,171763,171777,14,3
171796,171798,172444,646,2
172448,172450,172932,482,2
173013,173016,173711,695,3
173715,173717,174333,616,2
174336,174340,174382,42,4
174381,174383,174384,1,2
174389,174392,174748,356,3
174747,174749,174763,14,2
174781,174785,175435,650,4
175439,175441,176063,622,2
176067,176069,176117,48,2
176127,176129,176485,356,2
176484,176487,176500,13,3
176794,176796,177491,695,2
177494,177498,178114,616,4
178119,178121,178163,42,2
178170,178173,178717,544,3
178716,178719,178727,8,3
178760,178763,179413,650,3
179416,179418,180042,624,2
180046,180049,180098,49,3
180104,180108,180633,525,4
180631,180634,180642,8,3
184907,184909,184955,46,2
184959,184961,185004,43,2
185008,185010,185049,39,2
185072,185074,185117,43,2
185121,185123,185166,43,2
185169,185171,185213,42,2
185216,185218,185258,40,2
185266,185268,185660,392,2
185659,185661,185669,8,2
185703,185705,185754,49,2
185756,185758,185801,43,2
185805,185807,185847,40,2
185851,185854,185897,43,3
185903,185906,186326,420,3
186325,186327,186341,14,2
186369,186371,186419,48,2
186422,186425,186474,49,3
186477,186481,186521,40,4
186525,186527,186570,43,2
186568,186571,186572,1,3
186576,186579,187022,443,3
187020,187023,187031,8,3
187064,187067,187114,47,3
187119,187121,187164,43,2
187168,187170,187212,42,2
187216,187219,187260,41,3
187267,187269,187323,54,2
187329,187331,187374,43,2
187378,187380,187423,43,2
187426,187429,187470,41,3
187474,187476,187516,40,2
187523,187525,188049,524,2
188048,188051,188066,15,3
188096,188098,188147,49,2
188151,188154,188196,42,3
188200,188202,188244,42,2
188248,188250,188291,41,2
188298,188300,188830,530,2
188828,188831,188840,9,3
188875,188877,188918,41,2
188922,188924,188973,49,2
188976,188979,189029,50,3
189033,189036,189078,42,3
189084,189087,189709,622,3
189708,189711,189715,4,3
189753,189755,189799,44,2
189804,189806,189849,43,2
189853,189855,189896,41,2
189899,189902,189943,41,3
189951,189953,190453,500,2
190452,190454,190469,15,2
190541,190544,190640,96,3
190643,190646,190709,63,3
190712,190715,190717,2,3
190736,190739,190832,93,3
190839,190841,190853,12,2
190864,190866,190934,68,2
190977,190979,191074,95,2
191078,191081,191146,65,3
191150,191153,191200,47,3
191204,191206,191267,61,2
191276,191280,195348,4068,4
195346,195349,195360,11,3
195704,195708,195827,119,4
195831,195834,195886,52,3
210348,210348,210398,50,0
211287,211288,211336,48,1
211284,211284,211336,52,0
211337,211337,211338,1,0
211337,211337,211338,1,0
211337,211338,211339,1,1
211337,211337,211339,2,0
211337,211337,211339,2,0
211337,211338,211339,1,1
211337,211338,211339,1,1
211337,211338,211339,1,1
211337,211338,211339,1,1
211337,211338,211339,1,1
211337,211338,211339,1,1
211337,211338,211340,2,1
211337,211337,211340,3,0
211337,211338,211339,1,1
211337,211338,211339,1,1
211337,211338,211339,1,1
211337,211337,211340,3,0
211337,211338,211340,2,1
211337,211338,211339,1,1
211337,211338,211339,1,1
211337,211338,211339,1,1
211337,211338,211340,2,1
211337,211338,211339,1,1
211337,211338,211339,1,1
211337,211338,211340,2,1
211337,211338,211340,2,1
211337,211338,211340,2,1
211337,211338,211339,1,1
211337,211338,211340,2,1
211337,211338,211340,2,1
211337,211337,211339,2,0
211337,211338,211340,2,1
211337,211338,211339,1,1
211337,211338,211339,1,1
211337,211338,211340,2,1
211337,211338,211339,1,1
211337,211338,211339,1,1
211337,211338,211340,2,1
211337,211338,211340,2,1
211337,211338,211340,2,1
211337,211338,211339,1,1
211337,211338,211340,2,1
211337,211338,211340,2,1
211337,211338,211339,1,1
211337,211338,211339,1,1
211337,211338,211340,2,1
211337,211338,211340,2,1
211337,211338,211340,2,1
211337,211338,211340,2,1
211337,211338,211340,2,1
211337,211338,211340,2,1
211337,211338,211340,2,1
211337,211339,211340,1,2
211337,211338,211340,2,1
211337,211339,211340,1,2
211337,211338,211340,2,1
211337,211338,211340,2,1
211337,211337,211340,3,0
211337,211338,211340,2,1
211337,211338,211340,2,1
211337,211338,211340,2,1
211337,211339,211340,1,2
211337,211338,211340,2,1
211337,211338,211340,2,1
211337,211339,211340,1,2
211286,211286,211341,55,0
211337,211340,211341,1,3
211290,211290,211341,51,0
211293,211293,211343,50,0
211283,211283,211343,60,0
211291,211291,211346,55,0
211288,211289,211348,59,1
211297,211297,211353,56,0
211295,211295,211354,59,0
211303,211303,211356,53,0
211300,211300,211358,58,0
211359,211359,211360,1,0
211359,211359,211360,1,0
211359,211359,211360,1,0
211359,211359,211360,1,0
211359,211359,211360,1,0
211359,211359,211360,1,0
211359,211359,211360,1,0
211359,211359,211361,2,0
211359,211359,211361,2,0
211359,211359,211361,2,0
211359,211359,211360,1,0
211359,211359,211361,2,0
211359,211359,211361,2,0
211359,211359,211361,2,0
211359,211359,211361,2,0
211359,211359,211361,2,0
211359,211359,211361,2,0
211359,211359,211361,2,0
211359,211359,211361,2,0
211359,211359,211360,1,0
211359,211359,211361,2,0
211359,211359,211361,2,0
211359,211359,211361,2,0
211359,211359,211361,2,0
211359,211359,211361,2,0
211359,211359,211361,2,0
211359,211359,211361,2,0
211359,211359,211361,2,0
211359,211359,211361,2,0
211359,211359,211361,2,0
211359,211359,211361,2,0
211359,211359,211361,2,0
211359,211359,211361,2,0
211359,211359,211361,2,0
211299,211299,211361,62,0
211359,211359,211361,2,0
211359,211359,211361,2,0
211359,211359,211361,2,0
211359,211359,211361,2,0
211359,211359,211361,2,0
211359,211359,211361,2,0
211359,211359,211360,1,0
211359,211359,211361,2,0
211359,211359,211361,2,0
211359,211359,211361,2,0
211359,211359,211360,1,0
211359,211359,211361,2,0
211359,211359,211361,2,0
211359,211359,211361,2,0
211359,211359,211361,2,0
211359,211359,211361,2,0
211359,211359,211361,2,0
211359,211359,211361,2,0
211359,211359,211361,2,0
211359,211359,211361,2,0
211359,211359,211361,2,0
211359,211359,211361,2,0
211359,211359,211361,2,0
211359,211359,211361,2,0
211359,211359,211361,2,0
211359,211359,211362,3,0
211359,211359,211361,2,0
211359,211359,211361,2,0
211359,211359,211361,2,0
211359,211360,211362,2,1
211359,211359,211362,3,0
211359,211360,211362,2,1
211359,211360,211362,2,1
211359,211360,211362,2,1
211359,211359,211362,3,0
211359,211360,211362,2,1
211359,211359,211362,3,0
211359,211360,211362,2,1
211359,211359,211362,3,0
211359,211360,211362,2,1
211359,211362,211363,1,3
211359,211359,211362,3,0
211359,211359,211362,3,0
211359,211360,211362,2,1
211359,211362,211363,1,3
211359,211361,211363,2,2
211359,211361,211363,2,2
211359,211361,211363,2,2
211310,211310,211362,52,0
211359,211361,211363,2,2
211359,211361,211363,2,2
211359,211362,211363,1,3
211359,211361,211363,2,2
211359,211362,211364,2,3
211359,211362,211364,2,3
211359,211362,211363,1,3
211359,211362,211363,1,3
211359,211362,211363,1,3
211359,211362,211363,1,3
211359,211362,211363,1,3
211359,211362,211364,2,3
211359,211362,211363,1,3
211359,211362,211364,2,3
211359,211362,211363,1,3
211359,211362,211363,1,3
211359,211362,211364,2,3
211359,211362,211364,2,3
211359,211362,211364,2,3
211359,211362,211364,2,3
211359,211362,211364,2,3
211359,211362,211364,2,3
211359,211362,211364,2,3
211359,211362,211364,2,3
211296,211296,211365,69,0
211307,211307,211365,58,0
211359,211361,211363,2,2
211359,211362,211364,2,3
211359,211362,211364,2,3
211359,211362,211364,2,3
211359,211362,211364,2,3
211359,211362,211364,2,3
211359,211362,211364,2,3
211359,211362,211364,2,3
211359,211362,211364,2,3
211359,211362,211364,2,3
211359,211362,211364,2,3
211359,211362,211364,2,3
211359,211362,211364,2,3
211359,211362,211364,2,3
211359,211362,211364,2,3
211359,211363,211364,1,4
211359,211362,211364,2,3
211359,211362,211364,2,3
211359,211362,211364,2,3
211359,211363,211364,1,4
211359,211363,211364,1,4
211359,211362,211364,2,3
211359,211362,211364,2,3
211359,211362,211364,2,3
211359,211363,211364,1,4
211359,211363,211365,2,4
211359,211362,211364,2,3
211359,211362,211364,2,3
211359,211363,211364,1,4
211359,211362,211364,2,3
211359,211362,211364,2,3
211359,211362,211364,2,3
211359,211363,211365,2,4
211359,211362,211364,2,3
211359,211363,211365,2,4
211359,211363,211365,2,4
211359,211364,211366,2,5
211359,211364,211365,1,5
211359,211364,211366,2,5
211359,211364,211366,2,5
211359,211364,211366,2,5
211359,211364,211366,2,5
211359,211364,211366,2,5
211359,211364,211365,1,5
211359,211364,211365,1,5
211292,211292,211366,74,0
211359,211364,211365,1,5
211359,211364,211365,1,5
211359,211363,211365,2,4
211359,211363,211365,2,4
211359,211363,211365,2,4
211360,211364,211366,2,4
211360,211364,211365,1,4
211360,211364,211365,1,4
211359,211363,211365,2,4
211359,211363,211365,2,4
211359,211363,211365,2,4
211360,211364,211366,2,4
211360,211364,211366,2,4
211360,211364,211366,2,4
211359,211363,211366,3,4
211359,211364,211365,1,5
211360,211364,211365,1,4
211360,211364,211366,2,4
211360,211364,211366,2,4
211359,211364,211366,2,5
211360,211365,211367,2,5
211359,211364,211366,2,5
211360,211365,211367,2,5
211361,211365,211367,2,4
211361,211365,211367,2,4
211361,211365,211366,1,4
211361,211365,211367,2,4
211361,211365,211367,2,4
211361,211365,211367,2,4
211361,211365,211367,2,4
211305,211305,211367,62,0
211360,211365,211367,2,5
211360,211365,211367,2,5
211359,211365,211368,3,6
211359,211365,211368,3,6
211359,211365,211367,2,6
211360,211365,211367,2,5
211360,211365,211368,3,5
211360,211365,211368,3,5
211360,211365,211368,3,5
211361,211366,211368,2,5
211360,211365,211368,3,5
211360,211365,211368,3,5
211360,211365,211367,2,5
211360,211365,211368,3,5
211360,211365,211368,3,5
211360,211365,211368,3,5
211360,211365,211368,3,5
211361,211366,211368,2,5
211360,211365,211367,2,5
211360,211365,211367,2,5
211361,211365,211367,2,4
211361,211365,211368,3,4
211361,211366,211368,2,5
211361,211366,211368,2,5
211360,211365,211367,2,5
211361,211365,211367,2,4
211361,211365,211368,3,4
211361,211366,211368,2,5
211361,211365,211367,2,4
211361,211366,211368,2,5
211361,211366,211368,2,5
211361,211365,211367,2,4
211361,211365,211368,3,4
211361,211366,211368,2,5
211361,211366,211368,2,5
211361,211365,211368,3,4
211361,211365,211368,3,4
211361,211366,211368,2,5
211361,211366,211368,2,5
211361,211366,211368,2,5
211361,211366,211368,2,5
211360,211365,211368,3,5
211360,211365,211368,3,5
211360,211365,211368,3,5
211360,211365,211368,3,5
211360,211365,211368,3,5
211360,211365,211368,3,5
211360,211365,211368,3,5
211361,211366,211368,2,5
211361,211366,211368,2,5
211361,211366,211368,2,5
211361,211366,211368,2,5
211361,211366,211368,2,5
211302,211302,211369,67,0
211312,211312,211381,69,0
211341,211341,211392,51,0
211339,211340,211418,78,1
211361,211366,211420,54,5
211430,211430,211431,1,0
211430,211430,211431,1,0
211430,211430,211431,1,0
211430,211430,211431,1,0
211430,211430,211431,1,0
211430,211430,211431,1,0
211430,211430,211431,1,0
211430,211430,211431,1,0
211430,211430,211432,2,0
211430,211430,211432,2,0
211430,211430,211431,1,0
211430,211430,211432,2,0
211430,211430,211431,1,0
211430,211430,211432,2,0
211430,211430,211431,1,0
211430,211430,211432,2,0
211430,211430,211432,2,0
211430,211430,211431,1,0
211430,211430,211432,2,0
211430,211430,211432,2,0
211430,211430,211432,2,0
211430,211430,211432,2,0
211430,211430,211431,1,0
211430,211430,211432,2,0
211430,211430,211432,2,0
211430,211430,211432,2,0
211430,211430,211432,2,0
211430,211430,211432,2,0
211430,211430,211432,2,0
211430,211430,211432,2,0
211430,211430,211431,1,0
211430,211430,211431,1,0
211430,211430,211432,2,0
211430,211430,211432,2,0
211430,211430,211431,1,0
211430,211430,211432,2,0
211430,211430,211432,2,0
211430,211430,211432,2,0
211430,211430,211432,2,0
211430,211430,211432,2,0
211430,211430,211432,2,0
211430,211430,211431,1,0
211430,211430,211432,2,0
211430,211430,211432,2,0
211430,211430,211432,2,0
211430,211430,211432,2,0
211430,211430,211432,2,0
211430,211430,211432,2,0
211430,211430,211432,2,0
211430,211430,211432,2,0
211430,211430,211431,1,0
211430,211430,211432,2,0
211430,211430,211432,2,0
211430,211430,211432,2,0
211430,211430,211431,1,0
211430,211430,211432,2,0
211430,211430,211432,2,0
211430,211430,211432,2,0
211430,211430,211432,2,0
211430,211430,211432,2,0
211430,211430,211432,2,0
211430,211430,211431,1,0
211430,211430,211432,2,0
211430,211430,211432,2,0
211430,211430,211432,2,0
211430,211430,211432,2,0
211430,211430,211432,2,0
211430,211430,211432,2,0
211430,211430,211431,1,0
211430,211430,211432,2,0
211430,211430,211432,2,0
211430,211430,211432,2,0
211430,211430,211431,1,0
211430,211430,211432,2,0
211430,211430,211432,2,0
211430,211430,211432,2,0
211430,211430,211432,2,0
211430,211431,211433,2,1
211430,211430,211433,3,0
211430,211430,211433,3,0
211430,211430,211433,3,0
211430,211431,211433,2,1
211430,211431,211433,2,1
211430,211433,211434,1,3
211430,211433,211434,1,3
211430,211431,211433,2,1
211430,211433,211434,1,3
211430,211431,211434,3,1
211430,211433,211434,1,3
211430,211431,211433,2,1
211430,211431,211433,2,1
211430,211433,211434,1,3
211430,211433,211434,1,3
211430,211433,211434,1,3
211430,211432,211434,2,2
211430,211433,211434,1,3
211430,211433,211434,1,3
211430,211433,211434,1,3
211430,211433,211434,1,3
211430,211433,211434,1,3
211430,211433,211434,1,3
211430,211433,211434,1,3
211430,211433,211434,1,3
211430,211433,211435,2,3
211430,211433,211435,2,3
211430,211433,211435,2,3
211430,211431,211434,3,1
211430,211433,211434,1,3
211430,211433,211435,2,3
211430,211433,211434,1,3
211430,211433,211434,1,3
211430,211433,211435,2,3
211430,211433,211435,2,3
211430,211433,211435,2,3
211430,211434,211435,1,4
211430,211433,211435,2,3
211430,211433,211435,2,3
211430,211433,211434,1,3
211430,211433,211435,2,3
211430,211433,211435,2,3
211430,211433,211435,2,3
211430,211433,211434,1,3
211430,211433,211435,2,3
211430,211433,211435,2,3
211430,211433,211435,2,3
211430,211433,211435,2,3
211430,211434,211435,1,4
211430,211433,211434,1,3
211430,211433,211435,2,3
211430,211433,211435,2,3
211431,211434,211435,1,3
211430,211433,211434,1,3
211430,211433,211435,2,3
211430,211433,211435,2,3
211430,211433,211435,2,3
211430,211433,211435,2,3
211430,211433,211435,2,3
211430,211433,211435,2,3
211430,211433,211435,2,3
211431,211434,211435,1,3
211430,211434,211435,1,4
211430,211434,211435,1,4
211430,211434,211435,1,4
211430,211434,211435,1,4
211430,211433,211435,2,3
211430,211433,211435,2,3
211430,211433,211436,3,3
211430,211434,211435,1,4
211432,211435,211436,1,3
211430,211433,211435,2,3
211430,211433,211435,2,3
211430,211433,211436,3,3
211430,211433,211436,3,3
211431,211434,211435,1,3
211432,211435,211436,1,3
211430,211433,211435,2,3
211430,211433,211436,3,3
211430,211433,211435,2,3
211430,211434,211435,1,4
211430,211434,211436,2,4
211432,211435,211436,1,3
211430,211433,211435,2,3
211430,211433,211435,2,3
211430,211433,211436,3,3
211431,211434,211435,1,3
211432,211435,211436,1,3
211430,211433,211436,3,3
211430,211433,211435,2,3
211430,211433,211436,3,3
211430,211433,211435,2,3
211430,211433,211436,3,3
211430,211433,211435,2,3
211430,211433,211435,2,3
211432,211435,211436,1,3
211430,211433,211436,3,3
211430,211434,211436,2,4
211430,211434,211435,1,4
211432,211435,211436,1,3
211430,211433,211435,2,3
211430,211434,211435,1,4
211431,211435,211437,2,4
211431,211435,211437,2,4
211431,211435,211436,1,4
211431,211435,211436,1,4
211431,211435,211436,1,4
211431,211435,211436,1,4
211431,211435,211436,1,4
211431,211435,211437,2,4
211431,211435,211437,2,4
211431,211435,211437,2,4
211431,211435,211438,3,4
211431,211435,211437,2,4
211431,211435,211437,2,4
211432,211435,211437,2,3
211432,211435,211437,2,3
211431,211435,211437,2,4
211431,211435,211437,2,4
211432,211435,211437,2,3
211432,211435,211437,2,3
211432,211435,211437,2,3
211431,211435,211437,2,4
211431,211435,211437,2,4
211431,211435,211437,2,4
211431,211435,211437,2,4
211432,211435,211437,2,3
211432,211437,211438,1,5
211431,211435,211437,2,4
211431,211435,211437,2,4
211431,211435,211437,2,4
211431,211435,211437,2,4
211431,211435,211437,2,4
211432,211435,211437,2,3
211432,211436,211438,2,4
211431,211435,211438,3,4
211431,211435,211438,3,4
211431,211435,211438,3,4
211431,211435,211438,3,4
211431,211435,211438,3,4
211432,211436,211438,2,4
211432,211436,211438,2,4
211432,211437,211438,1,5
211432,211437,211438,1,5
211432,211437,211438,1,5
211432,211437,211439,2,5
211432,211437,211438,1,5
211432,211437,211438,1,5
211432,211437,211438,1,5
211432,211437,211438,1,5
211432,211437,211438,1,5
211432,211435,211438,3,3
211432,211437,211438,1,5
211432,211437,211438,1,5
211432,211437,211438,1,5
211432,211437,211438,1,5
211432,211436,211438,2,4
211431,211435,211439,4,4
211432,211436,211439,3,4
211432,211436,211439,3,4
211433,211437,211493,56,4
211522,211522,211523,1,0
211522,211522,211523,1,0
211522,211522,211523,1,0
211522,211522,211523,1,0
211522,211522,211524,2,0
211522,211522,211523,1,0
211522,211522,211523,1,0
211522,211522,211523,1,0
211522,211522,211523,1,0
211522,211522,211524,2,0
211522,211522,211524,2,0
211522,211522,211524,2,0
211522,211523,211524,1,1
211522,211522,211524,2,0
211522,211522,211524,2,0
211522,211522,211524,2,0
211522,211522,211525,3,0
211522,211522,211524,2,0
211522,211522,211524,2,0
211522,211522,211524,2,0
211522,211522,211524,2,0
211522,211523,211524,1,1
211522,211523,211524,1,1
211522,211523,211525,2,1
211522,211522,211524,2,0
211522,211522,211524,2,0
211522,211522,211524,2,0
211522,211522,211525,3,0
211522,211523,211524,1,1
211522,211522,211524,2,0
211522,211522,211525,3,0
211522,211522,211524,2,0
211522,211522,211524,2,0
211522,211522,211525,3,0
211522,211523,211524,1,1
211522,211522,211524,2,0
211522,211522,211524,2,0
211522,211522,211524,2,0
211522,211522,211525,3,0
211522,211523,211524,1,1
211522,211522,211524,2,0
211522,211522,211525,3,0
211522,211522,211524,2,0
211522,211522,211524,2,0
211522,211523,211524,1,1
211522,211523,211524,1,1
211522,211522,211524,2,0
211522,211522,211524,2,0
211522,211522,211525,3,0
211522,211523,211525,2,1
211522,211523,211524,1,1
211522,211522,211524,2,0
211522,211522,211524,2,0
211522,211522,211524,2,0
211522,211522,211524,2,0
211522,211523,211524,1,1
211522,211523,211525,2,1
211522,211522,211524,2,0
211522,211522,211524,2,0
211522,211522,211524,2,0
211522,211522,211525,3,0
211522,211522,211525,3,0
211522,211523,211524,1,1
211522,211523,211524,1,1
211522,211522,211525,3,0
211522,211522,211525,3,0
211522,211523,211525,2,1
211522,211523,211525,2,1
211522,211523,211525,2,1
211522,211523,211525,2,1
211522,211523,211525,2,1
211522,211523,211525,2,1
211522,211523,211525,2,1
211522,211524,211525,1,2
211522,211525,211526,1,3
211522,211523,211525,2,1
211522,211524,211526,2,2
211522,211522,211525,3,0
211522,211522,211525,3,0
211522,211524,211526,2,2
211522,211522,211525,3,0
211522,211524,211526,2,2
211522,211524,211525,1,2
211522,211522,211525,3,0
211522,211525,211526,1,3
211522,211524,211525,1,2
211522,211522,211525,3,0
211522,211524,211525,1,2
211522,211523,211525,2,1
211522,211524,211525,1,2
211522,211525,211526,1,3
211522,211525,211527,2,3
211522,211525,211527,2,3
211522,211525,211527,2,3
211522,211525,211527,2,3
211522,211525,211527,2,3
211522,211525,211527,2,3
211522,211525,211527,2,3
211522,211525,211527,2,3
211522,211524,211526,2,2
211522,211525,211527,2,3
211522,211525,211527,2,3
211522,211525,211527,2,3
211522,211525,211527,2,3
211522,211525,211526,1,3
211522,211525,211527,2,3
211522,211525,211526,1,3
211522,211525,211527,2,3
211522,211525,211526,1,3
211522,211525,211526,1,3
211522,211525,211527,2,3
211522,211525,211526,1,3
211522,211525,211527,2,3
211522,211525,211527,2,3
211522,211525,211527,2,3
211522,211525,211527,2,3
211522,211525,211526,1,3
211522,211525,211526,1,3
211522,211525,211527,2,3
211522,211525,211526,1,3
211522,211525,211526,1,3
211522,211525,211527,2,3
211522,211525,211527,2,3
211522,211525,211527,2,3
211522,211525,211527,2,3
211522,211525,211527,2,3
211522,211525,211527,2,3
211522,211525,211527,2,3
211522,211525,211527,2,3
211522,211525,211527,2,3
211522,211525,211527,2,3
211522,211525,211527,2,3
211522,211525,211527,2,3
211522,211525,211527,2,3
211522,211525,211527,2,3
211522,211525,211527,2,3
211599,211599,211601,2,0
211599,211599,211600,1,0
211599,211599,211600,1,0
211599,211599,211600,1,0
211599,211599,211601,2,0
211599,211599,211600,1,0
211599,211599,211600,1,0
211599,211599,211601,2,0
211599,211599,211600,1,0
211599,211599,211601,2,0
211599,211600,211601,1,1
211599,211599,211601,2,0
211599,211599,211601,2,0
211599,211600,211602,2,1
211599,211600,211602,2,1
211599,211600,211601,1,1
211599,211599,211601,2,0
211599,211599,211601,2,0
211599,211600,211601,1,1
211599,211600,211602,2,1
211599,211600,211602,2,1
211599,211599,211601,2,0
211599,211599,211601,2,0
211599,211600,211601,1,1
211599,211599,211602,3,0
211599,211599,211601,2,0
211599,211599,211601,2,0
211599,211600,211601,1,1
211599,211600,211601,1,1
211599,211599,211601,2,0
211599,211599,211601,2,0
211599,211600,211602,2,1
211599,211600,211601,1,1
211599,211599,211601,2,0
211599,211599,211601,2,0
211599,211599,211601,2,0
211599,211600,211601,1,1
211599,211599,211601,2,0
211599,211599,211601,2,0
211599,211600,211601,1,1
211599,211600,211602,2,1
211599,211600,211601,1,1
211599,211599,211601,2,0
211599,211599,211601,2,0
211599,211600,211601,1,1
211599,211600,211602,2,1
211599,211600,211602,2,1
211599,211599,211601,2,0
211599,211599,211601,2,0
211599,211600,211602,2,1
211599,211600,211601,1,1
211599,211600,211601,1,1
211599,211599,211601,2,0
211599,211599,211602,3,0
211599,211599,211601,2,0
211599,211600,211602,2,1
211599,211599,211602,3,0
211599,211600,211602,2,1
211599,211600,211602,2,1
211599,211600,211602,2,1
211599,211600,211602,2,1
211599,211600,211602,2,1
211599,211600,211602,2,1
211599,211600,211602,2,1
211599,211600,211602,2,1
211599,211600,211603,3,1
211644,211644,211645,1,0
211644,211644,211645,1,0
211644,211644,211645,1,0
211644,211644,211645,1,0
211644,211644,211646,2,0
211644,211644,211645,1,0
211644,211644,211646,2,0
211644,211644,211645,1,0
211644,211644,211646,2,0
211644,211644,211646,2,0
211644,211644,211646,2,0
211644,211644,211645,1,0
211644,211644,211646,2,0
211644,211644,211646,2,0
211644,211644,211645,1,0
211644,211644,211646,2,0
211644,211644,211645,1,0
211644,211644,211645,1,0
211644,211644,211646,2,0
211644,211644,211646,2,0
211644,211644,211646,2,0
211644,211644,211646,2,0
211644,211644,211646,2,0
211644,211644,211645,1,0
211644,211644,211645,1,0
211644,211644,211646,2,0
211644,211644,211646,2,0
211644,211644,211646,2,0
211644,211644,211646,2,0
211644,211644,211645,1,0
211644,211644,211646,2,0
211644,211644,211646,2,0
211644,211644,211647,3,0
211644,211644,211646,2,0
211600,211600,211661,61,0
211675,211675,211676,1,0
211675,211675,211676,1,0
211675,211675,211676,1,0
211675,211675,211676,1,0
211675,211675,211676,1,0
211675,211675,211677,2,0
211675,211675,211677,2,0
211675,211675,211676,1,0
211675,211675,211677,2,0
211675,211675,211677,2,0
211675,211675,211677,2,0
211675,211675,211677,2,0
211675,211675,211677,2,0
211675,211675,211677,2,0
211675,211675,211677,2,0
211675,211675,211676,1,0
211675,211675,211677,2,0
211675,211675,211677,2,0
211675,211675,211677,2,0
211675,211675,211677,2,0
211675,211675,211677,2,0
211675,211675,211677,2,0
211675,211675,211677,2,0
211675,211675,211677,2,0
211675,211675,211677,2,0
211675,211675,211677,2,0
211675,211675,211677,2,0
211675,211675,211677,2,0
211675,211675,211677,2,0
211675,211675,211676,1,0
211675,211675,211677,2,0
211675,211675,211677,2,0
211675,211675,211676,1,0
211675,211675,211677,2,0
211644,211644,211692,48,0
211706,211706,211707,1,0
211706,211706,211707,1,0
211706,211706,211707,1,0
211706,211706,211707,1,0
211706,211706,211707,1,0
211706,211706,211707,1,0
211706,211706,211707,1,0
211706,211706,211708,2,0
211706,211706,211707,1,0
211706,211706,211707,1,0
211706,211706,211708,2,0
211706,211706,211707,1,0
211706,211706,211707,1,0
211706,211706,211707,1,0
211706,211706,211708,2,0
211706,211706,211708,2,0
211706,211706,211707,1,0
211706,211706,211708,2,0
211706,211706,211707,1,0
211706,211706,211708,2,0
211706,211706,211708,2,0
211706,211706,211707,1,0
211706,211706,211708,2,0
211706,211706,211707,1,0
211706,211706,211708,2,0
211706,211706,211708,2,0
211706,211706,211707,1,0
211706,211706,211708,2,0
211706,211706,211708,2,0
211706,211706,211708,2,0
211706,211706,211708,2,0
211706,211706,211708,2,0
211706,211706,211708,2,0
211722,211722,211723,1,0
211722,211722,211723,1,0
211722,211722,211723,1,0
211722,211722,211723,1,0
211722,211722,211723,1,0
211722,211722,211724,2,0
211722,211722,211724,2,0
211722,211722,211724,2,0
211722,211722,211724,2,0
211722,211722,211724,2,0
211722,211722,211724,2,0
211722,211722,211724,2,0
211722,211722,211724,2,0
211722,211722,211724,2,0
211722,211722,211724,2,0
211722,211722,211724,2,0
211722,211722,211724,2,0
211722,211722,211724,2,0
211722,211722,211724,2,0
211722,211722,211724,2,0
211722,211722,211724,2,0
211722,211722,211724,2,0
211722,211722,211724,2,0
211722,211722,211725,3,0
211722,211722,211724,2,0
211722,211722,211725,3,0
211722,211722,211725,3,0
211722,211722,211725,3,0
211722,211722,211724,2,0
211722,211722,211724,2,0
211722,211722,211724,2,0
211722,211722,211724,2,0
211722,211722,211725,3,0
211722,211722,211724,2,0
211706,211706,211761,55,0
211762,211762,211763,1,0
211762,211762,211763,1,0
211762,211762,211763,1,0
211762,211762,211763,1,0
211762,211762,211764,2,0
211762,211762,211764,2,0
211762,211762,211764,2,0
211762,211762,211764,2,0
211762,211762,211763,1,0
211762,211762,211764,2,0
211762,211762,211763,1,0
211762,211762,211763,1,0
211762,211762,211764,2,0
211762,211762,211763,1,0
211762,211762,211764,2,0
211762,211762,211763,1,0
211762,211762,211763,1,0
211762,211762,211764,2,0
211762,211762,211764,2,0
211762,211762,211763,1,0
211762,211762,211763,1,0
211762,211762,211764,2,0
211762,211762,211763,1,0
211762,211762,211764,2,0
211762,211762,211764,2,0
211762,211762,211763,1,0
211762,211762,211764,2,0
211762,211762,211764,2,0
211762,211762,211764,2,0
211762,211762,211764,2,0
211762,211762,211764,2,0
211762,211762,211764,2,0
211762,211762,211764,2,0
211762,211762,211764,2,0
211739,211740,211802,62,1
211805,211805,211806,1,0
211805,211805,211807,2,0
211805,211805,211807,2,0
211805,211805,211806,1,0
211805,211805,211806,1,0
211805,211805,211807,2,0
211805,211805,211806,1,0
211805,211805,211807,2,0
211805,211805,211807,2,0
211805,211805,211806,1,0
211805,211805,211807,2,0
211805,211805,211807,2,0
211805,211805,211806,1,0
211805,211805,211806,1,0
211805,211805,211806,1,0
211805,211805,211807,2,0
211805,211805,211807,2,0
211805,211805,211806,1,0
211805,211805,211807,2,0
211805,211805,211807,2,0
211805,211805,211806,1,0
211805,211805,211807,2,0
211805,211805,211806,1,0
211805,211805,211806,1,0
211805,211805,211807,2,0
211805,211805,211807,2,0
211805,211805,211807,2,0
211756,211756,211807,51,0
211805,211807,211808,1,2
211805,211807,211808,1,2
211805,211807,211809,2,2
211809,211809,211810,1,0
211809,211809,211810,1,0
211809,211809,211810,1,0
211809,211809,211810,1,0
211755,211755,211810,55,0
211809,211809,211810,1,0
211809,211809,211810,1,0
211809,211809,211811,2,0
211809,211809,211811,2,0
211809,211809,211811,2,0
211809,211809,211811,2,0
211809,211809,211811,2,0
211809,211809,211811,2,0
211809,211809,211811,2,0
211809,211809,211811,2,0
211809,211809,211811,2,0
211809,211809,211811,2,0
211809,211809,211811,2,0
211809,211809,211811,2,0
211809,211809,211810,1,0
211809,211809,211810,1,0
211809,211809,211811,2,0
211809,211809,211811,2,0
211809,211809,211811,2,0
211809,211809,211811,2,0
211809,211809,211811,2,0
211809,211809,211811,2,0
211809,211809,211812,3,0
211809,211809,211811,2,0
211809,211809,211812,3,0
211809,211809,211811,2,0
211759,211759,211812,53,0
211809,211809,211811,2,0
211809,211809,211811,2,0
211809,211809,211812,3,0
211809,211809,211812,3,0
211763,211763,211813,50,0
211761,211761,211815,54,0
211758,211758,211816,58,0
211765,211765,211818,53,0
211764,211764,211825,61,0
211827,211827,211828,1,0
211827,211827,211828,1,0
211827,211827,211828,1,0
211827,211827,211828,1,0
211827,211827,211828,1,0
211827,211827,211828,1,0
211827,211827,211828,1,0
211827,211827,211828,1,0
211827,211827,211828,1,0
211827,211827,211828,1,0
211827,211827,211828,1,0
211827,211827,211828,1,0
211827,211827,211829,2,0
211827,211827,211829,2,0
211827,211827,211829,2,0
211827,211827,211829,2,0
211827,211827,211829,2,0
211827,211827,211829,2,0
211827,211827,211829,2,0
211827,211827,211829,2,0
211827,211828,211829,1,1
211827,211827,211829,2,0
211827,211827,211829,2,0
211827,211827,211829,2,0
211827,211827,211829,2,0
211827,211827,211829,2,0
211827,211827,211829,2,0
211827,211828,211829,1,1
211827,211827,211829,2,0
211827,211827,211829,2,0
211827,211827,211829,2,0
211827,211827,211829,2,0
211827,211828,211829,1,1
211827,211827,211829,2,0
211827,211827,211829,2,0
211827,211827,211829,2,0
211827,211827,211829,2,0
211827,211827,211829,2,0
211827,211827,211829,2,0
211827,211827,211829,2,0
211827,211827,211829,2,0
211827,211827,211829,2,0
211827,211827,211829,2,0
211827,211827,211829,2,0
211827,211827,211829,2,0
211827,211827,211829,2,0
211827,211827,211829,2,0
211827,211827,211830,3,0
211827,211827,211829,2,0
211827,211827,211829,2,0
211827,211827,211829,2,0
211827,211827,211830,3,0
211827,211827,211829,2,0
211827,211827,211830,3,0
211827,211827,211830,3,0
211827,211829,211830,1,2
211827,211827,211830,3,0
211827,211829,211830,1,2
211827,211829,211830,1,2
211827,211830,211831,1,3
211827,211827,211830,3,0
211827,211827,211830,3,0
211827,211827,211830,3,0
211827,211827,211830,3,0
211827,211829,211830,1,2
211827,211829,211830,1,2
211827,211827,211830,3,0
211827,211827,211830,3,0
211827,211827,211830,3,0
211827,211827,211830,3,0
211827,211827,211830,3,0
211827,211827,211830,3,0
211827,211827,211830,3,0
211827,211829,211830,1,2
211827,211830,211831,1,3
211827,211827,211830,3,0
211827,211827,211830,3,0
211827,211829,211830,1,2
211827,211830,211831,1,3
211827,211827,211830,3,0
211827,211829,211830,1,2
211827,211830,211831,1,3
211827,211830,211831,1,3
211827,211830,211831,1,3
211827,211830,211831,1,3
211827,211830,211831,1,3
211827,211829,211831,2,2
211827,211830,211831,1,3
211827,211830,211831,1,3
211827,211830,211831,1,3
211827,211830,211832,2,3
211827,211830,211832,2,3
211827,211830,211831,1,3
211827,211830,211832,2,3
211827,211830,211832,2,3
211827,211830,211832,2,3
211827,211830,211832,2,3
211827,211830,211831,1,3
211827,211830,211832,2,3
211827,211830,211831,1,3
211827,211830,211831,1,3
211827,211830,211831,1,3
211827,211830,211832,2,3
211827,211830,211831,1,3
211827,211830,211832,2,3
211827,211830,211832,2,3
211827,211830,211831,1,3
211827,211830,211831,1,3
211827,211830,211832,2,3
211827,211830,211832,2,3
211827,211830,211831,1,3
211827,211830,211832,2,3
211827,211830,211832,2,3
211827,211830,211831,1,3
211827,211830,211832,2,3
211827,211830,211832,2,3
211827,211830,211831,1,3
211827,211830,211831,1,3
211827,211830,211832,2,3
211827,211830,211832,2,3
211827,211831,211832,1,4
211827,211831,211832,1,4
211827,211831,211832,1,4
211827,211830,211832,2,3
211827,211831,211833,2,4
211827,211831,211832,1,4
211827,211831,211833,2,4
211827,211831,211832,1,4
211827,211831,211832,1,4
211827,211831,211832,1,4
211827,211831,211833,2,4
211827,211831,211832,1,4
211827,211831,211832,1,4
211827,211830,211833,3,3
211784,211784,211838,54,0
211789,211789,211843,54,0
211788,211788,211847,59,0
211792,211792,211848,56,0
211797,211797,211851,54,0
211794,211794,211851,57,0
211795,211798,211851,53,3
211791,211796,211852,56,5
211786,211786,211854,68,0
211785,211785,211855,70,0
211799,211800,211858,58,1
211806,211806,211867,61,0
211875,211875,211876,1,0
211875,211875,211877,2,0
211875,211875,211876,1,0
211875,211875,211876,1,0
211875,211875,211877,2,0
211875,211875,211876,1,0
211875,211875,211876,1,0
211875,211876,211877,1,1
211875,211875,211876,1,0
211875,211875,211876,1,0
211875,211876,211877,1,1
211875,211875,211877,2,0
211875,211875,211877,2,0
211875,211875,211878,3,0
211875,211875,211878,3,0
211875,211876,211877,1,1
211875,211876,211878,2,1
211875,211876,211877,1,1
211875,211876,211877,1,1
211875,211875,211877,2,0
211875,211875,211877,2,0
211875,211876,211877,1,1
211875,211876,211878,2,1
211875,211876,211877,1,1
211875,211876,211877,1,1
211875,211876,211877,1,1
211875,211875,211877,2,0
211875,211875,211877,2,0
211875,211875,211877,2,0
211875,211876,211877,1,1
211875,211876,211878,2,1
211875,211876,211878,2,1
211875,211876,211877,1,1
211875,211876,211877,1,1
211875,211875,211877,2,0
211875,211875,211877,2,0
211875,211875,211877,2,0
211875,211876,211877,1,1
211875,211876,211877,1,1
211875,211875,211877,2,0
211875,211875,211877,2,0
211875,211876,211877,1,1
211875,211876,211878,2,1
211875,211876,211877,1,1
211875,211875,211877,2,0
211875,211875,211878,3,0
211875,211875,211877,2,0
211875,211876,211878,2,1
211875,211876,211877,1,1
211875,211876,211877,1,1
211875,211876,211877,1,1
211875,211875,211877,2,0
211875,211875,211877,2,0
211875,211876,211877,1,1
211875,211876,211878,2,1
211875,211876,211877,1,1
211875,211876,211877,1,1
211875,211876,211878,2,1
211875,211875,211878,3,0
211875,211875,211877,2,0
211875,211876,211878,2,1
211875,211876,211878,2,1
211875,211875,211877,2,0
211875,211875,211878,3,0
211875,211876,211877,1,1
211875,211876,211878,2,1
211875,211876,211877,1,1
211875,211876,211877,1,1
211875,211875,211877,2,0
211875,211875,211877,2,0
211875,211876,211877,1,1
211875,211876,211878,2,1
211875,211876,211877,1,1
211875,211876,211877,1,1
211875,211876,211878,2,1
211876,211878,211879,1,2
211875,211877,211879,2,2
211875,211877,211878,1,2
211876,211878,211879,1,2
211875,211876,211878,2,1
211876,211878,211879,1,2
211875,211876,211878,2,1
211875,211877,211879,2,2
211875,211877,211879,2,2
211875,211877,211878,1,2
211875,211877,211878,1,2
211875,211877,211879,2,2
211875,211877,211878,1,2
211875,211877,211878,1,2
211875,211877,211878,1,2
211875,211877,211878,1,2
211875,211876,211878,2,1
211876,211878,211879,1,2
211875,211878,211880,2,3
211875,211878,211880,2,3
211875,211878,211880,2,3
211875,211878,211880,2,3
211875,211878,211880,2,3
211875,211878,211880,2,3
211876,211878,211880,2,2
211876,211878,211879,1,2
211876,211878,211880,2,2
211876,211878,211880,2,2
211876,211878,211880,2,2
211876,211878,211880,2,2
211876,211878,211879,1,2
211876,211878,211880,2,2
211876,211878,211880,2,2
211876,211878,211880,2,2
211875,211877,211879,2,2
211876,211878,211879,1,2
211876,211878,211880,2,2
211876,211878,211880,2,2
211876,211878,211880,2,2
211876,211878,211880,2,2
211876,211878,211880,2,2
211876,211878,211879,1,2
211876,211878,211880,2,2
211876,211878,211880,2,2
211876,211878,211880,2,2
211876,211878,211880,2,2
211876,211878,211880,2,2
211876,211878,211879,1,2
211876,211878,211880,2,2
211876,211878,211880,2,2
211876,211878,211880,2,2
211876,211878,211880,2,2
211876,211878,211879,1,2
211876,211878,211880,2,2
211876,211878,211880,2,2
211876,211878,211880,2,2
211876,211878,211880,2,2
211876,211878,211880,2,2
211876,211878,211880,2,2
211876,211878,211880,2,2
211876,211878,211880,2,2
211876,211878,211880,2,2
211876,211878,211880,2,2
211876,211878,211880,2,2
211876,211878,211879,1,2
211876,211878,211880,2,2
211875,211878,211880,2,3
211875,211878,211880,2,3
211875,211878,211880,2,3
211875,211878,211880,2,3
211875,211878,211880,2,3
211875,211878,211880,2,3
211876,211878,211880,2,2
211876,211879,211881,2,3
211876,211879,211881,2,3
211876,211879,211881,2,3
211876,211880,211881,1,4
211876,211880,211881,1,4
211876,211880,211881,1,4
211876,211880,211881,1,4
211876,211879,211881,2,3
211876,211879,211881,2,3
211876,211879,211881,2,3
211876,211878,211880,2,2
211876,211879,211881,2,3
211876,211879,211881,2,3
211876,211878,211880,2,2
211876,211878,211880,2,2
211876,211879,211881,2,3
211876,211879,211881,2,3
211876,211879,211881,2,3
211876,211879,211881,2,3
211876,211879,211881,2,3
211876,211879,211881,2,3
211876,211878,211880,2,2
211876,211879,211881,2,3
211876,211879,211881,2,3
211876,211879,211881,2,3
211876,211881,211882,1,5
211876,211879,211881,2,3
211876,211880,211881,1,4
211876,211881,211882,1,5
211876,211880,211882,2,4
211876,211880,211882,2,4
211876,211880,211882,2,4
211876,211880,211882,2,4
211876,211880,211882,2,4
211876,211880,211882,2,4
211876,211880,211882,2,4
211876,211880,211882,2,4
211876,211880,211882,2,4
211876,211880,211882,2,4
211876,211880,211882,2,4
211876,211880,211882,2,4
211876,211880,211881,1,4
211876,211880,211881,1,4
211876,211880,211882,2,4
211876,211881,211882,1,5
211876,211880,211882,2,4
211876,211880,211882,2,4
211876,211880,211882,2,4
211876,211880,211882,2,4
211876,211881,211882,1,5
211876,211881,211882,1,5
211876,211880,211882,2,4
211876,211880,211882,2,4
211876,211880,211882,2,4
211876,211881,211882,1,5
211876,211880,211882,2,4
211876,211880,211882,2,4
211876,211881,211882,1,5
211876,211882,211883,1,6
211876,211880,211882,2,4
211876,211880,211882,2,4
211876,211880,211882,2,4
211876,211881,211882,1,5
211876,211881,211883,2,5
211876,211881,211882,1,5
211876,211881,211883,2,5
211876,211881,211882,1,5
211876,211881,211883,2,5
211876,211881,211883,2,5
211876,211881,211882,1,5
211876,211881,211882,1,5
211876,211880,211882,2,4
211876,211880,211882,2,4
211876,211881,211883,2,5
211876,211881,211882,1,5
211876,211881,211882,1,5
211876,211881,211883,2,5
211876,211881,211883,2,5
211876,211881,211883,2,5
211876,211881,211883,2,5
211876,211881,211883,2,5
211876,211881,211883,2,5
211810,211810,211883,73,0
211876,211881,211883,2,5
211876,211881,211883,2,5
211876,211881,211883,2,5
211876,211881,211883,2,5
211876,211881,211883,2,5
211876,211881,211883,2,5
211876,211880,211883,3,4
211876,211881,211883,2,5
211876,211882,211883,1,6
211876,211882,211883,1,6
211876,211881,211883,2,5
211876,211882,211883,1,6
211876,211882,211883,1,6
211876,211882,211883,1,6
211876,211882,211883,1,6
211876,211882,211883,1,6
211876,211882,211884,2,6
211876,211882,211884,2,6
211876,211882,211883,1,6
211876,211882,211883,1,6
211876,211881,211883,2,5
211876,211881,211883,2,5
211876,211882,211883,1,6
211876,211882,211883,1,6
211876,211882,211883,1,6
211876,211883,211884,1,7
211876,211883,211884,1,7
211876,211882,211885,3,6
211876,211883,211884,1,7
211876,211883,211884,1,7
211876,211883,211884,1,7
211876,211882,211884,2,6
211876,211883,211884,1,7
211876,211883,211884,1,7
211876,211883,211884,1,7
211876,211883,211884,1,7
211876,211883,211885,2,7
211876,211883,211884,1,7
211876,211883,211884,1,7
211876,211883,211884,1,7
211828,211831,211897,66,3
211877,211883,211933,50,6
211956,211956,211957,1,0
211956,211956,211957,1,0
211956,211956,211957,1,0
211956,211956,211957,1,0
211956,211956,211957,1,0
211956,211956,211957,1,0
211956,211956,211957,1,0
211956,211956,211957,1,0
211956,211956,211957,1,0
211956,211956,211958,2,0
211956,211956,211958,2,0
211956,211956,211957,1,0
211956,211956,211957,1,0
211956,211956,211958,2,0
211956,211956,211958,2,0
211956,211956,211957,1,0
211956,211956,211958,2,0
211956,211956,211958,2,0
211956,211956,211957,1,0
211956,211956,211958,2,0
211956,211956,211958,2,0
211956,211956,211958,2,0
211956,211956,211958,2,0
211956,211956,211957,1,0
211956,211956,211957,1,0
211956,211956,211958,2,0
211956,211956,211958,2,0
211956,211956,211957,1,0
211956,211956,211958,2,0
211956,211956,211957,1,0
211956,211956,211958,2,0
211956,211956,211958,2,0
211956,211956,211957,1,0
211956,211956,211958,2,0
211956,211956,211958,2,0
211956,211956,211958,2,0
211956,211956,211958,2,0
211956,211956,211958,2,0
211956,211956,211958,2,0
211956,211956,211957,1,0
211956,211956,211958,2,0
211956,211956,211958,2,0
211956,211956,211957,1,0
211956,211956,211958,2,0
211956,211956,211958,2,0
211956,211956,211958,2,0
211956,211956,211958,2,0
211956,211956,211958,2,0
211956,211956,211958,2,0
211956,211956,211957,1,0
211956,211956,211958,2,0
211956,211956,211958,2,0
211956,211956,211958,2,0
211956,211956,211958,2,0
211956,211956,211958,2,0
211956,211956,211958,2,0
211956,211956,211959,3,0
211956,211956,211959,3,0
211956,211956,211958,2,0
211956,211956,211959,3,0
211956,211956,211958,2,0
211956,211956,211958,2,0
211956,211956,211959,3,0
211956,211956,211958,2,0
211956,211956,211959,3,0
211956,211956,211959,3,0
211956,211956,211959,3,0
211956,211956,211959,3,0
211956,211956,211959,3,0
211956,211956,211959,3,0
211956,211956,211958,2,0
211956,211956,211959,3,0
211956,211956,211959,3,0
211956,211956,211959,3,0
211956,211957,211959,2,1
211956,211957,211960,3,1
211956,211956,211959,3,0
211956,211957,211959,2,1
211956,211959,211960,1,3
211956,211956,211959,3,0
211956,211957,211959,2,1
211956,211959,211960,1,3
211956,211957,211959,2,1
211956,211959,211960,1,3
211956,211956,211959,3,0
211956,211957,211959,2,1
211956,211957,211959,2,1
211956,211957,211959,2,1
211956,211959,211960,1,3
211956,211956,211959,3,0
211956,211956,211959,3,0
211956,211957,211959,2,1
211956,211957,211959,2,1
211956,211959,211960,1,3
211956,211958,211960,2,2
211956,211958,211960,2,2
211956,211958,211960,2,2
211956,211958,211960,2,2
211956,211958,211960,2,2
211956,211958,211960,2,2
211956,211958,211960,2,2
211956,211959,211960,1,3
211956,211959,211960,1,3
211956,211959,211960,1,3
211956,211959,211960,1,3
211956,211959,211960,1,3
211956,211959,211960,1,3
211956,211959,211961,2,3
211956,211959,211961,2,3
211956,211959,211961,2,3
211956,211959,211960,1,3
211956,211959,211960,1,3
211956,211959,211961,2,3
211956,211959,211961,2,3
211956,211959,211960,1,3
211956,211959,211960,1,3
211956,211959,211961,2,3
211956,211959,211961,2,3
211956,211959,211960,1,3
211956,211959,211960,1,3
211956,211959,211960,1,3
211956,211959,211960,1,3
211956,211959,211961,2,3
211956,211959,211960,1,3
211956,211959,211960,1,3
211956,211959,211960,1,3
211956,211959,211960,1,3
211956,211959,211961,2,3
211956,211959,211960,1,3
211956,211959,211960,1,3
211956,211959,211960,1,3
211956,211959,211961,2,3
211956,211959,211961,2,3
211956,211959,211960,1,3
211956,211959,211960,1,3
211956,211959,211961,2,3
211956,211959,211961,2,3
211956,211959,211960,1,3
211956,211960,211961,1,4
211956,211960,211961,1,4
211956,211960,211962,2,4
211956,211960,211962,2,4
211956,211960,211962,2,4
211956,211959,211961,2,3
211956,211960,211961,1,4
211956,211959,211961,2,3
211956,211959,211961,2,3
211956,211960,211961,1,4
211956,211960,211961,1,4
211956,211960,211961,1,4
211956,211960,211961,1,4
211956,211959,211961,2,3
211956,211960,211962,2,4
211956,211960,211962,2,4
211956,211960,211962,2,4
211956,211959,211961,2,3
211956,211960,211961,1,4
211956,211960,211961,1,4
211956,211960,211961,1,4
211956,211960,211961,1,4
211956,211960,211961,1,4
211956,211960,211962,2,4
211956,211960,211962,2,4
211956,211960,211962,2,4
211956,211960,211962,2,4
211956,211960,211962,2,4
211956,211960,211962,2,4
211956,211960,211962,2,4
211956,211960,211962,2,4
211956,211960,211962,2,4
211957,211960,212010,50,3
212032,212032,212033,1,0
212032,212032,212033,1,0
212032,212032,212033,1,0
212032,212032,212033,1,0
212032,212032,212033,1,0
212032,212032,212033,1,0
212032,212032,212033,1,0
212032,212032,212034,2,0
212032,212032,212034,2,0
212032,212032,212033,1,0
212032,212032,212034,2,0
212032,212032,212034,2,0
212032,212032,212034,2,0
212032,212032,212034,2,0
212032,212032,212033,1,0
212032,212032,212034,2,0
212032,212032,212034,2,0
212032,212032,212033,1,0
212032,212032,212034,2,0
212032,212032,212034,2,0
212032,212032,212034,2,0
212032,212032,212034,2,0
212032,212032,212034,2,0
212032,212032,212034,2,0
212032,212032,212034,2,0
212032,212032,212034,2,0
212032,212032,212033,1,0
212032,212032,212034,2,0
212032,212032,212034,2,0
212032,212032,212034,2,0
212032,212032,212034,2,0
212032,212032,212033,1,0
212032,212032,212034,2,0
212032,212032,212034,2,0
212032,212032,212034,2,0
212032,212032,212034,2,0
212032,212032,212034,2,0
212032,212032,212034,2,0
212032,212032,212034,2,0
212032,212032,212034,2,0
212032,212032,212034,2,0
212032,212032,212034,2,0
212032,212032,212034,2,0
212032,212032,212034,2,0
212032,212032,212034,2,0
212032,212032,212034,2,0
212032,212032,212034,2,0
212032,212032,212034,2,0
212032,212032,212034,2,0
212032,212032,212034,2,0
212032,212032,212034,2,0
212032,212032,212034,2,0
212032,212032,212034,2,0
212032,212032,212034,2,0
212032,212032,212034,2,0
212032,212032,212034,2,0
212032,212032,212034,2,0
212032,212032,212034,2,0
212032,212032,212034,2,0
212032,212032,212034,2,0
212032,212032,212034,2,0
212032,212032,212034,2,0
212032,212032,212035,3,0
212032,212032,212034,2,0
212032,212032,212034,2,0
212032,212032,212034,2,0
212032,212032,212034,2,0
212032,212032,212035,3,0
212032,212032,212034,2,0
212032,212032,212035,3,0
212032,212033,212035,2,1
212032,212032,212035,3,0
212032,212032,212034,2,0
212032,212032,212035,3,0
212032,212033,212035,2,1
212032,212032,212035,3,0
212032,212033,212035,2,1
212032,212033,212035,2,1
212032,212032,212035,3,0
212032,212033,212035,2,1
212032,212032,212035,3,0
212032,212032,212035,3,0
212032,212032,212035,3,0
212032,212032,212035,3,0
212032,212033,212036,3,1
212032,212033,212036,3,1
212032,212033,212035,2,1
212032,212034,212036,2,2
212032,212035,212036,1,3
212032,212035,212036,1,3
212032,212034,212036,2,2
212032,212034,212036,2,2
212032,212034,212036,2,2
212032,212035,212036,1,3
212032,212035,212036,1,3
212032,212035,212036,1,3
212032,212035,212036,1,3
212032,212035,212081,46,3
212092,212092,212093,1,0
212092,212092,212093,1,0
212092,212092,212094,2,0
212092,212092,212093,1,0
212092,212092,212093,1,0
212092,212092,212093,1,0
212092,212092,212093,1,0
212092,212092,212094,2,0
212092,212092,212094,2,0
212093,212093,212095,2,0
212093,212093,212095,2,0
212093,212093,212094,1,0
212092,212092,212094,2,0
212092,212092,212095,3,0
212092,212092,212094,2,0
212093,212093,212094,1,0
212093,212093,212095,2,0
212093,212093,212095,2,0
212092,212092,212094,2,0
212092,212092,212095,3,0
212092,212092,212094,2,0
212093,212093,212094,1,0
212093,212093,212095,2,0
212092,212092,212094,2,0
212092,212092,212095,3,0
212092,212092,212095,3,0
212093,212093,212094,1,0
212093,212093,212095,2,0
212092,212092,212095,3,0
212092,212092,212094,2,0
212093,212093,212094,1,0
212093,212093,212095,2,0
212093,212093,212094,1,0
212092,212092,212095,3,0
212092,212092,212095,3,0
212092,212092,212094,2,0
212093,212093,212095,2,0
212093,212093,212095,2,0
212093,212093,212094,1,0
212092,212092,212094,2,0
212092,212092,212095,3,0
212093,212093,212094,1,0
212093,212093,212095,2,0
212093,212093,212095,2,0
212093,212093,212094,1,0
212092,212092,212095,3,0
212092,212092,212095,3,0
212092,212092,212095,3,0
212093,212093,212094,1,0
212093,212093,212095,2,0
212093,212093,212095,2,0
212093,212093,212094,1,0
212092,212092,212094,2,0
212092,212092,212095,3,0
212092,212092,212095,3,0
212093,212093,212094,1,0
212093,212093,212095,2,0
212093,212093,212095,2,0
212093,212093,212094,1,0
212092,212092,212094,2,0
212092,212092,212095,3,0
212092,212092,212095,3,0
212093,212093,212095,2,0
212093,212093,212095,2,0
212093,212093,212094,1,0
212093,212093,212095,2,0
212093,212093,212095,2,0
212093,212093,212095,2,0
212140,212140,212141,1,0
212140,212140,212141,1,0
212140,212140,212141,1,0
212140,212140,212141,1,0
212140,212140,212141,1,0
212140,212140,212141,1,0
212140,212140,212142,2,0
212140,212140,212142,2,0
212140,212140,212142,2,0
212140,212140,212142,2,0
212140,212140,212142,2,0
212140,212140,212142,2,0
212140,212140,212142,2,0
212140,212140,212141,1,0
212140,212140,212141,1,0
212140,212140,212142,2,0
212140,212140,212142,2,0
212140,212140,212142,2,0
212140,212140,212142,2,0
212140,212140,212142,2,0
212140,212140,212142,2,0
212140,212140,212142,2,0
212140,212140,212142,2,0
212140,212140,212142,2,0
212140,212140,212142,2,0
212140,212140,212142,2,0
212140,212140,212142,2,0
212140,212140,212142,2,0
212140,212140,212142,2,0
212140,212140,212142,2,0
212140,212140,212142,2,0
212140,212140,212142,2,0
212140,212140,212142,2,0
212140,212140,212142,2,0
212093,212093,212143,50,0
212171,212171,212172,1,0
212171,212171,212172,1,0
212171,212171,212172,1,0
212171,212171,212172,1,0
212171,212171,212172,1,0
212171,212171,212172,1,0
212171,212171,212172,1,0
212171,212171,212172,1,0
212171,212171,212173,2,0
212171,212171,212173,2,0
212171,212171,212172,1,0
212171,212171,212172,1,0
212171,212171,212173,2,0
212171,212171,212173,2,0
212171,212171,212173,2,0
212171,212171,212173,2,0
212171,212171,212173,2,0
212171,212171,212173,2,0
212171,212171,212173,2,0
212171,212171,212173,2,0
212171,212171,212173,2,0
212171,212171,212173,2,0
212171,212171,212173,2,0
212171,212171,212173,2,0
212171,212171,212173,2,0
212171,212171,212173,2,0
212171,212171,212172,1,0
212171,212171,212173,2,0
212171,212171,212173,2,0
212171,212171,212172,1,0
212171,212171,212173,2,0
212171,212171,212173,2,0
212171,212171,212173,2,0
212171,212171,212173,2,0
212140,212140,212203,63,0
212203,212203,212204,1,0
212203,212203,212204,1,0
212203,212203,212204,1,0
212203,212203,212204,1,0
212203,212203,212204,1,0
212203,212203,212204,1,0
212203,212203,212204,1,0
212203,212203,212204,1,0
212203,212203,212204,1,0
212203,212203,212204,1,0
212203,212203,212204,1,0
212203,212203,212204,1,0
212203,212203,212205,2,0
212203,212203,212204,1,0
212203,212203,212204,1,0
212203,212203,212205,2,0
212203,212203,212204,1,0
212203,212203,212205,2,0
212203,212203,212204,1,0
212203,212203,212204,1,0
212203,212203,212204,1,0
212203,212203,212204,1,0
212203,212203,212204,1,0
212203,212203,212205,2,0
212203,212203,212205,2,0
212203,212203,212204,1,0
212203,212203,212204,1,0
212203,212203,212204,1,0
212203,212203,212205,2,0
212203,212203,212205,2,0
212203,212203,212205,2,0
212203,212203,212205,2,0
212220,212220,212221,1,0
212220,212220,212221,1,0
212220,212220,212221,1,0
212220,212220,212222,2,0
212220,212220,212221,1,0
212220,212220,212221,1,0
212220,212220,212222,2,0
212220,212220,212221,1,0
212220,212220,212222,2,0
212220,212220,212222,2,0
212220,212220,212222,2,0
212220,212220,212221,1,0
212220,212220,212222,2,0
212220,212220,212221,1,0
212220,212220,212222,2,0
212220,212220,212222,2,0
212220,212220,212221,1,0
212220,212220,212222,2,0
212220,212220,212221,1,0
212220,212220,212222,2,0
212220,212220,212222,2,0
212220,212220,212221,1,0
212220,212220,212222,2,0
212220,212220,212221,1,0
212220,212220,212222,2,0
212220,212220,212222,2,0
212220,212220,212223,3,0
212220,212220,212222,2,0
212220,212220,212223,3,0
212220,212220,212223,3,0
212220,212220,212222,2,0
212220,212220,212222,2,0
212220,212220,212222,2,0
212220,212220,212222,2,0
212203,212203,212257,54,0
212259,212259,212260,1,0
212259,212259,212260,1,0
212259,212259,212260,1,0
212259,212259,212260,1,0
212259,212259,212261,2,0
212259,212259,212261,2,0
212259,212259,212260,1,0
212259,212259,212260,1,0
212259,212259,212261,2,0
212259,212259,212261,2,0
212259,212259,212261,2,0
212259,212259,212261,2,0
212259,212259,212260,1,0
212259,212259,212261,2,0
212259,212259,212260,1,0
212259,212259,212261,2,0
212259,212259,212261,2,0
212259,212259,212260,1,0
212259,212259,212261,2,0
212259,212259,212261,2,0
212259,212259,212261,2,0
212259,212259,212261,2,0
212259,212259,212260,1,0
212259,212259,212261,2,0
212259,212259,212261,2,0
212259,212259,212261,2,0
212259,212259,212261,2,0
212259,212259,212261,2,0
212259,212259,212261,2,0
212259,212259,212261,2,0
212259,212259,212261,2,0
212259,212259,212261,2,0
212259,212259,212261,2,0
212259,212259,212261,2,0
212220,212220,212271,51,0
212280,212280,212281,1,0
212280,212280,212281,1,0
212280,212280,212281,1,0
212280,212280,212281,1,0
212280,212280,212281,1,0
212280,212280,212281,1,0
212280,212280,212281,1,0
212280,212280,212281,1,0
212280,212280,212281,1,0
212280,212280,212282,2,0
212280,212280,212281,1,0
212280,212280,212282,2,0
212280,212280,212282,2,0
212280,212280,212281,1,0
212280,212280,212281,1,0
212280,212280,212282,2,0
212280,212280,212282,2,0
212280,212280,212281,1,0
212280,212280,212282,2,0
212280,212280,212282,2,0
212280,212280,212281,1,0
212280,212280,212281,1,0
212280,212280,212281,1,0
212280,212280,212281,1,0
212280,212280,212281,1,0
212280,212280,212282,2,0
212280,212280,212282,2,0
212280,212280,212281,1,0
212280,212280,212282,2,0
212280,212280,212282,2,0
212280,212280,212282,2,0
212280,212280,212282,2,0
212280,212280,212282,2,0
212280,212280,212282,2,0
212237,212237,212286,49,0
212300,212300,212301,1,0
212300,212300,212301,1,0
212300,212300,212301,1,0
212300,212300,212301,1,0
212300,212300,212301,1,0
212300,212300,212301,1,0
212300,212300,212302,2,0
212300,212300,212301,1,0
212300,212300,212301,1,0
212300,212300,212302,2,0
212300,212300,212302,2,0
212300,212300,212302,2,0
212300,212300,212302,2,0
212300,212300,212302,2,0
212300,212300,212302,2,0
212300,212300,212302,2,0
212300,212300,212302,2,0
212300,212300,212302,2,0
212300,212300,212302,2,0
212300,212300,212302,2,0
212300,212300,212302,2,0
212300,212300,212302,2,0
212300,212300,212302,2,0
212300,212300,212302,2,0
212300,212300,212302,2,0
212300,212300,212302,2,0
212300,212300,212302,2,0
212300,212300,212302,2,0
212300,212300,212301,1,0
212300,212300,212302,2,0
212300,212300,212302,2,0
212300,212300,212302,2,0
212300,212300,212302,2,0
212300,212300,212302,2,0
212256,212256,212305,49,0
212254,212254,212307,53,0
212257,212257,212307,50,0
212260,212260,212310,50,0
212258,212258,212313,55,0
212262,212262,212315,53,0
212255,212255,212317,62,0
212261,212261,212318,57,0
212321,212321,212322,1,0
212321,212321,212322,1,0
212321,212321,212322,1,0
212321,212321,212322,1,0
212321,212321,212322,1,0
212321,212321,212322,1,0
212321,212321,212322,1,0
212321,212321,212322,1,0
212321,212321,212322,1,0
212321,212322,212323,1,1
212321,212322,212323,1,1
212321,212321,212323,2,0
212321,212321,212323,2,0
212321,212321,212323,2,0
212321,212321,212322,1,0
212321,212321,212323,2,0
212321,212321,212323,2,0
212321,212321,212323,2,0
212321,212321,212322,1,0
212321,212321,212322,1,0
212321,212321,212323,2,0
212321,212321,212323,2,0
212321,212321,212323,2,0
212321,212321,212323,2,0
212321,212321,212323,2,0
212321,212321,212323,2,0
212321,212321,212323,2,0
212321,212321,212323,2,0
212321,212321,212323,2,0
212321,212321,212323,2,0
212321,212321,212322,1,0
212321,212321,212323,2,0
212321,212321,212323,2,0
212321,212321,212323,2,0
212321,212321,212323,2,0
212321,212321,212323,2,0
212321,212321,212323,2,0
212321,212321,212323,2,0
212321,212321,212323,2,0
212321,212321,212322,1,0
212321,212321,212323,2,0
212321,212321,212323,2,0
212321,212321,212322,1,0
212321,212321,212323,2,0
212321,212321,212323,2,0
212321,212321,212322,1,0
212321,212321,212323,2,0
212321,212321,212323,2,0
212321,212321,212323,2,0
212321,212321,212323,2,0
212321,212321,212323,2,0
212321,212321,212323,2,0
212321,212321,212323,2,0
212321,212321,212323,2,0
212321,212321,212323,2,0
212321,212321,212323,2,0
212321,212321,212323,2,0
212321,212321,212323,2,0
212321,212321,212323,2,0
212321,212321,212323,2,0
212321,212321,212323,2,0
212321,212321,212323,2,0
212321,212321,212324,3,0
212321,212321,212324,3,0
212321,212322,212324,2,1
212321,212322,212324,2,1
212321,212322,212324,2,1
212321,212322,212324,2,1
212321,212321,212324,3,0
212321,212321,212324,3,0
212321,212321,212324,3,0
212321,212322,212324,2,1
212321,212321,212324,3,0
212321,212321,212324,3,0
212321,212321,212324,3,0
212321,212323,212325,2,2
212321,212323,212325,2,2
212321,212324,212325,1,3
212321,212324,212325,1,3
212321,212323,212324,1,2
212321,212324,212325,1,3
212324,212324,212325,1,0
212321,212321,212324,3,0
212321,212323,212324,1,2
212321,212323,212325,2,2
212321,212323,212325,2,2
212321,212321,212324,3,0
212321,212323,212324,1,2
212321,212324,212325,1,3
212324,212324,212325,1,0
212321,212323,212324,1,2
212321,212323,212325,2,2
212321,212323,212325,2,2
212324,212325,212326,1,1
212324,212325,212326,1,1
212321,212324,212325,1,3
212321,212324,212325,1,3
212321,212324,212325,1,3
212321,212324,212325,1,3
212321,212324,212325,1,3
212321,212324,212325,1,3
212321,212324,212325,1,3
212321,212324,212325,1,3
212321,212324,212325,1,3
212321,212324,212326,2,3
212321,212324,212326,2,3
212321,212324,212325,1,3
212321,212324,212326,2,3
212321,212324,212326,2,3
212321,212324,212325,1,3
212321,212324,212326,2,3
212321,212324,212326,2,3
212321,212324,212325,1,3
212321,212324,212326,2,3
212321,212324,212326,2,3
212321,212324,212326,2,3
212321,212324,212326,2,3
212321,212324,212326,2,3
212324,212324,212325,1,0
212321,212324,212326,2,3
212321,212324,212326,2,3
212321,212324,212325,1,3
212321,212324,212325,1,3
212321,212324,212325,1,3
212321,212324,212325,1,3
212321,212324,212326,2,3
212321,212324,212325,1,3
212321,212324,212325,1,3
212321,212324,212326,2,3
212321,212324,212326,2,3
212321,212324,212326,2,3
212324,212325,212326,1,1
212325,212326,212327,1,1
212321,212324,212326,2,3
212324,212325,212327,2,1
212325,212326,212327,1,1
212325,212326,212327,1,1
212324,212325,212327,2,1
212324,212325,212327,2,1
212324,212325,212327,2,1
212325,212326,212327,1,1
212325,212326,212327,1,1
212321,212324,212326,2,3
212321,212324,212326,2,3
212321,212324,212326,2,3
212321,212324,212326,2,3
212324,212325,212327,2,1
212324,212325,212327,2,1
212321,212324,212326,2,3
212321,212324,212326,2,3
212321,212324,212326,2,3
212324,212325,212327,2,1
212324,212325,212327,2,1
212324,212325,212327,2,1
212324,212325,212327,2,1
212324,212325,212327,2,1
212324,212325,212327,2,1
212324,212325,212327,2,1
212324,212325,212327,2,1
212324,212325,212327,2,1
212324,212325,212327,2,1
212321,212324,212326,2,3
212321,212324,212326,2,3
212324,212325,212327,2,1
212324,212325,212327,2,1
212324,212325,212327,2,1
212324,212325,212327,2,1
212324,212326,212327,1,2
212324,212326,212327,1,2
212324,212326,212327,1,2
212324,212326,212327,1,2
212325,212326,212327,1,1
212325,212326,212327,1,1
212325,212326,212328,2,1
212325,212326,212328,2,1
212325,212326,212328,2,1
212325,212326,212328,2,1
212325,212326,212328,2,1
212325,212326,212328,2,1
212325,212326,212328,2,1
212325,212326,212328,2,1
212324,212325,212327,2,1
212325,212326,212328,2,1
212325,212326,212328,2,1
212325,212326,212328,2,1
212324,212325,212327,2,1
212325,212326,212328,2,1
212325,212326,212328,2,1
212324,212325,212327,2,1
212325,212326,212328,2,1
212325,212326,212328,2,1
212325,212326,212328,2,1
212325,212326,212328,2,1
212325,212326,212328,2,1
212325,212326,212328,2,1
212325,212327,212328,1,2
212325,212327,212328,1,2
212325,212326,212328,2,1
212325,212326,212328,2,1
212325,212326,212328,2,1
212325,212326,212328,2,1
212325,212326,212328,2,1
212325,212326,212328,2,1
212282,212282,212330,48,0
212283,212283,212347,64,0
212303,212303,212362,59,0
212301,212301,212363,62,0
212375,212375,212376,1,0
212375,212375,212376,1,0
212375,212375,212376,1,0
212375,212375,212376,1,0
212375,212375,212376,1,0
212375,212375,212377,2,0
212375,212375,212376,1,0
212375,212375,212376,1,0
212375,212375,212377,2,0
212375,212375,212377,2,0
212375,212376,212377,1,1
212375,212376,212377,1,1
212375,212376,212378,2,1
212375,212376,212377,1,1
212375,212376,212377,1,1
212375,212376,212378,2,1
212375,212375,212377,2,0
212375,212375,212378,3,0
212375,212375,212377,2,0
212375,212376,212377,1,1
212375,212376,212377,1,1
212375,212376,212377,1,1
212375,212376,212377,1,1
212375,212376,212378,2,1
212375,212375,212378,3,0
212375,212375,212377,2,0
212375,212375,212377,2,0
212375,212376,212377,1,1
212375,212376,212377,1,1
212375,212376,212377,1,1
212375,212376,212377,1,1
212375,212375,212378,3,0
212375,212375,212377,2,0
212375,212376,212377,1,1
212375,212376,212377,1,1
212375,212376,212378,2,1
212375,212376,212378,2,1
212375,212375,212377,2,0
212375,212375,212377,2,0
212375,212375,212377,2,0
212375,212376,212378,2,1
212375,212376,212377,1,1
212375,212375,212378,3,0
212375,212375,212377,2,0
212375,212376,212377,1,1
212375,212376,212377,1,1
212375,212376,212377,1,1
212375,212376,212377,1,1
212375,212375,212377,2,0
212375,212375,212377,2,0
212375,212376,212377,1,1
212375,212376,212378,2,1
212375,212376,212377,1,1
212375,212376,212377,1,1
212375,212375,212378,3,0
212375,212375,212377,2,0
212375,212375,212377,2,0
212375,212376,212377,1,1
212375,212376,212377,1,1
212375,212376,212378,2,1
212375,212376,212377,1,1
212375,212375,212377,2,0
212375,212375,212377,2,0
212375,212375,212377,2,0
212375,212376,212377,1,1
212375,212376,212378,2,1
212375,212376,212378,2,1
212375,212376,212377,1,1
212375,212375,212377,2,0
212375,212375,212378,3,0
212375,212375,212377,2,0
212375,212376,212377,1,1
212375,212376,212377,1,1
212375,212376,212377,1,1
212375,212376,212377,1,1
212375,212376,212378,2,1
212375,212376,212378,2,1
212375,212377,212379,2,2
212375,212377,212378,1,2
212375,212377,212379,2,2
212375,212377,212378,1,2
212375,212377,212378,1,2
212375,212377,212378,1,2
212375,212376,212378,2,1
212322,212324,212378,54,2
212375,212377,212379,2,2
212375,212377,212379,2,2
212375,212378,212379,1,3
212375,212378,212380,2,3
212375,212378,212379,1,3
212375,212378,212379,1,3
212375,212378,212380,2,3
212375,212378,212380,2,3
212375,212378,212380,2,3
212375,212378,212379,1,3
212375,212378,212380,2,3
212375,212378,212380,2,3
212375,212378,212380,2,3
212375,212378,212380,2,3
212375,212378,212380,2,3
212375,212378,212380,2,3
212375,212378,212380,2,3
212375,212378,212379,1,3
212325,212327,212380,53,2
212421,212422,212423,1,1
212421,212422,212423,1,1
212421,212422,212423,1,1
212422,212422,212423,1,0
212421,212422,212423,1,1
212421,212422,212423,1,1
212422,212422,212423,1,0
212422,212422,212424,2,0
212422,212422,212424,2,0
212422,212422,212424,2,0
212421,212422,212423,1,1
212421,212422,212424,2,1
212421,212422,212424,2,1
212422,212422,212423,1,0
212422,212422,212424,2,0
212422,212422,212424,2,0
212421,212422,212424,2,1
212421,212422,212424,2,1
212421,212422,212423,1,1
212422,212422,212424,2,0
212422,212422,212424,2,0
212422,212422,212424,2,0
212422,212422,212424,2,0
212421,212422,212424,2,1
212422,212422,212423,1,0
212422,212422,212424,2,0
212422,212422,212424,2,0
212422,212422,212423,1,0
212421,212422,212423,1,1
212421,212422,212424,2,1
212421,212422,212424,2,1
212422,212422,212423,1,0
212422,212422,212424,2,0
212422,212422,212424,2,0
212421,212422,212424,2,1
212421,212422,212424,2,1
212421,212422,212423,1,1
212422,212422,212424,2,0
212422,212422,212424,2,0
212422,212422,212424,2,0
212422,212422,212424,2,0
212421,212422,212424,2,1
212421,212422,212424,2,1
212422,212422,212423,1,0
212422,212422,212424,2,0
212421,212422,212424,2,1
212421,212422,212424,2,1
212421,212422,212423,1,1
212422,212422,212424,2,0
212422,212422,212424,2,0
212422,212422,212424,2,0
212422,212422,212424,2,0
212421,212422,212424,2,1
212421,212422,212424,2,1
212422,212422,212423,1,0
212422,212422,212424,2,0
212422,212422,212424,2,0
212422,212422,212424,2,0
212422,212422,212424,2,0
212421,212422,212424,2,1
212421,212422,212424,2,1
212422,212422,212423,1,0
212422,212422,212424,2,0
212422,212422,212424,2,0
212421,212422,212424,2,1
212422,212423,212425,2,1
212422,212422,212424,2,0
212422,212422,212424,2,0
212422,212422,212424,2,0
212422,212423,212425,2,1
212422,212422,212424,2,0
212422,212422,212425,3,0
212422,212422,212425,3,0
212422,212422,212424,2,0
212422,212423,212425,2,1
212422,212423,212425,2,1
212422,212424,212425,1,2
212422,212423,212425,2,1
212422,212423,212425,2,1
212422,212423,212425,2,1
212422,212422,212424,2,0
212422,212423,212425,2,1
212422,212423,212425,2,1
212422,212424,212426,2,2
212422,212424,212426,2,2
212422,212424,212426,2,2
212422,212423,212425,2,1
212422,212424,212426,2,2
212422,212424,212426,2,2
212422,212424,212426,2,2
212422,212424,212426,2,2
212422,212424,212426,2,2
212422,212424,212426,2,2
212422,212424,212426,2,2
212422,212424,212426,2,2
212422,212424,212426,2,2
212376,212378,212433,55,2
212469,212470,212471,1,1
212469,212470,212471,1,1
212469,212470,212471,1,1
212469,212470,212471,1,1
212469,212470,212471,1,1
212470,212470,212472,2,0
212470,212470,212472,2,0
212469,212470,212471,1,1
212469,212470,212471,1,1
212470,212470,212471,1,0
212470,212470,212472,2,0
212470,212470,212472,2,0
212469,212470,212471,1,1
212469,212470,212472,2,1
212469,212470,212471,1,1
212470,212470,212472,2,0
212469,212470,212472,2,1
212469,212470,212472,2,1
212469,212470,212472,2,1
212470,212470,212472,2,0
212470,212470,212472,2,0
212469,212470,212471,1,1
212469,212470,212472,2,1
212470,212470,212471,1,0
212470,212470,212472,2,0
212469,212470,212472,2,1
212469,212470,212472,2,1
212469,212470,212471,1,1
212470,212470,212471,1,0
212470,212470,212472,2,0
212470,212470,212472,2,0
212469,212470,212472,2,1
212469,212470,212471,1,1
212470,212470,212471,1,0
212470,212470,212472,2,0
212470,212470,212472,2,0
212470,212470,212472,2,0
212469,212470,212471,1,1
212469,212470,212472,2,1
212470,212470,212471,1,0
212470,212470,212472,2,0
212469,212470,212472,2,1
212469,212470,212472,2,1
212469,212470,212471,1,1
212470,212470,212471,1,0
212470,212470,212472,2,0
212470,212470,212472,2,0
212469,212470,212472,2,1
212469,212470,212472,2,1
212470,212470,212471,1,0
212470,212470,212472,2,0
212470,212470,212472,2,0
212469,212470,212472,2,1
212470,212470,212472,2,0
212470,212470,212472,2,0
212470,212470,212472,2,0
212470,212470,212472,2,0
212470,212470,212472,2,0
212470,212470,212472,2,0
212470,212470,212472,2,0
212470,212470,212472,2,0
212470,212470,212472,2,0
212515,212516,212517,1,1
212515,212516,212517,1,1
212515,212516,212517,1,1
212515,212516,212517,1,1
212515,212516,212517,1,1
212515,212516,212517,1,1
212515,212516,212517,1,1
212515,212516,212517,1,1
212515,212516,212517,1,1
212515,212516,212517,1,1
212515,212516,212517,1,1
212515,212516,212517,1,1
212515,212516,212517,1,1
212515,212516,212517,1,1
212515,212516,212517,1,1
212515,212516,212517,1,1
212515,212516,212517,1,1
212515,212516,212517,1,1
212515,212516,212517,1,1
212515,212516,212517,1,1
212515,212516,212517,1,1
212515,212516,212518,2,1
212515,212516,212517,1,1
212515,212516,212517,1,1
212515,212516,212518,2,1
212515,212516,212517,1,1
212515,212516,212517,1,1
212515,212516,212517,1,1
212515,212516,212518,2,1
212470,212470,212521,51,0
212546,212546,212547,1,0
212546,212546,212547,1,0
212546,212546,212548,2,0
212546,212546,212548,2,0
212546,212546,212547,1,0
212546,212546,212548,2,0
212546,212546,212548,2,0
212546,212546,212548,2,0
212546,212546,212548,2,0
212546,212546,212548,2,0
212546,212546,212548,2,0
212546,212546,212548,2,0
212546,212546,212548,2,0
212546,212546,212547,1,0
212546,212546,212548,2,0
212546,212546,212548,2,0
212546,212546,212548,2,0
212546,212546,212547,1,0
212546,212546,212548,2,0
212546,212546,212548,2,0
212546,212546,212547,1,0
212546,212546,212548,2,0
212546,212546,212548,2,0
212546,212546,212548,2,0
212546,212546,212548,2,0
212546,212546,212548,2,0
212546,212546,212548,2,0
212546,212546,212548,2,0
212546,212546,212548,2,0
212546,212546,212548,2,0
212546,212546,212548,2,0
212546,212546,212549,3,0
212546,212546,212548,2,0
212546,212546,212548,2,0
212516,212516,212566,50,0
212578,212578,212579,1,0
212578,212578,212579,1,0
212578,212578,212579,1,0
212578,212578,212579,1,0
212578,212578,212580,2,0
212578,212578,212580,2,0
212578,212578,212580,2,0
212578,212578,212580,2,0
212578,212578,212580,2,0
212578,212578,212579,1,0
212578,212578,212580,2,0
212578,212578,212580,2,0
212578,212578,212579,1,0
212578,212578,212580,2,0
212578,212578,212579,1,0
212578,212578,212580,2,0
212578,212578,212580,2,0
212578,212578,212580,2,0
212578,212578,212580,2,0
212578,212578,212580,2,0
212578,212578,212580,2,0
212578,212578,212580,2,0
212578,212578,212580,2,0
212578,212578,212580,2,0
212578,212578,212580,2,0
212578,212578,212580,2,0
212578,212578,212580,2,0
212578,212578,212580,2,0
212578,212578,212580,2,0
212578,212578,212580,2,0
212578,212578,212580,2,0
212578,212578,212580,2,0
212578,212578,212580,2,0
212578,212578,212580,2,0
212547,212547,212599,52,0
212600,212600,212601,1,0
212600,212600,212601,1,0
212600,212600,212601,1,0
212600,212600,212601,1,0
212600,212600,212601,1,0
212600,212600,212602,2,0
212600,212600,212602,2,0
212600,212600,212602,2,0
212600,212600,212602,2,0
212600,212600,212602,2,0
212600,212600,212602,2,0
212600,212600,212602,2,0
212600,212600,212602,2,0
212600,212600,212602,2,0
212600,212600,212602,2,0
212600,212600,212602,2,0
212600,212600,212602,2,0
212600,212600,212602,2,0
212600,212600,212602,2,0
212600,212600,212602,2,0
212600,212600,212602,2,0
212600,212600,212602,2,0
212600,212600,212602,2,0
212600,212600,212602,2,0
212600,212600,212602,2,0
212600,212600,212602,2,0
212600,212600,212602,2,0
212600,212600,212602,2,0
212600,212600,212602,2,0
212600,212600,212602,2,0
212600,212600,212603,3,0
212600,212600,212603,3,0
212600,212600,212603,3,0
212600,212600,212603,3,0
212581,212581,212632,51,0
212634,212634,212635,1,0
212579,212580,212634,54,1
212634,212634,212635,1,0
212634,212634,212635,1,0
212634,212634,212635,1,0
212634,212634,212636,2,0
212634,212634,212636,2,0
212634,212634,212635,1,0
212634,212634,212635,1,0
212634,212634,212636,2,0
212634,212634,212636,2,0
212634,212634,212636,2,0
212634,212634,212636,2,0
212634,212634,212636,2,0
212634,212634,212636,2,0
212634,212634,212636,2,0
212634,212634,212636,2,0
212634,212634,212636,2,0
212634,212634,212636,2,0
212634,212634,212635,1,0
212634,212634,212636,2,0
212634,212634,212636,2,0
212634,212634,212636,2,0
212634,212634,212636,2,0
212634,212634,212636,2,0
212634,212634,212636,2,0
212634,212634,212636,2,0
212636,212636,212637,1,0
212634,212634,212636,2,0
212634,212634,212637,3,0
212636,212636,212637,1,0
212634,212634,212637,3,0
212634,212634,212637,3,0
212636,212636,212637,1,0
212636,212636,212637,1,0
212636,212636,212637,1,0
212636,212636,212638,2,0
212636,212636,212638,2,0
212636,212636,212638,2,0
212636,212636,212638,2,0
212636,212636,212638,2,0
212636,212636,212638,2,0
212636,212636,212638,2,0
212636,212636,212637,1,0
212636,212636,212638,2,0
212636,212636,212638,2,0
212636,212636,212638,2,0
212636,212636,212638,2,0
212636,212636,212638,2,0
212636,212636,212638,2,0
212636,212636,212638,2,0
212634,212634,212637,3,0
212636,212636,212638,2,0
212636,212636,212638,2,0
212636,212636,212638,2,0
212636,212636,212638,2,0
212636,212636,212638,2,0
212636,212636,212638,2,0
212636,212636,212638,2,0
212636,212636,212638,2,0
212636,212636,212638,2,0
212636,212636,212638,2,0
212636,212636,212638,2,0
212636,212636,212638,2,0
212636,212636,212638,2,0
212636,212636,212639,3,0
212634,212638,212639,1,4
212634,212638,212639,1,4
212578,212578,212640,62,0
212599,212599,212649,50,0
212603,212603,212653,50,0
212602,212602,212655,53,0
212657,212657,212658,1,0
212657,212657,212658,1,0
212657,212657,212658,1,0
212657,212657,212658,1,0
212657,212657,212658,1,0
212657,212657,212658,1,0
212657,212657,212658,1,0
212657,212657,212659,2,0
212657,212657,212659,2,0
212657,212657,212659,2,0
212657,212657,212659,2,0
212657,212657,212659,2,0
212657,212657,212659,2,0
212657,212658,212659,1,1
212657,212657,212660,3,0
212657,212658,212659,1,1
212657,212658,212660,2,1
212657,212658,212659,1,1
212657,212657,212660,3,0
212657,212657,212659,2,0
212657,212657,212659,2,0
212657,212658,212660,2,1
212657,212658,212659,1,1
212657,212657,212660,3,0
212657,212657,212659,2,0
212657,212658,212660,2,1
212657,212658,212659,1,1
212657,212657,212659,2,0
212657,212657,212660,3,0
212657,212657,212659,2,0
212657,212658,212659,1,1
212657,212658,212660,2,1
212657,212657,212659,2,0
212657,212657,212660,3,0
212657,212658,212659,1,1
212657,212658,212660,2,1
212657,212658,212659,1,1
212657,212658,212659,1,1
212657,212657,212660,3,0
212657,212657,212659,2,0
212657,212658,212659,1,1
212657,212658,212660,2,1
212657,212658,212659,1,1
212657,212657,212660,3,0
212657,212657,212659,2,0
212657,212658,212659,1,1
212657,212658,212660,2,1
212657,212658,212660,2,1
212657,212658,212660,2,1
212657,212657,212660,3,0
212657,212658,212660,2,1
212657,212658,212660,2,1
212657,212658,212660,2,1
212657,212658,212660,2,1
212657,212657,212660,3,0
212657,212658,212660,2,1
212657,212658,212660,2,1
212657,212658,212660,2,1
212657,212658,212660,2,1
212657,212658,212660,2,1
212657,212658,212660,2,1
212657,212658,212660,2,1
212657,212658,212660,2,1
212657,212657,212660,3,0
212657,212658,212660,2,1
212657,212660,212662,2,3
212657,212660,212662,2,3
212657,212660,212661,1,3
212601,212601,212664,63,0
212622,212622,212676,54,0
212625,212625,212677,52,0
212627,212627,212679,52,0
212621,212621,212679,58,0
212623,212623,212682,59,0
212633,212633,212683,50,0
212629,212629,212684,55,0
212691,212691,212692,1,0
212637,212637,212692,55,0
212691,212691,212692,1,0
212691,212691,212692,1,0
212691,212691,212692,1,0
212691,212691,212692,1,0
212691,212691,212692,1,0
212691,212691,212692,1,0
212691,212691,212692,1,0
212691,212691,212692,1,0
212691,212691,212693,2,0
212691,212691,212693,2,0
212691,212691,212693,2,0
212691,212691,212693,2,0
212691,212691,212693,2,0
212691,212691,212693,2,0
212691,212691,212693,2,0
212691,212691,212693,2,0
212691,212691,212693,2,0
212691,212691,212693,2,0
212691,212691,212693,2,0
212691,212691,212693,2,0
212691,212691,212693,2,0
212691,212691,212693,2,0
212691,212691,212693,2,0
212691,212691,212693,2,0
212691,212691,212693,2,0
212691,212691,212693,2,0
212691,212691,212693,2,0
212691,212691,212693,2,0
212691,212691,212693,2,0
212691,212691,212693,2,0
212691,212691,212693,2,0
212691,212691,212693,2,0
212691,212691,212693,2,0
212691,212691,212693,2,0
212691,212691,212693,2,0
212691,212691,212693,2,0
212691,212691,212693,2,0
212691,212691,212693,2,0
212691,212691,212693,2,0
212691,212691,212693,2,0
212691,212691,212693,2,0
212691,212691,212693,2,0
212691,212691,212693,2,0
212691,212691,212693,2,0
212691,212691,212693,2,0
212691,212691,212693,2,0
212691,212691,212693,2,0
212691,212691,212693,2,0
212691,212691,212693,2,0
212691,212691,212693,2,0
212691,212691,212693,2,0
212691,212691,212693,2,0
212691,212691,212693,2,0
212691,212691,212693,2,0
212691,212691,212693,2,0
212691,212691,212693,2,0
212691,212691,212693,2,0
212691,212691,212693,2,0
212691,212691,212693,2,0
212691,212691,212693,2,0
212691,212691,212693,2,0
212691,212691,212693,2,0
212691,212691,212693,2,0
212691,212691,212693,2,0
212691,212691,212694,3,0
212691,212691,212694,3,0
212691,212691,212694,3,0
212691,212691,212694,3,0
212691,212691,212694,3,0
212691,212691,212694,3,0
212691,212693,212694,1,2
212691,212694,212695,1,3
212691,212691,212694,3,0
212691,212691,212694,3,0
212691,212693,212694,1,2
212691,212693,212694,1,2
212691,212694,212695,1,3
212691,212693,212695,2,2
212691,212693,212694,1,2
212691,212694,212695,1,3
212691,212691,212694,3,0
212691,212693,212694,1,2
212691,212691,212694,3,0
212691,212693,212694,1,2
212691,212691,212694,3,0
212691,212693,212694,1,2
212691,212694,212695,1,3
212691,212694,212696,2,3
212691,212694,212696,2,3
212691,212694,212695,1,3
212691,212694,212696,2,3
212691,212694,212695,1,3
212691,212694,212695,1,3
212691,212694,212695,1,3
212691,212693,212695,2,2
212691,212694,212696,2,3
212691,212694,212695,1,3
212691,212694,212695,1,3
212691,212694,212695,1,3
212691,212694,212695,1,3
212691,212694,212696,2,3
212691,212694,212695,1,3
212691,212694,212695,1,3
212691,212694,212696,2,3
212691,212694,212696,2,3
212691,212693,212696,3,2
212691,212694,212695,1,3
212691,212694,212696,2,3
212691,212694,212695,1,3
212691,212694,212696,2,3
212691,212694,212696,2,3
212691,212694,212695,1,3
212691,212694,212696,2,3
212691,212694,212696,2,3
212691,212694,212696,2,3
212691,212694,212696,2,3
212691,212694,212695,1,3
212691,212694,212695,1,3
212691,212694,212696,2,3
212691,212694,212696,2,3
212691,212694,212695,1,3
212691,212694,212695,1,3
212691,212694,212696,2,3
212691,212694,212695,1,3
212691,212694,212695,1,3
212691,212694,212696,2,3
212691,212694,212696,2,3
212691,212694,212696,2,3
212691,212694,212695,1,3
212691,212694,212695,1,3
212691,212694,212696,2,3
212691,212694,212696,2,3
212691,212695,212696,1,4
212691,212694,212696,2,3
212691,212694,212696,2,3
212691,212695,212696,1,4
212692,212696,212697,1,4
212692,212696,212697,1,4
212691,212694,212696,2,3
212692,212696,212697,1,4
212692,212696,212697,1,4
212692,212696,212697,1,4
212692,212696,212697,1,4
212692,212696,212697,1,4
212691,212694,212696,2,3
212691,212694,212696,2,3
212691,212695,212697,2,4
212691,212695,212697,2,4
212691,212695,212697,2,4
212691,212694,212696,2,3
212691,212694,212696,2,3
212691,212695,212697,2,4
212691,212695,212697,2,4
212691,212694,212696,2,3
212691,212694,212697,3,3
212691,212695,212697,2,4
212691,212695,212697,2,4
212691,212695,212697,2,4
212691,212694,212696,2,3
212691,212694,212696,2,3
212691,212695,212697,2,4
212691,212695,212697,2,4
212691,212695,212696,1,4
212691,212695,212697,2,4
212691,212695,212697,2,4
212691,212695,212697,2,4
212691,212695,212697,2,4
212691,212695,212697,2,4
212691,212695,212697,2,4
212691,212695,212697,2,4
212691,212696,212697,1,5
212691,212696,212697,1,5
212691,212696,212697,1,5
212691,212696,212697,1,5
212691,212696,212697,1,5
212692,212696,212698,2,4
212692,212696,212698,2,4
212692,212696,212698,2,4
212692,212696,212698,2,4
212692,212696,212698,2,4
212692,212696,212698,2,4
212692,212696,212698,2,4
212692,212696,212698,2,4
212692,212696,212698,2,4
212692,212696,212698,2,4
212692,212696,212698,2,4
212691,212695,212698,3,4
212692,212696,212698,2,4
212692,212696,212698,2,4
212692,212696,212698,2,4
212692,212696,212698,2,4
212692,212696,212698,2,4
212692,212696,212698,2,4
212692,212696,212698,2,4
212692,212696,212698,2,4
212692,212696,212698,2,4
212692,212696,212698,2,4
212692,212696,212698,2,4
212692,212696,212698,2,4
212692,212696,212698,2,4
212638,212638,212699,61,0
212692,212696,212698,2,4
212692,212696,212698,2,4
212692,212696,212699,3,4
212630,212630,212704,74,0
212640,212640,212706,66,0
212692,212696,212744,48,4
212754,212754,212755,1,0
212754,212754,212755,1,0
212754,212754,212755,1,0
212754,212754,212755,1,0
212754,212754,212755,1,0
212754,212754,212755,1,0
212754,212754,212756,2,0
212754,212754,212755,1,0
212754,212754,212755,1,0
212754,212754,212755,1,0
212754,212754,212755,1,0
212754,212754,212756,2,0
212754,212754,212755,1,0
212754,212754,212755,1,0
212754,212754,212755,1,0
212754,212754,212756,2,0
212754,212754,212756,2,0
212754,212754,212756,2,0
212754,212754,212756,2,0
212754,212755,212756,1,1
212754,212754,212756,2,0
212754,212754,212756,2,0
212754,212754,212756,2,0
212754,212755,212756,1,1
212754,212754,212756,2,0
212754,212754,212756,2,0
212754,212755,212757,2,1
212754,212755,212756,1,1
212754,212754,212756,2,0
212754,212754,212756,2,0
212754,212754,212756,2,0
212754,212754,212757,3,0
212754,212755,212756,1,1
212754,212754,212756,2,0
212754,212754,212756,2,0
212754,212754,212757,3,0
212754,212754,212756,2,0
212754,212755,212756,1,1
212754,212754,212756,2,0
212754,212754,212756,2,0
212754,212754,212756,2,0
212754,212754,212757,3,0
212754,212755,212756,1,1
212754,212754,212756,2,0
212754,212754,212756,2,0
212754,212754,212757,3,0
212754,212755,212756,1,1
212754,212754,212756,2,0
212754,212754,212756,2,0
212754,212754,212756,2,0
212754,212754,212757,3,0
212754,212754,212756,2,0
212754,212755,212756,1,1
212754,212754,212756,2,0
212754,212754,212756,2,0
212754,212754,212756,2,0
212754,212755,212756,1,1
212754,212755,212757,2,1
212754,212754,212756,2,0
212754,212754,212756,2,0
212754,212755,212756,1,1
212754,212754,212757,3,0
212754,212754,212757,3,0
212754,212755,212757,2,1
212754,212754,212757,3,0
212754,212754,212757,3,0
212754,212755,212757,2,1
212754,212756,212757,1,2
212754,212757,212758,1,3
212754,212754,212757,3,0
212754,212754,212757,3,0
212754,212755,212757,2,1
212754,212756,212757,1,2
212754,212757,212758,1,3
212754,212754,212758,4,0
212754,212754,212757,3,0
212754,212756,212758,2,2
212754,212756,212757,1,2
212754,212754,212757,3,0
212754,212756,212757,1,2
212754,212756,212757,1,2
212754,212756,212757,1,2
212754,212754,212757,3,0
212754,212754,212757,3,0
212754,212756,212758,2,2
212754,212754,212757,3,0
212754,212754,212757,3,0
212754,212754,212757,3,0
212754,212755,212757,2,1
212754,212756,212757,1,2
212755,212757,212758,1,2
212754,212754,212758,4,0
212754,212756,212758,2,2
212754,212756,212757,1,2
212754,212756,212757,1,2
212754,212756,212758,2,2
212755,212757,212758,1,2
212754,212757,212758,1,3
212754,212757,212758,1,3
212754,212757,212758,1,3
212754,212757,212758,1,3
212754,212757,212758,1,3
212755,212758,212759,1,3
212755,212758,212759,1,3
212754,212757,212758,1,3
212754,212757,212758,1,3
212754,212757,212759,2,3
212754,212757,212759,2,3
212754,212757,212758,1,3
212755,212757,212758,1,2
212754,212757,212759,2,3
212754,212757,212759,2,3
212754,212757,212759,2,3
212754,212757,212758,1,3
212755,212757,212758,1,2
212754,212757,212758,1,3
212754,212757,212759,2,3
212754,212757,212759,2,3
212754,212757,212759,2,3
212754,212757,212759,2,3
212754,212756,212758,2,2
212754,212757,212759,2,3
212754,212757,212759,2,3
212754,212757,212759,2,3
212754,212757,212759,2,3
212754,212757,212758,1,3
212754,212757,212758,1,3
212754,212757,212759,2,3
212754,212757,212759,2,3
212754,212757,212758,1,3
212755,212757,212758,1,2
212754,212756,212758,2,2
212754,212757,212759,2,3
212754,212757,212759,2,3
212754,212757,212758,1,3
212754,212757,212759,2,3
212754,212757,212759,2,3
212754,212757,212759,2,3
212754,212757,212758,1,3
212755,212758,212759,1,3
212755,212758,212760,2,3
212754,212757,212759,2,3
212755,212758,212760,2,3
212755,212758,212760,2,3
212755,212758,212760,2,3
212755,212758,212760,2,3
212755,212758,212759,1,3
212755,212758,212760,2,3
212755,212758,212760,2,3
212755,212758,212760,2,3
212755,212758,212759,1,3
212755,212758,212760,2,3
212755,212758,212760,2,3
212755,212758,212760,2,3
212755,212758,212760,2,3
212755,212758,212760,2,3
212755,212758,212760,2,3
212755,212758,212760,2,3
212755,212758,212760,2,3
212755,212758,212760,2,3
212755,212758,212760,2,3
212755,212758,212760,2,3
212755,212758,212760,2,3
212755,212758,212760,2,3
212755,212758,212760,2,3
212755,212758,212761,3,3
212755,212758,212760,2,3
212755,212758,212806,48,3
212818,212818,212819,1,0
212818,212818,212819,1,0
212818,212818,212820,2,0
212818,212819,212820,1,1
212818,212818,212819,1,0
212818,212818,212819,1,0
212818,212818,212819,1,0
212818,212818,212821,3,0
212818,212818,212820,2,0
212818,212819,212820,1,1
212818,212819,212821,2,1
212818,212819,212821,2,1
212818,212819,212820,1,1
212818,212818,212821,3,0
212818,212818,212821,3,0
212818,212818,212820,2,0
212818,212819,212820,1,1
212818,212819,212821,2,1
212818,212819,212821,2,1
212818,212819,212820,1,1
212818,212818,212821,3,0
212818,212818,212820,2,0
212818,212819,212820,1,1
212818,212819,212821,2,1
212818,212819,212821,2,1
212818,212819,212820,1,1
212818,212819,212820,1,1
212818,212818,212820,2,0
212818,212818,212820,2,0
212818,212818,212820,2,0
212818,212819,212821,2,1
212818,212819,212820,1,1
212818,212819,212821,2,1
212818,212818,212821,3,0
212818,212818,212821,3,0
212818,212818,212820,2,0
212818,212819,212820,1,1
212818,212819,212821,2,1
212818,212819,212820,1,1
212818,212819,212820,1,1
212818,212818,212821,3,0
212818,212818,212820,2,0
212818,212818,212820,2,0
212818,212819,212820,1,1
212818,212819,212821,2,1
212818,212819,212820,1,1
212818,212818,212821,3,0
212818,212818,212821,3,0
212818,212818,212821,3,0
212818,212819,212820,1,1
212818,212819,212821,2,1
212818,212819,212820,1,1
212818,212818,212821,3,0
212818,212818,212820,2,0
212818,212819,212820,1,1
212818,212819,212821,2,1
212818,212819,212820,1,1
212818,212818,212820,2,0
212818,212818,212820,2,0
212818,212819,212821,2,1
212818,212819,212821,2,1
212818,212819,212820,1,1
212818,212819,212820,1,1
212818,212818,212821,3,0
212818,212818,212820,2,0
212818,212819,212821,2,1
212818,212819,212820,1,1
212818,212819,212820,1,1
212818,212819,212821,2,1
212818,212820,212821,1,2
212818,212819,212821,2,1
212818,212820,212821,1,2
212818,212818,212821,3,0
212818,212819,212821,2,1
212818,212820,212821,1,2
212818,212818,212821,3,0
212818,212820,212821,1,2
212818,212819,212821,2,1
212818,212820,212822,2,2
212818,212820,212822,2,2
212818,212819,212821,2,1
212818,212819,212821,2,1
212818,212819,212821,2,1
212818,212818,212821,3,0
212818,212819,212821,2,1
212818,212819,212821,2,1
212818,212820,212821,1,2
212818,212821,212822,1,3
212818,212821,212823,2,3
212818,212821,212822,1,3
212818,212821,212822,1,3
212818,212821,212822,1,3
212818,212821,212823,2,3
212818,212821,212823,2,3
212818,212821,212822,1,3
212818,212821,212822,1,3
212818,212821,212823,2,3
212818,212821,212822,1,3
212818,212821,212823,2,3
212818,212821,212823,2,3
212818,212821,212823,2,3
212818,212821,212823,2,3
212878,212878,212879,1,0
212878,212878,212879,1,0
212878,212878,212879,1,0
212878,212878,212879,1,0
212878,212878,212880,2,0
212878,212878,212880,2,0
212878,212878,212880,2,0
212878,212878,212880,2,0
212878,212878,212880,2,0
212878,212878,212880,2,0
212878,212878,212880,2,0
212878,212878,212880,2,0
212878,212878,212880,2,0
212878,212878,212880,2,0
212878,212878,212880,2,0
212878,212878,212880,2,0
212878,212878,212880,2,0
212878,212878,212879,1,0
212878,212878,212880,2,0
212878,212878,212880,2,0
212878,212878,212880,2,0
212878,212878,212880,2,0
212878,212878,212880,2,0
212878,212878,212880,2,0
212878,212878,212880,2,0
212878,212878,212880,2,0
212878,212878,212880,2,0
212878,212878,212880,2,0
212878,212878,212881,3,0
212878,212878,212881,3,0
212878,212878,212881,3,0
212878,212878,212881,3,0
212878,212878,212881,3,0
212878,212878,212881,3,0
212910,212910,212911,1,0
212910,212910,212911,1,0
212910,212910,212911,1,0
212910,212910,212911,1,0
212910,212910,212911,1,0
212910,212910,212911,1,0
212910,212910,212912,2,0
212910,212910,212912,2,0
212910,212910,212912,2,0
212910,212910,212912,2,0
212910,212910,212912,2,0
212910,212910,212912,2,0
212910,212910,212912,2,0
212910,212910,212912,2,0
212910,212910,212912,2,0
212910,212910,212912,2,0
212910,212910,212912,2,0
212910,212910,212912,2,0
212910,212910,212912,2,0
212910,212910,212912,2,0
212910,212910,212912,2,0
212910,212910,212912,2,0
212910,212910,212912,2,0
212910,212910,212912,2,0
212910,212910,212912,2,0
212910,212910,212912,2,0
212910,212910,212912,2,0
212910,212910,212912,2,0
212910,212910,212912,2,0
212910,212910,212912,2,0
212910,212910,212912,2,0
212910,212910,212912,2,0
212910,212910,212912,2,0
212910,212910,212912,2,0
212879,212879,212927,48,0
212941,212941,212942,1,0
212941,212941,212942,1,0
212941,212941,212942,1,0
212941,212941,212942,1,0
212941,212941,212942,1,0
212941,212941,212942,1,0
212941,212941,212942,1,0
212941,212941,212943,2,0
212941,212941,212943,2,0
212941,212941,212943,2,0
212941,212941,212943,2,0
212941,212941,212943,2,0
212941,212941,212943,2,0
212941,212941,212943,2,0
212941,212941,212943,2,0
212941,212941,212943,2,0
212941,212941,212943,2,0
212941,212941,212943,2,0
212941,212941,212943,2,0
212941,212941,212943,2,0
212941,212941,212943,2,0
212941,212941,212943,2,0
212941,212941,212943,2,0
212941,212941,212943,2,0
212941,212941,212943,2,0
212941,212941,212943,2,0
212941,212941,212943,2,0
212941,212941,212943,2,0
212941,212941,212943,2,0
212941,212941,212943,2,0
212941,212941,212943,2,0
212941,212941,212943,2,0
212941,212941,212943,2,0
212941,212941,212943,2,0
212942,212942,212991,49,0
212991,212991,212992,1,0
212991,212991,212992,1,0
212991,212991,212992,1,0
212991,212991,212992,1,0
212991,212991,212993,2,0
212991,212991,212993,2,0
212991,212991,212993,2,0
212991,212991,212993,2,0
212991,212991,212993,2,0
212991,212991,212993,2,0
212991,212991,212992,1,0
212991,212991,212993,2,0
212991,212991,212993,2,0
212991,212991,212993,2,0
212991,212991,212993,2,0
212991,212991,212993,2,0
212991,212991,212993,2,0
212991,212991,212993,2,0
212991,212991,212993,2,0
212991,212991,212993,2,0
212991,212991,212993,2,0
212991,212991,212992,1,0
212991,212991,212993,2,0
212991,212991,212993,2,0
212991,212991,212992,1,0
212991,212991,212993,2,0
212991,212991,212993,2,0
212991,212991,212993,2,0
212991,212991,212993,2,0
212991,212991,212993,2,0
212991,212991,212993,2,0
212991,212991,212993,2,0
212991,212991,212993,2,0
212991,212991,212993,2,0
212959,212959,213010,51,0
213014,213014,213015,1,0
213014,213014,213015,1,0
213014,213014,213015,1,0
213014,213015,213016,1,1
213014,213014,213016,2,0
213014,213014,213016,2,0
213014,213014,213015,1,0
213014,213014,213015,1,0
213014,213014,213015,1,0
213014,213014,213016,2,0
213014,213014,213016,2,0
213014,213014,213016,2,0
213014,213014,213015,1,0
213014,213014,213016,2,0
213014,213014,213016,2,0
213014,213014,213015,1,0
213014,213014,213016,2,0
213014,213014,213015,1,0
213014,213014,213015,1,0
213014,213014,213016,2,0
213014,213014,213015,1,0
213014,213014,213016,2,0
213014,213014,213016,2,0
213014,213014,213015,1,0
213014,213014,213016,2,0
213014,213014,213016,2,0
213014,213015,213016,1,1
213014,213015,213016,1,1
213014,213014,213016,2,0
213014,213014,213016,2,0
213014,213014,213016,2,0
213014,213014,213016,2,0
212979,212979,213027,48,0
212975,212975,213029,54,0
212980,212980,213035,55,0
212981,212981,213036,55,0
213035,213036,213037,1,1
213036,213036,213037,1,0
213035,213036,213038,2,1
213035,213036,213037,1,1
213035,213036,213037,1,1
213036,213036,213037,1,0
213036,213036,213038,2,0
213035,213036,213037,1,1
213035,213036,213037,1,1
213035,213036,213037,1,1
213036,213036,213037,1,0
213035,213036,213037,1,1
213035,213036,213038,2,1
213035,213036,213037,1,1
213036,213036,213037,1,0
213035,213036,213037,1,1
213035,213036,213037,1,1
213035,213036,213037,1,1
213036,213036,213037,1,0
213036,213036,213038,2,0
213035,213036,213037,1,1
213035,213036,213038,2,1
213035,213036,213037,1,1
213036,213036,213037,1,0
213036,213036,213038,2,0
213036,213036,213038,2,0
213035,213036,213038,2,1
213035,213036,213038,2,1
213036,213036,213037,1,0
213036,213036,213037,1,0
213036,213036,213038,2,0
213036,213036,213038,2,0
213035,213036,213037,1,1
213035,213036,213038,2,1
213035,213036,213037,1,1
213036,213036,213037,1,0
213036,213036,213037,1,0
213036,213036,213038,2,0
213035,213036,213038,2,1
213035,213036,213038,2,1
213035,213036,213037,1,1
213036,213036,213037,1,0
213035,213036,213038,2,1
213035,213036,213038,2,1
213036,213036,213037,1,0
213036,213036,213038,2,0
213036,213036,213037,1,0
213036,213036,213038,2,0
213035,213036,213038,2,1
213035,213036,213038,2,1
213036,213036,213037,1,0
213036,213036,213037,1,0
213036,213036,213038,2,0
213036,213036,213037,1,0
213038,213038,213039,1,0
213036,213036,213038,2,0
213036,213036,213038,2,0
213036,213037,213038,1,1
213036,213037,213038,1,1
213038,213038,213039,1,0
213036,213036,213038,2,0
213036,213036,213038,2,0
213036,213036,213038,2,0
213036,213036,213038,2,0
213038,213038,213039,1,0
213038,213038,213039,1,0
213038,213038,213039,1,0
213038,213038,213040,2,0
213038,213038,213040,2,0
213038,213038,213040,2,0
213038,213038,213040,2,0
213038,213038,213039,1,0
213038,213038,213040,2,0
213038,213038,213040,2,0
213038,213038,213040,2,0
213038,213038,213040,2,0
213038,213038,213040,2,0
213038,213038,213040,2,0
213038,213038,213040,2,0
213038,213038,213040,2,0
213038,213038,213039,1,0
213038,213038,213040,2,0
213038,213038,213040,2,0
213038,213038,213040,2,0
213038,213038,213040,2,0
213038,213038,213040,2,0
213038,213038,213040,2,0
213038,213038,213040,2,0
213038,213038,213040,2,0
213038,213038,213040,2,0
213038,213038,213040,2,0
213038,213038,213040,2,0
212989,212989,213041,52,0
213038,213038,213041,3,0
213038,213040,213041,1,2
213038,213040,213041,1,2
212983,212984,213041,57,1
212985,212985,213042,57,0
212987,212988,213043,55,1
212992,212992,213043,51,0
212986,212986,213047,61,0
212977,212977,213048,71,0
212995,212995,213055,60,0
212990,212990,213059,69,0
213015,213015,213062,47,0
213018,213018,213067,49,0
213071,213071,213072,1,0
213071,213072,213073,1,1
213071,213071,213072,1,0
213071,213071,213072,1,0
213071,213071,213072,1,0
213071,213071,213072,1,0
213071,213072,213073,1,1
213071,213071,213072,1,0
213071,213071,213072,1,0
213071,213071,213072,1,0
213071,213071,213073,2,0
213071,213071,213073,2,0
213071,213071,213073,2,0
213071,213071,213073,2,0
213071,213072,213073,1,1
213071,213072,213073,1,1
213071,213071,213073,2,0
213071,213071,213073,2,0
213071,213072,213073,1,1
213071,213072,213073,1,1
213071,213072,213073,1,1
213071,213072,213073,1,1
213071,213071,213073,2,0
213071,213071,213074,3,0
213071,213071,213073,2,0
213071,213072,213073,1,1
213071,213072,213073,1,1
213071,213072,213073,1,1
213071,213072,213073,1,1
213071,213071,213074,3,0
213071,213071,213074,3,0
213071,213071,213074,3,0
213071,213072,213073,1,1
213071,213072,213074,2,1
213071,213072,213074,2,1
213071,213072,213073,1,1
213071,213071,213073,2,0
213071,213071,213073,2,0
213071,213072,213073,1,1
213071,213072,213074,2,1
213071,213072,213074,2,1
213071,213072,213073,1,1
213071,213071,213073,2,0
213071,213071,213073,2,0
213071,213072,213073,1,1
213071,213072,213073,1,1
213071,213072,213073,1,1
213071,213072,213073,1,1
213071,213071,213074,3,0
213071,213071,213073,2,0
213071,213072,213073,1,1
213071,213072,213073,1,1
213071,213072,213074,2,1
213071,213072,213073,1,1
213071,213072,213074,2,1
213071,213071,213073,2,0
213071,213071,213073,2,0
213071,213072,213073,1,1
213071,213072,213073,1,1
213071,213072,213074,2,1
213071,213072,213073,1,1
213071,213071,213073,2,0
213071,213071,213073,2,0
213071,213071,213073,2,0
213071,213072,213073,1,1
213071,213072,213074,2,1
213071,213072,213074,2,1
213071,213072,213073,1,1
213071,213071,213074,3,0
213071,213071,213073,2,0
213071,213072,213073,1,1
213071,213072,213073,1,1
213071,213072,213074,2,1
213071,213072,213073,1,1
213071,213072,213073,1,1
213071,213073,213075,2,2
213071,213073,213074,1,2
213071,213073,213074,1,2
213071,213074,213075,1,3
213071,213073,213074,1,2
213072,213074,213075,1,2
213071,213073,213074,1,2
213071,213073,213075,2,2
212994,212994,213074,80,0
213071,213073,213074,1,2
213072,213074,213075,1,2
213071,213071,213074,3,0
213071,213073,213074,1,2
213072,213074,213075,1,2
213071,213073,213075,2,2
213072,213074,213075,1,2
213071,213073,213074,1,2
213072,213074,213075,1,2
213071,213073,213074,1,2
213071,213073,213075,2,2
213072,213074,213075,1,2
213071,213074,213076,2,3
213071,213074,213076,2,3
213072,213074,213076,2,2
213072,213074,213076,2,2
213072,213074,213076,2,2
213071,213074,213076,2,3
213071,213074,213076,2,3
213072,213074,213076,2,2
213072,213074,213076,2,2
213071,213074,213076,2,3
213071,213074,213076,2,3
213072,213074,213076,2,2
213072,213074,213076,2,2
213072,213074,213076,2,2
213071,213074,213076,2,3
213071,213074,213076,2,3
213072,213074,213076,2,2
213071,213074,213076,2,3
213071,213074,213076,2,3
213072,213074,213075,1,2
213072,213074,213076,2,2
213072,213074,213076,2,2
213072,213075,213076,1,3
213071,213074,213076,2,3
213071,213074,213076,2,3
213072,213074,213076,2,2
213072,213075,213076,1,3
213072,213074,213076,2,2
213072,213074,213076,2,2
213072,213074,213076,2,2
213072,213074,213076,2,2
213072,213074,213076,2,2
213072,213074,213076,2,2
213072,213074,213076,2,2
213071,213074,213076,2,3
213072,213074,213076,2,2
213072,213074,213076,2,2
213072,213074,213076,2,2
213072,213074,213076,2,2
213072,213074,213076,2,2
213072,213074,213076,2,2
213072,213074,213076,2,2
213072,213075,213077,2,3
213072,213074,213077,3,2
213072,213074,213076,2,2
213072,213074,213077,3,2
213072,213075,213077,2,3
213072,213074,213076,2,2
213072,213074,213076,2,2
213072,213074,213076,2,2
213072,213075,213077,2,3
213072,213075,213077,2,3
213072,213074,213077,3,2
213072,213075,213077,2,3
213072,213075,213077,2,3
213074,213077,213078,1,3
213072,213075,213077,2,3
213072,213075,213077,2,3
213072,213074,213077,3,2
213072,213075,213077,2,3
213072,213075,213077,2,3
213072,213075,213077,2,3
213074,213077,213078,1,3
213072,213075,213077,2,3
213072,213077,213078,1,5
213072,213074,213077,3,2
213072,213075,213077,2,3
213072,213075,213077,2,3
213072,213075,213077,2,3
213072,213075,213077,2,3
213072,213075,213077,2,3
213072,213075,213077,2,3
213072,213074,213077,3,2
213072,213074,213077,3,2
213072,213075,213077,2,3
213072,213075,213077,2,3
213072,213075,213077,2,3
213072,213076,213077,1,4
213072,213076,213077,1,4
213072,213076,213077,1,4
213072,213077,213078,1,5
213072,213077,213079,2,5
213072,213077,213079,2,5
213072,213077,213078,1,5
213072,213077,213078,1,5
213074,213077,213078,1,3
213074,213077,213079,2,3
213072,213077,213079,2,5
213072,213077,213079,2,5
213072,213077,213079,2,5
213074,213077,213078,1,3
213072,213077,213078,1,5
213072,213077,213078,1,5
213072,213077,213079,2,5
213072,213077,213078,1,5
213072,213077,213078,1,5
213072,213077,213078,1,5
213072,213077,213078,1,5
213072,213077,213078,1,5
213074,213077,213078,1,3
213072,213077,213079,2,5
213072,213077,213079,2,5
213074,213077,213079,2,3
213072,213077,213079,2,5
213074,213077,213079,2,3
213074,213077,213078,1,3
213074,213077,213079,2,3
213074,213077,213079,2,3
213074,213077,213079,2,3
213016,213016,213079,63,0
213072,213077,213079,2,5
213074,213078,213080,2,4
213074,213078,213080,2,4
213074,213077,213079,2,3
213072,213077,213079,2,5
213074,213078,213080,2,4
213072,213077,213080,3,5
213074,213078,213080,2,4
213074,213078,213079,1,4
213074,213078,213079,1,4
213072,213077,213079,2,5
213074,213078,213080,2,4
213074,213078,213080,2,4
213074,213078,213079,1,4
213072,213077,213080,3,5
213074,213078,213079,1,4
213074,213077,213079,2,3
213074,213077,213079,2,3
213074,213077,213079,2,3
213072,213077,213079,2,5
213072,213077,213079,2,5
213074,213078,213080,2,4
213074,213078,213079,1,4
213072,213077,213079,2,5
213072,213077,213079,2,5
213074,213077,213079,2,3
213074,213077,213079,2,3
213074,213078,213080,2,4
213074,213078,213080,2,4
213074,213078,213080,2,4
213074,213078,213080,2,4
213037,213037,213097,60,0
213039,213040,213102,62,1
213074,213078,213135,57,4
213137,213137,213138,1,0
213137,213137,213138,1,0
213137,213137,213138,1,0
213137,213137,213138,1,0
213137,213137,213138,1,0
213137,213137,213138,1,0
213137,213137,213138,1,0
213137,213137,213138,1,0
213137,213137,213138,1,0
213137,213137,213139,2,0
213137,213137,213139,2,0
213137,213137,213139,2,0
213137,213138,213139,1,1
213137,213138,213139,1,1
213137,213137,213139,2,0
213137,213137,213139,2,0
213137,213137,213139,2,0
213137,213138,213139,1,1
213137,213138,213140,2,1
213137,213138,213140,2,1
213137,213137,213139,2,0
213137,213137,213139,2,0
213137,213138,213139,1,1
213137,213138,213140,2,1
213137,213137,213140,3,0
213137,213137,213139,2,0
213137,213138,213139,1,1
213137,213138,213139,1,1
213137,213138,213140,2,1
213137,213138,213139,1,1
213137,213137,213139,2,0
213137,213137,213139,2,0
213137,213138,213139,1,1
213137,213138,213139,1,1
213137,213138,213140,2,1
213137,213137,213140,3,0
213137,213137,213139,2,0
213137,213137,213139,2,0
213137,213138,213139,1,1
213137,213138,213139,1,1
213137,213138,213139,1,1
213137,213137,213139,2,0
213137,213137,213139,2,0
213137,213137,213139,2,0
213137,213138,213139,1,1
213137,213138,213139,1,1
213137,213138,213139,1,1
213137,213138,213140,2,1
213137,213137,213139,2,0
213137,213137,213139,2,0
213137,213138,213139,1,1
213137,213138,213139,1,1
213137,213138,213140,2,1
213137,213137,213140,3,0
213137,213137,213139,2,0
213137,213138,213139,1,1
213137,213138,213139,1,1
213137,213137,213139,2,0
213137,213137,213139,2,0
213137,213137,213139,2,0
213137,213138,213139,1,1
213137,213138,213139,1,1
213137,213138,213140,2,1
213137,213138,213139,1,1
213137,213138,213140,2,1
213137,213138,213140,2,1
213137,213138,213140,2,1
213137,213138,213140,2,1
213137,213138,213140,2,1
213137,213139,213140,1,2
213138,213140,213141,1,2
213137,213138,213140,2,1
213137,213138,213140,2,1
213138,213140,213141,1,2
213137,213138,213140,2,1
213137,213138,213140,2,1
213137,213138,213140,2,1
213137,213139,213140,1,2
213137,213138,213140,2,1
213137,213139,213141,2,2
213137,213139,213141,2,2
213137,213138,213140,2,1
213137,213138,213140,2,1
213137,213139,213141,2,2
213137,213138,213140,2,1
213137,213139,213140,1,2
213138,213140,213141,1,2
213137,213138,213140,2,1
213137,213139,213140,1,2
213138,213140,213141,1,2
213137,213139,213140,1,2
213138,213140,213141,1,2
213137,213139,213140,1,2
213138,213140,213141,1,2
213137,213140,213141,1,3
213137,213140,213141,1,3
213137,213140,213142,2,3
213137,213140,213142,2,3
213137,213140,213141,1,3
213137,213139,213141,2,2
213137,213140,213142,2,3
213137,213140,213142,2,3
213137,213140,213142,2,3
213137,213140,213141,1,3
213137,213140,213142,2,3
213137,213140,213142,2,3
213137,213140,213141,1,3
213138,213140,213141,1,2
213138,213140,213142,2,2
213138,213140,213142,2,2
213138,213140,213142,2,2
213138,213140,213141,1,2
213138,213140,213142,2,2
213138,213140,213142,2,2
213138,213140,213141,1,2
213138,213140,213142,2,2
213138,213140,213142,2,2
213138,213140,213141,1,2
213138,213140,213142,2,2
213138,213140,213142,2,2
213138,213140,213142,2,2
213138,213140,213142,2,2
213138,213140,213142,2,2
213138,213140,213142,2,2
213138,213140,213142,2,2
213138,213140,213142,2,2
213138,213140,213142,2,2
213138,213140,213141,1,2
213138,213140,213141,1,2
213138,213140,213142,2,2
213138,213140,213142,2,2
213138,213140,213142,2,2
213138,213140,213142,2,2
213138,213141,213142,1,3
213138,213141,213143,2,3
213138,213141,213143,2,3
213138,213141,213143,2,3
213138,213141,213143,2,3
213138,213141,213143,2,3
213138,213141,213143,2,3
213138,213141,213143,2,3
213138,213141,213143,2,3
213138,213140,213143,3,2
213138,213140,213142,2,2
213138,213141,213143,2,3
213138,213141,213143,2,3
213138,213140,213142,2,2
213138,213140,213142,2,2
213138,213140,213143,3,2
213138,213141,213143,2,3
213138,213141,213143,2,3
213138,213140,213143,3,2
213138,213140,213142,2,2
213138,213140,213142,2,2
213138,213141,213143,2,3
213138,213140,213142,2,2
213138,213141,213143,2,3
213138,213141,213143,2,3
213138,213140,213142,2,2
213138,213140,213142,2,2
213138,213141,213143,2,3
213138,213141,213143,2,3
213138,213141,213143,2,3
213138,213141,213143,2,3
213138,213141,213143,2,3
213138,213141,213143,2,3
213138,213141,213143,2,3
213138,213141,213143,2,3
213138,213141,213143,2,3
213138,213141,213191,50,3
213214,213214,213215,1,0
213214,213214,213215,1,0
213214,213214,213215,1,0
213214,213214,213215,1,0
213214,213214,213215,1,0
213214,213214,213215,1,0
213214,213214,213215,1,0
213214,213214,213216,2,0
213214,213214,213216,2,0
213214,213214,213216,2,0
213214,213215,213216,1,1
213214,213215,213217,2,1
213214,213214,213216,2,0
213214,213214,213217,3,0
213214,213214,213216,2,0
213214,213215,213216,1,1
213214,213215,213216,1,1
213214,213215,213217,2,1
213214,213214,213216,2,0
213214,213214,213216,2,0
213214,213215,213216,1,1
213214,213215,213217,2,1
213214,213215,213217,2,1
213214,213215,213216,1,1
213214,213215,213216,1,1
213214,213214,213216,2,0
213214,213214,213217,3,0
213214,213214,213216,2,0
213214,213215,213216,1,1
213214,213215,213217,2,1
213214,213214,213216,2,0
213214,213214,213217,3,0
213214,213214,213217,3,0
213214,213215,213216,1,1
213214,213215,213216,1,1
213214,213214,213216,2,0
213214,213215,213216,1,1
213214,213215,213216,1,1
213214,213214,213216,2,0
213214,213214,213217,3,0
213214,213214,213217,3,0
213214,213215,213216,1,1
213214,213214,213216,2,0
213214,213214,213216,2,0
213214,213214,213216,2,0
213214,213215,213216,1,1
213214,213215,213217,2,1
213214,213215,213216,1,1
213214,213214,213216,2,0
213214,213214,213217,3,0
213214,213214,213216,2,0
213214,213215,213216,1,1
213214,213215,213216,1,1
213214,213214,213217,3,0
213214,213214,213216,2,0
213214,213215,213216,1,1
213214,213215,213217,2,1
213214,213215,213217,2,1
213214,213215,213217,2,1
213214,213215,213217,2,1
213214,213216,213218,2,2
213214,213215,213217,2,1
213214,213216,213217,1,2
213214,213215,213217,2,1
213214,213216,213218,2,2
213214,213216,213218,2,2
213214,213215,213217,2,1
213214,213215,213217,2,1
213214,213215,213217,2,1
213214,213214,213217,3,0
213214,213215,213217,2,1
213214,213215,213217,2,1
213214,213215,213217,2,1
213214,213216,213218,2,2
213214,213215,213217,2,1
213214,213215,213218,3,1
213214,213215,213217,2,1
213214,213215,213217,2,1
213214,213215,213218,3,1
213214,213215,213217,2,1
213214,213215,213217,2,1
213214,213215,213217,2,1
213214,213215,213217,2,1
213214,213216,213217,1,2
213214,213215,213217,2,1
213214,213215,213217,2,1
213214,213216,213218,2,2
213214,213217,213218,1,3
213214,213217,213218,1,3
213214,213217,213218,1,3
213214,213217,213218,1,3
213214,213217,213218,1,3
213214,213217,213218,1,3
213214,213217,213218,1,3
213214,213217,213218,1,3
213214,213217,213218,1,3
213214,213217,213218,1,3
213214,213217,213218,1,3
213214,213217,213218,1,3
213214,213217,213219,2,3
213214,213217,213219,2,3
213214,213217,213218,1,3
213275,213275,213276,1,0
213275,213275,213276,1,0
213275,213275,213276,1,0
213275,213275,213276,1,0
213275,213275,213276,1,0
213275,213275,213276,1,0
213275,213275,213276,1,0
213275,213275,213276,1,0
213275,213275,213277,2,0
213275,213275,213277,2,0
213275,213275,213277,2,0
213275,213275,213277,2,0
213275,213275,213277,2,0
213275,213275,213277,2,0
213275,213275,213277,2,0
213275,213275,213277,2,0
213275,213275,213277,2,0
213275,213275,213277,2,0
213275,213275,213277,2,0
213275,213275,213277,2,0
213275,213275,213276,1,0
213275,213275,213277,2,0
213275,213275,213277,2,0
213275,213275,213277,2,0
213275,213275,213277,2,0
213275,213275,213277,2,0
213275,213275,213277,2,0
213275,213275,213277,2,0
213275,213275,213277,2,0
213275,213275,213277,2,0
213275,213275,213277,2,0
213275,213275,213277,2,0
213275,213275,213277,2,0
213275,213275,213277,2,0
213275,213275,213277,2,0
213275,213275,213277,2,0
213275,213275,213277,2,0
213275,213275,213277,2,0
213275,213275,213277,2,0
213275,213275,213277,2,0
213275,213275,213277,2,0
213275,213275,213277,2,0
213275,213275,213277,2,0
213275,213275,213277,2,0
213275,213275,213277,2,0
213275,213275,213277,2,0
213275,213275,213277,2,0
213275,213275,213277,2,0
213275,213275,213277,2,0
213275,213275,213277,2,0
213275,213275,213277,2,0
213275,213275,213277,2,0
213275,213275,213277,2,0
213275,213275,213277,2,0
213275,213275,213277,2,0
213275,213275,213277,2,0
213275,213275,213277,2,0
213275,213275,213277,2,0
213275,213275,213278,3,0
213275,213275,213277,2,0
213275,213275,213277,2,0
213275,213275,213277,2,0
213275,213275,213278,3,0
213275,213275,213277,2,0
213275,213275,213277,2,0
213275,213275,213277,2,0
213275,213275,213277,2,0
213275,213275,213277,2,0
213321,213321,213322,1,0
213321,213321,213322,1,0
213321,213321,213323,2,0
213321,213321,213323,2,0
213321,213321,213322,1,0
213321,213321,213322,1,0
213321,213321,213322,1,0
213321,213321,213323,2,0
213321,213321,213323,2,0
213321,213321,213322,1,0
213321,213321,213322,1,0
213321,213321,213323,2,0
213321,213321,213323,2,0
213321,213321,213322,1,0
213321,213321,213323,2,0
213321,213321,213322,1,0
213321,213321,213323,2,0
213321,213321,213322,1,0
213321,213321,213323,2,0
213321,213321,213323,2,0
213321,213321,213322,1,0
213321,213321,213323,2,0
213321,213321,213323,2,0
213321,213321,213323,2,0
213321,213321,213323,2,0
213321,213321,213323,2,0
213321,213321,213323,2,0
213321,213321,213323,2,0
213321,213321,213323,2,0
213321,213321,213323,2,0
213321,213321,213323,2,0
213321,213321,213323,2,0
213321,213321,213323,2,0
213321,213321,213323,2,0
213275,213276,213327,51,1
213351,213351,213352,1,0
213351,213351,213352,1,0
213351,213351,213352,1,0
213351,213351,213352,1,0
213351,213351,213352,1,0
213351,213351,213352,1,0
213351,213351,213353,2,0
213351,213351,213353,2,0
213351,213352,213353,1,1
213351,213351,213353,2,0
213351,213351,213353,2,0
213351,213352,213353,1,1
213351,213351,213353,2,0
213351,213351,213353,2,0
213351,213352,213353,1,1
213351,213351,213353,2,0
213351,213352,213353,1,1
213351,213351,213353,2,0
213351,213352,213353,1,1
213351,213351,213353,2,0
213351,213352,213353,1,1
213351,213351,213353,2,0
213351,213352,213353,1,1
213351,213352,213353,1,1
213351,213352,213353,1,1
213351,213351,213354,3,0
213351,213351,213353,2,0
213351,213351,213354,3,0
213351,213351,213354,3,0
213351,213351,213354,3,0
213351,213351,213354,3,0
213351,213351,213354,3,0
213351,213351,213354,3,0
213352,213352,213401,49,0
213404,213404,213405,1,0
213404,213404,213405,1,0
213404,213404,213405,1,0
213404,213404,213405,1,0
213404,213404,213405,1,0
213404,213404,213405,1,0
213404,213404,213406,2,0
213404,213404,213405,1,0
213404,213404,213405,1,0
213404,213404,213405,1,0
213404,213404,213405,1,0
213404,213404,213406,2,0
213404,213404,213405,1,0
213404,213404,213405,1,0
213404,213404,213406,2,0
213404,213404,213405,1,0
213404,213404,213406,2,0
213404,213404,213405,1,0
213404,213404,213405,1,0
213404,213404,213405,1,0
213404,213404,213406,2,0
213404,213404,213406,2,0
213404,213404,213405,1,0
213404,213404,213406,2,0
213404,213404,213406,2,0
213404,213404,213406,2,0
213404,213404,213406,2,0
213404,213407,213408,1,3
213404,213407,213409,2,3
213404,213407,213408,1,3
213369,213369,213417,48,0
213427,213427,213428,1,0
213427,213427,213428,1,0
213427,213427,213428,1,0
213427,213427,213429,2,0
213427,213427,213428,1,0
213427,213427,213428,1,0
213427,213427,213428,1,0
213427,213427,213428,1,0
213427,213427,213429,2,0
213427,213427,213429,2,0
213427,213427,213429,2,0
213427,213427,213429,2,0
213427,213427,213429,2,0
213427,213427,213429,2,0
213427,213427,213429,2,0
213427,213427,213429,2,0
213427,213427,213428,1,0
213427,213427,213428,1,0
213427,213427,213428,1,0
213427,213427,213429,2,0
213427,213427,213429,2,0
213427,213427,213428,1,0
213427,213428,213429,1,1
213427,213427,213429,2,0
213427,213427,213429,2,0
213427,213427,213430,3,0
213427,213427,213429,2,0
213427,213427,213429,2,0
213427,213427,213429,2,0
213427,213428,213430,2,1
213427,213428,213430,2,1
213427,213427,213430,3,0
213427,213427,213430,3,0
213427,213427,213434,7,0
213387,213387,213439,52,0
213385,213386,213440,54,1
213388,213389,213441,52,1
213391,213391,213446,55,0
213393,213393,213450,57,0
213451,213451,213452,1,0
213451,213452,213453,1,1
213451,213451,213452,1,0
213451,213451,213453,2,0
213451,213451,213452,1,0
213451,213451,213453,2,0
213451,213451,213452,1,0
213451,213451,213453,2,0
213451,213451,213452,1,0
213451,213451,213452,1,0
213451,213451,213453,2,0
213396,213396,213452,56,0
213451,213452,213453,1,1
213451,213451,213453,2,0
213451,213451,213453,2,0
213451,213452,213453,1,1
213451,213451,213453,2,0
213451,213451,213453,2,0
213451,213451,213453,2,0
213451,213452,213453,1,1
213451,213452,213453,1,1
213451,213451,213453,2,0
213451,213451,213453,2,0
213451,213452,213453,1,1
213451,213452,213453,1,1
213451,213452,213453,1,1
213451,213452,213453,1,1
213451,213453,213454,1,2
213451,213451,213453,2,0
213451,213451,213454,3,0
213451,213452,213453,1,1
213451,213452,213453,1,1
213451,213452,213454,2,1
213451,213452,213453,1,1
213451,213451,213453,2,0
213451,213451,213453,2,0
213451,213451,213453,2,0
213451,213452,213453,1,1
213451,213452,213453,1,1
213451,213452,213454,2,1
213451,213453,213454,1,2
213451,213451,213453,2,0
213451,213451,213454,3,0
213451,213451,213453,2,0
213451,213452,213453,1,1
213451,213452,213454,2,1
213451,213452,213454,2,1
213451,213451,213453,2,0
213451,213451,213454,3,0
213451,213452,213453,1,1
213451,213452,213453,1,1
213451,213452,213454,2,1
213451,213452,213453,1,1
213451,213453,213454,1,2
213392,213392,213453,61,0
213451,213451,213453,2,0
213451,213452,213453,1,1
213451,213452,213454,2,1
213451,213452,213454,2,1
213451,213452,213454,2,1
213451,213452,213454,2,1
213451,213453,213454,1,2
213451,213453,213454,1,2
213451,213452,213454,2,1
213451,213453,213454,1,2
213451,213453,213455,2,2
213451,213454,213455,1,3
213454,213454,213455,1,0
213454,213454,213455,1,0
213451,213452,213454,2,1
213451,213452,213454,2,1
213451,213453,213454,1,2
213451,213454,213455,1,3
213451,213453,213454,1,2
213451,213453,213454,1,2
213451,213454,213455,1,3
213451,213453,213454,1,2
213451,213454,213455,1,3
213451,213454,213455,1,3
213451,213451,213454,3,0
213451,213451,213453,2,0
213451,213452,213453,1,1
213451,213452,213453,1,1
213451,213452,213453,1,1
213451,213454,213455,1,3
213451,213454,213455,1,3
213451,213454,213455,1,3
213451,213454,213456,2,3
213451,213454,213455,1,3
213451,213454,213456,2,3
213451,213454,213456,2,3
213451,213454,213456,2,3
213451,213454,213455,1,3
213454,213454,213455,1,0
213454,213454,213456,2,0
213454,213455,213456,1,1
213451,213454,213456,2,3
213451,213454,213456,2,3
213454,213454,213456,2,0
213454,213455,213456,1,1
213404,213404,213456,52,0
213451,213454,213455,1,3
213454,213454,213455,1,0
213454,213454,213456,2,0
213454,213454,213456,2,0
213454,213454,213456,2,0
213454,213454,213456,2,0
213451,213454,213456,2,3
213451,213454,213456,2,3
213451,213454,213455,1,3
213454,213454,213456,2,0
213454,213454,213456,2,0
213454,213454,213456,2,0
213451,213454,213456,2,3
213451,213454,213455,1,3
213454,213454,213455,1,0
213454,213454,213456,2,0
213454,213454,213456,2,0
213454,213454,213456,2,0
213451,213454,213456,2,3
213451,213454,213455,1,3
213454,213454,213455,1,0
213454,213454,213456,2,0
213454,213454,213456,2,0
213454,213455,213456,1,1
213451,213454,213455,1,3
213454,213454,213455,1,0
213454,213454,213456,2,0
213454,213454,213456,2,0
213454,213454,213456,2,0
213454,213455,213456,1,1
213454,213455,213456,1,1
213454,213455,213457,2,1
213454,213455,213457,2,1
213454,213455,213456,1,1
213454,213455,213456,1,1
213454,213455,213456,1,1
213454,213455,213457,2,1
213454,213455,213456,1,1
213454,213455,213456,1,1
213454,213455,213457,2,1
213454,213455,213457,2,1
213454,213455,213457,2,1
213454,213455,213457,2,1
213455,213457,213458,1,2
213454,213456,213457,1,2
213454,213456,213457,1,2
213454,213455,213457,2,1
213455,213457,213458,1,2
213454,213456,213458,2,2
213454,213456,213458,2,2
213454,213456,213458,2,2
213454,213456,213458,2,2
213454,213456,213458,2,2
213454,213456,213458,2,2
213454,213456,213458,2,2
213454,213456,213458,2,2
213454,213456,213458,2,2
213454,213456,213458,2,2
213454,213456,213458,2,2
213454,213457,213458,1,3
213455,213457,213458,1,2
213454,213457,213458,1,3
213455,213457,213458,1,2
213454,213457,213458,1,3
213455,213457,213459,2,2
213454,213456,213458,2,2
213454,213456,213458,2,2
213454,213456,213458,2,2
213455,213457,213458,1,2
213454,213457,213459,2,3
213454,213457,213458,1,3
213455,213457,213458,1,2
213455,213457,213458,1,2
213454,213456,213458,2,2
213455,213457,213458,1,2
213454,213457,213459,2,3
213454,213457,213459,2,3
213454,213457,213459,2,3
213454,213457,213459,2,3
213455,213457,213459,2,2
213455,213457,213459,2,2
213455,213457,213459,2,2
213455,213457,213459,2,2
213455,213457,213459,2,2
213455,213457,213459,2,2
213455,213457,213459,2,2
213455,213457,213459,2,2
213455,213457,213459,2,2
213455,213457,213459,2,2
213455,213457,213459,2,2
213455,213457,213459,2,2
213455,213457,213459,2,2
213455,213457,213459,2,2
213455,213457,213459,2,2
213455,213457,213459,2,2
213455,213457,213459,2,2
213455,213457,213459,2,2
213455,213457,213459,2,2
213455,213457,213459,2,2
213455,213457,213459,2,2
213455,213457,213459,2,2
213394,213394,213459,65,0
213397,213397,213462,65,0
213408,213408,213463,55,0
213398,213398,213467,69,0
213400,213400,213470,70,0
213409,213409,213472,63,0
213403,213403,213475,72,0
213428,213428,213482,54,0
213433,213433,213483,50,0
213406,213406,213489,83,0
213431,213431,213490,59,0
213434,213435,213496,61,1
213503,213503,213504,1,0
213452,213454,213504,50,2
213503,213503,213504,1,0
213503,213503,213504,1,0
213503,213503,213504,1,0
213503,213503,213504,1,0
213503,213503,213504,1,0
213503,213503,213504,1,0
213503,213503,213504,1,0
213503,213503,213504,1,0
213503,213503,213504,1,0
213503,213503,213504,1,0
213503,213503,213504,1,0
213503,213503,213504,1,0
213503,213503,213505,2,0
213503,213503,213505,2,0
213503,213503,213504,1,0
213503,213503,213505,2,0
213503,213503,213505,2,0
213503,213503,213505,2,0
213503,213503,213505,2,0
213503,213503,213505,2,0
213503,213503,213504,1,0
213503,213503,213505,2,0
213503,213503,213505,2,0
213503,213503,213505,2,0
213503,213503,213505,2,0
213503,213503,213505,2,0
213503,213503,213505,2,0
213503,213503,213505,2,0
213503,213503,213505,2,0
213503,213503,213505,2,0
213503,213503,213505,2,0
213503,213503,213505,2,0
213503,213503,213505,2,0
213503,213503,213505,2,0
213503,213503,213505,2,0
213503,213503,213505,2,0
213503,213503,213505,2,0
213503,213503,213505,2,0
213503,213503,213505,2,0
213503,213503,213505,2,0
213503,213503,213505,2,0
213503,213503,213505,2,0
213503,213503,213505,2,0
213503,213503,213505,2,0
213503,213503,213505,2,0
213503,213503,213505,2,0
213503,213503,213505,2,0
213503,213503,213505,2,0
213503,213503,213505,2,0
213503,213503,213505,2,0
213503,213503,213505,2,0
213503,213503,213505,2,0
213503,213503,213505,2,0
213503,213503,213505,2,0
213503,213503,213505,2,0
213503,213503,213505,2,0
213503,213503,213505,2,0
213503,213503,213505,2,0
213503,213503,213505,2,0
213503,213503,213505,2,0
213503,213503,213505,2,0
213503,213503,213505,2,0
213503,213503,213505,2,0
213503,213503,213505,2,0
213503,213503,213505,2,0
213503,213503,213505,2,0
213503,213503,213505,2,0
213503,213503,213505,2,0
213503,213503,213506,3,0
213503,213503,213506,3,0
213503,213503,213506,3,0
213503,213503,213506,3,0
213503,213503,213506,3,0
213503,213503,213506,3,0
213503,213503,213506,3,0
213503,213503,213506,3,0
213503,213504,213506,2,1
213503,213504,213506,2,1
213503,213504,213506,2,1
213503,213504,213506,2,1
213503,213506,213507,1,3
213503,213504,213506,2,1
213503,213504,213506,2,1
213503,213504,213506,2,1
213503,213504,213506,2,1
213503,213506,213507,1,3
213503,213504,213506,2,1
213503,213504,213506,2,1
213503,213506,213507,1,3
213503,213503,213506,3,0
213503,213504,213506,2,1
213503,213506,213507,1,3
213503,213504,213506,2,1
213503,213506,213507,1,3
213503,213504,213506,2,1
213503,213506,213507,1,3
213503,213504,213506,2,1
213503,213506,213507,1,3
213456,213457,213507,50,1
213503,213505,213507,2,2
213503,213505,213507,2,2
213503,213506,213507,1,3
213503,213506,213507,1,3
213503,213506,213507,1,3
213503,213506,213507,1,3
213503,213505,213507,2,2
213503,213505,213507,2,2
213503,213505,213507,2,2
213503,213506,213507,1,3
213503,213506,213508,2,3
213503,213506,213508,2,3
213503,213506,213507,1,3
213503,213506,213508,2,3
213503,213506,213508,2,3
213503,213506,213508,2,3
213503,213506,213508,2,3
213503,213506,213507,1,3
213503,213506,213507,1,3
213503,213506,213508,2,3
213503,213506,213508,2,3
213503,213506,213507,1,3
213503,213506,213508,2,3
213503,213506,213508,2,3
213503,213506,213508,2,3
213503,213506,213507,1,3
213503,213506,213508,2,3
213503,213506,213508,2,3
213503,213506,213507,1,3
213503,213506,213508,2,3
213503,213506,213507,1,3
213503,213506,213508,2,3
213503,213506,213508,2,3
213503,213506,213508,2,3
213503,213507,213508,1,4
213503,213507,213508,1,4
213503,213507,213508,1,4
213503,213507,213508,1,4
213503,213507,213508,1,4
213503,213507,213508,1,4
213503,213507,213509,2,4
213503,213507,213509,2,4
213503,213507,213509,2,4
213503,213506,213508,2,3
213503,213506,213508,2,3
213503,213507,213509,2,4
213503,213507,213509,2,4
213503,213506,213508,2,3
213503,213506,213508,2,3
213503,213506,213508,2,3
213503,213506,213508,2,3
213504,213507,213508,1,3
213504,213507,213509,2,3
213506,213508,213509,1,2
213503,213506,213508,2,3
213503,213506,213508,2,3
213503,213507,213509,2,4
213503,213507,213509,2,4
213503,213507,213509,2,4
213504,213507,213508,1,3
213506,213508,213509,1,2
213503,213506,213508,2,3
213503,213506,213508,2,3
213503,213506,213508,2,3
213503,213506,213508,2,3
213504,213507,213509,2,3
213504,213507,213509,2,3
213506,213508,213509,1,2
213503,213506,213508,2,3
213503,213506,213508,2,3
213503,213506,213508,2,3
213503,213507,213509,2,4
213504,213507,213508,1,3
213506,213508,213509,1,2
213503,213506,213508,2,3
213503,213506,213508,2,3
213504,213507,213509,2,3
213504,213507,213509,2,3
213504,213507,213509,2,3
213506,213508,213509,1,2
213503,213506,213508,2,3
213503,213507,213509,2,4
213503,213507,213509,2,4
213504,213507,213509,2,3
213506,213508,213509,1,2
213506,213508,213509,1,2
213504,213508,213509,1,4
213504,213508,213509,1,4
213504,213508,213509,1,4
213504,213508,213509,1,4
213504,213508,213509,1,4
213504,213508,213509,1,4
213504,213508,213510,2,4
213504,213508,213509,1,4
213504,213508,213510,2,4
213504,213508,213510,2,4
213504,213508,213509,1,4
213504,213508,213510,2,4
213504,213508,213510,2,4
213504,213508,213509,1,4
213504,213508,213510,2,4
213504,213508,213510,2,4
213504,213508,213510,2,4
213504,213508,213510,2,4
213504,213508,213510,2,4
213504,213508,213510,2,4
213504,213508,213510,2,4
213504,213508,213509,1,4
213506,213508,213510,2,2
213506,213508,213510,2,2
213506,213508,213510,2,2
213506,213508,213510,2,2
213504,213508,213510,2,4
213504,213508,213510,2,4
213506,213510,213511,1,4
213506,213509,213510,1,3
213506,213509,213511,2,3
213506,213509,213511,2,3
213506,213509,213510,1,3
213506,213509,213510,1,3
213506,213509,213511,2,3
213506,213509,213511,2,3
213506,213509,213511,2,3
213506,213509,213511,2,3
213506,213509,213511,2,3
213506,213509,213511,2,3
213506,213509,213511,2,3
213506,213510,213511,1,4
213506,213510,213512,2,4
213506,213510,213511,1,4
213506,213510,213511,1,4
213506,213510,213511,1,4
213506,213510,213511,1,4
213506,213509,213511,2,3
213506,213510,213512,2,4
213506,213510,213511,1,4
213506,213510,213512,2,4
213506,213510,213512,2,4
213506,213510,213511,1,4
213506,213510,213511,1,4
213506,213510,213512,2,4
213506,213510,213512,2,4
213506,213510,213512,2,4
213506,213510,213511,1,4
213506,213510,213511,1,4
213506,213509,213512,3,3
213506,213509,213511,2,3
213506,213510,213512,2,4
213506,213510,213512,2,4
213506,213510,213512,2,4
213506,213509,213512,3,3
213506,213510,213512,2,4
213506,213510,213512,2,4
213506,213510,213512,2,4
213506,213510,213512,2,4
213506,213510,213512,2,4
213506,213509,213512,3,3
213506,213510,213512,2,4
213506,213510,213512,2,4
213506,213510,213512,2,4
213506,213510,213512,2,4
213506,213510,213512,2,4
213506,213510,213512,2,4
213506,213510,213512,2,4
213506,213510,213512,2,4
213506,213510,213512,2,4
213506,213510,213512,2,4
213506,213510,213512,2,4
213506,213510,213512,2,4
213506,213510,213512,2,4
213506,213510,213564,54,4
213598,213598,213599,1,0
213598,213598,213599,1,0
213598,213598,213599,1,0
213598,213598,213599,1,0
213598,213598,213599,1,0
213598,213598,213599,1,0
213598,213598,213599,1,0
213598,213598,213599,1,0
213598,213598,213599,1,0
213598,213598,213599,1,0
213598,213598,213599,1,0
213598,213598,213600,2,0
213598,213598,213600,2,0
213598,213598,213600,2,0
213598,213598,213600,2,0
213598,213598,213600,2,0
213598,213598,213600,2,0
213598,213598,213600,2,0
213598,213598,213600,2,0
213598,213598,213600,2,0
213598,213598,213600,2,0
213598,213599,213600,1,1
213598,213599,213600,1,1
213598,213598,213600,2,0
213598,213598,213600,2,0
213598,213598,213600,2,0
213598,213598,213600,2,0
213598,213598,213600,2,0
213598,213598,213600,2,0
213598,213598,213600,2,0
213598,213598,213600,2,0
213598,213598,213600,2,0
213598,213598,213600,2,0
213598,213598,213600,2,0
213598,213598,213600,2,0
213598,213598,213600,2,0
213598,213598,213600,2,0
213598,213598,213600,2,0
213598,213598,213600,2,0
213598,213598,213600,2,0
213598,213598,213599,1,0
213598,213598,213600,2,0
213598,213598,213600,2,0
213598,213598,213600,2,0
213598,213598,213600,2,0
213598,213598,213600,2,0
213598,213598,213600,2,0
213598,213598,213600,2,0
213598,213598,213600,2,0
213598,213598,213600,2,0
213598,213598,213599,1,0
213598,213598,213600,2,0
213598,213598,213600,2,0
213598,213598,213600,2,0
213598,213598,213600,2,0
213598,213598,213600,2,0
213598,213598,213600,2,0
213598,213598,213600,2,0
213598,213598,213600,2,0
213598,213598,213600,2,0
213598,213598,213600,2,0
213598,213598,213600,2,0
213598,213598,213600,2,0
213598,213598,213600,2,0
213598,213598,213600,2,0
213598,213598,213600,2,0
213598,213598,213600,2,0
213598,213598,213600,2,0
213598,213598,213600,2,0
213598,213598,213600,2,0
213598,213598,213600,2,0
213598,213598,213600,2,0
213598,213598,213600,2,0
213598,213598,213600,2,0
213598,213598,213600,2,0
213598,213599,213601,2,1
213598,213598,213600,2,0
213598,213599,213601,2,1
213598,213599,213601,2,1
213598,213598,213601,3,0
213598,213599,213601,2,1
213598,213599,213601,2,1
213598,213599,213601,2,1
213598,213598,213600,2,0
213598,213598,213600,2,0
213598,213599,213601,2,1
213598,213599,213601,2,1
213598,213599,213601,2,1
213598,213601,213602,1,3
213598,213599,213601,2,1
213598,213601,213602,1,3
213598,213601,213602,1,3
213598,213599,213601,2,1
213598,213601,213602,1,3
213598,213601,213602,1,3
213598,213599,213601,2,1
213598,213601,213602,1,3
213598,213601,213602,1,3
213598,213600,213602,2,2
213598,213601,213602,1,3
213598,213601,213602,1,3
213598,213601,213602,1,3
213598,213601,213602,1,3
213598,213601,213602,1,3
213598,213601,213603,2,3
213598,213601,213602,1,3
213598,213601,213602,1,3
213598,213601,213602,1,3
213598,213601,213603,2,3
213598,213601,213602,1,3
213598,213601,213603,2,3
213598,213601,213603,2,3
213598,213601,213602,1,3
213598,213601,213602,1,3
213598,213601,213603,2,3
213598,213601,213603,2,3
213598,213601,213602,1,3
213598,213601,213602,1,3
213598,213601,213602,1,3
213598,213601,213603,2,3
213598,213601,213603,2,3
213598,213601,213602,1,3
213598,213601,213603,2,3
213598,213601,213603,2,3
213598,213601,213603,2,3
213598,213601,213602,1,3
213598,213601,213602,1,3
213598,213601,213603,2,3
213598,213601,213603,2,3
213598,213601,213603,2,3
213598,213601,213603,2,3
213598,213601,213603,2,3
213598,213601,213603,2,3
213598,213601,213602,1,3
213598,213601,213602,1,3
213598,213601,213603,2,3
213598,213601,213603,2,3
213598,213601,213603,2,3
213598,213601,213603,2,3
213598,213601,213603,2,3
213598,213601,213603,2,3
213598,213602,213603,1,4
213598,213601,213603,2,3
213598,213601,213603,2,3
213598,213601,213603,2,3
213598,213601,213603,2,3
213598,213601,213604,3,3
213598,213601,213604,3,3
213598,213601,213604,3,3
213598,213601,213604,3,3
213598,213601,213603,2,3
213598,213601,213604,3,3
213598,213601,213603,2,3
213598,213602,213604,2,4
213598,213602,213603,1,4
213598,213601,213603,2,3
213598,213601,213603,2,3
213598,213601,213604,3,3
213598,213601,213604,3,3
213598,213601,213603,2,3
213598,213601,213604,3,3
213598,213601,213604,3,3
213598,213601,213603,2,3
213598,213601,213604,3,3
213598,213601,213604,3,3
213598,213601,213604,3,3
213598,213601,213604,3,3
213598,213601,213604,3,3
213598,213601,213604,3,3
213599,213602,213652,50,3
213676,213676,213677,1,0
213676,213676,213677,1,0
213676,213676,213677,1,0
213676,213676,213677,1,0
213676,213676,213677,1,0
213676,213676,213677,1,0
213676,213676,213678,2,0
213676,213676,213678,2,0
213676,213676,213677,1,0
213676,213676,213678,2,0
213676,213676,213677,1,0
213676,213676,213677,1,0
213676,213676,213677,1,0
213676,213676,213678,2,0
213676,213676,213678,2,0
213676,213676,213678,2,0
213676,213676,213678,2,0
213676,213676,213677,1,0
213676,213676,213678,2,0
213676,213676,213678,2,0
213676,213676,213678,2,0
213676,213676,213678,2,0
213676,213676,213678,2,0
213676,213676,213678,2,0
213676,213676,213678,2,0
213676,213676,213678,2,0
213676,213676,213678,2,0
213676,213676,213678,2,0
213676,213676,213678,2,0
213676,213676,213677,1,0
213676,213676,213678,2,0
213676,213676,213678,2,0
213676,213676,213678,2,0
213676,213676,213678,2,0
213676,213676,213677,1,0
213676,213676,213678,2,0
213676,213676,213678,2,0
213676,213676,213677,1,0
213676,213676,213678,2,0
213676,213676,213678,2,0
213676,213676,213678,2,0
213676,213676,213678,2,0
213676,213676,213678,2,0
213676,213676,213678,2,0
213676,213676,213678,2,0
213676,213676,213677,1,0
213676,213676,213678,2,0
213676,213676,213678,2,0
213676,213676,213678,2,0
213676,213676,213678,2,0
213676,213676,213678,2,0
213676,213676,213678,2,0
213676,213676,213678,2,0
213676,213676,213678,2,0
213676,213676,213678,2,0
213676,213676,213677,1,0
213676,213676,213678,2,0
213676,213676,213678,2,0
213676,213676,213677,1,0
213676,213676,213678,2,0
213676,213676,213678,2,0
213676,213676,213678,2,0
213676,213676,213678,2,0
213676,213677,213679,2,1
213676,213676,213678,2,0
213676,213676,213679,3,0
213676,213676,213678,2,0
213676,213676,213678,2,0
213676,213676,213679,3,0
213676,213677,213679,2,1
213676,213676,213678,2,0
213676,213677,213679,2,1
213676,213676,213678,2,0
213676,213676,213678,2,0
213676,213676,213679,3,0
213676,213676,213679,3,0
213676,213677,213679,2,1
213676,213676,213678,2,0
213676,213676,213678,2,0
213676,213676,213679,3,0
213676,213676,213678,2,0
213676,213676,213678,2,0
213676,213676,213679,3,0
213676,213677,213680,3,1
213676,213677,213680,3,1
213676,213677,213680,3,1
213676,213678,213680,2,2
213676,213678,213680,2,2
213676,213678,213680,2,2
213676,213678,213680,2,2
213676,213678,213680,2,2
213676,213678,213680,2,2
213676,213678,213680,2,2
213676,213678,213680,2,2
213676,213679,213680,1,3
213676,213678,213680,2,2
213676,213678,213680,2,2
213676,213678,213680,2,2
213676,213678,213680,2,2
213676,213679,213680,1,3
213676,213679,213734,55,3
213737,213737,213738,1,0
213737,213737,213738,1,0
213737,213737,213738,1,0
213737,213737,213738,1,0
213737,213737,213738,1,0
213737,213737,213738,1,0
213737,213737,213738,1,0
213737,213737,213739,2,0
213737,213737,213738,1,0
213737,213737,213739,2,0
213737,213737,213739,2,0
213737,213737,213739,2,0
213737,213737,213739,2,0
213737,213737,213738,1,0
213737,213737,213739,2,0
213737,213737,213739,2,0
213737,213737,213739,2,0
213737,213737,213738,1,0
213737,213737,213739,2,0
213737,213737,213739,2,0
213737,213737,213739,2,0
213737,213737,213739,2,0
213737,213737,213739,2,0
213737,213737,213739,2,0
213737,213737,213739,2,0
213737,213737,213739,2,0
213737,213737,213739,2,0
213737,213737,213738,1,0
213737,213737,213739,2,0
213737,213737,213739,2,0
213737,213737,213739,2,0
213737,213737,213739,2,0
213737,213737,213739,2,0
213737,213737,213739,2,0
213737,213737,213739,2,0
213737,213737,213739,2,0
213737,213737,213739,2,0
213737,213737,213739,2,0
213737,213737,213739,2,0
213737,213737,213739,2,0
213737,213737,213739,2,0
213737,213737,213738,1,0
213737,213737,213739,2,0
213737,213737,213739,2,0
213737,213737,213739,2,0
213737,213737,213739,2,0
213737,213737,213739,2,0
213737,213737,213739,2,0
213737,213737,213739,2,0
213737,213737,213739,2,0
213737,213737,213739,2,0
213737,213737,213739,2,0
213737,213737,213738,1,0
213737,213737,213739,2,0
213737,213737,213739,2,0
213737,213737,213739,2,0
213737,213737,213739,2,0
213737,213737,213739,2,0
213737,213737,213739,2,0
213737,213737,213740,3,0
213737,213737,213740,3,0
213737,213737,213740,3,0
213737,213737,213739,2,0
213737,213737,213740,3,0
213737,213737,213739,2,0
213737,213737,213740,3,0
213783,213783,213784,1,0
213783,213783,213784,1,0
213783,213783,213784,1,0
213783,213783,213784,1,0
213783,213783,213784,1,0
213783,213783,213784,1,0
213783,213783,213785,2,0
213783,213783,213785,2,0
213783,213783,213784,1,0
213783,213783,213785,2,0
213783,213783,213785,2,0
213783,213783,213784,1,0
213783,213783,213785,2,0
213783,213783,213785,2,0
213783,213783,213784,1,0
213783,213783,213785,2,0
213783,213783,213785,2,0
213783,213783,213785,2,0
213783,213783,213784,1,0
213783,213783,213784,1,0
213783,213783,213784,1,0
213783,213783,213785,2,0
213783,213783,213785,2,0
213783,213783,213785,2,0
213783,213783,213784,1,0
213783,213783,213785,2,0
213783,213783,213785,2,0
213783,213783,213785,2,0
213783,213783,213785,2,0
213783,213783,213785,2,0
213783,213783,213785,2,0
213783,213783,213785,2,0
213783,213783,213785,2,0
213737,213738,213789,51,1
213814,213814,213815,1,0
213814,213814,213815,1,0
213814,213814,213815,1,0
213814,213814,213815,1,0
213814,213814,213815,1,0
213814,213814,213815,1,0
213814,213814,213816,2,0
213814,213814,213815,1,0
213814,213814,213815,1,0
213814,213814,213816,2,0
213814,213814,213816,2,0
213814,213814,213816,2,0
213814,213814,213816,2,0
213814,213814,213815,1,0
213814,213814,213815,1,0
213814,213814,213816,2,0
213814,213814,213816,2,0
213814,213814,213816,2,0
213814,213814,213816,2,0
213814,213814,213816,2,0
213814,213814,213816,2,0
213814,213814,213815,1,0
213814,213814,213816,2,0
213814,213814,213816,2,0
213814,213814,213816,2,0
213814,213814,213816,2,0
213814,213814,213816,2,0
213814,213814,213816,2,0
213814,213814,213816,2,0
213814,213814,213816,2,0
213814,213814,213816,2,0
213814,213814,213817,3,0
213814,213814,213817,3,0
213814,213814,213816,2,0
213814,213814,213860,46,0
213861,213861,213862,1,0
213861,213861,213862,1,0
213861,213861,213862,1,0
213861,213861,213862,1,0
213861,213861,213862,1,0
213861,213861,213862,1,0
213861,213861,213863,2,0
213861,213861,213863,2,0
213861,213861,213863,2,0
213861,213861,213863,2,0
213861,213862,213863,1,1
213861,213862,213863,1,1
213861,213862,213863,1,1
213861,213862,213863,1,1
213861,213862,213863,1,1
213861,213862,213863,1,1
213861,213862,213863,1,1
213861,213861,213863,2,0
213861,213862,213863,1,1
213861,213862,213863,1,1
213861,213862,213864,2,1
213861,213862,213863,1,1
213861,213862,213863,1,1
213861,213862,213864,2,1
213861,213862,213864,2,1
213861,213862,213864,2,1
213861,213862,213864,2,1
213861,213862,213864,2,1
213861,213861,213864,3,0
213861,213861,213864,3,0
213861,213862,213864,2,1
213861,213862,213864,2,1
213861,213862,213864,2,1
213861,213861,213864,3,0
213862,213863,213910,47,1
213861,213861,213910,49,0
213911,213911,213912,1,0
213911,213911,213912,1,0
213911,213911,213912,1,0
213911,213911,213913,2,0
213911,213911,213913,2,0
213911,213911,213913,2,0
213911,213911,213913,2,0
213911,213911,213913,2,0
213911,213911,213913,2,0
213911,213911,213913,2,0
213911,213911,213913,2,0
213911,213911,213913,2,0
213911,213911,213913,2,0
213911,213911,213913,2,0
213911,213911,213912,1,0
213911,213911,213913,2,0
213911,213911,213913,2,0
213911,213911,213913,2,0
213911,213911,213914,3,0
213911,213911,213913,2,0
213911,213911,213913,2,0
213913,213913,213914,1,0
213911,213911,213914,3,0
213911,213911,213914,3,0
213911,213911,213913,2,0
213911,213911,213913,2,0
213913,213913,213914,1,0
213911,213911,213913,2,0
213911,213911,213913,2,0
213911,213911,213913,2,0
213913,213913,213914,1,0
213911,213911,213914,3,0
213911,213911,213913,2,0
213913,213913,213914,1,0
213913,213913,213914,1,0
213911,213911,213914,3,0
213911,213911,213913,2,0
213911,213911,213913,2,0
213913,213913,213914,1,0
213913,213913,213914,1,0
213911,213911,213914,3,0
213913,213913,213914,1,0
213913,213913,213915,2,0
213913,213913,213915,2,0
213913,213913,213915,2,0
213913,213913,213915,2,0
213913,213913,213915,2,0
213913,213913,213915,2,0
213913,213913,213915,2,0
213913,213913,213915,2,0
213913,213913,213915,2,0
213913,213913,213915,2,0
213913,213913,213915,2,0
213913,213913,213915,2,0
213913,213913,213915,2,0
213913,213913,213915,2,0
213913,213913,213915,2,0
213913,213913,213915,2,0
213913,213913,213915,2,0
213913,213913,213915,2,0
213913,213913,213915,2,0
213913,213913,213915,2,0
213913,213913,213915,2,0
213913,213913,213916,3,0
213913,213913,213915,2,0
213913,213913,213916,3,0
213913,213913,213916,3,0
213913,213913,213916,3,0
213865,213865,213925,60,0
213933,213934,213935,1,1
213933,213934,213936,2,1
213933,213934,213935,1,1
213933,213934,213935,1,1
213933,213934,213935,1,1
213933,213934,213935,1,1
213933,213934,213935,1,1
213933,213934,213936,2,1
213933,213934,213935,1,1
213933,213934,213936,2,1
213933,213934,213935,1,1
213933,213934,213935,1,1
213933,213934,213936,2,1
213933,213934,213935,1,1
213933,213934,213935,1,1
213933,213934,213936,2,1
213933,213934,213935,1,1
213933,213934,213935,1,1
213933,213934,213936,2,1
213933,213934,213935,1,1
213933,213934,213936,2,1
213933,213934,213936,2,1
213933,213934,213935,1,1
213933,213934,213935,1,1
213933,213934,213936,2,1
213933,213934,213936,2,1
213933,213934,213936,2,1
213933,213934,213936,2,1
213933,213934,213936,2,1
213933,213934,213936,2,1
213933,213934,213936,2,1
213933,213934,213936,2,1
213933,213934,213936,2,1
213885,213885,213938,53,0
213889,213889,213943,54,0
213883,213883,213947,64,0
213896,213896,213947,51,0
213894,213894,213948,54,0
213933,213935,213948,13,2
213890,213890,213949,59,0
213950,213951,213952,1,1
213950,213951,213952,1,1
213950,213951,213952,1,1
213951,213951,213952,1,0
213950,213951,213953,2,1
213950,213951,213952,1,1
213950,213951,213952,1,1
213951,213951,213953,2,0
213950,213951,213952,1,1
213950,213951,213953,2,1
213950,213951,213953,2,1
213951,213951,213952,1,0
213951,213951,213953,2,0
213950,213951,213952,1,1
213950,213951,213953,2,1
213950,213951,213952,1,1
213951,213951,213953,2,0
213951,213951,213953,2,0
213950,213951,213953,2,1
213950,213951,213952,1,1
213951,213951,213952,1,0
213951,213951,213953,2,0
213951,213952,213953,1,1
213950,213951,213953,2,1
213951,213951,213952,1,0
213951,213951,213953,2,0
213951,213951,213953,2,0
213951,213952,213953,1,1
213950,213951,213953,2,1
213950,213951,213953,2,1
213951,213951,213952,1,0
213951,213951,213953,2,0
213950,213951,213953,2,1
213950,213951,213953,2,1
213951,213951,213952,1,0
213951,213951,213953,2,0
213951,213951,213953,2,0
213951,213952,213953,1,1
213950,213951,213953,2,1
213950,213951,213953,2,1
213951,213951,213953,2,0
213951,213951,213953,2,0
213951,213951,213953,2,0
213950,213951,213953,2,1
213950,213951,213952,1,1
213951,213951,213953,2,0
213951,213951,213953,2,0
213951,213951,213953,2,0
213950,213951,213953,2,1
213951,213951,213953,2,0
213950,213951,213953,2,1
213951,213951,213953,2,0
213951,213951,213953,2,0
213951,213951,213953,2,0
213951,213952,213953,1,1
213950,213951,213953,2,1
213951,213951,213953,2,0
213951,213951,213953,2,0
213950,213951,213953,2,1
213951,213951,213953,2,0
213951,213951,213953,2,0
213951,213952,213953,1,1
213951,213951,213953,2,0
213951,213951,213953,2,0
213950,213951,213953,2,1
213950,213951,213953,2,1
213951,213953,213954,1,2
213950,213951,213953,2,1
213951,213951,213953,2,0
213951,213952,213953,1,1
213951,213953,213954,1,2
213950,213951,213953,2,1
213951,213951,213953,2,0
213951,213953,213954,1,2
213951,213953,213954,1,2
213951,213953,213955,2,2
213951,213953,213955,2,2
213951,213953,213954,1,2
213951,213953,213955,2,2
213951,213953,213955,2,2
213951,213953,213955,2,2
213951,213953,213955,2,2
213951,213953,213955,2,2
213951,213953,213955,2,2
213951,213953,213955,2,2
213951,213953,213955,2,2
213951,213953,213955,2,2
213951,213953,213955,2,2
213951,213953,213955,2,2
213951,213953,213954,1,2
213951,213953,213954,1,2
213951,213953,213955,2,2
213951,213953,213954,1,2
213951,213953,213955,2,2
213951,213953,213955,2,2
213951,213953,213955,2,2
213951,213953,213955,2,2
213951,213953,213956,3,2
213951,213953,213955,2,2
213901,213901,213959,58,0
213900,213900,213960,60,0
213950,213951,213960,9,1
213904,213904,213966,62,0
213906,213906,213967,61,0
213911,213911,213967,56,0
213887,213887,213964,77,0
213892,213892,213981,89,0
213934,213935,213982,47,1
213986,213986,213987,1,0
213986,213986,213987,1,0
213986,213986,213987,1,0
213986,213986,213987,1,0
213986,213986,213987,1,0
213986,213986,213987,1,0
213986,213986,213987,1,0
213986,213986,213988,2,0
213986,213986,213988,2,0
213986,213986,213988,2,0
213986,213986,213988,2,0
213986,213986,213988,2,0
213986,213986,213988,2,0
213986,213986,213988,2,0
213986,213986,213989,3,0
213986,213986,213988,2,0
213986,213987,213988,1,1
213986,213987,213988,1,1
213986,213986,213988,2,0
213986,213986,213988,2,0
213986,213986,213988,2,0
213986,213987,213988,1,1
213986,213987,213988,1,1
213986,213986,213988,2,0
213986,213986,213989,3,0
213986,213986,213988,2,0
213986,213986,213988,2,0
213986,213987,213988,1,1
213986,213986,213988,2,0
213986,213986,213989,3,0
213986,213986,213988,2,0
213986,213986,213988,2,0
213986,213987,213988,1,1
213986,213986,213989,3,0
213986,213986,213988,2,0
213986,213986,213988,2,0
213986,213986,213988,2,0
213986,213987,213988,1,1
213986,213986,213989,3,0
213986,213986,213988,2,0
213986,213986,213988,2,0
213986,213986,213988,2,0
213986,213987,213988,1,1
213986,213987,213988,1,1
213986,213986,213989,3,0
213986,213986,213988,2,0
213986,213986,213988,2,0
213986,213986,213988,2,0
213986,213987,213988,1,1
213986,213987,213988,1,1
213986,213986,213988,2,0
213986,213986,213988,2,0
213986,213986,213988,2,0
213986,213986,213988,2,0
213986,213987,213988,1,1
213986,213987,213989,2,1
213986,213987,213988,1,1
213986,213987,213989,2,1
213986,213987,213989,2,1
213986,213987,213989,2,1
213986,213987,213989,2,1
213986,213987,213989,2,1
213986,213987,213989,2,1
213986,213988,213989,1,2
213986,213987,213990,3,1
213986,213987,213989,2,1
213986,213988,213989,1,2
213986,213987,213989,2,1
213986,213987,213989,2,1
213986,213988,213989,1,2
213986,213987,213989,2,1
213986,213987,213989,2,1
213986,213988,213989,1,2
213986,213987,213989,2,1
213986,213988,213989,1,2
213986,213987,213989,2,1
213986,213988,213989,1,2
213986,213989,213990,1,3
213986,213987,213989,2,1
213986,213987,213989,2,1
213986,213987,213989,2,1
213986,213987,213989,2,1
213986,213988,213989,1,2
213986,213990,213991,1,4
213987,213990,213991,1,3
213986,213986,213990,4,0
213986,213989,213990,1,3
213986,213989,213990,1,3
213986,213989,213990,1,3
213986,213989,213990,1,3
213987,213990,213991,1,3
213987,213990,213991,1,3
213987,213990,213991,1,3
213986,213989,213991,2,3
213986,213989,213991,2,3
213986,213989,213991,2,3
213986,213989,213991,2,3
213986,213989,213991,2,3
213986,213989,213991,2,3
213986,213989,213991,2,3
213986,213989,213991,2,3
213986,213989,213991,2,3
213986,213989,213990,1,3
213986,213989,213991,2,3
213986,213989,213991,2,3
213986,213989,213991,2,3
213986,213989,213991,2,3
213986,213989,213991,2,3
213986,213989,213991,2,3
213986,213989,213990,1,3
213986,213989,213991,2,3
213986,213989,213991,2,3
213986,213989,213991,2,3
213986,213989,213991,2,3
213986,213989,213991,2,3
213986,213989,213990,1,3
213986,213989,213991,2,3
213986,213989,213991,2,3
213987,213990,213991,1,3
213986,213989,213991,2,3
213986,213989,213990,1,3
213986,213989,213991,2,3
213986,213989,213991,2,3
213986,213989,213991,2,3
213986,213989,213990,1,3
213986,213989,213991,2,3
213986,213989,213991,2,3
213986,213989,213991,2,3
213986,213989,213991,2,3
213986,213989,213991,2,3
213986,213989,213991,2,3
213986,213989,213991,2,3
213986,213989,213991,2,3
213986,213989,213991,2,3
213986,213989,213991,2,3
213986,213989,213990,1,3
213986,213989,213991,2,3
213986,213989,213991,2,3
213987,213990,213991,1,3
213987,213990,213991,1,3
213986,213990,213991,1,4
213986,213990,213991,1,4
213986,213989,213991,2,3
213987,213990,213992,2,3
213987,213990,213992,2,3
213987,213990,213992,2,3
213987,213990,213992,2,3
213987,213990,213992,2,3
213987,213990,213992,2,3
213987,213990,213992,2,3
213987,213991,213992,1,4
213987,213990,213992,2,3
213987,213991,213992,1,4
213987,213990,213992,2,3
213987,213990,213992,2,3
213987,213990,213992,2,3
213987,213990,213992,2,3
213987,213990,213992,2,3
213987,213990,213992,2,3
213987,213990,213992,2,3
213987,213991,213992,1,4
213987,213990,213992,2,3
213987,213991,213992,1,4
213987,213991,213992,1,4
213987,213991,213993,2,4
213987,213991,213993,2,4
213987,213991,213994,3,4
213987,213992,213994,2,5
213989,213992,213993,1,3
213987,213991,213993,2,4
213987,213991,213993,2,4
213987,213991,213993,2,4
213989,213992,213993,1,3
213987,213991,213993,2,4
213987,213991,213993,2,4
213987,213991,213994,3,4
213987,213992,213993,1,5
213989,213992,213993,1,3
213987,213991,213993,2,4
213987,213991,213993,2,4
213989,213992,213993,1,3
213987,213991,213993,2,4
213987,213991,213993,2,4
213987,213991,213993,2,4
213987,213992,213994,2,5
213989,213992,213993,1,3
213987,213991,213993,2,4
213987,213991,213993,2,4
213987,213992,213994,2,5
213987,213992,213993,1,5
213987,213992,213993,1,5
213989,213992,213993,1,3
213987,213991,213993,2,4
213987,213991,213993,2,4
213987,213991,213994,3,4
213987,213992,213993,1,5
213989,213992,213993,1,3
213987,213991,213993,2,4
213987,213991,213994,3,4
213987,213992,213993,1,5
213989,213992,213993,1,3
213989,213992,213994,2,3
213987,213991,213993,2,4
213987,213991,213994,3,4
213987,213991,213993,2,4
213987,213991,213994,3,4
213987,213991,213993,2,4
213987,213991,213993,2,4
213987,213991,213993,2,4
213987,213991,213993,2,4
213987,213991,213994,3,4
213989,213993,213994,1,4
213989,213993,213995,2,4
213987,213991,213994,3,4
213989,213992,213994,2,3
213989,213993,213994,1,4
213989,213993,213994,1,4
213989,213993,213995,2,4
213989,213993,213994,1,4
213989,213993,213994,1,4
213989,213992,213994,2,3
213989,213993,213994,1,4
213989,213993,213994,1,4
213989,213993,213994,1,4
213989,213993,213994,1,4
213987,213992,213994,2,5
213989,213992,213994,2,3
213989,213993,213994,1,4
213989,213993,213994,1,4
213989,213993,213994,1,4
213989,213992,213994,2,3
213989,213993,213994,1,4
213989,213993,213994,1,4
213989,213993,213994,1,4
213989,213993,213994,1,4
213989,213993,213994,1,4
213989,213993,213994,1,4
213989,213992,213994,2,3
213903,213903,214032,129,0
213898,213898,214034,136,0
213909,213909,214034,125,0
213914,213914,214035,121,0
214065,214065,214066,1,0
214065,214065,214066,1,0
214065,214065,214066,1,0
214065,214065,214066,1,0
214065,214066,214067,1,1
214065,214065,214066,1,0
214065,214065,214066,1,0
214065,214066,214067,1,1
214065,214065,214067,2,0
214065,214065,214068,3,0
214065,214065,214068,3,0
214065,214065,214067,2,0
214065,214066,214067,1,1
214065,214066,214067,1,1
214066,214066,214067,1,0
214065,214066,214067,1,1
214066,214066,214067,1,0
214065,214065,214067,2,0
214065,214065,214068,3,0
214065,214065,214067,2,0
214065,214065,214067,2,0
214065,214066,214067,1,1
214065,214066,214068,2,1
214065,214066,214067,1,1
214065,214065,214068,3,0
214065,214065,214067,2,0
214065,214065,214067,2,0
214065,214066,214067,1,1
214065,214066,214068,2,1
214065,214066,214068,2,1
214066,214066,214067,1,0
214066,214066,214067,1,0
214065,214065,214068,3,0
214065,214065,214067,2,0
214065,214066,214067,1,1
214065,214066,214068,2,1
214065,214066,214068,2,1
214066,214066,214067,1,0
214065,214065,214068,3,0
214065,214065,214067,2,0
214065,214065,214067,2,0
214065,214066,214067,1,1
214065,214066,214068,2,1
214065,214066,214067,1,1
214065,214066,214067,1,1
214065,214065,214068,3,0
214065,214065,214067,2,0
214065,214066,214068,2,1
214065,214066,214067,1,1
214065,214065,214068,3,0
214065,214065,214068,3,0
214065,214065,214067,2,0
214065,214066,214067,1,1
214065,214066,214068,2,1
214065,214066,214067,1,1
214066,214066,214067,1,0
214065,214065,214068,3,0
214065,214065,214067,2,0
214065,214066,214068,2,1
214065,214066,214068,2,1
214066,214066,214067,1,0
214066,214066,214068,2,0
214065,214065,214068,3,0
214065,214065,214067,2,0
214065,214065,214067,2,0
214065,214066,214067,1,1
214065,214066,214068,2,1
214065,214066,214067,1,1
214065,214066,214067,1,1
214065,214066,214068,2,1
214065,214066,214068,2,1
214066,214066,214068,2,0
214066,214066,214068,2,0
214066,214066,214068,2,0
214065,214066,214068,2,1
214066,214067,214068,1,1
214066,214068,214069,1,2
214065,214066,214068,2,1
214066,214067,214068,1,1
214065,214065,214068,3,0
214066,214067,214069,2,1
214066,214068,214069,1,2
214065,214065,214068,3,0
214065,214066,214068,2,1
214066,214067,214069,2,1
214066,214067,214069,2,1
214066,214067,214068,1,1
214066,214067,214068,1,1
214066,214067,214068,1,1
214066,214068,214069,1,2
214066,214068,214070,2,2
214066,214068,214069,1,2
214066,214068,214069,1,2
214066,214068,214069,1,2
214066,214068,214070,2,2
214066,214068,214070,2,2
214066,214068,214070,2,2
214066,214068,214070,2,2
214066,214068,214070,2,2
214066,214068,214070,2,2
214066,214068,214070,2,2
214066,214068,214070,2,2
214066,214068,214070,2,2
214066,214068,214070,2,2
214066,214068,214070,2,2
214066,214068,214070,2,2
214066,214068,214070,2,2
214066,214068,214070,2,2
214066,214068,214070,2,2
214066,214068,214070,2,2
214066,214068,214069,1,2
214066,214068,214070,2,2
214066,214068,214070,2,2
214066,214068,214070,2,2
214066,214068,214070,2,2
214066,214068,214070,2,2
214066,214068,214070,2,2
214066,214068,214070,2,2
214066,214068,214070,2,2
214066,214068,214070,2,2
214066,214068,214070,2,2
214066,214068,214070,2,2
214066,214068,214071,3,2
214066,214068,214070,2,2
214066,214068,214070,2,2
214066,214068,214070,2,2
214066,214068,214070,2,2
214066,214068,214070,2,2
214066,214068,214070,2,2
214066,214068,214071,3,2
214066,214068,214070,2,2
214066,214068,214070,2,2
214066,214068,214070,2,2
214066,214068,214070,2,2
214066,214068,214070,2,2
214066,214068,214070,2,2
213989,213993,214087,94,4
214126,214126,214127,1,0
214126,214126,214127,1,0
214126,214126,214127,1,0
214126,214126,214127,1,0
214126,214126,214127,1,0
214126,214126,214127,1,0
214126,214126,214127,1,0
214126,214126,214127,1,0
214126,214126,214127,1,0
214126,214126,214127,1,0
214126,214126,214127,1,0
214126,214126,214128,2,0
214126,214126,214128,2,0
214126,214126,214127,1,0
214126,214126,214128,2,0
214126,214126,214128,2,0
214126,214126,214128,2,0
214126,214126,214128,2,0
214126,214126,214128,2,0
214126,214126,214128,2,0
214126,214126,214128,2,0
214126,214126,214128,2,0
214126,214126,214128,2,0
214126,214126,214128,2,0
214126,214126,214129,3,0
214126,214126,214128,2,0
214126,214126,214128,2,0
214126,214126,214128,2,0
214126,214126,214128,2,0
214126,214126,214128,2,0
214126,214126,214128,2,0
214126,214126,214129,3,0
214126,214126,214129,3,0
214126,214126,214128,2,0
214126,214126,214128,2,0
214126,214126,214128,2,0
214126,214126,214128,2,0
214126,214126,214128,2,0
214126,214126,214129,3,0
214126,214126,214128,2,0
214126,214126,214128,2,0
214126,214126,214128,2,0
214126,214126,214128,2,0
214126,214126,214129,3,0
214126,214126,214128,2,0
214126,214126,214128,2,0
214126,214126,214128,2,0
214126,214126,214128,2,0
214126,214126,214128,2,0
214126,214126,214128,2,0
214126,214126,214129,3,0
214126,214127,214128,1,1
214126,214126,214128,2,0
214126,214126,214128,2,0
214126,214126,214128,2,0
214126,214126,214128,2,0
214126,214126,214128,2,0
214126,214126,214128,2,0
214126,214126,214128,2,0
214126,214126,214128,2,0
214126,214126,214128,2,0
214126,214127,214129,2,1
214126,214126,214128,2,0
214126,214126,214128,2,0
214126,214126,214128,2,0
214126,214126,214128,2,0
214126,214126,214128,2,0
214126,214126,214129,3,0
214126,214126,214128,2,0
214126,214127,214128,1,1
214126,214127,214128,1,1
214126,214126,214129,3,0
214126,214128,214130,2,2
214126,214126,214129,3,0
214126,214128,214129,1,2
214126,214128,214129,1,2
214126,214126,214129,3,0
214126,214128,214129,1,2
214126,214128,214129,1,2
214126,214128,214129,1,2
214126,214128,214129,1,2
214126,214126,214129,3,0
214126,214128,214130,2,2
214126,214128,214129,1,2
214126,214126,214129,3,0
214126,214128,214129,1,2
214126,214128,214129,1,2
214126,214126,214129,3,0
214126,214127,214129,2,1
214126,214127,214129,2,1
214126,214127,214129,2,1
214126,214128,214129,1,2
214126,214128,214130,2,2
214126,214128,214130,2,2
214126,214129,214130,1,3
214126,214129,214130,1,3
214126,214129,214131,2,3
214126,214129,214131,2,3
214126,214129,214130,1,3
214126,214129,214131,2,3
214126,214129,214131,2,3
214126,214129,214131,2,3
214127,214129,214176,47,2
214187,214187,214188,1,0
214187,214187,214188,1,0
214187,214187,214189,2,0
214187,214187,214188,1,0
214187,214187,214188,1,0
214187,214188,214189,1,1
214187,214188,214189,1,1
214187,214187,214188,1,0
214187,214187,214188,1,0
214187,214187,214190,3,0
214187,214187,214190,3,0
214187,214188,214189,1,1
214187,214188,214190,2,1
214187,214187,214189,2,0
214187,214187,214189,2,0
214187,214187,214190,3,0
214187,214188,214189,1,1
214187,214188,214190,2,1
214187,214188,214190,2,1
214187,214187,214189,2,0
214187,214187,214189,2,0
214187,214188,214189,1,1
214187,214188,214189,1,1
214187,214188,214189,1,1
214187,214187,214189,2,0
214187,214188,214189,1,1
214187,214188,214189,1,1
214187,214188,214189,1,1
214187,214188,214189,1,1
214187,214187,214190,3,0
214187,214187,214190,3,0
214187,214187,214189,2,0
214187,214188,214189,1,1
214187,214188,214189,1,1
214187,214187,214190,3,0
214187,214187,214190,3,0
214187,214187,214189,2,0
214187,214188,214189,1,1
214187,214188,214190,2,1
214187,214187,214189,2,0
214187,214187,214190,3,0
214187,214188,214189,1,1
214187,214188,214190,2,1
214187,214188,214189,1,1
214187,214187,214189,2,0
214187,214187,214189,2,0
214187,214188,214189,1,1
214187,214188,214189,1,1
214187,214188,214189,1,1
214187,214187,214190,3,0
214187,214187,214189,2,0
214187,214187,214189,2,0
214187,214188,214190,2,1
214187,214188,214190,2,1
214187,214187,214190,3,0
214187,214187,214190,3,0
214187,214188,214189,1,1
214187,214188,214190,2,1
214187,214188,214190,2,1
214187,214188,214189,1,1
214187,214187,214190,3,0
214187,214188,214190,2,1
214187,214187,214190,3,0
214187,214188,214190,2,1
214187,214188,214190,2,1
214187,214187,214190,3,0
214187,214188,214190,2,1
214187,214187,214190,3,0
214234,214234,214235,1,0
214234,214234,214235,1,0
214234,214234,214235,1,0
214234,214234,214235,1,0
214234,214234,214235,1,0
214234,214234,214236,2,0
214234,214234,214236,2,0
214234,214234,214235,1,0
214234,214234,214236,2,0
214234,214234,214235,1,0
214234,214234,214235,1,0
214234,214234,214236,2,0
214234,214234,214236,2,0
214234,214234,214235,1,0
214234,214234,214236,2,0
214234,214234,214236,2,0
214234,214234,214236,2,0
214234,214234,214235,1,0
214234,214234,214236,2,0
214234,214234,214236,2,0
214234,214234,214236,2,0
214234,214234,214236,2,0
214234,214234,214236,2,0
214234,214234,214236,2,0
214234,214234,214236,2,0
214234,214234,214236,2,0
214234,214234,214236,2,0
214234,214234,214236,2,0
214234,214234,214236,2,0
214234,214234,214236,2,0
214234,214234,214236,2,0
214234,214234,214236,2,0
214234,214234,214236,2,0
214234,214234,214236,2,0
214234,214234,214297,63,0
214298,214298,214299,1,0
214298,214298,214299,1,0
214298,214298,214299,1,0
214298,214298,214299,1,0
214298,214298,214299,1,0
214298,214298,214300,2,0
214298,214298,214300,2,0
214298,214298,214300,2,0
214298,214298,214300,2,0
214298,214298,214300,2,0
214298,214298,214300,2,0
214298,214298,214299,1,0
214298,214298,214300,2,0
214298,214298,214300,2,0
214298,214299,214300,1,1
214298,214299,214300,1,1
214298,214299,214300,1,1
214298,214298,214300,2,0
214298,214298,214300,2,0
214298,214298,214300,2,0
214298,214298,214299,1,0
214298,214298,214300,2,0
214298,214298,214300,2,0
214298,214298,214300,2,0
214298,214298,214300,2,0
214298,214298,214300,2,0
214298,214298,214300,2,0
214298,214298,214300,2,0
214298,214298,214300,2,0
214298,214298,214300,2,0
214298,214298,214300,2,0
214298,214298,214300,2,0
214298,214298,214300,2,0
214265,214266,214322,56,1
214324,214324,214325,1,0
214324,214324,214325,1,0
214324,214324,214325,1,0
214324,214324,214325,1,0
214324,214324,214325,1,0
214324,214324,214326,2,0
214324,214324,214325,1,0
214324,214324,214326,2,0
214324,214324,214326,2,0
214324,214324,214326,2,0
214324,214324,214326,2,0
214324,214324,214325,1,0
214324,214324,214325,1,0
214324,214324,214325,1,0
214324,214324,214325,1,0
214324,214324,214326,2,0
214324,214324,214326,2,0
214324,214324,214326,2,0
214324,214324,214325,1,0
214324,214324,214326,2,0
214324,214324,214326,2,0
214324,214324,214326,2,0
214324,214324,214326,2,0
214324,214324,214326,2,0
214324,214324,214326,2,0
214324,214324,214326,2,0
214324,214324,214326,2,0
214324,214324,214326,2,0
214324,214324,214326,2,0
214324,214324,214326,2,0
214324,214324,214326,2,0
214324,214324,214326,2,0
214324,214324,214326,2,0
214281,214282,214333,51,1
214285,214285,214333,48,0
214282,214283,214337,54,1
214284,214284,214340,56,0
214290,214290,214342,52,0
214344,214344,214345,1,0
214344,214345,214346,1,1
214344,214344,214345,1,0
214344,214344,214345,1,0
214344,214344,214345,1,0
214344,214344,214346,2,0
214344,214345,214346,1,1
214344,214345,214347,2,1
214344,214345,214347,2,1
214345,214345,214346,1,0
214344,214344,214347,3,0
214344,214345,214347,2,1
214344,214345,214346,1,1
214345,214345,214346,1,0
214345,214346,214347,1,1
214344,214345,214347,2,1
214344,214345,214346,1,1
214345,214345,214346,1,0
214345,214345,214347,2,0
214344,214344,214347,3,0
214344,214345,214346,1,1
214345,214345,214347,2,0
214345,214345,214347,2,0
214345,214345,214347,2,0
214345,214345,214347,2,0
214345,214345,214346,1,0
214344,214345,214347,2,1
214344,214345,214346,1,1
214345,214345,214346,1,0
214345,214345,214347,2,0
214344,214345,214346,1,1
214344,214345,214346,1,1
214345,214345,214346,1,0
214345,214345,214347,2,0
214345,214345,214347,2,0
214344,214344,214346,2,0
214344,214345,214346,1,1
214345,214345,214346,1,0
214345,214345,214347,2,0
214345,214345,214347,2,0
214345,214346,214347,1,1
214344,214345,214346,1,1
214344,214345,214347,2,1
214344,214345,214347,2,1
214345,214345,214346,1,0
214345,214345,214347,2,0
214345,214345,214347,2,0
214344,214345,214347,2,1
214344,214345,214347,2,1
214344,214345,214347,2,1
214345,214345,214346,1,0
214345,214345,214347,2,0
214345,214345,214347,2,0
214344,214345,214347,2,1
214344,214345,214347,2,1
214344,214345,214346,1,1
214345,214345,214347,2,0
214345,214345,214347,2,0
214345,214345,214347,2,0
214345,214345,214346,1,0
214287,214287,214347,60,0
214345,214346,214347,1,1
214344,214345,214347,2,1
214345,214345,214347,2,0
214345,214346,214347,1,1
214344,214345,214347,2,1
214345,214345,214347,2,0
214345,214345,214347,2,0
214345,214345,214347,2,0
214345,214345,214347,2,0
214347,214347,214348,1,0
214345,214345,214347,2,0
214345,214346,214347,1,1
214347,214347,214348,1,0
214345,214345,214347,2,0
214345,214346,214347,1,1
214347,214347,214348,1,0
214345,214346,214347,1,1
214345,214347,214348,1,2
214345,214347,214348,1,2
214345,214347,214348,1,2
214345,214347,214349,2,2
214345,214347,214349,2,2
214345,214347,214349,2,2
214345,214347,214349,2,2
214345,214347,214349,2,2
214345,214347,214349,2,2
214345,214347,214349,2,2
214345,214347,214349,2,2
214345,214347,214349,2,2
214345,214347,214349,2,2
214345,214347,214348,1,2
214347,214347,214349,2,0
214347,214347,214349,2,0
214347,214347,214349,2,0
214347,214347,214349,2,0
214347,214347,214349,2,0
214345,214347,214349,2,2
214345,214347,214349,2,2
214345,214347,214349,2,2
214345,214347,214348,1,2
214347,214347,214349,2,0
214347,214347,214349,2,0
214347,214347,214349,2,0
214347,214347,214349,2,0
214347,214347,214349,2,0
214347,214347,214349,2,0
214347,214347,214348,1,0
214347,214347,214349,2,0
214347,214347,214349,2,0
214347,214347,214349,2,0
214347,214347,214348,1,0
214347,214347,214348,1,0
214347,214347,214349,2,0
214347,214347,214349,2,0
214347,214347,214349,2,0
214347,214347,214349,2,0
214347,214347,214349,2,0
214345,214347,214350,3,2
214345,214347,214349,2,2
214345,214347,214349,2,2
214345,214347,214349,2,2
214345,214347,214349,2,2
214345,214347,214349,2,2
214345,214347,214350,3,2
214345,214347,214349,2,2
214347,214348,214350,2,1
214345,214347,214349,2,2
214347,214348,214350,2,1
214347,214348,214350,2,1
214347,214348,214350,2,1
214347,214348,214350,2,1
214347,214348,214350,2,1
214347,214348,214350,2,1
214347,214347,214350,3,0
214347,214348,214350,2,1
214296,214296,214352,56,0
214286,214286,214352,66,0
214292,214292,214354,62,0
214295,214295,214357,62,0
214299,214299,214364,65,0
214301,214301,214364,63,0
214288,214288,214366,78,0
214320,214320,214375,55,0
214323,214323,214375,52,0
214381,214381,214382,1,0
214381,214381,214382,1,0
214381,214381,214382,1,0
214381,214381,214382,1,0
214381,214381,214382,1,0
214381,214381,214382,1,0
214381,214381,214383,2,0
214381,214381,214383,2,0
214381,214381,214383,2,0
214381,214382,214383,1,1
214381,214382,214383,1,1
214381,214382,214383,1,1
214381,214381,214383,2,0
214381,214381,214383,2,0
214381,214381,214383,2,0
214381,214381,214383,2,0
214381,214382,214383,1,1
214381,214381,214383,2,0
214381,214381,214383,2,0
214381,214381,214383,2,0
214381,214381,214383,2,0
214381,214382,214383,1,1
214381,214382,214383,1,1
214381,214381,214384,3,0
214381,214381,214383,2,0
214381,214382,214383,1,1
214381,214382,214383,1,1
214381,214382,214383,1,1
214381,214381,214383,2,0
214381,214381,214383,2,0
214381,214382,214383,1,1
214381,214382,214383,1,1
214381,214382,214383,1,1
214381,214381,214383,2,0
214381,214381,214383,2,0
214381,214381,214383,2,0
214381,214381,214383,2,0
214381,214381,214383,2,0
214381,214381,214383,2,0
214381,214381,214383,2,0
214381,214382,214383,1,1
214381,214381,214383,2,0
214381,214381,214383,2,0
214381,214382,214383,1,1
214381,214382,214383,1,1
214381,214381,214383,2,0
214381,214381,214383,2,0
214381,214381,214383,2,0
214381,214381,214383,2,0
214381,214382,214384,2,1
214381,214382,214383,1,1
214381,214381,214383,2,0
214381,214381,214383,2,0
214381,214381,214383,2,0
214381,214382,214383,1,1
214325,214325,214385,60,0
214381,214382,214384,2,1
214381,214382,214384,2,1
214381,214382,214384,2,1
214381,214383,214384,1,2
214381,214382,214384,2,1
214381,214382,214384,2,1
214381,214383,214384,1,2
214381,214383,214384,1,2
214381,214382,214384,2,1
214381,214382,214384,2,1
214381,214383,214384,1,2
214381,214381,214384,3,0
214381,214382,214384,2,1
214381,214382,214384,2,1
214381,214383,214384,1,2
214381,214382,214384,2,1
214381,214382,214384,2,1
214381,214382,214384,2,1
214381,214384,214385,1,3
214381,214382,214385,3,1
214381,214384,214385,1,3
214381,214382,214384,2,1
214381,214383,214385,2,2
214381,214382,214384,2,1
214381,214382,214384,2,1
214381,214382,214385,3,1
214381,214382,214384,2,1
214381,214382,214384,2,1
214381,214382,214384,2,1
214381,214384,214385,1,3
214381,214384,214386,2,3
214381,214384,214386,2,3
214381,214384,214386,2,3
214381,214384,214385,1,3
214381,214384,214386,2,3
214381,214384,214386,2,3
214381,214384,214385,1,3
214381,214384,214386,2,3
214381,214384,214386,2,3
214381,214384,214386,2,3
214381,214384,214385,1,3
214381,214384,214386,2,3
214381,214384,214386,2,3
214381,214384,214385,1,3
214381,214384,214386,2,3
214381,214384,214386,2,3
214381,214384,214386,2,3
214381,214384,214386,2,3
214381,214384,214386,2,3
214381,214384,214386,2,3
214381,214384,214386,2,3
214381,214384,214386,2,3
214381,214384,214386,2,3
214381,214384,214386,2,3
214381,214385,214386,1,4
214381,214384,214386,2,3
214381,214384,214385,1,3
214381,214384,214386,2,3
214381,214384,214386,2,3
214381,214384,214385,1,3
214381,214384,214386,2,3
214381,214384,214386,2,3
214381,214384,214386,2,3
214381,214384,214386,2,3
214381,214384,214386,2,3
214381,214384,214386,2,3
214381,214384,214386,2,3
214381,214384,214386,2,3
214381,214385,214386,1,4
214381,214384,214386,2,3
214381,214384,214386,2,3
214381,214384,214386,2,3
214381,214384,214386,2,3
214381,214385,214387,2,4
214382,214385,214387,2,3
214382,214385,214387,2,3
214382,214385,214387,2,3
214382,214385,214387,2,3
214382,214385,214387,2,3
214382,214385,214387,2,3
214382,214387,214388,1,5
214381,214385,214387,2,4
214382,214385,214387,2,3
214382,214385,214387,2,3
214381,214384,214387,3,3
214381,214384,214387,3,3
214382,214385,214387,2,3
214382,214385,214387,2,3
214382,214387,214388,1,5
214381,214385,214387,2,4
214382,214385,214387,2,3
214382,214385,214387,2,3
214382,214385,214387,2,3
214382,214385,214387,2,3
214382,214385,214387,2,3
214382,214385,214387,2,3
214381,214384,214387,3,3
214382,214385,214388,3,3
214382,214385,214387,2,3
214381,214384,214387,3,3
214382,214385,214387,2,3
214382,214385,214387,2,3
214382,214387,214388,1,5
214381,214384,214387,3,3
214382,214385,214387,2,3
214382,214385,214387,2,3
214382,214385,214388,3,3
214382,214387,214388,1,5
214382,214387,214388,1,5
214382,214387,214389,2,5
214382,214387,214388,1,5
214382,214386,214388,2,4
214382,214386,214388,2,4
214382,214387,214389,2,5
214382,214387,214388,1,5
214382,214387,214389,2,5
214382,214387,214389,2,5
214382,214387,214388,1,5
214382,214387,214388,1,5
214382,214387,214388,1,5
214382,214387,214389,2,5
214382,214387,214389,2,5
214382,214387,214388,1,5
214382,214387,214388,1,5
214382,214387,214389,2,5
214382,214387,214389,2,5
214382,214386,214388,2,4
214382,214387,214388,1,5
214382,214387,214388,1,5
214382,214387,214388,1,5
214382,214387,214389,2,5
214382,214387,214389,2,5
214382,214387,214389,2,5
214382,214387,214389,2,5
214382,214387,214389,2,5
214382,214387,214389,2,5
214382,214387,214388,1,5
214382,214387,214388,1,5
214382,214387,214389,2,5
214382,214387,214389,2,5
214382,214387,214389,2,5
214382,214387,214389,2,5
214382,214387,214389,2,5
214382,214387,214389,2,5
214382,214387,214389,2,5
214382,214387,214389,2,5
214382,214387,214389,2,5
214382,214387,214389,2,5
214327,214327,214397,70,0
214346,214347,214397,50,1
214348,214348,214408,60,0
214444,214444,214446,2,0
214444,214444,214445,1,0
214444,214444,214445,1,0
214444,214444,214445,1,0
214444,214444,214445,1,0
214444,214444,214445,1,0
214444,214445,214446,1,1
214444,214444,214445,1,0
214444,214445,214446,1,1
214444,214444,214445,1,0
214444,214444,214445,1,0
214444,214444,214445,1,0
214444,214444,214446,2,0
214444,214444,214446,2,0
214444,214445,214447,2,1
214444,214445,214446,1,1
214444,214445,214446,1,1
214444,214445,214446,1,1
214444,214444,214446,2,0
214444,214444,214446,2,0
214444,214445,214446,1,1
214444,214445,214446,1,1
214444,214445,214447,2,1
214444,214445,214446,1,1
214444,214444,214446,2,0
214444,214444,214447,3,0
214444,214444,214446,2,0
214444,214445,214446,1,1
214444,214445,214447,2,1
214444,214445,214447,2,1
214444,214445,214446,1,1
214444,214444,214446,2,0
214444,214444,214446,2,0
214444,214444,214446,2,0
214444,214445,214446,1,1
214444,214445,214447,2,1
214444,214444,214446,2,0
214444,214444,214446,2,0
214444,214445,214446,1,1
214444,214445,214446,1,1
214444,214445,214446,1,1
214444,214445,214447,2,1
214444,214444,214446,2,0
214444,214444,214446,2,0
214444,214445,214446,1,1
214444,214445,214447,2,1
214444,214445,214446,1,1
214444,214444,214446,2,0
214444,214444,214446,2,0
214444,214444,214446,2,0
214444,214445,214446,1,1
214444,214445,214446,1,1
214444,214445,214446,1,1
214444,214444,214446,2,0
214444,214444,214446,2,0
214444,214445,214446,1,1
214444,214445,214447,2,1
214444,214445,214446,1,1
214444,214445,214446,1,1
214444,214444,214446,2,0
214444,214444,214446,2,0
214444,214445,214447,2,1
214444,214445,214447,2,1
214444,214444,214446,2,0
214444,214444,214446,2,0
214444,214444,214446,2,0
214444,214445,214446,1,1
214444,214445,214446,1,1
214382,214387,214447,60,5
214444,214446,214447,1,2
214444,214445,214447,2,1
214444,214445,214447,2,1
214444,214447,214448,1,3
214444,214445,214447,2,1
214444,214446,214448,2,2
214444,214446,214448,2,2
214444,214446,214448,2,2
214444,214445,214447,2,1
214444,214445,214447,2,1
214444,214446,214448,2,2
214444,214447,214448,1,3
214445,214447,214448,1,2
214444,214445,214447,2,1
214444,214445,214447,2,1
214444,214446,214447,1,2
214444,214447,214448,1,3
214445,214447,214448,1,2
214444,214445,214447,2,1
214444,214446,214448,2,2
214444,214447,214448,1,3
214445,214447,214448,1,2
214444,214445,214447,2,1
214444,214445,214447,2,1
214444,214446,214447,1,2
214445,214447,214448,1,2
214444,214446,214447,1,2
214444,214446,214447,1,2
214445,214447,214448,1,2
214444,214445,214447,2,1
214444,214446,214447,1,2
214445,214447,214448,1,2
214444,214446,214447,1,2
214444,214447,214448,1,3
214444,214447,214448,1,3
214445,214447,214448,1,2
214444,214447,214448,1,3
214444,214447,214448,1,3
214444,214447,214448,1,3
214444,214447,214448,1,3
214444,214447,214448,1,3
214444,214447,214448,1,3
214444,214447,214448,1,3
214444,214447,214448,1,3
214444,214447,214448,1,3
214444,214447,214448,1,3
214444,214447,214448,1,3
214444,214447,214449,2,3
214444,214447,214449,2,3
214444,214447,214449,2,3
214444,214447,214448,1,3
214444,214447,214449,2,3
214444,214447,214449,2,3
214444,214447,214449,2,3
214444,214447,214449,2,3
214444,214447,214449,2,3
214444,214447,214448,1,3
214445,214447,214449,2,2
214444,214447,214448,1,3
214444,214447,214449,2,3
214444,214447,214449,2,3
214444,214447,214448,1,3
214445,214447,214449,2,2
214444,214447,214449,2,3
214444,214447,214449,2,3
214444,214447,214449,2,3
214444,214447,214449,2,3
214444,214447,214449,2,3
214444,214447,214449,2,3
214444,214447,214449,2,3
214444,214447,214449,2,3
214444,214447,214449,2,3
214444,214447,214449,2,3
214444,214447,214449,2,3
214445,214447,214449,2,2
214444,214447,214449,2,3
214444,214447,214449,2,3
214444,214447,214449,2,3
214445,214448,214450,2,3
214445,214448,214450,2,3
214445,214448,214450,2,3
214445,214448,214450,2,3
214445,214448,214450,2,3
214445,214448,214450,2,3
214445,214448,214450,2,3
214445,214448,214450,2,3
214445,214448,214450,2,3
214445,214448,214450,2,3
214445,214448,214450,2,3
214445,214448,214450,2,3
214445,214448,214450,2,3
214445,214448,214450,2,3
214445,214448,214450,2,3
214445,214448,214450,2,3
214445,214448,214449,1,3
214445,214448,214449,1,3
214445,214447,214449,2,2
214445,214448,214450,2,3
214445,214448,214450,2,3
214445,214448,214450,2,3
214445,214448,214450,2,3
214445,214448,214450,2,3
214445,214448,214504,56,3
214520,214520,214521,1,0
214520,214520,214521,1,0
214520,214520,214522,2,0
214520,214520,214521,1,0
214520,214520,214521,1,0
214520,214520,214523,3,0
214520,214521,214523,2,1
214520,214521,214522,1,1
214521,214521,214522,1,0
214520,214521,214523,2,1
214520,214521,214522,1,1
214521,214521,214523,2,0
214521,214521,214523,2,0
214520,214520,214523,3,0
214520,214521,214522,1,1
214521,214521,214523,2,0
214521,214521,214522,1,0
214520,214521,214522,1,1
214520,214521,214522,1,1
214521,214521,214522,1,0
214521,214521,214523,2,0
214520,214520,214523,3,0
214521,214521,214523,2,0
214521,214521,214523,2,0
214521,214521,214523,2,0
214520,214521,214523,2,1
214521,214521,214523,2,0
214521,214521,214523,2,0
214521,214521,214523,2,0
214520,214521,214523,2,1
214520,214521,214523,2,1
214521,214521,214523,2,0
214521,214521,214523,2,0
214521,214521,214523,2,0
214520,214521,214523,2,1
214520,214521,214523,2,1
214521,214521,214522,1,0
214521,214521,214523,2,0
214521,214521,214522,1,0
214520,214521,214523,2,1
214521,214521,214523,2,0
214521,214521,214523,2,0
214521,214521,214523,2,0
214521,214521,214523,2,0
214520,214520,214522,2,0
214520,214521,214523,2,1
214521,214521,214523,2,0
214521,214521,214523,2,0
214521,214521,214522,1,0
214520,214521,214523,2,1
214521,214521,214523,2,0
214521,214521,214523,2,0
214520,214521,214523,2,1
214520,214521,214523,2,1
214521,214521,214523,2,0
214520,214521,214523,2,1
214521,214521,214523,2,0
214521,214521,214523,2,0
214521,214522,214524,2,1
214520,214521,214523,2,1
214521,214521,214523,2,0
214521,214522,214524,2,1
214520,214521,214524,3,1
214521,214521,214523,2,0
214520,214521,214523,2,1
214521,214521,214523,2,0
214520,214521,214523,2,1
214521,214521,214523,2,0
214521,214521,214523,2,0
214521,214521,214523,2,0
214521,214521,214523,2,0
214521,214521,214523,2,0
214520,214520,214523,3,0
214521,214521,214523,2,0
214521,214521,214523,2,0
214521,214521,214523,2,0
214521,214521,214523,2,0
214521,214521,214523,2,0
214521,214521,214523,2,0
214521,214521,214523,2,0
214521,214522,214524,2,1
214521,214522,214525,3,1
214521,214522,214524,2,1
214521,214523,214524,1,2
214521,214522,214524,2,1
214521,214523,214524,1,2
214521,214522,214525,3,1
214521,214523,214525,2,2
214521,214523,214525,2,2
214521,214523,214525,2,2
214521,214523,214525,2,2
214521,214523,214525,2,2
214521,214523,214525,2,2
214521,214523,214525,2,2
214521,214523,214525,2,2
214521,214523,214525,2,2
214521,214523,214525,2,2
214521,214523,214525,2,2
214521,214523,214525,2,2
214521,214523,214525,2,2
214583,214583,214584,1,0
214583,214583,214584,1,0
214583,214583,214584,1,0
214583,214583,214584,1,0
214583,214583,214584,1,0
214583,214583,214584,1,0
214583,214583,214584,1,0
214583,214583,214584,1,0
214583,214583,214584,1,0
214583,214583,214584,1,0
214583,214583,214585,2,0
214583,214583,214584,1,0
214583,214583,214584,1,0
214583,214583,214585,2,0
214583,214583,214585,2,0
214583,214583,214585,2,0
214583,214583,214585,2,0
214583,214583,214585,2,0
214583,214583,214585,2,0
214583,214583,214585,2,0
214583,214583,214585,2,0
214583,214583,214585,2,0
214583,214583,214585,2,0
214583,214583,214585,2,0
214583,214583,214585,2,0
214583,214583,214584,1,0
214583,214583,214585,2,0
214583,214583,214585,2,0
214583,214583,214584,1,0
214583,214583,214585,2,0
214583,214583,214585,2,0
214583,214583,214585,2,0
214583,214583,214585,2,0
214583,214583,214584,1,0
214583,214583,214585,2,0
214583,214583,214585,2,0
214583,214583,214585,2,0
214583,214583,214585,2,0
214583,214583,214585,2,0
214583,214583,214584,1,0
214583,214583,214585,2,0
214583,214583,214585,2,0
214583,214583,214584,1,0
214583,214583,214585,2,0
214583,214583,214585,2,0
214583,214583,214585,2,0
214583,214583,214585,2,0
214583,214583,214585,2,0
214583,214583,214585,2,0
214583,214583,214585,2,0
214583,214583,214585,2,0
214583,214583,214585,2,0
214583,214583,214585,2,0
214583,214583,214585,2,0
214583,214583,214585,2,0
214583,214583,214585,2,0
214583,214583,214585,2,0
214583,214583,214585,2,0
214583,214583,214585,2,0
214583,214583,214585,2,0
214583,214583,214585,2,0
214583,214583,214585,2,0
214583,214583,214585,2,0
214583,214583,214585,2,0
214583,214583,214585,2,0
214583,214583,214585,2,0
214583,214583,214585,2,0
214583,214583,214585,2,0
214627,214627,214628,1,0
214627,214627,214628,1,0
214627,214627,214628,1,0
214627,214627,214628,1,0
214627,214627,214628,1,0
214627,214627,214629,2,0
214627,214627,214628,1,0
214627,214627,214629,2,0
214627,214627,214629,2,0
214627,214627,214629,2,0
214627,214627,214629,2,0
214627,214627,214628,1,0
214627,214627,214629,2,0
214627,214627,214628,1,0
214627,214627,214629,2,0
214627,214627,214629,2,0
214627,214627,214628,1,0
214627,214627,214629,2,0
214627,214627,214629,2,0
214627,214627,214629,2,0
214627,214627,214629,2,0
214627,214627,214629,2,0
214627,214627,214629,2,0
214627,214627,214629,2,0
214627,214627,214629,2,0
214627,214627,214629,2,0
214627,214627,214629,2,0
214627,214627,214629,2,0
214627,214627,214629,2,0
214627,214627,214629,2,0
214627,214627,214629,2,0
214627,214627,214629,2,0
214627,214627,214629,2,0
214627,214627,214629,2,0
214583,214583,214635,52,0
214659,214659,214660,1,0
214659,214659,214660,1,0
214659,214659,214660,1,0
214659,214659,214660,1,0
214659,214659,214660,1,0
214659,214659,214660,1,0
214659,214659,214660,1,0
214659,214659,214660,1,0
214659,214659,214661,2,0
214659,214659,214661,2,0
214659,214659,214661,2,0
214659,214659,214661,2,0
214659,214659,214660,1,0
214659,214659,214661,2,0
214659,214659,214661,2,0
214659,214659,214661,2,0
214659,214659,214661,2,0
214659,214659,214660,1,0
214659,214659,214661,2,0
214659,214659,214661,2,0
214659,214659,214660,1,0
214659,214659,214661,2,0
214659,214659,214661,2,0
214659,214659,214660,1,0
214659,214659,214661,2,0
214659,214659,214661,2,0
214659,214659,214661,2,0
214659,214659,214661,2,0
214659,214659,214661,2,0
214659,214659,214661,2,0
214659,214659,214660,1,0
214659,214659,214661,2,0
214627,214627,214686,59,0
214692,214693,214694,1,1
214692,214693,214694,1,1
214692,214693,214694,1,1
214692,214693,214694,1,1
214692,214693,214694,1,1
214692,214693,214694,1,1
214692,214693,214694,1,1
214692,214693,214694,1,1
214692,214693,214694,1,1
214692,214693,214694,1,1
214692,214693,214694,1,1
214692,214693,214694,1,1
214692,214693,214694,1,1
214692,214693,214695,2,1
214692,214693,214694,1,1
214692,214693,214695,2,1
214692,214693,214694,1,1
214692,214693,214694,1,1
214692,214693,214694,1,1
214692,214693,214695,2,1
214692,214693,214695,2,1
214692,214693,214694,1,1
214692,214693,214695,2,1
214692,214693,214694,1,1
214692,214693,214695,2,1
214692,214693,214694,1,1
214692,214693,214695,2,1
214692,214693,214695,2,1
214692,214693,214695,2,1
214692,214693,214695,2,1
214659,214659,214709,50,0
214714,214714,214715,1,0
214714,214714,214715,1,0
214714,214714,214715,1,0
214714,214714,214715,1,0
214714,214714,214716,2,0
214714,214714,214716,2,0
214714,214714,214716,2,0
214714,214714,214716,2,0
214714,214714,214716,2,0
214714,214714,214716,2,0
214714,214714,214716,2,0
214714,214714,214716,2,0
214714,214714,214716,2,0
214714,214714,214715,1,0
214714,214714,214716,2,0
214714,214714,214716,2,0
214714,214714,214715,1,0
214714,214714,214716,2,0
214714,214714,214716,2,0
214714,214714,214716,2,0
214714,214714,214716,2,0
214714,214714,214716,2,0
214714,214714,214716,2,0
214714,214714,214716,2,0
214714,214714,214716,2,0
214714,214714,214716,2,0
214714,214714,214716,2,0
214714,214714,214716,2,0
214714,214714,214716,2,0
214714,214714,214716,2,0
214714,214714,214716,2,0
214714,214714,214716,2,0
214714,214714,214716,2,0
214714,214714,214716,2,0
214676,214676,214730,54,0
214734,214734,214735,1,0
214734,214734,214735,1,0
214734,214734,214735,1,0
214734,214734,214735,1,0
214734,214734,214735,1,0
214734,214734,214735,1,0
214734,214734,214736,2,0
214734,214734,214736,2,0
214734,214734,214736,2,0
214734,214734,214736,2,0
214734,214734,214736,2,0
214734,214734,214736,2,0
214734,214734,214735,1,0
214734,214734,214736,2,0
214734,214734,214736,2,0
214734,214734,214735,1,0
214734,214734,214735,1,0
214734,214734,214736,2,0
214734,214734,214736,2,0
214734,214734,214736,2,0
214734,214734,214736,2,0
214734,214734,214735,1,0
214734,214734,214735,1,0
214734,214734,214736,2,0
214734,214734,214736,2,0
214734,214734,214736,2,0
214734,214734,214736,2,0
214734,214734,214736,2,0
214734,214734,214735,1,0
214734,214734,214736,2,0
214734,214734,214736,2,0
214734,214734,214736,2,0
214734,214734,214736,2,0
214734,214734,214736,2,0
214693,214693,214743,50,0
214753,214753,214754,1,0
214753,214753,214754,1,0
214753,214753,214754,1,0
214694,214694,214753,59,0
214753,214753,214754,1,0
214753,214753,214754,1,0
214753,214753,214755,2,0
214753,214753,214755,2,0
214753,214753,214755,2,0
214753,214753,214755,2,0
214753,214753,214755,2,0
214753,214753,214755,2,0
214753,214753,214754,1,0
214753,214753,214755,2,0
214753,214753,214754,1,0
214753,214753,214755,2,0
214753,214753,214755,2,0
214753,214753,214755,2,0
214753,214753,214755,2,0
214753,214753,214755,2,0
214753,214753,214755,2,0
214753,214753,214755,2,0
214753,214753,214755,2,0
214753,214753,214755,2,0
214753,214753,214755,2,0
214753,214753,214755,2,0
214753,214753,214755,2,0
214753,214753,214755,2,0
214753,214753,214755,2,0
214753,214753,214755,2,0
214753,214753,214755,2,0
214753,214753,214755,2,0
214753,214753,214755,2,0
214753,214753,214755,2,0
214753,214753,214755,2,0
214756,214756,214757,1,0
214756,214756,214757,1,0
214696,214696,214756,60,0
214756,214756,214757,1,0
214756,214756,214757,1,0
214756,214756,214758,2,0
214756,214756,214758,2,0
214756,214756,214758,2,0
214756,214756,214758,2,0
214756,214756,214758,2,0
214756,214756,214757,1,0
214756,214756,214758,2,0
214756,214756,214757,1,0
214756,214756,214758,2,0
214756,214756,214758,2,0
214756,214756,214757,1,0
214756,214756,214758,2,0
214756,214756,214758,2,0
214756,214756,214757,1,0
214756,214756,214758,2,0
214756,214756,214758,2,0
214756,214756,214757,1,0
214756,214756,214758,2,0
214756,214756,214758,2,0
214756,214756,214757,1,0
214756,214756,214758,2,0
214756,214756,214758,2,0
214756,214756,214757,1,0
214756,214756,214757,1,0
214756,214756,214758,2,0
214756,214756,214758,2,0
214695,214695,214765,70,0
214715,214715,214768,53,0
214774,214774,214775,1,0
214774,214774,214775,1,0
214774,214774,214775,1,0
214774,214774,214775,1,0
214774,214774,214775,1,0
214774,214774,214775,1,0
214774,214774,214776,2,0
214774,214774,214776,2,0
214774,214774,214775,1,0
214774,214774,214776,2,0
214774,214774,214776,2,0
214774,214774,214775,1,0
214774,214774,214776,2,0
214774,214774,214776,2,0
214774,214774,214775,1,0
214774,214774,214776,2,0
214774,214774,214776,2,0
214774,214774,214776,2,0
214774,214774,214776,2,0
214774,214774,214776,2,0
214774,214774,214776,2,0
214774,214774,214775,1,0
214774,214774,214776,2,0
214774,214774,214776,2,0
214774,214774,214776,2,0
214774,214774,214775,1,0
214774,214774,214776,2,0
214774,214774,214776,2,0
214774,214774,214776,2,0
214774,214774,214776,2,0
214774,214774,214775,1,0
214774,214774,214776,2,0
214774,214774,214776,2,0
214774,214774,214776,2,0
214774,214774,214776,2,0
214774,214774,214775,1,0
214774,214774,214776,2,0
214774,214774,214776,2,0
214774,214774,214776,2,0
214774,214774,214776,2,0
214774,214774,214775,1,0
214774,214774,214776,2,0
214774,214774,214776,2,0
214774,214774,214776,2,0
214774,214774,214776,2,0
214774,214774,214776,2,0
214774,214774,214775,1,0
214774,214774,214776,2,0
214774,214774,214776,2,0
214774,214774,214776,2,0
214774,214774,214776,2,0
214774,214774,214776,2,0
214774,214774,214776,2,0
214774,214774,214775,1,0
214774,214774,214776,2,0
214774,214774,214776,2,0
214774,214775,214777,2,1
214774,214775,214776,1,1
214774,214774,214776,2,0
214774,214774,214776,2,0
214774,214774,214776,2,0
214774,214774,214776,2,0
214774,214774,214776,2,0
214774,214775,214777,2,1
214774,214775,214777,2,1
214774,214775,214777,2,1
214717,214717,214784,67,0
214736,214736,214797,61,0
214806,214806,214807,1,0
214806,214806,214807,1,0
214806,214806,214807,1,0
214806,214806,214807,1,0
214806,214806,214807,1,0
214806,214806,214807,1,0
214806,214806,214807,1,0
214806,214806,214807,1,0
214806,214806,214807,1,0
214806,214806,214808,2,0
214806,214806,214808,2,0
214806,214806,214807,1,0
214806,214806,214808,2,0
214806,214806,214808,2,0
214806,214806,214808,2,0
214806,214806,214808,2,0
214806,214806,214808,2,0
214806,214806,214808,2,0
214806,214806,214808,2,0
214806,214806,214808,2,0
214806,214806,214807,1,0
214806,214806,214808,2,0
214806,214806,214808,2,0
214806,214806,214808,2,0
214806,214806,214808,2,0
214806,214806,214807,1,0
214806,214806,214808,2,0
214806,214806,214808,2,0
214806,214806,214808,2,0
214806,214806,214808,2,0
214806,214806,214808,2,0
214806,214806,214808,2,0
214806,214806,214808,2,0
214806,214806,214808,2,0
214806,214806,214808,2,0
214806,214806,214808,2,0
214806,214806,214808,2,0
214806,214806,214808,2,0
214806,214806,214808,2,0
214806,214806,214808,2,0
214806,214806,214808,2,0
214806,214806,214808,2,0
214806,214806,214808,2,0
214806,214806,214807,1,0
214806,214806,214808,2,0
214806,214806,214808,2,0
214806,214806,214808,2,0
214806,214806,214808,2,0
214806,214806,214808,2,0
214806,214806,214808,2,0
214806,214806,214808,2,0
214806,214806,214808,2,0
214806,214806,214808,2,0
214806,214806,214808,2,0
214806,214806,214808,2,0
214806,214806,214808,2,0
214806,214806,214809,3,0
214806,214806,214808,2,0
214806,214806,214809,3,0
214806,214806,214808,2,0
214806,214806,214808,2,0
214806,214806,214809,3,0
214806,214806,214809,3,0
214806,214806,214808,2,0
214806,214806,214809,3,0
214806,214806,214808,2,0
214806,214806,214808,2,0
214806,214806,214809,3,0
214755,214755,214811,56,0
214756,214756,214813,57,0
214774,214774,214823,49,0
214838,214839,214840,1,1
214838,214839,214840,1,1
214838,214839,214840,1,1
214839,214839,214840,1,0
214838,214839,214840,1,1
214838,214839,214841,2,1
214838,214839,214840,1,1
214839,214839,214840,1,0
214839,214839,214841,2,0
214838,214839,214841,2,1
214838,214839,214840,1,1
214839,214839,214840,1,0
214839,214839,214841,2,0
214839,214839,214841,2,0
214838,214839,214841,2,1
214838,214839,214840,1,1
214838,214839,214840,1,1
214839,214839,214840,1,0
214839,214839,214841,2,0
214839,214839,214841,2,0
214838,214839,214840,1,1
214838,214839,214841,2,1
214839,214839,214840,1,0
214839,214839,214841,2,0
214839,214839,214841,2,0
214839,214839,214841,2,0
214838,214839,214841,2,1
214838,214839,214841,2,1
214839,214839,214840,1,0
214839,214839,214841,2,0
214839,214839,214841,2,0
214839,214839,214840,1,0
214838,214839,214841,2,1
214838,214839,214841,2,1
214838,214839,214840,1,1
214839,214839,214841,2,0
214839,214839,214841,2,0
214838,214839,214841,2,1
214838,214839,214841,2,1
214839,214839,214840,1,0
214839,214839,214841,2,0
214839,214839,214841,2,0
214839,214839,214841,2,0
214838,214839,214841,2,1
214838,214839,214841,2,1
214838,214839,214840,1,1
214839,214839,214840,1,0
214839,214839,214841,2,0
214839,214839,214841,2,0
214838,214839,214841,2,1
214838,214839,214841,2,1
214838,214839,214840,1,1
214839,214839,214840,1,0
214839,214839,214841,2,0
214839,214839,214841,2,0
214838,214839,214840,1,1
214838,214839,214841,2,1
214838,214839,214840,1,1
214839,214839,214841,2,0
214839,214839,214841,2,0
214839,214839,214841,2,0
214839,214839,214841,2,0
214839,214839,214841,2,0
214806,214807,214855,48,1
214871,214871,214872,1,0
214871,214871,214872,1,0
214871,214871,214872,1,0
214871,214871,214872,1,0
214871,214871,214872,1,0
214871,214871,214872,1,0
214871,214871,214872,1,0
214871,214871,214872,1,0
214871,214871,214872,1,0
214871,214871,214872,1,0
214871,214871,214872,1,0
214871,214871,214872,1,0
214871,214871,214872,1,0
214871,214871,214872,1,0
214871,214871,214873,2,0
214871,214871,214873,2,0
214871,214871,214873,2,0
214871,214871,214873,2,0
214871,214871,214873,2,0
214871,214871,214873,2,0
214871,214871,214873,2,0
214871,214871,214873,2,0
214871,214871,214873,2,0
214871,214871,214873,2,0
214871,214871,214873,2,0
214871,214871,214873,2,0
214871,214871,214873,2,0
214871,214871,214873,2,0
214871,214871,214873,2,0
214871,214871,214873,2,0
214871,214871,214873,2,0
214871,214871,214873,2,0
214871,214871,214872,1,0
214871,214871,214873,2,0
214871,214871,214873,2,0
214871,214871,214873,2,0
214871,214871,214873,2,0
214871,214871,214873,2,0
214871,214871,214873,2,0
214871,214871,214873,2,0
214871,214871,214873,2,0
214871,214871,214873,2,0
214871,214871,214872,1,0
214871,214871,214873,2,0
214871,214871,214873,2,0
214871,214871,214873,2,0
214871,214871,214873,2,0
214871,214871,214873,2,0
214871,214871,214873,2,0
214871,214871,214873,2,0
214871,214871,214873,2,0
214871,214871,214873,2,0
214871,214871,214873,2,0
214871,214871,214873,2,0
214871,214871,214873,2,0
214871,214871,214873,2,0
214871,214871,214873,2,0
214871,214871,214873,2,0
214871,214871,214874,3,0
214871,214871,214874,3,0
214871,214871,214873,2,0
214871,214871,214874,3,0
214871,214871,214873,2,0
214871,214871,214874,3,0
214871,214871,214874,3,0
214871,214871,214874,3,0
214871,214871,214874,3,0
214871,214871,214874,3,0
214839,214839,214898,59,0
214902,214902,214903,1,0
214902,214902,214903,1,0
214902,214902,214903,1,0
214902,214902,214903,1,0
214902,214902,214903,1,0
214902,214902,214904,2,0
214902,214902,214904,2,0
214902,214902,214904,2,0
214902,214902,214904,2,0
214902,214902,214903,1,0
214902,214902,214904,2,0
214902,214902,214904,2,0
214902,214902,214903,1,0
214902,214902,214904,2,0
214902,214902,214904,2,0
214902,214902,214903,1,0
214902,214902,214904,2,0
214902,214902,214904,2,0
214902,214902,214904,2,0
214902,214902,214904,2,0
214902,214902,214904,2,0
214902,214902,214904,2,0
214902,214902,214904,2,0
214902,214902,214904,2,0
214902,214902,214904,2,0
214902,214902,214904,2,0
214902,214902,214904,2,0
214902,214902,214904,2,0
214902,214902,214904,2,0
214902,214902,214904,2,0
214902,214902,214904,2,0
214902,214902,214904,2,0
214902,214902,214904,2,0
214902,214902,214904,2,0
214871,214871,214919,48,0
214918,214918,214919,1,0
214918,214918,214919,1,0
214918,214918,214919,1,0
214918,214918,214919,1,0
214918,214918,214920,2,0
214918,214918,214920,2,0
214918,214918,214920,2,0
214918,214918,214920,2,0
214918,214918,214920,2,0
214918,214918,214920,2,0
214918,214918,214920,2,0
214918,214918,214919,1,0
214918,214918,214920,2,0
214918,214918,214920,2,0
214918,214918,214920,2,0
214918,214918,214919,1,0
214918,214918,214920,2,0
214918,214918,214920,2,0
214918,214918,214920,2,0
214918,214918,214919,1,0
214918,214918,214920,2,0
214918,214918,214920,2,0
214918,214918,214920,2,0
214918,214918,214920,2,0
214918,214918,214920,2,0
214918,214918,214920,2,0
214918,214918,214920,2,0
214918,214918,214920,2,0
214918,214918,214920,2,0
214918,214918,214920,2,0
214918,214918,214920,2,0
214918,214918,214920,2,0
214918,214918,214920,2,0
214918,214918,214920,2,0
214936,214936,214937,1,0
214936,214936,214937,1,0
214936,214936,214937,1,0
214936,214936,214937,1,0
214936,214936,214937,1,0
214936,214936,214937,1,0
214936,214936,214937,1,0
214936,214936,214937,1,0
214936,214936,214937,1,0
214936,214936,214937,1,0
214936,214936,214937,1,0
214936,214936,214938,2,0
214936,214936,214937,1,0
214936,214936,214937,1,0
214936,214936,214937,1,0
214936,214936,214937,1,0
214936,214936,214937,1,0
214936,214936,214938,2,0
214936,214936,214937,1,0
214936,214936,214937,1,0
214936,214936,214938,2,0
214936,214936,214937,1,0
214936,214936,214937,1,0
214936,214936,214937,1,0
214936,214936,214937,1,0
214936,214936,214937,1,0
214936,214936,214937,1,0
214936,214936,214937,1,0
214936,214936,214938,2,0
214936,214936,214938,2,0
214936,214936,214938,2,0
214936,214936,214938,2,0
214903,214903,214950,47,0
214953,214953,214954,1,0
214953,214953,214954,1,0
214953,214953,214954,1,0
214953,214953,214954,1,0
214953,214953,214955,2,0
214953,214953,214955,2,0
214953,214953,214954,1,0
214953,214953,214955,2,0
214953,214953,214955,2,0
214953,214953,214955,2,0
214953,214953,214955,2,0
214953,214953,214955,2,0
214953,214953,214954,1,0
214953,214953,214955,2,0
214953,214953,214955,2,0
214953,214953,214955,2,0
214953,214953,214955,2,0
214953,214953,214955,2,0
214953,214953,214954,1,0
214953,214953,214955,2,0
214953,214953,214954,1,0
214953,214953,214955,2,0
214953,214953,214955,2,0
214953,214953,214955,2,0
214953,214953,214955,2,0
214953,214953,214955,2,0
214953,214953,214955,2,0
214953,214953,214955,2,0
214953,214953,214955,2,0
214953,214953,214955,2,0
214953,214953,214955,2,0
214953,214953,214955,2,0
214953,214953,214955,2,0
214953,214953,214955,2,0
214919,214919,214968,49,0
214970,214970,214971,1,0
214970,214970,214971,1,0
214970,214970,214971,1,0
214970,214970,214971,1,0
214970,214970,214971,1,0
214970,214970,214971,1,0
214970,214970,214972,2,0
214970,214970,214972,2,0
214970,214970,214972,2,0
214970,214970,214972,2,0
214970,214970,214972,2,0
214970,214970,214972,2,0
214970,214970,214972,2,0
214970,214970,214972,2,0
214970,214970,214972,2,0
214970,214970,214971,1,0
214970,214970,214972,2,0
214970,214970,214971,1,0
214970,214970,214972,2,0
214970,214970,214972,2,0
214970,214970,214972,2,0
214970,214970,214972,2,0
214970,214970,214972,2,0
214970,214970,214972,2,0
214970,214970,214972,2,0
214970,214970,214972,2,0
214970,214970,214972,2,0
214970,214970,214972,2,0
214970,214970,214972,2,0
214970,214970,214972,2,0
214970,214970,214972,2,0
214970,214970,214972,2,0
214970,214970,214972,2,0
214970,214970,214972,2,0
214936,214936,214985,49,0
214987,214987,214988,1,0
214987,214987,214988,1,0
214987,214987,214988,1,0
214987,214987,214989,2,0
214987,214987,214989,2,0
214987,214987,214989,2,0
214987,214987,214989,2,0
214987,214987,214989,2,0
214987,214987,214989,2,0
214987,214987,214989,2,0
214987,214987,214989,2,0
214987,214987,214989,2,0
214987,214987,214989,2,0
214987,214987,214989,2,0
214987,214987,214989,2,0
214987,214987,214989,2,0
214987,214987,214989,2,0
214987,214987,214989,2,0
214987,214987,214988,1,0
214987,214987,214989,2,0
214987,214988,214989,1,1
214987,214987,214989,2,0
214987,214987,214989,2,0
214987,214987,214988,1,0
214987,214987,214989,2,0
214987,214987,214989,2,0
214987,214987,214989,2,0
214987,214987,214990,3,0
214987,214987,214989,2,0
214987,214987,214989,2,0
214987,214987,214990,3,0
214987,214987,214990,3,0
214987,214987,214990,3,0
214987,214987,214990,3,0
214953,214953,215010,57,0
215021,215022,215023,1,1
215021,215022,215023,1,1
215021,215022,215023,1,1
215021,215022,215023,1,1
215021,215022,215023,1,1
215021,215022,215023,1,1
215021,215022,215023,1,1
215021,215022,215023,1,1
215021,215022,215024,2,1
215021,215022,215023,1,1
215021,215022,215023,1,1
215021,215022,215023,1,1
215021,215022,215023,1,1
214970,214970,215023,53,0
215021,215022,215023,1,1
215021,215022,215024,2,1
215021,215022,215023,1,1
215021,215022,215023,1,1
215021,215022,215024,2,1
215021,215022,215024,2,1
215021,215022,215023,1,1
215021,215022,215024,2,1
215024,215024,215025,1,0
215021,215022,215024,2,1
215021,215022,215024,2,1
215024,215024,215025,1,0
215024,215024,215025,1,0
215021,215022,215024,2,1
215021,215022,215024,2,1
215021,215022,215024,2,1
215024,215024,215025,1,0
215021,215022,215024,2,1
215021,215022,215024,2,1
215021,215022,215024,2,1
215024,215024,215025,1,0
215021,215022,215024,2,1
215021,215022,215024,2,1
215024,215024,215025,1,0
215024,215024,215026,2,0
215024,215024,215026,2,0
215024,215024,215026,2,0
215024,215024,215026,2,0
215024,215024,215026,2,0
215024,215024,215026,2,0
215024,215024,215026,2,0
215024,215024,215026,2,0
215024,215024,215026,2,0
215024,215024,215026,2,0
215024,215024,215026,2,0
215024,215024,215026,2,0
215024,215024,215026,2,0
215024,215024,215026,2,0
215024,215024,215026,2,0
215024,215024,215026,2,0
215024,215024,215026,2,0
215024,215024,215026,2,0
215024,215024,215026,2,0
215024,215024,215026,2,0
215024,215024,215026,2,0
215024,215024,215026,2,0
215024,215024,215026,2,0
215024,215024,215026,2,0
215024,215024,215026,2,0
215024,215024,215026,2,0
215024,215024,215026,2,0
215024,215024,215027,3,0
214988,214988,215048,60,0
215005,215006,215056,50,1
215060,215060,215061,1,0
215060,215060,215061,1,0
215060,215060,215061,1,0
215060,215060,215061,1,0
215060,215060,215061,1,0
215060,215060,215062,2,0
215060,215060,215062,2,0
215060,215060,215061,1,0
215060,215060,215062,2,0
215060,215060,215062,2,0
215060,215060,215062,2,0
215060,215060,215062,2,0
215060,215060,215062,2,0
215060,215060,215061,1,0
215060,215060,215062,2,0
215060,215060,215062,2,0
215060,215060,215062,2,0
215060,215060,215062,2,0
215060,215060,215062,2,0
215060,215060,215062,2,0
215062,215062,215063,1,0
215060,215060,215062,2,0
215060,215060,215062,2,0
215060,215060,215062,2,0
215062,215062,215063,1,0
215060,215060,215062,2,0
215060,215060,215062,2,0
215060,215060,215062,2,0
215060,215060,215062,2,0
215060,215060,215062,2,0
215060,215060,215062,2,0
215060,215060,215063,3,0
215060,215060,215062,2,0
215060,215060,215063,3,0
215060,215060,215062,2,0
215060,215060,215062,2,0
215062,215062,215063,1,0
215062,215062,215064,2,0
215062,215062,215064,2,0
215062,215062,215064,2,0
215062,215062,215064,2,0
215062,215062,215064,2,0
215062,215062,215064,2,0
215062,215062,215063,1,0
215062,215062,215064,2,0
215062,215062,215064,2,0
215062,215062,215064,2,0
215062,215062,215063,1,0
215062,215062,215064,2,0
215062,215062,215064,2,0
215062,215062,215063,1,0
215062,215062,215064,2,0
215062,215062,215064,2,0
215062,215062,215063,1,0
215062,215062,215064,2,0
215062,215062,215064,2,0
215062,215062,215063,1,0
215062,215062,215064,2,0
215062,215062,215064,2,0
215062,215062,215064,2,0
215062,215062,215064,2,0
215062,215062,215064,2,0
215062,215062,215064,2,0
215062,215062,215065,3,0
215062,215062,215064,2,0
215062,215062,215064,2,0
215062,215062,215064,2,0
215062,215062,215064,2,0
215022,215022,215071,49,0
215023,215023,215077,54,0
215081,215082,215083,1,1
215081,215082,215083,1,1
215081,215082,215083,1,1
215081,215082,215083,1,1
215081,215082,215083,1,1
215081,215082,215083,1,1
215081,215082,215083,1,1
215081,215082,215083,1,1
215081,215082,215084,2,1
215081,215082,215083,1,1
215081,215082,215083,1,1
215081,215082,215084,2,1
215081,215082,215084,2,1
215081,215082,215083,1,1
215081,215082,215083,1,1
215081,215082,215083,1,1
215081,215082,215084,2,1
215081,215082,215084,2,1
215081,215082,215083,1,1
215081,215082,215084,2,1
215081,215082,215084,2,1
215081,215082,215083,1,1
215081,215082,215084,2,1
215081,215082,215084,2,1
215081,215082,215084,2,1
215081,215082,215084,2,1
215081,215082,215084,2,1
215081,215082,215084,2,1
215081,215082,215084,2,1
215081,215082,215084,2,1
215025,215025,215091,66,0
215044,215044,215096,52,0
215099,215099,215100,1,0
215099,215099,215100,1,0
215099,215099,215100,1,0
215099,215099,215100,1,0
215099,215099,215100,1,0
215099,215099,215101,2,0
215099,215099,215101,2,0
215099,215099,215101,2,0
215099,215099,215101,2,0
215099,215099,215101,2,0
215099,215099,215101,2,0
215099,215099,215100,1,0
215099,215099,215100,1,0
215099,215099,215101,2,0
215099,215099,215100,1,0
215099,215099,215101,2,0
215099,215099,215101,2,0
215099,215099,215100,1,0
215099,215099,215100,1,0
215099,215099,215101,2,0
215099,215099,215101,2,0
215099,215099,215101,2,0
215099,215099,215101,2,0
215099,215099,215101,2,0
215099,215099,215101,2,0
215099,215099,215101,2,0
215099,215099,215101,2,0
215099,215099,215101,2,0
215099,215099,215101,2,0
215099,215099,215100,1,0
215099,215099,215101,2,0
215099,215099,215101,2,0
215099,215099,215101,2,0
215099,215099,215101,2,0
215099,215099,215100,1,0
215099,215099,215101,2,0
215099,215099,215101,2,0
215099,215099,215101,2,0
215099,215099,215101,2,0
215099,215099,215101,2,0
215099,215099,215101,2,0
215099,215099,215101,2,0
215099,215099,215100,1,0
215099,215099,215101,2,0
215099,215099,215101,2,0
215099,215099,215100,1,0
215099,215099,215101,2,0
215099,215099,215101,2,0
215099,215099,215101,2,0
215099,215099,215101,2,0
215099,215099,215100,1,0
215099,215099,215101,2,0
215099,215099,215101,2,0
215099,215099,215101,2,0
215099,215099,215102,3,0
215099,215099,215101,2,0
215099,215099,215101,2,0
215099,215099,215101,2,0
215099,215099,215101,2,0
215099,215099,215101,2,0
215099,215099,215101,2,0
215099,215099,215101,2,0
215099,215099,215101,2,0
215099,215099,215101,2,0
215099,215099,215101,2,0
215099,215099,215102,3,0
215099,215099,215102,3,0
215063,215063,215113,50,0
215064,215064,215114,50,0
215132,215133,215134,1,1
215132,215133,215134,1,1
215132,215133,215134,1,1
215132,215133,215134,1,1
215132,215133,215135,2,1
215132,215133,215134,1,1
215133,215133,215135,2,0
215133,215133,215135,2,0
215132,215133,215134,1,1
215132,215133,215135,2,1
215132,215133,215135,2,1
215133,215133,215135,2,0
215132,215133,215134,1,1
215132,215133,215135,2,1
215133,215133,215134,1,0
215133,215133,215135,2,0
215132,215133,215135,2,1
215132,215133,215135,2,1
215133,215133,215134,1,0
215133,215133,215135,2,0
215133,215133,215135,2,0
215132,215133,215135,2,1
215133,215133,215134,1,0
215133,215133,215135,2,0
215133,215133,215135,2,0
215132,215133,215134,1,1
215132,215133,215134,1,1
215133,215133,215135,2,0
215133,215133,215135,2,0
215133,215133,215135,2,0
215132,215133,215134,1,1
215132,215133,215135,2,1
215133,215133,215135,2,0
215133,215133,215135,2,0
215132,215133,215135,2,1
215132,215133,215135,2,1
215132,215133,215134,1,1
215133,215133,215135,2,0
215133,215133,215135,2,0
215133,215133,215135,2,0
215132,215133,215135,2,1
215132,215133,215135,2,1
215133,215133,215134,1,0
215133,215133,215135,2,0
215133,215133,215135,2,0
215132,215133,215135,2,1
215132,215133,215135,2,1
215133,215133,215135,2,0
215133,215133,215135,2,0
215133,215133,215135,2,0
215133,215133,215135,2,0
215132,215133,215135,2,1
215133,215133,215135,2,0
215133,215133,215136,3,0
215132,215133,215135,2,1
215133,215133,215135,2,0
215133,215133,215135,2,0
215132,215133,215135,2,1
215133,215133,215135,2,0
215132,215133,215135,2,1
215132,215133,215135,2,1
215132,215133,215135,2,1
215133,215133,215135,2,0
215133,215133,215135,2,0
215132,215133,215135,2,1
215133,215133,215135,2,0
215132,215133,215135,2,1
215099,215099,215147,48,0
215165,215165,215166,1,0
215165,215165,215166,1,0
215165,215165,215166,1,0
215165,215165,215167,2,0
215165,215165,215167,2,0
215165,215165,215167,2,0
215165,215165,215167,2,0
215165,215165,215166,1,0
215165,215165,215166,1,0
215165,215165,215167,2,0
215165,215165,215167,2,0
215165,215165,215167,2,0
215165,215165,215167,2,0
215165,215165,215167,2,0
215165,215165,215166,1,0
215165,215165,215167,2,0
215165,215165,215167,2,0
215165,215165,215166,1,0
215165,215165,215166,1,0
215165,215165,215167,2,0
215165,215165,215167,2,0
215165,215165,215166,1,0
215165,215165,215167,2,0
215165,215165,215167,2,0
215165,215165,215167,2,0
215165,215165,215167,2,0
215165,215165,215167,2,0
215165,215165,215167,2,0
215165,215165,215167,2,0
215165,215165,215167,2,0
215165,215165,215167,2,0
215165,215165,215167,2,0
215165,215165,215167,2,0
215165,215165,215167,2,0
215133,215133,215181,48,0
215182,215182,215183,1,0
215182,215182,215183,1,0
215182,215182,215183,1,0
215182,215182,215183,1,0
215182,215182,215184,2,0
215182,215182,215183,1,0
215182,215182,215183,1,0
215182,215182,215184,2,0
215182,215182,215184,2,0
215182,215182,215183,1,0
215182,215182,215184,2,0
215182,215182,215184,2,0
215182,215182,215184,2,0
215182,215182,215183,1,0
215182,215182,215183,1,0
215182,215182,215184,2,0
215182,215182,215184,2,0
215182,215182,215184,2,0
215182,215182,215184,2,0
215182,215182,215184,2,0
215182,215182,215184,2,0
215182,215182,215183,1,0
215182,215182,215184,2,0
215182,215182,215184,2,0
215182,215182,215183,1,0
215182,215182,215184,2,0
215182,215182,215183,1,0
215182,215182,215184,2,0
215182,215182,215184,2,0
215182,215182,215184,2,0
215182,215182,215184,2,0
215182,215182,215184,2,0
215182,215182,215184,2,0
215200,215200,215202,2,0
215200,215200,215201,1,0
215200,215200,215202,2,0
215200,215200,215202,2,0
215200,215200,215201,1,0
215200,215200,215201,1,0
215200,215200,215202,2,0
215200,215200,215201,1,0
215200,215200,215201,1,0
215200,215200,215201,1,0
215200,215200,215201,1,0
215200,215200,215201,1,0
215200,215200,215202,2,0
215200,215200,215202,2,0
215200,215200,215202,2,0
215200,215200,215202,2,0
215200,215200,215201,1,0
215200,215200,215202,2,0
215200,215200,215201,1,0
215200,215200,215202,2,0
215200,215200,215201,1,0
215200,215200,215202,2,0
215200,215200,215201,1,0
215200,215200,215202,2,0
215200,215200,215202,2,0
215200,215200,215202,2,0
215200,215200,215202,2,0
215200,215200,215202,2,0
215200,215200,215202,2,0
215200,215200,215202,2,0
215165,215165,215215,50,0
215217,215217,215218,1,0
215217,215217,215218,1,0
215217,215217,215218,1,0
215217,215217,215218,1,0
215217,215217,215218,1,0
215217,215217,215218,1,0
215217,215217,215219,2,0
215217,215217,215219,2,0
215217,215217,215219,2,0
215217,215217,215219,2,0
215217,215217,215219,2,0
215217,215217,215219,2,0
215217,215217,215218,1,0
215217,215217,215219,2,0
215217,215217,215219,2,0
215217,215217,215219,2,0
215217,215217,215219,2,0
215217,215217,215219,2,0
215217,215217,215219,2,0
215217,215217,215219,2,0
215217,215217,215219,2,0
215217,215217,215219,2,0
215217,215217,215219,2,0
215217,215217,215219,2,0
215217,215217,215219,2,0
215217,215217,215219,2,0
215217,215217,215219,2,0
215217,215217,215219,2,0
215217,215217,215219,2,0
215217,215217,215219,2,0
215217,215217,215219,2,0
215217,215217,215219,2,0
215217,215217,215219,2,0
215217,215217,215219,2,0
215182,215182,215234,52,0
215235,215235,215236,1,0
215235,215235,215236,1,0
215235,215235,215236,1,0
215235,215235,215236,1,0
215235,215235,215236,1,0
215235,215235,215236,1,0
215235,215235,215237,2,0
215235,215235,215237,2,0
215235,215235,215237,2,0
215235,215235,215237,2,0
215235,215235,215237,2,0
215235,215235,215237,2,0
215235,215235,215237,2,0
215235,215235,215237,2,0
215235,215235,215236,1,0
215235,215235,215237,2,0
215235,215235,215237,2,0
215235,215235,215237,2,0
215235,215235,215237,2,0
215235,215235,215237,2,0
215235,215235,215237,2,0
215235,215235,215237,2,0
215235,215235,215238,3,0
215235,215235,215237,2,0
215235,215235,215238,3,0
215235,215235,215237,2,0
215235,215235,215238,3,0
215235,215235,215237,2,0
215235,215235,215237,2,0
215235,215235,215238,3,0
215235,215235,215238,3,0
215235,215235,215238,3,0
215235,215235,215238,3,0
215235,215235,215238,3,0
215217,215217,215265,48,0
215269,215269,215270,1,0
215269,215269,215270,1,0
215269,215269,215270,1,0
215269,215269,215270,1,0
215269,215269,215270,1,0
215269,215269,215270,1,0
215269,215269,215270,1,0
215269,215269,215270,1,0
215269,215269,215271,2,0
215269,215269,215271,2,0
215269,215269,215270,1,0
215269,215269,215271,2,0
215269,215269,215271,2,0
215269,215269,215270,1,0
215269,215269,215270,1,0
215269,215269,215271,2,0
215269,215269,215270,1,0
215269,215269,215270,1,0
215269,215269,215270,1,0
215269,215269,215270,1,0
215269,215269,215271,2,0
215269,215269,215270,1,0
215269,215269,215271,2,0
215269,215269,215270,1,0
215269,215269,215271,2,0
215269,215269,215271,2,0
215269,215269,215271,2,0
215269,215269,215271,2,0
215269,215269,215271,2,0
215269,215269,215271,2,0
215236,215236,215285,49,0
215290,215290,215291,1,0
215290,215290,215291,1,0
215290,215290,215291,1,0
215290,215290,215291,1,0
215290,215290,215291,1,0
215290,215290,215291,1,0
215290,215290,215292,2,0
215290,215290,215292,2,0
215290,215290,215291,1,0
215290,215290,215292,2,0
215290,215290,215292,2,0
215290,215290,215292,2,0
215290,215290,215291,1,0
215290,215290,215292,2,0
215290,215290,215292,2,0
215290,215290,215292,2,0
215290,215290,215291,1,0
215290,215290,215292,2,0
215290,215290,215292,2,0
215290,215290,215291,1,0
215290,215290,215292,2,0
215290,215290,215292,2,0
215290,215290,215291,1,0
215290,215290,215292,2,0
215290,215290,215292,2,0
215290,215290,215291,1,0
215290,215290,215292,2,0
215290,215290,215291,1,0
215290,215290,215292,2,0
215290,215290,215292,2,0
215253,215253,215301,48,0
215310,215310,215311,1,0
215310,215310,215311,1,0
215310,215310,215311,1,0
215310,215310,215311,1,0
215310,215310,215312,2,0
215310,215310,215312,2,0
215310,215310,215311,1,0
215310,215310,215312,2,0
215310,215310,215312,2,0
215310,215310,215311,1,0
215310,215310,215312,2,0
215310,215310,215311,1,0
215310,215310,215312,2,0
215310,215310,215311,1,0
215310,215310,215312,2,0
215310,215310,215312,2,0
215310,215310,215312,2,0
215310,215310,215312,2,0
215310,215310,215312,2,0
215310,215310,215312,2,0
215310,215310,215312,2,0
215310,215310,215312,2,0
215310,215310,215312,2,0
215310,215310,215312,2,0
215310,215310,215311,1,0
215310,215310,215312,2,0
215310,215310,215312,2,0
215310,215312,215313,1,2
215310,215310,215312,2,0
215310,215310,215312,2,0
215310,215310,215312,2,0
215310,215312,215313,1,2
215310,215312,215314,2,2
215271,215271,215323,52,0
215269,215269,215323,54,0
215272,215272,215331,59,0
215331,215331,215332,1,0
215331,215331,215332,1,0
215331,215331,215332,1,0
215331,215331,215332,1,0
215331,215331,215332,1,0
215331,215331,215332,1,0
215331,215331,215332,1,0
215331,215331,215332,1,0
215331,215331,215332,1,0
215331,215331,215333,2,0
215331,215331,215333,2,0
215331,215331,215333,2,0
215331,215331,215333,2,0
215331,215331,215333,2,0
215331,215331,215333,2,0
215331,215331,215333,2,0
215331,215331,215333,2,0
215331,215331,215333,2,0
215331,215331,215333,2,0
215331,215331,215333,2,0
215331,215331,215333,2,0
215331,215331,215333,2,0
215331,215331,215333,2,0
215331,215331,215333,2,0
215331,215331,215333,2,0
215331,215331,215333,2,0
215331,215331,215333,2,0
215331,215331,215333,2,0
215331,215331,215333,2,0
215331,215331,215333,2,0
215331,215331,215333,2,0
215331,215331,215333,2,0
215331,215331,215333,2,0
215331,215331,215333,2,0
215331,215331,215333,2,0
215331,215331,215333,2,0
215331,215331,215333,2,0
215331,215331,215333,2,0
215331,215331,215333,2,0
215331,215331,215333,2,0
215331,215331,215333,2,0
215331,215331,215333,2,0
215331,215331,215333,2,0
215331,215331,215333,2,0
215331,215331,215333,2,0
215331,215331,215333,2,0
215331,215331,215333,2,0
215331,215331,215333,2,0
215331,215331,215333,2,0
215331,215331,215333,2,0
215331,215331,215333,2,0
215331,215331,215333,2,0
215331,215331,215333,2,0
215331,215331,215333,2,0
215331,215331,215333,2,0
215331,215331,215334,3,0
215331,215331,215334,3,0
215331,215331,215333,2,0
215331,215331,215333,2,0
215331,215331,215333,2,0
215331,215331,215333,2,0
215331,215331,215334,3,0
215331,215331,215333,2,0
215331,215331,215334,3,0
215331,215331,215333,2,0
215331,215331,215333,2,0
215270,215270,215335,65,0
215334,215334,215335,1,0
215334,215334,215335,1,0
215334,215334,215335,1,0
215331,215331,215334,3,0
215331,215331,215334,3,0
215334,215334,215335,1,0
215334,215334,215335,1,0
215334,215334,215335,1,0
215334,215334,215336,2,0
215334,215334,215336,2,0
215334,215334,215336,2,0
215334,215334,215336,2,0
215334,215334,215336,2,0
215334,215334,215336,2,0
215334,215334,215336,2,0
215334,215334,215336,2,0
215334,215334,215336,2,0
215334,215334,215336,2,0
215334,215334,215336,2,0
215334,215334,215336,2,0
215334,215334,215336,2,0
215334,215334,215336,2,0
215334,215334,215336,2,0
215334,215334,215336,2,0
215334,215334,215336,2,0
215334,215334,215336,2,0
215334,215334,215336,2,0
215334,215334,215336,2,0
215334,215334,215336,2,0
215334,215334,215336,2,0
215334,215334,215336,2,0
215334,215334,215336,2,0
215334,215334,215336,2,0
215334,215334,215336,2,0
215334,215334,215336,2,0
215334,215334,215336,2,0
215290,215290,215340,50,0
215293,215293,215347,54,0
215291,215291,215356,65,0
215310,215311,215361,50,1
215313,215313,215364,51,0
215368,215368,215369,1,0
215368,215368,215369,1,0
215368,215368,215369,1,0
215368,215368,215369,1,0
215368,215368,215369,1,0
215368,215368,215369,1,0
215368,215368,215370,2,0
215368,215368,215370,2,0
215368,215368,215369,1,0
215368,215368,215370,2,0
215368,215368,215370,2,0
215368,215368,215369,1,0
215368,215368,215370,2,0
215368,215368,215370,2,0
215368,215368,215370,2,0
215368,215368,215369,1,0
215368,215368,215370,2,0
215368,215368,215370,2,0
215368,215368,215369,1,0
215368,215368,215370,2,0
215368,215368,215369,1,0
215368,215368,215370,2,0
215368,215368,215369,1,0
215368,215368,215369,1,0
215368,215368,215370,2,0
215368,215368,215370,2,0
215368,215368,215370,2,0
215368,215368,215370,2,0
215368,215368,215370,2,0
215368,215368,215370,2,0
215368,215368,215369,1,0
215368,215368,215369,1,0
215368,215368,215370,2,0
215368,215368,215370,2,0
215368,215368,215370,2,0
215368,215368,215369,1,0
215368,215368,215369,1,0
215368,215368,215370,2,0
215368,215368,215370,2,0
215368,215368,215369,1,0
215368,215368,215370,2,0
215368,215368,215370,2,0
215368,215368,215370,2,0
215368,215368,215370,2,0
215368,215368,215370,2,0
215368,215368,215370,2,0
215368,215368,215370,2,0
215368,215368,215370,2,0
215368,215368,215370,2,0
215368,215368,215370,2,0
215368,215368,215369,1,0
215368,215368,215370,2,0
215368,215368,215370,2,0
215368,215368,215370,2,0
215368,215368,215369,1,0
215368,215368,215370,2,0
215368,215368,215370,2,0
215368,215368,215369,1,0
215368,215368,215370,2,0
215368,215368,215370,2,0
215368,215368,215369,1,0
215368,215368,215370,2,0
215368,215368,215370,2,0
215368,215369,215371,2,1
215368,215369,215371,2,1
215368,215368,215370,2,0
215368,215369,215371,2,1
215368,215368,215370,2,0
215368,215368,215371,3,0
215368,215369,215371,2,1
215368,215369,215371,2,1
215368,215368,215371,3,0
215368,215368,215371,3,0
215368,215368,215370,2,0
215368,215368,215370,2,0
215368,215368,215371,3,0
215368,215368,215371,3,0
215368,215368,215370,2,0
215368,215368,215371,3,0
215368,215368,215371,3,0
215368,215368,215371,3,0
215368,215369,215371,2,1
215368,215370,215372,2,2
215368,215370,215372,2,2
215368,215370,215372,2,2
215368,215370,215372,2,2
215368,215370,215372,2,2
215368,215370,215372,2,2
215368,215370,215372,2,2
215368,215370,215372,2,2
215368,215370,215372,2,2
215368,215370,215372,2,2
215368,215370,215372,2,2
215368,215370,215372,2,2
215368,215370,215372,2,2
215368,215370,215372,2,2
215368,215370,215372,2,2
215368,215370,215372,2,2
215368,215370,215372,2,2
215368,215370,215372,2,2
215368,215370,215372,2,2
215368,215370,215372,2,2
215314,215315,215380,65,1
215332,215332,215392,60,0
215333,215333,215399,66,0
215335,215335,215400,65,0
215401,215401,215403,2,0
215401,215401,215402,1,0
215401,215401,215402,1,0
215401,215401,215402,1,0
215401,215401,215402,1,0
215401,215401,215402,1,0
215401,215401,215403,2,0
215401,215402,215403,1,1
215401,215401,215403,2,0
215401,215401,215404,3,0
215401,215401,215403,2,0
215401,215402,215403,1,1
215401,215402,215404,2,1
215401,215401,215404,3,0
215401,215401,215404,3,0
215401,215401,215403,2,0
215401,215402,215403,1,1
215401,215402,215403,1,1
215402,215402,215403,1,0
215401,215401,215404,3,0
215401,215401,215404,3,0
215401,215401,215403,2,0
215401,215402,215403,1,1
215402,215402,215403,1,0
215401,215401,215404,3,0
215401,215401,215404,3,0
215401,215402,215403,1,1
215401,215402,215404,2,1
215402,215402,215403,1,0
215401,215401,215404,3,0
215401,215401,215403,2,0
215401,215401,215404,3,0
215401,215402,215403,1,1
215401,215402,215404,2,1
215401,215402,215403,1,1
215401,215401,215403,2,0
215401,215401,215403,2,0
215401,215401,215403,2,0
215401,215402,215404,2,1
215401,215402,215404,2,1
215401,215402,215403,1,1
215402,215402,215403,1,0
215401,215401,215403,2,0
215401,215401,215403,2,0
215401,215402,215404,2,1
215402,215402,215403,1,0
215402,215402,215403,1,0
215402,215402,215404,2,0
215401,215401,215404,3,0
215401,215401,215404,3,0
215401,215401,215403,2,0
215401,215402,215404,2,1
215402,215402,215403,1,0
215401,215401,215404,3,0
215401,215401,215403,2,0
215401,215402,215403,1,1
215401,215402,215404,2,1
215401,215402,215404,2,1
215401,215402,215403,1,1
215402,215402,215403,1,0
215401,215401,215404,3,0
215401,215401,215403,2,0
215401,215402,215403,1,1
215401,215402,215404,2,1
215401,215402,215404,2,1
215401,215402,215404,2,1
215402,215402,215403,1,0
215401,215402,215404,2,1
215402,215403,215404,1,1
215401,215402,215405,3,1
215401,215402,215404,2,1
215401,215402,215404,2,1
215402,215402,215404,2,0
215401,215402,215404,2,1
215402,215403,215404,1,1
215401,215402,215405,3,1
215401,215402,215404,2,1
215402,215403,215404,1,1
215401,215401,215404,3,0
215401,215402,215405,3,1
215402,215403,215404,1,1
215402,215404,215405,1,2
215402,215403,215404,1,1
215402,215404,215405,1,2
215402,215403,215404,1,1
215402,215404,215405,1,2
215402,215403,215404,1,1
215402,215404,215405,1,2
215401,215402,215404,2,1
215402,215403,215404,1,1
215402,215404,215405,1,2
215402,215404,215406,2,2
215402,215404,215406,2,2
215402,215404,215406,2,2
215402,215404,215406,2,2
215402,215404,215406,2,2
215402,215404,215406,2,2
215402,215404,215406,2,2
215402,215404,215406,2,2
215402,215404,215406,2,2
215402,215404,215406,2,2
215401,215402,215405,3,1
215402,215404,215406,2,2
215402,215404,215406,2,2
215402,215404,215406,2,2
215402,215404,215406,2,2
215402,215404,215406,2,2
215402,215404,215406,2,2
215402,215404,215406,2,2
215402,215404,215406,2,2
215402,215404,215406,2,2
215402,215404,215406,2,2
215402,215404,215406,2,2
215402,215404,215406,2,2
215402,215404,215406,2,2
215402,215404,215406,2,2
215402,215404,215406,2,2
215402,215404,215406,2,2
215402,215404,215406,2,2
215402,215404,215406,2,2
215402,215404,215406,2,2
215402,215404,215406,2,2
215402,215404,215406,2,2
215402,215404,215406,2,2
215402,215404,215406,2,2
215402,215404,215406,2,2
215402,215404,215406,2,2
215402,215404,215406,2,2
215402,215404,215406,2,2
215402,215404,215406,2,2
215402,215404,215406,2,2
215402,215404,215406,2,2
215402,215404,215406,2,2
215402,215404,215406,2,2
215402,215404,215406,2,2
215402,215404,215406,2,2
215368,215370,215417,47,2
215449,215449,215450,1,0
215449,215449,215450,1,0
215449,215449,215450,1,0
215449,215449,215450,1,0
215449,215449,215450,1,0
215449,215449,215450,1,0
215449,215449,215451,2,0
215449,215449,215451,2,0
215449,215449,215451,2,0
215449,215449,215450,1,0
215449,215449,215451,2,0
215449,215449,215451,2,0
215449,215449,215451,2,0
215449,215449,215451,2,0
215449,215449,215450,1,0
215449,215449,215450,1,0
215449,215449,215451,2,0
215449,215449,215451,2,0
215449,215449,215451,2,0
215449,215449,215451,2,0
215449,215449,215451,2,0
215449,215449,215451,2,0
215449,215449,215451,2,0
215449,215449,215451,2,0
215449,215449,215451,2,0
215449,215449,215451,2,0
215449,215449,215450,1,0
215449,215449,215451,2,0
215449,215449,215451,2,0
215449,215449,215451,2,0
215449,215449,215451,2,0
215449,215449,215451,2,0
215449,215449,215450,1,0
215449,215449,215451,2,0
215449,215449,215451,2,0
215449,215449,215451,2,0
215449,215449,215451,2,0
215449,215449,215451,2,0
215449,215449,215451,2,0
215449,215449,215450,1,0
215449,215449,215451,2,0
215449,215449,215451,2,0
215449,215449,215451,2,0
215449,215449,215451,2,0
215449,215449,215450,1,0
215449,215449,215451,2,0
215449,215449,215451,2,0
215449,215449,215451,2,0
215449,215449,215450,1,0
215449,215449,215451,2,0
215449,215449,215451,2,0
215449,215449,215450,1,0
215449,215449,215451,2,0
215449,215449,215451,2,0
215449,215449,215451,2,0
215449,215449,215450,1,0
215449,215449,215451,2,0
215449,215449,215451,2,0
215449,215449,215450,1,0
215449,215449,215451,2,0
215449,215449,215451,2,0
215449,215449,215451,2,0
215449,215449,215451,2,0
215449,215449,215451,2,0
215449,215449,215451,2,0
215449,215449,215451,2,0
215402,215404,215466,62,2
215494,215495,215496,1,1
215494,215495,215496,1,1
215494,215495,215497,2,1
215494,215495,215497,2,1
215494,215495,215497,2,1
215495,215495,215497,2,0
215495,215495,215497,2,0
215495,215495,215496,1,0
215495,215495,215497,2,0
215495,215495,215497,2,0
215494,215495,215497,2,1
215494,215495,215496,1,1
215494,215495,215497,2,1
215495,215495,215497,2,0
215495,215495,215497,2,0
215495,215495,215497,2,0
215494,215495,215497,2,1
215494,215495,215496,1,1
215495,215495,215496,1,0
215495,215495,215497,2,0
215495,215495,215497,2,0
215494,215495,215496,1,1
215494,215495,215496,1,1
215494,215495,215497,2,1
215495,215495,215496,1,0
215495,215495,215497,2,0
215494,215495,215497,2,1
215494,215495,215497,2,1
215494,215495,215497,2,1
215495,215495,215497,2,0
215495,215495,215497,2,0
215494,215495,215496,1,1
215494,215495,215496,1,1
215495,215495,215496,1,0
215495,215495,215497,2,0
215495,215495,215497,2,0
215495,215495,215497,2,0
215494,215495,215496,1,1
215494,215495,215497,2,1
215494,215495,215497,2,1
215495,215495,215496,1,0
215495,215495,215497,2,0
215494,215495,215496,1,1
215494,215495,215497,2,1
215494,215495,215496,1,1
215495,215495,215497,2,0
215495,215495,215497,2,0
215495,215495,215497,2,0
215494,215495,215496,1,1
215494,215495,215497,2,1
215494,215495,215497,2,1
215495,215495,215496,1,0
215495,215495,215497,2,0
215495,215495,215497,2,0
215495,215495,215497,2,0
215495,215495,215497,2,0
215495,215495,215497,2,0
215495,215495,215497,2,0
215495,215495,215497,2,0
215495,215495,215497,2,0
215495,215495,215497,2,0
215449,215449,215507,58,0
215526,215526,215527,1,0
215526,215526,215527,1,0
215526,215526,215527,1,0
215526,215526,215527,1,0
215526,215526,215527,1,0
215526,215526,215528,2,0
215526,215526,215528,2,0
215526,215526,215528,2,0
215526,215526,215528,2,0
215526,215526,215528,2,0
215526,215526,215528,2,0
215526,215526,215527,1,0
215526,215526,215528,2,0
215526,215526,215528,2,0
215526,215526,215528,2,0
215526,215526,215528,2,0
215526,215526,215528,2,0
215526,215526,215528,2,0
215526,215526,215528,2,0
215526,215526,215528,2,0
215526,215526,215527,1,0
215526,215526,215528,2,0
215526,215526,215528,2,0
215526,215526,215528,2,0
215526,215526,215527,1,0
215526,215526,215527,1,0
215526,215526,215528,2,0
215526,215526,215528,2,0
215526,215526,215528,2,0
215526,215526,215528,2,0
215526,215526,215528,2,0
215526,215526,215528,2,0
215495,215495,215545,50,0
215558,215558,215559,1,0
215558,215558,215559,1,0
215558,215558,215559,1,0
215558,215558,215559,1,0
215558,215558,215559,1,0
215558,215558,215559,1,0
215558,215558,215560,2,0
215558,215558,215560,2,0
215558,215558,215560,2,0
215558,215558,215559,1,0
215558,215558,215559,1,0
215558,215558,215560,2,0
215558,215558,215559,1,0
215558,215558,215560,2,0
215558,215558,215560,2,0
215558,215558,215559,1,0
215558,215558,215559,1,0
215558,215558,215560,2,0
215558,215558,215560,2,0
215558,215558,215559,1,0
215558,215558,215560,2,0
215558,215558,215560,2,0
215558,215558,215560,2,0
215558,215558,215560,2,0
215558,215558,215560,2,0
215558,215558,215559,1,0
215558,215558,215560,2,0
215558,215558,215560,2,0
215558,215558,215560,2,0
215558,215558,215560,2,0
215558,215558,215559,1,0
215558,215558,215560,2,0
215558,215558,215560,2,0
215574,215574,215575,1,0
215574,215574,215575,1,0
215574,215574,215575,1,0
215574,215574,215575,1,0
215574,215574,215575,1,0
215574,215574,215576,2,0
215574,215574,215576,2,0
215574,215574,215576,2,0
215574,215574,215576,2,0
215526,215526,215576,50,0
215574,215574,215575,1,0
215574,215574,215576,2,0
215574,215574,215576,2,0
215574,215574,215575,1,0
215574,215574,215576,2,0
215574,215574,215576,2,0
215574,215574,215575,1,0
215574,215574,215576,2,0
215574,215574,215576,2,0
215574,215574,215576,2,0
215574,215574,215576,2,0
215574,215574,215576,2,0
215574,215574,215576,2,0
215574,215574,215575,1,0
215574,215574,215576,2,0
215574,215574,215576,2,0
215574,215574,215576,2,0
215574,215574,215576,2,0
215574,215574,215576,2,0
215574,215574,215576,2,0
215574,215574,215576,2,0
215574,215574,215576,2,0
215574,215574,215576,2,0
215574,215574,215576,2,0
215574,215574,215576,2,0
215592,215592,215593,1,0
215592,215592,215593,1,0
215592,215592,215593,1,0
215592,215592,215593,1,0
215592,215592,215593,1,0
215592,215592,215593,1,0
215592,215592,215593,1,0
215592,215592,215594,2,0
215592,215592,215594,2,0
215592,215592,215594,2,0
215592,215592,215594,2,0
215592,215592,215594,2,0
215592,215592,215594,2,0
215592,215592,215594,2,0
215592,215592,215594,2,0
215592,215592,215594,2,0
215592,215592,215594,2,0
215592,215592,215594,2,0
215592,215592,215594,2,0
215592,215592,215594,2,0
215592,215592,215594,2,0
215592,215592,215594,2,0
215592,215592,215594,2,0
215592,215592,215594,2,0
215592,215592,215594,2,0
215592,215592,215594,2,0
215592,215592,215594,2,0
215592,215592,215594,2,0
215592,215592,215594,2,0
215592,215592,215594,2,0
215592,215592,215594,2,0
215592,215592,215594,2,0
215592,215592,215594,2,0
215592,215592,215594,2,0
215574,215574,215634,60,0
215635,215636,215637,1,1
215635,215636,215637,1,1
215635,215636,215637,1,1
215635,215636,215637,1,1
215635,215636,215637,1,1
215635,215636,215637,1,1
215635,215636,215638,2,1
215635,215636,215638,2,1
215635,215636,215637,1,1
215635,215636,215638,2,1
215635,215636,215637,1,1
215635,215636,215638,2,1
215635,215636,215638,2,1
215635,215636,215637,1,1
215635,215636,215637,1,1
215635,215636,215638,2,1
215635,215636,215638,2,1
215635,215636,215637,1,1
215635,215636,215638,2,1
215635,215636,215638,2,1
215635,215636,215638,2,1
215635,215636,215638,2,1
215635,215636,215638,2,1
215635,215636,215638,2,1
215635,215636,215638,2,1
215635,215636,215638,2,1
215635,215636,215638,2,1
215635,215636,215638,2,1
215635,215636,215638,2,1
215635,215636,215638,2,1
215635,215636,215638,2,1
215592,215593,215640,47,1
215657,215657,215658,1,0
215657,215657,215658,1,0
215657,215657,215658,1,0
215657,215657,215658,1,0
215657,215657,215658,1,0
215657,215657,215659,2,0
215657,215657,215659,2,0
215657,215657,215658,1,0
215657,215657,215659,2,0
215657,215657,215659,2,0
215657,215657,215659,2,0
215657,215657,215659,2,0
215657,215657,215659,2,0
215657,215657,215659,2,0
215657,215657,215659,2,0
215657,215657,215659,2,0
215657,215657,215659,2,0
215657,215657,215659,2,0
215657,215657,215659,2,0
215657,215657,215659,2,0
215657,215657,215659,2,0
215657,215657,215659,2,0
215657,215657,215659,2,0
215657,215657,215659,2,0
215657,215657,215659,2,0
215657,215657,215659,2,0
215657,215657,215659,2,0
215657,215658,215660,2,1
215657,215657,215659,2,0
215657,215657,215659,2,0
215657,215657,215660,3,0
215657,215657,215659,2,0
215657,215658,215661,3,1
215657,215658,215661,3,1
215610,215610,215669,59,0
215628,215629,215678,49,1
215679,215679,215680,1,0
215679,215679,215680,1,0
215679,215679,215680,1,0
215679,215679,215680,1,0
215679,215679,215680,1,0
215679,215679,215680,1,0
215679,215679,215680,1,0
215630,215630,215681,51,0
215679,215679,215681,2,0
215679,215679,215681,2,0
215679,215679,215681,2,0
215679,215679,215681,2,0
215679,215679,215681,2,0
215679,215679,215681,2,0
215679,215679,215681,2,0
215679,215679,215681,2,0
215679,215679,215681,2,0
215679,215679,215681,2,0
215679,215679,215681,2,0
215679,215679,215681,2,0
215679,215679,215681,2,0
215679,215679,215681,2,0
215679,215679,215681,2,0
215679,215679,215681,2,0
215679,215679,215681,2,0
215679,215679,215681,2,0
215679,215679,215681,2,0
215679,215679,215681,2,0
215679,215679,215681,2,0
215679,215679,215681,2,0
215679,215679,215681,2,0
215679,215679,215681,2,0
215679,215679,215681,2,0
215679,215680,215681,1,1
215679,215679,215681,2,0
215679,215679,215681,2,0
215679,215679,215681,2,0
215679,215679,215681,2,0
215679,215679,215681,2,0
215679,215679,215681,2,0
215679,215679,215681,2,0
215679,215680,215681,1,1
215679,215679,215681,2,0
215679,215679,215681,2,0
215679,215679,215681,2,0
215679,215679,215681,2,0
215679,215680,215681,1,1
215679,215680,215681,1,1
215679,215680,215681,1,1
215679,215679,215681,2,0
215679,215679,215681,2,0
215679,215679,215681,2,0
215679,215679,215681,2,0
215679,215679,215681,2,0
215679,215679,215681,2,0
215679,215680,215681,1,1
215679,215680,215681,1,1
215679,215679,215681,2,0
215679,215679,215681,2,0
215679,215679,215681,2,0
215679,215679,215681,2,0
215679,215679,215681,2,0
215679,215680,215681,1,1
215679,215680,215681,1,1
215679,215680,215681,1,1
215679,215681,215682,1,2
215679,215680,215682,2,1
215679,215680,215682,2,1
215679,215679,215682,3,0
215626,215626,215683,57,0
215683,215683,215684,1,0
215683,215683,215684,1,0
215631,215631,215684,53,0
215635,215635,215684,49,0
215683,215683,215684,1,0
215683,215683,215685,2,0
215683,215683,215684,1,0
215683,215683,215684,1,0
215683,215683,215684,1,0
215683,215683,215685,2,0
215683,215683,215685,2,0
215683,215683,215684,1,0
215683,215683,215684,1,0
215683,215683,215684,1,0
215683,215683,215684,1,0
215683,215683,215685,2,0
215683,215683,215684,1,0
215683,215683,215684,1,0
215683,215683,215684,1,0
215683,215683,215684,1,0
215683,215683,215685,2,0
215683,215683,215685,2,0
215683,215683,215684,1,0
215683,215683,215685,2,0
215683,215683,215685,2,0
215683,215683,215685,2,0
215683,215683,215685,2,0
215683,215683,215685,2,0
215683,215683,215685,2,0
215683,215683,215685,2,0
215683,215683,215685,2,0
215683,215683,215685,2,0
215683,215683,215685,2,0
215683,215683,215685,2,0
215683,215683,215685,2,0
215627,215627,215687,60,0
215638,215638,215688,50,0
215636,215636,215690,54,0
215632,215632,215690,58,0
215633,215633,215693,60,0
215639,215639,215702,63,0
215659,215660,215707,47,1
215661,215661,215711,50,0
215658,215658,215717,59,0
215717,215717,215718,1,0
215717,215717,215718,1,0
215717,215717,215718,1,0
215717,215717,215718,1,0
215717,215717,215718,1,0
215717,215717,215718,1,0
215717,215718,215719,1,1
215717,215718,215719,1,1
215717,215718,215719,1,1
215717,215717,215719,2,0
215717,215717,215719,2,0
215717,215717,215719,2,0
215717,215717,215719,2,0
215717,215717,215719,2,0
215717,215717,215719,2,0
215717,215717,215719,2,0
215717,215717,215719,2,0
215717,215717,215719,2,0
215717,215717,215719,2,0
215717,215717,215719,2,0
215717,215717,215719,2,0
215717,215717,215719,2,0
215717,215717,215719,2,0
215717,215717,215719,2,0
215717,215717,215719,2,0
215717,215717,215719,2,0
215717,215717,215719,2,0
215717,215717,215719,2,0
215717,215717,215718,1,0
215717,215717,215719,2,0
215717,215717,215719,2,0
215717,215717,215719,2,0
215717,215717,215719,2,0
215717,215717,215719,2,0
215717,215717,215719,2,0
215717,215717,215719,2,0
215717,215717,215719,2,0
215717,215717,215719,2,0
215717,215717,215719,2,0
215717,215717,215719,2,0
215717,215717,215719,2,0
215717,215717,215719,2,0
215717,215717,215719,2,0
215717,215717,215719,2,0
215717,215717,215718,1,0
215717,215717,215719,2,0
215717,215717,215719,2,0
215717,215717,215719,2,0
215717,215717,215719,2,0
215717,215717,215719,2,0
215717,215717,215719,2,0
215717,215717,215719,2,0
215717,215717,215719,2,0
215717,215717,215719,2,0
215717,215717,215719,2,0
215717,215717,215719,2,0
215717,215717,215719,2,0
215717,215717,215719,2,0
215717,215717,215719,2,0
215717,215718,215720,2,1
215717,215718,215719,1,1
215717,215718,215719,1,1
215717,215718,215720,2,1
215717,215717,215719,2,0
215717,215717,215719,2,0
215717,215717,215719,2,0
215717,215717,215719,2,0
215717,215717,215719,2,0
215717,215718,215720,2,1
215717,215717,215719,2,0
215717,215717,215719,2,0
215717,215718,215720,2,1
215717,215719,215720,1,2
215717,215718,215720,2,1
215717,215718,215720,2,1
215717,215718,215720,2,1
215717,215719,215720,1,2
215717,215718,215720,2,1
215717,215719,215721,2,2
215717,215719,215721,2,2
215717,215719,215721,2,2
215717,215719,215721,2,2
215717,215720,215721,1,3
215717,215720,215721,1,3
215717,215719,215721,2,2
215717,215719,215721,2,2
215717,215719,215721,2,2
215717,215720,215721,1,3
215717,215720,215721,1,3
215717,215719,215721,2,2
215717,215719,215721,2,2
215717,215719,215721,2,2
215717,215719,215721,2,2
215717,215720,215721,1,3
215717,215720,215721,1,3
215717,215720,215721,1,3
215717,215719,215721,2,2
215717,215719,215721,2,2
215717,215719,215721,2,2
215717,215719,215721,2,2
215717,215719,215721,2,2
215717,215719,215721,2,2
215717,215719,215721,2,2
215717,215719,215721,2,2
215717,215719,215721,2,2
215717,215719,215721,2,2
215717,215720,215722,2,3
215717,215720,215722,2,3
215717,215720,215722,2,3
215717,215720,215722,2,3
215717,215720,215722,2,3
215717,215720,215721,1,3
215717,215720,215722,2,3
215717,215720,215722,2,3
215717,215720,215721,1,3
215717,215719,215722,3,2
215719,215722,215723,1,3
215719,215722,215723,1,3
215717,215719,215722,3,2
215717,215719,215722,3,2
215717,215719,215722,3,2
215717,215719,215722,3,2
215717,215720,215722,2,3
215717,215720,215722,2,3
215717,215720,215722,2,3
215717,215720,215722,2,3
215717,215720,215722,2,3
215717,215720,215722,2,3
215717,215721,215722,1,4
215717,215721,215723,2,4
215717,215721,215723,2,4
215719,215722,215723,1,3
215719,215722,215723,1,3
215717,215721,215722,1,4
215717,215721,215722,1,4
215717,215721,215723,2,4
215717,215721,215723,2,4
215717,215720,215722,2,3
215717,215720,215722,2,3
215717,215720,215722,2,3
215717,215720,215722,2,3
215717,215719,215722,3,2
215717,215720,215722,2,3
215717,215720,215722,2,3
215717,215720,215722,2,3
215717,215720,215722,2,3
215717,215720,215722,2,3
215717,215721,215723,2,4
215717,215721,215724,3,4
215717,215721,215723,2,4
215717,215722,215723,1,5
215717,215722,215724,2,5
215717,215721,215723,2,4
215717,215721,215723,2,4
215717,215722,215724,2,5
215717,215722,215723,1,5
215717,215722,215723,1,5
215717,215722,215723,1,5
215717,215722,215723,1,5
215717,215722,215723,1,5
215717,215722,215723,1,5
215719,215722,215723,1,3
215719,215722,215723,1,3
215719,215722,215724,2,3
215719,215722,215724,2,3
215719,215722,215723,1,3
215719,215722,215723,1,3
215719,215722,215723,1,3
215717,215721,215723,2,4
215717,215721,215723,2,4
215719,215722,215723,1,3
215719,215722,215724,2,3
215719,215722,215723,1,3
215717,215721,215723,2,4
215717,215721,215723,2,4
215719,215722,215724,2,3
215719,215722,215724,2,3
215719,215722,215724,2,3
215719,215722,215724,2,3
215719,215722,215724,2,3
215719,215722,215724,2,3
215717,215721,215724,3,4
215717,215721,215724,3,4
215717,215721,215724,3,4
215719,215723,215724,1,4
215717,215722,215725,3,5
215717,215723,215724,1,6
215717,215723,215724,1,6
215719,215723,215725,2,4
215719,215723,215724,1,4
215719,215723,215724,1,4
215719,215723,215724,1,4
215719,215723,215724,1,4
215719,215723,215724,1,4
215719,215723,215724,1,4
215719,215723,215724,1,4
215719,215723,215724,1,4
215719,215723,215724,1,4
215719,215723,215724,1,4
215719,215722,215724,2,3
215717,215722,215725,3,5
215717,215723,215725,2,6
215682,215682,215732,50,0
215680,215681,215733,52,1
215683,215684,215740,56,1
215783,215783,215784,1,0
215783,215783,215784,1,0
215783,215783,215784,1,0
215783,215783,215784,1,0
215783,215783,215784,1,0
215783,215783,215784,1,0
215783,215783,215784,1,0
215783,215783,215784,1,0
215783,215783,215785,2,0
215783,215783,215785,2,0
215783,215783,215785,2,0
215783,215783,215784,1,0
215783,215783,215785,2,0
215783,215783,215785,2,0
215783,215783,215785,2,0
215783,215783,215785,2,0
215783,215783,215785,2,0
215783,215783,215785,2,0
215783,215783,215785,2,0
215783,215783,215785,2,0
215783,215783,215784,1,0
215783,215783,215784,1,0
215783,215783,215785,2,0
215783,215783,215785,2,0
215783,215783,215784,1,0
215783,215783,215785,2,0
215783,215783,215785,2,0
215783,215783,215784,1,0
215783,215783,215785,2,0
215783,215783,215785,2,0
215783,215783,215785,2,0
215783,215783,215785,2,0
215783,215783,215785,2,0
215783,215783,215784,1,0
215783,215783,215785,2,0
215783,215783,215785,2,0
215783,215783,215785,2,0
215783,215783,215784,1,0
215783,215783,215785,2,0
215783,215783,215785,2,0
215783,215783,215785,2,0
215783,215783,215785,2,0
215783,215783,215785,2,0
215783,215783,215784,1,0
215783,215783,215785,2,0
215783,215783,215785,2,0
215783,215783,215784,1,0
215783,215783,215785,2,0
215783,215783,215785,2,0
215783,215783,215785,2,0
215783,215783,215785,2,0
215783,215783,215784,1,0
215783,215783,215785,2,0
215783,215783,215785,2,0
215783,215783,215785,2,0
215783,215783,215785,2,0
215783,215783,215786,3,0
215783,215783,215785,2,0
215783,215783,215786,3,0
215783,215783,215786,3,0
215783,215783,215785,2,0
215783,215783,215786,3,0
215783,215783,215786,3,0
215783,215783,215786,3,0
215783,215783,215786,3,0
215783,215783,215786,3,0
215783,215783,215785,2,0
215783,215783,215786,3,0
215783,215785,215786,1,2
215783,215785,215786,1,2
215783,215783,215786,3,0
215783,215783,215785,2,0
215783,215783,215786,3,0
215783,215785,215786,1,2
215783,215783,215786,3,0
215783,215783,215786,3,0
215783,215784,215786,2,1
215783,215783,215786,3,0
215783,215783,215786,3,0
215783,215783,215786,3,0
215783,215784,215786,2,1
215783,215783,215786,3,0
215783,215783,215786,3,0
215783,215784,215786,2,1
215783,215783,215786,3,0
215783,215784,215786,2,1
215783,215783,215786,3,0
215783,215784,215786,2,1
215783,215785,215787,2,2
215783,215785,215787,2,2
215783,215785,215787,2,2
215783,215785,215787,2,2
215783,215785,215787,2,2
215783,215785,215788,3,2
215783,215785,215787,2,2
215783,215785,215787,2,2
215783,215785,215787,2,2
215783,215785,215787,2,2
215783,215785,215787,2,2
215783,215785,215787,2,2
215783,215785,215787,2,2
215783,215785,215787,2,2
215783,215785,215787,2,2
215783,215785,215787,2,2
215783,215784,215787,3,1
215783,215786,215787,1,3
215783,215786,215787,1,3
215783,215786,215787,1,3
215783,215786,215788,2,3
215783,215786,215787,1,3
215783,215786,215787,1,3
215783,215786,215787,1,3
215783,215786,215787,1,3
215783,215784,215787,3,1
215783,215786,215787,1,3
215783,215786,215788,2,3
215783,215786,215787,1,3
215783,215786,215787,1,3
215783,215786,215787,1,3
215783,215786,215788,2,3
215783,215786,215788,2,3
215783,215786,215787,1,3
215783,215786,215787,1,3
215783,215786,215787,1,3
215783,215786,215787,1,3
215783,215786,215787,1,3
215783,215786,215788,2,3
215783,215786,215788,2,3
215783,215786,215787,1,3
215783,215786,215787,1,3
215783,215786,215787,1,3
215783,215786,215788,2,3
215783,215786,215788,2,3
215783,215786,215787,1,3
215783,215786,215788,2,3
215783,215786,215788,2,3
215783,215786,215788,2,3
215783,215787,215788,1,4
215783,215787,215788,1,4
215783,215787,215788,1,4
215783,215787,215788,1,4
215783,215787,215788,1,4
215783,215787,215788,1,4
215783,215787,215788,1,4
215783,215787,215788,1,4
215783,215787,215788,1,4
215783,215787,215788,1,4
215783,215787,215789,2,4
215783,215787,215789,2,4
215783,215787,215789,2,4
215783,215787,215789,2,4
215783,215786,215788,2,3
215783,215787,215788,1,4
215783,215787,215788,1,4
215783,215787,215788,1,4
215783,215787,215788,1,4
215783,215787,215789,2,4
215783,215787,215788,1,4
215783,215787,215788,1,4
215783,215787,215788,1,4
215783,215787,215788,1,4
215783,215787,215789,2,4
215783,215787,215789,2,4
215783,215787,215789,2,4
215783,215787,215789,2,4
215783,215787,215789,2,4
215783,215787,215789,2,4
215784,215787,215833,46,3
215845,215845,215846,1,0
215845,215845,215846,1,0
215845,215845,215847,2,0
215845,215845,215847,2,0
215845,215845,215846,1,0
215846,215846,215847,1,0
215845,215845,215847,2,0
215845,215845,215847,2,0
215845,215845,215848,3,0
215845,215845,215847,2,0
215846,215846,215847,1,0
215846,215846,215848,2,0
215845,215845,215848,3,0
215845,215845,215848,3,0
215846,215846,215847,1,0
215846,215846,215847,1,0
215845,215845,215848,3,0
215845,215845,215847,2,0
215846,215846,215848,2,0
215846,215846,215848,2,0
215846,215846,215847,1,0
215845,215845,215848,3,0
215845,215845,215847,2,0
215846,215846,215848,2,0
215846,215846,215848,2,0
215846,215846,215848,2,0
215846,215846,215847,1,0
215845,215845,215848,3,0
215845,215845,215848,3,0
215845,215845,215847,2,0
215846,215846,215847,1,0
215846,215846,215848,2,0
215845,215845,215848,3,0
215845,215845,215847,2,0
215846,215846,215848,2,0
215846,215846,215848,2,0
215845,215845,215847,2,0
215845,215845,215848,3,0
215845,215845,215847,2,0
215846,215846,215847,1,0
215845,215845,215848,3,0
215845,215845,215847,2,0
215845,215845,215848,3,0
215845,215845,215848,3,0
215846,215846,215847,1,0
215845,215845,215848,3,0
215845,215845,215848,3,0
215845,215845,215848,3,0
215846,215846,215847,1,0
215846,215846,215848,2,0
215846,215846,215848,2,0
215846,215846,215848,2,0
215846,215846,215848,2,0
215846,215846,215848,2,0
215846,215846,215848,2,0
215846,215847,215849,2,1
215846,215847,215849,2,1
215846,215846,215849,3,0
215846,215846,215849,3,0
215845,215845,215848,3,0
215846,215846,215848,2,0
215846,215846,215848,2,0
215846,215846,215849,3,0
215845,215845,215848,3,0
215846,215846,215849,3,0
215846,215846,215848,2,0
215846,215846,215848,2,0
215846,215847,215849,2,1
215846,215846,215848,2,0
215846,215846,215848,2,0
215846,215846,215848,2,0
215846,215847,215849,2,1
215845,215845,215848,3,0
215846,215846,215848,2,0
215846,215846,215848,2,0
215846,215846,215849,3,0
215846,215846,215849,3,0
215846,215846,215848,2,0
215846,215847,215849,2,1
215845,215845,215848,3,0
215846,215846,215848,2,0
215846,215846,215849,3,0
215846,215846,215848,2,0
215846,215846,215848,2,0
215846,215847,215849,2,1
215846,215846,215848,2,0
215846,215847,215849,2,1
215846,215848,215850,2,2
215846,215848,215849,1,2
215846,215848,215849,1,2
215846,215848,215850,2,2
215846,215848,215849,1,2
215846,215848,215850,2,2
215846,215848,215850,2,2
215846,215848,215849,1,2
215846,215848,215850,2,2
215846,215848,215849,1,2
215846,215848,215850,2,2
215846,215848,215850,2,2
215846,215848,215850,2,2
215846,215848,215850,2,2
215846,215848,215850,2,2
215846,215848,215895,47,2
215906,215907,215908,1,1
215907,215907,215908,1,0
215906,215907,215909,2,1
215906,215907,215908,1,1
215907,215907,215908,1,0
215907,215907,215909,2,0
215907,215907,215909,2,0
215906,215907,215908,1,1
215906,215907,215909,2,1
215906,215907,215909,2,1
215907,215907,215908,1,0
215907,215907,215909,2,0
215907,215907,215909,2,0
215906,215907,215909,2,1
215906,215907,215909,2,1
215906,215907,215909,2,1
215907,215907,215908,1,0
215906,215907,215909,2,1
215906,215907,215909,2,1
215906,215907,215909,2,1
215907,215907,215908,1,0
215907,215907,215909,2,0
215907,215907,215909,2,0
215906,215907,215909,2,1
215906,215907,215909,2,1
215906,215907,215909,2,1
215907,215907,215908,1,0
215907,215907,215909,2,0
215906,215907,215909,2,1
215906,215907,215909,2,1
215906,215907,215909,2,1
215907,215907,215909,2,0
215907,215907,215909,2,0
215906,215907,215909,2,1
215906,215907,215909,2,1
215907,215907,215908,1,0
215907,215907,215909,2,0
215907,215907,215909,2,0
215906,215907,215909,2,1
215906,215907,215909,2,1
215906,215907,215909,2,1
215907,215907,215908,1,0
215907,215907,215909,2,0
215907,215907,215909,2,0
215907,215907,215909,2,0
215906,215907,215909,2,1
215906,215907,215908,1,1
215906,215907,215909,2,1
215907,215907,215909,2,0
215907,215907,215909,2,0
215907,215907,215909,2,0
215906,215907,215909,2,1
215906,215907,215908,1,1
215907,215907,215909,2,0
215907,215907,215909,2,0
215906,215907,215909,2,1
215907,215907,215909,2,0
215907,215907,215909,2,0
215907,215907,215909,2,0
215907,215907,215909,2,0
215907,215907,215909,2,0
215907,215907,215909,2,0
215907,215907,215909,2,0
215953,215953,215954,1,0
215953,215953,215954,1,0
215953,215953,215954,1,0
215953,215953,215954,1,0
215953,215953,215954,1,0
215953,215953,215954,1,0
215953,215953,215955,2,0
215953,215953,215954,1,0
215953,215953,215955,2,0
215953,215953,215954,1,0
215953,215953,215955,2,0
215953,215953,215955,2,0
215953,215953,215954,1,0
215953,215953,215955,2,0
215953,215953,215955,2,0
215953,215953,215954,1,0
215953,215953,215955,2,0
215953,215953,215954,1,0
215953,215953,215955,2,0
215953,215953,215955,2,0
215953,215953,215955,2,0
215953,215953,215955,2,0
215953,215953,215955,2,0
215953,215953,215955,2,0
215953,215953,215955,2,0
215953,215953,215955,2,0
215953,215953,215954,1,0
215953,215953,215955,2,0
215953,215953,215955,2,0
215953,215953,215955,2,0
215953,215953,215955,2,0
215953,215953,215955,2,0
215953,215953,215955,2,0
215953,215953,215955,2,0
215907,215907,215965,58,0
215985,215985,215986,1,0
215985,215985,215986,1,0
215985,215985,215986,1,0
215985,215985,215986,1,0
215985,215985,215986,1,0
215985,215985,215986,1,0
215985,215985,215987,2,0
215985,215985,215987,2,0
215985,215985,215986,1,0
215985,215985,215987,2,0
215985,215985,215987,2,0
215985,215985,215987,2,0
215985,215985,215987,2,0
215985,215985,215986,1,0
215985,215985,215987,2,0
215985,215985,215987,2,0
215985,215985,215986,1,0
215985,215985,215987,2,0
215985,215985,215987,2,0
215985,215985,215987,2,0
215985,215985,215987,2,0
215985,215985,215987,2,0
215985,215985,215987,2,0
215985,215985,215987,2,0
215985,215985,215987,2,0
215985,215985,215987,2,0
215985,215985,215987,2,0
215985,215985,215987,2,0
215985,215985,215987,2,0
215985,215985,215987,2,0
215985,215985,215987,2,0
215985,215985,215987,2,0
215985,215985,215987,2,0
215985,215985,215987,2,0
215986,215986,216034,48,0
216035,216035,216036,1,0
216035,216035,216036,1,0
216035,216035,216036,1,0
216035,216035,216037,2,0
216035,216035,216037,2,0
216035,216035,216037,2,0
216035,216035,216037,2,0
216035,216035,216037,2,0
216035,216035,216036,1,0
216035,216035,216037,2,0
216035,216035,216037,2,0
216035,216035,216036,1,0
216035,216035,216037,2,0
216035,216035,216036,1,0
216035,216035,216037,2,0
216035,216035,216037,2,0
216035,216035,216037,2,0
216035,216035,216037,2,0
216035,216035,216036,1,0
216035,216035,216037,2,0
216035,216035,216037,2,0
216035,216035,216037,2,0
216035,216035,216037,2,0
216035,216035,216037,2,0
216035,216035,216037,2,0
216035,216035,216037,2,0
216035,216035,216037,2,0
216035,216035,216037,2,0
216035,216035,216037,2,0
216035,216035,216037,2,0
216035,216035,216037,2,0
216035,216035,216037,2,0
216035,216035,216037,2,0
216035,216035,216037,2,0
216018,216018,216071,53,0
216019,216019,216072,53,0
216073,216073,216074,1,0
216073,216073,216074,1,0
216073,216073,216074,1,0
216073,216073,216074,1,0
216073,216073,216075,2,0
216073,216073,216075,2,0
216073,216073,216075,2,0
216073,216073,216075,2,0
216073,216073,216074,1,0
216073,216073,216074,1,0
216073,216074,216075,1,1
216073,216073,216074,1,0
216073,216073,216074,1,0
216020,216020,216075,55,0
216025,216025,216075,50,0
216073,216073,216075,2,0
216073,216073,216075,2,0
216073,216073,216075,2,0
216024,216024,216075,51,0
216073,216074,216075,1,1
216073,216074,216075,1,1
216073,216074,216075,1,1
216073,216073,216075,2,0
216073,216073,216075,2,0
216073,216073,216075,2,0
216073,216073,216075,2,0
216073,216073,216075,2,0
216075,216075,216076,1,0
216073,216073,216075,2,0
216075,216075,216076,1,0
216073,216073,216075,2,0
216073,216075,216077,2,2
216075,216075,216076,1,0
216075,216075,216076,1,0
216075,216075,216077,2,0
216075,216075,216077,2,0
216075,216075,216077,2,0
216075,216075,216076,1,0
216075,216075,216077,2,0
216075,216075,216076,1,0
216075,216075,216077,2,0
216075,216075,216077,2,0
216075,216075,216077,2,0
216075,216075,216077,2,0
216075,216075,216077,2,0
216075,216075,216077,2,0
216075,216075,216077,2,0
216075,216075,216077,2,0
216075,216075,216077,2,0
216075,216075,216077,2,0
216075,216075,216077,2,0
216075,216075,216077,2,0
216075,216075,216077,2,0
216075,216075,216077,2,0
216073,216073,216075,2,0
216073,216073,216075,2,0
216075,216075,216077,2,0
216075,216075,216077,2,0
216075,216075,216077,2,0
216075,216075,216077,2,0
216073,216075,216077,2,2
216073,216075,216077,2,2
216075,216077,216078,1,2
216075,216077,216079,2,2
216077,216077,216078,1,0
216077,216077,216078,1,0
216077,216077,216078,1,0
216077,216078,216079,1,1
216077,216077,216079,2,0
216021,216021,216079,58,0
216077,216077,216079,2,0
216077,216077,216079,2,0
216078,216078,216079,1,0
216078,216078,216079,1,0
216077,216077,216080,3,0
216077,216077,216079,2,0
216077,216078,216079,1,1
216077,216078,216079,1,1
216078,216078,216079,1,0
216077,216077,216079,2,0
216077,216077,216080,3,0
216077,216078,216079,1,1
216078,216078,216079,1,0
216078,216078,216080,2,0
216078,216078,216079,1,0
216077,216077,216079,2,0
216077,216078,216079,1,1
216077,216078,216080,2,1
216077,216078,216079,1,1
216078,216078,216079,1,0
216078,216078,216080,2,0
216077,216077,216080,3,0
216077,216078,216079,1,1
216077,216078,216079,1,1
216077,216078,216079,1,1
216078,216078,216079,1,0
216078,216078,216080,2,0
216077,216078,216080,2,1
216077,216078,216079,1,1
216077,216078,216079,1,1
216077,216078,216079,1,1
216078,216078,216079,1,0
216077,216078,216080,2,1
216077,216078,216079,1,1
216077,216078,216080,2,1
216078,216078,216079,1,0
216078,216078,216080,2,0
216078,216078,216079,1,0
216078,216078,216080,2,0
216077,216078,216079,1,1
216077,216078,216080,2,1
216077,216078,216079,1,1
216077,216078,216079,1,1
216078,216078,216079,1,0
216078,216078,216080,2,0
216078,216078,216080,2,0
216078,216078,216080,2,0
216078,216078,216080,2,0
216078,216079,216080,1,1
216078,216079,216080,1,1
216078,216079,216080,1,1
216078,216079,216080,1,1
216078,216078,216080,2,0
216078,216078,216080,2,0
216078,216079,216080,1,1
216078,216079,216081,2,1
216073,216073,216081,8,0
216075,216075,216080,5,0
216078,216079,216080,1,1
216078,216079,216080,1,1
216078,216080,216081,1,2
216078,216079,216080,1,1
216078,216079,216081,2,1
216080,216080,216081,1,0
216073,216073,216081,8,0
216073,216073,216081,8,0
216078,216080,216081,1,2
216080,216081,216082,1,1
216029,216029,216082,53,0
216080,216081,216082,1,1
216080,216081,216082,1,1
216080,216081,216082,1,1
216080,216081,216082,1,1
216080,216081,216082,1,1
216080,216081,216082,1,1
216080,216081,216082,1,1
216080,216081,216082,1,1
216080,216081,216083,2,1
216080,216081,216082,1,1
216080,216081,216082,1,1
216080,216081,216082,1,1
216080,216081,216082,1,1
216080,216081,216082,1,1
216080,216081,216082,1,1
216080,216081,216083,2,1
216080,216081,216082,1,1
216080,216081,216082,1,1
216080,216081,216082,1,1
216080,216081,216082,1,1
216080,216081,216083,2,1
216080,216081,216082,1,1
216022,216022,216084,62,0
216080,216081,216083,2,1
216080,216081,216083,2,1
216080,216081,216083,2,1
216080,216081,216083,2,1
216080,216081,216083,2,1
216080,216081,216083,2,1
216080,216081,216083,2,1
216080,216081,216083,2,1
216080,216081,216083,2,1
216026,216026,216090,64,0
216033,216033,216090,57,0
216031,216031,216094,63,0
216058,216058,216107,49,0
216113,216113,216114,1,0
216113,216113,216114,1,0
216113,216113,216114,1,0
216113,216113,216114,1,0
216113,216113,216114,1,0
216113,216113,216114,1,0
216113,216113,216114,1,0
216113,216113,216114,1,0
216113,216114,216115,1,1
216113,216114,216115,1,1
216113,216114,216115,1,1
216113,216114,216115,1,1
216113,216114,216115,1,1
216113,216114,216115,1,1
216113,216113,216115,2,0
216113,216113,216115,2,0
216113,216113,216115,2,0
216113,216113,216115,2,0
216113,216113,216115,2,0
216113,216113,216115,2,0
216113,216114,216116,2,1
216113,216113,216115,2,0
216113,216113,216115,2,0
216113,216114,216115,1,1
216113,216113,216115,2,0
216113,216113,216115,2,0
216113,216114,216115,1,1
216113,216114,216115,1,1
216113,216113,216115,2,0
216113,216113,216115,2,0
216113,216113,216115,2,0
216113,216114,216115,1,1
216113,216113,216115,2,0
216113,216113,216115,2,0
216113,216114,216115,1,1
216113,216114,216116,2,1
216113,216114,216116,2,1
216114,216115,216116,1,1
216113,216113,216115,2,0
216113,216113,216115,2,0
216113,216113,216115,2,0
216113,216114,216115,1,1
216113,216114,216115,1,1
216113,216114,216116,2,1
216113,216113,216115,2,0
216113,216113,216115,2,0
216113,216113,216115,2,0
216113,216114,216115,1,1
216113,216114,216116,2,1
216113,216114,216116,2,1
216113,216113,216115,2,0
216113,216113,216115,2,0
216113,216114,216116,2,1
216113,216114,216116,2,1
216036,216036,216116,80,0
216113,216114,216116,2,1
216113,216114,216116,2,1
216113,216114,216116,2,1
216113,216114,216116,2,1
216113,216114,216116,2,1
216113,216114,216116,2,1
216113,216114,216116,2,1
216113,216114,216116,2,1
216114,216114,216116,2,0
216114,216114,216116,2,0
216113,216114,216116,2,1
216113,216114,216116,2,1
216114,216115,216116,1,1
216113,216114,216116,2,1
216114,216115,216116,1,1
216114,216115,216116,1,1
216114,216115,216116,1,1
216114,216116,216117,1,2
216113,216114,216116,2,1
216113,216114,216116,2,1
216114,216115,216116,1,1
216063,216063,216117,54,0
216114,216115,216116,1,1
216113,216114,216116,2,1
216114,216115,216116,1,1
216113,216114,216116,2,1
216114,216115,216117,2,1
216114,216116,216117,1,2
216114,216116,216117,1,2
216114,216116,216117,1,2
216114,216116,216118,2,2
216114,216116,216118,2,2
216034,216034,216117,83,0
216114,216116,216118,2,2
216114,216116,216118,2,2
216114,216116,216118,2,2
216114,216116,216118,2,2
216114,216116,216118,2,2
216114,216116,216118,2,2
216114,216116,216117,1,2
216114,216116,216117,1,2
216114,216116,216118,2,2
216114,216116,216118,2,2
216114,216116,216118,2,2
216114,216116,216118,2,2
216114,216116,216118,2,2
216114,216116,216117,1,2
216114,216116,216118,2,2
216114,216116,216118,2,2
216114,216116,216118,2,2
216114,216116,216117,1,2
216114,216116,216118,2,2
216114,216116,216118,2,2
216114,216116,216118,2,2
216114,216116,216117,1,2
216114,216116,216117,1,2
216114,216116,216118,2,2
216114,216116,216118,2,2
216114,216116,216118,2,2
216114,216116,216118,2,2
216114,216116,216118,2,2
216114,216116,216117,1,2
216114,216116,216118,2,2
216114,216116,216118,2,2
216114,216116,216118,2,2
216114,216117,216119,2,3
216114,216117,216119,2,3
216114,216117,216119,2,3
216114,216117,216119,2,3
216114,216117,216119,2,3
216114,216117,216119,2,3
216114,216117,216119,2,3
216114,216117,216118,1,3
216114,216117,216118,1,3
216114,216117,216119,2,3
216114,216117,216119,2,3
216114,216117,216119,2,3
216114,216116,216118,2,2
216114,216116,216118,2,2
216114,216116,216118,2,2
216114,216116,216118,2,2
216114,216116,216118,2,2
216114,216116,216118,2,2
216114,216116,216118,2,2
216030,216030,216122,92,0
216039,216039,216128,89,0
216057,216057,216129,72,0
216062,216062,216130,68,0
216081,216081,216131,50,0
216060,216060,216131,71,0
216076,216076,216138,62,0
216175,216176,216177,1,1
216175,216176,216177,1,1
216175,216176,216177,1,1
216175,216176,216177,1,1
216175,216176,216177,1,1
216175,216176,216177,1,1
216175,216176,216178,2,1
216175,216176,216178,2,1
216176,216176,216178,2,0
216176,216176,216178,2,0
216176,216176,216178,2,0
216176,216176,216178,2,0
216175,216176,216177,1,1
216175,216176,216177,1,1
216176,216176,216177,1,0
216176,216176,216178,2,0
216176,216176,216178,2,0
216175,216176,216177,1,1
216175,216176,216178,2,1
216175,216176,216177,1,1
216176,216176,216177,1,0
216176,216176,216178,2,0
216176,216176,216178,2,0
216176,216176,216178,2,0
216175,216176,216177,1,1
216175,216176,216178,2,1
216176,216176,216178,2,0
216176,216176,216178,2,0
216176,216176,216178,2,0
216176,216176,216178,2,0
216175,216176,216177,1,1
216175,216176,216177,1,1
216176,216176,216178,2,0
216176,216176,216178,2,0
216176,216176,216178,2,0
216176,216176,216178,2,0
216176,216176,216178,2,0
216175,216176,216177,1,1
216175,216176,216178,2,1
216176,216176,216177,1,0
216176,216176,216178,2,0
216176,216176,216178,2,0
216176,216176,216177,1,0
216175,216176,216177,1,1
216175,216176,216178,2,1
216176,216176,216178,2,0
216176,216176,216178,2,0
216176,216176,216178,2,0
216176,216176,216178,2,0
216176,216176,216178,2,0
216175,216176,216178,2,1
216175,216176,216178,2,1
216176,216176,216178,2,0
216176,216176,216178,2,0
216176,216176,216178,2,0
216176,216176,216178,2,0
216176,216176,216178,2,0
216175,216176,216178,2,1
216175,216176,216178,2,1
216176,216176,216178,2,0
216176,216176,216178,2,0
216176,216176,216178,2,0
216176,216176,216177,1,0
216176,216176,216178,2,0
216175,216176,216177,1,1
216175,216176,216178,2,1
216176,216176,216177,1,0
216176,216176,216178,2,0
216176,216176,216178,2,0
216176,216176,216178,2,0
216176,216176,216178,2,0
216176,216176,216178,2,0
216176,216176,216178,2,0
216176,216177,216179,2,1
216176,216177,216179,2,1
216176,216178,216179,1,2
216176,216177,216179,2,1
216176,216177,216179,2,1
216176,216178,216179,1,2
216176,216177,216179,2,1
216176,216177,216179,2,1
216176,216177,216179,2,1
216176,216177,216179,2,1
216176,216178,216179,1,2
216176,216178,216179,1,2
216176,216178,216180,2,2
216176,216177,216179,2,1
216176,216177,216179,2,1
216176,216177,216179,2,1
216176,216177,216179,2,1
216176,216177,216179,2,1
216176,216178,216180,2,2
216176,216178,216180,2,2
216176,216178,216180,2,2
216176,216178,216180,2,2
216176,216178,216180,2,2
216176,216178,216180,2,2
216176,216178,216180,2,2
216176,216178,216180,2,2
216176,216178,216180,2,2
216176,216178,216180,2,2
216176,216178,216180,2,2
216176,216178,216180,2,2
216176,216178,216180,2,2
216176,216178,216180,2,2
216176,216178,216180,2,2
216176,216178,216180,2,2
216176,216178,216180,2,2
216176,216178,216180,2,2
216176,216178,216180,2,2
216176,216178,216180,2,2
216176,216178,216180,2,2
216176,216178,216180,2,2
216176,216178,216180,2,2
216176,216178,216181,3,2
216176,216178,216180,2,2
216176,216178,216180,2,2
216176,216178,216180,2,2
216176,216178,216181,3,2
216176,216178,216180,2,2
216176,216178,216180,2,2
216176,216178,216181,3,2
216176,216178,216180,2,2
216176,216178,216180,2,2
216176,216179,216180,1,3
216176,216179,216181,2,3
216176,216179,216181,2,3
216176,216178,216181,3,2
216176,216178,216181,3,2
216176,216178,216181,3,2
216176,216178,216181,3,2
216176,216180,216181,1,4
216176,216179,216181,2,3
216176,216180,216182,2,4
216176,216180,216181,1,4
216176,216180,216181,1,4
216176,216178,216181,3,2
216176,216178,216181,3,2
216176,216178,216181,3,2
216176,216180,216181,1,4
216176,216180,216181,1,4
216176,216178,216181,3,2
216176,216178,216181,3,2
216176,216178,216181,3,2
216176,216180,216181,1,4
216176,216180,216182,2,4
216176,216180,216181,1,4
216176,216178,216181,3,2
216176,216178,216181,3,2
216176,216180,216182,2,4
216176,216180,216181,1,4
216176,216180,216181,1,4
216176,216179,216181,2,3
216176,216179,216181,2,3
216176,216179,216181,2,3
216176,216180,216181,1,4
216176,216179,216181,2,3
216176,216179,216181,2,3
216176,216179,216182,3,3
216176,216179,216181,2,3
216176,216180,216181,1,4
216176,216178,216181,3,2
216176,216179,216181,2,3
216176,216179,216181,2,3
216176,216180,216181,1,4
216176,216180,216181,1,4
216176,216181,216182,1,5
216176,216179,216181,2,3
216176,216179,216181,2,3
216176,216179,216181,2,3
216176,216180,216181,1,4
216176,216181,216183,2,5
216176,216181,216183,2,5
216176,216181,216182,1,5
216176,216181,216183,2,5
216176,216181,216183,2,5
216176,216181,216183,2,5
216176,216181,216182,1,5
216176,216181,216182,1,5
216176,216181,216182,1,5
216176,216181,216182,1,5
216176,216181,216182,1,5
216176,216181,216182,1,5
216176,216181,216182,1,5
216176,216181,216183,2,5
216176,216181,216182,1,5
216176,216181,216182,1,5
216176,216181,216182,1,5
216176,216181,216182,1,5
216176,216181,216182,1,5
216176,216181,216182,1,5
216176,216181,216182,1,5
216176,216181,216182,1,5
216176,216181,216182,1,5
216176,216181,216182,1,5
216176,216181,216182,1,5
216176,216181,216182,1,5
216176,216181,216182,1,5
216176,216181,216182,1,5
216176,216180,216183,3,4
216176,216180,216183,3,4
216176,216180,216183,3,4
216176,216180,216183,3,4
216176,216180,216183,3,4
216176,216180,216183,3,4
216176,216181,216183,2,5
216176,216181,216183,2,5
216176,216182,216183,1,6
216176,216182,216183,1,6
216176,216182,216183,1,6
216176,216182,216184,2,6
216176,216182,216184,2,6
216176,216182,216183,1,6
216176,216182,216184,2,6
216176,216182,216183,1,6
216176,216182,216183,1,6
216176,216182,216184,2,6
216176,216182,216184,2,6
216176,216182,216184,2,6
216176,216182,216183,1,6
216176,216182,216184,2,6
216176,216182,216184,2,6
216176,216182,216184,2,6
216176,216182,216184,2,6
216176,216182,216184,2,6
216176,216182,216184,2,6
216176,216182,216184,2,6
216176,216182,216184,2,6
216176,216182,216184,2,6
216176,216182,216184,2,6
216177,216182,216238,56,5
216256,216256,216257,1,0
216256,216256,216257,1,0
216256,216256,216257,1,0
216256,216256,216257,1,0
216256,216256,216257,1,0
216256,216256,216257,1,0
216256,216256,216257,1,0
216256,216256,216257,1,0
216256,216256,216258,2,0
216256,216256,216258,2,0
216256,216256,216258,2,0
216256,216256,216258,2,0
216256,216256,216258,2,0
216256,216256,216258,2,0
216256,216256,216258,2,0
216256,216256,216258,2,0
216256,216256,216258,2,0
216256,216256,216258,2,0
216256,216256,216258,2,0
216256,216256,216258,2,0
216256,216256,216258,2,0
216256,216256,216258,2,0
216256,216256,216258,2,0
216256,216256,216258,2,0
216256,216256,216258,2,0
216256,216256,216258,2,0
216256,216256,216258,2,0
216256,216256,216258,2,0
216256,216256,216258,2,0
216256,216256,216258,2,0
216256,216256,216258,2,0
216256,216256,216258,2,0
216256,216256,216258,2,0
216256,216256,216258,2,0
216256,216256,216258,2,0
216256,216256,216258,2,0
216256,216256,216258,2,0
216256,216256,216258,2,0
216256,216256,216258,2,0
216256,216256,216258,2,0
216256,216256,216258,2,0
216256,216256,216258,2,0
216256,216256,216258,2,0
216256,216256,216258,2,0
216256,216256,216258,2,0
216256,216256,216258,2,0
216256,216256,216258,2,0
216256,216256,216258,2,0
216256,216256,216258,2,0
216256,216256,216258,2,0
216256,216256,216259,3,0
216256,216256,216259,3,0
216256,216256,216259,3,0
216256,216256,216259,3,0
216256,216256,216259,3,0
216256,216256,216259,3,0
216256,216256,216259,3,0
216256,216256,216259,3,0
216256,216256,216259,3,0
216256,216258,216259,1,2
216256,216256,216259,3,0
216256,216256,216259,3,0
216256,216256,216259,3,0
216256,216259,216260,1,3
216256,216256,216259,3,0
216256,216256,216259,3,0
216256,216256,216259,3,0
216256,216259,216260,1,3
216256,216256,216259,3,0
216256,216256,216259,3,0
216256,216256,216259,3,0
216256,216258,216259,1,2
216256,216256,216259,3,0
216256,216256,216259,3,0
216256,216258,216259,1,2
216256,216258,216260,2,2
216256,216256,216259,3,0
216256,216256,216259,3,0
216256,216258,216260,2,2
216256,216256,216259,3,0
216256,216256,216259,3,0
216256,216256,216259,3,0
216256,216258,216259,1,2
216256,216256,216259,3,0
216256,216256,216259,3,0
216256,216256,216259,3,0
216256,216259,216260,1,3
216256,216256,216259,3,0
216256,216256,216259,3,0
216256,216258,216259,1,2
216256,216259,216261,2,3
216256,216259,216261,2,3
216256,216259,216260,1,3
216256,216259,216260,1,3
216256,216259,216260,1,3
216256,216259,216260,1,3
216256,216259,216261,2,3
216256,216259,216260,1,3
216256,216259,216260,1,3
216256,216259,216260,1,3
216256,216259,216261,2,3
216256,216259,216260,1,3
216256,216259,216261,2,3
216256,216259,216260,1,3
216256,216258,216260,2,2
216256,216259,216261,2,3
216256,216259,216260,1,3
216256,216259,216261,2,3
216256,216259,216261,2,3
216256,216259,216261,2,3
216256,216259,216261,2,3
216256,216259,216260,1,3
216256,216259,216261,2,3
216256,216259,216261,2,3
216256,216259,216261,2,3
216256,216259,216260,1,3
216256,216259,216261,2,3
216256,216259,216261,2,3
216256,216259,216260,1,3
216256,216259,216261,2,3
216256,216259,216260,1,3
216256,216259,216261,2,3
216256,216260,216261,1,4
216256,216260,216261,1,4
216256,216260,216261,1,4
216256,216259,216261,2,3
216256,216259,216261,2,3
216256,216260,216261,1,4
216256,216260,216261,1,4
216256,216259,216261,2,3
216256,216259,216261,2,3
216256,216259,216261,2,3
216256,216259,216261,2,3
216256,216259,216261,2,3
216256,216259,216261,2,3
216332,216332,216334,2,0
216332,216333,216334,1,1
216332,216332,216333,1,0
216332,216332,216333,1,0
216332,216332,216334,2,0
216332,216332,216333,1,0
216332,216332,216334,2,0
216332,216332,216334,2,0
216332,216332,216333,1,0
216332,216332,216333,1,0
216332,216332,216333,1,0
216332,216332,216334,2,0
216332,216332,216334,2,0
216332,216333,216334,1,1
216332,216333,216335,2,1
216332,216332,216334,2,0
216332,216332,216334,2,0
216332,216333,216335,2,1
216332,216333,216334,1,1
216332,216333,216334,1,1
216332,216332,216334,2,0
216332,216332,216334,2,0
216332,216332,216334,2,0
216332,216333,216334,1,1
216332,216333,216335,2,1
216332,216333,216335,2,1
216332,216332,216334,2,0
216332,216333,216334,1,1
216332,216333,216334,1,1
216332,216332,216334,2,0
216332,216332,216334,2,0
216332,216333,216334,1,1
216332,216333,216334,1,1
216332,216332,216334,2,0
216332,216332,216334,2,0
216332,216333,216334,1,1
216332,216333,216335,2,1
216332,216333,216334,1,1
216332,216332,216335,3,0
216332,216332,216334,2,0
216332,216332,216334,2,0
216332,216333,216334,1,1
216332,216333,216335,2,1
216332,216332,216334,2,0
216332,216332,216334,2,0
216332,216333,216334,1,1
216332,216333,216335,2,1
216332,216333,216334,1,1
216332,216333,216334,1,1
216332,216332,216334,2,0
216332,216332,216334,2,0
216332,216332,216334,2,0
216332,216333,216334,1,1
216332,216333,216335,2,1
216332,216333,216335,2,1
216332,216332,216334,2,0
216332,216332,216334,2,0
216332,216332,216334,2,0
216332,216333,216334,1,1
216332,216333,216335,2,1
216332,216333,216335,2,1
216332,216332,216335,3,0
216332,216333,216335,2,1
216332,216333,216335,2,1
216332,216333,216335,2,1
216332,216333,216335,2,1
216332,216333,216335,2,1
216332,216333,216335,2,1
216378,216378,216379,1,0
216378,216378,216379,1,0
216378,216378,216379,1,0
216333,216333,216378,45,0
216378,216378,216379,1,0
216378,216378,216379,1,0
216378,216378,216379,1,0
216378,216378,216380,2,0
216378,216378,216380,2,0
216378,216378,216379,1,0
216378,216378,216380,2,0
216378,216378,216379,1,0
216378,216378,216380,2,0
216378,216378,216380,2,0
216378,216378,216380,2,0
216378,216378,216380,2,0
216378,216378,216379,1,0
216378,216378,216380,2,0
216378,216378,216380,2,0
216378,216378,216380,2,0
216378,216378,216380,2,0
216378,216378,216380,2,0
216378,216378,216380,2,0
216378,216378,216380,2,0
216378,216378,216380,2,0
216378,216378,216380,2,0
216378,216378,216380,2,0
216378,216378,216380,2,0
216378,216378,216380,2,0
216378,216378,216380,2,0
216378,216378,216380,2,0
216378,216378,216380,2,0
216378,216378,216380,2,0
216378,216378,216380,2,0
216378,216378,216380,2,0
216409,216409,216410,1,0
216409,216409,216410,1,0
216409,216409,216410,1,0
216409,216409,216410,1,0
216409,216409,216410,1,0
216409,216409,216410,1,0
216409,216409,216410,1,0
216409,216409,216410,1,0
216409,216409,216410,1,0
216409,216409,216411,2,0
216409,216409,216410,1,0
216409,216409,216410,1,0
216409,216409,216411,2,0
216409,216409,216411,2,0
216409,216409,216411,2,0
216409,216409,216411,2,0
216409,216409,216411,2,0
216409,216409,216410,1,0
216409,216409,216411,2,0
216409,216409,216411,2,0
216409,216409,216411,2,0
216409,216409,216410,1,0
216409,216409,216411,2,0
216409,216409,216411,2,0
216409,216409,216410,1,0
216409,216409,216411,2,0
216409,216409,216411,2,0
216409,216409,216411,2,0
216409,216409,216411,2,0
216409,216409,216411,2,0
216409,216409,216411,2,0
216409,216409,216411,2,0
216409,216409,216411,2,0
216409,216409,216411,2,0
216378,216378,216438,60,0
216441,216441,216442,1,0
216441,216441,216442,1,0
216441,216441,216443,2,0
216441,216441,216443,2,0
216441,216441,216442,1,0
216441,216441,216442,1,0
216441,216441,216442,1,0
216441,216441,216442,1,0
216441,216441,216442,1,0
216441,216441,216443,2,0
216441,216441,216442,1,0
216441,216441,216442,1,0
216441,216441,216443,2,0
216441,216441,216443,2,0
216441,216441,216442,1,0
216441,216441,216442,1,0
216441,216441,216443,2,0
216441,216441,216443,2,0
216441,216441,216443,2,0
216441,216441,216443,2,0
216441,216441,216442,1,0
216441,216441,216443,2,0
216441,216441,216443,2,0
216441,216441,216442,1,0
216441,216441,216443,2,0
216441,216441,216443,2,0
216441,216441,216442,1,0
216441,216441,216443,2,0
216441,216441,216442,1,0
216441,216441,216443,2,0
216441,216441,216443,2,0
216409,216410,216481,71,1
216483,216483,216484,1,0
216483,216483,216484,1,0
216483,216483,216484,1,0
216483,216483,216484,1,0
216483,216483,216484,1,0
216483,216483,216485,2,0
216483,216483,216485,2,0
216483,216483,216485,2,0
216483,216483,216485,2,0
216483,216483,216484,1,0
216483,216483,216485,2,0
216483,216483,216484,1,0
216483,216483,216485,2,0
216483,216483,216485,2,0
216483,216483,216485,2,0
216483,216483,216485,2,0
216483,216483,216485,2,0
216483,216483,216485,2,0
216483,216483,216484,1,0
216483,216483,216484,1,0
216483,216483,216485,2,0
216483,216483,216485,2,0
216483,216483,216485,2,0
216483,216483,216485,2,0
216483,216483,216485,2,0
216483,216483,216485,2,0
216483,216483,216485,2,0
216483,216483,216485,2,0
216483,216483,216485,2,0
216483,216483,216485,2,0
216483,216483,216485,2,0
216483,216483,216485,2,0
216483,216483,216485,2,0
216483,216483,216485,2,0
216441,216441,216488,47,0
216504,216504,216505,1,0
216504,216504,216505,1,0
216504,216504,216505,1,0
216504,216504,216506,2,0
216504,216504,216506,2,0
216504,216504,216505,1,0
216504,216504,216505,1,0
216504,216504,216506,2,0
216504,216504,216506,2,0
216504,216504,216506,2,0
216504,216504,216505,1,0
216504,216504,216506,2,0
216504,216504,216505,1,0
216504,216504,216506,2,0
216504,216504,216505,1,0
216504,216504,216506,2,0
216504,216504,216506,2,0
216504,216504,216506,2,0
216504,216504,216505,1,0
216504,216504,216506,2,0
216504,216504,216505,1,0
216504,216504,216506,2,0
216504,216504,216506,2,0
216504,216504,216506,2,0
216504,216504,216506,2,0
216504,216504,216506,2,0
216504,216504,216507,3,0
216504,216504,216506,2,0
216504,216504,216506,2,0
216504,216504,216506,2,0
216504,216504,216508,4,0
216459,216459,216521,62,0
216526,216526,216527,1,0
216475,216475,216526,51,0
216526,216526,216527,1,0
216526,216526,216527,1,0
216526,216526,216527,1,0
216526,216526,216527,1,0
216526,216526,216528,2,0
216526,216526,216528,2,0
216526,216526,216528,2,0
216526,216526,216527,1,0
216526,216526,216528,2,0
216526,216526,216528,2,0
216526,216526,216528,2,0
216526,216526,216528,2,0
216478,216478,216527,49,0
216526,216526,216528,2,0
216526,216526,216528,2,0
216526,216526,216528,2,0
216526,216526,216528,2,0
216526,216526,216528,2,0
216528,216528,216529,1,0
216526,216526,216528,2,0
216526,216526,216528,2,0
216528,216528,216529,1,0
216526,216526,216528,2,0
216526,216526,216528,2,0
216528,216528,216529,1,0
216526,216526,216528,2,0
216526,216526,216528,2,0
216526,216526,216528,2,0
216528,216528,216529,1,0
216526,216526,216528,2,0
216526,216526,216528,2,0
216528,216528,216529,1,0
216526,216526,216528,2,0
216528,216528,216529,1,0
216528,216528,216530,2,0
216528,216528,216530,2,0
216528,216528,216530,2,0
216528,216528,216530,2,0
216528,216528,216530,2,0
216528,216528,216529,1,0
216528,216528,216530,2,0
216528,216528,216530,2,0
216528,216528,216530,2,0
216528,216528,216530,2,0
216528,216528,216530,2,0
216528,216528,216530,2,0
216528,216528,216529,1,0
216528,216528,216530,2,0
216528,216528,216530,2,0
216528,216528,216530,2,0
216528,216528,216530,2,0
216528,216528,216530,2,0
216528,216528,216530,2,0
216528,216528,216530,2,0
216526,216526,216528,2,0
216526,216526,216528,2,0
216528,216528,216530,2,0
216530,216530,216531,1,0
216530,216530,216531,1,0
216530,216530,216531,1,0
216528,216528,216530,2,0
216528,216528,216530,2,0
216530,216530,216531,1,0
216528,216528,216530,2,0
216530,216530,216531,1,0
216528,216528,216530,2,0
216530,216530,216531,1,0
216530,216530,216532,2,0
216530,216530,216532,2,0
216530,216530,216532,2,0
216530,216530,216531,1,0
216530,216530,216532,2,0
216530,216530,216532,2,0
216530,216530,216532,2,0
216530,216530,216532,2,0
216530,216530,216532,2,0
216530,216530,216532,2,0
216530,216530,216532,2,0
216530,216530,216532,2,0
216530,216530,216532,2,0
216530,216530,216532,2,0
216530,216530,216532,2,0
216530,216530,216532,2,0
216530,216530,216532,2,0
216530,216530,216532,2,0
216530,216530,216532,2,0
216530,216530,216532,2,0
216530,216530,216532,2,0
216530,216530,216532,2,0
216530,216530,216532,2,0
216530,216530,216531,1,0
216530,216530,216532,2,0
216530,216530,216532,2,0
216530,216530,216532,2,0
216530,216530,216532,2,0
216528,216531,216532,1,3
216528,216531,216532,1,3
216482,216482,216533,51,0
216480,216480,216534,54,0
216476,216476,216534,58,0
216526,216526,216535,9,0
216526,216526,216535,9,0
216526,216526,216535,9,0
216526,216526,216535,9,0
216549,216550,216551,1,1
216549,216550,216551,1,1
216549,216550,216551,1,1
216550,216550,216551,1,0
216550,216550,216551,1,0
216549,216550,216552,2,1
216550,216550,216551,1,0
216549,216550,216552,2,1
216549,216550,216552,2,1
216549,216550,216551,1,1
216550,216550,216552,2,0
216549,216550,216552,2,1
216549,216550,216552,2,1
216549,216550,216551,1,1
216550,216550,216552,2,0
216549,216550,216552,2,1
216549,216550,216552,2,1
216550,216550,216551,1,0
216550,216550,216552,2,0
216549,216550,216552,2,1
216549,216550,216551,1,1
216550,216550,216552,2,0
216550,216550,216552,2,0
216549,216550,216552,2,1
216550,216550,216551,1,0
216550,216550,216552,2,0
216550,216550,216552,2,0
216549,216550,216552,2,1
216549,216550,216552,2,1
216550,216550,216552,2,0
216550,216550,216552,2,0
216549,216550,216552,2,1
216550,216550,216552,2,0
216550,216550,216552,2,0
216550,216550,216552,2,0
216549,216550,216552,2,1
216549,216550,216552,2,1
216550,216550,216552,2,0
216550,216550,216552,2,0
216550,216550,216552,2,0
216549,216550,216552,2,1
216549,216550,216552,2,1
216550,216550,216552,2,0
216550,216550,216552,2,0
216549,216550,216552,2,1
216550,216550,216552,2,0
216549,216550,216552,2,1
216550,216550,216552,2,0
216549,216550,216552,2,1
216550,216550,216552,2,0
216550,216550,216552,2,0
216550,216550,216552,2,0
216550,216550,216552,2,0
216549,216550,216552,2,1
216549,216550,216552,2,1
216550,216550,216552,2,0
216550,216550,216552,2,0
216549,216550,216552,2,1
216549,216550,216552,2,1
216550,216550,216552,2,0
216550,216550,216552,2,0
216550,216550,216552,2,0
216481,216481,216553,72,0
216506,216506,216556,50,0
216485,216485,216557,72,0
216486,216486,216570,84,0
216507,216507,216577,70,0
216582,216582,216583,1,0
216582,216582,216583,1,0
216582,216582,216583,1,0
216582,216582,216583,1,0
216582,216582,216583,1,0
216582,216582,216583,1,0
216527,216527,216583,56,0
216582,216582,216584,2,0
216582,216582,216584,2,0
216582,216582,216584,2,0
216582,216582,216583,1,0
216582,216582,216584,2,0
216582,216582,216584,2,0
216582,216582,216584,2,0
216582,216582,216583,1,0
216582,216582,216584,2,0
216582,216582,216584,2,0
216582,216582,216584,2,0
216582,216582,216583,1,0
216582,216582,216584,2,0
216582,216582,216584,2,0
216582,216582,216584,2,0
216582,216582,216584,2,0
216582,216582,216584,2,0
216582,216582,216584,2,0
216582,216582,216583,1,0
216582,216582,216583,1,0
216582,216582,216584,2,0
216582,216582,216584,2,0
216582,216582,216584,2,0
216582,216582,216583,1,0
216582,216582,216584,2,0
216582,216583,216584,1,1
216582,216582,216584,2,0
216582,216582,216584,2,0
216582,216582,216583,1,0
216582,216582,216584,2,0
216582,216582,216584,2,0
216582,216582,216584,2,0
216582,216582,216583,1,0
216582,216582,216584,2,0
216582,216582,216584,2,0
216582,216582,216584,2,0
216582,216582,216584,2,0
216582,216582,216584,2,0
216582,216582,216584,2,0
216582,216582,216584,2,0
216582,216582,216584,2,0
216582,216582,216584,2,0
216582,216582,216584,2,0
216582,216583,216584,1,1
216582,216582,216584,2,0
216582,216582,216584,2,0
216582,216582,216584,2,0
216582,216582,216583,1,0
216582,216582,216584,2,0
216582,216582,216584,2,0
216582,216582,216583,1,0
216582,216582,216584,2,0
216582,216582,216584,2,0
216582,216582,216584,2,0
216582,216582,216583,1,0
216582,216582,216584,2,0
216582,216582,216584,2,0
216582,216582,216584,2,0
216582,216582,216584,2,0
216582,216582,216584,2,0
216582,216582,216584,2,0
216582,216582,216584,2,0
216582,216582,216584,2,0
216582,216582,216584,2,0
216582,216582,216583,1,0
216582,216582,216584,2,0
216582,216583,216585,2,1
216582,216583,216585,2,1
216582,216583,216584,1,1
216582,216583,216585,2,1
216582,216583,216585,2,1
216582,216583,216585,2,1
216582,216582,216584,2,0
216582,216582,216584,2,0
216582,216585,216586,1,3
216582,216584,216586,2,2
216582,216585,216586,1,3
216582,216585,216586,1,3
216582,216585,216586,1,3
216582,216585,216586,1,3
216582,216584,216586,2,2
216582,216584,216586,2,2
216582,216584,216587,3,2
216582,216584,216587,3,2
216582,216584,216587,3,2
216582,216584,216587,3,2
216582,216584,216587,3,2
216582,216585,216587,2,3
216582,216585,216587,2,3
216582,216584,216587,3,2
216582,216584,216587,3,2
216582,216584,216587,3,2
216582,216584,216589,5,2
216509,216509,216592,83,0
216532,216532,216595,63,0
216530,216530,216596,66,0
216528,216531,216597,66,3
216550,216550,216604,54,0
216629,216629,216630,1,0
216629,216629,216630,1,0
216629,216629,216630,1,0
216629,216629,216630,1,0
216629,216629,216630,1,0
216629,216629,216630,1,0
216629,216629,216630,1,0
216629,216629,216630,1,0
216629,216629,216630,1,0
216629,216629,216630,1,0
216629,216629,216630,1,0
216629,216629,216630,1,0
216629,216629,216630,1,0
216629,216629,216630,1,0
216629,216629,216630,1,0
216629,216629,216631,2,0
216629,216629,216631,2,0
216629,216629,216630,1,0
216629,216629,216631,2,0
216629,216629,216631,2,0
216629,216629,216631,2,0
216629,216629,216631,2,0
216629,216629,216630,1,0
216629,216629,216631,2,0
216629,216629,216631,2,0
216629,216629,216631,2,0
216629,216629,216631,2,0
216629,216629,216631,2,0
216629,216629,216631,2,0
216629,216629,216631,2,0
216629,216629,216631,2,0
216629,216629,216631,2,0
216629,216629,216631,2,0
216629,216629,216631,2,0
216629,216629,216631,2,0
216629,216629,216631,2,0
216629,216629,216630,1,0
216629,216629,216631,2,0
216629,216629,216631,2,0
216629,216629,216631,2,0
216629,216629,216631,2,0
216629,216629,216630,1,0
216629,216629,216631,2,0
216629,216629,216631,2,0
216629,216629,216631,2,0
216629,216629,216631,2,0
216629,216629,216631,2,0
216629,216629,216631,2,0
216629,216629,216631,2,0
216629,216629,216631,2,0
216629,216629,216631,2,0
216629,216629,216631,2,0
216629,216629,216631,2,0
216629,216629,216631,2,0
216629,216629,216631,2,0
216629,216629,216630,1,0
216629,216629,216631,2,0
216629,216629,216631,2,0
216629,216629,216630,1,0
216629,216629,216631,2,0
216629,216629,216631,2,0
216629,216629,216630,1,0
216629,216629,216631,2,0
216629,216629,216631,2,0
216629,216629,216631,2,0
216629,216629,216631,2,0
216629,216629,216631,2,0
216629,216629,216631,2,0
216629,216629,216630,1,0
216629,216629,216631,2,0
216629,216629,216631,2,0
216629,216629,216631,2,0
216629,216629,216632,3,0
216629,216629,216631,2,0
216629,216629,216631,2,0
216629,216630,216632,2,1
216629,216629,216632,3,0
216629,216630,216632,2,1
216629,216630,216632,2,1
216629,216630,216632,2,1
216629,216629,216632,3,0
216629,216630,216632,2,1
216629,216630,216632,2,1
216629,216632,216633,1,3
216629,216629,216632,3,0
216629,216629,216632,3,0
216629,216630,216632,2,1
216629,216630,216632,2,1
216629,216632,216633,1,3
216629,216630,216632,2,1
216629,216630,216632,2,1
216629,216630,216632,2,1
216629,216630,216632,2,1
216629,216630,216632,2,1
216629,216632,216633,1,3
216629,216630,216632,2,1
216629,216631,216633,2,2
216629,216631,216633,2,2
216629,216631,216633,2,2
216629,216631,216633,2,2
216629,216631,216633,2,2
216629,216631,216633,2,2
216629,216631,216633,2,2
216629,216632,216633,1,3
216629,216632,216633,1,3
216629,216632,216633,1,3
216629,216632,216633,1,3
216629,216632,216633,1,3
216629,216632,216633,1,3
216629,216632,216633,1,3
216629,216632,216633,1,3
216629,216632,216633,1,3
216629,216632,216634,2,3
216629,216632,216633,1,3
216629,216632,216633,1,3
216629,216632,216633,1,3
216629,216632,216634,2,3
216629,216632,216634,2,3
216629,216632,216634,2,3
216629,216632,216634,2,3
216629,216632,216634,2,3
216629,216632,216633,1,3
216629,216632,216633,1,3
216629,216632,216634,2,3
216629,216632,216633,1,3
216629,216632,216634,2,3
216629,216632,216634,2,3
216629,216632,216634,2,3
216629,216632,216633,1,3
216629,216632,216634,2,3
216629,216632,216634,2,3
216629,216632,216633,1,3
216629,216632,216633,1,3
216629,216632,216633,1,3
216629,216632,216634,2,3
216629,216632,216634,2,3
216629,216632,216633,1,3
216629,216632,216633,1,3
216629,216632,216634,2,3
216629,216632,216633,1,3
216629,216632,216633,1,3
216629,216632,216633,1,3
216629,216633,216634,1,4
216629,216632,216634,2,3
216629,216632,216634,2,3
216629,216632,216633,1,3
216629,216632,216634,2,3
216629,216632,216634,2,3
216629,216633,216634,1,4
216629,216633,216634,1,4
216629,216632,216634,2,3
216629,216633,216634,1,4
216629,216633,216634,1,4
216629,216632,216634,2,3
216629,216633,216634,1,4
216629,216633,216634,1,4
216629,216632,216634,2,3
216629,216632,216634,2,3
216629,216633,216634,1,4
216629,216633,216635,2,4
216629,216633,216634,1,4
216629,216633,216634,1,4
216629,216633,216634,1,4
216629,216633,216634,1,4
216629,216633,216634,1,4
216629,216633,216634,1,4
216629,216632,216634,2,3
216629,216632,216634,2,3
216629,216632,216634,2,3
216583,216585,216636,51,2
216630,216633,216679,46,3
216691,216691,216692,1,0
216691,216691,216692,1,0
216691,216691,216692,1,0
216691,216691,216692,1,0
216691,216691,216692,1,0
216691,216691,216692,1,0
216691,216691,216693,2,0
216691,216691,216694,3,0
216691,216691,216694,3,0
216691,216691,216693,2,0
216691,216692,216693,1,1
216691,216692,216694,2,1
216691,216692,216693,1,1
216692,216692,216693,1,0
216691,216691,216693,2,0
216691,216691,216693,2,0
216691,216692,216693,1,1
216691,216692,216693,1,1
216691,216692,216694,2,1
216692,216692,216693,1,0
216691,216691,216694,3,0
216691,216691,216694,3,0
216691,216691,216693,2,0
216691,216692,216694,2,1
216691,216692,216694,2,1
216691,216692,216693,1,1
216692,216692,216693,1,0
216691,216691,216693,2,0
216691,216691,216694,3,0
216691,216691,216694,3,0
216691,216692,216693,1,1
216691,216692,216694,2,1
216691,216692,216693,1,1
216691,216692,216693,1,1
216691,216691,216694,3,0
216691,216691,216694,3,0
216691,216692,216693,1,1
216691,216692,216694,2,1
216691,216691,216693,2,0
216691,216691,216694,3,0
216691,216691,216694,3,0
216691,216692,216693,1,1
216691,216692,216694,2,1
216691,216692,216693,1,1
216692,216692,216693,1,0
216691,216691,216694,3,0
216691,216691,216694,3,0
216691,216691,216693,2,0
216691,216692,216693,1,1
216691,216692,216694,2,1
216691,216692,216693,1,1
216692,216692,216694,2,0
216691,216691,216694,3,0
216691,216691,216694,3,0
216691,216691,216693,2,0
216691,216692,216693,1,1
216691,216692,216694,2,1
216691,216692,216693,1,1
216692,216692,216693,1,0
216691,216691,216693,2,0
216691,216691,216693,2,0
216691,216691,216693,2,0
216691,216692,216693,1,1
216691,216692,216694,2,1
216691,216692,216694,2,1
216692,216692,216693,1,0
216691,216691,216693,2,0
216691,216691,216693,2,0
216691,216692,216693,1,1
216691,216692,216694,2,1
216691,216692,216694,2,1
216691,216692,216693,1,1
216692,216692,216694,2,0
216691,216692,216694,2,1
216692,216692,216694,2,0
216691,216692,216694,2,1
216691,216692,216694,2,1
216692,216692,216694,2,0
216692,216693,216695,2,1
216692,216692,216694,2,0
216692,216693,216694,1,1
216692,216693,216694,1,1
216692,216693,216694,1,1
216692,216693,216694,1,1
216692,216692,216694,2,0
216692,216693,216694,1,1
216692,216694,216695,1,2
216692,216693,216695,2,1
216692,216694,216695,1,2
216692,216694,216695,1,2
216692,216694,216696,2,2
216692,216694,216695,1,2
216692,216694,216696,2,2
216692,216694,216695,1,2
216692,216694,216696,2,2
216692,216694,216695,1,2
216692,216694,216696,2,2
216692,216694,216695,1,2
216692,216694,216696,2,2
216692,216694,216695,1,2
216692,216695,216697,2,3
216692,216695,216696,1,3
216738,216739,216740,1,1
216738,216739,216740,1,1
216738,216739,216740,1,1
216739,216739,216740,1,0
216739,216739,216741,2,0
216739,216739,216741,2,0
216739,216739,216741,2,0
216738,216739,216740,1,1
216738,216739,216740,1,1
216739,216739,216740,1,0
216739,216739,216741,2,0
216738,216739,216740,1,1
216738,216739,216741,2,1
216738,216739,216740,1,1
216739,216739,216741,2,0
216739,216739,216741,2,0
216739,216739,216741,2,0
216738,216739,216740,1,1
216738,216739,216740,1,1
216738,216739,216740,1,1
216739,216739,216740,1,0
216739,216739,216741,2,0
216738,216739,216740,1,1
216738,216739,216740,1,1
216739,216739,216740,1,0
216739,216739,216741,2,0
216739,216739,216741,2,0
216738,216739,216740,1,1
216738,216739,216740,1,1
216738,216739,216740,1,1
216738,216739,216740,1,1
216738,216739,216740,1,1
216738,216739,216740,1,1
216739,216739,216740,1,0
216739,216739,216741,2,0
216739,216739,216741,2,0
216738,216739,216740,1,1
216738,216739,216740,1,1
216739,216739,216740,1,0
216739,216739,216740,1,0
216738,216739,216740,1,1
216738,216739,216741,2,1
216738,216739,216740,1,1
216739,216739,216740,1,0
216739,216739,216741,2,0
216739,216739,216741,2,0
216739,216739,216740,1,0
216738,216739,216740,1,1
216738,216739,216740,1,1
216739,216739,216740,1,0
216739,216739,216741,2,0
216739,216739,216741,2,0
216739,216739,216741,2,0
216739,216739,216741,2,0
216739,216739,216741,2,0
216739,216739,216741,2,0
216739,216739,216742,3,0
216739,216739,216741,2,0
216739,216739,216741,2,0
216739,216739,216741,2,0
216784,216784,216785,1,0
216784,216784,216785,1,0
216784,216784,216785,1,0
216784,216784,216785,1,0
216784,216784,216785,1,0
216784,216784,216786,2,0
216784,216784,216785,1,0
216784,216784,216785,1,0
216784,216784,216786,2,0
216784,216784,216786,2,0
216784,216784,216785,1,0
216784,216784,216786,2,0
216784,216784,216785,1,0
216784,216784,216786,2,0
216784,216784,216785,1,0
216784,216784,216785,1,0
216784,216784,216786,2,0
216784,216784,216786,2,0
216784,216784,216786,2,0
216784,216784,216785,1,0
216784,216784,216785,1,0
216784,216784,216786,2,0
216784,216784,216786,2,0
216784,216784,216786,2,0
216784,216784,216786,2,0
216784,216784,216785,1,0
216784,216784,216786,2,0
216784,216784,216786,2,0
216784,216784,216786,2,0
216784,216784,216786,2,0
216784,216784,216786,2,0
216784,216784,216785,1,0
216784,216784,216786,2,0
216784,216784,216785,1,0
216739,216739,216787,48,0
216815,216815,216816,1,0
216815,216815,216816,1,0
216815,216815,216816,1,0
216815,216815,216816,1,0
216815,216815,216816,1,0
216815,216815,216816,1,0
216815,216815,216816,1,0
216815,216815,216817,2,0
216815,216815,216816,1,0
216815,216815,216816,1,0
216815,216815,216817,2,0
216815,216815,216817,2,0
216815,216815,216817,2,0
216815,216815,216817,2,0
216815,216815,216817,2,0
216815,216815,216817,2,0
216815,216815,216816,1,0
216815,216815,216817,2,0
216815,216815,216817,2,0
216815,216815,216817,2,0
216815,216815,216817,2,0
216815,216815,216817,2,0
216815,216815,216816,1,0
216815,216815,216817,2,0
216815,216815,216817,2,0
216815,216815,216817,2,0
216815,216815,216817,2,0
216815,216815,216817,2,0
216815,216815,216816,1,0
216815,216815,216817,2,0
216815,216815,216817,2,0
216815,216815,216817,2,0
216815,216815,216817,2,0
216815,216815,216817,2,0
216784,216784,216831,47,0
216846,216846,216847,1,0
216846,216846,216847,1,0
216846,216846,216847,1,0
216846,216846,216847,1,0
216846,216846,216847,1,0
216846,216846,216848,2,0
216846,216846,216848,2,0
216846,216846,216848,2,0
216846,216846,216848,2,0
216846,216846,216847,1,0
216846,216846,216848,2,0
216846,216846,216848,2,0
216846,216846,216848,2,0
216846,216846,216848,2,0
216846,216846,216848,2,0
216846,216846,216848,2,0
216846,216846,216847,1,0
216846,216846,216848,2,0
216846,216846,216848,2,0
216846,216846,216848,2,0
216846,216846,216848,2,0
216846,216846,216848,2,0
216846,216846,216848,2,0
216846,216846,216848,2,0
216846,216846,216848,2,0
216846,216846,216848,2,0
216846,216846,216848,2,0
216846,216846,216848,2,0
216846,216846,216848,2,0
216846,216846,216848,2,0
216846,216846,216848,2,0
216846,216846,216848,2,0
216846,216846,216849,3,0
216846,216846,216849,3,0
216815,216815,216865,50,0
216866,216866,216867,1,0
216866,216866,216867,1,0
216866,216866,216867,1,0
216866,216866,216868,2,0
216866,216866,216868,2,0
216866,216866,216868,2,0
216866,216866,216868,2,0
216866,216866,216868,2,0
216866,216866,216868,2,0
216866,216867,216868,1,1
216866,216867,216868,1,1
216866,216867,216868,1,1
216866,216866,216868,2,0
216866,216867,216868,1,1
216866,216866,216868,2,0
216866,216866,216868,2,0
216866,216867,216868,1,1
216866,216867,216868,1,1
216866,216867,216868,1,1
216866,216866,216868,2,0
216866,216867,216868,1,1
216866,216867,216868,1,1
216866,216867,216868,1,1
216866,216866,216868,2,0
216866,216867,216868,1,1
216866,216867,216869,2,1
216866,216867,216868,1,1
216866,216867,216869,2,1
216866,216866,216869,3,0
216866,216867,216869,2,1
216866,216866,216869,3,0
216866,216867,216869,2,1
216866,216867,216869,2,1
216832,216832,216884,52,0
216887,216887,216888,1,0
216887,216887,216888,1,0
216887,216887,216888,1,0
216887,216887,216888,1,0
216887,216887,216888,1,0
216887,216887,216889,2,0
216887,216887,216889,2,0
216887,216887,216888,1,0
216887,216887,216888,1,0
216887,216887,216888,1,0
216887,216887,216889,2,0
216887,216887,216889,2,0
216887,216887,216888,1,0
216887,216887,216889,2,0
216887,216887,216888,1,0
216887,216887,216889,2,0
216887,216887,216889,2,0
216887,216887,216888,1,0
216887,216887,216888,1,0
216887,216887,216889,2,0
216887,216887,216889,2,0
216887,216887,216888,1,0
216887,216887,216889,2,0
216887,216887,216889,2,0
216887,216887,216888,1,0
216887,216887,216889,2,0
216887,216887,216889,2,0
216887,216887,216889,2,0
216887,216887,216889,2,0
216887,216887,216889,2,0
216887,216887,216889,2,0
216887,216887,216889,2,0
216887,216887,216889,2,0
216887,216887,216889,2,0
216847,216847,216892,45,0
216848,216848,216896,48,0
216907,216907,216908,1,0
216907,216907,216908,1,0
216907,216907,216908,1,0
216907,216907,216908,1,0
216907,216907,216908,1,0
216907,216907,216909,2,0
216907,216907,216909,2,0
216907,216907,216909,2,0
216907,216907,216909,2,0
216907,216907,216909,2,0
216907,216907,216909,2,0
216907,216907,216909,2,0
216907,216907,216909,2,0
216907,216907,216909,2,0
216907,216907,216909,2,0
216907,216907,216909,2,0
216907,216907,216909,2,0
216907,216907,216908,1,0
216907,216907,216909,2,0
216907,216907,216909,2,0
216907,216907,216909,2,0
216907,216907,216909,2,0
216907,216907,216909,2,0
216907,216907,216909,2,0
216907,216907,216909,2,0
216907,216907,216909,2,0
216907,216907,216909,2,0
216907,216907,216909,2,0
216907,216907,216909,2,0
216907,216907,216910,3,0
216907,216907,216909,2,0
216907,216907,216909,2,0
216907,216907,216909,2,0
216907,216907,216909,2,0
216910,216910,216911,1,0
216910,216910,216911,1,0
216910,216910,216911,1,0
216910,216910,216911,1,0
216910,216910,216911,1,0
216910,216910,216911,1,0
216910,216910,216911,1,0
216910,216910,216911,1,0
216910,216910,216911,1,0
216910,216910,216912,2,0
216910,216910,216911,1,0
216910,216910,216911,1,0
216910,216910,216912,2,0
216910,216910,216912,2,0
216910,216910,216911,1,0
216910,216910,216911,1,0
216910,216910,216912,2,0
216910,216910,216911,1,0
216910,216910,216911,1,0
216910,216910,216911,1,0
216910,216910,216911,1,0
216910,216910,216912,2,0
216910,216910,216911,1,0
216910,216910,216911,1,0
216910,216910,216911,1,0
216910,216910,216912,2,0
216910,216910,216911,1,0
216910,216910,216911,1,0
216910,216910,216912,2,0
216910,216910,216911,1,0
216910,216910,216912,2,0
216910,216910,216912,2,0
216910,216910,216912,2,0
216867,216867,216918,51,0
216849,216849,216919,70,0
216869,216869,216926,57,0
216928,216928,216929,1,0
216928,216928,216929,1,0
216928,216928,216929,1,0
216928,216928,216929,1,0
216928,216928,216929,1,0
216928,216928,216929,1,0
216928,216928,216929,1,0
216928,216928,216929,1,0
216928,216928,216930,2,0
216928,216928,216930,2,0
216928,216928,216930,2,0
216928,216928,216930,2,0
216928,216928,216930,2,0
216928,216928,216930,2,0
216928,216928,216930,2,0
216928,216928,216930,2,0
216928,216928,216930,2,0
216928,216928,216930,2,0
216928,216928,216930,2,0
216928,216928,216930,2,0
216928,216928,216930,2,0
216928,216928,216930,2,0
216928,216928,216930,2,0
216928,216928,216930,2,0
216928,216928,216930,2,0
216928,216928,216930,2,0
216928,216928,216930,2,0
216928,216928,216930,2,0
216928,216928,216930,2,0
216928,216928,216930,2,0
216928,216928,216930,2,0
216928,216928,216930,2,0
216928,216928,216930,2,0
216928,216928,216929,1,0
216928,216928,216930,2,0
216928,216928,216930,2,0
216928,216928,216930,2,0
216928,216928,216930,2,0
216928,216928,216930,2,0
216928,216928,216930,2,0
216928,216928,216930,2,0
216928,216928,216930,2,0
216928,216928,216930,2,0
216928,216928,216930,2,0
216928,216928,216930,2,0
216928,216928,216930,2,0
216928,216928,216930,2,0
216928,216928,216930,2,0
216928,216928,216930,2,0
216928,216928,216930,2,0
216928,216928,216930,2,0
216928,216928,216930,2,0
216928,216928,216930,2,0
216928,216928,216930,2,0
216928,216928,216930,2,0
216928,216928,216930,2,0
216928,216928,216931,3,0
216928,216928,216930,2,0
216928,216928,216930,2,0
216868,216868,216931,63,0
216928,216928,216930,2,0
216928,216928,216930,2,0
216928,216928,216931,3,0
216928,216930,216932,2,2
216928,216930,216931,1,2
216928,216930,216931,1,2
216928,216930,216934,4,2
216928,216930,216935,5,2
216888,216888,216938,50,0
216887,216887,216941,54,0
216890,216890,216945,55,0
216960,216961,216962,1,1
216960,216961,216962,1,1
216960,216961,216962,1,1
216960,216961,216962,1,1
216960,216961,216962,1,1
216908,216908,216962,54,0
216960,216961,216963,2,1
216960,216961,216963,2,1
216960,216961,216962,1,1
216961,216961,216962,1,0
216961,216961,216963,2,0
216960,216961,216963,2,1
216960,216961,216963,2,1
216960,216961,216963,2,1
216961,216961,216962,1,0
216961,216961,216963,2,0
216960,216961,216963,2,1
216960,216961,216962,1,1
216960,216961,216962,1,1
216961,216961,216963,2,0
216961,216961,216963,2,0
216960,216961,216962,1,1
216960,216961,216963,2,1
216961,216961,216962,1,0
216961,216961,216963,2,0
216960,216961,216963,2,1
216960,216961,216963,2,1
216961,216961,216962,1,0
216961,216961,216963,2,0
216960,216961,216963,2,1
216960,216961,216963,2,1
216961,216961,216962,1,0
216960,216961,216962,1,1
216960,216961,216963,2,1
216960,216961,216963,2,1
216961,216961,216963,2,0
216961,216961,216962,1,0
216960,216961,216963,2,1
216960,216961,216963,2,1
216960,216961,216963,2,1
216961,216961,216963,2,0
216961,216961,216963,2,0
216960,216961,216963,2,1
216960,216961,216963,2,1
216961,216961,216963,2,0
216961,216961,216963,2,0
216960,216961,216963,2,1
216960,216961,216963,2,1
216961,216961,216962,1,0
216961,216961,216963,2,0
216961,216961,216962,1,0
216960,216961,216963,2,1
216961,216961,216963,2,0
216961,216961,216964,3,0
216961,216961,216963,2,0
216961,216961,216964,3,0
216961,216961,216963,2,0
216961,216961,216963,2,0
216961,216962,216964,2,1
216961,216962,216964,2,1
216961,216961,216964,3,0
216961,216961,216963,2,0
216961,216962,216964,2,1
216961,216961,216963,2,0
216961,216961,216963,2,0
216961,216961,216963,2,0
216961,216961,216964,3,0
216961,216961,216963,2,0
216961,216962,216964,2,1
216961,216961,216964,3,0
216961,216961,216964,3,0
216961,216962,216964,2,1
216961,216961,216964,3,0
216961,216961,216963,2,0
216961,216961,216963,2,0
216960,216961,216963,2,1
216961,216961,216964,3,0
216961,216961,216964,3,0
216961,216961,216963,2,0
216961,216961,216964,3,0
216961,216961,216964,3,0
216961,216961,216963,2,0
216961,216962,216964,2,1
216961,216962,216964,2,1
216961,216963,216965,2,2
216961,216963,216965,2,2
216961,216963,216965,2,2
216961,216963,216965,2,2
216961,216963,216965,2,2
216961,216963,216965,2,2
216961,216963,216965,2,2
216961,216963,216965,2,2
216961,216963,216965,2,2
216961,216963,216965,2,2
216961,216963,216965,2,2
216961,216963,216966,3,2
216961,216963,216966,3,2
216961,216963,216966,3,2
216961,216963,216965,2,2
216961,216963,216965,2,2
216961,216963,216966,3,2
216928,216928,216979,51,0
216994,216994,216995,1,0
216994,216994,216995,1,0
216994,216994,216995,1,0
216994,216994,216995,1,0
216994,216994,216995,1,0
216994,216994,216995,1,0
216994,216994,216995,1,0
216994,216994,216995,1,0
216994,216994,216995,1,0
216994,216994,216996,2,0
216994,216994,216996,2,0
216994,216994,216995,1,0
216994,216994,216996,2,0
216994,216994,216996,2,0
216994,216994,216996,2,0
216994,216994,216996,2,0
216994,216994,216996,2,0
216994,216994,216995,1,0
216994,216994,216996,2,0
216994,216994,216996,2,0
216994,216994,216996,2,0
216994,216994,216995,1,0
216994,216994,216996,2,0
216994,216994,216996,2,0
216994,216994,216996,2,0
216994,216994,216996,2,0
216994,216994,216995,1,0
216994,216994,216996,2,0
216994,216994,216996,2,0
216994,216994,216996,2,0
216994,216994,216996,2,0
216994,216994,216996,2,0
216994,216994,216996,2,0
216994,216994,216995,1,0
216994,216994,216996,2,0
216994,216994,216996,2,0
216994,216994,216996,2,0
216994,216994,216996,2,0
216994,216994,216996,2,0
216994,216994,216996,2,0
216994,216994,216995,1,0
216994,216994,216996,2,0
216994,216994,216996,2,0
216994,216994,216996,2,0
216994,216994,216996,2,0
216994,216994,216996,2,0
216994,216994,216996,2,0
216994,216994,216996,2,0
216994,216994,216996,2,0
216994,216994,216996,2,0
216994,216994,216995,1,0
216994,216994,216996,2,0
216994,216994,216996,2,0
216994,216994,216996,2,0
216994,216994,216996,2,0
216994,216994,216996,2,0
216994,216994,216997,3,0
216994,216994,216997,3,0
216994,216994,216996,2,0
216994,216994,216996,2,0
216994,216994,216996,2,0
216994,216994,216997,3,0
216994,216994,216996,2,0
216994,216994,216996,2,0
216994,216994,216996,2,0
216994,216994,216997,3,0
217025,217025,217026,1,0
217025,217025,217026,1,0
217025,217025,217026,1,0
217025,217025,217026,1,0
217025,217025,217026,1,0
217025,217025,217026,1,0
217025,217025,217026,1,0
217025,217025,217027,2,0
217025,217025,217027,2,0
217025,217025,217027,2,0
217025,217025,217027,2,0
217025,217025,217027,2,0
217025,217026,217027,1,1
217025,217026,217027,1,1
217025,217025,217027,2,0
217025,217026,217027,1,1
217025,217025,217028,3,0
217025,217026,217027,1,1
217025,217025,217027,2,0
217025,217026,217027,1,1
217025,217026,217027,1,1
217025,217026,217027,1,1
217025,217026,217027,1,1
217025,217025,217027,2,0
217025,217026,217027,1,1
217025,217026,217027,1,1
217025,217025,217028,3,0
217025,217026,217028,2,1
217025,217025,217028,3,0
217025,217026,217028,2,1
217025,217026,217028,2,1
217025,217025,217028,3,0
217025,217025,217028,3,0
217025,217025,217028,3,0
216994,216994,217040,46,0
217057,217057,217058,1,0
217057,217057,217058,1,0
217057,217057,217058,1,0
217057,217057,217059,2,0
217057,217057,217058,1,0
217057,217057,217059,2,0
217057,217057,217058,1,0
217057,217057,217058,1,0
217057,217057,217059,2,0
217057,217057,217058,1,0
217057,217057,217059,2,0
217057,217057,217059,2,0
217057,217057,217059,2,0
217057,217057,217059,2,0
217057,217057,217059,2,0
217057,217057,217059,2,0
217057,217057,217059,2,0
217057,217057,217058,1,0
217057,217057,217059,2,0
217057,217057,217059,2,0
217057,217057,217059,2,0
217057,217057,217059,2,0
217057,217057,217058,1,0
217057,217057,217059,2,0
217057,217057,217059,2,0
217057,217057,217058,1,0
217057,217057,217059,2,0
217057,217057,217059,2,0
217057,217057,217059,2,0
217057,217057,217059,2,0
217073,217073,217074,1,0
217073,217073,217074,1,0
217073,217073,217075,2,0
217073,217073,217074,1,0
217073,217073,217074,1,0
217073,217073,217075,2,0
217073,217073,217074,1,0
217073,217073,217074,1,0
217073,217073,217074,1,0
217073,217073,217075,2,0
217073,217073,217075,2,0
217073,217073,217074,1,0
217073,217073,217074,1,0
217073,217073,217075,2,0
217073,217073,217074,1,0
217073,217073,217074,1,0
217073,217073,217074,1,0
217073,217073,217075,2,0
217073,217073,217074,1,0
217073,217073,217075,2,0
217073,217073,217075,2,0
217073,217073,217075,2,0
217073,217073,217075,2,0
217073,217073,217075,2,0
217026,217026,217075,49,0
217073,217073,217075,2,0
217073,217073,217075,2,0
217073,217073,217075,2,0
217073,217073,217075,2,0
217073,217073,217075,2,0
217073,217073,217075,2,0
217091,217091,217092,1,0
217091,217091,217092,1,0
217091,217091,217092,1,0
217091,217091,217092,1,0
217091,217091,217092,1,0
217091,217091,217093,2,0
217091,217091,217093,2,0
217091,217091,217092,1,0
217091,217091,217092,1,0
217091,217091,217092,1,0
217091,217091,217093,2,0
217091,217091,217092,1,0
217091,217091,217092,1,0
217091,217091,217092,1,0
217091,217091,217092,1,0
217091,217091,217093,2,0
217091,217091,217092,1,0
217091,217091,217092,1,0
217091,217091,217093,2,0
217091,217091,217092,1,0
217091,217091,217093,2,0
217091,217091,217092,1,0
217091,217091,217092,1,0
217091,217091,217093,2,0
217091,217091,217092,1,0
217091,217091,217093,2,0
217091,217091,217093,2,0
217091,217091,217093,2,0
217057,217057,217113,56,0
217073,217073,217119,46,0
217123,217123,217124,1,0
217123,217123,217124,1,0
217123,217123,217124,1,0
217123,217123,217124,1,0
217123,217123,217124,1,0
217123,217123,217124,1,0
217123,217123,217124,1,0
217123,217123,217125,2,0
217123,217123,217125,2,0
217123,217123,217125,2,0
217123,217123,217125,2,0
217123,217123,217125,2,0
217123,217123,217125,2,0
217123,217123,217124,1,0
217123,217123,217125,2,0
217123,217123,217125,2,0
217123,217123,217125,2,0
217123,217123,217125,2,0
217123,217123,217125,2,0
217123,217123,217125,2,0
217123,217123,217125,2,0
217123,217123,217125,2,0
217123,217123,217125,2,0
217123,217123,217125,2,0
217123,217123,217125,2,0
217123,217123,217125,2,0
217123,217123,217125,2,0
217123,217123,217124,1,0
217123,217123,217125,2,0
217123,217123,217125,2,0
217123,217123,217125,2,0
217123,217123,217125,2,0
217125,217125,217126,1,0
217123,217123,217125,2,0
217123,217123,217125,2,0
217125,217125,217126,1,0
217125,217125,217126,1,0
217125,217125,217126,1,0
217125,217125,217126,1,0
217125,217125,217127,2,0
217125,217125,217127,2,0
217125,217125,217127,2,0
217125,217125,217127,2,0
217125,217125,217127,2,0
217125,217125,217127,2,0
217125,217125,217127,2,0
217125,217125,217127,2,0
217125,217125,217126,1,0
217125,217125,217127,2,0
217125,217125,217127,2,0
217125,217125,217127,2,0
217125,217125,217127,2,0
217125,217125,217126,1,0
217125,217125,217127,2,0
217125,217125,217127,2,0
217125,217125,217127,2,0
217125,217125,217127,2,0
217125,217125,217127,2,0
217125,217125,217127,2,0
217125,217125,217127,2,0
217125,217125,217127,2,0
217125,217125,217127,2,0
217125,217125,217127,2,0
217125,217125,217127,2,0
217125,217125,217127,2,0
217125,217125,217127,2,0
217125,217125,217127,2,0
217125,217125,217127,2,0
217091,217091,217143,52,0
217159,217159,217160,1,0
217159,217159,217160,1,0
217159,217159,217160,1,0
217159,217159,217160,1,0
217159,217159,217160,1,0
217159,217159,217161,2,0
217159,217159,217161,2,0
217159,217159,217161,2,0
217159,217159,217161,2,0
217159,217159,217161,2,0
217159,217159,217161,2,0
217159,217159,217161,2,0
217159,217159,217161,2,0
217159,217159,217161,2,0
217159,217159,217161,2,0
217159,217159,217161,2,0
217159,217159,217160,1,0
217159,217159,217161,2,0
217159,217159,217161,2,0
217159,217159,217161,2,0
217159,217159,217161,2,0
217159,217159,217161,2,0
217159,217159,217161,2,0
217159,217159,217161,2,0
217159,217159,217161,2,0
217159,217159,217161,2,0
217159,217159,217161,2,0
217159,217159,217161,2,0
217159,217159,217161,2,0
217159,217159,217161,2,0
217159,217159,217161,2,0
217159,217159,217161,2,0
217159,217159,217162,3,0
217159,217159,217162,3,0
217123,217123,217173,50,0
217181,217181,217182,1,0
217181,217181,217182,1,0
217127,217127,217181,54,0
217181,217181,217182,1,0
217181,217181,217183,2,0
217181,217181,217183,2,0
217181,217181,217183,2,0
217181,217181,217182,1,0
217181,217181,217183,2,0
217181,217181,217183,2,0
217181,217181,217183,2,0
217181,217181,217183,2,0
217181,217181,217183,2,0
217181,217181,217183,2,0
217181,217181,217183,2,0
217181,217181,217183,2,0
217181,217181,217183,2,0
217181,217181,217183,2,0
217181,217181,217182,1,0
217181,217181,217183,2,0
217181,217181,217183,2,0
217181,217181,217182,1,0
217181,217181,217183,2,0
217181,217181,217183,2,0
217181,217181,217182,1,0
217181,217181,217183,2,0
217181,217181,217183,2,0
217181,217181,217183,2,0
217181,217181,217183,2,0
217181,217181,217183,2,0
217181,217181,217183,2,0
217181,217181,217183,2,0
217181,217181,217183,2,0
217181,217181,217183,2,0
217181,217181,217183,2,0
217184,217184,217185,1,0
217184,217184,217185,1,0
217184,217184,217185,1,0
217184,217184,217185,1,0
217184,217184,217185,1,0
217184,217184,217185,1,0
217184,217184,217185,1,0
217184,217184,217186,2,0
217184,217184,217185,1,0
217184,217184,217186,2,0
217184,217184,217186,2,0
217184,217184,217185,1,0
217184,217184,217186,2,0
217184,217184,217186,2,0
217184,217184,217186,2,0
217184,217184,217186,2,0
217184,217184,217186,2,0
217184,217184,217186,2,0
217184,217184,217186,2,0
217184,217184,217185,1,0
217184,217184,217186,2,0
217184,217184,217186,2,0
217184,217184,217185,1,0
217184,217184,217186,2,0
217184,217184,217186,2,0
217184,217184,217185,1,0
217184,217184,217186,2,0
217184,217184,217186,2,0
217184,217184,217186,2,0
217184,217184,217186,2,0
217184,217184,217186,2,0
217184,217184,217186,2,0
217161,217161,217207,46,0
217162,217162,217211,49,0
217144,217144,217212,68,0
217218,217219,217220,1,1
217219,217219,217220,1,0
217218,217219,217220,1,1
217219,217219,217220,1,0
217218,217219,217220,1,1
217218,217219,217220,1,1
217219,217219,217220,1,0
217218,217219,217220,1,1
217219,217219,217220,1,0
217218,217219,217220,1,1
217218,217219,217220,1,1
217218,217219,217220,1,1
217218,217219,217220,1,1
217218,217219,217220,1,1
217218,217219,217220,1,1
217218,217219,217220,1,1
217219,217219,217220,1,0
217218,217219,217220,1,1
217219,217219,217220,1,0
217218,217219,217220,1,1
217218,217219,217220,1,1
217219,217219,217220,1,0
217218,217219,217220,1,1
217218,217219,217220,1,1
217218,217219,217220,1,1
217218,217219,217220,1,1
217218,217219,217220,1,1
217219,217219,217220,1,0
217218,217219,217220,1,1
217218,217219,217220,1,1
217218,217219,217220,1,1
217219,217219,217220,1,0
217218,217219,217220,1,1
217218,217219,217220,1,1
217218,217219,217220,1,1
217219,217219,217220,1,0
217219,217219,217221,2,0
217219,217219,217221,2,0
217219,217219,217221,2,0
217220,217221,217222,1,1
217219,217219,217221,2,0
217219,217219,217221,2,0
217218,217219,217221,2,1
217218,217219,217221,2,1
217219,217219,217221,2,0
217219,217219,217221,2,0
217220,217221,217222,1,1
217219,217219,217221,2,0
217219,217219,217221,2,0
217219,217219,217221,2,0
217220,217221,217222,1,1
217219,217219,217221,2,0
217219,217219,217221,2,0
217219,217219,217221,2,0
217218,217219,217221,2,1
217219,217219,217221,2,0
217219,217219,217221,2,0
217219,217219,217221,2,0
217219,217219,217221,2,0
217219,217219,217221,2,0
217219,217219,217221,2,0
217219,217219,217221,2,0
217220,217221,217222,1,1
217219,217219,217221,2,0
217219,217219,217221,2,0
217219,217219,217221,2,0
217219,217219,217221,2,0
217220,217221,217222,1,1
217220,217221,217223,2,1
217220,217221,217222,1,1
217220,217221,217222,1,1
217220,217221,217223,2,1
217220,217221,217223,2,1
217220,217221,217222,1,1
217220,217221,217222,1,1
217220,217221,217223,2,1
217220,217221,217222,1,1
217220,217221,217222,1,1
217220,217221,217223,2,1
217220,217221,217222,1,1
217220,217221,217222,1,1
217220,217221,217222,1,1
217220,217221,217222,1,1
217220,217221,217222,1,1
217220,217221,217223,2,1
217220,217221,217223,2,1
217220,217221,217223,2,1
217220,217221,217222,1,1
217220,217221,217222,1,1
217220,217221,217223,2,1
217220,217221,217223,2,1
217220,217221,217223,2,1
217220,217221,217223,2,1
217181,217182,217231,49,1
217184,217184,217242,58,0
217203,217203,217249,46,0
217254,217254,217255,1,0
217254,217254,217256,2,0
217254,217254,217255,1,0
217254,217254,217255,1,0
217254,217255,217256,1,1
217254,217254,217255,1,0
217254,217255,217256,1,1
217254,217254,217255,1,0
217254,217254,217255,1,0
217254,217254,217255,1,0
217254,217255,217256,1,1
217254,217254,217257,3,0
217254,217254,217256,2,0
217254,217255,217256,1,1
217254,217255,217256,1,1
217254,217255,217256,1,1
217254,217254,217256,2,0
217254,217254,217257,3,0
217254,217254,217256,2,0
217254,217255,217256,1,1
217254,217255,217256,1,1
217254,217255,217256,1,1
217254,217255,217256,1,1
217254,217255,217256,1,1
217254,217255,217256,1,1
217254,217255,217256,1,1
217254,217255,217257,2,1
217254,217255,217256,1,1
217254,217254,217257,3,0
217254,217254,217257,3,0
217254,217254,217256,2,0
217254,217255,217256,1,1
217254,217255,217256,1,1
217254,217255,217256,1,1
217254,217254,217256,2,0
217254,217254,217257,3,0
217254,217254,217256,2,0
217254,217255,217256,1,1
217254,217255,217256,1,1
217254,217255,217257,2,1
217254,217254,217257,3,0
217254,217254,217256,2,0
217254,217255,217256,1,1
217254,217255,217256,1,1
217254,217255,217256,1,1
217254,217254,217257,3,0
217254,217254,217257,3,0
217254,217255,217256,1,1
217254,217255,217256,1,1
217254,217255,217256,1,1
217254,217254,217257,3,0
217254,217254,217256,2,0
217254,217255,217256,1,1
217254,217255,217256,1,1
217254,217255,217256,1,1
217254,217255,217257,2,1
217254,217254,217256,2,0
217254,217254,217257,3,0
217254,217255,217256,1,1
217254,217255,217256,1,1
217254,217255,217257,2,1
217254,217255,217257,2,1
217254,217255,217257,2,1
217254,217254,217257,3,0
217254,217254,217257,3,0
217254,217254,217256,2,0
217254,217255,217257,2,1
217254,217255,217257,2,1
217221,217221,217270,49,0
217222,217222,217276,54,0
217287,217287,217288,1,0
217287,217287,217288,1,0
217287,217287,217288,1,0
217287,217287,217288,1,0
217287,217287,217288,1,0
217287,217287,217288,1,0
217287,217287,217288,1,0
217287,217287,217288,1,0
217287,217287,217289,2,0
217287,217287,217289,2,0
217287,217287,217289,2,0
217287,217287,217289,2,0
217287,217287,217289,2,0
217287,217287,217289,2,0
217287,217287,217289,2,0
217287,217287,217289,2,0
217287,217287,217289,2,0
217287,217287,217289,2,0
217287,217287,217289,2,0
217287,217287,217289,2,0
217287,217287,217289,2,0
217287,217287,217289,2,0
217287,217287,217289,2,0
217287,217287,217289,2,0
217287,217287,217289,2,0
217287,217287,217289,2,0
217287,217287,217289,2,0
217287,217287,217289,2,0
217287,217287,217289,2,0
217287,217287,217289,2,0
217287,217287,217289,2,0
217287,217287,217289,2,0
217287,217287,217289,2,0
217287,217287,217289,2,0
217287,217287,217289,2,0
217287,217287,217289,2,0
217287,217287,217289,2,0
217287,217287,217289,2,0
217287,217287,217289,2,0
217287,217287,217289,2,0
217287,217287,217289,2,0
217287,217287,217289,2,0
217287,217287,217289,2,0
217287,217287,217289,2,0
217287,217287,217289,2,0
217287,217287,217289,2,0
217287,217287,217289,2,0
217287,217287,217289,2,0
217287,217287,217289,2,0
217287,217287,217289,2,0
217287,217287,217289,2,0
217287,217287,217289,2,0
217287,217287,217289,2,0
217287,217287,217289,2,0
217287,217287,217289,2,0
217287,217287,217289,2,0
217287,217287,217289,2,0
217287,217287,217289,2,0
217287,217287,217290,3,0
217287,217287,217290,3,0
217287,217287,217290,3,0
217287,217287,217290,3,0
217255,217255,217302,47,0
217304,217304,217305,1,0
217304,217304,217305,1,0
217304,217304,217305,1,0
217304,217304,217305,1,0
217304,217304,217305,1,0
217304,217304,217305,1,0
217304,217304,217305,1,0
217304,217304,217305,1,0
217304,217304,217306,2,0
217304,217304,217306,2,0
217304,217304,217306,2,0
217304,217304,217306,2,0
217304,217304,217306,2,0
217304,217304,217306,2,0
217304,217304,217306,2,0
217304,217304,217306,2,0
217304,217304,217306,2,0
217304,217304,217306,2,0
217304,217304,217306,2,0
217304,217304,217306,2,0
217304,217304,217306,2,0
217304,217304,217306,2,0
217304,217304,217306,2,0
217304,217304,217306,2,0
217304,217304,217306,2,0
217304,217304,217306,2,0
217304,217304,217306,2,0
217304,217304,217306,2,0
217304,217304,217306,2,0
217304,217304,217306,2,0
217304,217304,217306,2,0
217304,217304,217306,2,0
217304,217304,217306,2,0
217304,217304,217306,2,0
217306,217306,217307,1,0
217306,217306,217307,1,0
217306,217306,217307,1,0
217306,217306,217307,1,0
217306,217306,217307,1,0
217306,217306,217307,1,0
217306,217306,217308,2,0
217306,217306,217308,2,0
217306,217306,217308,2,0
217306,217306,217307,1,0
217306,217306,217308,2,0
217306,217306,217308,2,0
217306,217306,217308,2,0
217306,217306,217308,2,0
217306,217306,217308,2,0
217306,217306,217308,2,0
217306,217306,217308,2,0
217306,217306,217308,2,0
217306,217306,217308,2,0
217306,217306,217308,2,0
217306,217306,217308,2,0
217306,217306,217307,1,0
217306,217306,217308,2,0
217306,217306,217308,2,0
217306,217306,217308,2,0
217306,217306,217308,2,0
217306,217306,217308,2,0
217306,217306,217308,2,0
217306,217306,217308,2,0
217306,217306,217308,2,0
217306,217306,217308,2,0
217306,217306,217308,2,0
217306,217306,217308,2,0
217306,217306,217308,2,0
217287,217287,217289,2,0
217287,217287,217289,2,0
217287,217287,217289,2,0
217287,217287,217289,2,0
217287,217287,217289,2,0
217287,217287,217289,2,0
217306,217307,217358,51,1
217308,217308,217358,50,0
217304,217305,217365,60,1
217325,217325,217373,48,0
217373,217374,217375,1,1
217373,217374,217375,1,1
217373,217374,217375,1,1
217373,217374,217375,1,1
217373,217374,217375,1,1
217373,217374,217376,2,1
217374,217374,217375,1,0
217374,217374,217376,2,0
217374,217374,217376,2,0
217373,217374,217375,1,1
217373,217374,217375,1,1
217374,217374,217375,1,0
217374,217374,217376,2,0
217374,217374,217376,2,0
217373,217374,217376,2,1
217373,217374,217376,2,1
217374,217374,217375,1,0
217374,217374,217376,2,0
217374,217374,217376,2,0
217373,217374,217376,2,1
217373,217374,217376,2,1
217373,217374,217376,2,1
217374,217374,217376,2,0
217374,217374,217376,2,0
217374,217374,217376,2,0
217373,217374,217375,1,1
217373,217374,217376,2,1
217373,217374,217376,2,1
217374,217374,217376,2,0
217374,217374,217376,2,0
217374,217374,217376,2,0
217373,217374,217375,1,1
217373,217374,217376,2,1
217373,217374,217376,2,1
217373,217374,217376,2,1
217374,217374,217375,1,0
217374,217374,217376,2,0
217374,217374,217376,2,0
217373,217374,217376,2,1
217373,217374,217375,1,1
217374,217374,217376,2,0
217374,217374,217376,2,0
217374,217374,217376,2,0
217373,217374,217376,2,1
217373,217374,217376,2,1
217374,217374,217375,1,0
217374,217374,217376,2,0
217374,217374,217376,2,0
217374,217374,217376,2,0
217373,217374,217376,2,1
217373,217374,217376,2,1
217373,217374,217376,2,1
217374,217374,217375,1,0
217374,217374,217376,2,0
217374,217374,217376,2,0
217373,217374,217376,2,1
217373,217374,217376,2,1
217373,217374,217376,2,1
217374,217374,217375,1,0
217374,217374,217376,2,0
217374,217374,217376,2,0
217373,217374,217376,2,1
217376,217376,217377,1,0
217376,217376,217377,1,0
217374,217374,217376,2,0
217373,217374,217376,2,1
217376,217376,217377,1,0
217374,217374,217376,2,0
217376,217376,217377,1,0
217374,217374,217376,2,0
217376,217376,217378,2,0
217376,217376,217378,2,0
217376,217376,217378,2,0
217376,217376,217378,2,0
217376,217376,217378,2,0
217376,217376,217378,2,0
217376,217376,217378,2,0
217376,217376,217378,2,0
217376,217376,217378,2,0
217376,217376,217378,2,0
217376,217376,217378,2,0
217376,217376,217378,2,0
217376,217376,217378,2,0
217376,217376,217378,2,0
217376,217376,217378,2,0
217376,217376,217377,1,0
217376,217376,217378,2,0
217376,217376,217378,2,0
217376,217376,217378,2,0
217376,217376,217377,1,0
217376,217376,217378,2,0
217376,217376,217378,2,0
217376,217376,217378,2,0
217376,217376,217378,2,0
217376,217376,217378,2,0
217376,217376,217378,2,0
217376,217376,217378,2,0
217376,217376,217378,2,0
217376,217376,217378,2,0
217376,217376,217378,2,0
217378,217378,217379,1,0
217378,217378,217379,1,0
217378,217378,217379,1,0
217378,217378,217379,1,0
217378,217378,217379,1,0
217378,217378,217379,1,0
217378,217378,217380,2,0
217378,217378,217380,2,0
217378,217378,217380,2,0
217378,217378,217380,2,0
217378,217378,217380,2,0
217378,217378,217380,2,0
217378,217378,217380,2,0
217378,217378,217380,2,0
217378,217378,217380,2,0
217378,217378,217380,2,0
217378,217378,217380,2,0
217378,217378,217380,2,0
217378,217378,217380,2,0
217378,217378,217380,2,0
217378,217378,217380,2,0
217378,217378,217380,2,0
217378,217378,217380,2,0
217378,217378,217380,2,0
217378,217378,217380,2,0
217378,217378,217380,2,0
217378,217379,217380,1,1
217378,217378,217380,2,0
217378,217378,217380,2,0
217378,217378,217380,2,0
217378,217378,217381,3,0
217378,217378,217380,2,0
217378,217379,217381,2,1
217378,217379,217381,2,1
217341,217342,217403,61,1
217411,217411,217412,1,0
217411,217411,217412,1,0
217411,217411,217412,1,0
217411,217411,217412,1,0
217411,217411,217412,1,0
217411,217411,217413,2,0
217411,217411,217413,2,0
217411,217411,217413,2,0
217411,217412,217413,1,1
217411,217411,217413,2,0
217411,217411,217413,2,0
217411,217411,217413,2,0
217411,217411,217413,2,0
217411,217411,217413,2,0
217411,217411,217413,2,0
217411,217411,217413,2,0
217411,217411,217413,2,0
217411,217411,217412,1,0
217411,217411,217413,2,0
217411,217411,217413,2,0
217411,217411,217413,2,0
217411,217411,217413,2,0
217411,217411,217413,2,0
217411,217411,217413,2,0
217411,217411,217413,2,0
217411,217411,217413,2,0
217411,217411,217414,3,0
217411,217411,217413,2,0
217411,217412,217414,2,1
217411,217411,217414,3,0
217411,217411,217414,3,0
217411,217411,217413,2,0
217411,217411,217414,3,0
217411,217411,217413,2,0
217358,217358,217416,58,0
217374,217374,217424,50,0
217379,217379,217425,46,0
217443,217444,217445,1,1
217443,217444,217446,2,1
217443,217444,217446,2,1
217443,217444,217445,1,1
217444,217444,217446,2,0
217443,217444,217446,2,1
217443,217444,217445,1,1
217444,217444,217445,1,0
217443,217444,217445,1,1
217443,217444,217446,2,1
217443,217444,217446,2,1
217444,217444,217446,2,0
217443,217444,217446,2,1
217443,217444,217445,1,1
217443,217444,217445,1,1
217443,217444,217446,2,1
217444,217444,217446,2,0
217444,217444,217446,2,0
217443,217444,217446,2,1
217443,217444,217445,1,1
217443,217444,217445,1,1
217443,217444,217446,2,1
217443,217444,217446,2,1
217444,217444,217446,2,0
217444,217444,217446,2,0
217443,217444,217446,2,1
217443,217444,217446,2,1
217444,217444,217446,2,0
217444,217444,217446,2,0
217443,217444,217446,2,1
217444,217444,217446,2,0
217443,217444,217446,2,1
217444,217444,217445,1,0
217444,217444,217446,2,0
217444,217444,217446,2,0
217444,217444,217446,2,0
217444,217444,217446,2,0
217444,217444,217446,2,0
217443,217444,217446,2,1
217444,217444,217446,2,0
217444,217444,217446,2,0
217444,217444,217446,2,0
217444,217444,217446,2,0
217444,217444,217446,2,0
217443,217444,217446,2,1
217444,217444,217446,2,0
217444,217444,217446,2,0
217444,217444,217446,2,0
217443,217444,217446,2,1
217444,217444,217446,2,0
217444,217444,217446,2,0
217444,217444,217446,2,0
217444,217444,217446,2,0
217444,217444,217446,2,0
217443,217444,217446,2,1
217444,217444,217446,2,0
217444,217444,217446,2,0
217444,217444,217446,2,0
217443,217444,217446,2,1
217443,217444,217446,2,1
217444,217444,217447,3,0
217444,217444,217446,2,0
217412,217412,217461,49,0
217476,217476,217477,1,0
217476,217476,217477,1,0
217476,217476,217477,1,0
217476,217476,217478,2,0
217476,217476,217478,2,0
217476,217476,217478,2,0
217476,217476,217478,2,0
217476,217476,217477,1,0
217476,217476,217478,2,0
217476,217476,217477,1,0
217476,217476,217478,2,0
217476,217476,217477,1,0
217476,217476,217478,2,0
217476,217476,217478,2,0
217476,217476,217478,2,0
217476,217476,217478,2,0
217476,217476,217477,1,0
217476,217476,217478,2,0
217476,217476,217478,2,0
217476,217476,217478,2,0
217476,217476,217478,2,0
217476,217476,217478,2,0
217476,217476,217478,2,0
217476,217476,217478,2,0
217476,217476,217478,2,0
217476,217476,217478,2,0
217476,217476,217478,2,0
217476,217476,217478,2,0
217476,217476,217478,2,0
217476,217476,217478,2,0
217476,217476,217478,2,0
217476,217476,217478,2,0
217476,217476,217478,2,0
217476,217476,217478,2,0
217444,217444,217493,49,0
217493,217493,217494,1,0
217493,217493,217495,2,0
217493,217493,217495,2,0
217493,217493,217495,2,0
217493,217493,217495,2,0
217493,217493,217494,1,0
217493,217493,217495,2,0
217493,217493,217495,2,0
217493,217493,217494,1,0
217493,217493,217494,1,0
217493,217493,217495,2,0
217493,217493,217494,1,0
217493,217493,217495,2,0
217493,217493,217495,2,0
217493,217493,217495,2,0
217493,217493,217495,2,0
217493,217493,217495,2,0
217493,217493,217495,2,0
217493,217493,217495,2,0
217493,217493,217495,2,0
217493,217493,217495,2,0
217493,217493,217495,2,0
217493,217493,217495,2,0
217493,217493,217495,2,0
217493,217493,217495,2,0
217493,217493,217495,2,0
217493,217493,217495,2,0
217493,217493,217495,2,0
217493,217493,217495,2,0
217493,217493,217495,2,0
217493,217493,217495,2,0
217511,217511,217512,1,0
217511,217511,217512,1,0
217511,217511,217512,1,0
217511,217511,217513,2,0
217511,217511,217512,1,0
217511,217511,217512,1,0
217511,217511,217513,2,0
217511,217511,217513,2,0
217511,217511,217513,2,0
217511,217511,217513,2,0
217511,217511,217512,1,0
217511,217511,217512,1,0
217511,217511,217513,2,0
217511,217511,217513,2,0
217511,217511,217512,1,0
217511,217511,217513,2,0
217511,217511,217513,2,0
217511,217511,217512,1,0
217511,217511,217513,2,0
217511,217511,217512,1,0
217511,217511,217513,2,0
217511,217511,217513,2,0
217511,217511,217513,2,0
217511,217511,217513,2,0
217511,217511,217513,2,0
217511,217511,217512,1,0
217511,217511,217513,2,0
217511,217511,217513,2,0
217511,217511,217513,2,0
217511,217511,217513,2,0
217511,217511,217513,2,0
217511,217511,217513,2,0
217511,217511,217513,2,0
217511,217511,217513,2,0
217476,217476,217535,59,0
217545,217545,217546,1,0
217545,217545,217546,1,0
217545,217545,217546,1,0
217545,217545,217546,1,0
217545,217545,217546,1,0
217545,217545,217547,2,0
217545,217545,217547,2,0
217545,217545,217546,1,0
217545,217545,217547,2,0
217545,217545,217547,2,0
217545,217545,217547,2,0
217545,217545,217547,2,0
217545,217545,217546,1,0
217545,217545,217547,2,0
217545,217545,217547,2,0
217545,217545,217546,1,0
217545,217545,217547,2,0
217545,217545,217547,2,0
217545,217545,217546,1,0
217545,217545,217547,2,0
217545,217545,217547,2,0
217545,217545,217547,2,0
217545,217545,217547,2,0
217545,217545,217547,2,0
217545,217545,217547,2,0
217545,217545,217547,2,0
217545,217545,217547,2,0
217545,217545,217547,2,0
217545,217545,217547,2,0
217545,217545,217547,2,0
217545,217545,217547,2,0
217545,217545,217547,2,0
217545,217545,217547,2,0
217493,217493,217552,59,0
217566,217566,217567,1,0
217566,217566,217567,1,0
217566,217566,217567,1,0
217566,217566,217567,1,0
217566,217566,217567,1,0
217566,217566,217567,1,0
217566,217566,217567,1,0
217566,217566,217568,2,0
217566,217566,217568,2,0
217566,217566,217568,2,0
217566,217566,217568,2,0
217566,217566,217568,2,0
217566,217566,217568,2,0
217566,217566,217568,2,0
217566,217566,217568,2,0
217566,217566,217568,2,0
217566,217566,217568,2,0
217566,217566,217568,2,0
217566,217566,217568,2,0
217566,217566,217568,2,0
217566,217566,217568,2,0
217566,217566,217568,2,0
217566,217566,217568,2,0
217566,217566,217568,2,0
217566,217566,217568,2,0
217566,217566,217568,2,0
217566,217566,217568,2,0
217566,217566,217568,2,0
217566,217566,217568,2,0
217566,217566,217568,2,0
217566,217566,217568,2,0
217566,217566,217568,2,0
217566,217566,217568,2,0
217566,217566,217568,2,0
217528,217528,217583,55,0
217586,217587,217588,1,1
217586,217587,217588,1,1
217586,217587,217588,1,1
217586,217587,217589,2,1
217586,217587,217588,1,1
217586,217587,217588,1,1
217586,217587,217588,1,1
217586,217587,217588,1,1
217586,217587,217588,1,1
217586,217587,217589,2,1
217586,217587,217589,2,1
217586,217587,217588,1,1
217586,217587,217588,1,1
217586,217587,217588,1,1
217586,217587,217588,1,1
217586,217587,217588,1,1
217586,217587,217588,1,1
217586,217587,217588,1,1
217586,217587,217589,2,1
217586,217587,217588,1,1
217586,217587,217588,1,1
217586,217587,217588,1,1
217586,217587,217589,2,1
217586,217587,217588,1,1
217586,217587,217588,1,1
217586,217587,217589,2,1
217586,217587,217589,2,1
217586,217587,217589,2,1
217586,217587,217589,2,1
217586,217587,217589,2,1
217511,217511,217592,81,0
217546,217546,217595,49,0
217545,217545,217596,51,0
217607,217607,217608,1,0
217607,217607,217608,1,0
217607,217607,217608,1,0
217607,217607,217608,1,0
217607,217607,217608,1,0
217607,217607,217608,1,0
217607,217607,217608,1,0
217607,217607,217609,2,0
217607,217607,217609,2,0
217607,217607,217609,2,0
217607,217607,217608,1,0
217607,217607,217609,2,0
217607,217607,217609,2,0
217607,217607,217609,2,0
217607,217607,217609,2,0
217607,217607,217609,2,0
217607,217607,217609,2,0
217607,217607,217609,2,0
217607,217607,217609,2,0
217607,217607,217609,2,0
217607,217607,217609,2,0
217607,217607,217609,2,0
217607,217607,217609,2,0
217607,217607,217608,1,0
217607,217607,217609,2,0
217607,217607,217609,2,0
217607,217607,217609,2,0
217607,217607,217608,1,0
217607,217607,217609,2,0
217607,217607,217609,2,0
217607,217607,217609,2,0
217607,217607,217609,2,0
217607,217607,217609,2,0
217607,217607,217609,2,0
217607,217607,217609,2,0
217607,217607,217609,2,0
217607,217607,217609,2,0
217607,217607,217609,2,0
217607,217607,217609,2,0
217607,217607,217609,2,0
217607,217607,217609,2,0
217607,217607,217609,2,0
217607,217607,217608,1,0
217607,217607,217609,2,0
217607,217607,217609,2,0
217607,217607,217609,2,0
217607,217607,217609,2,0
217607,217607,217609,2,0
217607,217607,217609,2,0
217607,217607,217609,2,0
217607,217607,217609,2,0
217607,217607,217609,2,0
217607,217607,217608,1,0
217607,217607,217609,2,0
217607,217607,217609,2,0
217607,217607,217609,2,0
217607,217607,217609,2,0
217607,217607,217610,3,0
217607,217607,217610,3,0
217607,217607,217610,3,0
217607,217608,217610,2,1
217607,217608,217610,2,1
217607,217608,217610,2,1
217607,217608,217610,2,1
217607,217608,217610,2,1
217607,217608,217610,2,1
217607,217607,217610,3,0
217609,217610,217611,1,1
217609,217610,217612,2,1
217609,217610,217611,1,1
217609,217610,217611,1,1
217609,217610,217612,2,1
217609,217610,217612,2,1
217609,217610,217611,1,1
217609,217610,217612,2,1
217609,217610,217611,1,1
217609,217610,217611,1,1
217609,217610,217612,2,1
217609,217610,217612,2,1
217609,217610,217612,2,1
217609,217610,217611,1,1
217609,217610,217612,2,1
217609,217610,217612,2,1
217609,217610,217611,1,1
217609,217610,217612,2,1
217609,217610,217611,1,1
217609,217610,217612,2,1
217609,217610,217612,2,1
217609,217610,217612,2,1
217609,217610,217612,2,1
217609,217610,217612,2,1
217609,217610,217612,2,1
217609,217610,217612,2,1
217609,217610,217612,2,1
217609,217610,217612,2,1
217609,217610,217612,2,1
217609,217610,217612,2,1
217567,217567,217618,51,0
217569,217569,217619,50,0
217643,217643,217644,1,0
217588,217588,217643,55,0
217643,217643,217644,1,0
217643,217643,217644,1,0
217643,217643,217644,1,0
217643,217643,217644,1,0
217643,217643,217644,1,0
217643,217643,217645,2,0
217643,217643,217645,2,0
217643,217643,217645,2,0
217643,217643,217645,2,0
217643,217643,217645,2,0
217643,217643,217645,2,0
217643,217643,217645,2,0
217643,217643,217645,2,0
217643,217643,217645,2,0
217643,217643,217645,2,0
217643,217643,217644,1,0
217643,217643,217644,1,0
217643,217643,217645,2,0
217643,217643,217645,2,0
217643,217643,217645,2,0
217643,217643,217645,2,0
217643,217643,217645,2,0
217643,217643,217645,2,0
217643,217643,217645,2,0
217643,217643,217645,2,0
217643,217643,217645,2,0
217643,217643,217645,2,0
217643,217643,217645,2,0
217643,217643,217645,2,0
217643,217643,217645,2,0
217643,217643,217645,2,0
217643,217643,217645,2,0
217643,217643,217645,2,0
217587,217587,217655,68,0
217610,217610,217657,47,0
217590,217590,217658,68,0
217660,217660,217661,1,0
217660,217660,217661,1,0
217660,217660,217661,1,0
217660,217660,217662,2,0
217660,217660,217662,2,0
217660,217660,217662,2,0
217660,217660,217662,2,0
217660,217660,217661,1,0
217660,217660,217662,2,0
217660,217660,217662,2,0
217660,217660,217662,2,0
217660,217660,217662,2,0
217660,217660,217662,2,0
217660,217660,217662,2,0
217660,217660,217662,2,0
217660,217660,217662,2,0
217660,217660,217662,2,0
217660,217660,217662,2,0
217660,217660,217662,2,0
217660,217660,217662,2,0
217660,217660,217662,2,0
217660,217660,217662,2,0
217660,217660,217662,2,0
217660,217660,217662,2,0
217660,217660,217662,2,0
217660,217660,217662,2,0
217660,217660,217662,2,0
217660,217660,217662,2,0
217660,217660,217662,2,0
217660,217660,217662,2,0
217660,217660,217662,2,0
217660,217660,217662,2,0
217660,217660,217662,2,0
217660,217660,217662,2,0
217660,217660,217662,2,0
217660,217660,217662,2,0
217660,217660,217662,2,0
217660,217660,217662,2,0
217660,217660,217662,2,0
217660,217660,217662,2,0
217660,217660,217662,2,0
217660,217660,217662,2,0
217660,217660,217662,2,0
217660,217660,217662,2,0
217660,217660,217662,2,0
217660,217660,217662,2,0
217660,217660,217662,2,0
217660,217660,217661,1,0
217660,217660,217662,2,0
217660,217660,217662,2,0
217660,217660,217662,2,0
217660,217660,217662,2,0
217660,217660,217662,2,0
217660,217660,217662,2,0
217660,217660,217662,2,0
217660,217660,217662,2,0
217660,217660,217662,2,0
217660,217660,217662,2,0
217660,217661,217663,2,1
217660,217660,217663,3,0
217660,217661,217663,2,1
217660,217660,217662,2,0
217660,217660,217663,3,0
217660,217661,217663,2,1
217660,217660,217662,2,0
217660,217661,217663,2,1
217660,217660,217662,2,0
217660,217661,217663,2,1
217660,217661,217663,2,1
217660,217660,217662,2,0
217660,217660,217662,2,0
217660,217661,217663,2,1
217660,217660,217662,2,0
217660,217660,217662,2,0
217660,217660,217662,2,0
217660,217660,217662,2,0
217607,217607,217662,55,0
217660,217660,217662,2,0
217660,217660,217662,2,0
217660,217661,217663,2,1
217660,217660,217662,2,0
217660,217660,217662,2,0
217660,217660,217662,2,0
217660,217662,217664,2,2
217660,217662,217664,2,2
217660,217662,217664,2,2
217660,217662,217664,2,2
217660,217662,217664,2,2
217660,217662,217664,2,2
217660,217662,217664,2,2
217660,217662,217664,2,2
217660,217662,217664,2,2
217660,217662,217664,2,2
217660,217662,217664,2,2
217660,217662,217664,2,2
217660,217662,217664,2,2
217660,217662,217664,2,2
217660,217662,217664,2,2
217694,217694,217695,1,0
217694,217694,217695,1,0
217694,217694,217695,1,0
217694,217694,217695,1,0
217694,217694,217695,1,0
217694,217694,217695,1,0
217694,217694,217695,1,0
217694,217694,217695,1,0
217694,217694,217696,2,0
217694,217694,217696,2,0
217694,217694,217696,2,0
217694,217694,217696,2,0
217694,217694,217696,2,0
217694,217694,217696,2,0
217694,217694,217696,2,0
217694,217694,217696,2,0
217694,217694,217696,2,0
217694,217694,217696,2,0
217694,217694,217696,2,0
217694,217694,217696,2,0
217694,217694,217696,2,0
217694,217694,217696,2,0
217694,217694,217696,2,0
217694,217694,217696,2,0
217694,217694,217696,2,0
217694,217694,217696,2,0
217694,217694,217696,2,0
217694,217694,217696,2,0
217694,217694,217696,2,0
217694,217694,217696,2,0
217694,217694,217696,2,0
217694,217694,217696,2,0
217694,217694,217696,2,0
217694,217694,217696,2,0
217694,217694,217696,2,0
217694,217694,217696,2,0
217694,217694,217696,2,0
217694,217694,217696,2,0
217694,217694,217696,2,0
217694,217694,217696,2,0
217694,217694,217696,2,0
217694,217694,217696,2,0
217694,217694,217696,2,0
217694,217694,217696,2,0
217694,217694,217696,2,0
217694,217694,217696,2,0
217694,217694,217696,2,0
217694,217694,217696,2,0
217694,217694,217695,1,0
217694,217694,217696,2,0
217694,217694,217696,2,0
217694,217694,217696,2,0
217694,217694,217696,2,0
217694,217694,217696,2,0
217694,217694,217696,2,0
217694,217694,217696,2,0
217694,217694,217696,2,0
217694,217694,217697,3,0
217694,217694,217696,2,0
217694,217694,217696,2,0
217694,217694,217696,2,0
217694,217694,217696,2,0
217694,217694,217696,2,0
217694,217694,217696,2,0
217694,217694,217697,3,0
217694,217694,217697,3,0
217694,217694,217697,3,0
217694,217694,217697,3,0
217660,217662,217707,45,2
217729,217729,217730,1,0
217729,217729,217730,1,0
217729,217729,217730,1,0
217729,217729,217730,1,0
217729,217729,217730,1,0
217729,217729,217730,1,0
217729,217729,217730,1,0
217729,217729,217731,2,0
217729,217729,217731,2,0
217729,217729,217730,1,0
217729,217729,217731,2,0
217729,217729,217730,1,0
217729,217729,217731,2,0
217729,217729,217731,2,0
217729,217729,217731,2,0
217729,217729,217731,2,0
217729,217729,217731,2,0
217729,217729,217731,2,0
217729,217729,217731,2,0
217729,217729,217730,1,0
217729,217729,217731,2,0
217729,217729,217731,2,0
217729,217729,217731,2,0
217729,217729,217731,2,0
217729,217729,217731,2,0
217729,217729,217731,2,0
217729,217729,217731,2,0
217729,217729,217731,2,0
217729,217729,217731,2,0
217729,217729,217731,2,0
217729,217729,217731,2,0
217729,217729,217731,2,0
217729,217729,217732,3,0
217729,217729,217731,2,0
217694,217695,217750,55,1
217760,217761,217762,1,1
217760,217761,217762,1,1
217760,217761,217762,1,1
217760,217761,217762,1,1
217760,217761,217762,1,1
217760,217761,217762,1,1
217760,217761,217762,1,1
217760,217761,217762,1,1
217760,217761,217763,2,1
217760,217761,217762,1,1
217760,217761,217763,2,1
217760,217761,217762,1,1
217760,217761,217762,1,1
217760,217761,217763,2,1
217760,217761,217762,1,1
217760,217761,217762,1,1
217760,217761,217763,2,1
217760,217761,217762,1,1
217760,217761,217762,1,1
217760,217761,217763,2,1
217760,217761,217762,1,1
217760,217761,217762,1,1
217760,217761,217762,1,1
217760,217761,217763,2,1
217760,217761,217762,1,1
217760,217761,217762,1,1
217760,217761,217762,1,1
217760,217761,217763,2,1
217777,217777,217778,1,0
217777,217777,217778,1,0
217777,217777,217778,1,0
217777,217777,217778,1,0
217777,217777,217778,1,0
217777,217777,217778,1,0
217777,217777,217778,1,0
217777,217777,217779,2,0
217777,217777,217779,2,0
217777,217777,217779,2,0
217777,217777,217779,2,0
217777,217777,217779,2,0
217777,217777,217779,2,0
217777,217777,217779,2,0
217777,217777,217779,2,0
217777,217777,217779,2,0
217777,217777,217779,2,0
217777,217777,217779,2,0
217777,217777,217779,2,0
217777,217777,217779,2,0
217777,217777,217779,2,0
217777,217777,217779,2,0
217777,217777,217779,2,0
217777,217777,217779,2,0
217777,217777,217779,2,0
217777,217777,217779,2,0
217777,217777,217779,2,0
217777,217777,217779,2,0
217777,217777,217779,2,0
217777,217777,217779,2,0
217777,217777,217779,2,0
217777,217777,217779,2,0
217777,217777,217779,2,0
217777,217777,217780,3,0
217761,217761,217806,45,0
217810,217810,217811,1,0
217810,217810,217811,1,0
217810,217810,217811,1,0
217810,217810,217811,1,0
217810,217810,217811,1,0
217810,217810,217811,1,0
217810,217810,217811,1,0
217810,217810,217812,2,0
217810,217810,217812,2,0
217810,217810,217812,2,0
217810,217810,217811,1,0
217810,217810,217811,1,0
217810,217810,217812,2,0
217810,217810,217812,2,0
217810,217810,217812,2,0
217810,217810,217811,1,0
217810,217810,217812,2,0
217810,217810,217811,1,0
217810,217810,217812,2,0
217810,217810,217812,2,0
217810,217810,217812,2,0
217810,217810,217812,2,0
217810,217810,217811,1,0
217810,217810,217812,2,0
217810,217810,217812,2,0
217810,217810,217812,2,0
217810,217810,217812,2,0
217810,217810,217812,2,0
217810,217810,217812,2,0
217810,217810,217812,2,0
217810,217810,217812,2,0
217810,217810,217812,2,0
217810,217810,217812,2,0
217810,217810,217812,2,0
217778,217778,217830,52,0
217831,217832,217833,1,1
217831,217832,217833,1,1
217831,217832,217833,1,1
217831,217832,217833,1,1
217831,217832,217833,1,1
217831,217832,217834,2,1
217831,217832,217833,1,1
217831,217832,217834,2,1
217831,217832,217833,1,1
217831,217832,217834,2,1
217831,217832,217833,1,1
217831,217832,217834,2,1
217831,217832,217833,1,1
217831,217832,217834,2,1
217831,217832,217833,1,1
217831,217832,217833,1,1
217831,217832,217833,1,1
217831,217832,217833,1,1
217831,217832,217834,2,1
217831,217832,217833,1,1
217831,217832,217833,1,1
217831,217832,217833,1,1
217831,217832,217834,2,1
217831,217832,217833,1,1
217831,217832,217834,2,1
217831,217832,217834,2,1
217831,217832,217834,2,1
217831,217832,217834,2,1
217831,217832,217834,2,1
217831,217832,217834,2,1
217794,217794,217844,50,0
217851,217851,217852,1,0
217851,217851,217852,1,0
217851,217851,217852,1,0
217851,217851,217852,1,0
217851,217851,217852,1,0
217851,217851,217852,1,0
217851,217851,217853,2,0
217851,217851,217853,2,0
217851,217851,217853,2,0
217851,217851,217853,2,0
217851,217851,217852,1,0
217851,217851,217853,2,0
217851,217851,217853,2,0
217851,217851,217853,2,0
217851,217851,217853,2,0
217851,217851,217853,2,0
217851,217851,217853,2,0
217851,217851,217853,2,0
217851,217851,217853,2,0
217851,217851,217853,2,0
217851,217851,217853,2,0
217851,217851,217853,2,0
217851,217851,217853,2,0
217851,217851,217853,2,0
217851,217851,217853,2,0
217851,217851,217853,2,0
217851,217851,217853,2,0
217851,217851,217853,2,0
217851,217851,217853,2,0
217851,217851,217853,2,0
217851,217851,217853,2,0
217851,217851,217853,2,0
217851,217851,217853,2,0
217851,217851,217854,3,0
217811,217811,217862,51,0
217812,217812,217863,51,0
217814,217814,217868,54,0
217872,217872,217873,1,0
217872,217872,217873,1,0
217872,217872,217873,1,0
217872,217872,217873,1,0
217872,217872,217873,1,0
217872,217872,217873,1,0
217872,217872,217873,1,0
217872,217872,217873,1,0
217872,217872,217873,1,0
217872,217872,217873,1,0
217872,217872,217873,1,0
217872,217872,217873,1,0
217872,217872,217874,2,0
217872,217872,217874,2,0
217872,217872,217874,2,0
217872,217872,217873,1,0
217872,217872,217873,1,0
217872,217872,217874,2,0
217872,217872,217874,2,0
217872,217872,217874,2,0
217872,217872,217874,2,0
217872,217872,217874,2,0
217872,217872,217873,1,0
217872,217872,217874,2,0
217872,217872,217874,2,0
217872,217872,217874,2,0
217872,217872,217874,2,0
217872,217872,217873,1,0
217872,217872,217874,2,0
217872,217872,217874,2,0
217872,217872,217874,2,0
217872,217872,217874,2,0
217872,217872,217874,2,0
217872,217872,217874,2,0
217872,217872,217874,2,0
217872,217872,217873,1,0
217872,217872,217874,2,0
217872,217872,217874,2,0
217872,217872,217874,2,0
217872,217872,217874,2,0
217872,217872,217874,2,0
217872,217872,217873,1,0
217872,217872,217874,2,0
217872,217872,217874,2,0
217872,217872,217874,2,0
217872,217872,217874,2,0
217872,217872,217874,2,0
217872,217872,217874,2,0
217872,217872,217874,2,0
217872,217872,217874,2,0
217874,217874,217875,1,0
217872,217872,217874,2,0
217872,217872,217874,2,0
217872,217872,217874,2,0
217872,217872,217874,2,0
217872,217872,217874,2,0
217872,217872,217874,2,0
217872,217872,217874,2,0
217872,217872,217874,2,0
217872,217872,217874,2,0
217872,217872,217874,2,0
217872,217872,217874,2,0
217874,217874,217875,1,0
217872,217872,217874,2,0
217872,217872,217874,2,0
217872,217872,217874,2,0
217872,217872,217874,2,0
217872,217872,217874,2,0
217872,217872,217874,2,0
217872,217872,217874,2,0
217874,217874,217876,2,0
217874,217874,217875,1,0
217874,217874,217876,2,0
217874,217874,217875,1,0
217874,217874,217876,2,0
217874,217874,217875,1,0
217874,217874,217875,1,0
217874,217874,217876,2,0
217874,217874,217876,2,0
217874,217874,217876,2,0
217874,217874,217876,2,0
217874,217874,217876,2,0
217874,217874,217876,2,0
217874,217874,217876,2,0
217874,217874,217876,2,0
217874,217874,217876,2,0
217874,217874,217876,2,0
217874,217874,217876,2,0
217874,217874,217876,2,0
217874,217874,217876,2,0
217874,217874,217876,2,0
217874,217874,217876,2,0
217874,217874,217876,2,0
217874,217874,217876,2,0
217874,217874,217876,2,0
217874,217874,217875,1,0
217874,217874,217876,2,0
217874,217874,217876,2,0
217874,217874,217875,1,0
217833,217833,217880,47,0
217810,217810,217881,71,0
217832,217832,217887,55,0
217852,217852,217898,46,0
217854,217854,217902,48,0
217853,217853,217902,49,0
217909,217909,217910,1,0
217909,217909,217910,1,0
217909,217909,217910,1,0
217909,217909,217910,1,0
217909,217909,217910,1,0
217909,217909,217910,1,0
217909,217909,217910,1,0
217909,217910,217911,1,1
217909,217910,217911,1,1
217909,217909,217911,2,0
217909,217909,217911,2,0
217909,217909,217911,2,0
217909,217909,217911,2,0
217909,217909,217911,2,0
217909,217909,217911,2,0
217909,217909,217911,2,0
217909,217909,217911,2,0
217909,217909,217911,2,0
217909,217909,217911,2,0
217909,217909,217911,2,0
217909,217909,217911,2,0
217909,217909,217911,2,0
217909,217909,217911,2,0
217909,217909,217911,2,0
217909,217909,217911,2,0
217909,217909,217911,2,0
217909,217909,217911,2,0
217909,217909,217911,2,0
217909,217909,217911,2,0
217909,217909,217911,2,0
217909,217909,217911,2,0
217909,217909,217911,2,0
217909,217909,217911,2,0
217909,217909,217911,2,0
217909,217909,217911,2,0
217909,217909,217911,2,0
217909,217909,217911,2,0
217909,217909,217911,2,0
217909,217909,217911,2,0
217909,217909,217911,2,0
217909,217909,217911,2,0
217909,217909,217911,2,0
217909,217909,217911,2,0
217909,217909,217911,2,0
217909,217909,217911,2,0
217909,217909,217911,2,0
217909,217909,217911,2,0
217909,217909,217911,2,0
217909,217909,217911,2,0
217909,217909,217911,2,0
217909,217909,217911,2,0
217909,217909,217911,2,0
217909,217909,217911,2,0
217909,217909,217911,2,0
217909,217909,217911,2,0
217909,217909,217911,2,0
217909,217909,217911,2,0
217909,217909,217911,2,0
217909,217909,217911,2,0
217909,217909,217911,2,0
217909,217909,217911,2,0
217909,217909,217911,2,0
217909,217909,217912,3,0
217909,217910,217912,2,1
217909,217910,217912,2,1
217909,217910,217912,2,1
217909,217910,217912,2,1
217909,217910,217912,2,1
217909,217909,217911,2,0
217909,217910,217912,2,1
217909,217911,217912,1,2
217909,217911,217912,1,2
217909,217910,217912,2,1
217909,217910,217912,2,1
217909,217910,217912,2,1
217909,217909,217912,3,0
217909,217910,217912,2,1
217909,217911,217913,2,2
217909,217911,217913,2,2
217909,217911,217913,2,2
217909,217911,217913,2,2
217909,217911,217913,2,2
217909,217911,217913,2,2
217909,217912,217913,1,3
217909,217912,217913,1,3
217909,217912,217913,1,3
217909,217912,217913,1,3
217909,217912,217913,1,3
217909,217912,217913,1,3
217909,217912,217913,1,3
217909,217912,217913,1,3
217909,217912,217913,1,3
217909,217912,217913,1,3
217909,217911,217913,2,2
217909,217911,217913,2,2
217909,217915,217916,1,6
217909,217915,217916,1,6
217909,217915,217917,2,6
217909,217915,217916,1,6
217909,217915,217917,2,6
217909,217915,217916,1,6
217909,217915,217917,2,6
217876,217876,217928,52,0
217874,217874,217928,54,0
217873,217873,217933,60,0
217942,217942,217943,1,0
217942,217942,217943,1,0
217942,217942,217943,1,0
217942,217942,217943,1,0
217942,217942,217944,2,0
217942,217942,217943,1,0
217942,217943,217944,1,1
217942,217942,217943,1,0
217942,217942,217943,1,0
217942,217942,217944,2,0
217942,217942,217944,2,0
217942,217942,217944,2,0
217942,217942,217944,2,0
217942,217943,217944,1,1
217942,217943,217944,1,1
217942,217943,217945,2,1
217942,217942,217944,2,0
217942,217942,217944,2,0
217942,217942,217944,2,0
217942,217943,217944,1,1
217942,217943,217944,1,1
217942,217942,217944,2,0
217942,217942,217944,2,0
217942,217942,217944,2,0
217942,217943,217944,1,1
217942,217943,217945,2,1
217942,217942,217944,2,0
217942,217942,217944,2,0
217942,217942,217944,2,0
217942,217943,217944,1,1
217942,217943,217944,1,1
217942,217943,217945,2,1
217942,217943,217945,2,1
217942,217942,217944,2,0
217942,217942,217944,2,0
217942,217942,217944,2,0
217942,217943,217944,1,1
217942,217943,217944,1,1
217942,217943,217944,1,1
217942,217942,217944,2,0
217942,217942,217944,2,0
217942,217943,217944,1,1
217942,217943,217944,1,1
217942,217943,217945,2,1
217942,217943,217944,1,1
217942,217942,217944,2,0
217942,217942,217944,2,0
217942,217943,217944,1,1
217942,217943,217944,1,1
217942,217943,217944,1,1
217942,217943,217945,2,1
217942,217942,217944,2,0
217942,217942,217944,2,0
217942,217942,217944,2,0
217942,217943,217944,1,1
217942,217943,217945,2,1
217942,217943,217944,1,1
217942,217942,217944,2,0
217942,217942,217944,2,0
217942,217943,217944,1,1
217942,217943,217944,1,1
217942,217943,217945,2,1
217942,217943,217945,2,1
217942,217943,217944,1,1
217942,217942,217944,2,0
217942,217943,217944,1,1
217942,217943,217944,1,1
217942,217943,217944,1,1
217942,217943,217944,1,1
217942,217943,217945,2,1
217942,217943,217944,1,1
217942,217943,217945,2,1
217942,217943,217945,2,1
217942,217944,217945,1,2
217942,217943,217945,2,1
217942,217943,217945,2,1
217942,217943,217945,2,1
217942,217944,217945,1,2
217942,217943,217945,2,1
217942,217944,217945,1,2
217942,217943,217945,2,1
217942,217944,217946,2,2
217942,217944,217945,1,2
217942,217944,217946,2,2
217942,217944,217945,1,2
217942,217943,217945,2,1
217942,217944,217945,1,2
217942,217944,217945,1,2
217942,217944,217946,2,2
217942,217945,217946,1,3
217942,217945,217946,1,3
217942,217945,217946,1,3
217942,217945,217947,2,3
217942,217945,217947,2,3
217942,217945,217946,1,3
217942,217945,217946,1,3
217942,217945,217946,1,3
217942,217945,217947,2,3
217942,217945,217946,1,3
217942,217945,217946,1,3
217942,217945,217946,1,3
217942,217945,217947,2,3
217910,217912,217959,47,2
217990,217990,217991,1,0
217990,217990,217991,1,0
217990,217990,217991,1,0
217990,217990,217991,1,0
217990,217990,217991,1,0
217990,217990,217991,1,0
217990,217990,217991,1,0
217990,217990,217991,1,0
217990,217990,217991,1,0
217990,217990,217991,1,0
217990,217990,217992,2,0
217990,217990,217991,1,0
217990,217990,217991,1,0
217990,217990,217991,1,0
217990,217990,217991,1,0
217990,217990,217992,2,0
217990,217990,217992,2,0
217990,217990,217992,2,0
217990,217990,217992,2,0
217990,217990,217991,1,0
217990,217990,217992,2,0
217990,217990,217992,2,0
217990,217990,217992,2,0
217990,217990,217991,1,0
217990,217990,217992,2,0
217990,217990,217992,2,0
217990,217990,217992,2,0
217990,217990,217991,1,0
217990,217990,217991,1,0
217990,217990,217992,2,0
217990,217990,217992,2,0
217990,217990,217992,2,0
217990,217990,217992,2,0
217990,217990,217992,2,0
217990,217990,217991,1,0
217990,217990,217992,2,0
217990,217990,217992,2,0
217990,217990,217991,1,0
217990,217990,217991,1,0
217990,217990,217991,1,0
217990,217990,217992,2,0
217990,217990,217992,2,0
217990,217990,217992,2,0
217990,217990,217992,2,0
217990,217990,217991,1,0
217990,217990,217992,2,0
217990,217990,217992,2,0
217990,217990,217992,2,0
217990,217990,217991,1,0
217990,217990,217991,1,0
217990,217990,217992,2,0
217990,217990,217992,2,0
217990,217990,217992,2,0
217990,217990,217991,1,0
217990,217990,217992,2,0
217990,217990,217991,1,0
217990,217990,217992,2,0
217990,217990,217992,2,0
217990,217990,217992,2,0
217990,217990,217993,3,0
217990,217990,217993,3,0
217990,217990,217993,3,0
217990,217990,217992,2,0
217990,217990,217992,2,0
217990,217990,217992,2,0
217990,217990,217992,2,0
217990,217990,217993,3,0
217943,217945,218002,57,2
218022,218022,218024,2,0
218022,218022,218023,1,0
218022,218022,218023,1,0
218022,218022,218023,1,0
218022,218022,218023,1,0
218022,218022,218023,1,0
218022,218022,218023,1,0
218022,218022,218023,1,0
218022,218022,218024,2,0
218022,218022,218024,2,0
218022,218023,218025,2,1
218022,218023,218025,2,1
218022,218023,218025,2,1
218022,218023,218025,2,1
218022,218023,218025,2,1
218022,218023,218025,2,1
218022,218023,218024,1,1
218022,218022,218024,2,0
218022,218023,218025,2,1
218022,218023,218024,1,1
218022,218023,218025,2,1
218022,218022,218024,2,0
218022,218023,218025,2,1
218022,218023,218024,1,1
218022,218023,218025,2,1
218022,218022,218025,3,0
218022,218022,218024,2,0
218022,218023,218024,1,1
218022,218023,218024,1,1
218022,218022,218024,2,0
218022,218023,218025,2,1
218022,218023,218024,1,1
218022,218023,218025,2,1
218022,218022,218024,2,0
218022,218023,218025,2,1
218022,218023,218024,1,1
218022,218023,218025,2,1
218022,218022,218024,2,0
218022,218023,218025,2,1
218022,218023,218025,2,1
218022,218023,218025,2,1
218022,218022,218024,2,0
218022,218023,218024,1,1
218022,218023,218024,1,1
218022,218023,218025,2,1
218022,218022,218025,3,0
218022,218023,218025,2,1
218022,218023,218025,2,1
218022,218023,218024,1,1
218022,218023,218025,2,1
218022,218023,218025,2,1
218022,218023,218025,2,1
218022,218023,218025,2,1
218022,218023,218025,2,1
218022,218023,218025,2,1
218022,218023,218025,2,1
218022,218023,218025,2,1
218022,218023,218025,2,1
218022,218023,218025,2,1
218022,218023,218025,2,1
218022,218023,218025,2,1
218022,218023,218025,2,1
218022,218023,218025,2,1
218022,218023,218025,2,1
218022,218023,218025,2,1
218022,218023,218025,2,1
218022,218023,218025,2,1
218022,218023,218025,2,1
217990,217990,218041,51,0
218055,218056,218057,1,1
218055,218056,218057,1,1
218055,218056,218057,1,1
218055,218056,218057,1,1
218055,218056,218057,1,1
218055,218056,218057,1,1
218055,218056,218057,1,1
218055,218056,218057,1,1
218055,218056,218058,2,1
218055,218056,218057,1,1
218055,218056,218057,1,1
218055,218056,218057,1,1
218055,218056,218057,1,1
218055,218056,218057,1,1
218055,218056,218057,1,1
218055,218056,218058,2,1
218055,218056,218057,1,1
218055,218056,218058,2,1
218055,218056,218058,2,1
218055,218056,218058,2,1
218055,218056,218058,2,1
218055,218056,218058,2,1
218055,218056,218058,2,1
218055,218056,218058,2,1
218055,218056,218058,2,1
218055,218056,218058,2,1
218055,218056,218058,2,1
218055,218056,218058,2,1
218055,218056,218058,2,1
218055,218056,218058,2,1
218055,218056,218058,2,1
218055,218056,218058,2,1
218023,218023,218074,51,0
218088,218088,218089,1,0
218088,218088,218089,1,0
218088,218088,218089,1,0
218088,218088,218089,1,0
218088,218088,218089,1,0
218088,218088,218089,1,0
218088,218088,218090,2,0
218088,218088,218090,2,0
218088,218088,218090,2,0
218088,218088,218090,2,0
218088,218088,218090,2,0
218088,218088,218090,2,0
218088,218088,218089,1,0
218088,218088,218089,1,0
218088,218088,218090,2,0
218088,218088,218089,1,0
218088,218088,218090,2,0
218088,218088,218090,2,0
218088,218088,218089,1,0
218088,218088,218090,2,0
218088,218088,218090,2,0
218088,218088,218090,2,0
218088,218088,218089,1,0
218088,218088,218090,2,0
218088,218088,218090,2,0
218088,218088,218090,2,0
218088,218088,218090,2,0
218088,218088,218090,2,0
218088,218088,218090,2,0
218088,218088,218090,2,0
218088,218088,218090,2,0
218088,218088,218090,2,0
218088,218088,218090,2,0
218088,218088,218090,2,0
218056,218056,218104,48,0
218105,218105,218106,1,0
218105,218105,218106,1,0
218105,218105,218106,1,0
218105,218105,218107,2,0
218105,218105,218107,2,0
218105,218105,218107,2,0
218105,218105,218106,1,0
218105,218105,218107,2,0
218105,218105,218107,2,0
218105,218105,218107,2,0
218105,218105,218107,2,0
218105,218105,218107,2,0
218105,218105,218107,2,0
218105,218105,218106,1,0
218105,218105,218107,2,0
218105,218105,218107,2,0
218105,218105,218107,2,0
218105,218105,218107,2,0
218105,218105,218107,2,0
218105,218105,218107,2,0
218105,218105,218107,2,0
218105,218105,218107,2,0
218105,218105,218107,2,0
218105,218105,218107,2,0
218105,218105,218107,2,0
218105,218105,218107,2,0
218105,218105,218107,2,0
218105,218105,218107,2,0
218105,218105,218107,2,0
218105,218105,218107,2,0
218105,218105,218107,2,0
218105,218105,218107,2,0
218105,218105,218107,2,0
218105,218105,218107,2,0
218123,218123,218124,1,0
218123,218123,218124,1,0
218123,218123,218124,1,0
218123,218123,218125,2,0
218123,218123,218125,2,0
218123,218123,218125,2,0
218123,218123,218124,1,0
218123,218123,218125,2,0
218123,218123,218125,2,0
218123,218123,218125,2,0
218123,218123,218125,2,0
218123,218123,218124,1,0
218123,218123,218125,2,0
218123,218123,218125,2,0
218123,218123,218125,2,0
218123,218123,218124,1,0
218123,218123,218125,2,0
218123,218123,218125,2,0
218123,218123,218125,2,0
218123,218123,218125,2,0
218123,218123,218125,2,0
218123,218123,218124,1,0
218123,218123,218125,2,0
218123,218123,218125,2,0
218123,218123,218125,2,0
218123,218123,218125,2,0
218123,218123,218125,2,0
218123,218123,218125,2,0
218123,218123,218125,2,0
218123,218123,218125,2,0
218123,218123,218125,2,0
218123,218123,218125,2,0
218123,218123,218125,2,0
218123,218123,218125,2,0
218105,218105,218153,48,0
218157,218157,218158,1,0
218157,218157,218158,1,0
218157,218157,218159,2,0
218157,218157,218159,2,0
218157,218157,218159,2,0
218157,218157,218159,2,0
218157,218157,218159,2,0
218157,218157,218159,2,0
218157,218157,218159,2,0
218157,218157,218159,2,0
218157,218157,218159,2,0
218157,218157,218159,2,0
218157,218158,218159,1,1
218157,218157,218159,2,0
218157,218158,218159,1,1
218157,218157,218159,2,0
218157,218158,218159,1,1
218157,218157,218159,2,0
218157,218158,218159,1,1
218157,218157,218159,2,0
218157,218157,218159,2,0
218157,218157,218160,3,0
218157,218157,218160,3,0
218157,218157,218159,2,0
218157,218157,218160,3,0
218157,218157,218160,3,0
218157,218157,218160,3,0
218157,218157,218160,3,0
218157,218157,218160,3,0
218157,218157,218160,3,0
218157,218157,218160,3,0
218157,218157,218160,3,0
218157,218157,218160,3,0
218157,218157,218160,3,0
218123,218123,218169,46,0
218183,218183,218184,1,0
218183,218183,218184,1,0
218183,218183,218184,1,0
218183,218183,218184,1,0
218183,218183,218184,1,0
218183,218183,218184,1,0
218183,218183,218185,2,0
218183,218183,218184,1,0
218183,218183,218185,2,0
218183,218183,218185,2,0
218183,218183,218184,1,0
218183,218183,218185,2,0
218183,218183,218185,2,0
218183,218183,218185,2,0
218183,218183,218185,2,0
218183,218183,218184,1,0
218183,218183,218184,1,0
218183,218183,218185,2,0
218183,218183,218185,2,0
218183,218183,218185,2,0
218183,218183,218184,1,0
218183,218183,218185,2,0
218183,218183,218185,2,0
218183,218183,218185,2,0
218183,218183,218185,2,0
218183,218183,218185,2,0
218183,218183,218185,2,0
218183,218183,218185,2,0
218183,218183,218185,2,0
218183,218183,218185,2,0
218183,218183,218185,2,0
218183,218183,218185,2,0
218183,218183,218185,2,0
218183,218183,218185,2,0
218142,218142,218192,50,0
218203,218203,218204,1,0
218203,218203,218204,1,0
218203,218203,218204,1,0
218203,218203,218204,1,0
218203,218203,218204,1,0
218203,218203,218204,1,0
218203,218203,218205,2,0
218203,218203,218205,2,0
218203,218203,218205,2,0
218203,218203,218204,1,0
218203,218203,218204,1,0
218203,218203,218205,2,0
218203,218203,218205,2,0
218203,218203,218205,2,0
218203,218203,218204,1,0
218203,218203,218205,2,0
218203,218203,218205,2,0
218203,218203,218205,2,0
218203,218203,218205,2,0
218203,218203,218205,2,0
218203,218203,218205,2,0
218203,218203,218204,1,0
218203,218203,218204,1,0
218203,218203,218205,2,0
218203,218203,218205,2,0
218203,218203,218205,2,0
218203,218203,218205,2,0
218203,218203,218205,2,0
218203,218203,218205,2,0
218203,218203,218205,2,0
218203,218203,218205,2,0
218203,218203,218205,2,0
218203,218203,218205,2,0
218203,218203,218205,2,0
218158,218158,218206,48,0
218161,218161,218209,48,0
218160,218160,218216,56,0
218159,218159,218216,57,0
218164,218164,218220,56,0
218162,218162,218221,59,0
218224,218224,218225,1,0
218224,218225,218226,1,1
218224,218224,218225,1,0
218224,218224,218225,1,0
218224,218224,218225,1,0
218224,218225,218226,1,1
218224,218224,218225,1,0
218224,218224,218226,2,0
218224,218224,218225,1,0
218224,218224,218225,1,0
218224,218224,218226,2,0
218224,218224,218226,2,0
218224,218225,218227,2,1
218224,218224,218226,2,0
218224,218224,218226,2,0
218224,218224,218226,2,0
218224,218225,218226,1,1
218224,218225,218226,1,1
218224,218224,218226,2,0
218224,218224,218226,2,0
218224,218225,218226,1,1
218224,218225,218226,1,1
218224,218224,218227,3,0
218224,218224,218227,3,0
218224,218225,218226,1,1
218224,218225,218226,1,1
218224,218224,218227,3,0
218224,218224,218226,2,0
218224,218225,218226,1,1
218224,218225,218226,1,1
218224,218225,218226,1,1
218224,218225,218226,1,1
218224,218224,218226,2,0
218224,218224,218226,2,0
218224,218224,218226,2,0
218224,218225,218227,2,1
218224,218225,218226,1,1
218224,218224,218226,2,0
218224,218224,218227,3,0
218224,218225,218226,1,1
218224,218225,218227,2,1
218224,218225,218226,1,1
218224,218224,218227,3,0
218224,218224,218226,2,0
218224,218225,218226,1,1
218224,218225,218227,2,1
218224,218225,218226,1,1
218224,218224,218227,3,0
218224,218224,218227,3,0
218224,218225,218227,2,1
218224,218225,218227,2,1
218224,218225,218226,1,1
218224,218225,218226,1,1
218224,218225,218227,2,1
218224,218225,218227,2,1
218224,218225,218226,1,1
218224,218225,218227,2,1
218224,218225,218227,2,1
218224,218224,218227,3,0
218224,218225,218227,2,1
218224,218226,218227,1,2
218224,218226,218227,1,2
218224,218225,218227,2,1
218224,218226,218227,1,2
218224,218226,218227,1,2
218224,218225,218227,2,1
218224,218226,218227,1,2
218224,218224,218227,3,0
218224,218225,218227,2,1
218224,218225,218227,2,1
218224,218226,218228,2,2
218224,218225,218227,2,1
218224,218226,218228,2,2
218224,218226,218228,2,2
218224,218226,218228,2,2
218224,218226,218228,2,2
218224,218225,218227,2,1
218224,218225,218227,2,1
218224,218226,218228,2,2
218224,218225,218227,2,1
218224,218225,218227,2,1
218224,218226,218228,2,2
218226,218227,218228,1,1
218224,218225,218227,2,1
218224,218226,218228,2,2
218224,218227,218229,2,3
218224,218227,218229,2,3
218224,218227,218229,2,3
218224,218227,218229,2,3
218224,218227,218229,2,3
218224,218227,218229,2,3
218224,218227,218229,2,3
218224,218227,218229,2,3
218224,218227,218229,2,3
218224,218227,218229,2,3
218224,218227,218229,2,3
218224,218227,218229,2,3
218227,218228,218229,1,1
218226,218227,218228,1,1
218226,218227,218229,2,1
218226,218227,218229,2,1
218226,218227,218229,2,1
218226,218227,218228,1,1
218226,218227,218229,2,1
218226,218227,218229,2,1
218226,218227,218228,1,1
218226,218227,218229,2,1
218226,218227,218229,2,1
218226,218227,218228,1,1
218226,218227,218229,2,1
218226,218227,218229,2,1
218226,218227,218229,2,1
218224,218227,218229,2,3
218226,218227,218228,1,1
218226,218227,218229,2,1
218226,218227,218229,2,1
218226,218227,218229,2,1
218226,218227,218229,2,1
218226,218227,218229,2,1
218226,218227,218229,2,1
218226,218227,218229,2,1
218226,218228,218230,2,2
218226,218228,218229,1,2
218226,218228,218229,1,2
218226,218228,218230,2,2
218227,218228,218229,1,1
218227,218228,218229,1,1
218227,218228,218230,2,1
218227,218228,218229,1,1
218227,218228,218229,1,1
218227,218228,218229,1,1
218227,218228,218229,1,1
218227,218228,218229,1,1
218227,218228,218229,1,1
218226,218227,218229,2,1
218226,218227,218229,2,1
218227,218228,218230,2,1
218227,218228,218230,2,1
218226,218227,218229,2,1
218226,218227,218229,2,1
218227,218228,218230,2,1
218227,218228,218230,2,1
218226,218227,218229,2,1
218227,218228,218230,2,1
218227,218228,218230,2,1
218227,218228,218230,2,1
218226,218227,218229,2,1
218227,218228,218230,2,1
218227,218228,218230,2,1
218227,218228,218230,2,1
218227,218228,218230,2,1
218227,218228,218230,2,1
218227,218228,218230,2,1
218227,218228,218230,2,1
218227,218228,218230,2,1
218227,218228,218230,2,1
218226,218228,218230,2,2
218227,218229,218231,2,2
218227,218229,218231,2,2
218227,218229,218231,2,2
218227,218229,218231,2,2
218227,218229,218231,2,2
218227,218229,218231,2,2
218227,218228,218230,2,1
218227,218228,218230,2,1
218185,218185,218243,58,0
218186,218186,218246,60,0
218205,218205,218253,48,0
218204,218204,218257,53,0
218206,218206,218259,53,0
218225,218227,218272,45,2
218276,218276,218277,1,0
218276,218276,218277,1,0
218276,218276,218277,1,0
218276,218276,218277,1,0
218276,218276,218278,2,0
218276,218276,218278,2,0
218276,218276,218278,2,0
218276,218276,218278,2,0
218276,218276,218278,2,0
218276,218276,218278,2,0
218276,218276,218278,2,0
218276,218276,218278,2,0
218276,218276,218277,1,0
218276,218276,218278,2,0
218276,218276,218278,2,0
218276,218276,218278,2,0
218276,218276,218278,2,0
218276,218276,218278,2,0
218276,218276,218278,2,0
218276,218276,218278,2,0
218276,218276,218278,2,0
218276,218276,218278,2,0
218276,218276,218278,2,0
218276,218276,218278,2,0
218276,218276,218277,1,0
218276,218276,218278,2,0
218276,218276,218278,2,0
218276,218276,218278,2,0
218276,218276,218278,2,0
218276,218276,218278,2,0
218276,218276,218278,2,0
218276,218276,218278,2,0
218276,218276,218277,1,0
218276,218276,218278,2,0
218276,218276,218277,1,0
218276,218276,218278,2,0
218276,218276,218278,2,0
218276,218276,218278,2,0
218276,218276,218278,2,0
218276,218276,218278,2,0
218276,218276,218278,2,0
218276,218276,218278,2,0
218276,218276,218278,2,0
218276,218276,218278,2,0
218276,218276,218278,2,0
218276,218276,218278,2,0
218276,218276,218278,2,0
218276,218276,218278,2,0
218276,218276,218278,2,0
218276,218276,218278,2,0
218276,218276,218278,2,0
218276,218276,218278,2,0
218276,218276,218278,2,0
218276,218276,218278,2,0
218276,218276,218279,3,0
218276,218276,218278,2,0
218276,218276,218278,2,0
218276,218276,218279,3,0
218276,218277,218279,2,1
218276,218277,218279,2,1
218276,218276,218278,2,0
218276,218276,218278,2,0
218276,218277,218279,2,1
218276,218277,218279,2,1
218276,218276,218278,2,0
218276,218276,218278,2,0
218276,218276,218278,2,0
218276,218277,218279,2,1
218276,218276,218278,2,0
218276,218276,218278,2,0
218276,218276,218278,2,0
218276,218277,218279,2,1
218276,218278,218279,1,2
218276,218276,218278,2,0
218276,218276,218278,2,0
218276,218276,218278,2,0
218276,218277,218279,2,1
218276,218276,218278,2,0
218276,218276,218278,2,0
218276,218277,218279,2,1
218276,218278,218279,1,2
218276,218276,218278,2,0
218276,218276,218278,2,0
218276,218277,218279,2,1
218276,218278,218280,2,2
218276,218278,218280,2,2
218276,218278,218280,2,2
218276,218278,218280,2,2
218276,218279,218280,1,3
218276,218278,218280,2,2
218276,218278,218280,2,2
218276,218278,218280,2,2
218276,218278,218280,2,2
218276,218278,218280,2,2
218276,218278,218280,2,2
218276,218278,218280,2,2
218276,218278,218280,2,2
218276,218278,218280,2,2
218276,218278,218280,2,2
218276,218278,218280,2,2
218276,218278,218280,2,2
218276,218277,218279,2,1
218276,218278,218280,2,2
218276,218278,218280,2,2
218276,218278,218280,2,2
218276,218278,218279,1,2
218276,218278,218280,2,2
218276,218278,218280,2,2
218276,218278,218280,2,2
218276,218278,218280,2,2
218276,218278,218280,2,2
218276,218278,218280,2,2
218276,218278,218279,1,2
218276,218278,218280,2,2
218276,218278,218280,2,2
218276,218278,218280,2,2
218276,218278,218280,2,2
218276,218278,218280,2,2
218276,218278,218280,2,2
218276,218278,218280,2,2
218276,218278,218280,2,2
218276,218279,218281,2,3
218276,218279,218281,2,3
218276,218279,218281,2,3
218276,218279,218281,2,3
218276,218279,218281,2,3
218276,218278,218281,3,2
218276,218278,218281,3,2
218276,218278,218281,3,2
218276,218278,218281,3,2
218228,218229,218294,65,1
218324,218324,218325,1,0
218324,218324,218325,1,0
218324,218324,218325,1,0
218324,218324,218325,1,0
218324,218324,218325,1,0
218324,218324,218325,1,0
218324,218324,218325,1,0
218324,218324,218325,1,0
218276,218279,218326,47,3
218324,218324,218326,2,0
218324,218324,218326,2,0
218324,218324,218325,1,0
218324,218324,218325,1,0
218324,218324,218326,2,0
218324,218324,218326,2,0
218324,218324,218326,2,0
218324,218324,218326,2,0
218324,218324,218325,1,0
218324,218324,218326,2,0
218324,218324,218326,2,0
218324,218324,218326,2,0
218324,218324,218326,2,0
218324,218324,218326,2,0
218324,218324,218326,2,0
218324,218324,218326,2,0
218324,218324,218326,2,0
218324,218324,218325,1,0
218324,218324,218326,2,0
218324,218324,218326,2,0
218324,218324,218325,1,0
218324,218324,218326,2,0
218324,218324,218326,2,0
218324,218324,218325,1,0
218324,218324,218325,1,0
218324,218324,218326,2,0
218324,218324,218326,2,0
218324,218324,218326,2,0
218324,218324,218326,2,0
218324,218324,218326,2,0
218324,218324,218326,2,0
218324,218324,218325,1,0
218324,218324,218325,1,0
218324,218324,218326,2,0
218324,218324,218326,2,0
218324,218324,218326,2,0
218324,218324,218326,2,0
218324,218324,218325,1,0
218324,218324,218326,2,0
218324,218324,218326,2,0
218324,218324,218326,2,0
218324,218324,218326,2,0
218324,218324,218326,2,0
218324,218324,218325,1,0
218324,218324,218326,2,0
218324,218324,218326,2,0
218324,218324,218326,2,0
218324,218324,218325,1,0
218324,218324,218326,2,0
218324,218324,218325,1,0
218324,218324,218326,2,0
218324,218324,218326,2,0
218324,218324,218326,2,0
218324,218324,218326,2,0
218324,218324,218326,2,0
218324,218324,218326,2,0
218324,218324,218326,2,0
218324,218324,218326,2,0
218324,218324,218326,2,0
218324,218325,218371,46,1
218370,218370,218371,1,0
218370,218370,218371,1,0
218370,218370,218371,1,0
218370,218370,218372,2,0
218370,218370,218371,1,0
218370,218370,218372,2,0
218370,218370,218372,2,0
218370,218370,218372,2,0
218370,218370,218371,1,0
218370,218370,218371,1,0
218370,218370,218372,2,0
218370,218370,218372,2,0
218370,218370,218372,2,0
218370,218370,218372,2,0
218370,218370,218372,2,0
218370,218370,218372,2,0
218370,218370,218372,2,0
218370,218370,218372,2,0
218370,218370,218372,2,0
218370,218370,218372,2,0
218370,218370,218372,2,0
218370,218370,218372,2,0
218370,218370,218372,2,0
218370,218370,218372,2,0
218370,218370,218371,1,0
218370,218370,218372,2,0
218370,218370,218372,2,0
218370,218370,218372,2,0
218370,218370,218372,2,0
218370,218370,218372,2,0
218370,218370,218372,2,0
218370,218370,218372,2,0
218370,218370,218372,2,0
218370,218370,218372,2,0
218370,218370,218372,2,0
218370,218370,218372,2,0
218370,218370,218372,2,0
218370,218370,218372,2,0
218370,218370,218372,2,0
218370,218370,218372,2,0
218370,218370,218372,2,0
218370,218370,218372,2,0
218370,218370,218372,2,0
218370,218370,218372,2,0
218370,218370,218372,2,0
218370,218370,218372,2,0
218370,218370,218372,2,0
218370,218370,218372,2,0
218370,218370,218372,2,0
218370,218370,218373,3,0
218370,218370,218372,2,0
218370,218370,218372,2,0
218370,218370,218372,2,0
218370,218370,218372,2,0
218370,218370,218373,3,0
218370,218370,218372,2,0
218370,218370,218372,2,0
218370,218370,218372,2,0
218370,218370,218373,3,0
218370,218370,218372,2,0
218370,218370,218372,2,0
218370,218370,218372,2,0
218370,218370,218372,2,0
218402,218402,218403,1,0
218402,218402,218403,1,0
218402,218402,218403,1,0
218402,218402,218403,1,0
218402,218402,218403,1,0
218402,218402,218403,1,0
218402,218402,218404,2,0
218402,218402,218404,2,0
218402,218402,218403,1,0
218402,218402,218404,2,0
218402,218402,218404,2,0
218402,218402,218404,2,0
218402,218402,218404,2,0
218402,218402,218404,2,0
218402,218402,218404,2,0
218402,218402,218404,2,0
218402,218402,218404,2,0
218402,218402,218404,2,0
218402,218402,218404,2,0
218402,218402,218404,2,0
218402,218402,218404,2,0
218402,218402,218404,2,0
218402,218402,218404,2,0
218402,218402,218404,2,0
218402,218402,218404,2,0
218402,218402,218404,2,0
218402,218402,218404,2,0
218402,218402,218404,2,0
218402,218402,218404,2,0
218402,218402,218404,2,0
218402,218402,218404,2,0
218402,218402,218404,2,0
218402,218402,218405,3,0
218402,218402,218404,2,0
218370,218370,218426,56,0
218433,218433,218434,1,0
218433,218433,218434,1,0
218433,218433,218435,2,0
218433,218433,218434,1,0
218433,218433,218435,2,0
218433,218433,218434,1,0
218433,218433,218435,2,0
218433,218433,218435,2,0
218433,218433,218434,1,0
218433,218433,218434,1,0
218433,218433,218435,2,0
218433,218433,218434,1,0
218433,218433,218435,2,0
218433,218433,218434,1,0
218433,218433,218434,1,0
218433,218433,218435,2,0
218433,218433,218435,2,0
218433,218433,218435,2,0
218433,218433,218435,2,0
218433,218433,218435,2,0
218433,218433,218434,1,0
218433,218433,218435,2,0
218433,218433,218435,2,0
218433,218433,218434,1,0
218433,218433,218434,1,0
218433,218433,218435,2,0
218433,218433,218434,1,0
218433,218433,218435,2,0
218433,218433,218435,2,0
218433,218433,218435,2,0
218450,218450,218451,1,0
218450,218450,218451,1,0
218450,218450,218451,1,0
218450,218450,218451,1,0
218450,218450,218451,1,0
218450,218450,218451,1,0
218450,218450,218452,2,0
218450,218450,218451,1,0
218450,218450,218452,2,0
218450,218450,218451,1,0
218450,218450,218451,1,0
218450,218450,218452,2,0
218450,218450,218451,1,0
218450,218450,218452,2,0
218450,218450,218452,2,0
218450,218450,218451,1,0
218450,218450,218451,1,0
218450,218450,218451,1,0
218450,218450,218452,2,0
218450,218450,218451,1,0
218450,218450,218452,2,0
218450,218450,218452,2,0
218450,218450,218451,1,0
218450,218450,218452,2,0
218450,218450,218452,2,0
218450,218450,218451,1,0
218450,218450,218452,2,0
218450,218450,218452,2,0
218450,218450,218451,1,0
218450,218450,218452,2,0
218450,218450,218452,2,0
218450,218450,218452,2,0
218450,218450,218452,2,0
218450,218450,218452,2,0
218402,218402,218454,52,0
218467,218467,218468,1,0
218467,218467,218468,1,0
218467,218467,218468,1,0
218467,218467,218468,1,0
218467,218467,218468,1,0
218467,218467,218468,1,0
218467,218467,218469,2,0
218467,218467,218468,1,0
218467,218467,218468,1,0
218467,218467,218469,2,0
218467,218467,218469,2,0
218467,218467,218469,2,0
218467,218467,218469,2,0
218467,218467,218469,2,0
218467,218467,218469,2,0
218467,218467,218468,1,0
218467,218467,218469,2,0
218467,218467,218469,2,0
218467,218467,218469,2,0
218467,218467,218468,1,0
218467,218467,218469,2,0
218467,218467,218469,2,0
218467,218467,218469,2,0
218467,218467,218468,1,0
218467,218467,218469,2,0
218467,218467,218469,2,0
218467,218467,218469,2,0
218467,218467,218469,2,0
218467,218467,218469,2,0
218467,218467,218469,2,0
218467,218467,218469,2,0
218467,218467,218469,2,0
218467,218467,218469,2,0
218467,218467,218469,2,0
218433,218433,218484,51,0
218450,218450,218498,48,0
218499,218500,218501,1,1
218499,218500,218502,2,1
218499,218500,218502,2,1
218499,218500,218501,1,1
218499,218500,218501,1,1
218499,218500,218501,1,1
218501,218501,218502,1,0
218499,218500,218502,2,1
218499,218500,218501,1,1
218499,218500,218501,1,1
218501,218501,218502,1,0
218499,218500,218501,1,1
218499,218500,218501,1,1
218499,218500,218501,1,1
218499,218500,218502,2,1
218499,218500,218501,1,1
218501,218501,218502,1,0
218499,218500,218501,1,1
218499,218500,218502,2,1
218499,218500,218501,1,1
218501,218501,218502,1,0
218499,218500,218501,1,1
218499,218500,218501,1,1
218499,218500,218501,1,1
218499,218500,218501,1,1
218499,218500,218501,1,1
218501,218501,218502,1,0
218499,218500,218501,1,1
218499,218500,218501,1,1
218499,218500,218501,1,1
218501,218501,218502,1,0
218499,218500,218501,1,1
218499,218500,218501,1,1
218499,218500,218501,1,1
218501,218501,218502,1,0
218501,218501,218502,1,0
218501,218501,218503,2,0
218501,218501,218503,2,0
218501,218501,218503,2,0
218501,218501,218503,2,0
218501,218501,218503,2,0
218501,218501,218503,2,0
218501,218501,218503,2,0
218501,218501,218503,2,0
218501,218501,218503,2,0
218501,218501,218503,2,0
218501,218501,218503,2,0
218501,218501,218503,2,0
218501,218501,218503,2,0
218501,218501,218503,2,0
218501,218501,218503,2,0
218501,218501,218503,2,0
218501,218501,218503,2,0
218501,218501,218503,2,0
218501,218501,218503,2,0
218501,218501,218503,2,0
218501,218501,218503,2,0
218501,218501,218503,2,0
218501,218501,218503,2,0
218501,218501,218503,2,0
218501,218501,218503,2,0
218501,218501,218503,2,0
218484,218485,218542,57,1
218544,218544,218545,1,0
218544,218544,218545,1,0
218544,218544,218545,1,0
218544,218544,218545,1,0
218544,218544,218545,1,0
218544,218544,218545,1,0
218544,218544,218545,1,0
218544,218544,218545,1,0
218544,218544,218546,2,0
218544,218544,218545,1,0
218544,218544,218545,1,0
218544,218544,218545,1,0
218544,218544,218545,1,0
218544,218544,218545,1,0
218544,218544,218545,1,0
218544,218544,218545,1,0
218544,218544,218546,2,0
218544,218544,218545,1,0
218544,218544,218545,1,0
218544,218544,218545,1,0
218544,218544,218545,1,0
218544,218544,218545,1,0
218544,218544,218546,2,0
218544,218544,218545,1,0
218544,218544,218545,1,0
218544,218544,218546,2,0
218502,218502,218551,49,0
218500,218500,218559,59,0
218503,218503,218564,61,0
218565,218565,218566,1,0
218565,218565,218566,1,0
218565,218565,218566,1,0
218565,218565,218566,1,0
218565,218565,218566,1,0
218565,218565,218566,1,0
218565,218565,218566,1,0
218565,218565,218566,1,0
218565,218565,218566,1,0
218565,218565,218566,1,0
218565,218565,218566,1,0
218565,218565,218566,1,0
218565,218565,218566,1,0
218565,218565,218566,1,0
218565,218565,218566,1,0
218565,218565,218566,1,0
218565,218565,218566,1,0
218565,218565,218566,1,0
218565,218565,218566,1,0
218565,218565,218566,1,0
218565,218565,218566,1,0
218565,218565,218566,1,0
218565,218565,218566,1,0
218565,218565,218566,1,0
218565,218565,218566,1,0
218565,218565,218566,1,0
218565,218565,218567,2,0
218565,218565,218567,2,0
218565,218565,218567,2,0
218565,218565,218567,2,0
218565,218565,218567,2,0
218565,218565,218567,2,0
218565,218565,218567,2,0
218566,218567,218568,1,1
218566,218567,218568,1,1
218566,218567,218568,1,1
218566,218567,218568,1,1
218566,218567,218568,1,1
218566,218567,218568,1,1
218566,218567,218568,1,1
218566,218567,218568,1,1
218566,218567,218568,1,1
218566,218567,218568,1,1
218566,218567,218569,2,1
218566,218567,218569,2,1
218566,218567,218569,2,1
218566,218567,218569,2,1
218566,218567,218568,1,1
218566,218567,218568,1,1
218566,218567,218569,2,1
218566,218567,218568,1,1
218566,218567,218568,1,1
218566,218567,218569,2,1
218566,218567,218568,1,1
218566,218567,218569,2,1
218566,218567,218568,1,1
218566,218567,218568,1,1
218566,218567,218569,2,1
218566,218567,218569,2,1
218566,218567,218568,1,1
218566,218567,218569,2,1
218585,218585,218586,1,0
218585,218585,218586,1,0
218585,218585,218586,1,0
218585,218585,218587,2,0
218585,218585,218587,2,0
218585,218585,218586,1,0
218585,218585,218587,2,0
218585,218585,218587,2,0
218585,218585,218587,2,0
218585,218585,218587,2,0
218585,218585,218587,2,0
218585,218585,218586,1,0
218585,218585,218587,2,0
218585,218585,218587,2,0
218585,218585,218587,2,0
218585,218585,218587,2,0
218585,218585,218587,2,0
218585,218585,218587,2,0
218585,218585,218587,2,0
218585,218585,218586,1,0
218585,218585,218587,2,0
218585,218585,218587,2,0
218585,218585,218587,2,0
218585,218585,218587,2,0
218585,218585,218587,2,0
218585,218585,218586,1,0
218585,218585,218586,1,0
218585,218585,218587,2,0
218585,218585,218587,2,0
218585,218585,218587,2,0
218585,218585,218587,2,0
218585,218585,218587,2,0
218585,218585,218587,2,0
218585,218585,218587,2,0
218539,218539,218588,49,0
218521,218521,218590,69,0
218540,218540,218592,52,0
218538,218538,218594,56,0
218546,218546,218594,48,0
218547,218547,218598,51,0
218603,218603,218604,1,0
218603,218603,218604,1,0
218603,218603,218604,1,0
218603,218603,218604,1,0
218603,218603,218604,1,0
218603,218603,218604,1,0
218603,218603,218604,1,0
218603,218603,218604,1,0
218603,218603,218604,1,0
218603,218603,218605,2,0
218603,218603,218605,2,0
218603,218603,218605,2,0
218603,218603,218604,1,0
218603,218603,218604,1,0
218603,218603,218605,2,0
218603,218603,218604,1,0
218603,218603,218604,1,0
218603,218603,218604,1,0
218603,218603,218605,2,0
218603,218603,218605,2,0
218603,218603,218605,2,0
218603,218603,218605,2,0
218603,218603,218605,2,0
218603,218603,218605,2,0
218603,218603,218605,2,0
218603,218603,218605,2,0
218603,218603,218604,1,0
218603,218603,218605,2,0
218603,218603,218605,2,0
218603,218603,218605,2,0
218603,218603,218604,1,0
218603,218603,218605,2,0
218603,218603,218605,2,0
218603,218603,218605,2,0
218603,218603,218605,2,0
218603,218603,218604,1,0
218603,218603,218605,2,0
218603,218603,218605,2,0
218603,218603,218605,2,0
218603,218603,218604,1,0
218603,218603,218605,2,0
218603,218603,218604,1,0
218603,218603,218604,1,0
218603,218603,218605,2,0
218603,218603,218604,1,0
218603,218603,218604,1,0
218603,218603,218605,2,0
218603,218603,218604,1,0
218603,218603,218605,2,0
218603,218604,218606,2,1
218603,218604,218606,2,1
218603,218603,218605,2,0
218603,218603,218605,2,0
218603,218604,218606,2,1
218603,218603,218605,2,0
218603,218603,218605,2,0
218603,218604,218606,2,1
218603,218604,218606,2,1
218603,218603,218606,3,0
218603,218603,218606,3,0
218603,218603,218605,2,0
218603,218604,218606,2,1
218603,218603,218605,2,0
218603,218603,218605,2,0
218603,218604,218606,2,1
218544,218544,218606,62,0
218603,218603,218605,2,0
218603,218604,218606,2,1
218603,218603,218605,2,0
218603,218603,218606,3,0
218603,218603,218606,3,0
218603,218603,218605,2,0
218603,218603,218605,2,0
218603,218603,218605,2,0
218603,218603,218605,2,0
218603,218604,218606,2,1
218603,218603,218605,2,0
218603,218603,218605,2,0
218603,218604,218606,2,1
218603,218603,218605,2,0
218603,218603,218605,2,0
218603,218604,218606,2,1
218543,218543,218606,63,0
218603,218605,218607,2,2
218603,218605,218607,2,2
218603,218605,218607,2,2
218603,218605,218607,2,2
218603,218605,218606,1,2
218603,218605,218607,2,2
218603,218605,218607,2,2
218603,218605,218606,1,2
218603,218605,218606,1,2
218603,218605,218607,2,2
218603,218605,218607,2,2
218603,218605,218607,2,2
218603,218605,218607,2,2
218603,218605,218607,2,2
218603,218604,218606,2,1
218603,218605,218607,2,2
218541,218542,218616,74,1
218565,218565,218627,62,0
218636,218636,218637,1,0
218636,218636,218637,1,0
218636,218636,218637,1,0
218636,218636,218637,1,0
218636,218636,218637,1,0
218636,218636,218637,1,0
218636,218636,218637,1,0
218636,218636,218637,1,0
218636,218636,218637,1,0
218636,218636,218638,2,0
218636,218636,218637,1,0
218636,218636,218638,2,0
218636,218636,218638,2,0
218636,218636,218638,2,0
218636,218636,218638,2,0
218636,218636,218638,2,0
218636,218636,218638,2,0
218636,218636,218638,2,0
218636,218636,218638,2,0
218636,218636,218638,2,0
218636,218636,218638,2,0
218636,218636,218638,2,0
218636,218636,218638,2,0
218636,218636,218638,2,0
218636,218636,218638,2,0
218636,218636,218637,1,0
218636,218636,218638,2,0
218636,218636,218638,2,0
218636,218636,218638,2,0
218636,218636,218638,2,0
218636,218636,218637,1,0
218636,218636,218638,2,0
218636,218636,218638,2,0
218636,218636,218638,2,0
218636,218636,218638,2,0
218636,218636,218637,1,0
218636,218636,218638,2,0
218636,218636,218638,2,0
218636,218636,218638,2,0
218636,218636,218638,2,0
218636,218636,218638,2,0
218636,218636,218637,1,0
218636,218636,218638,2,0
218636,218636,218638,2,0
218636,218636,218638,2,0
218636,218636,218638,2,0
218636,218636,218638,2,0
218636,218636,218638,2,0
218636,218636,218638,2,0
218636,218636,218637,1,0
218636,218636,218638,2,0
218636,218636,218638,2,0
218636,218636,218638,2,0
218636,218636,218638,2,0
218636,218636,218638,2,0
218636,218636,218638,2,0
218636,218636,218638,2,0
218636,218636,218638,2,0
218636,218636,218639,3,0
218636,218636,218638,2,0
218636,218637,218639,2,1
218636,218636,218638,2,0
218636,218636,218639,3,0
218636,218636,218639,3,0
218636,218636,218639,3,0
218636,218636,218639,3,0
218636,218636,218639,3,0
218636,218637,218639,2,1
218636,218636,218639,3,0
218636,218636,218639,3,0
218636,218637,218639,2,1
218636,218636,218639,3,0
218636,218637,218639,2,1
218636,218637,218639,2,1
218636,218636,218639,3,0
218636,218636,218639,3,0
218636,218636,218639,3,0
218636,218637,218639,2,1
218636,218636,218639,3,0
218636,218636,218639,3,0
218636,218636,218639,3,0
218636,218637,218639,2,1
218636,218636,218639,3,0
218636,218637,218639,2,1
218636,218637,218639,2,1
218636,218637,218639,2,1
218636,218636,218639,3,0
218636,218637,218639,2,1
218636,218639,218640,1,3
218636,218638,218640,2,2
218636,218638,218640,2,2
218636,218638,218640,2,2
218636,218638,218640,2,2
218636,218638,218640,2,2
218636,218638,218640,2,2
218636,218638,218640,2,2
218636,218638,218640,2,2
218636,218638,218640,2,2
218636,218639,218640,1,3
218636,218639,218640,1,3
218636,218639,218640,1,3
218636,218639,218640,1,3
218636,218639,218640,1,3
218636,218639,218640,1,3
218636,218639,218640,1,3
218636,218639,218640,1,3
218636,218639,218640,1,3
218636,218639,218640,1,3
218636,218639,218640,1,3
218636,218639,218640,1,3
218636,218639,218641,2,3
218636,218639,218640,1,3
218636,218639,218640,1,3
218636,218639,218640,1,3
218636,218639,218641,2,3
218636,218639,218640,1,3
218636,218639,218640,1,3
218636,218639,218640,1,3
218636,218639,218641,2,3
218636,218639,218640,1,3
218636,218639,218640,1,3
218636,218639,218640,1,3
218636,218639,218640,1,3
218636,218639,218640,1,3
218636,218639,218641,2,3
218636,218639,218640,1,3
218636,218639,218640,1,3
218636,218639,218640,1,3
218636,218639,218641,2,3
218636,218639,218641,2,3
218585,218586,218646,60,1
218685,218685,218686,1,0
218685,218685,218686,1,0
218685,218685,218686,1,0
218685,218685,218686,1,0
218685,218685,218686,1,0
218685,218685,218686,1,0
218685,218685,218686,1,0
218685,218685,218687,2,0
218685,218685,218687,2,0
218685,218685,218687,2,0
218685,218685,218687,2,0
218685,218685,218687,2,0
218685,218685,218687,2,0
218685,218685,218686,1,0
218685,218685,218687,2,0
218685,218685,218687,2,0
218685,218685,218687,2,0
218685,218685,218687,2,0
218685,218685,218687,2,0
218685,218685,218687,2,0
218685,218685,218687,2,0
218685,218685,218687,2,0
218685,218685,218687,2,0
218685,218685,218687,2,0
218685,218685,218687,2,0
218685,218685,218687,2,0
218685,218685,218687,2,0
218685,218685,218687,2,0
218685,218685,218687,2,0
218685,218685,218687,2,0
218685,218685,218687,2,0
218685,218685,218687,2,0
218685,218685,218687,2,0
218685,218685,218687,2,0
218685,218685,218687,2,0
218685,218685,218687,2,0
218685,218685,218687,2,0
218685,218685,218687,2,0
218685,218685,218687,2,0
218685,218685,218687,2,0
218685,218685,218687,2,0
218685,218685,218687,2,0
218685,218685,218687,2,0
218685,218685,218687,2,0
218685,218685,218687,2,0
218685,218685,218687,2,0
218685,218685,218687,2,0
218685,218685,218687,2,0
218685,218685,218687,2,0
218685,218685,218687,2,0
218685,218685,218687,2,0
218685,218685,218687,2,0
218685,218685,218687,2,0
218685,218685,218687,2,0
218685,218685,218687,2,0
218685,218685,218687,2,0
218685,218685,218687,2,0
218685,218685,218687,2,0
218685,218685,218687,2,0
218685,218685,218687,2,0
218685,218685,218687,2,0
218685,218685,218687,2,0
218685,218685,218687,2,0
218685,218685,218687,2,0
218685,218685,218687,2,0
218685,218685,218687,2,0
218636,218639,218696,57,3
218731,218731,218732,1,0
218731,218731,218732,1,0
218731,218731,218732,1,0
218731,218731,218732,1,0
218731,218731,218732,1,0
218731,218731,218732,1,0
218731,218731,218732,1,0
218731,218731,218732,1,0
218731,218731,218732,1,0
218731,218731,218733,2,0
218731,218731,218733,2,0
218731,218731,218732,1,0
218731,218731,218733,2,0
218731,218731,218733,2,0
218731,218731,218733,2,0
218731,218731,218733,2,0
218731,218731,218733,2,0
218731,218731,218733,2,0
218731,218731,218733,2,0
218731,218731,218733,2,0
218731,218731,218733,2,0
218731,218731,218733,2,0
218731,218731,218733,2,0
218731,218731,218732,1,0
218731,218731,218733,2,0
218731,218731,218733,2,0
218731,218731,218733,2,0
218731,218731,218733,2,0
218731,218731,218733,2,0
218731,218731,218733,2,0
218731,218731,218733,2,0
218731,218731,218733,2,0
218731,218731,218733,2,0
218731,218731,218733,2,0
218731,218731,218733,2,0
218731,218731,218733,2,0
218731,218731,218733,2,0
218731,218731,218733,2,0
218731,218731,218733,2,0
218731,218731,218733,2,0
218731,218731,218733,2,0
218731,218731,218733,2,0
218731,218731,218733,2,0
218731,218731,218733,2,0
218731,218731,218733,2,0
218731,218731,218733,2,0
218731,218731,218733,2,0
218731,218731,218733,2,0
218731,218731,218733,2,0
218731,218731,218733,2,0
218731,218731,218733,2,0
218731,218731,218733,2,0
218731,218731,218734,3,0
218731,218731,218733,2,0
218731,218731,218734,3,0
218731,218731,218733,2,0
218731,218731,218733,2,0
218731,218731,218733,2,0
218731,218731,218733,2,0
218731,218731,218734,3,0
218731,218731,218733,2,0
218731,218731,218734,3,0
218731,218731,218733,2,0
218731,218731,218733,2,0
218731,218731,218734,3,0
218731,218731,218733,2,0
218731,218731,218733,2,0
218731,218731,218734,3,0
218685,218686,218735,49,1
218763,218763,218764,1,0
218763,218763,218764,1,0
218763,218763,218764,1,0
218763,218763,218764,1,0
218763,218763,218764,1,0
218763,218763,218764,1,0
218763,218763,218765,2,0
218763,218763,218765,2,0
218763,218763,218765,2,0
218763,218763,218765,2,0
218763,218763,218765,2,0
218763,218763,218764,1,0
218763,218763,218765,2,0
218763,218763,218765,2,0
218763,218763,218765,2,0
218763,218763,218764,1,0
218763,218763,218765,2,0
218763,218763,218765,2,0
218763,218763,218765,2,0
218763,218763,218765,2,0
218763,218763,218765,2,0
218763,218763,218765,2,0
218763,218763,218765,2,0
218763,218763,218765,2,0
218763,218763,218765,2,0
218763,218763,218764,1,0
218763,218763,218765,2,0
218763,218763,218765,2,0
218763,218763,218765,2,0
218763,218763,218765,2,0
218763,218763,218765,2,0
218763,218763,218765,2,0
218763,218763,218765,2,0
218763,218763,218765,2,0
218731,218731,218788,57,0
218795,218795,218796,1,0
218795,218795,218796,1,0
218795,218795,218796,1,0
218795,218795,218796,1,0
218795,218795,218796,1,0
218795,218795,218796,1,0
218795,218795,218797,2,0
218795,218795,218797,2,0
218795,218795,218797,2,0
218795,218795,218796,1,0
218795,218795,218797,2,0
218795,218795,218796,1,0
218795,218795,218796,1,0
218795,218795,218797,2,0
218795,218795,218797,2,0
218795,218795,218797,2,0
218795,218795,218797,2,0
218795,218795,218797,2,0
218795,218795,218797,2,0
218795,218795,218797,2,0
218795,218795,218797,2,0
218795,218795,218797,2,0
218795,218795,218797,2,0
218795,218795,218797,2,0
218795,218795,218797,2,0
218795,218795,218797,2,0
218795,218795,218797,2,0
218795,218795,218797,2,0
218795,218795,218797,2,0
218795,218795,218797,2,0
218795,218795,218797,2,0
218795,218795,218797,2,0
218795,218795,218797,2,0
218795,218795,218797,2,0
218812,218813,218814,1,1
218812,218813,218814,1,1
218812,218813,218814,1,1
218812,218813,218815,2,1
218812,218813,218814,1,1
218812,218813,218814,1,1
218812,218813,218815,2,1
218812,218813,218814,1,1
218812,218813,218815,2,1
218812,218813,218814,1,1
218812,218813,218815,2,1
218812,218813,218814,1,1
218812,218813,218815,2,1
218812,218813,218814,1,1
218812,218813,218814,1,1
218812,218813,218815,2,1
218812,218813,218814,1,1
218812,218813,218815,2,1
218812,218813,218814,1,1
218812,218813,218815,2,1
218812,218813,218814,1,1
218812,218813,218815,2,1
218812,218813,218814,1,1
218763,218763,218815,52,0
218812,218813,218815,2,1
218812,218813,218815,2,1
218812,218813,218815,2,1
218812,218813,218815,2,1
218812,218813,218815,2,1
218812,218813,218815,2,1
218812,218813,218815,2,1
218829,218829,218830,1,0
218829,218829,218830,1,0
218829,218829,218830,1,0
218829,218829,218830,1,0
218829,218829,218830,1,0
218829,218829,218830,1,0
218829,218829,218830,1,0
218829,218829,218830,1,0
218829,218829,218831,2,0
218829,218829,218830,1,0
218829,218829,218830,1,0
218829,218829,218831,2,0
218829,218829,218830,1,0
218829,218829,218830,1,0
218829,218829,218830,1,0
218829,218829,218831,2,0
218829,218829,218830,1,0
218829,218829,218830,1,0
218829,218829,218830,1,0
218829,218829,218831,2,0
218829,218829,218830,1,0
218829,218829,218831,2,0
218829,218829,218830,1,0
218829,218829,218830,1,0
218829,218829,218831,2,0
218829,218829,218830,1,0
218829,218829,218831,2,0
218829,218829,218831,2,0
218829,218829,218831,2,0
218829,218829,218831,2,0
218829,218829,218831,2,0
218829,218829,218831,2,0
218795,218795,218845,50,0
218813,218813,218860,47,0
218861,218862,218863,1,1
218861,218862,218863,1,1
218861,218862,218863,1,1
218861,218862,218863,1,1
218861,218862,218863,1,1
218863,218863,218864,1,0
218861,218862,218863,1,1
218861,218862,218864,2,1
218861,218862,218863,1,1
218861,218862,218864,2,1
218861,218862,218863,1,1
218861,218862,218863,1,1
218863,218863,218864,1,0
218861,218862,218863,1,1
218861,218862,218864,2,1
218861,218862,218863,1,1
218863,218863,218864,1,0
218861,218862,218863,1,1
218861,218862,218864,2,1
218861,218862,218863,1,1
218861,218862,218864,2,1
218861,218862,218864,2,1
218861,218862,218863,1,1
218861,218862,218863,1,1
218861,218862,218864,2,1
218861,218862,218863,1,1
218863,218863,218864,1,0
218861,218862,218864,2,1
218861,218862,218863,1,1
218861,218862,218863,1,1
218863,218863,218864,1,0
218861,218862,218864,2,1
218861,218862,218863,1,1
218861,218862,218863,1,1
218863,218863,218864,1,0
218863,218863,218865,2,0
218863,218863,218865,2,0
218863,218863,218865,2,0
218863,218863,218865,2,0
218863,218863,218865,2,0
218863,218863,218865,2,0
218863,218863,218864,1,0
218863,218863,218865,2,0
218863,218863,218865,2,0
218863,218863,218865,2,0
218863,218863,218865,2,0
218863,218863,218865,2,0
218863,218863,218865,2,0
218863,218863,218865,2,0
218863,218863,218865,2,0
218863,218863,218865,2,0
218863,218863,218865,2,0
218863,218863,218865,2,0
218863,218863,218865,2,0
218863,218863,218865,2,0
218863,218863,218866,3,0
218863,218863,218865,2,0
218863,218863,218866,3,0
218863,218863,218866,3,0
218863,218863,218866,3,0
218863,218863,218865,2,0
218863,218863,218866,3,0
218863,218863,218866,3,0
218829,218829,218877,48,0
218883,218883,218884,1,0
218883,218883,218884,1,0
218883,218883,218884,1,0
218883,218883,218884,1,0
218883,218883,218884,1,0
218883,218883,218884,1,0
218883,218883,218884,1,0
218883,218883,218885,2,0
218883,218884,218885,1,1
218883,218883,218885,2,0
218883,218884,218885,1,1
218883,218883,218885,2,0
218883,218884,218885,1,1
218883,218883,218885,2,0
218883,218884,218885,1,1
218883,218884,218885,1,1
218883,218884,218885,1,1
218883,218883,218885,2,0
218883,218884,218885,1,1
218883,218884,218885,1,1
218883,218883,218885,2,0
218883,218884,218885,1,1
218883,218884,218885,1,1
218883,218884,218885,1,1
218883,218884,218885,1,1
218883,218883,218885,2,0
218883,218884,218885,1,1
218883,218884,218885,1,1
218883,218883,218885,2,0
218883,218883,218885,2,0
218883,218883,218886,3,0
218883,218884,218886,2,1
218883,218883,218886,3,0
218883,218884,218886,2,1
218846,218846,218894,48,0
218900,218900,218901,1,0
218900,218900,218901,1,0
218900,218900,218901,1,0
218900,218900,218901,1,0
218900,218900,218901,1,0
218900,218900,218901,1,0
218900,218900,218901,1,0
218900,218900,218902,2,0
218900,218900,218902,2,0
218900,218900,218902,2,0
218900,218900,218902,2,0
218900,218900,218902,2,0
218900,218900,218902,2,0
218900,218900,218902,2,0
218900,218900,218902,2,0
218900,218900,218902,2,0
218900,218900,218902,2,0
218900,218900,218902,2,0
218900,218900,218902,2,0
218900,218900,218902,2,0
218900,218900,218902,2,0
218900,218900,218902,2,0
218900,218900,218902,2,0
218900,218900,218902,2,0
218900,218900,218902,2,0
218900,218900,218902,2,0
218900,218900,218902,2,0
218900,218900,218902,2,0
218900,218900,218902,2,0
218900,218900,218902,2,0
218900,218900,218902,2,0
218900,218900,218902,2,0
218900,218900,218902,2,0
218900,218900,218903,3,0
218862,218862,218910,48,0
218865,218865,218912,47,0
218918,218918,218919,1,0
218918,218918,218919,1,0
218918,218918,218919,1,0
218918,218918,218920,2,0
218918,218918,218920,2,0
218918,218918,218920,2,0
218918,218918,218919,1,0
218918,218918,218920,2,0
218918,218918,218919,1,0
218918,218918,218920,2,0
218918,218918,218920,2,0
218918,218918,218919,1,0
218918,218918,218920,2,0
218918,218918,218919,1,0
218918,218918,218920,2,0
218918,218918,218920,2,0
218918,218918,218920,2,0
218918,218918,218919,1,0
218918,218918,218920,2,0
218918,218918,218920,2,0
218918,218918,218920,2,0
218918,218918,218919,1,0
218918,218918,218920,2,0
218918,218918,218920,2,0
218918,218918,218920,2,0
218918,218918,218920,2,0
218918,218918,218919,1,0
218918,218918,218920,2,0
218918,218918,218920,2,0
218918,218918,218920,2,0
218918,218918,218920,2,0
218918,218918,218920,2,0
218918,218918,218920,2,0
218918,218918,218920,2,0
218935,218935,218936,1,0
218935,218935,218936,1,0
218935,218935,218936,1,0
218935,218935,218936,1,0
218935,218935,218936,1,0
218935,218935,218936,1,0
218935,218935,218936,1,0
218935,218935,218937,2,0
218935,218936,218937,1,1
218935,218935,218936,1,0
218935,218935,218937,2,0
218935,218935,218937,2,0
218935,218935,218937,2,0
218935,218935,218937,2,0
218935,218935,218937,2,0
218935,218935,218937,2,0
218935,218935,218937,2,0
218935,218935,218937,2,0
218935,218935,218937,2,0
218935,218935,218937,2,0
218935,218935,218937,2,0
218935,218935,218937,2,0
218935,218935,218937,2,0
218935,218935,218937,2,0
218935,218935,218938,3,0
218935,218935,218937,2,0
218935,218935,218937,2,0
218935,218936,218937,1,1
218935,218936,218938,2,1
218935,218935,218938,3,0
218935,218935,218938,3,0
218935,218935,218938,3,0
218935,218935,218938,3,0
218935,218935,218937,2,0
218884,218884,218941,57,0
218953,218953,218954,1,0
218953,218953,218954,1,0
218953,218953,218954,1,0
218953,218953,218954,1,0
218953,218953,218954,1,0
218953,218953,218954,1,0
218953,218953,218954,1,0
218953,218953,218955,2,0
218953,218953,218954,1,0
218953,218953,218955,2,0
218953,218953,218954,1,0
218953,218953,218954,1,0
218953,218953,218955,2,0
218953,218953,218954,1,0
218953,218953,218954,1,0
218953,218953,218955,2,0
218953,218953,218954,1,0
218953,218953,218955,2,0
218953,218953,218954,1,0
218953,218953,218955,2,0
218953,218953,218955,2,0
218953,218953,218955,2,0
218953,218953,218955,2,0
218953,218953,218954,1,0
218953,218953,218955,2,0
218953,218953,218955,2,0
218953,218953,218955,2,0
218953,218953,218955,2,0
218953,218953,218955,2,0
218953,218953,218955,2,0
218953,218953,218955,2,0
218953,218953,218955,2,0
218918,218918,218984,66,0
218986,218986,218987,1,0
218986,218986,218987,1,0
218986,218986,218987,1,0
218986,218986,218987,1,0
218986,218986,218987,1,0
218986,218986,218988,2,0
218986,218986,218988,2,0
218986,218986,218987,1,0
218986,218986,218988,2,0
218986,218986,218988,2,0
218986,218986,218987,1,0
218986,218986,218988,2,0
218986,218986,218988,2,0
218986,218986,218987,1,0
218986,218986,218988,2,0
218986,218986,218988,2,0
218986,218986,218988,2,0
218986,218986,218988,2,0
218986,218986,218988,2,0
218986,218986,218988,2,0
218986,218986,218988,2,0
218986,218986,218988,2,0
218986,218986,218988,2,0
218986,218986,218988,2,0
218986,218986,218988,2,0
218986,218986,218988,2,0
218986,218986,218988,2,0
218986,218986,218988,2,0
218986,218986,218988,2,0
218986,218986,218988,2,0
218986,218986,218988,2,0
218986,218986,218988,2,0
218986,218986,218988,2,0
218986,218986,218988,2,0
218936,218936,219008,72,0
219009,219009,219011,2,0
219009,219009,219010,1,0
219009,219009,219010,1,0
219009,219009,219010,1,0
219009,219009,219011,2,0
219009,219009,219010,1,0
219009,219009,219010,1,0
219009,219009,219010,1,0
219009,219009,219011,2,0
219009,219009,219010,1,0
219009,219009,219011,2,0
219009,219009,219011,2,0
219009,219009,219010,1,0
219009,219009,219011,2,0
219009,219009,219011,2,0
219009,219009,219011,2,0
219009,219009,219011,2,0
219009,219009,219011,2,0
219009,219009,219010,1,0
219009,219009,219011,2,0
219009,219009,219011,2,0
219009,219009,219011,2,0
219009,219009,219011,2,0
219009,219009,219011,2,0
218970,218970,219025,55,0
219009,219009,219026,17,0
219009,219009,219026,17,0
219009,219009,219026,17,0
218986,218986,219037,51,0
219044,219044,219045,1,0
219044,219044,219045,1,0
219044,219044,219045,1,0
219044,219044,219046,2,0
219044,219044,219046,2,0
219044,219044,219045,1,0
219044,219044,219046,2,0
219044,219044,219046,2,0
219044,219044,219045,1,0
219044,219044,219046,2,0
219044,219044,219046,2,0
219044,219044,219045,1,0
219044,219044,219046,2,0
219044,219044,219046,2,0
219044,219044,219045,1,0
219044,219044,219046,2,0
219044,219044,219046,2,0
219044,219044,219046,2,0
219044,219044,219046,2,0
219044,219044,219046,2,0
219044,219044,219045,1,0
219044,219044,219046,2,0
219044,219044,219046,2,0
219044,219044,219046,2,0
219044,219044,219046,2,0
219044,219044,219046,2,0
219044,219044,219046,2,0
219044,219044,219046,2,0
219044,219044,219046,2,0
219044,219044,219046,2,0
219044,219044,219045,1,0
219044,219044,219046,2,0
219044,219045,219046,1,1
219044,219044,219046,2,0
219044,219045,219046,1,1
219044,219044,219046,2,0
219044,219044,219046,2,0
219044,219044,219046,2,0
219044,219044,219046,2,0
219044,219044,219046,2,0
219044,219044,219046,2,0
219044,219044,219046,2,0
219044,219044,219046,2,0
219044,219044,219046,2,0
219044,219044,219046,2,0
219044,219045,219047,2,1
219044,219044,219046,2,0
219044,219044,219046,2,0
219044,219044,219046,2,0
219044,219044,219046,2,0
219044,219045,219047,2,1
219044,219044,219046,2,0
219044,219044,219046,2,0
219044,219044,219046,2,0
219044,219044,219046,2,0
219044,219045,219047,2,1
218988,218988,219049,61,0
219051,219051,219052,1,0
219051,219051,219052,1,0
219044,219044,219052,8,0
219044,219044,219053,9,0
219051,219051,219052,1,0
219051,219051,219053,2,0
219051,219051,219052,1,0
219051,219051,219053,2,0
219051,219051,219052,1,0
219051,219051,219053,2,0
219051,219051,219053,2,0
219051,219051,219053,2,0
219051,219051,219053,2,0
219051,219051,219053,2,0
219051,219051,219053,2,0
219051,219051,219053,2,0
219051,219051,219053,2,0
219051,219052,219053,1,1
219051,219052,219053,1,1
219051,219051,219053,2,0
219051,219051,219053,2,0
219051,219051,219053,2,0
218989,218989,219053,64,0
219044,219044,219054,10,0
219051,219051,219053,2,0
219051,219051,219053,2,0
219051,219051,219053,2,0
219051,219051,219053,2,0
219051,219051,219053,2,0
219051,219051,219053,2,0
219051,219051,219053,2,0
219051,219053,219054,1,2
219051,219051,219053,2,0
219051,219051,219053,2,0
219051,219052,219054,2,1
219051,219053,219055,2,2
219051,219053,219055,2,2
219051,219053,219055,2,2
219055,219055,219056,1,0
219055,219055,219056,1,0
219055,219055,219056,1,0
219055,219055,219056,1,0
219055,219055,219056,1,0
219055,219055,219057,2,0
219055,219055,219057,2,0
219055,219055,219057,2,0
219055,219055,219057,2,0
219055,219055,219057,2,0
219055,219055,219057,2,0
219055,219055,219057,2,0
219055,219055,219057,2,0
219055,219055,219057,2,0
219055,219056,219057,1,1
219055,219055,219057,2,0
219055,219055,219057,2,0
219055,219056,219057,1,1
219055,219055,219057,2,0
219055,219055,219057,2,0
219055,219056,219057,1,1
219055,219056,219057,1,1
219055,219056,219057,1,1
219055,219056,219057,1,1
219055,219055,219058,3,0
219055,219055,219058,3,0
219055,219055,219058,3,0
219055,219055,219058,3,0
219055,219055,219058,3,0
219010,219010,219058,48,0
219055,219055,219058,3,0
219055,219056,219060,4,1
219055,219056,219060,4,1
219055,219056,219060,4,1
219055,219056,219060,4,1
219009,219009,219063,54,0
219013,219013,219070,57,0
219014,219014,219071,57,0
219017,219017,219073,56,0
219022,219022,219074,52,0
219019,219019,219075,56,0
219075,219075,219076,1,0
219075,219075,219076,1,0
219075,219075,219076,1,0
219075,219075,219077,2,0
219075,219075,219077,2,0
219075,219075,219076,1,0
219075,219075,219076,1,0
219075,219075,219077,2,0
219075,219075,219076,1,0
219075,219075,219077,2,0
219075,219075,219076,1,0
219075,219075,219077,2,0
219075,219075,219077,2,0
219075,219075,219077,2,0
219075,219075,219076,1,0
219075,219075,219077,2,0
219075,219075,219077,2,0
219075,219075,219076,1,0
219075,219075,219077,2,0
219075,219075,219077,2,0
219075,219075,219077,2,0
219075,219075,219076,1,0
219075,219075,219077,2,0
219075,219075,219077,2,0
219075,219075,219077,2,0
219075,219075,219077,2,0
219075,219075,219076,1,0
219075,219075,219077,2,0
219075,219075,219077,2,0
219075,219075,219077,2,0
219075,219075,219077,2,0
219075,219075,219076,1,0
219075,219075,219077,2,0
219075,219075,219076,1,0
219075,219075,219077,2,0
219075,219075,219077,2,0
219075,219075,219077,2,0
219075,219075,219077,2,0
219075,219075,219077,2,0
219075,219075,219077,2,0
219075,219075,219077,2,0
219075,219075,219076,1,0
219075,219075,219077,2,0
219075,219075,219077,2,0
219075,219075,219077,2,0
219075,219075,219077,2,0
219075,219075,219077,2,0
219075,219075,219076,1,0
219075,219075,219077,2,0
219075,219075,219077,2,0
219075,219075,219077,2,0
219011,219012,219077,65,1
219016,219016,219077,61,0
219075,219075,219077,2,0
219075,219075,219078,3,0
219075,219075,219078,3,0
219075,219075,219077,2,0
218985,218985,219077,92,0
219044,219044,219077,33,0
219075,219076,219077,1,1
219075,219076,219077,1,1
219075,219077,219078,1,2
219075,219077,219078,1,2
219075,219077,219078,1,2
219075,219076,219077,1,1
219075,219077,219078,1,2
219075,219076,219077,1,1
219075,219077,219078,1,2
219075,219076,219077,1,1
219075,219076,219077,1,1
219075,219076,219077,1,1
219075,219077,219078,1,2
219075,219077,219078,1,2
219075,219076,219077,1,1
219075,219077,219078,1,2
219075,219076,219077,1,1
219044,219044,219079,35,0
219044,219044,219079,35,0
219044,219044,219078,34,0
219044,219044,219078,34,0
219075,219077,219078,1,2
219075,219077,219079,2,2
219075,219077,219079,2,2
219075,219077,219079,2,2
219075,219077,219079,2,2
219075,219077,219079,2,2
219075,219077,219079,2,2
219075,219077,219079,2,2
219075,219077,219079,2,2
219075,219077,219079,2,2
219075,219077,219079,2,2
219075,219077,219079,2,2
219075,219077,219079,2,2
219075,219077,219079,2,2
219075,219077,219079,2,2
219075,219077,219079,2,2
219075,219077,219079,2,2
219075,219077,219079,2,2
219075,219077,219079,2,2
219075,219077,219079,2,2
219044,219044,219079,35,0
219075,219078,219080,2,3
219075,219078,219080,2,3
219075,219078,219080,2,3
219075,219078,219080,2,3
219075,219078,219080,2,3
219075,219077,219079,2,2
219075,219077,219080,3,2
219075,219077,219080,3,2
219075,219077,219080,3,2
219075,219077,219079,2,2
219075,219077,219080,3,2
219075,219077,219080,3,2
219075,219077,219079,2,2
219075,219078,219080,2,3
219075,219078,219080,2,3
219075,219078,219080,2,3
219075,219078,219080,2,3
219075,219077,219080,3,2
219075,219077,219079,2,2
219075,219077,219079,2,2
219075,219078,219080,2,3
219075,219077,219080,3,2
219075,219077,219080,3,2
219075,219077,219080,3,2
219075,219077,219080,3,2
219075,219077,219080,3,2
219075,219077,219080,3,2
219075,219077,219080,3,2
219075,219077,219080,3,2
219075,219078,219080,2,3
219075,219078,219080,2,3
219075,219078,219081,3,3
219075,219078,219080,2,3
219075,219078,219080,2,3
219075,219078,219081,3,3
219075,219078,219080,2,3
219075,219078,219080,2,3
219075,219078,219080,2,3
219075,219077,219081,4,2
219023,219023,219087,64,0
219027,219027,219088,61,0
219025,219028,219106,78,3
219056,219056,219110,54,0
219052,219052,219111,59,0
219054,219054,219113,59,0
219047,219047,219117,70,0
219020,219020,219124,104,0
219124,219124,219125,1,0
219124,219124,219125,1,0
219124,219125,219126,1,1
219124,219124,219126,2,0
219124,219124,219125,1,0
219124,219125,219126,1,1
219124,219124,219125,1,0
219124,219124,219125,1,0
219124,219124,219125,1,0
219124,219124,219125,1,0
219124,219124,219125,1,0
219124,219124,219125,1,0
219124,219124,219127,3,0
219124,219124,219126,2,0
219124,219125,219127,2,1
219124,219125,219127,2,1
219124,219125,219126,1,1
219124,219125,219126,1,1
219124,219124,219127,3,0
219124,219124,219126,2,0
219124,219124,219126,2,0
219124,219125,219126,1,1
219124,219125,219127,2,1
219124,219125,219127,2,1
219124,219125,219127,2,1
219124,219125,219127,2,1
219124,219124,219127,3,0
219124,219125,219127,2,1
219124,219125,219127,2,1
219124,219125,219127,2,1
219124,219125,219127,2,1
219124,219125,219127,2,1
219124,219125,219127,2,1
219124,219124,219127,3,0
219124,219124,219127,3,0
219124,219125,219127,2,1
219124,219125,219127,2,1
219124,219125,219126,1,1
219124,219125,219126,1,1
219124,219124,219126,2,0
219124,219124,219127,3,0
219124,219124,219127,3,0
219124,219125,219126,1,1
219124,219125,219127,2,1
219124,219125,219127,2,1
219124,219124,219127,3,0
219124,219125,219126,1,1
219124,219125,219127,2,1
219124,219124,219127,3,0
219124,219124,219127,3,0
219124,219125,219126,1,1
219124,219125,219127,2,1
219124,219125,219127,2,1
219124,219125,219126,1,1
219124,219124,219127,3,0
219124,219124,219126,2,0
219124,219125,219127,2,1
219124,219125,219127,2,1
219124,219125,219127,2,1
219124,219125,219126,1,1
219124,219124,219127,3,0
219124,219124,219127,3,0
219124,219125,219127,2,1
219124,219125,219127,2,1
219124,219126,219128,2,2
219125,219127,219128,1,2
219124,219124,219127,3,0
219124,219124,219127,3,0
219124,219125,219127,2,1
219124,219125,219127,2,1
219124,219126,219128,2,2
219124,219124,219127,3,0
219124,219124,219127,3,0
219124,219125,219127,2,1
219124,219126,219127,1,2
219125,219127,219128,1,2
219124,219126,219127,1,2
219124,219124,219127,3,0
219124,219126,219127,1,2
219076,219079,219127,48,3
219124,219126,219127,1,2
219124,219126,219127,1,2
219124,219124,219127,3,0
219124,219125,219127,2,1
219124,219125,219127,2,1
219124,219126,219128,2,2
219124,219126,219128,2,2
219124,219126,219127,1,2
219124,219125,219127,2,1
219124,219126,219128,2,2
219124,219126,219128,2,2
219124,219126,219127,1,2
219124,219127,219129,2,3
219124,219127,219129,2,3
219125,219127,219128,1,2
219125,219127,219129,2,2
219125,219127,219129,2,2
219125,219127,219129,2,2
219124,219127,219129,2,3
219124,219127,219129,2,3
219125,219127,219128,1,2
219125,219127,219129,2,2
219125,219127,219129,2,2
219125,219127,219129,2,2
219124,219127,219129,2,3
219124,219127,219129,2,3
219124,219127,219129,2,3
219124,219127,219129,2,3
219125,219127,219128,1,2
219125,219128,219129,1,3
219124,219127,219128,1,3
219125,219127,219129,2,2
219125,219127,219129,2,2
219124,219127,219128,1,3
219125,219127,219128,1,2
219125,219127,219129,2,2
219125,219128,219129,1,3
219125,219127,219129,2,2
219125,219127,219129,2,2
219125,219127,219129,2,2
219125,219127,219129,2,2
219125,219127,219129,2,2
219125,219127,219129,2,2
219124,219127,219128,1,3
219125,219127,219128,1,2
219125,219128,219129,1,3
219125,219128,219129,1,3
219125,219127,219129,2,2
219125,219127,219129,2,2
219125,219127,219129,2,2
219125,219127,219129,2,2
219125,219127,219129,2,2
219124,219127,219128,1,3
219125,219127,219129,2,2
219125,219127,219129,2,2
219125,219127,219129,2,2
219125,219127,219129,2,2
219125,219127,219129,2,2
219125,219127,219129,2,2
219125,219127,219129,2,2
219125,219127,219129,2,2
219125,219127,219129,2,2
219008,219008,219130,122,0
219125,219128,219130,2,3
219125,219129,219130,1,4
219125,219128,219130,2,3
219125,219128,219130,2,3
219125,219129,219130,1,4
219125,219128,219130,2,3
219125,219128,219131,3,3
219125,219128,219130,2,3
219125,219128,219130,2,3
219125,219128,219130,2,3
219125,219128,219130,2,3
219125,219128,219130,2,3
219125,219128,219130,2,3
219125,219128,219130,2,3
219125,219128,219130,2,3
219125,219128,219130,2,3
219125,219128,219130,2,3
219125,219128,219130,2,3
219125,219128,219130,2,3
219125,219128,219130,2,3
219125,219128,219130,2,3
219125,219128,219130,2,3
219125,219128,219130,2,3
219048,219048,219131,83,0
219125,219128,219130,2,3
219125,219128,219130,2,3
219125,219128,219130,2,3
219125,219130,219131,1,5
219125,219130,219131,1,5
219125,219130,219131,1,5
219125,219130,219132,2,5
219125,219129,219131,2,4
219125,219129,219131,2,4
219125,219130,219131,1,5
219125,219130,219132,2,5
219125,219128,219131,3,3
219125,219130,219132,2,5
219125,219130,219132,2,5
219125,219130,219132,2,5
219125,219130,219132,2,5
219125,219130,219131,1,5
219125,219130,219131,1,5
219125,219130,219132,2,5
219125,219130,219132,2,5
219125,219130,219131,1,5
219125,219130,219132,2,5
219125,219130,219131,1,5
219125,219130,219131,1,5
219125,219130,219132,2,5
219125,219130,219131,1,5
219125,219130,219132,2,5
219125,219130,219131,1,5
219125,219128,219131,3,3
219125,219128,219131,3,3
219125,219128,219131,3,3
219125,219130,219131,1,5
219125,219130,219132,2,5
219125,219130,219132,2,5
219125,219130,219132,2,5
219125,219130,219131,1,5
219125,219130,219131,1,5
219125,219130,219132,2,5
219125,219130,219132,2,5
219127,219131,219132,1,4
219125,219130,219132,2,5
219125,219130,219131,1,5
219125,219130,219131,1,5
219125,219130,219132,2,5
219125,219131,219133,2,6
219125,219131,219133,2,6
219125,219131,219133,2,6
219125,219130,219132,2,5
219125,219131,219133,2,6
219125,219131,219133,2,6
219125,219131,219132,1,6
219125,219130,219132,2,5
219125,219130,219132,2,5
219125,219131,219133,2,6
219125,219131,219132,1,6
219127,219131,219132,1,4
219127,219131,219133,2,4
219125,219131,219133,2,6
219125,219131,219133,2,6
219125,219131,219133,2,6
219125,219131,219133,2,6
219127,219131,219132,1,4
219125,219131,219132,1,6
219127,219131,219132,1,4
219125,219130,219132,2,5
219125,219131,219132,1,6
219125,219131,219133,2,6
219127,219131,219133,2,4
219125,219130,219132,2,5
219125,219130,219132,2,5
219125,219130,219132,2,5
219125,219131,219132,1,6
219127,219131,219132,1,4
219125,219130,219132,2,5
219125,219130,219132,2,5
219125,219131,219132,1,6
219127,219131,219132,1,4
219125,219130,219132,2,5
219125,219130,219132,2,5
219127,219131,219132,1,4
219127,219131,219132,1,4
219125,219130,219132,2,5
219125,219131,219132,1,6
219127,219132,219133,1,5
219127,219132,219133,1,5
219127,219132,219134,2,5
219127,219132,219134,2,5
219127,219132,219133,1,5
219127,219132,219133,1,5
219127,219132,219133,1,5
219127,219132,219133,1,5
219127,219132,219133,1,5
219127,219132,219134,2,5
219127,219132,219133,1,5
219127,219132,219133,1,5
219127,219132,219133,1,5
219127,219132,219133,1,5
219127,219132,219134,2,5
219127,219132,219133,1,5
219127,219132,219134,2,5
219127,219132,219134,2,5
219127,219132,219133,1,5
219127,219132,219133,1,5
219127,219132,219134,2,5
219127,219132,219134,2,5
219127,219132,219134,2,5
219127,219132,219134,2,5
219219,219219,219220,1,0
219219,219219,219221,2,0
219219,219219,219220,1,0
219219,219219,219221,2,0
219219,219219,219220,1,0
219219,219219,219220,1,0
219219,219219,219220,1,0
219219,219219,219220,1,0
219219,219219,219220,1,0
219219,219219,219221,2,0
219219,219219,219221,2,0
219219,219220,219221,1,1
219219,219220,219222,2,1
219220,219220,219221,1,0
219219,219219,219221,2,0
219219,219220,219221,1,1
219219,219220,219222,2,1
219219,219220,219222,2,1
219219,219220,219222,2,1
219220,219220,219221,1,0
219219,219219,219222,3,0
219219,219219,219221,2,0
219219,219220,219221,1,1
219219,219220,219222,2,1
219220,219220,219222,2,0
219219,219219,219221,2,0
219219,219220,219221,1,1
219219,219220,219222,2,1
219219,219220,219222,2,1
219219,219219,219221,2,0
219219,219219,219221,2,0
219219,219220,219221,1,1
219219,219220,219222,2,1
219219,219219,219221,2,0
219219,219219,219221,2,0
219219,219220,219221,1,1
219219,219220,219222,2,1
219219,219220,219222,2,1
219220,219220,219222,2,0
219219,219219,219222,3,0
219219,219219,219221,2,0
219219,219219,219221,2,0
219219,219220,219221,1,1
219219,219220,219222,2,1
219220,219220,219222,2,0
219219,219220,219221,1,1
219219,219220,219222,2,1
219220,219220,219222,2,0
219219,219219,219221,2,0
219219,219219,219221,2,0
219219,219220,219221,1,1
219219,219220,219222,2,1
219219,219220,219221,1,1
219219,219219,219221,2,0
219219,219219,219222,3,0
219219,219220,219222,2,1
219219,219220,219222,2,1
219220,219220,219222,2,0
219219,219219,219222,3,0
219219,219220,219222,2,1
219220,219220,219222,2,0
219219,219219,219222,3,0
219219,219220,219222,2,1
219220,219220,219222,2,0
219219,219219,219222,3,0
219220,219220,219222,2,0
219219,219219,219223,4,0
219219,219219,219222,3,0
219219,219219,219222,3,0
219219,219220,219222,2,1
219220,219221,219223,2,1
219219,219219,219222,3,0
219219,219220,219222,2,1
219220,219221,219223,2,1
219219,219220,219222,2,1
219219,219220,219222,2,1
219220,219221,219223,2,1
219220,219221,219223,2,1
219219,219219,219222,3,0
219219,219220,219222,2,1
219220,219220,219222,2,0
219220,219221,219223,2,1
219220,219221,219223,2,1
219220,219221,219223,2,1
219219,219220,219222,2,1
219220,219220,219222,2,0
219220,219221,219223,2,1
219220,219222,219223,1,2
219219,219220,219222,2,1
219220,219221,219223,2,1
219220,219222,219223,1,2
219220,219222,219224,2,2
219220,219222,219224,2,2
219220,219222,219224,2,2
219220,219222,219224,2,2
219220,219222,219224,2,2
219220,219222,219224,2,2
219220,219222,219224,2,2
219220,219222,219224,2,2
219220,219222,219224,2,2
219220,219222,219224,2,2
219220,219222,219224,2,2
219220,219222,219224,2,2
219220,219222,219224,2,2
219220,219222,219224,2,2
219220,219222,219224,2,2
219220,219222,219223,1,2
219220,219222,219223,1,2
219220,219222,219224,2,2
219220,219222,219224,2,2
219220,219222,219224,2,2
219220,219222,219224,2,2
219220,219222,219224,2,2
219220,219222,219223,1,2
219220,219222,219224,2,2
219220,219222,219224,2,2
219220,219222,219224,2,2
219220,219222,219224,2,2
219220,219222,219223,1,2
219220,219222,219224,2,2
219220,219222,219224,2,2
219220,219222,219224,2,2
219220,219222,219224,2,2
219220,219222,219224,2,2
219220,219222,219224,2,2
219220,219222,219224,2,2
219220,219222,219224,2,2
219220,219222,219224,2,2
219220,219222,219224,2,2
219220,219222,219224,2,2
219220,219222,219224,2,2
219220,219222,219224,2,2
219220,219222,219224,2,2
219220,219222,219224,2,2
219220,219222,219224,2,2
219220,219222,219224,2,2
219220,219223,219224,1,3
219220,219223,219225,2,3
219220,219223,219224,1,3
219220,219223,219224,1,3
219220,219223,219225,2,3
219220,219223,219224,1,3
219220,219223,219224,1,3
219220,219223,219225,2,3
219220,219223,219225,2,3
219220,219223,219225,2,3
219220,219223,219225,2,3
219220,219223,219225,2,3
219220,219223,219225,2,3
219220,219223,219225,2,3
219220,219223,219225,2,3
219220,219222,219225,3,2
219220,219222,219225,3,2
219220,219223,219225,2,3
219220,219223,219225,2,3
219220,219223,219225,2,3
219220,219223,219225,2,3
219220,219223,219225,2,3
219220,219223,219225,2,3
219220,219223,219225,2,3
219220,219223,219225,2,3
219220,219223,219225,2,3
219220,219223,219225,2,3
219220,219223,219225,2,3
219220,219223,219225,2,3
219220,219223,219225,2,3
219220,219223,219225,2,3
219220,219223,219225,2,3
219220,219223,219225,2,3
219220,219223,219226,3,3
219220,219223,219272,49,3
219310,219310,219311,1,0
219310,219310,219311,1,0
219310,219310,219311,1,0
219310,219310,219312,2,0
219310,219310,219311,1,0
219310,219310,219311,1,0
219310,219310,219311,1,0
219310,219310,219311,1,0
219310,219310,219311,1,0
219310,219310,219312,2,0
219310,219310,219312,2,0
219310,219311,219312,1,1
219310,219311,219313,2,1
219310,219311,219313,2,1
219310,219310,219312,2,0
219310,219310,219312,2,0
219310,219310,219312,2,0
219310,219311,219312,1,1
219310,219311,219313,2,1
219310,219311,219312,1,1
219310,219310,219312,2,0
219310,219310,219313,3,0
219310,219310,219312,2,0
219310,219311,219312,1,1
219310,219311,219313,2,1
219310,219311,219313,2,1
219310,219310,219312,2,0
219310,219310,219312,2,0
219310,219311,219312,1,1
219310,219311,219313,2,1
219310,219310,219312,2,0
219310,219310,219312,2,0
219310,219311,219312,1,1
219310,219311,219313,2,1
219310,219311,219313,2,1
219310,219311,219312,1,1
219310,219310,219312,2,0
219310,219310,219312,2,0
219310,219310,219312,2,0
219310,219311,219313,2,1
219310,219311,219312,1,1
219310,219310,219312,2,0
219310,219310,219312,2,0
219310,219310,219312,2,0
219310,219311,219313,2,1
219310,219311,219312,1,1
219310,219310,219312,2,0
219310,219310,219312,2,0
219310,219310,219312,2,0
219310,219311,219312,1,1
219310,219311,219313,2,1
219310,219311,219312,1,1
219310,219310,219312,2,0
219310,219310,219312,2,0
219310,219311,219312,1,1
219310,219311,219313,2,1
219310,219311,219312,1,1
219310,219311,219313,2,1
219310,219310,219312,2,0
219310,219310,219312,2,0
219310,219311,219312,1,1
219310,219311,219313,2,1
219310,219311,219312,1,1
219310,219311,219313,2,1
219310,219311,219313,2,1
219310,219311,219313,2,1
219310,219311,219313,2,1
219310,219311,219313,2,1
219310,219311,219313,2,1
219310,219312,219314,2,2
219310,219311,219313,2,1
219310,219311,219313,2,1
219310,219312,219314,2,2
219310,219311,219313,2,1
219310,219311,219313,2,1
219310,219312,219314,2,2
219310,219311,219313,2,1
219310,219312,219313,1,2
219310,219311,219313,2,1
219310,219312,219314,2,2
219310,219311,219313,2,1
219310,219312,219314,2,2
219310,219312,219314,2,2
219310,219311,219313,2,1
219310,219312,219314,2,2
219310,219311,219313,2,1
219310,219312,219313,1,2
219310,219311,219313,2,1
219310,219311,219313,2,1
219310,219313,219315,2,3
219310,219313,219315,2,3
219310,219313,219315,2,3
219310,219313,219315,2,3
219310,219313,219315,2,3
219310,219313,219314,1,3
219310,219313,219314,1,3
219310,219313,219315,2,3
219310,219313,219315,2,3
219310,219313,219315,2,3
219310,219313,219315,2,3
219310,219313,219315,2,3
219310,219313,219315,2,3
219311,219313,219361,48,2
219373,219373,219374,1,0
219373,219373,219374,1,0
219373,219373,219374,1,0
219373,219373,219374,1,0
219373,219373,219374,1,0
219373,219373,219374,1,0
219373,219373,219374,1,0
219373,219374,219375,1,1
219373,219373,219374,1,0
219373,219373,219375,2,0
219373,219373,219375,2,0
219373,219374,219375,1,1
219373,219374,219375,1,1
219373,219374,219375,1,1
219373,219373,219375,2,0
219373,219373,219375,2,0
219373,219374,219375,1,1
219373,219374,219375,1,1
219373,219374,219375,1,1
219373,219373,219375,2,0
219373,219373,219375,2,0
219373,219373,219375,2,0
219373,219374,219375,1,1
219373,219374,219375,1,1
219373,219373,219375,2,0
219373,219373,219375,2,0
219373,219374,219375,1,1
219373,219374,219375,1,1
219373,219373,219375,2,0
219373,219373,219375,2,0
219373,219373,219375,2,0
219373,219374,219375,1,1
219373,219374,219375,1,1
219373,219373,219375,2,0
219373,219373,219375,2,0
219373,219373,219375,2,0
219373,219374,219375,1,1
219373,219374,219375,1,1
219373,219374,219375,1,1
219373,219374,219375,1,1
219373,219373,219375,2,0
219373,219373,219375,2,0
219373,219373,219375,2,0
219373,219374,219375,1,1
219373,219374,219375,1,1
219373,219373,219375,2,0
219373,219373,219375,2,0
219373,219374,219375,1,1
219373,219374,219375,1,1
219373,219374,219376,2,1
219373,219374,219375,1,1
219373,219373,219375,2,0
219373,219373,219375,2,0
219373,219374,219375,1,1
219373,219374,219376,2,1
219373,219374,219376,2,1
219373,219373,219376,3,0
219373,219373,219375,2,0
219373,219373,219375,2,0
219373,219374,219375,1,1
219373,219374,219376,2,1
219373,219374,219376,2,1
219373,219373,219376,3,0
219373,219374,219376,2,1
219373,219374,219376,2,1
219373,219374,219376,2,1
219373,219374,219376,2,1
219373,219374,219376,2,1
219419,219419,219420,1,0
219419,219419,219420,1,0
219419,219419,219420,1,0
219419,219419,219421,2,0
219419,219419,219421,2,0
219419,219419,219420,1,0
219419,219419,219421,2,0
219419,219419,219421,2,0
219419,219419,219421,2,0
219419,219419,219421,2,0
219419,219419,219421,2,0
219419,219419,219421,2,0
219419,219419,219421,2,0
219419,219419,219421,2,0
219419,219419,219420,1,0
219419,219419,219421,2,0
219419,219419,219421,2,0
219419,219419,219421,2,0
219419,219419,219421,2,0
219419,219419,219420,1,0
219419,219419,219421,2,0
219419,219419,219421,2,0
219419,219419,219421,2,0
219419,219419,219421,2,0
219419,219419,219421,2,0
219419,219419,219421,2,0
219419,219419,219421,2,0
219419,219419,219421,2,0
219419,219419,219422,3,0
219419,219419,219421,2,0
219374,219374,219422,48,0
219419,219419,219422,3,0
219419,219419,219422,3,0
219419,219419,219421,2,0
219419,219419,219421,2,0
219451,219451,219452,1,0
219451,219451,219452,1,0
219451,219451,219452,1,0
219451,219451,219452,1,0
219451,219451,219452,1,0
219451,219451,219452,1,0
219451,219451,219452,1,0
219451,219451,219453,2,0
219451,219451,219453,2,0
219451,219451,219453,2,0
219451,219451,219453,2,0
219451,219451,219453,2,0
219451,219451,219453,2,0
219451,219451,219453,2,0
219451,219451,219453,2,0
219451,219451,219453,2,0
219451,219451,219453,2,0
219451,219451,219453,2,0
219451,219451,219453,2,0
219451,219451,219453,2,0
219451,219451,219453,2,0
219451,219451,219453,2,0
219451,219451,219453,2,0
219451,219451,219453,2,0
219451,219451,219453,2,0
219451,219451,219453,2,0
219451,219451,219453,2,0
219451,219451,219453,2,0
219451,219451,219453,2,0
219451,219451,219453,2,0
219451,219451,219453,2,0
219451,219451,219453,2,0
219451,219451,219453,2,0
219451,219451,219454,3,0
219452,219452,219511,59,0
219512,219513,219515,2,1
219512,219513,219515,2,1
219512,219513,219514,1,1
219512,219513,219514,1,1
219512,219513,219514,1,1
219512,219513,219514,1,1
219512,219513,219515,2,1
219512,219513,219514,1,1
219512,219513,219514,1,1
219512,219513,219514,1,1
219512,219513,219514,1,1
219512,219513,219515,2,1
219512,219513,219514,1,1
219512,219513,219514,1,1
219512,219513,219515,2,1
219512,219513,219514,1,1
219512,219513,219514,1,1
219512,219513,219514,1,1
219512,219513,219515,2,1
219512,219513,219514,1,1
219512,219513,219515,2,1
219512,219513,219515,2,1
219512,219513,219515,2,1
219512,219513,219515,2,1
219512,219513,219515,2,1
219512,219513,219515,2,1
219512,219513,219515,2,1
219512,219513,219515,2,1
219512,219513,219515,2,1
219512,219513,219515,2,1
219501,219501,219551,50,0
219552,219552,219553,1,0
219552,219552,219553,1,0
219552,219552,219553,1,0
219552,219552,219553,1,0
219552,219552,219554,2,0
219552,219552,219553,1,0
219504,219504,219553,49,0
219552,219552,219554,2,0
219552,219552,219553,1,0
219552,219552,219553,1,0
219552,219552,219554,2,0
219552,219552,219554,2,0
219552,219552,219554,2,0
219552,219552,219553,1,0
219552,219552,219553,1,0
219552,219552,219553,1,0
219552,219552,219553,1,0
219552,219552,219553,1,0
219552,219552,219553,1,0
219552,219552,219554,2,0
219552,219552,219554,2,0
219552,219552,219554,2,0
219552,219552,219554,2,0
219552,219552,219555,3,0
219552,219552,219555,3,0
219552,219552,219554,2,0
219502,219502,219555,53,0
219552,219552,219554,2,0
219552,219552,219554,2,0
219552,219552,219554,2,0
219552,219552,219554,2,0
219552,219552,219554,2,0
219552,219552,219554,2,0
219500,219500,219555,55,0
219552,219552,219555,3,0
219552,219552,219556,4,0
219555,219555,219556,1,0
219555,219555,219556,1,0
219555,219555,219556,1,0
219555,219555,219557,2,0
219555,219555,219557,2,0
219555,219555,219557,2,0
219555,219555,219556,1,0
219555,219555,219556,1,0
219555,219555,219557,2,0
219555,219555,219557,2,0
219555,219555,219556,1,0
219555,219555,219557,2,0
219555,219555,219557,2,0
219555,219555,219557,2,0
219555,219555,219557,2,0
219555,219555,219557,2,0
219555,219555,219557,2,0
219555,219555,219557,2,0
219555,219555,219557,2,0
219555,219555,219557,2,0
219555,219555,219558,3,0
219555,219555,219557,2,0
219555,219555,219557,2,0
219555,219555,219557,2,0
219555,219555,219557,2,0
219555,219555,219557,2,0
219555,219555,219557,2,0
219555,219555,219557,2,0
219555,219555,219557,2,0
219558,219558,219559,1,0
219498,219498,219558,60,0
219558,219558,219559,1,0
219558,219558,219559,1,0
219558,219558,219559,1,0
219552,219552,219556,4,0
219555,219556,219557,1,1
219558,219558,219560,2,0
219558,219558,219560,2,0
219558,219558,219560,2,0
219558,219558,219559,1,0
219558,219558,219559,1,0
219558,219558,219560,2,0
219558,219558,219560,2,0
219558,219558,219560,2,0
219558,219558,219560,2,0
219558,219558,219560,2,0
219558,219558,219560,2,0
219558,219558,219560,2,0
219558,219558,219560,2,0
219558,219558,219560,2,0
219558,219558,219560,2,0
219558,219558,219560,2,0
219558,219558,219559,1,0
219558,219558,219560,2,0
219558,219558,219560,2,0
219558,219558,219560,2,0
219558,219558,219560,2,0
219558,219558,219559,1,0
219558,219559,219560,1,1
219558,219558,219560,2,0
219558,219558,219560,2,0
219558,219558,219560,2,0
219558,219558,219560,2,0
219558,219559,219561,2,1
219508,219508,219561,53,0
219513,219513,219571,58,0
219509,219509,219572,63,0
219555,219555,219572,17,0
219555,219555,219575,20,0
219558,219558,219574,16,0
219555,219555,219576,21,0
219555,219555,219575,20,0
219536,219536,219589,53,0
219534,219535,219592,57,1
219591,219591,219593,2,0
219540,219540,219592,52,0
219591,219591,219592,1,0
219591,219591,219592,1,0
219591,219591,219592,1,0
219591,219591,219592,1,0
219591,219591,219592,1,0
219591,219592,219593,1,1
219591,219591,219593,2,0
219591,219591,219593,2,0
219591,219592,219593,1,1
219592,219593,219594,1,1
219591,219592,219593,1,1
219591,219592,219593,1,1
219591,219592,219593,1,1
219591,219591,219594,3,0
219591,219591,219593,2,0
219591,219592,219593,1,1
219591,219592,219594,2,1
219591,219591,219593,2,0
219591,219591,219594,3,0
219591,219592,219593,1,1
219591,219591,219593,2,0
219591,219592,219594,2,1
219592,219593,219594,1,1
219591,219591,219593,2,0
219591,219591,219594,3,0
219591,219592,219593,1,1
219591,219592,219594,2,1
219591,219592,219594,2,1
219591,219592,219594,2,1
219591,219592,219594,2,1
219591,219592,219595,3,1
219591,219591,219594,3,0
219591,219591,219594,3,0
219591,219592,219594,2,1
219591,219593,219595,2,2
219592,219593,219594,1,1
219591,219591,219594,3,0
219591,219591,219594,3,0
219591,219592,219594,2,1
219591,219592,219594,2,1
219591,219592,219594,2,1
219591,219592,219594,2,1
219591,219591,219594,3,0
219591,219591,219594,3,0
219591,219592,219594,2,1
219591,219592,219594,2,1
219591,219592,219594,2,1
219592,219593,219594,1,1
219591,219591,219594,3,0
219591,219591,219594,3,0
219591,219592,219594,2,1
219591,219592,219594,2,1
219591,219592,219594,2,1
219591,219592,219594,2,1
219591,219592,219594,2,1
219591,219591,219594,3,0
219591,219592,219594,2,1
219591,219592,219594,2,1
219591,219592,219594,2,1
219592,219593,219594,1,1
219591,219591,219594,3,0
219591,219592,219594,2,1
219591,219592,219594,2,1
219591,219592,219594,2,1
219591,219591,219594,3,0
219591,219591,219594,3,0
219591,219592,219594,2,1
219591,219592,219594,2,1
219591,219592,219594,2,1
219591,219591,219594,3,0
219591,219592,219594,2,1
219591,219592,219594,2,1
219592,219593,219594,1,1
219592,219594,219595,1,2
219592,219594,219596,2,2
219592,219594,219596,2,2
219592,219594,219596,2,2
219592,219594,219596,2,2
219592,219594,219596,2,2
219592,219594,219596,2,2
219592,219594,219595,1,2
219592,219595,219596,1,3
219592,219594,219596,2,2
219592,219594,219596,2,2
219592,219594,219596,2,2
219592,219594,219596,2,2
219592,219594,219596,2,2
219592,219594,219596,2,2
219592,219594,219596,2,2
219592,219594,219596,2,2
219592,219594,219596,2,2
219592,219594,219595,1,2
219592,219594,219596,2,2
219592,219594,219596,2,2
219592,219594,219596,2,2
219592,219595,219597,2,3
219592,219595,219597,2,3
219592,219595,219596,1,3
219592,219595,219596,1,3
219592,219595,219596,1,3
219592,219595,219596,1,3
219592,219595,219596,1,3
219592,219595,219597,2,3
219592,219595,219597,2,3
219592,219595,219597,2,3
219592,219595,219597,2,3
219592,219594,219596,2,2
219592,219595,219597,2,3
219592,219595,219597,2,3
219592,219595,219597,2,3
219592,219595,219597,2,3
219592,219595,219597,2,3
219592,219595,219597,2,3
219592,219595,219597,2,3
219592,219595,219597,2,3
219592,219595,219596,1,3
219592,219595,219597,2,3
219592,219595,219597,2,3
219592,219595,219597,2,3
219592,219595,219597,2,3
219592,219595,219597,2,3
219592,219594,219596,2,2
219592,219595,219597,2,3
219592,219595,219597,2,3
219592,219595,219597,2,3
219592,219595,219597,2,3
219592,219595,219597,2,3
219592,219595,219597,2,3
219592,219595,219597,2,3
219592,219595,219597,2,3
219592,219595,219597,2,3
219592,219595,219597,2,3
219592,219595,219597,2,3
219592,219595,219599,4,3
219539,219539,219599,60,0
219516,219516,219601,85,0
219547,219547,219605,58,0
219542,219544,219606,62,2
219543,219543,219607,64,0
219548,219548,219611,63,0
219506,219506,219611,105,0
219511,219511,219611,100,0
219553,219553,219625,72,0
219640,219640,219641,1,0
219640,219640,219641,1,0
219640,219640,219641,1,0
219640,219640,219641,1,0
219640,219640,219641,1,0
219640,219640,219641,1,0
219640,219640,219641,1,0
219640,219640,219641,1,0
219640,219640,219641,1,0
219640,219640,219641,1,0
219640,219640,219641,1,0
219640,219640,219641,1,0
219640,219640,219642,2,0
219640,219640,219642,2,0
219640,219640,219642,2,0
219640,219640,219642,2,0
219640,219640,219642,2,0
219640,219640,219642,2,0
219640,219640,219642,2,0
219640,219640,219642,2,0
219640,219640,219642,2,0
219640,219640,219642,2,0
219640,219640,219642,2,0
219640,219640,219642,2,0
219640,219640,219642,2,0
219640,219640,219642,2,0
219640,219640,219642,2,0
219640,219640,219642,2,0
219640,219640,219642,2,0
219640,219640,219642,2,0
219640,219640,219642,2,0
219640,219640,219642,2,0
219640,219640,219643,3,0
219640,219640,219642,2,0
219640,219640,219642,2,0
219640,219640,219642,2,0
219640,219640,219643,3,0
219640,219640,219642,2,0
219640,219640,219642,2,0
219640,219640,219642,2,0
219640,219640,219642,2,0
219640,219640,219642,2,0
219640,219640,219642,2,0
219640,219640,219642,2,0
219640,219640,219642,2,0
219640,219640,219642,2,0
219640,219640,219643,3,0
219640,219640,219642,2,0
219640,219640,219643,3,0
219640,219640,219642,2,0
219640,219640,219642,2,0
219640,219640,219643,3,0
219640,219640,219643,3,0
219640,219640,219643,3,0
219640,219640,219643,3,0
219640,219640,219643,3,0
219640,219640,219643,3,0
219640,219640,219643,3,0
219640,219640,219643,3,0
219640,219640,219643,3,0
219640,219640,219643,3,0
219640,219640,219643,3,0
219640,219640,219643,3,0
219640,219640,219643,3,0
219640,219640,219643,3,0
219640,219642,219644,2,2
219640,219640,219643,3,0
219640,219640,219643,3,0
219640,219640,219643,3,0
219640,219642,219644,2,2
219640,219642,219644,2,2
219640,219640,219643,3,0
219640,219640,219643,3,0
219640,219642,219643,1,2
219640,219642,219644,2,2
219640,219643,219644,1,3
219640,219640,219643,3,0
219640,219640,219643,3,0
219640,219640,219643,3,0
219640,219642,219643,1,2
219640,219640,219643,3,0
219640,219640,219643,3,0
219640,219642,219644,2,2
219640,219642,219644,2,2
219640,219640,219643,3,0
219640,219640,219643,3,0
219640,219642,219643,1,2
219640,219643,219644,1,3
219640,219642,219644,2,2
219640,219642,219644,2,2
219640,219642,219643,1,2
219640,219643,219644,1,3
219640,219643,219644,1,3
219640,219643,219644,1,3
219640,219642,219644,2,2
219640,219643,219644,1,3
219640,219643,219644,1,3
219640,219644,219645,1,4
219640,219643,219644,1,3
219640,219643,219644,1,3
219640,219643,219644,1,3
219640,219643,219644,1,3
219640,219643,219644,1,3
219640,219643,219644,1,3
219640,219643,219645,2,3
219640,219643,219645,2,3
219640,219643,219644,1,3
219640,219643,219644,1,3
219640,219643,219645,2,3
219640,219643,219644,1,3
219640,219643,219644,1,3
219640,219643,219644,1,3
219641,219644,219645,1,3
219640,219643,219644,1,3
219640,219643,219644,1,3
219640,219643,219645,2,3
219640,219643,219644,1,3
219640,219643,219644,1,3
219640,219643,219644,1,3
219640,219643,219644,1,3
219640,219643,219644,1,3
219640,219643,219645,2,3
219640,219643,219645,2,3
219640,219643,219645,2,3
219640,219643,219645,2,3
219640,219643,219645,2,3
219640,219643,219645,2,3
219640,219644,219645,1,4
219640,219644,219645,1,4
219640,219644,219645,1,4
219641,219645,219646,1,4
219641,219645,219646,1,4
219640,219644,219645,1,4
219640,219644,219645,1,4
219640,219644,219645,1,4
219641,219645,219646,1,4
219641,219645,219646,1,4
219640,219644,219645,1,4
219641,219644,219645,1,3
219641,219644,219645,1,3
219641,219644,219645,1,3
219641,219644,219645,1,3
219641,219644,219646,2,3
219641,219644,219646,2,3
219641,219644,219646,2,3
219641,219644,219646,2,3
219641,219644,219645,1,3
219641,219644,219645,1,3
219641,219644,219646,2,3
219641,219644,219646,2,3
219641,219644,219646,2,3
219641,219644,219646,2,3
219641,219644,219646,2,3
219641,219644,219646,2,3
219641,219644,219646,2,3
219641,219644,219645,1,3
219641,219644,219646,2,3
219641,219644,219646,2,3
219641,219644,219646,2,3
219641,219644,219646,2,3
219641,219644,219646,2,3
219641,219644,219646,2,3
219641,219644,219646,2,3
219641,219644,219646,2,3
219641,219644,219646,2,3
219641,219644,219646,2,3
219641,219644,219646,2,3
219641,219644,219646,2,3
219641,219644,219646,2,3
219641,219644,219646,2,3
219641,219644,219646,2,3
219641,219644,219645,1,3
219641,219645,219646,1,4
219641,219645,219647,2,4
219641,219645,219647,2,4
219641,219645,219646,1,4
219641,219645,219646,1,4
219642,219646,219647,1,4
219642,219646,219647,1,4
219642,219646,219647,1,4
219642,219646,219647,1,4
219641,219645,219647,2,4
219641,219645,219647,2,4
219641,219645,219647,2,4
219641,219645,219647,2,4
219641,219645,219647,2,4
219641,219645,219647,2,4
219641,219645,219647,2,4
219641,219645,219647,2,4
219641,219645,219647,2,4
219641,219645,219647,2,4
219642,219645,219646,1,3
219641,219645,219647,2,4
219641,219645,219647,2,4
219642,219645,219646,1,3
219641,219645,219647,2,4
219641,219645,219647,2,4
219641,219645,219647,2,4
219641,219645,219647,2,4
219641,219645,219647,2,4
219641,219645,219647,2,4
219641,219645,219647,2,4
219641,219645,219647,2,4
219641,219645,219647,2,4
219641,219645,219647,2,4
219642,219646,219647,1,4
219642,219646,219648,2,4
219642,219646,219648,2,4
219642,219646,219648,2,4
219642,219646,219648,2,4
219642,219646,219648,2,4
219642,219646,219648,2,4
219642,219646,219648,2,4
219642,219646,219648,2,4
219642,219646,219648,2,4
219642,219646,219648,2,4
219642,219646,219648,2,4
219642,219646,219648,2,4
219642,219646,219648,2,4
219642,219646,219648,2,4
219642,219646,219648,2,4
219642,219646,219648,2,4
219642,219646,219648,2,4
219642,219646,219648,2,4
219642,219646,219648,2,4
219642,219646,219648,2,4
219642,219646,219648,2,4
219642,219646,219648,2,4
219642,219646,219648,2,4
219642,219646,219648,2,4
219642,219646,219648,2,4
219642,219646,219649,3,4
219642,219646,219648,2,4
219545,219545,219655,110,0
219593,219595,219656,61,2
219556,219559,219660,101,3
219643,219646,219692,46,3
219720,219720,219721,1,0
219720,219720,219722,2,0
219720,219720,219721,1,0
219720,219720,219721,1,0
219720,219720,219722,2,0
219720,219720,219721,1,0
219720,219720,219721,1,0
219720,219720,219721,1,0
219720,219720,219722,2,0
219720,219720,219723,3,0
219720,219720,219722,2,0
219720,219721,219722,1,1
219720,219721,219722,1,1
219720,219720,219722,2,0
219720,219720,219722,2,0
219720,219721,219722,1,1
219720,219721,219722,1,1
219720,219721,219723,2,1
219720,219720,219722,2,0
219720,219720,219723,3,0
219720,219720,219722,2,0
219720,219721,219722,1,1
219720,219721,219722,1,1
219720,219721,219722,1,1
219720,219720,219722,2,0
219720,219720,219722,2,0
219720,219721,219722,1,1
219720,219721,219722,1,1
219720,219721,219722,1,1
219720,219720,219722,2,0
219720,219720,219722,2,0
219720,219720,219722,2,0
219720,219721,219722,1,1
219720,219721,219723,2,1
219720,219720,219722,2,0
219720,219720,219723,3,0
219720,219720,219722,2,0
219720,219721,219722,1,1
219720,219720,219723,3,0
219720,219720,219722,2,0
219720,219721,219722,1,1
219720,219721,219722,1,1
219720,219721,219723,2,1
219720,219720,219723,3,0
219720,219720,219722,2,0
219720,219720,219722,2,0
219720,219721,219722,1,1
219720,219721,219722,1,1
219720,219721,219723,2,1
219720,219721,219723,2,1
219720,219720,219722,2,0
219720,219720,219722,2,0
219720,219721,219722,1,1
219720,219721,219723,2,1
219720,219721,219723,2,1
219720,219720,219722,2,0
219720,219720,219722,2,0
219720,219720,219722,2,0
219720,219721,219722,1,1
219720,219721,219722,1,1
219720,219721,219723,2,1
219720,219721,219723,2,1
219720,219721,219723,2,1
219720,219721,219723,2,1
219720,219721,219723,2,1
219720,219721,219723,2,1
219720,219721,219723,2,1
219720,219721,219723,2,1
219720,219721,219723,2,1
219720,219721,219723,2,1
219720,219721,219723,2,1
219720,219722,219724,2,2
219720,219721,219723,2,1
219720,219722,219723,1,2
219720,219722,219723,1,2
219720,219721,219723,2,1
219720,219721,219723,2,1
219720,219722,219724,2,2
219721,219723,219724,1,2
219720,219721,219723,2,1
219720,219721,219723,2,1
219720,219722,219724,2,2
219721,219723,219724,1,2
219720,219721,219723,2,1
219720,219721,219723,2,1
219720,219722,219724,2,2
219720,219721,219723,2,1
219720,219722,219724,2,2
219720,219721,219723,2,1
219720,219722,219724,2,2
219720,219722,219724,2,2
219720,219723,219724,1,3
219720,219723,219724,1,3
219720,219723,219724,1,3
219720,219723,219724,1,3
219721,219724,219725,1,3
219720,219723,219725,2,3
219720,219723,219725,2,3
219720,219723,219725,2,3
219720,219723,219725,2,3
219720,219723,219725,2,3
219720,219723,219724,1,3
219721,219723,219724,1,2
219721,219723,219725,2,2
219721,219723,219725,2,2
219721,219723,219725,2,2
219721,219723,219725,2,2
219721,219723,219724,1,2
219721,219723,219725,2,2
219721,219723,219725,2,2
219721,219723,219725,2,2
219720,219723,219725,2,3
219721,219723,219725,2,2
219721,219723,219725,2,2
219721,219723,219725,2,2
219721,219723,219725,2,2
219721,219723,219725,2,2
219720,219723,219725,2,3
219721,219723,219724,1,2
219721,219723,219725,2,2
219721,219723,219725,2,2
219720,219723,219725,2,3
219721,219723,219724,1,2
219721,219723,219725,2,2
219721,219724,219725,1,3
219721,219724,219725,1,3
219721,219724,219726,2,3
219721,219724,219726,2,3
219721,219723,219725,2,2
219721,219723,219725,2,2
219721,219723,219725,2,2
219721,219723,219725,2,2
219721,219724,219726,2,3
219721,219724,219726,2,3
219721,219724,219726,2,3
219721,219723,219726,3,2
219721,219723,219726,3,2
219721,219723,219725,2,2
219721,219723,219725,2,2
219721,219723,219725,2,2
219721,219724,219726,2,3
219721,219724,219726,2,3
219721,219724,219726,2,3
219721,219724,219726,2,3
219721,219724,219726,2,3
219721,219724,219726,2,3
219721,219723,219726,3,2
219721,219723,219726,3,2
219721,219724,219726,2,3
219721,219723,219726,3,2
219721,219723,219725,2,2
219721,219723,219725,2,2
219721,219724,219726,2,3
219721,219723,219725,2,2
219721,219723,219726,3,2
219721,219723,219725,2,2
219721,219724,219726,2,3
219721,219724,219726,2,3
219721,219724,219726,2,3
219721,219724,219726,2,3
219721,219724,219727,3,3
219721,219724,219726,2,3
219721,219724,219726,2,3
219721,219724,219727,3,3
219721,219724,219727,3,3
219721,219724,219726,2,3
219721,219724,219727,3,3
219721,219724,219727,3,3
219721,219724,219726,2,3
219721,219723,219726,3,2
219721,219724,219781,57,3
219797,219797,219798,1,0
219797,219797,219798,1,0
219797,219797,219798,1,0
219797,219797,219798,1,0
219797,219797,219798,1,0
219797,219797,219798,1,0
219797,219797,219799,2,0
219797,219797,219799,2,0
219797,219797,219799,2,0
219797,219797,219799,2,0
219797,219797,219799,2,0
219797,219797,219799,2,0
219797,219797,219799,2,0
219797,219797,219799,2,0
219797,219797,219799,2,0
219797,219797,219798,1,0
219797,219797,219799,2,0
219797,219797,219799,2,0
219797,219797,219799,2,0
219797,219797,219798,1,0
219797,219797,219799,2,0
219797,219797,219799,2,0
219797,219797,219799,2,0
219797,219797,219799,2,0
219797,219797,219799,2,0
219797,219797,219799,2,0
219797,219797,219799,2,0
219797,219797,219798,1,0
219797,219797,219798,1,0
219797,219797,219799,2,0
219797,219797,219799,2,0
219797,219797,219799,2,0
219797,219797,219799,2,0
219797,219797,219798,1,0
219797,219797,219799,2,0
219797,219797,219799,2,0
219797,219797,219798,1,0
219797,219797,219799,2,0
219797,219797,219799,2,0
219797,219797,219799,2,0
219797,219797,219799,2,0
219797,219797,219799,2,0
219797,219797,219798,1,0
219797,219797,219799,2,0
219797,219797,219799,2,0
219797,219797,219798,1,0
219797,219797,219799,2,0
219797,219797,219798,1,0
219797,219797,219799,2,0
219797,219797,219799,2,0
219797,219797,219799,2,0
219797,219797,219799,2,0
219797,219797,219799,2,0
219797,219797,219799,2,0
219797,219797,219798,1,0
219797,219797,219799,2,0
219797,219797,219799,2,0
219797,219797,219798,1,0
219797,219797,219799,2,0
219797,219797,219799,2,0
219797,219797,219798,1,0
219797,219797,219799,2,0
219797,219797,219799,2,0
219797,219797,219799,2,0
219797,219797,219799,2,0
219797,219797,219798,1,0
219797,219797,219799,2,0
219797,219797,219799,2,0
219797,219797,219799,2,0
219797,219797,219798,1,0
219797,219797,219799,2,0
219797,219798,219800,2,1
219797,219798,219800,2,1
219797,219797,219799,2,0
219797,219798,219800,2,1
219797,219798,219800,2,1
219797,219798,219800,2,1
219797,219797,219799,2,0
219797,219797,219799,2,0
219797,219797,219800,3,0
219797,219798,219800,2,1
219797,219797,219800,3,0
219797,219797,219800,3,0
219797,219798,219800,2,1
219797,219797,219800,3,0
219797,219799,219801,2,2
219797,219799,219801,2,2
219797,219799,219801,2,2
219797,219799,219801,2,2
219797,219799,219801,2,2
219797,219799,219801,2,2
219797,219799,219801,2,2
219797,219799,219801,2,2
219797,219799,219801,2,2
219797,219799,219801,2,2
219797,219799,219801,2,2
219797,219799,219801,2,2
219797,219799,219801,2,2
219797,219799,219801,2,2
219797,219799,219802,3,2
219858,219858,219859,1,0
219797,219799,219859,60,2
219858,219858,219859,1,0
219858,219858,219860,2,0
219858,219858,219859,1,0
219858,219858,219859,1,0
219858,219858,219860,2,0
219858,219858,219860,2,0
219858,219859,219860,1,1
219858,219859,219861,2,1
219858,219859,219861,2,1
219858,219858,219860,2,0
219858,219858,219860,2,0
219858,219858,219860,2,0
219858,219859,219860,1,1
219858,219859,219861,2,1
219858,219858,219860,2,0
219858,219858,219860,2,0
219858,219858,219861,3,0
219858,219859,219860,1,1
219858,219859,219860,1,1
219858,219859,219861,2,1
219858,219859,219861,2,1
219858,219858,219860,2,0
219858,219858,219861,3,0
219858,219859,219860,1,1
219858,219859,219860,1,1
219858,219859,219861,2,1
219858,219859,219861,2,1
219858,219858,219861,3,0
219858,219859,219860,1,1
219858,219859,219860,1,1
219858,219859,219861,2,1
219858,219858,219860,2,0
219858,219858,219861,3,0
219858,219858,219860,2,0
219858,219859,219860,1,1
219858,219859,219860,1,1
219858,219859,219861,2,1
219858,219858,219860,2,0
219858,219859,219860,1,1
219858,219859,219860,1,1
219858,219859,219861,2,1
219858,219859,219861,2,1
219858,219858,219860,2,0
219858,219859,219860,1,1
219858,219859,219860,1,1
219858,219859,219861,2,1
219858,219858,219860,2,0
219858,219858,219860,2,0
219858,219859,219860,1,1
219858,219859,219860,1,1
219858,219859,219861,2,1
219858,219859,219860,1,1
219858,219858,219860,2,0
219858,219858,219861,3,0
219858,219858,219861,3,0
219858,219859,219860,1,1
219858,219859,219861,2,1
219858,219859,219861,2,1
219858,219859,219861,2,1
219858,219859,219861,2,1
219858,219859,219861,2,1
219858,219859,219861,2,1
219858,219859,219861,2,1
219858,219859,219861,2,1
219858,219859,219861,2,1
219858,219859,219861,2,1
219858,219859,219861,2,1
219905,219905,219907,2,0
219905,219905,219906,1,0
219905,219905,219907,2,0
219905,219906,219907,1,1
219905,219905,219907,2,0
219905,219905,219907,2,0
219905,219906,219907,1,1
219905,219906,219907,1,1
219905,219905,219907,2,0
219905,219906,219907,1,1
219905,219905,219907,2,0
219905,219906,219907,1,1
219905,219906,219907,1,1
219905,219906,219907,1,1
219905,219906,219907,1,1
219905,219906,219907,1,1
219905,219905,219907,2,0
219905,219906,219907,1,1
219905,219906,219907,1,1
219905,219905,219907,2,0
219905,219906,219907,1,1
219905,219906,219907,1,1
219905,219906,219907,1,1
219905,219906,219907,1,1
219905,219906,219907,1,1
219905,219905,219908,3,0
219905,219906,219908,2,1
219905,219906,219908,2,1
219905,219906,219908,2,1
219905,219906,219908,2,1
219905,219906,219908,2,1
219905,219906,219908,2,1
219905,219906,219908,2,1
219905,219906,219908,2,1
219859,219859,219909,50,0
219937,219937,219938,1,0
219937,219937,219938,1,0
219937,219937,219938,1,0
219937,219937,219938,1,0
219937,219937,219938,1,0
219937,219937,219939,2,0
219937,219937,219939,2,0
219937,219937,219939,2,0
219937,219937,219939,2,0
219937,219937,219939,2,0
219937,219937,219939,2,0
219937,219937,219939,2,0
219937,219937,219939,2,0
219937,219937,219939,2,0
219937,219937,219938,1,0
219937,219937,219939,2,0
219937,219937,219939,2,0
219937,219937,219938,1,0
219937,219937,219939,2,0
219937,219937,219939,2,0
219937,219937,219938,1,0
219937,219937,219939,2,0
219937,219937,219939,2,0
219937,219937,219939,2,0
219937,219937,219939,2,0
219937,219937,219939,2,0
219937,219937,219939,2,0
219937,219937,219938,1,0
219937,219937,219939,2,0
219937,219937,219939,2,0
219937,219937,219939,2,0
219937,219937,219939,2,0
219937,219937,219939,2,0
219937,219937,219939,2,0
219955,219955,219956,1,0
219955,219955,219956,1,0
219955,219955,219956,1,0
219955,219955,219956,1,0
219955,219955,219957,2,0
219955,219955,219956,1,0
219955,219955,219957,2,0
219955,219955,219956,1,0
219955,219955,219957,2,0
219955,219955,219957,2,0
219955,219955,219957,2,0
219955,219955,219957,2,0
219955,219955,219957,2,0
219955,219955,219956,1,0
219955,219955,219957,2,0
219955,219955,219957,2,0
219955,219955,219956,1,0
219955,219955,219957,2,0
219955,219955,219957,2,0
219955,219955,219957,2,0
219955,219955,219957,2,0
219955,219955,219956,1,0
219955,219955,219957,2,0
219955,219955,219957,2,0
219955,219955,219957,2,0
219955,219955,219957,2,0
219955,219955,219957,2,0
219955,219955,219957,2,0
219955,219955,219957,2,0
219955,219955,219957,2,0
219955,219955,219957,2,0
219955,219955,219957,2,0
219955,219955,219957,2,0
219955,219955,219957,2,0
219937,219937,219996,59,0
219998,219999,220000,1,1
219998,219999,220000,1,1
219998,219999,220000,1,1
219998,219999,220000,1,1
219998,219999,220001,2,1
219998,219999,220000,1,1
219998,219999,220000,1,1
219998,219999,220000,1,1
219998,219999,220000,1,1
219998,219999,220001,2,1
219998,219999,220001,2,1
219998,219999,220000,1,1
219998,219999,220000,1,1
219998,219999,220001,2,1
219998,219999,220000,1,1
219998,219999,220001,2,1
219998,219999,220000,1,1
219998,219999,220001,2,1
219998,219999,220000,1,1
219998,219999,220001,2,1
219998,219999,220001,2,1
219998,219999,220001,2,1
219998,219999,220001,2,1
219998,219999,220001,2,1
219998,219999,220001,2,1
219998,219999,220001,2,1
219998,219999,220004,5,1
219998,219999,220010,11,1
219998,219999,220010,11,1
219998,219999,220011,12,1
219972,219973,220030,57,1
220031,220032,220033,1,1
220031,220032,220033,1,1
220031,220032,220034,2,1
220031,220032,220033,1,1
220031,220032,220033,1,1
220031,220032,220033,1,1
220031,220032,220033,1,1
220031,220032,220033,1,1
220031,220032,220033,1,1
220031,220032,220033,1,1
220031,220032,220033,1,1
220031,220032,220033,1,1
220031,220032,220033,1,1
220031,220032,220033,1,1
220031,220032,220034,2,1
220031,220032,220033,1,1
220031,220032,220033,1,1
220031,220032,220034,2,1
220031,220032,220034,2,1
220031,220032,220034,2,1
220031,220032,220034,2,1
220031,220032,220034,2,1
220031,220032,220034,2,1
220031,220032,220034,2,1
220031,220032,220034,2,1
220031,220032,220034,2,1
220031,220032,220034,2,1
220031,220032,220034,2,1
220031,220032,220034,2,1
220031,220032,220034,2,1
219992,219992,220042,50,0
220031,220032,220042,10,1
220031,220032,220043,11,1
219990,219990,220043,53,0
220044,220044,220045,1,0
220044,220044,220045,1,0
220044,220044,220045,1,0
220044,220044,220045,1,0
220044,220044,220045,1,0
220044,220044,220045,1,0
220044,220044,220046,2,0
220044,220044,220046,2,0
220044,220044,220046,2,0
220044,220044,220045,1,0
220044,220044,220046,2,0
220044,220044,220046,2,0
220044,220044,220046,2,0
220044,220044,220046,2,0
220044,220044,220045,1,0
220044,220044,220046,2,0
220044,220044,220046,2,0
220044,220044,220045,1,0
220044,220044,220046,2,0
220044,220044,220046,2,0
220044,220044,220045,1,0
220044,220044,220046,2,0
220044,220044,220046,2,0
220044,220044,220046,2,0
220044,220044,220046,2,0
220044,220044,220046,2,0
220044,220044,220046,2,0
220044,220044,220046,2,0
220044,220044,220046,2,0
220044,220044,220046,2,0
220044,220044,220046,2,0
219995,219995,220047,52,0
220002,220002,220053,51,0
219999,219999,220058,59,0
220044,220044,220058,14,0
220000,220000,220057,57,0
220044,220044,220058,14,0
220044,220044,220058,14,0
220013,220013,220061,48,0
220062,220062,220063,1,0
220062,220062,220063,1,0
220062,220062,220063,1,0
220062,220062,220063,1,0
220062,220062,220063,1,0
220062,220062,220063,1,0
220062,220062,220064,2,0
220062,220062,220063,1,0
220062,220062,220064,2,0
220062,220062,220064,2,0
220062,220062,220064,2,0
220010,220010,220064,54,0
220062,220062,220064,2,0
220062,220062,220064,2,0
220062,220063,220064,1,1
220062,220062,220064,2,0
220062,220062,220064,2,0
220062,220062,220064,2,0
220062,220062,220064,2,0
220062,220062,220065,3,0
220062,220062,220065,3,0
220062,220062,220064,2,0
220062,220063,220064,1,1
220062,220063,220064,1,1
220062,220062,220065,3,0
220062,220062,220064,2,0
220062,220062,220064,2,0
220062,220063,220065,2,1
220062,220062,220064,2,0
220062,220062,220064,2,0
220062,220062,220064,2,0
220062,220063,220064,1,1
220062,220063,220065,2,1
220062,220063,220064,1,1
220062,220064,220065,1,2
220062,220062,220065,3,0
220062,220062,220064,2,0
220062,220063,220064,1,1
220062,220063,220065,2,1
220062,220063,220064,1,1
220062,220064,220065,1,2
220062,220062,220065,3,0
220062,220062,220064,2,0
220062,220062,220065,3,0
220062,220063,220065,2,1
220062,220063,220064,1,1
220062,220063,220064,1,1
220062,220063,220064,1,1
220062,220062,220065,3,0
220062,220062,220064,2,0
220062,220062,220064,2,0
220062,220063,220065,2,1
220062,220063,220065,2,1
220062,220063,220065,2,1
220062,220063,220065,2,1
220062,220063,220065,2,1
220062,220063,220065,2,1
220062,220063,220065,2,1
220062,220064,220065,1,2
220062,220062,220065,3,0
220062,220062,220065,3,0
220062,220063,220065,2,1
220062,220063,220065,2,1
220062,220064,220065,1,2
220062,220062,220065,3,0
220062,220063,220065,2,1
220062,220062,220065,3,0
220062,220063,220065,2,1
220063,220065,220066,1,2
220063,220065,220066,1,2
220062,220065,220066,1,3
220062,220065,220066,1,3
220062,220065,220066,1,3
220062,220065,220066,1,3
220062,220065,220066,1,3
220062,220065,220066,1,3
220062,220065,220066,1,3
220062,220065,220067,2,3
220062,220065,220067,2,3
220062,220065,220067,2,3
220062,220065,220067,2,3
220062,220065,220067,2,3
220062,220065,220067,2,3
220062,220065,220067,2,3
220062,220065,220067,2,3
220063,220066,220067,1,3
220062,220065,220067,2,3
220062,220065,220067,2,3
220063,220065,220067,2,2
220063,220065,220067,2,2
220063,220065,220067,2,2
220063,220065,220067,2,2
220062,220065,220067,2,3
220063,220065,220067,2,2
220063,220065,220067,2,2
220063,220066,220067,1,3
220062,220065,220067,2,3
220063,220065,220066,1,2
220063,220065,220067,2,2
220063,220066,220067,1,3
220063,220066,220067,1,3
220062,220063,220066,3,1
220062,220063,220066,3,1
220062,220063,220066,3,1
220063,220066,220067,1,3
220063,220066,220067,1,3
220063,220066,220067,1,3
220063,220067,220068,1,4
220063,220066,220067,1,3
220063,220066,220067,1,3
220063,220067,220068,1,4
220063,220066,220067,1,3
220063,220066,220067,1,3
220063,220066,220067,1,3
220062,220065,220067,2,3
220062,220065,220067,2,3
220062,220065,220067,2,3
220063,220066,220068,2,3
220063,220066,220068,2,3
220062,220065,220067,2,3
220062,220065,220067,2,3
220063,220066,220067,1,3
220062,220065,220067,2,3
220062,220065,220067,2,3
220063,220065,220067,2,2
220063,220065,220067,2,2
220063,220065,220067,2,2
220063,220065,220067,2,2
220063,220065,220067,2,2
220063,220065,220067,2,2
220063,220065,220067,2,2
220062,220065,220067,2,3
220063,220065,220067,2,2
220063,220065,220067,2,2
220063,220065,220067,2,2
220063,220065,220067,2,2
220063,220065,220067,2,2
220063,220066,220067,1,3
219996,219997,220068,71,1
220063,220067,220068,1,4
220063,220067,220068,1,4
220063,220067,220068,1,4
220063,220067,220069,2,4
220063,220067,220068,1,4
220063,220067,220068,1,4
220063,220067,220069,2,4
220063,220067,220068,1,4
220063,220067,220069,2,4
220063,220067,220069,2,4
220063,220067,220069,2,4
220063,220067,220069,2,4
220063,220067,220069,2,4
220063,220067,220069,2,4
220063,220067,220069,2,4
220063,220067,220069,2,4
220063,220067,220069,2,4
220063,220067,220069,2,4
220063,220067,220069,2,4
220063,220067,220069,2,4
220063,220067,220069,2,4
220063,220067,220068,1,4
220063,220067,220069,2,4
220063,220068,220069,1,5
220063,220067,220069,2,4
220063,220067,220069,2,4
220063,220067,220069,2,4
220063,220067,220069,2,4
219993,219993,220076,83,0
220005,220005,220077,72,0
220032,220032,220081,49,0
220009,220009,220087,78,0
220042,220043,220089,46,1
220036,220036,220091,55,0
220037,220040,220096,56,3
220003,220003,220101,98,0
220039,220039,220104,65,0
220007,220008,220104,96,1
220045,220045,220105,60,0
220012,220012,220109,97,0
220113,220113,220114,1,0
220113,220113,220114,1,0
220113,220113,220114,1,0
220113,220113,220114,1,0
220113,220113,220114,1,0
220113,220113,220114,1,0
220113,220113,220115,2,0
220113,220113,220115,2,0
220113,220113,220115,2,0
220113,220113,220115,2,0
220113,220113,220115,2,0
220113,220113,220115,2,0
220113,220113,220115,2,0
220113,220113,220115,2,0
220113,220113,220115,2,0
220113,220113,220115,2,0
220113,220113,220115,2,0
220113,220113,220115,2,0
220113,220113,220115,2,0
220113,220113,220115,2,0
220113,220113,220115,2,0
220113,220114,220115,1,1
220113,220113,220115,2,0
220113,220113,220115,2,0
220113,220113,220115,2,0
220113,220113,220115,2,0
220113,220114,220115,1,1
220113,220113,220115,2,0
220113,220113,220115,2,0
220113,220113,220115,2,0
220113,220113,220115,2,0
220113,220113,220115,2,0
220113,220113,220115,2,0
220113,220113,220115,2,0
220113,220113,220115,2,0
220113,220113,220115,2,0
220113,220113,220115,2,0
220113,220113,220115,2,0
220113,220113,220115,2,0
220113,220113,220115,2,0
220113,220113,220115,2,0
220113,220113,220115,2,0
220113,220113,220115,2,0
220113,220113,220115,2,0
220113,220113,220115,2,0
220113,220113,220115,2,0
220113,220113,220115,2,0
220113,220113,220116,3,0
220113,220113,220115,2,0
220113,220113,220116,3,0
220113,220113,220115,2,0
220113,220113,220115,2,0
220113,220113,220115,2,0
220113,220113,220115,2,0
220113,220114,220115,1,1
220113,220113,220115,2,0
220113,220113,220115,2,0
220113,220113,220115,2,0
220113,220113,220115,2,0
220113,220113,220115,2,0
220113,220114,220115,1,1
220113,220113,220116,3,0
220113,220113,220116,3,0
220113,220113,220116,3,0
220113,220113,220116,3,0
220113,220113,220116,3,0
220113,220116,220117,1,3
220113,220116,220117,1,3
220113,220113,220116,3,0
220113,220114,220116,2,1
220113,220114,220116,2,1
220113,220113,220116,3,0
220113,220113,220116,3,0
220113,220116,220117,1,3
220113,220113,220116,3,0
220113,220113,220116,3,0
220113,220114,220116,2,1
220113,220115,220116,1,2
220113,220113,220116,3,0
220113,220113,220116,3,0
220113,220115,220117,2,2
220113,220115,220116,1,2
220113,220113,220116,3,0
220113,220115,220117,2,2
220113,220114,220116,2,1
220113,220113,220116,3,0
220113,220115,220117,2,2
220113,220116,220117,1,3
220113,220116,220118,2,3
220113,220116,220118,2,3
220113,220116,220118,2,3
220113,220116,220118,2,3
220113,220116,220118,2,3
220113,220116,220117,1,3
220113,220116,220118,2,3
220113,220116,220118,2,3
220113,220116,220117,1,3
220113,220116,220117,1,3
220113,220116,220117,1,3
220113,220116,220118,2,3
220113,220116,220118,2,3
220114,220117,220118,1,3
220113,220116,220118,2,3
220114,220116,220118,2,2
220113,220115,220117,2,2
220114,220116,220117,1,2
220114,220116,220118,2,2
220113,220116,220118,2,3
220113,220116,220118,2,3
220113,220116,220118,2,3
220113,220116,220118,2,3
220113,220116,220118,2,3
220113,220116,220118,2,3
220113,220116,220118,2,3
220114,220116,220118,2,2
220113,220116,220118,2,3
220113,220116,220118,2,3
220113,220116,220118,2,3
220113,220116,220118,2,3
220113,220116,220118,2,3
220113,220116,220118,2,3
220113,220116,220118,2,3
220114,220117,220118,1,3
220114,220117,220118,1,3
220114,220117,220119,2,3
220114,220117,220119,2,3
220114,220117,220119,2,3
220114,220117,220119,2,3
220114,220117,220119,2,3
220114,220117,220119,2,3
220114,220117,220119,2,3
220113,220116,220118,2,3
220113,220116,220118,2,3
220113,220116,220118,2,3
220113,220116,220118,2,3
220114,220117,220119,2,3
220114,220117,220118,1,3
220113,220116,220118,2,3
220113,220116,220118,2,3
220113,220116,220118,2,3
220113,220116,220118,2,3
220113,220116,220118,2,3
220114,220117,220119,2,3
220113,220116,220118,2,3
220113,220116,220118,2,3
220113,220116,220118,2,3
220113,220116,220118,2,3
220114,220117,220119,2,3
220113,220116,220118,2,3
220113,220116,220118,2,3
220113,220116,220118,2,3
220114,220117,220119,2,3
220114,220117,220119,2,3
220113,220116,220118,2,3
220113,220116,220118,2,3
220114,220117,220119,2,3
220114,220117,220119,2,3
220114,220117,220119,2,3
220114,220117,220119,2,3
220114,220117,220119,2,3
220114,220117,220119,2,3
220114,220117,220119,2,3
220114,220118,220119,1,4
220114,220118,220119,1,4
220114,220117,220119,2,3
220114,220117,220119,2,3
220114,220117,220119,2,3
220115,220118,220120,2,3
220115,220118,220120,2,3
220115,220118,220120,2,3
220116,220119,220120,1,3
220116,220119,220120,1,3
220114,220117,220119,2,3
220114,220118,220120,2,4
220115,220118,220120,2,3
220115,220118,220120,2,3
220115,220118,220120,2,3
220115,220118,220120,2,3
220116,220119,220120,1,3
220115,220118,220120,2,3
220115,220118,220120,2,3
220115,220118,220120,2,3
220115,220118,220119,1,3
220115,220118,220120,2,3
220115,220118,220120,2,3
220115,220118,220120,2,3
220115,220118,220120,2,3
220115,220118,220120,2,3
220115,220118,220120,2,3
220115,220118,220120,2,3
220115,220118,220120,2,3
220115,220118,220120,2,3
220115,220118,220120,2,3
220115,220118,220120,2,3
220115,220118,220120,2,3
220115,220118,220120,2,3
220116,220119,220120,1,3
220115,220118,220120,2,3
220115,220118,220120,2,3
220116,220119,220120,1,3
220115,220119,220121,2,4
220115,220119,220120,1,4
220115,220119,220121,2,4
220115,220119,220121,2,4
220115,220119,220121,2,4
220116,220120,220121,1,4
220115,220118,220121,3,3
220116,220119,220121,2,3
220116,220119,220121,2,3
220116,220119,220121,2,3
220115,220118,220121,3,3
220115,220118,220121,3,3
220116,220119,220121,2,3
220116,220119,220122,3,3
220116,220119,220121,2,3
220116,220119,220121,2,3
220116,220120,220121,1,4
220116,220119,220122,3,3
220116,220119,220121,2,3
220116,220119,220121,2,3
220116,220119,220121,2,3
220116,220120,220121,1,4
220116,220119,220121,2,3
220116,220119,220121,2,3
220116,220119,220121,2,3
220116,220119,220121,2,3
220116,220120,220121,1,4
220116,220119,220121,2,3
220116,220119,220121,2,3
220116,220119,220121,2,3
220116,220119,220121,2,3
220116,220119,220121,2,3
220116,220119,220121,2,3
220116,220119,220121,2,3
220116,220119,220121,2,3
220116,220119,220121,2,3
220116,220120,220121,1,4
220116,220120,220121,1,4
220116,220119,220121,2,3
220116,220119,220121,2,3
220116,220119,220121,2,3
220116,220120,220121,1,4
220116,220120,220121,1,4
220116,220120,220122,2,4
220116,220120,220122,2,4
220116,220120,220123,3,4
220116,220121,220122,1,5
220116,220121,220122,1,5
220116,220121,220122,1,5
220116,220121,220122,1,5
220116,220121,220122,1,5
220116,220121,220122,1,5
220116,220120,220122,2,4
220116,220120,220122,2,4
220116,220121,220122,1,5
220116,220121,220122,1,5
220116,220121,220122,1,5
220116,220121,220122,1,5
220116,220121,220122,1,5
220116,220121,220122,1,5
220116,220121,220122,1,5
220116,220119,220122,3,3
220116,220121,220122,1,5
220116,220121,220122,1,5
220116,220121,220122,1,5
220116,220121,220122,1,5
220116,220121,220122,1,5
220116,220121,220122,1,5
220116,220121,220122,1,5
220116,220121,220122,1,5
220116,220121,220123,2,5
220064,220067,220131,64,3
220117,220121,220176,55,4
220211,220211,220212,1,0
220211,220211,220212,1,0
220211,220211,220212,1,0
220211,220211,220212,1,0
220211,220211,220212,1,0
220211,220211,220212,1,0
220211,220211,220212,1,0
220211,220211,220213,2,0
220211,220211,220213,2,0
220211,220211,220213,2,0
220211,220211,220212,1,0
220211,220211,220213,2,0
220211,220211,220212,1,0
220211,220211,220213,2,0
220211,220211,220213,2,0
220211,220211,220212,1,0
220211,220211,220213,2,0
220211,220211,220213,2,0
220211,220211,220212,1,0
220211,220211,220213,2,0
220211,220211,220213,2,0
220211,220211,220213,2,0
220211,220211,220212,1,0
220211,220211,220213,2,0
220211,220211,220213,2,0
220211,220211,220213,2,0
220211,220211,220213,2,0
220211,220211,220213,2,0
220211,220211,220212,1,0
220211,220211,220213,2,0
220211,220211,220213,2,0
220211,220211,220212,1,0
220211,220211,220213,2,0
220211,220211,220213,2,0
220211,220211,220213,2,0
220211,220211,220212,1,0
220211,220211,220213,2,0
220211,220211,220213,2,0
220211,220211,220213,2,0
220211,220211,220213,2,0
220211,220211,220212,1,0
220211,220211,220213,2,0
220211,220211,220212,1,0
220211,220211,220213,2,0
220211,220211,220213,2,0
220211,220211,220213,2,0
220211,220211,220213,2,0
220211,220211,220212,1,0
220211,220211,220213,2,0
220211,220211,220213,2,0
220211,220211,220213,2,0
220211,220211,220212,1,0
220211,220211,220213,2,0
220211,220211,220213,2,0
220211,220211,220212,1,0
220211,220211,220213,2,0
220211,220211,220213,2,0
220211,220211,220212,1,0
220211,220211,220213,2,0
220211,220211,220212,1,0
220211,220211,220213,2,0
220211,220211,220213,2,0
220211,220211,220213,2,0
220211,220211,220213,2,0
220211,220211,220213,2,0
220211,220211,220213,2,0
220211,220211,220212,1,0
220211,220211,220213,2,0
220211,220211,220213,2,0
220211,220211,220213,2,0
220211,220211,220214,3,0
220211,220211,220214,3,0
220211,220211,220214,3,0
220211,220212,220214,2,1
220211,220212,220214,2,1
220211,220211,220214,3,0
220211,220211,220214,3,0
220211,220212,220214,2,1
220211,220214,220215,1,3
220211,220211,220214,3,0
220211,220211,220214,3,0
220211,220212,220214,2,1
220211,220214,220215,1,3
220211,220212,220214,2,1
220211,220212,220214,2,1
220211,220212,220214,2,1
220211,220212,220214,2,1
220211,220211,220214,3,0
220211,220214,220215,1,3
220211,220213,220215,2,2
220211,220214,220216,2,3
220211,220214,220215,1,3
220211,220214,220216,2,3
220211,220214,220215,1,3
220211,220214,220215,1,3
220211,220214,220215,1,3
220211,220214,220215,1,3
220211,220215,220216,1,4
220211,220214,220216,2,3
220211,220214,220215,1,3
220211,220214,220216,2,3
220211,220214,220216,2,3
220211,220214,220215,1,3
220211,220214,220215,1,3
220211,220214,220215,1,3
220211,220214,220216,2,3
220211,220214,220215,1,3
220211,220214,220215,1,3
220211,220214,220215,1,3
220211,220214,220216,2,3
220211,220214,220216,2,3
220211,220214,220215,1,3
220211,220214,220215,1,3
220211,220214,220216,2,3
220211,220214,220216,2,3
220211,220214,220216,2,3
220211,220214,220215,1,3
220211,220214,220215,1,3
220211,220214,220215,1,3
220211,220214,220216,2,3
220211,220214,220216,2,3
220211,220214,220216,2,3
220211,220214,220216,2,3
220211,220214,220215,1,3
220211,220214,220215,1,3
220211,220214,220215,1,3
220211,220214,220215,1,3
220211,220214,220216,2,3
220211,220214,220216,2,3
220211,220214,220216,2,3
220211,220214,220215,1,3
220211,220214,220215,1,3
220211,220214,220215,1,3
220211,220214,220215,1,3
220211,220214,220216,2,3
220211,220214,220215,1,3
220211,220214,220215,1,3
220211,220214,220216,2,3
220211,220214,220216,2,3
220211,220214,220216,2,3
220211,220214,220216,2,3
220211,220214,220216,2,3
220211,220215,220217,2,4
220211,220215,220216,1,4
220211,220215,220217,2,4
220211,220215,220217,2,4
220211,220215,220216,1,4
220211,220214,220216,2,3
220211,220214,220216,2,3
220211,220215,220217,2,4
220211,220215,220216,1,4
220211,220214,220216,2,3
220211,220215,220217,2,4
220211,220215,220217,2,4
220211,220215,220216,1,4
220211,220214,220216,2,3
220211,220215,220217,2,4
220211,220215,220216,1,4
220211,220214,220216,2,3
220211,220215,220217,2,4
220211,220215,220216,1,4
220211,220215,220217,2,4
220211,220215,220216,1,4
220212,220215,220269,54,3
220287,220287,220288,1,0
220287,220287,220288,1,0
220287,220287,220288,1,0
220287,220287,220289,2,0
220287,220287,220288,1,0
220287,220287,220289,2,0
220287,220287,220288,1,0
220287,220287,220288,1,0
220287,220287,220288,1,0
220287,220287,220288,1,0
220287,220287,220288,1,0
220287,220287,220289,2,0
220287,220287,220289,2,0
220287,220287,220289,2,0
220287,220287,220289,2,0
220287,220287,220289,2,0
220287,220287,220289,2,0
220287,220288,220289,1,1
220287,220288,220289,1,1
220287,220287,220289,2,0
220287,220287,220289,2,0
220287,220287,220289,2,0
220287,220287,220289,2,0
220287,220287,220289,2,0
220287,220287,220289,2,0
220287,220287,220289,2,0
220287,220287,220289,2,0
220287,220287,220289,2,0
220287,220287,220289,2,0
220287,220288,220289,1,1
220287,220287,220289,2,0
220287,220287,220289,2,0
220287,220287,220289,2,0
220287,220287,220289,2,0
220287,220287,220289,2,0
220287,220288,220289,1,1
220287,220287,220289,2,0
220287,220287,220289,2,0
220287,220287,220289,2,0
220287,220287,220289,2,0
220287,220287,220289,2,0
220287,220287,220289,2,0
220287,220288,220289,1,1
220287,220287,220289,2,0
220287,220287,220289,2,0
220287,220287,220289,2,0
220287,220287,220289,2,0
220287,220288,220290,2,1
220287,220288,220289,1,1
220287,220287,220289,2,0
220287,220287,220289,2,0
220287,220287,220289,2,0
220287,220287,220289,2,0
220287,220288,220289,1,1
220287,220288,220290,2,1
220287,220287,220289,2,0
220287,220287,220289,2,0
220287,220287,220290,3,0
220287,220287,220289,2,0
220287,220288,220289,1,1
220287,220288,220289,1,1
220287,220287,220289,2,0
220287,220287,220289,2,0
220287,220287,220289,2,0
220287,220287,220289,2,0
220287,220287,220289,2,0
220287,220288,220289,1,1
220287,220287,220289,2,0
220287,220287,220289,2,0
220287,220287,220289,2,0
220287,220287,220289,2,0
220287,220288,220290,2,1
220287,220288,220289,1,1
220287,220288,220290,2,1
220287,220289,220290,1,2
220287,220289,220290,1,2
220287,220288,220290,2,1
220287,220289,220290,1,2
220287,220288,220290,2,1
220287,220289,220290,1,2
220287,220288,220290,2,1
220287,220290,220291,1,3
220287,220290,220291,1,3
220287,220290,220291,1,3
220287,220290,220291,1,3
220287,220289,220290,1,2
220287,220289,220290,1,2
220287,220289,220290,1,2
220287,220289,220290,1,2
220287,220289,220291,2,2
220287,220289,220290,1,2
220287,220288,220290,2,1
220287,220288,220290,2,1
220287,220288,220290,2,1
220287,220290,220291,1,3
220287,220290,220291,1,3
220287,220290,220291,1,3
220287,220289,220290,1,2
220287,220289,220290,1,2
220287,220290,220291,1,3
220287,220290,220291,1,3
220287,220290,220291,1,3
220288,220290,220340,50,2
220348,220348,220349,1,0
220348,220348,220349,1,0
220348,220348,220349,1,0
220348,220348,220349,1,0
220348,220349,220350,1,1
220348,220348,220349,1,0
220348,220348,220349,1,0
220348,220348,220349,1,0
220348,220348,220349,1,0
220348,220348,220350,2,0
220348,220348,220350,2,0
220348,220349,220350,1,1
220348,220349,220351,2,1
220348,220349,220350,1,1
220348,220348,220351,3,0
220348,220348,220350,2,0
220348,220348,220350,2,0
220348,220349,220350,1,1
220348,220349,220350,1,1
220348,220349,220351,2,1
220348,220348,220351,3,0
220348,220348,220350,2,0
220348,220349,220351,2,1
220348,220349,220350,1,1
220348,220348,220350,2,0
220348,220348,220350,2,0
220348,220348,220350,2,0
220348,220349,220350,1,1
220348,220348,220350,2,0
220348,220348,220351,3,0
220348,220348,220350,2,0
220348,220349,220350,1,1
220348,220349,220351,2,1
220348,220349,220350,1,1
220348,220349,220350,1,1
220348,220348,220351,3,0
220348,220348,220351,3,0
220348,220349,220350,1,1
220348,220349,220351,2,1
220348,220349,220350,1,1
220348,220348,220351,3,0
220348,220348,220350,2,0
220348,220348,220350,2,0
220348,220349,220350,1,1
220348,220349,220351,2,1
220348,220349,220350,1,1
220348,220348,220351,3,0
220348,220348,220350,2,0
220348,220349,220350,1,1
220348,220349,220350,1,1
220348,220348,220350,2,0
220348,220348,220350,2,0
220348,220349,220350,1,1
220348,220349,220351,2,1
220348,220349,220350,1,1
220348,220348,220351,3,0
220348,220348,220351,3,0
220348,220348,220350,2,0
220348,220349,220350,1,1
220348,220349,220350,1,1
220348,220348,220351,3,0
220348,220349,220351,2,1
220348,220349,220351,2,1
220348,220349,220351,2,1
220348,220349,220351,2,1
220348,220349,220351,2,1
220348,220349,220351,2,1
220348,220349,220351,2,1
220393,220393,220394,1,0
220393,220393,220394,1,0
220393,220393,220394,1,0
220393,220393,220394,1,0
220393,220393,220395,2,0
220393,220393,220395,2,0
220393,220393,220395,2,0
220393,220393,220394,1,0
220393,220393,220395,2,0
220393,220393,220395,2,0
220393,220393,220395,2,0
220393,220393,220395,2,0
220393,220393,220395,2,0
220393,220393,220395,2,0
220393,220393,220395,2,0
220393,220393,220395,2,0
220393,220393,220395,2,0
220393,220393,220395,2,0
220393,220393,220394,1,0
220393,220393,220395,2,0
220393,220393,220395,2,0
220393,220393,220394,1,0
220393,220393,220395,2,0
220393,220393,220395,2,0
220393,220393,220395,2,0
220393,220393,220394,1,0
220393,220393,220395,2,0
220393,220393,220395,2,0
220393,220393,220395,2,0
220393,220393,220395,2,0
220393,220393,220395,2,0
220393,220393,220395,2,0
220393,220393,220395,2,0
220393,220393,220395,2,0
220349,220349,220400,51,0
220425,220425,220426,1,0
220425,220425,220426,1,0
220425,220425,220426,1,0
220425,220425,220426,1,0
220425,220425,220427,2,0
220425,220425,220426,1,0
220425,220425,220426,1,0
220425,220425,220427,2,0
220425,220425,220426,1,0
220425,220425,220427,2,0
220425,220425,220426,1,0
220425,220425,220427,2,0
220425,220425,220427,2,0
220425,220425,220427,2,0
220425,220425,220426,1,0
220425,220425,220427,2,0
220425,220425,220427,2,0
220425,220425,220427,2,0
220425,220425,220426,1,0
220425,220425,220427,2,0
220425,220425,220427,2,0
220425,220425,220427,2,0
220425,220425,220427,2,0
220425,220425,220427,2,0
220425,220425,220427,2,0
220425,220425,220427,2,0
220425,220425,220427,2,0
220425,220425,220427,2,0
220425,220425,220427,2,0
220425,220425,220427,2,0
220425,220425,220427,2,0
220425,220425,220427,2,0
220425,220425,220427,2,0
220425,220425,220428,3,0
220393,220393,220441,48,0
220457,220457,220458,1,0
220457,220457,220458,1,0
220457,220457,220458,1,0
220457,220457,220459,2,0
220457,220457,220458,1,0
220457,220457,220458,1,0
220457,220457,220458,1,0
220457,220457,220459,2,0
220457,220457,220458,1,0
220457,220457,220458,1,0
220457,220457,220458,1,0
220457,220457,220458,1,0
220457,220457,220459,2,0
220457,220457,220458,1,0
220457,220457,220458,1,0
220457,220457,220459,2,0
220457,220457,220458,1,0
220457,220457,220458,1,0
220457,220457,220458,1,0
220457,220457,220459,2,0
220457,220457,220459,2,0
220457,220457,220459,2,0
220457,220457,220458,1,0
220457,220457,220459,2,0
220457,220457,220459,2,0
220457,220457,220459,2,0
220457,220457,220459,2,0
220457,220457,220459,2,0
220457,220457,220459,2,0
220457,220457,220459,2,0
220457,220457,220459,2,0
220457,220457,220459,2,0
220457,220457,220459,2,0
220457,220457,220504,47,0
220505,220505,220506,1,0
220505,220505,220506,1,0
220505,220505,220506,1,0
220505,220505,220506,1,0
220505,220505,220507,2,0
220505,220505,220507,2,0
220505,220505,220507,2,0
220505,220505,220506,1,0
220505,220505,220507,2,0
220505,220505,220506,1,0
220505,220505,220507,2,0
220505,220505,220507,2,0
220505,220505,220507,2,0
220505,220505,220507,2,0
220505,220505,220507,2,0
220505,220505,220507,2,0
220505,220505,220507,2,0
220505,220505,220507,2,0
220505,220505,220507,2,0
220505,220505,220507,2,0
220505,220505,220507,2,0
220505,220505,220507,2,0
220505,220505,220507,2,0
220505,220505,220507,2,0
220505,220505,220507,2,0
220505,220505,220507,2,0
220505,220505,220507,2,0
220505,220505,220507,2,0
220505,220505,220508,3,0
220505,220505,220507,2,0
220505,220505,220507,2,0
220505,220505,220507,2,0
220505,220505,220509,4,0
220505,220505,220516,11,0
220495,220495,220542,47,0
220474,220474,220535,61,0
220543,220543,220544,1,0
220543,220543,220544,1,0
220543,220543,220544,1,0
220543,220543,220544,1,0
220543,220543,220544,1,0
220543,220543,220544,1,0
220543,220543,220545,2,0
220543,220543,220545,2,0
220491,220491,220545,54,0
220543,220544,220545,1,1
220543,220543,220545,2,0
220543,220543,220545,2,0
220543,220543,220545,2,0
220543,220543,220545,2,0
220543,220543,220545,2,0
220543,220543,220545,2,0
220543,220543,220545,2,0
220543,220543,220545,2,0
220543,220543,220545,2,0
220543,220543,220545,2,0
220543,220543,220545,2,0
220543,220543,220545,2,0
220543,220543,220545,2,0
220543,220543,220545,2,0
220543,220543,220545,2,0
220493,220493,220545,52,0
220543,220544,220546,2,1
220543,220544,220546,2,1
220543,220544,220546,2,1
220543,220544,220546,2,1
220543,220544,220546,2,1
220543,220543,220546,3,0
220543,220543,220545,2,0
220545,220545,220546,1,0
220545,220545,220546,1,0
220545,220545,220547,2,0
220543,220544,220547,3,1
220543,220544,220547,3,1
220545,220545,220547,2,0
220545,220545,220547,2,0
220545,220545,220547,2,0
220545,220545,220548,3,0
220545,220546,220548,2,1
220546,220546,220547,1,0
220545,220546,220547,1,1
220545,220546,220548,2,1
220545,220546,220548,2,1
220545,220546,220548,2,1
220546,220546,220547,1,0
220546,220546,220548,2,0
220546,220546,220548,2,0
220545,220545,220548,3,0
220545,220546,220548,2,1
220545,220546,220547,1,1
220546,220546,220547,1,0
220546,220546,220547,1,0
220546,220546,220548,2,0
220545,220545,220548,3,0
220545,220545,220548,3,0
220545,220546,220548,2,1
220545,220546,220548,2,1
220546,220546,220547,1,0
220546,220546,220547,1,0
220545,220546,220548,2,1
220545,220546,220548,2,1
220545,220546,220547,1,1
220546,220546,220547,1,0
220546,220546,220548,2,0
220546,220546,220548,2,0
220545,220546,220548,2,1
220545,220546,220548,2,1
220545,220546,220548,2,1
220546,220546,220548,2,0
220546,220546,220548,2,0
220546,220546,220548,2,0
220545,220545,220548,3,0
220546,220547,220549,2,1
220546,220547,220548,1,1
220546,220547,220548,1,1
220545,220545,220547,2,0
220545,220545,220547,2,0
220545,220545,220548,3,0
220546,220547,220548,1,1
220546,220547,220549,2,1
220546,220547,220548,1,1
220545,220545,220549,4,0
220546,220547,220548,1,1
220545,220545,220548,3,0
220546,220547,220548,1,1
220545,220545,220548,3,0
220546,220546,220548,2,0
220546,220546,220548,2,0
220546,220546,220548,2,0
220548,220548,220549,1,0
220545,220545,220548,3,0
220546,220547,220548,1,1
220546,220546,220548,2,0
220548,220548,220549,1,0
220546,220548,220549,1,2
220546,220548,220549,1,2
220496,220496,220549,53,0
220546,220548,220549,1,2
220546,220548,220549,1,2
220548,220548,220550,2,0
220548,220548,220550,2,0
220548,220548,220550,2,0
220548,220548,220550,2,0
220548,220548,220550,2,0
220548,220548,220550,2,0
220548,220548,220550,2,0
220548,220548,220551,3,0
220548,220548,220551,3,0
220548,220548,220551,3,0
220548,220548,220550,2,0
220548,220548,220551,3,0
220548,220548,220551,3,0
220548,220548,220551,3,0
220548,220548,220551,3,0
220548,220548,220550,2,0
220548,220548,220550,2,0
220548,220548,220550,2,0
220548,220548,220551,3,0
220550,220550,220551,1,0
220550,220550,220551,1,0
220550,220550,220551,1,0
220550,220550,220551,1,0
220550,220550,220551,1,0
220548,220548,220551,3,0
220548,220548,220551,3,0
220548,220548,220551,3,0
220548,220548,220551,3,0
220548,220549,220551,2,1
220548,220548,220551,3,0
220548,220548,220551,3,0
220548,220548,220551,3,0
220548,220548,220551,3,0
220548,220548,220551,3,0
220548,220548,220551,3,0
220548,220548,220551,3,0
220548,220548,220551,3,0
220490,220490,220551,61,0
220550,220550,220552,2,0
220550,220550,220552,2,0
220550,220550,220552,2,0
220550,220550,220552,2,0
220550,220550,220552,2,0
220550,220550,220552,2,0
220550,220550,220552,2,0
220550,220551,220552,1,1
220550,220550,220552,2,0
220550,220550,220552,2,0
220550,220551,220552,1,1
220550,220550,220553,3,0
220550,220550,220553,3,0
220550,220550,220553,3,0
220550,220550,220553,3,0
220550,220550,220553,3,0
220550,220550,220553,3,0
220550,220550,220553,3,0
220550,220550,220553,3,0
220550,220550,220553,3,0
220550,220550,220553,3,0
220550,220550,220553,3,0
220550,220551,220553,2,1
220550,220550,220553,3,0
220550,220550,220553,3,0
220550,220550,220553,3,0
220543,220546,220553,7,3
220545,220546,220552,6,1
220507,220507,220558,51,0
220546,220549,220559,10,3
220546,220549,220559,10,3
220550,220550,220558,8,0
220550,220550,220558,8,0
220550,220550,220559,9,0
220500,220500,220560,60,0
220504,220504,220560,56,0
220501,220501,220560,59,0
220570,220570,220571,1,0
220570,220570,220571,1,0
220512,220512,220571,59,0
220570,220570,220571,1,0
220570,220570,220572,2,0
220570,220570,220572,2,0
220570,220570,220572,2,0
220570,220570,220572,2,0
220570,220570,220571,1,0
220570,220571,220572,1,1
220570,220570,220572,2,0
220570,220570,220572,2,0
220570,220570,220571,1,0
220570,220570,220571,1,0
220570,220570,220572,2,0
220570,220570,220571,1,0
220570,220570,220572,2,0
220570,220570,220572,2,0
220570,220570,220572,2,0
220570,220570,220572,2,0
220570,220570,220572,2,0
220570,220570,220572,2,0
220570,220570,220572,2,0
220570,220570,220572,2,0
220570,220570,220572,2,0
220570,220570,220572,2,0
220570,220570,220572,2,0
220570,220570,220571,1,0
220570,220570,220572,2,0
220570,220570,220572,2,0
220570,220570,220572,2,0
220570,220570,220572,2,0
220570,220570,220572,2,0
220570,220570,220572,2,0
220570,220570,220572,2,0
220570,220570,220572,2,0
220570,220570,220572,2,0
220570,220570,220572,2,0
220570,220571,220572,1,1
220570,220570,220572,2,0
220570,220570,220572,2,0
220570,220570,220572,2,0
220570,220570,220572,2,0
220570,220570,220572,2,0
220570,220570,220572,2,0
220570,220571,220572,1,1
220570,220570,220572,2,0
220570,220570,220572,2,0
220570,220570,220572,2,0
220570,220570,220572,2,0
220570,220570,220572,2,0
220570,220571,220573,2,1
220570,220570,220572,2,0
220570,220570,220573,3,0
220570,220570,220572,2,0
220570,220571,220572,1,1
220570,220570,220573,3,0
220570,220570,220572,2,0
220570,220570,220572,2,0
220570,220570,220572,2,0
220570,220571,220572,1,1
220570,220570,220572,2,0
220570,220570,220572,2,0
220570,220570,220572,2,0
220570,220570,220572,2,0
220570,220570,220572,2,0
220570,220570,220572,2,0
220570,220570,220572,2,0
220570,220570,220572,2,0
220570,220571,220573,2,1
220570,220572,220573,1,2
220570,220572,220574,2,2
220570,220572,220574,2,2
220570,220572,220574,2,2
220570,220572,220573,1,2
220570,220572,220574,2,2
220570,220573,220574,1,3
220570,220572,220574,2,2
220570,220572,220574,2,2
220570,220572,220574,2,2
220570,220572,220574,2,2
220570,220572,220574,2,2
220570,220572,220574,2,2
220570,220572,220574,2,2
220570,220572,220574,2,2
220570,220572,220574,2,2
220570,220572,220574,2,2
220570,220572,220574,2,2
220570,220572,220574,2,2
220570,220572,220574,2,2
220570,220572,220574,2,2
220570,220572,220574,2,2
220570,220572,220574,2,2
220570,220572,220574,2,2
220570,220572,220573,1,2
220570,220572,220574,2,2
220570,220573,220574,1,3
220538,220538,220592,54,0
220551,220552,220598,46,1
220494,220494,220601,107,0
220535,220535,220601,66,0
220513,220513,220603,90,0
220547,220548,220605,57,1
220570,220570,220602,32,0
220570,220570,220602,32,0
220570,220570,220602,32,0
220540,220540,220612,72,0
220503,220503,220618,115,0
220618,220618,220619,1,0
220618,220618,220619,1,0
220618,220618,220619,1,0
220618,220618,220619,1,0
220618,220618,220619,1,0
220618,220618,220619,1,0
220618,220618,220619,1,0
220618,220618,220619,1,0
220618,220618,220620,2,0
220618,220618,220620,2,0
220618,220619,220620,1,1
220618,220618,220620,2,0
220618,220618,220621,3,0
220618,220618,220620,2,0
220618,220618,220620,2,0
220618,220619,220620,1,1
220618,220618,220620,2,0
220618,220618,220620,2,0
220618,220618,220620,2,0
220618,220619,220621,2,1
220618,220618,220620,2,0
220618,220618,220620,2,0
220618,220618,220620,2,0
220618,220618,220620,2,0
220618,220619,220620,1,1
220618,220619,220620,1,1
220618,220618,220620,2,0
220618,220618,220620,2,0
220618,220618,220620,2,0
220618,220618,220621,3,0
220618,220618,220620,2,0
220618,220618,220620,2,0
220618,220619,220620,1,1
220618,220618,220620,2,0
220618,220618,220620,2,0
220618,220618,220620,2,0
220618,220618,220621,3,0
220618,220619,220620,1,1
220618,220618,220620,2,0
220618,220618,220620,2,0
220618,220618,220621,3,0
220618,220618,220620,2,0
220618,220619,220621,2,1
220618,220619,220620,1,1
220618,220618,220620,2,0
220618,220618,220620,2,0
220618,220618,220620,2,0
220618,220619,220621,2,1
220618,220619,220621,2,1
220618,220619,220621,2,1
220618,220618,220621,3,0
220618,220618,220621,3,0
220618,220618,220621,3,0
220618,220619,220621,2,1
220618,220618,220621,3,0
220618,220619,220621,2,1
220618,220620,220621,1,2
220618,220620,220622,2,2
220618,220618,220621,3,0
220618,220619,220621,2,1
220618,220619,220621,2,1
220618,220618,220621,3,0
220618,220619,220621,2,1
220618,220618,220621,3,0
220618,220618,220621,3,0
220618,220619,220621,2,1
220618,220619,220621,2,1
220618,220620,220621,1,2
220618,220618,220621,3,0
220618,220619,220621,2,1
220618,220619,220621,2,1
220618,220620,220621,1,2
220618,220621,220622,1,3
220618,220618,220621,3,0
220618,220620,220622,2,2
220618,220620,220621,1,2
220618,220621,220622,1,3
220618,220618,220621,3,0
220618,220619,220621,2,1
220618,220620,220621,1,2
220618,220621,220622,1,3
220618,220618,220621,3,0
220618,220620,220621,1,2
220618,220621,220622,1,3
220618,220621,220623,2,3
220618,220621,220622,1,3
220618,220621,220622,1,3
220618,220621,220623,2,3
220618,220621,220623,2,3
220618,220621,220623,2,3
220618,220621,220623,2,3
220618,220621,220623,2,3
220618,220621,220623,2,3
220618,220621,220623,2,3
220618,220621,220623,2,3
220618,220621,220623,2,3
220618,220621,220622,1,3
220618,220621,220622,1,3
220618,220621,220622,1,3
220618,220621,220622,1,3
220618,220621,220623,2,3
220618,220621,220623,2,3
220618,220621,220622,1,3
220618,220621,220623,2,3
220618,220621,220623,2,3
220618,220621,220623,2,3
220618,220621,220622,1,3
220618,220621,220622,1,3
220618,220621,220623,2,3
220618,220621,220623,2,3
220618,220621,220623,2,3
220618,220621,220623,2,3
220618,220621,220623,2,3
220618,220622,220624,2,4
220618,220622,220624,2,4
220618,220622,220624,2,4
220618,220622,220624,2,4
220618,220621,220623,2,3
220618,220621,220623,2,3
220618,220621,220623,2,3
220618,220621,220623,2,3
220619,220622,220623,1,3
220619,220622,220623,1,3
220619,220623,220624,1,4
220618,220621,220623,2,3
220618,220621,220623,2,3
220618,220622,220624,2,4
220618,220622,220624,2,4
220619,220622,220623,1,3
220618,220622,220624,2,4
220618,220622,220624,2,4
220618,220622,220624,2,4
220618,220621,220623,2,3
220619,220622,220623,1,3
220619,220622,220623,1,3
220619,220622,220623,1,3
220619,220622,220624,2,3
220619,220622,220624,2,3
220619,220623,220624,1,4
220619,220622,220624,2,3
220619,220622,220624,2,3
220619,220622,220624,2,3
220619,220622,220624,2,3
220619,220622,220624,2,3
220619,220622,220624,2,3
220619,220622,220624,2,3
220619,220622,220624,2,3
220618,220621,220623,2,3
220619,220622,220624,2,3
220619,220622,220624,2,3
220619,220622,220624,2,3
220619,220623,220624,1,4
220619,220623,220625,2,4
220619,220623,220625,2,4
220619,220623,220625,2,4
220619,220623,220624,1,4
220618,220622,220624,2,4
220619,220623,220625,2,4
220619,220623,220625,2,4
220619,220623,220625,2,4
220619,220623,220625,2,4
220619,220623,220625,2,4
220619,220623,220625,2,4
220619,220623,220624,1,4
220619,220622,220625,3,3
220619,220622,220625,3,3
220619,220623,220625,2,4
220619,220623,220625,2,4
220619,220623,220625,2,4
220619,220623,220625,2,4
220619,220623,220624,1,4
220619,220622,220625,3,3
220619,220623,220624,1,4
220619,220623,220624,1,4
220619,220623,220625,2,4
220619,220622,220624,2,3
220619,220622,220625,3,3
220619,220623,220625,2,4
220619,220623,220625,2,4
220619,220623,220625,2,4
220619,220623,220625,2,4
220619,220623,220625,2,4
220619,220623,220625,2,4
220619,220624,220626,2,5
220619,220624,220626,2,5
220619,220624,220626,2,5
220619,220624,220626,2,5
220619,220624,220626,2,5
220619,220624,220626,2,5
220619,220624,220626,2,5
220619,220624,220626,2,5
220619,220624,220626,2,5
220619,220624,220626,2,5
220621,220624,220625,1,3
220621,220624,220626,2,3
220621,220624,220625,1,3
220621,220624,220626,2,3
220621,220624,220626,2,3
220621,220624,220626,2,3
220621,220624,220626,2,3
220621,220624,220626,2,3
220619,220624,220626,2,5
220619,220624,220626,2,5
220621,220624,220625,1,3
220621,220624,220626,2,3
220621,220624,220626,2,3
220619,220623,220626,3,4
220621,220624,220626,2,3
220621,220624,220626,2,3
220621,220624,220626,2,3
220621,220624,220626,2,3
220621,220624,220626,2,3
220621,220624,220626,2,3
220621,220624,220626,2,3
220621,220624,220626,2,3
220621,220625,220627,2,4
220621,220625,220627,2,4
220621,220625,220627,2,4
220619,220624,220627,3,5
220619,220624,220626,2,5
220619,220624,220626,2,5
220621,220625,220627,2,4
220621,220625,220627,2,4
220621,220625,220627,2,4
220621,220625,220627,2,4
220621,220625,220626,1,4
220621,220625,220626,1,4
220621,220625,220626,1,4
220621,220624,220626,2,3
220621,220624,220627,3,3
220621,220624,220627,3,3
220621,220624,220627,3,3
220621,220624,220626,2,3
220618,220622,220633,11,4
220618,220619,220635,16,1
220618,220619,220635,16,1
220618,220619,220635,16,1
220618,220619,220636,17,1
220571,220573,220652,79,2
220499,220499,220666,167,0
220510,220510,220666,156,0
220516,220517,220669,152,1
220714,220714,220715,1,0
220714,220714,220715,1,0
220714,220714,220715,1,0
220714,220714,220715,1,0
220714,220714,220715,1,0
220714,220714,220715,1,0
220714,220714,220716,2,0
220714,220714,220716,2,0
220714,220714,220716,2,0
220714,220714,220715,1,0
220714,220714,220716,2,0
220714,220714,220716,2,0
220714,220714,220715,1,0
220714,220714,220716,2,0
220714,220714,220716,2,0
220714,220714,220716,2,0
220714,220714,220716,2,0
220714,220714,220716,2,0
220714,220714,220716,2,0
220714,220714,220716,2,0
220714,220714,220715,1,0
220714,220714,220716,2,0
220714,220714,220715,1,0
220714,220714,220716,2,0
220714,220714,220716,2,0
220714,220714,220715,1,0
220714,220714,220716,2,0
220714,220714,220716,2,0
220714,220714,220715,1,0
220714,220714,220716,2,0
220714,220714,220716,2,0
220714,220714,220716,2,0
220714,220714,220716,2,0
220714,220714,220716,2,0
220714,220714,220716,2,0
220714,220714,220715,1,0
220714,220714,220716,2,0
220714,220714,220717,3,0
220714,220714,220716,2,0
220714,220714,220716,2,0
220714,220714,220716,2,0
220714,220714,220717,3,0
220714,220714,220717,3,0
220714,220714,220716,2,0
220714,220714,220716,2,0
220714,220714,220716,2,0
220714,220714,220716,2,0
220714,220714,220716,2,0
220714,220714,220716,2,0
220714,220714,220716,2,0
220714,220714,220716,2,0
220714,220714,220717,3,0
220714,220714,220717,3,0
220714,220714,220716,2,0
220714,220715,220717,2,1
220714,220716,220717,1,2
220714,220714,220716,2,0
220714,220714,220716,2,0
220714,220714,220717,3,0
220714,220714,220717,3,0
220714,220714,220716,2,0
220714,220715,220717,2,1
220714,220714,220717,3,0
220714,220714,220717,3,0
220714,220714,220717,3,0
220714,220715,220717,2,1
220714,220714,220716,2,0
220714,220714,220717,3,0
220714,220714,220717,3,0
220714,220714,220716,2,0
220714,220714,220716,2,0
220714,220714,220717,3,0
220714,220714,220716,2,0
220714,220715,220717,2,1
220714,220714,220717,3,0
220714,220714,220716,2,0
220714,220714,220716,2,0
220714,220715,220717,2,1
220714,220716,220717,1,2
220714,220714,220716,2,0
220714,220714,220717,3,0
220714,220714,220716,2,0
220714,220714,220716,2,0
220714,220714,220717,3,0
220714,220715,220717,2,1
220714,220716,220718,2,2
220714,220716,220718,2,2
220714,220716,220718,2,2
220714,220716,220718,2,2
220714,220716,220718,2,2
220714,220716,220718,2,2
220714,220716,220718,2,2
220714,220716,220718,2,2
220714,220716,220717,1,2
220714,220715,220718,3,1
220714,220716,220718,2,2
220714,220716,220718,2,2
220714,220716,220717,1,2
220714,220716,220718,2,2
220714,220715,220717,2,1
220714,220716,220718,2,2
220714,220716,220718,2,2
220714,220716,220717,1,2
220714,220716,220718,2,2
220714,220716,220718,2,2
220714,220716,220718,2,2
220714,220716,220718,2,2
220714,220716,220718,2,2
220714,220716,220718,2,2
220714,220716,220718,2,2
220714,220716,220717,1,2
220714,220716,220718,2,2
220714,220715,220717,2,1
220714,220716,220718,2,2
220714,220716,220718,2,2
220714,220716,220719,3,2
220714,220717,220719,2,3
220714,220717,220719,2,3
220714,220717,220719,2,3
220714,220717,220719,2,3
220714,220717,220719,2,3
220714,220717,220719,2,3
220714,220717,220720,3,3
220714,220717,220719,2,3
220714,220717,220720,3,3
220714,220717,220719,2,3
220714,220717,220720,3,3
220714,220717,220720,3,3
220714,220717,220720,3,3
220714,220717,220719,2,3
220714,220717,220720,3,3
220714,220717,220720,3,3
220714,220717,220720,3,3
220714,220717,220770,53,3
220793,220793,220794,1,0
220793,220793,220794,1,0
220793,220793,220794,1,0
220793,220793,220794,1,0
220793,220793,220795,2,0
220793,220793,220794,1,0
220793,220793,220794,1,0
220793,220794,220795,1,1
220793,220793,220795,2,0
220793,220794,220795,1,1
220793,220793,220796,3,0
220793,220793,220795,2,0
220793,220793,220795,2,0
220793,220794,220795,1,1
220793,220794,220796,2,1
220793,220794,220795,1,1
220794,220794,220795,1,0
220794,220794,220795,1,0
220793,220793,220796,3,0
220793,220793,220796,3,0
220793,220793,220795,2,0
220793,220794,220795,1,1
220793,220794,220796,2,1
220793,220793,220795,2,0
220793,220793,220796,3,0
220793,220793,220795,2,0
220793,220794,220795,1,1
220793,220794,220795,1,1
220793,220794,220796,2,1
220793,220793,220795,2,0
220793,220793,220795,2,0
220793,220794,220795,1,1
220793,220794,220796,2,1
220793,220794,220795,1,1
220794,220794,220795,1,0
220794,220794,220795,1,0
220793,220793,220796,3,0
220793,220793,220796,3,0
220793,220793,220795,2,0
220793,220794,220795,1,1
220793,220794,220796,2,1
220793,220794,220796,2,1
220794,220794,220795,1,0
220793,220793,220795,2,0
220793,220793,220795,2,0
220793,220794,220795,1,1
220793,220794,220795,1,1
220793,220794,220795,1,1
220793,220794,220796,2,1
220793,220793,220795,2,0
220793,220793,220795,2,0
220793,220793,220795,2,0
220793,220794,220795,1,1
220793,220794,220795,1,1
220793,220794,220796,2,1
220794,220794,220795,1,0
220793,220793,220795,2,0
220793,220793,220796,3,0
220793,220793,220795,2,0
220793,220794,220795,1,1
220793,220794,220796,2,1
220793,220794,220796,2,1
220794,220794,220795,1,0
220793,220793,220796,3,0
220793,220793,220796,3,0
220793,220793,220796,3,0
220793,220794,220795,1,1
220793,220794,220796,2,1
220793,220794,220795,1,1
220794,220794,220795,1,0
220793,220793,220795,2,0
220793,220794,220796,2,1
220793,220794,220796,2,1
220794,220794,220795,1,0
220794,220794,220796,2,0
220794,220794,220796,2,0
220794,220794,220796,2,0
220793,220794,220796,2,1
220794,220795,220796,1,1
220794,220795,220796,1,1
220794,220795,220796,1,1
220794,220795,220796,1,1
220794,220795,220796,1,1
220794,220795,220796,1,1
220794,220795,220796,1,1
220794,220795,220796,1,1
220794,220795,220796,1,1
220793,220794,220796,2,1
220793,220794,220797,3,1
220794,220795,220796,1,1
220794,220796,220797,1,2
220794,220796,220797,1,2
220794,220796,220797,1,2
220794,220796,220797,1,2
220794,220796,220797,1,2
220794,220796,220797,1,2
220794,220796,220797,1,2
220794,220796,220798,2,2
220794,220796,220797,1,2
220794,220796,220797,1,2
220794,220796,220798,2,2
220794,220796,220797,1,2
220794,220796,220845,49,2
220855,220856,220857,1,1
220855,220855,220856,1,0
220855,220855,220856,1,0
220855,220855,220856,1,0
220855,220855,220857,2,0
220855,220855,220856,1,0
220855,220855,220856,1,0
220855,220855,220856,1,0
220855,220855,220857,2,0
220855,220856,220857,1,1
220855,220855,220858,3,0
220855,220855,220857,2,0
220855,220856,220857,1,1
220855,220856,220857,1,1
220855,220856,220857,1,1
220855,220855,220857,2,0
220855,220855,220857,2,0
220855,220855,220857,2,0
220855,220856,220858,2,1
220855,220856,220857,1,1
220855,220855,220857,2,0
220855,220855,220857,2,0
220855,220856,220857,1,1
220855,220856,220858,2,1
220855,220856,220858,2,1
220855,220855,220857,2,0
220855,220855,220858,3,0
220855,220855,220858,3,0
220855,220856,220857,1,1
220855,220856,220857,1,1
220855,220856,220858,2,1
220855,220855,220857,2,0
220855,220855,220858,3,0
220855,220855,220857,2,0
220855,220856,220857,1,1
220855,220856,220857,1,1
220855,220856,220858,2,1
220855,220856,220858,2,1
220855,220855,220857,2,0
220855,220856,220857,1,1
220855,220856,220858,2,1
220855,220856,220857,1,1
220855,220855,220857,2,0
220855,220855,220858,3,0
220855,220855,220858,3,0
220855,220856,220857,1,1
220855,220856,220857,1,1
220855,220856,220858,2,1
220855,220855,220857,2,0
220855,220855,220858,3,0
220855,220855,220858,3,0
220855,220856,220857,1,1
220855,220856,220857,1,1
220855,220856,220858,2,1
220855,220856,220857,1,1
220855,220855,220857,2,0
220855,220855,220858,3,0
220855,220855,220857,2,0
220855,220856,220857,1,1
220855,220856,220858,2,1
220855,220856,220857,1,1
220855,220856,220857,1,1
220855,220855,220858,3,0
220855,220855,220858,3,0
220855,220856,220857,1,1
220855,220856,220858,2,1
220855,220856,220858,2,1
220855,220855,220858,3,0
220901,220901,220902,1,0
220901,220901,220902,1,0
220901,220901,220902,1,0
220901,220901,220903,2,0
220901,220901,220903,2,0
220901,220901,220903,2,0
220901,220901,220903,2,0
220901,220901,220902,1,0
220901,220901,220903,2,0
220901,220901,220903,2,0
220901,220901,220902,1,0
220901,220901,220903,2,0
220901,220901,220903,2,0
220901,220901,220902,1,0
220901,220901,220902,1,0
220901,220901,220903,2,0
220901,220901,220902,1,0
220901,220901,220903,2,0
220901,220901,220903,2,0
220901,220901,220903,2,0
220901,220901,220903,2,0
220901,220901,220902,1,0
220901,220901,220902,1,0
220901,220901,220903,2,0
220901,220901,220903,2,0
220901,220901,220903,2,0
220901,220901,220903,2,0
220901,220901,220902,1,0
220901,220901,220903,2,0
220901,220901,220903,2,0
220901,220901,220903,2,0
220901,220901,220903,2,0
220901,220901,220903,2,0
220901,220901,220903,2,0
220856,220856,220907,51,0
220933,220933,220934,1,0
220933,220933,220934,1,0
220933,220933,220934,1,0
220933,220933,220934,1,0
220933,220933,220934,1,0
220933,220933,220934,1,0
220933,220933,220934,1,0
220933,220933,220935,2,0
220933,220933,220935,2,0
220933,220933,220935,2,0
220933,220933,220935,2,0
220933,220933,220935,2,0
220933,220933,220935,2,0
220933,220933,220935,2,0
220933,220933,220935,2,0
220933,220933,220935,2,0
220933,220933,220934,1,0
220933,220933,220935,2,0
220933,220933,220935,2,0
220933,220933,220935,2,0
220933,220933,220935,2,0
220933,220933,220935,2,0
220933,220933,220935,2,0
220933,220933,220935,2,0
220933,220933,220935,2,0
220933,220933,220935,2,0
220933,220933,220935,2,0
220933,220933,220935,2,0
220933,220933,220935,2,0
220933,220933,220935,2,0
220933,220933,220935,2,0
220933,220933,220935,2,0
220933,220933,220935,2,0
220933,220933,220936,3,0
220901,220901,220963,62,0
220966,220966,220967,1,0
220966,220966,220967,1,0
220966,220966,220967,1,0
220966,220966,220967,1,0
220966,220966,220967,1,0
220966,220966,220967,1,0
220966,220966,220967,1,0
220966,220966,220968,2,0
220966,220966,220968,2,0
220966,220966,220968,2,0
220966,220966,220968,2,0
220966,220966,220968,2,0
220966,220966,220968,2,0
220966,220966,220968,2,0
220966,220966,220967,1,0
220966,220966,220968,2,0
220966,220966,220968,2,0
220966,220966,220968,2,0
220966,220966,220968,2,0
220966,220966,220968,2,0
220966,220966,220968,2,0
220966,220966,220968,2,0
220966,220966,220968,2,0
220966,220966,220968,2,0
220966,220966,220968,2,0
220966,220966,220968,2,0
220966,220966,220968,2,0
220966,220966,220968,2,0
220966,220966,220968,2,0
220966,220966,220968,2,0
220966,220966,220968,2,0
220966,220966,220968,2,0
220966,220966,220968,2,0
220966,220966,220968,2,0
220934,220934,220988,54,0
220989,220990,220991,1,1
220989,220990,220991,1,1
220989,220990,220991,1,1
220989,220990,220991,1,1
220989,220990,220991,1,1
220989,220990,220992,2,1
220989,220990,220991,1,1
220989,220990,220991,1,1
220989,220990,220991,1,1
220989,220990,220991,1,1
220989,220990,220991,1,1
220989,220990,220992,2,1
220989,220990,220991,1,1
220989,220990,220991,1,1
220989,220990,220991,1,1
220989,220990,220991,1,1
220989,220990,220992,2,1
220989,220990,220991,1,1
220989,220990,220991,1,1
220989,220990,220991,1,1
220989,220990,220991,1,1
220989,220990,220991,1,1
220989,220990,220992,2,1
220989,220990,220991,1,1
220989,220990,220991,1,1
220989,220990,220991,1,1
220989,220990,220991,1,1
220989,220990,220991,1,1
220989,220990,220992,2,1
220989,220990,220992,2,1
220989,220990,220992,2,1
220989,220990,220992,2,1
220989,220990,220992,2,1
220951,220951,221008,57,0
221010,221010,221011,1,0
221010,221010,221011,1,0
221010,221010,221011,1,0
221010,221010,221011,1,0
221010,221010,221011,1,0
221010,221011,221012,1,1
221010,221011,221012,1,1
221010,221011,221012,1,1
221010,221011,221012,1,1
221010,221011,221012,1,1
221010,221010,221012,2,0
221010,221011,221012,1,1
221010,221010,221012,2,0
221010,221010,221012,2,0
221010,221011,221012,1,1
221010,221011,221012,1,1
221010,221011,221012,1,1
221010,221011,221012,1,1
221010,221011,221012,1,1
221010,221011,221012,1,1
221010,221010,221012,2,0
221010,221011,221012,1,1
221010,221011,221012,1,1
221010,221011,221012,1,1
221010,221011,221012,1,1
221010,221011,221012,1,1
221010,221011,221012,1,1
221010,221011,221012,1,1
221010,221011,221012,1,1
221010,221010,221012,2,0
221010,221010,221013,3,0
221010,221011,221013,2,1
221010,221011,221013,2,1
221010,221011,221013,2,1
220967,220967,221013,46,0
220968,220969,221016,47,1
220970,220970,221016,46,0
221032,221032,221033,1,0
221032,221032,221033,1,0
220966,220966,221032,66,0
221032,221032,221033,1,0
221032,221032,221033,1,0
221032,221032,221033,1,0
221032,221032,221033,1,0
221032,221032,221033,1,0
221032,221032,221034,2,0
221032,221032,221034,2,0
221032,221032,221034,2,0
221032,221032,221034,2,0
221032,221032,221034,2,0
221032,221032,221034,2,0
221032,221032,221034,2,0
221032,221032,221033,1,0
221032,221032,221033,1,0
221032,221032,221034,2,0
221032,221032,221034,2,0
221032,221032,221034,2,0
221032,221032,221034,2,0
221032,221032,221034,2,0
221032,221032,221034,2,0
221032,221032,221034,2,0
221032,221032,221034,2,0
221032,221032,221034,2,0
221032,221032,221034,2,0
221032,221032,221034,2,0
221032,221032,221034,2,0
221032,221032,221034,2,0
221032,221032,221034,2,0
221032,221032,221034,2,0
221032,221032,221034,2,0
221032,221032,221034,2,0
221032,221032,221034,2,0
221032,221032,221034,2,0
221032,221032,221034,2,0
221032,221032,221034,2,0
221032,221032,221034,2,0
221032,221032,221034,2,0
221032,221032,221034,2,0
221032,221032,221034,2,0
221032,221032,221034,2,0
221032,221032,221034,2,0
221032,221032,221034,2,0
221032,221032,221034,2,0
221032,221032,221034,2,0
221032,221032,221034,2,0
221032,221032,221034,2,0
221032,221032,221034,2,0
221032,221032,221034,2,0
221032,221032,221034,2,0
221032,221032,221034,2,0
221032,221032,221034,2,0
221032,221032,221034,2,0
221032,221032,221034,2,0
221032,221032,221035,3,0
221032,221032,221035,3,0
221032,221032,221035,3,0
221032,221032,221035,3,0
221032,221032,221035,3,0
221032,221032,221035,3,0
221032,221032,221035,3,0
221032,221032,221035,3,0
221032,221032,221035,3,0
221032,221032,221035,3,0
221032,221032,221035,3,0
221032,221032,221035,3,0
221032,221032,221035,3,0
221034,221035,221036,1,1
221034,221035,221036,1,1
221034,221035,221036,1,1
221034,221035,221036,1,1
221034,221035,221036,1,1
221034,221035,221037,2,1
221034,221035,221036,1,1
221034,221035,221036,1,1
221034,221035,221036,1,1
221034,221035,221036,1,1
221034,221035,221037,2,1
221034,221035,221036,1,1
221034,221035,221036,1,1
221034,221035,221036,1,1
221034,221035,221036,1,1
221034,221035,221036,1,1
221034,221035,221036,1,1
221034,221035,221036,1,1
221034,221035,221036,1,1
221034,221035,221037,2,1
221034,221035,221036,1,1
221034,221035,221036,1,1
221034,221035,221036,1,1
221034,221035,221036,1,1
221034,221035,221037,2,1
221034,221035,221037,2,1
221034,221035,221037,2,1
221037,221037,221038,1,0
221034,221035,221037,2,1
221037,221037,221038,1,0
221034,221035,221037,2,1
221037,221037,221038,1,0
221037,221037,221039,2,0
221037,221037,221039,2,0
221037,221037,221039,2,0
221037,221037,221039,2,0
221037,221037,221039,2,0
221037,221037,221039,2,0
221037,221037,221039,2,0
221037,221037,221039,2,0
221037,221037,221038,1,0
221037,221037,221039,2,0
221037,221037,221039,2,0
221037,221037,221039,2,0
221037,221037,221039,2,0
221037,221037,221039,2,0
221037,221037,221039,2,0
221037,221037,221038,1,0
221037,221037,221039,2,0
221037,221037,221039,2,0
221037,221037,221039,2,0
221037,221037,221039,2,0
221037,221037,221039,2,0
221037,221037,221039,2,0
221037,221037,221039,2,0
221037,221037,221039,2,0
221037,221037,221039,2,0
221037,221037,221038,1,0
221037,221037,221039,2,0
221037,221037,221040,3,0
221037,221037,221039,2,0
221037,221037,221039,2,0
221037,221037,221039,2,0
220988,220988,221046,58,0
220993,220993,221047,54,0
220989,220989,221049,60,0
220992,220992,221055,63,0
220990,220990,221058,68,0
221014,221014,221063,49,0
221071,221071,221072,1,0
221071,221071,221072,1,0
221071,221071,221072,1,0
221071,221071,221072,1,0
221071,221071,221072,1,0
221013,221013,221073,60,0
221071,221071,221073,2,0
221071,221071,221073,2,0
221071,221071,221073,2,0
221071,221071,221073,2,0
221071,221071,221073,2,0
221071,221071,221072,1,0
221071,221071,221073,2,0
221071,221071,221073,2,0
221071,221071,221073,2,0
221071,221071,221073,2,0
221071,221071,221073,2,0
221071,221071,221073,2,0
221071,221071,221073,2,0
221071,221071,221072,1,0
221071,221071,221072,1,0
221071,221071,221073,2,0
221071,221071,221073,2,0
221071,221071,221073,2,0
221071,221071,221072,1,0
221071,221071,221073,2,0
221071,221071,221073,2,0
221071,221071,221073,2,0
221071,221071,221073,2,0
221071,221071,221073,2,0
221071,221071,221073,2,0
221071,221071,221073,2,0
221071,221071,221073,2,0
221071,221071,221073,2,0
221071,221071,221073,2,0
221071,221071,221073,2,0
221071,221071,221073,2,0
221071,221071,221073,2,0
221071,221071,221073,2,0
221071,221071,221073,2,0
221071,221071,221073,2,0
221071,221071,221073,2,0
221071,221071,221073,2,0
221071,221071,221073,2,0
221071,221071,221073,2,0
221071,221071,221073,2,0
221071,221071,221073,2,0
221071,221071,221072,1,0
221071,221071,221073,2,0
221071,221071,221073,2,0
221071,221071,221073,2,0
221071,221071,221074,3,0
221071,221071,221073,2,0
221071,221071,221074,3,0
221071,221071,221074,3,0
221071,221071,221074,3,0
221071,221071,221073,2,0
221071,221071,221073,2,0
221071,221071,221073,2,0
221071,221072,221074,2,1
221071,221071,221073,2,0
221071,221071,221073,2,0
221071,221073,221074,1,2
221071,221071,221074,3,0
221071,221071,221073,2,0
221071,221073,221074,1,2
221071,221073,221074,1,2
221071,221071,221074,3,0
221071,221071,221074,3,0
221071,221071,221073,2,0
221071,221072,221074,2,1
221071,221071,221073,2,0
221071,221071,221074,3,0
221071,221071,221073,2,0
221071,221072,221074,2,1
221071,221073,221074,1,2
221071,221071,221073,2,0
221071,221071,221074,3,0
221071,221071,221073,2,0
221071,221073,221074,1,2
221071,221071,221074,3,0
221071,221072,221074,2,1
221071,221071,221073,2,0
221071,221072,221074,2,1
221071,221073,221074,1,2
221071,221072,221075,3,1
221071,221073,221075,2,2
221071,221073,221075,2,2
221071,221073,221075,2,2
221071,221073,221075,2,2
221071,221073,221075,2,2
221071,221073,221075,2,2
221071,221073,221075,2,2
221071,221073,221075,2,2
221071,221073,221075,2,2
221071,221073,221075,2,2
221071,221073,221075,2,2
221071,221073,221075,2,2
221071,221073,221075,2,2
221071,221073,221075,2,2
221071,221071,221075,4,0
221071,221073,221075,2,2
221071,221073,221075,2,2
221071,221072,221075,3,1
221071,221073,221075,2,2
221071,221073,221075,2,2
221071,221073,221075,2,2
221071,221073,221075,2,2
221071,221073,221075,2,2
221071,221074,221076,2,3
221071,221074,221076,2,3
221071,221074,221075,1,3
221071,221074,221075,1,3
221071,221074,221076,2,3
221071,221073,221076,3,2
221071,221073,221076,3,2
221071,221073,221076,3,2
221071,221073,221076,3,2
221071,221074,221076,2,3
221071,221075,221076,1,4
221071,221074,221076,2,3
221071,221075,221076,1,4
221071,221075,221076,1,4
221071,221075,221076,1,4
221071,221075,221076,1,4
221071,221073,221076,3,2
221071,221073,221076,3,2
221071,221073,221076,3,2
221071,221073,221076,3,2
221071,221073,221076,3,2
221071,221073,221076,3,2
221071,221073,221076,3,2
221071,221074,221076,2,3
221071,221074,221076,2,3
221071,221074,221076,2,3
221011,221011,221080,69,0
221032,221033,221081,48,1
221038,221038,221097,59,0
221119,221120,221121,1,1
221119,221120,221121,1,1
221119,221120,221121,1,1
221119,221120,221121,1,1
221119,221120,221121,1,1
221120,221120,221121,1,0
221119,221120,221122,2,1
221119,221120,221122,2,1
221119,221120,221121,1,1
221119,221120,221122,2,1
221120,221120,221121,1,0
221120,221120,221122,2,0
221119,221120,221122,2,1
221119,221120,221121,1,1
221120,221120,221121,1,0
221120,221120,221122,2,0
221119,221120,221122,2,1
221119,221120,221122,2,1
221119,221120,221122,2,1
221120,221120,221122,2,0
221120,221120,221121,1,0
221119,221120,221122,2,1
221119,221120,221122,2,1
221120,221120,221122,2,0
221119,221120,221122,2,1
221119,221120,221122,2,1
221119,221120,221122,2,1
221120,221120,221121,1,0
221119,221120,221122,2,1
221119,221120,221122,2,1
221119,221120,221122,2,1
221120,221120,221122,2,0
221120,221120,221122,2,0
221119,221120,221122,2,1
221119,221120,221122,2,1
221119,221120,221122,2,1
221120,221120,221121,1,0
221119,221120,221121,1,1
221120,221120,221122,2,0
221119,221120,221122,2,1
221119,221120,221122,2,1
221119,221120,221121,1,1
221120,221120,221122,2,0
221120,221120,221122,2,0
221120,221120,221122,2,0
221120,221120,221123,3,0
221120,221121,221123,2,1
221120,221120,221122,2,0
221120,221120,221122,2,0
221120,221120,221122,2,0
221120,221121,221123,2,1
221119,221120,221122,2,1
221120,221120,221122,2,0
221120,221120,221123,3,0
221120,221120,221122,2,0
221120,221121,221123,2,1
221120,221121,221123,2,1
221120,221120,221122,2,0
221120,221120,221122,2,0
221120,221121,221123,2,1
221120,221120,221122,2,0
221120,221120,221122,2,0
221120,221120,221122,2,0
221120,221120,221122,2,0
221120,221120,221122,2,0
221120,221120,221122,2,0
221120,221120,221122,2,0
221120,221120,221123,3,0
221120,221120,221123,3,0
221120,221120,221122,2,0
221120,221120,221122,2,0
221120,221120,221122,2,0
221120,221121,221123,2,1
221120,221120,221122,2,0
221120,221120,221123,3,0
221120,221120,221122,2,0
221119,221120,221122,2,1
221120,221120,221122,2,0
221120,221120,221122,2,0
221120,221121,221123,2,1
221119,221120,221122,2,1
221120,221120,221122,2,0
221120,221120,221122,2,0
221120,221120,221122,2,0
221120,221121,221123,2,1
221120,221122,221124,2,2
221120,221122,221123,1,2
221120,221122,221123,1,2
221120,221122,221124,2,2
221120,221122,221124,2,2
221120,221122,221124,2,2
221120,221122,221124,2,2
221120,221122,221124,2,2
221120,221122,221124,2,2
221120,221122,221124,2,2
221120,221122,221124,2,2
221120,221122,221124,2,2
221120,221122,221124,2,2
221120,221122,221124,2,2
221120,221122,221124,2,2
221072,221075,221133,58,3
221168,221168,221169,1,0
221168,221168,221169,1,0
221168,221168,221169,1,0
221168,221168,221169,1,0
221168,221168,221169,1,0
221168,221168,221169,1,0
221168,221168,221169,1,0
221168,221168,221170,2,0
221168,221168,221170,2,0
221168,221168,221170,2,0
221168,221169,221170,1,1
221168,221169,221171,2,1
221168,221169,221170,1,1
221168,221169,221171,2,1
221168,221169,221171,2,1
221168,221169,221170,1,1
221168,221168,221171,3,0
221168,221168,221171,3,0
221168,221168,221170,2,0
221168,221169,221170,1,1
221168,221169,221170,1,1
221168,221168,221171,3,0
221168,221168,221170,2,0
221168,221168,221170,2,0
221168,221169,221170,1,1
221168,221169,221171,2,1
221168,221169,221170,1,1
221168,221168,221171,3,0
221168,221168,221170,2,0
221168,221169,221171,2,1
221168,221169,221171,2,1
221168,221168,221170,2,0
221168,221168,221170,2,0
221168,221169,221170,1,1
221168,221169,221171,2,1
221168,221169,221170,1,1
221168,221169,221170,1,1
221168,221168,221170,2,0
221168,221169,221170,1,1
221168,221169,221170,1,1
221168,221169,221171,2,1
221168,221169,221170,1,1
221168,221168,221171,3,0
221168,221168,221170,2,0
221168,221168,221170,2,0
221168,221169,221170,1,1
221168,221169,221171,2,1
221168,221169,221171,2,1
221168,221168,221171,3,0
221168,221168,221170,2,0
221168,221169,221170,1,1
221168,221169,221171,2,1
221168,221169,221171,2,1
221168,221168,221170,2,0
221168,221168,221171,3,0
221168,221168,221170,2,0
221168,221169,221170,1,1
221168,221169,221171,2,1
221168,221169,221171,2,1
221168,221169,221171,2,1
221168,221169,221171,2,1
221168,221169,221171,2,1
221168,221169,221171,2,1
221168,221169,221171,2,1
221168,221168,221171,3,0
221168,221169,221171,2,1
221168,221168,221171,3,0
221168,221169,221171,2,1
221120,221122,221178,56,2
221214,221214,221215,1,0
221214,221214,221215,1,0
221214,221215,221216,1,1
221214,221214,221215,1,0
221214,221214,221215,1,0
221214,221214,221215,1,0
221214,221214,221215,1,0
221214,221214,221217,3,0
221214,221214,221217,3,0
221214,221215,221216,1,1
221214,221215,221217,2,1
221214,221214,221217,3,0
221214,221214,221216,2,0
221214,221215,221216,1,1
221214,221215,221217,2,1
221214,221215,221216,1,1
221214,221214,221216,2,0
221214,221214,221217,3,0
221214,221214,221216,2,0
221214,221215,221217,2,1
221214,221214,221217,3,0
221214,221214,221216,2,0
221214,221215,221216,1,1
221214,221215,221217,2,1
221214,221215,221217,2,1
221214,221214,221217,3,0
221214,221214,221217,3,0
221214,221215,221216,1,1
221214,221215,221217,2,1
221214,221214,221216,2,0
221214,221214,221216,2,0
221214,221214,221217,3,0
221214,221215,221216,1,1
221214,221215,221217,2,1
221214,221215,221217,2,1
221214,221214,221217,3,0
221214,221214,221216,2,0
221214,221215,221216,1,1
221214,221215,221217,2,1
221214,221214,221217,3,0
221214,221214,221216,2,0
221214,221215,221217,2,1
221214,221215,221217,2,1
221214,221214,221217,3,0
221214,221214,221216,2,0
221214,221215,221216,1,1
221214,221214,221217,3,0
221214,221214,221216,2,0
221214,221215,221216,1,1
221214,221215,221217,2,1
221214,221215,221217,2,1
221214,221214,221217,3,0
221214,221215,221217,2,1
221214,221215,221217,2,1
221214,221215,221217,2,1
221214,221215,221217,2,1
221214,221214,221217,3,0
221214,221214,221217,3,0
221214,221215,221217,2,1
221214,221215,221217,2,1
221214,221215,221217,2,1
221214,221214,221217,3,0
221214,221215,221217,2,1
221214,221215,221217,2,1
221214,221214,221217,3,0
221214,221215,221217,2,1
221214,221214,221217,3,0
221214,221215,221217,2,1
221169,221169,221224,55,0
221247,221247,221248,1,0
221247,221247,221248,1,0
221247,221247,221248,1,0
221247,221247,221248,1,0
221247,221247,221248,1,0
221247,221247,221249,2,0
221247,221247,221249,2,0
221247,221247,221249,2,0
221247,221247,221249,2,0
221247,221247,221249,2,0
221247,221247,221249,2,0
221247,221247,221248,1,0
221247,221247,221249,2,0
221247,221247,221249,2,0
221247,221247,221249,2,0
221247,221247,221248,1,0
221247,221247,221249,2,0
221247,221247,221248,1,0
221247,221247,221249,2,0
221247,221247,221249,2,0
221247,221247,221249,2,0
221247,221247,221249,2,0
221247,221247,221249,2,0
221247,221247,221249,2,0
221247,221247,221249,2,0
221247,221247,221249,2,0
221247,221247,221249,2,0
221247,221247,221249,2,0
221247,221247,221249,2,0
221247,221247,221249,2,0
221247,221247,221249,2,0
221247,221247,221249,2,0
221247,221247,221249,2,0
221247,221247,221249,2,0
221215,221215,221270,55,0
221279,221279,221280,1,0
221279,221279,221280,1,0
221279,221279,221280,1,0
221279,221279,221280,1,0
221279,221279,221280,1,0
221279,221279,221281,2,0
221279,221279,221281,2,0
221279,221279,221281,2,0
221279,221279,221281,2,0
221279,221279,221281,2,0
221279,221279,221281,2,0
221279,221279,221280,1,0
221279,221279,221281,2,0
221279,221279,221281,2,0
221279,221279,221281,2,0
221279,221279,221281,2,0
221279,221279,221281,2,0
221279,221279,221281,2,0
221279,221279,221281,2,0
221279,221279,221281,2,0
221279,221279,221281,2,0
221279,221279,221282,3,0
221279,221279,221281,2,0
221279,221279,221282,3,0
221279,221279,221281,2,0
221279,221279,221281,2,0
221279,221279,221282,3,0
221279,221279,221282,3,0
221279,221279,221282,3,0
221279,221279,221281,2,0
221279,221279,221282,3,0
221279,221279,221281,2,0
221279,221279,221282,3,0
221279,221279,221282,3,0
221247,221247,221296,49,0
221297,221297,221298,1,0
221297,221297,221298,1,0
221297,221297,221298,1,0
221297,221297,221298,1,0
221297,221297,221298,1,0
221297,221297,221298,1,0
221297,221297,221298,1,0
221297,221297,221299,2,0
221297,221297,221299,2,0
221297,221297,221299,2,0
221297,221297,221299,2,0
221297,221297,221299,2,0
221297,221297,221299,2,0
221297,221297,221299,2,0
221297,221297,221299,2,0
221297,221297,221298,1,0
221297,221297,221299,2,0
221297,221297,221299,2,0
221297,221297,221299,2,0
221297,221297,221299,2,0
221297,221297,221299,2,0
221297,221297,221299,2,0
221297,221297,221299,2,0
221297,221297,221299,2,0
221297,221297,221299,2,0
221297,221297,221299,2,0
221297,221297,221299,2,0
221297,221297,221299,2,0
221297,221297,221299,2,0
221297,221297,221299,2,0
221297,221297,221299,2,0
221297,221297,221299,2,0
221297,221297,221300,3,0
221297,221297,221299,2,0
221315,221315,221316,1,0
221315,221315,221317,2,0
221315,221315,221316,1,0
221315,221315,221316,1,0
221315,221315,221317,2,0
221315,221315,221316,1,0
221315,221315,221317,2,0
221315,221315,221316,1,0
221315,221315,221317,2,0
221315,221315,221317,2,0
221315,221315,221317,2,0
221315,221315,221316,1,0
221315,221315,221317,2,0
221315,221315,221316,1,0
221315,221315,221317,2,0
221315,221315,221316,1,0
221315,221315,221317,2,0
221315,221315,221317,2,0
221315,221315,221317,2,0
221315,221315,221317,2,0
221315,221315,221317,2,0
221315,221315,221317,2,0
221315,221315,221317,2,0
221315,221315,221317,2,0
221315,221315,221317,2,0
221315,221315,221317,2,0
221315,221315,221317,2,0
221315,221315,221317,2,0
221315,221315,221317,2,0
221315,221315,221317,2,0
221315,221315,221317,2,0
221280,221280,221328,48,0
221333,221334,221335,1,1
221333,221334,221335,1,1
221333,221334,221335,1,1
221333,221334,221335,1,1
221333,221334,221335,1,1
221333,221334,221335,1,1
221333,221334,221335,1,1
221333,221334,221335,1,1
221333,221334,221335,1,1
221333,221334,221335,1,1
221333,221334,221335,1,1
221333,221334,221335,1,1
221333,221334,221335,1,1
221333,221334,221335,1,1
221333,221334,221335,1,1
221333,221334,221335,1,1
221333,221334,221335,1,1
221333,221334,221335,1,1
221333,221334,221335,1,1
221333,221334,221335,1,1
221333,221334,221336,2,1
221333,221334,221335,1,1
221333,221334,221336,2,1
221333,221334,221336,2,1
221333,221334,221336,2,1
221333,221334,221336,2,1
221333,221334,221336,2,1
221297,221298,221355,57,1
221367,221367,221368,1,0
221367,221367,221368,1,0
221367,221367,221368,1,0
221367,221367,221368,1,0
221367,221367,221369,2,0
221367,221367,221369,2,0
221367,221367,221369,2,0
221367,221367,221369,2,0
221367,221367,221369,2,0
221367,221367,221369,2,0
221367,221367,221368,1,0
221367,221367,221369,2,0
221367,221367,221369,2,0
221367,221367,221368,1,0
221367,221367,221369,2,0
221367,221367,221369,2,0
221367,221367,221369,2,0
221367,221367,221368,1,0
221367,221367,221369,2,0
221367,221367,221369,2,0
221367,221367,221369,2,0
221367,221367,221369,2,0
221367,221367,221369,2,0
221367,221367,221369,2,0
221367,221367,221369,2,0
221367,221367,221369,2,0
221367,221367,221369,2,0
221367,221367,221369,2,0
221367,221367,221369,2,0
221367,221367,221369,2,0
221367,221367,221369,2,0
221367,221367,221369,2,0
221367,221367,221369,2,0
221367,221367,221369,2,0
221334,221334,221385,51,0
221388,221388,221389,1,0
221388,221388,221389,1,0
221388,221388,221389,1,0
221388,221388,221389,1,0
221388,221388,221389,1,0
221388,221388,221390,2,0
221388,221388,221390,2,0
221388,221388,221390,2,0
221388,221388,221390,2,0
221388,221388,221390,2,0
221388,221388,221390,2,0
221388,221388,221390,2,0
221388,221388,221390,2,0
221388,221388,221390,2,0
221388,221388,221390,2,0
221388,221388,221390,2,0
221388,221388,221390,2,0
221388,221388,221390,2,0
221388,221388,221390,2,0
221388,221388,221389,1,0
221388,221388,221390,2,0
221388,221388,221390,2,0
221388,221388,221390,2,0
221388,221388,221390,2,0
221388,221388,221390,2,0
221388,221388,221390,2,0
221388,221388,221390,2,0
221388,221388,221390,2,0
221388,221388,221390,2,0
221388,221388,221390,2,0
221388,221388,221390,2,0
221388,221388,221390,2,0
221388,221388,221391,3,0
221388,221388,221390,2,0
221351,221351,221396,45,0
221410,221411,221412,1,1
221410,221411,221412,1,1
221410,221411,221412,1,1
221410,221411,221412,1,1
221410,221411,221412,1,1
221410,221411,221412,1,1
221410,221411,221412,1,1
221410,221411,221413,2,1
221410,221411,221412,1,1
221410,221411,221412,1,1
221410,221411,221412,1,1
221410,221411,221412,1,1
221410,221411,221412,1,1
221410,221411,221412,1,1
221410,221411,221412,1,1
221410,221411,221412,1,1
221410,221411,221412,1,1
221410,221411,221412,1,1
221410,221411,221412,1,1
221410,221411,221412,1,1
221410,221411,221412,1,1
221410,221411,221412,1,1
221410,221411,221412,1,1
221410,221411,221412,1,1
221410,221411,221412,1,1
221410,221411,221412,1,1
221410,221411,221413,2,1
221410,221411,221413,2,1
221410,221411,221413,2,1
221410,221411,221413,2,1
221368,221368,221415,47,0
221367,221368,221416,48,1
221370,221370,221419,49,0
221431,221432,221433,1,1
221431,221431,221432,1,0
221431,221432,221433,1,1
221431,221431,221432,1,0
221431,221431,221432,1,0
221431,221431,221432,1,0
221431,221431,221432,1,0
221431,221431,221432,1,0
221431,221432,221433,1,1
221431,221431,221432,1,0
221431,221431,221433,2,0
221431,221431,221434,3,0
221431,221432,221433,1,1
221431,221432,221433,1,1
221431,221432,221433,1,1
221431,221431,221433,2,0
221431,221431,221434,3,0
221431,221431,221434,3,0
221431,221432,221433,1,1
221431,221432,221434,2,1
221431,221432,221434,2,1
221433,221433,221434,1,0
221431,221431,221433,2,0
221431,221431,221433,2,0
221431,221431,221433,2,0
221431,221432,221433,1,1
221431,221432,221434,2,1
221431,221432,221434,2,1
221433,221433,221434,1,0
221431,221431,221433,2,0
221431,221431,221433,2,0
221431,221432,221433,1,1
221431,221432,221434,2,1
221431,221432,221433,1,1
221433,221433,221434,1,0
221431,221431,221433,2,0
221431,221431,221433,2,0
221431,221431,221433,2,0
221431,221432,221434,2,1
221431,221432,221434,2,1
221431,221431,221433,2,0
221431,221431,221433,2,0
221431,221431,221433,2,0
221431,221432,221434,2,1
221431,221432,221434,2,1
221431,221431,221433,2,0
221431,221431,221433,2,0
221431,221431,221433,2,0
221431,221432,221433,1,1
221431,221432,221434,2,1
221431,221432,221434,2,1
221433,221433,221434,1,0
221431,221431,221434,3,0
221431,221431,221433,2,0
221431,221432,221433,1,1
221431,221432,221433,1,1
221431,221432,221434,2,1
221431,221432,221433,1,1
221431,221431,221433,2,0
221431,221431,221433,2,0
221431,221431,221433,2,0
221431,221432,221433,1,1
221431,221432,221434,2,1
221431,221432,221434,2,1
221433,221433,221434,1,0
221431,221431,221433,2,0
221431,221431,221433,2,0
221431,221432,221433,1,1
221431,221432,221433,1,1
221431,221432,221434,2,1
221431,221432,221434,2,1
221433,221433,221434,1,0
221431,221431,221434,3,0
221431,221432,221434,2,1
221433,221433,221434,1,0
221433,221433,221435,2,0
221433,221433,221434,1,0
221433,221433,221435,2,0
221433,221433,221434,1,0
221433,221433,221434,1,0
221433,221433,221434,1,0
221433,221433,221434,1,0
221433,221433,221434,1,0
221433,221433,221435,2,0
221433,221434,221436,2,1
221433,221434,221436,2,1
221433,221434,221436,2,1
221433,221434,221436,2,1
221391,221391,221436,45,0
221433,221434,221436,2,1
221433,221434,221436,2,1
221433,221434,221436,2,1
221433,221434,221436,2,1
221433,221434,221436,2,1
221433,221434,221436,2,1
221433,221434,221436,2,1
221433,221434,221436,2,1
221433,221434,221436,2,1
221433,221434,221436,2,1
221433,221434,221436,2,1
221433,221434,221436,2,1
221433,221434,221437,3,1
221433,221434,221437,3,1
221389,221389,221449,60,0
221392,221392,221453,61,0
221436,221436,221480,44,0
221412,221412,223678,2266,0
221411,221411,223677,2266,0
221414,221414,223677,2263,0
221434,221434,223689,2255,0
223911,223911,223912,1,0
223911,223911,223912,1,0
223911,223911,223912,1,0
223911,223911,223913,2,0
223911,223911,223913,2,0
223911,223912,223913,1,1
223912,223912,223913,1,0
223911,223911,223913,2,0
223911,223912,223913,1,1
223911,223911,223912,1,0
223911,223911,223913,2,0
223911,223911,223914,3,0
223911,223911,223913,2,0
223912,223912,223913,1,0
223912,223912,223914,2,0
223912,223912,223913,1,0
223911,223911,223914,3,0
223911,223911,223913,2,0
223912,223912,223914,2,0
223912,223912,223914,2,0
223912,223912,223914,2,0
223912,223912,223913,1,0
223911,223911,223914,3,0
223911,223911,223914,3,0
223911,223911,223913,2,0
223912,223912,223913,1,0
223912,223912,223913,1,0
223911,223912,223913,1,1
223911,223912,223913,1,1
223911,223912,223914,2,1
223912,223912,223913,1,0
223912,223912,223914,2,0
223911,223911,223914,3,0
223911,223911,223914,3,0
223912,223912,223913,1,0
223912,223912,223914,2,0
223912,223912,223913,1,0
223911,223911,223914,3,0
223911,223912,223914,2,1
223912,223912,223913,1,0
223912,223912,223914,2,0
223912,223912,223913,1,0
223912,223912,223913,1,0
223911,223912,223914,2,1
223911,223912,223914,2,1
223911,223912,223914,2,1
223912,223912,223913,1,0
223911,223911,223914,3,0
223911,223911,223913,2,0
223912,223912,223913,1,0
223912,223912,223914,2,0
223912,223912,223914,2,0
223912,223912,223913,1,0
223912,223912,223914,2,0
223911,223911,223914,3,0
223911,223912,223914,2,1
223912,223912,223913,1,0
223912,223912,223914,2,0
223912,223912,223914,2,0
223911,223911,223914,3,0
223911,223912,223914,2,1
223912,223912,223913,1,0
223912,223912,223914,2,0
223912,223912,223914,2,0
223912,223912,223914,2,0
223912,223912,223914,2,0
223912,223912,223914,2,0
223912,223912,223914,2,0
223912,223912,223914,2,0
223912,223912,223914,2,0
223912,223912,223914,2,0
223912,223913,223915,2,1
223912,223914,223915,1,2
223912,223912,223914,2,0
223912,223912,223914,2,0
223912,223913,223915,2,1
223912,223913,223915,2,1
223912,223912,223915,3,0
223912,223912,223914,2,0
223912,223913,223915,2,1
223912,223912,223914,2,0
223912,223913,223915,2,1
223912,223912,223915,3,0
223912,223912,223914,2,0
223912,223913,223915,2,1
223912,223913,223915,2,1
223912,223913,223915,2,1
223912,223914,223915,1,2
223912,223913,223914,1,1
223912,223912,223915,3,0
223912,223913,223915,2,1
223912,223913,223915,2,1
223912,223914,223916,2,2
223912,223914,223916,2,2
223912,223914,223916,2,2
223912,223914,223916,2,2
223912,223914,223916,2,2
223912,223914,223915,1,2
223912,223914,223916,2,2
223912,223914,223915,1,2
223912,223914,223915,1,2
223912,223914,223915,1,2
223912,223914,223915,1,2
223912,223914,223915,1,2
223912,223914,223915,1,2
223912,223914,223915,1,2
223912,223914,223915,1,2
223912,223914,223915,1,2
223912,223914,223916,2,2
223912,223914,223916,2,2
223912,223914,223915,1,2
223912,223914,223916,2,2
223912,223914,223916,2,2
223912,223914,223916,2,2
223912,223914,223916,2,2
223912,223914,223916,2,2
223912,223914,223916,2,2
223912,223914,223916,2,2
223912,223914,223915,1,2
223912,223914,223916,2,2
223912,223914,223916,2,2
223912,223914,223916,2,2
223912,223914,223916,2,2
223912,223914,223916,2,2
223912,223914,223916,2,2
223912,223914,223916,2,2
223912,223914,223916,2,2
223912,223914,223916,2,2
223912,223914,223916,2,2
223912,223914,223915,1,2
223912,223914,223916,2,2
223912,223914,223916,2,2
223912,223914,223916,2,2
223912,223914,223916,2,2
223912,223914,223916,2,2
223912,223914,223961,47,2
223974,223974,223975,1,0
223974,223974,223975,1,0
223974,223974,223975,1,0
223974,223974,223975,1,0
223974,223974,223975,1,0
223974,223974,223975,1,0
223974,223974,223975,1,0
223974,223974,223975,1,0
223974,223974,223976,2,0
223974,223974,223976,2,0
223974,223974,223975,1,0
223974,223974,223976,2,0
223974,223974,223976,2,0
223974,223974,223975,1,0
223974,223974,223976,2,0
223974,223974,223976,2,0
223974,223974,223975,1,0
223974,223974,223976,2,0
223974,223974,223976,2,0
223974,223974,223975,1,0
223974,223974,223976,2,0
223974,223974,223976,2,0
223974,223974,223976,2,0
223974,223974,223976,2,0
223974,223974,223975,1,0
223974,223974,223976,2,0
223974,223974,223976,2,0
223974,223974,223976,2,0
223974,223974,223976,2,0
223974,223974,223975,1,0
223974,223974,223975,1,0
223974,223974,223976,2,0
223974,223974,223976,2,0
223974,223974,223976,2,0
223974,223974,223976,2,0
223974,223974,223976,2,0
223974,223974,223976,2,0
223974,223974,223976,2,0
223974,223974,223976,2,0
223974,223974,223975,1,0
223974,223974,223975,1,0
223974,223974,223976,2,0
223974,223974,223976,2,0
223974,223974,223975,1,0
223974,223974,223975,1,0
223974,223974,223976,2,0
223974,223974,223976,2,0
223974,223974,223976,2,0
223974,223974,223976,2,0
223974,223974,223976,2,0
223974,223974,223975,1,0
223974,223974,223976,2,0
223974,223974,223975,1,0
223974,223974,223976,2,0
223974,223974,223976,2,0
223974,223974,223976,2,0
223974,223974,223976,2,0
223974,223974,223976,2,0
223974,223975,223977,2,1
223974,223974,223976,2,0
223974,223974,223977,3,0
223974,223975,223977,2,1
223974,223974,223976,2,0
223974,223975,223977,2,1
223974,223974,223976,2,0
223974,223974,223976,2,0
223974,223975,223977,2,1
223974,223975,223977,2,1
223974,223974,223977,3,0
223974,223974,223977,3,0
223974,223975,223977,2,1
223974,223974,223976,2,0
223974,223975,223977,2,1
223974,223975,223977,2,1
223974,223974,223976,2,0
223974,223974,223976,2,0
223974,223975,223977,2,1
223974,223974,223976,2,0
223974,223974,223976,2,0
223974,223974,223976,2,0
223974,223974,223976,2,0
223974,223975,223977,2,1
223974,223976,223977,1,2
223974,223974,223976,2,0
223974,223974,223976,2,0
223974,223975,223977,2,1
223974,223975,223977,2,1
223974,223975,223978,3,1
223974,223976,223977,1,2
223974,223976,223978,2,2
223974,223976,223978,2,2
223974,223976,223978,2,2
223974,223976,223978,2,2
223974,223976,223978,2,2
223974,223976,223978,2,2
223974,223976,223978,2,2
224022,224022,224023,1,0
224022,224022,224023,1,0
224022,224022,224023,1,0
224022,224022,224023,1,0
224022,224022,224023,1,0
224022,224022,224024,2,0
224022,224022,224023,1,0
224022,224022,224024,2,0
224022,224022,224024,2,0
224022,224022,224023,1,0
224022,224022,224023,1,0
224022,224022,224024,2,0
224022,224022,224023,1,0
224022,224022,224023,1,0
224022,224022,224024,2,0
224022,224022,224023,1,0
224022,224022,224024,2,0
224022,224022,224023,1,0
224022,224022,224023,1,0
224022,224022,224024,2,0
224022,224022,224023,1,0
224022,224022,224024,2,0
224022,224022,224023,1,0
224022,224022,224023,1,0
224022,224022,224024,2,0
224022,224022,224024,2,0
224022,224022,224023,1,0
224022,224022,224024,2,0
224022,224022,224023,1,0
224022,224022,224024,2,0
223974,223976,224026,50,2
224053,224053,224054,1,0
224053,224053,224054,1,0
224053,224053,224054,1,0
224053,224053,224054,1,0
224053,224053,224054,1,0
224053,224053,224054,1,0
224053,224053,224055,2,0
224053,224053,224054,1,0
224053,224053,224055,2,0
224053,224053,224055,2,0
224053,224053,224054,1,0
224053,224053,224054,1,0
224053,224053,224054,1,0
224053,224053,224054,1,0
224053,224053,224055,2,0
224053,224053,224055,2,0
224053,224053,224054,1,0
224053,224053,224054,1,0
224053,224053,224055,2,0
224053,224053,224055,2,0
224053,224053,224054,1,0
224053,224053,224054,1,0
224053,224053,224054,1,0
224053,224053,224055,2,0
224053,224053,224055,2,0
224053,224053,224054,1,0
224053,224053,224055,2,0
224053,224053,224054,1,0
224053,224053,224054,1,0
224053,224053,224055,2,0
224053,224053,224054,1,0
224053,224053,224055,2,0
224070,224070,224071,1,0
224070,224070,224071,1,0
224070,224070,224071,1,0
224070,224070,224071,1,0
224070,224070,224071,1,0
224070,224070,224071,1,0
224070,224070,224071,1,0
224070,224070,224071,1,0
224070,224070,224071,1,0
224070,224070,224071,1,0
224070,224070,224072,2,0
224070,224070,224072,2,0
224070,224070,224072,2,0
224070,224070,224072,2,0
224070,224070,224071,1,0
224070,224070,224072,2,0
224070,224070,224071,1,0
224070,224070,224071,1,0
224070,224070,224072,2,0
224070,224070,224071,1,0
224070,224070,224072,2,0
224070,224070,224071,1,0
224070,224070,224072,2,0
224070,224070,224072,2,0
224070,224070,224071,1,0
224070,224070,224072,2,0
224070,224070,224072,2,0
224070,224070,224072,2,0
224070,224070,224072,2,0
224070,224070,224072,2,0
224070,224070,224072,2,0
224070,224070,224072,2,0
224070,224070,224073,3,0
224070,224070,224072,2,0
224053,224053,224101,48,0
224103,224103,224104,1,0
224103,224103,224104,1,0
224103,224103,224104,1,0
224103,224103,224104,1,0
224103,224103,224104,1,0
224103,224103,224104,1,0
224103,224103,224104,1,0
224103,224103,224105,2,0
224103,224103,224105,2,0
224103,224103,224105,2,0
224103,224103,224105,2,0
224103,224103,224105,2,0
224103,224103,224105,2,0
224103,224103,224104,1,0
224103,224103,224105,2,0
224103,224103,224105,2,0
224103,224103,224105,2,0
224103,224103,224105,2,0
224103,224103,224105,2,0
224103,224103,224104,1,0
224103,224103,224105,2,0
224103,224103,224105,2,0
224103,224103,224105,2,0
224103,224103,224105,2,0
224103,224103,224105,2,0
224103,224103,224105,2,0
224103,224103,224105,2,0
224103,224103,224105,2,0
224103,224103,224105,2,0
224103,224103,224105,2,0
224103,224103,224105,2,0
224103,224103,224105,2,0
224103,224103,224106,3,0
224103,224103,224106,3,0
224070,224070,224126,56,0
224127,224127,224128,1,0
224127,224127,224128,1,0
224127,224127,224128,1,0
224127,224127,224129,2,0
224127,224127,224129,2,0
224127,224127,224129,2,0
224127,224127,224129,2,0
224127,224127,224128,1,0
224127,224127,224129,2,0
224127,224127,224128,1,0
224127,224127,224129,2,0
224127,224127,224129,2,0
224127,224127,224129,2,0
224127,224127,224129,2,0
224127,224127,224129,2,0
224127,224127,224128,1,0
224127,224127,224129,2,0
224127,224127,224129,2,0
224127,224127,224129,2,0
224127,224127,224129,2,0
224127,224127,224128,1,0
224127,224127,224129,2,0
224127,224127,224129,2,0
224127,224127,224129,2,0
224127,224127,224128,1,0
224127,224127,224129,2,0
224127,224127,224129,2,0
224127,224127,224129,2,0
224127,224127,224129,2,0
224127,224127,224129,2,0
224127,224127,224129,2,0
224127,224127,224129,2,0
224127,224127,224129,2,0
224127,224127,224129,2,0
224087,224087,224137,50,0
224149,224149,224150,1,0
224149,224149,224150,1,0
224149,224149,224150,1,0
224149,224149,224150,1,0
224149,224149,224150,1,0
224149,224149,224150,1,0
224149,224149,224150,1,0
224149,224149,224151,2,0
224149,224149,224151,2,0
224149,224149,224151,2,0
224149,224149,224151,2,0
224149,224149,224150,1,0
224149,224149,224150,1,0
224149,224149,224151,2,0
224149,224149,224151,2,0
224149,224149,224150,1,0
224149,224149,224151,2,0
224149,224149,224150,1,0
224149,224149,224151,2,0
224149,224149,224151,2,0
224149,224149,224151,2,0
224149,224149,224151,2,0
224149,224149,224151,2,0
224149,224149,224150,1,0
224149,224149,224151,2,0
224149,224149,224151,2,0
224149,224149,224151,2,0
224149,224149,224151,2,0
224149,224149,224151,2,0
224149,224149,224151,2,0
224149,224149,224151,2,0
224149,224149,224151,2,0
224149,224149,224151,2,0
224149,224149,224151,2,0
224105,224105,224152,47,0
224106,224106,224163,57,0
224104,224104,224166,62,0
224170,224170,224171,1,0
224170,224170,224171,1,0
224170,224170,224171,1,0
224170,224170,224171,1,0
224170,224170,224171,1,0
224170,224170,224171,1,0
224170,224170,224171,1,0
224170,224170,224171,1,0
224170,224170,224172,2,0
224170,224171,224172,1,1
224170,224170,224173,3,0
224170,224170,224172,2,0
224170,224170,224172,2,0
224170,224171,224173,2,1
224172,224172,224173,1,0
224170,224170,224173,3,0
224170,224170,224172,2,0
224170,224171,224172,1,1
224170,224171,224173,2,1
224170,224171,224173,2,1
224170,224171,224172,1,1
224170,224170,224173,3,0
224170,224170,224172,2,0
224170,224170,224172,2,0
224170,224171,224172,1,1
224170,224171,224172,1,1
224170,224171,224172,1,1
224170,224170,224173,3,0
224170,224170,224172,2,0
224170,224171,224172,1,1
224170,224171,224173,2,1
224170,224171,224172,1,1
224170,224171,224172,1,1
224172,224172,224173,1,0
224170,224170,224172,2,0
224170,224170,224172,2,0
224170,224171,224172,1,1
224170,224171,224173,2,1
224170,224171,224172,1,1
224170,224171,224173,2,1
224170,224171,224172,1,1
224170,224170,224172,2,0
224170,224170,224172,2,0
224170,224171,224172,1,1
224170,224171,224173,2,1
224170,224171,224173,2,1
224170,224171,224172,1,1
224172,224172,224173,1,0
224170,224170,224173,3,0
224170,224170,224172,2,0
224170,224170,224173,3,0
224170,224171,224172,1,1
224170,224171,224173,2,1
224170,224171,224172,1,1
224172,224172,224173,1,0
224170,224170,224172,2,0
224170,224170,224173,3,0
224170,224170,224172,2,0
224170,224171,224172,1,1
224170,224171,224173,2,1
224170,224171,224173,2,1
224170,224171,224172,1,1
224172,224172,224173,1,0
224170,224170,224172,2,0
224170,224170,224172,2,0
224170,224170,224172,2,0
224170,224171,224173,2,1
224170,224171,224173,2,1
224170,224171,224172,1,1
224170,224171,224172,1,1
224172,224172,224173,1,0
224170,224170,224172,2,0
224170,224170,224172,2,0
224172,224172,224173,1,0
224172,224172,224173,1,0
224170,224171,224173,2,1
224172,224172,224173,1,0
224172,224172,224173,1,0
224172,224172,224174,2,0
224172,224172,224174,2,0
224172,224173,224174,1,1
224172,224173,224175,2,1
224172,224173,224175,2,1
224172,224173,224175,2,1
224172,224173,224175,2,1
224172,224173,224175,2,1
224172,224173,224175,2,1
224172,224173,224175,2,1
224172,224173,224175,2,1
224172,224173,224175,2,1
224172,224173,224175,2,1
224172,224173,224175,2,1
224172,224173,224175,2,1
224172,224173,224175,2,1
224172,224173,224175,2,1
224172,224173,224175,2,1
224172,224173,224175,2,1
224172,224173,224175,2,1
224172,224173,224175,2,1
224124,224124,224175,51,0
224172,224173,224176,3,1
224172,224173,224175,2,1
224130,224130,224176,46,0
224172,224173,224175,2,1
224125,224125,224177,52,0
224129,224129,224180,51,0
224128,224128,224185,57,0
224126,224126,224185,59,0
224151,224151,224201,50,0
224149,224149,224206,57,0
224208,224208,224209,1,0
224208,224208,224209,1,0
224208,224208,224209,1,0
224208,224208,224209,1,0
224208,224208,224210,2,0
224208,224208,224209,1,0
224208,224208,224209,1,0
224208,224208,224210,2,0
224208,224209,224210,1,1
224208,224209,224211,2,1
224208,224208,224210,2,0
224208,224208,224210,2,0
224208,224209,224211,2,1
224208,224209,224211,2,1
224208,224209,224211,2,1
224209,224209,224210,1,0
224208,224209,224210,1,1
224208,224209,224211,2,1
224208,224208,224211,3,0
224208,224208,224211,3,0
224208,224208,224211,3,0
224208,224209,224210,1,1
224209,224209,224210,1,0
224209,224209,224210,1,0
224208,224208,224210,2,0
224208,224209,224210,1,1
224208,224209,224211,2,1
224209,224209,224210,1,0
224208,224208,224211,3,0
224208,224208,224210,2,0
224208,224209,224210,1,1
224208,224208,224211,3,0
224208,224208,224211,3,0
224208,224209,224210,1,1
224208,224209,224211,2,1
224209,224209,224210,1,0
224208,224208,224210,2,0
224208,224208,224211,3,0
224208,224208,224210,2,0
224208,224209,224210,1,1
224208,224209,224211,2,1
224208,224208,224211,3,0
224208,224208,224211,3,0
224208,224209,224210,1,1
224208,224209,224211,2,1
224208,224209,224211,2,1
224209,224209,224210,1,0
224208,224208,224211,3,0
224208,224208,224211,3,0
224208,224209,224210,1,1
224208,224209,224211,2,1
224209,224209,224210,1,0
224208,224209,224211,2,1
224208,224209,224211,2,1
224208,224209,224211,2,1
224208,224209,224211,2,1
224208,224209,224211,2,1
224208,224208,224211,3,0
224209,224209,224211,2,0
224208,224209,224211,2,1
224208,224209,224211,2,1
224208,224208,224211,3,0
224208,224209,224212,3,1
224208,224209,224212,3,1
224209,224209,224211,2,0
224209,224210,224212,2,1
224208,224208,224211,3,0
224208,224209,224211,2,1
224208,224209,224211,2,1
224209,224210,224212,2,1
224208,224209,224212,3,1
224208,224209,224211,2,1
224209,224210,224212,2,1
224208,224209,224211,2,1
224208,224209,224211,2,1
224209,224210,224212,2,1
224208,224209,224211,2,1
224208,224209,224211,2,1
224209,224210,224212,2,1
224208,224209,224211,2,1
224209,224210,224212,2,1
224152,224152,224211,59,0
224208,224208,224211,3,0
224208,224209,224211,2,1
224209,224210,224212,2,1
224209,224211,224213,2,2
224209,224211,224213,2,2
224209,224211,224213,2,2
224209,224211,224213,2,2
224209,224211,224213,2,2
224209,224211,224213,2,2
224209,224211,224213,2,2
224209,224211,224213,2,2
224209,224211,224213,2,2
224209,224211,224213,2,2
224209,224211,224213,2,2
224209,224211,224212,1,2
224209,224211,224213,2,2
224209,224211,224213,2,2
224209,224211,224212,1,2
224209,224211,224213,2,2
224209,224211,224213,2,2
224209,224211,224213,2,2
224209,224211,224212,1,2
224209,224211,224213,2,2
224209,224211,224213,2,2
224209,224211,224212,1,2
224209,224211,224212,1,2
224209,224211,224213,2,2
224209,224211,224213,2,2
224209,224211,224212,1,2
224209,224211,224213,2,2
224209,224211,224213,2,2
224209,224211,224213,2,2
224209,224211,224213,2,2
224209,224211,224213,2,2
224209,224211,224212,1,2
224209,224211,224212,1,2
224209,224211,224213,2,2
224209,224211,224213,2,2
224209,224211,224213,2,2
224209,224211,224213,2,2
224209,224211,224213,2,2
224209,224211,224213,2,2
224209,224211,224213,2,2
224209,224212,224214,2,3
224209,224212,224214,2,3
224209,224212,224214,2,3
224209,224212,224214,2,3
224209,224212,224214,2,3
224209,224212,224214,2,3
224209,224212,224214,2,3
224209,224211,224213,2,2
224209,224211,224213,2,2
224209,224211,224213,2,2
224209,224211,224213,2,2
224209,224211,224213,2,2
224173,224173,224221,48,0
224171,224171,224223,52,0
224258,224258,224259,1,0
224258,224258,224259,1,0
224258,224258,224259,1,0
224258,224258,224259,1,0
224258,224259,224260,1,1
224258,224258,224259,1,0
224258,224258,224259,1,0
224258,224258,224259,1,0
224258,224258,224259,1,0
224258,224258,224260,2,0
224258,224258,224261,3,0
224258,224258,224261,3,0
224258,224259,224260,1,1
224258,224259,224261,2,1
224259,224259,224260,1,0
224258,224258,224260,2,0
224258,224259,224260,1,1
224258,224259,224261,2,1
224259,224259,224261,2,0
224258,224258,224261,3,0
224258,224258,224261,3,0
224258,224258,224261,3,0
224258,224259,224260,1,1
224258,224259,224261,2,1
224258,224259,224261,2,1
224259,224259,224260,1,0
224258,224258,224261,3,0
224258,224258,224260,2,0
224258,224258,224260,2,0
224258,224259,224261,2,1
224258,224259,224261,2,1
224259,224259,224261,2,0
224258,224258,224261,3,0
224258,224258,224261,3,0
224258,224258,224261,3,0
224258,224259,224260,1,1
224258,224259,224261,2,1
224259,224259,224260,1,0
224258,224258,224260,2,0
224258,224258,224261,3,0
224258,224258,224260,2,0
224258,224259,224261,2,1
224259,224259,224260,1,0
224259,224259,224261,2,0
224258,224258,224261,3,0
224258,224258,224260,2,0
224258,224258,224260,2,0
224258,224259,224261,2,1
224258,224259,224261,2,1
224259,224259,224260,1,0
224258,224258,224261,3,0
224258,224258,224260,2,0
224258,224259,224260,1,1
224258,224259,224261,2,1
224258,224259,224261,2,1
224259,224259,224260,1,0
224258,224258,224261,3,0
224258,224258,224260,2,0
224258,224259,224260,1,1
224258,224259,224261,2,1
224258,224259,224260,1,1
224258,224258,224261,3,0
224258,224258,224261,3,0
224258,224259,224260,1,1
224258,224259,224261,2,1
224258,224259,224261,2,1
224258,224259,224261,2,1
224259,224259,224261,2,0
224258,224258,224261,3,0
224258,224259,224261,2,1
224258,224259,224261,2,1
224259,224259,224261,2,0
224258,224259,224261,2,1
224258,224259,224261,2,1
224259,224260,224262,2,1
224259,224261,224262,1,2
224259,224261,224262,1,2
224259,224260,224262,2,1
224259,224261,224262,1,2
224258,224259,224261,2,1
224259,224260,224262,2,1
224259,224260,224262,2,1
224258,224259,224261,2,1
224259,224260,224262,2,1
224258,224259,224261,2,1
224259,224260,224262,2,1
224258,224259,224261,2,1
224259,224260,224262,2,1
224258,224259,224261,2,1
224259,224260,224262,2,1
224259,224261,224262,1,2
224259,224260,224262,2,1
224259,224261,224263,2,2
224259,224261,224263,2,2
224259,224261,224263,2,2
224259,224261,224263,2,2
224259,224261,224263,2,2
224259,224261,224263,2,2
224259,224261,224263,2,2
224259,224261,224263,2,2
224259,224261,224263,2,2
224259,224261,224263,2,2
224259,224261,224263,2,2
224259,224261,224263,2,2
224259,224261,224263,2,2
224259,224261,224263,2,2
224259,224261,224263,2,2
224259,224261,224263,2,2
224259,224261,224263,2,2
224259,224261,224262,1,2
224259,224261,224262,1,2
224259,224261,224263,2,2
224259,224261,224263,2,2
224259,224261,224263,2,2
224259,224261,224263,2,2
224259,224261,224263,2,2
224259,224261,224263,2,2
224259,224261,224263,2,2
224259,224261,224263,2,2
224259,224261,224263,2,2
224259,224261,224263,2,2
224259,224261,224263,2,2
224259,224261,224263,2,2
224259,224261,224263,2,2
224259,224261,224264,3,2
224259,224261,224263,2,2
224259,224261,224263,2,2
224259,224261,224263,2,2
224259,224261,224263,2,2
224259,224261,224264,3,2
224259,224261,224263,2,2
224259,224261,224263,2,2
224259,224261,224264,3,2
224259,224261,224263,2,2
224259,224261,224263,2,2
224259,224261,224263,2,2
224209,224212,224266,54,3
224307,224307,224308,1,0
224307,224307,224308,1,0
224307,224307,224308,1,0
224307,224308,224309,1,1
224307,224307,224308,1,0
224307,224307,224308,1,0
224307,224307,224308,1,0
224307,224307,224308,1,0
224307,224307,224309,2,0
224307,224308,224309,1,1
224307,224307,224309,2,0
224307,224307,224309,2,0
224307,224308,224309,1,1
224307,224308,224309,1,1
224307,224308,224309,1,1
224307,224308,224309,1,1
224307,224307,224309,2,0
224307,224307,224310,3,0
224307,224307,224309,2,0
224307,224308,224309,1,1
224307,224308,224310,2,1
224307,224308,224309,1,1
224307,224308,224309,1,1
224307,224307,224309,2,0
224307,224307,224309,2,0
224307,224307,224309,2,0
224307,224308,224309,1,1
224307,224308,224310,2,1
224307,224308,224309,1,1
224307,224307,224309,2,0
224307,224307,224309,2,0
224307,224308,224310,2,1
224307,224308,224309,1,1
224307,224308,224309,1,1
224307,224307,224309,2,0
224307,224307,224309,2,0
224307,224308,224309,1,1
224307,224308,224310,2,1
224307,224307,224309,2,0
224307,224307,224309,2,0
224307,224307,224309,2,0
224307,224308,224310,2,1
224307,224308,224309,1,1
224307,224308,224309,1,1
224307,224307,224310,3,0
224307,224307,224309,2,0
224307,224307,224309,2,0
224307,224308,224310,2,1
224307,224308,224309,1,1
224307,224307,224309,2,0
224307,224307,224309,2,0
224307,224308,224309,1,1
224307,224308,224310,2,1
224307,224308,224309,1,1
224307,224308,224310,2,1
224307,224307,224310,3,0
224307,224307,224309,2,0
224307,224308,224309,1,1
224307,224308,224309,1,1
224307,224308,224310,2,1
224307,224308,224309,1,1
224307,224307,224309,2,0
224307,224307,224309,2,0
224307,224308,224310,2,1
224307,224308,224309,1,1
224307,224307,224310,3,0
224307,224307,224310,3,0
224307,224308,224310,2,1
224259,224261,224313,52,2
224352,224352,224353,1,0
224352,224352,224353,1,0
224352,224353,224354,1,1
224352,224352,224353,1,0
224352,224352,224353,1,0
224352,224352,224353,1,0
224352,224352,224353,1,0
224352,224352,224353,1,0
224352,224352,224354,2,0
224352,224352,224354,2,0
224352,224353,224354,1,1
224352,224353,224354,1,1
224352,224353,224355,2,1
224352,224353,224354,1,1
224352,224352,224354,2,0
224352,224352,224355,3,0
224352,224352,224354,2,0
224352,224353,224354,1,1
224352,224353,224355,2,1
224352,224352,224354,2,0
224352,224352,224355,3,0
224352,224352,224354,2,0
224352,224353,224354,1,1
224352,224353,224355,2,1
224352,224353,224354,1,1
224352,224352,224355,3,0
224352,224352,224354,2,0
224352,224352,224354,2,0
224352,224353,224354,1,1
224352,224353,224355,2,1
224352,224353,224354,1,1
224352,224352,224355,3,0
224352,224352,224354,2,0
224352,224353,224354,1,1
224352,224353,224355,2,1
224352,224353,224354,1,1
224352,224352,224355,3,0
224352,224352,224354,2,0
224352,224352,224354,2,0
224352,224353,224354,1,1
224352,224353,224355,2,1
224352,224353,224354,1,1
224352,224352,224355,3,0
224352,224352,224354,2,0
224352,224353,224354,1,1
224352,224353,224354,1,1
224352,224353,224355,2,1
224352,224353,224354,1,1
224352,224352,224355,3,0
224352,224352,224354,2,0
224352,224352,224354,2,0
224352,224353,224354,1,1
224352,224353,224355,2,1
224352,224353,224354,1,1
224352,224352,224355,3,0
224352,224352,224355,3,0
224352,224352,224354,2,0
224352,224353,224354,1,1
224352,224352,224354,2,0
224352,224352,224355,3,0
224352,224352,224354,2,0
224352,224353,224354,1,1
224352,224353,224355,2,1
224352,224353,224355,2,1
224352,224353,224354,1,1
224352,224353,224355,2,1
224352,224353,224355,2,1
224352,224353,224355,2,1
224308,224308,224359,51,0
224385,224385,224386,1,0
224385,224385,224386,1,0
224385,224385,224386,1,0
224385,224385,224386,1,0
224385,224385,224386,1,0
224385,224385,224386,1,0
224385,224385,224386,1,0
224385,224385,224387,2,0
224385,224385,224387,2,0
224385,224385,224387,2,0
224385,224385,224387,2,0
224385,224385,224387,2,0
224385,224385,224387,2,0
224385,224385,224387,2,0
224385,224385,224387,2,0
224385,224385,224387,2,0
224385,224385,224387,2,0
224385,224385,224387,2,0
224385,224385,224387,2,0
224385,224385,224387,2,0
224385,224385,224387,2,0
224385,224385,224387,2,0
224385,224385,224387,2,0
224385,224385,224387,2,0
224385,224385,224387,2,0
224385,224385,224388,3,0
224385,224385,224387,2,0
224385,224385,224387,2,0
224385,224385,224388,3,0
224385,224385,224388,3,0
224385,224385,224388,3,0
224385,224385,224388,3,0
224385,224385,224388,3,0
224385,224385,224388,3,0
224353,224353,224400,47,0
224417,224418,224419,1,1
224417,224418,224419,1,1
224417,224418,224420,2,1
224417,224418,224419,1,1
224417,224418,224420,2,1
224417,224418,224419,1,1
224417,224418,224420,2,1
224417,224418,224419,1,1
224417,224418,224419,1,1
224417,224418,224419,1,1
224417,224418,224420,2,1
224417,224418,224420,2,1
224417,224418,224419,1,1
224417,224418,224419,1,1
224417,224418,224420,2,1
224417,224418,224419,1,1
224417,224418,224419,1,1
224417,224418,224420,2,1
224417,224418,224419,1,1
224417,224418,224419,1,1
224417,224418,224420,2,1
224417,224418,224420,2,1
224417,224418,224419,1,1
224417,224418,224419,1,1
224417,224418,224420,2,1
224417,224418,224419,1,1
224417,224418,224420,2,1
224417,224418,224419,1,1
224417,224418,224420,2,1
224417,224418,224420,2,1
224417,224418,224420,2,1
224435,224435,224436,1,0
224435,224435,224436,1,0
224435,224435,224436,1,0
224435,224435,224437,2,0
224435,224435,224437,2,0
224435,224435,224437,2,0
224435,224435,224437,2,0
224435,224435,224437,2,0
224435,224435,224437,2,0
224435,224435,224437,2,0
224435,224435,224437,2,0
224435,224435,224436,1,0
224435,224435,224437,2,0
224435,224435,224437,2,0
224435,224435,224437,2,0
224435,224435,224436,1,0
224435,224435,224437,2,0
224435,224435,224437,2,0
224435,224435,224437,2,0
224435,224435,224436,1,0
224435,224435,224437,2,0
224435,224435,224437,2,0
224435,224435,224437,2,0
224435,224435,224436,1,0
224435,224435,224437,2,0
224435,224435,224437,2,0
224435,224435,224437,2,0
224435,224435,224436,1,0
224435,224435,224437,2,0
224435,224435,224437,2,0
224435,224435,224437,2,0
224435,224435,224437,2,0
224435,224435,224437,2,0
224435,224435,224438,3,0
224386,224386,224445,59,0
224452,224453,224454,1,1
224452,224453,224454,1,1
224452,224453,224454,1,1
224452,224453,224454,1,1
224452,224453,224454,1,1
224452,224453,224454,1,1
224452,224453,224454,1,1
224452,224453,224454,1,1
224452,224453,224454,1,1
224452,224453,224454,1,1
224452,224453,224454,1,1
224452,224453,224454,1,1
224452,224453,224454,1,1
224452,224453,224454,1,1
224452,224453,224454,1,1
224452,224453,224454,1,1
224452,224453,224454,1,1
224452,224453,224455,2,1
224452,224453,224455,2,1
224452,224453,224454,1,1
224452,224453,224454,1,1
224452,224453,224454,1,1
224452,224453,224454,1,1
224452,224453,224455,2,1
224452,224453,224455,2,1
224452,224453,224454,1,1
224452,224453,224454,1,1
224452,224453,224455,2,1
224452,224453,224454,1,1
224452,224453,224455,2,1
224452,224453,224455,2,1
224452,224453,224455,2,1
224418,224418,224470,52,0
224435,224435,224486,51,0
224487,224487,224488,1,0
224487,224487,224488,1,0
224487,224487,224488,1,0
224487,224487,224489,2,0
224487,224487,224489,2,0
224487,224487,224488,1,0
224487,224487,224488,1,0
224487,224487,224488,1,0
224487,224487,224489,2,0
224488,224488,224489,1,0
224487,224487,224488,1,0
224487,224487,224488,1,0
224487,224487,224489,2,0
224487,224487,224488,1,0
224487,224487,224488,1,0
224487,224487,224489,2,0
224487,224487,224489,2,0
224488,224488,224489,1,0
224487,224487,224488,1,0
224487,224487,224489,2,0
224487,224487,224488,1,0
224487,224487,224488,1,0
224487,224487,224488,1,0
224487,224487,224488,1,0
224487,224487,224488,1,0
224487,224487,224488,1,0
224487,224487,224488,1,0
224488,224488,224489,1,0
224487,224487,224488,1,0
224487,224487,224488,1,0
224488,224488,224489,1,0
224488,224488,224489,1,0
224488,224488,224489,1,0
224488,224488,224490,2,0
224488,224488,224490,2,0
224488,224488,224490,2,0
224488,224488,224490,2,0
224488,224488,224490,2,0
224488,224488,224490,2,0
224488,224488,224490,2,0
224488,224488,224490,2,0
224488,224489,224490,1,1
224488,224488,224490,2,0
224488,224488,224490,2,0
224488,224489,224490,1,1
224488,224488,224490,2,0
224488,224488,224490,2,0
224488,224489,224490,1,1
224488,224488,224490,2,0
224488,224488,224490,2,0
224488,224488,224490,2,0
224488,224488,224490,2,0
224488,224488,224490,2,0
224488,224488,224490,2,0
224488,224488,224490,2,0
224488,224489,224490,1,1
224488,224489,224490,1,1
224488,224488,224490,2,0
224488,224488,224490,2,0
224488,224489,224490,1,1
224488,224488,224490,2,0
224470,224470,224515,45,0
224516,224517,224518,1,1
224516,224517,224519,2,1
224516,224517,224519,2,1
224516,224517,224518,1,1
224516,224517,224518,1,1
224516,224517,224518,1,1
224516,224517,224519,2,1
224516,224517,224518,1,1
224516,224517,224518,1,1
224516,224517,224519,2,1
224516,224517,224519,2,1
224516,224517,224518,1,1
224516,224517,224519,2,1
224516,224517,224518,1,1
224516,224517,224518,1,1
224516,224517,224518,1,1
224516,224517,224518,1,1
224516,224517,224518,1,1
224516,224517,224518,1,1
224516,224517,224518,1,1
224516,224517,224518,1,1
224516,224517,224518,1,1
224516,224517,224518,1,1
224516,224517,224519,2,1
224516,224517,224519,2,1
224516,224517,224519,2,1
224516,224517,224519,2,1
224516,224517,224519,2,1
224516,224517,224519,2,1
224516,224517,224519,2,1
224489,224489,224539,50,0
224487,224487,224488,1,0
224487,224487,224489,2,0
224487,224487,224488,1,0
224487,224487,224548,61,0
224490,224490,224550,60,0
224556,224556,224557,1,0
224556,224556,224557,1,0
224556,224556,224557,1,0
224556,224556,224557,1,0
224556,224556,224557,1,0
224556,224556,224557,1,0
224556,224556,224557,1,0
224556,224556,224558,2,0
224556,224556,224558,2,0
224556,224556,224558,2,0
224556,224556,224558,2,0
224556,224556,224557,1,0
224556,224556,224558,2,0
224556,224556,224558,2,0
224556,224556,224558,2,0
224556,224556,224558,2,0
224556,224556,224557,1,0
224556,224556,224558,2,0
224556,224556,224558,2,0
224556,224556,224558,2,0
224556,224556,224557,1,0
224556,224556,224558,2,0
224556,224556,224557,1,0
224556,224556,224558,2,0
224556,224556,224558,2,0
224556,224556,224558,2,0
224556,224556,224558,2,0
224556,224556,224558,2,0
224556,224556,224558,2,0
224556,224556,224558,2,0
224558,224558,224559,1,0
224556,224556,224558,2,0
224556,224556,224558,2,0
224556,224556,224558,2,0
224556,224556,224558,2,0
224558,224558,224559,1,0
224556,224556,224558,2,0
224556,224556,224558,2,0
224556,224556,224558,2,0
224558,224558,224559,1,0
224556,224556,224558,2,0
224556,224556,224558,2,0
224556,224556,224558,2,0
224556,224556,224558,2,0
224556,224556,224558,2,0
224556,224556,224558,2,0
224558,224558,224559,1,0
224556,224556,224558,2,0
224556,224556,224558,2,0
224556,224556,224558,2,0
224556,224556,224558,2,0
224558,224558,224559,1,0
224556,224556,224558,2,0
224556,224556,224559,3,0
224556,224556,224558,2,0
224556,224556,224558,2,0
224556,224556,224559,3,0
224556,224556,224558,2,0
224556,224556,224559,3,0
224556,224556,224558,2,0
224556,224556,224558,2,0
224556,224556,224558,2,0
224558,224558,224559,1,0
224556,224556,224558,2,0
224556,224556,224558,2,0
224556,224556,224558,2,0
224556,224556,224558,2,0
224556,224556,224558,2,0
224556,224556,224558,2,0
224556,224556,224558,2,0
224556,224556,224558,2,0
224556,224556,224558,2,0
224558,224558,224559,1,0
224556,224556,224558,2,0
224556,224556,224558,2,0
224558,224558,224560,2,0
224558,224558,224560,2,0
224558,224558,224560,2,0
224558,224558,224560,2,0
224558,224558,224560,2,0
224558,224558,224559,1,0
224558,224558,224560,2,0
224558,224558,224560,2,0
224558,224558,224560,2,0
224558,224558,224559,1,0
224558,224558,224560,2,0
224558,224558,224560,2,0
224558,224558,224559,1,0
224558,224558,224560,2,0
224558,224558,224560,2,0
224558,224558,224560,2,0
224558,224558,224561,3,0
224558,224558,224560,2,0
224558,224558,224560,2,0
224558,224559,224561,2,1
224558,224559,224561,2,1
224558,224559,224560,1,1
224558,224559,224561,2,1
224558,224559,224561,2,1
224558,224559,224561,2,1
224558,224559,224561,2,1
224512,224512,224561,49,0
224558,224558,224560,2,0
224511,224511,224562,51,0
224514,224514,224563,49,0
224509,224510,224569,59,1
224513,224513,224569,56,0
224519,224519,224569,50,0
224520,224520,224581,61,0
224517,224517,224589,72,0
224593,224593,224594,1,0
224593,224593,224594,1,0
224593,224594,224595,1,1
224593,224593,224594,1,0
224593,224593,224594,1,0
224593,224593,224594,1,0
224593,224593,224594,1,0
224593,224593,224594,1,0
224593,224594,224595,1,1
224593,224593,224594,1,0
224593,224593,224594,1,0
224593,224593,224595,2,0
224593,224593,224595,2,0
224593,224593,224595,2,0
224593,224594,224595,1,1
224593,224594,224595,1,1
224593,224594,224595,1,1
224593,224593,224595,2,0
224593,224593,224595,2,0
224593,224594,224595,1,1
224593,224594,224595,1,1
224593,224593,224595,2,0
224593,224593,224595,2,0
224593,224593,224595,2,0
224593,224594,224595,1,1
224593,224594,224595,1,1
224593,224594,224595,1,1
224593,224593,224595,2,0
224593,224593,224595,2,0
224593,224593,224595,2,0
224593,224594,224595,1,1
224593,224594,224595,1,1
224593,224594,224595,1,1
224593,224593,224595,2,0
224593,224593,224596,3,0
224593,224593,224595,2,0
224593,224594,224595,1,1
224593,224594,224595,1,1
224593,224594,224596,2,1
224593,224594,224595,1,1
224593,224593,224595,2,0
224593,224593,224595,2,0
224593,224594,224595,1,1
224593,224594,224595,1,1
224593,224594,224596,2,1
224593,224594,224595,1,1
224593,224593,224595,2,0
224593,224593,224595,2,0
224593,224594,224596,2,1
224593,224594,224595,1,1
224593,224594,224595,1,1
224593,224594,224595,1,1
224593,224593,224595,2,0
224593,224593,224595,2,0
224593,224594,224595,1,1
224593,224594,224596,2,1
224593,224594,224595,1,1
224593,224594,224595,1,1
224593,224593,224595,2,0
224593,224593,224595,2,0
224593,224594,224595,1,1
224593,224594,224595,1,1
224593,224594,224596,2,1
224593,224594,224595,1,1
224593,224594,224595,1,1
224593,224593,224595,2,0
224593,224593,224595,2,0
224593,224594,224595,1,1
224593,224594,224595,1,1
224593,224594,224595,1,1
224593,224594,224595,1,1
224593,224595,224596,1,2
224593,224594,224596,2,1
224593,224595,224596,1,2
224593,224595,224597,2,2
224593,224595,224596,1,2
224594,224596,224597,1,2
224593,224595,224596,1,2
224593,224596,224597,1,3
224593,224593,224596,3,0
224593,224595,224597,2,2
224593,224595,224596,1,2
224593,224595,224596,1,2
224594,224596,224597,1,2
224593,224595,224596,1,2
224593,224595,224596,1,2
224593,224594,224596,2,1
224593,224595,224596,1,2
224594,224596,224597,1,2
224593,224594,224596,2,1
224593,224595,224596,1,2
224593,224596,224597,1,3
224593,224596,224598,2,3
224594,224596,224598,2,2
224593,224596,224598,2,3
224594,224596,224598,2,2
224594,224596,224597,1,2
224594,224596,224598,2,2
224594,224596,224598,2,2
224593,224596,224598,2,3
224594,224596,224598,2,2
224594,224596,224598,2,2
224593,224596,224598,2,3
224593,224596,224598,2,3
224594,224596,224597,1,2
224594,224596,224598,2,2
224593,224596,224598,2,3
224594,224596,224598,2,2
224594,224596,224598,2,2
224593,224596,224598,2,3
224594,224596,224597,1,2
224594,224596,224598,2,2
224593,224596,224598,2,3
224594,224596,224598,2,2
224594,224596,224598,2,2
224594,224596,224598,2,2
224594,224596,224598,2,2
224594,224596,224598,2,2
224594,224596,224598,2,2
224594,224596,224598,2,2
224593,224596,224598,2,3
224594,224596,224599,3,2
224594,224596,224598,2,2
224594,224596,224598,2,2
224593,224596,224598,2,3
224594,224596,224598,2,2
224594,224596,224599,3,2
224594,224596,224598,2,2
224593,224596,224598,2,3
224594,224596,224599,3,2
224594,224596,224598,2,2
224594,224596,224599,3,2
224593,224596,224598,2,3
224594,224596,224598,2,2
224594,224596,224598,2,2
224539,224539,224600,61,0
224540,224540,224601,61,0
224557,224557,224614,57,0
224560,224560,224618,58,0
224642,224642,224643,1,0
224642,224642,224643,1,0
224642,224642,224643,1,0
224642,224642,224643,1,0
224642,224642,224643,1,0
224642,224642,224643,1,0
224642,224642,224643,1,0
224642,224642,224643,1,0
224642,224642,224643,1,0
224642,224642,224644,2,0
224642,224642,224643,1,0
224642,224642,224643,1,0
224642,224642,224643,1,0
224642,224642,224643,1,0
224642,224642,224644,2,0
224642,224642,224643,1,0
224642,224642,224643,1,0
224642,224642,224643,1,0
224642,224642,224644,2,0
224642,224642,224643,1,0
224642,224642,224643,1,0
224642,224642,224644,2,0
224642,224642,224643,1,0
224642,224642,224644,2,0
224642,224642,224644,2,0
224642,224642,224644,2,0
224642,224642,224643,1,0
224642,224642,224643,1,0
224642,224642,224644,2,0
224642,224642,224644,2,0
224642,224642,224644,2,0
224642,224642,224644,2,0
224642,224642,224643,1,0
224642,224642,224643,1,0
224642,224642,224644,2,0
224642,224642,224644,2,0
224642,224642,224644,2,0
224642,224642,224644,2,0
224642,224642,224643,1,0
224642,224642,224643,1,0
224642,224642,224644,2,0
224642,224642,224644,2,0
224642,224642,224643,1,0
224642,224642,224644,2,0
224642,224642,224644,2,0
224642,224642,224644,2,0
224642,224642,224644,2,0
224642,224642,224644,2,0
224642,224642,224644,2,0
224642,224642,224644,2,0
224642,224642,224644,2,0
224642,224642,224644,2,0
224642,224642,224644,2,0
224642,224642,224644,2,0
224642,224642,224644,2,0
224642,224642,224644,2,0
224642,224642,224643,1,0
224642,224642,224643,1,0
224642,224642,224643,1,0
224642,224642,224644,2,0
224642,224642,224644,2,0
224642,224642,224643,1,0
224642,224642,224645,3,0
224642,224642,224644,2,0
224642,224642,224644,2,0
224642,224642,224644,2,0
224642,224643,224645,2,1
224642,224642,224645,3,0
224642,224642,224644,2,0
224642,224643,224645,2,1
224642,224644,224645,1,2
224642,224643,224645,2,1
224642,224643,224645,2,1
224642,224642,224644,2,0
224642,224643,224645,2,1
224642,224642,224644,2,0
224642,224643,224645,2,1
224642,224642,224644,2,0
224642,224643,224645,2,1
224642,224642,224644,2,0
224642,224643,224645,2,1
224642,224643,224645,2,1
224642,224642,224645,3,0
224642,224643,224645,2,1
224642,224643,224645,2,1
224642,224643,224645,2,1
224642,224643,224645,2,1
224642,224644,224646,2,2
224642,224644,224646,2,2
224642,224644,224646,2,2
224642,224644,224646,2,2
224642,224644,224646,2,2
224642,224643,224646,3,1
224642,224644,224646,2,2
224642,224644,224646,2,2
224642,224645,224646,1,3
224594,224596,224646,50,2
224642,224644,224646,2,2
224642,224644,224646,2,2
224642,224645,224646,1,3
224642,224644,224646,2,2
224642,224644,224646,2,2
224642,224644,224646,2,2
224642,224645,224646,1,3
224642,224644,224646,2,2
224642,224644,224646,2,2
224642,224644,224646,2,2
224642,224644,224646,2,2
224642,224644,224646,2,2
224642,224644,224646,2,2
224642,224645,224646,1,3
224642,224644,224646,2,2
224642,224644,224646,2,2
224642,224644,224647,3,2
224642,224644,224646,2,2
224642,224645,224646,1,3
224642,224644,224646,2,2
224642,224644,224646,2,2
224642,224644,224647,3,2
224642,224645,224646,1,3
224642,224644,224646,2,2
224642,224644,224646,2,2
224642,224645,224646,1,3
224642,224645,224646,1,3
224642,224644,224646,2,2
224642,224644,224646,2,2
224642,224645,224646,1,3
224642,224645,224647,2,3
224642,224645,224646,1,3
224642,224644,224647,3,2
224642,224644,224647,3,2
224690,224690,224691,1,0
224690,224690,224691,1,0
224690,224690,224691,1,0
224690,224690,224691,1,0
224690,224690,224691,1,0
224690,224690,224691,1,0
224690,224690,224691,1,0
224690,224690,224691,1,0
224690,224690,224691,1,0
224690,224690,224691,1,0
224642,224645,224691,46,3
224690,224690,224692,2,0
224690,224690,224692,2,0
224690,224690,224692,2,0
224690,224690,224692,2,0
224690,224690,224692,2,0
224690,224690,224692,2,0
224690,224690,224692,2,0
224690,224690,224692,2,0
224690,224690,224692,2,0
224690,224690,224692,2,0
224690,224690,224692,2,0
224690,224690,224692,2,0
224690,224690,224692,2,0
224690,224690,224692,2,0
224690,224690,224692,2,0
224690,224690,224692,2,0
224690,224690,224692,2,0
224690,224690,224692,2,0
224690,224690,224692,2,0
224690,224690,224692,2,0
224690,224690,224692,2,0
224690,224690,224692,2,0
224690,224690,224692,2,0
224690,224690,224692,2,0
224690,224690,224692,2,0
224690,224690,224692,2,0
224690,224690,224692,2,0
224690,224690,224692,2,0
224690,224690,224692,2,0
224690,224690,224692,2,0
224690,224690,224692,2,0
224690,224690,224692,2,0
224690,224690,224692,2,0
224690,224691,224692,1,1
224690,224690,224692,2,0
224690,224690,224692,2,0
224690,224690,224692,2,0
224690,224690,224692,2,0
224690,224690,224693,3,0
224690,224690,224692,2,0
224690,224690,224692,2,0
224690,224690,224692,2,0
224690,224690,224692,2,0
224690,224690,224692,2,0
224690,224690,224692,2,0
224690,224690,224693,3,0
224690,224690,224693,3,0
224690,224692,224693,1,2
224690,224692,224693,1,2
224690,224690,224693,3,0
224690,224690,224693,3,0
224690,224690,224693,3,0
224690,224690,224693,3,0
224690,224690,224693,3,0
224690,224692,224693,1,2
224690,224690,224693,3,0
224690,224690,224693,3,0
224690,224690,224693,3,0
224690,224690,224693,3,0
224690,224692,224693,1,2
224690,224690,224693,3,0
224690,224690,224693,3,0
224690,224691,224693,2,1
224690,224690,224693,3,0
224690,224690,224693,3,0
224690,224690,224693,3,0
224690,224692,224693,1,2
224690,224690,224693,3,0
224690,224690,224693,3,0
224690,224692,224694,2,2
224690,224690,224693,3,0
224690,224692,224693,1,2
224690,224690,224693,3,0
224690,224690,224693,3,0
224690,224692,224693,1,2
224690,224690,224693,3,0
224690,224690,224693,3,0
224690,224692,224693,1,2
224690,224692,224694,2,2
224690,224693,224694,1,3
224690,224693,224694,1,3
224690,224693,224695,2,3
224690,224693,224695,2,3
224690,224693,224694,1,3
224690,224693,224694,1,3
224690,224693,224695,2,3
224690,224693,224694,1,3
224690,224693,224694,1,3
224690,224693,224694,1,3
224690,224693,224694,1,3
224690,224693,224694,1,3
224690,224693,224695,2,3
224738,224738,224739,1,0
224738,224738,224739,1,0
224738,224738,224739,1,0
224738,224738,224739,1,0
224691,224693,224739,46,2
224738,224738,224739,1,0
224738,224738,224739,1,0
224738,224738,224739,1,0
224738,224738,224739,1,0
224738,224738,224740,2,0
224738,224738,224741,3,0
224738,224738,224740,2,0
224738,224738,224740,2,0
224738,224738,224740,2,0
224738,224739,224740,1,1
224738,224738,224740,2,0
224738,224738,224740,2,0
224738,224738,224740,2,0
224738,224739,224741,2,1
224738,224739,224740,1,1
224738,224739,224740,1,1
224738,224738,224741,3,0
224738,224738,224740,2,0
224738,224738,224740,2,0
224738,224738,224740,2,0
224738,224738,224740,2,0
224738,224738,224740,2,0
224738,224739,224741,2,1
224738,224739,224740,1,1
224738,224738,224740,2,0
224738,224738,224740,2,0
224738,224738,224740,2,0
224738,224739,224741,2,1
224738,224739,224740,1,1
224738,224738,224740,2,0
224738,224738,224740,2,0
224738,224739,224741,2,1
224738,224738,224740,2,0
224738,224738,224740,2,0
224738,224738,224741,3,0
224738,224738,224741,3,0
224738,224738,224740,2,0
224738,224738,224740,2,0
224738,224739,224740,1,1
224738,224738,224740,2,0
224738,224738,224740,2,0
224738,224738,224740,2,0
224738,224739,224741,2,1
224738,224739,224740,1,1
224738,224738,224740,2,0
224738,224738,224740,2,0
224738,224738,224740,2,0
224738,224739,224741,2,1
224738,224739,224741,2,1
224738,224739,224741,2,1
224738,224739,224741,2,1
224738,224739,224741,2,1
224738,224738,224741,3,0
224738,224739,224741,2,1
224738,224739,224741,2,1
224738,224738,224741,3,0
224738,224739,224741,2,1
224738,224739,224741,2,1
224738,224738,224741,3,0
224738,224739,224741,2,1
224738,224739,224741,2,1
224738,224739,224741,2,1
224738,224739,224741,2,1
224738,224739,224741,2,1
224784,224784,224785,1,0
224784,224784,224785,1,0
224784,224784,224786,2,0
224784,224784,224785,1,0
224784,224784,224785,1,0
224784,224784,224785,1,0
224784,224784,224785,1,0
224784,224784,224785,1,0
224739,224739,224785,46,0
224784,224784,224785,1,0
224784,224784,224786,2,0
224784,224784,224785,1,0
224784,224784,224786,2,0
224784,224784,224785,1,0
224784,224784,224786,2,0
224784,224784,224785,1,0
224784,224784,224786,2,0
224784,224784,224786,2,0
224784,224784,224786,2,0
224784,224784,224785,1,0
224784,224784,224786,2,0
224784,224784,224785,1,0
224784,224784,224786,2,0
224784,224784,224785,1,0
224784,224784,224786,2,0
224784,224784,224786,2,0
224784,224784,224786,2,0
224784,224784,224786,2,0
224784,224784,224786,2,0
224784,224784,224786,2,0
224784,224784,224786,2,0
224784,224784,224786,2,0
224784,224784,224786,2,0
224784,224784,224786,2,0
224784,224784,224786,2,0
224816,224816,224817,1,0
224816,224816,224817,1,0
224816,224816,224818,2,0
224816,224816,224818,2,0
224816,224816,224817,1,0
224816,224816,224818,2,0
224816,224816,224818,2,0
224816,224816,224818,2,0
224816,224816,224818,2,0
224816,224816,224818,2,0
224816,224816,224818,2,0
224816,224816,224818,2,0
224816,224816,224818,2,0
224816,224816,224817,1,0
224816,224816,224818,2,0
224816,224816,224818,2,0
224816,224816,224818,2,0
224816,224816,224818,2,0
224816,224816,224817,1,0
224816,224816,224818,2,0
224816,224816,224818,2,0
224816,224816,224817,1,0
224816,224816,224818,2,0
224816,224816,224818,2,0
224816,224816,224819,3,0
224816,224816,224818,2,0
224816,224816,224819,3,0
224816,224816,224819,3,0
224816,224816,224818,2,0
224816,224816,224819,3,0
224816,224816,224818,2,0
224816,224816,224819,3,0
224816,224816,224818,2,0
224816,224816,224818,2,0
224834,224834,224835,1,0
224834,224834,224835,1,0
224834,224834,224835,1,0
224834,224834,224835,1,0
224834,224834,224836,2,0
224834,224834,224836,2,0
224834,224834,224836,2,0
224834,224834,224836,2,0
224834,224834,224836,2,0
224834,224834,224835,1,0
224834,224834,224836,2,0
224834,224834,224836,2,0
224834,224834,224836,2,0
224834,224834,224836,2,0
224834,224834,224835,1,0
224834,224834,224836,2,0
224834,224834,224836,2,0
224834,224834,224836,2,0
224834,224834,224836,2,0
224834,224834,224835,1,0
224834,224834,224836,2,0
224834,224834,224836,2,0
224834,224834,224836,2,0
224834,224834,224836,2,0
224834,224834,224836,2,0
224834,224834,224836,2,0
224834,224834,224836,2,0
224834,224834,224836,2,0
224834,224834,224836,2,0
224834,224834,224836,2,0
224834,224834,224836,2,0
224834,224834,224836,2,0
224834,224834,224836,2,0
224784,224784,224837,53,0
224834,224834,224837,3,0
224852,224852,224853,1,0
224852,224852,224853,1,0
224852,224852,224853,1,0
224852,224852,224853,1,0
224852,224852,224854,2,0
224852,224852,224854,2,0
224852,224852,224854,2,0
224852,224852,224853,1,0
224852,224852,224854,2,0
224852,224852,224853,1,0
224852,224852,224854,2,0
224852,224852,224853,1,0
224852,224852,224854,2,0
224852,224852,224853,1,0
224852,224852,224853,1,0
224852,224852,224854,2,0
224852,224852,224854,2,0
224852,224852,224854,2,0
224852,224852,224854,2,0
224852,224852,224854,2,0
224852,224852,224854,2,0
224852,224852,224854,2,0
224852,224852,224853,1,0
224852,224852,224854,2,0
224852,224852,224854,2,0
224852,224852,224854,2,0
224852,224852,224854,2,0
224852,224852,224854,2,0
224852,224852,224854,2,0
224852,224852,224854,2,0
224852,224852,224854,2,0
224852,224852,224854,2,0
224852,224852,224855,3,0
224852,224852,224854,2,0
224817,224817,224864,47,0
224869,224870,224871,1,1
224869,224870,224871,1,1
224869,224870,224871,1,1
224869,224870,224872,2,1
224869,224870,224872,2,1
224869,224870,224871,1,1
224869,224870,224871,1,1
224869,224870,224871,1,1
224869,224870,224872,2,1
224869,224870,224871,1,1
224869,224870,224871,1,1
224869,224870,224871,1,1
224869,224870,224871,1,1
224869,224870,224872,2,1
224869,224870,224871,1,1
224869,224870,224871,1,1
224869,224870,224872,2,1
224869,224870,224871,1,1
224869,224870,224871,1,1
224869,224870,224872,2,1
224869,224870,224872,2,1
224869,224870,224872,2,1
224869,224870,224872,2,1
224869,224870,224872,2,1
224869,224870,224872,2,1
224869,224870,224872,2,1
224869,224870,224872,2,1
224869,224870,224872,2,1
224869,224870,224872,2,1
224869,224870,224872,2,1
224869,224870,224872,2,1
224869,224870,224872,2,1
224852,224852,224903,51,0
224905,224905,224906,1,0
224905,224905,224906,1,0
224905,224905,224907,2,0
224905,224905,224906,1,0
224905,224905,224906,1,0
224905,224905,224906,1,0
224905,224905,224906,1,0
224905,224905,224907,2,0
224905,224905,224906,1,0
224905,224905,224907,2,0
224905,224905,224906,1,0
224905,224905,224907,2,0
224905,224905,224906,1,0
224905,224905,224907,2,0
224905,224905,224907,2,0
224905,224905,224907,2,0
224905,224905,224906,1,0
224905,224905,224906,1,0
224905,224905,224907,2,0
224905,224905,224907,2,0
224905,224905,224907,2,0
224905,224905,224907,2,0
224905,224905,224907,2,0
224905,224905,224907,2,0
224905,224905,224907,2,0
224905,224905,224907,2,0
224905,224905,224907,2,0
224905,224905,224907,2,0
224905,224905,224907,2,0
224905,224905,224907,2,0
224905,224905,224907,2,0
224905,224905,224907,2,0
224905,224905,224907,2,0
224887,224887,224933,46,0
224935,224935,224936,1,0
224935,224935,224936,1,0
224935,224935,224937,2,0
224935,224935,224936,1,0
224935,224935,224937,2,0
224935,224935,224936,1,0
224935,224935,224937,2,0
224935,224935,224936,1,0
224935,224935,224937,2,0
224935,224935,224937,2,0
224935,224935,224936,1,0
224935,224935,224937,2,0
224935,224935,224937,2,0
224935,224935,224936,1,0
224935,224935,224937,2,0
224935,224935,224937,2,0
224935,224935,224937,2,0
224935,224935,224937,2,0
224935,224935,224936,1,0
224935,224935,224936,1,0
224935,224935,224937,2,0
224935,224935,224937,2,0
224935,224935,224936,1,0
224935,224935,224937,2,0
224935,224935,224937,2,0
224935,224935,224937,2,0
224935,224935,224937,2,0
224935,224935,224937,2,0
224935,224935,224937,2,0
224935,224935,224937,2,0
224935,224935,224937,2,0
224935,224935,224937,2,0
224935,224935,224937,2,0
224935,224935,224937,2,0
224907,224907,224955,48,0
224905,224905,224957,52,0
224957,224957,224958,1,0
224957,224957,224958,1,0
224957,224957,224958,1,0
224957,224957,224958,1,0
224957,224957,224959,2,0
224957,224957,224959,2,0
224957,224957,224959,2,0
224957,224957,224958,1,0
224957,224957,224959,2,0
224957,224957,224959,2,0
224957,224957,224959,2,0
224957,224957,224959,2,0
224957,224957,224959,2,0
224957,224957,224958,1,0
224957,224957,224959,2,0
224957,224957,224958,1,0
224957,224957,224959,2,0
224957,224957,224959,2,0
224957,224957,224959,2,0
224957,224957,224959,2,0
224959,224959,224960,1,0
224904,224904,224959,55,0
224957,224957,224959,2,0
224957,224957,224959,2,0
224957,224957,224959,2,0
224959,224959,224960,1,0
224957,224957,224959,2,0
224957,224957,224959,2,0
224957,224957,224959,2,0
224957,224957,224959,2,0
224959,224959,224960,1,0
224957,224957,224959,2,0
224957,224957,224959,2,0
224957,224957,224959,2,0
224959,224959,224961,2,0
224959,224959,224961,2,0
224959,224959,224961,2,0
224959,224959,224961,2,0
224959,224959,224961,2,0
224959,224959,224961,2,0
224959,224959,224961,2,0
224959,224959,224960,1,0
224959,224959,224961,2,0
224959,224959,224961,2,0
224959,224959,224961,2,0
224959,224959,224960,1,0
224959,224959,224961,2,0
224959,224959,224961,2,0
224959,224959,224961,2,0
224959,224959,224961,2,0
224959,224959,224961,2,0
224959,224959,224961,2,0
224959,224959,224961,2,0
224959,224959,224961,2,0
224959,224959,224961,2,0
224959,224959,224961,2,0
224908,224908,224962,54,0
224959,224959,224961,2,0
224959,224959,224961,2,0
224959,224959,224961,2,0
224959,224959,224961,2,0
224961,224961,224962,1,0
224959,224959,224961,2,0
224961,224961,224962,1,0
224959,224959,224961,2,0
224959,224959,224961,2,0
224959,224959,224961,2,0
224961,224961,224963,2,0
224961,224961,224963,2,0
224961,224961,224963,2,0
224961,224961,224963,2,0
224961,224961,224963,2,0
224961,224961,224963,2,0
224961,224961,224962,1,0
224961,224961,224963,2,0
224961,224961,224963,2,0
224961,224961,224963,2,0
224961,224961,224963,2,0
224961,224961,224964,3,0
224961,224961,224964,3,0
224961,224961,224964,3,0
224961,224961,224963,2,0
224963,224963,224964,1,0
224961,224961,224963,2,0
224961,224961,224964,3,0
224961,224961,224963,2,0
224961,224961,224963,2,0
224963,224963,224964,1,0
224961,224961,224963,2,0
224963,224963,224964,1,0
224961,224961,224963,2,0
224961,224961,224964,3,0
224961,224961,224963,2,0
224963,224963,224964,1,0
224961,224961,224964,3,0
224961,224961,224963,2,0
224961,224961,224963,2,0
224963,224963,224964,1,0
224961,224961,224963,2,0
224961,224961,224964,3,0
224961,224961,224963,2,0
224961,224961,224964,3,0
224961,224961,224964,3,0
224961,224961,224963,2,0
224963,224963,224965,2,0
224963,224963,224965,2,0
224963,224963,224965,2,0
224963,224963,224965,2,0
224963,224963,224964,1,0
224963,224963,224965,2,0
224963,224963,224965,2,0
224963,224963,224965,2,0
224963,224963,224965,2,0
224963,224963,224965,2,0
224963,224963,224965,2,0
224963,224963,224965,2,0
224963,224963,224965,2,0
224963,224963,224965,2,0
224963,224963,224965,2,0
224963,224963,224965,2,0
224963,224963,224965,2,0
224963,224963,224965,2,0
224963,224963,224965,2,0
224963,224963,224965,2,0
224957,224957,224965,8,0
224957,224957,224965,8,0
224963,224963,224965,2,0
224963,224963,224965,2,0
224963,224963,224965,2,0
224963,224963,224965,2,0
224963,224963,224965,2,0
224963,224963,224966,3,0
224963,224963,224966,3,0
224963,224963,224966,3,0
224963,224963,224965,2,0
224906,224906,224969,63,0
224957,224957,224972,15,0
224959,224959,224972,13,0
224957,224957,224974,17,0
224929,224929,224983,54,0
224934,224934,224983,49,0
224931,224931,224983,52,0
224984,224984,224985,1,0
224984,224984,224985,1,0
224984,224984,224985,1,0
224984,224984,224985,1,0
224984,224984,224985,1,0
224984,224984,224985,1,0
224984,224984,224986,2,0
224984,224984,224986,2,0
224984,224984,224986,2,0
224984,224984,224986,2,0
224984,224984,224986,2,0
224984,224984,224986,2,0
224984,224984,224986,2,0
224984,224984,224986,2,0
224984,224984,224986,2,0
224984,224984,224986,2,0
224984,224984,224986,2,0
224984,224984,224986,2,0
224984,224984,224985,1,0
224984,224984,224986,2,0
224984,224984,224986,2,0
224984,224984,224986,2,0
224984,224984,224986,2,0
224984,224984,224985,1,0
224984,224984,224985,1,0
224984,224984,224986,2,0
224984,224984,224986,2,0
224984,224985,224986,1,1
224984,224984,224986,2,0
224984,224984,224986,2,0
224984,224984,224986,2,0
224984,224984,224986,2,0
224984,224984,224986,2,0
224984,224984,224986,2,0
224984,224984,224986,2,0
224984,224984,224986,2,0
224984,224984,224986,2,0
224984,224984,224986,2,0
224984,224984,224986,2,0
224984,224984,224986,2,0
224984,224984,224986,2,0
224984,224984,224986,2,0
224984,224984,224986,2,0
224984,224984,224986,2,0
224984,224984,224986,2,0
224984,224984,224986,2,0
224984,224984,224985,1,0
224984,224984,224986,2,0
224984,224984,224986,2,0
224984,224984,224986,2,0
224984,224984,224986,2,0
224984,224984,224986,2,0
224984,224985,224986,1,1
224984,224984,224986,2,0
224984,224984,224986,2,0
224984,224984,224986,2,0
224930,224930,224986,56,0
224984,224984,224986,2,0
224984,224984,224986,2,0
224984,224984,224987,3,0
224984,224984,224986,2,0
224984,224985,224987,2,1
224984,224984,224986,2,0
224984,224984,224987,3,0
224984,224984,224986,2,0
224984,224984,224986,2,0
224984,224984,224986,2,0
224984,224984,224987,3,0
224984,224985,224987,2,1
224984,224984,224987,3,0
224984,224985,224987,2,1
224984,224987,224988,1,3
224984,224985,224987,2,1
224984,224986,224987,1,2
224984,224986,224988,2,2
224984,224986,224987,1,2
224984,224986,224988,2,2
224984,224986,224988,2,2
224984,224986,224988,2,2
224984,224986,224988,2,2
224984,224986,224988,2,2
224984,224986,224988,2,2
224984,224986,224988,2,2
224984,224986,224988,2,2
224984,224986,224988,2,2
224984,224986,224988,2,2
224984,224986,224989,3,2
224984,224987,224988,1,3
224984,224987,224988,1,3
224984,224987,224988,1,3
224984,224987,224988,1,3
224984,224987,224989,2,3
224984,224986,224988,2,2
224984,224986,224988,2,2
224984,224987,224988,1,3
224984,224987,224988,1,3
224984,224987,224988,1,3
224984,224987,224988,1,3
224984,224987,224988,1,3
224984,224987,224988,1,3
224984,224987,224988,1,3
224984,224987,224988,1,3
224984,224987,224989,2,3
224984,224987,224988,1,3
224984,224987,224989,2,3
224984,224987,224988,1,3
224984,224987,224988,1,3
224984,224987,224989,2,3
224984,224987,224989,2,3
224984,224986,224988,2,2
224984,224987,224988,1,3
224984,224987,224988,1,3
224984,224987,224988,1,3
224984,224987,224989,2,3
224984,224987,224988,1,3
224984,224987,224989,2,3
224984,224987,224989,2,3
224984,224987,224989,2,3
224984,224986,224989,3,2
224984,224986,224989,3,2
224984,224987,224989,2,3
224984,224988,224989,1,4
224984,224988,224989,1,4
224984,224986,224989,3,2
224984,224988,224989,1,4
224984,224988,224989,1,4
224984,224988,224989,1,4
224984,224988,224989,1,4
224984,224987,224989,2,3
224984,224984,224990,6,0
224984,224984,224990,6,0
224984,224984,224989,5,0
224984,224984,224989,5,0
224933,224933,224992,59,0
224928,224928,224993,65,0
224935,224935,224997,62,0
224984,224984,225003,19,0
224938,224938,225002,64,0
224960,224960,225009,49,0
224937,224937,225012,75,0
224964,224964,225018,54,0
224958,224958,225025,67,0
224962,224962,225031,69,0
224985,224988,225045,57,3
225047,225048,225049,1,1
225047,225048,225049,1,1
225048,225048,225049,1,0
225047,225048,225049,1,1
225047,225048,225049,1,1
225048,225048,225049,1,0
225047,225048,225049,1,1
225047,225048,225050,2,1
225048,225048,225049,1,0
225048,225048,225050,2,0
225047,225048,225050,2,1
225047,225048,225049,1,1
225048,225048,225049,1,0
225048,225048,225049,1,0
225047,225048,225049,1,1
225047,225048,225050,2,1
225047,225048,225050,2,1
225048,225048,225049,1,0
225048,225048,225049,1,0
225047,225048,225050,2,1
225047,225048,225050,2,1
225047,225048,225049,1,1
225048,225048,225049,1,0
225048,225048,225050,2,0
225048,225048,225049,1,0
225047,225048,225050,2,1
225047,225048,225050,2,1
225048,225048,225049,1,0
225048,225048,225050,2,0
225048,225048,225049,1,0
225048,225048,225050,2,0
225047,225048,225050,2,1
225047,225048,225050,2,1
225048,225048,225049,1,0
225048,225048,225050,2,0
225048,225048,225050,2,0
225048,225048,225050,2,0
225047,225048,225049,1,1
225047,225048,225050,2,1
225047,225048,225049,1,1
225048,225048,225050,2,0
225048,225048,225050,2,0
225048,225048,225049,1,0
225047,225048,225050,2,1
225047,225048,225050,2,1
225047,225048,225050,2,1
225048,225048,225049,1,0
225048,225048,225049,1,0
225048,225048,225050,2,0
225048,225048,225049,1,0
225047,225048,225050,2,1
225047,225048,225050,2,1
225048,225048,225049,1,0
225048,225048,225050,2,0
225048,225048,225050,2,0
225048,225048,225049,1,0
225047,225048,225049,1,1
225047,225048,225050,2,1
225047,225048,225049,1,1
225048,225048,225049,1,0
225048,225048,225050,2,0
225048,225048,225050,2,0
225048,225048,225049,1,0
225048,225049,225050,1,1
225048,225048,225050,2,0
225048,225048,225050,2,0
225048,225048,225050,2,0
225048,225049,225050,1,1
225048,225049,225050,1,1
225048,225049,225051,2,1
225048,225048,225050,2,0
225048,225048,225051,3,0
225048,225048,225050,2,0
225048,225048,225050,2,0
225048,225048,225050,2,0
225048,225048,225051,3,0
225048,225048,225050,2,0
225048,225048,225050,2,0
225048,225048,225050,2,0
225048,225049,225051,2,1
225048,225049,225051,2,1
225048,225050,225051,1,2
225048,225050,225052,2,2
225048,225049,225051,2,1
225048,225050,225051,1,2
225048,225049,225051,2,1
225048,225050,225051,1,2
225048,225049,225051,2,1
225048,225050,225052,2,2
225048,225049,225051,2,1
225048,225050,225051,1,2
225048,225050,225051,1,2
225048,225049,225051,2,1
225048,225050,225051,1,2
225048,225050,225052,2,2
225048,225050,225052,2,2
225048,225050,225051,1,2
225048,225050,225051,1,2
225048,225050,225051,1,2
225048,225050,225051,1,2
225048,225050,225051,1,2
225048,225050,225051,1,2
225048,225051,225052,1,3
225048,225051,225052,1,3
225048,225051,225052,1,3
225048,225050,225052,2,2
225048,225051,225052,1,3
225048,225051,225053,2,3
225048,225051,225053,2,3
225048,225051,225052,1,3
225048,225050,225052,2,2
225048,225051,225052,1,3
225049,225052,225053,1,3
225048,225050,225052,2,2
225048,225051,225052,1,3
225048,225051,225053,2,3
225048,225051,225053,2,3
225048,225050,225052,2,2
225048,225051,225053,2,3
225048,225051,225053,2,3
225048,225051,225053,2,3
225048,225051,225053,2,3
225048,225051,225053,2,3
225048,225051,225052,1,3
225048,225051,225053,2,3
225048,225051,225053,2,3
225048,225051,225053,2,3
225048,225051,225052,1,3
225048,225051,225052,1,3
225048,225051,225052,1,3
225048,225051,225053,2,3
225049,225052,225053,1,3
225048,225051,225053,2,3
225048,225051,225052,1,3
225048,225051,225052,1,3
225048,225051,225053,2,3
225049,225052,225053,1,3
225048,225051,225053,2,3
225048,225051,225053,2,3
225048,225051,225053,2,3
225048,225051,225053,2,3
225048,225051,225053,2,3
225048,225051,225053,2,3
225048,225051,225053,2,3
225048,225051,225053,2,3
225048,225051,225053,2,3
225048,225052,225053,1,4
225048,225052,225053,1,4
225048,225052,225053,1,4
225048,225052,225053,1,4
225048,225051,225053,2,3
225048,225051,225053,2,3
225048,225051,225053,2,3
225048,225051,225053,2,3
225048,225051,225053,2,3
225048,225052,225053,1,4
225048,225052,225053,1,4
225049,225052,225053,1,3
225048,225051,225053,2,3
225048,225051,225053,2,3
225049,225052,225053,1,3
225049,225052,225053,1,3
225048,225051,225053,2,3
225049,225052,225053,1,3
225049,225052,225054,2,3
225049,225052,225053,1,3
225049,225052,225054,2,3
225049,225052,225054,2,3
225049,225052,225054,2,3
225049,225052,225054,2,3
225049,225052,225054,2,3
225049,225052,225054,2,3
225049,225052,225054,2,3
225049,225052,225054,2,3
225049,225052,225054,2,3
225049,225052,225054,2,3
225049,225052,225054,2,3
225049,225052,225054,2,3
225049,225052,225054,2,3
225049,225052,225054,2,3
225049,225052,225054,2,3
225049,225053,225054,1,4
225049,225053,225054,1,4
225049,225053,225054,1,4
225049,225053,225054,1,4
225049,225053,225054,1,4
225049,225053,225054,1,4
225049,225053,225054,1,4
225049,225053,225054,1,4
225049,225053,225054,1,4
225049,225052,225054,2,3
225050,225053,225112,59,3
225124,225124,225125,1,0
225124,225124,225125,1,0
225124,225124,225125,1,0
225124,225124,225125,1,0
225124,225124,225125,1,0
225124,225124,225125,1,0
225124,225124,225125,1,0
225124,225124,225125,1,0
225124,225124,225126,2,0
225124,225124,225126,2,0
225124,225124,225125,1,0
225124,225124,225126,2,0
225124,225124,225126,2,0
225124,225124,225125,1,0
225124,225124,225126,2,0
225124,225124,225125,1,0
225124,225124,225126,2,0
225124,225124,225126,2,0
225124,225124,225126,2,0
225124,225124,225125,1,0
225124,225124,225126,2,0
225124,225124,225126,2,0
225124,225124,225125,1,0
225124,225124,225126,2,0
225124,225124,225126,2,0
225124,225124,225125,1,0
225124,225124,225125,1,0
225124,225124,225126,2,0
225124,225124,225125,1,0
225124,225124,225126,2,0
225124,225124,225126,2,0
225124,225124,225126,2,0
225124,225124,225125,1,0
225124,225124,225125,1,0
225124,225124,225126,2,0
225124,225124,225126,2,0
225124,225124,225125,1,0
225124,225124,225126,2,0
225124,225124,225126,2,0
225124,225124,225125,1,0
225124,225124,225126,2,0
225124,225124,225126,2,0
225124,225124,225126,2,0
225124,225124,225126,2,0
225124,225124,225126,2,0
225124,225124,225126,2,0
225124,225124,225125,1,0
225124,225124,225126,2,0
225124,225124,225126,2,0
225124,225124,225126,2,0
225124,225124,225126,2,0
225124,225124,225126,2,0
225124,225124,225126,2,0
225124,225124,225125,1,0
225124,225124,225126,2,0
225124,225124,225126,2,0
225124,225124,225126,2,0
225124,225124,225126,2,0
225124,225124,225126,2,0
225124,225124,225125,1,0
225124,225124,225126,2,0
225124,225124,225126,2,0
225124,225124,225126,2,0
225124,225124,225126,2,0
225124,225124,225126,2,0
225124,225124,225126,2,0
225124,225124,225126,2,0
225124,225124,225126,2,0
225124,225124,225126,2,0
225124,225124,225126,2,0
225124,225124,225126,2,0
225124,225124,225126,2,0
225124,225124,225127,3,0
225124,225124,225126,2,0
225124,225125,225127,2,1
225124,225125,225127,2,1
225124,225124,225127,3,0
225124,225125,225127,2,1
225124,225125,225127,2,1
225124,225126,225127,1,2
225124,225125,225127,2,1
225124,225125,225127,2,1
225124,225124,225127,3,0
225124,225124,225127,3,0
225124,225125,225127,2,1
225124,225125,225127,2,1
225124,225124,225126,2,0
225124,225125,225127,2,1
225124,225126,225128,2,2
225124,225126,225128,2,2
225124,225126,225128,2,2
225124,225126,225128,2,2
225124,225126,225127,1,2
225124,225126,225128,2,2
225124,225126,225128,2,2
225124,225126,225128,2,2
225124,225126,225128,2,2
225124,225126,225128,2,2
225124,225126,225127,1,2
225124,225126,225128,2,2
225124,225126,225173,47,2
225185,225185,225186,1,0
225185,225185,225186,1,0
225185,225185,225186,1,0
225185,225185,225186,1,0
225185,225185,225186,1,0
225185,225185,225186,1,0
225185,225185,225186,1,0
225185,225185,225186,1,0
225185,225185,225186,1,0
225185,225185,225186,1,0
225185,225185,225186,1,0
225185,225185,225187,2,0
225185,225185,225187,2,0
225185,225185,225187,2,0
225185,225185,225187,2,0
225185,225185,225187,2,0
225185,225185,225187,2,0
225185,225185,225187,2,0
225185,225185,225187,2,0
225185,225185,225187,2,0
225185,225185,225187,2,0
225185,225185,225187,2,0
225185,225185,225187,2,0
225185,225185,225187,2,0
225185,225185,225187,2,0
225185,225185,225187,2,0
225185,225185,225187,2,0
225185,225185,225187,2,0
225185,225185,225187,2,0
225185,225185,225187,2,0
225185,225185,225187,2,0
225185,225185,225187,2,0
225185,225185,225187,2,0
225185,225185,225187,2,0
225185,225185,225187,2,0
225185,225185,225187,2,0
225185,225185,225187,2,0
225185,225185,225187,2,0
225185,225185,225187,2,0
225185,225185,225187,2,0
225185,225185,225187,2,0
225185,225185,225187,2,0
225185,225185,225187,2,0
225185,225185,225187,2,0
225185,225185,225187,2,0
225185,225185,225187,2,0
225185,225185,225187,2,0
225185,225185,225187,2,0
225185,225185,225187,2,0
225185,225185,225187,2,0
225185,225185,225187,2,0
225185,225185,225187,2,0
225185,225185,225187,2,0
225185,225185,225187,2,0
225185,225185,225187,2,0
225185,225185,225187,2,0
225185,225185,225187,2,0
225185,225185,225187,2,0
225185,225185,225187,2,0
225185,225185,225188,3,0
225185,225185,225188,3,0
225185,225185,225188,3,0
225185,225185,225188,3,0
225185,225185,225188,3,0
225185,225185,225188,3,0
225185,225185,225188,3,0
225185,225185,225188,3,0
225185,225185,225188,3,0
225231,225231,225232,1,0
225231,225231,225232,1,0
225231,225231,225232,1,0
225231,225231,225232,1,0
225231,225231,225232,1,0
225231,225231,225232,1,0
225231,225231,225232,1,0
225231,225231,225232,1,0
225231,225231,225232,1,0
225231,225231,225232,1,0
225231,225231,225233,2,0
225231,225231,225233,2,0
225231,225231,225233,2,0
225231,225231,225232,1,0
225231,225231,225232,1,0
225231,225231,225233,2,0
225231,225231,225233,2,0
225231,225231,225232,1,0
225231,225231,225232,1,0
225231,225231,225233,2,0
225231,225231,225233,2,0
225231,225231,225232,1,0
225231,225231,225233,2,0
225231,225231,225233,2,0
225231,225231,225232,1,0
225231,225231,225233,2,0
225231,225231,225233,2,0
225231,225231,225233,2,0
225231,225231,225232,1,0
225231,225231,225232,1,0
225231,225231,225233,2,0
225231,225231,225233,2,0
225231,225231,225233,2,0
225186,225186,225234,48,0
225231,225231,225233,2,0
225261,225261,225262,1,0
225261,225261,225262,1,0
225261,225261,225262,1,0
225261,225261,225262,1,0
225261,225261,225262,1,0
225261,225261,225262,1,0
225261,225261,225262,1,0
225261,225261,225262,1,0
225261,225261,225263,2,0
225261,225261,225262,1,0
225261,225261,225263,2,0
225261,225261,225263,2,0
225261,225261,225263,2,0
225261,225261,225263,2,0
225261,225261,225263,2,0
225261,225261,225263,2,0
225261,225261,225263,2,0
225261,225261,225263,2,0
225261,225261,225263,2,0
225261,225261,225263,2,0
225261,225261,225263,2,0
225261,225261,225263,2,0
225261,225261,225263,2,0
225261,225261,225263,2,0
225261,225261,225263,2,0
225261,225261,225263,2,0
225261,225261,225263,2,0
225261,225261,225263,2,0
225261,225261,225263,2,0
225261,225261,225263,2,0
225261,225261,225263,2,0
225261,225261,225263,2,0
225261,225261,225263,2,0
225261,225261,225263,2,0
225278,225278,225279,1,0
225278,225278,225279,1,0
225278,225278,225279,1,0
225278,225278,225279,1,0
225278,225278,225279,1,0
225278,225278,225279,1,0
225278,225278,225279,1,0
225278,225278,225279,1,0
225278,225278,225280,2,0
225278,225278,225280,2,0
225278,225278,225280,2,0
225278,225278,225280,2,0
225278,225278,225280,2,0
225278,225278,225280,2,0
225278,225278,225280,2,0
225278,225278,225280,2,0
225278,225278,225280,2,0
225278,225278,225280,2,0
225278,225278,225280,2,0
225278,225278,225280,2,0
225278,225278,225280,2,0
225278,225278,225280,2,0
225278,225278,225280,2,0
225278,225278,225280,2,0
225278,225278,225280,2,0
225278,225278,225280,2,0
225278,225278,225280,2,0
225278,225278,225280,2,0
225278,225278,225280,2,0
225278,225278,225281,3,0
225278,225278,225281,3,0
225278,225278,225280,2,0
225278,225278,225280,2,0
225278,225278,225281,3,0
225231,225231,225286,55,0
225295,225295,225296,1,0
225295,225295,225296,1,0
225295,225295,225296,1,0
225295,225295,225296,1,0
225295,225295,225296,1,0
225295,225295,225297,2,0
225295,225295,225297,2,0
225295,225295,225296,1,0
225295,225295,225297,2,0
225295,225295,225297,2,0
225295,225295,225297,2,0
225295,225295,225297,2,0
225295,225295,225297,2,0
225295,225295,225297,2,0
225295,225295,225297,2,0
225295,225295,225297,2,0
225295,225295,225297,2,0
225295,225295,225297,2,0
225295,225295,225297,2,0
225295,225295,225297,2,0
225295,225295,225297,2,0
225295,225295,225297,2,0
225295,225295,225297,2,0
225295,225295,225297,2,0
225295,225295,225297,2,0
225295,225295,225297,2,0
225295,225295,225297,2,0
225295,225295,225297,2,0
225295,225295,225297,2,0
225295,225295,225297,2,0
225295,225295,225297,2,0
225295,225295,225297,2,0
225295,225295,225298,3,0
225295,225295,225298,3,0
225261,225261,225311,50,0
225312,225312,225313,1,0
225312,225312,225313,1,0
225312,225312,225313,1,0
225312,225312,225313,1,0
225312,225312,225314,2,0
225312,225312,225314,2,0
225312,225312,225314,2,0
225312,225312,225313,1,0
225312,225312,225314,2,0
225312,225312,225314,2,0
225312,225312,225314,2,0
225312,225312,225314,2,0
225312,225312,225314,2,0
225312,225312,225313,1,0
225312,225312,225314,2,0
225312,225312,225314,2,0
225312,225312,225313,1,0
225312,225312,225314,2,0
225312,225312,225314,2,0
225312,225312,225313,1,0
225312,225312,225314,2,0
225312,225312,225314,2,0
225312,225312,225314,2,0
225312,225312,225314,2,0
225312,225312,225314,2,0
225312,225312,225314,2,0
225312,225312,225314,2,0
225312,225312,225314,2,0
225312,225312,225314,2,0
225312,225312,225314,2,0
225312,225312,225314,2,0
225312,225312,225314,2,0
225312,225312,225314,2,0
225312,225312,225314,2,0
225279,225279,225329,50,0
225345,225346,225347,1,1
225345,225346,225347,1,1
225345,225346,225347,1,1
225345,225346,225348,2,1
225345,225346,225347,1,1
225345,225346,225348,2,1
225345,225346,225347,1,1
225345,225346,225347,1,1
225345,225346,225348,2,1
225345,225346,225347,1,1
225345,225346,225347,1,1
225345,225346,225347,1,1
225345,225346,225347,1,1
225345,225346,225347,1,1
225345,225346,225348,2,1
225345,225346,225347,1,1
225345,225346,225348,2,1
225345,225346,225347,1,1
225345,225346,225348,2,1
225345,225346,225347,1,1
225345,225346,225347,1,1
225345,225346,225348,2,1
225345,225346,225347,1,1
225345,225346,225348,2,1
225345,225346,225348,2,1
225345,225346,225348,2,1
225345,225346,225348,2,1
225345,225346,225347,1,1
225345,225346,225347,1,1
225345,225346,225348,2,1
225312,225312,225368,56,0
225368,225368,225369,1,0
225368,225368,225369,1,0
225368,225368,225369,1,0
225368,225368,225369,1,0
225368,225368,225369,1,0
225368,225368,225370,2,0
225368,225368,225370,2,0
225368,225368,225370,2,0
225368,225368,225370,2,0
225368,225368,225370,2,0
225368,225368,225370,2,0
225368,225368,225370,2,0
225368,225368,225370,2,0
225368,225368,225370,2,0
225368,225368,225370,2,0
225368,225368,225370,2,0
225368,225368,225370,2,0
225368,225368,225370,2,0
225368,225368,225370,2,0
225368,225368,225370,2,0
225368,225368,225370,2,0
225368,225368,225370,2,0
225368,225368,225370,2,0
225368,225368,225370,2,0
225368,225368,225370,2,0
225368,225368,225370,2,0
225368,225368,225370,2,0
225368,225368,225370,2,0
225368,225368,225370,2,0
225368,225368,225371,3,0
225368,225368,225371,3,0
225368,225368,225370,2,0
225368,225368,225371,3,0
225368,225368,225370,2,0
225329,225330,225380,50,1
225389,225389,225390,1,0
225389,225389,225390,1,0
225389,225389,225390,1,0
225389,225389,225390,1,0
225389,225389,225390,1,0
225389,225389,225390,1,0
225389,225389,225390,1,0
225389,225389,225390,1,0
225389,225389,225391,2,0
225389,225389,225391,2,0
225389,225389,225391,2,0
225389,225389,225391,2,0
225389,225389,225391,2,0
225389,225389,225391,2,0
225389,225389,225391,2,0
225389,225389,225391,2,0
225389,225389,225391,2,0
225389,225389,225391,2,0
225389,225389,225391,2,0
225389,225389,225391,2,0
225389,225389,225391,2,0
225389,225389,225391,2,0
225389,225389,225391,2,0
225389,225389,225390,1,0
225389,225389,225391,2,0
225389,225389,225391,2,0
225389,225389,225391,2,0
225389,225389,225391,2,0
225389,225390,225391,1,1
225389,225390,225391,1,1
225389,225390,225391,1,1
225389,225389,225391,2,0
225389,225389,225391,2,0
225346,225346,225392,46,0
225348,225348,225408,60,0
225347,225347,225409,62,0
225410,225410,225411,1,0
225410,225410,225411,1,0
225410,225410,225411,1,0
225410,225410,225411,1,0
225410,225410,225411,1,0
225410,225410,225411,1,0
225410,225410,225411,1,0
225410,225410,225411,1,0
225410,225410,225412,2,0
225410,225410,225412,2,0
225410,225410,225412,2,0
225410,225410,225412,2,0
225410,225410,225412,2,0
225410,225410,225411,1,0
225410,225410,225412,2,0
225410,225410,225412,2,0
225410,225410,225412,2,0
225410,225410,225412,2,0
225410,225410,225412,2,0
225410,225410,225412,2,0
225410,225410,225412,2,0
225410,225410,225412,2,0
225410,225410,225412,2,0
225410,225410,225412,2,0
225410,225410,225412,2,0
225410,225410,225412,2,0
225410,225410,225412,2,0
225410,225410,225412,2,0
225410,225410,225412,2,0
225410,225410,225412,2,0
225410,225410,225412,2,0
225410,225410,225412,2,0
225410,225410,225412,2,0
225410,225410,225413,3,0
225410,225410,225412,2,0
225410,225410,225412,2,0
225410,225410,225412,2,0
225410,225410,225412,2,0
225410,225410,225412,2,0
225410,225410,225412,2,0
225410,225410,225412,2,0
225410,225410,225412,2,0
225410,225410,225412,2,0
225410,225410,225412,2,0
225410,225410,225412,2,0
225410,225410,225412,2,0
225410,225410,225412,2,0
225410,225410,225413,3,0
225410,225410,225412,2,0
225410,225410,225412,2,0
225410,225410,225412,2,0
225410,225410,225412,2,0
225410,225410,225412,2,0
225410,225410,225412,2,0
225410,225410,225412,2,0
225410,225410,225412,2,0
225410,225410,225412,2,0
225410,225410,225412,2,0
225410,225410,225412,2,0
225410,225410,225412,2,0
225410,225410,225412,2,0
225410,225410,225412,2,0
225410,225410,225412,2,0
225410,225410,225412,2,0
225410,225410,225412,2,0
225410,225410,225412,2,0
225410,225410,225412,2,0
225412,225412,225413,1,0
225412,225412,225414,2,0
225412,225412,225414,2,0
225412,225412,225414,2,0
225410,225410,225413,3,0
225412,225412,225413,1,0
225412,225412,225414,2,0
225412,225412,225413,1,0
225412,225412,225414,2,0
225412,225412,225413,1,0
225412,225412,225414,2,0
225412,225412,225413,1,0
225412,225412,225413,1,0
225412,225412,225413,1,0
225412,225412,225413,1,0
225412,225412,225414,2,0
225412,225412,225414,2,0
225412,225412,225414,2,0
225412,225412,225414,2,0
225412,225413,225415,2,1
225412,225413,225414,1,1
225412,225412,225414,2,0
225412,225413,225415,2,1
225412,225413,225415,2,1
225412,225413,225415,2,1
225412,225413,225415,2,1
225412,225413,225415,2,1
225412,225413,225414,1,1
225412,225413,225415,2,1
225412,225413,225415,2,1
225412,225413,225415,2,1
225412,225413,225415,2,1
225412,225413,225415,2,1
225412,225413,225415,2,1
225412,225413,225415,2,1
225367,225368,225417,49,1
225371,225371,225417,46,0
225370,225370,225420,50,0
225366,225366,225423,57,0
225431,225432,225433,1,1
225431,225432,225433,1,1
225431,225432,225433,1,1
225431,225432,225433,1,1
225431,225432,225433,1,1
225431,225432,225434,2,1
225432,225432,225434,2,0
225432,225432,225434,2,0
225432,225432,225434,2,0
225431,225432,225433,1,1
225431,225432,225434,2,1
225432,225432,225433,1,0
225432,225432,225434,2,0
225432,225432,225434,2,0
225431,225432,225434,2,1
225431,225432,225433,1,1
225432,225432,225433,1,0
225432,225432,225434,2,0
225432,225432,225434,2,0
225431,225432,225434,2,1
225431,225432,225434,2,1
225431,225432,225434,2,1
225432,225432,225434,2,0
225432,225432,225434,2,0
225431,225432,225434,2,1
225431,225432,225434,2,1
225431,225432,225434,2,1
225432,225432,225434,2,0
225432,225432,225434,2,0
225432,225432,225434,2,0
225431,225432,225434,2,1
225431,225432,225434,2,1
225431,225432,225434,2,1
225432,225432,225433,1,0
225432,225432,225434,2,0
225431,225432,225434,2,1
225431,225432,225434,2,1
225431,225432,225434,2,1
225432,225432,225433,1,0
225432,225432,225434,2,0
225432,225432,225434,2,0
225431,225432,225434,2,1
225431,225432,225434,2,1
225431,225432,225434,2,1
225432,225432,225434,2,0
225432,225432,225434,2,0
225432,225432,225434,2,0
225431,225432,225434,2,1
225432,225432,225433,1,0
225432,225432,225434,2,0
225432,225432,225434,2,0
225432,225432,225434,2,0
225431,225432,225434,2,1
225431,225432,225434,2,1
225432,225432,225433,1,0
225432,225432,225434,2,0
225432,225432,225434,2,0
225431,225432,225434,2,1
225432,225432,225434,2,0
225431,225432,225435,3,1
225432,225432,225435,3,0
225432,225432,225434,2,0
225432,225432,225434,2,0
225432,225432,225434,2,0
225431,225432,225434,2,1
225393,225393,225438,45,0
225391,225391,225454,63,0
225390,225390,225454,64,0
225410,225411,225463,52,1
225465,225465,225466,1,0
225465,225465,225466,1,0
225465,225465,225466,1,0
225465,225465,225466,1,0
225465,225465,225466,1,0
225465,225465,225466,1,0
225465,225465,225466,1,0
225465,225465,225466,1,0
225465,225465,225467,2,0
225465,225465,225466,1,0
225465,225465,225467,2,0
225465,225465,225467,2,0
225465,225465,225467,2,0
225465,225465,225467,2,0
225465,225465,225466,1,0
225465,225465,225467,2,0
225465,225465,225467,2,0
225465,225465,225467,2,0
225465,225465,225467,2,0
225465,225465,225467,2,0
225465,225465,225466,1,0
225465,225465,225467,2,0
225465,225465,225467,2,0
225465,225465,225467,2,0
225465,225465,225467,2,0
225465,225465,225466,1,0
225465,225465,225467,2,0
225465,225465,225467,2,0
225465,225465,225467,2,0
225465,225465,225466,1,0
225465,225465,225467,2,0
225465,225465,225467,2,0
225465,225465,225467,2,0
225465,225465,225467,2,0
225465,225465,225467,2,0
225465,225465,225467,2,0
225465,225465,225466,1,0
225465,225465,225467,2,0
225465,225465,225467,2,0
225465,225465,225467,2,0
225465,225465,225467,2,0
225465,225465,225467,2,0
225465,225465,225467,2,0
225465,225465,225467,2,0
225465,225465,225467,2,0
225465,225465,225467,2,0
225465,225465,225467,2,0
225465,225465,225467,2,0
225465,225465,225467,2,0
225465,225465,225467,2,0
225465,225465,225467,2,0
225465,225465,225467,2,0
225465,225465,225467,2,0
225465,225465,225467,2,0
225465,225465,225467,2,0
225465,225465,225466,1,0
225465,225465,225467,2,0
225465,225465,225467,2,0
225465,225465,225467,2,0
225465,225465,225466,1,0
225465,225465,225467,2,0
225465,225465,225467,2,0
225465,225465,225467,2,0
225465,225465,225468,3,0
225465,225465,225468,3,0
225465,225466,225468,2,1
225465,225465,225467,2,0
225465,225465,225467,2,0
225465,225465,225468,3,0
225465,225465,225468,3,0
225465,225466,225468,2,1
225465,225465,225468,3,0
225465,225465,225468,3,0
225465,225465,225467,2,0
225465,225466,225468,2,1
225465,225465,225467,2,0
225465,225466,225468,2,1
225465,225465,225467,2,0
225465,225466,225468,2,1
225465,225465,225467,2,0
225465,225466,225468,2,1
225465,225466,225468,2,1
225465,225465,225468,3,0
225465,225465,225467,2,0
225465,225467,225469,2,2
225465,225467,225469,2,2
225465,225467,225469,2,2
225465,225467,225469,2,2
225465,225467,225469,2,2
225465,225466,225469,3,1
225465,225467,225469,2,2
225465,225468,225469,1,3
225465,225468,225469,1,3
225465,225468,225469,1,3
225465,225468,225469,1,3
225465,225467,225469,2,2
225465,225467,225469,2,2
225465,225467,225469,2,2
225465,225467,225469,2,2
225465,225467,225469,2,2
225465,225468,225469,1,3
225412,225413,225471,58,1
225432,225432,225495,63,0
225513,225513,225514,1,0
225513,225513,225514,1,0
225513,225513,225514,1,0
225513,225513,225515,2,0
225513,225513,225514,1,0
225513,225513,225515,2,0
225513,225513,225514,1,0
225513,225514,225515,1,1
225513,225513,225516,3,0
225513,225513,225516,3,0
225513,225514,225515,1,1
225513,225514,225516,2,1
225513,225514,225516,2,1
225513,225513,225515,2,0
225513,225513,225515,2,0
225513,225513,225516,3,0
225513,225514,225515,1,1
225513,225514,225516,2,1
225513,225513,225515,2,0
225513,225513,225515,2,0
225513,225513,225516,3,0
225513,225514,225515,1,1
225513,225514,225516,2,1
225513,225514,225516,2,1
225513,225513,225515,2,0
225513,225513,225516,3,0
225513,225513,225515,2,0
225513,225514,225515,1,1
225513,225514,225516,2,1
225513,225513,225516,3,0
225513,225513,225515,2,0
225513,225514,225515,1,1
225513,225514,225516,2,1
225513,225514,225515,1,1
225513,225513,225516,3,0
225513,225513,225515,2,0
225513,225514,225515,1,1
225513,225514,225515,1,1
225513,225513,225516,3,0
225513,225513,225516,3,0
225513,225513,225515,2,0
225513,225514,225516,2,1
225513,225514,225515,1,1
225513,225513,225516,3,0
225513,225513,225516,3,0
225513,225514,225515,1,1
225513,225514,225515,1,1
225513,225513,225516,3,0
225513,225514,225515,1,1
225513,225514,225516,2,1
225513,225514,225516,2,1
225513,225514,225516,2,1
225513,225514,225515,1,1
225513,225513,225516,3,0
225513,225513,225516,3,0
225513,225513,225515,2,0
225513,225514,225515,1,1
225513,225514,225516,2,1
225513,225514,225516,2,1
225513,225515,225517,2,2
225513,225513,225516,3,0
225513,225514,225516,2,1
225513,225514,225516,2,1
225513,225515,225517,2,2
225513,225514,225516,2,1
225513,225514,225516,2,1
225513,225515,225517,2,2
225513,225513,225516,3,0
225513,225514,225516,2,1
225513,225514,225516,2,1
225513,225515,225517,2,2
225513,225513,225516,3,0
225513,225514,225516,2,1
225513,225514,225516,2,1
225513,225515,225517,2,2
225513,225515,225517,2,2
225513,225514,225516,2,1
225513,225514,225516,2,1
225513,225514,225516,2,1
225513,225514,225516,2,1
225513,225514,225516,2,1
225513,225514,225516,2,1
225513,225515,225516,1,2
225513,225514,225516,2,1
225513,225514,225516,2,1
225513,225514,225516,2,1
225513,225515,225517,2,2
225513,225516,225518,2,3
225513,225516,225518,2,3
225513,225516,225517,1,3
225513,225516,225518,2,3
225513,225516,225518,2,3
225513,225516,225518,2,3
225513,225516,225518,2,3
225513,225516,225518,2,3
225513,225516,225518,2,3
225513,225516,225518,2,3
225513,225516,225518,2,3
225513,225516,225518,2,3
225513,225516,225518,2,3
225513,225516,225518,2,3
225513,225516,225518,2,3
225465,225468,225522,54,3
225561,225562,225563,1,1
225561,225562,225563,1,1
225561,225562,225563,1,1
225561,225562,225563,1,1
225561,225562,225564,2,1
225561,225562,225563,1,1
225562,225562,225564,2,0
225562,225562,225564,2,0
225561,225562,225563,1,1
225561,225562,225563,1,1
225562,225562,225563,1,0
225562,225562,225564,2,0
225562,225562,225564,2,0
225562,225562,225564,2,0
225561,225562,225563,1,1
225561,225562,225564,2,1
225562,225562,225563,1,0
225562,225562,225564,2,0
225562,225562,225564,2,0
225561,225562,225564,2,1
225561,225562,225564,2,1
225561,225562,225563,1,1
225562,225562,225564,2,0
225562,225562,225564,2,0
225561,225562,225564,2,1
225561,225562,225564,2,1
225561,225562,225564,2,1
225562,225562,225563,1,0
225561,225562,225564,2,1
225561,225562,225564,2,1
225561,225562,225564,2,1
225562,225562,225563,1,0
225562,225562,225564,2,0
225561,225562,225564,2,1
225561,225562,225564,2,1
225561,225562,225564,2,1
225562,225562,225564,2,0
225562,225562,225564,2,0
225561,225562,225564,2,1
225561,225562,225564,2,1
225562,225562,225564,2,0
225562,225562,225564,2,0
225561,225562,225564,2,1
225561,225562,225564,2,1
225562,225562,225563,1,0
225562,225562,225564,2,0
225514,225516,225563,47,2
225561,225562,225564,2,1
225561,225562,225564,2,1
225562,225562,225563,1,0
225562,225562,225564,2,0
225562,225562,225564,2,0
225561,225562,225564,2,1
225562,225562,225565,3,0
225561,225562,225564,2,1
225562,225562,225565,3,0
225562,225562,225564,2,0
225562,225562,225565,3,0
225562,225562,225565,3,0
225562,225562,225565,3,0
225562,225562,225564,2,0
225562,225562,225565,3,0
225562,225562,225564,2,0
225561,225562,225564,2,1
225562,225562,225564,2,0
225562,225562,225564,2,0
225594,225594,225595,1,0
225594,225594,225595,1,0
225594,225594,225595,1,0
225594,225594,225595,1,0
225594,225594,225595,1,0
225594,225594,225595,1,0
225594,225594,225595,1,0
225594,225594,225595,1,0
225594,225594,225595,1,0
225594,225594,225595,1,0
225594,225594,225596,2,0
225594,225594,225596,2,0
225594,225594,225595,1,0
225594,225594,225595,1,0
225594,225594,225595,1,0
225594,225594,225595,1,0
225594,225594,225595,1,0
225594,225594,225595,1,0
225594,225594,225595,1,0
225594,225594,225595,1,0
225594,225594,225596,2,0
225594,225594,225596,2,0
225594,225594,225595,1,0
225594,225594,225596,2,0
225594,225594,225595,1,0
225594,225594,225596,2,0
225594,225594,225596,2,0
225594,225594,225596,2,0
225594,225594,225596,2,0
225594,225594,225596,2,0
225594,225594,225596,2,0
225594,225594,225596,2,0
225594,225594,225596,2,0
225562,225562,225620,58,0
225627,225627,225628,1,0
225627,225627,225628,1,0
225627,225627,225628,1,0
225627,225627,225628,1,0
225627,225627,225628,1,0
225627,225627,225629,2,0
225627,225627,225628,1,0
225627,225627,225629,2,0
225627,225627,225628,1,0
225627,225627,225629,2,0
225627,225627,225629,2,0
225627,225627,225629,2,0
225627,225627,225629,2,0
225627,225627,225628,1,0
225627,225627,225629,2,0
225627,225627,225629,2,0
225627,225627,225629,2,0
225627,225627,225628,1,0
225627,225627,225628,1,0
225627,225627,225629,2,0
225627,225627,225629,2,0
225627,225627,225628,1,0
225627,225627,225629,2,0
225627,225627,225629,2,0
225627,225627,225628,1,0
225627,225627,225629,2,0
225627,225627,225629,2,0
225627,225627,225629,2,0
225627,225627,225629,2,0
225627,225627,225629,2,0
225627,225627,225629,2,0
225627,225627,225628,1,0
225627,225627,225629,2,0
225627,225627,225629,2,0
225594,225594,225639,45,0
225644,225644,225645,1,0
225644,225644,225645,1,0
225644,225644,225645,1,0
225644,225644,225645,1,0
225644,225644,225645,1,0
225644,225644,225646,2,0
225644,225644,225646,2,0
225644,225644,225646,2,0
225644,225644,225646,2,0
225644,225644,225645,1,0
225644,225644,225646,2,0
225644,225644,225646,2,0
225644,225644,225645,1,0
225644,225644,225646,2,0
225644,225644,225646,2,0
225644,225644,225645,1,0
225644,225644,225645,1,0
225644,225644,225646,2,0
225644,225644,225645,1,0
225644,225644,225646,2,0
225644,225644,225646,2,0
225644,225644,225646,2,0
225644,225644,225646,2,0
225644,225644,225646,2,0
225644,225644,225646,2,0
225644,225644,225646,2,0
225644,225644,225646,2,0
225644,225644,225646,2,0
225644,225644,225646,2,0
225644,225644,225646,2,0
225644,225644,225646,2,0
225644,225644,225646,2,0
225644,225644,225646,2,0
225644,225644,225646,2,0
225661,225661,225662,1,0
225661,225661,225662,1,0
225661,225661,225662,1,0
225661,225661,225662,1,0
225661,225661,225662,1,0
225661,225661,225662,1,0
225661,225661,225663,2,0
225661,225661,225663,2,0
225661,225661,225663,2,0
225661,225661,225663,2,0
225661,225661,225663,2,0
225661,225661,225663,2,0
225661,225661,225663,2,0
225661,225661,225663,2,0
225661,225661,225663,2,0
225661,225661,225663,2,0
225661,225661,225663,2,0
225661,225661,225663,2,0
225661,225661,225663,2,0
225661,225661,225663,2,0
225661,225661,225663,2,0
225661,225661,225663,2,0
225661,225661,225663,2,0
225661,225661,225663,2,0
225661,225661,225663,2,0
225661,225661,225663,2,0
225661,225661,225663,2,0
225661,225661,225663,2,0
225661,225661,225663,2,0
225661,225661,225663,2,0
225661,225661,225663,2,0
225661,225661,225663,2,0
225661,225661,225663,2,0
225661,225661,225664,3,0
225627,225627,225676,49,0
225677,225677,225678,1,0
225677,225677,225678,1,0
225677,225677,225678,1,0
225677,225677,225678,1,0
225677,225677,225678,1,0
225677,225677,225678,1,0
225677,225677,225679,2,0
225677,225677,225679,2,0
225677,225677,225679,2,0
225677,225678,225679,1,1
225677,225678,225679,1,1
225677,225677,225679,2,0
225677,225677,225679,2,0
225677,225677,225679,2,0
225677,225678,225679,1,1
225677,225678,225679,1,1
225677,225677,225679,2,0
225677,225678,225679,1,1
225677,225678,225679,1,1
225677,225678,225679,1,1
225677,225678,225679,1,1
225677,225678,225679,1,1
225677,225678,225679,1,1
225677,225678,225679,1,1
225677,225678,225679,1,1
225677,225678,225679,1,1
225677,225677,225679,2,0
225677,225678,225679,1,1
225677,225678,225679,1,1
225677,225677,225679,2,0
225677,225678,225679,1,1
225677,225678,225680,2,1
225677,225678,225680,2,1
225677,225678,225680,2,1
225662,225662,225706,44,0
225644,225644,225707,63,0
225711,225711,225712,1,0
225711,225711,225712,1,0
225711,225711,225712,1,0
225711,225711,225712,1,0
225711,225711,225712,1,0
225711,225711,225712,1,0
225711,225711,225713,2,0
225711,225711,225713,2,0
225711,225711,225713,2,0
225711,225711,225713,2,0
225711,225711,225713,2,0
225711,225711,225712,1,0
225711,225711,225713,2,0
225711,225711,225712,1,0
225711,225711,225713,2,0
225711,225711,225712,1,0
225711,225711,225713,2,0
225711,225711,225712,1,0
225711,225711,225713,2,0
225711,225711,225712,1,0
225711,225711,225713,2,0
225711,225711,225712,1,0
225711,225711,225713,2,0
225711,225711,225713,2,0
225713,225713,225714,1,0
225711,225711,225713,2,0
225711,225711,225713,2,0
225713,225713,225714,1,0
225711,225711,225713,2,0
225711,225711,225713,2,0
225713,225713,225714,1,0
225711,225711,225713,2,0
225711,225711,225713,2,0
225711,225711,225713,2,0
225711,225711,225713,2,0
225711,225711,225713,2,0
225713,225713,225714,1,0
225711,225711,225713,2,0
225713,225713,225715,2,0
225713,225713,225714,1,0
225713,225713,225714,1,0
225713,225713,225714,1,0
225713,225713,225715,2,0
225713,225713,225715,2,0
225713,225713,225714,1,0
225713,225713,225715,2,0
225713,225713,225714,1,0
225713,225713,225715,2,0
225713,225713,225715,2,0
225713,225713,225714,1,0
225713,225713,225715,2,0
225713,225713,225714,1,0
225713,225713,225714,1,0
225713,225713,225715,2,0
225713,225713,225715,2,0
225713,225713,225715,2,0
225713,225713,225715,2,0
225713,225713,225714,1,0
225713,225713,225714,1,0
225713,225713,225715,2,0
225713,225713,225715,2,0
225713,225713,225715,2,0
225713,225713,225715,2,0
225713,225713,225715,2,0
225713,225713,225715,2,0
225678,225678,225731,53,0
225732,225732,225733,1,0
225732,225732,225733,1,0
225732,225732,225733,1,0
225732,225732,225734,2,0
225732,225732,225733,1,0
225732,225732,225733,1,0
225732,225732,225733,1,0
225732,225732,225733,1,0
225732,225732,225734,2,0
225732,225732,225733,1,0
225732,225732,225733,1,0
225732,225732,225733,1,0
225732,225732,225734,2,0
225732,225732,225733,1,0
225732,225732,225734,2,0
225732,225732,225733,1,0
225732,225732,225734,2,0
225732,225732,225734,2,0
225732,225732,225734,2,0
225732,225732,225734,2,0
225732,225732,225733,1,0
225732,225732,225733,1,0
225732,225732,225734,2,0
225732,225732,225734,2,0
225732,225732,225733,1,0
225732,225732,225734,2,0
225732,225732,225733,1,0
225732,225732,225733,1,0
225732,225732,225734,2,0
225732,225732,225733,1,0
225732,225732,225734,2,0
225714,225714,225762,48,0
225765,225765,225766,1,0
225765,225765,225766,1,0
225765,225765,225766,1,0
225765,225765,225766,1,0
225765,225765,225766,1,0
225765,225765,225766,1,0
225765,225765,225766,1,0
225765,225765,225767,2,0
225765,225765,225767,2,0
225765,225765,225767,2,0
225765,225765,225767,2,0
225765,225765,225767,2,0
225765,225765,225766,1,0
225765,225765,225767,2,0
225765,225765,225767,2,0
225765,225765,225767,2,0
225765,225765,225767,2,0
225765,225765,225767,2,0
225765,225765,225767,2,0
225765,225765,225766,1,0
225765,225765,225767,2,0
225765,225765,225767,2,0
225765,225765,225767,2,0
225765,225765,225767,2,0
225765,225765,225767,2,0
225765,225765,225767,2,0
225765,225765,225767,2,0
225765,225765,225767,2,0
225765,225765,225767,2,0
225765,225765,225767,2,0
225765,225765,225767,2,0
225765,225765,225767,2,0
225765,225765,225767,2,0
225765,225765,225767,2,0
225711,225711,225775,64,0
225785,225785,225786,1,0
225785,225785,225786,1,0
225785,225785,225786,1,0
225785,225785,225786,1,0
225785,225785,225786,1,0
225785,225785,225786,1,0
225785,225785,225786,1,0
225785,225785,225786,1,0
225785,225785,225787,2,0
225785,225785,225787,2,0
225785,225785,225787,2,0
225785,225785,225787,2,0
225785,225785,225787,2,0
225785,225785,225787,2,0
225785,225785,225787,2,0
225785,225785,225787,2,0
225785,225785,225787,2,0
225785,225785,225787,2,0
225785,225785,225786,1,0
225785,225785,225787,2,0
225785,225785,225787,2,0
225785,225785,225787,2,0
225785,225785,225787,2,0
225785,225785,225787,2,0
225785,225785,225787,2,0
225785,225785,225787,2,0
225785,225785,225787,2,0
225785,225785,225787,2,0
225785,225785,225787,2,0
225785,225785,225787,2,0
225785,225785,225787,2,0
225785,225785,225787,2,0
225785,225785,225787,2,0
225785,225785,225788,3,0
225749,225749,225796,47,0
225805,225805,225806,1,0
225805,225805,225806,1,0
225805,225805,225806,1,0
225805,225805,225806,1,0
225805,225805,225806,1,0
225805,225805,225806,1,0
225805,225805,225806,1,0
225805,225805,225806,1,0
225805,225805,225807,2,0
225805,225805,225807,2,0
225805,225805,225806,1,0
225805,225805,225807,2,0
225805,225805,225807,2,0
225805,225805,225807,2,0
225805,225805,225807,2,0
225805,225805,225807,2,0
225805,225805,225806,1,0
225805,225805,225807,2,0
225805,225805,225807,2,0
225805,225805,225807,2,0
225805,225805,225807,2,0
225805,225805,225807,2,0
225805,225805,225807,2,0
225805,225805,225807,2,0
225805,225805,225806,1,0
225805,225805,225807,2,0
225805,225805,225807,2,0
225805,225805,225807,2,0
225805,225805,225807,2,0
225805,225805,225807,2,0
225805,225808,225809,1,3
225805,225808,225809,1,3
225805,225808,225809,1,3
225805,225808,225809,1,3
225765,225765,225813,48,0
225767,225767,225813,46,0
225768,225768,225818,50,0
225826,225826,225827,1,0
225826,225826,225827,1,0
225826,225826,225827,1,0
225826,225826,225827,1,0
225826,225826,225827,1,0
225826,225826,225827,1,0
225826,225826,225828,2,0
225826,225826,225828,2,0
225826,225826,225828,2,0
225826,225826,225828,2,0
225826,225826,225827,1,0
225826,225826,225828,2,0
225826,225826,225828,2,0
225826,225826,225828,2,0
225826,225826,225828,2,0
225826,225826,225828,2,0
225826,225826,225828,2,0
225826,225826,225828,2,0
225826,225827,225828,1,1
225826,225827,225828,1,1
225826,225826,225828,2,0
225826,225826,225828,2,0
225826,225826,225828,2,0
225826,225827,225828,1,1
225826,225826,225829,3,0
225826,225826,225828,2,0
225826,225826,225828,2,0
225826,225827,225828,1,1
225826,225827,225828,1,1
225826,225826,225828,2,0
225826,225826,225828,2,0
225826,225827,225829,2,1
225826,225827,225828,1,1
225826,225826,225829,3,0
225826,225826,225828,2,0
225826,225826,225828,2,0
225826,225826,225829,3,0
225826,225827,225829,2,1
225826,225827,225828,1,1
225826,225826,225828,2,0
225826,225826,225829,3,0
225826,225826,225828,2,0
225826,225826,225828,2,0
225826,225827,225829,2,1
225826,225826,225828,2,0
225826,225826,225828,2,0
225826,225826,225828,2,0
225826,225827,225829,2,1
225826,225827,225828,1,1
225826,225827,225828,1,1
225826,225826,225829,3,0
225826,225827,225829,2,1
225826,225826,225828,2,0
225826,225826,225829,3,0
225826,225826,225829,3,0
225826,225827,225828,1,1
225826,225827,225828,1,1
225826,225826,225829,3,0
225826,225826,225828,2,0
225826,225826,225829,3,0
225826,225826,225829,3,0
225826,225827,225829,2,1
225826,225826,225829,3,0
225826,225826,225829,3,0
225826,225826,225829,3,0
225826,225826,225829,3,0
225826,225826,225829,3,0
225829,225829,225830,1,0
225826,225826,225829,3,0
225829,225829,225830,1,0
225829,225829,225830,1,0
225829,225829,225831,2,0
225829,225829,225831,2,0
225829,225829,225830,1,0
225829,225829,225831,2,0
225829,225829,225830,1,0
225829,225829,225830,1,0
225829,225829,225831,2,0
225829,225829,225831,2,0
225829,225829,225830,1,0
225829,225829,225831,2,0
225829,225829,225831,2,0
225829,225829,225831,2,0
225829,225829,225831,2,0
225829,225829,225831,2,0
225829,225829,225830,1,0
225829,225829,225831,2,0
225829,225829,225831,2,0
225829,225829,225831,2,0
225829,225829,225830,1,0
225829,225829,225831,2,0
225829,225829,225831,2,0
225829,225829,225831,2,0
225829,225829,225831,2,0
225829,225829,225831,2,0
225829,225829,225831,2,0
225829,225829,225831,2,0
225786,225786,225840,54,0
225787,225787,225843,56,0
225848,225848,225849,1,0
225848,225848,225849,1,0
225848,225848,225849,1,0
225848,225848,225849,1,0
225848,225848,225849,1,0
225848,225848,225849,1,0
225848,225848,225850,2,0
225848,225848,225849,1,0
225848,225848,225849,1,0
225848,225848,225850,2,0
225848,225848,225850,2,0
225848,225848,225850,2,0
225848,225848,225849,1,0
225848,225848,225850,2,0
225848,225848,225850,2,0
225848,225848,225849,1,0
225848,225848,225849,1,0
225848,225848,225850,2,0
225848,225848,225849,1,0
225848,225848,225850,2,0
225848,225848,225850,2,0
225848,225848,225849,1,0
225848,225848,225850,2,0
225848,225848,225850,2,0
225848,225848,225849,1,0
225848,225848,225850,2,0
225848,225848,225850,2,0
225848,225848,225849,1,0
225848,225848,225850,2,0
225848,225848,225850,2,0
225848,225848,225849,1,0
225848,225848,225850,2,0
225848,225848,225850,2,0
225848,225848,225850,2,0
225807,225807,225854,47,0
225788,225788,225859,71,0
225809,225810,225862,52,1
225808,225808,225864,56,0
225806,225806,225864,58,0
225879,225879,225880,1,0
225879,225879,225880,1,0
225879,225879,225880,1,0
225879,225879,225880,1,0
225879,225879,225880,1,0
225879,225879,225880,1,0
225879,225879,225881,2,0
225879,225879,225881,2,0
225879,225879,225881,2,0
225879,225879,225881,2,0
225879,225879,225881,2,0
225879,225879,225881,2,0
225879,225879,225881,2,0
225879,225879,225881,2,0
225879,225879,225881,2,0
225879,225879,225881,2,0
225879,225879,225881,2,0
225879,225879,225881,2,0
225879,225879,225880,1,0
225879,225879,225881,2,0
225879,225879,225881,2,0
225879,225879,225881,2,0
225879,225879,225881,2,0
225879,225879,225881,2,0
225879,225879,225880,1,0
225879,225879,225881,2,0
225879,225879,225881,2,0
225879,225879,225881,2,0
225879,225879,225881,2,0
225879,225879,225881,2,0
225879,225879,225881,2,0
225879,225879,225881,2,0
225879,225879,225881,2,0
225879,225879,225881,2,0
225879,225879,225881,2,0
225879,225879,225881,2,0
225879,225879,225881,2,0
225879,225879,225881,2,0
225879,225879,225881,2,0
225879,225879,225881,2,0
225879,225879,225881,2,0
225879,225879,225881,2,0
225879,225879,225881,2,0
225879,225879,225881,2,0
225879,225879,225881,2,0
225879,225879,225881,2,0
225879,225879,225881,2,0
225879,225879,225881,2,0
225879,225879,225881,2,0
225879,225879,225881,2,0
225879,225879,225881,2,0
225879,225879,225881,2,0
225879,225879,225881,2,0
225879,225879,225881,2,0
225879,225879,225881,2,0
225879,225879,225880,1,0
225879,225879,225881,2,0
225879,225879,225881,2,0
225879,225879,225881,2,0
225879,225879,225881,2,0
225879,225879,225881,2,0
225879,225879,225881,2,0
225879,225879,225881,2,0
225879,225879,225881,2,0
225879,225879,225881,2,0
225879,225879,225881,2,0
225879,225879,225881,2,0
225879,225879,225881,2,0
225879,225879,225881,2,0
225879,225879,225881,2,0
225879,225880,225882,2,1
225879,225880,225882,2,1
225879,225880,225882,2,1
225879,225879,225881,2,0
225879,225880,225882,2,1
225879,225879,225881,2,0
225879,225880,225882,2,1
225879,225880,225882,2,1
225879,225880,225882,2,1
225879,225880,225882,2,1
225879,225880,225882,2,1
225879,225880,225882,2,1
225879,225880,225882,2,1
225879,225880,225882,2,1
225879,225881,225883,2,2
225879,225881,225883,2,2
225879,225881,225883,2,2
225829,225829,225883,54,0
225879,225881,225883,2,2
225879,225881,225883,2,2
225879,225881,225883,2,2
225879,225881,225883,2,2
225879,225881,225883,2,2
225879,225881,225883,2,2
225879,225881,225884,3,2
225879,225881,225884,3,2
225827,225827,225895,68,0
225913,225913,225914,1,0
225913,225913,225914,1,0
225913,225913,225914,1,0
225913,225913,225914,1,0
225913,225913,225914,1,0
225913,225913,225914,1,0
225913,225913,225914,1,0
225913,225913,225914,1,0
225913,225913,225914,1,0
225913,225913,225914,1,0
225913,225913,225914,1,0
225913,225913,225914,1,0
225913,225913,225915,2,0
225913,225913,225914,1,0
225913,225913,225914,1,0
225913,225913,225915,2,0
225913,225913,225915,2,0
225913,225913,225915,2,0
225913,225913,225915,2,0
225913,225913,225915,2,0
225913,225913,225915,2,0
225913,225913,225915,2,0
225913,225913,225915,2,0
225913,225913,225915,2,0
225913,225913,225915,2,0
225913,225913,225915,2,0
225913,225913,225915,2,0
225913,225913,225915,2,0
225913,225913,225915,2,0
225913,225913,225915,2,0
225913,225913,225915,2,0
225913,225913,225915,2,0
225913,225913,225915,2,0
225913,225913,225915,2,0
225913,225913,225915,2,0
225913,225913,225915,2,0
225913,225913,225915,2,0
225913,225913,225915,2,0
225913,225913,225915,2,0
225913,225913,225915,2,0
225913,225913,225915,2,0
225913,225913,225915,2,0
225913,225913,225915,2,0
225913,225913,225915,2,0
225913,225913,225915,2,0
225913,225913,225915,2,0
225913,225913,225915,2,0
225913,225913,225915,2,0
225913,225913,225915,2,0
225913,225913,225915,2,0
225913,225913,225915,2,0
225913,225913,225915,2,0
225913,225913,225916,3,0
225913,225913,225916,3,0
225913,225913,225915,2,0
225913,225913,225916,3,0
225913,225913,225915,2,0
225913,225913,225915,2,0
225913,225913,225915,2,0
225913,225913,225915,2,0
225913,225913,225915,2,0
225913,225913,225915,2,0
225913,225913,225915,2,0
225913,225913,225916,3,0
225913,225913,225915,2,0
225913,225913,225915,2,0
225913,225913,225915,2,0
225913,225913,225916,3,0
225913,225915,225917,2,2
225913,225915,225916,1,2
225913,225913,225916,3,0
225913,225915,225917,2,2
225913,225915,225917,2,2
225913,225913,225916,3,0
225913,225913,225916,3,0
225913,225915,225917,2,2
225913,225915,225916,1,2
225913,225913,225916,3,0
225913,225915,225916,1,2
225913,225914,225916,2,1
225913,225915,225916,1,2
225913,225913,225916,3,0
225913,225913,225916,3,0
225913,225915,225917,2,2
225913,225913,225916,3,0
225913,225915,225916,1,2
225913,225913,225916,3,0
225913,225915,225916,1,2
225913,225913,225916,3,0
225913,225915,225917,2,2
225913,225913,225916,3,0
225913,225913,225916,3,0
225913,225915,225917,2,2
225913,225915,225917,2,2
225913,225916,225917,1,3
225913,225916,225917,1,3
225913,225916,225917,1,3
225913,225916,225917,1,3
225913,225916,225917,1,3
225913,225916,225917,1,3
225913,225916,225917,1,3
225913,225916,225917,1,3
225879,225882,225933,51,3
225961,225961,225962,1,0
225961,225961,225962,1,0
225961,225961,225962,1,0
225961,225961,225962,1,0
225961,225961,225962,1,0
225961,225961,225963,2,0
225961,225961,225963,2,0
225961,225961,225962,1,0
225961,225961,225963,2,0
225961,225961,225963,2,0
225961,225961,225963,2,0
225961,225961,225963,2,0
225961,225961,225963,2,0
225961,225961,225963,2,0
225961,225961,225963,2,0
225961,225961,225963,2,0
225961,225961,225963,2,0
225961,225961,225963,2,0
225961,225961,225963,2,0
225961,225961,225963,2,0
225961,225961,225963,2,0
225961,225961,225963,2,0
225961,225961,225963,2,0
225961,225961,225962,1,0
225961,225961,225963,2,0
225961,225961,225963,2,0
225961,225961,225963,2,0
225961,225961,225962,1,0
225961,225961,225962,1,0
225961,225961,225963,2,0
225961,225961,225963,2,0
225961,225961,225963,2,0
225961,225961,225963,2,0
225961,225961,225963,2,0
225961,225961,225962,1,0
225961,225961,225963,2,0
225961,225961,225963,2,0
225961,225961,225963,2,0
225961,225961,225962,1,0
225961,225961,225962,1,0
225961,225961,225963,2,0
225961,225961,225963,2,0
225961,225961,225963,2,0
225961,225961,225963,2,0
225961,225961,225962,1,0
225961,225961,225962,1,0
225961,225961,225963,2,0
225961,225961,225963,2,0
225961,225961,225963,2,0
225961,225961,225963,2,0
225961,225961,225963,2,0
225961,225961,225962,1,0
225961,225961,225963,2,0
225961,225961,225963,2,0
225961,225961,225963,2,0
225961,225961,225963,2,0
225961,225961,225963,2,0
225961,225961,225962,1,0
225961,225961,225963,2,0
225961,225961,225963,2,0
225961,225961,225963,2,0
225961,225961,225964,3,0
225961,225961,225963,2,0
225961,225961,225964,3,0
225913,225916,225964,48,3
225992,225993,225994,1,1
225992,225993,225994,1,1
225992,225993,225994,1,1
225992,225993,225995,2,1
225992,225993,225994,1,1
225992,225993,225994,1,1
225992,225993,225994,1,1
225992,225993,225994,1,1
225992,225993,225995,2,1
225992,225993,225994,1,1
225992,225993,225994,1,1
225992,225993,225994,1,1
225992,225993,225994,1,1
225992,225993,225994,1,1
225992,225993,225994,1,1
225992,225993,225994,1,1
225992,225993,225994,1,1
225992,225993,225994,1,1
225992,225993,225994,1,1
225992,225993,225994,1,1
225992,225993,225994,1,1
225992,225993,225994,1,1
225992,225993,225994,1,1
225992,225993,225994,1,1
225992,225993,225994,1,1
225992,225993,225994,1,1
225992,225993,225995,2,1
225961,225961,226008,47,0
226025,226025,226026,1,0
226025,226025,226026,1,0
226025,226025,226026,1,0
226025,226025,226026,1,0
226025,226025,226026,1,0
226025,226025,226026,1,0
226025,226025,226026,1,0
226025,226025,226027,2,0
226025,226025,226027,2,0
226025,226025,226027,2,0
226025,226025,226027,2,0
226025,226025,226027,2,0
226025,226025,226027,2,0
226025,226025,226027,2,0
226025,226025,226026,1,0
226025,226025,226027,2,0
226025,226025,226027,2,0
226025,226025,226027,2,0
226025,226025,226027,2,0
226025,226025,226027,2,0
226025,226025,226027,2,0
226025,226025,226027,2,0
226025,226025,226027,2,0
226025,226025,226027,2,0
226025,226025,226027,2,0
226025,226025,226027,2,0
226025,226025,226027,2,0
226025,226025,226027,2,0
226025,226025,226027,2,0
226025,226025,226027,2,0
226025,226025,226027,2,0
226025,226025,226028,3,0
226025,226025,226028,3,0
226025,226025,226027,2,0
226043,226043,226044,1,0
226043,226043,226044,1,0
226043,226043,226044,1,0
226043,226043,226044,1,0
226043,226043,226044,1,0
226043,226043,226044,1,0
225993,225993,226045,52,0
226043,226043,226044,1,0
226043,226043,226044,1,0
226043,226043,226044,1,0
226043,226043,226044,1,0
226043,226043,226044,1,0
226043,226043,226045,2,0
226043,226043,226044,1,0
226043,226043,226044,1,0
226043,226043,226045,2,0
226043,226043,226044,1,0
226043,226043,226044,1,0
226043,226043,226044,1,0
226043,226043,226044,1,0
226043,226043,226045,2,0
226043,226043,226045,2,0
226043,226043,226044,1,0
226043,226043,226044,1,0
226043,226043,226045,2,0
226043,226043,226044,1,0
226043,226043,226045,2,0
226043,226043,226045,2,0
226043,226043,226045,2,0
226043,226043,226045,2,0
226043,226043,226045,2,0
226043,226043,226044,1,0
226043,226043,226045,2,0
226043,226043,226045,2,0
226043,226043,226045,2,0
226060,226060,226061,1,0
226060,226060,226061,1,0
226060,226060,226061,1,0
226060,226060,226061,1,0
226060,226060,226061,1,0
226060,226060,226061,1,0
226060,226060,226061,1,0
226060,226060,226062,2,0
226060,226060,226061,1,0
226060,226060,226061,1,0
226060,226060,226061,1,0
226060,226060,226062,2,0
226060,226060,226061,1,0
226060,226060,226062,2,0
226060,226060,226061,1,0
226060,226060,226061,1,0
226060,226060,226062,2,0
226060,226060,226062,2,0
226060,226060,226061,1,0
226060,226060,226061,1,0
226060,226060,226062,2,0
226060,226060,226062,2,0
226060,226060,226061,1,0
226060,226060,226062,2,0
226060,226060,226062,2,0
226060,226060,226061,1,0
226060,226060,226062,2,0
226060,226060,226061,1,0
226060,226060,226062,2,0
226060,226060,226062,2,0
226060,226060,226062,2,0
226060,226060,226062,2,0
226060,226060,226062,2,0
226060,226060,226062,2,0
226026,226026,226080,54,0
226094,226094,226095,1,0
226094,226094,226095,1,0
226094,226094,226095,1,0
226094,226094,226095,1,0
226094,226094,226096,2,0
226094,226094,226095,1,0
226094,226094,226095,1,0
226094,226094,226095,1,0
226094,226094,226095,1,0
226094,226094,226095,1,0
226094,226094,226096,2,0
226094,226094,226095,1,0
226094,226094,226095,1,0
226094,226094,226096,2,0
226094,226094,226096,2,0
226094,226094,226095,1,0
226094,226094,226096,2,0
226094,226094,226095,1,0
226094,226094,226096,2,0
226094,226094,226096,2,0
226094,226094,226095,1,0
226094,226094,226096,2,0
226094,226094,226096,2,0
226094,226094,226096,2,0
226094,226094,226095,1,0
226094,226094,226096,2,0
226094,226094,226096,2,0
226094,226094,226096,2,0
226094,226094,226096,2,0
226094,226094,226096,2,0
226094,226094,226096,2,0
226094,226094,226096,2,0
226094,226094,226096,2,0
226043,226043,226101,58,0
226060,226060,226115,55,0
226115,226115,226116,1,0
226115,226115,226116,1,0
226115,226115,226116,1,0
226115,226115,226116,1,0
226115,226115,226117,2,0
226115,226115,226116,1,0
226115,226115,226116,1,0
226115,226115,226117,2,0
226115,226115,226117,2,0
226115,226115,226117,2,0
226115,226115,226117,2,0
226115,226115,226117,2,0
226115,226115,226116,1,0
226115,226115,226117,2,0
226115,226115,226117,2,0
226115,226115,226116,1,0
226115,226115,226117,2,0
226115,226115,226117,2,0
226115,226115,226117,2,0
226115,226115,226117,2,0
226115,226115,226117,2,0
226115,226115,226117,2,0
226115,226115,226117,2,0
226115,226115,226117,2,0
226115,226115,226118,3,0
226115,226115,226117,2,0
226115,226115,226117,2,0
226115,226115,226117,2,0
226117,226117,226118,1,0
226115,226115,226117,2,0
226115,226115,226117,2,0
226117,226117,226118,1,0
226115,226115,226117,2,0
226117,226117,226118,1,0
226115,226115,226117,2,0
226117,226117,226118,1,0
226115,226115,226117,2,0
226117,226117,226118,1,0
226115,226115,226117,2,0
226117,226117,226118,1,0
226117,226117,226118,1,0
226117,226117,226119,2,0
226117,226117,226119,2,0
226117,226117,226119,2,0
226117,226117,226119,2,0
226117,226117,226119,2,0
226117,226117,226119,2,0
226117,226117,226119,2,0
226117,226117,226119,2,0
226117,226117,226118,1,0
226117,226117,226119,2,0
226117,226117,226119,2,0
226117,226117,226119,2,0
226117,226117,226119,2,0
226117,226117,226119,2,0
226117,226117,226119,2,0
226117,226117,226119,2,0
226117,226117,226119,2,0
226117,226117,226119,2,0
226117,226117,226119,2,0
226117,226117,226119,2,0
226117,226117,226119,2,0
226117,226117,226119,2,0
226117,226117,226119,2,0
226117,226117,226119,2,0
226117,226117,226119,2,0
226117,226117,226119,2,0
226117,226117,226119,2,0
226077,226077,226128,51,0
226136,226136,226138,2,0
226136,226136,226138,2,0
226136,226136,226138,2,0
226136,226136,226138,2,0
226136,226136,226138,2,0
226136,226136,226137,1,0
226136,226136,226138,2,0
226136,226136,226137,1,0
226136,226136,226138,2,0
226136,226136,226138,2,0
226136,226136,226138,2,0
226136,226136,226138,2,0
226136,226136,226137,1,0
226136,226136,226138,2,0
226136,226136,226138,2,0
226136,226136,226138,2,0
226136,226136,226138,2,0
226136,226136,226137,1,0
226136,226136,226138,2,0
226136,226136,226138,2,0
226136,226136,226137,1,0
226136,226136,226138,2,0
226136,226136,226138,2,0
226136,226136,226138,2,0
226136,226136,226138,2,0
226136,226136,226138,2,0
226136,226136,226138,2,0
226136,226136,226138,2,0
226136,226136,226138,2,0
226136,226136,226138,2,0
226136,226139,226140,1,3
226136,226139,226141,2,3
226136,226139,226141,2,3
226136,226139,226141,2,3
226096,226096,226155,59,0
226097,226097,226158,61,0
226095,226095,226160,65,0
226115,226115,226165,50,0
226118,226118,226168,50,0
226171,226171,226172,1,0
226171,226171,226172,1,0
226171,226171,226172,1,0
226171,226171,226172,1,0
226171,226171,226172,1,0
226171,226171,226172,1,0
226171,226171,226172,1,0
226171,226171,226172,1,0
226171,226171,226172,1,0
226171,226171,226172,1,0
226171,226171,226172,1,0
226171,226171,226172,1,0
226171,226171,226172,1,0
226171,226171,226172,1,0
226171,226171,226172,1,0
226171,226171,226173,2,0
226171,226171,226173,2,0
226171,226171,226173,2,0
226171,226171,226173,2,0
226171,226171,226173,2,0
226171,226171,226172,1,0
226171,226171,226173,2,0
226171,226171,226173,2,0
226171,226171,226172,1,0
226171,226171,226173,2,0
226171,226171,226173,2,0
226171,226171,226172,1,0
226171,226171,226173,2,0
226171,226171,226173,2,0
226171,226171,226173,2,0
226171,226171,226173,2,0
226171,226171,226173,2,0
226171,226171,226173,2,0
226171,226171,226173,2,0
226171,226171,226173,2,0
226171,226171,226173,2,0
226171,226171,226172,1,0
226171,226171,226173,2,0
226171,226171,226173,2,0
226171,226171,226173,2,0
226171,226171,226172,1,0
226171,226171,226173,2,0
226171,226171,226173,2,0
226171,226171,226173,2,0
226171,226171,226173,2,0
226171,226171,226173,2,0
226171,226171,226173,2,0
226171,226171,226173,2,0
226171,226171,226173,2,0
226171,226171,226173,2,0
226171,226171,226173,2,0
226171,226171,226173,2,0
226171,226171,226173,2,0
226171,226171,226173,2,0
226171,226171,226173,2,0
226171,226171,226173,2,0
226171,226171,226174,3,0
226171,226171,226174,3,0
226171,226171,226173,2,0
226171,226172,226174,2,1
226171,226171,226174,3,0
226171,226171,226173,2,0
226171,226171,226173,2,0
226171,226171,226173,2,0
226171,226171,226174,3,0
226171,226171,226173,2,0
226171,226171,226173,2,0
226171,226171,226173,2,0
226171,226171,226174,3,0
226171,226171,226174,3,0
226171,226171,226173,2,0
226171,226171,226174,3,0
226171,226172,226174,2,1
226171,226171,226174,3,0
226171,226171,226173,2,0
226171,226171,226174,3,0
226171,226172,226174,2,1
226171,226171,226173,2,0
226171,226172,226174,2,1
226171,226172,226174,2,1
226171,226171,226174,3,0
226171,226171,226173,2,0
226171,226171,226174,3,0
226171,226171,226173,2,0
226171,226172,226174,2,1
226171,226172,226174,2,1
226171,226172,226175,3,1
226171,226174,226175,1,3
226174,226174,226175,1,0
226171,226172,226174,2,1
226171,226172,226174,2,1
226171,226172,226175,3,1
226171,226174,226175,1,3
226171,226172,226174,2,1
226171,226172,226175,3,1
226174,226174,226175,1,0
226171,226172,226174,2,1
226174,226174,226175,1,0
226171,226172,226174,2,1
226171,226174,226175,1,3
226174,226174,226175,1,0
226174,226174,226175,1,0
226174,226174,226175,1,0
226171,226173,226175,2,2
226171,226173,226175,2,2
226171,226173,226175,2,2
226171,226173,226175,2,2
226171,226173,226175,2,2
226174,226174,226175,1,0
226174,226174,226175,1,0
226174,226174,226176,2,0
226174,226174,226176,2,0
226174,226174,226176,2,0
226174,226174,226176,2,0
226174,226174,226176,2,0
226174,226174,226176,2,0
226174,226174,226176,2,0
226174,226174,226176,2,0
226174,226174,226176,2,0
226174,226174,226176,2,0
226174,226174,226176,2,0
226174,226174,226176,2,0
226174,226174,226176,2,0
226174,226174,226176,2,0
226174,226174,226176,2,0
226174,226174,226177,3,0
226174,226174,226177,3,0
226174,226174,226177,3,0
226174,226174,226177,3,0
226174,226174,226177,3,0
226174,226174,226177,3,0
226174,226174,226176,2,0
226174,226174,226177,3,0
226174,226174,226176,2,0
226174,226174,226176,2,0
226174,226174,226176,2,0
226155,226155,226205,50,0
226208,226208,226209,1,0
226208,226208,226209,1,0
226208,226208,226209,1,0
226208,226208,226209,1,0
226208,226208,226209,1,0
226208,226208,226210,2,0
226208,226208,226209,1,0
226208,226208,226209,1,0
226208,226208,226209,1,0
226208,226208,226209,1,0
226208,226208,226209,1,0
226208,226208,226209,1,0
226208,226208,226210,2,0
226208,226208,226209,1,0
226208,226208,226210,2,0
226208,226208,226209,1,0
226208,226208,226209,1,0
226208,226208,226209,1,0
226208,226208,226210,2,0
226208,226208,226210,2,0
226208,226208,226209,1,0
226208,226208,226210,2,0
226208,226208,226209,1,0
226208,226208,226209,1,0
226208,226208,226210,2,0
226208,226208,226209,1,0
226208,226208,226209,1,0
226208,226208,226209,1,0
226208,226208,226210,2,0
226208,226208,226210,2,0
226208,226208,226210,2,0
226208,226208,226210,2,0
226175,226175,226232,57,0
226239,226239,226240,1,0
226239,226239,226240,1,0
226239,226239,226240,1,0
226239,226239,226240,1,0
226239,226239,226240,1,0
226239,226239,226240,1,0
226239,226239,226241,2,0
226239,226239,226241,2,0
226239,226239,226240,1,0
226239,226239,226241,2,0
226239,226239,226241,2,0
226239,226239,226240,1,0
226239,226239,226241,2,0
226239,226239,226241,2,0
226239,226239,226241,2,0
226239,226239,226241,2,0
226239,226239,226240,1,0
226239,226239,226241,2,0
226239,226239,226241,2,0
226239,226239,226241,2,0
226239,226239,226241,2,0
226239,226239,226241,2,0
226239,226239,226241,2,0
226239,226239,226241,2,0
226239,226239,226241,2,0
226239,226239,226241,2,0
226239,226239,226241,2,0
226239,226239,226241,2,0
226239,226239,226241,2,0
226239,226239,226241,2,0
226239,226239,226241,2,0
226239,226239,226241,2,0
226239,226239,226241,2,0
226239,226239,226241,2,0
226256,226256,226257,1,0
226256,226256,226257,1,0
226256,226256,226257,1,0
226256,226256,226257,1,0
226256,226256,226257,1,0
226256,226256,226258,2,0
226256,226256,226258,2,0
226256,226256,226258,2,0
226256,226256,226258,2,0
226256,226256,226258,2,0
226256,226256,226257,1,0
226256,226256,226258,2,0
226256,226256,226258,2,0
226256,226256,226258,2,0
226256,226256,226258,2,0
226256,226256,226258,2,0
226256,226256,226257,1,0
226256,226256,226258,2,0
226256,226256,226258,2,0
226256,226256,226258,2,0
226256,226256,226258,2,0
226256,226256,226257,1,0
226256,226256,226258,2,0
226256,226256,226258,2,0
226256,226256,226258,2,0
226256,226256,226258,2,0
226256,226256,226258,2,0
226256,226256,226258,2,0
226256,226256,226258,2,0
226256,226256,226258,2,0
226256,226256,226258,2,0
226256,226256,226258,2,0
226256,226256,226259,3,0
226256,226256,226258,2,0
226208,226208,226262,54,0
226273,226273,226274,1,0
226273,226273,226274,1,0
226273,226273,226274,1,0
226273,226273,226274,1,0
226273,226273,226274,1,0
226273,226273,226274,1,0
226273,226273,226274,1,0
226273,226273,226274,1,0
226273,226273,226275,2,0
226273,226273,226274,1,0
226273,226273,226274,1,0
226273,226273,226274,1,0
226273,226273,226275,2,0
226273,226273,226274,1,0
226273,226273,226274,1,0
226273,226273,226274,1,0
226273,226273,226274,1,0
226273,226273,226274,1,0
226273,226273,226274,1,0
226273,226273,226274,1,0
226273,226273,226274,1,0
226273,226273,226274,1,0
226273,226273,226274,1,0
226273,226273,226275,2,0
226273,226273,226275,2,0
226273,226273,226274,1,0
226273,226273,226274,1,0
226273,226273,226274,1,0
226273,226273,226275,2,0
226273,226273,226275,2,0
226273,226273,226275,2,0
226273,226273,226275,2,0
226240,226240,226294,54,0
226305,226305,226306,1,0
226305,226305,226306,1,0
226305,226305,226306,1,0
226305,226305,226306,1,0
226305,226305,226306,1,0
226305,226305,226307,2,0
226305,226305,226307,2,0
226305,226305,226307,2,0
226305,226305,226307,2,0
226305,226305,226307,2,0
226305,226305,226307,2,0
226305,226305,226307,2,0
226305,226305,226307,2,0
226305,226305,226307,2,0
226305,226305,226307,2,0
226305,226305,226307,2,0
226305,226305,226307,2,0
226305,226305,226307,2,0
226305,226305,226307,2,0
226305,226305,226307,2,0
226305,226305,226307,2,0
226305,226305,226307,2,0
226305,226305,226307,2,0
226305,226305,226307,2,0
226305,226305,226307,2,0
226305,226305,226307,2,0
226305,226305,226307,2,0
226305,226305,226307,2,0
226305,226305,226307,2,0
226305,226305,226307,2,0
226305,226305,226307,2,0
226305,226305,226307,2,0
226305,226305,226307,2,0
226305,226305,226308,3,0
226273,226273,226324,51,0
226328,226328,226329,1,0
226328,226328,226329,1,0
226328,226328,226329,1,0
226328,226328,226329,1,0
226328,226328,226329,1,0
226328,226328,226329,1,0
226328,226328,226330,2,0
226328,226328,226330,2,0
226328,226328,226330,2,0
226328,226328,226330,2,0
226328,226328,226330,2,0
226328,226328,226330,2,0
226328,226328,226330,2,0
226328,226328,226330,2,0
226328,226328,226330,2,0
226328,226328,226330,2,0
226328,226328,226330,2,0
226328,226328,226329,1,0
226328,226328,226330,2,0
226328,226328,226330,2,0
226328,226328,226330,2,0
226328,226328,226330,2,0
226328,226328,226330,2,0
226328,226328,226330,2,0
226328,226328,226330,2,0
226328,226328,226330,2,0
226328,226328,226330,2,0
226328,226328,226330,2,0
226328,226328,226330,2,0
226328,226328,226330,2,0
226328,226328,226330,2,0
226328,226328,226330,2,0
226328,226328,226330,2,0
226328,226328,226331,3,0
226306,226306,226357,51,0
226308,226308,226357,49,0
226358,226358,226359,1,0
226358,226358,226359,1,0
226358,226358,226359,1,0
226358,226358,226359,1,0
226358,226358,226359,1,0
226358,226358,226359,1,0
226358,226358,226359,1,0
226358,226358,226359,1,0
226358,226358,226360,2,0
226358,226358,226360,2,0
226358,226358,226360,2,0
226358,226359,226360,1,1
226358,226359,226360,1,1
226358,226358,226360,2,0
226358,226358,226360,2,0
226358,226358,226360,2,0
226358,226359,226360,1,1
226358,226358,226360,2,0
226358,226358,226360,2,0
226358,226358,226360,2,0
226358,226359,226360,1,1
226358,226359,226360,1,1
226358,226358,226360,2,0
226358,226358,226360,2,0
226358,226358,226360,2,0
226358,226359,226360,1,1
226358,226359,226360,1,1
226358,226358,226361,3,0
226358,226358,226360,2,0
226358,226359,226360,1,1
226358,226359,226360,1,1
226358,226359,226360,1,1
226358,226358,226360,2,0
226358,226358,226360,2,0
226358,226359,226360,1,1
226358,226359,226360,1,1
226358,226359,226360,1,1
226358,226358,226360,2,0
226358,226358,226360,2,0
226358,226359,226360,1,1
226358,226359,226360,1,1
226358,226358,226360,2,0
226358,226358,226360,2,0
226358,226358,226360,2,0
226358,226359,226360,1,1
226358,226359,226360,1,1
226358,226358,226360,2,0
226358,226358,226360,2,0
226358,226359,226360,1,1
226358,226358,226360,2,0
226358,226358,226360,2,0
226358,226358,226360,2,0
226358,226359,226360,1,1
226358,226359,226361,2,1
226358,226359,226361,2,1
226358,226359,226361,2,1
226358,226359,226361,2,1
226358,226359,226361,2,1
226358,226359,226361,2,1
226358,226359,226361,2,1
226358,226359,226361,2,1
226358,226359,226361,2,1
226358,226359,226361,2,1
226358,226359,226361,2,1
226358,226359,226361,2,1
226358,226359,226361,2,1
226358,226359,226361,2,1
226309,226309,226366,57,0
226330,226330,226376,46,0
226329,226329,226377,48,0
226331,226331,226381,50,0
226380,226380,226381,1,0
226380,226380,226381,1,0
226380,226380,226381,1,0
226380,226380,226381,1,0
226380,226380,226381,1,0
226380,226380,226381,1,0
226380,226380,226381,1,0
226380,226380,226381,1,0
226380,226380,226382,2,0
226380,226380,226382,2,0
226380,226380,226382,2,0
226380,226380,226382,2,0
226380,226380,226381,1,0
226380,226380,226382,2,0
226380,226380,226382,2,0
226380,226380,226381,1,0
226380,226380,226381,1,0
226380,226380,226382,2,0
226380,226380,226381,1,0
226380,226380,226381,1,0
226380,226380,226381,1,0
226380,226380,226382,2,0
226380,226380,226382,2,0
226380,226380,226382,2,0
226380,226380,226382,2,0
226380,226380,226382,2,0
226380,226380,226381,1,0
226380,226380,226382,2,0
226380,226380,226382,2,0
226380,226380,226382,2,0
226380,226380,226382,2,0
226380,226380,226381,1,0
226380,226380,226382,2,0
226380,226380,226382,2,0
226380,226380,226382,2,0
226380,226380,226382,2,0
226380,226380,226382,2,0
226380,226380,226382,2,0
226380,226380,226382,2,0
226380,226380,226382,2,0
226380,226380,226382,2,0
226380,226380,226382,2,0
226380,226380,226382,2,0
226380,226380,226381,1,0
226380,226380,226382,2,0
226380,226380,226382,2,0
226380,226380,226382,2,0
226380,226380,226382,2,0
226380,226380,226382,2,0
226380,226380,226382,2,0
226380,226380,226382,2,0
226380,226380,226382,2,0
226380,226380,226382,2,0
226380,226380,226382,2,0
226380,226380,226382,2,0
226380,226380,226383,3,0
226380,226380,226382,2,0
226380,226380,226382,2,0
226380,226380,226382,2,0
226380,226380,226382,2,0
226380,226380,226382,2,0
226380,226380,226383,3,0
226380,226380,226384,4,0
226380,226380,226386,6,0
226380,226380,226386,6,0
226380,226380,226388,8,0
226307,226307,226392,85,0
226352,226352,226401,49,0
226349,226349,226404,55,0
226354,226354,226405,51,0
226356,226356,226408,52,0
226353,226353,226410,57,0
226412,226412,226413,1,0
226412,226412,226413,1,0
226412,226412,226413,1,0
226412,226412,226413,1,0
226412,226412,226413,1,0
226412,226412,226413,1,0
226412,226412,226413,1,0
226412,226412,226413,1,0
226412,226412,226414,2,0
226412,226412,226414,2,0
226412,226412,226414,2,0
226412,226412,226414,2,0
226412,226412,226414,2,0
226412,226412,226414,2,0
226412,226412,226413,1,0
226412,226412,226414,2,0
226412,226412,226414,2,0
226412,226412,226414,2,0
226412,226412,226414,2,0
226412,226412,226414,2,0
226412,226412,226414,2,0
226412,226412,226414,2,0
226412,226412,226414,2,0
226412,226412,226414,2,0
226412,226412,226414,2,0
226412,226412,226414,2,0
226412,226412,226414,2,0
226412,226412,226414,2,0
226412,226412,226414,2,0
226412,226412,226415,3,0
226412,226412,226414,2,0
226412,226412,226414,2,0
226412,226412,226414,2,0
226412,226412,226414,2,0
226412,226412,226414,2,0
226412,226412,226414,2,0
226412,226412,226414,2,0
226412,226412,226414,2,0
226412,226412,226414,2,0
226412,226412,226415,3,0
226412,226412,226414,2,0
226412,226412,226414,2,0
226412,226412,226414,2,0
226412,226412,226414,2,0
226412,226412,226415,3,0
226412,226412,226414,2,0
226412,226412,226414,2,0
226412,226412,226414,2,0
226412,226412,226414,2,0
226412,226412,226415,3,0
226412,226412,226414,2,0
226412,226412,226414,2,0
226412,226412,226414,2,0
226412,226412,226414,2,0
226412,226412,226414,2,0
226412,226412,226414,2,0
226412,226412,226414,2,0
226412,226412,226415,3,0
226412,226412,226415,3,0
226412,226412,226415,3,0
226412,226412,226415,3,0
226412,226414,226415,1,2
226412,226412,226415,3,0
226412,226412,226415,3,0
226412,226412,226415,3,0
226412,226412,226415,3,0
226412,226414,226415,1,2
226412,226414,226416,2,2
226412,226412,226415,3,0
226412,226412,226415,3,0
226412,226412,226415,3,0
226412,226414,226415,1,2
226412,226412,226415,3,0
226412,226412,226415,3,0
226412,226414,226415,1,2
226412,226414,226416,2,2
226412,226412,226415,3,0
226412,226412,226415,3,0
226412,226412,226415,3,0
226412,226412,226415,3,0
226412,226414,226415,1,2
226412,226415,226416,1,3
226412,226412,226415,3,0
226412,226414,226415,1,2
226350,226351,226416,65,1
226412,226415,226417,2,3
226412,226415,226416,1,3
226412,226415,226416,1,3
226361,226361,226417,56,0
226412,226415,226416,1,3
226412,226415,226416,1,3
226412,226415,226417,2,3
226412,226415,226417,2,3
226412,226415,226417,2,3
226412,226415,226417,2,3
226412,226415,226416,1,3
226412,226415,226417,2,3
226412,226415,226417,2,3
226412,226415,226416,1,3
226412,226415,226417,2,3
226412,226415,226416,1,3
226412,226415,226416,1,3
226412,226414,226416,2,2
226412,226415,226416,1,3
226412,226415,226417,2,3
226412,226415,226417,2,3
226412,226415,226417,2,3
226412,226415,226416,1,3
226412,226415,226417,2,3
226412,226415,226417,2,3
226412,226415,226417,2,3
226412,226415,226416,1,3
226412,226415,226417,2,3
226412,226415,226417,2,3
226412,226415,226417,2,3
226412,226415,226417,2,3
226412,226415,226417,2,3
226412,226415,226417,2,3
226412,226415,226416,1,3
226412,226415,226417,2,3
226412,226415,226417,2,3
226412,226415,226417,2,3
226412,226415,226417,2,3
226412,226415,226417,2,3
226412,226416,226417,1,4
226412,226415,226417,2,3
226412,226415,226417,2,3
226412,226415,226417,2,3
226412,226415,226417,2,3
226412,226415,226417,2,3
226412,226415,226417,2,3
226412,226416,226417,1,4
226412,226416,226417,1,4
226412,226416,226417,1,4
226412,226415,226417,2,3
226412,226415,226417,2,3
226381,226381,226430,49,0
226359,226360,226432,72,1
226357,226357,226444,87,0
226460,226460,226461,1,0
226460,226460,226461,1,0
226460,226460,226461,1,0
226460,226460,226461,1,0
226460,226460,226462,2,0
226460,226460,226462,2,0
226460,226460,226461,1,0
226460,226460,226461,1,0
226460,226460,226462,2,0
226460,226460,226462,2,0
226460,226460,226462,2,0
226460,226460,226462,2,0
226460,226460,226462,2,0
226460,226460,226461,1,0
226460,226460,226462,2,0
226460,226460,226461,1,0
226460,226460,226461,1,0
226460,226460,226462,2,0
226460,226460,226462,2,0
226460,226460,226461,1,0
226460,226460,226462,2,0
226460,226460,226462,2,0
226460,226460,226461,1,0
226460,226460,226462,2,0
226460,226460,226461,1,0
226460,226460,226462,2,0
226460,226460,226462,2,0
226460,226460,226462,2,0
226460,226460,226462,2,0
226460,226460,226461,1,0
226460,226460,226462,2,0
226460,226460,226462,2,0
226460,226460,226462,2,0
226460,226460,226462,2,0
226460,226460,226461,1,0
226460,226460,226462,2,0
226460,226460,226462,2,0
226460,226460,226462,2,0
226460,226460,226462,2,0
226460,226460,226461,1,0
226460,226460,226462,2,0
226460,226460,226461,1,0
226460,226460,226462,2,0
226460,226460,226462,2,0
226460,226460,226461,1,0
226460,226460,226462,2,0
226460,226460,226462,2,0
226460,226460,226462,2,0
226460,226460,226462,2,0
226460,226460,226462,2,0
226460,226460,226462,2,0
226460,226460,226462,2,0
226460,226460,226462,2,0
226460,226460,226462,2,0
226460,226460,226462,2,0
226460,226460,226462,2,0
226460,226460,226462,2,0
226460,226460,226462,2,0
226460,226460,226462,2,0
226460,226460,226462,2,0
226460,226460,226463,3,0
226460,226460,226463,3,0
226460,226460,226463,3,0
226460,226460,226462,2,0
226460,226460,226463,3,0
226460,226460,226463,3,0
226460,226460,226463,3,0
226460,226460,226462,2,0
226460,226460,226463,3,0
226460,226460,226463,3,0
226460,226460,226463,3,0
226460,226461,226463,2,1
226460,226463,226464,1,3
226460,226460,226463,3,0
226460,226460,226463,3,0
226460,226460,226463,3,0
226460,226461,226463,2,1
226460,226461,226463,2,1
226460,226460,226463,3,0
226460,226461,226463,2,1
226460,226461,226463,2,1
226460,226461,226463,2,1
226460,226460,226463,3,0
226460,226461,226463,2,1
226460,226462,226464,2,2
226460,226462,226465,3,2
226460,226462,226464,2,2
226460,226462,226464,2,2
226460,226462,226464,2,2
226460,226462,226464,2,2
226460,226462,226464,2,2
226460,226462,226464,2,2
226460,226462,226464,2,2
226460,226462,226464,2,2
226460,226462,226464,2,2
226460,226463,226464,1,3
226460,226463,226464,1,3
226460,226463,226465,2,3
226460,226463,226464,1,3
226460,226463,226465,2,3
226460,226463,226465,2,3
226460,226463,226465,2,3
226460,226463,226464,1,3
226460,226463,226464,1,3
226460,226463,226465,2,3
226460,226463,226465,2,3
226460,226463,226464,1,3
226460,226463,226464,1,3
226460,226463,226464,1,3
226460,226463,226465,2,3
226460,226463,226465,2,3
226460,226463,226464,1,3
226460,226461,226464,3,1
226460,226463,226465,2,3
226460,226463,226465,2,3
226460,226463,226464,1,3
226460,226463,226464,1,3
226460,226463,226465,2,3
226460,226463,226465,2,3
226460,226463,226464,1,3
226460,226463,226464,1,3
226460,226463,226464,1,3
226460,226463,226465,2,3
226460,226463,226465,2,3
226460,226463,226464,1,3
226460,226464,226465,1,4
226460,226464,226465,1,4
226460,226464,226465,1,4
226460,226464,226465,1,4
226460,226464,226465,1,4
226460,226462,226465,3,2
226460,226462,226465,3,2
226460,226464,226465,1,4
226460,226464,226466,2,4
226460,226464,226465,1,4
226460,226464,226466,2,4
226460,226463,226465,2,3
226460,226463,226465,2,3
226460,226463,226465,2,3
226460,226464,226466,2,4
226460,226463,226465,2,3
226460,226463,226465,2,3
226460,226464,226466,2,4
226460,226464,226466,2,4
226460,226463,226465,2,3
226460,226463,226465,2,3
226460,226464,226466,2,4
226460,226463,226465,2,3
226460,226463,226465,2,3
226460,226464,226466,2,4
226460,226463,226465,2,3
226460,226463,226465,2,3
226460,226464,226466,2,4
226460,226464,226466,2,4
226460,226463,226465,2,3
226460,226464,226466,2,4
226460,226464,226466,2,4
226460,226464,226466,2,4
226460,226463,226465,2,3
226460,226464,226466,2,4
226460,226464,226466,2,4
226460,226464,226466,2,4
226460,226464,226466,2,4
226460,226465,226466,1,5
226460,226465,226466,1,5
226460,226464,226466,2,4
226461,226465,226511,46,4
226524,226524,226525,1,0
226524,226524,226525,1,0
226524,226524,226525,1,0
226524,226524,226526,2,0
226524,226524,226526,2,0
226524,226524,226526,2,0
226524,226524,226526,2,0
226524,226524,226526,2,0
226524,226524,226526,2,0
226524,226524,226525,1,0
226524,226524,226526,2,0
226524,226524,226526,2,0
226524,226524,226526,2,0
226524,226524,226526,2,0
226524,226524,226526,2,0
226524,226524,226526,2,0
226524,226524,226526,2,0
226524,226524,226525,1,0
226524,226524,226526,2,0
226524,226524,226526,2,0
226524,226524,226526,2,0
226524,226524,226526,2,0
226524,226524,226525,1,0
226524,226524,226526,2,0
226524,226524,226526,2,0
226524,226524,226526,2,0
226524,226524,226526,2,0
226524,226524,226526,2,0
226524,226524,226525,1,0
226524,226524,226526,2,0
226524,226524,226526,2,0
226524,226524,226526,2,0
226524,226524,226526,2,0
226524,226524,226526,2,0
226524,226524,226526,2,0
226524,226524,226526,2,0
226524,226524,226526,2,0
226524,226524,226526,2,0
226524,226524,226526,2,0
226524,226524,226526,2,0
226524,226524,226526,2,0
226524,226524,226526,2,0
226524,226524,226526,2,0
226524,226524,226526,2,0
226524,226524,226526,2,0
226524,226524,226526,2,0
226524,226524,226526,2,0
226524,226524,226526,2,0
226524,226524,226526,2,0
226524,226524,226526,2,0
226524,226524,226526,2,0
226524,226524,226526,2,0
226524,226524,226526,2,0
226524,226524,226526,2,0
226524,226524,226526,2,0
226524,226524,226526,2,0
226524,226524,226526,2,0
226524,226524,226525,1,0
226524,226524,226526,2,0
226524,226524,226526,2,0
226524,226524,226526,2,0
226524,226524,226526,2,0
226524,226524,226527,3,0
226524,226524,226526,2,0
226524,226525,226527,2,1
226524,226524,226526,2,0
226524,226525,226527,2,1
226524,226524,226526,2,0
226524,226525,226527,2,1
226524,226524,226526,2,0
226524,226525,226527,2,1
226524,226525,226527,2,1
226524,226524,226526,2,0
226524,226525,226527,2,1
226524,226525,226527,2,1
226524,226524,226526,2,0
226524,226524,226526,2,0
226524,226524,226527,3,0
226524,226525,226527,2,1
226524,226524,226526,2,0
226524,226525,226527,2,1
226524,226524,226526,2,0
226524,226524,226526,2,0
226524,226526,226528,2,2
226524,226526,226528,2,2
226524,226526,226528,2,2
226524,226526,226528,2,2
226524,226526,226528,2,2
226524,226526,226528,2,2
226524,226526,226528,2,2
226524,226526,226528,2,2
226524,226526,226529,3,2
226524,226526,226529,3,2
226524,226526,226529,3,2
226524,226526,226529,3,2
226524,226526,226529,3,2
226572,226572,226573,1,0
226572,226572,226573,1,0
226572,226572,226574,2,0
226572,226572,226573,1,0
226572,226572,226573,1,0
226572,226572,226573,1,0
226572,226572,226574,2,0
226572,226572,226573,1,0
226572,226572,226574,2,0
226572,226572,226573,1,0
226572,226572,226573,1,0
226572,226572,226573,1,0
226572,226572,226573,1,0
226572,226572,226574,2,0
226572,226572,226573,1,0
226572,226572,226573,1,0
226572,226572,226573,1,0
226572,226572,226573,1,0
226572,226572,226574,2,0
226572,226572,226574,2,0
226572,226572,226573,1,0
226572,226572,226573,1,0
226572,226572,226574,2,0
226572,226572,226573,1,0
226572,226572,226574,2,0
226572,226572,226573,1,0
226572,226572,226574,2,0
226572,226572,226574,2,0
226572,226572,226574,2,0
226572,226572,226574,2,0
226572,226572,226574,2,0
226524,226526,226575,49,2
226603,226603,226604,1,0
226603,226603,226604,1,0
226603,226603,226604,1,0
226603,226603,226604,1,0
226603,226603,226604,1,0
226603,226603,226604,1,0
226603,226603,226605,2,0
226603,226603,226605,2,0
226603,226603,226605,2,0
226603,226603,226605,2,0
226603,226603,226604,1,0
226603,226603,226605,2,0
226603,226603,226605,2,0
226603,226603,226605,2,0
226603,226603,226605,2,0
226603,226603,226605,2,0
226603,226603,226605,2,0
226603,226603,226605,2,0
226603,226603,226605,2,0
226603,226603,226604,1,0
226603,226603,226605,2,0
226603,226603,226605,2,0
226603,226603,226605,2,0
226603,226603,226605,2,0
226603,226603,226605,2,0
226603,226603,226605,2,0
226603,226603,226605,2,0
226603,226603,226605,2,0
226603,226603,226605,2,0
226603,226603,226605,2,0
226603,226603,226605,2,0
226603,226603,226605,2,0
226603,226603,226605,2,0
226603,226603,226605,2,0
226572,226572,226620,48,0
226634,226634,226635,1,0
226634,226634,226635,1,0
226634,226634,226635,1,0
226634,226634,226635,1,0
226634,226634,226636,2,0
226634,226634,226636,2,0
226634,226634,226635,1,0
226634,226634,226636,2,0
226634,226634,226636,2,0
226634,226634,226636,2,0
226634,226634,226636,2,0
226634,226634,226636,2,0
226634,226634,226635,1,0
226634,226634,226636,2,0
226634,226634,226635,1,0
226634,226634,226636,2,0
226634,226634,226635,1,0
226634,226634,226636,2,0
226634,226634,226636,2,0
226634,226634,226636,2,0
226634,226634,226636,2,0
226634,226634,226636,2,0
226634,226634,226636,2,0
226634,226634,226635,1,0
226634,226634,226636,2,0
226634,226634,226636,2,0
226634,226634,226636,2,0
226634,226634,226636,2,0
226634,226634,226636,2,0
226634,226634,226636,2,0
226634,226634,226636,2,0
226634,226634,226636,2,0
226634,226634,226636,2,0
226634,226634,226636,2,0
226603,226603,226651,48,0
226651,226651,226652,1,0
226651,226651,226652,1,0
226651,226651,226652,1,0
226651,226651,226652,1,0
226651,226651,226652,1,0
226651,226651,226652,1,0
226651,226651,226653,2,0
226651,226651,226653,2,0
226651,226651,226653,2,0
226651,226651,226653,2,0
226651,226651,226653,2,0
226651,226651,226653,2,0
226651,226651,226653,2,0
226651,226651,226652,1,0
226651,226651,226653,2,0
226651,226651,226653,2,0
226651,226651,226653,2,0
226651,226651,226653,2,0
226651,226651,226653,2,0
226651,226651,226653,2,0
226651,226651,226653,2,0
226651,226651,226653,2,0
226651,226651,226653,2,0
226651,226651,226653,2,0
226651,226651,226653,2,0
226651,226651,226653,2,0
226651,226651,226653,2,0
226651,226651,226653,2,0
226651,226651,226653,2,0
226651,226651,226653,2,0
226651,226651,226653,2,0
226651,226651,226653,2,0
226651,226651,226653,2,0
226651,226651,226654,3,0
226668,226668,226669,1,0
226668,226668,226669,1,0
226668,226668,226669,1,0
226668,226668,226669,1,0
226668,226668,226669,1,0
226668,226668,226669,1,0
226668,226668,226669,1,0
226668,226668,226670,2,0
226668,226668,226670,2,0
226668,226668,226670,2,0
226668,226668,226670,2,0
226668,226668,226670,2,0
226668,226668,226670,2,0
226668,226668,226670,2,0
226668,226668,226670,2,0
226668,226668,226670,2,0
226668,226668,226670,2,0
226668,226668,226670,2,0
226668,226668,226670,2,0
226668,226668,226670,2,0
226668,226668,226670,2,0
226668,226668,226670,2,0
226668,226668,226670,2,0
226668,226668,226670,2,0
226668,226668,226670,2,0
226668,226668,226670,2,0
226668,226668,226671,3,0
226668,226668,226671,3,0
226668,226668,226671,3,0
226668,226668,226671,3,0
226668,226668,226671,3,0
226668,226668,226671,3,0
226668,226668,226670,2,0
226668,226668,226671,3,0
226634,226634,226689,55,0
226702,226702,226703,1,0
226702,226702,226703,1,0
226702,226702,226703,1,0
226702,226702,226704,2,0
226702,226702,226703,1,0
226702,226702,226704,2,0
226702,226702,226703,1,0
226702,226702,226703,1,0
226702,226702,226704,2,0
226702,226702,226704,2,0
226702,226702,226704,2,0
226702,226702,226703,1,0
226702,226702,226704,2,0
226702,226702,226704,2,0
226702,226702,226703,1,0
226702,226702,226704,2,0
226702,226702,226703,1,0
226702,226702,226704,2,0
226702,226702,226704,2,0
226702,226702,226704,2,0
226702,226702,226704,2,0
226702,226702,226704,2,0
226702,226702,226704,2,0
226702,226702,226705,3,0
226702,226702,226704,2,0
226702,226702,226704,2,0
226702,226702,226704,2,0
226702,226702,226704,2,0
226702,226702,226704,2,0
226702,226702,226704,2,0
226702,226702,226704,2,0
226702,226702,226704,2,0
226702,226702,226704,2,0
226652,226652,226706,54,0
226723,226723,226724,1,0
226723,226723,226724,1,0
226723,226723,226725,2,0
226723,226723,226725,2,0
226723,226723,226724,1,0
226723,226723,226724,1,0
226723,226723,226725,2,0
226723,226723,226724,1,0
226723,226723,226725,2,0
226723,226723,226724,1,0
226723,226723,226725,2,0
226723,226723,226724,1,0
226723,226723,226724,1,0
226723,226723,226725,2,0
226723,226723,226725,2,0
226723,226723,226725,2,0
226723,226723,226724,1,0
226723,226723,226724,1,0
226723,226723,226725,2,0
226723,226723,226724,1,0
226723,226723,226725,2,0
226723,226723,226725,2,0
226723,226723,226725,2,0
226723,226723,226725,2,0
226723,226723,226725,2,0
226723,226723,226725,2,0
226723,226723,226725,2,0
226723,226723,226725,2,0
226723,226723,226725,2,0
226723,226723,226725,2,0
226723,226723,226725,2,0
226723,226723,226725,2,0
226685,226685,226742,57,0
226743,226743,226744,1,0
226743,226743,226744,1,0
226743,226743,226745,2,0
226743,226743,226745,2,0
226743,226743,226744,1,0
226743,226743,226745,2,0
226743,226743,226745,2,0
226743,226743,226744,1,0
226743,226743,226745,2,0
226743,226743,226744,1,0
226743,226743,226745,2,0
226743,226743,226744,1,0
226743,226743,226745,2,0
226743,226743,226744,1,0
226743,226743,226744,1,0
226743,226743,226745,2,0
226743,226743,226745,2,0
226743,226743,226744,1,0
226743,226743,226745,2,0
226743,226743,226745,2,0
226743,226743,226745,2,0
226743,226743,226745,2,0
226743,226743,226745,2,0
226743,226743,226745,2,0
226743,226743,226745,2,0
226743,226743,226745,2,0
226743,226743,226745,2,0
226743,226743,226745,2,0
226743,226743,226745,2,0
226743,226743,226745,2,0
226743,226743,226745,2,0
226743,226743,226745,2,0
226743,226743,226745,2,0
226704,226704,226752,48,0
226705,226705,226756,51,0
226702,226702,226760,58,0
226763,226764,226765,1,1
226763,226764,226765,1,1
226763,226764,226766,2,1
226763,226764,226766,2,1
226764,226764,226765,1,0
226763,226764,226766,2,1
226763,226764,226766,2,1
226764,226764,226766,2,0
226764,226764,226766,2,0
226763,226764,226765,1,1
226763,226764,226765,1,1
226763,226764,226766,2,1
226764,226764,226766,2,0
226764,226764,226766,2,0
226764,226764,226766,2,0
226763,226764,226765,1,1
226764,226764,226766,2,0
226764,226764,226766,2,0
226763,226764,226766,2,1
226763,226764,226765,1,1
226764,226764,226766,2,0
226764,226764,226766,2,0
226763,226764,226766,2,1
226763,226764,226765,1,1
226764,226764,226765,1,0
226764,226764,226766,2,0
226764,226764,226766,2,0
226764,226764,226766,2,0
226763,226764,226765,1,1
226763,226764,226766,2,1
226763,226764,226766,2,1
226763,226764,226766,2,1
226764,226764,226765,1,0
226764,226764,226766,2,0
226764,226764,226766,2,0
226763,226764,226766,2,1
226764,226764,226765,1,0
226764,226764,226766,2,0
226764,226764,226766,2,0
226764,226764,226766,2,0
226763,226764,226766,2,1
226763,226764,226766,2,1
226764,226764,226765,1,0
226764,226764,226766,2,0
226764,226764,226766,2,0
226764,226764,226766,2,0
226763,226764,226765,1,1
226763,226764,226766,2,1
226763,226764,226766,2,1
226763,226764,226766,2,1
226764,226764,226766,2,0
226764,226764,226766,2,0
226764,226764,226766,2,0
226763,226764,226766,2,1
226763,226764,226766,2,1
226764,226764,226766,2,0
226764,226764,226766,2,0
226763,226764,226766,2,1
226763,226764,226766,2,1
226764,226764,226766,2,0
226763,226764,226766,2,1
226764,226764,226766,2,0
226763,226764,226766,2,1
226766,226766,226767,1,0
226766,226766,226767,1,0
226763,226764,226766,2,1
226766,226766,226767,1,0
226764,226764,226766,2,0
226766,226766,226767,1,0
226766,226766,226767,1,0
226766,226766,226767,1,0
226766,226766,226768,2,0
226766,226766,226768,2,0
226766,226766,226768,2,0
226766,226766,226768,2,0
226766,226766,226768,2,0
226766,226767,226768,1,1
226766,226766,226768,2,0
226766,226766,226768,2,0
226766,226766,226768,2,0
226766,226766,226768,2,0
226766,226766,226768,2,0
226766,226766,226768,2,0
226766,226766,226768,2,0
226766,226766,226768,2,0
226766,226766,226768,2,0
226766,226766,226768,2,0
226766,226766,226768,2,0
226766,226767,226768,1,1
226766,226766,226768,2,0
226766,226766,226768,2,0
226766,226766,226769,3,0
226766,226766,226768,2,0
226766,226766,226769,3,0
226766,226766,226769,3,0
226766,226766,226769,3,0
226766,226766,226769,3,0
226766,226766,226769,3,0
226766,226766,226769,3,0
226724,226724,226770,46,0
226725,226725,226780,55,0
226743,226743,226795,52,0
226801,226801,226802,1,0
226800,226801,226802,1,1
226800,226801,226802,1,1
226801,226801,226802,1,0
226800,226801,226802,1,1
226800,226801,226803,2,1
226800,226801,226803,2,1
226801,226801,226802,1,0
226801,226801,226803,2,0
226800,226801,226802,1,1
226800,226801,226803,2,1
226800,226801,226803,2,1
226801,226801,226802,1,0
226801,226801,226803,2,0
226800,226801,226803,2,1
226800,226801,226802,1,1
226801,226801,226802,1,0
226801,226801,226802,1,0
226801,226801,226803,2,0
226801,226801,226803,2,0
226800,226801,226802,1,1
226800,226801,226803,2,1
226800,226801,226802,1,1
226801,226801,226803,2,0
226801,226801,226803,2,0
226801,226801,226803,2,0
226800,226801,226802,1,1
226800,226801,226803,2,1
226800,226801,226802,1,1
226801,226801,226803,2,0
226801,226801,226803,2,0
226801,226801,226803,2,0
226800,226801,226803,2,1
226800,226801,226803,2,1
226801,226801,226802,1,0
226801,226801,226803,2,0
226801,226801,226803,2,0
226801,226801,226803,2,0
226800,226801,226803,2,1
226801,226801,226802,1,0
226801,226801,226803,2,0
226801,226801,226803,2,0
226801,226801,226803,2,0
226800,226801,226802,1,1
226800,226801,226803,2,1
226800,226801,226803,2,1
226801,226801,226802,1,0
226801,226801,226803,2,0
226801,226801,226803,2,0
226801,226801,226803,2,0
226800,226801,226802,1,1
226800,226801,226802,1,1
226801,226801,226803,2,0
226801,226801,226803,2,0
226800,226801,226803,2,1
226801,226801,226803,2,0
226800,226801,226803,2,1
226800,226801,226803,2,1
226800,226801,226802,1,1
226801,226801,226803,2,0
226801,226801,226803,2,0
226801,226801,226803,2,0
226746,226746,226807,61,0
226745,226745,226812,67,0
226764,226764,226815,51,0
226767,226767,226820,53,0
226768,226768,226828,60,0
226833,226833,226834,1,0
226833,226833,226834,1,0
226833,226833,226834,1,0
226833,226833,226834,1,0
226833,226833,226834,1,0
226833,226833,226834,1,0
226833,226833,226834,1,0
226833,226833,226835,2,0
226833,226833,226834,1,0
226833,226833,226835,2,0
226833,226833,226835,2,0
226833,226834,226835,1,1
226833,226834,226835,1,1
226833,226834,226836,2,1
226833,226834,226835,1,1
226833,226833,226835,2,0
226833,226833,226835,2,0
226833,226833,226835,2,0
226833,226834,226835,1,1
226833,226834,226835,1,1
226833,226833,226835,2,0
226833,226833,226835,2,0
226833,226833,226835,2,0
226833,226834,226835,1,1
226833,226834,226836,2,1
226833,226834,226835,1,1
226833,226834,226835,1,1
226833,226833,226835,2,0
226833,226833,226835,2,0
226833,226833,226835,2,0
226833,226834,226835,1,1
226833,226834,226835,1,1
226833,226833,226835,2,0
226833,226833,226835,2,0
226833,226834,226835,1,1
226833,226834,226835,1,1
226833,226834,226836,2,1
226833,226834,226835,1,1
226833,226833,226835,2,0
226833,226833,226836,3,0
226833,226833,226835,2,0
226833,226834,226835,1,1
226833,226834,226835,1,1
226833,226834,226835,1,1
226833,226833,226835,2,0
226833,226833,226835,2,0
226833,226834,226835,1,1
226833,226834,226835,1,1
226833,226833,226835,2,0
226833,226833,226835,2,0
226833,226833,226835,2,0
226833,226834,226835,1,1
226833,226834,226835,1,1
226833,226834,226836,2,1
226833,226834,226835,1,1
226833,226833,226835,2,0
226833,226833,226835,2,0
226833,226834,226835,1,1
226833,226834,226835,1,1
226833,226834,226835,1,1
226833,226833,226836,3,0
226833,226833,226835,2,0
226833,226834,226835,1,1
226833,226834,226835,1,1
226833,226834,226835,1,1
226833,226834,226835,1,1
226833,226834,226836,2,1
226833,226834,226836,2,1
226833,226835,226836,1,2
226833,226834,226836,2,1
226833,226835,226837,2,2
226833,226834,226836,2,1
226833,226835,226837,2,2
226833,226834,226836,2,1
226833,226834,226836,2,1
226833,226835,226837,2,2
226833,226835,226837,2,2
226833,226834,226836,2,1
226833,226834,226836,2,1
226833,226835,226837,2,2
226833,226835,226836,1,2
226833,226834,226836,2,1
226833,226835,226836,1,2
226833,226834,226836,2,1
226833,226834,226836,2,1
226833,226834,226836,2,1
226833,226835,226836,1,2
226833,226834,226836,2,1
226833,226836,226837,1,3
226833,226836,226838,2,3
226833,226836,226838,2,3
226833,226836,226838,2,3
226833,226836,226837,1,3
226833,226836,226838,2,3
226833,226836,226838,2,3
226833,226836,226838,2,3
226833,226836,226838,2,3
226833,226836,226838,2,3
226833,226836,226838,2,3
226833,226836,226838,2,3
226833,226836,226838,2,3
226833,226836,226838,2,3
226801,226801,226862,61,0
226866,226866,226867,1,0
226866,226866,226867,1,0
226866,226866,226867,1,0
226866,226866,226867,1,0
226866,226866,226867,1,0
226866,226866,226867,1,0
226866,226866,226867,1,0
226866,226866,226867,1,0
226866,226866,226867,1,0
226866,226866,226867,1,0
226866,226866,226867,1,0
226866,226866,226867,1,0
226866,226866,226868,2,0
226866,226866,226868,2,0
226866,226866,226868,2,0
226866,226866,226868,2,0
226866,226866,226868,2,0
226866,226866,226868,2,0
226866,226866,226868,2,0
226866,226866,226868,2,0
226866,226866,226868,2,0
226866,226866,226868,2,0
226866,226866,226868,2,0
226866,226866,226868,2,0
226866,226866,226868,2,0
226866,226866,226868,2,0
226866,226866,226868,2,0
226866,226867,226868,1,1
226866,226867,226868,1,1
226866,226866,226868,2,0
226866,226866,226868,2,0
226866,226866,226868,2,0
226866,226867,226868,1,1
226866,226866,226868,2,0
226866,226866,226868,2,0
226866,226866,226868,2,0
226866,226867,226868,1,1
226866,226866,226868,2,0
226866,226866,226868,2,0
226866,226866,226868,2,0
226866,226866,226868,2,0
226866,226867,226868,1,1
226866,226866,226868,2,0
226866,226866,226868,2,0
226866,226866,226868,2,0
226866,226867,226869,2,1
226866,226866,226868,2,0
226866,226866,226868,2,0
226866,226866,226868,2,0
226866,226866,226868,2,0
226866,226866,226868,2,0
226866,226866,226868,2,0
226866,226866,226869,3,0
226866,226867,226869,2,1
226866,226867,226869,2,1
226866,226867,226869,2,1
226866,226867,226869,2,1
226866,226867,226869,2,1
226866,226867,226869,2,1
226866,226867,226869,2,1
226866,226867,226869,2,1
226866,226867,226869,2,1
226866,226867,226869,2,1
226866,226867,226869,2,1
226866,226867,226869,2,1
226866,226867,226869,2,1
226866,226867,226869,2,1
226866,226867,226869,2,1
226897,226897,226898,1,0
226897,226897,226898,1,0
226897,226897,226898,1,0
226897,226897,226898,1,0
226897,226897,226898,1,0
226897,226897,226899,2,0
226897,226898,226899,1,1
226897,226897,226899,2,0
226897,226898,226899,1,1
226897,226898,226899,1,1
226897,226897,226899,2,0
226897,226898,226899,1,1
226897,226898,226899,1,1
226897,226898,226899,1,1
226897,226898,226899,1,1
226897,226897,226899,2,0
226897,226898,226899,1,1
226897,226898,226899,1,1
226897,226897,226899,2,0
226897,226898,226899,1,1
226897,226898,226899,1,1
226897,226898,226899,1,1
226897,226897,226899,2,0
226897,226898,226899,1,1
226897,226898,226899,1,1
226897,226898,226899,1,1
226897,226898,226899,1,1
226897,226898,226899,1,1
226897,226898,226899,1,1
226897,226898,226899,1,1
226897,226898,226899,1,1
226897,226898,226899,1,1
226897,226898,226899,1,1
226897,226898,226900,2,1
226867,226867,226922,55,0
226929,226929,226930,1,0
226929,226929,226930,1,0
226929,226929,226930,1,0
226929,226929,226930,1,0
226929,226929,226930,1,0
226929,226929,226931,2,0
226929,226929,226931,2,0
226929,226929,226931,2,0
226929,226929,226930,1,0
226929,226929,226931,2,0
226929,226929,226931,2,0
226929,226929,226931,2,0
226929,226929,226931,2,0
226929,226929,226930,1,0
226929,226929,226930,1,0
226929,226929,226931,2,0
226929,226929,226931,2,0
226929,226929,226930,1,0
226929,226929,226931,2,0
226929,226929,226931,2,0
226929,226929,226930,1,0
226929,226929,226931,2,0
226929,226929,226931,2,0
226929,226929,226931,2,0
226929,226929,226930,1,0
226929,226929,226931,2,0
226929,226929,226931,2,0
226929,226929,226930,1,0
226929,226929,226931,2,0
226929,226929,226931,2,0
226929,226929,226931,2,0
226929,226929,226931,2,0
226945,226946,226947,1,1
226945,226946,226947,1,1
226945,226946,226947,1,1
226945,226946,226947,1,1
226945,226946,226947,1,1
226945,226946,226947,1,1
226945,226946,226947,1,1
226945,226946,226947,1,1
226945,226946,226947,1,1
226945,226946,226947,1,1
226945,226946,226947,1,1
226945,226946,226947,1,1
226945,226946,226947,1,1
226945,226946,226947,1,1
226945,226946,226947,1,1
226945,226946,226947,1,1
226945,226946,226947,1,1
226945,226946,226947,1,1
226945,226946,226947,1,1
226945,226946,226947,1,1
226945,226946,226947,1,1
226945,226946,226947,1,1
226945,226946,226947,1,1
226945,226946,226947,1,1
226945,226946,226947,1,1
226945,226946,226947,1,1
226945,226946,226947,1,1
226945,226946,226947,1,1
226945,226946,226947,1,1
226945,226946,226947,1,1
226898,226898,226949,51,0
226962,226962,226963,1,0
226962,226962,226963,1,0
226962,226962,226963,1,0
226962,226962,226963,1,0
226962,226962,226964,2,0
226962,226963,226964,1,1
226962,226962,226964,2,0
226962,226963,226964,1,1
226962,226962,226964,2,0
226962,226963,226964,1,1
226962,226963,226964,1,1
226962,226963,226964,1,1
226962,226963,226964,1,1
226962,226963,226964,1,1
226962,226962,226964,2,0
226962,226963,226964,1,1
226962,226963,226964,1,1
226962,226962,226964,2,0
226962,226963,226964,1,1
226962,226963,226964,1,1
226962,226963,226964,1,1
226962,226963,226964,1,1
226962,226963,226964,1,1
226962,226963,226964,1,1
226962,226963,226964,1,1
226962,226963,226964,1,1
226962,226963,226964,1,1
226962,226963,226964,1,1
226962,226963,226964,1,1
226962,226963,226964,1,1
226962,226963,226964,1,1
226962,226963,226964,1,1
226962,226963,226965,2,1
226929,226929,226985,56,0
226995,226995,226996,1,0
226995,226995,226996,1,0
226995,226995,226996,1,0
226995,226995,226996,1,0
226995,226995,226996,1,0
226995,226995,226996,1,0
226995,226995,226996,1,0
226995,226995,226996,1,0
226995,226995,226996,1,0
226995,226995,226996,1,0
226995,226995,226996,1,0
226995,226995,226996,1,0
226995,226995,226996,1,0
226995,226995,226996,1,0
226995,226995,226996,1,0
226995,226995,226996,1,0
226995,226995,226997,2,0
226995,226995,226996,1,0
226995,226995,226996,1,0
226995,226995,226996,1,0
226995,226995,226996,1,0
226995,226995,226997,2,0
226995,226995,226996,1,0
226995,226995,226997,2,0
226995,226995,226996,1,0
226995,226995,226996,1,0
226995,226995,226996,1,0
226995,226995,226997,2,0
226995,226995,226996,1,0
226995,226995,226996,1,0
226995,226995,226997,2,0
226995,226995,226997,2,0
226946,226946,226998,52,0
226963,226963,227014,51,0
227015,227015,227016,1,0
227015,227015,227016,1,0
227015,227015,227016,1,0
227015,227015,227016,1,0
227015,227015,227016,1,0
227015,227015,227016,1,0
227015,227015,227017,2,0
227015,227015,227016,1,0
227015,227015,227017,2,0
227015,227015,227017,2,0
227015,227016,227017,1,1
227015,227015,227017,2,0
227015,227015,227017,2,0
227015,227015,227017,2,0
227015,227015,227017,2,0
227015,227015,227017,2,0
227015,227015,227017,2,0
227015,227015,227017,2,0
227015,227015,227017,2,0
227015,227015,227017,2,0
227015,227015,227017,2,0
227015,227015,227017,2,0
227015,227015,227017,2,0
227015,227015,227017,2,0
227015,227015,227017,2,0
227015,227015,227016,1,0
227015,227015,227017,2,0
227015,227015,227017,2,0
227015,227015,227017,2,0
227015,227015,227017,2,0
227017,227017,227018,1,0
227017,227017,227018,1,0
227017,227017,227019,2,0
227017,227017,227018,1,0
227017,227017,227019,2,0
227017,227017,227019,2,0
227017,227017,227019,2,0
227017,227017,227019,2,0
227017,227017,227018,1,0
227017,227017,227019,2,0
227017,227017,227019,2,0
227017,227017,227019,2,0
227017,227017,227019,2,0
227017,227017,227019,2,0
227017,227017,227019,2,0
227017,227017,227019,2,0
227017,227017,227019,2,0
227017,227017,227019,2,0
227017,227017,227019,2,0
227017,227017,227018,1,0
227017,227017,227019,2,0
227017,227017,227019,2,0
227017,227017,227018,1,0
227017,227017,227019,2,0
227017,227017,227019,2,0
227017,227017,227018,1,0
227015,227016,227017,1,1
227015,227016,227017,1,1
227017,227017,227019,2,0
227017,227017,227019,2,0
227017,227019,227020,1,2
227017,227019,227021,2,2
226979,226980,227027,47,1
227038,227038,227039,1,0
227038,227038,227039,1,0
227038,227038,227039,1,0
227038,227038,227039,1,0
227038,227038,227040,2,0
227038,227038,227040,2,0
227038,227038,227039,1,0
227038,227038,227039,1,0
227038,227038,227040,2,0
227038,227038,227039,1,0
227038,227038,227039,1,0
227038,227038,227039,1,0
227038,227038,227039,1,0
227038,227038,227040,2,0
227038,227038,227039,1,0
227038,227038,227040,2,0
227038,227038,227039,1,0
227038,227038,227039,1,0
227038,227038,227040,2,0
227038,227038,227040,2,0
227038,227038,227040,2,0
227038,227038,227040,2,0
227038,227038,227040,2,0
227038,227038,227039,1,0
227038,227038,227040,2,0
227038,227038,227039,1,0
227038,227038,227040,2,0
226999,226999,227047,48,0
226997,226997,227050,53,0
227054,227054,227055,1,0
227054,227054,227055,1,0
227054,227054,227055,1,0
227054,227054,227055,1,0
227054,227054,227055,1,0
227054,227054,227055,1,0
227054,227054,227056,2,0
227054,227054,227055,1,0
227054,227054,227056,2,0
227054,227054,227056,2,0
227054,227054,227056,2,0
227054,227054,227056,2,0
227054,227054,227056,2,0
227054,227054,227056,2,0
227054,227054,227056,2,0
227054,227054,227056,2,0
227054,227054,227056,2,0
227054,227054,227055,1,0
227054,227054,227056,2,0
227054,227054,227056,2,0
227054,227054,227056,2,0
227054,227054,227056,2,0
227054,227054,227056,2,0
227054,227054,227056,2,0
227054,227054,227056,2,0
227054,227054,227056,2,0
227054,227054,227056,2,0
227054,227054,227056,2,0
227054,227054,227056,2,0
227054,227054,227056,2,0
227054,227054,227056,2,0
227054,227054,227056,2,0
227054,227054,227056,2,0
227054,227054,227056,2,0
226996,226996,227057,61,0
227019,227019,227068,49,0
227015,227015,227070,55,0
227071,227071,227072,1,0
227071,227071,227072,1,0
227017,227019,227071,52,2
227071,227071,227072,1,0
227071,227071,227072,1,0
227071,227071,227072,1,0
227071,227071,227072,1,0
227071,227071,227072,1,0
227071,227071,227072,1,0
227071,227071,227072,1,0
227071,227071,227073,2,0
227071,227071,227073,2,0
227071,227071,227073,2,0
227071,227071,227073,2,0
227071,227071,227072,1,0
227071,227071,227073,2,0
227071,227071,227073,2,0
227071,227071,227073,2,0
227071,227071,227073,2,0
227071,227071,227073,2,0
227071,227071,227073,2,0
227071,227071,227073,2,0
227071,227071,227073,2,0
227071,227071,227073,2,0
227071,227071,227073,2,0
227071,227071,227073,2,0
227071,227071,227073,2,0
227071,227071,227073,2,0
227071,227071,227073,2,0
227071,227071,227073,2,0
227071,227071,227073,2,0
227071,227071,227073,2,0
227071,227071,227073,2,0
227071,227071,227072,1,0
227071,227071,227073,2,0
227071,227071,227073,2,0
227071,227071,227073,2,0
227071,227071,227073,2,0
227071,227071,227072,1,0
227071,227071,227073,2,0
227071,227071,227073,2,0
227071,227071,227073,2,0
227071,227071,227073,2,0
227071,227071,227073,2,0
227071,227071,227073,2,0
227071,227071,227073,2,0
227071,227071,227073,2,0
227071,227071,227073,2,0
227071,227071,227073,2,0
227071,227071,227073,2,0
227071,227071,227073,2,0
227071,227071,227073,2,0
227071,227071,227073,2,0
227071,227071,227073,2,0
227071,227071,227073,2,0
227071,227071,227073,2,0
227071,227071,227073,2,0
227071,227071,227073,2,0
227071,227071,227073,2,0
227071,227071,227073,2,0
227071,227071,227073,2,0
227071,227071,227073,2,0
227071,227071,227073,2,0
227071,227071,227073,2,0
227071,227071,227073,2,0
227071,227071,227074,3,0
227071,227072,227074,2,1
227071,227071,227074,3,0
227071,227071,227074,3,0
227071,227072,227074,2,1
227071,227071,227073,2,0
227071,227071,227074,3,0
227071,227072,227074,2,1
227071,227071,227074,3,0
227071,227071,227074,3,0
227071,227072,227074,2,1
227071,227072,227074,2,1
227071,227071,227074,3,0
227071,227072,227074,2,1
227071,227071,227074,3,0
227071,227071,227074,3,0
227071,227071,227074,3,0
227071,227072,227074,2,1
227020,227020,227074,54,0
227071,227071,227074,3,0
227071,227072,227074,2,1
227071,227073,227075,2,2
227071,227073,227075,2,2
227071,227073,227075,2,2
227071,227073,227075,2,2
227071,227072,227075,3,1
227071,227072,227075,3,1
227071,227073,227075,2,2
227071,227073,227075,2,2
227071,227073,227075,2,2
227071,227074,227075,1,3
227071,227074,227075,1,3
227071,227074,227075,1,3
227071,227074,227075,1,3
227071,227074,227075,1,3
227071,227074,227076,2,3
227071,227074,227076,2,3
227071,227074,227075,1,3
227071,227074,227076,2,3
227038,227038,227096,58,0
227055,227055,227103,48,0
227105,227105,227106,1,0
227105,227105,227107,2,0
227105,227105,227106,1,0
227105,227105,227106,1,0
227105,227105,227106,1,0
227105,227105,227106,1,0
227105,227105,227106,1,0
227105,227105,227106,1,0
227105,227105,227106,1,0
227105,227105,227107,2,0
227105,227105,227107,2,0
227105,227106,227107,1,1
227105,227106,227108,2,1
227105,227105,227108,3,0
227105,227105,227107,2,0
227105,227105,227107,2,0
227105,227106,227108,2,1
227105,227105,227108,3,0
227105,227105,227107,2,0
227105,227106,227107,1,1
227105,227106,227108,2,1
227105,227105,227107,2,0
227105,227105,227108,3,0
227105,227105,227107,2,0
227105,227106,227108,2,1
227105,227106,227107,1,1
227105,227105,227108,3,0
227105,227105,227107,2,0
227105,227106,227107,1,1
227105,227105,227107,2,0
227105,227105,227108,3,0
227105,227105,227107,2,0
227105,227106,227107,1,1
227105,227105,227108,3,0
227105,227105,227107,2,0
227105,227106,227107,1,1
227105,227105,227108,3,0
227105,227105,227107,2,0
227105,227106,227107,1,1
227105,227106,227108,2,1
227105,227106,227107,1,1
227105,227105,227108,3,0
227105,227105,227108,3,0
227105,227106,227107,1,1
227105,227106,227108,2,1
227105,227106,227108,2,1
227105,227105,227108,3,0
227105,227105,227107,2,0
227105,227105,227107,2,0
227105,227106,227107,1,1
227105,227106,227108,2,1
227105,227106,227108,2,1
227105,227105,227108,3,0
227105,227106,227109,3,1
227105,227106,227108,2,1
227105,227106,227108,2,1
227105,227106,227108,2,1
227105,227106,227108,2,1
227105,227106,227108,2,1
227105,227106,227108,2,1
227105,227107,227109,2,2
227105,227106,227108,2,1
227105,227106,227108,2,1
227105,227106,227108,2,1
227105,227107,227109,2,2
227105,227108,227109,1,3
227105,227106,227108,2,1
227105,227106,227108,2,1
227105,227106,227108,2,1
227105,227106,227108,2,1
227105,227106,227108,2,1
227105,227107,227109,2,2
227105,227106,227108,2,1
227105,227106,227108,2,1
227105,227106,227108,2,1
227105,227107,227108,1,2
227105,227106,227108,2,1
227105,227107,227109,2,2
227105,227106,227109,3,1
227105,227106,227108,2,1
227105,227106,227108,2,1
227105,227106,227108,2,1
227105,227107,227109,2,2
227105,227106,227108,2,1
227105,227107,227109,2,2
227105,227107,227109,2,2
227105,227106,227108,2,1
227105,227106,227108,2,1
227105,227107,227109,2,2
227105,227108,227110,2,3
227105,227108,227109,1,3
227105,227108,227109,1,3
227105,227107,227109,2,2
227105,227108,227109,1,3
227105,227108,227109,1,3
227105,227108,227109,1,3
227105,227108,227109,1,3
227105,227108,227109,1,3
227105,227108,227109,1,3
227105,227108,227109,1,3
227105,227108,227109,1,3
227105,227108,227109,1,3
227072,227074,227129,55,2
227153,227153,227154,1,0
227153,227153,227154,1,0
227153,227153,227155,2,0
227153,227153,227154,1,0
227153,227153,227154,1,0
227153,227153,227154,1,0
227153,227153,227154,1,0
227153,227153,227154,1,0
227153,227153,227155,2,0
227153,227153,227155,2,0
227153,227154,227155,1,1
227153,227154,227156,2,1
227153,227154,227155,1,1
227153,227153,227156,3,0
227153,227153,227155,2,0
227153,227154,227155,1,1
227153,227154,227156,2,1
227153,227154,227155,1,1
227153,227154,227155,1,1
227153,227153,227156,3,0
227153,227153,227155,2,0
227153,227154,227155,1,1
227153,227154,227155,1,1
227153,227154,227155,1,1
227153,227153,227155,2,0
227153,227153,227156,3,0
227153,227153,227155,2,0
227153,227154,227155,1,1
227153,227154,227156,2,1
227153,227154,227155,1,1
227153,227153,227156,3,0
227153,227153,227155,2,0
227153,227153,227155,2,0
227153,227154,227155,1,1
227153,227154,227156,2,1
227153,227154,227155,1,1
227153,227153,227155,2,0
227153,227153,227155,2,0
227153,227153,227155,2,0
227153,227154,227155,1,1
227153,227154,227156,2,1
227153,227154,227155,1,1
227153,227154,227155,1,1
227153,227153,227155,2,0
227153,227153,227156,3,0
227153,227153,227155,2,0
227153,227154,227155,1,1
227153,227154,227156,2,1
227153,227154,227155,1,1
227153,227153,227155,2,0
227153,227153,227155,2,0
227153,227153,227155,2,0
227153,227154,227156,2,1
227153,227154,227156,2,1
227153,227154,227155,1,1
227153,227153,227156,3,0
227153,227153,227155,2,0
227153,227154,227155,1,1
227153,227154,227156,2,1
227153,227154,227156,2,1
227153,227154,227155,1,1
227153,227153,227155,2,0
227153,227153,227156,3,0
227153,227153,227155,2,0
227153,227154,227155,1,1
227153,227154,227156,2,1
227153,227154,227156,2,1
227153,227154,227156,2,1
227106,227108,227157,49,2
227186,227186,227187,1,0
227186,227186,227187,1,0
227186,227186,227187,1,0
227186,227186,227187,1,0
227186,227186,227187,1,0
227186,227186,227187,1,0
227186,227186,227187,1,0
227186,227186,227187,1,0
227186,227186,227188,2,0
227186,227186,227187,1,0
227186,227186,227188,2,0
227186,227186,227188,2,0
227186,227186,227188,2,0
227186,227186,227187,1,0
227186,227186,227188,2,0
227186,227186,227188,2,0
227186,227186,227188,2,0
227186,227186,227188,2,0
227186,227186,227188,2,0
227186,227186,227188,2,0
227186,227186,227188,2,0
227186,227186,227188,2,0
227186,227186,227188,2,0
227186,227186,227188,2,0
227186,227186,227188,2,0
227186,227186,227188,2,0
227186,227186,227188,2,0
227186,227186,227188,2,0
227186,227186,227188,2,0
227186,227186,227188,2,0
227186,227186,227188,2,0
227186,227186,227189,3,0
227186,227186,227188,2,0
227186,227186,227188,2,0
227154,227154,227205,51,0
227219,227219,227220,1,0
227219,227219,227220,1,0
227219,227219,227220,1,0
227219,227219,227220,1,0
227219,227219,227221,2,0
227219,227219,227220,1,0
227219,227219,227220,1,0
227219,227219,227220,1,0
227219,227219,227220,1,0
227219,227219,227220,1,0
227219,227219,227221,2,0
227219,227219,227221,2,0
227219,227219,227220,1,0
227219,227219,227220,1,0
227219,227219,227220,1,0
227219,227219,227221,2,0
227219,227219,227220,1,0
227219,227219,227220,1,0
227219,227219,227221,2,0
227219,227219,227221,2,0
227219,227219,227221,2,0
227219,227219,227221,2,0
227219,227219,227221,2,0
227219,227219,227221,2,0
227219,227219,227221,2,0
227219,227219,227220,1,0
227219,227219,227220,1,0
227219,227219,227221,2,0
227219,227219,227221,2,0
227219,227219,227221,2,0
227219,227219,227221,2,0
227219,227219,227221,2,0
227219,227219,227221,2,0
227236,227236,227237,1,0
227236,227236,227237,1,0
227236,227236,227237,1,0
227236,227236,227237,1,0
227236,227236,227237,1,0
227236,227236,227237,1,0
227236,227236,227237,1,0
227236,227236,227237,1,0
227236,227236,227238,2,0
227236,227236,227238,2,0
227236,227236,227238,2,0
227236,227236,227238,2,0
227236,227236,227238,2,0
227236,227236,227238,2,0
227236,227236,227238,2,0
227236,227236,227238,2,0
227236,227236,227238,2,0
227236,227236,227238,2,0
227236,227236,227238,2,0
227236,227236,227238,2,0
227236,227236,227238,2,0
227236,227236,227238,2,0
227236,227236,227238,2,0
227236,227236,227238,2,0
227236,227236,227238,2,0
227236,227236,227238,2,0
227236,227236,227238,2,0
227236,227236,227238,2,0
227236,227236,227238,2,0
227236,227236,227238,2,0
227236,227236,227238,2,0
227236,227236,227238,2,0
227236,227236,227238,2,0
227236,227236,227238,2,0
227186,227187,227248,61,1
227254,227254,227255,1,0
227254,227254,227255,1,0
227254,227254,227255,1,0
227254,227254,227255,1,0
227254,227254,227255,1,0
227254,227254,227255,1,0
227254,227254,227255,1,0
227254,227254,227255,1,0
227254,227254,227255,1,0
227254,227254,227255,1,0
227254,227254,227255,1,0
227254,227254,227256,2,0
227254,227254,227256,2,0
227254,227254,227256,2,0
227254,227254,227255,1,0
227254,227254,227255,1,0
227254,227254,227255,1,0
227254,227254,227255,1,0
227254,227254,227255,1,0
227254,227254,227256,2,0
227254,227254,227256,2,0
227254,227254,227255,1,0
227254,227254,227255,1,0
227254,227254,227255,1,0
227254,227254,227255,1,0
227254,227254,227256,2,0
227254,227254,227256,2,0
227254,227254,227255,1,0
227254,227254,227255,1,0
227254,227254,227255,1,0
227254,227254,227256,2,0
227254,227254,227256,2,0
227254,227254,227256,2,0
227219,227219,227266,47,0
227271,227272,227273,1,1
227271,227272,227273,1,1
227271,227272,227274,2,1
227271,227272,227274,2,1
227271,227272,227273,1,1
227271,227272,227274,2,1
227271,227272,227273,1,1
227271,227272,227273,1,1
227271,227272,227274,2,1
227271,227272,227273,1,1
227271,227272,227274,2,1
227271,227272,227273,1,1
227271,227272,227273,1,1
227271,227272,227273,1,1
227271,227272,227274,2,1
227271,227272,227273,1,1
227271,227272,227274,2,1
227271,227272,227274,2,1
227271,227272,227273,1,1
227271,227272,227274,2,1
227271,227272,227273,1,1
227271,227272,227274,2,1
227271,227272,227274,2,1
227271,227272,227274,2,1
227271,227272,227274,2,1
227271,227272,227274,2,1
227271,227272,227274,2,1
227271,227275,227276,1,4
227271,227275,227276,1,4
227271,227275,227276,1,4
227237,227237,227294,57,0
227306,227306,227307,1,0
227306,227306,227307,1,0
227306,227306,227307,1,0
227306,227306,227307,1,0
227306,227306,227308,2,0
227306,227306,227308,2,0
227306,227306,227308,2,0
227306,227306,227308,2,0
227306,227306,227308,2,0
227306,227306,227308,2,0
227306,227306,227308,2,0
227306,227306,227308,2,0
227306,227306,227308,2,0
227306,227306,227308,2,0
227306,227306,227308,2,0
227306,227306,227308,2,0
227306,227306,227308,2,0
227306,227306,227308,2,0
227306,227306,227308,2,0
227306,227306,227308,2,0
227306,227306,227308,2,0
227306,227306,227308,2,0
227306,227306,227308,2,0
227306,227306,227309,3,0
227306,227306,227308,2,0
227306,227306,227309,3,0
227306,227306,227308,2,0
227306,227306,227308,2,0
227306,227306,227309,3,0
227306,227306,227308,2,0
227306,227306,227309,3,0
227306,227306,227309,3,0
227306,227306,227308,2,0
227306,227306,227308,2,0
227254,227254,227317,63,0
227328,227328,227329,1,0
227328,227328,227329,1,0
227328,227328,227329,1,0
227328,227328,227329,1,0
227328,227328,227330,2,0
227328,227328,227330,2,0
227328,227328,227330,2,0
227328,227328,227330,2,0
227328,227328,227330,2,0
227328,227328,227330,2,0
227328,227328,227329,1,0
227328,227328,227330,2,0
227328,227328,227329,1,0
227328,227328,227330,2,0
227328,227328,227330,2,0
227328,227328,227330,2,0
227328,227328,227330,2,0
227328,227328,227330,2,0
227328,227328,227330,2,0
227328,227328,227330,2,0
227328,227328,227330,2,0
227328,227328,227330,2,0
227328,227328,227330,2,0
227328,227328,227330,2,0
227328,227328,227331,3,0
227272,227275,227331,56,3
227328,227328,227331,3,0
227328,227328,227331,3,0
227328,227328,227330,2,0
227328,227328,227331,3,0
227328,227328,227330,2,0
227328,227328,227331,3,0
227328,227328,227330,2,0
227328,227328,227331,3,0
227328,227328,227331,3,0
227349,227349,227350,1,0
227349,227349,227350,1,0
227349,227349,227350,1,0
227349,227349,227350,1,0
227349,227349,227350,1,0
227349,227349,227350,1,0
227349,227349,227350,1,0
227349,227349,227351,2,0
227349,227349,227351,2,0
227349,227349,227351,2,0
227349,227349,227351,2,0
227349,227349,227351,2,0
227349,227349,227351,2,0
227349,227349,227351,2,0
227349,227349,227351,2,0
227349,227349,227351,2,0
227349,227349,227351,2,0
227349,227349,227351,2,0
227349,227349,227351,2,0
227349,227349,227351,2,0
227349,227349,227351,2,0
227349,227349,227351,2,0
227349,227349,227351,2,0
227349,227349,227351,2,0
227349,227349,227351,2,0
227349,227349,227351,2,0
227349,227349,227351,2,0
227349,227349,227352,3,0
227290,227290,227352,62,0
227349,227349,227352,3,0
227349,227349,227351,2,0
227349,227349,227352,3,0
227349,227349,227352,3,0
227349,227349,227352,3,0
227349,227349,227352,3,0
227310,227310,227358,48,0
227309,227309,227360,51,0
227307,227307,227360,53,0
227370,227370,227371,1,0
227370,227370,227372,2,0
227370,227370,227372,2,0
227370,227370,227372,2,0
227370,227371,227372,1,1
227370,227370,227371,1,0
227370,227370,227371,1,0
227370,227371,227372,1,1
227370,227371,227373,2,1
227370,227371,227372,1,1
227370,227371,227373,2,1
227370,227370,227372,2,0
227370,227370,227373,3,0
227370,227371,227372,1,1
227370,227371,227373,2,1
227370,227371,227373,2,1
227370,227370,227373,3,0
227370,227370,227372,2,0
227370,227371,227372,1,1
227370,227371,227373,2,1
227370,227371,227373,2,1
227370,227370,227373,3,0
227370,227370,227373,3,0
227370,227371,227372,1,1
227370,227371,227373,2,1
227370,227370,227373,3,0
227370,227370,227373,3,0
227370,227371,227372,1,1
227370,227371,227373,2,1
227370,227370,227372,2,0
227370,227370,227373,3,0
227370,227370,227372,2,0
227370,227371,227373,2,1
227370,227371,227373,2,1
227370,227370,227372,2,0
227370,227370,227373,3,0
227370,227371,227372,1,1
227370,227371,227373,2,1
227370,227370,227373,3,0
227370,227370,227373,3,0
227370,227371,227373,2,1
227370,227371,227372,1,1
227370,227370,227373,3,0
227370,227370,227373,3,0
227370,227371,227372,1,1
227370,227371,227372,1,1
227370,227371,227373,2,1
227370,227371,227373,2,1
227370,227370,227373,3,0
227370,227370,227373,3,0
227370,227370,227373,3,0
227370,227371,227372,1,1
227370,227371,227373,2,1
227370,227371,227373,2,1
227370,227371,227373,2,1
227370,227371,227373,2,1
227370,227371,227373,2,1
227370,227371,227373,2,1
227370,227371,227373,2,1
227370,227370,227373,3,0
227370,227371,227373,2,1
227370,227370,227373,3,0
227370,227371,227373,2,1
227370,227370,227373,3,0
227370,227371,227373,2,1
227370,227370,227373,3,0
227370,227370,227373,3,0
227370,227371,227373,2,1
227373,227373,227375,2,0
227373,227373,227375,2,0
227373,227373,227375,2,0
227373,227373,227374,1,0
227373,227373,227375,2,0
227373,227373,227375,2,0
227373,227373,227375,2,0
227373,227373,227375,2,0
227373,227373,227375,2,0
227373,227373,227375,2,0
227373,227373,227375,2,0
227373,227373,227375,2,0
227373,227373,227374,1,0
227373,227373,227375,2,0
227373,227373,227375,2,0
227373,227373,227374,1,0
227373,227373,227375,2,0
227373,227373,227375,2,0
227373,227373,227374,1,0
227373,227373,227375,2,0
227373,227373,227375,2,0
227373,227373,227374,1,0
227373,227373,227375,2,0
227373,227373,227375,2,0
227373,227373,227375,2,0
227373,227373,227375,2,0
227373,227373,227375,2,0
227373,227373,227375,2,0
227373,227373,227375,2,0
227373,227373,227375,2,0
227375,227375,227376,1,0
227373,227373,227375,2,0
227375,227375,227376,1,0
227373,227373,227375,2,0
227373,227373,227375,2,0
227373,227373,227375,2,0
227331,227331,227376,45,0
227375,227375,227376,1,0
227375,227375,227377,2,0
227375,227375,227377,2,0
227375,227375,227377,2,0
227375,227375,227377,2,0
227375,227375,227377,2,0
227375,227375,227377,2,0
227375,227375,227377,2,0
227375,227375,227377,2,0
227375,227375,227377,2,0
227375,227375,227376,1,0
227375,227375,227377,2,0
227375,227375,227377,2,0
227375,227375,227377,2,0
227375,227375,227377,2,0
227375,227375,227377,2,0
227375,227375,227377,2,0
227375,227375,227376,1,0
227375,227375,227377,2,0
227375,227375,227377,2,0
227375,227375,227377,2,0
227375,227375,227377,2,0
227375,227375,227378,3,0
227375,227375,227377,2,0
227375,227375,227378,3,0
227375,227375,227378,3,0
227375,227375,227377,2,0
227375,227375,227378,3,0
227375,227375,227377,2,0
227375,227375,227377,2,0
227375,227375,227377,2,0
227375,227375,227378,3,0
227330,227330,227384,54,0
227329,227329,227384,55,0
227350,227350,227403,53,0
227353,227353,227405,52,0
227411,227411,227412,1,0
227410,227411,227412,1,1
227410,227411,227412,1,1
227410,227411,227412,1,1
227411,227411,227412,1,0
227410,227411,227412,1,1
227410,227411,227413,2,1
227411,227411,227413,2,0
227411,227411,227412,1,0
227410,227411,227412,1,1
227410,227411,227413,2,1
227410,227411,227413,2,1
227411,227411,227413,2,0
227410,227411,227412,1,1
227410,227411,227413,2,1
227411,227411,227412,1,0
227411,227411,227413,2,0
227411,227411,227413,2,0
227410,227411,227412,1,1
227410,227411,227412,1,1
227411,227411,227412,1,0
227411,227411,227413,2,0
227410,227411,227412,1,1
227410,227411,227412,1,1
227410,227411,227413,2,1
227411,227411,227413,2,0
227411,227411,227413,2,0
227411,227411,227412,1,0
227411,227411,227413,2,0
227410,227411,227412,1,1
227410,227411,227412,1,1
227411,227411,227413,2,0
227410,227411,227413,2,1
227410,227411,227413,2,1
227410,227411,227413,2,1
227411,227411,227412,1,0
227411,227411,227412,1,0
227410,227411,227412,1,1
227410,227411,227413,2,1
227411,227411,227412,1,0
227411,227411,227413,2,0
227410,227411,227413,2,1
227410,227411,227413,2,1
227411,227411,227412,1,0
227411,227411,227413,2,0
227411,227411,227412,1,0
227410,227411,227413,2,1
227410,227411,227413,2,1
227411,227411,227413,2,0
227411,227411,227413,2,0
227411,227412,227414,2,1
227411,227412,227414,2,1
227411,227411,227413,2,0
227411,227411,227413,2,0
227411,227412,227413,1,1
227351,227351,227414,63,0
227410,227411,227413,2,1
227411,227411,227413,2,0
227411,227411,227413,2,0
227411,227411,227413,2,0
227411,227411,227413,2,0
227411,227411,227413,2,0
227411,227411,227413,2,0
227411,227412,227414,2,1
227411,227412,227413,1,1
227411,227412,227413,1,1
227411,227411,227413,2,0
227411,227412,227413,1,1
227411,227411,227414,3,0
227411,227411,227414,3,0
227411,227411,227413,2,0
227411,227411,227413,2,0
227411,227411,227413,2,0
227411,227411,227413,2,0
227411,227412,227414,2,1
227411,227411,227414,3,0
227411,227411,227414,3,0
227411,227412,227414,2,1
227411,227412,227414,2,1
227411,227411,227414,3,0
227411,227412,227414,2,1
227411,227412,227414,2,1
227411,227413,227415,2,2
227411,227413,227415,2,2
227411,227413,227415,2,2
227411,227413,227415,2,2
227411,227413,227415,2,2
227411,227413,227415,2,2
227411,227413,227415,2,2
227411,227413,227415,2,2
227411,227413,227415,2,2
227411,227413,227415,2,2
227411,227413,227415,2,2
227411,227413,227415,2,2
227411,227413,227415,2,2
227411,227413,227415,2,2
227371,227371,227421,50,0
227374,227374,227424,50,0
227376,227376,227430,54,0
227459,227459,227460,1,0
227459,227459,227460,1,0
227459,227459,227460,1,0
227459,227460,227461,1,1
227459,227459,227460,1,0
227459,227459,227460,1,0
227459,227459,227461,2,0
227459,227459,227461,2,0
227459,227459,227460,1,0
227459,227459,227460,1,0
227459,227459,227460,1,0
227459,227459,227461,2,0
227459,227459,227461,2,0
227459,227460,227461,1,1
227459,227460,227462,2,1
227459,227460,227462,2,1
227459,227460,227461,1,1
227459,227460,227462,2,1
227459,227459,227461,2,0
227459,227459,227461,2,0
227459,227459,227461,2,0
227459,227460,227461,1,1
227459,227460,227461,1,1
227459,227460,227461,1,1
227459,227459,227461,2,0
227459,227459,227462,3,0
227459,227460,227461,1,1
227459,227460,227461,1,1
227459,227459,227461,2,0
227459,227459,227462,3,0
227459,227460,227461,1,1
227459,227460,227461,1,1
227459,227460,227461,1,1
227459,227459,227461,2,0
227459,227459,227461,2,0
227459,227459,227461,2,0
227459,227460,227461,1,1
227459,227460,227462,2,1
227459,227459,227461,2,0
227459,227459,227461,2,0
227459,227460,227461,1,1
227459,227460,227461,1,1
227459,227459,227461,2,0
227459,227459,227461,2,0
227459,227460,227461,1,1
227459,227460,227461,1,1
227459,227460,227461,1,1
227459,227459,227461,2,0
227459,227459,227462,3,0
227459,227459,227461,2,0
227459,227460,227461,1,1
227459,227460,227461,1,1
227459,227460,227461,1,1
227459,227459,227461,2,0
227459,227460,227461,1,1
227459,227460,227462,2,1
227459,227460,227461,1,1
227459,227459,227461,2,0
227459,227459,227462,3,0
227459,227459,227461,2,0
227459,227460,227461,1,1
227459,227460,227462,2,1
227459,227460,227461,1,1
227459,227460,227462,2,1
227459,227460,227462,2,1
227459,227461,227462,1,2
227459,227461,227462,1,2
227459,227460,227462,2,1
227459,227461,227462,1,2
227459,227461,227462,1,2
227459,227460,227462,2,1
227459,227460,227462,2,1
227459,227461,227463,2,2
227459,227460,227462,2,1
227459,227460,227462,2,1
227459,227460,227462,2,1
227459,227461,227462,1,2
227459,227460,227462,2,1
227459,227460,227462,2,1
227459,227461,227462,1,2
227459,227459,227462,3,0
227459,227460,227462,2,1
227459,227461,227462,1,2
227459,227461,227462,1,2
227459,227460,227462,2,1
227459,227461,227462,1,2
227459,227460,227462,2,1
227459,227461,227462,1,2
227459,227460,227462,2,1
227411,227413,227462,49,2
227459,227460,227462,2,1
227459,227462,227463,1,3
227459,227462,227463,1,3
227459,227462,227464,2,3
227459,227462,227464,2,3
227459,227462,227464,2,3
227459,227462,227463,1,3
227459,227462,227463,1,3
227459,227462,227464,2,3
227459,227462,227464,2,3
227459,227462,227464,2,3
227459,227462,227464,2,3
227459,227462,227464,2,3
227507,227508,227509,1,1
227508,227508,227509,1,0
227508,227508,227509,1,0
227507,227508,227509,1,1
227507,227508,227509,1,1
227507,227508,227510,2,1
227508,227508,227509,1,0
227508,227508,227510,2,0
227508,227508,227510,2,0
227507,227508,227509,1,1
227507,227508,227510,2,1
227508,227508,227510,2,0
227508,227508,227510,2,0
227508,227508,227510,2,0
227507,227508,227509,1,1
227507,227508,227510,2,1
227507,227508,227510,2,1
227508,227508,227509,1,0
227508,227508,227510,2,0
227508,227508,227509,1,0
227507,227508,227509,1,1
227507,227508,227510,2,1
227508,227508,227509,1,0
227508,227508,227510,2,0
227508,227508,227510,2,0
227508,227508,227510,2,0
227507,227508,227510,2,1
227507,227508,227510,2,1
227508,227508,227510,2,0
227508,227508,227510,2,0
227508,227508,227510,2,0
227507,227508,227509,1,1
227507,227508,227510,2,1
227507,227508,227510,2,1
227508,227508,227510,2,0
227508,227508,227510,2,0
227507,227508,227509,1,1
227507,227508,227510,2,1
227508,227508,227509,1,0
227508,227508,227510,2,0
227508,227508,227510,2,0
227508,227508,227510,2,0
227507,227508,227509,1,1
227507,227508,227510,2,1
227508,227508,227510,2,0
227508,227508,227510,2,0
227508,227508,227510,2,0
227507,227508,227510,2,1
227507,227508,227510,2,1
227508,227508,227509,1,0
227508,227508,227510,2,0
227508,227508,227510,2,0
227508,227508,227510,2,0
227507,227508,227509,1,1
227507,227508,227510,2,1
227508,227508,227509,1,0
227508,227508,227510,2,0
227508,227508,227510,2,0
227507,227508,227510,2,1
227507,227508,227510,2,1
227507,227508,227510,2,1
227460,227462,227515,53,2
227539,227540,227541,1,1
227539,227540,227541,1,1
227540,227540,227541,1,0
227540,227540,227541,1,0
227539,227540,227541,1,1
227539,227540,227541,1,1
227539,227540,227541,1,1
227540,227540,227541,1,0
227540,227540,227542,2,0
227540,227540,227542,2,0
227539,227540,227542,2,1
227539,227540,227542,2,1
227540,227540,227541,1,0
227539,227540,227542,2,1
227539,227540,227542,2,1
227539,227540,227542,2,1
227540,227540,227541,1,0
227540,227540,227542,2,0
227539,227540,227541,1,1
227539,227540,227541,1,1
227539,227540,227541,1,1
227540,227540,227541,1,0
227540,227540,227542,2,0
227540,227540,227542,2,0
227539,227540,227541,1,1
227539,227540,227541,1,1
227540,227540,227542,2,0
227539,227540,227541,1,1
227539,227540,227542,2,1
227539,227540,227542,2,1
227540,227540,227541,1,0
227540,227540,227542,2,0
227540,227540,227542,2,0
227539,227540,227542,2,1
227539,227540,227542,2,1
227540,227540,227542,2,0
227540,227540,227542,2,0
227540,227540,227542,2,0
227539,227540,227541,1,1
227539,227540,227542,2,1
227539,227540,227542,2,1
227540,227540,227541,1,0
227539,227540,227541,1,1
227539,227540,227541,1,1
227540,227540,227541,1,0
227540,227540,227542,2,0
227540,227540,227542,2,0
227540,227540,227542,2,0
227539,227540,227541,1,1
227539,227540,227542,2,1
227540,227540,227541,1,0
227540,227540,227542,2,0
227540,227540,227542,2,0
227540,227540,227542,2,0
227540,227540,227542,2,0
227540,227540,227542,2,0
227540,227540,227542,2,0
227540,227540,227543,3,0
227540,227540,227542,2,0
227540,227540,227542,2,0
227540,227540,227542,2,0
227508,227508,227559,51,0
227571,227571,227572,1,0
227571,227571,227572,1,0
227571,227571,227572,1,0
227571,227571,227572,1,0
227571,227571,227572,1,0
227571,227571,227572,1,0
227571,227571,227572,1,0
227571,227571,227573,2,0
227571,227571,227572,1,0
227571,227571,227572,1,0
227571,227571,227572,1,0
227571,227571,227573,2,0
227571,227571,227573,2,0
227571,227571,227572,1,0
227571,227571,227573,2,0
227571,227571,227573,2,0
227571,227571,227573,2,0
227571,227571,227573,2,0
227571,227571,227572,1,0
227571,227571,227573,2,0
227571,227571,227573,2,0
227571,227571,227573,2,0
227571,227571,227573,2,0
227571,227571,227573,2,0
227571,227571,227573,2,0
227571,227571,227573,2,0
227571,227571,227573,2,0
227571,227571,227573,2,0
227571,227571,227573,2,0
227571,227571,227573,2,0
227571,227571,227573,2,0
227571,227571,227573,2,0
227571,227571,227573,2,0
227571,227571,227573,2,0
227540,227540,227587,47,0
227601,227601,227602,1,0
227601,227601,227602,1,0
227601,227601,227602,1,0
227601,227601,227602,1,0
227601,227601,227602,1,0
227601,227601,227603,2,0
227601,227601,227603,2,0
227601,227601,227602,1,0
227601,227601,227602,1,0
227601,227601,227602,1,0
227601,227601,227603,2,0
227601,227601,227603,2,0
227601,227601,227602,1,0
227601,227601,227603,2,0
227601,227601,227603,2,0
227601,227601,227603,2,0
227601,227601,227603,2,0
227601,227601,227603,2,0
227601,227601,227603,2,0
227601,227601,227603,2,0
227601,227601,227602,1,0
227601,227601,227603,2,0
227601,227601,227603,2,0
227601,227601,227603,2,0
227601,227601,227603,2,0
227601,227601,227602,1,0
227601,227601,227603,2,0
227601,227601,227603,2,0
227601,227601,227603,2,0
227601,227601,227603,2,0
227601,227601,227603,2,0
227618,227618,227619,1,0
227618,227618,227619,1,0
227618,227618,227619,1,0
227618,227618,227619,1,0
227618,227618,227619,1,0
227618,227618,227620,2,0
227618,227618,227620,2,0
227618,227618,227620,2,0
227618,227618,227620,2,0
227618,227618,227619,1,0
227618,227618,227619,1,0
227618,227618,227620,2,0
227618,227618,227619,1,0
227618,227618,227619,1,0
227618,227618,227619,1,0
227618,227618,227620,2,0
227618,227618,227620,2,0
227618,227618,227619,1,0
227618,227618,227620,2,0
227618,227618,227620,2,0
227618,227618,227619,1,0
227618,227618,227619,1,0
227618,227618,227620,2,0
227618,227618,227620,2,0
227618,227618,227619,1,0
227618,227618,227619,1,0
227618,227618,227620,2,0
227618,227618,227620,2,0
227618,227618,227619,1,0
227618,227618,227620,2,0
227618,227618,227619,1,0
227601,227601,227658,57,0
227660,227660,227661,1,0
227660,227660,227661,1,0
227660,227660,227661,1,0
227660,227660,227661,1,0
227660,227660,227662,2,0
227660,227660,227662,2,0
227660,227660,227661,1,0
227660,227660,227662,2,0
227660,227660,227662,2,0
227660,227660,227662,2,0
227660,227660,227662,2,0
227660,227660,227662,2,0
227660,227660,227661,1,0
227660,227660,227662,2,0
227660,227660,227662,2,0
227660,227660,227662,2,0
227660,227660,227662,2,0
227660,227660,227662,2,0
227660,227660,227662,2,0
227660,227660,227661,1,0
227660,227660,227662,2,0
227660,227660,227662,2,0
227660,227660,227662,2,0
227660,227660,227662,2,0
227660,227660,227662,2,0
227660,227660,227662,2,0
227660,227660,227662,2,0
227660,227660,227662,2,0
227660,227660,227663,3,0
227660,227660,227662,2,0
227660,227660,227662,2,0
227660,227660,227662,2,0
227660,227660,227662,2,0
227660,227660,227662,2,0
227634,227634,227681,47,0
227683,227683,227684,1,0
227683,227683,227684,1,0
227683,227683,227685,2,0
227683,227683,227684,1,0
227683,227683,227684,1,0
227683,227683,227684,1,0
227683,227683,227684,1,0
227683,227683,227685,2,0
227683,227683,227684,1,0
227683,227683,227684,1,0
227683,227683,227684,1,0
227683,227683,227684,1,0
227683,227683,227684,1,0
227683,227683,227684,1,0
227683,227683,227684,1,0
227683,227683,227685,2,0
227683,227683,227684,1,0
227683,227683,227684,1,0
227683,227683,227685,2,0
227683,227683,227684,1,0
227683,227683,227685,2,0
227683,227683,227684,1,0
227683,227683,227684,1,0
227683,227683,227685,2,0
227683,227683,227684,1,0
227683,227683,227684,1,0
227683,227683,227697,14,0
227683,227683,227697,14,0
227683,227683,227698,15,0
227683,227683,227697,14,0
227656,227656,227708,52,0
227659,227659,227708,49,0
227661,227661,227709,48,0
227652,227652,227711,59,0
227651,227651,227711,60,0
227650,227650,227713,63,0
227662,227662,227715,53,0
227716,227716,227717,1,0
227654,227654,227716,62,0
227716,227716,227717,1,0
227716,227716,227717,1,0
227716,227716,227717,1,0
227716,227716,227717,1,0
227716,227716,227717,1,0
227716,227716,227717,1,0
227716,227716,227717,1,0
227716,227716,227717,1,0
227716,227716,227718,2,0
227716,227716,227717,1,0
227716,227716,227718,2,0
227716,227716,227718,2,0
227716,227716,227718,2,0
227716,227716,227718,2,0
227716,227717,227718,1,1
227716,227717,227718,1,1
227716,227716,227717,1,0
227716,227716,227718,2,0
227716,227716,227718,2,0
227716,227717,227718,1,1
227716,227716,227718,2,0
227716,227716,227717,1,0
227716,227716,227717,1,0
227716,227716,227718,2,0
227716,227716,227718,2,0
227716,227716,227717,1,0
227716,227716,227718,2,0
227716,227716,227718,2,0
227716,227716,227718,2,0
227716,227716,227718,2,0
227716,227716,227718,2,0
227716,227716,227717,1,0
227716,227716,227718,2,0
227716,227717,227718,1,1
227716,227717,227718,1,1
227716,227717,227718,1,1
227716,227717,227718,1,1
227716,227717,227718,1,1
227716,227717,227718,1,1
227657,227657,227719,62,0
227716,227716,227718,2,0
227716,227716,227719,3,0
227716,227716,227718,2,0
227716,227716,227718,2,0
227716,227716,227719,3,0
227716,227716,227718,2,0
227716,227716,227718,2,0
227716,227716,227718,2,0
227716,227716,227718,2,0
227716,227716,227718,2,0
227716,227716,227719,3,0
227716,227717,227718,1,1
227716,227716,227718,2,0
227716,227717,227718,1,1
227716,227716,227719,3,0
227716,227716,227719,3,0
227716,227716,227718,2,0
227716,227716,227718,2,0
227716,227717,227719,2,1
227716,227717,227719,2,1
227716,227716,227718,2,0
227716,227716,227719,3,0
227716,227716,227718,2,0
227716,227716,227718,2,0
227716,227717,227718,1,1
227716,227716,227718,2,0
227716,227716,227719,3,0
227716,227716,227718,2,0
227716,227717,227719,2,1
227716,227716,227718,2,0
227716,227716,227718,2,0
227716,227719,227720,1,3
227716,227719,227720,1,3
227716,227718,227719,1,2
227716,227718,227720,2,2
227716,227718,227720,2,2
227716,227718,227720,2,2
227716,227718,227720,2,2
227716,227718,227720,2,2
227716,227718,227720,2,2
227716,227718,227720,2,2
227716,227718,227720,2,2
227716,227718,227720,2,2
227716,227718,227720,2,2
227716,227718,227720,2,2
227716,227718,227720,2,2
227716,227718,227720,2,2
227716,227718,227720,2,2
227716,227718,227720,2,2
227716,227720,227721,1,4
227716,227718,227720,2,2
227716,227718,227720,2,2
227716,227718,227720,2,2
227716,227718,227720,2,2
227716,227718,227720,2,2
227716,227718,227720,2,2
227716,227718,227720,2,2
227716,227718,227720,2,2
227716,227719,227721,2,3
227716,227719,227720,1,3
227716,227719,227720,1,3
227716,227719,227720,1,3
227716,227720,227721,1,4
227716,227719,227721,2,3
227716,227719,227721,2,3
227716,227718,227721,3,2
227716,227718,227721,3,2
227716,227720,227721,1,4
227716,227720,227721,1,4
227716,227720,227722,2,4
227716,227720,227722,2,4
227716,227720,227721,1,4
227716,227720,227721,1,4
227716,227720,227721,1,4
227716,227720,227722,2,4
227716,227720,227721,1,4
227716,227720,227721,1,4
227716,227720,227721,1,4
227716,227719,227722,3,3
227716,227720,227722,2,4
227716,227720,227721,1,4
227716,227720,227721,1,4
227716,227720,227721,1,4
227716,227720,227721,1,4
227716,227720,227721,1,4
227716,227720,227721,1,4
227716,227720,227721,1,4
227716,227720,227721,1,4
227716,227717,227718,1,1
227716,227717,227718,1,1
227716,227717,227718,1,1
227716,227720,227721,1,4
227716,227720,227722,2,4
227716,227720,227722,2,4
227719,227721,227722,1,2
227719,227721,227722,1,2
227716,227720,227722,2,4
227719,227721,227722,1,2
227719,227721,227722,1,2
227719,227721,227722,1,2
227719,227721,227722,1,2
227719,227721,227722,1,2
227716,227721,227722,1,5
227716,227721,227722,1,5
227716,227720,227722,2,4
227716,227720,227722,2,4
227716,227720,227722,2,4
227716,227721,227723,2,5
227716,227721,227723,2,5
227716,227720,227722,2,4
227716,227720,227722,2,4
227716,227720,227722,2,4
227716,227721,227723,2,5
227716,227721,227723,2,5
227716,227720,227722,2,4
227716,227720,227722,2,4
227716,227721,227723,2,5
227716,227721,227722,1,5
227716,227721,227723,2,5
227716,227721,227722,1,5
227716,227721,227723,2,5
227716,227721,227723,2,5
227716,227721,227723,2,5
227716,227721,227722,1,5
227716,227721,227722,1,5
227716,227721,227723,2,5
227716,227721,227723,2,5
227716,227721,227723,2,5
227716,227721,227722,1,5
227716,227721,227722,1,5
227716,227721,227722,1,5
227719,227722,227723,1,3
227719,227722,227723,1,3
227719,227722,227724,2,3
227719,227722,227724,2,3
227719,227722,227724,2,3
227719,227722,227724,2,3
227719,227722,227724,2,3
227719,227722,227724,2,3
227719,227722,227724,2,3
227719,227722,227724,2,3
227719,227722,227724,2,3
227719,227722,227724,2,3
227719,227722,227724,2,3
227719,227722,227724,2,3
227716,227721,227723,2,5
227719,227722,227724,2,3
227719,227722,227724,2,3
227719,227722,227724,2,3
227719,227722,227724,2,3
227719,227722,227724,2,3
227719,227722,227724,2,3
227719,227722,227724,2,3
227719,227722,227724,2,3
227719,227722,227724,2,3
227719,227722,227724,2,3
227719,227722,227724,2,3
227721,227723,227724,1,2
227721,227723,227724,1,2
227721,227723,227724,1,2
227721,227723,227724,1,2
227721,227723,227725,2,2
227721,227723,227725,2,2
227721,227723,227725,2,2
227721,227723,227725,2,2
227721,227723,227725,2,2
227721,227723,227725,2,2
227719,227722,227724,2,3
227721,227723,227725,2,2
227721,227723,227724,1,2
227721,227723,227725,2,2
227721,227723,227725,2,2
227721,227723,227724,1,2
227721,227723,227725,2,2
227721,227723,227725,2,2
227721,227723,227725,2,2
227721,227723,227725,2,2
227721,227723,227725,2,2
227721,227723,227725,2,2
227721,227723,227725,2,2
227721,227723,227725,2,2
227721,227723,227725,2,2
227721,227723,227725,2,2
227721,227723,227725,2,2
227721,227723,227725,2,2
227716,227722,227724,2,6
227716,227722,227725,3,6
227721,227723,227725,2,2
227721,227723,227725,2,2
227721,227723,227725,2,2
227719,227722,227724,2,3
227721,227723,227724,1,2
227688,227688,227737,49,0
227691,227691,227744,53,0
227682,227682,227749,67,0
227658,227658,227751,93,0
227685,227685,227753,68,0
227696,227696,227757,61,0
227687,227687,227759,72,0
227690,227693,227760,67,3
227693,227693,227761,68,0
227664,227664,227761,97,0
227695,227695,227763,68,0
227722,227723,227782,59,1
227784,227784,227785,1,0
227784,227784,227785,1,0
227784,227784,227785,1,0
227784,227784,227785,1,0
227784,227784,227785,1,0
227784,227784,227785,1,0
227784,227784,227786,2,0
227784,227784,227785,1,0
227784,227784,227785,1,0
227784,227784,227786,2,0
227784,227784,227786,2,0
227784,227784,227785,1,0
227784,227784,227785,1,0
227784,227784,227786,2,0
227784,227784,227786,2,0
227784,227784,227786,2,0
227784,227785,227786,1,1
227784,227785,227786,1,1
227784,227785,227786,1,1
227784,227785,227787,2,1
227784,227784,227786,2,0
227784,227784,227786,2,0
227784,227784,227786,2,0
227784,227785,227786,1,1
227784,227785,227786,1,1
227784,227785,227786,1,1
227784,227784,227786,2,0
227784,227784,227786,2,0
227784,227785,227786,1,1
227784,227785,227786,1,1
227784,227785,227786,1,1
227784,227784,227786,2,0
227784,227784,227786,2,0
227784,227785,227786,1,1
227784,227785,227786,1,1
227784,227785,227786,1,1
227784,227785,227786,1,1
227784,227784,227786,2,0
227784,227784,227786,2,0
227784,227785,227786,1,1
227784,227785,227786,1,1
227784,227785,227786,1,1
227784,227785,227786,1,1
227784,227784,227786,2,0
227784,227784,227786,2,0
227784,227785,227786,1,1
227784,227785,227786,1,1
227784,227785,227786,1,1
227784,227784,227786,2,0
227784,227784,227786,2,0
227784,227785,227786,1,1
227784,227785,227786,1,1
227784,227785,227786,1,1
227784,227785,227787,2,1
227784,227784,227786,2,0
227784,227784,227786,2,0
227784,227785,227786,1,1
227784,227785,227786,1,1
227784,227785,227786,1,1
227784,227785,227786,1,1
227784,227784,227786,2,0
227784,227784,227786,2,0
227784,227785,227786,1,1
227784,227785,227786,1,1
227784,227785,227786,1,1
227784,227784,227786,2,0
227784,227784,227786,2,0
227784,227784,227786,2,0
227784,227785,227786,1,1
227784,227785,227786,1,1
227784,227785,227786,1,1
227784,227785,227786,1,1
227784,227785,227787,2,1
227784,227785,227787,2,1
227784,227786,227788,2,2
227784,227787,227788,1,3
227784,227785,227787,2,1
227784,227786,227788,2,2
227784,227786,227788,2,2
227784,227785,227787,2,1
227784,227785,227787,2,1
227784,227786,227788,2,2
227784,227786,227788,2,2
227784,227786,227787,1,2
227784,227785,227787,2,1
227784,227785,227787,2,1
227784,227786,227788,2,2
227784,227786,227788,2,2
227784,227786,227788,2,2
227784,227786,227787,1,2
227784,227786,227787,1,2
227784,227785,227787,2,1
227784,227786,227787,1,2
227784,227786,227787,1,2
227784,227787,227788,1,3
227784,227787,227788,1,3
227784,227787,227789,2,3
227784,227787,227789,2,3
227785,227787,227788,1,2
227785,227787,227788,1,2
227785,227787,227789,2,2
227785,227787,227789,2,2
227785,227787,227789,2,2
227784,227787,227788,1,3
227785,227787,227789,2,2
227785,227787,227789,2,2
227785,227787,227789,2,2
227785,227787,227789,2,2
227785,227787,227789,2,2
227785,227787,227788,1,2
227785,227787,227789,2,2
227785,227787,227788,1,2
227785,227787,227788,1,2
227785,227787,227789,2,2
227785,227787,227789,2,2
227785,227787,227788,1,2
227785,227787,227789,2,2
227785,227787,227789,2,2
227785,227787,227789,2,2
227785,227787,227788,1,2
227785,227787,227789,2,2
227785,227787,227789,2,2
227785,227787,227788,1,2
227785,227787,227789,2,2
227785,227787,227788,1,2
227785,227787,227789,2,2
227785,227787,227789,2,2
227785,227787,227788,1,2
227785,227787,227788,1,2
227785,227787,227789,2,2
227785,227787,227789,2,2
227785,227787,227789,2,2
227785,227787,227788,1,2
227785,227787,227789,2,2
227785,227787,227789,2,2
227785,227787,227789,2,2
227785,227787,227789,2,2
227785,227787,227790,3,2
227785,227787,227789,2,2
227786,227788,227790,2,2
227785,227787,227789,2,2
227785,227787,227789,2,2
227785,227787,227789,2,2
227785,227787,227789,2,2
227785,227787,227789,2,2
227786,227788,227790,2,2
227784,227787,227789,2,3
227784,227787,227789,2,3
227784,227787,227789,2,3
227786,227789,227790,1,3
227786,227789,227790,1,3
227786,227789,227790,1,3
227785,227788,227790,2,3
227785,227788,227790,2,3
227787,227790,227791,1,3
227785,227788,227790,2,3
227785,227788,227790,2,3
227785,227788,227790,2,3
227787,227790,227791,1,3
227785,227787,227790,3,2
227785,227787,227790,3,2
227785,227788,227790,2,3
227785,227788,227790,2,3
227785,227788,227790,2,3
227785,227787,227790,3,2
227785,227788,227790,2,3
227785,227788,227790,2,3
227785,227788,227790,2,3
227785,227788,227790,2,3
227785,227788,227790,2,3
227786,227789,227790,1,3
227785,227788,227790,2,3
227785,227788,227790,2,3
227785,227788,227790,2,3
227785,227787,227790,3,2
227786,227788,227790,2,2
227785,227787,227790,3,2
227786,227788,227790,2,2
227785,227788,227790,2,3
227786,227789,227790,1,3
227787,227790,227792,2,3
227786,227790,227792,2,4
227787,227790,227791,1,3
227786,227790,227792,2,4
227787,227790,227791,1,3
227787,227790,227792,2,3
227786,227790,227792,2,4
227786,227790,227791,1,4
227787,227790,227792,2,3
227786,227790,227792,2,4
227786,227790,227792,2,4
227787,227790,227791,1,3
227786,227790,227792,2,4
227786,227790,227791,1,4
227787,227790,227792,2,3
227787,227790,227792,2,3
227785,227788,227791,3,3
227786,227790,227792,2,4
227786,227790,227791,1,4
227787,227790,227791,1,3
227787,227791,227792,1,4
227786,227790,227792,2,4
227786,227790,227792,2,4
227787,227790,227792,2,3
227786,227790,227792,2,4
227786,227790,227792,2,4
227786,227790,227791,1,4
227787,227790,227792,2,3
227787,227790,227792,2,3
227787,227790,227792,2,3
227786,227790,227792,2,4
227786,227790,227792,2,4
227786,227790,227792,2,4
227786,227790,227792,2,4
227787,227790,227792,2,3
227786,227790,227792,2,4
227786,227790,227792,2,4
227787,227790,227792,2,3
227786,227790,227792,2,4
227787,227790,227792,2,3
227787,227790,227792,2,3
227786,227790,227792,2,4
227787,227790,227792,2,3
227787,227790,227792,2,3
227786,227790,227792,2,4
227787,227791,227793,2,4
227787,227791,227793,2,4
227786,227790,227792,2,4
227787,227791,227792,1,4
227787,227790,227792,2,3
227787,227790,227792,2,3
227787,227791,227793,2,4
227787,227791,227792,1,4
227787,227790,227792,2,3
227787,227790,227792,2,3
227787,227790,227792,2,3
227864,227864,227865,1,0
227864,227864,227865,1,0
227864,227864,227865,1,0
227864,227864,227865,1,0
227864,227864,227866,2,0
227864,227864,227865,1,0
227864,227864,227865,1,0
227864,227864,227865,1,0
227864,227864,227865,1,0
227864,227864,227865,1,0
227864,227864,227867,3,0
227864,227864,227866,2,0
227864,227865,227867,2,1
227865,227865,227866,1,0
227864,227864,227867,3,0
227864,227864,227866,2,0
227864,227865,227866,1,1
227864,227865,227867,2,1
227864,227865,227867,2,1
227864,227865,227867,2,1
227865,227865,227866,1,0
227864,227864,227866,2,0
227864,227864,227867,3,0
227864,227864,227866,2,0
227864,227865,227866,1,1
227864,227865,227867,2,1
227865,227865,227866,1,0
227865,227865,227867,2,0
227864,227864,227866,2,0
227864,227864,227866,2,0
227864,227865,227866,1,1
227864,227865,227867,2,1
227865,227865,227866,1,0
227864,227864,227866,2,0
227864,227864,227866,2,0
227864,227864,227867,3,0
227864,227865,227866,1,1
227864,227865,227867,2,1
227865,227865,227867,2,0
227864,227864,227867,3,0
227864,227864,227867,3,0
227864,227865,227867,2,1
227864,227865,227867,2,1
227865,227865,227866,1,0
227864,227864,227867,3,0
227864,227864,227867,3,0
227864,227865,227867,2,1
227864,227864,227867,3,0
227864,227864,227866,2,0
227864,227865,227866,1,1
227864,227865,227867,2,1
227864,227865,227867,2,1
227864,227865,227867,2,1
227865,227865,227867,2,0
227864,227864,227867,3,0
227864,227864,227866,2,0
227864,227865,227866,1,1
227864,227865,227867,2,1
227864,227865,227867,2,1
227864,227865,227867,2,1
227864,227864,227867,3,0
227864,227864,227866,2,0
227864,227865,227866,1,1
227864,227865,227867,2,1
227865,227865,227866,1,0
227864,227864,227867,3,0
227864,227865,227867,2,1
227864,227865,227867,2,1
227865,227865,227867,2,0
227865,227867,227868,1,2
227865,227865,227867,2,0
227864,227865,227867,2,1
227865,227866,227867,1,1
227864,227865,227867,2,1
227864,227865,227867,2,1
227865,227865,227867,2,0
227865,227866,227868,2,1
227865,227866,227868,2,1
227864,227865,227867,2,1
227864,227865,227867,2,1
227865,227866,227868,2,1
227865,227866,227867,1,1
227865,227867,227868,1,2
227864,227864,227867,3,0
227864,227865,227867,2,1
227865,227866,227868,2,1
227864,227865,227867,2,1
227865,227866,227868,2,1
227865,227866,227868,2,1
227864,227865,227867,2,1
227865,227866,227868,2,1
227865,227867,227868,1,2
227865,227867,227869,2,2
227865,227867,227869,2,2
227865,227867,227869,2,2
227865,227867,227869,2,2
227865,227867,227869,2,2
227865,227867,227869,2,2
227865,227867,227869,2,2
227865,227867,227869,2,2
227865,227867,227869,2,2
227865,227867,227869,2,2
227865,227867,227868,1,2
227865,227867,227868,1,2
227865,227867,227868,1,2
227865,227867,227869,2,2
227865,227867,227869,2,2
227865,227867,227869,2,2
227865,227867,227869,2,2
227865,227866,227869,3,1
227865,227867,227869,2,2
227865,227867,227869,2,2
227865,227867,227869,2,2
227865,227867,227869,2,2
227865,227867,227869,2,2
227865,227867,227869,2,2
227865,227867,227868,1,2
227865,227867,227869,2,2
227865,227867,227869,2,2
227865,227867,227869,2,2
227865,227867,227869,2,2
227865,227867,227869,2,2
227865,227867,227869,2,2
227865,227867,227869,2,2
227865,227867,227869,2,2
227865,227867,227869,2,2
227865,227867,227869,2,2
227865,227867,227869,2,2
227865,227867,227869,2,2
227865,227867,227869,2,2
227865,227867,227869,2,2
227865,227867,227869,2,2
227865,227867,227869,2,2
227865,227867,227870,3,2
227865,227867,227869,2,2
227865,227867,227869,2,2
227865,227867,227924,57,2
227940,227941,227942,1,1
227940,227941,227942,1,1
227940,227941,227942,1,1
227940,227941,227942,1,1
227941,227941,227943,2,0
227941,227941,227943,2,0
227940,227941,227942,1,1
227940,227941,227943,2,1
227940,227941,227943,2,1
227941,227941,227942,1,0
227941,227941,227943,2,0
227941,227941,227943,2,0
227940,227941,227943,2,1
227940,227941,227943,2,1
227940,227941,227943,2,1
227941,227941,227943,2,0
227941,227941,227943,2,0
227940,227941,227943,2,1
227940,227941,227942,1,1
227941,227941,227943,2,0
227941,227941,227943,2,0
227940,227941,227943,2,1
227940,227941,227943,2,1
227941,227941,227942,1,0
227941,227941,227943,2,0
227941,227941,227943,2,0
227940,227941,227943,2,1
227940,227941,227943,2,1
227940,227941,227943,2,1
227941,227941,227943,2,0
227941,227941,227943,2,0
227940,227941,227943,2,1
227940,227941,227942,1,1
227941,227941,227942,1,0
227941,227941,227943,2,0
227941,227941,227943,2,0
227941,227941,227943,2,0
227940,227941,227942,1,1
227940,227941,227943,2,1
227940,227941,227943,2,1
227941,227941,227942,1,0
227941,227941,227943,2,0
227941,227941,227943,2,0
227940,227941,227943,2,1
227940,227941,227943,2,1
227941,227941,227942,1,0
227941,227941,227943,2,0
227941,227941,227943,2,0
227940,227941,227942,1,1
227940,227941,227943,2,1
227940,227941,227943,2,1
227941,227941,227942,1,0
227941,227941,227943,2,0
227941,227941,227943,2,0
227941,227941,227943,2,0
227941,227941,227943,2,0
227940,227941,227943,2,1
227941,227941,227943,2,0
227941,227941,227943,2,0
227941,227941,227943,2,0
227941,227941,227943,2,0
227941,227941,227943,2,0
227987,227987,227988,1,0
227987,227987,227988,1,0
227987,227987,227988,1,0
227987,227987,227988,1,0
227987,227987,227988,1,0
227987,227987,227989,2,0
227987,227987,227989,2,0
227987,227987,227988,1,0
227987,227987,227989,2,0
227987,227987,227989,2,0
227987,227987,227989,2,0
227987,227987,227988,1,0
227987,227987,227989,2,0
227987,227987,227988,1,0
227987,227987,227989,2,0
227987,227987,227988,1,0
227987,227987,227989,2,0
227941,227941,227989,48,0
227987,227987,227989,2,0
227987,227987,227989,2,0
227987,227987,227989,2,0
227987,227987,227989,2,0
227987,227987,227989,2,0
227987,227987,227989,2,0
227987,227987,227990,3,0
227987,227987,227989,2,0
227987,227987,227989,2,0
227987,227987,227989,2,0
227987,227987,227989,2,0
227987,227987,227989,2,0
227987,227987,227989,2,0
227987,227987,227989,2,0
227987,227987,227989,2,0
227987,227987,227989,2,0
227987,227987,227989,2,0
228018,228018,228019,1,0
228018,228018,228019,1,0
228018,228018,228019,1,0
228018,228018,228019,1,0
228018,228018,228019,1,0
228018,228018,228020,2,0
228018,228018,228020,2,0
228018,228018,228020,2,0
228018,228018,228020,2,0
228018,228018,228020,2,0
228018,228018,228020,2,0
228018,228018,228020,2,0
228018,228018,228020,2,0
228018,228018,228020,2,0
228018,228018,228020,2,0
228018,228018,228020,2,0
228018,228018,228020,2,0
228018,228018,228019,1,0
228018,228018,228020,2,0
228018,228018,228020,2,0
228018,228018,228020,2,0
228018,228018,228020,2,0
228018,228018,228020,2,0
228018,228018,228020,2,0
228018,228018,228019,1,0
228018,228018,228020,2,0
228018,228018,228020,2,0
228018,228018,228020,2,0
228018,228018,228020,2,0
228018,228018,228020,2,0
228018,228018,228020,2,0
228018,228018,228020,2,0
228018,228018,228020,2,0
228018,228018,228021,3,0
227987,227987,228035,48,0
228050,228050,228051,1,0
228050,228050,228051,1,0
228050,228050,228051,1,0
228050,228050,228051,1,0
228050,228050,228051,1,0
228050,228050,228051,1,0
228050,228050,228051,1,0
228050,228050,228052,2,0
228050,228050,228052,2,0
228050,228050,228051,1,0
228050,228050,228052,2,0
228050,228050,228052,2,0
228050,228050,228052,2,0
228050,228050,228052,2,0
228050,228050,228051,1,0
228050,228050,228052,2,0
228050,228050,228052,2,0
228050,228050,228052,2,0
228050,228050,228052,2,0
228050,228050,228052,2,0
228050,228050,228052,2,0
228050,228050,228052,2,0
228050,228050,228052,2,0
228050,228050,228051,1,0
228050,228050,228052,2,0
228050,228050,228052,2,0
228050,228050,228052,2,0
228050,228050,228052,2,0
228050,228050,228052,2,0
228050,228050,228052,2,0
228050,228050,228052,2,0
228050,228050,228052,2,0
228050,228050,228052,2,0
228050,228050,228052,2,0
228067,228067,228068,1,0
228067,228067,228068,1,0
228067,228067,228068,1,0
228067,228067,228069,2,0
228067,228067,228068,1,0
228067,228067,228069,2,0
228067,228067,228068,1,0
228067,228067,228069,2,0
228067,228067,228068,1,0
228067,228067,228068,1,0
228067,228067,228069,2,0
228067,228067,228068,1,0
228067,228067,228069,2,0
228067,228067,228068,1,0
228067,228067,228068,1,0
228067,228067,228069,2,0
228067,228067,228069,2,0
228067,228067,228068,1,0
228067,228067,228069,2,0
228067,228067,228069,2,0
228067,228067,228068,1,0
228067,228067,228068,1,0
228067,228067,228068,1,0
228067,228067,228068,1,0
228067,228067,228068,1,0
228019,228019,228071,52,0
228084,228084,228085,1,0
228084,228084,228085,1,0
228084,228084,228085,1,0
228084,228084,228085,1,0
228084,228084,228085,1,0
228084,228084,228085,1,0
228084,228084,228085,1,0
228084,228084,228085,1,0
228084,228084,228086,2,0
228084,228084,228086,2,0
228084,228084,228086,2,0
228084,228084,228085,1,0
228084,228084,228086,2,0
228084,228084,228086,2,0
228084,228084,228086,2,0
228084,228084,228085,1,0
228084,228084,228086,2,0
228084,228084,228086,2,0
228084,228084,228086,2,0
228084,228084,228085,1,0
228084,228084,228086,2,0
228084,228084,228086,2,0
228084,228084,228086,2,0
228084,228084,228086,2,0
228084,228084,228086,2,0
228084,228084,228086,2,0
228084,228084,228086,2,0
228084,228084,228086,2,0
228084,228084,228086,2,0
228084,228084,228086,2,0
228084,228084,228086,2,0
228084,228084,228086,2,0
228084,228084,228086,2,0
228084,228084,228086,2,0
228050,228051,228101,50,1
228067,228067,228113,46,0
228117,228117,228118,1,0
228117,228117,228118,1,0
228117,228117,228118,1,0
228117,228117,228118,1,0
228117,228117,228118,1,0
228117,228117,228118,1,0
228117,228117,228119,2,0
228117,228117,228119,2,0
228117,228117,228119,2,0
228117,228117,228119,2,0
228117,228117,228119,2,0
228117,228117,228119,2,0
228117,228117,228119,2,0
228117,228117,228118,1,0
228117,228117,228119,2,0
228117,228117,228118,1,0
228117,228117,228118,1,0
228117,228117,228119,2,0
228117,228117,228119,2,0
228117,228117,228118,1,0
228117,228117,228118,1,0
228117,228117,228118,1,0
228117,228117,228119,2,0
228117,228117,228119,2,0
228117,228117,228119,2,0
228117,228117,228119,2,0
228117,228117,228119,2,0
228117,228117,228118,1,0
228117,228117,228119,2,0
228117,228117,228119,2,0
228117,228117,228119,2,0
228119,228119,228120,1,0
228119,228119,228120,1,0
228119,228119,228120,1,0
228119,228119,228120,1,0
228119,228119,228120,1,0
228119,228119,228120,1,0
228119,228119,228120,1,0
228119,228119,228121,2,0
228119,228119,228121,2,0
228119,228119,228120,1,0
228119,228119,228120,1,0
228119,228119,228120,1,0
228119,228119,228121,2,0
228119,228119,228121,2,0
228119,228119,228120,1,0
228119,228119,228121,2,0
228119,228119,228121,2,0
228119,228119,228120,1,0
228119,228119,228120,1,0
228119,228119,228121,2,0
228119,228119,228120,1,0
228119,228119,228120,1,0
228119,228119,228121,2,0
228119,228119,228121,2,0
228119,228119,228120,1,0
228119,228119,228121,2,0
228119,228119,228121,2,0
228119,228119,228120,1,0
228119,228119,228121,2,0
228119,228119,228120,1,0
228119,228119,228120,1,0
228119,228119,228121,2,0
228119,228119,228121,2,0
228084,228084,228147,63,0
228152,228152,228153,1,0
228152,228152,228153,1,0
228152,228152,228153,1,0
228152,228152,228153,1,0
228152,228152,228153,1,0
228152,228152,228154,2,0
228152,228152,228154,2,0
228152,228152,228154,2,0
228152,228152,228154,2,0
228152,228152,228154,2,0
228152,228152,228154,2,0
228152,228152,228154,2,0
228152,228152,228154,2,0
228152,228152,228154,2,0
228152,228152,228154,2,0
228152,228152,228154,2,0
228152,228152,228153,1,0
228152,228152,228154,2,0
228152,228152,228154,2,0
228152,228152,228154,2,0
228152,228152,228154,2,0
228152,228152,228154,2,0
228152,228152,228153,1,0
228152,228152,228154,2,0
228152,228152,228154,2,0
228152,228152,228154,2,0
228152,228152,228154,2,0
228152,228152,228154,2,0
228152,228152,228154,2,0
228152,228152,228154,2,0
228152,228152,228154,2,0
228152,228152,228154,2,0
228152,228152,228154,2,0
228152,228152,228154,2,0
228101,228101,228170,69,0
228119,228119,228172,53,0
228173,228173,228174,1,0
228173,228173,228174,1,0
228173,228173,228174,1,0
228173,228173,228174,1,0
228173,228173,228174,1,0
228173,228173,228174,1,0
228173,228173,228174,1,0
228173,228173,228174,1,0
228173,228173,228175,2,0
228173,228173,228175,2,0
228173,228173,228175,2,0
228173,228173,228174,1,0
228173,228173,228175,2,0
228173,228173,228175,2,0
228173,228173,228175,2,0
228173,228173,228175,2,0
228173,228173,228175,2,0
228173,228173,228175,2,0
228173,228173,228175,2,0
228173,228173,228175,2,0
228173,228173,228175,2,0
228173,228173,228175,2,0
228173,228173,228175,2,0
228173,228173,228175,2,0
228173,228173,228175,2,0
228173,228173,228175,2,0
228173,228173,228175,2,0
228173,228173,228175,2,0
228173,228173,228175,2,0
228173,228173,228175,2,0
228173,228173,228175,2,0
228173,228173,228175,2,0
228173,228173,228175,2,0
228173,228173,228175,2,0
228173,228173,228175,2,0
228173,228173,228175,2,0
228173,228173,228175,2,0
228173,228173,228175,2,0
228173,228173,228175,2,0
228173,228173,228175,2,0
228173,228173,228175,2,0
228173,228173,228175,2,0
228173,228173,228175,2,0
228173,228173,228175,2,0
228173,228173,228175,2,0
228173,228173,228175,2,0
228173,228173,228175,2,0
228173,228173,228175,2,0
228173,228173,228175,2,0
228173,228173,228175,2,0
228173,228173,228174,1,0
228173,228173,228175,2,0
228173,228173,228175,2,0
228173,228173,228175,2,0
228173,228173,228175,2,0
228173,228173,228175,2,0
228173,228173,228175,2,0
228173,228173,228175,2,0
228173,228173,228175,2,0
228173,228173,228175,2,0
228173,228173,228175,2,0
228173,228173,228175,2,0
228173,228173,228175,2,0
228173,228173,228175,2,0
228117,228117,228178,61,0
228173,228173,228178,5,0
228173,228173,228178,5,0
228173,228173,228179,6,0
228173,228173,228179,6,0
228137,228137,228193,56,0
228196,228196,228197,1,0
228196,228196,228197,1,0
228196,228196,228197,1,0
228196,228196,228197,1,0
228196,228196,228198,2,0
228196,228196,228198,2,0
228196,228196,228197,1,0
228196,228196,228197,1,0
228196,228196,228198,2,0
228196,228196,228197,1,0
228196,228196,228197,1,0
228196,228196,228198,2,0
228196,228196,228197,1,0
228196,228196,228197,1,0
228196,228196,228198,2,0
228196,228196,228198,2,0
228196,228196,228198,2,0
228196,228196,228197,1,0
228196,228196,228198,2,0
228196,228196,228198,2,0
228196,228196,228198,2,0
228196,228196,228198,2,0
228196,228196,228197,1,0
228196,228196,228198,2,0
228196,228196,228198,2,0
228196,228196,228198,2,0
228196,228196,228198,2,0
228196,228196,228198,2,0
228196,228196,228198,2,0
228196,228196,228197,1,0
228155,228155,228203,48,0
228212,228212,228213,1,0
228212,228213,228214,1,1
228212,228212,228213,1,0
228212,228213,228214,1,1
228212,228212,228213,1,0
228212,228213,228214,1,1
228212,228212,228214,2,0
228212,228212,228214,2,0
228213,228213,228214,1,0
228212,228213,228214,1,1
228212,228213,228214,1,1
228213,228213,228214,1,0
228212,228213,228214,1,1
228212,228213,228214,1,1
228213,228213,228214,1,0
228213,228213,228215,2,0
228212,228213,228215,2,1
228212,228213,228214,1,1
228213,228213,228214,1,0
228213,228213,228215,2,0
228212,228213,228214,1,1
228213,228213,228214,1,0
228213,228213,228215,2,0
228213,228213,228215,2,0
228212,228213,228214,1,1
228212,228213,228214,1,1
228213,228213,228214,1,0
228213,228213,228215,2,0
228213,228213,228215,2,0
228213,228213,228214,1,0
228212,228213,228215,2,1
228212,228213,228214,1,1
228213,228213,228214,1,0
228153,228153,228215,62,0
228212,228213,228214,1,1
228212,228213,228214,1,1
228213,228213,228214,1,0
228213,228213,228215,2,0
228212,228213,228214,1,1
228212,228213,228214,1,1
228212,228213,228215,2,1
228213,228213,228215,2,0
228212,228213,228215,2,1
228212,228213,228214,1,1
228213,228213,228215,2,0
228213,228213,228215,2,0
228213,228213,228215,2,0
228212,228213,228214,1,1
228212,228213,228214,1,1
228213,228213,228215,2,0
228213,228213,228215,2,0
228213,228213,228215,2,0
228212,228213,228215,2,1
228213,228213,228215,2,0
228213,228213,228215,2,0
228213,228213,228215,2,0
228213,228213,228215,2,0
228213,228213,228216,3,0
228213,228213,228215,2,0
228213,228213,228215,2,0
228213,228213,228215,2,0
228213,228213,228215,2,0
228213,228213,228215,2,0
228213,228213,228215,2,0
228154,228154,228217,63,0
228179,228179,228229,50,0
228176,228176,228233,57,0
228173,228174,228235,61,1
228177,228178,228236,58,1
228175,228175,228244,69,0
228245,228245,228246,1,0
228245,228245,228246,1,0
228245,228245,228246,1,0
228245,228245,228246,1,0
228245,228245,228246,1,0
228245,228245,228246,1,0
228245,228245,228246,1,0
228245,228245,228246,1,0
228245,228245,228246,1,0
228245,228245,228246,1,0
228245,228245,228247,2,0
228245,228245,228247,2,0
228245,228245,228247,2,0
228245,228245,228247,2,0
228245,228245,228247,2,0
228245,228245,228247,2,0
228245,228245,228247,2,0
228245,228245,228247,2,0
228245,228245,228247,2,0
228245,228245,228247,2,0
228245,228245,228247,2,0
228245,228245,228247,2,0
228245,228245,228247,2,0
228197,228197,228247,50,0
228245,228245,228247,2,0
228245,228245,228247,2,0
228245,228245,228247,2,0
228245,228245,228247,2,0
228245,228245,228247,2,0
228245,228245,228247,2,0
228245,228245,228247,2,0
228245,228245,228247,2,0
228245,228245,228247,2,0
228245,228245,228247,2,0
228245,228245,228247,2,0
228245,228245,228247,2,0
228245,228245,228247,2,0
228245,228245,228247,2,0
228245,228245,228247,2,0
228245,228245,228247,2,0
228245,228245,228247,2,0
228245,228245,228247,2,0
228245,228245,228247,2,0
228245,228245,228247,2,0
228245,228245,228247,2,0
228245,228245,228247,2,0
228245,228245,228247,2,0
228245,228245,228247,2,0
228245,228245,228247,2,0
228245,228245,228247,2,0
228245,228245,228247,2,0
228245,228245,228247,2,0
228245,228245,228247,2,0
228245,228245,228248,3,0
228245,228245,228247,2,0
228245,228245,228247,2,0
228245,228245,228247,2,0
228245,228245,228247,2,0
228245,228245,228247,2,0
228245,228245,228247,2,0
228245,228245,228248,3,0
228245,228245,228247,2,0
228245,228245,228247,2,0
228245,228245,228247,2,0
228245,228245,228247,2,0
228245,228246,228248,2,1
228245,228245,228248,3,0
228245,228245,228248,3,0
228245,228247,228248,1,2
228245,228247,228248,1,2
228245,228245,228248,3,0
228245,228245,228248,3,0
228245,228247,228248,1,2
228245,228247,228248,1,2
228245,228248,228249,1,3
228245,228245,228248,3,0
228245,228245,228248,3,0
228245,228245,228248,3,0
228245,228247,228249,2,2
228245,228245,228248,3,0
228245,228245,228248,3,0
228245,228247,228249,2,2
228245,228247,228248,1,2
228245,228248,228249,1,3
228245,228245,228248,3,0
228245,228245,228248,3,0
228245,228247,228248,1,2
228245,228248,228249,1,3
228245,228245,228248,3,0
228245,228245,228248,3,0
228245,228247,228249,2,2
228245,228245,228248,3,0
228245,228247,228248,1,2
228245,228248,228249,1,3
228245,228248,228249,1,3
228245,228248,228250,2,3
228245,228248,228250,2,3
228245,228248,228249,1,3
228245,228248,228250,2,3
228245,228248,228250,2,3
228245,228248,228250,2,3
228245,228248,228249,1,3
228245,228248,228250,2,3
228245,228248,228250,2,3
228245,228248,228249,1,3
228245,228248,228250,2,3
228245,228248,228250,2,3
228245,228248,228250,2,3
228245,228248,228250,2,3
228245,228248,228249,1,3
228245,228248,228249,1,3
228245,228248,228250,2,3
228245,228248,228250,2,3
228245,228248,228249,1,3
228245,228248,228250,2,3
228245,228248,228249,1,3
228245,228248,228249,1,3
228245,228248,228249,1,3
228245,228248,228249,1,3
228245,228248,228250,2,3
228245,228248,228249,1,3
228245,228248,228249,1,3
228245,228248,228250,2,3
228245,228248,228249,1,3
228245,228248,228249,1,3
228245,228248,228250,2,3
228245,228248,228249,1,3
228245,228248,228250,2,3
228245,228248,228250,2,3
228245,228248,228250,2,3
228245,228248,228250,2,3
228245,228248,228250,2,3
228245,228248,228250,2,3
228245,228248,228250,2,3
228245,228248,228250,2,3
228245,228248,228250,2,3
228213,228213,228262,49,0
228293,228293,228294,1,0
228293,228293,228294,1,0
228293,228293,228294,1,0
228293,228293,228294,1,0
228293,228293,228294,1,0
228293,228293,228294,1,0
228293,228293,228294,1,0
228293,228293,228294,1,0
228293,228293,228295,2,0
228293,228293,228295,2,0
228293,228294,228295,1,1
228293,228294,228295,1,1
228293,228294,228295,1,1
228293,228293,228295,2,0
228293,228293,228295,2,0
228293,228293,228295,2,0
228293,228294,228295,1,1
228293,228294,228296,2,1
228293,228293,228295,2,0
228293,228293,228295,2,0
228293,228294,228295,1,1
228293,228294,228296,2,1
228293,228294,228295,1,1
228293,228293,228295,2,0
228293,228293,228295,2,0
228293,228294,228295,1,1
228293,228293,228296,3,0
228293,228293,228295,2,0
228293,228294,228295,1,1
228293,228294,228295,1,1
228293,228293,228295,2,0
228293,228293,228295,2,0
228293,228294,228295,1,1
228293,228294,228295,1,1
228293,228294,228295,1,1
228293,228293,228295,2,0
228293,228293,228295,2,0
228293,228294,228295,1,1
228293,228294,228295,1,1
228293,228294,228296,2,1
228293,228293,228295,2,0
228293,228293,228295,2,0
228293,228294,228295,1,1
228293,228294,228295,1,1
228293,228294,228296,2,1
228293,228294,228295,1,1
228293,228293,228295,2,0
228293,228293,228295,2,0
228293,228294,228295,1,1
228293,228294,228296,2,1
228293,228294,228296,2,1
228293,228294,228295,1,1
228293,228293,228295,2,0
228293,228293,228295,2,0
228293,228294,228295,1,1
228293,228294,228295,1,1
228293,228294,228295,1,1
228293,228294,228296,2,1
228293,228294,228296,2,1
228293,228294,228296,2,1
228293,228294,228296,2,1
228293,228294,228296,2,1
228293,228294,228296,2,1
228293,228295,228297,2,2
228293,228294,228296,2,1
228293,228294,228296,2,1
228293,228294,228296,2,1
228293,228295,228297,2,2
228293,228294,228296,2,1
228293,228294,228296,2,1
228293,228295,228296,1,2
228293,228293,228296,3,0
228293,228295,228296,1,2
228293,228293,228296,3,0
228293,228294,228296,2,1
228293,228295,228297,2,2
228293,228293,228296,3,0
228293,228294,228296,2,1
228293,228295,228296,1,2
228293,228293,228296,3,0
228293,228295,228297,2,2
228293,228293,228296,3,0
228293,228294,228296,2,1
228293,228295,228296,1,2
228293,228294,228297,3,1
228293,228294,228296,2,1
228293,228294,228296,2,1
228293,228296,228298,2,3
228293,228296,228298,2,3
228293,228296,228298,2,3
228293,228296,228298,2,3
228293,228296,228297,1,3
228293,228296,228297,1,3
228293,228296,228297,1,3
228293,228296,228297,1,3
228293,228296,228297,1,3
228293,228296,228298,2,3
228293,228296,228298,2,3
228293,228296,228298,2,3
228293,228296,228298,2,3
228293,228296,228298,2,3
228293,228296,228298,2,3
228246,228248,228307,59,2
228341,228341,228342,1,0
228341,228341,228342,1,0
228341,228341,228342,1,0
228341,228341,228342,1,0
228341,228341,228342,1,0
228341,228341,228342,1,0
228341,228341,228342,1,0
228341,228341,228342,1,0
228341,228341,228342,1,0
228341,228341,228343,2,0
228341,228341,228344,3,0
228341,228341,228343,2,0
228341,228342,228343,1,1
228341,228342,228343,1,1
228341,228341,228343,2,0
228341,228341,228343,2,0
228341,228342,228343,1,1
228341,228342,228344,2,1
228341,228342,228343,1,1
228341,228341,228343,2,0
228341,228342,228343,1,1
228341,228342,228344,2,1
228341,228342,228343,1,1
228341,228341,228343,2,0
228341,228341,228343,2,0
228341,228342,228343,1,1
228341,228342,228344,2,1
228341,228342,228344,2,1
228341,228342,228343,1,1
228341,228341,228343,2,0
228341,228341,228343,2,0
228341,228342,228343,1,1
228341,228342,228344,2,1
228341,228342,228344,2,1
228341,228342,228343,1,1
228341,228341,228343,2,0
228341,228341,228343,2,0
228341,228341,228343,2,0
228341,228342,228344,2,1
228341,228342,228343,1,1
228341,228341,228344,3,0
228341,228341,228343,2,0
228341,228342,228343,1,1
228341,228342,228344,2,1
228341,228342,228343,1,1
228341,228342,228343,1,1
228341,228341,228343,2,0
228341,228341,228343,2,0
228341,228341,228343,2,0
228341,228342,228343,1,1
228341,228342,228344,2,1
228341,228342,228343,1,1
228341,228341,228344,3,0
228341,228341,228343,2,0
228341,228341,228343,2,0
228341,228342,228343,1,1
228341,228342,228344,2,1
228341,228342,228343,1,1
228341,228341,228343,2,0
228341,228341,228343,2,0
228341,228341,228343,2,0
228341,228342,228343,1,1
228341,228342,228344,2,1
228341,228342,228344,2,1
228341,228342,228344,2,1
228341,228341,228344,3,0
228341,228342,228344,2,1
228341,228342,228344,2,1
228294,228296,228348,52,2
228374,228374,228375,1,0
228374,228374,228375,1,0
228374,228374,228375,1,0
228374,228374,228375,1,0
228374,228374,228375,1,0
228374,228374,228376,2,0
228374,228374,228375,1,0
228374,228374,228375,1,0
228374,228374,228376,2,0
228374,228374,228376,2,0
228374,228374,228376,2,0
228374,228374,228375,1,0
228374,228374,228376,2,0
228374,228374,228376,2,0
228374,228374,228375,1,0
228374,228374,228376,2,0
228374,228374,228376,2,0
228374,228374,228375,1,0
228374,228374,228375,1,0
228374,228374,228376,2,0
228374,228374,228376,2,0
228374,228374,228376,2,0
228374,228374,228376,2,0
228374,228374,228376,2,0
228374,228374,228376,2,0
228374,228374,228376,2,0
228374,228374,228376,2,0
228374,228374,228376,2,0
228374,228374,228376,2,0
228374,228374,228376,2,0
228374,228374,228376,2,0
228374,228374,228376,2,0
228374,228374,228376,2,0
228374,228374,228376,2,0
228342,228342,228397,55,0
228406,228406,228407,1,0
228406,228406,228407,1,0
228406,228406,228407,1,0
228406,228406,228407,1,0
228406,228406,228407,1,0
228406,228406,228407,1,0
228406,228406,228407,1,0
228406,228406,228408,2,0
228406,228406,228407,1,0
228406,228406,228407,1,0
228406,228406,228408,2,0
228406,228406,228407,1,0
228406,228406,228407,1,0
228406,228406,228408,2,0
228406,228406,228407,1,0
228406,228406,228407,1,0
228406,228406,228408,2,0
228406,228406,228408,2,0
228406,228406,228407,1,0
228406,228406,228408,2,0
228406,228406,228407,1,0
228406,228406,228407,1,0
228406,228406,228408,2,0
228406,228406,228407,1,0
228406,228406,228408,2,0
228406,228406,228408,2,0
228406,228406,228407,1,0
228406,228406,228408,2,0
228406,228406,228407,1,0
228406,228406,228408,2,0
228406,228406,228408,2,0
228406,228406,228408,2,0
228406,228406,228408,2,0
228406,228406,228408,2,0
228423,228423,228424,1,0
228423,228423,228424,1,0
228423,228423,228424,1,0
228423,228423,228424,1,0
228423,228423,228424,1,0
228423,228423,228424,1,0
228423,228423,228425,2,0
228423,228423,228425,2,0
228423,228423,228424,1,0
228423,228423,228425,2,0
228423,228423,228425,2,0
228423,228423,228425,2,0
228423,228423,228425,2,0
228423,228423,228425,2,0
228423,228423,228425,2,0
228423,228423,228424,1,0
228423,228423,228425,2,0
228423,228423,228425,2,0
228423,228423,228425,2,0
228423,228423,228425,2,0
228423,228423,228425,2,0
228423,228423,228425,2,0
228423,228423,228425,2,0
228423,228423,228425,2,0
228423,228423,228425,2,0
228423,228423,228425,2,0
228423,228423,228425,2,0
228423,228423,228425,2,0
228423,228423,228425,2,0
228423,228423,228425,2,0
228423,228423,228425,2,0
228423,228423,228425,2,0
228423,228423,228425,2,0
228423,228423,228425,2,0
228374,228374,228432,58,0
228440,228441,228442,1,1
228440,228441,228442,1,1
228440,228441,228443,2,1
228440,228441,228442,1,1
228440,228441,228442,1,1
228440,228441,228442,1,1
228440,228441,228442,1,1
228440,228441,228442,1,1
228440,228441,228442,1,1
228440,228441,228443,2,1
228440,228441,228442,1,1
228440,228441,228442,1,1
228440,228441,228442,1,1
228440,228441,228442,1,1
228440,228441,228443,2,1
228440,228441,228442,1,1
228440,228441,228443,2,1
228440,228441,228442,1,1
228440,228441,228442,1,1
228440,228441,228442,1,1
228440,228441,228442,1,1
228440,228441,228443,2,1
228440,228441,228443,2,1
228440,228441,228442,1,1
228440,228441,228442,1,1
228440,228441,228443,2,1
228440,228441,228442,1,1
228440,228441,228443,2,1
228440,228441,228443,2,1
228440,228441,228443,2,1
228440,228441,228443,2,1
228440,228441,228443,2,1
228440,228441,228443,2,1
228406,228406,228455,49,0
228458,228458,228459,1,0
228458,228458,228459,1,0
228458,228458,228459,1,0
228458,228458,228459,1,0
228458,228458,228459,1,0
228458,228458,228460,2,0
228458,228458,228460,2,0
228458,228458,228460,2,0
228458,228458,228460,2,0
228458,228458,228459,1,0
228458,228458,228460,2,0
228458,228458,228460,2,0
228458,228458,228459,1,0
228458,228458,228460,2,0
228458,228458,228460,2,0
228458,228458,228459,1,0
228458,228458,228460,2,0
228458,228458,228460,2,0
228458,228458,228459,1,0
228458,228458,228460,2,0
228458,228458,228460,2,0
228458,228458,228459,1,0
228458,228458,228460,2,0
228458,228458,228460,2,0
228458,228458,228460,2,0
228458,228458,228460,2,0
228458,228458,228460,2,0
228458,228458,228460,2,0
228458,228458,228460,2,0
228458,228458,228460,2,0
228458,228458,228460,2,0
228458,228458,228460,2,0
228458,228458,228460,2,0
228458,228458,228460,2,0
228424,228424,228476,52,0
228491,228492,228493,1,1
228491,228492,228493,1,1
228491,228492,228493,1,1
228491,228492,228494,2,1
228491,228492,228493,1,1
228491,228492,228493,1,1
228491,228492,228493,1,1
228491,228492,228493,1,1
228491,228492,228494,2,1
228491,228492,228493,1,1
228491,228492,228493,1,1
228491,228492,228493,1,1
228491,228492,228493,1,1
228491,228492,228493,1,1
228491,228492,228493,1,1
228491,228492,228494,2,1
228491,228492,228494,2,1
228491,228492,228493,1,1
228491,228492,228493,1,1
228491,228492,228493,1,1
228491,228492,228494,2,1
228491,228492,228494,2,1
228491,228492,228494,2,1
228491,228492,228494,2,1
228491,228492,228494,2,1
228491,228492,228494,2,1
228491,228492,228494,2,1
228491,228492,228494,2,1
228491,228492,228494,2,1
228491,228492,228494,2,1
228491,228492,228494,2,1
228441,228441,228500,59,0
228458,228458,228509,51,0
228517,228517,228518,1,0
228517,228517,228518,1,0
228517,228517,228518,1,0
228517,228517,228518,1,0
228517,228517,228519,2,0
228517,228517,228519,2,0
228517,228517,228519,2,0
228517,228517,228519,2,0
228517,228517,228519,2,0
228517,228517,228519,2,0
228517,228517,228519,2,0
228517,228517,228519,2,0
228517,228517,228519,2,0
228517,228517,228519,2,0
228517,228517,228520,3,0
228517,228518,228520,2,1
228517,228518,228520,2,1
228517,228518,228519,1,1
228517,228517,228519,2,0
228517,228517,228519,2,0
228517,228517,228519,2,0
228517,228517,228519,2,0
228519,228519,228520,1,0
228517,228517,228520,3,0
228517,228517,228519,2,0
228519,228519,228520,1,0
228517,228517,228520,3,0
228517,228517,228519,2,0
228519,228519,228520,1,0
228517,228517,228519,2,0
228517,228517,228519,2,0
228517,228517,228520,3,0
228519,228519,228520,1,0
228517,228517,228519,2,0
228517,228517,228519,2,0
228519,228519,228520,1,0
228517,228517,228520,3,0
228517,228517,228519,2,0
228519,228519,228520,1,0
228519,228519,228520,1,0
228519,228519,228521,2,0
228519,228519,228521,2,0
228519,228519,228521,2,0
228519,228519,228521,2,0
228519,228519,228521,2,0
228519,228519,228521,2,0
228519,228519,228521,2,0
228519,228519,228521,2,0
228519,228519,228521,2,0
228519,228519,228521,2,0
228519,228519,228521,2,0
228519,228519,228521,2,0
228519,228519,228521,2,0
228519,228519,228521,2,0
228519,228519,228521,2,0
228519,228519,228521,2,0
228519,228519,228521,2,0
228519,228519,228521,2,0
228519,228519,228521,2,0
228519,228519,228521,2,0
228519,228519,228521,2,0
228519,228519,228521,2,0
228519,228519,228522,3,0
228519,228519,228521,2,0
228519,228519,228522,3,0
228519,228519,228522,3,0
228519,228519,228521,2,0
228476,228476,228532,56,0
228538,228538,228539,1,0
228538,228538,228539,1,0
228538,228538,228539,1,0
228538,228538,228539,1,0
228538,228538,228539,1,0
228538,228538,228539,1,0
228538,228538,228540,2,0
228538,228538,228540,2,0
228538,228538,228540,2,0
228538,228538,228540,2,0
228538,228538,228540,2,0
228538,228538,228539,1,0
228538,228538,228540,2,0
228538,228538,228540,2,0
228538,228538,228540,2,0
228538,228538,228540,2,0
228538,228538,228540,2,0
228538,228538,228540,2,0
228538,228538,228540,2,0
228538,228538,228540,2,0
228538,228538,228539,1,0
228538,228538,228540,2,0
228538,228538,228540,2,0
228538,228538,228540,2,0
228538,228538,228540,2,0
228538,228538,228540,2,0
228538,228538,228540,2,0
228538,228538,228540,2,0
228538,228538,228540,2,0
228538,228538,228540,2,0
228538,228538,228540,2,0
228538,228538,228540,2,0
228538,228538,228541,3,0
228538,228538,228540,2,0
228492,228492,228541,49,0
228494,228494,228543,49,0
228493,228493,228545,52,0
228495,228495,228547,52,0
228499,228499,228548,49,0
228498,228498,228547,49,0
228556,228556,228557,1,0
228556,228556,228557,1,0
228556,228556,228557,1,0
228556,228556,228557,1,0
228556,228556,228557,1,0
228556,228556,228557,1,0
228556,228556,228557,1,0
228556,228557,228558,1,1
228556,228556,228558,2,0
228556,228556,228558,2,0
228556,228556,228558,2,0
228556,228557,228558,1,1
228556,228556,228558,2,0
228556,228557,228558,1,1
228556,228557,228559,2,1
228556,228557,228558,1,1
228556,228556,228558,2,0
228556,228556,228558,2,0
228556,228557,228558,1,1
228556,228557,228559,2,1
228556,228557,228558,1,1
228556,228557,228558,1,1
228556,228557,228558,1,1
228556,228556,228558,2,0
228556,228556,228558,2,0
228556,228557,228558,1,1
228556,228556,228558,2,0
228556,228556,228559,3,0
228556,228556,228558,2,0
228556,228557,228558,1,1
228556,228557,228558,1,1
228556,228556,228559,3,0
228556,228556,228558,2,0
228556,228557,228558,1,1
228556,228557,228558,1,1
228556,228557,228558,1,1
228556,228557,228558,1,1
228556,228556,228558,2,0
228556,228556,228559,3,0
228556,228556,228558,2,0
228556,228557,228558,1,1
228556,228557,228559,2,1
228556,228557,228558,1,1
228556,228556,228558,2,0
228556,228556,228558,2,0
228556,228557,228558,1,1
228556,228557,228559,2,1
228556,228557,228558,1,1
228556,228557,228558,1,1
228556,228556,228559,3,0
228556,228556,228558,2,0
228556,228556,228558,2,0
228556,228557,228558,1,1
228556,228557,228558,1,1
228556,228557,228558,1,1
228556,228556,228559,3,0
228556,228556,228558,2,0
228556,228557,228559,2,1
228556,228557,228558,1,1
228556,228557,228559,2,1
228556,228557,228558,1,1
228556,228557,228558,1,1
228556,228557,228559,2,1
228556,228558,228559,1,2
228556,228557,228559,2,1
228556,228558,228559,1,2
228556,228557,228559,2,1
228556,228558,228559,1,2
228556,228557,228559,2,1
228556,228558,228559,1,2
228556,228557,228559,2,1
228556,228557,228559,2,1
228556,228558,228559,1,2
228556,228556,228559,3,0
228556,228557,228559,2,1
228556,228557,228559,2,1
228556,228558,228559,1,2
228556,228556,228559,3,0
228556,228557,228559,2,1
228556,228558,228559,1,2
228556,228556,228559,3,0
228556,228558,228559,1,2
228556,228556,228559,3,0
228556,228557,228559,2,1
228556,228559,228560,1,3
228497,228497,228560,63,0
228556,228559,228561,2,3
228556,228559,228561,2,3
228556,228559,228561,2,3
228556,228559,228561,2,3
228556,228559,228561,2,3
228556,228559,228561,2,3
228556,228559,228561,2,3
228556,228559,228561,2,3
228556,228559,228561,2,3
228556,228559,228561,2,3
228556,228559,228561,2,3
228556,228559,228561,2,3
228556,228559,228560,1,3
228556,228559,228562,3,3
228556,228559,228561,2,3
228556,228559,228561,2,3
228556,228559,228561,2,3
228518,228518,228566,48,0
228520,228520,228570,50,0
228590,228590,228591,1,0
228590,228590,228592,2,0
228590,228590,228591,1,0
228590,228590,228591,1,0
228590,228590,228591,1,0
228590,228590,228591,1,0
228590,228590,228591,1,0
228590,228590,228591,1,0
228590,228590,228593,3,0
228590,228590,228592,2,0
228590,228590,228592,2,0
228590,228591,228592,1,1
228590,228591,228593,2,1
228590,228590,228592,2,0
228590,228590,228592,2,0
228590,228591,228592,1,1
228590,228591,228593,2,1
228590,228591,228593,2,1
228590,228591,228593,2,1
228590,228591,228592,1,1
228590,228590,228593,3,0
228590,228590,228592,2,0
228590,228591,228592,1,1
228590,228591,228593,2,1
228590,228591,228592,1,1
228590,228590,228593,3,0
228590,228590,228592,2,0
228590,228591,228592,1,1
228590,228591,228593,2,1
228590,228591,228593,2,1
228590,228591,228592,1,1
228590,228590,228593,3,0
228590,228590,228593,3,0
228590,228591,228592,1,1
228590,228591,228592,1,1
228590,228590,228593,3,0
228590,228590,228593,3,0
228590,228590,228592,2,0
228590,228591,228592,1,1
228590,228591,228592,1,1
228590,228591,228592,1,1
228590,228590,228593,3,0
228590,228591,228592,1,1
228590,228591,228592,1,1
228590,228591,228593,2,1
228590,228591,228593,2,1
228590,228591,228592,1,1
228590,228590,228593,3,0
228590,228590,228593,3,0
228590,228590,228592,2,0
228590,228591,228592,1,1
228590,228591,228593,2,1
228590,228591,228593,2,1
228590,228591,228592,1,1
228590,228590,228593,3,0
228590,228590,228593,3,0
228590,228591,228592,1,1
228590,228591,228592,1,1
228590,228591,228593,2,1
228590,228591,228592,1,1
228590,228590,228593,3,0
228590,228590,228593,3,0
228590,228590,228592,2,0
228590,228591,228592,1,1
228590,228591,228593,2,1
228590,228591,228593,2,1
228590,228591,228592,1,1
228590,228590,228593,3,0
228590,228592,228593,1,2
228590,228592,228593,1,2
228590,228591,228593,2,1
228590,228592,228593,1,2
228590,228592,228593,1,2
228590,228591,228593,2,1
228590,228591,228593,2,1
228590,228591,228593,2,1
228590,228592,228593,1,2
228590,228591,228593,2,1
228590,228592,228593,1,2
228590,228590,228593,3,0
228590,228591,228593,2,1
228590,228591,228593,2,1
228590,228592,228593,1,2
228590,228591,228593,2,1
228590,228592,228593,1,2
228590,228590,228593,3,0
228590,228593,228595,2,3
228590,228593,228595,2,3
228590,228593,228595,2,3
228590,228593,228595,2,3
228590,228593,228594,1,3
228590,228593,228595,2,3
228590,228593,228595,2,3
228590,228593,228595,2,3
228590,228593,228595,2,3
228590,228593,228595,2,3
228590,228593,228595,2,3
228590,228593,228595,2,3
228590,228593,228595,2,3
228590,228593,228595,2,3
228590,228593,228595,2,3
228590,228593,228595,2,3
228539,228539,228599,60,0
228557,228559,228609,50,2
228638,228638,228639,1,0
228638,228638,228639,1,0
228638,228638,228639,1,0
228638,228638,228640,2,0
228638,228638,228639,1,0
228638,228638,228639,1,0
228638,228638,228639,1,0
228638,228638,228641,3,0
228638,228639,228641,2,1
228638,228638,228640,2,0
228638,228638,228640,2,0
228638,228639,228640,1,1
228638,228638,228641,3,0
228638,228638,228640,2,0
228638,228639,228640,1,1
228638,228639,228640,1,1
228638,228638,228641,3,0
228638,228638,228641,3,0
228638,228639,228640,1,1
228638,228639,228641,2,1
228638,228639,228640,1,1
228638,228639,228641,2,1
228638,228638,228641,3,0
228638,228639,228640,1,1
228638,228639,228640,1,1
228638,228638,228640,2,0
228638,228639,228640,1,1
228638,228639,228641,2,1
228638,228638,228641,3,0
228638,228638,228640,2,0
228638,228638,228641,3,0
228638,228639,228641,2,1
228638,228638,228641,3,0
228638,228638,228640,2,0
228638,228639,228640,1,1
228638,228639,228641,2,1
228638,228638,228640,2,0
228638,228638,228640,2,0
228638,228638,228640,2,0
228638,228639,228641,2,1
228638,228638,228641,3,0
228638,228638,228641,3,0
228638,228639,228641,2,1
228638,228639,228641,2,1
228638,228639,228641,2,1
228638,228639,228641,2,1
228638,228638,228641,3,0
228638,228639,228641,2,1
228638,228639,228641,2,1
228638,228639,228641,2,1
228638,228639,228641,2,1
228638,228639,228641,2,1
228638,228639,228641,2,1
228638,228639,228641,2,1
228638,228639,228641,2,1
228638,228639,228641,2,1
228638,228639,228641,2,1
228638,228640,228641,1,2
228638,228639,228641,2,1
228638,228639,228641,2,1
228638,228639,228641,2,1
228638,228640,228641,1,2
228638,228639,228641,2,1
228638,228639,228641,2,1
228638,228639,228641,2,1
228638,228640,228641,1,2
228638,228638,228642,4,0
228638,228638,228641,3,0
228638,228639,228641,2,1
228638,228639,228641,2,1
228638,228640,228642,2,2
228638,228638,228641,3,0
228638,228638,228641,3,0
228638,228639,228641,2,1
228638,228639,228641,2,1
228638,228640,228641,1,2
228638,228638,228641,3,0
228638,228638,228641,3,0
228638,228638,228641,3,0
228638,228639,228641,2,1
228638,228639,228641,2,1
228638,228640,228642,2,2
228638,228639,228641,2,1
228638,228639,228641,2,1
228638,228639,228641,2,1
228638,228640,228641,1,2
228638,228641,228642,1,3
228638,228641,228642,1,3
228638,228641,228642,1,3
228638,228641,228643,2,3
228638,228641,228642,1,3
228591,228593,228643,50,2
228638,228641,228643,2,3
228638,228641,228643,2,3
228638,228641,228643,2,3
228638,228641,228643,2,3
228638,228641,228642,1,3
228638,228641,228642,1,3
228638,228641,228642,1,3
228638,228641,228643,2,3
228638,228641,228643,2,3
228638,228641,228642,1,3
228638,228641,228642,1,3
228686,228687,228688,1,1
228686,228687,228688,1,1
228687,228687,228688,1,0
228687,228687,228688,1,0
228686,228687,228688,1,1
228687,228687,228688,1,0
228687,228687,228689,2,0
228687,228687,228689,2,0
228686,228687,228689,2,1
228686,228687,228689,2,1
228687,228687,228688,1,0
228687,228687,228689,2,0
228687,228687,228688,1,0
228687,228687,228689,2,0
228686,228687,228689,2,1
228686,228687,228688,1,1
228686,228687,228689,2,1
228687,228687,228688,1,0
228687,228687,228688,1,0
228686,228687,228688,1,1
228686,228687,228688,1,1
228686,228687,228688,1,1
228687,228687,228688,1,0
228687,228687,228689,2,0
228687,228687,228689,2,0
228686,228687,228689,2,1
228686,228687,228688,1,1
228687,228687,228688,1,0
228687,228687,228689,2,0
228687,228687,228689,2,0
228687,228687,228689,2,0
228686,228687,228688,1,1
228686,228687,228689,2,1
228687,228687,228688,1,0
228687,228687,228688,1,0
228687,228687,228689,2,0
228687,228687,228688,1,0
228686,228687,228689,2,1
228686,228687,228688,1,1
228686,228687,228688,1,1
228687,228687,228688,1,0
228687,228687,228689,2,0
228687,228687,228688,1,0
228686,228687,228688,1,1
228686,228687,228688,1,1
228687,228687,228688,1,0
228687,228687,228688,1,0
228687,228687,228689,2,0
228686,228687,228689,2,1
228686,228687,228689,2,1
228686,228687,228688,1,1
228687,228687,228688,1,0
228687,228687,228689,2,0
228687,228687,228688,1,0
228686,228687,228688,1,1
228686,228687,228688,1,1
228686,228687,228689,2,1
228687,228687,228689,2,0
228687,228687,228689,2,0
228687,228687,228689,2,0
228639,228641,228694,53,2
228719,228719,228720,1,0
228719,228719,228720,1,0
228719,228719,228720,1,0
228719,228719,228720,1,0
228719,228719,228720,1,0
228719,228719,228720,1,0
228719,228719,228720,1,0
228719,228719,228720,1,0
228719,228719,228721,2,0
228719,228719,228720,1,0
228719,228719,228720,1,0
228719,228719,228720,1,0
228719,228719,228720,1,0
228719,228719,228721,2,0
228719,228719,228721,2,0
228719,228719,228720,1,0
228719,228719,228721,2,0
228719,228719,228721,2,0
228719,228719,228720,1,0
228719,228719,228721,2,0
228719,228719,228720,1,0
228719,228719,228720,1,0
228719,228719,228721,2,0
228719,228719,228721,2,0
228719,228719,228721,2,0
228719,228719,228721,2,0
228719,228719,228720,1,0
228719,228719,228721,2,0
228719,228719,228720,1,0
228687,228687,228733,46,0
228750,228750,228751,1,0
228750,228750,228751,1,0
228750,228750,228751,1,0
228750,228750,228751,1,0
228750,228750,228751,1,0
228750,228750,228751,1,0
228750,228750,228751,1,0
228750,228750,228752,2,0
228750,228750,228752,2,0
228750,228750,228752,2,0
228750,228750,228752,2,0
228750,228750,228752,2,0
228750,228750,228752,2,0
228750,228751,228752,1,1
228750,228750,228752,2,0
228750,228751,228752,1,1
228750,228750,228752,2,0
228750,228750,228752,2,0
228750,228751,228752,1,1
228750,228751,228752,1,1
228750,228751,228752,1,1
228750,228751,228752,1,1
228750,228751,228752,1,1
228750,228751,228752,1,1
228750,228751,228752,1,1
228750,228751,228752,1,1
228750,228750,228752,2,0
228750,228751,228752,1,1
228750,228751,228752,1,1
228750,228750,228752,2,0
228750,228751,228752,1,1
228750,228751,228752,1,1
228750,228750,228752,2,0
228750,228751,228752,1,1
228719,228719,228766,47,0
228767,228767,228768,1,0
228767,228767,228768,1,0
228767,228767,228768,1,0
228767,228767,228768,1,0
228767,228767,228768,1,0
228767,228767,228768,1,0
228767,228767,228769,2,0
228767,228767,228768,1,0
228767,228767,228769,2,0
228767,228767,228769,2,0
228767,228767,228769,2,0
228767,228767,228769,2,0
228767,228767,228769,2,0
228767,228767,228768,1,0
228767,228767,228769,2,0
228767,228767,228769,2,0
228767,228767,228768,1,0
228767,228767,228769,2,0
228767,228767,228769,2,0
228767,228767,228769,2,0
228767,228767,228769,2,0
228767,228767,228769,2,0
228767,228767,228769,2,0
228767,228767,228769,2,0
228767,228767,228769,2,0
228767,228767,228769,2,0
228767,228767,228769,2,0
228767,228767,228769,2,0
228767,228767,228769,2,0
228767,228767,228769,2,0
228767,228767,228769,2,0
228767,228767,228769,2,0
228767,228767,228769,2,0
228767,228767,228769,2,0
228784,228784,228785,1,0
228784,228784,228785,1,0
228784,228784,228785,1,0
228784,228784,228785,1,0
228784,228784,228785,1,0
228784,228784,228785,1,0
228784,228784,228785,1,0
228784,228784,228786,2,0
228784,228784,228786,2,0
228784,228784,228786,2,0
228784,228784,228786,2,0
228784,228784,228786,2,0
228784,228784,228786,2,0
228784,228784,228786,2,0
228784,228784,228786,2,0
228784,228784,228786,2,0
228784,228784,228786,2,0
228784,228784,228786,2,0
228784,228784,228786,2,0
228784,228784,228786,2,0
228784,228784,228786,2,0
228784,228784,228786,2,0
228784,228784,228786,2,0
228784,228784,228786,2,0
228784,228784,228786,2,0
228784,228784,228786,2,0
228784,228784,228786,2,0
228784,228784,228786,2,0
228784,228784,228786,2,0
228784,228784,228786,2,0
228784,228784,228786,2,0
228784,228784,228786,2,0
228784,228784,228786,2,0
228784,228784,228787,3,0
228751,228751,228800,49,0
228802,228802,228803,1,0
228802,228802,228803,1,0
228802,228802,228803,1,0
228802,228802,228803,1,0
228802,228802,228803,1,0
228802,228802,228803,1,0
228802,228802,228803,1,0
228802,228802,228803,1,0
228802,228802,228803,1,0
228802,228802,228803,1,0
228802,228802,228804,2,0
228802,228802,228804,2,0
228802,228802,228804,2,0
228802,228802,228804,2,0
228802,228802,228804,2,0
228802,228802,228804,2,0
228802,228802,228803,1,0
228802,228802,228804,2,0
228802,228802,228804,2,0
228802,228802,228804,2,0
228802,228802,228804,2,0
228802,228802,228804,2,0
228802,228802,228804,2,0
228802,228802,228804,2,0
228802,228802,228804,2,0
228802,228802,228804,2,0
228802,228802,228804,2,0
228802,228802,228804,2,0
228802,228802,228804,2,0
228802,228802,228804,2,0
228802,228802,228804,2,0
228802,228802,228804,2,0
228802,228802,228804,2,0
228802,228802,228804,2,0
228767,228767,228815,48,0
228820,228820,228821,1,0
228820,228820,228821,1,0
228820,228820,228821,1,0
228820,228820,228821,1,0
228820,228820,228821,1,0
228820,228820,228821,1,0
228820,228820,228821,1,0
228820,228820,228821,1,0
228820,228820,228821,1,0
228820,228820,228821,1,0
228820,228820,228821,1,0
228820,228820,228822,2,0
228820,228820,228822,2,0
228820,228820,228822,2,0
228820,228820,228821,1,0
228820,228820,228821,1,0
228820,228820,228822,2,0
228820,228820,228822,2,0
228820,228820,228822,2,0
228820,228820,228821,1,0
228820,228820,228822,2,0
228820,228820,228822,2,0
228820,228820,228822,2,0
228820,228820,228821,1,0
228820,228820,228822,2,0
228820,228820,228821,1,0
228820,228820,228822,2,0
228820,228820,228822,2,0
228820,228820,228822,2,0
228820,228820,228822,2,0
228820,228820,228822,2,0
228820,228820,228822,2,0
228820,228820,228822,2,0
228820,228820,228822,2,0
228785,228785,228841,56,0
228802,228802,228852,50,0
228854,228854,228855,1,0
228854,228854,228855,1,0
228854,228854,228855,1,0
228854,228854,228855,1,0
228854,228854,228856,2,0
228854,228854,228855,1,0
228854,228854,228856,2,0
228854,228854,228855,1,0
228854,228854,228856,2,0
228854,228854,228855,1,0
228854,228854,228855,1,0
228854,228854,228856,2,0
228854,228854,228855,1,0
228854,228854,228855,1,0
228854,228854,228856,2,0
228854,228854,228856,2,0
228854,228854,228855,1,0
228854,228854,228856,2,0
228854,228854,228856,2,0
228854,228854,228855,1,0
228854,228854,228855,1,0
228854,228854,228856,2,0
228856,228856,228857,1,0
228854,228854,228856,2,0
228854,228854,228856,2,0
228856,228856,228857,1,0
228854,228854,228856,2,0
228854,228854,228856,2,0
228854,228854,228856,2,0
228854,228854,228856,2,0
228854,228854,228856,2,0
228856,228856,228857,1,0
228856,228856,228857,1,0
228856,228856,228857,1,0
228856,228856,228857,1,0
228856,228856,228858,2,0
228856,228856,228857,1,0
228856,228856,228858,2,0
228856,228856,228858,2,0
228856,228856,228857,1,0
228856,228856,228858,2,0
228856,228856,228857,1,0
228856,228856,228858,2,0
228856,228856,228858,2,0
228856,228856,228857,1,0
228856,228856,228858,2,0
228856,228856,228858,2,0
228856,228856,228857,1,0
228856,228856,228857,1,0
228856,228856,228857,1,0
228856,228856,228858,2,0
228856,228856,228858,2,0
228856,228856,228857,1,0
228856,228856,228857,1,0
228856,228856,228857,1,0
228856,228856,228858,2,0
228856,228856,228857,1,0
228856,228856,228858,2,0
228820,228820,228867,47,0
228874,228874,228875,1,0
228874,228874,228875,1,0
228874,228874,228876,2,0
228874,228874,228876,2,0
228874,228874,228876,2,0
228874,228874,228876,2,0
228874,228874,228876,2,0
228874,228874,228875,1,0
228874,228874,228876,2,0
228874,228874,228876,2,0
228874,228874,228876,2,0
228874,228874,228876,2,0
228874,228874,228876,2,0
228874,228874,228876,2,0
228874,228874,228876,2,0
228874,228874,228876,2,0
228874,228874,228876,2,0
228874,228874,228876,2,0
228874,228874,228876,2,0
228874,228874,228876,2,0
228874,228874,228876,2,0
228874,228874,228875,1,0
228874,228874,228876,2,0
228874,228874,228876,2,0
228874,228874,228876,2,0
228874,228874,228876,2,0
228874,228874,228876,2,0
228874,228874,228876,2,0
228874,228874,228876,2,0
228874,228874,228876,2,0
228874,228874,228876,2,0
228874,228874,228876,2,0
228874,228874,228876,2,0
228874,228874,228876,2,0
228837,228837,228897,60,0
228854,228854,228905,51,0
228908,228908,228909,1,0
228908,228908,228909,1,0
228908,228909,228910,1,1
228908,228909,228910,1,1
228908,228909,228910,1,1
228908,228909,228910,1,1
228908,228909,228910,1,1
228908,228909,228910,1,1
228908,228909,228910,1,1
228908,228909,228910,1,1
228908,228909,228910,1,1
228908,228909,228911,2,1
228908,228909,228911,2,1
228908,228909,228910,1,1
228910,228910,228911,1,0
228857,228857,228910,53,0
228908,228909,228910,1,1
228908,228909,228911,2,1
228908,228909,228910,1,1
228910,228910,228911,1,0
228908,228909,228910,1,1
228908,228909,228911,2,1
228908,228909,228910,1,1
228910,228910,228911,1,0
228908,228909,228911,2,1
228908,228909,228910,1,1
228908,228909,228911,2,1
228908,228909,228910,1,1
228910,228910,228911,1,0
228908,228909,228911,2,1
228908,228909,228910,1,1
228908,228909,228910,1,1
228910,228910,228911,1,0
228908,228909,228910,1,1
228908,228909,228910,1,1
228908,228909,228910,1,1
228910,228910,228911,1,0
228910,228910,228911,1,0
228910,228910,228912,2,0
228910,228910,228912,2,0
228910,228910,228912,2,0
228910,228910,228912,2,0
228910,228910,228912,2,0
228910,228910,228912,2,0
228910,228910,228912,2,0
228910,228910,228912,2,0
228910,228910,228912,2,0
228910,228910,228912,2,0
228910,228910,228912,2,0
228910,228910,228912,2,0
228910,228910,228912,2,0
228910,228910,228912,2,0
228910,228910,228912,2,0
228910,228910,228912,2,0
228910,228910,228912,2,0
228910,228910,228912,2,0
228910,228910,228913,3,0
228910,228910,228912,2,0
228912,228912,228913,1,0
228910,228910,228913,3,0
228912,228912,228913,1,0
228910,228910,228912,2,0
228910,228910,228912,2,0
228910,228910,228913,3,0
228910,228910,228913,3,0
228912,228912,228913,1,0
228912,228912,228913,1,0
228910,228910,228912,2,0
228912,228912,228913,1,0
228910,228910,228912,2,0
228912,228912,228914,2,0
228912,228912,228914,2,0
228912,228912,228914,2,0
228912,228912,228914,2,0
228912,228912,228914,2,0
228912,228912,228913,1,0
228912,228912,228914,2,0
228912,228912,228914,2,0
228912,228912,228914,2,0
228912,228912,228914,2,0
228912,228912,228914,2,0
228912,228912,228914,2,0
228912,228912,228913,1,0
228912,228912,228914,2,0
228912,228912,228914,2,0
228912,228912,228914,2,0
228856,228856,228914,58,0
228912,228912,228914,2,0
228912,228912,228914,2,0
228912,228912,228914,2,0
228912,228912,228914,2,0
228912,228912,228914,2,0
228912,228912,228914,2,0
228912,228912,228914,2,0
228912,228912,228914,2,0
228912,228912,228914,2,0
228912,228912,228914,2,0
228912,228912,228915,3,0
228912,228912,228914,2,0
228912,228912,228915,3,0
228875,228875,228930,55,0
228892,228892,228942,50,0
228946,228947,228948,1,1
228946,228947,228948,1,1
228946,228947,228949,2,1
228946,228947,228949,2,1
228947,228947,228949,2,0
228946,228947,228949,2,1
228946,228947,228949,2,1
228947,228947,228949,2,0
228946,228947,228948,1,1
228947,228947,228948,1,0
228947,228947,228949,2,0
228947,228947,228949,2,0
228947,228947,228949,2,0
228946,228947,228949,2,1
228946,228947,228948,1,1
228947,228947,228949,2,0
228947,228947,228949,2,0
228946,228947,228949,2,1
228947,228947,228948,1,0
228946,228947,228949,2,1
228946,228947,228949,2,1
228947,228947,228949,2,0
228946,228947,228949,2,1
228946,228947,228949,2,1
228947,228947,228949,2,0
228947,228947,228949,2,0
228947,228947,228949,2,0
228947,228947,228949,2,0
228947,228947,228949,2,0
228946,228947,228948,1,1
228946,228947,228949,2,1
228946,228947,228949,2,1
228947,228947,228949,2,0
228947,228947,228949,2,0
228947,228947,228949,2,0
228946,228947,228949,2,1
228947,228947,228949,2,0
228947,228947,228949,2,0
228946,228947,228949,2,1
228946,228947,228949,2,1
228947,228947,228949,2,0
228947,228947,228949,2,0
228946,228947,228949,2,1
228947,228947,228949,2,0
228947,228947,228949,2,0
228946,228947,228949,2,1
228947,228947,228949,2,0
228947,228947,228949,2,0
228946,228947,228949,2,1
228947,228947,228949,2,0
228946,228947,228949,2,1
228947,228947,228949,2,0
228947,228947,228949,2,0
228946,228947,228949,2,1
228947,228947,228949,2,0
228947,228947,228949,2,0
228946,228947,228949,2,1
228946,228947,228949,2,1
228947,228947,228949,2,0
228946,228947,228949,2,1
228946,228947,228949,2,1
228947,228947,228949,2,0
228947,228947,228949,2,0
228911,228911,228960,49,0
228909,228909,228962,53,0
228913,228913,228967,54,0
228979,228979,228980,1,0
228979,228979,228980,1,0
228979,228979,228980,1,0
228979,228979,228980,1,0
228979,228979,228980,1,0
228979,228979,228980,1,0
228979,228979,228980,1,0
228979,228979,228981,2,0
228979,228979,228981,2,0
228979,228979,228981,2,0
228979,228979,228981,2,0
228979,228980,228981,1,1
228979,228980,228982,2,1
228979,228980,228981,1,1
228979,228979,228981,2,0
228979,228979,228982,3,0
228979,228979,228981,2,0
228979,228980,228981,1,1
228979,228980,228982,2,1
228979,228980,228982,2,1
228979,228979,228982,3,0
228979,228979,228982,3,0
228979,228979,228981,2,0
228979,228980,228981,1,1
228979,228980,228981,1,1
228979,228979,228982,3,0
228979,228979,228981,2,0
228979,228979,228981,2,0
228979,228980,228982,2,1
228979,228980,228981,1,1
228979,228979,228982,3,0
228979,228979,228981,2,0
228979,228980,228981,1,1
228979,228980,228982,2,1
228979,228980,228981,1,1
228979,228979,228981,2,0
228979,228979,228981,2,0
228979,228980,228981,1,1
228979,228980,228982,2,1
228979,228980,228982,2,1
228979,228979,228981,2,0
228979,228979,228981,2,0
228979,228979,228982,3,0
228979,228980,228981,1,1
228979,228980,228982,2,1
228979,228980,228981,1,1
228979,228979,228982,3,0
228979,228979,228981,2,0
228979,228980,228981,1,1
228979,228980,228982,2,1
228979,228980,228982,2,1
228979,228980,228982,2,1
228979,228979,228982,3,0
228979,228979,228981,2,0
228979,228980,228981,1,1
228979,228980,228982,2,1
228979,228980,228982,2,1
228979,228980,228981,1,1
228979,228979,228982,3,0
228979,228979,228982,3,0
228979,228979,228981,2,0
228979,228980,228981,1,1
228979,228980,228982,2,1
228979,228980,228982,2,1
228979,228980,228982,2,1
228979,228980,228982,2,1
228979,228980,228982,2,1
228979,228980,228982,2,1
228947,228947,228997,50,0
229012,229012,229013,1,0
229012,229012,229013,1,0
229012,229012,229013,1,0
229012,229012,229013,1,0
229012,229012,229013,1,0
229012,229012,229013,1,0
229012,229012,229013,1,0
229012,229012,229013,1,0
229012,229012,229014,2,0
229012,229012,229014,2,0
229012,229012,229014,2,0
229012,229012,229014,2,0
229012,229012,229014,2,0
229012,229012,229014,2,0
229012,229012,229013,1,0
229012,229012,229013,1,0
229012,229012,229014,2,0
229012,229012,229014,2,0
229012,229012,229014,2,0
229012,229012,229014,2,0
229012,229012,229014,2,0
229012,229012,229014,2,0
229012,229012,229014,2,0
229012,229012,229014,2,0
229012,229012,229014,2,0
229012,229012,229014,2,0
229012,229012,229014,2,0
229012,229012,229014,2,0
229012,229012,229014,2,0
229012,229012,229014,2,0
229012,229012,229014,2,0
229012,229012,229014,2,0
229012,229012,229014,2,0
229012,229012,229014,2,0
229012,229012,229014,2,0
229012,229012,229014,2,0
229012,229012,229014,2,0
229012,229012,229014,2,0
229012,229012,229014,2,0
229012,229012,229014,2,0
229012,229012,229014,2,0
229012,229012,229014,2,0
229012,229012,229014,2,0
229012,229012,229014,2,0
229012,229012,229014,2,0
229012,229012,229014,2,0
229012,229012,229014,2,0
229012,229012,229014,2,0
229012,229012,229014,2,0
229012,229012,229014,2,0
229012,229012,229014,2,0
229012,229012,229013,1,0
229012,229012,229014,2,0
229012,229012,229014,2,0
229012,229012,229014,2,0
229012,229012,229014,2,0
229012,229012,229014,2,0
229012,229012,229014,2,0
229012,229012,229014,2,0
229012,229012,229014,2,0
229012,229012,229014,2,0
229012,229012,229014,2,0
229012,229012,229015,3,0
229012,229012,229015,3,0
229012,229012,229015,3,0
229012,229012,229015,3,0
229012,229012,229015,3,0
229012,229012,229015,3,0
228980,228980,229029,49,0
229045,229045,229046,1,0
229045,229045,229046,1,0
229045,229045,229046,1,0
229045,229045,229046,1,0
229045,229045,229046,1,0
229045,229045,229046,1,0
229045,229045,229046,1,0
229045,229045,229046,1,0
229045,229045,229046,1,0
229045,229045,229046,1,0
229045,229045,229047,2,0
229045,229045,229046,1,0
229045,229045,229046,1,0
229045,229045,229046,1,0
229045,229045,229046,1,0
229045,229045,229046,1,0
229045,229045,229046,1,0
229045,229045,229047,2,0
229045,229045,229046,1,0
229045,229045,229047,2,0
229045,229045,229047,2,0
229045,229045,229046,1,0
229045,229045,229046,1,0
229045,229045,229046,1,0
229045,229045,229046,1,0
229045,229045,229047,2,0
229045,229045,229047,2,0
229045,229045,229046,1,0
229045,229045,229047,2,0
229045,229045,229047,2,0
229045,229045,229046,1,0
229045,229045,229047,2,0
229045,229045,229046,1,0
229062,229062,229063,1,0
229062,229062,229063,1,0
229062,229062,229063,1,0
229062,229062,229064,2,0
229062,229062,229064,2,0
229062,229062,229063,1,0
229062,229062,229064,2,0
229062,229062,229063,1,0
229062,229062,229064,2,0
229062,229062,229064,2,0
229062,229062,229064,2,0
229062,229062,229063,1,0
229062,229062,229064,2,0
229062,229062,229064,2,0
229062,229062,229064,2,0
229062,229062,229063,1,0
229062,229062,229063,1,0
229062,229062,229064,2,0
229062,229062,229064,2,0
229062,229062,229063,1,0
229062,229062,229064,2,0
229062,229062,229064,2,0
229062,229062,229064,2,0
229062,229062,229064,2,0
229062,229062,229064,2,0
229062,229062,229064,2,0
229062,229062,229063,1,0
229062,229062,229064,2,0
229062,229062,229064,2,0
229062,229062,229064,2,0
229062,229062,229064,2,0
229062,229062,229064,2,0
229062,229062,229064,2,0
229012,229013,229065,52,1
229062,229062,229064,2,0
229079,229080,229081,1,1
229079,229080,229081,1,1
229079,229080,229081,1,1
229079,229080,229081,1,1
229079,229080,229081,1,1
229079,229080,229081,1,1
229079,229080,229081,1,1
229079,229080,229081,1,1
229079,229080,229081,1,1
229079,229080,229081,1,1
229079,229080,229081,1,1
229079,229080,229082,2,1
229079,229080,229082,2,1
229079,229080,229081,1,1
229079,229080,229081,1,1
229079,229080,229081,1,1
229079,229080,229081,1,1
229079,229080,229081,1,1
229079,229080,229081,1,1
229079,229080,229081,1,1
229079,229080,229081,1,1
229079,229080,229081,1,1
229079,229080,229081,1,1
229079,229080,229082,2,1
229079,229080,229082,2,1
229079,229080,229082,2,1
229079,229080,229082,2,1
229079,229080,229082,2,1
229079,229080,229082,2,1
229079,229080,229082,2,1
229079,229080,229082,2,1
229045,229045,229092,47,0
229096,229097,229098,1,1
229096,229097,229098,1,1
229096,229097,229098,1,1
229096,229097,229098,1,1
229096,229097,229098,1,1
229096,229097,229098,1,1
229096,229097,229099,2,1
229096,229097,229098,1,1
229096,229097,229099,2,1
229096,229097,229099,2,1
229096,229097,229099,2,1
229096,229097,229099,2,1
229096,229097,229098,1,1
229096,229097,229098,1,1
229096,229097,229099,2,1
229096,229097,229098,1,1
229096,229097,229099,2,1
229096,229097,229098,1,1
229096,229097,229099,2,1
229096,229097,229099,2,1
229096,229097,229099,2,1
229096,229097,229099,2,1
229096,229097,229099,2,1
229096,229097,229099,2,1
229096,229097,229099,2,1
229096,229097,229099,2,1
229096,229097,229099,2,1
229096,229097,229099,2,1
229096,229097,229099,2,1
229062,229062,229122,60,0
229130,229130,229131,1,0
229130,229130,229131,1,0
229130,229130,229131,1,0
229130,229130,229131,1,0
229130,229130,229131,1,0
229130,229130,229132,2,0
229130,229130,229132,2,0
229130,229130,229132,2,0
229130,229130,229132,2,0
229130,229130,229132,2,0
229130,229130,229131,1,0
229130,229130,229132,2,0
229130,229130,229132,2,0
229130,229130,229131,1,0
229130,229130,229132,2,0
229130,229130,229132,2,0
229130,229130,229131,1,0
229130,229130,229132,2,0
229130,229130,229132,2,0
229130,229130,229132,2,0
229130,229130,229132,2,0
229130,229130,229132,2,0
229130,229130,229132,2,0
229130,229130,229132,2,0
229130,229130,229132,2,0
229130,229130,229132,2,0
229130,229130,229132,2,0
229130,229130,229132,2,0
229130,229130,229133,3,0
229130,229130,229132,2,0
229130,229130,229133,3,0
229130,229130,229132,2,0
229130,229130,229132,2,0
229130,229130,229132,2,0
229097,229097,229146,49,0
229152,229152,229153,1,0
229152,229152,229153,1,0
229152,229152,229153,1,0
229152,229152,229153,1,0
229152,229152,229153,1,0
229152,229152,229153,1,0
229152,229152,229153,1,0
229152,229152,229154,2,0
229152,229152,229154,2,0
229152,229152,229154,2,0
229152,229152,229154,2,0
229152,229152,229154,2,0
229152,229152,229154,2,0
229152,229152,229153,1,0
229152,229152,229154,2,0
229152,229152,229154,2,0
229152,229152,229154,2,0
229152,229152,229154,2,0
229152,229152,229154,2,0
229152,229152,229154,2,0
229152,229152,229154,2,0
229152,229152,229154,2,0
229152,229152,229154,2,0
229152,229152,229154,2,0
229152,229152,229154,2,0
229152,229152,229154,2,0
229152,229152,229154,2,0
229152,229152,229154,2,0
229152,229152,229154,2,0
229152,229152,229154,2,0
229152,229152,229154,2,0
229152,229152,229154,2,0
229152,229152,229154,2,0
229152,229152,229154,2,0
229114,229114,229163,49,0
229172,229173,229174,1,1
229172,229173,229174,1,1
229172,229173,229174,1,1
229172,229173,229174,1,1
229172,229173,229175,2,1
229172,229173,229174,1,1
229172,229173,229174,1,1
229172,229173,229174,1,1
229172,229173,229175,2,1
229172,229173,229174,1,1
229172,229173,229174,1,1
229172,229173,229174,1,1
229172,229173,229175,2,1
229172,229173,229174,1,1
229172,229173,229174,1,1
229172,229173,229174,1,1
229172,229173,229174,1,1
229172,229173,229174,1,1
229172,229173,229174,1,1
229172,229173,229174,1,1
229172,229173,229174,1,1
229172,229173,229175,2,1
229172,229173,229175,2,1
229172,229173,229175,2,1
229172,229173,229175,2,1
229172,229173,229175,2,1
229172,229173,229175,2,1
229172,229173,229175,2,1
229172,229173,229175,2,1
229172,229173,229175,2,1
229172,229173,229175,2,1
229172,229173,229175,2,1
229172,229173,229175,2,1
229134,229134,229184,50,0
229133,229133,229189,56,0
229131,229132,229190,58,1
229195,229195,229196,1,0
229195,229195,229196,1,0
229195,229195,229197,2,0
229195,229195,229196,1,0
229195,229195,229197,2,0
229195,229196,229197,1,1
229195,229196,229198,2,1
229195,229196,229197,1,1
229195,229195,229197,2,0
229195,229195,229197,2,0
229195,229196,229197,1,1
229195,229196,229198,2,1
229195,229196,229198,2,1
229195,229196,229197,1,1
229195,229195,229197,2,0
229195,229195,229198,3,0
229195,229196,229197,1,1
229195,229196,229198,2,1
229195,229196,229198,2,1
229195,229196,229197,1,1
229197,229197,229198,1,0
229195,229195,229198,3,0
229195,229195,229198,3,0
229195,229195,229197,2,0
229195,229196,229197,1,1
229195,229196,229198,2,1
229195,229196,229198,2,1
229195,229195,229198,3,0
229195,229195,229198,3,0
229195,229195,229198,3,0
229195,229196,229197,1,1
229195,229196,229198,2,1
229195,229196,229197,1,1
229195,229196,229197,1,1
229195,229195,229197,2,0
229195,229195,229197,2,0
229195,229195,229198,3,0
229195,229195,229197,2,0
229195,229196,229197,1,1
229195,229196,229198,2,1
229195,229196,229198,2,1
229195,229195,229197,2,0
229195,229195,229197,2,0
229195,229196,229197,1,1
229195,229196,229198,2,1
229195,229196,229198,2,1
229195,229196,229197,1,1
229195,229195,229198,3,0
229195,229195,229197,2,0
229195,229196,229197,1,1
229195,229196,229198,2,1
229195,229196,229198,2,1
229195,229196,229197,1,1
229195,229195,229197,2,0
229195,229195,229198,3,0
229195,229195,229197,2,0
229195,229196,229198,2,1
229195,229196,229198,2,1
229195,229196,229197,1,1
229195,229195,229197,2,0
229195,229195,229197,2,0
229195,229195,229197,2,0
229195,229196,229197,1,1
229195,229196,229198,2,1
229195,229196,229198,2,1
229195,229196,229197,1,1
229197,229197,229198,1,0
229195,229196,229198,2,1
229195,229196,229198,2,1
229195,229195,229198,3,0
229197,229197,229198,1,0
229197,229197,229199,2,0
229197,229197,229199,2,0
229197,229197,229198,1,0
229197,229197,229198,1,0
229197,229197,229198,1,0
229197,229197,229198,1,0
229197,229197,229198,1,0
229197,229197,229198,1,0
229197,229198,229200,2,1
229197,229198,229200,2,1
229197,229198,229199,1,1
229197,229198,229200,2,1
229197,229198,229200,2,1
229197,229198,229200,2,1
229197,229198,229200,2,1
229197,229198,229200,2,1
229197,229198,229200,2,1
229197,229198,229200,2,1
229197,229198,229200,2,1
229197,229198,229200,2,1
229197,229198,229200,2,1
229197,229198,229200,2,1
229197,229198,229200,2,1
229197,229198,229200,2,1
229197,229198,229200,2,1
229197,229198,229200,2,1
229197,229198,229200,2,1
229197,229198,229200,2,1
229197,229198,229200,2,1
229197,229198,229200,2,1
229197,229198,229200,2,1
229154,229154,229202,48,0
229155,229155,229221,66,0
229173,229173,229228,55,0
229175,229176,229229,53,1
229174,229174,229233,59,0
229233,229233,229234,1,0
229233,229233,229234,1,0
229233,229233,229234,1,0
229233,229233,229234,1,0
229233,229233,229234,1,0
229233,229233,229235,2,0
229233,229233,229235,2,0
229233,229233,229235,2,0
229233,229233,229234,1,0
229233,229233,229235,2,0
229233,229234,229235,1,1
229233,229233,229235,2,0
229233,229233,229235,2,0
229233,229233,229234,1,0
229233,229233,229234,1,0
229233,229233,229235,2,0
229233,229233,229235,2,0
229233,229233,229235,2,0
229233,229233,229235,2,0
229233,229233,229234,1,0
229233,229233,229234,1,0
229233,229233,229235,2,0
229233,229233,229234,1,0
229233,229233,229235,2,0
229233,229233,229235,2,0
229233,229233,229234,1,0
229233,229233,229235,2,0
229233,229233,229235,2,0
229233,229233,229234,1,0
229233,229233,229235,2,0
229233,229233,229235,2,0
229233,229233,229235,2,0
229233,229233,229234,1,0
229233,229233,229234,1,0
229233,229233,229235,2,0
229233,229233,229235,2,0
229233,229233,229234,1,0
229233,229233,229235,2,0
229233,229233,229235,2,0
229233,229233,229235,2,0
229233,229233,229235,2,0
229233,229233,229235,2,0
229233,229233,229235,2,0
229233,229233,229235,2,0
229233,229233,229235,2,0
229233,229233,229235,2,0
229233,229233,229234,1,0
229233,229233,229235,2,0
229233,229233,229235,2,0
229233,229233,229235,2,0
229233,229233,229235,2,0
229233,229233,229234,1,0
229233,229233,229235,2,0
229233,229233,229234,1,0
229233,229233,229235,2,0
229233,229233,229235,2,0
229233,229233,229235,2,0
229233,229233,229234,1,0
229233,229233,229234,1,0
229233,229233,229235,2,0
229233,229233,229235,2,0
229233,229233,229234,1,0
229233,229233,229235,2,0
229233,229233,229235,2,0
229233,229233,229235,2,0
229233,229233,229234,1,0
229233,229233,229235,2,0
229233,229233,229235,2,0
229233,229234,229235,1,1
229233,229233,229235,2,0
229233,229233,229235,2,0
229233,229234,229235,1,1
229233,229233,229235,2,0
229233,229234,229236,2,1
229233,229234,229236,2,1
229233,229234,229236,2,1
229233,229234,229235,1,1
229233,229234,229235,1,1
229233,229234,229236,2,1
229233,229234,229236,2,1
229233,229233,229235,2,0
229233,229234,229235,1,1
229233,229235,229236,1,2
229233,229235,229237,2,2
229233,229235,229237,2,2
229233,229235,229236,1,2
229233,229235,229237,2,2
229233,229235,229236,1,2
229233,229235,229237,2,2
229233,229235,229237,2,2
229233,229235,229237,2,2
229233,229235,229237,2,2
229233,229235,229236,1,2
229233,229235,229236,1,2
229233,229235,229237,2,2
229233,229235,229237,2,2
229233,229235,229237,2,2
229196,229196,229253,57,0
229198,229198,229256,58,0
229199,229199,229257,58,0
229266,229266,229267,1,0
229266,229266,229268,2,0
229266,229267,229268,1,1
229266,229266,229267,1,0
229266,229266,229267,1,0
229266,229266,229267,1,0
229266,229266,229267,1,0
229266,229266,229267,1,0
229266,229266,229267,1,0
229266,229266,229267,1,0
229266,229266,229268,2,0
229266,229266,229268,2,0
229266,229267,229268,1,1
229266,229267,229268,1,1
229266,229267,229269,2,1
229266,229267,229269,2,1
229266,229267,229268,1,1
229266,229266,229268,2,0
229266,229266,229268,2,0
229266,229266,229268,2,0
229266,229267,229268,1,1
229266,229267,229269,2,1
229266,229266,229268,2,0
229266,229266,229268,2,0
229266,229266,229268,2,0
229266,229267,229268,1,1
229266,229267,229269,2,1
229266,229267,229268,1,1
229266,229266,229268,2,0
229266,229266,229269,3,0
229266,229267,229268,1,1
229266,229267,229268,1,1
229266,229267,229268,1,1
229266,229266,229268,2,0
229266,229266,229268,2,0
229266,229266,229268,2,0
229266,229267,229268,1,1
229266,229267,229269,2,1
229266,229266,229268,2,0
229266,229266,229269,3,0
229266,229267,229268,1,1
229266,229267,229268,1,1
229266,229267,229268,1,1
229266,229267,229269,2,1
229266,229266,229269,3,0
229266,229266,229268,2,0
229266,229267,229268,1,1
229266,229267,229269,2,1
229266,229266,229268,2,0
229266,229266,229269,3,0
229266,229266,229268,2,0
229266,229267,229268,1,1
229266,229267,229269,2,1
229266,229267,229268,1,1
229266,229266,229268,2,0
229266,229266,229269,3,0
229266,229266,229268,2,0
229266,229267,229268,1,1
229266,229267,229269,2,1
229266,229267,229269,2,1
229266,229267,229268,1,1
229266,229266,229269,3,0
229266,229266,229268,2,0
229266,229267,229268,1,1
229266,229267,229269,2,1
229266,229267,229269,2,1
229266,229267,229268,1,1
229266,229267,229269,2,1
229266,229267,229269,2,1
229266,229268,229269,1,2
229266,229267,229269,2,1
229266,229267,229269,2,1
229266,229268,229270,2,2
229266,229267,229269,2,1
229266,229267,229269,2,1
229266,229267,229269,2,1
229266,229268,229270,2,2
229266,229267,229269,2,1
229266,229267,229269,2,1
229266,229268,229269,1,2
229266,229267,229269,2,1
229266,229268,229270,2,2
229266,229267,229269,2,1
229266,229268,229269,1,2
229266,229269,229270,1,3
229266,229267,229269,2,1
229266,229268,229269,1,2
229266,229268,229269,1,2
229266,229268,229269,1,2
229266,229268,229269,1,2
229266,229269,229270,1,3
229266,229269,229270,1,3
229266,229269,229271,2,3
229266,229269,229271,2,3
229266,229269,229271,2,3
229266,229269,229270,1,3
229266,229269,229270,1,3
229266,229269,229270,1,3
229266,229269,229270,1,3
229266,229269,229270,1,3
229266,229269,229270,1,3
229266,229269,229271,2,3
229233,229235,229287,52,2
229314,229314,229315,1,0
229314,229314,229315,1,0
229314,229314,229315,1,0
229314,229314,229315,1,0
229314,229314,229315,1,0
229314,229314,229315,1,0
229314,229314,229315,1,0
229314,229314,229315,1,0
229314,229314,229316,2,0
229314,229314,229316,2,0
229314,229315,229316,1,1
229314,229315,229316,1,1
229314,229315,229316,1,1
229314,229315,229316,1,1
229314,229314,229316,2,0
229314,229314,229316,2,0
229314,229314,229316,2,0
229314,229315,229316,1,1
229314,229315,229316,1,1
229314,229315,229316,1,1
229314,229314,229316,2,0
229314,229314,229316,2,0
229314,229315,229316,1,1
229314,229315,229317,2,1
229314,229315,229316,1,1
229314,229315,229316,1,1
229314,229314,229316,2,0
229314,229314,229316,2,0
229314,229315,229316,1,1
229314,229315,229316,1,1
229314,229315,229317,2,1
229314,229314,229316,2,0
229314,229314,229316,2,0
229314,229314,229316,2,0
229314,229315,229316,1,1
229314,229315,229317,2,1
229314,229315,229316,1,1
229314,229314,229316,2,0
229314,229314,229316,2,0
229314,229314,229316,2,0
229314,229314,229316,2,0
229314,229314,229316,2,0
229314,229314,229316,2,0
229314,229315,229316,1,1
229314,229315,229316,1,1
229314,229314,229316,2,0
229314,229314,229316,2,0
229314,229315,229316,1,1
229314,229315,229317,2,1
229314,229314,229316,2,0
229314,229314,229316,2,0
229314,229314,229316,2,0
229314,229315,229316,1,1
229314,229315,229317,2,1
229314,229315,229316,1,1
229314,229314,229316,2,0
229314,229314,229316,2,0
229314,229314,229316,2,0
229314,229315,229316,1,1
229314,229315,229317,2,1
229314,229315,229317,2,1
229314,229315,229317,2,1
229314,229315,229317,2,1
229314,229315,229317,2,1
229314,229315,229317,2,1
229314,229315,229317,2,1
229314,229315,229317,2,1
229314,229315,229317,2,1
229267,229269,229318,49,2
229347,229347,229348,1,0
229347,229347,229348,1,0
229347,229347,229348,1,0
229347,229347,229348,1,0
229347,229347,229348,1,0
229347,229347,229348,1,0
229347,229347,229348,1,0
229347,229347,229348,1,0
229347,229347,229348,1,0
229347,229347,229348,1,0
229347,229347,229348,1,0
229347,229347,229348,1,0
229347,229347,229348,1,0
229347,229347,229348,1,0
229347,229347,229348,1,0
229347,229347,229348,1,0
229347,229347,229348,1,0
229347,229347,229349,2,0
229347,229347,229348,1,0
229347,229347,229348,1,0
229347,229347,229348,1,0
229347,229347,229348,1,0
229347,229347,229348,1,0
229347,229347,229348,1,0
229347,229347,229348,1,0
229347,229347,229348,1,0
229347,229347,229348,1,0
229347,229347,229348,1,0
229347,229347,229348,1,0
229315,229315,229369,54,0
229377,229377,229378,1,0
229377,229377,229378,1,0
229377,229377,229378,1,0
229377,229377,229378,1,0
229377,229377,229378,1,0
229377,229377,229378,1,0
229377,229377,229378,1,0
229377,229377,229378,1,0
229377,229377,229379,2,0
229377,229377,229378,1,0
229377,229377,229378,1,0
229377,229377,229378,1,0
229377,229377,229378,1,0
229377,229377,229378,1,0
229377,229377,229378,1,0
229377,229377,229378,1,0
229377,229377,229378,1,0
229377,229377,229378,1,0
229377,229377,229379,2,0
229377,229377,229378,1,0
229377,229377,229378,1,0
229377,229377,229378,1,0
229377,229377,229378,1,0
229377,229377,229378,1,0
229377,229377,229379,2,0
229377,229377,229378,1,0
229377,229377,229378,1,0
229377,229377,229378,1,0
229377,229377,229378,1,0
229377,229377,229378,1,0
229377,229377,229378,1,0
229377,229377,229379,2,0
229393,229394,229395,1,1
229393,229394,229395,1,1
229393,229394,229396,2,1
229393,229394,229395,1,1
229393,229394,229395,1,1
229393,229394,229395,1,1
229393,229394,229395,1,1
229393,229394,229395,1,1
229393,229394,229395,1,1
229393,229394,229395,1,1
229393,229394,229396,2,1
229393,229394,229395,1,1
229393,229394,229396,2,1
229393,229394,229395,1,1
229393,229394,229395,1,1
229393,229394,229396,2,1
229393,229394,229395,1,1
229393,229394,229396,2,1
229393,229394,229395,1,1
229393,229394,229396,2,1
229393,229394,229396,2,1
229393,229394,229395,1,1
229393,229394,229395,1,1
229393,229394,229395,1,1
229393,229394,229396,2,1
229393,229394,229396,2,1
229393,229394,229396,2,1
229393,229394,229396,2,1
229393,229394,229396,2,1
229393,229394,229396,2,1
229377,229377,229440,63,0
229442,229442,229443,1,0
229442,229442,229443,1,0
229442,229442,229443,1,0
229442,229442,229443,1,0
229442,229442,229443,1,0
229442,229442,229444,2,0
229442,229442,229444,2,0
229442,229442,229444,2,0
229442,229442,229444,2,0
229442,229442,229444,2,0
229442,229442,229443,1,0
229442,229442,229444,2,0
229442,229442,229444,2,0
229442,229442,229444,2,0
229442,229442,229444,2,0
229442,229442,229444,2,0
229442,229442,229444,2,0
229442,229442,229443,1,0
229442,229442,229444,2,0
229442,229442,229444,2,0
229442,229442,229444,2,0
229442,229442,229444,2,0
229442,229442,229444,2,0
229442,229442,229444,2,0
229442,229442,229444,2,0
229442,229442,229444,2,0
229442,229442,229444,2,0
229442,229442,229444,2,0
229442,229442,229444,2,0
229442,229442,229444,2,0
229442,229442,229444,2,0
229442,229442,229444,2,0
229442,229442,229444,2,0
229442,229442,229444,2,0
229410,229410,229470,60,0
229472,229472,229473,1,0
229472,229472,229473,1,0
229472,229472,229473,1,0
229472,229472,229474,2,0
229472,229472,229473,1,0
229472,229472,229473,1,0
229472,229472,229473,1,0
229472,229472,229473,1,0
229472,229472,229473,1,0
229472,229472,229473,1,0
229472,229472,229474,2,0
229472,229472,229473,1,0
229472,229472,229474,2,0
229472,229472,229474,2,0
229472,229472,229473,1,0
229472,229472,229473,1,0
229472,229472,229474,2,0
229472,229472,229474,2,0
229472,229472,229474,2,0
229472,229472,229474,2,0
229472,229472,229474,2,0
229472,229472,229474,2,0
229472,229472,229474,2,0
229472,229472,229474,2,0
229472,229472,229476,4,0
229432,229432,229479,47,0
229481,229481,229482,1,0
229481,229481,229482,1,0
229481,229481,229482,1,0
229481,229481,229483,2,0
229472,229472,229482,10,0
229426,229426,229483,57,0
229481,229481,229483,2,0
229481,229481,229483,2,0
229481,229481,229483,2,0
229481,229481,229482,1,0
229481,229481,229483,2,0
229481,229481,229483,2,0
229481,229481,229483,2,0
229481,229481,229482,1,0
229481,229481,229483,2,0
229481,229481,229483,2,0
229481,229481,229483,2,0
229481,229481,229483,2,0
229481,229481,229483,2,0
229481,229481,229483,2,0
229481,229481,229482,1,0
229481,229481,229482,1,0
229481,229481,229483,2,0
229481,229481,229482,1,0
229481,229481,229483,2,0
229481,229481,229483,2,0
229481,229481,229483,2,0
229427,229427,229483,56,0
229472,229472,229483,11,0
229472,229472,229483,11,0
229472,229472,229483,11,0
229481,229481,229483,2,0
229481,229481,229483,2,0
229481,229481,229483,2,0
229481,229481,229483,2,0
229481,229481,229483,2,0
229481,229481,229483,2,0
229481,229481,229483,2,0
229484,229484,229485,1,0
229484,229484,229485,1,0
229484,229484,229485,1,0
229434,229434,229485,51,0
229484,229484,229485,1,0
229484,229484,229485,1,0
229484,229484,229485,1,0
229484,229484,229486,2,0
229484,229484,229486,2,0
229484,229484,229486,2,0
229484,229485,229486,1,1
229484,229485,229486,1,1
229484,229484,229486,2,0
229484,229484,229486,2,0
229484,229484,229486,2,0
229484,229484,229486,2,0
229484,229484,229486,2,0
229484,229484,229486,2,0
229484,229484,229486,2,0
229484,229484,229485,1,0
229484,229484,229486,2,0
229484,229484,229486,2,0
229484,229484,229486,2,0
229484,229484,229486,2,0
229484,229484,229486,2,0
229484,229484,229487,3,0
229484,229484,229486,2,0
229484,229484,229486,2,0
229484,229485,229486,1,1
229484,229484,229486,2,0
229484,229484,229486,2,0
229484,229485,229487,2,1
229486,229487,229488,1,1
229484,229484,229487,3,0
229486,229487,229488,1,1
229487,229487,229488,1,0
229484,229484,229487,3,0
229486,229487,229488,1,1
229487,229487,229488,1,0
229484,229484,229487,3,0
229486,229487,229488,1,1
229487,229487,229488,1,0
229486,229487,229488,1,1
229486,229487,229488,1,1
229487,229487,229488,1,0
229487,229487,229488,1,0
229486,229487,229488,1,1
229487,229487,229488,1,0
229481,229481,229488,7,0
229486,229487,229488,1,1
229486,229487,229489,2,1
229486,229487,229488,1,1
229486,229487,229488,1,1
229486,229487,229489,2,1
229486,229487,229488,1,1
229486,229487,229489,2,1
229487,229487,229488,1,0
229487,229487,229489,2,0
229487,229487,229489,2,0
229486,229487,229489,2,1
229487,229487,229489,2,0
229487,229487,229489,2,0
229486,229487,229488,1,1
229486,229487,229488,1,1
229486,229487,229489,2,1
229486,229487,229488,1,1
229486,229487,229488,1,1
229487,229487,229489,2,0
229487,229487,229489,2,0
229486,229487,229489,2,1
229486,229487,229488,1,1
229486,229487,229488,1,1
229487,229487,229488,1,0
229487,229487,229489,2,0
229486,229487,229488,1,1
229486,229487,229489,2,1
229486,229487,229488,1,1
229487,229487,229489,2,0
229429,229429,229489,60,0
229487,229488,229490,2,1
229487,229488,229490,2,1
229487,229488,229490,2,1
229487,229488,229490,2,1
229487,229487,229489,2,0
229487,229488,229489,1,1
229487,229488,229490,2,1
229487,229488,229490,2,1
229487,229488,229489,1,1
229487,229488,229490,2,1
229487,229488,229489,1,1
229487,229488,229489,1,1
229487,229488,229489,1,1
229486,229489,229490,1,3
229487,229488,229490,2,1
229487,229488,229490,2,1
229487,229488,229490,2,1
229430,229430,229495,65,0
229437,229437,229495,58,0
229472,229472,229495,23,0
229472,229472,229496,24,0
229472,229472,229496,24,0
229472,229472,229496,24,0
229438,229438,229502,64,0
229441,229441,229503,62,0
229433,229433,229504,71,0
229435,229435,229505,70,0
229522,229522,229523,1,0
229522,229522,229523,1,0
229522,229522,229523,1,0
229522,229522,229523,1,0
229522,229522,229523,1,0
229522,229522,229523,1,0
229522,229522,229523,1,0
229522,229522,229523,1,0
229522,229522,229524,2,0
229522,229522,229524,2,0
229522,229522,229524,2,0
229522,229522,229523,1,0
229522,229523,229524,1,1
229522,229522,229524,2,0
229522,229522,229524,2,0
229522,229522,229524,2,0
229522,229522,229524,2,0
229522,229522,229524,2,0
229522,229522,229524,2,0
229522,229522,229524,2,0
229522,229522,229524,2,0
229522,229522,229524,2,0
229522,229522,229524,2,0
229522,229522,229524,2,0
229522,229522,229524,2,0
229522,229522,229524,2,0
229522,229522,229524,2,0
229522,229522,229524,2,0
229522,229522,229524,2,0
229522,229522,229523,1,0
229522,229522,229524,2,0
229522,229522,229524,2,0
229522,229522,229524,2,0
229522,229522,229524,2,0
229522,229522,229523,1,0
229522,229522,229524,2,0
229522,229523,229524,1,1
229522,229522,229524,2,0
229522,229522,229524,2,0
229522,229522,229524,2,0
229522,229522,229524,2,0
229522,229522,229524,2,0
229522,229522,229524,2,0
229522,229522,229524,2,0
229522,229523,229524,1,1
229522,229522,229524,2,0
229522,229522,229524,2,0
229522,229522,229524,2,0
229522,229522,229524,2,0
229522,229523,229524,1,1
229522,229523,229525,2,1
229522,229522,229525,3,0
229522,229523,229525,2,1
229522,229522,229525,3,0
229522,229523,229525,2,1
229522,229522,229525,3,0
229522,229522,229525,3,0
229522,229522,229525,3,0
229522,229522,229525,3,0
229522,229522,229525,3,0
229522,229522,229525,3,0
229522,229522,229525,3,0
229522,229522,229525,3,0
229522,229522,229525,3,0
229522,229522,229525,3,0
229522,229522,229525,3,0
229522,229522,229525,3,0
229522,229522,229525,3,0
229522,229522,229525,3,0
229522,229522,229525,3,0
229522,229522,229525,3,0
229522,229523,229525,2,1
229522,229524,229525,1,2
229522,229524,229526,2,2
229522,229524,229526,2,2
229522,229524,229526,2,2
229522,229524,229526,2,2
229522,229524,229526,2,2
229522,229524,229526,2,2
229522,229525,229526,1,3
229522,229525,229526,1,3
229522,229525,229526,1,3
229522,229525,229526,1,3
229522,229525,229526,1,3
229522,229525,229526,1,3
229522,229525,229527,2,3
229522,229525,229526,1,3
229522,229525,229526,1,3
229522,229525,229526,1,3
229522,229525,229527,2,3
229522,229524,229526,2,2
229522,229525,229526,1,3
229522,229525,229526,1,3
229522,229525,229526,1,3
229522,229525,229526,1,3
229522,229525,229526,1,3
229522,229525,229526,1,3
229522,229525,229526,1,3
229522,229525,229526,1,3
229522,229524,229527,3,2
229522,229525,229527,2,3
229522,229524,229527,3,2
229522,229524,229527,3,2
229522,229524,229527,3,2
229522,229525,229527,2,3
229522,229525,229527,2,3
229522,229524,229527,3,2
229522,229524,229527,3,2
229522,229524,229527,3,2
229522,229524,229527,3,2
229522,229525,229527,2,3
229522,229526,229527,1,4
229522,229526,229527,1,4
229522,229525,229527,2,3
229522,229525,229527,2,3
229522,229526,229527,1,4
229522,229525,229527,2,3
229522,229525,229527,2,3
229522,229525,229527,2,3
229522,229526,229527,1,4
229522,229525,229527,2,3
229522,229526,229527,1,4
229522,229526,229527,1,4
229522,229525,229527,2,3
229522,229525,229527,2,3
229522,229526,229528,2,4
229522,229526,229527,1,4
229522,229526,229528,2,4
229522,229525,229527,2,3
229522,229525,229527,2,3
229522,229525,229527,2,3
229522,229526,229527,1,4
229473,229473,229534,61,0
229482,229482,229537,55,0
229440,229440,229537,97,0
229522,229523,229537,14,1
229522,229523,229538,15,1
229522,229523,229538,15,1
229522,229523,229538,15,1
229446,229447,229541,94,1
229445,229445,229541,96,0
229485,229485,229542,57,0
229443,229443,229544,101,0
229488,229488,229548,60,0
229467,229468,229556,88,1
229469,229469,229558,89,0
229471,229472,229587,115,1
229523,229526,229588,62,3
229587,229587,229588,1,0
229587,229587,229588,1,0
229587,229587,229588,1,0
229587,229587,229588,1,0
229587,229587,229588,1,0
229587,229587,229588,1,0
229587,229587,229588,1,0
229587,229587,229588,1,0
229587,229587,229588,1,0
229587,229587,229589,2,0
229587,229587,229589,2,0
229587,229587,229590,3,0
229587,229587,229589,2,0
229587,229588,229589,1,1
229587,229588,229590,2,1
229587,229588,229589,1,1
229587,229588,229589,1,1
229587,229587,229589,2,0
229587,229587,229589,2,0
229587,229587,229589,2,0
229587,229588,229590,2,1
229587,229588,229589,1,1
229587,229588,229589,1,1
229587,229588,229590,2,1
229587,229587,229589,2,0
229587,229587,229589,2,0
229587,229588,229589,1,1
229587,229588,229589,1,1
229587,229587,229589,2,0
229587,229588,229589,1,1
229587,229587,229590,3,0
229587,229587,229590,3,0
229587,229587,229589,2,0
229587,229588,229589,1,1
229587,229588,229590,2,1
229587,229588,229589,1,1
229587,229587,229590,3,0
229587,229587,229590,3,0
229587,229587,229589,2,0
229587,229588,229589,1,1
229587,229588,229589,1,1
229587,229588,229589,1,1
229587,229587,229589,2,0
229587,229587,229590,3,0
229587,229588,229589,1,1
229587,229588,229590,2,1
229587,229588,229589,1,1
229587,229588,229589,1,1
229587,229587,229590,3,0
229587,229588,229590,2,1
229587,229588,229589,1,1
229587,229588,229589,1,1
229587,229588,229590,2,1
229587,229587,229589,2,0
229587,229587,229590,3,0
229587,229587,229589,2,0
229587,229588,229589,1,1
229587,229588,229590,2,1
229587,229588,229590,2,1
229587,229588,229589,1,1
229587,229587,229590,3,0
229587,229587,229589,2,0
229587,229588,229589,1,1
229587,229588,229591,3,1
229587,229587,229590,3,0
229587,229588,229590,2,1
229587,229588,229590,2,1
229587,229589,229590,1,2
229587,229589,229591,2,2
229587,229589,229591,2,2
229587,229588,229590,2,1
229587,229588,229590,2,1
229587,229589,229591,2,2
229587,229589,229591,2,2
229587,229589,229591,2,2
229587,229588,229590,2,1
229587,229588,229590,2,1
229587,229589,229591,2,2
229587,229589,229591,2,2
229587,229588,229590,2,1
229587,229589,229591,2,2
229588,229590,229591,1,2
229587,229588,229590,2,1
229587,229589,229590,1,2
229587,229588,229590,2,1
229587,229589,229591,2,2
229588,229590,229591,1,2
229587,229588,229590,2,1
229587,229589,229590,1,2
229588,229590,229591,1,2
229587,229588,229590,2,1
229587,229589,229591,2,2
229587,229590,229592,2,3
229587,229590,229592,2,3
229587,229590,229592,2,3
229587,229590,229592,2,3
229466,229466,229592,126,0
229588,229590,229592,2,2
229588,229590,229592,2,2
229588,229590,229592,2,2
229587,229590,229592,2,3
229588,229590,229592,2,2
229588,229590,229592,2,2
229588,229590,229592,2,2
229588,229590,229592,2,2
229588,229590,229592,2,2
229588,229590,229591,1,2
229588,229590,229592,2,2
229588,229590,229592,2,2
229588,229590,229592,2,2
229587,229590,229591,1,3
229588,229590,229592,2,2
229588,229590,229592,2,2
229588,229590,229592,2,2
229588,229590,229592,2,2
229588,229590,229592,2,2
229588,229590,229591,1,2
229588,229590,229592,2,2
229588,229590,229592,2,2
229588,229590,229591,1,2
229588,229590,229592,2,2
229588,229590,229592,2,2
229588,229590,229592,2,2
229588,229590,229592,2,2
229588,229591,229592,1,3
229587,229590,229592,2,3
229588,229590,229591,1,2
229588,229590,229592,2,2
229588,229590,229592,2,2
229587,229590,229591,1,3
229588,229590,229592,2,2
229588,229590,229592,2,2
229588,229590,229592,2,2
229588,229590,229593,3,2
229588,229591,229593,2,3
229588,229590,229592,2,2
229588,229591,229593,2,3
229587,229590,229592,2,3
229587,229590,229592,2,3
229587,229590,229592,2,3
229588,229591,229592,1,3
229588,229592,229593,1,4
229588,229590,229593,3,2
229588,229591,229593,2,3
229588,229591,229594,3,3
229588,229590,229593,3,2
229588,229591,229593,2,3
229588,229590,229593,3,2
229588,229591,229593,2,3
229588,229591,229593,2,3
229588,229591,229593,2,3
229588,229591,229593,2,3
229588,229591,229593,2,3
229588,229591,229593,2,3
229588,229590,229593,3,2
229588,229591,229593,2,3
229588,229591,229593,2,3
229588,229591,229593,2,3
229588,229592,229593,1,4
229588,229590,229593,3,2
229588,229591,229593,2,3
229588,229591,229593,2,3
229588,229590,229593,3,2
229588,229591,229593,2,3
229588,229591,229593,2,3
229588,229592,229593,1,4
229588,229592,229593,1,4
229588,229592,229593,1,4
229588,229591,229594,3,3
229588,229591,229594,3,3
229588,229591,229594,3,3
229588,229591,229594,3,3
229588,229593,229594,1,5
229588,229591,229594,3,3
229588,229591,229594,3,3
229588,229591,229594,3,3
229588,229591,229594,3,3
229588,229593,229595,2,5
229588,229593,229595,2,5
229588,229593,229594,1,5
229588,229593,229595,2,5
229588,229591,229594,3,3
229588,229593,229595,2,5
229588,229593,229594,1,5
229588,229593,229594,1,5
229588,229593,229594,1,5
229588,229593,229594,1,5
229588,229593,229594,1,5
229588,229593,229595,2,5
229588,229593,229594,1,5
229588,229593,229594,1,5
229588,229593,229594,1,5
229588,229593,229594,1,5
229590,229594,229595,1,4
229588,229594,229595,1,6
229588,229594,229595,1,6
229588,229594,229595,1,6
229588,229593,229595,2,5
229588,229593,229595,2,5
229588,229593,229595,2,5
229588,229594,229596,2,6
229588,229594,229596,2,6
229588,229594,229596,2,6
229588,229593,229595,2,5
229588,229593,229595,2,5
229588,229593,229595,2,5
229588,229593,229595,2,5
229588,229594,229596,2,6
229588,229594,229595,1,6
229588,229594,229595,1,6
229588,229594,229595,1,6
229588,229593,229595,2,5
229588,229593,229595,2,5
229588,229593,229595,2,5
229588,229593,229595,2,5
229588,229593,229595,2,5
229590,229594,229595,1,4
229588,229593,229595,2,5
229588,229593,229595,2,5
229588,229593,229595,2,5
229588,229593,229595,2,5
229588,229593,229595,2,5
229590,229594,229595,1,4
229590,229594,229595,1,4
229588,229593,229595,2,5
229588,229593,229595,2,5
229588,229594,229596,2,6
229588,229594,229596,2,6
229590,229594,229595,1,4
229588,229593,229595,2,5
229588,229593,229595,2,5
229588,229593,229595,2,5
229588,229593,229595,2,5
229588,229593,229595,2,5
229590,229594,229595,1,4
229588,229594,229596,2,6
229588,229594,229595,1,6
229590,229594,229595,1,4
229590,229594,229595,1,4
229590,229594,229595,1,4
229588,229593,229595,2,5
229588,229593,229595,2,5
229588,229593,229595,2,5
229588,229593,229595,2,5
229588,229593,229595,2,5
229590,229594,229596,2,4
229590,229594,229596,2,4
229590,229595,229596,1,5
229590,229595,229597,2,5
229590,229595,229597,2,5
229590,229595,229596,1,5
229590,229595,229597,2,5
229590,229595,229597,2,5
229590,229595,229597,2,5
229590,229595,229597,2,5
229590,229595,229597,2,5
229588,229594,229596,2,6
229590,229595,229597,2,5
229590,229595,229597,2,5
229590,229595,229597,2,5
229590,229595,229596,1,5
229590,229595,229597,2,5
229590,229595,229597,2,5
229590,229595,229597,2,5
229590,229595,229597,2,5
229590,229595,229597,2,5
229590,229595,229597,2,5
229590,229595,229597,2,5
229590,229595,229597,2,5
229590,229595,229597,2,5
229590,229595,229597,2,5
229591,229595,229651,56,4
229684,229684,229685,1,0
229684,229684,229685,1,0
229684,229684,229686,2,0
229684,229685,229686,1,1
229684,229684,229685,1,0
229684,229684,229685,1,0
229684,229684,229685,1,0
229684,229685,229686,1,1
229684,229684,229685,1,0
229684,229684,229686,2,0
229684,229685,229686,1,1
229684,229684,229685,1,0
229684,229684,229685,1,0
229684,229685,229686,1,1
229684,229684,229685,1,0
229684,229685,229686,1,1
229684,229684,229687,3,0
229684,229684,229686,2,0
229684,229684,229686,2,0
229684,229685,229686,1,1
229684,229685,229686,1,1
229684,229684,229686,2,0
229684,229684,229686,2,0
229684,229685,229686,1,1
229684,229685,229687,2,1
229684,229685,229687,2,1
229684,229684,229686,2,0
229684,229685,229687,2,1
229684,229685,229686,1,1
229684,229685,229686,1,1
229684,229684,229686,2,0
229684,229684,229686,2,0
229684,229684,229686,2,0
229684,229685,229686,1,1
229684,229685,229686,1,1
229684,229684,229687,3,0
229684,229684,229686,2,0
229684,229685,229686,1,1
229684,229685,229686,1,1
229684,229685,229687,2,1
229684,229685,229686,1,1
229684,229684,229686,2,0
229684,229684,229686,2,0
229684,229684,229686,2,0
229684,229685,229687,2,1
229684,229685,229686,1,1
229684,229684,229686,2,0
229684,229684,229686,2,0
229684,229684,229686,2,0
229684,229685,229686,1,1
229684,229685,229687,2,1
229684,229685,229686,1,1
229684,229684,229686,2,0
229684,229685,229686,1,1
229684,229685,229687,2,1
229684,229684,229686,2,0
229684,229684,229686,2,0
229684,229685,229687,2,1
229684,229685,229687,2,1
229684,229685,229686,1,1
229684,229684,229686,2,0
229684,229684,229686,2,0
229684,229685,229687,2,1
229684,229685,229687,2,1
229684,229685,229686,1,1
229684,229685,229687,2,1
229684,229685,229687,2,1
229684,229685,229687,2,1
229685,229687,229688,1,2
229685,229687,229688,1,2
229684,229684,229687,3,0
229684,229685,229687,2,1
229684,229685,229687,2,1
229684,229685,229687,2,1
229684,229685,229687,2,1
229684,229685,229687,2,1
229684,229686,229687,1,2
229684,229685,229687,2,1
229684,229685,229687,2,1
229685,229687,229688,1,2
229684,229685,229687,2,1
229684,229686,229688,2,2
229685,229687,229688,1,2
229685,229687,229688,1,2
229684,229685,229687,2,1
229684,229686,229687,1,2
229684,229686,229688,2,2
229684,229686,229688,2,2
229684,229686,229688,2,2
229685,229687,229688,1,2
229684,229685,229687,2,1
229684,229686,229688,2,2
229684,229686,229688,2,2
229685,229687,229688,1,2
229685,229687,229688,1,2
229684,229685,229687,2,1
229684,229686,229687,1,2
229685,229687,229688,1,2
229685,229687,229688,1,2
229684,229686,229688,2,2
229684,229686,229688,2,2
229684,229686,229688,2,2
229685,229687,229688,1,2
229684,229686,229688,2,2
229684,229686,229688,2,2
229684,229686,229688,2,2
229685,229687,229688,1,2
229684,229687,229688,1,3
229684,229687,229688,1,3
229684,229687,229688,1,3
229685,229687,229688,1,2
229685,229687,229688,1,2
229684,229687,229688,1,3
229684,229687,229688,1,3
229684,229687,229688,1,3
229684,229686,229688,2,2
229685,229687,229688,1,2
229685,229687,229688,1,2
229685,229687,229689,2,2
229685,229687,229689,2,2
229685,229687,229689,2,2
229685,229687,229689,2,2
229685,229687,229689,2,2
229685,229687,229689,2,2
229685,229687,229689,2,2
229685,229687,229689,2,2
229685,229687,229689,2,2
229685,229687,229689,2,2
229685,229687,229689,2,2
229685,229687,229689,2,2
229685,229687,229689,2,2
229685,229687,229689,2,2
229685,229687,229688,1,2
229685,229687,229689,2,2
229685,229687,229689,2,2
229685,229687,229688,1,2
229685,229687,229689,2,2
229685,229687,229689,2,2
229685,229687,229688,1,2
229685,229687,229688,1,2
229685,229687,229688,1,2
229685,229687,229688,1,2
229685,229688,229689,1,3
229685,229688,229689,1,3
229685,229688,229690,2,3
229685,229688,229690,2,3
229685,229688,229690,2,3
229685,229688,229690,2,3
229685,229688,229690,2,3
229685,229688,229690,2,3
229685,229688,229690,2,3
229685,229688,229690,2,3
229685,229688,229690,2,3
229685,229688,229690,2,3
229685,229688,229689,1,3
229685,229688,229690,2,3
229685,229688,229690,2,3
229685,229687,229689,2,2
229685,229687,229689,2,2
229685,229687,229689,2,2
229685,229688,229690,2,3
229685,229688,229690,2,3
229685,229688,229690,2,3
229685,229688,229690,2,3
229685,229688,229690,2,3
229685,229688,229690,2,3
229685,229688,229690,2,3
229685,229688,229690,2,3
229685,229688,229690,2,3
229685,229688,229690,2,3
229685,229688,229735,47,3
229762,229762,229763,1,0
229762,229762,229764,2,0
229762,229762,229763,1,0
229762,229762,229763,1,0
229762,229762,229763,1,0
229762,229762,229763,1,0
229762,229762,229764,2,0
229762,229762,229763,1,0
229762,229762,229763,1,0
229762,229762,229764,2,0
229762,229762,229763,1,0
229762,229763,229764,1,1
229762,229762,229763,1,0
229762,229762,229765,3,0
229762,229762,229764,2,0
229762,229763,229764,1,1
229762,229763,229764,1,1
229762,229763,229764,1,1
229762,229763,229764,1,1
229762,229762,229764,2,0
229762,229762,229764,2,0
229762,229762,229764,2,0
229762,229763,229764,1,1
229762,229763,229765,2,1
229762,229763,229764,1,1
229762,229763,229764,1,1
229762,229762,229764,2,0
229762,229762,229764,2,0
229762,229763,229764,1,1
229762,229763,229764,1,1
229762,229762,229764,2,0
229762,229762,229764,2,0
229762,229763,229764,1,1
229762,229763,229764,1,1
229762,229762,229764,2,0
229762,229762,229765,3,0
229762,229762,229764,2,0
229762,229763,229764,1,1
229762,229763,229764,1,1
229762,229762,229764,2,0
229762,229762,229764,2,0
229762,229763,229764,1,1
229762,229763,229765,2,1
229762,229762,229764,2,0
229762,229762,229764,2,0
229762,229762,229764,2,0
229762,229763,229764,1,1
229762,229763,229764,1,1
229762,229763,229764,1,1
229762,229763,229764,1,1
229762,229762,229764,2,0
229762,229763,229764,1,1
229762,229763,229765,2,1
229762,229762,229764,2,0
229762,229762,229764,2,0
229762,229763,229765,2,1
229762,229763,229764,1,1
229762,229763,229765,2,1
229762,229763,229764,1,1
229762,229762,229764,2,0
229762,229762,229765,3,0
229762,229763,229764,1,1
229762,229763,229764,1,1
229762,229763,229764,1,1
229762,229763,229764,1,1
229762,229763,229765,2,1
229762,229763,229765,2,1
229762,229763,229765,2,1
229762,229764,229765,1,2
229762,229763,229765,2,1
229762,229763,229765,2,1
229762,229763,229765,2,1
229762,229764,229765,1,2
229762,229763,229765,2,1
229762,229763,229765,2,1
229762,229763,229765,2,1
229762,229763,229765,2,1
229762,229764,229765,1,2
229762,229763,229765,2,1
229762,229763,229765,2,1
229762,229764,229766,2,2
229762,229764,229766,2,2
229762,229763,229765,2,1
229762,229763,229765,2,1
229762,229763,229765,2,1
229762,229764,229766,2,2
229762,229764,229765,1,2
229762,229764,229765,1,2
229762,229764,229765,1,2
229762,229764,229765,1,2
229762,229764,229765,1,2
229762,229764,229765,1,2
229762,229764,229765,1,2
229762,229765,229766,1,3
229762,229765,229766,1,3
229762,229765,229766,1,3
229762,229765,229766,1,3
229762,229765,229766,1,3
229762,229765,229766,1,3
229762,229765,229766,1,3
229762,229765,229766,1,3
229762,229765,229766,1,3
229763,229765,229812,47,2
229825,229825,229826,1,0
229825,229825,229826,1,0
229825,229825,229826,1,0
229825,229825,229826,1,0
229825,229825,229826,1,0
229825,229825,229826,1,0
229825,229825,229826,1,0
229825,229825,229826,1,0
229825,229825,229826,1,0
229825,229825,229826,1,0
229825,229825,229826,1,0
229825,229825,229827,2,0
229825,229825,229827,2,0
229825,229825,229827,2,0
229825,229825,229827,2,0
229825,229825,229827,2,0
229825,229825,229827,2,0
229825,229825,229827,2,0
229825,229825,229827,2,0
229825,229825,229827,2,0
229825,229825,229827,2,0
229825,229825,229827,2,0
229825,229825,229827,2,0
229825,229825,229827,2,0
229825,229825,229827,2,0
229825,229825,229827,2,0
229825,229825,229827,2,0
229825,229825,229827,2,0
229825,229825,229827,2,0
229825,229825,229827,2,0
229825,229825,229827,2,0
229825,229825,229827,2,0
229825,229825,229827,2,0
229825,229825,229827,2,0
229825,229825,229827,2,0
229825,229825,229827,2,0
229825,229825,229827,2,0
229825,229825,229827,2,0
229825,229825,229827,2,0
229825,229825,229827,2,0
229825,229825,229827,2,0
229825,229825,229827,2,0
229825,229825,229827,2,0
229825,229825,229827,2,0
229825,229825,229827,2,0
229825,229825,229827,2,0
229825,229825,229827,2,0
229825,229825,229827,2,0
229825,229825,229827,2,0
229825,229825,229827,2,0
229825,229825,229827,2,0
229825,229825,229827,2,0
229825,229825,229827,2,0
229825,229825,229826,1,0
229825,229825,229827,2,0
229825,229825,229827,2,0
229825,229825,229827,2,0
229825,229825,229827,2,0
229825,229825,229827,2,0
229825,229825,229827,2,0
229825,229825,229827,2,0
229825,229825,229827,2,0
229825,229825,229827,2,0
229825,229825,229827,2,0
229825,229825,229827,2,0
229825,229825,229827,2,0
229825,229825,229827,2,0
229825,229825,229827,2,0
229870,229870,229871,1,0
229870,229870,229871,1,0
229870,229870,229871,1,0
229870,229870,229871,1,0
229870,229870,229871,1,0
229870,229870,229871,1,0
229870,229870,229871,1,0
229870,229870,229871,1,0
229870,229870,229871,1,0
229870,229870,229872,2,0
229870,229870,229871,1,0
229870,229870,229871,1,0
229870,229870,229871,1,0
229870,229870,229871,1,0
229870,229870,229871,1,0
229870,229870,229871,1,0
229870,229870,229871,1,0
229870,229870,229871,1,0
229870,229870,229872,2,0
229870,229870,229871,1,0
229870,229870,229872,2,0
229870,229870,229871,1,0
229870,229870,229871,1,0
229870,229870,229871,1,0
229870,229870,229871,1,0
229825,229825,229873,48,0
229870,229870,229872,2,0
229870,229870,229872,2,0
229870,229870,229872,2,0
229870,229870,229872,2,0
229901,229901,229902,1,0
229901,229901,229902,1,0
229901,229901,229902,1,0
229901,229901,229902,1,0
229901,229901,229902,1,0
229901,229901,229902,1,0
229901,229901,229902,1,0
229901,229901,229902,1,0
229901,229901,229902,1,0
229901,229901,229902,1,0
229901,229901,229902,1,0
229901,229901,229903,2,0
229901,229901,229903,2,0
229901,229901,229902,1,0
229901,229901,229902,1,0
229901,229901,229902,1,0
229901,229901,229902,1,0
229901,229901,229902,1,0
229901,229901,229902,1,0
229901,229901,229902,1,0
229901,229901,229902,1,0
229901,229901,229902,1,0
229901,229901,229902,1,0
229901,229901,229902,1,0
229901,229901,229902,1,0
229901,229901,229902,1,0
229901,229901,229902,1,0
229901,229901,229902,1,0
229901,229901,229902,1,0
229901,229901,229902,1,0
229901,229901,229902,1,0
229870,229870,229937,67,0
229947,229947,229948,1,0
229947,229947,229948,1,0
229947,229947,229948,1,0
229947,229947,229948,1,0
229947,229947,229948,1,0
229947,229947,229948,1,0
229947,229947,229948,1,0
229947,229947,229948,1,0
229947,229947,229949,2,0
229947,229947,229949,2,0
229947,229947,229949,2,0
229947,229947,229949,2,0
229947,229947,229949,2,0
229947,229947,229949,2,0
229947,229947,229949,2,0
229947,229947,229949,2,0
229947,229947,229949,2,0
229947,229947,229949,2,0
229947,229947,229949,2,0
229947,229947,229949,2,0
229947,229947,229949,2,0
229947,229947,229949,2,0
229947,229947,229949,2,0
229947,229947,229949,2,0
229947,229947,229949,2,0
229947,229947,229949,2,0
229947,229947,229949,2,0
229947,229947,229949,2,0
229947,229947,229949,2,0
229947,229947,229949,2,0
229947,229947,229949,2,0
229947,229947,229949,2,0
229947,229947,229949,2,0
229947,229947,229949,2,0
229932,229932,229989,57,0
229992,229992,229993,1,0
229992,229992,229993,1,0
229992,229992,229994,2,0
229992,229992,229993,1,0
229992,229992,229993,1,0
229992,229992,229993,1,0
229992,229992,229994,2,0
229992,229992,229993,1,0
229992,229992,229993,1,0
229992,229992,229994,2,0
229992,229992,229994,2,0
229992,229992,229993,1,0
229992,229992,229993,1,0
229992,229992,229993,1,0
229992,229992,229993,1,0
229992,229992,229994,2,0
229992,229992,229993,1,0
229992,229992,229993,1,0
229992,229992,229994,2,0
229992,229992,229993,1,0
229992,229992,229993,1,0
229992,229992,229994,2,0
229992,229992,229995,3,0
229992,229992,229995,3,0
229992,229992,229996,4,0
229992,229992,229997,5,0
229992,229992,229999,7,0
229992,229992,230000,8,0
229948,229948,230001,53,0
230003,230003,230004,1,0
230003,230003,230004,1,0
230003,230003,230004,1,0
229949,229949,230004,55,0
230003,230003,230005,2,0
230003,230003,230005,2,0
230003,230003,230005,2,0
230003,230003,230005,2,0
230003,230003,230005,2,0
230003,230003,230005,2,0
230003,230003,230005,2,0
230003,230003,230005,2,0
230003,230003,230005,2,0
230003,230003,230005,2,0
230003,230003,230005,2,0
230003,230003,230005,2,0
230003,230003,230005,2,0
230003,230003,230004,1,0
230003,230003,230005,2,0
230003,230003,230005,2,0
230003,230003,230005,2,0
230003,230003,230005,2,0
230003,230003,230005,2,0
230003,230003,230005,2,0
230003,230003,230005,2,0
230003,230003,230005,2,0
230003,230003,230005,2,0
230007,230007,230008,1,0
230007,230007,230009,2,0
230007,230007,230008,1,0
230007,230007,230008,1,0
230007,230007,230009,2,0
230007,230007,230008,1,0
230007,230007,230009,2,0
230007,230007,230008,1,0
230007,230007,230009,2,0
230007,230007,230009,2,0
230007,230007,230008,1,0
230007,230007,230008,1,0
230007,230007,230009,2,0
230007,230007,230009,2,0
230007,230007,230008,1,0
230007,230007,230008,1,0
230007,230007,230009,2,0
230007,230007,230009,2,0
230007,230007,230008,1,0
230007,230007,230008,1,0
230007,230007,230009,2,0
230007,230007,230009,2,0
230007,230007,230009,2,0
230007,230007,230009,2,0
230007,230007,230009,2,0
230007,230007,230009,2,0
230007,230007,230009,2,0
230007,230007,230009,2,0
230007,230007,230009,2,0
230007,230007,230009,2,0
229992,229992,230018,26,0
229969,229969,230018,49,0
230003,230003,230019,16,0
230003,230003,230019,16,0
230003,230003,230019,16,0
230003,230003,230019,16,0
229992,229992,230020,28,0
229992,229992,230020,28,0
230003,230008,230021,13,5
229967,229967,230021,54,0
230003,230008,230022,14,5
230003,230008,230022,14,5
229968,229968,230022,54,0
230003,230008,230026,18,5
229974,229974,230028,54,0
230028,230028,230029,1,0
230028,230028,230029,1,0
230028,230028,230029,1,0
229975,229975,230028,53,0
230028,230028,230030,2,0
230028,230028,230030,2,0
230028,230028,230030,2,0
230028,230028,230029,1,0
230028,230028,230030,2,0
230028,230029,230030,1,1
230028,230028,230029,1,0
230028,230028,230030,2,0
230028,230028,230030,2,0
230028,230028,230030,2,0
230028,230028,230030,2,0
230028,230028,230030,2,0
230028,230028,230030,2,0
230028,230028,230030,2,0
230028,230028,230030,2,0
230028,230028,230030,2,0
230028,230028,230030,2,0
230028,230028,230030,2,0
230028,230028,230030,2,0
230028,230028,230030,2,0
230028,230028,230030,2,0
230028,230028,230030,2,0
230028,230028,230030,2,0
230028,230028,230030,2,0
230028,230028,230030,2,0
230028,230028,230029,1,0
230028,230028,230030,2,0
230028,230028,230030,2,0
230028,230028,230030,2,0
230028,230028,230030,2,0
230028,230028,230029,1,0
230028,230028,230030,2,0
230028,230028,230030,2,0
230028,230028,230030,2,0
230028,230028,230030,2,0
230028,230028,230030,2,0
230028,230028,230030,2,0
230028,230028,230030,2,0
230028,230028,230031,3,0
230028,230028,230030,2,0
230028,230028,230030,2,0
230028,230028,230030,2,0
230028,230028,230030,2,0
230028,230028,230030,2,0
230028,230028,230030,2,0
230028,230028,230030,2,0
230028,230028,230030,2,0
230028,230028,230030,2,0
230028,230029,230031,2,1
230028,230028,230030,2,0
230028,230028,230030,2,0
230028,230028,230030,2,0
230028,230028,230031,3,0
230028,230028,230030,2,0
230028,230028,230030,2,0
230028,230029,230031,2,1
230028,230028,230030,2,0
230028,230028,230030,2,0
230028,230029,230031,2,1
230028,230028,230031,3,0
230028,230029,230031,2,1
229973,229973,230031,58,0
230028,230028,230034,6,0
229970,229970,230034,64,0
230028,230028,230035,7,0
230028,230028,230036,8,0
230028,230028,230035,7,0
229979,229980,230039,59,1
229986,229986,230040,54,0
229991,229991,230045,54,0
229977,229977,230057,80,0
230008,230008,230058,50,0
230062,230062,230063,1,0
230062,230062,230063,1,0
230062,230062,230063,1,0
230062,230062,230064,2,0
230062,230062,230063,1,0
230062,230062,230064,2,0
230062,230062,230064,2,0
230062,230062,230064,2,0
230062,230062,230065,3,0
230062,230062,230064,2,0
230062,230063,230065,2,1
230063,230064,230065,1,1
230062,230062,230064,2,0
230062,230062,230064,2,0
230062,230062,230064,2,0
230062,230063,230064,1,1
230062,230062,230064,2,0
230062,230062,230064,2,0
230062,230062,230064,2,0
230062,230063,230064,1,1
230062,230063,230065,2,1
230062,230062,230065,3,0
230062,230062,230064,2,0
230062,230063,230064,1,1
230062,230063,230065,2,1
230062,230063,230065,2,1
230062,230063,230064,1,1
230063,230063,230064,1,0
230062,230062,230064,2,0
230062,230062,230064,2,0
230062,230062,230064,2,0
230062,230063,230064,1,1
230062,230063,230065,2,1
230062,230063,230065,2,1
230062,230063,230064,1,1
230063,230063,230064,1,0
230062,230062,230065,3,0
230062,230062,230064,2,0
230062,230063,230064,1,1
230062,230063,230065,2,1
230062,230062,230065,3,0
230062,230062,230065,3,0
230062,230062,230064,2,0
230062,230063,230064,1,1
230062,230063,230065,2,1
230062,230063,230064,1,1
230062,230062,230065,3,0
230062,230063,230064,1,1
230062,230063,230065,2,1
230062,230063,230065,2,1
230062,230062,230064,2,0
230062,230063,230065,2,1
230062,230063,230065,2,1
230062,230063,230065,2,1
230063,230063,230064,1,0
230062,230062,230064,2,0
230062,230062,230065,3,0
230062,230062,230065,3,0
230062,230062,230064,2,0
230062,230063,230064,1,1
230062,230063,230065,2,1
230062,230063,230065,2,1
230062,230063,230065,2,1
230062,230063,230065,2,1
230062,230063,230066,3,1
230062,230063,230065,2,1
230062,230063,230065,2,1
230063,230064,230065,1,1
230063,230064,230065,1,1
230063,230065,230066,1,2
230063,230065,230066,1,2
230062,230063,230065,2,1
230063,230064,230065,1,1
230062,230062,230065,3,0
230062,230063,230065,2,1
230063,230064,230065,1,1
230063,230064,230065,1,1
230062,230062,230065,3,0
230063,230064,230065,1,1
230063,230064,230065,1,1
230063,230064,230065,1,1
230063,230065,230066,1,2
230063,230065,230067,2,2
230063,230065,230067,2,2
230063,230065,230067,2,2
230063,230065,230067,2,2
230063,230065,230067,2,2
229993,229993,230067,74,0
230063,230065,230067,2,2
230063,230065,230067,2,2
230063,230065,230067,2,2
230063,230065,230067,2,2
230063,230065,230067,2,2
230063,230065,230067,2,2
230063,230066,230067,1,3
230063,230065,230067,2,2
230063,230065,230067,2,2
230063,230065,230067,2,2
230063,230065,230067,2,2
230063,230065,230067,2,2
230063,230065,230067,2,2
230063,230065,230067,2,2
230063,230065,230067,2,2
230063,230065,230066,1,2
230063,230065,230066,1,2
230063,230065,230066,1,2
230063,230065,230067,2,2
230063,230065,230067,2,2
230063,230065,230067,2,2
230063,230066,230067,1,3
230063,230065,230067,2,2
230063,230065,230067,2,2
230063,230065,230067,2,2
230063,230065,230067,2,2
230063,230065,230067,2,2
230063,230065,230067,2,2
230063,230066,230067,1,3
230063,230065,230067,2,2
230063,230065,230067,2,2
230063,230065,230067,2,2
230063,230065,230067,2,2
230063,230065,230067,2,2
230063,230065,230067,2,2
230063,230065,230067,2,2
230063,230066,230067,1,3
230063,230065,230067,2,2
230063,230065,230067,2,2
230063,230066,230067,1,3
230063,230065,230067,2,2
230063,230065,230067,2,2
230063,230065,230067,2,2
230063,230066,230068,2,3
230063,230066,230068,2,3
230063,230066,230068,2,3
230063,230066,230068,2,3
230063,230066,230068,2,3
230063,230066,230068,2,3
230065,230067,230068,1,2
230065,230067,230068,1,2
230065,230067,230068,1,2
230065,230067,230068,1,2
230063,230065,230067,2,2
230063,230065,230067,2,2
230063,230066,230068,2,3
230065,230067,230068,1,2
230065,230067,230068,1,2
230063,230065,230067,2,2
230063,230065,230068,3,2
230063,230065,230068,3,2
230063,230066,230068,2,3
230063,230065,230067,2,2
230063,230065,230068,3,2
230063,230066,230068,2,3
230063,230066,230068,2,3
230063,230066,230068,2,3
230063,230065,230067,2,2
230063,230066,230068,2,3
230063,230066,230068,2,3
230063,230066,230068,2,3
230065,230067,230068,1,2
230063,230067,230069,2,4
230063,230067,230069,2,4
230063,230067,230068,1,4
230063,230067,230068,1,4
230063,230067,230069,2,4
230063,230067,230068,1,4
230063,230067,230068,1,4
230063,230067,230069,2,4
230063,230067,230068,1,4
230063,230067,230068,1,4
230063,230067,230068,1,4
230063,230067,230068,1,4
230063,230067,230069,2,4
230063,230067,230069,2,4
230063,230067,230069,2,4
230065,230067,230069,2,2
230065,230068,230069,1,3
230065,230067,230069,2,2
230065,230067,230069,2,2
230065,230067,230069,2,2
230065,230067,230069,2,2
230065,230067,230069,2,2
230065,230067,230069,2,2
230065,230067,230069,2,2
230065,230067,230069,2,2
230065,230067,230069,2,2
230065,230067,230069,2,2
230065,230067,230069,2,2
230065,230067,230069,2,2
230065,230067,230069,2,2
229984,229984,230069,85,0
230065,230068,230070,2,3
230065,230068,230070,2,3
230065,230068,230070,2,3
230065,230068,230069,1,3
230065,230068,230069,1,3
230065,230068,230069,1,3
230065,230067,230070,3,2
230065,230068,230070,2,3
230065,230068,230070,2,3
230065,230068,230070,2,3
230065,230068,230070,2,3
230065,230068,230070,2,3
230065,230068,230070,2,3
230065,230068,230070,2,3
230065,230068,230070,2,3
230065,230068,230070,2,3
230065,230069,230070,1,4
230065,230069,230070,1,4
230065,230069,230070,1,4
230065,230069,230071,2,4
230065,230069,230070,1,4
230065,230069,230070,1,4
230065,230069,230070,1,4
230065,230069,230070,1,4
230065,230067,230070,3,2
230065,230068,230070,2,3
230065,230068,230070,2,3
230065,230068,230070,2,3
230065,230069,230071,2,4
230065,230069,230071,2,4
230065,230069,230071,2,4
230065,230069,230070,1,4
230065,230069,230070,1,4
230065,230069,230071,2,4
230065,230069,230070,1,4
230065,230069,230071,2,4
230065,230069,230071,2,4
230065,230069,230071,2,4
230065,230069,230071,2,4
230065,230069,230071,2,4
230065,230069,230071,2,4
230065,230069,230071,2,4
230063,230067,230069,2,4
230063,230067,230069,2,4
229981,229981,230072,91,0
230065,230072,230073,1,7
230065,230072,230073,1,7
230065,230072,230073,1,7
230065,230072,230073,1,7
229987,229987,230075,88,0
229978,229978,230078,100,0
229989,229989,230080,91,0
229982,229982,230087,105,0
230029,230030,230089,59,1
230004,230008,230111,103,4
230066,230069,230123,54,3
230145,230145,230146,1,0
230145,230145,230146,1,0
230145,230145,230146,1,0
230145,230145,230146,1,0
230145,230145,230146,1,0
230145,230145,230146,1,0
230145,230145,230146,1,0
230145,230145,230146,1,0
230145,230145,230148,3,0
230145,230145,230147,2,0
230145,230145,230147,2,0
230145,230146,230147,1,1
230145,230146,230147,1,1
230145,230146,230148,2,1
230145,230146,230147,1,1
230145,230146,230147,1,1
230145,230146,230147,1,1
230145,230146,230148,2,1
230145,230146,230147,1,1
230145,230145,230148,3,0
230145,230145,230147,2,0
230145,230145,230147,2,0
230145,230146,230147,1,1
230145,230146,230148,2,1
230145,230146,230147,1,1
230145,230146,230147,1,1
230145,230145,230147,2,0
230145,230145,230147,2,0
230145,230146,230147,1,1
230145,230146,230148,2,1
230145,230146,230148,2,1
230145,230146,230147,1,1
230145,230145,230147,2,0
230145,230145,230147,2,0
230145,230146,230147,1,1
230145,230146,230148,2,1
230145,230146,230148,2,1
230145,230146,230147,1,1
230145,230146,230147,1,1
230145,230145,230147,2,0
230145,230145,230147,2,0
230145,230146,230147,1,1
230145,230146,230148,2,1
230145,230145,230148,3,0
230145,230145,230147,2,0
230145,230146,230147,1,1
230145,230146,230148,2,1
230145,230146,230147,1,1
230145,230146,230148,2,1
230145,230145,230148,3,0
230145,230145,230147,2,0
230145,230145,230147,2,0
230145,230146,230147,1,1
230145,230146,230147,1,1
230145,230145,230148,3,0
230145,230145,230147,2,0
230145,230146,230147,1,1
230145,230146,230148,2,1
230145,230146,230147,1,1
230145,230145,230148,3,0
230145,230145,230147,2,0
230145,230145,230147,2,0
230145,230146,230147,1,1
230145,230146,230147,1,1
230145,230146,230148,2,1
230145,230146,230148,2,1
230145,230147,230148,1,2
230145,230147,230148,1,2
230146,230148,230149,1,2
230145,230145,230148,3,0
230145,230146,230148,2,1
230145,230146,230148,2,1
230145,230147,230148,1,2
230145,230145,230148,3,0
230145,230146,230148,2,1
230145,230147,230148,1,2
230145,230147,230148,1,2
230145,230145,230148,3,0
230145,230145,230148,3,0
230145,230146,230148,2,1
230145,230146,230148,2,1
230145,230147,230148,1,2
230145,230147,230148,1,2
230146,230148,230149,1,2
230145,230146,230148,2,1
230145,230146,230148,2,1
230145,230148,230149,1,3
230145,230146,230148,2,1
230145,230146,230148,2,1
230145,230146,230148,2,1
230145,230147,230150,3,2
230145,230148,230150,2,3
230145,230148,230150,2,3
230146,230148,230150,2,2
230146,230148,230150,2,2
230145,230148,230150,2,3
230146,230148,230150,2,2
230146,230148,230150,2,2
230146,230148,230150,2,2
230146,230148,230150,2,2
230146,230148,230150,2,2
230145,230148,230150,2,3
230146,230148,230149,1,2
230146,230148,230150,2,2
230146,230148,230150,2,2
230146,230148,230150,2,2
230146,230149,230150,1,3
230145,230148,230150,2,3
230146,230148,230150,2,2
230146,230148,230150,2,2
230146,230148,230150,2,2
230146,230148,230150,2,2
230145,230148,230150,2,3
230145,230148,230150,2,3
230146,230148,230150,2,2
230146,230148,230150,2,2
230145,230148,230150,2,3
230146,230148,230150,2,2
230146,230148,230150,2,2
230146,230148,230150,2,2
230146,230148,230150,2,2
230146,230149,230150,1,3
230145,230148,230150,2,3
230146,230148,230150,2,2
230146,230148,230150,2,2
230146,230148,230150,2,2
230145,230148,230150,2,3
230145,230148,230150,2,3
230146,230148,230150,2,2
230145,230148,230150,2,3
230146,230148,230149,1,2
230146,230148,230150,2,2
230146,230148,230150,2,2
230146,230148,230150,2,2
230146,230148,230150,2,2
230146,230148,230150,2,2
230146,230148,230150,2,2
230146,230148,230150,2,2
230146,230148,230150,2,2
230146,230148,230150,2,2
230146,230148,230150,2,2
230145,230148,230151,3,3
230146,230148,230151,3,2
230146,230148,230151,3,2
230146,230149,230152,3,3
230146,230149,230151,2,3
230146,230149,230151,2,3
230146,230149,230152,3,3
230146,230149,230152,3,3
230146,230149,230152,3,3
230146,230149,230151,2,3
230146,230149,230151,2,3
230146,230149,230151,2,3
230146,230149,230151,2,3
230146,230149,230151,2,3
230146,230149,230152,3,3
230146,230149,230151,2,3
230146,230149,230151,2,3
230146,230149,230152,3,3
230146,230149,230152,3,3
230146,230149,230152,3,3
230146,230151,230152,1,5
230146,230148,230151,3,2
230146,230149,230151,2,3
230146,230151,230152,1,5
230146,230151,230152,1,5
230146,230149,230151,2,3
230146,230149,230151,2,3
230146,230151,230152,1,5
230146,230149,230151,2,3
230146,230149,230151,2,3
230146,230149,230151,2,3
230146,230151,230152,1,5
230146,230149,230151,2,3
230146,230151,230153,2,5
230146,230151,230153,2,5
230146,230151,230153,2,5
230148,230151,230152,1,3
230148,230151,230153,2,3
230146,230151,230153,2,5
230148,230151,230153,2,3
230148,230151,230153,2,3
230146,230151,230153,2,5
230146,230151,230153,2,5
230148,230151,230152,1,3
230146,230151,230153,2,5
230148,230151,230152,1,3
230148,230151,230152,1,3
230148,230151,230153,2,3
230146,230151,230152,1,5
230146,230151,230153,2,5
230148,230151,230152,1,3
230146,230151,230153,2,5
230146,230149,230152,3,3
230146,230151,230152,1,5
230146,230151,230153,2,5
230146,230151,230153,2,5
230146,230151,230152,1,5
230146,230151,230153,2,5
230146,230151,230153,2,5
230146,230151,230152,1,5
230146,230151,230153,2,5
230146,230151,230153,2,5
230146,230151,230153,2,5
230148,230151,230153,2,3
230148,230151,230154,3,3
230148,230151,230154,3,3
230148,230151,230153,2,3
230148,230151,230153,2,3
230146,230151,230153,2,5
230148,230151,230153,2,3
230146,230151,230153,2,5
230148,230151,230153,2,3
230148,230151,230154,3,3
230148,230152,230154,2,4
230146,230151,230153,2,5
230148,230152,230154,2,4
230148,230152,230154,2,4
230146,230151,230153,2,5
230146,230151,230154,3,5
230148,230151,230154,3,3
230148,230152,230154,2,4
230148,230152,230154,2,4
230148,230152,230154,2,4
230146,230151,230153,2,5
230148,230152,230154,2,4
230148,230152,230154,2,4
230148,230151,230153,2,3
230148,230152,230154,2,4
230148,230152,230153,1,4
230146,230151,230153,2,5
230146,230151,230153,2,5
230146,230151,230153,2,5
230148,230152,230153,1,4
230148,230152,230154,2,4
230148,230152,230154,2,4
230148,230152,230154,2,4
230148,230152,230154,2,4
230148,230152,230213,61,4
230243,230243,230244,1,0
230243,230243,230244,1,0
230243,230243,230244,1,0
230243,230243,230244,1,0
230243,230243,230244,1,0
230243,230243,230244,1,0
230243,230243,230244,1,0
230243,230243,230244,1,0
230243,230243,230244,1,0
230243,230243,230244,1,0
230243,230243,230244,1,0
230243,230243,230244,1,0
230243,230243,230245,2,0
230243,230243,230245,2,0
230243,230243,230244,1,0
230243,230243,230244,1,0
230243,230243,230245,2,0
230243,230243,230245,2,0
230243,230243,230245,2,0
230243,230243,230245,2,0
230243,230243,230245,2,0
230243,230243,230244,1,0
230243,230243,230245,2,0
230243,230243,230245,2,0
230243,230243,230245,2,0
230243,230243,230245,2,0
230243,230243,230245,2,0
230243,230243,230244,1,0
230243,230243,230245,2,0
230243,230243,230245,2,0
230243,230243,230245,2,0
230243,230243,230245,2,0
230243,230243,230245,2,0
230243,230243,230244,1,0
230243,230243,230245,2,0
230243,230243,230245,2,0
230243,230243,230244,1,0
230243,230243,230245,2,0
230243,230243,230245,2,0
230243,230243,230245,2,0
230243,230243,230245,2,0
230243,230243,230245,2,0
230243,230243,230245,2,0
230243,230243,230244,1,0
230243,230243,230245,2,0
230243,230243,230245,2,0
230243,230243,230244,1,0
230243,230243,230245,2,0
230243,230243,230245,2,0
230243,230243,230244,1,0
230243,230243,230245,2,0
230243,230243,230245,2,0
230243,230243,230245,2,0
230243,230243,230244,1,0
230243,230243,230245,2,0
230243,230243,230245,2,0
230243,230243,230245,2,0
230243,230243,230245,2,0
230243,230243,230244,1,0
230243,230243,230245,2,0
230243,230243,230245,2,0
230243,230243,230245,2,0
230243,230243,230245,2,0
230243,230243,230245,2,0
230243,230243,230244,1,0
230243,230243,230245,2,0
230243,230243,230245,2,0
230243,230243,230245,2,0
230243,230243,230244,1,0
230243,230243,230245,2,0
230243,230243,230245,2,0
230243,230243,230245,2,0
230243,230243,230245,2,0
230243,230243,230246,3,0
230243,230243,230245,2,0
230243,230243,230246,3,0
230243,230243,230245,2,0
230243,230243,230245,2,0
230243,230245,230246,1,2
230243,230244,230246,2,1
230243,230244,230247,3,1
230243,230244,230246,2,1
230243,230243,230246,3,0
230243,230244,230246,2,1
230243,230244,230246,2,1
230243,230244,230246,2,1
230243,230246,230247,1,3
230243,230244,230246,2,1
230243,230244,230246,2,1
230243,230246,230247,1,3
230243,230244,230246,2,1
230243,230244,230246,2,1
230243,230244,230246,2,1
230243,230245,230247,2,2
230243,230245,230247,2,2
230243,230245,230247,2,2
230243,230245,230247,2,2
230243,230245,230247,2,2
230243,230245,230247,2,2
230243,230245,230247,2,2
230243,230245,230248,3,2
230243,230245,230247,2,2
230243,230245,230247,2,2
230243,230245,230247,2,2
230243,230244,230247,3,1
230243,230244,230247,3,1
230243,230246,230247,1,3
230243,230246,230248,2,3
230243,230246,230248,2,3
230243,230246,230248,2,3
230243,230246,230248,2,3
230243,230246,230247,1,3
230243,230246,230247,1,3
230243,230246,230248,2,3
230243,230246,230248,2,3
230243,230246,230247,1,3
230243,230246,230247,1,3
230243,230246,230247,1,3
230243,230246,230248,2,3
230243,230246,230248,2,3
230243,230246,230247,1,3
230243,230246,230247,1,3
230243,230246,230247,1,3
230243,230246,230248,2,3
230243,230246,230248,2,3
230243,230246,230247,1,3
230243,230246,230248,2,3
230243,230246,230248,2,3
230243,230246,230247,1,3
230243,230246,230248,2,3
230243,230246,230248,2,3
230243,230246,230248,2,3
230243,230246,230248,2,3
230244,230246,230304,58,2
230320,230320,230321,1,0
230320,230320,230321,1,0
230320,230320,230321,1,0
230320,230320,230321,1,0
230320,230320,230322,2,0
230320,230320,230321,1,0
230320,230320,230321,1,0
230320,230320,230321,1,0
230320,230320,230321,1,0
230320,230320,230321,1,0
230320,230320,230322,2,0
230320,230320,230322,2,0
230320,230320,230322,2,0
230320,230320,230322,2,0
230320,230320,230322,2,0
230320,230321,230323,2,1
230320,230321,230322,1,1
230320,230320,230322,2,0
230320,230320,230322,2,0
230320,230320,230322,2,0
230320,230320,230322,2,0
230320,230321,230323,2,1
230320,230321,230322,1,1
230320,230320,230322,2,0
230320,230320,230322,2,0
230320,230320,230322,2,0
230320,230320,230322,2,0
230320,230321,230322,1,1
230320,230321,230323,2,1
230320,230320,230322,2,0
230320,230320,230322,2,0
230320,230320,230322,2,0
230320,230320,230322,2,0
230320,230321,230322,1,1
230320,230321,230323,2,1
230320,230320,230323,3,0
230320,230320,230322,2,0
230320,230320,230322,2,0
230320,230321,230322,1,1
230320,230321,230322,1,1
230320,230320,230322,2,0
230320,230320,230322,2,0
230320,230320,230322,2,0
230320,230321,230323,2,1
230320,230321,230322,1,1
230320,230320,230322,2,0
230320,230320,230322,2,0
230320,230321,230323,2,1
230320,230321,230322,1,1
230320,230321,230322,1,1
230320,230320,230322,2,0
230320,230320,230322,2,0
230320,230320,230322,2,0
230320,230321,230323,2,1
230320,230320,230322,2,0
230320,230320,230322,2,0
230320,230320,230322,2,0
230320,230321,230323,2,1
230320,230320,230322,2,0
230320,230320,230322,2,0
230320,230320,230322,2,0
230320,230321,230323,2,1
230320,230321,230323,2,1
230320,230321,230323,2,1
230320,230321,230323,2,1
230320,230321,230323,2,1
230320,230321,230323,2,1
230320,230321,230323,2,1
230321,230321,230368,47,0
230368,230368,230369,1,0
230368,230368,230369,1,0
230368,230368,230369,1,0
230368,230368,230369,1,0
230368,230368,230369,1,0
230368,230368,230369,1,0
230368,230369,230370,1,1
230368,230368,230369,1,0
230368,230368,230369,1,0
230368,230368,230369,1,0
230368,230368,230370,2,0
230368,230368,230370,2,0
230368,230368,230370,2,0
230368,230369,230370,1,1
230368,230368,230370,2,0
230368,230368,230370,2,0
230368,230369,230370,1,1
230368,230368,230370,2,0
230368,230368,230370,2,0
230368,230369,230370,1,1
230368,230369,230371,2,1
230368,230369,230370,1,1
230368,230368,230370,2,0
230368,230368,230370,2,0
230368,230369,230370,1,1
230368,230369,230371,2,1
230368,230368,230370,2,0
230368,230368,230370,2,0
230368,230369,230370,1,1
230368,230369,230371,2,1
230368,230368,230371,3,0
230368,230368,230370,2,0
230368,230369,230370,1,1
230368,230369,230371,2,1
230368,230368,230370,2,0
230368,230368,230370,2,0
230368,230369,230370,1,1
230368,230369,230371,2,1
230368,230369,230371,2,1
230368,230369,230370,1,1
230368,230368,230370,2,0
230368,230369,230371,2,1
230368,230369,230370,1,1
230368,230368,230370,2,0
230368,230368,230370,2,0
230368,230369,230370,1,1
230368,230369,230371,2,1
230368,230369,230371,2,1
230368,230369,230370,1,1
230368,230368,230371,3,0
230368,230368,230370,2,0
230368,230369,230370,1,1
230368,230369,230370,1,1
230368,230369,230371,2,1
230368,230369,230371,2,1
230368,230368,230371,3,0
230368,230369,230371,2,1
230368,230369,230371,2,1
230368,230368,230371,3,0
230368,230369,230371,2,1
230368,230369,230371,2,1
230368,230368,230371,3,0
230368,230369,230371,2,1
230368,230368,230371,3,0
230368,230369,230371,2,1
230368,230368,230371,3,0
230368,230369,230371,2,1
230368,230369,230371,2,1
230415,230415,230416,1,0
230415,230415,230416,1,0
230415,230415,230416,1,0
230415,230415,230416,1,0
230415,230415,230416,1,0
230415,230415,230416,1,0
230415,230415,230416,1,0
230415,230415,230416,1,0
230415,230415,230417,2,0
230415,230415,230416,1,0
230415,230415,230416,1,0
230415,230415,230417,2,0
230415,230415,230416,1,0
230415,230415,230416,1,0
230415,230415,230417,2,0
230415,230415,230416,1,0
230369,230369,230417,48,0
230415,230415,230417,2,0
230415,230415,230416,1,0
230415,230415,230416,1,0
230415,230415,230417,2,0
230415,230415,230417,2,0
230415,230415,230417,2,0
230415,230415,230416,1,0
230415,230415,230417,2,0
230415,230415,230416,1,0
230415,230415,230417,2,0
230415,230415,230416,1,0
230415,230415,230416,1,0
230415,230415,230417,2,0
230415,230415,230417,2,0
230415,230415,230416,1,0
230415,230415,230417,2,0
230415,230415,230417,2,0
230415,230415,230417,2,0
230447,230447,230448,1,0
230447,230447,230449,2,0
230447,230447,230449,2,0
230447,230447,230448,1,0
230447,230447,230449,2,0
230447,230447,230448,1,0
230447,230447,230449,2,0
230447,230447,230448,1,0
230447,230447,230449,2,0
230447,230447,230448,1,0
230447,230447,230449,2,0
230447,230447,230448,1,0
230447,230447,230448,1,0
230447,230447,230449,2,0
230447,230447,230448,1,0
230447,230447,230449,2,0
230447,230447,230448,1,0
230447,230447,230449,2,0
230447,230447,230449,2,0
230447,230447,230449,2,0
230447,230447,230449,2,0
230447,230447,230449,2,0
230447,230447,230449,2,0
230447,230447,230449,2,0
230447,230447,230449,2,0
230447,230447,230449,2,0
230447,230447,230449,2,0
230447,230447,230449,2,0
230447,230447,230449,2,0
230447,230447,230449,2,0
230447,230447,230449,2,0
230447,230447,230449,2,0
230447,230447,230449,2,0
230447,230447,230449,2,0
230415,230415,230468,53,0
230480,230480,230481,1,0
230480,230480,230481,1,0
230480,230480,230481,1,0
230480,230480,230481,1,0
230480,230480,230481,1,0
230480,230480,230481,1,0
230480,230480,230482,2,0
230480,230480,230482,2,0
230480,230480,230481,1,0
230480,230480,230482,2,0
230480,230480,230481,1,0
230480,230480,230482,2,0
230480,230480,230482,2,0
230480,230480,230482,2,0
230480,230480,230482,2,0
230480,230480,230482,2,0
230480,230480,230482,2,0
230480,230480,230482,2,0
230480,230480,230482,2,0
230480,230480,230482,2,0
230480,230480,230482,2,0
230480,230480,230482,2,0
230480,230480,230482,2,0
230480,230480,230482,2,0
230480,230480,230482,2,0
230480,230480,230482,2,0
230480,230480,230482,2,0
230480,230480,230482,2,0
230480,230480,230483,3,0
230480,230480,230482,2,0
230480,230480,230482,2,0
230480,230480,230482,2,0
230480,230480,230482,2,0
230480,230480,230482,2,0
230464,230464,230517,53,0
230518,230518,230519,1,0
230518,230518,230519,1,0
230518,230518,230519,1,0
230518,230518,230519,1,0
230518,230518,230519,1,0
230518,230518,230519,1,0
230518,230518,230519,1,0
230518,230518,230519,1,0
230518,230518,230519,1,0
230518,230518,230519,1,0
230518,230518,230520,2,0
230518,230518,230520,2,0
230518,230518,230520,2,0
230518,230518,230520,2,0
230518,230518,230520,2,0
230518,230518,230519,1,0
230518,230518,230519,1,0
230518,230518,230519,1,0
230518,230518,230520,2,0
230518,230518,230520,2,0
230518,230518,230519,1,0
230518,230518,230520,2,0
230518,230518,230520,2,0
230518,230518,230519,1,0
230518,230518,230520,2,0
230518,230518,230520,2,0
230518,230518,230520,2,0
230518,230518,230520,2,0
230518,230518,230519,1,0
230518,230518,230519,1,0
230518,230518,230525,7,0
230518,230518,230527,9,0
230480,230481,230531,50,1
230534,230534,230535,1,0
230534,230534,230535,1,0
230534,230534,230535,1,0
230534,230534,230535,1,0
230534,230534,230535,1,0
230484,230484,230535,51,0
230534,230534,230536,2,0
230534,230534,230536,2,0
230518,230518,230536,18,0
230534,230534,230536,2,0
230534,230534,230536,2,0
230534,230534,230536,2,0
230534,230534,230535,1,0
230534,230534,230536,2,0
230534,230534,230536,2,0
230534,230534,230536,2,0
230534,230534,230535,1,0
230534,230534,230535,1,0
230534,230534,230536,2,0
230534,230534,230536,2,0
230534,230534,230535,1,0
230534,230534,230536,2,0
230534,230534,230536,2,0
230534,230534,230535,1,0
230534,230534,230536,2,0
230534,230534,230536,2,0
230534,230534,230536,2,0
230534,230534,230536,2,0
230534,230534,230536,2,0
230518,230518,230536,18,0
230534,230534,230536,2,0
230534,230534,230536,2,0
230534,230534,230536,2,0
230481,230482,230537,55,1
230534,230534,230536,2,0
230483,230483,230543,60,0
230534,230534,230543,9,0
230534,230534,230543,9,0
230553,230553,230554,1,0
230553,230553,230554,1,0
230553,230553,230554,1,0
230553,230553,230554,1,0
230553,230553,230555,2,0
230553,230553,230555,2,0
230553,230553,230555,2,0
230553,230553,230555,2,0
230553,230553,230555,2,0
230553,230553,230555,2,0
230553,230553,230554,1,0
230553,230553,230555,2,0
230553,230553,230555,2,0
230553,230553,230555,2,0
230553,230553,230555,2,0
230553,230553,230555,2,0
230553,230553,230555,2,0
230553,230553,230555,2,0
230553,230553,230555,2,0
230553,230553,230555,2,0
230553,230553,230555,2,0
230553,230553,230555,2,0
230553,230553,230555,2,0
230553,230553,230555,2,0
230553,230553,230555,2,0
230553,230553,230555,2,0
230553,230553,230555,2,0
230553,230553,230555,2,0
230553,230553,230555,2,0
230553,230553,230555,2,0
230553,230553,230555,2,0
230553,230553,230555,2,0
230553,230553,230555,2,0
230553,230553,230555,2,0
230553,230553,230555,2,0
230553,230553,230555,2,0
230553,230553,230555,2,0
230553,230553,230554,1,0
230553,230553,230554,1,0
230553,230553,230555,2,0
230553,230553,230555,2,0
230553,230553,230555,2,0
230553,230553,230555,2,0
230553,230553,230555,2,0
230553,230553,230555,2,0
230553,230553,230555,2,0
230553,230553,230555,2,0
230553,230553,230555,2,0
230553,230554,230556,2,1
230553,230553,230555,2,0
230553,230554,230556,2,1
230553,230553,230555,2,0
230553,230554,230556,2,1
230553,230555,230556,1,2
230553,230553,230555,2,0
230553,230554,230556,2,1
230553,230554,230556,2,1
230556,230556,230557,1,0
230556,230556,230557,1,0
230556,230556,230557,1,0
230556,230556,230557,1,0
230556,230556,230557,1,0
230534,230534,230557,23,0
230556,230556,230558,2,0
230556,230556,230558,2,0
230556,230556,230558,2,0
230556,230556,230558,2,0
230556,230556,230557,1,0
230556,230556,230557,1,0
230556,230556,230558,2,0
230556,230556,230558,2,0
230556,230556,230558,2,0
230556,230556,230558,2,0
230556,230556,230558,2,0
230556,230556,230558,2,0
230556,230556,230558,2,0
230556,230556,230558,2,0
230556,230556,230558,2,0
230556,230556,230558,2,0
230556,230556,230558,2,0
230556,230556,230558,2,0
230556,230556,230558,2,0
230556,230556,230558,2,0
230556,230556,230558,2,0
230556,230556,230558,2,0
230556,230556,230558,2,0
230556,230556,230558,2,0
230553,230553,230558,5,0
230553,230553,230559,6,0
230556,230556,230558,2,0
230556,230556,230558,2,0
230556,230556,230558,2,0
230556,230556,230558,2,0
230556,230556,230558,2,0
230553,230553,230559,6,0
230553,230553,230559,6,0
230553,230553,230564,11,0
230553,230553,230564,11,0
230505,230505,230566,61,0
230553,230553,230567,14,0
230517,230517,230567,50,0
230553,230553,230567,14,0
230553,230553,230567,14,0
230516,230516,230566,50,0
230553,230553,230567,14,0
230511,230511,230574,63,0
230509,230509,230575,66,0
230525,230525,230576,51,0
230535,230535,230581,46,0
230523,230523,230586,63,0
230506,230507,230586,79,1
230531,230531,230587,56,0
230503,230503,230589,86,0
230590,230591,230592,1,1
230591,230591,230592,1,0
230590,230591,230592,1,1
230590,230591,230592,1,1
230590,230591,230593,2,1
230590,230591,230592,1,1
230590,230591,230592,1,1
230590,230591,230593,2,1
230590,230591,230593,2,1
230590,230591,230593,2,1
230591,230591,230593,2,0
230590,230591,230593,2,1
230590,230591,230593,2,1
230591,230591,230593,2,0
230591,230591,230593,2,0
230590,230591,230593,2,1
230590,230591,230592,1,1
230590,230591,230593,2,1
230591,230591,230593,2,0
230590,230591,230593,2,1
230590,230591,230592,1,1
230591,230591,230593,2,0
230590,230591,230592,1,1
230590,230591,230592,1,1
230591,230591,230593,2,0
230590,230591,230593,2,1
230590,230591,230592,1,1
230590,230591,230592,1,1
230591,230591,230593,2,0
230591,230591,230593,2,0
230590,230591,230593,2,1
230590,230591,230593,2,1
230591,230591,230592,1,0
230591,230591,230593,2,0
230590,230591,230593,2,1
230590,230591,230593,2,1
230591,230591,230593,2,0
230590,230591,230594,3,1
230590,230591,230593,2,1
230591,230591,230593,2,0
230591,230591,230593,2,0
230591,230591,230593,2,0
230591,230592,230593,1,1
230591,230591,230593,2,0
230591,230591,230593,2,0
230591,230592,230593,1,1
230591,230591,230594,3,0
230591,230591,230593,2,0
230591,230591,230593,2,0
230591,230592,230593,1,1
230591,230591,230594,3,0
230591,230591,230594,3,0
230591,230591,230593,2,0
230591,230591,230593,2,0
230591,230591,230593,2,0
230591,230591,230594,3,0
230591,230591,230593,2,0
230591,230591,230593,2,0
230591,230592,230593,1,1
230591,230591,230593,2,0
230591,230591,230593,2,0
230591,230591,230593,2,0
230591,230592,230594,2,1
230591,230592,230594,2,1
230591,230593,230594,1,2
230591,230593,230594,1,2
230590,230591,230593,2,1
230591,230591,230594,3,0
230591,230591,230593,2,0
230591,230592,230594,2,1
230591,230591,230593,2,0
230591,230591,230593,2,0
230591,230592,230594,2,1
230591,230593,230594,1,2
230591,230593,230594,1,2
230590,230591,230593,2,1
230590,230591,230593,2,1
230591,230591,230594,3,0
230591,230591,230593,2,0
230591,230591,230593,2,0
230591,230593,230595,2,2
230591,230593,230595,2,2
230591,230593,230595,2,2
230591,230593,230595,2,2
230591,230593,230595,2,2
230591,230593,230595,2,2
230591,230593,230595,2,2
230591,230593,230595,2,2
230591,230593,230595,2,2
230591,230593,230595,2,2
230591,230593,230595,2,2
230591,230593,230595,2,2
230591,230593,230594,1,2
230591,230593,230595,2,2
230591,230593,230595,2,2
230591,230593,230594,1,2
230591,230593,230595,2,2
230591,230593,230595,2,2
230591,230593,230595,2,2
230591,230593,230594,1,2
230591,230593,230594,1,2
230591,230594,230595,1,3
230591,230593,230594,1,2
230591,230593,230594,1,2
230591,230593,230595,2,2
230591,230593,230595,2,2
230591,230594,230596,2,3
230591,230594,230596,2,3
230591,230594,230596,2,3
230591,230594,230595,1,3
230591,230594,230596,2,3
230591,230594,230596,2,3
230591,230593,230595,2,2
230591,230594,230596,2,3
230591,230594,230596,2,3
230591,230594,230596,2,3
230591,230594,230596,2,3
230591,230593,230595,2,2
230591,230594,230596,2,3
230591,230594,230596,2,3
230591,230594,230596,2,3
230591,230594,230596,2,3
230591,230594,230596,2,3
230591,230594,230596,2,3
230591,230594,230596,2,3
230591,230594,230596,2,3
230591,230594,230596,2,3
230591,230594,230596,2,3
230591,230594,230596,2,3
230591,230594,230596,2,3
230591,230594,230596,2,3
230591,230594,230596,2,3
230591,230594,230596,2,3
230591,230594,230596,2,3
230591,230594,230596,2,3
230591,230594,230596,2,3
230591,230594,230596,2,3
230591,230594,230596,2,3
230591,230594,230596,2,3
230591,230594,230596,2,3
230591,230594,230596,2,3
230591,230594,230596,2,3
230591,230594,230596,2,3
230591,230595,230597,2,4
230591,230595,230597,2,4
230591,230595,230597,2,4
230591,230595,230597,2,4
230591,230594,230597,3,3
230591,230595,230597,2,4
230591,230595,230597,2,4
230591,230595,230597,2,4
230591,230595,230597,2,4
230591,230594,230597,3,3
230591,230594,230597,3,3
230591,230594,230597,3,3
230591,230594,230597,3,3
230591,230594,230597,3,3
230591,230594,230597,3,3
230591,230595,230597,2,4
230591,230595,230597,2,4
230591,230595,230597,2,4
230591,230595,230597,2,4
230591,230595,230597,2,4
230591,230595,230597,2,4
230593,230595,230597,2,2
230593,230595,230597,2,2
230593,230595,230597,2,2
230593,230595,230597,2,2
230593,230596,230597,1,3
230593,230596,230597,1,3
230593,230596,230597,1,3
230593,230596,230597,1,3
230591,230594,230597,3,3
230591,230594,230597,3,3
230593,230596,230597,1,3
230593,230596,230597,1,3
230593,230596,230597,1,3
230593,230596,230597,1,3
230593,230596,230598,2,3
230593,230596,230598,2,3
230593,230596,230598,2,3
230593,230596,230598,2,3
230593,230596,230598,2,3
230593,230596,230598,2,3
230593,230596,230598,2,3
230593,230596,230598,2,3
230593,230597,230598,1,4
230593,230597,230598,1,4
230593,230597,230598,1,4
230593,230597,230598,1,4
230593,230597,230598,1,4
230593,230597,230598,1,4
230593,230597,230598,1,4
230593,230597,230598,1,4
230593,230597,230598,1,4
230593,230597,230598,1,4
230593,230597,230598,1,4
230593,230597,230598,1,4
230593,230597,230598,1,4
230593,230597,230598,1,4
230593,230597,230598,1,4
230593,230597,230598,1,4
230593,230597,230598,1,4
230593,230597,230598,1,4
230593,230596,230598,2,3
230593,230596,230598,2,3
230593,230597,230599,2,4
230593,230597,230599,2,4
230593,230597,230599,2,4
230593,230597,230598,1,4
230593,230597,230598,1,4
230593,230597,230598,1,4
230593,230597,230598,1,4
230593,230597,230598,1,4
230593,230597,230599,2,4
230593,230597,230599,2,4
230593,230597,230599,2,4
230593,230597,230599,2,4
230593,230598,230600,2,5
230593,230598,230600,2,5
230593,230598,230599,1,5
230593,230598,230600,2,5
230593,230598,230600,2,5
230593,230598,230600,2,5
230593,230597,230599,2,4
230593,230598,230599,1,5
230593,230598,230599,1,5
230593,230598,230599,1,5
230593,230598,230600,2,5
230593,230598,230600,2,5
230593,230598,230600,2,5
230593,230598,230600,2,5
230593,230598,230600,2,5
230593,230598,230600,2,5
230514,230514,230615,101,0
230510,230510,230615,105,0
230520,230521,230617,96,1
230559,230559,230617,58,0
230533,230533,230618,85,0
230554,230555,230619,64,1
230526,230526,230619,93,0
230528,230528,230623,95,0
230594,230598,230646,48,4
230673,230673,230674,1,0
230673,230673,230674,1,0
230673,230673,230674,1,0
230673,230673,230674,1,0
230673,230673,230674,1,0
230673,230673,230674,1,0
230673,230673,230675,2,0
230673,230673,230675,2,0
230673,230673,230675,2,0
230673,230673,230674,1,0
230673,230673,230675,2,0
230673,230673,230675,2,0
230673,230673,230675,2,0
230673,230673,230674,1,0
230673,230673,230675,2,0
230673,230673,230675,2,0
230673,230673,230674,1,0
230673,230673,230674,1,0
230673,230673,230674,1,0
230673,230673,230675,2,0
230673,230673,230675,2,0
230673,230673,230675,2,0
230673,230673,230674,1,0
230673,230673,230675,2,0
230673,230673,230674,1,0
230673,230673,230674,1,0
230673,230673,230674,1,0
230673,230673,230675,2,0
230673,230673,230675,2,0
230673,230673,230675,2,0
230673,230673,230675,2,0
230673,230673,230675,2,0
230673,230673,230675,2,0
230673,230673,230675,2,0
230673,230673,230674,1,0
230673,230673,230675,2,0
230673,230673,230675,2,0
230673,230673,230675,2,0
230673,230673,230674,1,0
230673,230673,230675,2,0
230673,230673,230675,2,0
230673,230673,230674,1,0
230673,230673,230674,1,0
230673,230673,230675,2,0
230673,230673,230675,2,0
230673,230673,230675,2,0
230673,230673,230675,2,0
230673,230673,230674,1,0
230673,230673,230675,2,0
230673,230673,230674,1,0
230673,230673,230675,2,0
230673,230673,230674,1,0
230673,230673,230675,2,0
230673,230673,230675,2,0
230673,230673,230675,2,0
230673,230673,230674,1,0
230673,230673,230675,2,0
230673,230673,230674,1,0
230673,230673,230675,2,0
230673,230673,230675,2,0
230673,230673,230675,2,0
230673,230673,230675,2,0
230673,230673,230675,2,0
230673,230673,230675,2,0
230673,230673,230676,3,0
230673,230673,230675,2,0
230673,230673,230675,2,0
230673,230673,230675,2,0
230673,230673,230675,2,0
230673,230673,230675,2,0
230673,230673,230675,2,0
230673,230674,230676,2,1
230673,230674,230676,2,1
230673,230673,230676,3,0
230673,230674,230676,2,1
230673,230674,230676,2,1
230673,230674,230676,2,1
230673,230674,230676,2,1
230673,230674,230676,2,1
230673,230676,230677,1,3
230673,230673,230676,3,0
230673,230676,230677,1,3
230673,230674,230676,2,1
230673,230673,230676,3,0
230673,230674,230676,2,1
230673,230674,230676,2,1
230673,230676,230677,1,3
230673,230675,230677,2,2
230673,230676,230677,1,3
230673,230676,230678,2,3
230673,230676,230677,1,3
230673,230676,230678,2,3
230673,230676,230678,2,3
230673,230676,230678,2,3
230673,230676,230677,1,3
230673,230676,230677,1,3
230673,230676,230678,2,3
230673,230676,230678,2,3
230673,230676,230677,1,3
230673,230676,230678,2,3
230673,230676,230677,1,3
230673,230676,230677,1,3
230673,230676,230677,1,3
230673,230676,230677,1,3
230673,230676,230677,1,3
230673,230676,230678,2,3
230673,230676,230678,2,3
230673,230676,230677,1,3
230673,230676,230677,1,3
230673,230676,230678,2,3
230673,230676,230677,1,3
230673,230676,230677,1,3
230673,230676,230678,2,3
230673,230676,230677,1,3
230673,230676,230677,1,3
230674,230677,230678,1,3
230673,230676,230677,1,3
230673,230676,230678,2,3
230673,230676,230677,1,3
230673,230676,230677,1,3
230673,230676,230677,1,3
230673,230676,230677,1,3
230673,230676,230678,2,3
230673,230676,230677,1,3
230673,230676,230677,1,3
230673,230676,230678,2,3
230673,230676,230678,2,3
230673,230676,230678,2,3
230673,230676,230678,2,3
230673,230676,230678,2,3
230673,230677,230679,2,4
230673,230677,230679,2,4
230673,230676,230679,3,3
230673,230676,230679,3,3
230673,230676,230679,3,3
230673,230677,230678,1,4
230673,230676,230678,2,3
230673,230677,230679,2,4
230673,230677,230679,2,4
230673,230676,230678,2,3
230673,230677,230679,2,4
230673,230677,230679,2,4
230673,230677,230679,2,4
230673,230676,230678,2,3
230673,230677,230679,2,4
230673,230677,230679,2,4
230673,230677,230679,2,4
230673,230676,230678,2,3
230673,230676,230678,2,3
230673,230676,230678,2,3
230673,230677,230679,2,4
230674,230677,230678,1,3
230673,230676,230678,2,3
230673,230676,230678,2,3
230673,230676,230678,2,3
230673,230677,230678,1,4
230674,230677,230678,1,3
230673,230676,230678,2,3
230673,230676,230678,2,3
230673,230676,230679,3,3
230673,230676,230679,3,3
230674,230677,230678,1,3
230673,230676,230678,2,3
230673,230676,230678,2,3
230673,230676,230679,3,3
230673,230676,230679,3,3
230674,230677,230678,1,3
230674,230678,230679,1,4
230674,230678,230680,2,4
230674,230678,230679,1,4
230674,230678,230680,2,4
230674,230678,230680,2,4
230676,230678,230680,2,2
230676,230678,230680,2,2
230676,230678,230680,2,2
230674,230678,230680,2,4
230674,230678,230680,2,4
230674,230678,230680,2,4
230674,230678,230680,2,4
230674,230678,230680,2,4
230676,230678,230680,2,2
230676,230678,230680,2,2
230676,230678,230680,2,2
230674,230678,230680,2,4
230674,230678,230680,2,4
230674,230678,230680,2,4
230674,230678,230680,2,4
230674,230678,230680,2,4
230674,230678,230680,2,4
230674,230678,230680,2,4
230676,230678,230679,1,2
230676,230678,230679,1,2
230674,230678,230680,2,4
230674,230678,230680,2,4
230674,230678,230680,2,4
230674,230678,230680,2,4
230673,230676,230680,4,3
230674,230678,230680,2,4
230676,230678,230679,1,2
230676,230679,230681,2,3
230676,230679,230681,2,3
230676,230678,230680,2,2
230676,230678,230681,3,2
230676,230678,230681,3,2
230674,230678,230680,2,4
230674,230678,230681,3,4
230674,230678,230680,2,4
230674,230678,230680,2,4
230674,230678,230680,2,4
230676,230679,230681,2,3
230676,230679,230681,2,3
230676,230679,230681,2,3
230676,230679,230681,2,3
230676,230679,230681,2,3
230674,230678,230681,3,4
230674,230678,230680,2,4
230676,230679,230681,2,3
230676,230679,230681,2,3
230676,230679,230681,2,3
230676,230679,230681,2,3
230676,230679,230681,2,3
230676,230679,230681,2,3
230676,230679,230681,2,3
230676,230679,230681,2,3
230676,230679,230681,2,3
230676,230679,230681,2,3
230676,230679,230681,2,3
230676,230679,230681,2,3
230676,230679,230681,2,3
230676,230679,230682,3,3
230676,230679,230682,3,3
230676,230679,230741,62,3
230768,230769,230770,1,1
230768,230769,230770,1,1
230768,230769,230770,1,1
230768,230769,230770,1,1
230768,230769,230770,1,1
230768,230769,230771,2,1
230768,230769,230770,1,1
230769,230769,230770,1,0
230768,230769,230771,2,1
230768,230769,230770,1,1
230769,230769,230770,1,0
230768,230769,230771,2,1
230768,230769,230770,1,1
230768,230769,230770,1,1
230769,230769,230771,2,0
230768,230769,230771,2,1
230768,230769,230771,2,1
230769,230769,230771,2,0
230768,230769,230771,2,1
230768,230769,230771,2,1
230769,230769,230771,2,0
230768,230769,230771,2,1
230768,230769,230771,2,1
230768,230769,230770,1,1
230769,230769,230770,1,0
230768,230769,230771,2,1
230768,230769,230770,1,1
230769,230769,230770,1,0
230769,230769,230771,2,0
230768,230769,230771,2,1
230768,230769,230771,2,1
230769,230769,230770,1,0
230769,230769,230771,2,0
230769,230769,230771,2,0
230769,230769,230771,2,0
230768,230769,230771,2,1
230768,230769,230771,2,1
230769,230769,230770,1,0
230769,230769,230771,2,0
230769,230769,230772,3,0
230769,230769,230772,3,0
230769,230769,230771,2,0
230769,230769,230771,2,0
230769,230769,230772,3,0
230768,230769,230771,2,1
230769,230769,230772,3,0
230769,230769,230771,2,0
230769,230769,230771,2,0
230769,230769,230771,2,0
230769,230769,230771,2,0
230769,230769,230771,2,0
230768,230769,230771,2,1
230769,230769,230771,2,0
230769,230769,230772,3,0
230769,230769,230771,2,0
230769,230769,230771,2,0
230768,230769,230771,2,1
230768,230769,230771,2,1
230769,230769,230771,2,0
230769,230769,230772,3,0
230769,230769,230772,3,0
230769,230770,230772,2,1
230769,230769,230771,2,0
230769,230769,230771,2,0
230769,230770,230772,2,1
230769,230769,230772,3,0
230769,230769,230771,2,0
230769,230770,230772,2,1
230769,230769,230772,3,0
230769,230769,230771,2,0
230769,230769,230771,2,0
230769,230770,230772,2,1
230769,230769,230772,3,0
230769,230769,230771,2,0
230769,230769,230771,2,0
230769,230770,230772,2,1
230768,230769,230771,2,1
230769,230769,230771,2,0
230769,230769,230771,2,0
230769,230769,230771,2,0
230769,230770,230772,2,1
230769,230771,230772,1,2
230769,230771,230773,2,2
230769,230770,230773,3,1
230769,230771,230772,1,2
230769,230771,230772,1,2
230769,230771,230773,2,2
230769,230769,230772,3,0
230769,230771,230773,2,2
230769,230771,230773,2,2
230769,230771,230773,2,2
230769,230771,230773,2,2
230769,230770,230773,3,1
230769,230771,230773,2,2
230769,230771,230773,2,2
230769,230771,230773,2,2
230769,230770,230772,2,1
230769,230771,230773,2,2
230769,230771,230773,2,2
230769,230771,230773,2,2
230769,230771,230772,1,2
230769,230771,230773,2,2
230769,230771,230773,2,2
230769,230771,230773,2,2
230769,230771,230773,2,2
230769,230771,230772,1,2
230769,230771,230773,2,2
230769,230771,230773,2,2
230769,230771,230773,2,2
230769,230771,230773,2,2
230769,230771,230773,2,2
230769,230771,230773,2,2
230769,230771,230773,2,2
230769,230771,230774,3,2
230769,230771,230773,2,2
230769,230771,230773,2,2
230769,230771,230773,2,2
230769,230771,230773,2,2
230769,230772,230774,2,3
230769,230772,230774,2,3
230769,230772,230774,2,3
230769,230771,230774,3,2
230769,230772,230774,2,3
230769,230772,230774,2,3
230769,230772,230774,2,3
230769,230772,230774,2,3
230769,230772,230774,2,3
230769,230772,230774,2,3
230769,230772,230774,2,3
230769,230772,230774,2,3
230769,230772,230774,2,3
230769,230772,230774,2,3
230769,230772,230823,51,3
230848,230848,230849,1,0
230848,230848,230849,1,0
230848,230848,230849,1,0
230848,230848,230849,1,0
230848,230848,230849,1,0
230848,230848,230849,1,0
230848,230848,230849,1,0
230848,230848,230849,1,0
230848,230848,230849,1,0
230848,230848,230849,1,0
230848,230848,230850,2,0
230848,230848,230850,2,0
230848,230848,230850,2,0
230848,230848,230850,2,0
230848,230848,230850,2,0
230848,230848,230850,2,0
230848,230848,230850,2,0
230848,230848,230850,2,0
230848,230848,230850,2,0
230848,230848,230850,2,0
230848,230848,230850,2,0
230848,230848,230850,2,0
230848,230848,230850,2,0
230848,230848,230849,1,0
230848,230848,230850,2,0
230848,230848,230850,2,0
230848,230848,230850,2,0
230848,230848,230850,2,0
230848,230848,230850,2,0
230848,230848,230850,2,0
230848,230848,230850,2,0
230848,230848,230850,2,0
230848,230848,230850,2,0
230848,230848,230850,2,0
230848,230848,230850,2,0
230848,230848,230850,2,0
230848,230848,230850,2,0
230848,230848,230850,2,0
230848,230848,230850,2,0
230848,230848,230850,2,0
230848,230848,230850,2,0
230848,230848,230850,2,0
230848,230848,230850,2,0
230848,230848,230850,2,0
230848,230848,230850,2,0
230848,230848,230850,2,0
230848,230848,230850,2,0
230848,230848,230850,2,0
230848,230848,230850,2,0
230848,230848,230850,2,0
230848,230848,230850,2,0
230848,230848,230850,2,0
230848,230848,230850,2,0
230848,230848,230850,2,0
230848,230848,230850,2,0
230848,230848,230850,2,0
230848,230848,230850,2,0
230848,230848,230850,2,0
230848,230848,230850,2,0
230848,230848,230850,2,0
230848,230848,230850,2,0
230848,230848,230851,3,0
230848,230848,230850,2,0
230848,230848,230850,2,0
230848,230848,230850,2,0
230848,230848,230850,2,0
230848,230848,230851,3,0
230848,230848,230850,2,0
230895,230895,230896,1,0
230895,230895,230896,1,0
230895,230895,230896,1,0
230895,230895,230896,1,0
230895,230895,230896,1,0
230895,230895,230896,1,0
230895,230895,230896,1,0
230895,230895,230896,1,0
230895,230895,230896,1,0
230895,230895,230896,1,0
230895,230895,230896,1,0
230895,230895,230896,1,0
230895,230895,230896,1,0
230895,230895,230896,1,0
230895,230895,230896,1,0
230895,230895,230896,1,0
230895,230895,230896,1,0
230895,230895,230896,1,0
230895,230895,230897,2,0
230895,230895,230896,1,0
230895,230895,230896,1,0
230895,230895,230896,1,0
230895,230895,230896,1,0
230895,230895,230896,1,0
230895,230895,230896,1,0
230895,230895,230896,1,0
230895,230895,230897,2,0
230895,230895,230897,2,0
230895,230895,230897,2,0
230895,230895,230898,3,0
230895,230895,230897,2,0
230895,230895,230897,2,0
230848,230849,230903,54,1
230926,230926,230927,1,0
230926,230926,230927,1,0
230926,230926,230927,1,0
230926,230926,230927,1,0
230926,230926,230927,1,0
230926,230926,230927,1,0
230926,230926,230927,1,0
230926,230926,230928,2,0
230926,230926,230928,2,0
230926,230926,230928,2,0
230926,230926,230928,2,0
230926,230926,230928,2,0
230926,230926,230928,2,0
230926,230926,230928,2,0
230926,230926,230927,1,0
230926,230926,230928,2,0
230926,230926,230928,2,0
230926,230926,230928,2,0
230926,230926,230928,2,0
230926,230926,230928,2,0
230926,230926,230928,2,0
230926,230926,230928,2,0
230926,230926,230928,2,0
230926,230926,230928,2,0
230926,230926,230928,2,0
230926,230926,230928,2,0
230926,230926,230928,2,0
230926,230926,230928,2,0
230926,230926,230928,2,0
230926,230926,230928,2,0
230926,230926,230928,2,0
230926,230926,230928,2,0
230926,230926,230928,2,0
230926,230926,230928,2,0
230895,230895,230954,59,0
230958,230958,230959,1,0
230958,230958,230959,1,0
230958,230958,230959,1,0
230958,230958,230959,1,0
230958,230958,230959,1,0
230958,230958,230960,2,0
230958,230958,230959,1,0
230958,230958,230959,1,0
230958,230958,230960,2,0
230958,230958,230959,1,0
230958,230958,230959,1,0
230958,230958,230960,2,0
230958,230958,230959,1,0
230958,230958,230960,2,0
230958,230958,230960,2,0
230958,230958,230960,2,0
230958,230958,230960,2,0
230958,230958,230959,1,0
230958,230958,230960,2,0
230958,230958,230960,2,0
230958,230958,230960,2,0
230958,230958,230960,2,0
230958,230958,230960,2,0
230958,230958,230960,2,0
230958,230958,230960,2,0
230958,230958,230960,2,0
230958,230958,230960,2,0
230958,230958,230960,2,0
230958,230958,230960,2,0
230958,230958,230960,2,0
230958,230958,230960,2,0
230958,230958,230960,2,0
230926,230926,230972,46,0
230974,230974,230975,1,0
230974,230974,230975,1,0
230974,230974,230975,1,0
230974,230974,230975,1,0
230974,230974,230975,1,0
230974,230974,230975,1,0
230974,230975,230976,1,1
230974,230974,230976,2,0
230974,230974,230976,2,0
230974,230974,230976,2,0
230974,230974,230976,2,0
230974,230974,230976,2,0
230974,230974,230976,2,0
230974,230974,230976,2,0
230974,230974,230976,2,0
230974,230974,230976,2,0
230974,230974,230976,2,0
230974,230974,230976,2,0
230974,230974,230976,2,0
230974,230974,230976,2,0
230974,230974,230976,2,0
230974,230974,230976,2,0
230974,230974,230976,2,0
230974,230974,230976,2,0
230974,230974,230976,2,0
230974,230974,230976,2,0
230974,230974,230976,2,0
230974,230974,230976,2,0
230974,230974,230976,2,0
230974,230974,230976,2,0
230974,230975,230977,2,1
230974,230975,230976,1,1
230974,230974,230976,2,0
230974,230974,230976,2,0
230992,230992,230993,1,0
230992,230992,230993,1,0
230992,230992,230993,1,0
230992,230992,230993,1,0
230992,230992,230993,1,0
230992,230992,230993,1,0
230992,230992,230993,1,0
230992,230992,230993,1,0
230992,230992,230994,2,0
230992,230992,230994,2,0
230992,230992,230994,2,0
230992,230992,230994,2,0
230992,230992,230994,2,0
230992,230992,230994,2,0
230992,230992,230994,2,0
230992,230992,230994,2,0
230992,230992,230994,2,0
230992,230992,230994,2,0
230992,230992,230994,2,0
230992,230992,230994,2,0
230992,230992,230994,2,0
230992,230992,230994,2,0
230992,230992,230994,2,0
230992,230992,230994,2,0
230992,230992,230994,2,0
230992,230992,230994,2,0
230992,230992,230994,2,0
230992,230992,230994,2,0
230992,230992,230994,2,0
230992,230992,230994,2,0
230992,230992,230994,2,0
230992,230992,230994,2,0
230992,230992,230994,2,0
230992,230992,230994,2,0
230958,230958,231009,51,0
230975,230975,231021,46,0
231026,231026,231027,1,0
231026,231026,231027,1,0
231026,231026,231027,1,0
231026,231026,231027,1,0
231026,231026,231027,1,0
231026,231026,231027,1,0
231026,231026,231027,1,0
231026,231026,231027,1,0
231026,231026,231028,2,0
231026,231026,231028,2,0
231026,231026,231028,2,0
231026,231026,231028,2,0
231026,231027,231028,1,1
231026,231026,231028,2,0
231026,231026,231028,2,0
231026,231026,231028,2,0
231026,231026,231028,2,0
231026,231026,231028,2,0
231026,231026,231028,2,0
231026,231026,231028,2,0
231026,231026,231028,2,0
231026,231026,231028,2,0
231026,231026,231028,2,0
231026,231026,231028,2,0
231026,231026,231028,2,0
231026,231026,231028,2,0
231026,231026,231028,2,0
231026,231026,231028,2,0
231026,231026,231028,2,0
231026,231026,231028,2,0
231026,231026,231028,2,0
231026,231026,231028,2,0
231028,231029,231031,2,1
231028,231029,231030,1,1
231028,231029,231030,1,1
231028,231029,231030,1,1
231028,231029,231030,1,1
231028,231029,231031,2,1
231028,231029,231030,1,1
231028,231029,231030,1,1
231028,231029,231030,1,1
231028,231029,231030,1,1
231028,231029,231030,1,1
231028,231029,231031,2,1
231028,231029,231030,1,1
231028,231029,231030,1,1
231028,231029,231031,2,1
231028,231029,231031,2,1
231028,231029,231031,2,1
231028,231029,231031,2,1
231028,231029,231030,1,1
231028,231029,231030,1,1
231028,231029,231031,2,1
231028,231029,231030,1,1
231028,231029,231031,2,1
231028,231029,231030,1,1
231026,231027,231028,1,1
231026,231027,231028,1,1
231028,231029,231031,2,1
231028,231029,231031,2,1
231028,231031,231033,2,3
231028,231031,231033,2,3
231028,231031,231033,2,3
230993,230993,231049,56,0
231010,231010,231059,49,0
231065,231065,231066,1,0
231065,231065,231066,1,0
231065,231065,231066,1,0
231065,231065,231067,2,0
231065,231065,231067,2,0
231065,231065,231066,1,0
231065,231065,231067,2,0
231065,231065,231067,2,0
231065,231065,231066,1,0
231065,231065,231067,2,0
231065,231065,231067,2,0
231065,231065,231067,2,0
231065,231065,231066,1,0
231065,231065,231067,2,0
231065,231065,231067,2,0
231065,231065,231067,2,0
231065,231065,231067,2,0
231065,231065,231067,2,0
231065,231065,231066,1,0
231065,231065,231066,1,0
231065,231065,231067,2,0
231065,231065,231067,2,0
231065,231066,231067,1,1
231065,231066,231068,2,1
231065,231065,231067,2,0
231065,231065,231067,2,0
231067,231067,231068,1,0
231065,231065,231067,2,0
231065,231065,231067,2,0
231065,231065,231067,2,0
231067,231067,231068,1,0
231065,231065,231067,2,0
231065,231065,231067,2,0
231067,231067,231068,1,0
231065,231065,231067,2,0
231067,231067,231068,1,0
231065,231066,231068,2,1
231065,231066,231068,2,1
231067,231067,231068,1,0
231067,231067,231069,2,0
231067,231067,231069,2,0
231067,231067,231069,2,0
231067,231067,231069,2,0
231067,231067,231068,1,0
231067,231067,231069,2,0
231067,231067,231069,2,0
231067,231067,231069,2,0
231067,231067,231068,1,0
231067,231067,231068,1,0
231067,231067,231069,2,0
231067,231067,231068,1,0
231067,231067,231069,2,0
231067,231067,231069,2,0
231067,231067,231069,2,0
231067,231067,231069,2,0
231067,231067,231069,2,0
231067,231067,231069,2,0
231067,231067,231069,2,0
231067,231067,231069,2,0
231067,231067,231069,2,0
231067,231067,231069,2,0
231067,231067,231069,2,0
231067,231067,231069,2,0
231067,231067,231069,2,0
231067,231067,231069,2,0
231067,231067,231069,2,0
231067,231067,231069,2,0
231067,231067,231069,2,0
231030,231030,231080,50,0
231027,231027,231082,55,0
231031,231031,231083,52,0
231087,231087,231088,1,0
231087,231087,231088,1,0
231087,231087,231088,1,0
231087,231087,231088,1,0
231087,231087,231089,2,0
231087,231087,231088,1,0
231087,231087,231088,1,0
231087,231088,231089,1,1
231087,231088,231089,1,1
231087,231088,231089,1,1
231087,231088,231089,1,1
231087,231088,231089,1,1
231087,231088,231089,1,1
231087,231088,231089,1,1
231087,231088,231089,1,1
231087,231088,231089,1,1
231087,231088,231089,1,1
231087,231087,231090,3,0
231087,231087,231089,2,0
231087,231088,231089,1,1
231087,231088,231089,1,1
231087,231087,231090,3,0
231087,231087,231089,2,0
231087,231088,231089,1,1
231087,231088,231090,2,1
231087,231088,231089,1,1
231087,231088,231089,1,1
231087,231087,231089,2,0
231087,231087,231089,2,0
231087,231088,231090,2,1
231087,231088,231089,1,1
231087,231088,231089,1,1
231087,231087,231089,2,0
231087,231087,231089,2,0
231087,231088,231089,1,1
231087,231088,231090,2,1
231087,231088,231089,1,1
231087,231088,231089,1,1
231087,231087,231089,2,0
231087,231087,231090,3,0
231087,231087,231089,2,0
231087,231088,231089,1,1
231087,231088,231089,1,1
231087,231088,231089,1,1
231087,231087,231090,3,0
231087,231087,231089,2,0
231087,231088,231089,1,1
231087,231088,231090,2,1
231087,231088,231089,1,1
231087,231087,231089,2,0
231087,231087,231089,2,0
231087,231087,231089,2,0
231087,231088,231089,1,1
231087,231088,231090,2,1
231087,231088,231090,2,1
231087,231088,231089,1,1
231087,231087,231090,3,0
231087,231087,231090,3,0
231087,231087,231089,2,0
231087,231088,231089,1,1
231087,231088,231090,2,1
231087,231088,231089,1,1
231087,231088,231090,2,1
231087,231088,231090,2,1
231087,231088,231090,2,1
231087,231087,231090,3,0
231087,231088,231090,2,1
231050,231050,231099,49,0
231029,231029,231106,77,0
231065,231065,231113,48,0
231121,231121,231122,1,0
231121,231121,231122,1,0
231121,231121,231122,1,0
231121,231121,231122,1,0
231121,231121,231122,1,0
231121,231121,231122,1,0
231121,231121,231122,1,0
231121,231121,231122,1,0
231121,231121,231122,1,0
231121,231121,231122,1,0
231121,231121,231122,1,0
231121,231121,231123,2,0
231121,231121,231123,2,0
231121,231121,231123,2,0
231121,231121,231123,2,0
231121,231121,231123,2,0
231121,231121,231123,2,0
231121,231121,231123,2,0
231121,231121,231123,2,0
231121,231121,231123,2,0
231121,231121,231123,2,0
231121,231121,231123,2,0
231121,231121,231123,2,0
231121,231121,231123,2,0
231121,231121,231123,2,0
231121,231121,231123,2,0
231121,231121,231122,1,0
231121,231121,231123,2,0
231121,231121,231123,2,0
231121,231121,231123,2,0
231121,231121,231123,2,0
231121,231121,231123,2,0
231121,231121,231123,2,0
231121,231121,231123,2,0
231121,231121,231123,2,0
231121,231121,231123,2,0
231121,231121,231123,2,0
231121,231121,231123,2,0
231121,231121,231123,2,0
231121,231121,231123,2,0
231121,231121,231123,2,0
231121,231121,231123,2,0
231121,231121,231123,2,0
231121,231121,231123,2,0
231121,231121,231123,2,0
231121,231121,231123,2,0
231121,231121,231123,2,0
231121,231121,231123,2,0
231121,231121,231123,2,0
231121,231121,231123,2,0
231121,231121,231123,2,0
231121,231121,231123,2,0
231121,231121,231123,2,0
231121,231121,231123,2,0
231121,231121,231123,2,0
231121,231121,231123,2,0
231121,231121,231123,2,0
231121,231121,231123,2,0
231121,231121,231123,2,0
231121,231121,231123,2,0
231121,231121,231123,2,0
231121,231121,231123,2,0
231121,231121,231123,2,0
231121,231121,231123,2,0
231121,231121,231124,3,0
231121,231121,231123,2,0
231121,231121,231124,3,0
231121,231121,231124,3,0
231069,231069,231128,59,0
231068,231068,231133,65,0
231088,231088,231137,49,0
231153,231153,231154,1,0
231153,231153,231154,1,0
231153,231153,231154,1,0
231153,231153,231155,2,0
231153,231153,231154,1,0
231153,231153,231154,1,0
231153,231153,231154,1,0
231153,231153,231154,1,0
231153,231153,231154,1,0
231153,231153,231154,1,0
231153,231153,231154,1,0
231153,231153,231154,1,0
231153,231153,231155,2,0
231153,231153,231155,2,0
231153,231153,231155,2,0
231153,231153,231155,2,0
231153,231153,231155,2,0
231153,231153,231156,3,0
231153,231153,231155,2,0
231153,231153,231155,2,0
231153,231153,231155,2,0
231153,231153,231155,2,0
231153,231153,231155,2,0
231153,231154,231155,1,1
231153,231153,231155,2,0
231153,231153,231155,2,0
231153,231153,231155,2,0
231153,231154,231155,1,1
231153,231153,231155,2,0
231153,231153,231155,2,0
231153,231153,231155,2,0
231153,231153,231156,3,0
231153,231154,231155,1,1
231153,231153,231155,2,0
231153,231153,231155,2,0
231153,231153,231155,2,0
231153,231154,231155,1,1
231153,231153,231155,2,0
231153,231153,231155,2,0
231153,231154,231156,2,1
231153,231153,231155,2,0
231153,231153,231155,2,0
231153,231153,231155,2,0
231153,231153,231155,2,0
231153,231154,231155,1,1
231153,231154,231155,1,1
231153,231153,231155,2,0
231153,231153,231155,2,0
231153,231153,231155,2,0
231153,231153,231155,2,0
231153,231154,231155,1,1
231153,231154,231155,1,1
231153,231153,231155,2,0
231153,231153,231155,2,0
231153,231153,231156,3,0
231153,231154,231156,2,1
231153,231154,231155,1,1
231153,231154,231155,1,1
231153,231153,231156,3,0
231153,231154,231156,2,1
231153,231153,231156,3,0
231153,231153,231156,3,0
231153,231154,231156,2,1
231153,231154,231156,2,1
231153,231154,231156,2,1
231153,231154,231156,2,1
231153,231154,231156,2,1
231153,231156,231157,1,3
231153,231153,231156,3,0
231153,231154,231156,2,1
231153,231154,231156,2,1
231153,231154,231156,2,1
231153,231154,231156,2,1
231153,231154,231156,2,1
231153,231155,231157,2,2
231153,231154,231156,2,1
231153,231153,231156,3,0
231153,231154,231156,2,1
231153,231154,231156,2,1
231153,231154,231157,3,1
231153,231155,231156,1,2
231153,231154,231156,2,1
231153,231155,231156,1,2
231153,231155,231157,2,2
231153,231155,231156,1,2
231153,231156,231157,1,3
231153,231156,231158,2,3
231153,231156,231158,2,3
231153,231156,231158,2,3
231153,231155,231157,2,2
231153,231155,231157,2,2
231153,231155,231157,2,2
231153,231155,231157,2,2
231153,231155,231157,2,2
231153,231155,231157,2,2
231153,231156,231157,1,3
231153,231156,231157,1,3
231153,231156,231157,1,3
231153,231156,231157,1,3
231153,231156,231157,1,3
231153,231155,231157,2,2
231153,231156,231158,2,3
231121,231122,231179,57,1
231187,231187,231188,1,0
231187,231187,231188,1,0
231187,231187,231188,1,0
231187,231187,231188,1,0
231187,231187,231188,1,0
231187,231187,231188,1,0
231187,231187,231188,1,0
231187,231187,231189,2,0
231187,231187,231189,2,0
231187,231187,231189,2,0
231187,231187,231188,1,0
231187,231187,231188,1,0
231187,231187,231188,1,0
231187,231187,231188,1,0
231187,231187,231189,2,0
231187,231187,231189,2,0
231187,231187,231189,2,0
231187,231187,231188,1,0
231187,231187,231188,1,0
231187,231187,231188,1,0
231187,231187,231189,2,0
231187,231187,231189,2,0
231187,231187,231189,2,0
231187,231187,231189,2,0
231187,231187,231189,2,0
231187,231187,231188,1,0
231187,231187,231188,1,0
231187,231187,231189,2,0
231187,231187,231189,2,0
231187,231187,231189,2,0
231187,231187,231189,2,0
231187,231187,231189,2,0
231187,231187,231189,2,0
231187,231187,231189,2,0
231187,231187,231189,2,0
231187,231187,231189,2,0
231187,231187,231189,2,0
231187,231187,231189,2,0
231187,231187,231189,2,0
231187,231187,231189,2,0
231187,231187,231188,1,0
231187,231187,231188,1,0
231187,231187,231189,2,0
231187,231187,231189,2,0
231187,231187,231189,2,0
231187,231187,231188,1,0
231187,231187,231189,2,0
231187,231187,231189,2,0
231187,231187,231189,2,0
231187,231187,231189,2,0
231187,231187,231189,2,0
231187,231187,231189,2,0
231187,231187,231188,1,0
231187,231187,231189,2,0
231187,231187,231189,2,0
231187,231187,231189,2,0
231187,231187,231189,2,0
231187,231187,231189,2,0
231187,231187,231189,2,0
231187,231187,231189,2,0
231187,231187,231190,3,0
231187,231187,231189,2,0
231187,231187,231190,3,0
231187,231187,231189,2,0
231154,231156,231204,48,2
231219,231219,231220,1,0
231219,231219,231220,1,0
231219,231219,231220,1,0
231219,231219,231220,1,0
231219,231219,231220,1,0
231219,231219,231220,1,0
231219,231219,231220,1,0
231219,231219,231221,2,0
231219,231219,231221,2,0
231219,231219,231221,2,0
231219,231219,231220,1,0
231219,231219,231221,2,0
231219,231219,231221,2,0
231219,231219,231221,2,0
231219,231219,231221,2,0
231219,231219,231221,2,0
231219,231219,231221,2,0
231219,231219,231221,2,0
231219,231219,231221,2,0
231219,231219,231221,2,0
231219,231219,231221,2,0
231219,231219,231221,2,0
231219,231219,231221,2,0
231219,231219,231221,2,0
231219,231219,231221,2,0
231219,231219,231221,2,0
231219,231219,231221,2,0
231219,231219,231221,2,0
231219,231219,231221,2,0
231219,231219,231221,2,0
231219,231219,231221,2,0
231219,231219,231221,2,0
231219,231219,231221,2,0
231219,231219,231222,3,0
231251,231251,231252,1,0
231251,231251,231252,1,0
231251,231251,231252,1,0
231251,231251,231253,2,0
231251,231251,231253,2,0
231251,231251,231253,2,0
231251,231251,231252,1,0
231251,231251,231253,2,0
231251,231251,231252,1,0
231251,231251,231253,2,0
231251,231251,231253,2,0
231251,231251,231253,2,0
231251,231251,231253,2,0
231251,231251,231253,2,0
231251,231251,231253,2,0
231251,231251,231253,2,0
231251,231251,231253,2,0
231251,231251,231253,2,0
231251,231251,231252,1,0
231251,231251,231253,2,0
231251,231251,231253,2,0
231251,231251,231253,2,0
231251,231251,231253,2,0
231251,231251,231253,2,0
231251,231251,231253,2,0
231251,231251,231253,2,0
231251,231251,231253,2,0
231251,231251,231253,2,0
231251,231251,231254,3,0
231251,231251,231253,2,0
231251,231251,231253,2,0
231251,231251,231254,3,0
231251,231251,231253,2,0
231251,231251,231253,2,0
231219,231220,231268,48,1
231285,231285,231286,1,0
231285,231285,231286,1,0
231285,231285,231286,1,0
231285,231285,231286,1,0
231285,231285,231287,2,0
231285,231285,231287,2,0
231285,231285,231287,2,0
231285,231286,231287,1,1
231285,231286,231287,1,1
231285,231285,231287,2,0
231285,231285,231287,2,0
231285,231285,231287,2,0
231285,231285,231287,2,0
231285,231285,231286,1,0
231285,231285,231287,2,0
231285,231285,231287,2,0
231285,231285,231287,2,0
231285,231285,231287,2,0
231285,231285,231287,2,0
231285,231285,231287,2,0
231285,231285,231287,2,0
231285,231285,231287,2,0
231285,231285,231288,3,0
231285,231285,231287,2,0
231285,231285,231287,2,0
231285,231285,231287,2,0
231285,231285,231287,2,0
231285,231286,231287,1,1
231285,231285,231288,3,0
231285,231285,231288,3,0
231285,231285,231287,2,0
231285,231285,231288,3,0
231285,231285,231288,3,0
231285,231285,231287,2,0
231251,231252,231312,60,1
231314,231314,231315,1,0
231314,231314,231315,1,0
231314,231314,231315,1,0
231314,231314,231315,1,0
231314,231314,231315,1,0
231314,231314,231315,1,0
231314,231314,231315,1,0
231314,231314,231316,2,0
231314,231314,231316,2,0
231314,231314,231315,1,0
231314,231314,231315,1,0
231314,231314,231316,2,0
231314,231314,231315,1,0
231314,231314,231315,1,0
231314,231314,231316,2,0
231314,231314,231316,2,0
231314,231314,231316,2,0
231314,231314,231315,1,0
231314,231314,231316,2,0
231314,231314,231316,2,0
231314,231314,231316,2,0
231314,231314,231315,1,0
231314,231314,231315,1,0
231314,231314,231316,2,0
231314,231314,231316,2,0
231314,231314,231316,2,0
231314,231314,231315,1,0
231314,231314,231316,2,0
231314,231314,231316,2,0
231314,231314,231316,2,0
231314,231314,231316,2,0
231314,231314,231316,2,0
231314,231314,231316,2,0
231314,231314,231316,2,0
231286,231286,231334,48,0
231288,231288,231334,46,0
231269,231269,231335,66,0
231335,231335,231336,1,0
231335,231335,231336,1,0
231335,231335,231336,1,0
231335,231335,231336,1,0
231335,231335,231337,2,0
231335,231335,231336,1,0
231335,231335,231337,2,0
231335,231336,231337,1,1
231335,231336,231337,1,1
231335,231336,231338,2,1
231335,231336,231338,2,1
231335,231335,231337,2,0
231335,231335,231337,2,0
231335,231336,231337,1,1
231335,231335,231337,2,0
231335,231335,231338,3,0
231335,231335,231337,2,0
231335,231336,231337,1,1
231335,231336,231338,2,1
231335,231335,231337,2,0
231335,231336,231337,1,1
231335,231336,231338,2,1
231335,231336,231337,1,1
231335,231335,231337,2,0
231335,231335,231337,2,0
231335,231335,231337,2,0
231335,231336,231337,1,1
231335,231335,231337,2,0
231335,231335,231338,3,0
231335,231335,231337,2,0
231335,231336,231337,1,1
231335,231336,231338,2,1
231335,231335,231338,3,0
231335,231335,231338,3,0
231335,231335,231337,2,0
231335,231336,231337,1,1
231335,231336,231337,1,1
231335,231335,231337,2,0
231335,231335,231338,3,0
231335,231336,231337,1,1
231335,231336,231337,1,1
231335,231335,231338,3,0
231335,231335,231337,2,0
231335,231336,231337,1,1
231335,231336,231338,2,1
231335,231336,231338,2,1
231335,231336,231337,1,1
231335,231335,231338,3,0
231335,231335,231338,3,0
231335,231336,231337,1,1
231335,231336,231337,1,1
231335,231336,231338,2,1
231335,231336,231338,2,1
231335,231335,231338,3,0
231335,231336,231338,2,1
231335,231336,231338,2,1
231335,231336,231338,2,1
231335,231336,231338,2,1
231335,231336,231339,3,1
231335,231336,231338,2,1
231287,231287,231339,52,0
231335,231336,231338,2,1
231335,231336,231338,2,1
231335,231336,231338,2,1
231335,231335,231338,3,0
231335,231336,231338,2,1
231338,231338,231339,1,0
231335,231336,231338,2,1
231335,231336,231338,2,1
231338,231338,231339,1,0
231335,231336,231338,2,1
231338,231338,231340,2,0
231338,231338,231340,2,0
231338,231338,231340,2,0
231338,231339,231340,1,1
231338,231339,231340,1,1
231338,231338,231340,2,0
231338,231338,231340,2,0
231338,231338,231340,2,0
231338,231338,231340,2,0
231338,231338,231340,2,0
231338,231338,231340,2,0
231338,231338,231340,2,0
231338,231338,231340,2,0
231338,231338,231339,1,0
231338,231338,231340,2,0
231338,231338,231340,2,0
231338,231338,231340,2,0
231338,231338,231340,2,0
231338,231338,231340,2,0
231338,231338,231340,2,0
231338,231338,231340,2,0
231338,231338,231340,2,0
231338,231338,231340,2,0
231338,231338,231340,2,0
231338,231338,231340,2,0
231338,231339,231341,2,1
231338,231339,231340,1,1
231338,231338,231340,2,0
231338,231338,231340,2,0
231338,231338,231340,2,0
231338,231338,231340,2,0
231338,231338,231340,2,0
231308,231308,231355,47,0
231357,231357,231358,1,0
231357,231357,231358,1,0
231357,231357,231358,1,0
231357,231357,231358,1,0
231309,231309,231358,49,0
231357,231357,231358,1,0
231357,231357,231358,1,0
231357,231357,231358,1,0
231357,231357,231358,1,0
231357,231357,231358,1,0
231357,231357,231359,2,0
231357,231357,231359,2,0
231357,231357,231359,2,0
231357,231357,231359,2,0
231357,231357,231359,2,0
231357,231357,231359,2,0
231357,231357,231359,2,0
231357,231357,231359,2,0
231357,231357,231359,2,0
231357,231357,231359,2,0
231357,231357,231359,2,0
231357,231357,231359,2,0
231357,231357,231359,2,0
231357,231357,231359,2,0
231357,231357,231359,2,0
231357,231357,231359,2,0
231357,231357,231359,2,0
231357,231357,231359,2,0
231357,231357,231359,2,0
231357,231357,231359,2,0
231357,231357,231359,2,0
231357,231357,231359,2,0
231357,231357,231359,2,0
231357,231357,231359,2,0
231357,231357,231358,1,0
231357,231357,231359,2,0
231357,231357,231359,2,0
231357,231357,231359,2,0
231357,231357,231359,2,0
231357,231357,231359,2,0
231357,231357,231359,2,0
231357,231357,231359,2,0
231357,231357,231359,2,0
231357,231357,231359,2,0
231357,231357,231359,2,0
231357,231357,231359,2,0
231357,231357,231359,2,0
231357,231357,231359,2,0
231357,231357,231359,2,0
231357,231357,231359,2,0
231357,231357,231359,2,0
231357,231357,231359,2,0
231357,231357,231359,2,0
231357,231357,231359,2,0
231357,231357,231359,2,0
231357,231357,231359,2,0
231357,231357,231359,2,0
231357,231357,231360,3,0
231357,231357,231359,2,0
231357,231357,231360,3,0
231357,231357,231359,2,0
231357,231357,231359,2,0
231357,231357,231359,2,0
231357,231357,231360,3,0
231357,231357,231360,3,0
231357,231357,231360,3,0
231307,231307,231361,54,0
231317,231317,231371,54,0
231316,231316,231371,55,0
231313,231313,231377,64,0
231336,231336,231383,47,0
231312,231312,231388,76,0
231390,231390,231391,1,0
231390,231390,231391,1,0
231390,231390,231391,1,0
231390,231390,231391,1,0
231390,231390,231391,1,0
231390,231390,231391,1,0
231390,231390,231391,1,0
231390,231390,231392,2,0
231390,231390,231391,1,0
231390,231390,231392,2,0
231390,231390,231392,2,0
231390,231390,231391,1,0
231390,231390,231391,1,0
231390,231390,231392,2,0
231390,231390,231391,1,0
231390,231390,231391,1,0
231390,231390,231392,2,0
231390,231390,231392,2,0
231390,231390,231392,2,0
231390,231390,231392,2,0
231390,231390,231392,2,0
231390,231390,231392,2,0
231390,231390,231391,1,0
231390,231390,231392,2,0
231390,231390,231392,2,0
231390,231390,231392,2,0
231390,231390,231392,2,0
231390,231390,231392,2,0
231390,231390,231392,2,0
231390,231390,231392,2,0
231390,231390,231392,2,0
231390,231390,231391,1,0
231390,231390,231392,2,0
231390,231390,231392,2,0
231390,231390,231391,1,0
231390,231390,231392,2,0
231390,231390,231392,2,0
231390,231390,231392,2,0
231390,231390,231392,2,0
231390,231390,231392,2,0
231390,231390,231392,2,0
231390,231390,231392,2,0
231390,231390,231392,2,0
231390,231390,231391,1,0
231390,231390,231392,2,0
231390,231390,231392,2,0
231390,231390,231392,2,0
231390,231390,231392,2,0
231390,231390,231392,2,0
231390,231390,231392,2,0
231390,231390,231392,2,0
231390,231390,231392,2,0
231390,231390,231392,2,0
231390,231390,231392,2,0
231390,231390,231393,3,0
231390,231390,231392,2,0
231390,231390,231392,2,0
231390,231390,231393,3,0
231390,231390,231393,3,0
231390,231390,231392,2,0
231390,231390,231392,2,0
231390,231390,231392,2,0
231390,231391,231393,2,1
231390,231390,231393,3,0
231390,231390,231393,3,0
231390,231390,231392,2,0
231390,231390,231392,2,0
231390,231390,231393,3,0
231390,231390,231392,2,0
231390,231390,231392,2,0
231390,231390,231392,2,0
231390,231391,231393,2,1
231390,231390,231393,3,0
231390,231390,231393,3,0
231390,231391,231393,2,1
231390,231392,231394,2,2
231390,231391,231393,2,1
231390,231391,231394,3,1
231390,231392,231394,2,2
231390,231393,231394,1,3
231390,231390,231393,3,0
231390,231391,231393,2,1
231390,231392,231394,2,2
231390,231390,231393,3,0
231390,231391,231393,2,1
231390,231393,231394,1,3
231390,231392,231394,2,2
231390,231392,231394,2,2
231390,231392,231394,2,2
231390,231392,231394,2,2
231390,231392,231394,2,2
231390,231392,231394,2,2
231390,231392,231394,2,2
231390,231392,231394,2,2
231390,231392,231394,2,2
231390,231392,231394,2,2
231390,231391,231394,3,1
231390,231392,231394,2,2
231390,231392,231394,2,2
231390,231392,231394,2,2
231390,231392,231394,2,2
231390,231393,231394,1,3
231390,231393,231394,1,3
231390,231393,231395,2,3
231390,231393,231394,1,3
231390,231393,231394,1,3
231390,231393,231394,1,3
231390,231393,231394,1,3
231390,231393,231395,2,3
231390,231392,231394,2,2
231390,231393,231395,2,3
231390,231393,231395,2,3
231390,231393,231394,1,3
231390,231393,231395,2,3
231390,231392,231394,2,2
231390,231393,231395,2,3
231390,231393,231395,2,3
231390,231393,231395,2,3
231390,231393,231395,2,3
231390,231393,231395,2,3
231390,231393,231395,2,3
231390,231393,231395,2,3
231390,231393,231395,2,3
231390,231392,231395,3,2
231390,231393,231395,2,3
231390,231393,231395,2,3
231390,231393,231395,2,3
231390,231393,231395,2,3
231390,231393,231395,2,3
231390,231393,231396,3,3
231357,231358,231406,48,1
231390,231390,231392,2,0
231390,231390,231392,2,0
231390,231391,231393,2,1
231439,231439,231440,1,0
231439,231439,231440,1,0
231439,231439,231440,1,0
231439,231439,231440,1,0
231439,231439,231440,1,0
231439,231439,231440,1,0
231439,231439,231440,1,0
231439,231439,231440,1,0
231439,231439,231441,2,0
231439,231439,231441,2,0
231439,231439,231441,2,0
231439,231439,231441,2,0
231439,231440,231441,1,1
231439,231440,231441,1,1
231439,231439,231441,2,0
231439,231439,231441,2,0
231439,231440,231441,1,1
231439,231440,231441,1,1
231439,231439,231441,2,0
231439,231439,231441,2,0
231439,231439,231441,2,0
231439,231440,231441,1,1
231439,231440,231441,1,1
231439,231439,231441,2,0
231439,231439,231441,2,0
231439,231439,231441,2,0
231439,231439,231441,2,0
231439,231439,231441,2,0
231439,231439,231441,2,0
231439,231439,231441,2,0
231439,231440,231441,1,1
231439,231440,231441,1,1
231439,231439,231441,2,0
231439,231439,231441,2,0
231439,231440,231441,1,1
231439,231440,231442,2,1
231439,231440,231441,1,1
231439,231439,231441,2,0
231439,231439,231441,2,0
231439,231440,231441,1,1
231439,231440,231442,2,1
231439,231439,231441,2,0
231439,231439,231441,2,0
231439,231440,231441,1,1
231439,231440,231441,1,1
231439,231440,231441,1,1
231439,231439,231441,2,0
231439,231439,231441,2,0
231439,231439,231441,2,0
231439,231440,231441,1,1
231439,231440,231442,2,1
231439,231440,231442,2,1
231439,231439,231441,2,0
231439,231439,231441,2,0
231439,231439,231441,2,0
231439,231440,231442,2,1
231439,231440,231441,1,1
231439,231440,231442,2,1
231439,231440,231442,2,1
231439,231440,231442,2,1
231439,231440,231442,2,1
231439,231440,231442,2,1
231439,231440,231442,2,1
231439,231440,231442,2,1
231439,231439,231442,3,0
231439,231439,231442,3,0
231439,231440,231442,2,1
231439,231440,231442,2,1
231390,231393,231448,55,3
231485,231485,231486,1,0
231485,231485,231486,1,0
231485,231485,231486,1,0
231485,231485,231486,1,0
231485,231485,231486,1,0
231485,231485,231486,1,0
231485,231485,231486,1,0
231485,231485,231486,1,0
231485,231485,231487,2,0
231485,231485,231486,1,0
231485,231485,231487,2,0
231485,231485,231487,2,0
231485,231485,231487,2,0
231485,231485,231487,2,0
231485,231485,231487,2,0
231485,231485,231487,2,0
231485,231485,231487,2,0
231485,231485,231487,2,0
231485,231485,231487,2,0
231485,231485,231487,2,0
231485,231485,231487,2,0
231485,231485,231487,2,0
231485,231485,231486,1,0
231485,231485,231487,2,0
231485,231485,231487,2,0
231485,231485,231487,2,0
231485,231485,231487,2,0
231485,231485,231487,2,0
231485,231485,231487,2,0
231485,231485,231487,2,0
231485,231485,231487,2,0
231485,231485,231487,2,0
231485,231485,231486,1,0
231485,231485,231487,2,0
231485,231485,231487,2,0
231485,231485,231487,2,0
231485,231485,231487,2,0
231485,231485,231487,2,0
231485,231485,231487,2,0
231485,231485,231487,2,0
231485,231485,231486,1,0
231485,231485,231487,2,0
231485,231485,231487,2,0
231485,231485,231487,2,0
231485,231485,231487,2,0
231485,231485,231487,2,0
231485,231485,231487,2,0
231485,231485,231487,2,0
231485,231485,231487,2,0
231485,231485,231486,1,0
231485,231485,231487,2,0
231485,231485,231487,2,0
231485,231485,231487,2,0
231485,231485,231487,2,0
231485,231485,231487,2,0
231485,231485,231488,3,0
231485,231485,231487,2,0
231440,231440,231488,48,0
231485,231485,231487,2,0
231485,231485,231488,3,0
231485,231485,231488,3,0
231485,231485,231487,2,0
231485,231485,231488,3,0
231485,231485,231487,2,0
231485,231485,231487,2,0
231485,231485,231488,3,0
231485,231485,231488,3,0
231485,231485,231487,2,0
231485,231485,231487,2,0
231518,231518,231519,1,0
231518,231518,231519,1,0
231518,231518,231519,1,0
231518,231518,231519,1,0
231518,231518,231519,1,0
231518,231518,231519,1,0
231518,231518,231520,2,0
231518,231518,231519,1,0
231518,231518,231519,1,0
231518,231518,231520,2,0
231518,231518,231520,2,0
231518,231518,231520,2,0
231518,231518,231520,2,0
231518,231518,231519,1,0
231518,231518,231520,2,0
231518,231518,231520,2,0
231518,231518,231520,2,0
231518,231518,231519,1,0
231518,231518,231519,1,0
231518,231518,231520,2,0
231518,231518,231519,1,0
231518,231518,231519,1,0
231518,231518,231520,2,0
231518,231518,231520,2,0
231518,231518,231520,2,0
231518,231518,231520,2,0
231518,231518,231519,1,0
231518,231518,231520,2,0
231518,231518,231520,2,0
231518,231518,231520,2,0
231518,231518,231520,2,0
231518,231518,231520,2,0
231518,231518,231521,3,0
231518,231518,231520,2,0
231485,231485,231539,54,0
231550,231550,231551,1,0
231550,231550,231551,1,0
231550,231550,231551,1,0
231550,231550,231551,1,0
231550,231550,231551,1,0
231550,231550,231551,1,0
231550,231550,231551,1,0
231550,231550,231551,1,0
231550,231550,231551,1,0
231550,231550,231551,1,0
231550,231550,231552,2,0
231550,231550,231552,2,0
231550,231550,231552,2,0
231550,231550,231552,2,0
231550,231550,231552,2,0
231550,231550,231551,1,0
231550,231550,231552,2,0
231550,231550,231552,2,0
231550,231550,231552,2,0
231550,231550,231552,2,0
231550,231550,231552,2,0
231550,231550,231552,2,0
231550,231550,231552,2,0
231550,231550,231552,2,0
231550,231550,231552,2,0
231550,231550,231552,2,0
231550,231550,231552,2,0
231550,231550,231552,2,0
231550,231550,231552,2,0
231550,231550,231552,2,0
231550,231550,231552,2,0
231550,231550,231552,2,0
231550,231550,231552,2,0
231550,231550,231552,2,0
231567,231567,231568,1,0
231567,231567,231568,1,0
231567,231567,231568,1,0
231567,231567,231568,1,0
231567,231567,231568,1,0
231567,231567,231568,1,0
231567,231567,231569,2,0
231567,231567,231569,2,0
231567,231567,231569,2,0
231567,231567,231569,2,0
231567,231567,231569,2,0
231567,231567,231569,2,0
231567,231567,231569,2,0
231567,231567,231569,2,0
231567,231567,231569,2,0
231567,231567,231568,1,0
231567,231567,231569,2,0
231567,231567,231569,2,0
231567,231567,231569,2,0
231567,231567,231569,2,0
231567,231567,231568,1,0
231567,231567,231569,2,0
231567,231567,231569,2,0
231567,231567,231569,2,0
231567,231567,231569,2,0
231567,231567,231569,2,0
231567,231567,231569,2,0
231567,231567,231569,2,0
231567,231567,231569,2,0
231567,231567,231569,2,0
231567,231567,231569,2,0
231567,231567,231569,2,0
231567,231567,231569,2,0
231518,231518,231578,60,0
231584,231584,231585,1,0
231584,231584,231585,1,0
231584,231584,231585,1,0
231584,231584,231585,1,0
231584,231584,231586,2,0
231584,231584,231586,2,0
231584,231584,231586,2,0
231584,231584,231586,2,0
231584,231584,231586,2,0
231584,231584,231585,1,0
231584,231584,231586,2,0
231584,231584,231585,1,0
231584,231584,231586,2,0
231584,231584,231586,2,0
231584,231584,231586,2,0
231584,231584,231586,2,0
231584,231584,231585,1,0
231584,231584,231586,2,0
231584,231584,231586,2,0
231584,231584,231586,2,0
231584,231584,231586,2,0
231584,231584,231586,2,0
231584,231584,231586,2,0
231584,231584,231586,2,0
231584,231584,231586,2,0
231584,231584,231586,2,0
231584,231584,231586,2,0
231584,231584,231586,2,0
231584,231584,231586,2,0
231584,231584,231586,2,0
231584,231584,231586,2,0
231584,231588,231589,1,4
231584,231588,231589,1,4
231584,231588,231590,2,4
231550,231550,231609,59,0
231567,231567,231613,46,0
231618,231618,231619,1,0
231618,231618,231619,1,0
231618,231618,231619,1,0
231618,231618,231619,1,0
231618,231618,231619,1,0
231618,231618,231619,1,0
231618,231618,231619,1,0
231618,231618,231619,1,0
231618,231618,231620,2,0
231618,231618,231620,2,0
231618,231618,231620,2,0
231618,231618,231620,2,0
231618,231618,231620,2,0
231618,231618,231620,2,0
231618,231618,231620,2,0
231618,231618,231620,2,0
231618,231618,231620,2,0
231618,231618,231620,2,0
231618,231618,231620,2,0
231618,231618,231620,2,0
231618,231618,231620,2,0
231618,231618,231620,2,0
231618,231618,231620,2,0
231618,231618,231620,2,0
231618,231618,231620,2,0
231618,231618,231619,1,0
231618,231618,231620,2,0
231618,231618,231620,2,0
231618,231618,231620,2,0
231618,231618,231620,2,0
231618,231618,231620,2,0
231618,231618,231620,2,0
231618,231618,231620,2,0
231620,231620,231621,1,0
231620,231620,231621,1,0
231620,231620,231621,1,0
231618,231618,231620,2,0
231620,231620,231621,1,0
231620,231620,231621,1,0
231620,231620,231621,1,0
231620,231620,231621,1,0
231620,231620,231621,1,0
231620,231620,231621,1,0
231620,231620,231621,1,0
231620,231620,231622,2,0
231620,231620,231621,1,0
231620,231620,231622,2,0
231620,231620,231622,2,0
231620,231620,231622,2,0
231620,231620,231622,2,0
231620,231620,231622,2,0
231620,231620,231622,2,0
231620,231620,231622,2,0
231620,231620,231622,2,0
231620,231620,231622,2,0
231620,231620,231622,2,0
231620,231620,231622,2,0
231620,231620,231622,2,0
231620,231620,231622,2,0
231620,231620,231622,2,0
231620,231620,231622,2,0
231620,231620,231622,2,0
231620,231620,231622,2,0
231620,231620,231622,2,0
231620,231620,231622,2,0
231620,231620,231622,2,0
231620,231620,231622,2,0
231620,231620,231622,2,0
231584,231584,231633,49,0
231639,231639,231640,1,0
231639,231639,231640,1,0
231639,231639,231640,1,0
231639,231639,231640,1,0
231639,231639,231640,1,0
231639,231639,231640,1,0
231639,231639,231640,1,0
231639,231639,231640,1,0
231639,231639,231640,1,0
231639,231639,231640,1,0
231639,231639,231640,1,0
231639,231639,231640,1,0
231639,231639,231640,1,0
231639,231639,231640,1,0
231639,231639,231641,2,0
231639,231639,231640,1,0
231639,231639,231641,2,0
231639,231639,231640,1,0
231639,231639,231641,2,0
231639,231639,231640,1,0
231639,231639,231640,1,0
231639,231639,231640,1,0
231639,231639,231640,1,0
231639,231639,231640,1,0
231639,231639,231640,1,0
231639,231639,231640,1,0
231639,231639,231640,1,0
231639,231639,231641,2,0
231639,231639,231640,1,0
231639,231639,231641,2,0
231639,231639,231640,1,0
231639,231639,231640,1,0
231639,231639,231641,2,0
231603,231603,231655,52,0
231621,231622,231666,44,1
231618,231618,231667,49,0
231672,231672,231673,1,0
231672,231672,231673,1,0
231672,231672,231673,1,0
231672,231672,231673,1,0
231672,231672,231673,1,0
231672,231672,231673,1,0
231672,231672,231673,1,0
231672,231672,231673,1,0
231672,231672,231673,1,0
231672,231672,231674,2,0
231672,231672,231674,2,0
231672,231672,231674,2,0
231672,231672,231674,2,0
231672,231672,231674,2,0
231672,231672,231674,2,0
231672,231672,231674,2,0
231672,231672,231674,2,0
231672,231672,231674,2,0
231672,231672,231674,2,0
231672,231672,231674,2,0
231672,231672,231674,2,0
231672,231672,231674,2,0
231672,231672,231674,2,0
231672,231672,231674,2,0
231672,231672,231674,2,0
231672,231672,231673,1,0
231672,231672,231674,2,0
231672,231672,231673,1,0
231672,231672,231674,2,0
231672,231672,231674,2,0
231672,231672,231674,2,0
231672,231672,231674,2,0
231672,231672,231674,2,0
231672,231672,231674,2,0
231672,231672,231674,2,0
231672,231672,231674,2,0
231672,231672,231674,2,0
231672,231672,231674,2,0
231672,231672,231674,2,0
231672,231672,231674,2,0
231672,231672,231674,2,0
231672,231672,231673,1,0
231672,231672,231674,2,0
231672,231672,231674,2,0
231672,231672,231674,2,0
231672,231672,231675,3,0
231672,231672,231674,2,0
231672,231672,231674,2,0
231672,231672,231674,2,0
231672,231672,231675,3,0
231672,231672,231675,3,0
231672,231672,231675,3,0
231672,231672,231675,3,0
231672,231672,231675,3,0
231672,231672,231675,3,0
231672,231672,231675,3,0
231672,231672,231675,3,0
231672,231672,231675,3,0
231672,231672,231675,3,0
231672,231672,231675,3,0
231675,231675,231676,1,0
231675,231675,231676,1,0
231672,231672,231675,3,0
231672,231672,231675,3,0
231675,231675,231676,1,0
231675,231675,231676,1,0
231675,231675,231676,1,0
231675,231675,231676,1,0
231675,231675,231676,1,0
231675,231675,231676,1,0
231675,231675,231676,1,0
231675,231675,231677,2,0
231675,231675,231677,2,0
231675,231675,231677,2,0
231675,231675,231676,1,0
231675,231675,231677,2,0
231675,231675,231677,2,0
231675,231675,231677,2,0
231675,231675,231677,2,0
231675,231675,231677,2,0
231675,231675,231677,2,0
231675,231675,231677,2,0
231675,231675,231677,2,0
231675,231675,231677,2,0
231675,231675,231676,1,0
231675,231675,231677,2,0
231675,231675,231677,2,0
231675,231675,231676,1,0
231675,231675,231677,2,0
231675,231675,231677,2,0
231675,231675,231677,2,0
231675,231675,231677,2,0
231675,231675,231677,2,0
231675,231675,231677,2,0
231675,231675,231677,2,0
231672,231672,231674,2,0
231672,231672,231674,2,0
231672,231672,231674,2,0
231672,231672,231675,3,0
231672,231672,231675,3,0
231672,231672,231674,2,0
231675,231679,231680,1,4
231639,231639,231692,53,0
231712,231712,231713,1,0
231712,231712,231713,1,0
231712,231712,231714,2,0
231712,231712,231713,1,0
231712,231712,231713,1,0
231712,231712,231713,1,0
231712,231712,231714,2,0
231712,231712,231714,2,0
231712,231712,231713,1,0
231712,231712,231713,1,0
231712,231712,231714,2,0
231712,231712,231714,2,0
231712,231712,231714,2,0
231712,231712,231714,2,0
231712,231712,231713,1,0
231712,231712,231714,2,0
231712,231712,231714,2,0
231712,231712,231713,1,0
231712,231712,231713,1,0
231712,231712,231714,2,0
231712,231712,231713,1,0
231712,231712,231713,1,0
231712,231712,231714,2,0
231712,231712,231714,2,0
231712,231712,231713,1,0
231712,231712,231714,2,0
231712,231712,231714,2,0
231712,231712,231714,2,0
231712,231712,231714,2,0
231712,231712,231714,2,0
231712,231712,231714,2,0
231712,231712,231714,2,0
231712,231712,231714,2,0
231712,231712,231714,2,0
231672,231673,231723,50,1
231675,231675,231724,49,0
231677,231677,231726,49,0
231729,231729,231730,1,0
231729,231729,231730,1,0
231729,231729,231730,1,0
231729,231729,231730,1,0
231729,231729,231730,1,0
231729,231729,231730,1,0
231729,231729,231730,1,0
231729,231729,231730,1,0
231729,231729,231731,2,0
231678,231678,231730,52,0
231729,231729,231730,1,0
231729,231730,231731,1,1
231729,231729,231732,3,0
231729,231729,231731,2,0
231729,231730,231731,1,1
231729,231730,231732,2,1
231729,231730,231732,2,1
231729,231729,231732,3,0
231729,231729,231731,2,0
231729,231729,231731,2,0
231729,231730,231732,2,1
231729,231730,231732,2,1
231729,231730,231732,2,1
231729,231729,231731,2,0
231729,231729,231732,3,0
231729,231730,231731,1,1
231729,231730,231732,2,1
231729,231729,231731,2,0
231729,231729,231732,3,0
231729,231729,231731,2,0
231729,231730,231731,1,1
231729,231730,231732,2,1
231729,231729,231732,3,0
231729,231729,231731,2,0
231729,231730,231732,2,1
231729,231730,231732,2,1
231729,231729,231731,2,0
231729,231729,231732,3,0
231729,231729,231731,2,0
231729,231730,231731,1,1
231729,231730,231732,2,1
231729,231730,231731,1,1
231729,231729,231732,3,0
231729,231730,231731,1,1
231729,231730,231732,2,1
231729,231730,231732,2,1
231729,231729,231731,2,0
231729,231729,231732,3,0
231729,231730,231731,1,1
231729,231730,231732,2,1
231729,231730,231732,2,1
231729,231729,231732,3,0
231729,231730,231731,1,1
231729,231730,231732,2,1
231729,231730,231732,2,1
231729,231730,231731,1,1
231729,231729,231731,2,0
231729,231729,231731,2,0
231729,231730,231732,2,1
231729,231730,231732,2,1
231729,231730,231732,2,1
231729,231730,231732,2,1
231729,231730,231732,2,1
231729,231729,231732,3,0
231729,231730,231732,2,1
231729,231729,231732,3,0
231729,231730,231732,2,1
231729,231730,231732,2,1
231729,231729,231732,3,0
231679,231679,231740,61,0
231712,231712,231758,46,0
231763,231763,231764,1,0
231763,231763,231764,1,0
231763,231763,231764,1,0
231763,231763,231764,1,0
231763,231763,231764,1,0
231763,231763,231764,1,0
231763,231763,231765,2,0
231763,231763,231764,1,0
231763,231763,231764,1,0
231763,231763,231764,1,0
231763,231763,231764,1,0
231763,231763,231764,1,0
231763,231763,231764,1,0
231763,231763,231765,2,0
231763,231763,231765,2,0
231763,231763,231764,1,0
231763,231763,231765,2,0
231763,231763,231764,1,0
231763,231763,231764,1,0
231763,231763,231764,1,0
231763,231763,231765,2,0
231763,231763,231765,2,0
231763,231763,231764,1,0
231763,231763,231764,1,0
231763,231763,231765,2,0
231763,231763,231765,2,0
231763,231763,231765,2,0
231763,231763,231764,1,0
231763,231763,231764,1,0
231763,231763,231765,2,0
231763,231763,231764,1,0
231763,231763,231765,2,0
231763,231763,231764,1,0
231763,231763,231764,1,0
231763,231763,231765,2,0
231763,231763,231765,2,0
231763,231763,231765,2,0
231763,231763,231765,2,0
231763,231763,231765,2,0
231763,231763,231764,1,0
231763,231763,231764,1,0
231763,231763,231765,2,0
231763,231763,231765,2,0
231763,231763,231765,2,0
231763,231763,231764,1,0
231763,231763,231765,2,0
231763,231763,231765,2,0
231763,231763,231764,1,0
231763,231763,231765,2,0
231763,231763,231766,3,0
231763,231763,231765,2,0
231763,231763,231766,3,0
231763,231763,231765,2,0
231763,231763,231766,3,0
231763,231763,231765,2,0
231763,231763,231766,3,0
231763,231763,231766,3,0
231763,231763,231765,2,0
231763,231763,231765,2,0
231763,231763,231765,2,0
231763,231763,231765,2,0
231763,231763,231766,3,0
231795,231795,231796,1,0
231795,231795,231796,1,0
231795,231795,231796,1,0
231795,231795,231796,1,0
231795,231795,231796,1,0
231795,231795,231796,1,0
231795,231795,231796,1,0
231795,231795,231797,2,0
231795,231795,231796,1,0
231795,231795,231796,1,0
231795,231795,231796,1,0
231795,231795,231796,1,0
231795,231795,231797,2,0
231795,231795,231796,1,0
231795,231795,231796,1,0
231795,231795,231796,1,0
231795,231795,231796,1,0
231795,231795,231797,2,0
231795,231795,231796,1,0
231795,231795,231796,1,0
231795,231795,231797,2,0
231795,231795,231797,2,0
231795,231795,231796,1,0
231795,231795,231796,1,0
231795,231795,231796,1,0
231795,231795,231796,1,0
231795,231795,231797,2,0
231795,231795,231797,2,0
231811,231811,231812,1,0
231811,231811,231813,2,0
231811,231811,231813,2,0
231811,231811,231813,2,0
231811,231811,231813,2,0
231811,231811,231813,2,0
231811,231811,231813,2,0
231811,231811,231813,2,0
231811,231811,231813,2,0
231811,231811,231813,2,0
231811,231811,231813,2,0
231811,231811,231813,2,0
231811,231811,231813,2,0
231811,231811,231813,2,0
231811,231811,231813,2,0
231811,231811,231813,2,0
231811,231811,231813,2,0
231811,231811,231813,2,0
231811,231811,231813,2,0
231811,231811,231813,2,0
231811,231811,231813,2,0
231811,231811,231813,2,0
231811,231811,231813,2,0
231811,231811,231814,3,0
231811,231811,231813,2,0
231763,231763,231814,51,0
231811,231811,231813,2,0
231811,231811,231814,3,0
231811,231811,231814,3,0
231811,231811,231814,3,0
231811,231811,231814,3,0
231811,231811,231814,3,0
231811,231811,231814,3,0
231811,231811,231814,3,0
231811,231811,231814,3,0
231829,231829,231830,1,0
231829,231829,231830,1,0
231829,231829,231830,1,0
231829,231829,231830,1,0
231829,231829,231831,2,0
231829,231829,231830,1,0
231829,231829,231831,2,0
231829,231829,231830,1,0
231829,231829,231831,2,0
231829,231829,231831,2,0
231829,231829,231831,2,0
231829,231829,231831,2,0
231829,231829,231830,1,0
231829,231829,231831,2,0
231829,231829,231831,2,0
231829,231829,231830,1,0
231829,231829,231831,2,0
231829,231829,231830,1,0
231829,231829,231830,1,0
231829,231829,231831,2,0
231829,231829,231831,2,0
231829,231829,231830,1,0
231829,231829,231830,1,0
231829,231829,231831,2,0
231829,231829,231831,2,0
231829,231829,231831,2,0
231829,231829,231831,2,0
231829,231829,231831,2,0
231829,231829,231831,2,0
231829,231829,231831,2,0
231829,231829,231832,3,0
231829,231829,231831,2,0
231829,231829,231831,2,0
231829,231829,231831,2,0
231795,231795,231841,46,0
231847,231847,231848,1,0
231847,231847,231848,1,0
231847,231847,231848,1,0
231847,231847,231849,2,0
231847,231847,231849,2,0
231847,231847,231848,1,0
231847,231847,231849,2,0
231847,231847,231849,2,0
231847,231847,231849,2,0
231847,231847,231849,2,0
231847,231847,231849,2,0
231847,231847,231849,2,0
231847,231847,231848,1,0
231847,231847,231849,2,0
231847,231847,231849,2,0
231847,231847,231849,2,0
231847,231847,231849,2,0
231847,231847,231849,2,0
231847,231847,231849,2,0
231847,231847,231849,2,0
231847,231847,231849,2,0
231847,231847,231849,2,0
231847,231847,231849,2,0
231847,231847,231849,2,0
231847,231847,231849,2,0
231847,231847,231849,2,0
231847,231847,231849,2,0
231847,231847,231850,3,0
231847,231847,231850,3,0
231847,231847,231850,3,0
231847,231847,231850,3,0
231847,231847,231849,2,0
231847,231847,231849,2,0
231847,231847,231849,2,0
231812,231812,231863,51,0
231865,231865,231866,1,0
231865,231865,231866,1,0
231865,231865,231866,1,0
231865,231865,231866,1,0
231865,231865,231866,1,0
231865,231865,231866,1,0
231865,231865,231866,1,0
231865,231865,231867,2,0
231865,231865,231866,1,0
231865,231865,231867,2,0
231865,231865,231867,2,0
231865,231866,231867,1,1
231865,231866,231867,1,1
231865,231865,231867,2,0
231865,231865,231867,2,0
231865,231865,231867,2,0
231865,231865,231867,2,0
231865,231865,231867,2,0
231865,231865,231867,2,0
231865,231865,231867,2,0
231865,231865,231867,2,0
231865,231865,231867,2,0
231865,231865,231867,2,0
231865,231865,231867,2,0
231865,231865,231867,2,0
231865,231865,231867,2,0
231865,231865,231867,2,0
231865,231865,231867,2,0
231865,231865,231867,2,0
231865,231865,231867,2,0
231865,231866,231868,2,1
231865,231866,231867,1,1
231865,231865,231868,3,0
231865,231865,231867,2,0
231847,231847,231912,65,0
231865,231866,231913,47,1
231914,231914,231916,2,0
231914,231914,231916,2,0
231914,231914,231916,2,0
231914,231914,231916,2,0
231914,231914,231916,2,0
231914,231914,231916,2,0
231914,231914,231916,2,0
231914,231914,231916,2,0
231914,231914,231916,2,0
231914,231914,231915,1,0
231914,231914,231916,2,0
231914,231914,231916,2,0
231914,231914,231916,2,0
231914,231914,231916,2,0
231914,231914,231916,2,0
231914,231914,231916,2,0
231914,231914,231916,2,0
231914,231914,231917,3,0
231914,231914,231917,3,0
231914,231914,231917,3,0
231914,231914,231917,3,0
231914,231914,231917,3,0
231914,231914,231916,2,0
231914,231914,231916,2,0
231914,231914,231916,2,0
231914,231914,231917,3,0
231914,231914,231917,3,0
231914,231914,231917,3,0
231914,231914,231916,2,0
231914,231914,231917,3,0
231914,231914,231917,3,0
231914,231914,231918,4,0
231917,231917,231918,1,0
231917,231917,231918,1,0
231917,231917,231919,2,0
231917,231917,231919,2,0
231917,231917,231919,2,0
231917,231917,231918,1,0
231917,231917,231919,2,0
231917,231917,231919,2,0
231917,231917,231919,2,0
231917,231917,231918,1,0
231917,231917,231919,2,0
231917,231917,231918,1,0
231917,231917,231919,2,0
231917,231917,231919,2,0
231917,231917,231919,2,0
231917,231917,231919,2,0
231917,231917,231919,2,0
231917,231917,231919,2,0
231917,231917,231919,2,0
231917,231917,231919,2,0
231917,231917,231920,3,0
231917,231917,231919,2,0
231917,231917,231920,3,0
231917,231917,231919,2,0
231917,231917,231920,3,0
231917,231917,231919,2,0
231917,231917,231919,2,0
231917,231917,231919,2,0
231917,231917,231920,3,0
231917,231917,231919,2,0
231917,231917,231919,2,0
231917,231917,231920,3,0
231917,231917,231919,2,0
231917,231917,231919,2,0
231914,231915,231922,7,1
231914,231915,231926,11,1
231884,231884,231938,54,0
231940,231940,231941,1,0
231940,231940,231941,1,0
231940,231940,231941,1,0
231940,231940,231941,1,0
231940,231940,231942,2,0
231940,231940,231942,2,0
231940,231940,231942,2,0
231940,231940,231942,2,0
231940,231940,231942,2,0
231940,231940,231942,2,0
231940,231940,231942,2,0
231940,231940,231942,2,0
231940,231940,231942,2,0
231940,231940,231942,2,0
231940,231940,231942,2,0
231940,231940,231942,2,0
231940,231940,231942,2,0
231940,231940,231942,2,0
231940,231940,231942,2,0
231940,231940,231942,2,0
231940,231940,231942,2,0
231940,231940,231942,2,0
231940,231940,231943,3,0
231940,231940,231943,3,0
231900,231900,231950,50,0
231940,231941,231951,10,1
231940,231941,231951,10,1
231940,231941,231952,11,1
231940,231941,231952,11,1
231940,231941,231952,11,1
231901,231901,231954,53,0
231940,231941,231954,13,1
231905,231905,231954,49,0
231940,231941,231955,14,1
231940,231941,231955,14,1
231899,231899,231955,56,0
231940,231941,231955,14,1
231940,231941,231956,15,1
231958,231959,231960,1,1
231958,231959,231960,1,1
231958,231959,231960,1,1
231959,231959,231960,1,0
231958,231959,231960,1,1
231958,231959,231960,1,1
231959,231959,231960,1,0
231959,231959,231961,2,0
231959,231959,231961,2,0
231959,231959,231961,2,0
231959,231959,231961,2,0
231959,231959,231961,2,0
231958,231959,231960,1,1
231958,231959,231961,2,1
231958,231959,231961,2,1
231959,231959,231960,1,0
231959,231959,231961,2,0
231959,231959,231961,2,0
231958,231959,231961,2,1
231958,231959,231960,1,1
231959,231959,231960,1,0
231959,231959,231961,2,0
231958,231959,231961,2,1
231959,231959,231960,1,0
231959,231959,231961,2,0
231959,231959,231961,2,0
231958,231959,231961,2,1
231958,231959,231961,2,1
231958,231959,231961,2,1
231959,231959,231960,1,0
231959,231959,231961,2,0
231959,231959,231961,2,0
231958,231959,231960,1,1
231959,231959,231960,1,0
231959,231959,231961,2,0
231959,231959,231961,2,0
231958,231959,231961,2,1
231958,231959,231960,1,1
231959,231959,231960,1,0
231959,231959,231961,2,0
231958,231959,231961,2,1
231959,231959,231962,3,0
231958,231959,231962,3,1
231958,231959,231961,2,1
231959,231959,231961,2,0
231959,231959,231961,2,0
231959,231959,231961,2,0
231959,231959,231961,2,0
231959,231960,231961,1,1
231959,231960,231961,1,1
231959,231960,231961,1,1
231958,231959,231961,2,1
231959,231959,231961,2,0
231959,231960,231962,2,1
231959,231960,231961,1,1
231958,231959,231961,2,1
231959,231959,231961,2,0
231959,231959,231961,2,0
231959,231960,231961,1,1
231959,231959,231961,2,0
231959,231961,231962,1,2
231959,231961,231963,2,2
231959,231961,231962,1,2
231959,231961,231963,2,2
231959,231961,231963,2,2
231959,231961,231963,2,2
231959,231961,231963,2,2
231959,231961,231963,2,2
231959,231961,231963,2,2
231959,231961,231963,2,2
231959,231961,231963,2,2
231959,231961,231962,1,2
231959,231961,231963,2,2
231959,231961,231963,2,2
231959,231961,231963,2,2
231959,231961,231963,2,2
231959,231961,231963,2,2
231959,231961,231963,2,2
231959,231961,231963,2,2
231959,231961,231963,2,2
231959,231961,231963,2,2
231959,231961,231963,2,2
231959,231961,231963,2,2
231959,231961,231963,2,2
231959,231961,231963,2,2
231959,231961,231963,2,2
231959,231959,231966,7,0
231908,231908,231969,61,0
231958,231959,231969,10,1
231958,231959,231969,10,1
231910,231911,231970,59,1
231958,231959,231971,12,1
231958,231959,231970,11,1
231959,231959,231970,11,0
231958,231959,231971,12,1
231902,231902,231972,70,0
231913,231914,231975,61,1
231920,231920,231980,60,0
231941,231941,231995,54,0
231995,231995,231996,1,0
231995,231995,231996,1,0
231995,231995,231996,1,0
231995,231995,231996,1,0
231995,231995,231996,1,0
231995,231995,231996,1,0
231995,231995,231996,1,0
231995,231995,231996,1,0
231995,231995,231996,1,0
231995,231995,231996,1,0
231995,231995,231996,1,0
231995,231995,231996,1,0
231995,231995,231997,2,0
231995,231995,231997,2,0
231995,231995,231997,2,0
231995,231995,231997,2,0
231995,231995,231997,2,0
231995,231995,231997,2,0
231995,231995,231997,2,0
231995,231996,231997,1,1
231995,231995,231997,2,0
231995,231995,231997,2,0
231995,231995,231997,2,0
231995,231995,231997,2,0
231995,231995,231997,2,0
231995,231995,231997,2,0
231995,231995,231997,2,0
231995,231995,231997,2,0
231995,231995,231997,2,0
231995,231995,231997,2,0
231995,231996,231997,1,1
231995,231995,231997,2,0
231995,231995,231997,2,0
231995,231995,231997,2,0
231995,231996,231998,2,1
231995,231996,231997,1,1
231995,231995,231997,2,0
231995,231995,231997,2,0
231995,231995,231997,2,0
231995,231996,231998,2,1
231995,231995,231997,2,0
231995,231995,231997,2,0
231995,231996,231997,1,1
231995,231996,231998,2,1
231995,231996,231998,2,1
231995,231995,231997,2,0
231995,231996,231997,1,1
231995,231995,231997,2,0
231995,231995,231997,2,0
231995,231996,231997,1,1
231995,231996,231998,2,1
231995,231995,231998,3,0
231995,231996,231998,2,1
231995,231995,231998,3,0
231995,231996,231998,2,1
231995,231996,231998,2,1
231995,231996,231998,2,1
231995,231997,231998,1,2
231995,231995,231998,3,0
231995,231996,231998,2,1
231995,231996,231998,2,1
231995,231997,231998,1,2
231995,231997,231998,1,2
231995,231997,231999,2,2
231996,231998,231999,1,2
231995,231996,231998,2,1
231995,231996,231998,2,1
231995,231996,231998,2,1
231995,231996,231998,2,1
231995,231997,231998,1,2
231995,231995,231998,3,0
231995,231996,231998,2,1
231995,231996,231998,2,1
231995,231997,231998,1,2
231995,231997,231999,2,2
231995,231996,231998,2,1
231995,231996,231998,2,1
231995,231997,231998,1,2
231995,231997,231999,2,2
231996,231998,231999,1,2
231995,231996,231998,2,1
231995,231996,231998,2,1
231995,231997,231999,2,2
231996,231998,231999,1,2
231995,231996,231998,2,1
231995,231997,231998,1,2
231995,231997,231999,2,2
231995,231998,232000,2,3
231995,231998,231999,1,3
231995,231998,232000,2,3
231995,231998,232000,2,3
231995,231998,232000,2,3
231995,231996,231999,3,1
231995,231998,232000,2,3
231995,231998,232000,2,3
231995,231998,232000,2,3
231995,231998,232000,2,3
231995,231998,231999,1,3
231995,231998,231999,1,3
231995,231998,231999,1,3
231995,231998,231999,1,3
231995,231998,231999,1,3
231996,231998,231999,1,2
231996,231998,232000,2,2
231996,231998,231999,1,2
231996,231998,231999,1,2
231996,231998,231999,1,2
231996,231998,232000,2,2
231996,231998,232000,2,2
231996,231998,231999,1,2
231996,231998,232000,2,2
231996,231998,232000,2,2
231996,231999,232000,1,3
231996,231998,231999,1,2
231996,231998,232000,2,2
231996,231999,232000,1,3
231996,231998,232000,2,2
231996,231998,232000,2,2
231996,231999,232000,1,3
231995,231998,232000,2,3
231996,231999,232000,1,3
231995,231998,232000,2,3
231995,231998,232000,2,3
231996,231999,232001,2,3
231996,231999,232001,2,3
231996,231999,232001,2,3
231996,231999,232000,1,3
231996,231999,232000,1,3
231996,231998,232000,2,2
231996,231999,232000,1,3
231996,231999,232001,2,3
231996,231999,232001,2,3
231996,231999,232001,2,3
231996,231999,232001,2,3
231996,231999,232001,2,3
231996,231998,232000,2,2
231996,231999,232000,1,3
231996,231999,232001,2,3
231996,231999,232001,2,3
231996,231999,232001,2,3
231996,231999,232001,2,3
231996,231999,232000,1,3
231996,231999,232001,2,3
231996,231999,232001,2,3
231997,232000,232001,1,3
231996,231999,232001,2,3
231996,232000,232002,2,4
231996,232000,232001,1,4
231996,232000,232001,1,4
231996,232000,232001,1,4
231996,232000,232001,1,4
231996,232000,232002,2,4
231997,232000,232001,1,3
231997,232000,232002,2,3
231997,232000,232001,1,3
231996,231999,232002,3,3
231996,231999,232001,2,3
231996,231999,232001,2,3
231997,232000,232001,1,3
231996,231999,232002,3,3
231996,231999,232001,2,3
231996,231999,232001,2,3
231996,231999,232001,2,3
231996,231999,232002,3,3
231997,232000,232002,2,3
231997,232000,232002,2,3
231996,231999,232002,3,3
231996,231999,232001,2,3
231996,231999,232001,2,3
231997,232000,232002,2,3
231996,231999,232001,2,3
231996,231999,232002,3,3
231996,231999,232002,3,3
231996,231999,232002,3,3
231997,232000,232002,2,3
231997,232000,232002,2,3
231997,232000,232002,2,3
231996,232001,232003,2,5
231996,232001,232003,2,5
231997,232001,232002,1,4
231997,232001,232002,1,4
231997,232001,232002,1,4
231997,232001,232003,2,4
231997,232001,232002,1,4
231997,232001,232002,1,4
231997,232001,232003,2,4
231997,232001,232002,1,4
231997,232001,232002,1,4
231997,232001,232002,1,4
231997,232001,232003,2,4
231997,232001,232003,2,4
231997,232001,232002,1,4
231997,232000,232003,3,3
231997,232000,232003,3,3
231997,232001,232002,1,4
231997,232000,232003,3,3
231997,232000,232003,3,3
231997,232000,232002,2,3
231997,232000,232002,2,3
231997,232000,232002,2,3
231997,232000,232002,2,3
231997,232000,232002,2,3
231915,231915,232007,92,0
231921,231921,232008,87,0
231912,231912,232008,96,0
231906,231906,232009,103,0
231960,231961,232010,49,1
231909,231909,232017,108,0
231918,231918,232022,104,0
231998,232001,232061,60,3
232062,232062,232063,1,0
232062,232062,232063,1,0
232062,232062,232063,1,0
232062,232062,232063,1,0
232062,232062,232063,1,0
232062,232062,232063,1,0
232062,232062,232063,1,0
232062,232062,232063,1,0
232062,232062,232063,1,0
232062,232062,232063,1,0
232062,232062,232064,2,0
232062,232062,232065,3,0
232062,232062,232064,2,0
232062,232062,232064,2,0
232062,232063,232064,1,1
232062,232063,232065,2,1
232062,232063,232064,1,1
232062,232063,232064,1,1
232062,232063,232065,2,1
232062,232062,232064,2,0
232062,232063,232064,1,1
232062,232063,232065,2,1
232062,232063,232064,1,1
232062,232063,232065,2,1
232062,232063,232065,2,1
232062,232062,232064,2,0
232062,232062,232064,2,0
232062,232063,232064,1,1
232062,232063,232064,1,1
232062,232063,232064,1,1
232062,232063,232064,1,1
232062,232063,232064,1,1
232062,232062,232064,2,0
232062,232062,232065,3,0
232062,232062,232064,2,0
232062,232063,232064,1,1
232062,232063,232065,2,1
232062,232062,232064,2,0
232062,232062,232064,2,0
232062,232063,232064,1,1
232062,232063,232064,1,1
232062,232063,232064,1,1
232062,232063,232064,1,1
232062,232062,232064,2,0
232062,232062,232064,2,0
232062,232063,232064,1,1
232062,232063,232065,2,1
232062,232062,232065,3,0
232062,232062,232064,2,0
232062,232063,232064,1,1
232062,232063,232065,2,1
232062,232063,232064,1,1
232062,232062,232065,3,0
232062,232062,232064,2,0
232062,232063,232064,1,1
232062,232063,232065,2,1
232062,232062,232064,2,0
232062,232062,232065,3,0
232062,232062,232064,2,0
232062,232063,232064,1,1
232062,232063,232064,1,1
232062,232063,232064,1,1
232062,232063,232065,2,1
232062,232062,232064,2,0
232062,232062,232064,2,0
232062,232063,232064,1,1
232062,232063,232065,2,1
232062,232062,232065,3,0
232062,232063,232065,2,1
232062,232063,232065,2,1
232063,232065,232066,1,2
232062,232063,232065,2,1
232062,232063,232065,2,1
232062,232064,232065,1,2
232062,232063,232065,2,1
232062,232063,232065,2,1
232062,232064,232066,2,2
232062,232064,232065,1,2
232062,232063,232065,2,1
232062,232063,232065,2,1
232062,232064,232066,2,2
232063,232065,232066,1,2
232062,232063,232065,2,1
232062,232063,232065,2,1
232062,232064,232066,2,2
232062,232064,232065,1,2
232062,232063,232065,2,1
232062,232064,232066,2,2
232062,232064,232065,1,2
232062,232063,232065,2,1
232062,232064,232065,1,2
232062,232064,232066,2,2
232062,232065,232067,2,3
232062,232065,232067,2,3
232062,232065,232067,2,3
232062,232065,232067,2,3
232062,232065,232067,2,3
232062,232065,232067,2,3
232062,232065,232067,2,3
232062,232065,232067,2,3
232063,232065,232067,2,2
232063,232065,232066,1,2
232063,232065,232066,1,2
232063,232065,232067,2,2
232063,232065,232066,1,2
232063,232065,232066,1,2
232063,232065,232067,2,2
232063,232065,232067,2,2
232063,232065,232067,2,2
232063,232065,232067,2,2
232063,232065,232067,2,2
232063,232065,232067,2,2
232063,232065,232067,2,2
232063,232065,232067,2,2
232062,232064,232066,2,2
232063,232065,232067,2,2
232063,232065,232067,2,2
232063,232065,232067,2,2
232063,232065,232067,2,2
232063,232065,232067,2,2
232063,232065,232066,1,2
232063,232065,232067,2,2
232063,232065,232067,2,2
232063,232065,232067,2,2
232063,232065,232066,1,2
232063,232065,232067,2,2
232063,232065,232067,2,2
232063,232065,232067,2,2
232063,232065,232066,1,2
232063,232065,232067,2,2
232063,232065,232067,2,2
232063,232065,232067,2,2
232063,232065,232067,2,2
232062,232065,232067,2,3
232062,232065,232067,2,3
232062,232065,232067,2,3
232063,232065,232067,2,2
232063,232066,232068,2,3
232063,232066,232068,2,3
232063,232065,232067,2,2
232063,232066,232068,2,3
232063,232065,232068,3,2
232063,232065,232068,3,2
232063,232065,232068,3,2
232063,232065,232067,2,2
232063,232065,232068,3,2
232063,232066,232068,2,3
232063,232065,232067,2,2
232063,232065,232067,2,2
232063,232066,232068,2,3
232063,232065,232067,2,2
232063,232066,232068,2,3
232063,232066,232068,2,3
232063,232066,232068,2,3
232063,232066,232068,2,3
232063,232066,232068,2,3
232063,232066,232068,2,3
232063,232066,232068,2,3
232063,232065,232067,2,2
232063,232066,232068,2,3
232063,232066,232068,2,3
232063,232066,232068,2,3
232063,232066,232068,2,3
232063,232066,232069,3,3
232063,232066,232068,2,3
232063,232066,232068,2,3
232063,232066,232068,2,3
232063,232066,232068,2,3
232063,232066,232068,2,3
232063,232066,232068,2,3
232063,232066,232122,56,3
232139,232139,232140,1,0
232139,232139,232141,2,0
232139,232139,232140,1,0
232139,232139,232141,2,0
232139,232139,232140,1,0
232139,232139,232141,2,0
232139,232139,232141,2,0
232139,232139,232140,1,0
232139,232140,232141,1,1
232139,232139,232142,3,0
232139,232139,232142,3,0
232139,232139,232141,2,0
232139,232140,232142,2,1
232139,232140,232142,2,1
232139,232140,232141,1,1
232140,232140,232141,1,0
232139,232139,232142,3,0
232139,232139,232141,2,0
232139,232140,232141,1,1
232139,232140,232142,2,1
232139,232140,232142,2,1
232140,232140,232141,1,0
232139,232139,232142,3,0
232139,232139,232141,2,0
232139,232140,232141,1,1
232139,232140,232142,2,1
232140,232140,232141,1,0
232139,232139,232141,2,0
232139,232139,232142,3,0
232139,232139,232142,3,0
232139,232140,232141,1,1
232140,232140,232141,1,0
232139,232139,232141,2,0
232139,232139,232141,2,0
232139,232140,232141,1,1
232139,232139,232141,2,0
232139,232139,232142,3,0
232139,232139,232141,2,0
232139,232140,232141,1,1
232140,232140,232142,2,0
232139,232139,232141,2,0
232139,232139,232142,3,0
232139,232139,232141,2,0
232139,232140,232141,1,1
232139,232140,232142,2,1
232139,232139,232141,2,0
232139,232139,232142,3,0
232139,232139,232141,2,0
232139,232140,232141,1,1
232140,232140,232141,1,0
232139,232139,232141,2,0
232139,232139,232142,3,0
232139,232139,232142,3,0
232139,232140,232141,1,1
232140,232140,232142,2,0
232139,232139,232141,2,0
232139,232140,232142,2,1
232140,232140,232141,1,0
232139,232140,232142,2,1
232139,232140,232142,2,1
232140,232141,232143,2,1
232139,232140,232142,2,1
232140,232141,232143,2,1
232139,232140,232143,3,1
232139,232140,232142,2,1
232139,232140,232142,2,1
232140,232141,232143,2,1
232140,232141,232143,2,1
232139,232140,232143,3,1
232139,232140,232142,2,1
232139,232140,232143,3,1
232139,232140,232142,2,1
232140,232141,232143,2,1
232139,232140,232142,2,1
232139,232140,232142,2,1
232140,232141,232143,2,1
232139,232139,232142,3,0
232139,232140,232142,2,1
232139,232140,232142,2,1
232140,232141,232143,2,1
232140,232141,232143,2,1
232139,232140,232142,2,1
232139,232140,232142,2,1
232140,232140,232143,3,0
232140,232140,232142,2,0
232140,232140,232142,2,0
232140,232140,232143,3,0
232139,232140,232143,3,1
232140,232141,232143,2,1
232140,232142,232144,2,2
232140,232142,232144,2,2
232140,232142,232144,2,2
232140,232142,232143,1,2
232140,232142,232144,2,2
232140,232142,232144,2,2
232140,232142,232144,2,2
232140,232142,232144,2,2
232140,232142,232144,2,2
232140,232142,232144,2,2
232140,232142,232144,2,2
232140,232142,232144,2,2
232140,232142,232144,2,2
232203,232203,232204,1,0
232203,232203,232205,2,0
232203,232203,232205,2,0
232203,232203,232205,2,0
232203,232203,232204,1,0
232203,232203,232204,1,0
232203,232203,232205,2,0
232203,232203,232205,2,0
232203,232203,232204,1,0
232203,232203,232204,1,0
232203,232203,232205,2,0
232203,232203,232205,2,0
232203,232203,232204,1,0
232203,232203,232204,1,0
232203,232203,232205,2,0
232203,232203,232204,1,0
232203,232203,232205,2,0
232203,232203,232205,2,0
232203,232203,232205,2,0
232203,232203,232205,2,0
232203,232203,232205,2,0
232203,232203,232205,2,0
232203,232203,232204,1,0
232203,232203,232204,1,0
232203,232203,232205,2,0
232203,232203,232205,2,0
232203,232203,232204,1,0
232203,232203,232205,2,0
232203,232203,232205,2,0
232203,232203,232205,2,0
232203,232203,232205,2,0
232203,232203,232205,2,0
232203,232203,232205,2,0
232203,232203,232206,3,0
232235,232235,232236,1,0
232235,232235,232236,1,0
232235,232235,232236,1,0
232235,232235,232236,1,0
232235,232235,232236,1,0
232235,232235,232236,1,0
232235,232235,232236,1,0
232235,232235,232236,1,0
232235,232235,232236,1,0
232235,232235,232237,2,0
232235,232235,232237,2,0
232235,232235,232237,2,0
232235,232235,232237,2,0
232235,232235,232236,1,0
232235,232235,232236,1,0
232235,232235,232237,2,0
232235,232235,232237,2,0
232235,232235,232236,1,0
232235,232235,232237,2,0
232235,232235,232237,2,0
232235,232235,232237,2,0
232235,232235,232236,1,0
232235,232235,232237,2,0
232235,232235,232237,2,0
232235,232235,232237,2,0
232235,232235,232237,2,0
232235,232235,232237,2,0
232235,232235,232237,2,0
232235,232235,232237,2,0
232235,232235,232237,2,0
232235,232235,232237,2,0
232235,232235,232237,2,0
232235,232235,232237,2,0
232203,232203,232263,60,0
232267,232267,232268,1,0
232267,232267,232268,1,0
232267,232267,232268,1,0
232267,232267,232268,1,0
232267,232267,232268,1,0
232267,232267,232268,1,0
232267,232267,232269,2,0
232267,232267,232269,2,0
232267,232267,232269,2,0
232267,232267,232269,2,0
232267,232267,232269,2,0
232267,232267,232269,2,0
232267,232267,232269,2,0
232267,232267,232268,1,0
232267,232267,232269,2,0
232267,232267,232269,2,0
232267,232267,232269,2,0
232267,232267,232269,2,0
232267,232267,232269,2,0
232267,232267,232269,2,0
232267,232267,232269,2,0
232267,232267,232269,2,0
232267,232267,232269,2,0
232267,232267,232269,2,0
232267,232267,232269,2,0
232267,232267,232269,2,0
232267,232267,232269,2,0
232267,232267,232269,2,0
232267,232267,232269,2,0
232267,232267,232269,2,0
232267,232267,232268,1,0
232267,232267,232269,2,0
232267,232267,232269,2,0
232267,232267,232269,2,0
232235,232235,232285,50,0
232300,232301,232302,1,1
232300,232301,232302,1,1
232300,232301,232302,1,1
232300,232301,232302,1,1
232300,232301,232302,1,1
232300,232301,232302,1,1
232300,232301,232303,2,1
232300,232301,232302,1,1
232300,232301,232302,1,1
232300,232301,232303,2,1
232300,232301,232302,1,1
232300,232301,232303,2,1
232300,232301,232303,2,1
232300,232301,232302,1,1
232300,232301,232302,1,1
232300,232301,232302,1,1
232300,232301,232302,1,1
232300,232301,232302,1,1
232300,232301,232302,1,1
232300,232301,232302,1,1
232300,232301,232302,1,1
232300,232301,232302,1,1
232300,232301,232302,1,1
232300,232301,232302,1,1
232300,232301,232302,1,1
232300,232301,232302,1,1
232300,232301,232303,2,1
232300,232301,232303,2,1
232268,232268,232314,46,0
232322,232322,232323,1,0
232322,232322,232323,1,0
232322,232322,232323,1,0
232322,232322,232323,1,0
232322,232322,232323,1,0
232322,232322,232323,1,0
232322,232322,232323,1,0
232322,232322,232323,1,0
232322,232322,232323,1,0
232322,232322,232323,1,0
232322,232322,232323,1,0
232322,232322,232323,1,0
232322,232322,232323,1,0
232322,232322,232323,1,0
232322,232322,232323,1,0
232322,232322,232323,1,0
232322,232322,232324,2,0
232322,232322,232323,1,0
232322,232322,232323,1,0
232322,232322,232323,1,0
232322,232322,232323,1,0
232322,232322,232323,1,0
232322,232322,232324,2,0
232322,232322,232323,1,0
232322,232322,232324,2,0
232322,232322,232324,2,0
232322,232322,232323,1,0
232322,232322,232323,1,0
232322,232322,232323,1,0
232322,232322,232323,1,0
232322,232322,232324,2,0
232285,232285,232333,48,0
232343,232343,232344,1,0
232343,232343,232344,1,0
232343,232343,232344,1,0
232343,232343,232344,1,0
232343,232343,232345,2,0
232343,232343,232345,2,0
232343,232343,232345,2,0
232343,232343,232345,2,0
232343,232343,232345,2,0
232343,232343,232345,2,0
232343,232343,232345,2,0
232343,232343,232345,2,0
232343,232344,232345,1,1
232343,232344,232345,1,1
232343,232343,232345,2,0
232343,232343,232345,2,0
232343,232343,232345,2,0
232343,232344,232345,1,1
232343,232343,232345,2,0
232343,232344,232345,1,1
232343,232344,232345,1,1
232343,232343,232345,2,0
232343,232343,232345,2,0
232343,232344,232345,1,1
232343,232344,232345,1,1
232343,232344,232345,1,1
232343,232344,232345,1,1
232343,232344,232345,1,1
232343,232343,232345,2,0
232343,232344,232345,1,1
232343,232343,232346,3,0
232343,232343,232346,3,0
232343,232344,232346,2,1
232343,232344,232346,2,1
232303,232303,232350,47,0
232302,232302,232355,53,0
232364,232364,232365,1,0
232364,232364,232365,1,0
232364,232364,232365,1,0
232364,232364,232366,2,0
232364,232364,232365,1,0
232364,232364,232365,1,0
232364,232364,232366,2,0
232364,232364,232366,2,0
232364,232364,232365,1,0
232364,232364,232365,1,0
232364,232364,232366,2,0
232364,232364,232365,1,0
232364,232364,232366,2,0
232364,232364,232366,2,0
232364,232364,232365,1,0
232364,232364,232365,1,0
232364,232364,232365,1,0
232364,232364,232365,1,0
232364,232364,232366,2,0
232364,232364,232365,1,0
232364,232364,232366,2,0
232364,232364,232365,1,0
232364,232364,232366,2,0
232364,232364,232365,1,0
232364,232364,232366,2,0
232364,232364,232366,2,0
232364,232364,232366,2,0
232364,232364,232366,2,0
232364,232364,232366,2,0
232364,232364,232366,2,0
232366,232366,232367,1,0
232364,232364,232366,2,0
232366,232366,232367,1,0
232364,232364,232366,2,0
232366,232366,232367,1,0
232364,232364,232366,2,0
232366,232366,232368,2,0
232366,232366,232367,1,0
232366,232366,232367,1,0
232366,232366,232367,1,0
232366,232366,232368,2,0
232366,232366,232368,2,0
232366,232366,232367,1,0
232366,232366,232368,2,0
232366,232366,232367,1,0
232366,232366,232368,2,0
232366,232366,232367,1,0
232366,232366,232368,2,0
232366,232366,232367,1,0
232366,232366,232368,2,0
232366,232366,232368,2,0
232366,232366,232367,1,0
232366,232366,232368,2,0
232366,232366,232368,2,0
232366,232366,232368,2,0
232366,232366,232368,2,0
232366,232366,232367,1,0
232366,232366,232368,2,0
232366,232366,232368,2,0
232366,232366,232368,2,0
232366,232366,232368,2,0
232322,232322,232369,47,0
232323,232323,232376,53,0
232325,232325,232385,60,0
232386,232386,232387,1,0
232386,232386,232387,1,0
232386,232386,232387,1,0
232386,232386,232388,2,0
232386,232386,232387,1,0
232386,232386,232387,1,0
232386,232386,232388,2,0
232386,232386,232387,1,0
232386,232386,232387,1,0
232386,232386,232388,2,0
232386,232386,232388,2,0
232386,232386,232387,1,0
232386,232386,232387,1,0
232386,232386,232388,2,0
232386,232386,232388,2,0
232386,232386,232388,2,0
232386,232386,232388,2,0
232386,232386,232387,1,0
232386,232386,232387,1,0
232386,232386,232388,2,0
232386,232386,232387,1,0
232386,232386,232388,2,0
232386,232386,232387,1,0
232386,232386,232387,1,0
232386,232386,232387,1,0
232386,232386,232387,1,0
232386,232386,232388,2,0
232386,232386,232388,2,0
232386,232386,232388,2,0
232386,232386,232388,2,0
232344,232344,232393,49,0
232346,232346,232395,49,0
232403,232403,232404,1,0
232403,232403,232404,1,0
232403,232403,232404,1,0
232403,232403,232404,1,0
232403,232403,232404,1,0
232403,232403,232404,1,0
232403,232403,232405,2,0
232403,232403,232405,2,0
232403,232403,232404,1,0
232403,232403,232405,2,0
232403,232403,232405,2,0
232403,232403,232405,2,0
232403,232403,232405,2,0
232403,232403,232405,2,0
232403,232403,232405,2,0
232403,232403,232405,2,0
232403,232403,232405,2,0
232403,232403,232405,2,0
232403,232403,232405,2,0
232403,232403,232405,2,0
232403,232403,232405,2,0
232403,232403,232405,2,0
232403,232403,232405,2,0
232403,232403,232405,2,0
232403,232403,232405,2,0
232403,232403,232405,2,0
232403,232403,232405,2,0
232403,232403,232404,1,0
232403,232403,232405,2,0
232403,232403,232405,2,0
232403,232403,232405,2,0
232403,232403,232405,2,0
232403,232403,232405,2,0
232403,232403,232405,2,0
232403,232403,232405,2,0
232403,232403,232405,2,0
232403,232403,232405,2,0
232403,232403,232405,2,0
232403,232403,232405,2,0
232403,232403,232405,2,0
232403,232403,232405,2,0
232403,232403,232405,2,0
232403,232403,232405,2,0
232403,232403,232405,2,0
232403,232403,232405,2,0
232403,232403,232405,2,0
232403,232403,232405,2,0
232403,232403,232405,2,0
232403,232403,232405,2,0
232403,232403,232405,2,0
232403,232403,232406,3,0
232403,232403,232405,2,0
232403,232403,232406,3,0
232403,232403,232406,3,0
232403,232403,232406,3,0
232403,232403,232405,2,0
232403,232403,232405,2,0
232403,232403,232405,2,0
232403,232403,232405,2,0
232403,232403,232405,2,0
232403,232405,232406,1,2
232403,232405,232406,1,2
232403,232405,232406,1,2
232403,232405,232406,1,2
232403,232403,232407,4,0
232403,232405,232407,2,2
232368,232368,232415,47,0
232364,232364,232422,58,0
232437,232437,232438,1,0
232437,232437,232438,1,0
232437,232437,232438,1,0
232437,232437,232438,1,0
232437,232437,232439,2,0
232437,232437,232438,1,0
232437,232437,232438,1,0
232437,232437,232438,1,0
232437,232437,232439,2,0
232437,232438,232439,1,1
232437,232438,232439,1,1
232437,232438,232439,1,1
232437,232438,232439,1,1
232437,232437,232439,2,0
232437,232437,232439,2,0
232437,232438,232439,1,1
232437,232437,232439,2,0
232437,232437,232439,2,0
232437,232438,232439,1,1
232437,232438,232440,2,1
232437,232438,232439,1,1
232437,232438,232439,1,1
232437,232437,232439,2,0
232437,232437,232439,2,0
232437,232437,232439,2,0
232437,232438,232439,1,1
232437,232438,232440,2,1
232437,232437,232439,2,0
232437,232437,232439,2,0
232437,232438,232439,1,1
232437,232438,232439,1,1
232437,232437,232439,2,0
232437,232438,232439,1,1
232437,232438,232440,2,1
232437,232438,232439,1,1
232437,232437,232439,2,0
232437,232437,232439,2,0
232437,232438,232439,1,1
232437,232438,232440,2,1
232437,232437,232439,2,0
232437,232437,232439,2,0
232437,232438,232439,1,1
232437,232438,232440,2,1
232437,232438,232439,1,1
232437,232437,232439,2,0
232437,232437,232440,3,0
232437,232438,232439,1,1
232437,232438,232439,1,1
232437,232437,232439,2,0
232437,232437,232440,3,0
232437,232437,232439,2,0
232437,232438,232439,1,1
232437,232438,232440,2,1
232437,232438,232439,1,1
232386,232386,232441,55,0
232437,232438,232440,2,1
232437,232437,232440,3,0
232437,232438,232440,2,1
232437,232438,232440,2,1
232437,232438,232440,2,1
232437,232437,232440,3,0
232437,232438,232440,2,1
232437,232437,232440,3,0
232437,232438,232440,2,1
232437,232437,232440,3,0
232437,232438,232440,2,1
232437,232438,232440,2,1
232437,232438,232440,2,1
232437,232437,232440,3,0
232403,232405,232465,60,2
232471,232471,232472,1,0
232471,232471,232472,1,0
232471,232471,232472,1,0
232471,232471,232472,1,0
232471,232471,232472,1,0
232471,232471,232472,1,0
232471,232471,232472,1,0
232471,232471,232473,2,0
232471,232471,232473,2,0
232471,232471,232473,2,0
232471,232471,232473,2,0
232471,232471,232473,2,0
232471,232471,232473,2,0
232471,232471,232472,1,0
232471,232471,232473,2,0
232471,232471,232473,2,0
232471,232471,232473,2,0
232471,232471,232473,2,0
232471,232471,232473,2,0
232471,232471,232473,2,0
232471,232471,232473,2,0
232471,232471,232473,2,0
232471,232471,232473,2,0
232471,232471,232473,2,0
232471,232471,232473,2,0
232471,232471,232473,2,0
232471,232471,232473,2,0
232471,232471,232473,2,0
232471,232471,232473,2,0
232471,232471,232473,2,0
232471,232471,232473,2,0
232471,232471,232473,2,0
232471,232471,232473,2,0
232471,232471,232473,2,0
232471,232471,232473,2,0
232471,232471,232473,2,0
232471,232471,232473,2,0
232471,232471,232473,2,0
232471,232471,232473,2,0
232471,232471,232473,2,0
232471,232471,232473,2,0
232471,232471,232473,2,0
232471,232471,232473,2,0
232471,232471,232473,2,0
232471,232471,232474,3,0
232471,232471,232473,2,0
232471,232471,232474,3,0
232471,232471,232474,3,0
232471,232471,232474,3,0
232471,232471,232473,2,0
232471,232471,232474,3,0
232471,232471,232474,3,0
232471,232471,232474,3,0
232471,232471,232474,3,0
232471,232471,232473,2,0
232471,232471,232474,3,0
232471,232471,232474,3,0
232471,232471,232473,2,0
232471,232471,232474,3,0
232471,232471,232474,3,0
232471,232471,232474,3,0
232471,232471,232474,3,0
232471,232471,232474,3,0
232471,232471,232473,2,0
232471,232471,232473,2,0
232471,232471,232474,3,0
232471,232471,232474,3,0
232471,232471,232474,3,0
232504,232504,232505,1,0
232504,232504,232505,1,0
232504,232504,232506,2,0
232504,232504,232506,2,0
232504,232504,232506,2,0
232504,232504,232505,1,0
232504,232504,232505,1,0
232504,232504,232506,2,0
232504,232504,232505,1,0
232504,232504,232506,2,0
232504,232504,232506,2,0
232504,232504,232506,2,0
232504,232504,232506,2,0
232504,232504,232506,2,0
232504,232504,232506,2,0
232504,232504,232506,2,0
232504,232504,232506,2,0
232504,232504,232505,1,0
232504,232504,232506,2,0
232504,232504,232506,2,0
232504,232504,232505,1,0
232504,232504,232506,2,0
232504,232504,232506,2,0
232504,232504,232506,2,0
232504,232504,232506,2,0
232504,232504,232506,2,0
232504,232504,232506,2,0
232504,232504,232506,2,0
232504,232504,232506,2,0
232504,232504,232507,3,0
232504,232504,232506,2,0
232504,232504,232507,3,0
232504,232504,232506,2,0
232504,232504,232506,2,0
232522,232522,232523,1,0
232471,232472,232522,50,1
232522,232522,232523,1,0
232522,232522,232523,1,0
232522,232522,232523,1,0
232522,232522,232523,1,0
232522,232522,232523,1,0
232522,232522,232523,1,0
232522,232522,232524,2,0
232522,232522,232524,2,0
232522,232522,232524,2,0
232522,232522,232524,2,0
232522,232522,232524,2,0
232522,232522,232524,2,0
232522,232522,232524,2,0
232522,232522,232523,1,0
232522,232522,232524,2,0
232522,232522,232524,2,0
232522,232522,232524,2,0
232522,232522,232524,2,0
232522,232522,232524,2,0
232522,232522,232524,2,0
232522,232522,232524,2,0
232522,232522,232524,2,0
232522,232522,232524,2,0
232522,232522,232524,2,0
232522,232522,232524,2,0
232522,232522,232524,2,0
232522,232522,232524,2,0
232522,232522,232524,2,0
232522,232522,232524,2,0
232522,232522,232525,3,0
232522,232522,232525,3,0
232522,232522,232524,2,0
232522,232522,232525,3,0
232540,232540,232541,1,0
232540,232540,232541,1,0
232540,232540,232542,2,0
232540,232540,232542,2,0
232540,232540,232542,2,0
232540,232540,232542,2,0
232540,232540,232542,2,0
232540,232540,232542,2,0
232540,232540,232541,1,0
232540,232540,232542,2,0
232540,232540,232541,1,0
232540,232540,232542,2,0
232540,232540,232542,2,0
232540,232540,232541,1,0
232540,232540,232542,2,0
232540,232540,232542,2,0
232540,232540,232541,1,0
232540,232540,232542,2,0
232540,232540,232542,2,0
232540,232540,232541,1,0
232540,232540,232542,2,0
232540,232540,232541,1,0
232540,232540,232542,2,0
232540,232540,232542,2,0
232540,232540,232542,2,0
232540,232540,232542,2,0
232540,232540,232542,2,0
232540,232540,232542,2,0
232540,232540,232542,2,0
232540,232540,232542,2,0
232540,232540,232542,2,0
232540,232540,232542,2,0
232540,232540,232542,2,0
232540,232540,232542,2,0
232504,232505,232564,59,1
232575,232575,232576,1,0
232575,232575,232576,1,0
232575,232575,232576,1,0
232575,232575,232576,1,0
232575,232575,232576,1,0
232575,232575,232576,1,0
232575,232575,232576,1,0
232575,232575,232576,1,0
232575,232575,232576,1,0
232575,232575,232577,2,0
232575,232575,232577,2,0
232575,232575,232577,2,0
232575,232575,232577,2,0
232575,232575,232577,2,0
232575,232575,232577,2,0
232575,232575,232576,1,0
232575,232575,232577,2,0
232575,232575,232577,2,0
232575,232575,232577,2,0
232575,232575,232577,2,0
232575,232575,232577,2,0
232575,232575,232577,2,0
232575,232575,232577,2,0
232575,232575,232577,2,0
232575,232575,232577,2,0
232575,232575,232577,2,0
232575,232575,232577,2,0
232575,232575,232577,2,0
232575,232575,232577,2,0
232575,232575,232577,2,0
232575,232575,232577,2,0
232575,232575,232577,2,0
232575,232575,232577,2,0
232575,232575,232578,3,0
232540,232540,232590,50,0
232596,232596,232597,1,0
232596,232596,232597,1,0
232596,232596,232597,1,0
232596,232596,232598,2,0
232596,232596,232598,2,0
232596,232596,232598,2,0
232596,232596,232597,1,0
232596,232596,232598,2,0
232596,232596,232597,1,0
232596,232596,232598,2,0
232596,232596,232598,2,0
232596,232596,232597,1,0
232596,232596,232598,2,0
232596,232596,232598,2,0
232596,232596,232598,2,0
232596,232596,232597,1,0
232596,232596,232598,2,0
232596,232596,232598,2,0
232596,232596,232598,2,0
232596,232596,232598,2,0
232596,232596,232598,2,0
232596,232596,232598,2,0
232596,232596,232598,2,0
232596,232596,232597,1,0
232596,232596,232598,2,0
232596,232596,232598,2,0
232596,232596,232598,2,0
232596,232596,232598,2,0
232596,232596,232598,2,0
232596,232596,232598,2,0
232596,232596,232598,2,0
232596,232596,232598,2,0
232596,232596,232599,3,0
232596,232596,232598,2,0
232576,232576,232624,48,0
232626,232626,232627,1,0
232626,232626,232627,1,0
232626,232626,232627,1,0
232626,232626,232627,1,0
232626,232626,232627,1,0
232626,232626,232628,2,0
232626,232626,232628,2,0
232626,232626,232628,2,0
232626,232626,232627,1,0
232626,232626,232628,2,0
232626,232626,232628,2,0
232626,232626,232627,1,0
232626,232626,232628,2,0
232626,232626,232628,2,0
232626,232626,232627,1,0
232626,232626,232628,2,0
232626,232626,232628,2,0
232626,232626,232627,1,0
232626,232626,232628,2,0
232626,232626,232628,2,0
232626,232626,232628,2,0
232626,232626,232628,2,0
232626,232626,232628,2,0
232626,232626,232627,1,0
232626,232626,232628,2,0
232626,232626,232628,2,0
232626,232626,232628,2,0
232626,232626,232628,2,0
232626,232626,232628,2,0
232626,232626,232628,2,0
232626,232626,232628,2,0
232626,232626,232629,3,0
232577,232577,232628,51,0
232626,232626,232628,2,0
232626,232626,232628,2,0
232578,232578,232631,53,0
232597,232597,232642,45,0
232648,232648,232649,1,0
232648,232648,232649,1,0
232648,232648,232649,1,0
232648,232648,232649,1,0
232648,232648,232649,1,0
232648,232648,232649,1,0
232648,232648,232649,1,0
232648,232648,232650,2,0
232648,232648,232650,2,0
232648,232648,232649,1,0
232648,232648,232649,1,0
232648,232648,232649,1,0
232648,232648,232650,2,0
232648,232648,232649,1,0
232648,232648,232649,1,0
232648,232648,232649,1,0
232648,232648,232650,2,0
232648,232648,232650,2,0
232648,232648,232649,1,0
232648,232648,232649,1,0
232648,232648,232650,2,0
232648,232648,232650,2,0
232648,232648,232650,2,0
232648,232648,232649,1,0
232648,232648,232650,2,0
232648,232648,232650,2,0
232648,232648,232649,1,0
232648,232648,232650,2,0
232648,232648,232650,2,0
232648,232648,232650,2,0
232648,232648,232650,2,0
232648,232648,232650,2,0
232648,232648,232650,2,0
232648,232648,232650,2,0
232648,232648,232650,2,0
232648,232648,232650,2,0
232648,232648,232650,2,0
232648,232648,232649,1,0
232648,232648,232650,2,0
232648,232648,232650,2,0
232648,232648,232650,2,0
232648,232648,232650,2,0
232648,232648,232650,2,0
232648,232648,232650,2,0
232648,232648,232650,2,0
232648,232648,232650,2,0
232648,232648,232650,2,0
232648,232648,232650,2,0
232648,232648,232650,2,0
232648,232648,232650,2,0
232648,232648,232650,2,0
232648,232648,232650,2,0
232648,232648,232651,3,0
232648,232648,232650,2,0
232648,232648,232650,2,0
232648,232648,232650,2,0
232648,232648,232650,2,0
232648,232648,232650,2,0
232648,232648,232650,2,0
232648,232648,232651,3,0
232648,232648,232650,2,0
232648,232648,232650,2,0
232648,232648,232650,2,0
232648,232648,232650,2,0
232648,232648,232651,3,0
232651,232651,232652,1,0
232651,232651,232652,1,0
232651,232651,232652,1,0
232651,232651,232652,1,0
232651,232651,232652,1,0
232651,232651,232653,2,0
232651,232651,232653,2,0
232651,232651,232652,1,0
232651,232651,232653,2,0
232651,232651,232652,1,0
232651,232651,232652,1,0
232651,232651,232652,1,0
232651,232651,232652,1,0
232651,232651,232652,1,0
232651,232651,232652,1,0
232651,232651,232653,2,0
232651,232651,232653,2,0
232651,232651,232653,2,0
232651,232651,232652,1,0
232651,232651,232652,1,0
232651,232651,232653,2,0
232651,232651,232653,2,0
232651,232651,232653,2,0
232651,232651,232653,2,0
232651,232651,232653,2,0
232651,232651,232653,2,0
232599,232599,232653,54,0
232651,232651,232653,2,0
232651,232651,232653,2,0
232651,232651,232653,2,0
232651,232651,232653,2,0
232618,232618,232670,52,0
232621,232621,232671,50,0
232620,232620,232678,58,0
232624,232624,232680,56,0
232619,232619,232681,62,0
232685,232685,232686,1,0
232685,232685,232686,1,0
232685,232685,232686,1,0
232685,232685,232686,1,0
232685,232685,232686,1,0
232685,232685,232686,1,0
232685,232685,232686,1,0
232685,232685,232686,1,0
232685,232685,232687,2,0
232685,232685,232687,2,0
232685,232685,232687,2,0
232685,232685,232686,1,0
232685,232685,232687,2,0
232685,232685,232687,2,0
232685,232685,232686,1,0
232685,232685,232686,1,0
232685,232685,232687,2,0
232685,232685,232687,2,0
232685,232685,232687,2,0
232685,232685,232687,2,0
232685,232685,232687,2,0
232685,232685,232686,1,0
232685,232685,232686,1,0
232685,232685,232687,2,0
232685,232685,232687,2,0
232685,232685,232687,2,0
232685,232685,232687,2,0
232685,232685,232687,2,0
232685,232685,232687,2,0
232685,232685,232687,2,0
232685,232685,232687,2,0
232685,232685,232687,2,0
232685,232685,232687,2,0
232685,232685,232686,1,0
232685,232685,232686,1,0
232685,232685,232687,2,0
232685,232685,232687,2,0
232685,232685,232687,2,0
232685,232685,232687,2,0
232685,232685,232687,2,0
232685,232685,232687,2,0
232685,232685,232687,2,0
232685,232685,232687,2,0
232685,232685,232687,2,0
232685,232685,232687,2,0
232685,232685,232687,2,0
232685,232685,232687,2,0
232685,232685,232686,1,0
232685,232685,232687,2,0
232685,232685,232687,2,0
232685,232685,232686,1,0
232685,232685,232686,1,0
232685,232685,232687,2,0
232685,232685,232687,2,0
232685,232685,232687,2,0
232685,232685,232687,2,0
232685,232685,232687,2,0
232685,232685,232687,2,0
232685,232685,232688,3,0
232685,232685,232687,2,0
232685,232685,232687,2,0
232685,232685,232687,2,0
232685,232685,232688,3,0
232685,232685,232687,2,0
232685,232685,232688,3,0
232685,232685,232687,2,0
232685,232686,232687,1,1
232685,232685,232688,3,0
232685,232685,232688,3,0
232685,232685,232687,2,0
232685,232686,232688,2,1
232685,232685,232688,3,0
232685,232685,232688,3,0
232685,232686,232687,1,1
232685,232686,232688,2,1
232685,232687,232688,1,2
232685,232685,232687,2,0
232685,232685,232687,2,0
232685,232686,232688,2,1
232685,232685,232688,3,0
232685,232686,232688,2,1
232685,232687,232689,2,2
232685,232686,232688,2,1
232685,232687,232689,2,2
232685,232685,232688,3,0
232685,232687,232688,1,2
232685,232687,232689,2,2
232685,232687,232689,2,2
232685,232687,232689,2,2
232685,232687,232689,2,2
232685,232687,232689,2,2
232685,232687,232689,2,2
232685,232687,232689,2,2
232685,232687,232689,2,2
232685,232687,232689,2,2
232685,232687,232690,3,2
232685,232687,232689,2,2
232685,232687,232689,2,2
232685,232687,232690,3,2
232685,232687,232689,2,2
232685,232687,232689,2,2
232685,232687,232690,3,2
232685,232687,232689,2,2
232685,232687,232689,2,2
232685,232687,232689,2,2
232685,232687,232689,2,2
232685,232687,232689,2,2
232685,232687,232690,3,2
232685,232688,232690,2,3
232685,232688,232690,2,3
232685,232686,232689,3,1
232685,232687,232690,3,2
232685,232688,232690,2,3
232685,232688,232690,2,3
232685,232687,232690,3,2
232685,232687,232690,3,2
232628,232628,232690,62,0
232685,232687,232690,3,2
232685,232688,232690,2,3
232685,232688,232690,2,3
232685,232688,232690,2,3
232685,232688,232691,3,3
232685,232688,232690,2,3
232685,232688,232690,2,3
232685,232688,232690,2,3
232685,232688,232690,2,3
232685,232688,232690,2,3
232685,232688,232690,2,3
232685,232688,232690,2,3
232685,232688,232690,2,3
232685,232688,232690,2,3
232685,232688,232690,2,3
232685,232688,232690,2,3
232685,232687,232690,3,2
232685,232687,232690,3,2
232685,232688,232691,3,3
232623,232623,232692,69,0
232627,232627,232700,73,0
232648,232649,232701,52,1
232735,232735,232736,1,0
232735,232735,232736,1,0
232735,232735,232736,1,0
232735,232735,232736,1,0
232735,232735,232736,1,0
232735,232735,232736,1,0
232735,232735,232736,1,0
232735,232735,232736,1,0
232735,232735,232736,1,0
232735,232735,232736,1,0
232735,232735,232737,2,0
232735,232735,232737,2,0
232735,232735,232737,2,0
232735,232735,232737,2,0
232735,232735,232737,2,0
232735,232735,232737,2,0
232735,232735,232737,2,0
232735,232735,232737,2,0
232735,232735,232737,2,0
232735,232735,232737,2,0
232735,232735,232736,1,0
232735,232735,232737,2,0
232735,232735,232737,2,0
232735,232735,232737,2,0
232735,232735,232737,2,0
232735,232735,232736,1,0
232735,232735,232737,2,0
232735,232735,232737,2,0
232735,232735,232737,2,0
232735,232735,232736,1,0
232735,232735,232737,2,0
232735,232735,232737,2,0
232735,232735,232737,2,0
232735,232735,232737,2,0
232735,232735,232737,2,0
232735,232735,232737,2,0
232735,232735,232737,2,0
232735,232735,232737,2,0
232735,232735,232737,2,0
232735,232735,232737,2,0
232735,232735,232737,2,0
232735,232735,232737,2,0
232735,232735,232737,2,0
232735,232735,232737,2,0
232735,232735,232737,2,0
232735,232735,232737,2,0
232735,232735,232737,2,0
232735,232735,232737,2,0
232735,232735,232737,2,0
232735,232735,232736,1,0
232735,232735,232737,2,0
232735,232735,232737,2,0
232735,232735,232737,2,0
232735,232735,232737,2,0
232735,232735,232736,1,0
232735,232735,232737,2,0
232735,232735,232737,2,0
232735,232735,232737,2,0
232735,232735,232738,3,0
232735,232735,232737,2,0
232735,232735,232738,3,0
232735,232735,232738,3,0
232735,232735,232738,3,0
232735,232735,232738,3,0
232735,232736,232738,2,1
232735,232735,232738,3,0
232735,232735,232738,3,0
232735,232735,232738,3,0
232735,232735,232738,3,0
232735,232735,232738,3,0
232735,232735,232738,3,0
232735,232735,232738,3,0
232735,232736,232738,2,1
232735,232735,232738,3,0
232735,232735,232738,3,0
232735,232736,232738,2,1
232735,232736,232738,2,1
232735,232735,232738,3,0
232735,232735,232738,3,0
232735,232736,232738,2,1
232735,232735,232739,4,0
232735,232737,232739,2,2
232735,232737,232739,2,2
232735,232736,232739,3,1
232735,232738,232739,1,3
232735,232736,232739,3,1
232735,232736,232739,3,1
232735,232736,232739,3,1
232735,232736,232739,3,1
232735,232738,232739,1,3
232735,232736,232739,3,1
232735,232736,232739,3,1
232735,232738,232739,1,3
232735,232736,232739,3,1
232735,232738,232739,1,3
232735,232738,232739,1,3
232735,232738,232739,1,3
232735,232737,232739,2,2
232735,232737,232739,2,2
232686,232688,232748,60,2
232785,232785,232786,1,0
232785,232785,232786,1,0
232785,232785,232786,1,0
232785,232785,232786,1,0
232735,232738,232786,48,3
232785,232785,232786,1,0
232785,232785,232786,1,0
232785,232785,232786,1,0
232785,232785,232786,1,0
232785,232785,232786,1,0
232785,232785,232787,2,0
232785,232785,232787,2,0
232785,232785,232787,2,0
232785,232785,232787,2,0
232785,232785,232787,2,0
232785,232785,232787,2,0
232785,232785,232787,2,0
232785,232785,232787,2,0
232785,232785,232787,2,0
232785,232785,232787,2,0
232785,232785,232787,2,0
232785,232785,232787,2,0
232785,232785,232787,2,0
232785,232785,232787,2,0
232785,232785,232786,1,0
232785,232785,232786,1,0
232785,232785,232787,2,0
232785,232785,232787,2,0
232785,232785,232787,2,0
232785,232785,232787,2,0
232785,232785,232786,1,0
232785,232785,232787,2,0
232785,232785,232787,2,0
232785,232785,232787,2,0
232785,232785,232786,1,0
232785,232785,232787,2,0
232785,232785,232787,2,0
232785,232785,232787,2,0
232785,232785,232787,2,0
232785,232785,232787,2,0
232785,232785,232787,2,0
232785,232785,232787,2,0
232785,232785,232786,1,0
232785,232785,232787,2,0
232785,232785,232787,2,0
232785,232785,232786,1,0
232785,232785,232786,1,0
232785,232785,232787,2,0
232785,232785,232787,2,0
232785,232785,232787,2,0
232785,232785,232787,2,0
232785,232785,232787,2,0
232785,232785,232787,2,0
232785,232785,232787,2,0
232785,232785,232787,2,0
232785,232785,232787,2,0
232785,232785,232787,2,0
232785,232785,232787,2,0
232785,232785,232787,2,0
232785,232785,232787,2,0
232785,232785,232787,2,0
232785,232785,232788,3,0
232785,232785,232788,3,0
232785,232785,232788,3,0
232785,232785,232788,3,0
232785,232785,232787,2,0
232785,232785,232788,3,0
232785,232785,232788,3,0
232785,232785,232788,3,0
232817,232817,232818,1,0
232817,232817,232818,1,0
232817,232817,232818,1,0
232817,232817,232818,1,0
232817,232817,232818,1,0
232817,232817,232818,1,0
232817,232817,232818,1,0
232817,232817,232818,1,0
232817,232817,232818,1,0
232817,232817,232819,2,0
232817,232818,232819,1,1
232817,232818,232819,1,1
232817,232818,232819,1,1
232817,232818,232819,1,1
232817,232817,232819,2,0
232817,232817,232819,2,0
232817,232818,232819,1,1
232817,232818,232820,2,1
232817,232817,232819,2,0
232817,232817,232819,2,0
232817,232818,232819,1,1
232817,232818,232819,1,1
232817,232818,232819,1,1
232817,232817,232819,2,0
232817,232817,232819,2,0
232817,232818,232819,1,1
232817,232818,232820,2,1
232817,232818,232819,1,1
232817,232818,232819,1,1
232817,232817,232819,2,0
232817,232817,232819,2,0
232817,232817,232819,2,0
232817,232818,232819,1,1
232817,232818,232819,1,1
232817,232818,232819,1,1
232817,232817,232819,2,0
232817,232817,232819,2,0
232817,232817,232819,2,0
232817,232818,232820,2,1
232817,232818,232819,1,1
232817,232818,232819,1,1
232817,232817,232819,2,0
232817,232817,232819,2,0
232817,232818,232819,1,1
232817,232818,232820,2,1
232817,232818,232819,1,1
232817,232818,232819,1,1
232817,232817,232819,2,0
232817,232817,232819,2,0
232817,232817,232819,2,0
232817,232818,232819,1,1
232817,232818,232819,1,1
232817,232818,232819,1,1
232817,232817,232819,2,0
232817,232817,232819,2,0
232817,232818,232819,1,1
232817,232818,232819,1,1
232817,232818,232819,1,1
232817,232818,232819,1,1
232817,232817,232819,2,0
232817,232817,232819,2,0
232817,232817,232819,2,0
232817,232818,232819,1,1
232817,232818,232819,1,1
232817,232818,232819,1,1
232817,232817,232820,3,0
232817,232817,232820,3,0
232817,232818,232820,2,1
232785,232785,232843,58,0
232850,232850,232851,1,0
232850,232850,232851,1,0
232850,232850,232851,1,0
232850,232850,232851,1,0
232850,232850,232852,2,0
232850,232850,232852,2,0
232850,232850,232852,2,0
232850,232850,232851,1,0
232850,232850,232852,2,0
232850,232850,232852,2,0
232850,232850,232852,2,0
232850,232850,232852,2,0
232850,232850,232851,1,0
232850,232850,232852,2,0
232850,232850,232852,2,0
232850,232850,232852,2,0
232850,232850,232851,1,0
232850,232850,232852,2,0
232850,232850,232852,2,0
232850,232850,232851,1,0
232850,232850,232852,2,0
232850,232850,232852,2,0
232850,232850,232852,2,0
232850,232850,232852,2,0
232850,232850,232852,2,0
232850,232850,232852,2,0
232850,232850,232852,2,0
232850,232850,232852,2,0
232850,232850,232852,2,0
232850,232850,232852,2,0
232850,232850,232852,2,0
232850,232850,232852,2,0
232850,232850,232852,2,0
232850,232850,232852,2,0
232818,232818,232868,50,0
232881,232882,232883,1,1
232881,232882,232883,1,1
232881,232882,232883,1,1
232881,232882,232883,1,1
232881,232882,232883,1,1
232881,232882,232883,1,1
232881,232882,232883,1,1
232881,232882,232883,1,1
232881,232882,232884,2,1
232881,232882,232883,1,1
232881,232882,232883,1,1
232881,232882,232883,1,1
232881,232882,232883,1,1
232881,232882,232884,2,1
232881,232882,232883,1,1
232881,232882,232883,1,1
232881,232882,232883,1,1
232881,232882,232883,1,1
232881,232882,232883,1,1
232881,232882,232883,1,1
232881,232882,232883,1,1
232881,232882,232883,1,1
232881,232882,232883,1,1
232881,232882,232883,1,1
232881,232882,232883,1,1
232881,232882,232884,2,1
232881,232882,232884,2,1
232899,232900,232901,1,1
232899,232900,232901,1,1
232899,232900,232901,1,1
232899,232900,232901,1,1
232899,232900,232901,1,1
232899,232900,232901,1,1
232899,232900,232901,1,1
232899,232900,232901,1,1
232899,232900,232901,1,1
232899,232900,232902,2,1
232899,232900,232901,1,1
232899,232900,232901,1,1
232899,232900,232902,2,1
232899,232900,232901,1,1
232899,232900,232901,1,1
232899,232900,232901,1,1
232899,232900,232901,1,1
232899,232900,232902,2,1
232899,232900,232901,1,1
232899,232900,232902,2,1
232899,232900,232901,1,1
232899,232900,232901,1,1
232899,232900,232902,2,1
232899,232900,232901,1,1
232899,232900,232901,1,1
232899,232900,232901,1,1
232899,232900,232902,2,1
232899,232900,232902,2,1
232899,232900,232902,2,1
232899,232900,232902,2,1
232899,232900,232902,2,1
232899,232900,232902,2,1
232882,232882,232930,48,0
232934,232934,232935,1,0
232934,232934,232935,1,0
232934,232934,232935,1,0
232934,232934,232936,2,0
232934,232934,232936,2,0
232934,232934,232936,2,0
232934,232934,232936,2,0
232934,232934,232936,2,0
232934,232934,232936,2,0
232934,232934,232936,2,0
232934,232934,232936,2,0
232934,232934,232935,1,0
232934,232934,232936,2,0
232934,232934,232936,2,0
232934,232934,232936,2,0
232934,232934,232936,2,0
232934,232934,232936,2,0
232934,232934,232936,2,0
232934,232934,232936,2,0
232934,232934,232936,2,0
232934,232934,232935,1,0
232934,232934,232936,2,0
232934,232934,232936,2,0
232934,232934,232936,2,0
232934,232934,232936,2,0
232934,232934,232936,2,0
232934,232934,232936,2,0
232934,232934,232936,2,0
232934,232934,232936,2,0
232934,232934,232936,2,0
232934,232934,232937,3,0
232934,232934,232936,2,0
232934,232934,232936,2,0
232934,232934,232936,2,0
232900,232900,232957,57,0
232959,232959,232960,1,0
232959,232959,232960,1,0
232959,232959,232960,1,0
232959,232959,232960,1,0
232959,232959,232961,2,0
232959,232959,232960,1,0
232959,232959,232961,2,0
232959,232959,232960,1,0
232959,232959,232961,2,0
232959,232959,232960,1,0
232959,232959,232961,2,0
232959,232959,232960,1,0
232959,232959,232960,1,0
232959,232959,232961,2,0
232959,232959,232960,1,0
232959,232959,232960,1,0
232959,232959,232961,2,0
232959,232959,232960,1,0
232959,232959,232960,1,0
232959,232959,232961,2,0
232959,232959,232960,1,0
232959,232959,232960,1,0
232959,232959,232961,2,0
232959,232959,232961,2,0
232959,232959,232961,2,0
232959,232959,232961,2,0
232959,232959,232961,2,0
232959,232959,232961,2,0
232959,232959,232961,2,0
232959,232959,232961,2,0
232959,232959,232961,2,0
232959,232959,232961,2,0
232959,232959,232961,2,0
232959,232959,232961,2,0
232935,232935,232982,47,0
232984,232984,232985,1,0
232984,232984,232985,1,0
232984,232984,232985,1,0
232937,232937,232986,49,0
232984,232984,232985,1,0
232984,232984,232986,2,0
232984,232984,232986,2,0
232984,232984,232986,2,0
232984,232984,232986,2,0
232984,232984,232985,1,0
232984,232984,232986,2,0
232984,232984,232985,1,0
232984,232984,232986,2,0
232984,232984,232986,2,0
232984,232984,232986,2,0
232984,232984,232985,1,0
232984,232984,232986,2,0
232984,232984,232985,1,0
232984,232984,232986,2,0
232984,232984,232986,2,0
232984,232984,232986,2,0
232984,232984,232985,1,0
232984,232984,232986,2,0
232984,232984,232986,2,0
232984,232984,232986,2,0
232984,232984,232985,1,0
232984,232984,232986,2,0
232984,232984,232985,1,0
232984,232984,232986,2,0
232984,232984,232986,2,0
232984,232984,232985,1,0
232984,232984,232986,2,0
232984,232984,232986,2,0
232984,232984,232986,2,0
232984,232984,232986,2,0
232987,232987,232988,1,0
232987,232987,232988,1,0
232987,232987,232988,1,0
232987,232987,232988,1,0
232987,232987,232988,1,0
232987,232987,232988,1,0
232987,232987,232989,2,0
232987,232987,232988,1,0
232987,232987,232988,1,0
232987,232987,232988,1,0
232987,232987,232988,1,0
232987,232987,232988,1,0
232987,232987,232988,1,0
232987,232987,232988,1,0
232987,232987,232988,1,0
232987,232987,232989,2,0
232987,232987,232988,1,0
232987,232987,232988,1,0
232987,232987,232988,1,0
232987,232987,232988,1,0
232987,232987,232988,1,0
232987,232987,232989,2,0
232987,232987,232988,1,0
232987,232987,232989,2,0
232987,232987,232989,2,0
232987,232987,232988,1,0
232987,232987,232988,1,0
232987,232987,232988,1,0
232987,232987,232988,1,0
232987,232987,232989,2,0
232987,232987,232989,2,0
232987,232987,232989,2,0
232987,232987,232989,2,0
232956,232956,233008,52,0
232957,232957,233008,51,0
232958,232958,233010,52,0
232960,232960,233011,51,0
233022,233022,233023,1,0
233022,233022,233023,1,0
233022,233022,233023,1,0
233022,233022,233023,1,0
233022,233022,233023,1,0
233022,233022,233023,1,0
233022,233022,233024,2,0
233022,233022,233024,2,0
233022,233022,233024,2,0
233022,233022,233024,2,0
233022,233022,233024,2,0
233022,233022,233024,2,0
233022,233022,233024,2,0
233022,233022,233024,2,0
233022,233022,233024,2,0
233022,233022,233024,2,0
233022,233022,233024,2,0
233022,233022,233024,2,0
233022,233022,233023,1,0
233022,233022,233024,2,0
233022,233022,233023,1,0
233022,233022,233024,2,0
233022,233022,233023,1,0
233022,233022,233024,2,0
233022,233022,233024,2,0
233022,233022,233024,2,0
233022,233022,233024,2,0
233022,233022,233024,2,0
233022,233022,233024,2,0
233022,233022,233023,1,0
233022,233022,233023,1,0
233022,233022,233024,2,0
233022,233022,233024,2,0
233022,233022,233024,2,0
233022,233022,233024,2,0
233022,233022,233024,2,0
233022,233022,233024,2,0
233022,233022,233024,2,0
233022,233022,233024,2,0
233022,233022,233024,2,0
233022,233022,233023,1,0
233022,233022,233024,2,0
233022,233022,233024,2,0
233022,233022,233024,2,0
233022,233022,233023,1,0
233022,233022,233024,2,0
233022,233022,233024,2,0
233022,233022,233024,2,0
233022,233022,233024,2,0
233022,233022,233024,2,0
233022,233022,233024,2,0
233022,233022,233024,2,0
233022,233022,233024,2,0
233022,233022,233025,3,0
233022,233022,233025,3,0
233022,233022,233025,3,0
233022,233022,233024,2,0
233022,233022,233025,3,0
233022,233022,233025,3,0
233022,233022,233025,3,0
233022,233022,233025,3,0
233022,233022,233025,3,0
233022,233022,233025,3,0
233022,233022,233025,3,0
233025,233025,233026,1,0
233025,233025,233026,1,0
233025,233025,233026,1,0
233025,233025,233026,1,0
233022,233022,233025,3,0
233025,233025,233026,1,0
233025,233025,233026,1,0
233025,233025,233026,1,0
233025,233025,233027,2,0
233025,233025,233027,2,0
233025,233025,233026,1,0
233025,233025,233026,1,0
233025,233025,233027,2,0
233025,233025,233027,2,0
233025,233025,233027,2,0
233025,233025,233027,2,0
233025,233025,233026,1,0
233025,233025,233027,2,0
233025,233025,233027,2,0
233025,233025,233027,2,0
233025,233025,233026,1,0
233025,233025,233027,2,0
233025,233025,233027,2,0
233025,233025,233027,2,0
233025,233025,233026,1,0
233025,233025,233027,2,0
233025,233025,233027,2,0
233025,233025,233027,2,0
233025,233025,233027,2,0
233025,233025,233027,2,0
233025,233025,233027,2,0
233025,233025,233026,1,0
233025,233025,233027,2,0
233025,233025,233027,2,0
233025,233025,233027,2,0
232980,232980,233034,54,0
232985,232985,233035,50,0
232987,232987,233038,51,0
232982,232982,233042,60,0
233058,233058,233059,1,0
233058,233058,233059,1,0
233058,233058,233059,1,0
233058,233058,233059,1,0
233058,233058,233059,1,0
233058,233058,233059,1,0
233058,233058,233059,1,0
233058,233058,233059,1,0
233058,233058,233059,1,0
233058,233058,233060,2,0
233058,233058,233060,2,0
233058,233058,233060,2,0
233058,233058,233060,2,0
233058,233058,233060,2,0
233058,233058,233060,2,0
233058,233058,233060,2,0
233058,233058,233060,2,0
233058,233058,233060,2,0
233058,233058,233060,2,0
233058,233058,233060,2,0
233058,233058,233060,2,0
233058,233058,233060,2,0
233058,233058,233060,2,0
233058,233058,233061,3,0
233058,233058,233060,2,0
233058,233058,233060,2,0
233058,233058,233060,2,0
233058,233058,233061,3,0
233058,233058,233060,2,0
233058,233058,233060,2,0
233058,233058,233060,2,0
233058,233058,233060,2,0
233058,233058,233061,3,0
233058,233058,233060,2,0
233058,233058,233060,2,0
233058,233058,233060,2,0
233058,233058,233060,2,0
233058,233058,233061,3,0
233058,233058,233060,2,0
233058,233058,233060,2,0
233058,233058,233060,2,0
233058,233058,233060,2,0
233058,233058,233060,2,0
233058,233058,233060,2,0
233058,233058,233060,2,0
233058,233058,233060,2,0
233058,233058,233060,2,0
233058,233058,233060,2,0
233058,233058,233060,2,0
233058,233058,233061,3,0
233058,233058,233060,2,0
233058,233058,233060,2,0
233058,233058,233060,2,0
233058,233058,233060,2,0
233058,233058,233060,2,0
233058,233058,233060,2,0
233058,233058,233060,2,0
233058,233058,233060,2,0
233058,233058,233061,3,0
233058,233058,233060,2,0
233058,233058,233060,2,0
233058,233058,233061,3,0
233058,233060,233062,2,2
233058,233060,233061,1,2
233058,233058,233061,3,0
233058,233060,233061,1,2
233058,233058,233061,3,0
233058,233058,233061,3,0
233058,233060,233061,1,2
233058,233058,233062,4,0
233058,233058,233061,3,0
233058,233058,233061,3,0
233058,233060,233061,1,2
233058,233058,233061,3,0
233058,233058,233061,3,0
233058,233060,233061,1,2
233058,233058,233061,3,0
233058,233060,233061,1,2
233058,233060,233062,2,2
233058,233060,233062,2,2
233058,233058,233062,4,0
233058,233058,233061,3,0
233058,233058,233061,3,0
233058,233058,233061,3,0
233058,233058,233061,3,0
233058,233058,233061,3,0
233058,233058,233061,3,0
233058,233058,233062,4,0
233058,233061,233062,1,3
233058,233061,233062,1,3
233058,233061,233062,1,3
233058,233061,233062,1,3
233058,233061,233063,2,3
233058,233061,233063,2,3
233058,233061,233063,2,3
233058,233061,233062,1,3
233058,233061,233063,2,3
233058,233061,233063,2,3
233058,233061,233063,2,3
233058,233061,233063,2,3
233058,233061,233062,1,3
233058,233061,233062,1,3
233022,233022,233079,57,0
233093,233093,233095,2,0
233093,233093,233094,1,0
233093,233093,233095,2,0
233093,233093,233094,1,0
233093,233093,233094,1,0
233093,233093,233095,2,0
233093,233093,233094,1,0
233093,233093,233094,1,0
233093,233093,233094,1,0
233093,233093,233095,2,0
233093,233093,233095,2,0
233093,233094,233095,1,1
233093,233094,233096,2,1
233093,233093,233096,3,0
233093,233093,233095,2,0
233093,233094,233095,1,1
233093,233093,233095,2,0
233093,233093,233095,2,0
233093,233094,233095,1,1
233093,233094,233095,1,1
233093,233093,233096,3,0
233093,233093,233095,2,0
233093,233094,233096,2,1
233093,233093,233095,2,0
233093,233093,233096,3,0
233093,233094,233095,1,1
233093,233093,233095,2,0
233093,233094,233095,1,1
233093,233094,233096,2,1
233093,233093,233096,3,0
233093,233093,233096,3,0
233093,233094,233095,1,1
233093,233093,233095,2,0
233093,233093,233096,3,0
233093,233093,233095,2,0
233093,233094,233095,1,1
233093,233094,233096,2,1
233093,233093,233095,2,0
233093,233093,233095,2,0
233093,233094,233095,1,1
233093,233093,233095,2,0
233093,233093,233095,2,0
233093,233094,233095,1,1
233093,233094,233096,2,1
233093,233094,233096,2,1
233093,233093,233096,3,0
233093,233094,233096,2,1
233093,233094,233096,2,1
233093,233094,233096,2,1
233093,233094,233096,2,1
233093,233093,233096,3,0
233093,233094,233096,2,1
233093,233094,233096,2,1
233093,233093,233096,3,0
233093,233094,233096,2,1
233093,233094,233096,2,1
233093,233093,233096,3,0
233093,233094,233096,2,1
233093,233094,233096,2,1
233093,233093,233096,3,0
233093,233094,233097,3,1
233093,233094,233096,2,1
233093,233094,233097,3,1
233093,233094,233097,3,1
233093,233094,233096,2,1
233093,233094,233096,2,1
233093,233094,233097,3,1
233093,233094,233096,2,1
233059,233061,233117,56,2
233126,233126,233127,1,0
233126,233126,233127,1,0
233126,233126,233127,1,0
233126,233126,233128,2,0
233126,233126,233127,1,0
233126,233126,233127,1,0
233126,233126,233128,2,0
233126,233126,233127,1,0
233126,233126,233128,2,0
233126,233126,233128,2,0
233126,233126,233127,1,0
233126,233126,233127,1,0
233126,233126,233127,1,0
233126,233126,233128,2,0
233126,233126,233127,1,0
233126,233126,233128,2,0
233126,233126,233127,1,0
233126,233126,233128,2,0
233126,233126,233128,2,0
233126,233126,233128,2,0
233126,233126,233128,2,0
233126,233126,233128,2,0
233126,233126,233128,2,0
233126,233126,233128,2,0
233126,233126,233128,2,0
233126,233126,233128,2,0
233126,233126,233128,2,0
233126,233126,233128,2,0
233126,233126,233128,2,0
233126,233126,233128,2,0
233126,233126,233128,2,0
233126,233126,233128,2,0
233126,233126,233128,2,0
233126,233126,233128,2,0
233160,233160,233161,1,0
233160,233160,233161,1,0
233160,233160,233161,1,0
233160,233160,233161,1,0
233160,233160,233161,1,0
233160,233160,233162,2,0
233160,233160,233161,1,0
233160,233160,233161,1,0
233160,233160,233162,2,0
233160,233160,233161,1,0
233160,233160,233161,1,0
233160,233160,233161,1,0
233160,233160,233161,1,0
233160,233160,233162,2,0
233160,233160,233162,2,0
233160,233160,233161,1,0
233160,233160,233162,2,0
233160,233160,233161,1,0
233160,233160,233161,1,0
233160,233160,233162,2,0
233160,233160,233161,1,0
233160,233160,233161,1,0
233160,233160,233162,2,0
233160,233160,233163,3,0
233160,233160,233162,2,0
233160,233160,233162,2,0
233160,233160,233162,2,0
233160,233160,233162,2,0
233160,233160,233162,2,0
233160,233160,233162,2,0
233160,233160,233162,2,0
233160,233160,233162,2,0
233160,233160,233162,2,0
233126,233126,233174,48,0
233177,233177,233178,1,0
233177,233177,233178,1,0
233177,233177,233179,2,0
233177,233177,233179,2,0
233177,233177,233179,2,0
233177,233177,233178,1,0
233177,233177,233179,2,0
233177,233177,233178,1,0
233177,233177,233179,2,0
233177,233177,233178,1,0
233177,233177,233179,2,0
233177,233177,233178,1,0
233177,233177,233179,2,0
233177,233177,233179,2,0
233177,233177,233179,2,0
233177,233177,233179,2,0
233177,233177,233178,1,0
233177,233177,233179,2,0
233177,233177,233179,2,0
233177,233177,233179,2,0
233177,233177,233178,1,0
233177,233177,233179,2,0
233177,233177,233179,2,0
233177,233177,233179,2,0
233177,233177,233179,2,0
233177,233177,233179,2,0
233177,233177,233179,2,0
233177,233177,233179,2,0
233177,233177,233179,2,0
233177,233177,233179,2,0
233177,233177,233179,2,0
233177,233177,233179,2,0
233177,233177,233179,2,0
233177,233177,233179,2,0
233177,233177,233227,50,0
233229,233229,233230,1,0
233229,233229,233230,1,0
233229,233229,233230,1,0
233229,233229,233230,1,0
233229,233229,233230,1,0
233229,233229,233230,1,0
233229,233229,233231,2,0
233229,233229,233231,2,0
233229,233229,233231,2,0
233229,233229,233231,2,0
233229,233229,233230,1,0
233229,233229,233231,2,0
233229,233229,233230,1,0
233229,233229,233230,1,0
233229,233229,233231,2,0
233229,233229,233231,2,0
233229,233229,233231,2,0
233229,233229,233231,2,0
233229,233229,233230,1,0
233229,233229,233231,2,0
233229,233229,233231,2,0
233229,233229,233231,2,0
233229,233229,233231,2,0
233229,233229,233231,2,0
233229,233229,233231,2,0
233229,233229,233231,2,0
233229,233229,233231,2,0
233229,233229,233231,2,0
233229,233229,233231,2,0
233229,233229,233231,2,0
233229,233229,233231,2,0
233229,233229,233231,2,0
233229,233229,233231,2,0
233229,233229,233231,2,0
233211,233211,233261,50,0
233264,233264,233265,1,0
233264,233264,233265,1,0
233264,233264,233265,1,0
233264,233264,233265,1,0
233264,233264,233265,1,0
233264,233264,233265,1,0
233264,233264,233266,2,0
233264,233264,233266,2,0
233215,233215,233266,51,0
233264,233264,233265,1,0
233264,233264,233266,2,0
233264,233264,233266,2,0
233264,233264,233266,2,0
233264,233264,233266,2,0
233264,233264,233266,2,0
233264,233264,233266,2,0
233264,233264,233266,2,0
233264,233264,233266,2,0
233264,233264,233266,2,0
233264,233264,233266,2,0
233264,233264,233266,2,0
233264,233264,233266,2,0
233264,233264,233265,1,0
233264,233264,233266,2,0
233264,233264,233266,2,0
233264,233264,233266,2,0
233264,233264,233266,2,0
233264,233264,233267,3,0
233264,233267,233268,1,3
233268,233268,233269,1,0
233268,233268,233269,1,0
233268,233268,233269,1,0
233264,233267,233268,1,3
233264,233267,233268,1,3
233264,233267,233269,2,3
233268,233268,233270,2,0
233268,233268,233270,2,0
233268,233268,233270,2,0
233268,233268,233269,1,0
233268,233268,233270,2,0
233268,233268,233270,2,0
233268,233268,233269,1,0
233268,233268,233269,1,0
233268,233268,233270,2,0
233268,233268,233270,2,0
233268,233268,233269,1,0
233268,233268,233270,2,0
233268,233268,233270,2,0
233268,233268,233269,1,0
233268,233268,233269,1,0
233268,233268,233270,2,0
233268,233268,233270,2,0
233268,233268,233270,2,0
233268,233268,233270,2,0
233268,233268,233270,2,0
233268,233268,233269,1,0
233268,233268,233269,1,0
233268,233268,233270,2,0
233268,233268,233270,2,0
233217,233217,233270,53,0
233268,233268,233270,2,0
233268,233268,233271,3,0
233268,233268,233270,2,0
233268,233268,233270,2,0
233268,233268,233270,2,0
233268,233268,233270,2,0
233268,233268,233270,2,0
233214,233214,233272,58,0
233223,233223,233272,49,0
233271,233272,233273,1,1
233271,233272,233273,1,1
233271,233272,233273,1,1
233271,233272,233273,1,1
233271,233272,233273,1,1
233271,233272,233273,1,1
233271,233272,233273,1,1
233271,233272,233273,1,1
233271,233272,233273,1,1
233271,233272,233274,2,1
233271,233272,233273,1,1
233271,233272,233273,1,1
233271,233272,233273,1,1
233271,233272,233273,1,1
233271,233272,233273,1,1
233271,233272,233274,2,1
233271,233272,233273,1,1
233213,233213,233273,60,0
233219,233219,233273,54,0
233271,233272,233273,1,1
233271,233272,233273,1,1
233271,233272,233273,1,1
233271,233272,233273,1,1
233271,233272,233274,2,1
233271,233272,233273,1,1
233271,233272,233274,2,1
233271,233272,233274,2,1
233271,233272,233274,2,1
233271,233272,233274,2,1
233264,233266,233274,8,2
233264,233266,233274,8,2
233264,233266,233274,8,2
233271,233272,233275,3,1
233271,233272,233277,5,1
233271,233272,233277,5,1
233225,233225,233279,54,0
233230,233230,233280,50,0
233216,233216,233281,65,0
233221,233221,233284,63,0
233228,233228,233287,59,0
233224,233224,233287,63,0
233292,233292,233293,1,0
233292,233292,233293,1,0
233292,233292,233293,1,0
233292,233292,233293,1,0
233292,233292,233293,1,0
233292,233292,233293,1,0
233292,233292,233293,1,0
233292,233292,233293,1,0
233292,233292,233293,1,0
233292,233292,233294,2,0
233292,233293,233294,1,1
233292,233292,233293,1,0
233292,233292,233294,2,0
233292,233292,233294,2,0
233292,233292,233294,2,0
233292,233292,233294,2,0
233292,233292,233294,2,0
233292,233292,233294,2,0
233292,233292,233294,2,0
233292,233292,233294,2,0
233292,233292,233294,2,0
233292,233292,233294,2,0
233292,233292,233294,2,0
233292,233292,233294,2,0
233292,233292,233294,2,0
233292,233292,233293,1,0
233292,233292,233293,1,0
233292,233292,233294,2,0
233292,233292,233294,2,0
233292,233292,233293,1,0
233292,233292,233294,2,0
233292,233292,233294,2,0
233292,233292,233294,2,0
233292,233292,233294,2,0
233292,233292,233293,1,0
233292,233292,233294,2,0
233292,233292,233294,2,0
233292,233292,233294,2,0
233292,233292,233293,1,0
233292,233292,233294,2,0
233292,233292,233294,2,0
233292,233292,233294,2,0
233292,233292,233294,2,0
233292,233292,233294,2,0
233292,233292,233294,2,0
233292,233292,233294,2,0
233292,233292,233294,2,0
233292,233292,233294,2,0
233292,233292,233294,2,0
233292,233292,233294,2,0
233292,233292,233294,2,0
233292,233292,233294,2,0
233292,233292,233294,2,0
233292,233292,233294,2,0
233292,233292,233295,3,0
233292,233292,233295,3,0
233292,233293,233295,2,1
233292,233292,233295,3,0
233292,233292,233295,3,0
233292,233292,233295,3,0
233292,233292,233295,3,0
233292,233293,233295,2,1
233292,233292,233295,3,0
233292,233293,233295,2,1
233292,233293,233295,2,1
233292,233293,233295,2,1
233292,233293,233295,2,1
233292,233293,233295,2,1
233292,233295,233296,1,3
233292,233293,233295,2,1
233292,233293,233295,2,1
233292,233292,233295,3,0
233292,233292,233295,3,0
233292,233292,233295,3,0
233292,233293,233295,2,1
233292,233294,233296,2,2
233292,233294,233296,2,2
233292,233294,233296,2,2
233292,233295,233296,1,3
233292,233295,233297,2,3
233292,233295,233296,1,3
233292,233295,233296,1,3
233292,233293,233296,3,1
233292,233295,233296,1,3
233292,233295,233297,2,3
233292,233295,233297,2,3
233292,233295,233296,1,3
233292,233295,233296,1,3
233292,233292,233296,4,0
233292,233295,233297,2,3
233292,233295,233297,2,3
233292,233295,233297,2,3
233292,233295,233296,1,3
233292,233295,233296,1,3
233292,233295,233296,1,3
233292,233295,233296,1,3
233292,233295,233296,1,3
233292,233295,233296,1,3
233292,233295,233297,2,3
233292,233295,233296,1,3
233292,233295,233297,2,3
233292,233295,233297,2,3
233292,233295,233297,2,3
233292,233295,233296,1,3
233292,233295,233296,1,3
233292,233295,233296,1,3
233292,233295,233297,2,3
233292,233296,233297,1,4
233292,233296,233297,1,4
233292,233296,233297,1,4
233292,233294,233297,3,2
233292,233294,233297,3,2
233292,233294,233297,3,2
233292,233294,233297,3,2
233292,233295,233297,2,3
233292,233296,233297,1,4
233292,233296,233297,1,4
233292,233296,233297,1,4
233292,233296,233297,1,4
233292,233295,233297,2,3
233292,233296,233297,1,4
233292,233296,233297,1,4
233292,233296,233297,1,4
233292,233295,233297,2,3
233292,233295,233297,2,3
233292,233295,233297,2,3
233292,233296,233297,1,4
233292,233296,233297,1,4
233292,233296,233297,1,4
233292,233295,233297,2,3
233292,233295,233297,2,3
233292,233295,233297,2,3
233292,233296,233297,1,4
233292,233296,233297,1,4
233292,233295,233297,2,3
233292,233295,233298,3,3
233292,233296,233297,1,4
233292,233296,233297,1,4
233292,233296,233297,1,4
233292,233296,233298,2,4
233292,233296,233297,1,4
233292,233296,233298,2,4
233292,233296,233298,2,4
233292,233297,233299,2,5
233292,233297,233299,2,5
233292,233297,233299,2,5
233292,233297,233298,1,5
233292,233297,233299,2,5
233292,233297,233299,2,5
233292,233297,233299,2,5
233292,233297,233298,1,5
233292,233297,233298,1,5
233292,233297,233298,1,5
233292,233297,233298,1,5
233292,233297,233298,1,5
233292,233297,233298,1,5
233292,233296,233298,2,4
233292,233297,233299,2,5
233292,233297,233299,2,5
233292,233297,233299,2,5
233292,233297,233298,1,5
233292,233297,233299,2,5
233292,233297,233299,2,5
233292,233297,233299,2,5
233292,233297,233299,2,5
233292,233292,233306,14,0
233292,233292,233307,15,0
233292,233292,233307,15,0
233261,233261,233314,53,0
233252,233252,233321,69,0
233233,233233,233322,89,0
233258,233258,233322,64,0
233269,233269,233325,56,0
233255,233255,233326,71,0
233260,233260,233327,67,0
233293,233297,233344,47,4
233263,233263,233354,91,0
233358,233358,233359,1,0
233358,233358,233359,1,0
233358,233358,233359,1,0
233358,233358,233359,1,0
233358,233358,233359,1,0
233358,233358,233359,1,0
233358,233358,233359,1,0
233358,233358,233359,1,0
233358,233358,233359,1,0
233358,233358,233359,1,0
233358,233358,233359,1,0
233358,233358,233359,1,0
233358,233358,233360,2,0
233358,233358,233360,2,0
233358,233358,233360,2,0
233358,233358,233360,2,0
233358,233358,233360,2,0
233358,233358,233360,2,0
233358,233358,233360,2,0
233358,233358,233360,2,0
233358,233358,233360,2,0
233358,233358,233360,2,0
233358,233358,233360,2,0
233358,233358,233360,2,0
233358,233358,233360,2,0
233358,233358,233360,2,0
233358,233358,233360,2,0
233358,233358,233360,2,0
233358,233358,233361,3,0
233358,233358,233361,3,0
233358,233358,233361,3,0
233358,233358,233360,2,0
233358,233358,233360,2,0
233358,233358,233360,2,0
233358,233358,233360,2,0
233358,233358,233360,2,0
233358,233358,233360,2,0
233358,233358,233360,2,0
233358,233358,233360,2,0
233358,233358,233360,2,0
233358,233358,233360,2,0
233358,233358,233360,2,0
233358,233358,233360,2,0
233358,233358,233360,2,0
233358,233358,233360,2,0
233358,233358,233360,2,0
233358,233358,233361,3,0
233358,233358,233360,2,0
233358,233358,233360,2,0
233358,233358,233361,3,0
233358,233358,233360,2,0
233358,233358,233360,2,0
233358,233358,233360,2,0
233358,233358,233360,2,0
233358,233358,233360,2,0
233358,233358,233360,2,0
233358,233358,233361,3,0
233358,233358,233361,3,0
233358,233358,233361,3,0
233358,233358,233361,3,0
233358,233358,233361,3,0
233358,233358,233361,3,0
233358,233359,233361,2,1
233358,233358,233361,3,0
233358,233358,233361,3,0
233358,233358,233361,3,0
233358,233359,233361,2,1
233358,233358,233362,4,0
233358,233358,233361,3,0
233358,233358,233361,3,0
233358,233358,233361,3,0
233358,233358,233361,3,0
233358,233358,233361,3,0
233358,233358,233361,3,0
233358,233360,233361,1,2
233358,233360,233361,1,2
233358,233358,233361,3,0
233358,233358,233361,3,0
233358,233360,233361,1,2
233358,233360,233362,2,2
233358,233358,233361,3,0
233358,233360,233361,1,2
233358,233360,233362,2,2
233358,233360,233361,1,2
233358,233358,233361,3,0
233358,233358,233361,3,0
233358,233360,233361,1,2
233358,233360,233362,2,2
233358,233360,233361,1,2
233358,233361,233362,1,3
233358,233361,233363,2,3
233358,233361,233363,2,3
233358,233361,233362,1,3
233358,233361,233362,1,3
233358,233361,233362,1,3
233358,233361,233362,1,3
233358,233361,233363,2,3
233358,233361,233362,1,3
233358,233361,233362,1,3
233358,233361,233362,1,3
233358,233361,233363,2,3
233358,233361,233362,1,3
233358,233361,233362,1,3
233358,233360,233362,2,2
233358,233361,233362,1,3
233358,233361,233362,1,3
233358,233361,233363,2,3
233358,233361,233363,2,3
233358,233361,233363,2,3
233358,233361,233363,2,3
233358,233361,233362,1,3
233358,233361,233363,2,3
233358,233361,233363,2,3
233358,233360,233362,2,2
233358,233361,233363,2,3
233358,233361,233363,2,3
233358,233361,233363,2,3
233358,233361,233362,1,3
233358,233361,233363,2,3
233358,233361,233363,2,3
233358,233361,233362,1,3
233358,233361,233363,2,3
233358,233361,233363,2,3
233358,233361,233363,2,3
233358,233362,233363,1,4
233358,233362,233363,1,4
233358,233362,233363,1,4
233358,233362,233364,2,4
233359,233363,233364,1,4
233359,233363,233364,1,4
233358,233361,233363,2,3
233358,233362,233363,1,4
233358,233362,233363,1,4
233358,233362,233364,2,4
233359,233363,233364,1,4
233359,233363,233364,1,4
233358,233362,233363,1,4
233358,233362,233363,1,4
233358,233362,233364,2,4
233359,233363,233364,1,4
233358,233362,233363,1,4
233358,233362,233363,1,4
233358,233362,233363,1,4
233358,233362,233364,2,4
233358,233362,233364,2,4
233358,233361,233363,2,3
233358,233362,233364,2,4
233358,233362,233364,2,4
233358,233362,233364,2,4
233358,233361,233363,2,3
233358,233361,233363,2,3
233358,233361,233363,2,3
233358,233361,233363,2,3
233358,233362,233364,2,4
233358,233362,233364,2,4
233358,233361,233363,2,3
233358,233362,233364,2,4
233358,233362,233364,2,4
233358,233362,233364,2,4
233358,233362,233364,2,4
233358,233361,233363,2,3
233358,233362,233364,2,4
233358,233362,233364,2,4
233358,233362,233364,2,4
233359,233362,233364,2,3
233358,233362,233364,2,4
233358,233362,233364,2,4
233358,233362,233364,2,4
233358,233362,233364,2,4
233358,233362,233364,2,4
233359,233363,233365,2,4
233359,233363,233365,2,4
233358,233362,233364,2,4
233359,233363,233365,2,4
233359,233363,233365,2,4
233359,233363,233365,2,4
233359,233363,233364,1,4
233361,233364,233365,1,3
233361,233364,233365,1,3
233358,233362,233364,2,4
233359,233363,233365,2,4
233359,233363,233365,2,4
233359,233363,233364,1,4
233359,233363,233365,2,4
233361,233364,233365,1,3
233359,233363,233365,2,4
233359,233363,233365,2,4
233359,233363,233365,2,4
233359,233363,233365,2,4
233361,233363,233364,1,2
233358,233362,233364,2,4
233359,233363,233365,2,4
233359,233363,233365,2,4
233359,233363,233365,2,4
233359,233363,233365,2,4
233359,233363,233365,2,4
233359,233363,233365,2,4
233359,233363,233365,2,4
233359,233363,233365,2,4
233361,233363,233364,1,2
233359,233363,233365,2,4
233359,233363,233365,2,4
233359,233363,233365,2,4
233361,233364,233366,2,3
233361,233364,233366,2,3
233361,233364,233366,2,3
233361,233364,233365,1,3
233361,233364,233366,2,3
233361,233364,233366,2,3
233359,233363,233366,3,4
233359,233363,233365,2,4
233359,233363,233365,2,4
233361,233364,233366,2,3
233361,233364,233366,2,3
233361,233364,233366,2,3
233361,233364,233366,2,3
233361,233364,233366,2,3
233361,233364,233366,2,3
233361,233364,233366,2,3
233361,233364,233366,2,3
233361,233364,233366,2,3
233361,233364,233366,2,3
233361,233364,233366,2,3
233361,233364,233366,2,3
233361,233364,233367,3,3
233361,233364,233366,2,3
233361,233364,233366,2,3
233361,233364,233367,3,3
233361,233364,233367,3,3
233361,233364,233367,3,3
233361,233364,233367,3,3
233361,233364,233367,3,3
233361,233364,233367,3,3
233361,233364,233366,2,3
233361,233364,233366,2,3
233265,233265,233369,104,0
233361,233364,233416,52,3
233439,233440,233441,1,1
233439,233440,233441,1,1
233440,233440,233441,1,0
233440,233440,233441,1,0
233439,233440,233441,1,1
233440,233440,233441,1,0
233439,233440,233441,1,1
233439,233440,233441,1,1
233439,233440,233441,1,1
233440,233440,233441,1,0
233440,233440,233442,2,0
233440,233440,233442,2,0
233440,233440,233441,1,0
233439,233440,233442,2,1
233439,233440,233441,1,1
233440,233440,233441,1,0
233440,233440,233442,2,0
233440,233440,233441,1,0
233440,233440,233442,2,0
233440,233440,233441,1,0
233440,233440,233442,2,0
233440,233440,233442,2,0
233440,233440,233441,1,0
233440,233440,233441,1,0
233439,233440,233442,2,1
233439,233440,233441,1,1
233440,233440,233441,1,0
233440,233440,233442,2,0
233440,233440,233442,2,0
233440,233440,233441,1,0
233439,233440,233442,2,1
233439,233440,233441,1,1
233439,233440,233442,2,1
233440,233440,233441,1,0
233440,233440,233442,2,0
233440,233440,233442,2,0
233440,233440,233442,2,0
233439,233440,233442,2,1
233439,233440,233441,1,1
233439,233440,233442,2,1
233440,233440,233441,1,0
233440,233440,233442,2,0
233440,233440,233442,2,0
233440,233440,233441,1,0
233439,233440,233442,2,1
233439,233440,233442,2,1
233440,233440,233441,1,0
233440,233440,233442,2,0
233440,233440,233441,1,0
233439,233440,233442,2,1
233439,233440,233441,1,1
233439,233440,233441,1,1
233440,233440,233441,1,0
233440,233440,233442,2,0
233440,233440,233441,1,0
233440,233440,233442,2,0
233439,233440,233442,2,1
233439,233440,233441,1,1
233440,233440,233442,2,0
233440,233440,233442,2,0
233439,233440,233441,1,1
233439,233440,233441,1,1
233439,233440,233441,1,1
233440,233440,233442,2,0
233440,233440,233442,2,0
233440,233440,233441,1,0
233440,233440,233442,2,0
233440,233440,233442,2,0
233440,233440,233442,2,0
233439,233440,233442,2,1
233440,233440,233442,2,0
233440,233440,233442,2,0
233440,233440,233442,2,0
233440,233441,233443,2,1
233440,233441,233443,2,1
233440,233443,233444,1,3
233440,233441,233443,2,1
233440,233441,233443,2,1
233440,233441,233443,2,1
233440,233441,233443,2,1
233440,233441,233443,2,1
233440,233443,233444,1,3
233440,233441,233443,2,1
233440,233441,233443,2,1
233440,233441,233443,2,1
233440,233443,233444,1,3
233440,233441,233443,2,1
233440,233441,233443,2,1
233440,233442,233443,1,2
233440,233441,233443,2,1
233440,233442,233444,2,2
233440,233443,233444,1,3
233440,233443,233444,1,3
233440,233443,233444,1,3
233440,233443,233445,2,3
233440,233443,233444,1,3
233440,233443,233444,1,3
233440,233443,233444,1,3
233440,233443,233444,1,3
233440,233443,233444,1,3
233440,233443,233445,2,3
233440,233443,233445,2,3
233440,233443,233444,1,3
233440,233443,233444,1,3
233440,233443,233444,1,3
233440,233443,233445,2,3
233440,233443,233444,1,3
233440,233443,233444,1,3
233440,233443,233444,1,3
233440,233443,233445,2,3
233440,233443,233444,1,3
233440,233443,233444,1,3
233440,233443,233445,2,3
233440,233443,233444,1,3
233440,233443,233444,1,3
233440,233443,233445,2,3
233440,233443,233444,1,3
233440,233442,233445,3,2
233440,233442,233445,3,2
233440,233442,233445,3,2
233440,233442,233444,2,2
233440,233442,233444,2,2
233440,233442,233444,2,2
233440,233443,233445,2,3
233440,233443,233445,2,3
233440,233443,233445,2,3
233440,233443,233445,2,3
233440,233443,233445,2,3
233440,233443,233445,2,3
233440,233443,233445,2,3
233440,233443,233445,2,3
233440,233443,233445,2,3
233440,233443,233445,2,3
233440,233443,233445,2,3
233440,233443,233445,2,3
233440,233443,233445,2,3
233440,233443,233445,2,3
233440,233443,233445,2,3
233440,233443,233446,3,3
233440,233443,233445,2,3
233440,233443,233445,2,3
233440,233444,233445,1,4
233440,233444,233445,1,4
233440,233443,233445,2,3
233440,233443,233445,2,3
233440,233444,233445,1,4
233440,233443,233445,2,3
233440,233443,233445,2,3
233440,233443,233445,2,3
233440,233443,233445,2,3
233440,233443,233445,2,3
233440,233443,233445,2,3
233440,233444,233445,1,4
233440,233443,233445,2,3
233440,233443,233445,2,3
233440,233444,233445,1,4
233440,233444,233445,1,4
233440,233444,233445,1,4
233440,233443,233445,2,3
233440,233443,233445,2,3
233440,233444,233445,1,4
233440,233444,233445,1,4
233440,233444,233445,1,4
233440,233444,233496,52,4
233520,233520,233521,1,0
233520,233520,233521,1,0
233520,233520,233521,1,0
233520,233520,233521,1,0
233520,233520,233521,1,0
233520,233520,233521,1,0
233520,233520,233521,1,0
233520,233520,233521,1,0
233520,233520,233521,1,0
233520,233520,233521,1,0
233520,233520,233522,2,0
233520,233520,233522,2,0
233520,233520,233522,2,0
233520,233520,233522,2,0
233520,233520,233522,2,0
233520,233520,233522,2,0
233520,233520,233522,2,0
233520,233520,233522,2,0
233520,233520,233522,2,0
233520,233520,233521,1,0
233520,233520,233522,2,0
233520,233520,233522,2,0
233520,233520,233522,2,0
233520,233520,233522,2,0
233520,233520,233522,2,0
233520,233520,233522,2,0
233520,233520,233522,2,0
233520,233520,233522,2,0
233520,233520,233522,2,0
233520,233520,233522,2,0
233520,233520,233522,2,0
233520,233520,233522,2,0
233520,233520,233522,2,0
233520,233520,233522,2,0
233520,233520,233522,2,0
233520,233520,233522,2,0
233520,233520,233522,2,0
233520,233520,233522,2,0
233520,233520,233522,2,0
233520,233520,233521,1,0
233520,233520,233522,2,0
233520,233520,233522,2,0
233520,233520,233522,2,0
233520,233520,233522,2,0
233520,233520,233522,2,0
233520,233520,233522,2,0
233520,233520,233522,2,0
233520,233520,233522,2,0
233520,233520,233522,2,0
233520,233520,233522,2,0
233520,233520,233522,2,0
233520,233520,233522,2,0
233520,233520,233522,2,0
233520,233520,233522,2,0
233520,233520,233522,2,0
233520,233520,233522,2,0
233520,233520,233522,2,0
233520,233520,233522,2,0
233520,233520,233522,2,0
233520,233520,233522,2,0
233520,233520,233522,2,0
233520,233520,233522,2,0
233520,233520,233522,2,0
233520,233520,233522,2,0
233520,233520,233522,2,0
233520,233520,233521,1,0
233520,233520,233522,2,0
233520,233520,233522,2,0
233520,233520,233522,2,0
233520,233520,233522,2,0
233520,233520,233522,2,0
233520,233520,233521,1,0
233520,233520,233522,2,0
233520,233520,233522,2,0
233520,233520,233522,2,0
233520,233520,233522,2,0
233520,233521,233523,2,1
233520,233520,233522,2,0
233520,233521,233523,2,1
233520,233521,233523,2,1
233520,233521,233523,2,1
233520,233522,233523,1,2
233520,233520,233522,2,0
233520,233521,233523,2,1
233520,233521,233523,2,1
233520,233520,233523,3,0
233520,233521,233523,2,1
233520,233521,233523,2,1
233520,233521,233523,2,1
233520,233521,233523,2,1
233520,233521,233523,2,1
233520,233522,233524,2,2
233520,233522,233524,2,2
233520,233522,233524,2,2
233520,233522,233524,2,2
233520,233522,233524,2,2
233520,233522,233524,2,2
233520,233522,233524,2,2
233581,233581,233582,1,0
233581,233581,233582,1,0
233581,233581,233582,1,0
233581,233581,233582,1,0
233581,233581,233582,1,0
233581,233581,233582,1,0
233581,233581,233582,1,0
233581,233581,233583,2,0
233581,233581,233583,2,0
233581,233581,233583,2,0
233581,233581,233583,2,0
233581,233581,233583,2,0
233581,233581,233583,2,0
233581,233581,233583,2,0
233581,233581,233583,2,0
233581,233581,233583,2,0
233581,233581,233583,2,0
233581,233581,233582,1,0
233581,233581,233583,2,0
233581,233581,233583,2,0
233581,233581,233583,2,0
233581,233581,233583,2,0
233581,233581,233583,2,0
233581,233581,233583,2,0
233581,233581,233583,2,0
233581,233581,233582,1,0
233581,233581,233583,2,0
233581,233581,233583,2,0
233581,233581,233583,2,0
233581,233581,233583,2,0
233581,233581,233583,2,0
233581,233581,233583,2,0
233581,233581,233583,2,0
233581,233581,233583,2,0
233629,233629,233630,1,0
233629,233629,233630,1,0
233629,233629,233630,1,0
233629,233629,233630,1,0
233629,233629,233630,1,0
233629,233629,233630,1,0
233629,233629,233630,1,0
233629,233629,233631,2,0
233629,233629,233631,2,0
233629,233629,233630,1,0
233629,233629,233631,2,0
233629,233629,233631,2,0
233629,233629,233631,2,0
233629,233629,233631,2,0
233629,233629,233630,1,0
233629,233629,233631,2,0
233629,233629,233631,2,0
233629,233629,233630,1,0
233629,233629,233630,1,0
233629,233629,233631,2,0
233629,233629,233630,1,0
233629,233629,233631,2,0
233629,233629,233631,2,0
233629,233629,233630,1,0
233629,233629,233631,2,0
233629,233629,233630,1,0
233629,233629,233631,2,0
233629,233629,233631,2,0
233629,233629,233630,1,0
233629,233629,233631,2,0
233629,233629,233631,2,0
233629,233629,233631,2,0
233629,233629,233631,2,0
233581,233582,233634,52,1
233661,233661,233662,1,0
233661,233661,233662,1,0
233661,233661,233662,1,0
233661,233661,233662,1,0
233661,233661,233662,1,0
233661,233661,233662,1,0
233661,233661,233662,1,0
233661,233661,233662,1,0
233661,233661,233662,1,0
233661,233661,233663,2,0
233661,233661,233663,2,0
233661,233661,233663,2,0
233661,233661,233663,2,0
233661,233661,233663,2,0
233661,233661,233663,2,0
233661,233661,233663,2,0
233661,233661,233663,2,0
233661,233661,233663,2,0
233661,233661,233663,2,0
233661,233661,233663,2,0
233661,233661,233663,2,0
233661,233661,233663,2,0
233661,233661,233663,2,0
233661,233661,233662,1,0
233661,233661,233663,2,0
233661,233661,233663,2,0
233661,233661,233663,2,0
233661,233661,233663,2,0
233661,233661,233663,2,0
233661,233661,233663,2,0
233661,233661,233663,2,0
233661,233661,233663,2,0
233661,233661,233663,2,0
233661,233661,233663,2,0
233662,233662,233708,46,0
233709,233709,233710,1,0
233709,233709,233710,1,0
233709,233709,233710,1,0
233709,233709,233710,1,0
233709,233709,233710,1,0
233709,233709,233710,1,0
233709,233709,233710,1,0
233709,233709,233710,1,0
233709,233709,233710,1,0
233709,233709,233711,2,0
233709,233709,233711,2,0
233709,233709,233711,2,0
233709,233709,233711,2,0
233709,233709,233710,1,0
233709,233709,233711,2,0
233709,233709,233711,2,0
233709,233709,233711,2,0
233709,233709,233711,2,0
233709,233709,233711,2,0
233709,233709,233711,2,0
233709,233709,233710,1,0
233709,233709,233711,2,0
233709,233709,233711,2,0
233709,233709,233710,1,0
233709,233709,233711,2,0
233709,233709,233711,2,0
233709,233709,233711,2,0
233709,233709,233711,2,0
233709,233709,233710,1,0
233709,233709,233711,2,0
233709,233709,233711,2,0
233709,233709,233710,1,0
233709,233709,233711,2,0
233709,233709,233711,2,0
233678,233679,233733,54,1
233735,233735,233736,1,0
233735,233735,233736,1,0
233735,233735,233736,1,0
233735,233735,233736,1,0
233735,233735,233736,1,0
233735,233735,233736,1,0
233735,233735,233736,1,0
233735,233735,233736,1,0
233735,233735,233736,1,0
233735,233735,233736,1,0
233735,233735,233737,2,0
233735,233735,233736,1,0
233735,233735,233736,1,0
233735,233735,233737,2,0
233735,233735,233737,2,0
233735,233735,233736,1,0
233735,233735,233737,2,0
233735,233735,233737,2,0
233735,233735,233736,1,0
233735,233735,233736,1,0
233735,233735,233737,2,0
233735,233735,233736,1,0
233735,233735,233737,2,0
233735,233735,233737,2,0
233735,233735,233736,1,0
233735,233735,233737,2,0
233735,233735,233737,2,0
233735,233735,233736,1,0
233735,233735,233737,2,0
233735,233735,233737,2,0
233735,233735,233736,1,0
233735,233735,233737,2,0
233735,233735,233737,2,0
233735,233735,233737,2,0
233697,233697,233744,47,0
233701,233702,233749,47,1
233696,233696,233752,56,0
233698,233698,233754,56,0
233711,233711,233756,45,0
233757,233757,233758,1,0
233757,233757,233758,1,0
233757,233757,233758,1,0
233757,233757,233758,1,0
233757,233757,233758,1,0
233757,233757,233758,1,0
233757,233757,233758,1,0
233757,233757,233758,1,0
233757,233757,233758,1,0
233757,233757,233758,1,0
233757,233757,233758,1,0
233757,233757,233758,1,0
233757,233757,233758,1,0
233757,233757,233758,1,0
233757,233757,233758,1,0
233757,233757,233758,1,0
233757,233757,233758,1,0
233757,233757,233758,1,0
233757,233757,233758,1,0
233757,233757,233758,1,0
233757,233757,233758,1,0
233757,233757,233758,1,0
233757,233757,233758,1,0
233757,233757,233758,1,0
233757,233757,233758,1,0
233757,233757,233758,1,0
233757,233757,233758,1,0
233757,233757,233758,1,0
233757,233757,233758,1,0
233757,233757,233758,1,0
233757,233757,233759,2,0
233757,233757,233759,2,0
233757,233757,233759,2,0
233757,233757,233759,2,0
233757,233757,233758,1,0
233757,233757,233759,2,0
233757,233757,233759,2,0
233757,233757,233758,1,0
233757,233757,233759,2,0
233757,233758,233759,1,1
233757,233758,233759,1,1
233757,233758,233759,1,1
233757,233757,233759,2,0
233757,233757,233758,1,0
233757,233757,233759,2,0
233757,233758,233759,1,1
233757,233757,233758,1,0
233757,233757,233759,2,0
233757,233757,233759,2,0
233757,233757,233758,1,0
233757,233758,233759,1,1
233757,233757,233759,2,0
233757,233757,233758,1,0
233757,233757,233759,2,0
233757,233757,233758,1,0
233757,233758,233759,1,1
233757,233757,233758,1,0
233757,233757,233759,2,0
233757,233757,233759,2,0
233757,233757,233758,1,0
233757,233758,233759,1,1
233757,233758,233759,1,1
233757,233757,233758,1,0
233757,233757,233759,2,0
233757,233757,233759,2,0
233757,233757,233758,1,0
233757,233758,233759,1,1
233757,233758,233759,1,1
233757,233758,233759,1,1
233757,233757,233758,1,0
233757,233757,233758,1,0
233757,233757,233759,2,0
233757,233758,233759,1,1
233757,233758,233759,1,1
233757,233757,233758,1,0
233757,233757,233758,1,0
233757,233757,233759,2,0
233757,233757,233759,2,0
233757,233758,233759,1,1
233757,233758,233759,1,1
233757,233758,233760,2,1
233757,233758,233759,1,1
233757,233758,233760,2,1
233757,233758,233760,2,1
233757,233758,233760,2,1
233757,233758,233760,2,1
233700,233700,233760,60,0
233757,233758,233760,2,1
233757,233758,233760,2,1
233757,233759,233760,1,2
233757,233758,233760,2,1
233757,233758,233760,2,1
233757,233758,233760,2,1
233757,233758,233760,2,1
233757,233760,233761,1,3
233757,233758,233761,3,1
233757,233758,233760,2,1
233757,233758,233760,2,1
233757,233758,233761,3,1
233757,233758,233760,2,1
233757,233758,233760,2,1
233757,233760,233761,1,3
233757,233758,233760,2,1
233759,233760,233761,1,1
233759,233760,233761,1,1
233757,233757,233760,3,0
233759,233760,233761,1,1
233759,233760,233761,1,1
233759,233760,233761,1,1
233759,233760,233761,1,1
233759,233760,233761,1,1
233759,233760,233761,1,1
233757,233760,233761,1,3
233757,233760,233761,1,3
233757,233758,233761,3,1
233757,233760,233761,1,3
233757,233760,233761,1,3
233757,233760,233761,1,3
233759,233761,233762,1,2
233757,233760,233761,1,3
233757,233760,233761,1,3
233757,233760,233761,1,3
233759,233761,233762,1,2
233757,233760,233761,1,3
233757,233760,233761,1,3
233757,233760,233761,1,3
233757,233760,233761,1,3
233759,233761,233762,1,2
233757,233760,233761,1,3
233757,233760,233761,1,3
233757,233760,233761,1,3
233757,233760,233761,1,3
233759,233761,233762,1,2
233757,233760,233761,1,3
233757,233760,233761,1,3
233759,233761,233762,1,2
233757,233760,233761,1,3
233757,233760,233761,1,3
233759,233760,233761,1,1
233759,233760,233762,2,1
233759,233760,233762,2,1
233759,233760,233761,1,1
233759,233760,233761,1,1
233759,233760,233762,2,1
233759,233760,233762,2,1
233759,233760,233762,2,1
233759,233760,233762,2,1
233757,233760,233761,1,3
233759,233760,233762,2,1
233759,233760,233762,2,1
233759,233760,233762,2,1
233759,233760,233761,1,1
233757,233760,233761,1,3
233759,233760,233762,2,1
233759,233760,233762,2,1
233759,233760,233762,2,1
233759,233760,233761,1,1
233759,233761,233762,1,2
233759,233761,233762,1,2
233759,233761,233762,1,2
233759,233761,233762,1,2
233706,233706,233764,58,0
233704,233704,233770,66,0
233737,233737,233784,47,0
233734,233734,233789,55,0
233739,233739,233794,55,0
233730,233730,233795,65,0
233709,233709,233794,85,0
233732,233732,233798,66,0
233758,233760,233809,49,2
233811,233811,233812,1,0
233811,233811,233813,2,0
233812,233812,233813,1,0
233811,233811,233812,1,0
233811,233811,233812,1,0
233811,233811,233813,2,0
233812,233812,233813,1,0
233811,233811,233812,1,0
233811,233811,233812,1,0
233811,233812,233813,1,1
233811,233811,233812,1,0
233811,233811,233813,2,0
233812,233812,233813,1,0
233811,233811,233812,1,0
233811,233811,233812,1,0
233811,233811,233813,2,0
233812,233812,233813,1,0
233811,233811,233812,1,0
233812,233812,233813,1,0
233811,233811,233812,1,0
233811,233811,233813,2,0
233812,233812,233813,1,0
233811,233811,233812,1,0
233811,233811,233813,2,0
233811,233812,233813,1,1
233812,233812,233813,1,0
233811,233811,233813,2,0
233812,233812,233813,1,0
233812,233812,233813,1,0
233811,233811,233813,2,0
233812,233812,233813,1,0
233811,233811,233813,2,0
233811,233811,233813,2,0
233811,233812,233813,1,1
233811,233812,233813,1,1
233812,233813,233814,1,1
233811,233811,233813,2,0
233811,233812,233813,1,1
233811,233812,233813,1,1
233812,233812,233813,1,0
233812,233813,233814,1,1
233811,233811,233813,2,0
233811,233811,233813,2,0
233811,233812,233813,1,1
233811,233812,233813,1,1
233812,233813,233814,1,1
233812,233813,233814,1,1
233811,233811,233813,2,0
233811,233811,233813,2,0
233811,233812,233813,1,1
233811,233812,233813,1,1
233812,233813,233814,1,1
233811,233811,233813,2,0
233811,233811,233813,2,0
233811,233812,233813,1,1
233811,233812,233813,1,1
233812,233813,233814,1,1
233811,233811,233813,2,0
233811,233812,233813,1,1
233811,233812,233813,1,1
233812,233813,233814,1,1
233811,233811,233813,2,0
233811,233812,233813,1,1
233811,233812,233814,2,1
233811,233812,233813,1,1
233812,233813,233814,1,1
233811,233811,233813,2,0
233811,233812,233813,1,1
233811,233812,233813,1,1
233812,233813,233814,1,1
233811,233811,233813,2,0
233811,233812,233814,2,1
233811,233812,233813,1,1
233812,233813,233814,1,1
233811,233811,233813,2,0
233811,233812,233813,1,1
233811,233812,233813,1,1
233811,233812,233813,1,1
233812,233812,233813,1,0
233812,233813,233814,1,1
233812,233813,233814,1,1
233812,233813,233814,1,1
233812,233813,233814,1,1
233812,233813,233814,1,1
233812,233813,233814,1,1
233811,233811,233814,3,0
233812,233813,233814,1,1
233812,233813,233814,1,1
233812,233813,233814,1,1
233812,233813,233815,2,1
233812,233813,233815,2,1
233812,233813,233815,2,1
233812,233813,233815,2,1
233812,233813,233815,2,1
233812,233813,233815,2,1
233812,233813,233815,2,1
233812,233813,233815,2,1
233812,233815,233816,1,3
233812,233813,233815,2,1
233812,233813,233815,2,1
233812,233813,233815,2,1
233812,233813,233815,2,1
233812,233813,233815,2,1
233812,233813,233815,2,1
233812,233813,233815,2,1
233812,233813,233815,2,1
233812,233813,233815,2,1
233812,233813,233815,2,1
233812,233813,233815,2,1
233812,233813,233815,2,1
233812,233813,233815,2,1
233812,233815,233816,1,3
233812,233813,233815,2,1
233812,233815,233816,1,3
233812,233814,233816,2,2
233812,233815,233816,1,3
233812,233814,233816,2,2
233812,233814,233816,2,2
233812,233815,233816,1,3
233812,233815,233816,1,3
233812,233815,233816,1,3
233812,233815,233816,1,3
233812,233815,233816,1,3
233812,233815,233816,1,3
233812,233814,233816,2,2
233812,233814,233816,2,2
233812,233815,233816,1,3
233812,233815,233816,1,3
233812,233814,233816,2,2
233812,233815,233816,1,3
233812,233815,233816,1,3
233812,233814,233816,2,2
233812,233815,233816,1,3
233812,233815,233816,1,3
233812,233815,233816,1,3
233812,233815,233816,1,3
233812,233815,233816,1,3
233812,233815,233816,1,3
233812,233814,233816,2,2
233812,233815,233816,1,3
233812,233815,233816,1,3
233812,233815,233816,1,3
233812,233814,233816,2,2
233812,233815,233816,1,3
233812,233815,233816,1,3
233812,233815,233816,1,3
233812,233814,233816,2,2
233812,233815,233816,1,3
233812,233815,233816,1,3
233812,233815,233816,1,3
233812,233815,233816,1,3
233812,233815,233817,2,3
233812,233815,233817,2,3
233812,233815,233861,46,3
233878,233878,233879,1,0
233878,233878,233879,1,0
233878,233878,233879,1,0
233878,233878,233879,1,0
233878,233878,233879,1,0
233878,233878,233880,2,0
233878,233878,233879,1,0
233878,233878,233879,1,0
233878,233879,233880,1,1
233878,233878,233879,1,0
233878,233879,233880,1,1
233878,233878,233879,1,0
233878,233878,233879,1,0
233878,233878,233879,1,0
233878,233878,233879,1,0
233878,233878,233879,1,0
233878,233879,233880,1,1
233878,233878,233880,2,0
233878,233878,233879,1,0
233878,233879,233880,1,1
233878,233878,233880,2,0
233878,233878,233880,2,0
233878,233879,233880,1,1
233878,233879,233880,1,1
233878,233879,233880,1,1
233878,233878,233880,2,0
233878,233878,233880,2,0
233878,233879,233880,1,1
233878,233879,233880,1,1
233878,233879,233880,1,1
233878,233878,233880,2,0
233878,233878,233880,2,0
233878,233879,233880,1,1
233878,233879,233880,1,1
233878,233879,233880,1,1
233878,233879,233880,1,1
233878,233878,233880,2,0
233878,233878,233880,2,0
233878,233879,233880,1,1
233878,233879,233880,1,1
233878,233878,233880,2,0
233878,233879,233880,1,1
233878,233879,233880,1,1
233878,233879,233880,1,1
233878,233878,233880,2,0
233878,233878,233880,2,0
233878,233879,233880,1,1
233878,233879,233880,1,1
233878,233879,233880,1,1
233878,233878,233880,2,0
233878,233878,233880,2,0
233878,233879,233881,2,1
233878,233879,233880,1,1
233878,233878,233881,3,0
233878,233878,233880,2,0
233878,233879,233880,1,1
233878,233879,233880,1,1
233878,233878,233880,2,0
233878,233878,233880,2,0
233878,233879,233880,1,1
233878,233879,233880,1,1
233878,233878,233880,2,0
233878,233879,233880,1,1
233878,233879,233880,1,1
233878,233880,233881,1,2
233878,233880,233881,1,2
233878,233880,233881,1,2
233878,233880,233881,1,2
233878,233880,233881,1,2
233878,233880,233881,1,2
233878,233880,233881,1,2
233878,233880,233881,1,2
233878,233880,233881,1,2
233878,233880,233881,1,2
233878,233880,233881,1,2
233878,233880,233881,1,2
233878,233880,233882,2,2
233878,233880,233881,1,2
233878,233880,233881,1,2
233878,233880,233881,1,2
233878,233880,233881,1,2
233878,233880,233881,1,2
233878,233880,233881,1,2
233878,233880,233881,1,2
233878,233880,233881,1,2
233878,233880,233882,2,2
233926,233926,233927,1,0
233926,233926,233927,1,0
233926,233926,233927,1,0
233926,233926,233927,1,0
233926,233926,233927,1,0
233926,233926,233927,1,0
233926,233926,233927,1,0
233926,233926,233927,1,0
233926,233926,233927,1,0
233926,233926,233927,1,0
233926,233926,233927,1,0
233926,233926,233927,1,0
233926,233926,233927,1,0
233926,233926,233927,1,0
233926,233926,233927,1,0
233926,233926,233927,1,0
233926,233926,233927,1,0
233879,233880,233926,46,1
233926,233926,233927,1,0
233926,233926,233927,1,0
233926,233926,233927,1,0
233926,233926,233927,1,0
233926,233926,233927,1,0
233926,233926,233927,1,0
233926,233926,233927,1,0
233926,233926,233927,1,0
233926,233926,233927,1,0
233926,233926,233928,2,0
233926,233926,233928,2,0
233926,233926,233928,2,0
233926,233926,233928,2,0
233926,233926,233927,1,0
233926,233926,233928,2,0
233926,233926,233928,2,0
233926,233926,233927,1,0
233926,233926,233927,1,0
233926,233926,233927,1,0
233926,233926,233928,2,0
233926,233926,233928,2,0
233926,233926,233927,1,0
233926,233926,233927,1,0
233926,233926,233927,1,0
233926,233926,233928,2,0
233926,233926,233927,1,0
233926,233926,233927,1,0
233926,233926,233927,1,0
233926,233926,233928,2,0
233926,233926,233928,2,0
233926,233926,233928,2,0
233926,233926,233928,2,0
233926,233926,233927,1,0
233926,233926,233928,2,0
233926,233926,233927,1,0
233926,233926,233927,1,0
233926,233926,233928,2,0
233926,233926,233927,1,0
233926,233926,233927,1,0
233926,233926,233928,2,0
233926,233926,233928,2,0
233926,233926,233927,1,0
233974,233974,233975,1,0
233974,233974,233975,1,0
233974,233974,233975,1,0
233974,233974,233975,1,0
233974,233974,233975,1,0
233974,233974,233975,1,0
233974,233974,233975,1,0
233974,233974,233975,1,0
233974,233974,233975,1,0
233974,233974,233975,1,0
233974,233974,233975,1,0
233974,233974,233975,1,0
233974,233974,233975,1,0
233974,233974,233975,1,0
233974,233974,233975,1,0
233974,233974,233976,2,0
233974,233974,233975,1,0
233974,233974,233975,1,0
233974,233974,233975,1,0
233974,233974,233975,1,0
233974,233974,233975,1,0
233974,233974,233975,1,0
233974,233974,233975,1,0
233974,233974,233975,1,0
233974,233974,233975,1,0
233974,233974,233975,1,0
233974,233974,233975,1,0
233974,233974,233976,2,0
233974,233974,233975,1,0
233974,233974,233975,1,0
233974,233974,233975,1,0
233974,233974,233975,1,0
233974,233974,233976,2,0
234008,234008,234009,1,0
234008,234008,234009,1,0
234008,234008,234009,1,0
234008,234008,234009,1,0
234008,234008,234009,1,0
234008,234008,234009,1,0
234008,234008,234009,1,0
234008,234008,234009,1,0
234008,234008,234009,1,0
234008,234008,234010,2,0
234008,234008,234010,2,0
234008,234008,234010,2,0
234008,234008,234010,2,0
234008,234008,234010,2,0
234008,234008,234010,2,0
234008,234008,234010,2,0
234008,234008,234010,2,0
234008,234008,234010,2,0
234008,234008,234010,2,0
234008,234008,234010,2,0
234008,234008,234010,2,0
234008,234008,234010,2,0
234008,234008,234010,2,0
234008,234008,234010,2,0
234008,234008,234010,2,0
234008,234008,234010,2,0
234008,234008,234010,2,0
234008,234008,234010,2,0
234008,234008,234010,2,0
234008,234008,234010,2,0
234008,234008,234010,2,0
234008,234008,234010,2,0
234008,234008,234010,2,0
234008,234008,234011,3,0
233974,233974,234034,60,0
234043,234043,234044,1,0
234043,234043,234044,1,0
234043,234043,234044,1,0
234043,234043,234044,1,0
234043,234043,234044,1,0
234043,234043,234044,1,0
234043,234043,234044,1,0
234043,234043,234044,1,0
234043,234043,234044,1,0
234043,234043,234044,1,0
234043,234043,234044,1,0
234043,234043,234044,1,0
234043,234043,234045,2,0
234043,234043,234044,1,0
234043,234043,234045,2,0
234043,234043,234045,2,0
234043,234043,234045,2,0
234043,234043,234045,2,0
234043,234043,234045,2,0
234043,234043,234044,1,0
234043,234043,234045,2,0
234043,234043,234044,1,0
234043,234043,234044,1,0
234043,234043,234045,2,0
234043,234043,234045,2,0
234043,234043,234044,1,0
234043,234043,234044,1,0
234043,234043,234045,2,0
234043,234043,234044,1,0
234043,234043,234045,2,0
234043,234043,234044,1,0
234043,234043,234044,1,0
234043,234043,234045,2,0
234043,234043,234045,2,0
234026,234026,234082,56,0
234083,234084,234085,1,1
234083,234084,234085,1,1
234083,234084,234085,1,1
234083,234084,234085,1,1
234083,234084,234085,1,1
234083,234084,234085,1,1
234083,234084,234085,1,1
234083,234084,234085,1,1
234083,234084,234085,1,1
234083,234084,234085,1,1
234083,234084,234085,1,1
234083,234084,234085,1,1
234083,234084,234086,2,1
234083,234084,234085,1,1
234083,234084,234085,1,1
234083,234084,234085,1,1
234083,234084,234085,1,1
234083,234084,234085,1,1
234083,234084,234085,1,1
234083,234084,234085,1,1
234083,234084,234085,1,1
234083,234084,234085,1,1
234083,234084,234085,1,1
234045,234045,234090,45,0
234043,234043,234090,47,0
234092,234092,234093,1,0
234092,234092,234093,1,0
234092,234092,234093,1,0
234092,234092,234093,1,0
234092,234092,234093,1,0
234092,234092,234093,1,0
234093,234093,234094,1,0
234092,234092,234093,1,0
234092,234092,234093,1,0
234092,234092,234093,1,0
234093,234093,234094,1,0
234092,234092,234093,1,0
234092,234092,234093,1,0
234092,234092,234093,1,0
234093,234093,234094,1,0
234092,234092,234094,2,0
234092,234092,234093,1,0
234093,234093,234094,1,0
234093,234093,234094,1,0
234092,234092,234093,1,0
234092,234092,234093,1,0
234092,234092,234093,1,0
234092,234092,234093,1,0
234092,234092,234093,1,0
234092,234092,234093,1,0
234093,234093,234094,1,0
234093,234093,234094,1,0
234092,234092,234094,2,0
234092,234092,234093,1,0
234093,234093,234094,1,0
234093,234093,234094,1,0
234092,234092,234093,1,0
234092,234092,234093,1,0
234093,234093,234094,1,0
234093,234093,234094,1,0
234046,234046,234095,49,0
234093,234093,234094,1,0
234093,234093,234095,2,0
234093,234093,234095,2,0
234093,234093,234094,1,0
234093,234093,234095,2,0
234093,234093,234095,2,0
234093,234093,234095,2,0
234093,234093,234095,2,0
234093,234093,234094,1,0
234093,234093,234094,1,0
234093,234093,234095,2,0
234093,234093,234095,2,0
234093,234093,234095,2,0
234093,234093,234095,2,0
234093,234093,234095,2,0
234093,234093,234095,2,0
234093,234093,234095,2,0
234093,234093,234095,2,0
234093,234093,234095,2,0
234093,234093,234095,2,0
234093,234093,234095,2,0
234083,234087,234095,8,4
234083,234087,234096,9,4
234083,234087,234096,9,4
234093,234093,234096,3,0
234093,234093,234096,3,0
234095,234096,234097,1,1
234095,234096,234097,1,1
234095,234096,234097,1,1
234095,234096,234097,1,1
234095,234096,234097,1,1
234095,234096,234097,1,1
234095,234096,234097,1,1
234095,234096,234097,1,1
234095,234096,234097,1,1
234095,234096,234097,1,1
234095,234096,234097,1,1
234095,234096,234097,1,1
234095,234096,234097,1,1
234095,234096,234097,1,1
234095,234096,234097,1,1
234095,234096,234097,1,1
234095,234096,234097,1,1
234095,234096,234097,1,1
234095,234096,234097,1,1
234095,234096,234097,1,1
234095,234096,234097,1,1
234095,234096,234097,1,1
234095,234096,234097,1,1
234095,234096,234097,1,1
234095,234096,234097,1,1
234095,234096,234098,2,1
234092,234092,234101,9,0
234092,234092,234102,10,0
234092,234092,234103,11,0
234069,234069,234120,51,0
234067,234067,234120,53,0
234066,234066,234121,55,0
234073,234073,234126,53,0
234070,234070,234127,57,0
234079,234079,234132,53,0
234130,234131,234132,1,1
234131,234131,234132,1,0
234131,234131,234132,1,0
234131,234131,234132,1,0
234131,234131,234132,1,0
234130,234131,234132,1,1
234130,234131,234132,1,1
234130,234131,234132,1,1
234131,234131,234132,1,0
234130,234131,234132,1,1
234130,234131,234132,1,1
234130,234131,234132,1,1
234131,234131,234132,1,0
234130,234131,234132,1,1
234130,234131,234132,1,1
234131,234132,234133,1,1
234130,234131,234132,1,1
234130,234131,234132,1,1
234131,234131,234132,1,0
234130,234131,234132,1,1
234130,234131,234132,1,1
234131,234131,234132,1,0
234131,234131,234132,1,0
234131,234131,234132,1,0
234131,234131,234132,1,0
234131,234131,234132,1,0
234130,234131,234132,1,1
234130,234131,234132,1,1
234131,234131,234133,2,0
234131,234131,234132,1,0
234131,234131,234132,1,0
234130,234131,234132,1,1
234130,234131,234132,1,1
234131,234131,234132,1,0
234131,234131,234132,1,0
234131,234131,234132,1,0
234131,234131,234132,1,0
234130,234131,234132,1,1
234130,234131,234132,1,1
234131,234131,234132,1,0
234131,234131,234133,2,0
234131,234131,234132,1,0
234131,234131,234132,1,0
234130,234131,234132,1,1
234130,234131,234132,1,1
234131,234131,234133,2,0
234131,234131,234132,1,0
234131,234131,234132,1,0
234131,234132,234133,1,1
234130,234131,234132,1,1
234131,234131,234132,1,0
234131,234131,234132,1,0
234131,234131,234132,1,0
234131,234132,234133,1,1
234131,234132,234133,1,1
234131,234131,234133,2,0
234131,234133,234134,1,2
234131,234133,234134,1,2
234131,234133,234134,1,2
234131,234132,234133,1,1
234131,234132,234133,1,1
234131,234132,234133,1,1
234131,234132,234133,1,1
234131,234132,234133,1,1
234131,234132,234133,1,1
234131,234132,234133,1,1
234131,234132,234134,2,1
234131,234132,234133,1,1
234131,234132,234133,1,1
234131,234133,234135,2,2
234131,234133,234134,1,2
234131,234133,234134,1,2
234131,234133,234134,1,2
234131,234133,234134,1,2
234131,234133,234134,1,2
234131,234133,234134,1,2
234131,234133,234134,1,2
234131,234133,234134,1,2
234131,234133,234134,1,2
234131,234133,234134,1,2
234131,234132,234134,2,1
234130,234131,234136,5,1
234130,234131,234138,7,1
234131,234131,234137,6,0
234080,234080,234139,59,0
234092,234093,234140,47,1
234072,234072,234139,67,0
234130,234131,234140,9,1
234086,234086,234144,58,0
234091,234091,234145,54,0
234087,234087,234147,60,0
234076,234076,234150,74,0
234094,234095,234155,60,1
234084,234084,234169,85,0
234096,234097,234176,79,1
234181,234181,234182,1,0
234181,234181,234182,1,0
234181,234181,234182,1,0
234181,234181,234182,1,0
234181,234181,234182,1,0
234181,234181,234182,1,0
234083,234085,234182,97,2
234181,234181,234182,1,0
234181,234181,234182,1,0
234181,234181,234182,1,0
234181,234181,234182,1,0
234181,234181,234182,1,0
234181,234181,234182,1,0
234181,234181,234182,1,0
234181,234181,234182,1,0
234181,234181,234182,1,0
234181,234181,234182,1,0
234181,234181,234182,1,0
234181,234181,234182,1,0
234181,234181,234182,1,0
234181,234181,234182,1,0
234181,234181,234182,1,0
234181,234181,234182,1,0
234181,234181,234182,1,0
234181,234181,234182,1,0
234181,234181,234182,1,0
234181,234181,234182,1,0
234181,234181,234182,1,0
234181,234181,234182,1,0
234181,234181,234182,1,0
234181,234181,234182,1,0
234181,234181,234182,1,0
234181,234181,234182,1,0
234181,234181,234182,1,0
234181,234181,234182,1,0
234181,234181,234183,2,0
234181,234181,234182,1,0
234181,234182,234183,1,1
234181,234181,234182,1,0
234181,234181,234182,1,0
234181,234181,234182,1,0
234181,234181,234183,2,0
234181,234181,234182,1,0
234181,234181,234182,1,0
234181,234181,234182,1,0
234181,234181,234183,2,0
234181,234181,234183,2,0
234181,234181,234182,1,0
234181,234181,234183,2,0
234181,234181,234182,1,0
234181,234181,234183,2,0
234181,234181,234183,2,0
234181,234181,234182,1,0
234181,234182,234183,1,1
234181,234181,234182,1,0
234181,234181,234182,1,0
234181,234181,234183,2,0
234181,234181,234182,1,0
234181,234181,234182,1,0
234181,234181,234183,2,0
234181,234181,234183,2,0
234181,234181,234182,1,0
234181,234182,234183,1,1
234181,234181,234182,1,0
234181,234181,234182,1,0
234181,234181,234182,1,0
234181,234181,234183,2,0
234181,234181,234182,1,0
234181,234181,234182,1,0
234181,234181,234183,2,0
234181,234181,234183,2,0
234181,234182,234183,1,1
234181,234181,234183,2,0
234181,234181,234182,1,0
234181,234181,234182,1,0
234181,234182,234183,1,1
234181,234181,234182,1,0
234181,234181,234183,2,0
234181,234181,234182,1,0
234181,234182,234184,2,1
234181,234182,234184,2,1
234181,234182,234184,2,1
234181,234183,234184,1,2
234181,234182,234184,2,1
234181,234182,234184,2,1
234181,234182,234184,2,1
234181,234182,234184,2,1
234181,234182,234184,2,1
234181,234182,234184,2,1
234181,234182,234184,2,1
234181,234182,234184,2,1
234181,234182,234184,2,1
234181,234182,234184,2,1
234181,234184,234185,1,3
234181,234182,234185,3,1
234181,234182,234185,3,1
234181,234182,234185,3,1
234181,234182,234184,2,1
234181,234184,234185,1,3
234181,234182,234184,2,1
234181,234182,234184,2,1
234181,234182,234184,2,1
234181,234184,234185,1,3
234181,234182,234184,2,1
234181,234182,234184,2,1
234181,234184,234185,1,3
234181,234182,234184,2,1
234181,234182,234184,2,1
234181,234182,234184,2,1
234181,234182,234184,2,1
234181,234184,234185,1,3
234181,234182,234184,2,1
234181,234182,234184,2,1
234181,234184,234185,1,3
234181,234182,234184,2,1
234181,234184,234185,1,3
234181,234184,234186,2,3
234181,234184,234186,2,3
234181,234184,234185,1,3
234181,234184,234185,1,3
234181,234184,234185,1,3
234181,234184,234185,1,3
234181,234184,234186,2,3
234181,234184,234186,2,3
234181,234184,234185,1,3
234181,234185,234186,1,4
234181,234184,234185,1,3
234181,234184,234186,2,3
234181,234184,234186,2,3
234181,234184,234186,2,3
234181,234184,234186,2,3
234181,234184,234185,1,3
234181,234184,234186,2,3
234181,234184,234186,2,3
234181,234184,234186,2,3
234181,234184,234185,1,3
234181,234184,234185,1,3
234181,234185,234186,1,4
234181,234185,234186,1,4
234181,234184,234185,1,3
234181,234184,234185,1,3
234181,234184,234186,2,3
234181,234184,234186,2,3
234181,234184,234186,2,3
234181,234184,234185,1,3
234181,234184,234186,2,3
234181,234184,234186,2,3
234181,234184,234186,2,3
234181,234184,234185,1,3
234181,234184,234186,2,3
234181,234184,234186,2,3
234181,234184,234185,1,3
234181,234184,234186,2,3
234181,234184,234186,2,3
234181,234184,234186,2,3
234181,234184,234185,1,3
234181,234184,234186,2,3
234181,234184,234185,1,3
234181,234184,234185,1,3
234181,234184,234185,1,3
234181,234184,234186,2,3
234181,234184,234186,2,3
234181,234184,234186,2,3
234181,234184,234186,2,3
234181,234184,234185,1,3
234181,234184,234185,1,3
234181,234184,234186,2,3
234181,234184,234186,2,3
234181,234184,234185,1,3
234181,234184,234185,1,3
234181,234184,234187,3,3
234181,234185,234187,2,4
234181,234185,234187,2,4
234182,234186,234187,1,4
234181,234185,234187,2,4
234181,234185,234186,1,4
234181,234185,234187,2,4
234181,234185,234187,2,4
234181,234185,234187,2,4
234182,234186,234187,1,4
234181,234185,234186,1,4
234181,234185,234186,1,4
234181,234184,234186,2,3
234181,234185,234187,2,4
234181,234185,234187,2,4
234181,234185,234187,2,4
234181,234185,234187,2,4
234181,234185,234187,2,4
234182,234186,234187,1,4
234181,234185,234186,1,4
234181,234185,234186,1,4
234181,234185,234186,1,4
234181,234184,234186,2,3
234181,234185,234187,2,4
234181,234186,234187,1,5
234182,234186,234187,1,4
234182,234186,234187,1,4
234182,234186,234187,1,4
234181,234185,234187,2,4
234181,234186,234187,1,5
234182,234186,234187,1,4
234182,234186,234187,1,4
234182,234186,234187,1,4
234181,234185,234187,2,4
234182,234186,234187,1,4
234181,234185,234188,3,4
234182,234186,234188,2,4
234182,234186,234188,2,4
234182,234186,234188,2,4
234182,234186,234188,2,4
234182,234186,234188,2,4
234182,234186,234188,2,4
234182,234186,234188,2,4
234182,234186,234188,2,4
234182,234186,234188,2,4
234182,234186,234188,2,4
234182,234186,234188,2,4
234182,234186,234188,2,4
234182,234186,234188,2,4
234182,234186,234188,2,4
234181,234186,234188,2,5
234182,234186,234188,2,4
234182,234186,234188,2,4
234182,234187,234188,1,5
234182,234186,234188,2,4
234182,234186,234188,2,4
234181,234186,234188,2,5
234182,234186,234188,2,4
234182,234187,234188,1,5
234182,234187,234188,1,5
234182,234186,234189,3,4
234182,234186,234189,3,4
234089,234089,234193,104,0
234182,234186,234236,50,4
234263,234263,234264,1,0
234263,234263,234264,1,0
234263,234263,234264,1,0
234263,234263,234264,1,0
234263,234263,234264,1,0
234263,234263,234264,1,0
234263,234263,234264,1,0
234263,234263,234265,2,0
234263,234264,234265,1,1
234263,234263,234264,1,0
234263,234263,234264,1,0
234263,234263,234264,1,0
234263,234263,234265,2,0
234263,234263,234264,1,0
234263,234263,234264,1,0
234263,234263,234264,1,0
234263,234263,234265,2,0
234263,234263,234264,1,0
234263,234263,234265,2,0
234263,234263,234264,1,0
234263,234264,234265,1,1
234263,234263,234264,1,0
234263,234263,234264,1,0
234263,234263,234265,2,0
234263,234263,234265,2,0
234263,234264,234265,1,1
234263,234263,234265,2,0
234263,234263,234265,2,0
234263,234264,234265,1,1
234263,234264,234265,1,1
234263,234264,234265,1,1
234263,234265,234266,1,2
234264,234265,234266,1,1
234263,234263,234265,2,0
234263,234264,234265,1,1
234263,234264,234265,1,1
234263,234264,234265,1,1
234263,234265,234266,1,2
234264,234265,234266,1,1
234263,234263,234265,2,0
234263,234264,234265,1,1
234263,234264,234265,1,1
234263,234264,234265,1,1
234263,234264,234265,1,1
234264,234265,234266,1,1
234263,234263,234265,2,0
234263,234264,234265,1,1
234263,234264,234265,1,1
234264,234265,234266,1,1
234263,234263,234265,2,0
234263,234264,234265,1,1
234263,234264,234265,1,1
234263,234264,234265,1,1
234264,234265,234266,1,1
234264,234265,234266,1,1
234263,234263,234265,2,0
234263,234264,234265,1,1
234263,234264,234265,1,1
234263,234263,234265,2,0
234263,234264,234265,1,1
234263,234264,234265,1,1
234264,234265,234266,1,1
234263,234263,234265,2,0
234263,234264,234265,1,1
234263,234264,234265,1,1
234264,234265,234266,1,1
234263,234263,234265,2,0
234263,234264,234265,1,1
234263,234264,234265,1,1
234264,234265,234266,1,1
234263,234263,234265,2,0
234263,234264,234265,1,1
234263,234264,234265,1,1
234263,234264,234265,1,1
234263,234264,234266,2,1
234263,234265,234266,1,2
234263,234265,234267,2,2
234263,234265,234266,1,2
234263,234265,234266,1,2
234264,234265,234266,1,1
234264,234265,234266,1,1
234263,234265,234267,2,2
234263,234265,234266,1,2
234263,234265,234267,2,2
234263,234265,234266,1,2
234264,234266,234267,1,2
234264,234266,234267,1,2
234263,234265,234266,1,2
234263,234265,234266,1,2
234264,234265,234267,2,1
234264,234265,234267,2,1
234263,234265,234267,2,2
234263,234265,234266,1,2
234264,234265,234267,2,1
234264,234266,234267,1,2
234264,234265,234267,2,1
234264,234265,234267,2,1
234264,234265,234267,2,1
234264,234265,234267,2,1
234263,234265,234267,2,2
234263,234265,234267,2,2
234263,234265,234266,1,2
234263,234265,234266,1,2
234264,234266,234267,1,2
234263,234265,234266,1,2
234263,234265,234266,1,2
234264,234266,234267,1,2
234264,234266,234267,1,2
234263,234265,234266,1,2
234264,234266,234267,1,2
234264,234265,234267,2,1
234264,234266,234268,2,2
234264,234266,234268,2,2
234264,234266,234268,2,2
234264,234266,234268,2,2
234264,234266,234267,1,2
234264,234266,234267,1,2
234264,234266,234267,1,2
234264,234266,234268,2,2
234264,234266,234268,2,2
234264,234266,234268,2,2
234264,234266,234267,1,2
234264,234266,234267,1,2
234264,234266,234268,2,2
234264,234266,234268,2,2
234264,234266,234268,2,2
234264,234266,234268,2,2
234264,234266,234268,2,2
234264,234266,234268,2,2
234264,234266,234268,2,2
234264,234266,234268,2,2
234264,234266,234267,1,2
234263,234265,234267,2,2
234264,234266,234268,2,2
234264,234266,234268,2,2
234264,234266,234268,2,2
234264,234266,234268,2,2
234264,234266,234268,2,2
234264,234266,234267,1,2
234264,234266,234267,1,2
234264,234266,234268,2,2
234264,234266,234268,2,2
234264,234266,234267,1,2
234264,234266,234268,2,2
234264,234266,234268,2,2
234264,234266,234268,2,2
234264,234265,234268,3,1
234264,234266,234267,1,2
234264,234266,234268,2,2
234264,234266,234268,2,2
234264,234266,234268,2,2
234264,234266,234267,1,2
234264,234266,234269,3,2
234264,234266,234269,3,2
234345,234345,234346,1,0
234345,234345,234346,1,0
234345,234345,234346,1,0
234345,234345,234346,1,0
234345,234345,234346,1,0
234345,234345,234346,1,0
234345,234345,234346,1,0
234345,234345,234346,1,0
234345,234345,234346,1,0
234345,234345,234346,1,0
234345,234345,234346,1,0
234345,234345,234346,1,0
234345,234345,234346,1,0
234345,234345,234346,1,0
234345,234345,234346,1,0
234345,234345,234346,1,0
234345,234345,234346,1,0
234345,234345,234346,1,0
234345,234345,234346,1,0
234345,234345,234346,1,0
234345,234345,234346,1,0
234345,234345,234346,1,0
234345,234345,234346,1,0
234345,234345,234346,1,0
234345,234345,234347,2,0
234345,234345,234347,2,0
234345,234345,234347,2,0
234345,234345,234346,1,0
234345,234345,234346,1,0
234345,234345,234347,2,0
234345,234345,234346,1,0
234345,234345,234346,1,0
234345,234345,234347,2,0
234345,234345,234347,2,0
234345,234345,234347,2,0
234345,234345,234346,1,0
234345,234345,234347,2,0
234345,234345,234346,1,0
234345,234345,234347,2,0
234345,234345,234346,1,0
234345,234345,234347,2,0
234345,234345,234346,1,0
234345,234345,234346,1,0
234345,234345,234346,1,0
234345,234345,234346,1,0
234345,234345,234347,2,0
234345,234345,234347,2,0
234345,234345,234346,1,0
234345,234345,234346,1,0
234345,234345,234347,2,0
234345,234345,234346,1,0
234345,234345,234346,1,0
234345,234345,234347,2,0
234345,234345,234347,2,0
234345,234345,234347,2,0
234345,234345,234347,2,0
234345,234345,234347,2,0
234345,234345,234347,2,0
234345,234345,234347,2,0
234345,234345,234347,2,0
234345,234345,234348,3,0
234393,234393,234394,1,0
234393,234393,234394,1,0
234393,234393,234394,1,0
234393,234393,234394,1,0
234393,234393,234394,1,0
234393,234393,234394,1,0
234393,234393,234394,1,0
234393,234393,234394,1,0
234393,234393,234394,1,0
234393,234393,234394,1,0
234393,234393,234394,1,0
234393,234393,234394,1,0
234393,234393,234394,1,0
234393,234393,234394,1,0
234393,234393,234394,1,0
234393,234393,234394,1,0
234393,234393,234394,1,0
234393,234393,234395,2,0
234393,234393,234394,1,0
234393,234393,234394,1,0
234393,234393,234394,1,0
234393,234393,234395,2,0
234393,234393,234394,1,0
234393,234393,234394,1,0
234393,234393,234394,1,0
234393,234393,234394,1,0
234393,234393,234395,2,0
234393,234393,234394,1,0
234393,234393,234394,1,0
234393,234393,234394,1,0
234393,234393,234394,1,0
234393,234393,234395,2,0
234393,234393,234394,1,0
234393,234393,234395,2,0
234345,234345,234400,55,0
234425,234425,234426,1,0
234425,234425,234426,1,0
234425,234425,234426,1,0
234425,234425,234426,1,0
234425,234425,234426,1,0
234425,234425,234426,1,0
234425,234425,234426,1,0
234425,234425,234427,2,0
234425,234425,234426,1,0
234425,234425,234427,2,0
234425,234425,234427,2,0
234425,234425,234427,2,0
234425,234425,234427,2,0
234425,234425,234427,2,0
234425,234425,234427,2,0
234425,234425,234427,2,0
234425,234425,234427,2,0
234425,234426,234427,1,1
234425,234425,234427,2,0
234425,234425,234427,2,0
234425,234425,234427,2,0
234425,234425,234427,2,0
234425,234425,234427,2,0
234425,234425,234427,2,0
234425,234425,234427,2,0
234425,234425,234427,2,0
234425,234426,234427,1,1
234425,234426,234427,1,1
234425,234426,234427,1,1
234425,234426,234427,1,1
234425,234425,234428,3,0
234425,234426,234427,1,1
234425,234425,234427,2,0
234425,234425,234428,3,0
234393,234393,234445,52,0
234459,234459,234460,1,0
234459,234459,234460,1,0
234459,234459,234460,1,0
234459,234459,234460,1,0
234459,234459,234460,1,0
234459,234459,234460,1,0
234459,234459,234460,1,0
234459,234459,234460,1,0
234459,234459,234460,1,0
234459,234459,234460,1,0
234459,234459,234460,1,0
234459,234459,234460,1,0
234459,234459,234460,1,0
234459,234459,234460,1,0
234459,234459,234460,1,0
234459,234459,234460,1,0
234459,234459,234460,1,0
234459,234459,234460,1,0
234459,234459,234460,1,0
234459,234459,234460,1,0
234459,234459,234461,2,0
234459,234459,234461,2,0
234459,234459,234460,1,0
234459,234459,234460,1,0
234459,234459,234460,1,0
234459,234459,234460,1,0
234459,234459,234460,1,0
234459,234459,234460,1,0
234459,234459,234460,1,0
234459,234459,234460,1,0
234459,234459,234460,1,0
234459,234459,234460,1,0
234459,234459,234461,2,0
234459,234459,234461,2,0
234476,234476,234477,1,0
234476,234476,234477,1,0
234476,234476,234477,1,0
234476,234476,234477,1,0
234476,234476,234477,1,0
234476,234476,234477,1,0
234476,234476,234477,1,0
234476,234476,234477,1,0
234476,234476,234477,1,0
234476,234476,234477,1,0
234476,234476,234477,1,0
234476,234476,234477,1,0
234476,234476,234477,1,0
234476,234476,234478,2,0
234476,234476,234477,1,0
234476,234476,234477,1,0
234476,234476,234477,1,0
234476,234476,234478,2,0
234476,234476,234477,1,0
234476,234476,234477,1,0
234476,234476,234478,2,0
234476,234476,234477,1,0
234476,234476,234477,1,0
234476,234476,234477,1,0
234476,234476,234477,1,0
234476,234476,234478,2,0
234476,234476,234477,1,0
234476,234476,234477,1,0
234476,234476,234477,1,0
234476,234476,234477,1,0
234476,234476,234477,1,0
234426,234426,234479,53,0
234494,234494,234495,1,0
234494,234494,234495,1,0
234494,234494,234495,1,0
234494,234494,234495,1,0
234494,234494,234495,1,0
234494,234494,234495,1,0
234494,234494,234495,1,0
234494,234494,234495,1,0
234494,234494,234495,1,0
234494,234494,234496,2,0
234494,234494,234495,1,0
234494,234494,234495,1,0
234494,234494,234495,1,0
234494,234494,234495,1,0
234494,234494,234495,1,0
234494,234494,234495,1,0
234494,234494,234496,2,0
234494,234494,234496,2,0
234494,234494,234495,1,0
234494,234494,234496,2,0
234494,234494,234495,1,0
234494,234494,234495,1,0
234494,234494,234495,1,0
234494,234494,234495,1,0
234494,234494,234496,2,0
234494,234494,234495,1,0
234494,234494,234496,2,0
234494,234494,234495,1,0
234494,234494,234495,1,0
234494,234494,234496,2,0
234494,234494,234495,1,0
234494,234494,234495,1,0
234494,234494,234495,1,0
234494,234494,234495,1,0
234476,234476,234524,48,0
234529,234529,234530,1,0
234529,234529,234530,1,0
234529,234529,234530,1,0
234529,234529,234530,1,0
234529,234529,234530,1,0
234529,234529,234530,1,0
234529,234529,234530,1,0
234529,234529,234530,1,0
234529,234529,234530,1,0
234529,234529,234530,1,0
234529,234529,234530,1,0
234529,234529,234530,1,0
234529,234529,234531,2,0
234529,234529,234531,2,0
234529,234529,234530,1,0
234529,234529,234531,2,0
234529,234529,234531,2,0
234529,234529,234531,2,0
234529,234529,234531,2,0
234529,234529,234531,2,0
234529,234529,234531,2,0
234529,234529,234531,2,0
234529,234529,234531,2,0
234529,234529,234531,2,0
234529,234529,234531,2,0
234529,234529,234531,2,0
234529,234529,234531,2,0
234529,234529,234531,2,0
234529,234529,234531,2,0
234529,234529,234531,2,0
234529,234529,234531,2,0
234529,234529,234531,2,0
234529,234529,234531,2,0
234529,234529,234531,2,0
234512,234512,234567,55,0
234569,234569,234570,1,0
234569,234569,234570,1,0
234569,234569,234570,1,0
234569,234569,234570,1,0
234569,234569,234570,1,0
234569,234569,234570,1,0
234569,234569,234570,1,0
234569,234569,234570,1,0
234569,234569,234570,1,0
234569,234569,234570,1,0
234569,234569,234570,1,0
234569,234569,234570,1,0
234569,234569,234570,1,0
234569,234569,234570,1,0
234569,234569,234570,1,0
234569,234569,234570,1,0
234569,234569,234571,2,0
234569,234569,234570,1,0
234569,234569,234570,1,0
234569,234569,234571,2,0
234569,234569,234570,1,0
234569,234569,234571,2,0
234569,234569,234570,1,0
234569,234569,234570,1,0
234569,234569,234570,1,0
234569,234569,234570,1,0
234569,234569,234570,1,0
234569,234569,234570,1,0
234569,234569,234570,1,0
234569,234569,234570,1,0
234569,234571,234572,1,2
234569,234571,234572,1,2
234530,234530,234580,50,0
234532,234532,234583,51,0
234531,234531,234589,58,0
234591,234591,234592,1,0
234590,234591,234592,1,1
234590,234591,234592,1,1
234590,234591,234592,1,1
234591,234591,234592,1,0
234590,234591,234592,1,1
234591,234591,234592,1,0
234590,234591,234592,1,1
234590,234592,234593,1,2
234591,234592,234593,1,1
234590,234591,234592,1,1
234590,234591,234592,1,1
234590,234591,234593,2,1
234590,234591,234592,1,1
234592,234592,234593,1,0
234590,234591,234592,1,1
234590,234591,234592,1,1
234591,234591,234592,1,0
234591,234591,234592,1,0
234591,234591,234592,1,0
234591,234591,234592,1,0
234592,234592,234593,1,0
234590,234591,234592,1,1
234590,234591,234592,1,1
234591,234591,234592,1,0
234591,234591,234593,2,0
234591,234591,234592,1,0
234591,234591,234592,1,0
234592,234592,234593,1,0
234590,234591,234592,1,1
234591,234591,234592,1,0
234591,234591,234592,1,0
234591,234591,234592,1,0
234591,234591,234592,1,0
234591,234591,234592,1,0
234590,234591,234592,1,1
234590,234591,234592,1,1
234591,234591,234592,1,0
234591,234591,234592,1,0
234591,234591,234592,1,0
234592,234592,234593,1,0
234590,234591,234592,1,1
234591,234591,234592,1,0
234592,234592,234593,1,0
234592,234592,234593,1,0
234592,234592,234593,1,0
234592,234592,234593,1,0
234590,234591,234592,1,1
234591,234591,234592,1,0
234591,234591,234593,2,0
234591,234591,234592,1,0
234591,234591,234592,1,0
234592,234592,234593,1,0
234590,234591,234592,1,1
234590,234591,234592,1,1
234591,234591,234592,1,0
234591,234591,234593,2,0
234591,234591,234592,1,0
234591,234591,234592,1,0
234592,234592,234593,1,0
234592,234592,234593,1,0
234592,234592,234593,1,0
234590,234592,234594,2,2
234590,234592,234593,1,2
234590,234592,234593,1,2
234592,234593,234594,1,1
234592,234592,234594,2,0
234592,234592,234594,2,0
234592,234592,234594,2,0
234592,234592,234594,2,0
234592,234592,234594,2,0
234592,234592,234594,2,0
234592,234592,234594,2,0
234592,234594,234595,1,2
234592,234593,234595,2,1
234592,234594,234595,1,2
234592,234594,234595,1,2
234592,234594,234595,1,2
234592,234594,234595,1,2
234592,234594,234595,1,2
234592,234594,234595,1,2
234592,234594,234595,1,2
234592,234594,234595,1,2
234592,234594,234595,1,2
234592,234594,234595,1,2
234592,234594,234595,1,2
234592,234594,234595,1,2
234553,234553,234606,53,0
234555,234555,234608,53,0
234590,234591,234608,17,1
234557,234557,234609,52,0
234590,234591,234609,18,1
234590,234591,234610,19,1
234590,234591,234609,18,1
234559,234559,234611,52,0
234612,234612,234613,1,0
234612,234612,234613,1,0
234612,234612,234613,1,0
234612,234612,234613,1,0
234612,234612,234613,1,0
234612,234612,234613,1,0
234612,234612,234613,1,0
234612,234612,234613,1,0
234612,234612,234613,1,0
234612,234612,234613,1,0
234612,234612,234613,1,0
234612,234612,234613,1,0
234612,234612,234613,1,0
234612,234612,234613,1,0
234612,234612,234613,1,0
234612,234612,234613,1,0
234612,234612,234613,1,0
234612,234612,234613,1,0
234612,234612,234613,1,0
234612,234612,234613,1,0
234612,234612,234613,1,0
234612,234612,234613,1,0
234612,234612,234613,1,0
234612,234612,234613,1,0
234612,234612,234613,1,0
234612,234612,234613,1,0
234612,234612,234613,1,0
234612,234612,234613,1,0
234612,234612,234613,1,0
234612,234612,234613,1,0
234612,234612,234613,1,0
234612,234612,234613,1,0
234612,234612,234613,1,0
234552,234552,234614,62,0
234612,234612,234613,1,0
234612,234612,234614,2,0
234612,234612,234614,2,0
234612,234612,234614,2,0
234612,234612,234613,1,0
234612,234612,234614,2,0
234612,234612,234614,2,0
234612,234612,234614,2,0
234612,234612,234613,1,0
234612,234612,234613,1,0
234612,234612,234614,2,0
234612,234612,234614,2,0
234612,234612,234613,1,0
234612,234612,234614,2,0
234612,234612,234614,2,0
234612,234612,234613,1,0
234612,234612,234614,2,0
234612,234612,234613,1,0
234612,234612,234613,1,0
234612,234612,234613,1,0
234612,234612,234614,2,0
234612,234612,234614,2,0
234612,234612,234614,2,0
234612,234612,234614,2,0
234612,234612,234613,1,0
234612,234612,234614,2,0
234612,234612,234614,2,0
234612,234612,234614,2,0
234612,234612,234613,1,0
234612,234612,234613,1,0
234612,234612,234614,2,0
234612,234612,234614,2,0
234612,234612,234614,2,0
234612,234612,234614,2,0
234612,234612,234614,2,0
234563,234563,234614,51,0
234561,234561,234618,57,0
234571,234571,234618,47,0
234568,234568,234622,54,0
234567,234567,234625,58,0
234564,234564,234627,63,0
234593,234594,234641,47,1
234647,234647,234648,1,0
234647,234647,234648,1,0
234647,234647,234648,1,0
234647,234647,234648,1,0
234647,234647,234648,1,0
234647,234647,234648,1,0
234647,234647,234648,1,0
234647,234647,234648,1,0
234647,234647,234648,1,0
234647,234647,234648,1,0
234647,234647,234648,1,0
234647,234647,234648,1,0
234647,234647,234648,1,0
234647,234647,234648,1,0
234647,234647,234648,1,0
234647,234647,234648,1,0
234647,234647,234648,1,0
234647,234647,234648,1,0
234647,234647,234648,1,0
234647,234647,234648,1,0
234647,234647,234648,1,0
234647,234647,234648,1,0
234647,234647,234648,1,0
234647,234647,234648,1,0
234647,234647,234648,1,0
234647,234647,234648,1,0
234647,234647,234648,1,0
234647,234647,234648,1,0
234647,234647,234648,1,0
234647,234647,234648,1,0
234647,234647,234648,1,0
234647,234647,234648,1,0
234647,234647,234648,1,0
234647,234647,234648,1,0
234647,234647,234648,1,0
234647,234647,234648,1,0
234647,234647,234648,1,0
234647,234647,234648,1,0
234647,234647,234648,1,0
234647,234647,234648,1,0
234647,234647,234648,1,0
234647,234647,234648,1,0
234647,234647,234649,2,0
234647,234647,234649,2,0
234647,234647,234649,2,0
234647,234647,234648,1,0
234647,234647,234648,1,0
234647,234647,234649,2,0
234647,234647,234648,1,0
234647,234648,234649,1,1
234647,234647,234648,1,0
234647,234647,234649,2,0
234647,234647,234649,2,0
234647,234647,234649,2,0
234647,234647,234648,1,0
234647,234647,234649,2,0
234647,234647,234648,1,0
234647,234648,234649,1,1
234647,234647,234649,2,0
234647,234647,234648,1,0
234647,234647,234649,2,0
234647,234647,234648,1,0
234647,234647,234648,1,0
234647,234647,234649,2,0
234647,234647,234649,2,0
234647,234647,234649,2,0
234647,234649,234650,1,2
234647,234647,234649,2,0
234647,234647,234649,2,0
234647,234647,234649,2,0
234647,234647,234649,2,0
234647,234647,234649,2,0
234647,234647,234649,2,0
234647,234648,234650,2,1
234647,234648,234650,2,1
234647,234647,234649,2,0
234647,234647,234649,2,0
234647,234648,234650,2,1
234647,234648,234650,2,1
234647,234649,234651,2,2
234647,234648,234650,2,1
234647,234649,234650,1,2
234647,234650,234651,1,3
234647,234648,234650,2,1
234647,234648,234650,2,1
234647,234649,234650,1,2
234647,234648,234650,2,1
234647,234649,234650,1,2
234647,234650,234651,1,3
234647,234650,234651,1,3
234647,234648,234650,2,1
234647,234648,234650,2,1
234647,234648,234650,2,1
234647,234648,234650,2,1
234647,234649,234650,1,2
234647,234649,234650,1,2
234647,234649,234650,1,2
234647,234649,234650,1,2
234647,234648,234650,2,1
234647,234648,234650,2,1
234647,234649,234650,1,2
234647,234649,234650,1,2
234647,234649,234651,2,2
234647,234648,234650,2,1
234647,234648,234650,2,1
234647,234649,234650,1,2
234647,234649,234650,1,2
234647,234649,234650,1,2
234647,234648,234650,2,1
234647,234650,234651,1,3
234647,234648,234650,2,1
234647,234648,234650,2,1
234647,234648,234650,2,1
234647,234649,234650,1,2
234647,234649,234650,1,2
234647,234650,234651,1,3
234647,234650,234651,1,3
234647,234650,234651,1,3
234647,234650,234651,1,3
234647,234650,234651,1,3
234647,234650,234651,1,3
234647,234650,234651,1,3
234647,234650,234652,2,3
234647,234650,234651,1,3
234647,234650,234651,1,3
234647,234650,234651,1,3
234647,234650,234652,2,3
234647,234650,234652,2,3
234647,234650,234651,1,3
234647,234650,234651,1,3
234647,234650,234651,1,3
234647,234650,234651,1,3
234647,234650,234651,1,3
234647,234650,234651,1,3
234647,234650,234651,1,3
234647,234650,234651,1,3
234647,234651,234652,1,4
234647,234650,234651,1,3
234647,234650,234652,2,3
234647,234650,234651,1,3
234647,234651,234652,1,4
234647,234650,234651,1,3
234647,234650,234651,1,3
234647,234650,234651,1,3
234647,234651,234652,1,4
234647,234650,234651,1,3
234647,234650,234651,1,3
234647,234650,234651,1,3
234647,234651,234652,1,4
234647,234650,234651,1,3
234647,234650,234651,1,3
234647,234651,234652,1,4
234647,234651,234652,1,4
234647,234650,234651,1,3
234647,234650,234651,1,3
234647,234650,234651,1,3
234647,234651,234652,1,4
234647,234651,234652,1,4
234647,234651,234653,2,4
234647,234650,234652,2,3
234647,234651,234652,1,4
234647,234651,234653,2,4
234647,234651,234652,1,4
234647,234651,234653,2,4
234647,234651,234652,1,4
234647,234651,234653,2,4
234647,234651,234653,2,4
234647,234651,234652,1,4
234647,234651,234653,2,4
234647,234651,234652,1,4
234647,234651,234653,2,4
234647,234651,234652,1,4
234647,234651,234652,1,4
234647,234651,234652,1,4
234647,234651,234652,1,4
234647,234651,234652,1,4
234647,234651,234653,2,4
234647,234651,234653,2,4
234647,234651,234653,2,4
234647,234651,234653,2,4
234647,234651,234652,1,4
234647,234651,234652,1,4
234647,234651,234653,2,4
234573,234573,234657,84,0
234648,234651,234699,48,3
234714,234714,234715,1,0
234714,234714,234715,1,0
234714,234714,234715,1,0
234714,234714,234715,1,0
234714,234714,234715,1,0
234714,234714,234715,1,0
234714,234714,234715,1,0
234714,234714,234715,1,0
234714,234714,234715,1,0
234714,234714,234715,1,0
234714,234714,234715,1,0
234714,234714,234715,1,0
234714,234714,234715,1,0
234714,234714,234715,1,0
234714,234714,234715,1,0
234714,234714,234715,1,0
234714,234714,234715,1,0
234714,234714,234715,1,0
234714,234714,234715,1,0
234714,234714,234715,1,0
234714,234714,234715,1,0
234714,234714,234715,1,0
234714,234714,234715,1,0
234714,234714,234715,1,0
234714,234714,234715,1,0
234714,234714,234715,1,0
234714,234714,234715,1,0
234714,234714,234715,1,0
234714,234714,234715,1,0
234714,234714,234715,1,0
234714,234714,234715,1,0
234714,234714,234715,1,0
234714,234714,234715,1,0
234714,234714,234715,1,0
234714,234714,234716,2,0
234714,234714,234715,1,0
234714,234714,234716,2,0
234714,234714,234715,1,0
234714,234714,234716,2,0
234714,234714,234715,1,0
234714,234714,234715,1,0
234714,234714,234715,1,0
234714,234714,234715,1,0
234714,234714,234715,1,0
234714,234714,234715,1,0
234714,234714,234716,2,0
234714,234714,234715,1,0
234714,234714,234715,1,0
234714,234714,234715,1,0
234714,234714,234715,1,0
234714,234714,234715,1,0
234714,234715,234716,1,1
234714,234714,234715,1,0
234714,234714,234715,1,0
234714,234714,234715,1,0
234714,234714,234715,1,0
234714,234714,234716,2,0
234714,234714,234716,2,0
234714,234714,234716,2,0
234714,234714,234716,2,0
234714,234714,234715,1,0
234714,234714,234716,2,0
234714,234714,234715,1,0
234714,234714,234716,2,0
234714,234714,234716,2,0
234714,234714,234715,1,0
234714,234714,234715,1,0
234714,234714,234715,1,0
234714,234714,234715,1,0
234714,234714,234715,1,0
234714,234714,234716,2,0
234714,234714,234715,1,0
234714,234715,234717,2,1
234714,234715,234717,2,1
234714,234715,234716,1,1
234714,234715,234717,2,1
234714,234715,234716,1,1
234714,234715,234716,1,1
234714,234714,234717,3,0
234714,234715,234717,2,1
234714,234715,234716,1,1
234714,234715,234717,2,1
234714,234715,234716,1,1
234714,234715,234717,2,1
234714,234715,234717,2,1
234714,234715,234716,1,1
234714,234715,234717,2,1
234714,234715,234717,2,1
234714,234715,234717,2,1
234714,234715,234716,1,1
234714,234715,234717,2,1
234714,234715,234717,2,1
234714,234715,234717,2,1
234714,234715,234716,1,1
234777,234777,234778,1,0
234777,234777,234778,1,0
234777,234777,234778,1,0
234777,234777,234778,1,0
234777,234777,234778,1,0
234777,234777,234778,1,0
234777,234777,234778,1,0
234777,234777,234778,1,0
234777,234777,234778,1,0
234777,234777,234778,1,0
234777,234777,234778,1,0
234777,234777,234778,1,0
234777,234777,234778,1,0
234777,234777,234778,1,0
234777,234777,234778,1,0
234777,234777,234778,1,0
234777,234777,234778,1,0
234777,234777,234778,1,0
234777,234777,234778,1,0
234777,234777,234778,1,0
234777,234777,234778,1,0
234777,234777,234779,2,0
234777,234777,234778,1,0
234777,234777,234778,1,0
234777,234777,234778,1,0
234777,234777,234779,2,0
234777,234777,234778,1,0
234777,234777,234778,1,0
234777,234777,234779,2,0
234777,234777,234779,2,0
234777,234777,234779,2,0
234777,234777,234778,1,0
234777,234777,234778,1,0
234777,234777,234778,1,0
234777,234777,234778,1,0
234777,234777,234779,2,0
234777,234777,234778,1,0
234777,234777,234779,2,0
234777,234777,234778,1,0
234777,234777,234779,2,0
234777,234777,234779,2,0
234777,234777,234778,1,0
234777,234777,234779,2,0
234777,234777,234778,1,0
234777,234777,234779,2,0
234777,234777,234779,2,0
234777,234777,234778,1,0
234777,234777,234778,1,0
234777,234777,234779,2,0
234777,234777,234779,2,0
234777,234777,234778,1,0
234777,234777,234779,2,0
234777,234777,234779,2,0
234777,234777,234779,2,0
234777,234777,234779,2,0
234777,234777,234779,2,0
234777,234777,234779,2,0
234777,234777,234779,2,0
234777,234777,234779,2,0
234777,234777,234779,2,0
234777,234777,234822,45,0
234824,234824,234825,1,0
234824,234824,234825,1,0
234824,234824,234825,1,0
234824,234824,234825,1,0
234824,234824,234825,1,0
234824,234824,234825,1,0
234824,234824,234825,1,0
234824,234824,234825,1,0
234824,234824,234825,1,0
234824,234824,234825,1,0
234824,234824,234825,1,0
234824,234824,234825,1,0
234824,234824,234826,2,0
234824,234824,234826,2,0
234824,234824,234826,2,0
234824,234824,234825,1,0
234824,234824,234826,2,0
234824,234824,234825,1,0
234824,234824,234826,2,0
234824,234824,234825,1,0
234824,234824,234825,1,0
234824,234824,234825,1,0
234824,234824,234825,1,0
234824,234824,234825,1,0
234824,234824,234826,2,0
234824,234824,234825,1,0
234824,234824,234825,1,0
234824,234824,234825,1,0
234824,234824,234825,1,0
234824,234824,234825,1,0
234824,234824,234826,2,0
234824,234824,234825,1,0
234824,234824,234825,1,0
234824,234824,234825,1,0
234857,234857,234858,1,0
234857,234857,234858,1,0
234857,234857,234858,1,0
234857,234857,234858,1,0
234857,234857,234858,1,0
234857,234857,234858,1,0
234857,234857,234858,1,0
234857,234857,234858,1,0
234857,234857,234858,1,0
234857,234857,234859,2,0
234857,234857,234859,2,0
234857,234857,234859,2,0
234857,234857,234859,2,0
234857,234857,234858,1,0
234857,234857,234859,2,0
234857,234857,234859,2,0
234857,234857,234859,2,0
234857,234857,234859,2,0
234857,234857,234859,2,0
234857,234857,234859,2,0
234857,234857,234859,2,0
234857,234857,234859,2,0
234857,234857,234859,2,0
234857,234857,234858,1,0
234857,234857,234859,2,0
234857,234857,234859,2,0
234857,234857,234859,2,0
234857,234857,234859,2,0
234857,234857,234859,2,0
234857,234857,234859,2,0
234857,234857,234859,2,0
234857,234857,234859,2,0
234857,234857,234860,3,0
234857,234857,234860,3,0
234824,234824,234881,57,0
234893,234893,234894,1,0
234893,234893,234894,1,0
234893,234893,234894,1,0
234893,234893,234894,1,0
234893,234893,234894,1,0
234893,234893,234894,1,0
234893,234893,234894,1,0
234893,234893,234894,1,0
234893,234893,234894,1,0
234893,234893,234894,1,0
234893,234893,234894,1,0
234893,234893,234894,1,0
234893,234893,234894,1,0
234893,234893,234894,1,0
234893,234893,234894,1,0
234893,234893,234894,1,0
234893,234893,234894,1,0
234893,234893,234894,1,0
234893,234893,234894,1,0
234893,234893,234894,1,0
234893,234893,234894,1,0
234893,234893,234894,1,0
234893,234893,234894,1,0
234893,234893,234894,1,0
234893,234893,234894,1,0
234893,234893,234894,1,0
234858,234858,234919,61,0
234920,234920,234921,1,0
234920,234920,234921,1,0
234920,234920,234921,1,0
234920,234920,234921,1,0
234920,234920,234921,1,0
234920,234920,234921,1,0
234920,234920,234921,1,0
234920,234920,234921,1,0
234920,234920,234921,1,0
234920,234920,234921,1,0
234920,234920,234921,1,0
234920,234920,234921,1,0
234920,234920,234921,1,0
234920,234920,234921,1,0
234920,234920,234921,1,0
234920,234920,234921,1,0
234920,234920,234921,1,0
234920,234920,234921,1,0
234920,234920,234921,1,0
234920,234920,234921,1,0
234920,234920,234921,1,0
234920,234920,234921,1,0
234920,234920,234921,1,0
234920,234920,234921,1,0
234920,234920,234921,1,0
234920,234920,234921,1,0
234920,234920,234921,1,0
234920,234920,234921,1,0
234920,234920,234922,2,0
234874,234874,234928,54,0
234894,234894,234937,43,0
234940,234940,234941,1,0
234940,234940,234941,1,0
234940,234940,234941,1,0
234940,234940,234941,1,0
234940,234940,234941,1,0
234940,234940,234941,1,0
234940,234940,234941,1,0
234940,234940,234942,2,0
234940,234940,234942,2,0
234940,234940,234942,2,0
234940,234940,234942,2,0
234940,234940,234942,2,0
234940,234940,234941,1,0
234940,234941,234942,1,1
234940,234940,234942,2,0
234940,234940,234942,2,0
234940,234940,234942,2,0
234940,234940,234941,1,0
234940,234940,234942,2,0
234940,234940,234942,2,0
234942,234942,234943,1,0
234940,234941,234942,1,1
234940,234941,234942,1,1
234942,234942,234943,1,0
234940,234940,234942,2,0
234940,234940,234942,2,0
234942,234942,234943,1,0
234940,234940,234942,2,0
234942,234942,234943,1,0
234942,234942,234943,1,0
234940,234940,234942,2,0
234942,234942,234943,1,0
234940,234940,234942,2,0
234940,234940,234942,2,0
234942,234942,234943,1,0
234940,234940,234942,2,0
234942,234942,234943,1,0
234940,234940,234942,2,0
234940,234940,234942,2,0
234940,234940,234942,2,0
234942,234942,234943,1,0
234940,234940,234943,3,0
234942,234942,234943,1,0
234942,234942,234943,1,0
234942,234942,234944,2,0
234942,234942,234943,1,0
234942,234942,234943,1,0
234942,234942,234943,1,0
234942,234942,234944,2,0
234942,234942,234943,1,0
234942,234942,234943,1,0
234942,234942,234943,1,0
234942,234942,234943,1,0
234942,234942,234944,2,0
234942,234942,234943,1,0
234942,234942,234943,1,0
234942,234942,234943,1,0
234942,234942,234943,1,0
234942,234942,234943,1,0
234942,234942,234943,1,0
234942,234942,234943,1,0
234942,234942,234943,1,0
234942,234942,234943,1,0
234942,234942,234944,2,0
234942,234942,234943,1,0
234942,234942,234943,1,0
234942,234942,234944,2,0
234917,234917,234961,44,0
234962,234962,234963,1,0
234962,234962,234963,1,0
234962,234962,234963,1,0
234962,234962,234963,1,0
234962,234962,234963,1,0
234962,234962,234963,1,0
234962,234962,234963,1,0
234962,234962,234963,1,0
234962,234962,234963,1,0
234962,234962,234964,2,0
234962,234962,234963,1,0
234962,234962,234963,1,0
234962,234962,234964,2,0
234962,234962,234964,2,0
234962,234962,234963,1,0
234962,234962,234964,2,0
234962,234962,234963,1,0
234962,234962,234963,1,0
234962,234962,234963,1,0
234962,234962,234963,1,0
234962,234962,234964,2,0
234962,234962,234963,1,0
234962,234962,234963,1,0
234962,234962,234964,2,0
234962,234962,234963,1,0
234962,234962,234964,2,0
234962,234962,234964,2,0
234962,234962,234963,1,0
234962,234962,234964,2,0
234962,234962,234964,2,0
234962,234962,234963,1,0
234962,234962,234964,2,0
234962,234962,234964,2,0
234962,234962,234964,2,0
234912,234913,234968,55,1
234915,234915,234969,54,0
234920,234920,234973,53,0
234919,234919,234974,55,0
234923,234923,234977,54,0
234980,234980,234981,1,0
234980,234980,234981,1,0
234980,234980,234981,1,0
234980,234980,234981,1,0
234980,234980,234981,1,0
234980,234980,234981,1,0
234980,234980,234981,1,0
234980,234981,234982,1,1
234980,234980,234981,1,0
234980,234980,234982,2,0
234980,234980,234982,2,0
234980,234981,234982,1,1
234980,234980,234981,1,0
234980,234980,234982,2,0
234980,234980,234982,2,0
234980,234980,234981,1,0
234980,234980,234981,1,0
234980,234980,234982,2,0
234980,234980,234981,1,0
234980,234980,234982,2,0
234980,234981,234982,1,1
234980,234980,234981,1,0
234980,234980,234982,2,0
234980,234980,234981,1,0
234980,234981,234982,1,1
234980,234980,234981,1,0
234980,234981,234982,1,1
234980,234980,234982,2,0
234980,234981,234983,2,1
234980,234981,234982,1,1
234980,234981,234982,1,1
234980,234981,234983,2,1
234980,234981,234982,1,1
234980,234981,234982,1,1
234980,234980,234983,3,0
234980,234981,234982,1,1
234980,234981,234982,1,1
234980,234981,234982,1,1
234980,234981,234983,2,1
234980,234980,234982,2,0
234980,234980,234982,2,0
234980,234981,234982,1,1
234980,234981,234982,1,1
234980,234980,234982,2,0
234980,234980,234982,2,0
234980,234981,234982,1,1
234980,234981,234982,1,1
234980,234980,234982,2,0
234980,234980,234982,2,0
234980,234981,234982,1,1
234980,234981,234982,1,1
234980,234981,234982,1,1
234980,234982,234983,1,2
234980,234980,234983,3,0
234980,234981,234982,1,1
234980,234981,234982,1,1
234980,234981,234982,1,1
234980,234981,234982,1,1
234980,234980,234982,2,0
234980,234981,234982,1,1
234980,234981,234982,1,1
234980,234980,234982,2,0
234980,234980,234982,2,0
234980,234981,234982,1,1
234980,234981,234982,1,1
234980,234981,234982,1,1
234980,234982,234983,1,2
234980,234982,234983,1,2
234980,234982,234983,1,2
234980,234982,234984,2,2
234980,234982,234983,1,2
234980,234982,234984,2,2
234980,234982,234983,1,2
234980,234982,234984,2,2
234980,234982,234983,1,2
234980,234982,234984,2,2
234980,234982,234984,2,2
234980,234982,234983,1,2
234980,234982,234983,1,2
234980,234981,234983,2,1
234980,234982,234984,2,2
234980,234982,234983,1,2
234980,234982,234983,1,2
234980,234982,234984,2,2
234980,234982,234983,1,2
234980,234982,234983,1,2
234980,234982,234983,1,2
234980,234982,234985,3,2
234980,234982,234984,2,2
234980,234982,234984,2,2
234941,234941,234989,48,0
234944,234944,235000,56,0
235017,235017,235018,1,0
235017,235017,235018,1,0
235017,235017,235018,1,0
235017,235017,235018,1,0
235017,235017,235018,1,0
235017,235017,235018,1,0
235017,235017,235018,1,0
235017,235017,235018,1,0
235017,235017,235018,1,0
235017,235017,235018,1,0
235017,235017,235018,1,0
235017,235017,235018,1,0
235017,235017,235018,1,0
235017,235017,235018,1,0
235017,235017,235018,1,0
235017,235017,235018,1,0
235017,235017,235018,1,0
235017,235017,235018,1,0
235017,235017,235018,1,0
235017,235017,235018,1,0
235017,235017,235018,1,0
235017,235017,235018,1,0
235017,235017,235019,2,0
235017,235017,235019,2,0
235017,235017,235019,2,0
235017,235017,235018,1,0
235017,235017,235019,2,0
235017,235017,235019,2,0
235017,235017,235018,1,0
235017,235017,235019,2,0
235017,235017,235019,2,0
235017,235017,235019,2,0
235017,235017,235019,2,0
235017,235017,235019,2,0
235017,235017,235018,1,0
235017,235017,235018,1,0
235017,235017,235019,2,0
235017,235017,235019,2,0
235017,235017,235019,2,0
235017,235017,235018,1,0
235017,235017,235018,1,0
235017,235017,235019,2,0
235017,235017,235019,2,0
235017,235017,235019,2,0
235017,235017,235019,2,0
235017,235017,235018,1,0
235017,235017,235019,2,0
235017,235017,235019,2,0
235017,235017,235018,1,0
235017,235017,235019,2,0
235017,235017,235019,2,0
235017,235017,235018,1,0
235017,235017,235019,2,0
235017,235017,235018,1,0
235017,235017,235019,2,0
235017,235017,235019,2,0
235017,235017,235018,1,0
235017,235017,235019,2,0
235017,235017,235019,2,0
235017,235017,235019,2,0
235017,235017,235018,1,0
235017,235017,235019,2,0
235017,235017,235019,2,0
235017,235017,235019,2,0
235017,235017,235020,3,0
235017,235017,235020,3,0
234981,234982,235027,45,1
235052,235052,235053,1,0
235052,235052,235053,1,0
235052,235052,235053,1,0
235052,235052,235053,1,0
235052,235052,235053,1,0
235052,235052,235053,1,0
235052,235052,235053,1,0
235052,235052,235053,1,0
235052,235052,235053,1,0
235052,235052,235053,1,0
235052,235052,235053,1,0
235052,235052,235053,1,0
235052,235052,235053,1,0
235052,235052,235053,1,0
235052,235052,235053,1,0
235052,235052,235053,1,0
235052,235052,235053,1,0
235052,235052,235053,1,0
235052,235052,235053,1,0
235052,235052,235053,1,0
235052,235052,235053,1,0
235052,235052,235053,1,0
235052,235052,235053,1,0
235052,235052,235053,1,0
235052,235052,235053,1,0
235052,235052,235053,1,0
235052,235052,235053,1,0
235052,235052,235053,1,0
235052,235052,235053,1,0
235052,235052,235053,1,0
235052,235052,235053,1,0
235052,235052,235053,1,0
235052,235052,235053,1,0
235052,235052,235054,2,0
235052,235052,235053,1,0
235052,235052,235054,2,0
235052,235052,235054,2,0
235052,235052,235054,2,0
235052,235052,235054,2,0
235052,235052,235053,1,0
235052,235052,235054,2,0
235052,235052,235053,1,0
235052,235052,235054,2,0
235052,235052,235054,2,0
235052,235052,235053,1,0
235052,235052,235054,2,0
235052,235052,235054,2,0
235052,235052,235054,2,0
235052,235052,235053,1,0
235052,235052,235054,2,0
235052,235052,235054,2,0
235052,235052,235054,2,0
235052,235052,235053,1,0
235052,235052,235054,2,0
235052,235052,235053,1,0
235052,235052,235054,2,0
235052,235052,235054,2,0
235052,235052,235054,2,0
235052,235052,235054,2,0
235052,235052,235054,2,0
235052,235052,235054,2,0
235052,235052,235054,2,0
235052,235052,235054,2,0
235052,235052,235054,2,0
235052,235052,235054,2,0
235052,235052,235054,2,0
235052,235052,235054,2,0
235052,235052,235055,3,0
235017,235017,235065,48,0
235086,235087,235088,1,1
235086,235087,235088,1,1
235086,235087,235088,1,1
235086,235087,235088,1,1
235086,235087,235088,1,1
235086,235087,235088,1,1
235086,235087,235088,1,1
235086,235087,235088,1,1
235086,235087,235088,1,1
235086,235087,235088,1,1
235086,235087,235088,1,1
235086,235087,235088,1,1
235086,235087,235088,1,1
235086,235087,235088,1,1
235086,235087,235088,1,1
235086,235087,235088,1,1
235086,235087,235088,1,1
235086,235087,235088,1,1
235086,235087,235088,1,1
235086,235087,235088,1,1
235086,235087,235088,1,1
235086,235087,235088,1,1
235086,235087,235088,1,1
235086,235087,235088,1,1
235086,235087,235089,2,1
235086,235087,235090,3,1
235052,235053,235098,45,1
235121,235121,235122,1,0
235121,235121,235122,1,0
235121,235121,235122,1,0
235121,235121,235122,1,0
235121,235121,235122,1,0
235121,235121,235122,1,0
235121,235121,235122,1,0
235121,235121,235122,1,0
235121,235121,235122,1,0
235121,235121,235122,1,0
235121,235121,235122,1,0
235121,235121,235122,1,0
235121,235121,235122,1,0
235121,235121,235122,1,0
235121,235121,235122,1,0
235121,235121,235122,1,0
235121,235121,235122,1,0
235121,235121,235122,1,0
235121,235121,235122,1,0
235121,235121,235122,1,0
235121,235121,235122,1,0
235121,235121,235122,1,0
235121,235121,235122,1,0
235121,235121,235122,1,0
235121,235121,235122,1,0
235137,235137,235138,1,0
235137,235137,235138,1,0
235137,235137,235138,1,0
235137,235137,235138,1,0
235137,235137,235138,1,0
235137,235137,235138,1,0
235137,235137,235138,1,0
235137,235137,235138,1,0
235137,235137,235138,1,0
235137,235137,235138,1,0
235137,235137,235138,1,0
235087,235087,235139,52,0
235137,235137,235138,1,0
235137,235137,235138,1,0
235137,235137,235138,1,0
235137,235137,235138,1,0
235137,235137,235138,1,0
235137,235137,235138,1,0
235137,235137,235138,1,0
235137,235137,235138,1,0
235137,235137,235138,1,0
235137,235137,235138,1,0
235137,235137,235138,1,0
235137,235137,235138,1,0
235137,235137,235138,1,0
235137,235137,235138,1,0
235137,235137,235138,1,0
235137,235137,235138,1,0
235137,235137,235138,1,0
235137,235137,235138,1,0
235137,235137,235139,2,0
235137,235137,235138,1,0
235137,235137,235141,4,0
235137,235137,235142,5,0
235154,235154,235155,1,0
235154,235154,235155,1,0
235154,235154,235155,1,0
235154,235154,235155,1,0
235154,235154,235155,1,0
235154,235154,235155,1,0
235154,235154,235155,1,0
235154,235154,235155,1,0
235154,235154,235155,1,0
235154,235154,235155,1,0
235154,235154,235156,2,0
235154,235154,235156,2,0
235154,235154,235156,2,0
235154,235154,235156,2,0
235154,235154,235156,2,0
235154,235155,235156,1,1
235154,235154,235156,2,0
235154,235155,235156,1,1
235154,235154,235156,2,0
235154,235155,235156,1,1
235154,235154,235156,2,0
235154,235155,235156,1,1
235154,235154,235156,2,0
235154,235155,235156,1,1
235154,235155,235156,1,1
235154,235154,235156,2,0
235154,235154,235156,2,0
235154,235155,235156,1,1
235154,235154,235156,2,0
235154,235155,235156,1,1
235154,235155,235156,1,1
235154,235154,235156,2,0
235154,235155,235156,1,1
235154,235155,235156,1,1
235137,235137,235188,51,0
235189,235189,235190,1,0
235189,235189,235190,1,0
235189,235189,235190,1,0
235189,235189,235190,1,0
235189,235189,235190,1,0
235189,235189,235190,1,0
235189,235189,235190,1,0
235189,235189,235190,1,0
235189,235189,235190,1,0
235189,235189,235191,2,0
235189,235189,235190,1,0
235189,235189,235191,2,0
235189,235189,235191,2,0
235189,235189,235190,1,0
235189,235189,235191,2,0
235189,235189,235190,1,0
235189,235189,235191,2,0
235189,235189,235191,2,0
235189,235189,235191,2,0
235189,235189,235191,2,0
235189,235189,235191,2,0
235189,235189,235191,2,0
235189,235189,235190,1,0
235189,235189,235190,1,0
235189,235189,235191,2,0
235189,235189,235190,1,0
235189,235189,235191,2,0
235189,235189,235190,1,0
235189,235189,235190,1,0
235189,235189,235191,2,0
235189,235189,235190,1,0
235189,235189,235190,1,0
235189,235189,235191,2,0
235189,235189,235190,1,0
235190,235190,235237,47,0
235239,235239,235240,1,0
235239,235239,235240,1,0
235239,235239,235240,1,0
235239,235239,235240,1,0
235239,235239,235240,1,0
235239,235239,235240,1,0
235239,235239,235240,1,0
235239,235239,235240,1,0
235239,235239,235241,2,0
235239,235239,235240,1,0
235239,235239,235241,2,0
235239,235239,235240,1,0
235239,235239,235241,2,0
235239,235239,235241,2,0
235239,235239,235240,1,0
235239,235239,235241,2,0
235239,235239,235240,1,0
235239,235239,235241,2,0
235239,235239,235241,2,0
235239,235239,235241,2,0
235239,235239,235241,2,0
235239,235239,235241,2,0
235239,235239,235241,2,0
235239,235239,235240,1,0
235239,235239,235241,2,0
235239,235239,235241,2,0
235239,235239,235240,1,0
235239,235239,235241,2,0
235239,235239,235241,2,0
235239,235239,235240,1,0
235172,235172,235242,70,0
235239,235239,235242,3,0
235191,235192,235242,50,1
235239,235239,235243,4,0
235239,235239,235243,4,0
235239,235239,235244,5,0
235244,235244,235245,1,0
235244,235244,235245,1,0
235244,235244,235245,1,0
235244,235244,235245,1,0
235244,235244,235245,1,0
235244,235244,235245,1,0
235244,235244,235245,1,0
235244,235244,235245,1,0
235244,235244,235246,2,0
235244,235244,235246,2,0
235244,235244,235246,2,0
235244,235244,235245,1,0
235244,235244,235246,2,0
235244,235244,235245,1,0
235244,235244,235246,2,0
235244,235244,235246,2,0
235244,235244,235245,1,0
235244,235244,235245,1,0
235244,235244,235246,2,0
235244,235244,235245,1,0
235244,235244,235246,2,0
235244,235244,235245,1,0
235244,235244,235245,1,0
235244,235244,235246,2,0
235244,235244,235246,2,0
235244,235244,235245,1,0
235244,235244,235246,2,0
235244,235244,235246,2,0
235244,235244,235245,1,0
235244,235244,235246,2,0
235244,235244,235246,2,0
235244,235244,235245,1,0
235244,235244,235256,12,0
235244,235244,235257,13,0
235215,235215,235263,48,0
235263,235263,235264,1,0
235263,235263,235264,1,0
235263,235263,235264,1,0
235263,235264,235265,1,1
235264,235264,235265,1,0
235263,235263,235264,1,0
235263,235264,235265,1,1
235263,235263,235264,1,0
235263,235264,235265,1,1
235263,235264,235265,1,1
235264,235264,235265,1,0
235263,235263,235264,1,0
235264,235264,235265,1,0
235263,235263,235264,1,0
235263,235264,235265,1,1
235263,235263,235264,1,0
235263,235264,235265,1,1
235263,235264,235265,1,1
235263,235264,235265,1,1
235263,235263,235264,1,0
235263,235264,235265,1,1
235264,235264,235265,1,0
235263,235263,235265,2,0
235263,235263,235265,2,0
235263,235263,235265,2,0
235264,235265,235266,1,1
235263,235263,235265,2,0
235263,235263,235265,2,0
235264,235264,235265,1,0
235263,235263,235265,2,0
235264,235265,235266,1,1
235264,235265,235266,1,1
235263,235264,235265,1,1
235263,235264,235265,1,1
235264,235264,235265,1,0
235264,235264,235265,1,0
235264,235264,235265,1,0
235263,235264,235265,1,1
235263,235264,235265,1,1
235263,235264,235265,1,1
235264,235264,235265,1,0
235264,235264,235265,1,0
235264,235264,235265,1,0
235263,235264,235265,1,1
235264,235264,235265,1,0
235264,235264,235265,1,0
235264,235264,235265,1,0
235263,235264,235265,1,1
235264,235264,235265,1,0
235264,235264,235265,1,0
235264,235264,235266,2,0
235264,235264,235265,1,0
235264,235264,235265,1,0
235264,235264,235265,1,0
235264,235264,235265,1,0
235263,235263,235265,2,0
235264,235264,235265,1,0
235264,235264,235266,2,0
235264,235264,235265,1,0
235264,235264,235265,1,0
235264,235264,235265,1,0
235220,235220,235274,54,0
235263,235263,235275,12,0
235212,235212,235276,64,0
235263,235263,235276,13,0
235214,235214,235277,63,0
235224,235225,235284,59,1
235226,235226,235285,59,0
235237,235237,235286,49,0
235231,235231,235290,59,0
235217,235217,235297,80,0
235240,235240,235299,59,0
235298,235298,235299,1,0
235298,235298,235300,2,0
235298,235298,235299,1,0
235299,235299,235300,1,0
235298,235298,235299,1,0
235298,235298,235299,1,0
235298,235298,235299,1,0
235298,235298,235300,2,0
235298,235298,235299,1,0
235298,235298,235299,1,0
235298,235298,235300,2,0
235298,235298,235299,1,0
235298,235298,235299,1,0
235298,235298,235300,2,0
235298,235298,235299,1,0
235298,235298,235300,2,0
235298,235298,235299,1,0
235298,235298,235299,1,0
235298,235298,235299,1,0
235298,235298,235299,1,0
235298,235298,235299,1,0
235298,235298,235300,2,0
235298,235298,235300,2,0
235298,235299,235300,1,1
235298,235299,235300,1,1
235298,235299,235300,1,1
235298,235299,235300,1,1
235298,235298,235300,2,0
235298,235299,235300,1,1
235298,235299,235300,1,1
235298,235299,235300,1,1
235299,235300,235301,1,1
235298,235298,235300,2,0
235298,235299,235300,1,1
235298,235299,235300,1,1
235298,235299,235300,1,1
235298,235298,235300,2,0
235298,235299,235300,1,1
235298,235299,235300,1,1
235298,235299,235300,1,1
235298,235298,235300,2,0
235298,235299,235300,1,1
235298,235299,235300,1,1
235298,235299,235300,1,1
235299,235300,235301,1,1
235298,235298,235300,2,0
235298,235298,235300,2,0
235298,235299,235300,1,1
235298,235299,235300,1,1
235299,235300,235301,1,1
235299,235300,235301,1,1
235298,235298,235300,2,0
235298,235299,235300,1,1
235298,235299,235300,1,1
235298,235299,235300,1,1
235299,235300,235301,1,1
235299,235300,235301,1,1
235298,235298,235300,2,0
235298,235299,235300,1,1
235298,235299,235300,1,1
235298,235299,235300,1,1
235298,235298,235300,2,0
235298,235299,235300,1,1
235298,235299,235300,1,1
235298,235299,235300,1,1
235298,235298,235301,3,0
235298,235299,235301,2,1
235299,235300,235302,2,1
235299,235300,235302,2,1
235299,235300,235302,2,1
235299,235300,235301,1,1
235299,235301,235302,1,2
235299,235301,235302,1,2
235299,235300,235302,2,1
235299,235300,235302,2,1
235299,235301,235302,1,2
235299,235300,235301,1,1
235299,235300,235302,2,1
235299,235300,235302,2,1
235299,235300,235301,1,1
235299,235301,235302,1,2
235299,235300,235301,1,1
235299,235300,235302,2,1
235299,235300,235302,2,1
235299,235300,235301,1,1
235299,235300,235301,1,1
235299,235300,235302,2,1
235299,235300,235302,2,1
235299,235300,235301,1,1
235299,235301,235302,1,2
235299,235300,235302,2,1
235299,235300,235301,1,1
235299,235300,235301,1,1
235299,235301,235302,1,2
235299,235300,235302,2,1
235299,235300,235302,2,1
235299,235301,235302,1,2
235298,235298,235302,4,0
235299,235301,235302,1,2
235299,235301,235302,1,2
235299,235301,235302,1,2
235299,235300,235302,2,1
235299,235301,235303,2,2
235299,235301,235303,2,2
235299,235301,235303,2,2
235299,235301,235303,2,2
235299,235302,235303,1,3
235299,235302,235303,1,3
235299,235301,235303,2,2
235299,235301,235303,2,2
235299,235301,235303,2,2
235299,235301,235302,1,2
235299,235301,235302,1,2
235299,235301,235303,2,2
235299,235302,235303,1,3
235299,235300,235302,2,1
235299,235300,235302,2,1
235299,235301,235303,2,2
235299,235301,235303,2,2
235299,235301,235303,2,2
235299,235302,235303,1,3
235299,235301,235303,2,2
235299,235301,235302,1,2
235299,235301,235303,2,2
235299,235302,235303,1,3
235299,235301,235303,2,2
235299,235301,235303,2,2
235299,235301,235302,1,2
235299,235301,235302,1,2
235299,235302,235303,1,3
235299,235301,235303,2,2
235299,235301,235303,2,2
235299,235301,235302,1,2
235299,235302,235303,1,3
235299,235301,235303,2,2
235299,235301,235303,2,2
235299,235301,235303,2,2
235299,235301,235303,2,2
235299,235301,235303,2,2
235299,235301,235303,2,2
235299,235301,235303,2,2
235299,235301,235302,1,2
235299,235302,235303,1,3
235299,235302,235303,1,3
235298,235298,235303,5,0
235298,235299,235303,4,1
235245,235245,235304,59,0
235299,235302,235303,1,3
235299,235302,235303,1,3
235299,235302,235304,2,3
235299,235302,235304,2,3
235299,235302,235304,2,3
235299,235302,235304,2,3
235299,235302,235304,2,3
235299,235302,235304,2,3
235299,235302,235304,2,3
235299,235302,235304,2,3
235299,235302,235304,2,3
235299,235302,235304,2,3
235299,235302,235304,2,3
235299,235301,235304,3,2
235299,235304,235305,1,5
235299,235302,235305,3,3
235299,235302,235304,2,3
235299,235302,235304,2,3
235299,235302,235304,2,3
235299,235302,235304,2,3
235299,235302,235304,2,3
235299,235302,235304,2,3
235299,235302,235304,2,3
235299,235302,235304,2,3
235299,235304,235305,1,5
235299,235302,235305,3,3
235299,235303,235304,1,4
235299,235303,235305,2,4
235299,235303,235305,2,4
235299,235303,235305,2,4
235299,235304,235305,1,5
235299,235303,235305,2,4
235299,235304,235305,1,5
235299,235304,235305,1,5
235299,235304,235305,1,5
235299,235304,235305,1,5
235299,235304,235305,1,5
235299,235304,235305,1,5
235299,235304,235305,1,5
235299,235304,235305,1,5
235299,235304,235305,1,5
235299,235304,235305,1,5
235299,235304,235305,1,5
235299,235304,235305,1,5
235243,235243,235305,62,0
235299,235304,235308,4,5
235299,235304,235308,4,5
235299,235304,235308,4,5
235222,235222,235316,94,0
235265,235265,235341,76,0
235228,235230,235347,117,2
235238,235238,235350,112,0
235234,235234,235355,121,0
235366,235366,235367,1,0
235366,235366,235367,1,0
235366,235366,235367,1,0
235366,235366,235367,1,0
235366,235366,235367,1,0
235366,235366,235367,1,0
235366,235366,235367,1,0
235366,235366,235367,1,0
235366,235366,235367,1,0
235366,235366,235367,1,0
235366,235366,235367,1,0
235366,235366,235367,1,0
235366,235366,235367,1,0
235366,235366,235367,1,0
235366,235366,235367,1,0
235366,235366,235367,1,0
235366,235366,235367,1,0
235366,235366,235367,1,0
235366,235366,235367,1,0
235366,235366,235367,1,0
235366,235366,235367,1,0
235366,235366,235367,1,0
235366,235366,235367,1,0
235366,235366,235367,1,0
235366,235366,235367,1,0
235366,235366,235367,1,0
235366,235366,235367,1,0
235366,235366,235367,1,0
235366,235366,235367,1,0
235366,235366,235367,1,0
235366,235366,235367,1,0
235366,235366,235367,1,0
235366,235366,235368,2,0
235366,235366,235367,1,0
235366,235366,235367,1,0
235366,235367,235368,1,1
235366,235366,235367,1,0
235366,235366,235367,1,0
235366,235366,235367,1,0
235366,235366,235368,2,0
235366,235366,235368,2,0
235366,235367,235368,1,1
235366,235366,235367,1,0
235366,235366,235367,1,0
235366,235366,235367,1,0
235366,235366,235368,2,0
235366,235366,235367,1,0
235366,235366,235368,2,0
235366,235366,235368,2,0
235366,235366,235367,1,0
235366,235366,235368,2,0
235366,235366,235368,2,0
235366,235366,235367,1,0
235366,235366,235368,2,0
235366,235366,235368,2,0
235366,235366,235367,1,0
235366,235367,235368,1,1
235366,235366,235368,2,0
235366,235366,235368,2,0
235366,235366,235368,2,0
235366,235366,235367,1,0
235366,235367,235368,1,1
235366,235366,235367,1,0
235366,235366,235367,1,0
235366,235366,235368,2,0
235366,235366,235368,2,0
235366,235367,235368,1,1
235366,235366,235367,1,0
235366,235366,235368,2,0
235366,235366,235367,1,0
235366,235367,235368,1,1
235366,235366,235367,1,0
235366,235366,235368,2,0
235366,235366,235367,1,0
235366,235366,235368,2,0
235366,235366,235367,1,0
235366,235366,235368,2,0
235366,235367,235368,1,1
235366,235367,235369,2,1
235366,235367,235369,2,1
235366,235367,235368,1,1
235366,235367,235369,2,1
235366,235367,235369,2,1
235366,235367,235369,2,1
235366,235367,235369,2,1
235366,235367,235369,2,1
235366,235367,235369,2,1
235366,235367,235369,2,1
235366,235367,235369,2,1
235366,235369,235370,1,3
235366,235367,235369,2,1
235366,235367,235369,2,1
235366,235367,235369,2,1
235366,235367,235369,2,1
235366,235367,235369,2,1
235366,235367,235369,2,1
235366,235367,235369,2,1
235366,235367,235369,2,1
235366,235369,235370,1,3
235366,235367,235369,2,1
235366,235367,235369,2,1
235366,235367,235369,2,1
235366,235367,235369,2,1
235366,235367,235369,2,1
235366,235369,235370,1,3
235366,235367,235369,2,1
235366,235369,235370,1,3
235366,235367,235369,2,1
235366,235367,235370,3,1
235366,235367,235369,2,1
235366,235369,235370,1,3
235366,235367,235369,2,1
235366,235367,235369,2,1
235366,235367,235370,3,1
235366,235367,235369,2,1
235366,235369,235370,1,3
235366,235369,235371,2,3
235366,235369,235370,1,3
235366,235369,235370,1,3
235366,235369,235370,1,3
235366,235369,235370,1,3
235366,235369,235370,1,3
235366,235369,235370,1,3
235366,235369,235370,1,3
235366,235369,235370,1,3
235366,235369,235370,1,3
235366,235369,235370,1,3
235366,235369,235371,2,3
235366,235369,235370,1,3
235366,235369,235370,1,3
235366,235369,235370,1,3
235366,235369,235370,1,3
235366,235369,235370,1,3
235366,235369,235370,1,3
235366,235369,235370,1,3
235366,235369,235370,1,3
235366,235369,235370,1,3
235366,235369,235371,2,3
235366,235369,235370,1,3
235366,235369,235370,1,3
235366,235369,235370,1,3
235366,235369,235370,1,3
235366,235369,235370,1,3
235366,235369,235370,1,3
235366,235369,235370,1,3
235366,235369,235370,1,3
235366,235369,235370,1,3
235366,235369,235370,1,3
235366,235369,235370,1,3
235366,235369,235370,1,3
235366,235369,235370,1,3
235366,235369,235370,1,3
235366,235369,235370,1,3
235366,235369,235370,1,3
235366,235369,235370,1,3
235366,235369,235370,1,3
235366,235369,235370,1,3
235366,235369,235370,1,3
235366,235369,235370,1,3
235367,235369,235419,50,2
235430,235430,235431,1,0
235431,235431,235432,1,0
235430,235430,235431,1,0
235431,235431,235432,1,0
235430,235430,235431,1,0
235430,235431,235432,1,1
235431,235431,235432,1,0
235430,235430,235431,1,0
235430,235431,235432,1,1
235431,235431,235432,1,0
235430,235430,235431,1,0
235430,235431,235432,1,1
235430,235431,235432,1,1
235431,235431,235432,1,0
235431,235431,235432,1,0
235430,235430,235432,2,0
235430,235431,235432,1,1
235431,235431,235432,1,0
235430,235430,235431,1,0
235430,235431,235432,1,1
235430,235431,235432,1,1
235431,235431,235432,1,0
235431,235431,235432,1,0
235430,235430,235431,1,0
235430,235431,235432,1,1
235431,235431,235432,1,0
235431,235431,235432,1,0
235431,235431,235432,1,0
235430,235431,235432,1,1
235430,235431,235432,1,1
235431,235431,235432,1,0
235431,235431,235432,1,0
235430,235430,235432,2,0
235431,235431,235432,1,0
235431,235431,235432,1,0
235430,235430,235432,2,0
235431,235431,235432,1,0
235431,235431,235432,1,0
235431,235431,235432,1,0
235431,235431,235432,1,0
235431,235431,235432,1,0
235431,235431,235432,1,0
235431,235431,235432,1,0
235431,235431,235433,2,0
235431,235431,235433,2,0
235430,235431,235432,1,1
235430,235431,235432,1,1
235431,235431,235432,1,0
235431,235431,235432,1,0
235431,235431,235432,1,0
235430,235431,235432,1,1
235430,235431,235432,1,1
235431,235431,235432,1,0
235431,235431,235432,1,0
235431,235431,235432,1,0
235430,235430,235432,2,0
235431,235431,235433,2,0
235431,235431,235433,2,0
235430,235431,235432,1,1
235431,235431,235432,1,0
235430,235431,235432,1,1
235431,235431,235432,1,0
235431,235431,235433,2,0
235431,235432,235433,1,1
235430,235431,235432,1,1
235430,235431,235432,1,1
235431,235431,235432,1,0
235431,235431,235432,1,0
235431,235431,235432,1,0
235430,235431,235432,1,1
235431,235431,235432,1,0
235431,235431,235432,1,0
235431,235432,235433,1,1
235430,235431,235432,1,1
235431,235431,235433,2,0
235431,235431,235432,1,0
235431,235432,235433,1,1
235431,235432,235433,1,1
235431,235432,235433,1,1
235431,235432,235434,2,1
235431,235432,235433,1,1
235431,235432,235434,2,1
235431,235432,235433,1,1
235431,235431,235433,2,0
235431,235432,235433,1,1
235431,235432,235433,1,1
235431,235432,235433,1,1
235431,235432,235434,2,1
235431,235432,235434,2,1
235431,235432,235434,2,1
235431,235432,235434,2,1
235431,235432,235433,1,1
235431,235432,235434,2,1
235431,235432,235434,2,1
235431,235432,235434,2,1
235431,235432,235447,15,1
235431,235432,235448,16,1
235495,235495,235496,1,0
235495,235495,235496,1,0
235495,235495,235496,1,0
235495,235495,235496,1,0
235495,235495,235496,1,0
235495,235495,235496,1,0
235495,235495,235496,1,0
235495,235495,235496,1,0
235495,235495,235496,1,0
235495,235495,235496,1,0
235495,235495,235496,1,0
235495,235495,235496,1,0
235495,235495,235496,1,0
235495,235495,235496,1,0
235495,235495,235496,1,0
235495,235495,235496,1,0
235495,235495,235496,1,0
235495,235495,235496,1,0
235495,235495,235496,1,0
235495,235495,235496,1,0
235495,235495,235496,1,0
235495,235495,235496,1,0
235495,235495,235496,1,0
235495,235495,235496,1,0
235495,235495,235496,1,0
235495,235495,235496,1,0
235495,235495,235496,1,0
235495,235495,235496,1,0
235495,235495,235497,2,0
235495,235495,235496,1,0
235495,235495,235496,1,0
235495,235495,235497,2,0
235495,235495,235497,2,0
235495,235495,235496,1,0
235495,235495,235497,2,0
235495,235495,235496,1,0
235495,235495,235497,2,0
235495,235495,235497,2,0
235495,235495,235497,2,0
235495,235495,235497,2,0
235495,235495,235497,2,0
235495,235495,235497,2,0
235495,235495,235497,2,0
235495,235495,235497,2,0
235495,235495,235497,2,0
235495,235495,235497,2,0
235495,235495,235497,2,0
235495,235495,235497,2,0
235495,235495,235497,2,0
235495,235495,235497,2,0
235495,235495,235497,2,0
235495,235495,235497,2,0
235495,235495,235497,2,0
235495,235495,235497,2,0
235495,235495,235496,1,0
235495,235495,235497,2,0
235495,235495,235497,2,0
235495,235495,235497,2,0
235495,235495,235497,2,0
235495,235495,235496,1,0
235495,235495,235497,2,0
235495,235495,235497,2,0
235495,235495,235497,2,0
235495,235495,235497,2,0
235495,235495,235497,2,0
235495,235495,235497,2,0
235495,235495,235496,1,0
235495,235495,235498,3,0
235543,235543,235544,1,0
235543,235543,235544,1,0
235543,235543,235544,1,0
235543,235543,235544,1,0
235543,235543,235544,1,0
235543,235543,235544,1,0
235543,235543,235544,1,0
235543,235543,235544,1,0
235543,235543,235544,1,0
235543,235543,235544,1,0
235543,235543,235544,1,0
235543,235543,235544,1,0
235543,235543,235544,1,0
235543,235543,235545,2,0
235543,235543,235544,1,0
235543,235543,235545,2,0
235543,235543,235545,2,0
235543,235543,235544,1,0
235543,235543,235544,1,0
235543,235543,235544,1,0
235543,235543,235545,2,0
235543,235543,235544,1,0
235543,235543,235544,1,0
235543,235543,235545,2,0
235543,235543,235544,1,0
235543,235543,235544,1,0
235543,235543,235544,1,0
235543,235543,235544,1,0
235543,235543,235544,1,0
235543,235543,235545,2,0
235543,235543,235544,1,0
235543,235543,235544,1,0
235543,235543,235544,1,0
235543,235543,235544,1,0
235495,235496,235547,51,1
235577,235577,235578,1,0
235577,235577,235578,1,0
235577,235577,235578,1,0
235577,235577,235578,1,0
235577,235577,235578,1,0
235577,235577,235579,2,0
235577,235577,235578,1,0
235577,235577,235578,1,0
235577,235577,235578,1,0
235577,235577,235578,1,0
235577,235577,235578,1,0
235577,235577,235578,1,0
235577,235577,235578,1,0
235577,235577,235578,1,0
235577,235577,235578,1,0
235577,235577,235579,2,0
235577,235577,235578,1,0
235577,235577,235578,1,0
235577,235577,235578,1,0
235577,235577,235578,1,0
235577,235577,235578,1,0
235577,235577,235578,1,0
235577,235577,235578,1,0
235577,235577,235579,2,0
235577,235577,235578,1,0
235577,235577,235580,3,0
235577,235577,235628,51,0
235630,235630,235631,1,0
235630,235630,235631,1,0
235630,235630,235631,1,0
235630,235630,235631,1,0
235630,235630,235631,1,0
235630,235630,235631,1,0
235630,235630,235631,1,0
235630,235630,235631,1,0
235630,235630,235631,1,0
235630,235630,235632,2,0
235630,235630,235632,2,0
235630,235630,235632,2,0
235630,235630,235632,2,0
235630,235630,235632,2,0
235630,235630,235632,2,0
235630,235630,235632,2,0
235630,235630,235631,1,0
235630,235630,235631,1,0
235630,235630,235632,2,0
235630,235630,235632,2,0
235630,235630,235632,2,0
235630,235630,235632,2,0
235630,235630,235632,2,0
235630,235630,235632,2,0
235630,235630,235632,2,0
235630,235630,235632,2,0
235630,235630,235632,2,0
235630,235630,235632,2,0
235630,235630,235632,2,0
235630,235630,235632,2,0
235630,235630,235632,2,0
235630,235630,235632,2,0
235630,235630,235632,2,0
235630,235630,235632,2,0
235619,235619,235668,49,0
235614,235614,235668,54,0
235612,235612,235668,56,0
235669,235669,235670,1,0
235669,235669,235670,1,0
235669,235669,235670,1,0
235669,235669,235670,1,0
235669,235669,235670,1,0
235669,235669,235670,1,0
235669,235669,235670,1,0
235669,235669,235670,1,0
235669,235669,235670,1,0
235613,235613,235670,57,0
235669,235669,235670,1,0
235669,235669,235670,1,0
235669,235669,235670,1,0
235669,235669,235670,1,0
235669,235669,235670,1,0
235669,235669,235670,1,0
235669,235669,235670,1,0
235669,235669,235670,1,0
235669,235669,235670,1,0
235669,235669,235670,1,0
235669,235669,235671,2,0
235669,235669,235670,1,0
235669,235669,235670,1,0
235669,235669,235670,1,0
235669,235670,235671,1,1
235669,235670,235671,1,1
235669,235670,235671,1,1
235669,235670,235671,1,1
235669,235669,235671,2,0
235669,235669,235671,2,0
235671,235671,235672,1,0
235669,235669,235671,2,0
235669,235669,235671,2,0
235671,235671,235672,1,0
235671,235671,235672,1,0
235671,235671,235672,1,0
235671,235671,235672,1,0
235671,235671,235672,1,0
235671,235671,235672,1,0
235669,235669,235671,2,0
235671,235671,235672,1,0
235671,235671,235672,1,0
235671,235671,235672,1,0
235669,235669,235671,2,0
235671,235671,235672,1,0
235671,235671,235672,1,0
235671,235671,235672,1,0
235671,235671,235672,1,0
235671,235671,235672,1,0
235669,235669,235671,2,0
235671,235671,235672,1,0
235671,235671,235672,1,0
235671,235671,235672,1,0
235671,235671,235672,1,0
235671,235671,235672,1,0
235671,235671,235672,1,0
235671,235671,235672,1,0
235671,235671,235673,2,0
235671,235671,235672,1,0
235671,235671,235673,2,0
235671,235671,235673,2,0
235671,235671,235672,1,0
235671,235671,235672,1,0
235671,235671,235672,1,0
235671,235671,235673,2,0
235671,235671,235672,1,0
235671,235671,235672,1,0
235671,235671,235672,1,0
235671,235671,235672,1,0
235671,235671,235673,2,0
235671,235671,235672,1,0
235671,235672,235673,1,1
235671,235671,235672,1,0
235671,235671,235672,1,0
235671,235671,235672,1,0
235671,235671,235673,2,0
235671,235672,235673,1,1
235671,235671,235672,1,0
235671,235671,235672,1,0
235671,235671,235672,1,0
235671,235671,235673,2,0
235671,235672,235673,1,1
235671,235671,235673,2,0
235671,235671,235672,1,0
235671,235672,235673,1,1
235671,235672,235673,1,1
235671,235672,235673,1,1
235671,235672,235673,1,1
235671,235672,235673,1,1
235671,235672,235673,1,1
235671,235672,235673,1,1
235671,235671,235674,3,0
235671,235672,235674,2,1
235671,235672,235674,2,1
235671,235672,235674,2,1
235671,235672,235674,2,1
235671,235672,235673,1,1
235671,235672,235673,1,1
235616,235617,235675,58,1
235622,235622,235676,54,0
235631,235631,235676,45,0
235627,235627,235685,58,0
235626,235626,235688,62,0
235621,235621,235688,67,0
235630,235630,235690,60,0
235623,235623,235693,70,0
235652,235652,235708,56,0
235707,235708,235709,1,1
235708,235708,235709,1,0
235707,235708,235709,1,1
235708,235708,235709,1,0
235707,235708,235709,1,1
235707,235708,235709,1,1
235708,235708,235709,1,0
235707,235708,235709,1,1
235707,235708,235709,1,1
235708,235708,235709,1,0
235708,235708,235709,1,0
235707,235708,235709,1,1
235708,235708,235709,1,0
235708,235708,235709,1,0
235708,235708,235709,1,0
235707,235708,235709,1,1
235707,235708,235709,1,1
235708,235708,235709,1,0
235708,235708,235709,1,0
235707,235708,235709,1,1
235708,235708,235709,1,0
235708,235708,235709,1,0
235662,235662,235709,47,0
235707,235708,235709,1,1
235707,235708,235709,1,1
235707,235708,235709,1,1
235707,235708,235709,1,1
235708,235708,235709,1,0
235708,235708,235709,1,0
235708,235708,235709,1,0
235707,235708,235709,1,1
235707,235708,235709,1,1
235708,235708,235710,2,0
235708,235708,235710,2,0
235708,235708,235709,1,0
235707,235708,235709,1,1
235708,235708,235710,2,0
235708,235708,235709,1,0
235708,235708,235709,1,0
235707,235708,235709,1,1
235708,235708,235709,1,0
235708,235708,235709,1,0
235708,235708,235709,1,0
235708,235709,235710,1,1
235707,235708,235709,1,1
235708,235708,235710,2,0
235708,235708,235710,2,0
235708,235708,235709,1,0
235707,235708,235710,2,1
235707,235708,235709,1,1
235708,235708,235709,1,0
235708,235709,235710,1,1
235707,235708,235709,1,1
235708,235708,235710,2,0
235708,235708,235709,1,0
235708,235708,235709,1,0
235708,235709,235710,1,1
235707,235708,235709,1,1
235708,235708,235710,2,0
235708,235708,235709,1,0
235708,235708,235709,1,0
235708,235709,235710,1,1
235708,235709,235710,1,1
235708,235709,235710,1,1
235708,235709,235710,1,1
235708,235709,235710,1,1
235708,235709,235710,1,1
235708,235708,235710,2,0
235708,235709,235710,1,1
235708,235709,235710,1,1
235708,235709,235710,1,1
235708,235709,235710,1,1
235708,235709,235710,1,1
235708,235709,235710,1,1
235708,235709,235710,1,1
235708,235709,235710,1,1
235708,235709,235711,2,1
235708,235709,235710,1,1
235708,235710,235711,1,2
235708,235710,235711,1,2
235708,235710,235711,1,2
235708,235709,235710,1,1
235708,235709,235711,2,1
235708,235709,235711,2,1
235708,235710,235711,1,2
235708,235710,235711,1,2
235708,235710,235712,2,2
235708,235709,235711,2,1
235708,235709,235711,2,1
235708,235709,235711,2,1
235708,235709,235711,2,1
235708,235711,235712,1,3
235708,235709,235711,2,1
235708,235710,235712,2,2
235708,235709,235711,2,1
235708,235711,235712,1,3
235708,235709,235711,2,1
235708,235710,235712,2,2
235708,235710,235712,2,2
235707,235708,235712,4,1
235707,235708,235713,5,1
235708,235711,235712,1,3
235708,235711,235712,1,3
235708,235711,235712,1,3
235708,235711,235712,1,3
235708,235711,235712,1,3
235708,235711,235712,1,3
235708,235711,235712,1,3
235708,235711,235712,1,3
235708,235711,235712,1,3
235708,235711,235712,1,3
235708,235711,235712,1,3
235708,235711,235712,1,3
235708,235711,235712,1,3
235708,235711,235712,1,3
235708,235711,235712,1,3
235708,235711,235712,1,3
235708,235711,235712,1,3
235708,235711,235712,1,3
235708,235711,235713,2,3
235708,235710,235712,2,2
235708,235711,235712,1,3
235708,235711,235712,1,3
235708,235711,235712,1,3
235708,235711,235712,1,3
235708,235711,235712,1,3
235708,235711,235712,1,3
235708,235711,235712,1,3
235708,235711,235713,2,3
235708,235711,235712,1,3
235708,235711,235712,1,3
235708,235711,235712,1,3
235708,235711,235712,1,3
235708,235711,235712,1,3
235708,235711,235712,1,3
235708,235710,235712,2,2
235708,235710,235712,2,2
235708,235712,235713,1,4
235707,235708,235713,5,1
235708,235711,235713,2,3
235708,235713,235714,1,5
235708,235713,235714,1,5
235708,235713,235714,1,5
235672,235672,235723,51,0
235654,235654,235725,71,0
235657,235657,235726,69,0
235667,235667,235726,59,0
235633,235633,235730,97,0
235670,235670,235733,63,0
235660,235661,235740,79,1
235759,235759,235760,1,0
235759,235759,235760,1,0
235759,235759,235760,1,0
235759,235759,235760,1,0
235759,235759,235760,1,0
235759,235759,235760,1,0
235759,235759,235760,1,0
235759,235759,235760,1,0
235759,235759,235760,1,0
235759,235759,235760,1,0
235759,235759,235760,1,0
235759,235759,235760,1,0
235759,235759,235760,1,0
235759,235759,235760,1,0
235759,235759,235760,1,0
235759,235759,235760,1,0
235759,235759,235760,1,0
235759,235759,235760,1,0
235759,235759,235760,1,0
235759,235759,235760,1,0
235759,235759,235760,1,0
235759,235759,235760,1,0
235759,235759,235760,1,0
235759,235759,235760,1,0
235759,235759,235760,1,0
235759,235759,235760,1,0
235759,235759,235760,1,0
235759,235759,235760,1,0
235759,235759,235760,1,0
235759,235759,235760,1,0
235759,235759,235760,1,0
235759,235759,235760,1,0
235759,235759,235760,1,0
235759,235759,235760,1,0
235759,235759,235760,1,0
235759,235759,235760,1,0
235759,235759,235760,1,0
235759,235759,235760,1,0
235759,235759,235760,1,0
235759,235759,235760,1,0
235759,235759,235760,1,0
235759,235759,235760,1,0
235759,235759,235760,1,0
235759,235759,235761,2,0
235759,235759,235761,2,0
235759,235759,235761,2,0
235759,235759,235760,1,0
235759,235759,235760,1,0
235759,235759,235761,2,0
235759,235759,235760,1,0
235759,235759,235761,2,0
235759,235759,235760,1,0
235759,235759,235761,2,0
235759,235759,235761,2,0
235759,235759,235761,2,0
235759,235759,235761,2,0
235759,235759,235761,2,0
235759,235759,235760,1,0
235759,235759,235761,2,0
235759,235759,235761,2,0
235759,235759,235761,2,0
235759,235759,235761,2,0
235759,235759,235761,2,0
235759,235761,235762,1,2
235759,235759,235761,2,0
235759,235759,235761,2,0
235759,235759,235761,2,0
235759,235759,235761,2,0
235759,235759,235761,2,0
235759,235761,235762,1,2
235759,235759,235761,2,0
235759,235759,235761,2,0
235759,235761,235762,1,2
235759,235761,235762,1,2
235759,235759,235761,2,0
235759,235759,235761,2,0
235759,235761,235762,1,2
235759,235761,235762,1,2
235759,235761,235762,1,2
235759,235759,235761,2,0
235759,235759,235761,2,0
235759,235761,235762,1,2
235759,235759,235761,2,0
235759,235759,235761,2,0
235759,235761,235762,1,2
235759,235761,235762,1,2
235759,235761,235762,1,2
235759,235759,235761,2,0
235759,235761,235762,1,2
235759,235761,235762,1,2
235759,235761,235762,1,2
235759,235759,235761,2,0
235759,235761,235762,1,2
235759,235761,235762,1,2
235759,235759,235761,2,0
235759,235761,235762,1,2
235759,235761,235762,1,2
235759,235761,235762,1,2
235759,235762,235763,1,3
235759,235762,235763,1,3
235759,235762,235763,1,3
235759,235762,235763,1,3
235759,235761,235762,1,2
235759,235761,235762,1,2
235759,235761,235762,1,2
235759,235762,235763,1,3
235759,235762,235763,1,3
235759,235762,235763,1,3
235759,235761,235762,1,2
235759,235761,235762,1,2
235759,235761,235762,1,2
235759,235761,235763,2,2
235759,235761,235763,2,2
235759,235761,235762,1,2
235759,235761,235762,1,2
235759,235761,235762,1,2
235759,235761,235763,2,2
235759,235761,235763,2,2
235759,235761,235763,2,2
235759,235761,235762,1,2
235759,235761,235762,1,2
235759,235761,235763,2,2
235759,235761,235763,2,2
235759,235761,235763,2,2
235759,235761,235762,1,2
235759,235761,235763,2,2
235759,235761,235763,2,2
235759,235761,235762,1,2
235759,235761,235762,1,2
235759,235761,235762,1,2
235759,235761,235762,1,2
235759,235761,235762,1,2
235760,235762,235763,1,2
235665,235665,235762,97,0
235759,235761,235762,1,2
235759,235761,235763,2,2
235759,235761,235762,1,2
235759,235762,235763,1,3
235760,235762,235763,1,2
235760,235762,235763,1,2
235759,235761,235762,1,2
235759,235761,235763,2,2
235759,235761,235762,1,2
235760,235762,235763,1,2
235760,235762,235763,1,2
235759,235761,235763,2,2
235759,235761,235763,2,2
235759,235761,235763,2,2
235760,235762,235763,1,2
235760,235762,235763,1,2
235759,235762,235763,1,3
235759,235762,235763,1,3
235759,235762,235763,1,3
235759,235762,235764,2,3
235759,235761,235763,2,2
235759,235761,235763,2,2
235760,235763,235764,1,3
235760,235763,235764,1,3
235760,235763,235764,1,3
235759,235761,235763,2,2
235759,235762,235763,1,3
235759,235762,235763,1,3
235759,235762,235763,1,3
235759,235762,235763,1,3
235759,235762,235764,2,3
235759,235762,235764,2,3
235759,235762,235764,2,3
235759,235762,235764,2,3
235759,235762,235764,2,3
235759,235762,235764,2,3
235759,235762,235764,2,3
235759,235762,235764,2,3
235759,235762,235764,2,3
235759,235762,235764,2,3
235759,235762,235764,2,3
235759,235762,235764,2,3
235759,235762,235764,2,3
235759,235762,235764,2,3
235759,235762,235764,2,3
235760,235763,235764,1,3
235760,235763,235765,2,3
235760,235763,235765,2,3
235760,235763,235764,1,3
235760,235763,235764,1,3
235760,235763,235764,1,3
235760,235763,235764,1,3
235760,235763,235764,1,3
235760,235764,235765,1,4
235760,235764,235765,1,4
235760,235763,235765,2,3
235760,235763,235764,1,3
235760,235763,235764,1,3
235760,235763,235764,1,3
235760,235763,235764,1,3
235760,235763,235765,2,3
235760,235764,235765,1,4
235760,235764,235765,1,4
235760,235764,235765,1,4
235760,235764,235765,1,4
235760,235764,235765,1,4
235760,235764,235765,1,4
235760,235764,235765,1,4
235760,235764,235765,1,4
235760,235764,235765,1,4
235760,235764,235765,1,4
235760,235764,235765,1,4
235760,235764,235765,1,4
235760,235764,235765,1,4
235760,235764,235765,1,4
235760,235764,235765,1,4
235760,235764,235765,1,4
235760,235764,235765,1,4
235760,235764,235765,1,4
235760,235764,235765,1,4
235760,235764,235765,1,4
235760,235764,235765,1,4
235760,235764,235765,1,4
235760,235764,235765,1,4
235760,235764,235765,1,4
235760,235764,235765,1,4
235760,235764,235765,1,4
235760,235764,235765,1,4
235760,235764,235765,1,4
235760,235764,235765,1,4
235760,235764,235765,1,4
235760,235764,235765,1,4
235760,235764,235765,1,4
235760,235764,235778,14,4
235760,235764,235825,61,4
235840,235840,235841,1,0
235840,235840,235842,2,0
235841,235841,235842,1,0
235840,235840,235841,1,0
235840,235840,235842,2,0
235840,235840,235841,1,0
235840,235840,235842,2,0
235841,235841,235842,1,0
235840,235840,235841,1,0
235841,235841,235842,1,0
235840,235840,235841,1,0
235841,235841,235842,1,0
235840,235840,235841,1,0
235840,235840,235842,2,0
235841,235841,235842,1,0
235840,235840,235841,1,0
235840,235840,235842,2,0
235840,235840,235842,2,0
235841,235841,235842,1,0
235840,235840,235841,1,0
235840,235840,235842,2,0
235841,235841,235842,1,0
235840,235840,235842,2,0
235840,235840,235841,1,0
235841,235841,235842,1,0
235840,235840,235841,1,0
235840,235841,235842,1,1
235841,235841,235842,1,0
235840,235840,235843,3,0
235840,235840,235842,2,0
235840,235841,235842,1,1
235840,235841,235842,1,1
235841,235842,235843,1,1
235840,235840,235842,2,0
235840,235840,235842,2,0
235840,235841,235842,1,1
235840,235841,235842,1,1
235840,235841,235842,1,1
235841,235842,235843,1,1
235840,235840,235843,3,0
235840,235840,235842,2,0
235840,235841,235842,1,1
235840,235841,235843,2,1
235840,235841,235842,1,1
235841,235842,235843,1,1
235840,235840,235842,2,0
235840,235840,235842,2,0
235840,235841,235842,1,1
235840,235841,235842,1,1
235840,235841,235842,1,1
235841,235842,235843,1,1
235840,235840,235842,2,0
235840,235841,235842,1,1
235840,235841,235842,1,1
235841,235841,235842,1,0
235841,235841,235842,1,0
235841,235842,235843,1,1
235840,235840,235842,2,0
235840,235840,235842,2,0
235840,235841,235842,1,1
235840,235841,235842,1,1
235841,235842,235843,1,1
235840,235840,235842,2,0
235840,235840,235842,2,0
235840,235841,235842,1,1
235840,235841,235842,1,1
235841,235842,235843,1,1
235840,235840,235842,2,0
235840,235841,235842,1,1
235840,235841,235843,2,1
235840,235841,235842,1,1
235841,235842,235843,1,1
235840,235840,235842,2,0
235840,235841,235842,1,1
235840,235841,235842,1,1
235841,235841,235842,1,0
235840,235840,235842,2,0
235840,235841,235843,2,1
235840,235841,235842,1,1
235841,235842,235843,1,1
235841,235842,235843,1,1
235841,235842,235843,1,1
235841,235842,235843,1,1
235841,235842,235843,1,1
235841,235842,235843,1,1
235841,235842,235844,2,1
235841,235843,235844,1,2
235841,235842,235843,1,1
235841,235842,235844,2,1
235841,235842,235843,1,1
235841,235842,235844,2,1
235841,235842,235843,1,1
235841,235842,235844,2,1
235841,235842,235843,1,1
235841,235842,235843,1,1
235841,235842,235844,2,1
235841,235842,235843,1,1
235841,235842,235844,2,1
235841,235842,235843,1,1
235841,235842,235844,2,1
235841,235842,235843,1,1
235841,235842,235843,1,1
235841,235842,235844,2,1
235841,235842,235843,1,1
235841,235842,235843,1,1
235841,235843,235844,1,2
235841,235842,235844,2,1
235841,235842,235844,2,1
235841,235842,235843,1,1
235841,235843,235844,1,2
235841,235843,235844,1,2
235841,235843,235844,1,2
235841,235843,235844,1,2
235841,235843,235844,1,2
235841,235843,235844,1,2
235841,235843,235845,2,2
235841,235843,235844,1,2
235841,235843,235844,1,2
235841,235843,235844,1,2
235841,235842,235844,2,1
235841,235843,235845,2,2
235841,235843,235845,2,2
235841,235843,235845,2,2
235841,235843,235845,2,2
235841,235843,235845,2,2
235841,235843,235845,2,2
235841,235843,235844,1,2
235841,235843,235894,51,2
235920,235921,235922,1,1
235921,235921,235922,1,0
235921,235921,235922,1,0
235921,235921,235922,1,0
235920,235921,235922,1,1
235921,235921,235922,1,0
235921,235921,235922,1,0
235921,235921,235922,1,0
235921,235921,235922,1,0
235920,235921,235922,1,1
235921,235921,235922,1,0
235920,235921,235922,1,1
235921,235921,235922,1,0
235920,235921,235922,1,1
235920,235921,235922,1,1
235920,235921,235922,1,1
235921,235921,235922,1,0
235921,235921,235922,1,0
235920,235921,235922,1,1
235921,235921,235922,1,0
235920,235921,235922,1,1
235921,235921,235922,1,0
235920,235921,235922,1,1
235921,235921,235922,1,0
235921,235921,235922,1,0
235920,235921,235922,1,1
235921,235921,235923,2,0
235921,235921,235922,1,0
235921,235921,235923,2,0
235921,235921,235922,1,0
235920,235921,235922,1,1
235921,235921,235922,1,0
235921,235921,235922,1,0
235921,235921,235922,1,0
235921,235921,235922,1,0
235920,235921,235922,1,1
235921,235921,235922,1,0
235921,235921,235923,2,0
235921,235921,235922,1,0
235921,235921,235923,2,0
235921,235922,235923,1,1
235920,235921,235922,1,1
235920,235921,235922,1,1
235921,235921,235922,1,0
235921,235921,235922,1,0
235920,235921,235922,1,1
235920,235921,235922,1,1
235921,235921,235922,1,0
235921,235921,235923,2,0
235921,235921,235922,1,0
235920,235921,235922,1,1
235921,235921,235922,1,0
235921,235921,235923,2,0
235921,235921,235922,1,0
235920,235921,235923,2,1
235921,235921,235923,2,0
235921,235921,235923,2,0
235921,235921,235923,2,0
235920,235921,235922,1,1
235921,235921,235922,1,0
235921,235921,235922,1,0
235921,235922,235923,1,1
235920,235921,235922,1,1
235920,235921,235922,1,1
235921,235921,235922,1,0
235921,235921,235922,1,0
235921,235921,235923,2,0
235921,235921,235922,1,0
235921,235922,235923,1,1
235921,235922,235924,2,1
235921,235922,235924,2,1
235921,235922,235923,1,1
235921,235922,235924,2,1
235921,235922,235923,1,1
235921,235922,235924,2,1
235921,235922,235924,2,1
235921,235921,235923,2,0
235921,235922,235924,2,1
235921,235922,235923,1,1
235921,235922,235923,1,1
235921,235922,235924,2,1
235921,235922,235924,2,1
235921,235922,235924,2,1
235921,235922,235923,1,1
235921,235922,235924,2,1
235921,235922,235924,2,1
235921,235922,235924,2,1
235921,235922,235923,1,1
235921,235922,235924,2,1
235985,235985,235986,1,0
235985,235985,235986,1,0
235985,235985,235986,1,0
235985,235985,235986,1,0
235985,235985,235986,1,0
235985,235985,235986,1,0
235985,235985,235986,1,0
235985,235985,235986,1,0
235985,235985,235986,1,0
235985,235985,235986,1,0
235985,235985,235986,1,0
235985,235985,235987,2,0
235985,235985,235986,1,0
235985,235985,235986,1,0
235985,235985,235986,1,0
235985,235985,235987,2,0
235985,235985,235986,1,0
235985,235985,235986,1,0
235985,235985,235986,1,0
235985,235985,235986,1,0
235985,235985,235986,1,0
235985,235985,235987,2,0
235985,235985,235986,1,0
235985,235985,235986,1,0
235985,235985,235987,2,0
235985,235985,235986,1,0
235985,235985,235987,2,0
235985,235985,235987,2,0
235985,235985,235986,1,0
235985,235985,235986,1,0
235985,235985,235986,1,0
235985,235985,235986,1,0
235985,235985,235986,1,0
236017,236017,236018,1,0
236017,236017,236018,1,0
236017,236017,236018,1,0
236017,236017,236018,1,0
236017,236017,236018,1,0
236017,236017,236018,1,0
236017,236017,236018,1,0
236017,236017,236018,1,0
236017,236017,236018,1,0
236017,236017,236018,1,0
236017,236017,236018,1,0
236017,236017,236019,2,0
236017,236017,236019,2,0
236017,236017,236019,2,0
236017,236017,236019,2,0
236017,236017,236019,2,0
236017,236017,236019,2,0
236017,236017,236019,2,0
236017,236017,236019,2,0
236017,236017,236019,2,0
236017,236017,236019,2,0
236017,236017,236019,2,0
236017,236017,236019,2,0
236017,236017,236019,2,0
236017,236017,236019,2,0
236017,236017,236019,2,0
236017,236017,236019,2,0
236017,236017,236019,2,0
236017,236017,236019,2,0
236017,236017,236019,2,0
236017,236017,236019,2,0
236017,236017,236019,2,0
236017,236017,236019,2,0
236017,236017,236019,2,0
235985,235985,236032,47,0
236053,236053,236054,1,0
236053,236053,236054,1,0
236053,236053,236054,1,0
236053,236053,236054,1,0
236053,236053,236054,1,0
236053,236053,236054,1,0
236053,236053,236054,1,0
236053,236053,236054,1,0
236053,236053,236054,1,0
236053,236053,236054,1,0
236053,236053,236054,1,0
236053,236053,236054,1,0
236053,236053,236055,2,0
236053,236053,236054,1,0
236053,236053,236054,1,0
236053,236053,236054,1,0
236053,236053,236055,2,0
236053,236053,236054,1,0
236053,236053,236054,1,0
236053,236053,236055,2,0
236053,236053,236054,1,0
236053,236053,236055,2,0
236053,236053,236054,1,0
236053,236053,236054,1,0
236053,236053,236054,1,0
236053,236053,236054,1,0
236053,236053,236054,1,0
236053,236053,236055,2,0
236053,236053,236055,2,0
236053,236053,236054,1,0
236053,236053,236055,2,0
236053,236053,236054,1,0
236053,236053,236055,2,0
236053,236053,236055,2,0
236018,236018,236064,46,0
236071,236071,236072,1,0
236071,236071,236072,1,0
236071,236071,236072,1,0
236071,236071,236072,1,0
236071,236071,236072,1,0
236071,236071,236072,1,0
236071,236071,236072,1,0
236071,236071,236072,1,0
236071,236071,236072,1,0
236071,236071,236073,2,0
236071,236071,236072,1,0
236071,236071,236072,1,0
236071,236071,236073,2,0
236071,236071,236072,1,0
236071,236071,236072,1,0
236071,236071,236072,1,0
236071,236071,236072,1,0
236071,236071,236072,1,0
236071,236071,236072,1,0
236071,236071,236072,1,0
236071,236071,236072,1,0
236071,236071,236072,1,0
236071,236071,236072,1,0
236071,236071,236072,1,0
236071,236071,236072,1,0
236071,236071,236072,1,0
236071,236071,236072,1,0
236071,236071,236073,2,0
236053,236053,236101,48,0
236106,236107,236108,1,1
236106,236107,236109,2,1
236106,236107,236108,1,1
236106,236107,236108,1,1
236106,236107,236108,1,1
236106,236107,236108,1,1
236106,236107,236108,1,1
236106,236107,236108,1,1
236106,236107,236108,1,1
236106,236107,236108,1,1
236106,236107,236108,1,1
236106,236107,236108,1,1
236106,236107,236108,1,1
236106,236107,236108,1,1
236106,236107,236108,1,1
236106,236107,236108,1,1
236106,236107,236108,1,1
236106,236107,236108,1,1
236106,236107,236108,1,1
236106,236107,236108,1,1
236106,236107,236108,1,1
236106,236107,236108,1,1
236106,236107,236108,1,1
236106,236107,236108,1,1
236106,236107,236108,1,1
236071,236071,236118,47,0
236126,236126,236127,1,0
236126,236126,236127,1,0
236126,236126,236127,1,0
236126,236126,236127,1,0
236126,236126,236127,1,0
236126,236126,236127,1,0
236126,236126,236127,1,0
236126,236126,236127,1,0
236126,236126,236127,1,0
236126,236126,236127,1,0
236126,236126,236127,1,0
236126,236126,236128,2,0
236126,236126,236128,2,0
236126,236126,236128,2,0
236126,236126,236128,2,0
236126,236126,236128,2,0
236126,236126,236128,2,0
236126,236126,236128,2,0
236126,236126,236128,2,0
236126,236126,236128,2,0
236126,236126,236128,2,0
236126,236126,236128,2,0
236126,236126,236128,2,0
236126,236126,236128,2,0
236126,236126,236128,2,0
236126,236126,236128,2,0
236126,236126,236127,1,0
236126,236126,236128,2,0
236126,236126,236128,2,0
236126,236126,236128,2,0
236126,236126,236128,2,0
236126,236126,236128,2,0
236126,236126,236128,2,0
236126,236126,236128,2,0
236107,236107,236155,48,0
236156,236156,236157,1,0
236156,236156,236157,1,0
236156,236156,236157,1,0
236156,236156,236157,1,0
236156,236156,236157,1,0
236156,236156,236157,1,0
236156,236156,236157,1,0
236156,236156,236157,1,0
236156,236156,236158,2,0
236156,236156,236158,2,0
236156,236156,236158,2,0
236156,236156,236157,1,0
236156,236156,236158,2,0
236156,236156,236158,2,0
236156,236156,236157,1,0
236156,236156,236158,2,0
236156,236156,236158,2,0
236156,236156,236158,2,0
236156,236156,236158,2,0
236156,236156,236158,2,0
236156,236156,236158,2,0
236156,236156,236158,2,0
236156,236156,236158,2,0
236156,236156,236158,2,0
236156,236156,236158,2,0
236156,236156,236158,2,0
236156,236156,236158,2,0
236156,236156,236158,2,0
236156,236156,236158,2,0
236156,236156,236158,2,0
236156,236156,236157,1,0
236156,236156,236158,2,0
236156,236156,236158,2,0
236156,236156,236158,2,0
236109,236109,236167,58,0
236177,236177,236178,1,0
236177,236177,236178,1,0
236177,236177,236178,1,0
236177,236177,236178,1,0
236177,236177,236178,1,0
236177,236177,236178,1,0
236177,236177,236178,1,0
236177,236177,236178,1,0
236177,236177,236178,1,0
236177,236177,236178,1,0
236177,236177,236178,1,0
236177,236177,236178,1,0
236177,236177,236178,1,0
236177,236177,236178,1,0
236177,236177,236178,1,0
236177,236177,236178,1,0
236177,236177,236178,1,0
236177,236177,236178,1,0
236177,236177,236178,1,0
236177,236177,236178,1,0
236177,236177,236178,1,0
236177,236177,236178,1,0
236177,236177,236178,1,0
236177,236177,236178,1,0
236177,236177,236178,1,0
236177,236177,236178,1,0
236177,236177,236178,1,0
236177,236177,236178,1,0
236177,236177,236178,1,0
236177,236177,236178,1,0
236177,236177,236178,1,0
236177,236177,236178,1,0
236177,236177,236178,1,0
236177,236177,236179,2,0
236128,236129,236179,50,1
236127,236127,236180,53,0
236146,236146,236196,50,0
236196,236196,236197,1,0
236196,236196,236197,1,0
236196,236196,236197,1,0
236196,236196,236197,1,0
236196,236196,236197,1,0
236196,236196,236197,1,0
236196,236196,236197,1,0
236196,236196,236197,1,0
236196,236196,236197,1,0
236196,236196,236197,1,0
236196,236196,236197,1,0
236196,236196,236197,1,0
236196,236196,236197,1,0
236196,236196,236197,1,0
236196,236196,236197,1,0
236196,236197,236198,1,1
236196,236197,236198,1,1
236197,236197,236198,1,0
236196,236196,236198,2,0
236196,236196,236197,1,0
236197,236197,236198,1,0
236196,236196,236197,1,0
236196,236196,236198,2,0
236196,236196,236197,1,0
236197,236197,236198,1,0
236196,236196,236198,2,0
236196,236196,236198,2,0
236197,236197,236198,1,0
236196,236196,236198,2,0
236196,236196,236197,1,0
236197,236197,236198,1,0
236197,236197,236198,1,0
236196,236196,236197,1,0
236196,236196,236198,2,0
236197,236197,236198,1,0
236197,236197,236198,1,0
236196,236196,236198,2,0
236196,236196,236197,1,0
236197,236197,236198,1,0
236196,236196,236198,2,0
236196,236196,236197,1,0
236197,236197,236198,1,0
236197,236197,236198,1,0
236197,236197,236199,2,0
236197,236197,236199,2,0
236197,236197,236199,2,0
236197,236197,236199,2,0
236197,236197,236199,2,0
236197,236197,236199,2,0
236197,236197,236199,2,0
236197,236197,236199,2,0
236197,236197,236199,2,0
236197,236197,236199,2,0
236152,236152,236199,47,0
236197,236197,236199,2,0
236197,236197,236199,2,0
236197,236197,236199,2,0
236196,236196,236198,2,0
236197,236198,236199,1,1
236197,236198,236199,1,1
236197,236198,236199,1,1
236197,236197,236199,2,0
236197,236197,236199,2,0
236199,236199,236200,1,0
236197,236197,236199,2,0
236199,236199,236200,1,0
236199,236199,236200,1,0
236197,236197,236199,2,0
236199,236199,236200,1,0
236197,236197,236199,2,0
236199,236199,236200,1,0
236199,236199,236200,1,0
236199,236199,236200,1,0
236199,236199,236200,1,0
236199,236199,236200,1,0
236149,236149,236200,51,0
236199,236199,236200,1,0
236199,236199,236200,1,0
236199,236199,236200,1,0
236199,236199,236201,2,0
236199,236199,236201,2,0
236199,236199,236200,1,0
236199,236199,236200,1,0
236199,236199,236201,2,0
236199,236199,236200,1,0
236199,236199,236200,1,0
236199,236199,236201,2,0
236199,236199,236200,1,0
236199,236199,236201,2,0
236199,236199,236201,2,0
236199,236199,236201,2,0
236199,236199,236200,1,0
236199,236199,236201,2,0
236199,236199,236201,2,0
236199,236199,236201,2,0
236199,236199,236201,2,0
236199,236199,236201,2,0
236199,236199,236201,2,0
236199,236199,236201,2,0
236199,236199,236201,2,0
236199,236199,236203,4,0
236160,236160,236209,49,0
236157,236157,236209,52,0
236151,236151,236212,61,0
236154,236154,236212,58,0
236177,236178,236230,52,1
236235,236236,236237,1,1
236235,236236,236237,1,1
236235,236235,236236,1,0
236235,236235,236236,1,0
236235,236235,236236,1,0
236235,236235,236236,1,0
236235,236235,236236,1,0
236235,236235,236236,1,0
236235,236236,236237,1,1
236235,236235,236236,1,0
236235,236235,236236,1,0
236235,236235,236237,2,0
236235,236236,236237,1,1
236235,236235,236236,1,0
236235,236235,236236,1,0
236235,236235,236236,1,0
236235,236235,236236,1,0
236235,236236,236237,1,1
236235,236235,236236,1,0
236235,236236,236237,1,1
236235,236236,236237,1,1
236235,236235,236236,1,0
236235,236235,236236,1,0
236235,236236,236237,1,1
236235,236236,236237,1,1
236235,236236,236238,2,1
236235,236236,236238,2,1
236235,236235,236238,3,0
236235,236235,236237,2,0
236235,236236,236237,1,1
236235,236236,236237,1,1
236235,236235,236237,2,0
236235,236235,236237,2,0
236235,236236,236237,1,1
236236,236237,236238,1,1
236235,236235,236237,2,0
236235,236235,236237,2,0
236235,236235,236237,2,0
236235,236236,236237,1,1
236235,236236,236237,1,1
236236,236237,236238,1,1
236235,236235,236237,2,0
236235,236235,236237,2,0
236235,236236,236237,1,1
236235,236236,236237,1,1
236236,236237,236238,1,1
236235,236235,236238,3,0
236235,236236,236237,1,1
236235,236236,236237,1,1
236235,236236,236237,1,1
236236,236237,236238,1,1
236235,236235,236237,2,0
236235,236235,236237,2,0
236235,236236,236237,1,1
236235,236235,236237,2,0
236235,236236,236237,1,1
236235,236236,236237,1,1
236235,236236,236237,1,1
236236,236237,236238,1,1
236235,236235,236237,2,0
236235,236236,236237,1,1
236235,236236,236237,1,1
236236,236237,236238,1,1
236235,236235,236237,2,0
236235,236236,236237,1,1
236235,236236,236237,1,1
236235,236236,236237,1,1
236235,236237,236238,1,2
236236,236237,236238,1,1
236235,236236,236238,2,1
236235,236237,236238,1,2
236235,236237,236238,1,2
236235,236237,236239,2,2
236235,236237,236238,1,2
236236,236237,236239,2,1
236236,236237,236239,2,1
236235,236237,236238,1,2
236235,236237,236238,1,2
236235,236237,236238,1,2
236236,236237,236238,1,1
236235,236237,236239,2,2
236235,236237,236239,2,2
236236,236237,236239,2,1
236235,236237,236239,2,2
236235,236237,236239,2,2
236235,236237,236238,1,2
236236,236237,236238,1,1
236236,236237,236238,1,1
236236,236238,236239,1,2
236235,236237,236239,2,2
236235,236237,236239,2,2
236235,236237,236238,1,2
236235,236237,236239,2,2
236235,236237,236238,1,2
236235,236236,236238,2,1
236235,236237,236239,2,2
236235,236237,236238,1,2
236235,236237,236238,1,2
236236,236238,236239,1,2
236235,236237,236238,1,2
236235,236237,236239,2,2
236235,236237,236238,1,2
236236,236238,236239,1,2
236236,236238,236240,2,2
236236,236238,236239,1,2
236236,236238,236240,2,2
236236,236238,236239,1,2
236236,236238,236239,1,2
236236,236238,236239,1,2
236236,236238,236239,1,2
236236,236238,236239,1,2
236236,236238,236239,1,2
236235,236237,236240,3,2
236236,236238,236240,2,2
236236,236238,236240,2,2
236236,236238,236240,2,2
236236,236238,236240,2,2
236236,236238,236239,1,2
236236,236238,236240,2,2
236236,236238,236240,2,2
236236,236238,236240,2,2
236236,236238,236240,2,2
236197,236197,236254,57,0
236198,236198,236254,56,0
236200,236200,236261,61,0
236286,236286,236287,1,0
236286,236286,236288,2,0
236286,236287,236288,1,1
236286,236286,236287,1,0
236286,236286,236287,1,0
236287,236287,236288,1,0
236286,236286,236287,1,0
236286,236286,236287,1,0
236286,236286,236287,1,0
236286,236286,236288,2,0
236287,236287,236288,1,0
236286,236286,236288,2,0
236286,236286,236287,1,0
236287,236287,236288,1,0
236286,236286,236287,1,0
236286,236286,236287,1,0
236286,236286,236288,2,0
236287,236287,236288,1,0
236286,236286,236287,1,0
236286,236286,236288,2,0
236287,236287,236288,1,0
236286,236286,236287,1,0
236286,236286,236288,2,0
236287,236287,236288,1,0
236287,236287,236288,1,0
236286,236287,236288,1,1
236287,236287,236288,1,0
236286,236286,236287,1,0
236286,236286,236288,2,0
236287,236287,236288,1,0
236286,236286,236288,2,0
236286,236286,236288,2,0
236286,236287,236289,2,1
236286,236287,236289,2,1
236286,236287,236288,1,1
236287,236287,236289,2,0
236286,236286,236289,3,0
236286,236287,236288,1,1
236286,236287,236289,2,1
236286,236287,236288,1,1
236286,236286,236288,2,0
236286,236287,236288,1,1
236286,236287,236288,1,1
236286,236287,236288,1,1
236287,236287,236288,1,0
236287,236288,236289,1,1
236286,236286,236288,2,0
236286,236287,236288,1,1
236286,236287,236288,1,1
236286,236286,236288,2,0
236286,236287,236289,2,1
236286,236287,236288,1,1
236286,236286,236288,2,0
236286,236286,236288,2,0
236286,236287,236288,1,1
236286,236287,236288,1,1
236287,236288,236289,1,1
236286,236286,236288,2,0
236286,236287,236289,2,1
236286,236287,236289,2,1
236286,236286,236288,2,0
236286,236286,236288,2,0
236286,236287,236289,2,1
236286,236287,236288,1,1
236287,236288,236289,1,1
236286,236286,236288,2,0
236286,236287,236289,2,1
236286,236287,236289,2,1
236286,236287,236288,1,1
236286,236286,236288,2,0
236286,236286,236288,2,0
236286,236287,236289,2,1
236286,236287,236288,1,1
236287,236288,236289,1,1
236287,236288,236289,1,1
236287,236288,236289,1,1
236287,236288,236290,2,1
236286,236287,236289,2,1
236287,236288,236290,2,1
236287,236288,236289,1,1
236287,236288,236289,1,1
236287,236288,236289,1,1
236287,236288,236289,1,1
236287,236288,236289,1,1
236287,236288,236290,2,1
236287,236288,236289,1,1
236287,236288,236289,1,1
236287,236288,236290,2,1
236287,236288,236290,2,1
236286,236286,236289,3,0
236287,236288,236290,2,1
236287,236288,236289,1,1
236287,236288,236290,2,1
236287,236288,236289,1,1
236287,236288,236291,3,1
236236,236238,236293,55,2
236287,236288,236339,51,1
236342,236342,236343,1,0
236342,236342,236343,1,0
236342,236342,236343,1,0
236342,236342,236343,1,0
236342,236342,236343,1,0
236342,236342,236343,1,0
236342,236342,236343,1,0
236342,236342,236343,1,0
236342,236342,236343,1,0
236342,236342,236343,1,0
236342,236342,236343,1,0
236342,236342,236343,1,0
236342,236342,236343,1,0
236342,236342,236343,1,0
236342,236342,236343,1,0
236342,236342,236343,1,0
236342,236342,236343,1,0
236342,236342,236343,1,0
236342,236342,236343,1,0
236342,236342,236343,1,0
236342,236342,236343,1,0
236342,236342,236343,1,0
236342,236342,236343,1,0
236342,236342,236343,1,0
236342,236342,236343,1,0
236342,236342,236343,1,0
236342,236342,236343,1,0
236342,236342,236343,1,0
236342,236342,236343,1,0
236342,236342,236343,1,0
236342,236342,236343,1,0
236342,236342,236343,1,0
236342,236342,236343,1,0
236342,236342,236343,1,0
236342,236342,236343,1,0
236342,236342,236343,1,0
236342,236342,236343,1,0
236342,236342,236343,1,0
236342,236342,236343,1,0
236342,236342,236343,1,0
236342,236342,236343,1,0
236342,236342,236343,1,0
236342,236342,236343,1,0
236342,236342,236343,1,0
236342,236342,236344,2,0
236342,236342,236344,2,0
236342,236342,236344,2,0
236342,236342,236344,2,0
236342,236342,236343,1,0
236342,236342,236344,2,0
236342,236342,236344,2,0
236342,236342,236344,2,0
236342,236342,236344,2,0
236342,236342,236344,2,0
236342,236342,236344,2,0
236342,236342,236344,2,0
236342,236342,236344,2,0
236342,236342,236344,2,0
236342,236342,236344,2,0
236342,236342,236344,2,0
236342,236342,236344,2,0
236342,236342,236344,2,0
236342,236342,236344,2,0
236342,236342,236344,2,0
236342,236342,236344,2,0
236342,236342,236344,2,0
236342,236342,236344,2,0
236342,236344,236345,1,2
236342,236342,236344,2,0
236342,236342,236344,2,0
236342,236344,236345,1,2
236342,236342,236344,2,0
236342,236342,236344,2,0
236342,236342,236344,2,0
236342,236342,236344,2,0
236342,236342,236344,2,0
236342,236342,236344,2,0
236342,236342,236344,2,0
236342,236342,236344,2,0
236342,236342,236344,2,0
236342,236342,236344,2,0
236342,236344,236345,1,2
236342,236344,236345,1,2
236342,236344,236345,1,2
236342,236342,236345,3,0
236342,236344,236345,1,2
236342,236344,236345,1,2
236342,236344,236345,1,2
236342,236344,236345,1,2
236342,236344,236345,1,2
236342,236344,236345,1,2
236342,236344,236345,1,2
236342,236344,236345,1,2
236342,236344,236345,1,2
236342,236344,236345,1,2
236342,236344,236345,1,2
236342,236344,236345,1,2
236342,236344,236345,1,2
236342,236344,236345,1,2
236342,236344,236345,1,2
236342,236344,236349,5,2
236392,236392,236393,1,0
236392,236392,236393,1,0
236392,236392,236393,1,0
236392,236392,236393,1,0
236392,236392,236393,1,0
236392,236392,236393,1,0
236392,236392,236393,1,0
236392,236392,236393,1,0
236392,236392,236393,1,0
236392,236392,236394,2,0
236392,236392,236394,2,0
236392,236392,236394,2,0
236392,236392,236394,2,0
236392,236392,236393,1,0
236392,236392,236394,2,0
236392,236392,236394,2,0
236392,236392,236394,2,0
236392,236392,236394,2,0
236392,236392,236394,2,0
236392,236392,236394,2,0
236392,236392,236393,1,0
236392,236392,236393,1,0
236392,236392,236394,2,0
236392,236392,236393,1,0
236392,236392,236394,2,0
236392,236392,236394,2,0
236392,236392,236394,2,0
236392,236392,236394,2,0
236392,236392,236394,2,0
236392,236392,236394,2,0
236392,236392,236394,2,0
236392,236392,236393,1,0
236392,236392,236395,3,0
236392,236392,236394,2,0
236342,236344,236397,53,2
236426,236426,236427,1,0
236426,236426,236427,1,0
236426,236426,236427,1,0
236426,236426,236427,1,0
236426,236426,236427,1,0
236426,236426,236427,1,0
236426,236426,236427,1,0
236426,236426,236427,1,0
236426,236426,236427,1,0
236426,236426,236427,1,0
236426,236426,236427,1,0
236426,236426,236427,1,0
236426,236426,236427,1,0
236426,236426,236427,1,0
236426,236426,236427,1,0
236426,236426,236427,1,0
236426,236426,236427,1,0
236426,236426,236428,2,0
236426,236426,236427,1,0
236426,236426,236427,1,0
236426,236426,236427,1,0
236426,236426,236427,1,0
236426,236426,236427,1,0
236426,236426,236427,1,0
236426,236426,236427,1,0
236426,236426,236427,1,0
236426,236426,236428,2,0
236426,236426,236427,1,0
236426,236426,236427,1,0
236426,236426,236427,1,0
236426,236426,236427,1,0
236426,236426,236427,1,0
236426,236426,236427,1,0
236442,236442,236443,1,0
236442,236442,236443,1,0
236442,236442,236443,1,0
236442,236442,236443,1,0
236442,236442,236443,1,0
236442,236442,236443,1,0
236442,236442,236443,1,0
236442,236442,236443,1,0
236442,236442,236443,1,0
236442,236442,236443,1,0
236442,236442,236444,2,0
236442,236442,236444,2,0
236442,236442,236444,2,0
236442,236442,236444,2,0
236442,236442,236444,2,0
236442,236442,236444,2,0
236442,236442,236444,2,0
236442,236442,236444,2,0
236442,236442,236444,2,0
236442,236442,236444,2,0
236442,236442,236444,2,0
236442,236442,236444,2,0
236442,236442,236444,2,0
236442,236442,236444,2,0
236442,236442,236444,2,0
236442,236442,236444,2,0
236442,236442,236444,2,0
236442,236442,236444,2,0
236442,236442,236444,2,0
236442,236442,236444,2,0
236442,236442,236444,2,0
236442,236442,236444,2,0
236442,236442,236444,2,0
236442,236442,236444,2,0
236426,236426,236471,45,0
236477,236477,236478,1,0
236477,236477,236478,1,0
236477,236477,236478,1,0
236477,236477,236478,1,0
236477,236477,236478,1,0
236477,236477,236478,1,0
236477,236477,236478,1,0
236477,236477,236478,1,0
236477,236477,236478,1,0
236477,236477,236478,1,0
236477,236477,236478,1,0
236477,236477,236478,1,0
236477,236477,236478,1,0
236477,236477,236478,1,0
236477,236477,236479,2,0
236477,236477,236478,1,0
236477,236477,236479,2,0
236477,236477,236478,1,0
236477,236477,236479,2,0
236477,236477,236478,1,0
236477,236477,236479,2,0
236477,236477,236479,2,0
236477,236477,236478,1,0
236477,236477,236478,1,0
236477,236477,236479,2,0
236477,236477,236478,1,0
236477,236477,236478,1,0
236477,236477,236479,2,0
236477,236477,236478,1,0
236477,236477,236479,2,0
236477,236477,236479,2,0
236477,236477,236479,2,0
236477,236477,236478,1,0
236477,236477,236479,2,0
236460,236460,236505,45,0
236507,236507,236508,1,0
236507,236507,236508,1,0
236507,236507,236508,1,0
236507,236507,236508,1,0
236507,236507,236508,1,0
236507,236507,236508,1,0
236507,236507,236508,1,0
236507,236507,236508,1,0
236507,236507,236508,1,0
236507,236507,236508,1,0
236507,236507,236509,2,0
236507,236507,236508,1,0
236507,236507,236509,2,0
236507,236507,236508,1,0
236507,236507,236508,1,0
236507,236507,236508,1,0
236507,236507,236508,1,0
236507,236507,236509,2,0
236507,236507,236508,1,0
236507,236507,236508,1,0
236507,236507,236508,1,0
236507,236507,236508,1,0
236507,236507,236508,1,0
236507,236507,236509,2,0
236507,236507,236508,1,0
236507,236507,236509,2,0
236477,236477,236523,46,0
236479,236479,236526,47,0
236528,236528,236529,1,0
236528,236528,236529,1,0
236528,236528,236529,1,0
236528,236528,236529,1,0
236528,236528,236529,1,0
236528,236528,236529,1,0
236528,236528,236529,1,0
236528,236528,236529,1,0
236528,236528,236530,2,0
236528,236528,236530,2,0
236528,236528,236529,1,0
236528,236528,236529,1,0
236528,236528,236529,1,0
236528,236528,236529,1,0
236528,236528,236529,1,0
236528,236528,236530,2,0
236528,236528,236529,1,0
236528,236528,236530,2,0
236528,236528,236529,1,0
236528,236528,236530,2,0
236528,236528,236529,1,0
236528,236528,236530,2,0
236528,236528,236530,2,0
236528,236528,236530,2,0
236528,236528,236530,2,0
236528,236528,236530,2,0
236528,236528,236530,2,0
236528,236528,236530,2,0
236528,236528,236530,2,0
236528,236528,236530,2,0
236528,236528,236530,2,0
236528,236528,236530,2,0
236528,236528,236530,2,0
236528,236528,236530,2,0
236529,236530,236531,1,1
236529,236530,236531,1,1
236529,236530,236531,1,1
236529,236530,236531,1,1
236529,236530,236531,1,1
236529,236530,236531,1,1
236529,236530,236531,1,1
236529,236530,236531,1,1
236529,236530,236531,1,1
236529,236530,236531,1,1
236529,236530,236531,1,1
236529,236530,236531,1,1
236529,236530,236531,1,1
236529,236530,236531,1,1
236529,236530,236531,1,1
236529,236530,236531,1,1
236529,236530,236531,1,1
236529,236530,236531,1,1
236529,236530,236531,1,1
236529,236530,236531,1,1
236529,236530,236531,1,1
236529,236530,236531,1,1
236529,236530,236531,1,1
236529,236530,236531,1,1
236500,236500,236545,45,0
236502,236502,236546,44,0
236550,236550,236551,1,0
236550,236550,236551,1,0
236550,236550,236551,1,0
236550,236550,236551,1,0
236550,236550,236551,1,0
236550,236550,236551,1,0
236550,236550,236551,1,0
236550,236550,236551,1,0
236550,236550,236551,1,0
236550,236550,236551,1,0
236550,236550,236551,1,0
236550,236550,236551,1,0
236550,236550,236551,1,0
236550,236550,236551,1,0
236550,236550,236552,2,0
236550,236550,236552,2,0
236550,236550,236552,2,0
236550,236550,236551,1,0
236497,236497,236552,55,0
236550,236550,236551,1,0
236550,236550,236551,1,0
236550,236550,236551,1,0
236550,236550,236552,2,0
236550,236550,236551,1,0
236550,236550,236551,1,0
236550,236550,236552,2,0
236550,236550,236551,1,0
236550,236550,236551,1,0
236550,236550,236551,1,0
236550,236550,236551,1,0
236550,236550,236552,2,0
236550,236550,236551,1,0
236499,236499,236560,61,0
236550,236550,236561,11,0
236550,236550,236561,11,0
236550,236550,236561,11,0
236505,236505,236563,58,0
236507,236507,236564,57,0
236567,236567,236568,1,0
236567,236567,236569,2,0
236567,236568,236569,1,1
236567,236567,236568,1,0
236567,236567,236568,1,0
236567,236567,236569,2,0
236567,236567,236568,1,0
236567,236567,236568,1,0
236567,236567,236569,2,0
236567,236567,236568,1,0
236567,236567,236569,2,0
236568,236568,236569,1,0
236567,236567,236568,1,0
236567,236567,236569,2,0
236568,236568,236569,1,0
236567,236567,236568,1,0
236567,236567,236569,2,0
236567,236568,236569,1,1
236568,236568,236569,1,0
236567,236567,236568,1,0
236568,236568,236569,1,0
236567,236567,236568,1,0
236567,236567,236569,2,0
236567,236567,236569,2,0
236568,236568,236569,1,0
236568,236568,236569,1,0
236567,236567,236569,2,0
236567,236567,236569,2,0
236567,236568,236569,1,1
236567,236568,236569,1,1
236568,236569,236570,1,1
236568,236569,236570,1,1
236567,236567,236569,2,0
236567,236568,236569,1,1
236567,236568,236569,1,1
236567,236568,236569,1,1
236568,236569,236570,1,1
236567,236567,236569,2,0
236567,236568,236569,1,1
236567,236568,236570,2,1
236567,236568,236569,1,1
236567,236567,236569,2,0
236567,236567,236569,2,0
236567,236568,236569,1,1
236567,236568,236569,1,1
236568,236569,236570,1,1
236567,236567,236569,2,0
236567,236567,236569,2,0
236567,236567,236570,3,0
236567,236568,236569,1,1
236567,236568,236569,1,1
236567,236568,236569,1,1
236567,236567,236569,2,0
236567,236568,236569,1,1
236567,236568,236569,1,1
236567,236568,236569,1,1
236567,236567,236569,2,0
236567,236567,236569,2,0
236567,236568,236569,1,1
236567,236568,236569,1,1
236567,236567,236569,2,0
236567,236567,236569,2,0
236567,236568,236570,2,1
236567,236568,236569,1,1
236568,236569,236570,1,1
236568,236569,236570,1,1
236567,236568,236570,2,1
236567,236568,236570,2,1
236568,236569,236570,1,1
236568,236569,236570,1,1
236568,236569,236570,1,1
236568,236569,236570,1,1
236568,236569,236570,1,1
236568,236569,236570,1,1
236568,236569,236570,1,1
236568,236569,236571,2,1
236567,236568,236570,2,1
236567,236568,236569,1,1
236567,236568,236569,1,1
236567,236568,236569,1,1
236568,236569,236571,2,1
236568,236569,236570,1,1
236568,236569,236570,1,1
236568,236569,236570,1,1
236568,236569,236570,1,1
236568,236569,236571,2,1
236568,236569,236570,1,1
236568,236569,236570,1,1
236568,236569,236570,1,1
236568,236569,236571,2,1
236568,236569,236570,1,1
236510,236510,236571,61,0
236568,236571,236572,1,3
236529,236529,236578,49,0
236530,236530,236603,73,0
236602,236602,236603,1,0
236602,236602,236603,1,0
236602,236602,236603,1,0
236602,236602,236603,1,0
236602,236602,236603,1,0
236602,236602,236603,1,0
236602,236602,236603,1,0
236602,236602,236603,1,0
236602,236602,236603,1,0
236602,236602,236603,1,0
236602,236602,236603,1,0
236602,236602,236603,1,0
236602,236602,236603,1,0
236602,236602,236603,1,0
236602,236602,236603,1,0
236602,236602,236603,1,0
236602,236602,236603,1,0
236602,236602,236603,1,0
236602,236602,236603,1,0
236602,236602,236603,1,0
236602,236602,236603,1,0
236602,236602,236603,1,0
236602,236602,236603,1,0
236602,236602,236603,1,0
236602,236602,236603,1,0
236602,236602,236603,1,0
236602,236602,236603,1,0
236602,236602,236603,1,0
236602,236602,236603,1,0
236602,236602,236603,1,0
236602,236602,236603,1,0
236602,236602,236603,1,0
236602,236602,236603,1,0
236602,236602,236604,2,0
236602,236602,236603,1,0
236602,236602,236603,1,0
236602,236602,236603,1,0
236602,236602,236604,2,0
236602,236602,236604,2,0
236602,236602,236604,2,0
236602,236602,236604,2,0
236602,236602,236603,1,0
236602,236602,236604,2,0
236602,236602,236603,1,0
236602,236602,236604,2,0
236602,236602,236604,2,0
236602,236602,236604,2,0
236602,236602,236604,2,0
236602,236602,236604,2,0
236602,236602,236604,2,0
236602,236602,236604,2,0
236602,236602,236604,2,0
236602,236602,236604,2,0
236602,236602,236604,2,0
236602,236602,236604,2,0
236602,236602,236604,2,0
236602,236602,236604,2,0
236602,236602,236604,2,0
236602,236602,236604,2,0
236602,236602,236604,2,0
236602,236602,236604,2,0
236602,236602,236604,2,0
236602,236602,236604,2,0
236602,236602,236604,2,0
236602,236602,236604,2,0
236602,236602,236604,2,0
236602,236602,236604,2,0
236602,236602,236604,2,0
236532,236532,236609,77,0
236568,236569,236623,54,1
236635,236635,236636,1,0
236635,236636,236637,1,1
236636,236636,236637,1,0
236635,236635,236636,1,0
236636,236636,236637,1,0
236635,236635,236636,1,0
236635,236636,236637,1,1
236636,236636,236637,1,0
236635,236635,236636,1,0
236635,236636,236637,1,1
236635,236636,236637,1,1
236636,236636,236637,1,0
236635,236635,236636,1,0
236635,236636,236637,1,1
236636,236636,236637,1,0
236635,236635,236636,1,0
236635,236636,236637,1,1
236636,236636,236637,1,0
236636,236636,236637,1,0
236635,236636,236637,1,1
236636,236636,236637,1,0
236635,236636,236637,1,1
236636,236636,236637,1,0
236636,236636,236637,1,0
236635,236636,236637,1,1
236636,236636,236637,1,0
236635,236636,236637,1,1
236636,236636,236637,1,0
236636,236636,236637,1,0
236636,236636,236637,1,0
236636,236636,236637,1,0
236635,236635,236637,2,0
236636,236636,236637,1,0
236636,236636,236637,1,0
236636,236636,236637,1,0
236636,236636,236637,1,0
236635,236636,236637,1,1
236635,236636,236637,1,1
236636,236636,236637,1,0
236636,236636,236637,1,0
236636,236636,236637,1,0
236635,236636,236637,1,1
236636,236636,236637,1,0
236636,236636,236637,1,0
236636,236636,236637,1,0
236636,236637,236638,1,1
236635,236636,236637,1,1
236635,236636,236637,1,1
236636,236636,236637,1,0
236636,236636,236637,1,0
236636,236636,236637,1,0
236635,236636,236637,1,1
236635,236636,236637,1,1
236635,236636,236637,1,1
236636,236636,236637,1,0
236636,236636,236637,1,0
236636,236636,236637,1,0
236635,236636,236637,1,1
236635,236636,236637,1,1
236636,236636,236637,1,0
236636,236636,236637,1,0
236635,236636,236637,1,1
236636,236636,236637,1,0
236636,236636,236637,1,0
236636,236636,236637,1,0
236636,236637,236638,1,1
236635,236636,236637,1,1
236636,236636,236638,2,0
236636,236636,236637,1,0
236636,236636,236637,1,0
236635,236636,236637,1,1
236636,236636,236637,1,0
236636,236636,236637,1,0
236636,236637,236638,1,1
236636,236636,236638,2,0
236636,236637,236638,1,1
236636,236637,236639,2,1
236636,236637,236638,1,1
236636,236637,236639,2,1
236636,236637,236638,1,1
236636,236637,236638,1,1
236636,236637,236638,1,1
236636,236637,236638,1,1
236636,236637,236638,1,1
236636,236637,236638,1,1
236636,236637,236638,1,1
236636,236637,236638,1,1
236636,236637,236639,2,1
236636,236637,236638,1,1
236636,236637,236639,2,1
236636,236637,236639,2,1
236636,236637,236639,2,1
236636,236637,236639,2,1
236636,236637,236638,1,1
236684,236685,236686,1,1
236684,236685,236686,1,1
236684,236685,236686,1,1
236684,236685,236686,1,1
236684,236685,236686,1,1
236684,236685,236686,1,1
236684,236685,236686,1,1
236684,236685,236686,1,1
236684,236685,236686,1,1
236684,236685,236686,1,1
236684,236685,236686,1,1
236684,236685,236686,1,1
236684,236685,236686,1,1
236684,236685,236686,1,1
236684,236685,236686,1,1
236684,236685,236686,1,1
236684,236685,236686,1,1
236684,236685,236686,1,1
236684,236685,236686,1,1
236684,236685,236686,1,1
236684,236685,236686,1,1
236684,236685,236686,1,1
236684,236685,236686,1,1
236684,236685,236686,1,1
236684,236685,236686,1,1
236684,236685,236687,2,1
236636,236637,236692,55,1
236717,236717,236718,1,0
236717,236717,236718,1,0
236717,236717,236718,1,0
236717,236717,236718,1,0
236717,236717,236718,1,0
236717,236717,236718,1,0
236717,236718,236719,1,1
236717,236717,236718,1,0
236717,236718,236719,1,1
236717,236717,236718,1,0
236717,236718,236719,1,1
236717,236717,236719,2,0
236717,236718,236719,1,1
236717,236718,236719,1,1
236717,236717,236719,2,0
236717,236718,236719,1,1
236717,236718,236719,1,1
236717,236717,236719,2,0
236717,236717,236719,2,0
236717,236717,236719,2,0
236717,236718,236719,1,1
236717,236718,236719,1,1
236717,236717,236719,2,0
236717,236718,236719,1,1
236717,236718,236719,1,1
236717,236717,236719,2,0
236717,236718,236719,1,1
236717,236718,236719,1,1
236717,236718,236719,1,1
236717,236718,236719,1,1
236717,236718,236719,1,1
236717,236718,236719,1,1
236717,236717,236720,3,0
236717,236718,236724,6,1
236734,236734,236735,1,0
236734,236734,236735,1,0
236734,236734,236735,1,0
236734,236734,236735,1,0
236734,236734,236735,1,0
236734,236734,236735,1,0
236734,236734,236735,1,0
236734,236734,236735,1,0
236734,236734,236735,1,0
236734,236734,236736,2,0
236734,236734,236736,2,0
236734,236734,236736,2,0
236734,236734,236736,2,0
236734,236734,236736,2,0
236734,236734,236736,2,0
236734,236734,236736,2,0
236734,236734,236736,2,0
236734,236734,236736,2,0
236734,236734,236736,2,0
236734,236734,236736,2,0
236734,236734,236736,2,0
236734,236734,236736,2,0
236734,236734,236736,2,0
236734,236734,236736,2,0
236734,236734,236736,2,0
236734,236734,236736,2,0
236734,236734,236736,2,0
236734,236734,236736,2,0
236734,236734,236736,2,0
236734,236734,236736,2,0
236734,236734,236735,1,0
236734,236734,236736,2,0
236734,236734,236736,2,0
236734,236734,236736,2,0
236718,236718,236762,44,0
236770,236770,236771,1,0
236770,236770,236771,1,0
236770,236770,236771,1,0
236770,236770,236771,1,0
236770,236770,236771,1,0
236770,236770,236771,1,0
236770,236770,236771,1,0
236770,236770,236771,1,0
236770,236770,236771,1,0
236770,236770,236772,2,0
236770,236770,236771,1,0
236770,236770,236772,2,0
236770,236770,236772,2,0
236770,236770,236772,2,0
236770,236770,236772,2,0
236770,236770,236772,2,0
236770,236770,236772,2,0
236770,236770,236771,1,0
236770,236770,236772,2,0
236770,236770,236771,1,0
236770,236770,236772,2,0
236770,236770,236772,2,0
236770,236770,236771,1,0
236770,236770,236772,2,0
236770,236770,236771,1,0
236770,236770,236772,2,0
236770,236770,236772,2,0
236770,236770,236771,1,0
236770,236770,236772,2,0
236770,236770,236772,2,0
236770,236770,236771,1,0
236770,236770,236771,1,0
236770,236770,236772,2,0
236770,236770,236771,1,0
236735,236735,236785,50,0
236790,236790,236791,1,0
236790,236790,236791,1,0
236790,236790,236791,1,0
236790,236790,236791,1,0
236790,236790,236791,1,0
236790,236790,236791,1,0
236790,236790,236791,1,0
236790,236790,236791,1,0
236790,236790,236792,2,0
236790,236790,236791,1,0
236790,236790,236792,2,0
236790,236790,236791,1,0
236790,236790,236792,2,0
236790,236790,236791,1,0
236790,236790,236792,2,0
236790,236790,236791,1,0
236790,236790,236792,2,0
236790,236790,236791,1,0
236790,236790,236791,1,0
236790,236790,236792,2,0
236790,236790,236792,2,0
236790,236790,236791,1,0
236790,236790,236792,2,0
236790,236790,236791,1,0
236790,236790,236791,1,0
236790,236790,236792,2,0
236790,236790,236791,1,0
236790,236790,236792,2,0
236790,236790,236792,2,0
236790,236790,236791,1,0
236790,236790,236792,2,0
236790,236790,236792,2,0
236790,236790,236791,1,0
236790,236790,236792,2,0
236770,236771,236826,55,1
236827,236827,236828,1,0
236827,236827,236828,1,0
236827,236827,236828,1,0
236827,236827,236828,1,0
236772,236772,236828,56,0
236827,236827,236828,1,0
236827,236827,236828,1,0
236827,236827,236828,1,0
236827,236827,236828,1,0
236827,236827,236828,1,0
236827,236827,236828,1,0
236827,236827,236828,1,0
236827,236827,236828,1,0
236827,236827,236828,1,0
236827,236827,236828,1,0
236827,236827,236828,1,0
236827,236827,236828,1,0
236827,236827,236828,1,0
236827,236827,236828,1,0
236827,236827,236828,1,0
236827,236827,236828,1,0
236827,236827,236828,1,0
236827,236827,236828,1,0
236827,236827,236828,1,0
236827,236827,236828,1,0
236827,236827,236828,1,0
236827,236827,236828,1,0
236794,236794,236844,50,0
236791,236791,236845,54,0
236793,236793,236847,54,0
236847,236847,236848,1,0
236847,236847,236848,1,0
236847,236847,236848,1,0
236847,236847,236848,1,0
236847,236847,236848,1,0
236847,236847,236848,1,0
236847,236847,236848,1,0
236847,236847,236848,1,0
236847,236847,236848,1,0
236847,236847,236848,1,0
236847,236847,236848,1,0
236847,236847,236848,1,0
236847,236847,236848,1,0
236847,236847,236848,1,0
236847,236847,236848,1,0
236847,236847,236848,1,0
236847,236847,236848,1,0
236847,236847,236848,1,0
236847,236847,236848,1,0
236847,236847,236848,1,0
236847,236847,236848,1,0
236847,236847,236848,1,0
236847,236847,236848,1,0
236847,236847,236848,1,0
236847,236847,236848,1,0
236847,236847,236848,1,0
236847,236847,236849,2,0
236847,236847,236849,2,0
236847,236847,236848,1,0
236847,236847,236848,1,0
236847,236847,236848,1,0
236847,236847,236849,2,0
236847,236847,236849,2,0
236847,236847,236848,1,0
236847,236847,236849,2,0
236847,236847,236849,2,0
236847,236847,236848,1,0
236847,236847,236848,1,0
236847,236847,236849,2,0
236847,236847,236848,1,0
236847,236847,236848,1,0
236847,236847,236849,2,0
236847,236847,236848,1,0
236847,236847,236848,1,0
236847,236847,236848,1,0
236847,236847,236848,1,0
236847,236847,236849,2,0
236847,236847,236849,2,0
236847,236847,236848,1,0
236847,236847,236848,1,0
236847,236847,236848,1,0
236847,236847,236848,1,0
236847,236847,236848,1,0
236847,236847,236849,2,0
236847,236847,236849,2,0
236847,236847,236848,1,0
236847,236847,236849,2,0
236847,236847,236849,2,0
236847,236847,236849,2,0
236849,236849,236850,1,0
236847,236847,236849,2,0
236847,236847,236849,2,0
236847,236847,236849,2,0
236849,236849,236850,1,0
236849,236849,236850,1,0
236847,236847,236849,2,0
236847,236847,236849,2,0
236849,236849,236850,1,0
236849,236849,236850,1,0
236849,236849,236850,1,0
236849,236849,236850,1,0
236849,236849,236850,1,0
236849,236849,236850,1,0
236849,236849,236850,1,0
236849,236849,236850,1,0
236849,236849,236850,1,0
236849,236849,236850,1,0
236849,236849,236850,1,0
236849,236849,236850,1,0
236849,236849,236850,1,0
236849,236849,236850,1,0
236849,236849,236850,1,0
236849,236849,236850,1,0
236849,236849,236850,1,0
236849,236849,236850,1,0
236849,236849,236850,1,0
236849,236849,236850,1,0
236849,236849,236850,1,0
236849,236849,236850,1,0
236849,236849,236850,1,0
236849,236849,236850,1,0
236849,236849,236850,1,0
236813,236813,236864,51,0
236814,236814,236866,52,0
236812,236812,236866,54,0
236819,236819,236865,46,0
236823,236823,236872,49,0
236820,236820,236873,53,0
236817,236817,236881,64,0
236829,236830,236883,53,1
236826,236826,236883,57,0
236883,236884,236885,1,1
236884,236884,236885,1,0
236884,236884,236885,1,0
236884,236884,236885,1,0
236883,236884,236885,1,1
236884,236884,236885,1,0
236884,236884,236885,1,0
236883,236884,236885,1,1
236884,236884,236885,1,0
236884,236884,236885,1,0
236883,236884,236885,1,1
236884,236884,236885,1,0
236883,236884,236885,1,1
236884,236884,236885,1,0
236883,236884,236885,1,1
236884,236884,236885,1,0
236883,236884,236885,1,1
236884,236884,236885,1,0
236884,236884,236885,1,0
236884,236884,236885,1,0
236883,236884,236885,1,1
236883,236884,236885,1,1
236884,236884,236885,1,0
236884,236884,236885,1,0
236883,236884,236885,1,1
236884,236884,236885,1,0
236884,236884,236885,1,0
236883,236884,236885,1,1
236884,236884,236886,2,0
236884,236884,236885,1,0
236883,236884,236885,1,1
236883,236884,236885,1,1
236884,236884,236885,1,0
236884,236884,236885,1,0
236883,236884,236885,1,1
236883,236884,236885,1,1
236884,236884,236885,1,0
236884,236884,236885,1,0
236884,236884,236886,2,0
236884,236885,236886,1,1
236883,236884,236885,1,1
236883,236884,236885,1,1
236884,236884,236886,2,0
236884,236884,236885,1,0
236884,236884,236885,1,0
236884,236885,236886,1,1
236883,236884,236885,1,1
236884,236884,236886,2,0
236884,236884,236885,1,0
236884,236884,236885,1,0
236884,236884,236885,1,0
236884,236885,236886,1,1
236884,236885,236886,1,1
236883,236884,236885,1,1
236883,236884,236885,1,1
236884,236884,236886,2,0
236884,236884,236885,1,0
236884,236884,236885,1,0
236883,236884,236885,1,1
236883,236884,236885,1,1
236884,236884,236886,2,0
236884,236884,236885,1,0
236884,236885,236886,1,1
236883,236884,236886,2,1
236884,236884,236886,2,0
236884,236884,236886,2,0
236884,236885,236886,1,1
236883,236884,236885,1,1
236884,236884,236886,2,0
236884,236884,236886,2,0
236884,236884,236885,1,0
236884,236885,236886,1,1
236884,236885,236886,1,1
236883,236884,236885,1,1
236884,236884,236886,2,0
236884,236884,236886,2,0
236884,236884,236885,1,0
236884,236885,236886,1,1
236884,236885,236886,1,1
236884,236885,236886,1,1
236884,236885,236886,1,1
236884,236885,236886,1,1
236884,236885,236886,1,1
236884,236885,236886,1,1
236884,236885,236887,2,1
236884,236885,236887,2,1
236884,236885,236887,2,1
236884,236885,236887,2,1
236884,236885,236887,2,1
236884,236885,236887,2,1
236884,236885,236887,2,1
236884,236885,236887,2,1
236884,236885,236887,2,1
236884,236885,236887,2,1
236884,236885,236887,2,1
236884,236885,236887,2,1
236884,236887,236888,1,3
236884,236885,236887,2,1
236884,236885,236887,2,1
236884,236887,236888,1,3
236884,236885,236887,2,1
236884,236885,236887,2,1
236884,236885,236887,2,1
236884,236885,236887,2,1
236884,236885,236887,2,1
236884,236887,236888,1,3
236884,236885,236887,2,1
236884,236886,236887,1,2
236884,236886,236888,2,2
236884,236886,236888,2,2
236884,236886,236888,2,2
236884,236886,236888,2,2
236884,236886,236888,2,2
236884,236887,236888,1,3
236884,236887,236888,1,3
236884,236887,236888,1,3
236884,236887,236889,2,3
236884,236887,236888,1,3
236884,236887,236888,1,3
236884,236887,236888,1,3
236884,236887,236888,1,3
236884,236887,236888,1,3
236884,236887,236888,1,3
236884,236887,236888,1,3
236884,236885,236888,3,1
236884,236887,236888,1,3
236884,236887,236888,1,3
236884,236887,236888,1,3
236884,236887,236888,1,3
236884,236887,236888,1,3
236884,236887,236888,1,3
236884,236887,236888,1,3
236884,236886,236888,2,2
236884,236887,236888,1,3
236884,236887,236888,1,3
236884,236887,236888,1,3
236884,236887,236888,1,3
236884,236887,236888,1,3
236884,236887,236888,1,3
236884,236887,236888,1,3
236884,236887,236888,1,3
236884,236887,236888,1,3
236884,236887,236889,2,3
236884,236887,236888,1,3
236884,236887,236889,2,3
236884,236887,236889,2,3
236884,236887,236889,2,3
236884,236887,236888,1,3
236884,236887,236888,1,3
236884,236886,236888,2,2
236884,236887,236889,2,3
236884,236887,236889,2,3
236884,236887,236889,2,3
236884,236887,236889,2,3
236884,236887,236889,2,3
236848,236848,236895,47,0
236849,236850,236897,47,1
236936,236936,236937,1,0
236936,236936,236937,1,0
236936,236936,236937,1,0
236936,236936,236937,1,0
236936,236936,236937,1,0
236936,236936,236937,1,0
236936,236936,236937,1,0
236936,236936,236937,1,0
236936,236936,236937,1,0
236936,236936,236937,1,0
236936,236936,236937,1,0
236936,236936,236937,1,0
236936,236936,236937,1,0
236936,236936,236937,1,0
236936,236936,236937,1,0
236936,236936,236937,1,0
236936,236936,236937,1,0
236936,236936,236937,1,0
236936,236936,236937,1,0
236936,236936,236937,1,0
236936,236936,236937,1,0
236936,236936,236937,1,0
236936,236936,236937,1,0
236936,236936,236937,1,0
236936,236936,236937,1,0
236936,236936,236937,1,0
236936,236936,236937,1,0
236936,236936,236937,1,0
236936,236936,236937,1,0
236936,236936,236937,1,0
236936,236936,236937,1,0
236936,236936,236937,1,0
236936,236936,236937,1,0
236936,236936,236937,1,0
236936,236936,236937,1,0
236936,236936,236937,1,0
236936,236936,236937,1,0
236936,236936,236937,1,0
236936,236936,236937,1,0
236936,236936,236938,2,0
236936,236936,236937,1,0
236936,236936,236937,1,0
236936,236936,236938,2,0
236936,236936,236937,1,0
236936,236936,236937,1,0
236936,236936,236937,1,0
236936,236936,236937,1,0
236936,236936,236937,1,0
236936,236936,236938,2,0
236936,236936,236938,2,0
236936,236936,236938,2,0
236936,236936,236938,2,0
236936,236937,236938,1,1
236936,236936,236938,2,0
236936,236936,236938,2,0
236936,236936,236938,2,0
236936,236936,236938,2,0
236936,236936,236938,2,0
236936,236936,236938,2,0
236936,236938,236939,1,2
236936,236936,236938,2,0
236936,236936,236939,3,0
236936,236936,236938,2,0
236936,236936,236938,2,0
236936,236936,236938,2,0
236936,236938,236939,1,2
236936,236936,236938,2,0
236936,236936,236938,2,0
236936,236936,236938,2,0
236936,236936,236938,2,0
236936,236936,236939,3,0
236936,236936,236938,2,0
236936,236936,236938,2,0
236936,236936,236938,2,0
236936,236936,236938,2,0
236936,236936,236938,2,0
236936,236936,236938,2,0
236936,236936,236938,2,0
236936,236936,236938,2,0
236936,236936,236938,2,0
236936,236936,236938,2,0
236936,236936,236938,2,0
236936,236938,236939,1,2
236936,236938,236939,1,2
236936,236938,236939,1,2
236936,236938,236939,1,2
236936,236938,236939,1,2
236936,236938,236939,1,2
236936,236938,236939,1,2
236936,236938,236939,1,2
236936,236938,236939,1,2
236936,236936,236939,3,0
236936,236938,236939,1,2
236936,236938,236939,1,2
236936,236938,236939,1,2
236936,236938,236939,1,2
236936,236938,236939,1,2
236936,236938,236939,1,2
236936,236938,236939,1,2
236936,236938,236939,1,2
236936,236938,236939,1,2
236936,236938,236939,1,2
236936,236938,236939,1,2
236936,236938,236939,1,2
236936,236938,236939,1,2
236936,236938,236939,1,2
236936,236938,236939,1,2
236936,236938,236939,1,2
236936,236938,236939,1,2
236936,236938,236939,1,2
236936,236938,236939,1,2
236936,236939,236940,1,3
236936,236938,236939,1,2
236936,236938,236939,1,2
236936,236939,236940,1,3
236936,236939,236940,1,3
236936,236938,236939,1,2
236936,236938,236939,1,2
236936,236938,236939,1,2
236936,236938,236939,1,2
236936,236939,236940,1,3
236936,236939,236940,1,3
236936,236938,236939,1,2
236936,236938,236939,1,2
236936,236938,236939,1,2
236936,236938,236939,1,2
236936,236938,236939,1,2
236936,236939,236940,1,3
236936,236939,236940,1,3
236937,236939,236990,51,2
237000,237000,237001,1,0
237000,237000,237002,2,0
237000,237000,237001,1,0
237000,237000,237001,1,0
237000,237000,237001,1,0
237000,237000,237001,1,0
237000,237000,237001,1,0
237000,237000,237001,1,0
237000,237000,237002,2,0
237000,237000,237001,1,0
237000,237000,237001,1,0
237000,237000,237001,1,0
237000,237001,237002,1,1
237000,237000,237001,1,0
237000,237000,237001,1,0
237000,237001,237002,1,1
237000,237000,237001,1,0
237000,237000,237001,1,0
237000,237001,237002,1,1
237000,237000,237001,1,0
237000,237000,237001,1,0
237000,237000,237001,1,0
237000,237001,237002,1,1
237000,237001,237002,1,1
237000,237000,237002,2,0
237000,237000,237002,2,0
237000,237001,237002,1,1
237000,237001,237002,1,1
237000,237001,237002,1,1
237000,237001,237002,1,1
237000,237000,237002,2,0
237000,237000,237002,2,0
237000,237001,237002,1,1
237000,237001,237002,1,1
237000,237000,237003,3,0
237000,237001,237002,1,1
237000,237001,237002,1,1
237000,237000,237002,2,0
237000,237000,237002,2,0
237000,237001,237002,1,1
237000,237001,237002,1,1
237000,237000,237002,2,0
237000,237001,237002,1,1
237000,237001,237002,1,1
237000,237000,237002,2,0
237000,237000,237002,2,0
237000,237001,237002,1,1
237000,237001,237002,1,1
237000,237000,237002,2,0
237000,237000,237002,2,0
237000,237001,237002,1,1
237000,237001,237002,1,1
237000,237000,237002,2,0
237000,237000,237002,2,0
237000,237001,237002,1,1
237000,237001,237002,1,1
237000,237000,237002,2,0
237047,237048,237049,1,1
237047,237048,237049,1,1
237001,237001,237048,47,0
237047,237048,237049,1,1
237047,237048,237049,1,1
237047,237048,237049,1,1
237047,237048,237049,1,1
237047,237048,237049,1,1
237047,237048,237049,1,1
237047,237048,237049,1,1
237047,237048,237049,1,1
237047,237048,237049,1,1
237047,237048,237049,1,1
237047,237048,237049,1,1
237047,237048,237049,1,1
237047,237048,237049,1,1
237047,237048,237049,1,1
237047,237048,237049,1,1
237047,237048,237049,1,1
237047,237048,237049,1,1
237047,237048,237049,1,1
237047,237048,237049,1,1
237047,237048,237049,1,1
237047,237048,237049,1,1
237047,237048,237050,2,1
237047,237048,237050,2,1
237081,237081,237082,1,0
237081,237081,237082,1,0
237081,237081,237082,1,0
237081,237081,237082,1,0
237081,237081,237082,1,0
237081,237081,237082,1,0
237081,237081,237082,1,0
237081,237081,237082,1,0
237081,237081,237082,1,0
237081,237081,237082,1,0
237081,237081,237082,1,0
237081,237081,237082,1,0
237081,237081,237082,1,0
237081,237081,237082,1,0
237081,237081,237082,1,0
237081,237081,237083,2,0
237081,237081,237082,1,0
237081,237081,237082,1,0
237081,237081,237082,1,0
237081,237081,237082,1,0
237081,237081,237083,2,0
237081,237081,237082,1,0
237081,237081,237082,1,0
237081,237081,237082,1,0
237081,237081,237082,1,0
237081,237081,237082,1,0
237081,237081,237082,1,0
237081,237081,237083,2,0
237081,237081,237082,1,0
237081,237081,237082,1,0
237081,237081,237083,2,0
237081,237081,237082,1,0
237081,237081,237083,2,0
237081,237081,237082,1,0
237098,237098,237099,1,0
237098,237098,237099,1,0
237098,237098,237099,1,0
237098,237098,237099,1,0
237098,237098,237099,1,0
237098,237098,237099,1,0
237098,237098,237099,1,0
237098,237098,237099,1,0
237098,237098,237099,1,0
237098,237098,237099,1,0
237098,237098,237099,1,0
237098,237098,237099,1,0
237098,237098,237100,2,0
237098,237098,237099,1,0
237098,237098,237100,2,0
237098,237098,237099,1,0
237098,237098,237099,1,0
237098,237098,237099,1,0
237098,237098,237099,1,0
237098,237098,237099,1,0
237098,237098,237099,1,0
237098,237098,237099,1,0
237098,237098,237099,1,0
237098,237098,237099,1,0
237098,237098,237099,1,0
237098,237098,237100,2,0
237098,237098,237100,2,0
237098,237098,237100,2,0
237098,237098,237099,1,0
237098,237098,237099,1,0
237098,237098,237100,2,0
237098,237098,237099,1,0
237098,237098,237099,1,0
237098,237098,237100,2,0
237081,237081,237131,50,0
237132,237132,237133,1,0
237132,237132,237133,1,0
237132,237132,237133,1,0
237132,237132,237133,1,0
237132,237132,237133,1,0
237132,237132,237133,1,0
237132,237132,237133,1,0
237132,237132,237133,1,0
237132,237132,237133,1,0
237132,237132,237133,1,0
237132,237132,237133,1,0
237132,237132,237134,2,0
237132,237132,237133,1,0
237132,237132,237134,2,0
237132,237132,237133,1,0
237132,237132,237134,2,0
237132,237132,237134,2,0
237132,237132,237134,2,0
237132,237132,237134,2,0
237132,237132,237134,2,0
237132,237132,237134,2,0
237132,237132,237134,2,0
237132,237132,237134,2,0
237132,237132,237134,2,0
237132,237132,237134,2,0
237132,237132,237133,1,0
237132,237132,237134,2,0
237132,237132,237134,2,0
237132,237132,237133,1,0
237132,237132,237134,2,0
237132,237132,237134,2,0
237132,237132,237133,1,0
237132,237132,237134,2,0
237132,237132,237134,2,0
237098,237098,237152,54,0
237153,237153,237154,1,0
237153,237153,237154,1,0
237153,237153,237154,1,0
237153,237153,237154,1,0
237153,237153,237154,1,0
237153,237153,237154,1,0
237153,237153,237154,1,0
237153,237153,237154,1,0
237153,237153,237154,1,0
237153,237153,237154,1,0
237153,237153,237154,1,0
237153,237153,237155,2,0
237153,237153,237155,2,0
237153,237153,237155,2,0
237153,237154,237155,1,1
237153,237153,237155,2,0
237153,237153,237155,2,0
237153,237153,237155,2,0
237153,237153,237155,2,0
237153,237153,237155,2,0
237153,237153,237155,2,0
237153,237153,237155,2,0
237153,237153,237155,2,0
237153,237153,237155,2,0
237153,237153,237155,2,0
237153,237153,237155,2,0
237153,237153,237155,2,0
237153,237153,237155,2,0
237153,237154,237155,1,1
237153,237153,237155,2,0
237153,237153,237155,2,0
237153,237154,237155,1,1
237153,237153,237155,2,0
237153,237153,237155,2,0
237135,237135,237180,45,0
237181,237181,237182,1,0
237181,237181,237182,1,0
237181,237181,237182,1,0
237181,237181,237182,1,0
237181,237181,237182,1,0
237181,237181,237182,1,0
237181,237181,237182,1,0
237181,237181,237182,1,0
237181,237181,237182,1,0
237181,237181,237182,1,0
237181,237181,237183,2,0
237181,237181,237183,2,0
237181,237181,237183,2,0
237181,237181,237182,1,0
237181,237181,237183,2,0
237181,237181,237182,1,0
237181,237181,237183,2,0
237181,237181,237183,2,0
237181,237181,237183,2,0
237181,237181,237182,1,0
237181,237181,237182,1,0
237181,237181,237183,2,0
237181,237181,237183,2,0
237181,237181,237183,2,0
237181,237181,237182,1,0
237181,237181,237183,2,0
237181,237181,237183,2,0
237181,237181,237182,1,0
237181,237181,237183,2,0
237181,237181,237183,2,0
237181,237181,237182,1,0
237181,237181,237182,1,0
237181,237181,237183,2,0
237181,237181,237182,1,0
237133,237133,237188,55,0
237154,237154,237199,45,0
237156,237156,237201,45,0
237200,237200,237201,1,0
237200,237200,237201,1,0
237200,237200,237201,1,0
237200,237200,237201,1,0
237200,237200,237201,1,0
237200,237200,237201,1,0
237200,237200,237201,1,0
237200,237200,237201,1,0
237200,237200,237201,1,0
237200,237200,237201,1,0
237200,237200,237201,1,0
237200,237200,237201,1,0
237200,237200,237201,1,0
237200,237200,237201,1,0
237200,237200,237201,1,0
237200,237200,237201,1,0
237200,237200,237202,2,0
237200,237200,237202,2,0
237200,237200,237202,2,0
237200,237200,237202,2,0
237200,237200,237202,2,0
237200,237200,237202,2,0
237200,237200,237202,2,0
237200,237200,237202,2,0
237200,237200,237202,2,0
237200,237200,237202,2,0
237201,237202,237203,1,1
237200,237200,237202,2,0
237200,237200,237202,2,0
237200,237200,237202,2,0
237200,237200,237202,2,0
237200,237200,237202,2,0
237200,237200,237202,2,0
237201,237202,237203,1,1
237200,237200,237202,2,0
237200,237200,237202,2,0
237201,237202,237203,1,1
237201,237202,237203,1,1
237201,237202,237203,1,1
237201,237202,237203,1,1
237201,237202,237203,1,1
237201,237202,237203,1,1
237201,237202,237203,1,1
237201,237202,237203,1,1
237203,237203,237204,1,0
237201,237202,237203,1,1
237201,237202,237203,1,1
237203,237203,237204,1,0
237201,237202,237203,1,1
237201,237202,237203,1,1
237201,237202,237203,1,1
237201,237202,237203,1,1
237201,237202,237203,1,1
237203,237203,237204,1,0
237203,237203,237204,1,0
237201,237202,237203,1,1
237201,237202,237203,1,1
237203,237203,237204,1,0
237201,237202,237203,1,1
237201,237202,237203,1,1
237203,237203,237204,1,0
237201,237202,237203,1,1
237201,237202,237203,1,1
237203,237203,237204,1,0
237203,237203,237204,1,0
237201,237202,237203,1,1
237201,237202,237203,1,1
237203,237203,237204,1,0
237203,237203,237204,1,0
237203,237203,237204,1,0
237203,237203,237204,1,0
237203,237203,237205,2,0
237203,237203,237205,2,0
237203,237203,237205,2,0
237203,237203,237204,1,0
237203,237203,237204,1,0
237203,237203,237205,2,0
237203,237203,237205,2,0
237203,237203,237204,1,0
237203,237203,237205,2,0
237203,237203,237204,1,0
237203,237203,237204,1,0
237203,237203,237205,2,0
237203,237203,237204,1,0
237203,237203,237205,2,0
237203,237203,237205,2,0
237203,237203,237204,1,0
237203,237203,237204,1,0
237203,237203,237204,1,0
237203,237203,237205,2,0
237203,237203,237204,1,0
237203,237203,237204,1,0
237203,237203,237205,2,0
237176,237176,237219,43,0
237175,237175,237220,45,0
237178,237178,237229,51,0
237183,237183,237237,54,0
237238,237238,237239,1,0
237238,237238,237239,1,0
237238,237238,237239,1,0
237238,237238,237239,1,0
237238,237238,237239,1,0
237238,237238,237239,1,0
237238,237238,237239,1,0
237238,237238,237239,1,0
237238,237238,237239,1,0
237238,237238,237239,1,0
237238,237238,237239,1,0
237238,237238,237239,1,0
237238,237238,237239,1,0
237238,237238,237239,1,0
237238,237238,237239,1,0
237238,237238,237239,1,0
237238,237238,237239,1,0
237238,237238,237239,1,0
237238,237238,237239,1,0
237238,237238,237239,1,0
237238,237238,237239,1,0
237238,237238,237239,1,0
237238,237238,237239,1,0
237238,237238,237239,1,0
237238,237238,237239,1,0
237238,237238,237239,1,0
237238,237238,237239,1,0
237238,237238,237239,1,0
237238,237238,237239,1,0
237238,237238,237239,1,0
237238,237238,237239,1,0
237238,237238,237239,1,0
237238,237238,237239,1,0
237238,237238,237239,1,0
237238,237238,237239,1,0
237238,237238,237239,1,0
237238,237238,237239,1,0
237238,237238,237239,1,0
237238,237238,237239,1,0
237238,237238,237239,1,0
237238,237239,237240,1,1
237238,237239,237240,1,1
237238,237238,237240,2,0
237238,237238,237239,1,0
237238,237238,237239,1,0
237238,237238,237240,2,0
237238,237238,237239,1,0
237238,237238,237239,1,0
237238,237238,237240,2,0
237238,237238,237240,2,0
237238,237238,237239,1,0
237238,237238,237239,1,0
237238,237238,237239,1,0
237238,237238,237239,1,0
237238,237238,237240,2,0
237238,237238,237239,1,0
237238,237238,237239,1,0
237238,237238,237240,2,0
237238,237238,237240,2,0
237238,237238,237240,2,0
237238,237238,237239,1,0
237238,237238,237239,1,0
237238,237238,237240,2,0
237238,237238,237239,1,0
237238,237240,237241,1,2
237238,237238,237240,2,0
237238,237238,237240,2,0
237238,237238,237240,2,0
237238,237239,237241,2,1
237238,237238,237240,2,0
237238,237238,237240,2,0
237238,237238,237240,2,0
237238,237238,237240,2,0
237238,237238,237240,2,0
237238,237239,237241,2,1
237238,237239,237240,1,1
237238,237239,237240,1,1
237238,237239,237241,2,1
237238,237239,237241,2,1
237238,237239,237241,2,1
237238,237239,237241,2,1
237238,237239,237241,2,1
237238,237239,237241,2,1
237238,237240,237241,1,2
237238,237239,237241,2,1
237238,237240,237241,1,2
237238,237239,237241,2,1
237238,237240,237241,1,2
237238,237239,237241,2,1
237238,237240,237241,1,2
237238,237240,237241,1,2
237238,237240,237241,1,2
237238,237239,237241,2,1
237238,237239,237241,2,1
237238,237239,237241,2,1
237238,237240,237241,1,2
237238,237239,237241,2,1
237238,237240,237241,1,2
237238,237240,237242,2,2
237180,237180,237249,69,0
237272,237272,237273,1,0
237272,237272,237273,1,0
237272,237272,237273,1,0
237272,237272,237273,1,0
237272,237272,237273,1,0
237272,237272,237273,1,0
237272,237272,237274,2,0
237272,237272,237273,1,0
237272,237272,237274,2,0
237272,237272,237274,2,0
237272,237272,237273,1,0
237272,237272,237273,1,0
237272,237272,237273,1,0
237272,237272,237273,1,0
237272,237272,237273,1,0
237272,237272,237273,1,0
237272,237272,237273,1,0
237272,237272,237273,1,0
237272,237272,237273,1,0
237272,237272,237273,1,0
237272,237272,237273,1,0
237272,237272,237274,2,0
237272,237272,237273,1,0
237272,237272,237273,1,0
237272,237272,237273,1,0
237272,237272,237273,1,0
237272,237272,237273,1,0
237272,237272,237274,2,0
237272,237272,237273,1,0
237202,237202,237279,77,0
237204,237204,237285,81,0
237238,237240,237291,51,2
237305,237305,237306,1,0
237304,237305,237306,1,1
237305,237305,237306,1,0
237305,237305,237306,1,0
237304,237305,237306,1,1
237304,237305,237306,1,1
237304,237305,237306,1,1
237305,237305,237306,1,0
237304,237305,237306,1,1
237304,237305,237306,1,1
237305,237305,237306,1,0
237305,237305,237306,1,0
237304,237305,237306,1,1
237304,237305,237306,1,1
237305,237305,237306,1,0
237304,237305,237306,1,1
237304,237305,237306,1,1
237305,237305,237307,2,0
237305,237305,237306,1,0
237304,237305,237306,1,1
237304,237305,237306,1,1
237305,237305,237307,2,0
237305,237305,237306,1,0
237305,237305,237306,1,0
237304,237305,237306,1,1
237304,237305,237306,1,1
237305,237305,237307,2,0
237305,237305,237306,1,0
237304,237305,237306,1,1
237304,237305,237307,2,1
237305,237305,237306,1,0
237305,237305,237306,1,0
237305,237305,237306,1,0
237304,237305,237306,1,1
237304,237305,237306,1,1
237305,237305,237307,2,0
237305,237305,237307,2,0
237305,237305,237306,1,0
237304,237305,237306,1,1
237304,237305,237306,1,1
237305,237305,237306,1,0
237305,237305,237307,2,0
237305,237305,237306,1,0
237304,237305,237306,1,1
237304,237305,237306,1,1
237305,237305,237307,2,0
237305,237305,237306,1,0
237304,237305,237306,1,1
237305,237305,237307,2,0
237305,237305,237307,2,0
237305,237305,237306,1,0
237304,237305,237306,1,1
237304,237305,237306,1,1
237305,237305,237306,1,0
237305,237305,237306,1,0
237305,237305,237306,1,0
237305,237305,237307,2,0
237305,237305,237307,2,0
237337,237338,237339,1,1
237337,237337,237339,2,0
237337,237338,237339,1,1
237337,237338,237339,1,1
237337,237338,237339,1,1
237337,237338,237339,1,1
237337,237338,237339,1,1
237337,237338,237339,1,1
237337,237338,237339,1,1
237337,237338,237339,1,1
237337,237338,237339,1,1
237337,237338,237339,1,1
237337,237338,237339,1,1
237337,237338,237339,1,1
237337,237338,237339,1,1
237337,237338,237339,1,1
237337,237338,237339,1,1
237337,237338,237339,1,1
237337,237338,237339,1,1
237337,237338,237339,1,1
237337,237338,237339,1,1
237337,237338,237339,1,1
237337,237338,237339,1,1
237337,237338,237339,1,1
237337,237338,237340,2,1
237354,237354,237355,1,0
237354,237354,237355,1,0
237354,237354,237355,1,0
237354,237354,237355,1,0
237354,237354,237355,1,0
237354,237354,237355,1,0
237354,237354,237355,1,0
237354,237354,237355,1,0
237354,237354,237355,1,0
237354,237354,237356,2,0
237354,237354,237355,1,0
237354,237354,237356,2,0
237354,237354,237356,2,0
237354,237354,237356,2,0
237354,237354,237356,2,0
237354,237354,237355,1,0
237354,237354,237356,2,0
237354,237354,237355,1,0
237354,237354,237356,2,0
237354,237354,237356,2,0
237354,237354,237355,1,0
237354,237354,237356,2,0
237354,237354,237355,1,0
237354,237354,237356,2,0
237354,237354,237355,1,0
237354,237354,237355,1,0
237354,237354,237356,2,0
237354,237354,237355,1,0
237354,237354,237356,2,0
237354,237354,237356,2,0
237354,237354,237355,1,0
237354,237354,237356,2,0
237354,237354,237357,3,0
237354,237354,237358,4,0
237305,237305,237361,56,0
237372,237372,237373,1,0
237372,237372,237373,1,0
237372,237372,237373,1,0
237372,237372,237373,1,0
237372,237372,237373,1,0
237372,237372,237373,1,0
237372,237372,237373,1,0
237372,237372,237373,1,0
237372,237372,237373,1,0
237372,237372,237373,1,0
237372,237372,237373,1,0
237372,237372,237373,1,0
237372,237372,237373,1,0
237372,237372,237373,1,0
237372,237372,237374,2,0
237372,237372,237373,1,0
237372,237372,237373,1,0
237372,237372,237373,1,0
237372,237372,237374,2,0
237372,237372,237373,1,0
237372,237372,237373,1,0
237372,237372,237373,1,0
237372,237372,237373,1,0
237372,237372,237374,2,0
237372,237372,237373,1,0
237372,237372,237374,2,0
237372,237372,237373,1,0
237372,237372,237373,1,0
237372,237372,237374,2,0
237372,237372,237374,2,0
237354,237354,237399,45,0
237407,237407,237408,1,0
237407,237407,237408,1,0
237407,237407,237408,1,0
237407,237407,237408,1,0
237407,237407,237408,1,0
237407,237407,237408,1,0
237407,237407,237408,1,0
237407,237407,237408,1,0
237407,237407,237408,1,0
237407,237407,237409,2,0
237407,237407,237408,1,0
237407,237407,237409,2,0
237407,237407,237409,2,0
237407,237407,237409,2,0
237407,237407,237409,2,0
237407,237407,237409,2,0
237407,237407,237409,2,0
237407,237407,237409,2,0
237407,237407,237409,2,0
237407,237407,237409,2,0
237407,237407,237409,2,0
237407,237407,237409,2,0
237407,237407,237409,2,0
237407,237407,237409,2,0
237407,237407,237409,2,0
237407,237407,237408,1,0
237407,237407,237409,2,0
237407,237407,237409,2,0
237407,237407,237409,2,0
237407,237407,237409,2,0
237407,237407,237409,2,0
237407,237407,237408,1,0
237407,237407,237409,2,0
237407,237407,237409,2,0
237390,237390,237435,45,0
237435,237436,237437,1,1
237435,237436,237437,1,1
237435,237436,237437,1,1
237435,237436,237437,1,1
237435,237436,237437,1,1
237435,237436,237437,1,1
237435,237436,237437,1,1
237435,237436,237437,1,1
237435,237436,237437,1,1
237435,237436,237437,1,1
237435,237436,237437,1,1
237435,237436,237437,1,1
237435,237436,237437,1,1
237435,237436,237437,1,1
237435,237436,237437,1,1
237435,237436,237437,1,1
237435,237436,237437,1,1
237435,237436,237437,1,1
237435,237436,237437,1,1
237435,237436,237437,1,1
237435,237436,237437,1,1
237435,237436,237437,1,1
237435,237436,237437,1,1
237435,237436,237437,1,1
237435,237436,237437,1,1
237409,237409,237456,47,0
237458,237458,237459,1,0
237458,237458,237459,1,0
237458,237458,237459,1,0
237458,237458,237459,1,0
237458,237458,237459,1,0
237458,237458,237459,1,0
237458,237458,237459,1,0
237458,237458,237459,1,0
237458,237458,237459,1,0
237458,237458,237459,1,0
237458,237458,237459,1,0
237458,237458,237459,1,0
237458,237458,237459,1,0
237458,237458,237459,1,0
237458,237458,237459,1,0
237458,237458,237459,1,0
237458,237458,237459,1,0
237458,237458,237459,1,0
237458,237458,237459,1,0
237458,237458,237459,1,0
237458,237458,237459,1,0
237458,237458,237459,1,0
237458,237458,237459,1,0
237458,237458,237459,1,0
237458,237458,237459,1,0
237458,237458,237459,1,0
237458,237458,237459,1,0
237458,237458,237459,1,0
237458,237458,237459,1,0
237458,237458,237460,2,0
237458,237458,237459,1,0
237458,237458,237459,1,0
237429,237429,237473,44,0
237430,237430,237474,44,0
237478,237478,237479,1,0
237478,237478,237479,1,0
237478,237478,237479,1,0
237478,237478,237479,1,0
237478,237478,237479,1,0
237478,237478,237479,1,0
237478,237478,237479,1,0
237478,237478,237479,1,0
237478,237478,237479,1,0
237478,237478,237479,1,0
237478,237478,237479,1,0
237478,237478,237479,1,0
237478,237478,237479,1,0
237478,237478,237479,1,0
237479,237479,237480,1,0
237478,237478,237479,1,0
237478,237478,237479,1,0
237478,237478,237479,1,0
237478,237478,237480,2,0
237478,237478,237479,1,0
237478,237478,237479,1,0
237479,237479,237480,1,0
237478,237478,237479,1,0
237478,237478,237479,1,0
237479,237479,237480,1,0
237479,237479,237480,1,0
237478,237478,237479,1,0
237478,237478,237480,2,0
237478,237478,237479,1,0
237479,237479,237480,1,0
237479,237479,237480,1,0
237427,237427,237480,53,0
237478,237478,237479,1,0
237478,237478,237479,1,0
237479,237479,237480,1,0
237479,237479,237480,1,0
237478,237479,237480,1,1
237479,237479,237480,1,0
237478,237478,237480,2,0
237478,237478,237479,1,0
237479,237479,237480,1,0
237479,237479,237480,1,0
237479,237479,237480,1,0
237479,237479,237480,1,0
237479,237479,237480,1,0
237479,237479,237480,1,0
237478,237479,237480,1,1
237479,237479,237480,1,0
237479,237479,237480,1,0
237479,237479,237480,1,0
237479,237479,237480,1,0
237478,237478,237480,2,0
237479,237479,237480,1,0
237479,237479,237481,2,0
237479,237479,237481,2,0
237479,237479,237481,2,0
237479,237479,237481,2,0
237480,237481,237482,1,1
237479,237479,237481,2,0
237479,237479,237481,2,0
237479,237479,237481,2,0
237435,237435,237482,47,0
237478,237479,237481,2,1
237479,237479,237481,2,0
237479,237479,237481,2,0
237479,237479,237481,2,0
237479,237479,237481,2,0
237479,237479,237481,2,0
237479,237479,237481,2,0
237480,237481,237482,1,1
237479,237479,237481,2,0
237480,237481,237482,1,1
237480,237481,237482,1,1
237480,237481,237482,1,1
237480,237481,237482,1,1
237480,237481,237482,1,1
237480,237481,237482,1,1
237480,237481,237482,1,1
237480,237481,237482,1,1
237480,237481,237482,1,1
237480,237481,237482,1,1
237480,237481,237482,1,1
237480,237481,237482,1,1
237480,237481,237482,1,1
237480,237481,237482,1,1
237480,237481,237482,1,1
237437,237437,237483,46,0
237480,237481,237482,1,1
237480,237481,237482,1,1
237480,237481,237482,1,1
237480,237481,237482,1,1
237480,237481,237482,1,1
237480,237481,237482,1,1
237480,237481,237482,1,1
237480,237481,237482,1,1
237438,237439,237485,46,1
237433,237434,237487,53,1
237432,237432,237495,63,0
237499,237500,237501,1,1
237499,237500,237501,1,1
237500,237500,237501,1,0
237500,237500,237501,1,0
237499,237500,237501,1,1
237500,237500,237501,1,0
237500,237500,237501,1,0
237499,237500,237501,1,1
237500,237500,237501,1,0
237499,237500,237501,1,1
237500,237500,237501,1,0
237499,237500,237501,1,1
237499,237500,237501,1,1
237500,237500,237501,1,0
237500,237500,237501,1,0
237499,237500,237501,1,1
237499,237500,237501,1,1
237500,237500,237501,1,0
237499,237500,237501,1,1
237500,237500,237501,1,0
237499,237500,237501,1,1
237500,237500,237501,1,0
237500,237500,237501,1,0
237500,237500,237501,1,0
237500,237500,237501,1,0
237500,237500,237501,1,0
237500,237500,237501,1,0
237499,237500,237502,2,1
237499,237500,237501,1,1
237500,237500,237501,1,0
237500,237500,237501,1,0
237500,237501,237502,1,1
237499,237500,237501,1,1
237500,237500,237502,2,0
237500,237500,237501,1,0
237500,237500,237501,1,0
237500,237500,237501,1,0
237500,237500,237502,2,0
237500,237500,237501,1,0
237499,237500,237501,1,1
237499,237500,237502,2,1
237500,237500,237502,2,0
237500,237500,237501,1,0
237499,237500,237502,2,1
237500,237500,237501,1,0
237500,237500,237501,1,0
237500,237500,237501,1,0
237499,237500,237501,1,1
237499,237500,237501,1,1
237500,237500,237502,2,0
237500,237500,237501,1,0
237500,237500,237501,1,0
237500,237501,237502,1,1
237499,237500,237501,1,1
237499,237500,237501,1,1
237500,237500,237502,2,0
237500,237500,237501,1,0
237499,237500,237501,1,1
237500,237500,237502,2,0
237500,237500,237501,1,0
237500,237500,237501,1,0
237499,237500,237501,1,1
237500,237500,237502,2,0
237500,237500,237501,1,0
237500,237501,237502,1,1
237500,237500,237503,3,0
237500,237500,237503,3,0
237500,237501,237503,2,1
237500,237501,237503,2,1
237500,237501,237503,2,1
237500,237501,237503,2,1
237500,237501,237503,2,1
237500,237501,237502,1,1
237499,237500,237502,2,1
237500,237501,237503,2,1
237500,237501,237503,2,1
237500,237501,237502,1,1
237500,237501,237502,1,1
237500,237501,237503,2,1
237500,237501,237503,2,1
237500,237501,237502,1,1
237500,237501,237503,2,1
237500,237501,237503,2,1
237500,237501,237503,2,1
237500,237501,237503,2,1
237500,237501,237502,1,1
237500,237501,237503,2,1
237500,237501,237503,2,1
237500,237501,237503,2,1
237500,237501,237503,2,1
237458,237458,237505,47,0
237460,237460,237517,57,0
237480,237480,237527,47,0
237500,237501,237550,49,1
237550,237550,237551,1,0
237550,237550,237552,2,0
237550,237551,237552,1,1
237550,237550,237551,1,0
237550,237550,237552,2,0
237550,237550,237552,2,0
237550,237551,237552,1,1
237550,237550,237551,1,0
237550,237550,237552,2,0
237550,237551,237552,1,1
237550,237551,237552,1,1
237550,237550,237551,1,0
237550,237550,237552,2,0
237550,237550,237551,1,0
237550,237551,237552,1,1
237550,237551,237552,1,1
237550,237550,237551,1,0
237550,237550,237552,2,0
237550,237551,237552,1,1
237550,237551,237552,1,1
237550,237550,237551,1,0
237550,237550,237552,2,0
237550,237551,237552,1,1
237550,237550,237552,2,0
237550,237551,237552,1,1
237550,237551,237552,1,1
237550,237550,237551,1,0
237550,237550,237552,2,0
237550,237550,237552,2,0
237550,237551,237552,1,1
237550,237550,237551,1,0
237550,237550,237551,1,0
237550,237550,237552,2,0
237550,237551,237552,1,1
237550,237550,237552,2,0
237550,237550,237552,2,0
237550,237551,237553,2,1
237550,237551,237553,2,1
237550,237551,237552,1,1
237550,237551,237553,2,1
237550,237550,237552,2,0
237550,237551,237552,1,1
237550,237551,237552,1,1
237550,237551,237553,2,1
237550,237552,237553,1,2
237550,237550,237552,2,0
237550,237551,237552,1,1
237550,237551,237553,2,1
237550,237551,237552,1,1
237550,237550,237552,2,0
237550,237551,237552,1,1
237550,237551,237553,2,1
237550,237551,237552,1,1
237550,237550,237553,3,0
237550,237551,237553,2,1
237550,237551,237552,1,1
237550,237551,237552,1,1
237550,237550,237552,2,0
237550,237550,237552,2,0
237550,237551,237552,1,1
237550,237551,237552,1,1
237550,237552,237553,1,2
237550,237550,237552,2,0
237550,237551,237553,2,1
237550,237551,237552,1,1
237550,237550,237552,2,0
237550,237550,237552,2,0
237550,237551,237552,1,1
237550,237550,237552,2,0
237550,237551,237552,1,1
237550,237551,237552,1,1
237550,237550,237552,2,0
237550,237551,237552,1,1
237550,237551,237552,1,1
237550,237552,237553,1,2
237550,237552,237553,1,2
237550,237552,237553,1,2
237550,237552,237553,1,2
237550,237552,237553,1,2
237550,237552,237553,1,2
237550,237552,237553,1,2
237550,237552,237554,2,2
237550,237552,237553,1,2
237550,237552,237553,1,2
237550,237551,237553,2,1
237550,237552,237554,2,2
237550,237552,237553,1,2
237550,237552,237554,2,2
237550,237552,237554,2,2
237550,237552,237553,1,2
237550,237552,237554,2,2
237550,237552,237554,2,2
237550,237552,237553,1,2
237550,237552,237553,1,2
237550,237552,237554,2,2
237601,237601,237603,2,0
237601,237601,237602,1,0
237601,237601,237603,2,0
237601,237601,237602,1,0
237601,237601,237602,1,0
237601,237601,237602,1,0
237601,237601,237602,1,0
237601,237601,237602,1,0
237601,237601,237603,2,0
237601,237601,237602,1,0
237601,237601,237603,2,0
237601,237601,237602,1,0
237601,237601,237602,1,0
237601,237601,237602,1,0
237601,237601,237602,1,0
237601,237601,237602,1,0
237601,237601,237602,1,0
237601,237601,237602,1,0
237601,237601,237602,1,0
237601,237601,237603,2,0
237601,237602,237603,1,1
237601,237602,237603,1,1
237601,237602,237603,1,1
237601,237601,237603,2,0
237601,237602,237603,1,1
237601,237602,237603,1,1
237601,237601,237603,2,0
237601,237602,237603,1,1
237601,237602,237603,1,1
237601,237602,237603,1,1
237601,237601,237603,2,0
237601,237601,237603,2,0
237601,237602,237603,1,1
237601,237602,237603,1,1
237601,237602,237603,1,1
237601,237602,237603,1,1
237601,237601,237603,2,0
237601,237602,237603,1,1
237601,237602,237603,1,1
237601,237601,237603,2,0
237601,237602,237603,1,1
237601,237602,237603,1,1
237601,237601,237604,3,0
237601,237601,237603,2,0
237601,237602,237604,2,1
237601,237602,237603,1,1
237601,237602,237603,1,1
237601,237601,237604,3,0
237601,237601,237603,2,0
237601,237602,237603,1,1
237601,237602,237604,2,1
237601,237602,237603,1,1
237601,237601,237603,2,0
237601,237601,237603,2,0
237601,237602,237604,2,1
237601,237602,237603,1,1
237601,237601,237603,2,0
237601,237601,237603,2,0
237601,237602,237603,1,1
237601,237602,237603,1,1
237551,237552,237608,56,1
237634,237635,237636,1,1
237634,237635,237636,1,1
237634,237635,237636,1,1
237634,237635,237636,1,1
237634,237635,237636,1,1
237634,237635,237636,1,1
237634,237635,237636,1,1
237634,237635,237636,1,1
237634,237635,237636,1,1
237634,237635,237636,1,1
237634,237635,237636,1,1
237634,237635,237636,1,1
237634,237635,237636,1,1
237634,237635,237636,1,1
237634,237635,237636,1,1
237634,237635,237636,1,1
237634,237635,237636,1,1
237634,237635,237636,1,1
237634,237635,237636,1,1
237634,237635,237636,1,1
237634,237635,237637,2,1
237634,237635,237636,1,1
237634,237635,237636,1,1
237634,237635,237636,1,1
237634,237635,237636,1,1
237667,237667,237668,1,0
237667,237667,237668,1,0
237667,237667,237668,1,0
237667,237667,237668,1,0
237667,237667,237668,1,0
237667,237667,237668,1,0
237667,237667,237668,1,0
237667,237667,237668,1,0
237667,237667,237668,1,0
237667,237667,237668,1,0
237667,237667,237668,1,0
237667,237667,237669,2,0
237667,237667,237669,2,0
237667,237667,237669,2,0
237667,237667,237669,2,0
237667,237667,237669,2,0
237667,237667,237669,2,0
237667,237667,237669,2,0
237667,237667,237669,2,0
237667,237667,237668,1,0
237667,237667,237669,2,0
237667,237667,237669,2,0
237667,237667,237669,2,0
237667,237667,237669,2,0
237667,237667,237669,2,0
237667,237667,237669,2,0
237667,237667,237669,2,0
237667,237667,237669,2,0
237667,237667,237668,1,0
237667,237667,237669,2,0
237667,237667,237669,2,0
237667,237667,237669,2,0
237667,237667,237669,2,0
237667,237667,237669,2,0
237635,237635,237680,45,0
237684,237684,237685,1,0
237684,237684,237685,1,0
237684,237684,237685,1,0
237684,237684,237685,1,0
237684,237684,237685,1,0
237684,237684,237685,1,0
237684,237684,237685,1,0
237684,237684,237685,1,0
237684,237684,237685,1,0
237684,237684,237685,1,0
237684,237684,237686,2,0
237684,237684,237685,1,0
237684,237684,237686,2,0
237684,237684,237685,1,0
237684,237684,237686,2,0
237684,237684,237685,1,0
237684,237684,237686,2,0
237684,237684,237685,1,0
237684,237684,237685,1,0
237684,237684,237686,2,0
237684,237684,237685,1,0
237684,237684,237685,1,0
237684,237684,237686,2,0
237684,237684,237685,1,0
237684,237684,237686,2,0
237684,237684,237685,1,0
237684,237684,237685,1,0
237684,237684,237685,1,0
237684,237684,237686,2,0
237684,237684,237686,2,0
237684,237684,237686,2,0
237684,237684,237686,2,0
237684,237684,237686,2,0
237684,237684,237686,2,0
237668,237668,237714,46,0
237720,237720,237721,1,0
237720,237720,237721,1,0
237720,237720,237721,1,0
237720,237720,237721,1,0
237720,237720,237721,1,0
237720,237720,237721,1,0
237720,237720,237721,1,0
237720,237720,237721,1,0
237720,237720,237721,1,0
237720,237720,237721,1,0
237720,237720,237721,1,0
237720,237720,237721,1,0
237720,237720,237721,1,0
237720,237720,237721,1,0
237720,237720,237721,1,0
237720,237720,237721,1,0
237720,237720,237721,1,0
237720,237720,237721,1,0
237720,237720,237721,1,0
237720,237720,237721,1,0
237720,237720,237721,1,0
237720,237720,237721,1,0
237720,237720,237721,1,0
237720,237720,237721,1,0
237720,237720,237721,1,0
237720,237720,237721,1,0
237720,237720,237721,1,0
237720,237720,237721,1,0
237720,237720,237721,1,0
237720,237720,237721,1,0
237720,237720,237721,1,0
237720,237720,237721,1,0
237720,237720,237721,1,0
237720,237720,237721,1,0
237684,237685,237728,43,1
237740,237740,237741,1,0
237740,237740,237741,1,0
237740,237740,237741,1,0
237740,237740,237741,1,0
237740,237740,237741,1,0
237740,237740,237741,1,0
237740,237740,237741,1,0
237740,237740,237741,1,0
237740,237740,237741,1,0
237740,237740,237741,1,0
237740,237740,237741,1,0
237740,237740,237741,1,0
237740,237740,237741,1,0
237740,237740,237741,1,0
237740,237740,237741,1,0
237740,237740,237741,1,0
237740,237740,237741,1,0
237740,237740,237742,2,0
237740,237740,237741,1,0
237740,237740,237741,1,0
237740,237740,237741,1,0
237740,237740,237741,1,0
237740,237740,237741,1,0
237740,237740,237741,1,0
237740,237740,237741,1,0
237740,237740,237741,1,0
237740,237740,237741,1,0
237740,237740,237742,2,0
237740,237740,237741,1,0
237740,237740,237741,1,0
237740,237740,237741,1,0
237740,237740,237741,1,0
237740,237740,237742,2,0
237740,237740,237741,1,0
237702,237702,237750,48,0
237760,237761,237762,1,1
237760,237761,237762,1,1
237760,237761,237762,1,1
237760,237761,237762,1,1
237760,237761,237762,1,1
237760,237761,237762,1,1
237760,237761,237762,1,1
237760,237761,237763,2,1
237760,237761,237762,1,1
237760,237761,237762,1,1
237760,237761,237762,1,1
237760,237761,237762,1,1
237760,237761,237762,1,1
237760,237761,237762,1,1
237760,237761,237762,1,1
237760,237761,237762,1,1
237760,237761,237762,1,1
237760,237761,237762,1,1
237760,237761,237763,2,1
237760,237761,237762,1,1
237760,237761,237762,1,1
237760,237761,237762,1,1
237760,237761,237762,1,1
237760,237761,237762,1,1
237720,237720,237771,51,0
237722,237722,237771,49,0
237781,237781,237782,1,0
237781,237781,237782,1,0
237781,237781,237782,1,0
237781,237781,237782,1,0
237781,237781,237782,1,0
237781,237781,237782,1,0
237781,237781,237782,1,0
237781,237781,237782,1,0
237781,237781,237782,1,0
237781,237781,237782,1,0
237781,237781,237782,1,0
237781,237781,237782,1,0
237781,237781,237782,1,0
237781,237781,237782,1,0
237781,237781,237782,1,0
237781,237781,237782,1,0
237781,237781,237782,1,0
237781,237781,237782,1,0
237781,237781,237782,1,0
237781,237781,237782,1,0
237781,237781,237782,1,0
237781,237781,237782,1,0
237781,237781,237783,2,0
237781,237781,237783,2,0
237782,237783,237784,1,1
237781,237781,237783,2,0
237781,237781,237783,2,0
237781,237781,237783,2,0
237781,237781,237783,2,0
237781,237781,237783,2,0
237781,237781,237783,2,0
237781,237781,237783,2,0
237781,237781,237783,2,0
237781,237781,237783,2,0
237781,237781,237783,2,0
237782,237783,237784,1,1
237782,237783,237784,1,1
237782,237783,237784,1,1
237782,237783,237784,1,1
237782,237783,237784,1,1
237782,237783,237784,1,1
237782,237783,237784,1,1
237782,237783,237784,1,1
237782,237783,237784,1,1
237782,237783,237784,1,1
237782,237783,237784,1,1
237782,237783,237784,1,1
237782,237783,237784,1,1
237782,237783,237784,1,1
237782,237783,237784,1,1
237782,237783,237784,1,1
237782,237783,237784,1,1
237782,237783,237784,1,1
237782,237783,237784,1,1
237782,237783,237784,1,1
237782,237783,237784,1,1
237782,237783,237784,1,1
237782,237783,237784,1,1
237782,237783,237784,1,1
237741,237741,237790,49,0
237743,237743,237793,50,0
237740,237740,237799,59,0
237802,237802,237803,1,0
237802,237802,237803,1,0
237802,237802,237803,1,0
237802,237802,237803,1,0
237802,237802,237803,1,0
237802,237802,237803,1,0
237802,237802,237803,1,0
237802,237802,237803,1,0
237802,237802,237803,1,0
237802,237802,237803,1,0
237802,237802,237803,1,0
237802,237802,237803,1,0
237802,237802,237803,1,0
237802,237802,237803,1,0
237802,237802,237803,1,0
237802,237802,237803,1,0
237802,237802,237803,1,0
237802,237802,237803,1,0
237802,237802,237803,1,0
237802,237802,237803,1,0
237802,237802,237803,1,0
237802,237802,237803,1,0
237802,237802,237803,1,0
237802,237802,237803,1,0
237802,237802,237803,1,0
237802,237802,237803,1,0
237802,237802,237803,1,0
237802,237802,237804,2,0
237802,237802,237804,2,0
237802,237802,237804,2,0
237802,237802,237804,2,0
237802,237802,237803,1,0
237802,237802,237804,2,0
237802,237802,237804,2,0
237802,237802,237804,2,0
237802,237802,237804,2,0
237802,237802,237804,2,0
237802,237802,237804,2,0
237802,237802,237804,2,0
237802,237802,237804,2,0
237802,237802,237804,2,0
237802,237802,237804,2,0
237802,237802,237803,1,0
237802,237802,237804,2,0
237802,237802,237803,1,0
237802,237802,237804,2,0
237802,237802,237804,2,0
237802,237802,237804,2,0
237802,237802,237804,2,0
237802,237802,237804,2,0
237802,237802,237804,2,0
237802,237802,237804,2,0
237802,237802,237804,2,0
237802,237802,237804,2,0
237802,237802,237804,2,0
237802,237802,237804,2,0
237802,237802,237803,1,0
237802,237802,237804,2,0
237802,237802,237804,2,0
237802,237802,237804,2,0
237802,237802,237804,2,0
237802,237802,237804,2,0
237802,237802,237804,2,0
237802,237802,237804,2,0
237802,237802,237804,2,0
237802,237802,237804,2,0
237802,237802,237804,2,0
237802,237802,237804,2,0
237763,237763,237807,44,0
237761,237761,237809,48,0
237783,237783,237830,47,0
237784,237784,237833,49,0
237836,237837,237838,1,1
237837,237837,237838,1,0
237837,237837,237838,1,0
237836,237837,237838,1,1
237837,237837,237838,1,0
237837,237837,237838,1,0
237836,237837,237838,1,1
237836,237837,237838,1,1
237837,237837,237838,1,0
237837,237837,237838,1,0
237836,237837,237838,1,1
237836,237837,237838,1,1
237837,237837,237838,1,0
237837,237837,237838,1,0
237836,237837,237838,1,1
237836,237837,237838,1,1
237837,237837,237838,1,0
237837,237837,237838,1,0
237837,237837,237838,1,0
237837,237837,237838,1,0
237836,237837,237838,1,1
237837,237837,237838,1,0
237837,237837,237838,1,0
237836,237837,237838,1,1
237836,237837,237838,1,1
237837,237837,237838,1,0
237837,237837,237838,1,0
237837,237837,237838,1,0
237837,237837,237838,1,0
237837,237837,237838,1,0
237837,237837,237838,1,0
237837,237837,237838,1,0
237837,237837,237838,1,0
237837,237837,237838,1,0
237837,237837,237838,1,0
237837,237837,237838,1,0
237836,237837,237838,1,1
237837,237837,237838,1,0
237837,237837,237838,1,0
237837,237838,237839,1,1
237836,237837,237838,1,1
237836,237837,237838,1,1
237837,237837,237839,2,0
237837,237837,237838,1,0
237837,237837,237838,1,0
237837,237838,237839,1,1
237836,237837,237838,1,1
237836,237837,237838,1,1
237837,237837,237838,1,0
237837,237837,237838,1,0
237837,237837,237838,1,0
237836,237837,237838,1,1
237836,237837,237838,1,1
237837,237837,237838,1,0
237837,237837,237838,1,0
237836,237837,237838,1,1
237836,237837,237838,1,1
237837,237837,237838,1,0
237837,237837,237838,1,0
237837,237837,237838,1,0
237836,237837,237838,1,1
237837,237837,237838,1,0
237837,237837,237838,1,0
237836,237837,237838,1,1
237837,237837,237838,1,0
237837,237837,237838,1,0
237836,237837,237838,1,1
237836,237837,237838,1,1
237837,237837,237838,1,0
237837,237837,237838,1,0
237837,237838,237839,1,1
237837,237838,237840,2,1
237837,237838,237839,1,1
237837,237837,237839,2,0
237837,237837,237839,2,0
237837,237838,237840,2,1
237837,237838,237840,2,1
237837,237838,237839,1,1
237837,237838,237839,1,1
237837,237838,237839,1,1
237837,237838,237840,2,1
237837,237838,237840,2,1
237837,237838,237839,1,1
237837,237838,237840,2,1
237837,237838,237840,2,1
237837,237838,237840,2,1
237837,237838,237840,2,1
237837,237838,237840,2,1
237837,237838,237840,2,1
237837,237838,237839,1,1
237837,237838,237840,2,1
237837,237838,237840,2,1
237871,237871,237872,1,0
237871,237871,237872,1,0
237871,237871,237872,1,0
237871,237871,237872,1,0
237871,237871,237872,1,0
237871,237871,237872,1,0
237871,237871,237872,1,0
237871,237871,237872,1,0
237871,237871,237872,1,0
237871,237871,237873,2,0
237871,237871,237873,2,0
237871,237871,237873,2,0
237871,237871,237873,2,0
237871,237871,237872,1,0
237871,237871,237873,2,0
237871,237871,237873,2,0
237871,237871,237873,2,0
237871,237871,237873,2,0
237871,237871,237873,2,0
237871,237871,237873,2,0
237871,237871,237873,2,0
237871,237871,237873,2,0
237871,237871,237873,2,0
237871,237871,237873,2,0
237871,237871,237873,2,0
237871,237871,237873,2,0
237871,237871,237873,2,0
237871,237871,237873,2,0
237871,237871,237873,2,0
237871,237871,237873,2,0
237871,237871,237873,2,0
237871,237871,237873,2,0
237871,237871,237873,2,0
237871,237871,237873,2,0
237837,237838,237886,48,1
237905,237905,237906,1,0
237905,237905,237906,1,0
237905,237905,237906,1,0
237905,237905,237906,1,0
237905,237905,237906,1,0
237905,237905,237906,1,0
237905,237905,237906,1,0
237905,237905,237906,1,0
237905,237905,237906,1,0
237905,237905,237906,1,0
237905,237905,237906,1,0
237905,237905,237906,1,0
237905,237905,237906,1,0
237905,237905,237906,1,0
237905,237905,237906,1,0
237905,237905,237906,1,0
237905,237905,237906,1,0
237905,237905,237906,1,0
237905,237905,237906,1,0
237905,237905,237906,1,0
237905,237905,237906,1,0
237905,237905,237906,1,0
237905,237905,237906,1,0
237905,237905,237906,1,0
237905,237905,237906,1,0
237905,237905,237906,1,0
237921,237921,237922,1,0
237921,237921,237922,1,0
237921,237921,237922,1,0
237921,237921,237922,1,0
237921,237921,237922,1,0
237921,237921,237922,1,0
237921,237921,237922,1,0
237921,237921,237922,1,0
237921,237921,237922,1,0
237921,237921,237922,1,0
237921,237921,237922,1,0
237921,237921,237922,1,0
237921,237921,237923,2,0
237921,237921,237922,1,0
237921,237921,237923,2,0
237921,237921,237923,2,0
237921,237921,237923,2,0
237921,237921,237923,2,0
237921,237921,237923,2,0
237921,237921,237922,1,0
237921,237921,237923,2,0
237921,237921,237923,2,0
237921,237921,237923,2,0
237921,237921,237923,2,0
237921,237921,237923,2,0
237921,237921,237923,2,0
237921,237921,237922,1,0
237921,237921,237923,2,0
237921,237921,237923,2,0
237921,237921,237923,2,0
237921,237921,237923,2,0
237921,237921,237923,2,0
237921,237921,237923,2,0
237921,237921,237922,1,0
237905,237905,237949,44,0
237957,237957,237958,1,0
237957,237957,237958,1,0
237957,237957,237958,1,0
237957,237957,237958,1,0
237957,237957,237958,1,0
237957,237957,237958,1,0
237957,237957,237958,1,0
237957,237957,237958,1,0
237957,237957,237958,1,0
237957,237957,237958,1,0
237957,237957,237958,1,0
237957,237957,237958,1,0
237957,237957,237958,1,0
237957,237957,237958,1,0
237957,237957,237958,1,0
237957,237957,237958,1,0
237957,237957,237958,1,0
237957,237957,237958,1,0
237957,237957,237958,1,0
237957,237957,237958,1,0
237957,237957,237958,1,0
237957,237957,237958,1,0
237957,237957,237958,1,0
237957,237957,237958,1,0
237957,237957,237958,1,0
237939,237939,237988,49,0
237989,237989,237990,1,0
237989,237989,237990,1,0
237989,237989,237990,1,0
237989,237989,237990,1,0
237989,237989,237990,1,0
237989,237989,237990,1,0
237989,237989,237990,1,0
237989,237989,237990,1,0
237989,237989,237990,1,0
237989,237989,237991,2,0
237989,237989,237991,2,0
237989,237989,237991,2,0
237989,237989,237991,2,0
237989,237989,237991,2,0
237989,237989,237991,2,0
237989,237989,237991,2,0
237989,237989,237991,2,0
237989,237989,237990,1,0
237989,237989,237991,2,0
237989,237989,237990,1,0
237989,237989,237991,2,0
237989,237989,237991,2,0
237989,237989,237991,2,0
237989,237989,237991,2,0
237989,237989,237990,1,0
237989,237989,237991,2,0
237989,237989,237991,2,0
237989,237989,237991,2,0
237989,237989,237991,2,0
237989,237989,237991,2,0
237989,237989,237990,1,0
237989,237989,237991,2,0
237989,237989,237991,2,0
237989,237989,237991,2,0
237958,237958,238006,48,0
238009,238009,238010,1,0
238009,238009,238010,1,0
238009,238009,238010,1,0
238009,238009,238010,1,0
238009,238009,238010,1,0
238009,238009,238010,1,0
238009,238009,238010,1,0
238009,238009,238010,1,0
238009,238009,238010,1,0
238009,238009,238010,1,0
238009,238009,238011,2,0
238009,238009,238010,1,0
238009,238009,238010,1,0
238009,238009,238010,1,0
238009,238009,238011,2,0
238009,238009,238010,1,0
238009,238009,238011,2,0
238009,238009,238010,1,0
238009,238009,238011,2,0
238009,238009,238010,1,0
238009,238009,238011,2,0
238009,238009,238010,1,0
238009,238009,238010,1,0
238009,238009,238010,1,0
238009,238009,238010,1,0
238009,238009,238011,2,0
238009,238009,238010,1,0
238009,238009,238010,1,0
238009,238009,238011,2,0
238009,238009,238010,1,0
238009,238009,238010,1,0
238009,238009,238010,1,0
238009,238009,238010,1,0
238009,238009,238011,2,0
237959,237959,238012,53,0
237979,237979,238024,45,0
237981,237981,238031,50,0
238030,238030,238031,1,0
238030,238030,238031,1,0
238030,238030,238031,1,0
238030,238030,238031,1,0
238030,238030,238031,1,0
238030,238030,238031,1,0
238030,238030,238031,1,0
238030,238030,238031,1,0
238030,238030,238031,1,0
238030,238030,238031,1,0
238030,238030,238031,1,0
238030,238030,238031,1,0
238030,238030,238031,1,0
238030,238030,238031,1,0
238030,238030,238031,1,0
238030,238030,238031,1,0
238030,238030,238031,1,0
238030,238030,238031,1,0
237984,237984,238030,46,0
238030,238030,238031,1,0
238030,238030,238031,1,0
238030,238030,238031,1,0
238030,238030,238031,1,0
238030,238030,238031,1,0
238030,238030,238031,1,0
238030,238030,238031,1,0
238030,238030,238031,1,0
238030,238030,238032,2,0
238030,238030,238031,1,0
238030,238030,238031,1,0
238030,238030,238031,1,0
238030,238030,238031,1,0
238031,238031,238032,1,0
238030,238030,238031,1,0
238030,238030,238031,1,0
238030,238030,238032,2,0
238030,238030,238031,1,0
238030,238030,238031,1,0
238031,238031,238032,1,0
238030,238030,238031,1,0
238030,238030,238031,1,0
238030,238030,238032,2,0
238031,238031,238032,1,0
238031,238031,238032,1,0
238031,238031,238032,1,0
238030,238030,238032,2,0
238030,238030,238031,1,0
238030,238030,238031,1,0
238030,238030,238031,1,0
238030,238030,238031,1,0
238031,238031,238032,1,0
238030,238030,238032,2,0
238030,238030,238031,1,0
238030,238030,238031,1,0
238030,238030,238031,1,0
238030,238030,238031,1,0
238030,238030,238032,2,0
238030,238030,238031,1,0
238031,238031,238032,1,0
238031,238031,238032,1,0
238031,238031,238032,1,0
238030,238030,238032,2,0
238030,238030,238032,2,0
238030,238030,238031,1,0
238031,238031,238032,1,0
238031,238031,238032,1,0
238030,238031,238032,1,1
238030,238031,238032,1,1
238030,238031,238032,1,1
238030,238030,238032,2,0
238031,238032,238033,1,1
238031,238032,238033,1,1
238031,238032,238033,1,1
238031,238032,238033,1,1
238031,238031,238033,2,0
238031,238031,238033,2,0
238031,238031,238033,2,0
238031,238031,238033,2,0
238031,238031,238033,2,0
238031,238031,238033,2,0
238031,238031,238033,2,0
238031,238031,238033,2,0
238031,238031,238033,2,0
238031,238031,238033,2,0
238031,238033,238034,1,2
238031,238031,238033,2,0
238031,238031,238033,2,0
238031,238032,238033,1,1
238030,238031,238033,2,1
238030,238031,238033,2,1
238030,238031,238033,2,1
238030,238031,238033,2,1
238031,238031,238033,2,0
238031,238031,238033,2,0
238031,238033,238034,1,2
238031,238031,238033,2,0
238031,238032,238033,1,1
238031,238032,238033,1,1
238031,238032,238033,1,1
238031,238033,238034,1,2
238031,238033,238034,1,2
238031,238033,238034,1,2
238031,238033,238034,1,2
238031,238033,238034,1,2
238031,238033,238034,1,2
238031,238033,238034,1,2
238031,238033,238034,1,2
238031,238033,238034,1,2
238031,238033,238034,1,2
238031,238033,238034,1,2
238031,238033,238034,1,2
238031,238033,238034,1,2
238031,238033,238034,1,2
238031,238033,238034,1,2
238031,238033,238034,1,2
238031,238033,238034,1,2
238031,238033,238034,1,2
238031,238033,238034,1,2
238031,238033,238034,1,2
237978,237978,238035,57,0
237986,237986,238040,54,0
237988,237989,238041,52,1
237982,237983,238044,61,1
237991,237991,238047,56,0
238012,238012,238060,48,0
238068,238068,238069,1,0
238068,238068,238069,1,0
238068,238068,238069,1,0
238068,238068,238069,1,0
238068,238068,238069,1,0
238068,238068,238069,1,0
238068,238068,238069,1,0
238068,238068,238069,1,0
238068,238068,238069,1,0
238068,238068,238069,1,0
238068,238068,238069,1,0
238068,238068,238069,1,0
238068,238068,238069,1,0
238068,238068,238069,1,0
238068,238068,238069,1,0
238068,238068,238069,1,0
238068,238068,238069,1,0
238068,238068,238069,1,0
238068,238068,238069,1,0
238068,238068,238069,1,0
238068,238068,238069,1,0
238068,238068,238069,1,0
238068,238068,238069,1,0
238068,238068,238069,1,0
238068,238068,238069,1,0
238068,238068,238070,2,0
238068,238068,238070,2,0
238068,238068,238070,2,0
238068,238068,238069,1,0
238068,238068,238070,2,0
238068,238068,238070,2,0
238068,238068,238070,2,0
238068,238068,238069,1,0
238068,238069,238070,1,1
238068,238068,238069,1,0
238068,238068,238069,1,0
238068,238068,238070,2,0
238068,238068,238070,2,0
238068,238068,238070,2,0
238068,238068,238069,1,0
238068,238068,238069,1,0
238068,238068,238069,1,0
238068,238068,238070,2,0
238068,238068,238070,2,0
238068,238068,238069,1,0
238068,238069,238070,1,1
238068,238068,238069,1,0
238068,238068,238069,1,0
238068,238068,238069,1,0
238068,238068,238069,1,0
238068,238068,238069,1,0
238068,238068,238069,1,0
238068,238069,238070,1,1
238068,238069,238070,1,1
238068,238068,238070,2,0
238068,238068,238069,1,0
238068,238068,238070,2,0
238068,238068,238070,2,0
238068,238068,238069,1,0
238068,238069,238070,1,1
238068,238068,238069,1,0
238068,238068,238069,1,0
238068,238068,238070,2,0
238068,238068,238069,1,0
238068,238068,238070,2,0
238068,238068,238070,2,0
238068,238068,238070,2,0
238068,238068,238069,1,0
238068,238068,238070,2,0
238068,238068,238070,2,0
238068,238068,238069,1,0
238068,238069,238070,1,1
238068,238068,238070,2,0
238068,238068,238070,2,0
238068,238068,238069,1,0
238068,238069,238070,1,1
238068,238069,238070,1,1
238068,238069,238070,1,1
238068,238069,238070,1,1
238068,238069,238070,1,1
238068,238069,238070,1,1
238068,238069,238070,1,1
238068,238069,238071,2,1
238068,238069,238070,1,1
238068,238069,238070,1,1
238068,238069,238071,2,1
238068,238070,238071,1,2
238068,238069,238071,2,1
238068,238069,238071,2,1
238068,238069,238071,2,1
238068,238069,238071,2,1
238068,238069,238071,2,1
238068,238069,238071,2,1
238068,238069,238071,2,1
238068,238069,238071,2,1
238068,238069,238071,2,1
238068,238069,238071,2,1
238068,238069,238071,2,1
238068,238069,238072,3,1
238068,238069,238071,2,1
238068,238069,238071,2,1
238068,238069,238071,2,1
238068,238071,238072,1,3
238068,238071,238072,1,3
238068,238071,238072,1,3
238068,238071,238072,1,3
238068,238071,238072,1,3
238068,238071,238072,1,3
238068,238071,238072,1,3
238068,238071,238072,1,3
238068,238071,238072,1,3
238068,238071,238072,1,3
238068,238071,238072,1,3
238068,238071,238072,1,3
238068,238069,238072,3,1
238068,238071,238072,1,3
238068,238071,238072,1,3
238068,238071,238072,1,3
238068,238071,238072,1,3
238068,238071,238072,1,3
238068,238071,238072,1,3
238068,238071,238072,1,3
238068,238071,238072,1,3
238068,238071,238072,1,3
238068,238071,238072,1,3
238068,238071,238072,1,3
238068,238071,238073,2,3
238068,238071,238073,2,3
238011,238011,238074,63,0
238033,238033,238079,46,0
238030,238030,238079,49,0
238068,238071,238115,44,3
238119,238119,238120,1,0
238119,238119,238120,1,0
238119,238119,238120,1,0
238119,238119,238120,1,0
238119,238119,238120,1,0
238119,238119,238120,1,0
238119,238119,238120,1,0
238119,238119,238120,1,0
238119,238119,238120,1,0
238119,238119,238120,1,0
238119,238119,238120,1,0
238119,238119,238120,1,0
238119,238119,238120,1,0
238119,238119,238120,1,0
238119,238119,238120,1,0
238119,238119,238120,1,0
238119,238119,238120,1,0
238119,238119,238120,1,0
238119,238119,238120,1,0
238119,238119,238120,1,0
238119,238119,238120,1,0
238119,238119,238120,1,0
238119,238119,238120,1,0
238119,238119,238120,1,0
238119,238119,238120,1,0
238119,238119,238120,1,0
238119,238119,238120,1,0
238119,238119,238120,1,0
238119,238119,238120,1,0
238119,238119,238120,1,0
238119,238119,238120,1,0
238119,238119,238120,1,0
238119,238119,238120,1,0
238119,238119,238120,1,0
238119,238119,238120,1,0
238119,238119,238120,1,0
238119,238119,238120,1,0
238119,238119,238120,1,0
238119,238119,238120,1,0
238119,238119,238121,2,0
238119,238119,238120,1,0
238119,238119,238121,2,0
238119,238119,238121,2,0
238119,238119,238121,2,0
238119,238119,238120,1,0
238119,238119,238121,2,0
238119,238119,238120,1,0
238119,238119,238121,2,0
238119,238119,238121,2,0
238119,238119,238121,2,0
238119,238119,238121,2,0
238119,238119,238120,1,0
238119,238119,238121,2,0
238119,238119,238120,1,0
238119,238119,238121,2,0
238119,238119,238121,2,0
238119,238119,238120,1,0
238119,238119,238121,2,0
238119,238119,238120,1,0
238119,238119,238120,1,0
238119,238119,238121,2,0
238119,238119,238121,2,0
238119,238119,238121,2,0
238119,238119,238120,1,0
238119,238120,238121,1,1
238119,238119,238120,1,0
238119,238119,238121,2,0
238119,238119,238121,2,0
238119,238119,238121,2,0
238119,238119,238121,2,0
238119,238119,238120,1,0
238119,238119,238120,1,0
238119,238120,238122,2,1
238119,238120,238122,2,1
238119,238120,238122,2,1
238119,238120,238122,2,1
238119,238120,238122,2,1
238119,238120,238122,2,1
238119,238120,238122,2,1
238119,238120,238122,2,1
238119,238120,238121,1,1
238119,238120,238122,2,1
238119,238119,238122,3,0
238119,238120,238122,2,1
238119,238120,238122,2,1
238119,238120,238122,2,1
238119,238120,238122,2,1
238119,238120,238122,2,1
238119,238119,238122,3,0
238119,238120,238122,2,1
238119,238120,238122,2,1
238119,238120,238121,1,1
238119,238120,238123,3,1
238119,238120,238125,5,1
238119,238120,238125,5,1
238168,238168,238169,1,0
238168,238168,238169,1,0
238168,238168,238169,1,0
238168,238168,238169,1,0
238168,238168,238169,1,0
238168,238168,238169,1,0
238168,238168,238169,1,0
238168,238168,238169,1,0
238168,238168,238169,1,0
238168,238168,238169,1,0
238168,238168,238169,1,0
238168,238168,238169,1,0
238168,238168,238169,1,0
238168,238168,238169,1,0
238168,238168,238169,1,0
238168,238168,238169,1,0
238168,238168,238169,1,0
238168,238168,238169,1,0
238168,238168,238169,1,0
238168,238168,238169,1,0
238168,238168,238169,1,0
238168,238168,238169,1,0
238168,238168,238169,1,0
238168,238168,238169,1,0
238168,238168,238169,1,0
238168,238168,238169,1,0
238168,238168,238169,1,0
238168,238168,238169,1,0
238168,238168,238169,1,0
238168,238168,238170,2,0
238168,238168,238169,1,0
238168,238168,238170,2,0
238168,238168,238170,2,0
238168,238168,238169,1,0
238168,238168,238169,1,0
238168,238168,238170,2,0
238168,238168,238169,1,0
238168,238168,238170,2,0
238168,238168,238169,1,0
238168,238168,238170,2,0
238168,238168,238170,2,0
238168,238168,238169,1,0
238168,238168,238170,2,0
238168,238168,238169,1,0
238168,238168,238170,2,0
238168,238168,238169,1,0
238168,238168,238169,1,0
238168,238168,238170,2,0
238168,238168,238170,2,0
238168,238168,238169,1,0
238168,238168,238170,2,0
238168,238168,238170,2,0
238168,238168,238169,1,0
238168,238168,238170,2,0
238168,238168,238170,2,0
238168,238168,238170,2,0
238168,238168,238170,2,0
238168,238168,238170,2,0
238168,238168,238170,2,0
238168,238168,238169,1,0
238168,238168,238169,1,0
238168,238168,238170,2,0
238168,238168,238170,2,0
238168,238168,238213,45,0
238217,238217,238218,1,0
238217,238217,238218,1,0
238217,238217,238218,1,0
238217,238217,238218,1,0
238217,238217,238218,1,0
238217,238217,238218,1,0
238217,238217,238219,2,0
238217,238217,238218,1,0
238217,238217,238218,1,0
238217,238217,238218,1,0
238217,238217,238218,1,0
238217,238217,238219,2,0
238217,238217,238218,1,0
238217,238217,238218,1,0
238217,238217,238218,1,0
238217,238217,238218,1,0
238217,238217,238218,1,0
238217,238217,238218,1,0
238217,238217,238218,1,0
238217,238217,238218,1,0
238217,238217,238218,1,0
238217,238217,238218,1,0
238217,238217,238218,1,0
238217,238217,238218,1,0
238217,238217,238218,1,0
238217,238217,238218,1,0
238217,238217,238218,1,0
238217,238217,238218,1,0
238217,238217,238219,2,0
238217,238217,238219,2,0
238251,238251,238252,1,0
238251,238251,238252,1,0
238251,238251,238252,1,0
238251,238251,238252,1,0
238251,238251,238252,1,0
238251,238251,238252,1,0
238251,238251,238252,1,0
238251,238251,238252,1,0
238251,238251,238252,1,0
238251,238251,238252,1,0
238251,238251,238253,2,0
238251,238251,238252,1,0
238251,238251,238252,1,0
238251,238251,238252,1,0
238251,238251,238252,1,0
238251,238251,238252,1,0
238251,238251,238252,1,0
238251,238251,238252,1,0
238251,238251,238252,1,0
238251,238251,238252,1,0
238251,238251,238252,1,0
238251,238251,238253,2,0
238251,238251,238252,1,0
238251,238251,238252,1,0
238251,238251,238253,2,0
238251,238251,238252,1,0
238251,238251,238253,2,0
238251,238251,238252,1,0
238251,238251,238252,1,0
238251,238251,238253,2,0
238251,238251,238252,1,0
238251,238251,238252,1,0
238251,238251,238252,1,0
238251,238251,238253,2,0
238251,238251,238298,47,0
238300,238300,238301,1,0
238300,238300,238301,1,0
238300,238300,238301,1,0
238300,238300,238301,1,0
238300,238300,238301,1,0
238300,238300,238301,1,0
238300,238300,238301,1,0
238300,238300,238301,1,0
238300,238300,238301,1,0
238300,238300,238302,2,0
238300,238300,238301,1,0
238300,238300,238301,1,0
238300,238300,238301,1,0
238300,238300,238301,1,0
238300,238300,238301,1,0
238300,238300,238302,2,0
238300,238300,238301,1,0
238300,238300,238301,1,0
238300,238300,238302,2,0
238300,238300,238301,1,0
238300,238300,238301,1,0
238300,238300,238301,1,0
238300,238300,238301,1,0
238300,238300,238301,1,0
238300,238300,238301,1,0
238300,238300,238301,1,0
238300,238300,238301,1,0
238300,238300,238302,2,0
238286,238286,238333,47,0
238335,238335,238336,1,0
238335,238335,238336,1,0
238335,238335,238336,1,0
238335,238335,238336,1,0
238335,238335,238336,1,0
238335,238335,238336,1,0
238335,238335,238336,1,0
238335,238335,238336,1,0
238288,238288,238335,47,0
238335,238335,238336,1,0
238335,238335,238336,1,0
238335,238335,238336,1,0
238335,238335,238337,2,0
238335,238335,238336,1,0
238335,238335,238336,1,0
238335,238335,238336,1,0
238335,238335,238337,2,0
238335,238335,238336,1,0
238289,238289,238336,47,0
238335,238335,238337,2,0
238335,238335,238336,1,0
238335,238335,238336,1,0
238335,238335,238336,1,0
238335,238335,238336,1,0
238335,238335,238336,1,0
238335,238335,238336,1,0
238335,238335,238336,1,0
238335,238335,238337,2,0
238335,238335,238336,1,0
238292,238292,238337,45,0
238335,238335,238337,2,0
238335,238335,238337,2,0
238335,238335,238337,2,0
238336,238337,238338,1,1
238335,238335,238337,2,0
238335,238335,238337,2,0
238336,238337,238338,1,1
238335,238335,238337,2,0
238336,238337,238338,1,1
238335,238335,238337,2,0
238336,238337,238338,1,1
238336,238337,238338,1,1
238336,238337,238338,1,1
238336,238337,238338,1,1
238336,238337,238338,1,1
238336,238337,238338,1,1
238336,238337,238338,1,1
238336,238337,238338,1,1
238336,238337,238338,1,1
238336,238337,238338,1,1
238336,238337,238338,1,1
238336,238337,238338,1,1
238336,238337,238338,1,1
238336,238337,238338,1,1
238336,238337,238338,1,1
238336,238337,238338,1,1
238336,238337,238338,1,1
238336,238337,238338,1,1
238336,238337,238338,1,1
238336,238337,238338,1,1
238336,238337,238338,1,1
238294,238294,238346,52,0
238299,238299,238347,48,0
238301,238301,238349,48,0
238291,238291,238352,61,0
238355,238355,238356,1,0
238355,238355,238356,1,0
238355,238355,238356,1,0
238355,238355,238356,1,0
238355,238355,238356,1,0
238355,238355,238356,1,0
238355,238355,238356,1,0
238355,238355,238356,1,0
238355,238355,238356,1,0
238355,238355,238356,1,0
238355,238355,238356,1,0
238355,238355,238356,1,0
238355,238355,238356,1,0
238355,238355,238356,1,0
238355,238355,238356,1,0
238355,238355,238356,1,0
238355,238355,238356,1,0
238355,238355,238356,1,0
238355,238355,238356,1,0
238355,238355,238356,1,0
238355,238355,238356,1,0
238355,238355,238356,1,0
238355,238355,238356,1,0
238355,238355,238356,1,0
238355,238355,238356,1,0
238355,238355,238356,1,0
238355,238355,238356,1,0
238355,238355,238356,1,0
238355,238355,238356,1,0
238355,238355,238356,1,0
238355,238355,238356,1,0
238355,238355,238356,1,0
238355,238355,238356,1,0
238355,238355,238356,1,0
238355,238355,238356,1,0
238355,238355,238356,1,0
238355,238355,238356,1,0
238355,238356,238357,1,1
238355,238356,238357,1,1
238355,238356,238357,1,1
238355,238355,238356,1,0
238355,238355,238356,1,0
238355,238356,238357,1,1
238355,238356,238357,1,1
238355,238356,238357,1,1
238355,238355,238357,2,0
238355,238355,238356,1,0
238355,238356,238357,1,1
238355,238356,238357,1,1
238355,238355,238356,1,0
238355,238355,238357,2,0
238355,238355,238356,1,0
238355,238355,238356,1,0
238355,238355,238356,1,0
238355,238355,238357,2,0
238355,238355,238356,1,0
238355,238355,238356,1,0
238355,238355,238357,2,0
238355,238355,238356,1,0
238355,238355,238356,1,0
238355,238355,238357,2,0
238355,238355,238356,1,0
238355,238355,238356,1,0
238355,238355,238356,1,0
238355,238355,238356,1,0
238355,238355,238357,2,0
238355,238355,238356,1,0
238355,238355,238357,2,0
238355,238355,238356,1,0
238355,238355,238357,2,0
238355,238355,238357,2,0
238355,238355,238357,2,0
238355,238355,238357,2,0
238355,238356,238358,2,1
238355,238356,238358,2,1
238355,238356,238358,2,1
238355,238356,238357,1,1
238355,238356,238358,2,1
238355,238356,238357,1,1
238355,238356,238358,2,1
238355,238356,238358,2,1
238355,238356,238358,2,1
238355,238356,238358,2,1
238355,238356,238358,2,1
238355,238356,238358,2,1
238355,238356,238358,2,1
238355,238356,238358,2,1
238355,238356,238358,2,1
238355,238356,238358,2,1
238355,238356,238358,2,1
238355,238356,238358,2,1
238355,238356,238357,1,1
238355,238356,238358,2,1
238355,238356,238358,2,1
238355,238356,238358,2,1
238355,238356,238358,2,1
238324,238324,238373,49,0
238296,238297,238374,77,1
238321,238321,238380,59,0
238303,238303,238380,77,0
238336,238336,238382,46,0
238333,238333,238383,50,0
238328,238328,238385,57,0
238327,238327,238387,60,0
238330,238330,238390,60,0
238389,238390,238391,1,1
238389,238389,238391,2,0
238389,238389,238391,2,0
238389,238389,238390,1,0
238389,238390,238391,1,1
238390,238390,238391,1,0
238389,238389,238390,1,0
238389,238389,238390,1,0
238389,238389,238391,2,0
238389,238389,238390,1,0
238389,238389,238390,1,0
238389,238389,238391,2,0
238390,238390,238391,1,0
238389,238389,238390,1,0
238389,238389,238391,2,0
238390,238390,238391,1,0
238389,238389,238390,1,0
238389,238389,238391,2,0
238390,238390,238391,1,0
238389,238389,238390,1,0
238389,238389,238391,2,0
238389,238390,238391,1,1
238390,238390,238391,1,0
238389,238389,238390,1,0
238389,238389,238391,2,0
238390,238390,238391,1,0
238389,238389,238390,1,0
238389,238389,238391,2,0
238389,238390,238391,1,1
238390,238390,238391,1,0
238390,238390,238391,1,0
238389,238389,238390,1,0
238389,238389,238391,2,0
238390,238390,238391,1,0
238390,238390,238391,1,0
238389,238390,238391,1,1
238389,238390,238391,1,1
238389,238390,238391,1,1
238389,238390,238392,2,1
238389,238390,238391,1,1
238390,238391,238392,1,1
238389,238389,238391,2,0
238389,238390,238391,1,1
238389,238390,238391,1,1
238389,238390,238391,1,1
238390,238391,238392,1,1
238389,238389,238391,2,0
238389,238390,238391,1,1
238389,238390,238391,1,1
238389,238390,238391,1,1
238390,238391,238392,1,1
238389,238389,238391,2,0
238389,238390,238391,1,1
238389,238390,238391,1,1
238389,238390,238391,1,1
238390,238391,238392,1,1
238389,238389,238391,2,0
238389,238390,238391,1,1
238389,238390,238391,1,1
238390,238391,238392,1,1
238389,238390,238391,1,1
238389,238390,238392,2,1
238389,238390,238391,1,1
238390,238391,238392,1,1
238389,238389,238391,2,0
238389,238390,238391,1,1
238389,238390,238391,1,1
238390,238391,238392,1,1
238389,238390,238391,1,1
238389,238390,238391,1,1
238390,238391,238392,1,1
238389,238389,238391,2,0
238389,238390,238391,1,1
238389,238390,238392,2,1
238390,238391,238392,1,1
238389,238389,238391,2,0
238389,238390,238391,1,1
238389,238390,238391,1,1
238390,238391,238392,1,1
238390,238391,238392,1,1
238390,238391,238392,1,1
238390,238391,238392,1,1
238390,238391,238392,1,1
238390,238391,238392,1,1
238390,238391,238392,1,1
238390,238391,238392,1,1
238390,238391,238392,1,1
238390,238391,238393,2,1
238390,238391,238393,2,1
238390,238391,238393,2,1
238390,238391,238393,2,1
238390,238391,238393,2,1
238390,238391,238393,2,1
238390,238391,238393,2,1
238390,238391,238393,2,1
238390,238391,238393,2,1
238390,238391,238393,2,1
238390,238391,238393,2,1
238390,238391,238393,2,1
238390,238391,238393,2,1
238390,238391,238393,2,1
238390,238391,238393,2,1
238390,238391,238393,2,1
238390,238391,238393,2,1
238390,238393,238394,1,3
238390,238391,238393,2,1
238390,238391,238393,2,1
238390,238393,238394,1,3
238390,238393,238394,1,3
238390,238393,238394,1,3
238390,238391,238393,2,1
238390,238391,238393,2,1
238390,238391,238393,2,1
238390,238393,238394,1,3
238390,238391,238393,2,1
238390,238391,238393,2,1
238390,238393,238394,1,3
238390,238393,238394,1,3
238390,238391,238393,2,1
238390,238391,238393,2,1
238390,238393,238394,1,3
238390,238393,238394,1,3
238390,238393,238394,1,3
238390,238393,238394,1,3
238390,238393,238394,1,3
238390,238393,238394,1,3
238390,238393,238394,1,3
238390,238393,238394,1,3
238390,238393,238394,1,3
238390,238394,238395,1,4
238390,238393,238394,1,3
238390,238393,238394,1,3
238390,238393,238394,1,3
238390,238393,238394,1,3
238390,238393,238394,1,3
238390,238393,238394,1,3
238390,238393,238394,1,3
238390,238393,238394,1,3
238390,238393,238394,1,3
238390,238393,238394,1,3
238390,238392,238394,2,2
238390,238393,238394,1,3
238390,238393,238394,1,3
238390,238393,238394,1,3
238390,238393,238394,1,3
238390,238393,238394,1,3
238390,238393,238394,1,3
238390,238393,238394,1,3
238390,238393,238394,1,3
238390,238394,238395,1,4
238390,238393,238394,1,3
238390,238393,238394,1,3
238390,238393,238394,1,3
238390,238393,238394,1,3
238390,238393,238394,1,3
238390,238393,238394,1,3
238390,238393,238394,1,3
238390,238393,238394,1,3
238390,238393,238394,1,3
238390,238393,238394,1,3
238390,238393,238394,1,3
238390,238394,238395,1,4
238390,238394,238395,1,4
238390,238394,238395,1,4
238390,238394,238395,1,4
238390,238394,238395,1,4
238390,238394,238395,1,4
238390,238394,238395,1,4
238390,238394,238395,1,4
238390,238394,238395,1,4
238390,238394,238395,1,4
238390,238394,238395,1,4
238390,238394,238395,1,4
238390,238394,238395,1,4
238390,238394,238395,1,4
238390,238394,238395,1,4
238390,238394,238395,1,4
238390,238394,238395,1,4
238390,238394,238395,1,4
238390,238394,238395,1,4
238390,238394,238396,2,4
238390,238394,238395,1,4
238390,238394,238395,1,4
238390,238394,238395,1,4
238356,238356,238405,49,0
238454,238454,238455,1,0
238454,238454,238455,1,0
238454,238454,238455,1,0
238454,238454,238455,1,0
238454,238454,238455,1,0
238454,238454,238455,1,0
238454,238454,238455,1,0
238454,238454,238455,1,0
238454,238454,238455,1,0
238454,238454,238455,1,0
238454,238454,238455,1,0
238454,238454,238455,1,0
238454,238454,238455,1,0
238454,238454,238455,1,0
238454,238454,238455,1,0
238454,238454,238455,1,0
238454,238454,238455,1,0
238454,238454,238455,1,0
238454,238454,238455,1,0
238454,238454,238455,1,0
238454,238454,238455,1,0
238454,238454,238455,1,0
238454,238454,238455,1,0
238454,238454,238455,1,0
238454,238454,238455,1,0
238454,238454,238455,1,0
238454,238454,238455,1,0
238454,238454,238455,1,0
238454,238454,238455,1,0
238454,238454,238455,1,0
238454,238454,238455,1,0
238454,238454,238455,1,0
238454,238454,238455,1,0
238454,238454,238455,1,0
238454,238454,238455,1,0
238454,238454,238455,1,0
238454,238454,238455,1,0
238454,238454,238455,1,0
238454,238454,238456,2,0
238454,238454,238455,1,0
238454,238454,238455,1,0
238454,238454,238455,1,0
238454,238454,238456,2,0
238454,238454,238456,2,0
238454,238454,238456,2,0
238454,238454,238456,2,0
238454,238454,238456,2,0
238454,238454,238456,2,0
238454,238454,238456,2,0
238454,238454,238456,2,0
238454,238454,238456,2,0
238454,238454,238456,2,0
238454,238454,238456,2,0
238454,238454,238456,2,0
238454,238454,238456,2,0
238454,238456,238457,1,2
238454,238454,238456,2,0
238454,238454,238456,2,0
238454,238454,238456,2,0
238454,238456,238457,1,2
238454,238454,238456,2,0
238454,238454,238456,2,0
238454,238454,238456,2,0
238454,238456,238457,1,2
238454,238454,238456,2,0
238454,238454,238456,2,0
238454,238454,238456,2,0
238454,238456,238457,1,2
238454,238454,238456,2,0
238454,238454,238456,2,0
238454,238454,238456,2,0
238454,238456,238457,1,2
238454,238454,238456,2,0
238454,238454,238456,2,0
238454,238454,238456,2,0
238454,238454,238456,2,0
238454,238456,238457,1,2
238454,238454,238456,2,0
238454,238454,238456,2,0
238454,238454,238456,2,0
238454,238454,238456,2,0
238454,238454,238456,2,0
238454,238456,238457,1,2
238454,238454,238456,2,0
238454,238454,238456,2,0
238454,238454,238456,2,0
238454,238455,238456,1,1
238454,238456,238457,1,2
238454,238456,238457,1,2
238454,238456,238458,2,2
238454,238456,238458,2,2
238454,238456,238457,1,2
238454,238456,238458,2,2
238454,238456,238457,1,2
238454,238456,238458,2,2
238454,238456,238458,2,2
238454,238456,238457,1,2
238454,238456,238457,1,2
238454,238456,238458,2,2
238454,238456,238458,2,2
238454,238456,238457,1,2
238454,238456,238457,1,2
238454,238456,238457,1,2
238454,238456,238457,1,2
238454,238456,238457,1,2
238454,238456,238457,1,2
238454,238456,238458,2,2
238454,238456,238457,1,2
238454,238456,238457,1,2
238454,238456,238457,1,2
238454,238456,238457,1,2
238454,238456,238457,1,2
238454,238456,238457,1,2
238454,238456,238457,1,2
238454,238456,238458,2,2
238454,238456,238457,1,2
238454,238456,238457,1,2
238454,238456,238457,1,2
238454,238456,238458,2,2
238454,238456,238458,2,2
238454,238457,238458,1,3
238454,238456,238457,1,2
238454,238456,238457,1,2
238454,238456,238457,1,2
238454,238456,238458,2,2
238454,238457,238458,1,3
238454,238457,238458,1,3
238454,238457,238458,1,3
238454,238457,238458,1,3
238454,238457,238458,1,3
238454,238457,238458,1,3
238454,238457,238458,1,3
238454,238457,238458,1,3
238455,238457,238507,50,2
238517,238517,238518,1,0
238517,238517,238518,1,0
238517,238517,238518,1,0
238517,238517,238518,1,0
238517,238517,238518,1,0
238517,238517,238518,1,0
238517,238517,238518,1,0
238517,238517,238518,1,0
238517,238517,238518,1,0
238517,238517,238518,1,0
238517,238517,238518,1,0
238517,238517,238518,1,0
238517,238517,238518,1,0
238517,238517,238518,1,0
238517,238517,238518,1,0
238517,238517,238518,1,0
238517,238517,238518,1,0
238517,238517,238518,1,0
238517,238517,238518,1,0
238517,238517,238518,1,0
238517,238517,238518,1,0
238517,238517,238518,1,0
238517,238517,238519,2,0
238517,238517,238518,1,0
238517,238517,238519,2,0
238517,238517,238518,1,0
238517,238517,238519,2,0
238517,238517,238519,2,0
238517,238517,238519,2,0
238517,238517,238519,2,0
238517,238517,238519,2,0
238517,238517,238519,2,0
238517,238517,238519,2,0
238517,238517,238519,2,0
238517,238517,238519,2,0
238517,238517,238519,2,0
238517,238517,238519,2,0
238517,238517,238519,2,0
238517,238517,238519,2,0
238517,238517,238519,2,0
238517,238517,238519,2,0
238517,238517,238519,2,0
238517,238517,238519,2,0
238517,238517,238519,2,0
238517,238517,238519,2,0
238517,238517,238519,2,0
238517,238517,238519,2,0
238517,238518,238519,1,1
238517,238517,238519,2,0
238517,238517,238519,2,0
238517,238517,238519,2,0
238517,238517,238519,2,0
238517,238517,238519,2,0
238517,238517,238519,2,0
238517,238518,238519,1,1
238517,238517,238519,2,0
238517,238517,238519,2,0
238517,238517,238519,2,0
238517,238517,238519,2,0
238517,238518,238519,1,1
238517,238517,238519,2,0
238517,238517,238519,2,0
238517,238518,238519,1,1
238517,238518,238519,1,1
238517,238517,238519,2,0
238517,238517,238519,2,0
238517,238517,238519,2,0
238517,238518,238519,1,1
238565,238565,238566,1,0
238565,238565,238566,1,0
238565,238565,238566,1,0
238565,238565,238566,1,0
238565,238565,238566,1,0
238565,238565,238566,1,0
238565,238565,238566,1,0
238565,238565,238566,1,0
238565,238565,238566,1,0
238565,238565,238566,1,0
238565,238565,238566,1,0
238565,238565,238566,1,0
238565,238565,238566,1,0
238565,238565,238566,1,0
238565,238565,238566,1,0
238565,238565,238566,1,0
238565,238565,238566,1,0
238565,238565,238566,1,0
238565,238565,238566,1,0
238565,238565,238566,1,0
238565,238565,238566,1,0
238565,238565,238566,1,0
238565,238565,238566,1,0
238565,238565,238566,1,0
238597,238597,238598,1,0
238597,238597,238598,1,0
238597,238597,238598,1,0
238597,238597,238598,1,0
238597,238597,238598,1,0
238597,238597,238598,1,0
238597,238597,238598,1,0
238597,238597,238598,1,0
238597,238597,238599,2,0
238597,238597,238598,1,0
238597,238597,238598,1,0
238597,238597,238598,1,0
238597,238597,238598,1,0
238597,238597,238599,2,0
238597,238597,238599,2,0
238597,238597,238598,1,0
238597,238597,238599,2,0
238597,238597,238598,1,0
238597,238597,238598,1,0
238597,238597,238599,2,0
238597,238597,238598,1,0
238597,238597,238598,1,0
238597,238597,238598,1,0
238597,238597,238598,1,0
238597,238597,238598,1,0
238597,238597,238599,2,0
238597,238597,238598,1,0
238597,238597,238598,1,0
238597,238597,238599,2,0
238597,238597,238598,1,0
238597,238597,238599,2,0
238597,238597,238599,2,0
238597,238597,238599,2,0
238597,238597,238599,2,0
238565,238565,238619,54,0
238629,238629,238630,1,0
238629,238629,238630,1,0
238629,238629,238630,1,0
238629,238629,238630,1,0
238629,238629,238630,1,0
238629,238629,238630,1,0
238629,238629,238630,1,0
238629,238629,238630,1,0
238629,238629,238630,1,0
238629,238629,238631,2,0
238629,238629,238630,1,0
238629,238629,238631,2,0
238629,238629,238631,2,0
238629,238629,238631,2,0
238629,238629,238631,2,0
238629,238629,238631,2,0
238629,238629,238631,2,0
238629,238629,238631,2,0
238629,238629,238631,2,0
238629,238629,238630,1,0
238629,238629,238631,2,0
238629,238629,238631,2,0
238629,238629,238631,2,0
238629,238629,238631,2,0
238629,238629,238630,1,0
238629,238629,238631,2,0
238629,238629,238631,2,0
238629,238629,238631,2,0
238629,238629,238631,2,0
238629,238629,238631,2,0
238629,238629,238631,2,0
238629,238629,238631,2,0
238629,238629,238631,2,0
238629,238629,238631,2,0
238597,238597,238645,48,0
238663,238664,238665,1,1
238663,238664,238665,1,1
238663,238664,238665,1,1
238663,238664,238665,1,1
238663,238664,238665,1,1
238663,238664,238665,1,1
238663,238664,238665,1,1
238663,238664,238665,1,1
238663,238664,238665,1,1
238663,238664,238665,1,1
238663,238664,238665,1,1
238663,238664,238665,1,1
238663,238664,238665,1,1
238663,238664,238665,1,1
238663,238664,238665,1,1
238663,238664,238665,1,1
238663,238664,238665,1,1
238663,238664,238665,1,1
238663,238664,238665,1,1
238663,238664,238665,1,1
238663,238664,238665,1,1
238663,238664,238665,1,1
238663,238664,238665,1,1
238663,238664,238665,1,1
238645,238645,238693,48,0
238695,238695,238696,1,0
238695,238695,238696,1,0
238695,238695,238696,1,0
238695,238695,238696,1,0
238695,238695,238696,1,0
238695,238695,238696,1,0
238695,238695,238696,1,0
238695,238695,238696,1,0
238695,238695,238696,1,0
238695,238695,238696,1,0
238695,238695,238697,2,0
238695,238695,238696,1,0
238695,238695,238697,2,0
238695,238695,238696,1,0
238695,238695,238697,2,0
238695,238695,238696,1,0
238695,238695,238697,2,0
238695,238695,238697,2,0
238695,238695,238697,2,0
238695,238695,238696,1,0
238695,238695,238697,2,0
238695,238695,238697,2,0
238695,238695,238696,1,0
238695,238695,238697,2,0
238695,238695,238697,2,0
238695,238695,238696,1,0
238695,238695,238697,2,0
238695,238695,238696,1,0
238695,238695,238697,2,0
238695,238695,238696,1,0
238695,238695,238696,1,0
238695,238695,238696,1,0
238695,238695,238697,2,0
238695,238695,238696,1,0
238665,238665,238713,48,0
238715,238715,238716,1,0
238715,238715,238716,1,0
238715,238715,238716,1,0
238715,238715,238716,1,0
238715,238715,238716,1,0
238715,238715,238716,1,0
238715,238715,238716,1,0
238715,238715,238716,1,0
238715,238715,238716,1,0
238715,238715,238716,1,0
238715,238715,238716,1,0
238715,238715,238716,1,0
238715,238715,238717,2,0
238715,238715,238717,2,0
238715,238715,238716,1,0
238715,238715,238716,1,0
238715,238715,238716,1,0
238715,238715,238717,2,0
238715,238715,238717,2,0
238715,238715,238716,1,0
238715,238715,238717,2,0
238715,238715,238717,2,0
238715,238715,238716,1,0
238715,238715,238717,2,0
238715,238715,238716,1,0
238715,238715,238717,2,0
238715,238715,238717,2,0
238715,238715,238716,1,0
238715,238715,238717,2,0
238715,238715,238716,1,0
238715,238715,238716,1,0
238715,238715,238719,4,0
238715,238715,238719,4,0
238715,238715,238719,4,0
238687,238687,238739,52,0
238685,238685,238739,54,0
238739,238739,238740,1,0
238739,238739,238740,1,0
238739,238739,238740,1,0
238739,238739,238740,1,0
238739,238739,238740,1,0
238739,238739,238740,1,0
238739,238739,238740,1,0
238739,238739,238740,1,0
238739,238739,238740,1,0
238739,238739,238740,1,0
238739,238739,238740,1,0
238739,238739,238741,2,0
238739,238739,238741,2,0
238739,238739,238741,2,0
238739,238739,238741,2,0
238739,238739,238741,2,0
238739,238739,238741,2,0
238739,238739,238741,2,0
238739,238739,238741,2,0
238739,238739,238740,1,0
238739,238739,238741,2,0
238739,238739,238741,2,0
238684,238684,238742,58,0
238739,238739,238742,3,0
238739,238739,238742,3,0
238739,238739,238741,2,0
238741,238741,238742,1,0
238741,238741,238742,1,0
238739,238739,238741,2,0
238741,238741,238742,1,0
238741,238741,238742,1,0
238739,238739,238741,2,0
238741,238741,238742,1,0
238741,238741,238742,1,0
238739,238739,238742,3,0
238739,238739,238741,2,0
238741,238741,238742,1,0
238741,238741,238742,1,0
238691,238691,238741,50,0
238739,238739,238741,2,0
238741,238741,238742,1,0
238739,238739,238741,2,0
238741,238741,238742,1,0
238741,238741,238742,1,0
238741,238741,238742,1,0
238741,238741,238742,1,0
238741,238741,238742,1,0
238741,238741,238742,1,0
238741,238741,238743,2,0
238741,238741,238742,1,0
238741,238741,238743,2,0
238741,238741,238742,1,0
238741,238741,238743,2,0
238741,238741,238742,1,0
238741,238741,238742,1,0
238741,238741,238742,1,0
238741,238741,238743,2,0
238739,238739,238743,4,0
238739,238739,238743,4,0
238739,238739,238742,3,0
238741,238741,238743,2,0
238741,238741,238743,2,0
238741,238741,238743,2,0
238741,238741,238742,1,0
238742,238742,238743,1,0
238742,238742,238743,1,0
238741,238741,238743,2,0
238742,238742,238743,1,0
238742,238743,238744,1,1
238743,238743,238744,1,0
238743,238743,238744,1,0
238741,238741,238743,2,0
238742,238742,238743,1,0
238742,238743,238744,1,1
238743,238743,238744,1,0
238743,238743,238744,1,0
238742,238742,238743,1,0
238742,238742,238744,2,0
238742,238743,238744,1,1
238742,238742,238743,1,0
238742,238742,238743,1,0
238742,238743,238744,1,1
238743,238743,238744,1,0
238742,238742,238743,1,0
238742,238743,238744,1,1
238742,238743,238744,1,1
238743,238743,238744,1,0
238741,238741,238743,2,0
238743,238743,238744,1,0
238741,238741,238743,2,0
238742,238742,238744,2,0
238743,238743,238744,1,0
238743,238743,238744,1,0
238692,238692,238743,51,0
238742,238742,238743,1,0
238742,238743,238744,1,1
238742,238743,238744,1,1
238742,238742,238744,2,0
238742,238742,238744,2,0
238742,238742,238745,3,0
238743,238743,238745,2,0
238742,238743,238744,1,1
238743,238743,238744,1,0
238743,238743,238744,1,0
238742,238743,238744,1,1
238742,238743,238744,1,1
238743,238743,238744,1,0
238742,238742,238744,2,0
238743,238743,238744,1,0
238743,238743,238744,1,0
238742,238742,238744,2,0
238743,238743,238744,1,0
238743,238743,238744,1,0
238742,238742,238744,2,0
238742,238742,238744,2,0
238743,238743,238744,1,0
238743,238743,238744,1,0
238743,238743,238744,1,0
238742,238743,238744,1,1
238742,238743,238744,1,1
238743,238743,238744,1,0
238743,238743,238744,1,0
238742,238743,238744,1,1
238743,238743,238744,1,0
238694,238694,238745,51,0
238742,238743,238745,2,1
238743,238744,238745,1,1
238743,238743,238757,14,0
238743,238743,238757,14,0
238697,238697,238762,65,0
238718,238718,238767,49,0
238717,238717,238770,53,0
238690,238690,238772,82,0
238778,238778,238779,1,0
238778,238778,238780,2,0
238778,238778,238779,1,0
238778,238778,238779,1,0
238778,238778,238779,1,0
238778,238778,238780,2,0
238778,238778,238780,2,0
238779,238779,238780,1,0
238779,238779,238780,1,0
238778,238778,238779,1,0
238778,238778,238780,2,0
238778,238778,238780,2,0
238778,238778,238780,2,0
238779,238779,238780,1,0
238778,238778,238779,1,0
238778,238778,238779,1,0
238778,238778,238780,2,0
238779,238779,238780,1,0
238778,238778,238779,1,0
238778,238778,238780,2,0
238778,238779,238780,1,1
238779,238779,238780,1,0
238778,238778,238779,1,0
238778,238779,238780,1,1
238779,238779,238780,1,0
238778,238778,238779,1,0
238778,238778,238779,1,0
238778,238778,238780,2,0
238779,238779,238780,1,0
238778,238778,238779,1,0
238778,238778,238780,2,0
238778,238778,238780,2,0
238778,238778,238780,2,0
238778,238779,238780,1,1
238779,238779,238780,1,0
238778,238778,238781,3,0
238778,238778,238780,2,0
238778,238779,238781,2,1
238778,238779,238781,2,1
238778,238779,238780,1,1
238779,238779,238780,1,0
238778,238778,238780,2,0
238778,238779,238780,1,1
238778,238779,238780,1,1
238778,238778,238780,2,0
238778,238779,238780,1,1
238778,238779,238780,1,1
238778,238778,238780,2,0
238778,238779,238780,1,1
238778,238779,238780,1,1
238778,238779,238780,1,1
238778,238779,238780,1,1
238778,238779,238780,1,1
238778,238779,238780,1,1
238779,238780,238781,1,1
238778,238778,238780,2,0
238778,238778,238780,2,0
238778,238779,238780,1,1
238778,238779,238780,1,1
238778,238778,238780,2,0
238778,238779,238780,1,1
238778,238779,238780,1,1
238778,238779,238780,1,1
238779,238780,238781,1,1
238778,238779,238780,1,1
238778,238779,238780,1,1
238778,238778,238781,3,0
238778,238779,238781,2,1
238778,238779,238780,1,1
238778,238779,238780,1,1
238778,238779,238780,1,1
238779,238780,238781,1,1
238779,238780,238781,1,1
238779,238780,238781,1,1
238779,238780,238781,1,1
238779,238780,238781,1,1
238779,238780,238781,1,1
238779,238780,238782,2,1
238779,238780,238781,1,1
238778,238778,238782,4,0
238779,238780,238782,2,1
238779,238780,238782,2,1
238779,238780,238781,1,1
238779,238780,238782,2,1
238779,238780,238782,2,1
238779,238780,238781,1,1
238779,238780,238781,1,1
238779,238780,238781,1,1
238779,238780,238781,1,1
238779,238780,238782,2,1
238779,238780,238781,1,1
238779,238780,238781,1,1
238779,238780,238781,1,1
238779,238780,238781,1,1
238779,238780,238781,1,1
238721,238721,238788,67,0
238740,238740,238790,50,0
238743,238744,238791,47,1
238828,238828,238829,1,0
238828,238828,238830,2,0
238828,238829,238830,1,1
238828,238828,238829,1,0
238828,238829,238830,1,1
238828,238828,238829,1,0
238828,238828,238830,2,0
238828,238828,238830,2,0
238828,238829,238830,1,1
238828,238828,238829,1,0
238828,238828,238829,1,0
238828,238828,238830,2,0
238828,238829,238830,1,1
238828,238828,238830,2,0
238828,238828,238829,1,0
238828,238828,238829,1,0
238828,238828,238829,1,0
238828,238829,238830,1,1
238828,238828,238829,1,0
238828,238828,238830,2,0
238828,238828,238830,2,0
238828,238829,238830,1,1
238828,238828,238829,1,0
238828,238828,238830,2,0
238828,238828,238829,1,0
238828,238828,238830,2,0
238828,238829,238830,1,1
238828,238828,238830,2,0
238828,238829,238830,1,1
238828,238829,238830,1,1
238828,238829,238830,1,1
238828,238829,238830,1,1
238828,238829,238830,1,1
238828,238828,238831,3,0
238828,238828,238830,2,0
238828,238829,238831,2,1
238828,238829,238830,1,1
238828,238829,238830,1,1
238828,238828,238830,2,0
238828,238828,238830,2,0
238828,238829,238830,1,1
238828,238829,238830,1,1
238828,238828,238830,2,0
238828,238829,238831,2,1
238828,238829,238830,1,1
238828,238829,238830,1,1
238828,238828,238830,2,0
238828,238828,238830,2,0
238828,238829,238831,2,1
238828,238829,238830,1,1
238828,238828,238830,2,0
238828,238829,238830,1,1
238828,238829,238830,1,1
238828,238829,238830,1,1
238828,238828,238830,2,0
238828,238829,238830,1,1
238828,238829,238830,1,1
238828,238828,238830,2,0
238828,238828,238830,2,0
238828,238829,238830,1,1
238828,238829,238830,1,1
238828,238829,238830,1,1
238828,238828,238830,2,0
238828,238829,238830,1,1
238828,238829,238830,1,1
238828,238830,238831,1,2
238828,238828,238830,2,0
238828,238829,238830,1,1
238828,238829,238830,1,1
238828,238830,238831,1,2
238828,238829,238831,2,1
238828,238830,238831,1,2
238828,238830,238831,1,2
238828,238830,238832,2,2
238828,238830,238831,1,2
238828,238830,238831,1,2
238828,238830,238831,1,2
238828,238830,238831,1,2
238828,238829,238831,2,1
238828,238830,238831,1,2
238828,238830,238832,2,2
238828,238830,238832,2,2
238828,238830,238831,1,2
238828,238830,238832,2,2
238828,238830,238831,1,2
238828,238830,238831,1,2
238828,238830,238832,2,2
238828,238830,238832,2,2
238828,238830,238831,1,2
238828,238830,238832,2,2
238828,238830,238832,2,2
238828,238830,238832,2,2
238829,238830,238879,49,1
238879,238879,238880,1,0
238879,238879,238880,1,0
238879,238879,238880,1,0
238879,238879,238880,1,0
238879,238879,238880,1,0
238879,238879,238880,1,0
238879,238879,238880,1,0
238879,238879,238880,1,0
238879,238879,238881,2,0
238879,238879,238880,1,0
238879,238879,238881,2,0
238879,238879,238880,1,0
238879,238879,238880,1,0
238879,238879,238881,2,0
238879,238879,238880,1,0
238879,238879,238881,2,0
238879,238879,238881,2,0
238879,238880,238881,1,1
238879,238880,238881,1,1
238879,238879,238881,2,0
238879,238879,238881,2,0
238879,238879,238881,2,0
238879,238880,238881,1,1
238879,238880,238881,1,1
238879,238879,238881,2,0
238879,238879,238881,2,0
238879,238880,238881,1,1
238879,238880,238881,1,1
238879,238879,238881,2,0
238879,238879,238881,2,0
238879,238880,238882,2,1
238879,238880,238881,1,1
238879,238880,238881,1,1
238879,238879,238881,2,0
238879,238879,238881,2,0
238879,238880,238882,2,1
238879,238880,238881,1,1
238879,238879,238881,2,0
238879,238879,238881,2,0
238879,238880,238881,1,1
238879,238880,238881,1,1
238879,238879,238881,2,0
238879,238879,238881,2,0
238879,238880,238881,1,1
238879,238880,238881,1,1
238879,238879,238881,2,0
238879,238880,238881,1,1
238879,238880,238881,1,1
238879,238880,238881,1,1
238879,238879,238881,2,0
238879,238880,238881,1,1
238879,238880,238881,1,1
238879,238879,238881,2,0
238879,238879,238881,2,0
238879,238880,238881,1,1
238879,238880,238881,1,1
238879,238880,238881,1,1
238879,238880,238881,1,1
238879,238880,238882,2,1
238914,238914,238915,1,0
238914,238914,238915,1,0
238914,238914,238915,1,0
238914,238914,238915,1,0
238914,238914,238915,1,0
238914,238914,238915,1,0
238914,238914,238915,1,0
238914,238914,238915,1,0
238914,238914,238916,2,0
238914,238914,238915,1,0
238914,238914,238915,1,0
238914,238914,238915,1,0
238914,238914,238916,2,0
238914,238914,238915,1,0
238914,238914,238915,1,0
238914,238914,238915,1,0
238914,238914,238915,1,0
238914,238914,238915,1,0
238914,238914,238915,1,0
238914,238914,238915,1,0
238914,238914,238915,1,0
238914,238914,238916,2,0
238914,238914,238915,1,0
238914,238914,238915,1,0
238914,238914,238916,2,0
238914,238914,238916,2,0
238914,238914,238916,2,0
238948,238948,238949,1,0
238948,238948,238949,1,0
238948,238948,238949,1,0
238948,238948,238949,1,0
238948,238948,238949,1,0
238948,238948,238949,1,0
238948,238948,238949,1,0
238948,238948,238949,1,0
238948,238948,238949,1,0
238948,238948,238949,1,0
238948,238948,238949,1,0
238948,238948,238949,1,0
238948,238948,238949,1,0
238948,238948,238950,2,0
238948,238948,238950,2,0
238948,238948,238949,1,0
238948,238948,238950,2,0
238948,238948,238949,1,0
238948,238948,238950,2,0
238948,238948,238950,2,0
238948,238948,238949,1,0
238948,238948,238950,2,0
238948,238948,238949,1,0
238948,238948,238949,1,0
238948,238948,238950,2,0
238948,238948,238949,1,0
238948,238948,238949,1,0
238948,238948,238950,2,0
238948,238948,238949,1,0
238948,238948,238950,2,0
238948,238948,238949,1,0
238948,238948,238950,2,0
238948,238948,238949,1,0
238948,238948,238949,1,0
238914,238914,238962,48,0
238965,238965,238966,1,0
238965,238965,238966,1,0
238965,238965,238966,1,0
238965,238965,238966,1,0
238965,238965,238966,1,0
238965,238965,238966,1,0
238965,238965,238966,1,0
238965,238965,238966,1,0
238965,238965,238966,1,0
238965,238965,238966,1,0
238965,238965,238966,1,0
238965,238965,238966,1,0
238965,238965,238967,2,0
238965,238965,238966,1,0
238965,238965,238967,2,0
238965,238965,238966,1,0
238965,238965,238967,2,0
238965,238965,238966,1,0
238965,238965,238966,1,0
238965,238965,238966,1,0
238965,238965,238966,1,0
238965,238965,238966,1,0
238965,238965,238966,1,0
238965,238965,238967,2,0
238965,238965,238966,1,0
238965,238965,238966,1,0
238965,238965,238967,2,0
238965,238965,238966,1,0
238965,238965,238966,1,0
238965,238965,238966,1,0
238965,238965,238966,1,0
238965,238965,238966,1,0
238965,238965,238966,1,0
238965,238965,238966,1,0
238965,238965,239018,53,0
239021,239021,239022,1,0
239021,239021,239022,1,0
239021,239021,239022,1,0
239021,239021,239022,1,0
239021,239021,239022,1,0
239021,239021,239022,1,0
239021,239021,239022,1,0
239021,239021,239022,1,0
239021,239021,239022,1,0
239021,239021,239022,1,0
239021,239021,239022,1,0
239021,239021,239022,1,0
239021,239021,239022,1,0
239021,239021,239022,1,0
239021,239021,239022,1,0
239021,239021,239023,2,0
239021,239021,239022,1,0
239021,239021,239022,1,0
239021,239021,239022,1,0
239021,239021,239023,2,0
239021,239021,239022,1,0
239021,239021,239022,1,0
239021,239021,239022,1,0
239021,239021,239022,1,0
239021,239021,239023,2,0
239021,239021,239022,1,0
239021,239021,239022,1,0
239021,239021,239022,1,0
239021,239021,239022,1,0
239021,239021,239023,2,0
239021,239021,239022,1,0
239021,239022,239023,1,1
238984,238984,239031,47,0
239041,239041,239042,1,0
239041,239042,239043,1,1
239041,239042,239043,1,1
239041,239042,239043,1,1
239041,239042,239043,1,1
239041,239042,239043,1,1
239041,239042,239043,1,1
239041,239042,239043,1,1
239041,239042,239043,1,1
239041,239042,239043,1,1
239041,239042,239043,1,1
239041,239042,239043,1,1
239041,239042,239043,1,1
239041,239042,239043,1,1
239041,239042,239043,1,1
239041,239042,239043,1,1
239041,239042,239043,1,1
239041,239042,239043,1,1
239041,239042,239044,2,1
239041,239042,239046,4,1
239041,239042,239046,4,1
239041,239042,239047,5,1
239011,239011,239058,47,0
239002,239002,239058,56,0
239008,239008,239063,55,0
239065,239065,239066,1,0
239004,239004,239066,62,0
239065,239065,239066,1,0
239065,239065,239066,1,0
239065,239065,239066,1,0
239065,239065,239066,1,0
239065,239065,239067,2,0
239065,239065,239066,1,0
239065,239065,239066,1,0
239065,239065,239067,2,0
239065,239065,239066,1,0
239065,239065,239066,1,0
239065,239065,239066,1,0
239065,239065,239066,1,0
239065,239066,239067,1,1
239065,239065,239066,1,0
239065,239065,239066,1,0
239065,239065,239067,2,0
239065,239065,239066,1,0
239065,239066,239067,1,1
239065,239065,239067,2,0
239065,239065,239067,2,0
239065,239065,239067,2,0
239065,239066,239067,1,1
239065,239065,239067,2,0
239065,239065,239067,2,0
239065,239066,239067,1,1
239065,239066,239067,1,1
239065,239066,239067,1,1
239065,239065,239067,2,0
239065,239065,239067,2,0
239065,239066,239067,1,1
239065,239066,239067,1,1
239065,239066,239067,1,1
239066,239067,239068,1,1
239065,239065,239067,2,0
239065,239065,239067,2,0
239065,239066,239067,1,1
239065,239066,239067,1,1
239065,239066,239067,1,1
239065,239065,239067,2,0
239065,239066,239067,1,1
239065,239066,239067,1,1
239065,239066,239067,1,1
239065,239066,239067,1,1
239065,239065,239067,2,0
239065,239066,239067,1,1
239065,239066,239067,1,1
239065,239065,239067,2,0
239065,239065,239067,2,0
239065,239066,239067,1,1
239065,239066,239067,1,1
239065,239066,239067,1,1
239065,239065,239067,2,0
239065,239066,239067,1,1
239065,239066,239067,1,1
239066,239067,239068,1,1
239065,239066,239067,1,1
239065,239066,239067,1,1
239065,239066,239067,1,1
239065,239066,239067,1,1
239066,239067,239068,1,1
239066,239067,239068,1,1
239066,239068,239069,1,2
239066,239068,239069,1,2
239066,239067,239068,1,1
239066,239067,239068,1,1
239066,239067,239068,1,1
239066,239067,239068,1,1
239066,239067,239068,1,1
239066,239067,239068,1,1
239066,239067,239068,1,1
239066,239067,239068,1,1
239066,239067,239068,1,1
239066,239067,239068,1,1
239066,239067,239068,1,1
239066,239067,239068,1,1
239066,239067,239068,1,1
239066,239067,239068,1,1
239066,239067,239068,1,1
239066,239067,239068,1,1
239067,239068,239069,1,1
239066,239067,239068,1,1
239066,239067,239068,1,1
239067,239068,239069,1,1
239005,239005,239068,63,0
239006,239007,239069,62,1
239067,239068,239069,1,1
239067,239068,239069,1,1
239067,239068,239069,1,1
239067,239068,239070,2,1
239067,239068,239069,1,1
239067,239068,239070,2,1
239067,239068,239070,2,1
239067,239068,239069,1,1
239067,239068,239070,2,1
239067,239068,239069,1,1
239067,239068,239069,1,1
239067,239068,239069,1,1
239067,239068,239069,1,1
239067,239068,239069,1,1
239067,239068,239069,1,1
239067,239068,239069,1,1
239067,239068,239069,1,1
239067,239068,239069,1,1
239067,239068,239069,1,1
239067,239068,239069,1,1
239067,239068,239069,1,1
239067,239068,239069,1,1
239067,239068,239069,1,1
239067,239068,239069,1,1
239017,239018,239076,58,1
239014,239014,239077,63,0
239010,239010,239079,69,0
239016,239016,239082,66,0
239020,239022,239083,61,2
239023,239023,239085,62,0
239044,239044,239098,54,0
239046,239047,239102,55,1
239102,239102,239103,1,0
239102,239102,239103,1,0
239102,239102,239103,1,0
239102,239102,239103,1,0
239102,239102,239103,1,0
239102,239102,239103,1,0
239102,239102,239103,1,0
239102,239102,239103,1,0
239102,239102,239103,1,0
239102,239102,239103,1,0
239102,239102,239103,1,0
239102,239102,239103,1,0
239102,239102,239103,1,0
239102,239102,239103,1,0
239102,239102,239103,1,0
239102,239102,239103,1,0
239102,239102,239103,1,0
239102,239102,239103,1,0
239102,239102,239103,1,0
239102,239102,239103,1,0
239102,239102,239103,1,0
239102,239102,239103,1,0
239102,239102,239103,1,0
239102,239102,239103,1,0
239102,239102,239103,1,0
239102,239102,239103,1,0
239102,239102,239103,1,0
239102,239102,239103,1,0
239102,239102,239103,1,0
239102,239102,239103,1,0
239102,239102,239103,1,0
239102,239102,239103,1,0
239102,239102,239103,1,0
239102,239102,239103,1,0
239102,239102,239104,2,0
239102,239102,239103,1,0
239102,239102,239103,1,0
239102,239102,239104,2,0
239102,239102,239103,1,0
239102,239102,239104,2,0
239102,239102,239104,2,0
239102,239102,239103,1,0
239102,239102,239103,1,0
239102,239102,239104,2,0
239102,239102,239103,1,0
239102,239102,239103,1,0
239102,239102,239103,1,0
239102,239102,239104,2,0
239102,239103,239104,1,1
239102,239102,239103,1,0
239102,239102,239103,1,0
239102,239102,239103,1,0
239102,239102,239103,1,0
239102,239102,239104,2,0
239102,239102,239103,1,0
239102,239102,239103,1,0
239102,239102,239103,1,0
239102,239102,239103,1,0
239102,239102,239104,2,0
239102,239102,239103,1,0
239102,239102,239103,1,0
239102,239102,239103,1,0
239102,239102,239104,2,0
239102,239102,239104,2,0
239102,239102,239103,1,0
239102,239103,239104,1,1
239102,239103,239104,1,1
239102,239102,239103,1,0
239102,239102,239104,2,0
239102,239102,239103,1,0
239102,239103,239104,1,1
239102,239103,239104,1,1
239102,239102,239103,1,0
239102,239102,239103,1,0
239102,239102,239103,1,0
239102,239103,239104,1,1
239102,239103,239104,1,1
239102,239103,239104,1,1
239102,239103,239105,2,1
239102,239103,239105,2,1
239102,239103,239105,2,1
239102,239103,239105,2,1
239102,239103,239105,2,1
239102,239103,239105,2,1
239102,239103,239105,2,1
239102,239103,239105,2,1
239102,239103,239105,2,1
239102,239105,239106,1,3
239102,239103,239105,2,1
239102,239103,239105,2,1
239102,239103,239105,2,1
239102,239105,239106,1,3
239102,239103,239105,2,1
239102,239103,239105,2,1
239102,239103,239105,2,1
239102,239103,239105,2,1
239102,239103,239105,2,1
239102,239103,239105,2,1
239102,239103,239105,2,1
239102,239103,239105,2,1
239102,239103,239105,2,1
239102,239103,239105,2,1
239102,239103,239105,2,1
239102,239103,239105,2,1
239102,239103,239106,3,1
239102,239103,239105,2,1
239102,239103,239105,2,1
239102,239103,239105,2,1
239102,239105,239106,1,3
239102,239103,239105,2,1
239102,239104,239105,1,2
239102,239105,239106,1,3
239102,239105,239106,1,3
239102,239105,239106,1,3
239102,239105,239106,1,3
239102,239105,239106,1,3
239102,239104,239106,2,2
239102,239105,239106,1,3
239102,239105,239106,1,3
239102,239105,239106,1,3
239102,239105,239106,1,3
239102,239105,239106,1,3
239102,239105,239106,1,3
239102,239105,239106,1,3
239102,239105,239106,1,3
239102,239105,239106,1,3
239102,239105,239106,1,3
239102,239105,239106,1,3
239102,239105,239106,1,3
239102,239105,239106,1,3
239102,239105,239106,1,3
239102,239105,239106,1,3
239102,239103,239106,3,1
239102,239103,239106,3,1
239102,239105,239107,2,3
239102,239105,239106,1,3
239102,239105,239106,1,3
239102,239105,239106,1,3
239102,239105,239106,1,3
239102,239105,239107,2,3
239102,239105,239107,2,3
239102,239105,239106,1,3
239102,239105,239106,1,3
239102,239105,239106,1,3
239102,239105,239106,1,3
239102,239105,239107,2,3
239102,239105,239107,2,3
239102,239105,239106,1,3
239102,239105,239106,1,3
239102,239105,239106,1,3
239102,239105,239106,1,3
239102,239105,239107,2,3
239102,239105,239107,2,3
239102,239105,239107,2,3
239102,239105,239107,2,3
239066,239068,239123,55,2
239103,239105,239162,57,2
239166,239166,239167,1,0
239166,239166,239167,1,0
239166,239166,239167,1,0
239166,239166,239167,1,0
239166,239166,239167,1,0
239166,239166,239167,1,0
239166,239166,239167,1,0
239166,239166,239167,1,0
239166,239166,239167,1,0
239166,239166,239167,1,0
239166,239166,239167,1,0
239166,239166,239167,1,0
239166,239166,239167,1,0
239166,239166,239167,1,0
239166,239166,239167,1,0
239166,239166,239167,1,0
239166,239166,239167,1,0
239166,239166,239167,1,0
239166,239166,239167,1,0
239166,239166,239167,1,0
239166,239166,239167,1,0
239166,239166,239167,1,0
239166,239166,239167,1,0
239166,239166,239167,1,0
239166,239166,239167,1,0
239166,239166,239167,1,0
239166,239166,239167,1,0
239166,239166,239167,1,0
239166,239166,239167,1,0
239166,239166,239167,1,0
239166,239166,239168,2,0
239166,239166,239167,1,0
239166,239167,239168,1,1
239166,239167,239168,1,1
239166,239166,239167,1,0
239166,239166,239167,1,0
239166,239166,239167,1,0
239166,239166,239167,1,0
239166,239166,239167,1,0
239166,239167,239168,1,1
239166,239166,239167,1,0
239166,239166,239167,1,0
239166,239166,239168,2,0
239166,239166,239167,1,0
239166,239166,239167,1,0
239166,239167,239168,1,1
239166,239166,239167,1,0
239166,239166,239167,1,0
239166,239166,239168,2,0
239166,239166,239167,1,0
239166,239167,239168,1,1
239166,239166,239167,1,0
239166,239166,239167,1,0
239166,239166,239168,2,0
239166,239166,239168,2,0
239166,239167,239168,1,1
239166,239166,239167,1,0
239166,239166,239167,1,0
239166,239166,239167,1,0
239166,239166,239168,2,0
239166,239167,239168,1,1
239166,239166,239167,1,0
239166,239166,239167,1,0
239166,239166,239167,1,0
239166,239167,239168,1,1
239166,239166,239167,1,0
239166,239166,239167,1,0
239166,239166,239168,2,0
239166,239166,239167,1,0
239166,239167,239168,1,1
239166,239166,239167,1,0
239166,239166,239167,1,0
239166,239166,239167,1,0
239166,239166,239168,2,0
239166,239166,239167,1,0
239166,239166,239168,2,0
239166,239166,239167,1,0
239166,239166,239167,1,0
239166,239166,239168,2,0
239166,239167,239168,1,1
239166,239167,239168,1,1
239166,239167,239168,1,1
239166,239167,239168,1,1
239166,239167,239168,1,1
239166,239167,239168,1,1
239166,239167,239168,1,1
239166,239167,239169,2,1
239166,239167,239168,1,1
239166,239167,239169,2,1
239166,239167,239169,2,1
239166,239167,239169,2,1
239166,239167,239169,2,1
239166,239167,239168,1,1
239166,239167,239169,2,1
239166,239167,239169,2,1
239166,239167,239169,2,1
239166,239167,239169,2,1
239166,239167,239169,2,1
239166,239167,239169,2,1
239166,239167,239169,2,1
239166,239167,239169,2,1
239166,239167,239169,2,1
239166,239167,239169,2,1
239166,239167,239169,2,1
239166,239167,239169,2,1
239166,239167,239169,2,1
239166,239167,239169,2,1
239166,239169,239170,1,3
239166,239169,239170,1,3
239166,239169,239170,1,3
239166,239168,239170,2,2
239166,239169,239170,1,3
239166,239169,239170,1,3
239166,239169,239170,1,3
239166,239169,239170,1,3
239166,239169,239170,1,3
239166,239169,239170,1,3
239166,239169,239170,1,3
239166,239169,239170,1,3
239166,239169,239170,1,3
239166,239169,239173,4,3
239166,239169,239176,7,3
239229,239229,239230,1,0
239229,239229,239230,1,0
239229,239229,239230,1,0
239229,239230,239231,1,1
239229,239229,239230,1,0
239229,239229,239230,1,0
239229,239229,239230,1,0
239229,239229,239230,1,0
239229,239229,239230,1,0
239229,239229,239230,1,0
239229,239229,239231,2,0
239229,239229,239230,1,0
239229,239229,239230,1,0
239229,239229,239230,1,0
239229,239229,239230,1,0
239229,239229,239230,1,0
239229,239229,239230,1,0
239229,239229,239230,1,0
239229,239229,239230,1,0
239229,239229,239230,1,0
239229,239229,239231,2,0
239229,239229,239231,2,0
239229,239230,239231,1,1
239229,239230,239231,1,1
239229,239229,239231,2,0
239229,239229,239231,2,0
239229,239230,239231,1,1
239229,239230,239231,1,1
239229,239230,239231,1,1
239229,239229,239231,2,0
239229,239230,239231,1,1
239229,239230,239231,1,1
239229,239229,239231,2,0
239229,239229,239231,2,0
239229,239230,239231,1,1
239229,239230,239231,1,1
239229,239230,239231,1,1
239229,239229,239231,2,0
239229,239230,239231,1,1
239229,239230,239231,1,1
239229,239230,239231,1,1
239229,239229,239231,2,0
239229,239230,239231,1,1
239229,239230,239231,1,1
239229,239229,239231,2,0
239229,239229,239231,2,0
239229,239230,239231,1,1
239229,239230,239231,1,1
239229,239229,239231,2,0
239229,239230,239231,1,1
239229,239230,239231,1,1
239229,239230,239231,1,1
239229,239229,239231,2,0
239229,239229,239231,2,0
239229,239230,239231,1,1
239229,239230,239231,1,1
239229,239230,239231,1,1
239229,239229,239231,2,0
239229,239230,239231,1,1
239229,239230,239231,1,1
239230,239230,239278,48,0
239277,239278,239279,1,1
239277,239278,239279,1,1
239277,239278,239279,1,1
239277,239278,239279,1,1
239277,239278,239279,1,1
239277,239278,239279,1,1
239277,239278,239279,1,1
239277,239278,239279,1,1
239277,239278,239279,1,1
239277,239278,239279,1,1
239277,239278,239279,1,1
239277,239278,239279,1,1
239277,239278,239279,1,1
239277,239278,239279,1,1
239277,239278,239279,1,1
239277,239278,239279,1,1
239277,239278,239279,1,1
239277,239278,239279,1,1
239277,239278,239279,1,1
239277,239278,239279,1,1
239277,239278,239279,1,1
239277,239278,239279,1,1
239277,239278,239279,1,1
239277,239278,239279,1,1
239277,239278,239280,2,1
239311,239311,239312,1,0
239311,239311,239312,1,0
239311,239311,239312,1,0
239311,239311,239312,1,0
239311,239311,239312,1,0
239311,239311,239312,1,0
239311,239311,239312,1,0
239311,239311,239312,1,0
239311,239311,239312,1,0
239311,239311,239312,1,0
239311,239311,239312,1,0
239311,239311,239312,1,0
239311,239311,239312,1,0
239311,239311,239313,2,0
239311,239311,239312,1,0
239311,239311,239313,2,0
239311,239311,239312,1,0
239311,239311,239313,2,0
239311,239311,239312,1,0
239311,239311,239312,1,0
239311,239311,239313,2,0
239311,239311,239312,1,0
239311,239311,239312,1,0
239311,239311,239313,2,0
239311,239311,239312,1,0
239311,239311,239313,2,0
239311,239311,239313,2,0
239311,239311,239312,1,0
239311,239311,239313,2,0
239311,239311,239312,1,0
239311,239311,239312,1,0
239311,239311,239312,1,0
239311,239311,239313,2,0
239311,239311,239312,1,0
239278,239278,239326,48,0
239327,239327,239328,1,0
239327,239327,239328,1,0
239327,239327,239328,1,0
239327,239327,239328,1,0
239327,239327,239328,1,0
239327,239327,239328,1,0
239327,239327,239328,1,0
239327,239327,239328,1,0
239327,239327,239328,1,0
239327,239327,239328,1,0
239327,239327,239329,2,0
239327,239327,239328,1,0
239327,239327,239329,2,0
239327,239327,239329,2,0
239327,239327,239329,2,0
239327,239327,239329,2,0
239327,239327,239329,2,0
239327,239327,239329,2,0
239327,239327,239329,2,0
239327,239327,239329,2,0
239327,239328,239329,1,1
239327,239327,239329,2,0
239327,239327,239329,2,0
239327,239328,239329,1,1
239327,239327,239329,2,0
239327,239328,239329,1,1
239327,239328,239329,1,1
239327,239327,239329,2,0
239328,239328,239373,45,0
239373,239374,239375,1,1
239373,239374,239375,1,1
239373,239374,239375,1,1
239373,239374,239375,1,1
239373,239374,239375,1,1
239373,239374,239375,1,1
239373,239374,239375,1,1
239373,239374,239375,1,1
239373,239374,239375,1,1
239373,239374,239375,1,1
239373,239374,239375,1,1
239373,239374,239375,1,1
239373,239374,239375,1,1
239373,239374,239375,1,1
239373,239374,239375,1,1
239373,239374,239375,1,1
239373,239374,239375,1,1
239373,239374,239375,1,1
239373,239374,239375,1,1
239373,239374,239375,1,1
239373,239374,239375,1,1
239373,239374,239375,1,1
239373,239374,239375,1,1
239346,239346,239395,49,0
239397,239397,239398,1,0
239397,239397,239398,1,0
239397,239397,239398,1,0
239397,239397,239398,1,0
239397,239397,239398,1,0
239397,239397,239398,1,0
239397,239397,239398,1,0
239397,239397,239398,1,0
239397,239397,239398,1,0
239397,239397,239398,1,0
239397,239397,239398,1,0
239397,239397,239398,1,0
239397,239397,239399,2,0
239397,239397,239398,1,0
239397,239397,239398,1,0
239397,239397,239398,1,0
239397,239397,239398,1,0
239397,239397,239398,1,0
239397,239397,239398,1,0
239397,239397,239398,1,0
239397,239397,239398,1,0
239397,239397,239398,1,0
239397,239397,239398,1,0
239397,239397,239398,1,0
239397,239397,239398,1,0
239397,239397,239398,1,0
239397,239397,239398,1,0
239367,239367,239413,46,0
239416,239417,239418,1,1
239416,239417,239418,1,1
239416,239417,239418,1,1
239416,239417,239418,1,1
239416,239417,239418,1,1
239416,239417,239418,1,1
239365,239365,239418,53,0
239416,239417,239418,1,1
239416,239417,239418,1,1
239374,239374,239418,44,0
239416,239417,239419,2,1
239416,239417,239418,1,1
239416,239417,239418,1,1
239416,239417,239418,1,1
239416,239417,239418,1,1
239416,239417,239418,1,1
239416,239417,239418,1,1
239416,239417,239418,1,1
239416,239417,239418,1,1
239416,239417,239418,1,1
239416,239417,239418,1,1
239416,239417,239418,1,1
239416,239417,239418,1,1
239416,239417,239418,1,1
239416,239417,239418,1,1
239372,239372,239418,46,0
239416,239417,239419,2,1
239416,239417,239418,1,1
239416,239417,239419,2,1
239370,239370,239419,49,0
239419,239419,239420,1,0
239419,239419,239420,1,0
239419,239419,239420,1,0
239419,239420,239421,1,1
239419,239419,239420,1,0
239419,239419,239420,1,0
239419,239419,239420,1,0
239419,239419,239420,1,0
239419,239419,239420,1,0
239419,239419,239421,2,0
239419,239419,239420,1,0
239419,239419,239420,1,0
239419,239419,239420,1,0
239419,239419,239420,1,0
239419,239419,239420,1,0
239419,239419,239420,1,0
239419,239419,239420,1,0
239419,239419,239421,2,0
239419,239419,239420,1,0
239419,239419,239421,2,0
239419,239419,239420,1,0
239419,239419,239420,1,0
239419,239419,239421,2,0
239419,239419,239420,1,0
239419,239419,239420,1,0
239419,239419,239421,2,0
239419,239420,239421,1,1
239419,239420,239421,1,1
239419,239419,239421,2,0
239419,239420,239421,1,1
239419,239419,239422,3,0
239419,239420,239421,1,1
239419,239420,239421,1,1
239419,239419,239421,2,0
239419,239419,239421,2,0
239419,239420,239421,1,1
239419,239420,239421,1,1
239419,239419,239421,2,0
239419,239420,239421,1,1
239419,239420,239421,1,1
239419,239419,239421,2,0
239419,239420,239421,1,1
239419,239420,239421,1,1
239419,239420,239421,1,1
239419,239419,239421,2,0
239419,239420,239421,1,1
239419,239420,239421,1,1
239419,239420,239421,1,1
239419,239419,239421,2,0
239419,239420,239421,1,1
239419,239420,239421,1,1
239419,239419,239421,2,0
239419,239420,239421,1,1
239419,239420,239421,1,1
239419,239420,239421,1,1
239419,239420,239421,1,1
239419,239420,239422,2,1
239369,239369,239424,55,0
239377,239377,239435,58,0
239397,239397,239448,51,0
239456,239456,239457,1,0
239456,239456,239457,1,0
239456,239456,239457,1,0
239456,239456,239457,1,0
239456,239456,239457,1,0
239456,239456,239457,1,0
239456,239456,239457,1,0
239456,239456,239457,1,0
239456,239456,239457,1,0
239456,239456,239457,1,0
239456,239456,239457,1,0
239456,239456,239457,1,0
239456,239456,239457,1,0
239456,239456,239457,1,0
239456,239456,239457,1,0
239456,239456,239457,1,0
239456,239456,239457,1,0
239456,239456,239457,1,0
239456,239456,239457,1,0
239456,239456,239457,1,0
239456,239456,239457,1,0
239456,239456,239457,1,0
239456,239456,239457,1,0
239456,239456,239457,1,0
239456,239456,239457,1,0
239456,239456,239457,1,0
239456,239456,239457,1,0
239456,239456,239457,1,0
239456,239456,239457,1,0
239456,239456,239457,1,0
239456,239456,239457,1,0
239456,239456,239457,1,0
239456,239456,239458,2,0
239456,239456,239458,2,0
239456,239456,239458,2,0
239456,239456,239457,1,0
239456,239456,239457,1,0
239456,239456,239457,1,0
239456,239456,239458,2,0
239456,239456,239458,2,0
239456,239456,239458,2,0
239456,239456,239457,1,0
239456,239456,239458,2,0
239456,239456,239458,2,0
239456,239456,239458,2,0
239456,239457,239458,1,1
239456,239456,239457,1,0
239456,239456,239458,2,0
239456,239456,239457,1,0
239456,239456,239458,2,0
239456,239456,239458,2,0
239456,239456,239458,2,0
239456,239456,239458,2,0
239456,239456,239458,2,0
239456,239456,239457,1,0
239456,239456,239458,2,0
239456,239456,239458,2,0
239456,239456,239458,2,0
239456,239456,239458,2,0
239456,239456,239458,2,0
239456,239456,239458,2,0
239456,239456,239458,2,0
239456,239456,239458,2,0
239456,239456,239458,2,0
239456,239456,239458,2,0
239456,239456,239457,1,0
239456,239457,239458,1,1
239456,239456,239458,2,0
239456,239456,239458,2,0
239456,239456,239458,2,0
239456,239456,239458,2,0
239456,239456,239458,2,0
239456,239457,239459,2,1
239456,239456,239457,1,0
239456,239456,239458,2,0
239456,239456,239458,2,0
239456,239456,239457,1,0
239456,239456,239458,2,0
239456,239456,239458,2,0
239456,239457,239459,2,1
239456,239457,239459,2,1
239456,239457,239459,2,1
239456,239457,239459,2,1
239456,239457,239459,2,1
239456,239457,239459,2,1
239456,239457,239459,2,1
239456,239457,239459,2,1
239456,239457,239459,2,1
239456,239457,239459,2,1
239456,239456,239459,3,0
239456,239457,239459,2,1
239456,239457,239459,2,1
239456,239458,239459,1,2
239456,239457,239459,2,1
239456,239458,239459,1,2
239456,239457,239460,3,1
239456,239457,239459,2,1
239456,239458,239459,1,2
239456,239458,239459,1,2
239456,239457,239460,3,1
239456,239457,239460,3,1
239420,239420,239464,44,0
239417,239417,239469,52,0
239491,239491,239492,1,0
239491,239491,239492,1,0
239491,239491,239492,1,0
239491,239491,239492,1,0
239491,239491,239492,1,0
239491,239491,239492,1,0
239491,239491,239492,1,0
239491,239491,239492,1,0
239491,239491,239492,1,0
239491,239491,239492,1,0
239491,239491,239492,1,0
239491,239491,239492,1,0
239491,239491,239492,1,0
239491,239491,239492,1,0
239491,239491,239492,1,0
239491,239491,239492,1,0
239491,239491,239492,1,0
239491,239491,239492,1,0
239491,239491,239492,1,0
239491,239491,239492,1,0
239491,239491,239492,1,0
239491,239491,239492,1,0
239491,239491,239493,2,0
239491,239491,239493,2,0
239491,239491,239492,1,0
239491,239491,239493,2,0
239491,239491,239492,1,0
239491,239491,239493,2,0
239491,239491,239493,2,0
239491,239491,239492,1,0
239491,239491,239492,1,0
239491,239491,239493,2,0
239491,239491,239493,2,0
239491,239491,239492,1,0
239491,239491,239493,2,0
239491,239491,239493,2,0
239491,239491,239492,1,0
239491,239491,239493,2,0
239491,239491,239493,2,0
239491,239491,239492,1,0
239491,239491,239493,2,0
239491,239491,239492,1,0
239491,239491,239493,2,0
239491,239491,239493,2,0
239491,239491,239493,2,0
239491,239491,239493,2,0
239491,239491,239492,1,0
239491,239491,239493,2,0
239491,239491,239493,2,0
239491,239491,239492,1,0
239491,239491,239493,2,0
239491,239491,239492,1,0
239491,239491,239493,2,0
239491,239491,239493,2,0
239491,239491,239493,2,0
239491,239491,239492,1,0
239491,239491,239493,2,0
239491,239491,239493,2,0
239491,239491,239493,2,0
239491,239491,239493,2,0
239491,239491,239493,2,0
239491,239491,239493,2,0
239491,239491,239493,2,0
239525,239525,239526,1,0
239525,239525,239526,1,0
239525,239525,239526,1,0
239525,239525,239526,1,0
239525,239525,239526,1,0
239525,239525,239526,1,0
239525,239525,239526,1,0
239525,239525,239526,1,0
239525,239525,239527,2,0
239525,239525,239527,2,0
239525,239525,239527,2,0
239525,239525,239527,2,0
239525,239525,239526,1,0
239525,239525,239527,2,0
239525,239525,239527,2,0
239525,239525,239527,2,0
239525,239525,239527,2,0
239525,239525,239527,2,0
239525,239525,239526,1,0
239525,239525,239526,1,0
239525,239525,239527,2,0
239525,239525,239527,2,0
239525,239525,239527,2,0
239525,239525,239527,2,0
239525,239525,239526,1,0
239525,239525,239527,2,0
239525,239525,239527,2,0
239525,239525,239527,2,0
239525,239525,239527,2,0
239525,239525,239527,2,0
239525,239525,239527,2,0
239525,239525,239527,2,0
239525,239525,239533,8,0
239525,239525,239533,8,0
239491,239491,239539,48,0
239560,239560,239561,1,0
239560,239560,239561,1,0
239560,239560,239561,1,0
239560,239560,239561,1,0
239560,239560,239561,1,0
239560,239560,239562,2,0
239560,239560,239561,1,0
239560,239560,239562,2,0
239560,239560,239561,1,0
239560,239560,239562,2,0
239560,239560,239561,1,0
239560,239560,239562,2,0
239560,239560,239561,1,0
239560,239560,239562,2,0
239560,239560,239562,2,0
239560,239560,239561,1,0
239560,239560,239562,2,0
239560,239560,239561,1,0
239560,239560,239561,1,0
239560,239560,239562,2,0
239560,239560,239561,1,0
239560,239560,239561,1,0
239560,239560,239561,1,0
239560,239560,239561,1,0
239560,239560,239562,2,0
239560,239560,239561,1,0
239560,239560,239561,1,0
239560,239560,239562,2,0
239560,239560,239561,1,0
239577,239577,239578,1,0
239577,239577,239578,1,0
239577,239577,239578,1,0
239577,239577,239578,1,0
239577,239577,239578,1,0
239577,239577,239578,1,0
239577,239577,239578,1,0
239577,239577,239578,1,0
239577,239577,239578,1,0
239577,239577,239578,1,0
239577,239577,239579,2,0
239577,239577,239578,1,0
239577,239577,239579,2,0
239577,239577,239578,1,0
239577,239577,239578,1,0
239577,239577,239579,2,0
239577,239577,239578,1,0
239577,239577,239579,2,0
239577,239577,239578,1,0
239577,239577,239579,2,0
239577,239577,239578,1,0
239577,239577,239578,1,0
239577,239577,239578,1,0
239577,239577,239579,2,0
239577,239577,239579,2,0
239577,239577,239579,2,0
239577,239577,239579,2,0
239577,239577,239578,1,0
239577,239577,239578,1,0
239577,239577,239578,1,0
239577,239577,239579,2,0
239577,239577,239578,1,0
239577,239577,239579,2,0
239577,239577,239579,2,0
239560,239560,239608,48,0
239613,239613,239614,1,0
239613,239613,239614,1,0
239613,239613,239614,1,0
239613,239613,239614,1,0
239613,239613,239614,1,0
239613,239613,239614,1,0
239613,239613,239614,1,0
239613,239613,239614,1,0
239613,239613,239614,1,0
239613,239613,239614,1,0
239613,239613,239614,1,0
239613,239613,239615,2,0
239613,239613,239614,1,0
239613,239613,239615,2,0
239613,239613,239615,2,0
239613,239613,239615,2,0
239613,239613,239615,2,0
239613,239613,239615,2,0
239613,239613,239615,2,0
239613,239613,239615,2,0
239613,239613,239614,1,0
239613,239613,239614,1,0
239613,239613,239615,2,0
239613,239613,239615,2,0
239613,239613,239615,2,0
239613,239613,239615,2,0
239613,239613,239614,1,0
239613,239613,239615,2,0
239613,239613,239615,2,0
239613,239613,239615,2,0
239613,239613,239615,2,0
239613,239613,239614,1,0
239613,239613,239615,2,0
239613,239613,239615,2,0
239595,239595,239647,52,0
239648,239648,239649,1,0
239648,239648,239649,1,0
239648,239648,239649,1,0
239648,239648,239649,1,0
239648,239648,239649,1,0
239648,239648,239649,1,0
239648,239648,239649,1,0
239648,239648,239649,1,0
239648,239648,239649,1,0
239648,239648,239649,1,0
239648,239648,239649,1,0
239648,239648,239649,1,0
239648,239648,239649,1,0
239648,239648,239650,2,0
239648,239648,239649,1,0
239648,239648,239649,1,0
239648,239648,239649,1,0
239648,239648,239649,1,0
239648,239648,239649,1,0
239648,239648,239649,1,0
239648,239648,239649,1,0
239648,239648,239650,2,0
239648,239648,239649,1,0
239648,239648,239649,1,0
239648,239648,239650,2,0
239648,239648,239649,1,0
239648,239648,239649,1,0
239648,239648,239649,1,0
239648,239648,239649,1,0
239648,239648,239649,1,0
239648,239648,239649,1,0
239648,239648,239650,2,0
239648,239648,239649,1,0
239648,239648,239649,1,0
239615,239615,239663,48,0
239668,239668,239669,1,0
239668,239668,239669,1,0
239668,239668,239669,1,0
239668,239668,239669,1,0
239668,239668,239669,1,0
239668,239668,239669,1,0
239668,239668,239669,1,0
239668,239668,239669,1,0
239668,239668,239669,1,0
239668,239668,239669,1,0
239668,239668,239669,1,0
239668,239668,239669,1,0
239668,239668,239669,1,0
239668,239668,239669,1,0
239668,239668,239669,1,0
239668,239668,239669,1,0
239668,239668,239669,1,0
239668,239668,239669,1,0
239668,239668,239670,2,0
239668,239668,239669,1,0
239668,239669,239670,1,1
239668,239668,239669,1,0
239668,239668,239670,2,0
239668,239668,239669,1,0
239668,239668,239669,1,0
239668,239668,239669,1,0
239668,239668,239669,1,0
239668,239668,239669,1,0
239668,239668,239669,1,0
239668,239668,239669,1,0
239668,239669,239670,1,1
239668,239669,239670,1,1
239668,239668,239670,2,0
239637,239638,239685,47,1
239689,239689,239690,1,0
239689,239689,239690,1,0
239689,239689,239690,1,0
239689,239689,239690,1,0
239689,239689,239690,1,0
239689,239689,239690,1,0
239689,239689,239690,1,0
239689,239689,239690,1,0
239689,239689,239690,1,0
239689,239689,239690,1,0
239635,239635,239690,55,0
239689,239689,239690,1,0
239689,239689,239690,1,0
239689,239689,239690,1,0
239689,239689,239690,1,0
239689,239689,239690,1,0
239633,239633,239691,58,0
239689,239689,239691,2,0
239689,239689,239690,1,0
239689,239689,239690,1,0
239689,239689,239691,2,0
239689,239689,239690,1,0
239689,239689,239690,1,0
239689,239689,239690,1,0
239689,239689,239691,2,0
239689,239689,239690,1,0
239636,239636,239690,54,0
239689,239689,239690,1,0
239689,239689,239690,1,0
239689,239689,239690,1,0
239689,239689,239690,1,0
239689,239689,239690,1,0
239689,239689,239690,1,0
239689,239689,239690,1,0
239689,239689,239690,1,0
239689,239689,239690,1,0
239689,239689,239690,1,0
239649,239649,239695,46,0
239639,239639,239695,56,0
239641,239641,239698,57,0
239643,239643,239703,60,0
239644,239645,239706,61,1
239709,239709,239710,1,0
239708,239709,239710,1,1
239708,239709,239710,1,1
239709,239709,239710,1,0
239708,239709,239710,1,1
239708,239709,239710,1,1
239709,239709,239710,1,0
239709,239709,239710,1,0
239647,239647,239709,62,0
239708,239709,239710,1,1
239709,239709,239710,1,0
239708,239709,239710,1,1
239709,239709,239710,1,0
239709,239709,239710,1,0
239708,239709,239710,1,1
239709,239709,239710,1,0
239709,239709,239710,1,0
239708,239709,239710,1,1
239709,239709,239710,1,0
239709,239709,239710,1,0
239709,239709,239710,1,0
239709,239709,239710,1,0
239709,239709,239710,1,0
239709,239709,239710,1,0
239709,239709,239710,1,0
239708,239709,239710,1,1
239708,239709,239710,1,1
239709,239709,239710,1,0
239709,239709,239710,1,0
239709,239709,239710,1,0
239708,239709,239710,1,1
239709,239709,239710,1,0
239709,239709,239710,1,0
239709,239710,239711,1,1
239708,239709,239710,1,1
239709,239709,239710,1,0
239709,239709,239710,1,0
239709,239710,239711,1,1
239708,239709,239710,1,1
239708,239709,239710,1,1
239709,239709,239710,1,0
239709,239709,239710,1,0
239709,239710,239711,1,1
239709,239709,239710,1,0
239709,239709,239710,1,0
239709,239710,239711,1,1
239708,239709,239710,1,1
239709,239709,239710,1,0
239709,239709,239710,1,0
239709,239709,239710,1,0
239709,239710,239711,1,1
239708,239709,239710,1,1
239708,239709,239710,1,1
239709,239709,239710,1,0
239709,239709,239710,1,0
239709,239710,239711,1,1
239708,239709,239710,1,1
239709,239709,239710,1,0
239709,239709,239711,2,0
239709,239710,239711,1,1
239708,239709,239710,1,1
239708,239709,239710,1,1
239709,239709,239711,2,0
239709,239709,239710,1,0
239709,239709,239710,1,0
239709,239710,239711,1,1
239709,239709,239710,1,0
239709,239709,239711,2,0
239709,239709,239710,1,0
239709,239710,239711,1,1
239709,239710,239711,1,1
239708,239709,239710,1,1
239709,239709,239711,2,0
239709,239709,239711,2,0
239709,239710,239711,1,1
239709,239710,239711,1,1
239709,239710,239711,1,1
239709,239710,239711,1,1
239709,239710,239712,2,1
239709,239710,239712,2,1
239709,239710,239711,1,1
239709,239711,239712,1,2
239709,239711,239712,1,2
239709,239710,239711,1,1
239709,239710,239712,2,1
239709,239710,239711,1,1
239709,239710,239711,1,1
239709,239711,239712,1,2
239709,239710,239711,1,1
239709,239710,239712,2,1
239709,239710,239712,2,1
239709,239711,239712,1,2
239709,239711,239712,1,2
239709,239710,239711,1,1
239709,239710,239712,2,1
239709,239710,239712,2,1
239709,239710,239712,2,1
239709,239711,239712,1,2
239709,239710,239711,1,1
239709,239710,239712,2,1
239709,239710,239711,1,1
239709,239711,239712,1,2
239709,239710,239712,2,1
239709,239710,239711,1,1
239709,239710,239711,1,1
239709,239711,239712,1,2
239709,239711,239712,1,2
239709,239710,239712,2,1
239709,239710,239712,2,1
239709,239710,239711,1,1
239709,239711,239712,1,2
239709,239711,239712,1,2
239709,239710,239712,2,1
239709,239710,239712,2,1
239709,239710,239712,2,1
239709,239710,239712,2,1
239709,239710,239712,2,1
239709,239711,239713,2,2
239709,239711,239713,2,2
239709,239711,239713,2,2
239709,239710,239712,2,1
239709,239711,239713,2,2
239709,239711,239713,2,2
239709,239713,239714,1,4
239709,239711,239713,2,2
239709,239711,239713,2,2
239709,239711,239713,2,2
239709,239711,239713,2,2
239709,239711,239713,2,2
239709,239711,239713,2,2
239709,239711,239713,2,2
239709,239711,239713,2,2
239709,239711,239713,2,2
239709,239711,239713,2,2
239709,239711,239713,2,2
239709,239711,239713,2,2
239709,239712,239713,1,3
239709,239712,239713,1,3
239709,239712,239713,1,3
239709,239712,239713,1,3
239709,239711,239713,2,2
239709,239711,239713,2,2
239709,239711,239713,2,2
239709,239711,239713,2,2
239709,239712,239713,1,3
239709,239712,239713,1,3
239709,239712,239713,1,3
239709,239711,239713,2,2
239709,239711,239713,2,2
239710,239713,239714,1,3
239711,239713,239714,1,2
239711,239713,239714,1,2
239709,239711,239713,2,2
239709,239711,239713,2,2
239709,239712,239713,1,3
239709,239712,239713,1,3
239709,239712,239713,1,3
239709,239712,239713,1,3
239709,239712,239713,1,3
239711,239713,239714,1,2
239710,239713,239714,1,3
239710,239713,239714,1,3
239710,239713,239714,1,3
239711,239713,239714,1,2
239710,239713,239714,1,3
239710,239713,239714,1,3
239711,239713,239714,1,2
239709,239713,239714,1,4
239710,239713,239714,1,3
239710,239713,239714,1,3
239709,239713,239714,1,4
239710,239713,239714,1,3
239710,239713,239714,1,3
239710,239713,239714,1,3
239710,239713,239714,1,3
239710,239713,239714,1,3
239711,239714,239715,1,3
239710,239713,239714,1,3
239710,239713,239714,1,3
239710,239713,239714,1,3
239711,239714,239715,1,3
239710,239713,239714,1,3
239710,239713,239714,1,3
239710,239713,239714,1,3
239710,239713,239715,2,3
239710,239713,239714,1,3
239711,239714,239715,1,3
239710,239713,239714,1,3
239710,239713,239714,1,3
239711,239714,239715,1,3
239711,239714,239715,1,3
239711,239714,239715,1,3
239711,239714,239715,1,3
239711,239714,239715,1,3
239711,239714,239715,1,3
239711,239714,239715,1,3
239669,239669,239715,46,0
239711,239714,239715,1,3
239711,239714,239715,1,3
239711,239714,239715,1,3
239711,239714,239715,1,3
239711,239714,239715,1,3
239711,239714,239715,1,3
239711,239714,239715,1,3
239711,239714,239715,1,3
239711,239714,239716,2,3
239711,239714,239715,1,3
239711,239714,239715,1,3
239711,239714,239715,1,3
239711,239714,239716,2,3
239711,239714,239715,1,3
239711,239714,239715,1,3
239670,239670,239717,47,0
239710,239713,239727,14,3
239711,239714,239728,14,3
239711,239714,239728,14,3
239711,239714,239728,14,3
239689,239690,239737,47,1
239709,239713,239766,53,4
239777,239777,239778,1,0
239777,239777,239778,1,0
239777,239777,239778,1,0
239777,239777,239778,1,0
239777,239777,239778,1,0
239777,239777,239778,1,0
239777,239777,239778,1,0
239777,239777,239778,1,0
239777,239777,239778,1,0
239777,239777,239778,1,0
239777,239777,239778,1,0
239777,239777,239778,1,0
239777,239777,239778,1,0
239777,239777,239778,1,0
239777,239777,239778,1,0
239777,239777,239778,1,0
239777,239777,239778,1,0
239777,239777,239778,1,0
239777,239777,239778,1,0
239777,239777,239778,1,0
239777,239777,239778,1,0
239777,239777,239778,1,0
239777,239777,239778,1,0
239777,239777,239778,1,0
239777,239777,239778,1,0
239777,239777,239778,1,0
239777,239777,239778,1,0
239777,239777,239778,1,0
239777,239777,239778,1,0
239777,239777,239778,1,0
239777,239777,239778,1,0
239777,239777,239778,1,0
239777,239777,239779,2,0
239777,239777,239779,2,0
239777,239777,239779,2,0
239777,239777,239779,2,0
239777,239777,239779,2,0
239777,239777,239779,2,0
239777,239777,239778,1,0
239777,239777,239779,2,0
239777,239777,239779,2,0
239777,239777,239779,2,0
239777,239777,239778,1,0
239777,239777,239778,1,0
239777,239777,239779,2,0
239777,239777,239779,2,0
239777,239777,239778,1,0
239777,239777,239779,2,0
239777,239778,239779,1,1
239777,239777,239778,1,0
239777,239777,239778,1,0
239777,239777,239779,2,0
239777,239777,239779,2,0
239777,239777,239779,2,0
239777,239777,239778,1,0
239777,239777,239778,1,0
239777,239777,239779,2,0
239777,239777,239779,2,0
239777,239777,239778,1,0
239777,239777,239779,2,0
239777,239777,239779,2,0
239777,239777,239779,2,0
239777,239777,239778,1,0
239777,239777,239779,2,0
239777,239777,239779,2,0
239777,239778,239779,1,1
239777,239777,239778,1,0
239777,239777,239778,1,0
239777,239777,239779,2,0
239777,239777,239779,2,0
239777,239777,239778,1,0
239777,239777,239779,2,0
239777,239777,239779,2,0
239777,239778,239779,1,1
239777,239777,239778,1,0
239777,239777,239778,1,0
239777,239777,239779,2,0
239777,239777,239779,2,0
239777,239778,239780,2,1
239777,239778,239780,2,1
239777,239778,239780,2,1
239777,239778,239780,2,1
239777,239778,239780,2,1
239777,239778,239780,2,1
239777,239778,239780,2,1
239777,239778,239780,2,1
239777,239778,239780,2,1
239777,239778,239780,2,1
239777,239778,239780,2,1
239777,239778,239780,2,1
239777,239778,239780,2,1
239777,239778,239780,2,1
239777,239778,239780,2,1
239777,239778,239780,2,1
239777,239778,239780,2,1
239777,239778,239780,2,1
239777,239778,239780,2,1
239825,239825,239826,1,0
239825,239825,239826,1,0
239825,239825,239826,1,0
239825,239825,239826,1,0
239825,239825,239826,1,0
239825,239825,239826,1,0
239825,239825,239826,1,0
239825,239825,239826,1,0
239825,239825,239826,1,0
239825,239825,239826,1,0
239825,239825,239826,1,0
239825,239825,239826,1,0
239825,239825,239826,1,0
239825,239825,239826,1,0
239825,239825,239826,1,0
239825,239825,239826,1,0
239825,239825,239826,1,0
239825,239825,239826,1,0
239825,239825,239826,1,0
239825,239825,239826,1,0
239825,239825,239826,1,0
239825,239825,239826,1,0
239825,239825,239827,2,0
239825,239825,239827,2,0
239825,239825,239826,1,0
239825,239825,239827,2,0
239825,239825,239827,2,0
239825,239825,239827,2,0
239825,239825,239827,2,0
239825,239825,239827,2,0
239825,239825,239827,2,0
239825,239825,239826,1,0
239825,239825,239826,1,0
239825,239825,239827,2,0
239825,239825,239826,1,0
239825,239825,239826,1,0
239825,239825,239827,2,0
239825,239825,239827,2,0
239825,239825,239826,1,0
239825,239825,239826,1,0
239825,239825,239827,2,0
239825,239825,239826,1,0
239825,239825,239827,2,0
239825,239825,239827,2,0
239825,239825,239827,2,0
239825,239825,239827,2,0
239825,239825,239827,2,0
239825,239825,239827,2,0
239825,239825,239827,2,0
239825,239825,239826,1,0
239825,239825,239827,2,0
239825,239825,239827,2,0
239825,239825,239827,2,0
239825,239825,239827,2,0
239825,239825,239827,2,0
239825,239825,239827,2,0
239825,239825,239827,2,0
239825,239825,239827,2,0
239825,239825,239827,2,0
239825,239825,239826,1,0
239825,239825,239827,2,0
239825,239825,239827,2,0
239825,239825,239827,2,0
239825,239825,239827,2,0
239825,239825,239827,2,0
239825,239825,239827,2,0
239825,239825,239827,2,0
239825,239825,239828,3,0
239777,239778,239837,59,1
239872,239872,239873,1,0
239872,239872,239873,1,0
239872,239872,239873,1,0
239872,239872,239873,1,0
239872,239872,239873,1,0
239872,239872,239873,1,0
239872,239872,239873,1,0
239872,239872,239873,1,0
239872,239872,239873,1,0
239872,239872,239873,1,0
239872,239872,239873,1,0
239872,239872,239873,1,0
239872,239872,239873,1,0
239872,239872,239873,1,0
239872,239872,239873,1,0
239872,239872,239873,1,0
239872,239872,239873,1,0
239872,239872,239873,1,0
239872,239872,239873,1,0
239872,239872,239873,1,0
239872,239872,239873,1,0
239872,239872,239873,1,0
239872,239872,239873,1,0
239872,239872,239873,1,0
239872,239872,239873,1,0
239872,239872,239873,1,0
239872,239872,239873,1,0
239872,239872,239875,3,0
239872,239872,239875,3,0
239872,239872,239875,3,0
239905,239906,239907,1,1
239905,239906,239907,1,1
239905,239906,239907,1,1
239905,239906,239907,1,1
239905,239906,239907,1,1
239905,239906,239907,1,1
239905,239906,239907,1,1
239905,239906,239907,1,1
239905,239906,239907,1,1
239905,239906,239907,1,1
239905,239906,239907,1,1
239905,239906,239907,1,1
239905,239906,239907,1,1
239905,239906,239907,1,1
239905,239906,239907,1,1
239905,239906,239907,1,1
239905,239906,239907,1,1
239905,239906,239907,1,1
239905,239906,239907,1,1
239905,239906,239907,1,1
239905,239906,239907,1,1
239905,239906,239907,1,1
239905,239906,239907,1,1
239905,239906,239907,1,1
239872,239872,239930,58,0
239940,239940,239941,1,0
239940,239940,239941,1,0
239940,239940,239941,1,0
239940,239940,239941,1,0
239940,239940,239941,1,0
239940,239940,239941,1,0
239940,239940,239941,1,0
239940,239940,239941,1,0
239940,239940,239941,1,0
239940,239940,239941,1,0
239940,239940,239941,1,0
239940,239940,239941,1,0
239940,239940,239941,1,0
239940,239940,239941,1,0
239940,239940,239941,1,0
239940,239940,239941,1,0
239940,239940,239941,1,0
239940,239940,239942,2,0
239940,239940,239941,1,0
239940,239940,239941,1,0
239940,239940,239942,2,0
239940,239940,239941,1,0
239940,239940,239941,1,0
239940,239940,239942,2,0
239940,239940,239942,2,0
239940,239940,239941,1,0
239940,239940,239941,1,0
239940,239940,239941,1,0
239940,239940,239941,1,0
239940,239940,239941,1,0
239940,239940,239941,1,0
239940,239940,239941,1,0
239940,239940,239941,1,0
239940,239940,239941,1,0
239906,239906,239952,46,0
239960,239961,239962,1,1
239960,239961,239962,1,1
239960,239961,239962,1,1
239960,239961,239962,1,1
239960,239961,239962,1,1
239960,239961,239962,1,1
239960,239961,239962,1,1
239960,239961,239962,1,1
239960,239961,239962,1,1
239960,239961,239962,1,1
239960,239961,239962,1,1
239960,239961,239962,1,1
239960,239961,239962,1,1
239960,239961,239962,1,1
239960,239961,239962,1,1
239960,239961,239962,1,1
239960,239961,239962,1,1
239960,239961,239962,1,1
239960,239961,239962,1,1
239960,239961,239962,1,1
239960,239961,239962,1,1
239960,239961,239962,1,1
239960,239961,239962,1,1
239940,239940,239996,56,0
239998,239998,239999,1,0
239998,239998,239999,1,0
239998,239998,239999,1,0
239998,239998,239999,1,0
239942,239942,239998,56,0
239998,239998,239999,1,0
239998,239998,239999,1,0
239998,239998,239999,1,0
239998,239998,239999,1,0
239998,239998,239999,1,0
239998,239998,239999,1,0
239998,239998,239999,1,0
239998,239998,239999,1,0
239998,239998,239999,1,0
239998,239998,240000,2,0
239998,239998,240000,2,0
239998,239998,239999,1,0
239998,239998,239999,1,0
239998,239998,240000,2,0
239998,239998,239999,1,0
239998,239998,240000,2,0
239998,239998,239999,1,0
239998,239998,240000,2,0
239998,239998,239999,1,0
239998,239998,239999,1,0
239998,239998,239999,1,0
239998,239998,239999,1,0
239998,239998,240000,2,0
240000,240000,240001,1,0
239998,239998,240000,2,0
240000,240000,240001,1,0
239998,239998,240000,2,0
240000,240000,240001,1,0
239998,239998,240000,2,0
240000,240000,240001,1,0
240000,240000,240001,1,0
240000,240000,240001,1,0
240000,240000,240001,1,0
240000,240000,240001,1,0
240000,240000,240001,1,0
240000,240000,240001,1,0
240000,240000,240001,1,0
240000,240000,240001,1,0
240000,240000,240001,1,0
240000,240000,240001,1,0
240000,240000,240001,1,0
240000,240000,240001,1,0
240000,240000,240001,1,0
240000,240000,240001,1,0
240000,240000,240001,1,0
240000,240000,240001,1,0
240000,240000,240001,1,0
240000,240000,240001,1,0
240000,240000,240001,1,0
240000,240000,240001,1,0
240000,240000,240001,1,0
240000,240000,240001,1,0
240000,240000,240001,1,0
239998,240004,240005,1,6
239998,240004,240006,2,6
239998,240004,240006,2,6
239998,240004,240006,2,6
239961,239961,240009,48,0
239963,239963,240011,48,0
239962,239962,240015,53,0
240020,240020,240021,1,0
240020,240020,240021,1,0
240020,240020,240021,1,0
240020,240020,240021,1,0
240020,240020,240021,1,0
240020,240020,240021,1,0
240020,240020,240021,1,0
240020,240020,240021,1,0
240020,240020,240021,1,0
240020,240020,240021,1,0
240020,240020,240021,1,0
240020,240020,240021,1,0
240020,240020,240021,1,0
240020,240020,240021,1,0
240020,240020,240021,1,0
240020,240020,240021,1,0
240020,240020,240021,1,0
240020,240020,240021,1,0
240020,240020,240021,1,0
240020,240020,240021,1,0
240020,240020,240021,1,0
240020,240020,240021,1,0
240020,240020,240021,1,0
240020,240020,240021,1,0
240020,240020,240021,1,0
240020,240020,240021,1,0
240020,240020,240021,1,0
240020,240020,240021,1,0
240020,240020,240021,1,0
240020,240020,240021,1,0
240020,240020,240021,1,0
240020,240020,240021,1,0
240020,240020,240021,1,0
240020,240020,240021,1,0
240020,240020,240022,2,0
240020,240020,240022,2,0
240020,240020,240021,1,0
240020,240020,240021,1,0
240020,240020,240021,1,0
240020,240020,240022,2,0
240020,240020,240021,1,0
240020,240020,240021,1,0
240020,240020,240021,1,0
240020,240020,240021,1,0
240020,240020,240021,1,0
240020,240020,240021,1,0
240020,240020,240022,2,0
240020,240020,240021,1,0
240020,240020,240021,1,0
240020,240020,240021,1,0
240020,240020,240022,2,0
240020,240020,240022,2,0
240020,240020,240022,2,0
240020,240020,240021,1,0
240020,240020,240022,2,0
240020,240020,240022,2,0
240020,240020,240022,2,0
239982,239982,240031,49,0
239987,239987,240036,49,0
240020,240020,240038,18,0
240020,240020,240040,20,0
240039,240039,240040,1,0
240039,240039,240040,1,0
240039,240039,240040,1,0
240039,240039,240040,1,0
240039,240039,240040,1,0
240039,240039,240040,1,0
240039,240039,240040,1,0
240039,240039,240040,1,0
240039,240039,240040,1,0
240039,240039,240040,1,0
240039,240039,240040,1,0
240039,240039,240040,1,0
240039,240039,240040,1,0
240039,240039,240040,1,0
240039,240039,240040,1,0
240039,240039,240040,1,0
240039,240039,240040,1,0
240039,240039,240040,1,0
240039,240039,240040,1,0
240039,240039,240040,1,0
240039,240039,240040,1,0
240039,240039,240040,1,0
240039,240039,240040,1,0
240039,240039,240040,1,0
240039,240039,240040,1,0
240039,240039,240040,1,0
240039,240039,240040,1,0
240039,240039,240040,1,0
240039,240039,240040,1,0
240039,240039,240041,2,0
240039,240039,240040,1,0
240039,240039,240041,2,0
240039,240039,240040,1,0
240039,240039,240040,1,0
240039,240039,240041,2,0
240039,240039,240040,1,0
240039,240039,240040,1,0
240039,240039,240040,1,0
240039,240039,240041,2,0
240039,240039,240040,1,0
240039,240039,240040,1,0
240039,240039,240041,2,0
240039,240039,240040,1,0
240039,240039,240040,1,0
240039,240039,240041,2,0
240039,240039,240040,1,0
240039,240039,240040,1,0
240039,240039,240040,1,0
240039,240039,240041,2,0
240039,240039,240040,1,0
240039,240039,240040,1,0
240039,240039,240041,2,0
240039,240039,240040,1,0
240039,240039,240041,2,0
240039,240039,240040,1,0
240039,240039,240040,1,0
239984,239985,240042,57,1
240039,240039,240041,2,0
240039,240039,240041,2,0
240039,240039,240041,2,0
240041,240041,240042,1,0
240041,240041,240042,1,0
240039,240039,240041,2,0
240041,240041,240042,1,0
240039,240039,240041,2,0
240041,240041,240042,1,0
240041,240041,240042,1,0
240041,240041,240042,1,0
240020,240020,240041,21,0
240041,240041,240042,1,0
240041,240041,240043,2,0
240041,240041,240042,1,0
240041,240041,240042,1,0
240041,240041,240042,1,0
240041,240041,240042,1,0
240041,240041,240042,1,0
240041,240041,240042,1,0
240041,240041,240042,1,0
240041,240041,240042,1,0
240041,240041,240042,1,0
240041,240041,240042,1,0
240041,240041,240042,1,0
240041,240041,240042,1,0
240041,240041,240042,1,0
240041,240041,240043,2,0
240041,240041,240043,2,0
240041,240041,240042,1,0
240041,240041,240042,1,0
240041,240041,240043,2,0
240041,240041,240042,1,0
239995,239995,240043,48,0
240020,240020,240044,24,0
240020,240020,240044,24,0
240039,240040,240044,4,1
239983,239983,240045,62,0
239989,239989,240049,60,0
239993,239993,240051,58,0
239992,239992,240051,59,0
239997,239997,240060,63,0
240021,240021,240068,47,0
240077,240077,240078,1,0
240077,240077,240078,1,0
240077,240077,240078,1,0
240077,240077,240078,1,0
240077,240077,240078,1,0
240077,240077,240078,1,0
240077,240077,240078,1,0
240077,240077,240078,1,0
240077,240077,240078,1,0
240077,240077,240078,1,0
240077,240077,240078,1,0
240077,240077,240078,1,0
240077,240077,240078,1,0
240077,240077,240078,1,0
240077,240077,240078,1,0
240077,240077,240078,1,0
240077,240077,240078,1,0
240077,240077,240078,1,0
240077,240077,240078,1,0
240077,240077,240078,1,0
240077,240077,240078,1,0
240077,240077,240078,1,0
240077,240077,240078,1,0
240077,240077,240078,1,0
240077,240077,240078,1,0
240077,240077,240078,1,0
240077,240077,240078,1,0
240077,240077,240078,1,0
240077,240077,240078,1,0
240077,240077,240078,1,0
240077,240077,240078,1,0
240077,240077,240078,1,0
240077,240077,240078,1,0
240077,240077,240078,1,0
240077,240077,240078,1,0
240077,240077,240078,1,0
240077,240077,240078,1,0
240077,240077,240078,1,0
240077,240077,240078,1,0
240077,240077,240078,1,0
240077,240077,240078,1,0
240077,240077,240078,1,0
240077,240077,240078,1,0
240077,240077,240078,1,0
240077,240077,240078,1,0
240077,240077,240078,1,0
240077,240077,240078,1,0
240077,240077,240078,1,0
240077,240077,240078,1,0
240077,240077,240078,1,0
240077,240077,240078,1,0
240077,240077,240078,1,0
240077,240077,240078,1,0
240077,240077,240078,1,0
240077,240077,240079,2,0
240077,240077,240079,2,0
240077,240077,240079,2,0
240077,240078,240080,2,1
240077,240077,240079,2,0
240077,240077,240079,2,0
240077,240077,240079,2,0
240077,240079,240080,1,2
240077,240079,240080,1,2
240077,240077,240079,2,0
240077,240077,240079,2,0
240077,240077,240079,2,0
240077,240077,240079,2,0
240077,240079,240080,1,2
240077,240077,240079,2,0
240077,240079,240080,1,2
240077,240079,240080,1,2
240077,240079,240080,1,2
240077,240077,240079,2,0
240077,240079,240080,1,2
240077,240079,240080,1,2
240077,240077,240079,2,0
240077,240077,240079,2,0
240077,240079,240080,1,2
240077,240077,240079,2,0
240077,240077,240079,2,0
240077,240079,240080,1,2
240077,240079,240080,1,2
240077,240079,240080,1,2
240077,240079,240081,2,2
240077,240079,240080,1,2
240077,240079,240080,1,2
240077,240079,240081,2,2
240077,240079,240080,1,2
240077,240079,240080,1,2
240077,240079,240080,1,2
240077,240079,240080,1,2
240077,240079,240080,1,2
240077,240079,240080,1,2
240077,240079,240080,1,2
240077,240080,240081,1,3
240077,240079,240080,1,2
240077,240079,240080,1,2
240077,240079,240080,1,2
240077,240079,240080,1,2
240077,240079,240080,1,2
240077,240080,240081,1,3
240077,240079,240080,1,2
240077,240079,240080,1,2
240077,240079,240080,1,2
240077,240080,240081,1,3
240077,240080,240081,1,3
240077,240079,240080,1,2
240077,240079,240080,1,2
240077,240079,240080,1,2
240077,240080,240081,1,3
240077,240079,240081,2,2
240077,240079,240081,2,2
240077,240079,240080,1,2
240077,240079,240080,1,2
240077,240079,240081,2,2
240077,240079,240081,2,2
240077,240079,240081,2,2
240077,240079,240080,1,2
240077,240079,240080,1,2
240077,240079,240080,1,2
240077,240079,240080,1,2
240077,240079,240080,1,2
240077,240079,240080,1,2
240077,240080,240081,1,3
240077,240079,240080,1,2
240077,240079,240080,1,2
240077,240079,240080,1,2
240077,240080,240081,1,3
240077,240079,240080,1,2
240077,240079,240080,1,2
240077,240080,240081,1,3
240077,240080,240081,1,3
240077,240080,240081,1,3
240077,240080,240081,1,3
240077,240079,240080,1,2
240077,240079,240080,1,2
240077,240079,240080,1,2
240077,240080,240081,1,3
240077,240080,240081,1,3
240077,240080,240081,1,3
240077,240080,240081,1,3
240077,240080,240081,1,3
240077,240080,240081,1,3
240077,240080,240081,1,3
240077,240080,240081,1,3
240077,240080,240081,1,3
240077,240080,240081,1,3
240077,240080,240082,2,3
240077,240080,240081,1,3
240077,240080,240081,1,3
240077,240080,240081,1,3
240077,240080,240081,1,3
240077,240080,240081,1,3
240077,240080,240081,1,3
240077,240080,240082,2,3
240077,240080,240081,1,3
240077,240080,240081,1,3
240077,240080,240082,2,3
240077,240080,240081,1,3
240001,240001,240093,92,0
240039,240040,240103,63,1
240078,240080,240140,60,2
240143,240143,240144,1,0
240143,240143,240144,1,0
240143,240143,240145,2,0
240143,240143,240144,1,0
240143,240143,240145,2,0
240143,240144,240145,1,1
240143,240143,240144,1,0
240143,240143,240144,1,0
240143,240143,240144,1,0
240143,240143,240144,1,0
240143,240143,240145,2,0
240143,240144,240145,1,1
240143,240143,240144,1,0
240143,240143,240144,1,0
240143,240144,240145,1,1
240143,240143,240144,1,0
240143,240143,240144,1,0
240143,240143,240145,2,0
240143,240143,240145,2,0
240143,240143,240144,1,0
240143,240143,240145,2,0
240143,240144,240145,1,1
240143,240144,240145,1,1
240143,240143,240145,2,0
240143,240144,240145,1,1
240143,240143,240145,2,0
240143,240143,240145,2,0
240143,240143,240144,1,0
240143,240144,240145,1,1
240143,240143,240144,1,0
240143,240143,240145,2,0
240143,240144,240145,1,1
240143,240144,240145,1,1
240143,240143,240145,2,0
240143,240144,240145,1,1
240143,240144,240145,1,1
240143,240144,240145,1,1
240143,240144,240145,1,1
240143,240144,240145,1,1
240143,240144,240145,1,1
240143,240144,240145,1,1
240143,240144,240145,1,1
240143,240145,240146,1,2
240143,240143,240146,3,0
240143,240144,240145,1,1
240143,240144,240145,1,1
240143,240145,240146,1,2
240143,240143,240145,2,0
240143,240144,240145,1,1
240143,240144,240145,1,1
240143,240143,240145,2,0
240143,240144,240145,1,1
240143,240144,240145,1,1
240143,240144,240145,1,1
240143,240145,240146,1,2
240143,240143,240145,2,0
240143,240144,240145,1,1
240143,240144,240145,1,1
240143,240144,240145,1,1
240143,240145,240146,1,2
240143,240143,240145,2,0
240143,240143,240145,2,0
240143,240144,240145,1,1
240143,240144,240145,1,1
240143,240144,240145,1,1
240143,240143,240145,2,0
240143,240144,240145,1,1
240143,240144,240145,1,1
240143,240144,240145,1,1
240143,240143,240145,2,0
240143,240143,240145,2,0
240143,240144,240145,1,1
240143,240144,240145,1,1
240143,240145,240146,1,2
240143,240144,240145,1,1
240143,240144,240145,1,1
240143,240145,240147,2,2
240143,240145,240146,1,2
240143,240145,240146,1,2
240143,240145,240146,1,2
240143,240145,240146,1,2
240143,240145,240146,1,2
240143,240145,240147,2,2
240143,240145,240146,1,2
240143,240145,240146,1,2
240143,240145,240146,1,2
240143,240145,240146,1,2
240143,240145,240146,1,2
240143,240145,240146,1,2
240143,240145,240146,1,2
240143,240145,240159,14,2
240143,240145,240159,14,2
240143,240145,240159,14,2
240207,240207,240208,1,0
240207,240207,240208,1,0
240207,240207,240208,1,0
240207,240207,240208,1,0
240207,240207,240208,1,0
240207,240207,240208,1,0
240207,240207,240208,1,0
240207,240207,240208,1,0
240207,240207,240208,1,0
240207,240207,240208,1,0
240207,240207,240208,1,0
240207,240207,240208,1,0
240207,240207,240208,1,0
240207,240207,240208,1,0
240207,240207,240208,1,0
240207,240207,240208,1,0
240207,240207,240208,1,0
240207,240207,240208,1,0
240207,240207,240208,1,0
240207,240207,240208,1,0
240207,240207,240208,1,0
240207,240207,240208,1,0
240207,240207,240208,1,0
240207,240207,240208,1,0
240207,240207,240208,1,0
240207,240207,240208,1,0
240207,240207,240208,1,0
240207,240207,240208,1,0
240207,240207,240208,1,0
240207,240207,240208,1,0
240207,240207,240208,1,0
240207,240207,240208,1,0
240207,240207,240208,1,0
240207,240207,240208,1,0
240207,240207,240209,2,0
240207,240207,240209,2,0
240207,240207,240209,2,0
240207,240207,240209,2,0
240207,240207,240209,2,0
240207,240207,240209,2,0
240207,240207,240209,2,0
240207,240207,240209,2,0
240207,240207,240209,2,0
240207,240207,240209,2,0
240207,240207,240209,2,0
240207,240207,240209,2,0
240207,240207,240209,2,0
240207,240207,240209,2,0
240207,240207,240209,2,0
240207,240207,240209,2,0
240207,240207,240209,2,0
240207,240207,240209,2,0
240207,240207,240209,2,0
240207,240207,240209,2,0
240207,240207,240209,2,0
240207,240207,240209,2,0
240207,240207,240209,2,0
240207,240207,240209,2,0
240207,240207,240209,2,0
240207,240207,240209,2,0
240207,240207,240209,2,0
240207,240207,240209,2,0
240207,240207,240209,2,0
240207,240207,240210,3,0
240207,240207,240211,4,0
240207,240207,240212,5,0
240207,240207,240212,5,0
240207,240207,240212,5,0
240208,240208,240255,47,0
240256,240256,240257,1,0
240256,240256,240257,1,0
240256,240256,240257,1,0
240256,240256,240257,1,0
240256,240256,240257,1,0
240256,240257,240258,1,1
240256,240257,240258,1,1
240256,240257,240258,1,1
240256,240257,240258,1,1
240256,240257,240258,1,1
240256,240257,240258,1,1
240256,240257,240258,1,1
240256,240257,240258,1,1
240256,240257,240258,1,1
240256,240257,240258,1,1
240256,240257,240258,1,1
240256,240257,240258,1,1
240256,240257,240258,1,1
240256,240257,240258,1,1
240256,240256,240258,2,0
240256,240257,240259,2,1
240256,240257,240258,1,1
240256,240257,240258,1,1
240256,240257,240258,1,1
240256,240257,240258,1,1
240256,240257,240258,1,1
240256,240257,240258,1,1
240256,240257,240258,1,1
240256,240257,240258,1,1
240256,240257,240258,1,1
240289,240289,240290,1,0
240289,240289,240290,1,0
240289,240289,240290,1,0
240289,240289,240290,1,0
240289,240289,240290,1,0
240289,240289,240290,1,0
240289,240289,240290,1,0
240289,240289,240290,1,0
240289,240289,240290,1,0
240289,240289,240290,1,0
240289,240289,240290,1,0
240289,240289,240290,1,0
240289,240289,240290,1,0
240289,240289,240291,2,0
240289,240289,240291,2,0
240289,240289,240291,2,0
240289,240289,240291,2,0
240289,240289,240291,2,0
240289,240289,240291,2,0
240289,240289,240291,2,0
240289,240289,240291,2,0
240289,240289,240291,2,0
240289,240289,240291,2,0
240289,240289,240291,2,0
240289,240289,240291,2,0
240289,240289,240291,2,0
240289,240289,240291,2,0
240289,240289,240291,2,0
240289,240289,240291,2,0
240289,240289,240291,2,0
240289,240289,240291,2,0
240289,240289,240291,2,0
240289,240289,240291,2,0
240289,240289,240291,2,0
240290,240290,240336,46,0
240338,240338,240339,1,0
240338,240338,240339,1,0
240338,240338,240339,1,0
240338,240338,240339,1,0
240338,240338,240339,1,0
240338,240338,240339,1,0
240338,240338,240339,1,0
240338,240338,240339,1,0
240338,240338,240339,1,0
240338,240338,240340,2,0
240338,240338,240340,2,0
240338,240338,240340,2,0
240338,240339,240340,1,1
240338,240339,240340,1,1
240338,240339,240340,1,1
240338,240338,240340,2,0
240338,240338,240340,2,0
240338,240338,240340,2,0
240338,240338,240340,2,0
240338,240338,240340,2,0
240338,240338,240340,2,0
240338,240338,240340,2,0
240338,240338,240340,2,0
240338,240338,240340,2,0
240338,240338,240340,2,0
240338,240338,240340,2,0
240338,240338,240340,2,0
240338,240338,240340,2,0
240338,240338,240340,2,0
240338,240338,240340,2,0
240338,240338,240340,2,0
240338,240338,240340,2,0
240338,240338,240340,2,0
240325,240325,240374,49,0
240327,240327,240376,49,0
240375,240376,240377,1,1
240375,240376,240377,1,1
240375,240376,240377,1,1
240375,240376,240377,1,1
240375,240376,240377,1,1
240375,240376,240377,1,1
240375,240376,240377,1,1
240375,240376,240377,1,1
240375,240376,240377,1,1
240375,240376,240377,1,1
240375,240376,240377,1,1
240375,240376,240377,1,1
240375,240376,240377,1,1
240375,240376,240377,1,1
240375,240376,240377,1,1
240375,240376,240377,1,1
240375,240376,240377,1,1
240375,240376,240377,1,1
240375,240376,240377,1,1
240375,240376,240377,1,1
240375,240376,240377,1,1
240375,240376,240377,1,1
240375,240376,240378,2,1
240375,240376,240377,1,1
240329,240329,240378,49,0
240336,240336,240387,51,0
240339,240339,240389,50,0
240331,240331,240391,60,0
240338,240338,240392,54,0
240333,240333,240395,62,0
240397,240397,240398,1,0
240397,240397,240398,1,0
240397,240397,240398,1,0
240397,240397,240398,1,0
240397,240397,240398,1,0
240397,240397,240398,1,0
240397,240397,240398,1,0
240397,240397,240398,1,0
240397,240397,240398,1,0
240397,240397,240398,1,0
240397,240397,240398,1,0
240397,240397,240398,1,0
240397,240397,240398,1,0
240397,240397,240398,1,0
240397,240397,240398,1,0
240397,240397,240398,1,0
240397,240397,240398,1,0
240397,240397,240398,1,0
240397,240397,240398,1,0
240397,240397,240398,1,0
240397,240397,240398,1,0
240397,240397,240398,1,0
240397,240397,240398,1,0
240397,240397,240398,1,0
240397,240397,240398,1,0
240397,240397,240398,1,0
240397,240397,240399,2,0
240397,240397,240399,2,0
240397,240398,240399,1,1
240397,240398,240399,1,1
240397,240397,240398,1,0
240397,240397,240398,1,0
240397,240397,240399,2,0
240397,240398,240399,1,1
240397,240398,240399,1,1
240335,240335,240398,63,0
240397,240397,240398,1,0
240397,240397,240399,2,0
240397,240398,240399,1,1
240397,240398,240399,1,1
240397,240398,240399,1,1
240397,240398,240399,1,1
240397,240397,240398,1,0
240397,240397,240398,1,0
240397,240397,240399,2,0
240397,240397,240398,1,0
240397,240398,240399,1,1
240397,240398,240399,1,1
240397,240397,240398,1,0
240397,240397,240398,1,0
240397,240397,240398,1,0
240397,240397,240399,2,0
240397,240397,240398,1,0
240397,240397,240398,1,0
240397,240397,240398,1,0
240397,240397,240399,2,0
240397,240397,240399,2,0
240397,240397,240398,1,0
240397,240397,240398,1,0
240397,240397,240398,1,0
240397,240397,240399,2,0
240397,240397,240399,2,0
240397,240397,240398,1,0
240397,240397,240398,1,0
240397,240397,240399,2,0
240397,240397,240399,2,0
240397,240397,240398,1,0
240397,240397,240398,1,0
240397,240397,240398,1,0
240397,240397,240399,2,0
240397,240397,240399,2,0
240397,240398,240399,1,1
240397,240397,240398,1,0
240397,240397,240399,2,0
240397,240397,240399,2,0
240397,240397,240398,1,0
240397,240398,240399,1,1
240397,240398,240400,2,1
240397,240398,240400,2,1
240397,240398,240399,1,1
240397,240398,240400,2,1
240397,240399,240400,1,2
240397,240399,240400,1,2
240397,240399,240400,1,2
240397,240399,240400,1,2
240397,240399,240400,1,2
240397,240399,240400,1,2
240397,240399,240400,1,2
240397,240399,240400,1,2
240397,240399,240400,1,2
240397,240399,240400,1,2
240397,240399,240400,1,2
240397,240399,240400,1,2
240397,240399,240400,1,2
240397,240398,240400,2,1
240397,240398,240400,2,1
240397,240398,240400,2,1
240397,240398,240400,2,1
240397,240398,240400,2,1
240399,240400,240401,1,1
240397,240398,240400,2,1
240397,240398,240400,2,1
240397,240398,240400,2,1
240397,240398,240400,2,1
240397,240398,240400,2,1
240397,240398,240400,2,1
240397,240398,240400,2,1
240397,240400,240401,1,3
240397,240398,240400,2,1
240397,240398,240400,2,1
240397,240398,240400,2,1
240397,240398,240400,2,1
240397,240399,240401,2,2
240397,240399,240401,2,2
240397,240399,240401,2,2
240399,240401,240402,1,2
240397,240400,240401,1,3
240397,240400,240401,1,3
240397,240400,240401,1,3
240397,240400,240401,1,3
240397,240400,240401,1,3
240397,240400,240401,1,3
240397,240400,240401,1,3
240397,240400,240401,1,3
240399,240401,240402,1,2
240399,240401,240402,1,2
240399,240401,240402,1,2
240397,240400,240401,1,3
240399,240400,240401,1,1
240399,240400,240401,1,1
240399,240400,240401,1,1
240399,240400,240401,1,1
240397,240400,240401,1,3
240397,240400,240401,1,3
240399,240400,240401,1,1
240399,240400,240401,1,1
240397,240400,240401,1,3
240397,240400,240401,1,3
240397,240400,240401,1,3
240399,240400,240401,1,1
240397,240400,240401,1,3
240397,240400,240401,1,3
240399,240400,240401,1,1
240399,240400,240401,1,1
240399,240401,240402,1,2
240397,240400,240401,1,3
240399,240400,240401,1,1
240399,240400,240401,1,1
240399,240401,240402,1,2
240399,240401,240402,1,2
240399,240401,240402,1,2
240399,240401,240402,1,2
240399,240401,240402,1,2
240399,240401,240402,1,2
240399,240400,240402,2,1
240399,240400,240402,2,1
240399,240400,240402,2,1
240399,240400,240402,2,1
240399,240400,240402,2,1
240399,240401,240402,1,2
240399,240401,240402,1,2
240399,240402,240403,1,3
240399,240401,240402,1,2
240399,240401,240402,1,2
240399,240401,240402,1,2
240399,240401,240402,1,2
240399,240401,240402,1,2
240399,240401,240402,1,2
240399,240401,240402,1,2
240399,240401,240402,1,2
240399,240401,240402,1,2
240399,240401,240402,1,2
240399,240401,240402,1,2
240399,240401,240402,1,2
240399,240401,240402,1,2
240399,240401,240402,1,2
240399,240401,240402,1,2
240399,240401,240403,2,2
240399,240401,240402,1,2
240399,240402,240403,1,3
240399,240402,240403,1,3
240399,240402,240403,1,3
240399,240402,240403,1,3
240399,240402,240403,1,3
240399,240402,240403,1,3
240363,240363,240411,48,0
240360,240360,240411,51,0
240366,240366,240425,59,0
240371,240372,240426,54,1
240342,240342,240429,87,0
240367,240368,240430,62,1
240370,240375,240437,62,5
240375,240375,240437,62,0
240378,240378,240440,62,0
240450,240450,240451,1,0
240450,240450,240451,1,0
240450,240450,240451,1,0
240450,240450,240451,1,0
240450,240450,240451,1,0
240450,240450,240451,1,0
240450,240450,240451,1,0
240450,240450,240451,1,0
240450,240450,240451,1,0
240450,240450,240451,1,0
240450,240450,240451,1,0
240450,240450,240451,1,0
240450,240450,240451,1,0
240450,240450,240451,1,0
240450,240450,240451,1,0
240450,240450,240451,1,0
240450,240450,240451,1,0
240450,240450,240451,1,0
240450,240450,240451,1,0
240450,240450,240451,1,0
240450,240450,240451,1,0
240450,240450,240451,1,0
240450,240450,240451,1,0
240450,240450,240451,1,0
240450,240450,240451,1,0
240450,240450,240451,1,0
240450,240450,240451,1,0
240450,240450,240451,1,0
240450,240450,240451,1,0
240450,240450,240451,1,0
240450,240450,240451,1,0
240450,240450,240451,1,0
240450,240450,240451,1,0
240450,240450,240451,1,0
240450,240450,240451,1,0
240450,240450,240451,1,0
240450,240450,240451,1,0
240450,240450,240452,2,0
240450,240450,240451,1,0
240450,240451,240452,1,1
240450,240451,240452,1,1
240450,240450,240451,1,0
240450,240450,240451,1,0
240450,240450,240452,2,0
240450,240450,240452,2,0
240450,240450,240451,1,0
240450,240451,240452,1,1
240450,240450,240451,1,0
240450,240450,240452,2,0
240450,240450,240451,1,0
240450,240451,240452,1,1
240450,240450,240451,1,0
240450,240450,240451,1,0
240450,240450,240452,2,0
240450,240450,240452,2,0
240450,240450,240451,1,0
240450,240451,240452,1,1
240450,240450,240451,1,0
240450,240450,240452,2,0
240450,240450,240452,2,0
240450,240451,240452,1,1
240450,240450,240451,1,0
240450,240450,240451,1,0
240450,240450,240451,1,0
240450,240451,240452,1,1
240450,240450,240451,1,0
240450,240450,240452,2,0
240450,240450,240452,2,0
240450,240451,240452,1,1
240450,240450,240451,1,0
240450,240450,240452,2,0
240450,240450,240452,2,0
240450,240450,240451,1,0
240450,240451,240452,1,1
240450,240450,240451,1,0
240450,240450,240452,2,0
240450,240450,240451,1,0
240450,240451,240452,1,1
240450,240451,240452,1,1
240450,240451,240452,1,1
240450,240450,240452,2,0
240450,240450,240452,2,0
240450,240451,240453,2,1
240450,240451,240453,2,1
240450,240451,240453,2,1
240450,240451,240453,2,1
240450,240451,240453,2,1
240450,240451,240453,2,1
240450,240451,240453,2,1
240450,240451,240453,2,1
240450,240451,240453,2,1
240450,240451,240453,2,1
240450,240451,240453,2,1
240450,240451,240453,2,1
240450,240451,240453,2,1
240450,240453,240454,1,3
240450,240453,240454,1,3
240400,240402,240453,51,2
240450,240451,240453,2,1
240450,240451,240453,2,1
240450,240453,240454,1,3
240450,240453,240454,1,3
240450,240451,240453,2,1
240450,240451,240453,2,1
240450,240453,240454,1,3
240450,240453,240454,1,3
240450,240453,240454,1,3
240450,240451,240453,2,1
240450,240453,240454,1,3
240450,240451,240453,2,1
240450,240451,240453,2,1
240450,240452,240453,1,2
240450,240452,240453,1,2
240450,240452,240453,1,2
240450,240452,240453,1,2
240450,240453,240454,1,3
240450,240451,240453,2,1
240450,240451,240453,2,1
240450,240451,240453,2,1
240450,240453,240454,1,3
240450,240453,240454,1,3
240450,240451,240453,2,1
240450,240451,240453,2,1
240450,240453,240454,1,3
240450,240451,240453,2,1
240450,240451,240454,3,1
240450,240453,240454,1,3
240450,240453,240454,1,3
240450,240453,240454,1,3
240450,240451,240453,2,1
240450,240453,240454,1,3
240450,240453,240455,2,3
240450,240453,240455,2,3
240450,240453,240454,1,3
240450,240453,240454,1,3
240450,240453,240455,2,3
240450,240453,240454,1,3
240450,240453,240454,1,3
240450,240453,240454,1,3
240450,240453,240454,1,3
240450,240453,240455,2,3
240450,240453,240454,1,3
240450,240453,240454,1,3
240450,240453,240454,1,3
240450,240453,240454,1,3
240450,240453,240454,1,3
240450,240453,240455,2,3
240450,240453,240454,1,3
240450,240453,240454,1,3
240450,240453,240454,1,3
240450,240453,240454,1,3
240450,240453,240454,1,3
240450,240453,240454,1,3
240450,240453,240454,1,3
240450,240453,240454,1,3
240450,240453,240454,1,3
240450,240454,240455,1,4
240450,240454,240455,1,4
240450,240453,240455,2,3
240450,240453,240455,2,3
240450,240453,240454,1,3
240450,240454,240455,1,4
240450,240454,240455,1,4
240450,240453,240454,1,3
240450,240454,240455,1,4
240450,240454,240455,1,4
240450,240453,240455,2,3
240450,240453,240454,1,3
240450,240453,240454,1,3
240450,240453,240454,1,3
240450,240453,240454,1,3
240450,240453,240454,1,3
240450,240453,240455,2,3
240450,240453,240454,1,3
240450,240453,240454,1,3
240450,240453,240454,1,3
240450,240453,240454,1,3
240450,240453,240455,2,3
240450,240454,240456,2,4
240450,240454,240455,1,4
240450,240454,240455,1,4
240450,240454,240456,2,4
240450,240454,240456,2,4
240450,240454,240455,1,4
240450,240454,240455,1,4
240450,240454,240456,2,4
240450,240454,240455,1,4
240450,240454,240456,2,4
240450,240454,240456,2,4
240450,240454,240456,2,4
240450,240454,240456,2,4
240450,240454,240456,2,4
240450,240454,240456,2,4
240450,240454,240455,1,4
240450,240454,240456,2,4
240530,240530,240531,1,0
240531,240531,240532,1,0
240531,240531,240532,1,0
240530,240530,240531,1,0
240530,240531,240532,1,1
240531,240531,240532,1,0
240530,240530,240531,1,0
240531,240531,240532,1,0
240530,240530,240531,1,0
240531,240531,240532,1,0
240530,240531,240532,1,1
240531,240531,240532,1,0
240530,240530,240531,1,0
240531,240531,240532,1,0
240531,240531,240532,1,0
240530,240531,240532,1,1
240531,240531,240532,1,0
240531,240531,240532,1,0
240531,240531,240532,1,0
240530,240531,240532,1,1
240530,240531,240532,1,1
240531,240531,240532,1,0
240531,240531,240532,1,0
240531,240531,240532,1,0
240530,240531,240532,1,1
240531,240531,240532,1,0
240531,240531,240532,1,0
240530,240530,240531,1,0
240530,240531,240532,1,1
240531,240531,240532,1,0
240530,240530,240532,2,0
240530,240531,240532,1,1
240531,240531,240532,1,0
240531,240531,240532,1,0
240531,240531,240532,1,0
240531,240532,240533,1,1
240531,240531,240533,2,0
240531,240531,240532,1,0
240531,240531,240532,1,0
240531,240532,240533,1,1
240530,240531,240532,1,1
240531,240531,240532,1,0
240531,240531,240532,1,0
240531,240531,240532,1,0
240530,240531,240532,1,1
240530,240531,240532,1,1
240531,240531,240533,2,0
240531,240531,240532,1,0
240531,240531,240532,1,0
240531,240532,240533,1,1
240530,240531,240532,1,1
240530,240531,240532,1,1
240531,240531,240532,1,0
240531,240531,240532,1,0
240531,240531,240532,1,0
240530,240531,240532,1,1
240531,240531,240532,1,0
240531,240531,240532,1,0
240531,240532,240533,1,1
240530,240531,240532,1,1
240530,240531,240532,1,1
240531,240531,240532,1,0
240531,240531,240532,1,0
240531,240532,240533,1,1
240530,240531,240532,1,1
240530,240531,240532,1,1
240531,240531,240532,1,0
240531,240531,240532,1,0
240531,240532,240533,1,1
240530,240531,240532,1,1
240530,240531,240532,1,1
240531,240531,240532,1,0
240531,240531,240532,1,0
240531,240531,240532,1,0
240530,240531,240532,1,1
240530,240531,240532,1,1
240530,240531,240532,1,1
240531,240531,240532,1,0
240531,240531,240532,1,0
240531,240532,240533,1,1
240531,240532,240534,2,1
240531,240532,240534,2,1
240531,240532,240533,1,1
240531,240532,240533,1,1
240531,240532,240534,2,1
240531,240532,240534,2,1
240531,240532,240533,1,1
240531,240532,240533,1,1
240531,240532,240534,2,1
240531,240532,240534,2,1
240531,240532,240534,2,1
240531,240532,240534,2,1
240531,240532,240533,1,1
240531,240532,240534,2,1
240531,240532,240533,1,1
240531,240532,240578,46,1
240594,240594,240595,1,0
240594,240594,240595,1,0
240594,240594,240595,1,0
240594,240594,240595,1,0
240594,240594,240595,1,0
240594,240594,240595,1,0
240594,240594,240595,1,0
240594,240594,240595,1,0
240594,240594,240595,1,0
240594,240594,240595,1,0
240594,240594,240595,1,0
240594,240594,240595,1,0
240594,240594,240595,1,0
240594,240594,240595,1,0
240594,240594,240595,1,0
240594,240594,240595,1,0
240594,240594,240595,1,0
240594,240594,240595,1,0
240594,240594,240595,1,0
240594,240594,240595,1,0
240594,240594,240595,1,0
240594,240594,240595,1,0
240594,240594,240595,1,0
240594,240594,240595,1,0
240594,240594,240595,1,0
240594,240594,240595,1,0
240594,240594,240595,1,0
240594,240594,240595,1,0
240594,240594,240595,1,0
240594,240594,240595,1,0
240594,240594,240595,1,0
240594,240594,240595,1,0
240594,240594,240595,1,0
240594,240594,240595,1,0
240594,240594,240595,1,0
240594,240594,240595,1,0
240594,240594,240596,2,0
240594,240594,240596,2,0
240594,240594,240595,1,0
240594,240594,240596,2,0
240594,240594,240596,2,0
240594,240594,240595,1,0
240594,240594,240596,2,0
240594,240594,240596,2,0
240594,240594,240595,1,0
240594,240594,240595,1,0
240594,240594,240596,2,0
240594,240594,240596,2,0
240594,240594,240596,2,0
240594,240594,240596,2,0
240594,240594,240595,1,0
240594,240594,240596,2,0
240594,240594,240596,2,0
240594,240594,240596,2,0
240594,240594,240596,2,0
240594,240594,240596,2,0
240594,240594,240595,1,0
240594,240594,240596,2,0
240594,240594,240596,2,0
240594,240594,240595,1,0
240594,240594,240595,1,0
240594,240594,240595,1,0
240594,240594,240596,2,0
240594,240594,240596,2,0
240594,240594,240595,1,0
240594,240594,240595,1,0
240594,240594,240596,2,0
240594,240594,240596,2,0
240643,240643,240644,1,0
240643,240643,240644,1,0
240643,240643,240644,1,0
240643,240643,240644,1,0
240643,240643,240644,1,0
240643,240643,240644,1,0
240643,240643,240644,1,0
240643,240643,240644,1,0
240643,240643,240644,1,0
240643,240643,240644,1,0
240643,240643,240644,1,0
240643,240643,240644,1,0
240643,240643,240644,1,0
240643,240643,240644,1,0
240643,240643,240645,2,0
240643,240643,240644,1,0
240643,240643,240645,2,0
240643,240643,240644,1,0
240643,240643,240644,1,0
240643,240643,240645,2,0
240643,240643,240645,2,0
240643,240643,240644,1,0
240643,240643,240645,2,0
240643,240643,240644,1,0
240643,240643,240644,1,0
240643,240643,240645,2,0
240643,240643,240644,1,0
240643,240643,240645,2,0
240643,240643,240645,2,0
240643,240643,240645,2,0
240643,240643,240645,2,0
240643,240643,240645,2,0
240643,240643,240645,2,0
240643,240643,240645,2,0
240676,240677,240678,1,1
240676,240677,240678,1,1
240676,240677,240678,1,1
240676,240677,240678,1,1
240676,240677,240678,1,1
240676,240677,240678,1,1
240676,240677,240678,1,1
240676,240677,240678,1,1
240676,240677,240678,1,1
240676,240677,240678,1,1
240676,240677,240678,1,1
240676,240677,240678,1,1
240676,240677,240678,1,1
240676,240677,240678,1,1
240676,240677,240678,1,1
240676,240677,240678,1,1
240676,240677,240678,1,1
240676,240677,240678,1,1
240676,240677,240678,1,1
240676,240677,240678,1,1
240676,240677,240678,1,1
240676,240677,240678,1,1
240676,240677,240679,2,1
240676,240677,240678,1,1
240676,240677,240679,2,1
240643,240643,240699,56,0
240711,240711,240712,1,0
240711,240711,240712,1,0
240711,240711,240712,1,0
240711,240711,240712,1,0
240711,240711,240712,1,0
240711,240711,240712,1,0
240711,240711,240712,1,0
240711,240711,240712,1,0
240711,240711,240712,1,0
240711,240711,240712,1,0
240711,240711,240712,1,0
240711,240711,240712,1,0
240711,240711,240712,1,0
240711,240711,240713,2,0
240711,240711,240712,1,0
240711,240711,240713,2,0
240711,240711,240713,2,0
240711,240711,240713,2,0
240711,240711,240713,2,0
240711,240711,240713,2,0
240711,240711,240713,2,0
240711,240711,240713,2,0
240711,240711,240713,2,0
240711,240711,240713,2,0
240711,240711,240713,2,0
240711,240711,240712,1,0
240711,240711,240713,2,0
240711,240711,240713,2,0
240711,240711,240712,1,0
240711,240711,240713,2,0
240711,240711,240713,2,0
240711,240711,240713,2,0
240711,240711,240713,2,0
240711,240711,240713,2,0
240693,240694,240741,47,1
240743,240743,240744,1,0
240743,240743,240744,1,0
240743,240743,240744,1,0
240743,240743,240744,1,0
240743,240743,240744,1,0
240743,240743,240744,1,0
240743,240743,240744,1,0
240743,240743,240744,1,0
240743,240743,240744,1,0
240743,240743,240744,1,0
240743,240743,240744,1,0
240743,240743,240744,1,0
240743,240743,240744,1,0
240743,240743,240744,1,0
240743,240743,240744,1,0
240743,240743,240744,1,0
240743,240743,240744,1,0
240743,240743,240744,1,0
240743,240743,240744,1,0
240743,240743,240744,1,0
240743,240743,240744,1,0
240743,240743,240744,1,0
240743,240743,240744,1,0
240743,240743,240744,1,0
240712,240713,240766,53,1
240767,240767,240768,1,0
240767,240767,240768,1,0
240767,240767,240768,1,0
240767,240767,240768,1,0
240767,240767,240768,1,0
240767,240767,240768,1,0
240767,240767,240768,1,0
240767,240767,240768,1,0
240767,240767,240768,1,0
240767,240767,240768,1,0
240767,240767,240769,2,0
240767,240767,240769,2,0
240767,240767,240768,1,0
240767,240767,240769,2,0
240767,240767,240768,1,0
240767,240767,240769,2,0
240767,240767,240768,1,0
240767,240767,240769,2,0
240767,240767,240768,1,0
240767,240767,240769,2,0
240767,240767,240769,2,0
240767,240767,240768,1,0
240767,240767,240768,1,0
240767,240767,240768,1,0
240767,240767,240769,2,0
240767,240767,240768,1,0
240767,240767,240769,2,0
240767,240767,240769,2,0
240767,240767,240768,1,0
240767,240767,240769,2,0
240735,240735,240783,48,0
240786,240786,240787,1,0
240786,240786,240787,1,0
240786,240786,240787,1,0
240786,240786,240787,1,0
240786,240786,240787,1,0
240786,240786,240787,1,0
240786,240786,240787,1,0
240786,240786,240788,2,0
240786,240786,240788,2,0
240786,240786,240787,1,0
240786,240786,240788,2,0
240786,240786,240787,1,0
240786,240786,240787,1,0
240786,240786,240787,1,0
240786,240786,240787,1,0
240786,240786,240787,1,0
240786,240786,240788,2,0
240786,240786,240788,2,0
240786,240786,240787,1,0
240786,240786,240787,1,0
240786,240786,240788,2,0
240786,240786,240787,1,0
240786,240786,240787,1,0
240786,240786,240788,2,0
240786,240786,240787,1,0
240786,240786,240787,1,0
240786,240786,240787,1,0
240786,240786,240788,2,0
240786,240786,240787,1,0
240786,240786,240787,1,0
240786,240786,240788,2,0
240786,240786,240788,2,0
240737,240737,240792,55,0
240767,240768,240793,25,1
240786,240788,240792,4,2
240733,240733,240793,60,0
240767,240768,240793,25,1
240767,240768,240793,25,1
240786,240786,240793,7,0
240739,240740,240794,54,1
240767,240768,240794,26,1
240742,240742,240802,60,0
240732,240732,240804,72,0
240812,240812,240813,1,0
240812,240812,240813,1,0
240812,240812,240813,1,0
240812,240812,240813,1,0
240812,240812,240813,1,0
240812,240812,240813,1,0
240812,240812,240813,1,0
240812,240812,240813,1,0
240812,240812,240813,1,0
240812,240812,240813,1,0
240812,240812,240813,1,0
240812,240812,240813,1,0
240812,240812,240813,1,0
240812,240812,240813,1,0
240812,240812,240813,1,0
240812,240812,240813,1,0
240812,240812,240813,1,0
240812,240812,240813,1,0
240812,240812,240813,1,0
240812,240812,240813,1,0
240812,240812,240813,1,0
240812,240812,240813,1,0
240812,240812,240813,1,0
240812,240812,240813,1,0
240812,240812,240813,1,0
240812,240812,240813,1,0
240812,240812,240813,1,0
240812,240812,240813,1,0
240812,240812,240814,2,0
240812,240812,240813,1,0
240812,240812,240814,2,0
240812,240812,240814,2,0
240812,240812,240814,2,0
240812,240812,240814,2,0
240812,240812,240814,2,0
240812,240812,240814,2,0
240812,240812,240814,2,0
240812,240812,240814,2,0
240812,240812,240814,2,0
240812,240812,240814,2,0
240812,240812,240814,2,0
240812,240812,240814,2,0
240812,240812,240814,2,0
240812,240812,240814,2,0
240812,240814,240815,1,2
240812,240812,240814,2,0
240812,240812,240814,2,0
240812,240812,240814,2,0
240812,240812,240814,2,0
240812,240812,240814,2,0
240812,240812,240814,2,0
240812,240812,240814,2,0
240812,240812,240814,2,0
240812,240812,240814,2,0
240812,240812,240814,2,0
240812,240812,240814,2,0
240812,240812,240814,2,0
240812,240812,240814,2,0
240812,240812,240814,2,0
240812,240812,240814,2,0
240812,240812,240814,2,0
240812,240812,240814,2,0
240812,240812,240814,2,0
240812,240814,240815,1,2
240812,240814,240815,1,2
240812,240814,240815,1,2
240812,240814,240815,1,2
240812,240814,240815,1,2
240812,240814,240815,1,2
240812,240814,240815,1,2
240812,240814,240815,1,2
240812,240814,240815,1,2
240812,240814,240815,1,2
240812,240814,240816,2,2
240812,240814,240815,1,2
240812,240814,240815,1,2
240812,240815,240816,1,3
240812,240814,240815,1,2
240812,240814,240815,1,2
240812,240814,240815,1,2
240812,240814,240815,1,2
240812,240814,240815,1,2
240812,240814,240815,1,2
240812,240815,240816,1,3
240812,240814,240815,1,2
240812,240815,240816,1,3
240764,240764,240815,51,0
240812,240813,240815,2,1
240812,240814,240816,2,2
240812,240813,240816,3,1
240768,240768,240821,53,0
240812,240814,240828,14,2
240812,240814,240828,14,2
240812,240813,240829,16,1
240773,240773,240836,63,0
240788,240788,240841,53,0
240812,240813,240841,28,1
240765,240765,240844,79,0
240812,240813,240845,32,1
240848,240848,240849,1,0
240848,240848,240849,1,0
240848,240848,240849,1,0
240848,240848,240849,1,0
240848,240848,240849,1,0
240848,240848,240849,1,0
240848,240848,240849,1,0
240848,240848,240849,1,0
240848,240848,240849,1,0
240848,240848,240849,1,0
240848,240848,240849,1,0
240848,240848,240849,1,0
240848,240848,240849,1,0
240848,240848,240849,1,0
240848,240848,240849,1,0
240848,240848,240849,1,0
240848,240848,240849,1,0
240848,240848,240849,1,0
240848,240848,240849,1,0
240848,240848,240849,1,0
240848,240848,240849,1,0
240848,240848,240849,1,0
240848,240848,240849,1,0
240848,240848,240849,1,0
240848,240848,240849,1,0
240848,240848,240849,1,0
240848,240848,240849,1,0
240848,240848,240849,1,0
240848,240848,240849,1,0
240848,240848,240849,1,0
240848,240848,240849,1,0
240848,240848,240849,1,0
240848,240848,240849,1,0
240848,240848,240849,1,0
240848,240848,240849,1,0
240848,240849,240850,1,1
240848,240848,240849,1,0
240848,240848,240849,1,0
240848,240848,240849,1,0
240848,240848,240849,1,0
240848,240849,240850,1,1
240848,240849,240850,1,1
240848,240848,240850,2,0
240848,240848,240849,1,0
240848,240848,240849,1,0
240848,240849,240850,1,1
240848,240849,240850,1,1
240848,240849,240850,1,1
240848,240848,240849,1,0
240848,240848,240849,1,0
240848,240848,240849,1,0
240848,240849,240850,1,1
240848,240849,240850,1,1
240848,240849,240850,1,1
240848,240848,240850,2,0
240848,240848,240849,1,0
240848,240849,240850,1,1
240848,240849,240850,1,1
240848,240848,240849,1,0
240848,240848,240849,1,0
240848,240848,240850,2,0
240848,240849,240850,1,1
240848,240848,240849,1,0
240848,240848,240849,1,0
240848,240848,240849,1,0
240848,240849,240850,1,1
240848,240848,240849,1,0
240848,240848,240849,1,0
240848,240848,240849,1,0
240848,240849,240850,1,1
240848,240849,240850,1,1
240848,240849,240850,1,1
240848,240849,240850,1,1
240848,240848,240849,1,0
240848,240848,240849,1,0
240848,240848,240849,1,0
240848,240849,240850,1,1
240848,240849,240850,1,1
240779,240779,240849,70,0
240848,240849,240850,1,1
240848,240849,240850,1,1
240848,240849,240851,2,1
240848,240849,240851,2,1
240848,240849,240851,2,1
240848,240849,240851,2,1
240848,240849,240851,2,1
240848,240849,240851,2,1
240848,240849,240851,2,1
240848,240849,240851,2,1
240848,240849,240851,2,1
240848,240849,240852,3,1
240848,240851,240852,1,3
240848,240851,240852,1,3
240848,240851,240852,1,3
240848,240851,240852,1,3
240848,240849,240851,2,1
240848,240850,240851,1,2
240848,240849,240851,2,1
240848,240849,240851,2,1
240848,240851,240852,1,3
240848,240851,240852,1,3
240848,240849,240851,2,1
240848,240849,240851,2,1
240848,240851,240852,1,3
240848,240851,240852,1,3
240848,240849,240851,2,1
240848,240849,240851,2,1
240848,240851,240852,1,3
240848,240849,240851,2,1
240848,240851,240852,1,3
240848,240851,240852,1,3
240848,240851,240852,1,3
240744,240744,240851,107,0
240848,240849,240851,2,1
240848,240849,240851,2,1
240848,240851,240852,1,3
240848,240850,240851,1,2
240848,240850,240852,2,2
240848,240850,240852,2,2
240848,240850,240852,2,2
240848,240850,240852,2,2
240848,240850,240852,2,2
240848,240850,240852,2,2
240848,240851,240852,1,3
240848,240851,240852,1,3
240848,240851,240852,1,3
240848,240852,240853,1,4
240848,240850,240852,2,2
240848,240850,240852,2,2
240848,240850,240852,2,2
240848,240851,240852,1,3
240848,240851,240852,1,3
240848,240851,240852,1,3
240848,240851,240852,1,3
240848,240851,240852,1,3
240848,240851,240852,1,3
240848,240851,240852,1,3
240848,240851,240852,1,3
240848,240849,240852,3,1
240848,240851,240852,1,3
240848,240851,240852,1,3
240848,240851,240852,1,3
240848,240851,240852,1,3
240848,240851,240852,1,3
240848,240851,240852,1,3
240848,240849,240852,3,1
240848,240851,240852,1,3
240848,240851,240852,1,3
240848,240851,240852,1,3
240848,240851,240852,1,3
240848,240851,240852,1,3
240848,240851,240852,1,3
240848,240851,240852,1,3
240848,240851,240852,1,3
240848,240851,240853,2,3
240848,240851,240852,1,3
240848,240851,240852,1,3
240771,240771,240857,86,0
240776,240776,240865,89,0
240785,240785,240868,83,0
240790,240790,240868,78,0
240782,240784,240892,108,2
240793,240793,240893,100,0
240849,240852,240900,48,3
240914,240914,240915,1,0
240914,240914,240915,1,0
240914,240914,240915,1,0
240914,240914,240915,1,0
240914,240915,240916,1,1
240914,240914,240915,1,0
240914,240914,240916,2,0
240914,240915,240916,1,1
240914,240914,240915,1,0
240914,240915,240916,1,1
240914,240914,240915,1,0
240914,240914,240915,1,0
240914,240915,240916,1,1
240914,240914,240915,1,0
240914,240914,240915,1,0
240914,240914,240915,1,0
240914,240915,240916,1,1
240914,240914,240915,1,0
240914,240914,240915,1,0
240914,240914,240915,1,0
240914,240915,240916,1,1
240914,240915,240916,1,1
240914,240914,240915,1,0
240914,240914,240916,2,0
240914,240914,240916,2,0
240914,240914,240916,2,0
240914,240915,240916,1,1
240914,240915,240916,1,1
240914,240916,240917,1,2
240915,240916,240917,1,1
240914,240914,240916,2,0
240914,240914,240916,2,0
240914,240914,240916,2,0
240914,240915,240916,1,1
240914,240915,240916,1,1
240915,240916,240917,1,1
240914,240914,240916,2,0
240914,240914,240916,2,0
240914,240915,240916,1,1
240914,240915,240916,1,1
240915,240916,240917,1,1
240914,240915,240916,1,1
240914,240915,240916,1,1
240914,240915,240916,1,1
240915,240916,240917,1,1
240914,240914,240916,2,0
240914,240914,240916,2,0
240914,240915,240916,1,1
240914,240915,240916,1,1
240915,240916,240917,1,1
240914,240914,240916,2,0
240914,240914,240916,2,0
240914,240915,240916,1,1
240915,240916,240917,1,1
240914,240914,240916,2,0
240914,240914,240916,2,0
240914,240915,240916,1,1
240914,240915,240916,1,1
240915,240916,240917,1,1
240914,240914,240916,2,0
240914,240914,240916,2,0
240914,240915,240916,1,1
240914,240916,240917,1,2
240914,240914,240916,2,0
240914,240915,240916,1,1
240915,240916,240917,1,1
240914,240914,240916,2,0
240914,240915,240916,1,1
240915,240916,240917,1,1
240914,240916,240917,1,2
240914,240916,240917,1,2
240915,240917,240918,1,2
240915,240917,240918,1,2
240914,240916,240917,1,2
240915,240917,240918,1,2
240915,240917,240918,1,2
240915,240917,240918,1,2
240914,240916,240917,1,2
240914,240916,240917,1,2
240914,240916,240918,2,2
240914,240916,240917,1,2
240915,240916,240918,2,1
240915,240917,240918,1,2
240914,240916,240917,1,2
240914,240916,240918,2,2
240914,240916,240917,1,2
240915,240916,240917,1,1
240915,240917,240918,1,2
240914,240916,240918,2,2
240914,240916,240917,1,2
240915,240916,240918,2,1
240915,240916,240918,2,1
240915,240916,240918,2,1
240914,240916,240918,2,2
240914,240916,240917,1,2
240915,240916,240917,1,1
240915,240916,240918,2,1
240914,240916,240918,2,2
240915,240916,240918,2,1
240915,240916,240918,2,1
240915,240917,240918,1,2
240914,240916,240917,1,2
240914,240916,240917,1,2
240914,240916,240917,1,2
240915,240917,240918,1,2
240915,240917,240918,1,2
240915,240916,240917,1,1
240915,240916,240918,2,1
240915,240916,240918,2,1
240915,240916,240918,2,1
240915,240917,240918,1,2
240914,240916,240918,2,2
240914,240916,240917,1,2
240915,240916,240917,1,1
240915,240917,240918,1,2
240915,240917,240918,1,2
240915,240917,240919,2,2
240915,240917,240918,1,2
240915,240917,240918,1,2
240915,240917,240918,1,2
240915,240918,240919,1,3
240915,240918,240919,1,3
240915,240918,240919,1,3
240915,240918,240919,1,3
240915,240917,240918,1,2
240915,240917,240918,1,2
240915,240917,240919,2,2
240915,240917,240918,1,2
240915,240918,240919,1,3
240915,240918,240919,1,3
240915,240918,240919,1,3
240915,240918,240919,1,3
240915,240917,240919,2,2
240915,240917,240919,2,2
240915,240917,240918,1,2
240915,240917,240919,2,2
240915,240917,240919,2,2
240915,240917,240919,2,2
240915,240917,240919,2,2
240915,240917,240919,2,2
240915,240917,240919,2,2
240915,240917,240919,2,2
240915,240917,240919,2,2
240915,240917,240919,2,2
240915,240917,240919,2,2
240915,240917,240919,2,2
240915,240917,240919,2,2
240915,240917,240919,2,2
240915,240917,240919,2,2
240915,240917,240918,1,2
240915,240917,240919,2,2
240915,240917,240919,2,2
240915,240917,240919,2,2
240915,240917,240919,2,2
240915,240918,240919,1,3
240915,240917,240918,1,2
240915,240917,240919,2,2
240915,240917,240919,2,2
240915,240918,240920,2,3
240915,240918,240920,2,3
240915,240918,240920,2,3
240915,240918,240920,2,3
240915,240918,240920,2,3
240915,240918,240920,2,3
240915,240918,240920,2,3
240915,240918,240920,2,3
240915,240918,240920,2,3
240915,240918,240920,2,3
240915,240919,240920,1,4
240915,240918,240920,2,3
240915,240918,240920,2,3
240915,240918,240920,2,3
240915,240919,240920,1,4
240915,240918,240920,2,3
240915,240918,240920,2,3
240915,240919,240920,1,4
240915,240919,240920,1,4
240915,240918,240920,2,3
240915,240918,240920,2,3
240915,240918,240920,2,3
240915,240919,240920,1,4
240915,240919,240920,1,4
240994,240994,240995,1,0
240994,240994,240995,1,0
240994,240994,240995,1,0
240994,240994,240995,1,0
240994,240994,240996,2,0
240994,240994,240995,1,0
240994,240994,240995,1,0
240994,240994,240995,1,0
240994,240994,240996,2,0
240994,240994,240995,1,0
240994,240994,240996,2,0
240994,240994,240996,2,0
240995,240995,240996,1,0
240994,240994,240995,1,0
240995,240995,240996,1,0
240994,240994,240996,2,0
240995,240995,240996,1,0
240995,240995,240996,1,0
240995,240995,240996,1,0
240994,240994,240996,2,0
240994,240994,240995,1,0
240995,240995,240996,1,0
240995,240995,240996,1,0
240994,240994,240996,2,0
240995,240995,240996,1,0
240995,240995,240996,1,0
240994,240994,240996,2,0
240994,240994,240996,2,0
240995,240995,240996,1,0
240995,240995,240996,1,0
240995,240995,240996,1,0
240994,240994,240996,2,0
240995,240995,240996,1,0
240995,240995,240996,1,0
240995,240995,240996,1,0
240995,240995,240996,1,0
240994,240994,240997,3,0
240994,240994,240996,2,0
240995,240995,240996,1,0
240995,240995,240996,1,0
240995,240995,240996,1,0
240995,240996,240997,1,1
240994,240994,240997,3,0
240995,240995,240996,1,0
240995,240995,240996,1,0
240994,240994,240996,2,0
240995,240995,240996,1,0
240995,240995,240996,1,0
240994,240994,240996,2,0
240994,240994,240996,2,0
240994,240994,240996,2,0
240995,240995,240996,1,0
240995,240995,240996,1,0
240994,240994,240996,2,0
240994,240994,240996,2,0
240995,240995,240996,1,0
240995,240995,240996,1,0
240995,240995,240996,1,0
240994,240994,240996,2,0
240995,240995,240997,2,0
240995,240995,240996,1,0
240994,240994,240996,2,0
240995,240995,240996,1,0
240995,240995,240996,1,0
240995,240995,240996,1,0
240994,240994,240996,2,0
240994,240994,240996,2,0
240995,240995,240997,2,0
240995,240995,240996,1,0
240994,240994,240996,2,0
240995,240995,240996,1,0
240995,240995,240996,1,0
240995,240996,240997,1,1
240995,240996,240997,1,1
240995,240996,240997,1,1
240995,240996,240997,1,1
240995,240996,240997,1,1
240995,240996,240997,1,1
240995,240996,240997,1,1
240995,240996,240997,1,1
240995,240996,240997,1,1
240995,240996,240998,2,1
240995,240996,240998,2,1
240995,240996,240997,1,1
240995,240996,240998,2,1
240995,240996,240997,1,1
240995,240996,240998,2,1
240995,240996,240998,2,1
240995,240996,240998,2,1
240995,240996,240998,2,1
240995,240996,240997,1,1
240995,240996,240999,3,1
240995,240996,240999,3,1
240995,240996,241057,61,1
241058,241058,241059,1,0
241058,241058,241059,1,0
241058,241058,241059,1,0
241058,241058,241059,1,0
241058,241058,241059,1,0
241058,241058,241059,1,0
241058,241058,241059,1,0
241058,241058,241059,1,0
241058,241058,241059,1,0
241058,241058,241059,1,0
241058,241058,241059,1,0
241058,241058,241059,1,0
241058,241058,241059,1,0
241058,241058,241059,1,0
241058,241058,241059,1,0
241058,241058,241059,1,0
241058,241058,241059,1,0
241058,241058,241059,1,0
241058,241058,241059,1,0
241058,241058,241059,1,0
241058,241058,241059,1,0
241058,241058,241059,1,0
241058,241058,241059,1,0
241058,241058,241060,2,0
241058,241058,241059,1,0
241058,241058,241059,1,0
241058,241058,241059,1,0
241058,241058,241060,2,0
241058,241058,241059,1,0
241058,241058,241059,1,0
241058,241058,241060,2,0
241058,241058,241059,1,0
241058,241058,241059,1,0
241058,241058,241059,1,0
241058,241058,241060,2,0
241058,241058,241060,2,0
241058,241058,241059,1,0
241058,241058,241060,2,0
241058,241058,241060,2,0
241058,241058,241059,1,0
241058,241058,241060,2,0
241058,241058,241059,1,0
241058,241058,241059,1,0
241058,241058,241059,1,0
241058,241058,241060,2,0
241058,241058,241060,2,0
241058,241058,241060,2,0
241058,241058,241060,2,0
241058,241058,241059,1,0
241058,241058,241060,2,0
241058,241058,241060,2,0
241058,241058,241059,1,0
241058,241058,241059,1,0
241058,241058,241059,1,0
241058,241058,241060,2,0
241058,241058,241060,2,0
241058,241058,241059,1,0
241058,241058,241060,2,0
241058,241058,241060,2,0
241107,241108,241109,1,1
241107,241108,241109,1,1
241107,241108,241109,1,1
241107,241108,241109,1,1
241107,241108,241109,1,1
241107,241108,241109,1,1
241107,241108,241109,1,1
241107,241108,241109,1,1
241107,241108,241109,1,1
241107,241108,241109,1,1
241058,241058,241110,52,0
241107,241108,241109,1,1
241107,241108,241110,2,1
241107,241108,241109,1,1
241107,241108,241109,1,1
241107,241108,241109,1,1
241107,241108,241109,1,1
241107,241108,241109,1,1
241107,241108,241109,1,1
241107,241108,241109,1,1
241107,241108,241109,1,1
241107,241108,241109,1,1
241107,241108,241109,1,1
241107,241108,241109,1,1
241107,241108,241109,1,1
241107,241108,241109,1,1
241141,241141,241142,1,0
241141,241141,241142,1,0
241141,241141,241142,1,0
241141,241141,241142,1,0
241141,241141,241142,1,0
241141,241141,241142,1,0
241141,241141,241142,1,0
241141,241141,241142,1,0
241141,241141,241142,1,0
241141,241141,241142,1,0
241141,241141,241142,1,0
241141,241141,241142,1,0
241141,241141,241142,1,0
241141,241141,241142,1,0
241141,241141,241143,2,0
241141,241141,241142,1,0
241141,241141,241143,2,0
241141,241141,241143,2,0
241141,241141,241143,2,0
241141,241141,241142,1,0
241141,241141,241143,2,0
241141,241141,241142,1,0
241141,241141,241143,2,0
241141,241141,241142,1,0
241141,241141,241142,1,0
241141,241141,241143,2,0
241141,241141,241142,1,0
241141,241141,241143,2,0
241141,241141,241142,1,0
241141,241141,241142,1,0
241141,241141,241143,2,0
241141,241141,241142,1,0
241141,241141,241143,2,0
241141,241141,241143,2,0
241141,241141,241200,59,0
241201,241201,241202,1,0
241201,241201,241202,1,0
241201,241201,241202,1,0
241201,241201,241202,1,0
241201,241201,241202,1,0
241201,241201,241202,1,0
241201,241201,241202,1,0
241201,241201,241202,1,0
241201,241201,241202,1,0
241201,241201,241202,1,0
241201,241201,241202,1,0
241201,241201,241202,1,0
241201,241201,241202,1,0
241201,241201,241202,1,0
241201,241201,241202,1,0
241201,241201,241202,1,0
241201,241201,241202,1,0
241201,241201,241202,1,0
241201,241201,241202,1,0
241201,241201,241202,1,0
241201,241201,241202,1,0
241201,241201,241202,1,0
241201,241201,241202,1,0
241201,241201,241203,2,0
241201,241201,241202,1,0
241201,241201,241202,1,0
241201,241201,241203,2,0
241201,241201,241202,1,0
241201,241201,241203,2,0
241177,241177,241224,47,0
241224,241224,241225,1,0
241224,241224,241225,1,0
241224,241224,241225,1,0
241224,241224,241225,1,0
241224,241224,241225,1,0
241224,241224,241225,1,0
241224,241224,241225,1,0
241224,241224,241225,1,0
241224,241224,241225,1,0
241224,241224,241225,1,0
241224,241224,241226,2,0
241201,241201,241220,19,0
241224,241224,241226,2,0
241224,241224,241226,2,0
241224,241224,241225,1,0
241224,241224,241226,2,0
241224,241224,241226,2,0
241224,241224,241226,2,0
241224,241224,241226,2,0
241224,241224,241226,2,0
241224,241224,241226,2,0
241224,241224,241226,2,0
241224,241224,241226,2,0
241224,241224,241226,2,0
241224,241224,241226,2,0
241224,241224,241226,2,0
241224,241224,241226,2,0
241224,241225,241226,1,1
241224,241224,241226,2,0
241224,241224,241226,2,0
241179,241179,241227,48,0
241224,241224,241228,4,0
241228,241228,241229,1,0
241228,241228,241229,1,0
241228,241228,241229,1,0
241228,241228,241229,1,0
241228,241228,241229,1,0
241228,241228,241229,1,0
241228,241228,241229,1,0
241228,241228,241229,1,0
241228,241228,241229,1,0
241228,241228,241229,1,0
241228,241228,241229,1,0
241228,241228,241229,1,0
241228,241228,241229,1,0
241224,241225,241228,3,1
241224,241225,241229,4,1
241224,241225,241229,4,1
241228,241228,241230,2,0
241228,241228,241229,1,0
241228,241228,241229,1,0
241228,241228,241229,1,0
241228,241228,241229,1,0
241228,241228,241229,1,0
241228,241228,241230,2,0
241228,241228,241229,1,0
241183,241183,241229,46,0
241228,241228,241230,2,0
241228,241228,241229,1,0
241228,241228,241229,1,0
241228,241228,241229,1,0
241228,241228,241229,1,0
241228,241228,241229,1,0
241228,241228,241230,2,0
241228,241228,241229,1,0
241228,241228,241229,1,0
241228,241228,241229,1,0
241228,241228,241229,1,0
241228,241228,241230,2,0
241224,241224,241230,6,0
241232,241232,241233,1,0
241232,241232,241233,1,0
241232,241232,241233,1,0
241232,241232,241233,1,0
241232,241232,241233,1,0
241232,241232,241233,1,0
241232,241232,241233,1,0
241232,241232,241233,1,0
241232,241232,241233,1,0
241232,241232,241233,1,0
241232,241232,241233,1,0
241232,241232,241233,1,0
241232,241232,241233,1,0
241232,241232,241233,1,0
241232,241232,241233,1,0
241232,241232,241233,1,0
241232,241232,241234,2,0
241232,241232,241233,1,0
241232,241232,241233,1,0
241232,241232,241233,1,0
241232,241232,241233,1,0
241232,241232,241233,1,0
241232,241232,241233,1,0
241232,241232,241233,1,0
241232,241232,241234,2,0
241232,241232,241233,1,0
241232,241232,241233,1,0
241232,241232,241233,1,0
241232,241232,241234,2,0
241232,241232,241233,1,0
241232,241232,241234,2,0
241232,241232,241234,2,0
241232,241232,241235,3,0
241180,241180,241235,55,0
241201,241201,241235,34,0
241228,241228,241235,7,0
241175,241175,241235,60,0
241201,241201,241236,35,0
241186,241186,241240,54,0
241193,241193,241241,48,0
241232,241232,241242,10,0
241188,241188,241243,55,0
241182,241182,241245,63,0
241202,241202,241250,48,0
241197,241197,241253,56,0
241205,241205,241256,51,0
241268,241268,241269,1,0
241268,241268,241269,1,0
241268,241268,241269,1,0
241268,241268,241269,1,0
241268,241268,241269,1,0
241268,241268,241269,1,0
241268,241268,241269,1,0
241268,241268,241269,1,0
241268,241268,241269,1,0
241268,241268,241269,1,0
241268,241268,241269,1,0
241268,241268,241269,1,0
241268,241268,241269,1,0
241268,241268,241269,1,0
241268,241268,241269,1,0
241268,241268,241269,1,0
241268,241268,241269,1,0
241268,241268,241269,1,0
241268,241268,241269,1,0
241268,241268,241269,1,0
241268,241268,241269,1,0
241268,241268,241269,1,0
241268,241268,241269,1,0
241268,241268,241269,1,0
241268,241268,241269,1,0
241268,241268,241269,1,0
241268,241268,241269,1,0
241268,241268,241269,1,0
241268,241268,241269,1,0
241268,241268,241269,1,0
241268,241268,241269,1,0
241268,241268,241269,1,0
241268,241268,241269,1,0
241268,241268,241269,1,0
241268,241268,241269,1,0
241199,241199,241269,70,0
241268,241268,241270,2,0
241268,241268,241269,1,0
241268,241268,241269,1,0
241268,241268,241269,1,0
241268,241269,241270,1,1
241268,241269,241270,1,1
241268,241269,241270,1,1
241268,241268,241270,2,0
241268,241268,241270,2,0
241268,241268,241270,2,0
241268,241268,241270,2,0
241268,241268,241269,1,0
241268,241269,241270,1,1
241268,241268,241269,1,0
241268,241268,241269,1,0
241268,241268,241269,1,0
241268,241268,241270,2,0
241268,241269,241270,1,1
241268,241269,241270,1,1
241268,241269,241270,1,1
241268,241268,241269,1,0
241268,241268,241270,2,0
241268,241268,241270,2,0
241268,241269,241270,1,1
241268,241268,241269,1,0
241268,241268,241269,1,0
241268,241268,241270,2,0
241268,241268,241269,1,0
241268,241268,241269,1,0
241268,241268,241269,1,0
241268,241268,241270,2,0
241268,241268,241270,2,0
241268,241268,241269,1,0
241268,241268,241270,2,0
241268,241268,241270,2,0
241268,241268,241270,2,0
241268,241268,241270,2,0
241268,241268,241270,2,0
241268,241268,241270,2,0
241268,241268,241270,2,0
241268,241268,241270,2,0
241268,241268,241270,2,0
241268,241270,241271,1,2
241268,241270,241271,1,2
241211,241211,241271,60,0
241268,241270,241271,1,2
241268,241270,241271,1,2
241268,241270,241271,1,2
241268,241270,241271,1,2
241268,241269,241271,2,1
241268,241269,241271,2,1
241268,241269,241271,2,1
241268,241269,241271,2,1
241268,241271,241272,1,3
241268,241269,241271,2,1
241268,241269,241271,2,1
241268,241270,241271,1,2
241268,241271,241272,1,3
241268,241269,241271,2,1
241268,241269,241271,2,1
241268,241269,241271,2,1
241268,241271,241272,1,3
241268,241271,241272,1,3
241268,241269,241271,2,1
241268,241269,241271,2,1
241268,241270,241271,1,2
241268,241270,241271,1,2
241268,241271,241272,1,3
241268,241269,241271,2,1
241268,241269,241271,2,1
241268,241270,241271,1,2
241268,241270,241271,1,2
241268,241270,241271,1,2
241268,241271,241272,1,3
241268,241269,241271,2,1
241268,241269,241271,2,1
241268,241270,241271,1,2
241268,241270,241271,1,2
241268,241270,241272,2,2
241268,241270,241272,2,2
241268,241270,241272,2,2
241268,241270,241272,2,2
241268,241270,241272,2,2
241268,241270,241272,2,2
241268,241270,241271,1,2
241268,241270,241271,1,2
241268,241271,241273,2,3
241227,241227,241272,45,0
241268,241270,241272,2,2
241268,241271,241272,1,3
241268,241271,241272,1,3
241268,241271,241272,1,3
241268,241271,241272,1,3
241268,241271,241272,1,3
241268,241271,241272,1,3
241268,241271,241272,1,3
241268,241271,241272,1,3
241268,241272,241273,1,4
241268,241272,241273,1,4
241268,241272,241273,1,4
241268,241272,241273,1,4
241268,241271,241272,1,3
241268,241271,241272,1,3
241269,241272,241273,1,3
241269,241272,241273,1,3
241268,241271,241272,1,3
241268,241271,241272,1,3
241269,241272,241273,1,3
241268,241271,241272,1,3
241269,241272,241273,1,3
241268,241271,241272,1,3
241268,241272,241273,1,4
241269,241272,241273,1,3
241269,241272,241273,1,3
241268,241272,241273,1,4
241269,241272,241273,1,3
241269,241272,241273,1,3
241268,241271,241273,2,3
241268,241271,241273,2,3
241268,241271,241273,2,3
241268,241271,241273,2,3
241268,241271,241273,2,3
241268,241271,241273,2,3
241268,241271,241273,2,3
241268,241272,241273,1,4
241268,241272,241273,1,4
241269,241272,241274,2,3
241269,241272,241274,2,3
241269,241272,241274,2,3
241269,241272,241274,2,3
241269,241272,241274,2,3
241269,241272,241273,1,3
241269,241272,241273,1,3
241269,241272,241273,1,3
241268,241272,241273,1,4
241269,241272,241273,1,3
241269,241272,241274,2,3
241269,241272,241274,2,3
241269,241272,241274,2,3
241269,241272,241274,2,3
241269,241272,241273,1,3
241269,241272,241274,2,3
241269,241272,241274,2,3
241269,241272,241274,2,3
241269,241272,241274,2,3
241269,241272,241274,2,3
241269,241272,241274,2,3
241269,241272,241274,2,3
241269,241272,241274,2,3
241268,241271,241273,2,3
241269,241272,241274,2,3
241208,241208,241281,73,0
241190,241191,241289,98,1
241217,241217,241293,76,0
241214,241214,241294,80,0
241196,241196,241294,98,0
241221,241221,241301,80,0
241231,241232,241321,89,1
241269,241273,241333,60,4
241334,241334,241335,1,0
241334,241334,241335,1,0
241334,241334,241335,1,0
241334,241334,241335,1,0
241334,241334,241335,1,0
241334,241334,241335,1,0
241334,241334,241335,1,0
241334,241334,241335,1,0
241334,241334,241335,1,0
241334,241334,241335,1,0
241334,241334,241335,1,0
241334,241334,241335,1,0
241334,241334,241335,1,0
241334,241334,241335,1,0
241334,241334,241335,1,0
241334,241334,241335,1,0
241334,241334,241335,1,0
241334,241334,241335,1,0
241334,241334,241335,1,0
241334,241334,241335,1,0
241334,241334,241335,1,0
241334,241334,241335,1,0
241334,241334,241335,1,0
241334,241334,241335,1,0
241334,241334,241335,1,0
241334,241334,241335,1,0
241334,241334,241335,1,0
241334,241334,241335,1,0
241334,241334,241335,1,0
241334,241334,241335,1,0
241334,241334,241335,1,0
241334,241334,241335,1,0
241334,241334,241335,1,0
241334,241334,241335,1,0
241334,241334,241335,1,0
241334,241334,241335,1,0
241334,241334,241335,1,0
241334,241334,241335,1,0
241334,241334,241335,1,0
241334,241334,241335,1,0
241334,241334,241335,1,0
241334,241334,241335,1,0
241334,241334,241335,1,0
241334,241334,241335,1,0
241334,241334,241335,1,0
241334,241334,241335,1,0
241334,241334,241335,1,0
241334,241334,241335,1,0
241334,241334,241336,2,0
241334,241334,241335,1,0
241334,241334,241335,1,0
241334,241334,241335,1,0
241334,241334,241335,1,0
241334,241334,241335,1,0
241334,241334,241335,1,0
241334,241334,241336,2,0
241334,241334,241335,1,0
241334,241334,241336,2,0
241334,241334,241335,1,0
241334,241334,241335,1,0
241334,241334,241336,2,0
241334,241334,241335,1,0
241334,241335,241336,1,1
241334,241334,241336,2,0
241334,241334,241336,2,0
241334,241334,241336,2,0
241334,241336,241337,1,2
241334,241334,241336,2,0
241334,241336,241337,1,2
241334,241334,241336,2,0
241334,241334,241336,2,0
241334,241334,241336,2,0
241334,241336,241337,1,2
241334,241336,241337,1,2
241334,241334,241336,2,0
241334,241334,241336,2,0
241334,241335,241336,1,1
241334,241336,241337,1,2
241334,241336,241337,1,2
241334,241334,241336,2,0
241334,241334,241336,2,0
241334,241336,241337,1,2
241334,241334,241336,2,0
241334,241334,241336,2,0
241334,241336,241337,1,2
241334,241336,241337,1,2
241334,241336,241337,1,2
241334,241336,241337,1,2
241334,241336,241337,1,2
241334,241334,241336,2,0
241334,241336,241337,1,2
241334,241336,241337,1,2
241334,241336,241337,1,2
241334,241334,241336,2,0
241334,241334,241336,2,0
241334,241336,241337,1,2
241334,241336,241337,1,2
241334,241336,241337,1,2
241334,241334,241336,2,0
241334,241336,241337,1,2
241334,241336,241337,1,2
241334,241336,241337,1,2
241334,241336,241337,1,2
241334,241336,241337,1,2
241334,241336,241337,1,2
241334,241336,241337,1,2
241334,241336,241337,1,2
241334,241337,241338,1,3
241334,241336,241337,1,2
241334,241336,241337,1,2
241334,241336,241337,1,2
241334,241336,241337,1,2
241334,241336,241338,2,2
241334,241336,241337,1,2
241334,241336,241337,1,2
241334,241336,241337,1,2
241334,241336,241337,1,2
241334,241336,241337,1,2
241334,241336,241338,2,2
241334,241336,241338,2,2
241334,241336,241337,1,2
241334,241336,241337,1,2
241334,241336,241338,2,2
241334,241336,241337,1,2
241334,241337,241338,1,3
241334,241336,241337,1,2
241334,241336,241337,1,2
241334,241336,241337,1,2
241334,241336,241338,2,2
241334,241336,241337,1,2
241335,241337,241338,1,2
241334,241336,241337,1,2
241334,241336,241337,1,2
241334,241336,241338,2,2
241335,241337,241338,1,2
241335,241337,241338,1,2
241334,241336,241337,1,2
241334,241336,241337,1,2
241334,241336,241337,1,2
241335,241337,241338,1,2
241334,241336,241338,2,2
241334,241336,241338,2,2
241334,241336,241337,1,2
241335,241337,241338,1,2
241335,241337,241338,1,2
241334,241336,241337,1,2
241334,241336,241337,1,2
241334,241336,241338,2,2
241335,241337,241338,1,2
241335,241337,241338,1,2
241334,241336,241338,2,2
241335,241337,241338,1,2
241335,241337,241338,1,2
241334,241337,241338,1,3
241334,241337,241338,1,3
241334,241337,241338,1,3
241334,241337,241338,1,3
241335,241337,241338,1,2
241334,241337,241338,1,3
241334,241337,241338,1,3
241334,241336,241338,2,2
241334,241337,241338,1,3
241335,241338,241339,1,3
241335,241338,241339,1,3
241335,241338,241339,1,3
241334,241337,241338,1,3
241334,241337,241339,2,3
241335,241338,241339,1,3
241335,241338,241339,1,3
241335,241338,241339,1,3
241335,241338,241339,1,3
241334,241337,241338,1,3
241334,241337,241339,2,3
241334,241337,241339,2,3
241334,241337,241339,2,3
241335,241338,241339,1,3
241334,241337,241339,2,3
241334,241337,241339,2,3
241334,241337,241339,2,3
241334,241337,241339,2,3
241334,241337,241339,2,3
241334,241337,241339,2,3
241335,241337,241339,2,2
241334,241337,241339,2,3
241335,241337,241339,2,2
241334,241337,241339,2,3
241334,241337,241339,2,3
241334,241337,241339,2,3
241334,241337,241339,2,3
241335,241338,241339,1,3
241335,241338,241339,1,3
241335,241338,241339,1,3
241335,241338,241339,1,3
241335,241338,241339,1,3
241335,241338,241340,2,3
241335,241338,241340,2,3
241335,241338,241340,2,3
241335,241338,241339,1,3
241335,241338,241340,2,3
241335,241338,241339,1,3
241335,241338,241339,1,3
241335,241339,241340,1,4
241335,241339,241340,1,4
241335,241339,241341,2,4
241335,241339,241340,1,4
241335,241339,241341,2,4
241335,241339,241340,1,4
241335,241339,241341,2,4
241335,241339,241340,1,4
241335,241339,241340,1,4
241335,241339,241340,1,4
241335,241339,241340,1,4
241335,241339,241340,1,4
241335,241339,241340,1,4
241335,241339,241340,1,4
241335,241339,241341,2,4
241335,241339,241340,1,4
241335,241339,241340,1,4
241335,241339,241340,1,4
241335,241339,241340,1,4
241335,241339,241341,2,4
241335,241339,241340,1,4
241335,241339,241341,2,4
241335,241339,241402,63,4
241430,241430,241431,1,0
241430,241430,241431,1,0
241430,241430,241431,1,0
241430,241430,241431,1,0
241430,241430,241431,1,0
241430,241430,241431,1,0
241430,241430,241431,1,0
241430,241430,241431,1,0
241430,241430,241431,1,0
241430,241430,241431,1,0
241430,241430,241431,1,0
241430,241430,241431,1,0
241430,241430,241431,1,0
241430,241430,241431,1,0
241430,241430,241431,1,0
241430,241430,241431,1,0
241430,241430,241431,1,0
241430,241430,241431,1,0
241430,241430,241431,1,0
241430,241430,241431,1,0
241430,241430,241431,1,0
241430,241430,241431,1,0
241430,241430,241431,1,0
241430,241430,241431,1,0
241430,241430,241431,1,0
241430,241430,241431,1,0
241430,241430,241431,1,0
241430,241430,241431,1,0
241430,241430,241431,1,0
241430,241430,241431,1,0
241430,241430,241431,1,0
241430,241430,241431,1,0
241430,241430,241431,1,0
241430,241430,241431,1,0
241430,241430,241431,1,0
241430,241430,241431,1,0
241430,241430,241431,1,0
241430,241430,241431,1,0
241430,241430,241431,1,0
241430,241430,241431,1,0
241430,241430,241431,1,0
241430,241430,241431,1,0
241430,241430,241431,1,0
241430,241430,241431,1,0
241430,241430,241431,1,0
241430,241430,241431,1,0
241430,241430,241431,1,0
241430,241430,241431,1,0
241430,241430,241431,1,0
241430,241430,241431,1,0
241430,241430,241431,1,0
241430,241430,241432,2,0
241430,241430,241431,1,0
241430,241430,241431,1,0
241430,241430,241431,1,0
241430,241430,241432,2,0
241430,241430,241432,2,0
241430,241430,241432,2,0
241430,241430,241432,2,0
241430,241430,241432,2,0
241430,241430,241432,2,0
241430,241430,241432,2,0
241430,241430,241432,2,0
241430,241430,241432,2,0
241430,241430,241432,2,0
241430,241430,241432,2,0
241430,241432,241433,1,2
241430,241430,241432,2,0
241430,241430,241432,2,0
241430,241430,241432,2,0
241430,241430,241432,2,0
241430,241430,241432,2,0
241430,241430,241432,2,0
241430,241430,241432,2,0
241430,241430,241432,2,0
241430,241430,241432,2,0
241430,241432,241433,1,2
241430,241430,241432,2,0
241430,241430,241432,2,0
241430,241432,241433,1,2
241430,241430,241432,2,0
241430,241430,241432,2,0
241430,241430,241432,2,0
241430,241432,241433,1,2
241430,241432,241433,1,2
241430,241432,241433,1,2
241430,241433,241434,1,3
241430,241432,241433,1,2
241430,241432,241433,1,2
241430,241432,241433,1,2
241430,241432,241433,1,2
241430,241432,241434,2,2
241430,241432,241433,1,2
241430,241432,241433,1,2
241430,241432,241433,1,2
241430,241432,241434,2,2
241430,241432,241434,2,2
241430,241432,241433,1,2
241430,241432,241434,2,2
241430,241432,241433,1,2
241430,241432,241433,1,2
241430,241432,241433,1,2
241430,241432,241433,1,2
241430,241432,241433,1,2
241430,241432,241433,1,2
241430,241432,241433,1,2
241430,241432,241433,1,2
241430,241432,241433,1,2
241430,241432,241434,2,2
241430,241432,241434,2,2
241430,241432,241433,1,2
241430,241432,241433,1,2
241430,241431,241433,2,1
241430,241432,241433,1,2
241430,241432,241433,1,2
241430,241432,241433,1,2
241430,241432,241433,1,2
241430,241432,241433,1,2
241430,241432,241433,1,2
241430,241432,241433,1,2
241430,241432,241433,1,2
241430,241432,241434,2,2
241430,241432,241433,1,2
241430,241432,241433,1,2
241430,241432,241433,1,2
241430,241432,241433,1,2
241430,241432,241433,1,2
241430,241432,241434,2,2
241430,241432,241433,1,2
241430,241432,241434,2,2
241510,241510,241511,1,0
241510,241510,241511,1,0
241510,241510,241511,1,0
241510,241511,241512,1,1
241510,241510,241511,1,0
241510,241510,241511,1,0
241510,241510,241511,1,0
241510,241510,241511,1,0
241510,241511,241512,1,1
241510,241510,241511,1,0
241510,241510,241511,1,0
241510,241510,241511,1,0
241510,241510,241511,1,0
241510,241510,241511,1,0
241510,241510,241512,2,0
241510,241510,241511,1,0
241510,241510,241511,1,0
241510,241510,241511,1,0
241510,241510,241511,1,0
241510,241510,241511,1,0
241510,241511,241512,1,1
241510,241510,241511,1,0
241510,241510,241511,1,0
241510,241510,241512,2,0
241510,241511,241512,1,1
241510,241510,241512,2,0
241510,241511,241512,1,1
241510,241511,241512,1,1
241510,241510,241512,2,0
241510,241511,241512,1,1
241510,241510,241512,2,0
241510,241510,241512,2,0
241510,241511,241512,1,1
241510,241511,241512,1,1
241510,241510,241512,2,0
241510,241510,241512,2,0
241510,241511,241512,1,1
241510,241511,241512,1,1
241510,241510,241512,2,0
241510,241511,241512,1,1
241510,241511,241512,1,1
241510,241510,241512,2,0
241510,241511,241512,1,1
241510,241511,241512,1,1
241510,241510,241512,2,0
241510,241511,241512,1,1
241510,241511,241512,1,1
241510,241510,241512,2,0
241510,241510,241512,2,0
241510,241511,241512,1,1
241510,241511,241512,1,1
241510,241511,241512,1,1
241510,241510,241512,2,0
241510,241511,241512,1,1
241510,241511,241512,1,1
241510,241510,241512,2,0
241510,241511,241512,1,1
241558,241559,241560,1,1
241558,241559,241560,1,1
241558,241559,241560,1,1
241558,241559,241560,1,1
241558,241559,241560,1,1
241558,241559,241560,1,1
241558,241559,241561,2,1
241558,241559,241560,1,1
241558,241559,241560,1,1
241558,241559,241560,1,1
241558,241559,241561,2,1
241558,241559,241560,1,1
241558,241559,241560,1,1
241558,241559,241560,1,1
241558,241559,241560,1,1
241558,241559,241561,2,1
241558,241559,241560,1,1
241558,241559,241561,2,1
241558,241559,241560,1,1
241558,241559,241560,1,1
241558,241559,241560,1,1
241558,241559,241560,1,1
241558,241559,241560,1,1
241558,241559,241560,1,1
241558,241559,241560,1,1
241558,241559,241560,1,1
241558,241559,241560,1,1
241558,241559,241561,2,1
241511,241511,241564,53,0
241591,241592,241593,1,1
241591,241592,241593,1,1
241591,241592,241593,1,1
241591,241592,241593,1,1
241591,241592,241593,1,1
241591,241592,241593,1,1
241591,241592,241593,1,1
241591,241592,241593,1,1
241591,241592,241593,1,1
241591,241592,241593,1,1
241591,241592,241593,1,1
241591,241592,241593,1,1
241591,241592,241593,1,1
241591,241592,241593,1,1
241591,241592,241593,1,1
241591,241592,241593,1,1
241591,241592,241593,1,1
241591,241592,241593,1,1
241591,241592,241593,1,1
241591,241592,241593,1,1
241591,241592,241593,1,1
241591,241592,241593,1,1
241591,241592,241593,1,1
241591,241592,241593,1,1
241626,241626,241627,1,0
241626,241626,241627,1,0
241626,241626,241627,1,0
241626,241626,241627,1,0
241626,241626,241627,1,0
241626,241626,241627,1,0
241626,241626,241627,1,0
241626,241626,241627,1,0
241626,241626,241628,2,0
241626,241626,241627,1,0
241626,241626,241627,1,0
241626,241626,241627,1,0
241626,241626,241627,1,0
241626,241626,241627,1,0
241626,241626,241627,1,0
241626,241626,241628,2,0
241626,241626,241627,1,0
241626,241626,241628,2,0
241626,241626,241627,1,0
241626,241626,241628,2,0
241626,241626,241627,1,0
241626,241626,241627,1,0
241626,241626,241627,1,0
241626,241626,241627,1,0
241626,241626,241627,1,0
241626,241626,241627,1,0
241626,241626,241627,1,0
241592,241592,241641,49,0
241643,241643,241644,1,0
241643,241643,241644,1,0
241643,241643,241644,1,0
241643,241643,241644,1,0
241643,241643,241644,1,0
241643,241643,241644,1,0
241643,241643,241644,1,0
241643,241643,241644,1,0
241643,241643,241644,1,0
241643,241643,241644,1,0
241643,241643,241645,2,0
241643,241643,241644,1,0
241643,241643,241645,2,0
241643,241643,241644,1,0
241643,241643,241645,2,0
241643,241643,241645,2,0
241643,241643,241645,2,0
241643,241643,241644,1,0
241643,241643,241645,2,0
241643,241643,241644,1,0
241643,241643,241644,1,0
241643,241643,241645,2,0
241643,241643,241644,1,0
241643,241643,241645,2,0
241643,241643,241645,2,0
241643,241643,241644,1,0
241643,241643,241644,1,0
241643,241643,241644,1,0
241643,241643,241644,1,0
241643,241643,241644,1,0
241643,241643,241645,2,0
241643,241643,241645,2,0
241643,241643,241644,1,0
241643,241643,241645,2,0
241643,241643,241690,47,0
241691,241691,241692,1,0
241691,241691,241692,1,0
241691,241691,241692,1,0
241691,241691,241692,1,0
241691,241691,241692,1,0
241691,241691,241692,1,0
241691,241691,241692,1,0
241691,241691,241692,1,0
241691,241691,241692,1,0
241691,241691,241692,1,0
241691,241691,241692,1,0
241691,241691,241692,1,0
241691,241691,241692,1,0
241691,241691,241692,1,0
241691,241691,241693,2,0
241691,241691,241692,1,0
241691,241691,241692,1,0
241691,241691,241693,2,0
241691,241691,241692,1,0
241691,241691,241693,2,0
241691,241691,241693,2,0
241691,241691,241692,1,0
241691,241691,241692,1,0
241691,241691,241692,1,0
241691,241691,241692,1,0
241691,241691,241692,1,0
241691,241691,241692,1,0
241691,241691,241693,2,0
241691,241691,241692,1,0
241691,241691,241692,1,0
241691,241691,241693,2,0
241691,241691,241692,1,0
241682,241682,241727,45,0
241729,241729,241730,1,0
241729,241729,241730,1,0
241729,241729,241730,1,0
241729,241729,241730,1,0
241729,241729,241730,1,0
241729,241729,241730,1,0
241729,241729,241730,1,0
241729,241729,241730,1,0
241729,241729,241730,1,0
241684,241684,241730,46,0
241729,241729,241730,1,0
241729,241729,241730,1,0
241729,241729,241730,1,0
241729,241729,241730,1,0
241729,241729,241730,1,0
241729,241729,241730,1,0
241729,241729,241730,1,0
241729,241729,241730,1,0
241729,241729,241730,1,0
241729,241729,241730,1,0
241729,241729,241730,1,0
241729,241729,241730,1,0
241732,241732,241733,1,0
241732,241732,241733,1,0
241732,241732,241733,1,0
241732,241732,241733,1,0
241732,241732,241733,1,0
241732,241732,241733,1,0
241729,241729,241730,1,0
241729,241729,241731,2,0
241729,241729,241730,1,0
241732,241732,241733,1,0
241732,241732,241733,1,0
241732,241732,241733,1,0
241732,241732,241733,1,0
241732,241732,241733,1,0
241732,241732,241733,1,0
241732,241732,241733,1,0
241732,241732,241733,1,0
241732,241732,241733,1,0
241732,241732,241733,1,0
241732,241732,241733,1,0
241732,241732,241734,2,0
241732,241732,241733,1,0
241732,241732,241733,1,0
241732,241732,241733,1,0
241732,241732,241733,1,0
241732,241732,241733,1,0
241732,241732,241733,1,0
241732,241732,241733,1,0
241732,241732,241733,1,0
241732,241732,241733,1,0
241732,241732,241733,1,0
241729,241731,241733,2,2
241729,241731,241734,3,2
241729,241731,241734,3,2
241690,241690,241734,44,0
241680,241680,241735,55,0
241732,241733,241734,1,1
241732,241733,241735,2,1
241688,241688,241736,48,0
241689,241689,241738,49,0
241751,241751,241752,1,0
241751,241751,241752,1,0
241751,241751,241752,1,0
241751,241751,241752,1,0
241751,241751,241752,1,0
241751,241751,241753,2,0
241751,241751,241752,1,0
241751,241751,241752,1,0
241751,241751,241752,1,0
241751,241751,241752,1,0
241751,241751,241752,1,0
241751,241751,241752,1,0
241751,241751,241752,1,0
241751,241751,241752,1,0
241751,241751,241752,1,0
241751,241751,241753,2,0
241751,241751,241752,1,0
241751,241751,241752,1,0
241751,241751,241752,1,0
241751,241751,241752,1,0
241751,241751,241752,1,0
241751,241752,241753,1,1
241751,241752,241753,1,1
241751,241752,241753,1,1
241751,241752,241753,1,1
241751,241752,241753,1,1
241751,241751,241753,2,0
241751,241751,241753,2,0
241751,241751,241753,2,0
241751,241751,241753,2,0
241751,241751,241753,2,0
241751,241751,241753,2,0
241751,241752,241753,1,1
241751,241752,241753,1,1
241751,241752,241753,1,1
241751,241751,241753,2,0
241751,241751,241753,2,0
241751,241752,241753,1,1
241751,241752,241753,1,1
241751,241752,241753,1,1
241751,241752,241753,1,1
241751,241753,241754,1,2
241751,241751,241753,2,0
241751,241751,241753,2,0
241751,241752,241753,1,1
241751,241752,241753,1,1
241751,241752,241753,1,1
241751,241752,241753,1,1
241751,241751,241753,2,0
241751,241751,241753,2,0
241751,241752,241753,1,1
241751,241752,241753,1,1
241751,241752,241753,1,1
241751,241752,241753,1,1
241751,241751,241753,2,0
241751,241752,241753,1,1
241751,241752,241753,1,1
241751,241752,241753,1,1
241751,241753,241754,1,2
241751,241753,241754,1,2
241751,241751,241753,2,0
241751,241752,241753,1,1
241751,241752,241753,1,1
241751,241752,241753,1,1
241751,241752,241753,1,1
241751,241752,241753,1,1
241751,241752,241754,2,1
241751,241754,241755,1,3
241751,241754,241755,1,3
241751,241753,241754,1,2
241751,241753,241754,1,2
241751,241753,241754,1,2
241751,241753,241754,1,2
241751,241753,241754,1,2
241751,241753,241754,1,2
241751,241753,241754,1,2
241751,241753,241754,1,2
241751,241753,241754,1,2
241751,241754,241755,1,3
241751,241754,241755,1,3
241751,241754,241755,1,3
241751,241754,241755,1,3
241751,241754,241755,1,3
241751,241754,241755,1,3
241751,241754,241755,1,3
241751,241754,241755,1,3
241751,241754,241755,1,3
241751,241754,241755,1,3
241751,241754,241755,1,3
241751,241752,241757,5,1
241751,241752,241757,5,1
241751,241752,241757,5,1
241751,241752,241757,5,1
241686,241686,241766,80,0
241719,241719,241771,52,0
241729,241729,241775,46,0
241725,241725,241777,52,0
241733,241733,241781,48,0
241722,241722,241785,63,0
241714,241714,241786,72,0
241720,241720,241786,66,0
241787,241787,241788,1,0
241787,241787,241788,1,0
241786,241787,241788,1,1
241787,241787,241788,1,0
241786,241787,241788,1,1
241787,241787,241788,1,0
241787,241787,241788,1,0
241786,241787,241788,1,1
241787,241787,241788,1,0
241787,241787,241788,1,0
241786,241787,241788,1,1
241787,241787,241788,1,0
241786,241787,241788,1,1
241786,241787,241788,1,1
241787,241787,241788,1,0
241787,241787,241788,1,0
241786,241787,241788,1,1
241787,241787,241788,1,0
241787,241787,241788,1,0
241787,241787,241788,1,0
241786,241787,241788,1,1
241786,241787,241788,1,1
241786,241787,241788,1,1
241787,241787,241788,1,0
241787,241787,241788,1,0
241786,241787,241788,1,1
241787,241787,241788,1,0
241787,241787,241788,1,0
241787,241787,241788,1,0
241693,241693,241788,95,0
241786,241787,241788,1,1
241786,241787,241788,1,1
241787,241787,241788,1,0
241728,241728,241788,60,0
241786,241787,241789,2,1
241786,241787,241788,1,1
241787,241787,241788,1,0
241787,241787,241788,1,0
241787,241788,241789,1,1
241787,241788,241789,1,1
241786,241787,241788,1,1
241787,241787,241788,1,0
241787,241787,241788,1,0
241787,241788,241789,1,1
241787,241788,241789,1,1
241786,241787,241788,1,1
241787,241787,241788,1,0
241787,241787,241788,1,0
241787,241787,241788,1,0
241787,241788,241789,1,1
241786,241787,241788,1,1
241786,241787,241788,1,1
241787,241787,241788,1,0
241787,241787,241788,1,0
241787,241787,241788,1,0
241786,241787,241788,1,1
241787,241787,241788,1,0
241787,241787,241788,1,0
241787,241787,241788,1,0
241787,241788,241789,1,1
241787,241788,241789,1,1
241787,241788,241789,1,1
241786,241787,241788,1,1
241787,241787,241788,1,0
241787,241787,241788,1,0
241787,241788,241789,1,1
241786,241787,241788,1,1
241787,241787,241788,1,0
241787,241787,241788,1,0
241787,241788,241789,1,1
241787,241788,241789,1,1
241786,241787,241788,1,1
241786,241787,241788,1,1
241787,241787,241788,1,0
241787,241787,241788,1,0
241787,241787,241788,1,0
241787,241788,241789,1,1
241787,241788,241789,1,1
241787,241787,241788,1,0
241787,241787,241788,1,0
241787,241788,241789,1,1
241787,241788,241789,1,1
241787,241788,241789,1,1
241787,241788,241789,1,1
241787,241788,241789,1,1
241787,241789,241790,1,2
241787,241788,241789,1,1
241787,241788,241790,2,1
241787,241788,241789,1,1
241787,241789,241790,1,2
241787,241789,241790,1,2
241787,241789,241790,1,2
241787,241789,241790,1,2
241787,241788,241790,2,1
241787,241788,241790,2,1
241787,241788,241790,2,1
241787,241788,241790,2,1
241787,241788,241790,2,1
241787,241788,241790,2,1
241787,241788,241790,2,1
241787,241788,241790,2,1
241787,241788,241790,2,1
241787,241789,241790,1,2
241787,241789,241790,1,2
241787,241789,241790,1,2
241787,241790,241791,1,3
241787,241788,241790,2,1
241787,241788,241790,2,1
241787,241788,241790,2,1
241787,241788,241790,2,1
241787,241788,241790,2,1
241787,241788,241790,2,1
241787,241789,241791,2,2
241787,241789,241791,2,2
241787,241790,241791,1,3
241787,241790,241791,1,3
241787,241788,241790,2,1
241787,241788,241790,2,1
241787,241789,241791,2,2
241787,241789,241791,2,2
241787,241790,241791,1,3
241787,241789,241790,1,2
241787,241789,241790,1,2
241787,241789,241790,1,2
241787,241789,241790,1,2
241787,241789,241791,2,2
241787,241789,241791,2,2
241787,241789,241790,1,2
241787,241789,241791,2,2
241787,241789,241791,2,2
241787,241789,241791,2,2
241787,241789,241790,1,2
241787,241789,241791,2,2
241787,241790,241791,1,3
241787,241790,241791,1,3
241787,241790,241791,1,3
241787,241790,241791,1,3
241787,241790,241791,1,3
241787,241790,241791,1,3
241787,241790,241791,1,3
241787,241790,241791,1,3
241787,241790,241791,1,3
241787,241790,241791,1,3
241787,241790,241791,1,3
241787,241790,241791,1,3
241787,241790,241791,1,3
241787,241790,241791,1,3
241787,241790,241791,1,3
241787,241790,241791,1,3
241787,241790,241791,1,3
241787,241790,241791,1,3
241787,241790,241791,1,3
241787,241790,241791,1,3
241787,241790,241791,1,3
241787,241790,241791,1,3
241716,241717,241806,89,1
241752,241754,241812,58,2
241712,241713,241813,100,1
241851,241851,241852,1,0
241851,241851,241852,1,0
241851,241851,241852,1,0
241851,241851,241852,1,0
241851,241851,241853,2,0
241851,241851,241852,1,0
241851,241851,241852,1,0
241851,241851,241852,1,0
241851,241851,241852,1,0
241851,241851,241853,2,0
241851,241851,241852,1,0
241851,241851,241852,1,0
241851,241851,241853,2,0
241851,241851,241852,1,0
241851,241852,241853,1,1
241851,241852,241853,1,1
241851,241851,241852,1,0
241851,241851,241853,2,0
241851,241851,241852,1,0
241851,241852,241853,1,1
241851,241851,241853,2,0
241851,241851,241853,2,0
241851,241852,241853,1,1
241851,241852,241853,1,1
241851,241852,241853,1,1
241851,241852,241853,1,1
241851,241851,241853,2,0
241851,241851,241853,2,0
241851,241852,241853,1,1
241851,241852,241853,1,1
241851,241852,241853,1,1
241851,241853,241854,1,2
241851,241851,241853,2,0
241851,241851,241853,2,0
241851,241852,241853,1,1
241851,241852,241853,1,1
241851,241852,241853,1,1
241852,241853,241854,1,1
241851,241851,241853,2,0
241851,241851,241853,2,0
241851,241852,241853,1,1
241851,241852,241853,1,1
241851,241852,241853,1,1
241851,241851,241853,2,0
241851,241851,241853,2,0
241851,241852,241853,1,1
241851,241852,241853,1,1
241852,241853,241854,1,1
241851,241851,241853,2,0
241851,241851,241853,2,0
241851,241852,241853,1,1
241851,241852,241853,1,1
241852,241853,241854,1,1
241851,241851,241853,2,0
241851,241851,241853,2,0
241851,241852,241853,1,1
241851,241852,241853,1,1
241852,241853,241854,1,1
241851,241851,241853,2,0
241851,241852,241853,1,1
241851,241852,241853,1,1
241851,241852,241853,1,1
241852,241853,241854,1,1
241851,241851,241853,2,0
241851,241852,241853,1,1
241851,241852,241853,1,1
241852,241853,241854,1,1
241851,241851,241853,2,0
241851,241852,241853,1,1
241851,241852,241853,1,1
241852,241853,241854,1,1
241851,241853,241854,1,2
241851,241853,241854,1,2
241851,241853,241854,1,2
241852,241853,241854,1,1
241852,241854,241855,1,2
241852,241854,241855,1,2
241851,241853,241854,1,2
241851,241853,241854,1,2
241852,241853,241854,1,1
241852,241853,241854,1,1
241852,241854,241855,1,2
241851,241853,241854,1,2
241851,241853,241855,2,2
241851,241853,241854,1,2
241852,241854,241855,1,2
241851,241853,241854,1,2
241851,241853,241855,2,2
241851,241853,241854,1,2
241852,241854,241855,1,2
241851,241853,241854,1,2
241851,241853,241855,2,2
241851,241853,241854,1,2
241852,241854,241855,1,2
241851,241853,241854,1,2
241851,241853,241854,1,2
241852,241853,241854,1,1
241852,241854,241855,1,2
241852,241854,241855,1,2
241851,241853,241854,1,2
241852,241853,241854,1,1
241852,241853,241854,1,1
241852,241854,241855,1,2
241852,241854,241855,1,2
241852,241854,241855,1,2
241851,241853,241854,1,2
241851,241853,241854,1,2
241852,241854,241855,1,2
241851,241853,241854,1,2
241852,241853,241854,1,1
241852,241854,241855,1,2
241852,241854,241855,1,2
241852,241854,241855,1,2
241852,241854,241855,1,2
241852,241854,241856,2,2
241852,241854,241856,2,2
241852,241854,241856,2,2
241852,241854,241856,2,2
241852,241854,241856,2,2
241852,241854,241856,2,2
241852,241854,241856,2,2
241852,241854,241856,2,2
241852,241854,241856,2,2
241852,241854,241856,2,2
241852,241854,241856,2,2
241852,241854,241856,2,2
241852,241854,241856,2,2
241852,241854,241856,2,2
241852,241854,241856,2,2
241852,241854,241856,2,2
241852,241854,241856,2,2
241852,241854,241856,2,2
241852,241854,241856,2,2
241852,241854,241856,2,2
241852,241854,241856,2,2
241852,241854,241856,2,2
241852,241854,241856,2,2
241852,241854,241856,2,2
241852,241854,241856,2,2
241852,241854,241856,2,2
241852,241854,241856,2,2
241852,241854,241856,2,2
241852,241854,241856,2,2
241852,241854,241856,2,2
241852,241854,241856,2,2
241851,241853,241861,8,2
241852,241854,241867,13,2
241852,241854,241867,13,2
241852,241854,241867,13,2
241852,241854,241868,14,2
241852,241854,241867,13,2
241852,241856,241904,48,4
241915,241916,241917,1,1
241916,241916,241917,1,0
241915,241916,241917,1,1
241916,241916,241917,1,0
241916,241916,241917,1,0
241915,241916,241917,1,1
241916,241916,241917,1,0
241915,241916,241917,1,1
241916,241916,241917,1,0
241915,241916,241917,1,1
241916,241916,241917,1,0
241916,241916,241917,1,0
241916,241916,241917,1,0
241916,241916,241917,1,0
241916,241916,241917,1,0
241915,241916,241917,1,1
241915,241916,241917,1,1
241916,241916,241917,1,0
241916,241916,241917,1,0
241916,241916,241917,1,0
241916,241916,241917,1,0
241916,241916,241917,1,0
241915,241916,241917,1,1
241915,241916,241917,1,1
241916,241916,241918,2,0
241916,241916,241918,2,0
241916,241916,241917,1,0
241916,241916,241917,1,0
241915,241916,241917,1,1
241915,241916,241917,1,1
241916,241916,241918,2,0
241916,241916,241917,1,0
241916,241916,241917,1,0
241916,241916,241917,1,0
241915,241916,241917,1,1
241915,241916,241917,1,1
241916,241916,241918,2,0
241916,241916,241917,1,0
241916,241916,241917,1,0
241916,241917,241918,1,1
241915,241916,241917,1,1
241915,241916,241917,1,1
241916,241916,241917,1,0
241916,241916,241917,1,0
241916,241916,241917,1,0
241916,241916,241918,2,0
241915,241916,241917,1,1
241915,241916,241917,1,1
241916,241916,241917,1,0
241916,241916,241918,2,0
241916,241916,241917,1,0
241915,241916,241917,1,1
241915,241916,241917,1,1
241916,241916,241918,2,0
241916,241916,241917,1,0
241916,241916,241917,1,0
241916,241916,241917,1,0
241916,241917,241918,1,1
241916,241917,241918,1,1
241915,241916,241917,1,1
241915,241916,241917,1,1
241916,241916,241917,1,0
241916,241916,241917,1,0
241915,241916,241917,1,1
241915,241916,241917,1,1
241916,241916,241917,1,0
241916,241916,241918,2,0
241916,241916,241917,1,0
241915,241916,241917,1,1
241915,241916,241917,1,1
241916,241916,241918,2,0
241916,241916,241917,1,0
241916,241917,241918,1,1
241916,241917,241919,2,1
241916,241917,241918,1,1
241916,241917,241918,1,1
241916,241917,241919,2,1
241916,241917,241918,1,1
241916,241917,241919,2,1
241916,241917,241919,2,1
241916,241917,241918,1,1
241916,241917,241919,2,1
241916,241917,241919,2,1
241916,241917,241918,1,1
241916,241917,241918,1,1
241916,241917,241919,2,1
241916,241917,241919,2,1
241916,241917,241918,1,1
241916,241917,241919,2,1
241916,241917,241919,2,1
241916,241917,241919,2,1
241979,241979,241980,1,0
241979,241979,241980,1,0
241979,241979,241980,1,0
241979,241979,241980,1,0
241979,241979,241980,1,0
241979,241979,241980,1,0
241979,241979,241980,1,0
241979,241979,241980,1,0
241979,241979,241980,1,0
241979,241979,241980,1,0
241979,241979,241980,1,0
241979,241979,241980,1,0
241979,241979,241980,1,0
241979,241979,241980,1,0
241979,241979,241980,1,0
241979,241979,241980,1,0
241979,241979,241980,1,0
241979,241979,241980,1,0
241979,241979,241980,1,0
241979,241979,241980,1,0
241979,241979,241980,1,0
241979,241979,241980,1,0
241979,241979,241980,1,0
241979,241979,241980,1,0
241979,241979,241980,1,0
241979,241979,241980,1,0
241979,241979,241980,1,0
242011,242011,242012,1,0
242011,242011,242012,1,0
242011,242011,242012,1,0
242011,242011,242012,1,0
242011,242011,242012,1,0
242011,242011,242012,1,0
242011,242011,242012,1,0
242011,242011,242012,1,0
242011,242011,242012,1,0
242011,242011,242013,2,0
242011,242011,242012,1,0
242011,242011,242013,2,0
242011,242011,242013,2,0
242011,242011,242013,2,0
242011,242011,242013,2,0
242011,242011,242013,2,0
242011,242011,242013,2,0
242011,242011,242013,2,0
242011,242011,242013,2,0
242011,242011,242013,2,0
242011,242011,242013,2,0
242011,242011,242013,2,0
242011,242011,242012,1,0
242011,242011,242013,2,0
242011,242011,242013,2,0
242011,242011,242013,2,0
242011,242011,242013,2,0
242011,242011,242013,2,0
242011,242011,242013,2,0
242011,242011,242013,2,0
242011,242012,242013,1,1
242011,242012,242013,1,1
242011,242011,242013,2,0
242011,242011,242013,2,0
241979,241979,242028,49,0
242045,242045,242046,1,0
242045,242045,242046,1,0
242045,242045,242046,1,0
242045,242045,242046,1,0
242045,242045,242046,1,0
242045,242045,242046,1,0
242045,242045,242046,1,0
242045,242045,242046,1,0
242045,242045,242046,1,0
242045,242045,242047,2,0
242045,242045,242046,1,0
242045,242045,242047,2,0
242045,242045,242047,2,0
242045,242045,242047,2,0
242045,242045,242046,1,0
242045,242045,242047,2,0
242045,242045,242046,1,0
242045,242045,242047,2,0
242045,242045,242046,1,0
242045,242045,242046,1,0
242045,242045,242047,2,0
242045,242045,242046,1,0
242045,242045,242047,2,0
242045,242045,242046,1,0
242045,242045,242047,2,0
242045,242045,242046,1,0
242045,242045,242046,1,0
242045,242045,242046,1,0
242045,242045,242046,1,0
242045,242045,242046,1,0
242012,242012,242058,46,0
242061,242061,242062,1,0
242061,242061,242062,1,0
242061,242061,242062,1,0
242061,242061,242062,1,0
242061,242061,242062,1,0
242061,242061,242062,1,0
242061,242061,242062,1,0
242061,242061,242062,1,0
242061,242061,242062,1,0
242061,242061,242062,1,0
242061,242061,242063,2,0
242061,242061,242063,2,0
242061,242061,242063,2,0
242061,242061,242063,2,0
242061,242061,242063,2,0
242061,242061,242063,2,0
242061,242061,242063,2,0
242061,242061,242063,2,0
242061,242061,242063,2,0
242061,242061,242062,1,0
242061,242061,242063,2,0
242061,242061,242063,2,0
242061,242061,242063,2,0
242061,242061,242063,2,0
242061,242061,242063,2,0
242061,242061,242063,2,0
242061,242061,242063,2,0
242061,242061,242063,2,0
242061,242061,242063,2,0
242061,242061,242063,2,0
242061,242061,242063,2,0
242061,242061,242063,2,0
242061,242061,242063,2,0
242061,242061,242064,3,0
242062,242062,242107,45,0
242108,242108,242109,1,0
242108,242108,242109,1,0
242108,242108,242109,1,0
242108,242108,242109,1,0
242108,242108,242109,1,0
242108,242108,242109,1,0
242108,242108,242109,1,0
242108,242108,242109,1,0
242108,242108,242109,1,0
242108,242108,242109,1,0
242108,242108,242109,1,0
242108,242108,242110,2,0
242108,242108,242110,2,0
242108,242108,242110,2,0
242108,242108,242110,2,0
242108,242108,242110,2,0
242108,242108,242110,2,0
242108,242108,242110,2,0
242108,242108,242110,2,0
242108,242108,242110,2,0
242108,242108,242110,2,0
242108,242108,242110,2,0
242108,242108,242110,2,0
242108,242108,242110,2,0
242108,242108,242109,1,0
242108,242108,242110,2,0
242108,242108,242110,2,0
242108,242108,242110,2,0
242108,242108,242110,2,0
242108,242108,242110,2,0
242108,242108,242110,2,0
242108,242108,242110,2,0
242108,242108,242110,2,0
242108,242108,242111,3,0
242097,242097,242147,50,0
242148,242148,242149,1,0
242148,242148,242149,1,0
242148,242148,242149,1,0
242148,242148,242149,1,0
242148,242148,242149,1,0
242148,242148,242149,1,0
242148,242148,242149,1,0
242099,242099,242148,49,0
242148,242148,242149,1,0
242148,242148,242149,1,0
242148,242148,242149,1,0
242148,242148,242150,2,0
242148,242148,242150,2,0
242148,242148,242150,2,0
242148,242148,242150,2,0
242148,242148,242149,1,0
242148,242148,242150,2,0
242148,242148,242149,1,0
242105,242105,242150,45,0
242148,242148,242150,2,0
242148,242148,242150,2,0
242148,242148,242149,1,0
242148,242148,242150,2,0
242148,242148,242150,2,0
242148,242148,242150,2,0
242148,242148,242149,1,0
242148,242148,242150,2,0
242148,242148,242150,2,0
242148,242148,242150,2,0
242148,242148,242150,2,0
242148,242148,242150,2,0
242148,242148,242149,1,0
242150,242150,242151,1,0
242150,242150,242151,1,0
242150,242150,242151,1,0
242148,242148,242150,2,0
242150,242150,242151,1,0
242150,242150,242151,1,0
242148,242148,242150,2,0
242150,242150,242151,1,0
242150,242150,242151,1,0
242148,242148,242150,2,0
242150,242150,242151,1,0
242150,242150,242151,1,0
242150,242150,242151,1,0
242150,242150,242151,1,0
242150,242150,242151,1,0
242150,242150,242151,1,0
242150,242150,242151,1,0
242150,242150,242151,1,0
242150,242150,242151,1,0
242150,242150,242151,1,0
242150,242150,242151,1,0
242150,242150,242151,1,0
242150,242150,242151,1,0
242150,242151,242152,1,1
242150,242151,242152,1,1
242150,242151,242152,1,1
242150,242151,242152,1,1
242150,242151,242152,1,1
242150,242151,242152,1,1
242150,242150,242152,2,0
242150,242150,242152,2,0
242150,242150,242151,1,0
242150,242150,242152,2,0
242150,242150,242152,2,0
242150,242150,242152,2,0
242150,242150,242152,2,0
242150,242150,242151,1,0
242150,242150,242151,1,0
242150,242150,242152,2,0
242150,242150,242151,1,0
242150,242150,242152,2,0
242150,242150,242152,2,0
242150,242150,242152,2,0
242150,242150,242151,1,0
242150,242150,242151,1,0
242150,242150,242151,1,0
242150,242150,242152,2,0
242150,242150,242151,1,0
242150,242150,242152,2,0
242150,242150,242151,1,0
242150,242150,242151,1,0
242150,242150,242152,2,0
242150,242150,242151,1,0
242150,242150,242152,2,0
242150,242150,242151,1,0
242150,242151,242152,1,1
242150,242150,242152,2,0
242150,242150,242151,1,0
242150,242150,242151,1,0
242150,242150,242151,1,0
242150,242151,242152,1,1
242150,242150,242151,1,0
242150,242150,242152,2,0
242150,242150,242152,2,0
242150,242150,242152,2,0
242150,242150,242151,1,0
242150,242151,242152,1,1
242148,242151,242152,1,3
242150,242152,242153,1,2
242150,242152,242153,1,2
242150,242152,242153,1,2
242103,242103,242158,55,0
242101,242101,242160,59,0
242106,242107,242161,54,1
242111,242111,242164,53,0
242109,242109,242170,61,0
242171,242171,242172,1,0
242171,242171,242172,1,0
242171,242172,242173,1,1
242171,242171,242172,1,0
242171,242171,242173,2,0
242171,242171,242172,1,0
242171,242171,242172,1,0
242171,242171,242172,1,0
242171,242171,242172,1,0
242171,242171,242173,2,0
242171,242171,242172,1,0
242171,242171,242172,1,0
242171,242171,242172,1,0
242171,242171,242173,2,0
242171,242171,242173,2,0
242171,242171,242173,2,0
242171,242171,242173,2,0
242171,242172,242173,1,1
242171,242172,242174,2,1
242171,242172,242173,1,1
242171,242172,242173,1,1
242171,242171,242173,2,0
242171,242171,242173,2,0
242171,242172,242173,1,1
242171,242171,242173,2,0
242171,242171,242173,2,0
242171,242172,242173,1,1
242171,242172,242173,1,1
242171,242172,242173,1,1
242171,242171,242173,2,0
242171,242171,242173,2,0
242171,242171,242173,2,0
242171,242172,242173,1,1
242171,242172,242173,1,1
242171,242172,242173,1,1
242171,242173,242174,1,2
242171,242171,242173,2,0
242171,242171,242174,3,0
242171,242172,242173,1,1
242171,242172,242173,1,1
242171,242172,242173,1,1
242171,242172,242173,1,1
242171,242171,242173,2,0
242171,242171,242173,2,0
242171,242172,242173,1,1
242171,242172,242173,1,1
242171,242172,242173,1,1
242171,242173,242174,1,2
242171,242171,242173,2,0
242171,242171,242173,2,0
242171,242172,242173,1,1
242171,242172,242173,1,1
242171,242172,242173,1,1
242171,242173,242174,1,2
242171,242171,242173,2,0
242171,242171,242173,2,0
242171,242172,242173,1,1
242171,242172,242173,1,1
242171,242172,242173,1,1
242171,242173,242174,1,2
242171,242171,242173,2,0
242171,242172,242173,1,1
242171,242172,242173,1,1
242171,242172,242173,1,1
242171,242174,242175,1,3
242171,242174,242175,1,3
242171,242174,242175,1,3
242171,242174,242175,1,3
242171,242173,242175,2,2
242171,242173,242174,1,2
242171,242173,242174,1,2
242171,242173,242174,1,2
242171,242173,242175,2,2
242171,242173,242174,1,2
242171,242173,242174,1,2
242171,242173,242174,1,2
242171,242173,242174,1,2
242171,242173,242174,1,2
242171,242173,242174,1,2
242171,242173,242175,2,2
242171,242173,242174,1,2
242171,242173,242175,2,2
242171,242173,242174,1,2
242171,242174,242175,1,3
242171,242174,242175,1,3
242171,242174,242175,1,3
242171,242174,242175,1,3
242171,242174,242175,1,3
242131,242131,242185,54,0
242144,242144,242191,47,0
242133,242134,242195,61,1
242139,242139,242201,62,0
242153,242153,242200,47,0
242136,242136,242208,72,0
242147,242147,242208,61,0
242146,242146,242216,70,0
242141,242142,242218,76,1
242149,242149,242219,70,0
242222,242222,242223,1,0
242222,242222,242223,1,0
242222,242222,242223,1,0
242222,242222,242223,1,0
242222,242222,242223,1,0
242222,242222,242223,1,0
242222,242222,242223,1,0
242222,242222,242223,1,0
242222,242222,242223,1,0
242222,242222,242223,1,0
242222,242222,242223,1,0
242222,242222,242224,2,0
242222,242222,242224,2,0
242222,242222,242223,1,0
242222,242222,242224,2,0
242222,242222,242223,1,0
242222,242222,242223,1,0
242222,242222,242223,1,0
242222,242222,242223,1,0
242222,242222,242223,1,0
242222,242222,242223,1,0
242222,242222,242223,1,0
242222,242222,242223,1,0
242222,242222,242223,1,0
242222,242222,242223,1,0
242222,242222,242223,1,0
242222,242222,242224,2,0
242222,242222,242224,2,0
242222,242222,242224,2,0
242222,242222,242224,2,0
242222,242222,242224,2,0
242222,242222,242224,2,0
242222,242223,242224,1,1
242222,242222,242224,2,0
242222,242222,242224,2,0
242222,242223,242224,1,1
242222,242223,242224,1,1
242222,242222,242224,2,0
242222,242222,242224,2,0
242222,242222,242224,2,0
242222,242222,242224,2,0
242222,242223,242224,1,1
242222,242224,242225,1,2
242222,242222,242224,2,0
242222,242222,242224,2,0
242222,242222,242224,2,0
242222,242223,242224,1,1
242222,242224,242225,1,2
242222,242222,242224,2,0
242222,242222,242224,2,0
242222,242223,242224,1,1
242222,242223,242224,1,1
242222,242224,242225,1,2
242222,242224,242225,1,2
242222,242222,242224,2,0
242222,242222,242224,2,0
242222,242223,242224,1,1
242222,242223,242224,1,1
242222,242224,242225,1,2
242222,242224,242225,1,2
242222,242222,242224,2,0
242222,242222,242224,2,0
242222,242222,242224,2,0
242222,242223,242224,1,1
242222,242224,242225,1,2
242172,242174,242225,51,2
242222,242222,242224,2,0
242222,242222,242224,2,0
242222,242223,242224,1,1
242222,242224,242225,1,2
242222,242222,242224,2,0
242222,242222,242224,2,0
242222,242222,242224,2,0
242222,242222,242224,2,0
242222,242224,242225,1,2
242222,242222,242224,2,0
242222,242222,242224,2,0
242222,242224,242225,1,2
242222,242222,242224,2,0
242222,242223,242224,1,1
242222,242224,242225,1,2
242222,242224,242225,1,2
242222,242224,242225,1,2
242222,242224,242225,1,2
242222,242224,242226,2,2
242222,242224,242225,1,2
242223,242225,242226,1,2
242222,242224,242225,1,2
242222,242224,242225,1,2
242222,242224,242225,1,2
242222,242224,242225,1,2
242222,242225,242226,1,3
242223,242225,242226,1,2
242222,242224,242225,1,2
242222,242224,242225,1,2
242222,242224,242226,2,2
242222,242224,242225,1,2
242222,242224,242225,1,2
242223,242225,242226,1,2
242223,242225,242226,1,2
242222,242224,242226,2,2
242222,242224,242225,1,2
242222,242224,242225,1,2
242223,242225,242226,1,2
242222,242224,242226,2,2
242222,242224,242225,1,2
242223,242225,242226,1,2
242222,242224,242225,1,2
242222,242224,242225,1,2
242222,242224,242226,2,2
242223,242225,242226,1,2
242222,242224,242225,1,2
242222,242224,242226,2,2
242223,242225,242226,1,2
242222,242224,242225,1,2
242222,242224,242226,2,2
242222,242224,242225,1,2
242222,242224,242226,2,2
242222,242224,242225,1,2
242222,242224,242225,1,2
242223,242225,242226,1,2
242222,242224,242225,1,2
242222,242224,242225,1,2
242223,242225,242226,1,2
242223,242225,242226,1,2
242222,242225,242227,2,3
242223,242225,242227,2,2
242223,242225,242227,2,2
242223,242225,242227,2,2
242223,242226,242227,1,3
242222,242225,242227,2,3
242223,242225,242227,2,2
242223,242225,242227,2,2
242223,242225,242227,2,2
242223,242225,242227,2,2
242222,242225,242227,2,3
242223,242225,242227,2,2
242223,242225,242227,2,2
242223,242225,242227,2,2
242222,242225,242227,2,3
242223,242225,242227,2,2
242223,242225,242227,2,2
242223,242225,242227,2,2
242222,242225,242227,2,3
242222,242225,242227,2,3
242222,242225,242227,2,3
242223,242225,242227,2,2
242223,242225,242227,2,2
242222,242225,242227,2,3
242222,242225,242227,2,3
242223,242225,242227,2,2
242223,242225,242227,2,2
242222,242225,242227,2,3
242222,242225,242227,2,3
242223,242225,242227,2,2
242223,242225,242227,2,2
242222,242225,242227,2,3
242223,242226,242227,1,3
242222,242225,242227,2,3
242223,242225,242227,2,2
242223,242225,242227,2,2
242223,242227,242228,1,4
242223,242227,242228,1,4
242223,242227,242228,1,4
242223,242227,242228,1,4
242223,242227,242228,1,4
242223,242227,242228,1,4
242223,242227,242228,1,4
242223,242227,242228,1,4
242223,242227,242228,1,4
242223,242227,242228,1,4
242223,242227,242228,1,4
242223,242227,242228,1,4
242223,242227,242228,1,4
242223,242225,242228,3,2
242223,242227,242228,1,4
242223,242227,242228,1,4
242223,242227,242228,1,4
242223,242227,242228,1,4
242223,242227,242228,1,4
242223,242227,242228,1,4
242223,242227,242228,1,4
242223,242227,242228,1,4
242223,242227,242228,1,4
242223,242227,242241,14,4
242223,242227,242241,14,4
242223,242227,242271,44,4
242289,242289,242290,1,0
242289,242289,242290,1,0
242288,242289,242290,1,1
242289,242289,242290,1,0
242288,242289,242290,1,1
242289,242289,242290,1,0
242289,242289,242290,1,0
242289,242289,242290,1,0
242289,242289,242290,1,0
242289,242289,242290,1,0
242289,242289,242290,1,0
242289,242289,242290,1,0
242288,242289,242290,1,1
242288,242289,242290,1,1
242289,242289,242290,1,0
242289,242289,242290,1,0
242289,242289,242290,1,0
242288,242289,242290,1,1
242289,242289,242290,1,0
242289,242289,242290,1,0
242288,242289,242290,1,1
242288,242289,242290,1,1
242288,242289,242290,1,1
242289,242289,242290,1,0
242289,242289,242290,1,0
242288,242289,242290,1,1
242288,242289,242290,1,1
242289,242289,242290,1,0
242289,242289,242290,1,0
242289,242289,242290,1,0
242288,242289,242290,1,1
242289,242289,242290,1,0
242289,242289,242291,2,0
242289,242289,242290,1,0
242288,242289,242290,1,1
242288,242289,242290,1,1
242289,242289,242290,1,0
242289,242289,242290,1,0
242288,242289,242290,1,1
242288,242289,242290,1,1
242289,242289,242290,1,0
242289,242289,242291,2,0
242288,242289,242290,1,1
242289,242289,242290,1,0
242289,242289,242290,1,0
242289,242289,242290,1,0
242289,242289,242290,1,0
242289,242290,242291,1,1
242288,242289,242290,1,1
242288,242289,242290,1,1
242289,242289,242290,1,0
242289,242289,242291,2,0
242289,242289,242290,1,0
242289,242290,242291,1,1
242289,242290,242291,1,1
242288,242289,242290,1,1
242289,242289,242290,1,0
242289,242289,242290,1,0
242289,242289,242290,1,0
242289,242290,242291,1,1
242288,242289,242290,1,1
242288,242289,242290,1,1
242289,242289,242290,1,0
242289,242289,242291,2,0
242289,242290,242291,1,1
242289,242290,242291,1,1
242288,242289,242290,1,1
242289,242289,242291,2,0
242289,242289,242290,1,0
242289,242290,242291,1,1
242289,242289,242291,2,0
242289,242289,242290,1,0
242289,242289,242290,1,0
242289,242290,242291,1,1
242289,242289,242291,2,0
242289,242289,242291,2,0
242289,242290,242291,1,1
242289,242290,242292,2,1
242289,242290,242292,2,1
242289,242290,242292,2,1
242289,242290,242291,1,1
242289,242290,242292,2,1
242289,242290,242292,2,1
242289,242290,242292,2,1
242289,242290,242291,1,1
242289,242290,242292,2,1
242289,242290,242292,2,1
242289,242290,242292,2,1
242289,242290,242292,2,1
242289,242290,242292,2,1
242289,242290,242292,2,1
242289,242290,242292,2,1
242289,242290,242292,2,1
242289,242290,242292,2,1
242289,242290,242292,2,1
242289,242290,242292,2,1
242289,242290,242292,2,1
242289,242290,242292,2,1
242289,242290,242292,2,1
242289,242291,242292,1,2
242289,242290,242292,2,1
242289,242290,242292,2,1
242289,242290,242292,2,1
242289,242290,242292,2,1
242289,242290,242292,2,1
242289,242290,242292,2,1
242289,242290,242292,2,1
242289,242290,242292,2,1
242289,242290,242291,1,1
242289,242290,242292,2,1
242289,242290,242293,3,1
242289,242291,242293,2,2
242289,242291,242293,2,2
242289,242291,242293,2,2
242289,242291,242293,2,2
242289,242291,242293,2,2
242289,242291,242292,1,2
242289,242291,242293,2,2
242289,242291,242293,2,2
242289,242291,242293,2,2
242289,242291,242293,2,2
242289,242291,242293,2,2
242289,242291,242293,2,2
242353,242353,242354,1,0
242353,242353,242354,1,0
242353,242353,242354,1,0
242353,242353,242354,1,0
242353,242353,242354,1,0
242353,242353,242354,1,0
242353,242353,242354,1,0
242353,242353,242354,1,0
242353,242353,242354,1,0
242353,242353,242354,1,0
242353,242353,242354,1,0
242353,242353,242354,1,0
242353,242353,242354,1,0
242353,242353,242354,1,0
242353,242353,242354,1,0
242353,242353,242354,1,0
242353,242353,242354,1,0
242353,242353,242354,1,0
242353,242353,242354,1,0
242353,242353,242354,1,0
242353,242353,242354,1,0
242353,242353,242355,2,0
242353,242353,242354,1,0
242353,242353,242354,1,0
242353,242353,242354,1,0
242353,242353,242354,1,0
242353,242353,242354,1,0
242353,242353,242354,1,0
242353,242353,242354,1,0
242353,242353,242354,1,0
242353,242353,242354,1,0
242353,242353,242354,1,0
242353,242353,242355,2,0
242353,242353,242354,1,0
242353,242353,242354,1,0
242353,242353,242354,1,0
242353,242353,242355,2,0
242353,242353,242355,2,0
242353,242353,242354,1,0
242353,242353,242354,1,0
242353,242353,242355,2,0
242353,242353,242355,2,0
242353,242353,242354,1,0
242353,242353,242354,1,0
242353,242353,242354,1,0
242353,242353,242355,2,0
242353,242353,242354,1,0
242353,242353,242354,1,0
242353,242353,242354,1,0
242353,242353,242355,2,0
242353,242353,242354,1,0
242353,242353,242354,1,0
242353,242353,242354,1,0
242353,242353,242354,1,0
242353,242353,242355,2,0
242353,242353,242355,2,0
242353,242353,242354,1,0
242353,242353,242355,2,0
242353,242353,242354,1,0
242353,242353,242354,1,0
242353,242353,242355,2,0
242401,242401,242402,1,0
242401,242401,242402,1,0
242401,242401,242402,1,0
242401,242401,242402,1,0
242401,242401,242402,1,0
242401,242401,242402,1,0
242401,242401,242402,1,0
242401,242401,242402,1,0
242401,242401,242402,1,0
242401,242401,242402,1,0
242401,242401,242403,2,0
242401,242401,242403,2,0
242401,242401,242403,2,0
242401,242401,242403,2,0
242401,242401,242403,2,0
242401,242401,242403,2,0
242401,242401,242402,1,0
242401,242401,242403,2,0
242401,242401,242403,2,0
242401,242401,242402,1,0
242401,242401,242403,2,0
242401,242401,242403,2,0
242401,242401,242403,2,0
242401,242401,242403,2,0
242401,242401,242403,2,0
242401,242401,242403,2,0
242401,242401,242402,1,0
242401,242401,242403,2,0
242401,242401,242403,2,0
242401,242401,242403,2,0
242401,242401,242403,2,0
242401,242401,242403,2,0
242401,242401,242403,2,0
242353,242353,242403,50,0
242401,242401,242404,3,0
242434,242434,242435,1,0
242434,242434,242435,1,0
242434,242434,242435,1,0
242434,242434,242435,1,0
242434,242434,242435,1,0
242434,242434,242435,1,0
242434,242434,242435,1,0
242434,242434,242435,1,0
242434,242434,242435,1,0
242434,242434,242436,2,0
242434,242434,242436,2,0
242434,242434,242436,2,0
242434,242434,242436,2,0
242434,242434,242436,2,0
242434,242434,242436,2,0
242434,242434,242436,2,0
242434,242434,242436,2,0
242434,242434,242436,2,0
242434,242434,242436,2,0
242434,242434,242436,2,0
242434,242434,242436,2,0
242434,242434,242436,2,0
242434,242434,242436,2,0
242434,242434,242436,2,0
242434,242434,242436,2,0
242434,242434,242436,2,0
242434,242434,242436,2,0
242434,242434,242436,2,0
242434,242434,242436,2,0
242434,242434,242436,2,0
242434,242434,242436,2,0
242434,242434,242436,2,0
242434,242434,242436,2,0
242434,242434,242436,2,0
242401,242402,242453,51,1
242467,242467,242468,1,0
242467,242467,242468,1,0
242467,242467,242468,1,0
242467,242467,242468,1,0
242467,242467,242468,1,0
242467,242467,242468,1,0
242467,242467,242468,1,0
242467,242468,242469,1,1
242467,242467,242469,2,0
242467,242468,242469,1,1
242467,242468,242469,1,1
242467,242468,242469,1,1
242467,242468,242469,1,1
242467,242468,242469,1,1
242467,242468,242469,1,1
242467,242468,242469,1,1
242467,242468,242469,1,1
242467,242468,242469,1,1
242467,242468,242469,1,1
242467,242468,242469,1,1
242467,242468,242469,1,1
242467,242468,242469,1,1
242467,242468,242469,1,1
242467,242468,242469,1,1
242467,242468,242469,1,1
242467,242468,242469,1,1
242467,242468,242469,1,1
242467,242468,242469,1,1
242467,242468,242469,1,1
242484,242484,242485,1,0
242484,242484,242485,1,0
242484,242484,242485,1,0
242484,242484,242485,1,0
242484,242484,242485,1,0
242484,242484,242485,1,0
242484,242484,242485,1,0
242484,242484,242485,1,0
242484,242484,242485,1,0
242484,242484,242485,1,0
242484,242484,242486,2,0
242484,242484,242486,2,0
242484,242484,242486,2,0
242484,242484,242485,1,0
242484,242484,242485,1,0
242484,242484,242486,2,0
242484,242484,242486,2,0
242484,242484,242486,2,0
242484,242484,242486,2,0
242484,242484,242486,2,0
242484,242484,242486,2,0
242484,242484,242486,2,0
242484,242484,242486,2,0
242484,242484,242486,2,0
242484,242484,242486,2,0
242484,242484,242486,2,0
242484,242484,242486,2,0
242484,242484,242486,2,0
242484,242484,242486,2,0
242484,242484,242486,2,0
242484,242484,242486,2,0
242484,242484,242485,1,0
242484,242484,242486,2,0
242484,242484,242486,2,0
242468,242468,242527,59,0
242528,242529,242530,1,1
242528,242529,242530,1,1
242528,242529,242530,1,1
242528,242529,242530,1,1
242528,242529,242530,1,1
242528,242529,242530,1,1
242528,242529,242530,1,1
242528,242529,242530,1,1
242528,242529,242530,1,1
242528,242529,242530,1,1
242528,242529,242530,1,1
242528,242529,242530,1,1
242528,242529,242530,1,1
242528,242529,242530,1,1
242528,242529,242530,1,1
242528,242529,242530,1,1
242528,242529,242530,1,1
242528,242529,242530,1,1
242528,242529,242530,1,1
242528,242529,242530,1,1
242528,242529,242530,1,1
242528,242529,242530,1,1
242528,242529,242530,1,1
242528,242529,242530,1,1
242528,242529,242530,1,1
242485,242485,242535,50,0
242549,242549,242550,1,0
242549,242549,242550,1,0
242549,242549,242550,1,0
242549,242549,242550,1,0
242549,242549,242550,1,0
242549,242550,242551,1,1
242549,242550,242551,1,1
242549,242549,242551,2,0
242549,242549,242551,2,0
242549,242549,242551,2,0
242549,242550,242551,1,1
242549,242549,242551,2,0
242549,242550,242551,1,1
242549,242550,242551,1,1
242549,242549,242551,2,0
242549,242550,242551,1,1
242549,242550,242551,1,1
242549,242550,242551,1,1
242549,242550,242551,1,1
242549,242550,242551,1,1
242549,242550,242551,1,1
242549,242550,242551,1,1
242549,242550,242551,1,1
242549,242550,242551,1,1
242549,242550,242551,1,1
242549,242550,242551,1,1
242549,242550,242551,1,1
242549,242550,242551,1,1
242524,242525,242568,43,1
242569,242570,242571,1,1
242569,242570,242571,1,1
242569,242570,242571,1,1
242569,242570,242571,1,1
242520,242521,242571,50,1
242569,242570,242571,1,1
242569,242570,242571,1,1
242569,242570,242571,1,1
242569,242570,242571,1,1
242569,242570,242571,1,1
242569,242570,242571,1,1
242569,242570,242571,1,1
242569,242570,242571,1,1
242569,242570,242571,1,1
242569,242570,242571,1,1
242569,242570,242571,1,1
242569,242570,242571,1,1
242569,242570,242571,1,1
242569,242570,242571,1,1
242569,242570,242571,1,1
242569,242570,242571,1,1
242569,242570,242571,1,1
242569,242570,242571,1,1
242569,242570,242571,1,1
242569,242570,242571,1,1
242569,242570,242571,1,1
242572,242572,242573,1,0
242572,242572,242573,1,0
242572,242572,242573,1,0
242572,242572,242573,1,0
242572,242572,242573,1,0
242572,242572,242573,1,0
242572,242572,242573,1,0
242572,242572,242573,1,0
242572,242572,242573,1,0
242572,242572,242573,1,0
242572,242572,242573,1,0
242572,242572,242574,2,0
242572,242572,242573,1,0
242572,242572,242573,1,0
242572,242572,242573,1,0
242572,242572,242573,1,0
242572,242572,242574,2,0
242572,242572,242573,1,0
242572,242572,242573,1,0
242572,242572,242574,2,0
242572,242572,242573,1,0
242572,242572,242573,1,0
242572,242572,242574,2,0
242572,242572,242573,1,0
242572,242572,242573,1,0
242572,242572,242574,2,0
242572,242572,242573,1,0
242572,242572,242574,2,0
242572,242572,242573,1,0
242572,242572,242574,2,0
242572,242572,242574,2,0
242572,242572,242573,1,0
242572,242572,242573,1,0
242572,242572,242574,2,0
242532,242532,242576,44,0
242522,242523,242580,57,1
242529,242529,242580,51,0
242527,242527,242584,57,0
242590,242590,242591,1,0
242590,242591,242592,1,1
242591,242591,242592,1,0
242590,242590,242591,1,0
242590,242590,242592,2,0
242590,242591,242592,1,1
242591,242591,242592,1,0
242590,242590,242591,1,0
242591,242591,242592,1,0
242590,242591,242592,1,1
242590,242591,242592,1,1
242591,242591,242592,1,0
242591,242591,242592,1,0
242590,242591,242592,1,1
242591,242591,242592,1,0
242590,242591,242592,1,1
242590,242591,242592,1,1
242591,242591,242592,1,0
242590,242591,242592,1,1
242590,242591,242592,1,1
242591,242591,242592,1,0
242591,242591,242592,1,0
242590,242591,242592,1,1
242590,242591,242592,1,1
242591,242591,242592,1,0
242591,242591,242592,1,0
242590,242591,242592,1,1
242591,242591,242592,1,0
242590,242591,242592,1,1
242590,242591,242592,1,1
242591,242591,242592,1,0
242591,242591,242592,1,0
242591,242591,242592,1,0
242591,242591,242592,1,0
242590,242591,242592,1,1
242591,242591,242592,1,0
242591,242591,242592,1,0
242591,242592,242593,1,1
242591,242591,242593,2,0
242591,242591,242592,1,0
242590,242591,242592,1,1
242590,242591,242592,1,1
242591,242591,242592,1,0
242591,242591,242593,2,0
242591,242591,242592,1,0
242591,242591,242593,2,0
242591,242591,242592,1,0
242591,242592,242593,1,1
242591,242591,242592,1,0
242591,242591,242592,1,0
242591,242591,242592,1,0
242590,242591,242592,1,1
242591,242591,242592,1,0
242591,242591,242592,1,0
242591,242591,242592,1,0
242591,242592,242593,1,1
242590,242591,242592,1,1
242591,242591,242593,2,0
242591,242591,242592,1,0
242591,242591,242592,1,0
242591,242592,242593,1,1
242590,242591,242592,1,1
242591,242591,242592,1,0
242591,242591,242593,2,0
242591,242591,242592,1,0
242591,242592,242593,1,1
242590,242591,242592,1,1
242591,242591,242592,1,0
242591,242591,242592,1,0
242591,242592,242593,1,1
242590,242591,242592,1,1
242591,242591,242593,2,0
242591,242591,242593,2,0
242591,242591,242592,1,0
242591,242592,242593,1,1
242591,242592,242593,1,1
242591,242592,242594,2,1
242591,242592,242593,1,1
242591,242592,242593,1,1
242591,242592,242593,1,1
242591,242592,242594,2,1
242591,242592,242594,2,1
242591,242592,242593,1,1
242591,242592,242593,1,1
242591,242592,242593,1,1
242591,242592,242593,1,1
242591,242592,242593,1,1
242591,242592,242593,1,1
242591,242592,242593,1,1
242591,242592,242594,2,1
242591,242592,242593,1,1
242591,242592,242594,2,1
242591,242592,242594,2,1
242530,242530,242594,64,0
242551,242551,242608,57,0
242571,242571,242615,44,0
242625,242625,242627,2,0
242625,242625,242626,1,0
242625,242625,242627,2,0
242625,242625,242626,1,0
242625,242625,242627,2,0
242625,242625,242626,1,0
242625,242625,242626,1,0
242625,242625,242627,2,0
242625,242625,242626,1,0
242625,242625,242626,1,0
242625,242625,242627,2,0
242625,242625,242627,2,0
242625,242626,242627,1,1
242625,242625,242626,1,0
242625,242625,242626,1,0
242625,242625,242627,2,0
242625,242626,242627,1,1
242625,242625,242626,1,0
242625,242625,242627,2,0
242625,242626,242627,1,1
242625,242625,242627,2,0
242625,242626,242627,1,1
242625,242626,242627,1,1
242625,242626,242627,1,1
242625,242625,242627,2,0
242625,242625,242627,2,0
242625,242626,242627,1,1
242625,242626,242627,1,1
242625,242626,242627,1,1
242625,242625,242627,2,0
242625,242625,242627,2,0
242625,242626,242628,2,1
242625,242626,242627,1,1
242625,242625,242627,2,0
242625,242626,242627,1,1
242625,242626,242627,1,1
242625,242625,242627,2,0
242625,242625,242627,2,0
242625,242626,242627,1,1
242625,242626,242627,1,1
242625,242626,242627,1,1
242625,242625,242627,2,0
242625,242625,242627,2,0
242625,242626,242628,2,1
242625,242626,242627,1,1
242625,242625,242627,2,0
242625,242626,242627,1,1
242625,242626,242627,1,1
242625,242626,242627,1,1
242625,242625,242627,2,0
242625,242625,242627,2,0
242625,242625,242627,2,0
242625,242626,242628,2,1
242625,242626,242627,1,1
242625,242625,242627,2,0
242625,242625,242627,2,0
242625,242626,242628,2,1
242625,242626,242627,1,1
242625,242625,242627,2,0
242625,242626,242627,1,1
242625,242626,242627,1,1
242591,242592,242650,58,1
242658,242658,242659,1,0
242659,242659,242660,1,0
242658,242658,242659,1,0
242658,242659,242660,1,1
242658,242659,242660,1,1
242658,242658,242659,1,0
242658,242659,242660,1,1
242658,242659,242660,1,1
242659,242659,242660,1,0
242658,242658,242659,1,0
242658,242659,242660,1,1
242659,242659,242660,1,0
242658,242658,242659,1,0
242658,242659,242660,1,1
242658,242658,242659,1,0
242659,242659,242660,1,0
242658,242658,242659,1,0
242658,242659,242660,1,1
242659,242659,242660,1,0
242659,242659,242660,1,0
242658,242658,242659,1,0
242659,242659,242660,1,0
242658,242658,242659,1,0
242658,242658,242659,1,0
242658,242659,242660,1,1
242659,242659,242660,1,0
242658,242658,242660,2,0
242659,242659,242660,1,0
242658,242659,242660,1,1
242659,242659,242661,2,0
242659,242659,242660,1,0
242658,242659,242660,1,1
242659,242659,242661,2,0
242659,242659,242660,1,0
242658,242659,242660,1,1
242659,242659,242660,1,0
242659,242659,242660,1,0
242658,242659,242660,1,1
242659,242659,242660,1,0
242659,242659,242660,1,0
242658,242659,242660,1,1
242658,242659,242660,1,1
242659,242659,242661,2,0
242659,242659,242661,2,0
242659,242659,242660,1,0
242658,242659,242660,1,1
242658,242659,242660,1,1
242659,242659,242661,2,0
242659,242659,242661,2,0
242659,242659,242660,1,0
242658,242659,242660,1,1
242658,242659,242660,1,1
242659,242659,242660,1,0
242659,242659,242661,2,0
242659,242659,242660,1,0
242658,242659,242660,1,1
242659,242659,242660,1,0
242659,242659,242661,2,0
242659,242659,242660,1,0
242658,242659,242660,1,1
242659,242659,242661,2,0
242659,242659,242661,2,0
242658,242658,242660,2,0
242659,242659,242660,1,0
242659,242659,242660,1,0
242693,242694,242695,1,1
242693,242694,242695,1,1
242693,242694,242695,1,1
242693,242694,242695,1,1
242693,242694,242695,1,1
242693,242694,242695,1,1
242693,242694,242695,1,1
242693,242694,242695,1,1
242693,242694,242695,1,1
242693,242694,242695,1,1
242693,242694,242695,1,1
242693,242694,242695,1,1
242693,242694,242695,1,1
242693,242694,242695,1,1
242693,242694,242695,1,1
242693,242694,242695,1,1
242693,242694,242695,1,1
242693,242694,242695,1,1
242693,242694,242696,2,1
242693,242694,242695,1,1
242693,242694,242696,2,1
242693,242694,242695,1,1
242693,242694,242695,1,1
242693,242694,242696,2,1
242693,242694,242696,2,1
242659,242659,242718,59,0
242727,242727,242728,1,0
242727,242727,242728,1,0
242727,242727,242728,1,0
242727,242727,242728,1,0
242727,242727,242728,1,0
242727,242727,242728,1,0
242727,242727,242728,1,0
242727,242727,242728,1,0
242727,242727,242728,1,0
242727,242727,242729,2,0
242727,242727,242728,1,0
242727,242727,242729,2,0
242727,242727,242728,1,0
242727,242727,242729,2,0
242727,242727,242728,1,0
242727,242727,242729,2,0
242727,242727,242729,2,0
242727,242727,242729,2,0
242727,242727,242728,1,0
242727,242727,242729,2,0
242727,242727,242728,1,0
242727,242727,242729,2,0
242727,242727,242729,2,0
242727,242727,242728,1,0
242727,242727,242728,1,0
242727,242727,242729,2,0
242727,242727,242729,2,0
242727,242727,242729,2,0
242727,242727,242729,2,0
242727,242727,242728,1,0
242727,242727,242729,2,0
242727,242727,242729,2,0
242727,242727,242729,2,0
242727,242727,242730,3,0
242727,242727,242777,50,0
242779,242779,242780,1,0
242779,242779,242780,1,0
242779,242779,242780,1,0
242779,242779,242780,1,0
242779,242779,242780,1,0
242779,242779,242780,1,0
242779,242779,242780,1,0
242779,242779,242780,1,0
242779,242779,242780,1,0
242779,242779,242780,1,0
242779,242779,242781,2,0
242779,242779,242780,1,0
242779,242779,242781,2,0
242779,242779,242780,1,0
242779,242779,242781,2,0
242779,242779,242781,2,0
242779,242779,242781,2,0
242779,242779,242780,1,0
242779,242779,242780,1,0
242779,242779,242780,1,0
242779,242779,242780,1,0
242779,242779,242781,2,0
242779,242779,242781,2,0
242779,242779,242781,2,0
242779,242779,242781,2,0
242779,242779,242780,1,0
242779,242779,242781,2,0
242779,242779,242781,2,0
242779,242779,242780,1,0
242779,242779,242781,2,0
242779,242779,242780,1,0
242779,242779,242781,2,0
242779,242779,242780,1,0
242779,242779,242781,2,0
242764,242764,242813,49,0
242766,242767,242815,48,1
242814,242814,242815,1,0
242814,242814,242815,1,0
242814,242814,242815,1,0
242814,242814,242815,1,0
242814,242814,242815,1,0
242814,242814,242815,1,0
242814,242814,242815,1,0
242814,242814,242815,1,0
242814,242814,242815,1,0
242814,242814,242815,1,0
242814,242814,242816,2,0
242814,242814,242816,2,0
242814,242814,242816,2,0
242814,242814,242816,2,0
242814,242814,242815,1,0
242814,242814,242816,2,0
242814,242814,242816,2,0
242814,242814,242815,1,0
242814,242814,242816,2,0
242814,242814,242815,1,0
242814,242814,242816,2,0
242816,242816,242817,1,0
242814,242814,242816,2,0
242816,242816,242817,1,0
242814,242814,242816,2,0
242814,242814,242816,2,0
242814,242814,242817,3,0
242814,242814,242816,2,0
242816,242816,242817,1,0
242814,242814,242816,2,0
242814,242814,242816,2,0
242816,242816,242817,1,0
242814,242815,242816,1,1
242814,242815,242816,1,1
242816,242816,242817,1,0
242814,242814,242816,2,0
242816,242816,242817,1,0
242816,242816,242817,1,0
242816,242816,242817,1,0
242816,242816,242818,2,0
242816,242816,242817,1,0
242816,242816,242817,1,0
242816,242816,242818,2,0
242816,242816,242817,1,0
242816,242816,242817,1,0
242816,242816,242817,1,0
242816,242816,242817,1,0
242816,242816,242817,1,0
242816,242816,242817,1,0
242816,242816,242817,1,0
242816,242816,242817,1,0
242816,242816,242817,1,0
242816,242816,242817,1,0
242816,242816,242817,1,0
242816,242816,242817,1,0
242816,242816,242817,1,0
242816,242816,242817,1,0
242816,242816,242818,2,0
242816,242816,242818,2,0
242816,242816,242817,1,0
242816,242816,242818,2,0
242816,242816,242818,2,0
242768,242768,242820,52,0
242762,242763,242820,57,1
242814,242814,242822,8,0
242772,242772,242825,53,0
242773,242773,242826,53,0
242780,242780,242830,50,0
242776,242776,242831,55,0
242770,242770,242832,62,0
242838,242838,242839,1,0
242838,242838,242839,1,0
242838,242838,242839,1,0
242838,242838,242839,1,0
242838,242838,242839,1,0
242838,242838,242839,1,0
242838,242838,242839,1,0
242838,242838,242839,1,0
242838,242839,242840,1,1
242838,242838,242840,2,0
242838,242838,242839,1,0
242838,242838,242839,1,0
242838,242839,242840,1,1
242838,242839,242840,1,1
242838,242839,242840,1,1
242838,242839,242840,1,1
242838,242839,242840,1,1
242838,242839,242840,1,1
242838,242838,242840,2,0
242838,242838,242840,2,0
242838,242839,242840,1,1
242838,242839,242840,1,1
242838,242838,242840,2,0
242838,242838,242840,2,0
242838,242838,242840,2,0
242838,242839,242840,1,1
242838,242839,242840,1,1
242838,242839,242840,1,1
242838,242838,242840,2,0
242838,242838,242840,2,0
242838,242839,242840,1,1
242838,242839,242840,1,1
242838,242839,242840,1,1
242838,242838,242840,2,0
242838,242838,242840,2,0
242838,242839,242840,1,1
242838,242839,242840,1,1
242838,242839,242840,1,1
242838,242838,242840,2,0
242838,242838,242840,2,0
242838,242839,242840,1,1
242838,242839,242840,1,1
242838,242838,242840,2,0
242838,242838,242840,2,0
242838,242839,242840,1,1
242838,242839,242840,1,1
242838,242838,242840,2,0
242838,242839,242840,1,1
242838,242839,242840,1,1
242838,242839,242840,1,1
242839,242841,242842,1,2
242839,242841,242842,1,2
242839,242840,242842,2,1
242839,242840,242842,2,1
242839,242840,242842,2,1
242839,242840,242842,2,1
242839,242840,242842,2,1
242839,242840,242842,2,1
242839,242840,242841,1,1
242839,242840,242842,2,1
242839,242841,242842,1,2
242839,242840,242841,1,1
242839,242841,242842,1,2
242839,242840,242841,1,1
242839,242840,242842,2,1
242839,242841,242842,1,2
242839,242841,242842,1,2
242839,242840,242842,2,1
242839,242840,242842,2,1
242839,242840,242841,1,1
242839,242840,242841,1,1
242839,242841,242842,1,2
242839,242841,242842,1,2
242839,242841,242842,1,2
242838,242841,242842,1,3
242838,242841,242842,1,3
242838,242841,242842,1,3
242838,242841,242842,1,3
242839,242841,242842,1,2
242839,242841,242842,1,2
242839,242841,242842,1,2
242839,242841,242842,1,2
242839,242841,242842,1,2
242839,242841,242842,1,2
242839,242841,242842,1,2
242839,242841,242842,1,2
242839,242841,242842,1,2
242839,242842,242843,1,3
242839,242840,242842,2,1
242839,242841,242842,1,2
242839,242841,242842,1,2
242839,242841,242842,1,2
242839,242841,242842,1,2
242839,242840,242842,2,1
242839,242841,242842,1,2
242839,242841,242843,2,2
242839,242841,242842,1,2
242839,242841,242842,1,2
242839,242842,242843,1,3
242839,242841,242842,1,2
242839,242841,242843,2,2
242839,242841,242842,1,2
242839,242841,242843,2,2
242839,242841,242842,1,2
242839,242842,242843,1,3
242839,242841,242842,1,2
242839,242841,242842,1,2
242839,242841,242843,2,2
242839,242841,242843,2,2
242839,242841,242842,1,2
242839,242842,242843,1,3
242839,242841,242842,1,2
242839,242841,242843,2,2
242839,242841,242843,2,2
242839,242841,242842,1,2
242839,242842,242843,1,3
242839,242842,242843,1,3
242839,242841,242842,1,2
242838,242841,242843,2,3
242839,242843,242844,1,4
242839,242843,242844,1,4
242839,242842,242843,1,3
242839,242842,242843,1,3
242839,242842,242844,2,3
242839,242842,242844,2,3
242839,242842,242844,2,3
242839,242842,242844,2,3
242839,242842,242844,2,3
242839,242842,242844,2,3
242839,242842,242844,2,3
242839,242842,242844,2,3
242839,242842,242844,2,3
242839,242842,242844,2,3
242839,242842,242844,2,3
242839,242842,242844,2,3
242839,242842,242843,1,3
242839,242842,242843,1,3
242839,242842,242844,2,3
242839,242843,242844,1,4
242839,242843,242844,1,4
242839,242842,242844,2,3
242838,242839,242850,11,1
242802,242802,242857,55,0
242838,242839,242858,19,1
242838,242839,242859,20,1
242838,242839,242858,19,1
242804,242804,242863,59,0
242807,242807,242863,56,0
242810,242810,242874,64,0
242774,242774,242875,101,0
242778,242778,242877,99,0
242783,242783,242878,95,0
242817,242817,242880,63,0
242891,242891,242892,1,0
242890,242891,242892,1,1
242890,242891,242892,1,1
242891,242891,242892,1,0
242890,242891,242892,1,1
242890,242891,242892,1,1
242891,242891,242892,1,0
242890,242891,242892,1,1
242891,242891,242892,1,0
242891,242891,242892,1,0
242890,242891,242892,1,1
242891,242891,242892,1,0
242891,242891,242892,1,0
242890,242891,242892,1,1
242890,242891,242892,1,1
242891,242891,242892,1,0
242891,242891,242892,1,0
242890,242891,242892,1,1
242890,242891,242892,1,1
242890,242891,242892,1,1
242891,242891,242892,1,0
242891,242891,242892,1,0
242890,242891,242892,1,1
242890,242891,242892,1,1
242891,242891,242892,1,0
242891,242891,242892,1,0
242890,242891,242892,1,1
242891,242891,242892,1,0
242891,242891,242892,1,0
242891,242891,242892,1,0
242891,242891,242892,1,0
242890,242891,242892,1,1
242890,242891,242892,1,1
242891,242891,242892,1,0
242891,242891,242892,1,0
242891,242891,242892,1,0
242890,242891,242892,1,1
242890,242891,242892,1,1
242891,242891,242892,1,0
242891,242891,242893,2,0
242891,242891,242892,1,0
242890,242891,242892,1,1
242891,242891,242892,1,0
242891,242891,242892,1,0
242891,242892,242893,1,1
242890,242891,242892,1,1
242891,242891,242893,2,0
242891,242891,242892,1,0
242891,242892,242893,1,1
242890,242891,242892,1,1
242891,242891,242893,2,0
242891,242891,242892,1,0
242891,242892,242893,1,1
242891,242892,242893,1,1
242890,242891,242892,1,1
242891,242891,242892,1,0
242891,242891,242892,1,0
242891,242892,242893,1,1
242891,242892,242893,1,1
242891,242891,242893,2,0
242891,242891,242892,1,0
242891,242892,242893,1,1
242891,242892,242893,1,1
242891,242891,242892,1,0
242891,242891,242893,2,0
242891,242892,242893,1,1
242891,242892,242893,1,1
242891,242891,242892,1,0
242891,242891,242893,2,0
242891,242891,242892,1,0
242891,242892,242893,1,1
242891,242892,242893,1,1
242891,242891,242893,2,0
242891,242891,242892,1,0
242891,242891,242892,1,0
242891,242891,242892,1,0
242891,242891,242892,1,0
242891,242892,242894,2,1
242891,242892,242894,2,1
242891,242892,242894,2,1
242891,242892,242894,2,1
242891,242892,242894,2,1
242891,242892,242894,2,1
242891,242892,242894,2,1
242891,242892,242894,2,1
242891,242892,242894,2,1
242891,242892,242894,2,1
242891,242892,242894,2,1
242891,242892,242894,2,1
242891,242892,242894,2,1
242891,242892,242894,2,1
242891,242892,242894,2,1
242891,242894,242895,1,3
242891,242892,242894,2,1
242891,242892,242894,2,1
242891,242892,242894,2,1
242891,242892,242894,2,1
242891,242892,242894,2,1
242891,242892,242894,2,1
242891,242893,242895,2,2
242891,242892,242894,2,1
242891,242892,242894,2,1
242891,242892,242894,2,1
242891,242892,242894,2,1
242891,242892,242894,2,1
242891,242892,242894,2,1
242891,242893,242894,1,2
242891,242892,242894,2,1
242891,242892,242894,2,1
242891,242893,242894,1,2
242891,242893,242895,2,2
242891,242893,242895,2,2
242891,242893,242894,1,2
242891,242893,242895,2,2
242891,242893,242894,1,2
242891,242892,242895,3,1
242891,242894,242895,1,3
242891,242894,242895,1,3
242891,242894,242895,1,3
242891,242895,242896,1,4
242891,242892,242895,3,1
242891,242892,242895,3,1
242891,242894,242895,1,3
242891,242894,242895,1,3
242891,242895,242896,1,4
242891,242892,242895,3,1
242891,242894,242895,1,3
242891,242894,242895,1,3
242891,242894,242895,1,3
242891,242895,242896,1,4
242891,242895,242896,1,4
242891,242892,242895,3,1
242891,242894,242895,1,3
242891,242894,242895,1,3
242891,242894,242895,1,3
242891,242895,242896,1,4
242891,242894,242895,1,3
242891,242894,242895,1,3
242891,242894,242895,1,3
242891,242894,242895,1,3
242891,242894,242895,1,3
242891,242894,242895,1,3
242891,242894,242895,1,3
242891,242894,242895,1,3
242891,242894,242895,1,3
242891,242894,242895,1,3
242891,242894,242895,1,3
242891,242894,242895,1,3
242891,242894,242895,1,3
242891,242894,242895,1,3
242891,242894,242895,1,3
242891,242895,242896,1,4
242891,242894,242896,2,3
242891,242895,242896,1,4
242891,242895,242896,1,4
242891,242895,242896,1,4
242891,242895,242896,1,4
242891,242895,242896,1,4
242891,242895,242897,2,4
242891,242895,242896,1,4
242891,242895,242896,1,4
242891,242894,242896,2,3
242891,242895,242896,1,4
242891,242895,242897,2,4
242891,242895,242897,2,4
242891,242895,242896,1,4
242891,242895,242896,1,4
242891,242895,242896,1,4
242891,242895,242896,1,4
242891,242895,242896,1,4
242891,242895,242896,1,4
242891,242895,242896,1,4
242891,242895,242896,1,4
242891,242895,242896,1,4
242891,242895,242896,1,4
242891,242895,242896,1,4
242891,242895,242897,2,4
242891,242895,242897,2,4
242891,242895,242896,1,4
242891,242895,242896,1,4
242839,242844,242900,56,5
242818,242818,242909,91,0
242813,242813,242914,101,0
242971,242971,242972,1,0
242971,242971,242972,1,0
242971,242971,242972,1,0
242971,242971,242972,1,0
242971,242971,242972,1,0
242971,242971,242972,1,0
242971,242971,242972,1,0
242971,242971,242972,1,0
242971,242971,242972,1,0
242971,242971,242972,1,0
242971,242971,242972,1,0
242971,242971,242972,1,0
242971,242971,242972,1,0
242971,242971,242972,1,0
242971,242971,242972,1,0
242971,242971,242972,1,0
242971,242971,242972,1,0
242971,242971,242972,1,0
242971,242971,242972,1,0
242971,242971,242972,1,0
242971,242971,242972,1,0
242971,242971,242972,1,0
242971,242971,242972,1,0
242971,242971,242972,1,0
242971,242971,242972,1,0
242971,242971,242972,1,0
242971,242971,242972,1,0
242971,242971,242972,1,0
242971,242971,242972,1,0
242971,242971,242972,1,0
242971,242971,242972,1,0
242971,242971,242972,1,0
242971,242971,242972,1,0
242971,242971,242972,1,0
242971,242971,242972,1,0
242971,242971,242972,1,0
242971,242971,242972,1,0
242971,242971,242972,1,0
242971,242971,242972,1,0
242971,242971,242972,1,0
242971,242971,242972,1,0
242971,242971,242972,1,0
242971,242971,242972,1,0
242971,242971,242972,1,0
242971,242971,242972,1,0
242971,242971,242972,1,0
242971,242971,242972,1,0
242971,242971,242972,1,0
242971,242971,242972,1,0
242971,242971,242972,1,0
242971,242971,242972,1,0
242971,242971,242972,1,0
242971,242971,242972,1,0
242971,242971,242972,1,0
242971,242971,242972,1,0
242971,242971,242972,1,0
242971,242971,242972,1,0
242971,242971,242973,2,0
242971,242971,242973,2,0
242971,242971,242973,2,0
242971,242971,242973,2,0
242971,242971,242973,2,0
242971,242971,242973,2,0
242971,242973,242974,1,2
242971,242971,242973,2,0
242971,242971,242973,2,0
242971,242971,242973,2,0
242971,242971,242973,2,0
242971,242971,242973,2,0
242971,242971,242973,2,0
242971,242973,242974,1,2
242971,242971,242973,2,0
242971,242971,242973,2,0
242971,242973,242974,1,2
242971,242971,242973,2,0
242971,242971,242973,2,0
242971,242973,242974,1,2
242971,242971,242973,2,0
242971,242971,242973,2,0
242971,242973,242974,1,2
242971,242973,242974,1,2
242971,242971,242973,2,0
242971,242971,242973,2,0
242971,242971,242973,2,0
242971,242971,242973,2,0
242971,242973,242974,1,2
242971,242973,242974,1,2
242971,242973,242975,2,2
242971,242973,242974,1,2
242971,242973,242974,1,2
242971,242973,242974,1,2
242971,242973,242974,1,2
242971,242973,242975,2,2
242971,242973,242975,2,2
242971,242973,242974,1,2
242971,242973,242974,1,2
242971,242973,242974,1,2
242971,242973,242974,1,2
242971,242973,242974,1,2
242971,242973,242975,2,2
242971,242971,242974,3,0
242971,242973,242974,1,2
242971,242973,242974,1,2
242971,242973,242974,1,2
242971,242973,242974,1,2
242971,242973,242975,2,2
242971,242973,242974,1,2
242971,242973,242974,1,2
242971,242973,242975,2,2
242971,242973,242974,1,2
242971,242973,242974,1,2
242971,242973,242974,1,2
242971,242973,242975,2,2
242971,242973,242974,1,2
242971,242973,242975,2,2
242971,242973,242975,2,2
242971,242973,242974,1,2
242971,242973,242974,1,2
242971,242973,242975,2,2
242971,242973,242974,1,2
242971,242973,242975,2,2
242971,242973,242975,2,2
242971,242973,242975,2,2
242971,242973,242974,1,2
242971,242973,242975,2,2
242971,242973,242974,1,2
242971,242973,242974,1,2
242971,242973,242975,2,2
242971,242973,242975,2,2
242971,242973,242975,2,2
242971,242973,242975,2,2
242971,242973,242974,1,2
242971,242973,242975,2,2
242971,242973,242975,2,2
242971,242973,242974,1,2
242972,242973,243020,47,1
243035,243036,243037,1,1
243035,243035,243036,1,0
243035,243035,243036,1,0
243035,243035,243036,1,0
243035,243035,243036,1,0
243035,243035,243036,1,0
243035,243035,243036,1,0
243035,243035,243036,1,0
243035,243035,243036,1,0
243035,243035,243036,1,0
243035,243035,243037,2,0
243035,243035,243037,2,0
243035,243035,243037,2,0
243035,243036,243037,1,1
243035,243035,243036,1,0
243035,243035,243036,1,0
243035,243035,243036,1,0
243035,243036,243037,1,1
243035,243035,243037,2,0
243035,243035,243037,2,0
243035,243036,243037,1,1
243035,243036,243037,1,1
243035,243036,243037,1,1
243035,243035,243037,2,0
243035,243035,243037,2,0
243035,243036,243037,1,1
243035,243036,243037,1,1
243035,243035,243037,2,0
243035,243035,243037,2,0
243035,243036,243037,1,1
243035,243036,243037,1,1
243035,243036,243037,1,1
243035,243035,243037,2,0
243035,243035,243037,2,0
243035,243036,243037,1,1
243035,243036,243037,1,1
243035,243035,243037,2,0
243035,243035,243037,2,0
243035,243036,243037,1,1
243035,243036,243037,1,1
243035,243035,243037,2,0
243035,243035,243037,2,0
243035,243036,243037,1,1
243035,243036,243037,1,1
243035,243035,243037,2,0
243035,243036,243037,1,1
243035,243036,243037,1,1
243035,243035,243037,2,0
243035,243036,243037,1,1
243035,243036,243037,1,1
243035,243035,243037,2,0
243035,243035,243037,2,0
243035,243035,243037,2,0
243035,243036,243037,1,1
243035,243036,243037,1,1
243035,243035,243037,2,0
243035,243035,243037,2,0
243035,243036,243037,1,1
243035,243036,243037,1,1
243082,243082,243083,1,0
243082,243082,243083,1,0
243082,243082,243083,1,0
243082,243082,243083,1,0
243082,243082,243083,1,0
243082,243082,243083,1,0
243082,243082,243083,1,0
243082,243082,243083,1,0
243082,243082,243083,1,0
243082,243082,243083,1,0
243082,243082,243084,2,0
243082,243082,243084,2,0
243082,243082,243084,2,0
243082,243082,243084,2,0
243082,243082,243083,1,0
243082,243082,243084,2,0
243082,243082,243084,2,0
243082,243082,243084,2,0
243082,243082,243083,1,0
243082,243082,243084,2,0
243082,243082,243084,2,0
243082,243082,243084,2,0
243082,243082,243084,2,0
243082,243082,243084,2,0
243082,243082,243084,2,0
243082,243082,243084,2,0
243082,243082,243084,2,0
243082,243082,243083,1,0
243082,243082,243084,2,0
243082,243082,243084,2,0
243082,243082,243084,2,0
243082,243082,243084,2,0
243082,243082,243084,2,0
243082,243082,243085,3,0
243115,243115,243116,1,0
243115,243115,243116,1,0
243115,243115,243116,1,0
243115,243115,243116,1,0
243115,243115,243116,1,0
243115,243115,243116,1,0
243115,243115,243116,1,0
243115,243115,243116,1,0
243115,243115,243116,1,0
243115,243115,243116,1,0
243115,243115,243116,1,0
243115,243115,243116,1,0
243115,243115,243116,1,0
243115,243115,243116,1,0
243115,243115,243116,1,0
243115,243115,243116,1,0
243115,243115,243116,1,0
243115,243115,243117,2,0
243115,243115,243116,1,0
243115,243115,243116,1,0
243115,243115,243116,1,0
243115,243115,243116,1,0
243115,243115,243117,2,0
243115,243115,243116,1,0
243115,243115,243117,2,0
243115,243115,243116,1,0
243115,243115,243116,1,0
243115,243115,243116,1,0
243115,243115,243116,1,0
243115,243115,243116,1,0
243115,243115,243117,2,0
243115,243115,243116,1,0
243115,243115,243116,1,0
243115,243115,243117,2,0
243083,243083,243135,52,0
243149,243149,243150,1,0
243149,243149,243150,1,0
243149,243149,243150,1,0
243149,243149,243150,1,0
243149,243149,243150,1,0
243149,243149,243150,1,0
243149,243149,243150,1,0
243149,243149,243150,1,0
243149,243149,243150,1,0
243149,243149,243150,1,0
243149,243149,243150,1,0
243149,243149,243150,1,0
243149,243149,243151,2,0
243149,243149,243150,1,0
243149,243149,243150,1,0
243149,243149,243150,1,0
243149,243149,243150,1,0
243149,243149,243150,1,0
243149,243149,243150,1,0
243149,243149,243150,1,0
243149,243149,243150,1,0
243149,243149,243150,1,0
243149,243149,243150,1,0
243149,243149,243150,1,0
243149,243149,243150,1,0
243149,243149,243150,1,0
243149,243149,243203,54,0
243205,243205,243206,1,0
243205,243205,243206,1,0
243205,243205,243206,1,0
243205,243205,243206,1,0
243205,243205,243206,1,0
243205,243205,243206,1,0
243205,243205,243206,1,0
243205,243205,243206,1,0
243205,243206,243207,1,1
243205,243205,243207,2,0
243205,243205,243206,1,0
243205,243205,243207,2,0
243205,243205,243207,2,0
243205,243205,243207,2,0
243205,243205,243207,2,0
243205,243205,243207,2,0
243205,243205,243206,1,0
243205,243205,243207,2,0
243205,243205,243207,2,0
243205,243205,243206,1,0
243205,243205,243206,1,0
243205,243205,243207,2,0
243205,243205,243206,1,0
243205,243205,243207,2,0
243205,243205,243207,2,0
243205,243205,243206,1,0
243205,243205,243207,2,0
243205,243205,243207,2,0
243205,243205,243206,1,0
243205,243205,243206,1,0
243205,243205,243207,2,0
243205,243205,243206,1,0
243167,243167,243218,51,0
243225,243225,243226,1,0
243225,243225,243226,1,0
243225,243225,243226,1,0
243225,243225,243226,1,0
243225,243225,243226,1,0
243225,243225,243226,1,0
243225,243225,243226,1,0
243225,243225,243226,1,0
243225,243225,243226,1,0
243225,243225,243227,2,0
243225,243225,243227,2,0
243225,243225,243227,2,0
243225,243225,243226,1,0
243225,243225,243226,1,0
243225,243225,243226,1,0
243225,243225,243226,1,0
243225,243225,243227,2,0
243225,243225,243226,1,0
243225,243225,243227,2,0
243225,243225,243227,2,0
243225,243225,243226,1,0
243225,243225,243227,2,0
243225,243225,243226,1,0
243225,243225,243226,1,0
243225,243225,243226,1,0
243225,243226,243227,1,1
243225,243226,243227,1,1
243225,243226,243227,1,1
243225,243225,243226,1,0
243225,243225,243226,1,0
243225,243226,243227,1,1
243225,243225,243230,5,0
243187,243187,243233,46,0
243225,243225,243234,9,0
243235,243235,243236,1,0
243235,243236,243237,1,1
243235,243236,243237,1,1
243235,243236,243237,1,1
243235,243236,243237,1,1
243225,243225,243237,12,0
243235,243236,243237,1,1
243235,243236,243237,1,1
243235,243236,243237,1,1
243235,243236,243237,1,1
243235,243236,243237,1,1
243235,243236,243237,1,1
243235,243236,243237,1,1
243235,243236,243237,1,1
243235,243236,243237,1,1
243235,243236,243237,1,1
243235,243236,243237,1,1
243235,243236,243237,1,1
243235,243236,243237,1,1
243235,243236,243237,1,1
243235,243236,243237,1,1
243235,243236,243237,1,1
243235,243236,243237,1,1
243235,243236,243237,1,1
243235,243236,243237,1,1
243235,243236,243237,1,1
243191,243191,243240,49,0
243185,243185,243243,58,0
243235,243236,243243,7,1
243235,243236,243243,7,1
243195,243195,243246,51,0
243189,243189,243246,57,0
243202,243202,243251,49,0
243198,243198,243254,56,0
243256,243256,243257,1,0
243256,243256,243258,2,0
243256,243256,243257,1,0
243193,243193,243257,64,0
243256,243256,243257,1,0
243256,243256,243257,1,0
243256,243256,243258,2,0
243256,243256,243258,2,0
243256,243256,243257,1,0
243256,243256,243258,2,0
243256,243256,243258,2,0
243256,243257,243258,1,1
243256,243256,243257,1,0
243256,243256,243258,2,0
243256,243256,243258,2,0
243256,243256,243257,1,0
243256,243256,243258,2,0
243256,243257,243258,1,1
243256,243256,243257,1,0
243256,243256,243258,2,0
243256,243256,243258,2,0
243256,243257,243258,1,1
243256,243256,243257,1,0
243256,243256,243257,1,0
243256,243256,243258,2,0
243256,243257,243258,1,1
243256,243256,243257,1,0
243256,243256,243258,2,0
243256,243256,243257,1,0
243256,243257,243258,1,1
243256,243256,243258,2,0
243256,243256,243257,1,0
243257,243257,243258,1,0
243256,243257,243258,1,1
243256,243257,243258,1,1
243256,243257,243258,1,1
243256,243257,243258,1,1
243256,243257,243258,1,1
243257,243258,243259,1,1
243256,243257,243258,1,1
243257,243258,243259,1,1
243256,243256,243258,2,0
243256,243257,243259,2,1
243256,243257,243258,1,1
243256,243257,243258,1,1
243256,243256,243258,2,0
243256,243256,243258,2,0
243256,243257,243258,1,1
243256,243257,243258,1,1
243256,243257,243258,1,1
243256,243257,243258,1,1
243256,243257,243258,1,1
243256,243257,243258,1,1
243256,243257,243258,1,1
243256,243257,243258,1,1
243256,243257,243258,1,1
243257,243258,243259,1,1
243256,243256,243258,2,0
243256,243257,243258,1,1
243256,243257,243258,1,1
243256,243257,243258,1,1
243256,243257,243258,1,1
243256,243257,243258,1,1
243257,243258,243259,1,1
243256,243256,243258,2,0
243256,243257,243258,1,1
243256,243257,243258,1,1
243257,243258,243259,1,1
243257,243258,243259,1,1
243257,243258,243259,1,1
243257,243258,243260,2,1
243257,243258,243260,2,1
243257,243258,243260,2,1
243257,243258,243260,2,1
243257,243258,243260,2,1
243257,243258,243259,1,1
243257,243258,243259,1,1
243257,243258,243260,2,1
243257,243258,243260,2,1
243257,243258,243259,1,1
243257,243258,243259,1,1
243257,243258,243260,2,1
243257,243258,243260,2,1
243257,243258,243259,1,1
243257,243258,243259,1,1
243257,243258,243260,2,1
243257,243258,243260,2,1
243257,243258,243260,2,1
243257,243258,243259,1,1
243257,243258,243260,2,1
243257,243258,243260,2,1
243257,243258,243260,2,1
243257,243258,243260,2,1
243257,243259,243260,1,2
243257,243258,243260,2,1
243257,243258,243260,2,1
243257,243258,243259,1,1
243257,243258,243259,1,1
243257,243258,243259,1,1
243257,243258,243260,2,1
243257,243258,243260,2,1
243257,243258,243260,2,1
243257,243258,243259,1,1
243257,243259,243260,1,2
243257,243259,243261,2,2
243257,243259,243261,2,2
243257,243259,243261,2,2
243257,243259,243261,2,2
243257,243259,243260,1,2
243257,243259,243261,2,2
243257,243259,243261,2,2
243257,243259,243261,2,2
243257,243259,243261,2,2
243257,243259,243261,2,2
243257,243259,243260,1,2
243257,243259,243261,2,2
243257,243259,243260,1,2
243257,243259,243261,2,2
243257,243259,243260,1,2
243257,243259,243261,2,2
243257,243259,243260,1,2
243257,243259,243260,1,2
243257,243259,243261,2,2
243257,243259,243261,2,2
243257,243259,243260,1,2
243204,243204,243270,66,0
243226,243226,243278,52,0
243229,243229,243281,52,0
243232,243234,243288,54,2
243236,243236,243288,52,0
243207,243207,243293,86,0
243235,243235,243294,59,0
243199,243199,243298,99,0
243308,243309,243310,1,1
243308,243309,243310,1,1
243309,243309,243310,1,0
243308,243309,243310,1,1
243309,243309,243310,1,0
243308,243309,243310,1,1
243308,243309,243310,1,1
243309,243309,243310,1,0
243308,243309,243310,1,1
243309,243309,243310,1,0
243309,243309,243310,1,0
243308,243309,243310,1,1
243308,243309,243310,1,1
243309,243309,243310,1,0
243309,243309,243310,1,0
243308,243309,243310,1,1
243308,243309,243310,1,1
243308,243309,243310,1,1
243309,243309,243310,1,0
243309,243309,243310,1,0
243309,243309,243310,1,0
243308,243309,243310,1,1
243308,243309,243310,1,1
243308,243309,243310,1,1
243309,243309,243310,1,0
243309,243309,243310,1,0
243308,243309,243310,1,1
243308,243309,243310,1,1
243309,243309,243310,1,0
243309,243309,243310,1,0
243308,243309,243310,1,1
243308,243309,243310,1,1
243309,243309,243310,1,0
243309,243309,243310,1,0
243309,243309,243310,1,0
243308,243309,243310,1,1
243308,243309,243310,1,1
243309,243309,243310,1,0
243309,243309,243310,1,0
243308,243309,243310,1,1
243309,243309,243311,2,0
243309,243309,243310,1,0
243309,243310,243311,1,1
243308,243309,243310,1,1
243309,243309,243310,1,0
243309,243309,243310,1,0
243309,243309,243310,1,0
243309,243309,243310,1,0
243309,243309,243311,2,0
243309,243309,243310,1,0
243309,243309,243311,2,0
243309,243309,243311,2,0
243309,243309,243310,1,0
243309,243309,243310,1,0
243309,243310,243311,1,1
243308,243309,243310,1,1
243308,243309,243310,1,1
243309,243309,243311,2,0
243309,243309,243310,1,0
243309,243310,243311,1,1
243309,243309,243311,2,0
243309,243309,243310,1,0
243309,243309,243310,1,0
243309,243310,243311,1,1
243309,243309,243311,2,0
243309,243309,243310,1,0
243309,243309,243310,1,0
243309,243310,243311,1,1
243308,243309,243310,1,1
243309,243309,243311,2,0
243309,243309,243310,1,0
243309,243310,243311,1,1
243309,243309,243310,1,0
243309,243309,243310,1,0
243309,243310,243311,1,1
243309,243309,243311,2,0
243309,243309,243310,1,0
243309,243310,243311,1,1
243309,243310,243311,1,1
243309,243310,243311,1,1
243309,243310,243312,2,1
243309,243310,243311,1,1
243309,243310,243312,2,1
243309,243310,243311,1,1
243309,243310,243312,2,1
243309,243310,243312,2,1
243309,243310,243312,2,1
243309,243310,243312,2,1
243309,243310,243312,2,1
243309,243311,243312,1,2
243309,243311,243312,1,2
243309,243311,243312,1,2
243309,243310,243312,2,1
243309,243310,243312,2,1
243309,243310,243312,2,1
243309,243310,243312,2,1
243309,243311,243312,1,2
243309,243311,243312,1,2
243309,243311,243312,1,2
243309,243311,243312,1,2
243309,243310,243312,2,1
243309,243310,243312,2,1
243309,243310,243312,2,1
243309,243310,243312,2,1
243309,243310,243312,2,1
243309,243310,243312,2,1
243309,243310,243312,2,1
243309,243310,243312,2,1
243309,243310,243312,2,1
243309,243310,243312,2,1
243309,243310,243312,2,1
243309,243310,243312,2,1
243309,243310,243312,2,1
243309,243310,243312,2,1
243309,243310,243312,2,1
243309,243310,243312,2,1
243309,243310,243312,2,1
243309,243310,243312,2,1
243309,243310,243312,2,1
243309,243310,243312,2,1
243309,243310,243312,2,1
243309,243310,243312,2,1
243309,243310,243312,2,1
243309,243310,243312,2,1
243309,243310,243312,2,1
243309,243311,243312,1,2
243309,243312,243313,1,3
243309,243312,243313,1,3
243257,243259,243312,53,2
243309,243311,243313,2,2
243309,243312,243313,1,3
243309,243312,243313,1,3
243309,243312,243313,1,3
243309,243312,243313,1,3
243309,243312,243313,1,3
243309,243312,243313,1,3
243309,243312,243313,1,3
243309,243312,243313,1,3
243309,243312,243313,1,3
243309,243312,243313,1,3
243309,243313,243314,1,4
243309,243312,243314,2,3
243309,243312,243313,1,3
243309,243312,243313,1,3
243309,243312,243313,1,3
243309,243312,243313,1,3
243309,243312,243313,1,3
243309,243312,243313,1,3
243309,243312,243313,1,3
243309,243312,243313,1,3
243309,243312,243313,1,3
243309,243312,243313,1,3
243309,243313,243314,1,4
243309,243312,243313,1,3
243309,243312,243314,2,3
243309,243312,243313,1,3
243309,243312,243313,1,3
243309,243312,243313,1,3
243309,243312,243313,1,3
243309,243312,243313,1,3
243309,243312,243313,1,3
243309,243312,243313,1,3
243309,243312,243313,1,3
243309,243312,243314,2,3
243309,243312,243314,2,3
243309,243312,243314,2,3
243309,243312,243314,2,3
243309,243313,243314,1,4
243309,243313,243314,1,4
243309,243313,243314,1,4
243309,243313,243314,1,4
243309,243313,243314,1,4
243309,243313,243314,1,4
243309,243313,243314,1,4
243309,243313,243314,1,4
243309,243313,243314,1,4
243309,243313,243314,1,4
243309,243313,243314,1,4
243309,243313,243314,1,4
243309,243313,243314,1,4
243309,243313,243314,1,4
243309,243313,243314,1,4
243309,243313,243314,1,4
243376,243376,243377,1,0
243376,243376,243377,1,0
243376,243376,243377,1,0
243376,243376,243377,1,0
243376,243376,243377,1,0
243376,243376,243377,1,0
243376,243376,243377,1,0
243376,243376,243377,1,0
243376,243376,243377,1,0
243376,243376,243377,1,0
243376,243376,243377,1,0
243376,243376,243377,1,0
243376,243376,243377,1,0
243376,243376,243377,1,0
243376,243376,243377,1,0
243376,243376,243377,1,0
243376,243376,243377,1,0
243376,243376,243377,1,0
243376,243376,243377,1,0
243376,243376,243377,1,0
243376,243376,243377,1,0
243376,243376,243377,1,0
243376,243376,243377,1,0
243376,243376,243377,1,0
243376,243376,243377,1,0
243376,243376,243377,1,0
243376,243376,243377,1,0
243376,243376,243377,1,0
243376,243376,243377,1,0
243376,243376,243377,1,0
243376,243376,243377,1,0
243376,243376,243377,1,0
243376,243376,243377,1,0
243376,243376,243377,1,0
243376,243376,243377,1,0
243376,243376,243377,1,0
243376,243376,243377,1,0
243376,243376,243377,1,0
243376,243376,243377,1,0
243376,243376,243377,1,0
243376,243376,243377,1,0
243376,243376,243377,1,0
243376,243376,243378,2,0
243376,243376,243378,2,0
243376,243376,243378,2,0
243376,243376,243378,2,0
243376,243376,243378,2,0
243376,243376,243377,1,0
243376,243376,243377,1,0
243376,243376,243378,2,0
243376,243376,243378,2,0
243376,243376,243378,2,0
243376,243376,243377,1,0
243376,243376,243378,2,0
243376,243376,243377,1,0
243376,243377,243378,1,1
243376,243377,243378,1,1
243376,243376,243377,1,0
243376,243376,243377,1,0
243376,243376,243378,2,0
243376,243376,243378,2,0
243376,243376,243378,2,0
243376,243376,243378,2,0
243376,243376,243378,2,0
243376,243377,243378,1,1
243376,243376,243377,1,0
243376,243376,243378,2,0
243376,243376,243378,2,0
243376,243376,243377,1,0
243376,243376,243378,2,0
243376,243376,243378,2,0
243376,243377,243378,1,1
243376,243376,243377,1,0
243376,243376,243378,2,0
243376,243376,243378,2,0
243376,243376,243377,1,0
243376,243377,243378,1,1
243376,243376,243378,2,0
243376,243376,243378,2,0
243376,243376,243378,2,0
243376,243376,243378,2,0
243376,243377,243378,1,1
243376,243376,243378,2,0
243376,243376,243377,1,0
243376,243377,243378,1,1
243376,243377,243379,2,1
243376,243377,243379,2,1
243376,243377,243379,2,1
243376,243377,243379,2,1
243376,243377,243379,2,1
243376,243377,243379,2,1
243376,243377,243379,2,1
243376,243377,243379,2,1
243376,243377,243379,2,1
243376,243377,243379,2,1
243376,243377,243379,2,1
243376,243377,243379,2,1
243376,243377,243379,2,1
243376,243377,243379,2,1
243376,243377,243379,2,1
243376,243377,243426,49,1
243439,243440,243441,1,1
243439,243440,243441,1,1
243440,243440,243441,1,0
243439,243440,243441,1,1
243440,243440,243441,1,0
243439,243440,243441,1,1
243440,243440,243441,1,0
243439,243440,243441,1,1
243439,243440,243441,1,1
243439,243440,243441,1,1
243440,243440,243441,1,0
243439,243440,243441,1,1
243440,243440,243441,1,0
243440,243440,243441,1,0
243440,243440,243441,1,0
243440,243440,243441,1,0
243440,243440,243441,1,0
243440,243440,243441,1,0
243439,243440,243441,1,1
243440,243440,243441,1,0
243440,243440,243441,1,0
243439,243440,243441,1,1
243440,243440,243441,1,0
243440,243440,243441,1,0
243439,243440,243441,1,1
243440,243440,243441,1,0
243440,243440,243441,1,0
243440,243440,243441,1,0
243439,243440,243441,1,1
243439,243440,243442,2,1
243440,243440,243441,1,0
243440,243440,243441,1,0
243439,243440,243442,2,1
243440,243440,243441,1,0
243440,243440,243441,1,0
243439,243440,243441,1,1
243439,243440,243441,1,1
243440,243440,243441,1,0
243440,243440,243441,1,0
243439,243440,243442,2,1
243440,243440,243441,1,0
243440,243440,243441,1,0
243440,243440,243441,1,0
243439,243440,243441,1,1
243439,243440,243441,1,1
243440,243440,243441,1,0
243440,243440,243441,1,0
243439,243440,243441,1,1
243439,243440,243442,2,1
243439,243440,243441,1,1
243440,243440,243442,2,0
243440,243440,243441,1,0
243439,243440,243442,2,1
243439,243440,243441,1,1
243440,243440,243441,1,0
243440,243440,243441,1,0
243439,243440,243442,2,1
243440,243440,243487,47,0
243488,243488,243489,1,0
243488,243488,243489,1,0
243488,243488,243490,2,0
243488,243488,243489,1,0
243488,243488,243490,2,0
243488,243488,243489,1,0
243488,243488,243489,1,0
243488,243488,243489,1,0
243488,243488,243490,2,0
243488,243488,243489,1,0
243488,243489,243490,1,1
243488,243488,243489,1,0
243488,243488,243489,1,0
243488,243489,243490,1,1
243488,243488,243489,1,0
243488,243488,243489,1,0
243488,243488,243490,2,0
243488,243488,243490,2,0
243488,243489,243490,1,1
243488,243489,243490,1,1
243488,243488,243490,2,0
243488,243488,243490,2,0
243488,243488,243490,2,0
243488,243489,243490,1,1
243488,243489,243490,1,1
243488,243488,243490,2,0
243488,243488,243490,2,0
243488,243489,243490,1,1
243488,243489,243490,1,1
243488,243488,243490,2,0
243488,243488,243490,2,0
243488,243489,243490,1,1
243488,243489,243490,1,1
243488,243488,243490,2,0
243488,243488,243490,2,0
243488,243489,243490,1,1
243488,243489,243490,1,1
243488,243489,243490,1,1
243488,243488,243490,2,0
243488,243489,243490,1,1
243488,243489,243490,1,1
243488,243489,243490,1,1
243488,243488,243490,2,0
243488,243488,243490,2,0
243488,243489,243490,1,1
243488,243489,243490,1,1
243488,243488,243490,2,0
243488,243488,243490,2,0
243488,243489,243490,1,1
243488,243489,243490,1,1
243488,243489,243490,1,1
243488,243488,243490,2,0
243488,243488,243490,2,0
243488,243489,243490,1,1
243488,243489,243490,1,1
243488,243488,243490,2,0
243488,243488,243490,2,0
243488,243489,243490,1,1
243488,243489,243491,2,1
243488,243489,243490,1,1
243522,243522,243523,1,0
243522,243522,243523,1,0
243522,243522,243523,1,0
243522,243522,243523,1,0
243522,243522,243523,1,0
243522,243522,243523,1,0
243522,243522,243523,1,0
243522,243522,243523,1,0
243522,243522,243523,1,0
243522,243522,243523,1,0
243522,243522,243523,1,0
243522,243522,243524,2,0
243522,243522,243523,1,0
243522,243522,243524,2,0
243522,243522,243524,2,0
243522,243522,243524,2,0
243522,243522,243524,2,0
243522,243522,243524,2,0
243522,243522,243524,2,0
243522,243522,243523,1,0
243522,243522,243524,2,0
243522,243522,243523,1,0
243522,243522,243523,1,0
243522,243522,243524,2,0
243522,243522,243524,2,0
243522,243522,243524,2,0
243522,243522,243524,2,0
243522,243522,243524,2,0
243522,243522,243524,2,0
243522,243522,243523,1,0
243522,243522,243524,2,0
243522,243522,243524,2,0
243522,243522,243537,15,0
243522,243522,243536,14,0
243523,243523,243570,47,0
243572,243572,243573,1,0
243572,243572,243573,1,0
243572,243572,243573,1,0
243572,243572,243573,1,0
243572,243572,243573,1,0
243572,243572,243573,1,0
243572,243572,243573,1,0
243572,243572,243573,1,0
243572,243572,243573,1,0
243572,243572,243573,1,0
243572,243572,243573,1,0
243572,243572,243573,1,0
243572,243572,243573,1,0
243572,243572,243573,1,0
243572,243572,243573,1,0
243572,243572,243573,1,0
243572,243572,243573,1,0
243572,243572,243573,1,0
243572,243572,243573,1,0
243572,243572,243573,1,0
243572,243572,243573,1,0
243572,243572,243573,1,0
243572,243572,243573,1,0
243572,243572,243573,1,0
243572,243572,243574,2,0
243572,243572,243573,1,0
243572,243572,243573,1,0
243572,243572,243573,1,0
243572,243572,243573,1,0
243572,243572,243573,1,0
243572,243572,243574,2,0
243575,243575,243622,47,0
243625,243625,243626,1,0
243625,243625,243626,1,0
243625,243625,243626,1,0
243625,243625,243626,1,0
243625,243625,243626,1,0
243625,243625,243626,1,0
243573,243573,243626,53,0
243625,243625,243626,1,0
243625,243625,243626,1,0
243625,243625,243626,1,0
243625,243625,243626,1,0
243625,243625,243627,2,0
243625,243625,243626,1,0
243625,243625,243626,1,0
243625,243625,243627,2,0
243625,243625,243626,1,0
243625,243625,243626,1,0
243625,243625,243626,1,0
243625,243625,243627,2,0
243625,243625,243626,1,0
243625,243625,243626,1,0
243625,243625,243626,1,0
243625,243625,243626,1,0
243625,243625,243626,1,0
243625,243625,243626,1,0
243625,243625,243626,1,0
243625,243625,243626,1,0
243625,243625,243627,2,0
243625,243625,243626,1,0
243572,243572,243627,55,0
243625,243625,243628,3,0
243628,243628,243629,1,0
243628,243628,243629,1,0
243628,243628,243629,1,0
243628,243628,243629,1,0
243628,243628,243629,1,0
243628,243628,243629,1,0
243628,243628,243629,1,0
243628,243628,243629,1,0
243628,243628,243629,1,0
243628,243628,243629,1,0
243628,243628,243629,1,0
243628,243628,243629,1,0
243628,243628,243629,1,0
243628,243628,243629,1,0
243628,243628,243630,2,0
243628,243628,243629,1,0
243628,243628,243629,1,0
243628,243628,243629,1,0
243628,243628,243629,1,0
243628,243628,243630,2,0
243628,243628,243629,1,0
243628,243628,243630,2,0
243628,243628,243630,2,0
243628,243628,243629,1,0
243628,243628,243630,2,0
243628,243628,243630,2,0
243628,243628,243629,1,0
243628,243628,243630,2,0
243628,243628,243630,2,0
243630,243630,243631,1,0
243628,243628,243630,2,0
243628,243628,243630,2,0
243628,243628,243630,2,0
243630,243630,243631,1,0
243630,243630,243631,1,0
243630,243630,243631,1,0
243630,243630,243631,1,0
243630,243630,243631,1,0
243630,243630,243631,1,0
243630,243630,243631,1,0
243628,243628,243631,3,0
243630,243630,243631,1,0
243630,243630,243631,1,0
243630,243630,243631,1,0
243630,243630,243631,1,0
243630,243630,243631,1,0
243630,243630,243631,1,0
243630,243630,243631,1,0
243630,243630,243631,1,0
243630,243630,243631,1,0
243630,243630,243631,1,0
243630,243630,243631,1,0
243630,243630,243631,1,0
243630,243630,243631,1,0
243630,243630,243631,1,0
243630,243630,243631,1,0
243630,243630,243632,2,0
243602,243602,243648,46,0
243598,243598,243651,53,0
243625,243625,243651,26,0
243651,243651,243652,1,0
243651,243651,243652,1,0
243651,243651,243652,1,0
243651,243651,243652,1,0
243651,243651,243652,1,0
243651,243651,243652,1,0
243651,243651,243652,1,0
243651,243651,243652,1,0
243651,243651,243652,1,0
243651,243651,243652,1,0
243651,243651,243652,1,0
243651,243651,243652,1,0
243651,243651,243652,1,0
243651,243651,243652,1,0
243651,243651,243652,1,0
243651,243651,243652,1,0
243651,243651,243652,1,0
243651,243651,243652,1,0
243651,243651,243652,1,0
243625,243625,243652,27,0
243651,243651,243652,1,0
243651,243651,243652,1,0
243651,243651,243652,1,0
243651,243651,243652,1,0
243651,243651,243652,1,0
243651,243651,243652,1,0
243651,243651,243652,1,0
243651,243651,243652,1,0
243651,243651,243652,1,0
243600,243600,243652,52,0
243651,243651,243653,2,0
243651,243651,243653,2,0
243651,243651,243653,2,0
243651,243651,243653,2,0
243651,243651,243653,2,0
243651,243651,243653,2,0
243652,243653,243654,1,1
243652,243653,243654,1,1
243652,243653,243654,1,1
243652,243653,243654,1,1
243652,243653,243654,1,1
243652,243653,243654,1,1
243652,243653,243654,1,1
243652,243653,243654,1,1
243652,243653,243654,1,1
243652,243653,243654,1,1
243652,243653,243654,1,1
243652,243653,243655,2,1
243652,243653,243654,1,1
243652,243653,243654,1,1
243652,243653,243654,1,1
243652,243653,243654,1,1
243652,243653,243654,1,1
243652,243653,243654,1,1
243652,243653,243654,1,1
243652,243653,243654,1,1
243652,243653,243655,2,1
243652,243653,243654,1,1
243652,243653,243654,1,1
243652,243653,243654,1,1
243652,243653,243654,1,1
243628,243628,243655,27,0
243603,243603,243663,60,0
243596,243596,243662,66,0
243607,243607,243668,61,0
243609,243609,243669,60,0
243631,243631,243678,47,0
243632,243632,243686,54,0
243688,243688,243689,1,0
243688,243688,243689,1,0
243688,243688,243689,1,0
243688,243688,243689,1,0
243688,243688,243689,1,0
243688,243688,243689,1,0
243688,243688,243689,1,0
243688,243688,243689,1,0
243688,243688,243689,1,0
243688,243688,243689,1,0
243688,243688,243689,1,0
243688,243688,243689,1,0
243688,243688,243689,1,0
243688,243688,243689,1,0
243688,243688,243689,1,0
243688,243688,243689,1,0
243688,243688,243689,1,0
243688,243688,243689,1,0
243688,243688,243689,1,0
243688,243688,243689,1,0
243688,243688,243689,1,0
243688,243688,243689,1,0
243688,243688,243689,1,0
243688,243688,243689,1,0
243688,243688,243689,1,0
243688,243688,243689,1,0
243688,243688,243689,1,0
243688,243688,243690,2,0
243688,243688,243690,2,0
243688,243688,243689,1,0
243688,243688,243690,2,0
243688,243688,243689,1,0
243688,243689,243690,1,1
243688,243688,243690,2,0
243688,243688,243689,1,0
243688,243688,243689,1,0
243688,243688,243690,2,0
243688,243688,243690,2,0
243688,243689,243690,1,1
243688,243689,243690,1,1
243688,243689,243690,1,1
243688,243688,243690,2,0
243688,243688,243689,1,0
243688,243688,243689,1,0
243688,243688,243690,2,0
243688,243688,243690,2,0
243688,243688,243689,1,0
243688,243688,243690,2,0
243688,243688,243690,2,0
243688,243688,243690,2,0
243688,243688,243689,1,0
243688,243688,243690,2,0
243688,243688,243689,1,0
243688,243688,243689,1,0
243688,243688,243690,2,0
243688,243688,243690,2,0
243688,243688,243689,1,0
243688,243688,243690,2,0
243688,243688,243690,2,0
243688,243688,243689,1,0
243688,243688,243689,1,0
243688,243688,243690,2,0
243688,243688,243690,2,0
243688,243688,243690,2,0
243688,243688,243689,1,0
243688,243689,243690,1,1
243688,243688,243690,2,0
243688,243688,243690,2,0
243688,243688,243690,2,0
243688,243688,243690,2,0
243688,243689,243690,1,1
243688,243688,243689,1,0
243688,243688,243690,2,0
243688,243688,243689,1,0
243688,243689,243690,1,1
243688,243689,243690,1,1
243688,243690,243691,1,2
243689,243690,243691,1,1
243689,243690,243691,1,1
243689,243690,243691,1,1
243689,243690,243691,1,1
243688,243689,243691,2,1
243688,243689,243691,2,1
243688,243689,243691,2,1
243688,243689,243691,2,1
243688,243689,243691,2,1
243688,243689,243691,2,1
243688,243689,243691,2,1
243688,243689,243691,2,1
243688,243689,243691,2,1
243688,243689,243691,2,1
243688,243689,243691,2,1
243688,243689,243691,2,1
243688,243689,243691,2,1
243688,243689,243691,2,1
243688,243689,243691,2,1
243688,243689,243691,2,1
243688,243689,243691,2,1
243688,243689,243691,2,1
243688,243689,243691,2,1
243688,243689,243691,2,1
243688,243689,243691,2,1
243689,243690,243691,1,1
243689,243690,243691,1,1
243689,243690,243691,1,1
243689,243690,243691,1,1
243689,243691,243692,1,2
243689,243691,243692,1,2
243689,243691,243692,1,2
243689,243691,243692,1,2
243689,243691,243692,1,2
243689,243691,243692,1,2
243689,243691,243692,1,2
243689,243691,243692,1,2
243689,243691,243692,1,2
243689,243691,243692,1,2
243689,243691,243692,1,2
243689,243691,243692,1,2
243689,243691,243692,1,2
243689,243691,243692,1,2
243689,243691,243692,1,2
243689,243691,243692,1,2
243689,243691,243692,1,2
243689,243691,243692,1,2
243689,243691,243692,1,2
243689,243691,243692,1,2
243689,243691,243692,1,2
243689,243691,243692,1,2
243689,243691,243692,1,2
243689,243691,243692,1,2
243614,243614,243701,87,0
243688,243688,243703,15,0
243616,243616,243705,89,0
243688,243690,243705,15,2
243606,243606,243708,102,0
243619,243619,243709,90,0
243624,243624,243714,90,0
243611,243613,243720,107,2
243621,243621,243731,110,0
243737,243737,243738,1,0
243737,243737,243738,1,0
243737,243738,243739,1,1
243737,243737,243738,1,0
243737,243737,243738,1,0
243737,243738,243739,1,1
243737,243738,243739,1,1
243737,243737,243738,1,0
243737,243737,243739,2,0
243737,243737,243739,2,0
243738,243738,243739,1,0
243737,243737,243738,1,0
243737,243737,243738,1,0
243737,243737,243739,2,0
243737,243738,243739,1,1
243737,243737,243738,1,0
243738,243738,243739,1,0
243737,243737,243738,1,0
243737,243737,243739,2,0
243737,243737,243739,2,0
243737,243738,243739,1,1
243738,243738,243739,1,0
243737,243737,243738,1,0
243737,243737,243739,2,0
243737,243738,243739,1,1
243737,243737,243739,2,0
243737,243737,243739,2,0
243737,243738,243739,1,1
243738,243738,243739,1,0
243738,243738,243739,1,0
243737,243737,243739,2,0
243737,243738,243739,1,1
243738,243738,243739,1,0
243738,243738,243739,1,0
243738,243738,243739,1,0
243737,243738,243739,1,1
243738,243738,243739,1,0
243738,243738,243739,1,0
243737,243737,243739,2,0
243737,243737,243739,2,0
243737,243738,243739,1,1
243737,243738,243739,1,1
243737,243738,243739,1,1
243738,243739,243740,1,1
243738,243739,243740,1,1
243737,243737,243739,2,0
243737,243737,243739,2,0
243737,243738,243739,1,1
243737,243738,243739,1,1
243737,243738,243739,1,1
243738,243739,243740,1,1
243737,243738,243740,2,1
243737,243738,243739,1,1
243737,243738,243739,1,1
243738,243739,243740,1,1
243737,243737,243739,2,0
243737,243738,243739,1,1
243737,243738,243739,1,1
243737,243738,243739,1,1
243737,243738,243739,1,1
243737,243737,243739,2,0
243737,243737,243739,2,0
243737,243738,243739,1,1
243737,243738,243739,1,1
243738,243739,243740,1,1
243737,243737,243739,2,0
243737,243738,243739,1,1
243737,243738,243739,1,1
243737,243738,243739,1,1
243738,243739,243740,1,1
243738,243739,243740,1,1
243737,243737,243739,2,0
243737,243738,243739,1,1
243737,243738,243739,1,1
243738,243739,243740,1,1
243737,243737,243739,2,0
243737,243738,243739,1,1
243737,243738,243739,1,1
243738,243739,243740,1,1
243737,243737,243739,2,0
243737,243738,243739,1,1
243737,243738,243739,1,1
243738,243739,243740,1,1
243737,243737,243739,2,0
243737,243738,243739,1,1
243737,243738,243739,1,1
243738,243739,243740,1,1
243738,243739,243740,1,1
243738,243739,243740,1,1
243738,243739,243740,1,1
243738,243739,243741,2,1
243738,243739,243740,1,1
243738,243739,243740,1,1
243738,243739,243740,1,1
243738,243739,243740,1,1
243738,243739,243740,1,1
243738,243739,243740,1,1
243738,243739,243740,1,1
243738,243739,243741,2,1
243738,243739,243741,2,1
243738,243739,243741,2,1
243738,243739,243741,2,1
243738,243739,243741,2,1
243738,243739,243741,2,1
243738,243739,243741,2,1
243738,243739,243741,2,1
243738,243739,243741,2,1
243738,243739,243741,2,1
243738,243741,243742,1,3
243738,243739,243741,2,1
243738,243739,243741,2,1
243738,243739,243741,2,1
243738,243741,243742,1,3
243738,243739,243741,2,1
243738,243741,243742,1,3
243738,243741,243742,1,3
243738,243741,243742,1,3
243738,243741,243742,1,3
243738,243741,243742,1,3
243738,243739,243741,2,1
243738,243739,243741,2,1
243738,243741,243742,1,3
243738,243741,243742,1,3
243738,243741,243742,1,3
243738,243739,243741,2,1
243738,243739,243741,2,1
243738,243741,243742,1,3
243738,243741,243742,1,3
243738,243741,243742,1,3
243738,243740,243742,2,2
243738,243741,243742,1,3
243738,243741,243742,1,3
243738,243741,243742,1,3
243738,243741,243743,2,3
243738,243741,243742,1,3
243738,243741,243742,1,3
243738,243741,243742,1,3
243738,243741,243742,1,3
243738,243741,243742,1,3
243738,243741,243742,1,3
243738,243742,243743,1,4
243738,243741,243742,1,3
243738,243741,243742,1,3
243738,243741,243743,2,3
243738,243741,243742,1,3
243738,243741,243742,1,3
243738,243741,243742,1,3
243738,243741,243742,1,3
243738,243741,243742,1,3
243738,243742,243743,1,4
243738,243741,243742,1,3
243738,243741,243742,1,3
243738,243741,243742,1,3
243738,243741,243742,1,3
243738,243741,243742,1,3
243738,243741,243742,1,3
243738,243741,243742,1,3
243738,243741,243742,1,3
243738,243741,243742,1,3
243738,243741,243742,1,3
243738,243742,243743,1,4
243738,243742,243743,1,4
243738,243741,243742,1,3
243738,243741,243742,1,3
243738,243741,243742,1,3
243738,243741,243742,1,3
243738,243741,243742,1,3
243738,243741,243742,1,3
243738,243741,243742,1,3
243738,243741,243742,1,3
243738,243741,243742,1,3
243738,243742,243743,1,4
243738,243741,243743,2,3
243738,243742,243743,1,4
243738,243742,243743,1,4
243738,243742,243743,1,4
243738,243742,243743,1,4
243738,243742,243743,1,4
243738,243742,243743,1,4
243738,243742,243743,1,4
243738,243742,243743,1,4
243738,243742,243743,1,4
243738,243742,243743,1,4
243738,243742,243743,1,4
243738,243742,243743,1,4
243738,243742,243743,1,4
243738,243742,243743,1,4
243738,243742,243743,1,4
243738,243742,243743,1,4
243738,243742,243743,1,4
243738,243742,243743,1,4
243738,243742,243746,4,4
243738,243742,243746,4,4
243738,243742,243746,4,4
243653,243654,243752,98,1
243627,243627,243756,129,0
243738,243742,243790,48,4
243818,243818,243819,1,0
243818,243818,243819,1,0
243818,243818,243820,2,0
243818,243818,243819,1,0
243818,243818,243819,1,0
243818,243818,243820,2,0
243818,243818,243819,1,0
243818,243818,243819,1,0
243818,243818,243820,2,0
243818,243818,243820,2,0
243818,243819,243820,1,1
243818,243818,243819,1,0
243818,243818,243819,1,0
243818,243818,243819,1,0
243818,243818,243819,1,0
243818,243818,243820,2,0
243818,243818,243820,2,0
243818,243818,243819,1,0
243818,243818,243819,1,0
243818,243818,243819,1,0
243818,243818,243820,2,0
243818,243818,243820,2,0
243818,243818,243819,1,0
243818,243818,243820,2,0
243818,243818,243820,2,0
243818,243818,243819,1,0
243818,243818,243820,2,0
243818,243819,243820,1,1
243818,243819,243820,1,1
243818,243818,243820,2,0
243818,243818,243819,1,0
243818,243818,243819,1,0
243818,243819,243820,1,1
243818,243819,243820,1,1
243818,243818,243819,1,0
243818,243819,243820,1,1
243818,243819,243820,1,1
243818,243818,243820,2,0
243818,243819,243820,1,1
243818,243819,243820,1,1
243818,243819,243820,1,1
243818,243820,243821,1,2
243819,243820,243821,1,1
243818,243818,243820,2,0
243818,243819,243820,1,1
243818,243819,243820,1,1
243818,243819,243820,1,1
243819,243820,243821,1,1
243818,243819,243820,1,1
243818,243818,243820,2,0
243818,243819,243820,1,1
243818,243819,243820,1,1
243818,243820,243821,1,2
243819,243820,243821,1,1
243818,243818,243820,2,0
243818,243819,243820,1,1
243818,243819,243820,1,1
243819,243820,243821,1,1
243818,243819,243820,1,1
243818,243819,243820,1,1
243818,243820,243821,1,2
243818,243819,243820,1,1
243818,243819,243820,1,1
243819,243820,243821,1,1
243818,243819,243820,1,1
243818,243819,243820,1,1
243818,243819,243820,1,1
243819,243820,243821,1,1
243818,243819,243820,1,1
243818,243819,243820,1,1
243819,243820,243821,1,1
243818,243819,243820,1,1
243818,243819,243820,1,1
243819,243820,243821,1,1
243818,243819,243821,2,1
243818,243819,243821,2,1
243818,243820,243822,2,2
243819,243820,243822,2,1
243819,243820,243822,2,1
243819,243820,243822,2,1
243819,243820,243822,2,1
243818,243820,243821,1,2
243818,243820,243821,1,2
243819,243820,243822,2,1
243819,243820,243822,2,1
243819,243820,243822,2,1
243818,243820,243821,1,2
243818,243820,243822,2,2
243818,243820,243822,2,2
243819,243820,243821,1,1
243819,243820,243822,2,1
243818,243820,243822,2,2
243818,243820,243822,2,2
243819,243820,243821,1,1
243819,243820,243822,2,1
243818,243820,243822,2,2
243818,243820,243822,2,2
243819,243820,243822,2,1
243819,243820,243822,2,1
243819,243820,243821,1,1
243819,243820,243821,1,1
243819,243820,243822,2,1
243818,243820,243822,2,2
243818,243820,243821,1,2
243818,243820,243821,1,2
243819,243820,243821,1,1
243819,243820,243822,2,1
243818,243820,243822,2,2
243818,243820,243821,1,2
243818,243820,243821,1,2
243819,243820,243822,2,1
243819,243820,243822,2,1
243818,243820,243821,1,2
243819,243820,243821,1,1
243819,243821,243822,1,2
243819,243821,243822,1,2
243819,243821,243822,1,2
243819,243821,243822,1,2
243819,243820,243822,2,1
243818,243820,243829,9,2
243818,243820,243829,9,2
243882,243882,243884,2,0
243882,243882,243883,1,0
243882,243882,243884,2,0
243882,243882,243883,1,0
243882,243882,243883,1,0
243882,243882,243883,1,0
243882,243882,243884,2,0
243882,243882,243884,2,0
243882,243882,243883,1,0
243882,243882,243884,2,0
243882,243882,243883,1,0
243882,243882,243884,2,0
243882,243882,243884,2,0
243882,243882,243883,1,0
243882,243882,243884,2,0
243882,243882,243883,1,0
243882,243882,243883,1,0
243882,243882,243883,1,0
243882,243882,243884,2,0
243882,243883,243884,1,1
243882,243882,243883,1,0
243882,243882,243883,1,0
243882,243882,243884,2,0
243882,243882,243884,2,0
243882,243883,243884,1,1
243882,243882,243883,1,0
243882,243882,243884,2,0
243882,243882,243884,2,0
243882,243882,243884,2,0
243882,243883,243884,1,1
243882,243883,243884,1,1
243882,243883,243884,1,1
243882,243883,243884,1,1
243882,243883,243884,1,1
243882,243883,243884,1,1
243882,243882,243884,2,0
243882,243883,243884,1,1
243882,243883,243884,1,1
243882,243883,243884,1,1
243882,243882,243884,2,0
243882,243883,243884,1,1
243882,243883,243884,1,1
243882,243882,243884,2,0
243882,243882,243884,2,0
243882,243883,243884,1,1
243882,243883,243884,1,1
243882,243882,243884,2,0
243882,243883,243884,1,1
243882,243883,243884,1,1
243882,243883,243884,1,1
243882,243882,243884,2,0
243882,243883,243884,1,1
243882,243883,243884,1,1
243882,243882,243884,2,0
243882,243883,243884,1,1
243882,243883,243884,1,1
243882,243883,243884,1,1
243882,243883,243884,1,1
243882,243883,243884,1,1
243882,243883,243884,1,1
243883,243883,243927,44,0
243930,243931,243932,1,1
243930,243931,243932,1,1
243930,243931,243932,1,1
243930,243931,243932,1,1
243930,243931,243932,1,1
243930,243931,243932,1,1
243930,243931,243932,1,1
243930,243931,243932,1,1
243930,243931,243932,1,1
243930,243931,243932,1,1
243930,243931,243932,1,1
243930,243931,243932,1,1
243930,243931,243932,1,1
243930,243931,243932,1,1
243930,243931,243932,1,1
243930,243931,243932,1,1
243930,243931,243932,1,1
243930,243931,243932,1,1
243930,243931,243932,1,1
243930,243931,243932,1,1
243930,243931,243932,1,1
243930,243931,243932,1,1
243930,243931,243932,1,1
243930,243931,243932,1,1
243930,243931,243932,1,1
243930,243931,243932,1,1
243963,243963,243964,1,0
243963,243963,243964,1,0
243963,243963,243964,1,0
243963,243963,243964,1,0
243963,243963,243964,1,0
243963,243963,243964,1,0
243963,243963,243964,1,0
243963,243963,243964,1,0
243963,243963,243964,1,0
243963,243963,243964,1,0
243963,243963,243965,2,0
243963,243963,243965,2,0
243963,243963,243965,2,0
243963,243963,243965,2,0
243963,243963,243965,2,0
243963,243963,243965,2,0
243963,243963,243965,2,0
243963,243963,243965,2,0
243963,243963,243965,2,0
243963,243963,243965,2,0
243963,243963,243965,2,0
243963,243963,243966,3,0
243963,243964,243965,1,1
243963,243963,243965,2,0
243963,243963,243966,3,0
243963,243963,243965,2,0
243963,243963,243965,2,0
243963,243963,243965,2,0
243963,243963,243965,2,0
243963,243963,243965,2,0
243963,243963,243965,2,0
243963,243963,243965,2,0
243963,243963,243965,2,0
243963,243963,243965,2,0
243931,243931,243991,60,0
243997,243997,243998,1,0
243997,243997,243998,1,0
243997,243997,243998,1,0
243997,243997,243998,1,0
243997,243997,243998,1,0
243997,243997,243998,1,0
243997,243997,243998,1,0
243997,243997,243998,1,0
243997,243997,243998,1,0
243997,243997,243998,1,0
243997,243997,243998,1,0
243997,243997,243998,1,0
243997,243997,243998,1,0
243997,243997,243998,1,0
243997,243997,243998,1,0
243997,243997,243998,1,0
243997,243997,243999,2,0
243997,243997,243998,1,0
243997,243997,243998,1,0
243997,243997,243999,2,0
243997,243997,243998,1,0
243997,243997,243998,1,0
243997,243997,243999,2,0
243997,243997,243998,1,0
243997,243997,243998,1,0
243997,243997,243999,2,0
243997,243997,243998,1,0
243997,243997,243999,2,0
243997,243997,243998,1,0
243997,243997,243998,1,0
243997,243997,243998,1,0
243997,243997,243998,1,0
243997,243997,243999,2,0
243997,243997,243999,2,0
243997,243997,244053,56,0
244054,244054,244055,1,0
244054,244054,244055,1,0
244054,244054,244055,1,0
244054,244054,244055,1,0
244054,244054,244055,1,0
244054,244054,244055,1,0
244054,244054,244055,1,0
244054,244054,244055,1,0
244054,244054,244055,1,0
244054,244054,244055,1,0
244054,244054,244055,1,0
244054,244054,244055,1,0
244054,244054,244055,1,0
244054,244054,244055,1,0
244054,244054,244055,1,0
244054,244054,244055,1,0
244054,244054,244055,1,0
244054,244054,244055,1,0
244054,244054,244055,1,0
244054,244054,244055,1,0
244054,244054,244055,1,0
244054,244054,244055,1,0
244054,244054,244055,1,0
244054,244054,244055,1,0
244054,244054,244055,1,0
244054,244054,244055,1,0
244054,244054,244055,1,0
244054,244054,244055,1,0
244054,244054,244056,2,0
244054,244054,244067,13,0
244014,244014,244071,57,0
244038,244038,244082,44,0
244032,244033,244083,50,1
244086,244086,244087,1,0
244086,244086,244088,2,0
244086,244086,244088,2,0
244086,244086,244088,2,0
244086,244086,244087,1,0
244086,244086,244087,1,0
244086,244086,244087,1,0
244086,244087,244088,1,1
244086,244086,244088,2,0
244086,244086,244088,2,0
244086,244086,244087,1,0
244086,244086,244087,1,0
244086,244087,244088,1,1
244086,244086,244087,1,0
244086,244086,244087,1,0
244086,244087,244088,1,1
244086,244086,244088,2,0
244086,244086,244088,2,0
244087,244087,244088,1,0
244087,244088,244089,1,1
244087,244088,244089,1,1
244087,244088,244089,1,1
244088,244088,244089,1,0
244088,244088,244089,1,0
244086,244086,244088,2,0
244087,244087,244088,1,0
244087,244087,244088,1,0
244087,244087,244088,1,0
244087,244088,244089,1,1
244088,244088,244089,1,0
244086,244086,244088,2,0
244087,244087,244088,1,0
244087,244087,244088,1,0
244087,244087,244088,1,0
244087,244087,244088,1,0
244086,244086,244088,2,0
244086,244086,244088,2,0
244087,244087,244088,1,0
244087,244087,244088,1,0
244087,244087,244088,1,0
244088,244088,244089,1,0
244086,244086,244088,2,0
244087,244087,244088,1,0
244087,244087,244088,1,0
244087,244087,244088,1,0
244088,244088,244089,1,0
244088,244088,244089,1,0
244086,244086,244088,2,0
244087,244087,244088,1,0
244087,244087,244088,1,0
244087,244087,244088,1,0
244088,244088,244089,1,0
244086,244086,244088,2,0
244087,244087,244088,1,0
244087,244087,244088,1,0
244088,244088,244089,1,0
244088,244088,244089,1,0
244088,244088,244089,1,0
244088,244088,244089,1,0
244086,244087,244089,2,1
244036,244037,244089,52,1
244086,244087,244090,3,1
244088,244088,244090,2,0
244088,244088,244090,2,0
244088,244088,244089,1,0
244088,244088,244090,2,0
244088,244088,244090,2,0
244088,244088,244090,2,0
244088,244088,244090,2,0
244088,244088,244090,2,0
244088,244088,244090,2,0
244088,244088,244090,2,0
244088,244088,244090,2,0
244088,244090,244091,1,2
244088,244088,244090,2,0
244088,244088,244090,2,0
244088,244088,244090,2,0
244034,244034,244091,57,0
244039,244039,244090,51,0
244086,244090,244091,1,4
244087,244090,244091,1,3
244086,244089,244091,2,3
244088,244090,244091,1,2
244086,244090,244091,1,4
244086,244086,244093,7,0
244086,244088,244093,5,2
244042,244042,244093,51,0
244041,244041,244093,52,0
244086,244088,244093,5,2
244057,244057,244103,46,0
244047,244048,244106,58,1
244050,244050,244109,59,0
244109,244109,244110,1,0
244109,244109,244110,1,0
244109,244109,244110,1,0
244109,244109,244110,1,0
244109,244109,244110,1,0
244109,244109,244110,1,0
244109,244109,244110,1,0
244109,244109,244110,1,0
244109,244109,244110,1,0
244109,244109,244110,1,0
244109,244109,244110,1,0
244109,244109,244110,1,0
244109,244109,244110,1,0
244109,244109,244110,1,0
244109,244109,244110,1,0
244109,244109,244110,1,0
244109,244109,244110,1,0
244109,244109,244110,1,0
244109,244109,244110,1,0
244109,244109,244110,1,0
244109,244109,244110,1,0
244109,244109,244110,1,0
244109,244109,244110,1,0
244109,244109,244110,1,0
244109,244109,244110,1,0
244109,244109,244110,1,0
244109,244109,244110,1,0
244109,244109,244111,2,0
244109,244109,244110,1,0
244109,244109,244110,1,0
244109,244110,244111,1,1
244109,244110,244111,1,1
244109,244109,244110,1,0
244109,244109,244110,1,0
244109,244110,244111,1,1
244109,244110,244111,1,1
244109,244110,244111,1,1
244109,244109,244110,1,0
244109,244109,244110,1,0
244109,244109,244110,1,0
244109,244110,244111,1,1
244109,244109,244110,1,0
244109,244109,244110,1,0
244109,244109,244110,1,0
244109,244109,244110,1,0
244109,244109,244110,1,0
244109,244109,244110,1,0
244109,244109,244110,1,0
244109,244109,244110,1,0
244109,244109,244110,1,0
244109,244109,244110,1,0
244109,244109,244110,1,0
244109,244109,244110,1,0
244109,244109,244110,1,0
244109,244109,244110,1,0
244109,244109,244110,1,0
244109,244109,244111,2,0
244109,244109,244110,1,0
244109,244109,244110,1,0
244109,244110,244111,1,1
244109,244110,244111,1,1
244109,244109,244110,1,0
244109,244109,244111,2,0
244109,244109,244110,1,0
244109,244109,244110,1,0
244109,244110,244111,1,1
244109,244109,244110,1,0
244109,244109,244110,1,0
244109,244109,244110,1,0
244109,244109,244110,1,0
244109,244109,244110,1,0
244109,244110,244111,1,1
244109,244110,244111,1,1
244109,244109,244110,1,0
244109,244109,244110,1,0
244109,244109,244110,1,0
244109,244110,244111,1,1
244109,244110,244111,1,1
244109,244110,244111,1,1
244109,244110,244112,2,1
244109,244110,244111,1,1
244109,244110,244112,2,1
244109,244110,244112,2,1
244109,244110,244111,1,1
244109,244110,244111,1,1
244109,244110,244111,1,1
244109,244110,244111,1,1
244109,244110,244111,1,1
244109,244110,244111,1,1
244109,244110,244111,1,1
244109,244110,244111,1,1
244109,244111,244112,1,2
244109,244111,244112,1,2
244109,244111,244112,1,2
244109,244111,244112,1,2
244109,244111,244112,1,2
244109,244111,244112,1,2
244109,244111,244112,1,2
244109,244111,244112,1,2
244109,244111,244112,1,2
244109,244110,244112,2,1
244109,244110,244112,2,1
244109,244110,244112,2,1
244109,244112,244113,1,3
244109,244110,244112,2,1
244109,244110,244112,2,1
244109,244112,244113,1,3
244109,244110,244112,2,1
244109,244110,244112,2,1
244109,244112,244113,1,3
244109,244111,244112,1,2
244109,244112,244113,1,3
244109,244112,244113,1,3
244109,244111,244113,2,2
244109,244111,244113,2,2
244109,244111,244113,2,2
244109,244111,244113,2,2
244109,244112,244113,1,3
244109,244112,244113,1,3
244109,244112,244114,2,3
244109,244112,244113,1,3
244109,244112,244113,1,3
244109,244112,244113,1,3
244109,244112,244113,1,3
244109,244112,244113,1,3
244109,244112,244113,1,3
244109,244112,244113,1,3
244109,244112,244113,1,3
244109,244112,244113,1,3
244109,244112,244114,2,3
244109,244112,244113,1,3
244109,244112,244113,1,3
244109,244112,244114,2,3
244109,244112,244114,2,3
244109,244112,244114,2,3
244109,244112,244113,1,3
244109,244112,244113,1,3
244109,244112,244113,1,3
244109,244112,244113,1,3
244109,244112,244113,1,3
244109,244112,244114,2,3
244109,244112,244113,1,3
244109,244112,244113,1,3
244109,244112,244114,2,3
244109,244112,244114,2,3
244109,244112,244113,1,3
244109,244112,244113,1,3
244109,244112,244113,1,3
244109,244112,244114,2,3
244109,244112,244114,2,3
244109,244112,244113,1,3
244109,244112,244114,2,3
244109,244112,244114,2,3
244109,244112,244114,2,3
244109,244112,244114,2,3
244053,244053,244119,66,0
244056,244056,244121,65,0
244089,244090,244134,44,1
244059,244059,244138,79,0
244045,244045,244140,95,0
244065,244065,244142,77,0
244060,244061,244144,83,1
244069,244069,244146,77,0
244064,244064,244153,89,0
244110,244112,244166,54,2
244176,244176,244177,1,0
244176,244176,244177,1,0
244176,244176,244177,1,0
244176,244176,244177,1,0
244176,244176,244177,1,0
244176,244176,244177,1,0
244176,244176,244177,1,0
244176,244176,244177,1,0
244176,244176,244177,1,0
244176,244176,244177,1,0
244176,244176,244177,1,0
244176,244176,244177,1,0
244176,244176,244177,1,0
244176,244176,244177,1,0
244176,244176,244177,1,0
244176,244176,244177,1,0
244176,244176,244177,1,0
244176,244176,244177,1,0
244176,244176,244177,1,0
244176,244176,244177,1,0
244176,244176,244177,1,0
244176,244176,244177,1,0
244176,244176,244177,1,0
244176,244176,244177,1,0
244176,244176,244177,1,0
244176,244176,244177,1,0
244176,244176,244177,1,0
244176,244176,244177,1,0
244176,244176,244178,2,0
244176,244176,244177,1,0
244176,244176,244177,1,0
244176,244176,244177,1,0
244176,244176,244177,1,0
244176,244176,244177,1,0
244176,244176,244177,1,0
244176,244176,244177,1,0
244176,244176,244178,2,0
244176,244176,244178,2,0
244176,244176,244178,2,0
244176,244176,244178,2,0
244176,244176,244178,2,0
244176,244176,244178,2,0
244176,244176,244178,2,0
244176,244176,244178,2,0
244176,244176,244178,2,0
244176,244176,244178,2,0
244176,244176,244178,2,0
244176,244176,244178,2,0
244176,244178,244179,1,2
244176,244176,244178,2,0
244176,244176,244178,2,0
244176,244176,244178,2,0
244176,244177,244178,1,1
244176,244176,244178,2,0
244176,244176,244178,2,0
244176,244176,244178,2,0
244176,244176,244178,2,0
244176,244178,244179,1,2
244176,244176,244178,2,0
244176,244176,244178,2,0
244176,244176,244178,2,0
244176,244176,244178,2,0
244176,244178,244179,1,2
244176,244178,244179,1,2
244176,244176,244178,2,0
244176,244176,244179,3,0
244176,244176,244178,2,0
244176,244176,244178,2,0
244176,244176,244179,3,0
244176,244176,244178,2,0
244176,244177,244178,1,1
244176,244178,244179,1,2
244176,244176,244178,2,0
244176,244176,244178,2,0
244176,244176,244178,2,0
244176,244178,244179,1,2
244176,244176,244178,2,0
244176,244176,244178,2,0
244176,244178,244179,1,2
244176,244176,244178,2,0
244176,244176,244178,2,0
244176,244178,244179,1,2
244176,244176,244178,2,0
244176,244176,244179,3,0
244176,244178,244180,2,2
244176,244178,244179,1,2
244176,244178,244179,1,2
244176,244178,244180,2,2
244176,244178,244180,2,2
244176,244178,244180,2,2
244176,244178,244179,1,2
244176,244178,244179,1,2
244176,244178,244180,2,2
244176,244178,244180,2,2
244177,244179,244180,1,2
244176,244178,244179,1,2
244176,244178,244179,1,2
244176,244178,244179,1,2
244176,244178,244179,1,2
244176,244178,244180,2,2
244176,244178,244179,1,2
244176,244178,244180,2,2
244176,244178,244180,2,2
244176,244178,244179,1,2
244176,244178,244179,1,2
244176,244178,244179,1,2
244176,244178,244180,2,2
244176,244178,244180,2,2
244177,244179,244180,1,2
244176,244178,244180,2,2
244176,244178,244179,1,2
244176,244178,244179,1,2
244176,244178,244179,1,2
244176,244178,244179,1,2
244176,244178,244180,2,2
244177,244179,244180,1,2
244176,244178,244179,1,2
244176,244178,244179,1,2
244176,244179,244180,1,3
244177,244179,244180,1,2
244176,244178,244179,1,2
244176,244178,244180,2,2
244176,244179,244180,1,3
244177,244179,244180,1,2
244176,244178,244179,1,2
244176,244178,244179,1,2
244176,244178,244180,2,2
244177,244179,244180,1,2
244177,244179,244181,2,2
244177,244179,244180,1,2
244177,244179,244180,1,2
244176,244179,244180,1,3
244177,244179,244181,2,2
244177,244179,244180,1,2
244176,244179,244180,1,3
244176,244179,244180,1,3
244177,244179,244180,1,2
244177,244179,244180,1,2
244177,244179,244181,2,2
244177,244179,244180,1,2
244177,244179,244181,2,2
244177,244179,244180,1,2
244176,244179,244180,1,3
244177,244179,244180,1,2
244177,244179,244180,1,2
244177,244179,244180,1,2
244177,244179,244181,2,2
244177,244179,244181,2,2
244177,244179,244181,2,2
244177,244179,244181,2,2
244176,244178,244181,3,2
244177,244179,244181,2,2
244176,244179,244181,2,3
244177,244179,244181,2,2
244177,244179,244181,2,2
244177,244180,244181,1,3
244177,244181,244182,1,4
244177,244179,244181,2,2
244177,244179,244181,2,2
244176,244179,244181,2,3
244177,244179,244181,2,2
244177,244179,244181,2,2
244177,244181,244182,1,4
244177,244181,244182,1,4
244177,244181,244182,1,4
244177,244179,244181,2,2
244177,244181,244182,1,4
244177,244179,244181,2,2
244177,244181,244182,1,4
244177,244179,244181,2,2
244177,244181,244182,1,4
244177,244181,244182,1,4
244177,244181,244182,1,4
244177,244181,244182,1,4
244177,244181,244182,1,4
244177,244181,244182,1,4
244177,244181,244182,1,4
244177,244181,244182,1,4
244177,244181,244182,1,4
244177,244181,244182,1,4
244177,244182,244183,1,5
244177,244182,244183,1,5
244177,244182,244183,1,5
244177,244182,244183,1,5
244177,244182,244183,1,5
244177,244181,244182,1,4
244177,244181,244182,1,4
244177,244181,244183,2,4
244177,244181,244182,1,4
244177,244181,244182,1,4
244177,244181,244182,1,4
244177,244181,244182,1,4
244177,244181,244182,1,4
244177,244181,244182,1,4
244177,244181,244182,1,4
244177,244181,244182,1,4
244177,244181,244182,1,4
244177,244181,244182,1,4
244177,244181,244182,1,4
244177,244181,244182,1,4
244177,244181,244182,1,4
244177,244181,244182,1,4
244177,244181,244182,1,4
244177,244181,244182,1,4
244177,244181,244183,2,4
244177,244181,244182,1,4
244177,244181,244182,1,4
244177,244181,244182,1,4
244177,244181,244182,1,4
244177,244181,244183,2,4
244177,244181,244182,1,4
244177,244181,244182,1,4
244177,244181,244182,1,4
244177,244181,244183,2,4
244177,244181,244182,1,4
244177,244181,244182,1,4
244177,244181,244182,1,4
244177,244181,244182,1,4
244255,244256,244257,1,1
244255,244256,244257,1,1
244255,244256,244257,1,1
244255,244256,244257,1,1
244256,244256,244257,1,0
244255,244256,244257,1,1
244255,244256,244257,1,1
244256,244256,244257,1,0
244255,244256,244257,1,1
244255,244256,244257,1,1
244255,244256,244257,1,1
244256,244256,244257,1,0
244256,244256,244257,1,0
244255,244256,244257,1,1
244255,244256,244257,1,1
244256,244256,244257,1,0
244255,244256,244257,1,1
244255,244256,244257,1,1
244255,244256,244257,1,1
244256,244256,244257,1,0
244256,244256,244257,1,0
244255,244256,244257,1,1
244255,244256,244257,1,1
244255,244256,244257,1,1
244256,244256,244257,1,0
244256,244256,244257,1,0
244256,244256,244257,1,0
244255,244256,244257,1,1
244256,244256,244257,1,0
244256,244256,244257,1,0
244256,244256,244257,1,0
244255,244256,244257,1,1
244255,244256,244257,1,1
244256,244256,244257,1,0
244256,244256,244257,1,0
244255,244256,244257,1,1
244256,244256,244257,1,0
244256,244256,244257,1,0
244255,244256,244257,1,1
244256,244256,244258,2,0
244256,244256,244258,2,0
244256,244256,244257,1,0
244256,244256,244257,1,0
244256,244256,244258,2,0
244256,244256,244257,1,0
244255,244256,244257,1,1
244256,244256,244258,2,0
244256,244256,244257,1,0
244256,244256,244257,1,0
244256,244256,244257,1,0
244256,244256,244257,1,0
244256,244256,244258,2,0
244256,244256,244257,1,0
244256,244257,244258,1,1
244256,244256,244258,2,0
244256,244256,244257,1,0
244256,244256,244258,2,0
244256,244256,244257,1,0
244256,244257,244258,1,1
244256,244256,244257,1,0
244256,244256,244258,2,0
244256,244256,244257,1,0
244256,244257,244258,1,1
244256,244256,244257,1,0
244256,244256,244257,1,0
244256,244256,244257,1,0
244256,244257,244258,1,1
244256,244257,244259,2,1
244256,244257,244258,1,1
244256,244257,244259,2,1
244256,244257,244259,2,1
244256,244257,244258,1,1
244256,244257,244259,2,1
244256,244257,244259,2,1
244256,244257,244259,2,1
244256,244257,244258,1,1
244256,244257,244259,2,1
244256,244257,244259,2,1
244256,244257,244258,1,1
244256,244257,244258,1,1
244256,244257,244259,2,1
244256,244257,244259,2,1
244256,244257,244258,1,1
244256,244256,244270,14,0
244256,244256,244270,14,0
244256,244257,244270,13,1
244256,244257,244270,13,1
244256,244257,244304,47,1
244319,244319,244320,1,0
244319,244319,244320,1,0
244319,244319,244320,1,0
244319,244319,244320,1,0
244319,244319,244320,1,0
244319,244319,244320,1,0
244319,244319,244320,1,0
244319,244319,244320,1,0
244319,244319,244320,1,0
244319,244319,244320,1,0
244319,244319,244320,1,0
244319,244319,244320,1,0
244319,244319,244320,1,0
244319,244319,244320,1,0
244319,244319,244320,1,0
244319,244319,244320,1,0
244319,244319,244320,1,0
244319,244319,244320,1,0
244319,244319,244320,1,0
244319,244319,244320,1,0
244319,244319,244320,1,0
244319,244319,244320,1,0
244319,244319,244320,1,0
244319,244319,244320,1,0
244319,244319,244320,1,0
244319,244319,244320,1,0
244319,244319,244320,1,0
244319,244319,244321,2,0
244319,244319,244320,1,0
244319,244319,244321,2,0
244319,244319,244321,2,0
244319,244319,244321,2,0
244319,244319,244321,2,0
244319,244319,244320,1,0
244319,244319,244321,2,0
244319,244319,244321,2,0
244319,244319,244320,1,0
244319,244319,244321,2,0
244319,244319,244321,2,0
244319,244319,244321,2,0
244319,244319,244321,2,0
244319,244319,244321,2,0
244319,244319,244321,2,0
244319,244319,244321,2,0
244319,244319,244321,2,0
244319,244319,244321,2,0
244319,244319,244321,2,0
244319,244319,244320,1,0
244319,244319,244321,2,0
244319,244319,244321,2,0
244319,244319,244321,2,0
244319,244319,244321,2,0
244319,244319,244320,1,0
244319,244319,244321,2,0
244319,244319,244321,2,0
244319,244319,244321,2,0
244319,244319,244321,2,0
244319,244319,244321,2,0
244319,244319,244321,2,0
244319,244319,244320,1,0
244319,244319,244321,2,0
244319,244319,244321,2,0
244319,244319,244321,2,0
244319,244319,244320,1,0
244319,244319,244321,2,0
244319,244319,244321,2,0
244319,244319,244321,2,0
244319,244319,244322,3,0
244368,244368,244369,1,0
244368,244368,244369,1,0
244368,244368,244369,1,0
244368,244368,244369,1,0
244368,244368,244369,1,0
244368,244368,244369,1,0
244368,244368,244369,1,0
244368,244368,244369,1,0
244368,244368,244370,2,0
244368,244368,244369,1,0
244368,244368,244369,1,0
244368,244368,244369,1,0
244368,244368,244369,1,0
244368,244368,244369,1,0
244368,244368,244369,1,0
244368,244368,244370,2,0
244368,244368,244369,1,0
244368,244368,244369,1,0
244368,244368,244369,1,0
244368,244368,244369,1,0
244368,244368,244369,1,0
244368,244368,244369,1,0
244400,244400,244401,1,0
244400,244400,244401,1,0
244400,244400,244401,1,0
244400,244400,244401,1,0
244400,244400,244401,1,0
244400,244400,244401,1,0
244400,244400,244401,1,0
244400,244400,244401,1,0
244400,244400,244401,1,0
244400,244400,244401,1,0
244400,244400,244401,1,0
244400,244400,244401,1,0
244400,244400,244401,1,0
244400,244400,244401,1,0
244400,244400,244401,1,0
244400,244400,244401,1,0
244400,244400,244401,1,0
244400,244400,244401,1,0
244400,244400,244401,1,0
244400,244400,244401,1,0
244400,244400,244401,1,0
244400,244400,244401,1,0
244400,244400,244401,1,0
244400,244400,244401,1,0
244400,244400,244401,1,0
244368,244368,244424,56,0
244433,244434,244435,1,1
244433,244434,244435,1,1
244433,244434,244435,1,1
244433,244434,244435,1,1
244433,244434,244435,1,1
244433,244434,244435,1,1
244433,244434,244435,1,1
244433,244434,244435,1,1
244433,244434,244435,1,1
244433,244434,244435,1,1
244433,244434,244435,1,1
244433,244434,244435,1,1
244433,244434,244435,1,1
244433,244434,244435,1,1
244433,244434,244435,1,1
244433,244434,244435,1,1
244433,244434,244435,1,1
244433,244434,244435,1,1
244433,244434,244435,1,1
244433,244434,244435,1,1
244433,244434,244435,1,1
244433,244434,244435,1,1
244433,244434,244435,1,1
244433,244434,244435,1,1
244433,244434,244435,1,1
244433,244434,244435,1,1
244400,244400,244446,46,0
244450,244450,244451,1,0
244450,244450,244451,1,0
244450,244450,244451,1,0
244450,244450,244451,1,0
244450,244450,244451,1,0
244450,244450,244451,1,0
244450,244450,244451,1,0
244450,244450,244451,1,0
244450,244450,244451,1,0
244450,244450,244451,1,0
244450,244450,244451,1,0
244450,244450,244451,1,0
244450,244450,244451,1,0
244450,244450,244452,2,0
244450,244450,244451,1,0
244450,244450,244451,1,0
244450,244450,244452,2,0
244450,244450,244451,1,0
244450,244450,244452,2,0
244450,244450,244452,2,0
244450,244450,244452,2,0
244450,244450,244452,2,0
244450,244450,244451,1,0
244450,244450,244452,2,0
244450,244450,244451,1,0
244450,244450,244451,1,0
244450,244450,244452,2,0
244450,244450,244451,1,0
244450,244450,244452,2,0
244450,244450,244451,1,0
244450,244450,244452,2,0
244450,244450,244452,2,0
244450,244450,244452,2,0
244450,244450,244452,2,0
244451,244451,244499,48,0
244501,244501,244502,1,0
244501,244501,244502,1,0
244501,244501,244502,1,0
244501,244501,244502,1,0
244501,244501,244502,1,0
244501,244501,244502,1,0
244501,244501,244502,1,0
244501,244501,244502,1,0
244501,244501,244502,1,0
244501,244501,244502,1,0
244501,244501,244502,1,0
244501,244501,244503,2,0
244501,244501,244502,1,0
244501,244501,244502,1,0
244501,244501,244503,2,0
244501,244501,244502,1,0
244501,244501,244503,2,0
244501,244501,244502,1,0
244501,244501,244503,2,0
244501,244501,244502,1,0
244501,244501,244502,1,0
244501,244501,244503,2,0
244501,244501,244502,1,0
244501,244501,244502,1,0
244501,244501,244503,2,0
244501,244501,244502,1,0
244501,244501,244502,1,0
244501,244501,244503,2,0
244501,244501,244502,1,0
244501,244501,244502,1,0
244501,244501,244502,1,0
244501,244501,244502,1,0
244501,244501,244502,1,0
244501,244501,244502,1,0
244488,244488,244535,47,0
244537,244537,244538,1,0
244537,244537,244538,1,0
244537,244537,244538,1,0
244537,244537,244538,1,0
244537,244537,244538,1,0
244537,244537,244538,1,0
244537,244537,244538,1,0
244537,244537,244538,1,0
244537,244537,244538,1,0
244537,244537,244539,2,0
244537,244537,244538,1,0
244537,244537,244539,2,0
244537,244537,244538,1,0
244537,244537,244538,1,0
244537,244537,244539,2,0
244537,244537,244538,1,0
244537,244537,244539,2,0
244537,244537,244539,2,0
244537,244537,244539,2,0
244537,244537,244539,2,0
244537,244537,244539,2,0
244537,244537,244538,1,0
244492,244492,244539,47,0
244537,244537,244539,2,0
244537,244537,244538,1,0
244537,244537,244539,2,0
244537,244537,244538,1,0
244537,244539,244540,1,2
244537,244539,244540,1,2
244537,244539,244540,1,2
244537,244539,244541,2,2
244541,244541,244542,1,0
244541,244541,244542,1,0
244537,244537,244542,5,0
244541,244541,244542,1,0
244541,244541,244542,1,0
244541,244541,244542,1,0
244541,244541,244542,1,0
244541,244541,244542,1,0
244541,244541,244542,1,0
244541,244541,244542,1,0
244541,244541,244542,1,0
244541,244541,244542,1,0
244541,244541,244542,1,0
244541,244541,244542,1,0
244541,244541,244542,1,0
244541,244541,244542,1,0
244541,244541,244542,1,0
244541,244541,244542,1,0
244541,244541,244542,1,0
244541,244541,244542,1,0
244541,244541,244542,1,0
244541,244541,244542,1,0
244541,244541,244542,1,0
244541,244541,244542,1,0
244541,244541,244542,1,0
244541,244541,244542,1,0
244489,244489,244543,54,0
244486,244486,244545,59,0
244537,244537,244543,6,0
244537,244537,244543,6,0
244537,244537,244543,6,0
244491,244491,244545,54,0
244499,244499,244553,54,0
244494,244494,244557,63,0
244560,244561,244562,1,1
244560,244561,244562,1,1
244561,244561,244562,1,0
244560,244561,244562,1,1
244560,244561,244562,1,1
244561,244561,244562,1,0
244560,244561,244562,1,1
244561,244561,244562,1,0
244560,244561,244562,1,1
244560,244561,244562,1,1
244561,244561,244562,1,0
244560,244561,244562,1,1
244560,244561,244562,1,1
244561,244561,244562,1,0
244560,244561,244562,1,1
244560,244561,244562,1,1
244561,244561,244562,1,0
244560,244561,244562,1,1
244561,244561,244562,1,0
244561,244561,244562,1,0
244560,244561,244562,1,1
244560,244561,244562,1,1
244560,244561,244562,1,1
244561,244561,244562,1,0
244561,244561,244562,1,0
244560,244561,244562,1,1
244560,244561,244562,1,1
244560,244561,244563,2,1
244560,244561,244562,1,1
244561,244561,244562,1,0
244561,244562,244563,1,1
244561,244562,244563,1,1
244561,244562,244563,1,1
244560,244561,244562,1,1
244561,244561,244562,1,0
244561,244561,244562,1,0
244561,244562,244563,1,1
244561,244562,244563,1,1
244561,244562,244563,1,1
244560,244561,244562,1,1
244561,244561,244562,1,0
244561,244561,244563,2,0
244561,244561,244562,1,0
244560,244561,244562,1,1
244561,244561,244563,2,0
244561,244561,244562,1,0
244561,244561,244562,1,0
244560,244561,244562,1,1
244560,244561,244562,1,1
244561,244561,244563,2,0
244561,244561,244563,2,0
244561,244561,244562,1,0
244560,244561,244562,1,1
244561,244561,244562,1,0
244561,244561,244562,1,0
244561,244561,244562,1,0
244560,244561,244562,1,1
244561,244561,244562,1,0
244561,244561,244562,1,0
244561,244561,244562,1,0
244561,244562,244563,1,1
244560,244561,244562,1,1
244561,244561,244562,1,0
244561,244561,244562,1,0
244561,244561,244562,1,0
244561,244561,244562,1,0
244561,244561,244562,1,0
244561,244561,244562,1,0
244561,244562,244563,1,1
244561,244562,244564,2,1
244561,244562,244564,2,1
244561,244562,244563,1,1
244561,244562,244564,2,1
244561,244562,244563,1,1
244561,244562,244564,2,1
244561,244562,244564,2,1
244561,244562,244564,2,1
244561,244562,244563,1,1
244561,244562,244564,2,1
244561,244562,244564,2,1
244561,244562,244563,1,1
244561,244562,244563,1,1
244561,244562,244564,2,1
244561,244562,244563,1,1
244561,244562,244563,1,1
244561,244562,244564,2,1
244561,244562,244564,2,1
244561,244562,244563,1,1
244561,244562,244563,1,1
244561,244562,244563,1,1
244561,244562,244563,1,1
244561,244562,244563,1,1
244561,244562,244563,1,1
244502,244502,244567,65,0
244525,244525,244575,50,0
244524,244524,244582,58,0
244536,244536,244585,49,0
244533,244533,244586,53,0
244530,244531,244588,57,1
244540,244540,244589,49,0
244497,244497,244588,91,0
244503,244503,244590,87,0
244528,244528,244592,64,0
244596,244596,244597,1,0
244596,244596,244597,1,0
244596,244596,244597,1,0
244596,244596,244597,1,0
244596,244596,244597,1,0
244596,244596,244597,1,0
244596,244596,244597,1,0
244596,244596,244597,1,0
244596,244596,244597,1,0
244596,244596,244597,1,0
244596,244596,244597,1,0
244596,244596,244597,1,0
244596,244596,244597,1,0
244596,244596,244597,1,0
244596,244596,244597,1,0
244596,244596,244597,1,0
244596,244596,244597,1,0
244596,244596,244597,1,0
244596,244596,244597,1,0
244596,244596,244597,1,0
244596,244596,244597,1,0
244596,244596,244597,1,0
244596,244596,244597,1,0
244596,244596,244597,1,0
244596,244596,244597,1,0
244596,244596,244597,1,0
244596,244596,244597,1,0
244596,244596,244597,1,0
244596,244596,244597,1,0
244596,244596,244597,1,0
244596,244596,244597,1,0
244596,244596,244597,1,0
244596,244596,244597,1,0
244596,244596,244597,1,0
244596,244596,244597,1,0
244596,244596,244597,1,0
244596,244596,244598,2,0
244596,244596,244597,1,0
244596,244596,244597,1,0
244596,244596,244597,1,0
244596,244596,244598,2,0
244596,244596,244598,2,0
244596,244597,244598,1,1
244596,244596,244597,1,0
244596,244596,244597,1,0
244596,244596,244597,1,0
244596,244596,244598,2,0
244596,244596,244597,1,0
244596,244596,244597,1,0
244596,244596,244598,2,0
244596,244596,244598,2,0
244596,244597,244598,1,1
244596,244596,244597,1,0
244596,244596,244597,1,0
244596,244596,244598,2,0
244596,244596,244597,1,0
244596,244597,244598,1,1
244596,244596,244597,1,0
244596,244596,244597,1,0
244596,244596,244598,2,0
244596,244596,244597,1,0
244596,244597,244598,1,1
244596,244597,244598,1,1
244596,244597,244598,1,1
244596,244596,244597,1,0
244596,244596,244597,1,0
244596,244596,244598,2,0
244596,244597,244598,1,1
244596,244597,244598,1,1
244596,244596,244597,1,0
244596,244596,244597,1,0
244596,244596,244598,2,0
244596,244596,244597,1,0
244596,244597,244598,1,1
244596,244597,244598,1,1
244596,244596,244597,1,0
244596,244596,244597,1,0
244596,244596,244598,2,0
244596,244597,244598,1,1
244596,244597,244598,1,1
244596,244596,244597,1,0
244596,244596,244598,2,0
244596,244596,244598,2,0
244596,244597,244598,1,1
244596,244597,244598,1,1
244596,244597,244599,2,1
244596,244597,244599,2,1
244596,244597,244599,2,1
244596,244597,244599,2,1
244596,244597,244599,2,1
244596,244597,244598,1,1
244596,244597,244599,2,1
244596,244597,244599,2,1
244596,244598,244599,1,2
244596,244597,244599,2,1
244596,244597,244599,2,1
244596,244597,244599,2,1
244596,244598,244599,1,2
244596,244598,244599,1,2
244596,244598,244599,1,2
244596,244598,244599,1,2
244596,244597,244599,2,1
244596,244597,244599,2,1
244596,244597,244599,2,1
244596,244597,244599,2,1
244596,244599,244600,1,3
244596,244597,244599,2,1
244596,244597,244599,2,1
244596,244598,244599,1,2
244596,244599,244600,1,3
244596,244597,244599,2,1
244596,244598,244599,1,2
244596,244599,244600,1,3
244596,244597,244599,2,1
244596,244598,244599,1,2
244596,244599,244600,1,3
244596,244599,244600,1,3
244596,244599,244600,1,3
244596,244598,244599,1,2
244596,244599,244600,1,3
244596,244599,244600,1,3
244596,244598,244599,1,2
244596,244599,244600,1,3
244596,244599,244600,1,3
244596,244599,244600,1,3
244596,244598,244599,1,2
244596,244599,244600,1,3
244596,244597,244599,2,1
244596,244598,244599,1,2
244596,244598,244599,1,2
244596,244598,244600,2,2
244596,244598,244599,1,2
244596,244599,244600,1,3
244596,244599,244600,1,3
244596,244599,244600,1,3
244596,244598,244599,1,2
244596,244598,244600,2,2
244596,244598,244600,2,2
244596,244598,244599,1,2
244596,244599,244600,1,3
244596,244598,244600,2,2
244596,244599,244600,1,3
244596,244599,244601,2,3
244596,244599,244601,2,3
244596,244599,244601,2,3
244596,244599,244600,1,3
244596,244599,244600,1,3
244596,244599,244601,2,3
244596,244599,244600,1,3
244596,244599,244600,1,3
244596,244599,244600,1,3
244596,244599,244600,1,3
244596,244599,244601,2,3
244596,244599,244600,1,3
244596,244599,244600,1,3
244596,244599,244600,1,3
244596,244599,244600,1,3
244596,244599,244601,2,3
244596,244599,244601,2,3
244596,244599,244600,1,3
244596,244599,244601,2,3
244596,244599,244601,2,3
244596,244599,244600,1,3
244596,244599,244601,2,3
244596,244599,244601,2,3
244596,244599,244601,2,3
244596,244599,244601,2,3
244596,244600,244601,1,4
244596,244600,244601,1,4
244596,244600,244601,1,4
244596,244600,244601,1,4
244596,244600,244601,1,4
244596,244600,244601,1,4
244596,244600,244601,1,4
244596,244600,244601,1,4
244596,244600,244601,1,4
244596,244600,244601,1,4
244596,244600,244601,1,4
244596,244600,244601,1,4
244596,244599,244601,2,3
244596,244599,244601,2,3
244596,244600,244601,1,4
244596,244600,244601,1,4
244596,244600,244601,1,4
244596,244600,244601,1,4
244596,244600,244601,1,4
244596,244600,244601,1,4
244596,244600,244601,1,4
244596,244600,244601,1,4
244596,244600,244601,1,4
244596,244600,244601,1,4
244541,244541,244605,64,0
244561,244563,244631,68,2
244597,244600,244648,48,3
244663,244664,244665,1,1
244663,244664,244665,1,1
244664,244664,244665,1,0
244664,244664,244665,1,0
244664,244664,244665,1,0
244664,244664,244665,1,0
244663,244664,244665,1,1
244663,244664,244665,1,1
244664,244664,244665,1,0
244664,244664,244665,1,0
244663,244664,244665,1,1
244664,244664,244665,1,0
244664,244664,244665,1,0
244664,244664,244665,1,0
244664,244664,244665,1,0
244663,244664,244665,1,1
244664,244664,244665,1,0
244664,244664,244665,1,0
244663,244664,244665,1,1
244663,244664,244665,1,1
244663,244664,244665,1,1
244664,244664,244665,1,0
244664,244664,244665,1,0
244664,244664,244665,1,0
244663,244664,244665,1,1
244664,244664,244665,1,0
244664,244664,244665,1,0
244663,244664,244665,1,1
244663,244664,244665,1,1
244664,244664,244665,1,0
244663,244664,244665,1,1
244664,244664,244665,1,0
244664,244664,244665,1,0
244664,244664,244665,1,0
244664,244664,244665,1,0
244663,244664,244665,1,1
244664,244664,244665,1,0
244664,244664,244665,1,0
244663,244664,244665,1,1
244664,244664,244665,1,0
244664,244664,244666,2,0
244664,244664,244665,1,0
244664,244664,244665,1,0
244664,244665,244666,1,1
244663,244664,244665,1,1
244663,244664,244665,1,1
244664,244664,244665,1,0
244664,244664,244666,2,0
244664,244664,244665,1,0
244664,244665,244666,1,1
244663,244664,244665,1,1
244664,244664,244665,1,0
244664,244664,244665,1,0
244664,244664,244665,1,0
244664,244665,244666,1,1
244664,244665,244666,1,1
244663,244664,244665,1,1
244664,244664,244666,2,0
244664,244664,244666,2,0
244664,244664,244665,1,0
244664,244665,244666,1,1
244664,244665,244666,1,1
244663,244664,244665,1,1
244664,244664,244665,1,0
244664,244664,244665,1,0
244664,244664,244665,1,0
244664,244665,244666,1,1
244663,244664,244665,1,1
244664,244664,244666,2,0
244664,244665,244666,1,1
244664,244665,244666,1,1
244663,244664,244665,1,1
244663,244664,244665,1,1
244664,244664,244665,1,0
244664,244665,244666,1,1
244663,244664,244665,1,1
244664,244664,244666,2,0
244664,244665,244666,1,1
244663,244664,244665,1,1
244664,244664,244665,1,0
244664,244664,244665,1,0
244664,244664,244666,2,0
244664,244665,244666,1,1
244664,244665,244666,1,1
244664,244665,244666,1,1
244664,244665,244667,2,1
244664,244665,244666,1,1
244664,244665,244667,2,1
244664,244665,244667,2,1
244664,244665,244667,2,1
244664,244665,244667,2,1
244664,244665,244667,2,1
244664,244665,244667,2,1
244664,244665,244667,2,1
244664,244665,244667,2,1
244664,244665,244666,1,1
244664,244665,244667,2,1
244664,244665,244667,2,1
244664,244665,244667,2,1
244664,244665,244667,2,1
244664,244665,244667,2,1
244664,244666,244667,1,2
244664,244665,244667,2,1
244664,244665,244667,2,1
244664,244665,244667,2,1
244664,244665,244667,2,1
244664,244665,244667,2,1
244664,244665,244667,2,1
244664,244665,244667,2,1
244664,244665,244667,2,1
244664,244665,244667,2,1
244664,244665,244667,2,1
244664,244667,244668,1,3
244664,244665,244667,2,1
244664,244667,244668,1,3
244664,244665,244667,2,1
244664,244667,244668,1,3
244664,244667,244668,1,3
244664,244665,244667,2,1
244664,244667,244668,1,3
244664,244665,244667,2,1
244664,244667,244668,1,3
244664,244667,244668,1,3
244664,244665,244667,2,1
244664,244667,244668,1,3
244664,244667,244668,1,3
244664,244665,244668,3,1
244664,244667,244669,2,3
244664,244667,244668,1,3
244664,244667,244668,1,3
244664,244667,244668,1,3
244664,244667,244668,1,3
244664,244667,244668,1,3
244664,244667,244668,1,3
244664,244667,244668,1,3
244664,244667,244668,1,3
244664,244667,244669,2,3
244664,244667,244668,1,3
244664,244667,244668,1,3
244664,244667,244668,1,3
244664,244667,244668,1,3
244664,244667,244668,1,3
244664,244667,244668,1,3
244664,244667,244669,2,3
244664,244667,244668,1,3
244664,244667,244668,1,3
244664,244667,244668,1,3
244664,244667,244668,1,3
244664,244667,244668,1,3
244664,244667,244668,1,3
244664,244667,244668,1,3
244664,244667,244669,2,3
244664,244667,244668,1,3
244664,244667,244668,1,3
244664,244667,244669,2,3
244664,244667,244668,1,3
244664,244667,244668,1,3
244664,244667,244669,2,3
244664,244667,244669,2,3
244744,244744,244745,1,0
244744,244744,244745,1,0
244744,244744,244745,1,0
244744,244744,244745,1,0
244744,244744,244745,1,0
244744,244744,244745,1,0
244744,244744,244745,1,0
244744,244744,244745,1,0
244744,244744,244745,1,0
244744,244744,244745,1,0
244744,244744,244745,1,0
244744,244744,244745,1,0
244744,244744,244745,1,0
244744,244744,244745,1,0
244744,244744,244745,1,0
244744,244744,244745,1,0
244744,244744,244745,1,0
244744,244744,244745,1,0
244744,244744,244745,1,0
244744,244744,244745,1,0
244744,244744,244745,1,0
244744,244744,244745,1,0
244744,244744,244745,1,0
244744,244744,244745,1,0
244744,244744,244745,1,0
244744,244744,244745,1,0
244744,244744,244745,1,0
244744,244744,244745,1,0
244744,244744,244745,1,0
244744,244744,244745,1,0
244744,244744,244745,1,0
244744,244744,244745,1,0
244744,244744,244745,1,0
244744,244744,244745,1,0
244744,244744,244745,1,0
244744,244744,244745,1,0
244744,244744,244745,1,0
244744,244744,244745,1,0
244744,244744,244745,1,0
244744,244744,244745,1,0
244744,244744,244745,1,0
244744,244744,244745,1,0
244744,244744,244745,1,0
244744,244744,244745,1,0
244744,244744,244745,1,0
244744,244744,244745,1,0
244744,244744,244745,1,0
244744,244744,244745,1,0
244744,244744,244745,1,0
244744,244744,244746,2,0
244744,244744,244745,1,0
244744,244744,244745,1,0
244744,244744,244745,1,0
244744,244744,244745,1,0
244744,244744,244745,1,0
244744,244744,244745,1,0
244744,244744,244745,1,0
244744,244744,244745,1,0
244744,244744,244745,1,0
244744,244744,244790,46,0
244792,244793,244794,1,1
244792,244793,244794,1,1
244792,244793,244794,1,1
244793,244793,244794,1,0
244792,244793,244794,1,1
244793,244793,244794,1,0
244792,244793,244794,1,1
244793,244793,244794,1,0
244792,244793,244794,1,1
244793,244793,244794,1,0
244793,244793,244794,1,0
244792,244793,244794,1,1
244792,244793,244794,1,1
244793,244793,244794,1,0
244792,244793,244794,1,1
244793,244793,244794,1,0
244792,244793,244794,1,1
244793,244793,244794,1,0
244792,244793,244794,1,1
244793,244793,244794,1,0
244792,244793,244794,1,1
244793,244793,244794,1,0
244793,244793,244795,2,0
244793,244793,244794,1,0
244793,244793,244795,2,0
244792,244793,244794,1,1
244792,244793,244794,1,1
244793,244793,244795,2,0
244793,244793,244794,1,0
244792,244793,244794,1,1
244792,244793,244794,1,1
244793,244793,244794,1,0
244793,244793,244795,2,0
244793,244793,244794,1,0
244792,244793,244794,1,1
244792,244793,244794,1,1
244793,244793,244795,2,0
244793,244793,244794,1,0
244792,244793,244794,1,1
244793,244793,244794,1,0
244793,244793,244795,2,0
244793,244793,244794,1,0
244792,244793,244794,1,1
244793,244793,244795,2,0
244793,244793,244794,1,0
244792,244793,244794,1,1
244793,244793,244794,1,0
244793,244793,244795,2,0
244793,244793,244794,1,0
244792,244793,244794,1,1
244793,244793,244794,1,0
244793,244793,244795,2,0
244793,244793,244794,1,0
244792,244793,244796,3,1
244793,244793,244796,3,0
244792,244793,244802,9,1
244793,244793,244802,9,0
244841,244841,244842,1,0
244841,244841,244842,1,0
244841,244841,244842,1,0
244841,244841,244842,1,0
244841,244841,244842,1,0
244841,244841,244842,1,0
244841,244841,244842,1,0
244841,244841,244842,1,0
244841,244841,244842,1,0
244841,244841,244842,1,0
244841,244841,244842,1,0
244841,244841,244843,2,0
244841,244841,244843,2,0
244841,244841,244843,2,0
244841,244841,244843,2,0
244841,244841,244843,2,0
244841,244841,244843,2,0
244841,244841,244843,2,0
244841,244841,244843,2,0
244841,244841,244843,2,0
244841,244841,244843,2,0
244841,244841,244843,2,0
244841,244841,244843,2,0
244841,244841,244843,2,0
244841,244841,244843,2,0
244841,244841,244843,2,0
244841,244841,244843,2,0
244841,244841,244843,2,0
244841,244841,244843,2,0
244841,244841,244843,2,0
244841,244841,244843,2,0
244841,244841,244843,2,0
244841,244841,244844,3,0
244841,244841,244844,3,0
244842,244842,244891,49,0
244893,244893,244894,1,0
244893,244894,244895,1,1
244893,244894,244895,1,1
244893,244894,244895,1,1
244893,244894,244895,1,1
244893,244894,244895,1,1
244893,244894,244895,1,1
244893,244894,244895,1,1
244893,244894,244895,1,1
244893,244894,244895,1,1
244893,244894,244895,1,1
244893,244894,244895,1,1
244893,244894,244895,1,1
244893,244894,244895,1,1
244893,244894,244895,1,1
244893,244894,244895,1,1
244893,244894,244895,1,1
244893,244894,244895,1,1
244893,244894,244895,1,1
244893,244894,244895,1,1
244893,244894,244895,1,1
244893,244894,244895,1,1
244893,244894,244895,1,1
244893,244894,244895,1,1
244893,244894,244895,1,1
244875,244875,244926,51,0
244927,244928,244929,1,1
244927,244928,244929,1,1
244927,244928,244929,1,1
244927,244928,244929,1,1
244927,244928,244929,1,1
244927,244928,244929,1,1
244927,244928,244929,1,1
244927,244928,244929,1,1
244927,244928,244929,1,1
244927,244928,244929,1,1
244927,244928,244929,1,1
244927,244928,244929,1,1
244927,244928,244929,1,1
244927,244928,244929,1,1
244927,244928,244929,1,1
244927,244928,244929,1,1
244927,244928,244929,1,1
244927,244928,244929,1,1
244927,244928,244929,1,1
244927,244928,244929,1,1
244927,244928,244929,1,1
244927,244928,244929,1,1
244927,244928,244929,1,1
244927,244928,244929,1,1
244895,244895,244955,60,0
244957,244957,244958,1,0
244957,244957,244958,1,0
244957,244957,244958,1,0
244957,244957,244958,1,0
244957,244957,244958,1,0
244957,244957,244958,1,0
244957,244957,244958,1,0
244957,244957,244958,1,0
244957,244957,244958,1,0
244957,244957,244958,1,0
244957,244957,244958,1,0
244957,244957,244958,1,0
244957,244957,244958,1,0
244957,244957,244958,1,0
244957,244957,244958,1,0
244957,244957,244958,1,0
244957,244957,244958,1,0
244957,244957,244958,1,0
244957,244957,244958,1,0
244957,244957,244958,1,0
244957,244957,244958,1,0
244957,244957,244958,1,0
244914,244915,244962,47,1
244964,244964,244965,1,0
244964,244964,244965,1,0
244964,244964,244965,1,0
244964,244964,244965,1,0
244964,244964,244965,1,0
244964,244964,244965,1,0
244964,244964,244965,1,0
244964,244964,244965,1,0
244964,244964,244965,1,0
244964,244964,244966,2,0
244964,244964,244966,2,0
244957,244958,244966,8,1
244957,244958,244966,8,1
244957,244958,244966,8,1
244964,244965,244966,1,1
244964,244964,244965,1,0
244964,244964,244966,2,0
244964,244964,244965,1,0
244919,244920,244965,45,1
244964,244964,244966,2,0
244964,244964,244966,2,0
244964,244964,244966,2,0
244964,244964,244965,1,0
244964,244964,244965,1,0
244964,244964,244966,2,0
244964,244964,244965,1,0
244964,244964,244965,1,0
244964,244964,244966,2,0
244964,244964,244965,1,0
244964,244964,244965,1,0
244964,244964,244966,2,0
244964,244964,244965,1,0
244964,244964,244966,2,0
244964,244964,244966,2,0
244964,244964,244965,1,0
244964,244964,244968,4,0
244917,244917,244970,53,0
244964,244964,244971,7,0
244964,244964,244971,7,0
244916,244916,244972,56,0
244922,244922,244978,56,0
244928,244928,244982,54,0
244924,244924,244982,58,0
244921,244921,244985,64,0
244985,244985,244986,1,0
244985,244985,244986,1,0
244985,244985,244986,1,0
244985,244985,244986,1,0
244985,244985,244986,1,0
244985,244985,244986,1,0
244985,244985,244986,1,0
244985,244985,244986,1,0
244985,244985,244986,1,0
244985,244985,244986,1,0
244985,244985,244986,1,0
244985,244985,244986,1,0
244985,244985,244986,1,0
244985,244985,244986,1,0
244985,244985,244986,1,0
244985,244985,244986,1,0
244985,244985,244986,1,0
244985,244985,244986,1,0
244985,244985,244986,1,0
244985,244985,244986,1,0
244985,244985,244987,2,0
244985,244985,244986,1,0
244985,244985,244986,1,0
244985,244985,244986,1,0
244985,244985,244986,1,0
244985,244985,244987,2,0
244985,244985,244986,1,0
244985,244985,244986,1,0
244985,244985,244986,1,0
244985,244985,244986,1,0
244985,244985,244987,2,0
244985,244985,244986,1,0
244985,244985,244986,1,0
244985,244985,244986,1,0
244985,244985,244986,1,0
244985,244985,244986,1,0
244985,244985,244987,2,0
244985,244985,244987,2,0
244985,244985,244987,2,0
244985,244986,244987,1,1
244985,244986,244987,1,1
244985,244986,244987,1,1
244985,244985,244987,2,0
244985,244985,244987,2,0
244985,244985,244987,2,0
244985,244985,244987,2,0
244985,244986,244987,1,1
244985,244985,244987,2,0
244985,244985,244987,2,0
244985,244985,244987,2,0
244985,244985,244987,2,0
244930,244930,244987,57,0
244985,244985,244987,2,0
244985,244985,244987,2,0
244985,244985,244987,2,0
244985,244985,244987,2,0
244985,244986,244987,1,1
244985,244986,244987,1,1
244985,244985,244987,2,0
244985,244985,244987,2,0
244985,244986,244987,1,1
244986,244987,244988,1,1
244986,244987,244988,1,1
244986,244987,244988,1,1
244985,244985,244987,2,0
244985,244985,244987,2,0
244985,244985,244987,2,0
244985,244986,244987,1,1
244985,244987,244988,1,2
244986,244987,244988,1,1
244986,244987,244988,1,1
244985,244985,244987,2,0
244985,244986,244987,1,1
244985,244986,244987,1,1
244985,244987,244988,1,2
244986,244987,244988,1,1
244986,244987,244988,1,1
244985,244985,244987,2,0
244985,244985,244987,2,0
244985,244985,244987,2,0
244985,244985,244987,2,0
244986,244987,244988,1,1
244986,244987,244988,1,1
244986,244987,244988,1,1
244986,244988,244989,1,2
244985,244987,244988,1,2
244985,244987,244988,1,2
244985,244987,244988,1,2
244985,244987,244988,1,2
244985,244987,244988,1,2
244985,244987,244988,1,2
244985,244987,244988,1,2
244985,244987,244988,1,2
244985,244987,244988,1,2
244985,244987,244988,1,2
244985,244987,244988,1,2
244985,244987,244988,1,2
244985,244987,244988,1,2
244985,244987,244988,1,2
244985,244987,244988,1,2
244985,244987,244988,1,2
244985,244987,244988,1,2
244986,244988,244989,1,2
244986,244988,244989,1,2
244986,244988,244989,1,2
244986,244988,244989,1,2
244986,244988,244989,1,2
244986,244988,244989,1,2
244986,244988,244989,1,2
244986,244988,244989,1,2
244986,244988,244989,1,2
244986,244988,244989,1,2
244986,244988,244989,1,2
244986,244988,244989,1,2
244986,244988,244989,1,2
244986,244988,244989,1,2
244986,244988,244989,1,2
244986,244988,244989,1,2
244986,244988,244989,1,2
244986,244988,244989,1,2
244986,244988,244989,1,2
244986,244988,244989,1,2
244985,244987,244991,4,2
244985,244987,244992,5,2
244985,244987,244992,5,2
244985,244987,244992,5,2
244985,244987,244991,4,2
244986,244988,244992,4,2
244986,244988,244992,4,2
244956,244956,245001,45,0
244927,244927,245011,84,0
244959,244959,245013,54,0
244965,244965,245020,55,0
244953,244954,245024,70,1
244962,244964,245026,62,2
244950,244951,245027,76,1
244986,244988,245035,47,2
245036,245036,245037,1,0
245036,245036,245037,1,0
245036,245036,245038,2,0
245036,245036,245038,2,0
245036,245037,245038,1,1
245036,245036,245037,1,0
245036,245036,245037,1,0
245036,245037,245038,1,1
245037,245037,245038,1,0
245036,245036,245037,1,0
245036,245036,245038,2,0
245036,245036,245038,2,0
245036,245036,245038,2,0
245036,245036,245037,1,0
245036,245036,245037,1,0
245036,245036,245038,2,0
245037,245037,245038,1,0
245036,245036,245037,1,0
245036,245036,245038,2,0
245036,245036,245038,2,0
245037,245037,245038,1,0
245036,245036,245037,1,0
245036,245036,245038,2,0
245037,245037,245038,1,0
245036,245036,245038,2,0
245036,245036,245038,2,0
245036,245036,245037,1,0
245037,245037,245038,1,0
245036,245036,245037,1,0
245036,245036,245038,2,0
245036,245036,245038,2,0
245036,245037,245038,1,1
245037,245037,245038,1,0
245036,245036,245038,2,0
245036,245036,245038,2,0
245036,245036,245037,1,0
245037,245037,245038,1,0
245036,245036,245037,1,0
245036,245036,245037,1,0
245036,245037,245038,1,1
245037,245037,245038,1,0
245036,245036,245038,2,0
245036,245036,245038,2,0
245036,245037,245038,1,1
245036,245037,245038,1,1
245037,245038,245039,1,1
245036,245037,245038,1,1
245036,245037,245038,1,1
245036,245037,245038,1,1
245037,245037,245038,1,0
245037,245038,245039,1,1
245036,245036,245038,2,0
245036,245037,245038,1,1
245036,245037,245038,1,1
245037,245037,245038,1,0
245037,245038,245039,1,1
245036,245037,245038,1,1
245036,245037,245038,1,1
245036,245037,245038,1,1
245036,245037,245038,1,1
245036,245037,245038,1,1
245036,245037,245038,1,1
245037,245038,245039,1,1
245036,245036,245038,2,0
245036,245037,245038,1,1
245036,245037,245038,1,1
245036,245037,245038,1,1
245037,245038,245039,1,1
245036,245037,245038,1,1
245036,245037,245038,1,1
245036,245037,245038,1,1
245037,245038,245039,1,1
245037,245038,245039,1,1
245036,245036,245038,2,0
245036,245037,245038,1,1
245036,245037,245038,1,1
245037,245038,245039,1,1
245036,245037,245038,1,1
245036,245037,245038,1,1
245037,245038,245039,1,1
245037,245038,245039,1,1
245036,245037,245038,1,1
245036,245037,245038,1,1
245037,245037,245038,1,0
245037,245038,245039,1,1
245037,245038,245039,1,1
245037,245038,245039,1,1
245037,245038,245040,2,1
245037,245038,245040,2,1
245037,245038,245039,1,1
245037,245038,245040,2,1
245037,245038,245040,2,1
245037,245039,245040,1,2
245037,245038,245040,2,1
245037,245038,245040,2,1
245037,245038,245039,1,1
245037,245038,245040,2,1
245037,245039,245040,1,2
245037,245038,245040,2,1
245037,245038,245040,2,1
245037,245038,245040,2,1
245037,245039,245040,1,2
245037,245039,245040,1,2
245037,245038,245040,2,1
245037,245038,245040,2,1
245037,245038,245040,2,1
245037,245038,245040,2,1
245037,245039,245040,1,2
245037,245038,245040,2,1
245037,245038,245040,2,1
245037,245038,245040,2,1
245037,245038,245040,2,1
245037,245039,245040,1,2
245037,245038,245040,2,1
245037,245038,245039,1,1
245037,245038,245040,2,1
245037,245038,245040,2,1
245037,245038,245040,2,1
245037,245038,245040,2,1
245037,245038,245040,2,1
245037,245039,245040,1,2
245037,245038,245040,2,1
245037,245038,245040,2,1
245037,245038,245040,2,1
245037,245039,245040,1,2
245037,245039,245041,2,2
245037,245039,245041,2,2
245037,245039,245041,2,2
245037,245039,245041,2,2
245037,245040,245041,1,3
245037,245040,245041,1,3
245037,245039,245041,2,2
245037,245038,245040,2,1
245037,245038,245040,2,1
245037,245039,245040,1,2
245037,245039,245041,2,2
245037,245038,245040,2,1
245037,245038,245040,2,1
245037,245039,245040,1,2
245037,245040,245041,1,3
245037,245039,245041,2,2
245037,245039,245041,2,2
245037,245040,245041,1,3
245037,245039,245041,2,2
245037,245040,245041,1,3
245037,245040,245041,1,3
245037,245040,245041,1,3
245037,245039,245041,2,2
245037,245040,245041,1,3
245037,245039,245041,2,2
245037,245040,245041,1,3
245037,245039,245041,2,2
245037,245040,245041,1,3
245037,245040,245041,1,3
245037,245039,245041,2,2
245037,245039,245041,2,2
245037,245040,245041,1,3
245037,245039,245041,2,2
245037,245040,245041,1,3
245037,245039,245041,2,2
245037,245040,245041,1,3
245037,245039,245041,2,2
245037,245039,245041,2,2
245037,245040,245041,1,3
245037,245041,245042,1,4
245037,245041,245042,1,4
245037,245041,245042,1,4
245037,245041,245042,1,4
245037,245041,245042,1,4
245037,245041,245042,1,4
245037,245041,245042,1,4
245037,245041,245042,1,4
245037,245041,245042,1,4
245037,245041,245042,1,4
245037,245041,245042,1,4
245037,245041,245042,1,4
245037,245041,245042,1,4
245037,245041,245042,1,4
245037,245041,245042,1,4
245037,245041,245042,1,4
245037,245041,245042,1,4
245037,245041,245042,1,4
245037,245041,245042,1,4
245037,245041,245042,1,4
245037,245041,245042,1,4
245037,245041,245042,1,4
245037,245041,245042,1,4
245037,245041,245043,2,4
245037,245041,245042,1,4
245038,245041,245087,46,3
245103,245103,245104,1,0
245103,245103,245104,1,0
245103,245103,245104,1,0
245103,245103,245104,1,0
245103,245103,245104,1,0
245103,245103,245104,1,0
245103,245103,245104,1,0
245103,245103,245104,1,0
245103,245103,245104,1,0
245103,245103,245104,1,0
245103,245103,245104,1,0
245103,245103,245104,1,0
245103,245103,245104,1,0
245103,245103,245104,1,0
245103,245103,245104,1,0
245103,245103,245104,1,0
245103,245103,245104,1,0
245103,245103,245104,1,0
245103,245103,245104,1,0
245103,245103,245104,1,0
245103,245103,245104,1,0
245103,245103,245104,1,0
245103,245103,245104,1,0
245103,245103,245104,1,0
245103,245103,245104,1,0
245103,245103,245104,1,0
245103,245103,245104,1,0
245103,245103,245104,1,0
245103,245103,245104,1,0
245103,245103,245104,1,0
245103,245103,245104,1,0
245103,245103,245104,1,0
245103,245103,245104,1,0
245103,245103,245104,1,0
245103,245103,245104,1,0
245103,245103,245104,1,0
245103,245103,245104,1,0
245103,245103,245104,1,0
245103,245103,245104,1,0
245103,245103,245104,1,0
245103,245103,245104,1,0
245103,245103,245104,1,0
245103,245103,245104,1,0
245103,245103,245104,1,0
245103,245103,245104,1,0
245103,245103,245104,1,0
245103,245103,245104,1,0
245103,245103,245104,1,0
245103,245103,245104,1,0
245103,245103,245104,1,0
245103,245103,245104,1,0
245103,245103,245105,2,0
245103,245103,245105,2,0
245103,245103,245105,2,0
245103,245103,245105,2,0
245103,245103,245105,2,0
245103,245103,245105,2,0
245103,245105,245106,1,2
245103,245103,245105,2,0
245103,245103,245105,2,0
245103,245103,245105,2,0
245103,245103,245105,2,0
245103,245103,245105,2,0
245103,245103,245105,2,0
245103,245105,245106,1,2
245103,245103,245105,2,0
245103,245103,245105,2,0
245103,245103,245105,2,0
245103,245105,245106,1,2
245103,245103,245105,2,0
245103,245103,245105,2,0
245103,245103,245105,2,0
245103,245105,245106,1,2
245103,245103,245105,2,0
245103,245103,245105,2,0
245103,245105,245106,1,2
245103,245103,245105,2,0
245103,245103,245105,2,0
245103,245103,245105,2,0
245103,245105,245106,1,2
245103,245105,245106,1,2
245103,245105,245106,1,2
245103,245105,245106,1,2
245103,245105,245106,1,2
245103,245105,245106,1,2
245103,245105,245106,1,2
245103,245105,245106,1,2
245103,245105,245106,1,2
245103,245105,245106,1,2
245103,245105,245106,1,2
245103,245105,245106,1,2
245103,245105,245106,1,2
245103,245105,245106,1,2
245103,245105,245106,1,2
245103,245105,245106,1,2
245103,245105,245106,1,2
245103,245105,245106,1,2
245103,245105,245106,1,2
245103,245105,245106,1,2
245103,245105,245106,1,2
245103,245105,245106,1,2
245103,245105,245106,1,2
245103,245105,245106,1,2
245103,245105,245106,1,2
245103,245105,245106,1,2
245103,245105,245106,1,2
245103,245105,245106,1,2
245103,245105,245106,1,2
245103,245105,245106,1,2
245103,245105,245106,1,2
245103,245105,245106,1,2
245103,245105,245106,1,2
245103,245105,245106,1,2
245103,245104,245106,2,1
245103,245105,245106,1,2
245103,245105,245106,1,2
245103,245105,245106,1,2
245103,245105,245106,1,2
245103,245105,245106,1,2
245103,245105,245106,1,2
245103,245105,245106,1,2
245103,245105,245106,1,2
245103,245105,245106,1,2
245103,245105,245106,1,2
245103,245105,245106,1,2
245103,245105,245106,1,2
245103,245105,245106,1,2
245103,245105,245106,1,2
245168,245168,245169,1,0
245168,245168,245169,1,0
245168,245168,245169,1,0
245168,245168,245169,1,0
245168,245168,245169,1,0
245168,245168,245169,1,0
245168,245168,245169,1,0
245168,245168,245169,1,0
245168,245168,245169,1,0
245168,245168,245169,1,0
245168,245168,245169,1,0
245168,245168,245169,1,0
245168,245168,245169,1,0
245168,245168,245169,1,0
245168,245168,245169,1,0
245168,245168,245169,1,0
245168,245168,245169,1,0
245168,245168,245169,1,0
245168,245168,245169,1,0
245168,245168,245169,1,0
245168,245168,245169,1,0
245168,245168,245169,1,0
245168,245168,245169,1,0
245168,245168,245169,1,0
245168,245168,245169,1,0
245168,245168,245169,1,0
245168,245168,245169,1,0
245168,245168,245169,1,0
245168,245168,245169,1,0
245168,245168,245169,1,0
245168,245168,245169,1,0
245168,245168,245169,1,0
245168,245168,245169,1,0
245168,245168,245169,1,0
245168,245168,245169,1,0
245168,245168,245169,1,0
245168,245168,245169,1,0
245168,245168,245169,1,0
245168,245168,245169,1,0
245168,245168,245169,1,0
245168,245168,245169,1,0
245168,245168,245169,1,0
245168,245168,245170,2,0
245168,245168,245169,1,0
245168,245168,245170,2,0
245168,245168,245169,1,0
245168,245168,245169,1,0
245168,245168,245170,2,0
245168,245168,245169,1,0
245168,245168,245169,1,0
245168,245168,245169,1,0
245168,245168,245169,1,0
245168,245168,245170,2,0
245168,245168,245169,1,0
245168,245168,245170,2,0
245168,245168,245170,2,0
245168,245168,245169,1,0
245168,245168,245170,2,0
245168,245168,245169,1,0
245168,245168,245213,45,0
245216,245216,245217,1,0
245216,245216,245217,1,0
245216,245216,245217,1,0
245216,245216,245217,1,0
245216,245216,245217,1,0
245216,245216,245217,1,0
245216,245216,245217,1,0
245216,245216,245217,1,0
245216,245216,245217,1,0
245216,245216,245217,1,0
245216,245216,245217,1,0
245216,245216,245217,1,0
245216,245216,245217,1,0
245216,245216,245217,1,0
245216,245216,245218,2,0
245216,245216,245217,1,0
245216,245216,245217,1,0
245216,245216,245217,1,0
245216,245216,245218,2,0
245216,245216,245217,1,0
245216,245216,245217,1,0
245216,245216,245218,2,0
245216,245216,245217,1,0
245216,245216,245217,1,0
245216,245216,245218,2,0
245216,245216,245217,1,0
245216,245216,245218,2,0
245216,245216,245218,2,0
245216,245216,245217,1,0
245216,245216,245218,2,0
245216,245216,245218,2,0
245216,245216,245217,1,0
245216,245216,245218,2,0
245216,245216,245218,2,0
245248,245248,245249,1,0
245248,245248,245249,1,0
245248,245248,245249,1,0
245248,245248,245249,1,0
245248,245248,245249,1,0
245248,245248,245249,1,0
245248,245248,245249,1,0
245248,245248,245249,1,0
245248,245248,245249,1,0
245248,245248,245250,2,0
245248,245248,245249,1,0
245248,245248,245250,2,0
245248,245248,245250,2,0
245248,245248,245250,2,0
245248,245248,245250,2,0
245248,245248,245250,2,0
245248,245248,245250,2,0
245248,245248,245249,1,0
245248,245248,245250,2,0
245248,245248,245249,1,0
245248,245248,245250,2,0
245248,245248,245250,2,0
245248,245248,245249,1,0
245248,245248,245250,2,0
245248,245248,245250,2,0
245248,245248,245249,1,0
245248,245248,245250,2,0
245248,245248,245250,2,0
245248,245248,245249,1,0
245248,245248,245250,2,0
245248,245248,245250,2,0
245248,245248,245249,1,0
245248,245248,245250,2,0
245248,245248,245250,2,0
245248,245248,245304,56,0
245305,245306,245307,1,1
245305,245306,245307,1,1
245305,245306,245307,1,1
245305,245306,245307,1,1
245305,245306,245307,1,1
245305,245306,245307,1,1
245305,245306,245307,1,1
245305,245306,245307,1,1
245305,245306,245307,1,1
245305,245306,245307,1,1
245305,245306,245307,1,1
245305,245306,245307,1,1
245305,245306,245307,1,1
245305,245306,245307,1,1
245305,245306,245307,1,1
245305,245306,245307,1,1
245305,245306,245307,1,1
245305,245306,245307,1,1
245305,245306,245307,1,1
245305,245306,245307,1,1
245305,245306,245307,1,1
245305,245306,245307,1,1
245305,245306,245307,1,1
245305,245306,245307,1,1
245305,245306,245307,1,1
245283,245283,245332,49,0
245333,245334,245335,1,1
245333,245334,245335,1,1
245333,245334,245335,1,1
245333,245334,245335,1,1
245333,245334,245335,1,1
245333,245334,245335,1,1
245333,245334,245335,1,1
245333,245334,245335,1,1
245333,245334,245335,1,1
245333,245334,245335,1,1
245333,245334,245335,1,1
245333,245334,245335,1,1
245333,245334,245335,1,1
245333,245334,245335,1,1
245333,245334,245335,1,1
245333,245334,245335,1,1
245333,245334,245335,1,1
245333,245334,245335,1,1
245333,245334,245335,1,1
245333,245334,245335,1,1
245333,245334,245335,1,1
245333,245334,245335,1,1
245333,245334,245335,1,1
245333,245334,245335,1,1
245333,245334,245335,1,1
245303,245303,245347,44,0
245307,245307,245355,48,0
245354,245354,245355,1,0
245354,245354,245355,1,0
245354,245354,245355,1,0
245354,245354,245355,1,0
245354,245354,245355,1,0
245354,245354,245355,1,0
245354,245354,245355,1,0
245354,245354,245355,1,0
245354,245355,245356,1,1
245354,245354,245355,1,0
245354,245354,245355,1,0
245354,245355,245356,1,1
245354,245354,245356,2,0
245354,245355,245356,1,1
245354,245355,245356,1,1
245354,245354,245356,2,0
245354,245355,245356,1,1
245354,245355,245356,1,1
245354,245355,245356,1,1
245354,245355,245356,1,1
245356,245356,245357,1,0
245354,245355,245356,1,1
245354,245355,245356,1,1
245354,245354,245356,2,0
245356,245356,245357,1,0
245354,245354,245356,2,0
245356,245356,245357,1,0
245356,245356,245357,1,0
245354,245355,245356,1,1
245354,245355,245356,1,1
245356,245356,245357,1,0
245356,245356,245357,1,0
245356,245356,245357,1,0
245354,245355,245356,1,1
245356,245356,245357,1,0
245356,245356,245357,1,0
245354,245355,245356,1,1
245356,245356,245357,1,0
245354,245355,245356,1,1
245354,245355,245356,1,1
245356,245356,245357,1,0
245356,245356,245357,1,0
245354,245354,245356,2,0
245356,245356,245357,1,0
245356,245356,245357,1,0
245356,245356,245357,1,0
245356,245356,245357,1,0
245356,245356,245357,1,0
245356,245356,245357,1,0
245356,245356,245357,1,0
245356,245356,245357,1,0
245356,245356,245357,1,0
245301,245301,245358,57,0
245356,245356,245357,1,0
245356,245356,245357,1,0
245356,245356,245357,1,0
245356,245356,245357,1,0
245356,245356,245357,1,0
245356,245356,245357,1,0
245356,245356,245357,1,0
245356,245356,245357,1,0
245356,245356,245357,1,0
245356,245356,245357,1,0
245356,245356,245357,1,0
245356,245356,245357,1,0
245305,245305,245367,62,0
245308,245308,245367,59,0
245329,245329,245373,44,0
245376,245376,245377,1,0
245376,245376,245377,1,0
245376,245376,245377,1,0
245376,245376,245377,1,0
245376,245376,245377,1,0
245376,245376,245377,1,0
245376,245376,245377,1,0
245376,245376,245377,1,0
245376,245376,245377,1,0
245376,245376,245377,1,0
245376,245376,245377,1,0
245376,245376,245377,1,0
245376,245376,245377,1,0
245376,245376,245377,1,0
245376,245376,245377,1,0
245376,245376,245377,1,0
245376,245376,245377,1,0
245376,245376,245377,1,0
245376,245376,245377,1,0
245376,245376,245377,1,0
245376,245376,245377,1,0
245376,245376,245377,1,0
245376,245376,245377,1,0
245376,245376,245377,1,0
245376,245376,245377,1,0
245376,245376,245377,1,0
245376,245376,245377,1,0
245376,245376,245377,1,0
245376,245376,245377,1,0
245376,245376,245377,1,0
245376,245376,245377,1,0
245376,245376,245377,1,0
245376,245376,245377,1,0
245376,245376,245377,1,0
245376,245376,245377,1,0
245376,245376,245377,1,0
245376,245376,245378,2,0
245376,245376,245378,2,0
245376,245376,245377,1,0
245376,245376,245378,2,0
245376,245376,245378,2,0
245376,245376,245377,1,0
245376,245376,245378,2,0
245376,245376,245378,2,0
245376,245376,245377,1,0
245376,245376,245378,2,0
245376,245376,245378,2,0
245376,245376,245377,1,0
245376,245376,245377,1,0
245376,245376,245378,2,0
245376,245376,245378,2,0
245376,245376,245377,1,0
245376,245376,245377,1,0
245376,245376,245378,2,0
245376,245376,245377,1,0
245376,245376,245377,1,0
245376,245376,245378,2,0
245376,245376,245378,2,0
245376,245376,245377,1,0
245376,245376,245377,1,0
245376,245376,245378,2,0
245376,245376,245378,2,0
245376,245376,245378,2,0
245376,245376,245378,2,0
245376,245376,245378,2,0
245376,245376,245377,1,0
245376,245376,245378,2,0
245376,245376,245378,2,0
245332,245332,245380,48,0
245334,245334,245385,51,0
245333,245333,245392,59,0
245335,245336,245393,57,1
245412,245412,245413,1,0
245412,245412,245413,1,0
245412,245412,245413,1,0
245412,245412,245413,1,0
245412,245412,245413,1,0
245412,245412,245413,1,0
245412,245412,245413,1,0
245412,245412,245413,1,0
245412,245412,245413,1,0
245412,245412,245413,1,0
245412,245412,245413,1,0
245412,245412,245413,1,0
245412,245412,245413,1,0
245412,245412,245413,1,0
245412,245412,245413,1,0
245412,245412,245413,1,0
245412,245412,245413,1,0
245412,245412,245413,1,0
245412,245412,245413,1,0
245412,245412,245413,1,0
245412,245412,245413,1,0
245412,245412,245413,1,0
245412,245412,245413,1,0
245412,245412,245413,1,0
245412,245412,245413,1,0
245412,245412,245413,1,0
245412,245412,245413,1,0
245412,245412,245413,1,0
245412,245412,245413,1,0
245412,245412,245413,1,0
245412,245412,245413,1,0
245412,245412,245413,1,0
245412,245412,245413,1,0
245412,245412,245413,1,0
245412,245412,245413,1,0
245412,245412,245413,1,0
245412,245412,245413,1,0
245412,245412,245413,1,0
245412,245412,245413,1,0
245412,245412,245413,1,0
245412,245412,245413,1,0
245412,245412,245413,1,0
245412,245412,245413,1,0
245412,245412,245413,1,0
245412,245412,245413,1,0
245412,245412,245413,1,0
245412,245412,245413,1,0
245412,245412,245413,1,0
245412,245412,245414,2,0
245412,245412,245414,2,0
245412,245412,245413,1,0
245412,245413,245414,1,1
245412,245412,245413,1,0
245412,245412,245413,1,0
245412,245412,245414,2,0
245412,245412,245414,2,0
245412,245412,245414,2,0
245412,245412,245414,2,0
245412,245412,245413,1,0
245412,245412,245414,2,0
245412,245412,245414,2,0
245412,245412,245414,2,0
245412,245412,245413,1,0
245412,245412,245413,1,0
245412,245412,245413,1,0
245412,245412,245414,2,0
245412,245412,245414,2,0
245412,245412,245414,2,0
245412,245412,245413,1,0
245412,245412,245414,2,0
245412,245412,245414,2,0
245412,245412,245414,2,0
245412,245412,245413,1,0
245412,245412,245413,1,0
245412,245412,245414,2,0
245412,245413,245414,1,1
245412,245413,245414,1,1
245412,245412,245413,1,0
245412,245412,245414,2,0
245412,245412,245414,2,0
245412,245413,245414,1,1
245412,245413,245414,1,1
245412,245412,245414,2,0
245412,245413,245415,2,1
245412,245413,245415,2,1
245412,245413,245415,2,1
245412,245413,245415,2,1
245412,245413,245415,2,1
245412,245413,245415,2,1
245412,245413,245415,2,1
245412,245413,245415,2,1
245412,245413,245415,2,1
245412,245413,245415,2,1
245412,245413,245415,2,1
245412,245413,245415,2,1
245412,245413,245415,2,1
245412,245413,245415,2,1
245412,245414,245415,1,2
245412,245414,245415,1,2
245412,245414,245415,1,2
245356,245356,245416,60,0
245412,245413,245416,3,1
245377,245377,245429,52,0
245446,245446,245447,1,0
245446,245446,245447,1,0
245446,245446,245447,1,0
245446,245446,245447,1,0
245446,245446,245447,1,0
245446,245446,245447,1,0
245446,245446,245447,1,0
245446,245446,245447,1,0
245446,245446,245447,1,0
245446,245446,245447,1,0
245446,245446,245447,1,0
245446,245446,245447,1,0
245446,245446,245447,1,0
245446,245446,245447,1,0
245446,245446,245447,1,0
245446,245446,245447,1,0
245446,245446,245447,1,0
245446,245446,245447,1,0
245446,245446,245447,1,0
245446,245446,245447,1,0
245446,245446,245447,1,0
245446,245446,245447,1,0
245446,245446,245447,1,0
245446,245446,245447,1,0
245446,245446,245447,1,0
245446,245446,245447,1,0
245446,245446,245447,1,0
245446,245446,245447,1,0
245446,245446,245447,1,0
245446,245446,245447,1,0
245446,245446,245447,1,0
245446,245446,245447,1,0
245446,245446,245447,1,0
245446,245446,245447,1,0
245446,245446,245447,1,0
245446,245446,245447,1,0
245446,245446,245447,1,0
245446,245446,245447,1,0
245446,245446,245447,1,0
245446,245446,245447,1,0
245446,245446,245447,1,0
245446,245446,245447,1,0
245446,245446,245447,1,0
245446,245446,245447,1,0
245446,245446,245448,2,0
245446,245446,245447,1,0
245446,245446,245447,1,0
245446,245446,245447,1,0
245446,245446,245448,2,0
245446,245446,245448,2,0
245446,245446,245448,2,0
245446,245446,245448,2,0
245446,245446,245448,2,0
245446,245446,245448,2,0
245446,245446,245448,2,0
245446,245446,245448,2,0
245446,245447,245448,1,1
245446,245446,245448,2,0
245446,245446,245448,2,0
245446,245446,245448,2,0
245446,245447,245448,1,1
245446,245446,245448,2,0
245446,245446,245448,2,0
245446,245447,245448,1,1
245446,245446,245448,2,0
245446,245446,245448,2,0
245446,245446,245448,2,0
245446,245446,245448,2,0
245446,245446,245448,2,0
245446,245446,245448,2,0
245446,245446,245448,2,0
245446,245446,245448,2,0
245446,245446,245448,2,0
245446,245446,245448,2,0
245446,245446,245448,2,0
245446,245448,245449,1,2
245446,245448,245449,1,2
245446,245448,245449,1,2
245446,245448,245449,1,2
245446,245448,245449,1,2
245446,245448,245449,1,2
245446,245448,245449,1,2
245446,245448,245449,1,2
245446,245448,245449,1,2
245446,245448,245449,1,2
245446,245448,245449,1,2
245446,245448,245449,1,2
245446,245448,245449,1,2
245446,245448,245449,1,2
245446,245448,245449,1,2
245446,245448,245449,1,2
245446,245448,245449,1,2
245446,245448,245449,1,2
245446,245448,245449,1,2
245446,245448,245449,1,2
245446,245448,245456,8,2
245446,245448,245455,7,2
245497,245497,245498,1,0
245497,245497,245498,1,0
245497,245497,245498,1,0
245497,245497,245498,1,0
245497,245497,245498,1,0
245497,245497,245498,1,0
245497,245497,245498,1,0
245497,245497,245498,1,0
245497,245497,245498,1,0
245497,245497,245499,2,0
245497,245497,245498,1,0
245497,245497,245498,1,0
245497,245497,245498,1,0
245497,245497,245498,1,0
245497,245497,245498,1,0
245497,245497,245498,1,0
245497,245497,245498,1,0
245497,245497,245498,1,0
245497,245497,245498,1,0
245497,245497,245498,1,0
245497,245497,245498,1,0
245497,245497,245498,1,0
245497,245497,245498,1,0
245497,245497,245498,1,0
245497,245497,245499,2,0
245447,245448,245502,54,1
245530,245530,245531,1,0
245530,245530,245531,1,0
245530,245530,245531,1,0
245530,245530,245531,1,0
245530,245530,245531,1,0
245530,245530,245531,1,0
245530,245530,245531,1,0
245530,245530,245531,1,0
245530,245530,245531,1,0
245530,245530,245531,1,0
245530,245530,245532,2,0
245530,245530,245531,1,0
245530,245530,245532,2,0
245530,245530,245532,2,0
245530,245530,245531,1,0
245530,245530,245532,2,0
245530,245530,245532,2,0
245530,245530,245532,2,0
245530,245530,245532,2,0
245530,245530,245532,2,0
245530,245530,245532,2,0
245530,245530,245531,1,0
245530,245530,245531,1,0
245530,245530,245532,2,0
245530,245530,245531,1,0
245530,245530,245532,2,0
245530,245530,245531,1,0
245530,245530,245531,1,0
245530,245530,245532,2,0
245530,245530,245531,1,0
245530,245530,245532,2,0
245530,245530,245532,2,0
245530,245530,245532,2,0
245530,245530,245532,2,0
245547,245547,245548,1,0
245547,245547,245548,1,0
245547,245547,245548,1,0
245547,245547,245548,1,0
245547,245547,245548,1,0
245547,245547,245548,1,0
245547,245547,245548,1,0
245547,245547,245548,1,0
245547,245547,245548,1,0
245547,245547,245548,1,0
245547,245547,245548,1,0
245547,245547,245548,1,0
245547,245547,245548,1,0
245547,245547,245549,2,0
245547,245547,245549,2,0
245547,245547,245548,1,0
245547,245547,245549,2,0
245547,245547,245548,1,0
245547,245547,245549,2,0
245547,245547,245548,1,0
245547,245547,245549,2,0
245547,245547,245548,1,0
245547,245547,245549,2,0
245547,245547,245548,1,0
245547,245547,245548,1,0
245547,245547,245548,1,0
245547,245547,245548,1,0
245547,245547,245548,1,0
245547,245547,245549,2,0
245547,245547,245548,1,0
245547,245547,245548,1,0
245547,245547,245548,1,0
245547,245547,245550,3,0
245547,245547,245550,3,0
245530,245530,245575,45,0
245583,245583,245584,1,0
245583,245583,245584,1,0
245583,245583,245584,1,0
245583,245583,245584,1,0
245583,245583,245584,1,0
245583,245583,245584,1,0
245583,245583,245584,1,0
245583,245583,245584,1,0
245583,245583,245584,1,0
245583,245583,245584,1,0
245583,245583,245584,1,0
245583,245583,245584,1,0
245583,245583,245584,1,0
245583,245583,245584,1,0
245583,245583,245584,1,0
245583,245583,245584,1,0
245583,245583,245584,1,0
245583,245583,245584,1,0
245583,245583,245584,1,0
245583,245583,245584,1,0
245583,245583,245584,1,0
245583,245586,245587,1,3
245583,245586,245587,1,3
245547,245547,245597,50,0
245606,245606,245607,1,0
245606,245606,245607,1,0
245606,245606,245607,1,0
245606,245606,245607,1,0
245606,245606,245607,1,0
245606,245606,245607,1,0
245606,245606,245607,1,0
245606,245606,245607,1,0
245606,245606,245607,1,0
245606,245606,245607,1,0
245606,245606,245607,1,0
245606,245606,245607,1,0
245606,245606,245607,1,0
245606,245606,245608,2,0
245606,245606,245608,2,0
245606,245606,245608,2,0
245606,245606,245608,2,0
245606,245606,245608,2,0
245606,245606,245608,2,0
245606,245606,245607,1,0
245606,245606,245608,2,0
245606,245606,245608,2,0
245606,245606,245608,2,0
245606,245606,245608,2,0
245606,245606,245608,2,0
245606,245606,245608,2,0
245606,245606,245608,2,0
245606,245606,245608,2,0
245606,245606,245608,2,0
245606,245606,245607,1,0
245606,245606,245608,2,0
245606,245606,245608,2,0
245606,245606,245607,1,0
245606,245606,245608,2,0
245583,245583,245631,48,0
245633,245633,245634,1,0
245633,245633,245634,1,0
245633,245633,245634,1,0
245633,245633,245634,1,0
245633,245633,245634,1,0
245633,245633,245634,1,0
245633,245633,245634,1,0
245633,245633,245634,1,0
245633,245633,245634,1,0
245633,245633,245634,1,0
245633,245633,245634,1,0
245633,245633,245634,1,0
245633,245633,245634,1,0
245633,245633,245634,1,0
245633,245633,245635,2,0
245633,245633,245634,1,0
245633,245633,245634,1,0
245633,245633,245634,1,0
245633,245633,245634,1,0
245633,245633,245634,1,0
245633,245633,245634,1,0
245633,245633,245634,1,0
245633,245633,245634,1,0
245633,245633,245634,1,0
245586,245586,245634,48,0
245633,245633,245635,2,0
245633,245633,245634,1,0
245588,245588,245636,48,0
245584,245584,245639,55,0
245652,245652,245653,1,0
245652,245652,245653,1,0
245652,245652,245653,1,0
245652,245652,245653,1,0
245652,245652,245653,1,0
245652,245652,245653,1,0
245652,245652,245653,1,0
245652,245652,245653,1,0
245652,245652,245653,1,0
245652,245652,245653,1,0
245652,245652,245653,1,0
245652,245652,245653,1,0
245652,245652,245653,1,0
245652,245652,245653,1,0
245652,245652,245653,1,0
245652,245652,245653,1,0
245652,245652,245653,1,0
245652,245652,245653,1,0
245652,245652,245654,2,0
245652,245652,245653,1,0
245652,245652,245653,1,0
245652,245652,245653,1,0
245652,245652,245654,2,0
245652,245652,245654,2,0
245652,245652,245653,1,0
245652,245652,245653,1,0
245652,245652,245654,2,0
245652,245652,245654,2,0
245652,245652,245654,2,0
245652,245653,245654,1,1
245652,245653,245654,1,1
245652,245653,245654,1,1
245654,245654,245655,1,0
245652,245652,245654,2,0
245652,245653,245654,1,1
245652,245653,245654,1,1
245652,245652,245654,2,0
245652,245653,245654,1,1
245652,245653,245654,1,1
245652,245653,245654,1,1
245654,245654,245655,1,0
245652,245652,245654,2,0
245652,245652,245654,2,0
245652,245653,245654,1,1
245652,245653,245654,1,1
245652,245653,245654,1,1
245654,245654,245655,1,0
245652,245652,245654,2,0
245652,245653,245654,1,1
245652,245653,245654,1,1
245654,245654,245655,1,0
245652,245652,245654,2,0
245652,245653,245654,1,1
245652,245653,245654,1,1
245652,245653,245654,1,1
245654,245654,245655,1,0
245652,245652,245654,2,0
245652,245653,245654,1,1
245652,245653,245654,1,1
245652,245653,245654,1,1
245654,245654,245655,1,0
245652,245653,245654,1,1
245652,245653,245654,1,1
245652,245653,245654,1,1
245652,245653,245654,1,1
245652,245653,245654,1,1
245654,245654,245655,1,0
245654,245654,245655,1,0
245654,245654,245655,1,0
245654,245654,245655,1,0
245654,245654,245655,1,0
245654,245654,245655,1,0
245654,245654,245655,1,0
245654,245654,245655,1,0
245654,245654,245655,1,0
245654,245654,245655,1,0
245654,245654,245655,1,0
245654,245654,245655,1,0
245654,245654,245655,1,0
245608,245608,245655,47,0
245654,245654,245655,1,0
245654,245654,245655,1,0
245654,245654,245655,1,0
245654,245654,245655,1,0
245654,245654,245655,1,0
245654,245654,245655,1,0
245633,245633,245680,47,0
245628,245628,245683,55,0
245627,245627,245684,57,0
245690,245690,245691,1,0
245690,245690,245692,2,0
245690,245690,245692,2,0
245690,245690,245691,1,0
245690,245690,245692,2,0
245690,245690,245692,2,0
245690,245690,245691,1,0
245690,245690,245691,1,0
245690,245691,245692,1,1
245691,245691,245692,1,0
245690,245690,245691,1,0
245690,245691,245692,1,1
245691,245691,245692,1,0
245690,245690,245692,2,0
245691,245691,245692,1,0
245691,245691,245692,1,0
245690,245690,245691,1,0
245690,245690,245692,2,0
245690,245690,245691,1,0
245690,245690,245692,2,0
245691,245691,245692,1,0
245690,245690,245691,1,0
245690,245690,245692,2,0
245690,245690,245692,2,0
245690,245690,245692,2,0
245691,245691,245692,1,0
245690,245690,245691,1,0
245690,245690,245691,1,0
245691,245691,245692,1,0
245690,245690,245691,1,0
245690,245690,245692,2,0
245691,245691,245692,1,0
245690,245690,245692,2,0
245690,245691,245692,1,1
245691,245692,245693,1,1
245691,245692,245693,1,1
245690,245690,245692,2,0
245690,245691,245692,1,1
245690,245691,245692,1,1
245691,245692,245693,1,1
245691,245692,245693,1,1
245690,245690,245692,2,0
245690,245691,245692,1,1
245690,245691,245692,1,1
245690,245691,245692,1,1
245691,245691,245692,1,0
245690,245690,245692,2,0
245690,245691,245692,1,1
245690,245691,245692,1,1
245690,245691,245692,1,1
245690,245691,245692,1,1
245691,245692,245693,1,1
245690,245690,245692,2,0
245690,245690,245692,2,0
245690,245691,245692,1,1
245690,245691,245692,1,1
245691,245692,245693,1,1
245690,245690,245692,2,0
245690,245691,245692,1,1
245690,245691,245692,1,1
245690,245691,245692,1,1
245690,245691,245692,1,1
245690,245690,245692,2,0
245690,245691,245693,2,1
245690,245691,245692,1,1
245690,245691,245692,1,1
245690,245690,245692,2,0
245690,245690,245692,2,0
245690,245691,245692,1,1
245690,245691,245692,1,1
245690,245691,245692,1,1
245690,245690,245692,2,0
245690,245690,245692,2,0
245690,245691,245692,1,1
245690,245691,245692,1,1
245691,245692,245693,1,1
245690,245691,245692,1,1
245690,245691,245692,1,1
245691,245692,245693,1,1
245691,245692,245693,1,1
245631,245631,245693,62,0
245691,245692,245693,1,1
245691,245692,245693,1,1
245691,245692,245693,1,1
245691,245692,245693,1,1
245691,245692,245693,1,1
245691,245692,245693,1,1
245691,245692,245693,1,1
245691,245692,245693,1,1
245691,245692,245693,1,1
245691,245692,245693,1,1
245691,245692,245693,1,1
245691,245692,245693,1,1
245691,245692,245693,1,1
245691,245692,245693,1,1
245691,245692,245693,1,1
245691,245692,245693,1,1
245653,245653,245697,44,0
245656,245656,245704,48,0
245724,245724,245725,1,0
245724,245724,245725,1,0
245724,245724,245725,1,0
245724,245724,245725,1,0
245724,245724,245725,1,0
245724,245724,245725,1,0
245724,245724,245725,1,0
245724,245724,245725,1,0
245724,245724,245725,1,0
245724,245724,245725,1,0
245724,245724,245725,1,0
245724,245724,245725,1,0
245724,245724,245725,1,0
245724,245724,245725,1,0
245724,245724,245725,1,0
245724,245724,245725,1,0
245724,245724,245725,1,0
245724,245724,245725,1,0
245724,245724,245725,1,0
245724,245724,245725,1,0
245724,245724,245725,1,0
245724,245724,245725,1,0
245724,245724,245725,1,0
245724,245724,245725,1,0
245724,245724,245725,1,0
245724,245724,245725,1,0
245724,245724,245725,1,0
245724,245724,245725,1,0
245724,245724,245725,1,0
245724,245724,245725,1,0
245724,245724,245725,1,0
245724,245724,245725,1,0
245724,245724,245725,1,0
245724,245724,245725,1,0
245724,245724,245726,2,0
245724,245724,245726,2,0
245724,245724,245726,2,0
245724,245724,245726,2,0
245724,245724,245726,2,0
245724,245724,245726,2,0
245724,245724,245726,2,0
245724,245724,245726,2,0
245724,245724,245725,1,0
245724,245724,245726,2,0
245724,245724,245725,1,0
245724,245724,245725,1,0
245724,245724,245726,2,0
245724,245724,245726,2,0
245724,245724,245726,2,0
245724,245724,245725,1,0
245724,245724,245726,2,0
245724,245724,245726,2,0
245724,245724,245726,2,0
245724,245724,245726,2,0
245724,245724,245725,1,0
245724,245724,245726,2,0
245724,245724,245726,2,0
245724,245724,245726,2,0
245724,245724,245726,2,0
245724,245724,245726,2,0
245724,245724,245726,2,0
245724,245724,245726,2,0
245724,245724,245726,2,0
245724,245724,245726,2,0
245724,245724,245726,2,0
245724,245724,245726,2,0
245724,245724,245726,2,0
245724,245724,245726,2,0
245758,245758,245759,1,0
245758,245758,245759,1,0
245758,245758,245759,1,0
245758,245758,245759,1,0
245758,245758,245759,1,0
245758,245758,245759,1,0
245758,245758,245759,1,0
245758,245758,245759,1,0
245758,245758,245759,1,0
245758,245758,245759,1,0
245758,245758,245759,1,0
245758,245758,245760,2,0
245758,245758,245759,1,0
245758,245758,245760,2,0
245758,245758,245759,1,0
245758,245758,245760,2,0
245758,245758,245760,2,0
245758,245758,245760,2,0
245758,245758,245760,2,0
245758,245758,245760,2,0
245758,245758,245759,1,0
245758,245758,245759,1,0
245758,245758,245760,2,0
245758,245758,245760,2,0
245758,245758,245760,2,0
245758,245758,245760,2,0
245758,245758,245759,1,0
245758,245758,245760,2,0
245758,245758,245760,2,0
245758,245758,245760,2,0
245758,245758,245760,2,0
245758,245758,245760,2,0
245758,245758,245760,2,0
245758,245758,245760,2,0
245724,245725,245781,56,1
245793,245793,245794,1,0
245793,245793,245794,1,0
245793,245793,245794,1,0
245793,245793,245794,1,0
245793,245793,245794,1,0
245793,245793,245794,1,0
245793,245793,245794,1,0
245793,245793,245794,1,0
245793,245793,245794,1,0
245793,245793,245794,1,0
245793,245793,245794,1,0
245793,245793,245794,1,0
245793,245793,245794,1,0
245793,245793,245795,2,0
245793,245793,245795,2,0
245793,245793,245795,2,0
245793,245793,245794,1,0
245793,245793,245795,2,0
245793,245793,245794,1,0
245793,245793,245795,2,0
245793,245793,245794,1,0
245793,245793,245795,2,0
245793,245793,245795,2,0
245793,245793,245794,1,0
245793,245793,245794,1,0
245793,245793,245795,2,0
245793,245793,245794,1,0
245793,245793,245795,2,0
245793,245793,245795,2,0
245793,245793,245795,2,0
245793,245793,245795,2,0
245793,245793,245794,1,0
245793,245793,245795,2,0
245793,245793,245795,2,0
245759,245759,245805,46,0
245810,245810,245811,1,0
245810,245810,245811,1,0
245810,245810,245811,1,0
245810,245810,245811,1,0
245810,245810,245811,1,0
245810,245810,245811,1,0
245810,245810,245811,1,0
245810,245810,245811,1,0
245810,245810,245811,1,0
245810,245810,245811,1,0
245810,245810,245812,2,0
245810,245810,245811,1,0
245810,245810,245812,2,0
245810,245810,245812,2,0
245810,245810,245812,2,0
245810,245810,245812,2,0
245810,245810,245812,2,0
245810,245810,245811,1,0
245810,245810,245811,1,0
245810,245810,245812,2,0
245810,245810,245811,1,0
245810,245810,245812,2,0
245810,245810,245812,2,0
245810,245810,245811,1,0
245810,245810,245812,2,0
245810,245810,245812,2,0
245810,245810,245811,1,0
245810,245810,245812,2,0
245810,245810,245811,1,0
245810,245810,245812,2,0
245810,245810,245812,2,0
245810,245810,245811,1,0
245810,245810,245812,2,0
245810,245810,245812,2,0
245829,245829,245830,1,0
245829,245829,245830,1,0
245829,245829,245830,1,0
245829,245829,245830,1,0
245829,245829,245830,1,0
245829,245829,245830,1,0
245829,245829,245830,1,0
245829,245829,245830,1,0
245829,245829,245830,1,0
245829,245829,245831,2,0
245829,245829,245831,2,0
245829,245829,245831,2,0
245829,245829,245831,2,0
245829,245829,245831,2,0
245829,245829,245831,2,0
245829,245829,245831,2,0
245829,245829,245831,2,0
245829,245829,245831,2,0
245829,245829,245831,2,0
245829,245829,245831,2,0
245829,245829,245831,2,0
245829,245829,245831,2,0
245829,245829,245831,2,0
245829,245829,245830,1,0
245829,245829,245831,2,0
245829,245829,245831,2,0
245829,245829,245831,2,0
245829,245829,245831,2,0
245829,245829,245831,2,0
245829,245829,245831,2,0
245829,245829,245831,2,0
245829,245829,245831,2,0
245829,245829,245831,2,0
245829,245829,245831,2,0
245810,245811,245861,50,1
245866,245866,245867,1,0
245866,245866,245867,1,0
245866,245866,245867,1,0
245866,245866,245867,1,0
245866,245866,245867,1,0
245866,245866,245867,1,0
245866,245866,245867,1,0
245866,245866,245867,1,0
245866,245866,245867,1,0
245866,245866,245867,1,0
245866,245866,245867,1,0
245866,245866,245867,1,0
245866,245866,245867,1,0
245866,245866,245867,1,0
245866,245866,245867,1,0
245866,245866,245867,1,0
245866,245866,245867,1,0
245866,245866,245867,1,0
245866,245866,245867,1,0
245866,245866,245867,1,0
245866,245866,245867,1,0
245866,245866,245867,1,0
245866,245866,245867,1,0
245866,245866,245867,1,0
245866,245866,245867,1,0
245866,245866,245867,1,0
245866,245866,245867,1,0
245866,245866,245867,1,0
245866,245866,245867,1,0
245866,245866,245867,1,0
245830,245830,245877,47,0
245888,245888,245889,1,0
245888,245888,245889,1,0
245888,245888,245889,1,0
245888,245888,245889,1,0
245888,245888,245889,1,0
245888,245888,245889,1,0
245888,245888,245889,1,0
245888,245888,245889,1,0
245888,245888,245889,1,0
245888,245888,245889,1,0
245888,245888,245889,1,0
245888,245888,245889,1,0
245888,245888,245889,1,0
245888,245888,245889,1,0
245888,245888,245889,1,0
245888,245888,245889,1,0
245888,245888,245889,1,0
245888,245888,245889,1,0
245888,245888,245889,1,0
245888,245888,245889,1,0
245888,245888,245889,1,0
245888,245888,245889,1,0
245888,245888,245889,1,0
245888,245888,245889,1,0
245888,245888,245889,1,0
245868,245868,245915,47,0
245917,245917,245918,1,0
245917,245917,245918,1,0
245917,245917,245918,1,0
245917,245917,245918,1,0
245917,245917,245918,1,0
245917,245917,245918,1,0
245917,245917,245918,1,0
245917,245917,245918,1,0
245917,245917,245918,1,0
245917,245917,245918,1,0
245917,245917,245918,1,0
245917,245917,245918,1,0
245917,245917,245918,1,0
245917,245917,245918,1,0
245917,245917,245918,1,0
245917,245917,245918,1,0
245917,245917,245918,1,0
245917,245917,245918,1,0
245917,245917,245918,1,0
245917,245917,245918,1,0
245917,245917,245918,1,0
245917,245917,245918,1,0
245917,245917,245918,1,0
245917,245917,245918,1,0
245917,245917,245918,1,0
245917,245917,245918,1,0
245917,245917,245918,1,0
245917,245917,245918,1,0
245917,245917,245918,1,0
245917,245917,245918,1,0
245866,245866,245930,64,0
245888,245888,245934,46,0
245937,245938,245939,1,1
245937,245938,245939,1,1
245937,245938,245939,1,1
245937,245938,245939,1,1
245939,245939,245940,1,0
245937,245938,245939,1,1
245937,245938,245939,1,1
245937,245938,245939,1,1
245937,245938,245939,1,1
245937,245938,245939,1,1
245939,245939,245940,1,0
245937,245938,245939,1,1
245937,245938,245939,1,1
245939,245939,245940,1,0
245939,245939,245940,1,0
245937,245938,245939,1,1
245937,245938,245939,1,1
245939,245939,245940,1,0
245939,245939,245940,1,0
245937,245938,245939,1,1
245937,245938,245939,1,1
245939,245939,245940,1,0
245939,245939,245940,1,0
245937,245938,245939,1,1
245937,245938,245939,1,1
245937,245938,245939,1,1
245939,245939,245940,1,0
245937,245938,245939,1,1
245937,245938,245939,1,1
245939,245939,245940,1,0
245937,245938,245939,1,1
245937,245938,245939,1,1
245939,245939,245940,1,0
245939,245939,245940,1,0
245939,245939,245940,1,0
245939,245939,245941,2,0
245939,245939,245940,1,0
245939,245939,245940,1,0
245939,245939,245940,1,0
245939,245939,245940,1,0
245939,245939,245940,1,0
245939,245939,245940,1,0
245939,245939,245941,2,0
245939,245939,245940,1,0
245939,245939,245940,1,0
245939,245939,245940,1,0
245939,245939,245940,1,0
245939,245939,245940,1,0
245939,245939,245940,1,0
245939,245939,245941,2,0
245939,245939,245940,1,0
245939,245939,245941,2,0
245939,245939,245940,1,0
245939,245939,245940,1,0
245937,245938,245948,10,1
245939,245939,245948,9,0
245937,245938,245948,10,1
245937,245938,245948,10,1
245939,245939,245949,10,0
245890,245890,245949,59,0
245911,245911,245961,50,0
245967,245967,245968,1,0
245967,245967,245968,1,0
245967,245967,245968,1,0
245967,245967,245968,1,0
245967,245967,245968,1,0
245967,245967,245968,1,0
245967,245967,245968,1,0
245967,245967,245968,1,0
245967,245967,245968,1,0
245967,245967,245968,1,0
245967,245967,245968,1,0
245967,245967,245968,1,0
245967,245967,245968,1,0
245967,245967,245968,1,0
245967,245967,245968,1,0
245967,245967,245968,1,0
245967,245967,245968,1,0
245967,245967,245968,1,0
245967,245967,245968,1,0
245967,245967,245968,1,0
245967,245967,245968,1,0
245967,245967,245968,1,0
245967,245967,245968,1,0
245967,245967,245968,1,0
245967,245967,245968,1,0
245967,245967,245968,1,0
245967,245967,245968,1,0
245967,245967,245968,1,0
245967,245967,245968,1,0
245967,245967,245968,1,0
245967,245967,245968,1,0
245967,245967,245968,1,0
245967,245967,245968,1,0
245967,245967,245969,2,0
245967,245967,245968,1,0
245967,245967,245968,1,0
245967,245967,245969,2,0
245910,245910,245969,59,0
245967,245967,245968,1,0
245967,245967,245969,2,0
245967,245967,245969,2,0
245967,245967,245969,2,0
245967,245967,245968,1,0
245967,245967,245968,1,0
245967,245967,245969,2,0
245967,245967,245968,1,0
245967,245967,245968,1,0
245967,245967,245969,2,0
245967,245967,245969,2,0
245967,245967,245968,1,0
245967,245967,245968,1,0
245967,245967,245969,2,0
245967,245967,245969,2,0
245967,245967,245968,1,0
245967,245967,245969,2,0
245967,245967,245969,2,0
245967,245967,245969,2,0
245967,245967,245969,2,0
245967,245967,245969,2,0
245967,245967,245968,1,0
245967,245967,245968,1,0
245967,245967,245968,1,0
245967,245967,245969,2,0
245967,245967,245969,2,0
245967,245967,245968,1,0
245967,245967,245969,2,0
245967,245967,245969,2,0
245967,245967,245969,2,0
245967,245967,245968,1,0
245919,245919,245973,54,0
245916,245916,245975,59,0
245917,245917,245977,60,0
245938,245938,245984,46,0
245941,245941,245990,49,0
245944,245944,245995,51,0
245914,245914,245998,84,0
245949,245949,246000,51,0
246001,246001,246002,1,0
246001,246001,246002,1,0
246001,246001,246002,1,0
246001,246001,246003,2,0
246001,246001,246002,1,0
246001,246001,246002,1,0
246001,246001,246003,2,0
246001,246001,246002,1,0
246001,246001,246002,1,0
246001,246001,246002,1,0
246001,246001,246002,1,0
246001,246001,246002,1,0
246001,246001,246002,1,0
246001,246001,246002,1,0
246001,246001,246003,2,0
246001,246001,246002,1,0
246001,246002,246003,1,1
246001,246001,246002,1,0
246001,246001,246002,1,0
246001,246001,246003,2,0
246001,246001,246002,1,0
246001,246001,246002,1,0
246001,246001,246002,1,0
246001,246001,246003,2,0
246001,246001,246002,1,0
246001,246001,246003,2,0
246001,246001,246002,1,0
246001,246002,246003,1,1
246001,246001,246002,1,0
246001,246001,246002,1,0
246001,246001,246003,2,0
246001,246001,246002,1,0
246001,246001,246002,1,0
246001,246002,246003,1,1
246001,246001,246003,2,0
246001,246002,246003,1,1
246001,246002,246003,1,1
246001,246001,246003,2,0
246001,246002,246003,1,1
246001,246002,246003,1,1
246001,246002,246003,1,1
246001,246002,246003,1,1
246001,246002,246003,1,1
246001,246002,246003,1,1
246001,246003,246004,1,2
246001,246002,246003,1,1
246001,246002,246003,1,1
246001,246003,246004,1,2
246001,246003,246004,1,2
246001,246002,246003,1,1
246001,246002,246003,1,1
246001,246003,246004,1,2
246001,246003,246004,1,2
246001,246002,246003,1,1
246001,246002,246003,1,1
246001,246003,246004,1,2
246001,246003,246004,1,2
246001,246001,246003,2,0
246001,246002,246003,1,1
246001,246002,246003,1,1
246001,246003,246004,1,2
246001,246002,246003,1,1
246001,246002,246003,1,1
246001,246003,246004,1,2
246001,246003,246004,1,2
246001,246002,246003,1,1
246001,246002,246003,1,1
246001,246003,246004,1,2
246001,246003,246004,1,2
246001,246003,246004,1,2
246001,246003,246004,1,2
246001,246004,246005,1,3
246002,246004,246005,1,2
246002,246004,246005,1,2
246001,246003,246005,2,2
246001,246003,246004,1,2
246001,246003,246004,1,2
246001,246003,246004,1,2
246001,246003,246004,1,2
246002,246004,246005,1,2
246002,246004,246005,1,2
246002,246004,246005,1,2
246001,246003,246004,1,2
246001,246003,246005,2,2
246001,246003,246004,1,2
246001,246003,246004,1,2
246001,246003,246004,1,2
246001,246003,246004,1,2
246002,246004,246005,1,2
246001,246003,246004,1,2
246001,246003,246004,1,2
246001,246003,246004,1,2
246001,246003,246005,2,2
246001,246003,246005,2,2
246002,246004,246005,1,2
246001,246003,246005,2,2
246001,246003,246005,2,2
246001,246003,246005,2,2
246002,246004,246005,1,2
246001,246003,246005,2,2
246001,246003,246005,2,2
246001,246003,246004,1,2
246001,246003,246005,2,2
246001,246003,246004,1,2
246001,246003,246005,2,2
246001,246003,246005,2,2
246001,246003,246005,2,2
246002,246004,246005,1,2
246001,246003,246004,1,2
246001,246003,246004,1,2
246001,246003,246005,2,2
246001,246003,246005,2,2
246001,246003,246005,2,2
246002,246004,246005,1,2
246001,246003,246004,1,2
246001,246003,246005,2,2
246001,246003,246005,2,2
246001,246003,246005,2,2
246002,246004,246005,1,2
246001,246003,246004,1,2
246001,246003,246005,2,2
246001,246003,246005,2,2
246001,246003,246004,1,2
246002,246004,246006,2,2
246002,246004,246006,2,2
246001,246003,246005,2,2
246002,246004,246006,2,2
246002,246004,246006,2,2
246002,246004,246005,1,2
246002,246004,246006,2,2
246002,246004,246006,2,2
246002,246004,246006,2,2
246002,246004,246005,1,2
246002,246004,246006,2,2
246002,246004,246006,2,2
246002,246004,246006,2,2
246002,246004,246005,1,2
246002,246004,246006,2,2
246002,246004,246006,2,2
246002,246004,246006,2,2
246002,246004,246006,2,2
246002,246004,246005,1,2
246002,246004,246006,2,2
246002,246004,246005,1,2
246002,246004,246006,2,2
245946,245946,246007,61,0
246053,246053,246054,1,0
246053,246053,246055,2,0
246053,246054,246055,1,1
246053,246053,246054,1,0
246053,246053,246054,1,0
246053,246053,246054,1,0
246053,246053,246055,2,0
246053,246053,246054,1,0
246053,246053,246054,1,0
246053,246053,246054,1,0
246053,246053,246055,2,0
246053,246054,246055,1,1
246053,246053,246054,1,0
246053,246053,246054,1,0
246053,246053,246054,1,0
246053,246053,246054,1,0
246053,246053,246054,1,0
246053,246053,246054,1,0
246053,246053,246054,1,0
246053,246053,246054,1,0
246053,246053,246054,1,0
246053,246053,246054,1,0
246053,246053,246055,2,0
246053,246053,246055,2,0
246053,246053,246054,1,0
246053,246053,246055,2,0
246053,246053,246055,2,0
246053,246054,246055,1,1
246053,246054,246055,1,1
246053,246054,246055,1,1
246053,246054,246055,1,1
246053,246053,246055,2,0
246053,246054,246055,1,1
246053,246054,246055,1,1
246053,246055,246056,1,2
246053,246055,246056,1,2
246053,246055,246056,1,2
246053,246053,246055,2,0
246053,246053,246055,2,0
246053,246054,246055,1,1
246053,246054,246055,1,1
246053,246053,246055,2,0
246053,246053,246055,2,0
246053,246054,246056,2,1
246053,246054,246055,1,1
246053,246054,246055,1,1
246053,246053,246055,2,0
246053,246054,246055,1,1
246053,246054,246055,1,1
246053,246054,246055,1,1
246053,246053,246055,2,0
246053,246054,246055,1,1
246053,246054,246055,1,1
246053,246054,246055,1,1
246053,246054,246055,1,1
246053,246054,246055,1,1
246053,246053,246055,2,0
246053,246054,246056,2,1
246053,246054,246055,1,1
246053,246054,246055,1,1
246053,246054,246055,1,1
246053,246054,246055,1,1
246053,246055,246056,1,2
246053,246053,246055,2,0
246053,246054,246055,1,1
246053,246054,246055,1,1
246053,246055,246056,1,2
246053,246055,246056,1,2
246053,246055,246056,1,2
246053,246055,246057,2,2
246053,246055,246056,1,2
246053,246055,246056,1,2
246053,246055,246056,1,2
246053,246055,246056,1,2
246053,246055,246056,1,2
246053,246055,246056,1,2
246053,246055,246056,1,2
246053,246055,246056,1,2
246053,246055,246056,1,2
246053,246055,246056,1,2
246053,246055,246056,1,2
246053,246055,246056,1,2
246053,246055,246056,1,2
246053,246055,246056,1,2
246053,246055,246056,1,2
246002,246005,246057,52,3
246102,246102,246103,1,0
246102,246102,246103,1,0
246102,246102,246103,1,0
246102,246102,246103,1,0
246102,246102,246103,1,0
246102,246102,246103,1,0
246102,246102,246103,1,0
246102,246102,246103,1,0
246102,246102,246103,1,0
246102,246102,246103,1,0
246102,246102,246103,1,0
246102,246102,246103,1,0
246102,246102,246103,1,0
246102,246102,246103,1,0
246102,246102,246103,1,0
246102,246102,246103,1,0
246102,246102,246103,1,0
246102,246102,246103,1,0
246102,246102,246103,1,0
246102,246102,246103,1,0
246102,246102,246103,1,0
246102,246102,246103,1,0
246102,246102,246103,1,0
246102,246102,246103,1,0
246102,246102,246103,1,0
246102,246102,246103,1,0
246102,246102,246103,1,0
246102,246102,246103,1,0
246102,246102,246103,1,0
246102,246102,246103,1,0
246102,246102,246104,2,0
246102,246102,246103,1,0
246102,246102,246104,2,0
246102,246102,246104,2,0
246102,246102,246104,2,0
246102,246102,246104,2,0
246102,246102,246104,2,0
246102,246102,246104,2,0
246102,246102,246104,2,0
246102,246102,246104,2,0
246102,246102,246104,2,0
246102,246102,246104,2,0
246102,246102,246104,2,0
246102,246102,246104,2,0
246102,246102,246104,2,0
246102,246102,246104,2,0
246102,246102,246104,2,0
246102,246102,246104,2,0
246102,246102,246104,2,0
246102,246102,246104,2,0
246102,246102,246104,2,0
246102,246102,246104,2,0
246102,246102,246103,1,0
246102,246102,246104,2,0
246102,246102,246104,2,0
246102,246102,246104,2,0
246102,246102,246104,2,0
246102,246102,246104,2,0
246102,246102,246104,2,0
246102,246102,246104,2,0
246102,246102,246104,2,0
246102,246102,246104,2,0
246102,246102,246104,2,0
246102,246102,246104,2,0
246102,246102,246104,2,0
246102,246102,246104,2,0
246102,246102,246104,2,0
246102,246102,246104,2,0
246054,246055,246106,51,1
246151,246151,246152,1,0
246151,246151,246152,1,0
246151,246151,246152,1,0
246151,246151,246152,1,0
246151,246151,246152,1,0
246151,246151,246152,1,0
246151,246151,246152,1,0
246151,246151,246152,1,0
246151,246151,246152,1,0
246151,246151,246152,1,0
246151,246151,246152,1,0
246151,246151,246152,1,0
246151,246151,246153,2,0
246151,246151,246152,1,0
246151,246151,246152,1,0
246151,246151,246152,1,0
246151,246151,246152,1,0
246151,246151,246152,1,0
246151,246151,246152,1,0
246151,246151,246152,1,0
246151,246151,246153,2,0
246151,246151,246155,4,0
246151,246151,246155,4,0
246151,246151,246155,4,0
246186,246186,246187,1,0
246186,246186,246187,1,0
246186,246186,246187,1,0
246186,246186,246187,1,0
246186,246186,246187,1,0
246186,246186,246187,1,0
246186,246186,246187,1,0
246186,246186,246187,1,0
246186,246186,246187,1,0
246186,246186,246187,1,0
246186,246186,246187,1,0
246186,246186,246188,2,0
246186,246186,246187,1,0
246186,246186,246187,1,0
246186,246186,246187,1,0
246186,246186,246187,1,0
246186,246186,246187,1,0
246186,246186,246187,1,0
246186,246186,246187,1,0
246186,246186,246187,1,0
246186,246186,246187,1,0
246186,246186,246188,2,0
246186,246186,246187,1,0
246186,246186,246187,1,0
246186,246186,246187,1,0
246186,246186,246187,1,0
246186,246186,246187,1,0
246186,246186,246187,1,0
246186,246186,246187,1,0
246186,246186,246188,2,0
246186,246186,246187,1,0
246151,246151,246203,52,0
246221,246221,246222,1,0
246221,246221,246222,1,0
246221,246221,246222,1,0
246221,246221,246222,1,0
246221,246221,246222,1,0
246221,246221,246222,1,0
246221,246221,246222,1,0
246221,246221,246222,1,0
246221,246221,246222,1,0
246221,246221,246222,1,0
246221,246221,246222,1,0
246221,246221,246223,2,0
246221,246221,246222,1,0
246221,246221,246223,2,0
246221,246221,246223,2,0
246221,246221,246223,2,0
246221,246221,246223,2,0
246221,246221,246223,2,0
246221,246221,246223,2,0
246221,246221,246223,2,0
246221,246221,246223,2,0
246221,246221,246223,2,0
246221,246221,246222,1,0
246221,246221,246222,1,0
246221,246221,246223,2,0
246221,246221,246222,1,0
246221,246221,246222,1,0
246221,246221,246223,2,0
246221,246221,246222,1,0
246221,246221,246222,1,0
246221,246221,246223,2,0
246221,246221,246222,1,0
246221,246221,246223,2,0
246221,246221,246222,1,0
246203,246203,246249,46,0
246250,246251,246252,1,1
246250,246251,246252,1,1
246250,246251,246252,1,1
246250,246251,246252,1,1
246250,246251,246252,1,1
246250,246251,246252,1,1
246250,246251,246252,1,1
246250,246251,246252,1,1
246250,246251,246252,1,1
246250,246251,246252,1,1
246250,246251,246252,1,1
246250,246251,246252,1,1
246250,246251,246252,1,1
246250,246251,246252,1,1
246250,246251,246252,1,1
246250,246251,246252,1,1
246250,246251,246252,1,1
246250,246251,246252,1,1
246250,246251,246252,1,1
246250,246251,246252,1,1
246250,246251,246252,1,1
246250,246251,246252,1,1
246250,246251,246252,1,1
246250,246251,246252,1,1
246223,246224,246274,50,1
246222,246222,246276,54,0
246276,246276,246277,1,0
246276,246276,246277,1,0
246276,246276,246277,1,0
246276,246276,246277,1,0
246276,246276,246277,1,0
246276,246276,246277,1,0
246276,246276,246277,1,0
246276,246276,246277,1,0
246276,246276,246277,1,0
246276,246276,246277,1,0
246276,246276,246277,1,0
246276,246276,246277,1,0
246276,246276,246277,1,0
246276,246276,246277,1,0
246276,246276,246277,1,0
246276,246276,246278,2,0
246276,246276,246277,1,0
246276,246276,246277,1,0
246276,246276,246277,1,0
246276,246276,246278,2,0
246276,246276,246277,1,0
246276,246276,246277,1,0
246276,246276,246277,1,0
246277,246277,246278,1,0
246276,246276,246278,2,0
246276,246276,246277,1,0
246277,246277,246278,1,0
246276,246276,246277,1,0
246276,246276,246277,1,0
246277,246277,246278,1,0
246276,246276,246277,1,0
246277,246277,246278,1,0
246277,246277,246278,1,0
246276,246276,246277,1,0
246276,246276,246277,1,0
246277,246277,246278,1,0
246276,246276,246277,1,0
246277,246277,246278,1,0
246277,246277,246278,1,0
246276,246276,246277,1,0
246277,246277,246278,1,0
246277,246277,246278,1,0
246277,246277,246278,1,0
246277,246277,246279,2,0
246277,246277,246278,1,0
246277,246277,246279,2,0
246277,246277,246279,2,0
246277,246277,246279,2,0
246277,246277,246279,2,0
246277,246277,246279,2,0
246277,246277,246279,2,0
246277,246277,246279,2,0
246277,246277,246279,2,0
246277,246277,246279,2,0
246277,246277,246279,2,0
246277,246277,246278,1,0
246277,246277,246279,2,0
246277,246277,246279,2,0
246277,246277,246278,1,0
246277,246277,246279,2,0
246277,246277,246279,2,0
246277,246277,246278,1,0
246277,246277,246279,2,0
246277,246277,246279,2,0
246277,246277,246279,2,0
246277,246277,246279,2,0
246250,246250,246298,48,0
246243,246243,246299,56,0
246245,246245,246300,55,0
246252,246252,246303,51,0
246248,246248,246307,59,0
246313,246313,246314,1,0
246313,246313,246314,1,0
246313,246313,246314,1,0
246313,246314,246315,1,1
246313,246313,246314,1,0
246313,246313,246314,1,0
246313,246313,246314,1,0
246313,246313,246314,1,0
246313,246313,246314,1,0
246313,246313,246314,1,0
246313,246313,246314,1,0
246313,246313,246314,1,0
246313,246313,246314,1,0
246313,246313,246314,1,0
246313,246313,246314,1,0
246313,246313,246314,1,0
246313,246313,246314,1,0
246313,246313,246314,1,0
246313,246313,246314,1,0
246313,246313,246314,1,0
246313,246313,246314,1,0
246313,246313,246314,1,0
246313,246313,246314,1,0
246313,246313,246315,2,0
246313,246313,246315,2,0
246313,246313,246315,2,0
246313,246314,246315,1,1
246313,246314,246315,1,1
246313,246314,246315,1,1
246313,246314,246315,1,1
246313,246314,246315,1,1
246313,246314,246315,1,1
246313,246314,246315,1,1
246313,246313,246315,2,0
246313,246313,246315,2,0
246313,246313,246315,2,0
246313,246313,246315,2,0
246313,246313,246315,2,0
246313,246313,246315,2,0
246313,246313,246315,2,0
246313,246313,246315,2,0
246313,246314,246315,1,1
246313,246314,246315,1,1
246313,246314,246315,1,1
246313,246314,246315,1,1
246313,246314,246315,1,1
246313,246314,246315,1,1
246313,246315,246316,1,2
246313,246313,246315,2,0
246313,246313,246315,2,0
246313,246313,246315,2,0
246313,246313,246315,2,0
246313,246313,246315,2,0
246313,246314,246315,1,1
246313,246315,246316,1,2
246313,246315,246316,1,2
246313,246313,246315,2,0
246313,246314,246315,1,1
246313,246315,246316,1,2
246313,246315,246316,1,2
246313,246313,246315,2,0
246313,246313,246315,2,0
246313,246314,246315,1,1
246313,246315,246316,1,2
246313,246313,246315,2,0
246313,246313,246315,2,0
246313,246313,246315,2,0
246313,246313,246315,2,0
246313,246315,246316,1,2
246313,246315,246316,1,2
246315,246315,246316,1,0
246315,246315,246316,1,0
246313,246313,246315,2,0
246313,246313,246315,2,0
246313,246313,246315,2,0
246315,246316,246317,1,1
246313,246315,246316,1,2
246313,246315,246316,1,2
246313,246315,246316,1,2
246315,246316,246317,1,1
246315,246316,246317,1,1
246315,246316,246317,1,1
246313,246315,246316,1,2
246315,246316,246317,1,1
246315,246316,246317,1,1
246315,246316,246317,1,1
246315,246316,246317,1,1
246315,246316,246317,1,1
246315,246316,246317,1,1
246313,246315,246316,1,2
246313,246315,246316,1,2
246313,246315,246316,1,2
246315,246316,246317,1,1
246313,246315,246316,1,2
246313,246315,246316,1,2
246316,246316,246317,1,0
246316,246316,246317,1,0
246316,246316,246317,1,0
246313,246315,246316,1,2
246313,246315,246316,1,2
246316,246316,246317,1,0
246316,246316,246317,1,0
246313,246315,246316,1,2
246313,246315,246316,1,2
246316,246316,246317,1,0
246316,246316,246317,1,0
246313,246315,246316,1,2
246313,246315,246316,1,2
246316,246316,246317,1,0
246316,246316,246317,1,0
246315,246316,246317,1,1
246316,246316,246317,1,0
246316,246316,246317,1,0
246316,246316,246317,1,0
246315,246316,246317,1,1
246315,246316,246317,1,1
246315,246316,246317,1,1
246315,246316,246317,1,1
246315,246316,246317,1,1
246315,246316,246317,1,1
246315,246316,246317,1,1
246315,246316,246317,1,1
246315,246316,246317,1,1
246316,246316,246318,2,0
246316,246316,246318,2,0
246316,246316,246318,2,0
246316,246316,246318,2,0
246316,246316,246318,2,0
246316,246316,246318,2,0
246316,246316,246318,2,0
246316,246316,246318,2,0
246316,246316,246318,2,0
246316,246316,246318,2,0
246316,246316,246317,1,0
246316,246316,246318,2,0
246316,246316,246318,2,0
246316,246316,246318,2,0
246316,246316,246318,2,0
246316,246316,246318,2,0
246316,246316,246318,2,0
246316,246316,246317,1,0
246316,246316,246318,2,0
246316,246316,246318,2,0
246316,246316,246318,2,0
246316,246316,246318,2,0
246278,246278,246326,48,0
246275,246275,246331,56,0
246274,246274,246336,62,0
246271,246272,246336,64,1
246336,246336,246337,1,0
246336,246336,246337,1,0
246336,246336,246337,1,0
246336,246336,246337,1,0
246336,246336,246337,1,0
246336,246336,246337,1,0
246336,246336,246337,1,0
246336,246336,246337,1,0
246336,246336,246337,1,0
246336,246336,246337,1,0
246336,246336,246337,1,0
246336,246336,246337,1,0
246336,246336,246337,1,0
246336,246336,246337,1,0
246336,246336,246337,1,0
246336,246336,246337,1,0
246336,246336,246337,1,0
246336,246336,246337,1,0
246336,246336,246337,1,0
246336,246336,246337,1,0
246336,246336,246337,1,0
246336,246336,246337,1,0
246336,246336,246337,1,0
246336,246336,246337,1,0
246336,246336,246337,1,0
246336,246336,246338,2,0
246336,246336,246337,1,0
246336,246336,246337,1,0
246336,246336,246338,2,0
246336,246336,246337,1,0
246313,246313,246314,1,0
246313,246313,246314,1,0
246354,246354,246355,1,0
246354,246354,246355,1,0
246354,246354,246355,1,0
246354,246354,246355,1,0
246354,246354,246355,1,0
246354,246354,246355,1,0
246354,246354,246355,1,0
246354,246354,246355,1,0
246354,246354,246355,1,0
246354,246354,246355,1,0
246354,246354,246355,1,0
246354,246354,246355,1,0
246354,246354,246355,1,0
246354,246354,246355,1,0
246354,246354,246355,1,0
246354,246354,246355,1,0
246354,246354,246355,1,0
246354,246354,246355,1,0
246354,246354,246355,1,0
246354,246354,246355,1,0
246354,246354,246355,1,0
246354,246354,246355,1,0
246354,246354,246355,1,0
246354,246354,246355,1,0
246354,246354,246355,1,0
246354,246354,246355,1,0
246354,246354,246355,1,0
246354,246354,246355,1,0
246354,246354,246355,1,0
246354,246354,246355,1,0
246354,246354,246356,2,0
246354,246354,246356,2,0
246354,246354,246356,2,0
246354,246354,246356,2,0
246354,246354,246356,2,0
246354,246354,246356,2,0
246354,246354,246356,2,0
246354,246354,246356,2,0
246354,246354,246356,2,0
246354,246354,246356,2,0
246354,246354,246356,2,0
246354,246354,246356,2,0
246354,246354,246356,2,0
246354,246354,246356,2,0
246354,246354,246356,2,0
246354,246354,246356,2,0
246354,246354,246356,2,0
246354,246354,246356,2,0
246354,246354,246356,2,0
246354,246354,246356,2,0
246354,246354,246356,2,0
246354,246354,246356,2,0
246354,246354,246356,2,0
246354,246354,246356,2,0
246354,246354,246356,2,0
246354,246354,246356,2,0
246354,246354,246356,2,0
246354,246354,246356,2,0
246354,246354,246356,2,0
246354,246354,246356,2,0
246354,246354,246356,2,0
246354,246354,246356,2,0
246354,246354,246356,2,0
246354,246354,246356,2,0
246354,246354,246356,2,0
246354,246354,246356,2,0
246354,246354,246356,2,0
246354,246354,246356,2,0
246314,246315,246363,48,1
246317,246317,246371,54,0
246336,246336,246389,53,0
246403,246403,246404,1,0
246403,246403,246404,1,0
246403,246403,246404,1,0
246403,246403,246404,1,0
246403,246403,246404,1,0
246403,246403,246404,1,0
246403,246403,246404,1,0
246403,246403,246404,1,0
246403,246403,246404,1,0
246403,246403,246404,1,0
246403,246403,246404,1,0
246403,246403,246404,1,0
246403,246403,246404,1,0
246403,246403,246404,1,0
246403,246403,246404,1,0
246403,246403,246404,1,0
246403,246403,246404,1,0
246403,246403,246404,1,0
246403,246403,246404,1,0
246403,246403,246404,1,0
246403,246403,246404,1,0
246403,246403,246404,1,0
246403,246403,246404,1,0
246403,246403,246404,1,0
246403,246403,246404,1,0
246403,246403,246404,1,0
246403,246403,246404,1,0
246403,246403,246404,1,0
246403,246403,246404,1,0
246403,246403,246404,1,0
246403,246403,246404,1,0
246403,246403,246404,1,0
246403,246403,246404,1,0
246403,246403,246404,1,0
246403,246403,246405,2,0
246403,246403,246405,2,0
246403,246403,246404,1,0
246403,246403,246405,2,0
246403,246403,246404,1,0
246403,246403,246405,2,0
246403,246403,246404,1,0
246403,246403,246404,1,0
246403,246403,246404,1,0
246403,246403,246405,2,0
246403,246403,246404,1,0
246403,246403,246404,1,0
246403,246403,246404,1,0
246403,246403,246405,2,0
246403,246403,246404,1,0
246403,246403,246404,1,0
246403,246403,246404,1,0
246403,246403,246404,1,0
246403,246403,246404,1,0
246403,246403,246405,2,0
246403,246403,246405,2,0
246403,246403,246404,1,0
246403,246403,246404,1,0
246403,246403,246404,1,0
246403,246403,246405,2,0
246403,246403,246405,2,0
246403,246403,246405,2,0
246403,246403,246405,2,0
246403,246403,246404,1,0
246403,246403,246405,2,0
246451,246451,246452,1,0
246451,246451,246452,1,0
246451,246451,246452,1,0
246451,246451,246452,1,0
246451,246451,246452,1,0
246451,246451,246452,1,0
246451,246451,246452,1,0
246451,246451,246452,1,0
246451,246451,246452,1,0
246451,246451,246452,1,0
246451,246451,246453,2,0
246451,246451,246453,2,0
246451,246451,246453,2,0
246451,246451,246453,2,0
246451,246451,246453,2,0
246451,246451,246453,2,0
246451,246451,246453,2,0
246451,246451,246453,2,0
246451,246451,246453,2,0
246451,246451,246453,2,0
246451,246451,246453,2,0
246451,246451,246453,2,0
246451,246451,246453,2,0
246451,246451,246453,2,0
246451,246451,246453,2,0
246451,246451,246453,2,0
246451,246451,246453,2,0
246451,246451,246453,2,0
246451,246451,246453,2,0
246451,246451,246453,2,0
246451,246451,246453,2,0
246451,246451,246453,2,0
246451,246451,246453,2,0
246451,246451,246453,2,0
246403,246404,246456,52,1
246485,246485,246486,1,0
246485,246485,246486,1,0
246485,246485,246486,1,0
246485,246485,246486,1,0
246485,246485,246486,1,0
246485,246485,246486,1,0
246485,246485,246486,1,0
246485,246485,246486,1,0
246485,246485,246486,1,0
246485,246485,246486,1,0
246485,246485,246487,2,0
246485,246485,246487,2,0
246485,246485,246487,2,0
246485,246485,246487,2,0
246485,246485,246487,2,0
246485,246485,246487,2,0
246485,246485,246487,2,0
246485,246485,246487,2,0
246485,246485,246487,2,0
246485,246485,246487,2,0
246485,246485,246487,2,0
246485,246485,246487,2,0
246485,246485,246487,2,0
246485,246485,246487,2,0
246485,246485,246486,1,0
246485,246485,246487,2,0
246485,246485,246487,2,0
246485,246485,246487,2,0
246485,246485,246487,2,0
246485,246485,246487,2,0
246485,246485,246487,2,0
246485,246485,246487,2,0
246485,246485,246486,1,0
246485,246485,246487,2,0
246503,246503,246504,1,0
246503,246503,246504,1,0
246503,246503,246504,1,0
246503,246503,246504,1,0
246503,246503,246504,1,0
246503,246503,246504,1,0
246503,246503,246504,1,0
246503,246503,246504,1,0
246503,246503,246504,1,0
246503,246503,246505,2,0
246503,246503,246504,1,0
246503,246503,246504,1,0
246503,246503,246504,1,0
246503,246503,246504,1,0
246503,246503,246504,1,0
246503,246503,246505,2,0
246503,246503,246504,1,0
246503,246503,246505,2,0
246503,246503,246504,1,0
246503,246503,246504,1,0
246503,246503,246504,1,0
246503,246503,246504,1,0
246503,246503,246504,1,0
246503,246503,246504,1,0
246503,246503,246504,1,0
246503,246503,246504,1,0
246503,246503,246504,1,0
246503,246503,246504,1,0
246503,246503,246505,2,0
246503,246503,246504,1,0
246503,246503,246504,1,0
246503,246503,246504,1,0
246503,246503,246504,1,0
246486,246486,246542,56,0
246542,246542,246543,1,0
246542,246542,246543,1,0
246542,246542,246543,1,0
246542,246542,246543,1,0
246542,246542,246543,1,0
246542,246542,246543,1,0
246542,246542,246543,1,0
246542,246542,246543,1,0
246542,246542,246543,1,0
246542,246542,246543,1,0
246542,246542,246543,1,0
246542,246542,246544,2,0
246542,246542,246544,2,0
246542,246542,246544,2,0
246542,246542,246544,2,0
246542,246542,246544,2,0
246542,246542,246544,2,0
246542,246542,246544,2,0
246542,246542,246544,2,0
246542,246542,246544,2,0
246542,246542,246544,2,0
246542,246542,246544,2,0
246542,246542,246544,2,0
246542,246542,246543,1,0
246542,246542,246544,2,0
246542,246542,246544,2,0
246542,246542,246543,1,0
246542,246542,246544,2,0
246542,246542,246544,2,0
246542,246542,246544,2,0
246542,246542,246544,2,0
246542,246542,246544,2,0
246542,246542,246544,2,0
246542,246542,246544,2,0
246521,246521,246568,47,0
246570,246570,246571,1,0
246570,246570,246571,1,0
246570,246570,246571,1,0
246570,246570,246571,1,0
246570,246570,246571,1,0
246570,246570,246571,1,0
246570,246570,246571,1,0
246570,246570,246571,1,0
246570,246570,246571,1,0
246570,246570,246571,1,0
246570,246570,246571,1,0
246570,246570,246572,2,0
246570,246570,246571,1,0
246570,246570,246571,1,0
246570,246570,246571,1,0
246570,246570,246572,2,0
246570,246570,246571,1,0
246570,246570,246571,1,0
246570,246570,246572,2,0
246570,246570,246572,2,0
246570,246570,246571,1,0
246570,246570,246572,2,0
246570,246570,246571,1,0
246570,246570,246572,2,0
246570,246570,246572,2,0
246570,246570,246571,1,0
246570,246570,246571,1,0
246570,246570,246572,2,0
246570,246570,246571,1,0
246570,246570,246572,2,0
246570,246570,246571,1,0
246570,246570,246571,1,0
246570,246570,246572,2,0
246570,246570,246571,1,0
246541,246541,246589,48,0
246590,246590,246591,1,0
246590,246590,246591,1,0
246590,246590,246591,1,0
246590,246590,246591,1,0
246590,246590,246591,1,0
246590,246590,246591,1,0
246590,246590,246591,1,0
246590,246590,246591,1,0
246590,246590,246591,1,0
246590,246590,246591,1,0
246590,246590,246591,1,0
246590,246590,246591,1,0
246590,246590,246592,2,0
246590,246590,246592,2,0
246590,246590,246591,1,0
246590,246590,246592,2,0
246590,246590,246591,1,0
246590,246590,246591,1,0
246590,246590,246592,2,0
246590,246590,246591,1,0
246590,246590,246592,2,0
246590,246590,246591,1,0
246590,246590,246592,2,0
246590,246590,246592,2,0
246590,246590,246592,2,0
246590,246590,246591,1,0
246590,246590,246592,2,0
246590,246590,246591,1,0
246590,246590,246591,1,0
246590,246590,246591,1,0
246590,246590,246592,2,0
246590,246590,246591,1,0
246590,246590,246592,2,0
246590,246590,246591,1,0
246564,246564,246609,45,0
246543,246543,246611,68,0
246611,246611,246612,1,0
246611,246611,246612,1,0
246611,246611,246612,1,0
246611,246611,246612,1,0
246611,246611,246612,1,0
246611,246611,246612,1,0
246611,246611,246612,1,0
246611,246611,246612,1,0
246611,246611,246612,1,0
246611,246611,246612,1,0
246611,246611,246612,1,0
246611,246611,246612,1,0
246611,246611,246612,1,0
246611,246611,246612,1,0
246611,246611,246612,1,0
246611,246611,246612,1,0
246611,246611,246612,1,0
246611,246611,246612,1,0
246611,246611,246612,1,0
246611,246611,246612,1,0
246611,246611,246612,1,0
246611,246611,246612,1,0
246611,246611,246612,1,0
246611,246611,246612,1,0
246611,246611,246612,1,0
246613,246613,246614,1,0
246613,246613,246614,1,0
246613,246613,246614,1,0
246613,246613,246614,1,0
246613,246613,246614,1,0
246613,246613,246614,1,0
246613,246613,246614,1,0
246613,246613,246614,1,0
246613,246613,246614,1,0
246613,246613,246614,1,0
246613,246613,246615,2,0
246613,246613,246614,1,0
246613,246613,246614,1,0
246613,246613,246615,2,0
246613,246613,246614,1,0
246613,246613,246615,2,0
246613,246613,246615,2,0
246613,246613,246615,2,0
246613,246613,246615,2,0
246613,246613,246614,1,0
246613,246613,246615,2,0
246613,246613,246614,1,0
246613,246613,246615,2,0
246613,246613,246614,1,0
246613,246613,246615,2,0
246613,246613,246614,1,0
246613,246613,246615,2,0
246613,246613,246615,2,0
246613,246613,246614,1,0
246613,246613,246615,2,0
246613,246616,246617,1,3
246613,246616,246617,1,3
246613,246616,246617,1,3
246568,246568,246619,51,0
246544,246544,246619,75,0
246566,246566,246619,53,0
246571,246571,246623,52,0
246633,246633,246634,1,0
246633,246633,246634,1,0
246633,246633,246634,1,0
246633,246633,246634,1,0
246633,246633,246634,1,0
246633,246633,246634,1,0
246633,246633,246634,1,0
246633,246633,246634,1,0
246633,246633,246634,1,0
246633,246633,246634,1,0
246633,246633,246634,1,0
246633,246633,246634,1,0
246633,246633,246634,1,0
246633,246633,246634,1,0
246633,246633,246634,1,0
246633,246633,246634,1,0
246633,246633,246634,1,0
246633,246633,246634,1,0
246633,246633,246634,1,0
246633,246633,246634,1,0
246633,246633,246634,1,0
246633,246633,246634,1,0
246633,246633,246634,1,0
246633,246633,246634,1,0
246633,246633,246634,1,0
246633,246633,246634,1,0
246633,246633,246635,2,0
246633,246633,246634,1,0
246633,246633,246634,1,0
246633,246633,246635,2,0
246633,246633,246634,1,0
246633,246633,246634,1,0
246633,246633,246634,1,0
246633,246633,246634,1,0
246633,246633,246634,1,0
246633,246633,246634,1,0
246633,246633,246635,2,0
246633,246633,246634,1,0
246633,246633,246634,1,0
246633,246633,246634,1,0
246633,246633,246634,1,0
246633,246633,246634,1,0
246633,246633,246634,1,0
246633,246633,246635,2,0
246633,246633,246634,1,0
246633,246633,246634,1,0
246633,246633,246634,1,0
246633,246633,246634,1,0
246633,246633,246634,1,0
246633,246633,246634,1,0
246633,246633,246634,1,0
246633,246633,246634,1,0
246633,246633,246634,1,0
246633,246633,246634,1,0
246633,246633,246634,1,0
246633,246633,246634,1,0
246633,246633,246635,2,0
246633,246633,246634,1,0
246633,246633,246635,2,0
246633,246633,246634,1,0
246633,246633,246634,1,0
246591,246591,246656,65,0
246592,246592,246659,67,0
246612,246612,246669,57,0
246669,246670,246671,1,1
246670,246670,246671,1,0
246669,246670,246671,1,1
246670,246670,246671,1,0
246670,246670,246671,1,0
246669,246670,246671,1,1
246669,246670,246671,1,1
246670,246670,246671,1,0
246670,246670,246671,1,0
246669,246670,246671,1,1
246670,246670,246671,1,0
246670,246670,246671,1,0
246670,246670,246671,1,0
246670,246670,246671,1,0
246670,246670,246671,1,0
246670,246670,246671,1,0
246669,246670,246671,1,1
246670,246670,246671,1,0
246670,246670,246671,1,0
246670,246670,246671,1,0
246669,246670,246671,1,1
246670,246670,246671,1,0
246670,246670,246671,1,0
246670,246670,246671,1,0
246670,246670,246671,1,0
246669,246670,246671,1,1
246669,246670,246671,1,1
246670,246670,246671,1,0
246670,246670,246671,1,0
246670,246670,246671,1,0
246669,246670,246671,1,1
246670,246670,246671,1,0
246670,246670,246671,1,0
246670,246671,246672,1,1
246670,246671,246672,1,1
246669,246670,246671,1,1
246669,246670,246671,1,1
246670,246670,246671,1,0
246670,246670,246672,2,0
246670,246670,246671,1,0
246669,246670,246671,1,1
246669,246670,246671,1,1
246670,246670,246671,1,0
246670,246670,246671,1,0
246670,246670,246671,1,0
246669,246670,246671,1,1
246670,246670,246672,2,0
246670,246670,246671,1,0
246669,246670,246671,1,1
246670,246670,246671,1,0
246670,246670,246671,1,0
246670,246670,246671,1,0
246670,246670,246671,1,0
246670,246670,246671,1,0
246669,246670,246671,1,1
246669,246670,246671,1,1
246669,246670,246671,1,1
246670,246670,246671,1,0
246670,246670,246671,1,0
246669,246670,246671,1,1
246669,246670,246671,1,1
246670,246670,246671,1,0
246670,246670,246671,1,0
246670,246671,246672,1,1
246669,246670,246671,1,1
246670,246670,246671,1,0
246670,246670,246671,1,0
246670,246671,246672,1,1
246669,246670,246671,1,1
246669,246670,246671,1,1
246670,246670,246671,1,0
246670,246670,246671,1,0
246670,246671,246673,2,1
246670,246671,246673,2,1
246670,246671,246672,1,1
246670,246671,246672,1,1
246670,246671,246672,1,1
246670,246671,246673,2,1
246670,246671,246673,2,1
246670,246671,246673,2,1
246670,246671,246673,2,1
246670,246671,246672,1,1
246670,246671,246673,2,1
246670,246671,246672,1,1
246670,246671,246673,2,1
246670,246671,246673,2,1
246670,246671,246672,1,1
246670,246671,246672,1,1
246670,246671,246672,1,1
246670,246671,246672,1,1
246670,246671,246674,3,1
246633,246633,246688,55,0
246705,246705,246706,1,0
246705,246705,246706,1,0
246705,246705,246706,1,0
246705,246705,246706,1,0
246705,246705,246706,1,0
246705,246705,246706,1,0
246705,246705,246706,1,0
246705,246705,246706,1,0
246705,246705,246706,1,0
246705,246705,246706,1,0
246705,246705,246706,1,0
246705,246705,246706,1,0
246705,246705,246706,1,0
246705,246705,246706,1,0
246705,246705,246706,1,0
246705,246705,246706,1,0
246705,246705,246706,1,0
246705,246705,246706,1,0
246705,246705,246706,1,0
246705,246705,246706,1,0
246705,246705,246706,1,0
246705,246705,246706,1,0
246705,246705,246706,1,0
246705,246705,246706,1,0
246705,246705,246706,1,0
246705,246705,246706,1,0
246705,246705,246706,1,0
246705,246705,246707,2,0
246705,246705,246707,2,0
246705,246705,246706,1,0
246705,246705,246706,1,0
246705,246705,246706,1,0
246705,246705,246707,2,0
246705,246705,246706,1,0
246705,246705,246706,1,0
246705,246705,246706,1,0
246705,246705,246706,1,0
246705,246705,246706,1,0
246705,246705,246706,1,0
246705,246705,246707,2,0
246705,246705,246706,1,0
246705,246705,246707,2,0
246705,246705,246706,1,0
246705,246705,246706,1,0
246705,246705,246706,1,0
246705,246705,246707,2,0
246705,246705,246706,1,0
246705,246705,246706,1,0
246705,246705,246706,1,0
246705,246705,246706,1,0
246705,246705,246706,1,0
246705,246705,246707,2,0
246705,246705,246706,1,0
246705,246705,246706,1,0
246705,246705,246706,1,0
246705,246705,246707,2,0
246705,246705,246706,1,0
246705,246705,246706,1,0
246705,246705,246706,1,0
246705,246705,246706,1,0
246705,246705,246706,1,0
246705,246705,246707,2,0
246705,246705,246707,2,0
246705,246705,246708,3,0
246740,246740,246741,1,0
246740,246740,246741,1,0
246740,246740,246741,1,0
246740,246740,246741,1,0
246740,246740,246741,1,0
246740,246740,246741,1,0
246740,246740,246741,1,0
246740,246740,246741,1,0
246740,246740,246741,1,0
246740,246740,246741,1,0
246740,246740,246741,1,0
246740,246740,246741,1,0
246740,246740,246742,2,0
246740,246740,246742,2,0
246740,246740,246742,2,0
246740,246740,246742,2,0
246740,246740,246742,2,0
246740,246740,246742,2,0
246740,246740,246742,2,0
246740,246740,246742,2,0
246740,246740,246742,2,0
246740,246740,246742,2,0
246740,246740,246742,2,0
246740,246740,246742,2,0
246740,246740,246742,2,0
246740,246740,246741,1,0
246740,246740,246742,2,0
246740,246740,246742,2,0
246740,246740,246742,2,0
246740,246740,246742,2,0
246740,246740,246742,2,0
246740,246740,246742,2,0
246740,246740,246742,2,0
246740,246740,246743,3,0
246705,246705,246755,50,0
246774,246774,246775,1,0
246774,246774,246775,1,0
246774,246774,246775,1,0
246774,246774,246775,1,0
246774,246774,246775,1,0
246774,246774,246775,1,0
246774,246774,246775,1,0
246774,246774,246775,1,0
246774,246774,246775,1,0
246774,246774,246775,1,0
246774,246774,246775,1,0
246774,246774,246775,1,0
246774,246774,246775,1,0
246774,246774,246775,1,0
246774,246774,246775,1,0
246774,246774,246775,1,0
246774,246774,246776,2,0
246774,246774,246775,1,0
246774,246774,246775,1,0
246774,246774,246775,1,0
246774,246774,246776,2,0
246774,246774,246775,1,0
246774,246774,246775,1,0
246774,246774,246775,1,0
246774,246774,246776,2,0
246774,246774,246775,1,0
246774,246774,246775,1,0
246774,246774,246775,1,0
246774,246774,246775,1,0
246774,246774,246776,2,0
246774,246774,246775,1,0
246774,246774,246775,1,0
246774,246774,246776,2,0
246774,246774,246776,2,0
246774,246774,246824,50,0
246825,246825,246826,1,0
246825,246825,246826,1,0
246825,246825,246826,1,0
246825,246825,246826,1,0
246825,246825,246826,1,0
246825,246825,246826,1,0
246825,246825,246826,1,0
246825,246825,246826,1,0
246825,246825,246826,1,0
246825,246825,246827,2,0
246825,246825,246827,2,0
246825,246825,246827,2,0
246825,246825,246827,2,0
246825,246826,246827,1,1
246825,246825,246827,2,0
246825,246826,246827,1,1
246825,246825,246827,2,0
246825,246826,246827,1,1
246825,246825,246827,2,0
246825,246826,246827,1,1
246825,246825,246827,2,0
246825,246825,246827,2,0
246825,246826,246827,1,1
246825,246825,246827,2,0
246825,246825,246827,2,0
246825,246826,246827,1,1
246825,246825,246827,2,0
246825,246826,246827,1,1
246825,246826,246827,1,1
246825,246825,246827,2,0
246825,246826,246832,6,1
246825,246826,246833,7,1
246825,246826,246833,7,1
246825,246826,246833,7,1
246809,246809,246857,48,0
246859,246859,246860,1,0
246810,246810,246860,50,0
246859,246859,246860,1,0
246859,246859,246860,1,0
246859,246859,246860,1,0
246859,246859,246860,1,0
246859,246859,246860,1,0
246859,246859,246860,1,0
246859,246859,246860,1,0
246859,246859,246860,1,0
246859,246859,246860,1,0
246859,246859,246860,1,0
246859,246859,246860,1,0
246859,246859,246860,1,0
246859,246859,246860,1,0
246859,246859,246860,1,0
246859,246859,246860,1,0
246859,246859,246860,1,0
246859,246859,246860,1,0
246859,246859,246861,2,0
246859,246859,246862,3,0
246859,246859,246862,3,0
246862,246862,246863,1,0
246862,246862,246863,1,0
246862,246862,246863,1,0
246862,246862,246863,1,0
246862,246862,246863,1,0
246862,246862,246863,1,0
246862,246862,246863,1,0
246862,246862,246863,1,0
246862,246862,246863,1,0
246862,246862,246863,1,0
246862,246862,246863,1,0
246859,246859,246863,4,0
246859,246859,246862,3,0
246859,246859,246864,5,0
246862,246862,246864,2,0
246862,246862,246863,1,0
246862,246862,246863,1,0
246862,246862,246863,1,0
246862,246862,246864,2,0
246862,246862,246864,2,0
246862,246862,246863,1,0
246862,246862,246864,2,0
246862,246862,246864,2,0
246862,246862,246864,2,0
246862,246862,246864,2,0
246862,246862,246863,1,0
246862,246862,246863,1,0
246862,246862,246864,2,0
246862,246862,246863,1,0
246862,246862,246864,2,0
246862,246862,246863,1,0
246862,246862,246863,1,0
246862,246862,246864,2,0
246862,246862,246863,1,0
246862,246862,246863,1,0
246859,246859,246864,5,0
246859,246859,246865,6,0
246859,246859,246864,5,0
246862,246864,246865,1,2
246812,246812,246866,54,0
246859,246859,246867,8,0
246821,246821,246876,55,0
246814,246814,246877,63,0
246823,246823,246878,55,0
246817,246817,246879,62,0
246828,246828,246884,56,0
246884,246885,246886,1,1
246885,246885,246886,1,0
246885,246885,246886,1,0
246884,246885,246886,1,1
246885,246885,246886,1,0
246884,246885,246886,1,1
246884,246885,246886,1,1
246885,246885,246886,1,0
246885,246885,246886,1,0
246884,246885,246886,1,1
246885,246885,246886,1,0
246885,246885,246886,1,0
246884,246885,246886,1,1
246885,246885,246886,1,0
246885,246885,246886,1,0
246885,246885,246886,1,0
246885,246885,246886,1,0
246884,246885,246886,1,1
246884,246885,246886,1,1
246885,246885,246886,1,0
246884,246885,246886,1,1
246884,246885,246886,1,1
246885,246885,246886,1,0
246885,246885,246886,1,0
246884,246885,246886,1,1
246884,246885,246886,1,1
246884,246885,246886,1,1
246885,246885,246887,2,0
246885,246885,246886,1,0
246884,246885,246886,1,1
246884,246885,246886,1,1
246885,246885,246886,1,0
246885,246885,246886,1,0
246885,246885,246886,1,0
246885,246886,246887,1,1
246884,246885,246886,1,1
246884,246885,246886,1,1
246885,246885,246886,1,0
246885,246885,246886,1,0
246885,246885,246886,1,0
246885,246886,246887,1,1
246885,246886,246887,1,1
246884,246885,246886,1,1
246885,246885,246886,1,0
246885,246885,246886,1,0
246885,246885,246886,1,0
246885,246886,246887,1,1
246884,246885,246886,1,1
246884,246885,246886,1,1
246885,246885,246886,1,0
246885,246885,246886,1,0
246885,246886,246887,1,1
246884,246885,246886,1,1
246885,246885,246886,1,0
246885,246885,246886,1,0
246885,246885,246886,1,0
246885,246886,246887,1,1
246884,246885,246886,1,1
246885,246885,246886,1,0
246885,246885,246886,1,0
246885,246886,246887,1,1
246826,246826,246887,61,0
246884,246886,246888,2,2
246884,246886,246888,2,2
246885,246886,246887,1,1
246885,246887,246888,1,2
246885,246887,246888,1,2
246885,246887,246888,1,2
246885,246887,246888,1,2
246885,246887,246888,1,2
246885,246887,246888,1,2
246885,246887,246888,1,2
246885,246887,246888,1,2
246885,246887,246888,1,2
246885,246887,246888,1,2
246885,246887,246888,1,2
246885,246887,246888,1,2
246885,246887,246888,1,2
246885,246887,246888,1,2
246885,246886,246887,1,1
246885,246887,246888,1,2
246885,246886,246887,1,1
246885,246886,246888,2,1
246885,246886,246887,1,1
246885,246886,246888,2,1
246885,246886,246888,2,1
246885,246886,246887,1,1
246885,246886,246887,1,1
246885,246887,246888,1,2
246885,246886,246888,2,1
246885,246886,246887,1,1
246885,246886,246887,1,1
246885,246886,246888,2,1
246885,246886,246887,1,1
246885,246886,246888,2,1
246885,246886,246887,1,1
246885,246886,246888,2,1
246885,246886,246888,2,1
246885,246887,246888,1,2
246885,246887,246888,1,2
246885,246887,246888,1,2
246885,246887,246888,1,2
246885,246887,246888,1,2
246885,246887,246889,2,2
246885,246887,246889,2,2
246885,246887,246889,2,2
246885,246887,246888,1,2
246885,246887,246889,2,2
246885,246887,246888,1,2
246885,246887,246888,1,2
246885,246887,246889,2,2
246885,246887,246888,1,2
246885,246887,246888,1,2
246885,246887,246888,1,2
246885,246887,246889,2,2
246885,246887,246889,2,2
246885,246887,246888,1,2
246854,246854,246898,44,0
246861,246861,246907,46,0
246833,246833,246907,74,0
246819,246819,246911,92,0
246830,246830,246913,83,0
246856,246856,246920,64,0
246865,246865,246920,55,0
246858,246859,246933,74,1
246886,246887,246937,50,1
246936,246937,246938,1,1
246937,246937,246938,1,0
246937,246937,246938,1,0
246937,246937,246938,1,0
246937,246937,246938,1,0
246936,246937,246938,1,1
246937,246937,246938,1,0
246937,246937,246938,1,0
246937,246937,246938,1,0
246937,246937,246938,1,0
246936,246937,246938,1,1
246936,246937,246938,1,1
246937,246937,246938,1,0
246937,246937,246938,1,0
246936,246937,246938,1,1
246937,246937,246938,1,0
246937,246937,246938,1,0
246937,246937,246938,1,0
246936,246937,246938,1,1
246937,246937,246938,1,0
246937,246937,246938,1,0
246937,246937,246938,1,0
246937,246937,246938,1,0
246937,246937,246938,1,0
246937,246937,246938,1,0
246937,246937,246938,1,0
246937,246937,246938,1,0
246937,246937,246938,1,0
246937,246937,246938,1,0
246936,246937,246938,1,1
246936,246937,246938,1,1
246937,246937,246938,1,0
246937,246937,246938,1,0
246937,246937,246938,1,0
246937,246938,246939,1,1
246936,246937,246938,1,1
246937,246937,246938,1,0
246937,246937,246938,1,0
246937,246937,246938,1,0
246937,246938,246939,1,1
246936,246937,246938,1,1
246936,246937,246938,1,1
246937,246937,246939,2,0
246937,246937,246938,1,0
246937,246938,246939,1,1
246937,246938,246939,1,1
246936,246937,246938,1,1
246937,246937,246938,1,0
246937,246937,246938,1,0
246937,246938,246939,1,1
246937,246938,246939,1,1
246936,246937,246938,1,1
246936,246937,246938,1,1
246937,246937,246938,1,0
246937,246937,246938,1,0
246937,246938,246939,1,1
246936,246937,246938,1,1
246936,246937,246938,1,1
246937,246937,246938,1,0
246937,246937,246938,1,0
246936,246937,246938,1,1
246937,246937,246939,2,0
246937,246937,246938,1,0
246937,246938,246939,1,1
246936,246937,246938,1,1
246937,246937,246939,2,0
246937,246937,246938,1,0
246936,246937,246938,1,1
246936,246937,246938,1,1
246937,246937,246938,1,0
246937,246937,246938,1,0
246937,246938,246939,1,1
246936,246937,246938,1,1
246937,246937,246938,1,0
246937,246937,246938,1,0
246937,246938,246939,1,1
246937,246938,246939,1,1
246937,246938,246939,1,1
246937,246938,246940,2,1
246937,246938,246939,1,1
246937,246938,246940,2,1
246937,246938,246940,2,1
246937,246938,246940,2,1
246937,246938,246940,2,1
246937,246940,246941,1,3
246937,246938,246940,2,1
246937,246938,246940,2,1
246937,246938,246940,2,1
246937,246940,246941,1,3
246937,246938,246940,2,1
246937,246938,246940,2,1
246937,246938,246940,2,1
246937,246938,246940,2,1
246937,246938,246940,2,1
246937,246938,246940,2,1
246937,246938,246940,2,1
246937,246938,246940,2,1
246937,246938,246940,2,1
246937,246938,246940,2,1
246937,246940,246941,1,3
246937,246938,246940,2,1
246937,246938,246940,2,1
246937,246939,246941,2,2
246937,246938,246940,2,1
246937,246938,246940,2,1
246937,246938,246940,2,1
246937,246938,246940,2,1
246937,246938,246940,2,1
246937,246938,246940,2,1
246937,246940,246941,1,3
246937,246938,246940,2,1
246937,246938,246940,2,1
246937,246940,246941,1,3
246937,246940,246941,1,3
246937,246938,246940,2,1
246937,246938,246940,2,1
246937,246940,246941,1,3
246937,246940,246941,1,3
246937,246940,246941,1,3
246937,246940,246941,1,3
246937,246940,246941,1,3
246937,246940,246941,1,3
246937,246940,246941,1,3
246937,246940,246942,2,3
246937,246940,246941,1,3
246937,246940,246941,1,3
246937,246940,246941,1,3
246937,246940,246942,2,3
246937,246940,246941,1,3
246937,246940,246941,1,3
246937,246940,246941,1,3
246937,246940,246941,1,3
246937,246940,246942,2,3
246937,246940,246941,1,3
246937,246941,246942,1,4
246937,246940,246941,1,3
246937,246940,246941,1,3
246937,246940,246941,1,3
246937,246940,246941,1,3
246937,246940,246941,1,3
246937,246940,246941,1,3
246937,246940,246941,1,3
246937,246941,246942,1,4
246937,246940,246941,1,3
246937,246940,246941,1,3
246937,246940,246942,2,3
246937,246941,246942,1,4
246937,246941,246942,1,4
246937,246940,246941,1,3
246937,246940,246941,1,3
246937,246940,246942,2,3
246937,246941,246942,1,4
246937,246940,246941,1,3
246937,246940,246941,1,3
246937,246940,246941,1,3
246937,246941,246942,1,4
246937,246940,246941,1,3
246937,246940,246941,1,3
246937,246940,246941,1,3
246937,246940,246942,2,3
246937,246941,246943,2,4
246937,246941,246942,1,4
246937,246941,246942,1,4
246937,246941,246942,1,4
246937,246941,246942,1,4
246937,246941,246942,1,4
246937,246941,246942,1,4
246937,246941,246942,1,4
246937,246941,246942,1,4
246937,246941,246943,2,4
246937,246941,246942,1,4
246937,246941,246942,1,4
246937,246941,246943,2,4
246937,246941,246943,2,4
246937,246941,246942,1,4
246937,246941,246943,2,4
246937,246941,246943,2,4
246937,246941,246942,1,4
246937,246941,246942,1,4
246937,246941,246943,2,4
246937,246941,246943,2,4
246937,246941,246942,1,4
246937,246941,246943,2,4
246937,246941,246943,2,4
246937,246941,246942,1,4
246938,246941,246992,51,3
247004,247004,247005,1,0
247004,247004,247005,1,0
247004,247004,247005,1,0
247004,247004,247005,1,0
247004,247004,247005,1,0
247004,247004,247005,1,0
247004,247004,247005,1,0
247004,247004,247005,1,0
247004,247004,247005,1,0
247004,247004,247005,1,0
247004,247004,247005,1,0
247004,247004,247005,1,0
247004,247004,247005,1,0
247004,247004,247005,1,0
247004,247004,247005,1,0
247004,247004,247005,1,0
247004,247004,247005,1,0
247004,247004,247005,1,0
247004,247004,247005,1,0
247004,247004,247005,1,0
247004,247004,247005,1,0
247004,247004,247005,1,0
247004,247004,247005,1,0
247004,247004,247005,1,0
247004,247004,247005,1,0
247004,247004,247005,1,0
247004,247004,247005,1,0
247004,247004,247005,1,0
247004,247004,247005,1,0
247004,247004,247005,1,0
247004,247004,247005,1,0
247004,247004,247005,1,0
247004,247004,247005,1,0
247004,247004,247005,1,0
247004,247004,247005,1,0
247004,247004,247005,1,0
247004,247004,247005,1,0
247004,247004,247005,1,0
247004,247004,247005,1,0
247004,247004,247006,2,0
247004,247004,247005,1,0
247004,247005,247006,1,1
247004,247004,247005,1,0
247004,247004,247006,2,0
247004,247004,247005,1,0
247004,247004,247005,1,0
247004,247005,247006,1,1
247004,247005,247006,1,1
247004,247004,247005,1,0
247004,247004,247005,1,0
247004,247004,247005,1,0
247004,247005,247006,1,1
247004,247005,247006,1,1
247004,247004,247005,1,0
247004,247004,247005,1,0
247004,247004,247005,1,0
247004,247005,247006,1,1
247004,247004,247005,1,0
247004,247004,247005,1,0
247004,247004,247005,1,0
247004,247005,247006,1,1
247004,247004,247005,1,0
247004,247004,247006,2,0
247004,247004,247005,1,0
247004,247005,247006,1,1
247004,247004,247005,1,0
247004,247004,247006,2,0
247004,247004,247005,1,0
247004,247004,247005,1,0
247004,247004,247005,1,0
247004,247004,247005,1,0
247004,247004,247005,1,0
247004,247004,247006,2,0
247004,247004,247005,1,0
247004,247004,247005,1,0
247004,247005,247006,1,1
247004,247004,247005,1,0
247004,247004,247005,1,0
247004,247004,247005,1,0
247004,247005,247006,1,1
247004,247005,247007,2,1
247004,247005,247007,2,1
247004,247005,247007,2,1
247004,247005,247007,2,1
247004,247005,247007,2,1
247004,247005,247007,2,1
247004,247005,247007,2,1
247004,247005,247007,2,1
247004,247005,247007,2,1
247004,247005,247007,2,1
247004,247005,247007,2,1
247004,247007,247008,1,3
247004,247005,247007,2,1
247004,247005,247007,2,1
247004,247005,247007,2,1
247004,247005,247007,2,1
247004,247005,247007,2,1
247004,247005,247007,2,1
247004,247005,247007,2,1
247004,247005,247007,2,1
247004,247005,247007,2,1
247004,247005,247007,2,1
247004,247005,247007,2,1
247004,247005,247007,2,1
247004,247005,247007,2,1
247004,247005,247007,2,1
247004,247007,247008,1,3
247004,247005,247007,2,1
247004,247005,247007,2,1
247004,247005,247007,2,1
247004,247005,247007,2,1
247004,247007,247008,1,3
247004,247005,247007,2,1
247004,247005,247007,2,1
247004,247005,247007,2,1
247004,247005,247007,2,1
247004,247005,247007,2,1
247004,247005,247007,2,1
247004,247005,247007,2,1
247004,247005,247007,2,1
247004,247007,247008,1,3
247004,247007,247008,1,3
247004,247007,247008,1,3
247068,247068,247069,1,0
247068,247068,247069,1,0
247068,247068,247069,1,0
247068,247068,247069,1,0
247068,247068,247069,1,0
247068,247068,247069,1,0
247068,247068,247069,1,0
247068,247068,247069,1,0
247068,247068,247069,1,0
247068,247068,247069,1,0
247068,247068,247069,1,0
247068,247068,247069,1,0
247068,247068,247069,1,0
247068,247068,247069,1,0
247068,247068,247069,1,0
247068,247068,247069,1,0
247068,247068,247069,1,0
247068,247068,247069,1,0
247068,247068,247069,1,0
247068,247068,247069,1,0
247068,247068,247069,1,0
247068,247068,247069,1,0
247068,247068,247069,1,0
247068,247068,247069,1,0
247068,247068,247069,1,0
247068,247068,247069,1,0
247068,247068,247069,1,0
247068,247068,247069,1,0
247068,247068,247069,1,0
247068,247068,247070,2,0
247068,247068,247070,2,0
247068,247068,247069,1,0
247068,247068,247069,1,0
247068,247068,247069,1,0
247068,247068,247070,2,0
247068,247068,247069,1,0
247068,247068,247070,2,0
247068,247068,247070,2,0
247068,247068,247070,2,0
247068,247068,247070,2,0
247068,247068,247070,2,0
247068,247068,247070,2,0
247068,247068,247070,2,0
247068,247068,247070,2,0
247068,247068,247070,2,0
247068,247068,247070,2,0
247068,247068,247070,2,0
247068,247068,247070,2,0
247068,247068,247070,2,0
247068,247068,247070,2,0
247068,247068,247070,2,0
247068,247068,247070,2,0
247068,247068,247070,2,0
247068,247068,247070,2,0
247068,247068,247070,2,0
247068,247068,247070,2,0
247068,247068,247070,2,0
247068,247068,247070,2,0
247068,247068,247070,2,0
247068,247068,247070,2,0
247068,247068,247070,2,0
247068,247068,247070,2,0
247068,247068,247070,2,0
247068,247068,247070,2,0
247068,247068,247070,2,0
247068,247068,247070,2,0
247068,247068,247070,2,0
247068,247068,247070,2,0
247117,247117,247118,1,0
247117,247117,247118,1,0
247117,247117,247118,1,0
247117,247117,247118,1,0
247117,247117,247118,1,0
247117,247117,247118,1,0
247117,247117,247118,1,0
247117,247117,247118,1,0
247117,247117,247118,1,0
247117,247117,247118,1,0
247117,247117,247118,1,0
247117,247117,247118,1,0
247117,247117,247118,1,0
247117,247117,247118,1,0
247117,247117,247118,1,0
247117,247117,247118,1,0
247117,247117,247118,1,0
247117,247117,247118,1,0
247117,247117,247118,1,0
247117,247117,247118,1,0
247117,247117,247118,1,0
247117,247117,247118,1,0
247117,247117,247118,1,0
247117,247117,247118,1,0
247117,247117,247118,1,0
247117,247117,247119,2,0
247117,247117,247119,2,0
247069,247069,247119,50,0
247117,247117,247118,1,0
247117,247117,247118,1,0
247150,247150,247151,1,0
247150,247150,247151,1,0
247150,247150,247151,1,0
247150,247150,247151,1,0
247150,247150,247151,1,0
247150,247150,247151,1,0
247150,247150,247151,1,0
247150,247150,247151,1,0
247150,247150,247151,1,0
247150,247150,247151,1,0
247150,247150,247151,1,0
247150,247150,247151,1,0
247150,247150,247151,1,0
247150,247150,247151,1,0
247150,247150,247151,1,0
247150,247150,247152,2,0
247150,247150,247151,1,0
247150,247150,247151,1,0
247150,247150,247152,2,0
247150,247150,247151,1,0
247150,247150,247151,1,0
247150,247150,247151,1,0
247150,247150,247151,1,0
247150,247150,247151,1,0
247150,247150,247151,1,0
247150,247150,247151,1,0
247117,247117,247175,58,0
247184,247184,247185,1,0
247184,247184,247185,1,0
247184,247184,247185,1,0
247184,247184,247185,1,0
247184,247184,247185,1,0
247184,247184,247185,1,0
247184,247184,247185,1,0
247184,247184,247185,1,0
247184,247184,247185,1,0
247184,247184,247185,1,0
247184,247184,247185,1,0
247184,247184,247185,1,0
247184,247184,247186,2,0
247184,247184,247186,2,0
247184,247184,247185,1,0
247184,247184,247186,2,0
247184,247184,247186,2,0
247184,247184,247185,1,0
247184,247184,247185,1,0
247184,247184,247185,1,0
247184,247184,247185,1,0
247184,247184,247186,2,0
247184,247184,247186,2,0
247184,247184,247185,1,0
247184,247184,247186,2,0
247184,247184,247185,1,0
247184,247184,247185,1,0
247184,247184,247186,2,0
247184,247184,247185,1,0
247184,247184,247185,1,0
247184,247184,247185,1,0
247184,247184,247185,1,0
247184,247184,247186,2,0
247184,247184,247186,2,0
247150,247150,247213,63,0
247219,247219,247220,1,0
247219,247219,247220,1,0
247219,247219,247220,1,0
247219,247219,247220,1,0
247219,247219,247220,1,0
247219,247219,247220,1,0
247219,247219,247220,1,0
247219,247219,247220,1,0
247219,247219,247220,1,0
247219,247219,247221,2,0
247219,247219,247221,2,0
247219,247219,247221,2,0
247219,247219,247221,2,0
247219,247219,247221,2,0
247219,247219,247221,2,0
247219,247219,247221,2,0
247219,247219,247221,2,0
247219,247219,247221,2,0
247219,247219,247221,2,0
247219,247219,247221,2,0
247219,247219,247221,2,0
247219,247219,247221,2,0
247219,247219,247221,2,0
247219,247219,247221,2,0
247219,247219,247221,2,0
247219,247219,247221,2,0
247219,247219,247221,2,0
247219,247219,247221,2,0
247219,247219,247221,2,0
247219,247219,247221,2,0
247219,247219,247221,2,0
247219,247219,247221,2,0
247219,247219,247220,1,0
247219,247219,247221,2,0
247184,247184,247230,46,0
247240,247240,247241,1,0
247240,247240,247241,1,0
247240,247240,247241,1,0
247240,247240,247241,1,0
247240,247240,247241,1,0
247240,247240,247242,2,0
247240,247241,247242,1,1
247240,247241,247242,1,1
247240,247241,247242,1,1
247240,247240,247242,2,0
247240,247241,247242,1,1
247240,247241,247242,1,1
247240,247241,247242,1,1
247240,247241,247242,1,1
247240,247241,247242,1,1
247240,247241,247242,1,1
247240,247241,247242,1,1
247240,247241,247242,1,1
247240,247241,247242,1,1
247240,247240,247242,2,0
247240,247241,247242,1,1
247240,247241,247242,1,1
247240,247241,247242,1,1
247240,247241,247242,1,1
247240,247241,247242,1,1
247240,247241,247242,1,1
247240,247241,247242,1,1
247240,247241,247242,1,1
247240,247241,247242,1,1
247240,247241,247242,1,1
247220,247220,247281,61,0
247222,247222,247282,60,0
247282,247282,247283,1,0
247282,247282,247283,1,0
247282,247282,247283,1,0
247282,247282,247283,1,0
247282,247282,247283,1,0
247282,247282,247283,1,0
247282,247282,247283,1,0
247282,247283,247284,1,1
247282,247282,247284,2,0
247282,247282,247284,2,0
247282,247282,247284,2,0
247282,247282,247284,2,0
247282,247282,247284,2,0
247282,247282,247284,2,0
247282,247282,247284,2,0
247282,247282,247284,2,0
247282,247282,247284,2,0
247282,247282,247284,2,0
247282,247282,247284,2,0
247282,247282,247284,2,0
247282,247282,247284,2,0
247282,247282,247284,2,0
247282,247282,247284,2,0
247282,247282,247284,2,0
247282,247282,247283,1,0
247282,247282,247284,2,0
247282,247282,247284,2,0
247284,247284,247285,1,0
247282,247283,247284,1,1
247282,247283,247284,1,1
247284,247284,247285,1,0
247284,247284,247285,1,0
247284,247284,247285,1,0
247284,247284,247285,1,0
247284,247284,247285,1,0
247284,247284,247285,1,0
247284,247284,247285,1,0
247284,247284,247285,1,0
247284,247284,247285,1,0
247284,247284,247285,1,0
247284,247284,247285,1,0
247284,247284,247285,1,0
247284,247284,247285,1,0
247284,247284,247285,1,0
247284,247284,247285,1,0
247284,247284,247286,2,0
247284,247284,247286,2,0
247284,247284,247286,2,0
247282,247283,247284,1,1
247282,247283,247284,1,1
247282,247283,247284,1,1
247284,247284,247285,1,0
247284,247284,247286,2,0
247284,247284,247285,1,0
247284,247284,247285,1,0
247284,247284,247285,1,0
247284,247284,247286,2,0
247284,247284,247285,1,0
247284,247284,247285,1,0
247284,247284,247286,2,0
247284,247284,247286,2,0
247284,247284,247285,1,0
247284,247284,247286,2,0
247284,247284,247285,1,0
247242,247242,247289,47,0
247284,247286,247296,10,2
247243,247243,247299,56,0
247284,247286,247300,14,2
247305,247305,247306,1,0
247305,247305,247306,1,0
247305,247305,247306,1,0
247305,247305,247306,1,0
247305,247305,247306,1,0
247305,247305,247306,1,0
247305,247305,247306,1,0
247305,247305,247306,1,0
247305,247305,247306,1,0
247305,247305,247306,1,0
247305,247305,247306,1,0
247305,247305,247306,1,0
247305,247305,247306,1,0
247305,247305,247307,2,0
247305,247305,247307,2,0
247305,247305,247306,1,0
247305,247305,247307,2,0
247305,247305,247306,1,0
247305,247305,247307,2,0
247305,247305,247306,1,0
247305,247305,247307,2,0
247305,247305,247307,2,0
247305,247305,247307,2,0
247305,247305,247306,1,0
247305,247305,247306,1,0
247305,247305,247306,1,0
247305,247305,247307,2,0
247305,247305,247307,2,0
247305,247305,247307,2,0
247305,247305,247307,2,0
247305,247305,247306,1,0
247305,247305,247306,1,0
247305,247305,247307,2,0
247305,247305,247307,2,0
247262,247262,247314,52,0
247266,247266,247318,52,0
247268,247268,247322,54,0
247323,247324,247325,1,1
247323,247324,247325,1,1
247324,247324,247325,1,0
247323,247324,247325,1,1
247323,247324,247325,1,1
247324,247324,247325,1,0
247271,247271,247324,53,0
247323,247324,247325,1,1
247324,247324,247325,1,0
247323,247324,247325,1,1
247323,247324,247325,1,1
247324,247324,247325,1,0
247324,247324,247325,1,0
247323,247324,247325,1,1
247323,247324,247325,1,1
247324,247324,247325,1,0
247323,247324,247325,1,1
247323,247324,247325,1,1
247324,247324,247325,1,0
247324,247324,247325,1,0
247324,247324,247325,1,0
247323,247324,247325,1,1
247324,247324,247325,1,0
247324,247324,247325,1,0
247323,247324,247325,1,1
247323,247324,247325,1,1
247324,247324,247325,1,0
247324,247324,247325,1,0
247324,247324,247325,1,0
247324,247324,247325,1,0
247323,247324,247325,1,1
247324,247324,247325,1,0
247324,247324,247325,1,0
247323,247324,247325,1,1
247324,247324,247325,1,0
247324,247324,247326,2,0
247324,247324,247325,1,0
247323,247324,247325,1,1
247324,247324,247326,2,0
247324,247324,247325,1,0
247323,247324,247325,1,1
247323,247324,247325,1,1
247324,247324,247326,2,0
247324,247324,247325,1,0
247323,247324,247325,1,1
247324,247324,247325,1,0
247324,247324,247325,1,0
247323,247324,247325,1,1
247323,247324,247325,1,1
247324,247324,247325,1,0
247324,247324,247326,2,0
247324,247324,247326,2,0
247324,247324,247325,1,0
247323,247324,247325,1,1
247324,247324,247325,1,0
247324,247324,247325,1,0
247323,247324,247325,1,1
247324,247324,247326,2,0
247324,247324,247325,1,0
247280,247280,247328,48,0
247283,247283,247331,48,0
247285,247285,247334,49,0
247277,247277,247334,57,0
247276,247276,247335,59,0
247273,247273,247339,66,0
247264,247264,247341,77,0
247270,247270,247341,71,0
247306,247306,247360,54,0
247360,247360,247361,1,0
247360,247360,247361,1,0
247360,247360,247361,1,0
247360,247360,247361,1,0
247360,247360,247361,1,0
247360,247360,247361,1,0
247360,247360,247361,1,0
247360,247360,247361,1,0
247360,247360,247361,1,0
247360,247360,247361,1,0
247360,247360,247361,1,0
247360,247360,247361,1,0
247360,247360,247361,1,0
247360,247360,247361,1,0
247360,247360,247361,1,0
247360,247360,247361,1,0
247360,247360,247361,1,0
247360,247360,247361,1,0
247360,247360,247361,1,0
247360,247360,247361,1,0
247360,247360,247361,1,0
247360,247360,247361,1,0
247360,247360,247361,1,0
247360,247360,247361,1,0
247360,247360,247361,1,0
247360,247360,247361,1,0
247360,247360,247361,1,0
247360,247360,247361,1,0
247360,247360,247361,1,0
247360,247360,247361,1,0
247360,247360,247361,1,0
247360,247360,247361,1,0
247360,247360,247361,1,0
247360,247360,247361,1,0
247360,247360,247361,1,0
247360,247360,247361,1,0
247360,247360,247361,1,0
247360,247360,247361,1,0
247360,247360,247361,1,0
247360,247360,247361,1,0
247360,247360,247361,1,0
247360,247360,247361,1,0
247360,247360,247361,1,0
247360,247360,247361,1,0
247360,247360,247361,1,0
247360,247360,247361,1,0
247360,247360,247361,1,0
247360,247360,247361,1,0
247360,247360,247361,1,0
247360,247360,247362,2,0
247360,247360,247362,2,0
247360,247360,247361,1,0
247360,247360,247362,2,0
247360,247360,247362,2,0
247360,247360,247361,1,0
247360,247360,247361,1,0
247360,247360,247361,1,0
247360,247360,247361,1,0
247360,247360,247362,2,0
247360,247360,247362,2,0
247360,247360,247362,2,0
247360,247360,247361,1,0
247360,247360,247361,1,0
247360,247360,247362,2,0
247360,247360,247362,2,0
247360,247360,247362,2,0
247360,247360,247361,1,0
247360,247360,247362,2,0
247360,247360,247362,2,0
247360,247360,247362,2,0
247360,247360,247362,2,0
247360,247362,247363,1,2
247360,247360,247362,2,0
247360,247360,247362,2,0
247360,247362,247363,1,2
247360,247360,247362,2,0
247360,247360,247362,2,0
247360,247362,247363,1,2
247360,247362,247363,1,2
247360,247362,247363,1,2
247360,247360,247362,2,0
247360,247362,247363,1,2
247360,247362,247363,1,2
247360,247362,247363,1,2
247360,247360,247362,2,0
247360,247361,247362,1,1
247360,247362,247363,1,2
247360,247362,247363,1,2
247360,247360,247362,2,0
247360,247362,247363,1,2
247360,247362,247363,1,2
247360,247362,247363,1,2
247360,247360,247362,2,0
247360,247362,247363,1,2
247360,247362,247363,1,2
247360,247362,247363,1,2
247360,247362,247363,1,2
247360,247362,247363,1,2
247360,247362,247363,1,2
247360,247362,247363,1,2
247360,247362,247363,1,2
247360,247362,247363,1,2
247360,247362,247363,1,2
247360,247362,247363,1,2
247360,247362,247363,1,2
247360,247362,247363,1,2
247360,247362,247363,1,2
247360,247362,247364,2,2
247360,247362,247364,2,2
247360,247362,247363,1,2
247360,247362,247363,1,2
247360,247362,247363,1,2
247360,247362,247363,1,2
247360,247362,247364,2,2
247360,247363,247364,1,3
247360,247362,247363,1,2
247360,247362,247364,2,2
247360,247362,247364,2,2
247360,247362,247364,2,2
247360,247362,247363,1,2
247361,247363,247364,1,2
247360,247362,247364,2,2
247360,247362,247363,1,2
247360,247362,247364,2,2
247361,247363,247364,1,2
247361,247363,247364,1,2
247361,247363,247364,1,2
247360,247362,247363,1,2
247360,247362,247363,1,2
247360,247362,247363,1,2
247361,247363,247364,1,2
247360,247362,247363,1,2
247360,247362,247364,2,2
247360,247362,247363,1,2
247360,247362,247364,2,2
247361,247363,247364,1,2
247360,247362,247364,2,2
247360,247362,247364,2,2
247360,247362,247363,1,2
247361,247363,247364,1,2
247360,247362,247363,1,2
247360,247362,247364,2,2
247360,247362,247364,2,2
247360,247362,247363,1,2
247361,247363,247364,1,2
247361,247363,247364,1,2
247360,247362,247363,1,2
247360,247362,247363,1,2
247360,247362,247364,2,2
247360,247362,247364,2,2
247361,247363,247364,1,2
247361,247363,247364,1,2
247360,247362,247364,2,2
247360,247362,247364,2,2
247360,247362,247363,1,2
247360,247362,247363,1,2
247360,247362,247363,1,2
247361,247363,247364,1,2
247360,247363,247364,1,3
247360,247363,247364,1,3
247360,247363,247364,1,3
247360,247363,247364,1,3
247360,247363,247364,1,3
247360,247363,247365,2,3
247360,247363,247364,1,3
247360,247363,247365,2,3
247360,247363,247365,2,3
247360,247363,247365,2,3
247360,247363,247364,1,3
247360,247363,247365,2,3
247360,247363,247365,2,3
247360,247363,247365,2,3
247360,247363,247365,2,3
247360,247363,247365,2,3
247360,247363,247365,2,3
247360,247363,247364,1,3
247360,247363,247365,2,3
247360,247363,247364,1,3
247361,247363,247365,2,2
247361,247363,247365,2,2
247361,247363,247365,2,2
247361,247363,247365,2,2
247361,247364,247365,1,3
247360,247363,247364,1,3
247361,247364,247365,1,3
247361,247364,247365,1,3
247361,247364,247365,1,3
247361,247364,247365,1,3
247361,247364,247365,1,3
247361,247364,247365,1,3
247361,247364,247365,1,3
247361,247364,247365,1,3
247361,247364,247365,1,3
247361,247364,247365,1,3
247361,247364,247365,1,3
247361,247364,247365,1,3
247361,247364,247365,1,3
247361,247364,247366,2,3
247361,247364,247366,2,3
247361,247364,247366,2,3
247361,247364,247366,2,3
247324,247325,247380,55,1
247427,247427,247428,1,0
247427,247427,247428,1,0
247427,247427,247428,1,0
247427,247427,247428,1,0
247427,247427,247428,1,0
247427,247427,247428,1,0
247427,247427,247429,2,0
247427,247427,247429,2,0
247427,247427,247428,1,0
247427,247427,247428,1,0
247427,247427,247429,2,0
247427,247427,247428,1,0
247427,247427,247429,2,0
247427,247428,247429,1,1
247427,247427,247428,1,0
247427,247427,247428,1,0
247427,247427,247429,2,0
247427,247427,247428,1,0
247427,247427,247428,1,0
247427,247427,247428,1,0
247427,247427,247429,2,0
247427,247427,247428,1,0
247427,247427,247428,1,0
247427,247428,247429,1,1
247427,247427,247429,2,0
247427,247427,247429,2,0
247427,247428,247429,1,1
247427,247428,247429,1,1
247427,247428,247429,1,1
247428,247429,247430,1,1
247427,247427,247429,2,0
247427,247428,247429,1,1
247427,247428,247429,1,1
247427,247428,247429,1,1
247427,247428,247429,1,1
247428,247429,247430,1,1
247427,247427,247429,2,0
247427,247427,247429,2,0
247427,247428,247429,1,1
247427,247428,247430,2,1
247427,247428,247429,1,1
247427,247429,247430,1,2
247428,247429,247430,1,1
247427,247427,247429,2,0
247427,247428,247429,1,1
247427,247428,247429,1,1
247428,247429,247430,1,1
247427,247427,247429,2,0
247427,247428,247429,1,1
247427,247428,247429,1,1
247428,247429,247430,1,1
247427,247427,247429,2,0
247427,247428,247429,1,1
247427,247428,247429,1,1
247428,247429,247430,1,1
247427,247427,247429,2,0
247427,247428,247429,1,1
247427,247428,247429,1,1
247427,247427,247429,2,0
247427,247428,247429,1,1
247427,247428,247429,1,1
247428,247429,247430,1,1
247428,247429,247430,1,1
247427,247427,247429,2,0
247427,247428,247429,1,1
247427,247428,247429,1,1
247427,247427,247429,2,0
247427,247428,247429,1,1
247427,247428,247429,1,1
247427,247429,247430,1,2
247427,247429,247431,2,2
247427,247429,247431,2,2
247428,247429,247430,1,1
247427,247429,247431,2,2
247427,247429,247431,2,2
247427,247429,247431,2,2
247428,247429,247431,2,1
247427,247429,247431,2,2
247427,247429,247431,2,2
247428,247429,247430,1,1
247428,247429,247431,2,1
247428,247429,247431,2,1
247427,247429,247431,2,2
247427,247429,247431,2,2
247427,247429,247430,1,2
247428,247429,247431,2,1
247427,247429,247431,2,2
247427,247429,247430,1,2
247428,247429,247431,2,1
247427,247429,247431,2,2
247427,247429,247431,2,2
247427,247429,247430,1,2
247428,247429,247430,1,1
247428,247429,247431,2,1
247427,247429,247431,2,2
247427,247429,247431,2,2
247427,247429,247430,1,2
247428,247429,247430,1,1
247428,247429,247431,2,1
247427,247429,247430,1,2
247428,247429,247431,2,1
247428,247430,247431,1,2
247428,247429,247430,1,1
247428,247429,247431,2,1
247428,247430,247431,1,2
247427,247429,247430,1,2
247428,247430,247431,1,2
247428,247430,247431,1,2
247428,247430,247431,1,2
247428,247430,247431,1,2
247428,247430,247431,1,2
247428,247430,247432,2,2
247428,247430,247432,2,2
247428,247430,247432,2,2
247428,247430,247432,2,2
247428,247430,247431,1,2
247428,247430,247483,53,2
247493,247493,247494,1,0
247493,247493,247494,1,0
247493,247493,247494,1,0
247493,247493,247494,1,0
247493,247493,247494,1,0
247493,247493,247494,1,0
247493,247493,247494,1,0
247493,247493,247494,1,0
247493,247493,247494,1,0
247493,247493,247494,1,0
247493,247493,247494,1,0
247493,247493,247494,1,0
247493,247493,247494,1,0
247493,247493,247494,1,0
247493,247493,247494,1,0
247493,247493,247494,1,0
247493,247493,247494,1,0
247493,247493,247494,1,0
247493,247493,247494,1,0
247493,247493,247494,1,0
247493,247493,247494,1,0
247493,247493,247494,1,0
247493,247493,247494,1,0
247493,247493,247494,1,0
247493,247493,247494,1,0
247493,247493,247494,1,0
247493,247493,247494,1,0
247493,247493,247494,1,0
247493,247493,247494,1,0
247493,247493,247494,1,0
247493,247493,247494,1,0
247493,247493,247494,1,0
247493,247493,247494,1,0
247493,247493,247494,1,0
247493,247493,247495,2,0
247493,247493,247495,2,0
247493,247493,247494,1,0
247493,247493,247495,2,0
247493,247493,247495,2,0
247493,247493,247495,2,0
247493,247493,247495,2,0
247493,247493,247495,2,0
247493,247493,247495,2,0
247493,247493,247495,2,0
247493,247493,247495,2,0
247493,247493,247495,2,0
247493,247493,247495,2,0
247493,247493,247495,2,0
247493,247493,247495,2,0
247493,247493,247495,2,0
247493,247493,247495,2,0
247493,247493,247495,2,0
247493,247493,247495,2,0
247493,247493,247495,2,0
247493,247493,247495,2,0
247493,247493,247495,2,0
247493,247493,247495,2,0
247493,247493,247495,2,0
247493,247493,247495,2,0
247493,247493,247495,2,0
247493,247493,247495,2,0
247493,247493,247495,2,0
247493,247493,247495,2,0
247493,247493,247495,2,0
247493,247493,247495,2,0
247493,247493,247495,2,0
247493,247493,247496,3,0
247493,247493,247496,3,0
247494,247494,247541,47,0
247542,247542,247543,1,0
247542,247542,247543,1,0
247542,247542,247543,1,0
247542,247542,247543,1,0
247542,247542,247543,1,0
247542,247542,247543,1,0
247542,247542,247543,1,0
247542,247542,247543,1,0
247542,247542,247543,1,0
247542,247542,247543,1,0
247542,247542,247543,1,0
247542,247542,247543,1,0
247542,247542,247543,1,0
247542,247542,247543,1,0
247542,247542,247543,1,0
247542,247542,247543,1,0
247542,247542,247543,1,0
247542,247542,247543,1,0
247542,247542,247543,1,0
247542,247542,247543,1,0
247542,247542,247543,1,0
247542,247542,247543,1,0
247542,247542,247543,1,0
247542,247542,247543,1,0
247542,247542,247543,1,0
247542,247542,247543,1,0
247542,247542,247543,1,0
247542,247542,247543,1,0
247542,247542,247544,2,0
247542,247542,247544,2,0
247542,247542,247544,2,0
247542,247542,247543,1,0
247542,247542,247544,2,0
247542,247542,247544,2,0
247542,247542,247544,2,0
247542,247542,247543,1,0
247542,247542,247544,2,0
247542,247542,247544,2,0
247542,247542,247543,1,0
247542,247542,247543,1,0
247542,247542,247544,2,0
247542,247542,247544,2,0
247542,247542,247543,1,0
247542,247542,247543,1,0
247542,247542,247544,2,0
247542,247542,247543,1,0
247542,247542,247544,2,0
247542,247542,247543,1,0
247542,247542,247544,2,0
247542,247542,247544,2,0
247542,247542,247544,2,0
247542,247542,247543,1,0
247542,247542,247544,2,0
247542,247542,247544,2,0
247542,247542,247544,2,0
247542,247542,247544,2,0
247542,247542,247544,2,0
247542,247542,247544,2,0
247542,247542,247544,2,0
247542,247542,247544,2,0
247542,247542,247544,2,0
247542,247542,247544,2,0
247542,247542,247544,2,0
247542,247542,247544,2,0
247542,247542,247543,1,0
247542,247542,247544,2,0
247542,247542,247544,2,0
247542,247542,247544,2,0
247578,247578,247579,1,0
247578,247578,247579,1,0
247578,247578,247579,1,0
247578,247578,247579,1,0
247578,247578,247579,1,0
247578,247578,247579,1,0
247578,247578,247579,1,0
247578,247578,247579,1,0
247578,247578,247579,1,0
247578,247578,247579,1,0
247578,247578,247579,1,0
247578,247578,247579,1,0
247578,247578,247579,1,0
247578,247578,247579,1,0
247578,247578,247580,2,0
247578,247578,247580,2,0
247578,247578,247579,1,0
247578,247578,247580,2,0
247578,247578,247580,2,0
247578,247578,247580,2,0
247578,247578,247580,2,0
247578,247578,247580,2,0
247578,247578,247580,2,0
247578,247578,247580,2,0
247578,247578,247580,2,0
247578,247578,247580,2,0
247578,247578,247579,1,0
247578,247578,247580,2,0
247578,247578,247579,1,0
247578,247578,247580,2,0
247578,247578,247580,2,0
247578,247578,247579,1,0
247578,247578,247580,2,0
247578,247578,247580,2,0
247579,247579,247628,49,0
247630,247630,247631,1,0
247630,247630,247631,1,0
247630,247630,247631,1,0
247630,247630,247631,1,0
247630,247630,247631,1,0
247630,247630,247631,1,0
247630,247630,247631,1,0
247630,247630,247631,1,0
247630,247630,247631,1,0
247630,247630,247631,1,0
247630,247630,247631,1,0
247630,247630,247631,1,0
247630,247630,247631,1,0
247630,247630,247631,1,0
247630,247630,247631,1,0
247630,247630,247632,2,0
247630,247630,247631,1,0
247630,247630,247632,2,0
247630,247630,247631,1,0
247630,247630,247632,2,0
247630,247630,247631,1,0
247630,247630,247631,1,0
247630,247630,247632,2,0
247630,247630,247632,2,0
247630,247630,247631,1,0
247630,247630,247631,1,0
247630,247630,247632,2,0
247630,247630,247632,2,0
247630,247630,247631,1,0
247630,247630,247632,2,0
247630,247630,247632,2,0
247630,247630,247631,1,0
247630,247630,247632,2,0
247630,247630,247632,2,0
247629,247629,247677,48,0
247627,247628,247678,50,1
247678,247678,247679,1,0
247678,247678,247679,1,0
247678,247678,247679,1,0
247678,247678,247679,1,0
247678,247678,247679,1,0
247678,247678,247679,1,0
247678,247678,247679,1,0
247678,247678,247679,1,0
247678,247678,247679,1,0
247678,247678,247679,1,0
247679,247679,247680,1,0
247678,247678,247679,1,0
247678,247678,247680,2,0
247678,247678,247679,1,0
247678,247678,247679,1,0
247678,247678,247679,1,0
247679,247679,247680,1,0
247678,247678,247679,1,0
247678,247678,247679,1,0
247679,247679,247680,1,0
247678,247678,247679,1,0
247678,247678,247679,1,0
247679,247679,247680,1,0
247678,247678,247679,1,0
247678,247678,247679,1,0
247679,247679,247680,1,0
247679,247679,247680,1,0
247678,247678,247680,2,0
247678,247678,247679,1,0
247679,247679,247680,1,0
247679,247679,247680,1,0
247678,247678,247679,1,0
247678,247678,247679,1,0
247678,247678,247679,1,0
247679,247679,247680,1,0
247678,247678,247679,1,0
247678,247678,247679,1,0
247678,247678,247679,1,0
247679,247679,247680,1,0
247678,247678,247679,1,0
247678,247678,247679,1,0
247678,247678,247679,1,0
247679,247679,247680,1,0
247679,247680,247681,1,1
247679,247679,247681,2,0
247679,247679,247681,2,0
247679,247679,247681,2,0
247679,247679,247681,2,0
247679,247679,247680,1,0
247679,247679,247681,2,0
247679,247679,247681,2,0
247679,247679,247681,2,0
247679,247679,247681,2,0
247679,247679,247681,2,0
247679,247679,247681,2,0
247679,247679,247681,2,0
247679,247679,247681,2,0
247679,247679,247681,2,0
247679,247679,247681,2,0
247679,247680,247681,1,1
247679,247679,247681,2,0
247679,247679,247681,2,0
247679,247679,247681,2,0
247679,247679,247681,2,0
247679,247680,247681,1,1
247632,247633,247682,49,1
247679,247679,247682,3,0
247630,247631,247682,51,1
247699,247699,247700,1,0
247699,247699,247700,1,0
247699,247699,247700,1,0
247699,247699,247700,1,0
247699,247699,247700,1,0
247699,247699,247700,1,0
247699,247699,247700,1,0
247699,247699,247700,1,0
247699,247699,247700,1,0
247699,247699,247701,2,0
247699,247699,247700,1,0
247699,247699,247701,2,0
247699,247699,247701,2,0
247699,247699,247701,2,0
247699,247699,247700,1,0
247699,247699,247701,2,0
247699,247699,247701,2,0
247699,247699,247701,2,0
247699,247699,247701,2,0
247699,247699,247701,2,0
247699,247699,247701,2,0
247699,247699,247701,2,0
247699,247699,247701,2,0
247699,247699,247701,2,0
247699,247699,247700,1,0
247699,247699,247700,1,0
247699,247699,247701,2,0
247699,247699,247700,1,0
247699,247699,247700,1,0
247699,247699,247701,2,0
247699,247699,247700,1,0
247699,247700,247701,1,1
247699,247700,247701,1,1
247699,247700,247701,1,1
247656,247656,247710,54,0
247652,247652,247710,58,0
247661,247661,247713,52,0
247654,247654,247714,60,0
247717,247717,247718,1,0
247717,247717,247718,1,0
247717,247717,247718,1,0
247717,247717,247718,1,0
247717,247717,247718,1,0
247717,247717,247718,1,0
247717,247717,247718,1,0
247717,247717,247719,2,0
247717,247717,247718,1,0
247717,247717,247718,1,0
247717,247717,247718,1,0
247717,247717,247718,1,0
247717,247717,247718,1,0
247717,247717,247718,1,0
247717,247717,247718,1,0
247717,247717,247718,1,0
247717,247717,247718,1,0
247717,247717,247718,1,0
247717,247717,247718,1,0
247717,247717,247718,1,0
247717,247717,247718,1,0
247717,247717,247718,1,0
247717,247717,247718,1,0
247717,247717,247718,1,0
247717,247717,247718,1,0
247717,247717,247719,2,0
247717,247717,247719,2,0
247717,247717,247719,2,0
247717,247718,247719,1,1
247717,247717,247718,1,0
247717,247717,247719,2,0
247717,247717,247719,2,0
247717,247718,247719,1,1
247717,247718,247719,1,1
247717,247718,247719,1,1
247717,247718,247719,1,1
247717,247718,247719,1,1
247717,247718,247719,1,1
247717,247718,247719,1,1
247717,247718,247719,1,1
247717,247717,247719,2,0
247717,247717,247719,2,0
247717,247717,247719,2,0
247717,247718,247719,1,1
247717,247717,247719,2,0
247717,247717,247719,2,0
247717,247717,247719,2,0
247717,247718,247719,1,1
247717,247718,247719,1,1
247717,247719,247720,1,2
247717,247717,247719,2,0
247717,247717,247719,2,0
247717,247717,247719,2,0
247717,247718,247719,1,1
247717,247718,247719,1,1
247717,247717,247719,2,0
247717,247717,247719,2,0
247717,247717,247719,2,0
247717,247717,247719,2,0
247717,247717,247719,2,0
247717,247717,247719,2,0
247717,247718,247719,1,1
247717,247717,247719,2,0
247717,247717,247719,2,0
247717,247718,247719,1,1
247717,247719,247720,1,2
247717,247719,247720,1,2
247717,247719,247720,1,2
247717,247719,247720,1,2
247717,247719,247720,1,2
247717,247719,247720,1,2
247717,247719,247720,1,2
247717,247719,247720,1,2
247717,247719,247720,1,2
247717,247719,247720,1,2
247717,247719,247720,1,2
247717,247719,247720,1,2
247717,247719,247720,1,2
247717,247719,247720,1,2
247717,247719,247720,1,2
247717,247719,247720,1,2
247717,247719,247720,1,2
247717,247719,247720,1,2
247717,247719,247720,1,2
247717,247719,247720,1,2
247717,247719,247720,1,2
247663,247668,247721,53,5
247717,247721,247722,1,4
247717,247721,247722,1,4
247717,247721,247723,2,4
247717,247721,247723,2,4
247717,247721,247723,2,4
247717,247721,247723,2,4
247659,247659,247726,67,0
247677,247677,247728,51,0
247680,247680,247729,49,0
247669,247669,247729,60,0
247674,247674,247730,56,0
247666,247666,247735,69,0
247754,247754,247755,1,0
247754,247754,247755,1,0
247753,247754,247755,1,1
247754,247754,247755,1,0
247754,247754,247755,1,0
247753,247754,247755,1,1
247754,247754,247755,1,0
247754,247754,247755,1,0
247753,247754,247755,1,1
247753,247754,247755,1,1
247754,247754,247755,1,0
247754,247754,247755,1,0
247753,247754,247755,1,1
247753,247754,247755,1,1
247753,247754,247755,1,1
247754,247754,247755,1,0
247754,247754,247755,1,0
247753,247754,247755,1,1
247753,247754,247755,1,1
247754,247754,247755,1,0
247754,247754,247755,1,0
247754,247754,247755,1,0
247753,247754,247755,1,1
247753,247754,247755,1,1
247753,247754,247755,1,1
247754,247754,247755,1,0
247754,247754,247755,1,0
247753,247754,247755,1,1
247753,247754,247755,1,1
247754,247754,247755,1,0
247754,247754,247755,1,0
247753,247754,247755,1,1
247753,247754,247755,1,1
247753,247754,247755,1,1
247754,247754,247755,1,0
247754,247754,247755,1,0
247753,247754,247755,1,1
247754,247754,247755,1,0
247754,247754,247755,1,0
247753,247754,247755,1,1
247753,247754,247755,1,1
247754,247754,247756,2,0
247754,247754,247755,1,0
247754,247755,247756,1,1
247753,247754,247755,1,1
247754,247754,247755,1,0
247754,247754,247755,1,0
247754,247755,247756,1,1
247753,247754,247755,1,1
247754,247754,247755,1,0
247754,247754,247755,1,0
247754,247754,247755,1,0
247754,247754,247755,1,0
247754,247754,247755,1,0
247754,247754,247755,1,0
247754,247755,247756,1,1
247753,247754,247755,1,1
247754,247754,247755,1,0
247754,247754,247755,1,0
247754,247755,247756,1,1
247753,247754,247755,1,1
247754,247754,247755,1,0
247754,247754,247755,1,0
247754,247754,247755,1,0
247754,247755,247756,1,1
247753,247754,247755,1,1
247754,247754,247755,1,0
247754,247754,247755,1,0
247754,247755,247756,1,1
247754,247755,247756,1,1
247754,247754,247755,1,0
247754,247754,247755,1,0
247754,247754,247756,2,0
247754,247754,247755,1,0
247754,247755,247756,1,1
247754,247755,247756,1,1
247754,247754,247755,1,0
247754,247754,247755,1,0
247754,247755,247756,1,1
247754,247755,247756,1,1
247754,247755,247756,1,1
247754,247755,247757,2,1
247754,247755,247757,2,1
247754,247755,247756,1,1
247754,247755,247756,1,1
247754,247755,247756,1,1
247754,247755,247757,2,1
247754,247755,247757,2,1
247754,247755,247756,1,1
247754,247755,247756,1,1
247754,247755,247756,1,1
247754,247755,247757,2,1
247754,247755,247756,1,1
247754,247756,247757,1,2
247754,247756,247757,1,2
247754,247756,247757,1,2
247754,247756,247757,1,2
247754,247756,247758,2,2
247754,247756,247758,2,2
247754,247755,247757,2,1
247754,247755,247757,2,1
247754,247755,247757,2,1
247754,247755,247757,2,1
247754,247755,247757,2,1
247754,247755,247757,2,1
247754,247755,247757,2,1
247754,247755,247757,2,1
247754,247755,247757,2,1
247754,247755,247757,2,1
247754,247755,247757,2,1
247754,247755,247757,2,1
247754,247755,247757,2,1
247754,247755,247757,2,1
247754,247755,247757,2,1
247754,247755,247757,2,1
247754,247755,247757,2,1
247754,247755,247757,2,1
247754,247757,247758,1,3
247754,247756,247758,2,2
247754,247756,247758,2,2
247754,247756,247757,1,2
247754,247756,247757,1,2
247754,247756,247758,2,2
247754,247756,247758,2,2
247754,247757,247758,1,3
247754,247757,247758,1,3
247754,247757,247758,1,3
247754,247757,247758,1,3
247754,247757,247758,1,3
247754,247757,247759,2,3
247754,247757,247758,1,3
247754,247757,247758,1,3
247754,247757,247758,1,3
247754,247757,247758,1,3
247754,247757,247759,2,3
247754,247757,247758,1,3
247754,247757,247758,1,3
247754,247757,247758,1,3
247754,247757,247759,2,3
247754,247757,247758,1,3
247754,247757,247758,1,3
247754,247757,247758,1,3
247754,247757,247758,1,3
247754,247757,247759,2,3
247754,247757,247759,2,3
247754,247757,247758,1,3
247754,247757,247758,1,3
247754,247755,247763,8,1
247754,247755,247763,8,1
247671,247671,247762,91,0
247754,247755,247763,8,1
247754,247755,247763,8,1
247754,247755,247763,8,1
247754,247755,247763,8,1
247754,247757,247763,6,3
247754,247757,247764,7,3
247718,247720,247776,56,2
247755,247758,247809,51,3
247820,247820,247821,1,0
247820,247820,247822,2,0
247821,247821,247822,1,0
247820,247820,247821,1,0
247820,247820,247821,1,0
247820,247820,247822,2,0
247821,247821,247822,1,0
247820,247820,247821,1,0
247820,247820,247821,1,0
247820,247820,247821,1,0
247820,247820,247822,2,0
247821,247821,247822,1,0
247820,247820,247821,1,0
247820,247820,247821,1,0
247820,247820,247822,2,0
247820,247820,247821,1,0
247820,247820,247822,2,0
247820,247820,247822,2,0
247821,247821,247822,1,0
247820,247820,247822,2,0
247821,247821,247822,1,0
247820,247820,247821,1,0
247820,247820,247821,1,0
247821,247821,247822,1,0
247820,247820,247821,1,0
247821,247821,247822,1,0
247820,247820,247822,2,0
247820,247821,247822,1,1
247820,247821,247822,1,1
247820,247821,247822,1,1
247821,247821,247822,1,0
247821,247822,247823,1,1
247820,247820,247822,2,0
247820,247820,247822,2,0
247820,247821,247822,1,1
247820,247821,247822,1,1
247820,247820,247822,2,0
247820,247821,247822,1,1
247820,247821,247822,1,1
247821,247821,247822,1,0
247821,247821,247822,1,0
247821,247822,247823,1,1
247820,247820,247822,2,0
247820,247820,247822,2,0
247820,247821,247822,1,1
247820,247821,247822,1,1
247820,247821,247822,1,1
247821,247822,247823,1,1
247820,247820,247822,2,0
247820,247820,247822,2,0
247820,247821,247822,1,1
247820,247821,247822,1,1
247821,247822,247823,1,1
247820,247820,247822,2,0
247820,247821,247822,1,1
247820,247821,247822,1,1
247820,247821,247822,1,1
247820,247820,247822,2,0
247820,247820,247822,2,0
247820,247821,247822,1,1
247820,247821,247822,1,1
247820,247821,247822,1,1
247820,247820,247822,2,0
247820,247821,247822,1,1
247820,247821,247822,1,1
247821,247822,247823,1,1
247820,247820,247822,2,0
247820,247821,247822,1,1
247820,247821,247823,2,1
247820,247821,247822,1,1
247820,247820,247822,2,0
247820,247820,247822,2,0
247820,247821,247822,1,1
247820,247821,247822,1,1
247821,247822,247823,1,1
247821,247822,247824,2,1
247821,247822,247824,2,1
247821,247822,247824,2,1
247821,247822,247823,1,1
247821,247822,247823,1,1
247821,247822,247823,1,1
247821,247823,247824,1,2
247821,247822,247823,1,1
247821,247822,247823,1,1
247821,247822,247823,1,1
247821,247822,247823,1,1
247821,247822,247824,2,1
247821,247822,247824,2,1
247821,247822,247823,1,1
247821,247822,247823,1,1
247821,247822,247823,1,1
247821,247822,247824,2,1
247821,247822,247823,1,1
247821,247822,247823,1,1
247821,247822,247824,2,1
247821,247822,247824,2,1
247821,247822,247824,2,1
247821,247822,247823,1,1
247821,247822,247824,2,1
247821,247822,247823,1,1
247821,247822,247823,1,1
247821,247822,247824,2,1
247821,247822,247823,1,1
247821,247823,247824,1,2
247821,247822,247823,1,1
247821,247822,247824,2,1
247821,247822,247824,2,1
247821,247823,247824,1,2
247821,247822,247824,2,1
247821,247823,247824,1,2
247821,247823,247824,1,2
247821,247823,247824,1,2
247821,247823,247824,1,2
247821,247823,247825,2,2
247821,247823,247824,1,2
247821,247823,247825,2,2
247821,247823,247824,1,2
247821,247823,247824,1,2
247821,247823,247824,1,2
247821,247823,247825,2,2
247821,247823,247824,1,2
247821,247823,247825,2,2
247821,247823,247824,1,2
247821,247823,247824,1,2
247821,247823,247828,5,2
247821,247823,247870,47,2
247886,247886,247887,1,0
247886,247886,247887,1,0
247886,247886,247887,1,0
247886,247886,247887,1,0
247886,247886,247887,1,0
247886,247886,247887,1,0
247886,247886,247887,1,0
247886,247886,247887,1,0
247886,247886,247887,1,0
247886,247886,247887,1,0
247886,247886,247887,1,0
247886,247886,247887,1,0
247886,247886,247887,1,0
247886,247886,247887,1,0
247886,247886,247887,1,0
247886,247886,247887,1,0
247886,247886,247888,2,0
247886,247887,247888,1,1
247886,247887,247888,1,1
247886,247886,247888,2,0
247886,247886,247888,2,0
247886,247887,247888,1,1
247886,247887,247888,1,1
247886,247886,247888,2,0
247886,247886,247888,2,0
247886,247887,247888,1,1
247886,247887,247888,1,1
247886,247886,247888,2,0
247886,247887,247888,1,1
247886,247887,247888,1,1
247886,247886,247888,2,0
247886,247886,247888,2,0
247886,247887,247888,1,1
247886,247887,247888,1,1
247886,247886,247888,2,0
247886,247886,247888,2,0
247886,247887,247888,1,1
247886,247887,247888,1,1
247886,247887,247888,1,1
247886,247886,247888,2,0
247886,247886,247888,2,0
247886,247887,247888,1,1
247886,247887,247888,1,1
247886,247887,247888,1,1
247886,247886,247888,2,0
247886,247886,247888,2,0
247886,247886,247888,2,0
247886,247887,247888,1,1
247886,247887,247888,1,1
247886,247886,247888,2,0
247886,247887,247888,1,1
247886,247887,247888,1,1
247886,247886,247888,2,0
247886,247886,247888,2,0
247886,247887,247888,1,1
247886,247887,247888,1,1
247934,247934,247935,1,0
247934,247934,247935,1,0
247934,247934,247935,1,0
247934,247934,247935,1,0
247934,247934,247935,1,0
247934,247934,247935,1,0
247934,247934,247935,1,0
247934,247934,247935,1,0
247934,247934,247935,1,0
247934,247934,247936,2,0
247934,247934,247936,2,0
247934,247934,247936,2,0
247934,247934,247936,2,0
247934,247934,247936,2,0
247934,247934,247936,2,0
247934,247934,247936,2,0
247934,247934,247936,2,0
247934,247934,247936,2,0
247934,247934,247936,2,0
247934,247934,247936,2,0
247934,247934,247936,2,0
247934,247934,247936,2,0
247934,247934,247936,2,0
247934,247934,247936,2,0
247934,247934,247936,2,0
247934,247934,247936,2,0
247934,247934,247936,2,0
247934,247934,247936,2,0
247934,247934,247936,2,0
247934,247934,247936,2,0
247934,247934,247936,2,0
247934,247934,247935,1,0
247934,247934,247936,2,0
247934,247934,247936,2,0
247969,247969,247970,1,0
247969,247969,247970,1,0
247969,247969,247970,1,0
247969,247969,247970,1,0
247969,247969,247970,1,0
247969,247969,247970,1,0
247969,247969,247970,1,0
247969,247969,247970,1,0
247969,247969,247970,1,0
247969,247969,247970,1,0
247969,247969,247970,1,0
247969,247969,247970,1,0
247969,247969,247970,1,0
247969,247969,247970,1,0
247969,247969,247970,1,0
247969,247969,247971,2,0
247969,247969,247970,1,0
247969,247969,247970,1,0
247969,247969,247971,2,0
247969,247969,247970,1,0
247969,247969,247971,2,0
247969,247969,247970,1,0
247969,247969,247970,1,0
247969,247969,247970,1,0
247969,247969,247971,2,0
247969,247969,247970,1,0
247969,247969,247970,1,0
247969,247969,247971,2,0
247969,247969,247970,1,0
247969,247969,247970,1,0
247969,247969,247971,2,0
247969,247969,247970,1,0
247969,247969,247971,2,0
247969,247969,247970,1,0
247935,247935,247978,43,0
247986,247986,247987,1,0
247986,247986,247987,1,0
247986,247986,247987,1,0
247986,247986,247987,1,0
247986,247986,247987,1,0
247986,247986,247987,1,0
247986,247986,247987,1,0
247986,247986,247987,1,0
247986,247986,247988,2,0
247986,247986,247988,2,0
247986,247986,247988,2,0
247986,247986,247988,2,0
247986,247986,247988,2,0
247986,247986,247988,2,0
247986,247986,247987,1,0
247986,247986,247988,2,0
247986,247986,247988,2,0
247986,247986,247988,2,0
247986,247986,247988,2,0
247986,247986,247988,2,0
247986,247986,247988,2,0
247986,247986,247988,2,0
247986,247986,247987,1,0
247986,247986,247988,2,0
247986,247986,247988,2,0
247986,247986,247987,1,0
247986,247986,247988,2,0
247986,247986,247988,2,0
247986,247986,247988,2,0
247986,247986,247988,2,0
247986,247986,247988,2,0
247986,247986,247988,2,0
247986,247986,247988,2,0
247986,247986,247988,2,0
247969,247969,248018,49,0
248024,248024,248025,1,0
248024,248024,248025,1,0
248024,248024,248025,1,0
248024,248024,248025,1,0
248024,248024,248025,1,0
248024,248024,248025,1,0
248024,248024,248025,1,0
248024,248024,248025,1,0
248024,248024,248025,1,0
248024,248024,248025,1,0
248024,248024,248025,1,0
248024,248024,248025,1,0
248024,248024,248025,1,0
248024,248024,248025,1,0
248024,248024,248025,1,0
248024,248024,248025,1,0
248024,248024,248025,1,0
248024,248024,248025,1,0
248024,248024,248025,1,0
248024,248024,248025,1,0
248024,248024,248025,1,0
248024,248024,248025,1,0
248024,248024,248025,1,0
248024,248024,248025,1,0
248024,248024,248025,1,0
248024,248024,248025,1,0
248024,248024,248025,1,0
248024,248024,248025,1,0
248024,248024,248025,1,0
248024,248024,248025,1,0
248024,248024,248025,1,0
248024,248024,248025,1,0
248024,248024,248025,1,0
248024,248024,248026,2,0
247986,247987,248040,53,1
248046,248046,248047,1,0
248046,248046,248047,1,0
248046,248046,248047,1,0
248046,248046,248047,1,0
248046,248046,248047,1,0
248046,248046,248047,1,0
248046,248046,248047,1,0
248046,248046,248047,1,0
248046,248046,248047,1,0
248046,248046,248047,1,0
248046,248046,248047,1,0
248046,248046,248047,1,0
248046,248046,248047,1,0
248046,248046,248047,1,0
248046,248046,248047,1,0
248046,248046,248048,2,0
248046,248046,248047,1,0
248046,248046,248047,1,0
248046,248046,248047,1,0
248046,248046,248047,1,0
248046,248046,248047,1,0
248046,248046,248047,1,0
248046,248046,248047,1,0
248046,248046,248047,1,0
248046,248046,248047,1,0
248046,248046,248047,1,0
248046,248046,248047,1,0
248046,248046,248047,1,0
248046,248046,248047,1,0
248046,248046,248047,1,0
248046,248046,248047,1,0
248046,248046,248047,1,0
248046,248046,248047,1,0
248046,248046,248047,1,0
248026,248026,248072,46,0
248074,248074,248075,1,0
248074,248074,248075,1,0
248074,248074,248075,1,0
248074,248074,248075,1,0
248074,248074,248075,1,0
248024,248024,248075,51,0
248074,248074,248075,1,0
248074,248074,248075,1,0
248074,248074,248075,1,0
248074,248074,248075,1,0
248074,248074,248075,1,0
248074,248074,248075,1,0
248074,248074,248075,1,0
248074,248074,248075,1,0
248074,248074,248075,1,0
248074,248074,248075,1,0
248074,248074,248075,1,0
248074,248074,248075,1,0
248074,248074,248075,1,0
248074,248074,248075,1,0
248074,248074,248075,1,0
248074,248074,248076,2,0
248074,248074,248075,1,0
248074,248074,248075,1,0
248076,248076,248077,1,0
248076,248076,248077,1,0
248076,248076,248077,1,0
248076,248076,248077,1,0
248076,248076,248077,1,0
248076,248076,248077,1,0
248076,248076,248077,1,0
248076,248076,248077,1,0
248076,248076,248077,1,0
248076,248076,248077,1,0
248076,248076,248077,1,0
248076,248076,248077,1,0
248076,248076,248077,1,0
248076,248076,248078,2,0
248076,248076,248078,2,0
248076,248076,248077,1,0
248076,248076,248078,2,0
248076,248076,248078,2,0
248076,248076,248078,2,0
248076,248076,248078,2,0
248076,248076,248078,2,0
248076,248076,248077,1,0
248076,248076,248077,1,0
248076,248076,248078,2,0
248076,248076,248077,1,0
248076,248076,248078,2,0
248076,248076,248077,1,0
248076,248076,248078,2,0
248076,248076,248078,2,0
248076,248076,248078,2,0
248076,248076,248078,2,0
248076,248076,248078,2,0
248076,248076,248078,2,0
248076,248076,248078,2,0
248047,248047,248103,56,0
248067,248067,248111,44,0
248114,248114,248115,1,0
248114,248114,248115,1,0
248114,248114,248115,1,0
248114,248114,248115,1,0
248114,248114,248115,1,0
248114,248114,248115,1,0
248114,248114,248115,1,0
248114,248114,248115,1,0
248114,248114,248115,1,0
248114,248114,248115,1,0
248114,248114,248115,1,0
248114,248114,248115,1,0
248114,248114,248115,1,0
248114,248114,248115,1,0
248114,248114,248115,1,0
248114,248114,248115,1,0
248114,248114,248115,1,0
248114,248114,248115,1,0
248114,248114,248115,1,0
248114,248114,248115,1,0
248114,248114,248115,1,0
248114,248114,248115,1,0
248114,248114,248115,1,0
248114,248114,248115,1,0
248114,248114,248115,1,0
248114,248114,248115,1,0
248114,248114,248115,1,0
248114,248114,248115,1,0
248114,248114,248115,1,0
248114,248114,248115,1,0
248114,248114,248115,1,0
248114,248114,248116,2,0
248114,248114,248115,1,0
248114,248114,248115,1,0
248114,248114,248115,1,0
248114,248114,248115,1,0
248114,248114,248115,1,0
248114,248114,248115,1,0
248114,248114,248116,2,0
248114,248114,248116,2,0
248114,248114,248115,1,0
248114,248114,248115,1,0
248114,248114,248116,2,0
248114,248114,248115,1,0
248114,248114,248116,2,0
248114,248114,248116,2,0
248114,248114,248115,1,0
248114,248114,248115,1,0
248114,248114,248116,2,0
248114,248114,248115,1,0
248114,248114,248115,1,0
248114,248114,248115,1,0
248114,248114,248116,2,0
248114,248114,248115,1,0
248114,248114,248116,2,0
248114,248114,248115,1,0
248069,248069,248117,48,0
248114,248114,248121,7,0
248114,248114,248121,7,0
248114,248114,248121,7,0
248114,248114,248122,8,0
248066,248066,248129,63,0
248072,248072,248129,57,0
248074,248074,248134,60,0
248135,248136,248137,1,1
248135,248136,248137,1,1
248136,248136,248137,1,0
248135,248136,248137,1,1
248136,248136,248137,1,0
248136,248136,248137,1,0
248135,248136,248137,1,1
248136,248136,248137,1,0
248136,248136,248137,1,0
248135,248136,248137,1,1
248136,248136,248137,1,0
248135,248136,248137,1,1
248135,248136,248137,1,1
248136,248136,248137,1,0
248135,248136,248137,1,1
248136,248136,248137,1,0
248135,248136,248137,1,1
248136,248136,248137,1,0
248136,248136,248137,1,0
248135,248136,248137,1,1
248136,248136,248137,1,0
248135,248136,248137,1,1
248135,248136,248137,1,1
248136,248136,248137,1,0
248135,248136,248137,1,1
248136,248136,248138,2,0
248136,248136,248137,1,0
248135,248136,248138,2,1
248135,248136,248137,1,1
248136,248136,248138,2,0
248136,248136,248137,1,0
248135,248136,248137,1,1
248135,248136,248137,1,1
248136,248136,248137,1,0
248136,248136,248137,1,0
248135,248136,248137,1,1
248136,248136,248137,1,0
248136,248136,248137,1,0
248135,248136,248137,1,1
248136,248136,248137,1,0
248136,248136,248138,2,0
248135,248136,248137,1,1
248136,248136,248137,1,0
248136,248136,248137,1,0
248136,248136,248137,1,0
248135,248136,248138,2,1
248136,248136,248137,1,0
248136,248136,248137,1,0
248135,248136,248137,1,1
248136,248136,248138,2,0
248136,248136,248137,1,0
248135,248136,248137,1,1
248136,248136,248137,1,0
248136,248136,248137,1,0
248136,248136,248137,1,0
248136,248136,248137,1,0
248136,248136,248137,1,0
248114,248114,248161,47,0
248115,248116,248161,45,1
248171,248171,248172,1,0
248171,248171,248172,1,0
248171,248171,248172,1,0
248171,248171,248172,1,0
248171,248171,248172,1,0
248171,248171,248172,1,0
248171,248171,248172,1,0
248171,248171,248172,1,0
248171,248171,248172,1,0
248171,248171,248172,1,0
248171,248171,248172,1,0
248171,248171,248172,1,0
248171,248171,248172,1,0
248171,248171,248172,1,0
248171,248171,248172,1,0
248171,248171,248172,1,0
248171,248171,248172,1,0
248171,248171,248172,1,0
248171,248171,248172,1,0
248171,248171,248172,1,0
248171,248171,248172,1,0
248171,248171,248172,1,0
248171,248171,248172,1,0
248171,248171,248172,1,0
248171,248171,248172,1,0
248171,248171,248172,1,0
248171,248171,248172,1,0
248171,248171,248172,1,0
248171,248171,248172,1,0
248171,248171,248172,1,0
248171,248171,248172,1,0
248171,248171,248172,1,0
248171,248171,248172,1,0
248171,248171,248172,1,0
248171,248171,248173,2,0
248171,248171,248173,2,0
248171,248171,248172,1,0
248171,248171,248173,2,0
248171,248171,248173,2,0
248171,248171,248172,1,0
248171,248171,248172,1,0
248171,248171,248172,1,0
248171,248171,248173,2,0
248171,248171,248173,2,0
248171,248171,248173,2,0
248171,248171,248172,1,0
248171,248171,248172,1,0
248171,248171,248173,2,0
248171,248171,248172,1,0
248171,248171,248173,2,0
248171,248171,248173,2,0
248171,248171,248172,1,0
248171,248171,248173,2,0
248171,248171,248173,2,0
248171,248171,248173,2,0
248171,248171,248173,2,0
248171,248171,248173,2,0
248171,248171,248172,1,0
248171,248171,248172,1,0
248171,248171,248172,1,0
248171,248171,248173,2,0
248171,248171,248173,2,0
248171,248171,248172,1,0
248171,248171,248173,2,0
248171,248171,248173,2,0
248171,248171,248173,2,0
248171,248171,248173,2,0
248171,248171,248173,2,0
248117,248117,248176,59,0
248077,248077,248177,100,0
248136,248136,248191,55,0
248205,248205,248206,1,0
248205,248205,248206,1,0
248205,248205,248207,2,0
248205,248205,248206,1,0
248205,248205,248206,1,0
248205,248205,248206,1,0
248205,248205,248207,2,0
248205,248206,248207,1,1
248205,248205,248206,1,0
248205,248205,248207,2,0
248205,248206,248207,1,1
248205,248205,248206,1,0
248205,248205,248207,2,0
248205,248206,248207,1,1
248205,248205,248206,1,0
248205,248205,248206,1,0
248205,248205,248207,2,0
248205,248205,248206,1,0
248205,248205,248206,1,0
248205,248205,248207,2,0
248205,248206,248207,1,1
248205,248205,248206,1,0
248205,248205,248206,1,0
248205,248205,248206,1,0
248205,248206,248207,1,1
248205,248206,248207,1,1
248205,248205,248207,2,0
248205,248206,248207,1,1
248205,248206,248207,1,1
248205,248206,248207,1,1
248205,248205,248207,2,0
248205,248205,248207,2,0
248205,248206,248207,1,1
248205,248206,248207,1,1
248205,248205,248207,2,0
248205,248205,248207,2,0
248205,248206,248207,1,1
248205,248206,248207,1,1
248205,248205,248207,2,0
248205,248206,248207,1,1
248205,248206,248207,1,1
248205,248207,248208,1,2
248205,248207,248208,1,2
248205,248205,248207,2,0
248205,248205,248207,2,0
248205,248206,248207,1,1
248205,248206,248207,1,1
248205,248207,248208,1,2
248205,248207,248208,1,2
248205,248205,248207,2,0
248205,248206,248207,1,1
248205,248206,248207,1,1
248205,248206,248207,1,1
248205,248205,248207,2,0
248205,248205,248207,2,0
248205,248206,248208,2,1
248205,248206,248207,1,1
248205,248205,248207,2,0
248205,248206,248207,1,1
248205,248207,248208,1,2
248205,248205,248207,2,0
248205,248206,248207,1,1
248205,248206,248207,1,1
248205,248207,248208,1,2
248205,248205,248207,2,0
248205,248206,248207,1,1
248205,248206,248207,1,1
248205,248207,248208,1,2
248205,248207,248208,1,2
248205,248207,248208,1,2
248205,248207,248208,1,2
248205,248207,248208,1,2
248205,248207,248208,1,2
248205,248207,248208,1,2
248205,248207,248208,1,2
248205,248207,248208,1,2
248205,248207,248208,1,2
248205,248207,248208,1,2
248205,248207,248208,1,2
248205,248207,248209,2,2
248205,248207,248208,1,2
248205,248207,248208,1,2
248205,248207,248208,1,2
248205,248207,248208,1,2
248171,248172,248222,50,1
248239,248239,248240,1,0
248239,248239,248240,1,0
248239,248239,248240,1,0
248239,248239,248240,1,0
248239,248239,248240,1,0
248239,248239,248240,1,0
248239,248239,248240,1,0
248239,248239,248240,1,0
248239,248239,248241,2,0
248239,248239,248240,1,0
248239,248239,248240,1,0
248239,248239,248240,1,0
248239,248239,248240,1,0
248239,248239,248240,1,0
248239,248239,248240,1,0
248239,248239,248240,1,0
248239,248239,248241,2,0
248239,248239,248240,1,0
248239,248239,248241,2,0
248239,248240,248241,1,1
248239,248240,248241,1,1
248239,248239,248241,2,0
248239,248239,248241,2,0
248239,248240,248241,1,1
248239,248240,248241,1,1
248239,248239,248241,2,0
248239,248239,248241,2,0
248239,248240,248241,1,1
248239,248240,248241,1,1
248239,248239,248241,2,0
248239,248239,248241,2,0
248239,248240,248241,1,1
248239,248240,248241,1,1
248239,248240,248241,1,1
248239,248239,248241,2,0
248239,248239,248241,2,0
248239,248240,248241,1,1
248239,248240,248241,1,1
248239,248239,248241,2,0
248239,248239,248241,2,0
248239,248240,248241,1,1
248239,248240,248241,1,1
248239,248240,248241,1,1
248239,248239,248241,2,0
248239,248240,248241,1,1
248239,248240,248241,1,1
248239,248239,248241,2,0
248239,248239,248241,2,0
248239,248240,248241,1,1
248239,248240,248241,1,1
248239,248240,248241,1,1
248239,248239,248241,2,0
248239,248239,248241,2,0
248239,248240,248241,1,1
248239,248240,248241,1,1
248239,248240,248241,1,1
248239,248240,248241,1,1
248239,248240,248241,1,1
248273,248273,248274,1,0
248273,248273,248274,1,0
248273,248273,248274,1,0
248273,248273,248274,1,0
248273,248274,248275,1,1
248273,248274,248275,1,1
248273,248274,248275,1,1
248273,248274,248275,1,1
248273,248274,248275,1,1
248273,248274,248275,1,1
248273,248273,248275,2,0
248273,248274,248275,1,1
248273,248274,248275,1,1
248273,248274,248275,1,1
248273,248274,248275,1,1
248273,248274,248275,1,1
248273,248274,248275,1,1
248273,248274,248275,1,1
248273,248274,248275,1,1
248273,248274,248275,1,1
248273,248274,248275,1,1
248273,248274,248275,1,1
248273,248274,248275,1,1
248273,248274,248275,1,1
248273,248274,248275,1,1
248273,248274,248275,1,1
248273,248274,248275,1,1
248273,248274,248275,1,1
248240,248240,248286,46,0
248307,248307,248308,1,0
248307,248307,248308,1,0
248307,248307,248308,1,0
248307,248307,248308,1,0
248307,248307,248308,1,0
248307,248307,248308,1,0
248307,248307,248308,1,0
248307,248307,248308,1,0
248307,248307,248308,1,0
248307,248307,248308,1,0
248307,248307,248308,1,0
248307,248307,248309,2,0
248307,248307,248309,2,0
248307,248307,248309,2,0
248307,248307,248309,2,0
248307,248307,248309,2,0
248307,248307,248309,2,0
248307,248307,248309,2,0
248307,248307,248309,2,0
248307,248307,248309,2,0
248307,248307,248309,2,0
248307,248307,248309,2,0
248307,248307,248309,2,0
248307,248307,248309,2,0
248307,248307,248309,2,0
248307,248307,248309,2,0
248307,248307,248309,2,0
248307,248307,248309,2,0
248307,248307,248309,2,0
248307,248307,248309,2,0
248307,248307,248309,2,0
248307,248307,248309,2,0
248307,248307,248309,2,0
248307,248307,248309,2,0
248308,248308,248352,44,0
248354,248354,248355,1,0
248354,248354,248355,1,0
248354,248354,248355,1,0
248354,248354,248355,1,0
248354,248354,248355,1,0
248354,248354,248355,1,0
248354,248354,248355,1,0
248354,248354,248355,1,0
248354,248354,248355,1,0
248354,248354,248355,1,0
248354,248354,248355,1,0
248354,248354,248355,1,0
248354,248354,248355,1,0
248354,248354,248355,1,0
248354,248354,248355,1,0
248354,248354,248355,1,0
248354,248354,248355,1,0
248354,248354,248356,2,0
248354,248354,248355,1,0
248354,248354,248355,1,0
248354,248354,248355,1,0
248354,248354,248355,1,0
248354,248354,248356,2,0
248354,248354,248355,1,0
248354,248354,248355,1,0
248354,248354,248355,1,0
248354,248354,248356,2,0
248354,248354,248355,1,0
248354,248354,248355,1,0
248354,248354,248356,2,0
248354,248354,248355,1,0
248354,248354,248356,2,0
248354,248354,248355,1,0
248354,248354,248356,2,0
248349,248349,248394,45,0
248397,248397,248398,1,0
248397,248397,248398,1,0
248397,248397,248398,1,0
248397,248397,248398,1,0
248397,248397,248398,1,0
248397,248397,248398,1,0
248397,248397,248398,1,0
248397,248397,248398,1,0
248397,248397,248398,1,0
248397,248397,248398,1,0
248397,248397,248398,1,0
248397,248397,248398,1,0
248397,248397,248398,1,0
248397,248397,248398,1,0
248397,248397,248398,1,0
248397,248397,248398,1,0
248397,248397,248398,1,0
248397,248397,248398,1,0
248397,248397,248398,1,0
248397,248397,248398,1,0
248397,248397,248398,1,0
248397,248397,248398,1,0
248397,248397,248398,1,0
248397,248397,248398,1,0
248345,248345,248399,54,0
248397,248397,248399,2,0
248397,248397,248400,3,0
248355,248355,248401,46,0
248347,248348,248403,55,1
248351,248351,248407,56,0
248353,248353,248413,60,0
248343,248343,248415,72,0
248357,248357,248417,60,0
248420,248420,248421,1,0
248420,248420,248421,1,0
248420,248420,248421,1,0
248420,248420,248421,1,0
248420,248420,248421,1,0
248420,248420,248421,1,0
248420,248420,248421,1,0
248420,248420,248421,1,0
248420,248420,248421,1,0
248420,248420,248421,1,0
248420,248420,248421,1,0
248420,248420,248421,1,0
248420,248420,248421,1,0
248420,248420,248421,1,0
248420,248420,248421,1,0
248420,248420,248421,1,0
248420,248420,248421,1,0
248420,248420,248421,1,0
248420,248420,248421,1,0
248420,248420,248421,1,0
248420,248420,248421,1,0
248420,248420,248421,1,0
248420,248420,248421,1,0
248420,248420,248421,1,0
248420,248420,248422,2,0
248420,248420,248421,1,0
248420,248420,248421,1,0
248420,248420,248421,1,0
248420,248420,248421,1,0
248420,248420,248421,1,0
248420,248420,248421,1,0
248420,248420,248421,1,0
248420,248420,248422,2,0
248420,248421,248422,1,1
248420,248420,248421,1,0
248420,248420,248422,2,0
248420,248420,248421,1,0
248420,248420,248421,1,0
248420,248421,248422,1,1
248420,248420,248422,2,0
248420,248420,248422,2,0
248420,248420,248422,2,0
248420,248420,248422,2,0
248420,248421,248422,1,1
248420,248420,248422,2,0
248420,248420,248422,2,0
248420,248421,248422,1,1
248420,248421,248422,1,1
248420,248420,248422,2,0
248420,248420,248421,1,0
248420,248421,248422,1,1
248420,248421,248422,1,1
248420,248420,248422,2,0
248420,248420,248422,2,0
248420,248420,248422,2,0
248420,248421,248422,1,1
248420,248422,248423,1,2
248420,248422,248423,1,2
248420,248420,248422,2,0
248420,248420,248422,2,0
248420,248421,248422,1,1
248420,248421,248422,1,1
248420,248420,248422,2,0
248420,248421,248422,1,1
248420,248421,248422,1,1
248420,248420,248422,2,0
248420,248421,248422,1,1
248420,248421,248422,1,1
248420,248422,248423,1,2
248420,248420,248422,2,0
248420,248421,248422,1,1
248420,248422,248423,1,2
248420,248422,248423,1,2
248420,248421,248422,1,1
248420,248421,248422,1,1
248420,248420,248422,2,0
248420,248421,248422,1,1
248420,248422,248423,1,2
248420,248422,248423,1,2
248420,248422,248423,1,2
248420,248422,248423,1,2
248420,248422,248423,1,2
248420,248422,248423,1,2
248420,248423,248424,1,3
248420,248423,248424,1,3
248420,248422,248423,1,2
248420,248422,248423,1,2
248420,248422,248423,1,2
248420,248422,248423,1,2
248422,248423,248424,1,1
248422,248423,248424,1,1
248420,248422,248423,1,2
248420,248422,248423,1,2
248420,248422,248423,1,2
248420,248422,248423,1,2
248420,248423,248424,1,3
248420,248423,248424,1,3
248422,248423,248424,1,1
248422,248423,248424,1,1
248420,248422,248423,1,2
248420,248422,248423,1,2
248420,248422,248423,1,2
248420,248422,248423,1,2
248420,248422,248423,1,2
248422,248423,248424,1,1
248420,248422,248423,1,2
248420,248422,248423,1,2
248420,248422,248423,1,2
248420,248422,248423,1,2
248422,248423,248424,1,1
248422,248423,248424,1,1
248420,248422,248423,1,2
248420,248422,248423,1,2
248420,248422,248423,1,2
248422,248423,248424,1,1
248422,248423,248424,1,1
248422,248423,248424,1,1
248420,248422,248423,1,2
248420,248422,248423,1,2
248420,248422,248423,1,2
248422,248423,248424,1,1
248422,248423,248424,1,1
248420,248422,248424,2,2
248420,248422,248424,2,2
248420,248422,248424,2,2
248420,248422,248424,2,2
248420,248422,248424,2,2
248420,248423,248424,1,3
248420,248423,248424,1,3
248420,248423,248424,1,3
248420,248423,248424,1,3
248420,248423,248424,1,3
248420,248423,248424,1,3
248420,248423,248424,1,3
248420,248423,248424,1,3
248420,248423,248424,1,3
248422,248424,248425,1,2
248420,248423,248424,1,3
248423,248424,248425,1,1
248423,248424,248425,1,1
248423,248424,248425,1,1
248422,248423,248424,1,1
248422,248423,248424,1,1
248422,248423,248424,1,1
248422,248423,248424,1,1
248422,248423,248424,1,1
248422,248423,248424,1,1
248422,248423,248424,1,1
248423,248424,248425,1,1
248422,248423,248424,1,1
248422,248423,248424,1,1
248422,248424,248425,1,2
248423,248425,248426,1,2
248422,248424,248425,1,2
248422,248424,248425,1,2
248422,248424,248425,1,2
248422,248424,248425,1,2
248422,248424,248425,1,2
248423,248424,248425,1,1
248423,248424,248425,1,1
248423,248424,248425,1,1
248422,248424,248425,1,2
248422,248424,248425,1,2
248422,248424,248425,1,2
248422,248424,248425,1,2
248423,248424,248425,1,1
248423,248424,248425,1,1
248423,248424,248426,2,1
248423,248424,248426,2,1
248423,248424,248425,1,1
248423,248424,248425,1,1
248423,248424,248426,2,1
248423,248424,248425,1,1
248423,248424,248425,1,1
248423,248424,248426,2,1
248423,248424,248425,1,1
248423,248424,248425,1,1
248423,248424,248426,2,1
248423,248424,248425,1,1
248423,248424,248425,1,1
248423,248424,248426,2,1
248423,248424,248425,1,1
248423,248424,248425,1,1
248423,248424,248426,2,1
248423,248424,248426,2,1
248423,248424,248426,2,1
248423,248424,248426,2,1
248422,248424,248425,1,2
248423,248424,248427,3,1
248382,248382,248428,46,0
248423,248427,248428,1,4
248423,248427,248428,1,4
248423,248424,248429,5,1
248385,248385,248430,45,0
248378,248379,248440,61,1
248376,248376,248441,65,0
248384,248385,248447,62,1
248399,248399,248453,54,0
248388,248388,248456,68,0
248396,248397,248459,62,1
248381,248381,248460,79,0
248393,248393,248463,70,0
248421,248423,248469,46,2
248391,248391,248470,79,0
248475,248475,248476,1,0
248475,248475,248476,1,0
248475,248475,248476,1,0
248475,248475,248476,1,0
248475,248475,248476,1,0
248475,248475,248476,1,0
248475,248475,248476,1,0
248475,248475,248476,1,0
248475,248475,248476,1,0
248475,248475,248476,1,0
248475,248475,248476,1,0
248475,248475,248476,1,0
248475,248475,248476,1,0
248475,248475,248476,1,0
248475,248475,248476,1,0
248475,248475,248476,1,0
248475,248475,248476,1,0
248475,248475,248476,1,0
248475,248475,248476,1,0
248475,248475,248476,1,0
248475,248475,248476,1,0
248475,248475,248476,1,0
248475,248475,248476,1,0
248475,248475,248476,1,0
248475,248475,248476,1,0
248475,248475,248476,1,0
248475,248475,248476,1,0
248475,248475,248476,1,0
248475,248475,248476,1,0
248475,248475,248476,1,0
248475,248475,248476,1,0
248475,248475,248476,1,0
248475,248475,248476,1,0
248475,248475,248476,1,0
248475,248475,248476,1,0
248475,248475,248476,1,0
248475,248475,248476,1,0
248475,248475,248477,2,0
248475,248475,248476,1,0
248475,248476,248477,1,1
248475,248476,248477,1,1
248475,248475,248476,1,0
248475,248475,248476,1,0
248475,248475,248476,1,0
248475,248475,248477,2,0
248475,248475,248476,1,0
248475,248475,248476,1,0
248475,248475,248476,1,0
248475,248475,248476,1,0
248475,248475,248476,1,0
248475,248475,248477,2,0
248475,248475,248476,1,0
248475,248475,248477,2,0
248475,248475,248476,1,0
248475,248476,248477,1,1
248475,248476,248477,1,1
248475,248475,248476,1,0
248475,248475,248476,1,0
248475,248475,248477,2,0
248475,248476,248477,1,1
248475,248475,248476,1,0
248475,248475,248476,1,0
248475,248475,248477,2,0
248475,248475,248476,1,0
248475,248476,248477,1,1
248475,248475,248476,1,0
248475,248475,248477,2,0
248475,248475,248476,1,0
248475,248476,248477,1,1
248475,248475,248476,1,0
248475,248475,248477,2,0
248475,248475,248477,2,0
248475,248475,248476,1,0
248475,248476,248477,1,1
248475,248475,248476,1,0
248475,248475,248477,2,0
248475,248475,248476,1,0
248475,248476,248477,1,1
248475,248475,248476,1,0
248475,248475,248476,1,0
248475,248476,248477,1,1
248475,248476,248477,1,1
248475,248476,248478,2,1
248475,248476,248478,2,1
248475,248476,248478,2,1
248475,248476,248478,2,1
248475,248476,248478,2,1
248475,248476,248478,2,1
248475,248476,248478,2,1
248475,248476,248478,2,1
248475,248476,248478,2,1
248475,248476,248478,2,1
248475,248476,248478,2,1
248475,248476,248478,2,1
248475,248476,248478,2,1
248475,248478,248479,1,3
248475,248476,248478,2,1
248475,248476,248478,2,1
248475,248476,248478,2,1
248475,248476,248478,2,1
248475,248476,248478,2,1
248475,248476,248478,2,1
248475,248478,248479,1,3
248475,248476,248478,2,1
248475,248476,248478,2,1
248475,248476,248478,2,1
248475,248476,248478,2,1
248475,248477,248478,1,2
248475,248478,248479,1,3
248475,248476,248478,2,1
248475,248476,248478,2,1
248475,248476,248478,2,1
248475,248476,248478,2,1
248475,248476,248478,2,1
248475,248476,248478,2,1
248475,248476,248478,2,1
248475,248476,248478,2,1
248475,248476,248478,2,1
248475,248476,248478,2,1
248475,248478,248479,1,3
248475,248478,248479,1,3
248475,248478,248479,1,3
248475,248478,248479,1,3
248475,248478,248479,1,3
248475,248478,248479,1,3
248475,248478,248479,1,3
248475,248478,248480,2,3
248475,248478,248479,1,3
248475,248478,248479,1,3
248475,248478,248479,1,3
248475,248479,248480,1,4
248475,248478,248479,1,3
248475,248478,248479,1,3
248475,248478,248479,1,3
248475,248478,248479,1,3
248475,248478,248479,1,3
248475,248478,248479,1,3
248475,248478,248480,2,3
248475,248478,248479,1,3
248475,248478,248479,1,3
248475,248478,248479,1,3
248475,248479,248480,1,4
248475,248478,248479,1,3
248475,248478,248479,1,3
248475,248478,248479,1,3
248475,248478,248479,1,3
248475,248478,248479,1,3
248475,248479,248480,1,4
248475,248478,248479,1,3
248475,248478,248479,1,3
248475,248478,248479,1,3
248475,248478,248479,1,3
248475,248479,248480,1,4
248475,248478,248479,1,3
248475,248478,248479,1,3
248475,248478,248479,1,3
248475,248478,248479,1,3
248475,248479,248480,1,4
248475,248479,248480,1,4
248475,248479,248480,1,4
248475,248478,248479,1,3
248475,248478,248479,1,3
248475,248478,248479,1,3
248475,248478,248479,1,3
248475,248479,248480,1,4
248475,248478,248479,1,3
248475,248478,248479,1,3
248475,248478,248479,1,3
248475,248478,248479,1,3
248475,248478,248479,1,3
248475,248478,248479,1,3
248475,248479,248480,1,4
248475,248479,248480,1,4
248475,248479,248480,1,4
248475,248479,248480,1,4
248475,248479,248481,2,4
248475,248479,248480,1,4
248475,248479,248480,1,4
248475,248480,248481,1,5
248475,248479,248480,1,4
248475,248479,248480,1,4
248475,248479,248480,1,4
248475,248479,248480,1,4
248475,248479,248480,1,4
248475,248479,248481,2,4
248475,248479,248480,1,4
248475,248479,248480,1,4
248475,248479,248480,1,4
248475,248479,248481,2,4
248475,248479,248480,1,4
248475,248479,248480,1,4
248475,248478,248480,2,3
248475,248479,248480,1,4
248475,248479,248480,1,4
248475,248479,248480,1,4
248475,248479,248480,1,4
248475,248479,248480,1,4
248475,248479,248480,1,4
248475,248480,248481,1,5
248475,248479,248481,2,4
248475,248479,248481,2,4
248475,248480,248481,1,5
248475,248480,248481,1,5
248475,248480,248481,1,5
248475,248480,248481,1,5
248475,248480,248481,1,5
248475,248480,248482,2,5
248475,248480,248481,1,5
248475,248480,248481,1,5
248475,248480,248481,1,5
248475,248480,248481,1,5
248475,248480,248481,1,5
248475,248480,248481,1,5
248475,248480,248481,1,5
248475,248480,248482,2,5
248475,248480,248481,1,5
248475,248480,248482,2,5
248475,248480,248481,1,5
248475,248480,248481,1,5
248475,248480,248482,2,5
248475,248480,248481,1,5
248475,248480,248482,2,5
248476,248480,248525,45,4
248557,248557,248558,1,0
248557,248557,248558,1,0
248557,248557,248558,1,0
248557,248557,248558,1,0
248557,248557,248558,1,0
248557,248557,248558,1,0
248557,248557,248558,1,0
248557,248557,248558,1,0
248557,248557,248558,1,0
248557,248557,248558,1,0
248557,248557,248558,1,0
248557,248557,248558,1,0
248557,248557,248558,1,0
248557,248557,248558,1,0
248557,248557,248558,1,0
248557,248557,248558,1,0
248557,248557,248558,1,0
248557,248557,248558,1,0
248557,248557,248558,1,0
248557,248557,248558,1,0
248557,248557,248558,1,0
248557,248557,248558,1,0
248557,248557,248558,1,0
248557,248557,248558,1,0
248557,248557,248558,1,0
248557,248557,248558,1,0
248557,248557,248558,1,0
248557,248557,248558,1,0
248557,248557,248558,1,0
248557,248557,248558,1,0
248557,248557,248558,1,0
248557,248557,248558,1,0
248557,248557,248558,1,0
248557,248557,248558,1,0
248557,248557,248558,1,0
248557,248557,248558,1,0
248557,248557,248558,1,0
248557,248557,248558,1,0
248557,248558,248559,1,1
248557,248557,248558,1,0
248557,248557,248558,1,0
248557,248557,248558,1,0
248557,248557,248558,1,0
248557,248558,248559,1,1
248557,248557,248558,1,0
248557,248557,248558,1,0
248557,248557,248558,1,0
248557,248558,248559,1,1
248557,248557,248558,1,0
248557,248557,248558,1,0
248557,248557,248558,1,0
248557,248557,248558,1,0
248557,248558,248559,1,1
248557,248557,248558,1,0
248557,248557,248559,2,0
248557,248557,248558,1,0
248557,248557,248558,1,0
248557,248558,248559,1,1
248557,248557,248558,1,0
248557,248557,248559,2,0
248557,248557,248558,1,0
248557,248557,248558,1,0
248557,248557,248559,2,0
248557,248557,248558,1,0
248557,248557,248558,1,0
248557,248558,248559,1,1
248557,248557,248558,1,0
248557,248557,248558,1,0
248557,248557,248558,1,0
248557,248558,248559,1,1
248557,248558,248559,1,1
248557,248557,248559,2,0
248557,248557,248558,1,0
248557,248557,248558,1,0
248557,248558,248559,1,1
248557,248557,248558,1,0
248557,248557,248558,1,0
248557,248557,248558,1,0
248557,248558,248559,1,1
248557,248557,248559,2,0
248557,248558,248560,2,1
248557,248558,248560,2,1
248557,248558,248560,2,1
248557,248558,248559,1,1
248557,248558,248560,2,1
248557,248558,248560,2,1
248557,248558,248560,2,1
248557,248558,248559,1,1
248557,248558,248560,2,1
248557,248558,248560,2,1
248557,248559,248560,1,2
248557,248558,248560,2,1
248557,248558,248560,2,1
248557,248558,248560,2,1
248557,248558,248559,1,1
248557,248558,248560,2,1
248557,248558,248560,2,1
248557,248558,248560,2,1
248557,248558,248560,2,1
248557,248558,248560,2,1
248557,248558,248560,2,1
248557,248558,248560,2,1
248557,248558,248560,2,1
248557,248558,248560,2,1
248557,248558,248560,2,1
248557,248558,248560,2,1
248557,248558,248560,2,1
248557,248558,248560,2,1
248557,248558,248560,2,1
248557,248558,248560,2,1
248557,248558,248559,1,1
248557,248558,248560,2,1
248557,248558,248560,2,1
248557,248558,248560,2,1
248557,248559,248560,1,2
248557,248559,248560,1,2
248557,248559,248560,1,2
248557,248559,248561,2,2
248557,248559,248561,2,2
248557,248559,248561,2,2
248557,248559,248561,2,2
248557,248559,248561,2,2
248557,248559,248561,2,2
248557,248559,248561,2,2
248557,248559,248561,2,2
248557,248559,248561,2,2
248635,248635,248636,1,0
248635,248635,248636,1,0
248635,248635,248636,1,0
248635,248635,248636,1,0
248635,248635,248636,1,0
248635,248635,248636,1,0
248635,248635,248636,1,0
248635,248635,248636,1,0
248635,248635,248636,1,0
248635,248635,248636,1,0
248635,248635,248636,1,0
248635,248635,248636,1,0
248635,248635,248636,1,0
248635,248635,248636,1,0
248635,248635,248636,1,0
248635,248635,248636,1,0
248635,248635,248636,1,0
248635,248635,248636,1,0
248635,248635,248636,1,0
248635,248635,248636,1,0
248635,248635,248636,1,0
248635,248635,248636,1,0
248635,248635,248636,1,0
248635,248635,248636,1,0
248635,248635,248636,1,0
248635,248635,248636,1,0
248635,248635,248636,1,0
248635,248635,248636,1,0
248635,248635,248637,2,0
248635,248635,248636,1,0
248635,248635,248636,1,0
248635,248635,248636,1,0
248635,248635,248637,2,0
248635,248635,248637,2,0
248635,248635,248637,2,0
248635,248635,248636,1,0
248635,248635,248637,2,0
248635,248635,248637,2,0
248635,248635,248637,2,0
248635,248635,248637,2,0
248635,248635,248636,1,0
248635,248635,248637,2,0
248635,248635,248637,2,0
248635,248635,248636,1,0
248635,248635,248637,2,0
248635,248635,248636,1,0
248635,248635,248637,2,0
248635,248635,248637,2,0
248635,248635,248637,2,0
248635,248635,248637,2,0
248635,248635,248637,2,0
248635,248635,248637,2,0
248635,248635,248637,2,0
248635,248635,248637,2,0
248635,248635,248637,2,0
248635,248635,248637,2,0
248635,248635,248637,2,0
248635,248635,248637,2,0
248635,248635,248637,2,0
248635,248635,248637,2,0
248635,248635,248637,2,0
248635,248635,248637,2,0
248635,248635,248637,2,0
248635,248635,248637,2,0
248635,248635,248637,2,0
248635,248635,248637,2,0
248635,248635,248637,2,0
248635,248635,248637,2,0
248685,248685,248686,1,0
248685,248685,248686,1,0
248685,248685,248686,1,0
248685,248685,248686,1,0
248685,248685,248686,1,0
248685,248685,248686,1,0
248685,248685,248686,1,0
248685,248685,248686,1,0
248685,248685,248686,1,0
248685,248685,248686,1,0
248685,248685,248686,1,0
248685,248685,248687,2,0
248685,248685,248687,2,0
248685,248685,248686,1,0
248685,248685,248686,1,0
248685,248685,248687,2,0
248685,248685,248686,1,0
248685,248685,248687,2,0
248685,248685,248687,2,0
248685,248685,248687,2,0
248685,248685,248687,2,0
248685,248686,248687,1,1
248685,248686,248687,1,1
248685,248686,248687,1,1
248685,248685,248687,2,0
248685,248685,248686,1,0
248685,248685,248687,2,0
248685,248685,248686,1,0
248685,248685,248687,2,0
248685,248685,248686,1,0
248685,248685,248686,1,0
248685,248685,248687,2,0
248685,248685,248687,2,0
248635,248636,248692,56,1
248718,248718,248719,1,0
248718,248718,248719,1,0
248718,248718,248719,1,0
248718,248718,248719,1,0
248718,248718,248719,1,0
248718,248718,248719,1,0
248718,248718,248719,1,0
248718,248718,248719,1,0
248718,248718,248719,1,0
248718,248718,248719,1,0
248718,248718,248719,1,0
248718,248718,248720,2,0
248718,248718,248719,1,0
248718,248718,248720,2,0
248718,248718,248719,1,0
248718,248718,248720,2,0
248718,248718,248720,2,0
248718,248718,248720,2,0
248718,248718,248720,2,0
248718,248718,248720,2,0
248718,248718,248719,1,0
248718,248718,248720,2,0
248718,248718,248720,2,0
248718,248718,248719,1,0
248718,248718,248719,1,0
248718,248718,248720,2,0
248718,248718,248719,1,0
248718,248718,248720,2,0
248718,248718,248720,2,0
248718,248718,248720,2,0
248718,248718,248720,2,0
248718,248718,248720,2,0
248718,248718,248720,2,0
248718,248718,248720,2,0
248719,248719,248764,45,0
248770,248770,248771,1,0
248770,248770,248771,1,0
248770,248770,248771,1,0
248770,248770,248771,1,0
248770,248770,248771,1,0
248770,248770,248771,1,0
248770,248770,248771,1,0
248770,248770,248771,1,0
248770,248770,248771,1,0
248770,248770,248771,1,0
248770,248770,248771,1,0
248770,248770,248771,1,0
248770,248770,248771,1,0
248770,248770,248771,1,0
248770,248770,248771,1,0
248770,248770,248771,1,0
248770,248770,248771,1,0
248770,248770,248771,1,0
248770,248770,248771,1,0
248770,248770,248771,1,0
248770,248770,248771,1,0
248770,248770,248771,1,0
248770,248770,248771,1,0
248770,248770,248819,49,0
248821,248822,248823,1,1
248821,248822,248823,1,1
248821,248822,248823,1,1
248821,248822,248823,1,1
248821,248822,248823,1,1
248821,248822,248823,1,1
248821,248822,248823,1,1
248821,248822,248823,1,1
248821,248822,248823,1,1
248821,248822,248823,1,1
248821,248822,248823,1,1
248821,248822,248823,1,1
248821,248822,248823,1,1
248821,248822,248823,1,1
248821,248822,248823,1,1
248821,248822,248823,1,1
248821,248822,248823,1,1
248821,248822,248827,5,1
248821,248822,248828,6,1
248772,248772,248830,58,0
248821,248822,248830,8,1
248821,248822,248830,8,1
248821,248822,248830,8,1
248831,248831,248832,1,0
248831,248831,248832,1,0
248831,248831,248832,1,0
248831,248831,248832,1,0
248831,248831,248832,1,0
248831,248831,248832,1,0
248831,248831,248832,1,0
248831,248831,248832,1,0
248831,248831,248832,1,0
248831,248832,248833,1,1
248831,248831,248833,2,0
248831,248831,248833,2,0
248831,248831,248833,2,0
248831,248831,248833,2,0
248831,248831,248833,2,0
248831,248831,248833,2,0
248831,248831,248833,2,0
248831,248831,248833,2,0
248831,248831,248833,2,0
248831,248831,248833,2,0
248831,248832,248833,1,1
248831,248831,248833,2,0
248831,248831,248833,2,0
248831,248831,248833,2,0
248831,248831,248833,2,0
248831,248831,248833,2,0
248831,248832,248833,1,1
248831,248831,248833,2,0
248831,248832,248833,1,1
248831,248832,248836,4,1
248831,248832,248836,4,1
248831,248831,248839,8,0
248831,248832,248840,8,1
248821,248822,248843,21,1
248821,248822,248842,20,1
248795,248795,248845,50,0
248821,248822,248845,23,1
248845,248845,248846,1,0
248845,248845,248846,1,0
248845,248845,248846,1,0
248845,248845,248846,1,0
248793,248793,248845,52,0
248845,248845,248846,1,0
248845,248845,248846,1,0
248845,248845,248846,1,0
248845,248845,248846,1,0
248845,248845,248846,1,0
248845,248845,248846,1,0
248845,248845,248846,1,0
248845,248845,248846,1,0
248845,248845,248847,2,0
248845,248845,248847,2,0
248845,248845,248847,2,0
248845,248845,248847,2,0
248845,248845,248847,2,0
248845,248845,248846,1,0
248845,248845,248847,2,0
248845,248845,248847,2,0
248845,248845,248847,2,0
248845,248845,248847,2,0
248845,248845,248847,2,0
248845,248845,248847,2,0
248845,248845,248846,1,0
248845,248845,248847,2,0
248845,248845,248846,1,0
248845,248845,248847,2,0
248845,248845,248847,2,0
248845,248845,248846,1,0
248845,248845,248847,2,0
248845,248845,248847,2,0
248845,248845,248846,1,0
248831,248831,248848,17,0
248800,248800,248850,50,0
248845,248846,248849,3,1
248797,248797,248854,57,0
248791,248791,248855,64,0
248798,248798,248860,62,0
248822,248822,248868,46,0
248824,248824,248870,46,0
248809,248809,248870,61,0
248801,248801,248872,71,0
248834,248834,248879,45,0
248880,248881,248882,1,1
248880,248880,248881,1,0
248880,248880,248881,1,0
248880,248880,248882,2,0
248880,248881,248882,1,1
248880,248880,248881,1,0
248880,248880,248881,1,0
248880,248881,248882,1,1
248880,248880,248881,1,0
248880,248880,248881,1,0
248880,248881,248882,1,1
248880,248881,248882,1,1
248880,248880,248881,1,0
248880,248880,248881,1,0
248880,248880,248882,2,0
248880,248881,248882,1,1
248880,248881,248882,1,1
248880,248880,248881,1,0
248880,248880,248882,2,0
248880,248881,248882,1,1
248880,248881,248882,1,1
248880,248880,248881,1,0
248880,248880,248882,2,0
248880,248881,248882,1,1
248880,248881,248882,1,1
248880,248880,248881,1,0
248880,248880,248882,2,0
248880,248880,248882,2,0
248880,248881,248882,1,1
248881,248881,248882,1,0
248880,248880,248882,2,0
248880,248880,248882,2,0
248880,248881,248882,1,1
248881,248881,248882,1,0
248881,248881,248882,1,0
248880,248881,248882,1,1
248880,248881,248882,1,1
248880,248881,248882,1,1
248880,248881,248882,1,1
248880,248880,248882,2,0
248880,248880,248882,2,0
248880,248881,248882,1,1
248880,248881,248882,1,1
248880,248881,248882,1,1
248881,248882,248883,1,1
248881,248882,248883,1,1
248880,248880,248882,2,0
248880,248881,248882,1,1
248880,248881,248882,1,1
248881,248882,248883,1,1
248881,248882,248883,1,1
248880,248880,248882,2,0
248880,248880,248882,2,0
248880,248881,248882,1,1
248880,248881,248882,1,1
248881,248882,248883,1,1
248880,248880,248882,2,0
248880,248880,248882,2,0
248880,248881,248882,1,1
248880,248881,248882,1,1
248880,248880,248882,2,0
248880,248881,248882,1,1
248881,248882,248883,1,1
248881,248882,248883,1,1
248880,248880,248882,2,0
248880,248881,248882,1,1
248880,248881,248882,1,1
248881,248882,248883,1,1
248880,248880,248882,2,0
248880,248881,248882,1,1
248880,248881,248882,1,1
248881,248882,248883,1,1
248880,248880,248882,2,0
248880,248881,248882,1,1
248880,248881,248882,1,1
248881,248882,248883,1,1
248881,248882,248883,1,1
248881,248883,248884,1,2
248881,248883,248884,1,2
248881,248882,248883,1,1
248881,248882,248883,1,1
248881,248882,248883,1,1
248881,248882,248883,1,1
248881,248883,248884,1,2
248881,248882,248883,1,1
248881,248882,248883,1,1
248881,248883,248884,1,2
248881,248882,248883,1,1
248881,248882,248884,2,1
248881,248882,248883,1,1
248881,248882,248883,1,1
248881,248883,248884,1,2
248881,248882,248883,1,1
248881,248882,248883,1,1
248881,248882,248883,1,1
248881,248882,248883,1,1
248881,248883,248884,1,2
248881,248883,248884,1,2
248881,248882,248883,1,1
248881,248882,248883,1,1
248881,248882,248883,1,1
248881,248882,248883,1,1
248881,248883,248884,1,2
248881,248883,248884,1,2
248881,248882,248883,1,1
248881,248882,248883,1,1
248881,248882,248883,1,1
248881,248883,248884,1,2
248881,248883,248884,1,2
248881,248883,248884,1,2
248881,248883,248884,1,2
248881,248883,248885,2,2
248881,248883,248885,2,2
248881,248883,248885,2,2
248881,248883,248885,2,2
248881,248883,248885,2,2
248881,248883,248885,2,2
248881,248883,248885,2,2
248881,248883,248885,2,2
248881,248883,248885,2,2
248881,248883,248885,2,2
248881,248883,248885,2,2
248881,248883,248885,2,2
248881,248883,248885,2,2
248881,248883,248885,2,2
248881,248883,248885,2,2
248881,248883,248885,2,2
248881,248883,248885,2,2
248881,248884,248886,2,3
248881,248884,248885,1,3
248881,248883,248885,2,2
248881,248883,248885,2,2
248881,248883,248885,2,2
248881,248883,248885,2,2
248881,248883,248885,2,2
248881,248883,248885,2,2
248881,248883,248885,2,2
248881,248883,248885,2,2
248881,248883,248885,2,2
248881,248883,248885,2,2
248881,248883,248885,2,2
248881,248883,248885,2,2
248882,248885,248886,1,3
248881,248884,248885,1,3
248881,248884,248885,1,3
248881,248884,248885,1,3
248881,248884,248885,1,3
248881,248884,248885,1,3
248881,248884,248886,2,3
248881,248884,248886,2,3
248881,248884,248886,2,3
248881,248884,248886,2,3
248882,248885,248886,1,3
248882,248885,248886,1,3
248882,248885,248886,1,3
248881,248885,248886,1,4
248881,248885,248886,1,4
248882,248885,248886,1,3
248881,248885,248886,1,4
248881,248885,248886,1,4
248881,248885,248886,1,4
248882,248885,248886,1,3
248881,248885,248886,1,4
248881,248885,248886,1,4
248882,248885,248886,1,3
248882,248885,248887,2,3
248882,248885,248887,2,3
248882,248885,248887,2,3
248882,248885,248887,2,3
248882,248885,248887,2,3
248882,248885,248887,2,3
248882,248885,248887,2,3
248882,248886,248887,1,4
248882,248886,248887,1,4
248882,248886,248887,1,4
248882,248886,248887,1,4
248882,248886,248887,1,4
248882,248886,248887,1,4
248882,248886,248887,1,4
248882,248886,248887,1,4
248882,248886,248887,1,4
248882,248886,248887,1,4
248827,248827,248890,63,0
248829,248829,248896,67,0
248816,248816,248898,82,0
248804,248804,248900,96,0
248817,248818,248901,83,1
248812,248812,248903,91,0
248806,248807,248904,97,1
248819,248819,248909,90,0
248880,248881,248914,33,1
248880,248881,248914,33,1
248880,248881,248913,32,1
248880,248881,248913,32,1
248880,248881,248914,33,1
248813,248813,248914,101,0
248932,248933,248934,1,1
248932,248933,248934,1,1
248932,248933,248934,1,1
248933,248933,248934,1,0
248933,248933,248934,1,0
248933,248933,248934,1,0
248933,248933,248934,1,0
248932,248933,248934,1,1
248933,248933,248934,1,0
248933,248933,248934,1,0
248932,248933,248934,1,1
248933,248933,248934,1,0
248932,248933,248934,1,1
248933,248933,248934,1,0
248933,248933,248934,1,0
248933,248933,248934,1,0
248932,248933,248934,1,1
248932,248933,248934,1,1
248933,248933,248934,1,0
248933,248933,248934,1,0
248932,248933,248934,1,1
248933,248933,248934,1,0
248933,248933,248934,1,0
248933,248933,248934,1,0
248933,248933,248934,1,0
248932,248933,248934,1,1
248933,248933,248934,1,0
248933,248933,248934,1,0
248933,248933,248934,1,0
248932,248933,248934,1,1
248932,248933,248934,1,1
248933,248933,248934,1,0
248933,248933,248935,2,0
248933,248933,248934,1,0
248932,248933,248934,1,1
248932,248933,248934,1,1
248933,248933,248934,1,0
248933,248933,248934,1,0
248933,248933,248934,1,0
248932,248933,248934,1,1
248932,248933,248934,1,1
248933,248933,248935,2,0
248933,248933,248934,1,0
248932,248933,248934,1,1
248932,248933,248934,1,1
248933,248933,248934,1,0
248933,248933,248934,1,0
248932,248933,248934,1,1
248932,248933,248934,1,1
248933,248933,248934,1,0
248933,248933,248934,1,0
248933,248934,248935,1,1
248933,248934,248935,1,1
248882,248886,248935,49,4
248933,248933,248934,1,0
248933,248933,248934,1,0
248933,248934,248935,1,1
248933,248934,248935,1,1
248932,248933,248934,1,1
248932,248933,248934,1,1
248933,248933,248934,1,0
248933,248933,248934,1,0
248933,248934,248935,1,1
248932,248933,248934,1,1
248933,248933,248934,1,0
248933,248933,248934,1,0
248933,248934,248935,1,1
248933,248934,248935,1,1
248933,248933,248934,1,0
248933,248933,248934,1,0
248933,248933,248934,1,0
248933,248934,248935,1,1
248932,248933,248934,1,1
248933,248933,248934,1,0
248933,248933,248934,1,0
248933,248934,248935,1,1
248933,248934,248935,1,1
248933,248934,248935,1,1
248933,248934,248935,1,1
248933,248934,248935,1,1
248933,248934,248936,2,1
248933,248934,248935,1,1
248933,248934,248935,1,1
248933,248935,248936,1,2
248933,248934,248935,1,1
248933,248934,248936,2,1
248933,248934,248935,1,1
248933,248934,248935,1,1
248933,248935,248936,1,2
248933,248934,248936,2,1
248933,248934,248936,2,1
248933,248934,248935,1,1
248933,248935,248936,1,2
248933,248935,248936,1,2
248933,248935,248936,1,2
248933,248934,248935,1,1
248933,248934,248935,1,1
248933,248934,248935,1,1
248933,248935,248936,1,2
248933,248935,248936,1,2
248933,248934,248935,1,1
248933,248934,248936,2,1
248933,248934,248936,2,1
248933,248935,248936,1,2
248933,248935,248936,1,2
248933,248934,248936,2,1
248933,248934,248935,1,1
248933,248934,248935,1,1
248933,248935,248936,1,2
248933,248935,248936,1,2
248933,248934,248935,1,1
248933,248934,248935,1,1
248933,248935,248936,1,2
248933,248935,248937,2,2
248933,248934,248936,2,1
248933,248934,248936,2,1
248933,248934,248936,2,1
248933,248934,248936,2,1
248933,248934,248936,2,1
248933,248934,248936,2,1
248933,248935,248937,2,2
248933,248934,248936,2,1
248933,248935,248937,2,2
248933,248935,248937,2,2
248933,248935,248937,2,2
248933,248937,248938,1,4
248933,248935,248937,2,2
248933,248935,248937,2,2
248933,248935,248937,2,2
248933,248935,248937,2,2
248933,248935,248937,2,2
248933,248935,248937,2,2
248933,248937,248938,1,4
248933,248935,248937,2,2
248933,248935,248937,2,2
248933,248937,248938,1,4
248933,248937,248938,1,4
248933,248935,248937,2,2
248933,248935,248937,2,2
248933,248935,248937,2,2
248933,248937,248938,1,4
248933,248935,248937,2,2
248933,248935,248937,2,2
248933,248935,248937,2,2
248933,248936,248937,1,3
248933,248934,248937,3,1
248933,248935,248937,2,2
248933,248935,248937,2,2
248933,248937,248938,1,4
248933,248935,248937,2,2
248933,248935,248937,2,2
248933,248936,248937,1,3
248933,248936,248937,1,3
248933,248936,248937,1,3
248933,248935,248937,2,2
248933,248935,248937,2,2
248933,248936,248937,1,3
248933,248936,248937,1,3
248933,248936,248937,1,3
248933,248936,248937,1,3
248933,248937,248938,1,4
248933,248935,248938,3,2
248933,248935,248938,3,2
248933,248936,248938,2,3
248933,248936,248938,2,3
248933,248937,248938,1,4
248933,248937,248938,1,4
248933,248937,248938,1,4
248933,248937,248938,1,4
248933,248937,248938,1,4
248933,248937,248938,1,4
248933,248937,248938,1,4
248933,248937,248938,1,4
248933,248937,248938,1,4
248933,248937,248938,1,4
248933,248937,248938,1,4
248933,248937,248939,2,4
248933,248937,248938,1,4
248933,248937,248938,1,4
248933,248938,248939,1,5
248933,248937,248938,1,4
248933,248937,248938,1,4
248933,248937,248938,1,4
248933,248937,248938,1,4
248933,248937,248938,1,4
248933,248937,248938,1,4
248933,248937,248938,1,4
248933,248937,248938,1,4
248933,248937,248938,1,4
248933,248937,248938,1,4
248933,248937,248938,1,4
248933,248937,248938,1,4
248933,248937,248939,2,4
248933,248937,248938,1,4
248933,248937,248938,1,4
248933,248937,248938,1,4
248933,248937,248938,1,4
248933,248937,248938,1,4
248933,248937,248938,1,4
248933,248937,248938,1,4
248933,248938,248939,1,5
248933,248938,248939,1,5
248933,248938,248939,1,5
248933,248938,248939,1,5
248933,248938,248939,1,5
248933,248938,248940,2,5
248933,248938,248939,1,5
248933,248938,248940,2,5
248933,248938,248939,1,5
248933,248938,248939,1,5
248933,248938,248939,1,5
248933,248938,248940,2,5
248933,248938,248939,1,5
248933,248938,248940,2,5
248933,248938,248939,1,5
248933,248938,248939,1,5
248933,248938,248939,1,5
248933,248938,248939,1,5
248933,248938,248939,1,5
248933,248938,248939,1,5
248933,248938,248940,2,5
248933,248938,248939,1,5
249029,249029,249030,1,0
249029,249029,249030,1,0
249030,249030,249031,1,0
249029,249029,249030,1,0
249029,249029,249030,1,0
249029,249029,249031,2,0
249030,249030,249031,1,0
249029,249029,249030,1,0
249029,249029,249030,1,0
249030,249030,249031,1,0
249029,249029,249030,1,0
249029,249029,249030,1,0
249029,249029,249030,1,0
249029,249029,249031,2,0
249029,249029,249030,1,0
249029,249029,249030,1,0
249029,249029,249031,2,0
249030,249030,249031,1,0
249029,249029,249030,1,0
249029,249029,249030,1,0
249029,249029,249031,2,0
249030,249030,249031,1,0
249029,249029,249030,1,0
249029,249029,249030,1,0
249030,249030,249031,1,0
249030,249030,249031,1,0
249029,249029,249030,1,0
249029,249029,249030,1,0
249029,249029,249031,2,0
249030,249030,249031,1,0
249030,249030,249031,1,0
249029,249029,249031,2,0
249030,249030,249031,1,0
249030,249030,249031,1,0
249029,249029,249031,2,0
249029,249029,249031,2,0
249030,249030,249031,1,0
249029,249029,249031,2,0
249029,249029,249031,2,0
249030,249030,249031,1,0
249030,249030,249031,1,0
249030,249030,249031,1,0
249030,249031,249032,1,1
249029,249029,249031,2,0
249029,249029,249031,2,0
249030,249030,249031,1,0
249030,249030,249031,1,0
249030,249031,249032,1,1
249030,249031,249032,1,1
249029,249029,249031,2,0
249030,249030,249031,1,0
249030,249030,249031,1,0
249030,249030,249031,1,0
249030,249031,249032,1,1
249029,249029,249031,2,0
249030,249030,249031,1,0
249030,249030,249031,1,0
249030,249030,249031,1,0
249030,249030,249031,1,0
249030,249030,249031,1,0
249030,249030,249031,1,0
249030,249030,249031,1,0
249030,249031,249032,1,1
249029,249029,249031,2,0
249030,249030,249031,1,0
249030,249030,249031,1,0
249030,249030,249031,1,0
249030,249031,249032,1,1
249029,249029,249031,2,0
249030,249030,249031,1,0
249030,249030,249031,1,0
249030,249031,249032,1,1
249030,249030,249031,1,0
249030,249030,249031,1,0
249030,249030,249031,1,0
249030,249031,249032,1,1
249029,249029,249031,2,0
249030,249030,249031,1,0
249030,249030,249031,1,0
249030,249031,249032,1,1
249030,249030,249031,1,0
249030,249030,249031,1,0
249030,249031,249032,1,1
249030,249031,249032,1,1
249030,249031,249032,1,1
249030,249031,249033,2,1
249030,249031,249033,2,1
249030,249031,249033,2,1
249030,249031,249033,2,1
249030,249031,249033,2,1
249030,249031,249033,2,1
249030,249031,249033,2,1
249030,249031,249033,2,1
249030,249031,249033,2,1
249030,249031,249033,2,1
249030,249031,249032,1,1
249030,249031,249033,2,1
249030,249031,249032,1,1
249030,249031,249033,2,1
249030,249031,249033,2,1
249030,249031,249033,2,1
249030,249031,249033,2,1
249030,249032,249033,1,2
249030,249031,249032,1,1
249030,249031,249033,2,1
249030,249031,249032,1,1
249030,249031,249032,1,1
249030,249032,249033,1,2
249030,249031,249033,2,1
249030,249031,249032,1,1
249030,249032,249033,1,2
249030,249031,249033,2,1
249030,249031,249033,2,1
249030,249031,249033,2,1
249030,249031,249033,2,1
249030,249031,249033,2,1
249030,249031,249032,1,1
249030,249031,249032,1,1
249030,249031,249033,2,1
249030,249031,249032,1,1
249030,249032,249033,1,2
249030,249032,249034,2,2
249030,249032,249034,2,2
249030,249032,249034,2,2
249030,249032,249034,2,2
249030,249032,249034,2,2
249030,249032,249034,2,2
249030,249032,249034,2,2
249030,249032,249034,2,2
249030,249032,249079,47,2
249110,249110,249111,1,0
249110,249110,249111,1,0
249110,249110,249111,1,0
249110,249110,249111,1,0
249110,249110,249111,1,0
249110,249110,249111,1,0
249110,249110,249111,1,0
249110,249110,249111,1,0
249110,249110,249111,1,0
249110,249110,249111,1,0
249110,249110,249111,1,0
249110,249110,249111,1,0
249110,249110,249111,1,0
249110,249110,249111,1,0
249110,249110,249111,1,0
249110,249110,249111,1,0
249110,249110,249111,1,0
249110,249110,249111,1,0
249110,249110,249111,1,0
249110,249110,249111,1,0
249110,249110,249111,1,0
249110,249110,249111,1,0
249110,249110,249111,1,0
249110,249110,249111,1,0
249110,249110,249111,1,0
249110,249110,249111,1,0
249110,249110,249111,1,0
249110,249110,249111,1,0
249110,249110,249111,1,0
249110,249110,249111,1,0
249110,249110,249111,1,0
249110,249110,249111,1,0
249110,249110,249111,1,0
249110,249110,249112,2,0
249110,249110,249112,2,0
249110,249110,249112,2,0
249110,249110,249111,1,0
249110,249110,249111,1,0
249110,249110,249111,1,0
249110,249110,249112,2,0
249110,249110,249112,2,0
249110,249110,249111,1,0
249110,249110,249112,2,0
249110,249110,249112,2,0
249110,249110,249112,2,0
249110,249110,249112,2,0
249110,249110,249112,2,0
249110,249110,249112,2,0
249110,249110,249112,2,0
249110,249110,249112,2,0
249110,249110,249112,2,0
249110,249110,249112,2,0
249110,249110,249112,2,0
249110,249110,249112,2,0
249110,249110,249112,2,0
249110,249110,249112,2,0
249110,249110,249112,2,0
249110,249110,249112,2,0
249110,249110,249112,2,0
249110,249110,249112,2,0
249110,249110,249112,2,0
249110,249110,249112,2,0
249110,249110,249112,2,0
249110,249110,249112,2,0
249110,249110,249112,2,0
249110,249110,249112,2,0
249110,249110,249112,2,0
249110,249110,249112,2,0
249111,249111,249157,46,0
249160,249160,249161,1,0
249160,249160,249161,1,0
249160,249160,249161,1,0
249160,249160,249161,1,0
249160,249160,249161,1,0
249160,249160,249161,1,0
249160,249160,249161,1,0
249160,249160,249161,1,0
249160,249160,249161,1,0
249160,249160,249161,1,0
249160,249160,249161,1,0
249160,249160,249161,1,0
249160,249160,249161,1,0
249160,249160,249161,1,0
249160,249160,249161,1,0
249160,249160,249161,1,0
249160,249160,249161,1,0
249160,249160,249161,1,0
249160,249160,249161,1,0
249160,249160,249161,1,0
249160,249160,249161,1,0
249160,249160,249161,1,0
249160,249160,249161,1,0
249160,249160,249161,1,0
249160,249160,249161,1,0
249160,249160,249161,1,0
249160,249160,249161,1,0
249160,249160,249161,1,0
249160,249160,249161,1,0
249160,249160,249161,1,0
249160,249160,249161,1,0
249160,249160,249162,2,0
249160,249160,249162,2,0
249160,249160,249161,1,0
249160,249160,249161,1,0
249160,249160,249162,2,0
249160,249160,249162,2,0
249160,249160,249161,1,0
249160,249160,249162,2,0
249160,249160,249162,2,0
249160,249160,249162,2,0
249160,249160,249161,1,0
249160,249160,249162,2,0
249160,249160,249162,2,0
249160,249160,249162,2,0
249160,249160,249162,2,0
249160,249160,249162,2,0
249160,249160,249162,2,0
249160,249160,249162,2,0
249160,249160,249162,2,0
249160,249160,249162,2,0
249160,249160,249162,2,0
249160,249160,249162,2,0
249160,249160,249162,2,0
249160,249160,249162,2,0
249160,249160,249162,2,0
249160,249160,249162,2,0
249160,249160,249162,2,0
249160,249160,249162,2,0
249160,249160,249162,2,0
249160,249160,249162,2,0
249160,249160,249162,2,0
249160,249160,249162,2,0
249160,249160,249162,2,0
249160,249160,249162,2,0
249160,249160,249162,2,0
249160,249160,249162,2,0
249160,249160,249162,2,0
249161,249161,249207,46,0
249209,249209,249210,1,0
249209,249209,249210,1,0
249209,249209,249210,1,0
249209,249209,249210,1,0
249209,249209,249210,1,0
249209,249209,249210,1,0
249209,249209,249210,1,0
249209,249209,249210,1,0
249209,249209,249210,1,0
249209,249209,249210,1,0
249209,249209,249210,1,0
249209,249209,249210,1,0
249209,249209,249211,2,0
249209,249209,249211,2,0
249209,249209,249211,2,0
249209,249209,249211,2,0
249209,249209,249211,2,0
249209,249209,249211,2,0
249209,249209,249211,2,0
249209,249209,249211,2,0
249209,249209,249211,2,0
249209,249209,249211,2,0
249209,249209,249211,2,0
249209,249209,249211,2,0
249209,249209,249211,2,0
249209,249209,249211,2,0
249209,249209,249211,2,0
249209,249209,249211,2,0
249209,249209,249210,1,0
249209,249209,249211,2,0
249209,249209,249211,2,0
249209,249209,249211,2,0
249209,249209,249211,2,0
249209,249209,249211,2,0
249244,249244,249245,1,0
249244,249244,249245,1,0
249244,249244,249245,1,0
249244,249244,249245,1,0
249244,249244,249245,1,0
249244,249244,249245,1,0
249244,249244,249245,1,0
249244,249244,249245,1,0
249244,249244,249245,1,0
249244,249244,249245,1,0
249244,249244,249246,2,0
249244,249244,249245,1,0
249244,249244,249245,1,0
249244,249244,249245,1,0
249244,249244,249245,1,0
249244,249244,249245,1,0
249244,249244,249245,1,0
249244,249244,249245,1,0
249244,249244,249245,1,0
249244,249244,249246,2,0
249244,249244,249245,1,0
249244,249244,249245,1,0
249244,249244,249245,1,0
249244,249244,249245,1,0
249244,249244,249245,1,0
249244,249244,249245,1,0
249244,249244,249246,2,0
249244,249244,249245,1,0
249244,249244,249245,1,0
249210,249210,249257,47,0
249261,249261,249262,1,0
249261,249261,249262,1,0
249261,249261,249262,1,0
249261,249261,249262,1,0
249261,249261,249262,1,0
249261,249261,249262,1,0
249261,249261,249262,1,0
249261,249261,249262,1,0
249261,249261,249262,1,0
249261,249261,249262,1,0
249261,249261,249262,1,0
249261,249261,249262,1,0
249261,249261,249262,1,0
249261,249261,249262,1,0
249261,249261,249262,1,0
249261,249261,249262,1,0
249261,249261,249262,1,0
249261,249261,249262,1,0
249261,249261,249262,1,0
249261,249261,249262,1,0
249261,249261,249262,1,0
249261,249261,249262,1,0
249261,249261,249262,1,0
249261,249261,249262,1,0
249261,249261,249262,1,0
249261,249261,249262,1,0
249261,249261,249262,1,0
249261,249261,249262,1,0
249261,249261,249262,1,0
249261,249261,249309,48,0
249310,249311,249312,1,1
249310,249311,249312,1,1
249310,249311,249312,1,1
249310,249311,249312,1,1
249310,249311,249312,1,1
249310,249311,249312,1,1
249310,249311,249312,1,1
249310,249311,249312,1,1
249310,249311,249312,1,1
249310,249311,249312,1,1
249310,249311,249312,1,1
249310,249311,249312,1,1
249310,249311,249312,1,1
249310,249311,249312,1,1
249310,249311,249312,1,1
249310,249311,249312,1,1
249310,249311,249312,1,1
249310,249311,249312,1,1
249310,249311,249312,1,1
249310,249311,249312,1,1
249310,249311,249312,1,1
249310,249311,249312,1,1
249310,249311,249312,1,1
249310,249311,249313,2,1
249310,249311,249312,1,1
249310,249311,249312,1,1
249305,249305,249350,45,0
249300,249300,249351,51,0
249304,249304,249352,48,0
249351,249351,249352,1,0
249351,249351,249352,1,0
249351,249351,249352,1,0
249351,249351,249352,1,0
249351,249351,249352,1,0
249351,249351,249352,1,0
249351,249351,249352,1,0
249351,249351,249352,1,0
249351,249351,249352,1,0
249351,249351,249352,1,0
249351,249351,249352,1,0
249351,249351,249353,2,0
249351,249351,249352,1,0
249351,249351,249353,2,0
249351,249351,249353,2,0
249351,249351,249353,2,0
249351,249351,249352,1,0
249351,249351,249352,1,0
249351,249351,249353,2,0
249351,249351,249353,2,0
249351,249351,249353,2,0
249351,249351,249353,2,0
249351,249351,249353,2,0
249351,249351,249353,2,0
249351,249351,249353,2,0
249351,249351,249353,2,0
249351,249351,249353,2,0
249351,249351,249353,2,0
249351,249351,249353,2,0
249351,249351,249353,2,0
249351,249351,249353,2,0
249351,249351,249353,2,0
249298,249298,249353,55,0
249353,249353,249354,1,0
249353,249353,249354,1,0
249353,249353,249354,1,0
249353,249353,249354,1,0
249353,249353,249354,1,0
249353,249353,249354,1,0
249353,249353,249354,1,0
249353,249353,249354,1,0
249353,249353,249354,1,0
249353,249353,249354,1,0
249353,249353,249354,1,0
249351,249351,249353,2,0
249353,249353,249354,1,0
249353,249353,249354,1,0
249353,249353,249354,1,0
249353,249353,249354,1,0
249353,249353,249354,1,0
249353,249353,249354,1,0
249353,249353,249354,1,0
249351,249351,249353,2,0
249353,249353,249354,1,0
249353,249353,249354,1,0
249353,249353,249354,1,0
249353,249353,249354,1,0
249353,249353,249354,1,0
249353,249353,249354,1,0
249353,249353,249354,1,0
249353,249353,249354,1,0
249353,249353,249354,1,0
249353,249353,249354,1,0
249353,249353,249355,2,0
249353,249354,249355,1,1
249353,249353,249355,2,0
249353,249353,249355,2,0
249353,249353,249355,2,0
249353,249354,249355,1,1
249353,249353,249354,1,0
249353,249353,249354,1,0
249353,249353,249355,2,0
249353,249353,249355,2,0
249353,249353,249355,2,0
249353,249353,249355,2,0
249353,249353,249355,2,0
249353,249353,249355,2,0
249355,249355,249356,1,0
249355,249355,249356,1,0
249353,249353,249355,2,0
249353,249353,249355,2,0
249353,249353,249355,2,0
249353,249353,249355,2,0
249353,249354,249355,1,1
249355,249355,249356,1,0
249353,249353,249355,2,0
249353,249353,249356,3,0
249355,249355,249356,1,0
249355,249355,249356,1,0
249353,249353,249355,2,0
249353,249353,249355,2,0
249353,249353,249355,2,0
249353,249354,249355,1,1
249353,249353,249355,2,0
249353,249353,249355,2,0
249353,249353,249355,2,0
249355,249355,249356,1,0
249355,249355,249356,1,0
249355,249355,249356,1,0
249353,249353,249355,2,0
249353,249353,249355,2,0
249355,249355,249356,1,0
249353,249353,249355,2,0
249355,249355,249356,1,0
249355,249355,249356,1,0
249355,249355,249356,1,0
249353,249354,249355,1,1
249355,249355,249356,1,0
249355,249355,249356,1,0
249353,249355,249356,1,2
249353,249355,249356,1,2
249355,249355,249357,2,0
249355,249355,249357,2,0
249355,249355,249356,1,0
249355,249355,249356,1,0
249355,249355,249356,1,0
249355,249355,249356,1,0
249355,249355,249357,2,0
249355,249355,249356,1,0
249355,249355,249356,1,0
249355,249355,249357,2,0
249355,249355,249356,1,0
249355,249355,249356,1,0
249355,249355,249357,2,0
249355,249355,249356,1,0
249355,249355,249356,1,0
249355,249355,249356,1,0
249355,249355,249357,2,0
249355,249355,249356,1,0
249355,249355,249356,1,0
249355,249355,249356,1,0
249306,249306,249359,53,0
249302,249302,249363,61,0
249311,249311,249368,57,0
249335,249335,249389,54,0
249353,249353,249354,1,0
249353,249353,249354,1,0
249353,249353,249354,1,0
249353,249353,249354,1,0
249392,249392,249393,1,0
249392,249392,249393,1,0
249392,249392,249393,1,0
249392,249392,249393,1,0
249392,249392,249393,1,0
249392,249392,249393,1,0
249392,249392,249393,1,0
249392,249392,249393,1,0
249392,249392,249394,2,0
249392,249392,249393,1,0
249392,249392,249394,2,0
249392,249392,249394,2,0
249392,249392,249393,1,0
249392,249392,249393,1,0
249392,249392,249394,2,0
249392,249393,249394,1,1
249392,249392,249393,1,0
249392,249392,249393,1,0
249392,249392,249393,1,0
249392,249392,249393,1,0
249392,249392,249393,1,0
249392,249392,249394,2,0
249392,249392,249394,2,0
249392,249392,249394,2,0
249392,249392,249393,1,0
249392,249392,249394,2,0
249392,249393,249394,1,1
249392,249392,249393,1,0
249392,249392,249393,1,0
249392,249392,249393,1,0
249392,249393,249394,1,1
249392,249392,249394,2,0
249392,249393,249394,1,1
249392,249393,249394,1,1
249392,249392,249394,2,0
249392,249393,249394,1,1
249392,249393,249394,1,1
249393,249394,249395,1,1
249392,249393,249394,1,1
249392,249393,249394,1,1
249392,249393,249394,1,1
249392,249393,249394,1,1
249392,249393,249394,1,1
249392,249393,249394,1,1
249393,249394,249395,1,1
249392,249392,249394,2,0
249392,249393,249394,1,1
249392,249393,249394,1,1
249392,249393,249394,1,1
249393,249394,249395,1,1
249392,249392,249394,2,0
249392,249393,249394,1,1
249392,249393,249394,1,1
249393,249394,249395,1,1
249393,249394,249395,1,1
249392,249393,249394,1,1
249392,249393,249394,1,1
249392,249393,249394,1,1
249393,249394,249395,1,1
249392,249393,249394,1,1
249392,249393,249394,1,1
249393,249394,249395,1,1
249393,249394,249395,1,1
249393,249394,249395,1,1
249393,249395,249396,1,2
249393,249394,249395,1,1
249393,249394,249396,2,1
249393,249394,249395,1,1
249393,249394,249395,1,1
249393,249394,249395,1,1
249393,249394,249395,1,1
249393,249394,249395,1,1
249393,249394,249395,1,1
249393,249394,249395,1,1
249393,249394,249395,1,1
249393,249394,249395,1,1
249393,249394,249395,1,1
249393,249394,249395,1,1
249393,249394,249395,1,1
249393,249394,249395,1,1
249393,249394,249395,1,1
249393,249394,249395,1,1
249393,249394,249395,1,1
249393,249394,249395,1,1
249393,249394,249395,1,1
249393,249395,249396,1,2
249347,249347,249397,50,0
249334,249334,249399,65,0
249392,249393,249400,7,1
249309,249309,249400,91,0
249392,249393,249401,8,1
249346,249346,249402,56,0
249356,249356,249402,46,0
249340,249340,249403,63,0
249444,249444,249445,1,0
249444,249444,249445,1,0
249444,249444,249445,1,0
249444,249444,249445,1,0
249444,249444,249445,1,0
249444,249444,249445,1,0
249444,249444,249445,1,0
249444,249444,249445,1,0
249444,249444,249445,1,0
249444,249444,249445,1,0
249444,249444,249445,1,0
249444,249444,249445,1,0
249444,249444,249445,1,0
249444,249444,249445,1,0
249444,249444,249445,1,0
249444,249444,249445,1,0
249444,249444,249445,1,0
249444,249444,249445,1,0
249444,249444,249445,1,0
249444,249444,249445,1,0
249444,249444,249445,1,0
249444,249444,249445,1,0
249444,249444,249445,1,0
249444,249444,249445,1,0
249444,249444,249445,1,0
249444,249444,249445,1,0
249444,249444,249445,1,0
249444,249444,249445,1,0
249444,249444,249445,1,0
249444,249444,249445,1,0
249444,249444,249445,1,0
249444,249444,249445,1,0
249444,249444,249445,1,0
249444,249444,249445,1,0
249444,249444,249445,1,0
249444,249444,249445,1,0
249444,249444,249445,1,0
249444,249444,249445,1,0
249444,249444,249445,1,0
249444,249444,249445,1,0
249444,249444,249445,1,0
249444,249444,249445,1,0
249444,249444,249445,1,0
249444,249444,249445,1,0
249444,249444,249445,1,0
249444,249444,249445,1,0
249444,249444,249445,1,0
249444,249444,249446,2,0
249444,249444,249446,2,0
249444,249444,249446,2,0
249444,249444,249445,1,0
249444,249444,249446,2,0
249444,249444,249445,1,0
249444,249444,249445,1,0
249444,249444,249445,1,0
249444,249444,249446,2,0
249444,249444,249445,1,0
249444,249444,249446,2,0
249444,249444,249445,1,0
249444,249444,249445,1,0
249444,249444,249446,2,0
249444,249444,249446,2,0
249444,249444,249446,2,0
249444,249444,249446,2,0
249444,249446,249447,1,2
249444,249444,249446,2,0
249444,249446,249447,1,2
249444,249446,249447,1,2
249444,249444,249446,2,0
249444,249444,249446,2,0
249444,249446,249447,1,2
249444,249444,249446,2,0
249444,249445,249446,1,1
249444,249446,249447,1,2
249444,249444,249446,2,0
249444,249446,249447,1,2
249444,249446,249447,1,2
249444,249446,249447,1,2
249444,249444,249446,2,0
249444,249444,249446,2,0
249444,249446,249447,1,2
249444,249446,249447,1,2
249444,249446,249447,1,2
249444,249446,249448,2,2
249444,249446,249447,1,2
249444,249446,249447,1,2
249444,249446,249447,1,2
249445,249447,249448,1,2
249444,249446,249448,2,2
249444,249446,249447,1,2
249444,249446,249447,1,2
249444,249446,249447,1,2
249444,249446,249448,2,2
249445,249447,249448,1,2
249445,249447,249448,1,2
249445,249447,249448,1,2
249444,249446,249447,1,2
249444,249446,249447,1,2
249444,249446,249447,1,2
249444,249446,249448,2,2
249444,249446,249448,2,2
249445,249447,249448,1,2
249445,249447,249448,1,2
249445,249447,249448,1,2
249444,249446,249447,1,2
249444,249446,249448,2,2
249444,249446,249447,1,2
249444,249446,249447,1,2
249444,249446,249448,2,2
249444,249446,249448,2,2
249444,249446,249447,1,2
249444,249446,249447,1,2
249444,249446,249447,1,2
249444,249446,249448,2,2
249444,249446,249447,1,2
249444,249446,249447,1,2
249445,249447,249448,1,2
249444,249446,249447,1,2
249444,249446,249447,1,2
249444,249446,249448,2,2
249444,249446,249448,2,2
249444,249446,249447,1,2
249445,249447,249448,1,2
249444,249446,249447,1,2
249444,249446,249448,2,2
249444,249446,249448,2,2
249444,249446,249447,1,2
249445,249447,249448,1,2
249444,249446,249447,1,2
249444,249446,249447,1,2
249444,249446,249448,2,2
249444,249446,249448,2,2
249445,249447,249448,1,2
249444,249446,249447,1,2
249444,249446,249447,1,2
249444,249446,249448,2,2
249444,249446,249447,1,2
249445,249447,249448,1,2
249445,249448,249449,1,3
249445,249447,249449,2,2
249445,249447,249448,1,2
249445,249447,249448,1,2
249445,249447,249449,2,2
249445,249447,249449,2,2
249445,249447,249448,1,2
249445,249447,249449,2,2
249445,249447,249448,1,2
249445,249447,249449,2,2
249445,249447,249448,1,2
249445,249447,249449,2,2
249445,249447,249449,2,2
249445,249447,249449,2,2
249445,249447,249448,1,2
249445,249447,249449,2,2
249445,249448,249449,1,3
249445,249448,249449,1,3
249445,249448,249449,1,3
249445,249448,249449,1,3
249445,249448,249449,1,3
249444,249445,249483,38,1
249444,249445,249483,38,1
249444,249445,249485,40,1
249445,249448,249494,46,3
249332,249333,249510,177,1
249511,249512,249513,1,1
249512,249512,249513,1,0
249512,249512,249513,1,0
249511,249512,249513,1,1
249512,249512,249513,1,0
249512,249512,249513,1,0
249511,249512,249513,1,1
249512,249512,249513,1,0
249512,249512,249513,1,0
249512,249512,249513,1,0
249512,249512,249513,1,0
249511,249512,249513,1,1
249511,249512,249513,1,1
249512,249512,249513,1,0
249512,249512,249513,1,0
249511,249512,249513,1,1
249512,249512,249513,1,0
249512,249512,249513,1,0
249511,249512,249513,1,1
249511,249512,249513,1,1
249511,249512,249513,1,1
249512,249512,249513,1,0
249512,249512,249513,1,0
249512,249512,249513,1,0
249511,249512,249513,1,1
249511,249512,249513,1,1
249511,249512,249513,1,1
249512,249512,249513,1,0
249512,249512,249513,1,0
249512,249512,249513,1,0
249512,249512,249513,1,0
249512,249512,249513,1,0
249511,249512,249513,1,1
249511,249512,249513,1,1
249512,249512,249513,1,0
249512,249512,249513,1,0
249512,249512,249513,1,0
249512,249513,249514,1,1
249512,249512,249513,1,0
249512,249512,249513,1,0
249512,249512,249513,1,0
249512,249512,249513,1,0
249511,249512,249513,1,1
249511,249512,249513,1,1
249512,249512,249514,2,0
249512,249512,249513,1,0
249512,249512,249513,1,0
249511,249512,249513,1,1
249511,249512,249513,1,1
249512,249512,249514,2,0
249512,249512,249514,2,0
249511,249512,249513,1,1
249511,249512,249513,1,1
249512,249512,249514,2,0
249512,249512,249514,2,0
249511,249512,249513,1,1
249512,249512,249513,1,0
249512,249512,249513,1,0
249511,249512,249513,1,1
249512,249512,249513,1,0
249512,249512,249513,1,0
249511,249512,249513,1,1
249512,249512,249513,1,0
249512,249512,249514,2,0
249512,249513,249514,1,1
249512,249513,249514,1,1
249512,249513,249514,1,1
249512,249513,249514,1,1
249512,249513,249514,1,1
249512,249513,249515,2,1
249512,249513,249515,2,1
249512,249513,249515,2,1
249512,249513,249515,2,1
249512,249513,249515,2,1
249512,249513,249515,2,1
249512,249513,249515,2,1
249512,249513,249514,1,1
249512,249513,249514,1,1
249512,249513,249515,2,1
249512,249513,249515,2,1
249512,249513,249515,2,1
249512,249513,249514,1,1
249512,249513,249514,1,1
249512,249513,249515,2,1
249512,249513,249514,1,1
249512,249513,249515,2,1
249512,249513,249514,1,1
249512,249513,249515,2,1
249512,249513,249514,1,1
249512,249512,249517,5,0
249512,249512,249517,5,0
249337,249339,249553,214,2
249343,249343,249559,216,0
249350,249351,249559,208,1
249561,249562,249563,1,1
249561,249561,249563,2,0
249561,249561,249563,2,0
249561,249561,249562,1,0
249561,249562,249563,1,1
249561,249561,249562,1,0
249561,249561,249563,2,0
249561,249562,249563,1,1
249561,249561,249562,1,0
249561,249561,249563,2,0
249561,249562,249563,1,1
249561,249561,249562,1,0
249561,249561,249562,1,0
249561,249562,249563,1,1
249561,249562,249563,1,1
249561,249561,249562,1,0
249561,249561,249563,2,0
249561,249562,249563,1,1
249561,249561,249562,1,0
249561,249561,249562,1,0
249561,249562,249563,1,1
249561,249561,249562,1,0
249561,249561,249562,1,0
249561,249562,249563,1,1
249561,249562,249563,1,1
249561,249561,249562,1,0
249561,249561,249562,1,0
249561,249562,249563,1,1
249561,249562,249563,1,1
249561,249561,249563,2,0
249561,249562,249563,1,1
249561,249562,249563,1,1
249561,249561,249563,2,0
249561,249561,249563,2,0
249561,249562,249563,1,1
249561,249562,249563,1,1
249561,249562,249563,1,1
249561,249561,249563,2,0
249561,249561,249563,2,0
249561,249562,249563,1,1
249561,249562,249563,1,1
249561,249561,249563,2,0
249561,249561,249563,2,0
249561,249562,249563,1,1
249561,249562,249563,1,1
249561,249561,249563,2,0
249561,249561,249563,2,0
249561,249562,249563,1,1
249561,249562,249563,1,1
249561,249561,249564,3,0
249561,249561,249563,2,0
249561,249562,249563,1,1
249561,249561,249563,2,0
249561,249561,249563,2,0
249561,249562,249563,1,1
249561,249562,249563,1,1
249561,249561,249563,2,0
249561,249561,249563,2,0
249561,249562,249563,1,1
249561,249562,249563,1,1
249561,249561,249563,2,0
249561,249561,249563,2,0
249561,249562,249563,1,1
249561,249562,249563,1,1
249561,249562,249563,1,1
249352,249352,249565,213,0
249512,249513,249569,56,1
249609,249609,249611,2,0
249609,249609,249611,2,0
249609,249609,249610,1,0
249609,249609,249611,2,0
249609,249609,249611,2,0
249609,249609,249610,1,0
249609,249609,249611,2,0
249609,249609,249611,2,0
249609,249609,249611,2,0
249609,249610,249611,1,1
249609,249609,249610,1,0
249609,249609,249611,2,0
249609,249609,249610,1,0
249609,249609,249610,1,0
249609,249610,249611,1,1
249609,249609,249610,1,0
249609,249609,249610,1,0
249609,249609,249610,1,0
249609,249609,249610,1,0
249609,249609,249610,1,0
249609,249609,249610,1,0
249609,249609,249611,2,0
249609,249610,249611,1,1
249609,249609,249610,1,0
249609,249609,249611,2,0
249609,249609,249611,2,0
249609,249610,249611,1,1
249609,249610,249611,1,1
249609,249609,249611,2,0
249609,249610,249611,1,1
249609,249610,249611,1,1
249609,249609,249611,2,0
249609,249610,249611,1,1
249609,249610,249611,1,1
249609,249609,249611,2,0
249609,249610,249611,1,1
249609,249610,249611,1,1
249609,249610,249611,1,1
249609,249610,249611,1,1
249609,249610,249611,1,1
249609,249609,249611,2,0
249609,249609,249611,2,0
249609,249610,249611,1,1
249609,249610,249611,1,1
249609,249609,249611,2,0
249609,249609,249611,2,0
249609,249610,249611,1,1
249609,249610,249611,1,1
249609,249610,249611,1,1
249609,249609,249611,2,0
249609,249609,249611,2,0
249609,249610,249611,1,1
249609,249610,249611,1,1
249609,249610,249611,1,1
249609,249609,249611,2,0
249609,249610,249611,1,1
249609,249610,249611,1,1
249609,249610,249611,1,1
249609,249609,249611,2,0
249609,249610,249611,1,1
249609,249610,249611,1,1
249644,249644,249645,1,0
249644,249644,249645,1,0
249644,249644,249645,1,0
249644,249644,249645,1,0
249644,249644,249645,1,0
249644,249644,249645,1,0
249644,249644,249645,1,0
249644,249644,249645,1,0
249644,249644,249645,1,0
249644,249644,249645,1,0
249644,249644,249646,2,0
249644,249645,249646,1,1
249644,249645,249646,1,1
249644,249645,249646,1,1
249644,249645,249646,1,1
249644,249644,249646,2,0
249644,249644,249646,2,0
249644,249645,249646,1,1
249644,249645,249646,1,1
249644,249645,249646,1,1
249644,249645,249646,1,1
249644,249645,249646,1,1
249644,249645,249646,1,1
249644,249645,249646,1,1
249644,249645,249646,1,1
249644,249645,249646,1,1
249644,249645,249646,1,1
249644,249645,249646,1,1
249644,249645,249646,1,1
249644,249645,249646,1,1
249644,249645,249646,1,1
249644,249645,249648,3,1
249644,249645,249648,3,1
249610,249610,249654,44,0
249678,249678,249679,1,0
249678,249678,249679,1,0
249678,249678,249679,1,0
249678,249678,249679,1,0
249678,249678,249679,1,0
249678,249678,249679,1,0
249678,249678,249679,1,0
249678,249678,249679,1,0
249678,249678,249679,1,0
249678,249678,249679,1,0
249678,249678,249679,1,0
249678,249678,249679,1,0
249678,249678,249679,1,0
249678,249678,249680,2,0
249678,249678,249679,1,0
249678,249678,249679,1,0
249678,249678,249680,2,0
249678,249678,249679,1,0
249678,249678,249679,1,0
249678,249678,249679,1,0
249678,249678,249679,1,0
249678,249678,249680,2,0
249678,249678,249679,1,0
249678,249678,249679,1,0
249678,249678,249679,1,0
249678,249678,249679,1,0
249678,249678,249679,1,0
249678,249678,249679,1,0
249678,249678,249679,1,0
249678,249678,249679,1,0
249678,249678,249680,2,0
249678,249678,249679,1,0
249678,249678,249680,2,0
249678,249678,249680,2,0
249695,249696,249697,1,1
249695,249696,249697,1,1
249695,249696,249697,1,1
249695,249696,249697,1,1
249695,249696,249697,1,1
249695,249696,249697,1,1
249695,249696,249697,1,1
249695,249696,249697,1,1
249695,249696,249697,1,1
249695,249696,249697,1,1
249695,249696,249697,1,1
249695,249696,249697,1,1
249695,249696,249697,1,1
249695,249696,249697,1,1
249695,249696,249697,1,1
249695,249696,249697,1,1
249695,249696,249697,1,1
249695,249696,249697,1,1
249695,249696,249697,1,1
249695,249696,249697,1,1
249695,249696,249697,1,1
249695,249696,249697,1,1
249695,249696,249697,1,1
249695,249696,249697,1,1
249695,249696,249697,1,1
249695,249696,249697,1,1
249678,249678,249730,52,0
249733,249733,249734,1,0
249733,249733,249734,1,0
249733,249733,249734,1,0
249733,249733,249734,1,0
249733,249733,249734,1,0
249733,249733,249734,1,0
249733,249733,249734,1,0
249733,249733,249734,1,0
249733,249733,249734,1,0
249733,249733,249734,1,0
249733,249733,249734,1,0
249733,249733,249734,1,0
249733,249733,249734,1,0
249733,249733,249734,1,0
249733,249733,249734,1,0
249733,249733,249734,1,0
249733,249733,249734,1,0
249733,249733,249734,1,0
249733,249733,249734,1,0
249733,249733,249734,1,0
249733,249733,249734,1,0
249733,249733,249734,1,0
249733,249733,249734,1,0
249733,249733,249734,1,0
249733,249733,249734,1,0
249733,249733,249734,1,0
249733,249733,249734,1,0
249733,249733,249734,1,0
249733,249733,249734,1,0
249733,249733,249734,1,0
249733,249733,249734,1,0
249733,249733,249734,1,0
249733,249733,249734,1,0
249733,249733,249734,1,0
249714,249714,249762,48,0
249763,249763,249764,1,0
249763,249763,249764,1,0
249763,249763,249764,1,0
249763,249763,249764,1,0
249763,249763,249764,1,0
249763,249763,249764,1,0
249763,249763,249764,1,0
249763,249763,249764,1,0
249763,249763,249764,1,0
249763,249763,249764,1,0
249763,249763,249764,1,0
249763,249763,249765,2,0
249763,249763,249765,2,0
249763,249763,249765,2,0
249763,249763,249765,2,0
249763,249763,249764,1,0
249763,249763,249765,2,0
249763,249763,249764,1,0
249763,249763,249764,1,0
249763,249763,249765,2,0
249763,249763,249764,1,0
249763,249763,249765,2,0
249763,249763,249764,1,0
249763,249763,249764,1,0
249763,249763,249765,2,0
249763,249763,249765,2,0
249763,249763,249765,2,0
249763,249763,249765,2,0
249763,249763,249765,2,0
249763,249763,249765,2,0
249763,249763,249765,2,0
249763,249763,249765,2,0
249763,249763,249765,2,0
249763,249763,249764,1,0
249734,249734,249784,50,0
249785,249785,249786,1,0
249785,249785,249786,1,0
249785,249785,249786,1,0
249785,249785,249786,1,0
249785,249785,249786,1,0
249785,249785,249786,1,0
249785,249785,249786,1,0
249785,249785,249786,1,0
249785,249785,249786,1,0
249785,249785,249786,1,0
249785,249785,249786,1,0
249785,249785,249787,2,0
249785,249785,249787,2,0
249785,249785,249787,2,0
249785,249785,249787,2,0
249785,249785,249787,2,0
249785,249785,249787,2,0
249785,249785,249787,2,0
249785,249785,249787,2,0
249785,249785,249787,2,0
249785,249785,249786,1,0
249785,249785,249787,2,0
249785,249785,249787,2,0
249785,249785,249787,2,0
249785,249785,249787,2,0
249785,249785,249787,2,0
249785,249785,249787,2,0
249785,249785,249787,2,0
249785,249785,249787,2,0
249785,249785,249787,2,0
249785,249785,249787,2,0
249785,249785,249787,2,0
249785,249785,249787,2,0
249785,249785,249787,2,0
249755,249755,249801,46,0
249757,249757,249804,47,0
249806,249806,249807,1,0
249806,249806,249807,1,0
249806,249806,249807,1,0
249806,249806,249807,1,0
249806,249806,249807,1,0
249806,249806,249807,1,0
249806,249806,249807,1,0
249806,249806,249807,1,0
249806,249806,249807,1,0
249806,249806,249807,1,0
249806,249806,249807,1,0
249806,249806,249807,1,0
249806,249806,249807,1,0
249806,249806,249807,1,0
249806,249806,249807,1,0
249806,249806,249807,1,0
249806,249806,249807,1,0
249807,249807,249808,1,0
249806,249806,249807,1,0
249806,249806,249807,1,0
249807,249807,249808,1,0
249807,249807,249808,1,0
249806,249806,249807,1,0
249806,249806,249807,1,0
249807,249807,249808,1,0
249806,249806,249807,1,0
249806,249806,249807,1,0
249806,249806,249807,1,0
249807,249807,249808,1,0
249807,249807,249808,1,0
249806,249806,249807,1,0
249806,249806,249807,1,0
249807,249807,249808,1,0
249806,249806,249807,1,0
249806,249806,249808,2,0
249806,249806,249807,1,0
249807,249807,249808,1,0
249806,249806,249807,1,0
249806,249806,249807,1,0
249807,249807,249808,1,0
249807,249807,249808,1,0
249806,249806,249807,1,0
249806,249806,249807,1,0
249806,249806,249807,1,0
249807,249807,249808,1,0
249807,249807,249809,2,0
249807,249807,249808,1,0
249807,249807,249809,2,0
249807,249807,249809,2,0
249807,249807,249809,2,0
249807,249807,249809,2,0
249807,249807,249809,2,0
249807,249807,249809,2,0
249761,249761,249809,48,0
249807,249807,249808,1,0
249807,249807,249809,2,0
249807,249807,249808,1,0
249807,249807,249809,2,0
249807,249807,249809,2,0
249807,249807,249808,1,0
249807,249807,249809,2,0
249807,249807,249809,2,0
249807,249807,249809,2,0
249807,249807,249809,2,0
249807,249807,249808,1,0
249807,249807,249809,2,0
249807,249807,249809,2,0
249764,249764,249809,45,0
249807,249807,249809,2,0
249807,249807,249808,1,0
249754,249754,249811,57,0
249759,249759,249811,52,0
249765,249765,249819,54,0
249828,249828,249829,1,0
249828,249828,249829,1,0
249828,249828,249829,1,0
249828,249828,249829,1,0
249828,249828,249829,1,0
249828,249828,249829,1,0
249828,249828,249829,1,0
249828,249828,249829,1,0
249828,249828,249829,1,0
249828,249828,249829,1,0
249828,249828,249829,1,0
249828,249828,249829,1,0
249828,249828,249829,1,0
249828,249828,249829,1,0
249828,249828,249829,1,0
249828,249828,249829,1,0
249828,249828,249829,1,0
249828,249828,249829,1,0
249828,249828,249829,1,0
249828,249828,249829,1,0
249828,249828,249829,1,0
249828,249828,249829,1,0
249828,249828,249829,1,0
249828,249828,249829,1,0
249828,249828,249829,1,0
249828,249828,249829,1,0
249828,249828,249829,1,0
249828,249828,249829,1,0
249828,249828,249829,1,0
249828,249828,249829,1,0
249828,249828,249829,1,0
249828,249828,249829,1,0
249828,249828,249829,1,0
249828,249828,249829,1,0
249828,249828,249829,1,0
249828,249828,249829,1,0
249828,249828,249829,1,0
249828,249828,249829,1,0
249828,249828,249829,1,0
249828,249828,249829,1,0
249828,249828,249829,1,0
249828,249828,249829,1,0
249828,249828,249830,2,0
249828,249828,249830,2,0
249828,249828,249830,2,0
249828,249828,249830,2,0
249828,249828,249830,2,0
249828,249828,249830,2,0
249828,249828,249830,2,0
249828,249828,249830,2,0
249828,249828,249830,2,0
249828,249828,249830,2,0
249828,249828,249830,2,0
249828,249828,249830,2,0
249828,249828,249830,2,0
249828,249828,249830,2,0
249828,249828,249830,2,0
249828,249828,249830,2,0
249828,249828,249830,2,0
249828,249828,249830,2,0
249828,249828,249830,2,0
249828,249828,249830,2,0
249828,249828,249830,2,0
249828,249828,249830,2,0
249828,249828,249830,2,0
249828,249828,249830,2,0
249828,249828,249830,2,0
249828,249828,249830,2,0
249828,249828,249830,2,0
249828,249828,249830,2,0
249828,249830,249831,1,2
249828,249830,249831,1,2
249828,249830,249831,1,2
249828,249830,249831,1,2
249828,249830,249831,1,2
249828,249830,249831,1,2
249828,249830,249831,1,2
249828,249830,249831,1,2
249828,249830,249831,1,2
249828,249830,249831,1,2
249828,249830,249831,1,2
249828,249830,249831,1,2
249828,249830,249831,1,2
249828,249830,249831,1,2
249828,249830,249831,1,2
249828,249830,249831,1,2
249828,249830,249831,1,2
249828,249830,249831,1,2
249828,249830,249831,1,2
249828,249830,249831,1,2
249828,249830,249831,1,2
249828,249830,249831,1,2
249828,249830,249831,1,2
249828,249830,249831,1,2
249828,249830,249831,1,2
249786,249786,249842,56,0
249806,249806,249859,53,0
249828,249828,249859,31,0
249828,249828,249860,32,0
249828,249828,249860,32,0
249828,249828,249859,31,0
249828,249828,249860,32,0
249828,249828,249859,31,0
249809,249809,249863,54,0
249865,249865,249866,1,0
249865,249865,249866,1,0
249865,249865,249866,1,0
249865,249865,249866,1,0
249865,249865,249866,1,0
249865,249865,249866,1,0
249865,249865,249866,1,0
249865,249865,249866,1,0
249865,249865,249866,1,0
249865,249865,249866,1,0
249865,249865,249866,1,0
249865,249865,249866,1,0
249865,249865,249866,1,0
249865,249865,249866,1,0
249865,249865,249866,1,0
249865,249865,249866,1,0
249865,249865,249866,1,0
249865,249865,249866,1,0
249865,249865,249866,1,0
249865,249865,249866,1,0
249865,249865,249866,1,0
249865,249865,249866,1,0
249865,249865,249866,1,0
249865,249865,249866,1,0
249865,249865,249866,1,0
249865,249865,249866,1,0
249865,249865,249866,1,0
249865,249865,249867,2,0
249865,249865,249867,2,0
249865,249865,249866,1,0
249865,249866,249867,1,1
249865,249865,249866,1,0
249865,249865,249866,1,0
249865,249865,249866,1,0
249865,249865,249867,2,0
249865,249865,249866,1,0
249865,249865,249866,1,0
249865,249865,249866,1,0
249865,249865,249867,2,0
249865,249865,249867,2,0
249865,249865,249866,1,0
249865,249865,249867,2,0
249865,249866,249867,1,1
249865,249865,249866,1,0
249865,249865,249866,1,0
249865,249865,249866,1,0
249865,249865,249867,2,0
249865,249865,249866,1,0
249865,249865,249866,1,0
249865,249865,249866,1,0
249865,249865,249867,2,0
249865,249865,249867,2,0
249865,249865,249866,1,0
249865,249866,249867,1,1
249865,249865,249866,1,0
249865,249865,249866,1,0
249865,249865,249866,1,0
249865,249865,249867,2,0
249865,249865,249866,1,0
249865,249865,249866,1,0
249865,249865,249866,1,0
249865,249865,249867,2,0
249865,249865,249867,2,0
249865,249865,249866,1,0
249865,249865,249866,1,0
249865,249865,249867,2,0
249865,249865,249867,2,0
249865,249865,249866,1,0
249865,249865,249866,1,0
249865,249865,249866,1,0
249865,249865,249867,2,0
249865,249865,249867,2,0
249865,249866,249867,1,1
249865,249865,249866,1,0
249865,249865,249866,1,0
249865,249865,249867,2,0
249865,249865,249867,2,0
249865,249866,249867,1,1
249865,249866,249868,2,1
249865,249866,249868,2,1
249865,249866,249867,1,1
249865,249866,249867,1,1
249865,249866,249868,2,1
249865,249866,249868,2,1
249865,249866,249868,2,1
249865,249866,249868,2,1
249865,249866,249868,2,1
249865,249866,249868,2,1
249865,249866,249867,1,1
249865,249866,249868,2,1
249865,249866,249868,2,1
249865,249866,249868,2,1
249865,249866,249868,2,1
249865,249866,249868,2,1
249865,249866,249868,2,1
249865,249866,249869,3,1
249808,249808,249906,98,0
249916,249916,249917,1,0
249916,249916,249917,1,0
249916,249916,249917,1,0
249916,249916,249917,1,0
249916,249916,249917,1,0
249916,249916,249917,1,0
249916,249916,249917,1,0
249916,249916,249917,1,0
249916,249916,249917,1,0
249916,249916,249917,1,0
249916,249916,249917,1,0
249916,249916,249917,1,0
249916,249916,249917,1,0
249865,249866,249916,50,1
249916,249916,249917,1,0
249916,249916,249917,1,0
249916,249916,249917,1,0
249916,249916,249917,1,0
249916,249916,249917,1,0
249916,249916,249917,1,0
249916,249916,249917,1,0
249916,249916,249917,1,0
249916,249916,249917,1,0
249916,249916,249917,1,0
249916,249916,249918,2,0
249916,249916,249917,1,0
249916,249916,249917,1,0
249916,249916,249917,1,0
249916,249916,249918,2,0
249916,249916,249918,2,0
249916,249916,249917,1,0
249916,249916,249918,2,0
249916,249916,249918,2,0
249916,249916,249917,1,0
249916,249916,249918,2,0
249916,249916,249917,1,0
249916,249916,249917,1,0
249916,249916,249917,1,0
249916,249916,249918,2,0
249916,249916,249917,1,0
249916,249916,249917,1,0
249916,249916,249917,1,0
249916,249916,249918,2,0
249916,249916,249918,2,0
249916,249916,249917,1,0
249916,249916,249917,1,0
249916,249916,249917,1,0
249916,249916,249918,2,0
249916,249916,249918,2,0
249916,249916,249917,1,0
249916,249916,249918,2,0
249916,249916,249917,1,0
249916,249916,249917,1,0
249916,249916,249917,1,0
249916,249916,249918,2,0
249916,249916,249917,1,0
249916,249916,249919,3,0
249916,249916,249919,3,0
249916,249916,249918,2,0
249916,249916,249919,3,0
249916,249916,249919,3,0
249916,249916,249919,3,0
249951,249951,249952,1,0
249951,249951,249952,1,0
249951,249951,249952,1,0
249951,249951,249952,1,0
249951,249951,249952,1,0
249951,249951,249952,1,0
249951,249951,249952,1,0
249951,249951,249952,1,0
249951,249951,249952,1,0
249951,249951,249952,1,0
249951,249951,249952,1,0
249951,249951,249953,2,0
249951,249951,249953,2,0
249951,249951,249953,2,0
249951,249951,249953,2,0
249951,249951,249953,2,0
249951,249951,249953,2,0
249951,249951,249953,2,0
249951,249951,249953,2,0
249951,249951,249953,2,0
249951,249951,249953,2,0
249951,249951,249953,2,0
249951,249951,249953,2,0
249951,249951,249952,1,0
249951,249951,249953,2,0
249951,249951,249953,2,0
249951,249951,249953,2,0
249951,249951,249953,2,0
249951,249951,249953,2,0
249951,249951,249953,2,0
249951,249951,249953,2,0
249951,249951,249953,2,0
249951,249951,249953,2,0
249951,249951,249954,3,0
249916,249916,249968,52,0
249988,249988,249989,1,0
249988,249988,249989,1,0
249988,249988,249989,1,0
249988,249988,249989,1,0
249988,249988,249989,1,0
249988,249988,249989,1,0
249988,249988,249989,1,0
249988,249988,249989,1,0
249988,249988,249989,1,0
249988,249988,249989,1,0
249988,249988,249989,1,0
249988,249988,249989,1,0
249988,249988,249989,1,0
249988,249988,249990,2,0
249988,249988,249989,1,0
249988,249988,249990,2,0
249988,249988,249990,2,0
249988,249988,249990,2,0
249988,249988,249989,1,0
249988,249988,249989,1,0
249988,249988,249990,2,0
249988,249988,249989,1,0
249988,249988,249990,2,0
249988,249988,249989,1,0
249988,249988,249990,2,0
249988,249988,249989,1,0
249988,249988,249989,1,0
249988,249988,249990,2,0
249988,249988,249989,1,0
249988,249988,249990,2,0
249988,249988,249990,2,0
249988,249988,249989,1,0
249988,249988,249990,2,0
249988,249988,249990,2,0
250005,250006,250007,1,1
250005,250006,250007,1,1
250005,250006,250007,1,1
250005,250006,250007,1,1
250005,250006,250007,1,1
250005,250006,250007,1,1
250005,250006,250007,1,1
250005,250006,250007,1,1
250005,250006,250007,1,1
250005,250006,250007,1,1
250005,250006,250007,1,1
250005,250006,250007,1,1
250005,250006,250007,1,1
250005,250006,250007,1,1
250005,250006,250007,1,1
250005,250006,250007,1,1
250005,250006,250007,1,1
250005,250006,250007,1,1
250005,250006,250007,1,1
250005,250006,250007,1,1
250005,250006,250007,1,1
250005,250006,250007,1,1
249952,249952,250010,58,0
250025,250025,250026,1,0
250025,250025,250026,1,0
250025,250025,250026,1,0
250025,250025,250026,1,0
250025,250025,250026,1,0
250025,250025,250026,1,0
250025,250025,250026,1,0
250025,250025,250026,1,0
250025,250025,250026,1,0
250025,250025,250027,2,0
250025,250025,250026,1,0
250025,250025,250027,2,0
250025,250025,250026,1,0
250025,250025,250026,1,0
250025,250025,250026,1,0
250025,250025,250026,1,0
250025,250025,250026,1,0
250025,250025,250026,1,0
250025,250025,250026,1,0
250025,250025,250026,1,0
250025,250025,250026,1,0
250025,250025,250026,1,0
250025,250025,250026,1,0
250025,250025,250026,1,0
250006,250006,250054,48,0
250061,250061,250062,1,0
250061,250061,250062,1,0
250061,250061,250062,1,0
250061,250061,250062,1,0
250061,250061,250062,1,0
250061,250061,250062,1,0
250061,250061,250062,1,0
250061,250061,250062,1,0
250061,250061,250062,1,0
250061,250061,250062,1,0
250061,250061,250062,1,0
250061,250061,250062,1,0
250061,250061,250062,1,0
250061,250061,250062,1,0
250061,250061,250063,2,0
250061,250061,250062,1,0
250061,250061,250063,2,0
250061,250061,250062,1,0
250061,250061,250063,2,0
250061,250061,250063,2,0
250061,250061,250063,2,0
250061,250061,250063,2,0
250061,250061,250063,2,0
250061,250061,250063,2,0
250061,250061,250062,1,0
250061,250061,250063,2,0
250061,250061,250062,1,0
250061,250061,250063,2,0
250061,250061,250063,2,0
250061,250061,250063,2,0
250061,250061,250063,2,0
250061,250061,250063,2,0
250061,250061,250063,2,0
250061,250061,250063,2,0
250025,250025,250073,48,0
250082,250082,250083,1,0
250082,250082,250083,1,0
250082,250082,250083,1,0
250082,250082,250083,1,0
250082,250082,250083,1,0
250082,250082,250083,1,0
250082,250082,250083,1,0
250082,250082,250083,1,0
250082,250082,250083,1,0
250082,250082,250083,1,0
250082,250082,250083,1,0
250082,250082,250083,1,0
250082,250082,250083,1,0
250082,250082,250083,1,0
250082,250082,250083,1,0
250082,250082,250083,1,0
250082,250082,250083,1,0
250082,250082,250083,1,0
250082,250082,250084,2,0
250082,250082,250083,1,0
250082,250082,250083,1,0
250082,250082,250083,1,0
250082,250082,250083,1,0
250082,250082,250083,1,0
250082,250082,250083,1,0
250082,250082,250083,1,0
250082,250082,250083,1,0
250082,250082,250083,1,0
250082,250082,250083,1,0
250061,250062,250114,52,1
250115,250115,250116,1,0
250115,250115,250116,1,0
250115,250115,250116,1,0
250115,250115,250116,1,0
250115,250115,250116,1,0
250115,250115,250116,1,0
250115,250115,250116,1,0
250115,250115,250116,1,0
250115,250115,250116,1,0
250115,250115,250116,1,0
250115,250115,250116,1,0
250115,250115,250116,1,0
250115,250115,250117,2,0
250115,250115,250117,2,0
250115,250115,250117,2,0
250115,250115,250117,2,0
250115,250115,250117,2,0
250115,250115,250117,2,0
250115,250115,250117,2,0
250115,250115,250117,2,0
250115,250115,250117,2,0
250115,250115,250117,2,0
250115,250115,250116,1,0
250115,250115,250117,2,0
250115,250115,250116,1,0
250115,250115,250117,2,0
250115,250115,250117,2,0
250115,250115,250117,2,0
250115,250115,250117,2,0
250115,250115,250117,2,0
250115,250115,250117,2,0
250115,250115,250117,2,0
250115,250115,250117,2,0
250115,250115,250117,2,0
250063,250063,250119,56,0
250083,250083,250132,49,0
250136,250136,250137,1,0
250136,250136,250137,1,0
250136,250136,250137,1,0
250136,250136,250137,1,0
250136,250136,250137,1,0
250136,250136,250137,1,0
250136,250136,250137,1,0
250136,250136,250137,1,0
250136,250136,250137,1,0
250136,250136,250137,1,0
250136,250136,250137,1,0
250136,250136,250137,1,0
250136,250136,250137,1,0
250136,250136,250138,2,0
250136,250136,250137,1,0
250136,250136,250137,1,0
250136,250136,250137,1,0
250136,250136,250137,1,0
250136,250136,250137,1,0
250136,250136,250138,2,0
250136,250136,250138,2,0
250136,250136,250137,1,0
250136,250136,250137,1,0
250136,250136,250137,1,0
250136,250136,250138,2,0
250136,250136,250138,2,0
250136,250136,250138,2,0
250136,250136,250138,2,0
250137,250138,250139,1,1
250136,250136,250138,2,0
250136,250136,250138,2,0
250136,250136,250138,2,0
250137,250138,250139,1,1
250136,250136,250138,2,0
250137,250138,250139,1,1
250137,250138,250139,1,1
250137,250138,250139,1,1
250137,250138,250139,1,1
250137,250138,250139,1,1
250137,250138,250139,1,1
250137,250138,250139,1,1
250137,250138,250139,1,1
250137,250138,250139,1,1
250137,250138,250139,1,1
250137,250138,250139,1,1
250137,250138,250139,1,1
250137,250138,250139,1,1
250137,250138,250139,1,1
250137,250138,250139,1,1
250137,250138,250139,1,1
250137,250138,250139,1,1
250137,250138,250139,1,1
250136,250136,250138,2,0
250136,250136,250137,1,0
250137,250143,250144,1,6
250103,250103,250151,48,0
250104,250104,250156,52,0
250160,250160,250161,1,0
250160,250160,250161,1,0
250160,250160,250161,1,0
250160,250160,250161,1,0
250160,250160,250161,1,0
250160,250160,250161,1,0
250160,250160,250161,1,0
250160,250160,250161,1,0
250160,250160,250161,1,0
250160,250160,250161,1,0
250160,250160,250161,1,0
250160,250160,250161,1,0
250160,250160,250161,1,0
250160,250161,250162,1,1
250160,250161,250162,1,1
250160,250160,250162,2,0
250160,250160,250161,1,0
250160,250160,250162,2,0
250160,250160,250161,1,0
250160,250160,250162,2,0
250160,250160,250162,2,0
250160,250160,250162,2,0
250160,250160,250162,2,0
250160,250160,250162,2,0
250160,250160,250161,1,0
250160,250160,250162,2,0
250160,250160,250161,1,0
250109,250110,250161,51,1
250160,250160,250162,2,0
250160,250160,250162,2,0
250160,250160,250162,2,0
250160,250160,250161,1,0
250160,250160,250162,2,0
250160,250160,250162,2,0
250112,250112,250165,53,0
250105,250105,250166,61,0
250114,250114,250165,51,0
250116,250116,250165,49,0
250107,250107,250169,62,0
250178,250179,250180,1,1
250179,250179,250180,1,0
250178,250179,250180,1,1
250179,250179,250180,1,0
250178,250179,250180,1,1
250178,250179,250180,1,1
250179,250179,250180,1,0
250179,250179,250180,1,0
250179,250179,250180,1,0
250179,250179,250180,1,0
250178,250179,250180,1,1
250179,250179,250180,1,0
250179,250179,250180,1,0
250178,250179,250180,1,1
250179,250179,250180,1,0
250179,250179,250180,1,0
250179,250179,250180,1,0
250179,250179,250180,1,0
250179,250179,250180,1,0
250179,250179,250180,1,0
250179,250179,250180,1,0
250178,250179,250180,1,1
250178,250179,250180,1,1
250179,250179,250180,1,0
250179,250179,250180,1,0
250179,250179,250180,1,0
250179,250179,250180,1,0
250179,250179,250180,1,0
250178,250179,250180,1,1
250179,250179,250180,1,0
250179,250179,250180,1,0
250179,250179,250180,1,0
250179,250179,250180,1,0
250178,250179,250180,1,1
250179,250179,250181,2,0
250179,250180,250181,1,1
250178,250179,250180,1,1
250179,250179,250180,1,0
250179,250179,250180,1,0
250178,250179,250180,1,1
250178,250179,250180,1,1
250179,250179,250180,1,0
250179,250180,250181,1,1
250178,250179,250180,1,1
250179,250179,250181,2,0
250178,250179,250180,1,1
250178,250179,250180,1,1
250179,250179,250180,1,0
250179,250180,250181,1,1
250178,250179,250180,1,1
250178,250179,250180,1,1
250179,250179,250180,1,0
250179,250180,250181,1,1
250178,250179,250180,1,1
250179,250179,250181,2,0
250179,250179,250180,1,0
250179,250180,250181,1,1
250178,250179,250180,1,1
250179,250179,250180,1,0
250179,250179,250180,1,0
250179,250180,250181,1,1
250178,250179,250180,1,1
250179,250179,250180,1,0
250179,250180,250181,1,1
250179,250180,250181,1,1
250178,250179,250180,1,1
250179,250179,250180,1,0
250179,250179,250180,1,0
250179,250180,250181,1,1
250179,250180,250181,1,1
250179,250180,250182,2,1
250179,250180,250182,2,1
250179,250180,250182,2,1
250179,250180,250182,2,1
250179,250180,250182,2,1
250179,250180,250182,2,1
250179,250180,250181,1,1
250179,250180,250182,2,1
250179,250180,250182,2,1
250179,250180,250182,2,1
250179,250180,250182,2,1
250179,250180,250182,2,1
250179,250180,250181,1,1
250179,250180,250182,2,1
250179,250180,250182,2,1
250179,250180,250182,2,1
250179,250180,250181,1,1
250179,250180,250182,2,1
250179,250180,250182,2,1
250179,250180,250182,2,1
250179,250180,250182,2,1
250179,250180,250182,2,1
250179,250180,250182,2,1
250179,250180,250182,2,1
250179,250180,250182,2,1
250179,250180,250182,2,1
250137,250137,250182,45,0
250179,250180,250182,2,1
250179,250180,250182,2,1
250179,250180,250181,1,1
250179,250181,250182,1,2
250179,250181,250182,1,2
250179,250180,250182,2,1
250179,250180,250182,2,1
250179,250180,250182,2,1
250179,250180,250182,2,1
250179,250180,250183,3,1
250179,250180,250183,3,1
250179,250180,250183,3,1
250179,250180,250183,3,1
250179,250180,250183,3,1
250179,250181,250183,2,2
250179,250181,250183,2,2
250179,250181,250183,2,2
250179,250181,250183,2,2
250179,250181,250183,2,2
250179,250181,250183,2,2
250179,250181,250183,2,2
250179,250181,250183,2,2
250179,250182,250183,1,3
250141,250141,250191,50,0
250140,250140,250199,59,0
250161,250161,250211,50,0
250231,250231,250232,1,0
250231,250231,250232,1,0
250231,250231,250232,1,0
250231,250231,250232,1,0
250231,250231,250232,1,0
250231,250231,250232,1,0
250231,250231,250232,1,0
250231,250231,250232,1,0
250231,250231,250232,1,0
250231,250231,250232,1,0
250231,250231,250232,1,0
250231,250231,250232,1,0
250231,250231,250232,1,0
250231,250231,250232,1,0
250231,250231,250232,1,0
250231,250231,250232,1,0
250231,250231,250232,1,0
250231,250231,250232,1,0
250231,250231,250232,1,0
250231,250231,250232,1,0
250231,250231,250232,1,0
250231,250231,250232,1,0
250231,250231,250232,1,0
250231,250231,250232,1,0
250231,250231,250232,1,0
250231,250231,250232,1,0
250231,250231,250232,1,0
250231,250231,250232,1,0
250231,250231,250232,1,0
250231,250231,250232,1,0
250231,250231,250232,1,0
250231,250231,250232,1,0
250231,250231,250232,1,0
250231,250231,250233,2,0
250231,250231,250232,1,0
250231,250232,250233,1,1
250231,250232,250233,1,1
250231,250231,250232,1,0
250231,250231,250233,2,0
250231,250231,250232,1,0
250231,250231,250232,1,0
250231,250231,250232,1,0
250231,250232,250233,1,1
250231,250231,250232,1,0
250231,250231,250232,1,0
250231,250231,250233,2,0
250231,250231,250232,1,0
250231,250232,250233,1,1
250231,250231,250232,1,0
250231,250231,250232,1,0
250231,250231,250232,1,0
250231,250231,250232,1,0
250231,250231,250232,1,0
250231,250232,250233,1,1
250231,250231,250232,1,0
250231,250231,250233,2,0
250231,250231,250232,1,0
250231,250232,250233,1,1
250231,250231,250232,1,0
250231,250231,250233,2,0
250231,250231,250232,1,0
250231,250232,250233,1,1
250231,250231,250232,1,0
250231,250231,250232,1,0
250231,250231,250232,1,0
250231,250231,250232,1,0
250231,250231,250233,2,0
250231,250231,250232,1,0
250231,250232,250233,1,1
250231,250231,250232,1,0
250231,250231,250232,1,0
250231,250231,250232,1,0
250231,250231,250233,2,0
250231,250232,250233,1,1
250231,250231,250232,1,0
250231,250231,250232,1,0
250231,250231,250232,1,0
250231,250231,250232,1,0
250231,250232,250233,1,1
250231,250232,250233,1,1
250231,250232,250233,1,1
250231,250232,250234,2,1
250231,250232,250234,2,1
250231,250232,250234,2,1
250231,250232,250233,1,1
250231,250232,250234,2,1
250231,250232,250234,2,1
250231,250232,250234,2,1
250231,250232,250234,2,1
250231,250232,250234,2,1
250231,250232,250234,2,1
250231,250232,250234,2,1
250231,250232,250234,2,1
250231,250232,250234,2,1
250231,250232,250234,2,1
250231,250232,250234,2,1
250231,250232,250234,2,1
250231,250232,250234,2,1
250231,250232,250234,2,1
250231,250232,250234,2,1
250231,250232,250234,2,1
250231,250232,250234,2,1
250231,250232,250234,2,1
250231,250232,250234,2,1
250231,250232,250234,2,1
250231,250232,250234,2,1
250231,250232,250234,2,1
250231,250232,250234,2,1
250231,250232,250234,2,1
250231,250232,250234,2,1
250231,250234,250235,1,3
250231,250234,250235,1,3
250231,250233,250235,2,2
250231,250234,250235,1,3
250231,250234,250235,1,3
250231,250234,250235,1,3
250231,250234,250235,1,3
250231,250234,250235,1,3
250231,250234,250235,1,3
250231,250234,250235,1,3
250231,250234,250235,1,3
250231,250234,250235,1,3
250231,250234,250235,1,3
250231,250234,250235,1,3
250231,250234,250235,1,3
250281,250281,250282,1,0
250281,250281,250282,1,0
250281,250281,250282,1,0
250281,250281,250282,1,0
250281,250281,250282,1,0
250281,250281,250282,1,0
250281,250281,250282,1,0
250281,250281,250282,1,0
250281,250281,250282,1,0
250281,250281,250282,1,0
250281,250281,250282,1,0
250281,250281,250282,1,0
250281,250281,250282,1,0
250281,250281,250282,1,0
250281,250281,250282,1,0
250281,250281,250282,1,0
250281,250281,250282,1,0
250281,250281,250282,1,0
250281,250281,250282,1,0
250281,250281,250282,1,0
250281,250281,250282,1,0
250281,250281,250282,1,0
250281,250281,250282,1,0
250281,250281,250282,1,0
250281,250281,250282,1,0
250281,250281,250282,1,0
250281,250281,250282,1,0
250281,250281,250282,1,0
250281,250281,250282,1,0
250281,250281,250282,1,0
250281,250281,250282,1,0
250281,250281,250282,1,0
250281,250281,250282,1,0
250281,250281,250282,1,0
250281,250281,250283,2,0
250281,250281,250283,2,0
250281,250281,250282,1,0
250281,250281,250283,2,0
250281,250281,250283,2,0
250281,250281,250283,2,0
250281,250281,250283,2,0
250281,250281,250283,2,0
250281,250281,250282,1,0
250281,250281,250282,1,0
250281,250281,250283,2,0
250281,250281,250283,2,0
250281,250281,250282,1,0
250281,250281,250282,1,0
250281,250281,250283,2,0
250281,250281,250283,2,0
250281,250281,250283,2,0
250281,250281,250282,1,0
250281,250281,250283,2,0
250281,250281,250283,2,0
250281,250281,250283,2,0
250281,250281,250283,2,0
250281,250281,250283,2,0
250281,250281,250283,2,0
250281,250281,250283,2,0
250281,250281,250283,2,0
250281,250281,250283,2,0
250281,250281,250283,2,0
250281,250281,250283,2,0
250281,250281,250283,2,0
250281,250281,250283,2,0
250281,250281,250286,5,0
250281,250281,250286,5,0
250281,250281,250286,5,0
250231,250234,250292,58,3
250330,250330,250331,1,0
250330,250330,250331,1,0
250330,250330,250331,1,0
250330,250330,250331,1,0
250330,250330,250331,1,0
250330,250330,250331,1,0
250330,250330,250331,1,0
250330,250330,250331,1,0
250330,250330,250331,1,0
250330,250330,250331,1,0
250330,250330,250331,1,0
250330,250330,250331,1,0
250330,250330,250331,1,0
250330,250330,250331,1,0
250330,250330,250332,2,0
250330,250330,250331,1,0
250330,250330,250331,1,0
250330,250330,250331,1,0
250330,250330,250331,1,0
250330,250330,250331,1,0
250330,250330,250331,1,0
250330,250330,250331,1,0
250330,250330,250332,2,0
250330,250330,250331,1,0
250330,250330,250331,1,0
250330,250330,250331,1,0
250330,250330,250331,1,0
250330,250330,250331,1,0
250330,250330,250331,1,0
250330,250330,250331,1,0
250330,250330,250331,1,0
250330,250330,250331,1,0
250330,250330,250335,5,0
250330,250330,250334,4,0
250281,250281,250338,57,0
250364,250364,250365,1,0
250364,250364,250365,1,0
250364,250364,250365,1,0
250364,250364,250365,1,0
250364,250364,250365,1,0
250364,250364,250365,1,0
250364,250364,250365,1,0
250364,250364,250365,1,0
250364,250364,250365,1,0
250364,250364,250365,1,0
250364,250364,250365,1,0
250364,250364,250365,1,0
250364,250364,250365,1,0
250364,250364,250366,2,0
250364,250364,250365,1,0
250364,250364,250366,2,0
250364,250364,250366,2,0
250364,250364,250365,1,0
250364,250364,250365,1,0
250364,250364,250365,1,0
250364,250364,250365,1,0
250364,250364,250365,1,0
250364,250364,250365,1,0
250364,250364,250365,1,0
250364,250364,250365,1,0
250364,250364,250365,1,0
250364,250364,250365,1,0
250364,250364,250365,1,0
250364,250364,250365,1,0
250364,250364,250365,1,0
250364,250364,250365,1,0
250364,250364,250365,1,0
250364,250364,250365,1,0
250381,250381,250382,1,0
250381,250381,250382,1,0
250381,250381,250382,1,0
250381,250381,250382,1,0
250381,250381,250382,1,0
250381,250381,250382,1,0
250381,250381,250382,1,0
250381,250381,250382,1,0
250381,250381,250382,1,0
250381,250381,250382,1,0
250381,250381,250383,2,0
250381,250381,250383,2,0
250381,250381,250383,2,0
250381,250381,250383,2,0
250381,250381,250383,2,0
250381,250381,250383,2,0
250381,250381,250383,2,0
250381,250381,250383,2,0
250381,250381,250383,2,0
250381,250381,250383,2,0
250381,250381,250383,2,0
250381,250381,250383,2,0
250381,250381,250383,2,0
250381,250381,250383,2,0
250381,250381,250383,2,0
250381,250381,250382,1,0
250381,250381,250383,2,0
250381,250381,250383,2,0
250381,250381,250382,1,0
250381,250381,250383,2,0
250381,250381,250383,2,0
250381,250381,250383,2,0
250381,250381,250383,2,0
250381,250381,250383,2,0
250364,250364,250410,46,0
250418,250418,250419,1,0
250418,250418,250419,1,0
250418,250418,250419,1,0
250418,250418,250419,1,0
250418,250418,250419,1,0
250418,250418,250419,1,0
250418,250418,250419,1,0
250418,250418,250419,1,0
250418,250418,250419,1,0
250418,250418,250419,1,0
250418,250418,250419,1,0
250418,250418,250419,1,0
250418,250418,250419,1,0
250418,250418,250420,2,0
250418,250418,250419,1,0
250418,250418,250419,1,0
250418,250418,250420,2,0
250418,250418,250419,1,0
250418,250418,250419,1,0
250418,250418,250419,1,0
250418,250418,250420,2,0
250418,250418,250419,1,0
250418,250418,250420,2,0
250418,250418,250419,1,0
250418,250418,250419,1,0
250418,250418,250420,2,0
250418,250418,250419,1,0
250418,250418,250419,1,0
250418,250418,250420,2,0
250418,250418,250419,1,0
250418,250418,250419,1,0
250418,250418,250419,1,0
250418,250418,250419,1,0
250418,250418,250419,1,0
250399,250400,250458,58,1
250461,250461,250462,1,0
250461,250461,250462,1,0
250461,250461,250462,1,0
250461,250461,250462,1,0
250461,250461,250462,1,0
250461,250461,250462,1,0
250461,250461,250462,1,0
250461,250461,250462,1,0
250461,250461,250462,1,0
250461,250461,250462,1,0
250461,250461,250462,1,0
250461,250461,250462,1,0
250461,250461,250462,1,0
250461,250461,250462,1,0
250461,250461,250462,1,0
250461,250461,250462,1,0
250461,250461,250462,1,0
250461,250461,250462,1,0
250461,250461,250462,1,0
250461,250461,250462,1,0
250461,250461,250462,1,0
250461,250461,250462,1,0
250461,250461,250462,1,0
250461,250461,250462,1,0
250461,250461,250462,1,0
250461,250461,250462,1,0
250461,250461,250462,1,0
250461,250461,250462,1,0
250461,250461,250465,4,0
250461,250461,250465,4,0
250419,250419,250468,49,0
250483,250483,250484,1,0
250483,250483,250484,1,0
250483,250483,250484,1,0
250483,250483,250484,1,0
250483,250483,250484,1,0
250483,250483,250484,1,0
250483,250483,250484,1,0
250483,250483,250484,1,0
250483,250483,250484,1,0
250483,250483,250485,2,0
250483,250483,250485,2,0
250483,250483,250485,2,0
250483,250483,250485,2,0
250483,250483,250485,2,0
250483,250483,250485,2,0
250483,250483,250485,2,0
250483,250483,250485,2,0
250483,250483,250485,2,0
250483,250483,250485,2,0
250483,250483,250485,2,0
250483,250483,250485,2,0
250483,250483,250485,2,0
250483,250483,250485,2,0
250483,250483,250485,2,0
250483,250483,250485,2,0
250483,250483,250485,2,0
250483,250483,250485,2,0
250483,250483,250485,2,0
250439,250439,250488,49,0
250483,250483,250488,5,0
250483,250483,250489,6,0
250483,250483,250490,7,0
250489,250489,250490,1,0
250489,250489,250490,1,0
250489,250489,250490,1,0
250489,250489,250490,1,0
250489,250489,250490,1,0
250489,250489,250490,1,0
250489,250489,250490,1,0
250489,250489,250490,1,0
250489,250489,250490,1,0
250483,250484,250488,4,1
250489,250489,250491,2,0
250489,250489,250491,2,0
250489,250489,250491,2,0
250489,250489,250491,2,0
250489,250489,250490,1,0
250489,250489,250490,1,0
250489,250489,250491,2,0
250489,250489,250491,2,0
250489,250489,250491,2,0
250489,250489,250491,2,0
250489,250489,250490,1,0
250489,250489,250491,2,0
250489,250489,250491,2,0
250489,250489,250491,2,0
250489,250489,250491,2,0
250489,250489,250490,1,0
250489,250489,250491,2,0
250489,250489,250491,2,0
250489,250489,250491,2,0
250489,250489,250491,2,0
250489,250489,250491,2,0
250441,250441,250492,51,0
250489,250491,250492,1,2
250443,250443,250491,48,0
250483,250484,250491,7,1
250483,250484,250491,7,1
250489,250491,250492,1,2
250447,250447,250502,55,0
250445,250445,250506,61,0
250449,250449,250506,57,0
250453,250458,250509,51,5
250451,250451,250509,58,0
250510,250510,250511,1,0
250510,250510,250511,1,0
250510,250510,250511,1,0
250510,250510,250511,1,0
250510,250510,250511,1,0
250510,250510,250511,1,0
250510,250510,250511,1,0
250510,250510,250511,1,0
250510,250510,250511,1,0
250510,250510,250511,1,0
250510,250510,250511,1,0
250510,250510,250511,1,0
250510,250510,250511,1,0
250510,250510,250511,1,0
250510,250510,250511,1,0
250510,250510,250511,1,0
250510,250510,250511,1,0
250510,250510,250511,1,0
250510,250510,250511,1,0
250510,250510,250511,1,0
250510,250510,250511,1,0
250510,250510,250511,1,0
250510,250510,250511,1,0
250510,250510,250511,1,0
250510,250510,250511,1,0
250510,250510,250511,1,0
250510,250510,250511,1,0
250510,250510,250511,1,0
250510,250510,250511,1,0
250510,250510,250511,1,0
250510,250510,250511,1,0
250510,250510,250511,1,0
250510,250510,250511,1,0
250510,250510,250511,1,0
250510,250510,250511,1,0
250510,250510,250511,1,0
250510,250510,250512,2,0
250510,250510,250511,1,0
250510,250510,250512,2,0
250510,250510,250512,2,0
250510,250510,250512,2,0
250510,250511,250512,1,1
250510,250510,250512,2,0
250510,250510,250512,2,0
250510,250510,250512,2,0
250510,250511,250512,1,1
250510,250511,250512,1,1
250510,250511,250512,1,1
250510,250510,250512,2,0
250510,250510,250511,1,0
250510,250510,250512,2,0
250510,250510,250512,2,0
250510,250511,250512,1,1
250510,250511,250512,1,1
250510,250510,250512,2,0
250510,250510,250512,2,0
250510,250510,250512,2,0
250510,250510,250512,2,0
250510,250510,250512,2,0
250510,250510,250512,2,0
250510,250510,250512,2,0
250510,250510,250512,2,0
250510,250510,250512,2,0
250510,250510,250512,2,0
250510,250510,250512,2,0
250510,250510,250512,2,0
250510,250510,250512,2,0
250510,250510,250512,2,0
250510,250510,250512,2,0
250510,250510,250512,2,0
250510,250510,250512,2,0
250510,250510,250512,2,0
250510,250510,250512,2,0
250510,250510,250512,2,0
250510,250510,250512,2,0
250510,250510,250512,2,0
250510,250510,250512,2,0
250510,250510,250512,2,0
250510,250510,250512,2,0
250510,250512,250513,1,2
250510,250512,250513,1,2
250510,250512,250513,1,2
250510,250511,250513,2,1
250510,250511,250513,2,1
250510,250512,250513,1,2
250510,250512,250513,1,2
250510,250512,250513,1,2
250510,250512,250513,1,2
250510,250512,250513,1,2
250510,250512,250513,1,2
250510,250512,250513,1,2
250510,250512,250513,1,2
250510,250512,250513,1,2
250510,250512,250513,1,2
250510,250512,250513,1,2
250510,250512,250513,1,2
250510,250512,250513,1,2
250510,250512,250513,1,2
250510,250512,250513,1,2
250510,250512,250513,1,2
250510,250512,250513,1,2
250510,250512,250513,1,2
250510,250511,250514,3,1
250510,250512,250513,1,2
250510,250512,250513,1,2
250510,250512,250513,1,2
250510,250512,250513,1,2
250510,250512,250513,1,2
250510,250512,250513,1,2
250510,250513,250514,1,3
250510,250513,250514,1,3
250510,250512,250514,2,2
250510,250512,250514,2,2
250510,250513,250514,1,3
250510,250513,250515,2,3
250510,250513,250514,1,3
250510,250513,250514,1,3
250510,250513,250514,1,3
250510,250513,250514,1,3
250510,250513,250514,1,3
250510,250513,250514,1,3
250510,250513,250514,1,3
250510,250513,250514,1,3
250510,250513,250514,1,3
250510,250513,250514,1,3
250510,250513,250514,1,3
250510,250513,250514,1,3
250510,250513,250514,1,3
250510,250513,250514,1,3
250510,250513,250514,1,3
250510,250513,250514,1,3
250459,250459,250518,59,0
250461,250461,250520,59,0
250464,250464,250537,73,0
250487,250487,250543,56,0
250456,250456,250547,91,0
250484,250484,250556,72,0
250490,250490,250557,67,0
250562,250562,250563,1,0
250562,250562,250563,1,0
250562,250562,250563,1,0
250562,250562,250563,1,0
250562,250562,250563,1,0
250562,250562,250563,1,0
250562,250562,250563,1,0
250562,250562,250564,2,0
250562,250562,250563,1,0
250562,250563,250564,1,1
250562,250562,250563,1,0
250562,250562,250563,1,0
250562,250562,250563,1,0
250562,250563,250564,1,1
250562,250562,250563,1,0
250562,250562,250563,1,0
250562,250562,250563,1,0
250562,250563,250564,1,1
250562,250562,250563,1,0
250562,250562,250563,1,0
250562,250563,250564,1,1
250562,250562,250563,1,0
250562,250562,250564,2,0
250562,250562,250563,1,0
250562,250563,250564,1,1
250562,250562,250564,2,0
250562,250562,250563,1,0
250562,250563,250564,1,1
250562,250562,250563,1,0
250562,250563,250564,1,1
250562,250562,250564,2,0
250562,250562,250563,1,0
250562,250562,250563,1,0
250562,250563,250564,1,1
250562,250563,250564,1,1
250562,250562,250564,2,0
250562,250562,250564,2,0
250562,250562,250564,2,0
250562,250562,250564,2,0
250562,250562,250564,2,0
250562,250562,250564,2,0
250562,250563,250564,1,1
250562,250562,250564,2,0
250562,250562,250564,2,0
250562,250562,250565,3,0
250562,250562,250564,2,0
250562,250564,250565,1,2
250562,250562,250564,2,0
250562,250562,250564,2,0
250562,250562,250564,2,0
250562,250562,250564,2,0
250562,250563,250564,1,1
250562,250562,250564,2,0
250562,250562,250564,2,0
250562,250562,250564,2,0
250562,250562,250564,2,0
250562,250562,250564,2,0
250562,250563,250564,1,1
250563,250564,250565,1,1
250562,250562,250564,2,0
250562,250562,250564,2,0
250562,250562,250564,2,0
250562,250562,250564,2,0
250562,250562,250564,2,0
250562,250562,250564,2,0
250562,250562,250564,2,0
250562,250562,250564,2,0
250562,250563,250564,1,1
250562,250564,250565,1,2
250562,250562,250564,2,0
250562,250562,250564,2,0
250562,250562,250565,3,0
250562,250562,250564,2,0
250562,250562,250564,2,0
250562,250562,250564,2,0
250562,250562,250564,2,0
250562,250563,250564,1,1
250562,250562,250564,2,0
250562,250562,250564,2,0
250562,250562,250564,2,0
250563,250564,250565,1,1
250562,250562,250565,3,0
250562,250563,250565,2,1
250562,250564,250565,1,2
250562,250564,250565,1,2
250563,250565,250566,1,2
250562,250562,250565,3,0
250562,250564,250565,1,2
250562,250564,250565,1,2
250562,250564,250565,1,2
250562,250564,250565,1,2
250562,250564,250565,1,2
250562,250564,250565,1,2
250563,250565,250566,1,2
250563,250565,250566,1,2
250562,250564,250565,1,2
250562,250564,250565,1,2
250562,250564,250565,1,2
250563,250565,250566,1,2
250562,250564,250565,1,2
250563,250564,250565,1,1
250563,250565,250566,1,2
250562,250564,250565,1,2
250562,250564,250565,1,2
250563,250565,250566,1,2
250563,250565,250566,1,2
250563,250565,250566,1,2
250562,250564,250565,1,2
250562,250564,250565,1,2
250562,250564,250565,1,2
250563,250565,250566,1,2
250562,250564,250566,2,2
250562,250564,250565,1,2
250563,250565,250566,1,2
250563,250565,250566,1,2
250562,250564,250565,1,2
250563,250565,250566,1,2
250563,250565,250566,1,2
250563,250565,250566,1,2
250563,250565,250566,1,2
250563,250565,250566,1,2
250563,250566,250567,1,3
250563,250565,250566,1,2
250563,250565,250566,1,2
250563,250565,250566,1,2
250563,250565,250566,1,2
250563,250565,250566,1,2
250563,250565,250567,2,2
250563,250565,250567,2,2
250563,250565,250566,1,2
250563,250565,250566,1,2
250563,250565,250567,2,2
250563,250565,250566,1,2
250563,250565,250566,1,2
250563,250565,250566,1,2
250563,250565,250566,1,2
250563,250565,250567,2,2
250563,250565,250567,2,2
250563,250565,250567,2,2
250563,250565,250566,1,2
250563,250565,250567,2,2
250563,250565,250566,1,2
250563,250565,250566,1,2
250563,250565,250567,2,2
250563,250565,250567,2,2
250563,250565,250566,1,2
250563,250565,250567,2,2
250563,250565,250567,2,2
250563,250565,250566,1,2
250563,250565,250567,2,2
250563,250565,250567,2,2
250563,250565,250567,2,2
250563,250565,250567,2,2
250563,250565,250566,1,2
250563,250565,250567,2,2
250563,250565,250567,2,2
250563,250565,250566,1,2
250563,250565,250567,2,2
250563,250565,250567,2,2
250563,250565,250567,2,2
250563,250566,250567,1,3
250511,250513,250572,59,2
250563,250566,250620,54,3
250629,250629,250630,1,0
250629,250629,250630,1,0
250629,250629,250630,1,0
250629,250629,250630,1,0
250629,250629,250630,1,0
250629,250629,250630,1,0
250629,250629,250630,1,0
250629,250629,250630,1,0
250629,250629,250630,1,0
250629,250629,250630,1,0
250629,250629,250630,1,0
250629,250629,250630,1,0
250629,250629,250630,1,0
250629,250629,250630,1,0
250629,250629,250630,1,0
250629,250629,250630,1,0
250629,250629,250630,1,0
250629,250629,250630,1,0
250629,250629,250630,1,0
250629,250629,250630,1,0
250629,250629,250630,1,0
250629,250629,250630,1,0
250629,250629,250630,1,0
250629,250629,250630,1,0
250629,250629,250630,1,0
250629,250629,250630,1,0
250629,250629,250630,1,0
250629,250629,250630,1,0
250629,250629,250630,1,0
250629,250629,250630,1,0
250629,250629,250630,1,0
250629,250629,250630,1,0
250629,250629,250630,1,0
250629,250629,250630,1,0
250629,250629,250630,1,0
250629,250629,250630,1,0
250629,250630,250631,1,1
250629,250629,250631,2,0
250629,250630,250631,1,1
250629,250629,250631,2,0
250629,250629,250631,2,0
250629,250629,250631,2,0
250629,250629,250631,2,0
250629,250629,250631,2,0
250629,250629,250631,2,0
250629,250629,250631,2,0
250629,250630,250631,1,1
250629,250629,250631,2,0
250629,250629,250631,2,0
250629,250629,250631,2,0
250629,250629,250631,2,0
250629,250629,250631,2,0
250629,250629,250631,2,0
250629,250629,250631,2,0
250629,250629,250631,2,0
250629,250631,250632,1,2
250629,250629,250631,2,0
250629,250629,250631,2,0
250629,250629,250631,2,0
250629,250629,250631,2,0
250629,250629,250631,2,0
250629,250631,250632,1,2
250629,250629,250631,2,0
250629,250629,250631,2,0
250629,250630,250631,1,1
250629,250629,250631,2,0
250629,250630,250631,1,1
250629,250631,250632,1,2
250629,250629,250631,2,0
250629,250629,250631,2,0
250629,250629,250631,2,0
250629,250629,250631,2,0
250629,250629,250631,2,0
250629,250631,250632,1,2
250629,250631,250632,1,2
250629,250631,250633,2,2
250629,250631,250632,1,2
250629,250631,250632,1,2
250629,250631,250632,1,2
250629,250631,250632,1,2
250629,250631,250632,1,2
250629,250631,250632,1,2
250629,250631,250632,1,2
250629,250631,250632,1,2
250629,250631,250632,1,2
250629,250631,250632,1,2
250629,250631,250632,1,2
250629,250631,250632,1,2
250629,250631,250632,1,2
250629,250631,250632,1,2
250629,250631,250632,1,2
250629,250631,250632,1,2
250629,250631,250632,1,2
250629,250629,250632,3,0
250629,250631,250632,1,2
250629,250631,250632,1,2
250629,250631,250632,1,2
250629,250631,250632,1,2
250629,250631,250632,1,2
250629,250631,250632,1,2
250629,250631,250632,1,2
250629,250631,250632,1,2
250629,250631,250632,1,2
250629,250631,250632,1,2
250629,250631,250632,1,2
250629,250631,250632,1,2
250629,250631,250632,1,2
250629,250631,250632,1,2
250629,250631,250632,1,2
250629,250631,250632,1,2
250629,250631,250632,1,2
250629,250631,250632,1,2
250629,250631,250632,1,2
250629,250631,250632,1,2
250629,250631,250632,1,2
250629,250631,250632,1,2
250629,250631,250633,2,2
250629,250631,250632,1,2
250629,250631,250632,1,2
250629,250631,250632,1,2
250629,250631,250632,1,2
250629,250631,250632,1,2
250629,250631,250633,2,2
250693,250693,250695,2,0
250693,250693,250694,1,0
250693,250693,250694,1,0
250693,250693,250694,1,0
250693,250693,250694,1,0
250693,250693,250695,2,0
250693,250693,250694,1,0
250693,250693,250694,1,0
250693,250693,250695,2,0
250693,250693,250694,1,0
250693,250693,250694,1,0
250693,250693,250694,1,0
250693,250693,250694,1,0
250693,250694,250695,1,1
250693,250693,250694,1,0
250693,250693,250694,1,0
250693,250694,250695,1,1
250693,250693,250694,1,0
250693,250693,250694,1,0
250693,250693,250695,2,0
250693,250693,250694,1,0
250693,250693,250694,1,0
250693,250693,250694,1,0
250693,250693,250694,1,0
250693,250693,250695,2,0
250693,250693,250694,1,0
250693,250694,250695,1,1
250693,250694,250695,1,1
250693,250693,250695,2,0
250693,250694,250695,1,1
250693,250694,250695,1,1
250693,250694,250695,1,1
250693,250694,250695,1,1
250693,250694,250695,1,1
250693,250693,250695,2,0
250693,250693,250695,2,0
250693,250694,250695,1,1
250693,250694,250696,2,1
250693,250694,250695,1,1
250693,250693,250695,2,0
250693,250694,250695,1,1
250693,250693,250695,2,0
250693,250693,250695,2,0
250693,250694,250695,1,1
250693,250694,250695,1,1
250693,250693,250695,2,0
250693,250694,250695,1,1
250693,250694,250696,2,1
250693,250694,250695,1,1
250693,250693,250695,2,0
250693,250694,250696,2,1
250693,250694,250695,1,1
250693,250693,250695,2,0
250693,250694,250695,1,1
250693,250694,250695,1,1
250693,250694,250695,1,1
250693,250694,250695,1,1
250693,250694,250695,1,1
250693,250693,250696,3,0
250742,250742,250743,1,0
250742,250742,250743,1,0
250742,250742,250743,1,0
250742,250742,250743,1,0
250742,250742,250743,1,0
250742,250742,250743,1,0
250742,250742,250743,1,0
250742,250742,250743,1,0
250742,250742,250743,1,0
250742,250742,250743,1,0
250742,250742,250743,1,0
250742,250742,250744,2,0
250742,250742,250743,1,0
250742,250742,250744,2,0
250742,250742,250743,1,0
250742,250742,250744,2,0
250742,250742,250743,1,0
250742,250742,250744,2,0
250742,250742,250743,1,0
250742,250742,250744,2,0
250742,250742,250743,1,0
250742,250742,250743,1,0
250742,250742,250744,2,0
250742,250742,250743,1,0
250742,250742,250744,2,0
250742,250742,250744,2,0
250742,250742,250744,2,0
250742,250742,250744,2,0
250742,250742,250744,2,0
250742,250742,250744,2,0
250742,250742,250744,2,0
250742,250742,250744,2,0
250742,250742,250744,2,0
250742,250742,250744,2,0
250694,250694,250750,56,0
250776,250776,250777,1,0
250776,250776,250777,1,0
250776,250776,250777,1,0
250776,250776,250777,1,0
250776,250776,250777,1,0
250776,250776,250777,1,0
250776,250776,250777,1,0
250776,250776,250777,1,0
250776,250776,250777,1,0
250776,250776,250777,1,0
250776,250776,250777,1,0
250776,250776,250777,1,0
250776,250776,250777,1,0
250776,250776,250777,1,0
250776,250776,250777,1,0
250776,250776,250778,2,0
250776,250776,250777,1,0
250776,250776,250778,2,0
250776,250776,250777,1,0
250776,250776,250777,1,0
250776,250776,250777,1,0
250776,250776,250777,1,0
250776,250776,250777,1,0
250776,250776,250777,1,0
250776,250776,250777,1,0
250776,250776,250777,1,0
250776,250776,250777,1,0
250776,250776,250777,1,0
250776,250776,250777,1,0
250776,250776,250777,1,0
250776,250776,250777,1,0
250776,250776,250778,2,0
250776,250776,250778,2,0
250776,250776,250777,1,0
250776,250776,250836,60,0
250837,250837,250838,1,0
250837,250837,250838,1,0
250837,250837,250838,1,0
250837,250837,250838,1,0
250837,250837,250838,1,0
250837,250837,250838,1,0
250837,250837,250838,1,0
250837,250837,250838,1,0
250837,250837,250838,1,0
250837,250837,250838,1,0
250837,250837,250838,1,0
250837,250837,250838,1,0
250837,250837,250838,1,0
250837,250837,250838,1,0
250837,250837,250839,2,0
250837,250837,250838,1,0
250837,250837,250839,2,0
250837,250837,250838,1,0
250837,250837,250838,1,0
250837,250837,250839,2,0
250837,250837,250839,2,0
250837,250837,250838,1,0
250837,250837,250839,2,0
250837,250837,250838,1,0
250837,250837,250838,1,0
250837,250837,250839,2,0
250837,250837,250838,1,0
250837,250837,250839,2,0
250837,250837,250838,1,0
250837,250837,250838,1,0
250837,250837,250839,2,0
250837,250837,250838,1,0
250837,250837,250839,2,0
250837,250837,250840,3,0
250819,250819,250866,47,0
250867,250867,250868,1,0
250867,250867,250868,1,0
250867,250867,250868,1,0
250814,250814,250868,54,0
250867,250867,250868,1,0
250867,250867,250868,1,0
250867,250867,250868,1,0
250867,250867,250868,1,0
250867,250867,250868,1,0
250867,250867,250868,1,0
250867,250867,250868,1,0
250867,250867,250869,2,0
250867,250867,250869,2,0
250867,250867,250869,2,0
250867,250867,250869,2,0
250815,250815,250869,54,0
250867,250867,250869,2,0
250867,250867,250869,2,0
250867,250867,250869,2,0
250867,250867,250869,2,0
250867,250867,250869,2,0
250867,250867,250869,2,0
250867,250867,250869,2,0
250867,250867,250869,2,0
250867,250867,250869,2,0
250867,250867,250869,2,0
250867,250868,250869,1,1
250867,250868,250870,2,1
250867,250867,250869,2,0
250867,250867,250869,2,0
250867,250867,250869,2,0
250867,250867,250869,2,0
250869,250869,250870,1,0
250869,250869,250870,1,0
250867,250867,250869,2,0
250869,250869,250870,1,0
250869,250869,250870,1,0
250869,250869,250870,1,0
250867,250867,250869,2,0
250869,250869,250870,1,0
250867,250867,250869,2,0
250869,250869,250870,1,0
250869,250869,250870,1,0
250869,250869,250870,1,0
250869,250869,250870,1,0
250869,250869,250870,1,0
250869,250869,250870,1,0
250867,250868,250870,2,1
250869,250869,250870,1,0
250869,250869,250870,1,0
250869,250869,250870,1,0
250869,250869,250870,1,0
250869,250869,250870,1,0
250869,250869,250871,2,0
250869,250869,250870,1,0
250869,250869,250870,1,0
250869,250869,250870,1,0
250869,250869,250870,1,0
250869,250869,250870,1,0
250869,250869,250871,2,0
250869,250869,250870,1,0
250869,250869,250870,1,0
250869,250870,250871,1,1
250869,250869,250870,1,0
250869,250869,250870,1,0
250869,250869,250870,1,0
250869,250869,250870,1,0
250871,250871,250872,1,0
250871,250871,250872,1,0
250871,250871,250872,1,0
250871,250871,250872,1,0
250869,250870,250871,1,1
250871,250871,250872,1,0
250871,250871,250872,1,0
250871,250871,250872,1,0
250871,250871,250872,1,0
250871,250871,250872,1,0
250871,250871,250872,1,0
250871,250871,250872,1,0
250871,250871,250872,1,0
250871,250871,250872,1,0
250871,250871,250872,1,0
250871,250871,250872,1,0
250871,250871,250872,1,0
250871,250871,250872,1,0
250871,250871,250872,1,0
250871,250871,250873,2,0
250871,250871,250873,2,0
250871,250871,250872,1,0
250871,250871,250872,1,0
250871,250871,250872,1,0
250871,250871,250872,1,0
250871,250871,250873,2,0
250871,250871,250872,1,0
250871,250871,250873,2,0
250871,250871,250873,2,0
250827,250827,250874,47,0
250871,250871,250872,1,0
250812,250812,250876,64,0
250817,250817,250877,60,0
250832,250832,250879,47,0
250823,250824,250880,56,1
250839,250840,250889,49,1
250836,250837,250894,57,1
250835,250835,250906,71,0
250906,250906,250907,1,0
250906,250906,250907,1,0
250906,250906,250907,1,0
250906,250906,250907,1,0
250906,250906,250907,1,0
250906,250906,250907,1,0
250906,250906,250907,1,0
250906,250906,250907,1,0
250906,250906,250907,1,0
250906,250906,250907,1,0
250906,250906,250907,1,0
250906,250906,250907,1,0
250906,250906,250907,1,0
250906,250906,250907,1,0
250906,250906,250907,1,0
250906,250906,250907,1,0
250906,250906,250907,1,0
250906,250906,250907,1,0
250906,250906,250907,1,0
250906,250906,250907,1,0
250906,250906,250907,1,0
250906,250906,250907,1,0
250906,250906,250907,1,0
250906,250906,250907,1,0
250906,250906,250907,1,0
250906,250906,250907,1,0
250906,250906,250907,1,0
250906,250906,250907,1,0
250906,250906,250907,1,0
250906,250906,250907,1,0
250906,250906,250907,1,0
250906,250906,250907,1,0
250906,250906,250907,1,0
250906,250906,250907,1,0
250906,250906,250907,1,0
250906,250906,250907,1,0
250906,250906,250907,1,0
250906,250906,250907,1,0
250906,250906,250907,1,0
250906,250906,250907,1,0
250906,250906,250907,1,0
250906,250906,250907,1,0
250906,250906,250907,1,0
250906,250906,250907,1,0
250906,250906,250908,2,0
250906,250906,250907,1,0
250906,250906,250908,2,0
250906,250906,250907,1,0
250906,250906,250908,2,0
250906,250906,250908,2,0
250906,250906,250908,2,0
250906,250906,250908,2,0
250906,250906,250908,2,0
250906,250907,250908,1,1
250906,250907,250908,1,1
250906,250906,250908,2,0
250906,250906,250908,2,0
250906,250906,250908,2,0
250906,250906,250908,2,0
250906,250906,250908,2,0
250906,250908,250909,1,2
250906,250906,250908,2,0
250906,250906,250908,2,0
250906,250906,250908,2,0
250906,250908,250909,1,2
250906,250906,250908,2,0
250906,250906,250908,2,0
250906,250906,250908,2,0
250906,250906,250908,2,0
250906,250906,250908,2,0
250906,250906,250908,2,0
250906,250908,250909,1,2
250906,250906,250908,2,0
250906,250908,250909,1,2
250906,250906,250908,2,0
250906,250908,250909,1,2
250906,250908,250909,1,2
250906,250908,250909,1,2
250906,250908,250909,1,2
250906,250908,250909,1,2
250906,250908,250909,1,2
250906,250908,250909,1,2
250906,250909,250910,1,3
250906,250908,250909,1,2
250906,250908,250909,1,2
250906,250908,250909,1,2
250906,250908,250909,1,2
250906,250908,250909,1,2
250906,250909,250910,1,3
250906,250909,250910,1,3
250906,250908,250909,1,2
250906,250909,250910,1,3
250906,250908,250909,1,2
250906,250908,250909,1,2
250906,250908,250909,1,2
250906,250908,250909,1,2
250906,250908,250909,1,2
250906,250908,250909,1,2
250906,250909,250910,1,3
250906,250909,250910,1,3
250906,250908,250909,1,2
250906,250908,250909,1,2
250906,250908,250909,1,2
250906,250908,250909,1,2
250906,250908,250909,1,2
250906,250908,250909,1,2
250906,250908,250909,1,2
250906,250908,250909,1,2
250906,250908,250909,1,2
250906,250908,250909,1,2
250906,250909,250910,1,3
250906,250908,250909,1,2
250906,250908,250909,1,2
250906,250908,250909,1,2
250906,250908,250909,1,2
250906,250908,250909,1,2
250906,250908,250909,1,2
250906,250908,250909,1,2
250906,250908,250909,1,2
250906,250909,250910,1,3
250906,250908,250909,1,2
250906,250908,250909,1,2
250906,250908,250909,1,2
250906,250908,250909,1,2
250906,250908,250909,1,2
250906,250909,250910,1,3
250906,250909,250910,1,3
250906,250909,250910,1,3
250906,250909,250910,1,3
250906,250909,250910,1,3
250906,250909,250910,1,3
250906,250910,250911,1,4
250906,250910,250911,1,4
250906,250909,250910,1,3
250906,250910,250911,1,4
250906,250909,250910,1,3
250906,250909,250910,1,3
250906,250909,250910,1,3
250906,250909,250910,1,3
250906,250909,250910,1,3
250906,250909,250910,1,3
250906,250909,250910,1,3
250906,250909,250911,2,3
250906,250909,250910,1,3
250906,250909,250910,1,3
250906,250909,250911,2,3
250906,250909,250910,1,3
250906,250910,250911,1,4
250906,250909,250910,1,3
250906,250909,250910,1,3
250906,250909,250910,1,3
250906,250909,250911,2,3
250906,250909,250911,2,3
250906,250909,250911,2,3
250860,250860,250911,51,0
250906,250910,250911,1,4
250906,250910,250911,1,4
250906,250910,250911,1,4
250906,250910,250911,1,4
250906,250910,250911,1,4
250821,250821,250917,96,0
250863,250864,250919,55,1
250826,250826,250924,98,0
250830,250830,250927,97,0
250870,250870,250931,61,0
250866,250866,250943,77,0
250907,250910,250957,47,3
250959,250959,250960,1,0
250959,250959,250960,1,0
250959,250959,250960,1,0
250959,250959,250960,1,0
250959,250959,250960,1,0
250959,250959,250960,1,0
250959,250959,250960,1,0
250959,250959,250960,1,0
250959,250959,250960,1,0
250959,250959,250960,1,0
250959,250959,250960,1,0
250959,250959,250960,1,0
250959,250959,250960,1,0
250959,250959,250960,1,0
250959,250959,250960,1,0
250959,250959,250960,1,0
250959,250959,250960,1,0
250959,250959,250960,1,0
250959,250959,250960,1,0
250959,250959,250960,1,0
250959,250959,250960,1,0
250959,250959,250960,1,0
250959,250959,250960,1,0
250959,250959,250960,1,0
250959,250959,250960,1,0
250959,250959,250960,1,0
250959,250959,250960,1,0
250959,250959,250960,1,0
250959,250959,250960,1,0
250959,250959,250960,1,0
250959,250959,250960,1,0
250959,250959,250960,1,0
250959,250959,250960,1,0
250959,250959,250960,1,0
250959,250959,250960,1,0
250959,250959,250960,1,0
250959,250959,250960,1,0
250959,250959,250960,1,0
250959,250959,250960,1,0
250959,250959,250960,1,0
250959,250959,250960,1,0
250959,250959,250960,1,0
250959,250959,250960,1,0
250959,250959,250960,1,0
250959,250959,250960,1,0
250959,250959,250960,1,0
250959,250959,250960,1,0
250959,250959,250960,1,0
250959,250959,250960,1,0
250959,250959,250960,1,0
250959,250959,250960,1,0
250959,250959,250960,1,0
250959,250959,250961,2,0
250959,250959,250960,1,0
250959,250959,250961,2,0
250959,250959,250961,2,0
250959,250959,250961,2,0
250959,250959,250961,2,0
250959,250959,250961,2,0
250959,250959,250961,2,0
250959,250959,250961,2,0
250959,250959,250961,2,0
250959,250959,250961,2,0
250959,250959,250961,2,0
250959,250959,250961,2,0
250959,250959,250961,2,0
250959,250959,250961,2,0
250959,250959,250961,2,0
250959,250959,250961,2,0
250959,250959,250961,2,0
250959,250959,250961,2,0
250959,250959,250961,2,0
250959,250959,250961,2,0
250959,250959,250961,2,0
250959,250959,250961,2,0
250959,250961,250962,1,2
250959,250959,250961,2,0
250959,250959,250961,2,0
250959,250961,250962,1,2
250959,250959,250961,2,0
250959,250959,250961,2,0
250959,250961,250962,1,2
250959,250961,250962,1,2
250959,250959,250961,2,0
250959,250961,250962,1,2
250959,250961,250962,1,2
250959,250961,250962,1,2
250960,250961,250962,1,1
250959,250961,250962,1,2
250960,250961,250962,1,1
250960,250961,250962,1,1
250959,250961,250962,1,2
250959,250961,250962,1,2
250959,250961,250962,1,2
250960,250961,250962,1,1
250960,250961,250962,1,1
250960,250961,250962,1,1
250959,250961,250962,1,2
250960,250961,250962,1,1
250960,250961,250962,1,1
250960,250961,250962,1,1
250960,250961,250962,1,1
250959,250961,250962,1,2
250959,250961,250963,2,2
250959,250961,250963,2,2
250959,250961,250962,1,2
250960,250962,250963,1,2
250959,250961,250962,1,2
250959,250961,250963,2,2
250959,250961,250963,2,2
250959,250961,250963,2,2
250959,250961,250963,2,2
250959,250961,250962,1,2
250959,250961,250962,1,2
250959,250961,250963,2,2
250959,250961,250962,1,2
250959,250961,250962,1,2
250959,250961,250963,2,2
250959,250961,250962,1,2
250959,250961,250962,1,2
250959,250961,250963,2,2
250959,250961,250963,2,2
250959,250961,250962,1,2
250959,250961,250962,1,2
250959,250961,250963,2,2
250959,250961,250962,1,2
250959,250961,250963,2,2
250959,250961,250963,2,2
250959,250961,250963,2,2
250960,250961,250963,2,1
250960,250962,250963,1,2
250960,250962,250963,1,2
250959,250961,250962,1,2
250959,250961,250963,2,2
250959,250961,250963,2,2
250959,250961,250963,2,2
250960,250961,250963,2,1
250960,250962,250963,1,2
250959,250961,250963,2,2
250959,250961,250963,2,2
250959,250961,250963,2,2
250960,250961,250963,2,1
250959,250961,250963,2,2
250959,250961,250963,2,2
250959,250961,250962,1,2
250959,250961,250963,2,2
250960,250961,250962,1,1
250960,250962,250963,1,2
250960,250962,250963,1,2
250960,250962,250963,1,2
250959,250961,250962,1,2
250959,250961,250963,2,2
250959,250961,250962,1,2
250959,250961,250963,2,2
250960,250962,250963,1,2
250960,250962,250963,1,2
250959,250961,250963,2,2
250959,250961,250962,1,2
250959,250961,250962,1,2
250960,250962,250963,1,2
250960,250962,250963,1,2
250960,250962,250963,1,2
250960,250962,250963,1,2
250960,250962,250963,1,2
250960,250962,250963,1,2
250960,250962,250963,1,2
250960,250962,250963,1,2
250960,250962,250963,1,2
250960,250962,250963,1,2
250960,250962,250963,1,2
250960,250962,250963,1,2
250960,250962,250963,1,2
250960,250962,250963,1,2
250960,250962,250963,1,2
250960,250963,250964,1,3
250960,250963,250964,1,3
250960,250962,250964,2,2
250960,250962,250963,1,2
250960,250961,250964,3,1
250960,250961,250964,3,1
250960,250962,250964,2,2
250960,250962,250964,2,2
250960,250962,250964,2,2
250960,250962,250964,2,2
250960,250963,250964,1,3
250960,250963,250964,1,3
250960,250963,250964,1,3
250960,250963,250964,1,3
250960,250963,250965,2,3
250960,250963,250965,2,3
250960,250963,250964,1,3
250960,250963,250964,1,3
250960,250963,250964,1,3
250960,250963,250964,1,3
250960,250963,250965,2,3
250960,250963,250964,1,3
250960,250963,250964,1,3
250960,250963,250964,1,3
250960,250963,250965,2,3
250960,250963,250965,2,3
250960,250963,250965,2,3
250960,250963,250965,2,3
250960,250963,250965,2,3
250960,250963,250964,1,3
250960,250963,251013,50,3
251041,251041,251042,1,0
251041,251041,251042,1,0
251041,251041,251042,1,0
251041,251041,251042,1,0
251041,251041,251042,1,0
251041,251041,251042,1,0
251041,251041,251042,1,0
251041,251041,251042,1,0
251041,251041,251042,1,0
251041,251041,251042,1,0
251041,251041,251042,1,0
251041,251041,251042,1,0
251041,251041,251042,1,0
251041,251041,251042,1,0
251041,251041,251042,1,0
251041,251041,251042,1,0
251041,251041,251042,1,0
251041,251041,251042,1,0
251041,251041,251042,1,0
251041,251041,251042,1,0
251041,251041,251042,1,0
251041,251041,251042,1,0
251041,251041,251042,1,0
251041,251041,251042,1,0
251041,251041,251042,1,0
251041,251041,251042,1,0
251041,251041,251042,1,0
251041,251041,251042,1,0
251041,251041,251042,1,0
251041,251041,251042,1,0
251041,251041,251042,1,0
251041,251041,251042,1,0
251041,251041,251042,1,0
251041,251041,251042,1,0
251041,251041,251042,1,0
251041,251041,251042,1,0
251041,251041,251042,1,0
251041,251041,251042,1,0
251041,251041,251042,1,0
251041,251041,251042,1,0
251041,251041,251042,1,0
251041,251041,251042,1,0
251041,251041,251043,2,0
251041,251041,251043,2,0
251041,251041,251042,1,0
251041,251041,251043,2,0
251041,251041,251043,2,0
251041,251041,251042,1,0
251041,251041,251042,1,0
251041,251041,251042,1,0
251041,251041,251042,1,0
251041,251041,251043,2,0
251041,251041,251042,1,0
251041,251041,251042,1,0
251041,251041,251043,2,0
251041,251041,251042,1,0
251041,251041,251042,1,0
251041,251041,251043,2,0
251041,251041,251043,2,0
251041,251041,251042,1,0
251041,251041,251043,2,0
251041,251041,251042,1,0
251041,251042,251043,1,1
251041,251041,251042,1,0
251041,251041,251043,2,0
251041,251041,251043,2,0
251041,251041,251042,1,0
251041,251041,251043,2,0
251041,251041,251042,1,0
251041,251041,251042,1,0
251041,251041,251043,2,0
251041,251041,251042,1,0
251041,251041,251043,2,0
251041,251041,251042,1,0
251041,251042,251043,1,1
251041,251042,251044,2,1
251041,251042,251044,2,1
251041,251042,251044,2,1
251041,251042,251044,2,1
251041,251042,251044,2,1
251041,251042,251044,2,1
251041,251042,251044,2,1
251041,251042,251044,2,1
251041,251042,251044,2,1
251041,251042,251044,2,1
251041,251042,251044,2,1
251041,251042,251044,2,1
251041,251042,251044,2,1
251041,251042,251044,2,1
251041,251042,251044,2,1
251041,251042,251043,1,1
251041,251042,251044,2,1
251041,251042,251044,2,1
251041,251042,251044,2,1
251041,251042,251044,2,1
251106,251106,251107,1,0
251106,251106,251107,1,0
251106,251106,251107,1,0
251106,251106,251107,1,0
251106,251106,251107,1,0
251106,251106,251107,1,0
251106,251106,251107,1,0
251106,251106,251107,1,0
251106,251106,251107,1,0
251106,251106,251107,1,0
251106,251106,251107,1,0
251106,251106,251107,1,0
251106,251106,251107,1,0
251106,251106,251107,1,0
251106,251106,251107,1,0
251106,251106,251107,1,0
251106,251106,251107,1,0
251106,251106,251107,1,0
251106,251106,251107,1,0
251106,251106,251107,1,0
251106,251106,251107,1,0
251106,251106,251107,1,0
251106,251106,251107,1,0
251106,251106,251107,1,0
251106,251106,251107,1,0
251106,251106,251107,1,0
251106,251106,251107,1,0
251106,251106,251107,1,0
251106,251106,251107,1,0
251106,251106,251107,1,0
251106,251106,251108,2,0
251106,251106,251107,1,0
251106,251106,251108,2,0
251106,251106,251108,2,0
251106,251106,251108,2,0
251106,251106,251108,2,0
251106,251106,251108,2,0
251106,251106,251108,2,0
251106,251106,251108,2,0
251106,251106,251108,2,0
251106,251106,251108,2,0
251106,251106,251108,2,0
251106,251106,251108,2,0
251106,251106,251108,2,0
251106,251106,251108,2,0
251106,251106,251108,2,0
251106,251106,251108,2,0
251106,251106,251108,2,0
251106,251106,251108,2,0
251106,251106,251108,2,0
251106,251106,251108,2,0
251106,251106,251108,2,0
251106,251106,251108,2,0
251106,251106,251108,2,0
251106,251106,251108,2,0
251106,251106,251108,2,0
251106,251106,251108,2,0
251106,251106,251108,2,0
251106,251106,251108,2,0
251106,251106,251108,2,0
251106,251106,251108,2,0
251106,251106,251108,2,0
251106,251106,251108,2,0
251106,251106,251108,2,0
251106,251106,251108,2,0
251106,251106,251108,2,0
251106,251106,251108,2,0
251106,251106,251108,2,0
251156,251156,251157,1,0
251156,251156,251157,1,0
251156,251156,251157,1,0
251156,251156,251157,1,0
251156,251156,251157,1,0
251156,251156,251157,1,0
251156,251156,251157,1,0
251156,251156,251157,1,0
251156,251156,251157,1,0
251156,251156,251157,1,0
251156,251156,251157,1,0
251156,251156,251157,1,0
251156,251156,251157,1,0
251156,251156,251157,1,0
251156,251156,251157,1,0
251156,251156,251157,1,0
251156,251156,251157,1,0
251156,251156,251157,1,0
251156,251156,251157,1,0
251156,251156,251157,1,0
251156,251156,251157,1,0
251156,251156,251157,1,0
251156,251156,251157,1,0
251156,251156,251157,1,0
251156,251156,251157,1,0
251156,251156,251157,1,0
251156,251156,251157,1,0
251156,251156,251158,2,0
251156,251156,251157,1,0
251156,251156,251157,1,0
251156,251156,251157,1,0
251107,251107,251162,55,0
251190,251190,251191,1,0
251190,251190,251191,1,0
251190,251190,251191,1,0
251190,251190,251191,1,0
251190,251190,251191,1,0
251190,251190,251191,1,0
251190,251190,251191,1,0
251190,251190,251191,1,0
251190,251190,251191,1,0
251190,251190,251192,2,0
251190,251190,251191,1,0
251190,251190,251192,2,0
251190,251190,251192,2,0
251190,251190,251191,1,0
251190,251190,251192,2,0
251190,251190,251191,1,0
251190,251190,251192,2,0
251190,251190,251192,2,0
251190,251190,251191,1,0
251190,251190,251191,1,0
251190,251190,251192,2,0
251190,251190,251192,2,0
251190,251190,251191,1,0
251190,251190,251191,1,0
251190,251190,251192,2,0
251190,251190,251191,1,0
251190,251190,251192,2,0
251190,251190,251191,1,0
251190,251190,251191,1,0
251190,251190,251191,1,0
251190,251190,251191,1,0
251190,251190,251192,2,0
251190,251190,251192,2,0
251190,251190,251191,1,0
251156,251156,251207,51,0
251207,251208,251209,1,1
251207,251208,251209,1,1
251207,251208,251209,1,1
251207,251208,251209,1,1
251207,251208,251209,1,1
251207,251208,251209,1,1
251207,251208,251209,1,1
251207,251208,251209,1,1
251207,251208,251209,1,1
251207,251208,251209,1,1
251207,251208,251209,1,1
251207,251208,251209,1,1
251207,251208,251209,1,1
251207,251208,251209,1,1
251207,251208,251209,1,1
251207,251208,251209,1,1
251207,251208,251209,1,1
251207,251208,251209,1,1
251207,251208,251209,1,1
251207,251208,251209,1,1
251207,251208,251209,1,1
251207,251208,251209,1,1
251207,251208,251209,1,1
251207,251208,251209,1,1
251207,251208,251210,2,1
251208,251208,251255,47,0
251256,251256,251257,1,0
251256,251256,251257,1,0
251256,251256,251257,1,0
251256,251256,251257,1,0
251256,251256,251257,1,0
251256,251256,251257,1,0
251256,251256,251257,1,0
251256,251256,251257,1,0
251256,251256,251257,1,0
251256,251256,251257,1,0
251256,251256,251257,1,0
251256,251256,251257,1,0
251256,251256,251257,1,0
251256,251256,251257,1,0
251256,251256,251257,1,0
251256,251256,251257,1,0
251256,251256,251257,1,0
251256,251256,251257,1,0
251256,251256,251257,1,0
251256,251256,251257,1,0
251256,251256,251257,1,0
251256,251256,251257,1,0
251256,251256,251257,1,0
251256,251256,251257,1,0
251256,251256,251257,1,0
251256,251256,251257,1,0
251256,251256,251257,1,0
251256,251256,251257,1,0
251256,251256,251257,1,0
251256,251256,251257,1,0
251256,251256,251257,1,0
251256,251256,251258,2,0
251245,251245,251295,50,0
251251,251251,251297,46,0
251247,251247,251297,50,0
251297,251297,251298,1,0
251297,251297,251298,1,0
251297,251297,251298,1,0
251297,251297,251298,1,0
251297,251297,251298,1,0
251297,251297,251298,1,0
251297,251297,251298,1,0
251297,251297,251298,1,0
251297,251297,251298,1,0
251297,251297,251298,1,0
251297,251297,251298,1,0
251297,251297,251299,2,0
251297,251297,251299,2,0
251297,251297,251299,2,0
251297,251297,251299,2,0
251297,251297,251299,2,0
251297,251297,251298,1,0
251297,251297,251299,2,0
251297,251297,251299,2,0
251297,251297,251299,2,0
251297,251297,251298,1,0
251297,251297,251299,2,0
251297,251297,251298,1,0
251297,251298,251299,1,1
251297,251297,251299,2,0
251297,251297,251299,2,0
251297,251297,251299,2,0
251297,251297,251299,2,0
251299,251299,251300,1,0
251299,251299,251300,1,0
251297,251297,251299,2,0
251299,251299,251300,1,0
251299,251299,251300,1,0
251297,251297,251299,2,0
251299,251299,251300,1,0
251299,251299,251300,1,0
251299,251299,251300,1,0
251299,251299,251300,1,0
251253,251253,251299,46,0
251299,251299,251300,1,0
251299,251299,251300,1,0
251299,251299,251300,1,0
251299,251299,251300,1,0
251299,251299,251300,1,0
251299,251299,251300,1,0
251299,251299,251300,1,0
251297,251297,251299,2,0
251299,251299,251300,1,0
251299,251299,251300,1,0
251299,251299,251300,1,0
251299,251299,251300,1,0
251299,251299,251300,1,0
251299,251299,251300,1,0
251299,251299,251300,1,0
251299,251299,251300,1,0
251299,251299,251300,1,0
251299,251299,251300,1,0
251299,251299,251300,1,0
251299,251299,251300,1,0
251299,251299,251300,1,0
251299,251299,251300,1,0
251299,251299,251300,1,0
251299,251300,251301,1,1
251299,251300,251301,1,1
251299,251300,251301,1,1
251299,251299,251300,1,0
251299,251299,251300,1,0
251299,251300,251301,1,1
251299,251300,251301,1,1
251299,251300,251301,1,1
251299,251299,251301,2,0
251299,251299,251300,1,0
251299,251299,251300,1,0
251299,251299,251301,2,0
251299,251299,251301,2,0
251299,251299,251300,1,0
251299,251299,251300,1,0
251299,251299,251301,2,0
251299,251299,251301,2,0
251299,251299,251300,1,0
251299,251299,251301,2,0
251299,251299,251301,2,0
251299,251299,251300,1,0
251299,251299,251301,2,0
251299,251299,251301,2,0
251299,251299,251301,2,0
251299,251299,251301,2,0
251299,251299,251300,1,0
251299,251299,251300,1,0
251299,251299,251301,2,0
251299,251299,251301,2,0
251299,251299,251300,1,0
251299,251299,251300,1,0
251299,251299,251301,2,0
251299,251299,251301,2,0
251299,251299,251300,1,0
251255,251255,251301,46,0
251299,251299,251302,3,0
251299,251299,251302,3,0
251256,251256,251303,47,0
251249,251249,251311,62,0
251280,251280,251325,45,0
251259,251259,251324,65,0
251336,251336,251337,1,0
251282,251283,251336,53,1
251288,251288,251336,48,0
251336,251336,251337,1,0
251336,251336,251337,1,0
251336,251336,251337,1,0
251336,251336,251337,1,0
251336,251336,251337,1,0
251336,251336,251337,1,0
251336,251336,251337,1,0
251336,251336,251337,1,0
251336,251336,251337,1,0
251336,251336,251337,1,0
251336,251336,251337,1,0
251336,251336,251337,1,0
251336,251336,251337,1,0
251336,251336,251337,1,0
251336,251336,251337,1,0
251336,251336,251337,1,0
251336,251336,251337,1,0
251336,251336,251337,1,0
251336,251336,251337,1,0
251336,251336,251337,1,0
251336,251336,251337,1,0
251336,251336,251337,1,0
251336,251336,251337,1,0
251336,251336,251337,1,0
251336,251336,251337,1,0
251336,251336,251337,1,0
251336,251336,251337,1,0
251336,251336,251337,1,0
251336,251336,251337,1,0
251336,251336,251337,1,0
251336,251336,251337,1,0
251336,251336,251337,1,0
251336,251336,251337,1,0
251336,251336,251337,1,0
251336,251336,251337,1,0
251336,251336,251338,2,0
251336,251336,251338,2,0
251336,251336,251337,1,0
251336,251337,251338,1,1
251336,251336,251337,1,0
251336,251336,251337,1,0
251336,251337,251338,1,1
251336,251337,251338,1,1
251336,251337,251338,1,1
251336,251336,251338,2,0
251336,251337,251338,1,1
251336,251337,251338,1,1
251336,251337,251338,1,1
251336,251337,251338,1,1
251336,251337,251338,1,1
251336,251336,251338,2,0
251336,251336,251337,1,0
251336,251336,251338,2,0
251336,251336,251338,2,0
251336,251336,251337,1,0
251336,251336,251337,1,0
251336,251336,251338,2,0
251336,251336,251337,1,0
251336,251337,251338,1,1
251336,251336,251337,1,0
251336,251336,251338,2,0
251336,251336,251337,1,0
251336,251337,251338,1,1
251336,251336,251337,1,0
251336,251336,251337,1,0
251336,251336,251338,2,0
251336,251336,251338,2,0
251336,251336,251337,1,0
251336,251337,251338,1,1
251336,251336,251338,2,0
251336,251336,251338,2,0
251336,251336,251338,2,0
251336,251337,251338,1,1
251336,251336,251337,1,0
251336,251336,251338,2,0
251336,251336,251338,2,0
251336,251336,251337,1,0
251336,251337,251338,1,1
251336,251337,251338,1,1
251336,251336,251337,1,0
251336,251336,251338,2,0
251336,251336,251338,2,0
251336,251337,251338,1,1
251336,251337,251338,1,1
251336,251337,251338,1,1
251336,251337,251338,1,1
251336,251337,251338,1,1
251336,251337,251339,2,1
251336,251337,251338,1,1
251336,251337,251338,1,1
251336,251337,251338,1,1
251336,251337,251339,2,1
251336,251337,251339,2,1
251336,251337,251338,1,1
251336,251337,251339,2,1
251285,251285,251343,58,0
251286,251286,251344,58,0
251296,251296,251346,50,0
251293,251293,251348,55,0
251289,251289,251350,61,0
251336,251337,251351,14,1
251336,251337,251351,14,1
251336,251337,251351,14,1
251292,251292,251353,61,0
251300,251300,251362,62,0
251370,251370,251371,1,0
251370,251370,251371,1,0
251370,251370,251371,1,0
251370,251370,251371,1,0
251370,251370,251371,1,0
251370,251370,251371,1,0
251370,251370,251371,1,0
251370,251370,251371,1,0
251370,251370,251371,1,0
251370,251370,251371,1,0
251370,251370,251371,1,0
251370,251370,251371,1,0
251370,251370,251371,1,0
251370,251370,251371,1,0
251370,251370,251371,1,0
251370,251370,251371,1,0
251370,251370,251371,1,0
251370,251370,251371,1,0
251370,251370,251371,1,0
251370,251370,251371,1,0
251370,251370,251371,1,0
251370,251370,251371,1,0
251370,251370,251371,1,0
251370,251370,251371,1,0
251370,251370,251371,1,0
251370,251370,251371,1,0
251370,251370,251371,1,0
251370,251370,251371,1,0
251370,251370,251371,1,0
251370,251370,251371,1,0
251370,251370,251371,1,0
251370,251370,251371,1,0
251370,251370,251371,1,0
251370,251370,251371,1,0
251370,251370,251371,1,0
251370,251370,251371,1,0
251370,251370,251371,1,0
251370,251370,251371,1,0
251370,251370,251371,1,0
251370,251370,251371,1,0
251370,251370,251371,1,0
251370,251370,251371,1,0
251370,251370,251371,1,0
251370,251370,251372,2,0
251370,251370,251371,1,0
251370,251370,251371,1,0
251370,251370,251371,1,0
251370,251370,251371,1,0
251370,251370,251371,1,0
251370,251370,251371,1,0
251370,251370,251372,2,0
251370,251370,251371,1,0
251370,251370,251372,2,0
251370,251370,251372,2,0
251370,251370,251371,1,0
251370,251370,251371,1,0
251370,251370,251372,2,0
251370,251370,251372,2,0
251370,251370,251372,2,0
251370,251370,251372,2,0
251370,251370,251372,2,0
251370,251370,251372,2,0
251370,251370,251371,1,0
251370,251370,251372,2,0
251370,251370,251372,2,0
251370,251370,251372,2,0
251370,251370,251372,2,0
251370,251370,251372,2,0
251370,251372,251373,1,2
251370,251372,251373,1,2
251370,251370,251372,2,0
251370,251370,251372,2,0
251370,251370,251372,2,0
251370,251370,251372,2,0
251370,251372,251373,1,2
251370,251370,251372,2,0
251370,251370,251372,2,0
251370,251372,251373,1,2
251370,251372,251373,1,2
251370,251372,251373,1,2
251370,251370,251372,2,0
251370,251370,251372,2,0
251370,251372,251373,1,2
251370,251372,251373,1,2
251370,251370,251372,2,0
251370,251372,251373,1,2
251370,251372,251373,1,2
251370,251372,251373,1,2
251370,251372,251373,1,2
251370,251370,251372,2,0
251370,251372,251373,1,2
251370,251372,251373,1,2
251370,251372,251373,1,2
251370,251372,251373,1,2
251370,251372,251373,1,2
251370,251370,251372,2,0
251370,251372,251373,1,2
251370,251372,251373,1,2
251370,251372,251373,1,2
251370,251372,251373,1,2
251370,251372,251373,1,2
251370,251372,251373,1,2
251370,251372,251374,2,2
251370,251373,251374,1,3
251370,251372,251373,1,2
251370,251372,251373,1,2
251370,251372,251373,1,2
251370,251372,251373,1,2
251370,251372,251373,1,2
251370,251372,251373,1,2
251370,251372,251373,1,2
251370,251372,251373,1,2
251370,251372,251374,2,2
251370,251372,251374,2,2
251370,251373,251374,1,3
251370,251373,251374,1,3
251370,251372,251373,1,2
251370,251372,251373,1,2
251370,251372,251373,1,2
251370,251372,251374,2,2
251370,251372,251373,1,2
251370,251372,251373,1,2
251370,251372,251373,1,2
251370,251372,251373,1,2
251370,251372,251373,1,2
251370,251372,251374,2,2
251370,251372,251374,2,2
251370,251372,251374,2,2
251370,251372,251373,1,2
251370,251372,251374,2,2
251370,251372,251374,2,2
251370,251372,251373,1,2
251370,251372,251373,1,2
251370,251373,251374,1,3
251370,251372,251374,2,2
251370,251372,251374,2,2
251370,251372,251374,2,2
251370,251372,251374,2,2
251370,251372,251373,1,2
251370,251373,251374,1,3
251371,251373,251374,1,2
251371,251373,251374,1,2
251370,251372,251373,1,2
251370,251372,251373,1,2
251370,251372,251374,2,2
251370,251372,251373,1,2
251370,251372,251374,2,2
251370,251373,251374,1,3
251370,251373,251374,1,3
251370,251373,251374,1,3
251370,251373,251374,1,3
251371,251373,251374,1,2
251370,251372,251373,1,2
251370,251372,251373,1,2
251370,251372,251373,1,2
251370,251373,251374,1,3
251370,251373,251374,1,3
251370,251373,251375,2,3
251370,251373,251375,2,3
251370,251373,251375,2,3
251370,251373,251374,1,3
251370,251373,251374,1,3
251371,251373,251374,1,2
251371,251373,251374,1,2
251370,251373,251375,2,3
251370,251373,251375,2,3
251370,251373,251374,1,3
251370,251373,251375,2,3
251371,251373,251375,2,2
251370,251373,251374,1,3
251371,251374,251375,1,3
251371,251373,251375,2,2
251371,251373,251375,2,2
251371,251373,251375,2,2
251371,251373,251375,2,2
251371,251373,251375,2,2
251370,251373,251374,1,3
251370,251373,251374,1,3
251370,251373,251374,1,3
251370,251373,251374,1,3
251371,251374,251376,2,3
251371,251374,251376,2,3
251371,251374,251376,2,3
251371,251374,251376,2,3
251371,251374,251376,2,3
251371,251374,251376,2,3
251371,251374,251375,1,3
251371,251374,251375,1,3
251371,251374,251376,2,3
251371,251374,251375,1,3
251371,251374,251375,1,3
251371,251374,251376,2,3
251371,251374,251376,2,3
251371,251374,251376,2,3
251371,251374,251376,2,3
251371,251374,251376,2,3
251371,251374,251376,2,3
251371,251374,251376,2,3
251371,251374,251376,2,3
251371,251376,251378,2,5
251371,251376,251380,4,5
251337,251337,251386,49,0
251438,251438,251439,1,0
251438,251438,251439,1,0
251438,251438,251439,1,0
251438,251438,251439,1,0
251438,251438,251439,1,0
251438,251438,251439,1,0
251438,251438,251439,1,0
251438,251438,251439,1,0
251438,251438,251439,1,0
251438,251438,251439,1,0
251438,251438,251439,1,0
251438,251438,251439,1,0
251438,251438,251439,1,0
251438,251438,251439,1,0
251438,251438,251439,1,0
251438,251438,251439,1,0
251438,251438,251439,1,0
251438,251438,251439,1,0
251438,251438,251439,1,0
251438,251438,251439,1,0
251438,251438,251439,1,0
251438,251438,251439,1,0
251438,251438,251439,1,0
251438,251438,251439,1,0
251438,251438,251439,1,0
251438,251438,251439,1,0
251438,251438,251439,1,0
251438,251438,251439,1,0
251438,251438,251439,1,0
251438,251438,251439,1,0
251438,251438,251439,1,0
251438,251438,251439,1,0
251438,251438,251439,1,0
251438,251438,251439,1,0
251438,251438,251439,1,0
251438,251438,251439,1,0
251438,251438,251439,1,0
251438,251438,251439,1,0
251438,251438,251439,1,0
251438,251438,251439,1,0
251438,251438,251439,1,0
251438,251438,251439,1,0
251438,251438,251439,1,0
251438,251438,251439,1,0
251438,251438,251439,1,0
251438,251438,251439,1,0
251438,251438,251439,1,0
251438,251438,251439,1,0
251438,251438,251439,1,0
251438,251438,251439,1,0
251438,251438,251439,1,0
251438,251438,251439,1,0
251438,251438,251439,1,0
251438,251438,251439,1,0
251438,251438,251439,1,0
251438,251438,251440,2,0
251438,251438,251440,2,0
251438,251438,251440,2,0
251438,251438,251439,1,0
251438,251438,251440,2,0
251438,251438,251440,2,0
251438,251438,251440,2,0
251438,251438,251439,1,0
251438,251438,251440,2,0
251438,251438,251440,2,0
251438,251438,251440,2,0
251438,251438,251440,2,0
251438,251438,251440,2,0
251438,251438,251439,1,0
251438,251438,251440,2,0
251438,251438,251440,2,0
251438,251440,251441,1,2
251438,251438,251440,2,0
251438,251438,251440,2,0
251438,251440,251441,1,2
251438,251438,251440,2,0
251438,251438,251440,2,0
251438,251438,251440,2,0
251438,251440,251441,1,2
251438,251438,251440,2,0
251438,251438,251440,2,0
251438,251440,251441,1,2
251438,251440,251441,1,2
251438,251440,251441,1,2
251438,251440,251441,1,2
251438,251440,251441,1,2
251438,251438,251440,2,0
251438,251440,251441,1,2
251438,251438,251440,2,0
251438,251440,251441,1,2
251438,251440,251441,1,2
251438,251440,251441,1,2
251438,251440,251441,1,2
251438,251440,251442,2,2
251438,251440,251441,1,2
251438,251440,251442,2,2
251438,251440,251441,1,2
251438,251440,251441,1,2
251438,251440,251442,2,2
251438,251440,251441,1,2
251438,251440,251441,1,2
251438,251440,251442,2,2
251438,251440,251442,2,2
251438,251440,251441,1,2
251438,251440,251442,2,2
251438,251440,251441,1,2
251438,251440,251441,1,2
251438,251440,251442,2,2
251438,251440,251441,1,2
251438,251440,251441,1,2
251438,251440,251442,2,2
251438,251440,251441,1,2
251438,251440,251441,1,2
251438,251440,251441,1,2
251438,251440,251442,2,2
251438,251440,251442,2,2
251438,251440,251441,1,2
251438,251440,251441,1,2
251438,251440,251442,2,2
251438,251440,251441,1,2
251438,251440,251441,1,2
251438,251440,251441,1,2
251438,251440,251441,1,2
251438,251440,251441,1,2
251438,251440,251442,2,2
251438,251440,251442,2,2
251438,251440,251442,2,2
251438,251440,251441,1,2
251438,251440,251442,2,2
251438,251440,251442,2,2
251438,251440,251441,1,2
251438,251440,251442,2,2
251438,251440,251441,1,2
251438,251440,251442,2,2
251438,251440,251442,2,2
251438,251440,251442,2,2
251439,251440,251502,62,1
251503,251503,251504,1,0
251503,251503,251504,1,0
251503,251503,251504,1,0
251503,251503,251504,1,0
251503,251503,251504,1,0
251503,251503,251504,1,0
251503,251503,251504,1,0
251503,251503,251504,1,0
251503,251503,251504,1,0
251503,251503,251504,1,0
251503,251503,251504,1,0
251503,251503,251504,1,0
251503,251503,251504,1,0
251503,251503,251504,1,0
251503,251503,251504,1,0
251503,251503,251504,1,0
251503,251503,251504,1,0
251503,251503,251504,1,0
251503,251503,251504,1,0
251503,251503,251504,1,0
251503,251503,251504,1,0
251503,251503,251504,1,0
251503,251503,251504,1,0
251503,251503,251504,1,0
251503,251503,251504,1,0
251503,251503,251504,1,0
251503,251503,251504,1,0
251503,251503,251504,1,0
251503,251503,251504,1,0
251503,251503,251505,2,0
251503,251503,251505,2,0
251503,251503,251504,1,0
251503,251503,251505,2,0
251503,251503,251505,2,0
251503,251503,251504,1,0
251503,251503,251505,2,0
251503,251503,251505,2,0
251503,251503,251504,1,0
251503,251503,251505,2,0
251503,251503,251505,2,0
251503,251503,251505,2,0
251503,251503,251504,1,0
251503,251503,251504,1,0
251503,251503,251504,1,0
251503,251503,251505,2,0
251503,251503,251505,2,0
251503,251503,251504,1,0
251503,251503,251505,2,0
251503,251503,251505,2,0
251503,251503,251505,2,0
251503,251503,251505,2,0
251503,251503,251504,1,0
251503,251503,251505,2,0
251503,251503,251505,2,0
251503,251503,251504,1,0
251503,251503,251505,2,0
251503,251503,251505,2,0
251503,251503,251505,2,0
251503,251503,251505,2,0
251503,251503,251553,50,0
251552,251552,251553,1,0
251552,251552,251553,1,0
251552,251552,251553,1,0
251552,251552,251553,1,0
251552,251552,251553,1,0
251552,251552,251553,1,0
251552,251552,251553,1,0
251552,251552,251553,1,0
251552,251552,251553,1,0
251552,251552,251553,1,0
251552,251552,251553,1,0
251552,251552,251553,1,0
251552,251552,251553,1,0
251552,251552,251553,1,0
251552,251552,251553,1,0
251552,251552,251554,2,0
251552,251552,251553,1,0
251552,251552,251553,1,0
251552,251552,251553,1,0
251552,251552,251554,2,0
251552,251552,251554,2,0
251552,251552,251554,2,0
251552,251552,251553,1,0
251552,251552,251554,2,0
251552,251552,251553,1,0
251552,251552,251553,1,0
251552,251552,251554,2,0
251552,251552,251553,1,0
251552,251552,251553,1,0
251552,251552,251554,2,0
251552,251552,251553,1,0
251552,251552,251556,4,0
251552,251552,251556,4,0
251552,251552,251557,5,0
251586,251586,251587,1,0
251586,251586,251587,1,0
251586,251586,251587,1,0
251586,251586,251587,1,0
251586,251586,251587,1,0
251586,251586,251587,1,0
251586,251586,251587,1,0
251586,251586,251587,1,0
251586,251586,251587,1,0
251586,251586,251587,1,0
251586,251586,251587,1,0
251586,251586,251587,1,0
251586,251586,251587,1,0
251586,251586,251587,1,0
251586,251586,251587,1,0
251586,251586,251587,1,0
251586,251586,251587,1,0
251586,251586,251587,1,0
251586,251586,251587,1,0
251586,251586,251587,1,0
251586,251586,251587,1,0
251586,251586,251587,1,0
251586,251586,251587,1,0
251621,251621,251622,1,0
251621,251621,251622,1,0
251621,251621,251622,1,0
251621,251621,251622,1,0
251621,251621,251622,1,0
251621,251621,251622,1,0
251621,251621,251622,1,0
251621,251621,251622,1,0
251621,251621,251622,1,0
251621,251621,251622,1,0
251621,251621,251622,1,0
251621,251621,251622,1,0
251621,251621,251622,1,0
251621,251621,251622,1,0
251621,251621,251623,2,0
251621,251621,251622,1,0
251621,251621,251622,1,0
251621,251621,251622,1,0
251621,251621,251622,1,0
251621,251621,251622,1,0
251621,251621,251622,1,0
251621,251621,251622,1,0
251621,251621,251622,1,0
251621,251621,251622,1,0
251621,251621,251623,2,0
251621,251621,251622,1,0
251621,251621,251623,2,0
251621,251621,251622,1,0
251621,251621,251623,2,0
251621,251621,251623,2,0
251621,251621,251622,1,0
251621,251621,251622,1,0
251621,251621,251622,1,0
251621,251621,251623,2,0
251586,251586,251632,46,0
251638,251638,251639,1,0
251638,251638,251639,1,0
251638,251638,251639,1,0
251638,251638,251639,1,0
251638,251638,251639,1,0
251638,251638,251639,1,0
251638,251638,251639,1,0
251638,251638,251639,1,0
251638,251638,251639,1,0
251638,251638,251639,1,0
251638,251638,251639,1,0
251638,251638,251639,1,0
251638,251638,251639,1,0
251638,251638,251639,1,0
251638,251638,251639,1,0
251638,251638,251639,1,0
251638,251638,251639,1,0
251638,251638,251639,1,0
251638,251638,251639,1,0
251638,251638,251639,1,0
251638,251638,251639,1,0
251638,251638,251639,1,0
251638,251638,251639,1,0
251638,251638,251639,1,0
251638,251638,251639,1,0
251638,251638,251639,1,0
251638,251638,251639,1,0
251638,251638,251639,1,0
251638,251638,251639,1,0
251638,251638,251639,1,0
251638,251638,251640,2,0
251638,251638,251640,2,0
251638,251638,251685,47,0
251686,251686,251687,1,0
251686,251686,251687,1,0
251686,251686,251687,1,0
251686,251686,251687,1,0
251686,251686,251687,1,0
251686,251686,251687,1,0
251686,251686,251687,1,0
251686,251686,251687,1,0
251686,251686,251687,1,0
251686,251686,251687,1,0
251686,251686,251687,1,0
251686,251686,251688,2,0
251686,251686,251688,2,0
251686,251686,251688,2,0
251686,251686,251688,2,0
251686,251686,251688,2,0
251686,251686,251688,2,0
251686,251686,251688,2,0
251686,251686,251688,2,0
251686,251686,251688,2,0
251686,251686,251688,2,0
251686,251686,251688,2,0
251686,251686,251688,2,0
251686,251686,251688,2,0
251686,251686,251688,2,0
251686,251686,251688,2,0
251686,251686,251688,2,0
251686,251686,251688,2,0
251686,251686,251688,2,0
251686,251686,251688,2,0
251686,251686,251688,2,0
251686,251686,251687,1,0
251686,251686,251688,2,0
251686,251686,251688,2,0
251677,251677,251725,48,0
251726,251726,251727,1,0
251726,251726,251727,1,0
251726,251726,251727,1,0
251726,251726,251727,1,0
251726,251726,251727,1,0
251726,251726,251727,1,0
251726,251726,251727,1,0
251726,251726,251727,1,0
251726,251726,251727,1,0
251726,251726,251727,1,0
251726,251726,251728,2,0
251726,251726,251728,2,0
251726,251726,251728,2,0
251726,251726,251728,2,0
251726,251726,251728,2,0
251726,251726,251728,2,0
251726,251726,251728,2,0
251726,251726,251727,1,0
251726,251726,251727,1,0
251726,251726,251728,2,0
251726,251726,251728,2,0
251726,251726,251728,2,0
251726,251726,251728,2,0
251726,251726,251728,2,0
251726,251726,251728,2,0
251726,251726,251727,1,0
251726,251726,251728,2,0
251726,251726,251727,1,0
251675,251675,251728,53,0
251726,251728,251729,1,2
251726,251728,251729,1,2
251726,251728,251729,1,2
251729,251730,251731,1,1
251726,251728,251729,1,2
251729,251730,251731,1,1
251729,251730,251731,1,1
251729,251730,251731,1,1
251729,251730,251731,1,1
251729,251730,251731,1,1
251729,251730,251731,1,1
251729,251730,251731,1,1
251729,251730,251731,1,1
251729,251730,251731,1,1
251729,251730,251731,1,1
251729,251730,251731,1,1
251729,251730,251731,1,1
251729,251730,251731,1,1
251729,251730,251731,1,1
251729,251730,251731,1,1
251729,251730,251731,1,1
251729,251730,251731,1,1
251729,251730,251731,1,1
251729,251730,251731,1,1
251729,251730,251731,1,1
251729,251730,251731,1,1
251729,251731,251733,2,2
251729,251731,251734,3,2
251687,251687,251734,47,0
251729,251730,251738,8,1
251679,251679,251740,61,0
251681,251681,251740,59,0
251683,251683,251742,59,0
251729,251730,251743,13,1
251751,251751,251752,1,0
251751,251751,251752,1,0
251751,251751,251752,1,0
251751,251751,251752,1,0
251751,251751,251752,1,0
251685,251686,251752,66,1
251751,251751,251752,1,0
251751,251751,251752,1,0
251751,251751,251752,1,0
251751,251751,251752,1,0
251751,251751,251752,1,0
251751,251751,251752,1,0
251751,251751,251752,1,0
251751,251751,251752,1,0
251751,251751,251752,1,0
251751,251751,251752,1,0
251751,251751,251752,1,0
251751,251751,251752,1,0
251751,251751,251752,1,0
251751,251751,251752,1,0
251751,251751,251752,1,0
251751,251751,251752,1,0
251751,251751,251752,1,0
251751,251751,251752,1,0
251751,251751,251752,1,0
251751,251751,251752,1,0
251751,251751,251752,1,0
251751,251751,251753,2,0
251751,251751,251753,2,0
251751,251752,251753,1,1
251751,251752,251753,1,1
251751,251752,251753,1,1
251751,251752,251753,1,1
251751,251752,251753,1,1
251751,251752,251753,1,1
251751,251752,251753,1,1
251751,251752,251753,1,1
251751,251751,251752,1,0
251751,251751,251752,1,0
251751,251752,251753,1,1
251751,251752,251753,1,1
251751,251752,251753,1,1
251751,251752,251753,1,1
251751,251751,251752,1,0
251751,251751,251752,1,0
251751,251751,251752,1,0
251751,251751,251753,2,0
251751,251751,251752,1,0
251751,251751,251752,1,0
251751,251751,251752,1,0
251751,251751,251752,1,0
251751,251751,251753,2,0
251751,251751,251752,1,0
251751,251751,251752,1,0
251751,251751,251752,1,0
251751,251751,251752,1,0
251751,251751,251752,1,0
251751,251751,251752,1,0
251751,251751,251752,1,0
251751,251751,251752,1,0
251751,251751,251752,1,0
251751,251751,251753,2,0
251751,251751,251752,1,0
251751,251751,251752,1,0
251751,251751,251752,1,0
251751,251751,251752,1,0
251751,251751,251752,1,0
251751,251751,251753,2,0
251751,251751,251752,1,0
251751,251751,251752,1,0
251751,251751,251753,2,0
251751,251753,251754,1,2
251751,251753,251754,1,2
251751,251752,251754,2,1
251751,251752,251754,2,1
251751,251752,251753,1,1
251751,251752,251754,2,1
251751,251752,251754,2,1
251751,251752,251754,2,1
251751,251752,251754,2,1
251751,251752,251754,2,1
251751,251752,251754,2,1
251751,251752,251754,2,1
251751,251752,251753,1,1
251751,251752,251754,2,1
251751,251752,251753,1,1
251751,251752,251754,2,1
251751,251752,251754,2,1
251751,251752,251754,2,1
251751,251752,251754,2,1
251751,251752,251754,2,1
251751,251752,251754,2,1
251751,251752,251754,2,1
251751,251753,251754,1,2
251751,251751,251756,5,0
251751,251751,251756,5,0
251751,251751,251755,4,0
251751,251751,251757,6,0
251721,251721,251770,49,0
251709,251709,251770,61,0
251724,251724,251776,52,0
251713,251713,251778,65,0
251729,251729,251780,51,0
251727,251727,251782,55,0
251732,251732,251788,56,0
251712,251712,251789,77,0
251788,251788,251790,2,0
251788,251788,251790,2,0
251788,251788,251790,2,0
251788,251788,251790,2,0
251788,251789,251790,1,1
251788,251788,251789,1,0
251788,251788,251789,1,0
251788,251788,251789,1,0
251788,251788,251789,1,0
251788,251788,251790,2,0
251788,251788,251789,1,0
251788,251788,251790,2,0
251788,251788,251790,2,0
251788,251788,251790,2,0
251789,251789,251790,1,0
251788,251788,251789,1,0
251788,251788,251790,2,0
251788,251788,251790,2,0
251788,251788,251790,2,0
251788,251788,251789,1,0
251788,251788,251789,1,0
251788,251788,251790,2,0
251789,251789,251790,1,0
251788,251788,251789,1,0
251788,251788,251789,1,0
251788,251788,251790,2,0
251788,251788,251790,2,0
251788,251788,251790,2,0
251789,251789,251790,1,0
251788,251788,251789,1,0
251788,251788,251789,1,0
251788,251788,251790,2,0
251788,251788,251790,2,0
251708,251708,251790,82,0
251788,251789,251790,1,1
251788,251789,251790,1,1
251788,251789,251790,1,1
251788,251789,251790,1,1
251789,251790,251791,1,1
251788,251788,251790,2,0
251788,251788,251790,2,0
251788,251789,251790,1,1
251788,251789,251790,1,1
251788,251789,251790,1,1
251789,251790,251791,1,1
251788,251788,251790,2,0
251788,251789,251790,1,1
251788,251789,251790,1,1
251788,251789,251790,1,1
251789,251790,251791,1,1
251788,251789,251790,1,1
251788,251789,251790,1,1
251788,251789,251790,1,1
251789,251790,251791,1,1
251789,251790,251791,1,1
251788,251788,251790,2,0
251788,251789,251790,1,1
251788,251789,251790,1,1
251789,251790,251791,1,1
251789,251790,251791,1,1
251788,251789,251790,1,1
251788,251789,251790,1,1
251789,251790,251791,1,1
251788,251789,251791,2,1
251788,251789,251790,1,1
251788,251788,251790,2,0
251788,251789,251790,1,1
251788,251789,251790,1,1
251789,251790,251791,1,1
251788,251789,251790,1,1
251788,251789,251790,1,1
251789,251790,251791,1,1
251789,251790,251791,1,1
251789,251790,251791,1,1
251716,251716,251791,75,0
251789,251790,251791,1,1
251789,251790,251791,1,1
251789,251790,251792,2,1
251789,251790,251791,1,1
251789,251791,251792,1,2
251789,251791,251792,1,2
251789,251791,251792,1,2
251789,251791,251792,1,2
251789,251791,251792,1,2
251789,251791,251792,1,2
251789,251790,251792,2,1
251789,251790,251792,2,1
251789,251790,251791,1,1
251789,251790,251791,1,1
251789,251790,251792,2,1
251789,251790,251792,2,1
251789,251790,251792,2,1
251789,251790,251792,2,1
251789,251790,251791,1,1
251789,251790,251792,2,1
251789,251790,251792,2,1
251789,251791,251792,1,2
251789,251790,251792,2,1
251789,251790,251792,2,1
251789,251790,251792,2,1
251789,251791,251792,1,2
251789,251791,251792,1,2
251789,251790,251791,1,1
251789,251790,251791,1,1
251789,251790,251791,1,1
251789,251790,251792,2,1
251789,251790,251792,2,1
251789,251790,251792,2,1
251789,251790,251791,1,1
251789,251790,251791,1,1
251789,251790,251792,2,1
251789,251791,251792,1,2
251789,251791,251792,1,2
251789,251790,251792,2,1
251789,251790,251792,2,1
251789,251790,251792,2,1
251789,251791,251792,1,2
251789,251791,251792,1,2
251789,251790,251792,2,1
251789,251790,251791,1,1
251789,251790,251792,2,1
251789,251791,251792,1,2
251789,251791,251792,1,2
251789,251791,251792,1,2
251789,251791,251792,1,2
251789,251791,251792,1,2
251789,251791,251792,1,2
251789,251792,251793,1,3
251789,251791,251792,1,2
251789,251791,251792,1,2
251789,251791,251792,1,2
251789,251791,251792,1,2
251789,251791,251792,1,2
251789,251792,251793,1,3
251789,251792,251793,1,3
251789,251791,251793,2,2
251789,251791,251793,2,2
251789,251793,251794,1,4
251789,251791,251793,2,2
251789,251792,251793,1,3
251789,251793,251794,1,4
251789,251791,251793,2,2
251789,251791,251793,2,2
251789,251791,251793,2,2
251789,251791,251793,2,2
251789,251791,251793,2,2
251789,251791,251793,2,2
251789,251791,251793,2,2
251789,251791,251793,2,2
251789,251792,251793,1,3
251789,251792,251793,1,3
251789,251793,251794,1,4
251789,251791,251793,2,2
251789,251791,251793,2,2
251789,251791,251793,2,2
251789,251791,251793,2,2
251789,251793,251794,1,4
251789,251793,251794,1,4
251789,251792,251793,1,3
251789,251792,251793,1,3
251789,251791,251794,3,2
251789,251793,251794,1,4
251789,251791,251794,3,2
251789,251793,251794,1,4
251789,251791,251795,4,2
251789,251793,251794,1,4
251789,251793,251794,1,4
251789,251793,251794,1,4
251789,251793,251794,1,4
251789,251793,251794,1,4
251789,251793,251794,1,4
251789,251793,251794,1,4
251789,251793,251794,1,4
251789,251793,251794,1,4
251789,251793,251794,1,4
251789,251793,251794,1,4
251789,251793,251794,1,4
251789,251793,251794,1,4
251789,251793,251794,1,4
251789,251793,251794,1,4
251789,251793,251794,1,4
251789,251793,251794,1,4
251789,251793,251794,1,4
251718,251718,251800,82,0
251730,251730,251808,78,0
251790,251793,251840,47,3
251857,251857,251858,1,0
251857,251857,251858,1,0
251857,251857,251858,1,0
251857,251857,251858,1,0
251857,251857,251858,1,0
251857,251857,251858,1,0
251857,251857,251858,1,0
251857,251857,251858,1,0
251857,251857,251858,1,0
251857,251857,251858,1,0
251857,251857,251858,1,0
251857,251857,251858,1,0
251857,251857,251858,1,0
251857,251857,251858,1,0
251857,251857,251858,1,0
251857,251857,251858,1,0
251857,251857,251858,1,0
251857,251857,251858,1,0
251857,251857,251858,1,0
251857,251857,251858,1,0
251857,251857,251858,1,0
251857,251857,251858,1,0
251857,251857,251858,1,0
251857,251857,251858,1,0
251857,251857,251858,1,0
251857,251857,251858,1,0
251857,251857,251858,1,0
251857,251857,251858,1,0
251857,251857,251858,1,0
251857,251857,251858,1,0
251857,251857,251858,1,0
251857,251857,251858,1,0
251857,251857,251858,1,0
251857,251857,251858,1,0
251857,251857,251859,2,0
251857,251857,251859,2,0
251857,251857,251858,1,0
251857,251857,251859,2,0
251857,251857,251858,1,0
251857,251857,251858,1,0
251857,251857,251858,1,0
251857,251857,251858,1,0
251857,251857,251859,2,0
251857,251858,251859,1,1
251857,251858,251859,1,1
251857,251857,251858,1,0
251857,251857,251858,1,0
251857,251857,251858,1,0
251857,251857,251859,2,0
251857,251858,251859,1,1
251857,251857,251858,1,0
251857,251857,251858,1,0
251857,251857,251859,2,0
251857,251857,251858,1,0
251857,251858,251859,1,1
251857,251857,251858,1,0
251857,251857,251859,2,0
251857,251857,251859,2,0
251857,251858,251859,1,1
251857,251858,251859,1,1
251857,251857,251858,1,0
251857,251857,251859,2,0
251857,251857,251859,2,0
251857,251858,251859,1,1
251857,251857,251858,1,0
251857,251857,251859,2,0
251857,251857,251859,2,0
251857,251858,251859,1,1
251857,251857,251859,2,0
251857,251857,251858,1,0
251857,251857,251858,1,0
251857,251858,251859,1,1
251857,251857,251858,1,0
251857,251857,251859,2,0
251857,251857,251859,2,0
251857,251858,251859,1,1
251857,251857,251859,2,0
251857,251857,251858,1,0
251857,251858,251859,1,1
251857,251858,251859,1,1
251857,251858,251860,2,1
251857,251858,251860,2,1
251857,251858,251860,2,1
251857,251858,251860,2,1
251857,251858,251860,2,1
251857,251858,251860,2,1
251857,251858,251860,2,1
251857,251858,251860,2,1
251857,251858,251860,2,1
251857,251858,251860,2,1
251857,251858,251860,2,1
251857,251858,251860,2,1
251857,251858,251860,2,1
251857,251858,251860,2,1
251857,251858,251860,2,1
251857,251860,251861,1,3
251857,251858,251860,2,1
251857,251858,251860,2,1
251857,251858,251860,2,1
251857,251860,251861,1,3
251857,251858,251860,2,1
251857,251858,251861,3,1
251857,251858,251860,2,1
251857,251860,251861,1,3
251857,251858,251860,2,1
251857,251858,251860,2,1
251857,251858,251860,2,1
251857,251858,251860,2,1
251857,251858,251860,2,1
251857,251860,251861,1,3
251857,251858,251860,2,1
251857,251858,251860,2,1
251857,251860,251861,1,3
251857,251858,251860,2,1
251857,251858,251860,2,1
251857,251858,251860,2,1
251857,251858,251860,2,1
251857,251860,251861,1,3
251857,251860,251861,1,3
251857,251860,251861,1,3
251857,251860,251861,1,3
251857,251860,251861,1,3
251857,251860,251861,1,3
251857,251860,251861,1,3
251857,251860,251861,1,3
251857,251860,251861,1,3
251857,251860,251861,1,3
251857,251860,251861,1,3
251857,251860,251861,1,3
251857,251860,251861,1,3
251857,251860,251861,1,3
251857,251860,251861,1,3
251857,251860,251861,1,3
251857,251860,251861,1,3
251857,251860,251861,1,3
251857,251860,251862,2,3
251857,251860,251861,1,3
251857,251860,251861,1,3
251857,251860,251861,1,3
251857,251860,251861,1,3
251857,251860,251861,1,3
251857,251860,251861,1,3
251857,251860,251861,1,3
251857,251860,251861,1,3
251857,251860,251861,1,3
251857,251860,251861,1,3
251857,251860,251861,1,3
251857,251860,251861,1,3
251857,251860,251861,1,3
251857,251860,251861,1,3
251857,251860,251861,1,3
251857,251860,251861,1,3
251857,251860,251861,1,3
251857,251860,251861,1,3
251857,251860,251862,2,3
251939,251939,251940,1,0
251939,251939,251940,1,0
251939,251939,251940,1,0
251939,251939,251940,1,0
251939,251939,251940,1,0
251939,251939,251940,1,0
251939,251939,251940,1,0
251939,251939,251940,1,0
251939,251939,251940,1,0
251939,251939,251940,1,0
251939,251939,251940,1,0
251939,251939,251940,1,0
251939,251939,251940,1,0
251939,251939,251940,1,0
251939,251939,251940,1,0
251939,251939,251940,1,0
251939,251939,251940,1,0
251939,251939,251940,1,0
251939,251939,251940,1,0
251939,251939,251940,1,0
251939,251939,251940,1,0
251939,251939,251940,1,0
251939,251939,251940,1,0
251939,251939,251940,1,0
251939,251939,251940,1,0
251939,251939,251940,1,0
251939,251939,251940,1,0
251939,251939,251941,2,0
251939,251939,251940,1,0
251939,251939,251940,1,0
251939,251939,251940,1,0
251939,251939,251941,2,0
251939,251939,251941,2,0
251939,251939,251941,2,0
251939,251939,251940,1,0
251939,251939,251941,2,0
251939,251939,251940,1,0
251939,251939,251940,1,0
251939,251939,251940,1,0
251939,251939,251940,1,0
251939,251939,251941,2,0
251939,251939,251940,1,0
251939,251939,251941,2,0
251939,251939,251941,2,0
251939,251939,251940,1,0
251939,251939,251941,2,0
251939,251939,251941,2,0
251939,251939,251941,2,0
251939,251939,251940,1,0
251939,251939,251941,2,0
251939,251939,251941,2,0
251939,251939,251941,2,0
251939,251939,251941,2,0
251939,251939,251941,2,0
251939,251939,251941,2,0
251939,251939,251940,1,0
251939,251939,251941,2,0
251939,251939,251941,2,0
251939,251939,251940,1,0
251939,251939,251941,2,0
251939,251939,251940,1,0
251939,251939,251940,1,0
251939,251939,251941,2,0
251939,251939,251941,2,0
251939,251939,251940,1,0
251939,251939,251941,2,0
251939,251939,251940,1,0
251939,251939,251941,2,0
251988,251988,251989,1,0
251988,251988,251989,1,0
251988,251988,251989,1,0
251988,251988,251989,1,0
251988,251988,251989,1,0
251988,251988,251989,1,0
251988,251988,251989,1,0
251988,251988,251989,1,0
251988,251988,251989,1,0
251988,251988,251989,1,0
251988,251988,251990,2,0
251988,251988,251990,2,0
251988,251988,251990,2,0
251988,251988,251990,2,0
251988,251988,251990,2,0
251988,251988,251990,2,0
251988,251988,251990,2,0
251988,251988,251990,2,0
251988,251988,251989,1,0
251988,251988,251990,2,0
251988,251988,251990,2,0
251988,251988,251990,2,0
251988,251988,251990,2,0
251988,251988,251990,2,0
251988,251988,251990,2,0
251988,251988,251990,2,0
251988,251988,251990,2,0
251988,251988,251990,2,0
251988,251988,251990,2,0
251988,251988,251990,2,0
251988,251988,251990,2,0
251988,251988,251990,2,0
251988,251988,251991,3,0
251988,251988,251991,3,0
251939,251940,251993,53,1
252020,252020,252021,1,0
252020,252020,252021,1,0
252020,252020,252021,1,0
252020,252020,252021,1,0
252020,252020,252021,1,0
252020,252020,252021,1,0
252020,252020,252021,1,0
252020,252020,252021,1,0
252020,252020,252021,1,0
252020,252020,252021,1,0
252020,252020,252022,2,0
252020,252020,252022,2,0
252020,252020,252022,2,0
252020,252020,252022,2,0
252020,252020,252022,2,0
252020,252020,252022,2,0
252020,252020,252022,2,0
252020,252020,252022,2,0
252020,252020,252021,1,0
252020,252020,252022,2,0
252020,252020,252022,2,0
252020,252020,252022,2,0
252020,252020,252022,2,0
252020,252020,252022,2,0
252020,252020,252022,2,0
252020,252020,252022,2,0
252020,252020,252022,2,0
252020,252020,252022,2,0
252020,252020,252022,2,0
252020,252020,252022,2,0
252020,252020,252022,2,0
252020,252020,252022,2,0
252020,252020,252022,2,0
252020,252020,252022,2,0
251989,251989,252033,44,0
252056,252056,252057,1,0
252056,252056,252057,1,0
252056,252056,252057,1,0
252056,252056,252057,1,0
252056,252056,252057,1,0
252056,252056,252057,1,0
252056,252056,252057,1,0
252056,252056,252057,1,0
252056,252056,252057,1,0
252056,252056,252057,1,0
252056,252056,252057,1,0
252056,252056,252057,1,0
252056,252056,252057,1,0
252056,252056,252057,1,0
252056,252056,252057,1,0
252056,252056,252057,1,0
252056,252056,252057,1,0
252056,252056,252058,2,0
252056,252056,252057,1,0
252056,252056,252057,1,0
252056,252056,252057,1,0
252056,252056,252058,2,0
252056,252056,252057,1,0
252056,252056,252057,1,0
252056,252056,252057,1,0
252056,252056,252057,1,0
252056,252056,252058,2,0
252056,252056,252057,1,0
252056,252056,252057,1,0
252056,252056,252057,1,0
252056,252056,252058,2,0
252056,252056,252057,1,0
252056,252056,252057,1,0
252056,252056,252058,2,0
252021,252021,252068,47,0
252073,252073,252074,1,0
252073,252073,252074,1,0
252073,252073,252074,1,0
252073,252073,252074,1,0
252073,252073,252074,1,0
252073,252073,252074,1,0
252073,252073,252074,1,0
252073,252073,252074,1,0
252073,252073,252074,1,0
252073,252073,252074,1,0
252073,252073,252074,1,0
252073,252073,252074,1,0
252073,252073,252074,1,0
252073,252073,252074,1,0
252073,252073,252074,1,0
252073,252073,252074,1,0
252073,252073,252074,1,0
252073,252073,252074,1,0
252073,252073,252075,2,0
252073,252073,252074,1,0
252073,252073,252075,2,0
252073,252073,252074,1,0
252073,252073,252074,1,0
252073,252073,252074,1,0
252073,252073,252074,1,0
252073,252073,252074,1,0
252073,252073,252074,1,0
252073,252073,252074,1,0
252073,252073,252074,1,0
252073,252073,252075,2,0
252073,252073,252074,1,0
252073,252073,252075,2,0
252073,252073,252074,1,0
252073,252073,252075,2,0
252092,252092,252093,1,0
252092,252092,252093,1,0
252092,252092,252093,1,0
252092,252092,252093,1,0
252092,252092,252093,1,0
252092,252092,252093,1,0
252092,252092,252093,1,0
252092,252092,252093,1,0
252092,252092,252093,1,0
252092,252092,252093,1,0
252092,252092,252093,1,0
252092,252092,252093,1,0
252092,252092,252093,1,0
252092,252092,252094,2,0
252092,252092,252093,1,0
252092,252092,252093,1,0
252092,252092,252094,2,0
252092,252092,252094,2,0
252092,252092,252094,2,0
252092,252092,252093,1,0
252092,252092,252094,2,0
252092,252092,252094,2,0
252092,252092,252093,1,0
252092,252092,252093,1,0
252092,252092,252093,1,0
252092,252092,252093,1,0
252092,252092,252094,2,0
252092,252092,252094,2,0
252092,252092,252093,1,0
252092,252092,252093,1,0
252092,252092,252094,2,0
252092,252092,252094,2,0
252092,252092,252094,2,0
252092,252092,252093,1,0
252073,252073,252125,52,0
252128,252128,252129,1,0
252128,252128,252129,1,0
252128,252128,252129,1,0
252128,252128,252129,1,0
252128,252128,252129,1,0
252128,252128,252129,1,0
252128,252128,252129,1,0
252128,252128,252129,1,0
252128,252128,252129,1,0
252128,252128,252129,1,0
252128,252128,252129,1,0
252128,252128,252129,1,0
252128,252128,252129,1,0
252128,252128,252129,1,0
252128,252128,252130,2,0
252128,252128,252130,2,0
252128,252128,252130,2,0
252128,252128,252130,2,0
252128,252128,252129,1,0
252128,252128,252130,2,0
252128,252128,252130,2,0
252128,252128,252129,1,0
252128,252128,252130,2,0
252128,252128,252129,1,0
252128,252128,252129,1,0
252128,252128,252129,1,0
252128,252128,252130,2,0
252128,252128,252129,1,0
252128,252128,252130,2,0
252128,252128,252130,2,0
252128,252128,252130,2,0
252128,252128,252129,1,0
252128,252128,252129,1,0
252128,252128,252129,1,0
252111,252111,252156,45,0
252159,252159,252160,1,0
252159,252159,252160,1,0
252159,252159,252160,1,0
252159,252159,252160,1,0
252159,252159,252160,1,0
252159,252159,252160,1,0
252159,252159,252160,1,0
252159,252159,252160,1,0
252159,252159,252160,1,0
252159,252159,252160,1,0
252159,252159,252160,1,0
252159,252159,252160,1,0
252159,252159,252160,1,0
252159,252159,252160,1,0
252159,252159,252160,1,0
252159,252159,252160,1,0
252159,252159,252160,1,0
252159,252159,252160,1,0
252159,252159,252160,1,0
252159,252159,252160,1,0
252159,252159,252160,1,0
252159,252159,252160,1,0
252159,252159,252160,1,0
252159,252159,252160,1,0
252129,252130,252183,53,1
252159,252159,252183,24,0
252159,252159,252183,24,0
252159,252159,252183,24,0
252159,252159,252183,24,0
252201,252201,252202,1,0
252201,252201,252202,1,0
252201,252201,252202,1,0
252201,252201,252202,1,0
252201,252201,252202,1,0
252149,252149,252201,52,0
252201,252201,252202,1,0
252201,252201,252202,1,0
252201,252201,252202,1,0
252201,252201,252202,1,0
252201,252201,252202,1,0
252201,252201,252202,1,0
252201,252201,252202,1,0
252201,252201,252202,1,0
252201,252201,252202,1,0
252201,252201,252202,1,0
252201,252201,252202,1,0
252201,252201,252202,1,0
252201,252201,252203,2,0
252201,252201,252202,1,0
252201,252201,252203,2,0
252201,252201,252203,2,0
252201,252201,252203,2,0
252201,252201,252202,1,0
252201,252201,252202,1,0
252201,252201,252202,1,0
252201,252201,252203,2,0
252201,252202,252203,1,1
252203,252203,252204,1,0
252203,252203,252204,1,0
252203,252203,252204,1,0
252203,252203,252204,1,0
252203,252203,252204,1,0
252203,252203,252204,1,0
252203,252203,252204,1,0
252203,252203,252204,1,0
252203,252203,252204,1,0
252203,252203,252204,1,0
252203,252203,252204,1,0
252203,252203,252204,1,0
252203,252203,252204,1,0
252203,252203,252204,1,0
252203,252203,252204,1,0
252203,252203,252204,1,0
252203,252203,252204,1,0
252203,252203,252204,1,0
252203,252203,252205,2,0
252203,252203,252204,1,0
252203,252203,252204,1,0
252203,252203,252204,1,0
252203,252203,252204,1,0
252203,252203,252204,1,0
252203,252203,252204,1,0
252203,252203,252204,1,0
252203,252203,252204,1,0
252203,252203,252204,1,0
252203,252203,252205,2,0
252203,252203,252204,1,0
252203,252203,252204,1,0
252203,252203,252206,3,0
252158,252158,252206,48,0
252201,252201,252206,5,0
252201,252201,252206,5,0
252201,252201,252207,6,0
252207,252207,252208,1,0
252201,252201,252207,6,0
252159,252159,252207,48,0
252207,252207,252208,1,0
252207,252207,252208,1,0
252207,252207,252208,1,0
252207,252207,252208,1,0
252207,252207,252208,1,0
252207,252207,252208,1,0
252207,252207,252208,1,0
252207,252207,252208,1,0
252150,252150,252208,58,0
252207,252207,252208,1,0
252161,252161,252208,47,0
252208,252208,252209,1,0
252207,252207,252208,1,0
252207,252207,252208,1,0
252207,252207,252208,1,0
252208,252208,252209,1,0
252208,252208,252209,1,0
252207,252207,252208,1,0
252207,252207,252208,1,0
252208,252208,252209,1,0
252208,252208,252209,1,0
252207,252207,252208,1,0
252207,252207,252208,1,0
252207,252207,252208,1,0
252208,252208,252209,1,0
252207,252207,252208,1,0
252207,252207,252208,1,0
252207,252207,252208,1,0
252208,252208,252209,1,0
252208,252208,252209,1,0
252208,252208,252209,1,0
252208,252208,252209,1,0
252208,252208,252209,1,0
252208,252208,252209,1,0
252208,252208,252210,2,0
252208,252208,252210,2,0
252208,252208,252210,2,0
252208,252208,252210,2,0
252208,252209,252210,1,1
252208,252208,252210,2,0
252208,252208,252210,2,0
252208,252208,252210,2,0
252208,252208,252210,2,0
252208,252208,252210,2,0
252208,252209,252210,1,1
252208,252209,252210,1,1
252207,252209,252210,1,2
252210,252210,252211,1,0
252210,252210,252211,1,0
252208,252208,252210,2,0
252208,252209,252210,1,1
252208,252209,252210,1,1
252208,252209,252210,1,1
252210,252210,252211,1,0
252207,252209,252210,1,2
252207,252209,252210,1,2
252207,252209,252210,1,2
252208,252209,252210,1,1
252210,252210,252211,1,0
252208,252209,252210,1,1
252208,252209,252210,1,1
252208,252209,252210,1,1
252210,252210,252211,1,0
252210,252210,252211,1,0
252210,252211,252212,1,1
252210,252210,252211,1,0
252210,252210,252211,1,0
252210,252210,252211,1,0
252210,252210,252212,2,0
252210,252210,252211,1,0
252210,252211,252212,1,1
252210,252210,252211,1,0
252210,252210,252211,1,0
252210,252210,252212,2,0
252210,252211,252212,1,1
252210,252210,252212,2,0
252210,252210,252212,2,0
252210,252210,252212,2,0
252210,252210,252212,2,0
252211,252211,252212,1,0
252201,252201,252212,11,0
252201,252201,252212,11,0
252203,252203,252212,9,0
252210,252210,252212,2,0
252210,252210,252212,2,0
252210,252210,252212,2,0
252210,252210,252212,2,0
252210,252210,252212,2,0
252210,252211,252212,1,1
252211,252212,252213,1,1
252211,252212,252213,1,1
252211,252212,252213,1,1
252211,252212,252213,1,1
252210,252210,252212,2,0
252210,252210,252212,2,0
252210,252210,252212,2,0
252210,252211,252212,1,1
252211,252212,252213,1,1
252211,252212,252213,1,1
252211,252212,252213,1,1
252211,252212,252213,1,1
252210,252210,252212,2,0
252210,252210,252212,2,0
252210,252211,252212,1,1
252211,252212,252213,1,1
252211,252212,252213,1,1
252155,252155,252213,58,0
252211,252212,252213,1,1
252211,252212,252213,1,1
252211,252212,252213,1,1
252211,252212,252213,1,1
252211,252212,252213,1,1
252211,252212,252213,1,1
252211,252212,252213,1,1
252211,252212,252213,1,1
252211,252212,252213,1,1
252211,252212,252213,1,1
252211,252212,252213,1,1
252201,252201,252213,12,0
252203,252203,252213,10,0
252211,252211,252213,2,0
252211,252212,252213,1,1
252153,252153,252215,62,0
252208,252208,252217,9,0
252163,252163,252220,57,0
252207,252207,252220,13,0
252207,252207,252221,14,0
252207,252207,252222,15,0
252166,252166,252223,57,0
252208,252208,252225,17,0
252167,252167,252231,64,0
252232,252232,252233,1,0
252231,252232,252233,1,1
252231,252232,252233,1,1
252232,252232,252233,1,0
252232,252232,252233,1,0
252231,252232,252233,1,1
252232,252232,252233,1,0
252151,252151,252232,81,0
252231,252232,252233,1,1
252231,252232,252233,1,1
252232,252232,252233,1,0
252231,252232,252233,1,1
252231,252232,252233,1,1
252232,252232,252233,1,0
252231,252232,252233,1,1
252231,252232,252233,1,1
252231,252232,252233,1,1
252232,252232,252233,1,0
252231,252232,252233,1,1
252231,252232,252233,1,1
252232,252232,252233,1,0
252231,252232,252233,1,1
252232,252232,252233,1,0
252232,252232,252233,1,0
252232,252232,252233,1,0
252231,252232,252233,1,1
252231,252232,252233,1,1
252232,252232,252233,1,0
252231,252232,252233,1,1
252231,252232,252233,1,1
252232,252232,252233,1,0
252232,252233,252234,1,1
252232,252233,252234,1,1
252232,252233,252234,1,1
252231,252232,252233,1,1
252232,252232,252233,1,0
252232,252233,252234,1,1
252232,252233,252234,1,1
252232,252233,252234,1,1
252232,252233,252234,1,1
252231,252232,252233,1,1
252232,252232,252233,1,0
252232,252232,252233,1,0
252232,252232,252233,1,0
252232,252232,252233,1,0
252231,252232,252233,1,1
252232,252232,252233,1,0
252232,252232,252233,1,0
252232,252233,252234,1,1
252232,252232,252233,1,0
252232,252232,252233,1,0
252232,252232,252233,1,0
252231,252232,252233,1,1
252232,252232,252233,1,0
252232,252232,252233,1,0
252232,252233,252234,1,1
252232,252232,252233,1,0
252232,252232,252233,1,0
252232,252233,252234,1,1
252231,252232,252233,1,1
252232,252232,252233,1,0
252232,252232,252233,1,0
252232,252232,252233,1,0
252232,252232,252233,1,0
252232,252232,252233,1,0
252232,252232,252233,1,0
252232,252233,252234,1,1
252231,252233,252234,1,2
252231,252233,252234,1,2
252232,252233,252235,2,1
252232,252233,252234,1,1
252232,252233,252234,1,1
252232,252233,252235,2,1
252232,252233,252235,2,1
252232,252233,252235,2,1
252232,252233,252235,2,1
252232,252233,252235,2,1
252232,252233,252234,1,1
252232,252233,252235,2,1
252232,252233,252235,2,1
252232,252233,252234,1,1
252232,252233,252235,2,1
252232,252233,252235,2,1
252232,252233,252235,2,1
252232,252233,252235,2,1
252232,252233,252235,2,1
252232,252233,252235,2,1
252232,252233,252234,1,1
252232,252233,252235,2,1
252232,252233,252235,2,1
252232,252233,252235,2,1
252232,252233,252235,2,1
252176,252176,252239,63,0
252177,252177,252249,72,0
252174,252174,252255,81,0
252202,252202,252259,57,0
252173,252173,252264,91,0
252184,252184,252264,80,0
252213,252213,252264,51,0
252206,252206,252267,61,0
252209,252209,252271,62,0
252180,252181,252275,94,1
252170,252170,252278,108,0
252233,252233,252295,62,0
252297,252297,252298,1,0
252297,252297,252298,1,0
252297,252297,252298,1,0
252297,252297,252298,1,0
252297,252297,252298,1,0
252297,252297,252298,1,0
252297,252297,252298,1,0
252297,252297,252298,1,0
252297,252297,252298,1,0
252297,252297,252298,1,0
252297,252297,252298,1,0
252297,252297,252298,1,0
252297,252297,252298,1,0
252297,252297,252298,1,0
252297,252297,252298,1,0
252297,252297,252298,1,0
252297,252297,252298,1,0
252297,252297,252298,1,0
252297,252297,252298,1,0
252297,252297,252298,1,0
252297,252297,252298,1,0
252297,252297,252298,1,0
252297,252297,252298,1,0
252297,252297,252298,1,0
252297,252297,252298,1,0
252297,252297,252298,1,0
252297,252297,252298,1,0
252297,252297,252298,1,0
252297,252297,252298,1,0
252297,252297,252298,1,0
252297,252297,252298,1,0
252297,252297,252298,1,0
252297,252297,252298,1,0
252297,252297,252298,1,0
252297,252297,252298,1,0
252297,252297,252299,2,0
252297,252297,252299,2,0
252297,252297,252299,2,0
252297,252297,252299,2,0
252297,252297,252298,1,0
252297,252297,252299,2,0
252297,252297,252299,2,0
252297,252297,252298,1,0
252297,252297,252299,2,0
252297,252297,252299,2,0
252297,252297,252298,1,0
252297,252297,252299,2,0
252297,252298,252299,1,1
252297,252297,252299,2,0
252297,252297,252299,2,0
252297,252297,252298,1,0
252297,252297,252299,2,0
252297,252297,252299,2,0
252297,252297,252299,2,0
252297,252299,252300,1,2
252297,252297,252299,2,0
252297,252297,252299,2,0
252297,252297,252299,2,0
252297,252299,252300,1,2
252297,252297,252299,2,0
252297,252297,252299,2,0
252297,252297,252299,2,0
252297,252299,252300,1,2
252297,252297,252299,2,0
252297,252297,252299,2,0
252297,252297,252299,2,0
252297,252299,252300,1,2
252297,252297,252299,2,0
252297,252297,252299,2,0
252297,252297,252299,2,0
252297,252297,252299,2,0
252297,252297,252299,2,0
252297,252297,252299,2,0
252297,252297,252299,2,0
252297,252299,252300,1,2
252297,252299,252300,1,2
252297,252297,252299,2,0
252297,252297,252299,2,0
252297,252299,252300,1,2
252297,252297,252299,2,0
252297,252297,252299,2,0
252297,252297,252299,2,0
252297,252297,252299,2,0
252297,252299,252300,1,2
252297,252299,252300,1,2
252297,252297,252299,2,0
252297,252297,252299,2,0
252297,252299,252300,1,2
252297,252299,252300,1,2
252297,252297,252299,2,0
252297,252297,252299,2,0
252297,252299,252300,1,2
252297,252299,252300,1,2
252297,252299,252300,1,2
252297,252299,252300,1,2
252297,252299,252300,1,2
252298,252300,252301,1,2
252298,252300,252301,1,2
252297,252299,252300,1,2
252297,252299,252300,1,2
252297,252299,252300,1,2
252297,252300,252301,1,3
252298,252300,252301,1,2
252298,252300,252301,1,2
252298,252300,252301,1,2
252297,252299,252300,1,2
252297,252299,252300,1,2
252297,252299,252300,1,2
252297,252299,252300,1,2
252297,252299,252300,1,2
252298,252300,252301,1,2
252297,252299,252300,1,2
252297,252299,252300,1,2
252297,252299,252300,1,2
252297,252299,252300,1,2
252297,252300,252301,1,3
252297,252299,252300,1,2
252297,252299,252300,1,2
252297,252299,252300,1,2
252297,252299,252300,1,2
252298,252300,252301,1,2
252298,252300,252301,1,2
252297,252299,252301,2,2
252297,252299,252300,1,2
252297,252299,252300,1,2
252297,252299,252301,2,2
252297,252299,252300,1,2
252297,252299,252300,1,2
252298,252300,252301,1,2
252298,252300,252301,1,2
252297,252299,252300,1,2
252297,252299,252300,1,2
252297,252299,252300,1,2
252297,252299,252300,1,2
252297,252299,252300,1,2
252298,252300,252301,1,2
252297,252299,252300,1,2
252297,252299,252300,1,2
252297,252299,252300,1,2
252297,252299,252300,1,2
252298,252300,252301,1,2
252297,252299,252300,1,2
252297,252299,252300,1,2
252298,252300,252301,1,2
252298,252300,252301,1,2
252298,252300,252301,1,2
252297,252300,252301,1,3
252297,252300,252301,1,3
252298,252301,252302,1,3
252298,252301,252302,1,3
252297,252300,252301,1,3
252298,252301,252302,1,3
252298,252300,252301,1,2
252298,252300,252301,1,2
252298,252300,252302,2,2
252298,252301,252302,1,3
252298,252300,252301,1,2
252298,252300,252302,2,2
252298,252300,252302,2,2
252298,252300,252301,1,2
252298,252301,252302,1,3
252298,252301,252302,1,3
252298,252300,252302,2,2
252298,252300,252302,2,2
252298,252300,252302,2,2
252298,252301,252302,1,3
252298,252301,252302,1,3
252298,252301,252302,1,3
252298,252300,252301,1,2
252298,252300,252301,1,2
252298,252301,252302,1,3
252298,252300,252301,1,2
252298,252300,252302,2,2
252298,252301,252302,1,3
252298,252300,252301,1,2
252298,252300,252301,1,2
252298,252301,252302,1,3
252298,252301,252302,1,3
252298,252300,252301,1,2
252298,252300,252301,1,2
252298,252300,252301,1,2
252298,252300,252302,2,2
252298,252300,252302,2,2
252298,252300,252301,1,2
252298,252301,252302,1,3
252298,252301,252302,1,3
252298,252301,252303,2,3
252298,252301,252303,2,3
252298,252301,252302,1,3
252298,252301,252303,2,3
252298,252301,252303,2,3
252298,252302,252303,1,4
252298,252301,252303,2,3
252298,252301,252303,2,3
252298,252301,252302,1,3
252298,252301,252302,1,3
252298,252302,252303,1,4
252298,252302,252303,1,4
252298,252301,252303,2,3
252298,252301,252303,2,3
252298,252301,252303,2,3
252298,252301,252303,2,3
252298,252301,252302,1,3
252298,252302,252303,1,4
252298,252302,252303,1,4
252298,252301,252303,2,3
252298,252301,252303,2,3
252298,252301,252303,2,3
252298,252301,252303,2,3
252298,252301,252303,2,3
252298,252302,252303,1,4
252298,252302,252303,1,4
252298,252301,252303,2,3
252298,252301,252303,2,3
252298,252302,252303,1,4
252298,252302,252303,1,4
252298,252302,252303,1,4
252298,252300,252303,3,2
252298,252301,252303,2,3
252298,252302,252303,1,4
252298,252302,252303,1,4
252298,252301,252303,2,3
252298,252301,252303,2,3
252298,252301,252303,2,3
252298,252301,252303,2,3
252298,252302,252303,1,4
252298,252301,252303,2,3
252298,252301,252303,2,3
252298,252301,252303,2,3
252298,252301,252303,2,3
252298,252301,252303,2,3
252298,252301,252303,2,3
252298,252301,252303,2,3
252298,252301,252303,2,3
252298,252302,252303,1,4
252298,252303,252304,1,5
252298,252303,252304,1,5
252298,252303,252304,1,5
252298,252302,252304,2,4
252298,252302,252304,2,4
252298,252302,252304,2,4
252298,252302,252304,2,4
252298,252303,252304,1,5
252298,252301,252304,3,3
252298,252301,252303,2,3
252298,252302,252304,2,4
252298,252302,252304,2,4
252298,252303,252304,1,5
252298,252303,252304,1,5
252298,252303,252304,1,5
252298,252303,252304,1,5
252298,252302,252303,1,4
252298,252302,252304,2,4
252298,252302,252304,2,4
252298,252302,252304,2,4
252298,252302,252304,2,4
252298,252302,252304,2,4
252298,252302,252304,2,4
252298,252302,252304,2,4
252298,252302,252304,2,4
252298,252302,252304,2,4
252298,252303,252304,1,5
252298,252303,252304,1,5
252298,252301,252304,3,3
252298,252303,252304,1,5
252298,252303,252304,1,5
252298,252303,252304,1,5
252298,252303,252305,2,5
252298,252302,252308,6,4
252396,252396,252397,1,0
252396,252396,252397,1,0
252396,252396,252398,2,0
252396,252396,252398,2,0
252396,252396,252397,1,0
252396,252396,252397,1,0
252396,252396,252397,1,0
252396,252396,252397,1,0
252396,252396,252397,1,0
252396,252396,252397,1,0
252396,252396,252397,1,0
252396,252396,252397,1,0
252396,252396,252397,1,0
252396,252396,252398,2,0
252396,252396,252397,1,0
252396,252396,252397,1,0
252396,252396,252397,1,0
252396,252397,252398,1,1
252396,252396,252397,1,0
252396,252396,252397,1,0
252396,252396,252397,1,0
252396,252396,252397,1,0
252396,252396,252397,1,0
252396,252396,252398,2,0
252396,252396,252398,2,0
252396,252396,252397,1,0
252396,252396,252398,2,0
252396,252396,252398,2,0
252396,252397,252398,1,1
252396,252397,252398,1,1
252396,252397,252398,1,1
252396,252397,252398,1,1
252397,252398,252399,1,1
252396,252397,252398,1,1
252396,252397,252398,1,1
252396,252397,252398,1,1
252396,252398,252399,1,2
252397,252398,252399,1,1
252396,252396,252398,2,0
252396,252396,252398,2,0
252396,252397,252398,1,1
252396,252397,252398,1,1
252397,252398,252399,1,1
252397,252398,252399,1,1
252396,252396,252398,2,0
252396,252397,252398,1,1
252396,252397,252398,1,1
252397,252398,252399,1,1
252396,252396,252398,2,0
252396,252396,252398,2,0
252396,252397,252398,1,1
252396,252397,252398,1,1
252397,252398,252399,1,1
252396,252396,252398,2,0
252396,252397,252398,1,1
252396,252397,252398,1,1
252397,252398,252399,1,1
252396,252397,252398,1,1
252396,252397,252398,1,1
252396,252397,252398,1,1
252396,252397,252398,1,1
252397,252398,252399,1,1
252396,252396,252398,2,0
252396,252397,252398,1,1
252396,252397,252398,1,1
252397,252398,252399,1,1
252396,252397,252398,1,1
252396,252397,252398,1,1
252396,252397,252398,1,1
252397,252398,252399,1,1
252396,252397,252398,1,1
252396,252397,252398,1,1
252397,252398,252399,1,1
252396,252398,252400,2,2
252396,252398,252399,1,2
252397,252398,252400,2,1
252397,252398,252400,2,1
252396,252398,252399,1,2
252396,252398,252399,1,2
252397,252398,252400,2,1
252397,252398,252400,2,1
252396,252398,252399,1,2
252396,252398,252399,1,2
252396,252398,252399,1,2
252397,252398,252399,1,1
252397,252398,252400,2,1
252396,252398,252399,1,2
252397,252398,252400,2,1
252397,252398,252400,2,1
252397,252398,252400,2,1
252396,252398,252400,2,2
252396,252398,252399,1,2
252396,252398,252399,1,2
252397,252398,252400,2,1
252396,252398,252399,1,2
252396,252398,252400,2,2
252396,252398,252399,1,2
252397,252398,252400,2,1
252397,252399,252400,1,2
252396,252398,252399,1,2
252396,252398,252400,2,2
252397,252398,252400,2,1
252397,252399,252400,1,2
252396,252398,252400,2,2
252396,252398,252399,1,2
252396,252398,252399,1,2
252396,252398,252399,1,2
252396,252398,252400,2,2
252397,252399,252400,1,2
252397,252399,252400,1,2
252397,252399,252400,1,2
252397,252399,252400,1,2
252397,252399,252400,1,2
252397,252399,252400,1,2
252397,252399,252400,1,2
252397,252399,252400,1,2
252397,252399,252400,1,2
252397,252399,252451,52,2
252478,252478,252479,1,0
252478,252478,252479,1,0
252478,252478,252479,1,0
252478,252478,252479,1,0
252478,252478,252479,1,0
252478,252478,252479,1,0
252478,252478,252479,1,0
252478,252478,252479,1,0
252478,252478,252479,1,0
252478,252478,252479,1,0
252478,252478,252479,1,0
252478,252478,252479,1,0
252478,252478,252479,1,0
252478,252478,252479,1,0
252478,252478,252479,1,0
252478,252478,252479,1,0
252478,252478,252479,1,0
252478,252478,252479,1,0
252478,252478,252479,1,0
252478,252478,252479,1,0
252478,252478,252479,1,0
252478,252478,252480,2,0
252478,252478,252479,1,0
252478,252478,252479,1,0
252478,252478,252479,1,0
252478,252478,252480,2,0
252478,252478,252479,1,0
252478,252478,252479,1,0
252478,252478,252480,2,0
252478,252478,252479,1,0
252478,252478,252479,1,0
252478,252478,252479,1,0
252478,252478,252480,2,0
252478,252478,252479,1,0
252478,252478,252479,1,0
252478,252478,252479,1,0
252478,252478,252479,1,0
252478,252478,252479,1,0
252478,252478,252480,2,0
252478,252478,252479,1,0
252478,252478,252479,1,0
252478,252478,252479,1,0
252478,252478,252480,2,0
252478,252478,252479,1,0
252478,252478,252479,1,0
252478,252478,252479,1,0
252478,252478,252479,1,0
252478,252478,252480,2,0
252478,252478,252480,2,0
252478,252478,252479,1,0
252478,252478,252480,2,0
252478,252478,252480,2,0
252478,252478,252479,1,0
252478,252478,252479,1,0
252478,252478,252479,1,0
252478,252478,252480,2,0
252478,252478,252480,2,0
252478,252478,252480,2,0
252543,252543,252544,1,0
252543,252543,252544,1,0
252543,252543,252544,1,0
252543,252543,252544,1,0
252543,252543,252544,1,0
252543,252543,252544,1,0
252543,252543,252544,1,0
252543,252543,252544,1,0
252543,252543,252544,1,0
252543,252543,252544,1,0
252543,252543,252544,1,0
252543,252543,252544,1,0
252543,252543,252544,1,0
252543,252543,252544,1,0
252543,252543,252544,1,0
252543,252543,252544,1,0
252543,252543,252544,1,0
252543,252543,252544,1,0
252543,252543,252544,1,0
252543,252543,252544,1,0
252543,252543,252544,1,0
252543,252543,252544,1,0
252543,252543,252544,1,0
252543,252543,252544,1,0
252576,252576,252577,1,0
252576,252576,252577,1,0
252576,252576,252577,1,0
252576,252576,252577,1,0
252576,252576,252577,1,0
252576,252576,252577,1,0
252576,252576,252577,1,0
252576,252576,252577,1,0
252576,252576,252577,1,0
252576,252576,252577,1,0
252576,252576,252578,2,0
252576,252576,252578,2,0
252576,252576,252577,1,0
252576,252576,252578,2,0
252576,252576,252578,2,0
252576,252576,252578,2,0
252576,252576,252578,2,0
252576,252576,252578,2,0
252576,252576,252578,2,0
252576,252576,252578,2,0
252576,252576,252578,2,0
252576,252576,252577,1,0
252576,252576,252578,2,0
252576,252576,252578,2,0
252576,252576,252578,2,0
252576,252576,252578,2,0
252576,252576,252578,2,0
252576,252576,252578,2,0
252576,252576,252578,2,0
252576,252576,252578,2,0
252576,252576,252578,2,0
252576,252576,252579,3,0
252576,252576,252578,2,0
252576,252576,252579,3,0
252543,252543,252600,57,0
252612,252612,252613,1,0
252612,252612,252613,1,0
252612,252612,252613,1,0
252612,252612,252613,1,0
252612,252612,252613,1,0
252612,252612,252613,1,0
252612,252612,252613,1,0
252612,252612,252613,1,0
252612,252612,252613,1,0
252612,252612,252613,1,0
252612,252612,252614,2,0
252612,252612,252614,2,0
252612,252612,252614,2,0
252612,252612,252614,2,0
252612,252612,252614,2,0
252612,252612,252613,1,0
252612,252612,252614,2,0
252612,252612,252614,2,0
252612,252612,252614,2,0
252612,252612,252614,2,0
252612,252612,252614,2,0
252612,252612,252614,2,0
252612,252612,252614,2,0
252612,252612,252614,2,0
252612,252612,252614,2,0
252612,252612,252614,2,0
252612,252612,252614,2,0
252612,252612,252614,2,0
252612,252612,252614,2,0
252612,252612,252615,3,0
252612,252612,252614,2,0
252612,252612,252615,3,0
252612,252612,252615,3,0
252612,252612,252615,3,0
252577,252577,252621,44,0
252630,252630,252631,1,0
252630,252630,252631,1,0
252630,252630,252631,1,0
252630,252630,252631,1,0
252630,252630,252631,1,0
252630,252630,252631,1,0
252630,252630,252631,1,0
252630,252630,252631,1,0
252630,252630,252631,1,0
252630,252630,252631,1,0
252630,252630,252631,1,0
252630,252630,252631,1,0
252630,252630,252632,2,0
252630,252630,252631,1,0
252630,252630,252632,2,0
252630,252630,252632,2,0
252630,252630,252632,2,0
252630,252630,252632,2,0
252630,252630,252632,2,0
252630,252630,252631,1,0
252630,252630,252632,2,0
252630,252630,252631,1,0
252630,252630,252631,1,0
252630,252630,252632,2,0
252630,252630,252631,1,0
252630,252630,252631,1,0
252630,252630,252632,2,0
252630,252630,252631,1,0
252630,252630,252632,2,0
252630,252630,252631,1,0
252630,252630,252632,2,0
252630,252630,252632,2,0
252630,252630,252632,2,0
252630,252630,252632,2,0
252630,252630,252685,55,0
252687,252687,252688,1,0
252687,252687,252688,1,0
252687,252687,252688,1,0
252687,252687,252688,1,0
252687,252687,252688,1,0
252687,252687,252688,1,0
252687,252687,252688,1,0
252687,252687,252688,1,0
252687,252687,252688,1,0
252687,252687,252688,1,0
252687,252687,252688,1,0
252687,252687,252689,2,0
252687,252687,252688,1,0
252687,252687,252688,1,0
252687,252687,252689,2,0
252687,252687,252689,2,0
252687,252687,252689,2,0
252687,252687,252688,1,0
252687,252687,252688,1,0
252687,252687,252689,2,0
252687,252687,252688,1,0
252687,252687,252688,1,0
252687,252687,252689,2,0
252687,252687,252688,1,0
252687,252687,252688,1,0
252687,252687,252689,2,0
252687,252687,252688,1,0
252687,252687,252688,1,0
252687,252687,252688,1,0
252687,252687,252688,1,0
252687,252687,252689,2,0
252687,252687,252689,2,0
252687,252687,252688,1,0
252687,252687,252689,2,0
252667,252667,252715,48,0
252717,252717,252718,1,0
252717,252717,252718,1,0
252717,252717,252718,1,0
252717,252717,252718,1,0
252717,252717,252718,1,0
252717,252717,252718,1,0
252717,252717,252718,1,0
252717,252717,252718,1,0
252717,252717,252718,1,0
252717,252717,252718,1,0
252717,252717,252718,1,0
252717,252717,252718,1,0
252717,252717,252718,1,0
252717,252717,252718,1,0
252717,252717,252718,1,0
252717,252717,252718,1,0
252717,252717,252718,1,0
252717,252717,252718,1,0
252717,252717,252718,1,0
252717,252717,252718,1,0
252717,252717,252718,1,0
252717,252717,252718,1,0
252717,252717,252718,1,0
252671,252671,252719,48,0
252676,252676,252720,44,0
252720,252720,252721,1,0
252720,252720,252721,1,0
252720,252720,252721,1,0
252720,252720,252721,1,0
252720,252720,252721,1,0
252720,252720,252721,1,0
252720,252720,252721,1,0
252720,252720,252721,1,0
252720,252720,252721,1,0
252720,252720,252721,1,0
252720,252720,252721,1,0
252720,252720,252721,1,0
252720,252721,252722,1,1
252720,252720,252721,1,0
252720,252720,252721,1,0
252720,252720,252721,1,0
252720,252720,252722,2,0
252720,252720,252721,1,0
252720,252720,252721,1,0
252720,252720,252722,2,0
252720,252720,252721,1,0
252720,252720,252721,1,0
252720,252720,252722,2,0
252720,252720,252721,1,0
252720,252720,252722,2,0
252720,252720,252721,1,0
252720,252720,252721,1,0
252720,252720,252721,1,0
252717,252718,252722,4,1
252717,252718,252722,4,1
252720,252721,252722,1,1
252722,252722,252723,1,0
252722,252722,252723,1,0
252722,252722,252723,1,0
252722,252722,252723,1,0
252722,252722,252723,1,0
252722,252722,252723,1,0
252722,252722,252723,1,0
252722,252722,252723,1,0
252722,252722,252723,1,0
252722,252722,252723,1,0
252722,252722,252723,1,0
252720,252722,252723,1,2
252720,252722,252723,1,2
252720,252722,252723,1,2
252722,252722,252723,1,0
252717,252718,252723,5,1
252722,252722,252723,1,0
252722,252722,252723,1,0
252722,252722,252723,1,0
252722,252722,252723,1,0
252722,252722,252723,1,0
252722,252722,252723,1,0
252722,252722,252723,1,0
252722,252722,252723,1,0
252722,252722,252723,1,0
252722,252722,252723,1,0
252722,252722,252723,1,0
252722,252722,252723,1,0
252722,252722,252723,1,0
252722,252722,252723,1,0
252722,252722,252723,1,0
252722,252722,252723,1,0
252722,252722,252723,1,0
252722,252722,252724,2,0
252722,252722,252723,1,0
252722,252722,252723,1,0
252722,252722,252723,1,0
252722,252722,252723,1,0
252720,252722,252724,2,2
252681,252681,252726,45,0
252673,252673,252727,54,0
252678,252678,252728,50,0
252675,252675,252728,53,0
252669,252669,252729,60,0
252680,252680,252739,59,0
252683,252683,252742,59,0
252685,252685,252750,65,0
252758,252758,252759,1,0
252758,252758,252759,1,0
252758,252758,252759,1,0
252758,252758,252759,1,0
252758,252758,252759,1,0
252758,252758,252759,1,0
252758,252758,252759,1,0
252758,252758,252759,1,0
252758,252758,252759,1,0
252758,252758,252759,1,0
252758,252758,252759,1,0
252758,252758,252759,1,0
252758,252758,252759,1,0
252758,252758,252759,1,0
252758,252758,252759,1,0
252758,252758,252759,1,0
252758,252758,252759,1,0
252758,252758,252759,1,0
252758,252758,252759,1,0
252758,252758,252759,1,0
252758,252758,252759,1,0
252758,252758,252759,1,0
252758,252758,252759,1,0
252758,252758,252759,1,0
252758,252758,252759,1,0
252758,252758,252759,1,0
252758,252758,252759,1,0
252758,252758,252759,1,0
252758,252758,252759,1,0
252758,252758,252759,1,0
252758,252758,252759,1,0
252758,252758,252759,1,0
252758,252758,252759,1,0
252758,252758,252759,1,0
252758,252758,252759,1,0
252758,252758,252759,1,0
252758,252758,252759,1,0
252758,252758,252759,1,0
252758,252758,252759,1,0
252758,252758,252759,1,0
252758,252758,252759,1,0
252758,252758,252759,1,0
252758,252758,252759,1,0
252758,252758,252759,1,0
252758,252758,252759,1,0
252758,252758,252759,1,0
252758,252758,252759,1,0
252758,252758,252760,2,0
252758,252758,252759,1,0
252758,252758,252759,1,0
252758,252758,252759,1,0
252758,252758,252759,1,0
252758,252758,252759,1,0
252758,252758,252760,2,0
252758,252758,252759,1,0
252758,252758,252759,1,0
252758,252758,252760,2,0
252758,252758,252759,1,0
252758,252758,252759,1,0
252758,252759,252760,1,1
252758,252759,252760,1,1
252758,252759,252760,1,1
252758,252759,252760,1,1
252758,252759,252760,1,1
252758,252758,252759,1,0
252758,252758,252760,2,0
252758,252758,252759,1,0
252758,252759,252760,1,1
252758,252759,252760,1,1
252758,252759,252760,1,1
252758,252758,252759,1,0
252758,252758,252759,1,0
252758,252759,252760,1,1
252758,252759,252760,1,1
252758,252759,252760,1,1
252758,252759,252760,1,1
252758,252760,252761,1,2
252758,252760,252761,1,2
252758,252759,252760,1,1
252758,252760,252761,1,2
252758,252760,252761,1,2
252758,252759,252761,2,1
252758,252760,252761,1,2
252758,252760,252761,1,2
252758,252759,252761,2,1
252758,252760,252761,1,2
252758,252760,252761,1,2
252758,252760,252761,1,2
252758,252760,252761,1,2
252758,252759,252761,2,1
252758,252760,252761,1,2
252758,252760,252761,1,2
252758,252760,252761,1,2
252758,252760,252761,1,2
252758,252760,252761,1,2
252758,252759,252761,2,1
252758,252759,252761,2,1
252758,252759,252761,2,1
252758,252760,252761,1,2
252758,252759,252761,2,1
252758,252760,252761,1,2
252758,252760,252761,1,2
252758,252760,252761,1,2
252758,252759,252761,2,1
252758,252760,252761,1,2
252758,252760,252762,2,2
252758,252760,252762,2,2
252758,252760,252761,1,2
252758,252760,252761,1,2
252758,252760,252761,1,2
252758,252760,252761,1,2
252758,252760,252761,1,2
252758,252759,252761,2,1
252758,252760,252761,1,2
252758,252760,252761,1,2
252758,252760,252761,1,2
252758,252760,252761,1,2
252758,252760,252761,1,2
252758,252760,252761,1,2
252758,252760,252761,1,2
252758,252760,252761,1,2
252758,252760,252761,1,2
252715,252715,252762,47,0
252719,252719,252764,45,0
252690,252691,252769,78,1
252712,252712,252771,59,0
252723,252724,252774,50,1
252688,252688,252775,87,0
252718,252718,252791,73,0
252809,252809,252810,1,0
252809,252809,252810,1,0
252809,252809,252810,1,0
252809,252809,252811,2,0
252809,252809,252810,1,0
252809,252809,252810,1,0
252809,252809,252810,1,0
252809,252809,252810,1,0
252809,252809,252810,1,0
252809,252809,252811,2,0
252809,252809,252810,1,0
252809,252810,252811,1,1
252809,252809,252810,1,0
252809,252809,252810,1,0
252809,252809,252811,2,0
252809,252809,252811,2,0
252809,252809,252810,1,0
252809,252809,252810,1,0
252809,252809,252811,2,0
252809,252809,252810,1,0
252809,252809,252810,1,0
252809,252809,252811,2,0
252809,252810,252811,1,1
252809,252809,252810,1,0
252809,252809,252810,1,0
252809,252809,252810,1,0
252809,252809,252810,1,0
252809,252809,252810,1,0
252809,252809,252810,1,0
252809,252809,252811,2,0
252809,252809,252810,1,0
252809,252810,252811,1,1
252809,252809,252811,2,0
252809,252809,252810,1,0
252809,252810,252811,1,1
252809,252810,252811,1,1
252809,252810,252811,1,1
252809,252810,252811,1,1
252809,252810,252811,1,1
252809,252811,252812,1,2
252809,252811,252812,1,2
252809,252809,252811,2,0
252809,252810,252811,1,1
252809,252810,252811,1,1
252810,252811,252812,1,1
252810,252811,252812,1,1
252809,252810,252811,1,1
252809,252810,252811,1,1
252810,252811,252812,1,1
252810,252811,252812,1,1
252809,252809,252811,2,0
252809,252810,252811,1,1
252810,252811,252812,1,1
252810,252811,252812,1,1
252809,252809,252811,2,0
252809,252810,252811,1,1
252809,252810,252811,1,1
252810,252811,252812,1,1
252809,252810,252811,1,1
252809,252810,252811,1,1
252809,252810,252811,1,1
252809,252810,252811,1,1
252810,252811,252812,1,1
252809,252810,252811,1,1
252809,252810,252811,1,1
252809,252810,252811,1,1
252810,252811,252812,1,1
252809,252810,252811,1,1
252809,252810,252811,1,1
252810,252811,252812,1,1
252809,252810,252811,1,1
252809,252810,252811,1,1
252809,252811,252812,1,2
252809,252811,252812,1,2
252809,252811,252812,1,2
252810,252812,252813,1,2
252810,252812,252813,1,2
252810,252812,252813,1,2
252809,252811,252813,2,2
252809,252811,252813,2,2
252809,252811,252812,1,2
252809,252811,252812,1,2
252810,252811,252812,1,1
252810,252811,252813,2,1
252810,252812,252813,1,2
252809,252811,252813,2,2
252809,252811,252813,2,2
252809,252811,252813,2,2
252810,252811,252813,2,1
252809,252811,252813,2,2
252809,252811,252812,1,2
252809,252811,252812,1,2
252810,252811,252812,1,1
252810,252811,252813,2,1
252810,252812,252813,1,2
252809,252811,252812,1,2
252810,252811,252812,1,1
252810,252811,252813,2,1
252810,252811,252813,2,1
252810,252812,252813,1,2
252809,252811,252813,2,2
252809,252811,252812,1,2
252809,252811,252812,1,2
252810,252811,252813,2,1
252810,252812,252813,1,2
252810,252812,252813,1,2
252809,252811,252812,1,2
252810,252811,252812,1,1
252810,252811,252812,1,1
252810,252812,252813,1,2
252809,252811,252812,1,2
252809,252811,252813,2,2
252809,252811,252812,1,2
252810,252811,252813,2,1
252810,252812,252813,1,2
252810,252812,252813,1,2
252810,252811,252813,2,1
252810,252811,252813,2,1
252810,252811,252813,2,1
252810,252811,252812,1,1
252810,252811,252813,2,1
252810,252811,252813,2,1
252810,252811,252813,2,1
252810,252811,252813,2,1
252810,252811,252813,2,1
252810,252811,252812,1,1
252810,252811,252812,1,1
252810,252812,252813,1,2
252810,252813,252814,1,3
252810,252813,252814,1,3
252810,252813,252814,1,3
252810,252813,252814,1,3
252810,252813,252814,1,3
252810,252813,252814,1,3
252810,252813,252814,1,3
252810,252812,252813,1,2
252810,252812,252813,1,2
252810,252812,252814,2,2
252810,252812,252814,2,2
252810,252812,252813,1,2
252810,252812,252814,2,2
252810,252812,252814,2,2
252810,252812,252814,2,2
252810,252812,252814,2,2
252810,252812,252814,2,2
252810,252812,252814,2,2
252810,252812,252814,2,2
252810,252812,252814,2,2
252810,252813,252814,1,3
252810,252813,252814,1,3
252810,252813,252814,1,3
252810,252812,252814,2,2
252810,252812,252814,2,2
252810,252812,252814,2,2
252810,252812,252814,2,2
252810,252812,252813,1,2
252810,252812,252814,2,2
252810,252812,252814,2,2
252810,252812,252814,2,2
252810,252812,252814,2,2
252810,252813,252815,2,3
252810,252813,252815,2,3
252810,252813,252815,2,3
252810,252813,252815,2,3
252810,252813,252814,1,3
252810,252813,252814,1,3
252810,252813,252815,2,3
252810,252813,252815,2,3
252810,252813,252815,2,3
252810,252813,252815,2,3
252810,252813,252815,2,3
252810,252813,252815,2,3
252810,252813,252815,2,3
252810,252813,252815,2,3
252810,252813,252815,2,3
252810,252813,252815,2,3
252810,252813,252815,2,3
252810,252813,252815,2,3
252810,252813,252815,2,3
252810,252813,252814,1,3
252810,252813,252815,2,3
252810,252813,252815,2,3
252810,252813,252815,2,3
252810,252813,252814,1,3
252759,252760,252816,56,1
252810,252813,252866,53,3
252876,252876,252877,1,0
252876,252876,252877,1,0
252876,252876,252877,1,0
252876,252876,252877,1,0
252876,252876,252877,1,0
252876,252876,252878,2,0
252876,252876,252878,2,0
252876,252876,252877,1,0
252876,252876,252878,2,0
252876,252876,252877,1,0
252877,252877,252878,1,0
252876,252876,252877,1,0
252876,252876,252877,1,0
252876,252876,252877,1,0
252876,252876,252877,1,0
252876,252876,252878,2,0
252876,252876,252877,1,0
252876,252876,252877,1,0
252876,252876,252877,1,0
252876,252876,252877,1,0
252876,252876,252877,1,0
252876,252876,252877,1,0
252876,252876,252878,2,0
252876,252876,252878,2,0
252876,252877,252878,1,1
252877,252877,252878,1,0
252876,252877,252878,1,1
252876,252877,252878,1,1
252876,252877,252878,1,1
252876,252876,252878,2,0
252876,252876,252877,1,0
252876,252877,252878,1,1
252877,252877,252878,1,0
252876,252876,252877,1,0
252876,252876,252877,1,0
252877,252877,252878,1,0
252876,252876,252878,2,0
252876,252877,252878,1,1
252876,252877,252878,1,1
252876,252876,252878,2,0
252876,252877,252878,1,1
252876,252877,252878,1,1
252877,252878,252879,1,1
252876,252876,252878,2,0
252876,252877,252878,1,1
252876,252877,252878,1,1
252877,252878,252879,1,1
252877,252878,252879,1,1
252876,252876,252878,2,0
252876,252877,252878,1,1
252876,252877,252878,1,1
252877,252878,252879,1,1
252876,252877,252878,1,1
252876,252877,252878,1,1
252876,252877,252878,1,1
252876,252877,252878,1,1
252876,252877,252878,1,1
252877,252878,252879,1,1
252877,252878,252879,1,1
252876,252877,252878,1,1
252876,252877,252878,1,1
252877,252878,252879,1,1
252876,252877,252878,1,1
252876,252877,252878,1,1
252876,252877,252878,1,1
252877,252878,252879,1,1
252877,252878,252880,2,1
252877,252878,252880,2,1
252877,252878,252879,1,1
252877,252878,252880,2,1
252877,252878,252880,2,1
252877,252878,252880,2,1
252877,252878,252880,2,1
252877,252878,252880,2,1
252877,252878,252880,2,1
252877,252878,252880,2,1
252877,252878,252880,2,1
252877,252878,252880,2,1
252877,252878,252880,2,1
252877,252878,252880,2,1
252877,252878,252880,2,1
252877,252878,252880,2,1
252877,252878,252880,2,1
252876,252877,252880,3,1
252876,252877,252880,3,1
252877,252877,252879,2,0
252877,252878,252880,2,1
252877,252878,252880,2,1
252877,252878,252880,2,1
252877,252879,252880,1,2
252877,252878,252880,2,1
252877,252878,252880,2,1
252877,252878,252880,2,1
252877,252878,252880,2,1
252877,252878,252880,2,1
252877,252878,252880,2,1
252877,252878,252880,2,1
252877,252878,252880,2,1
252877,252878,252880,2,1
252877,252878,252880,2,1
252877,252878,252880,2,1
252877,252878,252880,2,1
252877,252878,252880,2,1
252877,252878,252880,2,1
252877,252878,252879,1,1
252877,252878,252880,2,1
252877,252878,252880,2,1
252877,252878,252880,2,1
252877,252878,252880,2,1
252877,252878,252880,2,1
252877,252878,252880,2,1
252877,252878,252880,2,1
252877,252878,252880,2,1
252877,252878,252880,2,1
252877,252878,252880,2,1
252877,252878,252880,2,1
252877,252878,252881,3,1
252941,252941,252942,1,0
252941,252941,252942,1,0
252941,252941,252942,1,0
252941,252941,252942,1,0
252941,252941,252942,1,0
252941,252941,252942,1,0
252941,252941,252942,1,0
252941,252941,252942,1,0
252941,252941,252942,1,0
252941,252941,252942,1,0
252941,252941,252942,1,0
252941,252941,252942,1,0
252941,252941,252942,1,0
252941,252941,252942,1,0
252941,252941,252942,1,0
252941,252941,252942,1,0
252941,252941,252942,1,0
252941,252941,252942,1,0
252941,252941,252942,1,0
252941,252941,252942,1,0
252941,252941,252942,1,0
252941,252941,252942,1,0
252941,252941,252942,1,0
252941,252941,252942,1,0
252941,252941,252942,1,0
252941,252941,252942,1,0
252941,252941,252942,1,0
252941,252941,252942,1,0
252941,252941,252942,1,0
252941,252941,252942,1,0
252941,252941,252942,1,0
252941,252941,252942,1,0
252941,252941,252943,2,0
252941,252941,252942,1,0
252941,252941,252942,1,0
252941,252941,252942,1,0
252941,252941,252942,1,0
252941,252941,252943,2,0
252941,252941,252943,2,0
252941,252941,252943,2,0
252941,252941,252943,2,0
252941,252941,252943,2,0
252941,252941,252943,2,0
252941,252941,252943,2,0
252941,252941,252943,2,0
252941,252941,252943,2,0
252941,252941,252943,2,0
252941,252941,252943,2,0
252941,252941,252943,2,0
252941,252941,252943,2,0
252941,252941,252943,2,0
252941,252941,252943,2,0
252941,252941,252943,2,0
252941,252941,252943,2,0
252941,252941,252943,2,0
252941,252941,252943,2,0
252941,252941,252943,2,0
252941,252941,252943,2,0
252941,252941,252943,2,0
252941,252941,252943,2,0
252941,252941,252943,2,0
252941,252941,252943,2,0
252941,252941,252943,2,0
252941,252941,252943,2,0
252941,252941,252943,2,0
252941,252941,252943,2,0
252941,252941,252943,2,0
252941,252941,252943,2,0
252942,252942,252987,45,0
252992,252992,252993,1,0
252992,252992,252993,1,0
252992,252992,252993,1,0
252992,252992,252993,1,0
252992,252992,252993,1,0
252992,252992,252993,1,0
252992,252992,252993,1,0
252992,252992,252993,1,0
252992,252992,252993,1,0
252992,252992,252993,1,0
252992,252992,252993,1,0
252992,252992,252993,1,0
252992,252992,252993,1,0
252992,252992,252993,1,0
252992,252992,252993,1,0
252992,252992,252993,1,0
252992,252992,252994,2,0
252992,252992,252993,1,0
252992,252992,252994,2,0
252992,252992,252993,1,0
252992,252992,252993,1,0
252992,252992,252993,1,0
252992,252992,252993,1,0
252992,252992,252993,1,0
252992,252992,252994,2,0
252992,252992,252994,2,0
252992,252992,252993,1,0
252992,252992,252994,2,0
252992,252992,252994,2,0
252992,252992,252993,1,0
252992,252992,252993,1,0
252992,252992,252993,1,0
252992,252992,252993,1,0
252992,252992,252993,1,0
253025,253025,253026,1,0
253025,253025,253026,1,0
253025,253025,253026,1,0
253025,253025,253026,1,0
253025,253025,253026,1,0
253025,253025,253026,1,0
253025,253025,253026,1,0
253025,253025,253026,1,0
253025,253025,253026,1,0
253025,253025,253027,2,0
253025,253025,253026,1,0
253025,253025,253027,2,0
253025,253025,253027,2,0
253025,253025,253027,2,0
253025,253025,253026,1,0
253025,253025,253026,1,0
253025,253025,253026,1,0
253025,253025,253026,1,0
253025,253025,253027,2,0
253025,253025,253026,1,0
253025,253025,253027,2,0
253025,253025,253026,1,0
253025,253025,253026,1,0
253025,253025,253026,1,0
253025,253025,253026,1,0
253025,253025,253026,1,0
253025,253025,253027,2,0
253025,253025,253026,1,0
253025,253025,253027,2,0
253025,253025,253027,2,0
253025,253025,253033,8,0
253025,253025,253071,46,0
253076,253077,253078,1,1
253076,253077,253078,1,1
253076,253077,253078,1,1
253076,253077,253078,1,1
253076,253077,253078,1,1
253076,253077,253078,1,1
253076,253077,253078,1,1
253076,253077,253078,1,1
253076,253077,253078,1,1
253076,253077,253078,1,1
253076,253077,253078,1,1
253076,253077,253078,1,1
253076,253077,253078,1,1
253076,253077,253078,1,1
253076,253077,253078,1,1
253076,253077,253078,1,1
253076,253077,253078,1,1
253076,253077,253078,1,1
253076,253077,253078,1,1
253076,253077,253078,1,1
253076,253077,253078,1,1
253076,253077,253078,1,1
253076,253077,253078,1,1
253076,253077,253078,1,1
253059,253059,253107,48,0
253109,253109,253110,1,0
253109,253109,253110,1,0
253109,253109,253110,1,0
253109,253109,253110,1,0
253109,253109,253110,1,0
253109,253109,253110,1,0
253109,253109,253110,1,0
253109,253109,253110,1,0
253109,253109,253110,1,0
253109,253109,253111,2,0
253109,253109,253110,1,0
253109,253109,253111,2,0
253109,253109,253110,1,0
253109,253109,253111,2,0
253109,253109,253110,1,0
253109,253109,253111,2,0
253109,253109,253111,2,0
253109,253109,253110,1,0
253109,253109,253111,2,0
253109,253109,253110,1,0
253109,253109,253111,2,0
253109,253109,253110,1,0
253109,253109,253110,1,0
253109,253109,253111,2,0
253109,253109,253110,1,0
253109,253109,253110,1,0
253109,253109,253111,2,0
253109,253109,253111,2,0
253109,253109,253110,1,0
253109,253109,253111,2,0
253109,253109,253110,1,0
253078,253078,253124,46,0
253109,253109,253124,15,0
253109,253109,253124,15,0
253109,253109,253125,16,0
253079,253079,253125,46,0
253125,253125,253126,1,0
253125,253125,253126,1,0
253125,253125,253126,1,0
253125,253125,253126,1,0
253125,253125,253126,1,0
253125,253125,253126,1,0
253125,253125,253126,1,0
253125,253125,253126,1,0
253125,253125,253126,1,0
253125,253125,253126,1,0
253125,253125,253126,1,0
253125,253125,253126,1,0
253125,253125,253127,2,0
253125,253125,253126,1,0
253125,253125,253127,2,0
253125,253125,253126,1,0
253125,253125,253126,1,0
253125,253125,253127,2,0
253125,253125,253127,2,0
253125,253125,253127,2,0
253125,253125,253127,2,0
253125,253125,253127,2,0
253125,253125,253127,2,0
253125,253125,253126,1,0
253125,253125,253126,1,0
253125,253125,253127,2,0
253125,253125,253126,1,0
253125,253125,253126,1,0
253125,253125,253127,2,0
253125,253125,253126,1,0
253125,253125,253127,2,0
253125,253125,253126,1,0
253125,253125,253127,2,0
253125,253125,253126,1,0
253145,253145,253146,1,0
253145,253145,253146,1,0
253145,253145,253146,1,0
253145,253145,253146,1,0
253145,253145,253146,1,0
253145,253145,253146,1,0
253145,253145,253146,1,0
253145,253145,253146,1,0
253145,253145,253146,1,0
253145,253145,253146,1,0
253145,253145,253147,2,0
253145,253145,253146,1,0
253145,253145,253146,1,0
253145,253145,253146,1,0
253145,253145,253146,1,0
253145,253145,253146,1,0
253145,253145,253146,1,0
253145,253145,253147,2,0
253145,253145,253146,1,0
253145,253145,253146,1,0
253145,253145,253146,1,0
253145,253145,253146,1,0
253145,253145,253146,1,0
253145,253145,253146,1,0
253100,253100,253148,48,0
253102,253102,253150,48,0
253145,253145,253150,5,0
253145,253145,253151,6,0
253145,253145,253151,6,0
253098,253098,253152,54,0
253101,253101,253153,52,0
253105,253105,253160,55,0
253107,253107,253160,53,0
253164,253164,253165,1,0
253164,253164,253165,1,0
253164,253164,253165,1,0
253164,253164,253165,1,0
253164,253164,253165,1,0
253164,253164,253165,1,0
253164,253164,253165,1,0
253164,253164,253165,1,0
253164,253164,253165,1,0
253164,253164,253165,1,0
253164,253164,253165,1,0
253164,253164,253165,1,0
253164,253164,253165,1,0
253164,253164,253165,1,0
253164,253164,253165,1,0
253164,253164,253165,1,0
253164,253164,253165,1,0
253164,253164,253165,1,0
253164,253164,253165,1,0
253164,253164,253165,1,0
253164,253164,253165,1,0
253164,253164,253165,1,0
253164,253164,253165,1,0
253164,253164,253165,1,0
253164,253164,253165,1,0
253164,253164,253165,1,0
253164,253164,253165,1,0
253164,253164,253165,1,0
253164,253164,253165,1,0
253164,253164,253165,1,0
253164,253164,253165,1,0
253164,253164,253165,1,0
253164,253164,253165,1,0
253164,253164,253165,1,0
253164,253164,253165,1,0
253164,253164,253165,1,0
253164,253164,253165,1,0
253164,253164,253165,1,0
253164,253164,253166,2,0
253164,253164,253165,1,0
253164,253164,253165,1,0
253164,253164,253166,2,0
253164,253165,253166,1,1
253164,253164,253165,1,0
253164,253164,253166,2,0
253164,253164,253166,2,0
253164,253165,253166,1,1
253164,253165,253166,1,1
253164,253164,253165,1,0
253164,253164,253166,2,0
253164,253164,253165,1,0
253164,253165,253166,1,1
253164,253165,253166,1,1
253164,253164,253165,1,0
253164,253164,253166,2,0
253164,253164,253166,2,0
253164,253164,253165,1,0
253164,253164,253166,2,0
253164,253164,253165,1,0
253164,253164,253165,1,0
253164,253165,253166,1,1
253164,253164,253165,1,0
253164,253164,253166,2,0
253164,253164,253165,1,0
253164,253164,253165,1,0
253164,253164,253166,2,0
253164,253164,253166,2,0
253164,253164,253166,2,0
253164,253164,253165,1,0
253164,253165,253166,1,1
253164,253164,253166,2,0
253164,253164,253165,1,0
253164,253165,253166,1,1
253164,253164,253166,2,0
253164,253166,253167,1,2
253164,253166,253167,1,2
253164,253166,253167,1,2
253164,253165,253167,2,1
253164,253165,253167,2,1
253164,253165,253167,2,1
253164,253165,253167,2,1
253164,253165,253167,2,1
253164,253165,253167,2,1
253164,253165,253167,2,1
253164,253165,253167,2,1
253164,253165,253167,2,1
253164,253165,253167,2,1
253164,253165,253167,2,1
253164,253165,253167,2,1
253164,253165,253167,2,1
253164,253165,253167,2,1
253164,253165,253167,2,1
253164,253165,253167,2,1
253164,253165,253167,2,1
253164,253166,253167,1,2
253164,253166,253168,2,2
253120,253120,253168,48,0
253164,253165,253167,2,1
253164,253165,253168,3,1
253111,253111,253171,60,0
253117,253117,253176,59,0
253103,253103,253176,73,0
253164,253164,253177,13,0
253164,253164,253177,13,0
253164,253164,253176,12,0
253164,253164,253177,13,0
253121,253121,253180,59,0
253124,253124,253188,64,0
253146,253146,253190,44,0
253108,253108,253201,93,0
253201,253201,253202,1,0
253201,253201,253202,1,0
253201,253201,253202,1,0
253201,253201,253202,1,0
253201,253201,253202,1,0
253201,253201,253202,1,0
253201,253201,253202,1,0
253201,253201,253202,1,0
253201,253201,253202,1,0
253201,253202,253203,1,1
253201,253201,253202,1,0
253201,253201,253202,1,0
253201,253201,253202,1,0
253201,253202,253203,1,1
253201,253201,253203,2,0
253201,253201,253202,1,0
253201,253201,253203,2,0
253201,253201,253202,1,0
253201,253201,253202,1,0
253201,253201,253203,2,0
253201,253202,253203,1,1
253201,253201,253202,1,0
253201,253201,253202,1,0
253201,253201,253203,2,0
253201,253201,253202,1,0
253201,253201,253202,1,0
253201,253201,253203,2,0
253201,253202,253203,1,1
253201,253202,253203,1,1
253201,253202,253203,1,1
253201,253202,253203,1,1
253202,253203,253204,1,1
253201,253201,253203,2,0
253201,253201,253203,2,0
253201,253202,253203,1,1
253201,253202,253203,1,1
253202,253203,253204,1,1
253201,253201,253203,2,0
253201,253202,253203,1,1
253201,253202,253204,2,1
253201,253202,253203,1,1
253201,253201,253203,2,0
253201,253201,253203,2,0
253201,253202,253203,1,1
253201,253202,253203,1,1
253202,253203,253204,1,1
253201,253201,253203,2,0
253201,253202,253203,1,1
253201,253202,253203,1,1
253202,253203,253204,1,1
253201,253201,253203,2,0
253201,253202,253203,1,1
253201,253202,253203,1,1
253201,253201,253203,2,0
253201,253202,253203,1,1
253201,253202,253203,1,1
253201,253203,253204,1,2
253202,253203,253204,1,1
253202,253203,253204,1,1
253201,253202,253203,1,1
253201,253202,253203,1,1
253202,253203,253204,1,1
253201,253201,253203,2,0
253201,253202,253203,1,1
253201,253202,253203,1,1
253202,253203,253204,1,1
253201,253201,253203,2,0
253201,253202,253203,1,1
253201,253202,253203,1,1
253201,253203,253204,1,2
253202,253203,253204,1,1
253202,253204,253205,1,2
253201,253203,253205,2,2
253201,253203,253205,2,2
253202,253203,253205,2,1
253202,253203,253205,2,1
253202,253204,253205,1,2
253201,253203,253205,2,2
253201,253203,253205,2,2
253201,253203,253205,2,2
253202,253203,253204,1,1
253202,253204,253205,1,2
253201,253203,253205,2,2
253201,253203,253204,1,2
253202,253204,253205,1,2
253202,253204,253205,1,2
253201,253203,253205,2,2
253201,253203,253205,2,2
253201,253203,253205,2,2
253202,253203,253205,2,1
253202,253204,253205,1,2
253201,253203,253205,2,2
253201,253203,253204,1,2
253202,253203,253204,1,1
253202,253204,253205,1,2
253201,253203,253205,2,2
253201,253203,253204,1,2
253202,253203,253205,2,1
253202,253204,253205,1,2
253201,253203,253205,2,2
253201,253203,253205,2,2
253202,253204,253205,1,2
253201,253203,253205,2,2
253201,253203,253204,1,2
253202,253203,253205,2,1
253202,253204,253205,1,2
253202,253203,253204,1,1
253202,253203,253205,2,1
253202,253203,253205,2,1
253202,253203,253205,2,1
253202,253203,253205,2,1
253201,253203,253205,2,2
253201,253203,253205,2,2
253201,253203,253205,2,2
253202,253204,253205,1,2
253202,253204,253205,1,2
253202,253204,253206,2,2
253202,253204,253206,2,2
253201,253203,253205,2,2
253202,253204,253206,2,2
253202,253204,253206,2,2
253202,253204,253206,2,2
253202,253205,253206,1,3
253202,253204,253206,2,2
253202,253204,253206,2,2
253202,253204,253206,2,2
253202,253204,253206,2,2
253202,253204,253206,2,2
253202,253204,253206,2,2
253202,253204,253206,2,2
253202,253204,253206,2,2
253202,253204,253206,2,2
253202,253204,253206,2,2
253202,253204,253206,2,2
253202,253204,253206,2,2
253202,253206,253207,1,4
253202,253204,253206,2,2
253202,253204,253206,2,2
253202,253204,253206,2,2
253202,253204,253206,2,2
253202,253204,253206,2,2
253202,253204,253206,2,2
253202,253204,253206,2,2
253202,253204,253206,2,2
253202,253204,253206,2,2
253202,253204,253206,2,2
253202,253204,253206,2,2
253202,253204,253206,2,2
253202,253204,253206,2,2
253202,253206,253207,1,4
253202,253206,253207,1,4
253202,253206,253207,1,4
253202,253206,253207,1,4
253202,253206,253207,1,4
253202,253206,253207,1,4
253202,253206,253207,1,4
253202,253206,253207,1,4
253202,253206,253207,1,4
253202,253206,253207,1,4
253202,253206,253207,1,4
253202,253206,253207,1,4
253202,253206,253207,1,4
253202,253206,253207,1,4
253202,253206,253207,1,4
253202,253206,253207,1,4
253202,253206,253207,1,4
253202,253206,253207,1,4
253202,253206,253207,1,4
253202,253206,253207,1,4
253202,253206,253207,1,4
253202,253206,253207,1,4
253202,253206,253208,2,4
253202,253206,253213,7,4
253202,253206,253213,7,4
253202,253206,253214,8,4
253114,253114,253226,112,0
253126,253126,253226,100,0
253202,253206,253253,47,4
253270,253271,253272,1,1
253270,253271,253272,1,1
253271,253271,253272,1,0
253270,253271,253272,1,1
253270,253271,253272,1,1
253271,253271,253272,1,0
253271,253271,253272,1,0
253270,253271,253272,1,1
253271,253271,253272,1,0
253271,253271,253272,1,0
253270,253271,253272,1,1
253271,253271,253272,1,0
253271,253271,253272,1,0
253271,253271,253272,1,0
253271,253271,253272,1,0
253271,253271,253272,1,0
253270,253271,253272,1,1
253271,253271,253272,1,0
253271,253271,253272,1,0
253271,253271,253272,1,0
253271,253271,253272,1,0
253270,253271,253272,1,1
253271,253271,253272,1,0
253271,253271,253272,1,0
253271,253271,253272,1,0
253270,253271,253272,1,1
253271,253271,253272,1,0
253271,253271,253272,1,0
253270,253271,253272,1,1
253271,253271,253272,1,0
253271,253271,253272,1,0
253271,253271,253272,1,0
253270,253271,253273,2,1
253270,253271,253272,1,1
253271,253271,253273,2,0
253271,253271,253273,2,0
253271,253271,253272,1,0
253271,253272,253273,1,1
253271,253272,253273,1,1
253270,253271,253272,1,1
253271,253271,253272,1,0
253271,253271,253273,2,0
253271,253271,253272,1,0
253271,253272,253273,1,1
253270,253271,253272,1,1
253270,253271,253273,2,1
253271,253271,253273,2,0
253271,253271,253273,2,0
253271,253272,253273,1,1
253270,253271,253272,1,1
253270,253271,253272,1,1
253271,253271,253273,2,0
253271,253271,253272,1,0
253271,253272,253273,1,1
253270,253271,253273,2,1
253271,253271,253273,2,0
253271,253271,253272,1,0
253271,253272,253273,1,1
253271,253271,253273,2,0
253271,253271,253272,1,0
253271,253271,253272,1,0
253271,253271,253272,1,0
253271,253272,253273,1,1
253270,253271,253272,1,1
253270,253271,253272,1,1
253271,253271,253273,2,0
253271,253271,253273,2,0
253271,253272,253273,1,1
253270,253271,253272,1,1
253271,253271,253273,2,0
253271,253271,253272,1,0
253271,253272,253273,1,1
253270,253271,253272,1,1
253271,253271,253272,1,0
253271,253271,253273,2,0
253271,253272,253273,1,1
253270,253271,253272,1,1
253271,253271,253273,2,0
253271,253272,253273,1,1
253271,253272,253274,2,1
253271,253272,253274,2,1
253271,253272,253274,2,1
253271,253272,253273,1,1
253271,253272,253274,2,1
253271,253272,253274,2,1
253271,253272,253274,2,1
253271,253272,253274,2,1
253271,253272,253274,2,1
253271,253272,253274,2,1
253271,253272,253274,2,1
253271,253272,253274,2,1
253271,253272,253273,1,1
253271,253272,253274,2,1
253271,253272,253274,2,1
253271,253272,253274,2,1
253271,253272,253273,1,1
253271,253273,253274,1,2
253271,253272,253274,2,1
253271,253272,253274,2,1
253271,253272,253274,2,1
253271,253272,253274,2,1
253271,253272,253274,2,1
253271,253272,253274,2,1
253271,253272,253274,2,1
253271,253273,253274,1,2
253271,253272,253274,2,1
253271,253272,253274,2,1
253271,253272,253274,2,1
253271,253272,253274,2,1
253271,253273,253274,1,2
253271,253272,253274,2,1
253271,253272,253274,2,1
253271,253272,253273,1,1
253271,253272,253274,2,1
253271,253273,253275,2,2
253271,253273,253275,2,2
253271,253274,253275,1,3
253271,253272,253274,2,1
253271,253274,253275,1,3
253271,253273,253275,2,2
253271,253273,253275,2,2
253271,253273,253275,2,2
253336,253336,253337,1,0
253336,253336,253337,1,0
253336,253336,253337,1,0
253336,253336,253337,1,0
253336,253336,253337,1,0
253336,253336,253337,1,0
253336,253336,253337,1,0
253336,253336,253337,1,0
253336,253336,253337,1,0
253336,253336,253337,1,0
253336,253336,253337,1,0
253336,253336,253337,1,0
253336,253336,253337,1,0
253336,253336,253337,1,0
253336,253336,253337,1,0
253336,253336,253337,1,0
253336,253336,253337,1,0
253336,253336,253337,1,0
253336,253336,253337,1,0
253336,253336,253337,1,0
253336,253336,253337,1,0
253336,253336,253337,1,0
253336,253336,253337,1,0
253336,253336,253337,1,0
253336,253336,253337,1,0
253336,253336,253337,1,0
253336,253336,253337,1,0
253336,253336,253337,1,0
253336,253336,253337,1,0
253336,253336,253338,2,0
253336,253336,253337,1,0
253336,253336,253338,2,0
253336,253336,253338,2,0
253336,253336,253338,2,0
253336,253336,253338,2,0
253336,253336,253337,1,0
253336,253336,253338,2,0
253336,253336,253338,2,0
253336,253336,253338,2,0
253336,253336,253338,2,0
253336,253336,253338,2,0
253336,253336,253338,2,0
253336,253336,253338,2,0
253336,253336,253338,2,0
253336,253336,253338,2,0
253336,253336,253338,2,0
253336,253336,253338,2,0
253336,253336,253338,2,0
253336,253336,253338,2,0
253336,253336,253337,1,0
253336,253336,253338,2,0
253336,253336,253338,2,0
253336,253336,253338,2,0
253336,253336,253338,2,0
253336,253336,253338,2,0
253336,253336,253338,2,0
253336,253336,253338,2,0
253336,253336,253338,2,0
253336,253336,253338,2,0
253336,253336,253338,2,0
253336,253336,253338,2,0
253336,253336,253338,2,0
253336,253336,253338,2,0
253336,253336,253338,2,0
253336,253336,253338,2,0
253336,253336,253338,2,0
253336,253336,253338,2,0
253336,253336,253338,2,0
253385,253385,253386,1,0
253385,253385,253386,1,0
253385,253385,253386,1,0
253385,253385,253386,1,0
253385,253385,253386,1,0
253385,253385,253386,1,0
253385,253385,253386,1,0
253385,253385,253386,1,0
253385,253385,253386,1,0
253385,253385,253386,1,0
253385,253385,253386,1,0
253385,253385,253387,2,0
253385,253385,253387,2,0
253385,253385,253387,2,0
253385,253385,253387,2,0
253385,253385,253387,2,0
253385,253385,253387,2,0
253385,253385,253387,2,0
253385,253385,253387,2,0
253385,253385,253387,2,0
253385,253385,253387,2,0
253385,253385,253387,2,0
253385,253385,253387,2,0
253385,253385,253387,2,0
253385,253385,253387,2,0
253385,253385,253387,2,0
253385,253385,253387,2,0
253385,253385,253387,2,0
253385,253385,253387,2,0
253385,253385,253387,2,0
253385,253385,253387,2,0
253385,253385,253387,2,0
253385,253385,253387,2,0
253385,253385,253387,2,0
253336,253337,253389,52,1
253417,253417,253418,1,0
253417,253417,253418,1,0
253417,253417,253418,1,0
253417,253417,253418,1,0
253417,253417,253418,1,0
253417,253417,253418,1,0
253417,253417,253418,1,0
253417,253417,253418,1,0
253417,253417,253418,1,0
253417,253417,253418,1,0
253417,253417,253418,1,0
253417,253417,253418,1,0
253417,253417,253419,2,0
253417,253417,253418,1,0
253417,253417,253418,1,0
253417,253417,253418,1,0
253417,253417,253418,1,0
253417,253417,253419,2,0
253417,253417,253418,1,0
253417,253417,253419,2,0
253417,253417,253419,2,0
253417,253417,253418,1,0
253417,253417,253419,2,0
253417,253417,253419,2,0
253417,253417,253418,1,0
253417,253417,253419,2,0
253417,253417,253419,2,0
253417,253417,253418,1,0
253417,253417,253419,2,0
253417,253417,253419,2,0
253417,253417,253419,2,0
253417,253417,253418,1,0
253417,253417,253419,2,0
253417,253417,253419,2,0
253451,253451,253452,1,0
253451,253451,253452,1,0
253451,253451,253452,1,0
253451,253451,253452,1,0
253451,253451,253452,1,0
253451,253451,253452,1,0
253451,253451,253452,1,0
253451,253451,253452,1,0
253451,253451,253452,1,0
253451,253451,253452,1,0
253451,253451,253452,1,0
253451,253451,253452,1,0
253451,253451,253452,1,0
253451,253451,253452,1,0
253451,253451,253452,1,0
253451,253451,253453,2,0
253451,253451,253452,1,0
253451,253451,253452,1,0
253451,253451,253452,1,0
253451,253451,253452,1,0
253451,253451,253453,2,0
253451,253451,253453,2,0
253451,253451,253452,1,0
253451,253451,253453,2,0
253451,253451,253452,1,0
253451,253451,253452,1,0
253451,253451,253453,2,0
253451,253451,253452,1,0
253451,253451,253453,2,0
253451,253451,253452,1,0
253451,253451,253453,2,0
253451,253451,253452,1,0
253451,253451,253452,1,0
253451,253451,253452,1,0
253417,253418,253462,44,1
253468,253468,253469,1,0
253468,253468,253469,1,0
253468,253468,253469,1,0
253468,253468,253469,1,0
253468,253468,253469,1,0
253468,253468,253469,1,0
253468,253468,253469,1,0
253468,253468,253469,1,0
253468,253468,253469,1,0
253468,253468,253469,1,0
253468,253468,253469,1,0
253468,253468,253469,1,0
253468,253468,253469,1,0
253468,253468,253469,1,0
253468,253468,253469,1,0
253468,253468,253469,1,0
253468,253468,253469,1,0
253468,253468,253469,1,0
253468,253468,253469,1,0
253468,253468,253469,1,0
253468,253468,253469,1,0
253468,253468,253470,2,0
253468,253468,253469,1,0
253468,253468,253469,1,0
253468,253468,253469,1,0
253468,253468,253469,1,0
253468,253468,253469,1,0
253468,253468,253469,1,0
253468,253468,253469,1,0
253468,253468,253469,1,0
253468,253468,253469,1,0
253468,253468,253469,1,0
253468,253468,253469,1,0
253468,253468,253519,51,0
253521,253521,253522,1,0
253521,253521,253522,1,0
253521,253521,253522,1,0
253521,253521,253522,1,0
253521,253521,253522,1,0
253521,253521,253522,1,0
253521,253521,253522,1,0
253521,253521,253522,1,0
253521,253521,253522,1,0
253521,253521,253522,1,0
253521,253521,253523,2,0
253521,253521,253522,1,0
253521,253521,253522,1,0
253521,253521,253522,1,0
253521,253521,253522,1,0
253521,253521,253522,1,0
253521,253521,253522,1,0
253521,253521,253522,1,0
253521,253521,253522,1,0
253521,253521,253522,1,0
253521,253521,253522,1,0
253521,253521,253522,1,0
253521,253521,253522,1,0
253521,253521,253522,1,0
253521,253521,253522,1,0
253486,253486,253542,56,0
253543,253543,253544,1,0
253543,253543,253544,1,0
253543,253543,253544,1,0
253543,253543,253544,1,0
253543,253543,253544,1,0
253543,253543,253544,1,0
253543,253543,253544,1,0
253543,253543,253544,1,0
253543,253543,253544,1,0
253543,253543,253544,1,0
253543,253543,253544,1,0
253543,253543,253544,1,0
253543,253543,253544,1,0
253543,253543,253544,1,0
253543,253543,253545,2,0
253543,253543,253545,2,0
253543,253543,253544,1,0
253543,253543,253545,2,0
253543,253543,253544,1,0
253543,253543,253545,2,0
253543,253543,253544,1,0
253543,253543,253545,2,0
253543,253543,253544,1,0
253543,253543,253545,2,0
253543,253543,253544,1,0
253543,253543,253544,1,0
253543,253543,253545,2,0
253543,253543,253544,1,0
253543,253543,253544,1,0
253543,253543,253545,2,0
253543,253543,253544,1,0
253543,253543,253545,2,0
253543,253543,253545,2,0
253543,253543,253545,2,0
253508,253508,253559,51,0
253511,253511,253560,49,0
253507,253507,253561,54,0
253510,253510,253563,53,0
253517,253517,253564,47,0
253514,253514,253565,51,0
253566,253566,253567,1,0
253565,253566,253567,1,1
253566,253566,253567,1,0
253566,253566,253567,1,0
253565,253566,253567,1,1
253566,253566,253567,1,0
253565,253566,253567,1,1
253565,253566,253567,1,1
253566,253566,253567,1,0
253566,253566,253567,1,0
253566,253566,253567,1,0
253565,253566,253567,1,1
253566,253566,253567,1,0
253566,253566,253567,1,0
253566,253566,253567,1,0
253566,253566,253567,1,0
253566,253566,253567,1,0
253566,253566,253567,1,0
253566,253566,253567,1,0
253565,253566,253567,1,1
253566,253566,253567,1,0
253566,253566,253567,1,0
253565,253566,253567,1,1
253566,253566,253567,1,0
253566,253566,253567,1,0
253566,253566,253567,1,0
253506,253506,253567,61,0
253516,253516,253567,51,0
253565,253566,253567,1,1
253565,253566,253567,1,1
253565,253566,253567,1,1
253565,253566,253567,1,1
253565,253566,253567,1,1
253566,253566,253567,1,0
253565,253566,253567,1,1
253566,253566,253568,2,0
253566,253566,253567,1,0
253566,253567,253568,1,1
253566,253567,253568,1,1
253565,253566,253567,1,1
253565,253566,253567,1,1
253566,253566,253567,1,0
253566,253566,253567,1,0
253566,253566,253567,1,0
253566,253567,253568,1,1
253565,253566,253567,1,1
253566,253566,253567,1,0
253566,253566,253567,1,0
253566,253567,253568,1,1
253566,253567,253568,1,1
253566,253567,253568,1,1
253566,253567,253568,1,1
253565,253566,253567,1,1
253566,253566,253567,1,0
253566,253566,253567,1,0
253566,253566,253567,1,0
253566,253567,253568,1,1
253565,253566,253567,1,1
253565,253566,253567,1,1
253566,253566,253567,1,0
253566,253566,253567,1,0
253566,253567,253568,1,1
253565,253566,253567,1,1
253565,253566,253567,1,1
253566,253566,253567,1,0
253566,253566,253567,1,0
253566,253567,253568,1,1
253565,253566,253567,1,1
253566,253566,253567,1,0
253566,253566,253567,1,0
253566,253567,253568,1,1
253565,253566,253567,1,1
253566,253566,253567,1,0
253566,253566,253567,1,0
253566,253566,253567,1,0
253566,253567,253568,1,1
253566,253567,253568,1,1
253566,253567,253568,1,1
253566,253567,253568,1,1
253566,253567,253568,1,1
253566,253567,253568,1,1
253566,253567,253568,1,1
253566,253568,253569,1,2
253566,253568,253569,1,2
253566,253568,253569,1,2
253566,253567,253568,1,1
253566,253567,253569,2,1
253566,253567,253568,1,1
253566,253567,253568,1,1
253567,253568,253569,1,1
253567,253568,253569,1,1
253566,253567,253569,2,1
253566,253567,253569,2,1
253566,253567,253568,1,1
253566,253567,253569,2,1
253566,253567,253569,2,1
253566,253567,253568,1,1
253567,253568,253569,1,1
253566,253567,253568,1,1
253566,253567,253568,1,1
253566,253567,253568,1,1
253567,253568,253570,2,1
253567,253568,253570,2,1
253567,253568,253569,1,1
253567,253568,253569,1,1
253566,253568,253569,1,2
253567,253568,253569,1,1
253567,253568,253570,2,1
253567,253569,253570,1,2
253567,253568,253569,1,1
253566,253568,253569,1,2
253566,253568,253569,1,2
253566,253568,253569,1,2
253566,253568,253570,2,2
253566,253568,253570,2,2
253566,253568,253570,2,2
253566,253568,253569,1,2
253566,253568,253570,2,2
253566,253568,253570,2,2
253566,253568,253570,2,2
253566,253568,253570,2,2
253566,253568,253570,2,2
253566,253568,253570,2,2
253567,253568,253570,2,1
253567,253568,253570,2,1
253566,253568,253570,2,2
253567,253568,253570,2,1
253567,253568,253570,2,1
253567,253569,253570,1,2
253566,253568,253570,2,2
253567,253568,253570,2,1
253567,253568,253570,2,1
253567,253569,253570,1,2
253567,253568,253570,2,1
253567,253568,253570,2,1
253567,253569,253570,1,2
253567,253569,253570,1,2
253566,253568,253570,2,2
253567,253569,253570,1,2
253567,253569,253570,1,2
253567,253569,253570,1,2
253567,253569,253570,1,2
253566,253568,253570,2,2
253566,253568,253570,2,2
253567,253569,253570,1,2
253567,253569,253570,1,2
253566,253568,253570,2,2
253567,253569,253570,1,2
253567,253569,253570,1,2
253567,253569,253570,1,2
253567,253569,253571,2,2
253520,253520,253578,58,0
253544,253544,253593,49,0
253523,253523,253594,71,0
253542,253543,253602,59,1
253547,253547,253603,56,0
253568,253569,253615,46,1
253620,253620,253621,1,0
253620,253620,253621,1,0
253620,253620,253621,1,0
253620,253620,253621,1,0
253620,253620,253621,1,0
253620,253620,253621,1,0
253620,253620,253621,1,0
253620,253620,253621,1,0
253620,253620,253621,1,0
253620,253620,253621,1,0
253620,253620,253621,1,0
253620,253620,253621,1,0
253620,253620,253621,1,0
253620,253620,253621,1,0
253620,253620,253621,1,0
253620,253620,253621,1,0
253620,253620,253621,1,0
253620,253620,253621,1,0
253620,253620,253621,1,0
253620,253620,253621,1,0
253620,253620,253621,1,0
253620,253620,253621,1,0
253620,253620,253621,1,0
253620,253620,253621,1,0
253620,253620,253621,1,0
253620,253620,253621,1,0
253620,253620,253621,1,0
253620,253620,253621,1,0
253620,253620,253621,1,0
253620,253620,253621,1,0
253620,253620,253621,1,0
253620,253620,253621,1,0
253620,253620,253621,1,0
253620,253620,253621,1,0
253620,253620,253621,1,0
253620,253620,253621,1,0
253620,253620,253621,1,0
253620,253620,253621,1,0
253620,253620,253621,1,0
253620,253620,253621,1,0
253620,253620,253621,1,0
253620,253620,253622,2,0
253620,253620,253621,1,0
253620,253620,253621,1,0
253620,253620,253621,1,0
253620,253620,253621,1,0
253620,253621,253622,1,1
253620,253620,253622,2,0
253620,253620,253622,2,0
253620,253620,253622,2,0
253620,253620,253622,2,0
253620,253620,253622,2,0
253620,253620,253622,2,0
253620,253620,253622,2,0
253620,253620,253622,2,0
253620,253620,253622,2,0
253620,253620,253622,2,0
253620,253620,253622,2,0
253620,253620,253622,2,0
253620,253620,253622,2,0
253620,253620,253622,2,0
253620,253620,253622,2,0
253620,253620,253622,2,0
253620,253620,253622,2,0
253620,253622,253623,1,2
253620,253620,253622,2,0
253620,253620,253622,2,0
253620,253620,253622,2,0
253620,253620,253622,2,0
253620,253620,253622,2,0
253620,253622,253623,1,2
253620,253622,253623,1,2
253620,253620,253622,2,0
253620,253620,253622,2,0
253620,253622,253623,1,2
253620,253622,253623,1,2
253620,253620,253622,2,0
253620,253620,253622,2,0
253620,253622,253623,1,2
253620,253620,253622,2,0
253620,253620,253622,2,0
253620,253622,253623,1,2
253620,253620,253622,2,0
253620,253620,253622,2,0
253620,253622,253623,1,2
253620,253620,253622,2,0
253620,253622,253623,1,2
253620,253620,253622,2,0
253620,253622,253623,1,2
253621,253622,253623,1,1
253621,253622,253623,1,1
253620,253622,253623,1,2
253620,253622,253623,1,2
253621,253622,253623,1,1
253621,253622,253623,1,1
253621,253622,253623,1,1
253620,253622,253623,1,2
253620,253622,253624,2,2
253620,253622,253623,1,2
253620,253622,253623,1,2
253620,253622,253623,1,2
253621,253623,253624,1,2
253620,253622,253623,1,2
253620,253622,253623,1,2
253620,253622,253624,2,2
253620,253622,253623,1,2
253620,253622,253623,1,2
253620,253622,253623,1,2
253620,253622,253623,1,2
253620,253622,253623,1,2
253620,253622,253624,2,2
253620,253622,253624,2,2
253621,253623,253624,1,2
253620,253622,253623,1,2
253620,253622,253623,1,2
253620,253622,253623,1,2
253620,253622,253624,2,2
253620,253622,253624,2,2
253621,253623,253624,1,2
253620,253622,253623,1,2
253620,253622,253623,1,2
253620,253622,253624,2,2
253620,253622,253624,2,2
253621,253623,253624,1,2
253620,253622,253623,1,2
253620,253622,253623,1,2
253620,253622,253624,2,2
253620,253622,253624,2,2
253620,253622,253623,1,2
253620,253622,253624,2,2
253620,253622,253623,1,2
253620,253622,253623,1,2
253620,253622,253623,1,2
253620,253622,253623,1,2
253621,253623,253624,1,2
253621,253623,253624,1,2
253621,253623,253624,1,2
253620,253622,253624,2,2
253620,253622,253623,1,2
253620,253622,253623,1,2
253620,253622,253624,2,2
253620,253622,253623,1,2
253620,253622,253623,1,2
253620,253622,253624,2,2
253620,253622,253624,2,2
253620,253622,253624,2,2
253621,253623,253625,2,2
253621,253623,253624,1,2
253621,253623,253625,2,2
253621,253623,253624,1,2
253621,253623,253624,1,2
253621,253623,253624,1,2
253621,253623,253624,1,2
253621,253623,253624,1,2
253621,253623,253625,2,2
253621,253623,253624,1,2
253621,253623,253624,1,2
253621,253623,253625,2,2
253621,253623,253624,1,2
253621,253623,253624,1,2
253621,253623,253625,2,2
253621,253623,253624,1,2
253621,253623,253624,1,2
253621,253623,253624,1,2
253621,253623,253625,2,2
253621,253623,253625,2,2
253621,253623,253625,2,2
253621,253623,253670,47,2
253687,253687,253688,1,0
253687,253687,253688,1,0
253687,253687,253688,1,0
253687,253687,253688,1,0
253687,253687,253688,1,0
253687,253687,253688,1,0
253687,253687,253688,1,0
253687,253687,253688,1,0
253687,253687,253688,1,0
253687,253687,253688,1,0
253687,253687,253688,1,0
253687,253687,253688,1,0
253687,253687,253688,1,0
253687,253687,253688,1,0
253687,253687,253688,1,0
253687,253687,253688,1,0
253687,253687,253688,1,0
253687,253687,253688,1,0
253687,253687,253688,1,0
253687,253687,253688,1,0
253687,253687,253688,1,0
253687,253687,253688,1,0
253687,253687,253688,1,0
253687,253687,253688,1,0
253687,253687,253688,1,0
253687,253687,253688,1,0
253687,253687,253688,1,0
253687,253687,253688,1,0
253687,253687,253688,1,0
253687,253687,253689,2,0
253687,253687,253688,1,0
253687,253687,253688,1,0
253687,253687,253688,1,0
253687,253687,253688,1,0
253687,253687,253688,1,0
253687,253687,253688,1,0
253687,253687,253688,1,0
253687,253687,253689,2,0
253687,253687,253689,2,0
253687,253687,253689,2,0
253687,253687,253689,2,0
253687,253687,253689,2,0
253687,253687,253689,2,0
253687,253687,253689,2,0
253687,253687,253689,2,0
253687,253687,253689,2,0
253687,253688,253689,1,1
253687,253688,253689,1,1
253687,253688,253689,1,1
253687,253687,253689,2,0
253687,253687,253689,2,0
253687,253688,253689,1,1
253687,253688,253689,1,1
253687,253687,253689,2,0
253687,253687,253689,2,0
253687,253688,253689,1,1
253687,253687,253689,2,0
253687,253687,253689,2,0
253687,253687,253689,2,0
253687,253687,253689,2,0
253687,253687,253689,2,0
253687,253688,253689,1,1
253687,253687,253689,2,0
253687,253687,253689,2,0
253687,253687,253689,2,0
253687,253687,253689,2,0
253687,253689,253690,1,2
253687,253687,253689,2,0
253687,253687,253689,2,0
253687,253688,253689,1,1
253687,253689,253690,1,2
253687,253687,253690,3,0
253687,253687,253689,2,0
253687,253687,253689,2,0
253687,253688,253689,1,1
253687,253689,253690,1,2
253687,253689,253690,1,2
253687,253689,253690,1,2
253687,253689,253690,1,2
253687,253689,253690,1,2
253687,253689,253690,1,2
253687,253689,253690,1,2
253687,253689,253690,1,2
253687,253689,253690,1,2
253687,253689,253690,1,2
253687,253689,253690,1,2
253687,253689,253690,1,2
253687,253689,253690,1,2
253687,253689,253690,1,2
253687,253689,253690,1,2
253687,253689,253690,1,2
253687,253689,253690,1,2
253687,253689,253691,2,2
253687,253689,253691,2,2
253687,253689,253691,2,2
253737,253737,253738,1,0
253737,253737,253738,1,0
253737,253737,253738,1,0
253737,253737,253738,1,0
253737,253737,253738,1,0
253737,253737,253738,1,0
253737,253737,253738,1,0
253737,253737,253738,1,0
253737,253737,253738,1,0
253737,253737,253738,1,0
253737,253737,253738,1,0
253737,253737,253738,1,0
253737,253737,253739,2,0
253737,253737,253738,1,0
253737,253737,253738,1,0
253737,253737,253738,1,0
253737,253737,253738,1,0
253737,253737,253739,2,0
253737,253737,253739,2,0
253737,253737,253738,1,0
253737,253737,253738,1,0
253737,253737,253739,2,0
253737,253737,253738,1,0
253737,253737,253738,1,0
253737,253737,253738,1,0
253737,253737,253738,1,0
253737,253737,253738,1,0
253737,253737,253738,1,0
253737,253737,253738,1,0
253737,253737,253738,1,0
253737,253737,253738,1,0
253737,253737,253739,2,0
253737,253737,253739,2,0
253737,253737,253738,1,0
253770,253770,253771,1,0
253770,253770,253771,1,0
253770,253770,253771,1,0
253770,253770,253771,1,0
253770,253770,253771,1,0
253770,253770,253771,1,0
253770,253770,253771,1,0
253770,253770,253771,1,0
253770,253770,253771,1,0
253770,253770,253771,1,0
253770,253770,253771,1,0
253770,253770,253772,2,0
253770,253770,253772,2,0
253770,253770,253772,2,0
253770,253770,253771,1,0
253770,253770,253772,2,0
253770,253770,253772,2,0
253770,253770,253772,2,0
253770,253770,253772,2,0
253770,253770,253771,1,0
253770,253770,253771,1,0
253770,253770,253772,2,0
253770,253770,253772,2,0
253770,253770,253771,1,0
253770,253770,253772,2,0
253770,253770,253771,1,0
253770,253770,253772,2,0
253770,253770,253771,1,0
253770,253770,253771,1,0
253770,253770,253772,2,0
253770,253770,253771,1,0
253770,253770,253772,2,0
253770,253770,253772,2,0
253770,253770,253772,2,0
253737,253737,253795,58,0
253804,253805,253806,1,1
253804,253805,253806,1,1
253804,253805,253806,1,1
253804,253805,253806,1,1
253804,253805,253806,1,1
253804,253805,253806,1,1
253804,253805,253806,1,1
253804,253805,253806,1,1
253804,253805,253807,2,1
253804,253805,253806,1,1
253804,253805,253806,1,1
253804,253805,253806,1,1
253804,253805,253806,1,1
253804,253805,253806,1,1
253804,253805,253806,1,1
253804,253805,253806,1,1
253804,253805,253806,1,1
253804,253805,253806,1,1
253804,253805,253806,1,1
253804,253805,253806,1,1
253804,253805,253806,1,1
253804,253805,253806,1,1
253804,253805,253807,2,1
253805,253805,253851,46,0
253852,253852,253853,1,0
253852,253852,253853,1,0
253852,253852,253853,1,0
253852,253852,253853,1,0
253852,253852,253853,1,0
253852,253852,253853,1,0
253852,253852,253853,1,0
253852,253852,253853,1,0
253852,253852,253853,1,0
253852,253852,253853,1,0
253852,253852,253853,1,0
253852,253852,253853,1,0
253852,253852,253853,1,0
253852,253852,253853,1,0
253852,253852,253854,2,0
253852,253852,253853,1,0
253852,253852,253853,1,0
253852,253852,253853,1,0
253852,253852,253853,1,0
253852,253852,253853,1,0
253852,253852,253853,1,0
253852,253852,253853,1,0
253852,253852,253854,2,0
253852,253852,253853,1,0
253852,253852,253853,1,0
253852,253852,253853,1,0
253852,253852,253854,2,0
253852,253852,253854,2,0
253843,253843,253890,47,0
253840,253840,253891,51,0
253845,253845,253892,47,0
253892,253892,253893,1,0
253892,253892,253893,1,0
253892,253892,253893,1,0
253892,253892,253893,1,0
253892,253892,253893,1,0
253892,253892,253893,1,0
253892,253892,253894,2,0
253892,253892,253893,1,0
253892,253892,253893,1,0
253892,253892,253893,1,0
253892,253892,253893,1,0
253892,253892,253893,1,0
253892,253892,253894,2,0
253892,253892,253893,1,0
253892,253892,253893,1,0
253892,253892,253894,2,0
253892,253892,253893,1,0
253892,253892,253893,1,0
253892,253892,253894,2,0
253892,253892,253894,2,0
253892,253892,253894,2,0
253892,253893,253894,1,1
253892,253893,253894,1,1
253892,253892,253894,2,0
253892,253892,253894,2,0
253892,253892,253894,2,0
253892,253892,253894,2,0
253892,253892,253894,2,0
253892,253892,253894,2,0
253892,253892,253894,2,0
253892,253892,253894,2,0
253892,253893,253895,2,1
253892,253893,253894,1,1
253892,253893,253894,1,1
253892,253893,253894,1,1
253894,253894,253895,1,0
253892,253892,253894,2,0
253892,253893,253894,1,1
253892,253893,253894,1,1
253894,253894,253895,1,0
253894,253894,253895,1,0
253892,253892,253894,2,0
253892,253892,253894,2,0
253892,253893,253895,2,1
253892,253893,253894,1,1
253892,253893,253894,1,1
253892,253893,253894,1,1
253892,253892,253894,2,0
253892,253892,253894,2,0
253892,253893,253894,1,1
253892,253893,253895,2,1
253892,253893,253894,1,1
253894,253894,253895,1,0
253894,253894,253895,1,0
253892,253892,253894,2,0
253892,253892,253894,2,0
253892,253893,253894,1,1
253892,253893,253894,1,1
253892,253893,253894,1,1
253894,253894,253895,1,0
253894,253894,253895,1,0
253892,253892,253894,2,0
253892,253893,253894,1,1
253892,253893,253894,1,1
253892,253893,253894,1,1
253894,253894,253895,1,0
253894,253894,253895,1,0
253894,253894,253895,1,0
253894,253895,253896,1,1
253894,253894,253896,2,0
253894,253895,253896,1,1
253894,253894,253896,2,0
253894,253894,253896,2,0
253894,253894,253896,2,0
253894,253894,253896,2,0
253894,253894,253896,2,0
253894,253894,253896,2,0
253894,253894,253896,2,0
253894,253895,253896,1,1
253894,253895,253896,1,1
253894,253895,253896,1,1
253894,253895,253896,1,1
253894,253895,253896,1,1
253894,253895,253896,1,1
253894,253896,253897,1,2
253894,253894,253897,3,0
253894,253894,253897,3,0
253894,253894,253897,3,0
253841,253841,253897,56,0
253892,253893,253897,4,1
253892,253894,253897,3,2
253892,253894,253898,4,2
253892,253894,253897,3,2
253852,253852,253898,46,0
253892,253894,253898,4,2
253848,253849,253901,52,1
253851,253851,253902,51,0
253847,253847,253905,58,0
253894,253895,253906,11,1
253894,253895,253908,13,1
253894,253895,253911,16,1
253894,253895,253910,15,1
253880,253880,253932,52,0
253875,253875,253933,58,0
253877,253877,253934,57,0
253934,253934,253935,1,0
253934,253934,253935,1,0
253934,253934,253935,1,0
253934,253934,253935,1,0
253934,253934,253935,1,0
253934,253934,253935,1,0
253934,253934,253935,1,0
253934,253934,253935,1,0
253934,253934,253935,1,0
253934,253934,253935,1,0
253934,253934,253935,1,0
253934,253934,253935,1,0
253934,253934,253935,1,0
253934,253934,253935,1,0
253934,253934,253935,1,0
253934,253934,253935,1,0
253934,253934,253935,1,0
253934,253934,253935,1,0
253934,253934,253935,1,0
253934,253934,253935,1,0
253934,253934,253935,1,0
253934,253934,253935,1,0
253934,253934,253935,1,0
253934,253934,253936,2,0
253934,253935,253936,1,1
253934,253935,253936,1,1
253934,253935,253936,1,1
253934,253935,253936,1,1
253934,253934,253936,2,0
253934,253934,253936,2,0
253934,253934,253936,2,0
253934,253935,253936,1,1
253934,253935,253936,1,1
253934,253934,253936,2,0
253934,253934,253936,2,0
253934,253935,253936,1,1
253934,253935,253936,1,1
253934,253935,253936,1,1
253934,253934,253936,2,0
253934,253934,253936,2,0
253934,253935,253936,1,1
253934,253935,253936,1,1
253934,253935,253936,1,1
253934,253934,253936,2,0
253934,253935,253936,1,1
253934,253935,253936,1,1
253934,253935,253936,1,1
253934,253934,253936,2,0
253934,253934,253936,2,0
253934,253934,253936,2,0
253934,253935,253936,1,1
253934,253935,253936,1,1
253934,253934,253936,2,0
253934,253934,253936,2,0
253934,253935,253936,1,1
253934,253935,253936,1,1
253934,253935,253936,1,1
253934,253936,253937,1,2
253934,253934,253936,2,0
253934,253934,253936,2,0
253934,253935,253936,1,1
253934,253935,253936,1,1
253934,253935,253936,1,1
253934,253936,253937,1,2
253934,253934,253936,2,0
253934,253934,253936,2,0
253934,253934,253936,2,0
253934,253935,253936,1,1
253934,253934,253936,2,0
253934,253934,253936,2,0
253934,253936,253937,1,2
253934,253935,253936,1,1
253934,253936,253937,1,2
253934,253936,253937,1,2
253934,253936,253937,1,2
253934,253936,253937,1,2
253934,253936,253937,1,2
253934,253936,253937,1,2
253934,253936,253937,1,2
253934,253936,253937,1,2
253934,253936,253937,1,2
253935,253937,253938,1,2
253934,253936,253937,1,2
253935,253937,253938,1,2
253934,253936,253937,1,2
253934,253936,253937,1,2
253935,253937,253938,1,2
253935,253937,253938,1,2
253935,253937,253938,1,2
253934,253936,253937,1,2
253934,253936,253937,1,2
253935,253937,253938,1,2
253935,253937,253938,1,2
253934,253936,253937,1,2
253934,253936,253937,1,2
253935,253937,253938,1,2
253935,253937,253938,1,2
253935,253937,253938,1,2
253934,253936,253937,1,2
253934,253936,253937,1,2
253935,253937,253938,1,2
253935,253937,253938,1,2
253935,253937,253938,1,2
253934,253936,253937,1,2
253934,253936,253937,1,2
253934,253936,253937,1,2
253934,253936,253937,1,2
253935,253937,253938,1,2
253935,253937,253938,1,2
253935,253937,253938,1,2
253934,253936,253937,1,2
253934,253936,253937,1,2
253935,253937,253939,2,2
253935,253937,253939,2,2
253935,253937,253939,2,2
253935,253937,253938,1,2
253935,253938,253939,1,3
253935,253938,253939,1,3
253935,253938,253939,1,3
253935,253937,253938,1,2
253935,253937,253939,2,2
253935,253937,253939,2,2
253935,253937,253939,2,2
253935,253937,253939,2,2
253935,253937,253938,1,2
253935,253937,253938,1,2
253935,253937,253938,1,2
253935,253937,253939,2,2
253935,253937,253939,2,2
253935,253937,253938,1,2
253935,253938,253939,1,3
253935,253937,253939,2,2
253935,253937,253939,2,2
253935,253937,253938,1,2
253935,253937,253938,1,2
253935,253937,253939,2,2
253935,253937,253938,1,2
253935,253937,253939,2,2
253935,253938,253939,1,3
253935,253938,253939,1,3
253935,253937,253938,1,2
253935,253937,253939,2,2
253935,253937,253939,2,2
253935,253937,253938,1,2
253935,253937,253938,1,2
253935,253937,253938,1,2
253935,253937,253939,2,2
253893,253894,253940,46,1
253935,253938,253939,1,3
253935,253938,253939,1,3
253935,253938,253940,2,3
253935,253938,253939,1,3
253935,253938,253940,2,3
253935,253938,253940,2,3
253935,253938,253940,2,3
253935,253938,253940,2,3
253935,253938,253939,1,3
253935,253938,253939,1,3
253881,253881,253940,59,0
253935,253938,253940,2,3
253935,253938,253940,2,3
253935,253938,253940,2,3
253935,253938,253940,2,3
253935,253938,253940,2,3
253884,253884,253943,59,0
253854,253854,253945,91,0
253890,253890,253950,60,0
253897,253897,253957,60,0
253887,253887,253981,94,0
253935,253938,253985,47,3
253987,253987,253988,1,0
253987,253987,253988,1,0
253987,253987,253988,1,0
253987,253987,253988,1,0
253987,253987,253988,1,0
253986,253987,253988,1,1
253987,253987,253988,1,0
253987,253987,253988,1,0
253987,253987,253988,1,0
253987,253987,253988,1,0
253987,253987,253988,1,0
253987,253987,253988,1,0
253986,253987,253988,1,1
253986,253987,253988,1,1
253987,253987,253988,1,0
253987,253987,253988,1,0
253987,253987,253988,1,0
253986,253987,253988,1,1
253986,253987,253988,1,1
253987,253987,253988,1,0
253987,253987,253988,1,0
253987,253987,253988,1,0
253986,253987,253988,1,1
253987,253987,253988,1,0
253987,253987,253988,1,0
253987,253987,253988,1,0
253987,253987,253988,1,0
253986,253987,253989,2,1
253986,253987,253988,1,1
253987,253987,253988,1,0
253987,253987,253988,1,0
253987,253987,253988,1,0
253987,253988,253989,1,1
253987,253988,253989,1,1
253986,253987,253988,1,1
253986,253987,253988,1,1
253987,253987,253988,1,0
253987,253987,253989,2,0
253987,253988,253989,1,1
253987,253988,253989,1,1
253986,253987,253988,1,1
253986,253987,253988,1,1
253987,253987,253988,1,0
253987,253987,253988,1,0
253987,253987,253988,1,0
253987,253988,253989,1,1
253986,253987,253988,1,1
253986,253987,253988,1,1
253986,253987,253988,1,1
253987,253987,253988,1,0
253987,253987,253988,1,0
253987,253988,253989,1,1
253986,253987,253988,1,1
253986,253987,253988,1,1
253987,253987,253989,2,0
253987,253987,253988,1,0
253987,253987,253988,1,0
253987,253988,253989,1,1
253987,253988,253989,1,1
253986,253987,253988,1,1
253986,253987,253988,1,1
253987,253987,253988,1,0
253987,253987,253988,1,0
253987,253987,253988,1,0
253987,253988,253989,1,1
253986,253987,253988,1,1
253986,253987,253988,1,1
253987,253987,253988,1,0
253987,253987,253988,1,0
253986,253987,253988,1,1
253986,253987,253988,1,1
253987,253987,253989,2,0
253987,253987,253988,1,0
253987,253988,253989,1,1
253986,253987,253988,1,1
253987,253987,253989,2,0
253987,253987,253988,1,0
253987,253988,253989,1,1
253986,253987,253988,1,1
253987,253987,253988,1,0
253987,253987,253989,2,0
253987,253988,253989,1,1
253987,253988,253990,2,1
253987,253988,253990,2,1
253987,253988,253990,2,1
253987,253988,253990,2,1
253987,253988,253990,2,1
253987,253988,253990,2,1
253987,253988,253989,1,1
253987,253988,253989,1,1
253987,253988,253990,2,1
253987,253988,253990,2,1
253987,253988,253990,2,1
253987,253988,253989,1,1
253987,253988,253990,2,1
253987,253988,253990,2,1
253987,253990,253991,1,3
253987,253990,253991,1,3
253987,253988,253990,2,1
253987,253990,253991,1,3
253987,253988,253990,2,1
253987,253988,253990,2,1
253987,253988,253990,2,1
253987,253990,253991,1,3
253987,253988,253990,2,1
253987,253990,253991,1,3
253987,253990,253991,1,3
253987,253988,253990,2,1
253987,253988,253990,2,1
253987,253988,253990,2,1
253987,253988,253990,2,1
253987,253990,253991,1,3
253987,253988,253990,2,1
253987,253990,253991,1,3
253987,253990,253991,1,3
253987,253990,253991,1,3
253987,253990,253991,1,3
253987,253990,253991,1,3
253987,253990,253991,1,3
253987,253990,253992,2,3
253987,253990,253992,2,3
253987,253990,253991,1,3
253987,253990,253992,2,3
253987,253990,253991,1,3
253987,253990,253991,1,3
253987,253990,253992,2,3
253987,253990,253992,2,3
253987,253990,253992,2,3
253987,253990,253992,2,3
253987,253990,253991,1,3
253987,253990,253992,2,3
253987,253990,253991,1,3
253987,253990,253992,2,3
253987,253990,253992,2,3
253987,253990,253991,1,3
253987,253990,253992,2,3
253987,253990,253992,2,3
253987,253990,253991,1,3
253987,253990,253991,1,3
253987,253990,253991,1,3
253987,253990,253991,1,3
253987,253990,253992,2,3
253987,253990,253992,2,3
253987,253990,253991,1,3
253987,253990,253991,1,3
253987,253990,253992,2,3
253987,253990,253992,2,3
253987,253990,253992,2,3
253987,253990,253992,2,3
253987,253990,253992,2,3
253987,253990,253991,1,3
253987,253990,253991,1,3
253987,253990,253991,1,3
253987,253990,253992,2,3
253987,253990,253992,2,3
253987,253990,253992,2,3
253987,253990,253991,1,3
253987,253990,253992,2,3
253987,253990,253992,2,3
253987,253990,253992,2,3
253987,253990,253992,2,3
253987,253990,253991,1,3
253987,253990,253992,2,3
253987,253990,253992,2,3
253987,253990,253992,2,3
253987,253990,253992,2,3
253987,253990,253992,2,3
253987,253990,253992,2,3
253987,253990,253992,2,3
253987,253990,253992,2,3
253987,253990,253991,1,3
253987,253990,253991,1,3
253987,253990,253992,2,3
253891,253892,253993,101,1
253987,253990,253992,2,3
253987,253991,253992,1,4
253987,253991,253992,1,4
253987,253991,253992,1,4
253987,253991,253993,2,4
253987,253991,253993,2,4
253987,253991,253993,2,4
253987,253991,253993,2,4
253987,253991,253992,1,4
253987,253991,253992,1,4
253987,253991,253992,1,4
253987,253991,253993,2,4
253987,253991,253992,1,4
253987,253991,253992,1,4
253987,253991,253992,1,4
253987,253991,253992,1,4
253987,253991,253993,2,4
253987,253991,253993,2,4
253987,253991,253992,1,4
253987,253991,253992,1,4
253987,253991,253992,1,4
253988,253991,254039,48,3
254069,254069,254070,1,0
254069,254069,254070,1,0
254069,254069,254070,1,0
254069,254069,254070,1,0
254069,254069,254070,1,0
254069,254069,254070,1,0
254069,254069,254070,1,0
254069,254069,254070,1,0
254069,254069,254070,1,0
254069,254069,254070,1,0
254069,254069,254070,1,0
254069,254069,254070,1,0
254069,254069,254070,1,0
254069,254069,254070,1,0
254069,254069,254071,2,0
254069,254069,254070,1,0
254069,254069,254070,1,0
254069,254069,254070,1,0
254069,254069,254071,2,0
254069,254069,254070,1,0
254069,254069,254070,1,0
254069,254069,254070,1,0
254069,254069,254070,1,0
254069,254069,254070,1,0
254069,254069,254071,2,0
254069,254069,254070,1,0
254069,254069,254070,1,0
254069,254069,254070,1,0
254069,254069,254070,1,0
254069,254069,254070,1,0
254069,254069,254071,2,0
254069,254069,254070,1,0
254069,254069,254070,1,0
254069,254069,254071,2,0
254069,254069,254070,1,0
254069,254069,254070,1,0
254069,254069,254071,2,0
254069,254069,254070,1,0
254069,254069,254071,2,0
254069,254070,254071,1,1
254069,254071,254072,1,2
254069,254071,254072,1,2
254069,254071,254072,1,2
254069,254069,254071,2,0
254069,254069,254071,2,0
254069,254070,254071,1,1
254069,254070,254071,1,1
254069,254071,254072,1,2
254069,254069,254071,2,0
254069,254070,254071,1,1
254069,254070,254071,1,1
254069,254071,254072,1,2
254069,254069,254071,2,0
254069,254069,254071,2,0
254069,254070,254071,1,1
254069,254070,254071,1,1
254069,254069,254071,2,0
254069,254070,254071,1,1
254069,254070,254071,1,1
254069,254071,254072,1,2
254069,254069,254071,2,0
254069,254070,254071,1,1
254069,254069,254071,2,0
254069,254070,254071,1,1
254069,254070,254071,1,1
254069,254071,254072,1,2
254069,254069,254071,2,0
254069,254069,254071,2,0
254069,254070,254071,1,1
254069,254071,254072,1,2
254069,254069,254071,2,0
254069,254070,254071,1,1
254069,254070,254071,1,1
254069,254069,254071,2,0
254069,254070,254071,1,1
254069,254071,254072,1,2
254069,254070,254072,2,1
254069,254071,254072,1,2
254069,254071,254072,1,2
254069,254071,254072,1,2
254069,254071,254072,1,2
254069,254071,254072,1,2
254069,254071,254072,1,2
254069,254071,254072,1,2
254069,254071,254072,1,2
254069,254071,254072,1,2
254069,254071,254072,1,2
254069,254071,254072,1,2
254069,254071,254072,1,2
254069,254071,254072,1,2
254069,254071,254073,2,2
254069,254071,254072,1,2
254069,254071,254072,1,2
254069,254071,254073,2,2
254069,254071,254073,2,2
254069,254071,254072,1,2
254069,254071,254072,1,2
254069,254071,254072,1,2
254069,254071,254073,2,2
254069,254071,254073,2,2
254069,254071,254072,1,2
254069,254071,254072,1,2
254069,254071,254072,1,2
254069,254071,254073,2,2
254069,254071,254072,1,2
254069,254071,254072,1,2
254069,254071,254072,1,2
254069,254071,254072,1,2
254069,254072,254073,1,3
254069,254071,254073,2,2
254069,254071,254072,1,2
254069,254071,254072,1,2
254069,254072,254073,1,3
254069,254071,254072,1,2
254069,254071,254073,2,2
254069,254072,254073,1,3
254069,254072,254073,1,3
254069,254072,254073,1,3
254069,254072,254073,1,3
254069,254071,254075,4,2
254069,254071,254075,4,2
254069,254071,254075,4,2
254069,254071,254075,4,2
254070,254072,254124,52,2
254136,254136,254137,1,0
254136,254136,254137,1,0
254136,254136,254137,1,0
254136,254136,254137,1,0
254136,254136,254137,1,0
254136,254136,254137,1,0
254136,254136,254137,1,0
254136,254136,254137,1,0
254136,254136,254137,1,0
254136,254136,254137,1,0
254136,254136,254137,1,0
254136,254136,254137,1,0
254136,254136,254137,1,0
254136,254136,254137,1,0
254136,254136,254137,1,0
254136,254136,254137,1,0
254136,254136,254137,1,0
254136,254136,254137,1,0
254136,254136,254137,1,0
254136,254136,254137,1,0
254136,254136,254137,1,0
254136,254136,254137,1,0
254136,254136,254137,1,0
254136,254136,254137,1,0
254136,254136,254137,1,0
254136,254136,254137,1,0
254136,254136,254137,1,0
254136,254136,254137,1,0
254136,254136,254137,1,0
254136,254136,254137,1,0
254136,254136,254137,1,0
254136,254136,254137,1,0
254136,254136,254137,1,0
254136,254136,254138,2,0
254136,254136,254138,2,0
254136,254136,254138,2,0
254136,254136,254138,2,0
254136,254136,254137,1,0
254136,254136,254138,2,0
254136,254136,254138,2,0
254136,254136,254137,1,0
254136,254136,254138,2,0
254136,254136,254138,2,0
254136,254136,254138,2,0
254136,254136,254138,2,0
254136,254136,254137,1,0
254136,254136,254137,1,0
254136,254136,254138,2,0
254136,254136,254138,2,0
254136,254136,254138,2,0
254136,254136,254138,2,0
254136,254136,254138,2,0
254136,254136,254138,2,0
254136,254136,254138,2,0
254136,254136,254138,2,0
254136,254136,254137,1,0
254136,254136,254138,2,0
254136,254136,254138,2,0
254136,254136,254138,2,0
254136,254136,254138,2,0
254136,254136,254138,2,0
254136,254136,254137,1,0
254136,254136,254137,1,0
254136,254136,254137,1,0
254136,254136,254138,2,0
254136,254136,254138,2,0
254136,254136,254138,2,0
254136,254136,254138,2,0
254185,254185,254186,1,0
254185,254185,254186,1,0
254185,254185,254186,1,0
254185,254185,254186,1,0
254185,254185,254186,1,0
254185,254185,254186,1,0
254185,254185,254186,1,0
254185,254185,254186,1,0
254185,254185,254186,1,0
254185,254185,254186,1,0
254185,254185,254186,1,0
254185,254185,254186,1,0
254185,254185,254186,1,0
254185,254185,254186,1,0
254185,254185,254186,1,0
254185,254185,254186,1,0
254185,254185,254186,1,0
254185,254185,254186,1,0
254185,254185,254186,1,0
254185,254185,254186,1,0
254185,254185,254186,1,0
254185,254185,254186,1,0
254185,254185,254186,1,0
254185,254185,254186,1,0
254185,254185,254186,1,0
254185,254185,254186,1,0
254185,254185,254186,1,0
254185,254185,254186,1,0
254185,254185,254186,1,0
254185,254185,254186,1,0
254185,254185,254187,2,0
254185,254185,254186,1,0
254185,254185,254187,2,0
254185,254185,254187,2,0
254219,254219,254220,1,0
254219,254219,254220,1,0
254219,254219,254220,1,0
254219,254219,254220,1,0
254219,254219,254220,1,0
254219,254219,254220,1,0
254219,254219,254220,1,0
254219,254219,254220,1,0
254219,254219,254220,1,0
254219,254219,254220,1,0
254219,254219,254220,1,0
254219,254219,254220,1,0
254219,254219,254220,1,0
254219,254219,254220,1,0
254219,254219,254220,1,0
254219,254219,254220,1,0
254219,254219,254221,2,0
254219,254219,254221,2,0
254219,254219,254220,1,0
254219,254219,254221,2,0
254219,254219,254220,1,0
254219,254219,254221,2,0
254219,254219,254220,1,0
254219,254219,254221,2,0
254219,254219,254220,1,0
254219,254219,254221,2,0
254219,254219,254221,2,0
254219,254219,254221,2,0
254219,254219,254221,2,0
254219,254219,254221,2,0
254219,254219,254221,2,0
254219,254219,254221,2,0
254219,254219,254221,2,0
254219,254219,254221,2,0
254185,254185,254237,52,0
254254,254254,254255,1,0
254254,254254,254255,1,0
254254,254254,254255,1,0
254254,254254,254255,1,0
254254,254254,254255,1,0
254254,254254,254255,1,0
254254,254254,254255,1,0
254254,254254,254255,1,0
254254,254254,254255,1,0
254254,254254,254255,1,0
254254,254254,254255,1,0
254254,254254,254255,1,0
254254,254254,254256,2,0
254254,254254,254256,2,0
254254,254254,254256,2,0
254254,254254,254256,2,0
254254,254254,254256,2,0
254254,254254,254256,2,0
254254,254254,254256,2,0
254254,254254,254256,2,0
254254,254254,254256,2,0
254254,254254,254255,1,0
254254,254254,254256,2,0
254254,254254,254256,2,0
254254,254254,254256,2,0
254254,254254,254256,2,0
254254,254254,254256,2,0
254254,254254,254256,2,0
254254,254254,254256,2,0
254254,254254,254256,2,0
254254,254254,254257,3,0
254219,254220,254266,46,1
254254,254254,254268,14,0
254254,254254,254268,14,0
254254,254254,254268,14,0
254271,254271,254272,1,0
254271,254271,254272,1,0
254271,254271,254272,1,0
254271,254271,254272,1,0
254271,254271,254272,1,0
254271,254271,254272,1,0
254271,254271,254272,1,0
254271,254271,254272,1,0
254271,254271,254272,1,0
254271,254271,254272,1,0
254271,254271,254272,1,0
254271,254271,254273,2,0
254271,254271,254272,1,0
254271,254271,254272,1,0
254271,254271,254273,2,0
254271,254271,254273,2,0
254271,254271,254272,1,0
254271,254271,254272,1,0
254271,254271,254272,1,0
254271,254271,254273,2,0
254271,254271,254272,1,0
254271,254271,254272,1,0
254271,254271,254272,1,0
254271,254271,254272,1,0
254271,254271,254272,1,0
254271,254271,254272,1,0
254271,254271,254272,1,0
254271,254271,254272,1,0
254271,254271,254272,1,0
254271,254271,254273,2,0
254271,254271,254321,50,0
254324,254324,254325,1,0
254324,254324,254325,1,0
254324,254324,254325,1,0
254324,254324,254325,1,0
254324,254324,254325,1,0
254324,254324,254325,1,0
254324,254324,254325,1,0
254324,254324,254325,1,0
254324,254324,254325,1,0
254324,254324,254325,1,0
254324,254324,254325,1,0
254324,254324,254325,1,0
254324,254324,254325,1,0
254324,254324,254325,1,0
254324,254324,254325,1,0
254324,254324,254325,1,0
254324,254324,254325,1,0
254324,254324,254325,1,0
254324,254324,254325,1,0
254324,254324,254325,1,0
254324,254324,254325,1,0
254324,254324,254325,1,0
254324,254324,254325,1,0
254324,254324,254325,1,0
254324,254324,254325,1,0
254324,254324,254325,1,0
254324,254324,254325,1,0
254324,254324,254325,1,0
254324,254324,254325,1,0
254324,254324,254325,1,0
254324,254324,254325,1,0
254324,254324,254325,1,0
254324,254324,254326,2,0
254291,254291,254339,48,0
254345,254346,254347,1,1
254345,254346,254347,1,1
254345,254346,254347,1,1
254345,254346,254347,1,1
254345,254346,254347,1,1
254345,254346,254347,1,1
254345,254346,254347,1,1
254345,254346,254347,1,1
254345,254346,254347,1,1
254345,254346,254347,1,1
254345,254346,254347,1,1
254345,254346,254347,1,1
254345,254346,254348,2,1
254345,254346,254347,1,1
254345,254346,254347,1,1
254345,254346,254347,1,1
254345,254346,254347,1,1
254345,254346,254347,1,1
254345,254346,254347,1,1
254345,254346,254347,1,1
254345,254346,254347,1,1
254345,254349,254350,1,4
254345,254349,254350,1,4
254345,254349,254350,1,4
254345,254349,254350,1,4
254310,254310,254361,51,0
254320,254321,254368,47,1
254323,254323,254370,47,0
254369,254369,254370,1,0
254369,254369,254370,1,0
254369,254369,254370,1,0
254369,254369,254370,1,0
254369,254369,254370,1,0
254369,254369,254370,1,0
254369,254369,254370,1,0
254369,254369,254370,1,0
254369,254369,254370,1,0
254369,254369,254370,1,0
254369,254369,254370,1,0
254369,254369,254370,1,0
254369,254369,254370,1,0
254369,254369,254370,1,0
254369,254369,254370,1,0
254369,254369,254370,1,0
254369,254369,254370,1,0
254369,254369,254370,1,0
254369,254369,254370,1,0
254369,254369,254370,1,0
254369,254369,254370,1,0
254369,254369,254370,1,0
254369,254369,254370,1,0
254369,254369,254370,1,0
254369,254369,254370,1,0
254369,254369,254370,1,0
254369,254369,254370,1,0
254369,254369,254370,1,0
254369,254369,254370,1,0
254369,254369,254370,1,0
254369,254369,254370,1,0
254369,254369,254370,1,0
254369,254369,254370,1,0
254369,254369,254370,1,0
254369,254369,254371,2,0
254369,254369,254370,1,0
254369,254369,254370,1,0
254369,254369,254370,1,0
254369,254369,254371,2,0
254369,254369,254370,1,0
254370,254370,254371,1,0
254369,254369,254370,1,0
254369,254369,254371,2,0
254369,254369,254370,1,0
254370,254370,254371,1,0
254312,254312,254370,58,0
254369,254369,254370,1,0
254369,254369,254370,1,0
254369,254369,254371,2,0
254369,254369,254370,1,0
254369,254369,254370,1,0
254369,254369,254370,1,0
254370,254370,254371,1,0
254369,254369,254370,1,0
254369,254369,254370,1,0
254369,254369,254370,1,0
254370,254370,254371,1,0
254370,254370,254371,1,0
254369,254369,254370,1,0
254369,254369,254370,1,0
254369,254369,254370,1,0
254369,254369,254370,1,0
254314,254314,254371,57,0
254369,254369,254370,1,0
254370,254370,254371,1,0
254370,254370,254371,1,0
254370,254370,254371,1,0
254316,254316,254371,55,0
254369,254369,254371,2,0
254370,254370,254371,1,0
254370,254370,254371,1,0
254370,254370,254371,1,0
254370,254370,254372,2,0
254370,254371,254372,1,1
254370,254370,254372,2,0
254370,254370,254371,1,0
254370,254370,254371,1,0
254370,254370,254372,2,0
254370,254370,254372,2,0
254370,254371,254372,1,1
254370,254370,254372,2,0
254370,254370,254372,2,0
254370,254370,254372,2,0
254370,254370,254372,2,0
254370,254370,254372,2,0
254370,254370,254372,2,0
254370,254370,254372,2,0
254370,254370,254372,2,0
254370,254370,254372,2,0
254372,254372,254373,1,0
254372,254372,254373,1,0
254372,254372,254373,1,0
254372,254372,254373,1,0
254370,254370,254372,2,0
254372,254372,254373,1,0
254372,254372,254373,1,0
254370,254370,254372,2,0
254370,254370,254372,2,0
254372,254372,254373,1,0
254372,254372,254373,1,0
254372,254372,254373,1,0
254372,254372,254373,1,0
254372,254372,254373,1,0
254372,254372,254373,1,0
254370,254370,254372,2,0
254372,254372,254373,1,0
254372,254372,254373,1,0
254372,254372,254373,1,0
254372,254372,254373,1,0
254372,254372,254373,1,0
254372,254372,254373,1,0
254372,254372,254373,1,0
254372,254372,254373,1,0
254372,254372,254373,1,0
254372,254372,254373,1,0
254372,254372,254373,1,0
254372,254372,254373,1,0
254372,254372,254373,1,0
254372,254372,254373,1,0
254372,254372,254373,1,0
254372,254372,254373,1,0
254372,254372,254373,1,0
254372,254372,254373,1,0
254372,254372,254373,1,0
254372,254372,254373,1,0
254372,254372,254373,1,0
254372,254372,254374,2,0
254372,254372,254374,2,0
254372,254372,254373,1,0
254372,254372,254373,1,0
254372,254372,254373,1,0
254372,254372,254373,1,0
254317,254317,254374,57,0
254372,254372,254374,2,0
254372,254372,254374,2,0
254372,254372,254374,2,0
254372,254372,254374,2,0
254372,254372,254374,2,0
254372,254372,254374,2,0
254372,254372,254374,2,0
254372,254372,254374,2,0
254372,254372,254374,2,0
254318,254318,254374,56,0
254372,254372,254374,2,0
254372,254372,254374,2,0
254372,254372,254374,2,0
254372,254372,254374,2,0
254372,254372,254374,2,0
254372,254372,254374,2,0
254372,254372,254374,2,0
254372,254372,254374,2,0
254372,254372,254374,2,0
254372,254372,254374,2,0
254372,254372,254374,2,0
254372,254373,254374,1,1
254372,254372,254374,2,0
254372,254372,254374,2,0
254372,254372,254374,2,0
254372,254372,254374,2,0
254372,254373,254374,1,1
254372,254372,254374,2,0
254372,254372,254374,2,0
254372,254372,254374,2,0
254326,254326,254379,53,0
254346,254346,254394,48,0
254349,254349,254405,56,0
254350,254350,254418,68,0
254424,254424,254425,1,0
254424,254424,254425,1,0
254424,254424,254426,2,0
254424,254424,254425,1,0
254424,254424,254425,1,0
254424,254424,254426,2,0
254425,254425,254426,1,0
254424,254424,254425,1,0
254424,254424,254425,1,0
254424,254424,254426,2,0
254424,254425,254426,1,1
254425,254425,254426,1,0
254424,254424,254426,2,0
254424,254424,254426,2,0
254424,254425,254426,1,1
254424,254425,254426,1,1
254424,254424,254425,1,0
254425,254425,254426,1,0
254424,254424,254425,1,0
254424,254424,254426,2,0
254424,254424,254426,2,0
254425,254425,254426,1,0
254424,254424,254425,1,0
254424,254424,254425,1,0
254425,254425,254426,1,0
254424,254424,254425,1,0
254424,254424,254426,2,0
254424,254425,254426,1,1
254425,254425,254426,1,0
254424,254424,254425,1,0
254424,254424,254426,2,0
254424,254424,254426,2,0
254425,254425,254426,1,0
254424,254424,254425,1,0
254425,254425,254426,1,0
254424,254424,254426,2,0
254424,254425,254426,1,1
254424,254425,254426,1,1
254425,254426,254427,1,1
254424,254424,254426,2,0
254424,254425,254426,1,1
254424,254425,254426,1,1
254425,254426,254427,1,1
254424,254424,254426,2,0
254424,254424,254426,2,0
254424,254425,254426,1,1
254424,254425,254426,1,1
254424,254425,254426,1,1
254425,254426,254427,1,1
254424,254424,254426,2,0
254424,254424,254426,2,0
254424,254425,254426,1,1
254424,254425,254426,1,1
254424,254425,254426,1,1
254425,254426,254427,1,1
254424,254425,254427,2,1
254424,254425,254426,1,1
254425,254425,254426,1,0
254425,254426,254427,1,1
254425,254426,254427,1,1
254424,254424,254426,2,0
254424,254425,254427,2,1
254424,254425,254426,1,1
254425,254425,254426,1,0
254425,254426,254427,1,1
254424,254424,254426,2,0
254424,254425,254426,1,1
254424,254425,254426,1,1
254425,254426,254427,1,1
254424,254424,254426,2,0
254424,254425,254427,2,1
254424,254425,254426,1,1
254425,254426,254427,1,1
254424,254425,254426,1,1
254424,254425,254426,1,1
254425,254426,254427,1,1
254424,254424,254426,2,0
254424,254424,254426,2,0
254424,254425,254426,1,1
254424,254425,254426,1,1
254425,254426,254427,1,1
254425,254426,254427,1,1
254425,254426,254427,1,1
254425,254426,254427,1,1
254425,254426,254427,1,1
254425,254426,254427,1,1
254425,254426,254428,2,1
254425,254426,254428,2,1
254425,254426,254427,1,1
254425,254426,254427,1,1
254425,254426,254428,2,1
254425,254426,254428,2,1
254425,254426,254428,2,1
254425,254426,254427,1,1
254424,254425,254428,3,1
254425,254426,254428,2,1
254425,254426,254428,2,1
254425,254426,254428,2,1
254425,254426,254427,1,1
254425,254426,254428,2,1
254373,254373,254428,55,0
254425,254426,254428,2,1
254425,254426,254427,1,1
254425,254426,254428,2,1
254425,254426,254427,1,1
254425,254426,254427,1,1
254425,254426,254427,1,1
254425,254426,254427,1,1
254425,254426,254428,2,1
254425,254426,254428,2,1
254425,254426,254428,2,1
254425,254427,254429,2,2
254425,254427,254429,2,2
254425,254427,254429,2,2
254425,254427,254428,1,2
254425,254427,254429,2,2
254425,254426,254428,2,1
254425,254426,254429,3,1
254425,254427,254429,2,2
254425,254427,254428,1,2
254425,254426,254429,3,1
254425,254427,254428,1,2
254425,254427,254429,2,2
254425,254427,254428,1,2
254425,254427,254428,1,2
254425,254427,254428,1,2
254425,254427,254429,2,2
254371,254371,254430,59,0
254425,254427,254429,2,2
254425,254427,254429,2,2
254425,254427,254429,2,2
254477,254477,254478,1,0
254477,254477,254478,1,0
254477,254477,254478,1,0
254477,254477,254479,2,0
254477,254478,254479,1,1
254477,254477,254478,1,0
254477,254477,254478,1,0
254477,254477,254479,2,0
254477,254477,254478,1,0
254477,254477,254479,2,0
254477,254478,254479,1,1
254477,254477,254478,1,0
254477,254477,254479,2,0
254477,254477,254479,2,0
254477,254477,254478,1,0
254477,254477,254479,2,0
254477,254477,254479,2,0
254477,254478,254479,1,1
254477,254477,254478,1,0
254477,254477,254478,1,0
254477,254477,254478,1,0
254477,254477,254478,1,0
254477,254477,254479,2,0
254477,254477,254479,2,0
254478,254478,254479,1,0
254477,254477,254478,1,0
254477,254477,254479,2,0
254477,254477,254479,2,0
254477,254477,254479,2,0
254477,254478,254479,1,1
254477,254478,254479,1,1
254478,254478,254479,1,0
254478,254478,254479,1,0
254477,254477,254479,2,0
254477,254477,254479,2,0
254477,254477,254479,2,0
254477,254478,254479,1,1
254477,254478,254479,1,1
254477,254478,254479,1,1
254477,254477,254479,2,0
254477,254477,254479,2,0
254477,254478,254480,2,1
254477,254478,254479,1,1
254478,254478,254479,1,0
254477,254477,254480,3,0
254477,254478,254480,2,1
254478,254478,254479,1,0
254477,254477,254479,2,0
254477,254478,254479,1,1
254477,254478,254479,1,1
254478,254478,254479,1,0
254477,254477,254479,2,0
254477,254478,254479,1,1
254477,254477,254479,2,0
254477,254478,254480,2,1
254477,254478,254479,1,1
254477,254478,254479,1,1
254477,254478,254479,1,1
254477,254478,254480,2,1
254477,254478,254479,1,1
254478,254478,254479,1,0
254477,254478,254479,1,1
254477,254478,254479,1,1
254478,254479,254480,1,1
254478,254479,254480,1,1
254478,254479,254480,1,1
254477,254478,254480,2,1
254478,254479,254481,2,1
254478,254479,254481,2,1
254478,254479,254480,1,1
254478,254479,254481,2,1
254477,254478,254480,2,1
254478,254479,254480,1,1
254478,254479,254481,2,1
254478,254479,254480,1,1
254478,254479,254480,1,1
254478,254479,254480,1,1
254478,254479,254480,1,1
254478,254479,254481,2,1
254478,254479,254481,2,1
254478,254479,254481,2,1
254478,254479,254480,1,1
254478,254479,254481,2,1
254478,254479,254481,2,1
254478,254479,254481,2,1
254478,254479,254480,1,1
254478,254479,254481,2,1
254527,254527,254528,1,0
254527,254527,254528,1,0
254527,254527,254528,1,0
254527,254527,254528,1,0
254527,254527,254528,1,0
254527,254527,254528,1,0
254527,254527,254528,1,0
254527,254527,254529,2,0
254527,254528,254529,1,1
254527,254528,254529,1,1
254527,254528,254529,1,1
254527,254528,254529,1,1
254527,254528,254529,1,1
254527,254528,254529,1,1
254527,254528,254529,1,1
254527,254528,254529,1,1
254527,254528,254529,1,1
254527,254528,254529,1,1
254527,254528,254529,1,1
254527,254528,254529,1,1
254527,254528,254529,1,1
254527,254528,254529,1,1
254527,254528,254529,1,1
254527,254528,254529,1,1
254527,254528,254529,1,1
254527,254528,254529,1,1
254527,254528,254529,1,1
254527,254528,254529,1,1
254527,254528,254529,1,1
254527,254528,254530,2,1
254478,254479,254531,52,1
254560,254561,254562,1,1
254560,254561,254562,1,1
254560,254561,254562,1,1
254560,254561,254562,1,1
254560,254561,254562,1,1
254560,254561,254563,2,1
254560,254561,254562,1,1
254560,254561,254562,1,1
254560,254561,254562,1,1
254560,254561,254563,2,1
254560,254561,254562,1,1
254560,254561,254563,2,1
254560,254561,254562,1,1
254560,254561,254562,1,1
254560,254561,254562,1,1
254560,254561,254562,1,1
254560,254561,254562,1,1
254560,254561,254562,1,1
254560,254561,254562,1,1
254560,254561,254563,2,1
254560,254561,254562,1,1
254560,254561,254562,1,1
254560,254561,254563,2,1
254560,254561,254562,1,1
254560,254561,254563,2,1
254560,254561,254563,2,1
254560,254561,254563,2,1
254528,254528,254575,47,0
254596,254596,254597,1,0
254596,254596,254597,1,0
254596,254596,254597,1,0
254596,254596,254597,1,0
254596,254596,254597,1,0
254596,254596,254597,1,0
254596,254596,254597,1,0
254596,254596,254597,1,0
254596,254596,254597,1,0
254596,254596,254597,1,0
254596,254596,254597,1,0
254596,254596,254597,1,0
254596,254596,254598,2,0
254596,254596,254597,1,0
254596,254596,254598,2,0
254596,254596,254598,2,0
254596,254596,254598,2,0
254596,254596,254598,2,0
254596,254596,254597,1,0
254596,254596,254598,2,0
254596,254596,254598,2,0
254596,254596,254598,2,0
254596,254596,254598,2,0
254596,254596,254597,1,0
254596,254596,254598,2,0
254596,254596,254597,1,0
254596,254596,254598,2,0
254596,254596,254598,2,0
254596,254596,254598,2,0
254596,254596,254598,2,0
254596,254596,254597,1,0
254596,254596,254598,2,0
254596,254596,254598,2,0
254596,254596,254597,1,0
254613,254613,254614,1,0
254613,254613,254614,1,0
254613,254613,254614,1,0
254613,254613,254614,1,0
254613,254613,254614,1,0
254613,254613,254614,1,0
254613,254613,254614,1,0
254613,254613,254614,1,0
254613,254613,254614,1,0
254613,254613,254614,1,0
254613,254613,254614,1,0
254613,254613,254614,1,0
254613,254613,254615,2,0
254613,254613,254614,1,0
254613,254613,254615,2,0
254613,254613,254614,1,0
254613,254613,254615,2,0
254613,254613,254615,2,0
254613,254613,254615,2,0
254613,254613,254614,1,0
254613,254613,254615,2,0
254613,254613,254614,1,0
254613,254613,254615,2,0
254613,254613,254615,2,0
254613,254613,254615,2,0
254613,254613,254615,2,0
254613,254613,254615,2,0
254613,254613,254615,2,0
254613,254613,254615,2,0
254613,254613,254615,2,0
254613,254613,254615,2,0
254613,254613,254615,2,0
254613,254613,254615,2,0
254613,254613,254615,2,0
254561,254561,254620,59,0
254632,254632,254633,1,0
254632,254632,254633,1,0
254632,254632,254633,1,0
254632,254632,254633,1,0
254632,254632,254633,1,0
254632,254632,254633,1,0
254632,254632,254633,1,0
254632,254632,254633,1,0
254632,254632,254633,1,0
254632,254632,254633,1,0
254632,254632,254633,1,0
254632,254632,254634,2,0
254632,254632,254633,1,0
254632,254632,254633,1,0
254632,254632,254634,2,0
254632,254632,254633,1,0
254632,254632,254634,2,0
254632,254632,254634,2,0
254632,254632,254634,2,0
254632,254632,254634,2,0
254632,254632,254634,2,0
254632,254632,254634,2,0
254632,254632,254633,1,0
254632,254632,254634,2,0
254632,254632,254634,2,0
254632,254632,254633,1,0
254632,254632,254633,1,0
254632,254632,254633,1,0
254632,254632,254633,1,0
254632,254632,254634,2,0
254632,254632,254633,1,0
254632,254632,254634,2,0
254632,254632,254634,2,0
254632,254632,254634,2,0
254614,254614,254659,45,0
254669,254669,254670,1,0
254669,254669,254670,1,0
254669,254669,254670,1,0
254669,254669,254670,1,0
254669,254669,254670,1,0
254669,254669,254670,1,0
254669,254669,254670,1,0
254669,254669,254670,1,0
254669,254669,254670,1,0
254669,254669,254670,1,0
254669,254669,254670,1,0
254669,254669,254670,1,0
254669,254669,254671,2,0
254669,254669,254670,1,0
254669,254669,254670,1,0
254669,254669,254670,1,0
254669,254669,254671,2,0
254669,254669,254670,1,0
254669,254669,254671,2,0
254669,254669,254670,1,0
254669,254669,254670,1,0
254669,254669,254670,1,0
254669,254669,254670,1,0
254669,254669,254670,1,0
254669,254669,254670,1,0
254669,254669,254670,1,0
254669,254669,254670,1,0
254669,254669,254671,2,0
254669,254669,254670,1,0
254669,254669,254670,1,0
254669,254669,254671,2,0
254669,254669,254670,1,0
254669,254669,254671,2,0
254669,254669,254671,2,0
254651,254651,254708,57,0
254710,254710,254711,1,0
254710,254710,254711,1,0
254710,254710,254711,1,0
254710,254710,254711,1,0
254710,254710,254711,1,0
254710,254710,254711,1,0
254710,254710,254711,1,0
254710,254710,254711,1,0
254710,254710,254712,2,0
254710,254710,254711,1,0
254710,254710,254711,1,0
254710,254710,254712,2,0
254710,254710,254711,1,0
254710,254710,254711,1,0
254710,254710,254711,1,0
254710,254710,254711,1,0
254710,254710,254712,2,0
254710,254710,254712,2,0
254710,254710,254711,1,0
254710,254710,254712,2,0
254710,254710,254712,2,0
254710,254710,254711,1,0
254710,254710,254711,1,0
254710,254710,254711,1,0
254710,254710,254711,1,0
254710,254710,254711,1,0
254710,254711,254712,1,1
254710,254711,254712,1,1
254670,254670,254716,46,0
254718,254718,254719,1,0
254718,254718,254719,1,0
254718,254718,254719,1,0
254718,254718,254719,1,0
254718,254718,254719,1,0
254718,254718,254719,1,0
254718,254718,254719,1,0
254718,254718,254719,1,0
254718,254718,254719,1,0
254718,254718,254719,1,0
254718,254718,254719,1,0
254718,254718,254719,1,0
254718,254718,254719,1,0
254718,254718,254719,1,0
254718,254718,254719,1,0
254718,254718,254719,1,0
254718,254718,254719,1,0
254718,254718,254719,1,0
254718,254718,254720,2,0
254718,254718,254719,1,0
254718,254718,254719,1,0
254718,254718,254719,1,0
254718,254718,254719,1,0
254718,254718,254719,1,0
254718,254718,254719,1,0
254718,254718,254719,1,0
254718,254718,254719,1,0
254718,254718,254719,1,0
254718,254718,254719,1,0
254718,254718,254719,1,0
254718,254718,254722,4,0
254718,254718,254724,6,0
254718,254718,254723,5,0
254710,254710,254734,24,0
254693,254693,254738,45,0
254742,254742,254743,1,0
254742,254742,254743,1,0
254742,254742,254743,1,0
254742,254742,254743,1,0
254742,254742,254743,1,0
254742,254742,254743,1,0
254742,254742,254743,1,0
254742,254742,254743,1,0
254742,254742,254743,1,0
254742,254742,254743,1,0
254742,254742,254743,1,0
254742,254742,254743,1,0
254742,254742,254744,2,0
254742,254742,254744,2,0
254742,254742,254744,2,0
254742,254742,254744,2,0
254742,254742,254744,2,0
254694,254694,254744,50,0
254742,254742,254743,1,0
254742,254742,254744,2,0
254742,254742,254744,2,0
254742,254742,254744,2,0
254742,254742,254744,2,0
254742,254742,254744,2,0
254742,254742,254744,2,0
254742,254742,254744,2,0
254742,254742,254744,2,0
254742,254742,254744,2,0
254742,254742,254743,1,0
254742,254742,254744,2,0
254690,254690,254745,55,0
254710,254710,254745,35,0
254710,254710,254745,35,0
254742,254742,254745,3,0
254746,254746,254747,1,0
254746,254746,254747,1,0
254746,254746,254747,1,0
254710,254710,254746,36,0
254746,254746,254747,1,0
254746,254746,254747,1,0
254746,254746,254747,1,0
254746,254746,254747,1,0
254746,254746,254747,1,0
254746,254746,254747,1,0
254746,254746,254747,1,0
254746,254746,254747,1,0
254746,254746,254747,1,0
254746,254746,254747,1,0
254746,254746,254747,1,0
254746,254746,254747,1,0
254746,254746,254747,1,0
254746,254746,254747,1,0
254746,254746,254747,1,0
254746,254746,254747,1,0
254746,254746,254748,2,0
254746,254746,254747,1,0
254746,254746,254747,1,0
254746,254746,254747,1,0
254746,254746,254747,1,0
254746,254746,254747,1,0
254746,254746,254747,1,0
254746,254746,254747,1,0
254742,254743,254749,6,1
254742,254743,254750,7,1
254691,254691,254751,60,0
254742,254743,254751,8,1
254742,254743,254752,9,1
254702,254703,254753,50,1
254695,254695,254754,59,0
254711,254711,254759,48,0
254698,254698,254760,62,0
254722,254722,254767,45,0
254717,254717,254767,50,0
254708,254708,254770,62,0
254724,254724,254772,48,0
254719,254719,254772,53,0
254779,254779,254780,1,0
254779,254779,254781,2,0
254779,254779,254781,2,0
254780,254780,254781,1,0
254779,254780,254781,1,1
254780,254780,254781,1,0
254780,254780,254781,1,0
254779,254780,254781,1,1
254780,254780,254781,1,0
254779,254779,254780,1,0
254779,254779,254780,1,0
254779,254779,254781,2,0
254779,254780,254781,1,1
254780,254780,254781,1,0
254779,254779,254780,1,0
254779,254779,254780,1,0
254779,254780,254781,1,1
254780,254780,254781,1,0
254779,254779,254780,1,0
254779,254779,254780,1,0
254779,254779,254781,2,0
254779,254780,254781,1,1
254780,254780,254781,1,0
254779,254779,254780,1,0
254779,254779,254781,2,0
254779,254780,254781,1,1
254779,254780,254781,1,1
254780,254780,254781,1,0
254779,254779,254780,1,0
254779,254779,254781,2,0
254779,254780,254781,1,1
254779,254780,254781,1,1
254780,254780,254781,1,0
254780,254780,254781,1,0
254779,254779,254780,1,0
254779,254779,254781,2,0
254779,254779,254781,2,0
254780,254780,254781,1,0
254780,254780,254781,1,0
254779,254779,254781,2,0
254779,254779,254781,2,0
254779,254779,254780,1,0
254780,254780,254781,1,0
254780,254780,254781,1,0
254780,254780,254781,1,0
254780,254780,254781,1,0
254780,254780,254781,1,0
254780,254780,254781,1,0
254780,254781,254782,1,1
254779,254780,254781,1,1
254780,254780,254781,1,0
254780,254780,254781,1,0
254780,254781,254782,1,1
254779,254780,254781,1,1
254779,254780,254782,2,1
254780,254780,254781,1,0
254780,254780,254781,1,0
254780,254781,254782,1,1
254780,254781,254782,1,1
254779,254780,254781,1,1
254780,254780,254781,1,0
254780,254780,254782,2,0
254780,254780,254781,1,0
254780,254781,254782,1,1
254780,254780,254781,1,0
254780,254780,254782,2,0
254780,254781,254782,1,1
254780,254780,254781,1,0
254780,254780,254782,2,0
254780,254780,254781,1,0
254780,254781,254782,1,1
254780,254781,254782,1,1
254780,254780,254781,1,0
254780,254780,254781,1,0
254780,254780,254781,1,0
254780,254781,254782,1,1
254780,254781,254782,1,1
254780,254780,254781,1,0
254780,254780,254781,1,0
254780,254781,254782,1,1
254780,254781,254782,1,1
254780,254780,254781,1,0
254780,254780,254781,1,0
254780,254781,254782,1,1
254780,254780,254781,1,0
254780,254780,254781,1,0
254780,254781,254782,1,1
254780,254781,254782,1,1
254780,254781,254782,1,1
254780,254781,254782,1,1
254780,254781,254782,1,1
254780,254781,254782,1,1
254780,254781,254782,1,1
254780,254781,254782,1,1
254780,254781,254783,2,1
254780,254781,254783,2,1
254780,254781,254783,2,1
254780,254781,254783,2,1
254780,254781,254783,2,1
254780,254781,254783,2,1
254780,254781,254783,2,1
254780,254781,254783,2,1
254780,254781,254783,2,1
254780,254781,254783,2,1
254780,254781,254783,2,1
254780,254781,254783,2,1
254780,254781,254783,2,1
254780,254781,254783,2,1
254780,254781,254783,2,1
254780,254781,254783,2,1
254780,254781,254783,2,1
254780,254781,254783,2,1
254780,254781,254783,2,1
254780,254781,254783,2,1
254780,254781,254783,2,1
254780,254781,254783,2,1
254780,254781,254783,2,1
254780,254781,254783,2,1
254780,254781,254783,2,1
254780,254783,254784,1,3
254780,254781,254783,2,1
254780,254783,254784,1,3
254780,254783,254784,1,3
254780,254783,254784,1,3
254780,254784,254785,1,4
254780,254783,254784,1,3
254780,254783,254784,1,3
254780,254783,254784,1,3
254780,254783,254784,1,3
254780,254784,254785,1,4
254780,254784,254785,1,4
254780,254783,254784,1,3
254780,254783,254784,1,3
254780,254783,254784,1,3
254780,254783,254784,1,3
254780,254784,254785,1,4
254780,254784,254785,1,4
254780,254783,254784,1,3
254780,254783,254784,1,3
254780,254783,254784,1,3
254780,254783,254784,1,3
254780,254783,254784,1,3
254780,254784,254785,1,4
254780,254784,254785,1,4
254780,254784,254785,1,4
254780,254783,254784,1,3
254780,254783,254784,1,3
254780,254783,254784,1,3
254780,254783,254784,1,3
254780,254783,254784,1,3
254780,254783,254784,1,3
254780,254783,254784,1,3
254780,254783,254784,1,3
254780,254783,254784,1,3
254780,254783,254784,1,3
254780,254783,254785,2,3
254780,254783,254784,1,3
254780,254784,254785,1,4
254780,254783,254784,1,3
254780,254783,254784,1,3
254780,254782,254785,3,2
254780,254784,254785,1,4
254780,254784,254785,1,4
254780,254784,254785,1,4
254780,254784,254785,1,4
254780,254784,254785,1,4
254780,254784,254785,1,4
254780,254784,254786,2,4
254780,254784,254785,1,4
254780,254784,254785,1,4
254780,254784,254785,1,4
254780,254784,254785,1,4
254780,254784,254785,1,4
254780,254784,254785,1,4
254780,254784,254786,2,4
254780,254784,254785,1,4
254780,254784,254785,1,4
254780,254784,254785,1,4
254780,254784,254786,2,4
254780,254784,254785,1,4
254780,254784,254785,1,4
254780,254784,254785,1,4
254780,254784,254786,2,4
254700,254700,254795,95,0
254745,254745,254799,54,0
254705,254705,254802,97,0
254714,254714,254807,93,0
254781,254784,254842,58,3
254847,254847,254848,1,0
254847,254847,254848,1,0
254847,254847,254849,2,0
254847,254847,254849,2,0
254847,254847,254848,1,0
254847,254847,254848,1,0
254847,254847,254849,2,0
254847,254848,254849,1,1
254847,254848,254849,1,1
254847,254847,254848,1,0
254847,254847,254849,2,0
254847,254847,254849,2,0
254847,254847,254849,2,0
254847,254848,254849,1,1
254848,254848,254849,1,0
254847,254847,254848,1,0
254847,254847,254849,2,0
254847,254847,254849,2,0
254847,254847,254848,1,0
254848,254848,254849,1,0
254847,254847,254848,1,0
254847,254847,254849,2,0
254847,254848,254849,1,1
254848,254848,254849,1,0
254847,254847,254849,2,0
254847,254847,254849,2,0
254847,254847,254848,1,0
254848,254848,254849,1,0
254848,254848,254849,1,0
254847,254847,254848,1,0
254847,254847,254849,2,0
254847,254848,254849,1,1
254847,254848,254849,1,1
254848,254848,254849,1,0
254847,254847,254848,1,0
254847,254847,254849,2,0
254847,254847,254849,2,0
254848,254848,254849,1,0
254847,254847,254849,2,0
254848,254848,254849,1,0
254848,254848,254849,1,0
254847,254847,254849,2,0
254847,254847,254849,2,0
254848,254848,254849,1,0
254848,254848,254849,1,0
254848,254848,254849,1,0
254847,254847,254849,2,0
254847,254847,254849,2,0
254847,254848,254849,1,1
254847,254848,254849,1,1
254848,254849,254850,1,1
254847,254847,254849,2,0
254847,254847,254849,2,0
254847,254848,254850,2,1
254847,254848,254849,1,1
254848,254849,254850,1,1
254847,254847,254849,2,0
254847,254848,254849,1,1
254847,254848,254849,1,1
254848,254849,254850,1,1
254847,254848,254849,1,1
254847,254848,254849,1,1
254848,254849,254850,1,1
254848,254849,254850,1,1
254847,254848,254849,1,1
254847,254848,254849,1,1
254848,254849,254850,1,1
254847,254848,254850,2,1
254847,254848,254849,1,1
254848,254849,254850,1,1
254847,254848,254849,1,1
254847,254848,254849,1,1
254848,254849,254850,1,1
254847,254847,254849,2,0
254847,254848,254849,1,1
254848,254849,254850,1,1
254848,254849,254850,1,1
254847,254848,254849,1,1
254847,254848,254849,1,1
254848,254849,254850,1,1
254847,254848,254849,1,1
254847,254848,254849,1,1
254848,254849,254850,1,1
254848,254849,254850,1,1
254848,254849,254850,1,1
254848,254849,254850,1,1
254848,254849,254850,1,1
254848,254849,254850,1,1
254848,254849,254850,1,1
254848,254849,254851,2,1
254848,254849,254851,2,1
254848,254849,254851,2,1
254848,254849,254851,2,1
254848,254849,254851,2,1
254848,254849,254851,2,1
254848,254849,254851,2,1
254848,254849,254851,2,1
254848,254849,254851,2,1
254848,254849,254851,2,1
254848,254849,254851,2,1
254848,254849,254851,2,1
254848,254849,254851,2,1
254848,254849,254851,2,1
254848,254849,254851,2,1
254848,254849,254851,2,1
254848,254849,254851,2,1
254848,254849,254851,2,1
254848,254849,254851,2,1
254848,254849,254851,2,1
254848,254849,254851,2,1
254848,254849,254851,2,1
254848,254849,254851,2,1
254848,254849,254851,2,1
254848,254849,254851,2,1
254848,254849,254851,2,1
254848,254849,254851,2,1
254848,254849,254851,2,1
254848,254849,254851,2,1
254848,254849,254851,2,1
254848,254849,254851,2,1
254848,254849,254851,2,1
254848,254849,254851,2,1
254848,254849,254851,2,1
254848,254849,254851,2,1
254848,254849,254851,2,1
254848,254850,254851,1,2
254848,254851,254853,2,3
254848,254851,254852,1,3
254848,254851,254852,1,3
254848,254851,254852,1,3
254848,254851,254852,1,3
254848,254849,254852,3,1
254848,254851,254852,1,3
254848,254851,254852,1,3
254848,254851,254852,1,3
254848,254851,254852,1,3
254848,254851,254852,1,3
254848,254851,254852,1,3
254848,254851,254852,1,3
254848,254851,254852,1,3
254848,254851,254852,1,3
254848,254851,254852,1,3
254848,254851,254852,1,3
254848,254851,254852,1,3
254848,254851,254852,1,3
254848,254851,254852,1,3
254848,254851,254852,1,3
254848,254851,254852,1,3
254848,254851,254852,1,3
254848,254851,254852,1,3
254848,254851,254852,1,3
254848,254851,254897,46,3
254914,254914,254915,1,0
254914,254914,254915,1,0
254914,254914,254915,1,0
254914,254914,254915,1,0
254914,254914,254915,1,0
254914,254914,254915,1,0
254914,254914,254915,1,0
254914,254914,254915,1,0
254914,254914,254915,1,0
254914,254914,254915,1,0
254914,254914,254915,1,0
254914,254914,254915,1,0
254914,254914,254915,1,0
254914,254914,254915,1,0
254914,254914,254915,1,0
254914,254914,254915,1,0
254914,254914,254915,1,0
254914,254914,254915,1,0
254914,254914,254915,1,0
254914,254914,254915,1,0
254914,254914,254915,1,0
254914,254914,254915,1,0
254914,254914,254915,1,0
254914,254914,254915,1,0
254914,254914,254915,1,0
254914,254914,254915,1,0
254914,254914,254915,1,0
254914,254914,254915,1,0
254914,254914,254915,1,0
254914,254914,254915,1,0
254914,254914,254915,1,0
254914,254914,254915,1,0
254914,254914,254915,1,0
254914,254914,254915,1,0
254914,254914,254915,1,0
254914,254914,254915,1,0
254914,254914,254915,1,0
254914,254914,254916,2,0
254914,254914,254915,1,0
254914,254914,254916,2,0
254914,254914,254916,2,0
254914,254914,254916,2,0
254914,254914,254916,2,0
254914,254914,254915,1,0
254914,254914,254916,2,0
254914,254914,254916,2,0
254914,254914,254915,1,0
254914,254914,254915,1,0
254914,254914,254915,1,0
254914,254914,254915,1,0
254914,254914,254916,2,0
254914,254914,254916,2,0
254914,254914,254915,1,0
254914,254914,254916,2,0
254914,254914,254916,2,0
254914,254914,254916,2,0
254914,254914,254915,1,0
254914,254914,254916,2,0
254914,254914,254916,2,0
254914,254914,254915,1,0
254914,254914,254915,1,0
254914,254914,254916,2,0
254914,254915,254916,1,1
254914,254914,254915,1,0
254914,254914,254916,2,0
254914,254914,254916,2,0
254914,254914,254915,1,0
254914,254914,254915,1,0
254914,254914,254916,2,0
254914,254914,254916,2,0
254914,254915,254916,1,1
254914,254915,254916,1,1
254914,254915,254916,1,1
254914,254915,254916,1,1
254914,254915,254917,2,1
254914,254915,254916,1,1
254914,254915,254917,2,1
254914,254915,254917,2,1
254914,254915,254916,1,1
254914,254915,254917,2,1
254914,254915,254917,2,1
254914,254915,254917,2,1
254914,254915,254917,2,1
254914,254915,254917,2,1
254914,254915,254917,2,1
254914,254915,254916,1,1
254914,254915,254917,2,1
254914,254915,254917,2,1
254914,254915,254917,2,1
254914,254915,254917,2,1
254914,254915,254916,1,1
254914,254915,254964,49,1
254979,254979,254980,1,0
254979,254979,254980,1,0
254979,254979,254980,1,0
254979,254979,254980,1,0
254979,254979,254980,1,0
254979,254979,254980,1,0
254979,254979,254980,1,0
254979,254979,254980,1,0
254979,254979,254980,1,0
254979,254979,254980,1,0
254979,254979,254980,1,0
254979,254979,254980,1,0
254979,254979,254980,1,0
254979,254979,254980,1,0
254979,254979,254980,1,0
254979,254979,254980,1,0
254979,254979,254980,1,0
254979,254979,254980,1,0
254979,254979,254980,1,0
254979,254979,254980,1,0
254979,254979,254980,1,0
254979,254979,254980,1,0
254979,254979,254980,1,0
254979,254979,254980,1,0
254979,254979,254980,1,0
254979,254979,254980,1,0
254979,254979,254981,2,0
254979,254979,254981,2,0
254979,254979,254981,2,0
254979,254979,254980,1,0
254979,254979,254981,2,0
254979,254979,254981,2,0
254979,254979,254980,1,0
254979,254979,254981,2,0
254979,254979,254980,1,0
254979,254979,254981,2,0
254979,254979,254980,1,0
254979,254979,254980,1,0
254979,254979,254981,2,0
254979,254979,254981,2,0
254979,254979,254981,2,0
254979,254979,254980,1,0
254979,254979,254981,2,0
254979,254979,254981,2,0
254979,254979,254980,1,0
254979,254979,254980,1,0
254979,254979,254980,1,0
254979,254979,254980,1,0
254979,254979,254981,2,0
254979,254979,254980,1,0
254979,254979,254980,1,0
254979,254979,254980,1,0
254979,254979,254981,2,0
254979,254979,254980,1,0
254979,254979,254980,1,0
254979,254979,254981,2,0
254979,254979,254980,1,0
254979,254979,254980,1,0
254979,254979,254980,1,0
254979,254979,254980,1,0
254979,254979,254981,2,0
254979,254979,254980,1,0
255028,255028,255029,1,0
255028,255028,255029,1,0
255028,255028,255029,1,0
255028,255028,255029,1,0
255028,255028,255029,1,0
255028,255028,255029,1,0
255028,255028,255029,1,0
255028,255028,255029,1,0
255028,255028,255029,1,0
255028,255028,255029,1,0
255028,255028,255029,1,0
255028,255028,255029,1,0
255028,255028,255029,1,0
255028,255028,255029,1,0
255028,255028,255029,1,0
255028,255028,255029,1,0
255028,255028,255029,1,0
255028,255028,255029,1,0
255028,255028,255030,2,0
255028,255028,255029,1,0
255028,255028,255030,2,0
255028,255028,255030,2,0
255028,255028,255030,2,0
255028,255028,255029,1,0
255028,255028,255029,1,0
255028,255028,255029,1,0
255028,255028,255029,1,0
255028,255028,255030,2,0
255028,255028,255029,1,0
255028,255028,255029,1,0
255028,255028,255029,1,0
255028,255028,255030,2,0
255028,255028,255030,2,0
255028,255028,255030,2,0
255063,255063,255064,1,0
255063,255063,255064,1,0
255063,255063,255064,1,0
255063,255063,255064,1,0
255063,255063,255064,1,0
255063,255063,255064,1,0
255063,255063,255064,1,0
255063,255063,255064,1,0
255063,255063,255064,1,0
255063,255063,255064,1,0
255063,255063,255064,1,0
255063,255063,255064,1,0
255063,255063,255065,2,0
255063,255063,255065,2,0
255063,255063,255065,2,0
255063,255063,255065,2,0
255063,255063,255064,1,0
255063,255063,255065,2,0
255063,255063,255065,2,0
255063,255063,255065,2,0
255063,255063,255064,1,0
255063,255063,255064,1,0
255063,255063,255064,1,0
255063,255063,255064,1,0
255063,255063,255065,2,0
255063,255063,255065,2,0
255063,255063,255064,1,0
255063,255063,255065,2,0
255063,255063,255064,1,0
255063,255063,255064,1,0
255063,255063,255065,2,0
255063,255063,255064,1,0
255063,255063,255065,2,0
255063,255063,255065,2,0
255028,255028,255075,47,0
255081,255081,255082,1,0
255081,255081,255082,1,0
255081,255081,255082,1,0
255081,255081,255082,1,0
255081,255081,255082,1,0
255081,255081,255082,1,0
255081,255081,255082,1,0
255081,255081,255082,1,0
255081,255081,255082,1,0
255081,255081,255082,1,0
255081,255081,255082,1,0
255081,255081,255082,1,0
255081,255081,255082,1,0
255081,255081,255082,1,0
255081,255081,255082,1,0
255081,255081,255082,1,0
255081,255081,255082,1,0
255081,255081,255083,2,0
255081,255081,255082,1,0
255081,255081,255082,1,0
255081,255081,255082,1,0
255081,255081,255082,1,0
255081,255081,255082,1,0
255081,255081,255082,1,0
255063,255063,255109,46,0
255117,255118,255119,1,1
255117,255118,255119,1,1
255117,255118,255119,1,1
255117,255118,255119,1,1
255117,255118,255119,1,1
255117,255118,255119,1,1
255117,255118,255119,1,1
255117,255118,255119,1,1
255117,255118,255119,1,1
255117,255118,255119,1,1
255117,255118,255119,1,1
255117,255118,255119,1,1
255117,255118,255119,1,1
255117,255118,255119,1,1
255117,255118,255119,1,1
255117,255118,255119,1,1
255117,255118,255119,1,1
255117,255118,255120,2,1
255117,255118,255119,1,1
255117,255118,255119,1,1
255117,255118,255119,1,1
255117,255118,255119,1,1
255117,255118,255119,1,1
255099,255099,255146,47,0
255147,255147,255148,1,0
255147,255147,255148,1,0
255147,255147,255148,1,0
255147,255147,255148,1,0
255147,255147,255148,1,0
255147,255147,255148,1,0
255147,255147,255148,1,0
255147,255147,255148,1,0
255147,255147,255148,1,0
255147,255147,255148,1,0
255147,255147,255148,1,0
255147,255147,255148,1,0
255147,255147,255148,1,0
255147,255147,255149,2,0
255147,255147,255149,2,0
255147,255147,255149,2,0
255147,255147,255149,2,0
255147,255147,255149,2,0
255147,255147,255149,2,0
255147,255147,255149,2,0
255147,255147,255149,2,0
255147,255147,255149,2,0
255147,255147,255148,1,0
255147,255147,255149,2,0
255147,255147,255148,1,0
255147,255147,255149,2,0
255147,255147,255149,2,0
255147,255147,255149,2,0
255147,255147,255149,2,0
255147,255147,255149,2,0
255147,255147,255149,2,0
255147,255147,255149,2,0
255147,255147,255149,2,0
255147,255147,255149,2,0
255120,255120,255165,45,0
255119,255119,255169,50,0
255169,255170,255171,1,1
255169,255170,255171,1,1
255169,255170,255171,1,1
255169,255170,255171,1,1
255171,255171,255172,1,0
255169,255170,255171,1,1
255169,255170,255171,1,1
255171,255171,255172,1,0
255169,255170,255171,1,1
255169,255170,255171,1,1
255169,255170,255171,1,1
255171,255171,255172,1,0
255169,255170,255171,1,1
255169,255170,255171,1,1
255171,255171,255172,1,0
255171,255171,255172,1,0
255169,255170,255171,1,1
255169,255170,255171,1,1
255171,255171,255172,1,0
255171,255171,255172,1,0
255169,255170,255171,1,1
255169,255170,255171,1,1
255171,255171,255172,1,0
255171,255171,255172,1,0
255169,255170,255171,1,1
255169,255170,255171,1,1
255171,255171,255172,1,0
255171,255171,255172,1,0
255169,255170,255171,1,1
255169,255170,255171,1,1
255169,255170,255171,1,1
255171,255171,255172,1,0
255171,255171,255172,1,0
255171,255171,255172,1,0
255169,255170,255171,1,1
255169,255170,255171,1,1
255171,255171,255172,1,0
255171,255171,255172,1,0
255171,255171,255172,1,0
255171,255171,255172,1,0
255171,255171,255172,1,0
255171,255171,255173,2,0
255171,255171,255172,1,0
255171,255171,255172,1,0
255171,255171,255172,1,0
255171,255171,255173,2,0
255171,255171,255172,1,0
255171,255171,255172,1,0
255171,255171,255172,1,0
255171,255171,255173,2,0
255171,255171,255173,2,0
255171,255171,255173,2,0
255171,255171,255172,1,0
255171,255171,255173,2,0
255171,255171,255172,1,0
255171,255171,255172,1,0
255144,255144,255191,47,0
255140,255140,255196,56,0
255148,255148,255195,47,0
255142,255142,255198,56,0
255145,255145,255204,59,0
255150,255150,255204,54,0
255209,255209,255210,1,0
255209,255209,255210,1,0
255209,255209,255211,2,0
255209,255209,255210,1,0
255209,255209,255210,1,0
255209,255209,255210,1,0
255209,255209,255210,1,0
255209,255209,255210,1,0
255209,255209,255210,1,0
255209,255209,255210,1,0
255209,255209,255210,1,0
255209,255209,255211,2,0
255209,255209,255211,2,0
255209,255209,255210,1,0
255209,255209,255211,2,0
255209,255210,255211,1,1
255209,255211,255212,1,2
255209,255211,255212,1,2
255209,255211,255212,1,2
255209,255209,255211,2,0
255209,255210,255211,1,1
255209,255210,255212,2,1
255209,255210,255211,1,1
255209,255209,255211,2,0
255209,255209,255211,2,0
255209,255210,255211,1,1
255209,255210,255211,1,1
255209,255210,255211,1,1
255209,255209,255211,2,0
255209,255209,255211,2,0
255209,255210,255211,1,1
255209,255210,255211,1,1
255209,255210,255211,1,1
255209,255209,255211,2,0
255209,255209,255211,2,0
255209,255210,255211,1,1
255209,255210,255212,2,1
255209,255210,255211,1,1
255209,255209,255211,2,0
255209,255209,255211,2,0
255209,255210,255211,1,1
255209,255210,255212,2,1
255209,255211,255212,1,2
255209,255211,255212,1,2
255209,255209,255211,2,0
255209,255209,255211,2,0
255209,255210,255211,1,1
255209,255210,255211,1,1
255209,255210,255211,1,1
255211,255211,255212,1,0
255211,255211,255212,1,0
255209,255209,255211,2,0
255209,255209,255211,2,0
255209,255210,255211,1,1
255209,255210,255211,1,1
255211,255211,255212,1,0
255209,255209,255211,2,0
255209,255209,255211,2,0
255209,255210,255212,2,1
255209,255210,255211,1,1
255209,255211,255212,1,2
255211,255211,255212,1,0
255211,255211,255212,1,0
255209,255209,255212,3,0
255209,255210,255212,2,1
255209,255210,255211,1,1
255211,255211,255212,1,0
255211,255211,255212,1,0
255209,255211,255213,2,2
255209,255211,255212,1,2
255209,255211,255212,1,2
255209,255211,255212,1,2
255209,255211,255212,1,2
255209,255211,255212,1,2
255211,255212,255213,1,1
255209,255211,255212,1,2
255209,255211,255212,1,2
255209,255211,255212,1,2
255211,255212,255213,1,1
255209,255211,255212,1,2
255209,255211,255212,1,2
255209,255211,255212,1,2
255211,255212,255213,1,1
255209,255211,255212,1,2
255209,255211,255212,1,2
255211,255212,255213,1,1
255211,255212,255213,1,1
255209,255211,255212,1,2
255209,255211,255212,1,2
255209,255211,255212,1,2
255211,255212,255213,1,1
255209,255211,255212,1,2
255209,255211,255212,1,2
255209,255211,255212,1,2
255211,255212,255213,1,1
255211,255212,255213,1,1
255209,255211,255212,1,2
255209,255211,255212,1,2
255211,255212,255213,1,1
255211,255212,255213,1,1
255209,255211,255212,1,2
255211,255212,255213,1,1
255211,255212,255213,1,1
255211,255212,255213,1,1
255209,255211,255212,1,2
255211,255212,255213,1,1
255211,255212,255213,1,1
255211,255212,255213,1,1
255211,255212,255214,2,1
255211,255212,255214,2,1
255211,255213,255214,1,2
255211,255213,255214,1,2
255211,255213,255214,1,2
255211,255213,255214,1,2
255211,255213,255214,1,2
255211,255212,255214,2,1
255211,255212,255214,2,1
255211,255212,255214,2,1
255211,255212,255214,2,1
255211,255213,255214,1,2
255211,255213,255214,1,2
255211,255212,255214,2,1
255211,255212,255214,2,1
255211,255212,255214,2,1
255211,255212,255214,2,1
255211,255213,255214,1,2
255212,255213,255214,1,1
255212,255213,255214,1,1
255212,255213,255214,1,1
255211,255212,255214,2,1
255211,255212,255214,2,1
255211,255212,255214,2,1
255211,255212,255213,1,1
255212,255213,255214,1,1
255211,255212,255214,2,1
255211,255212,255214,2,1
255211,255212,255214,2,1
255211,255212,255213,1,1
255212,255213,255214,1,1
255212,255213,255214,1,1
255212,255213,255214,1,1
255211,255212,255214,2,1
255211,255212,255214,2,1
255211,255212,255214,2,1
255211,255212,255214,2,1
255212,255213,255214,1,1
255212,255213,255214,1,1
255212,255213,255214,1,1
255211,255212,255214,2,1
255211,255212,255214,2,1
255211,255212,255214,2,1
255211,255212,255214,2,1
255211,255212,255214,2,1
255211,255212,255214,2,1
255211,255212,255214,2,1
255211,255212,255214,2,1
255211,255212,255214,2,1
255211,255212,255214,2,1
255211,255212,255214,2,1
255211,255212,255214,2,1
255211,255212,255214,2,1
255212,255214,255215,1,2
255212,255214,255215,1,2
255212,255213,255214,1,1
255212,255213,255215,2,1
255212,255213,255215,2,1
255212,255213,255215,2,1
255212,255213,255215,2,1
255211,255212,255215,3,1
255212,255213,255215,2,1
255212,255213,255215,2,1
255212,255213,255215,2,1
255212,255213,255215,2,1
255212,255213,255215,2,1
255212,255213,255215,2,1
255212,255213,255215,2,1
255212,255213,255215,2,1
255212,255213,255215,2,1
255212,255213,255215,2,1
255212,255213,255215,2,1
255212,255213,255215,2,1
255212,255213,255215,2,1
255212,255213,255215,2,1
255212,255213,255215,2,1
255212,255213,255215,2,1
255212,255213,255216,3,1
255170,255170,255223,53,0
255173,255173,255238,65,0
255265,255265,255266,1,0
255265,255265,255266,1,0
255265,255265,255266,1,0
255265,255265,255266,1,0
255265,255265,255266,1,0
255265,255265,255266,1,0
255265,255265,255266,1,0
255265,255265,255266,1,0
255265,255265,255266,1,0
255265,255265,255266,1,0
255265,255265,255266,1,0
255265,255265,255266,1,0
255265,255265,255266,1,0
255265,255265,255266,1,0
255265,255265,255266,1,0
255265,255265,255266,1,0
255265,255265,255266,1,0
255265,255265,255266,1,0
255265,255265,255266,1,0
255265,255265,255266,1,0
255265,255265,255266,1,0
255265,255265,255266,1,0
255265,255265,255266,1,0
255210,255211,255267,56,1
255265,255265,255266,1,0
255265,255265,255266,1,0
255265,255265,255267,2,0
255265,255265,255267,2,0
255211,255213,255272,59,2
255299,255299,255300,1,0
255299,255299,255300,1,0
255299,255299,255300,1,0
255299,255299,255300,1,0
255299,255299,255300,1,0
255299,255299,255300,1,0
255299,255299,255300,1,0
255299,255299,255300,1,0
255299,255299,255300,1,0
255299,255299,255300,1,0
255299,255299,255300,1,0
255299,255299,255300,1,0
255299,255299,255300,1,0
255299,255299,255300,1,0
255299,255299,255300,1,0
255299,255299,255300,1,0
255299,255299,255300,1,0
255299,255299,255300,1,0
255299,255299,255300,1,0
255299,255299,255300,1,0
255299,255299,255300,1,0
255299,255299,255300,1,0
255299,255299,255300,1,0
255299,255299,255300,1,0
255299,255299,255300,1,0
255299,255299,255300,1,0
255299,255299,255300,1,0
255299,255299,255301,2,0
255299,255299,255301,2,0
255299,255299,255300,1,0
255299,255299,255301,2,0
255299,255299,255300,1,0
255299,255299,255301,2,0
255299,255299,255301,2,0
255299,255299,255300,1,0
255299,255299,255300,1,0
255299,255299,255301,2,0
255299,255299,255300,1,0
255299,255299,255300,1,0
255299,255299,255301,2,0
255299,255299,255300,1,0
255299,255299,255300,1,0
255299,255299,255300,1,0
255299,255299,255301,2,0
255299,255299,255300,1,0
255299,255299,255300,1,0
255299,255299,255300,1,0
255299,255299,255300,1,0
255299,255299,255300,1,0
255299,255299,255301,2,0
255299,255299,255301,2,0
255299,255299,255301,2,0
255299,255299,255300,1,0
255299,255299,255301,2,0
255299,255299,255300,1,0
255299,255299,255301,2,0
255299,255299,255301,2,0
255299,255299,255300,1,0
255299,255299,255301,2,0
255265,255265,255319,54,0
255334,255334,255335,1,0
255334,255334,255335,1,0
255334,255334,255335,1,0
255334,255334,255335,1,0
255334,255334,255335,1,0
255334,255334,255335,1,0
255334,255334,255335,1,0
255334,255334,255335,1,0
255334,255334,255335,1,0
255334,255334,255335,1,0
255334,255334,255335,1,0
255334,255334,255335,1,0
255334,255334,255335,1,0
255334,255334,255335,1,0
255334,255334,255335,1,0
255334,255334,255335,1,0
255334,255334,255335,1,0
255334,255334,255335,1,0
255334,255334,255335,1,0
255334,255334,255335,1,0
255334,255334,255335,1,0
255334,255334,255335,1,0
255334,255334,255335,1,0
255334,255334,255335,1,0
255334,255334,255335,1,0
255334,255334,255335,1,0
255334,255334,255335,1,0
255334,255334,255335,1,0
255369,255369,255370,1,0
255369,255369,255370,1,0
255369,255369,255370,1,0
255369,255369,255370,1,0
255369,255369,255370,1,0
255369,255369,255370,1,0
255369,255369,255370,1,0
255369,255369,255370,1,0
255369,255369,255370,1,0
255369,255369,255370,1,0
255369,255369,255371,2,0
255369,255369,255370,1,0
255369,255369,255371,2,0
255369,255369,255371,2,0
255369,255369,255370,1,0
255369,255369,255371,2,0
255369,255369,255371,2,0
255369,255369,255371,2,0
255369,255369,255371,2,0
255369,255369,255371,2,0
255369,255369,255371,2,0
255369,255369,255371,2,0
255369,255369,255371,2,0
255369,255369,255371,2,0
255369,255369,255371,2,0
255369,255369,255371,2,0
255369,255369,255371,2,0
255369,255369,255371,2,0
255369,255369,255371,2,0
255369,255369,255371,2,0
255369,255369,255371,2,0
255369,255369,255371,2,0
255369,255369,255371,2,0
255369,255369,255370,1,0
255334,255334,255385,51,0
255386,255386,255387,1,0
255386,255386,255387,1,0
255386,255386,255387,1,0
255386,255386,255387,1,0
255386,255386,255387,1,0
255386,255386,255387,1,0
255386,255386,255387,1,0
255386,255386,255387,1,0
255386,255386,255387,1,0
255386,255386,255387,1,0
255386,255386,255388,2,0
255386,255386,255388,2,0
255386,255386,255387,1,0
255386,255386,255388,2,0
255386,255386,255388,2,0
255386,255386,255388,2,0
255386,255386,255388,2,0
255386,255386,255388,2,0
255386,255386,255388,2,0
255386,255386,255388,2,0
255386,255386,255388,2,0
255386,255386,255388,2,0
255386,255386,255388,2,0
255386,255386,255388,2,0
255386,255386,255388,2,0
255386,255386,255388,2,0
255386,255386,255388,2,0
255386,255386,255388,2,0
255386,255386,255388,2,0
255386,255386,255388,2,0
255386,255386,255388,2,0
255386,255386,255388,2,0
255386,255386,255388,2,0
255386,255386,255388,2,0
255387,255387,255436,49,0
255438,255438,255439,1,0
255438,255438,255439,1,0
255438,255438,255439,1,0
255438,255438,255439,1,0
255438,255438,255439,1,0
255438,255438,255439,1,0
255438,255438,255439,1,0
255438,255438,255439,1,0
255438,255438,255439,1,0
255438,255438,255439,1,0
255438,255438,255439,1,0
255438,255438,255440,2,0
255438,255438,255439,1,0
255438,255438,255440,2,0
255438,255438,255440,2,0
255438,255438,255440,2,0
255438,255438,255439,1,0
255438,255438,255439,1,0
255438,255438,255440,2,0
255438,255438,255440,2,0
255438,255438,255440,2,0
255438,255438,255440,2,0
255438,255438,255439,1,0
255438,255438,255439,1,0
255438,255438,255439,1,0
255438,255438,255439,1,0
255438,255438,255439,1,0
255438,255438,255440,2,0
255438,255438,255439,1,0
255438,255438,255440,2,0
255438,255438,255440,2,0
255438,255438,255442,4,0
255438,255438,255443,5,0
255438,255438,255443,5,0
255406,255406,255464,58,0
255466,255466,255467,1,0
255466,255466,255467,1,0
255466,255466,255467,1,0
255466,255466,255467,1,0
255466,255466,255467,1,0
255466,255466,255467,1,0
255466,255466,255467,1,0
255466,255466,255467,1,0
255466,255466,255467,1,0
255466,255466,255467,1,0
255466,255466,255467,1,0
255466,255466,255467,1,0
255466,255466,255467,1,0
255466,255466,255467,1,0
255466,255466,255467,1,0
255466,255466,255467,1,0
255466,255466,255467,1,0
255466,255466,255467,1,0
255466,255466,255467,1,0
255466,255466,255467,1,0
255466,255466,255467,1,0
255466,255466,255467,1,0
255466,255466,255467,1,0
255466,255466,255467,1,0
255466,255466,255467,1,0
255466,255466,255467,1,0
255426,255426,255483,57,0
255437,255437,255484,47,0
255439,255439,255485,46,0
255432,255432,255485,53,0
255428,255428,255486,58,0
255487,255487,255488,1,0
255487,255488,255489,1,1
255487,255487,255488,1,0
255487,255488,255489,1,1
255487,255488,255489,1,1
255487,255488,255489,1,1
255487,255488,255489,1,1
255487,255487,255488,1,0
255487,255488,255489,1,1
255488,255488,255489,1,0
255488,255488,255489,1,0
255488,255488,255489,1,0
255488,255488,255489,1,0
255487,255488,255489,1,1
255488,255488,255489,1,0
255488,255488,255489,1,0
255488,255488,255489,1,0
255487,255488,255489,1,1
255488,255488,255489,1,0
255488,255488,255489,1,0
255487,255488,255489,1,1
255488,255488,255489,1,0
255487,255487,255489,2,0
255487,255488,255489,1,1
255488,255488,255489,1,0
255488,255488,255489,1,0
255487,255488,255489,1,1
255487,255488,255489,1,1
255425,255425,255489,64,0
255488,255488,255489,1,0
255488,255489,255490,1,1
255488,255489,255490,1,1
255487,255488,255489,1,1
255488,255488,255489,1,0
255488,255488,255489,1,0
255488,255489,255490,1,1
255488,255489,255490,1,1
255488,255489,255490,1,1
255487,255488,255489,1,1
255488,255488,255489,1,0
255488,255488,255489,1,0
255488,255489,255490,1,1
255488,255489,255490,1,1
255487,255488,255489,1,1
255487,255488,255489,1,1
255488,255488,255489,1,0
255488,255488,255489,1,0
255488,255488,255489,1,0
255488,255489,255490,1,1
255487,255488,255489,1,1
255488,255488,255490,2,0
255488,255488,255489,1,0
255488,255488,255489,1,0
255488,255489,255490,1,1
255488,255489,255490,1,1
255489,255489,255490,1,0
255487,255488,255489,1,1
255487,255488,255489,1,1
255488,255488,255489,1,0
255488,255488,255490,2,0
255488,255489,255490,1,1
255489,255489,255490,1,0
255487,255488,255489,1,1
255488,255488,255489,1,0
255488,255488,255489,1,0
255488,255488,255489,1,0
255488,255489,255490,1,1
255488,255489,255490,1,1
255488,255489,255490,1,1
255489,255489,255490,1,0
255487,255488,255489,1,1
255488,255488,255490,2,0
255488,255488,255489,1,0
255488,255489,255490,1,1
255488,255489,255490,1,1
255489,255489,255490,1,0
255489,255489,255490,1,0
255488,255488,255489,1,0
255488,255488,255489,1,0
255488,255488,255489,1,0
255488,255489,255490,1,1
255489,255489,255490,1,0
255489,255489,255490,1,0
255489,255489,255490,1,0
255488,255489,255490,1,1
255488,255489,255490,1,1
255488,255489,255490,1,1
255489,255490,255491,1,1
255488,255489,255490,1,1
255488,255489,255490,1,1
255488,255489,255490,1,1
255489,255490,255491,1,1
255488,255489,255490,1,1
255488,255489,255490,1,1
255489,255490,255491,1,1
255488,255489,255491,2,1
255488,255489,255491,2,1
255490,255491,255492,1,1
255488,255489,255491,2,1
255490,255491,255492,1,1
255489,255490,255491,1,1
255489,255490,255492,2,1
255489,255490,255492,2,1
255489,255490,255492,2,1
255489,255490,255492,2,1
255489,255490,255492,2,1
255489,255490,255491,1,1
255489,255490,255492,2,1
255489,255490,255491,1,1
255489,255490,255492,2,1
255489,255490,255492,2,1
255489,255490,255492,2,1
255489,255490,255492,2,1
255489,255490,255492,2,1
255489,255490,255492,2,1
255489,255490,255492,2,1
255489,255490,255492,2,1
255489,255490,255492,2,1
255489,255490,255491,1,1
255434,255434,255492,58,0
255490,255491,255492,1,1
255490,255491,255493,2,1
255490,255491,255492,1,1
255490,255491,255492,1,1
255490,255491,255492,1,1
255490,255491,255492,1,1
255490,255491,255492,1,1
255490,255491,255492,1,1
255490,255491,255492,1,1
255490,255491,255492,1,1
255490,255491,255492,1,1
255490,255491,255492,1,1
255490,255491,255492,1,1
255490,255491,255492,1,1
255490,255491,255492,1,1
255490,255491,255492,1,1
255490,255491,255492,1,1
255490,255491,255492,1,1
255490,255491,255492,1,1
255490,255491,255492,1,1
255430,255430,255495,65,0
255440,255440,255496,56,0
255443,255443,255501,58,0
255436,255436,255513,77,0
255466,255466,255520,54,0
255468,255468,255520,52,0
255463,255463,255526,63,0
255542,255542,255544,2,0
255542,255542,255544,2,0
255543,255543,255544,1,0
255542,255542,255543,1,0
255542,255542,255543,1,0
255542,255542,255544,2,0
255542,255542,255544,2,0
255542,255543,255544,1,1
255542,255542,255543,1,0
255542,255542,255544,2,0
255542,255542,255544,2,0
255543,255543,255544,1,0
255542,255542,255543,1,0
255542,255542,255543,1,0
255542,255542,255544,2,0
255542,255543,255544,1,1
255543,255543,255544,1,0
255542,255542,255543,1,0
255542,255542,255544,2,0
255542,255542,255544,2,0
255543,255543,255544,1,0
255542,255542,255543,1,0
255542,255542,255544,2,0
255542,255542,255544,2,0
255542,255542,255544,2,0
255543,255543,255544,1,0
255542,255542,255543,1,0
255542,255542,255544,2,0
255542,255543,255544,1,1
255542,255543,255544,1,1
255543,255543,255544,1,0
255542,255542,255543,1,0
255542,255542,255544,2,0
255542,255543,255544,1,1
255543,255543,255544,1,0
255542,255542,255543,1,0
255543,255543,255544,1,0
255543,255543,255544,1,0
255542,255542,255543,1,0
255542,255542,255544,2,0
255542,255542,255544,2,0
255543,255543,255544,1,0
255543,255543,255544,1,0
255542,255543,255545,2,1
255542,255543,255544,1,1
255543,255544,255545,1,1
255542,255542,255544,2,0
255542,255542,255544,2,0
255542,255543,255544,1,1
255542,255543,255545,2,1
255542,255542,255544,2,0
255542,255543,255545,2,1
255542,255543,255544,1,1
255543,255544,255545,1,1
255543,255544,255545,1,1
255542,255542,255544,2,0
255542,255543,255544,1,1
255542,255543,255544,1,1
255543,255544,255545,1,1
255542,255542,255544,2,0
255542,255543,255544,1,1
255542,255543,255544,1,1
255543,255544,255545,1,1
255542,255543,255544,1,1
255542,255543,255544,1,1
255543,255544,255545,1,1
255542,255542,255544,2,0
255542,255543,255544,1,1
255543,255544,255545,1,1
255542,255542,255544,2,0
255542,255543,255544,1,1
255542,255543,255544,1,1
255543,255544,255545,1,1
255542,255543,255544,1,1
255542,255543,255544,1,1
255543,255544,255545,1,1
255543,255544,255545,1,1
255542,255543,255544,1,1
255542,255543,255544,1,1
255543,255544,255545,1,1
255543,255544,255545,1,1
255543,255544,255546,2,1
255543,255544,255546,2,1
255543,255544,255546,2,1
255543,255546,255547,1,3
255543,255544,255546,2,1
255543,255544,255546,2,1
255543,255544,255546,2,1
255543,255544,255546,2,1
255543,255544,255546,2,1
255543,255544,255546,2,1
255543,255544,255546,2,1
255543,255544,255546,2,1
255543,255544,255546,2,1
255543,255544,255546,2,1
255543,255544,255546,2,1
255543,255544,255546,2,1
255543,255544,255546,2,1
255543,255544,255546,2,1
255543,255544,255546,2,1
255543,255544,255546,2,1
255543,255544,255546,2,1
255543,255544,255546,2,1
255543,255544,255546,2,1
255543,255544,255546,2,1
255543,255544,255546,2,1
255543,255544,255546,2,1
255543,255544,255546,2,1
255543,255544,255546,2,1
255543,255544,255546,2,1
255543,255544,255546,2,1
255543,255544,255546,2,1
255543,255544,255546,2,1
255543,255544,255546,2,1
255543,255544,255546,2,1
255543,255546,255547,1,3
255543,255544,255546,2,1
255543,255544,255546,2,1
255543,255544,255546,2,1
255543,255544,255546,2,1
255543,255544,255546,2,1
255543,255544,255546,2,1
255490,255491,255547,56,1
255543,255545,255547,2,2
255543,255546,255547,1,3
255543,255544,255547,3,1
255543,255546,255547,1,3
255543,255546,255547,1,3
255543,255546,255547,1,3
255543,255546,255547,1,3
255543,255546,255547,1,3
255543,255546,255547,1,3
255543,255546,255547,1,3
255543,255546,255547,1,3
255543,255546,255547,1,3
255543,255546,255547,1,3
255543,255546,255547,1,3
255543,255546,255547,1,3
255543,255546,255547,1,3
255543,255546,255547,1,3
255543,255546,255547,1,3
255543,255546,255547,1,3
255543,255546,255547,1,3
255543,255546,255547,1,3
255543,255546,255547,1,3
255543,255546,255547,1,3
255543,255546,255547,1,3
255543,255546,255547,1,3
255543,255546,255548,2,3
255543,255546,255591,45,3
255609,255609,255610,1,0
255609,255609,255610,1,0
255609,255609,255611,2,0
255609,255609,255610,1,0
255609,255609,255610,1,0
255609,255609,255610,1,0
255609,255609,255611,2,0
255609,255609,255611,2,0
255609,255609,255611,2,0
255609,255610,255611,1,1
255609,255609,255610,1,0
255609,255609,255610,1,0
255609,255609,255611,2,0
255609,255609,255610,1,0
255609,255609,255610,1,0
255609,255609,255611,2,0
255609,255609,255611,2,0
255609,255609,255610,1,0
255609,255609,255610,1,0
255609,255609,255610,1,0
255609,255609,255611,2,0
255609,255609,255610,1,0
255609,255610,255611,1,1
255609,255609,255611,2,0
255609,255610,255611,1,1
255609,255610,255612,2,1
255609,255610,255611,1,1
255609,255610,255611,1,1
255609,255609,255611,2,0
255609,255609,255611,2,0
255609,255610,255611,1,1
255609,255610,255611,1,1
255609,255610,255611,1,1
255609,255609,255611,2,0
255609,255609,255611,2,0
255609,255610,255611,1,1
255609,255610,255611,1,1
255609,255610,255611,1,1
255609,255611,255612,1,2
255609,255610,255611,1,1
255609,255610,255611,1,1
255609,255610,255611,1,1
255609,255609,255611,2,0
255609,255609,255611,2,0
255609,255610,255611,1,1
255609,255610,255611,1,1
255609,255609,255611,2,0
255609,255610,255611,1,1
255609,255610,255611,1,1
255609,255610,255611,1,1
255609,255609,255611,2,0
255609,255610,255611,1,1
255609,255610,255611,1,1
255609,255610,255611,1,1
255609,255611,255612,1,2
255609,255609,255611,2,0
255609,255610,255612,2,1
255609,255610,255611,1,1
255609,255609,255611,2,0
255609,255610,255611,1,1
255609,255610,255611,1,1
255609,255610,255611,1,1
255609,255611,255612,1,2
255609,255609,255611,2,0
255609,255609,255611,2,0
255609,255610,255611,1,1
255609,255610,255611,1,1
255609,255610,255611,1,1
255609,255611,255612,1,2
255609,255611,255612,1,2
255609,255611,255612,1,2
255609,255611,255612,1,2
255609,255611,255612,1,2
255609,255611,255612,1,2
255609,255611,255612,1,2
255609,255611,255612,1,2
255609,255611,255612,1,2
255609,255611,255612,1,2
255609,255611,255612,1,2
255609,255611,255612,1,2
255609,255611,255612,1,2
255609,255611,255612,1,2
255609,255611,255612,1,2
255609,255611,255612,1,2
255609,255611,255612,1,2
255609,255611,255612,1,2
255609,255611,255612,1,2
255610,255611,255657,46,1
255659,255659,255660,1,0
255659,255659,255660,1,0
255659,255659,255660,1,0
255659,255659,255660,1,0
255659,255659,255660,1,0
255659,255659,255660,1,0
255659,255659,255660,1,0
255659,255659,255660,1,0
255659,255659,255660,1,0
255659,255659,255660,1,0
255659,255659,255660,1,0
255659,255659,255660,1,0
255659,255659,255660,1,0
255659,255659,255660,1,0
255659,255659,255660,1,0
255659,255659,255660,1,0
255659,255659,255660,1,0
255659,255659,255660,1,0
255659,255659,255660,1,0
255659,255659,255660,1,0
255659,255659,255660,1,0
255659,255659,255660,1,0
255659,255659,255660,1,0
255659,255659,255660,1,0
255659,255659,255660,1,0
255659,255659,255660,1,0
255659,255659,255660,1,0
255659,255659,255660,1,0
255659,255659,255660,1,0
255659,255659,255661,2,0
255659,255659,255661,2,0
255659,255659,255661,2,0
255659,255659,255661,2,0
255659,255659,255660,1,0
255659,255659,255660,1,0
255659,255659,255661,2,0
255659,255659,255660,1,0
255659,255659,255661,2,0
255659,255659,255660,1,0
255659,255659,255661,2,0
255659,255659,255661,2,0
255659,255659,255660,1,0
255659,255659,255661,2,0
255659,255659,255661,2,0
255659,255659,255661,2,0
255659,255659,255661,2,0
255659,255659,255660,1,0
255659,255659,255661,2,0
255659,255659,255661,2,0
255659,255659,255660,1,0
255659,255659,255660,1,0
255659,255659,255661,2,0
255659,255659,255661,2,0
255659,255659,255660,1,0
255659,255659,255661,2,0
255659,255659,255661,2,0
255659,255659,255660,1,0
255659,255659,255661,2,0
255659,255659,255660,1,0
255659,255659,255661,2,0
255659,255659,255660,1,0
255659,255659,255661,2,0
255659,255659,255660,1,0
255659,255659,255661,2,0
255659,255659,255661,2,0
255659,255659,255661,2,0
255659,255659,255661,2,0
255659,255659,255660,1,0
255708,255709,255710,1,1
255708,255709,255710,1,1
255708,255709,255710,1,1
255708,255709,255710,1,1
255708,255709,255710,1,1
255708,255709,255710,1,1
255708,255709,255710,1,1
255708,255709,255710,1,1
255708,255709,255710,1,1
255708,255709,255710,1,1
255708,255709,255710,1,1
255708,255709,255710,1,1
255708,255709,255710,1,1
255708,255709,255710,1,1
255708,255709,255710,1,1
255708,255709,255710,1,1
255708,255709,255710,1,1
255708,255709,255710,1,1
255708,255709,255710,1,1
255708,255709,255710,1,1
255708,255709,255711,2,1
255744,255744,255745,1,0
255744,255744,255745,1,0
255744,255744,255745,1,0
255744,255744,255745,1,0
255744,255744,255745,1,0
255744,255744,255745,1,0
255744,255744,255745,1,0
255744,255744,255745,1,0
255744,255744,255745,1,0
255744,255744,255745,1,0
255744,255744,255745,1,0
255744,255744,255746,2,0
255744,255744,255746,2,0
255744,255744,255745,1,0
255744,255744,255746,2,0
255744,255744,255745,1,0
255744,255744,255745,1,0
255744,255744,255746,2,0
255744,255744,255745,1,0
255744,255744,255746,2,0
255744,255744,255746,2,0
255744,255744,255745,1,0
255744,255744,255746,2,0
255744,255744,255745,1,0
255744,255744,255746,2,0
255744,255744,255746,2,0
255744,255744,255746,2,0
255744,255744,255745,1,0
255744,255744,255745,1,0
255744,255744,255746,2,0
255744,255744,255745,1,0
255744,255744,255746,2,0
255744,255744,255745,1,0
255744,255744,255746,2,0
255709,255709,255758,49,0
255761,255761,255762,1,0
255761,255761,255762,1,0
255761,255761,255762,1,0
255761,255761,255762,1,0
255761,255761,255762,1,0
255761,255761,255762,1,0
255761,255761,255762,1,0
255761,255761,255762,1,0
255761,255761,255762,1,0
255761,255761,255762,1,0
255761,255761,255762,1,0
255761,255761,255762,1,0
255761,255761,255762,1,0
255761,255761,255762,1,0
255761,255761,255762,1,0
255761,255761,255763,2,0
255761,255761,255762,1,0
255761,255761,255762,1,0
255761,255761,255763,2,0
255761,255761,255763,2,0
255761,255761,255762,1,0
255761,255761,255762,1,0
255761,255761,255762,1,0
255761,255761,255762,1,0
255761,255761,255762,1,0
255761,255761,255762,1,0
255761,255761,255762,1,0
255761,255761,255762,1,0
255761,255761,255763,2,0
255761,255761,255762,1,0
255761,255761,255762,1,0
255761,255761,255762,1,0
255761,255761,255762,1,0
255761,255761,255807,46,0
255808,255809,255810,1,1
255808,255809,255810,1,1
255808,255809,255810,1,1
255808,255809,255810,1,1
255808,255809,255810,1,1
255808,255809,255810,1,1
255808,255809,255810,1,1
255808,255809,255811,2,1
255808,255809,255810,1,1
255808,255809,255810,1,1
255808,255809,255810,1,1
255808,255809,255810,1,1
255808,255809,255810,1,1
255808,255809,255810,1,1
255808,255809,255810,1,1
255808,255809,255810,1,1
255808,255809,255810,1,1
255808,255809,255810,1,1
255808,255809,255810,1,1
255808,255809,255810,1,1
255808,255809,255810,1,1
255808,255809,255810,1,1
255780,255780,255827,47,0
255830,255830,255831,1,0
255830,255830,255831,1,0
255830,255830,255831,1,0
255830,255830,255831,1,0
255830,255830,255831,1,0
255830,255830,255831,1,0
255830,255830,255831,1,0
255830,255830,255831,1,0
255830,255830,255831,1,0
255830,255830,255831,1,0
255830,255830,255831,1,0
255830,255830,255832,2,0
255830,255830,255832,2,0
255830,255830,255832,2,0
255830,255830,255832,2,0
255830,255830,255832,2,0
255830,255830,255832,2,0
255830,255830,255832,2,0
255830,255830,255832,2,0
255830,255830,255832,2,0
255830,255830,255831,1,0
255830,255830,255831,1,0
255830,255830,255832,2,0
255830,255830,255832,2,0
255830,255830,255831,1,0
255830,255830,255832,2,0
255830,255830,255831,1,0
255830,255830,255832,2,0
255830,255830,255831,1,0
255830,255830,255832,2,0
255830,255831,255835,4,1
255830,255831,255836,5,1
255830,255831,255836,5,1
255830,255831,255836,5,1
255801,255801,255851,50,0
255799,255799,255851,52,0
255855,255855,255856,1,0
255855,255855,255856,1,0
255855,255855,255856,1,0
255855,255855,255856,1,0
255855,255855,255856,1,0
255855,255855,255856,1,0
255855,255855,255856,1,0
255855,255855,255856,1,0
255855,255855,255856,1,0
255855,255855,255856,1,0
255855,255855,255856,1,0
255855,255855,255857,2,0
255855,255855,255857,2,0
255855,255855,255857,2,0
255855,255855,255857,2,0
255855,255855,255857,2,0
255855,255855,255857,2,0
255855,255855,255856,1,0
255855,255855,255856,1,0
255855,255855,255857,2,0
255855,255855,255857,2,0
255855,255855,255856,1,0
255855,255855,255857,2,0
255855,255855,255857,2,0
255855,255855,255857,2,0
255857,255857,255858,1,0
255855,255855,255857,2,0
255855,255855,255857,2,0
255855,255855,255857,2,0
255855,255855,255857,2,0
255855,255855,255857,2,0
255855,255855,255857,2,0
255855,255855,255857,2,0
255855,255855,255857,2,0
255855,255855,255857,2,0
255857,255857,255858,1,0
255857,255857,255858,1,0
255857,255857,255858,1,0
255857,255857,255858,1,0
255857,255857,255858,1,0
255857,255857,255858,1,0
255857,255857,255858,1,0
255857,255857,255858,1,0
255857,255857,255858,1,0
255857,255857,255858,1,0
255857,255857,255858,1,0
255857,255857,255858,1,0
255857,255857,255858,1,0
255857,255857,255858,1,0
255857,255857,255858,1,0
255857,255857,255858,1,0
255857,255857,255858,1,0
255857,255857,255858,1,0
255857,255857,255858,1,0
255857,255857,255858,1,0
255857,255857,255859,2,0
255857,255857,255859,2,0
255805,255806,255861,55,1
255808,255808,255869,61,0
255877,255877,255878,1,0
255803,255803,255877,74,0
255877,255877,255878,1,0
255877,255877,255878,1,0
255877,255877,255878,1,0
255877,255877,255878,1,0
255877,255877,255878,1,0
255810,255810,255878,68,0
255877,255877,255878,1,0
255877,255877,255878,1,0
255877,255877,255878,1,0
255877,255877,255879,2,0
255877,255877,255878,1,0
255877,255877,255879,2,0
255877,255877,255878,1,0
255877,255877,255878,1,0
255877,255877,255879,2,0
255877,255877,255878,1,0
255831,255831,255878,47,0
255877,255877,255879,2,0
255877,255877,255878,1,0
255877,255877,255878,1,0
255877,255877,255879,2,0
255877,255877,255878,1,0
255877,255877,255879,2,0
255877,255877,255878,1,0
255877,255877,255879,2,0
255877,255877,255879,2,0
255877,255877,255879,2,0
255877,255877,255879,2,0
255877,255877,255879,2,0
255877,255877,255879,2,0
255877,255877,255879,2,0
255877,255877,255879,2,0
255877,255877,255879,2,0
255877,255877,255879,2,0
255836,255836,255882,46,0
255833,255833,255887,54,0
255895,255895,255896,1,0
255895,255895,255896,1,0
255895,255896,255897,1,1
255895,255895,255896,1,0
255895,255896,255897,1,1
255895,255895,255896,1,0
255895,255895,255896,1,0
255895,255895,255896,1,0
255895,255895,255896,1,0
255895,255895,255897,2,0
255895,255895,255896,1,0
255895,255895,255896,1,0
255895,255895,255896,1,0
255895,255895,255897,2,0
255895,255895,255896,1,0
255895,255895,255897,2,0
255895,255895,255897,2,0
255895,255895,255897,2,0
255895,255896,255897,1,1
255895,255895,255898,3,0
255895,255895,255897,2,0
255895,255896,255897,1,1
255895,255896,255897,1,1
255895,255897,255898,1,2
255895,255895,255897,2,0
255895,255895,255897,2,0
255895,255896,255897,1,1
255895,255896,255897,1,1
255895,255896,255897,1,1
255895,255895,255897,2,0
255895,255895,255897,2,0
255895,255896,255897,1,1
255895,255896,255897,1,1
255895,255895,255898,3,0
255895,255895,255897,2,0
255895,255896,255898,2,1
255895,255896,255897,1,1
255895,255895,255897,2,0
255895,255895,255897,2,0
255895,255896,255897,1,1
255895,255896,255897,1,1
255895,255895,255897,2,0
255895,255896,255897,1,1
255895,255896,255897,1,1
255895,255895,255897,2,0
255895,255895,255897,2,0
255895,255896,255897,1,1
255895,255896,255898,2,1
255895,255895,255897,2,0
255895,255895,255897,2,0
255895,255896,255897,1,1
255895,255896,255897,1,1
255895,255897,255898,1,2
255895,255897,255898,1,2
255895,255897,255899,2,2
255895,255897,255898,1,2
255895,255897,255899,2,2
255895,255897,255899,2,2
255895,255897,255898,1,2
255895,255897,255898,1,2
255895,255898,255899,1,3
255895,255897,255898,1,2
255895,255897,255898,1,2
255895,255897,255898,1,2
255895,255897,255898,1,2
255895,255897,255898,1,2
255895,255897,255899,2,2
255895,255897,255899,2,2
255895,255897,255898,1,2
255895,255897,255898,1,2
255895,255897,255899,2,2
255895,255897,255898,1,2
255895,255897,255898,1,2
255895,255897,255898,1,2
255895,255897,255898,1,2
255895,255898,255900,2,3
255895,255898,255899,1,3
255895,255898,255899,1,3
255895,255898,255899,1,3
255859,255859,255905,46,0
255856,255856,255912,56,0
255932,255932,255933,1,0
255932,255932,255933,1,0
255932,255932,255933,1,0
255932,255932,255933,1,0
255932,255932,255933,1,0
255932,255932,255933,1,0
255932,255932,255933,1,0
255932,255932,255933,1,0
255932,255932,255933,1,0
255932,255932,255933,1,0
255932,255932,255933,1,0
255932,255932,255933,1,0
255932,255932,255933,1,0
255932,255932,255933,1,0
255932,255932,255933,1,0
255932,255932,255933,1,0
255932,255932,255933,1,0
255932,255932,255933,1,0
255932,255932,255933,1,0
255932,255932,255933,1,0
255932,255932,255933,1,0
255932,255932,255933,1,0
255932,255932,255933,1,0
255932,255932,255933,1,0
255932,255932,255933,1,0
255932,255932,255933,1,0
255932,255932,255933,1,0
255932,255932,255933,1,0
255932,255932,255933,1,0
255932,255932,255933,1,0
255932,255932,255933,1,0
255932,255932,255933,1,0
255932,255932,255933,1,0
255932,255932,255933,1,0
255932,255932,255933,1,0
255932,255932,255933,1,0
255932,255932,255933,1,0
255932,255932,255933,1,0
255932,255932,255933,1,0
255932,255932,255934,2,0
255932,255932,255934,2,0
255932,255932,255934,2,0
255932,255933,255934,1,1
255932,255933,255934,1,1
255932,255932,255934,2,0
255932,255932,255934,2,0
255932,255932,255934,2,0
255932,255932,255934,2,0
255932,255932,255934,2,0
255932,255932,255934,2,0
255932,255932,255934,2,0
255932,255932,255934,2,0
255932,255932,255934,2,0
255932,255932,255934,2,0
255932,255932,255934,2,0
255932,255932,255934,2,0
255932,255932,255934,2,0
255932,255932,255934,2,0
255932,255932,255934,2,0
255932,255932,255934,2,0
255932,255932,255934,2,0
255932,255932,255934,2,0
255932,255932,255934,2,0
255932,255932,255934,2,0
255932,255932,255934,2,0
255932,255932,255934,2,0
255932,255932,255934,2,0
255932,255932,255934,2,0
255932,255932,255934,2,0
255932,255932,255934,2,0
255932,255932,255934,2,0
255932,255932,255934,2,0
255932,255932,255934,2,0
255932,255932,255934,2,0
255932,255932,255934,2,0
255932,255932,255934,2,0
255932,255932,255934,2,0
255932,255932,255934,2,0
255932,255932,255934,2,0
255932,255932,255934,2,0
255932,255932,255934,2,0
255932,255933,255935,2,1
255932,255933,255935,2,1
255932,255933,255935,2,1
255932,255934,255935,1,2
255932,255934,255935,1,2
255932,255934,255935,1,2
255932,255934,255935,1,2
255932,255934,255935,1,2
255932,255934,255935,1,2
255932,255934,255935,1,2
255932,255934,255935,1,2
255932,255934,255935,1,2
255932,255934,255935,1,2
255932,255934,255935,1,2
255932,255934,255935,1,2
255932,255934,255935,1,2
255932,255934,255935,1,2
255932,255934,255935,1,2
255896,255897,255944,47,1
255982,255982,255983,1,0
255982,255982,255983,1,0
255982,255982,255983,1,0
255982,255982,255983,1,0
255982,255982,255983,1,0
255982,255982,255983,1,0
255982,255982,255983,1,0
255982,255982,255983,1,0
255982,255982,255983,1,0
255982,255982,255983,1,0
255982,255982,255983,1,0
255982,255982,255983,1,0
255982,255982,255983,1,0
255982,255982,255983,1,0
255982,255982,255983,1,0
255982,255982,255983,1,0
255982,255982,255983,1,0
255982,255982,255983,1,0
255982,255982,255983,1,0
255982,255982,255983,1,0
255982,255982,255983,1,0
255982,255982,255983,1,0
255982,255982,255983,1,0
255982,255982,255983,1,0
255982,255982,255983,1,0
255982,255982,255983,1,0
255982,255982,255983,1,0
255982,255982,255983,1,0
255982,255982,255983,1,0
255982,255982,255983,1,0
255982,255982,255983,1,0
255982,255982,255983,1,0
255982,255982,255983,1,0
255982,255982,255983,1,0
255982,255982,255983,1,0
255982,255982,255983,1,0
255982,255982,255984,2,0
255982,255982,255983,1,0
255982,255982,255984,2,0
255982,255982,255984,2,0
255982,255982,255984,2,0
255982,255982,255983,1,0
255982,255982,255984,2,0
255982,255982,255983,1,0
255982,255982,255983,1,0
255982,255982,255983,1,0
255982,255982,255983,1,0
255982,255982,255984,2,0
255982,255982,255984,2,0
255982,255982,255984,2,0
255982,255982,255983,1,0
255982,255982,255984,2,0
255982,255982,255983,1,0
255982,255982,255984,2,0
255982,255982,255984,2,0
255982,255982,255983,1,0
255982,255982,255983,1,0
255982,255982,255983,1,0
255982,255982,255984,2,0
255982,255982,255983,1,0
255982,255982,255984,2,0
255982,255982,255984,2,0
255982,255982,255983,1,0
255982,255982,255984,2,0
255982,255982,255984,2,0
255982,255982,255984,2,0
255982,255982,255984,2,0
255982,255982,255984,2,0
256017,256017,256018,1,0
256017,256017,256018,1,0
256017,256017,256018,1,0
256017,256017,256018,1,0
256017,256017,256018,1,0
256017,256017,256018,1,0
256017,256017,256018,1,0
256017,256017,256018,1,0
256017,256017,256018,1,0
256017,256017,256018,1,0
256017,256017,256019,2,0
256017,256017,256018,1,0
256017,256017,256019,2,0
256017,256017,256019,2,0
256017,256017,256019,2,0
256017,256017,256019,2,0
256017,256017,256018,1,0
256017,256017,256019,2,0
256017,256017,256018,1,0
256017,256017,256018,1,0
256017,256017,256019,2,0
256017,256017,256018,1,0
256017,256017,256018,1,0
256017,256017,256018,1,0
256017,256017,256018,1,0
256017,256017,256018,1,0
256017,256017,256019,2,0
256017,256017,256018,1,0
256017,256017,256018,1,0
256017,256017,256018,1,0
255982,255983,256028,45,1
256052,256052,256053,1,0
256052,256052,256053,1,0
256052,256052,256053,1,0
256052,256052,256053,1,0
256052,256052,256053,1,0
256052,256052,256053,1,0
256052,256052,256053,1,0
256052,256052,256053,1,0
256052,256052,256053,1,0
256052,256052,256053,1,0
256052,256052,256053,1,0
256052,256052,256053,1,0
256052,256052,256053,1,0
256052,256052,256053,1,0
256052,256052,256053,1,0
256052,256052,256053,1,0
256052,256052,256053,1,0
256052,256052,256053,1,0
256052,256052,256053,1,0
256052,256052,256053,1,0
256052,256052,256053,1,0
256052,256052,256053,1,0
256052,256052,256053,1,0
256052,256052,256053,1,0
256052,256052,256097,45,0
256098,256098,256099,1,0
256098,256098,256099,1,0
256098,256098,256099,1,0
256098,256098,256099,1,0
256098,256098,256099,1,0
256098,256098,256099,1,0
256098,256098,256099,1,0
256098,256098,256099,1,0
256098,256098,256099,1,0
256098,256098,256099,1,0
256098,256098,256099,1,0
256098,256098,256099,1,0
256098,256098,256099,1,0
256098,256098,256099,1,0
256098,256098,256099,1,0
256098,256098,256099,1,0
256098,256098,256099,1,0
256098,256098,256099,1,0
256098,256098,256099,1,0
256098,256098,256099,1,0
256098,256098,256099,1,0
256098,256098,256099,1,0
256098,256098,256099,1,0
256098,256098,256100,2,0
256098,256098,256099,1,0
256098,256098,256099,1,0
256098,256098,256099,1,0
256098,256098,256099,1,0
256098,256098,256099,1,0
256098,256098,256099,1,0
256098,256098,256099,1,0
256098,256098,256099,1,0
256098,256098,256099,1,0
256098,256098,256099,1,0
256069,256069,256117,48,0
256119,256119,256120,1,0
256119,256119,256120,1,0
256119,256119,256120,1,0
256119,256119,256120,1,0
256119,256119,256120,1,0
256119,256119,256120,1,0
256119,256119,256120,1,0
256119,256119,256120,1,0
256119,256119,256120,1,0
256119,256119,256120,1,0
256119,256119,256120,1,0
256119,256119,256120,1,0
256119,256119,256121,2,0
256119,256119,256121,2,0
256119,256119,256120,1,0
256119,256120,256121,1,1
256119,256119,256121,2,0
256119,256119,256121,2,0
256119,256119,256121,2,0
256119,256119,256121,2,0
256119,256119,256120,1,0
256119,256119,256121,2,0
256119,256119,256120,1,0
256119,256119,256120,1,0
256119,256119,256120,1,0
256119,256119,256120,1,0
256119,256119,256120,1,0
256119,256119,256121,2,0
256119,256119,256120,1,0
256119,256119,256121,2,0
256119,256119,256120,1,0
256119,256119,256120,1,0
256091,256091,256137,46,0
256140,256140,256141,1,0
256140,256140,256141,1,0
256140,256140,256141,1,0
256140,256140,256142,2,0
256140,256140,256141,1,0
256140,256140,256142,2,0
256140,256140,256141,1,0
256140,256140,256142,2,0
256140,256140,256141,1,0
256140,256140,256142,2,0
256140,256140,256141,1,0
256093,256093,256141,48,0
256140,256140,256141,1,0
256140,256140,256141,1,0
256140,256140,256141,1,0
256140,256140,256141,1,0
256140,256140,256141,1,0
256140,256140,256141,1,0
256140,256140,256141,1,0
256140,256140,256141,1,0
256140,256140,256141,1,0
256140,256140,256141,1,0
256140,256140,256142,2,0
256140,256140,256141,1,0
256142,256142,256143,1,0
256142,256142,256143,1,0
256142,256142,256143,1,0
256097,256097,256142,45,0
256142,256142,256143,1,0
256142,256142,256143,1,0
256142,256142,256143,1,0
256142,256142,256143,1,0
256142,256142,256143,1,0
256142,256142,256143,1,0
256142,256142,256143,1,0
256142,256142,256143,1,0
256142,256142,256144,2,0
256142,256142,256144,2,0
256142,256142,256144,2,0
256142,256142,256144,2,0
256142,256142,256144,2,0
256142,256142,256143,1,0
256142,256142,256144,2,0
256142,256142,256144,2,0
256142,256142,256144,2,0
256142,256142,256143,1,0
256142,256143,256144,1,1
256142,256143,256144,1,1
256142,256142,256144,2,0
256142,256142,256144,2,0
256142,256142,256144,2,0
256142,256142,256144,2,0
256142,256142,256144,2,0
256142,256142,256144,2,0
256142,256142,256144,2,0
256142,256142,256144,2,0
256142,256142,256144,2,0
256099,256100,256145,45,1
256089,256089,256150,61,0
256161,256161,256162,1,0
256161,256161,256162,1,0
256161,256161,256162,1,0
256161,256161,256162,1,0
256161,256161,256162,1,0
256161,256161,256162,1,0
256161,256161,256162,1,0
256161,256161,256162,1,0
256161,256161,256162,1,0
256161,256161,256162,1,0
256161,256161,256162,1,0
256161,256161,256162,1,0
256161,256161,256162,1,0
256161,256161,256162,1,0
256161,256161,256162,1,0
256161,256161,256162,1,0
256161,256161,256162,1,0
256161,256161,256162,1,0
256161,256161,256162,1,0
256161,256161,256162,1,0
256161,256161,256162,1,0
256161,256161,256162,1,0
256161,256161,256162,1,0
256161,256161,256162,1,0
256161,256161,256162,1,0
256161,256161,256162,1,0
256161,256161,256162,1,0
256161,256161,256162,1,0
256161,256161,256162,1,0
256161,256161,256162,1,0
256161,256161,256162,1,0
256161,256161,256162,1,0
256161,256161,256162,1,0
256161,256162,256163,1,1
256161,256162,256163,1,1
256161,256162,256163,1,1
256161,256162,256163,1,1
256161,256161,256163,2,0
256161,256161,256163,2,0
256161,256161,256163,2,0
256161,256161,256163,2,0
256161,256161,256163,2,0
256161,256161,256163,2,0
256161,256161,256163,2,0
256161,256161,256162,1,0
256161,256161,256162,1,0
256161,256161,256163,2,0
256161,256161,256163,2,0
256161,256161,256162,1,0
256161,256161,256163,2,0
256161,256161,256163,2,0
256161,256161,256163,2,0
256161,256161,256162,1,0
256161,256161,256163,2,0
256161,256161,256163,2,0
256161,256161,256163,2,0
256161,256161,256162,1,0
256161,256161,256163,2,0
256161,256161,256163,2,0
256161,256161,256163,2,0
256161,256161,256163,2,0
256161,256161,256163,2,0
256161,256161,256162,1,0
256161,256161,256162,1,0
256161,256161,256163,2,0
256161,256161,256163,2,0
256161,256161,256163,2,0
256121,256121,256170,49,0
256095,256095,256170,75,0
256140,256140,256183,43,0
256141,256141,256192,51,0
256143,256143,256195,52,0
256197,256197,256198,1,0
256197,256197,256198,1,0
256197,256197,256198,1,0
256197,256197,256198,1,0
256197,256197,256198,1,0
256197,256197,256198,1,0
256197,256197,256198,1,0
256197,256197,256198,1,0
256197,256197,256198,1,0
256197,256197,256199,2,0
256197,256197,256198,1,0
256197,256197,256198,1,0
256197,256197,256199,2,0
256197,256197,256198,1,0
256197,256197,256198,1,0
256197,256197,256198,1,0
256197,256197,256199,2,0
256197,256197,256199,2,0
256197,256197,256198,1,0
256197,256197,256198,1,0
256197,256197,256199,2,0
256197,256197,256200,3,0
256197,256197,256199,2,0
256197,256198,256199,1,1
256197,256198,256199,1,1
256197,256197,256199,2,0
256197,256198,256199,1,1
256197,256198,256199,1,1
256197,256197,256199,2,0
256197,256197,256199,2,0
256197,256198,256199,1,1
256197,256198,256199,1,1
256197,256199,256200,1,2
256197,256197,256199,2,0
256197,256198,256199,1,1
256197,256198,256199,1,1
256197,256197,256199,2,0
256197,256197,256199,2,0
256197,256198,256199,1,1
256197,256198,256199,1,1
256197,256197,256199,2,0
256197,256197,256199,2,0
256197,256198,256199,1,1
256197,256198,256199,1,1
256197,256198,256199,1,1
256197,256198,256199,1,1
256197,256199,256200,1,2
256197,256197,256199,2,0
256197,256198,256199,1,1
256197,256198,256199,1,1
256197,256197,256199,2,0
256197,256198,256199,1,1
256197,256198,256199,1,1
256197,256199,256200,1,2
256197,256197,256199,2,0
256197,256198,256199,1,1
256197,256198,256199,1,1
256197,256198,256200,2,1
256197,256199,256200,1,2
256197,256199,256200,1,2
256197,256199,256200,1,2
256197,256199,256200,1,2
256197,256199,256200,1,2
256197,256199,256201,2,2
256197,256199,256200,1,2
256197,256199,256200,1,2
256197,256199,256201,2,2
256197,256199,256200,1,2
256197,256199,256200,1,2
256197,256199,256200,1,2
256197,256199,256200,1,2
256197,256199,256200,1,2
256197,256199,256200,1,2
256197,256199,256200,1,2
256197,256199,256200,1,2
256197,256199,256200,1,2
256197,256199,256200,1,2
256233,256233,256234,1,0
256233,256233,256234,1,0
256233,256233,256234,1,0
256233,256233,256234,1,0
256233,256233,256234,1,0
256233,256233,256234,1,0
256233,256233,256234,1,0
256233,256233,256234,1,0
256233,256233,256234,1,0
256233,256233,256234,1,0
256233,256233,256234,1,0
256233,256233,256234,1,0
256233,256233,256234,1,0
256233,256233,256234,1,0
256233,256233,256234,1,0
256233,256233,256234,1,0
256233,256233,256234,1,0
256233,256233,256234,1,0
256233,256233,256234,1,0
256233,256233,256234,1,0
256233,256233,256234,1,0
256233,256233,256234,1,0
256233,256233,256234,1,0
256233,256233,256234,1,0
256233,256233,256234,1,0
256233,256233,256234,1,0
256233,256233,256234,1,0
256233,256233,256234,1,0
256233,256233,256234,1,0
256233,256233,256234,1,0
256233,256233,256234,1,0
256233,256233,256234,1,0
256233,256233,256235,2,0
256233,256233,256235,2,0
256233,256233,256234,1,0
256233,256233,256234,1,0
256233,256233,256235,2,0
256233,256233,256235,2,0
256233,256233,256235,2,0
256233,256233,256235,2,0
256233,256233,256235,2,0
256233,256233,256235,2,0
256233,256233,256235,2,0
256233,256233,256235,2,0
256233,256233,256235,2,0
256233,256233,256235,2,0
256233,256233,256235,2,0
256233,256233,256235,2,0
256233,256233,256235,2,0
256233,256233,256235,2,0
256233,256233,256235,2,0
256233,256233,256235,2,0
256233,256233,256235,2,0
256233,256233,256235,2,0
256233,256233,256235,2,0
256233,256233,256235,2,0
256233,256233,256235,2,0
256233,256233,256235,2,0
256233,256233,256235,2,0
256233,256233,256235,2,0
256233,256233,256235,2,0
256233,256233,256235,2,0
256233,256233,256235,2,0
256233,256233,256235,2,0
256233,256233,256235,2,0
256233,256233,256235,2,0
256233,256233,256235,2,0
256233,256233,256235,2,0
256198,256199,256246,47,1
256268,256268,256269,1,0
256268,256268,256269,1,0
256268,256268,256269,1,0
256268,256268,256269,1,0
256268,256268,256269,1,0
256268,256268,256269,1,0
256268,256268,256269,1,0
256268,256268,256269,1,0
256268,256268,256269,1,0
256268,256269,256270,1,1
256268,256268,256269,1,0
256268,256268,256270,2,0
256268,256268,256270,2,0
256268,256268,256270,2,0
256268,256268,256270,2,0
256268,256268,256270,2,0
256268,256269,256270,1,1
256268,256268,256270,2,0
256268,256269,256270,1,1
256268,256269,256270,1,1
256268,256269,256270,1,1
256268,256268,256270,2,0
256268,256269,256270,1,1
256268,256269,256270,1,1
256268,256269,256270,1,1
256268,256269,256270,1,1
256268,256269,256270,1,1
256268,256269,256270,1,1
256268,256269,256270,1,1
256268,256269,256270,1,1
256268,256269,256270,1,1
256268,256269,256270,1,1
256233,256234,256279,45,1
256302,256302,256303,1,0
256302,256302,256303,1,0
256302,256302,256303,1,0
256302,256302,256303,1,0
256302,256302,256303,1,0
256302,256302,256303,1,0
256302,256302,256303,1,0
256302,256302,256303,1,0
256302,256302,256303,1,0
256302,256302,256303,1,0
256302,256302,256303,1,0
256302,256302,256303,1,0
256302,256302,256303,1,0
256302,256302,256303,1,0
256302,256302,256303,1,0
256302,256302,256304,2,0
256302,256302,256303,1,0
256302,256302,256304,2,0
256302,256302,256303,1,0
256302,256302,256303,1,0
256302,256302,256303,1,0
256302,256302,256303,1,0
256302,256302,256304,2,0
256302,256302,256304,2,0
256302,256302,256303,1,0
256302,256302,256303,1,0
256302,256302,256304,2,0
256302,256302,256303,1,0
256302,256302,256304,2,0
256302,256302,256304,2,0
256302,256302,256303,1,0
256302,256302,256304,2,0
256302,256302,256305,3,0
256302,256302,256304,2,0
256319,256320,256321,1,1
256319,256320,256321,1,1
256319,256320,256321,1,1
256319,256320,256321,1,1
256319,256320,256321,1,1
256319,256320,256321,1,1
256319,256320,256321,1,1
256319,256320,256321,1,1
256319,256320,256321,1,1
256319,256320,256321,1,1
256319,256320,256321,1,1
256319,256320,256321,1,1
256319,256320,256321,1,1
256319,256320,256321,1,1
256319,256320,256321,1,1
256319,256320,256321,1,1
256319,256320,256321,1,1
256319,256320,256321,1,1
256319,256320,256321,1,1
256319,256320,256321,1,1
256319,256320,256321,1,1
256319,256320,256321,1,1
256319,256320,256322,2,1
256302,256302,256360,58,0
256361,256361,256362,1,0
256361,256361,256362,1,0
256361,256361,256362,1,0
256361,256361,256362,1,0
256361,256361,256362,1,0
256361,256361,256362,1,0
256361,256361,256362,1,0
256361,256361,256362,1,0
256361,256361,256362,1,0
256361,256361,256362,1,0
256361,256361,256362,1,0
256361,256361,256362,1,0
256361,256361,256362,1,0
256361,256361,256362,1,0
256361,256361,256362,1,0
256361,256361,256363,2,0
256361,256361,256363,2,0
256361,256361,256363,2,0
256361,256361,256363,2,0
256361,256361,256363,2,0
256361,256361,256363,2,0
256361,256361,256363,2,0
256361,256361,256362,1,0
256361,256361,256363,2,0
256361,256361,256363,2,0
256361,256361,256362,1,0
256361,256361,256362,1,0
256361,256361,256363,2,0
256361,256361,256362,1,0
256361,256361,256363,2,0
256361,256361,256362,1,0
256361,256361,256363,2,0
256361,256361,256363,2,0
256361,256361,256363,2,0
256320,256320,256369,49,0
256382,256383,256384,1,1
256382,256383,256384,1,1
256382,256383,256384,1,1
256382,256383,256384,1,1
256382,256383,256384,1,1
256382,256383,256384,1,1
256382,256383,256384,1,1
256382,256383,256384,1,1
256382,256383,256384,1,1
256382,256383,256384,1,1
256382,256383,256384,1,1
256382,256383,256384,1,1
256382,256383,256384,1,1
256382,256383,256384,1,1
256382,256383,256384,1,1
256382,256383,256384,1,1
256382,256383,256384,1,1
256382,256383,256384,1,1
256382,256383,256384,1,1
256382,256383,256384,1,1
256382,256383,256384,1,1
256359,256359,256404,45,0
256356,256356,256404,48,0
256405,256406,256407,1,1
256405,256406,256407,1,1
256405,256405,256406,1,0
256405,256406,256407,1,1
256405,256406,256407,1,1
256405,256406,256407,1,1
256405,256406,256407,1,1
256405,256406,256407,1,1
256405,256406,256407,1,1
256405,256406,256407,1,1
256405,256406,256407,1,1
256405,256406,256407,1,1
256407,256407,256408,1,0
256405,256406,256407,1,1
256405,256406,256407,1,1
256405,256406,256407,1,1
256405,256406,256407,1,1
256407,256407,256408,1,0
256405,256406,256407,1,1
256405,256406,256407,1,1
256407,256407,256408,1,0
256407,256407,256408,1,0
256405,256406,256407,1,1
256405,256406,256407,1,1
256407,256407,256408,1,0
256405,256406,256407,1,1
256405,256406,256408,2,1
256407,256407,256408,1,0
256407,256407,256408,1,0
256407,256407,256408,1,0
256407,256407,256408,1,0
256407,256407,256408,1,0
256407,256407,256408,1,0
256407,256407,256408,1,0
256407,256407,256408,1,0
256407,256407,256408,1,0
256407,256407,256408,1,0
256407,256407,256408,1,0
256407,256407,256408,1,0
256407,256407,256408,1,0
256407,256407,256408,1,0
256407,256407,256408,1,0
256407,256407,256408,1,0
256407,256407,256408,1,0
256407,256407,256408,1,0
256407,256407,256408,1,0
256407,256407,256408,1,0
256407,256407,256408,1,0
256407,256407,256408,1,0
256363,256363,256411,48,0
256357,256357,256412,55,0
256362,256362,256412,50,0
256427,256428,256429,1,1
256428,256428,256429,1,0
256427,256428,256429,1,1
256428,256428,256429,1,0
256427,256428,256429,1,1
256427,256428,256429,1,1
256428,256428,256429,1,0
256427,256428,256429,1,1
256427,256428,256429,1,1
256427,256428,256429,1,1
256427,256428,256429,1,1
256428,256428,256429,1,0
256428,256428,256429,1,0
256428,256428,256429,1,0
256428,256428,256429,1,0
256427,256428,256429,1,1
256427,256428,256429,1,1
256428,256428,256429,1,0
256383,256383,256429,46,0
256427,256428,256429,1,1
256427,256428,256429,1,1
256428,256428,256429,1,0
256428,256428,256430,2,0
256427,256428,256429,1,1
256428,256428,256429,1,0
256428,256428,256429,1,0
256428,256428,256430,2,0
256428,256428,256429,1,0
256427,256428,256429,1,1
256427,256428,256429,1,1
256428,256428,256430,2,0
256428,256428,256430,2,0
256427,256428,256429,1,1
256428,256428,256430,2,0
256428,256428,256430,2,0
256427,256428,256430,2,1
256428,256428,256429,1,0
256428,256428,256429,1,0
256428,256428,256430,2,0
256428,256428,256429,1,0
256427,256428,256429,1,1
256428,256428,256430,2,0
256428,256428,256430,2,0
256427,256428,256429,1,1
256427,256428,256429,1,1
256428,256428,256430,2,0
256428,256428,256430,2,0
256427,256428,256429,1,1
256427,256428,256429,1,1
256428,256428,256429,1,0
256428,256428,256430,2,0
256428,256428,256429,1,0
256427,256428,256429,1,1
256427,256428,256429,1,1
256428,256428,256429,1,0
256428,256428,256430,2,0
256428,256428,256429,1,0
256427,256428,256429,1,1
256428,256428,256430,2,0
256428,256428,256429,1,0
256385,256385,256434,49,0
256406,256406,256451,45,0
256409,256409,256459,50,0
256464,256464,256465,1,0
256464,256464,256465,1,0
256464,256464,256465,1,0
256464,256464,256465,1,0
256464,256464,256465,1,0
256464,256464,256465,1,0
256464,256464,256465,1,0
256464,256464,256465,1,0
256464,256464,256465,1,0
256464,256464,256465,1,0
256464,256464,256465,1,0
256464,256464,256465,1,0
256464,256464,256465,1,0
256464,256464,256465,1,0
256464,256464,256465,1,0
256464,256464,256465,1,0
256464,256464,256465,1,0
256464,256464,256465,1,0
256464,256464,256465,1,0
256464,256464,256465,1,0
256464,256464,256465,1,0
256464,256464,256465,1,0
256464,256464,256465,1,0
256464,256464,256465,1,0
256464,256464,256465,1,0
256464,256464,256465,1,0
256464,256464,256465,1,0
256464,256464,256465,1,0
256464,256464,256465,1,0
256464,256464,256465,1,0
256464,256464,256465,1,0
256464,256464,256465,1,0
256464,256464,256466,2,0
256464,256464,256466,2,0
256464,256464,256466,2,0
256464,256464,256466,2,0
256464,256464,256466,2,0
256464,256464,256466,2,0
256464,256464,256466,2,0
256464,256465,256466,1,1
256464,256464,256466,2,0
256464,256464,256466,2,0
256464,256464,256466,2,0
256464,256464,256466,2,0
256464,256464,256466,2,0
256464,256465,256466,1,1
256464,256464,256466,2,0
256464,256464,256466,2,0
256464,256464,256466,2,0
256464,256464,256466,2,0
256464,256465,256466,1,1
256464,256464,256466,2,0
256464,256464,256466,2,0
256464,256464,256466,2,0
256464,256464,256466,2,0
256464,256464,256466,2,0
256464,256464,256466,2,0
256464,256464,256466,2,0
256464,256464,256466,2,0
256464,256466,256467,1,2
256464,256464,256466,2,0
256464,256464,256466,2,0
256464,256464,256466,2,0
256464,256464,256466,2,0
256464,256464,256466,2,0
256464,256464,256466,2,0
256464,256464,256466,2,0
256464,256465,256466,1,1
256464,256464,256466,2,0
256464,256464,256466,2,0
256464,256464,256466,2,0
256464,256464,256466,2,0
256464,256464,256466,2,0
256464,256464,256466,2,0
256464,256466,256467,1,2
256464,256464,256466,2,0
256464,256464,256466,2,0
256464,256464,256466,2,0
256464,256464,256466,2,0
256464,256464,256466,2,0
256464,256464,256466,2,0
256464,256466,256467,1,2
256464,256466,256467,1,2
256464,256466,256467,1,2
256464,256466,256467,1,2
256464,256466,256467,1,2
256464,256466,256467,1,2
256464,256466,256468,2,2
256464,256466,256467,1,2
256464,256466,256468,2,2
256464,256466,256467,1,2
256464,256466,256467,1,2
256464,256466,256468,2,2
256464,256466,256467,1,2
256464,256466,256467,1,2
256464,256466,256467,1,2
256464,256466,256468,2,2
256464,256466,256467,1,2
256464,256466,256467,1,2
256464,256466,256468,2,2
256464,256466,256468,2,2
256499,256499,256500,1,0
256499,256499,256500,1,0
256499,256499,256500,1,0
256499,256499,256500,1,0
256499,256499,256500,1,0
256499,256499,256500,1,0
256499,256499,256500,1,0
256499,256499,256500,1,0
256499,256499,256500,1,0
256499,256499,256500,1,0
256499,256499,256500,1,0
256499,256499,256500,1,0
256499,256499,256500,1,0
256499,256499,256501,2,0
256499,256499,256501,2,0
256499,256499,256501,2,0
256499,256499,256500,1,0
256499,256499,256501,2,0
256499,256499,256501,2,0
256499,256499,256501,2,0
256499,256499,256501,2,0
256499,256499,256501,2,0
256499,256499,256501,2,0
256499,256499,256501,2,0
256499,256499,256501,2,0
256499,256499,256501,2,0
256499,256499,256501,2,0
256499,256499,256501,2,0
256499,256499,256501,2,0
256499,256499,256501,2,0
256499,256499,256501,2,0
256499,256499,256501,2,0
256499,256499,256501,2,0
256499,256499,256500,1,0
256465,256466,256515,49,1
256533,256533,256534,1,0
256533,256533,256534,1,0
256533,256533,256534,1,0
256533,256533,256534,1,0
256533,256533,256534,1,0
256533,256533,256534,1,0
256533,256533,256534,1,0
256533,256533,256534,1,0
256533,256533,256534,1,0
256533,256533,256534,1,0
256533,256533,256534,1,0
256533,256533,256535,2,0
256533,256533,256535,2,0
256533,256533,256535,2,0
256533,256533,256535,2,0
256533,256533,256535,2,0
256533,256533,256535,2,0
256533,256533,256535,2,0
256533,256533,256534,1,0
256533,256533,256535,2,0
256533,256533,256535,2,0
256533,256533,256535,2,0
256533,256533,256535,2,0
256533,256533,256535,2,0
256533,256533,256535,2,0
256533,256533,256535,2,0
256533,256533,256534,1,0
256533,256533,256535,2,0
256533,256533,256535,2,0
256533,256533,256535,2,0
256533,256533,256535,2,0
256533,256533,256536,3,0
256533,256533,256535,2,0
256533,256533,256536,3,0
256551,256551,256552,1,0
256551,256551,256552,1,0
256551,256551,256552,1,0
256551,256551,256552,1,0
256551,256551,256552,1,0
256551,256551,256552,1,0
256551,256551,256552,1,0
256551,256551,256552,1,0
256551,256551,256552,1,0
256551,256551,256552,1,0
256551,256551,256553,2,0
256551,256551,256553,2,0
256551,256551,256553,2,0
256551,256551,256553,2,0
256551,256551,256553,2,0
256551,256551,256553,2,0
256551,256551,256553,2,0
256551,256551,256553,2,0
256551,256551,256553,2,0
256551,256551,256553,2,0
256551,256551,256553,2,0
256551,256551,256553,2,0
256551,256551,256553,2,0
256551,256551,256553,2,0
256551,256551,256553,2,0
256551,256551,256553,2,0
256551,256551,256552,1,0
256551,256551,256553,2,0
256551,256551,256553,2,0
256551,256551,256553,2,0
256551,256551,256553,2,0
256551,256551,256553,2,0
256551,256551,256553,2,0
256551,256551,256553,2,0
256534,256534,256581,47,0
256588,256588,256589,1,0
256588,256588,256589,1,0
256588,256588,256589,1,0
256588,256588,256589,1,0
256588,256588,256589,1,0
256588,256588,256589,1,0
256588,256588,256589,1,0
256588,256588,256589,1,0
256588,256588,256589,1,0
256588,256588,256589,1,0
256588,256588,256590,2,0
256588,256588,256590,2,0
256588,256588,256590,2,0
256588,256588,256590,2,0
256588,256588,256590,2,0
256588,256588,256590,2,0
256588,256588,256590,2,0
256588,256588,256590,2,0
256588,256588,256590,2,0
256588,256588,256590,2,0
256588,256588,256590,2,0
256588,256588,256590,2,0
256588,256588,256590,2,0
256588,256588,256590,2,0
256588,256588,256590,2,0
256588,256588,256590,2,0
256588,256588,256590,2,0
256588,256588,256590,2,0
256588,256588,256590,2,0
256588,256588,256590,2,0
256588,256588,256590,2,0
256588,256588,256590,2,0
256588,256588,256590,2,0
256588,256588,256590,2,0
256570,256570,256617,47,0
256619,256619,256620,1,0
256619,256619,256620,1,0
256619,256619,256620,1,0
256619,256619,256620,1,0
256619,256619,256620,1,0
256619,256619,256620,1,0
256619,256619,256620,1,0
256619,256619,256620,1,0
256619,256619,256620,1,0
256619,256619,256620,1,0
256619,256619,256620,1,0
256619,256619,256620,1,0
256619,256619,256621,2,0
256619,256619,256620,1,0
256619,256619,256620,1,0
256619,256619,256620,1,0
256619,256619,256620,1,0
256619,256619,256620,1,0
256619,256619,256620,1,0
256619,256619,256620,1,0
256619,256619,256620,1,0
256619,256619,256620,1,0
256619,256619,256620,1,0
256590,256590,256649,59,0
256651,256651,256652,1,0
256651,256651,256652,1,0
256651,256651,256652,1,0
256651,256651,256652,1,0
256651,256651,256652,1,0
256651,256651,256652,1,0
256651,256651,256652,1,0
256651,256651,256652,1,0
256651,256651,256652,1,0
256651,256651,256652,1,0
256651,256651,256652,1,0
256651,256651,256652,1,0
256651,256651,256652,1,0
256651,256651,256652,1,0
256651,256651,256652,1,0
256651,256651,256652,1,0
256651,256651,256652,1,0
256651,256651,256652,1,0
256651,256651,256652,1,0
256651,256651,256652,1,0
256651,256651,256652,1,0
256651,256651,256652,1,0
256651,256651,256652,1,0
256651,256651,256652,1,0
256651,256651,256652,1,0
256651,256651,256652,1,0
256651,256651,256652,1,0
256651,256651,256652,1,0
256611,256611,256657,46,0
256612,256612,256657,45,0
256615,256616,256661,45,1
256618,256618,256662,44,0
256614,256614,256664,50,0
256609,256609,256665,56,0
256620,256621,256666,45,1
256671,256672,256673,1,1
256671,256672,256673,1,1
256672,256672,256673,1,0
256671,256672,256673,1,1
256672,256672,256673,1,0
256671,256672,256673,1,1
256671,256672,256673,1,1
256672,256672,256673,1,0
256671,256672,256673,1,1
256672,256672,256673,1,0
256672,256672,256673,1,0
256671,256672,256673,1,1
256672,256672,256673,1,0
256671,256672,256673,1,1
256672,256672,256673,1,0
256672,256672,256673,1,0
256671,256672,256673,1,1
256671,256672,256673,1,1
256672,256672,256673,1,0
256672,256672,256673,1,0
256671,256672,256673,1,1
256671,256672,256673,1,1
256671,256672,256673,1,1
256672,256672,256673,1,0
256672,256672,256673,1,0
256671,256672,256673,1,1
256672,256672,256673,1,0
256672,256672,256673,1,0
256671,256672,256673,1,1
256672,256672,256673,1,0
256672,256672,256673,1,0
256672,256672,256673,1,0
256671,256672,256673,1,1
256671,256672,256673,1,1
256672,256672,256673,1,0
256672,256673,256674,1,1
256672,256673,256674,1,1
256671,256672,256673,1,1
256672,256672,256673,1,0
256672,256673,256674,1,1
256672,256673,256674,1,1
256672,256672,256673,1,0
256672,256672,256673,1,0
256672,256672,256673,1,0
256672,256673,256674,1,1
256672,256673,256674,1,1
256672,256673,256674,1,1
256671,256672,256673,1,1
256672,256672,256673,1,0
256672,256672,256673,1,0
256672,256672,256673,1,0
256672,256673,256674,1,1
256672,256673,256674,1,1
256671,256672,256673,1,1
256672,256672,256673,1,0
256672,256672,256673,1,0
256672,256673,256674,1,1
256671,256672,256673,1,1
256672,256672,256673,1,0
256672,256672,256673,1,0
256672,256673,256674,1,1
256672,256673,256674,1,1
256671,256672,256673,1,1
256672,256672,256673,1,0
256672,256672,256673,1,0
256672,256672,256673,1,0
256672,256673,256674,1,1
256672,256673,256674,1,1
256671,256672,256673,1,1
256672,256672,256673,1,0
256672,256672,256674,2,0
256672,256672,256673,1,0
256672,256673,256674,1,1
256672,256673,256674,1,1
256672,256673,256674,1,1
256671,256672,256673,1,1
256672,256672,256673,1,0
256672,256672,256673,1,0
256672,256672,256673,1,0
256672,256673,256674,1,1
256672,256673,256674,1,1
256672,256673,256674,1,1
256672,256672,256673,1,0
256672,256672,256673,1,0
256672,256673,256674,1,1
256672,256673,256674,1,1
256672,256673,256674,1,1
256672,256673,256674,1,1
256672,256673,256674,1,1
256672,256673,256674,1,1
256672,256673,256674,1,1
256672,256673,256674,1,1
256672,256673,256674,1,1
256672,256673,256674,1,1
256672,256673,256674,1,1
256672,256673,256675,2,1
256672,256673,256674,1,1
256672,256673,256674,1,1
256672,256674,256675,1,2
256672,256673,256674,1,1
256672,256674,256675,1,2
256672,256674,256675,1,2
256672,256674,256675,1,2
256672,256674,256675,1,2
256672,256673,256675,2,1
256673,256675,256676,1,2
256672,256673,256675,2,1
256672,256673,256675,2,1
256672,256673,256675,2,1
256672,256674,256675,1,2
256672,256674,256675,1,2
256672,256675,256676,1,3
256673,256675,256676,1,2
256672,256673,256675,2,1
256672,256673,256675,2,1
256674,256675,256676,1,1
256674,256675,256676,1,1
256674,256675,256676,1,1
256674,256675,256676,1,1
256672,256674,256676,2,2
256672,256674,256676,2,2
256672,256674,256676,2,2
256672,256674,256676,2,2
256672,256674,256675,1,2
256672,256674,256676,2,2
256672,256674,256676,2,2
256672,256674,256676,2,2
256672,256674,256676,2,2
256674,256675,256676,1,1
256674,256675,256676,1,1
256672,256674,256676,2,2
256672,256674,256676,2,2
256674,256676,256677,1,2
256672,256675,256676,1,3
256673,256675,256676,1,2
256673,256675,256676,1,2
256673,256675,256676,1,2
256673,256675,256677,2,2
256673,256675,256676,1,2
256673,256675,256677,2,2
256673,256675,256676,1,2
256673,256675,256676,1,2
256673,256675,256676,1,2
256673,256675,256676,1,2
256673,256675,256676,1,2
256674,256675,256676,1,1
256674,256675,256676,1,1
256673,256675,256676,1,2
256673,256675,256676,1,2
256673,256675,256676,1,2
256673,256675,256676,1,2
256674,256675,256676,1,1
256673,256675,256676,1,2
256673,256675,256676,1,2
256673,256675,256676,1,2
256674,256675,256676,1,1
256673,256675,256677,2,2
256673,256675,256676,1,2
256673,256675,256676,1,2
256674,256675,256676,1,1
256673,256675,256676,1,2
256673,256675,256677,2,2
256673,256675,256676,1,2
256674,256675,256676,1,1
256674,256675,256676,1,1
256674,256676,256677,1,2
256674,256676,256677,1,2
256674,256676,256677,1,2
256674,256676,256677,1,2
256674,256676,256677,1,2
256674,256676,256677,1,2
256674,256676,256677,1,2
256674,256676,256677,1,2
256674,256676,256677,1,2
256674,256676,256677,1,2
256674,256676,256677,1,2
256674,256676,256677,1,2
256674,256676,256677,1,2
256674,256676,256677,1,2
256674,256676,256677,1,2
256674,256676,256677,1,2
256674,256676,256677,1,2
256673,256675,256677,2,2
256674,256676,256677,1,2
256674,256676,256677,1,2
256674,256676,256677,1,2
256622,256622,256679,57,0
256643,256643,256692,49,0
256641,256641,256697,56,0
256646,256646,256701,55,0
256649,256649,256701,52,0
256651,256652,256716,64,1
256672,256675,256721,46,3
256727,256727,256728,1,0
256727,256727,256728,1,0
256727,256727,256728,1,0
256727,256727,256728,1,0
256727,256727,256728,1,0
256727,256727,256728,1,0
256727,256727,256728,1,0
256727,256727,256728,1,0
256727,256727,256728,1,0
256727,256727,256728,1,0
256727,256727,256728,1,0
256727,256727,256728,1,0
256727,256727,256728,1,0
256727,256727,256728,1,0
256727,256727,256728,1,0
256727,256727,256728,1,0
256727,256727,256728,1,0
256727,256727,256728,1,0
256727,256727,256728,1,0
256727,256727,256728,1,0
256727,256727,256728,1,0
256727,256727,256728,1,0
256727,256727,256728,1,0
256727,256727,256728,1,0
256727,256727,256728,1,0
256727,256727,256728,1,0
256727,256727,256728,1,0
256727,256727,256728,1,0
256727,256727,256728,1,0
256727,256727,256728,1,0
256727,256727,256728,1,0
256727,256727,256728,1,0
256727,256727,256728,1,0
256727,256727,256728,1,0
256727,256727,256728,1,0
256727,256727,256728,1,0
256727,256727,256728,1,0
256727,256727,256728,1,0
256727,256727,256728,1,0
256727,256727,256728,1,0
256727,256727,256728,1,0
256727,256727,256728,1,0
256727,256727,256729,2,0
256727,256727,256728,1,0
256727,256728,256729,1,1
256727,256727,256728,1,0
256727,256727,256728,1,0
256727,256727,256729,2,0
256727,256727,256729,2,0
256727,256728,256729,1,1
256727,256727,256728,1,0
256727,256727,256728,1,0
256727,256727,256729,2,0
256727,256727,256728,1,0
256727,256728,256729,1,1
256727,256728,256729,1,1
256727,256727,256728,1,0
256727,256727,256729,2,0
256727,256727,256728,1,0
256727,256728,256729,1,1
256727,256727,256728,1,0
256727,256727,256728,1,0
256727,256727,256729,2,0
256727,256727,256728,1,0
256727,256728,256729,1,1
256727,256728,256729,1,1
256727,256727,256729,2,0
256727,256727,256728,1,0
256727,256728,256729,1,1
256727,256728,256729,1,1
256727,256727,256728,1,0
256727,256727,256729,2,0
256727,256727,256728,1,0
256727,256727,256729,2,0
256727,256727,256728,1,0
256727,256728,256729,1,1
256727,256727,256729,2,0
256727,256727,256729,2,0
256727,256728,256729,1,1
256727,256728,256729,1,1
256727,256728,256729,1,1
256727,256727,256729,2,0
256727,256727,256728,1,0
256727,256728,256729,1,1
256727,256728,256730,2,1
256727,256728,256730,2,1
256727,256728,256730,2,1
256727,256728,256730,2,1
256727,256728,256730,2,1
256727,256728,256730,2,1
256727,256728,256730,2,1
256727,256728,256730,2,1
256727,256728,256730,2,1
256727,256728,256730,2,1
256727,256728,256730,2,1
256727,256728,256730,2,1
256727,256728,256730,2,1
256727,256728,256730,2,1
256727,256728,256730,2,1
256727,256728,256730,2,1
256727,256728,256730,2,1
256727,256728,256730,2,1
256727,256728,256730,2,1
256727,256728,256730,2,1
256727,256728,256730,2,1
256727,256728,256730,2,1
256727,256728,256730,2,1
256727,256728,256730,2,1
256727,256728,256730,2,1
256727,256728,256730,2,1
256727,256728,256730,2,1
256727,256728,256730,2,1
256727,256728,256730,2,1
256727,256728,256730,2,1
256727,256728,256730,2,1
256727,256728,256730,2,1
256727,256730,256731,1,3
256727,256730,256731,1,3
256727,256730,256731,1,3
256727,256728,256731,3,1
256727,256730,256731,1,3
256727,256728,256731,3,1
256727,256730,256731,1,3
256727,256728,256731,3,1
256727,256730,256731,1,3
256727,256730,256731,1,3
256727,256730,256788,58,3
256792,256792,256793,1,0
256793,256793,256794,1,0
256792,256792,256793,1,0
256793,256793,256794,1,0
256792,256792,256793,1,0
256792,256792,256793,1,0
256792,256792,256794,2,0
256792,256793,256794,1,1
256792,256792,256793,1,0
256792,256792,256794,2,0
256792,256792,256794,2,0
256792,256793,256794,1,1
256793,256793,256794,1,0
256793,256793,256794,1,0
256792,256792,256793,1,0
256793,256793,256794,1,0
256793,256793,256794,1,0
256792,256792,256793,1,0
256793,256793,256794,1,0
256793,256793,256794,1,0
256793,256793,256794,1,0
256792,256792,256794,2,0
256792,256793,256794,1,1
256793,256793,256794,1,0
256793,256793,256794,1,0
256793,256793,256794,1,0
256792,256792,256793,1,0
256792,256792,256794,2,0
256792,256792,256794,2,0
256793,256793,256794,1,0
256793,256793,256794,1,0
256793,256793,256794,1,0
256792,256792,256793,1,0
256792,256793,256794,1,1
256793,256793,256794,1,0
256793,256793,256794,1,0
256793,256793,256794,1,0
256792,256792,256794,2,0
256792,256793,256794,1,1
256793,256793,256794,1,0
256793,256793,256794,1,0
256793,256793,256794,1,0
256792,256793,256794,1,1
256792,256793,256794,1,1
256792,256793,256794,1,1
256793,256793,256795,2,0
256793,256793,256794,1,0
256793,256794,256795,1,1
256792,256792,256794,2,0
256792,256793,256794,1,1
256793,256793,256794,1,0
256793,256793,256795,2,0
256793,256793,256794,1,0
256792,256792,256794,2,0
256793,256793,256795,2,0
256793,256793,256794,1,0
256792,256792,256794,2,0
256792,256793,256794,1,1
256793,256793,256795,2,0
256793,256793,256795,2,0
256793,256793,256795,2,0
256793,256793,256795,2,0
256792,256793,256794,1,1
256792,256793,256794,1,1
256793,256793,256794,1,0
256793,256793,256794,1,0
256793,256793,256794,1,0
256793,256793,256794,1,0
256793,256793,256794,1,0
256793,256793,256794,1,0
256793,256793,256794,1,0
256793,256793,256794,1,0
256793,256793,256794,1,0
256792,256792,256794,2,0
256793,256793,256795,2,0
256793,256793,256794,1,0
256793,256794,256796,2,1
256793,256794,256795,1,1
256793,256794,256795,1,1
256793,256794,256795,1,1
256793,256794,256796,2,1
256793,256794,256796,2,1
256793,256794,256796,2,1
256793,256794,256796,2,1
256793,256794,256795,1,1
256793,256794,256796,2,1
256793,256794,256795,1,1
256793,256794,256796,2,1
256793,256794,256796,2,1
256793,256794,256795,1,1
256793,256794,256796,2,1
256793,256794,256795,1,1
256793,256794,256796,2,1
256793,256794,256795,1,1
256793,256794,256795,1,1
256793,256794,256796,2,1
256793,256794,256796,2,1
256793,256794,256842,48,1
256843,256844,256845,1,1
256843,256844,256845,1,1
256843,256843,256844,1,0
256843,256843,256845,2,0
256843,256843,256844,1,0
256843,256843,256844,1,0
256843,256844,256845,1,1
256843,256843,256844,1,0
256843,256843,256845,2,0
256843,256844,256845,1,1
256843,256843,256844,1,0
256843,256843,256845,2,0
256843,256843,256845,2,0
256843,256844,256845,1,1
256843,256843,256844,1,0
256843,256843,256844,1,0
256843,256844,256845,1,1
256843,256843,256844,1,0
256843,256843,256844,1,0
256843,256843,256845,2,0
256843,256843,256844,1,0
256843,256844,256845,1,1
256843,256844,256845,1,1
256843,256843,256844,1,0
256843,256843,256845,2,0
256843,256844,256845,1,1
256843,256844,256845,1,1
256843,256843,256844,1,0
256843,256844,256845,1,1
256843,256844,256845,1,1
256843,256843,256845,2,0
256843,256843,256845,2,0
256843,256844,256845,1,1
256843,256844,256845,1,1
256843,256843,256845,2,0
256843,256844,256845,1,1
256843,256844,256845,1,1
256843,256843,256845,2,0
256843,256843,256845,2,0
256843,256844,256846,2,1
256843,256843,256845,2,0
256843,256843,256845,2,0
256843,256844,256845,1,1
256843,256844,256845,1,1
256843,256843,256845,2,0
256843,256844,256845,1,1
256843,256844,256845,1,1
256843,256843,256845,2,0
256843,256843,256845,2,0
256843,256844,256845,1,1
256843,256844,256846,2,1
256843,256843,256845,2,0
256843,256844,256845,1,1
256843,256844,256845,1,1
256843,256843,256845,2,0
256843,256843,256846,3,0
256843,256844,256845,1,1
256843,256844,256845,1,1
256843,256843,256845,2,0
256843,256843,256845,2,0
256843,256844,256845,1,1
256843,256844,256845,1,1
256843,256843,256845,2,0
256843,256844,256845,1,1
256843,256844,256845,1,1
256892,256892,256893,1,0
256892,256892,256893,1,0
256892,256892,256893,1,0
256892,256892,256893,1,0
256892,256892,256893,1,0
256892,256892,256894,2,0
256892,256892,256893,1,0
256892,256892,256893,1,0
256892,256892,256893,1,0
256892,256892,256893,1,0
256892,256892,256893,1,0
256892,256892,256894,2,0
256892,256892,256893,1,0
256892,256892,256894,2,0
256892,256892,256893,1,0
256892,256892,256894,2,0
256892,256892,256893,1,0
256892,256892,256893,1,0
256892,256892,256893,1,0
256892,256892,256893,1,0
256892,256892,256894,2,0
256892,256892,256938,46,0
256944,256944,256945,1,0
256944,256944,256945,1,0
256944,256944,256945,1,0
256944,256944,256945,1,0
256944,256944,256945,1,0
256944,256944,256945,1,0
256944,256944,256945,1,0
256944,256944,256945,1,0
256944,256944,256945,1,0
256944,256944,256945,1,0
256944,256944,256945,1,0
256944,256944,256945,1,0
256944,256944,256945,1,0
256944,256944,256945,1,0
256944,256944,256945,1,0
256944,256944,256946,2,0
256944,256944,256945,1,0
256944,256944,256945,1,0
256944,256944,256945,1,0
256944,256944,256945,1,0
256944,256944,256945,1,0
256944,256944,256945,1,0
256944,256944,256945,1,0
256944,256944,256945,1,0
256944,256944,256945,1,0
256944,256944,256945,1,0
256944,256944,256946,2,0
256944,256944,256945,1,0
256944,256944,256945,1,0
256944,256944,256945,1,0
256944,256944,256945,1,0
256944,256944,256994,50,0
256996,256996,256997,1,0
256996,256996,256997,1,0
256996,256996,256997,1,0
256996,256996,256997,1,0
256996,256996,256997,1,0
256996,256996,256997,1,0
256996,256996,256997,1,0
256996,256996,256997,1,0
256996,256996,256997,1,0
256996,256996,256997,1,0
256996,256996,256997,1,0
256996,256996,256997,1,0
256996,256996,256997,1,0
256996,256996,256997,1,0
256996,256996,256997,1,0
256996,256996,256997,1,0
256996,256996,256997,1,0
256996,256996,256997,1,0
256996,256996,256997,1,0
256996,256996,256997,1,0
256996,256996,256997,1,0
256996,256996,256997,1,0
256996,256996,257000,4,0
256996,256996,257001,5,0
256996,256996,257002,6,0
256996,256996,257004,8,0
256946,256946,257010,64,0
256970,256970,257019,49,0
256967,256967,257020,53,0
257024,257024,257025,1,0
257024,257024,257025,1,0
257024,257024,257026,2,0
257024,257024,257025,1,0
257024,257024,257025,1,0
257024,257024,257025,1,0
257024,257025,257026,1,1
257024,257024,257025,1,0
257024,257024,257025,1,0
257024,257024,257025,1,0
257024,257025,257026,1,1
257024,257024,257025,1,0
257024,257024,257025,1,0
257024,257024,257025,1,0
257024,257024,257025,1,0
257024,257024,257025,1,0
257024,257024,257026,2,0
257024,257024,257025,1,0
257024,257024,257025,1,0
257024,257024,257025,1,0
257024,257024,257025,1,0
257024,257024,257026,2,0
256969,256969,257026,57,0
256972,256972,257026,54,0
257024,257024,257026,2,0
257024,257025,257026,1,1
257024,257024,257026,2,0
257024,257025,257026,1,1
257024,257025,257026,1,1
257024,257024,257026,2,0
257024,257025,257026,1,1
257024,257024,257026,2,0
257024,257025,257026,1,1
257024,257025,257026,1,1
257024,257025,257026,1,1
257024,257024,257026,2,0
257024,257025,257026,1,1
257024,257025,257026,1,1
257024,257025,257026,1,1
257024,257024,257026,2,0
257024,257024,257026,2,0
257024,257025,257026,1,1
257024,257025,257026,1,1
257024,257025,257026,1,1
257024,257024,257026,2,0
257024,257025,257026,1,1
257024,257025,257026,1,1
257024,257025,257026,1,1
257024,257026,257027,1,2
257026,257027,257028,1,1
257024,257026,257027,1,2
257024,257026,257027,1,2
257024,257026,257027,1,2
257024,257026,257027,1,2
257026,257027,257028,1,1
257026,257027,257028,1,1
257027,257027,257028,1,0
257027,257027,257028,1,0
257027,257027,257028,1,0
257024,257025,257027,2,1
257026,257027,257028,1,1
257026,257027,257028,1,1
257026,257027,257028,1,1
257027,257027,257028,1,0
257027,257027,257028,1,0
257026,257027,257028,1,1
257027,257027,257028,1,0
257027,257027,257028,1,0
257027,257027,257028,1,0
257026,257027,257028,1,1
257026,257027,257028,1,1
257027,257027,257028,1,0
257027,257027,257028,1,0
257024,257025,257028,3,1
257024,257025,257028,3,1
257026,257027,257028,1,1
257026,257027,257028,1,1
257026,257027,257028,1,1
257027,257028,257029,1,1
257026,257027,257028,1,1
257026,257027,257028,1,1
257027,257028,257029,1,1
257027,257028,257029,1,1
257026,257027,257028,1,1
257027,257028,257029,1,1
257026,257027,257028,1,1
257027,257027,257029,2,0
257026,257027,257028,1,1
257026,257027,257028,1,1
257027,257027,257028,1,0
257026,257027,257028,1,1
257026,257027,257028,1,1
257027,257027,257028,1,0
257026,257027,257028,1,1
257026,257027,257028,1,1
257027,257027,257029,2,0
257026,257027,257028,1,1
257027,257027,257028,1,0
257024,257025,257029,4,1
257027,257028,257029,1,1
257027,257028,257029,1,1
257027,257028,257029,1,1
257027,257028,257029,1,1
257027,257028,257029,1,1
257027,257028,257029,1,1
257027,257028,257029,1,1
257027,257028,257030,2,1
256979,256979,257035,56,0
257024,257026,257035,9,2
257024,257026,257035,9,2
257027,257028,257035,7,1
257027,257028,257035,7,1
256980,256980,257035,55,0
256974,256974,257037,63,0
256986,256986,257045,59,0
256997,256997,257051,54,0
257000,257000,257053,53,0
257003,257003,257055,52,0
256977,256977,257057,80,0
257063,257063,257065,2,0
257063,257064,257065,1,1
257063,257063,257064,1,0
257063,257063,257065,2,0
257063,257063,257064,1,0
257063,257064,257065,1,1
257063,257063,257064,1,0
257063,257063,257065,2,0
257063,257063,257064,1,0
257063,257063,257064,1,0
257063,257063,257065,2,0
257063,257063,257064,1,0
257063,257063,257064,1,0
257063,257063,257065,2,0
257063,257063,257065,2,0
257063,257063,257064,1,0
257063,257063,257064,1,0
257063,257064,257065,1,1
257063,257064,257065,1,1
257063,257063,257064,1,0
257063,257063,257064,1,0
257063,257063,257065,2,0
257063,257064,257065,1,1
257063,257063,257064,1,0
257063,257063,257064,1,0
257063,257063,257065,2,0
257064,257064,257065,1,0
257063,257063,257065,2,0
257063,257063,257065,2,0
257063,257064,257065,1,1
257064,257064,257065,1,0
257064,257064,257065,1,0
257063,257064,257065,1,1
257063,257064,257065,1,1
257063,257064,257065,1,1
257063,257064,257065,1,1
257063,257063,257065,2,0
257063,257064,257065,1,1
257063,257063,257065,2,0
257063,257064,257065,1,1
257063,257064,257065,1,1
257063,257064,257065,1,1
257064,257065,257066,1,1
257064,257065,257066,1,1
257063,257063,257065,2,0
257063,257064,257065,1,1
257063,257064,257066,2,1
257063,257063,257065,2,0
257063,257064,257065,1,1
257063,257064,257066,2,1
257063,257064,257065,1,1
257064,257065,257066,1,1
257063,257063,257065,2,0
257063,257063,257065,2,0
257063,257064,257065,1,1
257063,257064,257065,1,1
257064,257065,257066,1,1
257064,257065,257066,1,1
257063,257064,257065,1,1
257063,257064,257065,1,1
257063,257064,257065,1,1
257064,257065,257066,1,1
257063,257063,257065,2,0
257063,257064,257065,1,1
257063,257064,257065,1,1
257064,257065,257066,1,1
257064,257065,257066,1,1
257063,257063,257065,2,0
257063,257064,257065,1,1
257063,257064,257065,1,1
257064,257065,257066,1,1
257064,257065,257066,1,1
257063,257064,257065,1,1
257063,257064,257065,1,1
257064,257065,257066,1,1
257064,257065,257066,1,1
257064,257065,257066,1,1
257064,257065,257066,1,1
257064,257066,257067,1,2
257064,257066,257067,1,2
257064,257065,257066,1,1
257064,257065,257066,1,1
257064,257065,257066,1,1
257064,257066,257067,1,2
257064,257065,257066,1,1
257064,257065,257066,1,1
257064,257065,257066,1,1
257064,257065,257066,1,1
257064,257065,257066,1,1
257064,257065,257067,2,1
257064,257066,257067,1,2
257064,257066,257067,1,2
257064,257065,257066,1,1
257064,257065,257067,2,1
257064,257065,257067,2,1
257064,257065,257066,1,1
257064,257066,257067,1,2
257064,257065,257066,1,1
257064,257065,257066,1,1
257064,257066,257067,1,2
257064,257066,257067,1,2
257064,257066,257067,1,2
257064,257065,257066,1,1
257064,257065,257066,1,1
257064,257065,257066,1,1
257064,257066,257067,1,2
257064,257066,257067,1,2
257064,257065,257066,1,1
257064,257065,257066,1,1
257064,257066,257067,1,2
257064,257066,257067,1,2
257064,257066,257067,1,2
257064,257066,257068,2,2
257064,257066,257067,1,2
257064,257066,257068,2,2
257064,257066,257067,1,2
257064,257066,257068,2,2
257064,257066,257068,2,2
257064,257066,257068,2,2
257064,257066,257068,2,2
257064,257066,257067,1,2
257064,257066,257067,1,2
257064,257067,257068,1,3
257064,257067,257068,1,3
257064,257066,257067,1,2
257064,257066,257068,2,2
257064,257066,257068,2,2
257064,257066,257068,2,2
257064,257066,257068,2,2
257064,257067,257068,1,3
257064,257067,257068,1,3
257064,257066,257068,2,2
257064,257066,257068,2,2
257064,257066,257068,2,2
257064,257066,257068,2,2
257064,257066,257067,1,2
257064,257067,257068,1,3
257064,257067,257068,1,3
257064,257067,257068,1,3
257064,257066,257067,1,2
257064,257066,257068,2,2
257064,257066,257068,2,2
257064,257067,257068,1,3
257064,257067,257068,1,3
257064,257066,257068,2,2
257064,257066,257068,2,2
257064,257066,257068,2,2
257064,257066,257067,1,2
257064,257066,257067,1,2
257064,257066,257068,2,2
257064,257066,257068,2,2
257064,257067,257068,1,3
257064,257066,257068,2,2
257064,257066,257068,2,2
257064,257066,257068,2,2
257064,257067,257068,1,3
257064,257067,257068,1,3
257064,257066,257067,1,2
257064,257066,257068,2,2
257064,257066,257068,2,2
257064,257067,257068,1,3
256978,256978,257068,90,0
257064,257067,257068,1,3
257064,257067,257068,1,3
257064,257067,257068,1,3
257064,257067,257068,1,3
256993,256993,257069,76,0
257064,257068,257069,1,4
257064,257068,257069,1,4
257064,257067,257069,2,3
257064,257067,257069,2,3
257064,257067,257069,2,3
257064,257067,257069,2,3
257064,257067,257069,2,3
257064,257067,257069,2,3
257064,257067,257069,2,3
257064,257067,257069,2,3
257064,257067,257069,2,3
257064,257067,257069,2,3
257064,257067,257069,2,3
257064,257067,257069,2,3
257064,257067,257069,2,3
257064,257067,257069,2,3
257064,257067,257069,2,3
257064,257067,257069,2,3
257064,257067,257069,2,3
257064,257068,257069,1,4
257064,257068,257069,1,4
257064,257068,257069,1,4
257064,257067,257070,3,3
256989,256989,257071,82,0
256983,256985,257076,91,2
257026,257026,257079,53,0
256984,256985,257082,97,1
256990,256990,257085,95,0
257028,257028,257088,60,0
257129,257130,257131,1,1
257130,257130,257131,1,0
257130,257130,257131,1,0
257130,257130,257131,1,0
257130,257130,257131,1,0
257129,257130,257131,1,1
257130,257130,257131,1,0
257130,257130,257131,1,0
257129,257130,257131,1,1
257130,257130,257131,1,0
257130,257130,257131,1,0
257129,257130,257131,1,1
257129,257130,257131,1,1
257130,257130,257131,1,0
257130,257130,257131,1,0
257129,257130,257131,1,1
257130,257130,257131,1,0
257130,257130,257131,1,0
257130,257130,257131,1,0
257129,257130,257131,1,1
257129,257130,257131,1,1
257130,257130,257131,1,0
257130,257130,257131,1,0
257130,257130,257131,1,0
257129,257130,257131,1,1
257130,257130,257131,1,0
257130,257130,257131,1,0
257130,257130,257131,1,0
257129,257130,257131,1,1
257129,257130,257131,1,1
257130,257130,257131,1,0
257130,257130,257131,1,0
257130,257130,257131,1,0
257129,257130,257131,1,1
257129,257130,257131,1,1
257130,257130,257131,1,0
257130,257130,257131,1,0
257130,257130,257131,1,0
257129,257130,257131,1,1
257129,257130,257131,1,1
257130,257130,257131,1,0
257130,257130,257132,2,0
257130,257131,257132,1,1
257129,257130,257131,1,1
257130,257130,257131,1,0
257130,257130,257132,2,0
257130,257130,257131,1,0
257130,257131,257132,1,1
257130,257131,257132,1,1
257129,257130,257131,1,1
257130,257130,257131,1,0
257130,257130,257131,1,0
257130,257130,257131,1,0
257130,257131,257132,1,1
257129,257130,257131,1,1
257130,257130,257131,1,0
257130,257130,257132,2,0
257130,257131,257132,1,1
257129,257130,257131,1,1
257130,257130,257131,1,0
257130,257130,257131,1,0
257130,257131,257132,1,1
257129,257130,257131,1,1
257130,257130,257132,2,0
257130,257130,257132,2,0
257130,257131,257132,1,1
257129,257130,257131,1,1
257130,257130,257132,2,0
257130,257130,257131,1,0
257130,257131,257132,1,1
257130,257130,257131,1,0
257130,257130,257131,1,0
257130,257130,257131,1,0
257130,257131,257132,1,1
257129,257130,257131,1,1
257130,257130,257131,1,0
257130,257130,257131,1,0
257130,257131,257132,1,1
257130,257131,257133,2,1
257130,257131,257133,2,1
257130,257131,257134,3,1
257130,257131,257133,2,1
257130,257131,257133,2,1
257130,257133,257134,1,3
257130,257133,257134,1,3
257130,257131,257133,2,1
257130,257131,257133,2,1
257130,257131,257133,2,1
257130,257131,257134,3,1
257130,257133,257134,1,3
257130,257131,257134,3,1
257130,257131,257133,2,1
257130,257131,257133,2,1
257130,257131,257134,3,1
257130,257133,257134,1,3
257130,257131,257133,2,1
257130,257131,257133,2,1
257130,257131,257133,2,1
257130,257133,257134,1,3
257130,257131,257133,2,1
257130,257131,257134,3,1
257130,257131,257133,2,1
257130,257131,257134,3,1
257130,257131,257133,2,1
257130,257131,257133,2,1
257130,257131,257133,2,1
257130,257131,257134,3,1
257130,257133,257134,1,3
257130,257131,257133,2,1
257130,257131,257133,2,1
257130,257131,257133,2,1
257130,257133,257134,1,3
257130,257133,257134,1,3
257130,257131,257133,2,1
257130,257131,257133,2,1
257130,257131,257133,2,1
257130,257131,257133,2,1
257130,257131,257133,2,1
257130,257131,257134,3,1
257130,257133,257134,1,3
257130,257131,257133,2,1
257130,257133,257134,1,3
257130,257133,257134,1,3
257130,257133,257134,1,3
257130,257133,257134,1,3
257130,257133,257134,1,3
257130,257133,257134,1,3
257130,257133,257135,2,3
257130,257133,257134,1,3
257130,257133,257134,1,3
257130,257133,257134,1,3
257130,257133,257134,1,3
257130,257131,257134,3,1
257130,257133,257134,1,3
257130,257133,257134,1,3
257130,257133,257134,1,3
257130,257133,257134,1,3
257130,257133,257134,1,3
257130,257133,257134,1,3
257130,257133,257134,1,3
257130,257133,257135,2,3
257130,257133,257134,1,3
257130,257134,257135,1,4
257130,257134,257135,1,4
257130,257133,257134,1,3
257130,257133,257134,1,3
257130,257133,257134,1,3
257130,257133,257134,1,3
257130,257134,257135,1,4
257130,257133,257134,1,3
257130,257133,257135,2,3
257130,257133,257134,1,3
257130,257133,257134,1,3
257130,257133,257134,1,3
257130,257134,257135,1,4
257130,257133,257134,1,3
257130,257133,257134,1,3
257130,257134,257135,1,4
257130,257134,257135,1,4
257130,257134,257135,1,4
257130,257134,257135,1,4
257130,257134,257135,1,4
257130,257134,257135,1,4
257130,257134,257136,2,4
257130,257134,257135,1,4
257130,257134,257135,1,4
257130,257134,257135,1,4
257130,257134,257135,1,4
257130,257134,257135,1,4
257130,257134,257135,1,4
257130,257134,257135,1,4
257130,257134,257135,1,4
257130,257134,257135,1,4
257130,257134,257135,1,4
257130,257134,257135,1,4
257130,257134,257135,1,4
257130,257134,257135,1,4
257130,257134,257135,1,4
257130,257134,257136,2,4
257130,257134,257135,1,4
257130,257134,257136,2,4
257130,257134,257135,1,4
257130,257134,257135,1,4
257130,257133,257142,9,3
257130,257133,257141,8,3
257130,257133,257141,8,3
257130,257133,257141,8,3
257130,257133,257142,9,3
257130,257134,257141,7,4
257130,257134,257142,8,4
257131,257134,257183,49,3
257213,257213,257214,1,0
257213,257213,257214,1,0
257213,257213,257214,1,0
257213,257213,257214,1,0
257214,257214,257215,1,0
257213,257213,257214,1,0
257213,257213,257214,1,0
257213,257214,257215,1,1
257214,257214,257215,1,0
257213,257213,257214,1,0
257214,257214,257215,1,0
257214,257214,257215,1,0
257213,257213,257214,1,0
257213,257213,257214,1,0
257213,257214,257215,1,1
257214,257214,257215,1,0
257213,257213,257214,1,0
257213,257213,257214,1,0
257213,257213,257215,2,0
257214,257214,257215,1,0
257214,257214,257215,1,0
257213,257213,257214,1,0
257213,257213,257215,2,0
257214,257214,257215,1,0
257214,257214,257215,1,0
257213,257213,257215,2,0
257214,257214,257215,1,0
257214,257214,257215,1,0
257214,257214,257215,1,0
257213,257213,257215,2,0
257213,257213,257215,2,0
257214,257214,257215,1,0
257214,257214,257215,1,0
257214,257214,257215,1,0
257213,257213,257215,2,0
257214,257214,257215,1,0
257214,257214,257215,1,0
257213,257213,257215,2,0
257214,257214,257216,2,0
257214,257214,257215,1,0
257214,257214,257215,1,0
257213,257213,257215,2,0
257214,257214,257216,2,0
257214,257214,257215,1,0
257214,257214,257215,1,0
257213,257213,257215,2,0
257214,257214,257216,2,0
257214,257214,257216,2,0
257213,257213,257215,2,0
257213,257213,257215,2,0
257214,257214,257215,1,0
257214,257214,257215,1,0
257214,257214,257216,2,0
257213,257214,257215,1,1
257213,257214,257215,1,1
257213,257214,257215,1,1
257214,257214,257216,2,0
257214,257214,257215,1,0
257214,257215,257216,1,1
257213,257213,257215,2,0
257214,257214,257215,1,0
257214,257214,257216,2,0
257213,257213,257215,2,0
257213,257213,257215,2,0
257214,257214,257215,1,0
257214,257214,257216,2,0
257214,257214,257215,1,0
257213,257213,257215,2,0
257214,257214,257216,2,0
257214,257214,257215,1,0
257213,257213,257215,2,0
257214,257214,257215,1,0
257214,257214,257216,2,0
257213,257213,257215,2,0
257214,257214,257216,2,0
257214,257214,257215,1,0
257214,257215,257216,1,1
257214,257215,257216,1,1
257214,257215,257216,1,1
257214,257215,257216,1,1
257214,257215,257216,1,1
257214,257215,257216,1,1
257214,257215,257216,1,1
257214,257215,257216,1,1
257214,257215,257216,1,1
257214,257215,257216,1,1
257214,257215,257216,1,1
257214,257215,257216,1,1
257214,257215,257216,1,1
257214,257215,257216,1,1
257214,257215,257216,1,1
257214,257215,257216,1,1
257214,257215,257216,1,1
257214,257215,257217,2,1
257214,257215,257217,2,1
257214,257215,257216,1,1
257214,257215,257216,1,1
257279,257279,257280,1,0
257279,257279,257280,1,0
257279,257279,257280,1,0
257279,257279,257280,1,0
257279,257279,257280,1,0
257279,257279,257280,1,0
257279,257279,257280,1,0
257279,257279,257280,1,0
257279,257279,257280,1,0
257279,257279,257280,1,0
257279,257279,257280,1,0
257279,257279,257280,1,0
257279,257279,257280,1,0
257279,257279,257280,1,0
257279,257279,257280,1,0
257279,257279,257280,1,0
257279,257279,257280,1,0
257279,257279,257280,1,0
257279,257279,257280,1,0
257279,257279,257280,1,0
257279,257279,257280,1,0
257279,257279,257280,1,0
257279,257279,257280,1,0
257279,257279,257280,1,0
257279,257279,257280,1,0
257279,257279,257280,1,0
257279,257279,257280,1,0
257279,257279,257280,1,0
257279,257279,257280,1,0
257279,257279,257280,1,0
257279,257279,257280,1,0
257279,257279,257281,2,0
257279,257279,257280,1,0
257279,257279,257281,2,0
257279,257279,257281,2,0
257279,257279,257281,2,0
257279,257279,257280,1,0
257279,257279,257280,1,0
257279,257279,257281,2,0
257279,257279,257281,2,0
257279,257279,257280,1,0
257279,257279,257280,1,0
257279,257279,257281,2,0
257279,257279,257281,2,0
257279,257279,257281,2,0
257279,257279,257281,2,0
257279,257279,257281,2,0
257279,257279,257281,2,0
257279,257279,257281,2,0
257279,257279,257281,2,0
257279,257279,257281,2,0
257279,257279,257281,2,0
257279,257279,257281,2,0
257279,257279,257280,1,0
257279,257279,257281,2,0
257279,257279,257281,2,0
257279,257279,257281,2,0
257279,257279,257281,2,0
257279,257279,257281,2,0
257279,257279,257280,1,0
257279,257279,257281,2,0
257279,257279,257280,1,0
257279,257279,257281,2,0
257279,257279,257281,2,0
257279,257279,257280,1,0
257279,257279,257281,2,0
257279,257279,257281,2,0
257279,257279,257281,2,0
257279,257280,257326,46,1
257328,257328,257329,1,0
257328,257328,257329,1,0
257328,257328,257329,1,0
257328,257328,257329,1,0
257328,257328,257329,1,0
257328,257328,257329,1,0
257328,257328,257329,1,0
257328,257328,257329,1,0
257328,257328,257329,1,0
257328,257328,257329,1,0
257328,257328,257329,1,0
257328,257328,257329,1,0
257328,257328,257329,1,0
257328,257328,257329,1,0
257328,257328,257330,2,0
257328,257328,257329,1,0
257328,257328,257329,1,0
257328,257328,257329,1,0
257328,257328,257329,1,0
257328,257328,257329,1,0
257328,257328,257329,1,0
257328,257328,257329,1,0
257361,257361,257362,1,0
257361,257361,257362,1,0
257361,257361,257362,1,0
257361,257361,257362,1,0
257361,257361,257362,1,0
257361,257361,257362,1,0
257361,257361,257362,1,0
257361,257361,257362,1,0
257361,257361,257362,1,0
257361,257361,257362,1,0
257361,257361,257362,1,0
257361,257361,257362,1,0
257361,257361,257363,2,0
257361,257361,257363,2,0
257361,257361,257363,2,0
257361,257361,257363,2,0
257361,257361,257363,2,0
257361,257361,257363,2,0
257361,257361,257363,2,0
257361,257361,257363,2,0
257361,257361,257363,2,0
257361,257361,257363,2,0
257361,257361,257363,2,0
257361,257361,257363,2,0
257361,257361,257363,2,0
257361,257361,257363,2,0
257361,257361,257363,2,0
257361,257361,257363,2,0
257361,257361,257363,2,0
257361,257361,257363,2,0
257361,257361,257363,2,0
257361,257361,257363,2,0
257361,257361,257364,3,0
257361,257361,257363,2,0
257328,257328,257375,47,0
257397,257397,257398,1,0
257397,257397,257398,1,0
257397,257397,257398,1,0
257397,257397,257398,1,0
257397,257397,257398,1,0
257397,257397,257398,1,0
257397,257397,257398,1,0
257397,257397,257398,1,0
257397,257397,257398,1,0
257397,257397,257398,1,0
257397,257397,257398,1,0
257397,257397,257398,1,0
257397,257397,257399,2,0
257397,257397,257398,1,0
257397,257397,257399,2,0
257397,257397,257398,1,0
257397,257397,257398,1,0
257397,257397,257399,2,0
257397,257397,257398,1,0
257397,257397,257399,2,0
257397,257397,257399,2,0
257397,257397,257399,2,0
257397,257397,257398,1,0
257397,257397,257399,2,0
257397,257397,257398,1,0
257397,257397,257398,1,0
257397,257397,257398,1,0
257397,257397,257398,1,0
257397,257397,257399,2,0
257397,257397,257398,1,0
257397,257397,257398,1,0
257397,257397,257399,2,0
257397,257397,257398,1,0
257397,257397,257399,2,0
257362,257362,257411,49,0
257415,257415,257416,1,0
257415,257415,257416,1,0
257415,257415,257416,1,0
257415,257415,257416,1,0
257415,257415,257416,1,0
257415,257415,257416,1,0
257415,257415,257416,1,0
257415,257415,257416,1,0
257415,257415,257416,1,0
257415,257415,257416,1,0
257415,257415,257416,1,0
257415,257415,257416,1,0
257415,257415,257416,1,0
257415,257415,257417,2,0
257415,257415,257416,1,0
257415,257415,257416,1,0
257415,257415,257416,1,0
257415,257415,257416,1,0
257415,257415,257416,1,0
257415,257415,257417,2,0
257415,257415,257416,1,0
257415,257415,257416,1,0
257415,257415,257417,2,0
257415,257415,257416,1,0
257415,257415,257417,2,0
257415,257415,257416,1,0
257415,257415,257417,2,0
257415,257415,257416,1,0
257415,257415,257416,1,0
257415,257415,257416,1,0
257415,257415,257461,46,0
257462,257462,257463,1,0
257462,257462,257463,1,0
257462,257462,257463,1,0
257462,257462,257463,1,0
257462,257462,257463,1,0
257462,257462,257463,1,0
257462,257462,257463,1,0
257462,257462,257463,1,0
257462,257462,257463,1,0
257462,257462,257463,1,0
257462,257462,257463,1,0
257462,257462,257463,1,0
257462,257462,257464,2,0
257462,257462,257464,2,0
257462,257462,257463,1,0
257462,257462,257463,1,0
257462,257462,257463,1,0
257462,257462,257463,1,0
257462,257462,257463,1,0
257462,257462,257463,1,0
257462,257462,257463,1,0
257462,257462,257463,1,0
257462,257462,257464,2,0
257462,257462,257463,1,0
257462,257462,257464,2,0
257462,257462,257463,1,0
257462,257462,257464,2,0
257453,257453,257505,52,0
257457,257457,257506,49,0
257507,257507,257508,1,0
257507,257507,257508,1,0
257507,257507,257508,1,0
257507,257507,257508,1,0
257507,257507,257508,1,0
257460,257460,257508,48,0
257507,257507,257508,1,0
257507,257507,257508,1,0
257507,257507,257508,1,0
257507,257507,257508,1,0
257507,257507,257508,1,0
257507,257507,257508,1,0
257507,257507,257508,1,0
257507,257507,257508,1,0
257507,257507,257508,1,0
257507,257507,257508,1,0
257507,257507,257508,1,0
257507,257507,257508,1,0
257507,257507,257508,1,0
257507,257507,257508,1,0
257507,257507,257508,1,0
257507,257507,257508,1,0
257507,257507,257508,1,0
257507,257507,257508,1,0
257507,257507,257509,2,0
257507,257507,257508,1,0
257507,257507,257508,1,0
257507,257507,257509,2,0
257507,257507,257509,2,0
257507,257507,257508,1,0
257455,257455,257509,54,0
257507,257507,257509,2,0
257509,257509,257510,1,0
257509,257509,257510,1,0
257509,257509,257510,1,0
257508,257509,257510,1,1
257509,257509,257510,1,0
257509,257509,257510,1,0
257508,257509,257510,1,1
257508,257509,257510,1,1
257509,257509,257510,1,0
257509,257509,257510,1,0
257508,257509,257510,1,1
257508,257509,257510,1,1
257508,257509,257510,1,1
257509,257509,257510,1,0
257509,257509,257510,1,0
257508,257509,257510,1,1
257508,257509,257510,1,1
257509,257509,257510,1,0
257509,257509,257510,1,0
257508,257509,257510,1,1
257508,257509,257510,1,1
257507,257507,257510,3,0
257507,257507,257510,3,0
257508,257509,257510,1,1
257508,257509,257510,1,1
257509,257509,257510,1,0
257508,257509,257510,1,1
257509,257509,257510,1,0
257508,257509,257510,1,1
257509,257509,257511,2,0
257509,257509,257511,2,0
257508,257509,257510,1,1
257508,257509,257510,1,1
257509,257509,257510,1,0
257508,257509,257510,1,1
257508,257509,257510,1,1
257509,257509,257510,1,0
257509,257509,257510,1,0
257508,257509,257510,1,1
257508,257509,257510,1,1
257508,257509,257510,1,1
257509,257509,257510,1,0
257509,257509,257511,2,0
257508,257509,257510,1,1
257508,257509,257510,1,1
257509,257510,257511,1,1
257509,257510,257511,1,1
257509,257510,257511,1,1
257509,257510,257511,1,1
257509,257510,257511,1,1
257509,257509,257511,2,0
257509,257509,257511,2,0
257509,257509,257511,2,0
257509,257509,257511,2,0
257508,257509,257511,2,1
257511,257511,257512,1,0
257509,257510,257511,1,1
257509,257510,257511,1,1
257511,257511,257512,1,0
257511,257511,257512,1,0
257508,257509,257512,3,1
257511,257511,257513,2,0
257511,257511,257512,1,0
257511,257511,257512,1,0
257511,257511,257512,1,0
257511,257511,257512,1,0
257511,257511,257512,1,0
257511,257511,257512,1,0
257511,257511,257513,2,0
257511,257511,257512,1,0
257511,257511,257513,2,0
257511,257511,257512,1,0
257511,257511,257512,1,0
257458,257458,257512,54,0
257511,257511,257512,1,0
257511,257511,257512,1,0
257511,257511,257512,1,0
257511,257511,257512,1,0
257508,257509,257511,2,1
257511,257511,257513,2,0
257511,257511,257513,2,0
257508,257509,257517,8,1
257509,257509,257518,9,0
257509,257510,257518,8,1
257461,257461,257522,61,0
257465,257465,257522,57,0
257462,257462,257528,66,0
257487,257487,257537,50,0
257486,257486,257539,53,0
257493,257493,257547,54,0
257491,257491,257549,58,0
257548,257548,257549,1,0
257548,257548,257549,1,0
257548,257548,257549,1,0
257548,257548,257549,1,0
257548,257548,257549,1,0
257548,257548,257549,1,0
257548,257548,257549,1,0
257548,257548,257549,1,0
257548,257548,257549,1,0
257548,257548,257549,1,0
257548,257548,257549,1,0
257548,257548,257549,1,0
257548,257548,257549,1,0
257548,257548,257549,1,0
257548,257548,257549,1,0
257548,257548,257549,1,0
257548,257548,257549,1,0
257548,257548,257549,1,0
257548,257548,257549,1,0
257548,257548,257549,1,0
257548,257548,257549,1,0
257548,257548,257549,1,0
257548,257548,257549,1,0
257548,257548,257549,1,0
257548,257548,257549,1,0
257548,257548,257549,1,0
257548,257548,257549,1,0
257548,257548,257549,1,0
257548,257548,257550,2,0
257548,257548,257549,1,0
257548,257548,257549,1,0
257548,257548,257549,1,0
257548,257548,257550,2,0
257548,257548,257550,2,0
257548,257549,257550,1,1
257548,257549,257550,1,1
257548,257549,257550,1,1
257548,257549,257550,1,1
257548,257549,257550,1,1
257548,257549,257550,1,1
257548,257549,257550,1,1
257548,257548,257550,2,0
257548,257548,257550,2,0
257548,257548,257549,1,0
257548,257549,257550,1,1
257548,257549,257550,1,1
257548,257549,257550,1,1
257548,257548,257550,2,0
257548,257548,257550,2,0
257548,257548,257550,2,0
257548,257548,257550,2,0
257548,257548,257550,2,0
257548,257548,257550,2,0
257548,257548,257550,2,0
257548,257550,257551,1,2
257548,257548,257550,2,0
257548,257548,257550,2,0
257548,257548,257550,2,0
257548,257548,257550,2,0
257548,257548,257550,2,0
257548,257548,257550,2,0
257548,257550,257551,1,2
257548,257548,257550,2,0
257548,257548,257550,2,0
257548,257548,257550,2,0
257548,257548,257550,2,0
257548,257548,257550,2,0
257548,257548,257550,2,0
257548,257548,257550,2,0
257548,257548,257550,2,0
257548,257548,257550,2,0
257549,257550,257551,1,1
257549,257550,257551,1,1
257549,257550,257551,1,1
257549,257550,257551,1,1
257549,257550,257551,1,1
257549,257551,257552,1,2
257548,257550,257551,1,2
257548,257550,257551,1,2
257548,257550,257551,1,2
257548,257550,257551,1,2
257548,257550,257551,1,2
257548,257550,257551,1,2
257548,257550,257551,1,2
257548,257550,257551,1,2
257548,257550,257551,1,2
257548,257550,257551,1,2
257548,257550,257551,1,2
257548,257550,257551,1,2
257548,257550,257551,1,2
257548,257550,257551,1,2
257548,257550,257551,1,2
257549,257551,257552,1,2
257549,257551,257552,1,2
257548,257550,257551,1,2
257548,257550,257551,1,2
257548,257550,257551,1,2
257548,257550,257551,1,2
257548,257550,257551,1,2
257549,257551,257552,1,2
257549,257551,257552,1,2
257549,257551,257552,1,2
257549,257551,257552,1,2
257549,257551,257552,1,2
257549,257551,257552,1,2
257549,257551,257552,1,2
257549,257551,257552,1,2
257549,257551,257552,1,2
257549,257551,257552,1,2
257549,257551,257552,1,2
257549,257551,257552,1,2
257549,257551,257552,1,2
257549,257551,257552,1,2
257549,257551,257552,1,2
257549,257551,257552,1,2
257549,257551,257552,1,2
257549,257551,257552,1,2
257490,257490,257555,65,0
257498,257498,257557,59,0
257495,257498,257559,61,3
257500,257500,257560,60,0
257497,257497,257561,64,0
257512,257512,257572,60,0
257508,257508,257581,73,0
257503,257503,257594,91,0
257506,257506,257596,90,0
257549,257551,257599,48,2
257600,257600,257601,1,0
257600,257600,257601,1,0
257600,257600,257601,1,0
257600,257600,257601,1,0
257600,257600,257601,1,0
257600,257600,257601,1,0
257600,257600,257601,1,0
257600,257600,257601,1,0
257600,257600,257601,1,0
257600,257600,257601,1,0
257600,257600,257601,1,0
257600,257600,257601,1,0
257600,257600,257601,1,0
257600,257600,257601,1,0
257600,257600,257601,1,0
257600,257600,257601,1,0
257600,257600,257601,1,0
257600,257600,257602,2,0
257600,257600,257601,1,0
257600,257600,257601,1,0
257600,257600,257601,1,0
257600,257600,257601,1,0
257600,257600,257601,1,0
257600,257600,257601,1,0
257600,257600,257601,1,0
257600,257600,257601,1,0
257600,257600,257601,1,0
257600,257600,257602,2,0
257600,257600,257601,1,0
257600,257600,257601,1,0
257600,257600,257601,1,0
257600,257600,257601,1,0
257600,257600,257601,1,0
257600,257600,257601,1,0
257600,257600,257601,1,0
257600,257600,257601,1,0
257600,257600,257602,2,0
257600,257600,257601,1,0
257600,257600,257601,1,0
257600,257601,257602,1,1
257600,257601,257602,1,1
257600,257600,257602,2,0
257600,257601,257602,1,1
257600,257601,257602,1,1
257600,257602,257603,1,2
257600,257600,257602,2,0
257600,257601,257602,1,1
257600,257601,257602,1,1
257600,257600,257602,2,0
257600,257600,257602,2,0
257600,257601,257602,1,1
257600,257601,257602,1,1
257600,257602,257603,1,2
257600,257600,257602,2,0
257600,257601,257602,1,1
257600,257601,257602,1,1
257600,257602,257603,1,2
257600,257602,257603,1,2
257600,257600,257602,2,0
257600,257601,257602,1,1
257600,257601,257602,1,1
257600,257602,257603,1,2
257600,257600,257602,2,0
257600,257601,257602,1,1
257600,257601,257602,1,1
257600,257601,257602,1,1
257600,257601,257602,1,1
257600,257602,257603,1,2
257600,257602,257603,1,2
257600,257600,257602,2,0
257600,257601,257602,1,1
257600,257601,257602,1,1
257600,257602,257603,1,2
257600,257600,257602,2,0
257600,257601,257602,1,1
257600,257602,257603,1,2
257600,257602,257603,1,2
257600,257600,257602,2,0
257600,257601,257602,1,1
257600,257602,257603,1,2
257600,257602,257603,1,2
257600,257602,257603,1,2
257600,257602,257603,1,2
257600,257602,257603,1,2
257600,257602,257603,1,2
257601,257603,257604,1,2
257600,257602,257603,1,2
257600,257602,257603,1,2
257600,257602,257603,1,2
257601,257603,257604,1,2
257600,257602,257604,2,2
257600,257602,257603,1,2
257600,257602,257604,2,2
257601,257603,257604,1,2
257601,257603,257604,1,2
257600,257602,257603,1,2
257600,257602,257603,1,2
257600,257602,257603,1,2
257600,257602,257604,2,2
257600,257602,257604,2,2
257601,257603,257604,1,2
257600,257602,257604,2,2
257600,257602,257603,1,2
257600,257602,257604,2,2
257600,257602,257604,2,2
257600,257602,257604,2,2
257601,257603,257604,1,2
257600,257602,257604,2,2
257600,257602,257603,1,2
257600,257602,257604,2,2
257600,257602,257604,2,2
257601,257603,257604,1,2
257600,257602,257604,2,2
257600,257602,257603,1,2
257600,257602,257603,1,2
257600,257602,257604,2,2
257600,257602,257603,1,2
257600,257602,257603,1,2
257600,257602,257604,2,2
257600,257602,257604,2,2
257601,257603,257604,1,2
257600,257602,257603,1,2
257600,257602,257604,2,2
257600,257602,257604,2,2
257600,257602,257604,2,2
257601,257603,257604,1,2
257600,257603,257604,1,3
257600,257603,257604,1,3
257600,257603,257604,1,3
257600,257603,257604,1,3
257601,257603,257604,1,2
257601,257603,257604,1,2
257601,257603,257604,1,2
257601,257604,257605,1,3
257601,257604,257605,1,3
257601,257604,257605,1,3
257601,257604,257605,1,3
257601,257604,257605,1,3
257601,257604,257605,1,3
257601,257603,257604,1,2
257601,257603,257604,1,2
257601,257603,257605,2,2
257601,257603,257604,1,2
257601,257603,257605,2,2
257601,257603,257605,2,2
257601,257603,257604,1,2
257601,257603,257605,2,2
257601,257603,257605,2,2
257601,257603,257605,2,2
257601,257603,257605,2,2
257601,257604,257605,1,3
257601,257604,257605,1,3
257601,257603,257605,2,2
257601,257603,257605,2,2
257601,257603,257604,1,2
257601,257604,257605,1,3
257601,257604,257605,1,3
257601,257604,257605,1,3
257601,257603,257605,2,2
257601,257603,257605,2,2
257601,257603,257605,2,2
257601,257604,257605,1,3
257601,257604,257605,1,3
257601,257603,257605,2,2
257601,257603,257605,2,2
257601,257603,257605,2,2
257601,257604,257605,1,3
257601,257604,257605,1,3
257601,257603,257605,2,2
257601,257603,257604,1,2
257601,257604,257605,1,3
257601,257604,257605,1,3
257601,257604,257605,1,3
257601,257604,257605,1,3
257601,257604,257605,1,3
257601,257605,257606,1,4
257601,257604,257606,2,3
257601,257604,257606,2,3
257601,257604,257606,2,3
257601,257604,257606,2,3
257601,257604,257606,2,3
257601,257604,257606,2,3
257601,257604,257606,2,3
257601,257604,257606,2,3
257601,257604,257606,2,3
257601,257604,257606,2,3
257601,257604,257606,2,3
257601,257604,257606,2,3
257601,257604,257606,2,3
257601,257604,257606,2,3
257601,257604,257606,2,3
257601,257604,257606,2,3
257601,257604,257606,2,3
257601,257604,257605,1,3
257601,257604,257605,1,3
257601,257604,257606,2,3
257601,257604,257606,2,3
257601,257604,257606,2,3
257601,257604,257606,2,3
257601,257604,257606,2,3
257601,257604,257606,2,3
257601,257604,257606,2,3
257601,257604,257606,2,3
257601,257604,257606,2,3
257601,257605,257607,2,4
257601,257605,257607,2,4
257601,257605,257607,2,4
257601,257605,257607,2,4
257601,257605,257607,2,4
257601,257605,257606,1,4
257601,257605,257607,2,4
257601,257605,257606,1,4
257601,257605,257606,1,4
257601,257605,257607,2,4
257601,257605,257606,1,4
257601,257604,257607,3,3
257601,257604,257607,3,3
257601,257604,257607,3,3
257683,257683,257684,1,0
257683,257683,257684,1,0
257683,257683,257684,1,0
257683,257683,257684,1,0
257683,257683,257684,1,0
257683,257683,257684,1,0
257683,257683,257684,1,0
257683,257683,257684,1,0
257683,257683,257684,1,0
257683,257683,257684,1,0
257683,257683,257684,1,0
257683,257683,257684,1,0
257683,257683,257684,1,0
257683,257683,257684,1,0
257683,257683,257684,1,0
257683,257683,257684,1,0
257683,257683,257684,1,0
257683,257683,257684,1,0
257683,257683,257684,1,0
257683,257683,257684,1,0
257683,257683,257684,1,0
257683,257683,257684,1,0
257683,257683,257684,1,0
257683,257683,257684,1,0
257683,257683,257684,1,0
257683,257683,257684,1,0
257683,257683,257684,1,0
257683,257683,257684,1,0
257683,257683,257684,1,0
257683,257683,257684,1,0
257683,257683,257684,1,0
257683,257683,257684,1,0
257683,257683,257684,1,0
257683,257683,257684,1,0
257683,257683,257684,1,0
257683,257683,257684,1,0
257683,257683,257684,1,0
257683,257683,257684,1,0
257683,257683,257684,1,0
257683,257683,257684,1,0
257683,257683,257684,1,0
257683,257683,257684,1,0
257683,257683,257684,1,0
257683,257683,257684,1,0
257683,257683,257684,1,0
257683,257683,257684,1,0
257683,257683,257684,1,0
257683,257683,257684,1,0
257683,257683,257684,1,0
257683,257683,257684,1,0
257683,257683,257685,2,0
257683,257683,257684,1,0
257683,257683,257684,1,0
257683,257683,257684,1,0
257683,257683,257685,2,0
257683,257683,257684,1,0
257683,257683,257684,1,0
257683,257683,257684,1,0
257683,257683,257684,1,0
257683,257683,257684,1,0
257683,257683,257685,2,0
257683,257683,257684,1,0
257683,257683,257684,1,0
257683,257683,257684,1,0
257683,257683,257685,2,0
257683,257683,257685,2,0
257683,257683,257685,2,0
257683,257683,257685,2,0
257683,257683,257685,2,0
257683,257683,257685,2,0
257683,257683,257685,2,0
257683,257683,257685,2,0
257683,257683,257685,2,0
257683,257685,257686,1,2
257683,257683,257685,2,0
257683,257683,257685,2,0
257683,257683,257685,2,0
257683,257683,257685,2,0
257683,257683,257685,2,0
257683,257685,257686,1,2
257683,257685,257686,1,2
257683,257683,257685,2,0
257683,257683,257685,2,0
257683,257685,257686,1,2
257683,257685,257686,1,2
257683,257685,257686,1,2
257683,257685,257687,2,2
257683,257685,257686,1,2
257683,257685,257686,1,2
257683,257685,257686,1,2
257683,257685,257686,1,2
257683,257685,257686,1,2
257683,257685,257686,1,2
257683,257685,257687,2,2
257683,257685,257686,1,2
257683,257685,257686,1,2
257683,257685,257686,1,2
257683,257685,257687,2,2
257683,257685,257686,1,2
257683,257685,257686,1,2
257683,257685,257686,1,2
257683,257685,257686,1,2
257683,257685,257687,2,2
257683,257685,257686,1,2
257683,257685,257686,1,2
257683,257685,257686,1,2
257683,257685,257686,1,2
257683,257685,257687,2,2
257683,257685,257687,2,2
257683,257685,257686,1,2
257683,257685,257686,1,2
257683,257685,257686,1,2
257683,257685,257686,1,2
257683,257685,257686,1,2
257683,257685,257686,1,2
257683,257685,257686,1,2
257683,257685,257686,1,2
257683,257685,257687,2,2
257683,257685,257686,1,2
257683,257685,257686,1,2
257683,257685,257686,1,2
257683,257685,257686,1,2
257683,257685,257686,1,2
257683,257685,257686,1,2
257683,257685,257686,1,2
257683,257685,257686,1,2
257683,257685,257686,1,2
257683,257685,257687,2,2
257683,257685,257687,2,2
257684,257685,257741,56,1
257766,257766,257767,1,0
257766,257766,257767,1,0
257766,257766,257767,1,0
257766,257766,257767,1,0
257766,257766,257767,1,0
257766,257766,257767,1,0
257766,257766,257767,1,0
257766,257766,257767,1,0
257766,257766,257767,1,0
257766,257766,257767,1,0
257766,257766,257767,1,0
257766,257766,257767,1,0
257766,257766,257767,1,0
257766,257766,257767,1,0
257766,257766,257767,1,0
257766,257766,257767,1,0
257766,257766,257767,1,0
257766,257766,257767,1,0
257766,257766,257767,1,0
257766,257766,257767,1,0
257766,257766,257767,1,0
257766,257766,257767,1,0
257766,257766,257767,1,0
257766,257766,257767,1,0
257766,257766,257767,1,0
257766,257766,257767,1,0
257766,257766,257767,1,0
257766,257766,257767,1,0
257766,257766,257767,1,0
257766,257766,257767,1,0
257766,257766,257767,1,0
257766,257766,257767,1,0
257766,257766,257767,1,0
257766,257766,257767,1,0
257766,257766,257767,1,0
257766,257766,257767,1,0
257766,257766,257768,2,0
257766,257766,257768,2,0
257766,257766,257767,1,0
257766,257766,257768,2,0
257766,257766,257767,1,0
257766,257766,257768,2,0
257766,257766,257768,2,0
257766,257766,257768,2,0
257766,257766,257768,2,0
257766,257766,257767,1,0
257766,257766,257768,2,0
257766,257766,257768,2,0
257766,257766,257767,1,0
257766,257766,257768,2,0
257766,257766,257768,2,0
257766,257766,257768,2,0
257766,257766,257768,2,0
257766,257766,257768,2,0
257766,257766,257767,1,0
257766,257766,257768,2,0
257766,257766,257768,2,0
257766,257766,257768,2,0
257766,257766,257768,2,0
257766,257766,257768,2,0
257766,257766,257768,2,0
257766,257766,257768,2,0
257766,257766,257767,1,0
257766,257766,257767,1,0
257766,257766,257768,2,0
257766,257766,257768,2,0
257766,257766,257768,2,0
257766,257766,257768,2,0
257766,257767,257813,46,1
257814,257814,257815,1,0
257814,257814,257815,1,0
257814,257814,257815,1,0
257814,257814,257815,1,0
257814,257814,257815,1,0
257814,257814,257815,1,0
257814,257814,257815,1,0
257814,257814,257815,1,0
257814,257814,257815,1,0
257814,257814,257815,1,0
257814,257814,257815,1,0
257814,257814,257815,1,0
257814,257814,257815,1,0
257814,257814,257815,1,0
257814,257814,257815,1,0
257814,257814,257815,1,0
257814,257814,257815,1,0
257814,257814,257815,1,0
257814,257814,257815,1,0
257814,257814,257815,1,0
257814,257814,257815,1,0
257814,257814,257815,1,0
257814,257814,257815,1,0
257814,257814,257815,1,0
257814,257814,257815,1,0
257814,257814,257815,1,0
257814,257814,257815,1,0
257814,257814,257816,2,0
257814,257814,257815,1,0
257814,257814,257816,2,0
257814,257814,257816,2,0
257814,257814,257816,2,0
257814,257814,257816,2,0
257814,257814,257816,2,0
257814,257814,257816,2,0
257814,257814,257816,2,0
257814,257814,257816,2,0
257814,257814,257816,2,0
257814,257814,257816,2,0
257814,257814,257816,2,0
257814,257814,257816,2,0
257814,257814,257816,2,0
257814,257814,257816,2,0
257814,257814,257816,2,0
257814,257814,257816,2,0
257814,257814,257816,2,0
257814,257814,257816,2,0
257814,257814,257816,2,0
257814,257814,257816,2,0
257814,257814,257816,2,0
257814,257814,257816,2,0
257814,257814,257816,2,0
257814,257814,257816,2,0
257814,257814,257816,2,0
257814,257814,257816,2,0
257814,257814,257816,2,0
257814,257814,257816,2,0
257814,257814,257816,2,0
257814,257814,257816,2,0
257814,257814,257816,2,0
257814,257814,257816,2,0
257814,257814,257816,2,0
257814,257814,257816,2,0
257814,257814,257816,2,0
257814,257814,257817,3,0
257814,257814,257817,3,0
257814,257814,257817,3,0
257814,257814,257817,3,0
257865,257865,257866,1,0
257865,257865,257866,1,0
257865,257865,257866,1,0
257865,257865,257866,1,0
257865,257865,257866,1,0
257865,257865,257866,1,0
257865,257865,257867,2,0
257865,257865,257867,2,0
257865,257865,257866,1,0
257865,257865,257866,1,0
257865,257865,257867,2,0
257865,257865,257867,2,0
257865,257865,257866,1,0
257865,257865,257866,1,0
257865,257865,257866,1,0
257865,257865,257866,1,0
257865,257865,257866,1,0
257865,257865,257866,1,0
257865,257865,257866,1,0
257865,257865,257867,2,0
257865,257865,257866,1,0
257865,257865,257867,2,0
257865,257865,257866,1,0
257865,257865,257867,2,0
257865,257865,257924,59,0
257925,257925,257926,1,0
257925,257925,257926,1,0
257925,257925,257926,1,0
257925,257925,257926,1,0
257925,257925,257926,1,0
257925,257925,257926,1,0
257925,257925,257926,1,0
257925,257925,257926,1,0
257925,257925,257926,1,0
257925,257925,257926,1,0
257925,257925,257926,1,0
257925,257925,257926,1,0
257925,257925,257926,1,0
257925,257925,257927,2,0
257925,257925,257927,2,0
257925,257925,257927,2,0
257925,257925,257926,1,0
257925,257925,257927,2,0
257925,257925,257926,1,0
257925,257925,257927,2,0
257925,257925,257927,2,0
257925,257925,257926,1,0
257925,257925,257927,2,0
257925,257925,257927,2,0
257925,257925,257927,2,0
257925,257925,257926,1,0
257925,257925,257927,2,0
257925,257925,257926,1,0
257925,257925,257927,2,0
257925,257925,257926,1,0
257925,257925,257927,2,0
257925,257925,257926,1,0
257925,257925,257927,2,0
257925,257925,257926,1,0
257899,257899,257948,49,0
257949,257950,257951,1,1
257949,257950,257951,1,1
257949,257950,257951,1,1
257949,257950,257951,1,1
257949,257950,257951,1,1
257949,257950,257951,1,1
257949,257950,257951,1,1
257949,257950,257951,1,1
257949,257950,257951,1,1
257949,257950,257951,1,1
257949,257950,257951,1,1
257949,257950,257951,1,1
257949,257950,257951,1,1
257949,257950,257951,1,1
257949,257950,257951,1,1
257949,257950,257951,1,1
257949,257950,257951,1,1
257949,257950,257951,1,1
257949,257950,257951,1,1
257949,257950,257951,1,1
257917,257917,257967,50,0
257918,257918,257969,51,0
257971,257971,257972,1,0
257971,257971,257972,1,0
257971,257971,257972,1,0
257971,257971,257972,1,0
257971,257971,257972,1,0
257971,257971,257972,1,0
257971,257971,257972,1,0
257971,257971,257972,1,0
257971,257971,257972,1,0
257971,257971,257972,1,0
257971,257971,257972,1,0
257971,257971,257972,1,0
257971,257971,257972,1,0
257971,257971,257972,1,0
257971,257971,257972,1,0
257971,257971,257972,1,0
257971,257971,257972,1,0
257971,257971,257972,1,0
257971,257971,257972,1,0
257971,257971,257972,1,0
257971,257971,257972,1,0
257971,257971,257972,1,0
257971,257971,257972,1,0
257971,257971,257972,1,0
257922,257922,257973,51,0
257971,257971,257972,1,0
257971,257971,257973,2,0
257971,257971,257973,2,0
257972,257972,257973,1,0
257971,257971,257973,2,0
257972,257972,257973,1,0
257971,257971,257973,2,0
257971,257971,257973,2,0
257971,257971,257973,2,0
257971,257973,257974,1,2
257972,257973,257974,1,1
257972,257973,257974,1,1
257972,257973,257974,1,1
257972,257973,257974,1,1
257971,257973,257974,1,2
257971,257973,257974,1,2
257972,257973,257974,1,1
257974,257974,257975,1,0
257972,257973,257974,1,1
257972,257973,257974,1,1
257972,257973,257974,1,1
257974,257974,257975,1,0
257972,257973,257974,1,1
257972,257973,257974,1,1
257974,257974,257975,1,0
257972,257973,257974,1,1
257972,257973,257974,1,1
257974,257974,257975,1,0
257974,257974,257975,1,0
257972,257973,257974,1,1
257972,257973,257974,1,1
257974,257974,257975,1,0
257974,257974,257975,1,0
257924,257924,257974,50,0
257972,257973,257974,1,1
257972,257973,257974,1,1
257974,257974,257975,1,0
257974,257974,257975,1,0
257972,257973,257974,1,1
257972,257973,257974,1,1
257974,257974,257975,1,0
257974,257974,257975,1,0
257972,257973,257974,1,1
257972,257973,257974,1,1
257972,257973,257974,1,1
257974,257974,257975,1,0
257974,257974,257975,1,0
257974,257974,257976,2,0
257974,257974,257975,1,0
257974,257974,257975,1,0
257974,257974,257975,1,0
257974,257974,257976,2,0
257974,257974,257975,1,0
257974,257974,257976,2,0
257974,257974,257976,2,0
257920,257920,257975,55,0
257974,257974,257975,1,0
257974,257974,257975,1,0
257974,257974,257975,1,0
257974,257974,257976,2,0
257974,257974,257976,2,0
257974,257974,257976,2,0
257974,257974,257976,2,0
257974,257974,257976,2,0
257974,257974,257975,1,0
257974,257974,257976,2,0
257974,257974,257976,2,0
257974,257974,257976,2,0
257974,257974,257976,2,0
257927,257927,257981,54,0
257953,257953,257999,46,0
257949,257949,258008,59,0
258012,258012,258013,1,0
258012,258012,258013,1,0
258012,258012,258013,1,0
258012,258012,258013,1,0
258012,258012,258013,1,0
258012,258012,258013,1,0
258012,258012,258013,1,0
258012,258012,258013,1,0
258012,258012,258013,1,0
258012,258012,258013,1,0
258012,258012,258013,1,0
258012,258012,258013,1,0
258012,258012,258013,1,0
258012,258012,258013,1,0
258012,258012,258013,1,0
258012,258012,258013,1,0
258012,258012,258013,1,0
258012,258012,258013,1,0
258012,258012,258013,1,0
258012,258012,258013,1,0
258012,258012,258013,1,0
258012,258012,258013,1,0
258012,258012,258013,1,0
258012,258012,258013,1,0
258012,258012,258013,1,0
258012,258012,258013,1,0
258012,258012,258013,1,0
258012,258012,258013,1,0
258012,258012,258013,1,0
258012,258012,258013,1,0
258012,258012,258013,1,0
258012,258012,258013,1,0
258012,258012,258013,1,0
258012,258012,258013,1,0
258012,258012,258013,1,0
258012,258012,258013,1,0
258012,258012,258013,1,0
258012,258012,258013,1,0
258012,258012,258013,1,0
258012,258012,258013,1,0
258012,258012,258013,1,0
258012,258012,258013,1,0
258012,258012,258013,1,0
258012,258012,258013,1,0
258012,258012,258014,2,0
258012,258012,258013,1,0
258012,258012,258013,1,0
258012,258012,258014,2,0
258012,258012,258013,1,0
258012,258012,258013,1,0
258012,258012,258013,1,0
258012,258012,258013,1,0
258012,258012,258014,2,0
258012,258012,258013,1,0
258012,258012,258014,2,0
258012,258012,258013,1,0
258012,258012,258014,2,0
258012,258012,258014,2,0
258012,258014,258015,1,2
258012,258012,258014,2,0
258012,258012,258014,2,0
258012,258012,258014,2,0
258012,258012,258014,2,0
258012,258012,258014,2,0
258012,258012,258014,2,0
258012,258012,258014,2,0
258012,258012,258014,2,0
258012,258012,258014,2,0
258012,258012,258014,2,0
258012,258012,258014,2,0
258012,258012,258014,2,0
258012,258013,258014,1,1
258012,258012,258014,2,0
258012,258014,258015,1,2
258012,258014,258015,1,2
258012,258014,258015,1,2
258012,258014,258015,1,2
258012,258014,258016,2,2
258012,258014,258015,1,2
258012,258014,258015,1,2
258012,258014,258015,1,2
258012,258014,258015,1,2
258012,258014,258015,1,2
258012,258014,258015,1,2
258012,258014,258015,1,2
258012,258014,258015,1,2
258012,258014,258016,2,2
258012,258014,258015,1,2
258012,258014,258016,2,2
258012,258014,258015,1,2
258012,258014,258015,1,2
258012,258014,258016,2,2
258012,258014,258016,2,2
258012,258014,258016,2,2
258012,258014,258015,1,2
258012,258014,258015,1,2
258012,258014,258016,2,2
258012,258014,258015,1,2
258012,258014,258015,1,2
258012,258014,258015,1,2
258012,258014,258015,1,2
258012,258014,258015,1,2
258012,258014,258015,1,2
258012,258014,258015,1,2
258012,258014,258015,1,2
258012,258014,258016,2,2
258012,258014,258015,1,2
258012,258014,258015,1,2
258012,258014,258016,2,2
258012,258014,258016,2,2
258012,258014,258015,1,2
258012,258014,258015,1,2
258012,258014,258015,1,2
258012,258014,258016,2,2
258012,258014,258016,2,2
258012,258014,258015,1,2
258012,258014,258016,2,2
258012,258014,258015,1,2
258012,258014,258015,1,2
258012,258014,258015,1,2
258012,258014,258016,2,2
258012,258014,258019,5,2
257947,257947,258025,78,0
257950,257950,258024,74,0
257973,257973,258030,57,0
258013,258014,258061,47,1
258064,258064,258065,1,0
258064,258064,258065,1,0
258064,258064,258065,1,0
258064,258064,258065,1,0
258064,258064,258065,1,0
258064,258064,258065,1,0
258064,258064,258066,2,0
258064,258064,258065,1,0
258064,258064,258065,1,0
258064,258064,258065,1,0
258064,258064,258065,1,0
258064,258064,258065,1,0
258064,258064,258065,1,0
258064,258064,258065,1,0
258064,258064,258065,1,0
258064,258064,258065,1,0
258064,258064,258065,1,0
258064,258064,258065,1,0
258064,258064,258065,1,0
258064,258064,258065,1,0
258064,258064,258065,1,0
258064,258064,258065,1,0
258064,258064,258065,1,0
258064,258064,258065,1,0
258064,258064,258065,1,0
258064,258064,258065,1,0
258064,258064,258065,1,0
258064,258064,258065,1,0
258064,258064,258065,1,0
258064,258064,258065,1,0
258064,258064,258065,1,0
258064,258064,258065,1,0
258064,258064,258065,1,0
258064,258064,258065,1,0
258064,258064,258065,1,0
258064,258064,258065,1,0
258064,258065,258066,1,1
258064,258064,258065,1,0
258064,258064,258065,1,0
258064,258064,258065,1,0
258064,258064,258065,1,0
258064,258064,258066,2,0
258064,258064,258065,1,0
258064,258064,258065,1,0
258064,258064,258066,2,0
258064,258064,258065,1,0
258064,258065,258066,1,1
258064,258065,258066,1,1
258064,258064,258066,2,0
258064,258064,258066,2,0
258064,258064,258066,2,0
258064,258064,258066,2,0
258064,258064,258066,2,0
258064,258064,258066,2,0
258064,258064,258066,2,0
258064,258064,258066,2,0
258064,258064,258066,2,0
258064,258066,258067,1,2
258064,258064,258066,2,0
258064,258064,258066,2,0
258064,258064,258066,2,0
258064,258064,258066,2,0
258064,258064,258066,2,0
258064,258064,258066,2,0
258064,258064,258066,2,0
258064,258064,258066,2,0
258064,258064,258066,2,0
258064,258064,258066,2,0
258064,258064,258066,2,0
258064,258064,258066,2,0
258064,258064,258066,2,0
258064,258064,258066,2,0
258064,258064,258066,2,0
258064,258064,258066,2,0
258064,258064,258066,2,0
258064,258064,258066,2,0
258064,258064,258066,2,0
258064,258066,258067,1,2
258064,258064,258066,2,0
258064,258064,258066,2,0
258064,258066,258067,1,2
258064,258066,258067,1,2
258064,258066,258067,1,2
258064,258066,258067,1,2
258064,258066,258067,1,2
258064,258066,258067,1,2
258064,258066,258067,1,2
258064,258066,258067,1,2
258064,258066,258067,1,2
258064,258066,258067,1,2
258064,258066,258067,1,2
258064,258066,258067,1,2
258064,258066,258067,1,2
258064,258066,258067,1,2
258064,258066,258067,1,2
258064,258066,258067,1,2
258064,258066,258067,1,2
258064,258066,258067,1,2
258064,258066,258067,1,2
258115,258115,258116,1,0
258115,258115,258116,1,0
258115,258115,258116,1,0
258115,258115,258116,1,0
258115,258115,258116,1,0
258115,258115,258116,1,0
258115,258115,258116,1,0
258115,258115,258116,1,0
258115,258115,258116,1,0
258115,258115,258116,1,0
258115,258115,258116,1,0
258115,258115,258116,1,0
258115,258115,258116,1,0
258115,258115,258117,2,0
258115,258115,258117,2,0
258115,258115,258117,2,0
258115,258115,258116,1,0
258115,258115,258117,2,0
258115,258115,258116,1,0
258115,258115,258117,2,0
258115,258115,258117,2,0
258115,258115,258117,2,0
258115,258115,258117,2,0
258115,258115,258117,2,0
258115,258115,258116,1,0
258115,258115,258117,2,0
258115,258115,258117,2,0
258115,258115,258116,1,0
258115,258115,258117,2,0
258115,258115,258116,1,0
258115,258115,258117,2,0
258115,258115,258116,1,0
258115,258115,258117,2,0
258115,258115,258117,2,0
258151,258151,258152,1,0
258151,258151,258152,1,0
258151,258151,258152,1,0
258151,258151,258152,1,0
258151,258151,258152,1,0
258151,258151,258152,1,0
258151,258151,258152,1,0
258151,258151,258152,1,0
258151,258151,258152,1,0
258151,258151,258152,1,0
258151,258151,258152,1,0
258151,258151,258152,1,0
258151,258151,258152,1,0
258151,258151,258152,1,0
258151,258151,258152,1,0
258151,258151,258152,1,0
258151,258151,258152,1,0
258151,258151,258152,1,0
258151,258151,258152,1,0
258151,258151,258152,1,0
258151,258151,258152,1,0
258151,258151,258152,1,0
258151,258151,258153,2,0
258116,258116,258169,53,0
258187,258187,258188,1,0
258187,258187,258188,1,0
258187,258187,258188,1,0
258187,258187,258188,1,0
258187,258187,258188,1,0
258187,258187,258188,1,0
258187,258187,258188,1,0
258187,258187,258188,1,0
258187,258187,258188,1,0
258187,258187,258188,1,0
258187,258187,258188,1,0
258187,258187,258188,1,0
258187,258187,258188,1,0
258187,258187,258188,1,0
258187,258187,258188,1,0
258187,258187,258188,1,0
258187,258187,258189,2,0
258187,258187,258189,2,0
258187,258187,258188,1,0
258187,258187,258188,1,0
258187,258187,258188,1,0
258187,258187,258189,2,0
258187,258187,258189,2,0
258187,258187,258188,1,0
258187,258187,258188,1,0
258187,258187,258188,1,0
258187,258187,258189,2,0
258187,258187,258188,1,0
258187,258187,258188,1,0
258187,258187,258188,1,0
258187,258187,258188,1,0
258187,258187,258188,1,0
258187,258187,258188,1,0
258187,258187,258189,2,0
258168,258168,258214,46,0
258215,258215,258216,1,0
258215,258215,258216,1,0
258215,258215,258216,1,0
258215,258215,258216,1,0
258215,258215,258216,1,0
258215,258215,258216,1,0
258215,258215,258216,1,0
258215,258215,258216,1,0
258215,258215,258216,1,0
258215,258215,258216,1,0
258215,258215,258216,1,0
258215,258215,258216,1,0
258215,258215,258216,1,0
258215,258215,258216,1,0
258215,258215,258216,1,0
258215,258215,258216,1,0
258215,258215,258217,2,0
258215,258215,258216,1,0
258215,258215,258216,1,0
258215,258215,258216,1,0
258215,258215,258216,1,0
258215,258215,258216,1,0
258215,258215,258216,1,0
258215,258215,258216,1,0
258215,258215,258216,1,0
258215,258215,258216,1,0
258215,258215,258216,1,0
258215,258215,258216,1,0
258187,258187,258237,50,0
258238,258239,258240,1,1
258238,258239,258240,1,1
258238,258239,258240,1,1
258238,258239,258240,1,1
258238,258239,258240,1,1
258238,258239,258240,1,1
258238,258239,258240,1,1
258238,258239,258240,1,1
258238,258239,258240,1,1
258238,258239,258240,1,1
258238,258239,258240,1,1
258238,258239,258240,1,1
258238,258239,258240,1,1
258238,258239,258240,1,1
258238,258239,258240,1,1
258238,258239,258240,1,1
258238,258239,258240,1,1
258238,258239,258240,1,1
258238,258239,258240,1,1
258238,258239,258240,1,1
258238,258239,258240,1,1
258238,258239,258240,1,1
258238,258239,258240,1,1
258189,258189,258241,52,0
258212,258212,258259,47,0
258259,258260,258261,1,1
258259,258259,258260,1,0
258259,258259,258260,1,0
258259,258259,258260,1,0
258259,258260,258261,1,1
258259,258259,258260,1,0
258259,258259,258261,2,0
258259,258259,258260,1,0
258259,258260,258261,1,1
258259,258259,258260,1,0
258259,258259,258260,1,0
258259,258259,258261,2,0
258259,258259,258260,1,0
258259,258259,258260,1,0
258259,258259,258260,1,0
258259,258259,258260,1,0
258259,258259,258260,1,0
258259,258259,258260,1,0
258259,258260,258261,1,1
258259,258259,258260,1,0
258259,258259,258260,1,0
258259,258259,258260,1,0
258259,258259,258260,1,0
258259,258259,258260,1,0
258259,258259,258261,2,0
258259,258259,258260,1,0
258214,258214,258261,47,0
258259,258259,258261,2,0
258259,258260,258261,1,1
258259,258260,258261,1,1
258259,258260,258261,1,1
258259,258260,258261,1,1
258259,258259,258261,2,0
258259,258260,258261,1,1
258259,258259,258261,2,0
258259,258259,258261,2,0
258259,258260,258261,1,1
258259,258260,258261,1,1
258259,258259,258261,2,0
258259,258260,258261,1,1
258259,258260,258261,1,1
258259,258259,258261,2,0
258259,258260,258261,1,1
258259,258260,258261,1,1
258259,258260,258261,1,1
258259,258259,258261,2,0
258259,258260,258261,1,1
258259,258260,258261,1,1
258259,258259,258261,2,0
258259,258260,258261,1,1
258259,258260,258261,1,1
258259,258260,258261,1,1
258259,258260,258261,1,1
258259,258260,258261,1,1
258259,258260,258261,1,1
258216,258217,258267,50,1
258211,258211,258269,58,0
258209,258209,258280,71,0
258279,258279,258280,1,0
258279,258279,258280,1,0
258279,258279,258280,1,0
258279,258279,258280,1,0
258279,258279,258280,1,0
258279,258279,258280,1,0
258279,258279,258280,1,0
258279,258279,258280,1,0
258279,258279,258280,1,0
258279,258279,258280,1,0
258279,258279,258280,1,0
258279,258279,258280,1,0
258279,258279,258280,1,0
258279,258279,258280,1,0
258279,258279,258280,1,0
258279,258279,258280,1,0
258279,258279,258280,1,0
258279,258279,258280,1,0
258279,258279,258280,1,0
258279,258279,258280,1,0
258279,258279,258280,1,0
258279,258279,258280,1,0
258279,258279,258280,1,0
258279,258279,258280,1,0
258279,258279,258280,1,0
258279,258279,258280,1,0
258279,258279,258280,1,0
258279,258279,258280,1,0
258279,258279,258280,1,0
258279,258279,258280,1,0
258279,258279,258280,1,0
258279,258279,258280,1,0
258279,258279,258280,1,0
258279,258279,258280,1,0
258279,258279,258280,1,0
258279,258279,258280,1,0
258279,258279,258280,1,0
258279,258280,258281,1,1
258279,258279,258281,2,0
258279,258279,258281,2,0
258279,258279,258281,2,0
258279,258279,258281,2,0
258279,258279,258281,2,0
258279,258279,258281,2,0
258279,258279,258281,2,0
258279,258279,258281,2,0
258279,258279,258281,2,0
258279,258279,258281,2,0
258279,258279,258281,2,0
258279,258279,258281,2,0
258279,258279,258281,2,0
258279,258279,258281,2,0
258279,258279,258281,2,0
258279,258279,258281,2,0
258279,258279,258281,2,0
258279,258279,258281,2,0
258279,258279,258281,2,0
258279,258279,258281,2,0
258279,258279,258281,2,0
258279,258279,258281,2,0
258279,258279,258281,2,0
258279,258279,258281,2,0
258279,258279,258281,2,0
258279,258279,258281,2,0
258279,258279,258281,2,0
258279,258279,258281,2,0
258279,258279,258281,2,0
258279,258279,258281,2,0
258237,258237,258288,51,0
258239,258239,258299,60,0
258238,258238,258305,67,0
258241,258241,258305,64,0
258262,258262,258309,47,0
258314,258314,258315,1,0
258314,258314,258315,1,0
258314,258314,258315,1,0
258314,258314,258315,1,0
258314,258314,258316,2,0
258315,258315,258316,1,0
258314,258314,258315,1,0
258314,258314,258315,1,0
258314,258314,258316,2,0
258315,258315,258316,1,0
258314,258314,258315,1,0
258314,258314,258315,1,0
258314,258314,258315,1,0
258315,258315,258316,1,0
258314,258314,258315,1,0
258314,258314,258315,1,0
258315,258315,258316,1,0
258314,258314,258315,1,0
258315,258315,258316,1,0
258315,258315,258316,1,0
258314,258314,258315,1,0
258314,258315,258316,1,1
258315,258315,258316,1,0
258314,258314,258315,1,0
258314,258314,258316,2,0
258314,258315,258316,1,1
258315,258315,258316,1,0
258314,258314,258316,2,0
258314,258314,258316,2,0
258315,258315,258316,1,0
258314,258314,258315,1,0
258314,258314,258316,2,0
258315,258315,258316,1,0
258314,258314,258316,2,0
258314,258315,258316,1,1
258314,258315,258316,1,1
258314,258315,258316,1,1
258315,258316,258317,1,1
258315,258316,258317,1,1
258314,258314,258316,2,0
258314,258314,258316,2,0
258314,258315,258316,1,1
258314,258315,258316,1,1
258315,258316,258317,1,1
258314,258314,258316,2,0
258314,258314,258316,2,0
258314,258315,258316,1,1
258314,258315,258316,1,1
258315,258316,258317,1,1
258315,258316,258317,1,1
258314,258314,258316,2,0
258314,258314,258316,2,0
258314,258315,258316,1,1
258314,258315,258316,1,1
258315,258316,258317,1,1
258314,258314,258316,2,0
258314,258315,258316,1,1
258314,258315,258316,1,1
258315,258316,258317,1,1
258314,258314,258316,2,0
258314,258314,258316,2,0
258314,258315,258316,1,1
258314,258315,258316,1,1
258315,258316,258317,1,1
258314,258314,258316,2,0
258314,258315,258316,1,1
258314,258315,258316,1,1
258315,258316,258317,1,1
258314,258314,258316,2,0
258314,258315,258316,1,1
258314,258315,258316,1,1
258315,258316,258317,1,1
258314,258315,258316,1,1
258314,258315,258316,1,1
258315,258315,258316,1,0
258315,258316,258317,1,1
258315,258316,258317,1,1
258314,258314,258316,2,0
258314,258315,258317,2,1
258314,258315,258317,2,1
258315,258316,258317,1,1
258315,258316,258318,2,1
258315,258316,258318,2,1
258315,258316,258318,2,1
258315,258316,258318,2,1
258315,258316,258317,1,1
258315,258316,258318,2,1
258315,258316,258318,2,1
258315,258316,258318,2,1
258315,258316,258317,1,1
258315,258316,258318,2,1
258315,258316,258318,2,1
258315,258316,258318,2,1
258315,258316,258318,2,1
258315,258316,258318,2,1
258315,258316,258318,2,1
258315,258316,258318,2,1
258315,258316,258318,2,1
258315,258316,258317,1,1
258315,258316,258318,2,1
258315,258316,258317,1,1
258315,258316,258318,2,1
258315,258316,258318,2,1
258315,258316,258318,2,1
258315,258316,258318,2,1
258315,258316,258318,2,1
258315,258316,258318,2,1
258315,258316,258318,2,1
258315,258317,258318,1,2
258315,258316,258318,2,1
258315,258316,258318,2,1
258315,258316,258317,1,1
258315,258316,258318,2,1
258315,258317,258318,1,2
258315,258317,258319,2,2
258315,258317,258318,1,2
258315,258317,258319,2,2
258315,258317,258319,2,2
258315,258317,258318,1,2
258315,258317,258319,2,2
258315,258317,258319,2,2
258315,258317,258319,2,2
258315,258317,258319,2,2
258315,258317,258363,46,2
258365,258365,258366,1,0
258364,258365,258366,1,1
258365,258365,258366,1,0
258365,258365,258366,1,0
258365,258365,258366,1,0
258364,258365,258366,1,1
258365,258365,258366,1,0
258365,258365,258366,1,0
258365,258365,258366,1,0
258365,258365,258366,1,0
258364,258365,258366,1,1
258365,258365,258366,1,0
258365,258365,258366,1,0
258364,258365,258366,1,1
258365,258365,258366,1,0
258364,258365,258366,1,1
258364,258365,258366,1,1
258365,258365,258367,2,0
258365,258365,258366,1,0
258364,258365,258366,1,1
258365,258365,258367,2,0
258365,258365,258367,2,0
258364,258365,258366,1,1
258364,258365,258366,1,1
258365,258365,258367,2,0
258365,258365,258367,2,0
258364,258365,258366,1,1
258364,258365,258366,1,1
258365,258365,258367,2,0
258365,258365,258367,2,0
258364,258365,258366,1,1
258365,258365,258367,2,0
258365,258365,258367,2,0
258364,258365,258366,1,1
258364,258365,258366,1,1
258365,258365,258367,2,0
258365,258365,258367,2,0
258365,258365,258366,1,0
258364,258365,258366,1,1
258364,258365,258366,1,1
258365,258365,258366,1,0
258365,258365,258367,2,0
258364,258365,258366,1,1
258365,258365,258367,2,0
258365,258365,258367,2,0
258365,258365,258366,1,0
258364,258365,258366,1,1
258365,258365,258366,1,0
258365,258365,258367,2,0
258365,258365,258367,2,0
258364,258365,258366,1,1
258364,258365,258366,1,1
258365,258365,258367,2,0
258365,258365,258367,2,0
258399,258399,258400,1,0
258399,258399,258400,1,0
258399,258399,258400,1,0
258399,258399,258400,1,0
258399,258399,258400,1,0
258399,258399,258400,1,0
258399,258399,258400,1,0
258399,258399,258400,1,0
258399,258399,258400,1,0
258399,258399,258400,1,0
258399,258399,258400,1,0
258399,258399,258400,1,0
258399,258399,258400,1,0
258399,258399,258400,1,0
258399,258399,258400,1,0
258399,258399,258400,1,0
258399,258399,258400,1,0
258399,258399,258400,1,0
258399,258399,258400,1,0
258399,258399,258400,1,0
258399,258399,258400,1,0
258399,258399,258400,1,0
258399,258399,258400,1,0
258433,258433,258434,1,0
258433,258433,258434,1,0
258433,258433,258434,1,0
258433,258433,258434,1,0
258433,258433,258435,2,0
258433,258433,258435,2,0
258433,258433,258434,1,0
258433,258433,258434,1,0
258433,258433,258434,1,0
258433,258433,258435,2,0
258433,258433,258434,1,0
258433,258433,258435,2,0
258433,258433,258434,1,0
258433,258433,258434,1,0
258433,258433,258434,1,0
258433,258433,258435,2,0
258433,258433,258434,1,0
258433,258433,258434,1,0
258433,258433,258434,1,0
258433,258433,258434,1,0
258433,258433,258434,1,0
258433,258433,258434,1,0
258433,258433,258434,1,0
258433,258433,258434,1,0
258433,258433,258434,1,0
258399,258399,258459,60,0
258469,258469,258470,1,0
258469,258469,258470,1,0
258469,258469,258470,1,0
258469,258469,258470,1,0
258469,258469,258470,1,0
258469,258469,258470,1,0
258469,258469,258470,1,0
258469,258469,258470,1,0
258469,258469,258470,1,0
258469,258469,258470,1,0
258469,258469,258470,1,0
258469,258469,258471,2,0
258469,258469,258470,1,0
258469,258469,258470,1,0
258469,258469,258470,1,0
258469,258469,258470,1,0
258469,258469,258470,1,0
258469,258469,258471,2,0
258469,258469,258470,1,0
258469,258469,258470,1,0
258469,258469,258470,1,0
258469,258469,258470,1,0
258469,258469,258470,1,0
258469,258469,258470,1,0
258469,258469,258470,1,0
258469,258469,258470,1,0
258469,258469,258470,1,0
258469,258469,258470,1,0
258469,258469,258470,1,0
258469,258469,258470,1,0
258469,258469,258470,1,0
258469,258469,258470,1,0
258450,258450,258499,49,0
258501,258501,258502,1,0
258501,258501,258502,1,0
258501,258501,258502,1,0
258501,258501,258502,1,0
258501,258501,258502,1,0
258501,258501,258502,1,0
258501,258501,258502,1,0
258501,258501,258502,1,0
258501,258501,258502,1,0
258501,258501,258502,1,0
258501,258501,258502,1,0
258501,258501,258502,1,0
258501,258501,258502,1,0
258501,258501,258502,1,0
258501,258501,258502,1,0
258501,258501,258502,1,0
258501,258501,258502,1,0
258501,258501,258503,2,0
258501,258501,258502,1,0
258501,258501,258502,1,0
258501,258501,258503,2,0
258501,258501,258502,1,0
258501,258501,258502,1,0
258501,258501,258503,2,0
258501,258501,258502,1,0
258501,258501,258503,2,0
258501,258501,258503,2,0
258501,258501,258503,2,0
258471,258471,258516,45,0
258469,258469,258520,51,0
258523,258523,258524,1,0
258523,258523,258524,1,0
258523,258523,258524,1,0
258523,258523,258524,1,0
258523,258523,258524,1,0
258523,258523,258524,1,0
258523,258523,258524,1,0
258524,258524,258525,1,0
258523,258523,258524,1,0
258523,258523,258525,2,0
258523,258523,258524,1,0
258524,258524,258525,1,0
258523,258523,258524,1,0
258523,258523,258524,1,0
258523,258523,258525,2,0
258523,258523,258524,1,0
258524,258524,258525,1,0
258524,258524,258525,1,0
258523,258523,258524,1,0
258523,258523,258524,1,0
258524,258524,258525,1,0
258524,258524,258525,1,0
258523,258523,258524,1,0
258523,258523,258524,1,0
258524,258524,258525,1,0
258523,258523,258525,2,0
258523,258523,258524,1,0
258524,258524,258525,1,0
258524,258524,258525,1,0
258523,258523,258524,1,0
258523,258523,258524,1,0
258524,258524,258525,1,0
258523,258523,258524,1,0
258523,258523,258525,2,0
258523,258523,258524,1,0
258524,258524,258525,1,0
258524,258524,258526,2,0
258524,258524,258526,2,0
258524,258524,258526,2,0
258524,258524,258526,2,0
258524,258524,258525,1,0
258524,258524,258526,2,0
258524,258524,258526,2,0
258524,258524,258526,2,0
258524,258524,258526,2,0
258524,258524,258526,2,0
258524,258524,258526,2,0
258524,258524,258525,1,0
258524,258524,258526,2,0
258524,258524,258526,2,0
258524,258524,258526,2,0
258524,258524,258526,2,0
258524,258524,258525,1,0
258524,258524,258526,2,0
258524,258524,258526,2,0
258524,258524,258525,1,0
258524,258524,258526,2,0
258524,258524,258525,1,0
258524,258524,258526,2,0
258492,258492,258539,47,0
258495,258495,258540,45,0
258499,258499,258542,43,0
258500,258500,258544,44,0
258544,258545,258546,1,1
258544,258545,258546,1,1
258544,258544,258545,1,0
258544,258544,258545,1,0
258544,258544,258545,1,0
258544,258544,258545,1,0
258544,258544,258546,2,0
258545,258545,258546,1,0
258544,258544,258545,1,0
258545,258545,258546,1,0
258544,258544,258546,2,0
258545,258545,258546,1,0
258544,258544,258545,1,0
258544,258544,258545,1,0
258544,258544,258545,1,0
258544,258544,258545,1,0
258544,258545,258546,1,1
258544,258545,258547,2,1
258544,258545,258546,1,1
258544,258544,258546,2,0
258544,258544,258546,2,0
258544,258545,258546,1,1
258544,258545,258546,1,1
258544,258544,258546,2,0
258544,258544,258546,2,0
258544,258545,258546,1,1
258544,258545,258546,1,1
258545,258546,258547,1,1
258544,258544,258546,2,0
258544,258544,258546,2,0
258544,258544,258546,2,0
258544,258545,258546,1,1
258544,258545,258546,1,1
258544,258545,258546,1,1
258544,258544,258546,2,0
258544,258544,258546,2,0
258544,258545,258546,1,1
258544,258545,258546,1,1
258544,258545,258546,1,1
258544,258544,258546,2,0
258544,258544,258546,2,0
258544,258544,258546,2,0
258544,258545,258546,1,1
258544,258545,258546,1,1
258544,258544,258546,2,0
258544,258544,258546,2,0
258544,258545,258546,1,1
258544,258545,258546,1,1
258544,258545,258546,1,1
258544,258544,258546,2,0
258544,258544,258546,2,0
258544,258545,258546,1,1
258544,258545,258546,1,1
258545,258546,258547,1,1
258544,258545,258547,2,1
258544,258545,258547,2,1
258545,258546,258547,1,1
258545,258546,258547,1,1
258545,258546,258548,2,1
258545,258546,258548,2,1
258545,258546,258547,1,1
258545,258546,258547,1,1
258545,258546,258547,1,1
258545,258546,258547,1,1
258545,258546,258547,1,1
258545,258546,258547,1,1
258545,258546,258547,1,1
258545,258546,258547,1,1
258545,258546,258547,1,1
258545,258546,258547,1,1
258545,258546,258547,1,1
258545,258546,258547,1,1
258545,258546,258547,1,1
258545,258546,258547,1,1
258545,258546,258547,1,1
258544,258546,258547,1,2
258544,258546,258548,2,2
258544,258546,258547,1,2
258544,258546,258547,1,2
258544,258546,258547,1,2
258497,258497,258549,52,0
258494,258494,258552,58,0
258501,258501,258552,51,0
258503,258503,258553,50,0
258525,258525,258576,51,0
258523,258523,258576,53,0
258580,258580,258581,1,0
258580,258580,258581,1,0
258580,258580,258581,1,0
258580,258580,258581,1,0
258580,258580,258581,1,0
258580,258580,258581,1,0
258580,258580,258581,1,0
258580,258580,258581,1,0
258580,258580,258581,1,0
258580,258580,258581,1,0
258580,258580,258581,1,0
258580,258580,258581,1,0
258580,258580,258581,1,0
258580,258580,258581,1,0
258580,258580,258581,1,0
258580,258580,258581,1,0
258580,258580,258581,1,0
258580,258580,258581,1,0
258580,258580,258581,1,0
258580,258580,258581,1,0
258580,258580,258581,1,0
258580,258580,258581,1,0
258580,258580,258581,1,0
258580,258580,258581,1,0
258580,258580,258581,1,0
258580,258580,258581,1,0
258580,258580,258581,1,0
258580,258580,258581,1,0
258580,258580,258581,1,0
258580,258580,258581,1,0
258580,258580,258581,1,0
258580,258580,258581,1,0
258580,258580,258581,1,0
258580,258580,258581,1,0
258580,258580,258581,1,0
258580,258580,258581,1,0
258580,258580,258581,1,0
258580,258580,258581,1,0
258580,258580,258581,1,0
258580,258580,258582,2,0
258580,258580,258581,1,0
258580,258580,258581,1,0
258580,258580,258582,2,0
258580,258580,258582,2,0
258580,258580,258582,2,0
258580,258580,258582,2,0
258580,258580,258582,2,0
258580,258580,258582,2,0
258580,258580,258582,2,0
258580,258580,258582,2,0
258580,258580,258582,2,0
258580,258580,258582,2,0
258580,258580,258582,2,0
258580,258580,258582,2,0
258580,258580,258582,2,0
258580,258582,258583,1,2
258580,258580,258582,2,0
258580,258580,258582,2,0
258580,258580,258582,2,0
258580,258580,258582,2,0
258580,258580,258582,2,0
258580,258580,258582,2,0
258580,258580,258582,2,0
258580,258580,258582,2,0
258580,258580,258582,2,0
258580,258582,258583,1,2
258580,258580,258582,2,0
258580,258580,258582,2,0
258580,258580,258582,2,0
258580,258580,258582,2,0
258580,258580,258582,2,0
258580,258580,258582,2,0
258580,258582,258583,1,2
258580,258580,258582,2,0
258580,258580,258582,2,0
258580,258580,258582,2,0
258580,258582,258583,1,2
258580,258582,258583,1,2
258580,258580,258582,2,0
258580,258580,258582,2,0
258580,258582,258583,1,2
258580,258582,258583,1,2
258580,258580,258582,2,0
258580,258580,258582,2,0
258580,258582,258583,1,2
258580,258580,258582,2,0
258580,258580,258582,2,0
258580,258582,258583,1,2
258580,258582,258583,1,2
258580,258582,258583,1,2
258580,258582,258583,1,2
258580,258582,258583,1,2
258580,258582,258584,2,2
258580,258582,258583,1,2
258580,258582,258583,1,2
258580,258582,258583,1,2
258580,258582,258583,1,2
258580,258582,258583,1,2
258580,258582,258584,2,2
258580,258582,258583,1,2
258580,258582,258583,1,2
258580,258582,258583,1,2
258580,258582,258583,1,2
258580,258582,258583,1,2
258580,258582,258584,2,2
258580,258583,258584,1,3
258580,258582,258583,1,2
258580,258582,258584,2,2
258580,258583,258584,1,3
258580,258583,258584,1,3
258580,258582,258583,1,2
258580,258582,258583,1,2
258580,258582,258583,1,2
258580,258582,258584,2,2
258580,258582,258583,1,2
258580,258582,258583,1,2
258580,258582,258583,1,2
258580,258582,258583,1,2
258580,258582,258583,1,2
258580,258582,258584,2,2
258580,258582,258583,1,2
258580,258582,258584,2,2
258580,258582,258583,1,2
258580,258582,258583,1,2
258580,258582,258583,1,2
258580,258582,258583,1,2
258580,258582,258583,1,2
258580,258582,258584,2,2
258580,258582,258583,1,2
258580,258582,258584,2,2
258580,258582,258584,2,2
258581,258583,258627,44,2
258632,258632,258633,1,0
258632,258632,258633,1,0
258632,258632,258633,1,0
258632,258632,258633,1,0
258632,258632,258633,1,0
258632,258632,258633,1,0
258632,258632,258633,1,0
258632,258632,258633,1,0
258632,258632,258633,1,0
258632,258632,258633,1,0
258632,258632,258633,1,0
258632,258632,258633,1,0
258632,258632,258633,1,0
258632,258632,258633,1,0
258632,258632,258633,1,0
258632,258632,258633,1,0
258632,258632,258633,1,0
258632,258632,258633,1,0
258632,258632,258633,1,0
258632,258632,258633,1,0
258632,258632,258633,1,0
258632,258632,258633,1,0
258632,258632,258633,1,0
258632,258632,258633,1,0
258632,258632,258633,1,0
258632,258632,258633,1,0
258632,258632,258633,1,0
258632,258632,258633,1,0
258632,258632,258633,1,0
258632,258632,258633,1,0
258632,258632,258633,1,0
258632,258632,258633,1,0
258632,258632,258633,1,0
258632,258632,258634,2,0
258632,258632,258633,1,0
258632,258632,258634,2,0
258632,258632,258634,2,0
258632,258632,258634,2,0
258632,258632,258634,2,0
258632,258632,258633,1,0
258632,258632,258634,2,0
258632,258632,258633,1,0
258632,258632,258634,2,0
258632,258632,258634,2,0
258632,258632,258634,2,0
258632,258632,258634,2,0
258632,258632,258633,1,0
258632,258632,258633,1,0
258632,258632,258634,2,0
258632,258632,258634,2,0
258632,258632,258633,1,0
258632,258632,258634,2,0
258632,258632,258634,2,0
258632,258632,258633,1,0
258632,258632,258633,1,0
258632,258632,258633,1,0
258632,258632,258634,2,0
258632,258632,258634,2,0
258632,258632,258634,2,0
258632,258632,258633,1,0
258632,258632,258634,2,0
258632,258632,258634,2,0
258632,258632,258634,2,0
258632,258633,258678,45,1
258681,258681,258682,1,0
258681,258681,258682,1,0
258681,258681,258682,1,0
258681,258681,258682,1,0
258681,258681,258682,1,0
258681,258681,258682,1,0
258681,258681,258682,1,0
258681,258681,258682,1,0
258681,258681,258682,1,0
258681,258681,258682,1,0
258681,258681,258682,1,0
258681,258681,258682,1,0
258681,258681,258682,1,0
258681,258681,258682,1,0
258681,258681,258682,1,0
258681,258681,258682,1,0
258681,258681,258682,1,0
258681,258681,258682,1,0
258681,258681,258682,1,0
258681,258681,258682,1,0
258681,258681,258682,1,0
258681,258681,258682,1,0
258681,258681,258682,1,0
258681,258681,258682,1,0
258681,258681,258682,1,0
258681,258681,258682,1,0
258681,258681,258682,1,0
258681,258681,258682,1,0
258681,258681,258682,1,0
258681,258681,258682,1,0
258681,258681,258682,1,0
258681,258681,258682,1,0
258681,258681,258682,1,0
258681,258681,258682,1,0
258681,258681,258682,1,0
258681,258681,258682,1,0
258681,258681,258683,2,0
258681,258681,258683,2,0
258681,258681,258683,2,0
258681,258681,258683,2,0
258681,258681,258683,2,0
258681,258681,258683,2,0
258681,258681,258683,2,0
258681,258681,258683,2,0
258681,258681,258683,2,0
258681,258681,258683,2,0
258681,258681,258683,2,0
258681,258681,258683,2,0
258681,258681,258682,1,0
258681,258681,258683,2,0
258681,258681,258683,2,0
258681,258681,258682,1,0
258681,258681,258683,2,0
258681,258681,258683,2,0
258681,258681,258683,2,0
258681,258681,258683,2,0
258681,258681,258683,2,0
258681,258681,258683,2,0
258681,258681,258683,2,0
258681,258681,258683,2,0
258681,258681,258682,1,0
258681,258681,258683,2,0
258681,258681,258683,2,0
258681,258681,258683,2,0
258681,258681,258683,2,0
258681,258681,258683,2,0
258681,258681,258683,2,0
258681,258681,258683,2,0
258716,258716,258717,1,0
258716,258716,258717,1,0
258716,258716,258717,1,0
258716,258716,258717,1,0
258716,258716,258717,1,0
258716,258716,258717,1,0
258716,258716,258718,2,0
258716,258716,258717,1,0
258716,258716,258717,1,0
258716,258716,258717,1,0
258716,258716,258717,1,0
258716,258716,258717,1,0
258716,258716,258717,1,0
258716,258716,258718,2,0
258716,258716,258717,1,0
258716,258716,258717,1,0
258716,258716,258717,1,0
258716,258716,258718,2,0
258716,258716,258717,1,0
258716,258716,258718,2,0
258716,258716,258717,1,0
258716,258716,258717,1,0
258716,258716,258769,53,0
258771,258771,258772,1,0
258771,258771,258772,1,0
258771,258771,258772,1,0
258771,258771,258772,1,0
258771,258771,258772,1,0
258771,258771,258772,1,0
258771,258771,258772,1,0
258771,258771,258772,1,0
258771,258771,258772,1,0
258771,258771,258772,1,0
258771,258771,258772,1,0
258771,258771,258772,1,0
258771,258771,258772,1,0
258771,258771,258772,1,0
258771,258771,258772,1,0
258771,258771,258772,1,0
258771,258771,258772,1,0
258771,258771,258772,1,0
258771,258771,258773,2,0
258771,258771,258772,1,0
258771,258771,258773,2,0
258771,258771,258773,2,0
258771,258771,258772,1,0
258771,258771,258772,1,0
258771,258771,258773,2,0
258771,258771,258772,1,0
258771,258771,258773,2,0
258771,258771,258772,1,0
258771,258771,258773,2,0
258771,258771,258772,1,0
258771,258771,258773,2,0
258771,258771,258772,1,0
258771,258771,258773,2,0
258771,258771,258772,1,0
258768,258768,258813,45,0
258814,258814,258815,1,0
258814,258814,258815,1,0
258814,258814,258815,1,0
258770,258770,258815,45,0
258814,258814,258815,1,0
258814,258814,258815,1,0
258814,258814,258815,1,0
258814,258814,258815,1,0
258814,258814,258815,1,0
258814,258814,258815,1,0
258814,258814,258815,1,0
258814,258814,258815,1,0
258814,258814,258815,1,0
258814,258814,258815,1,0
258814,258814,258815,1,0
258814,258814,258815,1,0
258814,258814,258816,2,0
258814,258814,258815,1,0
258814,258814,258816,2,0
258814,258814,258816,2,0
258814,258814,258815,1,0
258814,258814,258816,2,0
258814,258814,258815,1,0
258814,258814,258816,2,0
258814,258814,258816,2,0
258814,258814,258816,2,0
258814,258814,258816,2,0
258814,258814,258816,2,0
258814,258814,258816,2,0
258814,258814,258816,2,0
258814,258814,258816,2,0
258814,258814,258816,2,0
258816,258816,258817,1,0
258814,258814,258816,2,0
258816,258816,258817,1,0
258816,258816,258817,1,0
258816,258816,258817,1,0
258816,258816,258817,1,0
258814,258814,258816,2,0
258816,258816,258817,1,0
258816,258816,258817,1,0
258816,258816,258817,1,0
258816,258816,258817,1,0
258816,258816,258817,1,0
258816,258816,258817,1,0
258816,258816,258817,1,0
258814,258814,258816,2,0
258816,258816,258817,1,0
258816,258816,258817,1,0
258816,258816,258817,1,0
258816,258816,258817,1,0
258816,258816,258817,1,0
258816,258816,258817,1,0
258816,258816,258818,2,0
258816,258816,258817,1,0
258816,258816,258818,2,0
258816,258816,258817,1,0
258816,258816,258817,1,0
258816,258816,258817,1,0
258816,258816,258817,1,0
258816,258816,258817,1,0
258816,258816,258818,2,0
258816,258816,258817,1,0
258816,258816,258818,2,0
258816,258816,258817,1,0
258816,258816,258818,2,0
258816,258816,258817,1,0
258816,258816,258818,2,0
258816,258816,258818,2,0
258774,258774,258819,45,0
258772,258772,258819,47,0
258769,258769,258820,51,0
258836,258836,258837,1,0
258836,258836,258838,2,0
258836,258836,258837,1,0
258836,258836,258838,2,0
258836,258836,258838,2,0
258836,258836,258837,1,0
258836,258836,258837,1,0
258836,258836,258838,2,0
258836,258836,258837,1,0
258836,258836,258837,1,0
258836,258836,258838,2,0
258836,258836,258837,1,0
258836,258836,258837,1,0
258836,258836,258838,2,0
258792,258792,258838,46,0
258836,258836,258837,1,0
258836,258836,258838,2,0
258836,258836,258837,1,0
258836,258836,258837,1,0
258836,258836,258838,2,0
258836,258836,258837,1,0
258836,258836,258837,1,0
258836,258836,258837,1,0
258836,258836,258837,1,0
258836,258837,258838,1,1
258836,258836,258838,2,0
258836,258837,258838,1,1
258836,258836,258838,2,0
258836,258837,258838,1,1
258836,258837,258838,1,1
258836,258836,258838,2,0
258836,258837,258838,1,1
258836,258837,258838,1,1
258836,258837,258838,1,1
258836,258836,258838,2,0
258836,258837,258839,2,1
258836,258837,258838,1,1
258836,258837,258838,1,1
258836,258836,258838,2,0
258836,258837,258838,1,1
258836,258837,258838,1,1
258836,258836,258838,2,0
258836,258837,258838,1,1
258836,258837,258838,1,1
258836,258837,258838,1,1
258836,258836,258838,2,0
258836,258837,258838,1,1
258836,258837,258838,1,1
258836,258837,258838,1,1
258836,258836,258838,2,0
258836,258837,258838,1,1
258836,258837,258838,1,1
258836,258837,258838,1,1
258795,258795,258844,49,0
258836,258836,258844,8,0
258798,258798,258845,47,0
258836,258836,258845,9,0
258836,258836,258845,9,0
258807,258807,258852,45,0
258801,258801,258855,54,0
258797,258797,258857,60,0
258810,258811,258857,46,1
258803,258803,258858,55,0
258806,258806,258864,58,0
258809,258809,258866,57,0
258874,258874,258875,1,0
258874,258874,258875,1,0
258874,258874,258875,1,0
258874,258874,258875,1,0
258874,258874,258875,1,0
258874,258874,258875,1,0
258874,258874,258875,1,0
258874,258874,258875,1,0
258874,258874,258875,1,0
258874,258874,258875,1,0
258874,258874,258875,1,0
258874,258874,258875,1,0
258874,258874,258875,1,0
258874,258874,258875,1,0
258874,258874,258875,1,0
258874,258874,258875,1,0
258874,258874,258875,1,0
258874,258874,258875,1,0
258874,258874,258875,1,0
258874,258874,258875,1,0
258874,258874,258875,1,0
258874,258874,258875,1,0
258874,258874,258875,1,0
258874,258874,258875,1,0
258874,258874,258875,1,0
258874,258874,258875,1,0
258874,258874,258875,1,0
258874,258874,258875,1,0
258874,258874,258875,1,0
258874,258874,258875,1,0
258874,258874,258875,1,0
258874,258874,258875,1,0
258874,258874,258875,1,0
258874,258874,258875,1,0
258874,258874,258875,1,0
258874,258874,258875,1,0
258874,258874,258875,1,0
258874,258874,258875,1,0
258874,258874,258875,1,0
258874,258874,258875,1,0
258874,258874,258875,1,0
258874,258874,258875,1,0
258874,258874,258875,1,0
258874,258874,258875,1,0
258874,258874,258875,1,0
258874,258874,258875,1,0
258874,258874,258875,1,0
258874,258874,258875,1,0
258874,258874,258875,1,0
258874,258874,258875,1,0
258874,258874,258875,1,0
258874,258874,258875,1,0
258874,258874,258875,1,0
258874,258874,258875,1,0
258874,258874,258876,2,0
258874,258874,258875,1,0
258874,258875,258876,1,1
258874,258875,258876,1,1
258874,258874,258875,1,0
258874,258874,258876,2,0
258874,258874,258876,2,0
258874,258875,258876,1,1
258874,258874,258875,1,0
258874,258874,258876,2,0
258874,258874,258876,2,0
258874,258875,258876,1,1
258874,258874,258875,1,0
258874,258874,258876,2,0
258874,258874,258875,1,0
258874,258875,258876,1,1
258874,258875,258876,1,1
258874,258875,258877,2,1
258874,258874,258876,2,0
258874,258874,258876,2,0
258874,258874,258876,2,0
258874,258874,258876,2,0
258874,258876,258877,1,2
258874,258876,258877,1,2
258874,258876,258877,1,2
258874,258874,258876,2,0
258874,258874,258876,2,0
258874,258874,258876,2,0
258874,258876,258877,1,2
258874,258874,258876,2,0
258874,258876,258877,1,2
258874,258876,258877,1,2
258874,258876,258877,1,2
258874,258876,258877,1,2
258874,258876,258877,1,2
258874,258876,258877,1,2
258874,258876,258877,1,2
258874,258876,258877,1,2
258874,258875,258877,2,1
258874,258875,258877,2,1
258874,258875,258877,2,1
258874,258875,258877,2,1
258874,258875,258877,2,1
258874,258875,258877,2,1
258874,258875,258877,2,1
258874,258875,258877,2,1
258874,258875,258877,2,1
258874,258875,258877,2,1
258874,258876,258877,1,2
258874,258876,258877,1,2
258874,258876,258877,1,2
258874,258876,258877,1,2
258874,258876,258877,1,2
258874,258876,258877,1,2
258874,258876,258877,1,2
258874,258876,258877,1,2
258874,258876,258877,1,2
258874,258876,258877,1,2
258874,258876,258877,1,2
258874,258876,258877,1,2
258874,258876,258877,1,2
258874,258875,258877,2,1
258874,258876,258877,1,2
258874,258876,258877,1,2
258874,258876,258877,1,2
258874,258876,258877,1,2
258874,258876,258877,1,2
258874,258876,258877,1,2
258874,258876,258877,1,2
258874,258877,258878,1,3
258874,258876,258877,1,2
258874,258876,258877,1,2
258874,258876,258877,1,2
258874,258876,258877,1,2
258875,258877,258878,1,2
258813,258813,258878,65,0
258875,258877,258878,1,2
258875,258878,258879,1,3
258874,258877,258878,1,3
258874,258877,258878,1,3
258874,258877,258878,1,3
258874,258877,258878,1,3
258874,258877,258878,1,3
258875,258878,258879,1,3
258874,258877,258879,2,3
258874,258877,258878,1,3
258874,258877,258878,1,3
258874,258877,258879,2,3
258874,258877,258879,2,3
258874,258877,258878,1,3
258874,258877,258878,1,3
258874,258877,258878,1,3
258875,258878,258879,1,3
258874,258877,258878,1,3
258874,258877,258878,1,3
258874,258877,258878,1,3
258874,258877,258878,1,3
258874,258877,258878,1,3
258874,258877,258878,1,3
258875,258878,258879,1,3
258875,258878,258879,1,3
258875,258878,258879,1,3
258875,258878,258879,1,3
258875,258878,258879,1,3
258875,258878,258879,1,3
258875,258878,258879,1,3
258875,258878,258879,1,3
258875,258878,258879,1,3
258875,258878,258879,1,3
258875,258878,258879,1,3
258875,258878,258879,1,3
258875,258878,258879,1,3
258875,258878,258879,1,3
258875,258878,258879,1,3
258875,258878,258879,1,3
258875,258878,258879,1,3
258875,258878,258879,1,3
258817,258817,258904,87,0
258875,258878,258926,48,3
258942,258942,258943,1,0
258942,258942,258944,2,0
258942,258942,258943,1,0
258943,258943,258944,1,0
258942,258942,258943,1,0
258942,258942,258943,1,0
258942,258942,258944,2,0
258942,258942,258943,1,0
258942,258942,258943,1,0
258942,258942,258944,2,0
258942,258943,258944,1,1
258942,258942,258943,1,0
258942,258942,258943,1,0
258942,258942,258944,2,0
258943,258943,258944,1,0
258942,258942,258943,1,0
258942,258942,258943,1,0
258942,258942,258943,1,0
258942,258943,258944,1,1
258943,258943,258944,1,0
258942,258942,258943,1,0
258942,258942,258943,1,0
258942,258942,258944,2,0
258942,258942,258943,1,0
258942,258942,258944,2,0
258942,258942,258944,2,0
258942,258942,258943,1,0
258942,258942,258943,1,0
258943,258943,258944,1,0
258942,258942,258943,1,0
258942,258942,258944,2,0
258942,258942,258944,2,0
258942,258943,258944,1,1
258942,258942,258944,2,0
258942,258942,258944,2,0
258942,258943,258944,1,1
258942,258943,258944,1,1
258943,258943,258944,1,0
258942,258942,258944,2,0
258942,258942,258944,2,0
258942,258943,258944,1,1
258942,258943,258944,1,1
258943,258944,258945,1,1
258942,258942,258944,2,0
258942,258943,258944,1,1
258942,258943,258945,2,1
258942,258943,258944,1,1
258943,258944,258945,1,1
258942,258942,258944,2,0
258942,258943,258944,1,1
258942,258943,258944,1,1
258943,258944,258945,1,1
258943,258944,258945,1,1
258943,258944,258945,1,1
258942,258943,258944,1,1
258942,258943,258944,1,1
258943,258944,258945,1,1
258943,258944,258945,1,1
258942,258943,258944,1,1
258942,258943,258944,1,1
258943,258944,258945,1,1
258942,258942,258944,2,0
258942,258943,258944,1,1
258943,258944,258945,1,1
258942,258943,258944,1,1
258942,258943,258944,1,1
258943,258944,258945,1,1
258942,258943,258944,1,1
258942,258943,258944,1,1
258943,258944,258945,1,1
258943,258944,258945,1,1
258942,258942,258944,2,0
258942,258943,258945,2,1
258943,258944,258945,1,1
258943,258944,258945,1,1
258943,258944,258946,2,1
258943,258944,258946,2,1
258943,258944,258946,2,1
258943,258944,258946,2,1
258943,258944,258946,2,1
258943,258944,258946,2,1
258943,258944,258946,2,1
258943,258944,258946,2,1
258943,258944,258946,2,1
258943,258944,258946,2,1
258943,258944,258946,2,1
258943,258944,258946,2,1
258943,258944,258946,2,1
258943,258944,258946,2,1
258943,258944,258946,2,1
258943,258944,258946,2,1
258943,258944,258946,2,1
258943,258944,258946,2,1
258943,258944,258946,2,1
258943,258944,258946,2,1
258943,258944,258946,2,1
258943,258944,258946,2,1
258943,258944,258946,2,1
258943,258944,258946,2,1
258943,258944,258946,2,1
258943,258944,258946,2,1
258943,258944,258946,2,1
258943,258944,258946,2,1
258943,258944,258946,2,1
258943,258944,258946,2,1
258943,258944,258946,2,1
258943,258944,258946,2,1
258943,258944,258946,2,1
258943,258944,258946,2,1
258943,258944,258946,2,1
258943,258944,258946,2,1
258943,258944,258945,1,1
258943,258944,258946,2,1
258943,258945,258946,1,2
258943,258945,258946,1,2
258943,258945,258946,1,2
258943,258945,258946,1,2
259008,259008,259009,1,0
259008,259008,259009,1,0
259008,259008,259009,1,0
259008,259008,259009,1,0
259008,259008,259009,1,0
259008,259008,259009,1,0
259008,259008,259009,1,0
259008,259008,259009,1,0
259008,259008,259009,1,0
259008,259008,259009,1,0
259008,259008,259009,1,0
259008,259008,259009,1,0
259008,259008,259009,1,0
259008,259008,259009,1,0
259008,259008,259009,1,0
259008,259008,259009,1,0
259008,259008,259009,1,0
259008,259008,259009,1,0
259008,259008,259009,1,0
259008,259008,259009,1,0
259008,259008,259009,1,0
259008,259008,259009,1,0
259008,259008,259009,1,0
259008,259008,259009,1,0
259008,259008,259009,1,0
259008,259008,259009,1,0
259008,259008,259009,1,0
259008,259008,259009,1,0
259008,259008,259009,1,0
259008,259008,259009,1,0
259008,259008,259009,1,0
259008,259008,259009,1,0
259008,259008,259009,1,0
259008,259008,259009,1,0
259008,259008,259009,1,0
259008,259008,259009,1,0
259008,259008,259010,2,0
259008,259008,259009,1,0
259008,259008,259009,1,0
259008,259008,259010,2,0
259008,259008,259009,1,0
259008,259008,259009,1,0
259008,259008,259010,2,0
259008,259008,259010,2,0
259008,259008,259010,2,0
259008,259008,259010,2,0
259008,259008,259010,2,0
259008,259008,259010,2,0
259008,259008,259010,2,0
259008,259008,259010,2,0
259008,259008,259010,2,0
259008,259008,259010,2,0
259008,259008,259010,2,0
259008,259008,259010,2,0
259008,259008,259010,2,0
259008,259008,259010,2,0
259008,259008,259010,2,0
259008,259008,259010,2,0
259008,259008,259010,2,0
259008,259008,259010,2,0
259008,259008,259010,2,0
259008,259008,259010,2,0
259008,259008,259010,2,0
259008,259008,259010,2,0
259008,259008,259010,2,0
259008,259008,259010,2,0
259008,259008,259010,2,0
259008,259008,259010,2,0
259008,259009,259056,47,1
259056,259056,259058,2,0
259056,259056,259058,2,0
259057,259057,259058,1,0
259056,259056,259057,1,0
259056,259056,259057,1,0
259057,259057,259058,1,0
259056,259056,259057,1,0
259056,259056,259057,1,0
259056,259056,259057,1,0
259056,259056,259057,1,0
259057,259057,259058,1,0
259056,259056,259057,1,0
259056,259056,259057,1,0
259056,259056,259058,2,0
259056,259056,259057,1,0
259056,259056,259058,2,0
259056,259057,259058,1,1
259057,259057,259058,1,0
259056,259056,259058,2,0
259057,259057,259058,1,0
259056,259056,259057,1,0
259057,259057,259058,1,0
259057,259057,259058,1,0
259056,259056,259057,1,0
259057,259057,259058,1,0
259057,259057,259058,1,0
259056,259056,259057,1,0
259056,259056,259057,1,0
259057,259057,259058,1,0
259057,259057,259059,2,0
259057,259057,259058,1,0
259056,259056,259058,2,0
259056,259056,259058,2,0
259057,259057,259058,1,0
259057,259057,259059,2,0
259056,259056,259058,2,0
259056,259057,259058,1,1
259057,259057,259058,1,0
259057,259057,259059,2,0
259056,259056,259058,2,0
259056,259056,259058,2,0
259057,259057,259059,2,0
259057,259057,259059,2,0
259056,259056,259058,2,0
259057,259057,259059,2,0
259057,259057,259059,2,0
259056,259056,259058,2,0
259057,259057,259058,1,0
259057,259057,259059,2,0
259057,259057,259058,1,0
259056,259056,259058,2,0
259057,259057,259059,2,0
259057,259057,259058,1,0
259056,259056,259058,2,0
259056,259056,259058,2,0
259057,259057,259058,1,0
259057,259057,259058,1,0
259056,259056,259058,2,0
259056,259056,259058,2,0
259057,259057,259059,2,0
259057,259057,259058,1,0
259056,259056,259058,2,0
259056,259056,259058,2,0
259057,259057,259058,1,0
259057,259057,259059,2,0
259057,259057,259058,1,0
259092,259092,259093,1,0
259092,259092,259093,1,0
259092,259092,259093,1,0
259092,259092,259093,1,0
259092,259092,259093,1,0
259092,259092,259093,1,0
259092,259092,259093,1,0
259092,259092,259093,1,0
259092,259092,259093,1,0
259092,259092,259093,1,0
259092,259092,259093,1,0
259092,259092,259093,1,0
259092,259092,259094,2,0
259092,259092,259094,2,0
259092,259092,259094,2,0
259092,259092,259094,2,0
259092,259092,259093,1,0
259092,259092,259094,2,0
259092,259092,259093,1,0
259092,259092,259094,2,0
259092,259092,259094,2,0
259092,259092,259094,2,0
259092,259092,259094,2,0
259092,259092,259094,2,0
259092,259092,259094,2,0
259092,259092,259094,2,0
259092,259092,259094,2,0
259092,259092,259094,2,0
259092,259092,259094,2,0
259092,259092,259093,1,0
259092,259092,259094,2,0
259092,259092,259093,1,0
259092,259092,259094,2,0
259092,259092,259094,2,0
259093,259093,259142,49,0
259144,259144,259145,1,0
259144,259144,259146,2,0
259144,259144,259145,1,0
259144,259144,259145,1,0
259144,259144,259145,1,0
259144,259144,259145,1,0
259144,259144,259145,1,0
259144,259144,259145,1,0
259144,259144,259146,2,0
259144,259144,259145,1,0
259144,259144,259145,1,0
259144,259144,259145,1,0
259144,259144,259146,2,0
259144,259144,259145,1,0
259144,259144,259145,1,0
259144,259144,259145,1,0
259144,259144,259145,1,0
259144,259144,259145,1,0
259144,259144,259145,1,0
259144,259144,259145,1,0
259144,259144,259145,1,0
259144,259144,259146,2,0
259144,259144,259145,1,0
259143,259143,259196,53,0
259197,259197,259198,1,0
259197,259197,259198,1,0
259197,259197,259198,1,0
259197,259197,259198,1,0
259197,259197,259198,1,0
259197,259197,259198,1,0
259197,259197,259198,1,0
259197,259197,259198,1,0
259197,259197,259198,1,0
259197,259197,259198,1,0
259197,259197,259198,1,0
259197,259197,259199,2,0
259197,259197,259198,1,0
259197,259197,259199,2,0
259197,259197,259199,2,0
259197,259197,259199,2,0
259197,259197,259199,2,0
259197,259197,259199,2,0
259197,259197,259199,2,0
259197,259197,259199,2,0
259197,259197,259199,2,0
259197,259197,259199,2,0
259197,259197,259198,1,0
259197,259197,259199,2,0
259197,259197,259199,2,0
259197,259197,259198,1,0
259197,259197,259199,2,0
259197,259197,259198,1,0
259197,259197,259199,2,0
259197,259197,259199,2,0
259145,259145,259200,55,0
259201,259201,259202,1,0
259201,259201,259202,1,0
259201,259201,259202,1,0
259201,259201,259202,1,0
259201,259201,259202,1,0
259201,259201,259202,1,0
259201,259201,259202,1,0
259201,259201,259202,1,0
259201,259201,259202,1,0
259201,259201,259202,1,0
259201,259201,259202,1,0
259201,259201,259202,1,0
259201,259201,259202,1,0
259201,259201,259202,1,0
259201,259201,259202,1,0
259201,259201,259202,1,0
259201,259201,259202,1,0
259201,259201,259202,1,0
259201,259201,259202,1,0
259201,259201,259202,1,0
259201,259201,259203,2,0
259201,259201,259202,1,0
259201,259201,259202,1,0
259201,259201,259202,1,0
259201,259201,259202,1,0
259201,259201,259202,1,0
259201,259201,259203,2,0
259201,259201,259202,1,0
259201,259201,259202,1,0
259201,259201,259203,2,0
259201,259201,259202,1,0
259201,259201,259202,1,0
259197,259197,259203,6,0
259201,259201,259203,2,0
259197,259197,259214,17,0
259168,259168,259214,46,0
259197,259197,259218,21,0
259197,259197,259221,24,0
259165,259165,259222,57,0
259166,259166,259222,56,0
259177,259177,259222,45,0
259224,259224,259225,1,0
259224,259224,259225,1,0
259224,259225,259226,1,1
259224,259224,259225,1,0
259224,259224,259225,1,0
259224,259224,259225,1,0
259224,259224,259226,2,0
259224,259224,259225,1,0
259224,259224,259226,2,0
259224,259224,259225,1,0
259224,259225,259226,1,1
259224,259224,259225,1,0
259224,259224,259225,1,0
259224,259225,259226,1,1
259224,259225,259226,1,1
259224,259225,259226,1,1
259224,259224,259226,2,0
259224,259224,259226,2,0
259224,259225,259226,1,1
259224,259225,259226,1,1
259224,259224,259226,2,0
259224,259224,259226,2,0
259224,259225,259226,1,1
259224,259226,259227,1,2
259224,259226,259227,1,2
259224,259224,259226,2,0
259224,259224,259226,2,0
259224,259225,259226,1,1
259224,259226,259227,1,2
259224,259224,259226,2,0
259224,259224,259226,2,0
259224,259225,259226,1,1
259224,259225,259226,1,1
259224,259225,259226,1,1
259224,259225,259226,1,1
259224,259224,259226,2,0
259224,259224,259226,2,0
259224,259225,259226,1,1
259224,259225,259226,1,1
259224,259225,259226,1,1
259225,259226,259227,1,1
259224,259224,259226,2,0
259224,259224,259226,2,0
259224,259225,259226,1,1
259224,259225,259226,1,1
259224,259225,259226,1,1
259224,259224,259226,2,0
259224,259225,259226,1,1
259224,259225,259226,1,1
259224,259225,259226,1,1
259224,259225,259226,1,1
259225,259226,259227,1,1
259224,259225,259226,1,1
259224,259225,259226,1,1
259224,259225,259226,1,1
259225,259226,259227,1,1
259225,259226,259227,1,1
259225,259227,259228,1,2
259225,259226,259227,1,1
259225,259226,259228,2,1
259225,259226,259227,1,1
259225,259227,259228,1,2
259225,259226,259227,1,1
259225,259227,259228,1,2
259225,259227,259228,1,2
259225,259226,259228,2,1
259225,259226,259228,2,1
259225,259226,259228,2,1
259225,259227,259228,1,2
259225,259227,259228,1,2
259225,259227,259228,1,2
259225,259227,259228,1,2
259225,259227,259228,1,2
259225,259227,259228,1,2
259225,259227,259228,1,2
259225,259227,259228,1,2
259176,259176,259231,55,0
259172,259172,259232,60,0
259224,259225,259233,8,1
259224,259225,259233,8,1
259224,259225,259233,8,1
259173,259173,259238,65,0
259224,259225,259239,14,1
259196,259196,259243,47,0
259184,259184,259246,62,0
259224,259225,259249,24,1
259224,259225,259249,24,1
259202,259202,259249,47,0
259200,259200,259255,55,0
259261,259262,259263,1,1
259261,259261,259262,1,0
259261,259261,259262,1,0
259261,259262,259263,1,1
259261,259261,259262,1,0
259261,259261,259263,2,0
259261,259261,259262,1,0
259261,259261,259262,1,0
259261,259261,259262,1,0
259261,259261,259262,1,0
259261,259262,259263,1,1
259261,259261,259262,1,0
259261,259262,259263,1,1
259262,259262,259263,1,0
259261,259261,259262,1,0
259261,259261,259263,2,0
259262,259262,259263,1,0
259261,259261,259262,1,0
259261,259261,259262,1,0
259261,259261,259263,2,0
259261,259261,259263,2,0
259261,259261,259263,2,0
259262,259262,259263,1,0
259261,259261,259263,2,0
259261,259261,259263,2,0
259261,259262,259263,1,1
259262,259263,259264,1,1
259261,259261,259263,2,0
259261,259261,259263,2,0
259261,259262,259263,1,1
259261,259262,259263,1,1
259262,259263,259264,1,1
259262,259263,259264,1,1
259261,259261,259263,2,0
259261,259261,259263,2,0
259261,259262,259263,1,1
259261,259262,259263,1,1
259261,259262,259263,1,1
259261,259261,259263,2,0
259261,259261,259263,2,0
259261,259262,259263,1,1
259261,259262,259263,1,1
259261,259262,259263,1,1
259261,259261,259264,3,0
259261,259261,259263,2,0
259261,259262,259263,1,1
259261,259262,259263,1,1
259261,259262,259263,1,1
259261,259261,259263,2,0
259261,259262,259263,1,1
259261,259262,259263,1,1
259261,259262,259263,1,1
259262,259263,259264,1,1
259261,259261,259263,2,0
259261,259261,259263,2,0
259261,259262,259263,1,1
259261,259262,259263,1,1
259262,259263,259264,1,1
259261,259261,259263,2,0
259261,259261,259263,2,0
259261,259262,259263,1,1
259261,259262,259263,1,1
259262,259263,259264,1,1
259262,259263,259264,1,1
259261,259261,259263,2,0
259261,259262,259263,1,1
259261,259262,259263,1,1
259262,259263,259264,1,1
259262,259263,259264,1,1
259262,259264,259265,1,2
259262,259264,259265,1,2
259262,259264,259265,1,2
259262,259264,259265,1,2
259262,259263,259265,2,1
259262,259263,259264,1,1
259262,259263,259264,1,1
259262,259263,259264,1,1
259262,259264,259265,1,2
259262,259264,259265,1,2
259262,259263,259264,1,1
259262,259263,259265,2,1
259262,259263,259264,1,1
259262,259264,259265,1,2
259262,259264,259265,1,2
259262,259264,259265,1,2
259262,259263,259265,2,1
259262,259263,259264,1,1
259262,259263,259264,1,1
259262,259264,259265,1,2
259262,259264,259265,1,2
259262,259263,259265,2,1
259262,259263,259264,1,1
259262,259263,259264,1,1
259262,259264,259265,1,2
259262,259264,259265,1,2
259262,259263,259264,1,1
259262,259263,259265,2,1
259262,259263,259264,1,1
259262,259264,259265,1,2
259262,259264,259265,1,2
259262,259263,259264,1,1
259262,259263,259265,2,1
259262,259263,259264,1,1
259262,259264,259265,1,2
259262,259264,259265,1,2
259262,259264,259265,1,2
259262,259263,259264,1,1
259262,259263,259264,1,1
259262,259264,259265,1,2
259262,259264,259265,1,2
259262,259264,259265,1,2
259262,259264,259265,1,2
259262,259264,259265,1,2
259262,259264,259266,2,2
259262,259264,259266,2,2
259262,259265,259266,1,3
259262,259265,259266,1,3
259262,259265,259266,1,3
259262,259265,259266,1,3
259262,259265,259266,1,3
259262,259264,259266,2,2
259262,259264,259266,2,2
259262,259264,259266,2,2
259262,259264,259266,2,2
259262,259264,259266,2,2
259262,259264,259266,2,2
259262,259264,259266,2,2
259262,259264,259266,2,2
259262,259266,259267,1,4
259262,259264,259266,2,2
259262,259264,259266,2,2
259262,259264,259266,2,2
259262,259264,259266,2,2
259262,259264,259266,2,2
259262,259264,259266,2,2
259262,259264,259266,2,2
259262,259265,259267,2,3
259262,259265,259266,1,3
259262,259265,259266,1,3
259262,259265,259266,1,3
259262,259266,259267,1,4
259262,259265,259266,1,3
259262,259265,259267,2,3
259262,259265,259267,2,3
259262,259266,259267,1,4
259262,259266,259267,1,4
259262,259266,259268,2,4
259262,259266,259267,1,4
259262,259266,259267,1,4
259262,259266,259267,1,4
259262,259266,259268,2,4
259262,259266,259267,1,4
259262,259266,259267,1,4
259262,259266,259268,2,4
259262,259266,259268,2,4
259262,259266,259268,2,4
259262,259266,259267,1,4
259262,259266,259267,1,4
259262,259266,259267,1,4
259262,259266,259268,2,4
259262,259266,259267,1,4
259262,259266,259267,1,4
259262,259266,259268,2,4
259262,259266,259268,2,4
259262,259266,259268,2,4
259262,259266,259268,2,4
259262,259266,259267,1,4
259262,259266,259267,1,4
259262,259266,259267,1,4
259262,259266,259267,1,4
259262,259266,259267,1,4
259262,259266,259268,2,4
259262,259267,259268,1,5
259262,259267,259268,1,5
259262,259267,259268,1,5
259262,259266,259268,2,4
259262,259266,259268,2,4
259262,259266,259268,2,4
259182,259183,259271,88,1
259262,259266,259271,5,4
259226,259227,259275,48,1
259261,259262,259284,22,1
259187,259187,259285,98,0
259193,259193,259287,94,0
259261,259262,259293,31,1
259261,259262,259293,31,1
259315,259315,259316,1,0
259315,259315,259316,1,0
259315,259315,259316,1,0
259315,259315,259317,2,0
259315,259315,259316,1,0
259315,259315,259316,1,0
259315,259315,259316,1,0
259315,259315,259316,1,0
259315,259315,259317,2,0
259315,259315,259317,2,0
259316,259316,259317,1,0
259315,259315,259316,1,0
259315,259315,259316,1,0
259315,259315,259316,1,0
259315,259315,259316,1,0
259316,259316,259317,1,0
259316,259316,259317,1,0
259315,259315,259316,1,0
259316,259316,259317,1,0
259315,259315,259316,1,0
259315,259315,259317,2,0
259316,259316,259317,1,0
259316,259316,259317,1,0
259315,259315,259316,1,0
259315,259315,259316,1,0
259315,259315,259317,2,0
259315,259315,259317,2,0
259316,259316,259317,1,0
259316,259316,259317,1,0
259316,259316,259317,1,0
259315,259315,259317,2,0
259315,259315,259317,2,0
259316,259316,259317,1,0
259316,259316,259317,1,0
259316,259317,259318,1,1
259315,259315,259317,2,0
259315,259315,259317,2,0
259316,259316,259317,1,0
259316,259316,259317,1,0
259316,259317,259318,1,1
259316,259317,259318,1,1
259315,259315,259317,2,0
259316,259316,259317,1,0
259316,259316,259318,2,0
259316,259316,259317,1,0
259316,259317,259318,1,1
259315,259315,259317,2,0
259315,259315,259317,2,0
259316,259316,259317,1,0
259316,259316,259317,1,0
259316,259317,259318,1,1
259316,259317,259318,1,1
259315,259315,259317,2,0
259316,259316,259317,1,0
259316,259316,259317,1,0
259316,259317,259318,1,1
259316,259317,259318,1,1
259315,259315,259317,2,0
259316,259316,259317,1,0
259316,259316,259318,2,0
259316,259317,259318,1,1
259316,259317,259318,1,1
259315,259315,259317,2,0
259316,259316,259318,2,0
259316,259316,259317,1,0
259316,259317,259318,1,1
259316,259317,259318,1,1
259315,259315,259317,2,0
259315,259315,259317,2,0
259316,259316,259317,1,0
259316,259316,259317,1,0
259316,259317,259318,1,1
259316,259317,259318,1,1
259315,259315,259317,2,0
259316,259316,259317,1,0
259316,259317,259318,1,1
259316,259317,259318,1,1
259316,259317,259318,1,1
259316,259317,259318,1,1
259316,259317,259318,1,1
259316,259317,259318,1,1
259316,259317,259318,1,1
259316,259317,259318,1,1
259316,259317,259318,1,1
259316,259317,259318,1,1
259316,259317,259318,1,1
259316,259317,259318,1,1
259316,259317,259318,1,1
259316,259317,259318,1,1
259316,259317,259318,1,1
259316,259317,259318,1,1
259316,259317,259318,1,1
259316,259317,259318,1,1
259316,259317,259319,2,1
259316,259317,259319,2,1
259316,259317,259319,2,1
259316,259317,259319,2,1
259316,259319,259320,1,3
259316,259317,259319,2,1
259316,259319,259320,1,3
259316,259317,259319,2,1
259316,259319,259320,1,3
259316,259317,259319,2,1
259316,259318,259319,1,2
259316,259319,259320,1,3
259316,259317,259319,2,1
259316,259319,259321,2,3
259316,259319,259320,1,3
259316,259319,259320,1,3
259316,259319,259320,1,3
259316,259319,259320,1,3
259316,259319,259320,1,3
259316,259319,259320,1,3
259316,259319,259320,1,3
259316,259319,259320,1,3
259316,259319,259320,1,3
259316,259319,259321,2,3
259316,259319,259320,1,3
259316,259319,259320,1,3
259316,259319,259320,1,3
259316,259319,259320,1,3
259316,259319,259320,1,3
259316,259319,259321,2,3
259316,259319,259320,1,3
259316,259319,259320,1,3
259316,259319,259320,1,3
259316,259319,259320,1,3
259316,259319,259321,2,3
259316,259319,259320,1,3
259316,259319,259320,1,3
259316,259319,259320,1,3
259316,259319,259321,2,3
259316,259319,259320,1,3
259316,259319,259320,1,3
259316,259319,259320,1,3
259316,259319,259320,1,3
259316,259319,259320,1,3
259316,259319,259321,2,3
259316,259319,259320,1,3
259316,259319,259320,1,3
259316,259319,259321,2,3
259180,259180,259329,149,0
259316,259316,259329,13,0
259316,259316,259329,13,0
259316,259316,259330,14,0
259170,259171,259349,178,1
259316,259319,259374,55,3
259174,259175,259378,203,1
259190,259190,259385,195,0
259185,259185,259399,214,0
259400,259400,259401,1,0
259400,259400,259401,1,0
259400,259400,259401,1,0
259400,259400,259401,1,0
259400,259400,259401,1,0
259400,259400,259401,1,0
259400,259400,259401,1,0
259400,259400,259401,1,0
259400,259400,259401,1,0
259400,259400,259401,1,0
259400,259400,259401,1,0
259400,259400,259401,1,0
259400,259400,259401,1,0
259400,259400,259401,1,0
259400,259400,259401,1,0
259400,259400,259401,1,0
259400,259400,259401,1,0
259400,259400,259401,1,0
259400,259400,259401,1,0
259400,259400,259401,1,0
259400,259400,259401,1,0
259400,259400,259401,1,0
259400,259400,259401,1,0
259400,259400,259401,1,0
259400,259400,259401,1,0
259400,259400,259401,1,0
259400,259400,259401,1,0
259400,259400,259401,1,0
259400,259400,259401,1,0
259400,259400,259401,1,0
259400,259400,259401,1,0
259400,259400,259401,1,0
259400,259400,259401,1,0
259400,259400,259401,1,0
259400,259400,259401,1,0
259400,259400,259401,1,0
259400,259400,259402,2,0
259400,259400,259401,1,0
259400,259400,259402,2,0
259400,259400,259402,2,0
259400,259400,259401,1,0
259400,259400,259402,2,0
259400,259400,259402,2,0
259400,259401,259402,1,1
259400,259401,259402,1,1
259400,259400,259401,1,0
259400,259400,259401,1,0
259400,259400,259402,2,0
259400,259400,259401,1,0
259400,259401,259402,1,1
259400,259401,259402,1,1
259400,259401,259402,1,1
259400,259400,259401,1,0
259400,259400,259401,1,0
259400,259400,259402,2,0
259400,259400,259401,1,0
259400,259400,259401,1,0
259400,259400,259401,1,0
259400,259400,259402,2,0
259400,259400,259401,1,0
259400,259401,259402,1,1
259400,259400,259401,1,0
259400,259400,259401,1,0
259400,259400,259402,2,0
259400,259400,259401,1,0
259400,259400,259401,1,0
259400,259400,259401,1,0
259400,259400,259402,2,0
259400,259400,259401,1,0
259400,259400,259401,1,0
259400,259400,259401,1,0
259400,259400,259402,2,0
259400,259400,259401,1,0
259400,259400,259402,2,0
259400,259402,259403,1,2
259400,259400,259403,3,0
259400,259401,259403,2,1
259400,259401,259403,2,1
259400,259402,259403,1,2
259400,259402,259403,1,2
259400,259401,259403,2,1
259400,259401,259403,2,1
259400,259401,259403,2,1
259400,259402,259403,1,2
259400,259402,259403,1,2
259400,259402,259403,1,2
259400,259401,259403,2,1
259400,259401,259403,2,1
259400,259402,259403,1,2
259400,259402,259403,1,2
259400,259401,259403,2,1
259400,259401,259403,2,1
259400,259401,259403,2,1
259400,259401,259403,2,1
259400,259401,259403,2,1
259400,259401,259403,2,1
259400,259401,259403,2,1
259400,259403,259404,1,3
259400,259401,259403,2,1
259400,259402,259404,2,2
259400,259402,259403,1,2
259400,259402,259404,2,2
259400,259402,259404,2,2
259400,259402,259404,2,2
259400,259402,259404,2,2
259400,259401,259404,3,1
259400,259402,259404,2,2
259400,259402,259404,2,2
259400,259402,259404,2,2
259400,259401,259403,2,1
259400,259402,259403,1,2
259400,259402,259403,1,2
259400,259403,259404,1,3
259400,259403,259404,1,3
259400,259401,259404,3,1
259400,259402,259404,2,2
259400,259402,259404,2,2
259481,259481,259482,1,0
259481,259481,259482,1,0
259481,259481,259482,1,0
259481,259481,259482,1,0
259481,259481,259482,1,0
259481,259481,259482,1,0
259481,259481,259482,1,0
259481,259481,259482,1,0
259481,259481,259482,1,0
259481,259481,259482,1,0
259481,259481,259482,1,0
259481,259481,259482,1,0
259481,259481,259482,1,0
259481,259481,259482,1,0
259481,259481,259482,1,0
259481,259481,259482,1,0
259481,259481,259482,1,0
259481,259481,259482,1,0
259481,259481,259482,1,0
259481,259481,259482,1,0
259481,259481,259482,1,0
259481,259481,259482,1,0
259481,259481,259482,1,0
259481,259481,259482,1,0
259481,259481,259482,1,0
259481,259481,259482,1,0
259481,259481,259482,1,0
259481,259481,259482,1,0
259481,259481,259482,1,0
259481,259481,259482,1,0
259481,259481,259482,1,0
259481,259481,259482,1,0
259481,259481,259482,1,0
259481,259481,259482,1,0
259481,259481,259482,1,0
259481,259481,259482,1,0
259481,259481,259482,1,0
259481,259481,259482,1,0
259481,259481,259482,1,0
259481,259481,259482,1,0
259481,259481,259483,2,0
259481,259481,259483,2,0
259481,259481,259483,2,0
259481,259481,259483,2,0
259481,259481,259483,2,0
259481,259481,259483,2,0
259481,259481,259482,1,0
259481,259481,259483,2,0
259481,259481,259483,2,0
259481,259481,259483,2,0
259481,259481,259483,2,0
259481,259481,259482,1,0
259481,259481,259483,2,0
259481,259481,259483,2,0
259481,259481,259483,2,0
259481,259481,259483,2,0
259481,259481,259483,2,0
259481,259481,259483,2,0
259481,259481,259483,2,0
259481,259481,259483,2,0
259481,259481,259483,2,0
259481,259481,259483,2,0
259481,259481,259483,2,0
259481,259481,259483,2,0
259481,259481,259483,2,0
259481,259481,259483,2,0
259481,259481,259483,2,0
259481,259481,259483,2,0
259530,259530,259531,1,0
259530,259530,259531,1,0
259530,259530,259531,1,0
259530,259530,259531,1,0
259530,259530,259531,1,0
259530,259530,259531,1,0
259530,259530,259531,1,0
259530,259530,259531,1,0
259530,259530,259531,1,0
259530,259530,259531,1,0
259530,259530,259531,1,0
259530,259530,259531,1,0
259530,259530,259531,1,0
259530,259530,259532,2,0
259530,259530,259531,1,0
259530,259530,259531,1,0
259530,259530,259531,1,0
259530,259530,259531,1,0
259530,259530,259532,2,0
259530,259530,259532,2,0
259530,259530,259532,2,0
259530,259530,259532,2,0
259530,259530,259531,1,0
259530,259530,259532,2,0
259530,259530,259532,2,0
259530,259530,259532,2,0
259530,259530,259531,1,0
259530,259530,259531,1,0
259530,259530,259532,2,0
259530,259530,259531,1,0
259530,259530,259532,2,0
259530,259530,259532,2,0
259530,259530,259532,2,0
259530,259530,259531,1,0
259481,259482,259537,55,1
259564,259564,259565,1,0
259564,259564,259565,1,0
259564,259564,259565,1,0
259564,259564,259565,1,0
259564,259564,259565,1,0
259564,259564,259565,1,0
259564,259564,259565,1,0
259564,259564,259565,1,0
259564,259564,259565,1,0
259564,259564,259565,1,0
259564,259564,259565,1,0
259564,259564,259565,1,0
259564,259564,259566,2,0
259564,259564,259565,1,0
259564,259564,259565,1,0
259564,259564,259565,1,0
259564,259564,259565,1,0
259564,259564,259565,1,0
259564,259564,259565,1,0
259564,259564,259565,1,0
259564,259564,259566,2,0
259564,259564,259566,2,0
259564,259564,259566,2,0
259564,259564,259613,49,0
259616,259616,259617,1,0
259616,259616,259617,1,0
259616,259616,259617,1,0
259616,259616,259617,1,0
259616,259616,259617,1,0
259616,259616,259617,1,0
259616,259616,259617,1,0
259616,259616,259617,1,0
259616,259616,259617,1,0
259616,259616,259617,1,0
259616,259616,259617,1,0
259616,259616,259617,1,0
259616,259616,259617,1,0
259616,259616,259617,1,0
259616,259616,259617,1,0
259616,259616,259617,1,0
259616,259616,259617,1,0
259616,259616,259617,1,0
259616,259616,259617,1,0
259616,259616,259617,1,0
259616,259616,259617,1,0
259616,259616,259617,1,0
259616,259616,259617,1,0
259616,259616,259617,1,0
259616,259616,259617,1,0
259616,259616,259618,2,0
259618,259618,259665,47,0
259667,259667,259668,1,0
259667,259667,259668,1,0
259667,259667,259668,1,0
259667,259667,259668,1,0
259667,259667,259668,1,0
259667,259667,259668,1,0
259667,259667,259668,1,0
259667,259667,259668,1,0
259667,259667,259668,1,0
259667,259667,259668,1,0
259667,259667,259668,1,0
259667,259667,259669,2,0
259667,259667,259668,1,0
259667,259667,259669,2,0
259667,259667,259668,1,0
259667,259667,259669,2,0
259667,259667,259668,1,0
259667,259667,259669,2,0
259667,259667,259668,1,0
259667,259667,259669,2,0
259667,259667,259669,2,0
259667,259667,259669,2,0
259667,259667,259668,1,0
259667,259667,259668,1,0
259667,259667,259668,1,0
259667,259667,259668,1,0
259667,259667,259669,2,0
259667,259667,259668,1,0
259619,259619,259669,50,0
259667,259667,259669,2,0
259667,259667,259669,2,0
259667,259667,259670,3,0
259667,259667,259671,4,0
259667,259667,259671,4,0
259667,259667,259671,4,0
259670,259671,259672,1,1
259616,259616,259672,56,0
259670,259671,259672,1,1
259670,259671,259672,1,1
259670,259671,259672,1,1
259670,259671,259672,1,1
259670,259671,259672,1,1
259670,259671,259672,1,1
259670,259671,259672,1,1
259670,259671,259672,1,1
259670,259671,259672,1,1
259670,259671,259672,1,1
259670,259671,259672,1,1
259670,259671,259672,1,1
259670,259671,259672,1,1
259670,259671,259672,1,1
259670,259671,259672,1,1
259670,259671,259672,1,1
259670,259671,259672,1,1
259670,259671,259672,1,1
259670,259671,259672,1,1
259670,259671,259672,1,1
259670,259671,259683,12,1
259670,259671,259684,13,1
259690,259690,259691,1,0
259690,259690,259691,1,0
259690,259690,259691,1,0
259690,259690,259691,1,0
259690,259690,259691,1,0
259690,259690,259691,1,0
259690,259690,259691,1,0
259690,259690,259691,1,0
259690,259690,259691,1,0
259690,259690,259691,1,0
259690,259690,259691,1,0
259690,259690,259691,1,0
259690,259690,259691,1,0
259690,259690,259691,1,0
259690,259690,259691,1,0
259690,259690,259691,1,0
259690,259690,259691,1,0
259690,259690,259691,1,0
259690,259690,259691,1,0
259690,259690,259691,1,0
259690,259690,259692,2,0
259690,259690,259691,1,0
259690,259690,259691,1,0
259690,259690,259691,1,0
259690,259690,259692,2,0
259690,259691,259694,3,1
259690,259691,259695,4,1
259690,259691,259695,4,1
259641,259641,259696,55,0
259647,259648,259697,49,1
259690,259691,259696,5,1
259690,259691,259696,5,1
259690,259690,259700,10,0
259639,259639,259700,61,0
259690,259690,259701,11,0
259645,259645,259701,56,0
259651,259651,259704,53,0
259690,259690,259705,15,0
259690,259690,259705,15,0
259646,259646,259707,61,0
259710,259710,259711,1,0
259649,259649,259711,62,0
259710,259710,259711,1,0
259710,259710,259711,1,0
259710,259710,259711,1,0
259710,259710,259711,1,0
259710,259710,259711,1,0
259710,259710,259711,1,0
259710,259710,259711,1,0
259710,259710,259711,1,0
259710,259710,259711,1,0
259710,259710,259711,1,0
259710,259710,259711,1,0
259710,259710,259711,1,0
259710,259710,259711,1,0
259710,259710,259711,1,0
259710,259710,259711,1,0
259710,259710,259711,1,0
259710,259710,259711,1,0
259710,259710,259712,2,0
259710,259710,259711,1,0
259710,259710,259711,1,0
259710,259710,259712,2,0
259710,259710,259711,1,0
259710,259710,259712,2,0
259710,259710,259711,1,0
259710,259710,259711,1,0
259710,259710,259711,1,0
259710,259710,259711,1,0
259710,259710,259711,1,0
259710,259710,259712,2,0
259710,259711,259712,1,1
259710,259711,259712,1,1
259710,259711,259712,1,1
259710,259710,259711,1,0
259710,259710,259711,1,0
259710,259710,259711,1,0
259710,259710,259712,2,0
259710,259710,259712,2,0
259710,259711,259712,1,1
259710,259710,259711,1,0
259710,259710,259712,2,0
259710,259710,259712,2,0
259710,259710,259711,1,0
259710,259711,259712,1,1
259710,259711,259712,1,1
259710,259710,259711,1,0
259710,259710,259711,1,0
259710,259710,259711,1,0
259710,259710,259712,2,0
259710,259711,259712,1,1
259710,259711,259712,1,1
259710,259710,259711,1,0
259710,259710,259712,2,0
259710,259710,259711,1,0
259710,259710,259711,1,0
259710,259711,259712,1,1
259710,259711,259712,1,1
259710,259710,259712,2,0
259710,259710,259711,1,0
259710,259710,259711,1,0
259710,259710,259712,2,0
259710,259710,259712,2,0
259710,259710,259711,1,0
259710,259710,259711,1,0
259710,259710,259711,1,0
259710,259710,259712,2,0
259710,259710,259711,1,0
259710,259710,259712,2,0
259710,259710,259711,1,0
259710,259711,259712,1,1
259710,259712,259713,1,2
259710,259712,259713,1,2
259710,259712,259713,1,2
259710,259712,259713,1,2
259710,259712,259713,1,2
259710,259712,259713,1,2
259710,259712,259713,1,2
259710,259711,259712,1,1
259710,259711,259713,2,1
259710,259711,259713,2,1
259710,259711,259712,1,1
259710,259711,259713,2,1
259710,259711,259713,2,1
259710,259712,259713,1,2
259710,259711,259712,1,1
259710,259711,259713,2,1
259710,259712,259713,1,2
259710,259711,259713,2,1
259710,259711,259712,1,1
259710,259711,259712,1,1
259710,259712,259713,1,2
259710,259712,259713,1,2
259710,259711,259712,1,1
259710,259711,259713,2,1
259710,259712,259713,1,2
259710,259712,259713,1,2
259710,259712,259714,2,2
259710,259712,259713,1,2
259710,259712,259714,2,2
259710,259712,259714,2,2
259710,259712,259713,1,2
259710,259712,259714,2,2
259710,259712,259714,2,2
259710,259712,259714,2,2
259710,259712,259714,2,2
259710,259712,259714,2,2
259710,259712,259713,1,2
259710,259712,259714,2,2
259710,259712,259714,2,2
259710,259712,259714,2,2
259710,259712,259714,2,2
259710,259712,259714,2,2
259710,259712,259714,2,2
259710,259712,259714,2,2
259710,259712,259714,2,2
259710,259712,259714,2,2
259710,259712,259714,2,2
259643,259643,259714,71,0
259710,259712,259715,3,2
259710,259714,259716,2,4
259710,259714,259716,2,4
259710,259714,259715,1,4
259710,259714,259715,1,4
259710,259714,259715,1,4
259654,259659,259716,57,5
259650,259650,259719,69,0
259691,259691,259736,45,0
259658,259659,259742,83,1
259670,259670,259747,77,0
259663,259663,259748,85,0
259666,259666,259754,88,0
259657,259660,259755,95,3
259761,259761,259762,1,0
259761,259761,259762,1,0
259761,259761,259762,1,0
259761,259761,259762,1,0
259761,259761,259762,1,0
259761,259761,259762,1,0
259761,259761,259762,1,0
259761,259761,259762,1,0
259761,259761,259762,1,0
259761,259761,259762,1,0
259761,259761,259762,1,0
259761,259761,259762,1,0
259761,259761,259762,1,0
259761,259761,259762,1,0
259761,259761,259762,1,0
259761,259761,259762,1,0
259761,259761,259762,1,0
259761,259761,259762,1,0
259761,259761,259762,1,0
259761,259761,259762,1,0
259761,259761,259762,1,0
259761,259761,259762,1,0
259761,259761,259762,1,0
259761,259761,259762,1,0
259761,259761,259762,1,0
259761,259761,259762,1,0
259761,259761,259762,1,0
259761,259761,259762,1,0
259761,259761,259762,1,0
259761,259761,259762,1,0
259761,259761,259762,1,0
259761,259761,259762,1,0
259761,259761,259762,1,0
259761,259761,259762,1,0
259761,259761,259762,1,0
259761,259761,259762,1,0
259761,259761,259762,1,0
259761,259761,259762,1,0
259761,259761,259762,1,0
259761,259761,259762,1,0
259761,259761,259762,1,0
259761,259761,259762,1,0
259761,259761,259762,1,0
259761,259761,259762,1,0
259761,259761,259762,1,0
259761,259761,259762,1,0
259761,259761,259762,1,0
259761,259761,259762,1,0
259761,259761,259762,1,0
259761,259761,259762,1,0
259761,259761,259762,1,0
259761,259761,259762,1,0
259761,259761,259763,2,0
259761,259761,259763,2,0
259761,259761,259763,2,0
259761,259761,259762,1,0
259761,259761,259762,1,0
259761,259761,259762,1,0
259761,259761,259763,2,0
259761,259761,259763,2,0
259761,259761,259763,2,0
259761,259761,259763,2,0
259761,259761,259763,2,0
259761,259761,259763,2,0
259761,259761,259763,2,0
259761,259763,259764,1,2
259761,259761,259763,2,0
259761,259761,259763,2,0
259761,259763,259764,1,2
259761,259761,259763,2,0
259761,259761,259763,2,0
259761,259763,259764,1,2
259761,259761,259763,2,0
259761,259761,259763,2,0
259761,259761,259763,2,0
259761,259761,259763,2,0
259761,259763,259764,1,2
259761,259761,259763,2,0
259761,259761,259763,2,0
259761,259763,259764,1,2
259761,259761,259763,2,0
259761,259761,259763,2,0
259761,259763,259764,1,2
259761,259761,259763,2,0
259761,259763,259764,1,2
259761,259763,259764,1,2
259761,259761,259763,2,0
259761,259763,259764,1,2
259761,259763,259764,1,2
259761,259763,259764,1,2
259761,259763,259764,1,2
259761,259763,259764,1,2
259761,259763,259765,2,2
259761,259764,259765,1,3
259761,259763,259764,1,2
259761,259763,259765,2,2
259761,259764,259765,1,3
259761,259763,259764,1,2
259761,259763,259764,1,2
259761,259763,259764,1,2
259761,259763,259764,1,2
259761,259763,259765,2,2
259761,259763,259764,1,2
259761,259763,259764,1,2
259761,259763,259764,1,2
259761,259763,259765,2,2
259761,259763,259765,2,2
259761,259763,259764,1,2
259761,259763,259764,1,2
259761,259763,259764,1,2
259761,259763,259764,1,2
259761,259763,259765,2,2
259761,259764,259765,1,3
259761,259763,259764,1,2
259761,259763,259764,1,2
259761,259763,259764,1,2
259761,259763,259764,1,2
259761,259763,259764,1,2
259761,259763,259764,1,2
259761,259763,259765,2,2
259761,259763,259764,1,2
259761,259763,259765,2,2
259761,259763,259764,1,2
259761,259763,259765,2,2
259761,259763,259764,1,2
259761,259763,259765,2,2
259761,259763,259765,2,2
259761,259763,259765,2,2
259761,259763,259765,2,2
259761,259763,259764,1,2
259761,259763,259765,2,2
259761,259763,259765,2,2
259761,259764,259765,1,3
259761,259763,259764,1,2
259761,259763,259765,2,2
259761,259763,259764,1,2
259761,259763,259764,1,2
259761,259763,259764,1,2
259761,259764,259765,1,3
259761,259764,259765,1,3
259761,259764,259765,1,3
259761,259764,259766,2,3
259761,259764,259766,2,3
259761,259764,259766,2,3
259660,259660,259766,106,0
259762,259765,259766,1,3
259762,259765,259766,1,3
259762,259765,259766,1,3
259762,259765,259766,1,3
259762,259765,259766,1,3
259762,259765,259766,1,3
259761,259764,259765,1,3
259761,259764,259765,1,3
259761,259764,259766,2,3
259761,259764,259766,2,3
259762,259765,259766,1,3
259762,259765,259766,1,3
259761,259763,259765,2,2
259761,259764,259765,1,3
259761,259764,259765,1,3
259761,259764,259765,1,3
259762,259765,259766,1,3
259761,259763,259765,2,2
259761,259764,259765,1,3
259761,259764,259766,2,3
259761,259764,259765,1,3
259761,259764,259765,1,3
259761,259764,259766,2,3
259761,259764,259766,2,3
259761,259764,259765,1,3
259761,259764,259765,1,3
259761,259764,259765,1,3
259761,259764,259766,2,3
259761,259764,259765,1,3
259762,259765,259767,2,3
259762,259765,259767,2,3
259762,259765,259767,2,3
259762,259765,259767,2,3
259762,259765,259767,2,3
259762,259765,259766,1,3
259762,259765,259766,1,3
259762,259765,259767,2,3
259762,259765,259767,2,3
259762,259765,259767,2,3
259762,259765,259767,2,3
259762,259765,259767,2,3
259762,259765,259767,2,3
259762,259765,259766,1,3
259762,259765,259767,2,3
259762,259765,259767,2,3
259762,259765,259767,2,3
259762,259765,259767,2,3
259762,259765,259766,1,3
259762,259765,259767,2,3
259762,259765,259767,2,3
259762,259765,259767,2,3
259762,259765,259767,2,3
259762,259765,259767,2,3
259762,259765,259767,2,3
259762,259765,259815,50,3
259831,259831,259832,1,0
259831,259831,259832,1,0
259831,259831,259832,1,0
259831,259831,259832,1,0
259831,259831,259832,1,0
259831,259832,259833,1,1
259831,259831,259832,1,0
259831,259831,259832,1,0
259831,259831,259832,1,0
259831,259831,259832,1,0
259832,259832,259833,1,0
259831,259831,259832,1,0
259832,259832,259833,1,0
259832,259832,259833,1,0
259831,259831,259832,1,0
259831,259831,259832,1,0
259831,259831,259833,2,0
259831,259831,259833,2,0
259832,259832,259833,1,0
259832,259832,259833,1,0
259831,259831,259833,2,0
259831,259831,259832,1,0
259831,259832,259833,1,1
259832,259832,259833,1,0
259831,259831,259833,2,0
259832,259832,259833,1,0
259832,259832,259833,1,0
259832,259832,259833,1,0
259831,259831,259832,1,0
259831,259831,259833,2,0
259831,259831,259833,2,0
259832,259832,259833,1,0
259832,259832,259833,1,0
259831,259831,259833,2,0
259831,259831,259833,2,0
259831,259832,259834,2,1
259831,259832,259833,1,1
259832,259833,259834,1,1
259831,259831,259833,2,0
259831,259831,259833,2,0
259831,259832,259834,2,1
259831,259832,259833,1,1
259831,259832,259833,1,1
259832,259833,259834,1,1
259831,259831,259833,2,0
259831,259831,259833,2,0
259831,259832,259833,1,1
259831,259832,259834,2,1
259832,259833,259834,1,1
259832,259833,259834,1,1
259831,259831,259833,2,0
259831,259831,259833,2,0
259831,259832,259833,1,1
259831,259832,259833,1,1
259832,259833,259834,1,1
259831,259831,259833,2,0
259831,259832,259833,1,1
259831,259832,259834,2,1
259831,259832,259833,1,1
259832,259833,259834,1,1
259832,259833,259834,1,1
259831,259831,259833,2,0
259831,259832,259833,1,1
259831,259832,259834,2,1
259832,259832,259833,1,0
259832,259833,259834,1,1
259832,259833,259834,1,1
259831,259831,259833,2,0
259831,259832,259833,1,1
259831,259832,259833,1,1
259831,259832,259833,1,1
259832,259833,259834,1,1
259831,259831,259833,2,0
259831,259831,259833,2,0
259831,259832,259833,1,1
259831,259832,259834,2,1
259832,259833,259834,1,1
259831,259831,259833,2,0
259831,259832,259834,2,1
259832,259833,259834,1,1
259832,259833,259834,1,1
259831,259832,259833,1,1
259831,259832,259833,1,1
259832,259833,259834,1,1
259832,259833,259835,2,1
259832,259833,259834,1,1
259832,259833,259835,2,1
259832,259833,259834,1,1
259832,259833,259835,2,1
259832,259833,259835,2,1
259831,259832,259834,2,1
259832,259833,259835,2,1
259832,259833,259835,2,1
259832,259833,259835,2,1
259832,259833,259834,1,1
259832,259833,259835,2,1
259832,259833,259835,2,1
259832,259833,259835,2,1
259832,259833,259835,2,1
259832,259833,259834,1,1
259832,259833,259834,1,1
259832,259833,259835,2,1
259832,259833,259835,2,1
259832,259833,259835,2,1
259832,259833,259834,1,1
259832,259833,259835,2,1
259832,259833,259834,1,1
259832,259833,259835,2,1
259832,259833,259834,1,1
259832,259834,259835,1,2
259832,259833,259835,2,1
259832,259833,259835,2,1
259832,259833,259834,1,1
259832,259833,259834,1,1
259832,259834,259835,1,2
259832,259834,259836,2,2
259832,259834,259836,2,2
259832,259834,259835,1,2
259832,259834,259836,2,2
259832,259834,259835,1,2
259832,259834,259836,2,2
259832,259834,259836,2,2
259832,259834,259836,2,2
259832,259834,259836,2,2
259832,259834,259836,2,2
259832,259834,259836,2,2
259832,259834,259836,2,2
259898,259898,259899,1,0
259898,259898,259899,1,0
259898,259898,259899,1,0
259898,259898,259899,1,0
259898,259898,259900,2,0
259898,259898,259899,1,0
259898,259898,259899,1,0
259898,259898,259899,1,0
259898,259898,259899,1,0
259898,259898,259899,1,0
259898,259898,259899,1,0
259898,259898,259899,1,0
259898,259898,259899,1,0
259898,259898,259899,1,0
259898,259898,259899,1,0
259898,259898,259899,1,0
259898,259898,259899,1,0
259898,259899,259900,1,1
259898,259898,259899,1,0
259898,259898,259899,1,0
259898,259898,259899,1,0
259898,259899,259900,1,1
259898,259898,259900,2,0
259898,259898,259900,2,0
259898,259899,259900,1,1
259898,259899,259900,1,1
259898,259898,259900,2,0
259898,259898,259900,2,0
259898,259899,259900,1,1
259898,259899,259900,1,1
259898,259899,259900,1,1
259898,259899,259900,1,1
259898,259898,259900,2,0
259898,259899,259900,1,1
259898,259899,259900,1,1
259898,259898,259900,2,0
259898,259899,259900,1,1
259898,259899,259900,1,1
259898,259898,259900,2,0
259898,259898,259900,2,0
259898,259898,259900,2,0
259898,259899,259900,1,1
259898,259899,259900,1,1
259898,259898,259900,2,0
259898,259898,259900,2,0
259898,259899,259900,1,1
259898,259899,259900,1,1
259898,259898,259900,2,0
259898,259899,259900,1,1
259898,259899,259900,1,1
259898,259898,259900,2,0
259898,259899,259900,1,1
259898,259898,259900,2,0
259898,259899,259900,1,1
259899,259899,259945,46,0
259948,259948,259949,1,0
259948,259948,259950,2,0
259948,259948,259950,2,0
259948,259948,259949,1,0
259948,259948,259949,1,0
259948,259948,259950,2,0
259948,259949,259950,1,1
259948,259948,259949,1,0
259948,259948,259949,1,0
259948,259949,259950,1,1
259948,259948,259949,1,0
259948,259948,259949,1,0
259948,259948,259950,2,0
259948,259948,259950,2,0
259948,259948,259949,1,0
259948,259948,259949,1,0
259948,259948,259949,1,0
259948,259948,259949,1,0
259948,259948,259949,1,0
259948,259948,259949,1,0
259948,259948,259950,2,0
259948,259949,259950,1,1
259948,259948,259949,1,0
259948,259948,259949,1,0
259948,259948,259950,2,0
259948,259948,259950,2,0
259948,259948,259950,2,0
259948,259949,259950,1,1
259948,259949,259950,1,1
259948,259948,259950,2,0
259948,259949,259950,1,1
259948,259949,259950,1,1
259948,259948,259950,2,0
259948,259949,259950,1,1
259948,259949,259950,1,1
259948,259948,259950,2,0
259948,259948,259950,2,0
259948,259949,259950,1,1
259948,259949,259950,1,1
259948,259948,259950,2,0
259948,259949,259950,1,1
259948,259949,259950,1,1
259948,259948,259950,2,0
259948,259949,259950,1,1
259948,259949,259950,1,1
259948,259948,259950,2,0
259948,259949,259950,1,1
259948,259949,259950,1,1
259948,259948,259950,2,0
259948,259948,259950,2,0
259948,259949,259950,1,1
259948,259949,259950,1,1
259948,259948,259950,2,0
259948,259949,259950,1,1
259948,259949,259950,1,1
259948,259949,259950,1,1
259948,259949,259951,2,1
259949,259949,259994,45,0
259999,259999,260000,1,0
259999,259999,260000,1,0
259999,259999,260000,1,0
259999,259999,260000,1,0
259999,259999,260000,1,0
259999,259999,260000,1,0
259999,259999,260000,1,0
259999,259999,260001,2,0
259999,259999,260000,1,0
259999,259999,260001,2,0
259999,259999,260000,1,0
259999,259999,260000,1,0
259999,259999,260001,2,0
259999,259999,260001,2,0
259999,259999,260000,1,0
259999,259999,260000,1,0
259999,259999,260000,1,0
259999,259999,260000,1,0
259999,259999,260000,1,0
259999,259999,260000,1,0
259999,259999,260000,1,0
259999,259999,260000,1,0
259999,259999,260000,1,0
259999,259999,260000,1,0
260034,260034,260035,1,0
260034,260034,260035,1,0
260034,260034,260035,1,0
260034,260034,260035,1,0
260034,260034,260035,1,0
260034,260034,260035,1,0
260034,260034,260035,1,0
260034,260034,260035,1,0
260034,260034,260035,1,0
260034,260034,260035,1,0
260034,260034,260035,1,0
260034,260034,260035,1,0
260034,260034,260036,2,0
260034,260034,260036,2,0
260034,260034,260036,2,0
260034,260034,260036,2,0
260034,260034,260036,2,0
260034,260034,260036,2,0
260034,260034,260036,2,0
260034,260034,260036,2,0
260034,260034,260036,2,0
260034,260034,260036,2,0
260034,260034,260035,1,0
260034,260034,260036,2,0
260034,260034,260036,2,0
260034,260034,260036,2,0
260034,260034,260036,2,0
260034,260034,260035,1,0
260034,260034,260036,2,0
260034,260034,260036,2,0
260034,260034,260036,2,0
260034,260034,260036,2,0
260034,260034,260048,14,0
260034,260034,260049,15,0
259999,259999,260053,54,0
260071,260071,260072,1,0
260071,260071,260072,1,0
260071,260071,260072,1,0
260071,260071,260072,1,0
260071,260071,260072,1,0
260071,260071,260072,1,0
260071,260071,260072,1,0
260071,260071,260072,1,0
260071,260071,260072,1,0
260071,260071,260072,1,0
260071,260071,260072,1,0
260071,260071,260072,1,0
260071,260071,260072,1,0
260071,260071,260072,1,0
260071,260071,260072,1,0
260071,260071,260072,1,0
260071,260071,260072,1,0
260071,260071,260073,2,0
260071,260071,260073,2,0
260071,260071,260073,2,0
260071,260071,260072,1,0
260071,260071,260073,2,0
260071,260071,260072,1,0
260071,260071,260073,2,0
260071,260071,260073,2,0
260071,260071,260073,2,0
260071,260071,260073,2,0
260071,260071,260073,2,0
260071,260071,260073,2,0
260071,260071,260073,2,0
260071,260071,260073,2,0
260071,260071,260073,2,0
260071,260071,260073,2,0
260071,260071,260073,2,0
260052,260052,260098,46,0
260099,260099,260100,1,0
260099,260099,260100,1,0
260099,260099,260100,1,0
260099,260099,260100,1,0
260099,260099,260100,1,0
260099,260099,260100,1,0
260099,260099,260100,1,0
260099,260099,260100,1,0
260099,260099,260100,1,0
260099,260099,260100,1,0
260099,260099,260100,1,0
260099,260099,260100,1,0
260099,260099,260100,1,0
260099,260099,260101,2,0
260099,260099,260101,2,0
260099,260099,260101,2,0
260099,260099,260101,2,0
260099,260099,260101,2,0
260099,260099,260101,2,0
260099,260099,260101,2,0
260099,260099,260101,2,0
260099,260099,260101,2,0
260099,260099,260101,2,0
260099,260099,260100,1,0
260099,260099,260101,2,0
260099,260099,260101,2,0
260099,260099,260101,2,0
260099,260099,260101,2,0
260099,260099,260101,2,0
260099,260099,260101,2,0
260099,260099,260101,2,0
260099,260099,260101,2,0
260099,260099,260101,2,0
260099,260099,260101,2,0
260073,260073,260119,46,0
260121,260121,260122,1,0
260121,260121,260122,1,0
260121,260121,260122,1,0
260121,260121,260122,1,0
260121,260121,260122,1,0
260121,260121,260122,1,0
260121,260121,260122,1,0
260121,260121,260122,1,0
260121,260121,260122,1,0
260121,260121,260122,1,0
260072,260072,260122,50,0
260121,260121,260122,1,0
260121,260121,260122,1,0
260121,260121,260122,1,0
260121,260121,260122,1,0
260121,260121,260122,1,0
260121,260121,260122,1,0
260121,260121,260122,1,0
260121,260121,260122,1,0
260121,260121,260122,1,0
260121,260121,260122,1,0
260121,260121,260122,1,0
260121,260121,260122,1,0
260121,260121,260122,1,0
260121,260121,260122,1,0
260121,260121,260122,1,0
260121,260121,260122,1,0
260121,260121,260122,1,0
260093,260093,260138,45,0
260141,260141,260142,1,0
260141,260141,260142,1,0
260141,260141,260142,1,0
260141,260141,260142,1,0
260141,260141,260142,1,0
260141,260141,260142,1,0
260141,260141,260142,1,0
260141,260141,260142,1,0
260141,260141,260142,1,0
260141,260141,260142,1,0
260141,260141,260142,1,0
260141,260141,260142,1,0
260141,260141,260142,1,0
260141,260141,260142,1,0
260141,260141,260142,1,0
260141,260141,260142,1,0
260141,260141,260143,2,0
260141,260141,260143,2,0
260141,260141,260142,1,0
260141,260141,260143,2,0
260141,260141,260143,2,0
260141,260141,260142,1,0
260141,260141,260143,2,0
260141,260141,260143,2,0
260141,260141,260143,2,0
260141,260141,260143,2,0
260141,260141,260143,2,0
260141,260141,260143,2,0
260141,260141,260143,2,0
260143,260143,260144,1,0
260141,260141,260143,2,0
260141,260141,260143,2,0
260141,260141,260143,2,0
260143,260143,260144,1,0
260143,260143,260144,1,0
260143,260143,260144,1,0
260143,260143,260145,2,0
260143,260143,260144,1,0
260143,260143,260144,1,0
260143,260143,260144,1,0
260143,260143,260144,1,0
260143,260143,260144,1,0
260143,260143,260144,1,0
260143,260143,260144,1,0
260143,260143,260144,1,0
260143,260143,260144,1,0
260143,260143,260144,1,0
260143,260143,260144,1,0
260143,260143,260144,1,0
260143,260143,260144,1,0
260099,260099,260144,45,0
260143,260143,260144,1,0
260143,260143,260144,1,0
260143,260143,260144,1,0
260141,260141,260143,2,0
260141,260141,260143,2,0
260096,260096,260145,49,0
260143,260145,260146,1,2
260143,260145,260146,1,2
260143,260145,260146,1,2
260146,260146,260147,1,0
260146,260146,260147,1,0
260146,260146,260147,1,0
260146,260146,260147,1,0
260146,260146,260147,1,0
260146,260146,260147,1,0
260146,260146,260147,1,0
260146,260146,260147,1,0
260146,260146,260147,1,0
260146,260146,260147,1,0
260146,260146,260147,1,0
260146,260146,260147,1,0
260146,260146,260147,1,0
260146,260146,260148,2,0
260146,260146,260147,1,0
260146,260146,260147,1,0
260146,260146,260147,1,0
260146,260146,260147,1,0
260146,260146,260147,1,0
260146,260146,260147,1,0
260097,260097,260150,53,0
260100,260100,260160,60,0
260101,260101,260162,61,0
260094,260094,260165,71,0
260123,260123,260169,46,0
260181,260182,260183,1,1
260182,260182,260183,1,0
260181,260182,260183,1,1
260181,260182,260183,1,1
260182,260182,260183,1,0
260182,260182,260183,1,0
260182,260182,260183,1,0
260181,260182,260183,1,1
260182,260182,260183,1,0
260182,260182,260183,1,0
260181,260182,260183,1,1
260181,260182,260183,1,1
260181,260182,260183,1,1
260182,260182,260183,1,0
260182,260182,260183,1,0
260181,260182,260183,1,1
260181,260182,260183,1,1
260182,260182,260183,1,0
260182,260182,260183,1,0
260181,260182,260183,1,1
260182,260182,260183,1,0
260182,260182,260183,1,0
260181,260182,260183,1,1
260181,260182,260183,1,1
260182,260182,260183,1,0
260182,260182,260183,1,0
260181,260182,260183,1,1
260182,260182,260183,1,0
260182,260182,260183,1,0
260181,260182,260183,1,1
260182,260182,260183,1,0
260182,260182,260183,1,0
260181,260182,260183,1,1
260181,260182,260183,1,1
260182,260182,260183,1,0
260182,260182,260183,1,0
260182,260182,260183,1,0
260181,260182,260183,1,1
260182,260182,260183,1,0
260182,260182,260183,1,0
260182,260183,260184,1,1
260182,260182,260183,1,0
260182,260182,260183,1,0
260182,260182,260183,1,0
260182,260182,260183,1,0
260181,260182,260183,1,1
260182,260182,260183,1,0
260182,260182,260183,1,0
260181,260182,260183,1,1
260181,260182,260183,1,1
260182,260182,260183,1,0
260182,260182,260183,1,0
260181,260182,260183,1,1
260182,260182,260183,1,0
260182,260182,260184,2,0
260182,260182,260184,2,0
260182,260182,260183,1,0
260182,260183,260184,1,1
260181,260182,260183,1,1
260182,260182,260183,1,0
260182,260182,260183,1,0
260182,260182,260184,2,0
260182,260182,260183,1,0
260182,260183,260184,1,1
260182,260182,260183,1,0
260182,260182,260183,1,0
260182,260183,260184,1,1
260182,260183,260185,2,1
260182,260183,260184,1,1
260182,260183,260184,1,1
260182,260183,260185,2,1
260182,260183,260185,2,1
260182,260183,260184,1,1
260182,260183,260185,2,1
260182,260183,260185,2,1
260182,260183,260184,1,1
260182,260183,260185,2,1
260182,260183,260185,2,1
260182,260183,260184,1,1
260182,260183,260185,2,1
260182,260183,260185,2,1
260182,260183,260185,2,1
260182,260183,260184,1,1
260182,260183,260185,2,1
260182,260183,260185,2,1
260182,260183,260185,2,1
260182,260183,260186,3,1
260145,260145,260192,47,0
260143,260143,260195,52,0
260216,260217,260218,1,1
260216,260217,260218,1,1
260217,260217,260218,1,0
260216,260217,260218,1,1
260217,260217,260218,1,0
260217,260217,260218,1,0
260216,260217,260218,1,1
260217,260217,260218,1,0
260216,260217,260218,1,1
260216,260217,260218,1,1
260217,260217,260218,1,0
260217,260217,260218,1,0
260216,260217,260218,1,1
260216,260217,260218,1,1
260217,260217,260218,1,0
260217,260217,260218,1,0
260217,260217,260218,1,0
260217,260217,260218,1,0
260216,260217,260218,1,1
260217,260217,260218,1,0
260217,260217,260218,1,0
260216,260217,260218,1,1
260216,260217,260218,1,1
260216,260217,260218,1,1
260216,260217,260218,1,1
260217,260217,260218,1,0
260217,260217,260218,1,0
260217,260217,260218,1,0
260217,260217,260218,1,0
260217,260217,260218,1,0
260217,260217,260219,2,0
260217,260217,260219,2,0
260217,260217,260218,1,0
260216,260217,260218,1,1
260217,260217,260218,1,0
260217,260217,260219,2,0
260216,260217,260218,1,1
260217,260217,260218,1,0
260217,260217,260219,2,0
260217,260218,260219,1,1
260217,260217,260218,1,0
260217,260217,260218,1,0
260217,260218,260219,1,1
260217,260218,260219,1,1
260216,260217,260218,1,1
260217,260217,260218,1,0
260217,260217,260218,1,0
260216,260217,260218,1,1
260216,260217,260218,1,1
260217,260217,260218,1,0
260217,260217,260219,2,0
260216,260217,260218,1,1
260217,260217,260218,1,0
260217,260217,260219,2,0
260217,260218,260219,1,1
260217,260218,260219,1,1
260217,260217,260218,1,0
260217,260217,260218,1,0
260216,260217,260218,1,1
260216,260217,260218,1,1
260217,260217,260219,2,0
260217,260217,260219,2,0
260217,260218,260219,1,1
260217,260218,260220,2,1
260217,260218,260219,1,1
260217,260218,260219,1,1
260217,260218,260220,2,1
260217,260218,260220,2,1
260217,260218,260219,1,1
260217,260218,260219,1,1
260217,260218,260220,2,1
260217,260218,260219,1,1
260217,260218,260220,2,1
260217,260218,260219,1,1
260217,260218,260219,1,1
260217,260218,260219,1,1
260217,260218,260220,2,1
260217,260218,260219,1,1
260217,260218,260220,2,1
260182,260183,260233,50,1
260266,260267,260268,1,1
260266,260267,260268,1,1
260267,260267,260268,1,0
260267,260267,260268,1,0
260266,260267,260268,1,1
260266,260267,260268,1,1
260267,260267,260268,1,0
260267,260267,260268,1,0
260267,260267,260268,1,0
260266,260267,260268,1,1
260267,260267,260268,1,0
260267,260267,260268,1,0
260266,260267,260268,1,1
260266,260267,260268,1,1
260267,260267,260268,1,0
260266,260267,260268,1,1
260266,260267,260268,1,1
260267,260267,260268,1,0
260267,260267,260268,1,0
260267,260267,260268,1,0
260266,260267,260268,1,1
260266,260267,260268,1,1
260267,260267,260268,1,0
260266,260267,260268,1,1
260267,260267,260269,2,0
260267,260267,260268,1,0
260266,260267,260268,1,1
260267,260267,260268,1,0
260267,260267,260268,1,0
260266,260267,260268,1,1
260267,260267,260268,1,0
260267,260267,260268,1,0
260266,260267,260268,1,1
260267,260267,260268,1,0
260266,260267,260269,2,1
260267,260267,260269,2,0
260267,260267,260268,1,0
260267,260267,260268,1,0
260267,260267,260268,1,0
260267,260267,260268,1,0
260267,260267,260268,1,0
260267,260267,260269,2,0
260267,260267,260269,2,0
260302,260302,260303,1,0
260302,260302,260303,1,0
260302,260302,260303,1,0
260302,260302,260303,1,0
260302,260302,260303,1,0
260302,260302,260303,1,0
260302,260302,260303,1,0
260302,260302,260303,1,0
260302,260302,260303,1,0
260302,260302,260303,1,0
260302,260302,260303,1,0
260302,260302,260303,1,0
260302,260302,260303,1,0
260302,260302,260303,1,0
260302,260302,260303,1,0
260302,260302,260303,1,0
260302,260302,260303,1,0
260302,260302,260303,1,0
260302,260302,260303,1,0
260302,260302,260303,1,0
260302,260302,260303,1,0
260302,260302,260303,1,0
260302,260302,260303,1,0
260302,260302,260303,1,0
260302,260302,260303,1,0
260302,260302,260304,2,0
260302,260302,260303,1,0
260302,260302,260304,2,0
260302,260302,260304,2,0
260267,260267,260318,51,0
260335,260335,260336,1,0
260335,260335,260336,1,0
260335,260335,260336,1,0
260335,260335,260336,1,0
260335,260335,260336,1,0
260335,260335,260336,1,0
260335,260335,260336,1,0
260335,260335,260336,1,0
260335,260335,260336,1,0
260335,260335,260336,1,0
260335,260335,260336,1,0
260335,260335,260336,1,0
260335,260335,260336,1,0
260335,260335,260337,2,0
260335,260335,260337,2,0
260335,260335,260337,2,0
260335,260335,260337,2,0
260335,260335,260337,2,0
260335,260335,260337,2,0
260335,260335,260337,2,0
260335,260335,260337,2,0
260335,260335,260337,2,0
260335,260335,260337,2,0
260335,260335,260337,2,0
260335,260335,260337,2,0
260335,260335,260337,2,0
260335,260335,260337,2,0
260335,260335,260337,2,0
260335,260335,260337,2,0
260335,260335,260337,2,0
260335,260335,260337,2,0
260335,260335,260337,2,0
260335,260335,260337,2,0
260335,260335,260338,3,0
260302,260302,260357,55,0
260371,260371,260372,1,0
260371,260371,260372,1,0
260371,260371,260372,1,0
260371,260371,260372,1,0
260371,260371,260372,1,0
260371,260371,260372,1,0
260371,260371,260372,1,0
260371,260371,260372,1,0
260371,260371,260372,1,0
260371,260371,260372,1,0
260371,260371,260372,1,0
260371,260371,260372,1,0
260371,260371,260372,1,0
260371,260371,260372,1,0
260371,260371,260372,1,0
260371,260371,260372,1,0
260371,260371,260372,1,0
260371,260371,260372,1,0
260371,260371,260372,1,0
260371,260371,260372,1,0
260371,260371,260373,2,0
260371,260371,260373,2,0
260371,260371,260372,1,0
260371,260371,260372,1,0
260371,260371,260372,1,0
260371,260371,260372,1,0
260371,260371,260373,2,0
260371,260371,260372,1,0
260371,260371,260372,1,0
260371,260371,260372,1,0
260371,260371,260372,1,0
260371,260371,260372,1,0
260371,260371,260372,1,0
260371,260371,260373,2,0
260336,260336,260391,55,0
260393,260393,260394,1,0
260393,260393,260394,1,0
260393,260393,260394,1,0
260393,260393,260394,1,0
260393,260393,260394,1,0
260393,260393,260394,1,0
260393,260393,260394,1,0
260393,260393,260394,1,0
260393,260393,260394,1,0
260393,260393,260394,1,0
260393,260393,260394,1,0
260393,260393,260394,1,0
260393,260393,260394,1,0
260393,260393,260395,2,0
260393,260393,260394,1,0
260393,260393,260394,1,0
260393,260393,260394,1,0
260393,260393,260394,1,0
260393,260393,260394,1,0
260393,260393,260394,1,0
260393,260393,260394,1,0
260393,260393,260394,1,0
260393,260393,260394,1,0
260393,260393,260394,1,0
260393,260393,260394,1,0
260393,260393,260394,1,0
260393,260393,260394,1,0
260393,260393,260394,1,0
260353,260353,260412,59,0
260417,260417,260418,1,0
260417,260417,260418,1,0
260417,260417,260418,1,0
260417,260417,260418,1,0
260417,260417,260418,1,0
260417,260417,260418,1,0
260417,260417,260418,1,0
260417,260417,260418,1,0
260417,260417,260418,1,0
260417,260417,260418,1,0
260417,260417,260418,1,0
260417,260417,260418,1,0
260417,260417,260419,2,0
260417,260417,260419,2,0
260417,260417,260419,2,0
260417,260417,260419,2,0
260417,260417,260419,2,0
260417,260417,260419,2,0
260417,260417,260419,2,0
260417,260417,260419,2,0
260417,260417,260419,2,0
260417,260417,260419,2,0
260417,260417,260419,2,0
260417,260417,260419,2,0
260417,260417,260419,2,0
260417,260417,260419,2,0
260417,260417,260419,2,0
260417,260417,260419,2,0
260417,260417,260419,2,0
260417,260417,260419,2,0
260417,260417,260419,2,0
260417,260417,260419,2,0
260417,260417,260419,2,0
260417,260417,260419,2,0
260372,260372,260424,52,0
260374,260374,260431,57,0
260438,260438,260439,1,0
260438,260438,260439,1,0
260438,260438,260439,1,0
260438,260438,260439,1,0
260438,260438,260439,1,0
260438,260438,260439,1,0
260438,260438,260439,1,0
260438,260438,260439,1,0
260438,260438,260439,1,0
260438,260438,260439,1,0
260438,260438,260439,1,0
260438,260438,260440,2,0
260438,260438,260440,2,0
260438,260438,260440,2,0
260438,260438,260440,2,0
260438,260438,260440,2,0
260438,260438,260440,2,0
260438,260438,260440,2,0
260438,260438,260440,2,0
260438,260438,260440,2,0
260438,260438,260439,1,0
260438,260438,260440,2,0
260438,260438,260440,2,0
260438,260438,260440,2,0
260440,260440,260441,1,0
260438,260438,260440,2,0
260440,260440,260441,1,0
260438,260438,260440,2,0
260438,260438,260440,2,0
260440,260440,260441,1,0
260438,260438,260440,2,0
260438,260438,260440,2,0
260438,260438,260440,2,0
260438,260438,260440,2,0
260440,260440,260441,1,0
260440,260440,260441,1,0
260438,260438,260440,2,0
260440,260440,260441,1,0
260438,260438,260440,2,0
260440,260440,260441,1,0
260440,260440,260441,1,0
260438,260438,260440,2,0
260440,260440,260441,1,0
260440,260440,260441,1,0
260440,260440,260441,1,0
260440,260440,260442,2,0
260440,260440,260441,1,0
260440,260440,260441,1,0
260440,260440,260441,1,0
260440,260440,260441,1,0
260440,260440,260442,2,0
260440,260440,260441,1,0
260440,260440,260441,1,0
260440,260440,260441,1,0
260440,260440,260441,1,0
260440,260440,260441,1,0
260440,260440,260441,1,0
260440,260440,260441,1,0
260440,260440,260441,1,0
260440,260440,260441,1,0
260440,260440,260442,2,0
260440,260440,260442,2,0
260440,260440,260441,1,0
260440,260440,260441,1,0
260440,260440,260441,1,0
260440,260440,260441,1,0
260396,260396,260442,46,0
260393,260393,260443,50,0
260461,260461,260462,1,0
260461,260461,260462,1,0
260461,260461,260462,1,0
260461,260461,260462,1,0
260461,260461,260462,1,0
260461,260461,260462,1,0
260461,260461,260462,1,0
260461,260461,260462,1,0
260461,260461,260462,1,0
260461,260461,260462,1,0
260461,260461,260462,1,0
260461,260461,260462,1,0
260461,260461,260462,1,0
260461,260461,260462,1,0
260461,260461,260462,1,0
260461,260461,260462,1,0
260461,260461,260462,1,0
260461,260461,260462,1,0
260461,260461,260462,1,0
260461,260461,260462,1,0
260461,260461,260462,1,0
260461,260461,260464,3,0
260461,260461,260464,3,0
260419,260419,260470,51,0
260480,260480,260481,1,0
260480,260480,260481,1,0
260480,260480,260481,1,0
260480,260480,260481,1,0
260480,260480,260481,1,0
260480,260480,260481,1,0
260480,260480,260481,1,0
260480,260480,260481,1,0
260480,260480,260481,1,0
260480,260480,260481,1,0
260480,260480,260481,1,0
260480,260480,260481,1,0
260480,260480,260481,1,0
260480,260480,260482,2,0
260480,260480,260481,1,0
260480,260480,260482,2,0
260480,260480,260482,2,0
260480,260480,260482,2,0
260480,260480,260482,2,0
260480,260480,260482,2,0
260480,260480,260482,2,0
260480,260480,260482,2,0
260480,260480,260482,2,0
260480,260480,260482,2,0
260480,260480,260482,2,0
260480,260480,260482,2,0
260480,260480,260482,2,0
260480,260480,260482,2,0
260480,260480,260482,2,0
260480,260480,260481,1,0
260480,260480,260482,2,0
260480,260480,260482,2,0
260480,260480,260482,2,0
260480,260480,260483,3,0
260439,260439,260486,47,0
260441,260442,260488,46,1
260499,260499,260500,1,0
260499,260499,260500,1,0
260499,260499,260500,1,0
260499,260499,260500,1,0
260499,260499,260500,1,0
260499,260499,260500,1,0
260499,260499,260500,1,0
260499,260499,260500,1,0
260499,260499,260500,1,0
260499,260499,260500,1,0
260499,260499,260500,1,0
260499,260499,260500,1,0
260499,260499,260500,1,0
260499,260499,260500,1,0
260499,260499,260500,1,0
260499,260499,260500,1,0
260499,260499,260500,1,0
260499,260499,260500,1,0
260499,260499,260501,2,0
260499,260499,260500,1,0
260499,260499,260500,1,0
260499,260499,260501,2,0
260499,260499,260500,1,0
260499,260499,260500,1,0
260499,260499,260501,2,0
260499,260499,260501,2,0
260499,260499,260500,1,0
260499,260499,260500,1,0
260499,260499,260501,2,0
260499,260499,260501,2,0
260499,260499,260500,1,0
260499,260499,260500,1,0
260499,260499,260501,2,0
260499,260499,260501,2,0
260499,260499,260501,2,0
260499,260499,260500,1,0
260499,260499,260500,1,0
260499,260499,260501,2,0
260499,260499,260501,2,0
260499,260499,260501,2,0
260499,260499,260501,2,0
260499,260499,260500,1,0
260499,260499,260501,2,0
260499,260499,260501,2,0
260499,260499,260500,1,0
260499,260499,260500,1,0
260499,260499,260501,2,0
260499,260499,260501,2,0
260499,260499,260500,1,0
260499,260499,260501,2,0
260499,260499,260501,2,0
260499,260499,260501,2,0
260499,260499,260500,1,0
260499,260499,260500,1,0
260499,260499,260501,2,0
260499,260499,260501,2,0
260499,260499,260501,2,0
260499,260499,260501,2,0
260461,260461,260521,60,0
260537,260537,260538,1,0
260537,260537,260538,1,0
260537,260537,260538,1,0
260537,260537,260538,1,0
260537,260537,260538,1,0
260537,260537,260538,1,0
260537,260537,260538,1,0
260537,260537,260538,1,0
260537,260537,260538,1,0
260537,260537,260539,2,0
260537,260537,260538,1,0
260537,260537,260539,2,0
260537,260537,260538,1,0
260537,260537,260539,2,0
260537,260537,260538,1,0
260537,260537,260539,2,0
260537,260537,260538,1,0
260537,260537,260538,1,0
260537,260537,260538,1,0
260537,260537,260539,2,0
260537,260537,260538,1,0
260537,260537,260538,1,0
260537,260537,260538,1,0
260537,260537,260538,1,0
260537,260537,260538,1,0
260537,260537,260539,2,0
260537,260537,260538,1,0
260537,260537,260538,1,0
260537,260537,260539,2,0
260499,260499,260553,54,0
260555,260555,260556,1,0
260555,260555,260556,1,0
260555,260555,260556,1,0
260555,260555,260556,1,0
260555,260555,260556,1,0
260555,260555,260556,1,0
260555,260555,260556,1,0
260555,260555,260556,1,0
260555,260555,260556,1,0
260555,260555,260556,1,0
260555,260555,260556,1,0
260555,260555,260556,1,0
260555,260555,260556,1,0
260555,260555,260556,1,0
260555,260555,260556,1,0
260555,260555,260556,1,0
260555,260555,260556,1,0
260555,260555,260556,1,0
260555,260555,260556,1,0
260555,260555,260556,1,0
260555,260555,260557,2,0
260555,260555,260558,3,0
260574,260574,260575,1,0
260574,260574,260575,1,0
260574,260574,260575,1,0
260574,260574,260575,1,0
260574,260574,260575,1,0
260574,260574,260575,1,0
260574,260574,260575,1,0
260574,260574,260575,1,0
260574,260574,260575,1,0
260574,260574,260575,1,0
260574,260574,260575,1,0
260574,260574,260575,1,0
260574,260574,260576,2,0
260574,260574,260576,2,0
260574,260574,260576,2,0
260574,260574,260576,2,0
260574,260574,260576,2,0
260574,260574,260576,2,0
260574,260574,260576,2,0
260574,260574,260576,2,0
260574,260574,260576,2,0
260574,260574,260576,2,0
260574,260574,260576,2,0
260574,260574,260576,2,0
260574,260574,260576,2,0
260574,260574,260576,2,0
260574,260574,260575,1,0
260574,260574,260575,1,0
260574,260574,260576,2,0
260574,260574,260576,2,0
260574,260574,260576,2,0
260574,260574,260576,2,0
260574,260574,260576,2,0
260574,260574,260575,1,0
260537,260537,260586,49,0
260593,260593,260594,1,0
260593,260593,260594,1,0
260593,260593,260594,1,0
260593,260593,260594,1,0
260593,260593,260594,1,0
260593,260593,260594,1,0
260593,260593,260594,1,0
260593,260593,260594,1,0
260593,260593,260594,1,0
260593,260593,260594,1,0
260593,260593,260594,1,0
260593,260593,260594,1,0
260593,260593,260594,1,0
260593,260593,260594,1,0
260593,260593,260594,1,0
260593,260593,260594,1,0
260593,260593,260595,2,0
260593,260593,260595,2,0
260593,260593,260595,2,0
260593,260593,260595,2,0
260593,260593,260595,2,0
260593,260593,260595,2,0
260593,260593,260595,2,0
260593,260593,260595,2,0
260593,260593,260595,2,0
260593,260593,260594,1,0
260593,260593,260594,1,0
260593,260593,260595,2,0
260593,260593,260595,2,0
260593,260593,260594,1,0
260593,260593,260595,2,0
260593,260593,260594,1,0
260593,260593,260595,2,0
260593,260593,260595,2,0
260555,260555,260619,64,0
260629,260630,260631,1,1
260629,260630,260631,1,1
260629,260630,260631,1,1
260629,260630,260631,1,1
260629,260630,260631,1,1
260629,260630,260631,1,1
260629,260630,260631,1,1
260629,260630,260631,1,1
260629,260630,260631,1,1
260629,260630,260631,1,1
260629,260630,260631,1,1
260629,260630,260631,1,1
260629,260630,260631,1,1
260629,260630,260631,1,1
260629,260630,260631,1,1
260629,260630,260631,1,1
260629,260630,260631,1,1
260629,260630,260631,1,1
260629,260630,260631,1,1
260629,260630,260631,1,1
260629,260630,260631,1,1
260629,260630,260631,1,1
260593,260593,260655,62,0
260656,260656,260657,1,0
260656,260656,260657,1,0
260656,260656,260657,1,0
260656,260656,260657,1,0
260656,260656,260657,1,0
260656,260656,260657,1,0
260656,260656,260657,1,0
260656,260656,260657,1,0
260656,260656,260657,1,0
260656,260656,260657,1,0
260656,260657,260658,1,1
260656,260656,260657,1,0
260656,260656,260658,2,0
260656,260656,260658,2,0
260656,260656,260658,2,0
260656,260656,260658,2,0
260656,260656,260658,2,0
260656,260656,260658,2,0
260656,260656,260658,2,0
260656,260656,260658,2,0
260656,260656,260658,2,0
260656,260656,260657,1,0
260656,260656,260658,2,0
260656,260656,260658,2,0
260656,260656,260658,2,0
260656,260656,260658,2,0
260656,260656,260658,2,0
260656,260656,260657,1,0
260656,260656,260658,2,0
260656,260656,260658,2,0
260656,260657,260658,1,1
260656,260656,260658,2,0
260631,260631,260683,52,0
260630,260630,260685,55,0
260685,260685,260686,1,0
260685,260685,260686,1,0
260685,260685,260686,1,0
260685,260685,260686,1,0
260685,260685,260686,1,0
260685,260685,260686,1,0
260685,260685,260686,1,0
260685,260685,260686,1,0
260685,260685,260686,1,0
260685,260685,260686,1,0
260685,260685,260686,1,0
260685,260685,260686,1,0
260685,260685,260686,1,0
260685,260685,260686,1,0
260685,260685,260687,2,0
260685,260685,260687,2,0
260685,260685,260686,1,0
260685,260685,260687,2,0
260685,260685,260686,1,0
260685,260685,260687,2,0
260685,260685,260686,1,0
260685,260685,260687,2,0
260685,260685,260686,1,0
260685,260685,260687,2,0
260687,260687,260688,1,0
260685,260685,260687,2,0
260685,260686,260687,1,1
260687,260687,260688,1,0
260687,260687,260688,1,0
260685,260685,260687,2,0
260687,260687,260688,1,0
260687,260687,260688,1,0
260687,260687,260688,1,0
260685,260685,260687,2,0
260687,260687,260688,1,0
260685,260685,260687,2,0
260687,260687,260688,1,0
260685,260685,260687,2,0
260685,260685,260687,2,0
260687,260687,260688,1,0
260687,260687,260688,1,0
260687,260687,260688,1,0
260687,260687,260688,1,0
260687,260687,260688,1,0
260687,260687,260688,1,0
260687,260687,260688,1,0
260687,260687,260688,1,0
260687,260687,260688,1,0
260687,260687,260688,1,0
260687,260687,260688,1,0
260687,260687,260688,1,0
260687,260687,260688,1,0
260687,260687,260688,1,0
260687,260687,260688,1,0
260687,260687,260688,1,0
260687,260687,260688,1,0
260687,260687,260688,1,0
260687,260687,260688,1,0
260687,260687,260688,1,0
260687,260687,260688,1,0
260687,260687,260688,1,0
260652,260652,260699,47,0
260655,260656,260706,50,1
260651,260651,260707,56,0
260659,260659,260709,50,0
260708,260709,260710,1,1
260708,260709,260710,1,1
260709,260709,260710,1,0
260708,260709,260710,1,1
260708,260709,260710,1,1
260709,260709,260710,1,0
260708,260709,260710,1,1
260708,260709,260710,1,1
260709,260709,260710,1,0
260709,260709,260710,1,0
260708,260709,260710,1,1
260709,260709,260710,1,0
260708,260709,260710,1,1
260709,260709,260710,1,0
260708,260709,260710,1,1
260708,260709,260710,1,1
260709,260709,260710,1,0
260708,260709,260710,1,1
260709,260709,260710,1,0
260708,260709,260710,1,1
260709,260709,260710,1,0
260709,260709,260710,1,0
260708,260709,260710,1,1
260708,260709,260710,1,1
260709,260709,260710,1,0
260709,260709,260710,1,0
260709,260709,260710,1,0
260708,260709,260710,1,1
260708,260709,260710,1,1
260709,260709,260710,1,0
260708,260709,260710,1,1
260709,260709,260710,1,0
260709,260709,260710,1,0
260709,260709,260710,1,0
260708,260709,260710,1,1
260709,260709,260711,2,0
260709,260709,260711,2,0
260709,260709,260711,2,0
260708,260709,260710,1,1
260709,260709,260711,2,0
260709,260709,260711,2,0
260709,260709,260710,1,0
260708,260709,260710,1,1
260709,260709,260710,1,0
260709,260709,260710,1,0
260709,260709,260710,1,0
260708,260709,260710,1,1
260708,260709,260710,1,1
260709,260709,260710,1,0
260709,260709,260711,2,0
260709,260709,260710,1,0
260708,260709,260710,1,1
260709,260709,260710,1,0
260709,260709,260710,1,0
260709,260709,260710,1,0
260709,260709,260711,2,0
260709,260709,260710,1,0
260708,260709,260711,2,1
260654,260654,260713,59,0
260657,260657,260713,56,0
260684,260684,260736,52,0
260682,260682,260745,63,0
260745,260745,260746,1,0
260745,260745,260746,1,0
260745,260745,260746,1,0
260745,260745,260746,1,0
260745,260745,260746,1,0
260745,260745,260746,1,0
260745,260745,260746,1,0
260745,260745,260746,1,0
260745,260745,260746,1,0
260745,260745,260747,2,0
260745,260745,260746,1,0
260745,260745,260746,1,0
260745,260745,260746,1,0
260745,260745,260746,1,0
260745,260745,260747,2,0
260745,260745,260746,1,0
260745,260746,260747,1,1
260745,260745,260746,1,0
260745,260745,260746,1,0
260745,260745,260746,1,0
260679,260679,260746,67,0
260745,260745,260746,1,0
260745,260745,260746,1,0
260745,260745,260747,2,0
260745,260745,260746,1,0
260745,260745,260746,1,0
260745,260745,260746,1,0
260745,260745,260747,2,0
260745,260746,260747,1,1
260745,260746,260747,1,1
260745,260746,260747,1,1
260745,260746,260747,1,1
260745,260746,260747,1,1
260745,260746,260747,1,1
260745,260746,260747,1,1
260745,260745,260747,2,0
260745,260746,260748,2,1
260745,260746,260747,1,1
260745,260747,260748,1,2
260745,260746,260747,1,1
260745,260746,260747,1,1
260745,260745,260747,2,0
260745,260746,260747,1,1
260745,260746,260747,1,1
260745,260745,260747,2,0
260745,260746,260747,1,1
260745,260746,260747,1,1
260745,260745,260747,2,0
260745,260746,260747,1,1
260745,260746,260747,1,1
260745,260745,260747,2,0
260745,260746,260747,1,1
260745,260746,260747,1,1
260745,260747,260748,1,2
260745,260746,260747,1,1
260745,260746,260747,1,1
260745,260746,260747,1,1
260745,260746,260747,1,1
260745,260747,260748,1,2
260745,260747,260748,1,2
260745,260747,260748,1,2
260745,260747,260748,1,2
260745,260747,260749,2,2
260745,260747,260748,1,2
260745,260747,260748,1,2
260745,260747,260748,1,2
260745,260747,260748,1,2
260745,260747,260749,2,2
260745,260747,260748,1,2
260745,260747,260748,1,2
260745,260747,260748,1,2
260745,260747,260748,1,2
260745,260747,260748,1,2
260745,260747,260748,1,2
260745,260747,260748,1,2
260745,260747,260749,2,2
260745,260747,260748,1,2
260745,260747,260748,1,2
260745,260747,260749,2,2
260745,260747,260748,1,2
260687,260687,260755,68,0
260689,260689,260755,66,0
260686,260686,260764,78,0
260781,260781,260782,1,0
260781,260781,260782,1,0
260781,260781,260782,1,0
260781,260781,260782,1,0
260781,260781,260782,1,0
260781,260781,260782,1,0
260781,260781,260782,1,0
260781,260781,260782,1,0
260781,260781,260782,1,0
260781,260781,260782,1,0
260781,260781,260782,1,0
260781,260781,260782,1,0
260781,260781,260782,1,0
260781,260781,260782,1,0
260781,260781,260782,1,0
260781,260781,260782,1,0
260781,260781,260782,1,0
260781,260781,260782,1,0
260781,260781,260782,1,0
260781,260781,260782,1,0
260781,260781,260782,1,0
260781,260781,260782,1,0
260781,260781,260782,1,0
260781,260781,260782,1,0
260781,260781,260782,1,0
260781,260781,260782,1,0
260781,260781,260782,1,0
260781,260781,260782,1,0
260781,260781,260782,1,0
260781,260781,260782,1,0
260781,260781,260782,1,0
260781,260781,260782,1,0
260781,260781,260782,1,0
260781,260781,260782,1,0
260781,260781,260782,1,0
260781,260781,260782,1,0
260781,260781,260782,1,0
260781,260781,260782,1,0
260781,260781,260782,1,0
260781,260781,260782,1,0
260781,260781,260782,1,0
260781,260781,260782,1,0
260781,260781,260782,1,0
260781,260781,260782,1,0
260781,260781,260782,1,0
260781,260781,260782,1,0
260781,260781,260782,1,0
260781,260781,260783,2,0
260781,260781,260782,1,0
260781,260782,260783,1,1
260781,260781,260782,1,0
260781,260781,260783,2,0
260781,260781,260783,2,0
260781,260781,260783,2,0
260781,260781,260783,2,0
260781,260781,260783,2,0
260781,260781,260782,1,0
260781,260782,260783,1,1
260781,260781,260782,1,0
260781,260781,260782,1,0
260781,260781,260783,2,0
260781,260782,260783,1,1
260781,260781,260782,1,0
260781,260781,260783,2,0
260781,260781,260783,2,0
260781,260782,260783,1,1
260781,260782,260784,2,1
260781,260781,260783,2,0
260781,260781,260783,2,0
260781,260782,260783,1,1
260781,260782,260783,1,1
260781,260781,260783,2,0
260781,260783,260784,1,2
260781,260781,260783,2,0
260781,260781,260783,2,0
260781,260782,260784,2,1
260781,260781,260783,2,0
260781,260782,260784,2,1
260781,260782,260784,2,1
260781,260783,260784,1,2
260781,260783,260784,1,2
260781,260782,260783,1,1
260781,260782,260783,1,1
260781,260782,260784,2,1
260781,260782,260784,2,1
260781,260782,260784,2,1
260781,260782,260784,2,1
260781,260782,260784,2,1
260781,260782,260784,2,1
260781,260782,260784,2,1
260781,260782,260784,2,1
260781,260782,260784,2,1
260781,260783,260784,1,2
260781,260782,260784,2,1
260781,260782,260784,2,1
260781,260783,260784,1,2
260781,260783,260784,1,2
260781,260783,260784,1,2
260781,260783,260784,1,2
260781,260782,260784,2,1
260781,260783,260784,1,2
260781,260783,260784,1,2
260781,260783,260784,1,2
260781,260783,260784,1,2
260781,260782,260784,2,1
260781,260782,260784,2,1
260781,260783,260784,1,2
260781,260783,260784,1,2
260781,260782,260784,2,1
260781,260783,260785,2,2
260781,260783,260784,1,2
260781,260783,260784,1,2
260781,260783,260784,1,2
260781,260783,260785,2,2
260746,260747,260812,65,1
260833,260833,260834,1,0
260833,260833,260834,1,0
260833,260833,260834,1,0
260833,260833,260834,1,0
260833,260833,260834,1,0
260833,260833,260834,1,0
260833,260833,260834,1,0
260833,260833,260834,1,0
260833,260833,260834,1,0
260833,260833,260834,1,0
260833,260833,260834,1,0
260833,260833,260834,1,0
260833,260833,260834,1,0
260833,260833,260834,1,0
260833,260833,260834,1,0
260833,260833,260834,1,0
260833,260833,260834,1,0
260833,260833,260834,1,0
260833,260833,260834,1,0
260833,260833,260834,1,0
260833,260833,260834,1,0
260833,260833,260834,1,0
260833,260833,260834,1,0
260833,260833,260835,2,0
260833,260833,260834,1,0
260833,260834,260835,1,1
260833,260833,260835,2,0
260833,260834,260835,1,1
260833,260834,260835,1,1
260833,260833,260835,2,0
260833,260833,260835,2,0
260833,260834,260835,1,1
260833,260834,260835,1,1
260833,260833,260835,2,0
260833,260833,260835,2,0
260833,260834,260835,1,1
260833,260834,260835,1,1
260833,260833,260835,2,0
260833,260834,260835,1,1
260833,260834,260835,1,1
260833,260834,260835,1,1
260833,260833,260835,2,0
260833,260833,260835,2,0
260833,260834,260835,1,1
260833,260834,260835,1,1
260833,260833,260835,2,0
260833,260834,260835,1,1
260833,260834,260835,1,1
260833,260833,260835,2,0
260833,260834,260835,1,1
260833,260834,260835,1,1
260833,260834,260835,1,1
260833,260834,260835,1,1
260833,260833,260835,2,0
260833,260834,260835,1,1
260833,260834,260835,1,1
260833,260834,260835,1,1
260883,260883,260884,1,0
260883,260883,260884,1,0
260883,260883,260884,1,0
260883,260883,260884,1,0
260883,260883,260884,1,0
260883,260883,260884,1,0
260883,260883,260884,1,0
260883,260883,260884,1,0
260834,260834,260884,50,0
260883,260883,260884,1,0
260883,260883,260884,1,0
260883,260883,260884,1,0
260883,260883,260884,1,0
260883,260883,260885,2,0
260883,260883,260885,2,0
260883,260883,260885,2,0
260883,260883,260885,2,0
260883,260883,260885,2,0
260883,260883,260885,2,0
260883,260883,260885,2,0
260883,260883,260885,2,0
260883,260883,260885,2,0
260883,260883,260885,2,0
260883,260883,260885,2,0
260883,260883,260885,2,0
260883,260883,260885,2,0
260883,260883,260885,2,0
260883,260883,260885,2,0
260883,260883,260884,1,0
260883,260883,260885,2,0
260883,260883,260885,2,0
260883,260883,260885,2,0
260883,260883,260885,2,0
260883,260883,260885,2,0
260883,260883,260885,2,0
260918,260918,260919,1,0
260918,260918,260919,1,0
260918,260918,260919,1,0
260918,260918,260919,1,0
260918,260918,260919,1,0
260918,260918,260919,1,0
260918,260918,260919,1,0
260918,260918,260919,1,0
260918,260918,260919,1,0
260918,260918,260919,1,0
260918,260918,260919,1,0
260918,260918,260919,1,0
260918,260918,260919,1,0
260918,260918,260919,1,0
260918,260918,260919,1,0
260918,260918,260919,1,0
260918,260918,260919,1,0
260918,260918,260919,1,0
260918,260918,260919,1,0
260918,260918,260919,1,0
260918,260918,260919,1,0
260918,260918,260920,2,0
260918,260918,260919,1,0
260918,260918,260919,1,0
260918,260918,260919,1,0
260918,260918,260920,2,0
260918,260918,260919,1,0
260918,260918,260919,1,0
260918,260918,260919,1,0
260918,260918,260920,2,0
260918,260918,260920,2,0
260918,260918,260919,1,0
260918,260918,260920,2,0
260918,260918,260920,2,0
260936,260936,260937,1,0
260936,260936,260937,1,0
260936,260936,260937,1,0
260936,260936,260937,1,0
260936,260936,260937,1,0
260936,260936,260937,1,0
260936,260936,260937,1,0
260936,260936,260937,1,0
260936,260936,260937,1,0
260936,260936,260937,1,0
260936,260936,260937,1,0
260936,260936,260937,1,0
260936,260936,260937,1,0
260936,260936,260937,1,0
260936,260936,260937,1,0
260936,260936,260937,1,0
260936,260936,260938,2,0
260936,260936,260938,2,0
260936,260936,260938,2,0
260936,260936,260938,2,0
260936,260936,260937,1,0
260936,260936,260938,2,0
260936,260936,260938,2,0
260936,260936,260938,2,0
260936,260936,260937,1,0
260936,260936,260938,2,0
260936,260936,260937,1,0
260936,260936,260938,2,0
260936,260936,260938,2,0
260936,260936,260938,2,0
260936,260936,260938,2,0
260936,260936,260938,2,0
260936,260936,260938,2,0
260936,260936,260938,2,0
260918,260918,260975,57,0
260976,260976,260977,1,0
260976,260976,260977,1,0
260976,260976,260977,1,0
260976,260976,260977,1,0
260976,260976,260977,1,0
260976,260976,260977,1,0
260976,260976,260977,1,0
260976,260976,260977,1,0
260976,260976,260977,1,0
260976,260976,260977,1,0
260976,260976,260977,1,0
260976,260976,260977,1,0
260976,260976,260977,1,0
260976,260976,260977,1,0
260976,260976,260977,1,0
260976,260976,260977,1,0
260976,260976,260978,2,0
260976,260976,260977,1,0
260976,260976,260977,1,0
260976,260976,260977,1,0
260976,260976,260977,1,0
260976,260976,260977,1,0
260937,260937,260982,45,0
260995,260996,260997,1,1
260995,260996,260997,1,1
260995,260996,260997,1,1
260995,260996,260997,1,1
260995,260996,260997,1,1
260995,260996,260997,1,1
260995,260996,260997,1,1
260995,260996,260997,1,1
260995,260996,260997,1,1
260995,260996,260997,1,1
260995,260996,260997,1,1
260995,260996,260997,1,1
260995,260996,260997,1,1
260995,260996,260997,1,1
260995,260996,260997,1,1
260995,260996,260997,1,1
260995,260996,260997,1,1
260995,260996,260997,1,1
260955,260955,261013,58,0
261017,261017,261018,1,0
261017,261017,261018,1,0
261017,261017,261018,1,0
261017,261017,261018,1,0
261017,261017,261018,1,0
261017,261017,261018,1,0
261017,261017,261018,1,0
261017,261017,261018,1,0
261017,261017,261018,1,0
261017,261017,261018,1,0
261017,261017,261018,1,0
261017,261017,261018,1,0
261017,261017,261018,1,0
261017,261017,261018,1,0
261017,261017,261018,1,0
261017,261017,261018,1,0
261017,261017,261019,2,0
261017,261017,261018,1,0
261017,261017,261019,2,0
261017,261017,261018,1,0
261017,261017,261019,2,0
261017,261017,261018,1,0
261017,261017,261019,2,0
261017,261017,261019,2,0
261017,261017,261019,2,0
261017,261017,261019,2,0
261017,261017,261018,1,0
261017,261017,261019,2,0
261017,261017,261019,2,0
261017,261017,261019,2,0
261017,261017,261019,2,0
261017,261017,261019,2,0
261017,261017,261019,2,0
261017,261017,261019,2,0
260974,260974,261023,49,0
260976,260976,261025,49,0
260973,260973,261028,55,0
261038,261038,261039,1,0
261038,261038,261039,1,0
261038,261038,261040,2,0
261038,261038,261040,2,0
261038,261039,261040,1,1
261038,261038,261039,1,0
261038,261038,261039,1,0
261038,261039,261040,1,1
261039,261039,261040,1,0
261038,261038,261039,1,0
261038,261039,261040,1,1
261038,261038,261039,1,0
261038,261039,261040,1,1
261038,261038,261039,1,0
261038,261038,261039,1,0
261038,261038,261039,1,0
261038,261039,261040,1,1
261038,261038,261039,1,0
261038,261039,261040,1,1
261039,261039,261040,1,0
261038,261038,261039,1,0
261038,261038,261039,1,0
261038,261039,261040,1,1
261039,261039,261040,1,0
261038,261038,261039,1,0
261038,261039,261040,1,1
261039,261039,261040,1,0
261038,261039,261040,1,1
261039,261039,261040,1,0
261039,261039,261041,2,0
261040,261040,261041,1,0
261038,261039,261040,1,1
261039,261039,261040,1,0
261039,261039,261040,1,0
261039,261039,261040,1,0
261038,261038,261040,2,0
261039,261039,261040,1,0
261039,261039,261040,1,0
261040,261040,261041,1,0
261040,261040,261041,1,0
261038,261039,261040,1,1
261039,261039,261040,1,0
261039,261039,261040,1,0
261040,261040,261041,1,0
261039,261039,261040,1,0
261039,261039,261040,1,0
261040,261040,261041,1,0
261038,261039,261040,1,1
261039,261039,261041,2,0
261039,261039,261040,1,0
261040,261040,261041,1,0
261038,261039,261040,1,1
261039,261039,261040,1,0
261039,261039,261041,2,0
261039,261039,261040,1,0
261040,261040,261041,1,0
261038,261039,261041,2,1
261039,261039,261041,2,0
261039,261039,261041,2,0
261040,261040,261041,1,0
261040,261040,261041,1,0
261039,261039,261040,1,0
261040,261040,261041,1,0
261040,261040,261041,1,0
261040,261040,261041,1,0
261038,261038,261040,2,0
261039,261039,261041,2,0
261040,261040,261041,1,0
261040,261040,261041,1,0
261040,261040,261041,1,0
261040,261040,261041,1,0
261040,261040,261041,1,0
261040,261040,261042,2,0
261040,261040,261041,1,0
261040,261040,261042,2,0
261040,261040,261041,1,0
261040,261040,261041,1,0
261040,261040,261042,2,0
261040,261040,261042,2,0
261040,261040,261041,1,0
261040,261040,261041,1,0
261040,261040,261042,2,0
261040,261040,261041,1,0
261040,261040,261041,1,0
261040,261040,261042,2,0
261040,261040,261042,2,0
261040,261040,261041,1,0
261040,261040,261042,2,0
261040,261040,261042,2,0
260997,260997,261044,47,0
260998,260998,261048,50,0
260996,260996,261050,54,0
261018,261018,261064,46,0
261019,261019,261074,55,0
261075,261075,261076,1,0
261075,261075,261076,1,0
261020,261020,261076,56,0
261075,261075,261076,1,0
261075,261075,261076,1,0
261075,261075,261076,1,0
261075,261075,261076,1,0
261075,261075,261076,1,0
261075,261075,261076,1,0
261075,261075,261076,1,0
261075,261075,261076,1,0
261075,261075,261076,1,0
261075,261075,261076,1,0
261075,261075,261076,1,0
261075,261075,261076,1,0
261075,261075,261076,1,0
261075,261075,261076,1,0
261075,261075,261076,1,0
261075,261075,261076,1,0
261075,261075,261076,1,0
261075,261075,261076,1,0
261075,261075,261076,1,0
261075,261075,261076,1,0
261075,261075,261076,1,0
261075,261075,261076,1,0
261075,261075,261076,1,0
261075,261075,261076,1,0
261075,261075,261076,1,0
261075,261075,261076,1,0
261075,261075,261076,1,0
261075,261075,261076,1,0
261075,261075,261076,1,0
261075,261075,261076,1,0
261075,261075,261076,1,0
261075,261075,261076,1,0
261075,261075,261076,1,0
261075,261075,261076,1,0
261075,261075,261076,1,0
261075,261075,261076,1,0
261075,261075,261076,1,0
261075,261075,261076,1,0
261075,261075,261076,1,0
261075,261075,261076,1,0
261075,261075,261076,1,0
261075,261075,261076,1,0
261075,261075,261076,1,0
261075,261075,261076,1,0
261075,261075,261076,1,0
261075,261075,261076,1,0
261075,261075,261076,1,0
261075,261075,261077,2,0
261075,261075,261077,2,0
261075,261075,261077,2,0
261075,261075,261077,2,0
261075,261075,261077,2,0
261075,261075,261077,2,0
261075,261075,261077,2,0
261075,261076,261077,1,1
261075,261075,261077,2,0
261075,261075,261077,2,0
261075,261075,261077,2,0
261075,261075,261077,2,0
261075,261075,261077,2,0
261075,261075,261077,2,0
261075,261075,261077,2,0
261075,261077,261078,1,2
261075,261075,261078,3,0
261075,261075,261077,2,0
261075,261075,261077,2,0
261075,261075,261077,2,0
261075,261075,261077,2,0
261075,261075,261077,2,0
261075,261077,261078,1,2
261075,261075,261077,2,0
261075,261075,261077,2,0
261075,261075,261077,2,0
261075,261075,261077,2,0
261075,261075,261077,2,0
261075,261075,261077,2,0
261075,261075,261077,2,0
261075,261077,261078,1,2
261075,261077,261078,1,2
261075,261077,261078,1,2
261075,261077,261078,1,2
261075,261077,261078,1,2
261075,261077,261078,1,2
261075,261077,261078,1,2
261075,261077,261078,1,2
261075,261077,261078,1,2
261075,261077,261078,1,2
261075,261077,261078,1,2
261075,261075,261078,3,0
261075,261077,261078,1,2
261075,261075,261078,3,0
261075,261077,261078,1,2
261075,261077,261078,1,2
261075,261077,261078,1,2
261075,261077,261078,1,2
261075,261077,261078,1,2
261075,261077,261078,1,2
261075,261077,261078,1,2
261075,261077,261081,4,2
261041,261041,261089,48,0
261110,261110,261111,1,0
261110,261110,261111,1,0
261110,261110,261111,1,0
261110,261110,261111,1,0
261110,261110,261111,1,0
261110,261110,261111,1,0
261110,261110,261111,1,0
261110,261110,261111,1,0
261110,261110,261111,1,0
261110,261110,261111,1,0
261110,261110,261111,1,0
261110,261110,261111,1,0
261110,261110,261111,1,0
261110,261110,261111,1,0
261110,261110,261111,1,0
261110,261110,261111,1,0
261110,261110,261111,1,0
261110,261110,261111,1,0
261110,261110,261111,1,0
261110,261110,261111,1,0
261110,261110,261111,1,0
261110,261110,261111,1,0
261110,261110,261112,2,0
261110,261110,261112,2,0
261110,261110,261112,2,0
261110,261110,261112,2,0
261110,261110,261111,1,0
261110,261110,261111,1,0
261110,261110,261112,2,0
261110,261110,261111,1,0
261110,261110,261112,2,0
261110,261110,261112,2,0
261110,261110,261112,2,0
261110,261110,261112,2,0
261110,261110,261112,2,0
261110,261110,261112,2,0
261110,261110,261112,2,0
261110,261110,261112,2,0
261110,261110,261112,2,0
261110,261110,261112,2,0
261110,261110,261112,2,0
261110,261110,261112,2,0
261110,261110,261112,2,0
261110,261110,261112,2,0
261110,261110,261112,2,0
261110,261110,261112,2,0
261110,261110,261112,2,0
261110,261110,261112,2,0
261110,261110,261112,2,0
261110,261110,261112,2,0
261110,261110,261112,2,0
261110,261110,261112,2,0
261110,261110,261112,2,0
261110,261110,261112,2,0
261110,261110,261112,2,0
261110,261110,261112,2,0
261110,261110,261112,2,0
261110,261110,261112,2,0
261110,261110,261112,2,0
261110,261110,261112,2,0
261110,261110,261112,2,0
261110,261110,261112,2,0
261110,261110,261112,2,0
261110,261110,261112,2,0
261110,261110,261112,2,0
261110,261110,261112,2,0
261110,261110,261112,2,0
261110,261110,261112,2,0
261076,261077,261125,48,1
261145,261145,261146,1,0
261145,261145,261146,1,0
261145,261145,261146,1,0
261145,261145,261146,1,0
261145,261145,261146,1,0
261145,261145,261146,1,0
261145,261145,261146,1,0
261145,261145,261146,1,0
261145,261145,261146,1,0
261145,261145,261146,1,0
261145,261145,261146,1,0
261145,261145,261146,1,0
261145,261145,261146,1,0
261145,261145,261146,1,0
261145,261145,261146,1,0
261145,261145,261146,1,0
261145,261145,261146,1,0
261145,261145,261146,1,0
261145,261145,261146,1,0
261145,261145,261146,1,0
261145,261145,261146,1,0
261145,261145,261146,1,0
261145,261145,261146,1,0
261145,261145,261146,1,0
261145,261145,261146,1,0
261145,261145,261146,1,0
261145,261145,261146,1,0
261145,261145,261146,1,0
261145,261145,261147,2,0
261145,261145,261147,2,0
261145,261145,261146,1,0
261145,261145,261147,2,0
261145,261145,261146,1,0
261145,261145,261147,2,0
261145,261145,261147,2,0
261145,261145,261147,2,0
261145,261145,261146,1,0
261145,261145,261147,2,0
261145,261145,261147,2,0
261145,261145,261147,2,0
261145,261145,261146,1,0
261145,261145,261147,2,0
261145,261145,261147,2,0
261145,261145,261147,2,0
261145,261145,261147,2,0
261145,261145,261147,2,0
261145,261145,261147,2,0
261145,261145,261147,2,0
261145,261145,261147,2,0
261145,261145,261147,2,0
261145,261145,261147,2,0
261145,261145,261147,2,0
261145,261145,261147,2,0
261145,261145,261147,2,0
261145,261145,261146,1,0
261145,261145,261146,1,0
261145,261145,261147,2,0
261145,261145,261147,2,0
261145,261145,261147,2,0
261145,261145,261146,1,0
261145,261145,261147,2,0
261145,261145,261147,2,0
261145,261145,261147,2,0
261145,261145,261148,3,0
261145,261145,261146,1,0
261145,261145,261147,2,0
261145,261145,261147,2,0
261145,261145,261147,2,0
261111,261111,261162,51,0
261180,261180,261181,1,0
261180,261180,261181,1,0
261180,261180,261181,1,0
261180,261180,261181,1,0
261180,261180,261181,1,0
261180,261180,261181,1,0
261180,261180,261181,1,0
261180,261180,261181,1,0
261180,261180,261181,1,0
261180,261180,261181,1,0
261180,261180,261181,1,0
261180,261180,261181,1,0
261180,261180,261181,1,0
261180,261180,261181,1,0
261180,261180,261182,2,0
261180,261180,261182,2,0
261180,261180,261182,2,0
261180,261180,261182,2,0
261180,261180,261182,2,0
261180,261180,261182,2,0
261180,261180,261182,2,0
261180,261180,261182,2,0
261180,261180,261181,1,0
261180,261180,261182,2,0
261180,261180,261182,2,0
261180,261180,261182,2,0
261180,261180,261182,2,0
261180,261180,261182,2,0
261180,261180,261181,1,0
261180,261180,261182,2,0
261180,261180,261182,2,0
261180,261180,261182,2,0
261180,261180,261182,2,0
261180,261180,261182,2,0
261215,261215,261216,1,0
261215,261215,261216,1,0
261215,261215,261216,1,0
261215,261215,261216,1,0
261215,261215,261216,1,0
261215,261215,261216,1,0
261215,261215,261216,1,0
261215,261215,261216,1,0
261215,261215,261216,1,0
261215,261215,261216,1,0
261215,261215,261216,1,0
261215,261215,261216,1,0
261215,261215,261216,1,0
261215,261215,261217,2,0
261215,261215,261217,2,0
261215,261215,261217,2,0
261215,261215,261217,2,0
261215,261215,261217,2,0
261215,261215,261217,2,0
261215,261215,261217,2,0
261215,261215,261217,2,0
261215,261215,261217,2,0
261215,261215,261217,2,0
261215,261215,261217,2,0
261215,261215,261217,2,0
261215,261215,261217,2,0
261215,261215,261217,2,0
261215,261215,261217,2,0
261215,261215,261216,1,0
261215,261215,261217,2,0
261215,261215,261217,2,0
261215,261215,261216,1,0
261215,261215,261217,2,0
261215,261215,261217,2,0
261180,261180,261227,47,0
261233,261233,261234,1,0
261233,261233,261234,1,0
261233,261233,261234,1,0
261233,261233,261234,1,0
261233,261233,261234,1,0
261233,261233,261234,1,0
261233,261233,261234,1,0
261233,261233,261234,1,0
261233,261233,261234,1,0
261233,261233,261234,1,0
261233,261233,261234,1,0
261233,261233,261234,1,0
261233,261233,261234,1,0
261233,261233,261234,1,0
261233,261233,261234,1,0
261233,261233,261234,1,0
261233,261233,261234,1,0
261233,261233,261234,1,0
261233,261233,261234,1,0
261233,261233,261234,1,0
261233,261233,261234,1,0
261233,261233,261280,47,0
261280,261281,261282,1,1
261280,261281,261282,1,1
261280,261281,261282,1,1
261280,261281,261282,1,1
261280,261281,261282,1,1
261280,261281,261282,1,1
261280,261281,261282,1,1
261280,261281,261282,1,1
261280,261281,261282,1,1
261280,261281,261282,1,1
261280,261281,261282,1,1
261280,261281,261282,1,1
261280,261281,261282,1,1
261280,261281,261282,1,1
261280,261281,261282,1,1
261280,261281,261282,1,1
261280,261281,261282,1,1
261280,261281,261282,1,1
261280,261281,261282,1,1
261280,261281,261282,1,1
261252,261252,261298,46,0
261302,261302,261303,1,0
261302,261302,261303,1,0
261302,261302,261303,1,0
261302,261302,261303,1,0
261302,261302,261303,1,0
261302,261302,261303,1,0
261302,261302,261303,1,0
261302,261302,261303,1,0
261302,261302,261303,1,0
261302,261302,261303,1,0
261302,261302,261303,1,0
261302,261302,261303,1,0
261302,261302,261303,1,0
261302,261302,261303,1,0
261302,261302,261303,1,0
261302,261302,261303,1,0
261302,261302,261303,1,0
261302,261302,261304,2,0
261302,261302,261303,1,0
261302,261302,261304,2,0
261302,261302,261303,1,0
261302,261302,261304,2,0
261302,261302,261303,1,0
261302,261302,261304,2,0
261302,261302,261303,1,0
261302,261302,261303,1,0
261302,261302,261303,1,0
261302,261302,261303,1,0
261302,261302,261303,1,0
261302,261302,261303,1,0
261302,261302,261303,1,0
261302,261302,261303,1,0
261302,261302,261303,1,0
261302,261302,261303,1,0
261271,261271,261316,45,0
261273,261273,261321,48,0
261276,261276,261322,46,0
261322,261323,261324,1,1
261322,261323,261324,1,1
261323,261323,261324,1,0
261322,261323,261324,1,1
261323,261323,261324,1,0
261323,261323,261324,1,0
261275,261275,261323,48,0
261322,261323,261324,1,1
261323,261323,261324,1,0
261322,261323,261324,1,1
261323,261323,261324,1,0
261322,261323,261324,1,1
261323,261323,261324,1,0
261323,261323,261324,1,0
261322,261323,261324,1,1
261323,261323,261324,1,0
261323,261323,261324,1,0
261323,261323,261324,1,0
261322,261323,261324,1,1
261323,261323,261324,1,0
261323,261323,261324,1,0
261322,261323,261324,1,1
261323,261323,261324,1,0
261322,261323,261324,1,1
261322,261323,261324,1,1
261323,261323,261324,1,0
261323,261323,261325,2,0
261323,261323,261324,1,0
261324,261324,261325,1,0
261322,261323,261324,1,1
261323,261323,261324,1,0
261323,261323,261325,2,0
261323,261323,261324,1,0
261324,261324,261325,1,0
261322,261323,261324,1,1
261323,261323,261324,1,0
261324,261324,261325,1,0
261324,261324,261325,1,0
261324,261324,261325,1,0
261322,261323,261324,1,1
261323,261323,261324,1,0
261324,261324,261325,1,0
261324,261324,261325,1,0
261324,261324,261325,1,0
261322,261323,261324,1,1
261322,261323,261324,1,1
261323,261323,261325,2,0
261323,261323,261324,1,0
261324,261324,261325,1,0
261322,261323,261324,1,1
261322,261323,261324,1,1
261323,261323,261324,1,0
261323,261323,261324,1,0
261323,261323,261324,1,0
261322,261323,261324,1,1
261323,261323,261324,1,0
261323,261323,261325,2,0
261324,261324,261325,1,0
261324,261324,261325,1,0
261322,261323,261324,1,1
261323,261323,261325,2,0
261323,261323,261324,1,0
261324,261324,261325,1,0
261324,261324,261325,1,0
261322,261323,261324,1,1
261323,261323,261324,1,0
261323,261323,261324,1,0
261324,261324,261325,1,0
261324,261324,261325,1,0
261322,261323,261325,2,1
261323,261323,261324,1,0
261323,261323,261324,1,0
261324,261324,261326,2,0
261278,261278,261326,48,0
261324,261324,261326,2,0
261324,261324,261326,2,0
261324,261324,261326,2,0
261324,261324,261326,2,0
261324,261324,261325,1,0
261324,261324,261326,2,0
261324,261324,261326,2,0
261324,261324,261326,2,0
261324,261324,261326,2,0
261324,261324,261326,2,0
261324,261324,261326,2,0
261324,261324,261326,2,0
261324,261324,261326,2,0
261324,261324,261326,2,0
261324,261324,261325,1,0
261324,261324,261326,2,0
261326,261326,261327,1,0
261326,261326,261327,1,0
261326,261326,261327,1,0
261326,261326,261327,1,0
261326,261326,261327,1,0
261324,261324,261326,2,0
261326,261326,261327,1,0
261326,261326,261327,1,0
261326,261326,261327,1,0
261326,261326,261327,1,0
261324,261324,261326,2,0
261326,261326,261327,1,0
261326,261326,261327,1,0
261326,261326,261327,1,0
261326,261326,261327,1,0
261326,261326,261327,1,0
261326,261326,261327,1,0
261326,261326,261327,1,0
261326,261326,261327,1,0
261326,261326,261327,1,0
261326,261326,261327,1,0
261326,261326,261327,1,0
261326,261326,261328,2,0
261326,261326,261327,1,0
261326,261326,261327,1,0
261326,261326,261328,2,0
261326,261326,261328,2,0
261326,261326,261327,1,0
261326,261326,261327,1,0
261326,261326,261327,1,0
261326,261326,261328,2,0
261326,261326,261327,1,0
261326,261326,261328,2,0
261326,261326,261327,1,0
261326,261326,261328,2,0
261326,261326,261327,1,0
261280,261280,261336,56,0
261282,261282,261343,61,0
261304,261304,261349,45,0
261302,261303,261351,48,1
261362,261362,261363,1,0
261362,261362,261363,1,0
261362,261362,261364,2,0
261362,261362,261363,1,0
261362,261362,261363,1,0
261362,261362,261364,2,0
261362,261362,261364,2,0
261362,261362,261363,1,0
261362,261362,261363,1,0
261362,261362,261364,2,0
261363,261363,261364,1,0
261362,261362,261364,2,0
261362,261362,261364,2,0
261363,261363,261364,1,0
261363,261363,261364,1,0
261362,261362,261363,1,0
261362,261362,261363,1,0
261362,261362,261364,2,0
261363,261363,261364,1,0
261362,261362,261363,1,0
261362,261362,261364,2,0
261362,261362,261363,1,0
261363,261363,261364,1,0
261363,261363,261364,1,0
261362,261362,261363,1,0
261362,261362,261363,1,0
261362,261362,261364,2,0
261363,261363,261364,1,0
261362,261362,261363,1,0
261362,261362,261364,2,0
261362,261362,261364,2,0
261362,261363,261364,1,1
261363,261363,261364,1,0
261362,261362,261363,1,0
261362,261362,261364,2,0
261362,261362,261364,2,0
261363,261363,261364,1,0
261362,261362,261363,1,0
261362,261362,261363,1,0
261362,261362,261364,2,0
261362,261362,261364,2,0
261363,261363,261364,1,0
261362,261363,261364,1,1
261362,261363,261364,1,1
261363,261364,261365,1,1
261362,261362,261364,2,0
261362,261363,261365,2,1
261362,261363,261364,1,1
261362,261363,261364,1,1
261362,261363,261364,1,1
261362,261362,261364,2,0
261362,261363,261364,1,1
261362,261363,261364,1,1
261362,261363,261364,1,1
261362,261363,261364,1,1
261362,261363,261364,1,1
261362,261362,261364,2,0
261362,261363,261364,1,1
261362,261363,261364,1,1
261362,261363,261364,1,1
261362,261363,261364,1,1
261363,261364,261365,1,1
261362,261363,261364,1,1
261362,261363,261364,1,1
261363,261364,261365,1,1
261362,261363,261364,1,1
261362,261363,261364,1,1
261362,261363,261364,1,1
261362,261363,261364,1,1
261363,261364,261365,1,1
261363,261364,261365,1,1
261363,261364,261365,1,1
261363,261364,261365,1,1
261363,261364,261365,1,1
261363,261364,261365,1,1
261363,261364,261366,2,1
261363,261364,261365,1,1
261363,261364,261365,1,1
261363,261364,261365,1,1
261363,261364,261365,1,1
261363,261364,261365,1,1
261363,261364,261365,1,1
261363,261364,261365,1,1
261363,261364,261365,1,1
261363,261364,261365,1,1
261363,261364,261366,2,1
261363,261364,261365,1,1
261363,261364,261365,1,1
261363,261364,261365,1,1
261323,261323,261368,45,0
261327,261327,261374,47,0
261413,261413,261414,1,0
261413,261413,261414,1,0
261413,261413,261414,1,0
261413,261413,261414,1,0
261413,261413,261414,1,0
261413,261413,261414,1,0
261413,261413,261414,1,0
261413,261413,261415,2,0
261413,261413,261414,1,0
261413,261413,261414,1,0
261413,261413,261415,2,0
261413,261413,261414,1,0
261413,261413,261415,2,0
261413,261413,261414,1,0
261413,261413,261415,2,0
261413,261413,261415,2,0
261413,261414,261415,1,1
261413,261413,261414,1,0
261413,261413,261415,2,0
261413,261413,261414,1,0
261413,261413,261414,1,0
261413,261413,261414,1,0
261413,261413,261415,2,0
261413,261413,261415,2,0
261413,261413,261415,2,0
261413,261414,261415,1,1
261413,261414,261415,1,1
261413,261413,261415,2,0
261413,261413,261415,2,0
261413,261414,261415,1,1
261413,261414,261415,1,1
261413,261413,261415,2,0
261413,261414,261415,1,1
261413,261414,261415,1,1
261413,261413,261415,2,0
261413,261414,261416,2,1
261413,261414,261415,1,1
261413,261413,261415,2,0
261413,261414,261415,1,1
261413,261414,261415,1,1
261413,261413,261415,2,0
261413,261414,261416,2,1
261413,261414,261415,1,1
261413,261413,261415,2,0
261413,261414,261415,1,1
261413,261414,261415,1,1
261413,261414,261415,1,1
261413,261414,261416,2,1
261413,261414,261415,1,1
261413,261413,261415,2,0
261413,261413,261415,2,0
261413,261414,261415,1,1
261413,261414,261415,1,1
261413,261413,261415,2,0
261413,261414,261415,1,1
261413,261414,261415,1,1
261448,261448,261449,1,0
261448,261448,261449,1,0
261448,261448,261449,1,0
261448,261448,261449,1,0
261448,261448,261449,1,0
261448,261448,261449,1,0
261448,261448,261449,1,0
261448,261448,261449,1,0
261448,261448,261449,1,0
261448,261448,261449,1,0
261448,261448,261449,1,0
261448,261448,261449,1,0
261448,261448,261449,1,0
261448,261448,261449,1,0
261448,261448,261450,2,0
261448,261448,261450,2,0
261448,261448,261450,2,0
261448,261448,261450,2,0
261448,261448,261450,2,0
261448,261448,261450,2,0
261448,261448,261450,2,0
261448,261448,261449,1,0
261448,261448,261450,2,0
261448,261448,261450,2,0
261448,261448,261450,2,0
261448,261448,261450,2,0
261448,261448,261449,1,0
261448,261448,261450,2,0
261448,261448,261450,2,0
261448,261448,261450,2,0
261448,261448,261450,2,0
261448,261448,261450,2,0
261448,261448,261450,2,0
261448,261448,261453,5,0
261414,261414,261458,44,0
261483,261483,261484,1,0
261483,261483,261484,1,0
261483,261483,261484,1,0
261483,261483,261484,1,0
261483,261483,261484,1,0
261483,261483,261484,1,0
261483,261483,261484,1,0
261483,261483,261484,1,0
261483,261483,261484,1,0
261483,261483,261484,1,0
261483,261483,261484,1,0
261483,261483,261484,1,0
261483,261483,261485,2,0
261483,261483,261485,2,0
261483,261483,261485,2,0
261483,261483,261485,2,0
261483,261483,261485,2,0
261483,261483,261485,2,0
261483,261483,261485,2,0
261483,261483,261485,2,0
261483,261483,261485,2,0
261483,261483,261485,2,0
261483,261483,261485,2,0
261483,261483,261485,2,0
261483,261483,261485,2,0
261483,261483,261485,2,0
261483,261483,261485,2,0
261483,261483,261485,2,0
261483,261483,261485,2,0
261483,261484,261485,1,1
261483,261483,261485,2,0
261483,261483,261485,2,0
261483,261483,261485,2,0
261483,261483,261485,2,0
261502,261502,261503,1,0
261502,261502,261503,1,0
261502,261502,261503,1,0
261502,261502,261503,1,0
261502,261502,261503,1,0
261502,261502,261503,1,0
261502,261502,261503,1,0
261502,261502,261503,1,0
261502,261502,261503,1,0
261502,261502,261503,1,0
261502,261502,261503,1,0
261502,261502,261503,1,0
261502,261502,261503,1,0
261502,261502,261503,1,0
261502,261502,261503,1,0
261502,261502,261503,1,0
261502,261502,261504,2,0
261502,261502,261503,1,0
261502,261502,261503,1,0
261502,261502,261504,2,0
261502,261502,261503,1,0
261502,261502,261503,1,0
261502,261502,261503,1,0
261502,261502,261504,2,0
261502,261502,261503,1,0
261502,261502,261503,1,0
261502,261502,261503,1,0
261502,261502,261503,1,0
261502,261502,261504,2,0
261502,261502,261503,1,0
261502,261502,261503,1,0
261502,261502,261504,2,0
261449,261449,261509,60,0
261521,261521,261522,1,0
261521,261521,261522,1,0
261521,261521,261522,1,0
261521,261521,261522,1,0
261521,261521,261522,1,0
261521,261521,261522,1,0
261521,261521,261522,1,0
261521,261521,261522,1,0
261521,261521,261522,1,0
261521,261521,261522,1,0
261521,261521,261522,1,0
261521,261521,261522,1,0
261521,261521,261522,1,0
261521,261521,261523,2,0
261521,261521,261522,1,0
261521,261521,261522,1,0
261521,261521,261523,2,0
261521,261521,261523,2,0
261521,261521,261522,1,0
261521,261521,261523,2,0
261521,261521,261522,1,0
261521,261521,261523,2,0
261521,261521,261522,1,0
261521,261521,261523,2,0
261521,261521,261522,1,0
261521,261521,261523,2,0
261521,261521,261522,1,0
261521,261521,261522,1,0
261521,261521,261523,2,0
261521,261521,261522,1,0
261521,261521,261523,2,0
261521,261521,261522,1,0
261521,261521,261523,2,0
261521,261521,261523,2,0
261484,261484,261532,48,0
261541,261541,261542,1,0
261541,261541,261542,1,0
261541,261541,261542,1,0
261541,261541,261542,1,0
261541,261541,261542,1,0
261541,261541,261542,1,0
261541,261541,261542,1,0
261541,261541,261542,1,0
261541,261541,261542,1,0
261541,261541,261542,1,0
261541,261541,261542,1,0
261541,261541,261542,1,0
261541,261541,261542,1,0
261541,261541,261542,1,0
261541,261541,261542,1,0
261541,261541,261542,1,0
261541,261541,261542,1,0
261541,261541,261542,1,0
261541,261541,261542,1,0
261541,261541,261542,1,0
261541,261541,261542,1,0
261541,261541,261542,1,0
261502,261502,261549,47,0
261541,261544,261557,13,3
261541,261544,261557,13,3
261541,261544,261557,13,3
261559,261560,261561,1,1
261559,261560,261561,1,1
261559,261560,261561,1,1
261559,261560,261561,1,1
261559,261560,261561,1,1
261559,261560,261561,1,1
261559,261560,261561,1,1
261559,261560,261561,1,1
261559,261560,261561,1,1
261559,261560,261561,1,1
261559,261560,261561,1,1
261559,261560,261561,1,1
261559,261560,261561,1,1
261559,261560,261561,1,1
261559,261560,261561,1,1
261559,261560,261561,1,1
261559,261560,261561,1,1
261559,261560,261561,1,1
261559,261560,261561,1,1
261559,261560,261561,1,1
261559,261560,261562,2,1
261521,261522,261572,50,1
261579,261579,261580,1,0
261579,261579,261580,1,0
261579,261579,261580,1,0
261579,261579,261580,1,0
261579,261579,261580,1,0
261579,261579,261580,1,0
261579,261579,261580,1,0
261579,261579,261580,1,0
261579,261579,261580,1,0
261579,261579,261580,1,0
261579,261579,261580,1,0
261579,261579,261580,1,0
261579,261579,261580,1,0
261579,261579,261580,1,0
261579,261579,261580,1,0
261579,261579,261580,1,0
261579,261579,261580,1,0
261579,261579,261580,1,0
261579,261579,261581,2,0
261579,261579,261581,2,0
261579,261579,261581,2,0
261579,261579,261580,1,0
261579,261579,261581,2,0
261579,261579,261580,1,0
261579,261579,261581,2,0
261579,261579,261580,1,0
261579,261579,261580,1,0
261579,261579,261581,2,0
261579,261579,261581,2,0
261579,261579,261580,1,0
261579,261579,261581,2,0
261579,261582,261583,1,3
261579,261582,261583,1,3
261579,261582,261583,1,3
261541,261541,261594,53,0
261598,261598,261599,1,0
261598,261598,261599,1,0
261598,261598,261599,1,0
261598,261598,261599,1,0
261598,261598,261599,1,0
261598,261598,261599,1,0
261598,261598,261599,1,0
261598,261598,261599,1,0
261598,261598,261599,1,0
261598,261598,261599,1,0
261598,261598,261599,1,0
261598,261598,261599,1,0
261598,261598,261599,1,0
261598,261598,261599,1,0
261598,261598,261599,1,0
261598,261598,261599,1,0
261598,261598,261600,2,0
261598,261598,261599,1,0
261598,261598,261600,2,0
261598,261598,261599,1,0
261598,261598,261600,2,0
261598,261598,261600,2,0
261598,261598,261600,2,0
261598,261598,261600,2,0
261598,261598,261599,1,0
261598,261598,261599,1,0
261598,261598,261600,2,0
261598,261598,261600,2,0
261598,261598,261600,2,0
261598,261598,261599,1,0
261598,261598,261600,2,0
261598,261598,261600,2,0
261598,261598,261600,2,0
261598,261598,261599,1,0
261579,261579,261626,47,0
261635,261635,261636,1,0
261635,261635,261636,1,0
261635,261635,261636,1,0
261635,261635,261636,1,0
261635,261635,261636,1,0
261635,261635,261636,1,0
261635,261635,261636,1,0
261635,261635,261636,1,0
261635,261635,261636,1,0
261635,261635,261636,1,0
261635,261635,261636,1,0
261635,261635,261636,1,0
261635,261635,261636,1,0
261635,261635,261636,1,0
261635,261635,261636,1,0
261635,261635,261636,1,0
261635,261635,261636,1,0
261635,261635,261636,1,0
261635,261635,261636,1,0
261635,261635,261636,1,0
261635,261635,261636,1,0
261635,261635,261636,1,0
261635,261635,261636,1,0
261635,261635,261636,1,0
261617,261617,261663,46,0
261665,261665,261666,1,0
261665,261665,261666,1,0
261665,261665,261666,1,0
261665,261665,261666,1,0
261665,261665,261666,1,0
261665,261665,261666,1,0
261665,261665,261666,1,0
261665,261665,261666,1,0
261665,261665,261666,1,0
261665,261665,261666,1,0
261665,261665,261666,1,0
261665,261665,261666,1,0
261665,261665,261666,1,0
261665,261665,261666,1,0
261665,261665,261666,1,0
261665,261665,261666,1,0
261665,261665,261667,2,0
261665,261665,261667,2,0
261665,261665,261667,2,0
261665,261665,261667,2,0
261665,261665,261667,2,0
261665,261665,261667,2,0
261665,261665,261667,2,0
261665,261665,261667,2,0
261665,261665,261667,2,0
261665,261665,261667,2,0
261665,261665,261667,2,0
261665,261665,261667,2,0
261665,261665,261667,2,0
261665,261665,261667,2,0
261665,261665,261667,2,0
261665,261665,261667,2,0
261665,261665,261667,2,0
261665,261665,261667,2,0
261637,261637,261685,48,0
261687,261687,261688,1,0
261687,261687,261688,1,0
261687,261687,261688,1,0
261687,261687,261688,1,0
261687,261687,261688,1,0
261687,261687,261688,1,0
261687,261687,261688,1,0
261687,261687,261688,1,0
261687,261687,261688,1,0
261687,261687,261688,1,0
261687,261687,261688,1,0
261687,261687,261688,1,0
261636,261636,261688,52,0
261687,261687,261688,1,0
261687,261687,261689,2,0
261687,261687,261688,1,0
261687,261687,261688,1,0
261687,261687,261689,2,0
261687,261687,261689,2,0
261687,261687,261688,1,0
261687,261687,261688,1,0
261687,261687,261688,1,0
261687,261687,261688,1,0
261687,261687,261688,1,0
261687,261687,261688,1,0
261687,261687,261689,2,0
261687,261687,261689,2,0
261687,261687,261689,2,0
261687,261687,261688,1,0
261690,261690,261691,1,0
261690,261690,261691,1,0
261690,261690,261691,1,0
261690,261690,261691,1,0
261690,261690,261691,1,0
261690,261690,261691,1,0
261690,261690,261691,1,0
261690,261690,261691,1,0
261690,261690,261691,1,0
261690,261690,261691,1,0
261690,261690,261691,1,0
261690,261690,261691,1,0
261690,261690,261691,1,0
261690,261690,261691,1,0
261690,261690,261691,1,0
261690,261690,261691,1,0
261690,261690,261691,1,0
261690,261690,261691,1,0
261690,261690,261691,1,0
261690,261690,261691,1,0
261690,261690,261691,1,0
261690,261690,261691,1,0
261690,261690,261691,1,0
261690,261690,261691,1,0
261690,261690,261691,1,0
261690,261690,261691,1,0
261690,261690,261691,1,0
261690,261690,261692,2,0
261690,261690,261691,1,0
261690,261690,261691,1,0
261690,261690,261691,1,0
261690,261690,261692,2,0
261690,261690,261691,1,0
261690,261690,261692,2,0
261656,261656,261702,46,0
261687,261687,261707,20,0
261662,261662,261707,45,0
261710,261710,261711,1,0
261710,261710,261711,1,0
261710,261710,261711,1,0
261665,261665,261710,45,0
261710,261710,261711,1,0
261710,261710,261711,1,0
261710,261710,261711,1,0
261710,261710,261711,1,0
261710,261710,261711,1,0
261710,261710,261711,1,0
261710,261710,261711,1,0
261710,261710,261711,1,0
261710,261710,261711,1,0
261710,261710,261711,1,0
261710,261710,261711,1,0
261710,261710,261711,1,0
261710,261710,261711,1,0
261710,261710,261711,1,0
261710,261710,261711,1,0
261710,261710,261711,1,0
261710,261710,261711,1,0
261710,261710,261711,1,0
261710,261710,261711,1,0
261710,261710,261711,1,0
261710,261710,261711,1,0
261710,261710,261711,1,0
261710,261710,261711,1,0
261710,261710,261711,1,0
261710,261710,261711,1,0
261710,261710,261711,1,0
261710,261710,261711,1,0
261710,261710,261711,1,0
261710,261710,261711,1,0
261710,261710,261711,1,0
261710,261710,261711,1,0
261710,261710,261711,1,0
261710,261710,261711,1,0
261710,261710,261711,1,0
261710,261710,261711,1,0
261710,261710,261711,1,0
261710,261710,261711,1,0
261710,261710,261711,1,0
261710,261710,261711,1,0
261710,261710,261711,1,0
261710,261710,261712,2,0
261710,261710,261712,2,0
261710,261710,261712,2,0
261710,261710,261712,2,0
261710,261710,261712,2,0
261710,261710,261712,2,0
261710,261710,261712,2,0
261710,261710,261712,2,0
261710,261710,261711,1,0
261710,261710,261712,2,0
261710,261710,261712,2,0
261710,261710,261712,2,0
261710,261710,261711,1,0
261710,261710,261711,1,0
261710,261710,261712,2,0
261710,261710,261712,2,0
261710,261710,261712,2,0
261710,261710,261712,2,0
261710,261710,261712,2,0
261710,261710,261712,2,0
261710,261710,261712,2,0
261710,261710,261712,2,0
261710,261710,261711,1,0
261712,261712,261713,1,0
261712,261712,261713,1,0
261710,261710,261712,2,0
261712,261712,261713,1,0
261659,261659,261713,54,0
261712,261712,261713,1,0
261712,261712,261713,1,0
261712,261712,261713,1,0
261712,261712,261713,1,0
261712,261712,261713,1,0
261712,261712,261713,1,0
261712,261712,261713,1,0
261712,261712,261713,1,0
261712,261712,261713,1,0
261712,261712,261713,1,0
261712,261712,261713,1,0
261661,261661,261713,52,0
261712,261712,261713,1,0
261712,261712,261713,1,0
261687,261687,261713,26,0
261712,261712,261714,2,0
261712,261712,261713,1,0
261712,261712,261713,1,0
261712,261712,261714,2,0
261712,261712,261713,1,0
261712,261712,261714,2,0
261712,261712,261714,2,0
261712,261712,261713,1,0
261712,261712,261713,1,0
261712,261712,261714,2,0
261712,261712,261714,2,0
261712,261712,261713,1,0
261712,261712,261714,2,0
261712,261712,261714,2,0
261712,261712,261713,1,0
261712,261712,261713,1,0
261712,261712,261713,1,0
261712,261712,261713,1,0
261710,261710,261718,8,0
261663,261663,261724,61,0
261687,261687,261723,36,0
261658,261658,261725,67,0
261667,261667,261734,67,0
261734,261734,261735,1,0
261734,261734,261736,2,0
261734,261734,261735,1,0
261734,261734,261735,1,0
261734,261734,261735,1,0
261734,261734,261736,2,0
261734,261735,261736,1,1
261734,261734,261735,1,0
261734,261734,261735,1,0
261734,261734,261735,1,0
261734,261734,261735,1,0
261734,261734,261735,1,0
261734,261734,261735,1,0
261734,261734,261735,1,0
261734,261734,261736,2,0
261734,261734,261735,1,0
261734,261734,261735,1,0
261734,261734,261735,1,0
261734,261734,261735,1,0
261734,261734,261735,1,0
261734,261734,261735,1,0
261734,261734,261735,1,0
261734,261734,261736,2,0
261734,261734,261735,1,0
261734,261734,261736,2,0
261734,261734,261736,2,0
261734,261734,261736,2,0
261734,261735,261736,1,1
261734,261735,261736,1,1
261734,261734,261736,2,0
261734,261735,261736,1,1
261734,261735,261736,1,1
261734,261734,261736,2,0
261734,261735,261736,1,1
261734,261735,261736,1,1
261734,261734,261736,2,0
261734,261734,261736,2,0
261734,261735,261736,1,1
261734,261735,261736,1,1
261734,261734,261736,2,0
261734,261735,261736,1,1
261734,261735,261736,1,1
261734,261734,261736,2,0
261734,261735,261736,1,1
261734,261735,261736,1,1
261734,261735,261736,1,1
261734,261734,261736,2,0
261734,261735,261736,1,1
261734,261735,261736,1,1
261734,261735,261736,1,1
261734,261734,261736,2,0
261734,261735,261736,1,1
261734,261735,261736,1,1
261734,261735,261736,1,1
261734,261735,261737,2,1
261691,261691,261748,57,0
261686,261686,261752,66,0
261711,261711,261760,49,0
261713,261713,261769,56,0
261688,261688,261776,88,0
261666,261666,261778,112,0
261783,261784,261785,1,1
261784,261784,261785,1,0
261783,261783,261784,1,0
261783,261783,261784,1,0
261783,261783,261785,2,0
261783,261783,261784,1,0
261783,261783,261784,1,0
261783,261783,261785,2,0
261783,261784,261785,1,1
261783,261783,261784,1,0
261783,261783,261784,1,0
261783,261784,261785,1,1
261784,261784,261785,1,0
261783,261783,261784,1,0
261783,261783,261784,1,0
261783,261783,261785,2,0
261783,261784,261785,1,1
261784,261784,261785,1,0
261783,261783,261784,1,0
261783,261783,261785,2,0
261784,261784,261785,1,0
261784,261784,261785,1,0
261784,261784,261785,1,0
261783,261783,261784,1,0
261783,261783,261784,1,0
261784,261784,261785,1,0
261784,261784,261785,1,0
261783,261783,261784,1,0
261783,261783,261785,2,0
261784,261784,261785,1,0
261784,261784,261785,1,0
261784,261784,261785,1,0
261784,261784,261785,1,0
261784,261784,261785,1,0
261784,261784,261785,1,0
261784,261784,261785,1,0
261784,261784,261785,1,0
261783,261784,261785,1,1
261783,261784,261786,2,1
261783,261784,261785,1,1
261784,261784,261785,1,0
261784,261784,261786,2,0
261784,261785,261786,1,1
261783,261783,261785,2,0
261783,261783,261785,2,0
261784,261784,261785,1,0
261784,261784,261786,2,0
261784,261784,261785,1,0
261784,261785,261786,1,1
261784,261785,261786,1,1
261783,261783,261786,3,0
261784,261784,261785,1,0
261784,261784,261785,1,0
261784,261784,261785,1,0
261784,261785,261786,1,1
261783,261783,261786,3,0
261784,261784,261785,1,0
261784,261784,261785,1,0
261784,261785,261786,1,1
261783,261783,261785,2,0
261784,261784,261785,1,0
261784,261784,261785,1,0
261784,261785,261786,1,1
261784,261785,261786,1,1
261783,261784,261785,1,1
261784,261784,261785,1,0
261784,261784,261785,1,0
261784,261784,261785,1,0
261784,261784,261785,1,0
261784,261784,261785,1,0
261784,261785,261786,1,1
261783,261783,261785,2,0
261784,261784,261785,1,0
261784,261784,261785,1,0
261784,261785,261786,1,1
261784,261784,261785,1,0
261784,261784,261785,1,0
261784,261785,261786,1,1
261783,261783,261785,2,0
261784,261784,261785,1,0
261784,261784,261785,1,0
261784,261785,261786,1,1
261784,261785,261786,1,1
261784,261785,261786,1,1
261784,261785,261786,1,1
261784,261785,261786,1,1
261784,261785,261786,1,1
261784,261785,261786,1,1
261784,261785,261786,1,1
261784,261785,261786,1,1
261784,261785,261787,2,1
261784,261785,261787,2,1
261784,261785,261788,3,1
261784,261785,261787,2,1
261784,261785,261787,2,1
261784,261785,261787,2,1
261784,261785,261787,2,1
261784,261787,261788,1,3
261784,261787,261788,1,3
261784,261785,261787,2,1
261784,261785,261787,2,1
261784,261785,261787,2,1
261784,261785,261787,2,1
261784,261785,261787,2,1
261784,261785,261787,2,1
261784,261787,261788,1,3
261784,261785,261787,2,1
261784,261785,261787,2,1
261784,261785,261787,2,1
261784,261785,261787,2,1
261784,261785,261787,2,1
261784,261785,261787,2,1
261784,261787,261788,1,3
261784,261785,261787,2,1
261784,261785,261787,2,1
261784,261785,261787,2,1
261784,261785,261787,2,1
261784,261785,261787,2,1
261784,261785,261787,2,1
261784,261787,261788,1,3
261784,261785,261787,2,1
261784,261786,261788,2,2
261784,261786,261788,2,2
261784,261786,261788,2,2
261784,261786,261788,2,2
261784,261786,261788,2,2
261784,261786,261788,2,2
261784,261787,261788,1,3
261784,261787,261788,1,3
261784,261787,261788,1,3
261784,261787,261788,1,3
261784,261787,261788,1,3
261784,261787,261788,1,3
261784,261787,261788,1,3
261784,261787,261788,1,3
261784,261787,261788,1,3
261784,261787,261788,1,3
261784,261787,261788,1,3
261784,261787,261788,1,3
261784,261787,261788,1,3
261784,261787,261788,1,3
261784,261787,261788,1,3
261784,261787,261789,2,3
261784,261787,261788,1,3
261784,261787,261788,1,3
261784,261787,261788,1,3
261784,261787,261788,1,3
261784,261787,261788,1,3
261784,261787,261788,1,3
261784,261787,261788,1,3
261784,261787,261788,1,3
261784,261787,261788,1,3
261784,261787,261788,1,3
261784,261787,261788,1,3
261784,261787,261788,1,3
261784,261787,261788,1,3
261784,261787,261788,1,3
261735,261735,261791,56,0
261784,261787,261832,45,3
261850,261850,261851,1,0
261850,261850,261851,1,0
261850,261850,261851,1,0
261850,261850,261851,1,0
261850,261850,261851,1,0
261850,261850,261851,1,0
261850,261850,261851,1,0
261850,261850,261851,1,0
261850,261850,261851,1,0
261850,261850,261851,1,0
261850,261850,261851,1,0
261850,261850,261851,1,0
261850,261850,261851,1,0
261850,261850,261851,1,0
261850,261850,261851,1,0
261850,261850,261851,1,0
261850,261850,261851,1,0
261850,261850,261851,1,0
261850,261850,261851,1,0
261850,261850,261851,1,0
261850,261850,261851,1,0
261850,261850,261851,1,0
261850,261850,261851,1,0
261850,261850,261851,1,0
261850,261850,261851,1,0
261850,261850,261851,1,0
261850,261850,261851,1,0
261850,261850,261851,1,0
261850,261850,261852,2,0
261850,261850,261851,1,0
261850,261850,261851,1,0
261850,261850,261851,1,0
261850,261850,261852,2,0
261850,261850,261851,1,0
261850,261850,261852,2,0
261850,261850,261852,2,0
261850,261850,261851,1,0
261850,261850,261851,1,0
261850,261850,261852,2,0
261850,261850,261852,2,0
261850,261850,261852,2,0
261850,261850,261852,2,0
261850,261850,261852,2,0
261850,261850,261852,2,0
261850,261850,261852,2,0
261850,261850,261852,2,0
261850,261850,261852,2,0
261850,261850,261852,2,0
261850,261850,261852,2,0
261850,261850,261852,2,0
261850,261850,261852,2,0
261850,261850,261852,2,0
261850,261850,261852,2,0
261850,261850,261852,2,0
261850,261850,261852,2,0
261850,261850,261852,2,0
261850,261850,261852,2,0
261850,261850,261852,2,0
261850,261850,261852,2,0
261850,261850,261852,2,0
261850,261850,261852,2,0
261850,261850,261852,2,0
261850,261852,261853,1,2
261850,261850,261852,2,0
261850,261850,261852,2,0
261850,261850,261852,2,0
261850,261850,261852,2,0
261850,261850,261852,2,0
261850,261850,261852,2,0
261850,261850,261852,2,0
261850,261852,261853,1,2
261850,261850,261852,2,0
261850,261850,261852,2,0
261850,261852,261853,1,2
261850,261850,261852,2,0
261850,261850,261852,2,0
261850,261852,261853,1,2
261850,261852,261853,1,2
261850,261852,261853,1,2
261850,261852,261853,1,2
261850,261852,261853,1,2
261850,261852,261853,1,2
261850,261852,261853,1,2
261850,261852,261854,2,2
261850,261852,261853,1,2
261850,261852,261853,1,2
261850,261852,261853,1,2
261850,261852,261853,1,2
261850,261852,261853,1,2
261850,261852,261853,1,2
261850,261852,261853,1,2
261850,261852,261853,1,2
261850,261852,261853,1,2
261850,261852,261865,13,2
261850,261852,261866,14,2
261899,261899,261900,1,0
261899,261899,261900,1,0
261899,261899,261900,1,0
261899,261899,261900,1,0
261899,261899,261900,1,0
261899,261899,261900,1,0
261899,261899,261900,1,0
261899,261899,261900,1,0
261899,261899,261900,1,0
261899,261899,261900,1,0
261899,261899,261900,1,0
261899,261899,261900,1,0
261899,261899,261900,1,0
261899,261899,261900,1,0
261899,261899,261900,1,0
261899,261899,261900,1,0
261899,261899,261900,1,0
261899,261899,261900,1,0
261899,261899,261900,1,0
261899,261899,261900,1,0
261899,261899,261900,1,0
261899,261899,261900,1,0
261899,261899,261900,1,0
261899,261899,261900,1,0
261899,261899,261900,1,0
261899,261899,261900,1,0
261899,261899,261900,1,0
261899,261899,261900,1,0
261899,261899,261900,1,0
261899,261899,261901,2,0
261899,261899,261900,1,0
261899,261899,261900,1,0
261899,261899,261900,1,0
261899,261899,261901,2,0
261899,261899,261901,2,0
261899,261899,261900,1,0
261899,261899,261901,2,0
261899,261899,261901,2,0
261899,261899,261900,1,0
261899,261899,261901,2,0
261899,261899,261900,1,0
261899,261899,261901,2,0
261899,261899,261901,2,0
261899,261899,261900,1,0
261899,261899,261901,2,0
261899,261899,261901,2,0
261899,261899,261901,2,0
261899,261899,261900,1,0
261899,261899,261901,2,0
261899,261899,261901,2,0
261899,261899,261901,2,0
261899,261899,261900,1,0
261899,261899,261901,2,0
261899,261899,261901,2,0
261899,261899,261900,1,0
261899,261899,261901,2,0
261899,261899,261901,2,0
261899,261899,261901,2,0
261899,261899,261900,1,0
261899,261899,261901,2,0
261899,261899,261901,2,0
261899,261899,261901,2,0
261899,261899,261900,1,0
261899,261899,261901,2,0
261899,261899,261901,2,0
261899,261899,261901,2,0
261899,261899,261901,2,0
261899,261899,261901,2,0
261899,261900,261944,44,1
261949,261949,261950,1,0
261949,261949,261950,1,0
261949,261949,261950,1,0
261949,261949,261950,1,0
261949,261949,261950,1,0
261949,261949,261950,1,0
261949,261949,261950,1,0
261949,261949,261950,1,0
261949,261949,261950,1,0
261949,261949,261950,1,0
261949,261949,261950,1,0
261949,261949,261950,1,0
261949,261949,261951,2,0
261949,261949,261950,1,0
261949,261949,261950,1,0
261949,261949,261950,1,0
261949,261949,261950,1,0
261949,261949,261951,2,0
261949,261949,261950,1,0
261949,261949,261950,1,0
261949,261949,261951,2,0
261949,261949,261950,1,0
261949,261949,261951,2,0
261949,261949,261950,1,0
261949,261949,261950,1,0
261949,261949,261950,1,0
261949,261949,261950,1,0
261949,261949,261950,1,0
261949,261949,261951,2,0
261985,261986,261987,1,1
261985,261986,261987,1,1
261985,261986,261987,1,1
261985,261986,261987,1,1
261985,261986,261987,1,1
261985,261986,261987,1,1
261985,261986,261987,1,1
261985,261986,261987,1,1
261985,261986,261987,1,1
261985,261986,261987,1,1
261985,261986,261987,1,1
261985,261986,261987,1,1
261985,261986,261987,1,1
261985,261986,261987,1,1
261985,261986,261987,1,1
261985,261986,261987,1,1
261985,261986,261987,1,1
261985,261986,261987,1,1
261985,261986,261987,1,1
261985,261986,261987,1,1
261985,261986,261987,1,1
261949,261949,262000,51,0
262003,262003,262004,1,0
262003,262003,262004,1,0
262003,262003,262004,1,0
262003,262003,262004,1,0
262003,262003,262004,1,0
262003,262003,262004,1,0
262003,262003,262004,1,0
262003,262003,262004,1,0
262003,262003,262004,1,0
262003,262003,262004,1,0
262003,262003,262004,1,0
262003,262003,262004,1,0
262003,262003,262004,1,0
262003,262003,262004,1,0
262003,262003,262004,1,0
262003,262003,262004,1,0
262003,262003,262004,1,0
262003,262003,262004,1,0
262003,262003,262004,1,0
262003,262003,262004,1,0
262003,262003,262004,1,0
262003,262003,262052,49,0
262054,262054,262055,1,0
262054,262054,262055,1,0
262054,262054,262055,1,0
262054,262054,262055,1,0
262054,262054,262055,1,0
262054,262054,262055,1,0
262054,262054,262055,1,0
262054,262054,262055,1,0
262054,262054,262055,1,0
262054,262054,262055,1,0
262054,262054,262055,1,0
262054,262054,262055,1,0
262054,262054,262055,1,0
262054,262054,262055,1,0
262054,262054,262055,1,0
262054,262054,262055,1,0
262054,262054,262055,1,0
262054,262054,262056,2,0
262054,262054,262055,1,0
262054,262054,262056,2,0
262054,262054,262055,1,0
262054,262054,262056,2,0
262054,262054,262055,1,0
262054,262054,262056,2,0
262054,262054,262056,2,0
262054,262054,262056,2,0
262054,262054,262056,2,0
262054,262054,262055,1,0
262054,262054,262056,2,0
262054,262054,262056,2,0
262054,262054,262056,2,0
262054,262054,262055,1,0
262054,262054,262056,2,0
262054,262054,262055,1,0
262040,262040,262086,46,0
262088,262088,262089,1,0
262088,262088,262089,1,0
262088,262088,262089,1,0
262088,262088,262089,1,0
262088,262088,262089,1,0
262088,262088,262089,1,0
262088,262088,262089,1,0
262088,262088,262089,1,0
262088,262088,262089,1,0
262088,262088,262089,1,0
262088,262088,262089,1,0
262088,262088,262089,1,0
262088,262088,262089,1,0
262088,262088,262089,1,0
262088,262088,262089,1,0
262088,262088,262089,1,0
262088,262088,262089,1,0
262088,262088,262089,1,0
262088,262088,262089,1,0
262088,262088,262089,1,0
262088,262088,262089,1,0
262088,262088,262089,1,0
262088,262088,262089,1,0
262088,262088,262089,1,0
262088,262088,262089,1,0
262088,262088,262089,1,0
262088,262088,262089,1,0
262088,262088,262089,1,0
262044,262044,262091,47,0
262043,262043,262093,50,0
262041,262041,262096,55,0
262046,262046,262095,49,0
262048,262048,262107,59,0
262051,262051,262106,55,0
262056,262056,262107,51,0
262053,262053,262108,55,0
262109,262109,262110,1,0
262109,262109,262110,1,0
262109,262109,262110,1,0
262109,262109,262110,1,0
262109,262109,262110,1,0
262109,262109,262110,1,0
262109,262109,262110,1,0
262109,262109,262110,1,0
262109,262109,262110,1,0
262109,262109,262110,1,0
262109,262109,262110,1,0
262109,262109,262110,1,0
262109,262109,262110,1,0
262109,262109,262110,1,0
262109,262109,262110,1,0
262109,262109,262110,1,0
262109,262109,262110,1,0
262109,262109,262110,1,0
262109,262109,262110,1,0
262109,262109,262110,1,0
262109,262109,262110,1,0
262109,262109,262110,1,0
262109,262109,262110,1,0
262109,262109,262110,1,0
262109,262109,262110,1,0
262109,262109,262110,1,0
262109,262109,262110,1,0
262109,262109,262110,1,0
262109,262109,262110,1,0
262109,262109,262110,1,0
262109,262109,262110,1,0
262109,262109,262110,1,0
262109,262109,262110,1,0
262109,262109,262110,1,0
262109,262110,262111,1,1
262109,262110,262111,1,1
262109,262110,262111,1,1
262109,262110,262111,1,1
262109,262109,262110,1,0
262109,262109,262110,1,0
262109,262110,262111,1,1
262109,262110,262111,1,1
262109,262110,262111,1,1
262109,262110,262111,1,1
262109,262109,262110,1,0
262109,262109,262111,2,0
262109,262110,262111,1,1
262109,262109,262110,1,0
262109,262109,262111,2,0
262109,262109,262110,1,0
262109,262109,262110,1,0
262109,262110,262111,1,1
262109,262109,262110,1,0
262109,262109,262111,2,0
262109,262109,262111,2,0
262109,262109,262110,1,0
262109,262110,262111,1,1
262109,262110,262111,1,1
262109,262109,262110,1,0
262109,262109,262110,1,0
262109,262110,262111,1,1
262109,262109,262110,1,0
262109,262109,262111,2,0
262109,262109,262111,2,0
262109,262109,262110,1,0
262109,262110,262111,1,1
262109,262110,262111,1,1
262109,262109,262110,1,0
262109,262109,262110,1,0
262109,262109,262110,1,0
262109,262109,262110,1,0
262109,262110,262111,1,1
262109,262110,262111,1,1
262109,262109,262110,1,0
262109,262109,262110,1,0
262109,262109,262110,1,0
262109,262110,262111,1,1
262109,262110,262111,1,1
262109,262110,262111,1,1
262109,262109,262110,1,0
262109,262109,262111,2,0
262109,262109,262110,1,0
262109,262110,262111,1,1
262109,262110,262111,1,1
262109,262110,262111,1,1
262109,262110,262112,2,1
262109,262110,262111,1,1
262109,262110,262111,1,1
262109,262110,262112,2,1
262109,262110,262112,2,1
262109,262110,262112,2,1
262049,262049,262112,63,0
262109,262110,262112,2,1
262109,262110,262112,2,1
262109,262110,262112,2,1
262109,262110,262112,2,1
262109,262110,262112,2,1
262109,262110,262112,2,1
262109,262110,262112,2,1
262109,262110,262112,2,1
262109,262110,262112,2,1
262109,262110,262112,2,1
262109,262110,262112,2,1
262109,262112,262113,1,3
262109,262112,262113,1,3
262109,262112,262113,1,3
262109,262110,262112,2,1
262109,262110,262112,2,1
262109,262110,262112,2,1
262109,262112,262113,1,3
262109,262111,262113,2,2
262109,262111,262113,2,2
262109,262111,262113,2,2
262109,262111,262113,2,2
262109,262111,262113,2,2
262109,262111,262112,1,2
262109,262111,262113,2,2
262109,262111,262113,2,2
262109,262111,262113,2,2
262109,262111,262113,2,2
262109,262111,262113,2,2
262109,262111,262113,2,2
262109,262112,262113,1,3
262109,262112,262113,1,3
262109,262112,262113,1,3
262111,262113,262114,1,2
262109,262112,262113,1,3
262109,262112,262113,1,3
262109,262112,262113,1,3
262109,262112,262113,1,3
262111,262113,262114,1,2
262109,262112,262113,1,3
262109,262112,262114,2,3
262109,262112,262113,1,3
262109,262112,262113,1,3
262111,262113,262114,1,2
262111,262113,262114,1,2
262111,262113,262114,1,2
262109,262112,262113,1,3
262109,262112,262113,1,3
262109,262112,262113,1,3
262109,262112,262113,1,3
262109,262112,262113,1,3
262111,262113,262114,1,2
262111,262113,262114,1,2
262111,262113,262114,1,2
262109,262112,262113,1,3
262109,262112,262113,1,3
262109,262112,262113,1,3
262111,262113,262114,1,2
262111,262113,262114,1,2
262111,262113,262114,1,2
262109,262112,262113,1,3
262109,262112,262113,1,3
262111,262113,262114,1,2
262111,262113,262114,1,2
262111,262113,262114,1,2
262111,262113,262114,1,2
262111,262113,262114,1,2
262111,262113,262114,1,2
262111,262113,262114,1,2
262111,262113,262114,1,2
262111,262113,262114,1,2
262111,262114,262115,1,3
262111,262113,262115,2,2
262111,262113,262115,2,2
262111,262113,262115,2,2
262111,262113,262115,2,2
262111,262113,262114,1,2
262111,262113,262114,1,2
262109,262112,262114,2,3
262111,262113,262114,1,2
262111,262113,262114,1,2
262111,262113,262114,1,2
262111,262113,262115,2,2
262111,262113,262115,2,2
262111,262113,262115,2,2
262111,262113,262114,1,2
262111,262114,262115,1,3
262111,262113,262114,1,2
262111,262114,262115,1,3
262111,262114,262115,1,3
262111,262114,262115,1,3
262111,262114,262115,1,3
262111,262114,262115,1,3
262111,262114,262115,1,3
262111,262114,262115,1,3
262111,262114,262115,1,3
262111,262114,262115,1,3
262111,262114,262115,1,3
262111,262114,262115,1,3
262111,262114,262115,1,3
262111,262114,262115,1,3
262111,262114,262115,1,3
262111,262114,262115,1,3
262111,262114,262115,1,3
262111,262113,262114,1,2
262111,262113,262115,2,2
262111,262113,262115,2,2
262111,262113,262115,2,2
262080,262080,262126,46,0
262077,262077,262126,49,0
262083,262083,262129,46,0
262085,262086,262131,45,1
262081,262081,262143,62,0
262089,262089,262144,55,0
262090,262090,262149,59,0
262112,262114,262165,51,2
262180,262180,262181,1,0
262180,262180,262181,1,0
262180,262180,262181,1,0
262180,262180,262181,1,0
262180,262180,262181,1,0
262180,262180,262181,1,0
262180,262180,262181,1,0
262180,262180,262181,1,0
262180,262180,262181,1,0
262180,262180,262181,1,0
262180,262180,262181,1,0
262180,262180,262181,1,0
262180,262180,262181,1,0
262180,262180,262181,1,0
262180,262180,262181,1,0
262180,262180,262181,1,0
262180,262180,262181,1,0
262180,262180,262181,1,0
262180,262180,262181,1,0
262180,262180,262181,1,0
262180,262180,262181,1,0
262180,262180,262181,1,0
262180,262180,262181,1,0
262180,262180,262181,1,0
262180,262180,262181,1,0
262180,262180,262181,1,0
262180,262180,262181,1,0
262180,262180,262181,1,0
262180,262180,262181,1,0
262180,262180,262181,1,0
262180,262180,262181,1,0
262180,262180,262181,1,0
262180,262180,262181,1,0
262180,262180,262181,1,0
262180,262180,262181,1,0
262180,262180,262181,1,0
262180,262180,262181,1,0
262180,262180,262181,1,0
262180,262180,262181,1,0
262180,262180,262181,1,0
262180,262180,262181,1,0
262180,262180,262181,1,0
262180,262180,262181,1,0
262180,262180,262181,1,0
262180,262180,262181,1,0
262180,262180,262181,1,0
262180,262180,262181,1,0
262180,262180,262181,1,0
262180,262180,262181,1,0
262180,262180,262181,1,0
262180,262180,262181,1,0
262180,262180,262181,1,0
262180,262180,262181,1,0
262180,262180,262181,1,0
262180,262180,262181,1,0
262180,262180,262182,2,0
262180,262180,262182,2,0
262180,262180,262181,1,0
262180,262180,262182,2,0
262180,262180,262182,2,0
262180,262180,262181,1,0
262180,262180,262182,2,0
262180,262180,262182,2,0
262180,262180,262181,1,0
262180,262180,262182,2,0
262180,262180,262182,2,0
262180,262180,262182,2,0
262180,262180,262182,2,0
262180,262180,262182,2,0
262180,262180,262182,2,0
262180,262180,262182,2,0
262180,262180,262182,2,0
262180,262180,262182,2,0
262180,262180,262182,2,0
262180,262180,262182,2,0
262180,262180,262182,2,0
262180,262180,262182,2,0
262180,262180,262182,2,0
262180,262180,262182,2,0
262180,262182,262183,1,2
262180,262182,262183,1,2
262180,262182,262183,1,2
262180,262182,262183,1,2
262180,262182,262183,1,2
262180,262180,262182,2,0
262180,262182,262183,1,2
262180,262182,262183,1,2
262180,262182,262183,1,2
262180,262182,262183,1,2
262180,262182,262183,1,2
262180,262181,262182,1,1
262180,262182,262183,1,2
262180,262182,262183,1,2
262180,262182,262183,1,2
262180,262182,262183,1,2
262180,262182,262183,1,2
262180,262182,262183,1,2
262180,262182,262183,1,2
262180,262182,262183,1,2
262180,262182,262183,1,2
262180,262182,262183,1,2
262180,262182,262183,1,2
262180,262182,262184,2,2
262180,262182,262184,2,2
262180,262182,262183,1,2
262180,262182,262183,1,2
262180,262182,262184,2,2
262180,262182,262184,2,2
262180,262182,262183,1,2
262180,262182,262183,1,2
262180,262182,262183,1,2
262180,262182,262184,2,2
262180,262182,262183,1,2
262180,262182,262183,1,2
262180,262182,262184,2,2
262180,262182,262184,2,2
262180,262182,262183,1,2
262180,262182,262183,1,2
262180,262182,262184,2,2
262180,262182,262183,1,2
262180,262182,262183,1,2
262180,262182,262183,1,2
262180,262182,262183,1,2
262180,262182,262183,1,2
262180,262182,262184,2,2
262180,262182,262183,1,2
262180,262182,262183,1,2
262180,262182,262184,2,2
262180,262182,262183,1,2
262180,262182,262183,1,2
262180,262182,262183,1,2
262180,262182,262184,2,2
262180,262182,262184,2,2
262180,262182,262183,1,2
262180,262182,262184,2,2
262180,262183,262184,1,3
262180,262182,262183,1,2
262180,262182,262184,2,2
262180,262182,262184,2,2
262180,262182,262184,2,2
262180,262182,262184,2,2
262180,262183,262184,1,3
262180,262183,262184,1,3
262180,262183,262184,1,3
262180,262182,262184,2,2
262180,262182,262184,2,2
262180,262182,262183,1,2
262180,262183,262184,1,3
262180,262183,262184,1,3
262180,262182,262183,1,2
262180,262182,262184,2,2
262180,262182,262183,1,2
262180,262182,262183,1,2
262180,262182,262183,1,2
262180,262183,262184,1,3
262180,262182,262183,1,2
262180,262182,262184,2,2
262180,262182,262183,1,2
262180,262182,262183,1,2
262180,262182,262183,1,2
262180,262183,262184,1,3
262180,262183,262184,1,3
262180,262183,262184,1,3
262180,262183,262184,1,3
262180,262183,262184,1,3
262180,262183,262184,1,3
262180,262183,262184,1,3
262181,262183,262229,46,2
262246,262246,262247,1,0
262246,262246,262247,1,0
262246,262246,262247,1,0
262246,262246,262247,1,0
262246,262246,262247,1,0
262246,262246,262247,1,0
262246,262246,262247,1,0
262246,262246,262247,1,0
262246,262246,262247,1,0
262246,262246,262247,1,0
262246,262246,262247,1,0
262246,262246,262247,1,0
262246,262246,262247,1,0
262246,262246,262247,1,0
262246,262246,262247,1,0
262246,262246,262247,1,0
262246,262246,262247,1,0
262246,262246,262247,1,0
262246,262246,262247,1,0
262246,262246,262247,1,0
262246,262246,262247,1,0
262246,262246,262247,1,0
262246,262246,262247,1,0
262246,262246,262247,1,0
262246,262246,262247,1,0
262246,262246,262247,1,0
262246,262246,262247,1,0
262246,262246,262247,1,0
262246,262246,262247,1,0
262246,262246,262247,1,0
262246,262246,262247,1,0
262246,262246,262247,1,0
262246,262246,262247,1,0
262246,262246,262247,1,0
262246,262246,262247,1,0
262246,262246,262247,1,0
262246,262246,262247,1,0
262246,262246,262247,1,0
262246,262246,262247,1,0
262246,262246,262247,1,0
262246,262246,262247,1,0
262246,262246,262247,1,0
262246,262246,262247,1,0
262246,262246,262247,1,0
262246,262246,262248,2,0
262246,262246,262247,1,0
262246,262246,262248,2,0
262246,262246,262248,2,0
262246,262246,262248,2,0
262246,262246,262248,2,0
262246,262246,262248,2,0
262246,262246,262248,2,0
262246,262247,262248,1,1
262246,262246,262248,2,0
262246,262246,262247,1,0
262246,262246,262247,1,0
262246,262246,262248,2,0
262246,262246,262248,2,0
262246,262246,262248,2,0
262246,262246,262248,2,0
262246,262246,262247,1,0
262246,262246,262247,1,0
262246,262246,262248,2,0
262246,262246,262247,1,0
262246,262247,262248,1,1
262246,262247,262248,1,1
262246,262246,262248,2,0
262246,262246,262248,2,0
262246,262246,262248,2,0
262246,262246,262248,2,0
262246,262246,262248,2,0
262246,262246,262248,2,0
262246,262246,262248,2,0
262246,262246,262248,2,0
262246,262246,262247,1,0
262246,262247,262248,1,1
262246,262246,262248,2,0
262246,262246,262248,2,0
262246,262246,262248,2,0
262246,262247,262248,1,1
262246,262247,262249,2,1
262246,262247,262249,2,1
262246,262247,262249,2,1
262246,262247,262249,2,1
262246,262247,262249,2,1
262246,262247,262249,2,1
262246,262247,262249,2,1
262246,262247,262249,2,1
262246,262247,262249,2,1
262246,262247,262249,2,1
262246,262247,262249,2,1
262246,262247,262249,2,1
262246,262247,262249,2,1
262246,262247,262249,2,1
262246,262247,262261,14,1
262246,262247,262261,14,1
262246,262247,262262,15,1
262310,262310,262311,1,0
262310,262310,262311,1,0
262310,262310,262311,1,0
262310,262310,262311,1,0
262310,262310,262311,1,0
262310,262310,262311,1,0
262310,262310,262311,1,0
262310,262310,262311,1,0
262310,262310,262311,1,0
262310,262310,262311,1,0
262310,262310,262311,1,0
262310,262310,262311,1,0
262310,262310,262311,1,0
262310,262310,262311,1,0
262310,262310,262311,1,0
262310,262310,262311,1,0
262310,262310,262311,1,0
262310,262310,262311,1,0
262310,262310,262311,1,0
262310,262310,262311,1,0
262310,262310,262311,1,0
262310,262310,262311,1,0
262310,262310,262311,1,0
262310,262310,262311,1,0
262310,262310,262311,1,0
262310,262310,262311,1,0
262310,262310,262311,1,0
262310,262310,262311,1,0
262310,262310,262311,1,0
262310,262310,262311,1,0
262310,262310,262311,1,0
262310,262310,262311,1,0
262310,262310,262311,1,0
262310,262310,262311,1,0
262310,262310,262311,1,0
262310,262310,262311,1,0
262310,262310,262311,1,0
262310,262310,262311,1,0
262310,262310,262311,1,0
262310,262310,262311,1,0
262310,262310,262311,1,0
262310,262310,262311,1,0
262310,262310,262311,1,0
262310,262310,262311,1,0
262310,262310,262311,1,0
262310,262310,262311,1,0
262310,262310,262311,1,0
262310,262310,262311,1,0
262310,262310,262312,2,0
262310,262310,262312,2,0
262310,262310,262312,2,0
262310,262310,262312,2,0
262310,262310,262312,2,0
262310,262310,262312,2,0
262310,262310,262312,2,0
262310,262310,262312,2,0
262310,262310,262312,2,0
262310,262310,262312,2,0
262310,262310,262312,2,0
262310,262310,262312,2,0
262310,262310,262312,2,0
262310,262310,262312,2,0
262310,262310,262312,2,0
262310,262310,262312,2,0
262310,262310,262312,2,0
262310,262310,262312,2,0
262310,262310,262313,3,0
262310,262310,262313,3,0
262311,262311,262357,46,0
262359,262360,262361,1,1
262359,262360,262361,1,1
262359,262360,262361,1,1
262359,262360,262361,1,1
262359,262360,262361,1,1
262359,262360,262361,1,1
262359,262360,262361,1,1
262359,262360,262361,1,1
262359,262360,262361,1,1
262359,262360,262361,1,1
262359,262360,262361,1,1
262359,262360,262361,1,1
262359,262360,262361,1,1
262359,262360,262361,1,1
262359,262360,262361,1,1
262359,262360,262361,1,1
262359,262360,262361,1,1
262359,262360,262361,1,1
262393,262393,262394,1,0
262393,262393,262394,1,0
262393,262393,262394,1,0
262393,262393,262394,1,0
262393,262393,262394,1,0
262393,262393,262394,1,0
262393,262393,262394,1,0
262393,262393,262394,1,0
262393,262393,262394,1,0
262393,262393,262394,1,0
262393,262393,262394,1,0
262393,262393,262394,1,0
262393,262393,262395,2,0
262393,262393,262395,2,0
262393,262393,262394,1,0
262393,262393,262395,2,0
262393,262393,262395,2,0
262393,262393,262395,2,0
262393,262393,262394,1,0
262393,262393,262395,2,0
262393,262393,262395,2,0
262393,262393,262394,1,0
262393,262393,262394,1,0
262393,262393,262394,1,0
262393,262393,262394,1,0
262393,262393,262395,2,0
262393,262393,262394,1,0
262393,262393,262394,1,0
262393,262393,262395,2,0
262393,262393,262394,1,0
262393,262393,262395,2,0
262393,262393,262394,1,0
262393,262393,262395,2,0
262393,262393,262395,2,0
262393,262393,262441,48,0
262443,262443,262444,1,0
262443,262443,262444,1,0
262443,262443,262444,1,0
262443,262443,262444,1,0
262443,262443,262444,1,0
262443,262443,262444,1,0
262443,262443,262444,1,0
262443,262443,262444,1,0
262443,262443,262444,1,0
262443,262443,262444,1,0
262443,262443,262444,1,0
262443,262443,262444,1,0
262443,262443,262444,1,0
262443,262443,262444,1,0
262443,262443,262444,1,0
262443,262443,262444,1,0
262443,262443,262444,1,0
262443,262443,262445,2,0
262443,262443,262444,1,0
262443,262443,262444,1,0
262443,262443,262444,1,0
262443,262443,262444,1,0
262443,262443,262444,1,0
262428,262428,262477,49,0
262429,262429,262479,50,0
262479,262479,262480,1,0
262479,262479,262480,1,0
262479,262479,262480,1,0
262479,262479,262480,1,0
262479,262479,262480,1,0
262479,262479,262480,1,0
262479,262479,262480,1,0
262479,262479,262480,1,0
262479,262479,262480,1,0
262479,262479,262481,2,0
262479,262479,262480,1,0
262479,262479,262480,1,0
262479,262479,262480,1,0
262479,262479,262481,2,0
262479,262479,262480,1,0
262479,262479,262480,1,0
262479,262479,262480,1,0
262479,262480,262481,1,1
262479,262480,262481,1,1
262479,262480,262481,1,1
262481,262481,262482,1,0
262481,262481,262482,1,0
262481,262481,262482,1,0
262481,262481,262482,1,0
262481,262481,262482,1,0
262481,262481,262482,1,0
262437,262437,262482,45,0
262481,262481,262482,1,0
262481,262481,262482,1,0
262481,262481,262482,1,0
262481,262481,262482,1,0
262481,262481,262482,1,0
262481,262481,262482,1,0
262481,262481,262482,1,0
262481,262481,262482,1,0
262481,262481,262482,1,0
262481,262481,262482,1,0
262481,262481,262482,1,0
262481,262481,262482,1,0
262481,262481,262482,1,0
262481,262481,262483,2,0
262481,262481,262482,1,0
262481,262481,262482,1,0
262432,262432,262483,51,0
262479,262479,262481,2,0
262479,262479,262480,1,0
262484,262484,262485,1,0
262484,262484,262485,1,0
262438,262438,262485,47,0
262484,262484,262485,1,0
262484,262484,262485,1,0
262484,262484,262486,2,0
262485,262485,262486,1,0
262485,262485,262486,1,0
262484,262484,262485,1,0
262484,262484,262485,1,0
262485,262485,262486,1,0
262484,262484,262485,1,0
262484,262484,262485,1,0
262484,262484,262486,2,0
262485,262485,262486,1,0
262484,262484,262485,1,0
262484,262484,262486,2,0
262484,262484,262486,2,0
262485,262485,262486,1,0
262485,262485,262486,1,0
262484,262484,262485,1,0
262484,262484,262485,1,0
262484,262484,262485,1,0
262484,262484,262486,2,0
262485,262485,262486,1,0
262484,262484,262485,1,0
262484,262484,262485,1,0
262484,262484,262486,2,0
262485,262485,262486,1,0
262485,262485,262486,1,0
262484,262484,262486,2,0
262484,262484,262486,2,0
262484,262484,262486,2,0
262484,262484,262486,2,0
262484,262484,262486,2,0
262484,262484,262486,2,0
262485,262485,262486,1,0
262484,262484,262486,2,0
262484,262484,262486,2,0
262484,262484,262486,2,0
262484,262484,262486,2,0
262484,262484,262486,2,0
262485,262485,262486,1,0
262484,262484,262486,2,0
262485,262485,262486,1,0
262485,262486,262487,1,1
262484,262484,262486,2,0
262484,262484,262486,2,0
262485,262485,262486,1,0
262485,262486,262487,1,1
262485,262485,262486,1,0
262485,262485,262486,1,0
262485,262485,262486,1,0
262485,262485,262486,1,0
262439,262439,262486,47,0
262481,262486,262487,1,5
262485,262486,262487,1,1
262485,262486,262487,1,1
262487,262487,262488,1,0
262485,262486,262487,1,1
262487,262487,262488,1,0
262487,262487,262488,1,0
262487,262487,262488,1,0
262485,262486,262487,1,1
262487,262487,262488,1,0
262485,262486,262487,1,1
262485,262486,262487,1,1
262487,262487,262488,1,0
262487,262487,262488,1,0
262487,262487,262488,1,0
262485,262486,262487,1,1
262487,262487,262488,1,0
262434,262434,262488,54,0
262485,262486,262487,1,1
262485,262486,262487,1,1
262487,262487,262488,1,0
262487,262487,262488,1,0
262487,262487,262488,1,0
262487,262487,262489,2,0
262487,262487,262488,1,0
262487,262487,262489,2,0
262487,262487,262488,1,0
262487,262487,262488,1,0
262487,262487,262488,1,0
262487,262487,262489,2,0
262487,262487,262489,2,0
262487,262487,262488,1,0
262487,262487,262489,2,0
262487,262487,262488,1,0
262487,262487,262488,1,0
262487,262487,262488,1,0
262487,262487,262488,1,0
262487,262487,262488,1,0
262487,262487,262488,1,0
262487,262487,262488,1,0
262431,262431,262491,60,0
262479,262480,262491,11,1
262445,262445,262491,46,0
262479,262480,262493,13,1
262479,262480,262492,12,1
262436,262436,262495,59,0
262442,262442,262496,54,0
262467,262468,262515,47,1
262523,262523,262524,1,0
262523,262523,262524,1,0
262523,262523,262525,2,0
262464,262465,262524,59,1
262523,262523,262524,1,0
262523,262523,262525,2,0
262523,262523,262524,1,0
262523,262524,262525,1,1
262523,262523,262524,1,0
262523,262523,262524,1,0
262523,262523,262524,1,0
262523,262523,262524,1,0
262523,262523,262524,1,0
262523,262523,262525,2,0
262523,262523,262524,1,0
262523,262524,262525,1,1
262523,262523,262524,1,0
262523,262523,262524,1,0
262523,262524,262525,1,1
262523,262523,262524,1,0
262523,262523,262525,2,0
262523,262523,262524,1,0
262523,262523,262524,1,0
262523,262523,262524,1,0
262523,262523,262524,1,0
262523,262523,262524,1,0
262523,262523,262525,2,0
262523,262524,262525,1,1
262523,262524,262525,1,1
262524,262525,262526,1,1
262523,262523,262525,2,0
262523,262524,262525,1,1
262523,262524,262525,1,1
262476,262477,262526,49,1
262523,262523,262525,2,0
262523,262524,262525,1,1
262524,262525,262526,1,1
262523,262524,262525,1,1
262523,262524,262525,1,1
262524,262525,262526,1,1
262524,262525,262526,1,1
262524,262525,262526,1,1
262523,262524,262525,1,1
262523,262524,262525,1,1
262524,262525,262526,1,1
262524,262525,262526,1,1
262523,262523,262525,2,0
262523,262523,262525,2,0
262523,262524,262525,1,1
262523,262524,262525,1,1
262524,262525,262526,1,1
262523,262523,262525,2,0
262523,262523,262525,2,0
262523,262524,262525,1,1
262523,262524,262525,1,1
262523,262524,262525,1,1
262524,262525,262526,1,1
262523,262523,262525,2,0
262523,262524,262525,1,1
262523,262524,262525,1,1
262524,262525,262526,1,1
262524,262525,262526,1,1
262524,262525,262526,1,1
262523,262524,262525,1,1
262523,262524,262525,1,1
262524,262525,262526,1,1
262524,262525,262526,1,1
262524,262525,262526,1,1
262523,262525,262526,1,2
262523,262525,262526,1,2
262524,262525,262526,1,1
262524,262525,262526,1,1
262524,262525,262527,2,1
262524,262525,262526,1,1
262524,262525,262526,1,1
262524,262525,262526,1,1
262524,262525,262526,1,1
262524,262525,262527,2,1
262524,262525,262527,2,1
262524,262525,262526,1,1
262524,262525,262526,1,1
262524,262525,262526,1,1
262524,262525,262526,1,1
262524,262525,262526,1,1
262524,262525,262526,1,1
262524,262525,262526,1,1
262524,262525,262526,1,1
262524,262525,262526,1,1
262524,262525,262527,2,1
262524,262525,262527,2,1
262524,262525,262526,1,1
262524,262525,262526,1,1
262524,262525,262526,1,1
262524,262526,262527,1,2
262524,262526,262527,1,2
262524,262526,262527,1,2
262524,262526,262527,1,2
262523,262525,262527,2,2
262523,262525,262527,2,2
262523,262525,262526,1,2
262523,262525,262527,2,2
262524,262526,262527,1,2
262524,262526,262527,1,2
262524,262526,262527,1,2
262473,262473,262527,54,0
262524,262526,262527,1,2
262524,262526,262527,1,2
262524,262526,262527,1,2
262524,262526,262527,1,2
262524,262526,262527,1,2
262524,262526,262527,1,2
262524,262526,262527,1,2
262524,262526,262527,1,2
262524,262526,262527,1,2
262524,262526,262527,1,2
262524,262526,262527,1,2
262524,262526,262527,1,2
262524,262526,262527,1,2
262524,262526,262527,1,2
262524,262526,262528,2,2
262470,262470,262532,62,0
262480,262480,262533,53,0
262466,262466,262537,71,0
262524,262526,262540,14,2
262524,262526,262540,14,2
262472,262473,262540,67,1
262486,262486,262545,59,0
262483,262484,262547,63,1
262524,262526,262577,51,2
262589,262589,262590,1,0
262589,262589,262590,1,0
262589,262589,262590,1,0
262589,262589,262590,1,0
262589,262589,262590,1,0
262589,262589,262590,1,0
262589,262589,262590,1,0
262589,262589,262590,1,0
262589,262589,262590,1,0
262589,262589,262590,1,0
262589,262589,262590,1,0
262589,262589,262590,1,0
262589,262589,262590,1,0
262589,262589,262590,1,0
262589,262589,262590,1,0
262589,262589,262590,1,0
262589,262589,262590,1,0
262589,262589,262590,1,0
262589,262589,262590,1,0
262589,262589,262590,1,0
262589,262589,262590,1,0
262589,262589,262590,1,0
262589,262589,262590,1,0
262589,262589,262590,1,0
262589,262589,262590,1,0
262589,262589,262590,1,0
262589,262589,262590,1,0
262589,262589,262590,1,0
262589,262589,262590,1,0
262589,262589,262590,1,0
262589,262589,262590,1,0
262589,262589,262590,1,0
262589,262589,262590,1,0
262589,262589,262590,1,0
262589,262589,262590,1,0
262589,262589,262590,1,0
262589,262590,262591,1,1
262589,262590,262591,1,1
262589,262590,262591,1,1
262589,262589,262590,1,0
262589,262589,262590,1,0
262589,262589,262591,2,0
262589,262589,262590,1,0
262589,262590,262591,1,1
262589,262589,262590,1,0
262589,262589,262590,1,0
262589,262589,262590,1,0
262589,262589,262590,1,0
262589,262589,262590,1,0
262589,262590,262591,1,1
262589,262590,262591,1,1
262589,262589,262590,1,0
262589,262589,262590,1,0
262589,262589,262591,2,0
262589,262589,262590,1,0
262589,262590,262591,1,1
262589,262589,262590,1,0
262589,262589,262590,1,0
262589,262589,262590,1,0
262589,262589,262590,1,0
262589,262590,262591,1,1
262589,262589,262590,1,0
262589,262589,262590,1,0
262589,262589,262591,2,0
262589,262589,262590,1,0
262589,262590,262591,1,1
262589,262590,262591,1,1
262589,262589,262590,1,0
262589,262589,262591,2,0
262589,262589,262590,1,0
262589,262590,262591,1,1
262589,262589,262590,1,0
262589,262589,262590,1,0
262589,262589,262590,1,0
262589,262590,262591,1,1
262589,262590,262591,1,1
262589,262589,262590,1,0
262589,262589,262590,1,0
262589,262589,262591,2,0
262589,262589,262590,1,0
262589,262590,262591,1,1
262589,262589,262590,1,0
262589,262589,262590,1,0
262589,262589,262590,1,0
262589,262590,262591,1,1
262589,262590,262591,1,1
262589,262590,262591,1,1
262589,262590,262591,1,1
262589,262590,262592,2,1
262589,262590,262592,2,1
262589,262590,262592,2,1
262589,262590,262592,2,1
262589,262590,262592,2,1
262589,262590,262592,2,1
262589,262590,262592,2,1
262589,262590,262592,2,1
262589,262590,262592,2,1
262589,262590,262592,2,1
262589,262590,262592,2,1
262589,262590,262592,2,1
262589,262592,262593,1,3
262589,262592,262593,1,3
262589,262590,262592,2,1
262589,262590,262592,2,1
262589,262590,262592,2,1
262589,262590,262592,2,1
262589,262590,262592,2,1
262589,262592,262593,1,3
262589,262592,262593,1,3
262589,262590,262592,2,1
262589,262590,262592,2,1
262589,262592,262593,1,3
262589,262590,262592,2,1
262589,262592,262593,1,3
262589,262590,262592,2,1
262589,262590,262592,2,1
262589,262592,262593,1,3
262589,262592,262593,1,3
262589,262590,262592,2,1
262589,262592,262593,1,3
262589,262592,262593,1,3
262589,262592,262594,2,3
262589,262592,262593,1,3
262589,262592,262593,1,3
262589,262592,262593,1,3
262589,262592,262594,2,3
262589,262592,262593,1,3
262589,262592,262593,1,3
262589,262592,262594,2,3
262589,262592,262593,1,3
262589,262592,262593,1,3
262589,262592,262594,2,3
262589,262592,262594,2,3
262589,262592,262593,1,3
262589,262592,262593,1,3
262589,262592,262593,1,3
262589,262592,262593,1,3
262589,262592,262594,2,3
262589,262592,262593,1,3
262589,262592,262593,1,3
262589,262592,262594,2,3
262589,262592,262593,1,3
262589,262592,262593,1,3
262589,262592,262593,1,3
262589,262592,262593,1,3
262589,262592,262594,2,3
262589,262592,262593,1,3
262589,262592,262593,1,3
262589,262592,262593,1,3
262589,262592,262593,1,3
262589,262592,262594,2,3
262589,262592,262593,1,3
262589,262592,262593,1,3
262589,262592,262593,1,3
262589,262592,262593,1,3
262589,262592,262593,1,3
262589,262592,262593,1,3
262589,262592,262593,1,3
262589,262592,262593,1,3
262589,262592,262593,1,3
262589,262592,262593,1,3
262589,262592,262593,1,3
262589,262592,262593,1,3
262589,262592,262593,1,3
262589,262592,262593,1,3
262589,262592,262593,1,3
262589,262592,262593,1,3
262589,262592,262594,2,3
262589,262592,262594,2,3
262590,262593,262594,1,3
262589,262592,262593,1,3
262589,262592,262594,2,3
262589,262592,262593,1,3
262589,262592,262593,1,3
262590,262593,262594,1,3
262590,262593,262594,1,3
262589,262593,262595,2,4
262589,262593,262594,1,4
262590,262593,262594,1,3
262590,262593,262594,1,3
262590,262594,262595,1,4
262590,262594,262595,1,4
262590,262593,262594,1,3
262590,262593,262594,1,3
262590,262593,262594,1,3
262590,262593,262594,1,3
262589,262593,262595,2,4
262589,262593,262595,2,4
262589,262593,262595,2,4
262589,262593,262594,1,4
262590,262593,262594,1,3
262589,262593,262595,2,4
262589,262593,262595,2,4
262589,262593,262594,1,4
262590,262593,262594,1,3
262589,262593,262595,2,4
262589,262593,262594,1,4
262589,262593,262595,2,4
262589,262593,262595,2,4
262589,262593,262594,1,4
262589,262593,262595,2,4
262589,262593,262594,1,4
262590,262594,262595,1,4
262589,262593,262595,2,4
262590,262594,262595,1,4
262590,262594,262596,2,4
262590,262594,262595,1,4
262590,262594,262596,2,4
262590,262594,262596,2,4
262590,262594,262596,2,4
262590,262594,262596,2,4
262590,262594,262595,1,4
262590,262594,262596,2,4
262590,262594,262595,1,4
262590,262594,262596,2,4
262590,262594,262596,2,4
262590,262594,262595,1,4
262590,262594,262596,2,4
262590,262594,262596,2,4
262590,262594,262596,2,4
262590,262594,262596,2,4
262590,262594,262596,2,4
262590,262594,262596,2,4
262590,262594,262596,2,4
262590,262594,262644,50,4
262673,262673,262674,1,0
262673,262673,262674,1,0
262673,262673,262675,2,0
262673,262674,262675,1,1
262673,262673,262674,1,0
262673,262673,262674,1,0
262673,262673,262675,2,0
262673,262673,262674,1,0
262673,262673,262675,2,0
262673,262673,262674,1,0
262673,262673,262674,1,0
262673,262673,262675,2,0
262673,262674,262675,1,1
262673,262673,262674,1,0
262673,262673,262674,1,0
262673,262673,262675,2,0
262673,262673,262675,2,0
262673,262673,262674,1,0
262673,262673,262674,1,0
262673,262673,262674,1,0
262673,262673,262674,1,0
262673,262674,262675,1,1
262673,262673,262674,1,0
262673,262673,262674,1,0
262673,262674,262675,1,1
262673,262673,262674,1,0
262673,262673,262675,2,0
262673,262674,262675,1,1
262673,262673,262675,2,0
262673,262674,262675,1,1
262673,262674,262675,1,1
262674,262675,262676,1,1
262673,262673,262675,2,0
262673,262674,262675,1,1
262673,262674,262675,1,1
262674,262675,262676,1,1
262673,262673,262675,2,0
262673,262673,262675,2,0
262673,262674,262675,1,1
262673,262674,262675,1,1
262674,262675,262676,1,1
262673,262673,262675,2,0
262673,262674,262675,1,1
262673,262674,262675,1,1
262673,262674,262675,1,1
262673,262675,262676,1,2
262674,262675,262676,1,1
262673,262673,262675,2,0
262673,262673,262675,2,0
262673,262674,262675,1,1
262673,262674,262675,1,1
262674,262675,262676,1,1
262673,262673,262675,2,0
262673,262674,262675,1,1
262673,262674,262675,1,1
262674,262675,262676,1,1
262673,262673,262675,2,0
262673,262674,262675,1,1
262673,262674,262675,1,1
262673,262673,262675,2,0
262673,262674,262675,1,1
262673,262674,262675,1,1
262674,262675,262676,1,1
262673,262674,262675,1,1
262673,262674,262675,1,1
262674,262675,262676,1,1
262673,262673,262675,2,0
262673,262674,262675,1,1
262674,262675,262676,1,1
262673,262675,262677,2,2
262673,262675,262677,2,2
262674,262675,262677,2,1
262674,262675,262677,2,1
262673,262675,262677,2,2
262673,262675,262677,2,2
262674,262675,262676,1,1
262674,262675,262677,2,1
262673,262675,262677,2,2
262673,262675,262677,2,2
262674,262675,262677,2,1
262673,262675,262677,2,2
262673,262675,262677,2,2
262674,262675,262677,2,1
262674,262675,262677,2,1
262674,262675,262677,2,1
262673,262675,262677,2,2
262673,262675,262677,2,2
262673,262675,262677,2,2
262674,262675,262677,2,1
262674,262675,262677,2,1
262674,262675,262677,2,1
262674,262675,262677,2,1
262673,262675,262677,2,2
262673,262675,262676,1,2
262674,262676,262677,1,2
262673,262675,262677,2,2
262673,262675,262677,2,2
262673,262675,262676,1,2
262674,262675,262677,2,1
262673,262675,262677,2,2
262673,262675,262677,2,2
262674,262675,262677,2,1
262673,262675,262677,2,2
262673,262675,262677,2,2
262674,262675,262676,1,1
262674,262675,262677,2,1
262674,262675,262677,2,1
262674,262676,262678,2,2
262674,262675,262678,3,1
262674,262676,262678,2,2
262674,262676,262678,2,2
262674,262676,262678,2,2
262674,262676,262678,2,2
262674,262676,262678,2,2
262674,262676,262722,46,2
262757,262757,262758,1,0
262757,262757,262758,1,0
262757,262757,262758,1,0
262757,262757,262758,1,0
262757,262757,262758,1,0
262757,262757,262758,1,0
262757,262757,262758,1,0
262757,262757,262758,1,0
262757,262757,262758,1,0
262757,262757,262758,1,0
262757,262757,262758,1,0
262757,262757,262758,1,0
262757,262757,262758,1,0
262757,262757,262758,1,0
262757,262757,262758,1,0
262757,262757,262758,1,0
262757,262757,262758,1,0
262757,262757,262758,1,0
262757,262757,262758,1,0
262757,262757,262758,1,0
262757,262757,262758,1,0
262757,262757,262758,1,0
262757,262757,262758,1,0
262757,262757,262758,1,0
262757,262757,262758,1,0
262757,262757,262758,1,0
262757,262757,262758,1,0
262757,262757,262758,1,0
262757,262757,262758,1,0
262757,262757,262758,1,0
262757,262757,262758,1,0
262757,262757,262758,1,0
262757,262757,262758,1,0
262757,262757,262758,1,0
262757,262757,262758,1,0
262757,262757,262758,1,0
262757,262757,262759,2,0
262757,262757,262759,2,0
262757,262757,262759,2,0
262757,262757,262759,2,0
262757,262757,262759,2,0
262757,262757,262759,2,0
262757,262757,262759,2,0
262757,262757,262758,1,0
262757,262757,262759,2,0
262757,262757,262759,2,0
262757,262757,262759,2,0
262757,262757,262758,1,0
262757,262757,262759,2,0
262757,262757,262759,2,0
262757,262757,262759,2,0
262757,262757,262758,1,0
262757,262757,262759,2,0
262757,262757,262758,1,0
262757,262757,262759,2,0
262757,262757,262759,2,0
262757,262757,262759,2,0
262757,262757,262758,1,0
262757,262757,262759,2,0
262757,262757,262758,1,0
262757,262757,262759,2,0
262757,262757,262759,2,0
262757,262757,262759,2,0
262757,262757,262759,2,0
262757,262757,262759,2,0
262757,262757,262759,2,0
262757,262757,262759,2,0
262757,262757,262759,2,0
262757,262758,262806,48,1
262808,262808,262809,1,0
262808,262808,262809,1,0
262808,262808,262809,1,0
262808,262808,262809,1,0
262808,262808,262809,1,0
262808,262808,262809,1,0
262808,262808,262809,1,0
262808,262808,262809,1,0
262808,262808,262809,1,0
262808,262808,262809,1,0
262808,262808,262809,1,0
262808,262808,262809,1,0
262808,262808,262809,1,0
262808,262808,262809,1,0
262808,262808,262809,1,0
262808,262808,262809,1,0
262808,262808,262809,1,0
262808,262808,262809,1,0
262808,262808,262809,1,0
262808,262808,262809,1,0
262808,262808,262809,1,0
262808,262808,262809,1,0
262808,262808,262809,1,0
262808,262808,262809,1,0
262808,262808,262809,1,0
262808,262808,262809,1,0
262808,262808,262809,1,0
262808,262808,262809,1,0
262808,262808,262809,1,0
262808,262808,262809,1,0
262808,262808,262809,1,0
262808,262808,262809,1,0
262808,262808,262809,1,0
262808,262808,262809,1,0
262808,262808,262809,1,0
262808,262808,262809,1,0
262808,262808,262810,2,0
262808,262808,262810,2,0
262808,262808,262810,2,0
262808,262808,262809,1,0
262808,262808,262810,2,0
262808,262808,262810,2,0
262808,262808,262810,2,0
262808,262808,262809,1,0
262808,262808,262810,2,0
262808,262808,262810,2,0
262808,262808,262809,1,0
262808,262808,262810,2,0
262808,262808,262810,2,0
262808,262808,262810,2,0
262808,262808,262810,2,0
262808,262808,262810,2,0
262808,262808,262810,2,0
262808,262808,262810,2,0
262808,262808,262810,2,0
262808,262808,262810,2,0
262808,262808,262810,2,0
262808,262808,262810,2,0
262808,262808,262809,1,0
262808,262808,262810,2,0
262808,262808,262810,2,0
262808,262808,262810,2,0
262808,262808,262809,1,0
262808,262808,262810,2,0
262808,262808,262810,2,0
262808,262808,262810,2,0
262808,262808,262810,2,0
262808,262808,262809,1,0
262860,262860,262861,1,0
262860,262860,262861,1,0
262860,262860,262861,1,0
262860,262860,262861,1,0
262860,262860,262861,1,0
262860,262860,262861,1,0
262860,262860,262861,1,0
262860,262860,262861,1,0
262860,262860,262861,1,0
262860,262860,262861,1,0
262860,262860,262861,1,0
262860,262860,262862,2,0
262860,262860,262861,1,0
262860,262860,262862,2,0
262860,262860,262861,1,0
262860,262860,262861,1,0
262860,262860,262861,1,0
262860,262860,262861,1,0
262860,262860,262862,2,0
262860,262860,262861,1,0
262860,262860,262862,2,0
262860,262860,262862,2,0
262860,262860,262862,2,0
262860,262860,262914,54,0
262915,262915,262916,1,0
262915,262915,262916,1,0
262915,262915,262916,1,0
262915,262915,262916,1,0
262915,262915,262916,1,0
262915,262915,262916,1,0
262915,262915,262916,1,0
262915,262915,262916,1,0
262915,262915,262916,1,0
262915,262915,262916,1,0
262915,262915,262916,1,0
262915,262915,262916,1,0
262915,262915,262916,1,0
262915,262915,262916,1,0
262915,262915,262916,1,0
262915,262915,262916,1,0
262915,262915,262916,1,0
262915,262915,262917,2,0
262915,262915,262917,2,0
262915,262915,262916,1,0
262915,262915,262916,1,0
262915,262915,262917,2,0
262915,262915,262917,2,0
262915,262915,262917,2,0
262915,262915,262917,2,0
262915,262915,262917,2,0
262915,262915,262917,2,0
262915,262915,262917,2,0
262915,262915,262917,2,0
262915,262915,262917,2,0
262915,262915,262917,2,0
262915,262915,262917,2,0
262915,262915,262916,1,0
262915,262915,262917,2,0
262897,262897,262963,66,0
262965,262965,262966,1,0
262965,262965,262966,1,0
262965,262965,262966,1,0
262965,262965,262966,1,0
262965,262965,262966,1,0
262965,262965,262966,1,0
262965,262965,262966,1,0
262965,262965,262966,1,0
262965,262965,262966,1,0
262965,262965,262966,1,0
262965,262965,262966,1,0
262965,262965,262966,1,0
262965,262965,262966,1,0
262965,262965,262966,1,0
262965,262965,262966,1,0
262965,262965,262966,1,0
262965,262965,262967,2,0
262965,262965,262966,1,0
262965,262965,262966,1,0
262965,262965,262966,1,0
262916,262916,262966,50,0
262965,262965,262967,2,0
262965,262965,262966,1,0
262965,262965,262966,1,0
262965,262965,262966,1,0
262969,262969,262970,1,0
262969,262969,262970,1,0
262965,262965,262970,5,0
262965,262965,262970,5,0
262969,262969,262970,1,0
262969,262969,262970,1,0
262969,262969,262970,1,0
262969,262969,262970,1,0
262969,262969,262970,1,0
262969,262969,262970,1,0
262969,262969,262970,1,0
262969,262969,262970,1,0
262969,262969,262970,1,0
262969,262969,262970,1,0
262969,262969,262970,1,0
262969,262969,262970,1,0
262969,262969,262970,1,0
262969,262969,262970,1,0
262969,262969,262970,1,0
262969,262969,262970,1,0
262969,262969,262970,1,0
262969,262969,262970,1,0
262969,262969,262970,1,0
262965,262965,262970,5,0
262965,262965,262971,6,0
262918,262918,262971,53,0
262965,262965,262971,6,0
262965,262965,262970,5,0
262965,262965,262971,6,0
262965,262965,262974,9,0
262965,262965,262975,10,0
262965,262965,262975,10,0
262917,262917,262976,59,0
262990,262991,262992,1,1
262990,262991,262992,1,1
262990,262991,262992,1,1
262990,262991,262992,1,1
262990,262991,262992,1,1
262990,262991,262992,1,1
262990,262991,262992,1,1
262990,262991,262992,1,1
262990,262991,262992,1,1
262990,262991,262992,1,1
262990,262991,262992,1,1
262990,262991,262992,1,1
262990,262991,262992,1,1
262990,262991,262992,1,1
262990,262991,262992,1,1
262990,262991,262992,1,1
262990,262991,262992,1,1
262990,262991,262992,1,1
262990,262991,262992,1,1
262990,262991,262992,1,1
262990,262991,262992,1,1
262990,262991,262992,1,1
262939,262939,262997,58,0
262945,262945,262997,52,0
262941,262941,263002,61,0
262943,262943,263004,61,0
262990,262991,263004,13,1
262990,262991,263004,13,1
262990,262991,263005,14,1
262961,262961,263007,46,0
262947,262947,263009,62,0
263009,263009,263010,1,0
263009,263009,263010,1,0
263009,263009,263010,1,0
263009,263009,263010,1,0
263009,263009,263010,1,0
263009,263009,263010,1,0
263009,263009,263011,2,0
263009,263009,263010,1,0
263009,263009,263010,1,0
263009,263009,263010,1,0
263009,263009,263011,2,0
263009,263009,263010,1,0
263009,263009,263010,1,0
263009,263009,263010,1,0
263009,263009,263010,1,0
263009,263009,263010,1,0
263009,263009,263010,1,0
263009,263009,263010,1,0
263009,263010,263011,1,1
263009,263009,263010,1,0
263009,263009,263010,1,0
263009,263009,263011,2,0
263009,263009,263011,2,0
263009,263009,263010,1,0
263009,263009,263010,1,0
263009,263009,263010,1,0
263009,263009,263010,1,0
263009,263009,263010,1,0
263009,263009,263011,2,0
263009,263009,263010,1,0
263009,263010,263011,1,1
263009,263009,263010,1,0
263009,263009,263010,1,0
263009,263009,263011,2,0
263009,263009,263011,2,0
263009,263009,263010,1,0
263009,263009,263011,2,0
263009,263010,263011,1,1
262968,262968,263012,44,0
263009,263009,263011,2,0
263009,263010,263011,1,1
263009,263010,263011,1,1
263009,263011,263012,1,2
263009,263011,263012,1,2
263009,263010,263011,1,1
263009,263010,263011,1,1
263009,263010,263011,1,1
263009,263010,263011,1,1
263009,263010,263011,1,1
263009,263010,263011,1,1
263009,263010,263011,1,1
263010,263011,263012,1,1
263010,263011,263012,1,1
263009,263009,263011,2,0
263009,263010,263011,1,1
263009,263010,263011,1,1
263010,263011,263012,1,1
263009,263010,263011,1,1
263009,263010,263011,1,1
263010,263011,263012,1,1
263010,263011,263012,1,1
263009,263010,263011,1,1
263009,263010,263011,1,1
263009,263010,263011,1,1
263010,263011,263012,1,1
263009,263010,263011,1,1
263009,263010,263011,1,1
263010,263011,263012,1,1
263010,263011,263012,1,1
263010,263012,263013,1,2
263009,263010,263012,2,1
263009,263011,263012,1,2
263009,263011,263012,1,2
263009,263011,263012,1,2
263009,263011,263012,1,2
263009,263011,263012,1,2
263009,263011,263012,1,2
263009,263011,263012,1,2
263009,263011,263012,1,2
263010,263012,263013,1,2
263009,263011,263012,1,2
263010,263012,263013,1,2
263010,263012,263013,1,2
263010,263012,263013,1,2
263009,263011,263012,1,2
263009,263011,263012,1,2
263009,263011,263012,1,2
263009,263011,263013,2,2
263009,263011,263013,2,2
263009,263011,263012,1,2
263009,263011,263013,2,2
263009,263011,263013,2,2
263009,263011,263012,1,2
263010,263012,263013,1,2
263009,263011,263013,2,2
263009,263011,263013,2,2
263009,263011,263013,2,2
263009,263011,263012,1,2
263010,263012,263013,1,2
263009,263011,263013,2,2
263009,263011,263013,2,2
263009,263011,263013,2,2
263009,263011,263013,2,2
263010,263012,263013,1,2
263010,263012,263013,1,2
263010,263012,263013,1,2
263010,263012,263013,1,2
263010,263012,263013,1,2
263010,263012,263013,1,2
263010,263012,263013,1,2
263010,263012,263013,1,2
263010,263012,263013,1,2
263010,263012,263013,1,2
263010,263012,263013,1,2
263010,263012,263013,1,2
263010,263012,263013,1,2
263010,263012,263013,1,2
263010,263012,263014,2,2
263010,263012,263013,1,2
263010,263012,263013,1,2
262951,262951,263014,63,0
262960,262960,263016,56,0
262964,262964,263018,54,0
262955,262958,263021,63,3
262954,262960,263024,64,6
262971,262971,263028,57,0
262992,262992,263039,47,0
263009,263014,263043,29,5
263046,263046,263047,1,0
263046,263046,263047,1,0
263046,263046,263047,1,0
263046,263046,263047,1,0
263046,263046,263047,1,0
263046,263046,263047,1,0
263046,263046,263047,1,0
263046,263046,263047,1,0
263046,263046,263047,1,0
263046,263046,263047,1,0
263046,263046,263047,1,0
263046,263046,263047,1,0
263046,263046,263047,1,0
263046,263046,263047,1,0
263046,263046,263047,1,0
263046,263046,263047,1,0
263046,263046,263047,1,0
263046,263046,263047,1,0
263046,263046,263047,1,0
263046,263046,263047,1,0
263046,263046,263047,1,0
263046,263046,263047,1,0
263046,263046,263047,1,0
263046,263046,263047,1,0
263046,263046,263047,1,0
263046,263046,263047,1,0
263046,263046,263047,1,0
263046,263046,263047,1,0
263046,263046,263047,1,0
263046,263046,263047,1,0
263046,263046,263047,1,0
263046,263046,263047,1,0
263046,263046,263047,1,0
263046,263046,263047,1,0
263046,263046,263047,1,0
263046,263046,263047,1,0
263046,263046,263047,1,0
263046,263046,263047,1,0
263046,263046,263047,1,0
263046,263046,263047,1,0
263046,263046,263047,1,0
263046,263046,263047,1,0
263046,263046,263047,1,0
263046,263046,263048,2,0
263046,263046,263047,1,0
263046,263046,263047,1,0
263046,263046,263048,2,0
263046,263046,263048,2,0
263046,263047,263048,1,1
263046,263047,263048,1,1
263046,263046,263048,2,0
263046,263046,263047,1,0
263046,263046,263048,2,0
263046,263046,263047,1,0
263046,263046,263047,1,0
263046,263046,263048,2,0
263046,263046,263048,2,0
263046,263047,263048,1,1
263046,263047,263048,1,1
263046,263046,263048,2,0
263046,263046,263048,2,0
263046,263047,263048,1,1
263046,263047,263048,1,1
263046,263046,263048,2,0
263046,263047,263048,1,1
263046,263048,263049,1,2
263046,263046,263048,2,0
263046,263047,263049,2,1
263046,263048,263049,1,2
263046,263046,263048,2,0
263046,263046,263048,2,0
263046,263047,263048,1,1
263046,263047,263048,1,1
263046,263047,263049,2,1
263046,263047,263049,2,1
263046,263048,263049,1,2
263046,263049,263050,1,3
263046,263049,263050,1,3
263046,263049,263050,1,3
263046,263047,263049,2,1
263046,263048,263049,1,2
263046,263048,263049,1,2
263046,263047,263049,2,1
263046,263049,263050,1,3
263046,263049,263050,1,3
263046,263049,263050,1,3
263046,263047,263049,2,1
263046,263049,263050,1,3
263046,263049,263050,1,3
263046,263049,263050,1,3
263046,263047,263049,2,1
263046,263048,263049,1,2
263046,263048,263049,1,2
263046,263048,263049,1,2
263046,263048,263049,1,2
263046,263047,263049,2,1
263046,263047,263049,2,1
263046,263048,263049,1,2
263046,263048,263049,1,2
263046,263048,263050,2,2
263046,263048,263049,1,2
263046,263048,263049,1,2
263046,263047,263049,2,1
263046,263048,263049,1,2
263046,263048,263049,1,2
263046,263048,263050,2,2
263046,263047,263049,2,1
263046,263048,263049,1,2
263046,263048,263049,1,2
263046,263048,263050,2,2
263046,263049,263050,1,3
263046,263048,263049,1,2
263046,263048,263049,1,2
263046,263049,263050,1,3
263046,263049,263050,1,3
263046,263049,263050,1,3
263046,263049,263051,2,3
263046,263050,263051,1,4
263046,263050,263051,1,4
263046,263049,263050,1,3
263046,263049,263050,1,3
263046,263050,263051,1,4
263046,263050,263051,1,4
263046,263050,263051,1,4
263046,263050,263051,1,4
263046,263049,263050,1,3
263046,263049,263050,1,3
263046,263050,263051,1,4
263046,263050,263051,1,4
263046,263050,263051,1,4
263046,263050,263051,1,4
263046,263049,263050,1,3
263046,263050,263051,1,4
263046,263050,263051,1,4
263046,263050,263051,1,4
263046,263050,263051,1,4
263046,263048,263050,2,2
263046,263049,263050,1,3
263046,263049,263050,1,3
263046,263049,263050,1,3
263046,263049,263050,1,3
263046,263049,263050,1,3
263047,263050,263051,1,3
263046,263049,263050,1,3
263046,263049,263050,1,3
263046,263049,263051,2,3
263046,263049,263050,1,3
263047,263050,263051,1,3
263047,263050,263051,1,3
263046,263049,263050,1,3
263046,263049,263051,2,3
263046,263049,263050,1,3
263047,263050,263051,1,3
263047,263050,263051,1,3
263047,263050,263051,1,3
263046,263048,263050,2,2
263046,263049,263050,1,3
263046,263049,263050,1,3
263047,263050,263051,1,3
263047,263050,263051,1,3
263046,263049,263050,1,3
263047,263050,263051,1,3
263047,263050,263051,1,3
263047,263050,263051,1,3
263046,263050,263052,2,4
263046,263050,263052,2,4
263047,263051,263052,1,4
263047,263051,263052,1,4
263046,263050,263051,1,4
263046,263050,263052,2,4
263047,263051,263052,1,4
263046,263050,263051,1,4
263046,263050,263052,2,4
263046,263050,263052,2,4
263047,263051,263052,1,4
263047,263051,263052,1,4
263046,263050,263051,1,4
263046,263050,263052,2,4
263046,263050,263051,1,4
263047,263051,263052,1,4
263047,263051,263052,1,4
263047,263051,263052,1,4
263047,263051,263052,1,4
263047,263051,263052,1,4
263047,263051,263052,1,4
263047,263051,263052,1,4
263046,263050,263051,1,4
263046,263050,263051,1,4
263046,263050,263051,1,4
263047,263051,263052,1,4
263047,263051,263052,1,4
263046,263050,263051,1,4
263046,263050,263051,1,4
263047,263051,263052,1,4
263047,263051,263052,1,4
263047,263051,263052,1,4
263046,263050,263051,1,4
263046,263050,263051,1,4
263047,263051,263052,1,4
263047,263051,263052,1,4
263046,263050,263052,2,4
263046,263050,263052,2,4
263046,263050,263051,1,4
263046,263050,263052,2,4
263047,263051,263052,1,4
263047,263051,263053,2,4
263047,263051,263053,2,4
263047,263051,263052,1,4
263047,263051,263053,2,4
263047,263051,263053,2,4
263047,263051,263053,2,4
263047,263051,263052,1,4
263047,263051,263052,1,4
263047,263051,263052,1,4
263047,263051,263052,1,4
263047,263051,263053,2,4
263047,263051,263053,2,4
263047,263051,263053,2,4
263047,263051,263052,1,4
263047,263051,263053,2,4
263047,263051,263052,1,4
263047,263051,263052,1,4
263047,263051,263052,1,4
263047,263052,263053,1,5
263047,263051,263053,2,4
263047,263051,263053,2,4
263047,263051,263053,2,4
263047,263051,263053,2,4
263047,263051,263053,2,4
263047,263051,263053,2,4
263047,263051,263053,2,4
263047,263051,263053,2,4
263047,263051,263053,2,4
263047,263051,263053,2,4
263047,263051,263053,2,4
263047,263051,263053,2,4
263047,263051,263053,2,4
263047,263052,263054,2,5
263047,263052,263054,2,5
263047,263052,263054,2,5
263047,263052,263054,2,5
263047,263052,263053,1,5
262949,262949,263058,109,0
263009,263014,263059,45,5
263009,263014,263059,45,5
263009,263014,263058,44,5
263046,263046,263059,13,0
263047,263052,263112,60,5
262966,262966,263115,149,0
263133,263133,263134,1,0
263133,263133,263134,1,0
263133,263133,263134,1,0
263133,263133,263134,1,0
263133,263133,263134,1,0
263133,263133,263134,1,0
263133,263133,263134,1,0
263133,263133,263134,1,0
263133,263133,263134,1,0
263133,263133,263134,1,0
263133,263133,263134,1,0
263133,263133,263134,1,0
263133,263133,263134,1,0
263133,263133,263134,1,0
263133,263133,263134,1,0
263133,263133,263134,1,0
263133,263133,263134,1,0
263133,263133,263134,1,0
263133,263133,263134,1,0
263133,263133,263134,1,0
263133,263133,263134,1,0
263133,263133,263134,1,0
263133,263133,263134,1,0
263133,263133,263134,1,0
263133,263133,263134,1,0
263133,263133,263134,1,0
263133,263133,263134,1,0
263133,263133,263134,1,0
263133,263133,263134,1,0
263133,263133,263134,1,0
263133,263133,263134,1,0
263133,263133,263134,1,0
263133,263133,263134,1,0
263133,263133,263134,1,0
263133,263133,263134,1,0
263133,263133,263134,1,0
263133,263133,263134,1,0
263133,263133,263134,1,0
263133,263133,263134,1,0
263133,263133,263134,1,0
263133,263133,263134,1,0
263133,263133,263134,1,0
263133,263133,263134,1,0
263133,263133,263134,1,0
263133,263133,263134,1,0
263133,263133,263134,1,0
263133,263133,263134,1,0
263133,263133,263134,1,0
263133,263133,263134,1,0
263133,263133,263135,2,0
263133,263133,263135,2,0
263133,263133,263135,2,0
263133,263133,263135,2,0
263133,263133,263135,2,0
263133,263133,263135,2,0
263133,263133,263135,2,0
263133,263133,263135,2,0
263133,263135,263136,1,2
263133,263133,263136,3,0
263133,263133,263135,2,0
263133,263133,263135,2,0
263133,263133,263135,2,0
263133,263133,263135,2,0
263133,263133,263135,2,0
263133,263133,263135,2,0
263133,263133,263135,2,0
263133,263135,263136,1,2
263133,263135,263136,1,2
263133,263135,263136,1,2
263133,263134,263135,1,1
263133,263134,263135,1,1
263133,263133,263135,2,0
263133,263135,263136,1,2
263133,263133,263135,2,0
263133,263133,263135,2,0
263133,263135,263136,1,2
263133,263133,263136,3,0
263133,263135,263136,1,2
263133,263135,263136,1,2
263133,263135,263136,1,2
263133,263133,263135,2,0
263133,263133,263135,2,0
263133,263133,263135,2,0
263133,263135,263136,1,2
263133,263135,263136,1,2
263133,263135,263137,2,2
263133,263135,263136,1,2
263133,263135,263136,1,2
263133,263135,263136,1,2
263133,263135,263137,2,2
263133,263135,263136,1,2
263133,263135,263136,1,2
263133,263135,263136,1,2
263133,263135,263137,2,2
263133,263135,263136,1,2
263133,263135,263136,1,2
263133,263135,263136,1,2
263133,263135,263136,1,2
263133,263135,263136,1,2
263133,263135,263136,1,2
263133,263135,263136,1,2
263133,263135,263136,1,2
263133,263135,263136,1,2
263133,263135,263136,1,2
263133,263135,263136,1,2
263133,263135,263136,1,2
263133,263135,263136,1,2
263133,263135,263137,2,2
263133,263135,263136,1,2
263133,263135,263136,1,2
263133,263135,263136,1,2
263133,263135,263136,1,2
263133,263135,263136,1,2
263133,263135,263137,2,2
263133,263135,263136,1,2
263133,263135,263136,1,2
263133,263135,263137,2,2
263133,263135,263136,1,2
263133,263135,263136,1,2
263133,263135,263137,2,2
263133,263135,263137,2,2
263133,263135,263136,1,2
263133,263135,263136,1,2
263133,263135,263137,2,2
263133,263135,263136,1,2
263133,263135,263136,1,2
262957,262957,263161,204,0
262963,262963,263165,202,0
263214,263214,263215,1,0
263214,263215,263216,1,1
263214,263215,263216,1,1
263214,263215,263216,1,1
263214,263215,263216,1,1
263214,263215,263216,1,1
263215,263215,263216,1,0
263214,263214,263215,1,0
263214,263215,263216,1,1
263215,263215,263216,1,0
263214,263214,263215,1,0
263215,263215,263216,1,0
263214,263214,263215,1,0
263215,263215,263216,1,0
263215,263215,263216,1,0
263215,263215,263216,1,0
263214,263214,263215,1,0
263214,263215,263216,1,1
263215,263215,263216,1,0
263214,263215,263216,1,1
263215,263215,263217,2,0
263215,263215,263216,1,0
263214,263215,263216,1,1
263214,263215,263216,1,1
263215,263215,263216,1,0
263215,263215,263216,1,0
263215,263215,263217,2,0
263215,263215,263216,1,0
263214,263215,263216,1,1
263215,263215,263217,2,0
263215,263215,263216,1,0
263214,263215,263216,1,1
263215,263215,263217,2,0
263215,263215,263216,1,0
263214,263215,263216,1,1
263215,263215,263216,1,0
263215,263215,263217,2,0
263215,263215,263217,2,0
263214,263215,263216,1,1
263214,263215,263216,1,1
263215,263215,263216,1,0
263215,263215,263216,1,0
263214,263215,263216,1,1
263214,263215,263216,1,1
263215,263215,263217,2,0
263215,263215,263216,1,0
263214,263215,263216,1,1
263214,263215,263216,1,1
263215,263215,263217,2,0
263215,263215,263216,1,0
263214,263215,263216,1,1
263215,263215,263216,1,0
263215,263215,263269,54,0
263280,263281,263282,1,1
263280,263281,263282,1,1
263281,263281,263282,1,0
263281,263281,263282,1,0
263280,263281,263282,1,1
263281,263281,263282,1,0
263281,263281,263282,1,0
263280,263281,263282,1,1
263281,263281,263282,1,0
263281,263281,263282,1,0
263281,263281,263282,1,0
263281,263281,263282,1,0
263281,263281,263282,1,0
263281,263281,263282,1,0
263281,263281,263282,1,0
263281,263281,263282,1,0
263281,263281,263282,1,0
263281,263281,263282,1,0
263281,263281,263282,1,0
263281,263281,263282,1,0
263280,263281,263282,1,1
263281,263281,263282,1,0
263281,263281,263282,1,0
263280,263281,263282,1,1
263280,263281,263282,1,1
263281,263281,263282,1,0
263281,263281,263283,2,0
263280,263281,263282,1,1
263280,263281,263282,1,1
263280,263281,263282,1,1
263281,263281,263283,2,0
263281,263281,263282,1,0
263280,263281,263282,1,1
263280,263281,263282,1,1
263281,263281,263282,1,0
263281,263281,263282,1,0
263280,263281,263282,1,1
263280,263281,263282,1,1
263281,263281,263282,1,0
263280,263281,263282,1,1
263280,263281,263282,1,1
263281,263281,263283,2,0
263281,263281,263282,1,0
263280,263281,263282,1,1
263280,263281,263282,1,1
263281,263281,263282,1,0
263281,263281,263282,1,0
263280,263281,263282,1,1
263280,263281,263282,1,1
263281,263281,263283,2,0
263281,263281,263282,1,0
263280,263281,263282,1,1
263280,263281,263283,2,1
263281,263281,263283,2,0
263281,263281,263282,1,0
263330,263330,263331,1,0
263330,263330,263331,1,0
263330,263330,263331,1,0
263330,263330,263331,1,0
263330,263330,263331,1,0
263330,263330,263331,1,0
263330,263330,263331,1,0
263330,263330,263331,1,0
263330,263330,263331,1,0
263330,263330,263331,1,0
263330,263330,263331,1,0
263330,263330,263331,1,0
263330,263330,263331,1,0
263330,263330,263332,2,0
263330,263330,263331,1,0
263330,263330,263332,2,0
263330,263330,263332,2,0
263330,263330,263332,2,0
263330,263330,263332,2,0
263330,263330,263332,2,0
263330,263330,263332,2,0
263330,263330,263332,2,0
263330,263330,263332,2,0
263330,263330,263332,2,0
263330,263330,263332,2,0
263330,263330,263332,2,0
263330,263330,263332,2,0
263330,263330,263332,2,0
263330,263330,263332,2,0
263330,263330,263332,2,0
263330,263330,263332,2,0
263330,263330,263332,2,0
263330,263330,263332,2,0
263330,263330,263332,2,0
263331,263331,263377,46,0
263383,263383,263384,1,0
263383,263383,263384,1,0
263383,263383,263384,1,0
263383,263383,263384,1,0
263383,263383,263384,1,0
263383,263383,263384,1,0
263383,263383,263384,1,0
263383,263383,263384,1,0
263383,263383,263384,1,0
263383,263383,263384,1,0
263383,263383,263384,1,0
263383,263383,263384,1,0
263383,263383,263384,1,0
263383,263383,263384,1,0
263383,263383,263384,1,0
263383,263383,263384,1,0
263383,263383,263384,1,0
263383,263383,263384,1,0
263383,263383,263384,1,0
263383,263383,263384,1,0
263383,263383,263384,1,0
263383,263383,263384,1,0
263383,263383,263385,2,0
263383,263383,263384,1,0
263383,263383,263384,1,0
263383,263383,263384,1,0
263383,263383,263384,1,0
263383,263383,263384,1,0
263383,263383,263384,1,0
263383,263383,263384,1,0
263383,263383,263430,47,0
263431,263431,263432,1,0
263431,263431,263432,1,0
263431,263431,263432,1,0
263431,263431,263432,1,0
263431,263431,263432,1,0
263431,263431,263432,1,0
263431,263431,263432,1,0
263431,263431,263432,1,0
263384,263384,263431,47,0
263431,263431,263432,1,0
263431,263431,263432,1,0
263431,263431,263432,1,0
263431,263431,263433,2,0
263431,263431,263433,2,0
263431,263431,263432,1,0
263431,263431,263433,2,0
263431,263431,263432,1,0
263431,263431,263433,2,0
263431,263431,263432,1,0
263431,263431,263432,1,0
263431,263431,263433,2,0
263431,263431,263432,1,0
263431,263431,263432,1,0
263431,263431,263433,2,0
263431,263431,263432,1,0
263431,263431,263432,1,0
263431,263431,263432,1,0
263431,263431,263432,1,0
263431,263431,263432,1,0
263431,263431,263432,1,0
263433,263433,263434,1,0
263433,263433,263434,1,0
263433,263433,263434,1,0
263433,263433,263434,1,0
263433,263433,263434,1,0
263433,263433,263434,1,0
263433,263433,263434,1,0
263433,263433,263434,1,0
263433,263433,263434,1,0
263433,263433,263434,1,0
263433,263433,263434,1,0
263431,263431,263433,2,0
263431,263431,263433,2,0
263385,263385,263434,49,0
263431,263431,263434,3,0
263431,263431,263434,3,0
263433,263433,263434,1,0
263433,263433,263435,2,0
263433,263433,263434,1,0
263433,263433,263434,1,0
263433,263433,263434,1,0
263433,263433,263434,1,0
263433,263433,263434,1,0
263433,263433,263434,1,0
263433,263433,263434,1,0
263433,263433,263434,1,0
263433,263433,263435,2,0
263433,263433,263434,1,0
263433,263433,263435,2,0
263433,263433,263434,1,0
263433,263433,263434,1,0
263433,263433,263435,2,0
263433,263433,263434,1,0
263433,263433,263434,1,0
263433,263433,263434,1,0
263433,263433,263434,1,0
263433,263433,263434,1,0
263435,263435,263436,1,0
263435,263435,263436,1,0
263435,263435,263436,1,0
263431,263431,263434,3,0
263435,263435,263436,1,0
263435,263435,263436,1,0
263435,263435,263436,1,0
263435,263435,263436,1,0
263435,263435,263436,1,0
263435,263435,263436,1,0
263435,263435,263436,1,0
263435,263435,263436,1,0
263435,263435,263436,1,0
263435,263435,263436,1,0
263435,263435,263436,1,0
263435,263435,263436,1,0
263435,263435,263437,2,0
263435,263435,263436,1,0
263435,263435,263436,1,0
263435,263435,263436,1,0
263435,263435,263436,1,0
263435,263435,263436,1,0
263435,263435,263436,1,0
263435,263435,263436,1,0
263435,263435,263436,1,0
263435,263435,263436,1,0
263435,263435,263436,1,0
263435,263435,263436,1,0
263435,263435,263436,1,0
263435,263435,263436,1,0
263433,263433,263440,7,0
263435,263436,263441,5,1
263435,263436,263446,10,1
263435,263435,263451,16,0
263435,263435,263451,16,0
263435,263435,263456,21,0
263407,263407,263461,54,0
263411,263411,263462,51,0
263405,263405,263467,62,0
263410,263410,263470,60,0
263414,263414,263470,56,0
263417,263417,263471,54,0
263409,263409,263472,63,0
263474,263474,263475,1,0
263474,263474,263475,1,0
263474,263474,263475,1,0
263474,263474,263475,1,0
263474,263474,263475,1,0
263474,263474,263475,1,0
263474,263474,263475,1,0
263474,263474,263475,1,0
263474,263474,263475,1,0
263474,263474,263475,1,0
263474,263474,263475,1,0
263474,263474,263475,1,0
263474,263474,263475,1,0
263474,263474,263475,1,0
263474,263474,263475,1,0
263474,263474,263475,1,0
263474,263474,263475,1,0
263474,263474,263475,1,0
263474,263474,263475,1,0
263474,263474,263475,1,0
263474,263474,263475,1,0
263474,263474,263475,1,0
263474,263474,263475,1,0
263474,263474,263475,1,0
263474,263474,263475,1,0
263474,263474,263475,1,0
263474,263474,263475,1,0
263474,263474,263475,1,0
263474,263474,263475,1,0
263474,263474,263475,1,0
263474,263474,263475,1,0
263474,263474,263475,1,0
263474,263474,263476,2,0
263474,263474,263475,1,0
263474,263474,263475,1,0
263474,263474,263475,1,0
263474,263474,263476,2,0
263474,263475,263476,1,1
263474,263475,263476,1,1
263474,263474,263476,2,0
263474,263474,263475,1,0
263474,263474,263476,2,0
263474,263475,263476,1,1
263474,263475,263476,1,1
263474,263475,263476,1,1
263474,263475,263476,1,1
263474,263474,263476,2,0
263474,263474,263475,1,0
263474,263474,263476,2,0
263474,263474,263476,2,0
263474,263474,263475,1,0
263474,263474,263475,1,0
263474,263474,263476,2,0
263474,263474,263475,1,0
263474,263474,263475,1,0
263474,263475,263476,1,1
263474,263474,263476,2,0
263474,263474,263476,2,0
263474,263474,263476,2,0
263474,263474,263475,1,0
263474,263475,263476,1,1
263474,263474,263475,1,0
263474,263474,263476,2,0
263474,263474,263476,2,0
263474,263474,263475,1,0
263474,263475,263476,1,1
263474,263474,263475,1,0
263474,263474,263476,2,0
263474,263474,263475,1,0
263474,263474,263475,1,0
263474,263474,263475,1,0
263474,263474,263476,2,0
263474,263474,263475,1,0
263474,263475,263476,1,1
263474,263474,263476,2,0
263474,263476,263477,1,2
263474,263476,263477,1,2
263474,263476,263477,1,2
263474,263476,263477,1,2
263474,263476,263477,1,2
263474,263476,263477,1,2
263474,263476,263477,1,2
263474,263476,263477,1,2
263474,263476,263477,1,2
263474,263476,263477,1,2
263474,263476,263477,1,2
263474,263476,263477,1,2
263474,263476,263477,1,2
263474,263476,263477,1,2
263474,263475,263476,1,1
263474,263475,263477,2,1
263474,263475,263477,2,1
263474,263475,263476,1,1
263474,263475,263477,2,1
263474,263475,263476,1,1
263474,263475,263476,1,1
263474,263475,263476,1,1
263474,263475,263476,1,1
263474,263475,263477,2,1
263474,263475,263477,2,1
263474,263475,263476,1,1
263474,263475,263477,2,1
263474,263475,263477,2,1
263474,263475,263477,2,1
263474,263475,263477,2,1
263474,263475,263476,1,1
263474,263475,263476,1,1
263474,263475,263477,2,1
263474,263475,263477,2,1
263474,263476,263477,1,2
263474,263476,263477,1,2
263474,263476,263478,2,2
263474,263476,263478,2,2
263474,263476,263478,2,2
263474,263476,263478,2,2
263474,263476,263478,2,2
263474,263476,263477,1,2
263474,263476,263478,2,2
263474,263476,263478,2,2
263474,263476,263477,1,2
263474,263476,263478,2,2
263474,263476,263478,2,2
263474,263476,263478,2,2
263474,263476,263478,2,2
263474,263476,263478,2,2
263474,263476,263478,2,2
263474,263476,263478,2,2
263474,263476,263478,2,2
263474,263476,263478,2,2
263423,263423,263481,58,0
263419,263419,263506,87,0
263430,263430,263511,81,0
263421,263422,263516,94,1
263416,263416,263517,101,0
263427,263427,263517,90,0
263456,263456,263520,64,0
263434,263434,263521,87,0
263426,263427,263524,97,1
263528,263528,263529,1,0
263528,263528,263529,1,0
263528,263528,263529,1,0
263528,263528,263529,1,0
263528,263528,263529,1,0
263528,263528,263529,1,0
263528,263528,263529,1,0
263528,263528,263529,1,0
263528,263528,263529,1,0
263528,263528,263529,1,0
263528,263528,263529,1,0
263528,263528,263529,1,0
263528,263528,263529,1,0
263528,263528,263529,1,0
263528,263528,263529,1,0
263528,263528,263529,1,0
263528,263528,263529,1,0
263528,263528,263529,1,0
263528,263528,263529,1,0
263528,263528,263529,1,0
263528,263528,263529,1,0
263528,263528,263529,1,0
263528,263528,263529,1,0
263528,263528,263529,1,0
263528,263528,263529,1,0
263528,263528,263529,1,0
263528,263528,263529,1,0
263528,263528,263529,1,0
263528,263528,263529,1,0
263528,263528,263529,1,0
263528,263528,263529,1,0
263528,263528,263529,1,0
263528,263528,263529,1,0
263528,263528,263529,1,0
263528,263528,263529,1,0
263528,263528,263529,1,0
263528,263528,263529,1,0
263528,263528,263529,1,0
263528,263528,263529,1,0
263528,263528,263529,1,0
263528,263528,263529,1,0
263528,263528,263529,1,0
263528,263528,263529,1,0
263528,263528,263529,1,0
263528,263528,263529,1,0
263528,263528,263529,1,0
263528,263528,263529,1,0
263528,263529,263530,1,1
263528,263529,263530,1,1
263528,263529,263530,1,1
263528,263528,263529,1,0
263528,263528,263529,1,0
263528,263528,263529,1,0
263528,263528,263529,1,0
263528,263529,263530,1,1
263528,263528,263529,1,0
263528,263528,263529,1,0
263528,263528,263529,1,0
263528,263529,263530,1,1
263528,263529,263530,1,1
263528,263528,263529,1,0
263528,263528,263529,1,0
263528,263528,263529,1,0
263528,263529,263530,1,1
263528,263528,263529,1,0
263528,263528,263530,2,0
263528,263528,263529,1,0
263528,263529,263530,1,1
263528,263528,263529,1,0
263528,263528,263530,2,0
263528,263528,263530,2,0
263528,263529,263530,1,1
263528,263528,263529,1,0
263528,263528,263529,1,0
263528,263528,263529,1,0
263528,263529,263530,1,1
263528,263528,263529,1,0
263528,263528,263529,1,0
263528,263528,263529,1,0
263528,263529,263530,1,1
263528,263528,263529,1,0
263528,263528,263529,1,0
263528,263528,263529,1,0
263528,263529,263530,1,1
263528,263529,263530,1,1
263528,263528,263529,1,0
263528,263528,263529,1,0
263528,263528,263529,1,0
263528,263529,263531,2,1
263528,263529,263531,2,1
263528,263530,263531,1,2
263528,263529,263531,2,1
263528,263529,263531,2,1
263528,263529,263531,2,1
263528,263530,263531,1,2
263528,263529,263531,2,1
263528,263529,263531,2,1
263528,263529,263531,2,1
263528,263529,263531,2,1
263528,263529,263531,2,1
263528,263531,263532,1,3
263528,263531,263532,1,3
263528,263531,263532,1,3
263528,263531,263532,1,3
263528,263529,263531,2,1
263528,263529,263531,2,1
263528,263529,263531,2,1
263528,263531,263532,1,3
263528,263531,263532,1,3
263528,263531,263532,1,3
263528,263529,263531,2,1
263528,263529,263531,2,1
263528,263529,263531,2,1
263528,263531,263532,1,3
263528,263531,263532,1,3
263528,263529,263531,2,1
263528,263529,263531,2,1
263528,263529,263531,2,1
263528,263529,263531,2,1
263528,263529,263531,2,1
263528,263529,263531,2,1
263528,263531,263532,1,3
263528,263531,263532,1,3
263528,263529,263531,2,1
263528,263529,263531,2,1
263528,263529,263531,2,1
263528,263531,263532,1,3
263528,263531,263532,1,3
263528,263531,263532,1,3
263528,263529,263531,2,1
263528,263530,263531,1,2
263528,263531,263532,1,3
263528,263531,263532,1,3
263528,263531,263532,1,3
263528,263529,263531,2,1
263528,263530,263531,1,2
263528,263531,263532,1,3
263528,263531,263532,1,3
263528,263529,263531,2,1
263528,263531,263532,1,3
263528,263531,263532,1,3
263528,263531,263532,1,3
263528,263529,263531,2,1
263528,263531,263532,1,3
263528,263531,263532,1,3
263528,263531,263532,1,3
263528,263531,263532,1,3
263528,263531,263532,1,3
263528,263531,263532,1,3
263528,263531,263532,1,3
263528,263531,263532,1,3
263528,263531,263533,2,3
263528,263531,263533,2,3
263528,263531,263533,2,3
263528,263531,263532,1,3
263528,263531,263532,1,3
263528,263531,263533,2,3
263528,263531,263532,1,3
263528,263531,263532,1,3
263528,263531,263532,1,3
263528,263531,263533,2,3
263528,263532,263533,1,4
263528,263531,263532,1,3
263528,263531,263532,1,3
263528,263531,263532,1,3
263528,263531,263533,2,3
263528,263531,263532,1,3
263528,263531,263533,2,3
263528,263531,263532,1,3
263528,263531,263532,1,3
263528,263531,263533,2,3
263528,263532,263533,1,4
263528,263531,263532,1,3
263528,263531,263532,1,3
263528,263531,263533,2,3
263528,263530,263534,4,2
263528,263532,263534,2,4
263528,263532,263533,1,4
263528,263532,263533,1,4
263528,263532,263533,1,4
263528,263532,263534,2,4
263528,263532,263534,2,4
263528,263532,263533,1,4
263528,263532,263534,2,4
263528,263532,263534,2,4
263528,263532,263533,1,4
263528,263532,263533,1,4
263528,263532,263533,1,4
263528,263532,263534,2,4
263528,263532,263534,2,4
263528,263531,263535,4,3
263528,263531,263535,4,3
263528,263531,263535,4,3
263528,263532,263535,3,4
263528,263532,263535,3,4
263528,263532,263535,3,4
263528,263531,263535,4,3
263529,263532,263590,58,3
263598,263598,263599,1,0
263598,263598,263599,1,0
263598,263598,263599,1,0
263598,263598,263599,1,0
263598,263598,263599,1,0
263598,263598,263599,1,0
263598,263598,263599,1,0
263598,263598,263599,1,0
263598,263598,263599,1,0
263598,263598,263599,1,0
263598,263598,263599,1,0
263598,263598,263599,1,0
263598,263598,263599,1,0
263598,263598,263599,1,0
263598,263598,263599,1,0
263598,263598,263599,1,0
263598,263598,263599,1,0
263598,263598,263599,1,0
263598,263598,263599,1,0
263598,263598,263599,1,0
263598,263598,263599,1,0
263598,263598,263599,1,0
263598,263598,263599,1,0
263598,263598,263599,1,0
263598,263598,263599,1,0
263598,263598,263599,1,0
263598,263598,263599,1,0
263598,263598,263599,1,0
263598,263598,263599,1,0
263598,263598,263599,1,0
263598,263598,263599,1,0
263598,263598,263599,1,0
263598,263598,263599,1,0
263598,263598,263599,1,0
263598,263598,263599,1,0
263598,263598,263599,1,0
263598,263598,263599,1,0
263598,263598,263599,1,0
263598,263598,263599,1,0
263598,263598,263599,1,0
263598,263598,263599,1,0
263598,263598,263599,1,0
263598,263598,263599,1,0
263598,263598,263599,1,0
263598,263598,263599,1,0
263598,263598,263599,1,0
263598,263598,263599,1,0
263598,263598,263599,1,0
263598,263598,263599,1,0
263598,263598,263599,1,0
263598,263598,263599,1,0
263598,263598,263599,1,0
263598,263598,263599,1,0
263598,263598,263600,2,0
263598,263598,263600,2,0
263598,263598,263600,2,0
263598,263598,263600,2,0
263598,263598,263600,2,0
263598,263598,263600,2,0
263598,263598,263600,2,0
263598,263598,263600,2,0
263598,263598,263600,2,0
263598,263598,263600,2,0
263598,263598,263600,2,0
263598,263598,263600,2,0
263598,263598,263600,2,0
263598,263598,263600,2,0
263598,263600,263601,1,2
263598,263598,263600,2,0
263598,263598,263600,2,0
263598,263598,263600,2,0
263598,263600,263601,1,2
263598,263598,263600,2,0
263598,263598,263600,2,0
263598,263600,263601,1,2
263598,263598,263600,2,0
263598,263598,263600,2,0
263598,263598,263600,2,0
263598,263600,263601,1,2
263598,263600,263601,1,2
263598,263598,263600,2,0
263598,263598,263600,2,0
263598,263598,263600,2,0
263598,263600,263601,1,2
263598,263598,263600,2,0
263598,263600,263601,1,2
263598,263600,263601,1,2
263598,263600,263601,1,2
263598,263600,263601,1,2
263598,263600,263601,1,2
263598,263600,263601,1,2
263598,263600,263601,1,2
263598,263600,263601,1,2
263598,263600,263602,2,2
263598,263600,263602,2,2
263598,263600,263601,1,2
263598,263600,263601,1,2
263598,263600,263602,2,2
263598,263600,263601,1,2
263598,263600,263602,2,2
263598,263600,263602,2,2
263598,263600,263602,2,2
263598,263600,263601,1,2
263598,263600,263602,2,2
263598,263600,263602,2,2
263598,263600,263602,2,2
263598,263600,263601,1,2
263598,263600,263601,1,2
263598,263600,263602,2,2
263598,263600,263602,2,2
263598,263600,263601,1,2
263598,263600,263601,1,2
263598,263600,263601,1,2
263598,263600,263602,2,2
263598,263600,263602,2,2
263598,263600,263601,1,2
263598,263600,263601,1,2
263598,263600,263602,2,2
263598,263600,263602,2,2
263598,263600,263601,1,2
263598,263600,263602,2,2
263598,263600,263601,1,2
263598,263600,263602,2,2
263598,263600,263601,1,2
263598,263600,263602,2,2
263598,263600,263602,2,2
263598,263600,263601,1,2
263598,263600,263602,2,2
263598,263600,263601,1,2
263598,263600,263602,2,2
263598,263600,263602,2,2
263598,263600,263603,3,2
263598,263600,263602,2,2
263598,263600,263602,2,2
263665,263665,263666,1,0
263665,263665,263666,1,0
263665,263665,263666,1,0
263665,263665,263666,1,0
263665,263665,263666,1,0
263665,263665,263666,1,0
263665,263665,263666,1,0
263665,263665,263666,1,0
263665,263665,263666,1,0
263665,263665,263666,1,0
263665,263665,263666,1,0
263665,263665,263666,1,0
263665,263665,263666,1,0
263665,263665,263666,1,0
263665,263665,263666,1,0
263665,263665,263666,1,0
263665,263665,263666,1,0
263665,263665,263666,1,0
263665,263665,263666,1,0
263665,263665,263666,1,0
263665,263665,263666,1,0
263665,263665,263666,1,0
263665,263665,263666,1,0
263665,263665,263666,1,0
263665,263665,263666,1,0
263665,263665,263666,1,0
263665,263665,263666,1,0
263665,263665,263666,1,0
263665,263665,263666,1,0
263665,263665,263666,1,0
263665,263665,263666,1,0
263665,263665,263666,1,0
263665,263665,263666,1,0
263665,263665,263666,1,0
263665,263665,263666,1,0
263665,263665,263666,1,0
263665,263665,263666,1,0
263665,263665,263666,1,0
263665,263665,263667,2,0
263665,263665,263667,2,0
263665,263665,263667,2,0
263665,263666,263667,1,1
263665,263665,263667,2,0
263665,263665,263667,2,0
263665,263665,263667,2,0
263665,263666,263667,1,1
263665,263665,263667,2,0
263665,263665,263667,2,0
263665,263666,263667,1,1
263665,263665,263667,2,0
263665,263665,263667,2,0
263665,263665,263667,2,0
263665,263666,263667,1,1
263665,263665,263667,2,0
263665,263666,263667,1,1
263665,263665,263667,2,0
263665,263666,263667,1,1
263665,263665,263667,2,0
263665,263665,263667,2,0
263665,263665,263667,2,0
263665,263665,263667,2,0
263665,263665,263667,2,0
263665,263665,263667,2,0
263665,263665,263667,2,0
263665,263666,263667,1,1
263665,263665,263668,3,0
263666,263666,263711,45,0
263716,263716,263717,1,0
263716,263716,263717,1,0
263716,263716,263717,1,0
263716,263716,263717,1,0
263716,263716,263717,1,0
263716,263716,263717,1,0
263716,263716,263717,1,0
263716,263716,263717,1,0
263716,263716,263717,1,0
263716,263716,263717,1,0
263716,263716,263717,1,0
263716,263716,263717,1,0
263716,263716,263717,1,0
263716,263716,263717,1,0
263716,263716,263717,1,0
263716,263716,263717,1,0
263716,263716,263717,1,0
263716,263716,263717,1,0
263716,263716,263717,1,0
263716,263716,263717,1,0
263716,263716,263718,2,0
263716,263716,263717,1,0
263716,263716,263717,1,0
263716,263716,263717,1,0
263716,263716,263718,2,0
263716,263716,263718,2,0
263716,263716,263718,2,0
263716,263716,263718,2,0
263716,263716,263717,1,0
263716,263716,263717,1,0
263716,263716,263718,2,0
263716,263716,263718,2,0
263716,263716,263717,1,0
263716,263716,263718,2,0
263749,263749,263750,1,0
263749,263749,263750,1,0
263749,263749,263750,1,0
263749,263749,263750,1,0
263749,263749,263750,1,0
263749,263749,263750,1,0
263749,263749,263750,1,0
263749,263749,263750,1,0
263749,263749,263751,2,0
263749,263749,263750,1,0
263749,263749,263750,1,0
263749,263749,263751,2,0
263749,263749,263750,1,0
263749,263749,263750,1,0
263749,263749,263750,1,0
263749,263749,263750,1,0
263749,263749,263751,2,0
263749,263749,263751,2,0
263749,263749,263750,1,0
263749,263749,263751,2,0
263749,263749,263750,1,0
263749,263749,263750,1,0
263749,263749,263750,1,0
263749,263749,263750,1,0
263749,263749,263751,2,0
263749,263749,263750,1,0
263716,263716,263764,48,0
263784,263784,263785,1,0
263784,263784,263785,1,0
263784,263784,263785,1,0
263784,263784,263785,1,0
263784,263784,263785,1,0
263784,263784,263785,1,0
263784,263784,263785,1,0
263784,263784,263785,1,0
263784,263784,263785,1,0
263784,263784,263785,1,0
263784,263784,263785,1,0
263784,263784,263785,1,0
263784,263784,263785,1,0
263784,263784,263786,2,0
263784,263784,263785,1,0
263784,263784,263786,2,0
263784,263784,263786,2,0
263784,263784,263786,2,0
263784,263784,263786,2,0
263784,263784,263786,2,0
263784,263784,263786,2,0
263784,263784,263785,1,0
263784,263784,263786,2,0
263784,263784,263786,2,0
263784,263784,263786,2,0
263784,263784,263786,2,0
263784,263784,263786,2,0
263784,263784,263786,2,0
263784,263784,263786,2,0
263784,263784,263786,2,0
263784,263784,263786,2,0
263784,263784,263787,3,0
263784,263784,263787,3,0
263784,263784,263787,3,0
263785,263785,263836,51,0
263837,263837,263838,1,0
263837,263837,263838,1,0
263837,263837,263838,1,0
263837,263837,263838,1,0
263837,263837,263838,1,0
263837,263837,263838,1,0
263837,263837,263838,1,0
263837,263837,263838,1,0
263837,263837,263838,1,0
263837,263837,263838,1,0
263837,263837,263838,1,0
263837,263837,263838,1,0
263837,263837,263838,1,0
263837,263837,263838,1,0
263837,263837,263838,1,0
263837,263837,263839,2,0
263837,263837,263839,2,0
263837,263837,263839,2,0
263837,263837,263839,2,0
263837,263837,263838,1,0
263837,263837,263838,1,0
263837,263837,263839,2,0
263837,263837,263839,2,0
263837,263837,263838,1,0
263837,263837,263839,2,0
263837,263837,263838,1,0
263837,263837,263839,2,0
263837,263837,263839,2,0
263837,263837,263839,2,0
263837,263837,263839,2,0
263837,263837,263839,2,0
263837,263837,263839,2,0
263837,263837,263839,2,0
263837,263837,263838,1,0
263802,263802,263863,61,0
263864,263865,263866,1,1
263864,263865,263866,1,1
263864,263865,263866,1,1
263864,263865,263866,1,1
263864,263865,263866,1,1
263864,263865,263866,1,1
263864,263865,263866,1,1
263864,263865,263866,1,1
263864,263865,263866,1,1
263864,263865,263866,1,1
263864,263865,263866,1,1
263864,263865,263866,1,1
263864,263865,263866,1,1
263864,263865,263866,1,1
263864,263865,263866,1,1
263864,263865,263866,1,1
263864,263865,263866,1,1
263864,263865,263866,1,1
263864,263865,263866,1,1
263864,263865,263866,1,1
263864,263867,263868,1,3
263864,263867,263868,1,3
263864,263867,263868,1,3
263864,263867,263868,1,3
263821,263821,263870,49,0
263824,263824,263877,53,0
263830,263830,263879,49,0
263826,263826,263881,55,0
263827,263827,263883,56,0
263832,263833,263884,51,1
263829,263829,263885,56,0
263888,263888,263889,1,0
263888,263888,263890,2,0
263888,263888,263890,2,0
263889,263889,263890,1,0
263888,263888,263889,1,0
263889,263889,263890,1,0
263888,263888,263889,1,0
263888,263888,263890,2,0
263888,263888,263890,2,0
263888,263888,263889,1,0
263888,263888,263889,1,0
263888,263889,263890,1,1
263889,263889,263890,1,0
263888,263888,263889,1,0
263888,263888,263889,1,0
263888,263889,263890,1,1
263889,263889,263890,1,0
263889,263889,263890,1,0
263888,263888,263890,2,0
263888,263888,263889,1,0
263889,263889,263890,1,0
263889,263889,263890,1,0
263888,263888,263889,1,0
263888,263888,263890,2,0
263889,263889,263890,1,0
263888,263888,263889,1,0
263888,263888,263890,2,0
263888,263888,263890,2,0
263889,263889,263890,1,0
263889,263889,263890,1,0
263889,263889,263890,1,0
263888,263888,263890,2,0
263888,263888,263890,2,0
263889,263889,263890,1,0
263889,263889,263890,1,0
263889,263890,263891,1,1
263889,263889,263890,1,0
263889,263890,263891,1,1
263889,263890,263891,1,1
263889,263890,263891,1,1
263889,263890,263891,1,1
263888,263889,263890,1,1
263888,263889,263890,1,1
263889,263889,263891,2,0
263889,263889,263891,2,0
263889,263889,263891,2,0
263889,263889,263890,1,0
263889,263889,263890,1,0
263889,263890,263891,1,1
263888,263888,263890,2,0
263889,263889,263890,1,0
263889,263889,263890,1,0
263889,263889,263890,1,0
263889,263890,263891,1,1
263888,263888,263890,2,0
263889,263889,263891,2,0
263889,263889,263890,1,0
263889,263890,263891,1,1
263889,263890,263891,1,1
263888,263888,263890,2,0
263889,263889,263890,1,0
263889,263889,263890,1,0
263889,263890,263891,1,1
263889,263890,263891,1,1
263889,263890,263891,1,1
263888,263888,263890,2,0
263889,263889,263890,1,0
263889,263889,263890,1,0
263889,263890,263891,1,1
263889,263890,263891,1,1
263889,263889,263890,1,0
263889,263889,263890,1,0
263889,263889,263890,1,0
263889,263890,263891,1,1
263889,263890,263891,1,1
263889,263891,263892,1,2
263889,263891,263892,1,2
263889,263891,263892,1,2
263889,263891,263892,1,2
263889,263891,263892,1,2
263889,263891,263892,1,2
263889,263891,263892,1,2
263889,263891,263892,1,2
263889,263890,263892,2,1
263889,263890,263892,2,1
263889,263890,263891,1,1
263891,263891,263892,1,0
263891,263891,263892,1,0
263889,263890,263892,2,1
263889,263890,263892,2,1
263889,263890,263891,1,1
263891,263891,263892,1,0
263891,263891,263892,1,0
263889,263890,263891,1,1
263889,263890,263892,2,1
263889,263890,263891,1,1
263891,263891,263892,1,0
263891,263891,263892,1,0
263889,263890,263891,1,1
263889,263890,263892,2,1
263889,263890,263891,1,1
263891,263891,263892,1,0
263891,263891,263892,1,0
263889,263890,263892,2,1
263889,263890,263891,1,1
263889,263890,263891,1,1
263891,263891,263892,1,0
263891,263891,263892,1,0
263889,263890,263892,2,1
263889,263890,263891,1,1
263891,263891,263892,1,0
263889,263890,263892,2,1
263889,263890,263892,2,1
263889,263890,263891,1,1
263891,263891,263892,1,0
263891,263891,263892,1,0
263891,263891,263892,1,0
263889,263891,263893,2,2
263891,263891,263892,1,0
263891,263891,263892,1,0
263889,263891,263892,1,2
263889,263891,263893,2,2
263889,263891,263892,1,2
263889,263891,263892,1,2
263889,263891,263893,2,2
263889,263891,263892,1,2
263891,263892,263893,1,1
263889,263891,263893,2,2
263889,263891,263893,2,2
263891,263892,263893,1,1
263889,263891,263893,2,2
263889,263891,263893,2,2
263891,263893,263894,1,2
263889,263891,263893,2,2
263891,263891,263893,2,0
263889,263891,263893,2,2
263889,263891,263893,2,2
263891,263891,263893,2,0
263889,263891,263893,2,2
263891,263891,263893,2,0
263891,263891,263893,2,0
263892,263893,263894,1,1
263891,263892,263893,1,1
263891,263891,263893,2,0
263842,263842,263893,51,0
263888,263888,263893,5,0
263888,263888,263893,5,0
263888,263889,263893,4,1
263889,263889,263893,4,0
263891,263892,263893,1,1
263891,263892,263893,1,1
263891,263892,263893,1,1
263891,263892,263893,1,1
263892,263893,263894,1,1
263892,263893,263894,1,1
263838,263838,263894,56,0
263891,263892,263894,2,1
263891,263892,263894,2,1
263891,263892,263893,1,1
263891,263892,263893,1,1
263892,263893,263894,1,1
263892,263893,263894,1,1
263892,263893,263894,1,1
263891,263893,263894,1,2
263891,263893,263894,1,2
263891,263893,263894,1,2
263891,263893,263894,1,2
263891,263893,263894,1,2
263891,263893,263894,1,2
263891,263893,263894,1,2
263892,263894,263895,1,2
263891,263893,263894,1,2
263891,263893,263894,1,2
263891,263893,263894,1,2
263891,263893,263894,1,2
263891,263893,263894,1,2
263891,263893,263894,1,2
263891,263893,263894,1,2
263891,263893,263894,1,2
263891,263893,263894,1,2
263891,263893,263894,1,2
263891,263893,263894,1,2
263891,263893,263894,1,2
263891,263893,263894,1,2
263891,263893,263894,1,2
263892,263894,263895,1,2
263888,263889,263894,5,1
263840,263840,263895,55,0
263892,263894,263895,1,2
263892,263894,263895,1,2
263892,263894,263896,2,2
263892,263894,263895,1,2
263892,263894,263895,1,2
263892,263894,263895,1,2
263892,263894,263895,1,2
263892,263894,263895,1,2
263892,263894,263895,1,2
263892,263894,263895,1,2
263892,263894,263895,1,2
263892,263894,263896,2,2
263892,263894,263895,1,2
263892,263894,263895,1,2
263892,263894,263895,1,2
263892,263894,263895,1,2
263892,263894,263895,1,2
263892,263894,263895,1,2
263892,263894,263895,1,2
263835,263835,263915,80,0
263864,263864,263920,56,0
263865,263865,263923,58,0
263861,263861,263933,72,0
263889,263891,263937,46,2
263869,263869,263941,72,0
263946,263946,263947,1,0
263946,263946,263947,1,0
263946,263946,263947,1,0
263946,263946,263947,1,0
263946,263946,263947,1,0
263946,263946,263947,1,0
263946,263946,263947,1,0
263946,263946,263947,1,0
263946,263946,263947,1,0
263946,263946,263947,1,0
263946,263946,263947,1,0
263946,263946,263947,1,0
263946,263946,263947,1,0
263946,263946,263947,1,0
263946,263946,263947,1,0
263946,263946,263947,1,0
263946,263946,263947,1,0
263946,263946,263947,1,0
263946,263946,263947,1,0
263946,263946,263947,1,0
263946,263946,263947,1,0
263946,263946,263947,1,0
263946,263946,263947,1,0
263946,263946,263947,1,0
263946,263946,263947,1,0
263946,263946,263947,1,0
263946,263946,263947,1,0
263946,263946,263947,1,0
263946,263946,263947,1,0
263946,263946,263947,1,0
263946,263946,263947,1,0
263946,263946,263947,1,0
263946,263946,263947,1,0
263946,263946,263947,1,0
263946,263946,263947,1,0
263946,263946,263947,1,0
263946,263946,263947,1,0
263946,263946,263947,1,0
263946,263946,263947,1,0
263946,263946,263947,1,0
263946,263946,263947,1,0
263946,263946,263947,1,0
263946,263946,263947,1,0
263946,263946,263947,1,0
263946,263946,263947,1,0
263946,263946,263947,1,0
263946,263946,263947,1,0
263946,263946,263948,2,0
263946,263946,263947,1,0
263946,263946,263947,1,0
263946,263946,263947,1,0
263946,263946,263947,1,0
263946,263946,263948,2,0
263946,263946,263947,1,0
263946,263946,263948,2,0
263946,263946,263948,2,0
263946,263947,263948,1,1
263946,263946,263947,1,0
263946,263946,263947,1,0
263946,263946,263948,2,0
263946,263946,263948,2,0
263946,263947,263948,1,1
263946,263947,263948,1,1
263946,263946,263947,1,0
263946,263946,263947,1,0
263946,263946,263948,2,0
263946,263946,263948,2,0
263946,263947,263948,1,1
263946,263947,263948,1,1
263946,263946,263948,2,0
263946,263946,263948,2,0
263946,263946,263948,2,0
263946,263948,263949,1,2
263946,263946,263948,2,0
263946,263946,263948,2,0
263946,263948,263949,1,2
263946,263946,263948,2,0
263946,263946,263948,2,0
263946,263948,263949,1,2
263946,263948,263949,1,2
263946,263946,263948,2,0
263946,263946,263948,2,0
263946,263948,263949,1,2
263946,263948,263949,1,2
263946,263946,263948,2,0
263946,263948,263949,1,2
263946,263946,263948,2,0
263946,263946,263948,2,0
263946,263946,263948,2,0
263946,263948,263949,1,2
263946,263948,263949,1,2
263946,263946,263948,2,0
263946,263946,263948,2,0
263946,263948,263949,1,2
263946,263948,263949,1,2
263946,263947,263949,2,1
263946,263949,263950,1,3
263946,263947,263949,2,1
263946,263947,263949,2,1
263946,263949,263950,1,3
263946,263949,263950,1,3
263946,263949,263950,1,3
263946,263949,263950,1,3
263946,263949,263950,1,3
263946,263947,263949,2,1
263946,263948,263949,1,2
263946,263949,263950,1,3
263946,263949,263950,1,3
263946,263949,263950,1,3
263946,263949,263950,1,3
263946,263949,263950,1,3
263946,263948,263949,1,2
263946,263948,263949,1,2
263946,263948,263949,1,2
263946,263948,263949,1,2
263946,263949,263950,1,3
263946,263949,263950,1,3
263946,263948,263949,1,2
263946,263948,263949,1,2
263946,263948,263950,2,2
263946,263948,263950,2,2
263946,263948,263949,1,2
263946,263948,263950,2,2
263946,263948,263949,1,2
263946,263948,263949,1,2
263946,263948,263950,2,2
263946,263948,263950,2,2
263946,263948,263949,1,2
263946,263948,263949,1,2
263946,263948,263950,2,2
263946,263948,263949,1,2
263946,263948,263950,2,2
263946,263948,263949,1,2
263946,263948,263950,2,2
263946,263948,263949,1,2
263946,263948,263949,1,2
263946,263948,263950,2,2
263946,263948,263949,1,2
263946,263948,263949,1,2
263946,263949,263950,1,3
263946,263949,263950,1,3
263946,263949,263950,1,3
263946,263949,263950,1,3
263946,263949,263950,1,3
263946,263949,263950,1,3
263946,263949,263950,1,3
263946,263949,263950,1,3
263946,263949,263951,2,3
263946,263949,263951,2,3
263946,263949,263950,1,3
263946,263949,263951,2,3
263946,263949,263950,1,3
263946,263949,263950,1,3
263946,263949,263951,2,3
263946,263949,263950,1,3
263946,263949,263950,1,3
263946,263949,263951,2,3
263946,263949,263951,2,3
263946,263949,263951,2,3
263946,263949,263951,2,3
263946,263949,263950,1,3
263946,263949,263951,2,3
263946,263949,263951,2,3
263946,263949,263951,2,3
263893,263894,263970,76,1
263947,263949,264001,52,2
264030,264030,264031,1,0
264030,264030,264031,1,0
264030,264030,264031,1,0
264030,264030,264031,1,0
264030,264030,264031,1,0
264030,264030,264031,1,0
264030,264030,264031,1,0
264030,264030,264031,1,0
264030,264030,264031,1,0
264030,264030,264031,1,0
264030,264030,264031,1,0
264030,264030,264031,1,0
264030,264030,264031,1,0
264030,264030,264031,1,0
264030,264030,264031,1,0
264030,264030,264031,1,0
264030,264030,264031,1,0
264030,264030,264031,1,0
264030,264030,264031,1,0
264030,264030,264031,1,0
264030,264030,264031,1,0
264030,264030,264031,1,0
264030,264030,264031,1,0
264030,264030,264031,1,0
264030,264030,264031,1,0
264030,264030,264031,1,0
264030,264030,264031,1,0
264030,264030,264031,1,0
264030,264030,264031,1,0
264030,264030,264031,1,0
264030,264030,264031,1,0
264030,264030,264031,1,0
264030,264030,264031,1,0
264030,264030,264031,1,0
264030,264030,264031,1,0
264030,264030,264031,1,0
264030,264030,264031,1,0
264030,264030,264031,1,0
264030,264030,264031,1,0
264030,264030,264032,2,0
264030,264030,264031,1,0
264030,264030,264031,1,0
264030,264030,264031,1,0
264030,264030,264031,1,0
264030,264030,264032,2,0
264030,264030,264032,2,0
264030,264030,264032,2,0
264030,264030,264031,1,0
264030,264030,264032,2,0
264030,264031,264032,1,1
264030,264030,264032,2,0
264030,264030,264031,1,0
264030,264030,264032,2,0
264030,264030,264032,2,0
264030,264030,264031,1,0
264030,264030,264032,2,0
264030,264030,264032,2,0
264030,264030,264031,1,0
264030,264030,264031,1,0
264030,264030,264032,2,0
264030,264030,264031,1,0
264030,264030,264032,2,0
264030,264030,264031,1,0
264030,264030,264031,1,0
264030,264030,264031,1,0
264030,264030,264032,2,0
264030,264030,264031,1,0
264030,264030,264031,1,0
264030,264030,264032,2,0
264030,264030,264032,2,0
264030,264030,264032,2,0
264030,264030,264032,2,0
264030,264031,264033,2,1
264030,264031,264033,2,1
264030,264031,264033,2,1
264030,264031,264033,2,1
264030,264031,264033,2,1
264030,264031,264033,2,1
264030,264031,264033,2,1
264030,264031,264033,2,1
264030,264031,264033,2,1
264030,264031,264033,2,1
264030,264031,264033,2,1
264030,264031,264033,2,1
264030,264031,264033,2,1
264030,264031,264033,2,1
264030,264031,264033,2,1
264030,264031,264033,2,1
264030,264031,264033,2,1
264030,264031,264033,2,1
264030,264031,264033,2,1
264030,264031,264034,3,1
264030,264031,264038,7,1
264095,264095,264096,1,0
264095,264095,264096,1,0
264095,264095,264096,1,0
264095,264095,264096,1,0
264095,264095,264096,1,0
264095,264095,264096,1,0
264095,264095,264096,1,0
264095,264095,264096,1,0
264095,264095,264096,1,0
264095,264095,264096,1,0
264095,264095,264096,1,0
264095,264095,264096,1,0
264095,264095,264096,1,0
264095,264095,264096,1,0
264095,264095,264096,1,0
264095,264095,264096,1,0
264095,264095,264096,1,0
264095,264095,264096,1,0
264095,264095,264096,1,0
264095,264095,264096,1,0
264095,264095,264096,1,0
264095,264095,264096,1,0
264095,264095,264096,1,0
264095,264095,264096,1,0
264095,264095,264096,1,0
264095,264095,264096,1,0
264095,264095,264096,1,0
264095,264095,264096,1,0
264095,264095,264096,1,0
264095,264095,264096,1,0
264095,264095,264096,1,0
264095,264095,264096,1,0
264095,264095,264096,1,0
264095,264095,264097,2,0
264095,264095,264096,1,0
264095,264095,264096,1,0
264095,264095,264097,2,0
264095,264095,264097,2,0
264095,264095,264097,2,0
264095,264095,264097,2,0
264095,264095,264097,2,0
264095,264095,264097,2,0
264095,264095,264097,2,0
264095,264095,264097,2,0
264095,264095,264097,2,0
264095,264095,264096,1,0
264095,264095,264097,2,0
264095,264095,264097,2,0
264095,264095,264097,2,0
264095,264095,264097,2,0
264095,264095,264097,2,0
264095,264095,264097,2,0
264095,264095,264096,1,0
264095,264095,264097,2,0
264095,264095,264097,2,0
264095,264095,264097,2,0
264095,264095,264097,2,0
264095,264095,264097,2,0
264095,264095,264097,2,0
264095,264095,264097,2,0
264095,264095,264097,2,0
264095,264095,264097,2,0
264095,264095,264096,1,0
264095,264095,264097,2,0
264095,264095,264097,2,0
264095,264095,264097,2,0
264095,264095,264097,2,0
264095,264095,264097,2,0
264095,264096,264145,49,1
264146,264146,264147,1,0
264146,264146,264147,1,0
264146,264146,264147,1,0
264146,264146,264147,1,0
264146,264146,264147,1,0
264146,264146,264147,1,0
264146,264146,264147,1,0
264146,264146,264147,1,0
264146,264146,264147,1,0
264146,264146,264147,1,0
264146,264146,264147,1,0
264146,264146,264147,1,0
264146,264146,264148,2,0
264146,264146,264148,2,0
264146,264146,264148,2,0
264146,264146,264148,2,0
264146,264146,264148,2,0
264146,264146,264148,2,0
264146,264146,264148,2,0
264146,264146,264148,2,0
264146,264146,264148,2,0
264146,264146,264148,2,0
264146,264146,264148,2,0
264146,264146,264148,2,0
264146,264146,264148,2,0
264146,264146,264148,2,0
264146,264146,264148,2,0
264146,264146,264148,2,0
264146,264147,264148,1,1
264146,264146,264148,2,0
264146,264147,264148,1,1
264146,264146,264148,2,0
264146,264146,264148,2,0
264146,264147,264148,1,1
264181,264181,264182,1,0
264181,264181,264182,1,0
264181,264181,264182,1,0
264181,264181,264182,1,0
264181,264181,264182,1,0
264181,264181,264182,1,0
264181,264181,264182,1,0
264181,264181,264182,1,0
264181,264181,264182,1,0
264181,264181,264182,1,0
264181,264181,264182,1,0
264181,264181,264182,1,0
264181,264181,264182,1,0
264181,264181,264182,1,0
264181,264181,264183,2,0
264181,264181,264183,2,0
264181,264181,264183,2,0
264181,264181,264183,2,0
264181,264181,264183,2,0
264181,264181,264183,2,0
264181,264181,264183,2,0
264181,264181,264183,2,0
264181,264181,264183,2,0
264181,264181,264183,2,0
264181,264181,264183,2,0
264181,264181,264183,2,0
264181,264181,264183,2,0
264181,264181,264183,2,0
264181,264181,264183,2,0
264181,264181,264183,2,0
264181,264181,264183,2,0
264181,264181,264183,2,0
264181,264181,264183,2,0
264181,264181,264183,2,0
264182,264182,264228,46,0
264230,264230,264231,1,0
264230,264230,264231,1,0
264230,264230,264231,1,0
264230,264230,264231,1,0
264230,264230,264231,1,0
264230,264230,264231,1,0
264230,264230,264231,1,0
264230,264230,264231,1,0
264230,264230,264231,1,0
264230,264230,264231,1,0
264230,264230,264231,1,0
264230,264230,264231,1,0
264230,264230,264231,1,0
264230,264230,264231,1,0
264230,264230,264231,1,0
264230,264230,264231,1,0
264230,264230,264231,1,0
264230,264230,264231,1,0
264230,264230,264231,1,0
264230,264230,264232,2,0
264230,264230,264231,1,0
264230,264230,264232,2,0
264230,264230,264231,1,0
264230,264230,264231,1,0
264230,264230,264231,1,0
264230,264230,264231,1,0
264230,264230,264231,1,0
264230,264230,264231,1,0
264230,264230,264231,1,0
264230,264230,264231,1,0
264230,264230,264231,1,0
264230,264230,264231,1,0
264230,264230,264231,1,0
264230,264230,264232,2,0
264227,264227,264271,44,0
264222,264222,264273,51,0
264272,264273,264274,1,1
264220,264220,264274,54,0
264272,264273,264274,1,1
264272,264273,264274,1,1
264272,264273,264274,1,1
264272,264273,264274,1,1
264274,264274,264275,1,0
264274,264274,264275,1,0
264272,264273,264274,1,1
264272,264273,264274,1,1
264272,264273,264274,1,1
264272,264273,264274,1,1
264272,264273,264274,1,1
264274,264274,264275,1,0
264274,264274,264275,1,0
264272,264273,264274,1,1
264272,264273,264274,1,1
264274,264274,264275,1,0
264274,264274,264275,1,0
264272,264273,264274,1,1
264272,264273,264274,1,1
264274,264274,264275,1,0
264274,264274,264275,1,0
264272,264273,264274,1,1
264272,264273,264274,1,1
264274,264274,264275,1,0
264274,264274,264275,1,0
264272,264273,264274,1,1
264272,264273,264274,1,1
264274,264274,264275,1,0
264274,264274,264275,1,0
264272,264273,264274,1,1
264272,264273,264274,1,1
264274,264274,264275,1,0
264274,264274,264275,1,0
264274,264274,264276,2,0
264274,264274,264276,2,0
264274,264274,264276,2,0
264274,264274,264276,2,0
264274,264274,264276,2,0
264274,264274,264276,2,0
264274,264274,264276,2,0
264274,264274,264275,1,0
264274,264274,264276,2,0
264274,264274,264276,2,0
264274,264274,264275,1,0
264274,264274,264275,1,0
264274,264274,264276,2,0
264274,264274,264276,2,0
264274,264274,264275,1,0
264274,264274,264275,1,0
264274,264274,264275,1,0
264274,264274,264276,2,0
264274,264274,264276,2,0
264274,264274,264276,2,0
264276,264276,264277,1,0
264276,264276,264277,1,0
264276,264276,264277,1,0
264276,264276,264277,1,0
264276,264276,264277,1,0
264276,264276,264277,1,0
264276,264276,264277,1,0
264276,264276,264277,1,0
264276,264276,264277,1,0
264276,264276,264277,1,0
264276,264276,264277,1,0
264276,264276,264277,1,0
264276,264276,264277,1,0
264276,264276,264277,1,0
264276,264276,264277,1,0
264276,264276,264277,1,0
264276,264276,264278,2,0
264276,264276,264278,2,0
264276,264276,264278,2,0
264276,264276,264278,2,0
264276,264276,264277,1,0
264276,264276,264277,1,0
264276,264276,264277,1,0
264276,264276,264277,1,0
264276,264276,264278,2,0
264276,264276,264278,2,0
264276,264276,264278,2,0
264276,264276,264277,1,0
264276,264276,264278,2,0
264276,264276,264278,2,0
264276,264276,264278,2,0
264276,264276,264278,2,0
264276,264276,264277,1,0
264218,264219,264280,61,1
264272,264273,264280,7,1
264276,264276,264280,4,0
264224,264225,264282,57,1
264225,264226,264286,60,1
264232,264232,264288,56,0
264229,264229,264297,68,0
264297,264297,264298,1,0
264297,264297,264298,1,0
264297,264297,264298,1,0
264297,264297,264298,1,0
264297,264297,264298,1,0
264297,264297,264298,1,0
264297,264297,264298,1,0
264297,264297,264298,1,0
264297,264297,264298,1,0
264297,264297,264298,1,0
264297,264297,264298,1,0
264297,264297,264298,1,0
264297,264297,264298,1,0
264297,264297,264298,1,0
264297,264297,264298,1,0
264297,264297,264298,1,0
264297,264297,264298,1,0
264297,264297,264298,1,0
264297,264297,264298,1,0
264297,264297,264298,1,0
264297,264297,264298,1,0
264297,264297,264298,1,0
264297,264297,264298,1,0
264297,264297,264298,1,0
264297,264297,264298,1,0
264297,264297,264298,1,0
264297,264297,264298,1,0
264297,264297,264298,1,0
264297,264297,264298,1,0
264297,264297,264298,1,0
264297,264297,264298,1,0
264297,264297,264298,1,0
264297,264297,264298,1,0
264297,264297,264298,1,0
264297,264297,264298,1,0
264297,264297,264298,1,0
264297,264297,264298,1,0
264297,264297,264298,1,0
264297,264297,264298,1,0
264297,264297,264298,1,0
264297,264298,264299,1,1
264297,264298,264299,1,1
264297,264297,264298,1,0
264297,264297,264299,2,0
264297,264297,264299,2,0
264297,264297,264299,2,0
264297,264297,264299,2,0
264297,264297,264299,2,0
264297,264297,264299,2,0
264297,264297,264299,2,0
264297,264297,264299,2,0
264297,264297,264299,2,0
264297,264297,264299,2,0
264297,264298,264299,1,1
264297,264297,264299,2,0
264297,264297,264299,2,0
264297,264297,264299,2,0
264297,264297,264299,2,0
264297,264297,264299,2,0
264297,264297,264299,2,0
264297,264297,264299,2,0
264297,264297,264299,2,0
264297,264299,264300,1,2
264297,264299,264300,1,2
264297,264299,264300,1,2
264297,264299,264300,1,2
264297,264299,264300,1,2
264297,264299,264300,1,2
264297,264299,264300,1,2
264297,264299,264300,1,2
264297,264299,264300,1,2
264297,264299,264300,1,2
264297,264299,264300,1,2
264297,264299,264300,1,2
264297,264299,264300,1,2
264297,264299,264300,1,2
264297,264299,264300,1,2
264297,264299,264300,1,2
264297,264299,264300,1,2
264297,264299,264301,2,2
264254,264254,264308,54,0
264297,264297,264308,11,0
264297,264297,264308,11,0
264297,264297,264308,11,0
264297,264297,264309,12,0
264297,264297,264308,11,0
264297,264299,264313,14,2
264253,264253,264317,64,0
264261,264261,264320,59,0
264257,264257,264329,72,0
264262,264263,264333,70,1
264258,264258,264336,78,0
264265,264266,264340,74,1
264272,264272,264345,73,0
264349,264349,264350,1,0
264349,264349,264350,1,0
264349,264349,264351,2,0
264349,264349,264351,2,0
264349,264350,264351,1,1
264349,264350,264351,1,1
264349,264349,264350,1,0
264349,264349,264351,2,0
264349,264349,264351,2,0
264349,264350,264351,1,1
264349,264349,264350,1,0
264349,264349,264350,1,0
264349,264349,264350,1,0
264349,264350,264351,1,1
264350,264350,264351,1,0
264349,264349,264350,1,0
264349,264349,264350,1,0
264349,264349,264351,2,0
264349,264350,264351,1,1
264270,264270,264350,80,0
264275,264276,264351,75,1
264349,264349,264351,2,0
264349,264349,264351,2,0
264349,264350,264351,1,1
264350,264350,264351,1,0
264349,264349,264350,1,0
264349,264349,264350,1,0
264349,264349,264351,2,0
264349,264350,264351,1,1
264349,264350,264351,1,1
264349,264349,264350,1,0
264349,264349,264350,1,0
264349,264349,264351,2,0
264349,264349,264351,2,0
264349,264350,264351,1,1
264350,264350,264351,1,0
264349,264349,264350,1,0
264349,264349,264351,2,0
264349,264349,264351,2,0
264349,264350,264351,1,1
264350,264350,264351,1,0
264350,264350,264351,1,0
264349,264349,264350,1,0
264349,264349,264350,1,0
264349,264349,264351,2,0
264349,264349,264351,2,0
264349,264350,264351,1,1
264350,264350,264351,1,0
264349,264349,264351,2,0
264349,264349,264351,2,0
264349,264350,264351,1,1
264349,264350,264351,1,1
264350,264350,264351,1,0
264350,264350,264351,1,0
264349,264350,264351,1,1
264349,264350,264351,1,1
264349,264350,264351,1,1
264350,264351,264352,1,1
264298,264299,264351,52,1
264349,264350,264351,1,1
264350,264351,264352,1,1
264350,264351,264352,1,1
264350,264351,264352,1,1
264349,264349,264351,2,0
264349,264350,264352,2,1
264349,264350,264351,1,1
264350,264351,264352,1,1
264350,264351,264352,1,1
264349,264349,264351,2,0
264349,264350,264351,1,1
264349,264350,264351,1,1
264350,264351,264352,1,1
264349,264349,264351,2,0
264349,264350,264351,1,1
264349,264350,264351,1,1
264349,264350,264351,1,1
264350,264351,264352,1,1
264350,264351,264352,1,1
264349,264350,264351,1,1
264349,264350,264351,1,1
264350,264351,264352,1,1
264349,264350,264351,1,1
264349,264350,264352,2,1
264350,264351,264352,1,1
264350,264351,264352,1,1
264350,264351,264352,1,1
264349,264350,264351,1,1
264349,264350,264351,1,1
264350,264351,264352,1,1
264349,264350,264352,2,1
264349,264350,264351,1,1
264350,264351,264352,1,1
264349,264350,264351,1,1
264349,264350,264351,1,1
264350,264351,264352,1,1
264350,264351,264352,1,1
264350,264351,264352,1,1
264350,264351,264352,1,1
264350,264351,264352,1,1
264350,264351,264352,1,1
264350,264351,264353,2,1
264350,264351,264353,2,1
264350,264351,264353,2,1
264350,264351,264353,2,1
264350,264351,264353,2,1
264350,264351,264353,2,1
264350,264351,264353,2,1
264350,264351,264353,2,1
264350,264351,264353,2,1
264350,264351,264353,2,1
264350,264351,264353,2,1
264350,264351,264353,2,1
264350,264351,264353,2,1
264350,264353,264354,1,3
264350,264351,264353,2,1
264350,264351,264353,2,1
264350,264351,264353,2,1
264350,264351,264353,2,1
264350,264353,264354,1,3
264350,264351,264353,2,1
264350,264351,264353,2,1
264350,264351,264353,2,1
264350,264351,264353,2,1
264350,264353,264354,1,3
264350,264353,264354,1,3
264350,264351,264354,3,1
264350,264351,264353,2,1
264350,264351,264353,2,1
264350,264351,264353,2,1
264350,264351,264353,2,1
264350,264351,264353,2,1
264350,264351,264353,2,1
264350,264351,264353,2,1
264350,264353,264354,1,3
264350,264353,264354,1,3
264350,264353,264354,1,3
264350,264351,264353,2,1
264350,264353,264354,1,3
264350,264353,264354,1,3
264350,264351,264353,2,1
264350,264351,264353,2,1
264350,264353,264354,1,3
264350,264353,264354,1,3
264350,264353,264354,1,3
264350,264353,264354,1,3
264350,264353,264354,1,3
264350,264353,264354,1,3
264350,264353,264354,1,3
264350,264352,264354,2,2
264350,264353,264354,1,3
264350,264353,264354,1,3
264350,264353,264354,1,3
264350,264353,264354,1,3
264350,264353,264354,1,3
264350,264353,264354,1,3
264350,264354,264355,1,4
264350,264353,264354,1,3
264350,264354,264355,1,4
264350,264353,264354,1,3
264350,264353,264354,1,3
264350,264354,264355,1,4
264350,264353,264354,1,3
264350,264353,264354,1,3
264350,264353,264354,1,3
264350,264354,264355,1,4
264350,264353,264354,1,3
264350,264353,264354,1,3
264350,264353,264354,1,3
264350,264354,264355,1,4
264350,264353,264354,1,3
264350,264353,264354,1,3
264350,264353,264354,1,3
264350,264354,264355,1,4
264350,264354,264355,1,4
264350,264354,264355,1,4
264350,264354,264355,1,4
264350,264354,264355,1,4
264350,264354,264355,1,4
264350,264354,264355,1,4
264350,264354,264355,1,4
264350,264354,264355,1,4
264350,264354,264355,1,4
264350,264354,264355,1,4
264350,264353,264355,2,3
264350,264354,264355,1,4
264350,264354,264355,1,4
264350,264354,264355,1,4
264350,264354,264355,1,4
264350,264354,264355,1,4
264350,264354,264356,2,4
264350,264354,264355,1,4
264268,264268,264357,89,0
264350,264354,264361,7,4
264350,264354,264362,8,4
264350,264354,264362,8,4
264351,264354,264399,45,3
264418,264418,264419,1,0
264418,264418,264419,1,0
264418,264418,264419,1,0
264418,264418,264419,1,0
264418,264418,264419,1,0
264418,264418,264419,1,0
264418,264418,264419,1,0
264418,264418,264419,1,0
264418,264418,264419,1,0
264418,264418,264419,1,0
264418,264418,264419,1,0
264418,264418,264419,1,0
264418,264418,264419,1,0
264418,264418,264419,1,0
264418,264418,264419,1,0
264418,264418,264419,1,0
264418,264418,264419,1,0
264418,264418,264419,1,0
264418,264418,264419,1,0
264418,264418,264419,1,0
264418,264418,264419,1,0
264418,264418,264419,1,0
264418,264418,264419,1,0
264418,264418,264419,1,0
264418,264418,264419,1,0
264418,264418,264419,1,0
264418,264418,264419,1,0
264418,264418,264419,1,0
264418,264418,264419,1,0
264418,264418,264419,1,0
264418,264418,264419,1,0
264418,264418,264419,1,0
264418,264418,264419,1,0
264418,264418,264419,1,0
264418,264418,264419,1,0
264418,264418,264419,1,0
264418,264418,264419,1,0
264418,264418,264419,1,0
264418,264418,264419,1,0
264418,264418,264419,1,0
264418,264418,264419,1,0
264418,264418,264419,1,0
264418,264418,264419,1,0
264418,264418,264419,1,0
264418,264418,264419,1,0
264418,264418,264419,1,0
264418,264418,264419,1,0
264418,264418,264419,1,0
264418,264418,264419,1,0
264418,264418,264420,2,0
264418,264418,264419,1,0
264418,264418,264420,2,0
264418,264418,264420,2,0
264418,264418,264420,2,0
264418,264418,264419,1,0
264418,264418,264420,2,0
264418,264418,264420,2,0
264418,264418,264420,2,0
264418,264418,264420,2,0
264418,264418,264420,2,0
264418,264418,264420,2,0
264418,264418,264420,2,0
264418,264418,264420,2,0
264418,264418,264420,2,0
264418,264420,264421,1,2
264418,264418,264420,2,0
264418,264418,264420,2,0
264418,264418,264420,2,0
264418,264420,264421,1,2
264418,264418,264420,2,0
264418,264418,264420,2,0
264418,264420,264421,1,2
264418,264420,264421,1,2
264418,264418,264420,2,0
264418,264418,264420,2,0
264418,264420,264421,1,2
264418,264418,264420,2,0
264418,264418,264420,2,0
264418,264420,264421,1,2
264418,264418,264420,2,0
264418,264420,264421,1,2
264418,264418,264420,2,0
264418,264418,264420,2,0
264418,264420,264421,1,2
264418,264418,264420,2,0
264418,264418,264420,2,0
264418,264418,264420,2,0
264418,264420,264421,1,2
264418,264420,264421,1,2
264419,264420,264421,1,1
264418,264418,264420,2,0
264418,264420,264421,1,2
264418,264420,264421,1,2
264419,264420,264421,1,1
264418,264420,264421,1,2
264418,264420,264422,2,2
264418,264420,264421,1,2
264418,264420,264421,1,2
264419,264421,264422,1,2
264418,264420,264421,1,2
264418,264420,264421,1,2
264418,264420,264421,1,2
264418,264420,264421,1,2
264419,264421,264422,1,2
264419,264421,264422,1,2
264418,264420,264421,1,2
264418,264420,264422,2,2
264418,264420,264422,2,2
264418,264420,264421,1,2
264418,264420,264421,1,2
264418,264420,264421,1,2
264419,264421,264422,1,2
264419,264421,264422,1,2
264418,264420,264422,2,2
264418,264420,264422,2,2
264418,264420,264422,2,2
264418,264420,264421,1,2
264418,264420,264421,1,2
264418,264420,264422,2,2
264418,264420,264421,1,2
264418,264420,264421,1,2
264418,264420,264421,1,2
264419,264420,264421,1,1
264418,264420,264422,2,2
264418,264420,264421,1,2
264418,264420,264421,1,2
264418,264420,264422,2,2
264419,264420,264421,1,1
264418,264420,264422,2,2
264418,264420,264422,2,2
264418,264420,264421,1,2
264419,264420,264421,1,1
264418,264420,264422,2,2
264418,264420,264421,1,2
264418,264420,264422,2,2
264418,264420,264421,1,2
264418,264420,264421,1,2
264418,264420,264421,1,2
264418,264420,264421,1,2
264418,264420,264421,1,2
264419,264421,264422,1,2
264419,264421,264423,2,2
264419,264421,264423,2,2
264419,264421,264422,1,2
264419,264421,264423,2,2
264419,264421,264422,1,2
264419,264421,264423,2,2
264419,264421,264423,2,2
264419,264421,264423,2,2
264419,264421,264422,1,2
264419,264421,264422,1,2
264419,264421,264423,2,2
264419,264421,264422,1,2
264419,264421,264422,1,2
264418,264420,264422,2,2
264419,264421,264423,2,2
264419,264421,264422,1,2
264419,264421,264423,2,2
264419,264421,264423,2,2
264419,264421,264422,1,2
264419,264421,264423,2,2
264419,264421,264422,1,2
264419,264421,264422,1,2
264419,264421,264422,1,2
264498,264498,264499,1,0
264498,264498,264499,1,0
264498,264498,264499,1,0
264498,264498,264499,1,0
264498,264499,264500,1,1
264498,264498,264499,1,0
264498,264498,264499,1,0
264498,264498,264500,2,0
264498,264498,264500,2,0
264498,264499,264500,1,1
264498,264498,264499,1,0
264498,264498,264499,1,0
264498,264498,264499,1,0
264498,264498,264500,2,0
264498,264498,264499,1,0
264498,264498,264499,1,0
264498,264498,264499,1,0
264498,264498,264499,1,0
264498,264498,264499,1,0
264498,264498,264499,1,0
264498,264498,264499,1,0
264498,264498,264499,1,0
264498,264498,264499,1,0
264498,264498,264499,1,0
264498,264499,264500,1,1
264498,264499,264500,1,1
264498,264498,264499,1,0
264498,264498,264500,2,0
264498,264499,264500,1,1
264498,264499,264500,1,1
264498,264498,264500,2,0
264498,264499,264501,2,1
264498,264499,264500,1,1
264498,264498,264500,2,0
264498,264498,264500,2,0
264498,264499,264500,1,1
264498,264498,264500,2,0
264498,264499,264501,2,1
264498,264499,264500,1,1
264498,264499,264500,1,1
264498,264498,264500,2,0
264498,264499,264500,1,1
264498,264499,264500,1,1
264498,264498,264500,2,0
264498,264499,264500,1,1
264498,264499,264500,1,1
264498,264498,264500,2,0
264498,264499,264500,1,1
264498,264499,264500,1,1
264498,264498,264500,2,0
264498,264499,264500,1,1
264498,264498,264500,2,0
264498,264499,264500,1,1
264498,264499,264500,1,1
264498,264498,264500,2,0
264499,264499,264545,46,0
264548,264548,264549,1,0
264548,264548,264549,1,0
264548,264548,264549,1,0
264548,264548,264549,1,0
264548,264548,264549,1,0
264548,264548,264549,1,0
264548,264548,264549,1,0
264548,264548,264549,1,0
264548,264548,264549,1,0
264548,264548,264549,1,0
264548,264548,264550,2,0
264548,264548,264549,1,0
264548,264548,264549,1,0
264548,264548,264549,1,0
264548,264548,264550,2,0
264548,264548,264549,1,0
264548,264548,264549,1,0
264548,264548,264549,1,0
264548,264548,264549,1,0
264548,264548,264549,1,0
264548,264548,264549,1,0
264548,264548,264549,1,0
264548,264548,264549,1,0
264548,264549,264550,1,1
264548,264549,264550,1,1
264548,264549,264550,1,1
264548,264548,264550,2,0
264548,264548,264550,2,0
264548,264549,264550,1,1
264548,264549,264550,1,1
264548,264548,264550,2,0
264548,264549,264550,1,1
264548,264549,264550,1,1
264548,264548,264550,2,0
264548,264549,264550,1,1
264548,264549,264550,1,1
264548,264548,264550,2,0
264548,264549,264550,1,1
264548,264549,264550,1,1
264548,264548,264550,2,0
264548,264549,264550,1,1
264548,264549,264550,1,1
264548,264548,264550,2,0
264548,264549,264550,1,1
264548,264549,264550,1,1
264548,264548,264550,2,0
264548,264549,264550,1,1
264548,264549,264550,1,1
264548,264548,264550,2,0
264548,264549,264550,1,1
264548,264549,264550,1,1
264548,264549,264550,1,1
264548,264548,264550,2,0
264548,264548,264550,2,0
264548,264549,264550,1,1
264548,264549,264550,1,1
264597,264597,264598,1,0
264597,264597,264598,1,0
264597,264597,264598,1,0
264597,264597,264598,1,0
264597,264597,264598,1,0
264597,264597,264598,1,0
264597,264597,264598,1,0
264597,264597,264598,1,0
264597,264597,264598,1,0
264597,264597,264598,1,0
264597,264597,264598,1,0
264597,264597,264598,1,0
264597,264597,264598,1,0
264597,264597,264598,1,0
264597,264597,264598,1,0
264597,264597,264599,2,0
264597,264597,264599,2,0
264597,264597,264598,1,0
264597,264597,264599,2,0
264597,264597,264599,2,0
264597,264597,264599,2,0
264597,264597,264599,2,0
264597,264597,264599,2,0
264597,264597,264599,2,0
264597,264597,264599,2,0
264597,264597,264599,2,0
264597,264597,264599,2,0
264597,264597,264599,2,0
264597,264597,264599,2,0
264597,264597,264599,2,0
264597,264597,264599,2,0
264597,264597,264599,2,0
264597,264597,264599,2,0
264597,264597,264599,2,0
264598,264598,264647,49,0
264650,264650,264651,1,0
264650,264650,264651,1,0
264650,264650,264651,1,0
264650,264650,264651,1,0
264650,264650,264651,1,0
264650,264650,264651,1,0
264650,264650,264651,1,0
264650,264650,264651,1,0
264650,264650,264651,1,0
264650,264650,264651,1,0
264650,264650,264651,1,0
264650,264650,264651,1,0
264650,264650,264651,1,0
264650,264650,264651,1,0
264650,264650,264651,1,0
264650,264650,264651,1,0
264650,264650,264651,1,0
264650,264650,264651,1,0
264650,264650,264651,1,0
264650,264650,264651,1,0
264650,264650,264651,1,0
264650,264650,264651,1,0
264650,264650,264651,1,0
264650,264650,264651,1,0
264650,264650,264651,1,0
264650,264650,264651,1,0
264650,264650,264651,1,0
264650,264650,264698,48,0
264700,264700,264701,1,0
264700,264700,264701,1,0
264700,264700,264701,1,0
264700,264700,264701,1,0
264700,264700,264701,1,0
264700,264700,264701,1,0
264700,264700,264701,1,0
264700,264700,264701,1,0
264700,264700,264701,1,0
264700,264700,264701,1,0
264700,264700,264701,1,0
264700,264700,264701,1,0
264700,264700,264701,1,0
264700,264700,264701,1,0
264700,264700,264701,1,0
264700,264700,264701,1,0
264700,264700,264701,1,0
264700,264700,264701,1,0
264700,264700,264701,1,0
264700,264700,264701,1,0
264700,264700,264701,1,0
264700,264700,264706,6,0
264700,264700,264711,11,0
264652,264652,264715,63,0
264700,264700,264715,15,0
264700,264700,264715,15,0
264700,264700,264716,16,0
264700,264700,264716,16,0
264717,264717,264718,1,0
264717,264717,264718,1,0
264717,264717,264718,1,0
264717,264717,264718,1,0
264717,264717,264718,1,0
264717,264717,264718,1,0
264717,264717,264718,1,0
264717,264717,264718,1,0
264717,264717,264718,1,0
264717,264717,264718,1,0
264717,264717,264718,1,0
264717,264717,264718,1,0
264717,264717,264718,1,0
264717,264717,264718,1,0
264717,264717,264718,1,0
264717,264717,264718,1,0
264717,264717,264718,1,0
264717,264717,264719,2,0
264717,264717,264718,1,0
264717,264717,264718,1,0
264717,264717,264718,1,0
264717,264717,264718,1,0
264717,264717,264719,2,0
264717,264717,264718,1,0
264717,264717,264718,1,0
264717,264717,264718,1,0
264717,264717,264718,1,0
264717,264717,264719,2,0
264717,264717,264718,1,0
264717,264717,264718,1,0
264717,264717,264718,1,0
264717,264717,264718,1,0
264671,264671,264721,50,0
264717,264717,264720,3,0
264673,264673,264732,59,0
264677,264677,264732,55,0
264717,264717,264732,15,0
264675,264675,264737,62,0
264679,264679,264738,59,0
264737,264737,264738,1,0
264737,264737,264738,1,0
264737,264737,264739,2,0
264737,264737,264738,1,0
264737,264737,264738,1,0
264737,264737,264739,2,0
264737,264737,264739,2,0
264737,264737,264738,1,0
264737,264737,264738,1,0
264737,264737,264739,2,0
264737,264737,264739,2,0
264737,264737,264738,1,0
264737,264737,264738,1,0
264737,264737,264738,1,0
264737,264738,264739,1,1
264737,264737,264739,2,0
264737,264737,264739,2,0
264737,264737,264738,1,0
264737,264737,264738,1,0
264737,264737,264738,1,0
264737,264737,264738,1,0
264737,264737,264738,1,0
264737,264737,264738,1,0
264737,264738,264739,1,1
264737,264737,264739,2,0
264737,264738,264739,1,1
264737,264738,264739,1,1
264737,264737,264739,2,0
264737,264738,264739,1,1
264737,264738,264739,1,1
264737,264738,264739,1,1
264737,264738,264739,1,1
264737,264738,264739,1,1
264737,264738,264739,1,1
264737,264738,264739,1,1
264737,264737,264739,2,0
264737,264738,264739,1,1
264737,264739,264740,1,2
264737,264737,264739,2,0
264737,264737,264739,2,0
264737,264738,264739,1,1
264737,264738,264739,1,1
264737,264737,264739,2,0
264737,264737,264739,2,0
264737,264738,264739,1,1
264737,264738,264739,1,1
264737,264737,264739,2,0
264737,264738,264739,1,1
264737,264738,264739,1,1
264737,264738,264739,1,1
264689,264689,264742,53,0
264737,264738,264740,2,1
264737,264738,264740,2,1
264683,264683,264742,59,0
264685,264685,264742,57,0
264690,264691,264744,53,1
264701,264701,264746,45,0
264737,264737,264755,18,0
264737,264737,264755,18,0
264681,264682,264760,78,1
264695,264695,264761,66,0
264775,264775,264776,1,0
264775,264775,264776,1,0
264775,264775,264776,1,0
264775,264775,264776,1,0
264775,264775,264776,1,0
264775,264775,264776,1,0
264775,264775,264776,1,0
264775,264775,264776,1,0
264775,264775,264776,1,0
264775,264775,264776,1,0
264775,264775,264776,1,0
264775,264775,264776,1,0
264775,264775,264776,1,0
264775,264775,264776,1,0
264775,264775,264776,1,0
264775,264775,264776,1,0
264775,264775,264776,1,0
264775,264775,264776,1,0
264775,264775,264776,1,0
264775,264775,264776,1,0
264775,264775,264776,1,0
264775,264775,264776,1,0
264775,264775,264776,1,0
264775,264775,264776,1,0
264775,264775,264776,1,0
264775,264775,264776,1,0
264775,264775,264776,1,0
264775,264775,264776,1,0
264775,264775,264776,1,0
264775,264775,264776,1,0
264775,264775,264776,1,0
264775,264775,264776,1,0
264775,264775,264776,1,0
264775,264775,264776,1,0
264775,264775,264776,1,0
264775,264775,264776,1,0
264775,264775,264776,1,0
264775,264775,264776,1,0
264775,264775,264776,1,0
264775,264775,264777,2,0
264775,264775,264776,1,0
264775,264775,264776,1,0
264775,264775,264776,1,0
264775,264775,264776,1,0
264775,264775,264776,1,0
264775,264775,264776,1,0
264775,264775,264777,2,0
264775,264775,264777,2,0
264775,264776,264777,1,1
264775,264775,264777,2,0
264775,264775,264777,2,0
264775,264775,264777,2,0
264775,264775,264777,2,0
264775,264775,264777,2,0
264775,264775,264777,2,0
264775,264775,264777,2,0
264775,264775,264777,2,0
264775,264775,264777,2,0
264775,264775,264777,2,0
264775,264775,264777,2,0
264775,264775,264777,2,0
264775,264775,264777,2,0
264775,264775,264777,2,0
264775,264775,264777,2,0
264775,264775,264777,2,0
264775,264775,264777,2,0
264775,264777,264778,1,2
264775,264775,264777,2,0
264775,264775,264777,2,0
264775,264775,264777,2,0
264775,264775,264777,2,0
264775,264777,264778,1,2
264775,264777,264778,1,2
264775,264777,264778,1,2
264775,264777,264778,1,2
264775,264777,264778,1,2
264775,264777,264778,1,2
264775,264777,264778,1,2
264775,264777,264778,1,2
264775,264777,264778,1,2
264775,264778,264779,1,3
264775,264777,264778,1,2
264775,264777,264778,1,2
264775,264777,264778,1,2
264775,264778,264779,1,3
264775,264778,264779,1,3
264775,264777,264778,1,2
264775,264777,264778,1,2
264775,264777,264778,1,2
264775,264777,264778,1,2
264775,264778,264779,1,3
264775,264777,264778,1,2
264775,264777,264778,1,2
264775,264777,264778,1,2
264775,264777,264778,1,2
264775,264777,264778,1,2
264775,264777,264778,1,2
264775,264777,264778,1,2
264775,264777,264778,1,2
264775,264777,264778,1,2
264775,264778,264779,1,3
264775,264778,264779,1,3
264775,264778,264779,1,3
264775,264778,264779,1,3
264775,264778,264779,1,3
264775,264778,264780,2,3
264775,264778,264780,2,3
264775,264778,264780,2,3
264775,264778,264779,1,3
264775,264778,264779,1,3
264775,264778,264779,1,3
264775,264778,264779,1,3
264775,264778,264780,2,3
264775,264778,264780,2,3
264775,264778,264780,2,3
264775,264778,264779,1,3
264775,264778,264779,1,3
264775,264778,264779,1,3
264776,264779,264780,1,3
264776,264779,264780,1,3
264776,264779,264780,1,3
264776,264779,264780,1,3
264775,264778,264779,1,3
264775,264778,264779,1,3
264775,264778,264779,1,3
264776,264779,264780,1,3
264776,264779,264780,1,3
264776,264779,264780,1,3
264776,264779,264780,1,3
264776,264779,264780,1,3
264775,264778,264779,1,3
264775,264778,264779,1,3
264775,264779,264780,1,4
264775,264779,264780,1,4
264776,264779,264780,1,3
264776,264779,264780,1,3
264776,264779,264780,1,3
264776,264779,264780,1,3
264775,264778,264779,1,3
264775,264778,264779,1,3
264775,264778,264779,1,3
264775,264778,264780,2,3
264775,264778,264779,1,3
264775,264778,264779,1,3
264775,264778,264780,2,3
264775,264778,264779,1,3
264775,264778,264779,1,3
264776,264779,264780,1,3
264776,264779,264780,1,3
264775,264778,264779,1,3
264775,264778,264780,2,3
264775,264778,264780,2,3
264775,264778,264780,2,3
264775,264779,264780,1,4
264775,264779,264780,1,4
264775,264779,264780,1,4
264775,264778,264780,2,3
264775,264779,264780,1,4
264775,264779,264780,1,4
264775,264779,264780,1,4
264775,264779,264780,1,4
264776,264779,264780,1,3
264776,264779,264780,1,3
264776,264779,264780,1,3
264776,264779,264780,1,3
264776,264779,264780,1,3
264776,264779,264780,1,3
264776,264779,264780,1,3
264776,264779,264780,1,3
264776,264779,264780,1,3
264776,264780,264781,1,4
264776,264780,264781,1,4
264776,264780,264781,1,4
264776,264780,264781,1,4
264776,264780,264781,1,4
264776,264780,264781,1,4
264776,264780,264781,1,4
264776,264780,264781,1,4
264738,264739,264786,47,1
264688,264688,264791,103,0
264775,264776,264791,15,1
264704,264704,264791,87,0
264709,264712,264791,79,3
264775,264776,264792,16,1
264775,264776,264791,15,1
264693,264693,264794,101,0
264777,264780,264838,58,3
264705,264705,264842,137,0
264697,264698,264843,145,1
264845,264845,264846,1,0
264845,264845,264846,1,0
264845,264845,264846,1,0
264845,264845,264846,1,0
264845,264846,264847,1,1
264845,264846,264847,1,1
264845,264845,264846,1,0
264845,264845,264846,1,0
264845,264845,264846,1,0
264845,264846,264847,1,1
264845,264845,264846,1,0
264845,264845,264846,1,0
264845,264845,264847,2,0
264845,264845,264847,2,0
264845,264846,264847,1,1
264845,264845,264846,1,0
264845,264845,264846,1,0
264845,264845,264847,2,0
264845,264846,264847,1,1
264845,264845,264846,1,0
264845,264845,264846,1,0
264845,264845,264847,2,0
264845,264846,264847,1,1
264845,264845,264846,1,0
264845,264845,264847,2,0
264845,264846,264847,1,1
264845,264846,264847,1,1
264845,264846,264847,1,1
264845,264846,264847,1,1
264845,264846,264847,1,1
264845,264846,264847,1,1
264845,264845,264847,2,0
264845,264845,264847,2,0
264845,264845,264846,1,0
264845,264846,264847,1,1
264845,264846,264847,1,1
264845,264845,264846,1,0
264845,264845,264847,2,0
264845,264846,264847,1,1
264845,264846,264847,1,1
264845,264846,264847,1,1
264845,264845,264847,2,0
264845,264845,264847,2,0
264845,264846,264848,2,1
264845,264846,264847,1,1
264846,264847,264848,1,1
264846,264847,264848,1,1
264845,264845,264847,2,0
264845,264845,264847,2,0
264845,264846,264848,2,1
264845,264846,264847,1,1
264846,264847,264848,1,1
264845,264845,264847,2,0
264845,264846,264847,1,1
264845,264846,264847,1,1
264845,264846,264847,1,1
264846,264847,264848,1,1
264845,264845,264847,2,0
264845,264846,264848,2,1
264845,264846,264847,1,1
264845,264846,264847,1,1
264845,264847,264848,1,2
264846,264847,264848,1,1
264845,264845,264847,2,0
264845,264846,264848,2,1
264845,264846,264847,1,1
264846,264847,264848,1,1
264846,264847,264848,1,1
264845,264845,264847,2,0
264845,264846,264847,1,1
264846,264847,264848,1,1
264846,264847,264848,1,1
264710,264711,264847,136,1
264845,264846,264847,1,1
264845,264846,264847,1,1
264845,264845,264847,2,0
264845,264846,264848,2,1
264845,264846,264847,1,1
264846,264847,264848,1,1
264845,264845,264847,2,0
264845,264846,264847,1,1
264845,264846,264847,1,1
264845,264847,264848,1,2
264846,264847,264848,1,1
264846,264847,264848,1,1
264845,264846,264847,1,1
264845,264846,264847,1,1
264846,264847,264848,1,1
264845,264847,264848,1,2
264845,264846,264848,2,1
264845,264847,264848,1,2
264845,264847,264848,1,2
264845,264847,264848,1,2
264845,264847,264849,2,2
264846,264848,264849,1,2
264846,264848,264849,1,2
264846,264848,264849,1,2
264846,264848,264849,1,2
264845,264847,264849,2,2
264845,264847,264849,2,2
264846,264847,264849,2,1
264846,264847,264849,2,1
264845,264847,264849,2,2
264845,264847,264849,2,2
264846,264849,264850,1,3
264845,264847,264849,2,2
264845,264847,264849,2,2
264845,264847,264849,2,2
264846,264847,264849,2,1
264846,264847,264849,2,1
264846,264847,264849,2,1
264845,264847,264849,2,2
264845,264847,264849,2,2
264846,264847,264849,2,1
264845,264847,264849,2,2
264845,264847,264849,2,2
264846,264848,264849,1,2
264846,264848,264850,2,2
264846,264848,264849,1,2
264846,264848,264849,1,2
264846,264849,264850,1,3
264845,264847,264849,2,2
264845,264847,264849,2,2
264846,264849,264850,1,3
264845,264847,264849,2,2
264845,264847,264849,2,2
264846,264849,264850,1,3
264846,264849,264850,1,3
264846,264848,264850,2,2
264846,264848,264850,2,2
264846,264848,264850,2,2
264846,264850,264851,1,4
264846,264850,264851,1,4
264846,264849,264850,1,3
264846,264849,264851,2,3
264846,264849,264850,1,3
264846,264849,264850,1,3
264846,264849,264851,2,3
264846,264849,264850,1,3
264846,264849,264850,1,3
264846,264849,264850,1,3
264846,264849,264850,1,3
264846,264849,264850,1,3
264846,264849,264850,1,3
264846,264850,264851,1,4
264846,264849,264850,1,3
264846,264849,264850,1,3
264846,264849,264850,1,3
264846,264849,264850,1,3
264846,264850,264851,1,4
264846,264849,264850,1,3
264846,264849,264850,1,3
264846,264850,264851,1,4
264846,264850,264851,1,4
264846,264850,264851,1,4
264846,264849,264850,1,3
264846,264849,264850,1,3
264845,264846,264851,5,1
264846,264847,264851,4,1
264846,264847,264851,4,1
264846,264847,264851,4,1
264846,264847,264851,4,1
264846,264849,264851,2,3
264846,264849,264851,2,3
264846,264849,264851,2,3
264846,264850,264851,1,4
264846,264850,264851,1,4
264846,264850,264851,1,4
264846,264850,264851,1,4
264846,264850,264852,2,4
264846,264850,264852,2,4
264846,264850,264851,1,4
264846,264850,264852,2,4
264846,264850,264852,2,4
264846,264850,264851,1,4
264846,264850,264852,2,4
264846,264850,264852,2,4
264846,264850,264851,1,4
264846,264850,264851,1,4
264846,264850,264851,1,4
264846,264850,264851,1,4
264846,264850,264896,46,4
264930,264930,264931,1,0
264930,264930,264931,1,0
264930,264930,264931,1,0
264930,264930,264931,1,0
264930,264930,264931,1,0
264930,264930,264931,1,0
264930,264930,264931,1,0
264930,264930,264931,1,0
264930,264930,264931,1,0
264930,264930,264931,1,0
264930,264930,264931,1,0
264930,264930,264931,1,0
264930,264930,264931,1,0
264930,264930,264931,1,0
264930,264930,264931,1,0
264930,264930,264931,1,0
264930,264930,264931,1,0
264930,264930,264931,1,0
264930,264930,264931,1,0
264930,264930,264931,1,0
264930,264930,264931,1,0
264930,264930,264931,1,0
264930,264930,264931,1,0
264930,264930,264931,1,0
264930,264930,264931,1,0
264930,264930,264931,1,0
264930,264930,264931,1,0
264930,264930,264931,1,0
264930,264930,264931,1,0
264930,264930,264931,1,0
264930,264930,264931,1,0
264930,264930,264931,1,0
264930,264930,264931,1,0
264930,264930,264931,1,0
264930,264930,264931,1,0
264930,264930,264931,1,0
264930,264930,264931,1,0
264930,264930,264931,1,0
264930,264930,264931,1,0
264930,264930,264931,1,0
264930,264930,264931,1,0
264930,264930,264931,1,0
264930,264930,264931,1,0
264930,264930,264931,1,0
264930,264930,264931,1,0
264930,264930,264931,1,0
264930,264930,264931,1,0
264930,264930,264931,1,0
264930,264930,264931,1,0
264930,264930,264931,1,0
264930,264930,264931,1,0
264930,264930,264931,1,0
264930,264930,264931,1,0
264930,264930,264932,2,0
264930,264930,264931,1,0
264930,264931,264932,1,1
264930,264931,264932,1,1
264930,264930,264932,2,0
264930,264930,264931,1,0
264930,264930,264931,1,0
264930,264930,264932,2,0
264930,264930,264931,1,0
264930,264931,264932,1,1
264930,264930,264931,1,0
264930,264930,264932,2,0
264930,264930,264932,2,0
264930,264930,264931,1,0
264930,264931,264932,1,1
264930,264930,264931,1,0
264930,264930,264931,1,0
264930,264930,264932,2,0
264930,264931,264932,1,1
264930,264931,264932,1,1
264930,264930,264931,1,0
264930,264930,264931,1,0
264930,264930,264932,2,0
264930,264931,264932,1,1
264930,264931,264932,1,1
264930,264930,264931,1,0
264930,264930,264932,2,0
264930,264930,264932,2,0
264930,264931,264932,1,1
264930,264930,264932,2,0
264930,264930,264932,2,0
264930,264930,264932,2,0
264930,264931,264933,2,1
264930,264930,264932,2,0
264930,264930,264932,2,0
264930,264931,264933,2,1
264930,264930,264932,2,0
264930,264931,264933,2,1
264930,264931,264932,1,1
264930,264932,264933,1,2
264930,264930,264932,2,0
264930,264931,264933,2,1
264930,264931,264933,2,1
264930,264931,264933,2,1
264930,264931,264933,2,1
264930,264932,264933,1,2
264930,264931,264933,2,1
264930,264931,264933,2,1
264930,264932,264933,1,2
264930,264932,264933,1,2
264930,264931,264933,2,1
264930,264931,264933,2,1
264930,264933,264934,1,3
264930,264931,264933,2,1
264930,264931,264933,2,1
264930,264932,264933,1,2
264930,264931,264933,2,1
264930,264933,264934,1,3
264930,264931,264933,2,1
264930,264931,264933,2,1
264930,264933,264934,1,3
264930,264932,264933,1,2
264930,264932,264934,2,2
264930,264932,264934,2,2
264930,264932,264933,1,2
264930,264931,264934,3,1
264930,264931,264933,2,1
264930,264932,264933,1,2
264930,264932,264933,1,2
264930,264931,264933,2,1
264930,264932,264933,1,2
264930,264932,264933,1,2
264930,264932,264933,1,2
264930,264932,264933,1,2
264930,264932,264934,2,2
264930,264932,264933,1,2
264930,264933,264934,1,3
264930,264933,264934,1,3
264930,264932,264934,2,2
264997,264997,264999,2,0
264997,264997,264998,1,0
264997,264997,264999,2,0
264997,264997,264999,2,0
264997,264997,264998,1,0
264997,264997,264998,1,0
264997,264997,264999,2,0
264997,264997,264998,1,0
264997,264997,264998,1,0
264997,264997,264999,2,0
264997,264997,264998,1,0
264997,264997,264998,1,0
264997,264997,264999,2,0
264997,264997,264998,1,0
264997,264997,264999,2,0
264997,264997,264999,2,0
264997,264997,264998,1,0
264997,264997,264998,1,0
264997,264997,264998,1,0
264997,264997,264998,1,0
264997,264997,264998,1,0
264997,264997,264998,1,0
264997,264997,264999,2,0
264997,264997,264999,2,0
264997,264997,264999,2,0
264997,264998,264999,1,1
264997,264997,264999,2,0
264997,264998,264999,1,1
264997,264998,264999,1,1
264997,264997,265000,3,0
264997,264998,264999,1,1
264997,264998,265000,2,1
264997,264997,264999,2,0
264997,264998,264999,1,1
264997,264998,265000,2,1
264997,264997,264999,2,0
264997,264998,264999,1,1
264997,264998,264999,1,1
264997,264997,264999,2,0
264997,264998,265000,2,1
264997,264998,264999,1,1
264997,264998,264999,1,1
264997,264998,265000,2,1
264997,264998,265000,2,1
264997,264997,264999,2,0
264997,264997,264999,2,0
264997,264998,264999,1,1
264997,264998,265000,2,1
264997,264998,264999,1,1
264997,264997,264999,2,0
264997,264997,264999,2,0
264997,264998,264999,1,1
264997,264998,265000,2,1
264997,264998,264999,1,1
264997,264998,264999,1,1
264997,264998,264999,1,1
264997,264998,265000,2,1
264998,264998,265047,49,0
265049,265049,265050,1,0
265049,265049,265050,1,0
265049,265049,265050,1,0
265049,265049,265050,1,0
265049,265049,265050,1,0
265049,265049,265050,1,0
265049,265049,265050,1,0
265049,265049,265050,1,0
265049,265049,265050,1,0
265049,265049,265050,1,0
265049,265049,265050,1,0
265049,265049,265050,1,0
265049,265049,265050,1,0
265049,265049,265050,1,0
265049,265049,265050,1,0
265049,265049,265050,1,0
265049,265049,265050,1,0
265049,265049,265050,1,0
265049,265049,265050,1,0
265049,265049,265050,1,0
265049,265049,265050,1,0
265049,265049,265050,1,0
265049,265049,265050,1,0
265049,265049,265050,1,0
265049,265049,265050,1,0
265049,265049,265050,1,0
265049,265049,265050,1,0
265049,265049,265050,1,0
265049,265049,265050,1,0
265049,265049,265050,1,0
265049,265049,265050,1,0
265049,265049,265050,1,0
265049,265049,265050,1,0
265049,265049,265050,1,0
265049,265049,265050,1,0
265049,265049,265050,1,0
265049,265049,265050,1,0
265049,265049,265050,1,0
265049,265049,265050,1,0
265049,265049,265051,2,0
265049,265049,265051,2,0
265049,265049,265051,2,0
265049,265049,265050,1,0
265049,265049,265051,2,0
265049,265049,265051,2,0
265049,265049,265051,2,0
265049,265049,265051,2,0
265049,265049,265051,2,0
265049,265049,265051,2,0
265049,265049,265051,2,0
265049,265049,265050,1,0
265049,265049,265051,2,0
265049,265049,265050,1,0
265049,265049,265050,1,0
265049,265049,265051,2,0
265049,265049,265051,2,0
265049,265049,265051,2,0
265049,265049,265051,2,0
265049,265049,265051,2,0
265049,265049,265051,2,0
265049,265049,265050,1,0
265049,265049,265051,2,0
265049,265049,265051,2,0
265049,265049,265051,2,0
265049,265049,265051,2,0
265049,265049,265051,2,0
265049,265049,265050,1,0
265049,265049,265051,2,0
265097,265097,265098,1,0
265097,265097,265098,1,0
265097,265097,265098,1,0
265097,265097,265098,1,0
265097,265097,265098,1,0
265097,265097,265098,1,0
265097,265097,265098,1,0
265097,265097,265098,1,0
265097,265097,265098,1,0
265097,265097,265098,1,0
265097,265097,265098,1,0
265097,265097,265098,1,0
265097,265097,265098,1,0
265097,265097,265098,1,0
265097,265097,265098,1,0
265097,265097,265098,1,0
265097,265097,265099,2,0
265097,265097,265098,1,0
265097,265097,265099,2,0
265097,265097,265098,1,0
265097,265097,265099,2,0
265097,265097,265098,1,0
265097,265097,265099,2,0
265097,265097,265098,1,0
265097,265097,265098,1,0
265097,265097,265099,2,0
265097,265097,265098,1,0
265097,265097,265099,2,0
265097,265097,265098,1,0
265097,265097,265099,2,0
265097,265097,265098,1,0
265097,265097,265099,2,0
265097,265097,265099,2,0
265097,265097,265111,14,0
265097,265097,265143,46,0
265148,265149,265150,1,1
265148,265149,265150,1,1
265148,265149,265150,1,1
265148,265149,265150,1,1
265148,265149,265150,1,1
265148,265149,265150,1,1
265148,265149,265150,1,1
265148,265149,265150,1,1
265148,265149,265150,1,1
265148,265149,265150,1,1
265148,265149,265150,1,1
265148,265149,265150,1,1
265148,265149,265150,1,1
265148,265149,265150,1,1
265148,265149,265150,1,1
265148,265149,265150,1,1
265148,265149,265150,1,1
265148,265149,265150,1,1
265148,265149,265150,1,1
265148,265149,265150,1,1
265148,265149,265150,1,1
265149,265149,265203,54,0
265204,265204,265205,1,0
265204,265204,265205,1,0
265204,265204,265205,1,0
265204,265204,265205,1,0
265204,265204,265205,1,0
265204,265204,265205,1,0
265204,265204,265205,1,0
265204,265204,265205,1,0
265204,265204,265205,1,0
265204,265204,265205,1,0
265204,265204,265205,1,0
265204,265204,265206,2,0
265204,265204,265206,2,0
265204,265204,265206,2,0
265204,265204,265206,2,0
265204,265204,265206,2,0
265204,265204,265206,2,0
265204,265204,265206,2,0
265204,265204,265206,2,0
265204,265204,265206,2,0
265204,265204,265206,2,0
265204,265204,265205,1,0
265204,265204,265206,2,0
265204,265204,265206,2,0
265204,265204,265206,2,0
265204,265204,265206,2,0
265204,265204,265205,1,0
265204,265204,265206,2,0
265204,265204,265206,2,0
265204,265204,265205,1,0
265204,265204,265206,2,0
265204,265204,265205,1,0
265204,265204,265206,2,0
265204,265204,265206,2,0
287891,287893,288276,383,2
288280,288282,288457,175,2
288461,288463,288743,280,2
288747,288749,288871,122,2
288899,288901,296611,7710,2
296610,296612,296706,94,2
299873,299873,299874,1,0
299860,299860,299874,14,0
299921,299921,300488,567,0
299933,299933,300502,569,0
299946,299946,300518,572,0
300002,300002,300529,527,0
299962,299962,300532,570,0
299981,299981,300534,553,0
300021,300021,300570,549,0
300041,300041,300590,549,0
300059,300059,300594,535,0
300083,300083,300629,546,0
300109,300109,300651,542,0
300350,300352,300733,381,2
300737,300739,300912,173,2
300916,300919,301203,284,3
301206,301208,301332,124,2
305776,305776,305782,6,0
305775,305775,306322,547,0
307978,307978,307984,6,0
307978,307978,308499,521,0
301360,301362,309619,8257,2
312609,312609,313133,524,0
315621,315621,316137,516,0
316358,316358,317250,892,0
309721,309723,317977,8254,2
318170,318170,318690,520,0
317994,317996,320645,2649,2
320643,320646,320746,100,3
336543,336543,336554,11,0
336596,336596,337220,624,0
337568,337568,338282,714,0
339147,339147,339783,636,0
339153,339153,339787,634,0
339152,339152,339807,655,0
339149,339149,339812,663,0
339143,339143,339814,671,0
339143,339143,339814,671,0
339145,339145,339814,669,0
339141,339141,339860,719,0
339146,339146,339864,718,0
339150,339150,339891,741,0
339151,339151,340046,895,0
340409,340409,340410,1,0
340409,340409,340410,1,0
340409,340409,340410,1,0
340409,340409,340410,1,0
340409,340409,340411,2,0
340409,340409,340410,1,0
340409,340409,340410,1,0
340409,340409,340410,1,0
340409,340409,340410,1,0
340409,340409,340410,1,0
340409,340409,340410,1,0
340409,340409,340411,2,0
340409,340409,340410,1,0
340409,340409,340410,1,0
340409,340409,340411,2,0
340409,340409,340410,1,0
340409,340409,340411,2,0
340409,340409,340410,1,0
340409,340409,340410,1,0
340409,340409,340411,2,0
340409,340409,340411,2,0
340409,340409,340411,2,0
340409,340409,340412,3,0
340409,340409,340411,2,0
340409,340409,340411,2,0
340409,340409,340411,2,0
340409,340409,340411,2,0
340409,340409,340411,2,0
340409,340409,340411,2,0
340409,340409,340411,2,0
340409,340409,340411,2,0
340409,340409,340411,2,0
340409,340409,340411,2,0
340409,340409,340411,2,0
340409,340409,340411,2,0
340413,340413,340414,1,0
340413,340413,340414,1,0
340413,340413,340415,2,0
340413,340413,340414,1,0
340413,340413,340414,1,0
340413,340413,340415,2,0
340413,340413,340414,1,0
340413,340413,340414,1,0
340413,340413,340415,2,0
340413,340413,340414,1,0
340413,340413,340415,2,0
340413,340413,340414,1,0
340413,340413,340414,1,0
340413,340413,340415,2,0
340413,340413,340414,1,0
340413,340413,340414,1,0
340413,340413,340415,2,0
340413,340413,340414,1,0
340413,340413,340415,2,0
340413,340413,340414,1,0
340413,340413,340414,1,0
340413,340413,340414,1,0
340413,340413,340415,2,0
340413,340413,340414,1,0
340413,340413,340415,2,0
340413,340413,340416,3,0
340413,340413,340415,2,0
340413,340413,340416,3,0
340413,340413,340415,2,0
340413,340413,340416,3,0
340413,340413,340415,2,0
340413,340413,340416,3,0
340413,340413,340415,2,0
340413,340413,340416,3,0
340413,340413,340416,3,0
340417,340417,340419,2,0
340417,340417,340419,2,0
340417,340417,340418,1,0
340417,340417,340418,1,0
340417,340417,340419,2,0
340417,340417,340419,2,0
340417,340417,340419,2,0
340417,340417,340419,2,0
340417,340417,340418,1,0
340417,340417,340418,1,0
340417,340417,340419,2,0
340417,340417,340419,2,0
340417,340417,340419,2,0
340417,340417,340419,2,0
340417,340417,340419,2,0
340417,340417,340419,2,0
340417,340417,340419,2,0
340417,340417,340419,2,0
340417,340417,340419,2,0
340417,340417,340419,2,0
340417,340417,340419,2,0
340417,340417,340419,2,0
340417,340417,340419,2,0
340417,340417,340420,3,0
340417,340417,340420,3,0
340417,340417,340419,2,0
340417,340417,340419,2,0
340417,340417,340419,2,0
340417,340417,340420,3,0
340417,340417,340420,3,0
340417,340417,340420,3,0
340417,340417,340420,3,0
340417,340417,340420,3,0
340417,340417,340420,3,0
340417,340417,340420,3,0
340422,340422,340424,2,0
340422,340423,340424,1,1
340422,340422,340424,2,0
340422,340423,340424,1,1
340422,340423,340424,1,1
340422,340422,340424,2,0
340422,340423,340424,1,1
340422,340423,340424,1,1
340422,340422,340424,2,0
340422,340423,340424,1,1
340422,340422,340424,2,0
340422,340422,340424,2,0
340422,340423,340424,1,1
340422,340422,340424,2,0
340422,340422,340424,2,0
340422,340423,340424,1,1
340422,340422,340424,2,0
340422,340423,340424,1,1
340422,340423,340424,1,1
340422,340423,340424,1,1
340422,340422,340424,2,0
340422,340423,340424,1,1
340422,340423,340424,1,1
340422,340422,340425,3,0
340422,340422,340425,3,0
340422,340422,340425,3,0
340422,340422,340425,3,0
340422,340423,340425,2,1
340422,340423,340425,2,1
340422,340423,340425,2,1
340422,340423,340425,2,1
340422,340422,340425,3,0
340422,340422,340425,3,0
340422,340423,340425,2,1
340422,340422,340425,3,0
340427,340427,340428,1,0
340427,340427,340429,2,0
340427,340427,340428,1,0
340427,340427,340428,1,0
340427,340427,340429,2,0
340427,340427,340428,1,0
340427,340427,340429,2,0
340427,340427,340428,1,0
340427,340427,340428,1,0
340427,340427,340428,1,0
340427,340427,340428,1,0
340427,340427,340428,1,0
340427,340427,340428,1,0
340427,340427,340429,2,0
340427,340427,340428,1,0
340427,340427,340428,1,0
340427,340427,340429,2,0
340427,340427,340428,1,0
340427,340427,340428,1,0
340427,340427,340428,1,0
340427,340427,340428,1,0
340427,340427,340429,2,0
340427,340427,340428,1,0
340427,340427,340429,2,0
340427,340427,340429,2,0
340427,340427,340430,3,0
340427,340427,340429,2,0
340427,340427,340429,2,0
340427,340427,340429,2,0
340427,340427,340429,2,0
340427,340427,340429,2,0
340427,340427,340429,2,0
340427,340427,340430,3,0
340427,340427,340429,2,0
340427,340427,340429,2,0
340431,340431,340432,1,0
340431,340431,340433,2,0
340431,340431,340433,2,0
340431,340431,340433,2,0
340431,340431,340433,2,0
340431,340431,340433,2,0
340431,340431,340433,2,0
340431,340431,340432,1,0
340431,340431,340433,2,0
340431,340431,340432,1,0
340431,340431,340433,2,0
340431,340431,340433,2,0
340431,340431,340432,1,0
340431,340431,340432,1,0
340431,340431,340432,1,0
340431,340431,340433,2,0
340431,340431,340432,1,0
340431,340431,340433,2,0
340431,340431,340433,2,0
340431,340431,340433,2,0
340431,340431,340433,2,0
340431,340431,340433,2,0
340431,340431,340433,2,0
340431,340431,340433,2,0
340431,340431,340434,3,0
340431,340431,340433,2,0
340431,340431,340433,2,0
340431,340431,340433,2,0
340431,340431,340433,2,0
340431,340431,340434,3,0
340431,340431,340434,3,0
340431,340431,340433,2,0
340431,340431,340434,3,0
340431,340431,340434,3,0
340431,340431,340435,4,0
340436,340436,340437,1,0
340436,340436,340438,2,0
340436,340436,340438,2,0
340436,340436,340438,2,0
340436,340436,340437,1,0
340436,340436,340437,1,0
340436,340436,340438,2,0
340436,340436,340438,2,0
340436,340436,340437,1,0
340436,340436,340438,2,0
340436,340436,340437,1,0
340436,340436,340438,2,0
340436,340436,340438,2,0
340436,340436,340438,2,0
340436,340436,340437,1,0
340436,340436,340437,1,0
340436,340436,340437,1,0
340436,340436,340437,1,0
340436,340436,340438,2,0
340436,340436,340437,1,0
340436,340436,340437,1,0
340436,340436,340439,3,0
340436,340436,340438,2,0
340436,340436,340438,2,0
340436,340436,340439,3,0
340436,340436,340439,3,0
340436,340436,340438,2,0
340436,340436,340438,2,0
340436,340436,340438,2,0
340436,340436,340439,3,0
340436,340436,340439,3,0
340436,340436,340438,2,0
340436,340436,340438,2,0
340436,340436,340439,3,0
340436,340436,340439,3,0
340441,340441,340442,1,0
340441,340441,340443,2,0
340441,340441,340443,2,0
340441,340441,340443,2,0
340441,340441,340443,2,0
340441,340441,340442,1,0
340441,340441,340442,1,0
340441,340441,340442,1,0
340441,340441,340443,2,0
340441,340441,340443,2,0
340441,340441,340443,2,0
340441,340441,340443,2,0
340441,340441,340443,2,0
340441,340441,340442,1,0
340441,340441,340443,2,0
340441,340441,340443,2,0
340441,340441,340443,2,0
340441,340441,340443,2,0
340441,340441,340443,2,0
340441,340441,340443,2,0
340441,340441,340442,1,0
340441,340441,340443,2,0
340441,340441,340444,3,0
340441,340441,340443,2,0
340441,340441,340444,3,0
340441,340441,340444,3,0
340441,340441,340444,3,0
340441,340441,340443,2,0
340441,340441,340443,2,0
340441,340441,340443,2,0
340441,340441,340443,2,0
340441,340441,340443,2,0
340441,340441,340444,3,0
340441,340441,340444,3,0
340441,340441,340445,4,0
340446,340446,340447,1,0
340446,340446,340448,2,0
340446,340446,340448,2,0
340446,340446,340447,1,0
340446,340446,340448,2,0
340446,340446,340448,2,0
340446,340446,340448,2,0
340446,340446,340448,2,0
340446,340446,340448,2,0
340446,340446,340448,2,0
340446,340446,340448,2,0
340446,340446,340448,2,0
340446,340446,340448,2,0
340446,340446,340448,2,0
340446,340446,340448,2,0
340446,340446,340448,2,0
340446,340446,340448,2,0
340446,340446,340448,2,0
340446,340446,340448,2,0
340446,340446,340448,2,0
340446,340447,340448,1,1
340446,340446,340449,3,0
340446,340446,340449,3,0
340446,340446,340449,3,0
340446,340446,340449,3,0
340446,340446,340448,2,0
340446,340446,340449,3,0
340446,340446,340448,2,0
340446,340446,340449,3,0
340446,340446,340449,3,0
340446,340446,340449,3,0
340446,340446,340449,3,0
340446,340446,340449,3,0
340446,340446,340449,3,0
340446,340446,340450,4,0
340451,340452,340453,1,1
340451,340452,340453,1,1
340451,340452,340453,1,1
340451,340452,340453,1,1
340451,340452,340453,1,1
340451,340452,340453,1,1
340451,340452,340453,1,1
340451,340452,340453,1,1
340451,340452,340453,1,1
340451,340452,340453,1,1
340451,340452,340453,1,1
340451,340452,340453,1,1
340451,340452,340453,1,1
340451,340452,340453,1,1
340451,340452,340453,1,1
340451,340452,340453,1,1
340451,340452,340453,1,1
340451,340452,340453,1,1
340451,340452,340453,1,1
340451,340452,340453,1,1
340451,340452,340453,1,1
340451,340452,340454,2,1
340451,340452,340454,2,1
340451,340452,340454,2,1
340451,340452,340454,2,1
340451,340452,340454,2,1
340451,340452,340454,2,1
340451,340452,340454,2,1
340451,340452,340454,2,1
340451,340452,340454,2,1
340451,340452,340454,2,1
340451,340452,340454,2,1
340451,340452,340454,2,1
340451,340452,340454,2,1
340451,340452,340456,4,1
340457,340457,340458,1,0
340457,340457,340458,1,0
340457,340457,340458,1,0
340457,340457,340458,1,0
340457,340457,340458,1,0
340457,340457,340458,1,0
340457,340457,340458,1,0
340457,340457,340458,1,0
340457,340457,340459,2,0
340457,340457,340458,1,0
340457,340457,340458,1,0
340457,340457,340458,1,0
340457,340457,340459,2,0
340457,340457,340458,1,0
340457,340457,340458,1,0
340457,340457,340458,1,0
340457,340457,340458,1,0
340457,340457,340458,1,0
340457,340457,340459,2,0
340457,340457,340459,2,0
340457,340457,340459,2,0
340457,340457,340459,2,0
340457,340457,340459,2,0
340457,340457,340458,1,0
340457,340457,340458,1,0
340457,340457,340458,1,0
340457,340457,340459,2,0
340457,340457,340460,3,0
340457,340457,340459,2,0
340457,340457,340459,2,0
340457,340457,340459,2,0
340457,340457,340460,3,0
340457,340457,340461,4,0
340457,340457,340460,3,0
340457,340457,340460,3,0
342888,342889,343278,389,1
343282,343284,343460,176,2
343467,343469,343750,281,2
343754,343756,343879,123,2
343906,343908,349472,5564,2
349470,349473,349535,62,3
349646,349648,350807,1159,2
350814,350816,351963,1147,2
351966,351968,354197,2229,2
354201,354203,354626,423,2
354651,354652,361690,7038,1
361689,361691,361748,57,2
381911,381911,383972,2061,0
381923,381923,384452,2529,0
381908,381908,384519,2611,0
381905,381905,384535,2630,0
381901,381901,384618,2717,0
381910,381910,384646,2736,0
381907,381908,384859,2951,1
381899,381899,384936,3037,0
381902,381902,384987,3085,0
381923,381923,385150,3227,0
381919,381919,385198,3279,0
381906,381906,385209,3303,0
381901,381901,385210,3309,0
381910,381910,385291,3381,0
381903,381903,385343,3440,0
381910,381910,385444,3534,0
381909,381909,385447,3538,0
381912,381912,385489,3577,0
381899,381899,385542,3643,0
381919,381919,385768,3849,0
381911,381911,385965,4054,0
381924,383972,386056,2084,2048
381907,381907,386250,4343,0
381895,381896,386268,4372,1
381895,381895,386268,4373,0
381896,381896,386268,4372,0
381896,381897,386268,4371,1
381898,381898,386268,4370,0
381896,381896,386268,4372,0
381899,381899,386268,4369,0
381901,381901,386268,4367,0
381897,381897,386268,4371,0
381896,381896,386268,4372,0
381899,381899,386268,4369,0
381903,381903,386268,4365,0
381905,381905,386268,4363,0
381896,381896,386268,4372,0
381899,381899,386268,4369,0
381902,381902,386268,4366,0
381904,381904,386268,4364,0
381897,381897,386268,4371,0
381900,381900,386268,4368,0
381903,381903,386268,4365,0
381904,381904,386268,4364,0
381906,381906,386268,4362,0
381897,381897,386268,4371,0
381900,381900,386268,4368,0
381903,381903,386268,4365,0
381904,381904,386268,4364,0
381907,381907,386268,4361,0
381897,381897,386268,4371,0
381898,381898,386268,4370,0
381900,381900,386268,4368,0
381902,381902,386268,4366,0
381896,381896,386268,4372,0
381898,381898,386268,4370,0
381901,381901,386268,4367,0
381931,385543,386268,725,3612
381897,381897,386268,4371,0
381898,381898,386268,4370,0
381900,381900,386268,4368,0
381902,381902,386268,4366,0
381896,381896,386268,4372,0
381897,381898,386268,4370,1
381899,381899,386268,4369,0
381901,381901,386268,4367,0
381897,381897,386268,4371,0
381898,381899,386268,4369,1
381900,381900,386268,4368,0
381902,381902,386268,4366,0
381927,384936,386268,1332,3009
381927,384987,386268,1281,3060
381929,385211,386268,1057,3282
381898,381898,386268,4370,0
381900,381900,386268,4368,0
381903,381903,386268,4365,0
381904,381904,386268,4364,0
381906,381906,386268,4362,0
381909,381909,386268,4359,0
381911,381911,386268,4357,0
381912,381912,386268,4356,0
381914,381914,386268,4354,0
381915,381915,386268,4353,0
381916,381916,386268,4352,0
381918,381918,386268,4350,0
381920,381920,386268,4348,0
381926,384860,386268,1408,2934
381928,385198,386268,1070,3270
381899,381899,386268,4369,0
381901,381901,386268,4367,0
381904,381904,386268,4364,0
381905,381905,386268,4363,0
381907,381907,386268,4361,0
381908,381908,386268,4360,0
381913,381913,386268,4355,0
381914,381914,386268,4354,0
381915,381915,386268,4353,0
381916,381917,386268,4351,1
381918,381918,386268,4350,0
381920,381920,386268,4348,0
381930,385444,386268,824,3514
381932,385769,386268,499,3837
381932,385966,386268,302,4034
381900,381900,386268,4368,0
381902,381902,386268,4366,0
381903,381903,386268,4365,0
381904,381904,386268,4364,0
381905,381905,386268,4363,0
381906,381906,386268,4362,0
381907,381907,386268,4361,0
381908,381908,386268,4360,0
381911,381911,386268,4357,0
381912,381912,386268,4356,0
381929,385292,386268,976,3363
381930,385448,386268,820,3518
381932,386057,386268,211,4125
381933,386251,386268,17,4318
381903,381904,386268,4364,1
381906,381906,386268,4362,0
381908,381908,386268,4360,0
381909,381909,386268,4359,0
381911,381911,386268,4357,0
381912,381912,386268,4356,0
381914,381914,386268,4354,0
381916,381916,386268,4352,0
381917,381918,386268,4350,1
381919,381919,386268,4349,0
381921,381921,386268,4347,0
381922,381922,386268,4346,0
381925,384536,386268,1732,2611
381905,381905,386268,4363,0
381907,381907,386268,4361,0
381908,381908,386268,4360,0
381910,381910,386268,4358,0
381911,381911,386268,4357,0
381913,381913,386268,4355,0
381914,381914,386268,4354,0
381915,381915,386268,4353,0
381916,381916,386268,4352,0
381918,381918,386268,4350,0
381919,381919,386268,4349,0
381920,381920,386268,4348,0
381907,381907,386268,4361,0
381909,381909,386268,4359,0
381910,381910,386268,4358,0
381912,381912,386268,4356,0
381913,381913,386268,4355,0
381915,381915,386268,4353,0
381917,381917,386268,4351,0
381919,381919,386268,4349,0
381921,381921,386268,4347,0
381922,381922,386268,4346,0
381924,384453,386268,1815,2529
381898,381898,386268,4370,0
381901,381901,386268,4367,0
381905,381905,386268,4363,0
381906,381906,386268,4362,0
381909,381910,386268,4358,1
381911,381911,386268,4357,0
381913,381913,386268,4355,0
381914,381914,386268,4354,0
381916,381916,386268,4352,0
381917,381917,386268,4351,0
381918,381918,386268,4350,0
381920,381920,386268,4348,0
381921,381921,386268,4347,0
381925,384519,386268,1749,2594
381930,385344,386268,924,3414
381909,381909,386268,4359,0
381910,381910,386268,4358,0
381912,381912,386268,4356,0
381913,381913,386268,4355,0
381915,381915,386268,4353,0
381917,381917,386268,4351,0
381919,381919,386268,4349,0
381922,381922,386268,4346,0
381923,381923,386268,4345,0
381928,385152,386268,1116,3224
381928,385209,386268,1059,3281
381906,381906,386268,4362,0
381908,381908,386268,4360,0
381909,381909,386268,4359,0
381913,381913,386268,4355,0
381914,381915,386268,4353,1
381916,381916,386268,4352,0
381917,381917,386268,4351,0
381918,381918,386268,4350,0
381920,381920,386268,4348,0
381925,384618,386268,1650,2693
381926,384647,386268,1621,2721
381931,385490,386268,778,3559
386933,386933,391419,4486,0
398155,398155,398234,79,0
398235,398235,398236,1,0
398235,398235,398237,2,0
398235,398235,398236,1,0
398235,398235,398237,2,0
398235,398235,398237,2,0
398235,398235,398237,2,0
398235,398235,398237,2,0
398235,398235,398237,2,0
398235,398235,398236,1,0
398235,398235,398236,1,0
398235,398235,398237,2,0
398235,398235,398237,2,0
398235,398235,398236,1,0
398235,398235,398237,2,0
398235,398235,398237,2,0
398235,398235,398237,2,0
398235,398235,398237,2,0
398235,398235,398237,2,0
398235,398235,398237,2,0
398235,398235,398236,1,0
398235,398235,398236,1,0
398235,398235,398237,2,0
398235,398235,398236,1,0
398235,398235,398237,2,0
398235,398235,398237,2,0
398235,398235,398237,2,0
398235,398235,398238,3,0
398235,398235,398237,2,0
398235,398235,398238,3,0
398235,398235,398237,2,0
386935,386935,398326,11391,0
386929,386929,398397,11468,0
386928,386928,398663,11735,0
386927,386927,399243,12316,0
386933,386933,399271,12338,0
386923,386923,399532,12609,0
386933,386933,400106,13173,0
386932,386932,400271,13339,0
386926,386926,400372,13446,0
386924,386924,400482,13558,0
386926,386926,400857,13931,0
386947,386947,400960,14013,0
386931,386931,400994,14063,0
386937,386937,401068,14131,0
386925,386925,401191,14266,0
386932,386932,401217,14285,0
386940,386940,401257,14317,0
386924,386924,401300,14376,0
386928,386928,401659,14731,0
386935,386935,401906,14971,0
386923,386923,402105,15182,0
386930,386931,402231,15300,1
386930,386930,402375,15445,0
386928,386928,402408,15480,0
386950,386950,402508,15558,0
386945,386945,402568,15623,0
386923,386923,402967,16044,0
386925,386925,403280,16355,0
386947,386947,403375,16428,0
386935,386935,403405,16470,0
386924,386924,403609,16685,0
386930,386930,403615,16685,0
386929,386929,403706,16777,0
386928,386928,403783,16855,0
386938,386938,403927,16989,0
386932,386933,403974,17041,1
386930,386930,404048,17118,0
404182,404184,404297,113,2
404301,404303,404385,82,2
404389,404391,404449,58,2
404453,404455,404510,55,2
404538,404540,404612,72,2
386942,386942,404686,17744,0
404615,404617,404699,82,2
386938,386938,404761,17823,0
404703,404705,404764,59,2
386929,386929,404781,17852,0
386930,386930,404807,17877,0
404769,404771,404828,57,2
386926,386927,404848,17921,1
404887,404889,404961,72,2
404964,404966,405050,84,2
405054,405055,405114,59,1
386936,386936,405147,18211,0
386925,386926,405157,18231,1
405118,405120,405176,56,2
386943,386943,405231,18288,0
405206,405208,405279,71,2
405283,405284,405367,83,1
405371,405373,405433,60,2
386940,386940,405477,18537,0
405436,405438,405496,58,2
386929,386929,405650,18721,0
386942,386942,405732,18790,0
386932,386932,405733,18801,0
386926,386926,405733,18807,0
386936,386936,405758,18822,0
386927,386927,406002,19075,0
386939,386939,406059,19120,0
406022,406022,406098,76,0
386927,386927,406198,19271,0
406230,406230,406331,101,0
406231,406231,406333,102,0
406229,406229,406334,105,0
406333,406333,406334,1,0
406333,406333,406335,2,0
406333,406333,406334,1,0
406333,406333,406334,1,0
406333,406333,406335,2,0
406333,406333,406335,2,0
406333,406333,406335,2,0
406333,406333,406335,2,0
406333,406333,406334,1,0
406333,406333,406335,2,0
406333,406333,406335,2,0
406333,406333,406335,2,0
406333,406333,406335,2,0
406333,406333,406335,2,0
406333,406333,406335,2,0
406333,406333,406335,2,0
406333,406333,406335,2,0
406333,406333,406335,2,0
406333,406333,406335,2,0
406333,406333,406335,2,0
406333,406333,406336,3,0
406333,406333,406335,2,0
406335,406335,406337,2,0
406335,406335,406336,1,0
406335,406335,406336,1,0
406335,406335,406337,2,0
406335,406335,406337,2,0
406335,406335,406337,2,0
406335,406335,406336,1,0
406335,406335,406336,1,0
406335,406335,406337,2,0
406335,406335,406336,1,0
406335,406335,406337,2,0
406335,406335,406337,2,0
406335,406335,406336,1,0
406335,406335,406337,2,0
406229,406229,406336,107,0
406335,406335,406337,2,0
406335,406335,406337,2,0
406335,406335,406337,2,0
406335,406335,406336,1,0
406235,406236,406338,102,1
406335,406335,406337,2,0
406335,406335,406338,3,0
406338,406338,406339,1,0
406338,406338,406339,1,0
406338,406338,406339,1,0
406338,406338,406339,1,0
406338,406338,406340,2,0
406338,406338,406339,1,0
406338,406338,406339,1,0
406338,406338,406339,1,0
406338,406338,406339,1,0
406338,406338,406339,1,0
406339,406340,406341,1,1
406338,406338,406340,2,0
406338,406338,406340,2,0
406339,406340,406341,1,1
406338,406338,406340,2,0
406338,406338,406340,2,0
406339,406340,406341,1,1
406339,406340,406341,1,1
406338,406338,406340,2,0
406338,406338,406340,2,0
406339,406340,406341,1,1
406338,406338,406340,2,0
406339,406340,406342,2,1
406339,406340,406342,2,1
406339,406340,406341,1,1
406340,406340,406342,2,0
406340,406340,406342,2,0
406340,406340,406341,1,0
406339,406340,406342,2,1
406339,406340,406341,1,1
406340,406340,406341,1,0
406340,406340,406341,1,0
406339,406340,406342,2,1
406339,406340,406341,1,1
406340,406340,406342,2,0
406340,406340,406341,1,0
406339,406340,406341,1,1
406340,406340,406341,1,0
406340,406340,406342,2,0
406340,406340,406341,1,0
406340,406340,406341,1,0
406339,406340,406342,2,1
406340,406340,406341,1,0
406340,406340,406341,1,0
406340,406340,406341,1,0
406339,406340,406342,2,1
406339,406340,406342,2,1
406339,406340,406341,1,1
406340,406340,406341,1,0
406340,406340,406342,2,0
406340,406340,406342,2,0
406340,406340,406341,1,0
406340,406340,406342,2,0
406335,406335,406343,8,0
406335,406335,406342,7,0
386926,386926,406342,19416,0
406340,406340,406342,2,0
406338,406338,406344,6,0
406338,406338,406343,5,0
406339,406340,406344,4,1
406339,406340,406344,4,1
406338,406338,406345,7,0
406338,406338,406344,6,0
406339,406340,406345,5,1
406339,406340,406344,4,1
406339,406340,406344,4,1
406338,406338,406344,6,0
406340,406340,406345,5,0
406340,406340,406345,5,0
406241,406242,406349,107,1
406246,406247,406351,104,1
406266,406266,406351,85,0
406350,406351,406352,1,1
406350,406350,406352,2,0
406350,406350,406352,2,0
406350,406350,406352,2,0
406350,406350,406352,2,0
406350,406350,406352,2,0
406350,406350,406352,2,0
406350,406350,406352,2,0
406350,406350,406352,2,0
406350,406350,406352,2,0
406350,406350,406352,2,0
406350,406350,406352,2,0
406350,406351,406352,1,1
406350,406350,406352,2,0
406350,406350,406352,2,0
406350,406350,406353,3,0
406350,406350,406352,2,0
406352,406352,406353,1,0
406353,406353,406354,1,0
406352,406352,406354,2,0
406352,406352,406354,2,0
406352,406352,406354,2,0
406353,406353,406354,1,0
406350,406350,406354,4,0
406352,406352,406354,2,0
406352,406352,406354,2,0
406352,406352,406354,2,0
406352,406353,406354,1,1
406352,406352,406354,2,0
406352,406352,406354,2,0
406352,406352,406354,2,0
406353,406353,406355,2,0
406353,406353,406355,2,0
406352,406352,406354,2,0
406352,406352,406354,2,0
406353,406353,406354,1,0
406353,406353,406354,1,0
406353,406353,406355,2,0
406353,406353,406354,1,0
406352,406352,406354,2,0
406353,406353,406355,2,0
406353,406353,406354,1,0
406353,406353,406354,1,0
406353,406353,406354,1,0
406352,406352,406354,2,0
406352,406352,406354,2,0
406353,406353,406354,1,0
406353,406353,406354,1,0
406353,406353,406354,1,0
406352,406352,406354,2,0
406353,406353,406355,2,0
406353,406353,406354,1,0
406353,406353,406354,1,0
406353,406353,406355,2,0
406350,406351,406356,5,1
406352,406352,406356,4,0
406237,406237,406356,119,0
406350,406350,406357,7,0
406350,406351,406357,6,1
406350,406351,406357,6,1
406352,406352,406357,5,0
406352,406352,406357,5,0
406357,406358,406359,1,1
406357,406358,406359,1,1
406357,406358,406359,1,1
406357,406358,406359,1,1
406357,406358,406359,1,1
406357,406358,406359,1,1
406357,406358,406359,1,1
406357,406358,406359,1,1
406357,406358,406359,1,1
406357,406358,406360,2,1
406357,406358,406359,1,1
406357,406358,406359,1,1
406357,406358,406359,1,1
406357,406358,406359,1,1
406357,406358,406359,1,1
406357,406358,406359,1,1
406357,406358,406359,1,1
406357,406358,406363,5,1
406240,406240,406362,122,0
406352,406352,406363,11,0
406352,406352,406364,12,0
406353,406353,406364,11,0
406353,406353,406364,11,0
406353,406353,406364,11,0
406357,406358,406364,6,1
406254,406254,406367,113,0
406367,406367,406368,1,0
406367,406367,406368,1,0
406367,406367,406368,1,0
406367,406367,406368,1,0
406367,406367,406368,1,0
406367,406367,406369,2,0
406367,406367,406368,1,0
406367,406367,406368,1,0
406367,406367,406369,2,0
406367,406367,406369,2,0
406367,406367,406368,1,0
406367,406367,406369,2,0
406367,406367,406369,2,0
406367,406367,406369,2,0
406367,406367,406368,1,0
406367,406367,406369,2,0
406357,406358,406372,14,1
406372,406372,406373,1,0
406372,406372,406373,1,0
406372,406372,406374,2,0
406372,406372,406373,1,0
406372,406372,406374,2,0
406372,406372,406373,1,0
406372,406372,406374,2,0
406372,406372,406374,2,0
406372,406372,406374,2,0
406372,406372,406374,2,0
406372,406372,406373,1,0
406372,406372,406373,1,0
406372,406372,406374,2,0
406372,406372,406374,2,0
406372,406372,406374,2,0
406372,406372,406373,1,0
406357,406358,406374,16,1
406357,406358,406373,15,1
406372,406372,406374,2,0
406372,406372,406374,2,0
406372,406372,406374,2,0
406372,406372,406373,1,0
406367,406367,406373,6,0
406367,406367,406375,8,0
406367,406367,406374,7,0
406367,406367,406376,9,0
406367,406367,406376,9,0
406372,406372,406379,7,0
406372,406372,406379,7,0
406367,406367,406380,13,0
406233,406233,406383,150,0
406385,406385,406386,1,0
406385,406385,406386,1,0
406385,406385,406386,1,0
406385,406385,406387,2,0
406385,406385,406386,1,0
406385,406385,406386,1,0
406385,406385,406386,1,0
406385,406385,406386,1,0
406385,406385,406387,2,0
406385,406385,406387,2,0
406385,406385,406386,1,0
406385,406385,406387,2,0
406385,406385,406387,2,0
406385,406385,406386,1,0
406385,406385,406387,2,0
406385,406385,406387,2,0
406385,406385,406387,2,0
406385,406385,406387,2,0
406385,406385,406388,3,0
406243,406243,406391,148,0
406238,406238,406392,154,0
406385,406385,406393,8,0
406385,406385,406393,8,0
406257,406257,406393,136,0
406393,406393,406394,1,0
406393,406393,406394,1,0
406393,406393,406395,2,0
406393,406393,406395,2,0
406393,406393,406394,1,0
406393,406393,406395,2,0
406393,406393,406394,1,0
406393,406393,406395,2,0
406393,406393,406395,2,0
406393,406393,406395,2,0
406393,406393,406395,2,0
406393,406393,406395,2,0
406393,406393,406395,2,0
406393,406393,406395,2,0
406393,406393,406395,2,0
406393,406393,406395,2,0
406396,406396,406397,1,0
406393,406395,406397,2,2
406396,406396,406397,1,0
406396,406396,406398,2,0
406396,406396,406398,2,0
406396,406396,406397,1,0
406396,406396,406397,1,0
406396,406396,406398,2,0
406396,406396,406397,1,0
406396,406396,406398,2,0
406396,406396,406398,2,0
406396,406396,406398,2,0
406396,406396,406397,1,0
406396,406396,406398,2,0
406396,406396,406398,2,0
406396,406396,406397,1,0
406396,406396,406397,1,0
406396,406396,406397,1,0
406396,406396,406398,2,0
406396,406396,406397,1,0
406396,406396,406397,1,0
406396,406396,406397,1,0
406396,406396,406398,2,0
406396,406396,406398,2,0
406396,406396,406398,2,0
406396,406396,406397,1,0
406396,406396,406397,1,0
406396,406396,406397,1,0
406396,406396,406397,1,0
406396,406396,406398,2,0
406396,406396,406398,2,0
406396,406396,406398,2,0
406396,406396,406398,2,0
406396,406396,406397,1,0
406396,406396,406397,1,0
406396,406396,406398,2,0
406396,406396,406398,2,0
406396,406396,406398,2,0
406396,406396,406397,1,0
406396,406396,406397,1,0
406396,406396,406397,1,0
406393,406393,406398,5,0
406393,406393,406398,5,0
406393,406393,406398,5,0
406396,406396,406398,2,0
386949,386949,406399,19450,0
406396,406396,406400,4,0
406396,406396,406399,3,0
406385,406385,406397,12,0
406244,406244,406404,160,0
406405,406405,406406,1,0
406393,406393,406406,13,0
406396,406396,406405,9,0
406405,406405,406406,1,0
406405,406405,406407,2,0
406405,406405,406407,2,0
406405,406405,406407,2,0
406405,406405,406407,2,0
406405,406405,406407,2,0
406405,406405,406407,2,0
406405,406405,406407,2,0
406405,406405,406407,2,0
406405,406405,406407,2,0
406405,406405,406407,2,0
406405,406405,406406,1,0
406405,406405,406407,2,0
406405,406405,406407,2,0
406405,406405,406407,2,0
406405,406405,406408,3,0
406250,406250,406410,160,0
406263,406263,406409,146,0
406405,406405,406411,6,0
406413,406413,406414,1,0
406253,406253,406413,160,0
406413,406413,406414,1,0
406413,406413,406414,1,0
406413,406413,406414,1,0
406405,406405,406412,7,0
406405,406406,406412,6,1
406405,406406,406412,6,1
406405,406406,406412,6,1
406413,406413,406414,1,0
406413,406413,406414,1,0
406413,406413,406415,2,0
406413,406413,406414,1,0
406413,406413,406414,1,0
406413,406413,406414,1,0
406413,406413,406415,2,0
406413,406413,406414,1,0
406413,406413,406415,2,0
406413,406413,406414,1,0
406413,406413,406415,2,0
406413,406413,406414,1,0
406413,406413,406414,1,0
406413,406413,406414,1,0
406413,406413,406414,1,0
406413,406413,406415,2,0
406413,406413,406414,1,0
406413,406413,406414,1,0
406413,406413,406415,2,0
406413,406413,406415,2,0
406413,406413,406414,1,0
406413,406413,406415,2,0
406413,406413,406415,2,0
406393,406393,406414,21,0
406413,406413,406415,2,0
406413,406413,406415,2,0
406413,406413,406415,2,0
406413,406413,406415,2,0
406413,406413,406415,2,0
406413,406413,406415,2,0
406413,406413,406415,2,0
406415,406415,406416,1,0
406415,406415,406416,1,0
406260,406260,406415,155,0
406415,406415,406416,1,0
406415,406415,406416,1,0
406415,406415,406416,1,0
406415,406415,406416,1,0
406415,406415,406417,2,0
406415,406415,406417,2,0
406415,406415,406417,2,0
406415,406415,406417,2,0
406415,406415,406417,2,0
406415,406415,406417,2,0
406415,406415,406417,2,0
406415,406415,406417,2,0
406415,406415,406417,2,0
406415,406415,406417,2,0
406413,406413,406417,4,0
406413,406413,406418,5,0
406413,406413,406418,5,0
406413,406413,406418,5,0
406413,406413,406418,5,0
406413,406413,406418,5,0
406413,406413,406419,6,0
406413,406413,406420,7,0
406413,406413,406420,7,0
406419,406419,406420,1,0
406419,406419,406421,2,0
406419,406419,406421,2,0
406419,406419,406421,2,0
406419,406419,406421,2,0
406419,406419,406421,2,0
406419,406419,406421,2,0
406419,406419,406421,2,0
406419,406419,406421,2,0
406419,406419,406421,2,0
406419,406419,406421,2,0
406419,406419,406421,2,0
406419,406419,406421,2,0
406419,406419,406421,2,0
406419,406419,406421,2,0
406419,406419,406421,2,0
406419,406419,406422,3,0
406419,406419,406422,3,0
406413,406415,406423,8,2
406419,406419,406422,3,0
406415,406415,406423,8,0
406415,406415,406423,8,0
406419,406419,406424,5,0
406419,406419,406424,5,0
406419,406419,406424,5,0
406415,406416,406424,8,1
406415,406416,406424,8,1
406415,406416,406424,8,1
406415,406416,406424,8,1
406334,406334,406425,91,0
406429,406429,406430,1,0
406429,406429,406430,1,0
406429,406429,406430,1,0
406429,406429,406430,1,0
406429,406429,406430,1,0
406429,406429,406430,1,0
406429,406429,406431,2,0
406429,406429,406431,2,0
406429,406429,406431,2,0
406429,406429,406430,1,0
406429,406429,406430,1,0
406429,406429,406430,1,0
406429,406429,406430,1,0
406429,406429,406431,2,0
406429,406429,406431,2,0
406429,406429,406431,2,0
406429,406429,406434,5,0
406429,406429,406434,5,0
406429,406429,406434,5,0
406429,406429,406434,5,0
406341,406341,406438,97,0
406429,406429,406439,10,0
406429,406429,406439,10,0
406439,406439,406440,1,0
406439,406439,406440,1,0
406439,406439,406440,1,0
406439,406439,406440,1,0
406439,406439,406440,1,0
406439,406439,406440,1,0
406439,406439,406440,1,0
406439,406439,406440,1,0
406439,406439,406440,1,0
406439,406439,406441,2,0
406439,406439,406440,1,0
406351,406351,406442,91,0
406439,406439,406442,3,0
406439,406439,406443,4,0
406439,406439,406444,5,0
406439,406439,406444,5,0
406443,406443,406445,2,0
406443,406443,406445,2,0
406443,406443,406445,2,0
406443,406443,406445,2,0
406443,406443,406445,2,0
406443,406443,406445,2,0
406443,406443,406445,2,0
406443,406443,406445,2,0
406443,406443,406445,2,0
406443,406443,406445,2,0
406443,406443,406445,2,0
406443,406443,406445,2,0
406443,406443,406445,2,0
406443,406443,406445,2,0
406443,406443,406445,2,0
406439,406439,406444,5,0
406439,406439,406444,5,0
406439,406439,406444,5,0
406439,406439,406446,7,0
406443,406443,406447,4,0
406439,406441,406448,7,2
406439,406441,406448,7,2
406439,406441,406448,7,2
406443,406446,406448,2,3
406443,406444,406449,5,1
406443,406443,406449,6,0
406443,406443,406449,6,0
406443,406444,406449,5,1
406336,406336,406449,113,0
406443,406444,406450,6,1
406451,406451,406452,1,0
406451,406451,406452,1,0
406451,406451,406452,1,0
406451,406451,406452,1,0
406451,406451,406452,1,0
406451,406451,406452,1,0
406451,406451,406452,1,0
406451,406451,406452,1,0
406451,406451,406453,2,0
406451,406451,406452,1,0
406451,406451,406452,1,0
406451,406451,406452,1,0
406451,406451,406452,1,0
406451,406451,406453,2,0
406451,406451,406453,2,0
406451,406451,406453,2,0
406451,406451,406453,2,0
406451,406451,406454,3,0
406354,406354,406455,101,0
406451,406451,406454,3,0
406451,406451,406455,4,0
406451,406453,406456,3,2
406451,406453,406457,4,2
406456,406456,406457,1,0
406456,406456,406457,1,0
406345,406345,406458,113,0
406456,406456,406458,2,0
406456,406456,406458,2,0
406456,406456,406457,1,0
406456,406456,406458,2,0
406456,406456,406457,1,0
406456,406456,406457,1,0
406456,406456,406458,2,0
406456,406456,406458,2,0
406456,406456,406457,1,0
406456,406456,406458,2,0
406456,406456,406458,2,0
406456,406456,406458,2,0
406456,406456,406458,2,0
406456,406456,406459,3,0
406456,406456,406458,2,0
406456,406456,406459,3,0
406458,406458,406460,2,0
406458,406458,406460,2,0
406458,406458,406460,2,0
406458,406458,406460,2,0
406458,406458,406460,2,0
406458,406458,406460,2,0
406458,406458,406460,2,0
406458,406458,406460,2,0
406458,406458,406460,2,0
406458,406458,406460,2,0
406458,406458,406460,2,0
406458,406458,406460,2,0
406458,406458,406460,2,0
406458,406458,406460,2,0
406458,406458,406460,2,0
406458,406458,406460,2,0
406458,406458,406460,2,0
406458,406458,406460,2,0
406458,406458,406460,2,0
406456,406456,406463,7,0
406456,406456,406464,8,0
406456,406456,406464,8,0
406456,406456,406464,8,0
406458,406458,406464,6,0
406458,406458,406464,6,0
406458,406458,406469,11,0
406386,406386,406473,87,0
406361,406361,406474,113,0
406474,406475,406476,1,1
406474,406475,406476,1,1
406474,406475,406476,1,1
406474,406475,406476,1,1
406474,406475,406477,2,1
406474,406475,406476,1,1
406474,406475,406476,1,1
406474,406475,406476,1,1
406474,406475,406476,1,1
406474,406475,406477,2,1
406474,406475,406476,1,1
406474,406475,406477,2,1
406474,406475,406477,2,1
406474,406475,406476,1,1
406474,406475,406476,1,1
406474,406475,406476,1,1
406474,406475,406477,2,1
406474,406475,406477,2,1
406474,406475,406477,2,1
406478,406478,406480,2,0
406478,406478,406479,1,0
406478,406478,406480,2,0
406478,406478,406479,1,0
406478,406478,406479,1,0
406478,406478,406479,1,0
406478,406478,406479,1,0
406478,406478,406479,1,0
406478,406478,406479,1,0
406478,406478,406479,1,0
406478,406478,406479,1,0
406478,406478,406480,2,0
406478,406478,406479,1,0
406478,406478,406479,1,0
406478,406478,406480,2,0
406478,406478,406479,1,0
406478,406478,406479,1,0
406478,406478,406480,2,0
406478,406478,406480,2,0
406478,406478,406480,2,0
406478,406478,406480,2,0
406474,406479,406480,1,5
406474,406479,406481,2,5
406474,406479,406480,1,5
406478,406478,406480,2,0
406368,406369,406480,111,1
406481,406481,406483,2,0
406481,406481,406483,2,0
406481,406481,406483,2,0
406481,406481,406482,1,0
406481,406481,406483,2,0
406481,406481,406483,2,0
406481,406481,406483,2,0
406481,406481,406482,1,0
406481,406481,406483,2,0
406481,406481,406482,1,0
406481,406481,406483,2,0
406481,406481,406482,1,0
406481,406481,406483,2,0
406481,406481,406483,2,0
406481,406481,406483,2,0
406481,406481,406483,2,0
406481,406481,406483,2,0
406481,406481,406483,2,0
406481,406481,406483,2,0
406481,406481,406483,2,0
406375,406375,406487,112,0
406481,406481,406488,7,0
406490,406490,406491,1,0
406481,406481,406490,9,0
406490,406490,406491,1,0
406490,406490,406491,1,0
406490,406490,406491,1,0
406490,406490,406491,1,0
406490,406490,406491,1,0
406490,406490,406491,1,0
406490,406490,406491,1,0
406490,406490,406492,2,0
406490,406490,406491,1,0
406490,406490,406491,1,0
406490,406490,406492,2,0
406490,406490,406491,1,0
406490,406490,406492,2,0
406490,406490,406491,1,0
406490,406490,406491,1,0
406490,406490,406492,2,0
406490,406490,406492,2,0
406490,406490,406493,3,0
406490,406490,406493,3,0
406357,406357,406494,137,0
406495,406496,406497,1,1
406495,406495,406497,2,0
406495,406496,406497,1,1
406495,406496,406497,1,1
406495,406496,406497,1,1
406495,406496,406498,2,1
406495,406496,406497,1,1
406495,406495,406497,2,0
406495,406496,406497,1,1
406495,406496,406497,1,1
406495,406495,406498,3,0
406495,406496,406498,2,1
406495,406496,406498,2,1
406495,406496,406498,2,1
406490,406490,406498,8,0
406359,406359,406499,140,0
406490,406490,406500,10,0
406495,406501,406502,1,6
406495,406501,406502,1,6
406495,406496,406502,6,1
406495,406496,406502,6,1
406495,406496,406502,6,1
406495,406496,406502,6,1
406495,406496,406502,6,1
406501,406501,406503,2,0
406501,406501,406503,2,0
406501,406501,406503,2,0
406501,406501,406503,2,0
406501,406501,406503,2,0
406501,406501,406503,2,0
406501,406501,406503,2,0
406501,406501,406503,2,0
406501,406501,406503,2,0
406501,406501,406503,2,0
406501,406501,406503,2,0
406495,406501,406503,2,6
406501,406501,406503,2,0
406501,406501,406503,2,0
406501,406501,406503,2,0
406501,406502,406503,1,1
406501,406502,406504,2,1
406501,406502,406504,2,1
406501,406502,406504,2,1
406501,406502,406504,2,1
406501,406502,406504,2,1
406501,406502,406504,2,1
406501,406502,406505,3,1
406412,406415,406506,91,3
406406,406407,406508,101,1
406508,406508,406509,1,0
406508,406508,406509,1,0
406508,406508,406509,1,0
406508,406508,406509,1,0
406508,406508,406509,1,0
406508,406508,406509,1,0
406508,406508,406509,1,0
406508,406508,406509,1,0
406508,406508,406510,2,0
406508,406508,406509,1,0
406508,406508,406510,2,0
406508,406508,406509,1,0
406508,406508,406509,1,0
406508,406508,406509,1,0
406508,406508,406510,2,0
406508,406508,406509,1,0
406508,406508,406513,5,0
406508,406508,406513,5,0
406508,406508,406513,5,0
406513,406513,406514,1,0
406513,406513,406515,2,0
406513,406513,406515,2,0
386924,386924,406515,19591,0
406513,406513,406515,2,0
406513,406513,406514,1,0
406513,406513,406515,2,0
406513,406513,406515,2,0
406513,406513,406515,2,0
406513,406513,406515,2,0
406513,406513,406515,2,0
406414,406414,406515,101,0
406513,406513,406515,2,0
406513,406513,406515,2,0
406513,406513,406515,2,0
406513,406513,406515,2,0
406508,406508,406515,7,0
406508,406508,406515,7,0
406513,406513,406516,3,0
406513,406514,406515,1,1
406513,406514,406515,1,1
406400,406400,406516,116,0
406516,406516,406517,1,0
406516,406516,406517,1,0
406516,406516,406517,1,0
406516,406516,406517,1,0
406516,406516,406517,1,0
406516,406516,406517,1,0
406516,406516,406517,1,0
406516,406516,406517,1,0
406516,406516,406517,1,0
406516,406516,406518,2,0
406516,406516,406518,2,0
406516,406516,406518,2,0
406516,406516,406518,2,0
406518,406518,406519,1,0
406518,406518,406519,1,0
406518,406518,406519,1,0
406518,406518,406519,1,0
406518,406518,406519,1,0
406518,406518,406519,1,0
406518,406518,406519,1,0
406518,406518,406519,1,0
406518,406518,406520,2,0
406518,406518,406519,1,0
406518,406518,406519,1,0
406518,406518,406519,1,0
406518,406518,406519,1,0
406513,406513,406520,7,0
406516,406516,406520,4,0
406513,406513,406520,7,0
406513,406513,406519,6,0
406513,406513,406519,6,0
406516,406516,406520,4,0
406516,406516,406520,4,0
406518,406518,406520,2,0
406508,406508,406521,13,0
406513,406513,406521,8,0
406516,406522,406523,1,6
406516,406516,406524,8,0
406518,406518,406524,6,0
406516,406522,406523,1,6
406518,406522,406524,2,4
406516,406516,406524,8,0
406518,406518,406524,6,0
406518,406518,406524,6,0
406516,406516,406523,7,0
406518,406522,406524,2,4
406516,406516,406526,10,0
406518,406518,406527,9,0
406518,406518,406527,9,0
406518,406518,406527,9,0
386945,386945,406530,19585,0
406420,406420,406532,112,0
406534,406534,406535,1,0
406534,406534,406535,1,0
406534,406534,406535,1,0
406534,406534,406535,1,0
406534,406534,406535,1,0
406534,406534,406535,1,0
406534,406534,406535,1,0
406534,406534,406535,1,0
406534,406534,406535,1,0
406534,406534,406535,1,0
406534,406534,406535,1,0
406534,406534,406535,1,0
406534,406534,406535,1,0
406534,406534,406535,1,0
406534,406534,406535,1,0
406534,406534,406535,1,0
406534,406534,406535,1,0
406534,406534,406535,1,0
406423,406423,406535,112,0
406534,406534,406535,1,0
406534,406534,406535,1,0
406397,406402,406536,134,5
406537,406537,406539,2,0
406537,406537,406539,2,0
406537,406538,406539,1,1
406537,406537,406539,2,0
406537,406537,406538,1,0
406435,406435,406539,104,0
406537,406537,406539,2,0
406537,406537,406539,2,0
406537,406537,406539,2,0
406537,406537,406539,2,0
406430,406430,406539,109,0
406537,406538,406539,1,1
406537,406537,406539,2,0
406537,406537,406539,2,0
406537,406537,406539,2,0
406537,406537,406540,3,0
406537,406537,406539,2,0
406534,406535,406539,4,1
406537,406537,406539,2,0
406537,406537,406539,2,0
406539,406539,406540,1,0
406537,406537,406539,2,0
406444,406445,406540,95,1
406539,406539,406541,2,0
406539,406539,406541,2,0
406539,406539,406540,1,0
406539,406539,406541,2,0
406539,406539,406541,2,0
406539,406539,406540,1,0
406539,406539,406541,2,0
406539,406539,406540,1,0
406539,406539,406541,2,0
406539,406539,406541,2,0
406539,406539,406541,2,0
406539,406539,406541,2,0
406539,406539,406541,2,0
406539,406539,406540,1,0
406440,406440,406541,101,0
406539,406539,406541,2,0
406539,406540,406541,1,1
406539,406539,406541,2,0
406534,406535,406542,7,1
406542,406542,406543,1,0
406542,406542,406543,1,0
406537,406537,406544,7,0
406539,406539,406543,4,0
406542,406542,406543,1,0
406542,406542,406543,1,0
406542,406542,406544,2,0
406542,406542,406544,2,0
406542,406542,406543,1,0
406542,406542,406543,1,0
406542,406542,406543,1,0
406542,406542,406544,2,0
406542,406542,406543,1,0
406542,406542,406543,1,0
406542,406542,406544,2,0
406542,406542,406544,2,0
406542,406542,406544,2,0
406542,406542,406543,1,0
406542,406542,406544,2,0
406542,406542,406544,2,0
406542,406542,406543,1,0
406542,406542,406544,2,0
406542,406542,406543,1,0
406542,406542,406543,1,0
406542,406542,406544,2,0
406542,406542,406543,1,0
406542,406542,406543,1,0
406542,406542,406543,1,0
406542,406542,406544,2,0
406542,406542,406544,2,0
406542,406542,406543,1,0
406542,406542,406543,1,0
406542,406542,406544,2,0
406542,406542,406543,1,0
406542,406542,406543,1,0
406542,406542,406543,1,0
406542,406542,406543,1,0
406542,406542,406544,2,0
406542,406542,406543,1,0
406542,406542,406543,1,0
406537,406537,406544,7,0
406542,406542,406545,3,0
406544,406544,406546,2,0
406544,406544,406546,2,0
406544,406544,406546,2,0
406544,406545,406546,1,1
406544,406544,406546,2,0
406544,406545,406546,1,1
406544,406545,406546,1,1
406544,406544,406546,2,0
406544,406544,406546,2,0
406544,406545,406546,1,1
406544,406544,406546,2,0
406544,406544,406546,2,0
406544,406545,406546,1,1
406544,406545,406546,1,1
406544,406545,406546,1,1
406544,406545,406546,1,1
406544,406545,406546,1,1
406544,406544,406546,2,0
406544,406544,406546,2,0
406537,406537,406546,9,0
406537,406537,406546,9,0
406539,406539,406546,7,0
406539,406539,406546,7,0
406539,406540,406546,6,1
406544,406545,406547,2,1
406544,406545,406546,1,1
406544,406545,406546,1,1
406546,406546,406548,2,0
406546,406547,406548,1,1
406546,406547,406548,1,1
406460,406460,406547,87,0
406542,406542,406547,5,0
406546,406546,406548,2,0
406546,406547,406548,1,1
406546,406547,406548,1,1
406546,406546,406548,2,0
406546,406547,406548,1,1
406546,406546,406548,2,0
406546,406546,406548,2,0
406546,406547,406548,1,1
406546,406547,406548,1,1
406546,406546,406548,2,0
406546,406547,406548,1,1
406546,406547,406548,1,1
406546,406547,406548,1,1
406546,406547,406548,1,1
406546,406547,406549,2,1
406546,406547,406549,2,1
406546,406547,406549,2,1
406546,406547,406549,2,1
406550,406550,406552,2,0
406550,406550,406552,2,0
406550,406550,406552,2,0
406550,406550,406551,1,0
406550,406550,406552,2,0
406550,406550,406551,1,0
406550,406550,406552,2,0
406550,406550,406552,2,0
406550,406550,406552,2,0
406550,406550,406552,2,0
406550,406550,406551,1,0
406550,406550,406552,2,0
406550,406550,406552,2,0
406550,406550,406552,2,0
406550,406550,406552,2,0
406550,406550,406552,2,0
406550,406550,406552,2,0
386923,386924,406552,19628,1
406550,406550,406553,3,0
406550,406550,406553,3,0
406550,406550,406553,3,0
406550,406550,406556,6,0
406542,406546,406555,9,4
406542,406546,406555,9,4
406542,406547,406555,8,5
406542,406547,406555,8,5
406550,406550,406556,6,0
406455,406455,406566,111,0
406567,406567,406568,1,0
406567,406567,406568,1,0
406567,406568,406569,1,1
406567,406567,406569,2,0
406567,406567,406569,2,0
406567,406567,406569,2,0
406567,406567,406569,2,0
406567,406567,406569,2,0
406567,406567,406569,2,0
406567,406567,406569,2,0
406567,406567,406569,2,0
406567,406567,406569,2,0
406567,406567,406569,2,0
406567,406567,406569,2,0
406567,406567,406569,2,0
406567,406568,406569,1,1
406464,406464,406572,108,0
406567,406567,406574,7,0
406567,406567,406575,8,0
406567,406568,406574,6,1
406574,406574,406575,1,0
406574,406574,406576,2,0
406574,406574,406575,1,0
406574,406574,406576,2,0
406574,406574,406575,1,0
406574,406574,406575,1,0
406574,406574,406576,2,0
406574,406574,406576,2,0
406574,406574,406576,2,0
406574,406574,406576,2,0
406574,406574,406576,2,0
406574,406574,406576,2,0
406574,406574,406576,2,0
406574,406574,406576,2,0
406574,406574,406576,2,0
406574,406574,406576,2,0
406574,406574,406576,2,0
406574,406574,406576,2,0
406567,406567,406577,10,0
406567,406567,406578,11,0
406567,406567,406578,11,0
406574,406574,406579,5,0
406574,406574,406582,8,0
406574,406574,406583,9,0
406574,406574,406584,10,0
406479,406479,406585,106,0
406587,406587,406588,1,0
406587,406587,406589,2,0
406587,406587,406589,2,0
406587,406587,406589,2,0
406587,406587,406589,2,0
406587,406587,406589,2,0
406587,406587,406589,2,0
406587,406587,406589,2,0
406587,406587,406589,2,0
406587,406587,406589,2,0
406587,406587,406589,2,0
406587,406588,406589,1,1
406483,406483,406589,106,0
406587,406587,406589,2,0
406587,406588,406589,1,1
406587,406588,406590,2,1
406587,406588,406590,2,1
406590,406590,406592,2,0
406590,406590,406591,1,0
406590,406590,406592,2,0
406590,406590,406591,1,0
406590,406590,406591,1,0
406590,406590,406591,1,0
406590,406590,406592,2,0
406590,406590,406591,1,0
406590,406590,406592,2,0
406590,406590,406592,2,0
406590,406590,406591,1,0
406590,406590,406592,2,0
406590,406590,406592,2,0
406590,406590,406592,2,0
406590,406590,406592,2,0
406590,406590,406592,2,0
406590,406590,406592,2,0
406590,406590,406592,2,0
406590,406590,406592,2,0
406590,406590,406592,2,0
406590,406590,406592,2,0
406587,406588,406593,5,1
406587,406588,406593,5,1
406587,406588,406593,5,1
406587,406590,406595,5,3
406587,406590,406595,5,3
406587,406590,406594,4,3
406590,406590,406595,5,0
386940,386940,406603,19663,0
406509,406509,406603,94,0
406604,406605,406606,1,1
406604,406605,406606,1,1
406604,406605,406606,1,1
406604,406605,406606,1,1
406604,406605,406607,2,1
406604,406605,406606,1,1
406604,406605,406606,1,1
406604,406605,406606,1,1
406604,406605,406606,1,1
406604,406605,406606,1,1
406604,406605,406606,1,1
406604,406605,406606,1,1
406604,406605,406606,1,1
406604,406605,406606,1,1
406604,406605,406606,1,1
406604,406605,406606,1,1
406604,406605,406606,1,1
406604,406605,406606,1,1
406604,406605,406606,1,1
406604,406605,406607,2,1
406604,406605,406607,2,1
406604,406606,406607,1,2
406517,406517,406610,93,0
406497,406497,406611,114,0
406515,406515,406612,97,0
406612,406612,406614,2,0
406612,406613,406614,1,1
406612,406613,406614,1,1
406612,406612,406614,2,0
406612,406612,406614,2,0
406612,406612,406615,3,0
406612,406612,406614,2,0
406612,406612,406614,2,0
406612,406613,406614,1,1
406612,406613,406614,1,1
406612,406612,406615,3,0
406612,406613,406614,1,1
406612,406613,406615,2,1
406612,406613,406614,1,1
406492,406493,406614,121,1
406612,406613,406614,1,1
406612,406613,406614,1,1
406612,406613,406614,1,1
406612,406612,406614,2,0
406612,406613,406614,1,1
406612,406613,406614,1,1
406612,406612,406614,2,0
406612,406613,406614,1,1
406612,406613,406614,1,1
406612,406613,406615,2,1
406612,406613,406614,1,1
406612,406612,406614,2,0
406612,406613,406615,2,1
406612,406613,406614,1,1
406612,406613,406615,2,1
406612,406613,406615,2,1
406612,406613,406614,1,1
406612,406612,406615,3,0
406612,406613,406615,2,1
406612,406613,406615,2,1
406612,406613,406614,1,1
406612,406613,406614,1,1
406612,406612,406615,3,0
406612,406613,406615,2,1
406615,406615,406616,1,0
406612,406613,406615,2,1
406615,406615,406616,1,0
406615,406615,406616,1,0
406615,406615,406617,2,0
406615,406615,406617,2,0
406615,406615,406617,2,0
406615,406615,406617,2,0
406615,406615,406617,2,0
406615,406615,406617,2,0
406615,406615,406616,1,0
406615,406615,406617,2,0
406615,406615,406617,2,0
406615,406615,406617,2,0
406615,406615,406617,2,0
406615,406615,406617,2,0
406612,406612,406617,5,0
406612,406613,406617,4,1
406612,406613,406617,4,1
406612,406613,406617,4,1
406612,406613,406617,4,1
406615,406615,406617,2,0
406615,406615,406617,2,0
406615,406615,406617,2,0
406615,406615,406617,2,0
406615,406615,406617,2,0
406617,406617,406619,2,0
406617,406617,406619,2,0
406617,406617,406619,2,0
406617,406617,406619,2,0
406617,406617,406619,2,0
406617,406617,406619,2,0
406617,406617,406619,2,0
406617,406617,406619,2,0
406617,406617,406619,2,0
406617,406617,406619,2,0
406617,406617,406619,2,0
406617,406617,406619,2,0
406617,406617,406619,2,0
406617,406617,406619,2,0
406617,406618,406619,1,1
406617,406617,406619,2,0
406615,406616,406623,7,1
406615,406616,406623,7,1
406617,406618,406623,5,1
386937,386937,406623,19686,0
406617,406618,406624,6,1
406617,406618,406624,6,1
406519,406519,406624,105,0
406617,406618,406625,7,1
406617,406618,406626,8,1
406617,406618,406626,8,1
406489,406489,406628,139,0
406628,406629,406630,1,1
406628,406629,406631,2,1
406628,406629,406630,1,1
406628,406629,406630,1,1
406629,406629,406631,2,0
406629,406629,406630,1,0
406628,406629,406630,1,1
406628,406629,406630,1,1
406629,406629,406631,2,0
406629,406629,406630,1,0
406628,406629,406630,1,1
406629,406629,406630,1,0
406629,406629,406630,1,0
406629,406629,406630,1,0
406629,406629,406631,2,0
406629,406629,406631,2,0
406629,406629,406630,1,0
406628,406629,406631,2,1
406628,406629,406630,1,1
406629,406629,406631,2,0
406629,406629,406630,1,0
406628,406629,406630,1,1
406628,406629,406630,1,1
406628,406629,406631,2,1
406629,406629,406631,2,0
406629,406629,406631,2,0
406629,406629,406631,2,0
406628,406629,406631,2,1
406628,406629,406630,1,1
406629,406629,406630,1,0
406629,406629,406631,2,0
406629,406629,406630,1,0
406628,406629,406630,1,1
406628,406629,406630,1,1
406628,406629,406630,1,1
406629,406629,406631,2,0
406629,406629,406630,1,0
406628,406629,406631,2,1
406628,406629,406631,2,1
406629,406629,406631,2,0
406628,406629,406632,3,1
406628,406629,406632,3,1
406628,406629,406632,3,1
406629,406629,406632,3,0
406545,406546,406635,89,1
406541,406541,406638,97,0
406640,406640,406641,1,0
406640,406640,406641,1,0
406640,406640,406642,2,0
406640,406640,406642,2,0
406640,406640,406641,1,0
406640,406640,406641,1,0
406640,406640,406642,2,0
406640,406640,406641,1,0
406640,406640,406641,1,0
406640,406640,406641,1,0
406640,406640,406642,2,0
406640,406640,406642,2,0
406640,406640,406641,1,0
406640,406640,406642,2,0
406503,406504,406643,139,1
406640,406640,406642,2,0
406640,406640,406642,2,0
406642,406642,406643,1,0
406642,406642,406644,2,0
406642,406642,406644,2,0
406642,406642,406643,1,0
406642,406642,406643,1,0
406642,406642,406644,2,0
406642,406642,406643,1,0
406642,406642,406643,1,0
406642,406642,406643,1,0
406640,406640,406643,3,0
406640,406640,406644,4,0
406640,406640,406643,3,0
406642,406643,406644,1,1
406642,406642,406644,2,0
406642,406642,406644,2,0
406642,406642,406644,2,0
406642,406642,406644,2,0
406642,406642,406644,2,0
406644,406644,406645,1,0
406642,406642,406644,2,0
406642,406642,406644,2,0
406644,406644,406645,1,0
406642,406642,406645,3,0
406642,406642,406645,3,0
406644,406644,406645,1,0
406644,406644,406645,1,0
406644,406644,406645,1,0
406644,406644,406645,1,0
406644,406644,406645,1,0
406644,406644,406646,2,0
406644,406644,406645,1,0
406644,406644,406646,2,0
406644,406644,406646,2,0
406644,406644,406645,1,0
406644,406644,406645,1,0
406644,406644,406645,1,0
406644,406644,406645,1,0
406644,406644,406645,1,0
406644,406644,406645,1,0
406644,406644,406646,2,0
406644,406644,406645,1,0
406644,406644,406645,1,0
406640,406640,406646,6,0
386931,386931,406647,19716,0
406640,406640,406648,8,0
406640,406640,406647,7,0
406642,406642,406649,7,0
406642,406642,406649,7,0
406642,406643,406649,6,1
406537,406537,406651,114,0
406644,406644,406652,8,0
406644,406644,406652,8,0
406654,406654,406655,1,0
406654,406654,406655,1,0
406654,406654,406655,1,0
406654,406654,406656,2,0
406654,406654,406655,1,0
406654,406654,406656,2,0
406654,406654,406655,1,0
406654,406654,406656,2,0
406654,406654,406656,2,0
406654,406654,406655,1,0
406654,406654,406655,1,0
406654,406654,406656,2,0
406654,406654,406656,2,0
406654,406654,406656,2,0
406654,406654,406658,4,0
406654,406654,406658,4,0
406654,406655,406658,3,1
406654,406655,406661,6,1
406551,406551,406662,111,0
406654,406655,406662,7,1
406654,406655,406662,7,1
406562,406562,406663,101,0
406654,406654,406663,9,0
406654,406654,406663,9,0
406663,406664,406665,1,1
406663,406664,406665,1,1
406663,406664,406665,1,1
406663,406664,406666,2,1
406663,406664,406666,2,1
406663,406664,406665,1,1
406663,406664,406665,1,1
406663,406664,406666,2,1
406663,406664,406665,1,1
406663,406664,406665,1,1
406663,406664,406666,2,1
406663,406664,406665,1,1
406663,406664,406666,2,1
406663,406664,406665,1,1
406663,406664,406666,2,1
406663,406664,406665,1,1
406663,406664,406665,1,1
406663,406664,406665,1,1
406663,406664,406666,2,1
406663,406664,406666,2,1
406663,406664,406665,1,1
406663,406664,406666,2,1
406663,406664,406667,3,1
406663,406664,406666,2,1
406663,406664,406666,2,1
406663,406664,406666,2,1
406663,406664,406667,3,1
406663,406664,406666,2,1
406663,406664,406666,2,1
406663,406664,406666,2,1
406663,406664,406666,2,1
406663,406664,406666,2,1
406663,406664,406666,2,1
406663,406664,406666,2,1
406663,406664,406666,2,1
406663,406664,406666,2,1
406663,406664,406668,4,1
406663,406664,406669,5,1
406663,406664,406670,6,1
406663,406664,406669,5,1
406663,406664,406669,5,1
406663,406664,406671,7,1
406663,406664,406671,7,1
406663,406664,406671,7,1
406582,406582,406675,93,0
406677,406677,406678,1,0
406677,406677,406679,2,0
406677,406677,406678,1,0
406677,406677,406679,2,0
406677,406677,406678,1,0
406677,406677,406678,1,0
406677,406677,406679,2,0
406677,406677,406678,1,0
406677,406677,406679,2,0
406677,406677,406678,1,0
406677,406677,406679,2,0
406677,406677,406679,2,0
406677,406677,406678,1,0
406677,406677,406679,2,0
406677,406677,406679,2,0
406677,406677,406679,2,0
406677,406677,406679,2,0
406677,406677,406679,2,0
406677,406678,406679,1,1
406677,406677,406679,2,0
406677,406677,406680,3,0
406677,406678,406680,2,1
406591,406592,406680,88,1
406682,406682,406683,1,0
406682,406682,406684,2,0
406682,406682,406683,1,0
406682,406682,406684,2,0
406682,406682,406683,1,0
406682,406682,406684,2,0
406682,406682,406683,1,0
406682,406682,406684,2,0
406682,406682,406684,2,0
406682,406682,406684,2,0
406682,406682,406683,1,0
406682,406682,406684,2,0
406682,406682,406684,2,0
406682,406682,406684,2,0
406682,406682,406684,2,0
406682,406682,406684,2,0
406682,406682,406684,2,0
406682,406682,406684,2,0
406682,406682,406684,2,0
406579,406579,406686,107,0
406577,406577,406686,109,0
406566,406567,406688,121,1
406589,406590,406688,98,1
406687,406688,406689,1,1
406687,406688,406689,1,1
406687,406688,406689,1,1
406687,406687,406689,2,0
406687,406687,406689,2,0
406687,406687,406689,2,0
406687,406687,406689,2,0
406687,406688,406689,1,1
406687,406687,406689,2,0
406687,406688,406689,1,1
406687,406687,406689,2,0
406687,406688,406689,1,1
406687,406688,406689,1,1
406687,406688,406689,1,1
406687,406688,406689,1,1
406687,406688,406689,1,1
406689,406689,406690,1,0
406689,406689,406691,2,0
406689,406689,406691,2,0
406689,406690,406691,1,1
406689,406690,406691,1,1
406689,406690,406691,1,1
406689,406690,406691,1,1
406689,406690,406691,1,1
406689,406690,406691,1,1
406689,406689,406691,2,0
406689,406690,406691,1,1
406689,406689,406691,2,0
406689,406690,406691,1,1
406689,406690,406691,1,1
406689,406690,406691,1,1
406689,406690,406691,1,1
406689,406690,406691,1,1
406689,406689,406691,2,0
406689,406689,406691,2,0
406689,406690,406691,1,1
406689,406690,406691,1,1
406689,406690,406691,1,1
406682,406682,406691,9,0
406682,406682,406691,9,0
406682,406682,406691,9,0
406687,406688,406692,4,1
406689,406689,406691,2,0
406689,406689,406691,2,0
406689,406690,406691,1,1
406689,406690,406691,1,1
406689,406689,406691,2,0
406689,406689,406691,2,0
406689,406689,406691,2,0
406689,406689,406691,2,0
406689,406690,406691,1,1
406689,406690,406691,1,1
406687,406688,406692,4,1
406687,406688,406692,4,1
406689,406690,406692,2,1
406691,406692,406693,1,1
406691,406692,406693,1,1
406687,406688,406693,5,1
406691,406692,406693,1,1
406691,406692,406693,1,1
406691,406692,406693,1,1
406689,406693,406694,1,4
406691,406692,406693,1,1
406691,406692,406693,1,1
406691,406692,406693,1,1
406691,406692,406693,1,1
406691,406692,406693,1,1
406691,406692,406693,1,1
406691,406692,406693,1,1
406691,406692,406693,1,1
406691,406692,406694,2,1
406691,406692,406694,2,1
406691,406692,406693,1,1
406691,406692,406693,1,1
406691,406692,406693,1,1
406691,406692,406693,1,1
406687,406688,406694,6,1
406687,406688,406693,5,1
406689,406690,406694,4,1
406689,406690,406694,4,1
406689,406690,406694,4,1
406689,406690,406694,4,1
406691,406692,406694,2,1
406689,406693,406694,1,4
406558,406558,406696,138,0
406689,406689,406691,2,0
406689,406690,406691,1,1
406689,406690,406691,1,1
406689,406690,406691,1,1
406689,406690,406691,1,1
406691,406696,406698,2,5
406698,406698,406699,1,0
406698,406698,406700,2,0
406698,406698,406700,2,0
406698,406698,406700,2,0
406698,406698,406700,2,0
406698,406698,406700,2,0
406698,406698,406700,2,0
406698,406698,406700,2,0
406698,406698,406700,2,0
406698,406698,406700,2,0
406698,406698,406700,2,0
406698,406698,406700,2,0
406698,406698,406700,2,0
406698,406698,406700,2,0
406698,406698,406700,2,0
406607,406607,406701,94,0
406698,406698,406700,2,0
406698,406698,406701,3,0
406698,406698,406702,4,0
406698,406698,406701,3,0
406698,406698,406702,4,0
406698,406698,406703,5,0
406698,406698,406704,6,0
406621,406621,406705,84,0
406705,406705,406707,2,0
406705,406705,406707,2,0
406705,406705,406707,2,0
406705,406705,406707,2,0
406705,406705,406706,1,0
406705,406705,406707,2,0
406705,406705,406706,1,0
406705,406705,406707,2,0
406705,406705,406707,2,0
406705,406705,406707,2,0
406705,406705,406707,2,0
406705,406705,406707,2,0
406705,406705,406707,2,0
406705,406705,406706,1,0
406705,406705,406707,2,0
406705,406705,406706,1,0
406705,406706,406708,2,1
406705,406707,406708,1,2
406705,406707,406708,1,2
406614,406614,406708,94,0
406710,406710,406712,2,0
406710,406710,406712,2,0
406710,406710,406712,2,0
406710,406710,406712,2,0
406710,406710,406712,2,0
406710,406710,406712,2,0
406710,406710,406712,2,0
406710,406710,406712,2,0
406710,406710,406712,2,0
406710,406710,406712,2,0
406710,406711,406712,1,1
406710,406710,406712,2,0
406710,406710,406712,2,0
406710,406711,406712,1,1
406710,406710,406712,2,0
406710,406710,406712,2,0
406710,406711,406712,1,1
406710,406710,406713,3,0
406710,406710,406713,3,0
406710,406710,406713,3,0
406710,406710,406713,3,0
406710,406710,406713,3,0
406710,406710,406713,3,0
406710,406710,406713,3,0
406710,406711,406713,2,1
406710,406711,406713,2,1
406710,406710,406713,3,0
406710,406710,406713,3,0
406710,406711,406713,2,1
406710,406710,406714,4,0
406710,406710,406713,3,0
406710,406710,406713,3,0
406710,406711,406713,2,1
406710,406710,406713,3,0
406710,406710,406713,3,0
406710,406710,406713,3,0
406710,406710,406713,3,0
406710,406710,406713,3,0
406710,406710,406713,3,0
406710,406710,406713,3,0
406710,406711,406713,2,1
406710,406710,406713,3,0
406710,406711,406713,2,1
406616,406616,406715,99,0
406705,406706,406718,12,1
406720,406720,406721,1,0
406720,406720,406722,2,0
406720,406720,406722,2,0
406720,406720,406722,2,0
406720,406720,406721,1,0
406720,406720,406722,2,0
406720,406720,406721,1,0
406720,406720,406722,2,0
406720,406720,406722,2,0
406720,406720,406721,1,0
406720,406720,406722,2,0
406720,406720,406722,2,0
406720,406720,406721,1,0
406720,406720,406722,2,0
406720,406720,406722,2,0
406720,406720,406721,1,0
406720,406720,406722,2,0
406720,406720,406722,2,0
406720,406720,406722,2,0
406720,406720,406722,2,0
406720,406720,406721,1,0
406705,406705,406719,14,0
406705,406705,406720,15,0
406710,406710,406721,11,0
406720,406723,406729,6,3
406630,406630,406729,99,0
406643,406643,406733,90,0
406737,406738,406739,1,1
406737,406738,406739,1,1
406737,406738,406740,2,1
406737,406738,406740,2,1
406737,406738,406739,1,1
406738,406738,406740,2,0
406738,406738,406740,2,0
406737,406738,406739,1,1
406737,406738,406739,1,1
406738,406738,406740,2,0
406738,406738,406740,2,0
406737,406738,406739,1,1
406738,406738,406739,1,0
406738,406738,406739,1,0
406738,406738,406739,1,0
406737,406738,406739,1,1
406738,406738,406740,2,0
406738,406738,406739,1,0
406737,406738,406739,1,1
406737,406738,406739,1,1
406738,406738,406739,1,0
406738,406738,406740,2,0
406738,406738,406740,2,0
406737,406738,406740,2,1
406737,406738,406739,1,1
406738,406738,406740,2,0
406738,406738,406740,2,0
406737,406738,406740,2,1
406737,406738,406739,1,1
406738,406738,406740,2,0
406738,406738,406740,2,0
406738,406738,406739,1,0
406737,406738,406740,2,1
406737,406738,406740,2,1
406737,406738,406739,1,1
406738,406738,406740,2,0
406738,406738,406740,2,0
406737,406738,406740,2,1
406738,406738,406740,2,0
406738,406738,406740,2,0
406738,406738,406740,2,0
406646,406646,406741,95,0
406743,406743,406745,2,0
406743,406743,406745,2,0
406743,406743,406745,2,0
406743,406743,406745,2,0
406743,406743,406745,2,0
406743,406743,406745,2,0
406743,406743,406745,2,0
406743,406743,406745,2,0
406743,406743,406745,2,0
406743,406743,406745,2,0
406743,406743,406745,2,0
406743,406743,406745,2,0
406743,406743,406745,2,0
406743,406743,406745,2,0
406743,406743,406745,2,0
406737,406738,406745,7,1
406737,406738,406745,7,1
406737,406738,406745,7,1
406743,406743,406746,3,0
406649,406649,406748,99,0
406743,406743,406749,6,0
406743,406744,406749,5,1
406743,406744,406749,5,1
406743,406743,406750,7,0
406743,406744,406750,6,1
406743,406744,406750,6,1
406750,406750,406751,1,0
406750,406750,406752,2,0
406750,406750,406751,1,0
406637,406637,406751,114,0
406750,406750,406751,1,0
406750,406750,406751,1,0
406750,406750,406752,2,0
406750,406750,406752,2,0
406750,406750,406751,1,0
406750,406750,406751,1,0
406750,406750,406751,1,0
406750,406750,406751,1,0
406750,406750,406752,2,0
406750,406750,406752,2,0
406750,406750,406752,2,0
406750,406750,406752,2,0
406750,406750,406752,2,0
406750,406750,406752,2,0
406750,406750,406752,2,0
406750,406750,406752,2,0
406750,406750,406751,1,0
406750,406750,406754,4,0
406750,406750,406753,3,0
386933,386934,406755,19821,1
406753,406753,406755,2,0
406753,406753,406755,2,0
406753,406753,406755,2,0
406753,406753,406755,2,0
406753,406753,406755,2,0
406753,406753,406755,2,0
406753,406753,406755,2,0
406753,406753,406755,2,0
406753,406753,406755,2,0
406753,406754,406755,1,1
406753,406753,406755,2,0
406753,406754,406755,1,1
406753,406753,406755,2,0
406753,406754,406756,2,1
406753,406754,406755,1,1
406753,406753,406756,3,0
406753,406753,406756,3,0
406753,406758,406759,1,5
406753,406758,406760,2,5
406753,406758,406759,1,5
406753,406754,406760,6,1
406753,406754,406760,6,1
406668,406668,406760,92,0
406665,406665,406763,98,0
406655,406655,406765,110,0
406764,406765,406766,1,1
406764,406765,406766,1,1
406764,406765,406766,1,1
406764,406765,406766,1,1
406764,406765,406766,1,1
406764,406765,406766,1,1
406764,406765,406766,1,1
406764,406765,406766,1,1
406764,406765,406766,1,1
406764,406765,406767,2,1
406764,406765,406766,1,1
406764,406765,406766,1,1
406764,406765,406766,1,1
406764,406765,406766,1,1
406764,406765,406767,2,1
406764,406765,406767,2,1
406764,406765,406766,1,1
406764,406765,406767,2,1
406764,406765,406767,2,1
406764,406765,406767,2,1
406767,406767,406768,1,0
406767,406767,406768,1,0
406767,406767,406768,1,0
406767,406767,406768,1,0
406767,406767,406769,2,0
406767,406767,406768,1,0
406767,406767,406769,2,0
406767,406767,406768,1,0
406767,406767,406768,1,0
406767,406767,406768,1,0
406767,406767,406769,2,0
406767,406767,406768,1,0
406767,406767,406768,1,0
406767,406767,406768,1,0
406767,406767,406768,1,0
406767,406767,406769,2,0
406767,406767,406768,1,0
406767,406767,406768,1,0
406767,406767,406768,1,0
406767,406767,406768,1,0
406767,406767,406768,1,0
406683,406683,406770,87,0
406769,406769,406771,2,0
406769,406770,406771,1,1
406769,406770,406771,1,1
406769,406770,406771,1,1
406769,406769,406771,2,0
406769,406770,406771,1,1
406769,406770,406771,1,1
406769,406770,406771,1,1
406769,406770,406771,1,1
406769,406770,406771,1,1
406769,406770,406771,1,1
406769,406770,406771,1,1
406769,406770,406771,1,1
406769,406770,406772,2,1
406769,406770,406771,1,1
406769,406769,406772,3,0
406769,406770,406772,2,1
406769,406770,406772,2,1
406769,406770,406772,2,1
406769,406769,406772,3,0
406769,406770,406772,2,1
406769,406770,406772,2,1
406772,406772,406774,2,0
406772,406772,406773,1,0
406772,406772,406774,2,0
406772,406772,406774,2,0
406772,406772,406773,1,0
406772,406772,406774,2,0
406772,406772,406774,2,0
406772,406772,406774,2,0
406772,406772,406774,2,0
406772,406772,406773,1,0
406772,406772,406774,2,0
406772,406772,406774,2,0
406772,406772,406774,2,0
406772,406772,406774,2,0
406772,406772,406774,2,0
406772,406772,406773,1,0
406772,406772,406775,3,0
406772,406772,406774,2,0
406772,406772,406774,2,0
406772,406772,406775,3,0
406772,406774,406776,2,2
406772,406774,406775,1,2
406652,406652,406777,125,0
406779,406779,406780,1,0
406779,406779,406781,2,0
406779,406779,406780,1,0
406779,406779,406781,2,0
406779,406779,406781,2,0
406779,406779,406781,2,0
406779,406779,406781,2,0
406779,406779,406781,2,0
406779,406779,406781,2,0
406779,406779,406781,2,0
406779,406779,406781,2,0
406779,406779,406781,2,0
406779,406779,406781,2,0
406690,406691,406782,91,1
406779,406781,406783,2,2
406779,406782,406784,2,3
406779,406782,406783,1,3
406779,406779,406784,5,0
406779,406780,406783,3,1
406779,406780,406783,3,1
406764,406766,406786,20,2
406767,406767,406786,19,0
406764,406766,406787,21,2
406779,406779,406786,7,0
406779,406780,406786,6,1
406779,406780,406786,6,1
406785,406786,406787,1,1
406785,406786,406787,1,1
406785,406786,406787,1,1
406785,406786,406787,1,1
406785,406786,406787,1,1
406785,406786,406787,1,1
406785,406786,406787,1,1
406785,406786,406787,1,1
406785,406786,406787,1,1
406785,406786,406787,1,1
406785,406786,406787,1,1
406785,406786,406787,1,1
406785,406786,406787,1,1
406785,406786,406787,1,1
406785,406786,406788,2,1
406785,406786,406788,2,1
406785,406786,406787,1,1
406785,406786,406788,2,1
406785,406786,406788,2,1
406785,406786,406789,3,1
406785,406786,406790,4,1
406785,406786,406794,8,1
406721,406721,406815,94,0
406817,406817,406818,1,0
406817,406817,406818,1,0
406817,406817,406819,2,0
406817,406817,406819,2,0
406817,406817,406818,1,0
406817,406817,406819,2,0
406817,406817,406819,2,0
406817,406817,406819,2,0
406817,406817,406819,2,0
406817,406817,406818,1,0
406817,406817,406819,2,0
406817,406817,406819,2,0
406817,406817,406819,2,0
406817,406817,406819,2,0
406817,406817,406818,1,0
406817,406817,406819,2,0
406817,406817,406819,2,0
406817,406817,406818,1,0
406817,406817,406819,2,0
406817,406817,406819,2,0
406817,406817,406819,2,0
406706,406706,406820,114,0
406680,406680,406821,141,0
406821,406821,406823,2,0
406821,406821,406823,2,0
406821,406821,406823,2,0
406821,406821,406823,2,0
406821,406821,406823,2,0
406821,406821,406823,2,0
406821,406821,406823,2,0
406821,406821,406823,2,0
406821,406821,406823,2,0
406821,406821,406823,2,0
406821,406821,406823,2,0
406821,406821,406823,2,0
406821,406821,406822,1,0
406821,406821,406823,2,0
406821,406821,406823,2,0
406821,406821,406822,1,0
406821,406821,406823,2,0
406821,406821,406823,2,0
406821,406821,406823,2,0
406817,406822,406825,3,5
406824,406824,406825,1,0
406824,406824,406826,2,0
406824,406824,406826,2,0
406824,406824,406826,2,0
406824,406824,406825,1,0
406824,406824,406826,2,0
406824,406824,406826,2,0
406824,406824,406826,2,0
406824,406824,406826,2,0
406824,406824,406826,2,0
406824,406824,406825,1,0
406824,406824,406826,2,0
406824,406824,406826,2,0
406824,406824,406825,1,0
406824,406824,406826,2,0
406824,406824,406827,3,0
406824,406824,406826,2,0
406821,406821,406828,7,0
406821,406822,406828,6,1
406821,406822,406827,5,1
406824,406824,406829,5,0
406824,406825,406828,3,1
406744,406745,406829,84,1
406824,406828,406829,1,4
406824,406828,406829,1,4
406824,406828,406830,2,4
406727,406728,406832,104,1
406831,406831,406832,1,0
406831,406831,406832,1,0
406831,406831,406832,1,0
406831,406831,406832,1,0
406831,406831,406833,2,0
406831,406831,406832,1,0
406831,406831,406833,2,0
406831,406831,406832,1,0
406831,406831,406832,1,0
406831,406831,406833,2,0
406831,406831,406832,1,0
406695,406696,406832,136,1
406700,406700,406832,132,0
406831,406831,406832,1,0
406831,406831,406832,1,0
406831,406831,406832,1,0
406831,406831,406832,1,0
406834,406834,406835,1,0
406834,406834,406835,1,0
406834,406834,406835,1,0
406834,406834,406835,1,0
406834,406834,406835,1,0
406834,406834,406836,2,0
406834,406834,406835,1,0
406831,406831,406836,5,0
406831,406831,406836,5,0
406831,406831,406835,4,0
406834,406834,406835,1,0
406834,406834,406836,2,0
406834,406834,406836,2,0
406834,406834,406835,1,0
406834,406834,406836,2,0
406834,406834,406836,2,0
406834,406834,406836,2,0
406834,406834,406836,2,0
406834,406834,406836,2,0
406834,406834,406836,2,0
406834,406834,406836,2,0
406834,406834,406836,2,0
406834,406834,406836,2,0
406834,406834,406836,2,0
406834,406834,406836,2,0
406834,406835,406836,1,1
406834,406834,406836,2,0
406834,406834,406835,1,0
406834,406834,406836,2,0
406834,406834,406836,2,0
406834,406834,406836,2,0
406834,406834,406836,2,0
406834,406834,406836,2,0
406834,406834,406836,2,0
406834,406834,406836,2,0
406834,406834,406836,2,0
406834,406834,406836,2,0
406834,406834,406836,2,0
406834,406834,406836,2,0
406834,406835,406837,2,1
406834,406835,406836,1,1
406831,406834,406837,3,3
406834,406835,406837,2,1
406834,406835,406837,2,1
406834,406834,406837,3,0
406837,406837,406839,2,0
406837,406837,406838,1,0
406837,406837,406838,1,0
406837,406837,406839,2,0
406837,406837,406839,2,0
406837,406837,406839,2,0
406837,406837,406839,2,0
406837,406837,406839,2,0
406837,406837,406839,2,0
406837,406837,406839,2,0
406837,406837,406838,1,0
406837,406837,406839,2,0
406837,406837,406838,1,0
406837,406837,406838,1,0
406837,406837,406839,2,0
406837,406837,406839,2,0
406837,406837,406839,2,0
406831,406831,406838,7,0
406831,406831,406838,7,0
406831,406831,406838,7,0
406834,406834,406839,5,0
406834,406835,406838,3,1
406837,406837,406839,2,0
406834,406834,406840,6,0
406837,406837,406839,2,0
406837,406837,406839,2,0
406837,406837,406840,3,0
406837,406837,406840,3,0
406751,406751,406840,89,0
406723,406724,406842,118,1
386937,386937,406844,19907,0
406843,406843,406844,1,0
406843,406843,406845,2,0
406843,406843,406844,1,0
406843,406843,406844,1,0
406843,406843,406844,1,0
406843,406843,406844,1,0
406843,406843,406845,2,0
406843,406843,406844,1,0
406843,406843,406845,2,0
406843,406843,406845,2,0
406843,406843,406844,1,0
406843,406843,406845,2,0
406843,406843,406845,2,0
406843,406843,406844,1,0
406843,406843,406845,2,0
406843,406843,406844,1,0
406843,406843,406844,1,0
406846,406847,406848,1,1
406846,406847,406848,1,1
406846,406847,406848,1,1
406846,406847,406848,1,1
406846,406847,406848,1,1
406846,406847,406848,1,1
406846,406847,406848,1,1
406846,406847,406848,1,1
406846,406847,406848,1,1
406846,406847,406849,2,1
406846,406847,406848,1,1
406846,406847,406848,1,1
406846,406847,406849,2,1
406846,406847,406848,1,1
406846,406847,406848,1,1
406843,406843,406849,6,0
406843,406843,406848,5,0
406846,406847,406849,2,1
406846,406847,406848,1,1
406846,406847,406849,2,1
406846,406847,406849,2,1
406846,406847,406849,2,1
406843,406843,406851,8,0
406843,406843,406850,7,0
406843,406844,406850,6,1
406846,406847,406851,4,1
406846,406847,406850,3,1
406741,406742,406852,110,1
406853,406853,406855,2,0
406853,406853,406855,2,0
406853,406853,406855,2,0
406853,406853,406855,2,0
406853,406853,406855,2,0
406853,406853,406855,2,0
406853,406853,406855,2,0
406853,406853,406856,3,0
406853,406853,406856,3,0
406853,406853,406856,3,0
406853,406853,406856,3,0
406853,406853,406856,3,0
406853,406853,406856,3,0
406853,406853,406856,3,0
406853,406853,406856,3,0
406853,406853,406856,3,0
406853,406853,406856,3,0
406853,406853,406856,3,0
406853,406853,406856,3,0
406853,406853,406860,7,0
406769,406769,406861,92,0
406862,406862,406863,1,0
406862,406862,406863,1,0
406862,406862,406863,1,0
406862,406862,406864,2,0
406862,406862,406864,2,0
406853,406853,406861,8,0
406853,406854,406861,7,1
406862,406862,406864,2,0
406862,406862,406864,2,0
406862,406862,406863,1,0
406862,406862,406863,1,0
406862,406862,406864,2,0
406862,406862,406863,1,0
406862,406862,406864,2,0
406862,406862,406864,2,0
406862,406862,406863,1,0
406862,406862,406864,2,0
406862,406862,406863,1,0
406862,406862,406864,2,0
406862,406862,406864,2,0
406862,406862,406864,2,0
406862,406862,406863,1,0
406781,406782,406865,83,1
406774,406775,406869,94,1
406868,406869,406870,1,1
406868,406869,406870,1,1
406868,406869,406870,1,1
406868,406869,406870,1,1
406868,406869,406870,1,1
406868,406869,406870,1,1
406868,406869,406870,1,1
406868,406869,406870,1,1
406868,406869,406870,1,1
406868,406869,406870,1,1
406868,406869,406870,1,1
406868,406869,406870,1,1
406868,406869,406870,1,1
406868,406869,406871,2,1
406868,406869,406870,1,1
406868,406869,406870,1,1
406871,406871,406872,1,0
406868,406869,406871,2,1
406871,406871,406872,1,0
406871,406871,406872,1,0
406871,406871,406872,1,0
406871,406871,406873,2,0
406871,406871,406872,1,0
406871,406871,406872,1,0
406871,406871,406872,1,0
406871,406871,406872,1,0
406871,406871,406872,1,0
406871,406871,406873,2,0
406871,406871,406872,1,0
406871,406871,406873,2,0
406871,406871,406872,1,0
406871,406871,406873,2,0
406871,406871,406873,2,0
406871,406871,406873,2,0
406871,406871,406873,2,0
406871,406871,406873,2,0
406871,406871,406872,1,0
406871,406871,406874,3,0
406871,406871,406874,3,0
406868,406871,406878,7,3
406868,406871,406879,8,3
406868,406871,406879,8,3
406862,406865,406880,15,3
406784,406785,406880,95,1
406862,406865,406881,16,3
406868,406869,406884,15,1
406868,406869,406884,15,1
406886,406886,406888,2,0
406886,406886,406887,1,0
406886,406886,406888,2,0
406886,406886,406888,2,0
406886,406886,406888,2,0
406886,406886,406888,2,0
406886,406886,406888,2,0
406886,406886,406888,2,0
406886,406886,406888,2,0
406886,406886,406888,2,0
406886,406886,406888,2,0
406886,406886,406888,2,0
406886,406886,406888,2,0
406886,406886,406888,2,0
406886,406886,406889,3,0
406886,406887,406888,1,1
406886,406891,406893,2,5
406886,406891,406893,2,5
406886,406891,406894,3,5
406740,406740,406899,159,0
406886,406887,406899,12,1
406886,406886,406899,13,0
406886,406887,406899,12,1
406901,406902,406903,1,1
406901,406902,406904,2,1
406901,406902,406903,1,1
406901,406902,406903,1,1
406901,406902,406903,1,1
406901,406902,406903,1,1
406901,406902,406904,2,1
406901,406902,406903,1,1
406901,406902,406904,2,1
406901,406902,406903,1,1
406901,406902,406903,1,1
406901,406902,406903,1,1
406901,406902,406903,1,1
406901,406902,406903,1,1
406901,406902,406903,1,1
406901,406902,406903,1,1
406901,406902,406904,2,1
406901,406902,406904,2,1
406901,406902,406905,3,1
406901,406902,406911,9,1
406763,406763,406913,150,0
406901,406902,406913,11,1
406901,406902,406914,12,1
406917,406918,406919,1,1
406917,406917,406919,2,0
406917,406918,406919,1,1
406917,406918,406919,1,1
406917,406918,406919,1,1
406917,406918,406919,1,1
406917,406918,406919,1,1
406917,406918,406919,1,1
406917,406917,406919,2,0
406917,406918,406919,1,1
406917,406918,406919,1,1
406917,406918,406919,1,1
406917,406918,406919,1,1
406917,406918,406919,1,1
406917,406918,406919,1,1
406917,406918,406919,1,1
406917,406918,406919,1,1
406917,406917,406919,2,0
406917,406918,406922,4,1
406917,406917,406921,4,0
406836,406836,406922,86,0
406917,406918,406922,4,1
406917,406918,406922,4,1
406924,406924,406925,1,0
406924,406924,406925,1,0
406924,406924,406926,2,0
406924,406924,406926,2,0
406924,406925,406926,1,1
406924,406924,406926,2,0
406924,406924,406926,2,0
406924,406924,406925,1,0
406924,406924,406926,2,0
406924,406924,406926,2,0
406924,406924,406926,2,0
406924,406924,406926,2,0
406924,406924,406926,2,0
406924,406924,406925,1,0
406924,406924,406926,2,0
406924,406924,406926,2,0
406758,406758,406928,170,0
406924,406929,406931,2,5
406924,406929,406932,3,5
406924,406929,406931,2,5
406929,406930,406931,1,1
406929,406930,406931,1,1
406929,406930,406932,2,1
406929,406930,406931,1,1
406929,406930,406932,2,1
406929,406930,406932,2,1
406929,406930,406931,1,1
406929,406930,406931,1,1
406929,406930,406931,1,1
406929,406930,406931,1,1
406929,406930,406932,2,1
406929,406930,406932,2,1
406929,406930,406931,1,1
406929,406930,406931,1,1
406929,406930,406931,1,1
406929,406930,406931,1,1
406924,406924,406932,8,0
406924,406924,406932,8,0
406924,406924,406932,8,0
406818,406818,406934,116,0
406929,406930,406934,4,1
406929,406930,406934,4,1
406929,406930,406933,3,1
406825,406826,406935,109,1
406823,406823,406935,112,0
406936,406936,406937,1,0
406936,406936,406937,1,0
406936,406936,406937,1,0
406936,406936,406937,1,0
406936,406936,406937,1,0
406936,406936,406938,2,0
406936,406936,406938,2,0
406936,406936,406937,1,0
406936,406936,406938,2,0
406936,406936,406938,2,0
406936,406937,406938,1,1
406936,406937,406938,1,1
406929,406930,406937,7,1
406929,406930,406938,8,1
406936,406936,406938,2,0
406936,406936,406937,1,0
406936,406936,406938,2,0
406936,406936,406938,2,0
406936,406936,406938,2,0
406936,406936,406938,2,0
406936,406936,406938,2,0
406936,406936,406938,2,0
406936,406937,406938,1,1
406936,406936,406938,2,0
406936,406936,406938,2,0
406936,406936,406938,2,0
406936,406936,406938,2,0
406936,406936,406938,2,0
406936,406936,406938,2,0
406929,406930,406938,8,1
406936,406936,406938,2,0
406936,406936,406938,2,0
406936,406936,406938,2,0
406936,406937,406938,1,1
406939,406939,406940,1,0
406936,406936,406939,3,0
406936,406937,406939,2,1
406936,406937,406939,2,1
406939,406939,406940,1,0
406939,406939,406940,1,0
406939,406939,406940,1,0
406939,406939,406941,2,0
406939,406939,406940,1,0
406939,406939,406940,1,0
406939,406939,406941,2,0
406939,406939,406941,2,0
406939,406939,406940,1,0
406939,406939,406941,2,0
406939,406939,406940,1,0
406939,406939,406940,1,0
406939,406939,406941,2,0
406939,406939,406941,2,0
406939,406939,406940,1,0
406939,406939,406940,1,0
406936,406937,406940,3,1
406787,406788,406943,155,1
406936,406936,406942,6,0
406936,406936,406942,6,0
406936,406937,406942,5,1
406936,406937,406942,5,1
406936,406938,406943,5,2
406936,406941,406942,1,5
406936,406941,406942,1,5
406936,406941,406942,1,5
406839,406841,406943,102,2
406936,406938,406943,5,2
406939,406939,406946,7,0
406946,406946,406948,2,0
406946,406946,406948,2,0
406946,406946,406948,2,0
406946,406946,406948,2,0
406946,406946,406948,2,0
406946,406946,406948,2,0
406946,406947,406948,1,1
406939,406940,406948,8,1
406946,406946,406948,2,0
406946,406946,406948,2,0
406946,406946,406948,2,0
406946,406947,406948,1,1
406946,406947,406948,1,1
406946,406946,406948,2,0
406946,406946,406948,2,0
406946,406946,406948,2,0
406946,406946,406948,2,0
406946,406946,406948,2,0
406939,406939,406947,8,0
406939,406939,406947,8,0
406946,406946,406948,2,0
406946,406946,406948,2,0
406946,406946,406948,2,0
406946,406946,406948,2,0
406946,406946,406947,1,0
406946,406946,406948,2,0
406946,406946,406948,2,0
406946,406946,406948,2,0
406946,406946,406949,3,0
406946,406946,406948,2,0
406946,406946,406948,2,0
406946,406946,406948,2,0
406946,406946,406948,2,0
406946,406946,406948,2,0
406946,406946,406948,2,0
406946,406946,406948,2,0
406946,406946,406948,2,0
406946,406946,406948,2,0
406946,406946,406948,2,0
406939,406940,406948,8,1
406766,406766,406949,183,0
406946,406946,406949,3,0
406946,406946,406949,3,0
406946,406946,406949,3,0
406946,406947,406949,2,1
406792,406793,406950,157,1
406946,406946,406951,5,0
406946,406946,406951,5,0
406946,406946,406951,5,0
406946,406947,406951,4,1
406955,406956,406957,1,1
406955,406956,406957,1,1
406955,406956,406957,1,1
406955,406956,406957,1,1
406955,406956,406957,1,1
406955,406956,406957,1,1
406955,406956,406957,1,1
406955,406956,406957,1,1
406955,406956,406957,1,1
406955,406956,406957,1,1
406955,406956,406957,1,1
406955,406956,406957,1,1
406955,406956,406958,2,1
406955,406956,406957,1,1
406955,406956,406958,2,1
406955,406956,406958,2,1
406955,406959,406961,2,4
406955,406959,406961,2,4
406955,406960,406962,2,5
406960,406960,406962,2,0
406960,406960,406962,2,0
406960,406960,406962,2,0
406960,406960,406962,2,0
406960,406960,406962,2,0
406960,406960,406961,1,0
406960,406960,406962,2,0
406960,406960,406962,2,0
406960,406960,406961,1,0
406960,406960,406962,2,0
406960,406960,406962,2,0
406955,406956,406962,6,1
406960,406960,406962,2,0
406960,406960,406962,2,0
406960,406960,406963,3,0
406960,406960,406962,2,0
406960,406960,406962,2,0
406960,406960,406963,3,0
406960,406960,406966,6,0
406960,406960,406966,6,0
406955,406956,406963,7,1
406955,406956,406962,6,1
406960,406960,406965,5,0
406960,406960,406965,5,0
406960,406960,406967,7,0
406848,406849,406968,119,1
406969,406970,406971,1,1
406969,406970,406971,1,1
406969,406970,406971,1,1
406969,406970,406971,1,1
406969,406970,406972,2,1
406969,406970,406971,1,1
406969,406970,406971,1,1
406969,406970,406972,2,1
406969,406970,406971,1,1
406969,406970,406972,2,1
406969,406970,406972,2,1
406969,406970,406973,3,1
406969,406970,406972,2,1
406969,406970,406972,2,1
406969,406970,406972,2,1
406969,406970,406972,2,1
406855,406855,406974,119,0
406861,406865,406976,111,4
406969,406970,406976,6,1
406969,406970,406976,6,1
406969,406970,406975,5,1
406975,406975,406977,2,0
406866,406866,406977,111,0
406975,406975,406977,2,0
406975,406975,406977,2,0
406975,406975,406976,1,0
406975,406975,406977,2,0
406975,406975,406977,2,0
406975,406975,406977,2,0
406975,406975,406977,2,0
406975,406975,406977,2,0
406975,406975,406978,3,0
406975,406976,406977,1,1
406975,406976,406977,1,1
406975,406976,406977,1,1
406975,406976,406978,2,1
406969,406970,406977,7,1
406969,406970,406977,7,1
406969,406970,406977,7,1
406975,406976,406978,2,1
406975,406976,406978,2,1
406975,406977,406978,1,2
406978,406978,406980,2,0
406975,406976,406978,2,1
406975,406976,406978,2,1
406978,406978,406979,1,0
406978,406978,406980,2,0
406978,406978,406980,2,0
406978,406978,406980,2,0
406978,406978,406980,2,0
406978,406978,406980,2,0
406978,406978,406980,2,0
406978,406978,406980,2,0
406978,406978,406979,1,0
406978,406978,406980,2,0
406978,406978,406980,2,0
406978,406978,406980,2,0
406978,406978,406981,3,0
406978,406978,406980,2,0
406978,406978,406981,3,0
406978,406978,406980,2,0
406978,406978,406980,2,0
406978,406978,406981,3,0
406978,406978,406981,3,0
406982,406983,406984,1,1
406982,406982,406984,2,0
406982,406982,406983,1,0
406982,406982,406984,2,0
406982,406982,406984,2,0
406982,406982,406984,2,0
406982,406983,406984,1,1
406982,406982,406984,2,0
406982,406982,406984,2,0
406982,406983,406984,1,1
406982,406982,406984,2,0
406982,406982,406984,2,0
406982,406983,406984,1,1
406982,406982,406984,2,0
406982,406983,406984,1,1
406982,406983,406984,1,1
406982,406982,406984,2,0
406982,406982,406984,2,0
406982,406983,406984,1,1
406975,406976,406986,10,1
406975,406976,406987,11,1
406978,406978,406988,10,0
406978,406978,406987,9,0
406975,406976,406988,12,1
406870,406872,406990,118,2
406982,406983,406991,8,1
406982,406983,406991,8,1
406982,406983,406991,8,1
386948,386948,406994,20046,0
406994,406994,406996,2,0
406994,406994,406996,2,0
406994,406994,406996,2,0
406994,406994,406996,2,0
406994,406994,406996,2,0
406994,406994,406996,2,0
406994,406994,406996,2,0
406994,406994,406996,2,0
406994,406994,406996,2,0
406994,406994,406996,2,0
406994,406994,406996,2,0
406994,406994,406996,2,0
406994,406994,406996,2,0
406994,406994,406996,2,0
406994,406994,406996,2,0
406994,406995,406996,1,1
406994,406995,406997,2,1
406994,406995,406997,2,1
406994,406995,406997,2,1
406994,406994,406998,4,0
406994,406995,406997,2,1
406994,406995,406997,2,1
406887,406888,407001,113,1
406897,406898,407001,103,1
407002,407002,407003,1,0
407002,407002,407004,2,0
407002,407002,407004,2,0
407002,407002,407004,2,0
407002,407002,407004,2,0
407002,407002,407004,2,0
407002,407002,407004,2,0
407002,407002,407004,2,0
407002,407002,407004,2,0
407002,407002,407004,2,0
407002,407002,407004,2,0
407002,407002,407004,2,0
407002,407002,407004,2,0
407002,407002,407004,2,0
407002,407002,407004,2,0
407002,407002,407004,2,0
407002,407002,407004,2,0
407002,407002,407004,2,0
407002,407003,407005,2,1
407005,407005,407007,2,0
406875,406875,407007,132,0
407005,407005,407006,1,0
407005,407005,407007,2,0
407002,407003,407006,3,1
407005,407005,407007,2,0
407005,407005,407006,1,0
407005,407005,407007,2,0
407005,407005,407007,2,0
407005,407005,407007,2,0
407005,407005,407007,2,0
407005,407005,407007,2,0
407005,407005,407007,2,0
407005,407005,407007,2,0
407005,407005,407007,2,0
407005,407005,407007,2,0
407005,407005,407007,2,0
407005,407005,407007,2,0
407005,407005,407007,2,0
407005,407006,407007,1,1
407005,407006,407007,1,1
406878,406879,407007,128,1
407005,407005,407008,3,0
407005,407005,407007,2,0
407005,407005,407007,2,0
407002,407002,407009,7,0
407002,407003,407010,7,1
407010,407011,407012,1,1
407010,407011,407012,1,1
407010,407011,407012,1,1
407010,407011,407012,1,1
407010,407011,407012,1,1
407010,407011,407012,1,1
407010,407011,407012,1,1
407010,407011,407012,1,1
407010,407011,407013,2,1
407010,407011,407012,1,1
407010,407011,407012,1,1
407010,407011,407012,1,1
407010,407011,407013,2,1
407010,407011,407012,1,1
406903,406904,407013,109,1
407010,407011,407013,2,1
407010,407012,407014,2,2
407010,407013,407015,2,3
407010,407013,407015,2,3
407010,407013,407014,1,3
407010,407011,407016,5,1
407010,407011,407016,5,1
407010,407011,407016,5,1
407015,407015,407016,1,0
407015,407015,407016,1,0
406931,406932,407017,85,1
407015,407015,407017,2,0
407015,407015,407017,2,0
407015,407015,407017,2,0
407015,407015,407017,2,0
407015,407015,407017,2,0
407015,407015,407017,2,0
407015,407015,407017,2,0
407015,407015,407017,2,0
407015,407015,407016,1,0
407015,407015,407017,2,0
407015,407015,407017,2,0
407015,407015,407016,1,0
407015,407015,407017,2,0
407015,407015,407017,2,0
407015,407015,407017,2,0
407015,407015,407018,3,0
407015,407016,407018,2,1
407018,407019,407020,1,1
407018,407019,407020,1,1
407018,407019,407021,2,1
407018,407019,407020,1,1
407018,407019,407021,2,1
407018,407019,407020,1,1
407019,407019,407020,1,0
407019,407019,407021,2,0
407018,407019,407020,1,1
407019,407019,407021,2,0
407019,407019,407020,1,0
407019,407019,407020,1,0
407018,407019,407020,1,1
407019,407019,407021,2,0
407019,407019,407020,1,0
407019,407019,407020,1,0
407018,407019,407021,2,1
407018,407019,407021,2,1
407019,407019,407021,2,0
407018,407019,407020,1,1
407018,407019,407020,1,1
407018,407019,407020,1,1
407019,407019,407021,2,0
407019,407019,407021,2,0
407018,407019,407021,2,1
407019,407019,407021,2,0
407019,407019,407021,2,0
407019,407019,407020,1,0
407018,407019,407020,1,1
407018,407019,407021,2,1
407018,407019,407021,2,1
407019,407019,407021,2,0
407019,407019,407021,2,0
407019,407019,407021,2,0
407019,407020,407021,1,1
407019,407020,407021,1,1
407015,407015,407023,8,0
407015,407016,407023,7,1
407015,407016,407022,6,1
407018,407019,407024,5,1
407018,407019,407023,4,1
407019,407019,407024,5,0
407018,407022,407024,2,4
407018,407022,407024,2,4
407018,407022,407024,2,4
407019,407022,407024,2,3
407019,407022,407024,2,3
406937,406938,407025,87,1
406929,406929,407028,99,0
407029,407029,407031,2,0
407029,407029,407031,2,0
407029,407029,407031,2,0
407029,407029,407031,2,0
407029,407029,407031,2,0
407029,407029,407031,2,0
407029,407029,407031,2,0
407029,407029,407031,2,0
407029,407029,407031,2,0
407029,407029,407031,2,0
407029,407029,407031,2,0
407029,407029,407031,2,0
407029,407029,407031,2,0
407029,407029,407031,2,0
407029,407029,407031,2,0
407029,407029,407031,2,0
407029,407029,407031,2,0
407029,407029,407031,2,0
407029,407030,407031,1,1
407029,407030,407033,3,1
407029,407030,407033,3,1
407029,407030,407032,2,1
407033,407034,407035,1,1
406948,406948,407034,86,0
407033,407034,407035,1,1
407033,407034,407035,1,1
407033,407034,407036,2,1
407033,407034,407035,1,1
407033,407034,407035,1,1
407033,407034,407035,1,1
407033,407033,407035,2,0
407033,407034,407035,1,1
407033,407034,407035,1,1
407033,407033,407035,2,0
407033,407034,407035,1,1
407033,407034,407035,1,1
407033,407033,407035,2,0
407033,407034,407035,1,1
406921,406921,407038,117,0
407033,407034,407037,3,1
407033,407034,407037,3,1
407039,407040,407041,1,1
407039,407040,407041,1,1
407039,407039,407041,2,0
407039,407039,407041,2,0
407033,407034,407041,7,1
407039,407039,407041,2,0
407039,407039,407041,2,0
407039,407040,407041,1,1
407039,407040,407041,1,1
407039,407040,407041,1,1
407039,407039,407041,2,0
407039,407040,407042,2,1
407039,407040,407041,1,1
407039,407040,407041,1,1
407039,407039,407041,2,0
407039,407040,407041,1,1
407039,407040,407041,1,1
407039,407039,407041,2,0
407039,407040,407041,1,1
407039,407040,407041,1,1
407039,407040,407041,1,1
407039,407040,407041,1,1
407039,407039,407042,3,0
407039,407040,407041,1,1
407039,407040,407042,2,1
407039,407040,407041,1,1
407039,407040,407041,1,1
407039,407040,407041,1,1
407039,407040,407041,1,1
407039,407039,407041,2,0
407039,407040,407041,1,1
407039,407040,407042,2,1
407039,407040,407041,1,1
407033,407034,407042,8,1
407039,407040,407042,2,1
407039,407040,407042,2,1
407039,407040,407042,2,1
407039,407040,407042,2,1
407039,407042,407045,3,3
407039,407042,407044,2,3
407039,407042,407044,2,3
407039,407042,407044,2,3
407039,407040,407044,4,1
407039,407040,407044,4,1
407039,407040,407044,4,1
406940,406940,407046,106,0
407033,407034,407046,12,1
407033,407034,407046,12,1
407033,407034,407047,13,1
406951,406951,407048,97,0
407047,407047,407049,2,0
407047,407047,407049,2,0
407047,407047,407049,2,0
407047,407047,407049,2,0
407047,407047,407049,2,0
407047,407047,407049,2,0
407047,407047,407049,2,0
407047,407047,407049,2,0
407047,407047,407049,2,0
407047,407047,407049,2,0
407047,407047,407049,2,0
407047,407051,407053,2,4
407047,407051,407053,2,4
407047,407051,407053,2,4
407047,407047,407053,6,0
407047,407048,407052,4,1
407047,407048,407052,4,1
407039,407040,407053,13,1
407047,407048,407053,5,1
407047,407048,407053,5,1
407047,407048,407053,5,1
407047,407047,407054,7,0
407047,407048,407054,6,1
407053,407053,407055,2,0
407053,407053,407055,2,0
407053,407054,407055,1,1
407053,407053,407055,2,0
407053,407053,407055,2,0
407053,407054,407056,2,1
407053,407054,407055,1,1
407053,407054,407055,1,1
407053,407053,407055,2,0
407053,407054,407055,1,1
407053,407054,407055,1,1
407053,407054,407055,1,1
406958,406958,407056,98,0
407053,407053,407055,2,0
407053,407053,407055,2,0
407053,407054,407055,1,1
406964,406964,407056,92,0
407053,407054,407056,2,1
407053,407054,407056,2,1
407053,407054,407056,2,1
407053,407054,407056,2,1
407053,407054,407056,2,1
407053,407053,407056,3,0
407053,407054,407057,3,1
407056,407056,407058,2,0
407056,407056,407058,2,0
407056,407056,407058,2,0
407056,407056,407058,2,0
407056,407056,407058,2,0
407056,407056,407058,2,0
407056,407056,407058,2,0
407056,407056,407058,2,0
407056,407056,407058,2,0
407056,407056,407058,2,0
407056,407056,407058,2,0
407056,407057,407058,1,1
407056,407056,407058,2,0
407056,407057,407058,1,1
407056,407056,407058,2,0
407056,407056,407058,2,0
407056,407056,407058,2,0
407056,407057,407058,1,1
407056,407057,407058,1,1
407056,407057,407058,1,1
386943,386943,407059,20116,0
407060,407061,407062,1,1
407060,407061,407062,1,1
407060,407061,407062,1,1
407060,407061,407062,1,1
407060,407061,407062,1,1
407060,407061,407063,2,1
407060,407061,407062,1,1
407060,407061,407063,2,1
407060,407061,407062,1,1
407060,407061,407062,1,1
407060,407061,407062,1,1
407060,407061,407062,1,1
407060,407061,407062,1,1
406961,406961,407063,102,0
407060,407061,407063,2,1
407060,407061,407063,2,1
407060,407061,407062,1,1
407060,407061,407062,1,1
407060,407061,407062,1,1
407060,407061,407062,1,1
407064,407064,407065,1,0
407064,407064,407065,1,0
407064,407064,407066,2,0
407064,407064,407065,1,0
407064,407064,407066,2,0
407064,407064,407065,1,0
407064,407064,407066,2,0
407064,407064,407066,2,0
407064,407064,407065,1,0
407064,407064,407066,2,0
407064,407064,407066,2,0
407064,407064,407065,1,0
407064,407064,407066,2,0
407064,407064,407066,2,0
407064,407064,407065,1,0
407064,407064,407066,2,0
407064,407064,407066,2,0
407064,407064,407066,2,0
407064,407064,407065,1,0
407064,407064,407066,2,0
407060,407061,407067,6,1
407060,407061,407068,7,1
407056,407057,407069,12,1
407060,407061,407069,8,1
407056,407057,407069,12,1
407064,407064,407070,6,0
407064,407065,407070,5,1
406980,406981,407071,90,1
406971,406972,407072,100,1
407075,407075,407076,1,0
407075,407075,407076,1,0
407075,407075,407077,2,0
406977,406978,407075,97,1
407075,407075,407076,1,0
407075,407075,407076,1,0
407075,407075,407076,1,0
407075,407075,407076,1,0
407075,407076,407077,1,1
407075,407075,407077,2,0
407075,407075,407077,2,0
407075,407075,407077,2,0
407075,407075,407077,2,0
407075,407075,407077,2,0
407075,407075,407077,2,0
407075,407075,407077,2,0
407075,407075,407077,2,0
407075,407075,407077,2,0
407075,407075,407077,2,0
407075,407075,407077,2,0
407075,407075,407077,2,0
407075,407075,407077,2,0
407075,407075,407077,2,0
407075,407075,407077,2,0
407075,407075,407077,2,0
407075,407075,407077,2,0
407075,407075,407077,2,0
407075,407076,407077,1,1
407075,407075,407077,2,0
407075,407075,407077,2,0
407075,407075,407077,2,0
407075,407075,407078,3,0
407075,407075,407077,2,0
407075,407075,407077,2,0
407075,407076,407078,2,1
407075,407075,407078,3,0
407075,407076,407078,2,1
407075,407075,407078,3,0
407075,407076,407078,2,1
407075,407076,407078,2,1
407075,407076,407078,2,1
407075,407076,407079,3,1
407075,407078,407080,2,3
406984,406984,407083,99,0
407000,407000,407083,83,0
407075,407077,407079,2,2
407075,407077,407079,2,2
407083,407083,407085,2,0
407083,407083,407084,1,0
407083,407083,407085,2,0
407083,407083,407084,1,0
407083,407083,407085,2,0
407083,407083,407085,2,0
407083,407083,407084,1,0
407083,407083,407085,2,0
407083,407083,407084,1,0
407083,407083,407085,2,0
407083,407083,407084,1,0
407083,407083,407085,2,0
407083,407083,407085,2,0
407083,407083,407085,2,0
407083,407085,407087,2,2
407083,407085,407086,1,2
407083,407085,407086,1,2
407083,407085,407087,2,2
407083,407085,407086,1,2
386934,386934,407087,20153,0
407086,407086,407088,2,0
407086,407086,407088,2,0
407086,407086,407088,2,0
407086,407086,407088,2,0
407086,407086,407088,2,0
407086,407086,407088,2,0
407086,407086,407088,2,0
407086,407086,407088,2,0
407086,407086,407088,2,0
407086,407086,407089,3,0
407086,407086,407089,3,0
407086,407086,407088,2,0
407086,407086,407088,2,0
407086,407086,407088,2,0
407086,407086,407088,2,0
407086,407086,407089,3,0
407086,407086,407088,2,0
407083,407083,407089,6,0
407083,407084,407090,6,1
407083,407084,407089,5,1
407086,407086,407090,4,0
407086,407087,407090,3,1
407092,407092,407093,1,0
407092,407092,407094,2,0
407092,407092,407094,2,0
407092,407092,407094,2,0
407092,407092,407094,2,0
407092,407092,407094,2,0
407092,407092,407094,2,0
407092,407092,407094,2,0
407092,407092,407094,2,0
407092,407092,407093,1,0
407092,407092,407094,2,0
407092,407092,407094,2,0
407092,407092,407094,2,0
407092,407092,407094,2,0
407092,407092,407094,2,0
407086,407086,407094,8,0
407086,407087,407094,7,1
407086,407087,407094,7,1
407092,407092,407095,3,0
407092,407093,407095,2,1
407092,407093,407095,2,1
407092,407093,407097,4,1
407092,407096,407097,1,4
407092,407096,407098,2,4
407092,407092,407099,7,0
407013,407013,407107,94,0
407110,407110,407111,1,0
407110,407110,407112,2,0
407110,407110,407112,2,0
407110,407110,407112,2,0
407110,407110,407112,2,0
407110,407110,407112,2,0
407110,407110,407112,2,0
407110,407110,407112,2,0
407110,407110,407112,2,0
407110,407110,407112,2,0
407110,407110,407112,2,0
407110,407110,407112,2,0
407110,407110,407112,2,0
407110,407110,407112,2,0
407110,407110,407112,2,0
407110,407110,407112,2,0
407110,407110,407112,2,0
407110,407110,407113,3,0
407110,407110,407114,4,0
407030,407031,407114,83,1
407110,407113,407115,2,3
407110,407113,407114,1,3
407110,407110,407114,4,0
407117,407117,407119,2,0
407117,407117,407118,1,0
407117,407117,407119,2,0
407117,407117,407118,1,0
407117,407117,407119,2,0
407117,407117,407119,2,0
407117,407117,407119,2,0
407117,407117,407119,2,0
407117,407117,407119,2,0
407117,407117,407119,2,0
407117,407117,407118,1,0
407117,407117,407119,2,0
407117,407117,407118,1,0
407117,407117,407119,2,0
407117,407117,407119,2,0
407117,407117,407119,2,0
407117,407117,407119,2,0
407117,407117,407122,5,0
407117,407117,407123,6,0
407117,407117,407124,7,0
407117,407120,407132,12,3
407117,407120,407131,11,3
407006,407006,407152,146,0
407044,407045,407152,107,1
407020,407020,407153,133,0
407041,407041,407154,113,0
407068,407068,407154,86,0
407154,407154,407156,2,0
407154,407155,407156,1,1
407154,407155,407156,1,1
407026,407026,407156,130,0
407035,407035,407156,121,0
407154,407154,407156,2,0
407154,407155,407156,1,1
407154,407154,407156,2,0
407154,407154,407156,2,0
407154,407155,407156,1,1
407154,407155,407156,1,1
407154,407154,407156,2,0
407154,407154,407155,1,0
407154,407155,407156,1,1
407154,407154,407156,2,0
407154,407154,407156,2,0
407154,407154,407156,2,0
407154,407155,407156,1,1
407154,407155,407156,1,1
407154,407155,407156,1,1
407154,407154,407156,2,0
407154,407154,407156,2,0
407154,407155,407156,1,1
407154,407155,407156,1,1
407154,407154,407156,2,0
407154,407154,407156,2,0
407154,407154,407156,2,0
407154,407155,407156,1,1
407154,407155,407156,1,1
407154,407155,407157,2,1
407154,407155,407157,2,1
407154,407155,407157,2,1
407154,407155,407157,2,1
407155,407155,407157,2,0
407154,407155,407157,2,1
407154,407154,407157,3,0
407154,407155,407156,1,1
407154,407155,407156,1,1
407154,407156,407157,1,2
407155,407155,407157,2,0
407155,407155,407157,2,0
407155,407155,407157,2,0
407154,407154,407156,2,0
407154,407155,407157,2,1
407154,407155,407156,1,1
407155,407155,407157,2,0
407155,407155,407157,2,0
407155,407156,407157,1,1
407155,407156,407157,1,1
407155,407156,407157,1,1
407155,407155,407157,2,0
407155,407155,407157,2,0
407155,407155,407157,2,0
407155,407155,407157,2,0
407155,407155,407157,2,0
407155,407155,407157,2,0
407155,407155,407157,2,0
407155,407155,407157,2,0
407155,407155,407157,2,0
407155,407155,407157,2,0
407155,407155,407157,2,0
407155,407155,407157,2,0
407155,407156,407157,1,1
407058,407058,407157,99,0
407154,407156,407157,1,2
407154,407156,407157,1,2
407154,407156,407157,1,2
407154,407155,407158,3,1
407154,407155,407157,2,1
407157,407157,407159,2,0
407157,407157,407159,2,0
407157,407157,407158,1,0
407157,407158,407159,1,1
407157,407157,407159,2,0
407157,407158,407159,1,1
407157,407157,407159,2,0
407157,407157,407159,2,0
407157,407157,407159,2,0
407157,407158,407159,1,1
407157,407158,407159,1,1
407157,407157,407159,2,0
407157,407157,407159,2,0
407157,407158,407159,1,1
407157,407157,407159,2,0
407157,407157,407159,2,0
407157,407157,407160,3,0
407157,407158,407159,1,1
407157,407158,407159,1,1
407157,407157,407159,2,0
407157,407157,407159,2,0
407157,407157,407160,3,0
407157,407158,407159,1,1
407157,407158,407159,1,1
407157,407158,407159,1,1
407157,407158,407160,2,1
407157,407159,407160,1,2
407157,407159,407160,1,2
407157,407159,407160,1,2
407157,407159,407160,1,2
407157,407159,407160,1,2
407157,407159,407160,1,2
407157,407159,407160,1,2
407157,407158,407159,1,1
407157,407158,407159,1,1
407157,407158,407160,2,1
407157,407158,407160,2,1
407157,407158,407160,2,1
407157,407158,407160,2,1
407157,407158,407160,2,1
407162,407163,407164,1,1
407162,407162,407164,2,0
407162,407162,407164,2,0
407162,407163,407164,1,1
407050,407050,407163,113,0
407162,407163,407164,1,1
407162,407162,407164,2,0
407162,407163,407164,1,1
407162,407163,407164,1,1
407162,407163,407164,1,1
407162,407163,407165,2,1
407162,407163,407165,2,1
407162,407163,407164,1,1
407162,407163,407164,1,1
407162,407163,407165,2,1
407162,407163,407165,2,1
407162,407163,407165,2,1
407162,407163,407165,2,1
407162,407163,407165,2,1
407162,407163,407165,2,1
407162,407163,407165,2,1
407162,407163,407164,1,1
407162,407163,407165,2,1
407162,407163,407165,2,1
407162,407163,407165,2,1
407162,407163,407165,2,1
407162,407163,407164,1,1
407162,407162,407164,2,0
407162,407163,407164,1,1
407162,407163,407165,2,1
407162,407163,407165,2,1
407162,407162,407165,3,0
407162,407163,407164,1,1
407162,407163,407165,2,1
407162,407163,407165,2,1
407162,407163,407165,2,1
407162,407164,407165,1,2
407162,407163,407165,2,1
407162,407163,407165,2,1
407162,407164,407166,2,2
407157,407157,407168,11,0
407157,407158,407167,9,1
407157,407159,407168,9,2
407157,407159,407168,9,2
407167,407167,407169,2,0
407167,407167,407169,2,0
407167,407167,407169,2,0
407167,407167,407169,2,0
407167,407167,407170,3,0
407167,407167,407169,2,0
407167,407167,407169,2,0
407167,407167,407169,2,0
407167,407167,407169,2,0
407167,407167,407169,2,0
407167,407168,407169,1,1
407162,407163,407169,6,1
407162,407163,407169,6,1
407167,407167,407170,3,0
407167,407167,407169,2,0
407167,407168,407169,1,1
407167,407168,407169,1,1
407167,407167,407169,2,0
407167,407167,407170,3,0
407167,407167,407170,3,0
407167,407167,407170,3,0
407055,407055,407171,116,0
407162,407163,407170,7,1
407162,407163,407170,7,1
407162,407164,407170,6,2
407173,407173,407174,1,0
407173,407173,407175,2,0
407173,407173,407174,1,0
407173,407173,407174,1,0
407173,407173,407174,1,0
407173,407173,407175,2,0
407173,407173,407174,1,0
407173,407173,407175,2,0
407173,407173,407175,2,0
407173,407173,407175,2,0
407173,407173,407175,2,0
407173,407173,407175,2,0
407173,407173,407175,2,0
407173,407173,407175,2,0
407173,407173,407175,2,0
407173,407173,407175,2,0
407084,407084,407177,93,0
407167,407167,407176,9,0
407167,407167,407176,9,0
407167,407168,407176,8,1
407173,407174,407177,3,1
407173,407173,407177,4,0
407173,407174,407178,4,1
407173,407173,407178,5,0
407173,407173,407179,6,0
407173,407173,407179,6,0
407182,407182,407183,1,0
407182,407182,407183,1,0
407182,407182,407183,1,0
407182,407182,407184,2,0
407182,407182,407183,1,0
407182,407182,407184,2,0
407182,407182,407184,2,0
407182,407182,407184,2,0
407182,407182,407184,2,0
407182,407182,407183,1,0
407182,407182,407184,2,0
407182,407182,407184,2,0
407182,407182,407184,2,0
407182,407182,407184,2,0
407182,407182,407184,2,0
407182,407182,407184,2,0
407182,407182,407184,2,0
407182,407182,407184,2,0
407182,407182,407185,3,0
407182,407182,407184,2,0
407182,407182,407184,2,0
407182,407182,407184,2,0
407182,407182,407185,3,0
407182,407183,407184,1,1
407182,407182,407184,2,0
407182,407182,407184,2,0
407182,407182,407184,2,0
407182,407182,407185,3,0
407182,407182,407185,3,0
407182,407182,407185,3,0
407182,407183,407185,2,1
407182,407183,407185,2,1
407182,407182,407184,2,0
407182,407182,407186,4,0
407182,407182,407185,3,0
407182,407182,407185,3,0
407182,407182,407185,3,0
407182,407182,407185,3,0
407182,407182,407185,3,0
407182,407182,407185,3,0
407182,407182,407187,5,0
407182,407182,407187,5,0
407182,407182,407187,5,0
407182,407183,407187,4,1
407062,407063,407189,126,1
407088,407089,407189,100,1
407077,407077,407189,112,0
407192,407192,407193,1,0
407192,407192,407194,2,0
407192,407192,407194,2,0
407192,407192,407194,2,0
407192,407192,407194,2,0
407192,407192,407194,2,0
407192,407192,407194,2,0
407192,407192,407194,2,0
407192,407192,407194,2,0
407192,407192,407194,2,0
407192,407192,407194,2,0
407192,407192,407194,2,0
407192,407192,407194,2,0
407192,407192,407194,2,0
407192,407192,407194,2,0
407192,407192,407194,2,0
407192,407192,407195,3,0
407192,407192,407194,2,0
407192,407192,407194,2,0
407192,407192,407194,2,0
407192,407192,407194,2,0
407192,407192,407194,2,0
407192,407192,407194,2,0
407192,407192,407194,2,0
407192,407192,407194,2,0
407192,407192,407194,2,0
407192,407192,407194,2,0
407192,407192,407194,2,0
407192,407192,407194,2,0
407192,407192,407194,2,0
407192,407193,407195,2,1
407192,407192,407194,2,0
407192,407192,407195,3,0
407192,407193,407195,2,1
407192,407193,407195,2,1
407192,407194,407195,1,2
407192,407192,407195,3,0
407192,407193,407196,3,1
407192,407192,407195,3,0
407192,407192,407200,8,0
407199,407199,407201,2,0
407199,407199,407201,2,0
407199,407199,407200,1,0
407199,407200,407201,1,1
407199,407199,407201,2,0
407199,407200,407201,1,1
407199,407199,407201,2,0
407199,407200,407201,1,1
407199,407200,407201,1,1
407118,407119,407201,82,1
407199,407199,407201,2,0
407199,407200,407201,1,1
407199,407200,407201,1,1
407199,407200,407201,1,1
407199,407200,407201,1,1
407199,407200,407201,1,1
407199,407199,407201,2,0
407199,407200,407201,1,1
407199,407200,407201,1,1
407199,407200,407201,1,1
407192,407192,407201,9,0
407192,407193,407201,8,1
407192,407193,407201,8,1
407192,407193,407201,8,1
407199,407200,407202,2,1
407112,407112,407202,90,0
407199,407200,407202,2,1
407199,407200,407203,3,1
407207,407207,407208,1,0
407207,407207,407208,1,0
407207,407207,407209,2,0
407207,407207,407209,2,0
407207,407207,407209,2,0
407207,407207,407209,2,0
407207,407208,407209,1,1
407207,407208,407209,1,1
407207,407207,407209,2,0
407207,407207,407209,2,0
407207,407207,407209,2,0
407207,407208,407209,1,1
407207,407208,407209,1,1
407207,407207,407209,2,0
407207,407207,407209,2,0
407207,407207,407209,2,0
407207,407208,407209,1,1
407207,407207,407209,2,0
407207,407207,407209,2,0
407207,407208,407209,1,1
407207,407207,407209,2,0
407207,407207,407209,2,0
407207,407208,407209,1,1
407207,407208,407209,1,1
407207,407207,407209,2,0
407207,407208,407209,1,1
407207,407208,407209,1,1
407207,407208,407209,1,1
407207,407208,407209,1,1
407207,407208,407210,2,1
407207,407208,407210,2,1
407207,407208,407210,2,1
407207,407208,407209,1,1
407207,407208,407212,4,1
407207,407208,407212,4,1
407207,407208,407212,4,1
407207,407209,407213,4,2
407207,407210,407212,2,3
407109,407113,407214,101,4
407207,407208,407214,6,1
407207,407211,407216,5,4
407207,407211,407216,5,4
407207,407211,407215,4,4
407207,407211,407216,5,4
407207,407212,407216,4,5
407215,407216,407217,1,1
407215,407216,407217,1,1
407215,407216,407217,1,1
407215,407216,407217,1,1
407215,407216,407217,1,1
407215,407216,407217,1,1
407215,407216,407217,1,1
407215,407216,407217,1,1
407215,407216,407217,1,1
407215,407216,407217,1,1
407215,407216,407217,1,1
407215,407216,407217,1,1
407215,407216,407217,1,1
407215,407216,407217,1,1
407215,407216,407217,1,1
407215,407216,407219,3,1
407215,407217,407219,2,2
407215,407217,407219,2,2
407215,407218,407219,1,3
407215,407216,407223,7,1
407102,407102,407224,122,0
407106,407107,407224,117,1
407215,407216,407224,8,1
407215,407217,407224,7,2
407226,407227,407228,1,1
407226,407227,407228,1,1
407226,407227,407228,1,1
407116,407119,407228,109,3
407226,407227,407228,1,1
407226,407227,407228,1,1
407226,407227,407228,1,1
407226,407227,407228,1,1
407226,407227,407228,1,1
407226,407227,407228,1,1
407226,407227,407228,1,1
407226,407227,407229,2,1
407226,407227,407228,1,1
407226,407227,407229,2,1
407226,407227,407228,1,1
407226,407227,407229,2,1
407226,407227,407228,1,1
407226,407227,407229,2,1
407228,407229,407230,1,1
407228,407229,407230,1,1
407228,407229,407230,1,1
407228,407229,407230,1,1
407228,407229,407230,1,1
407228,407228,407230,2,0
407228,407229,407230,1,1
407228,407229,407230,1,1
407228,407229,407230,1,1
407228,407228,407230,2,0
407228,407229,407230,1,1
407228,407229,407230,1,1
407226,407227,407230,3,1
407228,407229,407230,1,1
407228,407229,407230,1,1
407228,407229,407231,2,1
407228,407228,407230,2,0
407228,407229,407230,1,1
407228,407229,407230,1,1
407226,407227,407230,3,1
407226,407227,407230,3,1
407226,407227,407230,3,1
407228,407229,407230,1,1
407228,407229,407230,1,1
407230,407231,407232,1,1
407230,407231,407232,1,1
407226,407227,407231,4,1
407230,407230,407232,2,0
407230,407231,407232,1,1
407230,407231,407232,1,1
407230,407231,407232,1,1
407230,407231,407232,1,1
407230,407231,407232,1,1
407230,407231,407232,1,1
407230,407231,407232,1,1
407230,407231,407232,1,1
407230,407230,407232,2,0
407230,407230,407232,2,0
407230,407231,407232,1,1
407230,407231,407232,1,1
407230,407230,407232,2,0
407230,407231,407232,1,1
407228,407229,407237,8,1
407228,407229,407236,7,1
407230,407231,407237,6,1
407230,407232,407238,6,2
407230,407231,407238,7,1
407230,407232,407238,6,2
407230,407232,407238,6,2
407156,407157,407240,83,1
407242,407243,407244,1,1
407242,407243,407244,1,1
407242,407243,407244,1,1
407242,407243,407244,1,1
407242,407243,407245,2,1
407242,407243,407244,1,1
407242,407243,407244,1,1
407242,407243,407244,1,1
407242,407243,407244,1,1
407242,407243,407244,1,1
407242,407243,407244,1,1
407242,407243,407245,2,1
407242,407243,407246,3,1
407242,407243,407246,3,1
407242,407243,407246,3,1
407242,407244,407246,2,2
407242,407244,407248,4,2
407242,407244,407248,4,2
407242,407243,407248,5,1
407242,407243,407248,5,1
407159,407159,407249,90,0
407242,407243,407249,6,1
407242,407243,407249,6,1
407252,407252,407253,1,0
407252,407252,407253,1,0
407252,407252,407253,1,0
407252,407252,407254,2,0
407252,407252,407253,1,0
407252,407252,407254,2,0
407252,407252,407254,2,0
407252,407252,407254,2,0
407252,407252,407254,2,0
407252,407252,407254,2,0
407252,407252,407253,1,0
407252,407252,407254,2,0
407252,407252,407254,2,0
407252,407252,407255,3,0
407252,407252,407254,2,0
407252,407252,407254,2,0
407252,407252,407255,3,0
407252,407252,407255,3,0
407252,407252,407254,2,0
407252,407252,407266,14,0
407252,407252,407266,14,0
407252,407252,407267,15,0
407164,407164,407268,104,0
407272,407273,407274,1,1
407272,407273,407274,1,1
407272,407273,407275,2,1
407272,407273,407274,1,1
407272,407273,407274,1,1
407272,407273,407274,1,1
407272,407273,407275,2,1
407272,407273,407274,1,1
407272,407273,407275,2,1
407272,407273,407274,1,1
407272,407273,407274,1,1
407272,407273,407275,2,1
407272,407273,407275,2,1
407272,407273,407274,1,1
407272,407273,407275,2,1
407272,407273,407276,3,1
407272,407274,407276,2,2
407272,407273,407277,4,1
407272,407274,407277,3,2
407170,407170,407280,110,0
407272,407278,407281,3,6
407272,407279,407280,1,7
407272,407279,407280,1,7
407282,407283,407284,1,1
407282,407283,407284,1,1
407282,407283,407284,1,1
407282,407283,407284,1,1
407282,407283,407284,1,1
407282,407283,407284,1,1
407282,407283,407285,2,1
407282,407283,407284,1,1
407282,407283,407285,2,1
407282,407283,407284,1,1
407282,407283,407284,1,1
407282,407283,407285,2,1
407282,407283,407284,1,1
407282,407283,407285,2,1
407282,407283,407285,2,1
407282,407283,407284,1,1
407282,407283,407286,3,1
407282,407283,407285,2,1
407282,407283,407286,3,1
407282,407283,407287,4,1
407282,407284,407286,2,2
407282,407283,407287,4,1
407200,407200,407299,99,0
407174,407175,407300,125,1
386936,386936,407301,20365,0
407300,407301,407302,1,1
407300,407301,407302,1,1
407300,407301,407302,1,1
407300,407301,407302,1,1
407300,407301,407302,1,1
407300,407301,407302,1,1
407300,407301,407302,1,1
407300,407301,407302,1,1
407300,407301,407302,1,1
407300,407301,407302,1,1
407300,407301,407302,1,1
407300,407301,407302,1,1
407300,407301,407302,1,1
407300,407301,407302,1,1
407300,407301,407302,1,1
407300,407301,407302,1,1
407300,407301,407303,2,1
407300,407301,407303,2,1
407300,407301,407303,2,1
407303,407303,407304,1,0
407189,407189,407303,114,0
407303,407303,407304,1,0
407300,407301,407303,2,1
407303,407303,407304,1,0
407300,407301,407303,2,1
407303,407303,407305,2,0
407300,407301,407303,2,1
407303,407303,407305,2,0
407303,407303,407304,1,0
407303,407303,407305,2,0
407303,407303,407305,2,0
407303,407303,407305,2,0
407303,407303,407304,1,0
407303,407303,407305,2,0
407303,407303,407305,2,0
407303,407303,407305,2,0
407303,407303,407305,2,0
407303,407303,407305,2,0
407303,407303,407305,2,0
407303,407303,407305,2,0
407303,407303,407305,2,0
407303,407303,407305,2,0
407303,407303,407305,2,0
407309,407309,407311,2,0
407309,407309,407311,2,0
407309,407309,407311,2,0
407309,407309,407311,2,0
407309,407309,407311,2,0
407309,407309,407311,2,0
407309,407309,407311,2,0
407309,407309,407311,2,0
407309,407309,407312,3,0
407309,407309,407311,2,0
407309,407309,407312,3,0
407309,407309,407312,3,0
407309,407309,407312,3,0
407309,407309,407312,3,0
407309,407309,407312,3,0
407309,407309,407312,3,0
407309,407309,407312,3,0
407309,407309,407312,3,0
407309,407309,407312,3,0
407203,407204,407314,110,1
407221,407221,407314,93,0
407303,407304,407314,10,1
407208,407208,407315,107,0
407303,407303,407315,12,0
407320,407320,407321,1,0
407320,407320,407321,1,0
407320,407320,407321,1,0
407309,407309,407322,13,0
407320,407320,407322,2,0
407320,407320,407322,2,0
407320,407320,407322,2,0
407320,407320,407322,2,0
407320,407320,407322,2,0
407320,407320,407322,2,0
407320,407320,407322,2,0
407320,407320,407322,2,0
407320,407320,407322,2,0
407320,407320,407322,2,0
407320,407320,407322,2,0
407320,407320,407322,2,0
407320,407320,407322,2,0
407320,407320,407322,2,0
407320,407320,407322,2,0
407320,407320,407322,2,0
407320,407320,407323,3,0
407320,407320,407322,2,0
407320,407320,407322,2,0
407320,407320,407322,2,0
407320,407320,407322,2,0
407320,407320,407322,2,0
407320,407320,407322,2,0
407320,407320,407322,2,0
407320,407320,407322,2,0
407320,407320,407322,2,0
407320,407320,407322,2,0
407320,407320,407322,2,0
407320,407320,407322,2,0
407320,407320,407322,2,0
407320,407320,407322,2,0
407320,407320,407322,2,0
407320,407321,407322,1,1
407309,407309,407323,14,0
407309,407309,407323,14,0
407323,407324,407326,2,1
407323,407324,407325,1,1
407323,407324,407326,2,1
407323,407324,407326,2,1
407232,407233,407325,92,1
407323,407324,407325,1,1
407323,407324,407325,1,1
407323,407324,407326,2,1
407323,407324,407326,2,1
407323,407324,407325,1,1
407323,407324,407326,2,1
407323,407324,407326,2,1
407323,407324,407325,1,1
407323,407324,407326,2,1
407323,407324,407326,2,1
407323,407324,407325,1,1
407323,407324,407326,2,1
407323,407324,407326,2,1
407323,407324,407326,2,1
407323,407324,407325,1,1
407323,407324,407326,2,1
407323,407324,407326,2,1
407323,407324,407325,1,1
407320,407320,407326,6,0
407320,407320,407326,6,0
407320,407320,407326,6,0
407320,407320,407326,6,0
407320,407320,407326,6,0
407320,407321,407326,5,1
407320,407321,407327,6,1
407320,407321,407326,5,1
407331,407331,407333,2,0
407331,407331,407333,2,0
407331,407332,407333,1,1
407331,407331,407333,2,0
407331,407331,407333,2,0
407331,407332,407333,1,1
407331,407332,407333,1,1
407331,407332,407333,1,1
407331,407331,407333,2,0
407331,407332,407333,1,1
407331,407332,407333,1,1
407331,407332,407334,2,1
407331,407332,407333,1,1
407331,407332,407333,1,1
407331,407331,407333,2,0
407331,407332,407333,1,1
407331,407332,407333,1,1
407331,407332,407333,1,1
407331,407332,407333,1,1
407214,407214,407337,123,0
407228,407228,407340,112,0
407339,407340,407341,1,1
407339,407340,407342,2,1
407339,407340,407341,1,1
407339,407340,407341,1,1
407339,407340,407341,1,1
407339,407340,407342,2,1
407339,407340,407341,1,1
407339,407340,407341,1,1
407339,407340,407342,2,1
407339,407340,407341,1,1
407339,407340,407341,1,1
407339,407340,407342,2,1
407339,407340,407341,1,1
407339,407340,407342,2,1
407339,407340,407342,2,1
407339,407340,407341,1,1
407339,407340,407342,2,1
407339,407340,407342,2,1
407343,407343,407345,2,0
407339,407340,407344,4,1
407339,407340,407344,4,1
407339,407341,407344,3,2
407339,407341,407343,2,2
407343,407343,407345,2,0
407343,407343,407345,2,0
407343,407343,407345,2,0
407343,407343,407345,2,0
407343,407343,407345,2,0
407343,407343,407345,2,0
407343,407343,407345,2,0
407343,407343,407345,2,0
407343,407343,407345,2,0
407343,407343,407345,2,0
407343,407343,407345,2,0
407343,407343,407345,2,0
407343,407343,407345,2,0
407343,407344,407345,1,1
407343,407343,407345,2,0
407343,407343,407345,2,0
407343,407344,407345,1,1
407343,407344,407345,1,1
407331,407332,407345,13,1
407331,407332,407345,13,1
407331,407333,407345,12,2
407343,407343,407350,7,0
407234,407234,407351,117,0
407343,407343,407352,9,0
407343,407344,407352,8,1
407229,407230,407353,123,1
407255,407256,407354,98,1
407261,407261,407355,94,0
407355,407355,407356,1,0
407355,407355,407357,2,0
407355,407356,407357,1,1
407355,407355,407357,2,0
407237,407238,407357,119,1
407258,407258,407357,99,0
407355,407355,407357,2,0
407355,407355,407357,2,0
407355,407356,407358,2,1
407355,407356,407358,2,1
407355,407355,407358,3,0
407355,407356,407357,1,1
407355,407356,407358,2,1
407355,407357,407358,1,2
407355,407355,407357,2,0
407355,407355,407357,2,0
407355,407356,407358,2,1
407355,407356,407358,2,1
407355,407355,407357,2,0
407355,407355,407357,2,0
407355,407356,407358,2,1
407355,407356,407358,2,1
407355,407355,407357,2,0
407355,407356,407358,2,1
407355,407357,407358,1,2
407356,407356,407358,2,0
407355,407355,407357,2,0
407355,407356,407358,2,1
407355,407356,407358,2,1
407356,407356,407358,2,0
407356,407357,407358,1,1
407356,407357,407359,2,1
407355,407355,407357,2,0
407355,407356,407358,2,1
407355,407356,407358,2,1
407355,407357,407358,1,2
407355,407356,407358,2,1
407356,407357,407358,1,1
407356,407357,407359,2,1
407356,407357,407359,2,1
407355,407356,407359,3,1
407356,407357,407359,2,1
407356,407357,407359,2,1
407356,407357,407358,1,1
407355,407356,407359,3,1
407355,407356,407358,2,1
407355,407355,407358,3,0
407355,407356,407358,2,1
407355,407356,407358,2,1
407356,407357,407359,2,1
407356,407357,407359,2,1
407356,407357,407358,1,1
407356,407357,407359,2,1
407356,407357,407359,2,1
407355,407357,407359,2,2
407356,407357,407359,2,1
407356,407357,407359,2,1
407356,407357,407360,3,1
407355,407356,407359,3,1
407356,407357,407359,2,1
407356,407357,407359,2,1
407356,407357,407359,2,1
407356,407357,407359,2,1
407355,407357,407361,4,2
407355,407357,407360,3,2
407359,407359,407361,2,0
407359,407359,407361,2,0
407359,407359,407361,2,0
407359,407359,407361,2,0
407359,407359,407361,2,0
407359,407360,407361,1,1
407359,407360,407362,2,1
407359,407359,407361,2,0
407359,407359,407361,2,0
407359,407360,407361,1,1
407359,407360,407361,1,1
407359,407360,407362,2,1
407359,407360,407362,2,1
407359,407359,407361,2,0
407359,407359,407361,2,0
407359,407360,407361,1,1
407359,407359,407361,2,0
407359,407359,407361,2,0
407359,407360,407361,1,1
407359,407359,407362,3,0
407359,407360,407362,2,1
407359,407360,407362,2,1
407359,407361,407362,1,2
407359,407361,407362,1,2
407359,407360,407363,3,1
407359,407360,407362,2,1
407359,407360,407362,2,1
407359,407361,407362,1,2
407359,407361,407363,2,2
407359,407361,407363,2,2
407355,407356,407362,6,1
407359,407360,407362,2,1
407359,407360,407362,2,1
407359,407360,407362,2,1
407359,407360,407362,2,1
407359,407360,407362,2,1
407359,407361,407362,1,2
407359,407361,407362,1,2
407359,407361,407362,1,2
407359,407361,407363,2,2
407359,407361,407362,1,2
407359,407361,407362,1,2
407359,407361,407362,1,2
407359,407361,407363,2,2
407359,407361,407363,2,2
407355,407356,407363,7,1
407363,407363,407365,2,0
407363,407364,407365,1,1
407355,407357,407364,7,2
407363,407364,407365,1,1
407363,407363,407365,2,0
407363,407364,407365,1,1
407363,407364,407365,1,1
407363,407364,407366,2,1
407363,407364,407365,1,1
407363,407364,407365,1,1
407363,407364,407365,1,1
407363,407363,407365,2,0
407363,407364,407365,1,1
407363,407364,407365,1,1
407363,407363,407365,2,0
407363,407364,407365,1,1
407363,407364,407365,1,1
407363,407364,407365,1,1
407363,407364,407366,2,1
407363,407364,407365,1,1
407363,407364,407368,4,1
407363,407364,407375,11,1
407363,407364,407374,10,1
407241,407241,407376,135,0
407274,407275,407377,102,1
407250,407251,407379,128,1
407381,407381,407383,2,0
407381,407381,407384,3,0
407381,407381,407383,2,0
407381,407381,407384,3,0
407381,407381,407383,2,0
407381,407381,407384,3,0
407381,407381,407383,2,0
407381,407381,407383,2,0
407381,407381,407383,2,0
407381,407381,407383,2,0
407381,407381,407383,2,0
407381,407381,407384,3,0
407381,407381,407384,3,0
407381,407381,407383,2,0
407381,407381,407384,3,0
407381,407381,407384,3,0
407381,407381,407384,3,0
407381,407381,407384,3,0
407381,407381,407384,3,0
407381,407382,407384,2,1
407381,407381,407384,3,0
407381,407381,407384,3,0
407381,407381,407384,3,0
407381,407381,407384,3,0
407381,407381,407384,3,0
407381,407381,407384,3,0
407381,407381,407384,3,0
407381,407381,407384,3,0
407381,407382,407384,2,1
407381,407382,407384,2,1
407381,407381,407384,3,0
407381,407381,407384,3,0
407381,407381,407384,3,0
407381,407382,407384,2,1
407381,407382,407384,2,1
407381,407382,407384,2,1
407381,407381,407384,3,0
407381,407382,407384,2,1
407385,407385,407387,2,0
407385,407385,407387,2,0
407385,407385,407386,1,0
407385,407385,407387,2,0
407385,407385,407387,2,0
407381,407384,407387,3,3
407385,407385,407387,2,0
407385,407385,407387,2,0
407385,407385,407387,2,0
407385,407385,407387,2,0
407385,407385,407387,2,0
407385,407385,407386,1,0
407385,407385,407387,2,0
407385,407385,407387,2,0
407385,407385,407387,2,0
407385,407385,407387,2,0
407385,407385,407387,2,0
407385,407385,407387,2,0
407385,407386,407387,1,1
407385,407385,407388,3,0
407385,407385,407388,3,0
407385,407385,407387,2,0
407381,407384,407387,3,3
407381,407384,407388,4,3
407381,407384,407387,3,3
407381,407385,407388,3,4
407381,407385,407388,3,4
407385,407385,407387,2,0
386949,386949,407390,20441,0
407286,407286,407398,112,0
407401,407401,407402,1,0
407401,407401,407403,2,0
407401,407401,407402,1,0
407401,407401,407403,2,0
407401,407401,407403,2,0
407401,407401,407403,2,0
407401,407401,407403,2,0
407401,407401,407403,2,0
407401,407401,407403,2,0
407401,407401,407403,2,0
407401,407401,407403,2,0
407401,407401,407403,2,0
407401,407401,407403,2,0
407401,407402,407404,2,1
407401,407402,407405,3,1
407401,407402,407405,3,1
407401,407402,407407,5,1
407401,407402,407407,5,1
407401,407402,407408,6,1
407401,407402,407409,7,1
407401,407401,407410,9,0
407401,407402,407410,8,1
407245,407245,407414,169,0
407418,407418,407420,2,0
407418,407418,407420,2,0
407418,407419,407420,1,1
407418,407418,407420,2,0
407418,407419,407420,1,1
407418,407418,407420,2,0
407418,407419,407420,1,1
407418,407418,407420,2,0
407418,407419,407420,1,1
407418,407418,407420,2,0
407418,407418,407420,2,0
407418,407419,407420,1,1
407418,407419,407420,1,1
407418,407419,407420,1,1
407418,407419,407420,1,1
407314,407314,407421,107,0
407418,407418,407421,3,0
407418,407418,407421,3,0
407418,407418,407422,4,0
407418,407420,407424,4,2
407418,407418,407424,6,0
407425,407425,407426,1,0
407418,407419,407425,6,1
407418,407419,407426,7,1
407425,407425,407427,2,0
407425,407425,407427,2,0
407425,407425,407426,1,0
407425,407425,407427,2,0
407425,407425,407427,2,0
407425,407425,407427,2,0
407425,407425,407427,2,0
407425,407425,407427,2,0
407425,407425,407427,2,0
407425,407425,407427,2,0
407425,407425,407427,2,0
407425,407425,407427,2,0
407425,407425,407427,2,0
407425,407426,407427,1,1
407425,407425,407427,2,0
407425,407425,407427,2,0
407425,407426,407427,1,1
407425,407425,407427,2,0
407425,407425,407428,3,0
407425,407426,407428,2,1
386938,386938,407429,20491,0
407333,407333,407431,98,0
407433,407433,407434,1,0
407433,407433,407435,2,0
407433,407433,407435,2,0
407433,407433,407434,1,0
407433,407433,407435,2,0
407433,407433,407435,2,0
407433,407433,407435,2,0
407433,407433,407435,2,0
407433,407433,407435,2,0
407433,407433,407435,2,0
407433,407433,407435,2,0
407433,407433,407435,2,0
407433,407433,407435,2,0
407433,407433,407435,2,0
407433,407434,407435,1,1
407433,407433,407436,3,0
407433,407433,407435,2,0
407433,407434,407435,1,1
407433,407433,407435,2,0
407433,407433,407435,2,0
407433,407433,407435,2,0
407322,407323,407436,113,1
407302,407302,407437,135,0
407342,407342,407438,96,0
407438,407438,407440,2,0
407438,407438,407440,2,0
407438,407438,407441,3,0
407438,407438,407440,2,0
407438,407438,407440,2,0
407438,407439,407441,2,1
407438,407439,407441,2,1
407438,407438,407441,3,0
407438,407439,407441,2,1
407438,407439,407441,2,1
407438,407439,407441,2,1
407438,407439,407441,2,1
407438,407438,407440,2,0
407438,407438,407441,3,0
407438,407438,407440,2,0
407438,407439,407441,2,1
407438,407439,407441,2,1
407438,407438,407441,3,0
407438,407439,407441,2,1
407438,407438,407440,2,0
407438,407438,407440,2,0
407438,407438,407441,3,0
407438,407439,407441,2,1
407438,407439,407441,2,1
407438,407439,407441,2,1
407438,407438,407442,4,0
407438,407439,407442,3,1
407438,407439,407442,3,1
407438,407439,407442,3,1
407438,407439,407441,2,1
407438,407438,407442,4,0
407438,407439,407441,2,1
407438,407439,407442,3,1
407438,407439,407441,2,1
407438,407439,407441,2,1
407438,407438,407441,3,0
407438,407439,407442,3,1
407438,407439,407441,2,1
407438,407439,407442,3,1
407441,407442,407443,1,1
407441,407441,407443,2,0
407441,407442,407443,1,1
407441,407442,407443,1,1
407441,407442,407443,1,1
407441,407442,407443,1,1
407441,407442,407443,1,1
407441,407441,407443,2,0
407441,407442,407444,2,1
407441,407442,407443,1,1
407441,407442,407443,1,1
407441,407442,407443,1,1
407441,407441,407444,3,0
407441,407442,407443,1,1
407441,407442,407443,1,1
407441,407442,407443,1,1
407441,407442,407444,2,1
407441,407443,407444,1,2
407441,407442,407444,2,1
407441,407442,407444,2,1
407425,407426,407444,18,1
407438,407439,407445,6,1
407438,407439,407445,6,1
407438,407439,407445,6,1
407438,407439,407445,6,1
407438,407439,407445,6,1
407433,407434,407447,13,1
407441,407442,407451,9,1
407441,407442,407451,9,1
407305,407305,407453,148,0
407349,407349,407454,105,0
407361,407362,407460,98,1
407353,407354,407463,109,1
407461,407462,407463,1,1
407461,407462,407463,1,1
407461,407462,407463,1,1
407325,407326,407462,136,1
407461,407462,407463,1,1
407461,407462,407463,1,1
407461,407462,407464,2,1
407461,407462,407463,1,1
407461,407462,407463,1,1
407461,407462,407463,1,1
407461,407462,407463,1,1
407461,407462,407463,1,1
407461,407462,407464,2,1
407461,407463,407464,1,2
407461,407462,407464,2,1
407461,407462,407464,2,1
407461,407462,407463,1,1
407461,407462,407464,2,1
407461,407462,407464,2,1
407461,407463,407464,1,2
407461,407462,407464,2,1
407461,407462,407463,1,1
407461,407462,407463,1,1
407461,407462,407464,2,1
407461,407462,407464,2,1
407462,407462,407464,2,0
407462,407463,407464,1,1
407461,407462,407465,3,1
407461,407462,407464,2,1
407461,407462,407464,2,1
407461,407462,407464,2,1
407461,407462,407464,2,1
407462,407463,407465,2,1
407462,407463,407464,1,1
407462,407463,407465,2,1
407461,407462,407464,2,1
407461,407462,407464,2,1
407461,407462,407464,2,1
407462,407462,407464,2,0
407462,407462,407464,2,0
407462,407463,407464,1,1
407462,407463,407464,1,1
407461,407462,407464,2,1
407461,407462,407464,2,1
407461,407462,407464,2,1
407462,407462,407464,2,0
407462,407463,407465,2,1
407462,407463,407465,2,1
407462,407464,407465,1,2
407461,407462,407464,2,1
407461,407462,407464,2,1
407462,407462,407464,2,0
407462,407462,407464,2,0
407462,407463,407464,1,1
407462,407463,407464,1,1
407462,407464,407465,1,2
407462,407464,407465,1,2
407461,407462,407464,2,1
407462,407464,407465,1,2
407461,407463,407465,2,2
407461,407463,407466,3,2
407461,407464,407466,2,3
407461,407464,407466,2,3
407462,407464,407465,1,2
407462,407465,407466,1,3
407461,407465,407468,3,4
407461,407465,407470,5,4
407468,407469,407470,1,1
407468,407469,407470,1,1
407468,407469,407470,1,1
407468,407469,407471,2,1
407468,407469,407470,1,1
407468,407469,407470,1,1
407468,407469,407471,2,1
407468,407469,407470,1,1
407468,407469,407471,2,1
407468,407469,407471,2,1
407468,407469,407470,1,1
407468,407469,407471,2,1
407468,407469,407470,1,1
407468,407469,407471,2,1
407468,407469,407471,2,1
407468,407469,407470,1,1
407468,407469,407471,2,1
407468,407469,407471,2,1
407468,407470,407472,2,2
407364,407365,407473,108,1
407472,407473,407474,1,1
407472,407473,407474,1,1
407472,407473,407475,2,1
407472,407473,407474,1,1
407472,407472,407474,2,0
407472,407473,407474,1,1
407472,407473,407474,1,1
407472,407472,407474,2,0
407472,407473,407474,1,1
407472,407473,407474,1,1
407472,407472,407474,2,0
407472,407473,407474,1,1
407472,407473,407474,1,1
407472,407472,407474,2,0
407472,407473,407474,1,1
407472,407473,407474,1,1
407472,407473,407475,2,1
407472,407473,407475,2,1
407472,407473,407475,2,1
407472,407473,407475,2,1
407468,407469,407474,5,1
407468,407470,407474,4,2
407468,407470,407474,4,2
407472,407473,407475,2,1
407472,407473,407475,2,1
407476,407476,407478,2,0
407476,407476,407478,2,0
407476,407476,407478,2,0
407476,407476,407478,2,0
407476,407477,407478,1,1
407476,407477,407478,1,1
407476,407476,407478,2,0
407476,407476,407479,3,0
407476,407476,407478,2,0
407476,407476,407478,2,0
407476,407476,407478,2,0
407476,407476,407478,2,0
407476,407477,407479,2,1
407476,407476,407479,3,0
407476,407477,407480,3,1
407476,407477,407480,3,1
407476,407477,407479,2,1
407476,407479,407481,2,3
407476,407479,407481,2,3
407476,407479,407481,2,3
407384,407384,407482,98,0
407396,407397,407483,86,1
407476,407477,407484,7,1
407374,407374,407484,110,0
407476,407477,407484,7,1
407484,407485,407486,1,1
407484,407485,407486,1,1
407484,407485,407486,1,1
407484,407485,407486,1,1
407484,407485,407486,1,1
407484,407485,407486,1,1
407484,407485,407486,1,1
407484,407485,407486,1,1
407484,407485,407487,2,1
407484,407485,407487,2,1
407484,407485,407487,2,1
407484,407485,407487,2,1
407484,407485,407486,1,1
407484,407485,407486,1,1
407484,407485,407487,2,1
407484,407485,407487,2,1
407484,407485,407488,3,1
407484,407485,407487,2,1
407484,407485,407487,2,1
407484,407485,407487,2,1
407484,407485,407487,2,1
407484,407485,407487,2,1
407484,407485,407487,2,1
407484,407485,407487,2,1
407484,407485,407487,2,1
407484,407485,407487,2,1
407484,407485,407487,2,1
407484,407485,407487,2,1
407484,407485,407487,2,1
407484,407485,407487,2,1
407484,407485,407488,3,1
407484,407485,407487,2,1
407484,407486,407487,1,2
407484,407485,407488,3,1
407484,407486,407488,2,2
407484,407486,407489,3,2
407484,407485,407488,3,1
407484,407487,407489,2,3
407484,407487,407490,3,3
407484,407485,407491,6,1
407484,407485,407491,6,1
407484,407486,407491,5,2
407491,407491,407493,2,0
407491,407491,407493,2,0
407491,407491,407493,2,0
407491,407491,407493,2,0
407491,407491,407493,2,0
407491,407491,407493,2,0
407491,407491,407493,2,0
407491,407491,407493,2,0
407491,407491,407493,2,0
407491,407491,407493,2,0
407491,407491,407494,3,0
407491,407491,407494,3,0
407491,407491,407494,3,0
407491,407491,407494,3,0
407491,407491,407494,3,0
407491,407491,407494,3,0
407491,407491,407494,3,0
407491,407491,407494,3,0
407484,407485,407494,9,1
407484,407486,407494,8,2
407491,407492,407495,3,1
407491,407491,407500,9,0
407491,407491,407501,10,0
407491,407491,407500,9,0
407405,407405,407508,103,0
407510,407510,407512,2,0
407510,407510,407512,2,0
407510,407510,407512,2,0
407510,407510,407512,2,0
407510,407510,407512,2,0
407510,407510,407512,2,0
407510,407510,407512,2,0
407510,407510,407512,2,0
407510,407510,407512,2,0
407510,407510,407512,2,0
407510,407510,407512,2,0
407510,407510,407512,2,0
407510,407510,407512,2,0
407510,407510,407512,2,0
407510,407510,407512,2,0
407510,407510,407512,2,0
407510,407510,407512,2,0
407510,407511,407513,2,1
407510,407511,407513,2,1
407510,407511,407518,7,1
407510,407510,407519,9,0
407510,407511,407519,8,1
407389,407390,407523,133,1
407434,407435,407526,91,1
407527,407527,407529,2,0
407527,407527,407529,2,0
407527,407527,407529,2,0
407527,407527,407530,3,0
407527,407528,407530,2,1
407527,407527,407530,3,0
407527,407527,407530,3,0
407527,407528,407529,1,1
407527,407527,407529,2,0
407527,407527,407529,2,0
407527,407528,407530,2,1
407527,407528,407530,2,1
407527,407527,407530,3,0
407527,407527,407529,2,0
407527,407528,407530,2,1
407527,407528,407529,1,1
407527,407527,407530,3,0
407527,407528,407530,2,1
407527,407528,407530,2,1
407527,407528,407530,2,1
407527,407528,407529,1,1
407527,407528,407530,2,1
407527,407527,407530,3,0
407527,407527,407530,3,0
407527,407528,407529,1,1
407527,407528,407530,2,1
407527,407528,407530,2,1
407527,407527,407530,3,0
407527,407527,407530,3,0
407527,407528,407531,3,1
407527,407528,407530,2,1
407527,407528,407529,1,1
407440,407440,407530,90,0
407527,407528,407531,3,1
407527,407528,407531,3,1
407527,407528,407530,2,1
407531,407532,407533,1,1
407531,407532,407534,2,1
407531,407532,407533,1,1
407527,407530,407533,3,3
407527,407531,407533,2,4
407527,407532,407534,2,5
407527,407533,407534,1,6
407531,407532,407534,2,1
407531,407532,407534,2,1
407531,407532,407533,1,1
407531,407532,407534,2,1
407531,407532,407534,2,1
407531,407532,407533,1,1
407400,407400,407534,134,0
407531,407532,407534,2,1
407531,407532,407534,2,1
407531,407532,407534,2,1
407531,407532,407533,1,1
407531,407532,407534,2,1
407531,407532,407534,2,1
407531,407532,407534,2,1
407527,407528,407534,6,1
407531,407532,407534,2,1
407531,407532,407534,2,1
407531,407532,407534,2,1
407527,407532,407535,3,5
407531,407533,407535,2,2
407527,407527,407535,8,0
407527,407528,407535,7,1
407527,407529,407535,6,2
407443,407444,407537,93,1
407531,407533,407539,6,2
407537,407537,407539,2,0
407537,407538,407539,1,1
407537,407537,407539,2,0
407537,407538,407539,1,1
407537,407537,407539,2,0
407537,407538,407539,1,1
407537,407537,407540,3,0
407537,407538,407539,1,1
407537,407538,407539,1,1
407537,407537,407539,2,0
407537,407537,407539,2,0
407537,407538,407539,1,1
407531,407532,407539,7,1
407537,407538,407540,2,1
407537,407537,407539,2,0
407537,407538,407540,2,1
407537,407538,407539,1,1
407537,407537,407539,2,0
407537,407538,407539,1,1
407537,407538,407539,1,1
407537,407538,407541,3,1
407537,407538,407542,4,1
407448,407448,407543,95,0
407417,407418,407544,126,1
407427,407427,407546,119,0
407544,407544,407546,2,0
407544,407544,407546,2,0
407544,407544,407546,2,0
407544,407544,407546,2,0
407544,407544,407546,2,0
407544,407544,407546,2,0
407544,407544,407546,2,0
407544,407544,407546,2,0
407544,407544,407546,2,0
407544,407544,407546,2,0
407544,407544,407546,2,0
407544,407544,407546,2,0
407544,407544,407546,2,0
407544,407545,407546,1,1
407544,407544,407546,2,0
407544,407544,407546,2,0
407424,407424,407546,122,0
407537,407539,407548,9,2
407544,407544,407550,6,0
407544,407545,407550,5,1
407544,407545,407550,5,1
407544,407545,407550,5,1
407544,407546,407550,4,2
407549,407549,407551,2,0
407549,407550,407551,1,1
407549,407549,407551,2,0
407549,407550,407551,1,1
407549,407550,407552,2,1
407549,407549,407551,2,0
407549,407550,407551,1,1
407549,407550,407551,1,1
407549,407549,407551,2,0
407549,407550,407551,1,1
407549,407550,407552,2,1
407549,407551,407552,1,2
407544,407545,407551,6,1
407549,407550,407551,1,1
407549,407550,407551,1,1
407549,407550,407552,2,1
407549,407550,407552,2,1
407549,407550,407551,1,1
407549,407551,407552,1,2
407549,407551,407552,1,2
407549,407550,407552,2,1
407549,407550,407552,2,1
407549,407551,407552,1,2
407549,407550,407553,3,1
407549,407549,407552,3,0
407549,407550,407552,2,1
407549,407550,407553,3,1
407549,407551,407552,1,2
407411,407411,407553,142,0
407549,407550,407552,2,1
407549,407549,407552,3,0
407549,407550,407552,2,1
407549,407551,407553,2,2
407549,407551,407552,1,2
407549,407550,407552,2,1
407549,407549,407552,3,0
407549,407550,407552,2,1
407549,407551,407552,1,2
407549,407551,407552,1,2
407549,407550,407553,3,1
407549,407552,407553,1,3
407549,407551,407554,3,2
407553,407554,407555,1,1
407553,407554,407556,2,1
407553,407554,407556,2,1
407553,407554,407556,2,1
407553,407554,407556,2,1
407553,407554,407556,2,1
407553,407554,407556,2,1
407553,407554,407555,1,1
407553,407554,407556,2,1
407553,407554,407556,2,1
407553,407554,407556,2,1
407553,407554,407556,2,1
407553,407554,407556,2,1
407553,407554,407555,1,1
407553,407554,407556,2,1
407553,407554,407556,2,1
407554,407554,407556,2,0
407554,407555,407556,1,1
407554,407555,407556,1,1
407554,407554,407556,2,0
407554,407555,407556,1,1
407554,407555,407556,1,1
407553,407554,407556,2,1
407553,407554,407556,2,1
407553,407554,407556,2,1
407553,407554,407556,2,1
407553,407555,407556,1,2
407554,407555,407556,1,1
407554,407555,407556,1,1
407554,407555,407557,2,1
407554,407554,407556,2,0
407554,407554,407556,2,0
407549,407552,407557,5,3
407549,407552,407556,4,3
407549,407553,407556,3,4
407549,407553,407557,4,4
407554,407554,407556,2,0
407554,407554,407556,2,0
407554,407555,407556,1,1
407554,407554,407557,3,0
407554,407554,407556,2,0
407554,407555,407556,1,1
407553,407554,407557,3,1
407554,407555,407557,2,1
407554,407555,407557,2,1
407554,407555,407557,2,1
407554,407555,407557,2,1
407554,407555,407557,2,1
407464,407464,407560,96,0
407560,407561,407562,1,1
407560,407561,407562,1,1
407560,407561,407563,2,1
407560,407561,407562,1,1
407560,407561,407563,2,1
407560,407561,407563,2,1
407560,407561,407563,2,1
407560,407561,407563,2,1
407560,407561,407563,2,1
407560,407561,407563,2,1
407560,407561,407563,2,1
407560,407561,407562,1,1
407560,407561,407563,2,1
407560,407561,407562,1,1
407560,407561,407563,2,1
407560,407561,407564,3,1
407560,407562,407563,1,2
407560,407561,407563,2,1
407560,407561,407563,2,1
407474,407474,407568,94,0
407568,407568,407570,2,0
407568,407568,407569,1,0
407560,407561,407569,8,1
407560,407562,407569,7,2
407560,407562,407569,7,2
407568,407568,407569,1,0
407568,407568,407570,2,0
407568,407568,407570,2,0
407568,407568,407569,1,0
407568,407568,407570,2,0
407568,407568,407570,2,0
407568,407568,407570,2,0
407568,407568,407570,2,0
407568,407568,407570,2,0
407568,407568,407570,2,0
407568,407568,407570,2,0
407568,407568,407570,2,0
407568,407568,407570,2,0
407568,407568,407570,2,0
407568,407568,407570,2,0
407568,407568,407570,2,0
407568,407568,407570,2,0
407568,407568,407569,1,0
407568,407568,407571,3,0
407568,407569,407571,2,1
407571,407572,407573,1,1
407571,407572,407573,1,1
407571,407572,407573,1,1
407571,407572,407573,1,1
407571,407572,407573,1,1
407571,407572,407574,2,1
407571,407572,407574,2,1
407571,407572,407574,2,1
407571,407572,407574,2,1
407571,407572,407574,2,1
407571,407572,407574,2,1
407571,407572,407575,3,1
407571,407572,407575,3,1
407571,407572,407574,2,1
407571,407572,407574,2,1
407571,407572,407574,2,1
407571,407572,407574,2,1
407571,407572,407574,2,1
407571,407572,407574,2,1
407571,407572,407574,2,1
407571,407572,407577,5,1
407571,407572,407576,4,1
407478,407479,407584,105,1
407586,407586,407588,2,0
407586,407586,407588,2,0
407586,407586,407588,2,0
407586,407586,407587,1,0
407586,407586,407588,2,0
407586,407586,407588,2,0
407586,407586,407588,2,0
407586,407586,407588,2,0
407586,407586,407588,2,0
407586,407586,407588,2,0
407586,407586,407588,2,0
407586,407586,407588,2,0
407586,407586,407588,2,0
407586,407586,407587,1,0
407586,407586,407588,2,0
407586,407586,407588,2,0
407586,407586,407588,2,0
407586,407587,407590,3,1
407586,407588,407590,2,2
407586,407588,407590,2,2
407586,407586,407593,7,0
407495,407495,407595,100,0
407487,407487,407596,109,0
407499,407499,407596,97,0
407586,407587,407596,9,1
407596,407596,407598,2,0
407596,407596,407598,2,0
407596,407596,407598,2,0
407596,407596,407598,2,0
407596,407596,407598,2,0
407596,407597,407598,1,1
407596,407597,407598,1,1
407596,407597,407598,1,1
407596,407596,407598,2,0
407596,407597,407598,1,1
407596,407596,407598,2,0
407596,407597,407598,1,1
407596,407597,407598,1,1
407596,407596,407598,2,0
407596,407597,407598,1,1
407596,407597,407598,1,1
407596,407596,407599,3,0
407596,407597,407601,4,1
407596,407597,407601,4,1
407596,407597,407601,4,1
407600,407600,407602,2,0
407600,407600,407601,1,0
407600,407600,407602,2,0
407600,407600,407602,2,0
407600,407600,407602,2,0
407600,407600,407602,2,0
407600,407600,407602,2,0
407600,407600,407602,2,0
407600,407600,407602,2,0
407600,407600,407602,2,0
407600,407600,407602,2,0
407600,407600,407602,2,0
407600,407600,407602,2,0
407600,407600,407602,2,0
407600,407600,407602,2,0
407600,407600,407603,3,0
407600,407601,407602,1,1
407603,407603,407605,2,0
407600,407600,407603,3,0
407600,407601,407605,4,1
407600,407601,407603,2,1
407603,407603,407605,2,0
407603,407603,407605,2,0
407603,407603,407605,2,0
407603,407603,407605,2,0
407603,407603,407605,2,0
407603,407603,407605,2,0
407603,407603,407605,2,0
407603,407603,407605,2,0
407603,407603,407605,2,0
407603,407603,407605,2,0
407603,407603,407605,2,0
407603,407604,407606,2,1
407603,407604,407606,2,1
407603,407603,407605,2,0
407603,407604,407606,2,1
407603,407604,407605,1,1
407603,407604,407606,2,1
407603,407604,407605,1,1
407603,407604,407605,1,1
407596,407597,407607,10,1
407509,407509,407609,100,0
407596,407597,407610,13,1
407603,407603,407611,8,0
407603,407604,407611,7,1
386938,386938,407611,20673,0
407600,407601,407617,16,1
407616,407616,407618,2,0
407616,407616,407618,2,0
407616,407616,407618,2,0
407616,407616,407618,2,0
407616,407616,407618,2,0
407616,407616,407618,2,0
407616,407616,407618,2,0
407616,407616,407618,2,0
407616,407617,407618,1,1
407616,407616,407618,2,0
407616,407616,407618,2,0
407616,407617,407619,2,1
407512,407516,407618,102,4
407616,407616,407619,3,0
407616,407617,407619,2,1
407616,407617,407620,3,1
407616,407617,407620,3,1
407616,407617,407619,2,1
407519,407519,407620,101,0
407620,407620,407622,2,0
407620,407620,407622,2,0
407620,407621,407622,1,1
407620,407621,407622,1,1
407620,407620,407622,2,0
407620,407621,407622,1,1
407600,407601,407618,17,1
407616,407617,407620,3,1
407616,407617,407620,3,1
407620,407621,407623,2,1
407620,407621,407622,1,1
407620,407620,407623,3,0
407620,407621,407622,1,1
407620,407621,407622,1,1
407620,407621,407622,1,1
407620,407621,407622,1,1
407620,407621,407623,2,1
407620,407621,407623,2,1
407620,407621,407622,1,1
407620,407621,407622,1,1
407620,407621,407623,2,1
407623,407624,407625,1,1
407623,407624,407625,1,1
407623,407624,407626,2,1
407623,407624,407626,2,1
407623,407624,407625,1,1
407623,407624,407625,1,1
407623,407624,407625,1,1
407623,407624,407625,1,1
407623,407624,407625,1,1
407623,407624,407625,1,1
407623,407624,407626,2,1
407623,407624,407625,1,1
407620,407624,407626,2,4
407623,407624,407626,2,1
407623,407624,407626,2,1
407623,407625,407626,1,2
407623,407624,407626,2,1
407623,407624,407626,2,1
407623,407624,407626,2,1
407620,407621,407627,6,1
407623,407625,407627,2,2
407623,407625,407627,2,2
407620,407621,407627,6,1
407616,407617,407627,10,1
407616,407617,407628,11,1
407616,407617,407627,10,1
407517,407517,407629,112,0
407539,407539,407629,90,0
407630,407630,407632,2,0
407630,407630,407631,1,0
407630,407630,407632,2,0
407630,407630,407632,2,0
407630,407631,407632,1,1
407630,407631,407632,1,1
407630,407630,407632,2,0
407630,407630,407632,2,0
407630,407631,407632,1,1
407630,407630,407632,2,0
407630,407630,407632,2,0
407630,407631,407632,1,1
407630,407632,407633,1,2
407630,407631,407632,1,1
407630,407631,407632,1,1
407630,407631,407633,2,1
407630,407630,407632,2,0
407630,407631,407632,1,1
407630,407631,407633,2,1
407630,407631,407633,2,1
407630,407631,407633,2,1
407630,407631,407632,1,1
407630,407631,407632,1,1
407630,407631,407632,1,1
407630,407631,407633,2,1
407620,407621,407629,8,1
407630,407631,407633,2,1
407630,407632,407633,1,2
407545,407546,407634,88,1
407623,407625,407635,10,2
407630,407634,407636,2,4
407630,407634,407636,2,4
407630,407634,407636,2,4
407630,407634,407636,2,4
407630,407635,407637,2,5
407630,407635,407637,2,5
407630,407634,407637,3,4
407630,407631,407637,6,1
407630,407631,407637,6,1
407630,407632,407637,5,2
407630,407632,407637,5,2
407630,407633,407637,4,3
407630,407633,407637,4,3
407636,407637,407638,1,1
407636,407637,407638,1,1
407636,407637,407638,1,1
407636,407637,407638,1,1
407636,407637,407639,2,1
407636,407637,407638,1,1
407636,407637,407638,1,1
407636,407637,407639,2,1
407636,407637,407638,1,1
407636,407637,407638,1,1
407636,407637,407638,1,1
407636,407637,407639,2,1
407636,407637,407638,1,1
407636,407637,407638,1,1
407636,407637,407638,1,1
407636,407637,407638,1,1
407636,407637,407639,2,1
407623,407625,407638,13,2
407630,407631,407639,8,1
407630,407631,407639,8,1
407630,407632,407638,6,2
407630,407633,407639,6,3
407636,407637,407640,3,1
407636,407637,407644,7,1
407636,407637,407644,7,1
407636,407638,407644,6,2
407636,407639,407644,5,3
407530,407530,407651,121,0
407533,407534,407651,117,1
407658,407658,407660,2,0
407658,407659,407660,1,1
407658,407658,407660,2,0
407658,407659,407660,1,1
407658,407659,407660,1,1
407556,407556,407660,104,0
407658,407659,407660,1,1
407658,407659,407661,2,1
407658,407659,407661,2,1
407658,407659,407661,2,1
407658,407659,407660,1,1
407658,407659,407660,1,1
407658,407659,407661,2,1
407658,407659,407660,1,1
407658,407658,407660,2,0
407658,407659,407661,2,1
407658,407659,407660,1,1
407658,407659,407661,2,1
407658,407659,407660,1,1
407658,407659,407661,2,1
407574,407574,407661,87,0
407658,407659,407661,2,1
407658,407659,407662,3,1
407658,407659,407661,2,1
407662,407662,407664,2,0
407662,407662,407664,2,0
407662,407663,407664,1,1
407662,407663,407664,1,1
407662,407663,407664,1,1
407662,407662,407665,3,0
407662,407663,407665,2,1
407662,407663,407665,2,1
407662,407663,407664,1,1
407662,407662,407665,3,0
407662,407663,407665,2,1
407662,407663,407665,2,1
407662,407663,407665,2,1
407662,407662,407664,2,0
407662,407663,407664,1,1
407662,407663,407664,1,1
407662,407663,407665,2,1
407662,407662,407665,3,0
407662,407663,407665,2,1
407662,407663,407665,2,1
407662,407663,407665,2,1
407662,407663,407665,2,1
407662,407663,407665,2,1
407662,407663,407665,2,1
407662,407662,407665,3,0
407662,407663,407665,2,1
407662,407663,407665,2,1
407662,407663,407665,2,1
407662,407663,407664,1,1
407662,407662,407665,3,0
407662,407663,407665,2,1
407662,407663,407666,3,1
407662,407663,407665,2,1
407662,407663,407665,2,1
407662,407662,407665,3,0
407662,407663,407665,2,1
407662,407663,407665,2,1
407662,407663,407665,2,1
407662,407663,407665,2,1
407662,407663,407666,3,1
407662,407662,407667,5,0
407662,407663,407667,4,1
407662,407663,407667,4,1
407662,407663,407667,4,1
407569,407570,407668,98,1
407667,407667,407668,1,0
407667,407667,407669,2,0
407667,407667,407669,2,0
407667,407667,407669,2,0
407667,407667,407669,2,0
407667,407667,407669,2,0
407667,407667,407669,2,0
407667,407667,407669,2,0
407667,407667,407669,2,0
407667,407667,407669,2,0
407667,407667,407669,2,0
407667,407667,407669,2,0
407667,407667,407669,2,0
407667,407667,407669,2,0
407667,407667,407669,2,0
407667,407667,407669,2,0
407667,407667,407669,2,0
407667,407668,407669,1,1
407671,407671,407672,1,0
407671,407671,407673,2,0
407671,407671,407672,1,0
407671,407671,407673,2,0
407671,407671,407673,2,0
407671,407671,407673,2,0
407671,407671,407672,1,0
407671,407671,407673,2,0
407671,407671,407673,2,0
407671,407671,407672,1,0
407671,407671,407673,2,0
407671,407671,407672,1,0
407671,407671,407673,2,0
407671,407671,407673,2,0
407671,407671,407673,2,0
407671,407671,407673,2,0
407671,407671,407673,2,0
407671,407671,407674,3,0
407667,407667,407674,7,0
407667,407667,407673,6,0
407667,407667,407674,7,0
407667,407667,407675,8,0
407671,407671,407675,4,0
407671,407672,407675,3,1
407671,407672,407675,3,1
407671,407671,407677,6,0
407608,407608,407695,87,0
407696,407696,407698,2,0
407696,407696,407698,2,0
407696,407696,407697,1,0
407696,407696,407698,2,0
407696,407696,407698,2,0
407696,407696,407698,2,0
407696,407696,407698,2,0
407696,407696,407698,2,0
407696,407696,407697,1,0
407598,407599,407698,99,1
407696,407696,407698,2,0
407696,407696,407697,1,0
407696,407696,407698,2,0
407696,407696,407698,2,0
407696,407696,407697,1,0
407696,407696,407698,2,0
407696,407696,407698,2,0
407590,407591,407699,108,1
407696,407696,407698,2,0
407696,407697,407699,2,1
407696,407697,407699,2,1
407595,407596,407700,104,1
407701,407702,407703,1,1
407701,407701,407703,2,0
407701,407702,407703,1,1
407701,407701,407703,2,0
407701,407701,407703,2,0
407701,407702,407703,1,1
407701,407701,407704,3,0
407701,407702,407703,1,1
407701,407703,407704,1,2
407701,407702,407703,1,1
407701,407702,407704,2,1
407701,407703,407704,1,2
407585,407586,407704,118,1
407701,407702,407704,2,1
407701,407702,407704,2,1
407605,407606,407704,98,1
407701,407702,407703,1,1
407701,407702,407704,2,1
407701,407702,407704,2,1
407696,407696,407703,7,0
407696,407697,407703,6,1
407696,407697,407703,6,1
407701,407702,407704,2,1
407701,407702,407704,2,1
407701,407702,407704,2,1
407701,407702,407704,2,1
407701,407702,407704,2,1
407701,407702,407703,1,1
407701,407702,407704,2,1
407701,407702,407704,2,1
407701,407701,407704,3,0
407701,407702,407704,2,1
407701,407702,407704,2,1
407701,407702,407704,2,1
407701,407702,407705,3,1
407701,407702,407704,2,1
407701,407702,407705,3,1
407701,407703,407706,3,2
407701,407704,407706,2,3
407705,407705,407706,1,0
407705,407705,407707,2,0
407581,407581,407707,126,0
407705,407705,407707,2,0
407602,407603,407707,104,1
407705,407705,407707,2,0
407705,407705,407707,2,0
407705,407705,407707,2,0
407705,407705,407707,2,0
407705,407706,407707,1,1
407705,407706,407707,1,1
407705,407706,407707,1,1
407705,407705,407707,2,0
407705,407705,407707,2,0
407705,407705,407707,2,0
407705,407705,407707,2,0
407705,407705,407707,2,0
407705,407705,407707,2,0
407705,407705,407707,2,0
407705,407706,407707,1,1
407705,407706,407707,1,1
407705,407706,407707,1,1
407705,407706,407708,2,1
407705,407706,407708,2,1
407705,407706,407708,2,1
407705,407705,407707,2,0
407705,407705,407707,2,0
407705,407705,407707,2,0
407705,407706,407708,2,1
407705,407706,407707,1,1
407705,407706,407708,2,1
407705,407706,407708,2,1
407705,407706,407708,2,1
407705,407706,407708,2,1
407705,407707,407708,1,2
407701,407702,407708,6,1
407701,407703,407707,4,2
407701,407703,407708,5,2
407701,407704,407707,3,3
407701,407705,407707,2,4
407705,407706,407708,2,1
407705,407705,407707,2,0
407705,407706,407708,2,1
407705,407706,407708,2,1
407705,407706,407709,3,1
407701,407706,407708,2,5
407701,407706,407709,3,5
407701,407707,407708,1,6
407701,407708,407709,1,7
407701,407707,407709,2,6
407709,407710,407711,1,1
407709,407710,407711,1,1
407709,407710,407711,1,1
407709,407710,407711,1,1
407709,407710,407711,1,1
407709,407710,407711,1,1
407709,407710,407711,1,1
407709,407710,407712,2,1
407709,407710,407711,1,1
407709,407710,407711,1,1
407709,407710,407712,2,1
407709,407710,407712,2,1
407709,407710,407712,2,1
407709,407710,407711,1,1
407709,407710,407711,1,1
407709,407710,407711,1,1
407709,407711,407712,1,2
407709,407710,407712,2,1
407709,407710,407712,2,1
407709,407710,407711,1,1
407709,407710,407711,1,1
407709,407711,407712,1,2
407709,407710,407712,2,1
407709,407710,407712,2,1
407709,407710,407711,1,1
407709,407710,407711,1,1
407709,407710,407712,2,1
407709,407710,407712,2,1
407709,407710,407712,2,1
407709,407710,407712,2,1
407709,407710,407712,2,1
407709,407710,407712,2,1
407709,407710,407712,2,1
407709,407710,407712,2,1
407709,407710,407712,2,1
407709,407710,407712,2,1
407709,407710,407712,2,1
407709,407710,407712,2,1
407709,407710,407712,2,1
407709,407710,407712,2,1
407705,407705,407713,8,0
407705,407706,407713,7,1
407709,407710,407713,3,1
407709,407710,407712,2,1
407709,407710,407713,3,1
407709,407711,407713,2,2
407705,407705,407713,8,0
407705,407709,407714,5,4
407705,407709,407714,5,4
407705,407710,407714,4,5
407714,407714,407716,2,0
407714,407714,407716,2,0
407714,407714,407716,2,0
407714,407714,407716,2,0
407714,407714,407716,2,0
407714,407714,407716,2,0
407714,407714,407716,2,0
407714,407714,407716,2,0
407714,407714,407716,2,0
407714,407714,407716,2,0
407714,407714,407716,2,0
407714,407714,407716,2,0
407714,407714,407716,2,0
407714,407715,407716,1,1
407714,407714,407716,2,0
407714,407714,407716,2,0
407714,407715,407716,1,1
407714,407715,407716,1,1
407714,407714,407717,3,0
407714,407715,407717,2,1
407611,407612,407722,110,1
407714,407715,407723,8,1
407714,407716,407723,7,2
407725,407725,407727,2,0
407725,407725,407727,2,0
407725,407725,407727,2,0
407725,407725,407727,2,0
407725,407725,407727,2,0
407725,407725,407727,2,0
407725,407725,407727,2,0
407627,407627,407727,100,0
407725,407725,407727,2,0
407725,407726,407728,2,1
407725,407725,407727,2,0
407725,407725,407727,2,0
407725,407726,407727,1,1
407725,407725,407727,2,0
407725,407726,407727,1,1
407725,407725,407727,2,0
407725,407725,407727,2,0
407725,407726,407727,1,1
407725,407726,407728,2,1
407725,407727,407728,1,2
407725,407729,407731,2,4
407725,407729,407731,2,4
407725,407729,407732,3,4
407633,407634,407733,99,1
407619,407620,407734,114,1
407622,407623,407734,111,1
386930,386930,407735,20805,0
407735,407735,407737,2,0
407735,407735,407737,2,0
407735,407735,407737,2,0
407735,407735,407737,2,0
407735,407735,407737,2,0
407735,407735,407737,2,0
407735,407736,407737,1,1
407735,407736,407737,1,1
407735,407735,407737,2,0
407735,407736,407737,1,1
407735,407735,407737,2,0
407735,407736,407737,1,1
407735,407736,407737,1,1
407735,407735,407737,2,0
407735,407736,407737,1,1
407735,407735,407737,2,0
407735,407736,407737,1,1
407735,407735,407737,2,0
407735,407736,407737,1,1
407645,407647,407739,92,2
407740,407740,407742,2,0
407740,407740,407742,2,0
407740,407741,407742,1,1
407740,407740,407742,2,0
407740,407740,407742,2,0
407740,407740,407742,2,0
407740,407740,407742,2,0
407740,407741,407743,2,1
407740,407741,407742,1,1
407740,407740,407742,2,0
407740,407741,407742,1,1
407740,407741,407743,2,1
407740,407741,407742,1,1
407740,407740,407742,2,0
407740,407740,407742,2,0
407740,407741,407743,2,1
407740,407741,407742,1,1
407740,407741,407742,1,1
407740,407740,407742,2,0
407740,407740,407742,2,0
407740,407741,407743,2,1
407740,407741,407742,1,1
407740,407741,407742,1,1
407740,407740,407742,2,0
407740,407741,407742,1,1
407740,407741,407742,1,1
407740,407740,407743,3,0
407740,407740,407742,2,0
407740,407741,407743,2,1
407740,407741,407743,2,1
407740,407741,407743,2,1
407740,407740,407743,3,0
407740,407741,407742,1,1
407740,407741,407743,2,1
407740,407741,407742,1,1
407740,407740,407743,3,0
407740,407740,407742,2,0
407740,407741,407743,2,1
407740,407741,407742,1,1
407740,407740,407743,3,0
407740,407741,407743,2,1
407740,407741,407743,2,1
407740,407742,407743,1,2
407735,407736,407743,7,1
407735,407736,407743,7,1
407735,407737,407742,5,2
407740,407745,407748,3,5
407746,407747,407748,1,1
407746,407747,407748,1,1
407746,407747,407748,1,1
407746,407747,407748,1,1
407746,407747,407749,2,1
407746,407747,407748,1,1
407746,407747,407749,2,1
407746,407747,407749,2,1
407746,407747,407748,1,1
407746,407747,407748,1,1
407746,407747,407748,1,1
407746,407747,407749,2,1
407746,407747,407749,2,1
407746,407747,407749,2,1
407746,407747,407750,3,1
407746,407748,407749,1,2
407746,407747,407749,2,1
407751,407752,407753,1,1
407746,407747,407752,5,1
407746,407747,407752,5,1
407746,407748,407752,4,2
407751,407751,407753,2,0
407751,407751,407753,2,0
407751,407752,407753,1,1
407751,407751,407754,3,0
407751,407752,407753,1,1
407751,407751,407753,2,0
407751,407752,407753,1,1
407751,407751,407753,2,0
407751,407751,407753,2,0
407751,407751,407753,2,0
407751,407751,407753,2,0
407751,407752,407753,1,1
407751,407751,407753,2,0
407751,407751,407753,2,0
407751,407752,407754,2,1
407751,407752,407754,2,1
407751,407753,407754,1,2
407661,407662,407754,92,1
407746,407753,407754,1,7
407746,407753,407754,1,7
407751,407753,407755,2,2
407751,407753,407754,1,2
407751,407752,407757,5,1
407751,407752,407758,6,1
407758,407758,407760,2,0
407758,407758,407760,2,0
407758,407758,407760,2,0
407758,407759,407760,1,1
407758,407759,407760,1,1
407758,407758,407760,2,0
407758,407758,407760,2,0
407758,407759,407760,1,1
407758,407758,407760,2,0
407758,407759,407760,1,1
407758,407758,407760,2,0
407758,407758,407760,2,0
407758,407759,407760,1,1
407758,407758,407760,2,0
407758,407759,407760,1,1
407758,407758,407760,2,0
407758,407758,407760,2,0
407758,407759,407760,1,1
407758,407758,407761,3,0
407758,407758,407761,3,0
407758,407759,407761,2,1
407758,407759,407762,3,1
407664,407665,407763,98,1
407765,407766,407767,1,1
407765,407766,407768,2,1
407765,407766,407767,1,1
407765,407766,407768,2,1
407765,407766,407767,1,1
407765,407766,407768,2,1
407765,407766,407767,1,1
407765,407766,407768,2,1
407765,407766,407768,2,1
407765,407766,407768,2,1
407765,407767,407768,1,2
407765,407766,407768,2,1
407765,407766,407768,2,1
407765,407766,407767,1,1
407765,407766,407768,2,1
407765,407766,407767,1,1
407765,407766,407768,2,1
407673,407675,407771,96,2
407765,407766,407771,5,1
407765,407767,407772,5,2
407765,407767,407772,5,2
407765,407766,407773,7,1
407765,407767,407773,6,2
407773,407773,407775,2,0
407773,407773,407775,2,0
407773,407773,407775,2,0
407773,407773,407775,2,0
407773,407773,407775,2,0
407773,407773,407774,1,0
407773,407773,407775,2,0
407773,407773,407774,1,0
407773,407773,407775,2,0
407773,407773,407775,2,0
407773,407773,407775,2,0
407773,407773,407775,2,0
407773,407773,407775,2,0
407773,407774,407775,1,1
407773,407774,407775,1,1
407773,407773,407775,2,0
407773,407773,407775,2,0
407773,407773,407779,6,0
407689,407689,407779,90,0
407773,407773,407779,6,0
407773,407773,407780,7,0
407773,407774,407780,6,1
407773,407774,407780,6,1
407781,407781,407783,2,0
407781,407781,407783,2,0
407781,407781,407783,2,0
407781,407781,407783,2,0
407781,407782,407783,1,1
407781,407781,407783,2,0
407781,407782,407783,1,1
407781,407781,407783,2,0
407781,407781,407783,2,0
407781,407782,407783,1,1
407781,407782,407783,1,1
407781,407781,407783,2,0
407781,407781,407783,2,0
407781,407781,407784,3,0
407781,407781,407784,3,0
407781,407782,407785,3,1
407781,407782,407785,3,1
407686,407686,407788,102,0
407781,407782,407784,2,1
407781,407783,407785,2,2
407781,407783,407792,9,2
407781,407783,407791,8,2
407791,407791,407793,2,0
407791,407791,407793,2,0
407791,407791,407793,2,0
407791,407791,407792,1,0
407791,407791,407793,2,0
407791,407791,407793,2,0
407791,407791,407793,2,0
407791,407791,407793,2,0
407791,407791,407793,2,0
407791,407791,407793,2,0
407791,407791,407793,2,0
407791,407791,407794,3,0
407791,407791,407795,4,0
407791,407791,407794,3,0
407681,407681,407795,114,0
407791,407791,407794,3,0
407791,407792,407794,2,1
407791,407792,407794,2,1
407796,407796,407798,2,0
407796,407796,407798,2,0
407796,407796,407798,2,0
407796,407796,407798,2,0
407796,407796,407798,2,0
407796,407796,407798,2,0
407796,407796,407798,2,0
407796,407797,407798,1,1
407796,407796,407798,2,0
407796,407797,407798,1,1
407796,407797,407798,1,1
407796,407796,407798,2,0
407796,407796,407799,3,0
407796,407796,407799,3,0
407796,407797,407799,2,1
407796,407796,407799,3,0
407791,407792,407799,7,1
407791,407792,407800,8,1
407703,407704,407801,97,1
407697,407698,407802,104,1
407796,407797,407803,6,1
407796,407797,407803,6,1
407796,407797,407803,6,1
407796,407797,407803,6,1
407802,407803,407804,1,1
407802,407802,407805,3,0
407802,407803,407804,1,1
407802,407802,407804,2,0
407802,407803,407804,1,1
407802,407803,407805,2,1
407802,407803,407804,1,1
407802,407802,407804,2,0
407802,407803,407804,1,1
407802,407803,407804,1,1
407802,407803,407804,1,1
407802,407803,407804,1,1
407802,407803,407804,1,1
407796,407796,407798,2,0
407796,407796,407798,2,0
407802,407803,407805,2,1
407802,407803,407805,2,1
407802,407804,407806,2,2
407802,407803,407806,3,1
407802,407804,407805,1,2
407711,407712,407807,95,1
407802,407803,407809,6,1
407802,407803,407809,6,1
407802,407803,407808,5,1
407802,407803,407810,7,1
407809,407810,407811,1,1
407809,407809,407811,2,0
407809,407809,407811,2,0
407809,407809,407811,2,0
407809,407809,407811,2,0
407809,407809,407811,2,0
407809,407809,407811,2,0
407809,407810,407811,1,1
407809,407809,407811,2,0
407809,407809,407811,2,0
407809,407810,407811,1,1
407809,407809,407811,2,0
407809,407810,407811,1,1
407809,407809,407812,3,0
407809,407810,407812,2,1
407809,407810,407812,2,1
407809,407810,407812,2,1
407809,407810,407813,3,1
407809,407811,407813,2,2
407809,407811,407813,2,2
407715,407716,407816,100,1
407815,407815,407816,1,0
407815,407815,407817,2,0
407815,407815,407817,2,0
407815,407815,407817,2,0
407809,407810,407816,6,1
407809,407810,407816,6,1
407815,407815,407817,2,0
407815,407815,407817,2,0
407815,407815,407817,2,0
407815,407815,407817,2,0
407815,407815,407817,2,0
407815,407815,407817,2,0
407815,407815,407817,2,0
407815,407815,407817,2,0
407815,407815,407817,2,0
407815,407815,407817,2,0
407815,407815,407817,2,0
407815,407815,407817,2,0
407815,407817,407818,1,2
407815,407816,407818,2,1
407815,407816,407818,2,1
407815,407817,407819,2,2
407818,407818,407820,2,0
407818,407819,407820,1,1
407818,407818,407820,2,0
407818,407818,407820,2,0
407818,407818,407820,2,0
407818,407818,407820,2,0
407818,407818,407820,2,0
407818,407818,407820,2,0
407818,407818,407820,2,0
407818,407819,407820,1,1
407818,407818,407820,2,0
407818,407818,407820,2,0
407818,407818,407820,2,0
407818,407819,407820,1,1
407818,407818,407821,3,0
407818,407819,407820,1,1
407818,407819,407820,1,1
407818,407818,407820,2,0
407818,407819,407820,1,1
407818,407819,407820,1,1
407818,407819,407820,1,1
407818,407818,407821,3,0
407791,407791,407792,1,0
407791,407791,407793,2,0
407791,407791,407793,2,0
407815,407815,407822,7,0
407815,407816,407821,5,1
407730,407730,407835,105,0
407841,407841,407843,2,0
407841,407841,407843,2,0
407841,407841,407843,2,0
407841,407841,407843,2,0
407841,407841,407843,2,0
407841,407841,407843,2,0
407841,407841,407843,2,0
407841,407841,407843,2,0
407841,407841,407843,2,0
407841,407841,407843,2,0
407841,407841,407843,2,0
407841,407841,407843,2,0
407841,407841,407843,2,0
407841,407841,407843,2,0
407841,407841,407843,2,0
407841,407841,407843,2,0
407841,407841,407843,2,0
407841,407841,407843,2,0
407841,407841,407844,3,0
407841,407841,407844,3,0
407841,407841,407845,4,0
407742,407742,407846,104,0
407841,407842,407846,4,1
407851,407851,407852,1,0
407851,407851,407853,2,0
407851,407851,407853,2,0
407851,407851,407853,2,0
407851,407851,407853,2,0
407851,407851,407853,2,0
407851,407851,407853,2,0
407851,407851,407852,1,0
407851,407851,407853,2,0
407851,407851,407853,2,0
407851,407851,407853,2,0
407851,407851,407853,2,0
407851,407852,407853,1,1
407851,407851,407853,2,0
407851,407852,407854,2,1
407851,407852,407853,1,1
407851,407852,407853,1,1
407851,407851,407853,2,0
407851,407851,407853,2,0
407759,407761,407858,97,2
407851,407852,407859,7,1
407851,407852,407859,7,1
407851,407852,407859,7,1
407774,407775,407859,84,1
407859,407860,407861,1,1
407859,407860,407861,1,1
407749,407749,407860,111,0
407859,407860,407861,1,1
407859,407860,407861,1,1
407859,407860,407861,1,1
407859,407860,407861,1,1
407859,407860,407861,1,1
407859,407860,407862,2,1
407860,407860,407862,2,0
407859,407860,407862,2,1
407860,407861,407862,1,1
407859,407860,407862,2,1
407860,407860,407862,2,0
407859,407861,407862,1,2
407860,407860,407862,2,0
407860,407860,407862,2,0
407859,407860,407862,2,1
407860,407860,407862,2,0
407860,407860,407862,2,0
407859,407860,407862,2,1
407860,407860,407862,2,0
407860,407861,407862,1,1
407860,407860,407862,2,0
407859,407860,407862,2,1
407859,407860,407862,2,1
407860,407860,407862,2,0
407860,407861,407863,2,1
407860,407861,407862,1,1
407860,407860,407862,2,0
407860,407860,407862,2,0
407860,407860,407862,2,0
407859,407861,407863,2,2
407859,407861,407863,2,2
407860,407861,407863,2,1
407859,407860,407864,4,1
407859,407861,407864,3,2
407860,407861,407864,3,1
407860,407863,407865,2,3
407860,407862,407865,3,2
407859,407863,407865,2,4
407859,407864,407865,1,5
407859,407864,407865,1,5
407860,407864,407866,2,4
407860,407865,407866,1,5
407864,407864,407866,2,0
407864,407864,407866,2,0
407864,407865,407866,1,1
407864,407864,407866,2,0
407864,407864,407866,2,0
407864,407864,407866,2,0
407864,407865,407866,1,1
407864,407864,407866,2,0
407864,407864,407866,2,0
407864,407865,407866,1,1
407864,407864,407866,2,0
407864,407864,407866,2,0
407864,407865,407866,1,1
407864,407865,407867,2,1
407864,407864,407867,3,0
407864,407865,407867,2,1
407864,407865,407867,2,1
407864,407864,407867,3,0
407864,407865,407866,1,1
407864,407865,407866,1,1
407864,407864,407867,3,0
407763,407764,407867,103,1
407864,407864,407867,3,0
407783,407783,407873,90,0
407772,407772,407873,101,0
407873,407873,407875,2,0
407873,407874,407875,1,1
407873,407873,407875,2,0
407873,407873,407875,2,0
407873,407873,407875,2,0
407793,407794,407875,81,1
407873,407873,407875,2,0
407873,407873,407875,2,0
407873,407874,407876,2,1
407873,407873,407875,2,0
407873,407873,407875,2,0
407873,407873,407875,2,0
407873,407873,407875,2,0
407873,407873,407875,2,0
407780,407781,407875,94,1
407873,407873,407875,2,0
407873,407873,407876,3,0
407873,407873,407876,3,0
407873,407873,407876,3,0
407873,407873,407876,3,0
407873,407874,407876,2,1
407873,407877,407879,2,4
407873,407878,407880,2,5
407873,407878,407880,2,5
407878,407879,407880,1,1
407878,407878,407880,2,0
407878,407878,407880,2,0
407878,407878,407881,3,0
407878,407879,407880,1,1
407878,407878,407881,3,0
407878,407878,407880,2,0
407878,407879,407880,1,1
407878,407878,407880,2,0
407878,407879,407880,1,1
407878,407879,407881,2,1
407878,407879,407881,2,1
407878,407878,407881,3,0
407878,407879,407880,1,1
407878,407879,407880,1,1
407878,407879,407881,2,1
407878,407879,407881,2,1
407878,407878,407881,3,0
407878,407879,407880,1,1
407878,407879,407880,1,1
407878,407879,407881,2,1
407878,407879,407881,2,1
407878,407879,407880,1,1
407878,407879,407881,2,1
407878,407879,407880,1,1
407878,407879,407881,2,1
407878,407879,407881,2,1
407879,407880,407881,1,1
407879,407880,407881,1,1
407879,407880,407881,1,1
407879,407880,407881,1,1
407879,407880,407882,2,1
407879,407880,407882,2,1
407879,407880,407882,2,1
407879,407880,407881,1,1
407878,407879,407881,2,1
407878,407879,407881,2,1
407878,407879,407881,2,1
407879,407880,407882,2,1
407878,407879,407881,2,1
407878,407880,407881,1,2
407879,407880,407882,2,1
407879,407880,407882,2,1
407879,407880,407881,1,1
407878,407879,407881,2,1
407878,407879,407881,2,1
407879,407880,407882,2,1
407879,407880,407881,1,1
407879,407880,407881,1,1
407879,407880,407882,2,1
407879,407881,407883,2,2
407879,407881,407883,2,2
407879,407881,407883,2,2
407767,407768,407883,115,1
407878,407880,407885,5,2
407883,407884,407885,1,1
407883,407883,407885,2,0
407883,407883,407885,2,0
407883,407884,407885,1,1
407883,407883,407885,2,0
407883,407884,407885,1,1
407883,407884,407885,1,1
407883,407883,407885,2,0
407883,407883,407885,2,0
407883,407883,407885,2,0
407883,407883,407885,2,0
407883,407883,407885,2,0
407883,407883,407885,2,0
407883,407883,407885,2,0
407883,407883,407885,2,0
407883,407883,407885,2,0
407883,407883,407885,2,0
407883,407883,407885,2,0
407883,407883,407885,2,0
407883,407883,407886,3,0
407878,407879,407885,6,1
407878,407879,407885,6,1
407878,407881,407886,5,3
407878,407881,407885,4,3
407879,407883,407886,3,4
407798,407798,407886,88,0
407886,407886,407887,1,0
407886,407886,407888,2,0
407886,407886,407888,2,0
407886,407886,407887,1,0
407886,407886,407888,2,0
407886,407886,407888,2,0
407886,407886,407888,2,0
407886,407886,407888,2,0
407886,407886,407887,1,0
407886,407886,407887,1,0
407886,407886,407888,2,0
407886,407887,407888,1,1
407886,407886,407888,2,0
407886,407886,407888,2,0
407886,407886,407888,2,0
407886,407886,407888,2,0
407886,407887,407889,2,1
407886,407886,407888,2,0
407886,407886,407888,2,0
407886,407886,407888,2,0
407790,407791,407889,98,1
407889,407890,407891,1,1
407889,407890,407891,1,1
407889,407889,407892,3,0
407889,407890,407891,1,1
407889,407890,407892,2,1
407889,407890,407892,2,1
407889,407889,407891,2,0
407889,407890,407891,1,1
407889,407890,407891,1,1
407889,407889,407891,2,0
407889,407890,407892,2,1
407889,407890,407891,1,1
407889,407889,407891,2,0
407889,407890,407891,1,1
407889,407890,407891,1,1
407883,407885,407891,6,2
407883,407885,407891,6,2
407886,407887,407892,5,1
407886,407887,407892,5,1
407889,407890,407892,2,1
407889,407889,407892,3,0
407889,407890,407891,1,1
407889,407890,407891,1,1
407889,407889,407892,3,0
407894,407895,407896,1,1
407894,407894,407896,2,0
407894,407895,407896,1,1
407894,407894,407896,2,0
407894,407895,407896,1,1
407894,407895,407896,1,1
407894,407895,407896,1,1
407894,407894,407897,3,0
407894,407895,407896,1,1
407894,407895,407896,1,1
407894,407894,407896,2,0
407894,407895,407896,1,1
407894,407895,407896,1,1
407894,407895,407896,1,1
407894,407895,407897,2,1
407894,407895,407896,1,1
407894,407895,407897,2,1
407889,407895,407901,6,6
407889,407895,407901,6,6
407894,407896,407900,4,2
407894,407897,407900,3,3
407894,407897,407900,3,3
407894,407895,407902,7,1
407805,407806,407903,97,1
407894,407895,407903,8,1
407811,407812,407905,93,1
407878,407878,407881,3,0
407878,407879,407880,1,1
407878,407879,407881,2,1
407878,407879,407881,2,1
407878,407879,407881,2,1
407879,407880,407881,1,1
407879,407880,407881,1,1
407801,407801,407905,104,0
407905,407905,407907,2,0
407905,407905,407907,2,0
407905,407905,407907,2,0
407905,407905,407907,2,0
407905,407905,407907,2,0
407905,407905,407907,2,0
407905,407905,407907,2,0
407905,407905,407907,2,0
407905,407905,407907,2,0
407905,407905,407907,2,0
407905,407905,407907,2,0
407905,407905,407907,2,0
407905,407905,407907,2,0
407905,407905,407907,2,0
407905,407905,407907,2,0
407905,407905,407907,2,0
407905,407905,407907,2,0
407905,407906,407911,5,1
407905,407905,407912,7,0
407905,407906,407912,6,1
407905,407906,407912,6,1
407905,407906,407913,7,1
407912,407913,407914,1,1
407912,407913,407914,1,1
407912,407913,407914,1,1
407912,407913,407914,1,1
407912,407913,407915,2,1
407912,407913,407914,1,1
407912,407913,407914,1,1
407912,407913,407914,1,1
407912,407913,407915,2,1
407912,407913,407914,1,1
407912,407913,407915,2,1
407912,407913,407915,2,1
407912,407913,407914,1,1
407912,407913,407915,2,1
407912,407913,407915,2,1
407912,407913,407914,1,1
407912,407913,407915,2,1
407912,407913,407916,3,1
407912,407913,407915,2,1
407912,407914,407916,2,2
407912,407915,407917,2,3
407912,407916,407917,1,4
407817,407818,407917,99,1
386925,386925,407917,20992,0
386931,386931,407920,20989,0
407919,407920,407921,1,1
407919,407920,407921,1,1
407919,407920,407922,2,1
407919,407920,407921,1,1
407919,407920,407922,2,1
407919,407920,407921,1,1
407919,407920,407922,2,1
407919,407920,407922,2,1
407919,407920,407921,1,1
407919,407920,407921,1,1
407919,407920,407922,2,1
407919,407920,407922,2,1
407919,407920,407921,1,1
407919,407920,407922,2,1
407919,407920,407922,2,1
407919,407920,407922,2,1
407919,407920,407922,2,1
407919,407920,407922,2,1
407827,407828,407924,96,1
407919,407923,407925,2,4
407919,407923,407925,2,4
407925,407926,407927,1,1
407925,407925,407927,2,0
407925,407926,407927,1,1
407925,407925,407927,2,0
407925,407925,407927,2,0
407925,407926,407927,1,1
407925,407926,407927,1,1
407925,407925,407927,2,0
407925,407925,407927,2,0
407925,407925,407927,2,0
407925,407926,407927,1,1
407925,407925,407927,2,0
407925,407925,407927,2,0
407919,407921,407927,6,2
407925,407926,407927,1,1
407925,407925,407927,2,0
407925,407925,407928,3,0
407925,407926,407928,2,1
407925,407926,407927,1,1
407925,407926,407929,3,1
407925,407926,407928,2,1
407925,407926,407928,2,1
407925,407926,407928,2,1
407925,407926,407929,3,1
407925,407926,407928,2,1
407925,407926,407928,2,1
407925,407926,407928,2,1
407925,407926,407928,2,1
407925,407926,407929,3,1
407925,407927,407929,2,2
407925,407925,407928,3,0
407925,407926,407928,2,1
407925,407926,407929,3,1
407925,407927,407928,1,2
407925,407926,407929,3,1
407925,407926,407928,2,1
407925,407926,407929,3,1
407925,407926,407928,2,1
407925,407927,407928,1,2
407925,407926,407929,3,1
407925,407926,407928,2,1
407919,407920,407931,11,1
407925,407926,407936,10,1
407925,407926,407935,9,1
407925,407927,407935,8,2
407925,407927,407936,9,2
407821,407822,407940,118,1
407846,407847,407939,92,1
407944,407944,407945,1,0
407944,407944,407945,1,0
407853,407853,407944,91,0
407944,407944,407945,1,0
407944,407944,407946,2,0
407944,407944,407946,2,0
407944,407944,407946,2,0
407944,407944,407946,2,0
407944,407945,407946,1,1
407944,407944,407946,2,0
407944,407944,407946,2,0
407944,407944,407946,2,0
407944,407945,407946,1,1
407944,407944,407946,2,0
407944,407944,407946,2,0
407944,407944,407946,2,0
407944,407945,407946,1,1
407944,407944,407946,2,0
407944,407944,407946,2,0
407944,407944,407946,2,0
407944,407945,407946,1,1
407944,407944,407946,2,0
407944,407944,407946,2,0
407944,407944,407946,2,0
407944,407945,407946,1,1
407944,407944,407946,2,0
407944,407944,407946,2,0
407944,407945,407946,1,1
407944,407944,407946,2,0
407944,407944,407946,2,0
407944,407944,407946,2,0
407944,407944,407946,2,0
407944,407944,407947,3,0
407944,407944,407946,2,0
407944,407945,407946,1,1
407944,407944,407946,2,0
407944,407944,407947,3,0
407944,407945,407946,1,1
407944,407945,407946,1,1
407944,407944,407947,3,0
407947,407947,407948,1,0
407947,407947,407949,2,0
407947,407947,407949,2,0
407947,407947,407949,2,0
407947,407947,407948,1,0
407947,407947,407949,2,0
407947,407947,407949,2,0
407947,407947,407949,2,0
407947,407947,407949,2,0
407947,407947,407949,2,0
407947,407947,407949,2,0
407947,407947,407949,2,0
407947,407947,407949,2,0
407947,407947,407949,2,0
407947,407947,407949,2,0
407947,407947,407949,2,0
407947,407947,407949,2,0
407947,407948,407949,1,1
407947,407948,407949,1,1
407947,407947,407949,2,0
386944,386944,407951,21007,0
407944,407944,407955,11,0
407944,407945,407955,10,1
407944,407945,407955,10,1
407944,407947,407955,8,3
407944,407947,407955,8,3
407947,407948,407955,7,1
407947,407947,407956,9,0
407880,407881,407960,79,1
407836,407836,407963,127,0
407964,407965,407966,1,1
407964,407965,407966,1,1
407964,407965,407966,1,1
407964,407965,407966,1,1
407964,407965,407966,1,1
407964,407965,407967,2,1
407964,407965,407967,2,1
407964,407965,407967,2,1
407964,407965,407967,2,1
407964,407965,407966,1,1
407964,407965,407967,2,1
407964,407965,407967,2,1
407964,407965,407967,2,1
407964,407965,407967,2,1
407964,407965,407967,2,1
407964,407965,407967,2,1
407964,407965,407968,3,1
407875,407875,407969,94,0
407964,407965,407969,4,1
407964,407965,407969,4,1
407964,407965,407969,4,1
407964,407965,407967,2,1
407964,407965,407967,2,1
407969,407970,407971,1,1
407969,407970,407971,1,1
386929,386929,407972,21043,0
407969,407970,407972,2,1
407969,407970,407972,2,1
407969,407970,407972,2,1
407969,407970,407971,1,1
407969,407970,407972,2,1
407969,407970,407971,1,1
407969,407970,407971,1,1
407969,407970,407971,1,1
407969,407970,407971,1,1
407969,407970,407971,1,1
407969,407970,407972,2,1
407969,407970,407972,2,1
407969,407970,407971,1,1
407969,407970,407972,2,1
407969,407970,407972,2,1
407969,407971,407973,2,2
407969,407971,407973,2,2
407969,407970,407972,2,1
407969,407971,407973,2,2
407969,407971,407973,2,2
407866,407866,407977,111,0
407976,407976,407977,1,0
407976,407976,407978,2,0
407976,407976,407978,2,0
407976,407976,407978,2,0
407976,407976,407978,2,0
407976,407976,407978,2,0
407976,407976,407978,2,0
407976,407976,407978,2,0
407976,407976,407978,2,0
407976,407976,407978,2,0
407976,407976,407978,2,0
407976,407976,407978,2,0
407976,407976,407978,2,0
407976,407976,407978,2,0
407976,407976,407978,2,0
407976,407976,407978,2,0
407976,407977,407978,1,1
407976,407976,407979,3,0
407976,407976,407979,3,0
407979,407980,407981,1,1
407979,407980,407982,2,1
407979,407980,407981,1,1
407979,407980,407982,2,1
407979,407980,407982,2,1
407979,407980,407982,2,1
407979,407980,407982,2,1
407979,407980,407982,2,1
407979,407980,407982,2,1
407979,407980,407982,2,1
407979,407980,407981,1,1
407976,407976,407981,5,0
407976,407977,407982,5,1
407976,407977,407981,4,1
407979,407980,407982,2,1
407979,407980,407982,2,1
407979,407980,407982,2,1
407979,407980,407982,2,1
407979,407980,407982,2,1
407979,407980,407982,2,1
407979,407980,407982,2,1
407979,407980,407983,3,1
407979,407981,407983,2,2
407888,407888,407987,99,0
407979,407980,407987,7,1
407979,407981,407987,6,2
407902,407902,407990,88,0
407994,407994,407996,2,0
407994,407995,407996,1,1
407994,407994,407996,2,0
407994,407995,407996,1,1
407994,407995,407996,1,1
407994,407995,407996,1,1
407994,407995,407996,1,1
407994,407995,407996,1,1
407994,407994,407996,2,0
407994,407995,407996,1,1
407994,407995,407996,1,1
407994,407995,407996,1,1
407994,407994,407997,3,0
407994,407994,407997,3,0
407994,407995,407997,2,1
407994,407995,407996,1,1
407994,407995,407997,2,1
407994,407994,407997,3,0
407994,407995,407997,2,1
407994,407995,407997,2,1
407994,407995,407997,2,1
407994,407995,407997,2,1
407994,407994,407997,3,0
407994,407994,407996,2,0
407994,407995,407997,2,1
407994,407995,407997,2,1
407994,407995,407997,2,1
407994,407994,407997,3,0
407994,407995,407997,2,1
407994,407995,407997,2,1
407994,407995,407997,2,1
407994,407995,407997,2,1
407994,407995,407997,2,1
407994,407994,407997,3,0
407994,407995,407997,2,1
407994,407995,407997,2,1
407994,407995,407997,2,1
407994,407996,407998,2,2
407994,407996,407999,3,2
407994,407995,408000,5,1
407994,407995,407999,4,1
407994,407996,408000,4,2
407994,407996,408000,4,2
407994,407997,408000,3,3
407892,407892,408004,112,0
407896,407897,408004,107,1
408008,408009,408010,1,1
408008,408009,408011,2,1
408008,408009,408010,1,1
408008,408009,408010,1,1
408008,408009,408010,1,1
408008,408009,408010,1,1
408008,408009,408010,1,1
408008,408009,408011,2,1
408008,408009,408011,2,1
408008,408009,408010,1,1
408008,408009,408011,2,1
408008,408009,408011,2,1
408008,408009,408010,1,1
408008,408009,408010,1,1
408008,408009,408011,2,1
408008,408009,408010,1,1
408008,408009,408011,2,1
408008,408009,408011,2,1
408008,408009,408011,2,1
408011,408012,408013,1,1
408011,408012,408014,2,1
408011,408012,408013,1,1
408011,408012,408014,2,1
408011,408012,408013,1,1
408011,408012,408014,2,1
408011,408012,408013,1,1
408011,408012,408013,1,1
408011,408012,408014,2,1
408011,408012,408013,1,1
408011,408012,408014,2,1
408011,408012,408014,2,1
408011,408012,408014,2,1
408011,408012,408014,2,1
408011,408012,408014,2,1
408011,408012,408014,2,1
408011,408012,408014,2,1
408011,408012,408014,2,1
408011,408013,408014,1,2
407927,407927,408015,88,0
408011,408012,408015,3,1
408018,408018,408019,1,0
408008,408009,408019,10,1
408008,408009,408018,9,1
408008,408010,408019,9,2
408011,408012,408019,7,1
408018,408018,408020,2,0
408018,408018,408020,2,0
408018,408018,408020,2,0
408018,408018,408020,2,0
408018,408018,408020,2,0
408018,408018,408020,2,0
408018,408018,408020,2,0
408018,408018,408020,2,0
408018,408018,408020,2,0
408018,408018,408020,2,0
408018,408018,408020,2,0
408018,408018,408020,2,0
408018,408018,408020,2,0
408018,408018,408020,2,0
408018,408018,408020,2,0
408011,408013,408020,7,2
408018,408020,408022,2,2
408018,408020,408021,1,2
408018,408020,408021,1,2
408018,408018,408025,7,0
408018,408019,408025,6,1
408018,408019,408025,6,1
386940,386940,408025,21085,0
407922,407922,408026,104,0
407916,407916,408027,111,0
408028,408028,408029,1,0
408028,408028,408030,2,0
408028,408028,408030,2,0
408028,408028,408030,2,0
408028,408028,408030,2,0
408028,408028,408030,2,0
408028,408028,408030,2,0
408028,408028,408030,2,0
408028,408028,408030,2,0
408028,408028,408030,2,0
408028,408029,408030,1,1
408028,408028,408030,2,0
408028,408028,408030,2,0
408028,408029,408030,1,1
408028,408028,408030,2,0
408028,408028,408030,2,0
408028,408029,408030,1,1
407945,407946,408030,84,1
408028,408029,408032,3,1
408028,408029,408032,3,1
408033,408033,408035,2,0
408033,408033,408034,1,0
408033,408033,408035,2,0
408033,408033,408035,2,0
408033,408034,408035,1,1
408033,408033,408035,2,0
408033,408033,408035,2,0
408033,408033,408035,2,0
408033,408034,408035,1,1
408033,408033,408035,2,0
408033,408033,408034,1,0
408033,408033,408035,2,0
408033,408034,408035,1,1
408033,408034,408035,1,1
408033,408033,408035,2,0
408033,408033,408035,2,0
408033,408033,408035,2,0
408033,408034,408035,1,1
408033,408034,408035,1,1
408028,408031,408034,3,3
408028,408031,408035,4,3
408028,408032,408034,2,4
408033,408034,408036,2,1
408033,408033,408035,2,0
408033,408033,408035,2,0
408033,408033,408035,2,0
408033,408034,408036,2,1
408033,408034,408036,2,1
408033,408034,408035,1,1
408033,408033,408035,2,0
408033,408033,408035,2,0
408033,408033,408035,2,0
408033,408034,408036,2,1
408033,408034,408035,1,1
408033,408033,408035,2,0
408033,408033,408036,3,0
408033,408034,408035,1,1
408033,408034,408036,2,1
408033,408035,408036,1,2
408033,408034,408035,1,1
408033,408034,408035,1,1
408033,408035,408036,1,2
408033,408034,408036,2,1
408033,408034,408036,2,1
408033,408033,408036,3,0
408033,408034,408037,3,1
408033,408035,408037,2,2
407949,407949,408039,90,0
408042,408043,408044,1,1
408042,408043,408045,2,1
408042,408043,408044,1,1
408042,408043,408044,1,1
408042,408043,408044,1,1
408042,408043,408045,2,1
408042,408043,408044,1,1
408042,408043,408045,2,1
408042,408043,408044,1,1
408042,408043,408045,2,1
408042,408043,408044,1,1
408042,408043,408044,1,1
408042,408043,408045,2,1
408042,408043,408044,1,1
408042,408043,408044,1,1
408042,408043,408044,1,1
408042,408043,408044,1,1
408042,408043,408045,2,1
408042,408043,408045,2,1
408042,408043,408045,2,1
408042,408043,408046,3,1
408042,408043,408046,3,1
407952,407952,408056,104,0
407933,407934,408058,124,1
407941,407942,408058,116,1
407959,407960,408059,99,1
407977,407978,408061,83,1
408059,408060,408061,1,1
408059,408060,408062,2,1
408059,408060,408062,2,1
408059,408060,408061,1,1
408059,408060,408061,1,1
408059,408060,408061,1,1
408059,408060,408062,2,1
408059,408060,408062,2,1
408059,408060,408062,2,1
408059,408060,408062,2,1
408059,408060,408062,2,1
408059,408060,408062,2,1
408059,408060,408062,2,1
408059,408060,408062,2,1
408059,408060,408062,2,1
407967,407971,408062,91,4
408059,408060,408062,2,1
408059,408060,408062,2,1
408059,408060,408062,2,1
408059,408060,408062,2,1
408063,408063,408064,1,0
408063,408063,408065,2,0
408063,408063,408065,2,0
408063,408063,408065,2,0
408063,408063,408065,2,0
408063,408063,408065,2,0
408063,408063,408065,2,0
408063,408063,408065,2,0
408063,408063,408065,2,0
408063,408064,408065,1,1
408063,408064,408065,1,1
408063,408063,408065,2,0
408063,408063,408065,2,0
408063,408063,408065,2,0
408063,408064,408066,2,1
408063,408064,408065,1,1
408063,408064,408066,2,1
408063,408063,408065,2,0
408063,408064,408066,2,1
408063,408064,408065,1,1
408063,408064,408066,2,1
408063,408065,408066,1,2
408063,408065,408066,1,2
408063,408063,408065,2,0
408063,408063,408065,2,0
408063,408063,408065,2,0
408063,408063,408065,2,0
408063,408064,408065,1,1
408063,408064,408066,2,1
408063,408064,408066,2,1
408063,408065,408066,1,2
408063,408065,408066,1,2
408063,408065,408066,1,2
408063,408065,408066,1,2
408063,408065,408067,2,2
408063,408065,408066,1,2
408063,408065,408066,1,2
408063,408063,408065,2,0
408063,408063,408065,2,0
408063,408064,408066,2,1
408063,408064,408066,2,1
408063,408064,408066,2,1
408063,408065,408067,2,2
408063,408065,408067,2,2
408063,408063,408065,2,0
408063,408064,408065,1,1
408063,408064,408066,2,1
408063,408064,408066,2,1
408063,408065,408066,1,2
408063,408065,408067,2,2
408063,408065,408067,2,2
408063,408065,408067,2,2
408063,408064,408066,2,1
408063,408064,408066,2,1
408063,408065,408066,1,2
408063,408065,408066,1,2
408063,408065,408066,1,2
408063,408065,408067,2,2
408066,408067,408068,1,1
408066,408067,408068,1,1
408066,408067,408068,1,1
408066,408067,408068,1,1
408066,408068,408069,1,2
408066,408067,408068,1,1
408066,408067,408069,2,1
408066,408067,408069,2,1
408066,408067,408069,2,1
408066,408067,408069,2,1
408066,408067,408069,2,1
408066,408067,408069,2,1
408066,408067,408069,2,1
408066,408067,408069,2,1
408066,408067,408069,2,1
408066,408067,408069,2,1
408066,408067,408069,2,1
407984,407984,408069,85,0
408066,408067,408069,2,1
408066,408068,408069,1,2
408059,408060,408070,10,1
408066,408067,408069,2,1
408066,408068,408069,1,2
408066,408068,408069,1,2
408059,408060,408071,11,1
408059,408060,408071,11,1
408063,408064,408072,8,1
408070,408071,408073,2,1
408070,408071,408073,2,1
408070,408071,408073,2,1
408070,408071,408073,2,1
408070,408071,408073,2,1
408070,408071,408073,2,1
408070,408071,408074,3,1
408070,408071,408074,3,1
408070,408071,408073,2,1
408070,408071,408074,3,1
408070,408071,408073,2,1
408070,408071,408073,2,1
408070,408071,408073,2,1
408070,408071,408073,2,1
408070,408071,408073,2,1
408063,408063,408074,11,0
408070,408071,408074,3,1
408070,408072,408074,2,2
408070,408072,408073,1,2
408070,408071,408073,2,1
408063,408065,408074,9,2
408063,408065,408076,11,2
408063,408064,408077,13,1
408070,408071,408077,6,1
408070,408071,408077,6,1
408063,408067,408078,11,4
408063,408067,408077,10,4
408079,408080,408081,1,1
408063,408068,408080,12,5
408079,408080,408082,2,1
408079,408080,408082,2,1
408079,408080,408082,2,1
408079,408079,408082,3,0
408079,408079,408082,3,0
408079,408079,408082,3,0
408079,408079,408082,3,0
408070,408071,408082,11,1
408079,408079,408082,3,0
408079,408080,408082,2,1
408079,408079,408082,3,0
408079,408079,408082,3,0
408079,408079,408082,3,0
408079,408079,408082,3,0
408079,408080,408083,3,1
408079,408081,408083,2,2
408079,408081,408083,2,2
408079,408080,408084,4,1
408079,408080,408083,3,1
408079,408080,408089,9,1
408079,408080,408089,9,1
408079,408081,408089,8,2
408013,408014,408095,81,1
407999,407999,408096,97,0
408096,408097,408098,1,1
408096,408096,408098,2,0
408096,408096,408098,2,0
408096,408097,408098,1,1
408096,408097,408099,2,1
408096,408097,408098,1,1
408096,408097,408099,2,1
408096,408097,408098,1,1
408096,408096,408098,2,0
408096,408097,408098,1,1
408096,408096,408099,3,0
408096,408097,408098,1,1
408096,408097,408098,1,1
408096,408096,408098,2,0
408096,408097,408098,1,1
408096,408096,408099,3,0
408096,408097,408098,1,1
408096,408097,408099,2,1
408096,408097,408098,1,1
408100,408100,408101,1,0
408100,408100,408101,1,0
408100,408100,408101,1,0
408100,408100,408101,1,0
408100,408100,408102,2,0
408100,408100,408101,1,0
408100,408100,408101,1,0
408100,408100,408102,2,0
408100,408100,408102,2,0
408100,408100,408101,1,0
408100,408100,408101,1,0
408100,408100,408101,1,0
408100,408100,408102,2,0
408100,408100,408101,1,0
408100,408100,408101,1,0
408096,408097,408102,5,1
408096,408097,408102,5,1
408096,408098,408102,4,2
408100,408100,408102,2,0
408100,408100,408102,2,0
408100,408100,408102,2,0
408100,408100,408102,2,0
408100,408100,408102,2,0
408100,408100,408107,7,0
408100,408100,408106,6,0
407988,407989,408108,119,1
408006,408007,408108,101,1
408023,408023,408109,86,0
408110,408110,408111,1,0
408110,408110,408112,2,0
408110,408110,408112,2,0
408110,408110,408111,1,0
408110,408110,408111,1,0
408110,408110,408112,2,0
408110,408110,408111,1,0
408110,408110,408111,1,0
408110,408110,408111,1,0
408110,408110,408112,2,0
408110,408110,408111,1,0
408111,408111,408112,1,0
408110,408110,408111,1,0
408110,408110,408112,2,0
408110,408110,408111,1,0
408110,408110,408112,2,0
408110,408110,408112,2,0
408110,408110,408111,1,0
408110,408110,408112,2,0
408110,408110,408111,1,0
408110,408110,408112,2,0
408110,408110,408112,2,0
408110,408110,408111,1,0
408110,408110,408112,2,0
408110,408110,408111,1,0
408110,408110,408112,2,0
408110,408110,408111,1,0
408110,408110,408111,1,0
408110,408110,408112,2,0
408110,408110,408111,1,0
408110,408110,408112,2,0
408110,408110,408111,1,0
408110,408110,408111,1,0
408110,408110,408112,2,0
408110,408110,408111,1,0
408110,408110,408111,1,0
408110,408110,408111,1,0
408110,408110,408112,2,0
408111,408111,408113,2,0
408111,408111,408113,2,0
408111,408111,408113,2,0
408111,408111,408113,2,0
408111,408111,408113,2,0
408111,408111,408113,2,0
408111,408111,408113,2,0
408111,408111,408113,2,0
408111,408111,408113,2,0
408111,408111,408113,2,0
408111,408111,408113,2,0
408111,408111,408113,2,0
408111,408111,408113,2,0
408111,408111,408113,2,0
408111,408112,408113,1,1
408111,408111,408113,2,0
408111,408111,408113,2,0
408111,408111,408113,2,0
408111,408111,408113,2,0
408110,408110,408113,3,0
408110,408110,408114,4,0
408110,408111,408120,9,1
408110,408111,408121,10,1
408110,408111,408121,10,1
408110,408111,408121,10,1
408111,408112,408123,11,1
408111,408112,408123,11,1
408110,408110,408128,18,0
408019,408019,408129,110,0
408130,408130,408132,2,0
408130,408130,408132,2,0
408130,408130,408132,2,0
408130,408130,408131,1,0
408130,408130,408131,1,0
408130,408130,408131,1,0
408130,408130,408132,2,0
408130,408130,408132,2,0
408130,408130,408132,2,0
408130,408130,408132,2,0
408130,408130,408132,2,0
408130,408130,408132,2,0
408130,408130,408132,2,0
408130,408130,408131,1,0
408130,408130,408132,2,0
408130,408130,408132,2,0
408130,408130,408132,2,0
408130,408130,408132,2,0
408130,408130,408132,2,0
408130,408130,408136,6,0
408130,408130,408136,6,0
386947,386947,408137,21190,0
408130,408130,408137,7,0
408034,408036,408157,121,2
408058,408059,408157,98,1
408158,408158,408160,2,0
408158,408158,408160,2,0
408158,408158,408160,2,0
408158,408158,408159,1,0
408158,408158,408160,2,0
408158,408158,408160,2,0
408158,408158,408160,2,0
408158,408158,408160,2,0
408158,408158,408160,2,0
408158,408158,408160,2,0
408158,408158,408160,2,0
408158,408158,408160,2,0
408158,408158,408160,2,0
408158,408158,408160,2,0
408158,408158,408160,2,0
408158,408158,408160,2,0
408158,408158,408160,2,0
408158,408158,408160,2,0
408158,408158,408160,2,0
408158,408158,408160,2,0
408158,408158,408160,2,0
408158,408158,408160,2,0
408158,408158,408160,2,0
408158,408158,408160,2,0
408158,408158,408160,2,0
408158,408158,408160,2,0
408158,408158,408159,1,0
408158,408158,408161,3,0
408158,408159,408161,2,1
408158,408159,408160,1,1
408158,408158,408160,2,0
408158,408158,408160,2,0
408158,408158,408161,3,0
408158,408158,408161,3,0
408158,408158,408160,2,0
408158,408158,408160,2,0
408069,408069,408161,92,0
408158,408158,408161,3,0
408158,408158,408161,3,0
408158,408158,408160,2,0
408158,408158,408160,2,0
408158,408158,408160,2,0
408158,408158,408160,2,0
408062,408062,408161,99,0
408158,408158,408160,2,0
408158,408158,408160,2,0
408163,408163,408164,1,0
408163,408163,408164,1,0
408163,408163,408165,2,0
408163,408163,408164,1,0
408163,408163,408165,2,0
408163,408163,408164,1,0
408163,408163,408165,2,0
408163,408163,408165,2,0
408163,408163,408165,2,0
408163,408163,408165,2,0
408163,408163,408165,2,0
408163,408163,408165,2,0
408163,408163,408164,1,0
408163,408163,408164,1,0
408163,408163,408165,2,0
408163,408163,408165,2,0
408163,408163,408164,1,0
408165,408165,408167,2,0
408165,408165,408167,2,0
408165,408165,408167,2,0
408165,408165,408167,2,0
408165,408165,408167,2,0
408165,408165,408167,2,0
408165,408165,408167,2,0
408165,408165,408167,2,0
408165,408165,408167,2,0
408165,408165,408167,2,0
408165,408165,408167,2,0
408165,408165,408167,2,0
408165,408165,408167,2,0
408165,408165,408167,2,0
408165,408165,408167,2,0
408165,408165,408167,2,0
408165,408165,408167,2,0
408165,408165,408168,3,0
408165,408165,408168,3,0
408163,408163,408170,7,0
408165,408165,408170,5,0
408163,408163,408171,8,0
408163,408163,408172,9,0
408163,408163,408172,9,0
408163,408163,408172,9,0
408165,408166,408172,6,1
408165,408165,408174,9,0
408098,408098,408184,86,0
408082,408082,408185,103,0
408044,408044,408187,143,0
408186,408186,408187,1,0
408186,408186,408187,1,0
408186,408186,408188,2,0
408186,408186,408187,1,0
408186,408186,408187,1,0
408186,408186,408187,1,0
408186,408186,408188,2,0
408186,408186,408188,2,0
408186,408186,408188,2,0
408186,408186,408188,2,0
408186,408186,408188,2,0
408186,408186,408188,2,0
408186,408186,408189,3,0
408186,408186,408188,2,0
408186,408186,408188,2,0
408186,408186,408188,2,0
408187,408188,408189,1,1
408187,408188,408189,1,1
408187,408188,408189,1,1
408187,408188,408190,2,1
408187,408188,408189,1,1
408187,408188,408189,1,1
408187,408188,408189,1,1
408187,408188,408189,1,1
408187,408188,408189,1,1
408187,408188,408189,1,1
408187,408188,408190,2,1
408187,408188,408189,1,1
408187,408188,408189,1,1
408187,408188,408189,1,1
408186,408186,408189,3,0
408187,408188,408189,1,1
408187,408188,408189,1,1
408186,408186,408190,4,0
408187,408188,408190,2,1
408187,408188,408190,2,1
408186,408186,408190,4,0
408187,408188,408190,2,1
408187,408188,408190,2,1
408187,408188,408190,2,1
408190,408190,408191,1,0
408190,408190,408191,1,0
408190,408190,408191,1,0
408190,408190,408192,2,0
408190,408190,408191,1,0
408190,408190,408192,2,0
408190,408190,408192,2,0
408190,408190,408191,1,0
408190,408190,408192,2,0
408190,408190,408192,2,0
408190,408190,408191,1,0
408190,408190,408192,2,0
408190,408190,408192,2,0
408190,408190,408192,2,0
408190,408190,408192,2,0
408190,408190,408191,1,0
408101,408101,408192,91,0
408190,408190,408192,2,0
408186,408186,408192,6,0
408186,408186,408191,5,0
408186,408186,408191,5,0
408187,408188,408192,4,1
408190,408190,408192,2,0
408190,408190,408192,2,0
408190,408190,408192,2,0
408192,408192,408194,2,0
408192,408192,408194,2,0
408192,408192,408194,2,0
408192,408192,408194,2,0
408192,408192,408194,2,0
408192,408192,408194,2,0
408192,408192,408194,2,0
408192,408192,408194,2,0
408192,408192,408194,2,0
408192,408192,408194,2,0
408192,408192,408194,2,0
408192,408192,408194,2,0
408192,408192,408194,2,0
408192,408192,408194,2,0
408192,408192,408194,2,0
408192,408192,408194,2,0
408192,408192,408194,2,0
408192,408192,408194,2,0
408192,408192,408194,2,0
408192,408192,408195,3,0
408190,408190,408196,6,0
408190,408190,408196,6,0
408192,408192,408197,5,0
408192,408192,408197,5,0
408114,408114,408205,91,0
408106,408106,408206,100,0
408206,408206,408207,1,0
408206,408206,408207,1,0
408206,408206,408208,2,0
408206,408206,408207,1,0
408206,408206,408207,1,0
408206,408206,408207,1,0
408206,408206,408208,2,0
408206,408206,408208,2,0
408206,408206,408208,2,0
408206,408206,408208,2,0
408206,408206,408208,2,0
408206,408206,408208,2,0
408206,408206,408209,3,0
408206,408206,408209,3,0
408206,408206,408209,3,0
408206,408206,408209,3,0
408206,408206,408209,3,0
408206,408206,408209,3,0
408209,408209,408211,2,0
408209,408209,408211,2,0
408209,408209,408210,1,0
408209,408209,408210,1,0
408209,408209,408211,2,0
408209,408209,408211,2,0
408209,408209,408210,1,0
408209,408209,408211,2,0
408209,408209,408211,2,0
408209,408209,408210,1,0
408209,408209,408210,1,0
408209,408209,408211,2,0
408209,408209,408210,1,0
408209,408209,408210,1,0
408209,408209,408211,2,0
408209,408209,408211,2,0
408209,408209,408210,1,0
408209,408209,408211,2,0
408209,408209,408210,1,0
408206,408206,408210,4,0
408209,408209,408211,2,0
408206,408206,408212,6,0
408206,408206,408212,6,0
408206,408206,408212,6,0
408111,408111,408213,102,0
408214,408214,408215,1,0
408214,408214,408216,2,0
408214,408214,408216,2,0
408214,408214,408216,2,0
408214,408214,408216,2,0
408214,408214,408216,2,0
408214,408214,408216,2,0
408214,408214,408216,2,0
408214,408214,408216,2,0
408214,408214,408216,2,0
408214,408214,408216,2,0
408214,408214,408217,3,0
408214,408214,408217,3,0
408209,408209,408217,8,0
408214,408216,408218,2,2
408214,408216,408218,2,2
408209,408209,408218,9,0
408214,408216,408219,3,2
408102,408102,408219,117,0
408117,408117,408219,102,0
408214,408214,408219,5,0
408214,408215,408219,4,1
408056,408056,408220,164,0
408214,408214,408220,6,0
408074,408074,408220,146,0
408214,408214,408220,6,0
408214,408214,408221,7,0
408214,408214,408220,6,0
408220,408220,408222,2,0
408220,408220,408222,2,0
408220,408220,408222,2,0
408220,408220,408222,2,0
408220,408221,408222,1,1
408220,408221,408222,1,1
408220,408221,408222,1,1
408221,408221,408223,2,0
408221,408221,408222,1,0
408220,408221,408222,1,1
408220,408221,408223,2,1
408220,408221,408222,1,1
408221,408221,408223,2,0
408220,408220,408222,2,0
408220,408221,408223,2,1
408220,408221,408223,2,1
408220,408221,408222,1,1
408221,408221,408223,2,0
408220,408220,408222,2,0
408220,408220,408222,2,0
408220,408221,408222,1,1
408220,408221,408222,1,1
408220,408221,408222,1,1
408221,408221,408223,2,0
408221,408221,408222,1,0
408220,408220,408222,2,0
408220,408221,408223,2,1
408220,408221,408222,1,1
408220,408221,408222,1,1
408221,408221,408223,2,0
408221,408221,408222,1,0
408221,408221,408222,1,0
408220,408221,408222,1,1
408220,408221,408222,1,1
408220,408221,408222,1,1
408221,408221,408223,2,0
408221,408221,408222,1,0
408221,408221,408222,1,0
408221,408222,408223,1,1
408220,408220,408223,3,0
408220,408220,408222,2,0
408220,408221,408223,2,1
408220,408221,408222,1,1
408221,408221,408223,2,0
408221,408221,408223,2,0
408221,408221,408222,1,0
408220,408220,408223,3,0
408220,408221,408223,2,1
408220,408221,408222,1,1
408220,408221,408223,2,1
408221,408221,408223,2,0
408220,408221,408223,2,1
408220,408221,408223,2,1
408220,408221,408223,2,1
408221,408221,408223,2,0
408220,408221,408223,2,1
408221,408221,408224,3,0
408221,408221,408223,2,0
408221,408222,408223,1,1
408220,408221,408224,3,1
408224,408224,408225,1,0
408224,408224,408225,1,0
408224,408224,408225,1,0
408224,408224,408225,1,0
408224,408224,408225,1,0
408224,408224,408225,1,0
408224,408224,408225,1,0
408224,408224,408225,1,0
408224,408224,408225,1,0
408224,408224,408226,2,0
408224,408224,408226,2,0
408224,408224,408226,2,0
408224,408224,408227,3,0
408224,408224,408227,3,0
408224,408224,408227,3,0
408224,408224,408227,3,0
408224,408224,408226,2,0
408224,408224,408227,3,0
408224,408224,408227,3,0
408224,408224,408228,4,0
408220,408221,408227,6,1
408220,408221,408228,7,1
408048,408049,408228,179,1
408221,408221,408229,8,0
408220,408221,408229,8,1
408220,408221,408229,8,1
408220,408221,408229,8,1
386936,386937,408233,21296,1
408233,408234,408235,1,1
408233,408233,408235,2,0
408233,408234,408235,1,1
408233,408233,408236,3,0
408233,408234,408236,2,1
408233,408233,408236,3,0
408233,408233,408236,3,0
408224,408224,408236,12,0
408233,408233,408237,4,0
408233,408233,408236,3,0
408233,408233,408236,3,0
408224,408224,408237,13,0
408233,408234,408238,4,1
408233,408233,408240,7,0
408233,408233,408240,7,0
408233,408234,408242,8,1
408233,408233,408243,10,0
408233,408233,408243,10,0
408233,408237,408243,6,4
408233,408237,408244,7,4
408233,408237,408243,6,4
408233,408237,408243,6,4
408141,408141,408244,103,0
408233,408233,408244,11,0
408233,408234,408244,10,1
408247,408247,408249,2,0
408247,408247,408249,2,0
408247,408247,408249,2,0
408247,408247,408249,2,0
408247,408247,408249,2,0
408247,408247,408249,2,0
408247,408247,408249,2,0
408247,408247,408248,1,0
408247,408247,408250,3,0
408247,408247,408250,3,0
408247,408247,408250,3,0
408247,408247,408250,3,0
408247,408247,408250,3,0
408247,408249,408250,1,2
408247,408247,408251,4,0
408247,408249,408251,2,2
408247,408249,408251,2,2
408247,408247,408252,5,0
408247,408247,408252,5,0
408247,408251,408252,1,4
408247,408251,408252,1,4
408247,408251,408253,2,4
408104,408108,408254,146,4
408160,408160,408258,98,0
408258,408258,408259,1,0
408258,408258,408259,1,0
408258,408258,408259,1,0
386925,386925,408260,21335,0
408092,408092,408260,168,0
408258,408258,408259,1,0
408258,408258,408260,2,0
408258,408258,408259,1,0
408258,408258,408260,2,0
408258,408258,408259,1,0
408258,408258,408260,2,0
408258,408258,408259,1,0
408258,408258,408260,2,0
408258,408258,408259,1,0
408258,408258,408260,2,0
408258,408258,408259,1,0
408258,408258,408259,1,0
408258,408258,408259,1,0
408258,408258,408259,1,0
408258,408258,408260,2,0
408258,408258,408259,1,0
408259,408259,408261,2,0
408259,408259,408261,2,0
408259,408259,408261,2,0
408259,408259,408260,1,0
408259,408259,408261,2,0
408259,408259,408261,2,0
408259,408259,408261,2,0
408259,408259,408261,2,0
408259,408259,408261,2,0
408259,408259,408261,2,0
408259,408259,408261,2,0
408259,408259,408261,2,0
408259,408259,408261,2,0
408259,408259,408261,2,0
408259,408259,408261,2,0
408259,408259,408261,2,0
408259,408259,408261,2,0
408259,408259,408261,2,0
408261,408261,408262,1,0
408259,408259,408262,3,0
408259,408259,408261,2,0
408259,408259,408261,2,0
408261,408261,408262,1,0
408261,408261,408262,1,0
408261,408261,408263,2,0
408261,408261,408262,1,0
408261,408261,408262,1,0
408261,408261,408263,2,0
408261,408261,408263,2,0
408261,408261,408263,2,0
408261,408261,408263,2,0
408261,408261,408262,1,0
408261,408261,408262,1,0
408261,408261,408263,2,0
408261,408261,408262,1,0
408261,408261,408263,2,0
408261,408261,408262,1,0
408261,408262,408263,1,1
408261,408262,408264,2,1
408261,408262,408263,1,1
408261,408261,408263,2,0
408261,408261,408263,2,0
408261,408261,408264,3,0
408258,408258,408270,12,0
408258,408258,408270,12,0
408258,408258,408270,12,0
408259,408259,408271,12,0
408187,408187,408277,90,0
408277,408278,408279,1,1
408277,408278,408279,1,1
408277,408278,408279,1,1
408277,408278,408279,1,1
408277,408278,408279,1,1
408277,408278,408279,1,1
408277,408278,408279,1,1
408277,408278,408279,1,1
408277,408278,408280,2,1
408277,408278,408279,1,1
408277,408278,408279,1,1
408277,408278,408279,1,1
408277,408278,408279,1,1
408277,408278,408279,1,1
408277,408278,408279,1,1
408277,408278,408279,1,1
408277,408278,408279,1,1
408108,408108,408280,172,0
408277,408278,408279,1,1
408277,408278,408280,2,1
408277,408278,408280,2,1
408277,408278,408280,2,1
408277,408278,408280,2,1
408281,408281,408283,2,0
408281,408281,408282,1,0
408281,408281,408283,2,0
408281,408281,408283,2,0
408281,408281,408283,2,0
408281,408281,408283,2,0
408281,408281,408283,2,0
408281,408281,408283,2,0
408281,408281,408283,2,0
408281,408281,408283,2,0
408281,408281,408283,2,0
408281,408281,408284,3,0
408281,408281,408284,3,0
408281,408281,408283,2,0
408281,408281,408284,3,0
408281,408281,408283,2,0
408281,408281,408283,2,0
408281,408281,408284,3,0
408281,408281,408283,2,0
408281,408281,408283,2,0
386943,386943,408284,21341,0
408281,408281,408286,5,0
408281,408281,408286,5,0
408207,408207,408304,97,0
408305,408305,408307,2,0
408305,408305,408307,2,0
408305,408305,408307,2,0
408305,408305,408307,2,0
408305,408305,408307,2,0
408305,408305,408307,2,0
408305,408305,408307,2,0
408305,408305,408307,2,0
408305,408305,408307,2,0
408305,408305,408307,2,0
408305,408305,408307,2,0
408305,408305,408307,2,0
408305,408306,408307,1,1
408305,408306,408307,1,1
408305,408306,408307,1,1
408305,408306,408307,1,1
408305,408305,408308,3,0
408305,408305,408307,2,0
408198,408198,408308,110,0
408305,408306,408308,2,1
408305,408306,408308,2,1
408305,408305,408308,3,0
408222,408222,408308,86,0
408305,408306,408308,2,1
408310,408310,408311,1,0
408310,408310,408312,2,0
408310,408310,408312,2,0
408310,408310,408312,2,0
408310,408310,408312,2,0
408310,408310,408311,1,0
408310,408310,408312,2,0
408310,408310,408312,2,0
408310,408310,408311,1,0
408310,408310,408312,2,0
408310,408310,408312,2,0
408310,408310,408312,2,0
408310,408310,408312,2,0
408310,408310,408312,2,0
408310,408310,408312,2,0
408310,408310,408312,2,0
408310,408310,408311,1,0
408310,408310,408311,1,0
408310,408310,408312,2,0
408310,408310,408312,2,0
408310,408310,408312,2,0
408310,408310,408312,2,0
408310,408310,408311,1,0
408310,408310,408312,2,0
408310,408310,408312,2,0
408310,408310,408311,1,0
408310,408310,408311,1,0
408310,408310,408312,2,0
408310,408310,408312,2,0
408310,408310,408312,2,0
408310,408310,408311,1,0
408310,408310,408312,2,0
408310,408310,408312,2,0
408310,408310,408312,2,0
408310,408310,408312,2,0
408310,408310,408312,2,0
408310,408310,408312,2,0
408310,408310,408312,2,0
408310,408310,408312,2,0
408310,408310,408317,7,0
408310,408310,408317,7,0
408310,408310,408317,7,0
408310,408310,408317,7,0
408310,408310,408317,7,0
408170,408170,408319,149,0
408191,408191,408319,128,0
408217,408217,408320,103,0
408161,408162,408322,160,1
408322,408322,408324,2,0
408322,408322,408323,1,0
408322,408322,408323,1,0
408322,408322,408323,1,0
408322,408322,408323,1,0
408322,408322,408323,1,0
408322,408322,408323,1,0
408322,408322,408323,1,0
408322,408322,408323,1,0
408322,408322,408323,1,0
408322,408322,408323,1,0
408322,408322,408323,1,0
408322,408322,408324,2,0
408322,408322,408323,1,0
408322,408322,408323,1,0
408322,408322,408323,1,0
408322,408322,408324,2,0
408322,408322,408323,1,0
408322,408322,408323,1,0
386950,386950,408323,21373,0
408322,408322,408325,3,0
408322,408322,408325,3,0
408322,408322,408324,2,0
408322,408322,408324,2,0
408322,408322,408325,3,0
408322,408322,408324,2,0
408322,408322,408324,2,0
408322,408322,408324,2,0
408322,408322,408324,2,0
408193,408193,408325,132,0
408322,408322,408324,2,0
408322,408322,408324,2,0
408322,408322,408324,2,0
408322,408322,408324,2,0
408324,408324,408325,1,0
408324,408324,408325,1,0
408322,408322,408324,2,0
408322,408322,408324,2,0
408322,408322,408326,4,0
408322,408322,408326,4,0
408322,408322,408325,3,0
408322,408322,408326,4,0
408324,408324,408326,2,0
408324,408324,408326,2,0
408324,408324,408325,1,0
408324,408324,408325,1,0
408324,408324,408325,1,0
408324,408324,408325,1,0
408324,408324,408325,1,0
408324,408324,408326,2,0
408324,408324,408326,2,0
408324,408324,408326,2,0
408324,408324,408326,2,0
408324,408324,408325,1,0
408324,408324,408326,2,0
408324,408324,408326,2,0
408324,408324,408326,2,0
408324,408324,408325,1,0
408324,408324,408326,2,0
408324,408324,408325,1,0
408324,408324,408326,2,0
408324,408324,408325,1,0
408324,408324,408325,1,0
408324,408324,408325,1,0
408324,408324,408326,2,0
408324,408324,408325,1,0
408324,408324,408326,2,0
408324,408324,408325,1,0
408324,408324,408325,1,0
408324,408324,408326,2,0
408324,408324,408326,2,0
408322,408324,408326,2,2
408322,408324,408326,2,2
408322,408324,408325,1,2
408322,408324,408326,2,2
408322,408324,408325,1,2
408324,408324,408326,2,0
408324,408325,408327,2,1
408324,408325,408327,2,1
408324,408325,408326,1,1
408324,408325,408327,2,1
408324,408325,408327,2,1
408324,408324,408326,2,0
408324,408324,408326,2,0
408324,408324,408326,2,0
408324,408324,408326,2,0
408324,408324,408326,2,0
408324,408324,408326,2,0
408322,408322,408326,4,0
408324,408324,408327,3,0
408326,408326,408328,2,0
408326,408326,408327,1,0
408326,408326,408328,2,0
408326,408326,408328,2,0
408326,408326,408327,1,0
408326,408326,408327,1,0
408211,408211,408328,117,0
408326,408326,408328,2,0
408326,408326,408327,1,0
408326,408326,408327,1,0
408326,408326,408328,2,0
408326,408326,408327,1,0
408326,408326,408328,2,0
408326,408326,408328,2,0
408326,408326,408328,2,0
408326,408326,408327,1,0
408326,408326,408328,2,0
408326,408326,408328,2,0
408326,408326,408328,2,0
408326,408326,408328,2,0
408326,408326,408328,2,0
408326,408326,408328,2,0
408326,408326,408330,4,0
408228,408228,408331,103,0
408331,408331,408332,1,0
408331,408331,408332,1,0
408331,408331,408333,2,0
408331,408331,408332,1,0
408331,408331,408333,2,0
408331,408331,408332,1,0
408331,408331,408333,2,0
408331,408331,408333,2,0
408331,408331,408332,1,0
408331,408331,408333,2,0
408331,408331,408332,1,0
408331,408331,408333,2,0
408331,408331,408333,2,0
408331,408331,408333,2,0
408331,408331,408333,2,0
408333,408334,408335,1,1
408333,408334,408335,1,1
408333,408334,408335,1,1
408333,408334,408335,1,1
408333,408334,408335,1,1
408333,408334,408335,1,1
408333,408334,408335,1,1
408333,408334,408335,1,1
408333,408334,408335,1,1
408333,408334,408335,1,1
408333,408334,408335,1,1
408333,408334,408335,1,1
408333,408334,408335,1,1
408333,408334,408335,1,1
408333,408334,408335,1,1
408333,408334,408335,1,1
408167,408167,408335,168,0
408337,408337,408338,1,0
408337,408337,408339,2,0
408337,408337,408339,2,0
408337,408337,408338,1,0
408337,408337,408339,2,0
408337,408337,408339,2,0
408337,408337,408339,2,0
408337,408337,408338,1,0
408337,408337,408338,1,0
408337,408337,408338,1,0
408337,408337,408338,1,0
408331,408331,408339,8,0
408337,408337,408338,1,0
408337,408337,408339,2,0
408337,408337,408339,2,0
408337,408337,408339,2,0
408337,408337,408339,2,0
408331,408331,408339,8,0
408331,408331,408339,8,0
408337,408337,408339,2,0
408337,408337,408339,2,0
408331,408331,408340,9,0
408333,408334,408340,6,1
408331,408331,408340,9,0
408331,408331,408340,9,0
408331,408331,408340,9,0
408333,408334,408340,6,1
408229,408230,408341,111,1
408333,408334,408340,6,1
408333,408334,408340,6,1
408337,408337,408341,4,0
408337,408337,408340,3,0
408333,408334,408343,9,1
408337,408337,408343,6,0
408337,408337,408343,6,0
408333,408334,408344,10,1
408342,408342,408344,2,0
408342,408342,408344,2,0
408342,408342,408344,2,0
408342,408342,408343,1,0
408342,408342,408344,2,0
408342,408342,408344,2,0
408342,408342,408344,2,0
408342,408342,408344,2,0
408342,408342,408344,2,0
408342,408342,408344,2,0
408342,408342,408344,2,0
408342,408342,408344,2,0
408342,408342,408344,2,0
408342,408342,408344,2,0
408235,408235,408345,110,0
408342,408342,408345,3,0
408342,408342,408344,2,0
408346,408346,408348,2,0
408346,408346,408347,1,0
408346,408346,408348,2,0
408346,408346,408347,1,0
408346,408346,408348,2,0
408346,408346,408348,2,0
408346,408346,408348,2,0
408346,408346,408348,2,0
408346,408346,408348,2,0
408346,408346,408348,2,0
408346,408346,408348,2,0
408346,408346,408348,2,0
408346,408346,408348,2,0
408346,408346,408348,2,0
408346,408346,408348,2,0
408342,408343,408350,7,1
408342,408342,408351,9,0
408342,408342,408351,9,0
408346,408346,408351,5,0
408342,408345,408352,7,3
408346,408346,408351,5,0
408346,408346,408352,6,0
408342,408345,408352,7,3
408346,408346,408353,7,0
408342,408345,408354,9,3
408346,408346,408353,7,0
408346,408346,408354,8,0
408346,408346,408356,10,0
386948,386949,408358,21409,1
408278,408278,408363,85,0
408249,408251,408364,113,2
408260,408260,408365,105,0
408264,408264,408364,100,0
408259,408259,408365,106,0
408366,408366,408368,2,0
408366,408366,408368,2,0
408366,408366,408368,2,0
408366,408366,408368,2,0
408366,408366,408368,2,0
408366,408366,408368,2,0
408366,408366,408369,3,0
408366,408366,408368,2,0
408366,408367,408368,1,1
408366,408367,408368,1,1
408366,408366,408368,2,0
408366,408366,408368,2,0
408366,408366,408368,2,0
408366,408366,408368,2,0
408366,408367,408368,1,1
408366,408367,408369,2,1
408366,408367,408368,1,1
408366,408366,408369,3,0
408366,408366,408368,2,0
408366,408366,408368,2,0
408366,408366,408368,2,0
408366,408366,408368,2,0
408366,408367,408369,2,1
408366,408367,408368,1,1
408366,408366,408369,3,0
408366,408366,408368,2,0
408366,408367,408368,1,1
408366,408367,408368,1,1
408366,408367,408368,1,1
408366,408367,408368,1,1
408366,408366,408369,3,0
408366,408366,408368,2,0
408366,408366,408368,2,0
408366,408366,408368,2,0
408366,408367,408368,1,1
408366,408367,408369,2,1
408366,408366,408368,2,0
408366,408366,408369,3,0
408366,408366,408368,2,0
408366,408367,408368,1,1
408366,408367,408368,1,1
408366,408367,408368,1,1
408366,408366,408368,2,0
408366,408366,408369,3,0
408366,408366,408369,3,0
408366,408367,408369,2,1
408366,408367,408369,2,1
408366,408367,408369,2,1
408366,408367,408369,2,1
408225,408226,408369,143,1
408366,408367,408369,2,1
408366,408367,408369,2,1
408366,408367,408369,2,1
408366,408367,408369,2,1
408366,408366,408369,3,0
408366,408367,408369,2,1
408366,408366,408369,3,0
408366,408367,408370,3,1
408366,408366,408370,4,0
408366,408366,408370,4,0
408366,408366,408370,4,0
408366,408366,408370,4,0
408366,408366,408370,4,0
408369,408369,408370,1,0
408369,408369,408370,1,0
408369,408369,408371,2,0
408369,408369,408371,2,0
408369,408369,408371,2,0
408369,408369,408371,2,0
408369,408369,408370,1,0
408369,408369,408370,1,0
408369,408369,408371,2,0
408369,408369,408371,2,0
408369,408369,408370,1,0
408369,408369,408370,1,0
408369,408369,408371,2,0
408369,408369,408371,2,0
408369,408369,408370,1,0
408369,408369,408370,1,0
408369,408369,408370,1,0
408369,408369,408371,2,0
408369,408369,408371,2,0
408369,408369,408370,1,0
408369,408369,408370,1,0
408366,408366,408371,5,0
408366,408366,408371,5,0
408366,408366,408371,5,0
408366,408367,408371,4,1
408369,408369,408371,2,0
408374,408374,408375,1,0
408374,408374,408375,1,0
408374,408374,408375,1,0
408374,408374,408375,1,0
408374,408374,408375,1,0
408374,408374,408376,2,0
408374,408374,408375,1,0
408374,408374,408376,2,0
408374,408374,408375,1,0
408374,408374,408376,2,0
408374,408374,408376,2,0
408374,408374,408375,1,0
408374,408374,408375,1,0
408374,408374,408375,1,0
408374,408374,408376,2,0
408374,408374,408375,1,0
408374,408374,408375,1,0
408374,408374,408376,2,0
408374,408374,408376,2,0
408377,408377,408378,1,0
408374,408374,408378,4,0
408377,408377,408379,2,0
408377,408377,408378,1,0
408377,408377,408378,1,0
408377,408377,408378,1,0
408377,408377,408378,1,0
408377,408377,408378,1,0
408374,408374,408379,5,0
408377,408377,408379,2,0
408377,408377,408379,2,0
408377,408377,408379,2,0
408377,408377,408379,2,0
408377,408377,408379,2,0
408377,408377,408379,2,0
408377,408377,408379,2,0
408377,408377,408379,2,0
408377,408377,408379,2,0
408377,408377,408379,2,0
408377,408377,408379,2,0
408377,408377,408379,2,0
408377,408377,408379,2,0
408374,408374,408381,7,0
408377,408377,408384,7,0
408377,408377,408387,10,0
408283,408283,408401,118,0
408403,408403,408404,1,0
408403,408403,408405,2,0
408403,408403,408405,2,0
408403,408403,408404,1,0
408403,408403,408405,2,0
408403,408403,408404,1,0
408403,408403,408404,1,0
408403,408403,408405,2,0
408403,408403,408404,1,0
408403,408403,408404,1,0
408403,408403,408405,2,0
408403,408403,408405,2,0
408403,408403,408405,2,0
408403,408403,408405,2,0
408403,408403,408406,3,0
408403,408403,408405,2,0
408403,408403,408408,5,0
408403,408403,408409,6,0
408403,408403,408408,5,0
408403,408403,408409,6,0
408403,408403,408408,5,0
408403,408403,408409,6,0
405514,405517,408413,2896,3
408307,408307,408414,107,0
408313,408313,408413,100,0
408415,408415,408416,1,0
408415,408415,408417,2,0
408415,408415,408416,1,0
408415,408415,408417,2,0
408415,408415,408417,2,0
408415,408415,408416,1,0
408415,408415,408417,2,0
408415,408415,408417,2,0
408415,408415,408417,2,0
408415,408415,408416,1,0
408415,408415,408416,1,0
408415,408415,408417,2,0
408415,408415,408416,1,0
408415,408415,408417,2,0
408415,408415,408417,2,0
408415,408415,408416,1,0
408415,408415,408416,1,0
408415,408415,408416,1,0
408415,408415,408417,2,0
408415,408415,408417,2,0
408415,408415,408417,2,0
408415,408415,408417,2,0
408416,408416,408418,2,0
408416,408416,408418,2,0
408416,408416,408418,2,0
408416,408416,408418,2,0
408416,408416,408418,2,0
408416,408416,408418,2,0
408416,408416,408418,2,0
408416,408416,408418,2,0
408416,408416,408418,2,0
408416,408416,408418,2,0
408416,408416,408418,2,0
408416,408416,408418,2,0
408416,408416,408417,1,0
408416,408416,408418,2,0
408416,408416,408418,2,0
408416,408416,408418,2,0
408416,408416,408418,2,0
408416,408416,408417,1,0
408416,408416,408418,2,0
408416,408416,408418,2,0
408416,408416,408422,6,0
408416,408416,408422,6,0
408325,408325,408426,101,0
408427,408427,408428,1,0
408427,408427,408429,2,0
408427,408427,408429,2,0
408427,408427,408429,2,0
408427,408427,408428,1,0
408427,408427,408429,2,0
408427,408427,408429,2,0
408427,408427,408428,1,0
408427,408427,408429,2,0
408427,408427,408429,2,0
408427,408427,408428,1,0
408427,408427,408429,2,0
408427,408427,408429,2,0
408427,408427,408428,1,0
408427,408427,408429,2,0
408427,408427,408429,2,0
408427,408427,408428,1,0
408427,408427,408429,2,0
408316,408316,408430,114,0
408427,408427,408429,2,0
408427,408427,408430,3,0
408427,408430,408432,2,3
408427,408430,408432,2,3
408431,408431,408432,1,0
408431,408431,408433,2,0
408431,408431,408432,1,0
408431,408431,408433,2,0
408431,408431,408432,1,0
408431,408431,408433,2,0
408431,408431,408433,2,0
408431,408431,408433,2,0
408431,408431,408433,2,0
408431,408431,408432,1,0
408431,408431,408432,1,0
408431,408431,408433,2,0
408431,408431,408432,1,0
408431,408431,408433,2,0
408431,408431,408433,2,0
408431,408431,408432,1,0
408431,408431,408433,2,0
408431,408431,408433,2,0
408431,408431,408433,2,0
408328,408328,408435,107,0
408431,408431,408437,6,0
408431,408431,408437,6,0
408431,408431,408433,2,0
408332,408332,408437,105,0
408438,408438,408439,1,0
408438,408438,408440,2,0
408438,408438,408440,2,0
408438,408438,408440,2,0
408438,408438,408440,2,0
408438,408438,408440,2,0
408438,408438,408440,2,0
408438,408438,408440,2,0
408341,408341,408439,98,0
408438,408438,408440,2,0
408438,408438,408440,2,0
408438,408438,408440,2,0
408438,408438,408440,2,0
408438,408438,408440,2,0
408438,408438,408440,2,0
408438,408438,408440,2,0
408438,408438,408440,2,0
408438,408438,408440,2,0
408438,408438,408440,2,0
408438,408438,408440,2,0
408440,408440,408442,2,0
408440,408440,408441,1,0
408440,408440,408441,1,0
408440,408440,408441,1,0
408440,408440,408442,2,0
408440,408440,408441,1,0
408440,408440,408441,1,0
408440,408440,408442,2,0
408440,408440,408441,1,0
408440,408440,408441,1,0
408440,408440,408442,2,0
408440,408440,408441,1,0
408440,408440,408441,1,0
408440,408440,408442,2,0
408440,408440,408442,2,0
408440,408440,408442,2,0
408440,408440,408442,2,0
408440,408440,408442,2,0
408438,408441,408443,2,3
408438,408441,408444,3,3
408442,408442,408444,2,0
408442,408442,408443,1,0
408442,408442,408444,2,0
408442,408442,408443,1,0
408442,408442,408443,1,0
408442,408442,408444,2,0
408442,408442,408443,1,0
408442,408442,408443,1,0
408442,408442,408444,2,0
408442,408442,408443,1,0
408442,408442,408443,1,0
408442,408442,408443,1,0
408442,408442,408444,2,0
408442,408442,408443,1,0
408442,408442,408443,1,0
408442,408442,408444,2,0
408442,408442,408443,1,0
408440,408440,408445,5,0
408438,408438,408440,2,0
408440,408440,408446,6,0
408440,408445,408447,2,5
408440,408445,408447,2,5
408442,408445,408446,1,3
408442,408442,408448,6,0
408442,408442,408449,7,0
408442,408442,408450,8,0
408344,408344,408455,111,0
408442,408442,408454,12,0
408353,408353,408456,103,0
408457,408457,408458,1,0
408457,408457,408459,2,0
408457,408457,408458,1,0
408457,408457,408458,1,0
408457,408457,408458,1,0
408457,408457,408458,1,0
408457,408457,408459,2,0
408457,408457,408459,2,0
408457,408457,408459,2,0
408457,408457,408458,1,0
408457,408457,408459,2,0
408457,408457,408459,2,0
408457,408457,408459,2,0
408457,408457,408458,1,0
408457,408457,408458,1,0
408457,408457,408459,2,0
408457,408457,408459,2,0
386927,386927,408459,21532,0
408457,408457,408459,2,0
408457,408457,408459,2,0
408457,408457,408459,2,0
408457,408457,408459,2,0
408459,408459,408461,2,0
408459,408459,408461,2,0
408459,408459,408461,2,0
408459,408459,408460,1,0
408459,408459,408461,2,0
408459,408459,408461,2,0
408459,408459,408461,2,0
408459,408459,408460,1,0
408459,408459,408460,1,0
408459,408459,408461,2,0
408459,408459,408461,2,0
408459,408459,408461,2,0
408459,408459,408461,2,0
408459,408459,408462,3,0
408459,408459,408461,2,0
408367,408368,408461,93,1
408459,408459,408462,3,0
408459,408459,408462,3,0
408459,408459,408461,2,0
408459,408459,408462,3,0
408459,408459,408461,2,0
408459,408459,408462,3,0
408459,408459,408462,3,0
408457,408457,408463,6,0
408463,408463,408465,2,0
408463,408463,408465,2,0
408463,408463,408464,1,0
408463,408463,408465,2,0
408463,408463,408465,2,0
408463,408463,408465,2,0
408463,408463,408464,1,0
408463,408463,408465,2,0
408463,408463,408465,2,0
408463,408463,408465,2,0
408463,408463,408464,1,0
408463,408463,408465,2,0
408463,408463,408464,1,0
408463,408463,408465,2,0
408463,408463,408465,2,0
408463,408463,408465,2,0
408463,408463,408465,2,0
408411,408415,408468,53,4
408463,408468,408470,2,5
408463,408468,408470,2,5
408374,408375,408475,100,1
408379,408379,408475,96,0
408350,408350,408475,125,0
408475,408476,408477,1,1
408475,408475,408477,2,0
408475,408476,408477,1,1
408475,408476,408477,1,1
408475,408475,408477,2,0
408475,408475,408477,2,0
408475,408476,408477,1,1
408475,408476,408477,1,1
408475,408476,408477,1,1
408475,408475,408477,2,0
408475,408475,408478,3,0
408475,408475,408477,2,0
408475,408476,408477,1,1
408475,408476,408478,2,1
408475,408476,408477,1,1
408475,408475,408477,2,0
408475,408475,408477,2,0
408475,408476,408477,1,1
408475,408476,408478,2,1
408475,408476,408477,1,1
408475,408475,408478,3,0
408475,408475,408477,2,0
408475,408476,408477,1,1
408475,408476,408477,1,1
408475,408476,408478,2,1
408475,408476,408478,2,1
408475,408475,408477,2,0
408475,408475,408477,2,0
408475,408476,408478,2,1
408475,408476,408477,1,1
408475,408475,408477,2,0
408475,408476,408478,2,1
408475,408476,408477,1,1
408475,408476,408477,1,1
408477,408477,408478,1,0
408475,408475,408478,3,0
408477,408478,408479,1,1
408475,408475,408478,3,0
408475,408476,408478,2,1
408477,408477,408478,1,0
408477,408477,408479,2,0
408477,408477,408479,2,0
408477,408477,408479,2,0
408477,408477,408479,2,0
408477,408477,408479,2,0
408477,408477,408479,2,0
408477,408477,408479,2,0
408477,408477,408479,2,0
408477,408477,408479,2,0
408477,408477,408479,2,0
408475,408476,408479,3,1
408475,408476,408479,3,1
408475,408476,408479,3,1
408475,408476,408479,3,1
408477,408477,408479,2,0
408477,408478,408479,1,1
408477,408478,408479,1,1
408477,408478,408479,1,1
408477,408478,408479,1,1
408477,408478,408479,1,1
408477,408477,408479,2,0
408477,408477,408479,2,0
408477,408477,408479,2,0
408463,408463,408480,17,0
408463,408463,408481,18,0
408463,408463,408481,18,0
408475,408476,408481,5,1
408475,408476,408484,8,1
408475,408476,408485,9,1
408355,408356,408487,131,1
408488,408488,408490,2,0
408488,408488,408490,2,0
408488,408488,408490,2,0
408488,408488,408490,2,0
408488,408488,408489,1,0
408488,408488,408490,2,0
408488,408488,408490,2,0
408488,408488,408490,2,0
408488,408488,408490,2,0
408488,408488,408490,2,0
408488,408488,408490,2,0
408488,408488,408490,2,0
408488,408488,408490,2,0
408488,408488,408490,2,0
408488,408488,408490,2,0
408488,408488,408491,3,0
408488,408488,408490,2,0
408488,408488,408490,2,0
408488,408488,408493,5,0
408488,408488,408495,7,0
408488,408488,408495,7,0
408488,408488,408495,7,0
408339,408339,408502,163,0
408388,408390,408504,114,2
408504,408504,408506,2,0
408504,408504,408505,1,0
408504,408504,408506,2,0
408504,408504,408505,1,0
408504,408504,408506,2,0
408504,408504,408506,2,0
408504,408504,408505,1,0
408504,408504,408505,1,0
408504,408504,408505,1,0
408504,408504,408506,2,0
408504,408504,408505,1,0
408504,408504,408505,1,0
408504,408504,408506,2,0
408504,408504,408505,1,0
408504,408504,408506,2,0
408505,408505,408507,2,0
408505,408505,408507,2,0
408505,408505,408506,1,0
408505,408505,408506,1,0
408505,408505,408507,2,0
408505,408505,408507,2,0
408505,408505,408507,2,0
408505,408505,408507,2,0
408505,408505,408507,2,0
408505,408505,408507,2,0
408505,408505,408507,2,0
408505,408505,408507,2,0
408505,408505,408507,2,0
408404,408404,408506,102,0
408505,408505,408507,2,0
408505,408505,408507,2,0
408505,408505,408506,1,0
408504,408507,408508,1,3
408505,408505,408508,3,0
408505,408505,408507,2,0
408416,408416,408507,91,0
408505,408507,408508,1,2
408505,408507,408508,1,2
408504,408507,408509,2,3
408504,408507,408509,2,3
408505,408507,408509,2,2
408508,408509,408510,1,1
408508,408509,408510,1,1
408508,408509,408510,1,1
408508,408509,408510,1,1
408508,408509,408510,1,1
408508,408509,408510,1,1
408508,408509,408510,1,1
408508,408509,408511,2,1
408508,408509,408510,1,1
408508,408509,408510,1,1
408508,408509,408511,2,1
408508,408509,408510,1,1
408508,408509,408510,1,1
408508,408509,408510,1,1
408508,408509,408510,1,1
408508,408509,408510,1,1
408508,408509,408511,2,1
408508,408509,408511,2,1
408508,408509,408511,2,1
408511,408511,408513,2,0
408511,408511,408513,2,0
408511,408511,408513,2,0
408511,408511,408513,2,0
408511,408511,408513,2,0
408511,408511,408513,2,0
408511,408511,408513,2,0
408504,408504,408513,9,0
408504,408504,408513,9,0
408511,408511,408513,2,0
408511,408511,408513,2,0
408511,408511,408513,2,0
408511,408511,408513,2,0
408511,408511,408513,2,0
408511,408511,408513,2,0
408511,408511,408513,2,0
408511,408511,408513,2,0
408511,408512,408513,1,1
408511,408512,408513,1,1
408511,408512,408513,1,1
408504,408504,408513,9,0
408504,408504,408513,9,0
408505,408505,408513,8,0
408386,408386,408514,128,0
408392,408392,408515,123,0
408383,408383,408514,131,0
408508,408509,408515,6,1
408508,408509,408515,6,1
408508,408509,408514,5,1
408511,408512,408516,4,1
408511,408511,408517,6,0
408515,408515,408517,2,0
408515,408515,408517,2,0
408515,408515,408517,2,0
408515,408515,408517,2,0
408515,408515,408517,2,0
408515,408515,408517,2,0
408515,408515,408517,2,0
408515,408515,408517,2,0
408515,408515,408517,2,0
408515,408515,408517,2,0
408515,408515,408517,2,0
408515,408515,408517,2,0
408515,408515,408517,2,0
408515,408515,408517,2,0
408515,408515,408517,2,0
408515,408515,408517,2,0
408515,408515,408517,2,0
408515,408515,408517,2,0
408515,408515,408517,2,0
408515,408515,408517,2,0
408515,408515,408517,2,0
408515,408515,408517,2,0
408515,408515,408517,2,0
408515,408515,408518,3,0
408515,408516,408517,1,1
408515,408515,408518,3,0
408515,408515,408517,2,0
408515,408515,408518,3,0
408515,408515,408518,3,0
408515,408515,408517,2,0
408515,408515,408518,3,0
408515,408515,408518,3,0
408515,408515,408517,2,0
408515,408515,408517,2,0
408515,408515,408518,3,0
408515,408515,408517,2,0
408511,408511,408518,7,0
408511,408511,408517,6,0
408518,408518,408519,1,0
408518,408518,408519,1,0
408515,408515,408519,4,0
408515,408516,408518,2,1
408518,408518,408520,2,0
408518,408518,408520,2,0
408518,408518,408520,2,0
408518,408518,408520,2,0
408518,408518,408520,2,0
408518,408518,408519,1,0
408518,408518,408520,2,0
408518,408518,408520,2,0
408518,408518,408520,2,0
408518,408518,408520,2,0
408518,408518,408520,2,0
408518,408518,408520,2,0
408518,408518,408520,2,0
408518,408518,408520,2,0
408518,408518,408520,2,0
408515,408515,408520,5,0
408515,408515,408520,5,0
408518,408518,408520,2,0
408518,408518,408520,2,0
408515,408515,408523,8,0
408515,408516,408523,7,1
408515,408515,408524,9,0
408515,408516,408525,9,1
408518,408518,408527,9,0
408439,408439,408527,88,0
408518,408518,408527,9,0
408518,408518,408527,9,0
408428,408428,408529,101,0
408529,408529,408530,1,0
408529,408529,408531,2,0
408529,408529,408531,2,0
408529,408529,408531,2,0
408529,408529,408531,2,0
408529,408529,408531,2,0
408529,408529,408531,2,0
408529,408529,408531,2,0
408529,408529,408531,2,0
408529,408529,408531,2,0
408441,408441,408530,89,0
408529,408529,408531,2,0
408529,408529,408531,2,0
408529,408529,408531,2,0
408529,408529,408532,3,0
408529,408529,408531,2,0
408417,408417,408531,114,0
408529,408529,408532,3,0
408529,408529,408533,4,0
408532,408532,408533,1,0
408532,408532,408533,1,0
408532,408532,408534,2,0
408532,408532,408534,2,0
408532,408532,408534,2,0
408529,408529,408534,5,0
408532,408532,408534,2,0
408532,408532,408534,2,0
408532,408532,408534,2,0
408532,408532,408535,3,0
408532,408532,408534,2,0
408532,408532,408534,2,0
408532,408532,408534,2,0
408532,408532,408534,2,0
408532,408532,408534,2,0
408532,408532,408534,2,0
408532,408532,408534,2,0
408532,408532,408534,2,0
408532,408532,408534,2,0
408532,408532,408534,2,0
408532,408532,408534,2,0
408532,408532,408534,2,0
408532,408532,408534,2,0
408532,408532,408534,2,0
408532,408532,408534,2,0
408532,408532,408534,2,0
408532,408532,408534,2,0
408532,408532,408534,2,0
408532,408532,408534,2,0
408532,408532,408534,2,0
408532,408532,408534,2,0
408532,408532,408534,2,0
408532,408532,408534,2,0
408529,408529,408534,5,0
408532,408532,408535,3,0
408532,408532,408534,2,0
408532,408532,408534,2,0
408532,408532,408534,2,0
408532,408532,408534,2,0
408532,408532,408534,2,0
408532,408532,408534,2,0
408532,408532,408534,2,0
408532,408532,408534,2,0
408532,408532,408534,2,0
408532,408532,408534,2,0
408532,408532,408534,2,0
408535,408535,408537,2,0
408535,408535,408536,1,0
408535,408535,408537,2,0
408535,408535,408537,2,0
408535,408535,408537,2,0
408535,408535,408536,1,0
408535,408535,408537,2,0
408535,408535,408537,2,0
408535,408535,408538,3,0
408535,408535,408537,2,0
408535,408535,408538,3,0
408535,408535,408537,2,0
408535,408535,408537,2,0
408535,408535,408537,2,0
408535,408535,408537,2,0
408535,408535,408537,2,0
408535,408535,408537,2,0
408535,408535,408538,3,0
408535,408535,408537,2,0
408535,408535,408537,2,0
408535,408535,408537,2,0
408529,408532,408539,7,3
408529,408532,408539,7,3
408529,408532,408539,7,3
408535,408535,408544,9,0
408443,408443,408560,117,0
408562,408562,408563,1,0
408562,408562,408563,1,0
408562,408562,408563,1,0
408562,408562,408564,2,0
408562,408562,408564,2,0
408562,408562,408564,2,0
408562,408562,408563,1,0
408562,408562,408564,2,0
408562,408562,408564,2,0
408562,408562,408563,1,0
408562,408562,408564,2,0
408562,408562,408563,1,0
408562,408562,408563,1,0
408562,408562,408563,1,0
408562,408562,408563,1,0
408562,408562,408563,1,0
408562,408562,408564,2,0
408562,408562,408563,1,0
408562,408562,408564,2,0
408562,408562,408564,2,0
408562,408562,408564,2,0
408461,408461,408567,106,0
408458,408458,408568,110,0
408562,408566,408570,4,4
408569,408569,408570,1,0
408569,408569,408570,1,0
408569,408569,408570,1,0
408569,408569,408570,1,0
408569,408569,408570,1,0
408569,408569,408570,1,0
408569,408569,408570,1,0
408569,408569,408571,2,0
408569,408569,408570,1,0
408569,408569,408570,1,0
408569,408569,408571,2,0
408569,408569,408571,2,0
408569,408569,408571,2,0
408569,408569,408571,2,0
408569,408569,408571,2,0
408433,408433,408571,138,0
408569,408569,408571,2,0
408569,408569,408571,2,0
408569,408569,408571,2,0
408569,408569,408571,2,0
408570,408570,408572,2,0
408570,408571,408572,1,1
408570,408571,408572,1,1
408570,408571,408572,1,1
408570,408571,408572,1,1
408570,408571,408572,1,1
408570,408571,408572,1,1
408570,408571,408572,1,1
408570,408571,408572,1,1
408570,408571,408572,1,1
408570,408571,408572,1,1
408570,408571,408572,1,1
408570,408571,408572,1,1
408570,408571,408572,1,1
408570,408570,408572,2,0
408570,408571,408572,1,1
408570,408571,408572,1,1
408570,408571,408573,2,1
408570,408571,408573,2,1
408570,408571,408573,2,1
408569,408569,408574,5,0
408569,408569,408574,5,0
408569,408569,408575,6,0
408570,408571,408576,5,1
408570,408571,408575,4,1
408575,408575,408576,1,0
408575,408575,408577,2,0
408575,408575,408577,2,0
408575,408575,408577,2,0
408575,408575,408577,2,0
408575,408575,408577,2,0
408575,408575,408577,2,0
408575,408575,408577,2,0
408575,408575,408577,2,0
408575,408575,408576,1,0
408575,408575,408577,2,0
408575,408575,408576,1,0
408575,408575,408577,2,0
408575,408575,408577,2,0
408575,408575,408577,2,0
408575,408575,408577,2,0
408575,408575,408577,2,0
408575,408575,408577,2,0
408466,408466,408578,112,0
408575,408577,408578,1,2
408575,408577,408578,1,2
386941,386942,408579,21637,1
408575,408575,408577,2,0
408575,408575,408577,2,0
408579,408580,408581,1,1
408579,408580,408581,1,1
408579,408580,408581,1,1
408579,408580,408581,1,1
408579,408580,408581,1,1
408579,408580,408581,1,1
408579,408580,408581,1,1
408579,408580,408581,1,1
408579,408580,408581,1,1
408579,408580,408581,1,1
408579,408580,408581,1,1
408579,408580,408581,1,1
408579,408580,408581,1,1
408579,408580,408581,1,1
408579,408580,408581,1,1
408579,408580,408581,1,1
408579,408580,408581,1,1
408579,408580,408582,2,1
408579,408580,408587,7,1
408579,408580,408587,7,1
386929,386929,408589,21660,0
386932,386932,408589,21657,0
408579,408580,408593,13,1
408579,408580,408593,13,1
408506,408506,408600,94,0
408517,408517,408601,84,0
408601,408601,408602,1,0
408601,408601,408602,1,0
408601,408601,408602,1,0
408601,408601,408602,1,0
408601,408601,408602,1,0
408601,408601,408602,1,0
408601,408601,408602,1,0
408601,408601,408602,1,0
408601,408601,408602,1,0
408601,408601,408602,1,0
408601,408601,408602,1,0
408601,408601,408602,1,0
408601,408601,408602,1,0
408601,408601,408602,1,0
408601,408601,408602,1,0
408601,408601,408603,2,0
408601,408601,408603,2,0
408602,408603,408604,1,1
408601,408601,408603,2,0
408601,408601,408603,2,0
408601,408601,408603,2,0
408601,408601,408604,3,0
408602,408603,408604,1,1
408602,408603,408604,1,1
408602,408603,408604,1,1
408602,408603,408604,1,1
408602,408603,408604,1,1
408602,408603,408605,2,1
408602,408603,408604,1,1
408602,408603,408605,2,1
408602,408603,408604,1,1
408602,408603,408604,1,1
408602,408603,408604,1,1
408602,408603,408604,1,1
408602,408603,408604,1,1
408602,408603,408604,1,1
408602,408603,408605,2,1
408602,408603,408604,1,1
408602,408603,408604,1,1
408601,408601,408604,3,0
408602,408603,408605,2,1
408602,408603,408605,2,1
408602,408603,408610,7,1
408602,408603,408610,7,1
408489,408489,408618,129,0
408618,408618,408619,1,0
408618,408618,408619,1,0
408618,408618,408620,2,0
408618,408618,408619,1,0
408618,408618,408620,2,0
408618,408618,408619,1,0
408618,408618,408619,1,0
408618,408618,408620,2,0
408618,408618,408620,2,0
408618,408618,408619,1,0
408618,408618,408620,2,0
408618,408618,408619,1,0
408618,408618,408620,2,0
408618,408618,408619,1,0
408618,408618,408620,2,0
408618,408618,408619,1,0
408618,408618,408620,2,0
408618,408618,408619,1,0
408618,408618,408619,1,0
408618,408618,408620,2,0
408618,408618,408620,2,0
408618,408618,408625,7,0
408510,408511,408628,117,1
408519,408519,408627,108,0
408534,408534,408628,94,0
408629,408629,408630,1,0
408629,408629,408631,2,0
408629,408629,408630,1,0
408629,408629,408630,1,0
408629,408629,408630,1,0
408629,408629,408630,1,0
408629,408629,408631,2,0
408629,408629,408630,1,0
408629,408629,408631,2,0
408629,408629,408630,1,0
408629,408629,408630,1,0
408629,408629,408631,2,0
408629,408629,408630,1,0
408629,408629,408630,1,0
408629,408629,408631,2,0
408629,408629,408631,2,0
408629,408629,408631,2,0
408629,408629,408631,2,0
408629,408629,408631,2,0
408629,408629,408631,2,0
408629,408629,408631,2,0
408629,408629,408631,2,0
408629,408629,408631,2,0
408629,408629,408631,2,0
408629,408629,408631,2,0
408629,408629,408631,2,0
408629,408629,408631,2,0
408629,408629,408631,2,0
408629,408629,408631,2,0
408631,408631,408632,1,0
408629,408629,408631,2,0
408629,408629,408631,2,0
408629,408629,408631,2,0
408631,408631,408632,1,0
408629,408629,408631,2,0
408629,408629,408631,2,0
408629,408629,408631,2,0
408631,408631,408632,1,0
408629,408629,408632,3,0
408629,408629,408632,3,0
408629,408629,408631,2,0
408629,408629,408632,3,0
408629,408629,408631,2,0
408629,408629,408631,2,0
408629,408629,408632,3,0
408629,408629,408632,3,0
408629,408629,408631,2,0
408631,408631,408632,1,0
408631,408631,408633,2,0
408631,408631,408633,2,0
408631,408631,408632,1,0
408631,408631,408632,1,0
408631,408631,408632,1,0
408631,408631,408632,1,0
408631,408631,408632,1,0
408631,408631,408632,1,0
408631,408631,408633,2,0
408631,408631,408632,1,0
408631,408631,408633,2,0
408631,408631,408632,1,0
408631,408631,408632,1,0
408631,408631,408632,1,0
408631,408631,408632,1,0
408631,408631,408633,2,0
408631,408631,408633,2,0
408631,408631,408632,1,0
386940,386940,408635,21695,0
408536,408536,408636,100,0
408638,408638,408639,1,0
408638,408638,408639,1,0
408638,408638,408639,1,0
408638,408638,408640,2,0
408638,408638,408639,1,0
408638,408638,408640,2,0
408638,408638,408639,1,0
408638,408638,408640,2,0
408638,408638,408640,2,0
408638,408638,408640,2,0
408638,408638,408640,2,0
408538,408539,408641,102,1
408638,408638,408640,2,0
408638,408641,408642,1,3
408638,408638,408642,4,0
408638,408638,408642,4,0
408638,408638,408642,4,0
408641,408641,408642,1,0
408641,408641,408642,1,0
408638,408641,408642,1,3
408641,408641,408642,1,0
408641,408641,408644,3,0
408641,408641,408644,3,0
408641,408641,408644,3,0
408641,408641,408644,3,0
408641,408641,408644,3,0
408641,408641,408644,3,0
408641,408641,408644,3,0
408641,408641,408644,3,0
408641,408641,408644,3,0
408641,408641,408644,3,0
408641,408641,408644,3,0
408638,408641,408644,3,3
408641,408641,408644,3,0
408638,408638,408644,6,0
408641,408641,408644,3,0
408641,408641,408644,3,0
408638,408638,408645,7,0
408638,408638,408645,7,0
408638,408638,408646,8,0
408641,408641,408650,9,0
408641,408641,408649,8,0
408641,408641,408649,8,0
408641,408642,408653,11,1
408641,408641,408655,14,0
408576,408576,408658,82,0
408659,408659,408661,2,0
408659,408659,408661,2,0
408659,408659,408661,2,0
408659,408659,408661,2,0
408659,408659,408660,1,0
408659,408659,408661,2,0
408659,408659,408661,2,0
408659,408659,408660,1,0
408659,408659,408661,2,0
408659,408659,408661,2,0
408659,408659,408661,2,0
408659,408659,408661,2,0
408659,408659,408661,2,0
408659,408659,408661,2,0
408659,408659,408661,2,0
408659,408659,408661,2,0
408659,408660,408661,1,1
408659,408660,408662,2,1
408659,408660,408662,2,1
408659,408659,408663,4,0
408659,408659,408663,4,0
408659,408659,408664,5,0
408563,408563,408664,101,0
408666,408667,408668,1,1
408666,408667,408668,1,1
408666,408667,408668,1,1
408666,408667,408668,1,1
408666,408667,408668,1,1
408666,408667,408668,1,1
408666,408667,408668,1,1
408666,408667,408668,1,1
408666,408667,408669,2,1
408666,408667,408668,1,1
408666,408667,408668,1,1
408666,408667,408668,1,1
408666,408667,408668,1,1
408666,408667,408668,1,1
408666,408667,408668,1,1
408666,408667,408669,2,1
408666,408667,408669,2,1
408666,408667,408668,1,1
408666,408667,408670,3,1
408495,408495,408676,181,0
408666,408667,408676,9,1
408666,408667,408676,9,1
408666,408667,408675,8,1
408676,408676,408677,1,0
408479,408479,408677,198,0
408676,408676,408678,2,0
408676,408676,408678,2,0
408676,408676,408678,2,0
408676,408676,408678,2,0
408676,408676,408677,1,0
408676,408676,408677,1,0
408676,408676,408678,2,0
408676,408676,408678,2,0
408676,408676,408678,2,0
408676,408676,408678,2,0
408676,408676,408678,2,0
408676,408676,408678,2,0
408676,408676,408678,2,0
408676,408678,408679,1,2
408676,408678,408679,1,2
408676,408678,408679,1,2
408676,408676,408680,4,0
408578,408578,408681,103,0
408676,408676,408680,4,0
408486,408486,408681,195,0
408676,408680,408681,1,4
408676,408680,408681,1,4
408676,408680,408681,1,4
408681,408681,408683,2,0
408681,408681,408683,2,0
408682,408682,408684,2,0
408682,408682,408683,1,0
408681,408681,408684,3,0
408682,408682,408683,1,0
408682,408682,408684,2,0
408682,408682,408683,1,0
408602,408602,408683,81,0
408681,408681,408684,3,0
408681,408681,408684,3,0
408681,408681,408683,2,0
408682,408682,408684,2,0
408681,408681,408683,2,0
408681,408681,408683,2,0
408681,408681,408683,2,0
408682,408682,408683,1,0
408682,408682,408684,2,0
408682,408682,408683,1,0
408526,408526,408683,157,0
408681,408681,408683,2,0
408682,408682,408683,1,0
408682,408682,408684,2,0
408682,408682,408683,1,0
408681,408681,408683,2,0
408681,408681,408683,2,0
408681,408681,408683,2,0
408682,408682,408684,2,0
408682,408682,408684,2,0
408682,408682,408683,1,0
408681,408681,408683,2,0
408681,408681,408684,3,0
408681,408681,408683,2,0
408681,408681,408683,2,0
408682,408682,408684,2,0
408682,408682,408683,1,0
408681,408681,408683,2,0
408681,408681,408683,2,0
408682,408682,408683,1,0
408682,408682,408684,2,0
408682,408682,408683,1,0
408682,408682,408684,2,0
408682,408682,408684,2,0
408684,408684,408685,1,0
408684,408684,408685,1,0
408681,408681,408684,3,0
408684,408684,408685,1,0
408684,408684,408685,1,0
408684,408684,408685,1,0
408684,408684,408685,1,0
408684,408684,408685,1,0
408684,408684,408685,1,0
408684,408684,408686,2,0
408684,408684,408685,1,0
408684,408684,408685,1,0
408684,408684,408685,1,0
408684,408684,408685,1,0
408684,408684,408685,1,0
408684,408684,408685,1,0
408684,408684,408686,2,0
408684,408684,408686,2,0
408684,408684,408686,2,0
408684,408684,408685,1,0
408684,408684,408686,2,0
408684,408684,408686,2,0
408684,408684,408686,2,0
408684,408684,408686,2,0
408684,408684,408686,2,0
408684,408684,408686,2,0
408684,408684,408685,1,0
408684,408684,408686,2,0
408684,408684,408685,1,0
408684,408684,408686,2,0
408684,408684,408686,2,0
408684,408684,408685,1,0
408684,408684,408686,2,0
408684,408684,408686,2,0
408684,408684,408686,2,0
408684,408684,408685,1,0
408684,408684,408686,2,0
408684,408684,408686,2,0
408684,408684,408686,2,0
408684,408684,408687,3,0
408681,408681,408687,6,0
408681,408681,408688,7,0
408603,408603,408688,85,0
408514,408515,408689,174,1
408684,408684,408686,2,0
408684,408684,408686,2,0
408687,408687,408689,2,0
408687,408687,408689,2,0
408687,408687,408689,2,0
408687,408687,408689,2,0
408687,408687,408689,2,0
408687,408687,408688,1,0
408687,408687,408689,2,0
408687,408687,408689,2,0
408687,408687,408689,2,0
408687,408687,408689,2,0
408687,408687,408689,2,0
408687,408687,408689,2,0
408687,408687,408689,2,0
408687,408687,408689,2,0
408687,408687,408689,2,0
408687,408687,408689,2,0
408687,408687,408689,2,0
408687,408687,408689,2,0
408687,408687,408689,2,0
408687,408687,408690,3,0
408580,408581,408690,109,1
408684,408684,408689,5,0
408684,408684,408689,5,0
408684,408684,408689,5,0
408690,408690,408692,2,0
408690,408691,408692,1,1
408690,408690,408692,2,0
408690,408690,408692,2,0
408690,408690,408692,2,0
408690,408691,408692,1,1
408690,408691,408692,1,1
408690,408690,408692,2,0
408690,408691,408692,1,1
408690,408691,408692,1,1
408690,408691,408692,1,1
408690,408690,408692,2,0
408690,408690,408692,2,0
408690,408690,408692,2,0
408690,408691,408692,1,1
408690,408691,408692,1,1
408690,408691,408692,1,1
408690,408690,408692,2,0
408690,408690,408692,2,0
408690,408691,408693,2,1
408690,408691,408692,1,1
408690,408691,408692,1,1
408690,408690,408692,2,0
408690,408690,408692,2,0
408690,408691,408692,1,1
408690,408691,408693,2,1
408690,408691,408692,1,1
408690,408690,408692,2,0
408690,408690,408692,2,0
408690,408691,408692,1,1
408690,408691,408692,1,1
408690,408690,408692,2,0
408690,408690,408692,2,0
408690,408690,408692,2,0
408690,408691,408692,1,1
408690,408691,408692,1,1
408690,408691,408693,2,1
408690,408691,408693,2,1
408690,408691,408693,2,1
408690,408690,408693,3,0
408690,408691,408693,2,1
408696,408696,408697,1,0
408571,408572,408697,125,1
408696,408696,408698,2,0
408696,408696,408698,2,0
408696,408696,408697,1,0
408696,408696,408698,2,0
408696,408696,408698,2,0
408687,408689,408698,9,2
408687,408689,408698,9,2
408690,408691,408699,8,1
408690,408691,408698,7,1
408690,408691,408699,8,1
408696,408696,408698,2,0
408696,408696,408699,3,0
408696,408697,408699,2,1
408696,408697,408698,1,1
408696,408696,408698,2,0
408696,408696,408698,2,0
408696,408696,408698,2,0
408696,408696,408698,2,0
408696,408696,408699,3,0
408696,408696,408698,2,0
408696,408696,408698,2,0
408696,408696,408698,2,0
408541,408541,408700,159,0
408698,408698,408699,1,0
408698,408698,408700,2,0
408698,408698,408699,1,0
408698,408698,408699,1,0
408698,408698,408700,2,0
408698,408698,408699,1,0
408698,408698,408699,1,0
408698,408698,408700,2,0
408698,408698,408699,1,0
408698,408698,408700,2,0
408698,408698,408700,2,0
408698,408698,408699,1,0
408698,408698,408699,1,0
408698,408698,408700,2,0
408698,408698,408699,1,0
408698,408698,408700,2,0
408698,408698,408700,2,0
408698,408698,408699,1,0
408696,408696,408703,7,0
408696,408697,408703,6,1
408696,408696,408703,7,0
408696,408697,408703,6,1
408698,408698,408703,5,0
408703,408703,408704,1,0
408703,408703,408705,2,0
408703,408703,408705,2,0
408703,408703,408705,2,0
408703,408703,408705,2,0
408703,408703,408704,1,0
408703,408703,408705,2,0
408703,408703,408705,2,0
408703,408703,408704,1,0
408703,408703,408705,2,0
408703,408703,408705,2,0
408703,408703,408705,2,0
408703,408703,408705,2,0
408703,408703,408705,2,0
408703,408703,408704,1,0
408703,408703,408705,2,0
408703,408703,408705,2,0
408703,408703,408706,3,0
408703,408703,408705,2,0
408698,408698,408708,10,0
408698,408698,408708,10,0
408698,408698,408709,11,0
408703,408703,408709,6,0
408703,408703,408709,6,0
408703,408703,408709,6,0
408619,408619,408709,90,0
408548,408549,408711,162,1
408710,408711,408712,1,1
408710,408711,408712,1,1
408710,408711,408712,1,1
408710,408711,408712,1,1
408710,408711,408712,1,1
408710,408711,408712,1,1
408710,408711,408713,2,1
408710,408711,408712,1,1
408710,408711,408712,1,1
408710,408711,408712,1,1
408710,408711,408713,2,1
408710,408711,408712,1,1
408710,408711,408712,1,1
408710,408711,408712,1,1
408710,408711,408712,1,1
408710,408711,408713,2,1
408710,408711,408713,2,1
408710,408711,408713,2,1
408710,408711,408713,2,1
408710,408711,408716,5,1
408710,408711,408716,5,1
408710,408711,408716,5,1
408715,408715,408716,1,0
408715,408715,408716,1,0
408715,408715,408716,1,0
408715,408715,408716,1,0
408715,408715,408716,1,0
408715,408715,408717,2,0
408715,408715,408717,2,0
408715,408715,408717,2,0
408715,408715,408717,2,0
408715,408715,408717,2,0
408715,408715,408717,2,0
408715,408715,408717,2,0
408715,408715,408717,2,0
408715,408715,408717,2,0
408715,408715,408717,2,0
408715,408715,408717,2,0
408715,408715,408717,2,0
408715,408715,408718,3,0
408715,408715,408717,2,0
408715,408715,408717,2,0
408715,408715,408717,2,0
408715,408715,408718,3,0
408632,408632,408727,95,0
408729,408729,408731,2,0
408729,408729,408730,1,0
408729,408729,408731,2,0
408729,408729,408730,1,0
408729,408729,408731,2,0
408729,408729,408731,2,0
408729,408729,408730,1,0
408729,408729,408731,2,0
408729,408729,408731,2,0
408729,408729,408732,3,0
408729,408731,408733,2,2
408729,408731,408732,1,2
408729,408729,408735,6,0
408729,408729,408736,7,0
408729,408729,408735,6,0
408729,408729,408739,10,0
408729,408729,408739,10,0
408729,408729,408744,15,0
408729,408729,408744,15,0
408637,408637,408745,108,0
408644,408644,408745,101,0
408729,408729,408746,17,0
408747,408747,408748,1,0
408729,408729,408747,18,0
408747,408747,408749,2,0
408747,408747,408749,2,0
408747,408747,408748,1,0
408747,408747,408749,2,0
408747,408747,408749,2,0
408747,408747,408749,2,0
408747,408747,408748,1,0
408747,408747,408748,1,0
408747,408747,408748,1,0
408747,408747,408749,2,0
408747,408747,408748,1,0
408747,408747,408749,2,0
408747,408747,408748,1,0
408747,408747,408749,2,0
408747,408747,408749,2,0
408747,408747,408748,1,0
408747,408747,408749,2,0
408747,408747,408749,2,0
408747,408747,408748,1,0
408747,408747,408748,1,0
408747,408747,408749,2,0
408747,408747,408749,2,0
408747,408747,408749,2,0
408747,408747,408749,2,0
408747,408747,408749,2,0
408747,408747,408748,1,0
408747,408747,408749,2,0
408747,408747,408749,2,0
408747,408747,408748,1,0
408747,408747,408749,2,0
408747,408747,408749,2,0
408747,408747,408749,2,0
408729,408729,408749,20,0
408747,408747,408750,3,0
408747,408747,408750,3,0
408747,408747,408749,2,0
408747,408747,408749,2,0
408747,408747,408750,3,0
408747,408747,408751,4,0
408747,408747,408751,4,0
408747,408747,408750,3,0
408639,408639,408752,113,0
408747,408747,408753,6,0
408747,408747,408754,7,0
408747,408747,408755,8,0
408754,408754,408755,1,0
408754,408754,408755,1,0
408754,408754,408755,1,0
408754,408754,408755,1,0
408754,408754,408755,1,0
408754,408754,408755,1,0
408754,408754,408755,1,0
408754,408754,408755,1,0
408754,408754,408755,1,0
408754,408754,408756,2,0
408754,408754,408755,1,0
408754,408754,408755,1,0
408754,408754,408755,1,0
408754,408754,408756,2,0
408754,408754,408756,2,0
408754,408754,408756,2,0
408754,408754,408756,2,0
408647,408647,408757,110,0
408667,408668,408757,89,1
408754,408754,408759,5,0
408759,408759,408760,1,0
408759,408759,408760,1,0
408759,408759,408760,1,0
408759,408759,408761,2,0
408759,408759,408760,1,0
408759,408759,408760,1,0
408759,408759,408760,1,0
408759,408759,408760,1,0
408759,408759,408760,1,0
408759,408759,408761,2,0
408759,408759,408760,1,0
408759,408759,408760,1,0
408759,408759,408760,1,0
408759,408759,408761,2,0
408759,408759,408761,2,0
408759,408759,408760,1,0
408759,408759,408760,1,0
408759,408759,408760,1,0
408759,408759,408760,1,0
408759,408759,408760,1,0
408759,408759,408761,2,0
408759,408759,408760,1,0
408759,408759,408761,2,0
408759,408759,408761,2,0
408759,408759,408760,1,0
408759,408759,408760,1,0
408759,408759,408761,2,0
408759,408759,408760,1,0
408759,408759,408760,1,0
408759,408759,408761,2,0
408759,408759,408760,1,0
408754,408754,408760,6,0
408754,408754,408760,6,0
408759,408759,408761,2,0
408759,408759,408761,2,0
408759,408759,408761,2,0
408759,408759,408761,2,0
408759,408759,408761,2,0
408759,408759,408761,2,0
408759,408759,408761,2,0
408759,408759,408761,2,0
408759,408759,408761,2,0
408754,408754,408759,5,0
408754,408754,408759,5,0
408759,408763,408765,2,4
408759,408763,408765,2,4
408759,408763,408766,3,4
408662,408662,408772,110,0
408759,408761,408774,13,2
408773,408773,408775,2,0
408773,408773,408775,2,0
408773,408773,408775,2,0
408773,408773,408775,2,0
408685,408685,408775,90,0
408773,408773,408775,2,0
408773,408773,408774,1,0
408773,408773,408775,2,0
408773,408773,408775,2,0
408773,408773,408774,1,0
408773,408773,408774,1,0
408773,408773,408775,2,0
408773,408773,408775,2,0
408773,408773,408775,2,0
408773,408773,408774,1,0
408773,408773,408775,2,0
408773,408773,408775,2,0
408773,408773,408775,2,0
408773,408773,408775,2,0
408773,408773,408775,2,0
408773,408773,408775,2,0
408773,408773,408776,3,0
408773,408773,408776,3,0
386934,386934,408778,21844,0
408777,408777,408779,2,0
408777,408777,408779,2,0
408777,408777,408778,1,0
408777,408777,408778,1,0
408777,408777,408778,1,0
408777,408777,408779,2,0
408777,408777,408779,2,0
408777,408777,408778,1,0
408777,408777,408778,1,0
408777,408777,408778,1,0
408777,408777,408779,2,0
408777,408777,408779,2,0
408777,408777,408779,2,0
408777,408777,408779,2,0
408777,408777,408779,2,0
408777,408777,408779,2,0
408777,408777,408779,2,0
408777,408777,408779,2,0
408777,408777,408779,2,0
408777,408777,408780,3,0
408777,408777,408780,3,0
408777,408777,408780,3,0
408697,408697,408794,97,0
408677,408680,408795,115,3
408795,408795,408796,1,0
408795,408795,408797,2,0
408795,408795,408797,2,0
408795,408795,408797,2,0
408795,408795,408796,1,0
408795,408795,408797,2,0
408795,408795,408797,2,0
408795,408795,408797,2,0
408795,408795,408797,2,0
408795,408795,408797,2,0
408795,408795,408797,2,0
408795,408795,408797,2,0
408795,408795,408797,2,0
408795,408795,408797,2,0
408795,408795,408797,2,0
408795,408795,408797,2,0
408795,408795,408797,2,0
408795,408795,408797,2,0
408795,408795,408797,2,0
408795,408795,408797,2,0
408795,408796,408798,2,1
408797,408798,408799,1,1
408797,408798,408799,1,1
408797,408798,408799,1,1
408797,408798,408799,1,1
408797,408798,408799,1,1
408797,408798,408800,2,1
408797,408798,408799,1,1
408797,408798,408799,1,1
408797,408798,408799,1,1
408797,408798,408799,1,1
408797,408798,408799,1,1
408797,408798,408799,1,1
408797,408798,408800,2,1
408797,408798,408799,1,1
408795,408796,408799,3,1
408797,408798,408800,2,1
408797,408798,408800,2,1
408797,408798,408800,2,1
408797,408798,408800,2,1
408797,408798,408800,2,1
408797,408798,408800,2,1
408797,408798,408802,4,1
408797,408798,408803,5,1
386938,386938,408806,21868,0
408704,408705,408806,101,1
408807,408807,408809,2,0
408807,408807,408808,1,0
408807,408807,408809,2,0
408807,408807,408808,1,0
408807,408807,408809,2,0
408807,408807,408808,1,0
408807,408807,408809,2,0
408807,408807,408809,2,0
408807,408807,408808,1,0
408807,408807,408809,2,0
408807,408807,408809,2,0
408807,408807,408809,2,0
408807,408807,408809,2,0
408807,408807,408808,1,0
408807,408807,408809,2,0
408691,408692,408809,117,1
408807,408807,408809,2,0
408807,408807,408809,2,0
408807,408807,408810,3,0
408807,408807,408809,2,0
408807,408807,408813,6,0
408807,408807,408813,6,0
408812,408812,408814,2,0
408812,408812,408814,2,0
408812,408812,408814,2,0
408812,408812,408814,2,0
408812,408812,408814,2,0
408812,408812,408814,2,0
408812,408812,408814,2,0
408812,408812,408814,2,0
408807,408807,408814,7,0
408812,408813,408815,2,1
408812,408813,408815,2,1
408812,408812,408814,2,0
408812,408812,408815,3,0
408812,408812,408814,2,0
408812,408812,408815,3,0
408812,408812,408814,2,0
408812,408812,408815,3,0
408812,408812,408814,2,0
408812,408812,408815,3,0
408812,408812,408815,3,0
408812,408812,408815,3,0
408812,408812,408815,3,0
408719,408719,408817,98,0
408726,408726,408818,92,0
386934,386934,408818,21884,0
408818,408818,408820,2,0
408818,408818,408820,2,0
408818,408818,408819,1,0
408818,408818,408820,2,0
408818,408818,408820,2,0
408818,408818,408820,2,0
408818,408818,408820,2,0
408818,408818,408820,2,0
408818,408818,408820,2,0
408818,408818,408820,2,0
408818,408818,408820,2,0
408818,408818,408820,2,0
408818,408818,408820,2,0
408818,408818,408820,2,0
408818,408818,408820,2,0
408818,408818,408820,2,0
408818,408818,408820,2,0
408818,408818,408820,2,0
408818,408818,408820,2,0
408818,408818,408820,2,0
408818,408818,408820,2,0
408818,408818,408820,2,0
408818,408818,408820,2,0
408818,408818,408820,2,0
408818,408818,408820,2,0
408818,408818,408820,2,0
408818,408818,408820,2,0
408818,408818,408820,2,0
408818,408818,408820,2,0
408818,408818,408820,2,0
408818,408818,408820,2,0
408818,408818,408820,2,0
408818,408818,408820,2,0
408818,408818,408820,2,0
408818,408818,408820,2,0
408818,408818,408820,2,0
408818,408818,408820,2,0
408812,408812,408820,8,0
408818,408818,408821,3,0
408818,408818,408825,7,0
408818,408818,408825,7,0
408818,408818,408825,7,0
408818,408818,408826,8,0
408818,408818,408827,9,0
408818,408818,408827,9,0
408721,408721,408831,110,0
408716,408716,408833,117,0
408832,408833,408834,1,1
408832,408833,408834,1,1
408832,408832,408834,2,0
408832,408833,408834,1,1
408832,408832,408834,2,0
408832,408832,408834,2,0
408832,408833,408834,1,1
408832,408833,408834,1,1
408832,408833,408834,1,1
408832,408833,408834,1,1
408832,408833,408834,1,1
408832,408833,408834,1,1
408832,408833,408834,1,1
408832,408832,408834,2,0
408832,408833,408834,1,1
408713,408713,408834,121,0
408832,408833,408834,1,1
408834,408834,408835,1,0
408832,408833,408835,2,1
408832,408833,408834,1,1
408832,408833,408834,1,1
408834,408834,408835,1,0
408834,408834,408835,1,0
408834,408834,408835,1,0
408834,408834,408836,2,0
408834,408834,408836,2,0
408834,408834,408835,1,0
408834,408834,408836,2,0
408834,408834,408836,2,0
408834,408834,408835,1,0
408834,408834,408836,2,0
408834,408834,408836,2,0
408834,408834,408835,1,0
408834,408834,408835,1,0
408834,408834,408836,2,0
408834,408834,408836,2,0
408834,408834,408836,2,0
408834,408834,408835,1,0
408834,408834,408836,2,0
408723,408724,408836,112,1
408832,408833,408836,3,1
408834,408834,408836,2,0
408832,408833,408837,4,1
408835,408835,408837,2,0
408835,408835,408837,2,0
408835,408836,408837,1,1
408835,408835,408837,2,0
408835,408835,408837,2,0
408835,408835,408837,2,0
408835,408836,408837,1,1
408835,408835,408837,2,0
408835,408836,408837,1,1
408835,408836,408837,1,1
408835,408836,408837,1,1
408835,408836,408837,1,1
408835,408835,408837,2,0
408835,408835,408837,2,0
408835,408836,408837,1,1
408835,408835,408838,3,0
408832,408833,408837,4,1
408834,408834,408837,3,0
408834,408834,408837,3,0
408835,408836,408837,1,1
408835,408835,408838,3,0
408835,408836,408838,2,1
408835,408836,408838,2,1
408838,408838,408839,1,0
408838,408838,408839,1,0
408838,408838,408839,1,0
408838,408838,408840,2,0
408838,408838,408839,1,0
408838,408838,408839,1,0
408838,408838,408839,1,0
408838,408838,408840,2,0
408838,408838,408839,1,0
408838,408838,408839,1,0
408838,408838,408839,1,0
408838,408838,408839,1,0
408838,408838,408839,1,0
408838,408838,408839,1,0
408838,408838,408839,1,0
408838,408838,408840,2,0
408838,408838,408840,2,0
408838,408838,408840,2,0
408838,408838,408840,2,0
408838,408838,408840,2,0
408838,408838,408840,2,0
408838,408838,408840,2,0
408835,408836,408847,11,1
408835,408836,408848,12,1
408760,408763,408856,93,3
408856,408856,408858,2,0
408856,408856,408858,2,0
408856,408856,408858,2,0
408856,408856,408858,2,0
408856,408856,408858,2,0
408856,408856,408858,2,0
408856,408856,408858,2,0
408856,408856,408858,2,0
408856,408856,408858,2,0
408856,408856,408858,2,0
408856,408856,408858,2,0
408856,408856,408858,2,0
408856,408856,408858,2,0
408856,408856,408858,2,0
408856,408856,408857,1,0
408856,408856,408858,2,0
408856,408856,408858,2,0
408856,408856,408857,1,0
408856,408856,408858,2,0
408856,408856,408858,2,0
408856,408856,408858,2,0
408728,408728,408859,131,0
408860,408861,408862,1,1
408860,408860,408862,2,0
408860,408860,408862,2,0
408860,408860,408862,2,0
408860,408860,408862,2,0
408860,408860,408862,2,0
408860,408860,408862,2,0
408860,408860,408862,2,0
408860,408860,408862,2,0
408860,408860,408862,2,0
408860,408860,408861,1,0
408860,408860,408862,2,0
408860,408860,408862,2,0
408860,408860,408862,2,0
408750,408750,408862,112,0
408860,408860,408862,2,0
408860,408860,408862,2,0
408856,408856,408862,6,0
408860,408861,408862,1,1
408860,408861,408863,2,1
408860,408860,408862,2,0
408864,408864,408865,1,0
408864,408864,408866,2,0
408864,408864,408866,2,0
408864,408864,408865,1,0
408864,408864,408865,1,0
408864,408864,408866,2,0
408864,408864,408865,1,0
408864,408864,408866,2,0
408864,408864,408865,1,0
408864,408864,408866,2,0
408864,408864,408865,1,0
408864,408864,408866,2,0
408864,408864,408865,1,0
408860,408860,408867,7,0
408864,408864,408866,2,0
408864,408864,408866,2,0
408864,408864,408866,2,0
408860,408860,408867,7,0
408860,408860,408867,7,0
408864,408864,408867,3,0
408864,408864,408868,4,0
408864,408864,408868,4,0
408730,408730,408871,141,0
408864,408864,408872,8,0
408864,408864,408872,8,0
408871,408871,408872,1,0
408871,408871,408873,2,0
408871,408871,408873,2,0
408871,408871,408873,2,0
408871,408871,408873,2,0
408864,408864,408873,9,0
408871,408871,408873,2,0
408753,408753,408873,120,0
408871,408871,408873,2,0
408871,408871,408873,2,0
408871,408871,408873,2,0
408871,408871,408873,2,0
408871,408871,408873,2,0
408871,408871,408873,2,0
408871,408871,408874,3,0
408871,408871,408874,3,0
408871,408871,408873,2,0
408871,408871,408874,3,0
408871,408871,408874,3,0
408763,408763,408875,112,0
408871,408874,408876,2,3
408871,408871,408876,5,0
408875,408875,408876,1,0
408875,408875,408877,2,0
408875,408875,408877,2,0
408875,408875,408876,1,0
408875,408875,408876,1,0
408875,408875,408877,2,0
408875,408875,408876,1,0
408871,408874,408876,2,3
408871,408871,408877,6,0
408871,408871,408876,5,0
408875,408875,408878,3,0
408875,408875,408877,2,0
408875,408875,408877,2,0
408875,408875,408877,2,0
408875,408875,408878,3,0
408875,408875,408877,2,0
408875,408875,408877,2,0
408875,408875,408877,2,0
408875,408875,408877,2,0
408875,408875,408877,2,0
408722,408722,408877,155,0
408755,408756,408877,121,1
408877,408877,408879,2,0
408877,408877,408878,1,0
408877,408877,408879,2,0
408877,408877,408878,1,0
408877,408877,408879,2,0
408877,408877,408878,1,0
408877,408877,408878,1,0
408877,408877,408879,2,0
408877,408877,408879,2,0
408877,408877,408878,1,0
408877,408877,408879,2,0
408877,408877,408878,1,0
408877,408877,408878,1,0
408877,408877,408878,1,0
408877,408877,408878,1,0
408877,408877,408878,1,0
408877,408877,408878,1,0
408875,408875,408878,3,0
408875,408875,408877,2,0
408877,408877,408879,2,0
408880,408880,408881,1,0
408880,408880,408882,2,0
408880,408880,408882,2,0
408880,408880,408882,2,0
408880,408880,408882,2,0
408880,408880,408882,2,0
408880,408880,408882,2,0
408877,408880,408881,1,3
408880,408880,408882,2,0
408880,408880,408882,2,0
408880,408880,408882,2,0
408880,408880,408881,1,0
408880,408880,408882,2,0
408880,408880,408882,2,0
408880,408880,408882,2,0
408880,408880,408882,2,0
408880,408880,408882,2,0
408880,408880,408882,2,0
408880,408880,408882,2,0
408880,408880,408882,2,0
408875,408875,408883,8,0
408875,408875,408883,8,0
408774,408775,408883,108,1
408875,408875,408883,8,0
408877,408877,408883,6,0
408877,408877,408883,6,0
408883,408883,408885,2,0
408883,408883,408884,1,0
408883,408883,408884,1,0
408883,408883,408884,1,0
408883,408883,408884,1,0
408883,408883,408885,2,0
408883,408883,408884,1,0
408883,408883,408884,1,0
408883,408883,408884,1,0
408883,408883,408884,1,0
408883,408883,408884,1,0
408883,408883,408884,1,0
408883,408883,408884,1,0
408883,408883,408884,1,0
408883,408883,408884,1,0
408883,408883,408885,2,0
408883,408883,408884,1,0
408883,408883,408885,2,0
408877,408877,408885,8,0
408880,408880,408885,5,0
408880,408880,408887,7,0
408880,408880,408888,8,0
408883,408883,408889,6,0
408888,408888,408890,2,0
408888,408888,408890,2,0
408888,408888,408890,2,0
408888,408888,408890,2,0
408888,408888,408890,2,0
408888,408888,408890,2,0
408888,408888,408890,2,0
408888,408888,408890,2,0
408888,408888,408890,2,0
408888,408888,408890,2,0
408883,408883,408889,6,0
408781,408781,408891,110,0
408888,408888,408890,2,0
408888,408888,408891,3,0
408888,408888,408891,3,0
408888,408888,408891,3,0
408888,408888,408891,3,0
408883,408883,408892,9,0
408883,408883,408892,9,0
408888,408888,408892,4,0
408888,408888,408893,5,0
408888,408888,408893,5,0
408888,408888,408894,6,0
408888,408888,408896,8,0
408888,408888,408896,8,0
408888,408888,408895,7,0
408895,408895,408896,1,0
408895,408895,408897,2,0
408895,408895,408897,2,0
408895,408895,408897,2,0
408895,408895,408897,2,0
408895,408895,408896,1,0
408895,408895,408897,2,0
408895,408895,408897,2,0
408895,408895,408897,2,0
408895,408895,408897,2,0
408895,408895,408896,1,0
408895,408895,408898,3,0
408895,408895,408897,2,0
408895,408895,408897,2,0
408895,408895,408897,2,0
408895,408895,408897,2,0
408895,408895,408898,3,0
408895,408895,408899,4,0
408895,408895,408901,6,0
408895,408895,408901,6,0
408895,408895,408902,7,0
408895,408895,408902,7,0
408822,408822,408914,92,0
408815,408815,408914,99,0
408813,408814,408914,100,1
408915,408915,408917,2,0
408915,408915,408917,2,0
408915,408915,408916,1,0
408915,408915,408917,2,0
408915,408915,408916,1,0
408915,408915,408916,1,0
408915,408915,408916,1,0
408915,408915,408916,1,0
408915,408915,408916,1,0
408915,408915,408917,2,0
408915,408915,408916,1,0
408915,408915,408917,2,0
408915,408915,408917,2,0
408915,408915,408917,2,0
408915,408915,408916,1,0
408915,408915,408916,1,0
408915,408915,408916,1,0
408915,408915,408916,1,0
408915,408915,408917,2,0
408915,408915,408917,2,0
408915,408915,408916,1,0
408915,408915,408917,2,0
408915,408915,408916,1,0
408915,408915,408917,2,0
408915,408915,408917,2,0
408915,408915,408917,2,0
408915,408915,408917,2,0
408915,408915,408917,2,0
408915,408915,408917,2,0
408915,408915,408917,2,0
408915,408915,408917,2,0
408915,408915,408917,2,0
408915,408915,408918,3,0
408915,408915,408917,2,0
408915,408915,408917,2,0
408915,408915,408917,2,0
408915,408915,408917,2,0
408915,408915,408918,3,0
408915,408915,408917,2,0
408915,408915,408917,2,0
408915,408915,408918,3,0
408915,408915,408917,2,0
408915,408915,408917,2,0
408915,408915,408917,2,0
408920,408920,408921,1,0
408920,408920,408922,2,0
408920,408920,408921,1,0
408920,408920,408922,2,0
408920,408920,408922,2,0
408920,408920,408921,1,0
408920,408920,408922,2,0
408920,408920,408921,1,0
408920,408920,408921,1,0
408920,408920,408921,1,0
408920,408920,408922,2,0
408920,408920,408921,1,0
408920,408920,408923,3,0
408920,408920,408922,2,0
408920,408920,408922,2,0
408920,408920,408923,3,0
408920,408921,408923,2,1
408920,408921,408923,2,1
408920,408921,408923,2,1
408920,408920,408927,7,0
408920,408920,408926,6,0
408920,408920,408927,7,0
408797,408797,408933,136,0
408825,408825,408932,107,0
408800,408800,408933,133,0
408934,408934,408935,1,0
408934,408934,408936,2,0
408934,408934,408936,2,0
408934,408934,408935,1,0
408934,408934,408936,2,0
408934,408934,408936,2,0
408934,408934,408936,2,0
408934,408934,408935,1,0
408934,408934,408935,1,0
408934,408934,408935,1,0
408934,408934,408935,1,0
408934,408934,408936,2,0
408934,408934,408935,1,0
408934,408934,408936,2,0
408934,408934,408936,2,0
408934,408934,408935,1,0
408934,408934,408936,2,0
408934,408934,408936,2,0
408934,408934,408935,1,0
408934,408934,408935,1,0
408934,408934,408936,2,0
408934,408934,408936,2,0
408934,408934,408936,2,0
408934,408934,408936,2,0
408934,408934,408935,1,0
408934,408934,408936,2,0
408934,408934,408935,1,0
408934,408934,408936,2,0
408934,408934,408935,1,0
408934,408934,408936,2,0
408934,408934,408936,2,0
408934,408934,408935,1,0
408934,408934,408936,2,0
408934,408934,408935,1,0
408934,408934,408936,2,0
408934,408934,408935,1,0
408934,408934,408936,2,0
408934,408934,408936,2,0
408934,408934,408935,1,0
408934,408934,408936,2,0
408934,408934,408936,2,0
408935,408935,408937,2,0
408934,408934,408936,2,0
408934,408934,408937,3,0
408935,408935,408937,2,0
408935,408935,408937,2,0
408935,408935,408937,2,0
408934,408934,408937,3,0
408935,408935,408937,2,0
408935,408935,408937,2,0
408935,408935,408937,2,0
408935,408935,408937,2,0
408935,408935,408937,2,0
408935,408935,408937,2,0
408935,408935,408936,1,0
408935,408935,408937,2,0
408935,408935,408937,2,0
408935,408935,408937,2,0
408935,408935,408937,2,0
408935,408936,408937,1,1
408935,408936,408937,1,1
408935,408936,408937,1,1
408935,408935,408938,3,0
408935,408935,408938,3,0
408833,408833,408938,105,0
408935,408935,408938,3,0
408935,408935,408939,4,0
408839,408839,408940,101,0
408941,408941,408942,1,0
408941,408941,408942,1,0
408941,408941,408943,2,0
408941,408941,408943,2,0
408941,408941,408943,2,0
408941,408941,408943,2,0
408941,408941,408943,2,0
408941,408941,408942,1,0
408941,408941,408942,1,0
408941,408941,408943,2,0
408941,408941,408942,1,0
408941,408941,408943,2,0
408941,408941,408942,1,0
408941,408941,408942,1,0
408941,408941,408942,1,0
408941,408941,408942,1,0
408835,408835,408942,107,0
408941,408941,408942,1,0
408941,408941,408942,1,0
408941,408941,408943,2,0
408941,408941,408942,1,0
408941,408941,408942,1,0
408941,408941,408943,2,0
408941,408941,408942,1,0
408941,408941,408943,2,0
408941,408941,408943,2,0
408941,408941,408943,2,0
408941,408941,408943,2,0
408941,408941,408943,2,0
408941,408941,408943,2,0
408941,408941,408943,2,0
408941,408941,408943,2,0
408941,408941,408943,2,0
408941,408941,408943,2,0
408941,408941,408943,2,0
408941,408941,408943,2,0
408941,408941,408943,2,0
408941,408941,408944,3,0
408941,408941,408944,3,0
408941,408941,408944,3,0
408944,408944,408945,1,0
408944,408944,408945,1,0
408944,408944,408945,1,0
408944,408944,408945,1,0
408944,408944,408945,1,0
408944,408944,408946,2,0
408944,408944,408945,1,0
408944,408944,408945,1,0
408944,408944,408945,1,0
408944,408944,408945,1,0
408944,408944,408945,1,0
408944,408944,408945,1,0
408944,408944,408945,1,0
408944,408944,408945,1,0
408944,408944,408946,2,0
408944,408944,408945,1,0
408944,408944,408946,2,0
408944,408944,408949,5,0
408944,408944,408949,5,0
408941,408941,408949,8,0
408941,408941,408949,8,0
408941,408941,408949,8,0
408941,408941,408949,8,0
408941,408941,408949,8,0
408944,408944,408950,6,0
408944,408944,408950,6,0
408944,408944,408950,6,0
408845,408845,408958,113,0
408958,408958,408959,1,0
408958,408958,408960,2,0
408958,408958,408960,2,0
408958,408958,408960,2,0
408958,408958,408960,2,0
408958,408958,408960,2,0
408958,408958,408960,2,0
408958,408958,408960,2,0
408958,408958,408960,2,0
408958,408958,408960,2,0
408958,408958,408960,2,0
408958,408958,408960,2,0
408958,408958,408960,2,0
408958,408958,408960,2,0
408958,408958,408960,2,0
408958,408958,408959,1,0
408958,408958,408960,2,0
408958,408959,408960,1,1
408958,408959,408960,1,1
408861,408861,408962,101,0
408958,408958,408963,5,0
408958,408958,408963,5,0
408958,408959,408963,4,1
408865,408865,408962,97,0
408876,408876,408965,89,0
408965,408965,408966,1,0
408965,408965,408966,1,0
408965,408965,408966,1,0
408965,408965,408966,1,0
408965,408965,408966,1,0
408965,408965,408966,1,0
408965,408965,408967,2,0
408965,408965,408966,1,0
408965,408965,408966,1,0
408965,408965,408966,1,0
408965,408965,408966,1,0
408965,408965,408966,1,0
408878,408880,408966,86,2
408965,408965,408966,1,0
408965,408965,408967,2,0
408965,408965,408966,1,0
408965,408965,408966,1,0
408966,408966,408967,1,0
408966,408966,408967,1,0
408966,408966,408968,2,0
408966,408966,408968,2,0
408965,408965,408967,2,0
408966,408966,408968,2,0
408966,408966,408968,2,0
408966,408966,408967,1,0
408966,408967,408968,1,1
408966,408967,408968,1,1
408966,408966,408968,2,0
408966,408966,408968,2,0
408966,408966,408968,2,0
408966,408966,408968,2,0
408966,408966,408968,2,0
408966,408966,408968,2,0
408966,408966,408968,2,0
408966,408966,408967,1,0
408966,408966,408968,2,0
408966,408966,408968,2,0
408966,408966,408968,2,0
408966,408966,408968,2,0
408966,408966,408968,2,0
408966,408966,408968,2,0
408966,408966,408968,2,0
408966,408966,408968,2,0
408966,408966,408967,1,0
408966,408966,408967,1,0
408966,408966,408967,1,0
408966,408966,408968,2,0
408966,408966,408968,2,0
408966,408966,408968,2,0
408966,408966,408968,2,0
408966,408966,408968,2,0
408966,408966,408968,2,0
408966,408966,408968,2,0
408966,408966,408968,2,0
408966,408966,408968,2,0
408966,408966,408968,2,0
408966,408966,408968,2,0
408966,408966,408968,2,0
408966,408967,408968,1,1
408965,408965,408969,4,0
408965,408965,408969,4,0
408966,408966,408969,3,0
408968,408969,408970,1,1
408968,408969,408970,1,1
408968,408969,408970,1,1
408968,408969,408970,1,1
408968,408969,408970,1,1
408968,408969,408970,1,1
408968,408969,408970,1,1
408968,408969,408970,1,1
408968,408969,408970,1,1
408968,408969,408970,1,1
408968,408969,408970,1,1
408968,408969,408970,1,1
408968,408969,408970,1,1
408968,408969,408970,1,1
408968,408969,408970,1,1
408968,408969,408970,1,1
408968,408969,408970,1,1
408968,408969,408971,2,1
408968,408969,408972,3,1
408968,408969,408972,3,1
408965,408965,408973,8,0
408965,408965,408972,7,0
408965,408965,408972,7,0
408966,408966,408973,7,0
408968,408969,408973,4,1
408966,408966,408973,7,0
408857,408857,408978,121,0
408891,408891,408980,89,0
408981,408981,408982,1,0
408981,408981,408982,1,0
408981,408981,408982,1,0
408981,408981,408982,1,0
408981,408981,408982,1,0
408981,408981,408982,1,0
408981,408981,408983,2,0
408981,408981,408982,1,0
408981,408981,408983,2,0
408981,408981,408983,2,0
408981,408981,408982,1,0
408981,408981,408982,1,0
408981,408981,408982,1,0
408981,408981,408983,2,0
408981,408981,408982,1,0
408981,408981,408982,1,0
408983,408983,408984,1,0
408983,408983,408985,2,0
408983,408983,408985,2,0
408983,408983,408984,1,0
408983,408983,408985,2,0
408983,408983,408985,2,0
408983,408983,408985,2,0
408983,408983,408984,1,0
408983,408983,408985,2,0
408983,408983,408984,1,0
408983,408983,408985,2,0
408983,408983,408985,2,0
408983,408983,408984,1,0
408983,408983,408985,2,0
408983,408983,408985,2,0
408983,408983,408985,2,0
408983,408983,408985,2,0
408983,408983,408985,2,0
408983,408983,408984,1,0
408983,408983,408985,2,0
408983,408983,408985,2,0
408981,408981,408985,4,0
408981,408981,408986,5,0
408981,408981,408986,5,0
408983,408983,408985,2,0
408981,408981,408986,5,0
408981,408981,408987,6,0
408981,408981,408987,6,0
408872,408872,408989,117,0
408990,408990,408992,2,0
408990,408990,408992,2,0
408990,408990,408992,2,0
408990,408990,408992,2,0
408990,408990,408992,2,0
408990,408990,408992,2,0
408990,408990,408992,2,0
408990,408990,408992,2,0
408990,408990,408992,2,0
408990,408990,408992,2,0
408990,408990,408992,2,0
408990,408990,408992,2,0
408990,408990,408992,2,0
408990,408990,408992,2,0
408990,408990,408993,3,0
408990,408990,408993,3,0
408990,408990,408993,3,0
408896,408897,409000,103,1
409001,409001,409002,1,0
409001,409001,409002,1,0
409001,409001,409002,1,0
409001,409001,409002,1,0
409001,409001,409002,1,0
409001,409001,409002,1,0
409001,409001,409002,1,0
408990,408990,409002,12,0
408990,408990,409002,12,0
409001,409001,409002,1,0
409001,409001,409002,1,0
409001,409001,409002,1,0
409001,409001,409002,1,0
409001,409001,409002,1,0
409001,409001,409002,1,0
409001,409001,409002,1,0
409001,409001,409003,2,0
408884,408884,409003,119,0
409001,409001,409003,2,0
409001,409001,409003,2,0
409001,409001,409003,2,0
409001,409001,409003,2,0
408990,408990,409003,13,0
409001,409001,409003,2,0
409001,409001,409003,2,0
408990,408990,409004,14,0
409004,409004,409005,1,0
408990,408990,409005,15,0
409004,409004,409006,2,0
409004,409004,409006,2,0
409004,409004,409005,1,0
409004,409004,409006,2,0
409004,409004,409005,1,0
409004,409004,409006,2,0
409004,409004,409006,2,0
409004,409004,409005,1,0
409004,409004,409006,2,0
409004,409004,409006,2,0
409004,409004,409006,2,0
409004,409004,409006,2,0
409004,409004,409005,1,0
409004,409004,409006,2,0
409004,409004,409006,2,0
409004,409004,409006,2,0
409001,409001,409007,6,0
409004,409004,409008,4,0
409004,409004,409009,5,0
409004,409004,409008,4,0
409004,409004,409011,7,0
409004,409004,409011,7,0
408921,408921,409013,92,0
408918,408918,409014,96,0
409014,409014,409016,2,0
409014,409014,409016,2,0
409014,409014,409016,2,0
409014,409014,409016,2,0
409014,409014,409016,2,0
409014,409014,409016,2,0
409014,409014,409016,2,0
409014,409014,409016,2,0
409014,409014,409016,2,0
409014,409014,409016,2,0
409014,409014,409016,2,0
409014,409014,409015,1,0
409014,409014,409016,2,0
409014,409014,409016,2,0
409014,409014,409016,2,0
409014,409014,409016,2,0
409014,409014,409016,2,0
409014,409015,409016,1,1
409014,409014,409017,3,0
409014,409015,409018,3,1
409014,409015,409018,3,1
409017,409017,409018,1,0
409017,409017,409018,1,0
409017,409017,409018,1,0
409017,409017,409018,1,0
409017,409017,409018,1,0
409017,409017,409018,1,0
409017,409017,409018,1,0
409017,409017,409018,1,0
409017,409017,409018,1,0
409017,409017,409018,1,0
409017,409017,409018,1,0
409017,409017,409019,2,0
409017,409017,409018,1,0
409017,409017,409018,1,0
409017,409017,409018,1,0
409017,409017,409018,1,0
409017,409017,409018,1,0
409017,409017,409018,1,0
409017,409017,409018,1,0
409017,409017,409018,1,0
409017,409017,409019,2,0
409017,409017,409020,3,0
409014,409016,409020,4,2
408914,408917,409022,105,3
408882,408882,409029,147,0
409031,409031,409032,1,0
409031,409031,409032,1,0
409031,409031,409032,1,0
409031,409031,409033,2,0
409031,409031,409032,1,0
409031,409031,409033,2,0
409031,409031,409032,1,0
409031,409031,409033,2,0
409031,409031,409032,1,0
409031,409031,409033,2,0
409031,409031,409033,2,0
409031,409031,409032,1,0
409031,409031,409033,2,0
409031,409031,409033,2,0
409031,409031,409033,2,0
409031,409031,409033,2,0
409031,409031,409033,2,0
409031,409031,409034,3,0
409031,409031,409034,3,0
409031,409031,409035,4,0
409031,409031,409035,4,0
409031,409031,409035,4,0
408937,408937,409045,108,0
408923,408923,409048,125,0
409047,409047,409049,2,0
409047,409047,409048,1,0
409047,409047,409049,2,0
409047,409047,409048,1,0
409047,409047,409049,2,0
409047,409047,409049,2,0
409047,409047,409049,2,0
409047,409047,409049,2,0
409047,409047,409049,2,0
409047,409047,409049,2,0
409047,409047,409048,1,0
409047,409047,409049,2,0
409047,409047,409048,1,0
409047,409047,409048,1,0
409047,409047,409049,2,0
409047,409047,409048,1,0
409047,409047,409049,2,0
409047,409047,409049,2,0
409047,409047,409048,1,0
409047,409047,409049,2,0
409047,409047,409048,1,0
409047,409047,409049,2,0
409048,409048,409050,2,0
409048,409048,409049,1,0
409048,409048,409050,2,0
409048,409048,409050,2,0
409048,409048,409050,2,0
409048,409048,409050,2,0
409048,409048,409050,2,0
409048,409048,409050,2,0
409048,409048,409050,2,0
409048,409048,409050,2,0
409048,409048,409050,2,0
409048,409048,409050,2,0
409048,409048,409050,2,0
409048,409048,409050,2,0
409048,409048,409050,2,0
409048,409048,409050,2,0
409048,409048,409050,2,0
409048,409048,409050,2,0
409048,409048,409051,3,0
409048,409048,409050,2,0
409048,409048,409050,2,0
409048,409049,409052,3,1
408948,408948,409057,109,0
409058,409059,409060,1,1
409058,409059,409060,1,1
409058,409059,409060,1,1
409058,409059,409060,1,1
409058,409059,409060,1,1
409058,409059,409060,1,1
409058,409059,409060,1,1
409058,409059,409061,2,1
409058,409059,409061,2,1
409058,409059,409061,2,1
409058,409059,409061,2,1
409058,409059,409061,2,1
409058,409059,409061,2,1
409058,409059,409061,2,1
409058,409059,409061,2,1
409058,409059,409062,3,1
409058,409059,409063,4,1
409058,409059,409064,5,1
409058,409059,409063,4,1
409058,409059,409065,6,1
409058,409059,409066,7,1
409058,409059,409065,6,1
408968,408968,409071,103,0
409073,409073,409075,2,0
409073,409073,409074,1,0
409073,409073,409075,2,0
409073,409073,409075,2,0
409073,409073,409075,2,0
409073,409073,409075,2,0
409073,409073,409074,1,0
409073,409073,409075,2,0
409073,409073,409074,1,0
409073,409073,409074,1,0
409073,409073,409074,1,0
409073,409073,409075,2,0
409073,409073,409075,2,0
409073,409073,409075,2,0
409073,409073,409075,2,0
409073,409073,409074,1,0
409073,409073,409075,2,0
409073,409073,409074,1,0
409073,409073,409075,2,0
409073,409073,409075,2,0
409073,409073,409075,2,0
409073,409073,409075,2,0
408957,408957,409077,120,0
408946,408946,409078,132,0
409078,409078,409080,2,0
409078,409078,409080,2,0
409078,409078,409080,2,0
409078,409078,409080,2,0
409078,409078,409079,1,0
409078,409078,409080,2,0
409078,409078,409079,1,0
409078,409078,409080,2,0
409078,409078,409080,2,0
409078,409078,409079,1,0
409078,409078,409079,1,0
409078,409078,409080,2,0
409078,409078,409080,2,0
409078,409078,409079,1,0
409078,409078,409080,2,0
409078,409078,409080,2,0
409078,409078,409081,3,0
409078,409078,409080,2,0
409078,409078,409081,3,0
409078,409078,409080,2,0
409081,409081,409082,1,0
409081,409081,409083,2,0
409081,409081,409082,1,0
409081,409081,409083,2,0
409081,409081,409083,2,0
409081,409081,409083,2,0
409081,409081,409083,2,0
409081,409081,409082,1,0
409081,409081,409083,2,0
409081,409081,409083,2,0
409081,409081,409083,2,0
409081,409081,409083,2,0
409081,409081,409083,2,0
409081,409081,409083,2,0
409081,409081,409083,2,0
408942,408942,409083,141,0
408970,408970,409083,113,0
409081,409081,409083,2,0
409081,409081,409082,1,0
409081,409081,409084,3,0
409078,409078,409085,7,0
409078,409078,409085,7,0
408963,408963,409085,122,0
409085,409085,409086,1,0
409085,409085,409086,1,0
409085,409085,409087,2,0
409085,409085,409086,1,0
409085,409085,409086,1,0
409085,409085,409086,1,0
409085,409085,409087,2,0
409085,409085,409086,1,0
409085,409085,409087,2,0
409085,409085,409086,1,0
409085,409085,409087,2,0
409085,409085,409086,1,0
409085,409085,409086,1,0
409085,409085,409087,2,0
409085,409085,409086,1,0
409085,409085,409086,1,0
409085,409085,409086,1,0
409085,409085,409086,1,0
409085,409085,409087,2,0
409085,409085,409086,1,0
409081,409081,409086,5,0
409081,409081,409086,5,0
409085,409085,409087,2,0
409085,409085,409086,1,0
409085,409085,409086,1,0
409085,409085,409086,1,0
409085,409085,409087,2,0
409085,409085,409087,2,0
409085,409085,409087,2,0
409085,409085,409087,2,0
409085,409085,409087,2,0
409085,409085,409087,2,0
409085,409085,409087,2,0
409085,409085,409087,2,0
409085,409085,409087,2,0
409085,409085,409087,2,0
408985,408985,409088,103,0
408992,408992,409089,97,0
409081,409081,409089,8,0
409081,409081,409090,9,0
408962,408962,409091,129,0
409089,409089,409090,1,0
409089,409089,409091,2,0
409089,409089,409091,2,0
409089,409089,409091,2,0
409089,409089,409091,2,0
409089,409089,409091,2,0
409089,409089,409091,2,0
409089,409089,409091,2,0
409089,409089,409090,1,0
409089,409089,409091,2,0
409089,409089,409091,2,0
409089,409089,409091,2,0
409089,409089,409091,2,0
409089,409089,409091,2,0
409089,409089,409091,2,0
409089,409089,409091,2,0
409089,409089,409091,2,0
409089,409089,409091,2,0
409089,409089,409091,2,0
409089,409089,409091,2,0
409089,409089,409090,1,0
409089,409089,409091,2,0
409089,409089,409091,2,0
409089,409089,409091,2,0
409089,409089,409091,2,0
409089,409089,409091,2,0
409089,409089,409091,2,0
409089,409089,409091,2,0
409089,409089,409090,1,0
409089,409089,409091,2,0
409089,409089,409091,2,0
409089,409089,409091,2,0
409089,409089,409091,2,0
409089,409089,409092,3,0
409089,409089,409091,2,0
409089,409089,409092,3,0
409085,409085,409092,7,0
409085,409085,409092,7,0
409085,409085,409092,7,0
409085,409085,409092,7,0
409089,409089,409091,2,0
409089,409089,409092,3,0
409089,409089,409091,2,0
409089,409091,409092,1,2
409089,409089,409091,2,0
409089,409089,409091,2,0
409089,409089,409091,2,0
409089,409089,409091,2,0
409089,409089,409091,2,0
409089,409089,409091,2,0
409089,409089,409091,2,0
409089,409089,409091,2,0
409089,409091,409092,1,2
409089,409091,409093,2,2
409089,409091,409093,2,2
409089,409091,409093,2,2
409089,409091,409093,2,2
409085,409085,409093,8,0
409089,409090,409093,3,1
409089,409091,409092,1,2
409089,409091,409093,2,2
409089,409091,409093,2,2
409089,409091,409093,2,2
409089,409091,409093,2,2
409089,409091,409094,3,2
409089,409091,409094,3,2
409085,409085,409094,9,0
409085,409085,409094,9,0
409085,409085,409094,9,0
409085,409085,409094,9,0
409085,409085,409094,9,0
409095,409095,409096,1,0
409095,409095,409097,2,0
409095,409095,409097,2,0
409095,409095,409097,2,0
409095,409095,409096,1,0
409095,409095,409096,1,0
409095,409095,409097,2,0
409095,409095,409097,2,0
409095,409095,409097,2,0
409089,409089,409096,7,0
409095,409095,409097,2,0
409095,409095,409097,2,0
409095,409095,409097,2,0
409095,409095,409097,2,0
409095,409095,409097,2,0
409095,409095,409097,2,0
409095,409095,409097,2,0
409002,409002,409098,96,0
409095,409095,409097,2,0
409095,409095,409097,2,0
409089,409093,409098,5,4
409089,409093,409097,4,4
409089,409093,409097,4,4
409089,409093,409097,4,4
409098,409098,409100,2,0
409098,409098,409100,2,0
409098,409098,409100,2,0
409098,409098,409100,2,0
409098,409098,409100,2,0
409098,409098,409100,2,0
409098,409098,409100,2,0
409098,409098,409100,2,0
409098,409098,409099,1,0
409098,409098,409100,2,0
409098,409098,409100,2,0
409098,409098,409100,2,0
409098,409098,409099,1,0
409098,409098,409099,1,0
409098,409098,409100,2,0
409098,409098,409100,2,0
409098,409098,409100,2,0
409095,409095,409102,7,0
409095,409095,409102,7,0
409095,409095,409102,7,0
409095,409095,409102,7,0
409098,409098,409102,4,0
409098,409098,409103,5,0
409098,409098,409106,8,0
409098,409098,409106,8,0
409098,409098,409106,8,0
409020,409025,409116,91,5
409117,409117,409118,1,0
409117,409117,409118,1,0
409117,409117,409118,1,0
409117,409117,409118,1,0
409117,409117,409118,1,0
409117,409117,409118,1,0
409117,409117,409118,1,0
409117,409117,409118,1,0
409117,409117,409118,1,0
409117,409117,409118,1,0
409117,409117,409118,1,0
409117,409117,409118,1,0
409117,409117,409118,1,0
409117,409117,409120,3,0
409117,409117,409120,3,0
409117,409117,409120,3,0
409005,409005,409123,118,0
409117,409117,409123,6,0
409117,409117,409124,7,0
409117,409117,409124,7,0
409117,409117,409125,8,0
409117,409117,409125,8,0
409117,409117,409125,8,0
409124,409124,409125,1,0
409124,409124,409126,2,0
409124,409124,409125,1,0
409124,409124,409125,1,0
409124,409124,409126,2,0
409124,409124,409125,1,0
409124,409124,409126,2,0
409124,409124,409126,2,0
409124,409124,409125,1,0
409124,409124,409126,2,0
409124,409124,409126,2,0
409124,409124,409125,1,0
409124,409124,409126,2,0
409124,409124,409126,2,0
409124,409124,409126,2,0
409124,409124,409126,2,0
409124,409126,409128,2,2
409124,409126,409127,1,2
409026,409028,409129,101,2
409124,409124,409130,6,0
409124,409124,409130,6,0
409124,409124,409130,6,0
409016,409016,409131,115,0
409032,409032,409131,99,0
409124,409124,409132,8,0
409132,409132,409134,2,0
409132,409132,409134,2,0
409132,409132,409134,2,0
409132,409132,409134,2,0
409132,409132,409134,2,0
409132,409132,409133,1,0
409132,409132,409134,2,0
409132,409132,409134,2,0
409132,409132,409134,2,0
409132,409132,409134,2,0
409132,409132,409134,2,0
409132,409132,409134,2,0
409132,409132,409134,2,0
409132,409133,409135,2,1
409132,409133,409135,2,1
409132,409134,409135,1,2
409132,409134,409136,2,2
409132,409134,409136,2,2
409132,409132,409137,5,0
409132,409132,409137,5,0
409132,409132,409137,5,0
409132,409132,409137,5,0
409136,409136,409138,2,0
409136,409136,409138,2,0
409136,409136,409138,2,0
409136,409136,409138,2,0
409136,409136,409138,2,0
409136,409136,409138,2,0
409136,409136,409137,1,0
409136,409136,409138,2,0
409136,409136,409138,2,0
409136,409136,409138,2,0
409136,409136,409138,2,0
409136,409136,409138,2,0
409136,409136,409138,2,0
409136,409136,409138,2,0
409136,409137,409139,2,1
409136,409137,409139,2,1
409136,409136,409139,3,0
408982,408982,409140,158,0
409136,409139,409141,2,3
409136,409139,409141,2,3
409136,409139,409140,1,3
408986,408988,409142,154,2
409136,409136,409142,6,0
409136,409136,409142,6,0
409141,409141,409143,2,0
409141,409141,409143,2,0
409141,409141,409143,2,0
409141,409141,409143,2,0
409141,409141,409143,2,0
409141,409141,409143,2,0
409141,409141,409144,3,0
409141,409141,409144,3,0
409141,409141,409143,2,0
409141,409141,409144,3,0
409141,409141,409143,2,0
409141,409141,409144,3,0
409141,409141,409143,2,0
409141,409141,409143,2,0
409143,409143,409144,1,0
409143,409143,409144,1,0
409143,409143,409144,1,0
409143,409143,409144,1,0
409143,409143,409144,1,0
409143,409143,409144,1,0
409143,409143,409145,2,0
409143,409143,409144,1,0
409143,409143,409144,1,0
409141,409141,409144,3,0
409143,409143,409145,2,0
409143,409143,409144,1,0
409141,409141,409145,4,0
409143,409143,409145,2,0
409143,409143,409144,1,0
409143,409143,409144,1,0
409143,409143,409144,1,0
409143,409143,409145,2,0
409143,409143,409145,2,0
409143,409143,409146,3,0
409141,409141,409146,5,0
409141,409141,409146,5,0
409143,409143,409146,3,0
409141,409141,409147,6,0
409143,409143,409147,4,0
409141,409141,409147,6,0
409141,409141,409148,7,0
409141,409141,409147,6,0
409143,409143,409147,4,0
409143,409143,409147,4,0
408974,408975,409148,173,1
409053,409053,409149,96,0
409149,409150,409151,1,1
409149,409150,409151,1,1
409149,409150,409151,1,1
409149,409150,409151,1,1
409149,409150,409151,1,1
409149,409150,409151,1,1
409149,409150,409151,1,1
409149,409150,409152,2,1
409149,409150,409151,1,1
409149,409150,409151,1,1
409149,409150,409151,1,1
409149,409150,409151,1,1
409149,409150,409151,1,1
409149,409150,409151,1,1
409149,409150,409151,1,1
409149,409150,409152,2,1
409149,409150,409151,1,1
409149,409150,409151,1,1
409149,409150,409151,1,1
409149,409150,409151,1,1
409149,409150,409151,1,1
409149,409150,409151,1,1
409149,409150,409151,1,1
409149,409150,409151,1,1
409149,409150,409151,1,1
409149,409150,409152,2,1
409149,409150,409151,1,1
409149,409150,409152,2,1
409149,409150,409152,2,1
409149,409150,409152,2,1
409149,409150,409152,2,1
409149,409150,409152,2,1
409149,409150,409152,2,1
409149,409150,409152,2,1
409149,409150,409152,2,1
409149,409150,409152,2,1
409149,409150,409152,2,1
409149,409150,409153,3,1
409060,409060,409156,96,0
409149,409150,409158,8,1
409149,409150,409159,9,1
409149,409150,409159,9,1
409149,409150,409159,9,1
409149,409150,409159,9,1
409158,409158,409160,2,0
409158,409158,409160,2,0
409158,409158,409160,2,0
409158,409158,409160,2,0
409158,409158,409159,1,0
409158,409158,409160,2,0
409158,409158,409160,2,0
409158,409158,409160,2,0
409158,409158,409159,1,0
409158,409158,409160,2,0
409158,409158,409160,2,0
409158,409158,409160,2,0
409158,409158,409159,1,0
409158,409158,409160,2,0
409158,409158,409160,2,0
409158,409158,409160,2,0
409158,409158,409160,2,0
409149,409150,409160,10,1
409158,409158,409162,4,0
409158,409158,409162,4,0
409158,409158,409163,5,0
409082,409082,409169,87,0
409170,409170,409171,1,0
409170,409170,409172,2,0
409170,409170,409171,1,0
409170,409170,409172,2,0
409170,409170,409171,1,0
409170,409170,409171,1,0
409170,409170,409171,1,0
409170,409170,409172,2,0
409170,409170,409172,2,0
409170,409170,409171,1,0
409170,409170,409171,1,0
409170,409170,409171,1,0
409170,409170,409172,2,0
409170,409170,409171,1,0
409170,409170,409172,2,0
409170,409170,409172,2,0
409170,409170,409172,2,0
409170,409170,409172,2,0
409170,409170,409172,2,0
409170,409170,409172,2,0
409170,409170,409172,2,0
409170,409170,409172,2,0
409158,409160,409180,20,2
409158,409160,409180,20,2
409050,409050,409183,133,0
409076,409076,409183,107,0
409184,409184,409186,2,0
409184,409184,409186,2,0
409184,409184,409186,2,0
409184,409184,409186,2,0
409184,409184,409186,2,0
409184,409184,409186,2,0
409184,409184,409186,2,0
409184,409184,409186,2,0
409184,409184,409186,2,0
409184,409184,409186,2,0
409184,409184,409186,2,0
409184,409184,409186,2,0
409184,409184,409186,2,0
409184,409184,409186,2,0
409184,409184,409186,2,0
409184,409184,409186,2,0
409184,409185,409187,2,1
409184,409184,409186,2,0
409184,409184,409187,3,0
409184,409184,409187,3,0
409184,409184,409187,3,0
409186,409187,409188,1,1
409186,409186,409188,2,0
409186,409186,409188,2,0
409186,409186,409188,2,0
409186,409187,409188,1,1
409186,409187,409188,1,1
409186,409187,409188,1,1
409186,409186,409188,2,0
409186,409187,409188,1,1
409186,409186,409188,2,0
409186,409187,409189,2,1
409186,409187,409188,1,1
409186,409187,409188,1,1
409186,409186,409188,2,0
409186,409186,409188,2,0
409186,409187,409188,1,1
409186,409186,409188,2,0
409186,409186,409188,2,0
409184,409185,409188,3,1
409186,409186,409189,3,0
409186,409186,409189,3,0
409186,409186,409189,3,0
409186,409186,409193,7,0
409084,409084,409194,110,0
409096,409096,409194,98,0
409195,409195,409196,1,0
409133,409135,409196,61,2
409195,409195,409197,2,0
409195,409195,409197,2,0
409195,409195,409197,2,0
409195,409195,409197,2,0
409195,409195,409197,2,0
409195,409195,409197,2,0
409195,409195,409197,2,0
409195,409195,409197,2,0
409195,409195,409197,2,0
409195,409195,409197,2,0
409195,409195,409197,2,0
409195,409195,409197,2,0
409195,409195,409197,2,0
409195,409195,409197,2,0
409195,409195,409197,2,0
409195,409195,409197,2,0
409195,409195,409197,2,0
409195,409195,409197,2,0
409195,409195,409197,2,0
409195,409195,409197,2,0
409195,409195,409197,2,0
409195,409195,409197,2,0
409195,409195,409197,2,0
409195,409195,409197,2,0
409195,409195,409197,2,0
409195,409195,409197,2,0
409195,409195,409197,2,0
409195,409195,409198,3,0
409195,409196,409198,2,1
409195,409195,409198,3,0
409195,409195,409198,3,0
409195,409195,409198,3,0
409195,409195,409198,3,0
409195,409195,409198,3,0
409195,409195,409198,3,0
409195,409195,409198,3,0
409195,409196,409198,2,1
409195,409195,409199,4,0
409195,409195,409199,4,0
409195,409196,409199,3,1
409195,409195,409200,5,0
409195,409195,409200,5,0
409195,409196,409200,4,1
409099,409099,409202,103,0
409092,409092,409204,112,0
409203,409203,409205,2,0
409203,409203,409205,2,0
409203,409203,409205,2,0
409203,409203,409205,2,0
409203,409203,409205,2,0
409203,409203,409205,2,0
409203,409203,409205,2,0
409203,409203,409205,2,0
409203,409203,409205,2,0
409203,409203,409205,2,0
409203,409203,409205,2,0
409203,409203,409205,2,0
409203,409203,409205,2,0
409203,409203,409205,2,0
409203,409204,409205,1,1
409203,409204,409205,1,1
409087,409087,409206,119,0
409203,409203,409205,2,0
409207,409207,409208,1,0
409207,409207,409208,1,0
409207,409207,409208,1,0
409207,409207,409208,1,0
409207,409207,409208,1,0
409207,409207,409208,1,0
409207,409207,409208,1,0
409207,409207,409208,1,0
409207,409207,409208,1,0
409207,409207,409208,1,0
409207,409207,409208,1,0
409207,409207,409208,1,0
409207,409207,409208,1,0
409207,409207,409209,2,0
409207,409207,409209,2,0
409207,409207,409209,2,0
409203,409203,409209,6,0
409203,409203,409209,6,0
409207,409207,409209,2,0
409207,409207,409209,2,0
409208,409209,409210,1,1
409208,409209,409210,1,1
409208,409209,409210,1,1
409208,409209,409210,1,1
409208,409209,409210,1,1
409208,409209,409210,1,1
409208,409209,409210,1,1
409208,409209,409210,1,1
409208,409209,409210,1,1
409208,409209,409210,1,1
409208,409209,409210,1,1
409208,409209,409210,1,1
409208,409209,409210,1,1
409208,409209,409210,1,1
409208,409209,409211,2,1
409208,409209,409210,1,1
409203,409203,409210,7,0
409207,409207,409210,3,0
409208,409209,409211,2,1
409208,409209,409210,1,1
409208,409209,409210,1,1
409208,409209,409210,1,1
409208,409209,409211,2,1
409203,409203,409211,8,0
409203,409203,409211,8,0
409114,409114,409212,98,0
409207,409207,409214,7,0
409213,409213,409215,2,0
409213,409213,409215,2,0
409213,409213,409215,2,0
409213,409213,409215,2,0
409213,409213,409214,1,0
409213,409213,409215,2,0
409213,409213,409215,2,0
409213,409213,409215,2,0
409213,409213,409215,2,0
409213,409213,409215,2,0
409213,409213,409215,2,0
409213,409213,409215,2,0
409213,409213,409216,3,0
409213,409213,409216,3,0
409213,409213,409216,3,0
409208,409209,409217,8,1
409207,409207,409219,12,0
409207,409207,409219,12,0
409213,409213,409220,7,0
409213,409214,409220,6,1
409213,409213,409222,9,0
409213,409213,409221,8,0
409213,409214,409221,7,1
409213,409214,409222,8,1
409213,409214,409223,9,1
409112,409112,409223,111,0
409119,409122,409222,100,3
409127,409127,409223,96,0
409225,409225,409227,2,0
409225,409225,409227,2,0
409225,409225,409227,2,0
409225,409225,409227,2,0
409225,409225,409227,2,0
409225,409225,409227,2,0
409225,409225,409227,2,0
409225,409225,409226,1,0
409225,409225,409227,2,0
409225,409225,409226,1,0
409225,409225,409227,2,0
409225,409225,409227,2,0
409225,409225,409227,2,0
409225,409225,409227,2,0
409225,409225,409228,3,0
409225,409225,409227,2,0
409225,409225,409228,3,0
409225,409225,409228,3,0
409225,409225,409228,3,0
409225,409225,409228,3,0
409225,409225,409228,3,0
409225,409225,409227,2,0
409225,409225,409227,2,0
409225,409225,409228,3,0
409225,409225,409228,3,0
409225,409225,409228,3,0
409225,409225,409227,2,0
409225,409225,409227,2,0
409225,409225,409228,3,0
409225,409225,409228,3,0
409225,409227,409228,1,2
409225,409227,409229,2,2
409225,409227,409228,1,2
409225,409227,409229,2,2
409225,409225,409228,3,0
409225,409225,409229,4,0
409225,409225,409229,4,0
409225,409226,409228,2,1
409225,409225,409228,3,0
409225,409225,409228,3,0
409225,409225,409228,3,0
409228,409228,409230,2,0
409225,409225,409229,4,0
409225,409225,409229,4,0
409225,409225,409229,4,0
409228,409228,409229,1,0
409228,409228,409230,2,0
409228,409228,409229,1,0
409228,409228,409229,1,0
409228,409228,409230,2,0
409228,409228,409230,2,0
409228,409228,409230,2,0
409228,409228,409230,2,0
409228,409228,409230,2,0
409228,409228,409230,2,0
409228,409228,409230,2,0
409228,409228,409230,2,0
409228,409228,409230,2,0
409228,409228,409230,2,0
409228,409228,409230,2,0
409228,409228,409230,2,0
409228,409228,409230,2,0
409228,409228,409230,2,0
409228,409228,409230,2,0
409228,409228,409231,3,0
409228,409228,409232,4,0
409145,409145,409235,90,0
409237,409237,409239,2,0
409237,409237,409239,2,0
409237,409237,409239,2,0
409237,409237,409239,2,0
409237,409237,409239,2,0
409237,409237,409239,2,0
409237,409237,409239,2,0
409237,409237,409239,2,0
409237,409237,409239,2,0
409237,409237,409239,2,0
409237,409237,409239,2,0
409237,409237,409239,2,0
409237,409237,409239,2,0
409237,409237,409239,2,0
409237,409237,409239,2,0
409237,409237,409241,4,0
409237,409237,409241,4,0
409237,409237,409240,3,0
409237,409237,409242,5,0
409237,409237,409242,5,0
409120,409121,409243,122,1
409237,409237,409244,7,0
409237,409237,409244,7,0
409150,409151,409246,95,1
409247,409247,409249,2,0
409247,409247,409248,1,0
409247,409247,409249,2,0
409247,409247,409249,2,0
409247,409247,409248,1,0
409247,409247,409248,1,0
409247,409247,409249,2,0
409247,409247,409249,2,0
409247,409247,409249,2,0
409247,409247,409248,1,0
409247,409247,409249,2,0
409247,409247,409249,2,0
409247,409247,409249,2,0
409247,409247,409249,2,0
409247,409247,409249,2,0
409247,409247,409249,2,0
409247,409247,409249,2,0
409247,409247,409249,2,0
409247,409247,409248,1,0
409247,409247,409249,2,0
409247,409247,409249,2,0
409247,409247,409249,2,0
409247,409247,409249,2,0
409247,409247,409248,1,0
409247,409247,409249,2,0
409247,409247,409249,2,0
409247,409247,409249,2,0
409247,409247,409249,2,0
409247,409247,409249,2,0
409247,409247,409249,2,0
409247,409247,409249,2,0
409247,409247,409249,2,0
409247,409247,409249,2,0
409247,409247,409249,2,0
409247,409247,409249,2,0
409247,409247,409249,2,0
409247,409247,409249,2,0
409247,409247,409249,2,0
409247,409247,409250,3,0
409247,409247,409252,5,0
409247,409247,409254,7,0
409247,409247,409253,6,0
409247,409247,409253,6,0
409247,409247,409254,7,0
409200,409202,409261,59,2
409135,409135,409263,128,0
409266,409266,409267,1,0
409266,409266,409267,1,0
409138,409138,409267,129,0
409159,409160,409267,107,1
409266,409266,409267,1,0
409266,409266,409267,1,0
409266,409266,409268,2,0
409266,409266,409267,1,0
409266,409266,409268,2,0
409266,409266,409267,1,0
409266,409266,409267,1,0
409266,409266,409267,1,0
409266,409266,409267,1,0
409266,409266,409267,1,0
409266,409266,409267,1,0
409266,409266,409267,1,0
409266,409266,409267,1,0
409266,409266,409268,2,0
409266,409266,409267,1,0
409266,409266,409267,1,0
409266,409266,409268,2,0
409266,409266,409268,2,0
409266,409266,409268,2,0
409266,409266,409268,2,0
409268,409269,409270,1,1
409269,409269,409270,1,0
409269,409269,409270,1,0
409268,409269,409270,1,1
409268,409269,409271,2,1
409268,409269,409271,2,1
409269,409269,409271,2,0
409268,409269,409270,1,1
409268,409269,409270,1,1
409269,409269,409271,2,0
409269,409269,409270,1,0
409268,409269,409270,1,1
409268,409269,409270,1,1
409268,409269,409270,1,1
409269,409269,409270,1,0
409269,409269,409270,1,0
409268,409269,409270,1,1
409268,409269,409270,1,1
409269,409269,409271,2,0
409269,409269,409270,1,0
409268,409269,409270,1,1
409268,409269,409270,1,1
409268,409269,409270,1,1
409269,409269,409270,1,0
409269,409269,409270,1,0
409268,409269,409271,2,1
409268,409269,409270,1,1
409269,409269,409270,1,0
409269,409269,409270,1,0
409269,409269,409270,1,0
409268,409269,409271,2,1
409268,409269,409270,1,1
409269,409269,409271,2,0
409269,409269,409270,1,0
409269,409269,409271,2,0
409269,409269,409271,2,0
409268,409271,409273,2,3
409268,409271,409273,2,3
409269,409271,409273,2,2
409269,409271,409273,2,2
409148,409148,409273,125,0
409154,409154,409273,119,0
409268,409269,409276,7,1
409269,409269,409276,7,0
409269,409269,409276,7,0
409274,409275,409276,1,1
409274,409275,409277,2,1
409274,409275,409277,2,1
409274,409275,409276,1,1
409274,409275,409276,1,1
409274,409275,409277,2,1
409274,409275,409276,1,1
409274,409275,409276,1,1
409274,409275,409276,1,1
409274,409275,409276,1,1
409274,409275,409276,1,1
409274,409275,409276,1,1
409274,409275,409276,1,1
409274,409275,409276,1,1
409274,409275,409276,1,1
409274,409275,409276,1,1
409268,409269,409276,7,1
409276,409276,409277,1,0
409276,409276,409278,2,0
409276,409276,409277,1,0
409276,409276,409278,2,0
409276,409276,409277,1,0
409276,409276,409278,2,0
409276,409276,409277,1,0
409276,409276,409278,2,0
409276,409276,409278,2,0
409276,409276,409277,1,0
409276,409276,409278,2,0
409276,409276,409278,2,0
409276,409276,409278,2,0
409276,409276,409278,2,0
409276,409276,409278,2,0
409274,409277,409278,1,3
409274,409277,409279,2,3
409276,409277,409279,2,1
409276,409276,409278,2,0
409276,409276,409279,3,0
409274,409277,409279,2,3
409276,409277,409279,2,1
409276,409276,409280,4,0
409186,409186,409281,95,0
409274,409280,409282,2,6
409274,409280,409282,2,6
409276,409280,409283,3,4
409276,409280,409282,2,4
409172,409172,409282,110,0
409282,409282,409283,1,0
409282,409282,409283,1,0
409282,409282,409284,2,0
409282,409282,409283,1,0
409282,409282,409283,1,0
409282,409282,409283,1,0
409282,409282,409284,2,0
409282,409282,409283,1,0
409274,409280,409283,3,6
409282,409282,409284,2,0
409282,409282,409284,2,0
409282,409282,409283,1,0
409282,409282,409283,1,0
409282,409282,409284,2,0
409282,409282,409284,2,0
409282,409282,409284,2,0
409282,409282,409284,2,0
409284,409284,409286,2,0
409284,409284,409286,2,0
409284,409284,409286,2,0
409284,409284,409286,2,0
409284,409284,409286,2,0
409284,409284,409286,2,0
409284,409284,409286,2,0
409284,409284,409286,2,0
409284,409284,409286,2,0
409284,409284,409286,2,0
409284,409284,409286,2,0
409284,409284,409286,2,0
409284,409284,409286,2,0
409284,409284,409286,2,0
409284,409284,409286,2,0
409284,409284,409286,2,0
409284,409284,409286,2,0
409284,409284,409286,2,0
409284,409284,409286,2,0
409284,409284,409286,2,0
409282,409282,409286,4,0
409282,409282,409287,5,0
409282,409282,409286,4,0
409284,409284,409287,3,0
409282,409282,409287,5,0
409282,409282,409288,6,0
409282,409282,409289,7,0
409284,409284,409290,6,0
409189,409189,409298,109,0
409300,409300,409301,1,0
409300,409300,409301,1,0
409300,409300,409301,1,0
409300,409300,409301,1,0
409300,409300,409301,1,0
409300,409300,409301,1,0
409300,409300,409301,1,0
409300,409300,409301,1,0
409300,409300,409301,1,0
409300,409300,409301,1,0
409300,409300,409301,1,0
409300,409300,409301,1,0
409300,409300,409301,1,0
409300,409300,409301,1,0
409300,409300,409302,2,0
409300,409300,409301,1,0
409300,409300,409301,1,0
409300,409300,409301,1,0
409300,409300,409302,2,0
409300,409300,409302,2,0
409300,409300,409302,2,0
409300,409300,409302,2,0
409205,409205,409308,103,0
409210,409211,409308,97,1
409199,409199,409309,110,0
409202,409202,409310,108,0
409309,409309,409310,1,0
409309,409309,409311,2,0
409309,409309,409311,2,0
409309,409309,409311,2,0
409309,409309,409311,2,0
409309,409309,409311,2,0
409309,409309,409311,2,0
409309,409309,409311,2,0
409309,409309,409311,2,0
409309,409309,409311,2,0
409309,409310,409312,2,1
409309,409310,409312,2,1
409309,409310,409311,1,1
409309,409310,409311,1,1
409309,409309,409311,2,0
409309,409309,409311,2,0
409309,409309,409312,3,0
409309,409309,409311,2,0
409309,409309,409311,2,0
409309,409309,409311,2,0
409309,409309,409311,2,0
409309,409309,409311,2,0
409309,409309,409311,2,0
409309,409310,409312,2,1
409309,409310,409311,1,1
409309,409310,409311,1,1
409208,409208,409311,103,0
409309,409309,409311,2,0
409309,409309,409311,2,0
409309,409309,409311,2,0
409309,409310,409311,1,1
409309,409309,409311,2,0
409309,409309,409311,2,0
409309,409309,409311,2,0
409309,409309,409312,3,0
409309,409309,409311,2,0
409309,409310,409311,1,1
409309,409310,409312,2,1
409309,409310,409311,1,1
409309,409309,409311,2,0
409309,409309,409311,2,0
409309,409309,409311,2,0
409309,409309,409311,2,0
409309,409310,409311,1,1
409309,409310,409312,2,1
409309,409309,409311,2,0
409309,409309,409311,2,0
409309,409310,409311,1,1
409309,409310,409311,1,1
409309,409310,409311,1,1
409309,409311,409312,1,2
409309,409309,409313,4,0
409309,409309,409312,3,0
409309,409310,409312,2,1
409309,409310,409312,2,1
409311,409312,409313,1,1
409309,409309,409312,3,0
409309,409310,409312,2,1
409309,409309,409313,4,0
409311,409312,409314,2,1
409311,409312,409313,1,1
409311,409312,409314,2,1
409311,409312,409314,2,1
409311,409312,409313,1,1
409311,409312,409313,1,1
409309,409310,409314,4,1
409309,409312,409314,2,3
409309,409312,409314,2,3
409309,409312,409314,2,3
409311,409312,409314,2,1
409311,409312,409314,2,1
409311,409312,409313,1,1
409311,409312,409314,2,1
409311,409312,409314,2,1
409311,409312,409314,2,1
409311,409312,409314,2,1
409311,409312,409314,2,1
409311,409312,409314,2,1
409311,409312,409314,2,1
409311,409312,409314,2,1
409311,409312,409314,2,1
409311,409312,409314,2,1
409309,409309,409314,5,0
409309,409309,409314,5,0
409311,409312,409314,2,1
409313,409313,409314,1,0
409313,409313,409314,1,0
409313,409313,409314,1,0
409313,409313,409315,2,0
409313,409313,409314,1,0
409313,409313,409314,1,0
409313,409313,409314,1,0
409313,409313,409314,1,0
409313,409313,409314,1,0
409313,409313,409315,2,0
409313,409313,409315,2,0
409313,409313,409315,2,0
409309,409312,409314,2,3
409309,409312,409314,2,3
409311,409312,409314,2,1
409313,409313,409315,2,0
409313,409313,409315,2,0
409313,409313,409315,2,0
409313,409313,409315,2,0
409313,409313,409315,2,0
386946,386946,409318,22372,0
409313,409313,409323,10,0
409313,409313,409323,10,0
409313,409313,409323,10,0
409313,409313,409323,10,0
409313,409313,409323,10,0
409217,409217,409326,109,0
409327,409327,409329,2,0
409327,409327,409329,2,0
409327,409327,409329,2,0
409327,409327,409329,2,0
409327,409327,409329,2,0
409327,409327,409329,2,0
409327,409327,409329,2,0
409327,409327,409329,2,0
409327,409327,409329,2,0
409327,409327,409329,2,0
409327,409327,409330,3,0
409327,409327,409330,3,0
409327,409327,409329,2,0
409327,409327,409329,2,0
409327,409327,409330,3,0
409327,409327,409329,2,0
409327,409327,409329,2,0
409327,409327,409329,2,0
409327,409327,409331,4,0
409327,409330,409334,4,3
409327,409330,409334,4,3
409327,409330,409334,4,3
386948,386948,409334,22386,0
409232,409232,409336,104,0
409235,409235,409337,102,0
409227,409227,409337,110,0
409336,409336,409338,2,0
409336,409336,409338,2,0
409336,409336,409338,2,0
409336,409336,409338,2,0
409336,409336,409338,2,0
409336,409336,409338,2,0
409336,409336,409338,2,0
409336,409336,409338,2,0
409336,409336,409338,2,0
409336,409336,409338,2,0
409336,409336,409338,2,0
409336,409336,409339,3,0
409336,409336,409338,2,0
409336,409336,409339,3,0
409336,409336,409338,2,0
409336,409336,409338,2,0
409338,409338,409340,2,0
409338,409338,409340,2,0
409338,409338,409340,2,0
409338,409338,409340,2,0
409338,409338,409340,2,0
409338,409338,409339,1,0
409338,409338,409340,2,0
409338,409338,409340,2,0
409338,409338,409339,1,0
409338,409338,409340,2,0
409338,409338,409339,1,0
409338,409338,409340,2,0
409338,409338,409339,1,0
409338,409338,409339,1,0
409338,409338,409340,2,0
409338,409338,409339,1,0
409338,409338,409339,1,0
409336,409336,409339,3,0
409336,409336,409340,4,0
409336,409336,409340,4,0
409338,409338,409340,2,0
409338,409338,409340,2,0
409338,409338,409342,4,0
409336,409336,409342,6,0
409336,409337,409343,6,1
409341,409341,409343,2,0
409341,409341,409343,2,0
409341,409341,409343,2,0
409341,409341,409343,2,0
409341,409341,409344,3,0
409341,409341,409343,2,0
409341,409341,409344,3,0
409341,409341,409344,3,0
409341,409341,409343,2,0
409341,409341,409343,2,0
409341,409341,409343,2,0
409341,409341,409344,3,0
409341,409341,409343,2,0
409341,409341,409344,3,0
409341,409341,409344,3,0
409341,409341,409343,2,0
409341,409341,409343,2,0
409341,409341,409343,2,0
409341,409341,409343,2,0
409336,409336,409344,8,0
409338,409338,409344,6,0
409338,409338,409344,6,0
409341,409341,409344,3,0
409341,409341,409344,3,0
409250,409250,409346,96,0
409341,409341,409346,5,0
409348,409348,409349,1,0
409348,409348,409350,2,0
409348,409348,409349,1,0
409348,409348,409350,2,0
409348,409348,409349,1,0
409348,409348,409350,2,0
409348,409348,409350,2,0
409348,409348,409350,2,0
409348,409348,409350,2,0
409348,409348,409349,1,0
409348,409348,409350,2,0
409348,409348,409350,2,0
409348,409348,409350,2,0
409348,409348,409350,2,0
409348,409348,409350,2,0
409348,409348,409350,2,0
409348,409348,409352,4,0
409348,409348,409353,5,0
409348,409348,409354,6,0
409348,409348,409354,6,0
409348,409348,409354,6,0
409267,409267,409355,88,0
409348,409348,409353,5,0
409358,409358,409360,2,0
409358,409358,409359,1,0
409358,409358,409359,1,0
409358,409358,409360,2,0
409358,409358,409359,1,0
409358,409358,409360,2,0
409358,409358,409360,2,0
409358,409358,409359,1,0
409358,409358,409360,2,0
409358,409358,409359,1,0
409358,409358,409359,1,0
409358,409358,409359,1,0
409358,409358,409360,2,0
409358,409358,409359,1,0
409358,409358,409360,2,0
409358,409358,409359,1,0
409358,409358,409362,4,0
409358,409358,409363,5,0
409358,409358,409364,6,0
409358,409358,409364,6,0
409358,409358,409364,6,0
409358,409358,409363,5,0
409248,409248,409369,121,0
409273,409273,409368,95,0
409369,409369,409371,2,0
409369,409369,409370,1,0
409369,409369,409371,2,0
409369,409369,409371,2,0
409369,409369,409371,2,0
409369,409369,409371,2,0
409369,409369,409371,2,0
409369,409369,409371,2,0
409369,409369,409370,1,0
409369,409369,409371,2,0
409369,409369,409371,2,0
409369,409369,409370,1,0
409369,409369,409371,2,0
409369,409369,409371,2,0
409369,409369,409371,2,0
409369,409369,409370,1,0
409369,409369,409371,2,0
409369,409369,409371,2,0
409369,409369,409371,2,0
409369,409369,409371,2,0
409280,409280,409372,92,0
409369,409369,409372,3,0
409369,409369,409372,3,0
409275,409275,409373,98,0
409241,409241,409374,133,0
409375,409375,409377,2,0
409375,409375,409377,2,0
409375,409375,409377,2,0
409375,409375,409376,1,0
409375,409375,409377,2,0
409375,409375,409377,2,0
409375,409375,409376,1,0
409375,409375,409377,2,0
409375,409375,409377,2,0
409375,409375,409376,1,0
409375,409375,409377,2,0
409375,409375,409377,2,0
409375,409375,409377,2,0
409375,409375,409376,1,0
409375,409375,409377,2,0
409375,409375,409376,1,0
409375,409375,409377,2,0
409375,409375,409376,1,0
409375,409375,409377,2,0
409375,409375,409377,2,0
409375,409375,409377,2,0
409375,409375,409377,2,0
409375,409375,409377,2,0
409375,409375,409377,2,0
409375,409375,409377,2,0
409375,409375,409377,2,0
409375,409375,409377,2,0
409375,409375,409377,2,0
409375,409375,409377,2,0
409375,409375,409377,2,0
409375,409375,409377,2,0
409375,409375,409377,2,0
409375,409375,409377,2,0
409375,409375,409377,2,0
409375,409375,409377,2,0
409377,409377,409378,1,0
409375,409375,409377,2,0
409375,409375,409377,2,0
409375,409375,409377,2,0
409375,409375,409378,3,0
409375,409375,409379,4,0
409377,409377,409379,2,0
409377,409377,409379,2,0
409377,409377,409378,1,0
409377,409377,409378,1,0
409377,409377,409379,2,0
409377,409377,409379,2,0
409377,409377,409378,1,0
409377,409377,409379,2,0
409377,409377,409379,2,0
409377,409377,409379,2,0
409377,409377,409378,1,0
409377,409377,409378,1,0
409377,409377,409379,2,0
409377,409377,409378,1,0
409377,409377,409379,2,0
409377,409377,409378,1,0
409377,409377,409378,1,0
409377,409377,409379,2,0
409377,409377,409378,1,0
409377,409377,409379,2,0
409377,409377,409379,2,0
409375,409375,409380,5,0
409375,409379,409380,1,4
409379,409380,409381,1,1
409379,409380,409381,1,1
409379,409380,409381,1,1
409379,409380,409381,1,1
409379,409380,409381,1,1
409379,409380,409381,1,1
409379,409380,409381,1,1
409379,409380,409381,1,1
409379,409380,409381,1,1
409379,409380,409381,1,1
409379,409380,409381,1,1
409379,409380,409381,1,1
409286,409286,409381,95,0
409379,409380,409381,1,1
409379,409380,409381,1,1
409379,409380,409381,1,1
409379,409380,409381,1,1
409379,409380,409381,1,1
409379,409380,409381,1,1
409375,409379,409381,2,4
409375,409379,409381,2,4
409382,409382,409383,1,0
409382,409382,409383,1,0
409382,409382,409383,1,0
409382,409382,409384,2,0
409382,409382,409383,1,0
409382,409382,409384,2,0
409382,409382,409383,1,0
409382,409382,409384,2,0
409382,409382,409383,1,0
409382,409382,409384,2,0
409382,409382,409383,1,0
409382,409382,409384,2,0
409382,409382,409384,2,0
409382,409382,409383,1,0
409382,409382,409384,2,0
409382,409382,409384,2,0
409382,409382,409384,2,0
409382,409382,409385,3,0
409382,409382,409385,3,0
409379,409380,409390,10,1
409382,409382,409392,10,0
409379,409380,409392,12,1
409379,409380,409392,12,1
409382,409384,409393,9,2
409382,409384,409393,9,2
409310,409311,409394,83,1
409396,409397,409398,1,1
409396,409397,409398,1,1
409396,409397,409398,1,1
409396,409397,409398,1,1
409396,409397,409398,1,1
409396,409397,409398,1,1
409396,409397,409398,1,1
409396,409397,409398,1,1
409396,409397,409398,1,1
409396,409397,409398,1,1
409396,409397,409398,1,1
409396,409397,409398,1,1
409396,409397,409398,1,1
409396,409397,409399,2,1
409396,409397,409398,1,1
409396,409397,409399,2,1
409396,409397,409399,2,1
409396,409397,409399,2,1
409396,409397,409401,4,1
409396,409397,409400,3,1
409396,409397,409401,4,1
409396,409397,409402,5,1
409300,409300,409405,105,0
409312,409312,409405,93,0
409290,409290,409405,115,0
409406,409407,409409,2,1
409406,409407,409408,1,1
409407,409407,409409,2,0
409406,409407,409408,1,1
409406,409407,409408,1,1
409407,409407,409409,2,0
409406,409407,409408,1,1
409406,409407,409408,1,1
409407,409407,409409,2,0
409407,409407,409408,1,0
409407,409407,409408,1,0
409406,409407,409408,1,1
409406,409407,409408,1,1
409407,409407,409409,2,0
409407,409407,409408,1,0
409406,409407,409408,1,1
409406,409407,409409,2,1
409407,409407,409408,1,0
409407,409407,409409,2,0
409407,409407,409408,1,0
409406,409407,409408,1,1
409406,409407,409408,1,1
409407,409407,409409,2,0
409407,409407,409408,1,0
409407,409407,409408,1,0
409406,409407,409409,2,1
409406,409407,409408,1,1
409407,409407,409408,1,0
409407,409407,409408,1,0
409406,409407,409408,1,1
409407,409407,409408,1,0
409407,409407,409409,2,0
409408,409408,409409,1,0
409408,409408,409410,2,0
409408,409408,409410,2,0
409408,409408,409410,2,0
409408,409408,409410,2,0
409408,409408,409410,2,0
409408,409408,409410,2,0
409408,409408,409410,2,0
409408,409408,409410,2,0
409408,409408,409410,2,0
409408,409408,409410,2,0
409408,409408,409410,2,0
409408,409409,409410,1,1
409408,409409,409410,1,1
409408,409409,409410,1,1
409408,409409,409410,1,1
409408,409408,409410,2,0
409408,409408,409410,2,0
409406,409407,409412,5,1
409406,409407,409413,6,1
409406,409407,409413,6,1
409406,409407,409413,6,1
409406,409407,409414,7,1
409406,409407,409414,7,1
409407,409407,409414,7,0
409407,409407,409414,7,0
409407,409407,409413,6,0
409406,409407,409414,7,1
409407,409407,409414,7,0
409408,409408,409415,7,0
409407,409407,409416,9,0
409408,409408,409417,9,0
409408,409408,409418,10,0
409408,409408,409418,10,0
409316,409316,409421,105,0
409422,409423,409424,1,1
409422,409423,409424,1,1
409422,409423,409424,1,1
409422,409423,409424,1,1
409422,409423,409424,1,1
409422,409423,409424,1,1
409422,409423,409424,1,1
409422,409423,409424,1,1
409422,409423,409424,1,1
409422,409423,409424,1,1
409422,409423,409424,1,1
409422,409423,409424,1,1
409422,409423,409424,1,1
409422,409423,409424,1,1
409422,409423,409424,1,1
409422,409423,409424,1,1
409288,409288,409426,138,0
409422,409423,409426,3,1
409422,409426,409427,1,4
409422,409426,409427,1,4
409422,409426,409427,1,4
409422,409423,409427,4,1
409422,409423,409427,4,1
409428,409428,409429,1,0
409428,409428,409429,1,0
409428,409428,409429,1,0
409428,409428,409429,1,0
409428,409428,409429,1,0
409428,409428,409429,1,0
409428,409428,409429,1,0
409428,409428,409429,1,0
409428,409428,409429,1,0
409428,409428,409429,1,0
409428,409428,409429,1,0
409428,409428,409430,2,0
409428,409428,409429,1,0
409428,409428,409429,1,0
409428,409428,409429,1,0
409428,409428,409430,2,0
409428,409428,409429,1,0
409428,409428,409429,1,0
409428,409428,409430,2,0
409428,409428,409430,2,0
409428,409428,409436,8,0
409428,409428,409435,7,0
409329,409329,409437,108,0
409439,409439,409441,2,0
409439,409439,409440,1,0
409439,409439,409441,2,0
409439,409439,409440,1,0
409439,409439,409440,1,0
409439,409439,409440,1,0
409439,409439,409440,1,0
409439,409439,409440,1,0
409439,409439,409440,1,0
409439,409439,409440,1,0
409439,409439,409440,1,0
409439,409439,409441,2,0
409439,409439,409440,1,0
409439,409439,409440,1,0
409439,409439,409441,2,0
409439,409439,409440,1,0
409439,409439,409441,2,0
409439,409439,409441,2,0
409439,409439,409440,1,0
409340,409340,409440,100,0
409439,409439,409440,1,0
409439,409439,409441,2,0
409439,409439,409440,1,0
409353,409353,409445,92,0
409443,409444,409445,1,1
409443,409444,409445,1,1
409443,409444,409445,1,1
409443,409444,409446,2,1
409443,409444,409445,1,1
409443,409444,409445,1,1
409443,409444,409446,2,1
409443,409444,409445,1,1
409443,409444,409445,1,1
409443,409444,409445,1,1
409443,409444,409446,2,1
409443,409444,409446,2,1
409443,409444,409446,2,1
409443,409444,409446,2,1
409443,409444,409446,2,1
409443,409444,409446,2,1
409443,409444,409446,2,1
409443,409444,409446,2,1
409443,409444,409446,2,1
409447,409447,409448,1,0
409447,409447,409448,1,0
409447,409447,409448,1,0
409447,409447,409449,2,0
409447,409447,409448,1,0
409447,409447,409449,2,0
409447,409447,409448,1,0
409447,409447,409449,2,0
409447,409447,409449,2,0
409447,409447,409448,1,0
409447,409447,409448,1,0
409447,409447,409449,2,0
409447,409447,409449,2,0
409447,409447,409449,2,0
409447,409447,409449,2,0
409447,409447,409449,2,0
409447,409447,409449,2,0
409447,409447,409451,4,0
409443,409444,409450,6,1
409443,409444,409452,8,1
409443,409444,409451,7,1
409447,409447,409453,6,0
409447,409447,409454,7,0
409447,409447,409454,7,0
409447,409447,409453,6,0
409337,409337,409455,118,0
409314,409314,409456,142,0
409456,409456,409458,2,0
409456,409456,409458,2,0
409456,409456,409458,2,0
409456,409456,409458,2,0
409456,409456,409458,2,0
409456,409456,409458,2,0
409456,409456,409458,2,0
409456,409456,409458,2,0
409456,409456,409458,2,0
409456,409456,409458,2,0
409456,409456,409458,2,0
409456,409456,409458,2,0
409456,409456,409458,2,0
409456,409456,409458,2,0
409456,409456,409458,2,0
409456,409456,409459,3,0
409456,409456,409458,2,0
409456,409457,409458,1,1
409456,409457,409458,1,1
409458,409458,409460,2,0
409458,409458,409460,2,0
409458,409458,409460,2,0
409458,409458,409460,2,0
409458,409458,409460,2,0
409458,409458,409460,2,0
409458,409458,409460,2,0
409458,409458,409460,2,0
409458,409458,409460,2,0
409458,409458,409460,2,0
409458,409458,409459,1,0
409458,409458,409460,2,0
409458,409458,409460,2,0
409456,409457,409459,2,1
409456,409457,409460,3,1
409456,409457,409460,3,1
409458,409458,409460,2,0
409458,409458,409460,2,0
409458,409458,409460,2,0
409458,409458,409460,2,0
409458,409458,409460,2,0
409458,409458,409460,2,0
409458,409458,409461,3,0
409458,409458,409460,2,0
409458,409458,409460,2,0
409349,409349,409473,124,0
409325,409325,409474,149,0
409474,409475,409477,2,1
409474,409475,409477,2,1
409474,409475,409477,2,1
409474,409475,409477,2,1
409474,409475,409477,2,1
409474,409475,409476,1,1
409474,409475,409477,2,1
409474,409475,409477,2,1
409474,409475,409477,2,1
409474,409475,409477,2,1
409474,409475,409477,2,1
409474,409475,409477,2,1
409474,409475,409477,2,1
409474,409475,409477,2,1
409474,409475,409477,2,1
409474,409475,409477,2,1
409474,409475,409477,2,1
409474,409475,409477,2,1
409474,409475,409477,2,1
409474,409475,409477,2,1
409474,409475,409477,2,1
409474,409475,409477,2,1
409477,409477,409479,2,0
409477,409477,409479,2,0
409477,409477,409479,2,0
409477,409477,409479,2,0
409477,409477,409479,2,0
409477,409477,409479,2,0
409359,409359,409479,120,0
409477,409477,409479,2,0
409477,409477,409479,2,0
409477,409477,409479,2,0
409477,409477,409479,2,0
409477,409477,409479,2,0
409477,409477,409479,2,0
409477,409477,409480,3,0
409477,409477,409480,3,0
409477,409477,409480,3,0
409477,409477,409479,2,0
409477,409477,409479,2,0
409477,409477,409480,3,0
409477,409477,409480,3,0
409477,409477,409480,3,0
409477,409477,409480,3,0
409477,409477,409480,3,0
409480,409480,409481,1,0
409480,409480,409481,1,0
409480,409480,409481,1,0
409480,409480,409481,1,0
409480,409480,409481,1,0
409480,409480,409482,2,0
409480,409480,409482,2,0
409480,409480,409482,2,0
409480,409480,409482,2,0
409480,409480,409481,1,0
409480,409480,409482,2,0
409480,409480,409481,1,0
409480,409480,409482,2,0
409480,409480,409481,1,0
409480,409480,409482,2,0
409480,409480,409481,1,0
409380,409381,409483,102,1
409376,409376,409482,106,0
409483,409483,409485,2,0
409483,409483,409485,2,0
409483,409484,409486,2,1
409483,409483,409486,3,0
409483,409484,409486,2,1
409483,409484,409485,1,1
409483,409483,409486,3,0
409483,409484,409485,1,1
409483,409484,409486,2,1
409483,409484,409485,1,1
409483,409483,409485,2,0
409483,409483,409485,2,0
409483,409483,409485,2,0
409483,409484,409485,1,1
409483,409483,409485,2,0
409483,409483,409486,3,0
409483,409483,409485,2,0
409483,409484,409486,2,1
409483,409484,409485,1,1
409483,409483,409485,2,0
409483,409484,409485,1,1
409483,409484,409486,2,1
409483,409484,409485,1,1
409483,409484,409485,1,1
409480,409480,409486,6,0
409483,409484,409486,2,1
409483,409484,409486,2,1
409483,409483,409486,3,0
409483,409483,409486,3,0
409483,409484,409486,2,1
409483,409484,409486,2,1
409483,409484,409486,2,1
409483,409484,409486,2,1
409483,409484,409486,2,1
409483,409484,409486,2,1
409483,409485,409487,2,2
409483,409485,409487,2,2
409483,409485,409487,2,2
409483,409485,409487,2,2
409483,409485,409487,2,2
409480,409480,409487,7,0
409480,409480,409487,7,0
409480,409480,409488,8,0
409379,409379,409487,108,0
409480,409480,409488,8,0
409387,409387,409488,101,0
409383,409383,409489,106,0
409483,409484,409489,5,1
409483,409484,409489,5,1
409483,409484,409489,5,1
409488,409489,409490,1,1
409488,409489,409490,1,1
409488,409489,409490,1,1
409488,409489,409490,1,1
409488,409489,409490,1,1
409488,409489,409490,1,1
409488,409489,409491,2,1
409488,409489,409490,1,1
409488,409489,409490,1,1
409488,409489,409490,1,1
409488,409489,409490,1,1
409488,409489,409490,1,1
409488,409489,409491,2,1
409488,409489,409490,1,1
409480,409480,409491,11,0
409488,409489,409491,2,1
409488,409489,409491,2,1
409488,409489,409491,2,1
409488,409489,409491,2,1
409488,409489,409491,2,1
409491,409491,409493,2,0
409491,409491,409493,2,0
409491,409491,409493,2,0
409491,409491,409493,2,0
409491,409491,409492,1,0
409491,409491,409492,1,0
409491,409491,409493,2,0
409491,409491,409493,2,0
409483,409484,409493,9,1
409491,409491,409493,2,0
409491,409491,409493,2,0
409491,409491,409493,2,0
409491,409491,409493,2,0
409491,409491,409493,2,0
409491,409491,409493,2,0
409491,409491,409493,2,0
409491,409491,409493,2,0
409491,409491,409493,2,0
409483,409484,409494,10,1
409496,409496,409497,1,0
409496,409496,409497,1,0
409496,409496,409497,1,0
409496,409496,409497,1,0
409496,409496,409497,1,0
409496,409496,409497,1,0
409496,409496,409497,1,0
409496,409496,409497,1,0
409496,409496,409498,2,0
409496,409496,409497,1,0
409496,409496,409498,2,0
409496,409497,409498,1,1
409496,409497,409498,1,1
409393,409393,409499,106,0
409488,409489,409499,10,1
409488,409489,409499,10,1
409491,409491,409499,8,0
409491,409491,409499,8,0
409496,409496,409500,4,0
409496,409499,409501,2,3
409496,409499,409500,1,3
409496,409496,409500,4,0
409496,409496,409500,4,0
409488,409489,409501,12,1
409500,409500,409502,2,0
409500,409500,409501,1,0
409500,409500,409502,2,0
409500,409500,409502,2,0
409500,409500,409502,2,0
409500,409500,409502,2,0
409500,409500,409502,2,0
409500,409500,409502,2,0
409500,409500,409502,2,0
409500,409500,409502,2,0
409500,409500,409502,2,0
409500,409500,409502,2,0
409500,409500,409501,1,0
409500,409500,409502,2,0
409500,409500,409502,2,0
409500,409500,409502,2,0
409500,409500,409502,2,0
409500,409500,409502,2,0
409500,409500,409502,2,0
409500,409500,409502,2,0
386942,386942,409502,22560,0
409500,409500,409503,3,0
409491,409491,409504,13,0
409500,409500,409506,6,0
409491,409491,409508,17,0
409496,409496,409509,13,0
409496,409496,409510,14,0
409491,409491,409511,20,0
409407,409407,409514,107,0
409496,409496,409513,17,0
409496,409496,409513,17,0
409414,409415,409513,98,1
409516,409516,409518,2,0
409516,409516,409518,2,0
409516,409516,409517,1,0
409516,409516,409518,2,0
409516,409516,409518,2,0
409516,409516,409518,2,0
409516,409516,409518,2,0
409516,409516,409518,2,0
409516,409516,409518,2,0
409516,409516,409518,2,0
409516,409516,409518,2,0
409516,409516,409518,2,0
409516,409516,409518,2,0
409516,409516,409518,2,0
409516,409516,409518,2,0
409516,409516,409518,2,0
409516,409516,409518,2,0
409516,409516,409518,2,0
409516,409516,409518,2,0
409516,409516,409518,2,0
409516,409516,409518,2,0
409516,409516,409518,2,0
409516,409516,409518,2,0
409516,409516,409518,2,0
409516,409516,409519,3,0
409516,409517,409518,1,1
409516,409517,409518,1,1
409516,409516,409518,2,0
409516,409516,409518,2,0
409516,409516,409518,2,0
409516,409516,409519,3,0
409516,409516,409518,2,0
409516,409516,409519,3,0
409516,409516,409519,3,0
409516,409516,409519,3,0
409516,409516,409518,2,0
409516,409516,409518,2,0
409516,409516,409519,3,0
409516,409516,409519,3,0
409516,409516,409519,3,0
409516,409517,409519,2,1
409516,409520,409522,2,4
409428,409428,409522,94,0
409516,409520,409522,2,4
409516,409520,409524,4,4
409411,409411,409525,114,0
409524,409524,409525,1,0
409524,409524,409525,1,0
409524,409524,409525,1,0
409524,409524,409525,1,0
409524,409524,409525,1,0
409524,409524,409525,1,0
409524,409524,409526,2,0
409524,409524,409525,1,0
409524,409524,409525,1,0
409524,409524,409525,1,0
409524,409524,409526,2,0
409524,409524,409526,2,0
409524,409524,409526,2,0
409524,409524,409526,2,0
409524,409524,409526,2,0
409425,409425,409528,103,0
409527,409527,409529,2,0
409527,409527,409529,2,0
409527,409527,409528,1,0
409527,409527,409529,2,0
409527,409527,409529,2,0
409527,409527,409528,1,0
409527,409527,409528,1,0
409527,409527,409529,2,0
409527,409527,409528,1,0
409527,409528,409530,2,1
409527,409527,409529,2,0
409527,409527,409529,2,0
409527,409527,409529,2,0
409524,409524,409530,6,0
409527,409527,409529,2,0
409529,409529,409530,1,0
409529,409529,409531,2,0
409529,409529,409530,1,0
409529,409529,409530,1,0
409529,409529,409531,2,0
409529,409529,409530,1,0
409524,409528,409530,2,4
409524,409528,409530,2,4
409527,409528,409530,2,1
409529,409529,409530,1,0
409529,409529,409531,2,0
409529,409529,409531,2,0
409529,409529,409531,2,0
409529,409529,409530,1,0
409529,409529,409531,2,0
409529,409529,409531,2,0
409529,409529,409530,1,0
409529,409529,409531,2,0
409529,409529,409530,1,0
409529,409529,409530,1,0
409524,409524,409531,7,0
409524,409524,409531,7,0
409524,409524,409530,6,0
409524,409524,409530,6,0
409527,409527,409531,4,0
409529,409529,409531,2,0
409529,409529,409531,2,0
409529,409529,409531,2,0
409527,409527,409531,4,0
409529,409529,409532,3,0
409527,409531,409532,1,4
409527,409531,409533,2,4
409527,409531,409532,1,4
409527,409527,409534,7,0
409527,409527,409534,7,0
409529,409529,409534,5,0
409444,409445,409538,93,1
409539,409539,409540,1,0
409539,409539,409540,1,0
409539,409539,409540,1,0
409539,409539,409541,2,0
409539,409539,409540,1,0
409539,409539,409541,2,0
409539,409539,409540,1,0
409539,409539,409541,2,0
409539,409539,409540,1,0
409539,409540,409541,1,1
409539,409539,409541,2,0
409539,409539,409541,2,0
409539,409539,409542,3,0
409539,409539,409542,3,0
409539,409540,409542,2,1
409539,409539,409542,3,0
409539,409539,409542,3,0
409440,409440,409544,104,0
409539,409539,409544,5,0
409539,409539,409544,5,0
409539,409539,409544,5,0
409539,409542,409544,2,3
409545,409545,409546,1,0
409399,409400,409545,145,1
409545,409545,409546,1,0
409545,409545,409546,1,0
409545,409545,409546,1,0
409545,409545,409546,1,0
409545,409545,409546,1,0
409545,409545,409546,1,0
409545,409545,409546,1,0
409545,409545,409546,1,0
409545,409545,409546,1,0
409545,409545,409547,2,0
409545,409545,409547,2,0
409545,409545,409547,2,0
409545,409545,409547,2,0
409545,409545,409547,2,0
409545,409545,409547,2,0
409545,409545,409547,2,0
409545,409545,409547,2,0
409545,409545,409547,2,0
409545,409545,409547,2,0
409545,409545,409547,2,0
409545,409545,409547,2,0
409546,409547,409548,1,1
409546,409547,409548,1,1
409546,409547,409548,1,1
409546,409547,409548,1,1
409546,409547,409548,1,1
409546,409547,409548,1,1
409546,409547,409548,1,1
409546,409547,409548,1,1
409546,409547,409548,1,1
409546,409547,409548,1,1
409546,409547,409548,1,1
409546,409547,409548,1,1
409546,409547,409548,1,1
409546,409547,409548,1,1
409546,409547,409548,1,1
409546,409547,409548,1,1
409546,409547,409548,1,1
409546,409547,409548,1,1
409546,409547,409548,1,1
409546,409547,409548,1,1
409546,409547,409548,1,1
409539,409542,409549,7,3
409546,409547,409549,2,1
409457,409457,409552,95,0
409459,409459,409556,97,0
409555,409555,409557,2,0
409555,409555,409557,2,0
409555,409555,409557,2,0
409555,409555,409557,2,0
409555,409555,409557,2,0
409555,409555,409557,2,0
409555,409555,409557,2,0
409555,409555,409557,2,0
409555,409555,409557,2,0
409555,409555,409556,1,0
409555,409555,409557,2,0
409555,409555,409557,2,0
409555,409555,409557,2,0
409555,409555,409557,2,0
409555,409555,409557,2,0
409555,409555,409557,2,0
409555,409555,409557,2,0
409558,409558,409560,2,0
409558,409558,409560,2,0
409558,409558,409560,2,0
409558,409558,409559,1,0
409558,409558,409559,1,0
409558,409558,409560,2,0
409558,409558,409559,1,0
409558,409558,409560,2,0
409558,409558,409559,1,0
409558,409558,409559,1,0
409558,409558,409560,2,0
409558,409558,409560,2,0
409558,409558,409560,2,0
409558,409558,409559,1,0
409558,409558,409560,2,0
409558,409558,409560,2,0
409558,409558,409560,2,0
409558,409558,409560,2,0
409555,409555,409561,6,0
409555,409555,409561,6,0
409555,409555,409561,6,0
409555,409555,409562,7,0
409558,409559,409566,7,1
409555,409555,409566,11,0
409558,409558,409566,8,0
409558,409558,409566,8,0
409558,409559,409567,8,1
409501,409501,409587,86,0
409448,409448,409587,139,0
409588,409588,409589,1,0
409486,409486,409589,103,0
409588,409588,409589,1,0
409588,409588,409589,1,0
409588,409588,409589,1,0
409588,409588,409589,1,0
409588,409588,409589,1,0
409588,409588,409590,2,0
409588,409588,409589,1,0
409588,409588,409590,2,0
409588,409588,409589,1,0
409588,409588,409590,2,0
409588,409588,409589,1,0
409588,409588,409590,2,0
409588,409588,409589,1,0
409588,409588,409590,2,0
409588,409588,409590,2,0
409588,409588,409590,2,0
409588,409588,409589,1,0
409588,409588,409589,1,0
409588,409588,409590,2,0
409588,409588,409589,1,0
409588,409588,409589,1,0
409588,409588,409589,1,0
409588,409588,409590,2,0
409588,409588,409590,2,0
409588,409588,409589,1,0
409588,409588,409590,2,0
409588,409588,409590,2,0
409588,409588,409590,2,0
409588,409588,409590,2,0
409588,409588,409590,2,0
409588,409588,409590,2,0
409588,409588,409590,2,0
409588,409588,409590,2,0
409588,409588,409590,2,0
409588,409588,409590,2,0
409588,409588,409590,2,0
409588,409588,409590,2,0
409588,409588,409590,2,0
409588,409588,409590,2,0
409588,409588,409591,3,0
409588,409588,409591,3,0
409588,409588,409591,3,0
409590,409590,409591,1,0
409590,409590,409591,1,0
409493,409493,409592,99,0
409590,409590,409592,2,0
409590,409590,409591,1,0
409590,409590,409592,2,0
409590,409590,409591,1,0
409590,409590,409591,1,0
409590,409590,409591,1,0
409590,409590,409591,1,0
409590,409590,409591,1,0
409590,409590,409592,2,0
409590,409590,409591,1,0
409590,409590,409591,1,0
409590,409590,409591,1,0
409590,409590,409592,2,0
409590,409590,409591,1,0
409590,409590,409591,1,0
409590,409590,409592,2,0
409590,409590,409591,1,0
409590,409590,409591,1,0
409588,409588,409591,3,0
409590,409590,409592,2,0
409594,409594,409595,1,0
409594,409594,409595,1,0
409594,409594,409595,1,0
409594,409594,409596,2,0
409594,409594,409596,2,0
409594,409594,409595,1,0
409594,409594,409595,1,0
409594,409594,409595,1,0
409594,409594,409595,1,0
409478,409478,409595,117,0
409489,409490,409595,105,1
409594,409594,409596,2,0
409594,409594,409595,1,0
409594,409594,409596,2,0
409594,409596,409597,1,2
409594,409596,409597,1,2
409590,409590,409597,7,0
409598,409598,409599,1,0
409594,409594,409598,4,0
409594,409594,409598,4,0
409594,409594,409598,4,0
409594,409594,409600,6,0
409594,409594,409600,6,0
409594,409594,409599,5,0
409598,409598,409599,1,0
409598,409598,409599,1,0
409598,409598,409600,2,0
409598,409598,409600,2,0
409598,409598,409600,2,0
409598,409598,409600,2,0
409598,409598,409599,1,0
409598,409598,409600,2,0
409598,409598,409600,2,0
409598,409598,409600,2,0
409598,409598,409600,2,0
409598,409598,409599,1,0
409598,409598,409600,2,0
409598,409598,409600,2,0
409598,409598,409600,2,0
409598,409598,409600,2,0
409598,409598,409599,1,0
409598,409598,409600,2,0
409598,409598,409599,1,0
409598,409598,409600,2,0
409598,409598,409600,2,0
409598,409598,409600,2,0
409598,409598,409600,2,0
409598,409598,409599,1,0
409598,409598,409600,2,0
409598,409598,409600,2,0
409598,409598,409600,2,0
409598,409598,409600,2,0
409598,409598,409600,2,0
409598,409598,409600,2,0
409598,409598,409600,2,0
409598,409598,409600,2,0
409594,409594,409601,7,0
409594,409594,409601,7,0
409598,409598,409601,3,0
409598,409598,409601,3,0
409598,409598,409602,4,0
409598,409598,409602,4,0
409598,409598,409602,4,0
409598,409598,409604,6,0
409598,409598,409604,6,0
409598,409598,409604,6,0
409598,409598,409604,6,0
409598,409598,409604,6,0
409598,409598,409604,6,0
409531,409531,409619,88,0
409521,409521,409621,100,0
409519,409519,409621,102,0
409620,409621,409622,1,1
409481,409481,409622,141,0
409620,409621,409623,2,1
409620,409621,409622,1,1
409620,409621,409622,1,1
409620,409621,409622,1,1
409620,409621,409623,2,1
409620,409621,409622,1,1
409620,409621,409622,1,1
409620,409621,409622,1,1
409620,409621,409622,1,1
409620,409621,409622,1,1
409620,409621,409622,1,1
409620,409621,409622,1,1
409620,409621,409623,2,1
409620,409621,409622,1,1
409620,409621,409622,1,1
409620,409621,409622,1,1
409620,409621,409622,1,1
409620,409621,409622,1,1
409622,409622,409623,1,0
409622,409622,409624,2,0
409622,409622,409624,2,0
409622,409622,409623,1,0
409622,409622,409623,1,0
409622,409622,409624,2,0
409622,409622,409623,1,0
409622,409622,409624,2,0
409622,409622,409623,1,0
409622,409622,409624,2,0
409622,409622,409624,2,0
386949,386949,409623,22674,0
409620,409621,409624,3,1
409620,409621,409624,3,1
409620,409621,409624,3,1
409622,409622,409624,2,0
409622,409622,409624,2,0
409622,409622,409624,2,0
409622,409622,409624,2,0
409622,409622,409624,2,0
409622,409622,409624,2,0
409622,409622,409624,2,0
409622,409622,409624,2,0
409622,409622,409624,2,0
409624,409624,409626,2,0
409624,409624,409626,2,0
409624,409624,409626,2,0
409624,409624,409626,2,0
409624,409624,409626,2,0
409624,409624,409626,2,0
409624,409624,409626,2,0
409624,409624,409626,2,0
409624,409624,409626,2,0
409624,409624,409626,2,0
409624,409624,409626,2,0
409624,409624,409626,2,0
409624,409624,409626,2,0
409624,409624,409626,2,0
409624,409624,409626,2,0
409624,409624,409626,2,0
409624,409624,409626,2,0
409624,409624,409626,2,0
409624,409624,409626,2,0
409624,409624,409626,2,0
409624,409624,409626,2,0
409624,409624,409626,2,0
409624,409624,409626,2,0
409624,409624,409626,2,0
409624,409624,409626,2,0
409624,409624,409626,2,0
409622,409622,409625,3,0
409624,409624,409626,2,0
409624,409624,409626,2,0
409624,409624,409626,2,0
409624,409624,409626,2,0
409624,409624,409626,2,0
409624,409624,409626,2,0
409624,409624,409626,2,0
409624,409624,409627,3,0
409624,409624,409626,2,0
409624,409624,409627,3,0
409624,409624,409626,2,0
409624,409624,409627,3,0
409624,409624,409627,3,0
409528,409528,409631,103,0
409622,409622,409632,10,0
409624,409624,409631,7,0
409632,409632,409633,1,0
409632,409632,409633,1,0
409632,409632,409633,1,0
409632,409632,409633,1,0
409632,409632,409633,1,0
409632,409632,409633,1,0
409632,409632,409634,2,0
409632,409632,409633,1,0
409632,409632,409634,2,0
409632,409632,409634,2,0
409632,409632,409634,2,0
409632,409632,409633,1,0
409632,409632,409633,1,0
409632,409632,409634,2,0
409632,409632,409633,1,0
409632,409632,409633,1,0
409632,409632,409634,2,0
409624,409624,409634,10,0
409530,409530,409634,104,0
409632,409632,409634,2,0
409632,409634,409635,1,2
409624,409624,409636,12,0
409624,409624,409635,11,0
409632,409634,409636,2,2
409632,409634,409635,1,2
409636,409636,409637,1,0
409636,409636,409637,1,0
409488,409488,409637,149,0
409624,409624,409636,12,0
409632,409632,409637,5,0
409636,409636,409638,2,0
409636,409636,409637,1,0
409636,409636,409638,2,0
409636,409636,409637,1,0
409636,409636,409638,2,0
409636,409636,409637,1,0
409636,409636,409637,1,0
409636,409636,409638,2,0
409636,409636,409637,1,0
409636,409636,409638,2,0
409636,409636,409637,1,0
409636,409636,409638,2,0
409636,409636,409638,2,0
409636,409636,409637,1,0
409636,409636,409638,2,0
409636,409636,409637,1,0
409636,409636,409638,2,0
409636,409636,409639,3,0
409636,409636,409640,4,0
409636,409636,409640,4,0
409641,409641,409642,1,0
409641,409641,409643,2,0
409641,409641,409643,2,0
409641,409641,409643,2,0
409641,409641,409643,2,0
409641,409641,409643,2,0
409641,409641,409643,2,0
409641,409641,409643,2,0
409641,409641,409643,2,0
409641,409641,409643,2,0
409641,409641,409643,2,0
409641,409641,409643,2,0
409641,409641,409643,2,0
409641,409641,409643,2,0
409641,409641,409643,2,0
409641,409641,409643,2,0
409641,409641,409643,2,0
409641,409641,409646,5,0
409641,409641,409646,5,0
409641,409641,409646,5,0
409641,409641,409651,10,0
409641,409641,409651,10,0
409477,409477,409656,179,0
409556,409556,409666,110,0
409664,409664,409666,2,0
409664,409664,409666,2,0
409664,409665,409666,1,1
409664,409664,409666,2,0
409664,409665,409666,1,1
409664,409664,409666,2,0
409664,409664,409666,2,0
409664,409665,409666,1,1
409664,409665,409666,1,1
409664,409665,409666,1,1
409664,409665,409666,1,1
409664,409665,409666,1,1
409664,409664,409667,3,0
409552,409552,409666,114,0
409664,409664,409666,2,0
409664,409665,409666,1,1
409664,409665,409666,1,1
409664,409665,409666,1,1
409664,409665,409666,1,1
409664,409665,409667,2,1
409668,409668,409669,1,0
409589,409589,409669,80,0
409668,409668,409670,2,0
409668,409668,409670,2,0
409668,409668,409670,2,0
409668,409668,409670,2,0
409668,409668,409670,2,0
409664,409665,409670,5,1
409668,409668,409670,2,0
409668,409668,409670,2,0
409670,409670,409671,1,0
409668,409668,409670,2,0
409668,409668,409670,2,0
409668,409668,409670,2,0
409668,409668,409670,2,0
409668,409668,409670,2,0
409668,409668,409671,3,0
409668,409668,409670,2,0
409668,409668,409670,2,0
409664,409665,409672,7,1
409668,409668,409672,4,0
409670,409670,409672,2,0
409670,409670,409672,2,0
409670,409670,409672,2,0
409670,409670,409672,2,0
409670,409670,409672,2,0
409670,409670,409672,2,0
409670,409671,409672,1,1
409670,409670,409672,2,0
409670,409670,409672,2,0
409670,409670,409672,2,0
409670,409670,409672,2,0
409670,409670,409672,2,0
409670,409670,409672,2,0
409670,409670,409672,2,0
409670,409670,409672,2,0
409670,409670,409672,2,0
409670,409671,409672,1,1
409670,409670,409672,2,0
409670,409670,409672,2,0
409670,409670,409672,2,0
409670,409670,409672,2,0
409670,409670,409672,2,0
409670,409670,409672,2,0
409670,409670,409672,2,0
409670,409670,409672,2,0
409670,409671,409672,1,1
409670,409671,409672,1,1
409670,409670,409673,3,0
409670,409670,409673,3,0
409670,409670,409673,3,0
409670,409670,409673,3,0
409664,409665,409673,8,1
409503,409504,409674,170,1
409668,409668,409675,7,0
409595,409595,409675,80,0
409560,409560,409675,115,0
409670,409670,409672,2,0
409670,409670,409672,2,0
409670,409670,409672,2,0
409670,409671,409673,2,1
409668,409668,409671,3,0
409675,409676,409677,1,1
409675,409676,409678,2,1
409675,409676,409678,2,1
409675,409676,409678,2,1
409675,409676,409677,1,1
409676,409676,409678,2,0
409676,409676,409678,2,0
409676,409676,409677,1,0
409675,409676,409677,1,1
409675,409676,409677,1,1
409675,409676,409677,1,1
409675,409676,409677,1,1
409676,409676,409678,2,0
409676,409676,409678,2,0
409675,409676,409677,1,1
409675,409676,409677,1,1
409676,409676,409678,2,0
409676,409676,409678,2,0
409676,409676,409678,2,0
409676,409676,409677,1,0
409675,409676,409677,1,1
409675,409676,409678,2,1
409675,409676,409678,2,1
409675,409676,409677,1,1
409676,409676,409678,2,0
409676,409676,409678,2,0
409676,409676,409678,2,0
409676,409676,409678,2,0
409676,409676,409678,2,0
409676,409676,409678,2,0
409675,409676,409678,2,1
409675,409676,409678,2,1
409675,409676,409677,1,1
409676,409676,409678,2,0
409676,409676,409678,2,0
409676,409676,409678,2,0
409670,409676,409677,1,6
409670,409676,409678,2,6
409668,409668,409678,10,0
409668,409668,409678,10,0
409668,409668,409678,10,0
409670,409670,409679,9,0
409670,409670,409678,8,0
409670,409670,409678,8,0
409676,409676,409678,2,0
409676,409676,409678,2,0
409678,409678,409679,1,0
409670,409676,409678,2,6
409670,409676,409678,2,6
409676,409676,409678,2,0
409676,409676,409678,2,0
409670,409670,409679,9,0
409678,409678,409680,2,0
409678,409678,409680,2,0
409678,409678,409680,2,0
409678,409678,409680,2,0
409678,409678,409680,2,0
409678,409678,409679,1,0
409678,409678,409680,2,0
409678,409678,409680,2,0
409678,409678,409680,2,0
409678,409678,409680,2,0
409678,409678,409680,2,0
409678,409678,409680,2,0
409678,409678,409680,2,0
409678,409678,409680,2,0
409678,409678,409680,2,0
409678,409678,409680,2,0
409678,409678,409680,2,0
409678,409678,409679,1,0
409678,409678,409680,2,0
409678,409678,409680,2,0
409678,409678,409680,2,0
409591,409591,409686,95,0
409592,409592,409686,94,0
409675,409676,409689,13,1
409689,409689,409690,1,0
409689,409689,409690,1,0
409689,409689,409691,2,0
409689,409689,409690,1,0
409689,409689,409690,1,0
409689,409689,409690,1,0
409689,409689,409690,1,0
409689,409689,409690,1,0
409689,409689,409690,1,0
409689,409689,409691,2,0
409689,409689,409690,1,0
409689,409689,409690,1,0
409689,409689,409690,1,0
409689,409689,409690,1,0
409689,409689,409690,1,0
409689,409689,409690,1,0
409689,409689,409691,2,0
409689,409689,409691,2,0
409689,409689,409691,2,0
409689,409689,409691,2,0
409675,409676,409690,14,1
409675,409676,409691,15,1
409689,409689,409692,3,0
409689,409689,409692,3,0
409691,409691,409693,2,0
409691,409691,409693,2,0
409691,409691,409693,2,0
409691,409691,409692,1,0
409691,409691,409692,1,0
409691,409691,409693,2,0
409691,409691,409693,2,0
409691,409691,409692,1,0
409691,409691,409693,2,0
409691,409691,409693,2,0
409691,409691,409693,2,0
409691,409691,409693,2,0
409691,409691,409693,2,0
409691,409691,409693,2,0
409691,409691,409693,2,0
409691,409691,409693,2,0
409691,409691,409693,2,0
409691,409691,409692,1,0
409691,409691,409693,2,0
409691,409691,409693,2,0
409691,409691,409693,2,0
409691,409691,409693,2,0
409675,409676,409694,18,1
409540,409542,409697,155,2
409546,409546,409698,152,0
409698,409699,409700,1,1
409698,409699,409701,2,1
409698,409699,409700,1,1
409698,409699,409701,2,1
409698,409699,409701,2,1
409698,409699,409700,1,1
409698,409699,409700,1,1
409698,409699,409700,1,1
409698,409699,409701,2,1
409698,409699,409700,1,1
409698,409699,409700,1,1
409698,409699,409701,2,1
409698,409699,409700,1,1
409698,409699,409701,2,1
409698,409699,409701,2,1
409698,409699,409700,1,1
409700,409700,409702,2,0
409700,409700,409702,2,0
409700,409700,409702,2,0
409700,409700,409701,1,0
409700,409700,409702,2,0
409700,409700,409702,2,0
409700,409700,409702,2,0
409700,409700,409702,2,0
409700,409700,409702,2,0
409700,409700,409702,2,0
409700,409700,409702,2,0
409700,409700,409702,2,0
409700,409700,409702,2,0
409700,409700,409702,2,0
409700,409700,409702,2,0
409700,409700,409702,2,0
409700,409700,409702,2,0
409700,409700,409702,2,0
409700,409700,409702,2,0
409599,409599,409704,105,0
409604,409604,409704,100,0
409705,409705,409707,2,0
409705,409705,409707,2,0
409705,409705,409707,2,0
409705,409705,409707,2,0
409705,409705,409707,2,0
409705,409705,409707,2,0
409705,409705,409707,2,0
409705,409705,409707,2,0
409705,409705,409707,2,0
409705,409705,409707,2,0
409705,409706,409707,1,1
409705,409705,409707,2,0
409705,409705,409707,2,0
409705,409705,409707,2,0
409705,409706,409707,1,1
409705,409706,409707,1,1
409705,409706,409708,2,1
409698,409699,409708,9,1
409700,409700,409708,8,0
409705,409706,409708,2,1
409705,409706,409708,2,1
409698,409699,409708,9,1
409698,409699,409708,9,1
409700,409700,409708,8,0
409700,409700,409708,8,0
409708,409708,409709,1,0
409708,409708,409710,2,0
409708,409708,409709,1,0
409708,409708,409709,1,0
409708,409708,409709,1,0
409708,409708,409709,1,0
409708,409708,409709,1,0
409708,409708,409709,1,0
409708,409708,409709,1,0
409708,409708,409709,1,0
409708,409708,409710,2,0
409708,409708,409709,1,0
409708,409708,409709,1,0
409708,409708,409710,2,0
409708,409708,409709,1,0
409708,409708,409710,2,0
409708,409708,409710,2,0
409708,409708,409709,1,0
409698,409699,409709,10,1
409708,409708,409710,2,0
409698,409699,409711,12,1
409698,409699,409710,11,1
409705,409706,409712,6,1
409705,409706,409712,6,1
409705,409706,409712,6,1
409708,409708,409713,5,0
409708,409708,409713,5,0
409708,409708,409713,5,0
409634,409634,409734,100,0
409623,409623,409736,113,0
409735,409735,409736,1,0
409735,409735,409737,2,0
409735,409735,409737,2,0
409735,409735,409737,2,0
409735,409735,409736,1,0
409735,409735,409737,2,0
409735,409735,409737,2,0
409735,409735,409737,2,0
409735,409735,409737,2,0
409637,409637,409737,100,0
409735,409735,409737,2,0
409621,409621,409736,115,0
409735,409735,409737,2,0
409735,409735,409737,2,0
409735,409735,409737,2,0
409735,409735,409737,2,0
409735,409735,409737,2,0
409735,409735,409737,2,0
409735,409735,409737,2,0
409735,409735,409738,3,0
409737,409737,409738,1,0
409737,409737,409738,1,0
409737,409737,409738,1,0
409735,409735,409738,3,0
409735,409735,409738,3,0
409735,409735,409738,3,0
409737,409737,409738,1,0
409737,409737,409738,1,0
409737,409737,409739,2,0
409737,409737,409738,1,0
409737,409737,409738,1,0
409737,409737,409739,2,0
409737,409737,409739,2,0
409737,409737,409738,1,0
409737,409737,409739,2,0
409737,409737,409738,1,0
409737,409737,409738,1,0
409737,409737,409738,1,0
409737,409737,409738,1,0
409735,409735,409738,3,0
409737,409737,409739,2,0
409737,409737,409739,2,0
409737,409737,409738,1,0
409737,409737,409740,3,0
409738,409738,409740,2,0
409738,409738,409740,2,0
409738,409738,409740,2,0
409738,409738,409740,2,0
409738,409738,409740,2,0
409738,409738,409741,3,0
409738,409738,409740,2,0
409738,409739,409740,1,1
409738,409738,409740,2,0
409738,409738,409740,2,0
409738,409738,409740,2,0
409738,409738,409740,2,0
409738,409738,409740,2,0
409738,409738,409740,2,0
409738,409738,409740,2,0
409738,409738,409740,2,0
409738,409739,409740,1,1
409741,409741,409742,1,0
409738,409739,409741,2,1
409738,409739,409742,3,1
386954,400272,409742,9470,13318
409741,409741,409742,1,0
409741,409741,409742,1,0
409741,409741,409742,1,0
409741,409741,409743,2,0
409741,409741,409742,1,0
409741,409741,409743,2,0
409741,409741,409743,2,0
409741,409741,409742,1,0
409741,409741,409743,2,0
409741,409741,409742,1,0
409741,409741,409742,1,0
409741,409741,409742,1,0
409741,409741,409743,2,0
409741,409741,409743,2,0
409741,409741,409743,2,0
409741,409742,409744,2,1
409741,409742,409744,2,1
409737,409737,409746,9,0
409737,409737,409746,9,0
409738,409739,409746,7,1
409738,409739,409746,7,1
409738,409739,409746,7,1
409741,409741,409746,5,0
409741,409741,409748,7,0
409741,409741,409749,8,0
409741,409741,409749,8,0
409667,409667,409774,107,0
409677,409677,409775,98,0
409679,409679,409775,96,0
409775,409776,409777,1,1
409775,409775,409777,2,0
409775,409775,409777,2,0
409775,409775,409777,2,0
409775,409775,409777,2,0
409775,409775,409777,2,0
409775,409775,409777,2,0
409775,409775,409777,2,0
409775,409775,409777,2,0
409775,409775,409777,2,0
409775,409775,409777,2,0
409775,409775,409776,1,0
409775,409775,409777,2,0
409775,409775,409777,2,0
409775,409775,409777,2,0
409775,409775,409777,2,0
409775,409775,409777,2,0
409775,409775,409776,1,0
409775,409775,409777,2,0
409775,409775,409777,2,0
409775,409775,409777,2,0
409775,409775,409777,2,0
409775,409775,409777,2,0
409775,409775,409777,2,0
409775,409775,409776,1,0
409775,409775,409777,2,0
409775,409775,409777,2,0
409775,409775,409777,2,0
409775,409775,409777,2,0
409775,409775,409777,2,0
409775,409775,409777,2,0
409775,409775,409777,2,0
409775,409775,409777,2,0
409775,409775,409777,2,0
409775,409775,409777,2,0
409777,409777,409778,1,0
409775,409775,409777,2,0
409775,409775,409777,2,0
409775,409776,409778,2,1
409775,409776,409778,2,1
409775,409776,409778,2,1
409775,409776,409778,2,1
409775,409776,409778,2,1
409775,409775,409777,2,0
409775,409775,409778,3,0
409777,409777,409779,2,0
409777,409777,409779,2,0
409777,409777,409779,2,0
409777,409777,409779,2,0
409777,409777,409779,2,0
409777,409777,409779,2,0
409777,409777,409779,2,0
409777,409777,409779,2,0
409777,409777,409779,2,0
409777,409777,409779,2,0
409777,409777,409779,2,0
409777,409777,409779,2,0
409777,409777,409779,2,0
409777,409777,409779,2,0
409777,409777,409779,2,0
409777,409777,409779,2,0
409777,409777,409779,2,0
409777,409777,409779,2,0
409777,409777,409779,2,0
409777,409777,409780,3,0
409777,409778,409786,8,1
409702,409702,409788,86,0
409789,409789,409790,1,0
409789,409789,409791,2,0
409789,409789,409791,2,0
409789,409789,409791,2,0
409789,409789,409791,2,0
409789,409789,409791,2,0
409789,409789,409791,2,0
409789,409789,409791,2,0
409789,409789,409791,2,0
409789,409789,409791,2,0
409789,409789,409791,2,0
409789,409789,409790,1,0
409789,409789,409791,2,0
409789,409789,409791,2,0
409789,409789,409791,2,0
409789,409789,409791,2,0
409789,409789,409791,2,0
409789,409790,409791,1,1
409789,409789,409791,2,0
409789,409790,409794,4,1
409789,409789,409795,6,0
409789,409789,409795,6,0
409705,409705,409814,109,0
409815,409815,409816,1,0
409815,409815,409816,1,0
409815,409815,409817,2,0
409815,409815,409817,2,0
409815,409815,409817,2,0
409815,409815,409816,1,0
409815,409815,409817,2,0
409815,409815,409817,2,0
409815,409815,409817,2,0
409815,409815,409817,2,0
409815,409815,409816,1,0
409815,409815,409817,2,0
409815,409815,409817,2,0
409815,409815,409817,2,0
409815,409815,409817,2,0
409815,409815,409816,1,0
409815,409815,409817,2,0
409815,409815,409817,2,0
409815,409815,409817,2,0
409815,409815,409817,2,0
409815,409815,409817,2,0
409815,409815,409817,2,0
409714,409714,409819,105,0
386927,386927,409819,22892,0
409736,409736,409821,85,0
409820,409820,409822,2,0
409820,409820,409822,2,0
409820,409820,409822,2,0
409820,409821,409822,1,1
409820,409820,409822,2,0
409820,409820,409822,2,0
409820,409821,409822,1,1
409820,409820,409822,2,0
409820,409821,409822,1,1
409820,409821,409822,1,1
409820,409821,409822,1,1
409820,409820,409822,2,0
409820,409821,409822,1,1
409820,409821,409822,1,1
409820,409820,409822,2,0
409820,409820,409822,2,0
409820,409820,409822,2,0
409820,409820,409822,2,0
409820,409820,409822,2,0
409822,409822,409824,2,0
409822,409822,409824,2,0
409822,409822,409824,2,0
409822,409822,409824,2,0
409822,409822,409824,2,0
409822,409822,409824,2,0
409822,409822,409824,2,0
409822,409822,409824,2,0
409822,409822,409824,2,0
409822,409822,409824,2,0
409822,409822,409824,2,0
409822,409822,409824,2,0
409822,409822,409824,2,0
409822,409822,409824,2,0
409822,409822,409824,2,0
409822,409822,409824,2,0
409721,409721,409824,103,0
409822,409822,409824,2,0
409822,409822,409824,2,0
409822,409822,409825,3,0
409822,409822,409825,3,0
409709,409709,409825,116,0
409669,409669,409826,157,0
409820,409821,409827,6,1
409826,409826,409827,1,0
409697,409697,409826,129,0
409826,409826,409827,1,0
409826,409826,409827,1,0
409826,409826,409827,1,0
409826,409826,409827,1,0
409826,409826,409827,1,0
409826,409826,409827,1,0
409826,409826,409828,2,0
409826,409826,409827,1,0
409826,409826,409828,2,0
409826,409826,409827,1,0
409826,409826,409828,2,0
409826,409826,409827,1,0
409826,409826,409827,1,0
409820,409821,409827,6,1
409820,409821,409827,6,1
409822,409822,409827,5,0
409822,409822,409828,6,0
409827,409827,409829,2,0
409826,409826,409828,2,0
409827,409827,409829,2,0
409827,409827,409829,2,0
409826,409826,409828,2,0
409827,409827,409829,2,0
409666,409666,409829,163,0
409827,409827,409829,2,0
409827,409827,409829,2,0
409827,409827,409829,2,0
409827,409827,409829,2,0
409827,409827,409829,2,0
409828,409828,409829,1,0
409828,409828,409829,1,0
409828,409828,409829,1,0
409827,409827,409829,2,0
409827,409827,409829,2,0
409828,409828,409829,1,0
409828,409828,409829,1,0
409828,409828,409829,1,0
409827,409827,409829,2,0
409827,409827,409829,2,0
409828,409828,409830,2,0
409828,409828,409830,2,0
409828,409828,409829,1,0
409828,409828,409829,1,0
409827,409828,409829,1,1
409827,409828,409829,1,1
409828,409828,409830,2,0
409827,409827,409830,3,0
409828,409828,409830,2,0
409828,409828,409830,2,0
409828,409828,409829,1,0
409828,409828,409829,1,0
409827,409827,409829,2,0
409828,409828,409829,1,0
409828,409828,409830,2,0
409828,409828,409830,2,0
409828,409828,409829,1,0
409828,409828,409829,1,0
409831,409831,409832,1,0
409830,409831,409832,1,1
409830,409831,409832,1,1
409830,409831,409832,1,1
409830,409831,409832,1,1
409831,409831,409833,2,0
409831,409831,409833,2,0
409831,409831,409832,1,0
409830,409831,409832,1,1
409830,409831,409832,1,1
409831,409831,409832,1,0
409831,409831,409832,1,0
409831,409831,409832,1,0
409656,409656,409832,176,0
409831,409831,409833,2,0
409831,409831,409833,2,0
409831,409831,409832,1,0
409830,409831,409832,1,1
409830,409831,409832,1,1
409831,409831,409832,1,0
409831,409831,409832,1,0
409831,409831,409832,1,0
409830,409831,409832,1,1
409830,409831,409832,1,1
409830,409831,409832,1,1
409831,409831,409833,2,0
409831,409831,409833,2,0
409830,409831,409832,1,1
409830,409831,409833,2,1
409830,409831,409833,2,1
409830,409831,409832,1,1
409831,409831,409833,2,0
409831,409831,409833,2,0
409830,409831,409832,1,1
409830,409831,409832,1,1
409830,409831,409832,1,1
409831,409831,409832,1,0
409831,409831,409833,2,0
409831,409831,409832,1,0
409831,409831,409832,1,0
409826,409826,409832,6,0
409826,409826,409832,6,0
409826,409826,409832,6,0
409827,409828,409833,5,1
409827,409828,409833,5,1
409827,409828,409833,5,1
409828,409828,409833,5,0
409826,409826,409834,8,0
409826,409826,409834,8,0
409826,409826,409833,7,0
409827,409828,409833,5,1
409827,409828,409833,5,1
409828,409828,409833,5,0
409711,409713,409834,121,2
409831,409831,409833,2,0
409833,409833,409835,2,0
409833,409833,409835,2,0
409833,409833,409835,2,0
409833,409833,409835,2,0
409833,409833,409834,1,0
409833,409833,409835,2,0
409833,409833,409835,2,0
409833,409833,409835,2,0
409833,409833,409834,1,0
409833,409833,409835,2,0
409833,409833,409835,2,0
409833,409833,409835,2,0
409833,409833,409835,2,0
409833,409833,409835,2,0
409833,409833,409835,2,0
409833,409834,409835,1,1
409833,409834,409836,2,1
409833,409834,409836,2,1
409833,409834,409835,1,1
409673,409673,409836,163,0
409690,409690,409838,148,0
409717,409717,409838,121,0
409830,409837,409838,1,7
409830,409837,409838,1,7
409830,409836,409839,3,6
409830,409836,409839,3,6
409838,409838,409840,2,0
409838,409838,409839,1,0
409838,409838,409839,1,0
409838,409838,409840,2,0
409838,409838,409840,2,0
409838,409838,409839,1,0
409838,409838,409840,2,0
409838,409838,409840,2,0
409838,409838,409840,2,0
409838,409838,409840,2,0
409838,409838,409839,1,0
409838,409838,409839,1,0
409838,409838,409840,2,0
409838,409838,409840,2,0
409838,409838,409840,2,0
409838,409838,409840,2,0
409838,409838,409840,2,0
409838,409838,409840,2,0
409838,409838,409840,2,0
409838,409838,409839,1,0
409838,409838,409840,2,0
409838,409838,409840,2,0
409838,409838,409840,2,0
409838,409838,409840,2,0
409838,409838,409840,2,0
409838,409838,409840,2,0
409838,409838,409840,2,0
409838,409838,409840,2,0
409838,409838,409840,2,0
409838,409838,409840,2,0
409838,409838,409840,2,0
409838,409838,409840,2,0
409838,409838,409840,2,0
409838,409838,409840,2,0
409838,409838,409840,2,0
409748,409748,409842,94,0
409833,409833,409843,10,0
409833,409833,409843,10,0
409833,409833,409844,11,0
409838,409838,409844,6,0
409838,409838,409844,6,0
409838,409838,409844,6,0
409844,409844,409845,1,0
409844,409844,409845,1,0
409739,409739,409845,106,0
409844,409844,409845,1,0
409744,409744,409845,101,0
409838,409838,409845,7,0
409844,409844,409846,2,0
409844,409845,409846,1,1
409838,409838,409846,8,0
409838,409838,409846,8,0
409838,409838,409846,8,0
409838,409838,409846,8,0
409844,409845,409846,1,1
409844,409845,409846,1,1
409844,409844,409846,2,0
409844,409844,409846,2,0
409844,409844,409846,2,0
409844,409845,409846,1,1
409844,409845,409846,1,1
409844,409844,409846,2,0
409844,409844,409846,2,0
409844,409845,409846,1,1
409844,409845,409846,1,1
409844,409845,409846,1,1
409844,409844,409846,2,0
409844,409844,409846,2,0
409844,409844,409846,2,0
409844,409845,409846,1,1
409844,409845,409846,1,1
409844,409844,409846,2,0
409844,409844,409846,2,0
409844,409845,409846,1,1
409844,409845,409846,1,1
409844,409844,409846,2,0
409844,409844,409846,2,0
409844,409845,409846,1,1
409844,409845,409846,1,1
409844,409844,409846,2,0
409844,409844,409846,2,0
409844,409844,409846,2,0
409844,409845,409846,1,1
409844,409845,409846,1,1
409844,409845,409846,1,1
409844,409844,409846,2,0
409844,409844,409846,2,0
409844,409844,409846,2,0
409844,409845,409846,1,1
409844,409845,409846,1,1
409844,409845,409846,1,1
409838,409838,409847,9,0
409844,409845,409847,2,1
409844,409845,409847,2,1
409849,409849,409850,1,0
409849,409849,409850,1,0
409849,409849,409851,2,0
409849,409849,409850,1,0
409849,409849,409851,2,0
409849,409849,409850,1,0
409849,409849,409851,2,0
409849,409849,409850,1,0
409849,409849,409851,2,0
409849,409849,409850,1,0
409849,409849,409850,1,0
409849,409849,409850,1,0
409849,409849,409851,2,0
409849,409849,409850,1,0
409849,409849,409851,2,0
409849,409849,409850,1,0
409849,409849,409850,1,0
409849,409849,409850,1,0
409849,409849,409851,2,0
409849,409849,409850,1,0
409849,409849,409850,1,0
409849,409849,409850,1,0
409849,409849,409850,1,0
409849,409849,409850,1,0
409849,409849,409850,1,0
409849,409849,409851,2,0
409849,409849,409851,2,0
409849,409849,409851,2,0
409849,409849,409851,2,0
409849,409849,409850,1,0
409849,409849,409851,2,0
409849,409849,409851,2,0
409849,409849,409851,2,0
409849,409849,409851,2,0
409849,409849,409851,2,0
409849,409849,409851,2,0
409849,409849,409851,2,0
409849,409849,409851,2,0
409849,409849,409851,2,0
409849,409849,409852,3,0
409849,409849,409852,3,0
409853,409853,409854,1,0
409853,409853,409855,2,0
409853,409853,409855,2,0
409853,409853,409854,1,0
409853,409853,409854,1,0
409853,409853,409854,1,0
409853,409853,409854,1,0
409853,409853,409854,1,0
409853,409853,409855,2,0
409853,409853,409855,2,0
409853,409853,409854,1,0
409853,409853,409854,1,0
409853,409853,409854,1,0
409853,409853,409854,1,0
409853,409853,409855,2,0
409853,409853,409854,1,0
409853,409853,409855,2,0
409853,409853,409854,1,0
409853,409853,409855,2,0
409853,409853,409855,2,0
409853,409853,409855,2,0
409853,409853,409854,1,0
409849,409849,409855,6,0
409849,409849,409855,6,0
409849,409849,409854,5,0
409776,409777,409865,88,1
409866,409866,409868,2,0
409866,409866,409868,2,0
409866,409866,409868,2,0
409866,409866,409868,2,0
409866,409866,409868,2,0
409866,409866,409868,2,0
409866,409866,409868,2,0
409866,409866,409868,2,0
409866,409866,409868,2,0
409866,409866,409868,2,0
409866,409866,409868,2,0
409866,409866,409868,2,0
409866,409866,409868,2,0
409866,409866,409868,2,0
409866,409866,409868,2,0
409866,409866,409868,2,0
409778,409779,409869,90,1
409866,409866,409868,2,0
409866,409869,409872,3,3
409866,409869,409872,3,3
409866,409869,409872,3,3
409871,409871,409873,2,0
409871,409871,409873,2,0
409871,409871,409873,2,0
409871,409871,409873,2,0
409871,409871,409873,2,0
409871,409871,409873,2,0
409871,409871,409873,2,0
409871,409871,409873,2,0
409871,409871,409873,2,0
409871,409871,409873,2,0
409871,409871,409873,2,0
409871,409871,409873,2,0
409871,409871,409873,2,0
409871,409871,409873,2,0
409871,409871,409872,1,0
409871,409871,409873,2,0
409871,409871,409873,2,0
409871,409871,409872,1,0
409871,409871,409873,2,0
409871,409871,409873,2,0
409871,409871,409873,2,0
386927,386927,409889,22962,0
409866,409867,409894,27,1
409866,409866,409902,36,0
409784,409785,409903,118,1
409791,409791,409905,114,0
409871,409874,409905,31,3
409906,409906,409908,2,0
409906,409906,409907,1,0
409906,409906,409908,2,0
409906,409906,409908,2,0
409906,409906,409907,1,0
409906,409906,409907,1,0
409906,409906,409908,2,0
409906,409906,409908,2,0
409906,409906,409907,1,0
409906,409906,409908,2,0
409906,409906,409907,1,0
409906,409906,409908,2,0
409906,409906,409908,2,0
409906,409906,409908,2,0
409906,409906,409908,2,0
409906,409906,409908,2,0
409906,409906,409908,2,0
409909,409909,409910,1,0
409906,409907,409909,2,1
409906,409907,409909,2,1
409909,409909,409910,1,0
409909,409909,409911,2,0
409909,409909,409911,2,0
409909,409909,409911,2,0
409909,409909,409911,2,0
409909,409909,409910,1,0
409909,409909,409911,2,0
409909,409909,409911,2,0
409909,409909,409910,1,0
409909,409909,409911,2,0
409909,409909,409911,2,0
409909,409909,409911,2,0
409909,409909,409912,3,0
409909,409909,409911,2,0
409909,409910,409911,1,1
409909,409909,409911,2,0
409909,409909,409912,3,0
409909,409910,409912,2,1
409909,409910,409911,1,1
409909,409909,409915,6,0
409909,409909,409915,6,0
409906,409906,409916,10,0
409906,409906,409916,10,0
409906,409906,409916,10,0
409817,409817,409919,102,0
409921,409921,409922,1,0
409921,409921,409922,1,0
409921,409921,409923,2,0
409921,409921,409922,1,0
409921,409921,409922,1,0
409921,409921,409922,1,0
409921,409921,409922,1,0
409921,409921,409922,1,0
409921,409921,409922,1,0
409921,409921,409922,1,0
409921,409921,409923,2,0
409921,409921,409922,1,0
409921,409921,409923,2,0
409921,409921,409923,2,0
409921,409921,409922,1,0
409921,409921,409923,2,0
409921,409921,409923,2,0
409825,409825,409924,99,0
409835,409835,409924,89,0
409921,409922,409924,2,1
409921,409922,409924,2,1
409921,409922,409923,1,1
409921,409922,409924,2,1
409921,409922,409924,2,1
409925,409925,409926,1,0
409829,409829,409925,96,0
409925,409925,409926,1,0
409925,409925,409926,1,0
409925,409925,409927,2,0
409925,409925,409926,1,0
409925,409925,409926,1,0
409925,409925,409926,1,0
409925,409925,409926,1,0
409925,409925,409927,2,0
409925,409925,409926,1,0
409925,409925,409926,1,0
409925,409925,409926,1,0
409925,409925,409927,2,0
409925,409925,409926,1,0
409925,409925,409926,1,0
409925,409925,409926,1,0
409925,409925,409926,1,0
409925,409925,409926,1,0
409925,409925,409926,1,0
409925,409925,409926,1,0
409925,409925,409926,1,0
409925,409925,409927,2,0
409925,409925,409926,1,0
409925,409925,409926,1,0
409925,409925,409926,1,0
409925,409925,409926,1,0
409925,409925,409926,1,0
409925,409925,409926,1,0
409925,409925,409926,1,0
409925,409925,409926,1,0
409925,409925,409926,1,0
409925,409925,409927,2,0
409925,409925,409926,1,0
409925,409925,409927,2,0
409925,409925,409926,1,0
409925,409925,409926,1,0
409925,409925,409927,2,0
409925,409925,409926,1,0
409925,409925,409926,1,0
409927,409927,409928,1,0
409927,409927,409929,2,0
409927,409927,409929,2,0
409927,409927,409929,2,0
409927,409927,409928,1,0
409927,409927,409929,2,0
409927,409927,409929,2,0
409927,409927,409929,2,0
409927,409927,409929,2,0
409927,409927,409929,2,0
409927,409927,409929,2,0
409927,409927,409929,2,0
409927,409927,409929,2,0
409927,409927,409929,2,0
409927,409927,409928,1,0
409927,409927,409929,2,0
409927,409927,409929,2,0
409927,409927,409928,1,0
409927,409927,409929,2,0
409927,409927,409929,2,0
409927,409927,409928,1,0
409927,409927,409929,2,0
409925,409925,409932,7,0
409925,409925,409932,7,0
409925,409925,409931,6,0
409925,409925,409931,6,0
409925,409925,409931,6,0
409823,409823,409934,111,0
409936,409936,409937,1,0
409936,409936,409937,1,0
409936,409936,409937,1,0
409936,409936,409937,1,0
409936,409936,409938,2,0
409936,409936,409938,2,0
409936,409936,409937,1,0
409936,409936,409938,2,0
409936,409936,409938,2,0
409936,409936,409938,2,0
409936,409936,409937,1,0
409936,409936,409937,1,0
409936,409936,409938,2,0
409936,409936,409938,2,0
409936,409936,409938,2,0
409936,409936,409937,1,0
409936,409936,409940,4,0
409936,409936,409940,4,0
409936,409936,409940,4,0
409936,409936,409950,14,0
409936,409936,409950,14,0
409936,409936,409951,15,0
409846,409846,409959,113,0
409960,409960,409962,2,0
409960,409960,409961,1,0
409960,409960,409961,1,0
409960,409960,409962,2,0
409960,409960,409962,2,0
409960,409960,409961,1,0
409960,409960,409962,2,0
409960,409960,409962,2,0
409960,409960,409961,1,0
409960,409960,409962,2,0
409960,409960,409962,2,0
409960,409960,409962,2,0
409960,409960,409962,2,0
409960,409960,409962,2,0
409960,409960,409961,1,0
409960,409960,409961,1,0
409960,409960,409962,2,0
409960,409960,409962,2,0
409960,409960,409962,2,0
409960,409962,409967,5,2
409960,409962,409967,5,2
409960,409962,409968,6,2
386948,386948,409974,23026,0
409875,409875,409980,105,0
409981,409981,409982,1,0
409981,409981,409982,1,0
409981,409981,409983,2,0
409981,409981,409983,2,0
409981,409981,409983,2,0
409981,409981,409983,2,0
409981,409981,409983,2,0
409981,409981,409983,2,0
409981,409981,409983,2,0
409981,409981,409983,2,0
409981,409981,409983,2,0
409981,409981,409983,2,0
409981,409981,409983,2,0
409981,409981,409983,2,0
409981,409981,409983,2,0
409981,409981,409983,2,0
409981,409982,409983,1,1
409981,409981,409983,2,0
409981,409981,409983,2,0
409981,409981,409983,2,0
409981,409982,409984,2,1
409981,409982,409984,2,1
409907,409907,409984,77,0
409985,409985,409986,1,0
409985,409985,409987,2,0
409985,409985,409987,2,0
409985,409985,409987,2,0
409985,409985,409987,2,0
409985,409985,409987,2,0
409985,409985,409987,2,0
409985,409985,409987,2,0
409985,409985,409987,2,0
409985,409985,409987,2,0
409985,409985,409987,2,0
409985,409985,409987,2,0
409985,409985,409987,2,0
409985,409985,409986,1,0
409985,409985,409987,2,0
409985,409985,409987,2,0
409985,409985,409987,2,0
409985,409985,409988,3,0
409985,409985,409987,2,0
409881,409881,409988,107,0
409887,409887,409989,102,0
409989,409989,409991,2,0
409989,409989,409991,2,0
409989,409989,409991,2,0
409989,409989,409991,2,0
409989,409989,409991,2,0
409989,409989,409991,2,0
409989,409989,409991,2,0
409989,409989,409991,2,0
409989,409989,409991,2,0
409989,409989,409991,2,0
409989,409989,409991,2,0
409989,409989,409991,2,0
409989,409989,409991,2,0
409985,409985,409991,6,0
409985,409986,409991,5,1
409985,409985,409992,7,0
409989,409990,409991,1,1
409989,409990,409991,1,1
409991,409991,409992,1,0
409989,409989,409993,4,0
409989,409989,409993,4,0
409989,409990,409992,2,1
409991,409992,409993,1,1
409991,409991,409993,2,0
409991,409991,409993,2,0
409991,409991,409993,2,0
409991,409991,409993,2,0
409991,409991,409993,2,0
409991,409991,409993,2,0
409991,409991,409993,2,0
409991,409992,409993,1,1
409890,409890,409993,103,0
409991,409992,409993,1,1
409991,409992,409993,1,1
409991,409991,409994,3,0
409991,409991,409994,3,0
409991,409992,409993,1,1
409991,409991,409993,2,0
409991,409991,409993,2,0
409991,409991,409993,2,0
409991,409991,409993,2,0
409832,409832,409994,162,0
409870,409871,409995,124,1
409991,409991,409994,3,0
409994,409994,409995,1,0
409994,409994,409995,1,0
409994,409994,409996,2,0
409994,409994,409995,1,0
409994,409994,409995,1,0
409994,409994,409995,1,0
409994,409994,409996,2,0
409994,409994,409996,2,0
409996,409996,409997,1,0
409868,409868,409997,129,0
409996,409996,409997,1,0
409994,409994,409996,2,0
409994,409994,409996,2,0
409994,409994,409996,2,0
409994,409994,409997,3,0
409994,409994,409996,2,0
409996,409996,409997,1,0
409994,409994,409996,2,0
409994,409994,409996,2,0
409994,409994,409996,2,0
409994,409994,409996,2,0
409996,409996,409997,1,0
409996,409996,409997,1,0
409994,409994,409996,2,0
409994,409994,409996,2,0
409989,409989,409997,8,0
409989,409990,409997,7,1
409989,409990,409997,7,1
409991,409992,409997,5,1
409991,409992,409997,5,1
409855,409856,409998,142,1
409996,409996,409997,1,0
409996,409996,409998,2,0
409996,409996,409997,1,0
409996,409996,409997,1,0
409996,409996,409997,1,0
409996,409996,409998,2,0
409996,409996,409998,2,0
409996,409996,409997,1,0
409996,409996,409998,2,0
409996,409997,409998,1,1
409996,409996,409997,1,0
409996,409996,409997,1,0
409996,409996,409997,1,0
409996,409996,409998,2,0
409996,409996,409998,2,0
409996,409996,409997,1,0
409996,409996,409997,1,0
409996,409996,409997,1,0
409996,409996,409998,2,0
409996,409996,409998,2,0
409996,409996,409997,1,0
409996,409996,409997,1,0
409996,409996,409997,1,0
409996,409996,409997,1,0
409996,409996,409998,2,0
409996,409996,409998,2,0
409996,409996,409997,1,0
409996,409996,409998,2,0
409996,409996,409997,1,0
409996,409996,409998,2,0
409996,409996,409997,1,0
409996,409996,409997,1,0
409996,409996,409997,1,0
409996,409996,409998,2,0
409996,409996,409998,2,0
409996,409996,409998,2,0
386945,386946,409999,23053,1
409996,409997,409998,1,1
409861,409861,410000,139,0
409998,409999,410000,1,1
409998,409999,410000,1,1
409884,409884,410000,116,0
409998,409999,410000,1,1
409998,409999,410000,1,1
409998,409999,410000,1,1
409998,409999,410000,1,1
409998,409999,410000,1,1
409998,409999,410000,1,1
409998,409999,410000,1,1
409998,409999,410000,1,1
409998,409999,410000,1,1
409998,409999,410000,1,1
409998,409999,410000,1,1
409998,409999,410000,1,1
409998,409999,410000,1,1
409998,409999,410000,1,1
409998,409999,410001,2,1
409998,409999,410001,2,1
409998,409999,410001,2,1
409911,409911,410002,91,0
409998,409999,410002,3,1
410002,410002,410004,2,0
410002,410002,410004,2,0
409866,409866,410003,137,0
409994,409994,410003,9,0
409994,409994,410003,9,0
409996,409996,410004,8,0
410002,410002,410004,2,0
410002,410002,410004,2,0
410002,410002,410004,2,0
410002,410002,410004,2,0
410002,410003,410004,1,1
410002,410003,410004,1,1
410002,410002,410004,2,0
410002,410002,410004,2,0
410002,410002,410004,2,0
410002,410003,410004,1,1
409877,409877,410005,128,0
410002,410002,410004,2,0
410002,410002,410004,2,0
410002,410003,410004,1,1
410002,410003,410004,1,1
410002,410002,410004,2,0
410002,410002,410004,2,0
410002,410002,410004,2,0
410002,410003,410004,1,1
410002,410003,410004,1,1
410002,410003,410004,1,1
410002,410002,410004,2,0
410002,410002,410004,2,0
410002,410002,410004,2,0
410002,410003,410004,1,1
410002,410003,410004,1,1
410002,410003,410004,1,1
410002,410003,410004,1,1
410002,410003,410004,1,1
410002,410003,410004,1,1
410002,410002,410004,2,0
410002,410002,410004,2,0
410002,410003,410004,1,1
410002,410003,410004,1,1
409994,409994,410005,11,0
409996,409996,410004,8,0
410002,410003,410005,2,1
410002,410003,410005,2,1
410002,410003,410005,2,1
410002,410003,410005,2,1
410005,410005,410007,2,0
410005,410005,410007,2,0
410005,410005,410007,2,0
410005,410005,410007,2,0
410005,410005,410007,2,0
410005,410005,410007,2,0
410005,410005,410006,1,0
410005,410005,410007,2,0
410005,410005,410007,2,0
410005,410005,410007,2,0
410005,410005,410007,2,0
410005,410005,410007,2,0
410005,410005,410007,2,0
410005,410005,410007,2,0
410005,410005,410007,2,0
410005,410005,410007,2,0
410005,410005,410008,3,0
410005,410005,410007,2,0
410005,410005,410007,2,0
410005,410005,410007,2,0
410005,410005,410007,2,0
410005,410005,410007,2,0
410005,410005,410008,3,0
410005,410005,410008,3,0
410005,410005,410007,2,0
410005,410005,410007,2,0
410005,410005,410007,2,0
410005,410005,410007,2,0
410005,410005,410007,2,0
410005,410005,410007,2,0
410005,410005,410007,2,0
410005,410005,410007,2,0
410005,410005,410008,3,0
410005,410005,410008,3,0
410005,410005,410008,3,0
410005,410005,410007,2,0
410005,410005,410008,3,0
409998,409999,410008,9,1
409998,409999,410008,9,1
410002,410003,410008,5,1
410002,410002,410010,8,0
410002,410003,410010,7,1
410002,410003,410009,6,1
410002,410003,410009,6,1
410005,410005,410011,6,0
410010,410010,410012,2,0
410010,410010,410012,2,0
410010,410010,410012,2,0
410010,410010,410011,1,0
410010,410010,410012,2,0
410010,410010,410011,1,0
410010,410010,410012,2,0
410010,410010,410012,2,0
410010,410010,410012,2,0
410010,410010,410012,2,0
410010,410010,410012,2,0
410010,410010,410012,2,0
410010,410010,410011,1,0
410010,410010,410012,2,0
410010,410010,410012,2,0
410010,410010,410012,2,0
410010,410010,410012,2,0
410010,410010,410012,2,0
410010,410010,410012,2,0
410010,410010,410012,2,0
410005,410005,410012,7,0
410005,410005,410012,7,0
410010,410010,410013,3,0
410005,410005,410013,8,0
410005,410005,410013,8,0
410005,410005,410013,8,0
410005,410005,410013,8,0
410010,410010,410013,3,0
410014,410014,410015,1,0
410014,410014,410015,1,0
410014,410014,410015,1,0
410014,410014,410015,1,0
410014,410014,410015,1,0
410014,410014,410015,1,0
410014,410014,410016,2,0
410014,410014,410015,1,0
410014,410014,410015,1,0
410014,410014,410015,1,0
410014,410014,410015,1,0
410014,410014,410015,1,0
409930,409930,410016,86,0
410014,410014,410016,2,0
410014,410014,410016,2,0
410014,410014,410016,2,0
410014,410014,410016,2,0
410014,410014,410022,8,0
410014,410014,410023,9,0
410014,410014,410023,9,0
410014,410014,410022,8,0
410014,410014,410022,8,0
410014,410014,410022,8,0
410031,410031,410033,2,0
410031,410031,410033,2,0
410031,410031,410033,2,0
410031,410031,410033,2,0
410031,410031,410033,2,0
410031,410031,410033,2,0
410031,410031,410033,2,0
410031,410031,410033,2,0
410031,410031,410033,2,0
410031,410032,410033,1,1
410031,410031,410033,2,0
410031,410032,410033,1,1
410031,410032,410033,1,1
410031,410032,410034,2,1
410031,410032,410035,3,1
410031,410032,410034,2,1
410031,410034,410035,1,3
410031,410034,410035,1,3
410031,410034,410035,1,3
410031,410035,410036,1,4
410031,410035,410037,2,4
410031,410035,410037,2,4
409928,409928,410048,120,0
409926,409926,410049,123,0
410053,410053,410054,1,0
410053,410053,410055,2,0
410053,410053,410055,2,0
410053,410053,410054,1,0
410053,410053,410055,2,0
410053,410053,410054,1,0
410053,410053,410055,2,0
410053,410053,410055,2,0
410053,410053,410055,2,0
410053,410053,410054,1,0
410053,410053,410055,2,0
410053,410053,410055,2,0
410053,410053,410055,2,0
410053,410053,410055,2,0
410053,410053,410055,2,0
410053,410053,410055,2,0
410053,410053,410055,2,0
410053,410053,410055,2,0
410054,410054,410055,1,0
410053,410053,410055,2,0
410053,410053,410056,3,0
410053,410053,410055,2,0
410054,410054,410056,2,0
410054,410055,410056,1,1
410054,410054,410056,2,0
410054,410055,410056,1,1
410054,410055,410056,1,1
410054,410055,410056,1,1
410054,410054,410056,2,0
410054,410055,410056,1,1
410054,410054,410056,2,0
410054,410055,410056,1,1
410054,410054,410056,2,0
410054,410055,410056,1,1
410054,410055,410056,1,1
410054,410055,410056,1,1
410054,410055,410056,1,1
410054,410055,410056,1,1
410053,410053,410056,3,0
410054,410055,410056,1,1
410054,410055,410057,2,1
410054,410054,410057,3,0
409937,409938,410058,120,1
409923,409923,410061,138,0
410059,410059,410060,1,0
410059,410059,410060,1,0
410059,410059,410061,2,0
410059,410059,410060,1,0
410059,410059,410061,2,0
410059,410059,410060,1,0
410059,410059,410060,1,0
410059,410059,410060,1,0
410059,410059,410061,2,0
410059,410059,410060,1,0
410059,410059,410061,2,0
410059,410059,410061,2,0
410059,410059,410060,1,0
410059,410059,410061,2,0
410059,410059,410061,2,0
410059,410059,410060,1,0
410054,410055,410062,7,1
410054,410055,410062,7,1
410062,410062,410063,1,0
410062,410062,410063,1,0
410062,410062,410063,1,0
410062,410062,410064,2,0
410062,410062,410063,1,0
410062,410062,410064,2,0
410062,410062,410063,1,0
410062,410062,410064,2,0
410062,410062,410063,1,0
410062,410062,410064,2,0
410062,410062,410063,1,0
410059,410059,410063,4,0
410059,410059,410063,4,0
410059,410059,410063,4,0
410062,410062,410065,3,0
410062,410062,410064,2,0
410062,410062,410064,2,0
410062,410062,410065,3,0
410062,410062,410064,2,0
410062,410062,410064,2,0
409964,409964,410067,103,0
410059,410059,410067,8,0
410059,410059,410067,8,0
410059,410059,410067,8,0
410062,410062,410067,5,0
410062,410062,410067,5,0
410062,410062,410067,5,0
410062,410062,410069,7,0
410069,410069,410070,1,0
410069,410069,410070,1,0
410062,410062,410070,8,0
410069,410069,410071,2,0
410069,410069,410071,2,0
410069,410069,410071,2,0
410069,410069,410071,2,0
410069,410069,410071,2,0
410069,410069,410071,2,0
410069,410069,410071,2,0
410069,410069,410071,2,0
410069,410069,410071,2,0
410069,410069,410071,2,0
410069,410069,410071,2,0
410069,410069,410071,2,0
410069,410070,410073,3,1
410069,410070,410073,3,1
410069,410070,410073,3,1
409988,409988,410076,88,0
410069,410076,410077,1,7
410069,410076,410077,1,7
410069,410069,410078,9,0
410069,410070,410078,8,1
410069,410070,410078,8,1
410078,410078,410080,2,0
410078,410078,410080,2,0
410078,410078,410079,1,0
410078,410078,410080,2,0
410078,410078,410079,1,0
410078,410078,410080,2,0
410078,410078,410079,1,0
410078,410078,410080,2,0
410078,410078,410080,2,0
410078,410078,410080,2,0
410078,410078,410080,2,0
410078,410078,410080,2,0
410078,410078,410080,2,0
410078,410078,410079,1,0
410078,410078,410081,3,0
410078,410078,410081,3,0
410078,410078,410082,4,0
410078,410078,410082,4,0
386942,386942,410083,23141,0
410078,410078,410083,5,0
409982,409982,410083,101,0
410078,410078,410084,6,0
410078,410078,410085,7,0
410078,410078,410085,7,0
410085,410085,410087,2,0
410085,410085,410087,2,0
410085,410085,410086,1,0
410085,410085,410087,2,0
410085,410085,410087,2,0
410085,410085,410087,2,0
410085,410085,410087,2,0
410085,410085,410087,2,0
410085,410085,410087,2,0
410085,410085,410087,2,0
410085,410085,410087,2,0
410085,410085,410087,2,0
410085,410085,410087,2,0
410085,410085,410087,2,0
410085,410085,410086,1,0
410085,410085,410088,3,0
410085,410085,410093,8,0
410085,410085,410093,8,0
409997,409997,410093,96,0
410085,410085,410094,9,0
410094,410095,410096,1,1
410094,410095,410096,1,1
410094,410095,410096,1,1
410094,410095,410096,1,1
410094,410095,410096,1,1
410094,410095,410096,1,1
410094,410095,410096,1,1
410094,410095,410096,1,1
410094,410095,410096,1,1
410094,410095,410096,1,1
410094,410095,410096,1,1
410004,410004,410096,92,0
410094,410095,410096,1,1
410094,410095,410096,1,1
410094,410095,410096,1,1
410094,410095,410096,1,1
410094,410095,410096,1,1
410085,410085,410097,12,0
410085,410085,410097,12,0
410094,410095,410097,2,1
410094,410095,410097,2,1
410094,410095,410097,2,1
409995,409995,410098,103,0
410085,410085,410097,12,0
410098,410099,410100,1,1
410098,410099,410100,1,1
410098,410099,410100,1,1
410098,410099,410100,1,1
410098,410099,410100,1,1
410098,410099,410100,1,1
410098,410099,410100,1,1
410098,410099,410100,1,1
410098,410099,410100,1,1
410098,410099,410100,1,1
410098,410099,410100,1,1
410098,410099,410100,1,1
410098,410099,410100,1,1
410098,410099,410100,1,1
410098,410099,410100,1,1
410098,410099,410100,1,1
410098,410099,410100,1,1
410098,410099,410100,1,1
410094,410095,410101,6,1
410094,410095,410102,7,1
410094,410095,410102,7,1
410098,410099,410103,4,1
386954,400373,410103,9730,13419
410101,410102,410103,1,1
410101,410102,410103,1,1
410101,410102,410103,1,1
410101,410102,410103,1,1
410101,410102,410103,1,1
410101,410102,410103,1,1
410101,410102,410103,1,1
410101,410102,410103,1,1
410101,410102,410103,1,1
410101,410102,410103,1,1
410101,410102,410103,1,1
410101,410102,410103,1,1
410101,410102,410103,1,1
410101,410102,410103,1,1
410101,410102,410103,1,1
410101,410102,410103,1,1
410101,410102,410103,1,1
410101,410102,410103,1,1
410098,410099,410103,4,1
410098,410099,410103,4,1
410098,410100,410107,7,2
410101,410102,410108,6,1
410101,410102,410107,5,1
410101,410102,410107,5,1
410007,410007,410108,101,0
410011,410011,410108,97,0
409992,409992,410109,117,0
410101,410102,410109,7,1
410111,410111,410112,1,0
410111,410111,410112,1,0
410111,410111,410113,2,0
410111,410111,410112,1,0
410111,410111,410112,1,0
410111,410111,410112,1,0
410111,410111,410112,1,0
410111,410111,410113,2,0
410111,410111,410112,1,0
410111,410111,410112,1,0
410111,410111,410112,1,0
410111,410111,410113,2,0
410111,410111,410112,1,0
410111,410111,410113,2,0
410111,410111,410112,1,0
410111,410111,410112,1,0
410111,410111,410113,2,0
410111,410111,410113,2,0
410111,410111,410112,1,0
410111,410111,410112,1,0
410111,410111,410113,2,0
410111,410111,410113,2,0
410111,410111,410112,1,0
410111,410111,410112,1,0
410111,410111,410112,1,0
410111,410111,410113,2,0
410111,410111,410112,1,0
410111,410111,410112,1,0
410111,410111,410113,2,0
410111,410111,410113,2,0
410111,410111,410112,1,0
410111,410111,410113,2,0
410111,410111,410113,2,0
410111,410111,410112,1,0
410111,410111,410113,2,0
410111,410111,410113,2,0
410111,410111,410113,2,0
410111,410111,410114,3,0
410111,410111,410116,5,0
410111,410111,410116,5,0
410111,410111,410116,5,0
410111,410111,410116,5,0
410111,410111,410116,5,0
410115,410115,410117,2,0
410115,410115,410117,2,0
410115,410115,410117,2,0
410115,410115,410117,2,0
410115,410115,410117,2,0
410115,410115,410117,2,0
410115,410115,410116,1,0
410115,410115,410117,2,0
410115,410115,410117,2,0
410115,410115,410117,2,0
410115,410115,410117,2,0
410115,410115,410117,2,0
410115,410115,410117,2,0
410115,410115,410117,2,0
410115,410115,410117,2,0
410115,410115,410117,2,0
410115,410115,410116,1,0
410115,410115,410117,2,0
410115,410115,410117,2,0
410115,410115,410117,2,0
410115,410115,410118,3,0
410111,410111,410120,9,0
410115,410115,410120,5,0
410016,410016,410122,106,0
410125,410125,410126,1,0
410125,410125,410126,1,0
410125,410125,410127,2,0
410125,410125,410127,2,0
410125,410125,410126,1,0
410125,410125,410127,2,0
410125,410125,410126,1,0
410125,410125,410127,2,0
410125,410125,410126,1,0
410125,410125,410127,2,0
410125,410125,410126,1,0
410125,410125,410126,1,0
410125,410125,410126,1,0
410125,410125,410127,2,0
410125,410125,410126,1,0
410125,410125,410126,1,0
410125,410125,410127,2,0
410125,410125,410127,2,0
410125,410125,410127,2,0
410125,410125,410136,11,0
410034,410034,410138,104,0
410125,410125,410139,14,0
410138,410138,410140,2,0
410138,410138,410139,1,0
410138,410138,410140,2,0
410138,410139,410140,1,1
410138,410138,410140,2,0
410138,410138,410140,2,0
410138,410138,410140,2,0
410138,410138,410140,2,0
410138,410138,410140,2,0
410138,410138,410140,2,0
410138,410138,410139,1,0
410138,410138,410140,2,0
410138,410138,410139,1,0
410138,410138,410140,2,0
410138,410138,410139,1,0
410138,410138,410140,2,0
410138,410138,410140,2,0
410138,410139,410140,1,1
410138,410138,410140,2,0
410125,410125,410143,18,0
410138,410138,410146,8,0
410138,410138,410146,8,0
410138,410138,410147,9,0
410054,410054,410149,95,0
410150,410150,410151,1,0
410150,410150,410151,1,0
410150,410150,410152,2,0
410150,410150,410151,1,0
410150,410150,410151,1,0
410150,410150,410151,1,0
410150,410150,410152,2,0
410150,410150,410151,1,0
410150,410150,410152,2,0
410150,410150,410151,1,0
410150,410150,410151,1,0
410150,410150,410151,1,0
410150,410150,410151,1,0
410150,410150,410151,1,0
410150,410150,410152,2,0
410150,410150,410152,2,0
410150,410150,410152,2,0
410150,410150,410154,4,0
410150,410150,410154,4,0
410150,410150,410156,6,0
386939,386939,410156,23217,0
410150,410150,410154,4,0
410150,410151,410154,3,1
410071,410071,410160,89,0
410162,410162,410163,1,0
410162,410162,410163,1,0
386937,386937,410163,23226,0
410162,410162,410163,1,0
410162,410162,410163,1,0
410162,410162,410163,1,0
410162,410162,410164,2,0
410162,410162,410163,1,0
410162,410162,410163,1,0
410162,410162,410164,2,0
410162,410162,410164,2,0
410162,410162,410163,1,0
410162,410162,410164,2,0
410162,410162,410163,1,0
410162,410162,410164,2,0
410162,410162,410163,1,0
410162,410162,410164,2,0
410162,410162,410163,1,0
410162,410162,410164,2,0
410162,410162,410164,2,0
410162,410162,410166,4,0
410162,410162,410166,4,0
410061,410061,410167,106,0
410162,410162,410167,5,0
410169,410169,410170,1,0
410169,410169,410171,2,0
410169,410169,410170,1,0
410169,410169,410171,2,0
410169,410169,410171,2,0
410169,410169,410171,2,0
410169,410169,410171,2,0
410169,410169,410170,1,0
410169,410169,410170,1,0
410169,410169,410171,2,0
410169,410169,410171,2,0
410169,410169,410170,1,0
410169,410169,410171,2,0
410169,410169,410170,1,0
410169,410169,410170,1,0
410169,410169,410171,2,0
410169,410169,410171,2,0
410169,410169,410171,2,0
410169,410169,410171,2,0
410169,410169,410174,5,0
410077,410077,410174,97,0
410084,410085,410175,90,1
410169,410169,410175,6,0
410169,410169,410175,6,0
410177,410177,410178,1,0
410177,410177,410179,2,0
410177,410177,410179,2,0
410177,410177,410179,2,0
410177,410177,410179,2,0
410177,410177,410179,2,0
410177,410177,410179,2,0
410177,410177,410179,2,0
410177,410177,410179,2,0
410177,410177,410179,2,0
410177,410177,410179,2,0
410177,410177,410179,2,0
410177,410177,410179,2,0
410177,410177,410179,2,0
410177,410177,410179,2,0
410177,410177,410179,2,0
410177,410177,410179,2,0
410177,410177,410179,2,0
410177,410177,410179,2,0
410177,410177,410179,2,0
410177,410177,410179,2,0
410177,410177,410178,1,0
410177,410177,410179,2,0
410177,410177,410179,2,0
410177,410177,410179,2,0
410177,410177,410178,1,0
410177,410177,410179,2,0
410177,410177,410179,2,0
410177,410177,410179,2,0
410177,410177,410179,2,0
410177,410177,410180,3,0
410177,410177,410179,2,0
410177,410177,410179,2,0
410177,410177,410179,2,0
410177,410177,410179,2,0
410177,410180,410182,2,3
410177,410180,410181,1,3
410177,410180,410181,1,3
410177,410180,410182,2,3
410177,410177,410182,5,0
410177,410177,410182,5,0
410177,410177,410182,5,0
410087,410087,410183,96,0
386945,386945,410183,23238,0
410177,410177,410183,6,0
410177,410177,410183,6,0
410186,410186,410187,1,0
410186,410186,410188,2,0
410186,410186,410188,2,0
410186,410186,410188,2,0
410186,410186,410187,1,0
410186,410186,410188,2,0
410186,410186,410188,2,0
410186,410186,410188,2,0
410186,410186,410188,2,0
410186,410186,410188,2,0
410186,410186,410188,2,0
410186,410186,410188,2,0
410186,410186,410188,2,0
410083,410083,410188,105,0
410186,410186,410188,2,0
410186,410186,410188,2,0
410186,410186,410188,2,0
410186,410186,410189,3,0
410186,410186,410188,2,0
410186,410186,410189,3,0
410190,410190,410191,1,0
410190,410190,410192,2,0
410190,410190,410191,1,0
410190,410190,410192,2,0
410190,410190,410191,1,0
410190,410190,410192,2,0
410190,410190,410191,1,0
410190,410190,410191,1,0
410190,410190,410192,2,0
410190,410190,410191,1,0
410190,410190,410192,2,0
410190,410190,410191,1,0
410190,410190,410192,2,0
410190,410190,410191,1,0
410190,410190,410191,1,0
410190,410190,410192,2,0
386937,386937,410192,23255,0
410190,410190,410192,2,0
410190,410190,410192,2,0
410057,410057,410193,136,0
410186,410186,410194,8,0
410186,410186,410194,8,0
410186,410186,410195,9,0
410194,410194,410196,2,0
410194,410194,410196,2,0
410194,410194,410196,2,0
410194,410194,410196,2,0
410194,410194,410196,2,0
410194,410194,410196,2,0
410194,410194,410196,2,0
410194,410194,410196,2,0
410194,410194,410196,2,0
410194,410194,410196,2,0
410194,410194,410196,2,0
410194,410194,410196,2,0
410194,410194,410196,2,0
410190,410190,410192,2,0
410194,410194,410196,2,0
410194,410194,410196,2,0
410194,410194,410196,2,0
410194,410194,410196,2,0
410076,410076,410198,122,0
410190,410190,410198,8,0
410194,410197,410198,1,3
410194,410197,410198,1,3
410194,410197,410198,1,3
410190,410190,410200,10,0
410194,410194,410200,6,0
410199,410200,410201,1,1
410106,410106,410200,94,0
410194,410194,410200,6,0
410199,410200,410201,1,1
410199,410200,410201,1,1
410199,410200,410201,1,1
410199,410200,410202,2,1
410199,410200,410201,1,1
410199,410200,410201,1,1
410199,410200,410202,2,1
410199,410200,410201,1,1
410199,410200,410201,1,1
410199,410200,410202,2,1
410199,410200,410201,1,1
410199,410200,410202,2,1
410199,410200,410201,1,1
410199,410200,410201,1,1
410099,410099,410202,103,0
410199,410200,410202,2,1
410090,410090,410202,112,0
410199,410200,410202,2,1
410190,410190,410199,9,0
410199,410200,410205,5,1
410204,410204,410206,2,0
410204,410204,410206,2,0
410204,410204,410206,2,0
410204,410204,410206,2,0
410204,410204,410206,2,0
410204,410204,410206,2,0
410204,410204,410206,2,0
410204,410204,410206,2,0
410204,410204,410206,2,0
410204,410204,410206,2,0
410204,410204,410206,2,0
410204,410204,410206,2,0
410204,410204,410206,2,0
410204,410204,410206,2,0
410204,410204,410206,2,0
410204,410204,410207,3,0
410204,410204,410206,2,0
410204,410204,410207,3,0
410204,410204,410206,2,0
410204,410204,410206,2,0
410204,410204,410206,2,0
410204,410204,410206,2,0
410204,410204,410206,2,0
410204,410204,410207,3,0
410204,410204,410206,2,0
410204,410204,410206,2,0
410204,410204,410207,3,0
410204,410204,410207,3,0
410199,410200,410207,7,1
410199,410200,410206,6,1
410204,410204,410207,3,0
410204,410204,410207,3,0
410204,410204,410207,3,0
410204,410204,410207,3,0
410204,410204,410207,3,0
410204,410204,410207,3,0
410080,410080,410208,128,0
410098,410100,410208,108,2
410204,410204,410208,4,0
410204,410204,410208,4,0
410204,410204,410208,4,0
410067,410068,410209,141,1
410209,410209,410210,1,0
410209,410209,410211,2,0
410209,410209,410210,1,0
410209,410210,410211,1,1
410209,410209,410211,2,0
410209,410210,410211,1,1
410209,410210,410211,1,1
410209,410209,410211,2,0
410209,410210,410211,1,1
410209,410209,410211,2,0
410209,410209,410211,2,0
410209,410209,410211,2,0
410209,410210,410211,1,1
410209,410209,410211,2,0
410209,410209,410211,2,0
410209,410209,410211,2,0
410209,410209,410211,2,0
410209,410210,410211,1,1
410209,410209,410211,2,0
410209,410209,410211,2,0
410209,410209,410211,2,0
410209,410210,410211,1,1
410209,410209,410211,2,0
410209,410209,410210,1,0
410209,410209,410211,2,0
410209,410209,410211,2,0
410209,410210,410211,1,1
410209,410210,410212,2,1
410199,410203,410212,9,4
410209,410209,410211,2,0
410209,410209,410211,2,0
410209,410209,410211,2,0
410209,410209,410211,2,0
410209,410210,410211,1,1
410209,410209,410211,2,0
410209,410209,410211,2,0
410209,410209,410211,2,0
410209,410209,410211,2,0
410209,410210,410211,1,1
410209,410209,410211,2,0
410209,410209,410211,2,0
410211,410211,410213,2,0
410211,410211,410213,2,0
410211,410211,410213,2,0
410211,410211,410213,2,0
410211,410211,410213,2,0
410211,410211,410213,2,0
410211,410211,410213,2,0
410209,410210,410212,2,1
410209,410210,410212,2,1
410211,410211,410212,1,0
410211,410211,410213,2,0
410211,410211,410213,2,0
410211,410211,410213,2,0
410211,410211,410213,2,0
410211,410211,410213,2,0
410211,410211,410213,2,0
410211,410211,410213,2,0
410211,410211,410213,2,0
410211,410211,410213,2,0
410211,410211,410213,2,0
410211,410211,410213,2,0
410211,410211,410213,2,0
410199,410204,410213,9,5
410214,410214,410215,1,0
410204,410204,410215,11,0
410204,410204,410215,11,0
410204,410204,410215,11,0
410204,410204,410215,11,0
410204,410204,410215,11,0
410209,410209,410215,6,0
410214,410214,410215,1,0
410214,410214,410215,1,0
410214,410214,410215,1,0
410214,410214,410215,1,0
410214,410214,410215,1,0
410214,410214,410215,1,0
410214,410214,410215,1,0
410214,410214,410216,2,0
410214,410214,410215,1,0
410214,410214,410215,1,0
410214,410214,410216,2,0
410214,410214,410216,2,0
410214,410214,410215,1,0
410214,410214,410216,2,0
410214,410214,410216,2,0
410214,410214,410216,2,0
410214,410214,410215,1,0
410209,410209,410217,8,0
410211,410211,410218,7,0
410126,410126,410218,92,0
410204,410204,410214,10,0
410204,410204,410214,10,0
410211,410211,410220,9,0
410214,410214,410221,7,0
410214,410220,410222,2,6
410214,410214,410222,8,0
410214,410214,410222,8,0
410223,410223,410224,1,0
410223,410223,410224,1,0
410223,410223,410225,2,0
410223,410223,410224,1,0
410223,410223,410224,1,0
410223,410223,410225,2,0
410223,410223,410224,1,0
410223,410223,410225,2,0
410223,410223,410225,2,0
410223,410223,410224,1,0
410223,410223,410225,2,0
410223,410223,410224,1,0
410223,410223,410225,2,0
410223,410223,410224,1,0
410223,410223,410225,2,0
410223,410223,410225,2,0
410223,410223,410225,2,0
410223,410223,410225,2,0
410223,410223,410225,2,0
410223,410223,410229,6,0
410223,410223,410229,6,0
410223,410223,410229,6,0
410142,410142,410234,92,0
410234,410234,410235,1,0
410234,410234,410235,1,0
410234,410234,410236,2,0
410234,410234,410235,1,0
410234,410234,410236,2,0
410234,410234,410236,2,0
410234,410234,410236,2,0
410234,410234,410236,2,0
410234,410234,410235,1,0
410234,410234,410236,2,0
410234,410234,410236,2,0
410234,410234,410236,2,0
410234,410234,410236,2,0
410234,410234,410236,2,0
410234,410234,410235,1,0
410234,410234,410236,2,0
410234,410234,410236,2,0
410234,410234,410238,4,0
410234,410234,410242,8,0
410122,410122,410244,122,0
410234,410235,410244,9,1
410234,410235,410244,9,1
410234,410235,410244,9,1
410130,410130,410249,119,0
410248,410248,410249,1,0
410248,410248,410249,1,0
410248,410248,410250,2,0
410248,410248,410250,2,0
410248,410248,410249,1,0
410248,410248,410250,2,0
410248,410248,410249,1,0
410248,410248,410250,2,0
410248,410248,410250,2,0
410248,410248,410249,1,0
410248,410248,410250,2,0
410248,410248,410249,1,0
410248,410248,410250,2,0
410248,410248,410251,3,0
410248,410248,410250,2,0
410248,410248,410250,2,0
410250,410250,410252,2,0
410250,410250,410252,2,0
410250,410251,410252,1,1
410250,410250,410252,2,0
410250,410250,410252,2,0
410250,410250,410252,2,0
410250,410251,410252,1,1
410250,410250,410252,2,0
410250,410250,410252,2,0
410250,410251,410252,1,1
410250,410250,410252,2,0
410250,410251,410252,1,1
410248,410248,410252,4,0
410248,410248,410252,4,0
410248,410248,410252,4,0
410250,410251,410252,1,1
410250,410251,410253,2,1
410250,410251,410253,2,1
410250,410251,410253,2,1
410250,410251,410253,2,1
410250,410251,410253,2,1
410250,410250,410253,3,0
410250,410251,410254,3,1
410248,410248,410255,7,0
410248,410248,410254,6,0
410248,410248,410254,6,0
410250,410251,410256,5,1
410250,410251,410255,4,1
410116,410116,410258,142,0
410260,410260,410261,1,0
410260,410260,410262,2,0
410260,410260,410262,2,0
410260,410260,410262,2,0
410260,410260,410262,2,0
410260,410260,410262,2,0
410260,410260,410262,2,0
410260,410260,410262,2,0
410260,410260,410262,2,0
410260,410260,410262,2,0
410260,410260,410262,2,0
410260,410260,410262,2,0
410260,410260,410262,2,0
410260,410260,410262,2,0
410260,410260,410263,3,0
410260,410260,410262,2,0
410260,410260,410263,3,0
410260,410260,410263,3,0
410260,410264,410266,2,4
410151,410152,410268,116,1
410269,410269,410270,1,0
410269,410269,410270,1,0
410269,410269,410270,1,0
410269,410269,410270,1,0
410269,410269,410270,1,0
410269,410269,410270,1,0
410269,410269,410271,2,0
410269,410269,410270,1,0
410269,410269,410271,2,0
410269,410269,410271,2,0
410269,410269,410270,1,0
410269,410269,410271,2,0
410269,410269,410270,1,0
410269,410269,410271,2,0
410269,410269,410271,2,0
410269,410269,410270,1,0
410269,410269,410271,2,0
410269,410269,410271,2,0
410260,410260,410272,12,0
410260,410260,410272,12,0
410260,410260,410272,12,0
410269,410269,410273,4,0
410188,410188,410275,87,0
410172,410172,410276,104,0
410277,410277,410278,1,0
410277,410277,410278,1,0
410277,410277,410278,1,0
410277,410277,410278,1,0
410277,410277,410278,1,0
410277,410277,410279,2,0
410277,410277,410279,2,0
410277,410277,410278,1,0
410277,410277,410278,1,0
410277,410277,410279,2,0
410277,410277,410279,2,0
410277,410277,410278,1,0
410277,410277,410279,2,0
410277,410277,410279,2,0
410277,410277,410279,2,0
410277,410277,410278,1,0
410269,410269,410278,9,0
410269,410269,410278,9,0
410269,410269,410279,10,0
410277,410277,410279,2,0
410277,410279,410281,2,2
410279,410280,410281,1,1
410279,410280,410281,1,1
410279,410280,410281,1,1
410279,410280,410281,1,1
410279,410280,410281,1,1
410279,410280,410281,1,1
410279,410280,410281,1,1
410279,410280,410281,1,1
410279,410280,410281,1,1
410279,410280,410281,1,1
410279,410280,410281,1,1
410279,410280,410281,1,1
410279,410280,410281,1,1
410279,410280,410281,1,1
410279,410280,410281,1,1
410277,410279,410281,2,2
410277,410279,410281,2,2
410279,410280,410281,1,1
410279,410280,410281,1,1
410279,410280,410281,1,1
410279,410280,410281,1,1
410277,410277,410282,5,0
410277,410277,410282,5,0
410279,410280,410284,4,1
410279,410280,410284,4,1
410193,410194,410294,100,1
410202,410202,410294,92,0
410297,410297,410298,1,0
410296,410297,410298,1,1
410297,410297,410298,1,0
410297,410297,410299,2,0
410296,410297,410299,2,1
410296,410297,410298,1,1
410297,410297,410299,2,0
410297,410297,410299,2,0
410296,410297,410299,2,1
410296,410297,410298,1,1
410296,410297,410298,1,1
410297,410297,410298,1,0
410297,410297,410298,1,0
410296,410297,410299,2,1
410296,410297,410298,1,1
410297,410297,410299,2,0
410297,410297,410299,2,0
410296,410297,410298,1,1
410296,410297,410299,2,1
410296,410297,410298,1,1
410297,410297,410299,2,0
410297,410297,410299,2,0
410296,410297,410298,1,1
410296,410297,410298,1,1
410297,410297,410299,2,0
410297,410297,410298,1,0
410296,410297,410299,2,1
410296,410297,410298,1,1
410297,410297,410299,2,0
410297,410297,410299,2,0
410297,410297,410298,1,0
410296,410297,410298,1,1
410296,410297,410299,2,1
410296,410297,410299,2,1
410297,410297,410299,2,0
410296,410297,410298,1,1
410296,410297,410299,2,1
410297,410297,410299,2,0
410297,410297,410299,2,0
410297,410297,410298,1,0
410296,410297,410299,2,1
410296,410297,410299,2,1
410297,410297,410299,2,0
410297,410297,410300,3,0
410164,410164,410304,140,0
410216,410217,410307,90,1
410305,410306,410307,1,1
410305,410306,410307,1,1
410305,410306,410307,1,1
410305,410306,410307,1,1
410305,410306,410307,1,1
410305,410306,410307,1,1
410305,410306,410307,1,1
410305,410306,410307,1,1
410305,410306,410307,1,1
410305,410306,410307,1,1
410305,410306,410307,1,1
410305,410306,410308,2,1
410305,410306,410308,2,1
410305,410306,410307,1,1
410305,410306,410307,1,1
410305,410306,410307,1,1
410305,410306,410307,1,1
410305,410306,410307,1,1
410305,410306,410307,1,1
410308,410308,410310,2,0
410308,410308,410309,1,0
410308,410308,410309,1,0
410308,410308,410309,1,0
410308,410308,410310,2,0
410308,410308,410310,2,0
410308,410308,410309,1,0
410308,410308,410309,1,0
410308,410308,410310,2,0
410308,410308,410310,2,0
410308,410308,410310,2,0
410308,410308,410310,2,0
410308,410308,410309,1,0
410308,410308,410310,2,0
410308,410308,410310,2,0
410308,410308,410309,1,0
410308,410308,410310,2,0
410308,410308,410310,2,0
410308,410308,410310,2,0
410308,410308,410310,2,0
410305,410306,410312,6,1
410305,410306,410313,7,1
410305,410306,410313,7,1
410308,410308,410314,6,0
410308,410308,410314,6,0
410178,410178,410332,154,0
410333,410333,410334,1,0
410333,410333,410334,1,0
410333,410333,410334,1,0
410333,410333,410334,1,0
410333,410333,410334,1,0
410333,410333,410334,1,0
410333,410333,410334,1,0
410333,410333,410335,2,0
410333,410333,410335,2,0
410333,410333,410334,1,0
410333,410333,410335,2,0
410333,410333,410334,1,0
410333,410333,410335,2,0
410333,410333,410334,1,0
410333,410333,410335,2,0
410333,410333,410334,1,0
410333,410333,410335,2,0
410333,410333,410334,1,0
410333,410333,410335,2,0
410333,410333,410335,2,0
410333,410333,410335,2,0
410333,410333,410336,3,0
410243,410244,410337,93,1
410340,410340,410342,2,0
410340,410340,410342,2,0
410340,410340,410342,2,0
410340,410340,410342,2,0
410340,410340,410342,2,0
410340,410340,410342,2,0
410340,410340,410342,2,0
410340,410340,410342,2,0
410340,410340,410342,2,0
410340,410340,410341,1,0
410340,410340,410342,2,0
410340,410340,410342,2,0
410340,410340,410342,2,0
410340,410340,410342,2,0
410340,410340,410342,2,0
410340,410340,410341,1,0
410340,410340,410342,2,0
410340,410340,410342,2,0
410340,410340,410342,2,0
410241,410242,410343,101,1
410180,410180,410345,165,0
410344,410344,410345,1,0
410344,410344,410345,1,0
410344,410344,410345,1,0
410344,410344,410345,1,0
410344,410344,410346,2,0
410344,410344,410346,2,0
410344,410344,410346,2,0
410344,410344,410346,2,0
410344,410344,410346,2,0
410340,410340,410345,5,0
410340,410340,410345,5,0
410340,410340,410345,5,0
410344,410344,410346,2,0
410344,410344,410346,2,0
410344,410344,410346,2,0
410344,410344,410346,2,0
410344,410344,410346,2,0
410346,410346,410347,1,0
410344,410344,410346,2,0
410344,410344,410346,2,0
410344,410344,410347,3,0
410344,410345,410346,1,1
410344,410345,410346,1,1
410346,410346,410348,2,0
410346,410346,410347,1,0
410346,410346,410347,1,0
410346,410346,410347,1,0
410346,410346,410347,1,0
410346,410346,410348,2,0
410346,410346,410348,2,0
410346,410346,410348,2,0
410346,410346,410347,1,0
410346,410346,410348,2,0
410346,410346,410348,2,0
410346,410346,410348,2,0
410346,410346,410348,2,0
410346,410346,410348,2,0
410346,410346,410348,2,0
410344,410344,410346,2,0
410346,410346,410348,2,0
410346,410346,410348,2,0
410346,410349,410351,2,3
410196,410196,410352,156,0
410232,410233,410352,119,1
410344,410345,410352,7,1
410346,410346,410352,6,0
410346,410346,410352,6,0
410210,410210,410353,143,0
410344,410344,410353,9,0
410346,410346,410353,7,0
410354,410354,410356,2,0
410354,410354,410356,2,0
410354,410354,410356,2,0
410354,410354,410356,2,0
410354,410354,410356,2,0
410354,410354,410356,2,0
410354,410354,410356,2,0
410354,410354,410356,2,0
410354,410354,410356,2,0
410354,410354,410356,2,0
410354,410354,410356,2,0
410354,410354,410356,2,0
410354,410354,410356,2,0
410354,410354,410356,2,0
410354,410354,410356,2,0
410354,410354,410356,2,0
410354,410354,410356,2,0
410354,410354,410356,2,0
410354,410354,410356,2,0
410354,410354,410356,2,0
410354,410354,410356,2,0
410354,410354,410356,2,0
410354,410354,410356,2,0
410354,410354,410357,3,0
410354,410354,410356,2,0
410354,410354,410356,2,0
410354,410354,410357,3,0
410354,410354,410357,3,0
410354,410354,410357,3,0
410354,410354,410357,3,0
410354,410354,410357,3,0
410354,410356,410358,2,2
410354,410354,410358,4,0
410354,410354,410358,4,0
410354,410354,410359,5,0
410235,410235,410359,124,0
410354,410356,410358,2,2
410354,410357,410358,1,3
410358,410358,410359,1,0
410354,410354,410359,5,0
410354,410355,410359,4,1
410358,410358,410360,2,0
410358,410358,410360,2,0
410358,410358,410360,2,0
410358,410358,410359,1,0
410358,410358,410360,2,0
410358,410358,410360,2,0
410358,410358,410359,1,0
410358,410358,410360,2,0
410358,410358,410360,2,0
410358,410358,410359,1,0
410358,410358,410359,1,0
410358,410358,410360,2,0
410358,410358,410360,2,0
410358,410358,410360,2,0
410358,410358,410360,2,0
410358,410358,410360,2,0
410358,410358,410360,2,0
410358,410359,410360,1,1
410358,410358,410360,2,0
410223,410224,410360,136,1
410354,410354,410361,7,0
410354,410354,410361,7,0
410354,410354,410361,7,0
410354,410354,410361,7,0
410354,410354,410361,7,0
410358,410358,410362,4,0
410361,410361,410363,2,0
410361,410361,410362,1,0
410361,410361,410362,1,0
410361,410361,410362,1,0
410361,410361,410363,2,0
410361,410361,410363,2,0
410361,410361,410363,2,0
410361,410361,410362,1,0
410361,410361,410363,2,0
410361,410361,410363,2,0
410361,410361,410363,2,0
410361,410361,410363,2,0
410361,410361,410363,2,0
410361,410361,410363,2,0
410361,410361,410363,2,0
410361,410361,410363,2,0
410361,410361,410363,2,0
410361,410361,410364,3,0
410361,410361,410363,2,0
410358,410359,410363,4,1
410280,410281,410367,86,1
410361,410361,410366,5,0
410239,410240,410368,128,1
410270,410270,410368,98,0
410367,410367,410368,1,0
410367,410367,410368,1,0
410367,410367,410368,1,0
410367,410367,410368,1,0
410361,410361,410368,7,0
410361,410361,410367,6,0
410367,410367,410369,2,0
410367,410367,410369,2,0
410367,410367,410369,2,0
410367,410367,410369,2,0
410367,410367,410369,2,0
410367,410367,410369,2,0
410367,410367,410369,2,0
410367,410367,410369,2,0
410367,410367,410369,2,0
410367,410367,410368,1,0
410367,410367,410369,2,0
410367,410367,410369,2,0
410367,410367,410369,2,0
410367,410367,410369,2,0
410367,410367,410369,2,0
410367,410367,410369,2,0
410367,410367,410369,2,0
410367,410367,410369,2,0
410367,410367,410369,2,0
410367,410367,410369,2,0
410367,410367,410369,2,0
410367,410367,410369,2,0
410367,410367,410369,2,0
410367,410367,410369,2,0
410367,410367,410369,2,0
410367,410367,410369,2,0
410367,410367,410369,2,0
410367,410367,410369,2,0
410367,410367,410369,2,0
410367,410367,410369,2,0
410367,410367,410369,2,0
410367,410367,410369,2,0
410367,410367,410371,4,0
410263,410263,410370,107,0
410370,410370,410372,2,0
410370,410370,410372,2,0
410370,410370,410372,2,0
410370,410370,410372,2,0
410370,410370,410372,2,0
410370,410370,410372,2,0
410370,410370,410372,2,0
410370,410370,410372,2,0
410370,410370,410372,2,0
410370,410370,410372,2,0
410370,410370,410372,2,0
410370,410370,410372,2,0
410370,410370,410372,2,0
410370,410370,410373,3,0
410370,410370,410373,3,0
410370,410370,410373,3,0
410370,410370,410373,3,0
410370,410370,410373,3,0
410370,410370,410373,3,0
410370,410370,410374,4,0
410370,410370,410374,4,0
410370,410370,410374,4,0
410370,410370,410373,3,0
410370,410370,410373,3,0
410370,410370,410373,3,0
410370,410370,410373,3,0
410370,410370,410373,3,0
410370,410370,410373,3,0
410370,410370,410373,3,0
410370,410370,410374,4,0
410370,410370,410373,3,0
410370,410370,410373,3,0
410370,410370,410373,3,0
410370,410370,410373,3,0
410370,410370,410373,3,0
410370,410370,410374,4,0
410370,410370,410374,4,0
410370,410370,410374,4,0
410370,410370,410374,4,0
410370,410370,410374,4,0
410370,410370,410374,4,0
410370,410370,410374,4,0
410374,410374,410376,2,0
410374,410374,410376,2,0
410374,410374,410376,2,0
410374,410374,410376,2,0
410374,410374,410376,2,0
410374,410374,410376,2,0
410374,410374,410376,2,0
410374,410374,410376,2,0
410374,410374,410376,2,0
410367,410367,410376,9,0
410367,410367,410376,9,0
410367,410367,410376,9,0
410367,410367,410376,9,0
410367,410367,410376,9,0
410367,410367,410376,9,0
410374,410374,410376,2,0
410374,410374,410376,2,0
410374,410374,410376,2,0
410374,410374,410376,2,0
410374,410374,410376,2,0
410374,410374,410376,2,0
410374,410374,410376,2,0
410367,410367,410372,5,0
410370,410370,410374,4,0
410370,410370,410373,3,0
410374,410374,410377,3,0
410374,410374,410376,2,0
410374,410374,410376,2,0
410374,410374,410376,2,0
410374,410374,410376,2,0
410374,410374,410376,2,0
386952,399243,410382,11139,12291
410250,410250,410393,143,0
410252,410253,410396,143,1
410395,410395,410396,1,0
410395,410395,410396,1,0
410395,410395,410396,1,0
410395,410395,410396,1,0
410395,410395,410396,1,0
410395,410395,410396,1,0
410395,410395,410396,1,0
410395,410395,410396,1,0
410395,410395,410397,2,0
410395,410395,410397,2,0
410395,410395,410396,1,0
410395,410395,410396,1,0
410395,410395,410396,1,0
410395,410395,410396,1,0
410395,410395,410397,2,0
410395,410395,410397,2,0
410397,410397,410399,2,0
410397,410397,410398,1,0
410397,410397,410399,2,0
410397,410397,410398,1,0
410397,410397,410398,1,0
410397,410397,410399,2,0
410397,410397,410399,2,0
410397,410397,410399,2,0
410397,410397,410398,1,0
410397,410397,410399,2,0
410397,410397,410398,1,0
410397,410397,410398,1,0
410397,410397,410398,1,0
410397,410397,410399,2,0
410397,410397,410399,2,0
410397,410397,410399,2,0
410397,410397,410399,2,0
410397,410397,410398,1,0
410395,410395,410399,4,0
410397,410397,410400,3,0
410397,410397,410399,2,0
410298,410298,410400,102,0
410395,410395,410402,7,0
410395,410395,410402,7,0
410402,410403,410404,1,1
410402,410403,410404,1,1
410402,410403,410404,1,1
410402,410403,410404,1,1
410402,410403,410404,1,1
410402,410403,410404,1,1
410402,410403,410405,2,1
410402,410403,410405,2,1
410402,410403,410404,1,1
410402,410403,410405,2,1
410402,410403,410404,1,1
410402,410403,410405,2,1
410402,410403,410405,2,1
410402,410403,410405,2,1
410402,410403,410405,2,1
410302,410302,410407,105,0
410307,410307,410407,100,0
410397,410397,410407,10,0
410395,410395,410409,14,0
410402,410403,410409,6,1
410402,410403,410409,6,1
410408,410408,410410,2,0
410408,410408,410410,2,0
410408,410408,410410,2,0
410408,410408,410410,2,0
410408,410408,410410,2,0
410408,410408,410410,2,0
410408,410408,410410,2,0
410408,410408,410410,2,0
410408,410408,410409,1,0
410408,410408,410410,2,0
410408,410408,410410,2,0
410408,410408,410410,2,0
410408,410408,410410,2,0
410395,410395,410410,15,0
410395,410395,410410,15,0
410397,410397,410410,13,0
410402,410403,410410,7,1
410402,410403,410410,7,1
410408,410408,410410,2,0
410408,410408,410410,2,0
410408,410408,410410,2,0
410408,410408,410412,4,0
410408,410408,410412,4,0
410402,410403,410412,9,1
410402,410403,410412,9,1
410402,410403,410412,9,1
410412,410412,410414,2,0
410412,410412,410414,2,0
410412,410412,410414,2,0
410412,410412,410415,3,0
410412,410412,410415,3,0
410412,410413,410414,1,1
410412,410412,410414,2,0
410412,410412,410415,3,0
410412,410412,410415,3,0
410412,410412,410415,3,0
410412,410412,410414,2,0
410412,410412,410415,3,0
410412,410412,410415,3,0
410412,410413,410415,2,1
410412,410412,410415,3,0
410408,410408,410415,7,0
410408,410408,410416,8,0
410408,410408,410416,8,0
410408,410408,410415,7,0
410412,410412,410417,5,0
410412,410412,410417,5,0
410412,410412,410416,4,0
410309,410310,410418,108,1
410284,410284,410419,135,0
410420,410420,410421,1,0
410420,410420,410422,2,0
410420,410420,410422,2,0
410420,410420,410421,1,0
410420,410420,410422,2,0
410420,410420,410422,2,0
410420,410420,410421,1,0
410420,410420,410422,2,0
410420,410420,410422,2,0
410420,410420,410422,2,0
410420,410420,410422,2,0
410420,410420,410421,1,0
410420,410420,410422,2,0
410420,410420,410422,2,0
410420,410420,410422,2,0
410420,410420,410422,2,0
410420,410420,410422,2,0
410420,410420,410422,2,0
410420,410420,410422,2,0
410420,410420,410423,3,0
410420,410420,410423,3,0
410412,410412,410424,12,0
410412,410413,410424,11,1
410423,410423,410424,1,0
410423,410423,410425,2,0
410423,410423,410424,1,0
410412,410419,410424,5,7
410412,410419,410424,5,7
410420,410420,410425,5,0
410423,410423,410425,2,0
410423,410423,410425,2,0
410423,410423,410424,1,0
410423,410423,410425,2,0
410423,410423,410425,2,0
410423,410423,410424,1,0
410423,410423,410424,1,0
410423,410423,410425,2,0
410423,410423,410425,2,0
410423,410423,410425,2,0
410423,410423,410424,1,0
410423,410423,410424,1,0
410423,410423,410425,2,0
410423,410423,410425,2,0
410423,410423,410424,1,0
410423,410423,410430,7,0
410423,410423,410430,7,0
410423,410423,410430,7,0
410423,410423,410431,8,0
410343,410343,410437,94,0
410438,410438,410440,2,0
410438,410438,410440,2,0
410438,410438,410440,2,0
410438,410438,410440,2,0
410438,410438,410440,2,0
410438,410438,410440,2,0
410438,410438,410440,2,0
410438,410438,410440,2,0
410438,410438,410440,2,0
410438,410438,410440,2,0
410438,410438,410440,2,0
410438,410438,410440,2,0
410438,410438,410440,2,0
410438,410438,410440,2,0
410438,410438,410440,2,0
410438,410438,410440,2,0
410438,410439,410441,2,1
410438,410438,410441,3,0
410438,410438,410440,2,0
410438,410439,410441,2,1
410438,410439,410442,3,1
410438,410439,410442,3,1
410335,410335,410454,119,0
410348,410348,410454,106,0
410455,410456,410457,1,1
410455,410456,410457,1,1
410455,410456,410457,1,1
410455,410456,410457,1,1
410455,410456,410457,1,1
410455,410456,410457,1,1
410455,410456,410457,1,1
410455,410456,410457,1,1
410455,410456,410457,1,1
410455,410456,410458,2,1
410455,410455,410457,2,0
410455,410456,410457,1,1
410455,410456,410457,1,1
410455,410456,410457,1,1
410455,410456,410458,2,1
410455,410456,410457,1,1
410455,410456,410457,1,1
410455,410456,410457,1,1
410455,410456,410458,2,1
410455,410456,410457,1,1
410455,410456,410457,1,1
410455,410456,410458,2,1
410458,410459,410460,1,1
410458,410459,410460,1,1
410458,410459,410460,1,1
410458,410459,410460,1,1
410458,410459,410460,1,1
410458,410459,410460,1,1
410458,410459,410460,1,1
410458,410459,410461,2,1
410458,410459,410460,1,1
410458,410459,410460,1,1
410458,410459,410461,2,1
410458,410459,410461,2,1
410458,410459,410460,1,1
410458,410459,410460,1,1
410458,410459,410461,2,1
410458,410459,410461,2,1
410458,410459,410461,2,1
410458,410459,410461,2,1
410458,410459,410461,2,1
410458,410459,410461,2,1
410458,410459,410461,2,1
410458,410459,410461,2,1
410359,410360,410477,117,1
410372,410377,410477,100,5
410478,410478,410479,1,0
386947,386947,410479,23532,0
410478,410478,410480,2,0
410478,410478,410480,2,0
410478,410478,410480,2,0
410478,410478,410480,2,0
410478,410478,410480,2,0
410478,410478,410480,2,0
410478,410478,410480,2,0
410478,410478,410480,2,0
410478,410478,410480,2,0
410478,410478,410480,2,0
410478,410478,410480,2,0
410478,410478,410480,2,0
410478,410478,410480,2,0
410478,410478,410480,2,0
410478,410478,410480,2,0
410478,410478,410480,2,0
410478,410478,410480,2,0
410478,410478,410480,2,0
410478,410478,410480,2,0
410478,410478,410480,2,0
410478,410478,410480,2,0
410478,410478,410480,2,0
410478,410478,410480,2,0
410478,410478,410480,2,0
410478,410478,410480,2,0
410478,410478,410480,2,0
410478,410478,410480,2,0
410478,410478,410480,2,0
410478,410478,410480,2,0
410478,410478,410480,2,0
410478,410478,410480,2,0
410478,410478,410480,2,0
410478,410478,410480,2,0
410478,410478,410481,3,0
410478,410478,410480,2,0
410478,410478,410480,2,0
410478,410478,410481,3,0
410478,410478,410480,2,0
410478,410478,410480,2,0
410478,410481,410482,1,3
410478,410481,410482,1,3
410478,410481,410482,1,3
410478,410481,410483,2,3
410351,410351,410490,139,0
410491,410491,410492,1,0
410491,410491,410492,1,0
410491,410491,410493,2,0
410491,410491,410492,1,0
410491,410491,410493,2,0
410491,410491,410493,2,0
410491,410491,410493,2,0
410491,410491,410493,2,0
410491,410491,410493,2,0
410491,410491,410492,1,0
410491,410491,410493,2,0
410491,410491,410493,2,0
410491,410491,410492,1,0
410491,410491,410492,1,0
410491,410491,410493,2,0
410491,410491,410493,2,0
410491,410491,410492,1,0
410491,410491,410493,2,0
410491,410491,410493,2,0
410491,410491,410493,2,0
410491,410491,410493,2,0
410491,410491,410493,2,0
410363,410364,410501,137,1
410402,410402,410503,101,0
410399,410399,410503,104,0
410504,410504,410506,2,0
410504,410504,410506,2,0
410504,410504,410506,2,0
410504,410504,410506,2,0
410504,410504,410506,2,0
410504,410504,410506,2,0
410504,410504,410506,2,0
410504,410504,410506,2,0
410504,410504,410506,2,0
410505,410505,410506,1,0
410504,410504,410506,2,0
410504,410504,410506,2,0
410504,410504,410506,2,0
410504,410504,410506,2,0
410504,410504,410506,2,0
410504,410504,410506,2,0
410504,410504,410506,2,0
410405,410405,410506,101,0
410504,410504,410506,2,0
410505,410505,410506,1,0
410504,410504,410506,2,0
410504,410504,410506,2,0
410505,410505,410507,2,0
410504,410504,410506,2,0
410505,410505,410506,1,0
410505,410505,410506,1,0
410505,410505,410506,1,0
410505,410505,410506,1,0
410505,410505,410507,2,0
410505,410505,410506,1,0
410504,410504,410506,2,0
410505,410505,410506,1,0
410505,410505,410506,1,0
410504,410504,410506,2,0
410505,410505,410507,2,0
410505,410505,410506,1,0
410505,410505,410507,2,0
410505,410505,410507,2,0
410505,410505,410507,2,0
410505,410505,410506,1,0
410505,410505,410507,2,0
410507,410507,410508,1,0
410505,410505,410507,2,0
410505,410505,410507,2,0
410505,410505,410507,2,0
410507,410507,410508,1,0
410505,410505,410507,2,0
410507,410507,410509,2,0
410507,410507,410508,1,0
410507,410507,410508,1,0
410507,410507,410508,1,0
410507,410507,410509,2,0
410507,410507,410509,2,0
410507,410507,410508,1,0
410507,410507,410509,2,0
410507,410507,410508,1,0
410507,410507,410508,1,0
410507,410507,410508,1,0
410507,410507,410509,2,0
410507,410507,410509,2,0
410507,410507,410509,2,0
410507,410507,410509,2,0
410507,410507,410508,1,0
410507,410507,410508,1,0
410507,410507,410508,1,0
410507,410507,410509,2,0
410507,410507,410508,1,0
410376,410376,410510,134,0
410509,410510,410511,1,1
410509,410510,410511,1,1
410509,410510,410511,1,1
410509,410510,410511,1,1
410509,410510,410511,1,1
410509,410510,410511,1,1
410509,410510,410512,2,1
410509,410510,410511,1,1
410509,410510,410511,1,1
410509,410510,410511,1,1
410509,410510,410511,1,1
410509,410510,410512,2,1
410509,410510,410511,1,1
410509,410510,410512,2,1
410509,410510,410511,1,1
410509,410510,410511,1,1
410509,410510,410511,1,1
410509,410510,410512,2,1
410509,410510,410511,1,1
410512,410512,410514,2,0
410512,410512,410514,2,0
410512,410512,410514,2,0
410512,410512,410514,2,0
410512,410512,410514,2,0
410512,410512,410514,2,0
410512,410512,410514,2,0
410512,410512,410514,2,0
410512,410512,410514,2,0
410512,410512,410514,2,0
410512,410512,410514,2,0
410512,410512,410514,2,0
410512,410512,410514,2,0
410512,410512,410514,2,0
410512,410512,410514,2,0
410512,410512,410514,2,0
410512,410512,410514,2,0
410512,410512,410514,2,0
410509,410510,410516,6,1
410509,410510,410517,7,1
410509,410510,410516,6,1
410384,410384,410516,132,0
410390,410390,410516,126,0
410512,410512,410517,5,0
410512,410512,410518,6,0
410512,410512,410517,5,0
410512,410512,410519,7,0
410414,410419,410519,100,5
410424,410424,410520,96,0
410521,410522,410523,1,1
410521,410521,410523,2,0
410521,410521,410523,2,0
410521,410521,410523,2,0
410521,410521,410522,1,0
410521,410521,410522,1,0
410521,410521,410523,2,0
410521,410522,410523,1,1
410521,410521,410523,2,0
410521,410521,410523,2,0
410521,410521,410523,2,0
410521,410521,410523,2,0
410521,410522,410523,1,1
410521,410521,410523,2,0
410521,410522,410523,1,1
410521,410521,410523,2,0
410521,410521,410523,2,0
410521,410522,410523,1,1
410521,410521,410523,2,0
410521,410521,410523,2,0
410521,410521,410523,2,0
410521,410522,410523,1,1
410521,410523,410524,1,2
410521,410521,410523,2,0
410521,410521,410523,2,0
410521,410521,410523,2,0
410521,410521,410523,2,0
410521,410521,410523,2,0
410521,410522,410523,1,1
410521,410522,410523,1,1
410521,410522,410523,1,1
410521,410522,410523,1,1
410521,410521,410523,2,0
410521,410521,410523,2,0
410521,410521,410523,2,0
410521,410521,410523,2,0
410521,410521,410523,2,0
410521,410521,410523,2,0
410521,410522,410524,2,1
410521,410522,410523,1,1
410521,410521,410523,2,0
410521,410521,410524,3,0
410521,410521,410523,2,0
410521,410522,410523,1,1
410521,410522,410523,1,1
410521,410522,410523,1,1
410521,410521,410523,2,0
410521,410521,410523,2,0
410521,410521,410523,2,0
410521,410521,410523,2,0
410521,410521,410523,2,0
410521,410522,410523,1,1
410521,410522,410523,1,1
410521,410522,410524,2,1
410521,410522,410524,2,1
410521,410522,410524,2,1
410521,410522,410524,2,1
410521,410523,410524,1,2
410521,410523,410524,1,2
410521,410523,410524,1,2
410521,410523,410524,1,2
410521,410523,410525,2,2
410521,410523,410525,2,2
410521,410523,410525,2,2
410521,410521,410524,3,0
410521,410522,410524,2,1
410521,410521,410524,3,0
410521,410523,410525,2,2
410521,410524,410526,2,3
410521,410524,410526,2,3
410521,410524,410526,2,3
410521,410524,410525,1,3
410521,410524,410525,1,3
410521,410524,410526,2,3
410521,410524,410526,2,3
410521,410524,410526,2,3
410521,410524,410526,2,3
410521,410524,410526,2,3
410521,410524,410526,2,3
410521,410524,410526,2,3
410521,410524,410526,2,3
410521,410524,410526,2,3
410422,410422,410527,105,0
410521,410521,410528,7,0
410521,410522,410528,6,1
410521,410522,410528,6,1
410521,410522,410529,7,1
410521,410522,410529,7,1
410521,410521,410529,8,0
410380,410380,410529,149,0
410386,410390,410529,139,4
410530,410530,410531,1,0
410530,410530,410531,1,0
410530,410530,410531,1,0
410530,410530,410531,1,0
410530,410530,410531,1,0
410530,410530,410532,2,0
410530,410530,410531,1,0
410530,410530,410531,1,0
410530,410530,410532,2,0
410530,410530,410531,1,0
410530,410530,410531,1,0
410530,410530,410531,1,0
410530,410530,410531,1,0
410392,410393,410531,138,1
410410,410411,410532,121,1
386947,386947,410532,23585,0
410530,410530,410532,2,0
410530,410530,410532,2,0
410530,410530,410532,2,0
410534,410534,410536,2,0
410534,410534,410536,2,0
410534,410534,410536,2,0
410534,410534,410536,2,0
410534,410534,410536,2,0
410534,410534,410536,2,0
410534,410534,410536,2,0
410534,410534,410536,2,0
410530,410534,410537,3,4
410530,410534,410536,2,4
410534,410534,410537,3,0
410534,410534,410537,3,0
410534,410535,410537,2,1
410534,410534,410537,3,0
410534,410534,410537,3,0
410534,410534,410538,4,0
410534,410534,410538,4,0
410534,410534,410537,3,0
410534,410534,410538,4,0
410534,410535,410537,2,1
410534,410534,410538,4,0
410534,410534,410538,4,0
410534,410534,410537,3,0
410534,410534,410538,4,0
410534,410534,410538,4,0
410534,410534,410538,4,0
410534,410534,410538,4,0
410534,410534,410537,3,0
410534,410534,410538,4,0
410534,410534,410538,4,0
410534,410535,410537,2,1
410534,410534,410538,4,0
410534,410534,410538,4,0
410534,410534,410538,4,0
410534,410534,410538,4,0
410534,410534,410537,3,0
410534,410534,410538,4,0
410534,410534,410538,4,0
410534,410534,410538,4,0
410530,410530,410538,8,0
410530,410530,410538,8,0
410530,410530,410538,8,0
410530,410530,410538,8,0
410534,410534,410538,4,0
410534,410534,410538,4,0
410534,410534,410538,4,0
410534,410534,410540,6,0
410540,410540,410542,2,0
410540,410540,410542,2,0
410540,410540,410542,2,0
410540,410540,410541,1,0
410540,410540,410541,1,0
410540,410540,410541,1,0
410540,410540,410541,1,0
410540,410540,410542,2,0
410540,410540,410542,2,0
410540,410540,410541,1,0
410439,410440,410541,101,1
410540,410540,410542,2,0
410534,410534,410543,9,0
410540,410540,410543,3,0
410540,410540,410542,2,0
410540,410540,410542,2,0
410540,410541,410543,2,1
410540,410541,410543,2,1
410540,410540,410543,3,0
410534,410534,410543,9,0
410534,410535,410543,8,1
410540,410540,410545,5,0
410540,410540,410546,6,0
410540,410541,410543,2,1
410540,410541,410543,2,1
410540,410540,410547,7,0
410547,410547,410548,1,0
410547,410547,410548,1,0
410547,410547,410549,2,0
410547,410547,410549,2,0
410547,410547,410549,2,0
410547,410547,410549,2,0
410547,410547,410549,2,0
410547,410547,410548,1,0
410547,410547,410549,2,0
410547,410547,410549,2,0
410547,410547,410549,2,0
410547,410547,410549,2,0
410547,410547,410549,2,0
410547,410547,410549,2,0
410547,410547,410549,2,0
410547,410547,410549,2,0
410547,410547,410549,2,0
410547,410547,410550,3,0
410547,410547,410550,3,0
410550,410550,410551,1,0
410550,410550,410551,1,0
410550,410550,410551,1,0
410550,410550,410552,2,0
410550,410550,410551,1,0
410550,410550,410551,1,0
410550,410550,410552,2,0
410550,410550,410551,1,0
410460,410461,410552,91,1
410550,410550,410551,1,0
410550,410550,410551,1,0
410550,410550,410551,1,0
410550,410550,410551,1,0
410550,410550,410552,2,0
410550,410550,410552,2,0
410550,410550,410551,1,0
410550,410550,410553,3,0
410550,410550,410552,2,0
410550,410551,410553,2,1
410547,410548,410553,5,1
410547,410548,410555,7,1
410547,410548,410555,7,1
410550,410550,410555,5,0
410550,410550,410555,5,0
386935,386935,410557,23622,0
410553,410553,410558,5,0
410553,410554,410558,4,1
410553,410553,410558,5,0
410553,410554,410558,4,1
410553,410553,410558,5,0
410553,410553,410559,6,0
410553,410553,410558,5,0
410553,410554,410559,5,1
410553,410554,410559,5,1
410553,410553,410558,5,0
410458,410458,410559,101,0
410553,410553,410559,6,0
410553,410553,410558,5,0
410550,410550,410559,9,0
410553,410553,410559,6,0
410553,410553,410559,6,0
410553,410553,410559,6,0
410553,410553,410559,6,0
410553,410556,410559,3,3
410553,410556,410560,4,3
410553,410556,410560,4,3
410553,410556,410560,4,3
410560,410560,410561,1,0
410560,410560,410561,1,0
410560,410560,410561,1,0
410560,410560,410561,1,0
410560,410560,410561,1,0
410560,410560,410562,2,0
410560,410560,410562,2,0
410560,410560,410562,2,0
410560,410560,410562,2,0
410560,410560,410561,1,0
410560,410560,410562,2,0
410560,410560,410562,2,0
410560,410560,410562,2,0
410560,410560,410562,2,0
410560,410560,410562,2,0
410560,410560,410561,1,0
410560,410560,410562,2,0
410560,410560,410562,2,0
410560,410560,410561,1,0
410550,410550,410564,14,0
410560,410560,410569,9,0
410553,410554,410575,21,1
410553,410553,410576,23,0
410479,410480,410581,101,1
410560,410560,410581,21,0
410492,410492,410582,90,0
410560,410560,410583,23,0
410582,410583,410584,1,1
410582,410583,410584,1,1
410582,410583,410584,1,1
410582,410583,410584,1,1
410582,410583,410584,1,1
410582,410583,410584,1,1
410582,410583,410584,1,1
410582,410583,410584,1,1
410582,410583,410584,1,1
410582,410583,410584,1,1
410582,410583,410584,1,1
410582,410583,410584,1,1
410482,410482,410585,103,0
410588,410589,410590,1,1
410588,410589,410590,1,1
410588,410589,410590,1,1
410588,410589,410590,1,1
410588,410589,410590,1,1
410588,410589,410590,1,1
410588,410589,410590,1,1
410588,410589,410590,1,1
410588,410589,410590,1,1
410588,410589,410590,1,1
410588,410589,410590,1,1
410588,410589,410590,1,1
410588,410589,410590,1,1
410588,410589,410590,1,1
410588,410589,410590,1,1
410588,410589,410590,1,1
410588,410589,410590,1,1
410588,410589,410590,1,1
410582,410583,410590,7,1
410582,410583,410590,7,1
410582,410584,410591,7,2
410582,410584,410591,7,2
410590,410591,410592,1,1
410590,410591,410592,1,1
410588,410589,410591,2,1
410590,410591,410592,1,1
410590,410591,410592,1,1
410582,410583,410591,8,1
410582,410583,410591,8,1
410588,410589,410591,2,1
410590,410591,410593,2,1
410590,410591,410592,1,1
410590,410591,410593,2,1
410590,410591,410592,1,1
410590,410591,410592,1,1
410590,410591,410592,1,1
410590,410591,410592,1,1
410590,410591,410592,1,1
410590,410591,410592,1,1
410590,410591,410592,1,1
410590,410591,410592,1,1
410590,410591,410592,1,1
410590,410591,410592,1,1
410590,410591,410592,1,1
410590,410591,410592,1,1
410590,410591,410592,1,1
410590,410591,410593,2,1
410590,410591,410592,1,1
410582,410583,410593,10,1
410582,410583,410593,10,1
410582,410583,410593,10,1
410588,410589,410594,5,1
410588,410589,410595,6,1
410508,410508,410598,90,0
410513,410513,410600,87,0
410600,410600,410601,1,0
410600,410600,410601,1,0
410600,410600,410602,2,0
410600,410600,410602,2,0
410600,410600,410601,1,0
410600,410600,410601,1,0
410600,410600,410602,2,0
410600,410600,410601,1,0
410600,410600,410602,2,0
410600,410600,410602,2,0
410600,410600,410601,1,0
410600,410600,410602,2,0
410600,410600,410602,2,0
410600,410600,410602,2,0
410600,410600,410602,2,0
410600,410600,410601,1,0
410600,410600,410602,2,0
410602,410602,410603,1,0
410602,410602,410603,1,0
410602,410602,410603,1,0
410602,410602,410603,1,0
410602,410602,410604,2,0
410602,410602,410604,2,0
410602,410602,410603,1,0
410602,410602,410604,2,0
410602,410602,410604,2,0
410602,410602,410604,2,0
410602,410602,410604,2,0
410602,410602,410603,1,0
410602,410602,410604,2,0
410602,410602,410604,2,0
410602,410602,410603,1,0
410602,410602,410604,2,0
410602,410602,410603,1,0
410602,410602,410604,2,0
410602,410602,410604,2,0
410602,410602,410603,1,0
410510,410510,410606,96,0
410600,410600,410608,8,0
410600,410600,410608,8,0
410600,410601,410607,6,1
410602,410602,410608,6,0
410608,410608,410609,1,0
410602,410602,410609,7,0
410608,410608,410610,2,0
410608,410608,410610,2,0
410608,410608,410610,2,0
410608,410608,410610,2,0
410608,410608,410610,2,0
410608,410609,410610,1,1
410608,410608,410610,2,0
410608,410609,410610,1,1
410608,410608,410610,2,0
410608,410609,410610,1,1
410608,410608,410610,2,0
410608,410608,410610,2,0
410608,410609,410610,1,1
410600,410600,410610,10,0
410600,410601,410610,9,1
410516,410516,410612,96,0
410608,410609,410611,2,1
410608,410609,410612,3,1
410608,410608,410614,6,0
410608,410609,410614,5,1
410608,410609,410614,5,1
410608,410613,410615,2,5
410608,410613,410615,2,5
410608,410614,410615,1,6
410615,410615,410617,2,0
410615,410615,410616,1,0
410615,410615,410617,2,0
410615,410615,410616,1,0
410615,410615,410617,2,0
410615,410615,410616,1,0
410615,410615,410616,1,0
410615,410615,410617,2,0
410615,410615,410616,1,0
410615,410615,410617,2,0
410615,410615,410616,1,0
410615,410615,410617,2,0
410615,410615,410617,2,0
410615,410615,410616,1,0
410615,410615,410617,2,0
410615,410615,410617,2,0
410615,410615,410617,2,0
410615,410615,410618,3,0
410615,410615,410617,2,0
410523,410524,410622,98,1
410615,410615,410623,8,0
410615,410615,410623,8,0
410615,410615,410623,8,0
410626,410626,410627,1,0
410626,410626,410627,1,0
410626,410626,410628,2,0
410626,410626,410628,2,0
410626,410626,410628,2,0
410626,410626,410628,2,0
410626,410626,410628,2,0
410626,410626,410628,2,0
410626,410626,410627,1,0
410626,410626,410628,2,0
410626,410626,410628,2,0
410626,410626,410627,1,0
410626,410626,410628,2,0
410626,410626,410628,2,0
410626,410626,410627,1,0
410626,410627,410628,1,1
410626,410627,410628,1,1
410626,410626,410628,2,0
410626,410626,410628,2,0
410626,410626,410631,5,0
410626,410627,410631,4,1
410626,410627,410631,4,1
410530,410530,410638,108,0
410641,410641,410643,2,0
410641,410641,410643,2,0
410641,410641,410642,1,0
410641,410641,410643,2,0
410641,410641,410643,2,0
410641,410641,410643,2,0
410641,410641,410643,2,0
410641,410641,410642,1,0
410641,410641,410643,2,0
410641,410641,410643,2,0
410641,410641,410642,1,0
410641,410641,410642,1,0
410641,410641,410643,2,0
410641,410641,410643,2,0
410641,410641,410643,2,0
410641,410641,410643,2,0
410641,410641,410642,1,0
410641,410641,410643,2,0
410641,410641,410643,2,0
410641,410641,410645,4,0
410641,410641,410645,4,0
410641,410641,410644,3,0
386938,386938,410651,23713,0
410536,410536,410658,122,0
410661,410662,410663,1,1
410661,410662,410663,1,1
410661,410662,410663,1,1
410661,410662,410663,1,1
410661,410661,410663,2,0
410661,410662,410663,1,1
410661,410662,410663,1,1
410661,410661,410663,2,0
410661,410662,410663,1,1
410661,410662,410663,1,1
410661,410662,410663,1,1
410661,410662,410664,2,1
410661,410662,410664,2,1
410661,410662,410663,1,1
410661,410662,410663,1,1
410661,410662,410663,1,1
410661,410661,410664,3,0
410661,410661,410663,2,0
410661,410662,410664,2,1
410661,410662,410664,2,1
410661,410662,410664,2,1
410661,410662,410664,2,1
410573,410573,410671,98,0
410561,410561,410672,111,0
410673,410673,410674,1,0
410673,410673,410674,1,0
410673,410673,410675,2,0
410673,410673,410675,2,0
410673,410673,410675,2,0
410673,410673,410675,2,0
410673,410673,410675,2,0
410673,410673,410675,2,0
410673,410673,410675,2,0
410673,410673,410675,2,0
410673,410673,410675,2,0
410673,410674,410675,1,1
410673,410673,410675,2,0
410673,410673,410675,2,0
410673,410673,410675,2,0
410673,410673,410675,2,0
410673,410673,410675,2,0
410673,410673,410675,2,0
410673,410673,410675,2,0
410673,410673,410675,2,0
410675,410675,410676,1,0
410675,410675,410676,1,0
410675,410675,410676,1,0
410673,410674,410676,2,1
410673,410674,410676,2,1
410675,410675,410677,2,0
410675,410675,410676,1,0
410675,410675,410677,2,0
410675,410675,410677,2,0
410675,410675,410676,1,0
410675,410675,410677,2,0
410675,410675,410676,1,0
410675,410675,410677,2,0
410675,410675,410677,2,0
410675,410675,410677,2,0
410675,410675,410677,2,0
410675,410675,410677,2,0
410675,410675,410677,2,0
410675,410675,410677,2,0
410675,410675,410677,2,0
410675,410676,410678,2,1
410675,410676,410677,1,1
410675,410675,410677,2,0
410675,410675,410678,3,0
410571,410571,410680,109,0
410559,410559,410681,122,0
410575,410575,410681,106,0
410563,410563,410682,119,0
410601,410601,410683,82,0
410683,410684,410685,1,1
410683,410684,410685,1,1
410683,410684,410685,1,1
410683,410684,410686,2,1
410683,410684,410686,2,1
410683,410684,410685,1,1
410684,410684,410686,2,0
410684,410684,410685,1,0
410683,410684,410685,1,1
410683,410684,410685,1,1
410684,410684,410685,1,0
410684,410684,410685,1,0
410684,410685,410686,1,1
410684,410685,410686,1,1
410683,410684,410685,1,1
410683,410684,410685,1,1
410684,410684,410685,1,0
410684,410684,410686,2,0
410684,410684,410685,1,0
410684,410684,410686,2,0
410684,410684,410685,1,0
410683,410684,410685,1,1
410683,410684,410685,1,1
410684,410684,410685,1,0
410684,410684,410686,2,0
410684,410684,410685,1,0
410683,410684,410686,2,1
410683,410684,410685,1,1
410684,410684,410686,2,0
410684,410684,410685,1,0
410684,410685,410686,1,1
410684,410684,410686,2,0
410684,410684,410685,1,0
410684,410684,410686,2,0
410684,410685,410686,1,1
410684,410685,410686,1,1
410684,410685,410686,1,1
410684,410685,410686,1,1
410684,410685,410686,1,1
410684,410685,410686,1,1
410684,410685,410686,1,1
410684,410685,410686,1,1
410684,410684,410686,2,0
410684,410685,410686,1,1
410684,410685,410686,1,1
410684,410684,410686,2,0
410684,410685,410686,1,1
410683,410684,410686,2,1
410684,410684,410686,2,0
410684,410685,410686,1,1
410683,410684,410687,3,1
410683,410684,410686,2,1
410683,410684,410686,2,1
410684,410685,410687,2,1
410684,410685,410686,1,1
410684,410686,410687,1,2
410683,410684,410686,2,1
410684,410684,410686,2,0
410684,410684,410686,2,0
410684,410684,410686,2,0
410686,410687,410688,1,1
410686,410686,410688,2,0
410686,410686,410688,2,0
410686,410687,410688,1,1
410686,410687,410688,1,1
410686,410687,410688,1,1
410686,410686,410688,2,0
410686,410687,410688,1,1
410686,410687,410688,1,1
410686,410687,410688,1,1
410686,410687,410688,1,1
410686,410687,410688,1,1
410686,410687,410688,1,1
410686,410686,410688,2,0
410686,410686,410688,2,0
410686,410686,410688,2,0
410686,410686,410688,2,0
410686,410687,410688,1,1
410686,410687,410688,1,1
410686,410687,410688,1,1
410686,410686,410688,2,0
410684,410686,410688,2,2
410683,410685,410688,3,2
410683,410685,410688,3,2
410684,410685,410688,3,1
410684,410685,410688,3,1
410686,410686,410689,3,0
410686,410686,410688,2,0
410686,410686,410688,2,0
410686,410687,410688,1,1
410686,410687,410688,1,1
410686,410687,410689,2,1
410686,410687,410689,2,1
410686,410686,410688,2,0
410686,410686,410688,2,0
410686,410687,410689,2,1
410686,410687,410689,2,1
410686,410687,410688,1,1
410686,410687,410688,1,1
410686,410687,410688,1,1
410686,410687,410688,1,1
410686,410687,410688,1,1
410686,410687,410688,1,1
410686,410687,410688,1,1
410686,410687,410688,1,1
410686,410687,410689,2,1
410686,410687,410689,2,1
410686,410687,410689,2,1
410686,410687,410689,2,1
410683,410685,410689,4,2
410598,410598,410693,95,0
410551,410552,410692,140,1
410556,410556,410692,136,0
410548,410548,410694,146,0
410566,410566,410693,127,0
410584,410589,410693,104,5
410694,410694,410695,1,0
410694,410694,410695,1,0
410694,410694,410695,1,0
410694,410694,410695,1,0
410694,410694,410695,1,0
410694,410694,410695,1,0
410694,410694,410695,1,0
410694,410694,410695,1,0
410694,410694,410696,2,0
410694,410694,410696,2,0
410694,410694,410696,2,0
410694,410694,410696,2,0
410694,410694,410696,2,0
410694,410694,410696,2,0
410694,410694,410696,2,0
410694,410694,410696,2,0
410694,410694,410696,2,0
410694,410694,410696,2,0
410694,410694,410695,1,0
410694,410694,410696,2,0
410694,410694,410696,2,0
410694,410694,410696,2,0
410694,410694,410696,2,0
410694,410694,410696,2,0
410694,410694,410696,2,0
410694,410694,410696,2,0
410694,410694,410696,2,0
410694,410694,410696,2,0
410694,410694,410696,2,0
410694,410694,410696,2,0
410694,410694,410696,2,0
410694,410694,410696,2,0
410694,410694,410696,2,0
410694,410695,410697,2,1
410694,410695,410697,2,1
410694,410696,410697,1,2
410694,410694,410698,4,0
410694,410694,410698,4,0
410606,410606,410699,93,0
410694,410694,410700,6,0
410694,410694,410700,6,0
410694,410695,410700,5,1
410694,410695,410700,5,1
410694,410696,410701,5,2
410700,410700,410701,1,0
410700,410700,410701,1,0
410700,410700,410701,1,0
410700,410700,410701,1,0
410592,410592,410700,108,0
410700,410700,410702,2,0
410700,410700,410701,1,0
410700,410700,410701,1,0
410700,410700,410701,1,0
410694,410694,410701,7,0
410700,410700,410702,2,0
410700,410700,410702,2,0
410700,410700,410702,2,0
410700,410700,410702,2,0
410700,410700,410702,2,0
410700,410700,410702,2,0
410700,410700,410702,2,0
410700,410700,410702,2,0
410700,410700,410702,2,0
410700,410700,410702,2,0
410700,410700,410702,2,0
410700,410700,410702,2,0
410700,410700,410702,2,0
410700,410700,410702,2,0
410700,410700,410702,2,0
410700,410701,410702,1,1
410700,410700,410702,2,0
410700,410700,410702,2,0
410700,410700,410702,2,0
410700,410700,410703,3,0
410700,410700,410702,2,0
410700,410700,410702,2,0
410700,410700,410702,2,0
410700,410700,410702,2,0
410700,410700,410702,2,0
410700,410700,410702,2,0
410700,410700,410702,2,0
410700,410700,410702,2,0
410700,410700,410702,2,0
410700,410700,410702,2,0
410700,410700,410702,2,0
410700,410700,410702,2,0
410700,410700,410702,2,0
410700,410700,410702,2,0
410700,410700,410702,2,0
410700,410700,410702,2,0
410700,410700,410702,2,0
410700,410700,410702,2,0
410700,410700,410702,2,0
410700,410700,410702,2,0
410700,410700,410702,2,0
410700,410701,410702,1,1
410700,410700,410702,2,0
410700,410700,410702,2,0
410700,410700,410702,2,0
410700,410700,410702,2,0
410700,410700,410702,2,0
410700,410700,410702,2,0
410700,410700,410702,2,0
410700,410700,410702,2,0
410700,410700,410702,2,0
410700,410702,410703,1,2
410700,410700,410703,3,0
410613,410613,410704,91,0
410704,410704,410706,2,0
410704,410704,410706,2,0
410700,410700,410702,2,0
410700,410700,410702,2,0
410700,410700,410702,2,0
410700,410700,410702,2,0
410704,410704,410706,2,0
410704,410704,410706,2,0
410704,410705,410706,1,1
410704,410704,410705,1,0
410704,410704,410706,2,0
410704,410705,410706,1,1
410704,410705,410706,1,1
410704,410705,410706,1,1
410704,410705,410706,1,1
410704,410705,410706,1,1
410704,410704,410706,2,0
410704,410704,410707,3,0
410704,410704,410706,2,0
410704,410705,410706,1,1
410704,410704,410706,2,0
410704,410705,410706,1,1
410704,410705,410706,1,1
410704,410704,410706,2,0
410704,410705,410706,1,1
410704,410705,410706,1,1
410704,410705,410706,1,1
410704,410704,410706,2,0
410704,410704,410706,2,0
410704,410705,410706,1,1
410704,410705,410706,1,1
410704,410705,410706,1,1
410704,410704,410707,3,0
410704,410705,410706,1,1
410704,410705,410706,1,1
410704,410705,410706,1,1
410704,410704,410706,2,0
410704,410704,410706,2,0
410704,410705,410707,2,1
410704,410705,410706,1,1
410704,410704,410706,2,0
410704,410705,410706,1,1
410700,410702,410708,6,2
410704,410705,410708,3,1
410704,410706,410708,2,2
410704,410704,410709,5,0
410704,410705,410708,3,1
410704,410705,410709,4,1
410704,410705,410709,4,1
410619,410619,410712,93,0
410712,410712,410713,1,0
410712,410712,410714,2,0
410712,410712,410713,1,0
410712,410712,410713,1,0
410712,410712,410714,2,0
410712,410712,410714,2,0
410712,410712,410713,1,0
410712,410712,410714,2,0
410712,410712,410713,1,0
410712,410712,410714,2,0
410712,410712,410713,1,0
410712,410712,410714,2,0
410712,410712,410714,2,0
410712,410712,410713,1,0
410712,410712,410714,2,0
410712,410712,410714,2,0
410712,410712,410715,3,0
410712,410712,410716,4,0
386941,386941,410716,23775,0
410712,410712,410717,5,0
410716,410716,410718,2,0
410716,410716,410718,2,0
410716,410716,410718,2,0
410716,410717,410718,1,1
410716,410717,410719,2,1
410716,410717,410719,2,1
410716,410716,410719,3,0
410716,410716,410719,3,0
410716,410716,410718,2,0
410716,410716,410718,2,0
410716,410716,410719,3,0
410716,410716,410718,2,0
410716,410716,410718,2,0
410716,410716,410718,2,0
410716,410716,410718,2,0
410716,410716,410719,3,0
410716,410716,410719,3,0
410716,410716,410719,3,0
410720,410720,410721,1,0
410720,410720,410721,1,0
410716,410716,410720,4,0
410716,410716,410720,4,0
410712,410712,410720,8,0
410712,410712,410721,9,0
410712,410712,410721,9,0
410716,410716,410721,5,0
410720,410720,410721,1,0
410720,410720,410722,2,0
410720,410720,410721,1,0
410720,410720,410721,1,0
410720,410720,410721,1,0
410720,410720,410722,2,0
410720,410720,410721,1,0
410720,410720,410721,1,0
410720,410720,410721,1,0
410720,410720,410721,1,0
410720,410720,410722,2,0
410720,410720,410721,1,0
410720,410720,410722,2,0
410720,410720,410721,1,0
410716,410716,410721,5,0
410720,410720,410723,3,0
410720,410720,410723,3,0
410720,410720,410724,4,0
410720,410720,410724,4,0
410720,410720,410724,4,0
410720,410720,410725,5,0
410627,410628,410732,104,1
410733,410733,410734,1,0
410733,410734,410735,1,1
410733,410733,410735,2,0
410733,410733,410735,2,0
410733,410734,410735,1,1
410733,410733,410736,3,0
410733,410733,410736,3,0
410733,410733,410736,3,0
410733,410733,410736,3,0
410733,410734,410736,2,1
410733,410733,410736,3,0
410733,410733,410736,3,0
410733,410733,410736,3,0
410733,410733,410736,3,0
410733,410733,410736,3,0
410733,410733,410736,3,0
410733,410733,410736,3,0
410733,410733,410736,3,0
410733,410733,410736,3,0
410733,410734,410736,2,1
410733,410734,410737,3,1
410733,410734,410736,2,1
386941,386941,410742,23801,0
410644,410644,410756,112,0
410665,410666,410757,91,1
410759,410759,410761,2,0
410759,410759,410760,1,0
410759,410759,410760,1,0
410759,410759,410760,1,0
410759,410759,410760,1,0
410759,410759,410760,1,0
410759,410759,410760,1,0
410759,410759,410760,1,0
410759,410759,410760,1,0
410759,410759,410760,1,0
410759,410759,410761,2,0
410759,410759,410761,2,0
410759,410759,410761,2,0
410761,410761,410762,1,0
410759,410759,410761,2,0
410761,410761,410762,1,0
410759,410759,410761,2,0
410759,410759,410761,2,0
410761,410761,410762,1,0
410761,410761,410762,1,0
410761,410761,410763,2,0
410761,410761,410763,2,0
410761,410761,410763,2,0
410761,410761,410763,2,0
410761,410761,410762,1,0
410761,410761,410763,2,0
410761,410761,410763,2,0
410761,410761,410763,2,0
410761,410761,410763,2,0
410761,410761,410762,1,0
410761,410761,410763,2,0
410761,410761,410763,2,0
410761,410761,410763,2,0
410761,410761,410763,2,0
410761,410761,410762,1,0
410759,410759,410765,6,0
410759,410759,410766,7,0
410759,410759,410767,8,0
410759,410760,410768,8,1
410761,410761,410769,8,0
410761,410761,410769,8,0
410761,410762,410769,7,1
410759,410759,410769,10,0
410759,410760,410770,10,1
410678,410678,410785,107,0
410687,410688,410787,99,1
410788,410788,410789,1,0
410788,410788,410789,1,0
410676,410676,410788,112,0
410788,410788,410789,1,0
410788,410788,410790,2,0
410788,410788,410790,2,0
410788,410788,410789,1,0
410788,410788,410789,1,0
410788,410788,410790,2,0
410788,410788,410789,1,0
410788,410788,410790,2,0
410788,410788,410790,2,0
410788,410788,410789,1,0
410788,410788,410790,2,0
410788,410788,410790,2,0
410788,410788,410790,2,0
410788,410788,410789,1,0
410788,410788,410790,2,0
410788,410788,410789,1,0
410788,410788,410790,2,0
410788,410788,410789,1,0
410788,410788,410790,2,0
410790,410790,410791,1,0
410790,410790,410791,1,0
410790,410790,410791,1,0
410790,410790,410791,1,0
410790,410790,410792,2,0
410790,410790,410792,2,0
410790,410790,410792,2,0
410790,410790,410792,2,0
410790,410790,410792,2,0
410790,410790,410792,2,0
410790,410790,410792,2,0
410790,410790,410792,2,0
410790,410790,410792,2,0
410790,410790,410792,2,0
410790,410790,410791,1,0
410790,410790,410792,2,0
410790,410790,410792,2,0
410790,410790,410792,2,0
410788,410789,410792,3,1
410713,410713,410792,79,0
410790,410790,410792,2,0
410792,410793,410794,1,1
410792,410792,410793,1,0
410792,410793,410794,1,1
410792,410792,410794,2,0
410792,410793,410794,1,1
410792,410793,410794,1,1
410792,410793,410794,1,1
410792,410793,410794,1,1
410792,410792,410794,2,0
410792,410793,410794,1,1
410792,410792,410794,2,0
410792,410793,410794,1,1
410792,410793,410794,1,1
410792,410793,410794,1,1
410792,410793,410794,1,1
410792,410792,410794,2,0
410792,410793,410794,1,1
410790,410790,410795,5,0
410790,410790,410796,6,0
410790,410790,410795,5,0
410792,410792,410797,5,0
410796,410797,410798,1,1
410796,410797,410798,1,1
410796,410797,410798,1,1
410796,410797,410798,1,1
410796,410797,410799,2,1
410796,410797,410798,1,1
410796,410797,410798,1,1
410796,410797,410799,2,1
410796,410797,410798,1,1
410796,410797,410798,1,1
410796,410797,410799,2,1
410796,410797,410798,1,1
410796,410797,410798,1,1
410796,410797,410798,1,1
410796,410797,410799,2,1
410796,410797,410798,1,1
410792,410793,410798,5,1
410792,410793,410798,5,1
410796,410797,410799,2,1
410796,410797,410799,2,1
410792,410793,410801,8,1
410792,410793,410800,7,1
410796,410797,410801,4,1
410796,410797,410801,4,1
410796,410798,410801,3,2
410796,410797,410800,3,1
410706,410706,410803,97,0
410808,410808,410809,1,0
410808,410808,410809,1,0
410808,410808,410810,2,0
410808,410808,410810,2,0
410808,410808,410810,2,0
410808,410808,410810,2,0
410808,410808,410810,2,0
410808,410808,410809,1,0
410808,410808,410810,2,0
410808,410808,410810,2,0
410808,410808,410810,2,0
410808,410808,410810,2,0
410808,410808,410810,2,0
410808,410808,410810,2,0
410808,410808,410810,2,0
410808,410808,410810,2,0
410808,410808,410810,2,0
410808,410808,410810,2,0
410808,410808,410811,3,0
410808,410808,410811,3,0
410808,410808,410811,3,0
410808,410809,410812,3,1
410735,410736,410823,87,1
410825,410825,410826,1,0
410825,410825,410826,1,0
410825,410825,410827,2,0
410825,410825,410827,2,0
410825,410825,410827,2,0
410825,410825,410827,2,0
410825,410825,410826,1,0
410825,410825,410827,2,0
410825,410825,410826,1,0
410825,410825,410827,2,0
410825,410825,410826,1,0
410825,410825,410827,2,0
410825,410825,410827,2,0
410825,410825,410826,1,0
410825,410825,410827,2,0
410825,410825,410827,2,0
410825,410825,410827,2,0
410825,410825,410827,2,0
410825,410825,410829,4,0
410825,410825,410828,3,0
410825,410825,410827,2,0
410825,410825,410826,1,0
410723,410723,410837,114,0
410839,410839,410840,1,0
410839,410839,410840,1,0
410839,410839,410841,2,0
410839,410839,410840,1,0
410839,410839,410841,2,0
410839,410839,410840,1,0
410839,410839,410841,2,0
410839,410839,410841,2,0
410839,410839,410840,1,0
410839,410839,410841,2,0
410839,410839,410840,1,0
410839,410839,410841,2,0
410839,410839,410841,2,0
410839,410839,410840,1,0
410839,410839,410841,2,0
410839,410839,410841,2,0
410839,410839,410841,2,0
410839,410839,410841,2,0
410839,410839,410841,2,0
410839,410839,410841,2,0
410839,410839,410842,3,0
410839,410840,410842,2,1
410758,410758,410847,89,0
410765,410765,410848,83,0
410850,410850,410851,1,0
410850,410850,410851,1,0
410850,410850,410851,1,0
410850,410850,410851,1,0
410850,410850,410851,1,0
410850,410850,410851,1,0
410850,410850,410851,1,0
410850,410850,410851,1,0
410850,410850,410852,2,0
410850,410850,410851,1,0
410850,410850,410852,2,0
410850,410850,410852,2,0
410850,410850,410852,2,0
410850,410850,410851,1,0
410850,410850,410851,1,0
410850,410850,410851,1,0
410850,410850,410852,2,0
410732,410733,410852,119,1
410850,410850,410852,2,0
410850,410850,410852,2,0
410850,410850,410852,2,0
410850,410850,410851,1,0
410850,410850,410851,1,0
410850,410850,410852,2,0
410850,410850,410852,2,0
410850,410850,410851,1,0
410850,410850,410852,2,0
410850,410850,410852,2,0
410850,410850,410852,2,0
410850,410850,410851,1,0
410850,410850,410852,2,0
410850,410850,410851,1,0
410850,410850,410852,2,0
410850,410850,410852,2,0
410850,410850,410851,1,0
410850,410850,410852,2,0
410850,410850,410852,2,0
410850,410850,410852,2,0
410850,410850,410852,2,0
410850,410850,410852,2,0
410850,410850,410851,1,0
410850,410850,410852,2,0
410850,410850,410852,2,0
410850,410850,410852,2,0
410850,410850,410852,2,0
410762,410762,410854,92,0
410690,410690,410854,164,0
410856,410856,410858,2,0
410856,410856,410857,1,0
410856,410857,410858,1,1
410856,410856,410858,2,0
410856,410856,410858,2,0
410856,410856,410857,1,0
410856,410856,410858,2,0
410856,410857,410858,1,1
410856,410856,410857,1,0
410856,410856,410858,2,0
410856,410856,410858,2,0
410856,410857,410858,1,1
410856,410856,410857,1,0
410856,410856,410858,2,0
410856,410857,410858,1,1
410856,410856,410858,2,0
410856,410856,410858,2,0
410856,410856,410858,2,0
410856,410857,410858,1,1
410856,410856,410858,2,0
410856,410856,410858,2,0
410856,410856,410858,2,0
410856,410856,410858,2,0
410856,410857,410858,1,1
410856,410857,410858,1,1
410856,410856,410857,1,0
410856,410856,410858,2,0
410856,410856,410858,2,0
410856,410857,410858,1,1
410856,410857,410858,1,1
410857,410857,410858,1,0
410856,410857,410858,1,1
410856,410857,410858,1,1
410856,410857,410858,1,1
410856,410856,410858,2,0
410856,410857,410858,1,1
410856,410856,410858,2,0
410856,410856,410858,2,0
410856,410856,410858,2,0
410856,410857,410858,1,1
410857,410857,410858,1,0
410857,410857,410859,2,0
410857,410858,410859,1,1
410857,410857,410859,2,0
410857,410857,410859,2,0
410747,410747,410859,112,0
410857,410857,410859,2,0
410857,410857,410859,2,0
410857,410857,410859,2,0
410857,410857,410859,2,0
410857,410857,410859,2,0
410857,410857,410859,2,0
410857,410857,410859,2,0
410857,410857,410859,2,0
410857,410857,410859,2,0
410857,410857,410859,2,0
410857,410857,410859,2,0
410857,410858,410859,1,1
410857,410858,410859,1,1
410857,410857,410859,2,0
410857,410857,410859,2,0
410718,410718,410861,143,0
410754,410754,410861,107,0
410856,410856,410861,5,0
410856,410857,410862,5,1
410856,410857,410861,4,1
410856,410858,410862,4,2
410856,410858,410862,4,2
410857,410858,410862,4,1
410701,410702,410862,160,1
410862,410862,410863,1,0
410862,410862,410863,1,0
410862,410862,410863,1,0
410862,410862,410864,2,0
410862,410862,410864,2,0
410862,410862,410863,1,0
410862,410862,410864,2,0
410862,410862,410864,2,0
410862,410862,410864,2,0
410862,410862,410864,2,0
410862,410862,410863,1,0
410862,410862,410864,2,0
410862,410862,410864,2,0
410862,410862,410863,1,0
410862,410862,410864,2,0
410862,410862,410864,2,0
410866,410867,410868,1,1
410866,410867,410868,1,1
410866,410866,410868,2,0
410866,410866,410868,2,0
410866,410866,410868,2,0
410866,410867,410868,1,1
410866,410866,410867,1,0
410866,410866,410868,2,0
410866,410866,410868,2,0
410866,410866,410868,2,0
410866,410866,410868,2,0
410866,410866,410868,2,0
410866,410867,410868,1,1
410866,410867,410868,1,1
410866,410866,410868,2,0
410866,410866,410868,2,0
410866,410867,410868,1,1
410866,410867,410868,1,1
410866,410866,410868,2,0
410866,410866,410868,2,0
410866,410867,410868,1,1
410866,410867,410868,1,1
410866,410867,410868,1,1
410866,410866,410868,2,0
410866,410866,410868,2,0
410866,410866,410868,2,0
410866,410867,410868,1,1
410866,410867,410868,1,1
410866,410867,410868,1,1
410866,410867,410868,1,1
410866,410867,410868,1,1
410866,410866,410868,2,0
410866,410867,410868,1,1
410866,410867,410868,1,1
410862,410862,410869,7,0
410862,410862,410868,6,0
410862,410863,410868,5,1
410866,410866,410869,3,0
410862,410862,410871,9,0
410862,410862,410871,9,0
410862,410863,410870,7,1
410870,410870,410871,1,0
410870,410870,410871,1,0
410866,410866,410871,5,0
410866,410866,410872,6,0
410866,410866,410871,5,0
410870,410870,410871,1,0
410870,410870,410871,1,0
410870,410870,410872,2,0
410870,410870,410872,2,0
410870,410870,410871,1,0
410870,410870,410872,2,0
410870,410870,410872,2,0
410870,410870,410872,2,0
410870,410870,410872,2,0
410870,410870,410872,2,0
410870,410870,410872,2,0
410866,410867,410872,5,1
410870,410870,410872,2,0
410870,410870,410872,2,0
410870,410870,410872,2,0
410866,410866,410876,10,0
410870,410873,410876,3,3
410870,410873,410875,2,3
410870,410873,410875,2,3
410866,410866,410876,10,0
410866,410866,410876,10,0
410866,410867,410876,9,1
410866,410867,410876,9,1
410870,410871,410879,8,1
410870,410871,410879,8,1
410870,410871,410878,7,1
410791,410792,410885,93,1
410789,410789,410886,97,0
410889,410889,410890,1,0
410889,410889,410891,2,0
410889,410889,410891,2,0
410889,410889,410891,2,0
410889,410889,410891,2,0
410889,410889,410891,2,0
410889,410889,410890,1,0
410889,410889,410891,2,0
410889,410889,410891,2,0
410889,410889,410890,1,0
410889,410889,410891,2,0
410889,410889,410891,2,0
410889,410889,410890,1,0
410889,410889,410891,2,0
410889,410889,410891,2,0
410889,410889,410891,2,0
410889,410889,410891,2,0
410889,410889,410891,2,0
410889,410889,410892,3,0
410891,410891,410892,1,0
410891,410892,410893,1,1
410891,410892,410893,1,1
410752,410752,410893,141,0
410891,410892,410893,1,1
410891,410892,410893,1,1
410891,410892,410893,1,1
410891,410892,410893,1,1
410891,410892,410893,1,1
410891,410892,410893,1,1
410891,410892,410893,1,1
410891,410892,410893,1,1
410891,410892,410893,1,1
410891,410892,410893,1,1
410891,410892,410893,1,1
410891,410892,410893,1,1
410891,410892,410893,1,1
410891,410892,410893,1,1
410891,410892,410893,1,1
410891,410892,410894,2,1
410894,410894,410895,1,0
410894,410894,410896,2,0
410894,410894,410896,2,0
410894,410894,410896,2,0
410894,410894,410896,2,0
410894,410894,410896,2,0
410894,410894,410896,2,0
410894,410894,410896,2,0
410894,410894,410896,2,0
410894,410894,410896,2,0
410894,410894,410896,2,0
410894,410894,410896,2,0
410894,410894,410896,2,0
410894,410894,410896,2,0
410894,410894,410896,2,0
410894,410894,410896,2,0
410794,410795,410901,106,1
410891,410892,410901,9,1
410891,410892,410901,9,1
410894,410894,410901,7,0
410894,410894,410902,8,0
410894,410894,410901,7,0
410802,410804,410902,98,2
410894,410895,410903,8,1
410894,410894,410904,10,0
410894,410895,410904,9,1
410903,410903,410905,2,0
410903,410903,410905,2,0
410903,410903,410905,2,0
410903,410903,410905,2,0
410903,410903,410905,2,0
410903,410903,410905,2,0
410903,410903,410905,2,0
410903,410903,410905,2,0
410903,410903,410905,2,0
410903,410903,410905,2,0
410903,410903,410905,2,0
410903,410903,410905,2,0
410903,410903,410906,3,0
410903,410903,410906,3,0
410889,410889,410908,19,0
410889,410889,410908,19,0
410889,410889,410908,19,0
410891,410892,410908,16,1
410903,410906,410908,2,3
410903,410906,410908,2,3
410903,410906,410908,2,3
410909,410909,410910,1,0
410903,410903,410910,7,0
410903,410903,410910,7,0
410903,410904,410910,6,1
410909,410909,410910,1,0
410909,410909,410911,2,0
410909,410909,410910,1,0
410909,410909,410911,2,0
410909,410909,410911,2,0
410909,410909,410911,2,0
410909,410909,410910,1,0
410909,410909,410911,2,0
410909,410909,410911,2,0
410909,410909,410911,2,0
410909,410909,410910,1,0
410909,410909,410912,3,0
410909,410909,410911,2,0
410903,410903,410911,8,0
410909,410909,410911,2,0
410909,410909,410912,3,0
410909,410909,410911,2,0
410738,410738,410912,174,0
410903,410904,410912,8,1
410913,410913,410914,1,0
410913,410913,410915,2,0
410913,410913,410915,2,0
410913,410913,410915,2,0
410913,410913,410915,2,0
410913,410913,410915,2,0
410913,410913,410915,2,0
410913,410913,410915,2,0
410913,410914,410915,1,1
410913,410913,410915,2,0
410913,410913,410915,2,0
410913,410914,410915,1,1
410913,410913,410916,3,0
410913,410914,410916,2,1
410913,410914,410915,1,1
410913,410914,410916,2,1
410913,410914,410916,2,1
410913,410914,410916,2,1
410909,410909,410916,7,0
410909,410909,410916,7,0
410909,410909,410917,8,0
410909,410909,410916,7,0
410745,410745,410917,172,0
410909,410909,410917,8,0
410913,410914,410918,4,1
410913,410914,410918,4,1
410913,410914,410919,5,1
410913,410914,410920,6,1
410925,410925,410926,1,0
410925,410925,410926,1,0
410813,410813,410925,112,0
410925,410925,410927,2,0
410925,410925,410926,1,0
410925,410925,410926,1,0
410925,410925,410926,1,0
410925,410925,410926,1,0
410925,410925,410927,2,0
410925,410925,410926,1,0
410925,410925,410926,1,0
410925,410925,410926,1,0
410925,410925,410926,1,0
410925,410925,410927,2,0
410925,410925,410926,1,0
410925,410925,410926,1,0
410925,410925,410927,2,0
410925,410925,410926,1,0
410925,410925,410927,2,0
410925,410925,410927,2,0
410929,410929,410930,1,0
410929,410929,410930,1,0
410929,410929,410930,1,0
410929,410929,410931,2,0
410929,410929,410930,1,0
410929,410929,410931,2,0
410929,410929,410931,2,0
410929,410929,410931,2,0
410929,410929,410931,2,0
410929,410929,410931,2,0
410929,410929,410931,2,0
410929,410929,410930,1,0
410929,410929,410931,2,0
410929,410929,410931,2,0
410929,410929,410930,1,0
410827,410830,410931,101,3
410929,410929,410931,2,0
410929,410929,410930,1,0
410929,410929,410931,2,0
410929,410929,410931,2,0
410840,410840,410931,91,0
410925,410925,410930,5,0
410925,410925,410930,5,0
410925,410926,410929,3,1
410729,410729,410933,204,0
410929,410929,410932,3,0
410932,410932,410933,1,0
410932,410932,410934,2,0
410932,410932,410933,1,0
410932,410933,410935,2,1
410932,410933,410934,1,1
410932,410932,410934,2,0
410932,410932,410934,2,0
410932,410933,410934,1,1
410932,410933,410934,1,1
410932,410933,410935,2,1
410932,410933,410934,1,1
410932,410932,410934,2,0
410932,410932,410934,2,0
410932,410933,410934,1,1
410932,410933,410934,1,1
410932,410933,410934,1,1
410929,410933,410935,2,4
410929,410933,410935,2,4
410932,410933,410936,3,1
410936,410936,410937,1,0
410936,410936,410937,1,0
410936,410936,410938,2,0
410936,410936,410937,1,0
410936,410936,410937,1,0
410936,410936,410937,1,0
410936,410936,410937,1,0
410936,410936,410937,1,0
410936,410936,410938,2,0
410936,410936,410937,1,0
410936,410936,410938,2,0
410936,410936,410937,1,0
410936,410936,410938,2,0
410936,410936,410938,2,0
410936,410936,410938,2,0
410936,410936,410938,2,0
410936,410937,410938,1,1
410936,410936,410938,2,0
410932,410937,410939,2,5
410932,410937,410939,2,5
410936,410937,410939,2,1
410936,410937,410938,1,1
410932,410933,410939,6,1
410932,410933,410939,6,1
410932,410933,410939,6,1
410936,410936,410940,4,0
410939,410939,410940,1,0
410939,410939,410941,2,0
410939,410939,410941,2,0
410939,410939,410941,2,0
410939,410939,410941,2,0
410939,410939,410941,2,0
410939,410939,410941,2,0
410939,410939,410941,2,0
410939,410939,410941,2,0
410939,410939,410941,2,0
410939,410939,410941,2,0
410939,410939,410941,2,0
410939,410939,410941,2,0
410939,410939,410941,2,0
410939,410939,410941,2,0
410939,410939,410941,2,0
410939,410939,410941,2,0
410939,410939,410941,2,0
410939,410939,410941,2,0
410939,410939,410941,2,0
410939,410939,410941,2,0
410858,410859,410942,83,1
410939,410939,410942,3,0
410936,410936,410941,5,0
410944,410944,410945,1,0
410944,410944,410945,1,0
410944,410944,410945,1,0
410944,410944,410946,2,0
410944,410944,410945,1,0
410944,410944,410946,2,0
410944,410944,410945,1,0
410944,410944,410945,1,0
410944,410944,410945,1,0
410944,410944,410946,2,0
410944,410944,410945,1,0
410944,410944,410945,1,0
410944,410944,410945,1,0
410944,410944,410945,1,0
410944,410944,410945,1,0
410944,410944,410946,2,0
410944,410944,410946,2,0
410867,410868,410947,79,1
410850,410851,410948,97,1
410944,410944,410949,5,0
410944,410945,410949,4,1
410948,410949,410950,1,1
410948,410948,410951,3,0
410948,410949,410950,1,1
410944,410944,410951,7,0
410948,410948,410950,2,0
410948,410948,410951,3,0
410948,410949,410950,1,1
410948,410948,410950,2,0
410948,410949,410950,1,1
410948,410949,410950,1,1
410948,410948,410951,3,0
410948,410949,410951,2,1
410948,410949,410950,1,1
410948,410948,410951,3,0
410948,410949,410950,1,1
410948,410949,410950,1,1
410948,410948,410951,3,0
410948,410948,410952,4,0
410948,410949,410952,3,1
410948,410949,410951,2,1
410948,410949,410953,4,1
410948,410949,410952,3,1
410952,410952,410954,2,0
410952,410952,410953,1,0
410952,410952,410954,2,0
410952,410952,410954,2,0
410952,410952,410954,2,0
410952,410952,410953,1,0
410952,410952,410954,2,0
410952,410952,410954,2,0
410952,410952,410954,2,0
410952,410952,410954,2,0
410952,410952,410954,2,0
410952,410952,410954,2,0
410944,410944,410954,10,0
410944,410944,410954,10,0
410952,410952,410954,2,0
410952,410952,410954,2,0
410952,410952,410954,2,0
410952,410952,410954,2,0
410952,410952,410954,2,0
410952,410952,410954,2,0
410863,410864,410955,91,1
410948,410948,410955,7,0
410952,410952,410959,7,0
410958,410958,410960,2,0
410958,410958,410960,2,0
410958,410958,410960,2,0
410958,410958,410960,2,0
410958,410958,410960,2,0
410958,410958,410961,3,0
410958,410958,410960,2,0
410958,410958,410960,2,0
410958,410958,410961,3,0
410952,410952,410960,8,0
410952,410952,410960,8,0
410952,410953,410960,7,1
410958,410959,410961,2,1
410958,410959,410961,2,1
410958,410959,410961,2,1
410958,410958,410961,3,0
410958,410958,410961,3,0
410958,410958,410961,3,0
410958,410958,410961,3,0
410958,410958,410963,5,0
410958,410959,410963,4,1
410958,410959,410964,5,1
410958,410958,410964,6,0
410958,410959,410964,5,1
410958,410958,410965,7,0
410890,410890,410977,87,0
410872,410873,410978,105,1
410979,410979,410980,1,0
410861,410861,410979,118,0
410979,410979,410981,2,0
410979,410979,410981,2,0
410979,410979,410981,2,0
410979,410979,410981,2,0
410979,410979,410981,2,0
410979,410979,410981,2,0
410979,410979,410981,2,0
410979,410979,410981,2,0
410979,410979,410981,2,0
410979,410979,410981,2,0
410979,410979,410981,2,0
410979,410979,410981,2,0
410979,410979,410981,2,0
410979,410979,410981,2,0
410979,410979,410981,2,0
410979,410979,410981,2,0
410979,410980,410982,2,1
410981,410981,410982,1,0
410979,410980,410982,2,1
410981,410981,410982,1,0
410979,410979,410981,2,0
410981,410981,410982,1,0
410981,410981,410983,2,0
410981,410981,410983,2,0
410981,410981,410983,2,0
410981,410981,410983,2,0
410981,410981,410983,2,0
410981,410981,410983,2,0
410981,410981,410983,2,0
410981,410981,410983,2,0
410981,410981,410983,2,0
410981,410981,410983,2,0
410981,410981,410983,2,0
410981,410981,410983,2,0
410981,410981,410983,2,0
410981,410981,410983,2,0
410981,410981,410983,2,0
410981,410981,410983,2,0
410979,410980,410983,3,1
410983,410984,410985,1,1
410983,410983,410984,1,0
410983,410983,410985,2,0
410979,410979,410985,6,0
410983,410983,410985,2,0
410983,410983,410986,3,0
410983,410984,410985,1,1
410983,410984,410986,2,1
410983,410984,410985,1,1
410983,410984,410985,1,1
410983,410984,410986,2,1
410983,410984,410985,1,1
410983,410984,410986,2,1
410983,410984,410986,2,1
410983,410984,410985,1,1
410983,410983,410986,3,0
410983,410984,410986,2,1
410983,410984,410985,1,1
410983,410983,410986,3,0
410983,410984,410986,2,1
410983,410984,410985,1,1
410981,410981,410987,6,0
410882,410883,410988,105,1
410887,410887,410989,102,0
410981,410981,410989,8,0
410981,410982,410989,7,1
410991,410991,410993,2,0
410983,410984,410992,8,1
410983,410984,410992,8,1
410991,410991,410993,2,0
410991,410991,410993,2,0
410991,410991,410993,2,0
410991,410991,410993,2,0
410991,410991,410993,2,0
410991,410991,410993,2,0
410991,410991,410993,2,0
410991,410991,410993,2,0
410991,410991,410993,2,0
410991,410991,410993,2,0
410991,410991,410993,2,0
410991,410991,410993,2,0
410991,410991,410993,2,0
410991,410991,410993,2,0
410991,410992,410993,1,1
410991,410992,410994,2,1
410991,410992,410993,1,1
410991,410991,410994,3,0
410995,410995,410997,2,0
410995,410995,410997,2,0
410995,410996,410997,1,1
410995,410996,410997,1,1
410995,410996,410997,1,1
410995,410996,410997,1,1
410995,410996,410997,1,1
410995,410996,410997,1,1
410995,410996,410997,1,1
410995,410996,410997,1,1
410995,410996,410997,1,1
410995,410996,410997,1,1
410995,410996,410997,1,1
410995,410996,410997,1,1
410995,410996,410997,1,1
410995,410996,410997,1,1
410995,410996,410997,1,1
410995,410996,410997,1,1
410995,410996,410997,1,1
410995,410996,410997,1,1
410995,410996,410997,1,1
410991,410992,410999,7,1
410991,410992,411000,8,1
410991,410992,411001,9,1
410893,410893,411001,108,0
410899,410899,411001,102,0
410995,410996,411004,8,1
411003,411003,411004,1,0
411003,411004,411005,1,1
411003,411003,411005,2,0
411003,411003,411005,2,0
411003,411004,411005,1,1
411003,411003,411005,2,0
411003,411004,411005,1,1
411003,411003,411005,2,0
411003,411003,411005,2,0
411003,411003,411005,2,0
411003,411004,411005,1,1
411003,411003,411005,2,0
411003,411003,411005,2,0
411003,411003,411005,2,0
411003,411004,411005,1,1
411003,411004,411005,1,1
411003,411004,411005,1,1
411003,411004,411005,1,1
411003,411004,411006,2,1
411003,411003,411005,2,0
411003,411004,411006,2,1
411003,411004,411005,1,1
411003,411003,411005,2,0
411003,411004,411005,1,1
411003,411003,411005,2,0
411003,411004,411006,2,1
411003,411004,411005,1,1
411003,411004,411005,1,1
411003,411004,411006,2,1
411003,411004,411006,2,1
411003,411004,411007,3,1
411003,411004,411007,3,1
411003,411005,411007,2,2
411003,411004,411006,2,1
411003,411004,411007,3,1
411003,411004,411006,2,1
411003,411005,411007,2,2
411003,411005,411008,3,2
411003,411006,411008,2,3
410916,410916,411009,93,0
411003,411004,411012,8,1
411003,411004,411011,7,1
411003,411004,411011,7,1
411003,411005,411011,6,2
411003,411005,411011,6,2
410896,410897,411013,116,1
411012,411012,411013,1,0
411012,411012,411014,2,0
411012,411012,411014,2,0
411012,411012,411014,2,0
411012,411012,411014,2,0
411012,411012,411013,1,0
411012,411013,411014,1,1
411012,411012,411014,2,0
411012,411012,411014,2,0
411012,411012,411014,2,0
411012,411012,411014,2,0
411012,411012,411014,2,0
411012,411012,411014,2,0
411012,411012,411014,2,0
411012,411013,411014,1,1
411012,411013,411015,2,1
411012,411013,411015,2,1
411012,411013,411015,2,1
411012,411013,411015,2,1
411012,411013,411016,3,1
411016,411016,411017,1,0
411016,411016,411017,1,0
411016,411016,411017,1,0
411016,411016,411017,1,0
411016,411016,411017,1,0
411016,411016,411017,1,0
411016,411016,411017,1,0
411016,411016,411017,1,0
411016,411016,411018,2,0
411016,411016,411017,1,0
411016,411016,411017,1,0
411016,411016,411017,1,0
411016,411016,411017,1,0
411016,411016,411017,1,0
411016,411016,411018,2,0
411016,411017,411018,1,1
411016,411016,411018,2,0
411016,411016,411017,1,0
410906,410906,411018,112,0
411016,411016,411018,2,0
411012,411012,411019,7,0
411012,411012,411020,8,0
411016,411016,411022,6,0
411016,411017,411022,5,1
411021,411021,411023,2,0
411016,411016,411022,6,0
411021,411021,411023,2,0
411021,411022,411023,1,1
411021,411021,411023,2,0
411021,411022,411023,1,1
411021,411021,411023,2,0
411021,411022,411023,1,1
411021,411021,411023,2,0
411021,411022,411023,1,1
411021,411022,411023,1,1
411021,411022,411023,1,1
411021,411022,411023,1,1
411021,411022,411023,1,1
411021,411022,411025,3,1
411021,411024,411025,1,3
411021,411024,411026,2,3
411021,411024,411025,1,3
411021,411022,411027,5,1
411021,411022,411028,6,1
411021,411023,411028,5,2
411021,411022,411029,7,1
411021,411022,411029,7,1
386944,386944,411042,24098,0
410930,410930,411044,114,0
410960,410961,411046,85,1
411047,411047,411049,2,0
411047,411047,411049,2,0
411047,411047,411049,2,0
411047,411048,411049,1,1
411047,411047,411049,2,0
411047,411047,411049,2,0
411047,411047,411049,2,0
411047,411048,411049,1,1
411047,411047,411049,2,0
411047,411047,411049,2,0
411047,411048,411049,1,1
411047,411047,411049,2,0
411047,411047,411049,2,0
411047,411048,411049,1,1
411047,411047,411049,2,0
411047,411047,411049,2,0
411047,411047,411049,2,0
411047,411047,411049,2,0
411047,411047,411049,2,0
411047,411048,411049,1,1
411047,411048,411049,1,1
411047,411047,411049,2,0
411047,411048,411049,1,1
411047,411048,411049,1,1
411047,411048,411049,1,1
411047,411047,411049,2,0
411047,411048,411049,1,1
411047,411048,411049,1,1
411047,411048,411049,1,1
411047,411048,411049,1,1
411047,411048,411049,1,1
411047,411048,411050,2,1
411047,411048,411049,1,1
411047,411048,411049,1,1
411047,411048,411049,1,1
411047,411048,411050,2,1
411047,411047,411049,2,0
411047,411048,411050,2,1
411047,411048,411049,1,1
411047,411047,411049,2,0
411047,411048,411049,1,1
411047,411048,411049,1,1
410946,410946,411050,104,0
410937,410938,411050,112,1
410940,410941,411051,110,1
410951,410951,411052,101,0
411053,411054,411055,1,1
411053,411054,411055,1,1
411053,411054,411055,1,1
411053,411054,411055,1,1
411053,411054,411055,1,1
411053,411054,411056,2,1
411053,411054,411055,1,1
411053,411054,411056,2,1
411053,411054,411055,1,1
411053,411054,411055,1,1
411053,411054,411056,2,1
411053,411054,411055,1,1
411053,411054,411056,2,1
411053,411054,411055,1,1
411053,411054,411055,1,1
411053,411054,411055,1,1
411053,411054,411056,2,1
411053,411054,411056,2,1
411053,411054,411055,1,1
411053,411054,411056,2,1
411053,411054,411055,1,1
411053,411054,411056,2,1
411053,411054,411055,1,1
411053,411054,411055,1,1
411053,411054,411056,2,1
411053,411054,411055,1,1
411053,411054,411055,1,1
411053,411054,411055,1,1
411053,411054,411055,1,1
411053,411054,411056,2,1
411053,411054,411056,2,1
411053,411054,411056,2,1
411053,411054,411056,2,1
411056,411056,411058,2,0
411056,411056,411058,2,0
411056,411056,411057,1,0
411056,411056,411058,2,0
411056,411056,411057,1,0
411056,411056,411058,2,0
411056,411056,411058,2,0
411056,411056,411058,2,0
411056,411056,411058,2,0
411056,411056,411058,2,0
411056,411056,411058,2,0
411056,411056,411057,1,0
411056,411056,411058,2,0
411056,411056,411058,2,0
411056,411057,411058,1,1
411056,411057,411058,1,1
411056,411056,411058,2,0
411056,411056,411058,2,0
411056,411056,411058,2,0
411053,411054,411059,5,1
411053,411054,411059,5,1
411053,411055,411059,4,2
411053,411055,411059,4,2
411053,411056,411059,3,3
411053,411057,411059,2,4
411056,411057,411059,2,1
411058,411059,411060,1,1
411058,411059,411061,2,1
411058,411059,411060,1,1
411058,411059,411060,1,1
411058,411059,411061,2,1
411058,411059,411061,2,1
411058,411059,411060,1,1
410954,410954,411061,107,0
411058,411059,411061,2,1
411058,411059,411060,1,1
411058,411059,411060,1,1
411058,411059,411060,1,1
411058,411059,411060,1,1
411047,411047,411060,13,0
411047,411048,411060,12,1
411058,411059,411061,2,1
411058,411059,411061,2,1
411058,411059,411060,1,1
411058,411059,411061,2,1
411058,411059,411061,2,1
411058,411059,411061,2,1
411053,411059,411061,2,6
411053,411059,411061,2,6
411053,411059,411060,1,6
411053,411059,411061,2,6
411053,411059,411061,2,6
411056,411059,411061,2,3
410982,410982,411063,81,0
411058,411059,411064,5,1
411056,411056,411065,9,0
411058,411059,411066,7,1
411058,411059,411065,6,1
411058,411060,411065,5,2
411070,411070,411071,1,0
411070,411070,411072,2,0
411070,411070,411071,1,0
411070,411070,411072,2,0
411070,411070,411072,2,0
411070,411071,411072,1,1
411070,411070,411072,2,0
411070,411071,411072,1,1
411070,411070,411072,2,0
411070,411070,411072,2,0
411070,411070,411072,2,0
411070,411070,411072,2,0
411070,411070,411072,2,0
411070,411070,411072,2,0
411070,411071,411072,1,1
411070,411071,411072,1,1
411070,411070,411071,1,0
411070,411070,411072,2,0
411070,411070,411072,2,0
411070,411070,411072,2,0
411070,411071,411072,1,1
411070,411071,411072,1,1
411070,411070,411072,2,0
411070,411070,411072,2,0
411070,411070,411072,2,0
411070,411070,411072,2,0
411070,411071,411072,1,1
411070,411070,411072,2,0
411070,411070,411072,2,0
411070,411071,411072,1,1
411070,411070,411072,2,0
411070,411070,411072,2,0
411070,411070,411072,2,0
411070,411070,411072,2,0
411070,411071,411073,2,1
411070,411071,411072,1,1
411070,411071,411073,2,1
411070,411071,411073,2,1
411070,411070,411073,3,0
411070,411070,411072,2,0
411070,411071,411073,2,1
411070,411071,411073,2,1
411070,411072,411075,3,2
411070,411073,411075,2,3
410970,410970,411078,108,0
410988,410988,411078,90,0
411080,411080,411082,2,0
411080,411080,411082,2,0
411080,411081,411082,1,1
411080,411080,411082,2,0
411080,411081,411082,1,1
411080,411081,411082,1,1
411080,411081,411082,1,1
411080,411080,411082,2,0
411080,411081,411082,1,1
411080,411080,411082,2,0
411080,411080,411082,2,0
411080,411081,411082,1,1
411080,411081,411082,1,1
411080,411080,411082,2,0
411080,411081,411082,1,1
411080,411081,411082,1,1
411080,411080,411082,2,0
411080,411081,411082,1,1
411080,411081,411082,1,1
411080,411081,411082,1,1
411080,411081,411082,1,1
411080,411080,411082,2,0
411080,411081,411083,2,1
411080,411081,411082,1,1
411080,411080,411082,2,0
411080,411081,411082,1,1
411080,411081,411082,1,1
411080,411080,411083,3,0
411080,411081,411082,1,1
411080,411081,411083,2,1
411080,411081,411082,1,1
411080,411080,411082,2,0
411080,411081,411082,1,1
411080,411081,411082,1,1
411080,411081,411083,2,1
411080,411081,411083,2,1
411080,411081,411083,2,1
411080,411081,411083,2,1
411080,411080,411083,3,0
410978,410978,411084,106,0
411080,411081,411085,4,1
411080,411081,411085,4,1
411080,411081,411085,4,1
411080,411081,411086,5,1
411080,411081,411085,4,1
386934,386934,411086,24152,0
411086,411086,411087,1,0
411086,411086,411087,1,0
411086,411086,411088,2,0
411086,411086,411088,2,0
411086,411086,411087,1,0
411086,411086,411088,2,0
411086,411086,411088,2,0
411086,411086,411088,2,0
411086,411086,411087,1,0
411086,411086,411087,1,0
411086,411086,411088,2,0
411086,411086,411088,2,0
411086,411086,411087,1,0
411086,411086,411088,2,0
411086,411086,411087,1,0
411086,411086,411088,2,0
411086,411086,411088,2,0
411086,411086,411087,1,0
411086,411086,411088,2,0
411086,411086,411088,2,0
411086,411086,411091,5,0
411086,411086,411092,6,0
386946,386946,411095,24149,0
411001,411001,411095,94,0
411097,411098,411099,1,1
411097,411098,411099,1,1
411097,411098,411099,1,1
411097,411098,411100,2,1
411097,411098,411099,1,1
411097,411098,411099,1,1
411097,411098,411099,1,1
411097,411098,411099,1,1
411097,411098,411100,2,1
411097,411098,411100,2,1
411097,411098,411099,1,1
411097,411098,411100,2,1
411097,411098,411100,2,1
411097,411098,411099,1,1
411097,411098,411099,1,1
411097,411099,411101,2,2
411097,411098,411101,3,1
411097,411098,411101,3,1
411097,411099,411102,3,2
411097,411100,411102,2,3
411097,411098,411104,6,1
411017,411017,411106,89,0
411020,411020,411107,87,0
411108,411109,411110,1,1
411108,411109,411110,1,1
411108,411108,411110,2,0
411108,411109,411110,1,1
411108,411109,411110,1,1
411108,411108,411110,2,0
411108,411109,411110,1,1
411108,411109,411110,1,1
411108,411109,411110,1,1
411108,411109,411110,1,1
411108,411109,411110,1,1
411108,411109,411111,2,1
411108,411109,411110,1,1
411108,411109,411110,1,1
411108,411109,411111,2,1
411108,411109,411111,2,1
411110,411111,411112,1,1
411110,411111,411113,2,1
411110,411111,411113,2,1
411110,411111,411112,1,1
411110,411111,411113,2,1
411110,411111,411112,1,1
411110,411111,411113,2,1
411110,411111,411112,1,1
411110,411111,411112,1,1
411110,411111,411112,1,1
411110,411111,411112,1,1
411110,411111,411113,2,1
411110,411111,411112,1,1
411110,411111,411112,1,1
411108,411109,411115,6,1
411108,411109,411116,7,1
411108,411110,411115,5,2
411110,411111,411115,4,1
411110,411111,411115,4,1
411110,411112,411115,3,2
411108,411109,411117,8,1
411108,411109,411118,9,1
411108,411110,411118,8,2
411110,411111,411118,7,1
411110,411112,411119,7,2
411110,411112,411118,6,2
411110,411111,411120,9,1
411110,411111,411120,9,1
410997,410997,411123,126,0
411011,411011,411133,122,0
411132,411132,411133,1,0
411132,411132,411134,2,0
411132,411132,411134,2,0
411132,411132,411134,2,0
411132,411132,411134,2,0
411132,411132,411134,2,0
411132,411132,411134,2,0
411132,411132,411134,2,0
411132,411132,411134,2,0
411132,411132,411134,2,0
411132,411132,411134,2,0
411132,411132,411134,2,0
411132,411132,411134,2,0
411132,411132,411134,2,0
411132,411132,411134,2,0
411132,411132,411134,2,0
411132,411132,411134,2,0
411132,411132,411135,3,0
411132,411132,411134,2,0
411134,411135,411136,1,1
411134,411134,411136,2,0
411134,411135,411136,1,1
411134,411135,411136,1,1
411134,411135,411136,1,1
411134,411135,411136,1,1
411134,411135,411137,2,1
411134,411134,411136,2,0
411134,411135,411136,1,1
411134,411135,411136,1,1
411134,411135,411136,1,1
411134,411135,411137,2,1
411134,411135,411136,1,1
411134,411135,411136,1,1
411134,411135,411136,1,1
411134,411135,411136,1,1
411134,411135,411136,1,1
411134,411135,411136,1,1
411134,411135,411136,1,1
411134,411135,411136,1,1
411132,411132,411137,5,0
411132,411133,411137,4,1
411023,411024,411138,114,1
411036,411038,411138,100,2
411132,411133,411138,5,1
411134,411135,411138,3,1
411134,411135,411138,3,1
411055,411055,411141,86,0
411027,411027,411141,114,0
411141,411142,411143,1,1
411141,411142,411143,1,1
411141,411142,411143,1,1
411141,411142,411143,1,1
411141,411142,411143,1,1
411141,411142,411143,1,1
411141,411142,411143,1,1
411141,411142,411144,2,1
411141,411142,411143,1,1
411141,411142,411144,2,1
411141,411142,411143,1,1
411141,411142,411144,2,1
411141,411142,411144,2,1
411141,411142,411144,2,1
411141,411142,411144,2,1
411141,411142,411143,1,1
411141,411142,411144,2,1
411141,411142,411144,2,1
411141,411142,411143,1,1
411141,411142,411143,1,1
411141,411142,411144,2,1
411141,411142,411144,2,1
411141,411142,411143,1,1
411141,411142,411144,2,1
411141,411142,411144,2,1
411141,411142,411144,2,1
411141,411142,411144,2,1
411141,411142,411144,2,1
411141,411142,411144,2,1
411141,411142,411144,2,1
411141,411142,411144,2,1
411145,411145,411146,1,0
411145,411146,411147,1,1
411145,411146,411147,1,1
411145,411145,411146,1,0
411145,411145,411147,2,0
411145,411145,411147,2,0
411145,411146,411147,1,1
411145,411146,411147,1,1
411145,411145,411147,2,0
411145,411145,411147,2,0
411145,411146,411147,1,1
411145,411145,411147,2,0
411145,411145,411147,2,0
411145,411145,411147,2,0
411145,411146,411147,1,1
411145,411146,411147,1,1
411145,411146,411147,1,1
411145,411146,411147,1,1
411145,411146,411148,2,1
411145,411146,411148,2,1
411141,411142,411146,4,1
411141,411142,411147,5,1
411141,411143,411147,4,2
411141,411144,411147,3,3
411141,411144,411147,3,3
411145,411146,411148,2,1
411145,411146,411148,2,1
411145,411146,411148,2,1
411141,411142,411144,2,1
411141,411142,411144,2,1
411141,411142,411144,2,1
411145,411146,411148,2,1
411145,411146,411148,2,1
411145,411147,411148,1,2
411145,411146,411148,2,1
411145,411146,411148,2,1
411145,411146,411147,1,1
411145,411146,411148,2,1
411145,411147,411148,1,2
411145,411147,411148,1,2
411145,411146,411147,1,1
411145,411146,411148,2,1
411145,411146,411147,1,1
411145,411146,411147,1,1
411145,411146,411148,2,1
411141,411142,411148,6,1
411141,411142,411148,6,1
411141,411143,411148,5,2
411145,411146,411148,2,1
411145,411146,411148,2,1
411145,411146,411148,2,1
411145,411146,411148,2,1
411031,411032,411149,117,1
411145,411148,411150,2,3
411141,411143,411149,6,2
411141,411144,411149,5,3
411145,411146,411149,3,1
411145,411149,411150,1,4
411153,411153,411154,1,0
411153,411153,411155,2,0
411153,411153,411155,2,0
411153,411153,411155,2,0
411153,411153,411154,1,0
411153,411153,411155,2,0
411153,411153,411154,1,0
411153,411153,411155,2,0
411153,411153,411155,2,0
411153,411153,411155,2,0
411153,411153,411155,2,0
411153,411153,411154,1,0
411153,411153,411155,2,0
411153,411153,411155,2,0
411153,411153,411155,2,0
411153,411153,411155,2,0
411153,411153,411155,2,0
411049,411049,411156,107,0
386930,386930,411157,24227,0
411153,411153,411158,5,0
411153,411154,411158,4,1
411060,411060,411159,99,0
411158,411159,411160,1,1
411158,411159,411160,1,1
411158,411159,411160,1,1
411158,411159,411160,1,1
411158,411159,411160,1,1
411158,411159,411161,2,1
411158,411159,411160,1,1
411158,411159,411160,1,1
411158,411159,411161,2,1
411158,411159,411160,1,1
411158,411159,411161,2,1
411158,411159,411160,1,1
411158,411159,411160,1,1
411158,411159,411161,2,1
411158,411159,411161,2,1
411158,411160,411162,2,2
411158,411160,411162,2,2
411158,411161,411162,1,3
411162,411163,411164,1,1
411162,411163,411164,1,1
411162,411163,411164,1,1
411162,411163,411164,1,1
411162,411163,411164,1,1
411153,411153,411160,7,0
411153,411154,411159,5,1
411153,411154,411159,5,1
411162,411163,411164,1,1
411162,411163,411165,2,1
411162,411163,411165,2,1
411162,411163,411165,2,1
411162,411163,411165,2,1
411162,411163,411165,2,1
411162,411163,411165,2,1
411162,411163,411165,2,1
411162,411163,411165,2,1
411162,411163,411165,2,1
411162,411163,411165,2,1
411162,411163,411165,2,1
411162,411163,411165,2,1
411162,411163,411165,2,1
411162,411163,411166,3,1
411158,411165,411168,3,7
411158,411159,411168,9,1
411158,411159,411170,11,1
411158,411159,411170,11,1
411162,411163,411171,8,1
411162,411163,411170,7,1
411082,411082,411172,90,0
411177,411178,411179,1,1
411177,411178,411179,1,1
411177,411177,411179,2,0
411177,411178,411179,1,1
411071,411073,411179,106,2
411087,411089,411179,90,2
411177,411178,411180,2,1
411177,411178,411180,2,1
411177,411178,411179,1,1
411177,411178,411179,1,1
411177,411178,411179,1,1
411177,411177,411179,2,0
411177,411178,411179,1,1
411177,411178,411179,1,1
411177,411178,411180,2,1
411177,411178,411179,1,1
411177,411178,411179,1,1
411177,411178,411179,1,1
411177,411178,411179,1,1
411177,411178,411180,2,1
411177,411178,411179,1,1
411177,411178,411180,2,1
411177,411178,411181,3,1
411177,411178,411181,3,1
411183,411184,411185,1,1
411183,411184,411185,1,1
411183,411184,411185,1,1
411183,411184,411185,1,1
411183,411183,411185,2,0
411183,411184,411185,1,1
411183,411184,411185,1,1
411183,411184,411185,1,1
411183,411183,411185,2,0
411183,411184,411185,1,1
411183,411184,411185,1,1
411183,411184,411185,1,1
411183,411184,411185,1,1
411183,411184,411185,1,1
411183,411184,411185,1,1
411183,411184,411186,2,1
411183,411184,411186,2,1
411186,411187,411188,1,1
411186,411187,411188,1,1
411186,411187,411188,1,1
411186,411187,411188,1,1
411186,411187,411188,1,1
411186,411187,411188,1,1
411186,411187,411188,1,1
411186,411187,411188,1,1
411186,411187,411188,1,1
411186,411187,411188,1,1
411186,411187,411188,1,1
411186,411187,411188,1,1
411186,411187,411188,1,1
411186,411187,411188,1,1
411186,411187,411189,2,1
411186,411187,411188,1,1
411186,411187,411189,2,1
411186,411187,411189,2,1
411183,411184,411190,6,1
411183,411184,411190,6,1
411183,411184,411190,6,1
411186,411187,411192,5,1
411186,411187,411191,4,1
411183,411184,411192,8,1
411183,411184,411192,8,1
411186,411187,411195,8,1
411186,411187,411196,9,1
411099,411099,411197,98,0
411109,411110,411198,88,1
411113,411113,411203,90,0
411204,411204,411205,1,0
411204,411204,411205,1,0
411204,411204,411205,1,0
411204,411204,411205,1,0
411204,411204,411206,2,0
411204,411204,411205,1,0
411204,411204,411205,1,0
411095,411096,411205,109,1
411204,411204,411206,2,0
411204,411204,411206,2,0
411204,411204,411206,2,0
411204,411204,411205,1,0
411204,411204,411206,2,0
411204,411204,411205,1,0
411204,411204,411205,1,0
411204,411204,411206,2,0
411204,411204,411206,2,0
411204,411204,411206,2,0
411204,411205,411206,1,1
411204,411204,411206,2,0
411204,411204,411206,2,0
411204,411204,411206,2,0
411204,411204,411205,1,0
411204,411204,411206,2,0
411204,411204,411206,2,0
411204,411204,411206,2,0
411204,411205,411206,1,1
411204,411204,411206,2,0
411204,411204,411206,2,0
411204,411204,411206,2,0
411204,411204,411206,2,0
411204,411204,411206,2,0
411105,411106,411206,100,1
411204,411204,411206,2,0
411204,411204,411206,2,0
411204,411204,411206,2,0
411204,411204,411206,2,0
411204,411204,411206,2,0
411204,411204,411206,2,0
411204,411205,411207,2,1
411204,411205,411207,2,1
411204,411205,411206,1,1
411206,411207,411208,1,1
411206,411206,411208,2,0
411206,411206,411208,2,0
411206,411207,411208,1,1
411206,411207,411208,1,1
411206,411207,411208,1,1
411206,411207,411208,1,1
411206,411207,411208,1,1
411206,411207,411208,1,1
411206,411206,411208,2,0
411206,411207,411208,1,1
411206,411207,411208,1,1
411206,411207,411208,1,1
411206,411207,411208,1,1
411206,411207,411208,1,1
411206,411206,411208,2,0
411206,411207,411208,1,1
411206,411206,411208,2,0
411206,411207,411208,1,1
411206,411207,411208,1,1
411206,411207,411209,2,1
411206,411206,411208,2,0
411206,411207,411208,1,1
411206,411207,411208,1,1
411206,411207,411209,2,1
411206,411207,411208,1,1
411206,411207,411209,2,1
411206,411207,411208,1,1
411206,411207,411209,2,1
411206,411207,411209,2,1
411206,411207,411209,2,1
411206,411207,411209,2,1
411206,411207,411209,2,1
411206,411207,411209,2,1
411206,411207,411209,2,1
411206,411207,411209,2,1
411206,411207,411209,2,1
411206,411207,411209,2,1
411206,411208,411209,1,2
411206,411208,411209,1,2
411206,411208,411209,1,2
411208,411209,411210,1,1
411206,411207,411209,2,1
411206,411207,411209,2,1
411206,411207,411209,2,1
411208,411209,411210,1,1
411208,411209,411210,1,1
411208,411209,411210,1,1
411208,411209,411210,1,1
411208,411209,411210,1,1
411208,411209,411210,1,1
411208,411209,411211,2,1
411208,411209,411211,2,1
411208,411209,411211,2,1
411208,411209,411211,2,1
411208,411209,411211,2,1
411208,411209,411211,2,1
411208,411209,411211,2,1
411208,411209,411211,2,1
411208,411209,411211,2,1
411208,411210,411211,1,2
411208,411210,411211,1,2
411118,411118,411216,98,0
411204,411205,411216,11,1
411204,411206,411216,10,2
411208,411210,411216,6,2
411208,411210,411216,6,2
411208,411211,411216,5,3
411208,411211,411216,5,3
411204,411204,411217,13,0
411204,411205,411217,12,1
411220,411221,411222,1,1
411220,411221,411222,1,1
411220,411221,411222,1,1
411220,411221,411222,1,1
411220,411221,411222,1,1
411220,411221,411222,1,1
411220,411221,411222,1,1
411220,411221,411222,1,1
411220,411221,411222,1,1
411220,411221,411222,1,1
411220,411221,411223,2,1
411220,411221,411222,1,1
411220,411221,411223,2,1
411220,411221,411222,1,1
411220,411221,411223,2,1
411220,411222,411225,3,2
411220,411224,411226,2,4
411220,411224,411226,2,4
411220,411224,411226,2,4
411220,411221,411229,8,1
411220,411221,411229,8,1
411220,411222,411229,7,2
411126,411126,411229,103,0
411148,411148,411233,85,0
411139,411139,411234,95,0
411235,411235,411237,2,0
411235,411236,411237,1,1
411235,411236,411237,1,1
411235,411236,411237,1,1
411235,411235,411237,2,0
411235,411235,411237,2,0
411235,411236,411237,1,1
411235,411235,411237,2,0
411235,411235,411237,2,0
411235,411236,411237,1,1
411235,411236,411238,2,1
411235,411235,411237,2,0
411235,411236,411237,1,1
411235,411236,411237,1,1
411235,411235,411237,2,0
411235,411236,411238,2,1
411235,411236,411237,1,1
411235,411236,411238,2,1
411235,411235,411237,2,0
411235,411236,411237,1,1
411235,411236,411237,1,1
411235,411236,411237,1,1
411235,411235,411237,2,0
411235,411236,411237,1,1
411235,411236,411238,2,1
411235,411235,411237,2,0
411235,411236,411237,1,1
411235,411236,411237,1,1
411235,411236,411237,1,1
411235,411236,411237,1,1
411235,411235,411237,2,0
411235,411236,411238,2,1
411235,411236,411237,1,1
411235,411235,411238,3,0
411235,411236,411237,1,1
411235,411236,411238,2,1
411235,411236,411238,2,1
411235,411236,411238,2,1
411150,411150,411238,88,0
386946,386946,411238,24292,0
411137,411137,411239,102,0
411239,411239,411240,1,0
411239,411239,411241,2,0
411239,411239,411241,2,0
411239,411239,411241,2,0
411239,411239,411241,2,0
411239,411240,411241,1,1
411239,411239,411241,2,0
411239,411240,411241,1,1
411239,411239,411241,2,0
411239,411239,411242,3,0
411239,411240,411241,1,1
411239,411239,411241,2,0
411239,411240,411241,1,1
411239,411239,411241,2,0
411239,411239,411241,2,0
411239,411239,411241,2,0
411239,411239,411241,2,0
411239,411240,411242,2,1
411239,411240,411241,1,1
411239,411240,411241,1,1
411235,411235,411242,7,0
411235,411236,411242,6,1
411235,411236,411242,6,1
411235,411237,411243,6,2
411235,411238,411243,5,3
411242,411242,411244,2,0
411242,411242,411244,2,0
411235,411238,411243,5,3
411242,411243,411244,1,1
411242,411243,411244,1,1
411242,411243,411244,1,1
411242,411243,411244,1,1
411242,411243,411244,1,1
411242,411243,411244,1,1
411242,411242,411244,2,0
411242,411243,411244,1,1
411242,411243,411244,1,1
411242,411243,411245,2,1
411242,411243,411244,1,1
411242,411243,411244,1,1
411242,411243,411245,2,1
411242,411243,411244,1,1
411239,411240,411246,6,1
411239,411241,411246,5,2
411246,411246,411247,1,0
411246,411246,411247,1,0
411246,411246,411248,2,0
411246,411246,411247,1,0
411246,411246,411247,1,0
411242,411243,411248,5,1
411242,411243,411247,4,1
411246,411246,411248,2,0
411246,411246,411248,2,0
411246,411246,411247,1,0
411246,411246,411248,2,0
411246,411246,411248,2,0
411246,411246,411248,2,0
411246,411246,411248,2,0
411246,411246,411248,2,0
411246,411246,411248,2,0
411246,411247,411249,2,1
411246,411247,411248,1,1
411246,411246,411248,2,0
411246,411246,411249,3,0
411246,411247,411249,2,1
411242,411248,411249,1,6
411242,411248,411249,1,6
411246,411248,411249,1,2
411242,411243,411250,7,1
411242,411243,411250,7,1
411246,411246,411251,5,0
411246,411247,411250,3,1
411155,411156,411257,101,1
411260,411260,411261,1,0
411260,411260,411262,2,0
411260,411260,411262,2,0
411260,411260,411262,2,0
411260,411261,411262,1,1
411260,411261,411263,2,1
411260,411261,411262,1,1
411260,411260,411262,2,0
411260,411261,411262,1,1
411260,411261,411262,1,1
411260,411261,411262,1,1
411260,411260,411262,2,0
411260,411261,411262,1,1
411260,411261,411262,1,1
411260,411260,411262,2,0
411260,411261,411264,3,1
411260,411261,411264,3,1
411260,411261,411264,3,1
411260,411262,411264,2,2
411260,411260,411266,6,0
411260,411261,411266,5,1
411260,411261,411266,5,1
411179,411179,411269,90,0
411166,411166,411272,106,0
411271,411271,411273,2,0
411271,411271,411273,2,0
411271,411271,411273,2,0
411271,411272,411273,1,1
411271,411272,411273,1,1
411271,411272,411273,1,1
411271,411272,411274,2,1
411271,411271,411273,2,0
411271,411272,411273,1,1
411271,411271,411273,2,0
411271,411272,411273,1,1
411271,411271,411273,2,0
411271,411272,411273,1,1
411271,411271,411273,2,0
411271,411272,411274,2,1
411271,411272,411273,1,1
411271,411271,411273,2,0
411271,411272,411273,1,1
411271,411272,411274,2,1
411274,411274,411275,1,0
411274,411274,411275,1,0
411274,411274,411276,2,0
411274,411274,411276,2,0
411274,411274,411276,2,0
411274,411274,411276,2,0
411274,411274,411276,2,0
411274,411274,411276,2,0
411274,411274,411276,2,0
411274,411274,411276,2,0
411274,411274,411276,2,0
411274,411274,411276,2,0
411274,411274,411276,2,0
411274,411274,411276,2,0
411274,411274,411277,3,0
411274,411274,411276,2,0
411274,411274,411276,2,0
411274,411274,411276,2,0
411274,411274,411276,2,0
411274,411274,411276,2,0
411274,411274,411277,3,0
411271,411274,411279,5,3
411271,411274,411281,7,3
411271,411274,411281,7,3
411274,411274,411280,6,0
411208,411208,411291,83,0
411181,411181,411295,114,0
411294,411294,411295,1,0
411188,411189,411294,105,1
411294,411294,411295,1,0
411294,411294,411295,1,0
411294,411294,411295,1,0
411294,411294,411295,1,0
411294,411294,411295,1,0
411294,411294,411296,2,0
411294,411294,411296,2,0
411294,411294,411296,2,0
411294,411294,411296,2,0
411294,411294,411296,2,0
411294,411294,411296,2,0
411294,411294,411296,2,0
411294,411294,411296,2,0
411294,411294,411295,1,0
411191,411192,411296,104,1
411294,411295,411297,2,1
411198,411198,411297,99,0
411294,411295,411297,2,1
411297,411297,411298,1,0
411297,411297,411298,1,0
411294,411295,411298,3,1
411294,411295,411298,3,1
411297,411297,411299,2,0
411186,411186,411298,112,0
411297,411297,411299,2,0
411297,411297,411299,2,0
411297,411298,411299,1,1
411297,411297,411299,2,0
411297,411297,411299,2,0
411297,411297,411299,2,0
411297,411298,411299,1,1
411297,411297,411299,2,0
411297,411297,411299,2,0
411297,411297,411299,2,0
411297,411298,411299,1,1
411297,411298,411299,1,1
411297,411297,411299,2,0
411297,411297,411299,2,0
411297,411297,411299,2,0
411297,411298,411299,1,1
411297,411297,411298,1,0
411297,411297,411299,2,0
411297,411297,411299,2,0
411297,411298,411299,1,1
411297,411298,411299,1,1
411297,411297,411299,2,0
411297,411297,411299,2,0
411297,411297,411299,2,0
411297,411297,411299,2,0
411297,411298,411299,1,1
411297,411297,411299,2,0
411297,411297,411299,2,0
411297,411297,411299,2,0
411297,411298,411299,1,1
411297,411297,411300,3,0
411297,411298,411299,1,1
411297,411298,411300,2,1
411297,411297,411299,2,0
411297,411297,411299,2,0
411297,411297,411300,3,0
411297,411298,411299,1,1
411297,411298,411299,1,1
411299,411300,411301,1,1
411300,411300,411301,1,0
411300,411300,411301,1,0
411299,411300,411301,1,1
411299,411300,411302,2,1
411299,411300,411301,1,1
411299,411300,411301,1,1
411299,411300,411302,2,1
411299,411300,411302,2,1
411299,411300,411302,2,1
411299,411300,411302,2,1
411294,411294,411301,7,0
411294,411295,411302,7,1
411294,411295,411301,6,1
411299,411300,411301,1,1
411299,411300,411302,2,1
411299,411300,411302,2,1
411300,411301,411302,1,1
411300,411301,411302,1,1
411300,411301,411303,2,1
411299,411300,411301,1,1
411299,411300,411302,2,1
411299,411300,411302,2,1
411299,411301,411302,1,2
411299,411301,411302,1,2
411299,411301,411302,1,2
411300,411300,411303,3,0
411300,411301,411302,1,1
411299,411300,411302,2,1
411300,411300,411302,2,0
411300,411301,411302,1,1
411300,411301,411303,2,1
411300,411301,411302,1,1
411300,411301,411303,2,1
411300,411301,411303,2,1
411299,411300,411302,2,1
411299,411300,411302,2,1
411300,411301,411303,2,1
411300,411301,411303,2,1
411300,411301,411303,2,1
411300,411302,411303,1,2
411300,411301,411303,2,1
411297,411297,411302,5,0
411297,411298,411302,4,1
411297,411298,411302,4,1
411303,411303,411304,1,0
411303,411303,411304,1,0
411300,411301,411303,2,1
411300,411301,411303,2,1
411300,411302,411303,1,2
411300,411302,411303,1,2
411303,411303,411304,1,0
411303,411303,411304,1,0
411303,411303,411305,2,0
411303,411304,411305,1,1
411303,411303,411305,2,0
411303,411304,411305,1,1
411303,411303,411305,2,0
411303,411304,411306,2,1
411303,411303,411305,2,0
411303,411303,411305,2,0
411303,411303,411305,2,0
411303,411303,411305,2,0
411303,411304,411306,2,1
411303,411304,411305,1,1
411303,411304,411305,1,1
411303,411304,411305,1,1
411303,411304,411305,1,1
411303,411304,411306,2,1
411299,411300,411307,7,1
411303,411303,411313,10,0
411303,411304,411312,8,1
411210,411210,411313,103,0
411222,411222,411316,94,0
411316,411317,411318,1,1
411316,411316,411318,2,0
411316,411317,411318,1,1
411316,411317,411318,1,1
411316,411316,411318,2,0
411316,411316,411318,2,0
411316,411316,411318,2,0
411316,411316,411318,2,0
411316,411317,411318,1,1
411316,411317,411318,1,1
411316,411317,411318,1,1
411316,411317,411318,1,1
411316,411316,411318,2,0
411316,411317,411318,1,1
411316,411317,411318,1,1
411316,411317,411319,2,1
411316,411317,411318,1,1
411316,411317,411318,1,1
411316,411316,411318,2,0
411316,411317,411319,2,1
411316,411317,411319,2,1
411316,411317,411318,1,1
411316,411317,411318,1,1
411316,411316,411318,2,0
411316,411317,411319,2,1
411316,411317,411319,2,1
411316,411316,411318,2,0
411316,411317,411318,1,1
411316,411317,411319,2,1
411316,411317,411319,2,1
411316,411317,411319,2,1
411316,411317,411319,2,1
411316,411318,411319,1,2
411316,411317,411319,2,1
411316,411317,411319,2,1
411316,411318,411320,2,2
411316,411318,411320,2,2
411316,411317,411319,2,1
411316,411317,411320,3,1
411316,411318,411320,2,2
411316,411319,411321,2,3
411316,411319,411321,2,3
411241,411241,411323,82,0
411316,411319,411321,2,3
411316,411319,411321,2,3
411230,411231,411325,94,1
411237,411237,411329,92,0
411328,411328,411329,1,0
411328,411328,411329,1,0
411328,411328,411329,1,0
411328,411328,411329,1,0
411328,411328,411329,1,0
411328,411328,411329,1,0
411328,411328,411330,2,0
411328,411328,411329,1,0
411328,411328,411330,2,0
411328,411328,411329,1,0
411328,411328,411329,1,0
411328,411328,411330,2,0
411328,411328,411330,2,0
411328,411328,411330,2,0
411328,411328,411330,2,0
411328,411328,411330,2,0
411328,411329,411330,1,1
411328,411329,411330,1,1
411328,411328,411329,1,0
411328,411328,411330,2,0
411328,411328,411330,2,0
411328,411329,411330,1,1
411328,411329,411330,1,1
411328,411328,411330,2,0
411328,411328,411330,2,0
411328,411328,411330,2,0
411328,411328,411330,2,0
411328,411328,411330,2,0
411328,411328,411330,2,0
411328,411328,411330,2,0
411328,411328,411330,2,0
411328,411328,411330,2,0
411328,411328,411330,2,0
411328,411328,411330,2,0
411328,411328,411330,2,0
411328,411328,411330,2,0
411328,411328,411330,2,0
411328,411328,411330,2,0
411328,411328,411330,2,0
411328,411328,411332,4,0
411328,411329,411333,4,1
411328,411329,411332,3,1
411328,411330,411333,3,2
411328,411331,411332,1,3
411332,411332,411334,2,0
411332,411332,411334,2,0
411332,411333,411334,1,1
411332,411332,411334,2,0
411332,411332,411334,2,0
411332,411332,411334,2,0
411332,411332,411334,2,0
411332,411332,411334,2,0
411332,411333,411334,1,1
411332,411332,411335,3,0
411332,411333,411334,1,1
411332,411332,411334,2,0
411332,411332,411334,2,0
411332,411333,411334,1,1
411332,411333,411334,1,1
411332,411333,411335,2,1
411332,411333,411335,2,1
411332,411334,411336,2,2
411332,411332,411335,3,0
411218,411218,411335,117,0
411332,411332,411336,4,0
411332,411333,411336,3,1
411332,411333,411336,3,1
411247,411248,411336,88,1
411339,411339,411341,2,0
411339,411339,411341,2,0
411339,411339,411341,2,0
411339,411339,411341,2,0
411339,411339,411341,2,0
411339,411339,411341,2,0
411339,411339,411341,2,0
411339,411340,411341,1,1
411339,411339,411341,2,0
411339,411340,411341,1,1
411339,411339,411342,3,0
411339,411340,411341,1,1
411339,411339,411341,2,0
411339,411340,411341,1,1
411339,411340,411342,2,1
411339,411340,411342,2,1
411339,411340,411342,2,1
411339,411340,411343,3,1
411339,411340,411342,2,1
411344,411344,411346,2,0
411344,411345,411346,1,1
411344,411344,411346,2,0
411344,411345,411346,1,1
411344,411345,411347,2,1
411339,411340,411345,5,1
411339,411340,411346,6,1
411339,411340,411345,5,1
411344,411345,411346,1,1
411344,411344,411346,2,0
411344,411345,411346,1,1
411344,411345,411347,2,1
411344,411345,411346,1,1
411344,411345,411347,2,1
411344,411345,411346,1,1
411344,411344,411347,3,0
411344,411345,411348,3,1
411344,411345,411348,3,1
411344,411345,411352,7,1
411344,411345,411351,6,1
411344,411350,411351,1,6
411344,411350,411352,2,6
411344,411345,411352,7,1
411344,411345,411354,9,1
411265,411266,411353,87,1
411344,411345,411354,9,1
411258,411258,411354,96,0
411355,411355,411357,2,0
411355,411355,411357,2,0
411355,411355,411357,2,0
411355,411355,411357,2,0
411355,411355,411357,2,0
411355,411355,411357,2,0
411355,411355,411357,2,0
411355,411355,411357,2,0
411355,411355,411357,2,0
411355,411355,411357,2,0
411355,411355,411356,1,0
411355,411355,411357,2,0
411355,411355,411357,2,0
411355,411355,411357,2,0
411355,411355,411357,2,0
411355,411356,411358,2,1
411355,411356,411358,2,1
411355,411355,411359,4,0
411361,411361,411363,2,0
411361,411361,411363,2,0
411361,411361,411363,2,0
411361,411361,411363,2,0
411361,411361,411363,2,0
411361,411361,411363,2,0
411361,411361,411363,2,0
411361,411361,411363,2,0
411361,411361,411363,2,0
411361,411361,411363,2,0
411361,411361,411363,2,0
411361,411361,411363,2,0
411361,411362,411363,1,1
411361,411361,411363,2,0
411361,411361,411363,2,0
411361,411361,411364,3,0
411361,411361,411364,3,0
411355,411360,411364,4,5
411355,411361,411364,3,6
411355,411356,411365,9,1
411361,411362,411365,3,1
411361,411362,411366,4,1
411355,411356,411365,9,1
411361,411362,411366,4,1
411361,411363,411366,3,2
411361,411362,411367,5,1
411273,411273,411370,97,0
411278,411278,411375,97,0
411375,411375,411376,1,0
411375,411375,411377,2,0
411375,411375,411377,2,0
411375,411375,411377,2,0
411375,411375,411377,2,0
411375,411375,411377,2,0
411375,411376,411377,1,1
411375,411375,411377,2,0
411375,411375,411377,2,0
411375,411375,411377,2,0
411375,411375,411377,2,0
411375,411375,411377,2,0
411375,411375,411377,2,0
411375,411375,411377,2,0
411375,411375,411377,2,0
411375,411375,411377,2,0
411375,411375,411377,2,0
411375,411376,411377,1,1
411375,411376,411378,2,1
411375,411376,411378,2,1
411377,411378,411379,1,1
411377,411378,411379,1,1
411377,411378,411379,1,1
411377,411378,411379,1,1
411377,411378,411380,2,1
411377,411378,411379,1,1
411377,411378,411380,2,1
411377,411378,411380,2,1
411377,411378,411379,1,1
411377,411378,411379,1,1
411377,411378,411379,1,1
411377,411378,411379,1,1
411377,411378,411379,1,1
411377,411378,411380,2,1
411377,411378,411380,2,1
411377,411378,411380,2,1
411377,411378,411379,1,1
411377,411378,411379,1,1
411377,411378,411379,1,1
411377,411378,411379,1,1
411377,411378,411380,2,1
411280,411281,411381,100,1
411375,411377,411381,4,2
411284,411284,411383,99,0
411382,411383,411384,1,1
411382,411383,411384,1,1
411382,411383,411384,1,1
411382,411383,411384,1,1
411382,411383,411384,1,1
411382,411383,411384,1,1
411382,411383,411384,1,1
411382,411383,411384,1,1
411382,411383,411384,1,1
411382,411384,411385,1,2
411377,411378,411384,6,1
411382,411383,411385,2,1
411382,411383,411384,1,1
411382,411383,411384,1,1
411382,411383,411384,1,1
411382,411383,411384,1,1
411382,411383,411384,1,1
411375,411377,411386,9,2
411382,411384,411385,1,2
411382,411384,411385,1,2
411385,411386,411387,1,1
411382,411383,411387,4,1
411385,411385,411387,2,0
411385,411386,411387,1,1
411385,411385,411388,3,0
411385,411386,411387,1,1
411385,411385,411387,2,0
411385,411385,411387,2,0
411385,411385,411387,2,0
411385,411385,411387,2,0
411385,411385,411387,2,0
411385,411385,411387,2,0
411385,411386,411387,1,1
411385,411386,411387,1,1
411385,411385,411387,2,0
411385,411386,411387,1,1
411385,411386,411387,1,1
411385,411386,411388,2,1
411382,411383,411389,6,1
411382,411383,411389,6,1
411382,411384,411389,5,2
411385,411386,411389,3,1
411299,411299,411389,90,0
411288,411288,411389,101,0
411385,411385,411390,5,0
411385,411386,411390,4,1
411385,411386,411393,7,1
411393,411393,411394,1,0
411385,411386,411393,7,1
411393,411393,411394,1,0
411393,411393,411395,2,0
411393,411393,411395,2,0
411393,411393,411395,2,0
411393,411393,411395,2,0
411393,411393,411395,2,0
411393,411393,411395,2,0
411393,411393,411395,2,0
411393,411393,411395,2,0
411393,411393,411395,2,0
411393,411393,411395,2,0
411393,411393,411395,2,0
411393,411393,411395,2,0
411393,411393,411396,3,0
411393,411395,411396,1,2
411302,411303,411398,95,1
411397,411398,411399,1,1
411393,411393,411398,5,0
411393,411393,411398,5,0
411397,411398,411399,1,1
411397,411398,411399,1,1
411397,411398,411399,1,1
411397,411398,411399,1,1
411397,411398,411399,1,1
411397,411398,411399,1,1
411397,411398,411399,1,1
411397,411398,411400,2,1
411397,411398,411399,1,1
411397,411398,411400,2,1
411397,411398,411399,1,1
411397,411398,411399,1,1
411397,411398,411399,1,1
411397,411398,411399,1,1
411397,411398,411399,1,1
411397,411398,411399,1,1
411397,411398,411399,1,1
411393,411395,411401,6,2
411309,411309,411402,93,0
411403,411403,411404,1,0
411403,411403,411405,2,0
411397,411398,411399,1,1
411397,411398,411399,1,1
411397,411398,411405,7,1
411397,411398,411405,7,1
411403,411403,411404,1,0
411403,411403,411405,2,0
411403,411403,411405,2,0
411403,411403,411405,2,0
411403,411403,411404,1,0
411403,411403,411405,2,0
411403,411403,411405,2,0
411403,411403,411405,2,0
411403,411403,411405,2,0
411403,411404,411405,1,1
411403,411403,411405,2,0
411403,411403,411405,2,0
411403,411403,411405,2,0
411403,411403,411405,2,0
411403,411403,411406,3,0
411403,411404,411406,2,1
411405,411406,411407,1,1
411405,411406,411407,1,1
411405,411406,411407,1,1
411405,411406,411407,1,1
411405,411406,411407,1,1
411405,411406,411407,1,1
411405,411406,411407,1,1
411405,411406,411407,1,1
411403,411405,411406,1,2
411403,411405,411407,2,2
411403,411405,411406,1,2
411405,411406,411407,1,1
411405,411406,411407,1,1
411405,411406,411407,1,1
411405,411406,411407,1,1
411405,411406,411407,1,1
411405,411406,411408,2,1
411405,411406,411408,2,1
411405,411406,411407,1,1
411405,411406,411407,1,1
411405,411406,411407,1,1
411405,411406,411408,2,1
411405,411406,411408,2,1
411405,411406,411408,2,1
411405,411406,411408,2,1
411403,411404,411409,5,1
411393,411393,411395,2,0
411393,411393,411395,2,0
411393,411393,411394,1,0
411342,411342,411432,90,0
411433,411434,411435,1,1
411433,411434,411435,1,1
411433,411434,411435,1,1
411433,411434,411435,1,1
411433,411434,411435,1,1
411433,411434,411436,2,1
411433,411434,411435,1,1
411433,411434,411436,2,1
411433,411434,411435,1,1
411433,411434,411435,1,1
411433,411434,411436,2,1
411433,411434,411435,1,1
411433,411434,411436,2,1
411433,411434,411436,2,1
411433,411434,411435,1,1
411433,411434,411435,1,1
411433,411434,411436,2,1
411433,411434,411435,1,1
411433,411434,411437,3,1
411337,411338,411436,98,1
411318,411318,411437,119,0
411329,411329,411439,110,0
411439,411439,411440,1,0
411439,411439,411441,2,0
411439,411439,411441,2,0
411439,411439,411441,2,0
411439,411440,411441,1,1
411439,411439,411441,2,0
411439,411439,411441,2,0
411439,411439,411441,2,0
411439,411440,411441,1,1
411439,411439,411441,2,0
411439,411439,411441,2,0
411439,411439,411441,2,0
411439,411439,411441,2,0
411439,411439,411441,2,0
411439,411439,411441,2,0
411439,411440,411441,1,1
411439,411439,411441,2,0
411439,411439,411441,2,0
411439,411439,411441,2,0
411439,411439,411441,2,0
411439,411439,411441,2,0
411439,411440,411441,1,1
411439,411440,411441,1,1
411439,411440,411441,1,1
411439,411440,411442,2,1
411439,411439,411441,2,0
411439,411439,411441,2,0
411439,411440,411441,1,1
411439,411440,411442,2,1
411439,411440,411441,1,1
411439,411440,411442,2,1
411439,411440,411442,2,1
411439,411440,411442,2,1
411439,411440,411442,2,1
411439,411440,411442,2,1
411439,411440,411442,2,1
411439,411440,411441,1,1
411439,411440,411442,2,1
411439,411441,411442,1,2
411439,411441,411442,1,2
411439,411440,411442,2,1
411439,411441,411442,1,2
411442,411442,411444,2,0
411433,411434,411442,8,1
411433,411435,411443,8,2
411442,411442,411444,2,0
411442,411442,411443,1,0
411442,411443,411444,1,1
411442,411443,411444,1,1
411442,411443,411444,1,1
411442,411443,411444,1,1
411442,411443,411445,2,1
411442,411442,411444,2,0
411442,411442,411444,2,0
411442,411442,411445,3,0
411442,411443,411444,1,1
411442,411442,411444,2,0
411442,411442,411444,2,0
411442,411443,411444,1,1
411442,411442,411444,2,0
411442,411442,411444,2,0
411442,411442,411444,2,0
411442,411442,411444,2,0
411442,411443,411445,2,1
411442,411443,411444,1,1
411433,411434,411444,10,1
411439,411444,411446,2,5
411442,411443,411445,2,1
411439,411443,411446,3,4
411346,411347,411451,104,1
411379,411379,411456,77,0
411456,411456,411457,1,0
411456,411456,411458,2,0
411456,411456,411457,1,0
411456,411456,411458,2,0
411456,411456,411458,2,0
411456,411456,411457,1,0
411456,411456,411457,1,0
411456,411456,411458,2,0
411456,411456,411457,1,0
411456,411456,411458,2,0
411456,411456,411458,2,0
411456,411456,411457,1,0
411456,411456,411458,2,0
411456,411456,411458,2,0
411456,411456,411458,2,0
411456,411456,411458,2,0
411456,411456,411458,2,0
411456,411456,411458,2,0
411456,411456,411458,2,0
411456,411456,411458,2,0
411459,411459,411460,1,0
411459,411459,411460,1,0
411459,411459,411461,2,0
411459,411459,411461,2,0
411459,411459,411461,2,0
411459,411459,411461,2,0
411459,411460,411461,1,1
411459,411459,411461,2,0
411459,411459,411461,2,0
411459,411459,411461,2,0
411459,411459,411461,2,0
411459,411459,411461,2,0
411459,411459,411461,2,0
411459,411459,411461,2,0
411459,411459,411461,2,0
411459,411459,411461,2,0
411456,411456,411461,5,0
411456,411457,411461,4,1
411459,411459,411461,2,0
411459,411460,411461,1,1
411459,411460,411461,1,1
411459,411459,411461,2,0
411459,411459,411461,2,0
411459,411460,411461,1,1
411363,411363,411467,104,0
411334,411335,411466,131,1
411470,411470,411472,2,0
411470,411470,411472,2,0
411470,411470,411472,2,0
411470,411470,411471,1,0
411470,411471,411472,1,1
411384,411384,411471,87,0
411470,411470,411472,2,0
411470,411470,411472,2,0
411470,411471,411472,1,1
411470,411470,411472,2,0
411470,411470,411472,2,0
411470,411470,411472,2,0
411470,411470,411472,2,0
411470,411470,411472,2,0
411470,411470,411472,2,0
411470,411470,411473,3,0
411470,411470,411472,2,0
411470,411470,411472,2,0
411470,411470,411472,2,0
411470,411470,411472,2,0
411470,411470,411472,2,0
411470,411470,411472,2,0
411470,411470,411472,2,0
411470,411470,411472,2,0
411470,411470,411472,2,0
411470,411470,411472,2,0
411470,411470,411472,2,0
411470,411470,411472,2,0
411470,411470,411472,2,0
411470,411470,411472,2,0
411470,411471,411473,2,1
411470,411470,411472,2,0
411470,411470,411472,2,0
411470,411470,411472,2,0
411470,411470,411473,3,0
411470,411471,411473,2,1
411470,411471,411473,2,1
411470,411472,411473,1,2
411470,411470,411472,2,0
411470,411470,411472,2,0
411470,411470,411472,2,0
411470,411471,411472,1,1
411395,411395,411474,79,0
411470,411472,411474,2,2
411470,411472,411474,2,2
411473,411474,411475,1,1
411473,411474,411475,1,1
411473,411474,411475,1,1
411473,411474,411476,2,1
411349,411349,411475,126,0
411473,411474,411475,1,1
411473,411474,411475,1,1
411473,411474,411476,2,1
411473,411474,411475,1,1
411473,411474,411476,2,1
411473,411474,411476,2,1
411473,411474,411476,2,1
411473,411474,411476,2,1
411473,411474,411476,2,1
411473,411474,411476,2,1
411473,411474,411476,2,1
411473,411474,411476,2,1
411473,411474,411476,2,1
411473,411474,411476,2,1
411473,411474,411476,2,1
411473,411474,411476,2,1
411477,411478,411480,2,1
411477,411478,411480,2,1
411477,411478,411480,2,1
411477,411477,411479,2,0
411477,411478,411480,2,1
411477,411477,411480,3,0
411477,411478,411480,2,1
411477,411478,411480,2,1
411477,411478,411479,1,1
411477,411478,411480,2,1
411477,411478,411480,2,1
411478,411479,411480,1,1
411477,411478,411480,2,1
411478,411479,411480,1,1
411478,411479,411480,1,1
411478,411479,411480,1,1
411478,411479,411481,2,1
411478,411479,411481,2,1
411470,411471,411480,9,1
411478,411479,411480,1,1
411478,411479,411480,1,1
411478,411479,411480,1,1
411477,411478,411480,2,1
411478,411479,411480,1,1
411478,411479,411480,1,1
411477,411477,411480,3,0
411477,411478,411480,2,1
411478,411479,411480,1,1
411478,411479,411480,1,1
411477,411478,411480,2,1
411478,411479,411480,1,1
411478,411479,411481,2,1
411478,411479,411480,1,1
411478,411479,411481,2,1
411478,411479,411481,2,1
411354,411360,411482,122,6
411473,411474,411482,8,1
411473,411475,411482,7,2
411477,411477,411482,5,0
411477,411478,411483,5,1
411477,411478,411483,5,1
411478,411479,411482,3,1
411483,411483,411484,1,0
411483,411483,411485,2,0
411483,411483,411485,2,0
411483,411483,411485,2,0
411483,411483,411485,2,0
411483,411483,411485,2,0
411483,411483,411485,2,0
411483,411483,411485,2,0
411483,411483,411485,2,0
411483,411483,411486,3,0
411483,411483,411485,2,0
411483,411484,411485,1,1
411483,411483,411486,3,0
411483,411483,411486,3,0
411483,411483,411486,3,0
411483,411483,411486,3,0
411483,411483,411486,3,0
411477,411478,411487,9,1
411477,411478,411487,9,1
411477,411478,411487,9,1
411478,411479,411487,8,1
411478,411479,411487,8,1
411478,411480,411487,7,2
411371,411376,411489,113,5
411483,411484,411489,5,1
411483,411483,411491,8,0
411483,411484,411491,7,1
411483,411484,411491,7,1
411483,411484,411491,7,1
411492,411492,411494,2,0
411492,411492,411494,2,0
411492,411493,411494,1,1
411492,411492,411495,3,0
411492,411493,411495,2,1
411492,411493,411495,2,1
411492,411492,411495,3,0
411492,411493,411495,2,1
411492,411493,411495,2,1
411492,411492,411495,3,0
411492,411493,411495,2,1
411492,411493,411495,2,1
411492,411494,411495,1,2
411492,411494,411495,1,2
411492,411492,411495,3,0
411492,411493,411496,3,1
411492,411493,411497,4,1
411492,411492,411497,5,0
411492,411493,411498,5,1
411492,411493,411497,4,1
411408,411408,411498,90,0
411500,411500,411501,1,0
411500,411500,411502,2,0
411500,411501,411502,1,1
411500,411500,411502,2,0
411500,411500,411502,2,0
411500,411500,411502,2,0
411500,411500,411502,2,0
411500,411500,411502,2,0
411500,411500,411502,2,0
411500,411500,411502,2,0
411500,411500,411502,2,0
411500,411500,411502,2,0
411500,411501,411502,1,1
411492,411492,411501,9,0
411492,411493,411501,8,1
411500,411501,411503,2,1
411500,411501,411503,2,1
411500,411501,411503,2,1
411387,411388,411504,116,1
411500,411501,411504,3,1
411500,411503,411505,2,3
411500,411504,411506,2,4
411500,411505,411507,2,5
411500,411501,411508,7,1
411500,411501,411508,7,1
411510,411510,411512,2,0
411510,411510,411512,2,0
411510,411510,411512,2,0
411510,411510,411512,2,0
411510,411510,411513,3,0
411510,411511,411512,1,1
411510,411510,411512,2,0
411510,411510,411513,3,0
411510,411511,411512,1,1
411510,411511,411513,2,1
411510,411510,411513,3,0
411510,411513,411514,1,3
411510,411513,411514,1,3
411510,411511,411514,3,1
411510,411513,411515,2,3
411510,411510,411515,5,0
411510,411510,411515,5,0
411510,411510,411517,7,0
411510,411511,411517,6,1
386939,386939,411522,24583,0
411510,411514,411525,11,4
411510,411515,411525,10,5
411510,411516,411525,9,6
411444,411444,411531,87,0
411533,411533,411535,2,0
411533,411533,411535,2,0
411533,411533,411535,2,0
386947,386947,411534,24587,0
411533,411533,411535,2,0
411533,411533,411535,2,0
411533,411533,411535,2,0
411533,411533,411535,2,0
411399,411404,411535,131,5
411533,411534,411536,2,1
411533,411533,411535,2,0
411533,411534,411535,1,1
411533,411534,411535,1,1
411533,411534,411535,1,1
411533,411533,411535,2,0
411533,411534,411535,1,1
411533,411534,411535,1,1
411533,411533,411535,2,0
411533,411534,411535,1,1
411533,411534,411535,1,1
411533,411534,411536,2,1
411533,411535,411536,1,2
411533,411534,411537,3,1
411533,411534,411537,3,1
411538,411538,411540,2,0
411538,411538,411540,2,0
411538,411538,411540,2,0
411538,411538,411540,2,0
411538,411539,411540,1,1
411538,411538,411540,2,0
411538,411538,411540,2,0
411538,411538,411540,2,0
411538,411538,411540,2,0
411538,411538,411540,2,0
411538,411538,411540,2,0
411538,411538,411541,3,0
411538,411539,411540,1,1
411538,411538,411540,2,0
411538,411538,411540,2,0
411538,411539,411540,1,1
411538,411538,411540,2,0
411538,411538,411540,2,0
411538,411538,411540,2,0
411538,411538,411541,3,0
411538,411538,411541,3,0
411538,411538,411541,3,0
411472,411472,411572,100,0
411480,411481,411572,91,1
411485,411488,411575,87,3
411574,411575,411576,1,1
411574,411575,411577,2,1
411574,411575,411576,1,1
411575,411575,411576,1,0
411575,411575,411577,2,0
411495,411495,411577,82,0
411574,411575,411577,2,1
411574,411575,411577,2,1
411574,411575,411576,1,1
411575,411576,411577,1,1
411574,411575,411576,1,1
411574,411575,411577,2,1
411574,411575,411577,2,1
411575,411576,411577,1,1
411574,411575,411577,2,1
411574,411575,411577,2,1
411574,411575,411577,2,1
411575,411575,411577,2,0
411575,411576,411577,1,1
411575,411576,411577,1,1
411575,411576,411577,1,1
411574,411575,411576,1,1
411575,411575,411577,2,0
411575,411575,411577,2,0
411574,411575,411577,2,1
411574,411575,411577,2,1
411575,411575,411577,2,0
411575,411576,411577,1,1
411575,411576,411577,1,1
411574,411575,411577,2,1
411574,411575,411577,2,1
411574,411575,411577,2,1
411575,411576,411577,1,1
411574,411575,411577,2,1
411574,411575,411577,2,1
411574,411576,411577,1,2
411575,411576,411577,1,1
411575,411576,411577,1,1
411575,411576,411578,2,1
411575,411576,411578,2,1
411575,411575,411578,3,0
411574,411576,411579,3,2
411575,411576,411579,3,1
411575,411576,411578,2,1
411575,411576,411579,3,1
411578,411579,411580,1,1
411578,411579,411580,1,1
411578,411579,411580,1,1
411578,411579,411581,2,1
411578,411579,411580,1,1
411578,411579,411580,1,1
411578,411579,411580,1,1
411413,411413,411580,167,0
411578,411579,411581,2,1
411578,411579,411580,1,1
411578,411579,411580,1,1
411578,411580,411581,1,2
411578,411578,411580,2,0
411578,411579,411580,1,1
411578,411579,411580,1,1
411578,411579,411581,2,1
411578,411579,411581,2,1
411578,411579,411581,2,1
411578,411579,411581,2,1
411578,411580,411581,1,2
411578,411579,411581,2,1
411578,411579,411581,2,1
411578,411579,411581,2,1
411578,411578,411581,3,0
411578,411579,411581,2,1
411578,411579,411581,2,1
411578,411579,411580,1,1
411578,411579,411580,1,1
411578,411579,411580,1,1
411578,411580,411581,1,2
411578,411579,411581,2,1
411578,411579,411581,2,1
411578,411580,411581,1,2
411578,411580,411582,2,2
411578,411581,411582,1,3
411578,411580,411581,1,2
411578,411580,411581,1,2
411578,411580,411582,2,2
411578,411581,411582,1,3
411582,411583,411584,1,1
411582,411583,411584,1,1
411582,411582,411584,2,0
411582,411582,411584,2,0
411582,411583,411584,1,1
411582,411582,411584,2,0
411582,411582,411584,2,0
411582,411583,411584,1,1
411582,411583,411584,1,1
411582,411583,411585,2,1
411582,411582,411584,2,0
411582,411583,411584,1,1
411582,411583,411584,1,1
411582,411583,411585,2,1
411582,411583,411585,2,1
411582,411583,411585,2,1
411582,411583,411585,2,1
411582,411584,411585,1,2
411582,411584,411585,1,2
411578,411580,411586,6,2
411578,411581,411587,6,3
411578,411581,411586,5,3
411578,411582,411586,4,4
411578,411582,411587,5,4
411578,411584,411586,2,6
411582,411585,411587,2,3
411582,411585,411588,3,3
411582,411583,411591,8,1
411475,411475,411594,119,0
411460,411461,411596,135,1
411417,411418,411598,180,1
411467,411468,411597,129,1
411596,411596,411597,1,0
411596,411596,411598,2,0
411596,411596,411598,2,0
411596,411596,411598,2,0
411596,411596,411598,2,0
411596,411596,411598,2,0
411596,411596,411598,2,0
411596,411596,411598,2,0
411596,411596,411598,2,0
411596,411596,411598,2,0
411596,411596,411598,2,0
411596,411596,411598,2,0
411596,411597,411598,1,1
411596,411596,411598,2,0
411596,411596,411598,2,0
411596,411597,411598,1,1
411596,411597,411599,2,1
411596,411597,411600,3,1
411596,411598,411600,2,2
411600,411600,411601,1,0
411600,411600,411601,1,0
411600,411600,411602,2,0
411600,411600,411602,2,0
411600,411600,411602,2,0
411600,411600,411602,2,0
411600,411600,411602,2,0
411600,411600,411602,2,0
411600,411600,411602,2,0
411600,411600,411602,2,0
411600,411600,411602,2,0
411600,411600,411602,2,0
411600,411600,411602,2,0
411600,411600,411602,2,0
411600,411600,411602,2,0
411600,411600,411602,2,0
411600,411600,411602,2,0
411600,411601,411602,1,1
411600,411600,411602,2,0
411600,411600,411603,3,0
411600,411600,411603,3,0
411600,411601,411602,1,1
411600,411600,411602,2,0
411600,411600,411602,2,0
411600,411600,411602,2,0
411600,411600,411603,3,0
411600,411601,411602,1,1
411600,411600,411602,2,0
411600,411600,411602,2,0
411600,411600,411602,2,0
411600,411601,411602,1,1
411600,411600,411602,2,0
411600,411600,411603,3,0
411600,411600,411603,3,0
411502,411502,411602,100,0
411600,411600,411602,2,0
411600,411600,411602,2,0
411596,411597,411603,6,1
411596,411598,411603,5,2
411600,411601,411604,3,1
411600,411601,411603,2,1
411600,411602,411604,2,2
411600,411602,411605,3,2
411596,411597,411604,7,1
411600,411600,411605,5,0
411600,411600,411605,5,0
411600,411600,411605,5,0
411605,411606,411607,1,1
411600,411600,411606,6,0
411605,411606,411607,1,1
411605,411606,411607,1,1
411605,411605,411607,2,0
411605,411605,411608,3,0
411605,411605,411607,2,0
411605,411606,411608,2,1
411605,411605,411607,2,0
411605,411605,411607,2,0
411605,411605,411607,2,0
411605,411606,411607,1,1
411605,411607,411608,1,2
411605,411605,411608,3,0
411605,411606,411608,2,1
411605,411606,411607,1,1
411605,411606,411608,2,1
411605,411607,411608,1,2
411605,411606,411607,1,1
411605,411606,411607,1,1
411605,411605,411608,3,0
411605,411606,411608,2,1
411605,411606,411608,2,1
411605,411605,411607,2,0
411605,411606,411608,2,1
411605,411606,411608,2,1
411605,411606,411608,2,1
411605,411607,411608,1,2
411605,411605,411607,2,0
411605,411606,411608,2,1
411420,411420,411608,188,0
411605,411606,411608,2,1
411490,411490,411608,118,0
411605,411605,411608,3,0
411605,411605,411607,2,0
411605,411606,411608,2,1
411605,411606,411608,2,1
411605,411606,411608,2,1
411605,411607,411608,1,2
411605,411606,411609,3,1
411605,411607,411608,1,2
411605,411607,411609,2,2
411428,411428,411610,182,0
411438,411438,411610,172,0
411453,411455,411609,154,2
411605,411605,411612,7,0
411605,411605,411612,7,0
411605,411606,411611,5,1
411605,411606,411612,6,1
411610,411611,411612,1,1
411610,411611,411612,1,1
411610,411611,411613,2,1
411611,411611,411612,1,0
411611,411611,411613,2,0
411610,411611,411613,2,1
411611,411611,411613,2,0
411610,411611,411612,1,1
411610,411611,411612,1,1
411611,411611,411613,2,0
411611,411611,411613,2,0
411611,411611,411613,2,0
411611,411612,411613,1,1
411611,411611,411613,2,0
411611,411612,411613,1,1
411610,411611,411613,2,1
411610,411611,411613,2,1
411610,411611,411613,2,1
411610,411611,411612,1,1
411611,411611,411613,2,0
411611,411612,411613,1,1
411610,411611,411612,1,1
411610,411611,411613,2,1
411610,411611,411613,2,1
411611,411611,411613,2,0
411611,411611,411613,2,0
411611,411612,411613,1,1
411611,411611,411613,2,0
411610,411611,411613,2,1
411610,411611,411613,2,1
411610,411611,411613,2,1
411611,411611,411613,2,0
411611,411612,411613,1,1
411611,411612,411613,1,1
411610,411611,411613,2,1
411610,411611,411613,2,1
411611,411611,411613,2,0
411611,411611,411613,2,0
411611,411611,411613,2,0
411611,411612,411614,2,1
411611,411612,411613,1,1
411611,411612,411614,2,1
411611,411611,411614,3,0
411610,411611,411613,2,1
411610,411611,411613,2,1
411610,411611,411613,2,1
411611,411611,411613,2,0
411611,411611,411613,2,0
411611,411612,411613,1,1
411611,411612,411614,2,1
411611,411612,411613,1,1
411611,411612,411614,2,1
411611,411613,411614,1,2
411611,411611,411613,2,0
411611,411611,411614,3,0
411611,411612,411613,1,1
411611,411612,411614,2,1
411611,411612,411614,2,1
411611,411613,411614,1,2
411611,411613,411614,1,2
411611,411613,411614,1,2
411605,411607,411614,7,2
411611,411611,411614,3,0
411611,411611,411614,3,0
411610,411611,411616,5,1
411611,411613,411617,4,2
411611,411612,411614,2,1
411518,411522,411619,97,4
411618,411619,411620,1,1
411618,411619,411620,1,1
411618,411619,411620,1,1
411618,411619,411621,2,1
411618,411619,411620,1,1
411618,411619,411621,2,1
411618,411619,411620,1,1
411618,411619,411621,2,1
411618,411619,411621,2,1
411618,411619,411621,2,1
411618,411619,411621,2,1
411618,411619,411621,2,1
411618,411619,411621,2,1
411618,411619,411621,2,1
411618,411619,411621,2,1
411618,411619,411621,2,1
411618,411620,411621,1,2
411618,411620,411622,2,2
411618,411620,411623,3,2
386929,386930,411625,24695,1
411623,411624,411625,1,1
411623,411624,411625,1,1
411624,411624,411626,2,0
411623,411624,411625,1,1
411623,411624,411625,1,1
411624,411624,411625,1,0
411623,411624,411625,1,1
411623,411624,411625,1,1
411623,411624,411625,1,1
411623,411624,411625,1,1
411623,411624,411625,1,1
411623,411624,411625,1,1
411623,411624,411625,1,1
411624,411624,411625,1,0
411623,411624,411625,1,1
411623,411624,411626,2,1
411623,411624,411625,1,1
411624,411624,411626,2,0
411623,411624,411625,1,1
411623,411624,411625,1,1
411623,411624,411625,1,1
411624,411624,411626,2,0
411624,411625,411626,1,1
411618,411621,411624,3,3
411618,411621,411624,3,3
411618,411621,411624,3,3
411623,411624,411625,1,1
411624,411624,411625,1,0
411624,411624,411626,2,0
411624,411624,411626,2,0
411624,411624,411626,2,0
411624,411624,411626,2,0
411624,411624,411626,2,0
411624,411624,411626,2,0
411624,411624,411626,2,0
411624,411624,411626,2,0
411624,411624,411626,2,0
411623,411624,411626,2,1
411623,411624,411625,1,1
411623,411624,411625,1,1
411624,411624,411626,2,0
411624,411624,411626,2,0
411624,411624,411626,2,0
411624,411624,411626,2,0
411624,411624,411626,2,0
411624,411624,411626,2,0
411623,411624,411627,3,1
411507,411507,411629,122,0
411541,411542,411629,87,1
411631,411631,411634,3,0
411631,411632,411634,2,1
411631,411632,411633,1,1
411632,411632,411634,2,0
411631,411631,411633,2,0
411631,411632,411633,1,1
411632,411632,411633,1,0
411632,411632,411634,2,0
411632,411632,411633,1,0
411631,411632,411634,2,1
411631,411632,411634,2,1
411631,411632,411633,1,1
411632,411633,411634,1,1
411631,411633,411634,1,2
411512,411517,411634,117,5
411632,411632,411634,2,0
411632,411632,411633,1,0
411631,411632,411634,2,1
411631,411632,411633,1,1
411632,411632,411634,2,0
411632,411632,411634,2,0
411631,411632,411634,2,1
411631,411632,411633,1,1
411632,411632,411634,2,0
411632,411632,411634,2,0
411632,411632,411634,2,0
411632,411633,411634,1,1
411632,411632,411634,2,0
411632,411633,411634,1,1
411631,411632,411634,2,1
411632,411632,411634,2,0
411631,411633,411635,2,2
411631,411633,411635,2,2
411632,411633,411635,2,1
411632,411634,411635,1,2
411632,411634,411635,1,2
411631,411632,411635,3,1
411631,411632,411635,3,1
411631,411633,411635,2,2
411632,411633,411635,2,1
411632,411634,411636,2,2
411534,411536,411636,100,2
411635,411635,411637,2,0
411635,411636,411637,1,1
411635,411636,411637,1,1
411635,411636,411637,1,1
411635,411636,411637,1,1
411635,411636,411637,1,1
411635,411636,411638,2,1
411635,411636,411637,1,1
411635,411636,411638,2,1
411635,411636,411637,1,1
411635,411636,411637,1,1
411635,411636,411637,1,1
411635,411636,411637,1,1
411635,411636,411637,1,1
411635,411636,411638,2,1
411635,411636,411637,1,1
411635,411636,411638,2,1
411635,411636,411638,2,1
411635,411636,411638,2,1
411637,411638,411639,1,1
411635,411636,411638,2,1
411635,411636,411638,2,1
411637,411638,411640,2,1
411637,411638,411639,1,1
411631,411632,411640,8,1
411635,411637,411639,2,2
411637,411638,411640,2,1
411637,411639,411640,1,2
411637,411638,411640,2,1
411637,411638,411640,2,1
411637,411638,411640,2,1
411637,411639,411640,1,2
411631,411632,411640,8,1
411637,411639,411640,1,2
411637,411638,411640,2,1
411637,411638,411640,2,1
411637,411638,411640,2,1
411637,411638,411640,2,1
411637,411639,411640,1,2
411637,411638,411640,2,1
411637,411638,411640,2,1
411637,411638,411640,2,1
411637,411638,411640,2,1
411631,411632,411640,8,1
411632,411632,411641,9,0
411637,411639,411645,6,2
411637,411639,411645,6,2
411637,411639,411645,6,2
411576,411576,411655,79,0
411658,411658,411660,2,0
411658,411658,411660,2,0
411658,411658,411659,1,0
411658,411658,411660,2,0
411658,411658,411660,2,0
411658,411658,411660,2,0
411658,411658,411660,2,0
411658,411658,411660,2,0
411658,411658,411659,1,0
411658,411658,411660,2,0
411658,411658,411660,2,0
411658,411658,411659,1,0
411658,411658,411660,2,0
411658,411658,411660,2,0
411658,411658,411660,2,0
411658,411658,411660,2,0
411658,411658,411660,2,0
411658,411658,411660,2,0
411658,411659,411661,2,1
411658,411659,411661,2,1
411658,411658,411663,5,0
411658,411659,411662,3,1
411579,411580,411682,102,1
411584,411586,411681,95,2
411683,411683,411684,1,0
411683,411683,411685,2,0
411683,411683,411685,2,0
411683,411683,411684,1,0
411683,411683,411685,2,0
411683,411683,411685,2,0
411683,411683,411685,2,0
411683,411683,411685,2,0
411683,411684,411685,1,1
411683,411683,411685,2,0
411683,411683,411685,2,0
411683,411683,411685,2,0
411683,411683,411685,2,0
411683,411683,411685,2,0
411683,411684,411685,1,1
411683,411684,411685,1,1
411686,411687,411688,1,1
411686,411687,411688,1,1
411686,411687,411688,1,1
411686,411687,411689,2,1
411686,411687,411688,1,1
411686,411687,411689,2,1
411686,411687,411689,2,1
411686,411687,411689,2,1
411686,411687,411689,2,1
411686,411687,411688,1,1
411686,411687,411689,2,1
411686,411687,411689,2,1
411686,411687,411689,2,1
411686,411687,411689,2,1
411686,411687,411689,2,1
411686,411688,411689,1,2
411683,411683,411692,9,0
411683,411684,411693,9,1
386936,386936,411694,24758,0
411686,411687,411693,6,1
411686,411688,411693,5,2
411686,411688,411693,5,2
411686,411687,411696,9,1
411686,411687,411696,9,1
411686,411687,411696,9,1
411683,411684,411696,12,1
411683,411684,411697,13,1
411683,411685,411696,11,2
411683,411684,411698,14,1
411614,411614,411704,90,0
411707,411707,411708,1,0
411603,411604,411707,103,1
411707,411707,411708,1,0
411707,411707,411709,2,0
411707,411707,411708,1,0
411707,411707,411709,2,0
411707,411707,411708,1,0
411707,411707,411708,1,0
411707,411707,411709,2,0
411707,411707,411709,2,0
411707,411707,411709,2,0
411707,411707,411709,2,0
411707,411707,411709,2,0
411707,411707,411709,2,0
411707,411707,411709,2,0
411707,411707,411709,2,0
411707,411707,411709,2,0
411707,411707,411709,2,0
411707,411707,411709,2,0
411707,411707,411709,2,0
411707,411707,411709,2,0
411707,411708,411709,1,1
411709,411710,411711,1,1
411709,411710,411711,1,1
411709,411710,411711,1,1
411709,411710,411711,1,1
411709,411710,411712,2,1
411709,411710,411711,1,1
411709,411710,411712,2,1
411709,411710,411712,2,1
411709,411710,411712,2,1
411709,411710,411712,2,1
411709,411710,411712,2,1
411709,411710,411712,2,1
411709,411710,411712,2,1
411709,411710,411712,2,1
411709,411710,411712,2,1
411709,411710,411712,2,1
411709,411710,411712,2,1
411709,411710,411712,2,1
411709,411711,411713,2,2
411709,411711,411712,1,2
411707,411708,411713,5,1
386955,400858,411717,10859,13903
411709,411710,411718,8,1
411709,411711,411718,7,2
411592,411592,411719,127,0
411721,411721,411722,1,0
411721,411721,411723,2,0
411721,411721,411723,2,0
411721,411721,411723,2,0
411721,411722,411723,1,1
411721,411721,411723,2,0
411721,411721,411723,2,0
411721,411721,411723,2,0
411721,411721,411723,2,0
411628,411628,411723,95,0
411721,411721,411723,2,0
411721,411721,411723,2,0
411721,411721,411723,2,0
411721,411722,411723,1,1
411721,411721,411723,2,0
411721,411721,411723,2,0
411721,411722,411723,1,1
411721,411721,411723,2,0
411721,411722,411723,1,1
411721,411722,411725,3,1
411721,411722,411724,2,1
411721,411723,411725,2,2
411721,411723,411725,2,2
411724,411725,411726,1,1
411724,411725,411726,1,1
411724,411725,411726,1,1
411724,411724,411727,3,0
411724,411725,411726,1,1
411724,411725,411727,2,1
411724,411725,411726,1,1
411724,411724,411726,2,0
411724,411725,411726,1,1
411724,411725,411726,1,1
411724,411724,411726,2,0
411724,411725,411726,1,1
411724,411724,411726,2,0
411724,411725,411726,1,1
411724,411725,411726,1,1
411724,411725,411726,1,1
411724,411726,411728,2,2
411724,411726,411728,2,2
411724,411727,411728,1,3
411625,411625,411727,102,0
411728,411729,411730,1,1
411641,411644,411730,86,3
411728,411729,411730,1,1
411728,411729,411730,1,1
411728,411729,411730,1,1
411728,411729,411730,1,1
411728,411729,411730,1,1
411728,411729,411730,1,1
411728,411729,411731,2,1
411728,411729,411730,1,1
411728,411729,411730,1,1
411728,411729,411730,1,1
411728,411729,411730,1,1
411728,411729,411730,1,1
411728,411729,411731,2,1
411728,411729,411730,1,1
411728,411729,411731,2,1
411728,411729,411731,2,1
386955,400483,411732,11249,13528
411724,411724,411733,9,0
411724,411725,411733,8,1
411724,411725,411733,8,1
411733,411733,411734,1,0
411733,411733,411735,2,0
411733,411734,411735,1,1
411733,411734,411735,1,1
411733,411734,411735,1,1
411733,411733,411735,2,0
411733,411733,411735,2,0
411733,411734,411735,1,1
411733,411733,411735,2,0
411733,411734,411735,1,1
411733,411733,411735,2,0
411733,411734,411735,1,1
411733,411734,411735,1,1
411733,411734,411735,1,1
411733,411733,411736,3,0
411733,411734,411735,1,1
411733,411734,411735,1,1
411733,411733,411735,2,0
411733,411734,411735,1,1
411733,411734,411735,1,1
411728,411729,411734,5,1
411728,411729,411734,5,1
411728,411734,411736,2,6
411728,411734,411736,2,6
411733,411733,411736,3,0
411733,411734,411736,2,1
411728,411729,411740,11,1
411682,411682,411762,80,0
411763,411763,411764,1,0
411686,411686,411763,77,0
411763,411763,411765,2,0
411763,411763,411765,2,0
411763,411763,411765,2,0
411763,411763,411765,2,0
411763,411763,411765,2,0
411763,411763,411765,2,0
411763,411763,411765,2,0
411763,411763,411765,2,0
411763,411763,411765,2,0
411763,411763,411765,2,0
411763,411763,411765,2,0
411763,411763,411765,2,0
411763,411763,411765,2,0
411763,411763,411765,2,0
411763,411763,411765,2,0
411763,411763,411765,2,0
411763,411763,411765,2,0
411763,411763,411765,2,0
411763,411763,411764,1,0
411763,411763,411765,2,0
411763,411763,411765,2,0
386948,386948,411766,24818,0
411766,411766,411767,1,0
411766,411766,411768,2,0
411766,411766,411768,2,0
411766,411766,411768,2,0
411766,411767,411768,1,1
411766,411766,411768,2,0
411766,411766,411768,2,0
411766,411766,411768,2,0
411766,411766,411768,2,0
411766,411766,411768,2,0
411766,411766,411768,2,0
411766,411766,411768,2,0
411766,411767,411768,1,1
411766,411766,411768,2,0
411766,411766,411768,2,0
411766,411766,411768,2,0
411766,411766,411768,2,0
411766,411766,411768,2,0
411766,411766,411769,3,0
411766,411768,411773,5,2
411766,411767,411773,6,1
411766,411767,411773,6,1
411676,411676,411780,104,0
411650,411650,411780,130,0
411689,411690,411781,91,1
411782,411782,411783,1,0
411782,411782,411783,1,0
411782,411782,411783,1,0
411782,411782,411784,2,0
411782,411782,411784,2,0
411782,411782,411784,2,0
411782,411782,411784,2,0
411782,411782,411784,2,0
411782,411782,411783,1,0
411782,411782,411783,1,0
411782,411782,411784,2,0
411782,411782,411783,1,0
411782,411783,411784,1,1
411782,411782,411784,2,0
411782,411782,411784,2,0
411782,411782,411784,2,0
411782,411783,411785,2,1
411782,411782,411784,2,0
411782,411782,411784,2,0
411782,411783,411784,1,1
411782,411782,411784,2,0
411782,411783,411784,1,1
411782,411783,411785,2,1
411782,411782,411784,2,0
411782,411782,411784,2,0
411782,411783,411785,2,1
411782,411784,411785,1,2
411783,411784,411785,1,1
411782,411783,411785,2,1
411782,411783,411785,2,1
411783,411784,411785,1,1
411783,411784,411785,1,1
411782,411783,411785,2,1
411664,411665,411786,121,1
411782,411783,411785,2,1
411782,411784,411785,1,2
411783,411784,411786,2,1
411782,411782,411784,2,0
411782,411782,411784,2,0
411782,411783,411785,2,1
411782,411784,411785,1,2
411783,411784,411785,1,1
411783,411784,411786,2,1
411783,411784,411786,2,1
411783,411785,411786,1,2
411782,411783,411785,2,1
411782,411783,411785,2,1
411783,411784,411785,1,1
411783,411784,411785,1,1
411783,411784,411786,2,1
411782,411783,411785,2,1
411782,411783,411785,2,1
411783,411784,411785,1,1
411783,411784,411785,1,1
411783,411784,411786,2,1
411782,411783,411785,2,1
411783,411784,411785,1,1
411783,411785,411786,1,2
411782,411783,411785,2,1
411783,411784,411786,2,1
411783,411784,411786,2,1
411783,411785,411786,1,2
411782,411783,411786,3,1
411782,411784,411785,1,2
411783,411784,411786,2,1
411783,411784,411787,3,1
411783,411785,411786,1,2
411646,411647,411791,144,1
411670,411671,411792,121,1
411657,411658,411794,136,1
411636,411637,411793,156,1
411793,411793,411794,1,0
411793,411793,411794,1,0
411793,411793,411794,1,0
411793,411793,411795,2,0
411793,411793,411795,2,0
411793,411794,411795,1,1
411793,411793,411795,2,0
411793,411793,411795,2,0
411793,411794,411795,1,1
411793,411793,411795,2,0
411793,411793,411795,2,0
411793,411793,411795,2,0
411793,411794,411795,1,1
411793,411793,411795,2,0
411793,411793,411795,2,0
411793,411794,411795,1,1
411793,411794,411795,1,1
411793,411794,411795,1,1
411793,411794,411796,2,1
411793,411794,411795,1,1
411793,411794,411795,1,1
411793,411794,411795,1,1
411793,411794,411795,1,1
411793,411794,411796,2,1
411793,411794,411796,2,1
411793,411794,411796,2,1
411793,411794,411795,1,1
411793,411793,411795,2,0
411793,411794,411795,1,1
411793,411794,411796,2,1
411793,411794,411796,2,1
411793,411794,411796,2,1
411793,411795,411797,2,2
411793,411794,411796,2,1
411793,411794,411797,3,1
411793,411794,411797,3,1
411793,411795,411796,1,2
411793,411795,411797,2,2
411793,411797,411798,1,4
411709,411709,411799,90,0
411793,411794,411800,6,1
411799,411800,411801,1,1
411799,411800,411802,2,1
411799,411800,411801,1,1
411799,411800,411802,2,1
411799,411800,411802,2,1
411799,411800,411802,2,1
411799,411800,411802,2,1
411799,411800,411802,2,1
411799,411800,411802,2,1
411800,411801,411802,1,1
411799,411800,411801,1,1
411800,411800,411802,2,0
411800,411800,411802,2,0
411800,411800,411802,2,0
411800,411801,411802,1,1
411800,411801,411802,1,1
411800,411801,411803,2,1
411800,411801,411802,1,1
411800,411801,411802,1,1
411799,411800,411802,2,1
411799,411800,411802,2,1
411799,411800,411802,2,1
411800,411800,411803,3,0
411800,411801,411802,1,1
411800,411801,411802,1,1
411800,411801,411803,2,1
411800,411800,411803,3,0
411800,411801,411803,2,1
411800,411801,411803,2,1
411800,411801,411803,2,1
411800,411802,411803,1,2
411800,411802,411803,1,2
411799,411800,411802,2,1
411799,411800,411802,2,1
411799,411800,411802,2,1
411800,411801,411803,2,1
411800,411801,411802,1,1
411800,411802,411803,1,2
411800,411802,411803,1,2
411799,411800,411802,2,1
411799,411800,411802,2,1
411799,411800,411802,2,1
411800,411801,411803,2,1
411800,411801,411803,2,1
411800,411802,411803,1,2
411793,411794,411801,7,1
411793,411794,411801,7,1
411793,411795,411802,7,2
411793,411796,411801,5,3
411800,411802,411803,1,2
411800,411802,411803,1,2
411800,411802,411803,1,2
411800,411802,411804,2,2
411800,411802,411804,2,2
411800,411802,411804,2,2
411800,411802,411804,2,2
411800,411802,411804,2,2
411800,411803,411804,1,3
411800,411803,411804,1,3
411800,411803,411804,1,3
411800,411803,411804,1,3
411803,411803,411805,2,0
411803,411804,411805,1,1
411803,411804,411805,1,1
411800,411802,411804,2,2
411803,411804,411805,1,1
411803,411804,411805,1,1
411803,411804,411805,1,1
411803,411804,411805,1,1
411803,411804,411805,1,1
411803,411804,411806,2,1
411803,411804,411806,2,1
411803,411804,411806,2,1
411803,411804,411806,2,1
411803,411804,411806,2,1
411803,411804,411807,3,1
411803,411805,411807,2,2
411803,411805,411807,2,2
411803,411804,411806,2,1
411800,411804,411807,3,4
411800,411804,411807,3,4
411800,411804,411808,4,4
411803,411805,411807,2,2
411803,411804,411807,3,1
411803,411804,411807,3,1
411803,411804,411807,3,1
411803,411804,411807,3,1
411799,411800,411807,7,1
411799,411801,411807,6,2
411799,411801,411808,7,2
411800,411803,411807,4,3
411800,411803,411808,5,3
411711,411712,411808,96,1
411679,411680,411810,130,1
411668,411669,411811,142,1
411816,411817,411818,1,1
411816,411817,411818,1,1
411816,411817,411818,1,1
411817,411817,411819,2,0
411816,411817,411819,2,1
411816,411817,411819,2,1
411816,411817,411819,2,1
411816,411817,411819,2,1
411816,411817,411819,2,1
411816,411817,411819,2,1
411816,411817,411819,2,1
411817,411817,411819,2,0
411673,411674,411819,145,1
411817,411817,411819,2,0
411816,411817,411818,1,1
411816,411817,411819,2,1
411816,411817,411819,2,1
411817,411818,411819,1,1
411817,411818,411819,1,1
411817,411818,411819,1,1
411817,411818,411819,1,1
411817,411818,411819,1,1
411817,411818,411819,1,1
411816,411817,411819,2,1
411816,411817,411819,2,1
411817,411817,411819,2,0
411817,411818,411820,2,1
411817,411818,411819,1,1
411817,411817,411819,2,0
411817,411818,411819,1,1
411816,411818,411819,1,2
411816,411818,411819,1,2
411816,411817,411820,3,1
411736,411737,411820,83,1
411817,411817,411819,2,0
411816,411817,411819,2,1
411816,411817,411819,2,1
411816,411817,411819,2,1
411817,411818,411819,1,1
411816,411817,411819,2,1
411817,411817,411819,2,0
411817,411818,411819,1,1
411817,411817,411820,3,0
411817,411818,411820,2,1
411817,411819,411820,1,2
411723,411724,411821,97,1
411817,411818,411822,4,1
411732,411732,411823,91,0
411726,411727,411823,96,1
411822,411823,411824,1,1
411822,411823,411824,1,1
411822,411823,411824,1,1
411822,411823,411825,2,1
411822,411823,411824,1,1
411822,411823,411824,1,1
411822,411823,411825,2,1
411822,411823,411825,2,1
411822,411823,411824,1,1
411822,411823,411824,1,1
411822,411823,411824,1,1
411823,411823,411825,2,0
411822,411823,411825,2,1
411822,411823,411824,1,1
411822,411823,411825,2,1
411823,411823,411825,2,0
411823,411823,411825,2,0
411822,411823,411824,1,1
411822,411823,411825,2,1
411822,411823,411825,2,1
411823,411823,411825,2,0
411823,411824,411825,1,1
411823,411823,411825,2,0
411823,411824,411825,1,1
411822,411823,411825,2,1
411822,411823,411825,2,1
411823,411823,411825,2,0
411823,411823,411825,2,0
411823,411824,411825,1,1
411823,411823,411825,2,0
411823,411823,411825,2,0
411823,411823,411825,2,0
411823,411824,411825,1,1
411662,411662,411825,163,0
411823,411823,411825,2,0
411823,411824,411825,1,1
411823,411823,411825,2,0
411823,411824,411825,1,1
411823,411823,411826,3,0
411823,411824,411825,1,1
411827,411827,411829,2,0
411827,411828,411830,2,1
411827,411828,411829,1,1
411827,411828,411829,1,1
411827,411828,411830,2,1
411827,411828,411829,1,1
411827,411828,411829,1,1
411827,411828,411830,2,1
411827,411827,411829,2,0
411827,411828,411830,2,1
411827,411828,411830,2,1
411827,411828,411830,2,1
411827,411828,411829,1,1
411827,411828,411830,2,1
411827,411828,411830,2,1
411827,411827,411829,2,0
411827,411828,411829,1,1
411827,411828,411830,2,1
411822,411823,411829,6,1
411822,411824,411829,5,2
411822,411824,411829,5,2
411823,411826,411829,3,3
411823,411826,411829,3,3
411827,411828,411830,2,1
411827,411828,411830,2,1
411827,411828,411830,2,1
411827,411828,411829,1,1
411827,411828,411830,2,1
411827,411828,411830,2,1
411827,411828,411830,2,1
411828,411828,411830,2,0
411828,411828,411830,2,0
411828,411829,411831,2,1
411827,411828,411830,2,1
411827,411828,411830,2,1
411827,411828,411830,2,1
411828,411829,411830,1,1
411828,411829,411831,2,1
411827,411828,411830,2,1
411827,411828,411830,2,1
411827,411828,411830,2,1
411827,411828,411831,3,1
411827,411829,411830,1,2
411828,411829,411831,2,1
411827,411828,411831,3,1
411827,411828,411830,2,1
411828,411828,411830,2,0
411828,411828,411830,2,0
411828,411829,411830,1,1
411828,411829,411830,1,1
411828,411830,411831,1,2
411828,411829,411831,2,1
411827,411828,411830,2,1
411827,411828,411830,2,1
411828,411829,411830,1,1
411828,411829,411831,2,1
411828,411830,411831,1,2
411827,411828,411830,2,1
411827,411828,411830,2,1
411827,411828,411830,2,1
411828,411829,411830,1,1
411827,411828,411831,3,1
411827,411829,411831,2,2
411828,411830,411831,1,2
411827,411830,411831,1,3
411827,411830,411832,2,3
411828,411829,411831,2,1
411828,411830,411831,1,2
411828,411830,411831,1,2
411828,411830,411831,1,2
411828,411831,411832,1,3
411837,411837,411839,2,0
411837,411837,411839,2,0
411837,411837,411839,2,0
411837,411838,411839,1,1
411837,411837,411839,2,0
411837,411837,411839,2,0
411837,411838,411839,1,1
411837,411837,411839,2,0
411837,411837,411839,2,0
411837,411838,411839,1,1
411837,411837,411839,2,0
411837,411838,411839,1,1
411837,411838,411839,1,1
411837,411838,411840,2,1
411837,411838,411840,2,1
411837,411837,411840,3,0
411837,411838,411840,2,1
411837,411838,411842,4,1
411837,411839,411841,2,2
411837,411838,411842,4,1
411837,411839,411843,4,2
411843,411843,411845,2,0
411843,411844,411845,1,1
411843,411843,411845,2,0
411843,411844,411845,1,1
411843,411843,411845,2,0
411843,411844,411845,1,1
411843,411844,411845,1,1
411843,411844,411845,1,1
411843,411843,411845,2,0
411843,411844,411845,1,1
411843,411844,411845,1,1
411843,411844,411845,1,1
411843,411844,411845,1,1
411843,411844,411845,1,1
411843,411844,411845,1,1
411843,411844,411845,1,1
411843,411844,411846,2,1
411843,411844,411846,2,1
411843,411844,411846,2,1
411767,411767,411847,80,0
411837,411838,411847,9,1
411843,411844,411849,5,1
411843,411844,411849,5,1
411843,411845,411849,4,2
411848,411849,411850,1,1
411848,411849,411850,1,1
411848,411849,411850,1,1
411848,411849,411850,1,1
411848,411849,411851,2,1
411848,411849,411851,2,1
411848,411849,411851,2,1
411848,411849,411851,2,1
411848,411849,411851,2,1
411848,411849,411851,2,1
411848,411849,411851,2,1
411848,411849,411850,1,1
411848,411849,411851,2,1
411848,411849,411851,2,1
411848,411849,411851,2,1
411848,411849,411851,2,1
411848,411849,411851,2,1
411848,411849,411851,2,1
411848,411849,411851,2,1
411848,411849,411851,2,1
411848,411849,411851,2,1
411848,411849,411852,3,1
411764,411764,411860,96,0
411863,411863,411864,1,0
411863,411864,411865,1,1
411863,411863,411865,2,0
411863,411864,411865,1,1
411863,411864,411865,1,1
411863,411864,411865,1,1
411863,411863,411865,2,0
411863,411864,411865,1,1
411863,411864,411865,1,1
411863,411863,411865,2,0
411863,411864,411865,1,1
411863,411864,411865,1,1
411863,411864,411865,1,1
411863,411864,411866,2,1
411863,411864,411865,1,1
411863,411864,411866,2,1
411863,411864,411865,1,1
411863,411864,411872,8,1
411863,411864,411873,9,1
411863,411865,411873,8,2
411863,411864,411880,16,1
411863,411865,411880,15,2
411784,411785,411884,99,1
411789,411789,411887,98,0
411802,411802,411889,87,0
411887,411888,411889,1,1
411887,411888,411889,1,1
411887,411888,411889,1,1
411887,411888,411890,2,1
411887,411888,411889,1,1
411887,411888,411890,2,1
411887,411888,411890,2,1
411887,411888,411890,2,1
411887,411888,411890,2,1
411887,411888,411889,1,1
411887,411888,411890,2,1
411887,411888,411889,1,1
411887,411888,411890,2,1
411887,411888,411890,2,1
411887,411888,411889,1,1
411887,411888,411890,2,1
411887,411888,411890,2,1
411887,411888,411890,2,1
411887,411888,411890,2,1
411891,411891,411893,2,0
411891,411891,411892,1,0
411891,411891,411893,2,0
411891,411891,411893,2,0
411891,411891,411893,2,0
411891,411892,411893,1,1
411891,411891,411893,2,0
411891,411891,411893,2,0
411891,411891,411893,2,0
411891,411892,411893,1,1
411891,411892,411893,1,1
411891,411891,411893,2,0
411891,411891,411893,2,0
411891,411891,411893,2,0
411891,411892,411893,1,1
411891,411892,411893,1,1
411891,411892,411894,2,1
411891,411891,411893,2,0
411891,411891,411892,1,0
411891,411892,411893,1,1
411891,411891,411892,1,0
411891,411891,411893,2,0
411891,411891,411893,2,0
411891,411891,411893,2,0
411891,411892,411893,1,1
411891,411892,411893,1,1
411891,411891,411893,2,0
411891,411891,411893,2,0
411891,411892,411893,1,1
411891,411892,411894,2,1
411891,411892,411894,2,1
411891,411892,411894,2,1
411891,411892,411894,2,1
411891,411891,411893,2,0
411891,411891,411893,2,0
411891,411892,411893,1,1
411891,411892,411894,2,1
411891,411892,411894,2,1
411887,411888,411897,9,1
411891,411892,411899,7,1
411891,411891,411899,8,0
411891,411891,411899,8,0
411891,411894,411900,6,3
411891,411895,411900,5,4
411891,411894,411901,7,3
411887,411888,411904,16,1
411887,411888,411905,17,1
411795,411795,411923,128,0
411818,411818,411925,107,0
411924,411924,411925,1,0
411924,411924,411926,2,0
411924,411924,411926,2,0
411824,411827,411926,99,3
411924,411924,411925,1,0
411924,411924,411926,2,0
411924,411924,411926,2,0
411924,411924,411926,2,0
411924,411924,411926,2,0
411924,411924,411926,2,0
411924,411924,411926,2,0
411924,411924,411926,2,0
411924,411924,411926,2,0
411924,411924,411926,2,0
411924,411924,411926,2,0
411924,411924,411926,2,0
411924,411924,411926,2,0
411924,411925,411927,2,1
411924,411925,411927,2,1
411924,411925,411926,1,1
411924,411924,411926,2,0
411924,411924,411926,2,0
411924,411924,411926,2,0
411926,411926,411928,2,0
411926,411926,411928,2,0
411926,411926,411928,2,0
411926,411926,411928,2,0
411926,411926,411928,2,0
411926,411926,411928,2,0
411926,411926,411928,2,0
411926,411926,411928,2,0
411926,411926,411927,1,0
411926,411926,411928,2,0
411926,411926,411928,2,0
411926,411926,411928,2,0
411926,411926,411927,1,0
411926,411926,411928,2,0
411926,411926,411928,2,0
411926,411926,411927,1,0
411926,411926,411928,2,0
411926,411926,411928,2,0
411926,411926,411928,2,0
411926,411926,411928,2,0
411926,411926,411928,2,0
411926,411926,411928,2,0
411929,411929,411930,1,0
411929,411929,411930,1,0
411929,411929,411930,1,0
411929,411929,411930,1,0
411929,411929,411930,1,0
411929,411929,411930,1,0
411929,411929,411930,1,0
411929,411929,411931,2,0
411929,411929,411930,1,0
411929,411929,411931,2,0
411929,411929,411930,1,0
411929,411929,411931,2,0
411929,411929,411930,1,0
411929,411929,411930,1,0
411929,411929,411931,2,0
411929,411929,411931,2,0
411929,411929,411932,3,0
411929,411929,411936,7,0
411929,411929,411936,7,0
411929,411929,411936,7,0
411929,411929,411937,8,0
411929,411929,411936,7,0
411868,411868,411959,91,0
411961,411961,411963,2,0
411961,411961,411963,2,0
411961,411961,411963,2,0
411961,411961,411963,2,0
411961,411961,411963,2,0
411961,411961,411963,2,0
411961,411961,411963,2,0
411961,411961,411962,1,0
411961,411961,411963,2,0
411961,411961,411963,2,0
411961,411961,411963,2,0
411961,411961,411962,1,0
411961,411961,411963,2,0
411961,411961,411963,2,0
411961,411961,411963,2,0
411961,411961,411963,2,0
411961,411961,411963,2,0
411961,411961,411963,2,0
411961,411961,411964,3,0
411961,411961,411963,2,0
411961,411961,411963,2,0
411961,411962,411965,3,1
386946,386946,411971,25025,0
411899,411899,411979,80,0
411830,411830,411981,151,0
411980,411980,411981,1,0
411980,411980,411982,2,0
411980,411980,411982,2,0
411980,411980,411982,2,0
411980,411980,411982,2,0
411980,411980,411981,1,0
411980,411980,411982,2,0
411980,411980,411982,2,0
411980,411980,411982,2,0
411980,411980,411982,2,0
411980,411980,411982,2,0
411980,411980,411981,1,0
411980,411980,411982,2,0
411980,411980,411982,2,0
411980,411980,411982,2,0
411980,411980,411982,2,0
411980,411980,411982,2,0
411980,411980,411982,2,0
411980,411980,411981,1,0
411980,411980,411982,2,0
411980,411980,411982,2,0
411980,411980,411982,2,0
411862,411863,411982,119,1
411983,411983,411984,1,0
411983,411983,411984,1,0
411983,411983,411984,1,0
411983,411983,411984,1,0
411983,411983,411984,1,0
411983,411983,411984,1,0
411983,411983,411984,1,0
411983,411983,411984,1,0
411983,411983,411984,1,0
411983,411983,411984,1,0
411983,411983,411984,1,0
411983,411983,411984,1,0
411983,411983,411984,1,0
411983,411983,411984,1,0
411983,411983,411984,1,0
411983,411983,411984,1,0
411983,411983,411985,2,0
411983,411983,411984,1,0
411983,411983,411984,1,0
411896,411897,411985,88,1
411983,411983,411985,2,0
411883,411886,411986,100,3
411985,411985,411987,2,0
411985,411985,411987,2,0
411985,411985,411986,1,0
411985,411985,411987,2,0
411985,411985,411987,2,0
411985,411985,411986,1,0
411985,411985,411987,2,0
411985,411985,411986,1,0
411985,411985,411987,2,0
411985,411985,411986,1,0
411985,411985,411987,2,0
411985,411985,411987,2,0
411985,411985,411986,1,0
411985,411985,411987,2,0
411985,411985,411987,2,0
411985,411985,411986,1,0
411985,411985,411987,2,0
411985,411985,411987,2,0
411985,411985,411987,2,0
411985,411985,411987,2,0
411987,411987,411988,1,0
411985,411985,411987,2,0
411987,411987,411989,2,0
411987,411987,411988,1,0
411987,411987,411989,2,0
411987,411987,411988,1,0
411987,411987,411989,2,0
411987,411987,411988,1,0
411987,411987,411989,2,0
411987,411987,411988,1,0
411987,411987,411989,2,0
411987,411987,411989,2,0
411987,411987,411988,1,0
411987,411987,411989,2,0
411987,411987,411989,2,0
411987,411987,411989,2,0
411987,411987,411988,1,0
411987,411987,411989,2,0
411987,411987,411989,2,0
411987,411987,411989,2,0
411987,411987,411988,1,0
411987,411987,411989,2,0
411987,411987,411989,2,0
411987,411987,411988,1,0
411987,411987,411989,2,0
411987,411987,411989,2,0
411987,411987,411988,1,0
411987,411987,411988,1,0
411987,411987,411989,2,0
411987,411987,411989,2,0
411987,411987,411989,2,0
411987,411987,411989,2,0
411987,411987,411989,2,0
411987,411987,411989,2,0
411987,411987,411988,1,0
411987,411987,411988,1,0
411987,411987,411989,2,0
411987,411987,411988,1,0
411987,411987,411989,2,0
411987,411987,411989,2,0
411987,411987,411989,2,0
411987,411987,411989,2,0
411987,411987,411989,2,0
411890,411890,411990,100,0
411992,411992,411993,1,0
411858,411859,411994,135,1
411992,411992,411994,2,0
411992,411992,411994,2,0
411992,411992,411994,2,0
411992,411992,411994,2,0
411992,411992,411994,2,0
411992,411992,411994,2,0
411992,411992,411994,2,0
411992,411992,411994,2,0
411992,411992,411994,2,0
411992,411992,411994,2,0
411992,411992,411993,1,0
411992,411992,411994,2,0
411992,411992,411994,2,0
411992,411992,411994,2,0
411992,411992,411994,2,0
411983,411983,411995,12,0
411995,411996,411997,1,1
411995,411996,411997,1,1
411995,411996,411997,1,1
411995,411996,411997,1,1
411995,411996,411997,1,1
411995,411996,411998,2,1
411995,411996,411997,1,1
411995,411996,411997,1,1
411995,411996,411997,1,1
411995,411996,411998,2,1
411995,411996,411997,1,1
411995,411996,411997,1,1
411995,411996,411997,1,1
411995,411996,411997,1,1
411995,411996,411997,1,1
411995,411996,411998,2,1
411995,411996,411998,2,1
411995,411996,411998,2,1
411992,411992,411999,7,0
411992,411992,411999,7,0
411992,411992,411999,7,0
411983,411983,411999,16,0
411992,411992,412000,8,0
411992,411992,412000,8,0
411992,411993,412000,7,1
411995,411996,412001,5,1
411995,411996,412001,5,1
411985,411985,412002,17,0
411839,411840,412005,165,1
411995,411996,412006,10,1
411995,411996,412005,9,1
411987,411987,412007,20,0
411850,411851,412007,156,1
411925,411926,412007,81,1
411987,411987,412008,21,0
412009,412009,412010,1,0
412009,412009,412010,1,0
412009,412009,412010,1,0
412009,412009,412010,1,0
412009,412009,412010,1,0
412009,412009,412010,1,0
412009,412009,412011,2,0
412009,412009,412011,2,0
412009,412009,412011,2,0
412009,412009,412011,2,0
412009,412009,412011,2,0
412009,412009,412011,2,0
412009,412009,412010,1,0
412009,412009,412011,2,0
412009,412009,412011,2,0
412009,412009,412011,2,0
412009,412009,412011,2,0
412009,412009,412011,2,0
412009,412009,412011,2,0
412009,412009,412010,1,0
412009,412009,412010,1,0
412009,412009,412011,2,0
412009,412009,412011,2,0
412009,412009,412011,2,0
412009,412009,412010,1,0
412009,412009,412011,2,0
412009,412009,412011,2,0
412009,412009,412011,2,0
412009,412009,412010,1,0
412009,412009,412011,2,0
412009,412009,412011,2,0
412009,412009,412011,2,0
412009,412009,412011,2,0
412009,412009,412011,2,0
412009,412009,412011,2,0
412009,412009,412012,3,0
412009,412009,412012,3,0
412009,412009,412011,2,0
412009,412009,412011,2,0
412009,412009,412011,2,0
412009,412009,412017,8,0
412009,412009,412018,9,0
412009,412009,412018,9,0
412009,412009,412018,9,0
412021,412021,412022,1,0
412021,412021,412022,1,0
412021,412021,412022,1,0
412021,412021,412022,1,0
412021,412021,412022,1,0
412021,412021,412022,1,0
412021,412021,412022,1,0
412021,412021,412022,1,0
412021,412021,412022,1,0
412021,412021,412022,1,0
412021,412021,412022,1,0
412021,412021,412022,1,0
412021,412021,412022,1,0
412021,412021,412023,2,0
412021,412021,412023,2,0
412021,412021,412022,1,0
412021,412021,412024,3,0
412021,412021,412024,3,0
412021,412021,412024,3,0
412021,412021,412027,6,0
412021,412021,412027,6,0
412021,412021,412026,5,0
411927,411927,412027,100,0
412029,412029,412030,1,0
412029,412029,412030,1,0
412029,412029,412030,1,0
412029,412029,412030,1,0
412029,412029,412030,1,0
412029,412029,412030,1,0
412029,412029,412030,1,0
412029,412029,412030,1,0
412029,412029,412031,2,0
412029,412029,412030,1,0
412029,412029,412030,1,0
412029,412029,412030,1,0
412029,412029,412030,1,0
412029,412032,412033,1,3
412029,412031,412032,1,2
412029,412031,412033,2,2
412029,412031,412032,1,2
412029,412031,412034,3,2
412029,412031,412034,3,2
412029,412031,412035,4,2
386950,386950,412036,25086,0
412029,412032,412039,7,3
411934,411934,412039,105,0
412029,412032,412040,8,3
412040,412040,412041,1,0
411964,411964,412040,76,0
412040,412040,412041,1,0
412040,412040,412042,2,0
412040,412040,412042,2,0
412040,412040,412042,2,0
412040,412040,412041,1,0
412040,412040,412042,2,0
412040,412040,412042,2,0
412040,412040,412042,2,0
412040,412040,412041,1,0
412040,412040,412042,2,0
412040,412040,412042,2,0
412040,412040,412041,1,0
412040,412040,412042,2,0
412040,412040,412043,3,0
412040,412040,412043,3,0
412040,412043,412044,1,3
412040,412040,412044,4,0
412040,412043,412044,1,3
412040,412043,412044,1,3
412040,412043,412045,2,3
412040,412043,412044,1,3
412048,412048,412049,1,0
412048,412048,412049,1,0
412048,412048,412049,1,0
412048,412048,412049,1,0
412048,412048,412049,1,0
412048,412048,412049,1,0
412048,412048,412049,1,0
412048,412048,412049,1,0
412048,412048,412049,1,0
412048,412048,412049,1,0
412048,412048,412049,1,0
412048,412048,412049,1,0
412048,412048,412049,1,0
412048,412048,412049,1,0
412048,412048,412049,1,0
412048,412048,412049,1,0
412048,412048,412049,1,0
412048,412048,412049,1,0
412048,412048,412049,1,0
412048,412048,412054,6,0
412048,412048,412054,6,0
412048,412048,412054,6,0
411865,411866,412055,189,1
411855,411855,412057,202,0
411870,411871,412057,186,1
411880,411881,412057,176,1
411860,411861,412057,196,1
412057,412057,412058,1,0
412057,412057,412058,1,0
412057,412057,412058,1,0
412057,412057,412058,1,0
412057,412057,412058,1,0
412057,412057,412059,2,0
412057,412057,412058,1,0
412057,412057,412058,1,0
412057,412057,412059,2,0
412057,412057,412058,1,0
412057,412057,412058,1,0
412057,412057,412058,1,0
412057,412057,412058,1,0
412057,412057,412058,1,0
412057,412057,412058,1,0
412057,412057,412058,1,0
412057,412057,412058,1,0
412057,412057,412058,1,0
412057,412057,412058,1,0
412058,412058,412060,2,0
412058,412058,412060,2,0
412058,412059,412060,1,1
412058,412058,412060,2,0
412058,412058,412060,2,0
412058,412059,412060,1,1
412058,412059,412060,1,1
412058,412058,412060,2,0
412058,412058,412060,2,0
412058,412058,412059,1,0
412058,412058,412060,2,0
412058,412058,412060,2,0
412058,412058,412060,2,0
412058,412058,412060,2,0
412058,412058,412060,2,0
412058,412058,412059,1,0
412058,412058,412060,2,0
412058,412058,412059,1,0
412058,412058,412060,2,0
412058,412058,412060,2,0
412058,412058,412060,2,0
412058,412058,412060,2,0
412058,412058,412059,1,0
412058,412058,412060,2,0
412057,412057,412059,2,0
412057,412057,412060,3,0
412057,412057,412060,3,0
412058,412058,412060,2,0
412058,412058,412060,2,0
412058,412058,412060,2,0
412058,412058,412060,2,0
412058,412058,412060,2,0
412058,412058,412060,2,0
412058,412058,412059,1,0
412058,412058,412060,2,0
412058,412058,412060,2,0
412058,412058,412060,2,0
412058,412058,412060,2,0
412058,412058,412059,1,0
412058,412058,412060,2,0
412058,412058,412060,2,0
412058,412059,412061,2,1
412058,412059,412061,2,1
412058,412059,412061,2,1
412058,412059,412061,2,1
412058,412059,412061,2,1
412058,412059,412061,2,1
412058,412059,412061,2,1
412058,412059,412061,2,1
412058,412059,412061,2,1
412058,412059,412061,2,1
412058,412059,412061,2,1
412058,412059,412061,2,1
412058,412059,412061,2,1
412058,412059,412061,2,1
412058,412059,412062,3,1
412058,412060,412062,2,2
412060,412060,412062,2,0
412058,412060,412062,2,2
412060,412060,412062,2,0
412058,412058,412062,4,0
412058,412058,412062,4,0
412060,412060,412062,2,0
412060,412060,412062,2,0
412060,412060,412062,2,0
412060,412060,412062,2,0
412058,412059,412062,3,1
412060,412060,412062,2,0
412060,412060,412062,2,0
412060,412060,412062,2,0
412060,412060,412062,2,0
412060,412060,412062,2,0
412060,412060,412062,2,0
412060,412061,412062,1,1
412058,412060,412062,2,2
412058,412060,412062,2,2
412058,412060,412062,2,2
412060,412060,412062,2,0
412060,412061,412063,2,1
412060,412061,412063,2,1
412060,412061,412063,2,1
412060,412061,412063,2,1
412060,412061,412062,1,1
412060,412061,412062,1,1
412060,412060,412063,3,0
412060,412061,412065,4,1
412058,412058,412065,7,0
411907,411908,412065,157,1
412058,412058,412066,8,0
411876,411877,412067,190,1
412058,412058,412067,9,0
412058,412058,412067,9,0
412058,412058,412067,9,0
412070,412070,412073,3,0
412070,412070,412073,3,0
412070,412070,412073,3,0
412070,412070,412073,3,0
412070,412070,412073,3,0
412070,412070,412073,3,0
412070,412070,412073,3,0
412070,412070,412073,3,0
412070,412070,412073,3,0
412070,412070,412073,3,0
412070,412070,412073,3,0
412070,412070,412073,3,0
412070,412070,412073,3,0
412070,412070,412073,3,0
412070,412070,412073,3,0
412070,412070,412073,3,0
412070,412070,412073,3,0
411991,411991,412075,84,0
412070,412070,412076,6,0
412070,412070,412076,6,0
412075,412075,412077,2,0
412075,412075,412076,1,0
412075,412075,412077,2,0
412075,412076,412077,1,1
412075,412076,412077,1,1
412075,412076,412077,1,1
412075,412076,412077,1,1
412075,412075,412077,2,0
412075,412075,412077,2,0
412075,412076,412077,1,1
412075,412076,412077,1,1
412075,412076,412077,1,1
412075,412075,412077,2,0
412075,412075,412077,2,0
412075,412076,412077,1,1
412075,412076,412077,1,1
412075,412075,412077,2,0
412075,412075,412077,2,0
412075,412075,412077,2,0
412075,412076,412077,1,1
412075,412076,412077,1,1
412075,412076,412077,1,1
412075,412075,412078,3,0
412075,412075,412077,2,0
412075,412075,412077,2,0
412075,412076,412078,2,1
412075,412076,412077,1,1
412070,412070,412078,8,0
412070,412070,412078,8,0
412070,412070,412077,7,0
412075,412075,412078,3,0
412075,412075,412079,4,0
412075,412076,412078,2,1
412075,412075,412079,4,0
412075,412075,412079,4,0
412075,412075,412077,2,0
412075,412075,412077,2,0
412075,412076,412078,2,1
412075,412076,412077,1,1
412075,412076,412077,1,1
412075,412076,412084,8,1
412075,412075,412085,10,0
412075,412075,412085,10,0
412075,412075,412085,10,0
412075,412076,412085,9,1
412075,412076,412085,9,1
411989,411989,412090,101,0
411993,411993,412091,98,0
412092,412092,412094,2,0
412092,412092,412094,2,0
412092,412092,412094,2,0
412092,412092,412094,2,0
412092,412092,412093,1,0
412092,412092,412094,2,0
412092,412092,412093,1,0
412092,412092,412094,2,0
412092,412092,412094,2,0
412092,412092,412093,1,0
412092,412092,412094,2,0
412092,412092,412094,2,0
412092,412092,412094,2,0
412092,412092,412094,2,0
412094,412094,412096,2,0
412094,412094,412096,2,0
412094,412094,412096,2,0
412094,412094,412096,2,0
412094,412094,412096,2,0
412094,412094,412096,2,0
412094,412094,412096,2,0
412094,412094,412096,2,0
412094,412094,412096,2,0
412092,412092,412096,4,0
412092,412093,412096,3,1
412094,412094,412096,2,0
412094,412094,412096,2,0
412094,412094,412096,2,0
412094,412094,412096,2,0
412094,412094,412096,2,0
412094,412094,412096,2,0
412094,412094,412096,2,0
412094,412094,412096,2,0
412092,412092,412098,6,0
412092,412092,412098,6,0
412092,412092,412099,7,0
412094,412094,412099,5,0
412094,412094,412099,5,0
412092,412092,412100,8,0
412094,412094,412101,7,0
412092,412092,412101,9,0
412092,412092,412101,9,0
412094,412094,412102,8,0
412094,412094,412101,7,0
411982,411982,412106,124,0
411986,411986,412106,120,0
412107,412107,412108,1,0
412107,412107,412108,1,0
411983,411984,412107,123,1
412107,412107,412108,1,0
412107,412107,412108,1,0
412107,412107,412108,1,0
412107,412107,412109,2,0
412107,412107,412108,1,0
412107,412107,412109,2,0
412107,412107,412108,1,0
412107,412107,412108,1,0
412107,412107,412109,2,0
412107,412107,412108,1,0
412107,412107,412109,2,0
412107,412107,412108,1,0
412107,412107,412109,2,0
412107,412107,412108,1,0
412107,412107,412109,2,0
412107,412107,412108,1,0
412107,412107,412108,1,0
412107,412107,412109,2,0
412107,412107,412108,1,0
412107,412107,412109,2,0
412107,412107,412108,1,0
412107,412107,412109,2,0
412107,412107,412109,2,0
412107,412107,412108,1,0
412107,412107,412108,1,0
412107,412107,412108,1,0
412107,412107,412108,1,0
412107,412107,412109,2,0
412107,412107,412108,1,0
412107,412107,412108,1,0
412107,412107,412109,2,0
412107,412107,412108,1,0
412107,412107,412109,2,0
412107,412107,412108,1,0
412107,412107,412108,1,0
412107,412107,412109,2,0
412107,412107,412109,2,0
412107,412107,412109,2,0
412107,412107,412109,2,0
412107,412107,412109,2,0
412107,412107,412109,2,0
411999,411999,412109,110,0
412107,412107,412109,2,0
412110,412110,412111,1,0
412110,412110,412112,2,0
412110,412110,412112,2,0
412110,412110,412112,2,0
412110,412110,412112,2,0
412110,412110,412112,2,0
412110,412110,412112,2,0
412110,412110,412111,1,0
412110,412110,412111,1,0
412110,412110,412112,2,0
412110,412110,412112,2,0
412110,412110,412112,2,0
412110,412110,412112,2,0
412110,412110,412112,2,0
412110,412110,412112,2,0
412110,412110,412112,2,0
412110,412110,412112,2,0
412110,412110,412112,2,0
412110,412110,412112,2,0
412110,412110,412112,2,0
412113,412113,412114,1,0
412113,412113,412114,1,0
412113,412113,412114,1,0
412113,412113,412114,1,0
412113,412113,412114,1,0
412113,412113,412114,1,0
412113,412113,412114,1,0
412113,412113,412114,1,0
412113,412113,412114,1,0
412113,412113,412114,1,0
412113,412113,412115,2,0
412113,412113,412114,1,0
412113,412113,412114,1,0
412113,412113,412114,1,0
412113,412113,412114,1,0
412113,412117,412118,1,4
412113,412117,412118,1,4
412022,412022,412121,99,0
412110,412110,412121,11,0
412110,412110,412121,11,0
412113,412113,412121,8,0
412113,412113,412121,8,0
412113,412113,412122,9,0
412113,412113,412121,8,0
412113,412113,412121,8,0
412121,412121,412122,1,0
412121,412121,412122,1,0
412121,412121,412122,1,0
412121,412121,412123,2,0
412121,412121,412123,2,0
412121,412121,412123,2,0
412121,412121,412122,1,0
412030,412032,412123,91,2
412121,412121,412123,2,0
412121,412121,412122,1,0
412011,412011,412123,112,0
412121,412121,412123,2,0
412121,412121,412123,2,0
412121,412121,412123,2,0
412121,412121,412123,2,0
412123,412123,412125,2,0
412121,412121,412124,3,0
412121,412121,412124,3,0
412121,412121,412124,3,0
412123,412124,412125,1,1
412123,412123,412126,3,0
412123,412124,412125,1,1
412123,412123,412125,2,0
412123,412123,412125,2,0
412123,412124,412125,1,1
412123,412124,412125,1,1
412123,412123,412125,2,0
412123,412124,412125,1,1
412123,412124,412125,1,1
412123,412124,412126,2,1
412123,412124,412125,1,1
412123,412124,412125,1,1
412123,412124,412125,1,1
412123,412124,412125,1,1
412123,412124,412125,1,1
412123,412124,412125,1,1
412123,412124,412125,1,1
412123,412124,412125,1,1
412123,412124,412125,1,1
412123,412124,412125,1,1
412121,412121,412125,4,0
412121,412121,412125,4,0
412121,412121,412125,4,0
412123,412123,412125,2,0
412123,412124,412125,1,1
412123,412124,412125,1,1
412123,412124,412125,1,1
412123,412124,412126,2,1
412123,412124,412125,1,1
412123,412124,412125,1,1
412123,412124,412125,1,1
412123,412124,412126,2,1
412123,412124,412125,1,1
412123,412124,412126,2,1
412123,412124,412125,1,1
412121,412121,412126,5,0
412121,412121,412126,5,0
412123,412123,412126,3,0
412123,412124,412126,2,1
412123,412124,412126,2,1
412123,412124,412126,2,1
412123,412124,412126,2,1
412123,412124,412126,2,1
412123,412123,412126,3,0
412123,412124,412126,2,1
412123,412124,412126,2,1
412123,412124,412127,3,1
412121,412121,412127,6,0
412024,412024,412129,105,0
412041,412041,412131,90,0
412134,412134,412135,1,0
412134,412134,412135,1,0
412134,412134,412135,1,0
412134,412134,412135,1,0
412134,412134,412135,1,0
412134,412134,412135,1,0
412134,412134,412136,2,0
412134,412134,412135,1,0
412134,412134,412136,2,0
412134,412134,412135,1,0
412134,412134,412135,1,0
412134,412134,412135,1,0
412134,412134,412136,2,0
412134,412134,412135,1,0
412134,412134,412135,1,0
412134,412134,412135,1,0
412134,412134,412135,1,0
412134,412134,412135,1,0
412136,412136,412137,1,0
412134,412134,412136,2,0
412136,412136,412137,1,0
412136,412136,412137,1,0
412136,412136,412138,2,0
412136,412136,412137,1,0
412136,412136,412138,2,0
412136,412136,412138,2,0
412136,412136,412137,1,0
412136,412136,412138,2,0
412136,412136,412137,1,0
412136,412136,412138,2,0
412136,412136,412138,2,0
412136,412136,412137,1,0
412136,412136,412138,2,0
412136,412136,412138,2,0
412136,412136,412137,1,0
412136,412136,412138,2,0
412136,412136,412138,2,0
412136,412136,412137,1,0
412136,412136,412138,2,0
412134,412134,412142,8,0
412134,412134,412141,7,0
412134,412134,412142,8,0
412136,412136,412143,7,0
412136,412136,412149,13,0
412062,412062,412153,91,0
412057,412057,412156,99,0
412155,412155,412157,2,0
412155,412155,412157,2,0
412155,412155,412157,2,0
412155,412155,412157,2,0
412155,412155,412157,2,0
412155,412155,412157,2,0
412155,412155,412156,1,0
412155,412155,412157,2,0
412155,412155,412156,1,0
412155,412155,412157,2,0
412155,412155,412157,2,0
412155,412155,412156,1,0
412155,412155,412157,2,0
412155,412155,412157,2,0
412155,412155,412157,2,0
412157,412157,412158,1,0
412157,412157,412159,2,0
412157,412157,412158,1,0
412157,412157,412159,2,0
412157,412157,412159,2,0
412157,412157,412159,2,0
412157,412157,412159,2,0
412157,412157,412159,2,0
412157,412157,412159,2,0
412157,412157,412159,2,0
412157,412157,412159,2,0
412157,412157,412159,2,0
412157,412157,412159,2,0
412157,412157,412159,2,0
412157,412157,412159,2,0
412157,412157,412159,2,0
412157,412157,412159,2,0
412157,412157,412159,2,0
412155,412155,412160,5,0
412155,412155,412160,5,0
412157,412157,412160,3,0
412157,412157,412160,3,0
412155,412159,412160,1,4
412155,412159,412160,1,4
412157,412159,412160,1,2
409279,409282,412161,2879,3
412155,412155,412161,6,0
412155,412155,412162,7,0
412155,412155,412162,7,0
412157,412157,412162,5,0
412049,412049,412165,116,0
412166,412167,412168,1,1
412166,412167,412168,1,1
412166,412167,412168,1,1
412166,412167,412168,1,1
412166,412167,412168,1,1
412166,412167,412168,1,1
412166,412167,412168,1,1
412166,412167,412168,1,1
412166,412167,412168,1,1
412166,412167,412168,1,1
412166,412167,412168,1,1
412166,412167,412168,1,1
412166,412167,412168,1,1
412166,412167,412169,2,1
412166,412167,412168,1,1
412166,412167,412169,2,1
412077,412077,412169,92,0
412073,412073,412170,97,0
386952,398664,412170,13506,11712
412171,412171,412173,2,0
412171,412171,412173,2,0
412171,412171,412173,2,0
412171,412171,412172,1,0
412171,412171,412173,2,0
412171,412171,412173,2,0
412171,412171,412173,2,0
412171,412171,412173,2,0
412171,412171,412173,2,0
412171,412171,412173,2,0
412171,412171,412173,2,0
412171,412171,412173,2,0
412171,412171,412172,1,0
412166,412167,412172,5,1
412166,412167,412172,5,1
412166,412167,412172,5,1
412171,412171,412172,1,0
412171,412171,412173,2,0
412171,412171,412173,2,0
412173,412173,412174,1,0
412173,412173,412174,1,0
412171,412171,412173,2,0
412171,412171,412173,2,0
412173,412173,412175,2,0
412173,412173,412175,2,0
412173,412173,412174,1,0
412059,412060,412174,114,1
412173,412173,412175,2,0
412173,412173,412175,2,0
412173,412173,412175,2,0
412173,412173,412175,2,0
412173,412173,412175,2,0
412173,412173,412175,2,0
412173,412173,412175,2,0
412173,412173,412175,2,0
412173,412173,412175,2,0
412173,412173,412175,2,0
412173,412173,412175,2,0
412173,412173,412175,2,0
412173,412173,412175,2,0
412173,412173,412175,2,0
412166,412167,412172,5,1
412166,412167,412173,6,1
412166,412167,412172,5,1
412176,412176,412177,1,0
412171,412171,412177,6,0
412171,412171,412177,6,0
412176,412176,412178,2,0
412176,412176,412178,2,0
412176,412176,412178,2,0
412176,412176,412178,2,0
412176,412176,412178,2,0
412176,412176,412178,2,0
412176,412176,412178,2,0
412176,412176,412178,2,0
412176,412176,412177,1,0
412176,412176,412177,1,0
412176,412176,412178,2,0
412176,412176,412178,2,0
412176,412176,412178,2,0
412176,412176,412178,2,0
412176,412176,412178,2,0
412176,412176,412178,2,0
412176,412176,412178,2,0
412176,412176,412178,2,0
412173,412173,412178,5,0
412171,412176,412178,2,5
412171,412176,412178,2,5
412176,412176,412179,3,0
412173,412173,412180,7,0
412173,412173,412181,8,0
412085,412086,412186,100,1
412176,412176,412188,12,0
412188,412188,412189,1,0
412188,412188,412189,1,0
412188,412188,412189,1,0
412188,412188,412189,1,0
412098,412098,412189,91,0
412188,412188,412190,2,0
412188,412188,412189,1,0
412188,412188,412190,2,0
412188,412188,412189,1,0
412188,412188,412190,2,0
412188,412188,412190,2,0
412188,412188,412189,1,0
412188,412188,412190,2,0
412188,412188,412190,2,0
412188,412188,412189,1,0
412176,412176,412189,13,0
412188,412188,412190,2,0
412188,412188,412190,2,0
412188,412188,412191,3,0
412188,412188,412191,3,0
412188,412188,412191,3,0
412188,412188,412194,6,0
412193,412193,412195,2,0
412193,412193,412195,2,0
412193,412193,412195,2,0
412193,412193,412195,2,0
412193,412193,412195,2,0
412193,412193,412195,2,0
412193,412193,412195,2,0
412193,412193,412195,2,0
412193,412193,412195,2,0
412193,412193,412195,2,0
412193,412193,412195,2,0
412193,412193,412195,2,0
412193,412193,412195,2,0
412193,412193,412195,2,0
412193,412193,412195,2,0
412193,412193,412195,2,0
412193,412193,412195,2,0
412188,412188,412196,8,0
412188,412188,412195,7,0
412193,412193,412195,2,0
386957,401192,412196,11004,14235
412193,412193,412195,2,0
412081,412081,412196,115,0
412193,412193,412196,3,0
412198,412198,412199,1,0
412198,412198,412199,1,0
412198,412198,412199,1,0
412198,412198,412199,1,0
412198,412198,412200,2,0
412198,412198,412199,1,0
412198,412198,412199,1,0
412198,412198,412199,1,0
412198,412198,412199,1,0
412198,412198,412199,1,0
412198,412198,412199,1,0
412198,412198,412199,1,0
412198,412198,412199,1,0
412198,412198,412200,2,0
412198,412198,412200,2,0
412198,412198,412200,2,0
412198,412198,412200,2,0
412193,412193,412202,9,0
412193,412193,412202,9,0
412198,412198,412203,5,0
412198,412198,412203,5,0
412198,412198,412203,5,0
412078,412078,412204,126,0
412205,412205,412206,1,0
412198,412198,412206,8,0
412205,412205,412207,2,0
412205,412205,412207,2,0
412205,412205,412206,1,0
412205,412205,412206,1,0
412205,412205,412207,2,0
412205,412205,412206,1,0
412205,412205,412207,2,0
412205,412205,412207,2,0
412205,412205,412206,1,0
412205,412205,412207,2,0
412205,412205,412206,1,0
412198,412198,412206,8,0
412205,412205,412206,1,0
412205,412205,412207,2,0
412205,412205,412207,2,0
412205,412205,412208,3,0
412205,412205,412208,3,0
412205,412205,412207,2,0
412205,412207,412209,2,2
412109,412109,412208,99,0
412205,412207,412209,2,2
412205,412205,412211,6,0
412205,412205,412210,5,0
412210,412210,412212,2,0
412210,412210,412211,1,0
412210,412210,412212,2,0
412210,412210,412212,2,0
412210,412210,412211,1,0
412210,412210,412212,2,0
412210,412210,412211,1,0
412210,412210,412211,1,0
412210,412210,412212,2,0
412210,412210,412211,1,0
412210,412210,412212,2,0
412210,412210,412212,2,0
412210,412210,412212,2,0
412210,412210,412211,1,0
412210,412210,412212,2,0
412210,412210,412211,1,0
412210,412210,412212,2,0
412210,412210,412211,1,0
412210,412210,412211,1,0
412210,412210,412212,2,0
412111,412111,412212,101,0
412210,412210,412212,2,0
412214,412214,412215,1,0
412095,412095,412215,120,0
412159,412162,412215,53,3
412214,412214,412216,2,0
412214,412214,412215,1,0
412214,412214,412215,1,0
412214,412214,412215,1,0
412214,412214,412215,1,0
412214,412214,412215,1,0
412214,412214,412215,1,0
412214,412214,412215,1,0
412214,412214,412215,1,0
412214,412214,412215,1,0
412214,412214,412215,1,0
412214,412214,412215,1,0
412214,412214,412215,1,0
412214,412215,412216,1,1
412214,412215,412216,1,1
412214,412214,412215,1,0
412214,412214,412215,1,0
412215,412215,412216,1,0
412215,412215,412217,2,0
412215,412215,412217,2,0
412215,412215,412217,2,0
412215,412215,412217,2,0
412215,412215,412217,2,0
412215,412215,412217,2,0
412215,412215,412217,2,0
412215,412215,412217,2,0
412215,412215,412217,2,0
412215,412215,412217,2,0
412215,412215,412217,2,0
412214,412215,412217,2,1
412215,412215,412217,2,0
412215,412215,412217,2,0
412215,412215,412217,2,0
412215,412215,412217,2,0
412210,412210,412217,7,0
412215,412215,412217,2,0
412214,412214,412218,4,0
412215,412215,412218,3,0
412215,412215,412218,3,0
412214,412214,412221,7,0
412215,412215,412221,6,0
412215,412216,412221,5,1
412214,412214,412222,8,0
412215,412215,412222,7,0
412113,412114,412232,118,1
412233,412234,412235,1,1
412233,412234,412235,1,1
412233,412234,412235,1,1
412233,412234,412235,1,1
412233,412234,412235,1,1
412233,412234,412235,1,1
412233,412234,412235,1,1
412233,412234,412235,1,1
412233,412234,412235,1,1
412233,412234,412235,1,1
412233,412234,412235,1,1
412233,412234,412235,1,1
412233,412234,412235,1,1
412233,412234,412235,1,1
412233,412234,412235,1,1
412233,412234,412235,1,1
412233,412234,412235,1,1
412233,412234,412235,1,1
412233,412234,412235,1,1
412233,412234,412235,1,1
412233,412234,412235,1,1
412233,412234,412235,1,1
412141,412141,412236,95,0
412238,412238,412240,2,0
412238,412238,412240,2,0
412238,412238,412239,1,0
412238,412238,412239,1,0
412238,412238,412239,1,0
412238,412238,412240,2,0
412238,412238,412239,1,0
412238,412238,412240,2,0
412238,412238,412240,2,0
412238,412238,412240,2,0
412238,412238,412240,2,0
412238,412238,412240,2,0
412238,412238,412240,2,0
412238,412238,412240,2,0
412238,412238,412239,1,0
412238,412238,412240,2,0
412238,412238,412241,3,0
412238,412238,412240,2,0
412117,412117,412241,124,0
412122,412122,412240,118,0
412238,412238,412240,2,0
412238,412238,412240,2,0
412238,412238,412240,2,0
412241,412241,412242,1,0
412241,412241,412243,2,0
412241,412241,412242,1,0
412241,412241,412242,1,0
412241,412241,412243,2,0
412241,412241,412243,2,0
412241,412241,412243,2,0
412241,412241,412243,2,0
412241,412241,412242,1,0
412241,412241,412243,2,0
412241,412241,412243,2,0
412241,412241,412243,2,0
412241,412241,412243,2,0
412241,412241,412242,1,0
412241,412241,412243,2,0
412241,412241,412243,2,0
412241,412241,412243,2,0
412241,412241,412243,2,0
412241,412241,412244,3,0
412241,412241,412243,2,0
412243,412243,412245,2,0
412243,412243,412245,2,0
412243,412243,412245,2,0
412243,412243,412244,1,0
412243,412243,412245,2,0
412243,412243,412245,2,0
412243,412243,412245,2,0
412243,412243,412244,1,0
412243,412243,412244,1,0
412243,412243,412244,1,0
412243,412243,412244,1,0
412243,412243,412245,2,0
412243,412243,412245,2,0
412243,412243,412245,2,0
412243,412243,412245,2,0
412243,412243,412245,2,0
412243,412243,412245,2,0
412243,412243,412245,2,0
412243,412243,412244,1,0
412167,412167,412245,78,0
412247,412247,412248,1,0
412247,412247,412249,2,0
412247,412247,412249,2,0
412247,412247,412249,2,0
412247,412247,412249,2,0
412247,412247,412249,2,0
412247,412247,412249,2,0
412247,412247,412249,2,0
412247,412247,412249,2,0
412247,412247,412249,2,0
412247,412247,412249,2,0
412247,412247,412249,2,0
412247,412247,412249,2,0
412247,412247,412249,2,0
412247,412247,412249,2,0
412247,412247,412249,2,0
412247,412247,412250,3,0
412247,412247,412251,4,0
412145,412145,412251,106,0
412247,412247,412252,5,0
412238,412238,412251,13,0
412134,412134,412253,119,0
412252,412252,412254,2,0
412252,412252,412253,1,0
412252,412252,412253,1,0
412252,412252,412253,1,0
412252,412252,412253,1,0
412252,412252,412253,1,0
412252,412252,412253,1,0
412252,412252,412253,1,0
412252,412252,412254,2,0
412252,412252,412254,2,0
412252,412252,412253,1,0
412252,412252,412254,2,0
412252,412252,412253,1,0
412137,412137,412254,117,0
412156,412156,412254,98,0
412243,412243,412255,12,0
412243,412243,412254,11,0
412255,412255,412256,1,0
412247,412247,412255,8,0
412247,412250,412255,5,3
412247,412250,412255,5,3
412252,412252,412255,3,0
412252,412252,412256,4,0
412255,412255,412257,2,0
412255,412255,412257,2,0
412255,412255,412256,1,0
412255,412255,412256,1,0
412255,412255,412256,1,0
412255,412255,412256,1,0
412255,412255,412257,2,0
412255,412255,412257,2,0
412255,412255,412257,2,0
412255,412255,412257,2,0
412255,412255,412257,2,0
412159,412159,412257,98,0
412255,412255,412257,2,0
412255,412255,412257,2,0
412255,412255,412256,1,0
412255,412255,412256,1,0
412255,412255,412256,1,0
412241,412241,412256,15,0
412241,412241,412256,15,0
412243,412243,412256,13,0
412255,412255,412257,2,0
412252,412252,412258,6,0
412252,412252,412258,6,0
412252,412252,412258,6,0
412252,412252,412258,6,0
412252,412252,412259,7,0
412252,412252,412259,7,0
412255,412255,412259,4,0
412252,412252,412258,6,0
412255,412255,412259,4,0
412255,412255,412259,4,0
412255,412255,412259,4,0
412261,412261,412263,2,0
412261,412261,412262,1,0
412261,412261,412263,2,0
412261,412261,412263,2,0
412261,412261,412263,2,0
412261,412261,412263,2,0
412261,412261,412263,2,0
412261,412261,412263,2,0
412261,412261,412263,2,0
412261,412261,412263,2,0
412261,412261,412263,2,0
412261,412261,412263,2,0
412261,412261,412263,2,0
412261,412261,412263,2,0
412261,412261,412263,2,0
412261,412261,412263,2,0
412261,412261,412263,2,0
412261,412261,412263,2,0
412261,412261,412263,2,0
412261,412261,412263,2,0
412261,412261,412262,1,0
412261,412261,412263,2,0
412261,412261,412263,2,0
412261,412261,412263,2,0
412261,412261,412263,2,0
412261,412261,412263,2,0
412261,412261,412263,2,0
412261,412261,412263,2,0
412261,412261,412263,2,0
412261,412261,412263,2,0
412261,412261,412263,2,0
412261,412261,412263,2,0
412261,412261,412263,2,0
412261,412261,412263,2,0
412261,412262,412264,2,1
412261,412262,412263,1,1
412261,412262,412264,2,1
412261,412262,412263,1,1
412261,412261,412264,3,0
412261,412261,412264,3,0
412261,412261,412264,3,0
412261,412261,412267,6,0
412261,412261,412267,6,0
412261,412261,412268,7,0
412269,412269,412270,1,0
412269,412269,412270,1,0
412269,412269,412271,2,0
412269,412269,412271,2,0
412269,412269,412271,2,0
412269,412269,412270,1,0
412269,412269,412270,1,0
412269,412269,412270,1,0
412269,412269,412271,2,0
412269,412269,412271,2,0
412269,412269,412271,2,0
412269,412269,412271,2,0
412269,412269,412271,2,0
412269,412269,412270,1,0
412269,412269,412270,1,0
412269,412269,412271,2,0
412269,412269,412270,1,0
412269,412269,412271,2,0
412269,412269,412271,2,0
412269,412269,412271,2,0
412269,412269,412273,4,0
412269,412269,412273,4,0
412179,412179,412279,100,0
412174,412174,412279,105,0
412196,412196,412280,84,0
412172,412172,412280,108,0
412279,412279,412280,1,0
412279,412280,412281,1,1
412279,412280,412281,1,1
412279,412280,412281,1,1
412279,412279,412281,2,0
412279,412279,412281,2,0
412279,412279,412281,2,0
412279,412280,412281,1,1
412281,412281,412282,1,0
412279,412279,412281,2,0
412279,412279,412281,2,0
412279,412279,412281,2,0
412279,412279,412281,2,0
412279,412279,412281,2,0
412279,412279,412281,2,0
412279,412279,412281,2,0
386958,401300,412282,10982,14342
412281,412281,412283,2,0
412281,412281,412282,1,0
412281,412281,412282,1,0
412281,412281,412283,2,0
412281,412281,412283,2,0
412281,412281,412282,1,0
412281,412281,412282,1,0
412281,412281,412282,1,0
412281,412281,412283,2,0
412282,412282,412283,1,0
412281,412281,412283,2,0
412281,412281,412282,1,0
412281,412281,412282,1,0
412281,412281,412283,2,0
412281,412281,412282,1,0
412281,412281,412283,2,0
412281,412281,412283,2,0
412281,412281,412282,1,0
412281,412281,412283,2,0
412281,412281,412283,2,0
412281,412281,412283,2,0
412281,412281,412283,2,0
412281,412281,412282,1,0
412281,412281,412283,2,0
412281,412281,412283,2,0
412281,412281,412283,2,0
412281,412281,412283,2,0
412281,412281,412283,2,0
412281,412281,412282,1,0
412281,412281,412283,2,0
412281,412281,412283,2,0
412281,412281,412283,2,0
412281,412281,412282,1,0
412281,412281,412282,1,0
412281,412281,412283,2,0
412281,412281,412283,2,0
412282,412282,412283,1,0
412279,412279,412282,3,0
412281,412281,412283,2,0
412282,412282,412284,2,0
412282,412282,412284,2,0
412282,412282,412284,2,0
412282,412282,412284,2,0
412282,412282,412284,2,0
412282,412284,412285,1,2
412279,412281,412284,3,2
412282,412282,412284,2,0
412282,412282,412284,2,0
412282,412282,412284,2,0
412282,412282,412284,2,0
412282,412282,412284,2,0
412282,412282,412284,2,0
412282,412284,412285,1,2
412282,412284,412285,1,2
412282,412284,412285,1,2
412282,412284,412285,1,2
412282,412284,412285,1,2
412282,412284,412285,1,2
412282,412284,412285,1,2
412279,412281,412285,4,2
412279,412281,412285,4,2
412281,412281,412290,9,0
412281,412281,412290,9,0
412281,412281,412290,9,0
412281,412281,412290,9,0
412281,412281,412290,9,0
412282,412282,412291,9,0
412279,412285,412293,8,6
412199,412199,412293,94,0
412279,412285,412294,9,6
412279,412285,412294,9,6
412281,412285,412294,9,4
412281,412285,412294,9,4
412296,412296,412298,2,0
412296,412296,412298,2,0
412296,412296,412298,2,0
412296,412296,412298,2,0
412296,412296,412297,1,0
412296,412296,412298,2,0
412296,412296,412298,2,0
412296,412296,412298,2,0
412296,412296,412297,1,0
412296,412296,412298,2,0
412296,412296,412297,1,0
412296,412296,412297,1,0
412296,412296,412297,1,0
412296,412296,412297,1,0
412296,412296,412298,2,0
412296,412296,412297,1,0
412296,412296,412298,2,0
412296,412296,412300,4,0
412296,412296,412301,5,0
412296,412296,412300,4,0
412211,412211,412303,92,0
412215,412215,412304,89,0
412192,412192,412306,114,0
412206,412206,412306,100,0
412306,412306,412307,1,0
412306,412306,412307,1,0
412306,412306,412307,1,0
412306,412306,412308,2,0
412306,412306,412307,1,0
412306,412306,412307,1,0
412296,412296,412307,11,0
412306,412306,412308,2,0
412306,412306,412308,2,0
412306,412306,412308,2,0
412306,412306,412308,2,0
412306,412306,412308,2,0
412306,412306,412308,2,0
412306,412306,412308,2,0
412306,412306,412308,2,0
412306,412306,412308,2,0
412306,412306,412308,2,0
412306,412306,412308,2,0
412296,412296,412309,13,0
412308,412308,412309,1,0
412308,412308,412309,1,0
412308,412308,412310,2,0
412308,412308,412309,1,0
412308,412308,412309,1,0
412308,412308,412309,1,0
412308,412308,412310,2,0
412308,412308,412309,1,0
412308,412308,412309,1,0
412308,412308,412309,1,0
412308,412308,412309,1,0
412308,412308,412309,1,0
412308,412308,412309,1,0
412308,412308,412310,2,0
412308,412308,412309,1,0
412308,412308,412310,2,0
412308,412308,412309,1,0
412308,412308,412309,1,0
412308,412308,412309,1,0
412308,412308,412309,1,0
412308,412308,412310,2,0
412308,412308,412309,1,0
412308,412308,412309,1,0
412308,412308,412309,1,0
412308,412308,412309,1,0
412308,412308,412310,2,0
412308,412308,412309,1,0
412308,412308,412310,2,0
412308,412308,412309,1,0
412308,412308,412310,2,0
412308,412308,412309,1,0
412308,412308,412309,1,0
412308,412308,412309,1,0
412306,412306,412309,3,0
412308,412308,412310,2,0
412308,412308,412310,2,0
412306,412306,412310,4,0
412308,412308,412311,3,0
412308,412308,412310,2,0
412306,412306,412311,5,0
412306,412306,412311,5,0
412308,412308,412311,3,0
412308,412308,412311,3,0
412308,412308,412314,6,0
412308,412308,412314,6,0
412308,412308,412314,6,0
386931,386931,412315,25384,0
412308,412308,412316,8,0
412308,412308,412316,8,0
412316,412316,412318,2,0
412316,412316,412318,2,0
412316,412316,412318,2,0
412316,412316,412317,1,0
412316,412316,412318,2,0
412316,412316,412317,1,0
412316,412316,412317,1,0
412316,412316,412318,2,0
412316,412316,412318,2,0
412316,412316,412318,2,0
412316,412316,412318,2,0
412316,412316,412317,1,0
412316,412316,412318,2,0
412316,412316,412317,1,0
412316,412316,412318,2,0
412316,412316,412318,2,0
412316,412316,412319,3,0
412316,412316,412319,3,0
412316,412318,412319,1,2
412316,412318,412319,1,2
412316,412318,412319,1,2
412306,412306,412320,14,0
386939,386939,412325,25386,0
412316,412316,412327,11,0
412242,412242,412343,101,0
412343,412344,412345,1,1
386945,386945,412345,25400,0
412343,412344,412345,1,1
412343,412344,412345,1,1
412343,412344,412345,1,1
412343,412344,412345,1,1
412343,412344,412345,1,1
412343,412344,412345,1,1
412343,412344,412345,1,1
412343,412344,412345,1,1
412343,412344,412345,1,1
412343,412344,412345,1,1
412343,412344,412345,1,1
412343,412344,412345,1,1
412343,412344,412345,1,1
412343,412344,412345,1,1
412343,412344,412345,1,1
412343,412344,412345,1,1
412343,412344,412345,1,1
412343,412344,412345,1,1
412343,412344,412345,1,1
412343,412344,412345,1,1
412343,412344,412345,1,1
412249,412249,412348,99,0
412350,412350,412351,1,0
412350,412350,412351,1,0
412350,412350,412352,2,0
412350,412350,412352,2,0
412350,412350,412351,1,0
412350,412350,412352,2,0
412350,412350,412351,1,0
412350,412350,412352,2,0
412350,412350,412352,2,0
412350,412350,412352,2,0
412350,412350,412351,1,0
412350,412350,412352,2,0
412350,412350,412352,2,0
412350,412350,412352,2,0
412350,412350,412352,2,0
412350,412350,412352,2,0
412350,412350,412351,1,0
412350,412350,412351,1,0
412350,412350,412352,2,0
412350,412350,412351,1,0
412235,412236,412353,117,1
386959,401907,412352,10445,14948
412217,412217,412354,137,0
412353,412353,412354,1,0
412353,412353,412355,2,0
412353,412353,412355,2,0
412353,412353,412354,1,0
412353,412353,412355,2,0
412353,412353,412355,2,0
412353,412353,412355,2,0
412353,412353,412355,2,0
412253,412253,412354,101,0
412353,412353,412355,2,0
412353,412353,412355,2,0
412350,412350,412355,5,0
412353,412353,412355,2,0
412353,412353,412355,2,0
412355,412355,412356,1,0
412353,412353,412355,2,0
412353,412353,412355,2,0
412355,412355,412356,1,0
412353,412353,412355,2,0
412353,412353,412355,2,0
412353,412353,412355,2,0
412355,412355,412356,1,0
412353,412353,412355,2,0
412355,412355,412356,1,0
412353,412353,412355,2,0
412353,412353,412356,3,0
412353,412353,412355,2,0
412355,412355,412356,1,0
412355,412355,412356,1,0
412355,412355,412356,1,0
412355,412355,412357,2,0
412355,412355,412357,2,0
412355,412355,412357,2,0
412355,412355,412357,2,0
412355,412355,412356,1,0
412355,412355,412357,2,0
412355,412355,412357,2,0
412355,412355,412356,1,0
412355,412355,412357,2,0
412355,412355,412356,1,0
412355,412355,412356,1,0
412355,412355,412356,1,0
412355,412355,412356,1,0
412355,412355,412356,1,0
412355,412355,412356,1,0
412355,412355,412357,2,0
412355,412355,412356,1,0
412355,412355,412357,2,0
412355,412355,412357,2,0
412355,412355,412357,2,0
412239,412239,412357,118,0
412355,412355,412357,2,0
412355,412355,412356,1,0
412355,412355,412357,2,0
412355,412355,412357,2,0
412355,412355,412356,1,0
412262,412262,412357,95,0
412355,412355,412357,2,0
412355,412355,412357,2,0
412355,412355,412357,2,0
412355,412355,412357,2,0
412355,412355,412357,2,0
412355,412355,412356,1,0
412355,412355,412356,1,0
412355,412355,412357,2,0
412245,412245,412357,112,0
412350,412350,412358,8,0
412358,412358,412359,1,0
412358,412358,412360,2,0
412358,412358,412360,2,0
412358,412358,412360,2,0
412358,412358,412359,1,0
412358,412358,412360,2,0
412358,412358,412360,2,0
412358,412358,412360,2,0
412358,412358,412360,2,0
412358,412358,412360,2,0
412358,412358,412360,2,0
412358,412358,412360,2,0
412358,412358,412360,2,0
412358,412358,412360,2,0
412358,412358,412360,2,0
412358,412358,412360,2,0
412358,412358,412360,2,0
412358,412358,412360,2,0
412358,412358,412360,2,0
412358,412358,412360,2,0
412358,412358,412360,2,0
412358,412358,412360,2,0
412358,412358,412360,2,0
412358,412358,412360,2,0
412358,412358,412360,2,0
412358,412358,412360,2,0
412358,412358,412360,2,0
412358,412358,412360,2,0
412358,412358,412359,1,0
412358,412358,412360,2,0
412358,412358,412359,1,0
412358,412358,412360,2,0
412358,412358,412360,2,0
412358,412358,412360,2,0
412358,412358,412360,2,0
412353,412353,412361,8,0
412355,412355,412364,9,0
412355,412355,412363,8,0
386928,386928,412365,25437,0
412355,412355,412365,10,0
412355,412355,412365,10,0
412358,412358,412365,7,0
412358,412358,412365,7,0
412358,412358,412365,7,0
412358,412358,412365,7,0
412366,412366,412367,1,0
412366,412366,412368,2,0
412366,412366,412368,2,0
412366,412366,412367,1,0
412366,412366,412368,2,0
412366,412366,412367,1,0
412366,412366,412367,1,0
412366,412366,412368,2,0
412366,412366,412367,1,0
412358,412358,412368,10,0
412358,412358,412368,10,0
412358,412358,412367,9,0
412366,412366,412368,2,0
412366,412366,412368,2,0
412366,412366,412368,2,0
412366,412366,412368,2,0
412366,412366,412368,2,0
412366,412366,412367,1,0
412366,412366,412368,2,0
412366,412366,412368,2,0
412358,412358,412368,10,0
412358,412358,412368,10,0
412366,412366,412368,2,0
412366,412366,412370,4,0
412366,412366,412371,5,0
412280,412280,412370,90,0
412366,412366,412371,5,0
412366,412366,412371,5,0
412375,412376,412378,2,1
412375,412376,412377,1,1
412375,412376,412378,2,1
412375,412376,412377,1,1
412375,412376,412378,2,1
412375,412376,412378,2,1
386942,386942,412378,25436,0
412375,412376,412378,2,1
412375,412376,412378,2,1
412375,412376,412378,2,1
412375,412376,412378,2,1
412375,412376,412378,2,1
412375,412376,412378,2,1
412375,412376,412378,2,1
412375,412376,412378,2,1
412375,412376,412378,2,1
412375,412376,412378,2,1
412375,412376,412378,2,1
412375,412376,412380,4,1
412375,412376,412379,3,1
412375,412376,412380,4,1
412375,412376,412382,6,1
412375,412376,412382,6,1
412284,412284,412386,102,0
386933,386933,412387,25454,0
412390,412390,412392,2,0
412390,412390,412392,2,0
412390,412390,412392,2,0
412390,412390,412392,2,0
412390,412390,412392,2,0
412390,412390,412392,2,0
412390,412390,412392,2,0
412390,412390,412392,2,0
412390,412390,412392,2,0
412390,412390,412392,2,0
412390,412390,412392,2,0
412390,412390,412392,2,0
412390,412390,412392,2,0
412390,412390,412392,2,0
412390,412390,412392,2,0
412390,412390,412392,2,0
412390,412390,412392,2,0
412390,412390,412394,4,0
412390,412390,412395,5,0
412390,412390,412395,5,0
412275,412275,412394,119,0
412390,412390,412394,4,0
412287,412287,412394,107,0
412292,412292,412395,103,0
412395,412395,412397,2,0
412395,412395,412397,2,0
412307,412307,412397,90,0
412395,412395,412397,2,0
412395,412395,412397,2,0
412395,412396,412397,1,1
412395,412396,412397,1,1
412395,412396,412397,1,1
412395,412395,412397,2,0
412395,412396,412397,1,1
412395,412396,412397,1,1
412395,412396,412397,1,1
412395,412396,412397,1,1
412395,412395,412397,2,0
412395,412396,412397,1,1
412395,412396,412397,1,1
412395,412396,412398,2,1
412395,412396,412397,1,1
412395,412395,412397,2,0
412395,412395,412397,2,0
412395,412396,412398,2,1
412395,412396,412397,1,1
412397,412397,412398,1,0
412395,412396,412397,1,1
412395,412396,412397,1,1
412395,412395,412397,2,0
412395,412395,412397,2,0
412395,412396,412397,1,1
412395,412396,412398,2,1
412395,412396,412397,1,1
412395,412396,412398,2,1
412395,412396,412397,1,1
412397,412397,412399,2,0
412397,412397,412399,2,0
412397,412397,412398,1,0
412397,412397,412399,2,0
412397,412397,412399,2,0
412397,412397,412399,2,0
412397,412397,412399,2,0
412397,412397,412399,2,0
412397,412397,412398,1,0
412397,412397,412399,2,0
412397,412397,412399,2,0
412397,412397,412399,2,0
412397,412397,412399,2,0
412397,412397,412399,2,0
412397,412397,412398,1,0
412397,412397,412398,1,0
412397,412397,412399,2,0
412397,412399,412400,1,2
412397,412399,412400,1,2
412397,412399,412400,1,2
412395,412399,412401,2,4
412395,412399,412401,2,4
412395,412399,412401,2,4
412395,412399,412401,2,4
412400,412400,412401,1,0
412395,412399,412401,2,4
412395,412399,412401,2,4
412395,412399,412401,2,4
412395,412399,412402,3,4
412395,412400,412401,1,5
412397,412400,412401,1,3
412400,412400,412402,2,0
412400,412400,412402,2,0
412400,412400,412402,2,0
412400,412400,412402,2,0
412400,412400,412402,2,0
412400,412400,412402,2,0
412400,412400,412402,2,0
412400,412400,412402,2,0
412400,412400,412402,2,0
412400,412400,412402,2,0
412400,412400,412402,2,0
412400,412400,412402,2,0
412400,412400,412402,2,0
412400,412400,412402,2,0
412400,412400,412403,3,0
412400,412400,412402,2,0
412317,412317,412404,87,0
412400,412400,412404,4,0
412390,412390,412406,16,0
412405,412405,412407,2,0
412405,412405,412407,2,0
412405,412405,412406,1,0
412405,412405,412407,2,0
412405,412405,412407,2,0
412405,412405,412407,2,0
412405,412405,412407,2,0
412405,412405,412407,2,0
412405,412405,412407,2,0
412405,412405,412406,1,0
412400,412400,412407,7,0
412294,412294,412407,113,0
412405,412405,412407,2,0
412400,412400,412403,3,0
412400,412400,412408,8,0
412395,412396,412409,13,1
412405,412408,412410,2,3
412405,412408,412410,2,3
412405,412408,412409,1,3
412400,412400,412410,10,0
412395,412396,412411,15,1
412395,412396,412411,15,1
412395,412396,412410,14,1
412395,412396,412410,14,1
412272,412272,412411,139,0
412405,412405,412412,7,0
412405,412405,412413,8,0
412405,412405,412413,8,0
412405,412405,412413,8,0
412405,412405,412413,8,0
412405,412405,412413,8,0
412405,412405,412414,9,0
412405,412405,412414,9,0
412413,412413,412415,2,0
412413,412413,412414,1,0
412413,412413,412415,2,0
412413,412413,412415,2,0
412413,412413,412415,2,0
412413,412413,412414,1,0
412413,412413,412415,2,0
412413,412413,412414,1,0
412413,412413,412415,2,0
412413,412413,412415,2,0
412413,412413,412414,1,0
412413,412413,412414,1,0
412413,412413,412415,2,0
412413,412413,412415,2,0
412413,412413,412415,2,0
412413,412413,412415,2,0
412413,412413,412415,2,0
412413,412413,412415,2,0
412413,412413,412415,2,0
412413,412413,412419,6,0
412413,412413,412420,7,0
412413,412413,412421,8,0
412297,412298,412422,124,1
412310,412310,412422,112,0
412422,412422,412423,1,0
412422,412422,412424,2,0
412422,412422,412424,2,0
412422,412422,412424,2,0
412422,412422,412424,2,0
412422,412422,412423,1,0
412422,412422,412424,2,0
412422,412422,412423,1,0
412422,412422,412424,2,0
412422,412422,412424,2,0
412422,412422,412423,1,0
412422,412422,412424,2,0
412422,412422,412423,1,0
412422,412422,412424,2,0
412422,412422,412424,2,0
412422,412422,412424,2,0
412422,412426,412427,1,4
412422,412422,412427,5,0
412422,412422,412427,5,0
412426,412426,412428,2,0
412319,412319,412428,109,0
412426,412426,412427,1,0
412426,412426,412428,2,0
412426,412426,412428,2,0
412426,412426,412428,2,0
412422,412426,412428,2,4
412422,412426,412427,1,4
412426,412426,412428,2,0
412422,412422,412428,6,0
412426,412426,412428,2,0
412426,412426,412429,3,0
412426,412426,412428,2,0
412426,412426,412428,2,0
412426,412426,412429,3,0
412426,412426,412429,3,0
412426,412426,412429,3,0
412426,412426,412428,2,0
412426,412426,412429,3,0
412426,412426,412429,3,0
412426,412426,412429,3,0
412426,412426,412429,3,0
412426,412426,412429,3,0
412426,412429,412430,1,3
412426,412429,412431,2,3
412426,412429,412431,2,3
412430,412430,412432,2,0
412430,412430,412432,2,0
412430,412430,412432,2,0
412430,412430,412432,2,0
412430,412430,412432,2,0
412430,412430,412431,1,0
412430,412430,412431,1,0
412430,412430,412432,2,0
412430,412430,412432,2,0
412430,412430,412431,1,0
412430,412430,412432,2,0
412430,412430,412432,2,0
412430,412430,412432,2,0
412430,412430,412432,2,0
412430,412430,412432,2,0
412430,412430,412432,2,0
412430,412430,412432,2,0
412430,412430,412432,2,0
412430,412430,412433,3,0
412430,412430,412433,3,0
412430,412430,412433,3,0
412433,412433,412434,1,0
412430,412430,412433,3,0
412433,412433,412435,2,0
412433,412433,412435,2,0
412433,412433,412435,2,0
412433,412433,412435,2,0
412433,412433,412435,2,0
412433,412433,412435,2,0
412433,412433,412435,2,0
412433,412433,412435,2,0
412433,412433,412435,2,0
412433,412433,412435,2,0
412433,412433,412435,2,0
412433,412433,412435,2,0
412433,412433,412435,2,0
412433,412433,412434,1,0
412433,412433,412435,2,0
412433,412433,412435,2,0
412433,412433,412441,8,0
412433,412433,412442,9,0
412433,412433,412442,9,0
412433,412433,412442,9,0
412433,412433,412442,9,0
412359,412359,412446,87,0
412354,412354,412446,92,0
412346,412346,412447,101,0
412357,412357,412447,90,0
412447,412447,412448,1,0
412447,412447,412448,1,0
412447,412447,412448,1,0
412447,412447,412448,1,0
412447,412447,412449,2,0
412447,412447,412448,1,0
412447,412447,412448,1,0
412447,412447,412448,1,0
412447,412447,412448,1,0
412447,412447,412448,1,0
412447,412447,412448,1,0
412447,412447,412449,2,0
412447,412447,412448,1,0
412447,412447,412448,1,0
412447,412447,412448,1,0
412447,412447,412448,1,0
412447,412447,412448,1,0
412447,412447,412448,1,0
412447,412447,412448,1,0
412447,412447,412448,1,0
412447,412447,412448,1,0
412447,412447,412448,1,0
412447,412447,412449,2,0
412447,412447,412449,2,0
412447,412447,412449,2,0
412448,412449,412450,1,1
412447,412447,412449,2,0
412447,412447,412449,2,0
412447,412447,412449,2,0
412447,412447,412449,2,0
412447,412447,412449,2,0
412447,412447,412449,2,0
412447,412447,412449,2,0
412447,412447,412449,2,0
412447,412447,412449,2,0
412447,412447,412449,2,0
412447,412447,412449,2,0
412447,412447,412449,2,0
412448,412449,412450,1,1
412448,412449,412451,2,1
412448,412449,412450,1,1
412449,412449,412450,1,0
412449,412449,412451,2,0
412449,412449,412451,2,0
412448,412449,412451,2,1
412448,412449,412451,2,1
412448,412449,412450,1,1
412449,412449,412451,2,0
412449,412449,412451,2,0
412448,412449,412450,1,1
412448,412449,412451,2,1
412449,412449,412450,1,0
412449,412449,412451,2,0
412449,412449,412451,2,0
412448,412449,412451,2,1
412448,412449,412451,2,1
412448,412449,412450,1,1
412449,412449,412450,1,0
412449,412449,412451,2,0
412448,412449,412451,2,1
412448,412449,412451,2,1
412448,412449,412451,2,1
412448,412449,412450,1,1
412449,412449,412450,1,0
412449,412449,412450,1,0
412448,412449,412450,1,1
412448,412449,412451,2,1
412449,412449,412450,1,0
412449,412449,412451,2,0
412449,412449,412451,2,0
412448,412449,412451,2,1
412448,412449,412451,2,1
412448,412449,412451,2,1
412449,412449,412451,2,0
412448,412449,412451,2,1
412449,412449,412451,2,0
412449,412449,412451,2,0
412449,412450,412451,1,1
412449,412450,412451,1,1
412449,412450,412451,1,1
412449,412449,412453,4,0
412447,412447,412453,6,0
412447,412447,412453,6,0
412447,412447,412454,7,0
412447,412451,412454,3,4
386941,386941,412455,25514,0
412447,412447,412454,7,0
412447,412451,412455,4,4
412447,412451,412455,4,4
412367,412367,412457,90,0
412351,412351,412457,106,0
412461,412461,412462,1,0
412461,412461,412463,2,0
412461,412461,412463,2,0
412461,412461,412463,2,0
412461,412461,412463,2,0
412461,412461,412462,1,0
412461,412461,412463,2,0
412461,412461,412463,2,0
412461,412461,412463,2,0
412461,412461,412463,2,0
412461,412461,412463,2,0
412461,412461,412463,2,0
412461,412461,412463,2,0
412461,412461,412463,2,0
412461,412461,412463,2,0
412461,412461,412464,3,0
412461,412461,412465,4,0
412461,412461,412465,4,0
412461,412461,412465,4,0
412465,412466,412467,1,1
412465,412466,412467,1,1
412465,412466,412467,1,1
412465,412466,412467,1,1
412465,412466,412467,1,1
412465,412466,412467,1,1
412465,412466,412467,1,1
412465,412466,412467,1,1
412465,412466,412467,1,1
412465,412466,412467,1,1
412465,412466,412467,1,1
412465,412466,412467,1,1
412465,412466,412467,1,1
412465,412466,412467,1,1
412465,412466,412467,1,1
412465,412466,412467,1,1
412465,412466,412468,2,1
412465,412466,412468,2,1
412465,412466,412467,1,1
412465,412466,412468,2,1
412465,412466,412468,2,1
412465,412466,412468,2,1
412461,412461,412470,9,0
412461,412461,412470,9,0
412461,412461,412471,10,0
412377,412377,412477,100,0
412384,412384,412478,94,0
412478,412478,412479,1,0
412478,412478,412480,2,0
412478,412478,412480,2,0
412478,412478,412479,1,0
412478,412478,412480,2,0
412478,412478,412479,1,0
412478,412478,412480,2,0
412478,412478,412479,1,0
412478,412478,412480,2,0
412478,412478,412479,1,0
412478,412478,412480,2,0
412478,412478,412479,1,0
412478,412478,412480,2,0
412478,412478,412480,2,0
412478,412478,412479,1,0
412478,412478,412481,3,0
412478,412478,412480,2,0
412479,412479,412481,2,0
412479,412479,412481,2,0
412479,412479,412481,2,0
412479,412479,412480,1,0
412479,412479,412481,2,0
412479,412479,412481,2,0
412479,412479,412481,2,0
412479,412479,412481,2,0
412479,412479,412481,2,0
412479,412479,412481,2,0
412479,412479,412481,2,0
412479,412479,412481,2,0
412479,412479,412481,2,0
412479,412479,412481,2,0
412479,412479,412481,2,0
412479,412479,412481,2,0
412479,412479,412482,3,0
412479,412479,412481,2,0
412478,412478,412482,4,0
412478,412478,412482,4,0
412479,412479,412481,2,0
412478,412478,412482,4,0
412478,412478,412483,5,0
412478,412478,412482,4,0
412479,412479,412483,4,0
412479,412479,412483,4,0
412479,412479,412484,5,0
412401,412401,412487,86,0
412488,412488,412489,1,0
412488,412488,412489,1,0
412488,412488,412489,1,0
412488,412488,412489,1,0
412488,412488,412489,1,0
412488,412488,412490,2,0
412488,412488,412489,1,0
412488,412488,412489,1,0
412488,412488,412489,1,0
412488,412488,412489,1,0
412488,412488,412489,1,0
412488,412488,412490,2,0
412488,412488,412489,1,0
412488,412488,412489,1,0
412488,412488,412489,1,0
412488,412488,412490,2,0
412488,412488,412489,1,0
412488,412488,412490,2,0
412488,412488,412492,4,0
412488,412488,412492,4,0
412488,412488,412498,10,0
412488,412488,412499,11,0
412403,412403,412510,107,0
412511,412511,412512,1,0
412511,412511,412512,1,0
412511,412511,412513,2,0
412511,412511,412513,2,0
412511,412511,412513,2,0
412511,412511,412512,1,0
412511,412511,412512,1,0
412511,412511,412512,1,0
412511,412511,412512,1,0
412511,412511,412513,2,0
412511,412511,412512,1,0
412511,412511,412512,1,0
412511,412511,412512,1,0
412511,412511,412512,1,0
412511,412511,412512,1,0
412511,412511,412512,1,0
412511,412511,412513,2,0
412511,412511,412513,2,0
412511,412511,412513,2,0
412511,412511,412513,2,0
412388,412388,412513,125,0
412511,412511,412513,2,0
412511,412511,412514,3,0
412409,412409,412514,105,0
412399,412399,412514,115,0
412516,412516,412517,1,0
412516,412516,412518,2,0
412516,412516,412518,2,0
412516,412516,412517,1,0
412516,412516,412518,2,0
412516,412516,412518,2,0
412516,412516,412517,1,0
412516,412516,412517,1,0
412516,412516,412518,2,0
412516,412516,412517,1,0
412516,412516,412518,2,0
412516,412516,412518,2,0
412516,412516,412517,1,0
412516,412516,412518,2,0
412516,412516,412517,1,0
412516,412516,412518,2,0
412516,412516,412518,2,0
412516,412516,412517,1,0
412516,412516,412518,2,0
412516,412516,412517,1,0
412516,412516,412518,2,0
412516,412516,412518,2,0
412516,412516,412518,2,0
412516,412516,412518,2,0
412516,412516,412517,1,0
412516,412516,412518,2,0
412516,412516,412518,2,0
412516,412516,412518,2,0
412516,412516,412517,1,0
412516,412516,412518,2,0
412516,412516,412518,2,0
412516,412516,412518,2,0
412516,412516,412518,2,0
412517,412518,412519,1,1
412516,412516,412518,2,0
412516,412517,412519,2,1
412516,412517,412519,2,1
412516,412517,412519,2,1
412516,412517,412519,2,1
412517,412517,412519,2,0
412517,412517,412519,2,0
412517,412517,412519,2,0
412517,412517,412519,2,0
412517,412517,412519,2,0
412517,412517,412519,2,0
412517,412517,412519,2,0
412517,412517,412519,2,0
412517,412517,412519,2,0
412517,412517,412519,2,0
412517,412517,412519,2,0
412517,412517,412519,2,0
412517,412517,412519,2,0
412517,412517,412519,2,0
412517,412518,412519,1,1
412517,412518,412519,1,1
412517,412518,412519,1,1
412517,412518,412519,1,1
412517,412517,412519,2,0
412516,412517,412520,3,1
412517,412517,412520,3,0
412414,412414,412523,109,0
412516,412516,412523,7,0
412516,412516,412523,7,0
412392,412392,412523,131,0
412516,412516,412524,8,0
412516,412516,412524,8,0
412516,412516,412524,8,0
412517,412517,412524,7,0
412524,412524,412525,1,0
412524,412524,412525,1,0
412524,412524,412525,1,0
412524,412524,412525,1,0
412524,412524,412525,1,0
412524,412524,412525,1,0
412524,412524,412525,1,0
412524,412524,412525,1,0
412524,412524,412525,1,0
412524,412524,412525,1,0
412524,412524,412525,1,0
412524,412524,412525,1,0
412524,412524,412525,1,0
412527,412527,412528,1,0
412527,412527,412529,2,0
412527,412527,412529,2,0
412527,412527,412528,1,0
412527,412527,412529,2,0
412527,412527,412528,1,0
412527,412527,412528,1,0
412527,412527,412529,2,0
412527,412527,412528,1,0
412527,412527,412528,1,0
412527,412527,412529,2,0
412527,412527,412528,1,0
412527,412527,412528,1,0
412524,412526,412528,2,2
412524,412526,412528,2,2
412432,412432,412529,97,0
412423,412423,412529,106,0
412527,412527,412529,2,0
412527,412527,412529,2,0
412524,412524,412529,5,0
412524,412524,412529,5,0
412524,412524,412529,5,0
412524,412524,412529,5,0
412527,412527,412531,4,0
412527,412527,412530,3,0
412524,412524,412531,7,0
412524,412524,412531,7,0
412524,412524,412531,7,0
412527,412527,412531,4,0
412530,412530,412531,1,0
412530,412530,412532,2,0
412530,412530,412532,2,0
412530,412530,412531,1,0
412530,412530,412532,2,0
412530,412530,412531,1,0
412530,412530,412531,1,0
412530,412530,412532,2,0
412530,412530,412532,2,0
412530,412530,412532,2,0
412530,412530,412532,2,0
412530,412530,412531,1,0
412530,412530,412531,1,0
412530,412530,412532,2,0
412530,412530,412532,2,0
412527,412527,412532,5,0
412530,412530,412532,2,0
412530,412530,412532,2,0
412530,412530,412532,2,0
412527,412527,412535,8,0
412527,412527,412536,9,0
412527,412527,412536,9,0
412530,412530,412536,6,0
412530,412530,412536,6,0
412530,412530,412538,8,0
412530,412530,412537,7,0
412439,412442,412540,98,3
412434,412434,412540,106,0
412540,412540,412541,1,0
412540,412540,412541,1,0
412540,412540,412542,2,0
412540,412540,412541,1,0
412540,412540,412542,2,0
412540,412540,412542,2,0
412540,412540,412542,2,0
412540,412540,412542,2,0
412540,412540,412541,1,0
412540,412540,412542,2,0
412540,412540,412542,2,0
412540,412540,412541,1,0
412540,412540,412542,2,0
412540,412540,412542,2,0
412540,412540,412541,1,0
412540,412540,412542,2,0
412540,412540,412542,2,0
412540,412540,412541,1,0
412540,412540,412542,2,0
412542,412542,412543,1,0
412540,412540,412542,2,0
412540,412540,412544,4,0
412540,412540,412543,3,0
412542,412542,412544,2,0
412542,412542,412544,2,0
412542,412542,412544,2,0
412542,412542,412544,2,0
412542,412542,412544,2,0
412542,412542,412544,2,0
412542,412542,412544,2,0
412542,412542,412544,2,0
412542,412542,412543,1,0
412542,412542,412544,2,0
412542,412542,412544,2,0
412542,412542,412543,1,0
412542,412542,412543,1,0
412542,412542,412544,2,0
412542,412542,412543,1,0
412542,412542,412544,2,0
412542,412542,412544,2,0
412542,412542,412543,1,0
412542,412542,412544,2,0
412542,412542,412544,2,0
412542,412542,412544,2,0
412542,412542,412544,2,0
412542,412542,412543,1,0
412542,412542,412544,2,0
412542,412542,412544,2,0
412542,412542,412544,2,0
412542,412542,412544,2,0
412542,412542,412543,1,0
412542,412542,412544,2,0
412542,412542,412544,2,0
412542,412542,412544,2,0
412542,412542,412544,2,0
412542,412542,412543,1,0
412542,412542,412543,1,0
412542,412542,412544,2,0
412542,412542,412544,2,0
412542,412542,412544,2,0
412542,412542,412544,2,0
412542,412542,412544,2,0
412542,412542,412544,2,0
412542,412542,412544,2,0
412542,412542,412544,2,0
412542,412542,412544,2,0
412468,412470,412555,85,2
412436,412436,412556,120,0
412555,412555,412556,1,0
412555,412555,412557,2,0
412555,412555,412557,2,0
412555,412555,412557,2,0
412555,412555,412557,2,0
412555,412555,412558,3,0
412555,412556,412557,1,1
412555,412556,412557,1,1
412555,412556,412557,1,1
412555,412555,412557,2,0
412555,412556,412557,1,1
412555,412555,412557,2,0
412555,412555,412557,2,0
412555,412556,412557,1,1
412555,412556,412557,1,1
412555,412556,412557,1,1
412557,412557,412558,1,0
412557,412557,412559,2,0
412557,412557,412558,1,0
412557,412557,412558,1,0
412557,412557,412558,1,0
412557,412557,412558,1,0
412557,412557,412558,1,0
412557,412557,412558,1,0
412557,412557,412558,1,0
412557,412557,412558,1,0
412557,412557,412558,1,0
412557,412557,412558,1,0
412557,412557,412558,1,0
412557,412557,412558,1,0
412557,412557,412558,1,0
412557,412557,412559,2,0
412557,412557,412559,2,0
412479,412479,412563,84,0
412453,412453,412563,110,0
412555,412555,412564,9,0
412555,412556,412565,9,1
412555,412556,412565,9,1
412555,412556,412564,8,1
412557,412557,412564,7,0
412557,412557,412564,7,0
412564,412564,412565,1,0
412564,412564,412566,2,0
412564,412564,412566,2,0
412564,412564,412565,1,0
412564,412564,412565,1,0
412564,412564,412566,2,0
412564,412564,412565,1,0
412564,412564,412566,2,0
412564,412564,412566,2,0
412564,412564,412565,1,0
412564,412564,412566,2,0
412564,412564,412566,2,0
412564,412564,412566,2,0
412564,412564,412565,1,0
412564,412564,412566,2,0
412564,412564,412566,2,0
412564,412564,412565,1,0
412557,412557,412565,8,0
386950,386950,412566,25616,0
412557,412557,412566,9,0
412566,412566,412568,2,0
412566,412566,412568,2,0
412566,412566,412568,2,0
412566,412566,412568,2,0
412566,412566,412568,2,0
412566,412566,412567,1,0
412566,412566,412567,1,0
412566,412566,412568,2,0
412566,412566,412567,1,0
412566,412566,412568,2,0
412566,412566,412568,2,0
412466,412466,412568,102,0
412566,412566,412568,2,0
412566,412566,412568,2,0
412566,412566,412568,2,0
412557,412557,412568,11,0
412566,412566,412568,2,0
412566,412566,412568,2,0
412566,412566,412568,2,0
412566,412566,412568,2,0
412566,412566,412569,3,0
412564,412564,412569,5,0
412564,412564,412569,5,0
412568,412569,412570,1,1
412568,412569,412570,1,1
412568,412569,412570,1,1
412568,412569,412570,1,1
412568,412569,412570,1,1
412568,412569,412570,1,1
412568,412569,412570,1,1
412568,412569,412570,1,1
412568,412569,412570,1,1
412568,412569,412570,1,1
412568,412569,412570,1,1
412568,412569,412570,1,1
412568,412569,412570,1,1
412568,412569,412570,1,1
412568,412569,412570,1,1
412568,412569,412570,1,1
412568,412569,412570,1,1
412566,412566,412570,4,0
412568,412569,412570,1,1
412568,412569,412570,1,1
412568,412569,412571,2,1
412568,412569,412571,2,1
412564,412564,412571,7,0
412564,412564,412571,7,0
412564,412564,412571,7,0
412566,412566,412571,5,0
412568,412569,412571,2,1
412555,412556,412571,15,1
412555,412556,412571,15,1
412566,412566,412572,6,0
412457,412458,412576,118,1
412481,412481,412576,95,0
412577,412577,412578,1,0
412577,412577,412579,2,0
412577,412577,412579,2,0
412577,412577,412579,2,0
412577,412577,412579,2,0
412577,412577,412579,2,0
412577,412577,412579,2,0
412577,412577,412579,2,0
412577,412577,412579,2,0
412577,412577,412579,2,0
412577,412577,412579,2,0
412577,412577,412579,2,0
412577,412577,412579,2,0
412577,412577,412579,2,0
412577,412578,412580,2,1
412577,412578,412580,2,1
412451,412451,412582,131,0
412577,412577,412582,5,0
412577,412577,412582,5,0
412577,412577,412583,6,0
412577,412577,412583,6,0
412577,412577,412583,6,0
412577,412578,412583,5,1
412448,412448,412587,139,0
412586,412587,412588,1,1
412586,412587,412588,1,1
412586,412587,412588,1,1
412586,412587,412588,1,1
412586,412587,412588,1,1
412586,412587,412588,1,1
412586,412587,412588,1,1
412586,412587,412588,1,1
412586,412587,412588,1,1
412586,412587,412588,1,1
412586,412587,412588,1,1
412586,412587,412588,1,1
412586,412587,412588,1,1
412586,412587,412588,1,1
412586,412587,412588,1,1
412586,412587,412588,1,1
412586,412587,412589,2,1
412586,412587,412588,1,1
412586,412587,412589,2,1
412586,412587,412589,2,1
412586,412587,412589,2,1
412586,412587,412589,2,1
412589,412589,412590,1,0
412589,412589,412590,1,0
412589,412589,412590,1,0
412589,412589,412590,1,0
412589,412589,412590,1,0
412589,412589,412590,1,0
412589,412589,412590,1,0
412589,412589,412590,1,0
412589,412589,412591,2,0
412589,412589,412591,2,0
412589,412589,412591,2,0
412589,412589,412591,2,0
412589,412589,412591,2,0
412589,412589,412591,2,0
412589,412589,412591,2,0
412591,412591,412592,1,0
412589,412589,412591,2,0
412589,412589,412591,2,0
412589,412589,412591,2,0
412589,412589,412591,2,0
412589,412589,412591,2,0
412589,412589,412591,2,0
412589,412589,412591,2,0
412591,412591,412593,2,0
412591,412591,412593,2,0
412591,412591,412592,1,0
412591,412591,412593,2,0
412591,412591,412593,2,0
412591,412591,412592,1,0
412591,412591,412593,2,0
412591,412591,412593,2,0
412591,412591,412593,2,0
412591,412591,412593,2,0
412591,412591,412593,2,0
412591,412591,412593,2,0
412591,412591,412593,2,0
412591,412591,412593,2,0
412591,412591,412593,2,0
412591,412591,412593,2,0
412591,412591,412593,2,0
412591,412591,412592,1,0
412591,412591,412593,2,0
412591,412591,412593,2,0
412591,412591,412593,2,0
412513,412513,412601,88,0
412491,412491,412602,111,0
412602,412602,412603,1,0
412602,412602,412604,2,0
412602,412602,412603,1,0
412602,412602,412603,1,0
412602,412602,412603,1,0
412602,412602,412603,1,0
412602,412602,412603,1,0
412602,412602,412604,2,0
412602,412602,412603,1,0
412602,412602,412603,1,0
412602,412602,412603,1,0
412602,412602,412603,1,0
412602,412602,412603,1,0
412602,412602,412604,2,0
412602,412602,412603,1,0
412602,412602,412603,1,0
412602,412602,412603,1,0
412602,412602,412603,1,0
412602,412602,412603,1,0
412602,412602,412604,2,0
412602,412602,412604,2,0
412602,412602,412604,2,0
412604,412604,412605,1,0
412604,412604,412605,1,0
412604,412604,412605,1,0
412604,412604,412605,1,0
412604,412604,412606,2,0
412604,412604,412605,1,0
412604,412604,412605,1,0
412604,412604,412605,1,0
412604,412604,412606,2,0
412604,412604,412605,1,0
412604,412604,412605,1,0
412604,412604,412606,2,0
412604,412604,412605,1,0
412604,412604,412605,1,0
412604,412604,412606,2,0
412604,412604,412605,1,0
412604,412604,412605,1,0
412604,412604,412605,1,0
412604,412604,412605,1,0
412604,412604,412605,1,0
412604,412604,412605,1,0
412604,412604,412605,1,0
412521,412521,412607,86,0
412525,412525,412609,84,0
412609,412609,412611,2,0
412609,412609,412611,2,0
412609,412609,412610,1,0
412609,412609,412611,2,0
412609,412609,412611,2,0
412609,412609,412611,2,0
412609,412609,412611,2,0
412609,412609,412611,2,0
412609,412609,412611,2,0
412609,412609,412611,2,0
412609,412609,412611,2,0
412609,412609,412610,1,0
412609,412609,412611,2,0
412609,412609,412611,2,0
412609,412609,412611,2,0
412609,412609,412612,3,0
412609,412609,412611,2,0
412609,412609,412612,3,0
412611,412611,412612,1,0
412611,412611,412612,1,0
412609,412609,412611,2,0
412611,412611,412613,2,0
412611,412611,412613,2,0
412611,412611,412613,2,0
412611,412611,412613,2,0
412611,412611,412613,2,0
412611,412611,412612,1,0
412611,412611,412613,2,0
412611,412611,412613,2,0
412611,412611,412613,2,0
412611,412611,412613,2,0
412611,412611,412613,2,0
412611,412611,412612,1,0
412611,412611,412613,2,0
412611,412611,412613,2,0
412611,412611,412613,2,0
412611,412611,412612,1,0
412611,412611,412613,2,0
412611,412611,412612,1,0
412609,412612,412613,1,3
412609,412612,412614,2,3
412609,412612,412613,1,3
412611,412612,412614,2,1
412611,412612,412614,2,1
412519,412519,412628,109,0
412628,412629,412630,1,1
412628,412629,412630,1,1
412628,412629,412630,1,1
412628,412629,412630,1,1
412628,412629,412630,1,1
412628,412629,412630,1,1
412628,412629,412630,1,1
412628,412629,412630,1,1
412628,412629,412630,1,1
412628,412629,412630,1,1
412628,412629,412630,1,1
412529,412530,412630,100,1
412628,412629,412630,1,1
412628,412629,412630,1,1
412628,412629,412630,1,1
412628,412629,412630,1,1
412628,412629,412630,1,1
412628,412629,412630,1,1
412628,412629,412630,1,1
412628,412629,412630,1,1
412628,412629,412630,1,1
412628,412629,412630,1,1
412628,412629,412631,2,1
412631,412632,412633,1,1
412631,412632,412633,1,1
412631,412632,412633,1,1
412631,412632,412633,1,1
412631,412632,412633,1,1
412631,412632,412633,1,1
412631,412632,412633,1,1
412631,412632,412633,1,1
412631,412632,412633,1,1
412631,412632,412633,1,1
412631,412632,412633,1,1
412631,412632,412633,1,1
412631,412632,412633,1,1
412631,412632,412633,1,1
412631,412632,412633,1,1
412631,412632,412633,1,1
412631,412632,412633,1,1
412631,412632,412633,1,1
412631,412632,412633,1,1
412631,412632,412633,1,1
412631,412632,412633,1,1
412631,412632,412633,1,1
412556,412556,412638,82,0
412639,412639,412640,1,0
412639,412639,412640,1,0
412639,412639,412640,1,0
412639,412639,412641,2,0
412639,412639,412641,2,0
412639,412639,412641,2,0
412639,412639,412640,1,0
412639,412639,412641,2,0
412639,412639,412640,1,0
412639,412639,412640,1,0
412639,412639,412640,1,0
412639,412639,412640,1,0
412639,412639,412640,1,0
412639,412639,412641,2,0
412639,412639,412640,1,0
412639,412639,412640,1,0
412639,412639,412640,1,0
412639,412639,412641,2,0
412639,412639,412641,2,0
412639,412639,412641,2,0
412531,412531,412642,111,0
412639,412639,412641,2,0
412639,412639,412642,3,0
412643,412644,412645,1,1
412643,412644,412645,1,1
412643,412644,412645,1,1
412643,412644,412645,1,1
412643,412644,412645,1,1
412643,412644,412645,1,1
412643,412644,412645,1,1
412643,412644,412645,1,1
412643,412644,412645,1,1
412643,412644,412645,1,1
412643,412644,412645,1,1
412643,412644,412645,1,1
412643,412644,412645,1,1
412643,412644,412645,1,1
412643,412644,412645,1,1
412643,412644,412645,1,1
412643,412644,412645,1,1
412643,412644,412645,1,1
412643,412644,412645,1,1
412643,412644,412645,1,1
412643,412644,412646,2,1
412643,412644,412645,1,1
412552,412552,412648,96,0
412649,412649,412651,2,0
412649,412649,412650,1,0
412649,412649,412651,2,0
412649,412649,412651,2,0
412649,412649,412650,1,0
412649,412649,412651,2,0
412649,412649,412651,2,0
412649,412649,412650,1,0
412649,412649,412651,2,0
412649,412649,412651,2,0
412649,412649,412651,2,0
412649,412649,412651,2,0
412649,412649,412651,2,0
412649,412649,412651,2,0
412649,412649,412651,2,0
412649,412649,412650,1,0
412649,412649,412650,1,0
412649,412649,412650,1,0
412649,412649,412651,2,0
412649,412649,412651,2,0
412649,412649,412651,2,0
412649,412649,412651,2,0
412568,412568,412657,89,0
412658,412658,412660,2,0
412658,412658,412660,2,0
412658,412658,412660,2,0
412658,412658,412659,1,0
412658,412658,412660,2,0
412658,412658,412659,1,0
412658,412658,412660,2,0
412658,412658,412659,1,0
412658,412658,412660,2,0
412658,412658,412660,2,0
412658,412658,412660,2,0
412658,412658,412660,2,0
412658,412658,412659,1,0
412658,412658,412660,2,0
412658,412658,412660,2,0
412658,412658,412660,2,0
412658,412658,412659,1,0
412658,412658,412660,2,0
412658,412658,412660,2,0
412658,412658,412660,2,0
412658,412658,412660,2,0
412658,412658,412661,3,0
412555,412555,412663,108,0
412570,412571,412664,93,1
412664,412664,412665,1,0
412664,412664,412666,2,0
412664,412664,412665,1,0
412664,412664,412666,2,0
412664,412664,412665,1,0
412559,412559,412665,106,0
412664,412664,412666,2,0
412664,412664,412665,1,0
412664,412664,412666,2,0
412664,412664,412665,1,0
412664,412664,412665,1,0
412664,412664,412665,1,0
412664,412664,412666,2,0
412664,412664,412665,1,0
412664,412664,412665,1,0
412664,412664,412665,1,0
412664,412664,412665,1,0
412664,412664,412666,2,0
412664,412664,412665,1,0
412664,412664,412666,2,0
412664,412664,412665,1,0
412664,412664,412665,1,0
412664,412664,412665,1,0
412544,412544,412667,123,0
412665,412665,412667,2,0
412665,412665,412667,2,0
412665,412665,412667,2,0
412665,412665,412666,1,0
412665,412665,412666,1,0
412665,412665,412666,1,0
412665,412665,412667,2,0
412665,412665,412667,2,0
412665,412665,412667,2,0
412665,412665,412667,2,0
412665,412665,412667,2,0
412665,412665,412667,2,0
412665,412665,412667,2,0
412665,412665,412667,2,0
412665,412665,412667,2,0
412665,412665,412667,2,0
412665,412665,412667,2,0
412665,412665,412667,2,0
412665,412665,412666,1,0
412665,412665,412666,1,0
412665,412665,412666,1,0
412665,412665,412667,2,0
412667,412667,412669,2,0
412667,412667,412669,2,0
412667,412667,412669,2,0
412667,412667,412669,2,0
412667,412667,412668,1,0
412667,412667,412669,2,0
412667,412667,412669,2,0
412667,412667,412669,2,0
412667,412667,412669,2,0
412667,412667,412669,2,0
412667,412667,412669,2,0
412667,412667,412669,2,0
412668,412668,412669,1,0
412667,412667,412669,2,0
412667,412667,412669,2,0
412550,412550,412669,119,0
412667,412667,412668,1,0
412668,412668,412669,1,0
412668,412668,412670,2,0
412667,412667,412669,2,0
412668,412668,412670,2,0
412668,412668,412669,1,0
412667,412667,412669,2,0
412668,412668,412670,2,0
412668,412668,412669,1,0
412667,412667,412669,2,0
412668,412668,412670,2,0
412668,412668,412669,1,0
412668,412668,412669,1,0
412668,412668,412670,2,0
412668,412668,412669,1,0
412667,412667,412669,2,0
412667,412667,412669,2,0
412668,412668,412669,1,0
412668,412668,412670,2,0
412668,412668,412669,1,0
412668,412668,412670,2,0
412669,412669,412670,1,0
412667,412667,412669,2,0
412668,412668,412669,1,0
412668,412668,412670,2,0
412668,412668,412669,1,0
412669,412669,412670,1,0
412667,412667,412669,2,0
412668,412668,412669,1,0
412668,412668,412670,2,0
412668,412668,412669,1,0
412669,412669,412671,2,0
412669,412669,412671,2,0
412669,412669,412671,2,0
412669,412669,412671,2,0
412669,412669,412671,2,0
412669,412669,412671,2,0
412669,412669,412671,2,0
412669,412669,412670,1,0
412669,412669,412671,2,0
412669,412669,412671,2,0
412669,412669,412671,2,0
412669,412669,412671,2,0
412669,412669,412671,2,0
412669,412669,412671,2,0
412669,412669,412671,2,0
412669,412669,412671,2,0
412669,412669,412671,2,0
412669,412669,412671,2,0
412669,412669,412671,2,0
412669,412669,412671,2,0
386944,386944,412681,25737,0
386932,386932,412731,25799,0
412668,412670,412778,108,2
412782,412784,412878,94,2
386944,386944,412932,25988,0
412885,412887,412945,58,2
386949,386949,412945,25996,0
412952,412954,413010,56,2
386935,386935,413153,26218,0
386936,386936,413197,26261,0
386931,386931,413272,26341,0
386951,391419,413356,21937,4468
386925,386925,413542,26617,0
386953,399532,413594,14062,12579
386953,400106,413643,13537,13153
386951,398398,413811,15413,11447
386948,386948,413867,26919,0
386956,400961,413884,12923,14005
386961,402509,414093,11584,15548
386943,386943,414286,27343,0
386926,386926,414367,27441,0
386960,402376,414585,12209,15416
386939,386939,414828,27889,0
386953,399272,414853,15581,12319
386963,403405,414914,11509,16442
386957,401218,415365,14147,14261
386945,386945,415406,28461,0
386933,386933,415699,28766,0
413025,413027,415984,2957,2
415982,415985,416020,35,3
386958,401659,416146,14487,14701
386959,402105,416388,14283,15146
386963,403609,416480,12871,16646
386951,398327,416542,18215,11376
386924,386924,416603,29679,0
416525,416527,416633,106,2
386931,386931,416687,29756,0
416637,416639,416739,100,2
416743,416745,416803,58,2
416806,416808,416866,58,2
386956,400994,417402,16408,14038
386962,402968,417714,14746,16006
386962,403376,417885,14509,16414
386960,402409,417955,15546,15449
386957,401258,418054,16796,14301
386959,402232,418147,15915,15273
386928,386928,418277,31349,0
386932,386932,418329,31397,0
386935,386935,418989,32054,0
386943,386944,419055,32111,1
386925,386925,419721,32796,0
416883,416885,419925,3040,2
419923,419927,419961,34,4
420188,420190,420314,124,2
420321,420323,420423,100,2
386941,386941,420449,33508,0
386926,386926,420465,33539,0
420427,420429,420490,61,2
420493,420495,420553,58,2
420552,420554,420555,1,2
386962,403281,420622,17341,16319
386956,401068,420797,19729,14112
386933,386933,420902,33969,0
386924,386925,423684,36759,1
386946,386946,424927,37981,0
386943,386943,424936,37993,0
420583,420585,426130,5545,2
426129,426132,426201,69,3
426995,426997,427115,118,2
427118,427121,427238,117,3
427241,427243,427301,58,2
427305,427307,427368,61,2
386940,386941,428209,41268,1
386949,386949,428433,41484,0
386932,386932,430066,43134,0
386924,386924,430629,43705,0
386961,402568,430779,28211,15607
386941,386941,432226,45285,0
386927,386927,432814,45887,0
427400,427402,433695,6293,2
433694,433697,433760,63,3
386934,386934,435906,48972,0
386944,386944,438111,51167,0
386939,386939,438726,51787,0
386928,386928,463940,77012,0
475123,475123,475163,40,0
475123,475123,475163,40,0
475186,475186,475187,1,0
475188,475188,475195,7,0
475194,475194,475196,2,0
475196,475196,475224,28,0
475180,475180,475286,106,0
475178,475178,475286,108,0
475179,475179,475291,112,0
475182,475182,475294,112,0
475180,475180,475294,114,0
475181,475181,475296,115,0
475183,475183,475296,113,0
475180,475180,475299,119,0
475178,475178,475300,122,0
475178,475178,475303,125,0
475182,475182,475303,121,0
475185,475185,475304,119,0
475183,475183,475311,128,0
475186,475186,475315,129,0
475194,475194,475317,123,0
475178,475178,475320,142,0
475179,475179,475320,141,0
475183,475183,475320,137,0
475189,475189,475323,134,0
475182,475182,475326,144,0
475182,475182,475328,146,0
475193,475193,475329,136,0
475200,475200,475329,129,0
475177,475177,475331,154,0
475180,475180,475331,151,0
475186,475186,475332,146,0
475186,475186,475332,146,0
475186,475186,475332,146,0
475185,475185,475334,149,0
475193,475193,475334,141,0
475181,475181,475334,153,0
475183,475183,475335,152,0
475179,475179,475335,156,0
475191,475191,475336,145,0
475196,475196,475336,140,0
475198,475198,475337,139,0
475182,475182,475337,155,0
475185,475185,475338,153,0
475186,475186,475337,151,0
475199,475199,475339,140,0
475187,475187,475341,154,0
475195,475195,475340,145,0
475194,475194,475341,147,0
475183,475184,475341,157,1
475185,475185,475342,157,0
475191,475191,475342,151,0
475196,475196,475343,147,0
475179,475179,475344,165,0
475188,475188,475345,157,0
475179,475179,475345,166,0
475181,475181,475345,164,0
475190,475190,475345,155,0
475184,475184,475346,162,0
475193,475193,475346,153,0
475191,475191,475346,155,0
475187,475187,475346,159,0
475192,475192,475346,154,0
475195,475195,475347,152,0
475188,475188,475347,159,0
475184,475184,475347,163,0
475188,475188,475347,159,0
475178,475178,475348,170,0
475184,475184,475348,164,0
475182,475182,475348,166,0
475190,475190,475348,158,0
475192,475192,475348,156,0
475199,475199,475349,150,0
475177,475177,475349,172,0
475192,475193,475349,156,1
475188,475188,475349,161,0
475190,475190,475350,160,0
475180,475180,475350,170,0
475193,475193,475350,157,0
475190,475190,475351,161,0
475193,475193,475351,158,0
475183,475183,475351,168,0
475180,475180,475351,171,0
475188,475188,475351,163,0
475188,475188,475352,164,0
475184,475184,475352,168,0
475180,475180,475353,173,0
475189,475189,475353,164,0
475202,475202,475353,151,0
475185,475185,475353,168,0
475187,475187,475353,166,0
475189,475189,475354,165,0
475189,475189,475354,165,0
475192,475192,475354,162,0
475189,475189,475354,165,0
475197,475197,475354,157,0
475191,475191,475355,164,0
475184,475184,475355,171,0
475185,475185,475356,171,0
475187,475187,475356,169,0
475182,475182,475356,174,0
475195,475196,475356,160,1
475187,475187,475356,169,0
475199,475199,475358,159,0
475196,475196,475357,161,0
475201,475201,475358,157,0
475198,475198,475359,161,0
475193,475194,475358,164,1
475197,475197,475358,161,0
475179,475179,475360,181,0
475197,475197,475360,163,0
475192,475192,475360,168,0
475202,475202,475360,158,0
475192,475192,475360,168,0
475181,475181,475360,179,0
475185,475185,475360,175,0
475190,475190,475361,171,0
475199,475199,475361,162,0
475188,475188,475361,173,0
475200,475201,475362,161,1
475186,475186,475361,175,0
475189,475189,475361,172,0
475179,475180,475362,182,1
475183,475183,475362,179,0
475192,475192,475362,170,0
475199,475199,475362,163,0
475189,475189,475363,174,0
475194,475194,475362,168,0
475197,475197,475362,165,0
475198,475199,475362,163,1
475190,475190,475363,173,0
475201,475201,475363,162,0
475184,475184,475363,179,0
475181,475181,475364,183,0
475198,475198,475365,167,0
475187,475187,475364,177,0
475191,475191,475364,173,0
475194,475194,475365,171,0
475178,475178,475364,186,0
475200,475200,475365,165,0
475191,475191,475366,175,0
475191,475191,475365,174,0
475197,475197,475366,169,0
475194,475194,475367,173,0
475195,475195,475366,171,0
475196,475196,475367,171,0
475195,475195,475368,173,0
475196,475196,475367,171,0
475181,475181,475368,187,0
475201,475201,475368,167,0
475198,475198,475368,170,0
475194,475194,475368,174,0
475200,475200,475369,169,0
475179,475179,475369,190,0
475193,475193,475369,176,0
475197,475197,475369,172,0
475198,475198,475369,171,0
475192,475192,475370,178,0
475195,475195,475371,176,0
475199,475199,475370,171,0
475190,475190,475370,180,0
475197,475197,475371,174,0
475201,475201,475371,170,0
475178,475178,475370,192,0
475200,475200,475372,172,0
475203,475203,475373,170,0
475195,475195,475373,178,0
475203,475224,475373,149,21
475198,475198,475374,176,0
475198,475198,475374,176,0
475196,475196,475375,179,0
475202,475202,475376,174,0
475200,475200,475377,177,0
475201,475201,475379,178,0
475204,475287,475392,105,83
475205,475295,475394,99,90
475204,475287,475396,109,83
475206,475297,475399,102,91
475209,475316,475401,85,107
475208,475305,475403,98,97
475205,475292,475407,115,87
475208,475304,475412,108,96
475211,475321,475413,92,110
475210,475320,475415,95,110
475205,475295,475416,121,90
475213,475329,475416,87,116
475207,475300,475418,118,93
475208,475304,475417,113,96
475206,475296,475420,124,90
475210,475318,475421,103,108
475212,475328,475422,94,116
475211,475324,475423,99,113
475212,475326,475425,99,114
475207,475300,475426,126,93
475213,475329,475428,99,116
475211,475320,475428,108,109
475214,475331,475430,99,117
475209,475311,475436,125,102
475214,475332,475499,167,118
475844,475844,476030,186,0
475823,475823,476193,370,0
475823,475823,476215,392,0
475824,475824,476239,415,0
475823,475823,476243,420,0
475823,475823,476246,423,0
475822,475822,476247,425,0
475825,475825,476252,427,0
475825,475825,476261,436,0
475825,475825,476266,441,0
475824,475824,476266,442,0
475824,475824,476267,443,0
475824,475824,476274,450,0
475826,475827,476297,470,1
475829,475830,476303,473,1
475830,475830,476306,476,0
475830,475830,476306,476,0
475826,475826,476322,496,0
475826,475826,476326,500,0
475828,475828,476325,497,0
475828,475828,476341,513,0
475831,475831,476346,515,0
475832,475832,476351,519,0
475827,475827,476351,524,0
475829,475829,476354,525,0
475832,475832,476359,527,0
475827,475828,476364,536,1
475825,475825,476365,540,0
475831,475831,476369,538,0
475840,475840,476386,546,0
475827,475827,476387,560,0
475839,475839,476392,553,0
475842,475842,476394,552,0
475830,475830,476398,568,0
475825,475825,476400,575,0
475826,475826,476400,574,0
475831,475831,476400,569,0
475830,475830,476407,577,0
475840,475841,476408,567,1
475832,475832,476410,578,0
475832,475833,476410,577,1
475823,475823,476412,589,0
475827,475827,476417,590,0
475825,475825,476419,594,0
475835,475835,476420,585,0
475830,475830,476422,592,0
475839,475839,476422,583,0
475836,475837,476423,586,1
475838,475839,476424,585,1
475833,475833,476424,591,0
475824,475824,476426,602,0
475831,475831,476427,596,0
475822,475822,476430,608,0
475824,475825,476430,605,1
475836,475836,476430,594,0
475827,475827,476431,604,0
475847,475847,476432,585,0
475828,475828,476434,606,0
475829,475829,476434,605,0
475845,475845,476437,592,0
475839,475840,476438,598,1
475847,475847,476438,591,0
475839,475840,476438,598,1
475827,475827,476439,612,0
475829,475829,476439,610,0
475842,475842,476441,599,0
475845,475845,476442,597,0
475828,475828,476441,613,0
475844,475844,476443,599,0
475834,475834,476444,610,0
475844,475845,476444,599,1
475846,475846,476444,598,0
475834,475834,476444,610,0
475829,475829,476445,616,0
475846,475846,476445,599,0
475837,475837,476445,608,0
475843,475843,476445,602,0
475826,475826,476446,620,0
475846,475846,476446,600,0
475825,475825,476447,622,0
475831,475831,476447,616,0
475828,475828,476448,620,0
475830,475830,476449,619,0
475835,475835,476450,615,0
475833,475833,476450,617,0
475834,475834,476450,616,0
475829,475829,476451,622,0
475828,475828,476451,623,0
475841,475842,476452,610,1
475838,475838,476452,614,0
475828,475828,476453,625,0
475833,475833,476453,620,0
475826,475826,476453,627,0
475841,475841,476454,613,0
475838,475838,476456,618,0
475842,475842,476456,614,0
475839,475839,476458,619,0
475837,475837,476458,621,0
475829,475829,476459,630,0
475845,475845,476460,615,0
475848,475849,476460,611,1
475837,475837,476461,624,0
475845,475845,476460,615,0
475830,475830,476463,633,0
475834,475834,476463,629,0
475847,475847,476463,616,0
475841,475841,476463,622,0
475832,475832,476465,633,0
475840,475840,476465,625,0
475836,475836,476466,630,0
475835,475835,476466,631,0
475843,475843,476466,623,0
475835,475835,476467,632,0
475842,475842,476469,627,0
475843,475843,476470,627,0
475832,475832,476470,638,0
475833,475833,476470,637,0
475846,475846,476471,625,0
475846,475846,476472,626,0
475848,475848,476473,625,0
475829,475829,476474,645,0
475837,475838,476475,637,1
475838,475838,476475,637,0
475840,475840,476475,635,0
475841,475841,476477,636,0
475834,475834,476478,644,0
475823,475823,476478,655,0
475824,475824,476478,654,0
475848,475848,476479,631,0
475836,475836,476479,643,0
475838,475838,476480,642,0
475843,475843,476481,638,0
475839,475839,476482,643,0
475837,475837,476483,646,0
475835,475835,476483,648,0
475826,475826,476484,658,0
475847,475847,476486,639,0
475845,475845,476485,640,0
475836,475836,476486,650,0
475835,475835,476487,652,0
475844,475845,476488,643,1
475832,475832,476489,657,0
475834,475834,476490,656,0
475848,475848,476491,643,0
475838,475838,476491,653,0
475840,475840,476492,652,0
475849,475849,476493,644,0
475836,475836,476494,658,0
475844,475844,476494,650,0
475841,475841,476495,654,0
475823,475823,476497,674,0
475837,475837,476500,663,0
475842,475843,476500,657,1
475843,475843,476501,658,0
475847,475847,476509,662,0
475841,475841,476510,669,0
475845,475846,476516,670,1
475844,475844,476519,675,0
475849,475849,476519,670,0
475822,475822,476523,701,0
475849,476030,476531,501,181
475824,475824,476538,714,0
475850,476193,476594,401,343
475851,476240,476624,384,389
475852,476252,476637,385,400
475854,476266,476646,380,412
475851,476244,476656,412,393
475852,476247,476657,410,395
475853,476261,476659,398,408
475850,476215,476660,445,365
475851,476246,476666,420,395
475853,476266,476689,423,413
475854,476267,476688,421,413
475855,476275,476708,433,420
475862,476387,476719,332,525
475863,476393,476724,331,530
475863,476388,476742,354,525
475855,476298,476777,479,443
475857,476323,476807,484,466
475856,476307,476815,508,451
475858,476341,476817,476,483
475856,476307,476824,517,451
475857,476326,476826,500,469
475859,476351,476841,490,492
475861,476365,476846,481,504
475855,476303,476854,551,448
475859,476352,476854,502,493
475859,476347,476856,509,488
475860,476355,476858,503,495
475860,476360,476861,501,500
475858,476326,476864,538,468
475861,476366,476865,499,505
475862,476370,476883,513,508
477743,477744,477748,4,1
478164,478164,478345,181,0
479114,479114,479173,59,0
478144,478144,480450,2306,0
478144,478144,480523,2379,0
478146,478146,480589,2443,0
478145,478145,480640,2495,0
478144,478144,480711,2567,0
478146,478146,480906,2760,0
478155,478155,480907,2752,0
478160,478160,480947,2787,0
478156,478156,480982,2826,0
478147,478147,481141,2994,0
478154,478154,481184,3030,0
478160,478160,481191,3031,0
478157,478157,481192,3035,0
481254,481254,481281,27,0
478152,478152,481299,3147,0
478153,478153,481299,3146,0
478162,478162,481331,3169,0
478150,478150,481342,3192,0
478144,478144,481407,3263,0
478151,478151,481407,3256,0
478159,478159,481522,3363,0
478149,478149,481541,3392,0
478156,478156,481550,3394,0
478152,478152,481549,3397,0
478160,478160,481557,3397,0
478146,478146,481574,3428,0
478164,478164,481585,3421,0
478158,478158,481600,3442,0
478159,478159,481607,3448,0
478145,478145,481614,3469,0
478147,478147,481618,3471,0
478147,478147,481634,3487,0
478170,478346,481658,3312,176
478149,478149,481664,3515,0
478145,478145,481668,3523,0
478157,478157,481681,3524,0
478152,478152,481684,3532,0
478145,478145,481688,3543,0
478166,478166,481690,3524,0
478166,478166,481697,3531,0
478147,478147,481699,3552,0
478150,478150,481707,3557,0
478151,478151,481712,3561,0
478165,478165,481714,3549,0
478158,478158,481734,3576,0
478149,478149,481763,3614,0
478157,478157,481800,3643,0
478162,478162,481802,3640,0
478144,478144,481805,3661,0
478148,478148,481805,3657,0
478153,478153,481810,3657,0
478165,478165,481812,3647,0
478169,478169,481814,3645,0
478154,478154,481820,3666,0
478162,478162,481830,3668,0
478148,478148,481831,3683,0
478162,478162,481844,3682,0
478153,478153,481851,3698,0
478167,478167,481852,3685,0
478145,478145,481877,3732,0
478162,478162,481884,3722,0
478161,478161,481891,3730,0
478160,478160,481895,3735,0
478166,478166,481901,3735,0
478209,481893,481902,9,3684
478152,478152,481905,3753,0
478152,478152,481908,3756,0
478166,478166,481921,3755,0
478161,478161,481944,3783,0
478158,478158,481950,3792,0
478167,478167,481966,3799,0
478167,478167,481973,3806,0
478160,478160,481987,3827,0
478158,478158,482015,3857,0
478146,478146,482024,3878,0
478145,478145,482028,3883,0
478148,478148,482040,3892,0
478152,478152,482044,3892,0
478150,478150,482061,3911,0
478154,478154,482069,3915,0
478151,478151,482089,3938,0
478157,478157,482109,3952,0
478148,478148,482113,3965,0
478149,478149,482125,3976,0
478159,478159,482127,3968,0
478158,478158,482129,3971,0
478159,478159,482130,3971,0
478164,478164,482132,3968,0
478147,478147,482141,3994,0
478154,478154,482143,3989,0
478154,478154,482149,3995,0
478170,478170,482153,3983,0
478145,478145,482153,4008,0
478144,478144,482154,4010,0
478157,478157,482167,4010,0
478164,478164,482172,4008,0
478148,478148,482195,4047,0
478155,478155,482208,4053,0
478160,478160,482215,4055,0
478159,478159,482231,4072,0
478150,478150,482233,4083,0
478161,478161,482235,4074,0
478163,478163,482237,4074,0
478164,478164,482277,4113,0
478168,478168,482284,4116,0
478147,478147,482300,4153,0
478163,478163,482332,4169,0
478151,478151,482338,4187,0
478151,478151,482345,4194,0
478168,478168,482349,4181,0
478161,478161,482367,4206,0
478156,478156,482375,4219,0
478149,478149,482385,4236,0
478150,478150,482441,4291,0
478156,478156,482441,4285,0
478153,478154,482446,4292,1
478155,478155,482448,4293,0
478157,478157,482463,4306,0
478146,478146,482463,4317,0
478153,478153,482486,4333,0
478156,478156,482493,4337,0
478154,478154,482521,4367,0
478165,478165,482540,4375,0
478163,478163,482551,4388,0
478146,478146,482572,4426,0
478165,478166,482595,4429,1
478155,478155,482608,4453,0
478156,478156,482616,4460,0
478150,478150,482626,4476,0
478153,478153,482630,4477,0
478153,478153,482633,4480,0
478153,478153,482651,4498,0
478171,480589,482685,2096,2418
478167,478167,482800,4633,0
478154,478154,482830,4676,0
478149,478149,482846,4697,0
478150,478150,482847,4697,0
478155,478155,482882,4727,0
478164,478165,482888,4723,1
478151,478151,482909,4758,0
478158,478158,482911,4753,0
478168,478168,482943,4775,0
478152,478152,482971,4819,0
478171,480523,483036,2513,2352
478158,478158,483086,4928,0
478151,478151,483107,4956,0
478163,478163,483156,4993,0
478159,478159,483160,5001,0
478169,478169,483170,5001,0
478174,480908,483175,2267,2734
478160,478160,483178,5018,0
478172,480712,483268,2556,2540
478167,478167,483269,5102,0
478155,478155,483290,5135,0
478157,478157,483440,5283,0
478177,481300,483450,2150,3123
478149,478149,483451,5302,0
478178,481332,483454,2122,3154
478173,480906,483463,2557,2733
478176,481192,483470,2278,3016
478159,478159,483503,5344,0
478155,478155,483583,5428,0
478185,481634,483601,1967,3449
478163,478163,483612,5449,0
478165,478165,483640,5475,0
478148,478148,483700,5552,0
478148,478148,483711,5563,0
478181,481558,483832,2274,3377
478184,481614,483853,2239,3430
478156,478156,483881,5725,0
478177,481300,483892,2592,3123
478169,478169,483906,5737,0
478174,480948,483969,3021,2774
478172,480641,484031,3390,2469
478183,481608,484045,2437,3425
478145,478145,484079,5934,0
478171,480450,484089,3639,2279
478146,478146,484130,5984,0
478184,481618,484158,2540,3434
478179,481408,484363,2955,3229
478178,481343,484462,3119,3165
478181,481550,484468,2918,3369
478176,481192,484499,3307,3016
478183,481601,484510,2909,3418
478176,481185,484590,3405,3009
478180,481522,484644,3122,3342
478179,481407,484720,3313,3228
478182,481585,484839,3254,3403
478181,481550,484848,3298,3369
478175,481141,484866,3725,2966
478175,480983,484959,3976,2808
478180,481541,485034,3493,3361
478182,481575,485149,3574,3393
478147,478147,485970,7823,0
486137,486139,486259,120,2
486263,486265,486316,51,2
486321,486323,486433,110,2
486431,486434,486452,18,3
486638,486641,486667,26,3
486698,486701,486728,27,3
486772,486774,486782,8,2
486874,486876,486882,6,2
487104,487106,487839,733,2
487846,487848,488864,1016,2
488868,488870,489538,668,2
489545,489547,489675,128,2
489674,489677,489695,18,3
475842,475842,497174,21332,0
475833,475833,497725,21892,0
475827,475827,498380,22553,0
475840,475840,499791,23951,0
475826,475826,506423,30597,0
475831,475831,508274,32443,0
475831,475831,510441,34610,0
516819,516821,516965,144,2
516998,517000,517383,383,2
517386,517388,517561,173,2
517565,517567,517848,281,2
517851,517853,517976,123,2
518004,518005,523864,5859,1
523862,523865,523915,50,3
524588,524590,525357,767,2
525356,525358,525359,1,2
525361,525363,525906,543,2
525909,525911,526671,760,2
526675,526677,526814,137,2
526850,526853,534326,7473,3
534335,534337,535065,728,2
535063,535067,535124,57,4
536029,536031,536929,898,2
536933,536935,537643,708,2
537647,537649,538347,698,2
538351,538353,538550,197,2
538586,538588,546020,7432,2
546026,546028,546660,632,2
546658,546661,546717,56,3
547487,547489,548231,742,2
548237,548239,548661,422,2
548665,548667,549420,753,2
549425,549427,549560,133,2
549598,549600,557121,7521,2
557126,557128,558197,1069,2
558195,558198,558259,61,3
559214,559216,560038,822,2
560043,560045,560792,747,2
560796,560798,561577,779,2
561581,561583,561848,265,2
566989,566989,566990,1,0
566988,566989,566990,1,1
566990,566991,566992,1,1
566991,566991,566992,1,0
566992,566992,566993,1,0
566994,566994,566995,1,0
566993,566993,566994,1,0
566995,566995,566996,1,0
566996,566996,566997,1,0
566997,566997,566998,1,0
566998,566998,566999,1,0
566999,566999,567000,1,0
567000,567000,567001,1,0
567001,567001,567002,1,0
567002,567002,567003,1,0
567003,567003,567004,1,0
567003,567004,567005,1,1
567005,567006,567007,1,1
567004,567005,567006,1,1
567006,567007,567008,1,1
567008,567009,567010,1,1
567010,567010,567011,1,0
567011,567011,567012,1,0
567012,567012,567013,1,0
567013,567013,567014,1,0
567015,567015,567016,1,0
567014,567014,567015,1,0
567016,567016,567017,1,0
567017,567017,567018,1,0
567018,567018,567019,1,0
567019,567019,567020,1,0
567019,567020,567021,1,1
567020,567021,567022,1,1
567022,567023,567024,1,1
567024,567024,567025,1,0
567025,567025,567026,1,0
567026,567026,567027,1,0
567027,567028,567029,1,1
567030,567030,567031,1,0
567031,567031,567032,1,0
567032,567032,567033,1,0
567033,567033,567034,1,0
567034,567034,567035,1,0
567036,567036,567037,1,0
567035,567035,567036,1,0
567037,567037,567038,1,0
567038,567038,567039,1,0
567039,567039,567040,1,0
567040,567040,567041,1,0
567041,567041,567042,1,0
567042,567042,567043,1,0
567043,567043,567044,1,0
567044,567044,567045,1,0
567045,567045,567046,1,0
567046,567046,567047,1,0
567047,567047,567048,1,0
567048,567048,567049,1,0
567050,567050,567051,1,0
567049,567049,567050,1,0
567052,567052,567053,1,0
567053,567053,567054,1,0
567054,567054,567055,1,0
567055,567055,567056,1,0
567056,567056,567057,1,0
567057,567057,567058,1,0
567058,567058,567059,1,0
567059,567059,567060,1,0
567060,567060,567061,1,0
567062,567063,567064,1,1
567063,567063,567064,1,0
567064,567065,567066,1,1
567067,567067,567068,1,0
567068,567068,567069,1,0
567070,567070,567071,1,0
567069,567069,567070,1,0
567071,567071,567072,1,0
567072,567072,567073,1,0
567073,567073,567074,1,0
567074,567074,567075,1,0
567074,567075,567076,1,1
567075,567076,567077,1,1
567076,567077,567078,1,1
567077,567078,567079,1,1
567078,567079,567080,1,1
567079,567080,567081,1,1
567080,567081,567082,1,1
567083,567083,567084,1,0
567081,567082,567083,1,1
567083,567084,567085,1,1
567084,567085,567086,1,1
567085,567086,567087,1,1
567086,567087,567088,1,1
567087,567088,567089,1,1
567088,567089,567090,1,1
567090,567091,567092,1,1
567089,567090,567091,1,1
567091,567092,567093,1,1
567092,567093,567094,1,1
567093,567094,567095,1,1
567096,567096,567097,1,0
567097,567097,567098,1,0
567099,567099,567100,1,0
567098,567098,567099,1,0
567100,567100,567101,1,0
567101,567101,567102,1,0
567102,567102,567103,1,0
567103,567103,567104,1,0
567104,567104,567105,1,0
567105,567105,567106,1,0
567105,567106,567107,1,1
567107,567107,567108,1,0
567108,567108,567109,1,0
567109,567109,567110,1,0
567110,567110,567111,1,0
567111,567111,567112,1,0
567112,567112,567113,1,0
567113,567113,567114,1,0
567114,567114,567115,1,0
567115,567115,567116,1,0
567116,567116,567117,1,0
567117,567117,567118,1,0
567118,567118,567119,1,0
567119,567119,567120,1,0
567119,567120,567121,1,1
567121,567121,567122,1,0
567121,567122,567123,1,1
567123,567123,567124,1,0
567124,567124,567125,1,0
567125,567125,567126,1,0
567126,567126,567127,1,0
567127,567127,567128,1,0
567128,567128,567129,1,0
567129,567129,567130,1,0
567130,567130,567131,1,0
567131,567131,567132,1,0
567132,567132,567133,1,0
567133,567133,567134,1,0
567134,567134,567135,1,0
567135,567135,567136,1,0
567136,567136,567137,1,0
567138,567138,567139,1,0
567137,567137,567138,1,0
567139,567139,567140,1,0
567140,567140,567141,1,0
567141,567141,567142,1,0
567142,567142,567143,1,0
567144,567144,567145,1,0
567143,567143,567144,1,0
567145,567145,567146,1,0
567146,567146,567147,1,0
567147,567147,567148,1,0
567148,567148,567149,1,0
567149,567149,567150,1,0
567150,567150,567151,1,0
567151,567151,567152,1,0
567152,567153,567154,1,1
567151,567152,567153,1,1
567153,567154,567155,1,1
567154,567155,567156,1,1
567156,567156,567157,1,0
567157,567157,567158,1,0
567158,567158,567159,1,0
567160,567160,567161,1,0
567159,567159,567160,1,0
567161,567161,567162,1,0
567163,567163,567164,1,0
567162,567162,567163,1,0
567164,567164,567165,1,0
567165,567165,567166,1,0
567166,567166,567167,1,0
567167,567167,567168,1,0
567168,567168,567169,1,0
567169,567169,567170,1,0
567170,567170,567171,1,0
567171,567171,567172,1,0
567172,567172,567173,1,0
567173,567173,567174,1,0
567174,567174,567175,1,0
567175,567175,567176,1,0
567176,567176,567177,1,0
567177,567177,567178,1,0
567178,567178,567179,1,0
567180,567180,567181,1,0
567179,567179,567180,1,0
567181,567181,567182,1,0
567182,567182,567183,1,0
567183,567183,567184,1,0
567183,567184,567185,1,1
567184,567185,567186,1,1
567185,567186,567187,1,1
567186,567187,567188,1,1
567188,567188,567189,1,0
567189,567189,567190,1,0
567190,567190,567191,1,0
567192,567192,567193,1,0
567191,567191,567192,1,0
567193,567194,567195,1,1
567192,567193,567194,1,1
567194,567195,567196,1,1
567195,567196,567197,1,1
567198,567198,567199,1,0
567197,567198,567199,1,1
567199,567199,567200,1,0
567200,567200,567201,1,0
567201,567201,567202,1,0
567203,567204,567205,1,1
567206,567207,567208,1,1
567208,567209,567210,1,1
567207,567208,567209,1,1
567209,567210,567211,1,1
567210,567211,567212,1,1
567212,567213,567214,1,1
567213,567214,567215,1,1
567216,567217,567218,1,1
567217,567217,567218,1,0
567218,567218,567219,1,0
567219,567219,567221,2,0
567220,567221,567222,1,1
567221,567222,567223,1,1
567223,567224,567225,1,1
567222,567223,567224,1,1
567225,567226,567227,1,1
567225,567225,567226,1,0
567226,567227,567228,1,1
567227,567228,567229,1,1
567228,567229,567230,1,1
567229,567230,567231,1,1
567230,567231,567232,1,1
567231,567232,567233,1,1
567232,567233,567234,1,1
567233,567234,567235,1,1
567234,567235,567236,1,1
567235,567236,567237,1,1
567236,567237,567238,1,1
567237,567238,567239,1,1
567238,567239,567240,1,1
567240,567240,567241,1,0
567239,567240,567241,1,1
567241,567241,567242,1,0
567242,567242,567243,1,0
567243,567243,567244,1,0
567244,567244,567245,1,0
567245,567245,567246,1,0
567246,567246,567247,1,0
567247,567247,567248,1,0
567249,567250,567251,1,1
567250,567251,567252,1,1
567251,567252,567253,1,1
567252,567253,567254,1,1
567253,567254,567255,1,1
567254,567255,567256,1,1
567255,567256,567257,1,1
567256,567257,567258,1,1
567258,567258,567259,1,0
567259,567259,567260,1,0
567260,567260,567261,1,0
567261,567261,567262,1,0
567262,567262,567263,1,0
567263,567263,567264,1,0
567264,567264,567265,1,0
567265,567265,567266,1,0
567266,567266,567267,1,0
567268,567268,567269,1,0
567267,567267,567268,1,0
567269,567269,567270,1,0
567270,567270,567271,1,0
567272,567272,567273,1,0
567271,567271,567272,1,0
567273,567273,567274,1,0
567274,567274,567275,1,0
567274,567275,567276,1,1
567275,567276,567277,1,1
567277,567277,567278,1,0
567278,567278,567279,1,0
567278,567279,567280,1,1
567279,567280,567281,1,1
567280,567281,567282,1,1
567281,567282,567283,1,1
567283,567283,567284,1,0
567285,567285,567286,1,0
567284,567284,567285,1,0
567286,567286,567287,1,0
567287,567287,567288,1,0
567288,567288,567289,1,0
567289,567289,567290,1,0
567289,567290,567291,1,1
567290,567291,567292,1,1
567291,567292,567293,1,1
567293,567293,567294,1,0
567294,567294,567295,1,0
567295,567295,567296,1,0
561885,561888,569373,7485,3
569412,569412,569414,2,0
569414,569414,569415,1,0
569415,569415,569417,2,0
569416,569416,569418,2,0
569417,569417,569419,2,0
569418,569419,569420,1,1
569419,569419,569421,2,0
569420,569421,569422,1,1
569421,569422,569423,1,1
569422,569423,569424,1,1
569424,569424,569425,1,0
569425,569425,569426,1,0
569426,569427,569428,1,1
569427,569428,569429,1,1
569428,569429,569430,1,1
569430,569430,569431,1,0
569431,569432,569433,1,1
569433,569433,569434,1,0
569435,569435,569436,1,0
569436,569436,569438,2,0
569437,569437,569439,2,0
569438,569439,569440,1,1
569439,569440,569441,1,1
569440,569441,569442,1,1
569442,569443,569444,1,1
569443,569444,569445,1,1
570078,570078,570079,1,0
570081,570081,570082,1,0
570083,570083,570084,1,0
570084,570084,570086,2,0
570087,570087,570088,1,0
570088,570088,570089,1,0
570090,570090,570091,1,0
570091,570091,570092,1,0
570093,570093,570094,1,0
570097,570097,570098,1,0
570100,570100,570101,1,0
570106,570106,570107,1,0
570109,570109,570110,1,0
570112,570112,570113,1,0
570115,570115,570116,1,0
570118,570118,570119,1,0
570120,570120,570121,1,0
570121,570121,570122,1,0
570125,570125,570126,1,0
569385,569387,570126,739,2
570126,570126,570127,1,0
570128,570128,570129,1,0
570131,570131,570132,1,0
570135,570135,570136,1,0
570136,570136,570137,1,0
570138,570138,570139,1,0
570141,570141,570142,1,0
570143,570143,570144,1,0
570144,570144,570145,1,0
570147,570147,570148,1,0
570150,570150,570151,1,0
570151,570151,570152,1,0
570153,570153,570154,1,0
570155,570155,570156,1,0
570156,570156,570157,1,0
570158,570158,570159,1,0
570160,570160,570161,1,0
570161,570161,570162,1,0
570162,570162,570163,1,0
570164,570164,570165,1,0
570165,570165,570166,1,0
570170,570170,570171,1,0
570176,570176,570177,1,0
570178,570178,570179,1,0
570181,570181,570182,1,0
570182,570182,570183,1,0
570125,570127,570183,56,2
570184,570184,570185,1,0
570190,570190,570191,1,0
570191,570191,570192,1,0
570195,570195,570196,1,0
570198,570198,570199,1,0
570201,570201,570202,1,0
570204,570204,570205,1,0
570205,570205,570206,1,0
570210,570210,570211,1,0
570215,570215,570216,1,0
570220,570220,570221,1,0
570225,570225,570226,1,0
570228,570228,570229,1,0
570229,570229,570230,1,0
570231,570231,570232,1,0
570234,570234,570235,1,0
570237,570237,570238,1,0
570240,570240,570241,1,0
570245,570245,570246,1,0
570248,570248,570249,1,0
570251,570251,570252,1,0
570252,570252,570253,1,0
570256,570256,570257,1,0
570259,570259,570260,1,0
570261,570261,570262,1,0
570262,570262,570263,1,0
570264,570264,570265,1,0
570267,570267,570268,1,0
570269,570269,570270,1,0
570272,570272,570273,1,0
570274,570274,570275,1,0
570277,570277,570278,1,0
570280,570280,570281,1,0
570283,570283,570284,1,0
570285,570285,570286,1,0
571494,571494,571495,1,0
571497,571497,571498,1,0
571500,571500,571501,1,0
571503,571503,571504,1,0
571509,571509,571510,1,0
571512,571512,571513,1,0
571513,571513,571514,1,0
571516,571516,571517,1,0
571517,571517,571518,1,0
571520,571520,571521,1,0
571523,571523,571524,1,0
571527,571527,571528,1,0
571530,571530,571531,1,0
571532,571532,571533,1,0
571533,571533,571534,1,0
571539,571539,571540,1,0
571541,571541,571542,1,0
571544,571544,571545,1,0
571546,571546,571547,1,0
571549,571549,571550,1,0
571559,571559,571560,1,0
571564,571564,571565,1,0
571570,571570,571571,1,0
571571,571571,571572,1,0
571573,571573,571575,2,0
571576,571576,571577,1,0
571578,571578,571579,1,0
571581,571581,571582,1,0
571583,571583,571585,2,0
571584,571584,571585,1,0
571586,571586,571587,1,0
571589,571589,571590,1,0
571594,571594,571595,1,0
571596,571596,571598,2,0
571599,571599,571600,1,0
571602,571602,571603,1,0
571610,571610,571611,1,0
571612,571612,571613,1,0
571613,571613,571614,1,0
571615,571615,571616,1,0
571618,571618,571619,1,0
571621,571621,571622,1,0
571624,571624,571625,1,0
571629,571629,571630,1,0
571633,571633,571634,1,0
571636,571636,571637,1,0
571638,571638,571639,1,0
571641,571641,571642,1,0
571644,571644,571645,1,0
571646,571646,571647,1,0
571648,571648,571649,1,0
571651,571651,571652,1,0
571654,571654,571655,1,0
571659,571659,571660,1,0
571663,571663,571664,1,0
571668,571668,571669,1,0
571671,571671,571672,1,0
571673,571673,571674,1,0
571677,571677,571678,1,0
571680,571680,571681,1,0
571681,571681,571682,1,0
571683,571683,571684,1,0
571690,571690,571691,1,0
571691,571691,571692,1,0
571693,571693,571694,1,0
571696,571696,571697,1,0
571698,571698,571699,1,0
571701,571701,571702,1,0
571162,571164,571997,833,2
572001,572004,572723,719,3
572727,572729,573417,688,2
573421,573422,573572,150,1
573608,573610,581091,7481,2
581094,581097,581839,742,3
581838,581841,581898,57,3
582831,582834,583710,876,3
583714,583716,584009,293,2
584013,584015,584549,534,2
584554,584556,584671,115,2
584709,584711,592141,7430,2
592144,592146,599566,7420,2
