submit_time,start_time,end_time,run_time,wait_time
2067,2068,2499,431,1
3306,3307,4305,998,1
121566,121567,121571,4,1
121580,121580,121585,5,0
121593,121594,121599,5,1
121607,121607,121611,4,0
122186,122186,122323,137,0
122532,122533,122676,143,1
122861,122862,123008,146,1
123197,123198,123350,152,1
123690,123691,123938,247,1
124223,124224,124471,247,1
124761,124762,125019,257,1
125311,125312,125557,245,1
126828,126829,127076,247,1
127364,127365,127606,241,1
127903,127904,128147,243,1
128437,128438,128676,238,1
128890,128891,128906,15,1
128925,128926,128942,16,1
128961,128962,128977,15,1
128994,128995,129010,15,1
158400,158401,158405,4,1
158400,158401,158405,4,1
158400,158401,158405,4,1
158400,158401,158406,5,1
158400,158401,158406,5,1
158400,158401,158406,5,1
158400,158401,158406,5,1
158400,158401,158406,5,1
158400,158401,158406,5,1
158400,158401,158406,5,1
158400,158401,158406,5,1
158400,158401,158408,7,1
158400,158401,158407,6,1
158400,158401,158407,6,1
158400,158401,158407,6,1
158400,158401,158407,6,1
158400,158401,158407,6,1
158400,158401,158407,6,1
158400,158401,158407,6,1
158400,158401,158407,6,1
158400,158406,158408,2,6
158400,158407,158409,2,7
158400,158407,158409,2,7
158400,158407,158410,3,7
158400,158407,158409,2,7
158400,158407,158409,2,7
158400,158407,158409,2,7
158400,158408,158410,2,8
158400,158408,158411,3,8
158400,158408,158411,3,8
158400,158408,158410,2,8
158400,158408,158410,2,8
158400,158408,158410,2,8
158400,158406,158411,5,6
158400,158408,158410,2,8
158400,158408,158410,2,8
158400,158406,158411,5,6
158400,158408,158410,2,8
158400,158407,158411,4,7
158400,158407,158412,5,7
158400,158409,158411,2,9
158400,158410,158412,2,10
158400,158410,158412,2,10
158400,158410,158412,2,10
158400,158410,158413,3,10
158400,158410,158412,2,10
158400,158410,158412,2,10
158400,158411,158414,3,11
158400,158411,158414,3,11
158400,158411,158414,3,11
158400,158411,158414,3,11
158400,158411,158413,2,11
158400,158411,158413,2,11
158400,158411,158413,2,11
158400,158411,158413,2,11
158400,158411,158414,3,11
158400,158411,158414,3,11
158400,158411,158414,3,11
158400,158411,158414,3,11
158400,158412,158414,2,12
158400,158412,158414,2,12
158400,158413,158415,2,13
158400,158413,158416,3,13
158400,158413,158416,3,13
158400,158413,158415,2,13
158400,158414,158417,3,14
158400,158414,158417,3,14
158400,158413,158416,3,13
158400,158414,158417,3,14
158400,158414,158417,3,14
158400,158414,158417,3,14
158400,158414,158416,2,14
158400,158414,158417,3,14
158400,158413,158417,4,13
158400,158414,158417,3,14
158400,158414,158417,3,14
158400,158414,158416,2,14
158400,158414,158417,3,14
158400,158414,158417,3,14
158400,158415,158417,2,15
158400,158415,158418,3,15
158400,158416,158418,2,16
158400,158416,158419,3,16
158400,158416,158419,3,16
158400,158416,158419,3,16
158400,158417,158420,3,17
158400,158417,158420,3,17
158400,158417,158419,2,17
158400,158417,158420,3,17
158400,158417,158419,2,17
158400,158417,158419,2,17
158400,158417,158420,3,17
158400,158417,158419,2,17
158400,158417,158420,3,17
158400,158417,158420,3,17
158400,158417,158420,3,17
158400,158417,158420,3,17
158400,158418,158421,3,18
158400,158418,158421,3,18
158400,158418,158421,3,18
158400,158418,158420,2,18
158400,158419,158421,2,19
158400,158419,158421,2,19
158400,158419,158422,3,19
158400,158419,158422,3,19
158400,158420,158423,3,20
158400,158420,158423,3,20
158400,158420,158423,3,20
158400,158420,158423,3,20
158400,158420,158423,3,20
158400,158420,158423,3,20
158400,158420,158423,3,20
158400,158420,158423,3,20
158400,158420,158423,3,20
158400,158420,158423,3,20
158400,158420,158423,3,20
158400,158420,158423,3,20
158400,158421,158424,3,21
158400,158421,158424,3,21
158400,158421,158425,4,21
158400,158422,158424,2,22
158400,158422,158425,3,22
158400,158421,158425,4,21
158400,158422,158425,3,22
158400,158422,158425,3,22
158400,158423,158426,3,23
158400,158423,158426,3,23
158400,158423,158426,3,23
158400,158423,158426,3,23
158400,158423,158426,3,23
158400,158423,158426,3,23
158400,158423,158426,3,23
158400,158423,158426,3,23
158400,158423,158426,3,23
158400,158423,158426,3,23
158400,158423,158426,3,23
158400,158423,158426,3,23
158400,158424,158427,3,24
158400,158424,158427,3,24
158400,158425,158428,3,25
158400,158425,158428,3,25
158400,158425,158428,3,25
158400,158426,158428,2,26
158400,158426,158428,2,26
158400,158426,158428,2,26
158400,158426,158429,3,26
158400,158426,158429,3,26
158400,158426,158429,3,26
158400,158426,158429,3,26
158400,158426,158429,3,26
158400,158426,158429,3,26
158400,158426,158429,3,26
158400,158426,158429,3,26
158400,158427,158429,2,27
158400,158427,158429,2,27
158400,158427,158429,2,27
158400,158427,158429,2,27
158400,158427,158430,3,27
158400,158428,158430,2,28
158400,158428,158431,3,28
158400,158429,158431,2,29
158400,158429,158431,2,29
158400,158429,158431,2,29
158400,158429,158431,2,29
158400,158429,158431,2,29
158400,158429,158432,3,29
158400,158429,158432,3,29
158400,158430,158432,2,30
158400,158430,158432,2,30
158400,158430,158432,2,30
158400,158430,158432,2,30
158400,158430,158432,2,30
158400,158430,158432,2,30
158400,158430,158432,2,30
158400,158430,158432,2,30
158400,158430,158432,2,30
158400,158430,158433,3,30
158400,158431,158433,2,31
158400,158430,158433,3,30
158400,158431,158434,3,31
158400,158432,158434,2,32
158400,158432,158434,2,32
158400,158432,158434,2,32
158400,158432,158434,2,32
158400,158432,158434,2,32
158400,158433,158435,2,33
158400,158433,158435,2,33
158400,158433,158435,2,33
158400,158433,158435,2,33
158400,158433,158435,2,33
158400,158433,158435,2,33
158400,158433,158435,2,33
158400,158433,158435,2,33
158400,158433,158435,2,33
158400,158433,158435,2,33
158400,158433,158435,2,33
158400,158434,158436,2,34
158400,158434,158436,2,34
158400,158434,158436,2,34
158400,158435,158437,2,35
158447,158447,158450,3,0
158447,158447,158449,2,0
158447,158447,158450,3,0
158447,158447,158450,3,0
158447,158447,158450,3,0
158447,158447,158450,3,0
158447,158447,158450,3,0
158447,158447,158450,3,0
158447,158447,158450,3,0
158447,158447,158450,3,0
158447,158447,158450,3,0
158447,158447,158450,3,0
158447,158447,158450,3,0
158447,158447,158450,3,0
158447,158447,158450,3,0
158447,158447,158450,3,0
158447,158447,158450,3,0
158447,158447,158451,4,0
158447,158447,158450,3,0
158447,158447,158450,3,0
159670,159670,159675,5,0
159670,159670,159675,5,0
159670,159670,159676,6,0
159670,159670,159676,6,0
159670,159670,159676,6,0
159670,159670,159676,6,0
159670,159670,159676,6,0
159670,159670,159676,6,0
159670,159670,159676,6,0
159670,159670,159675,5,0
159670,159670,159676,6,0
159670,159670,159676,6,0
159670,159670,159676,6,0
159670,159670,159675,5,0
159670,159670,159676,6,0
159670,159670,159675,5,0
159670,159670,159675,5,0
159670,159670,159676,6,0
159670,159670,159677,7,0
159670,159670,159677,7,0
159670,159675,159680,5,5
159670,159675,159681,6,5
159670,159676,159682,6,6
159670,159676,159682,6,6
159670,159676,159682,6,6
159670,159676,159682,6,6
159670,159676,159682,6,6
159670,159677,159682,5,7
159670,159676,159682,6,6
159670,159676,159682,6,6
159670,159677,159686,9,7
159670,159677,159686,9,7
159670,159677,159686,9,7
159670,159678,159686,8,8
159670,159677,159687,10,7
159670,159678,159687,9,8
159670,159677,159687,10,7
159670,159677,159687,10,7
159670,159677,159687,10,7
159670,159677,159689,12,7
159670,159682,159690,8,12
159670,159683,159691,8,13
159670,159683,159692,9,13
159670,159681,159691,10,11
159670,159683,159692,9,13
159670,159683,159692,9,13
159670,159683,159693,10,13
159670,159683,159694,11,13
159670,159683,159694,11,13
159670,159683,159695,12,13
159670,159687,159695,8,17
159670,159687,159695,8,17
159670,159687,159696,9,17
159670,159688,159697,9,18
159670,159688,159696,8,18
159670,159687,159697,10,17
159670,159688,159697,9,18
159670,159689,159698,9,19
159670,159688,159698,10,18
159670,159688,159698,10,18
159670,159692,159701,9,22
159670,159691,159700,9,21
159670,159693,159702,9,23
159670,159692,159702,10,22
159670,159693,159702,9,23
159670,159692,159703,11,22
159670,159694,159703,9,24
159670,159695,159703,8,25
159670,159695,159705,10,25
159670,159696,159704,8,26
159670,159696,159705,9,26
159670,159696,159706,10,26
159670,159697,159706,9,27
159670,159696,159705,9,26
159670,159698,159707,9,28
159670,159697,159706,9,27
159670,159698,159707,9,28
159670,159698,159708,10,28
159670,159699,159708,9,29
159670,159699,159708,9,29
159670,159701,159709,8,31
159670,159701,159710,9,31
159670,159702,159711,9,32
159670,159703,159713,10,33
159670,159704,159713,9,34
159670,159703,159712,9,33
159670,159704,159713,9,34
159670,159703,159713,10,33
159670,159705,159714,9,35
159670,159706,159715,9,36
159670,159705,159714,9,35
159670,159706,159715,9,36
159670,159707,159716,9,37
159670,159707,159715,8,37
159670,159706,159715,9,36
159670,159706,159716,10,36
159670,159708,159718,10,38
159670,159709,159718,9,39
159670,159709,159718,9,39
159670,159707,159719,12,37
159670,159709,159719,10,39
159670,159711,159722,11,41
159670,159713,159721,8,43
159670,159712,159723,11,42
159670,159715,159724,9,45
159670,159715,159723,8,45
159670,159714,159724,10,44
159670,159713,159724,11,43
159670,159716,159725,9,46
159670,159713,159724,11,43
159670,159714,159725,11,44
159670,159715,159725,10,45
159670,159716,159726,10,46
159670,159716,159725,9,46
159670,159717,159726,9,47
159670,159716,159725,9,46
159670,159718,159727,9,48
159670,159719,159727,8,49
159670,159719,159727,8,49
159670,159719,159728,9,49
159670,159720,159729,9,50
159670,159722,159731,9,52
159670,159722,159731,9,52
159670,159723,159731,8,53
159670,159724,159733,9,54
159670,159724,159733,9,54
159670,159724,159733,9,54
159670,159725,159734,9,55
159670,159726,159734,8,56
159670,159725,159734,9,55
159670,159725,159734,9,55
159670,159726,159735,9,56
159670,159726,159735,9,56
159670,159726,159736,10,56
159670,159726,159736,10,56
159670,159727,159736,9,57
159670,159726,159736,10,56
159670,159728,159737,9,58
159670,159728,159737,9,58
159670,159729,159738,9,59
159670,159728,159738,10,58
159670,159732,159741,9,62
159670,159732,159741,9,62
159670,159732,159742,10,62
159670,159733,159742,9,63
159670,159733,159743,10,63
159670,159734,159744,10,64
159670,159733,159744,11,63
159670,159734,159744,10,64
159670,159734,159744,10,64
159670,159735,159744,9,65
159670,159735,159745,10,65
159670,159736,159745,9,66
159670,159736,159746,10,66
159670,159734,159746,12,64
159670,159736,159746,10,66
159670,159736,159747,11,66
159670,159737,159747,10,67
159670,159738,159747,9,68
159670,159737,159748,11,67
159670,159738,159749,11,68
159670,159741,159750,9,71
159670,159742,159751,9,72
159670,159744,159752,8,74
159670,159742,159752,10,72
159670,159743,159753,10,73
159670,159745,159753,8,75
159670,159745,159753,8,75
159670,159745,159753,8,75
159670,159744,159754,10,74
159670,159745,159754,9,75
159670,159746,159754,8,76
159670,159746,159754,8,76
159670,159747,159755,8,77
159670,159745,159755,10,75
159670,159747,159756,9,77
159670,159747,159757,10,77
159670,159749,159758,9,79
159670,159748,159758,10,78
159670,159747,159759,12,77
159670,159749,159759,10,79
159670,159752,159761,9,82
159670,159751,159761,10,81
159670,159753,159762,9,83
159670,159754,159763,9,84
159670,159756,159763,7,86
159670,159753,159763,10,83
159670,159754,159763,9,84
159670,159754,159764,10,84
159670,159755,159764,9,85
159670,159756,159764,8,86
159670,159754,159764,10,84
159670,159754,159765,11,84
159670,159758,159766,8,88
159670,159757,159766,9,87
159670,159754,159767,13,84
159670,159754,159767,13,84
159670,159759,159767,8,89
159670,159759,159768,9,89
159670,159760,159769,9,90
159776,159776,159785,9,0
159776,159776,159785,9,0
159776,159776,159785,9,0
159776,159776,159786,10,0
159776,159776,159786,10,0
159776,159776,159786,10,0
159776,159776,159786,10,0
159776,159776,159785,9,0
159776,159776,159785,9,0
159776,159776,159786,10,0
159776,159776,159786,10,0
159776,159776,159786,10,0
159776,159776,159787,11,0
159776,159776,159786,10,0
159776,159776,159787,11,0
159776,159776,159787,11,0
159776,159776,159786,10,0
159776,159776,159786,10,0
159776,159776,159787,11,0
159776,159776,159788,12,0
213750,213751,213835,84,1
213839,213840,214383,543,1
217204,217205,217210,5,1
217204,217205,217209,4,1
217204,217205,217210,5,1
217204,217205,217209,4,1
217204,217205,217209,4,1
217204,217205,217209,4,1
217204,217205,217209,4,1
217204,217205,217209,4,1
217204,217205,217209,4,1
217204,217205,217209,4,1
217204,217205,217209,4,1
217204,217205,217209,4,1
217204,217205,217210,5,1
217204,217205,217209,4,1
217204,217205,217209,4,1
217204,217205,217209,4,1
217204,217205,217209,4,1
217204,217205,217209,4,1
217204,217205,217209,4,1
217204,217205,217210,5,1
217204,217210,217214,4,6
217204,217210,217214,4,6
217204,217210,217214,4,6
217204,217210,217214,4,6
217204,217210,217214,4,6
217204,217210,217214,4,6
217204,217210,217215,5,6
217204,217210,217214,4,6
217204,217210,217214,4,6
217204,217210,217215,5,6
217204,217210,217214,4,6
217204,217210,217214,4,6
217204,217210,217214,4,6
217204,217210,217214,4,6
217204,217210,217214,4,6
217204,217210,217214,4,6
217204,217210,217215,5,6
217204,217210,217215,5,6
217204,217210,217215,5,6
217204,217211,217216,5,7
217204,217214,217217,3,10
217204,217214,217218,4,10
217204,217214,217218,4,10
217204,217215,217219,4,11
217204,217215,217219,4,11
217204,217215,217219,4,11
217204,217214,217218,4,10
217204,217215,217219,4,11
217204,217214,217218,4,10
217204,217215,217219,4,11
217204,217215,217219,4,11
217204,217215,217220,5,11
217204,217215,217219,4,11
217204,217215,217219,4,11
217204,217215,217219,4,11
217204,217215,217220,5,11
217204,217216,217220,4,12
217204,217216,217220,4,12
217204,217216,217221,5,12
217204,217217,217221,4,13
217204,217218,217222,4,14
217204,217219,217223,4,15
217204,217218,217223,5,14
217204,217219,217223,4,15
217204,217218,217223,5,14
217204,217219,217223,4,15
217204,217219,217224,5,15
217204,217220,217224,4,16
217204,217219,217224,5,15
217204,217220,217224,4,16
217204,217220,217224,4,16
217204,217220,217224,4,16
217204,217219,217224,5,15
217204,217220,217225,5,16
217204,217220,217226,6,16
217204,217220,217225,5,16
217204,217220,217225,5,16
217204,217221,217226,5,17
217204,217222,217226,4,18
217204,217219,217226,7,15
217204,217222,217226,4,18
217204,217223,217227,4,19
217204,217223,217227,4,19
217204,217223,217227,4,19
217204,217224,217228,4,20
217204,217224,217228,4,20
217204,217223,217227,4,19
217204,217224,217228,4,20
217204,217223,217228,5,19
217204,217224,217228,4,20
217204,217224,217229,5,20
217204,217225,217229,4,21
217204,217226,217230,4,22
217204,217226,217230,4,22
217204,217226,217230,4,22
217204,217225,217229,4,21
217204,217226,217230,4,22
217204,217226,217231,5,22
217204,217226,217231,5,22
217204,217226,217230,4,22
217204,217227,217231,4,23
217204,217227,217231,4,23
217204,217228,217232,4,24
217204,217228,217232,4,24
217204,217227,217232,5,23
217204,217228,217232,4,24
217204,217228,217232,4,24
217204,217228,217232,4,24
217204,217228,217232,4,24
217204,217229,217233,4,25
217204,217229,217233,4,25
217204,217228,217232,4,24
217204,217230,217234,4,26
217204,217230,217234,4,26
217204,217230,217234,4,26
217204,217230,217235,5,26
217204,217231,217235,4,27
217204,217231,217235,4,27
217204,217231,217235,4,27
217204,217231,217236,5,27
217204,217231,217236,5,27
217204,217232,217236,4,28
217204,217232,217236,4,28
217204,217232,217236,4,28
217204,217232,217236,4,28
217204,217232,217237,5,28
217204,217232,217236,4,28
217204,217233,217237,4,29
217204,217236,217237,1,32
217204,217232,217237,5,28
217204,217233,217237,4,29
217204,217232,217236,4,28
217204,217233,217237,4,29
217204,217234,217238,4,30
217204,217234,217239,5,30
217204,217237,217240,3,33
217204,217237,217240,3,33
217204,217237,217241,4,33
217204,217237,217241,4,33
217204,217238,217241,3,34
217204,217238,217241,3,34
217204,217237,217242,5,33
217204,217237,217242,5,33
217204,217237,217242,5,33
217204,217237,217243,6,33
217204,217239,217242,3,35
217204,217238,217242,4,34
217204,217238,217242,4,34
217204,217238,217242,4,34
217204,217238,217243,5,34
217204,217240,217243,3,36
217204,217238,217243,5,34
217204,217238,217243,5,34
217204,217240,217243,3,36
217204,217237,217243,6,33
217204,217241,217245,4,37
217204,217241,217244,3,37
217204,217242,217245,3,38
217204,217242,217246,4,38
217204,217243,217246,3,39
217204,217243,217246,3,39
217204,217242,217246,4,38
217204,217242,217246,4,38
217204,217243,217246,3,39
217204,217243,217246,3,39
217204,217243,217247,4,39
217204,217243,217247,4,39
217204,217242,217247,5,38
217204,217242,217246,4,38
217204,217242,217247,5,38
217204,217244,217247,3,40
217204,217244,217248,4,40
217204,217244,217248,4,40
217204,217244,217247,3,40
217204,217245,217249,4,41
217204,217245,217249,4,41
217204,217244,217249,5,40
217204,217246,217250,4,42
217204,217246,217250,4,42
217204,217247,217250,3,43
217204,217247,217250,3,43
217204,217247,217251,4,43
217204,217247,217251,4,43
217204,217247,217251,4,43
217204,217247,217250,3,43
217204,217247,217251,4,43
217204,217247,217251,4,43
217204,217247,217251,4,43
217257,217257,217261,4,0
217257,217257,217261,4,0
217257,217257,217261,4,0
217257,217257,217261,4,0
217257,217257,217261,4,0
217257,217257,217262,5,0
217257,217257,217262,5,0
217257,217257,217262,5,0
217257,217257,217262,5,0
217257,217257,217261,4,0
217257,217257,217261,4,0
217257,217257,217261,4,0
217257,217257,217261,4,0
217257,217257,217262,5,0
217257,217257,217261,4,0
217257,217257,217262,5,0
217257,217257,217261,4,0
217257,217257,217261,4,0
217257,217257,217261,4,0
217257,217257,217262,5,0
217257,217261,217265,4,4
217257,217261,217265,4,4
217257,217261,217265,4,4
217257,217261,217265,4,4
217257,217262,217266,4,5
217257,217262,217266,4,5
217257,217261,217266,5,4
217257,217262,217266,4,5
217257,217262,217266,4,5
217257,217262,217266,4,5
217257,217262,217266,4,5
217257,217262,217266,4,5
217257,217262,217267,5,5
217257,217262,217266,4,5
217257,217262,217266,4,5
217257,217262,217267,5,5
217257,217262,217267,5,5
217257,217262,217268,6,5
217257,217262,217268,6,5
217257,217262,217268,6,5
217257,217265,217269,4,8
217257,217265,217269,4,8
217257,217265,217269,4,8
217257,217265,217269,4,8
217257,217267,217270,3,10
217257,217267,217270,3,10
217257,217267,217270,3,10
217257,217267,217270,3,10
217257,217267,217270,3,10
217257,217267,217270,3,10
217257,217267,217270,3,10
217257,217268,217271,3,11
217257,217267,217271,4,10
217257,217267,217272,5,10
217257,217268,217272,4,11
217257,217268,217272,4,11
217257,217268,217272,4,11
217257,217268,217273,5,11
217257,217268,217273,5,11
217257,217268,217272,4,11
217257,217270,217273,3,13
217257,217270,217273,3,13
217257,217270,217273,3,13
217257,217270,217273,3,13
217257,217271,217275,4,14
217257,217271,217275,4,14
217257,217271,217275,4,14
217257,217271,217275,4,14
217257,217271,217275,4,14
217257,217271,217275,4,14
217257,217272,217275,3,15
217257,217271,217275,4,14
217257,217272,217275,3,15
217257,217273,217277,4,16
217257,217273,217276,3,16
217257,217273,217276,3,16
217257,217272,217277,5,15
217257,217274,217277,3,17
217257,217274,217278,4,17
217257,217274,217277,3,17
217257,217274,217277,3,17
217257,217274,217278,4,17
217257,217274,217278,4,17
217257,217274,217278,4,17
217257,217275,217279,4,18
217257,217275,217279,4,18
217257,217275,217279,4,18
217257,217276,217279,3,19
217257,217276,217280,4,19
217257,217276,217280,4,19
217257,217276,217279,3,19
217257,217276,217280,4,19
217257,217275,217280,5,18
217257,217277,217281,4,20
217257,217277,217281,4,20
217257,217277,217281,4,20
217257,217278,217281,3,21
217257,217278,217282,4,21
217257,217278,217282,4,21
217257,217278,217281,3,21
217257,217279,217283,4,22
217257,217279,217283,4,22
217257,217279,217283,4,22
217257,217278,217283,5,21
217257,217279,217283,4,22
217257,217279,217283,4,22
217257,217279,217283,4,22
217257,217280,217284,4,23
217257,217280,217284,4,23
217257,217280,217284,4,23
217257,217280,217284,4,23
217257,217280,217284,4,23
217257,217281,217285,4,24
217257,217281,217285,4,24
217257,217282,217286,4,25
217257,217282,217286,4,25
217257,217281,217285,4,24
217257,217282,217286,4,25
217257,217282,217285,3,25
217257,217282,217286,4,25
217257,217283,217287,4,26
217257,217283,217287,4,26
217257,217283,217287,4,26
217257,217284,217287,3,27
217257,217284,217288,4,27
217257,217284,217288,4,27
217257,217284,217288,4,27
217257,217284,217288,4,27
217257,217284,217288,4,27
217257,217284,217288,4,27
217257,217284,217288,4,27
217257,217284,217288,4,27
217257,217285,217289,4,28
217257,217285,217289,4,28
217257,217286,217290,4,29
217257,217286,217290,4,29
217257,217286,217290,4,29
217257,217286,217290,4,29
217257,217286,217290,4,29
217257,217286,217290,4,29
217257,217287,217291,4,30
217257,217287,217291,4,30
217257,217287,217291,4,30
217257,217288,217292,4,31
217257,217288,217292,4,31
217257,217288,217292,4,31
217257,217288,217292,4,31
217257,217288,217292,4,31
217257,217289,217293,4,32
217257,217289,217293,4,32
217257,217289,217293,4,32
217257,217289,217293,4,32
217257,217289,217293,4,32
217257,217289,217293,4,32
217257,217290,217294,4,33
217257,217290,217294,4,33
217257,217290,217294,4,33
217257,217290,217294,4,33
217257,217290,217294,4,33
217257,217290,217294,4,33
217257,217291,217295,4,34
217257,217291,217295,4,34
217257,217291,217295,4,34
217257,217292,217296,4,35
217257,217292,217296,4,35
217257,217292,217296,4,35
217257,217292,217296,4,35
217257,217292,217296,4,35
217257,217293,217297,4,36
217257,217293,217297,4,36
217257,217294,217298,4,37
217257,217294,217298,4,37
217257,217294,217298,4,37
217257,217294,217298,4,37
217257,217294,217298,4,37
217257,217294,217298,4,37
217257,217294,217298,4,37
217257,217294,217298,4,37
217257,217294,217298,4,37
217257,217294,217298,4,37
217257,217295,217299,4,38
217257,217295,217299,4,38
217257,217295,217299,4,38
217257,217296,217300,4,39
217257,217296,217300,4,39
217257,217296,217300,4,39
217257,217296,217300,4,39
217257,217297,217301,4,40
217257,217297,217301,4,40
217257,217298,217301,3,41
217257,217298,217302,4,41
217257,217298,217302,4,41
217257,217298,217302,4,41
217257,217298,217302,4,41
217257,217299,217302,3,42
217257,217299,217302,3,42
217257,217299,217303,4,42
217257,217299,217303,4,42
217257,217299,217303,4,42
217257,217299,217303,4,42
217310,217310,217314,4,0
217310,217310,217314,4,0
217310,217310,217314,4,0
217310,217310,217314,4,0
217310,217310,217314,4,0
217310,217310,217313,3,0
217310,217310,217313,3,0
217310,217310,217314,4,0
217310,217310,217314,4,0
217310,217310,217314,4,0
217310,217310,217314,4,0
217310,217310,217314,4,0
217310,217310,217314,4,0
217310,217310,217314,4,0
217310,217310,217314,4,0
217310,217310,217314,4,0
217310,217310,217314,4,0
217310,217310,217314,4,0
217310,217310,217314,4,0
217310,217310,217314,4,0
217310,217314,217318,4,4
217310,217314,217318,4,4
217310,217314,217317,3,4
217310,217314,217318,4,4
217310,217314,217318,4,4
217310,217314,217318,4,4
217310,217314,217318,4,4
217310,217314,217318,4,4
217310,217314,217318,4,4
217310,217314,217318,4,4
217310,217315,217319,4,5
217310,217315,217319,4,5
217310,217315,217319,4,5
217310,217315,217319,4,5
217310,217315,217319,4,5
217310,217315,217319,4,5
217310,217315,217319,4,5
217310,217315,217320,5,5
217310,217315,217319,4,5
217310,217315,217319,4,5
217310,217318,217322,4,8
217310,217318,217322,4,8
217310,217318,217322,4,8
217310,217318,217322,4,8
217310,217318,217322,4,8
217310,217318,217322,4,8
217310,217318,217322,4,8
217310,217318,217322,4,8
217310,217318,217322,4,8
217310,217319,217323,4,9
217310,217319,217323,4,9
217310,217319,217323,4,9
217310,217319,217323,4,9
217310,217319,217323,4,9
217310,217319,217323,4,9
217310,217319,217323,4,9
217310,217320,217324,4,10
217310,217320,217324,4,10
217310,217320,217324,4,10
217310,217320,217324,4,10
217310,217322,217326,4,12
217310,217322,217326,4,12
217310,217322,217326,4,12
217310,217322,217326,4,12
217310,217322,217326,4,12
217310,217322,217326,4,12
217310,217322,217326,4,12
217310,217322,217327,5,12
217310,217322,217327,5,12
217310,217323,217327,4,13
217310,217323,217327,4,13
217310,217323,217328,5,13
217310,217323,217328,5,13
217310,217323,217328,5,13
217310,217323,217327,4,13
217310,217323,217328,5,13
217310,217324,217329,5,14
217310,217325,217329,4,15
217310,217326,217330,4,16
217310,217326,217330,4,16
217310,217326,217330,4,16
217310,217326,217330,4,16
217310,217326,217330,4,16
217310,217325,217331,6,15
217310,217325,217331,6,15
217310,217327,217331,4,17
217310,217327,217331,4,17
217310,217327,217331,4,17
217310,217327,217331,4,17
217310,217327,217331,4,17
217310,217328,217332,4,18
217310,217328,217332,4,18
217310,217327,217332,5,17
217310,217329,217332,3,19
217310,217328,217332,4,18
217310,217328,217333,5,18
217310,217331,217334,3,21
217310,217331,217334,3,21
217310,217331,217334,3,21
217310,217331,217334,3,21
217310,217331,217334,3,21
217310,217330,217335,5,20
217310,217330,217334,4,20
217310,217332,217335,3,22
217310,217332,217335,3,22
217310,217332,217335,3,22
217310,217332,217335,3,22
217310,217332,217335,3,22
217310,217331,217335,4,21
217310,217331,217336,5,21
217310,217333,217337,4,23
217310,217333,217336,3,23
217310,217333,217336,3,23
217310,217333,217336,3,23
217310,217333,217337,4,23
217310,217334,217337,3,24
217581,217581,217584,3,0
217581,217581,217584,3,0
217581,217581,217584,3,0
217581,217581,217584,3,0
217581,217581,217584,3,0
217581,217581,217584,3,0
217581,217581,217584,3,0
217581,217581,217584,3,0
217581,217581,217584,3,0
217581,217581,217584,3,0
217581,217581,217584,3,0
217581,217581,217584,3,0
217581,217581,217584,3,0
217581,217581,217584,3,0
217581,217581,217584,3,0
217581,217581,217584,3,0
217581,217581,217584,3,0
217581,217581,217584,3,0
217581,217581,217584,3,0
217581,217581,217584,3,0
217581,217584,217587,3,3
217581,217584,217587,3,3
217581,217584,217587,3,3
217581,217584,217587,3,3
217581,217584,217587,3,3
217581,217584,217587,3,3
217581,217585,217588,3,4
217581,217585,217588,3,4
217581,217585,217588,3,4
217581,217585,217588,3,4
217581,217585,217588,3,4
217581,217585,217588,3,4
217581,217585,217588,3,4
217581,217585,217588,3,4
217581,217585,217588,3,4
217581,217585,217588,3,4
217581,217585,217588,3,4
217581,217585,217588,3,4
217581,217585,217588,3,4
217581,217585,217588,3,4
217581,217587,217590,3,6
217581,217587,217590,3,6
217581,217587,217590,3,6
217581,217587,217590,3,6
217581,217587,217590,3,6
217581,217588,217591,3,7
217581,217588,217591,3,7
217581,217588,217591,3,7
217581,217588,217591,3,7
217581,217588,217591,3,7
217581,217588,217591,3,7
217581,217587,217590,3,6
217581,217588,217591,3,7
217581,217588,217591,3,7
217581,217589,217592,3,8
217581,217588,217591,3,7
217581,217588,217592,4,7
217581,217589,217592,3,8
217581,217589,217592,3,8
217581,217589,217593,4,8
217581,217590,217593,3,9
217581,217590,217593,3,9
217581,217590,217593,3,9
217581,217590,217593,3,9
217581,217590,217593,3,9
217581,217591,217594,3,10
217581,217591,217594,3,10
217581,217591,217594,3,10
217581,217591,217594,3,10
217581,217591,217594,3,10
217581,217591,217594,3,10
217581,217591,217594,3,10
217581,217592,217595,3,11
217581,217591,217595,4,10
217581,217592,217595,3,11
217581,217592,217595,3,11
217581,217592,217595,3,11
217581,217593,217596,3,12
217581,217593,217596,3,12
217581,217593,217596,3,12
217581,217593,217596,3,12
217581,217593,217596,3,12
217581,217593,217596,3,12
217581,217593,217596,3,12
217581,217594,217597,3,13
217581,217594,217597,3,13
217581,217593,217597,4,12
217581,217594,217597,3,13
217581,217595,217597,2,14
217581,217595,217597,2,14
217581,217595,217597,2,14
217581,217595,217598,3,14
217581,217596,217598,2,15
217581,217595,217598,3,14
217581,217596,217598,2,15
217581,217596,217598,2,15
217581,217596,217599,3,15
217581,217597,217599,2,16
217581,217597,217599,2,16
217581,217597,217599,2,16
217581,217596,217599,3,15
217581,217598,217601,3,17
217581,217598,217600,2,17
217581,217598,217600,2,17
217581,217598,217600,2,17
217581,217598,217600,2,17
217581,217598,217600,2,17
217581,217598,217600,2,17
217581,217597,217600,3,16
217581,217597,217601,4,16
217581,217597,217600,3,16
217581,217599,217601,2,18
217581,217599,217601,2,18
217581,217599,217602,3,18
217581,217599,217601,2,18
217581,217599,217602,3,18
217581,217600,217603,3,19
217581,217600,217603,3,19
217581,217600,217603,3,19
217581,217601,217604,3,20
217581,217601,217603,2,20
217581,217600,217603,3,19
217581,217601,217604,3,20
217581,217601,217604,3,20
217581,217601,217604,3,20
217581,217600,217604,4,19
217581,217601,217604,3,20
217581,217601,217604,3,20
217581,217601,217604,3,20
217581,217602,217604,2,21
217581,217602,217604,2,21
217581,217602,217605,3,21
217581,217601,217605,4,20
217581,217601,217605,4,20
217581,217602,217605,3,21
217581,217603,217606,3,22
217581,217602,217605,3,21
217581,217604,217607,3,23
217581,217604,217606,2,23
217581,217604,217607,3,23
217581,217603,217606,3,22
217581,217604,217607,3,23
217581,217604,217607,3,23
217581,217605,217608,3,24
217581,217605,217608,3,24
217581,217604,217607,3,23
217581,217604,217607,3,23
217581,217605,217608,3,24
217581,217605,217608,3,24
217581,217604,217608,4,23
217581,217604,217608,4,23
217581,217606,217609,3,25
217581,217606,217609,3,25
217581,217605,217608,3,24
217581,217606,217609,3,25
217581,217606,217609,3,25
217581,217606,217609,3,25
217581,217607,217609,2,26
217581,217607,217610,3,26
217581,217607,217610,3,26
217581,217607,217610,3,26
217581,217607,217610,3,26
217581,217607,217610,3,26
217581,217608,217611,3,27
217581,217608,217611,3,27
217581,217608,217611,3,27
217581,217608,217611,3,27
217581,217608,217611,3,27
217581,217609,217612,3,28
217581,217609,217612,3,28
217581,217609,217612,3,28
217581,217608,217611,3,27
217581,217609,217612,3,28
217581,217609,217612,3,28
217581,217609,217612,3,28
217581,217610,217613,3,29
217581,217610,217613,3,29
217581,217610,217613,3,29
217581,217610,217613,3,29
217581,217610,217613,3,29
217581,217610,217613,3,29
217581,217610,217613,3,29
217581,217611,217614,3,30
217581,217611,217614,3,30
217581,217611,217614,3,30
217581,217611,217614,3,30
217581,217611,217614,3,30
217581,217610,217613,3,29
217581,217612,217615,3,31
217581,217612,217615,3,31
217581,217612,217615,3,31
217581,217612,217615,3,31
217581,217613,217616,3,32
217581,217613,217615,2,32
217581,217613,217616,3,32
217581,217613,217616,3,32
217581,217613,217616,3,32
217581,217612,217615,3,31
217581,217613,217616,3,32
217581,217613,217616,3,32
217622,217622,217625,3,0
217622,217622,217625,3,0
217622,217622,217625,3,0
217622,217622,217625,3,0
217622,217622,217625,3,0
217622,217622,217625,3,0
217622,217622,217625,3,0
217622,217622,217625,3,0
217622,217622,217625,3,0
217622,217622,217625,3,0
217622,217622,217625,3,0
217622,217622,217625,3,0
217622,217622,217625,3,0
217622,217622,217626,4,0
217622,217622,217626,4,0
217622,217622,217626,4,0
217622,217622,217625,3,0
217622,217622,217626,4,0
217622,217622,217626,4,0
217622,217622,217626,4,0
217622,217626,217628,2,4
217622,217626,217628,2,4
217622,217626,217629,3,4
217622,217626,217628,2,4
217622,217626,217628,2,4
217622,217626,217629,3,4
217622,217626,217628,2,4
217622,217626,217628,2,4
217622,217626,217628,2,4
217622,217626,217628,2,4
217622,217626,217628,2,4
217622,217626,217628,2,4
217622,217626,217629,3,4
217622,217626,217629,3,4
217622,217627,217629,2,5
217622,217627,217629,2,5
217622,217627,217629,2,5
217622,217627,217630,3,5
217622,217627,217630,3,5
217622,217627,217630,3,5
217622,217629,217631,2,7
217622,217629,217631,2,7
217622,217629,217631,2,7
217622,217629,217632,3,7
217622,217629,217632,3,7
217622,217629,217631,2,7
217622,217629,217631,2,7
217622,217629,217632,3,7
217622,217629,217632,3,7
217622,217629,217632,3,7
217622,217629,217632,3,7
217622,217630,217632,2,8
217622,217629,217632,3,7
217622,217630,217632,2,8
217622,217630,217632,2,8
217622,217630,217632,2,8
217622,217630,217633,3,8
217622,217631,217634,3,9
217622,217631,217634,3,9
217622,217631,217634,3,9
217622,217632,217634,2,10
217622,217632,217635,3,10
217622,217632,217635,3,10
217622,217632,217635,3,10
217622,217632,217635,3,10
217622,217632,217635,3,10
217622,217632,217635,3,10
217622,217632,217635,3,10
217622,217632,217635,3,10
217622,217632,217635,3,10
217622,217632,217635,3,10
217622,217633,217636,3,11
217622,217633,217635,2,11
217622,217633,217635,2,11
217622,217633,217635,2,11
217622,217633,217635,2,11
217622,217633,217636,3,11
217622,217635,217638,3,13
217622,217635,217638,3,13
217622,217635,217638,3,13
217622,217635,217638,3,13
217622,217635,217638,3,13
217622,217635,217638,3,13
217622,217635,217638,3,13
217622,217635,217638,3,13
217622,217635,217638,3,13
217622,217635,217638,3,13
217622,217635,217638,3,13
217622,217636,217639,3,14
217622,217636,217639,3,14
217622,217636,217639,3,14
217622,217635,217638,3,13
217622,217635,217638,3,13
217622,217636,217639,3,14
217622,217635,217638,3,13
217622,217636,217639,3,14
217622,217636,217639,3,14
217622,217638,217641,3,16
217622,217638,217641,3,16
217622,217638,217641,3,16
217622,217638,217641,3,16
217622,217638,217641,3,16
217622,217638,217641,3,16
217622,217638,217641,3,16
217622,217639,217642,3,17
217622,217639,217642,3,17
217622,217638,217641,3,16
217622,217639,217642,3,17
217622,217639,217642,3,17
217622,217639,217642,3,17
217622,217639,217642,3,17
217622,217639,217642,3,17
217622,217639,217642,3,17
217622,217639,217642,3,17
217622,217639,217642,3,17
217622,217639,217642,3,17
217622,217640,217643,3,18
217622,217641,217644,3,19
217622,217641,217644,3,19
217622,217641,217644,3,19
217622,217641,217644,3,19
217622,217641,217644,3,19
217622,217641,217644,3,19
217622,217642,217645,3,20
217622,217642,217645,3,20
217622,217641,217644,3,19
217622,217642,217645,3,20
217622,217642,217645,3,20
217622,217642,217645,3,20
217622,217642,217645,3,20
217622,217642,217645,3,20
217622,217643,217646,3,21
217622,217643,217646,3,21
217622,217643,217646,3,21
217622,217643,217646,3,21
217622,217643,217646,3,21
217622,217643,217646,3,21
217622,217644,217647,3,22
217622,217644,217647,3,22
217622,217644,217647,3,22
217622,217644,217647,3,22
217622,217644,217647,3,22
217622,217644,217647,3,22
217622,217645,217648,3,23
217622,217645,217648,3,23
217622,217645,217648,3,23
217622,217645,217648,3,23
217622,217645,217648,3,23
217622,217645,217648,3,23
217622,217645,217648,3,23
217622,217646,217649,3,24
217622,217646,217649,3,24
217622,217646,217649,3,24
217622,217647,217650,3,25
217622,217647,217650,3,25
217622,217647,217650,3,25
217622,217647,217650,3,25
217622,217647,217650,3,25
217622,217647,217650,3,25
217622,217647,217650,3,25
217622,217647,217650,3,25
217622,217647,217650,3,25
217622,217647,217650,3,25
217622,217648,217651,3,26
217622,217648,217651,3,26
217622,217648,217651,3,26
217622,217648,217651,3,26
217622,217649,217651,2,27
217622,217648,217651,3,26
218240,218240,218249,9,0
218240,218240,218249,9,0
218240,218240,218250,10,0
218240,218240,218250,10,0
218240,218240,218250,10,0
218240,218240,218250,10,0
218240,218240,218249,9,0
218240,218240,218249,9,0
218240,218240,218250,10,0
218240,218240,218250,10,0
218240,218240,218249,9,0
218240,218240,218250,10,0
218240,218240,218249,9,0
218240,218240,218251,11,0
218240,218240,218250,10,0
218240,218240,218250,10,0
218240,218240,218251,11,0
218240,218240,218252,12,0
218240,218240,218252,12,0
218240,218240,218251,11,0
218240,218249,218259,10,9
218240,218250,218259,9,10
218240,218250,218259,9,10
218240,218250,218259,9,10
218240,218250,218259,9,10
218240,218250,218260,10,10
218240,218250,218260,10,10
218240,218250,218260,10,10
218240,218250,218259,9,10
218240,218250,218260,10,10
218240,218250,218260,10,10
218240,218251,218260,9,11
218240,218250,218260,10,10
218240,218250,218260,10,10
218240,218251,218261,10,11
218240,218251,218261,10,11
218240,218252,218262,10,12
218240,218252,218263,11,12
218240,218252,218264,12,12
218240,218252,218264,12,12
218240,218259,218268,9,19
218240,218260,218269,9,20
218240,218259,218269,10,19
218240,218259,218269,10,19
218240,218259,218269,10,19
218240,218259,218269,10,19
218240,218260,218269,9,20
218240,218260,218270,10,20
218240,218260,218270,10,20
218240,218260,218270,10,20
218240,218260,218270,10,20
218240,218261,218271,10,21
218240,218261,218271,10,21
218240,218260,218270,10,20
218240,218260,218271,11,20
218240,218261,218270,9,21
218240,218263,218274,11,23
218240,218264,218275,11,24
218240,218264,218276,12,24
218240,218264,218276,12,24
218240,218269,218278,9,29
218240,218269,218278,9,29
218240,218268,218278,10,28
218240,218269,218278,9,29
218240,218269,218279,10,29
218240,218269,218279,10,29
218240,218269,218279,10,29
218240,218270,218280,10,30
218240,218270,218280,10,30
218240,218270,218280,10,30
218240,218272,218280,8,32
218240,218270,218281,11,30
218240,218272,218281,9,32
218240,218272,218281,9,32
218240,218272,218282,10,32
218240,218272,218282,10,32
218240,218274,218285,11,34
218240,218275,218286,11,35
218240,218276,218287,11,36
218240,218279,218288,9,39
218240,218279,218287,8,39
218240,218276,218288,12,36
218240,218279,218288,9,39
218240,218279,218289,10,39
218240,218280,218289,9,40
218240,218280,218289,9,40
218240,218280,218289,9,40
218240,218281,218290,9,41
218240,218281,218291,10,41
218240,218282,218291,9,42
218240,218282,218290,8,42
218240,218281,218290,9,41
218240,218283,218292,9,43
218240,218281,218291,10,41
218240,218282,218291,9,42
218240,218283,218292,9,43
218240,218285,218296,11,45
218240,218288,218297,9,48
218240,218286,218297,11,46
218240,218290,218299,9,50
218240,218288,218298,10,48
218240,218288,218299,11,48
218240,218289,218299,10,49
218240,218289,218299,10,49
218240,218290,218300,10,50
218240,218291,218299,8,51
218240,218290,218300,10,50
218240,218291,218300,9,51
218240,218291,218300,9,51
218240,218290,218300,10,50
218240,218291,218301,10,51
218240,218291,218300,9,51
218240,218293,218302,9,53
218240,218292,218301,9,52
218240,218292,218303,11,52
218240,218292,218302,10,52
218240,218297,218307,10,57
218240,218299,218308,9,59
218240,218297,218308,11,57
218240,218298,218308,10,58
218240,218299,218309,10,59
218240,218300,218310,10,60
218240,218300,218310,10,60
218240,218300,218309,9,60
218240,218301,218310,9,61
218240,218301,218311,10,61
218240,218301,218310,9,61
218240,218302,218311,9,62
218240,218301,218311,10,61
218240,218301,218310,9,61
218240,218300,218311,11,60
218240,218300,218311,11,60
218240,218301,218311,10,61
218240,218302,218312,10,62
218240,218303,218312,9,63
218240,218303,218313,10,63
218240,218307,218316,9,67
218240,218309,218318,9,69
218240,218308,218318,10,68
218240,218310,218319,9,70
218240,218309,218319,10,69
218240,218310,218320,10,70
218240,218311,218320,9,71
218240,218311,218320,9,71
218240,218310,218320,10,70
218240,218309,218321,12,69
218240,218310,218320,10,70
218240,218311,218320,9,71
218240,218311,218320,9,71
218240,218311,218322,11,71
218240,218312,218322,10,72
218240,218313,218322,9,73
218240,218312,218323,11,72
218240,218312,218323,11,72
218240,218312,218323,11,72
218240,218313,218322,9,73
218240,218318,218327,9,78
218240,218318,218327,9,78
218240,218317,218328,11,77
218240,218319,218329,10,79
218240,218320,218330,10,80
218240,218321,218330,9,81
218240,218320,218329,9,80
218240,218320,218330,10,80
218240,218320,218329,9,80
218240,218321,218331,10,81
218240,218320,218331,11,80
218240,218321,218332,11,81
218240,218321,218331,10,81
218240,218322,218332,10,82
218240,218322,218332,10,82
218240,218323,218332,9,83
218240,218323,218332,9,83
218240,218322,218333,11,82
218240,218323,218333,10,83
218240,218323,218335,12,83
218240,218327,218336,9,87
218240,218327,218337,10,87
218240,218328,218338,10,88
218240,218330,218339,9,90
218240,218330,218340,10,90
218240,218330,218340,10,90
218240,218330,218340,10,90
218240,218330,218340,10,90
218240,218330,218340,10,90
218240,218331,218341,10,91
218240,218332,218342,10,92
218240,218332,218342,10,92
218240,218332,218342,10,92
218240,218333,218343,10,93
218240,218332,218343,11,92
218240,218332,218343,11,92
218240,218332,218344,12,92
218240,218333,218344,11,93
218240,218338,218346,8,98
218240,218337,218346,9,97
218240,218334,218347,13,94
218240,218335,218347,12,95
218240,218338,218348,10,98
218240,218340,218348,8,100
218355,218355,218364,9,0
218355,218355,218364,9,0
218355,218355,218365,10,0
218355,218355,218365,10,0
218355,218355,218364,9,0
218355,218355,218365,10,0
218355,218355,218365,10,0
218355,218355,218364,9,0
218355,218355,218365,10,0
218355,218355,218364,9,0
218355,218355,218365,10,0
218355,218355,218365,10,0
218355,218355,218366,11,0
218355,218355,218366,11,0
218355,218355,218365,10,0
218355,218355,218366,11,0
218355,218355,218365,10,0
218355,218355,218365,10,0
218355,218355,218366,11,0
218355,218355,218367,12,0
218355,218364,218375,11,9
218355,218365,218375,10,10
218355,218365,218375,10,10
218355,218365,218375,10,10
218355,218365,218374,9,10
218355,218365,218375,10,10
218355,218364,218375,11,9
218355,218365,218375,10,10
218355,218365,218375,10,10
218355,218365,218376,11,10
218355,218366,218376,10,11
218355,218366,218376,10,11
218355,218366,218376,10,11
218355,218365,218375,10,10
218355,218365,218376,11,10
218355,218366,218376,10,11
218355,218366,218377,11,11
218355,218366,218378,12,11
218355,218367,218379,12,12
218355,218367,218378,11,12
218355,218375,218384,9,20
218355,218375,218384,9,20
218355,218375,218384,9,20
218355,218375,218385,10,20
218355,218375,218385,10,20
218355,218375,218386,11,20
218355,218376,218386,10,21
218355,218375,218386,11,20
218355,218375,218386,11,20
218355,218375,218386,11,20
218355,218376,218386,10,21
218355,218376,218386,10,21
218355,218376,218387,11,21
218355,218377,218387,10,22
218355,218376,218387,11,21
218355,218376,218387,11,21
218355,218377,218388,11,22
218355,218378,218389,11,23
218355,218379,218390,11,24
218355,218379,218390,11,24
218355,218385,218394,9,30
218355,218384,218394,10,29
218355,218384,218394,10,29
218355,218386,218395,9,31
218355,218384,218395,11,29
218355,218387,218395,8,32
218355,218387,218396,9,32
218355,218386,218396,10,31
218355,218387,218396,9,32
218355,218387,218396,9,32
218355,218387,218396,9,32
218355,218388,218396,8,33
218355,218386,218397,11,31
218355,218388,218397,9,33
218355,218388,218397,9,33
218355,218388,218398,10,33
218355,218388,218400,12,33
218355,218389,218400,11,34
218355,218390,218401,11,35
218355,218391,218402,11,36
218355,218395,218404,9,40
218355,218395,218405,10,40
218355,218396,218406,10,41
218355,218395,218405,10,40
218355,218396,218406,10,41
218355,218396,218405,9,41
218355,218397,218406,9,42
218355,218397,218406,9,42
218355,218397,218406,9,42
218355,218397,218406,9,42
218355,218397,218407,10,42
218355,218398,218407,9,43
218355,218398,218407,9,43
218355,218397,218407,10,42
218355,218398,218408,10,43
218355,218399,218409,10,44
218355,218402,218411,9,47
218355,218401,218412,11,46
218355,218401,218412,11,46
218355,218403,218413,10,48
218521,218522,218527,5,1
218521,218522,218527,5,1
218521,218521,218528,7,0
218521,218522,218528,6,1
218521,218521,218528,7,0
218521,218522,218528,6,1
218521,218521,218528,7,0
218521,218522,218528,6,1
218521,218521,218528,7,0
218521,218521,218529,8,0
218521,218522,218529,7,1
218521,218522,218529,7,1
218521,218522,218529,7,1
218521,218522,218529,7,1
218521,218522,218529,7,1
218521,218522,218529,7,1
218521,218522,218529,7,1
218521,218522,218529,7,1
218521,218522,218530,8,1
218521,218522,218530,8,1
218521,218528,218534,6,7
218521,218528,218535,7,7
218521,218529,218535,6,8
218521,218529,218535,6,8
218521,218529,218535,6,8
218521,218529,218535,6,8
218521,218529,218535,6,8
218521,218529,218535,6,8
218521,218529,218535,6,8
218521,218530,218537,7,9
218521,218530,218536,6,9
218521,218530,218536,6,9
218521,218530,218537,7,9
218521,218530,218537,7,9
218521,218530,218537,7,9
218521,218530,218537,7,9
218521,218531,218537,6,10
218521,218530,218537,7,9
218521,218530,218538,8,9
218521,218531,218538,7,10
218521,218535,218541,6,14
218521,218536,218542,6,15
218521,218536,218543,7,15
218521,218536,218543,7,15
218521,218536,218542,6,15
218521,218536,218543,7,15
218521,218536,218542,6,15
218521,218536,218543,7,15
218521,218537,218543,6,16
218521,218538,218544,6,17
218521,218537,218543,6,16
218521,218536,218543,7,15
218521,218537,218544,7,16
218521,218537,218544,7,16
218521,218538,218544,6,17
218521,218538,218545,7,17
218521,218538,218545,7,17
218521,218538,218546,8,17
218521,218538,218546,8,17
218521,218539,218546,7,18
218521,218542,218548,6,21
218521,218543,218550,7,22
218521,218543,218550,7,22
218521,218543,218549,6,22
218521,218543,218550,7,22
218521,218543,218550,7,22
218521,218543,218550,7,22
218521,218544,218551,7,23
218521,218544,218550,6,23
218521,218544,218551,7,23
218521,218544,218551,7,23
218521,218544,218552,8,23
218521,218544,218551,7,23
218521,218545,218552,7,24
218521,218545,218552,7,24
218521,218546,218553,7,25
218521,218546,218554,8,25
218521,218546,218553,7,25
218521,218547,218555,8,26
218521,218547,218556,9,26
218521,218549,218556,7,28
218521,218550,218556,6,29
218521,218550,218556,6,29
218521,218550,218557,7,29
218521,218550,218557,7,29
218521,218550,218557,7,29
218521,218551,218557,6,30
218521,218551,218558,7,30
218521,218550,218557,7,29
218521,218551,218558,7,30
218521,218552,218558,6,31
218521,218552,218559,7,31
218521,218551,218559,8,30
218521,218552,218559,7,31
218521,218552,218559,7,31
218521,218554,218561,7,33
218521,218554,218561,7,33
218521,218554,218562,8,33
218521,218556,218563,7,35
218521,218556,218563,7,35
218521,218556,218563,7,35
218521,218556,218564,8,35
218521,218557,218564,7,36
218521,218557,218564,7,36
218521,218557,218564,7,36
218521,218557,218564,7,36
218521,218558,218565,7,37
218521,218558,218565,7,37
218521,218557,218565,8,36
218521,218558,218565,7,37
218521,218559,218566,7,38
218521,218559,218566,7,38
218521,218559,218567,8,38
218521,218560,218567,7,39
218521,218560,218567,7,39
218521,218561,218568,7,40
218521,218562,218569,7,41
218521,218563,218569,6,42
218521,218564,218570,6,43
218521,218563,218570,7,42
218521,218564,218571,7,43
218521,218563,218570,7,42
218521,218564,218571,7,43
218521,218564,218571,7,43
218521,218564,218571,7,43
218521,218564,218571,7,43
218521,218565,218572,7,44
218521,218565,218572,7,44
218521,218565,218572,7,44
218521,218566,218573,7,45
218521,218565,218573,8,44
218521,218567,218573,6,46
218521,218566,218574,8,45
218521,218567,218574,7,46
218521,218568,218575,7,47
218521,218569,218576,7,48
218521,218570,218576,6,49
218521,218570,218577,7,49
218521,218570,218578,8,49
218521,218571,218578,7,50
218521,218571,218578,7,50
218521,218571,218578,7,50
218521,218571,218578,7,50
218521,218570,218579,9,49
218521,218571,218579,8,50
218521,218572,218579,7,51
218521,218572,218579,7,51
218521,218572,218579,7,51
218521,218573,218580,7,52
218521,218572,218580,8,51
218521,218574,218581,7,53
218521,218575,218581,6,54
218521,218575,218581,6,54
218521,218575,218582,7,54
218521,218575,218582,7,54
218521,218578,218583,5,57
218521,218577,218584,7,56
218521,218578,218584,6,57
218521,218579,218584,5,58
218521,218579,218585,6,58
218521,218579,218585,6,58
218521,218579,218586,7,58
218521,218579,218586,7,58
218521,218580,218586,6,59
218521,218578,218586,8,57
218521,218579,218587,8,58
218521,218579,218586,7,58
218521,218580,218587,7,59
218521,218582,218588,6,61
218521,218581,218588,7,60
218521,218583,218588,5,62
218521,218581,218588,7,60
218521,218582,218588,6,61
218521,218583,218589,6,62
218521,218582,218591,9,61
218521,218584,218591,7,63
218521,218585,218592,7,64
218521,218585,218591,6,64
218521,218585,218591,6,64
218521,218586,218592,6,65
218521,218586,218592,6,65
218521,218586,218593,7,65
218521,218586,218593,7,65
218521,218587,218593,6,66
218521,218587,218594,7,66
218521,218588,218594,6,67
218521,218589,218594,5,68
218521,218588,218595,7,67
218521,218587,218595,8,66
218521,218587,218595,8,66
218521,218589,218595,6,68
218521,218589,218595,6,68
218521,218589,218596,7,68
218521,218590,218596,6,69
218521,218591,218597,6,70
218521,218591,218597,6,70
218521,218592,218598,6,71
218521,218592,218598,6,71
218521,218592,218598,6,71
218521,218593,218599,6,72
218607,218607,218613,6,0
218607,218607,218613,6,0
218607,218607,218613,6,0
218607,218607,218613,6,0
218607,218607,218613,6,0
218607,218607,218613,6,0
218607,218607,218614,7,0
218607,218607,218613,6,0
218607,218607,218613,6,0
218607,218607,218613,6,0
218607,218607,218613,6,0
218607,218607,218613,6,0
218607,218607,218613,6,0
218607,218607,218614,7,0
218607,218607,218614,7,0
218607,218607,218614,7,0
218607,218607,218614,7,0
218607,218607,218614,7,0
218607,218607,218614,7,0
218607,218607,218614,7,0
218607,218613,218618,5,6
218607,218613,218619,6,6
218607,218613,218619,6,6
218607,218614,218619,5,7
218607,218613,218619,6,6
218607,218614,218620,6,7
218607,218614,218621,7,7
218607,218614,218620,6,7
218607,218614,218621,7,7
218607,218615,218621,6,8
218607,218614,218620,6,7
218607,218614,218621,7,7
218607,218615,218621,6,8
218607,218614,218621,7,7
218607,218614,218621,7,7
218607,218615,218621,6,8
218607,218615,218622,7,8
218607,218615,218621,6,8
218607,218615,218621,6,8
218607,218615,218623,8,8
218607,218619,218624,5,12
218607,218619,218626,7,12
218607,218620,218627,7,13
218607,218620,218626,6,13
218607,218621,218626,5,14
218607,218620,218626,6,13
218607,218620,218626,6,13
218607,218621,218627,6,14
218607,218621,218627,6,14
218607,218621,218628,7,14
218607,218621,218627,6,14
218607,218622,218627,5,15
218607,218621,218628,7,14
218607,218621,218627,6,14
218607,218622,218628,6,15
218607,218622,218629,7,15
218607,218622,218628,6,15
218607,218622,218629,7,15
218607,218622,218630,8,15
218607,218623,218631,8,16
218607,218625,218632,7,18
218607,218626,218632,6,19
218607,218627,218633,6,20
218607,218627,218633,6,20
218607,218627,218633,6,20
218607,218628,218634,6,21
218607,218627,218634,7,20
218607,218627,218633,6,20
218607,218627,218634,7,20
218607,218628,218634,6,21
218607,218628,218635,7,21
218607,218628,218635,7,21
218607,218628,218634,6,21
218607,218628,218635,7,21
218607,218629,218635,6,22
218607,218628,218635,7,21
218607,218629,218636,7,22
218607,218629,218635,6,22
218607,218631,218638,7,24
218607,218631,218637,6,24
218607,218632,218638,6,25
218607,218632,218639,7,25
218607,218634,218640,6,27
218607,218634,218640,6,27
218607,218633,218639,6,26
218607,218634,218640,6,27
218607,218633,218639,6,26
218607,218634,218640,6,27
218607,218634,218641,7,27
218607,218635,218641,6,28
218607,218635,218641,6,28
218607,218635,218641,6,28
218607,218635,218641,6,28
218607,218635,218642,7,28
218607,218635,218641,6,28
218607,218635,218642,7,28
218607,218636,218643,7,29
218607,218636,218643,7,29
218607,218638,218645,7,31
218607,218638,218645,7,31
218607,218639,218645,6,32
218607,218640,218646,6,33
218607,218639,218645,6,32
218607,218640,218646,6,33
218607,218640,218647,7,33
218607,218641,218647,6,34
218607,218640,218647,7,33
218607,218640,218647,7,33
218607,218641,218647,6,34
218607,218640,218647,7,33
218607,218642,218648,6,35
218607,218642,218648,6,35
218607,218641,218647,6,34
218607,218641,218648,7,34
218607,218642,218648,6,35
218607,218642,218649,7,35
218607,218643,218650,7,36
218607,218644,218651,7,37
218607,218645,218652,7,38
218607,218646,218652,6,39
218607,218645,218652,7,38
218607,218645,218652,7,38
218607,218647,218653,6,40
218607,218647,218653,6,40
218607,218646,218653,7,39
218607,218647,218653,6,40
218607,218647,218653,6,40
218607,218647,218654,7,40
218607,218647,218653,6,40
218607,218648,218654,6,41
218607,218647,218654,7,40
218607,218648,218654,6,41
218607,218649,218654,5,42
218607,218649,218654,5,42
218607,218648,218655,7,41
218607,218650,218656,6,43
218607,218652,218657,5,45
218607,218651,218658,7,44
218607,218651,218658,7,44
218607,218654,218659,5,47
218607,218654,218658,4,47
218607,218653,218658,5,46
218607,218653,218659,6,46
218607,218654,218659,5,47
218607,218655,218659,4,48
218607,218655,218660,5,48
218607,218654,218659,5,47
218607,218654,218659,5,47
218607,218655,218659,4,48
218607,218654,218659,5,47
218607,218652,218660,8,45
218607,218655,218660,5,48
218607,218654,218660,6,47
218607,218655,218660,5,48
218607,218656,218661,5,49
218607,218656,218661,5,49
218607,218658,218663,5,51
218607,218659,218664,5,52
218607,218659,218664,5,52
218607,218659,218664,5,52
218607,218658,218665,7,51
218607,218658,218665,7,51
218607,218659,218665,6,52
218607,218661,218666,5,54
218607,218660,218666,6,53
218607,218660,218665,5,53
218607,218660,218665,5,53
218607,218660,218665,5,53
218607,218660,218665,5,53
218607,218660,218665,5,53
218607,218662,218666,4,55
218607,218660,218666,6,53
218607,218661,218666,5,54
218607,218661,218666,5,54
218607,218662,218667,5,55
218607,218660,218667,7,53
218607,218664,218668,4,57
218607,218664,218668,4,57
218607,218665,218670,5,58
218607,218666,218670,4,59
218607,218666,218670,4,59
218607,218666,218671,5,59
218607,218665,218671,6,58
218607,218666,218671,5,59
218607,218666,218671,5,59
218607,218666,218671,5,59
218607,218666,218672,6,59
218607,218666,218671,5,59
218607,218666,218672,6,59
218607,218666,218672,6,59
218607,218667,218673,6,60
218607,218667,218672,5,60
218607,218667,218672,5,60
218607,218667,218673,6,60
218607,218667,218673,6,60
218607,218668,218673,5,61
218607,218669,218674,5,62
218607,218669,218674,5,62
218607,218670,218674,4,63
218607,218671,218676,5,64
218683,218684,218689,5,1
218683,218684,218688,4,1
218683,218684,218688,4,1
218683,218684,218688,4,1
218683,218684,218688,4,1
218683,218684,218688,4,1
218683,218684,218689,5,1
218683,218684,218689,5,1
218683,218684,218690,6,1
218683,218684,218689,5,1
218683,218684,218689,5,1
218683,218684,218689,5,1
218683,218684,218689,5,1
218683,218684,218689,5,1
218683,218684,218690,6,1
218683,218684,218689,5,1
218683,218684,218689,5,1
218683,218684,218690,6,1
218683,218684,218690,6,1
218683,218684,218690,6,1
218683,218689,218694,5,6
218683,218689,218694,5,6
218683,218689,218693,4,6
218683,218689,218694,5,6
218683,218690,218695,5,7
218683,218689,218694,5,6
218683,218689,218694,5,6
218683,218690,218694,4,7
218683,218690,218694,4,7
218683,218690,218695,5,7
218683,218690,218695,5,7
218683,218690,218696,6,7
218683,218690,218695,5,7
218683,218690,218695,5,7
218683,218690,218696,6,7
218683,218690,218696,6,7
218683,218691,218696,5,8
218683,218691,218696,5,8
218683,218691,218696,5,8
218683,218690,218696,6,7
218683,218694,218699,5,11
218683,218694,218699,5,11
218683,218694,218699,5,11
218683,218695,218699,4,12
218683,218695,218700,5,12
218683,218695,218701,6,12
218683,218696,218700,4,13
218683,218695,218700,5,12
218683,218696,218701,5,13
218683,218695,218700,5,12
218683,218695,218700,5,12
218683,218697,218701,4,14
218683,218697,218701,4,14
218683,218696,218701,5,13
218683,218696,218701,5,13
218683,218696,218701,5,13
218683,218697,218702,5,14
218683,218697,218702,5,14
218683,218697,218703,6,14
218683,218697,218703,6,14
218683,218699,218704,5,16
218683,218699,218703,4,16
218683,218701,218706,5,18
218683,218701,218705,4,18
218683,218700,218705,5,17
218683,218700,218705,5,17
218683,218701,218706,5,18
218683,218701,218706,5,18
218683,218701,218706,5,18
218683,218701,218706,5,18
218683,218702,218707,5,19
218683,218702,218707,5,19
218683,218701,218707,6,18
218683,218702,218706,4,19
218683,218702,218707,5,19
218683,218703,218708,5,20
218683,218702,218707,5,19
218683,218703,218709,6,20
218683,218703,218709,6,20
218683,218704,218709,5,21
218683,218703,218710,7,20
218683,218704,218709,5,21
218683,218706,218710,4,23
218683,218706,218710,4,23
218683,218706,218711,5,23
218683,218706,218711,5,23
218683,218706,218711,5,23
218683,218706,218711,5,23
218683,218707,218712,5,24
218683,218706,218711,5,23
218683,218707,218712,5,24
218683,218707,218712,5,24
218683,218707,218713,6,24
218683,218708,218713,5,25
218683,218707,218713,6,24
218683,218708,218713,5,25
218683,218708,218713,5,25
218683,218709,218714,5,26
218683,218709,218715,6,26
218683,218709,218714,5,26
218683,218710,218715,5,27
218683,218710,218716,6,27
218683,218711,218716,5,28
218683,218711,218716,5,28
218683,218711,218716,5,28
218683,218711,218716,5,28
218683,218711,218716,5,28
218683,218712,218717,5,29
218683,218711,218717,6,28
218683,218712,218717,5,29
218683,218712,218717,5,29
218683,218713,218718,5,30
218683,218713,218718,5,30
218683,218714,218719,5,31
218683,218713,218719,6,30
218683,218714,218719,5,31
218683,218714,218719,5,31
218683,218715,218720,5,32
218683,218715,218720,5,32
218683,218716,218720,4,33
218683,218714,218719,5,31
218683,218715,218721,6,32
218683,218716,218720,4,33
218683,218716,218721,5,33
218683,218716,218721,5,33
218683,218716,218721,5,33
218683,218716,218721,5,33
218683,218718,218722,4,35
218683,218717,218722,5,34
218683,218717,218722,5,34
218683,218717,218722,5,34
218683,218718,218723,5,35
218683,218718,218723,5,35
218683,218720,218724,4,37
218683,218719,218724,5,36
218683,218719,218724,5,36
218683,218720,218725,5,37
218683,218720,218725,5,37
218683,218720,218725,5,37
218683,218720,218725,5,37
218683,218720,218726,6,37
218683,218721,218726,5,38
218683,218721,218726,5,38
218683,218721,218726,5,38
218683,218721,218726,5,38
218683,218722,218726,4,39
218683,218723,218726,3,40
218683,218721,218727,6,38
218683,218722,218727,5,39
218683,218723,218727,4,40
218683,218724,218727,3,41
218683,218723,218727,4,40
218683,218723,218728,5,40
218683,218725,218729,4,42
218683,218725,218729,4,42
218683,218725,218729,4,42
218683,218725,218729,4,42
218683,218726,218730,4,43
218683,218726,218730,4,43
218683,218727,218731,4,44
218683,218727,218731,4,44
218683,218727,218731,4,44
218683,218726,218732,6,43
218683,218726,218731,5,43
218683,218726,218732,6,43
218683,218727,218732,5,44
218683,218727,218732,5,44
218683,218728,218732,4,45
218683,218728,218733,5,45
218683,218728,218732,4,45
218683,218728,218732,4,45
218683,218727,218732,5,44
218683,218729,218733,4,46
218683,218730,218734,4,47
218683,218730,218735,5,47
218683,218730,218734,4,47
218683,218730,218735,5,47
218683,218731,218735,4,48
218683,218731,218735,4,48
218683,218732,218736,4,49
218683,218732,218736,4,49
218683,218732,218736,4,49
218683,218733,218737,4,50
218683,218732,218737,5,49
218683,218733,218737,4,50
218683,218733,218737,4,50
218683,218734,218737,3,51
218683,218733,218737,4,50
218683,218733,218737,4,50
218683,218733,218737,4,50
218683,218732,218738,6,49
218683,218732,218738,6,49
218683,218732,218738,6,49
218683,218734,218738,4,51
218683,218735,218739,4,52
218683,218736,218739,3,53
218683,218735,218739,4,52
218683,218736,218740,4,53
218683,218736,218740,4,53
218683,218737,218741,4,54
218748,218748,218752,4,0
218748,218748,218752,4,0
218748,218748,218752,4,0
218748,218748,218753,5,0
218748,218748,218753,5,0
218748,218748,218753,5,0
218748,218748,218752,4,0
218748,218748,218752,4,0
218748,218748,218752,4,0
218748,218748,218753,5,0
218748,218748,218752,4,0
218748,218748,218753,5,0
218748,218748,218753,5,0
218748,218748,218753,5,0
218748,218748,218753,5,0
218748,218748,218753,5,0
218748,218748,218753,5,0
218748,218748,218753,5,0
218748,218748,218753,5,0
218748,218748,218753,5,0
218748,218752,218756,4,4
218748,218752,218756,4,4
218748,218752,218757,5,4
218748,218753,218757,4,5
218748,218753,218758,5,5
218748,218753,218758,5,5
218748,218753,218758,5,5
218748,218753,218758,5,5
218748,218753,218758,5,5
218748,218753,218758,5,5
218748,218753,218758,5,5
218748,218753,218758,5,5
218748,218753,218758,5,5
218748,218753,218758,5,5
218748,218753,218758,5,5
218748,218753,218758,5,5
218748,218754,218758,4,6
218748,218753,218758,5,5
218748,218754,218759,5,6
218748,218754,218759,5,6
218748,218756,218760,4,8
218748,218757,218761,4,9
218748,218759,218762,3,11
218748,218759,218762,3,11
218748,218757,218762,5,9
218748,218757,218762,5,9
218748,218759,218762,3,11
218748,218758,218763,5,10
218748,218758,218763,5,10
218748,218758,218763,5,10
218748,218759,218763,4,11
218748,218758,218763,5,10
218748,218759,218763,4,11
218748,218759,218763,4,11
218748,218759,218763,4,11
218748,218759,218763,4,11
218748,218759,218763,4,11
218748,218759,218764,5,11
218748,218759,218764,5,11
218748,218761,218764,3,13
218748,218760,218765,5,12
218748,218762,218766,4,14
218748,218763,218767,4,15
218829,218829,218843,14,0
218829,218829,218844,15,0
218829,218829,218844,15,0
218829,218829,218844,15,0
218829,218829,218844,15,0
218829,218829,218845,16,0
218829,218829,218845,16,0
218829,218829,218845,16,0
218829,218829,218845,16,0
218829,218829,218845,16,0
218829,218829,218845,16,0
218829,218829,218846,17,0
218829,218829,218846,17,0
218829,218829,218846,17,0
218829,218829,218846,17,0
218829,218829,218848,19,0
218829,218829,218848,19,0
218829,218829,218847,18,0
218829,218829,218851,22,0
218829,218829,218851,22,0
218829,218844,218859,15,15
218829,218846,218860,14,17
218829,218845,218861,16,16
218829,218845,218861,16,16
218829,218845,218861,16,16
218829,218846,218862,16,17
218829,218845,218862,17,16
218829,218848,218863,15,19
218829,218846,218863,17,17
218829,218846,218862,16,17
218829,218847,218863,16,18
218829,218848,218865,17,19
218829,218846,218865,19,17
218829,218847,218865,18,18
218829,218846,218865,19,17
218829,218846,218864,18,17
218829,218847,218865,18,18
218829,218852,218870,18,23
218829,218848,218869,21,19
218829,218852,218872,20,23
218829,218859,218874,15,30
218829,218860,218875,15,31
218829,218862,218877,15,33
218829,218861,218877,16,32
218829,218861,218877,16,32
218829,218862,218878,16,33
218829,218861,218878,17,32
218829,218863,218878,15,34
218829,218864,218879,15,35
218829,218865,218882,17,36
218829,218863,218882,19,34
218829,218865,218882,17,36
218829,218863,218882,19,34
218829,218865,218885,20,36
218829,218865,218887,22,36
218829,218866,218886,20,37
218829,218865,218889,24,36
218829,218872,218895,23,43
218829,218870,218894,24,41
218829,218874,218895,21,45
218829,218870,218896,26,41
218829,218877,218897,20,48
218829,218876,218897,21,47
218829,218877,218898,21,48
218829,218878,218900,22,49
218829,218877,218899,22,48
218829,218879,218899,20,50
218829,218879,218901,22,50
218829,218887,218902,15,58
218829,218882,218902,20,53
218829,218879,218904,25,50
218829,218887,218904,17,58
218829,218889,218904,15,60
218829,218882,218903,21,53
218829,218882,218904,22,53
218829,218882,218906,24,53
218829,218885,218908,23,56
218829,218895,218910,15,66
218829,218895,218913,18,66
218829,218897,218914,17,68
218829,218900,218914,14,71
218829,218896,218915,19,67
218829,218897,218915,18,68
218829,218900,218917,17,71
218829,218898,218917,19,69
218829,218895,218917,22,66
218829,218903,218918,15,74
218829,218902,218919,17,73
218829,218902,218919,17,73
218829,218900,218920,20,71
218829,218904,218920,16,75
218829,218905,218921,16,76
218829,218905,218921,16,76
218829,218905,218922,17,76
218829,218905,218923,18,76
218829,218906,218924,18,77
218829,218909,218924,15,80
218829,218911,218929,18,82
218829,218915,218930,15,86
218829,218914,218931,17,85
218829,218915,218930,15,86
218829,218917,218932,15,88
218829,218916,218933,17,87
218829,218915,218933,18,86
218829,218919,218934,15,90
218829,218918,218935,17,89
218829,218917,218936,19,88
218829,218921,218936,15,92
218829,218922,218937,15,93
218829,218921,218937,16,92
218829,218920,218938,18,91
218829,218921,218939,18,92
218829,218920,218939,19,91
218829,218925,218939,14,96
218829,218925,218941,16,96
218829,218924,218941,17,95
218829,218923,218940,17,94
218829,218932,218946,14,103
218829,218931,218946,15,102
218829,218930,218947,17,101
218829,218931,218946,15,102
218829,218931,218947,16,102
218829,218933,218950,17,104
218829,218935,218952,17,106
218829,218936,218952,16,107
218829,218934,218953,19,105
218829,218936,218953,17,107
218829,218938,218953,15,109
218829,218941,218953,12,112
218829,218939,218954,15,110
218829,218938,218956,18,109
218829,218937,218955,18,108
218829,218940,218957,17,111
218829,218941,218956,15,112
218829,218940,218958,18,111
218829,218940,218957,17,111
218829,218941,218958,17,112
218829,218948,218963,15,119
218829,218947,218963,16,118
218829,218946,218963,17,117
218829,218947,218962,15,118
218829,218946,218963,17,117
218829,218951,218968,17,122
218829,218952,218967,15,123
218829,218956,218970,14,127
218829,218956,218970,14,127
218829,218953,218969,16,124
218829,218954,218970,16,125
218829,218954,218970,16,125
218829,218954,218970,16,125
218829,218955,218971,16,126
218829,218954,218972,18,125
218829,218957,218973,16,128
218829,218958,218973,15,129
218829,218957,218974,17,128
218829,218959,218975,16,130
218829,218958,218977,19,129
218829,218963,218977,14,134
218829,218964,218979,15,135
218829,218963,218980,17,134
218829,218963,218979,16,134
218829,218963,218982,19,134
218829,218968,218983,15,139
218829,218968,218983,15,139
218829,218970,218985,15,141
218829,218970,218987,17,141
218829,218971,218987,16,142
218829,218970,218987,17,141
218829,218973,218989,16,144
218829,218971,218989,18,142
218829,218971,218989,18,142
218829,218973,218990,17,144
218829,218970,218990,20,141
218829,218974,218990,16,145
218829,218975,218991,16,146
218829,218976,218992,16,147
218829,218977,218994,17,148
218829,218979,218995,16,150
218829,218980,218996,16,151
218829,218977,218996,19,148
218829,218980,218997,17,151
218829,218982,218997,15,153
218829,218983,219000,17,154
218829,218987,219001,14,158
218829,218984,219002,18,155
218829,218987,219002,15,158
218829,218985,219003,18,156
218829,218990,219005,15,161
218829,218990,219006,16,161
218829,218991,219006,15,162
218829,218990,219007,17,161
218829,218988,219007,19,159
218829,218989,219008,19,160
218829,218991,219008,17,162
218829,218990,219009,19,161
218829,218992,219010,18,163
218829,218995,219012,17,166
218829,218995,219013,18,166
218829,218996,219013,17,167
218829,218997,219013,16,168
219024,219024,219038,14,0
219024,219024,219039,15,0
219024,219024,219038,14,0
219024,219024,219040,16,0
219024,219024,219039,15,0
219024,219024,219039,15,0
219024,219024,219039,15,0
219024,219024,219040,16,0
219024,219024,219039,15,0
219024,219024,219040,16,0
219024,219024,219040,16,0
219024,219024,219040,16,0
219024,219024,219041,17,0
219024,219024,219041,17,0
219024,219024,219041,17,0
219024,219024,219042,18,0
219024,219024,219042,18,0
219024,219024,219042,18,0
219024,219024,219044,20,0
219024,219024,219046,22,0
219024,219039,219054,15,15
219024,219039,219054,15,15
219024,219040,219054,14,16
219024,219041,219056,15,17
219024,219042,219056,14,18
219024,219039,219056,17,15
219024,219041,219056,15,17
219024,219040,219057,17,16
219024,219040,219056,16,16
219024,219041,219057,16,17
219024,219042,219058,16,18
219024,219040,219058,18,16
219024,219040,219058,18,16
219024,219042,219059,17,18
219024,219040,219059,19,16
219024,219042,219060,18,18
219024,219042,219060,18,18
219024,219043,219060,17,19
219024,219046,219063,17,22
219024,219045,219065,20,21
219024,219054,219068,14,30
219024,219054,219069,15,30
219024,219056,219070,14,32
219024,219056,219070,14,32
219024,219055,219071,16,31
219024,219056,219073,17,32
219024,219058,219073,15,34
219024,219058,219073,15,34
219024,219056,219074,18,32
219024,219057,219074,17,33
219024,219057,219074,17,33
219024,219060,219074,14,36
219024,219058,219074,16,34
219024,219057,219074,17,33
219024,219059,219075,16,35
219024,219059,219077,18,35
219024,219061,219078,17,37
219024,219061,219080,19,37
219024,219065,219083,18,41
219024,219068,219083,15,44
219024,219063,219084,21,39
219024,219069,219086,17,45
219024,219070,219086,16,46
219024,219070,219086,16,46
219024,219074,219087,13,50
219024,219071,219087,16,47
219024,219073,219088,15,49
219024,219073,219088,15,49
219024,219074,219089,15,50
219024,219074,219089,15,50
219024,219073,219089,16,49
219024,219074,219090,16,50
219024,219074,219090,16,50
219024,219075,219091,16,51
219024,219075,219091,16,51
219024,219077,219093,16,53
219024,219078,219095,17,54
219024,219084,219099,15,60
219024,219087,219101,14,63
219024,219081,219101,20,57
219024,219084,219102,18,60
219024,219087,219102,15,63
219024,219088,219102,14,64
219024,219083,219103,20,59
219024,219088,219103,15,64
219024,219090,219103,13,66
219024,219087,219103,16,63
219024,219089,219104,15,65
219024,219090,219105,15,66
219024,219090,219106,16,66
219024,219091,219106,15,67
219024,219092,219107,15,68
219024,219091,219107,16,67
219024,219092,219108,16,68
219024,219089,219108,19,65
219024,219094,219111,17,70
219024,219096,219114,18,72
219024,219099,219116,17,75
219024,219103,219117,14,79
219024,219102,219117,15,78
219024,219102,219119,17,78
219024,219104,219119,15,80
219024,219104,219119,15,80
219024,219103,219119,16,79
219024,219103,219120,17,79
219024,219104,219120,16,80
219024,219104,219123,19,80
219024,219106,219122,16,82
219024,219107,219122,15,83
219024,219108,219122,14,84
219024,219105,219123,18,81
219024,219107,219123,16,83
219024,219108,219124,16,84
219024,219109,219125,16,85
219024,219109,219126,17,85
219024,219111,219127,16,87
219024,219115,219131,16,91
219024,219116,219132,16,92
219024,219117,219133,16,93
219024,219119,219133,14,95
219024,219117,219134,17,93
219024,219121,219135,14,97
219024,219119,219134,15,95
219024,219119,219135,16,95
219024,219123,219138,15,99
219024,219120,219138,18,96
219024,219121,219138,17,97
219024,219123,219138,15,99
219024,219124,219139,15,100
219024,219123,219140,17,99
219024,219124,219139,15,100
219024,219124,219139,15,100
219024,219123,219141,18,99
219024,219126,219142,16,102
219024,219126,219142,16,102
219024,219128,219145,17,104
219024,219132,219147,15,108
219024,219134,219149,15,110
219024,219134,219149,15,110
219024,219135,219149,14,111
219024,219133,219150,17,109
219024,219135,219151,16,111
219024,219134,219151,17,110
219024,219136,219152,16,112
219024,219138,219151,13,114
219024,219138,219154,16,114
219024,219140,219155,15,116
219024,219140,219155,15,116
219024,219140,219156,16,116
219024,219139,219155,16,115
219024,219142,219156,14,118
219024,219139,219157,18,115
219024,219142,219157,15,118
219024,219141,219157,16,117
219024,219139,219160,21,115
219024,219145,219160,15,121
219024,219149,219165,16,125
219024,219148,219165,17,124
219024,219149,219166,17,125
219024,219150,219165,15,126
219024,219149,219167,18,125
219024,219151,219167,16,127
219024,219152,219168,16,128
219024,219152,219168,16,128
219024,219156,219169,13,132
219024,219154,219169,15,130
219024,219152,219168,16,128
219024,219155,219170,15,131
219024,219156,219172,16,132
219024,219157,219172,15,133
219024,219156,219173,17,132
219024,219157,219174,17,133
219024,219158,219174,16,134
219024,219155,219174,19,131
219024,219160,219177,17,136
219024,219161,219178,17,137
219024,219165,219180,15,141
219024,219166,219182,16,142
219024,219167,219182,15,143
219024,219167,219184,17,143
219024,219169,219183,14,145
219024,219166,219183,17,142
219024,219170,219184,14,146
219024,219170,219184,14,146
219024,219166,219185,19,142
219024,219170,219186,16,146
219024,219168,219185,17,144
219024,219170,219187,17,146
219024,219172,219188,16,148
219024,219173,219188,15,149
219024,219174,219190,16,150
219024,219174,219190,16,150
219024,219175,219190,15,151
219024,219174,219192,18,150
219024,219177,219195,18,153
219024,219179,219195,16,155
219024,219181,219196,15,157
219024,219184,219198,14,160
219024,219183,219198,15,159
219024,219183,219199,16,159
219211,219212,219224,12,1
219211,219212,219225,13,1
219211,219212,219226,14,1
219211,219212,219226,14,1
219211,219212,219228,16,1
219211,219212,219227,15,1
219211,219212,219227,15,1
219211,219212,219228,16,1
219211,219212,219227,15,1
219211,219212,219227,15,1
219211,219212,219228,16,1
219211,219212,219228,16,1
219211,219212,219228,16,1
219211,219212,219228,16,1
219211,219212,219228,16,1
219211,219212,219228,16,1
219211,219212,219229,17,1
219211,219212,219230,18,1
219211,219212,219231,19,1
219211,219212,219233,21,1
219211,219225,219239,14,14
219211,219228,219241,13,17
219211,219227,219241,14,16
219211,219226,219241,15,15
219211,219228,219242,14,17
219211,219228,219243,15,17
219211,219227,219242,15,16
219211,219228,219243,15,17
219211,219229,219243,14,18
219211,219229,219245,16,18
219211,219229,219244,15,18
219211,219228,219244,16,17
219211,219229,219244,15,18
219211,219229,219245,16,18
219211,219229,219245,16,18
219211,219228,219246,18,17
219211,219230,219248,18,19
219211,219230,219248,18,19
219211,219233,219251,18,22
219211,219232,219251,19,21
219211,219240,219254,14,29
219211,219241,219255,14,30
219211,219243,219256,13,32
219211,219243,219257,14,32
219211,219242,219257,15,31
219211,219242,219257,15,31
219211,219242,219257,15,31
219211,219245,219260,15,34
219211,219245,219260,15,34
219211,219244,219261,17,33
219211,219247,219260,13,36
219211,219243,219261,18,32
219211,219245,219261,16,34
219211,219245,219261,16,34
219211,219246,219263,17,35
219211,219245,219262,17,34
219211,219249,219264,15,38
219211,219249,219267,18,38
219211,219252,219268,16,41
219211,219254,219269,15,43
219211,219251,219270,19,40
219211,219255,219270,15,44
219211,219258,219270,12,47
219211,219256,219273,17,45
219211,219258,219273,15,47
219211,219257,219274,17,46
219211,219257,219273,16,46
219211,219261,219277,16,50
219211,219261,219276,15,50
219211,219261,219277,16,50
219211,219262,219278,16,51
219211,219263,219278,15,52
219211,219262,219278,16,51
219211,219262,219278,16,51
219211,219261,219279,18,50
219211,219263,219280,17,52
219211,219265,219281,16,54
219211,219269,219284,15,58
219211,219270,219285,15,59
219211,219268,219286,18,57
219211,219269,219286,17,58
219211,219270,219287,17,59
219211,219271,219287,16,60
219211,219273,219289,16,62
219211,219274,219289,15,63
219211,219273,219288,15,62
219211,219274,219289,15,63
219211,219278,219291,13,67
219211,219277,219293,16,66
219211,219278,219292,14,67
219211,219277,219294,17,66
219211,219281,219295,14,70
219211,219280,219294,14,69
219211,219279,219295,16,68
219211,219277,219296,19,66
219211,219279,219296,17,68
219211,219282,219299,17,71
219211,219285,219302,17,74
219211,219286,219303,17,75
219211,219289,219303,14,78
219211,219287,219303,16,76
219211,219289,219304,15,78
219211,219284,219304,20,73
219211,219289,219304,15,78
219211,219287,219305,18,76
219211,219287,219304,17,76
219211,219289,219306,17,78
219211,219296,219310,14,85
219211,219293,219311,18,82
219211,219294,219310,16,83
219211,219293,219310,17,82
219211,219295,219311,16,84
219211,219292,219311,19,81
219211,219295,219311,16,84
219211,219295,219312,17,84
219211,219296,219313,17,85
219211,219299,219316,17,88
219211,219303,219318,15,92
219211,219304,219318,14,93
219211,219303,219319,16,92
219211,219304,219319,15,93
219211,219304,219320,16,93
219211,219307,219320,13,96
219211,219304,219320,16,93
219211,219305,219320,15,94
219211,219305,219320,15,94
219211,219305,219323,18,94
219211,219311,219325,14,100
219211,219312,219326,14,101
219211,219311,219326,15,100
219211,219311,219326,15,100
219211,219312,219326,14,101
219211,219312,219327,15,101
219211,219311,219328,17,100
219211,219314,219328,14,103
219211,219312,219330,18,101
219211,219321,219333,12,110
219211,219316,219335,19,105
219211,219320,219334,14,109
219211,219321,219335,14,110
219211,219319,219334,15,108
219211,219320,219335,15,109
219211,219321,219336,15,110
219211,219321,219336,15,110
219211,219319,219336,17,108
219211,219322,219338,16,111
219211,219324,219340,16,113
219211,219327,219341,14,116
219211,219327,219342,15,116
219211,219327,219343,16,116
219211,219328,219343,15,117
219211,219327,219343,16,116
219211,219329,219343,14,118
219211,219326,219343,17,115
219211,219329,219345,16,118
219211,219331,219346,15,120
219211,219334,219349,15,123
219211,219335,219349,14,124
219211,219335,219348,13,124
219211,219335,219351,16,124
219211,219336,219351,15,125
219211,219337,219352,15,126
219211,219337,219353,16,126
219211,219337,219353,16,126
219211,219338,219353,15,127
219211,219335,219354,19,124
219211,219343,219357,14,132
219211,219344,219358,14,133
219211,219342,219358,16,131
219211,219341,219358,17,130
219211,219344,219359,15,133
219211,219344,219358,14,133
219211,219344,219359,15,133
219211,219342,219360,18,131
219211,219347,219362,15,136
219211,219346,219363,17,135
219211,219349,219364,15,138
219211,219349,219365,16,138
219211,219352,219366,14,141
219211,219351,219366,15,140
219211,219349,219366,17,138
219211,219352,219367,15,141
219211,219353,219369,16,142
219211,219353,219369,16,142
219211,219357,219371,14,146
219211,219355,219371,16,144
219211,219354,219373,19,143
219211,219358,219373,15,147
219211,219359,219374,15,148
219211,219359,219373,14,148
219211,219359,219375,16,148
219211,219358,219376,18,147
219211,219361,219377,16,150
219211,219360,219377,17,149
219211,219363,219377,14,152
219211,219365,219380,15,154
219211,219362,219381,19,151
219211,219366,219381,15,155
219211,219366,219381,15,155
219211,219366,219385,19,155
219396,219396,219410,14,0
219396,219396,219409,13,0
219396,219396,219410,14,0
219396,219396,219410,14,0
219396,219396,219410,14,0
219396,219396,219411,15,0
219396,219396,219411,15,0
219396,219396,219411,15,0
219396,219396,219411,15,0
219396,219396,219411,15,0
219396,219396,219411,15,0
219396,219396,219412,16,0
219396,219396,219411,15,0
219396,219396,219411,15,0
219396,219396,219412,16,0
219396,219396,219412,16,0
219396,219396,219413,17,0
219396,219396,219412,16,0
219396,219396,219414,18,0
219396,219396,219415,19,0
219396,219410,219424,14,14
219396,219410,219424,14,14
219396,219411,219425,14,15
219396,219411,219425,14,15
219396,219411,219426,15,15
219396,219410,219426,16,14
219396,219411,219426,15,15
219396,219410,219427,17,14
219396,219411,219427,16,15
219396,219411,219427,16,15
219396,219411,219426,15,15
219396,219412,219428,16,16
219396,219412,219428,16,16
219396,219412,219428,16,16
219396,219412,219429,17,16
219396,219413,219429,16,17
219396,219413,219430,17,17
219396,219413,219430,17,17
219396,219415,219431,16,19
219396,219414,219432,18,18
219396,219425,219439,14,29
219396,219425,219440,15,29
219396,219426,219440,14,30
219396,219426,219440,14,30
219396,219424,219441,17,28
219396,219425,219441,16,29
219396,219426,219442,16,30
219396,219427,219441,14,31
219396,219427,219442,15,31
219396,219428,219442,14,32
219396,219427,219443,16,31
219396,219428,219443,15,32
219396,219428,219444,16,32
219396,219430,219444,14,34
219396,219429,219445,16,33
219396,219429,219445,16,33
219396,219427,219445,18,31
219396,219432,219447,15,36
219396,219432,219449,17,36
219396,219431,219452,21,35
219396,219440,219454,14,44
219396,219441,219454,13,45
219396,219441,219455,14,45
219396,219442,219455,13,46
219396,219443,219456,13,47
219396,219441,219456,15,45
219396,219443,219457,14,47
219396,219444,219457,13,48
219396,219442,219457,15,46
219396,219444,219458,14,48
219396,219445,219459,14,49
219396,219446,219459,13,50
219396,219443,219459,16,47
219396,219443,219460,17,47
219396,219445,219460,15,49
219396,219445,219461,16,49
219396,219445,219462,17,49
219396,219448,219464,16,52
219396,219449,219466,17,53
219396,219452,219468,16,56
219396,219455,219470,15,59
219396,219457,219469,12,61
219396,219455,219470,15,59
219396,219456,219470,14,60
219396,219456,219471,15,60
219396,219457,219472,15,61
219396,219458,219473,15,62
219396,219460,219474,14,64
219396,219459,219474,15,63
219396,219460,219475,15,64
219396,219460,219475,15,64
219396,219458,219475,17,62
219396,219458,219474,16,62
219396,219461,219476,15,65
219396,219461,219476,15,65
219396,219462,219477,15,66
219396,219463,219477,14,67
219396,219464,219480,16,68
219396,219469,219485,16,73
219396,219470,219484,14,74
219396,219467,219485,18,71
219396,219471,219485,14,75
219396,219472,219486,14,76
219396,219470,219486,16,74
219396,219473,219486,13,77
219396,219471,219487,16,75
219396,219474,219488,14,78
219396,219475,219490,15,79
219396,219475,219490,15,79
219396,219475,219490,15,79
219396,219475,219489,14,79
219396,219474,219490,16,78
219396,219474,219491,17,78
219396,219477,219490,13,81
219396,219478,219492,14,82
219396,219477,219492,15,81
219396,219478,219496,18,82
219396,219480,219497,17,84
219396,219485,219499,14,89
219396,219486,219501,15,90
219396,219486,219501,15,90
219396,219486,219502,16,90
219396,219488,219502,14,92
219396,219485,219503,18,89
219396,219486,219502,16,90
219396,219487,219502,15,91
219396,219490,219504,14,94
219396,219489,219505,16,93
219396,219490,219505,15,94
219396,219490,219504,14,94
219396,219490,219506,16,94
219396,219491,219506,15,95
219396,219490,219507,17,94
219396,219493,219507,14,97
219396,219491,219508,17,95
219396,219492,219509,17,96
219396,219496,219512,16,100
219396,219497,219514,17,101
219396,219501,219515,14,105
219396,219500,219516,16,104
219396,219501,219516,15,105
219396,219502,219517,15,106
219396,219503,219517,14,107
219396,219504,219518,14,108
219396,219502,219518,16,106
219396,219505,219519,14,109
219396,219505,219520,15,109
219396,219506,219520,14,110
219396,219506,219521,15,110
219396,219503,219521,18,107
219396,219503,219521,18,107
219396,219507,219521,14,111
219396,219508,219522,14,112
219396,219505,219523,18,109
219396,219507,219524,17,111
219396,219509,219525,16,113
219396,219512,219528,16,116
219396,219516,219529,13,120
219396,219515,219530,15,119
219396,219514,219531,17,118
219396,219516,219532,16,120
219396,219517,219532,15,121
219396,219520,219533,13,124
219396,219518,219533,15,122
219396,219519,219533,14,123
219396,219518,219535,17,122
219396,219519,219535,16,123
219396,219522,219535,13,126
219396,219522,219537,15,126
219396,219521,219538,17,125
219396,219520,219538,18,124
219396,219522,219538,16,126
219396,219525,219539,14,129
219396,219523,219539,16,127
219396,219524,219539,15,128
219396,219522,219540,18,126
219396,219529,219544,15,133
219396,219530,219545,15,134
219396,219533,219546,13,137
219396,219530,219546,16,134
219396,219532,219547,15,136
219396,219533,219547,14,137
219396,219533,219549,16,137
219396,219536,219548,12,140
219396,219534,219549,15,138
219396,219534,219549,15,138
219396,219536,219549,13,140
219396,219537,219551,14,141
219396,219538,219552,14,142
219396,219539,219553,14,143
219396,219539,219553,14,143
219396,219540,219554,14,144
219396,219536,219554,18,140
219396,219540,219555,15,144
219396,219539,219555,16,143
219396,219539,219556,17,143
219396,219547,219560,13,151
219396,219544,219560,16,148
219396,219546,219561,15,150
219396,219546,219562,16,150
219573,219573,219586,13,0
219573,219573,219586,13,0
219573,219573,219586,13,0
219573,219573,219587,14,0
219573,219573,219587,14,0
219573,219573,219587,14,0
219573,219573,219587,14,0
219573,219573,219588,15,0
219573,219573,219588,15,0
219573,219573,219588,15,0
219573,219573,219588,15,0
219573,219573,219588,15,0
219573,219573,219589,16,0
219573,219573,219589,16,0
219573,219573,219590,17,0
219573,219573,219590,17,0
219573,219573,219590,17,0
219573,219573,219592,19,0
219573,219573,219593,20,0
219573,219573,219592,19,0
219573,219588,219600,12,15
219573,219586,219600,14,13
219573,219586,219601,15,13
219573,219587,219602,15,14
219573,219589,219601,12,16
219573,219588,219602,14,15
219573,219589,219602,13,16
219573,219587,219603,16,14
219573,219590,219603,13,17
219573,219591,219603,12,18
219573,219587,219603,16,14
219573,219589,219604,15,16
219573,219590,219604,14,17
219573,219589,219604,15,16
219573,219589,219605,16,16
219573,219591,219605,14,18
219573,219590,219608,18,17
219573,219594,219609,15,21
219573,219594,219612,18,21
219573,219593,219613,20,20
219573,219600,219614,14,27
219573,219601,219615,14,28
224051,224052,224153,101,1
224158,224159,224742,583,1
224849,224850,224966,116,1
224970,224971,225103,132,1
225834,225836,225936,100,2
226018,226019,226123,104,1
227080,227081,227086,5,1
227135,227135,227141,6,0
227364,227365,227367,2,1
227419,227420,227425,5,1
229070,229071,229095,24,1
229287,229288,229294,6,1
229328,229329,229385,56,1
229823,229823,229885,62,0
230082,230083,230258,175,1
230354,230355,230546,191,1
230654,230655,230875,220,1
230980,230981,231217,236,1
231310,231311,231554,243,1
226214,226215,231821,5606,1
231820,231823,231835,12,3
231696,231697,231911,214,1
232088,232089,232268,179,1
232289,232290,233646,1356,1
233758,233759,254257,20498,1
234463,254259,273913,19654,19796
294644,294645,294892,247,1
296316,296317,296486,169,1
301102,301103,301360,257,1
302080,302081,302237,156,1
340956,340956,360563,19607,0
361114,361115,363798,2683,1
471477,471477,471478,1,0
471503,471504,471506,2,1
472502,472503,472507,4,1
472533,472533,472536,3,0
472992,472992,472995,3,0
473075,473075,473079,4,0
499189,499190,499592,402,1
603097,603099,603932,833,2
