submit_time,start_time,end_time,run_time,wait_time
10420,10421,10457,36,1
10425,10425,10464,39,0
10425,10426,10465,39,1
10456,10468,10469,1,12
10462,10471,10472,1,9
10822,10823,10824,1,1
11351,11352,11414,62,1
11354,11354,11416,62,0
11407,11408,11503,95,1
59851,59851,59872,21,0
59851,59851,59872,21,0
59851,59851,59873,22,0
59851,59851,59873,22,0
59851,59851,59872,21,0
59851,59851,59873,22,0
59851,59851,59873,22,0
59851,59851,59873,22,0
59851,59851,59873,22,0
59851,59851,59873,22,0
59851,59851,59872,21,0
59851,59851,59873,22,0
59851,59851,59873,22,0
59851,59851,59873,22,0
59851,59851,59874,23,0
59851,59851,59874,23,0
59851,59851,59874,23,0
59851,59851,59873,22,0
59851,59851,59873,22,0
59851,59851,59873,22,0
59851,59872,59893,21,21
59851,59874,59894,20,23
59851,59874,59894,20,23
59851,59874,59894,20,23
59851,59873,59894,21,22
59851,59874,59896,22,23
59851,59874,59895,21,23
59851,59874,59895,21,23
59851,59874,59895,21,23
59851,59873,59895,22,22
59851,59874,59895,21,23
59851,59874,59896,22,23
59851,59875,59897,22,24
59851,59874,59896,22,23
59851,59875,59896,21,24
59851,59875,59896,21,24
59851,59874,59896,22,23
59851,59875,59896,21,24
59851,59875,59897,22,24
59851,59875,59897,22,24
59851,59894,59915,21,43
59851,59895,59916,21,44
59851,59895,59916,21,44
59851,59895,59917,22,44
59851,59896,59917,21,45
59851,59895,59916,21,44
59851,59896,59917,21,45
59851,59896,59918,22,45
59851,59896,59918,22,45
59851,59896,59918,22,45
59851,59896,59918,22,45
59851,59896,59919,23,45
59851,59897,59921,24,46
59851,59897,59920,23,46
59851,59897,59921,24,46
59851,59897,59921,24,46
59851,59897,59921,24,46
59851,59897,59921,24,46
59851,59897,59922,25,46
59851,59897,59922,25,46
59851,59918,59940,22,67
59851,59918,59940,22,67
59851,59917,59941,24,66
59851,59917,59940,23,66
59851,59917,59940,23,66
59851,59917,59941,24,66
59851,59916,59941,25,65
59851,59916,59941,25,65
59851,59918,59942,24,67
59851,59918,59941,23,67
59851,59919,59942,23,68
59851,59920,59944,24,69
59851,59921,59945,24,70
59851,59921,59944,23,70
59851,59921,59945,24,70
59851,59922,59945,23,71
59851,59921,59945,24,70
59851,59921,59945,24,70
59851,59923,59945,22,72
59851,59921,59946,25,70
59851,59942,59963,21,91
59851,59941,59963,22,90
59851,59941,59964,23,90
59851,59941,59964,23,90
59851,59940,59964,24,89
59851,59940,59963,23,89
59851,59941,59965,24,90
59851,59942,59965,23,91
59851,59942,59965,23,91
59851,59942,59966,24,91
59851,59942,59968,26,91
59851,59944,59968,24,93
59851,59946,59968,22,95
59851,59945,59969,24,94
59851,59945,59969,24,94
59851,59945,59969,24,94
59851,59945,59969,24,94
59851,59946,59969,23,95
59851,59946,59969,23,95
59851,59946,59971,25,95
59851,59965,59986,21,114
59851,59965,59986,21,114
59851,59963,59987,24,112
59851,59965,59987,22,114
59851,59965,59987,22,114
59851,59963,59987,24,112
59851,59964,59988,24,113
59851,59967,59989,22,116
59851,59964,59989,25,113
59851,59965,59989,24,114
59851,59968,59991,23,117
59851,59969,59992,23,118
59851,59968,59992,24,117
59851,59970,59993,23,119
59851,59970,59993,23,119
59851,59969,59992,23,118
59851,59969,59993,24,118
59851,59970,59994,24,119
59851,59970,59994,24,119
59851,59972,59995,23,121
59851,59986,60009,23,135
59851,59987,60010,23,136
59851,59988,60011,23,137
59851,59990,60012,22,139
59851,59990,60012,22,139
59851,59988,60012,24,137
59851,59988,60012,24,137
59851,59988,60013,25,137
59851,59989,60013,24,138
59851,59990,60013,23,139
59851,59992,60014,22,141
59851,59993,60015,22,142
59851,59993,60015,22,142
59851,59993,60016,23,142
59851,59993,60016,23,142
59851,59993,60017,24,142
59851,59994,60017,23,143
59851,59994,60017,23,143
59851,59996,60017,21,145
59851,59994,60018,24,143
59851,60010,60033,23,159
59851,60011,60033,22,160
59851,60012,60034,22,161
59851,60012,60034,22,161
59851,60013,60036,23,162
59851,60013,60036,23,162
59851,60013,60037,24,162
59851,60014,60038,24,163
59851,60018,60038,20,167
59851,60013,60038,25,162
59851,60014,60038,24,163
59851,60015,60038,23,164
59851,60016,60038,22,165
59851,60017,60038,21,166
59851,60016,60039,23,165
59851,60017,60040,23,166
59851,60018,60040,22,167
59851,60019,60040,21,168
59851,60018,60042,24,167
59851,60018,60043,25,167
59851,60034,60057,23,183
59851,60034,60059,25,183
59851,60035,60059,24,184
59851,60036,60059,23,185
59851,60038,60061,23,187
59851,60038,60061,23,187
59851,60039,60061,22,188
59851,60039,60062,23,188
59851,60039,60062,23,188
59851,60041,60063,22,190
59851,60039,60063,24,188
59851,60035,60062,27,184
59851,60039,60063,24,188
59851,60039,60063,24,188
59851,60040,60063,23,189
59851,60037,60064,27,186
59851,60040,60064,24,189
59851,60041,60064,23,190
59851,60042,60065,23,191
59851,60043,60067,24,192
59851,60058,60081,23,207
59851,60059,60082,23,208
59851,60059,60083,24,208
59851,60059,60083,24,208
59851,60062,60083,21,211
59851,60062,60084,22,211
59851,60062,60083,21,211
59851,60062,60085,23,211
59851,60061,60085,24,210
59851,60063,60086,23,212
59851,60063,60086,23,212
59851,60064,60086,22,213
59851,60063,60087,24,212
59851,60063,60087,24,212
59851,60063,60087,24,212
59851,60064,60087,23,213
59851,60064,60088,24,213
59851,60065,60089,24,214
59851,60066,60090,24,215
59851,60068,60091,23,217
60098,60098,60120,22,0
60098,60098,60120,22,0
60098,60098,60121,23,0
60098,60098,60121,23,0
60098,60098,60121,23,0
60098,60098,60122,24,0
60098,60098,60122,24,0
60098,60098,60122,24,0
60098,60098,60122,24,0
60098,60098,60122,24,0
60098,60098,60122,24,0
60098,60098,60122,24,0
60098,60098,60122,24,0
60098,60098,60122,24,0
60098,60098,60123,25,0
60098,60098,60123,25,0
60098,60098,60123,25,0
60098,60098,60123,25,0
60098,60098,60123,25,0
60098,60098,60123,25,0
60098,60120,60143,23,22
60098,60120,60143,23,22
60098,60121,60144,23,23
60098,60121,60145,24,23
60098,60123,60145,22,25
60098,60123,60146,23,25
60098,60121,60146,25,23
60098,60123,60146,23,25
60098,60123,60145,22,25
60098,60123,60146,23,25
60098,60123,60146,23,25
60098,60124,60147,23,26
60098,60123,60147,24,25
60098,60123,60146,23,25
60098,60123,60146,23,25
60098,60124,60147,23,26
60098,60124,60146,22,26
60098,60124,60147,23,26
60098,60124,60147,23,26
60098,60124,60148,24,26
60098,60144,60167,23,46
60098,60145,60167,22,47
60098,60144,60167,23,46
60098,60146,60167,21,48
60098,60147,60169,22,49
60098,60146,60168,22,48
60098,60146,60169,23,48
60098,60146,60169,23,48
60098,60146,60169,23,48
60098,60147,60169,22,49
60098,60146,60170,24,48
60098,60147,60170,23,49
60098,60147,60169,22,49
60098,60147,60169,22,49
60098,60147,60170,23,49
60098,60147,60170,23,49
60098,60147,60171,24,49
60098,60148,60172,24,50
60098,60148,60172,24,50
60098,60149,60173,24,51
60098,60167,60190,23,69
60098,60168,60191,23,70
60098,60168,60192,24,70
60098,60168,60192,24,70
60098,60169,60192,23,71
60098,60170,60193,23,72
60098,60169,60193,24,71
60098,60170,60193,23,72
60098,60169,60193,24,71
60098,60170,60194,24,72
60098,60170,60193,23,72
60098,60171,60194,23,73
60098,60170,60194,24,72
60098,60170,60194,24,72
60098,60171,60194,23,73
60098,60170,60194,24,72
60098,60170,60195,25,72
60098,60173,60196,23,75
60098,60173,60196,23,75
60098,60173,60196,23,75
60098,60191,60212,21,93
60098,60192,60215,23,94
60098,60192,60216,24,94
60098,60193,60216,23,95
60098,60192,60216,24,94
60098,60193,60216,23,95
60098,60194,60217,23,96
60098,60193,60217,24,95
60098,60194,60218,24,96
60098,60193,60218,25,95
60098,60194,60217,23,96
60098,60194,60218,24,96
60098,60192,60218,26,94
60098,60194,60219,25,96
60098,60195,60219,24,97
60098,60196,60220,24,98
60098,60196,60220,24,98
60098,60195,60220,25,97
60098,60195,60220,25,97
60098,60197,60221,24,99
60098,60212,60234,22,114
60098,60215,60239,24,117
60098,60218,60239,21,120
60098,60218,60239,21,120
60098,60216,60239,23,118
60098,60216,60239,23,118
60098,60217,60240,23,119
60098,60217,60240,23,119
60098,60218,60241,23,120
60098,60217,60241,24,119
60098,60218,60241,23,120
60098,60218,60241,23,120
60098,60219,60242,23,121
60098,60220,60242,22,122
60098,60220,60242,22,122
60098,60220,60242,22,122
60098,60220,60243,23,122
60098,60220,60243,23,122
60098,60219,60243,24,121
60098,60221,60244,23,123
60098,60235,60258,23,137
60098,60240,60261,21,142
60098,60240,60262,22,142
60098,60240,60262,22,142
60098,60240,60262,22,142
60098,60240,60262,22,142
60098,60241,60263,22,143
60098,60241,60263,22,143
60098,60242,60263,21,144
60098,60241,60263,22,143
60098,60242,60264,22,144
60098,60242,60264,22,144
60098,60242,60265,23,144
60098,60243,60264,21,145
60098,60244,60265,21,146
60098,60244,60266,22,146
60098,60244,60266,22,146
60098,60245,60267,22,147
60098,60243,60266,23,145
60098,60243,60267,24,145
60098,60259,60282,23,161
60098,60262,60285,23,164
60098,60263,60286,23,165
60098,60262,60286,24,164
60098,60263,60286,23,165
60098,60263,60286,23,165
60098,60264,60286,22,166
60098,60264,60288,24,166
60098,60265,60287,22,167
60098,60263,60287,24,165
60098,60264,60288,24,166
60098,60265,60288,23,167
60098,60266,60289,23,168
60098,60265,60289,24,167
60098,60265,60289,24,167
60098,60267,60289,22,169
60098,60267,60290,23,169
60098,60267,60291,24,169
60098,60267,60291,24,169
60098,60267,60294,27,169
60098,60283,60307,24,185
60098,60286,60309,23,188
60098,60286,60310,24,188
60098,60289,60310,21,191
60098,60289,60311,22,191
60098,60286,60310,24,188
60098,60286,60310,24,188
60098,60287,60311,24,189
60098,60286,60312,26,188
60098,60290,60312,22,192
60098,60288,60313,25,190
60098,60288,60313,25,190
60098,60289,60312,23,191
60098,60288,60312,24,190
60098,60290,60314,24,192
60098,60290,60314,24,192
60098,60291,60314,23,193
60098,60292,60316,24,194
60098,60291,60317,26,193
60098,60294,60318,24,196
60098,60307,60331,24,209
60098,60311,60333,22,213
60098,60311,60334,23,213
60098,60310,60333,23,212
60098,60311,60335,24,213
60098,60311,60335,24,213
60098,60311,60335,24,213
60098,60311,60335,24,213
60098,60312,60336,24,214
60098,60313,60337,24,215
60098,60313,60338,25,215
60098,60313,60337,24,215
60098,60313,60338,25,215
60098,60314,60339,25,216
60098,60313,60339,26,215
60098,60316,60339,23,218
60098,60315,60340,25,217
60098,60315,60340,25,217
60098,60317,60341,24,219
60098,60319,60341,22,221
60349,60349,60372,23,0
60349,60349,60372,23,0
60349,60349,60372,23,0
60349,60349,60373,24,0
60349,60349,60372,23,0
60349,60349,60373,24,0
60349,60349,60373,24,0
60349,60349,60372,23,0
60349,60349,60373,24,0
60349,60349,60374,25,0
60349,60349,60374,25,0
60349,60349,60374,25,0
60349,60349,60374,25,0
60349,60349,60373,24,0
60349,60349,60374,25,0
60349,60349,60374,25,0
60349,60349,60374,25,0
60349,60349,60373,24,0
60349,60349,60374,25,0
60349,60349,60375,26,0
60349,60373,60395,22,24
60349,60372,60395,23,23
60349,60373,60395,22,24
60349,60373,60395,22,24
60349,60373,60395,22,24
60349,60372,60395,23,23
60349,60372,60396,24,23
60349,60373,60396,23,24
60349,60374,60397,23,25
60349,60373,60397,24,24
60349,60374,60398,24,25
60349,60374,60398,24,25
60349,60374,60399,25,25
60349,60374,60399,25,25
60349,60374,60399,25,25
60349,60374,60399,25,25
60349,60374,60399,25,25
60349,60374,60399,25,25
60349,60374,60399,25,25
60349,60375,60400,25,26
60349,60395,60418,23,46
60349,60398,60418,20,49
60349,60397,60419,22,48
60349,60396,60420,24,47
60349,60396,60420,24,47
60349,60396,60419,23,47
60349,60397,60419,22,48
60349,60397,60420,23,48
60349,60399,60420,21,50
60349,60395,60420,25,46
60349,60396,60421,25,47
60349,60400,60421,21,51
60349,60399,60421,22,50
60349,60400,60421,21,51
60349,60400,60422,22,51
60349,60400,60422,22,51
60349,60400,60423,23,51
60349,60400,60422,22,51
60349,60401,60424,23,52
60349,60400,60424,24,51
60349,60419,60442,23,70
60349,60420,60442,22,71
60349,60419,60442,23,70
60349,60420,60443,23,71
60349,60421,60444,23,72
60349,60420,60443,23,71
60349,60420,60444,24,71
60349,60421,60444,23,72
60349,60421,60444,23,72
60349,60422,60445,23,73
60349,60420,60445,25,71
60349,60421,60445,24,72
60349,60422,60445,23,73
60349,60422,60446,24,73
60349,60422,60445,23,73
60349,60423,60447,24,74
60349,60423,60446,23,74
60349,60425,60447,22,76
60349,60423,60447,24,74
60349,60424,60447,23,75
60349,60443,60466,23,94
60349,60443,60467,24,94
60349,60443,60467,24,94
60349,60444,60468,24,95
60349,60444,60468,24,95
60349,60445,60469,24,96
60349,60445,60469,24,96
60349,60445,60468,23,96
60349,60446,60469,23,97
60349,60444,60468,24,95
60349,60444,60469,25,95
60349,60445,60469,24,96
60349,60446,60469,23,97
60349,60446,60470,24,97
60349,60446,60470,24,97
60349,60447,60471,24,98
60349,60448,60472,24,99
60349,60447,60472,25,98
60349,60448,60473,25,99
60349,60448,60472,24,99
60349,60466,60489,23,117
60349,60467,60489,22,118
60349,60467,60491,24,118
60349,60468,60491,23,119
60349,60468,60491,23,119
60349,60469,60492,23,120
60349,60469,60491,22,120
60349,60469,60492,23,120
60349,60469,60492,23,120
60349,60469,60493,24,120
60349,60469,60493,24,120
60349,60470,60493,23,121
60349,60469,60494,25,120
60349,60470,60494,24,121
60349,60470,60494,24,121
60349,60471,60495,24,122
60349,60472,60496,24,123
60349,60472,60496,24,123
60349,60473,60497,24,124
60349,60473,60498,25,124
60349,60489,60513,24,140
60349,60489,60513,24,140
60349,60491,60514,23,142
60349,60492,60517,25,143
60349,60491,60516,25,142
60349,60491,60516,25,142
60349,60494,60517,23,145
60349,60495,60518,23,146
60349,60492,60517,25,143
60349,60493,60518,25,144
60349,60494,60518,24,145
60349,60496,60518,22,147
60349,60494,60518,24,145
60349,60493,60518,25,144
60349,60494,60518,24,145
60349,60494,60518,24,145
60349,60494,60518,24,145
60349,60497,60519,22,148
60349,60498,60520,22,149
60349,60499,60523,24,150
60349,60513,60536,23,164
60349,60514,60537,23,165
60349,60515,60539,24,166
60349,60517,60540,23,168
60349,60518,60542,24,169
60349,60517,60541,24,168
60349,60517,60541,24,168
60349,60518,60542,24,169
60349,60518,60543,25,169
60349,60519,60543,24,170
60349,60518,60542,24,169
60349,60519,60543,24,170
60349,60519,60543,24,170
60349,60520,60544,24,171
60349,60519,60543,24,170
60349,60519,60543,24,170
60349,60519,60544,25,170
60349,60519,60544,25,170
60349,60521,60545,24,172
60349,60524,60547,23,175
60349,60537,60560,23,188
60349,60538,60562,24,189
60349,60540,60564,24,191
60349,60541,60565,24,192
60349,60542,60565,23,193
60349,60542,60565,23,193
60349,60542,60565,23,193
60349,60542,60565,23,193
60349,60543,60566,23,194
60349,60543,60567,24,194
60349,60543,60567,24,194
60349,60544,60567,23,195
60349,60544,60567,23,195
60349,60543,60567,24,194
60349,60544,60568,24,195
60349,60545,60568,23,196
60349,60544,60568,24,195
60349,60544,60568,24,195
60349,60545,60568,23,196
60349,60548,60572,24,199
60349,60560,60584,24,211
60349,60562,60586,24,213
60349,60564,60587,23,215
60349,60565,60588,23,216
60349,60565,60589,24,216
60349,60566,60589,23,217
60349,60567,60590,23,218
60349,60565,60590,25,216
60349,60565,60590,25,216
60349,60568,60590,22,219
60349,60568,60591,23,219
60349,60566,60591,25,217
60349,60568,60591,23,219
60349,60568,60591,23,219
60349,60568,60592,24,219
60349,60568,60592,24,219
60349,60567,60592,25,218
60349,60569,60593,24,220
60349,60569,60595,26,220
60349,60572,60596,24,223
60603,60603,60626,23,0
60603,60603,60626,23,0
60603,60603,60626,23,0
60603,60603,60627,24,0
60603,60603,60627,24,0
60603,60603,60627,24,0
60603,60603,60627,24,0
60603,60603,60627,24,0
60603,60603,60627,24,0
60603,60603,60627,24,0
60603,60603,60627,24,0
60603,60603,60627,24,0
60603,60603,60627,24,0
60603,60603,60627,24,0
60603,60603,60628,25,0
60603,60603,60628,25,0
60603,60604,60628,24,1
60603,60603,60628,25,0
60603,60603,60628,25,0
60603,60603,60628,25,0
60603,60627,60650,23,24
60603,60627,60650,23,24
60603,60628,60650,22,25
60603,60628,60651,23,25
60603,60627,60650,23,24
60603,60628,60650,22,25
60603,60628,60651,23,25
60603,60629,60651,22,26
60603,60628,60651,23,25
60603,60628,60652,24,25
60603,60628,60651,23,25
60603,60628,60651,23,25
60603,60629,60652,23,26
60603,60629,60653,24,26
60603,60628,60652,24,25
60603,60629,60652,23,26
60603,60628,60652,24,25
60603,60628,60652,24,25
60603,60629,60652,23,26
60603,60629,60653,24,26
60603,60650,60674,24,47
60603,60651,60674,23,48
60603,60651,60675,24,48
60603,60651,60675,24,48
60603,60651,60675,24,48
60603,60652,60676,24,49
60603,60652,60675,23,49
60603,60652,60675,23,49
60603,60653,60676,23,50
60603,60651,60676,25,48
60603,60652,60676,24,49
60603,60653,60676,23,50
60603,60653,60676,23,50
60603,60652,60676,24,49
60603,60652,60676,24,49
60603,60653,60676,23,50
60603,60653,60676,23,50
60603,60653,60676,23,50
60603,60653,60677,24,50
60603,60654,60677,23,51
60603,60675,60698,23,72
60603,60674,60698,24,71
60603,60674,60698,24,71
60603,60676,60699,23,73
60603,60677,60699,22,74
60603,60676,60700,24,73
60603,60676,60700,24,73
60603,60675,60700,25,72
60603,60676,60700,24,73
60603,60676,60701,25,73
60603,60677,60701,24,74
60603,60676,60701,25,73
60603,60676,60701,25,73
60603,60676,60701,25,73
60603,60677,60701,24,74
60603,60677,60701,24,74
60603,60677,60701,24,74
60603,60677,60702,25,74
60603,60677,60701,24,74
60603,60676,60703,27,73
60603,60698,60720,22,95
60603,60698,60721,23,95
60603,60699,60722,23,96
60603,60698,60722,24,95
60603,60700,60723,23,97
60603,60701,60723,22,98
60603,60701,60723,22,98
60603,60701,60723,22,98
60603,60700,60723,23,97
60603,60701,60724,23,98
60603,60701,60724,23,98
60603,60701,60724,23,98
60603,60700,60724,24,97
60603,60701,60724,23,98
60603,60702,60724,22,99
60603,60699,60724,25,96
60603,60701,60724,23,98
60603,60701,60724,23,98
60603,60702,60726,24,99
60603,60704,60726,22,101
60603,60722,60744,22,119
60603,60721,60744,23,118
60603,60723,60745,22,120
60603,60723,60745,22,120
60603,60724,60747,23,121
60603,60725,60747,22,122
60603,60724,60747,23,121
60603,60724,60747,23,121
60603,60724,60747,23,121
60603,60725,60748,23,122
60603,60724,60748,24,121
60603,60725,60748,23,122
60603,60725,60748,23,122
60603,60725,60748,23,122
60603,60725,60748,23,122
60603,60725,60748,23,122
60603,60726,60749,23,123
60603,60724,60750,26,121
60603,60724,60750,26,121
60603,60727,60750,23,124
60603,60745,60767,22,142
60603,60744,60768,24,141
60603,60746,60769,23,143
60603,60746,60769,23,143
60603,60747,60770,23,144
60603,60747,60770,23,144
60603,60748,60771,23,145
60603,60748,60772,24,145
60603,60748,60771,23,145
60603,60749,60772,23,146
60603,60749,60772,23,146
60603,60749,60773,24,146
60603,60748,60772,24,145
60603,60749,60773,24,146
60603,60751,60774,23,148
60603,60749,60773,24,146
60603,60751,60774,23,148
60603,60750,60774,24,147
60603,60751,60775,24,148
60603,60749,60774,25,146
60603,60768,60791,23,165
60603,60768,60791,23,165
60603,60769,60791,22,166
60603,60769,60793,24,166
60603,60771,60793,22,168
60603,60772,60795,23,169
60603,60771,60794,23,168
60603,60773,60795,22,170
60603,60772,60796,24,169
60603,60773,60796,23,170
60603,60772,60795,23,169
60603,60773,60797,24,170
60603,60774,60797,23,171
60603,60773,60797,24,170
60603,60774,60797,23,171
60603,60775,60798,23,172
60603,60774,60798,24,171
60603,60775,60799,24,172
60603,60775,60799,24,172
60603,60775,60799,24,172
60603,60791,60814,23,188
60603,60791,60815,24,188
60603,60791,60816,25,188
60603,60793,60816,23,190
60603,60793,60816,23,190
60603,60796,60820,24,193
60603,60796,60820,24,193
60603,60796,60820,24,193
60603,60795,60820,25,192
60603,60796,60820,24,193
60603,60795,60820,25,192
60603,60798,60821,23,195
60603,60797,60821,24,194
60603,60797,60822,25,194
60603,60798,60822,24,195
60603,60798,60823,25,195
60603,60800,60824,24,197
60603,60799,60824,25,196
60603,60799,60825,26,196
60603,60800,60826,26,197
60603,60815,60838,23,212
60603,60817,60839,22,214
60603,60815,60841,26,212
60603,60817,60840,23,214
60603,60817,60841,24,214
60603,60821,60843,22,218
60603,60821,60843,22,218
60603,60820,60843,23,217
60603,60820,60843,23,217
60603,60820,60844,24,217
60603,60820,60844,24,217
60603,60820,60844,24,217
60603,60822,60845,23,219
60603,60822,60845,23,219
60603,60822,60846,24,219
60603,60823,60848,25,220
60603,60824,60848,24,221
60603,60825,60848,23,222
60603,60826,60850,24,223
60603,60825,60850,25,222
60858,60858,60881,23,0
60858,60858,60880,22,0
60858,60858,60881,23,0
60858,60858,60881,23,0
60858,60858,60881,23,0
60858,60858,60882,24,0
60858,60858,60881,23,0
60858,60858,60881,23,0
60858,60858,60882,24,0
60858,60858,60882,24,0
60858,60858,60882,24,0
60858,60858,60882,24,0
60858,60858,60882,24,0
60858,60858,60882,24,0
60858,60858,60882,24,0
60858,60858,60882,24,0
60858,60858,60884,26,0
60858,60858,60883,25,0
60858,60858,60884,26,0
60858,60858,60884,26,0
60858,60881,60904,23,23
60858,60882,60904,22,24
60858,60883,60905,22,25
60858,60881,60905,24,23
60858,60882,60905,23,24
60858,60882,60906,24,24
60858,60882,60906,24,24
60858,60882,60905,23,24
60858,60882,60906,24,24
60858,60882,60905,23,24
60858,60882,60905,23,24
60858,60882,60905,23,24
60858,60883,60906,23,25
60858,60883,60906,23,25
60858,60884,60908,24,26
60858,60884,60907,23,26
60858,60883,60907,24,25
60858,60883,60907,24,25
60858,60884,60909,25,26
60858,60885,60909,24,27
60858,60905,60928,23,47
60858,60904,60928,24,46
60858,60905,60928,23,47
60858,60905,60928,23,47
60858,60905,60929,24,47
60858,60906,60930,24,48
60858,60906,60930,24,48
60858,60907,60930,23,49
60858,60906,60930,24,48
60858,60906,60930,24,48
60858,60906,60931,25,48
60858,60906,60931,25,48
60858,60906,60931,25,48
60858,60906,60931,25,48
60858,60908,60931,23,50
60858,60908,60932,24,50
60858,60908,60932,24,50
60858,60908,60932,24,50
60858,60910,60933,23,52
60858,60910,60934,24,52
60858,60929,60951,22,71
60858,60928,60952,24,70
60858,60930,60952,22,72
60858,60928,60952,24,70
60858,60930,60953,23,72
60858,60930,60954,24,72
60858,60930,60954,24,72
60858,60929,60954,25,71
60858,60931,60954,23,73
60858,60931,60955,24,73
60858,60931,60955,24,73
60858,60931,60955,24,73
60858,60930,60955,25,72
60858,60932,60956,24,74
60858,60931,60956,25,73
60858,60931,60956,25,73
60858,60933,60957,24,75
60858,60932,60958,26,74
60858,60934,60960,26,76
60858,60934,60960,26,76
60858,60952,60976,24,94
60858,60953,60976,23,95
60858,60952,60977,25,94
60858,60952,60977,25,94
60858,60953,60978,25,95
60858,60956,60978,22,98
60858,60955,60978,23,97
60858,60955,60978,23,97
60858,60957,60979,22,99
60858,60955,60979,24,97
60858,60955,60979,24,97
60858,60956,60979,23,98
60858,60956,60980,24,98
60858,60955,60980,25,97
60858,60957,60980,23,99
60858,60957,60981,24,99
60858,60958,60982,24,100
60858,60959,60984,25,101
60858,60961,60985,24,103
60858,60961,60985,24,103
60858,60977,60999,22,119
60858,60978,61001,23,120
60858,60977,61001,24,119
60858,60978,61000,22,120
60858,60979,61002,23,121
60858,60979,61002,23,121
60858,60980,61003,23,122
60858,60979,61002,23,121
60858,60979,61002,23,121
60858,60980,61003,23,122
60858,60980,61004,24,122
60858,60980,61004,24,122
60858,60980,61004,24,122
60858,60981,61005,24,123
60858,60982,61005,23,124
60858,60981,61006,25,123
60858,60981,61005,24,123
60858,60985,61007,22,127
60858,60986,61010,24,128
60858,60986,61010,24,128
60858,61000,61024,24,142
60858,61001,61024,23,143
60858,61001,61024,23,143
60858,61001,61026,25,143
60858,61003,61026,23,145
60858,61003,61026,23,145
60858,61004,61027,23,146
60858,61002,61026,24,144
60858,61003,61026,23,145
60858,61003,61027,24,145
60858,61003,61028,25,145
60858,61005,61028,23,147
60858,61005,61028,23,147
60858,61006,61030,24,148
60858,61006,61030,24,148
60858,61006,61030,24,148
60858,61006,61031,25,148
60858,61008,61032,24,150
60858,61010,61035,25,152
60858,61011,61035,24,153
60858,61024,61048,24,166
60858,61024,61049,25,166
60858,61025,61049,24,167
60858,61027,61050,23,169
60858,61027,61051,24,169
60858,61026,61051,25,168
60858,61027,61051,24,169
60858,61026,61051,25,168
60858,61027,61051,24,169
60858,61028,61052,24,170
60858,61028,61052,24,170
60858,61028,61052,24,170
60858,61030,61053,23,172
60858,61030,61054,24,172
60858,61029,61054,25,171
60858,61030,61054,24,172
60858,61032,61055,23,174
60858,61031,61056,25,173
60858,61035,61059,24,177
60858,61035,61059,24,177
60858,61048,61071,23,190
60858,61049,61073,24,191
60858,61051,61074,23,193
60858,61050,61074,24,192
60858,61051,61074,23,193
60858,61050,61075,25,192
60858,61051,61075,24,193
60858,61052,61075,23,194
60858,61052,61076,24,194
60858,61052,61076,24,194
60858,61052,61077,25,194
60858,61054,61078,24,196
60858,61054,61078,24,196
60858,61052,61078,26,194
60858,61054,61079,25,196
60858,61054,61079,25,196
60858,61055,61079,24,197
60858,61056,61081,25,198
60858,61060,61083,23,202
60858,61061,61085,24,203
60858,61071,61094,23,213
60858,61074,61097,23,216
60858,61075,61096,21,217
60858,61075,61097,22,217
60858,61076,61097,21,218
60858,61075,61097,22,217
60858,61076,61099,23,218
60858,61076,61099,23,218
60858,61078,61101,23,220
60858,61077,61100,23,219
60858,61078,61101,23,220
60858,61079,61101,22,221
60858,61080,61101,21,222
60858,61079,61101,22,221
60858,61077,61102,25,219
60858,61080,61102,22,222
60858,61080,61103,23,222
60858,61082,61104,22,224
60858,61084,61106,22,226
60858,61086,61108,22,228
63264,63264,63284,20,0
63264,63264,63285,21,0
63264,63264,63286,22,0
63264,63264,63286,22,0
63264,63264,63286,22,0
63264,63264,63286,22,0
63264,63264,63288,24,0
63264,63264,63287,23,0
63264,63264,63288,24,0
63264,63264,63288,24,0
63264,63264,63287,23,0
63264,63264,63289,25,0
63264,63264,63289,25,0
63264,63264,63288,24,0
63264,63264,63289,25,0
63264,63264,63289,25,0
63264,63264,63288,24,0
63264,63264,63288,24,0
63264,63264,63289,25,0
63264,63264,63289,25,0
63264,63285,63308,23,21
63264,63286,63309,23,22
63264,63287,63310,23,23
63264,63287,63310,23,23
63264,63288,63309,21,24
63264,63287,63310,23,23
63264,63288,63311,23,24
63264,63287,63311,24,23
63264,63288,63311,23,24
63264,63289,63310,21,25
63264,63289,63311,22,25
63264,63288,63311,23,24
63264,63289,63311,22,25
63264,63288,63311,23,24
63264,63290,63311,21,26
63264,63289,63312,23,25
63264,63289,63313,24,25
63264,63290,63312,22,26
63264,63289,63313,24,25
63264,63289,63314,25,25
63264,63309,63332,23,45
63264,63309,63332,23,45
63264,63310,63332,22,46
63264,63310,63333,23,46
63264,63311,63333,22,47
63264,63311,63333,22,47
63264,63311,63334,23,47
63264,63311,63334,23,47
63264,63310,63334,24,46
63264,63311,63334,23,47
63264,63310,63335,25,46
63264,63312,63335,23,48
63264,63312,63335,23,48
63264,63312,63335,23,48
63264,63312,63336,24,48
63264,63314,63337,23,50
63264,63313,63337,24,49
63264,63313,63337,24,49
63264,63314,63338,24,50
63264,63313,63338,25,49
63264,63332,63356,24,68
63264,63333,63356,23,69
63264,63334,63356,22,70
63264,63332,63356,24,68
63264,63335,63357,22,71
63264,63335,63356,21,71
63264,63336,63357,21,72
63264,63333,63357,24,69
63264,63334,63357,23,70
63264,63335,63357,22,71
63264,63336,63357,21,72
63264,63333,63357,24,69
63264,63335,63357,22,71
63264,63335,63358,23,71
63264,63337,63359,22,73
63264,63338,63359,21,74
63264,63338,63361,23,74
63264,63338,63360,22,74
63264,63339,63361,22,75
63264,63339,63362,23,75
63264,63356,63378,22,92
63264,63357,63379,22,93
63264,63357,63379,22,93
63264,63357,63380,23,93
63264,63357,63380,23,93
63264,63357,63380,23,93
63264,63357,63380,23,93
63264,63358,63381,23,94
63264,63358,63381,23,94
63264,63358,63381,23,94
63264,63358,63381,23,94
63264,63358,63382,24,94
63264,63358,63382,24,94
63264,63359,63382,23,95
63264,63359,63382,23,95
63264,63360,63385,25,96
63264,63361,63385,24,97
63264,63361,63384,23,97
63264,63361,63385,24,97
63264,63363,63386,23,99
63264,63379,63401,22,115
63264,63380,63403,23,116
63264,63380,63403,23,116
63264,63381,63404,23,117
63264,63380,63403,23,116
63264,63383,63405,22,119
63264,63380,63404,24,116
63264,63382,63405,23,118
63264,63382,63406,24,118
63264,63382,63406,24,118
63264,63382,63406,24,118
63264,63381,63405,24,117
63264,63383,63407,24,119
63264,63383,63407,24,119
63264,63385,63408,23,121
63264,63382,63408,26,118
63264,63385,63408,23,121
63264,63386,63409,23,122
63264,63385,63410,25,121
63264,63387,63409,22,123
63264,63402,63425,23,138
63264,63404,63427,23,140
63264,63404,63427,23,140
63264,63404,63427,23,140
63264,63404,63427,23,140
63264,63405,63429,24,141
63264,63406,63429,23,142
63264,63405,63429,24,141
63264,63406,63429,23,142
63264,63406,63429,23,142
63264,63407,63431,24,143
63264,63406,63430,24,142
63264,63407,63431,24,143
63264,63408,63432,24,144
63264,63409,63432,23,145
63264,63408,63432,24,144
63264,63410,63433,23,146
63264,63409,63433,24,145
63264,63410,63433,23,146
63264,63406,63433,27,142
63264,63425,63448,23,161
63264,63427,63450,23,163
63264,63427,63451,24,163
63264,63427,63451,24,163
63264,63428,63452,24,164
63264,63430,63452,22,166
63264,63429,63452,23,165
63264,63429,63453,24,165
63264,63429,63453,24,165
63264,63431,63454,23,167
63264,63429,63454,25,165
63264,63432,63454,22,168
63264,63431,63455,24,167
63264,63432,63455,23,168
63264,63433,63455,22,169
63264,63432,63455,23,168
63264,63433,63456,23,169
63264,63433,63456,23,169
63264,63433,63456,23,169
63264,63434,63457,23,170
63264,63449,63473,24,185
63264,63451,63474,23,187
63264,63453,63475,22,189
63264,63451,63475,24,187
63264,63453,63476,23,189
63264,63452,63476,24,188
63264,63452,63476,24,188
63264,63452,63476,24,188
63264,63453,63476,23,189
63264,63455,63477,22,191
63264,63455,63478,23,191
63264,63455,63478,23,191
63264,63456,63478,22,192
63264,63457,63478,21,193
63264,63455,63478,23,191
63264,63456,63478,22,192
63264,63456,63479,23,192
63264,63457,63479,22,193
63264,63457,63479,22,193
63264,63457,63479,22,193
63264,63473,63495,22,209
63264,63475,63497,22,211
63264,63477,63500,23,213
63264,63476,63499,23,212
63264,63476,63500,24,212
63264,63478,63500,22,214
63264,63477,63500,23,213
63264,63477,63500,23,213
63264,63476,63500,24,212
63264,63478,63501,23,214
63264,63479,63501,22,215
63264,63479,63501,22,215
63264,63479,63502,23,215
63264,63478,63502,24,214
63264,63479,63502,23,215
63264,63480,63502,22,216
63264,63479,63503,24,215
63264,63480,63503,23,216
63264,63480,63503,23,216
63264,63480,63504,24,216
63512,63512,63534,22,0
63512,63512,63534,22,0
63512,63512,63535,23,0
63512,63512,63535,23,0
63512,63512,63535,23,0
63512,63512,63535,23,0
63512,63512,63536,24,0
63512,63512,63536,24,0
63512,63512,63535,23,0
63512,63512,63536,24,0
63512,63512,63536,24,0
63512,63512,63537,25,0
63512,63512,63537,25,0
63512,63512,63537,25,0
63512,63512,63537,25,0
63512,63512,63537,25,0
63512,63512,63537,25,0
63512,63512,63538,26,0
63512,63512,63538,26,0
63512,63512,63539,27,0
63512,63535,63557,22,23
63512,63534,63558,24,22
63512,63536,63558,22,24
63512,63534,63558,24,22
63512,63535,63558,23,23
63512,63535,63558,23,23
63512,63536,63559,23,24
63512,63536,63559,23,24
63512,63536,63559,23,24
63512,63537,63560,23,25
63512,63537,63561,24,25
63512,63537,63561,24,25
63512,63537,63561,24,25
63512,63537,63561,24,25
63512,63537,63561,24,25
63512,63536,63562,26,24
63512,63536,63561,25,24
63512,63538,63562,24,26
63512,63538,63562,24,26
63512,63539,63563,24,27
63512,63557,63581,24,45
63512,63559,63581,22,47
63512,63559,63581,22,47
63512,63558,63582,24,46
63512,63559,63583,24,47
63512,63560,63583,23,48
63512,63558,63583,25,46
63512,63559,63583,24,47
63512,63558,63583,25,46
63512,63561,63585,24,49
63512,63561,63585,24,49
63512,63562,63585,23,50
63512,63562,63585,23,50
63512,63562,63585,23,50
63512,63562,63586,24,50
63512,63562,63586,24,50
63512,63562,63586,24,50
63512,63563,63586,23,51
63512,63563,63586,23,51
63512,63564,63587,23,52
63512,63582,63605,23,70
63512,63583,63605,22,71
63512,63582,63605,23,70
63512,63583,63607,24,71
63512,63582,63606,24,70
63512,63584,63608,24,72
63512,63584,63608,24,72
63512,63584,63608,24,72
63512,63583,63607,24,71
63512,63585,63608,23,73
63512,63586,63609,23,74
63512,63586,63609,23,74
63512,63586,63610,24,74
63512,63586,63609,23,74
63512,63586,63610,24,74
63512,63587,63610,23,75
63512,63586,63611,25,74
63512,63586,63611,25,74
63512,63587,63612,25,75
63512,63588,63612,24,76
63512,63606,63629,23,94
63512,63605,63628,23,93
63512,63607,63629,22,95
63512,63606,63629,23,94
63512,63607,63631,24,95
63512,63608,63631,23,96
63512,63608,63631,23,96
63512,63608,63632,24,96
63512,63610,63633,23,98
63512,63608,63632,24,96
63512,63610,63633,23,98
63512,63610,63634,24,98
63512,63610,63634,24,98
63512,63610,63634,24,98
63512,63609,63634,25,97
63512,63611,63634,23,99
63512,63611,63635,24,99
63512,63612,63635,23,100
63512,63612,63636,24,100
63512,63612,63635,23,100
63512,63629,63652,23,117
63512,63630,63653,23,118
63512,63629,63653,24,117
63512,63630,63654,24,118
63512,63632,63655,23,120
63512,63631,63655,24,119
63512,63632,63656,24,120
63512,63632,63656,24,120
63512,63634,63657,23,122
63512,63633,63657,24,121
63512,63634,63658,24,122
63512,63634,63658,24,122
63512,63634,63659,25,122
63512,63635,63659,24,123
63512,63635,63659,24,123
63512,63634,63659,25,122
63512,63636,63659,23,124
63512,63636,63660,24,124
63512,63636,63661,25,124
63512,63636,63661,25,124
63512,63652,63676,24,140
63512,63653,63678,25,141
63512,63653,63678,25,141
63512,63654,63678,24,142
63512,63656,63679,23,144
63512,63655,63679,24,143
63512,63657,63680,23,145
63512,63656,63681,25,144
63512,63658,63682,24,146
63512,63658,63682,24,146
63512,63658,63682,24,146
63512,63659,63683,24,147
63512,63660,63684,24,148
63512,63659,63684,25,147
63512,63660,63683,23,148
63512,63661,63684,23,149
63512,63659,63684,25,147
63512,63661,63684,23,149
63512,63661,63684,23,149
63512,63659,63685,26,147
63512,63677,63700,23,165
63512,63679,63702,23,167
63512,63679,63702,23,167
63512,63678,63703,25,166
63512,63680,63704,24,168
63512,63680,63705,25,168
63512,63678,63704,26,166
63512,63682,63705,23,170
63512,63682,63706,24,170
63512,63683,63706,23,171
63512,63683,63707,24,171
63512,63684,63707,23,172
63512,63684,63708,24,172
63512,63684,63708,24,172
63512,63684,63708,24,172
63512,63685,63708,23,173
63512,63685,63709,24,173
63512,63685,63709,24,173
63512,63684,63709,25,172
63512,63686,63710,24,174
63512,63702,63725,23,190
63512,63701,63724,23,189
63512,63702,63726,24,190
63512,63704,63728,24,192
63512,63705,63729,24,193
63512,63705,63729,24,193
63512,63705,63729,24,193
63512,63705,63730,25,193
63512,63707,63730,23,195
63512,63706,63730,24,194
63512,63707,63730,23,195
63512,63707,63731,24,195
63512,63709,63732,23,197
63512,63708,63731,23,196
63512,63709,63733,24,197
63512,63709,63733,24,197
63512,63709,63733,24,197
63512,63709,63733,24,197
63512,63709,63733,24,197
63512,63710,63733,23,198
63512,63725,63749,24,213
63512,63725,63750,25,213
63512,63727,63751,24,215
63512,63730,63752,22,218
63512,63729,63752,23,217
63512,63729,63753,24,217
63512,63730,63753,23,218
63512,63730,63753,23,218
63512,63730,63754,24,218
63512,63730,63753,23,218
63512,63731,63755,24,219
63512,63731,63756,25,219
63512,63733,63756,23,221
63512,63733,63756,23,221
63512,63732,63757,25,220
63512,63732,63756,24,220
63512,63734,63757,23,222
63512,63734,63758,24,222
63512,63734,63757,23,222
63512,63734,63757,23,222
63765,63765,63787,22,0
63765,63765,63788,23,0
63765,63765,63788,23,0
63765,63765,63788,23,0
63765,63765,63788,23,0
63765,63765,63789,24,0
63765,63765,63789,24,0
63765,63765,63789,24,0
63765,63765,63789,24,0
63765,63765,63789,24,0
63765,63765,63789,24,0
63765,63765,63789,24,0
63765,63765,63789,24,0
63765,63765,63789,24,0
63765,63765,63789,24,0
63765,63765,63789,24,0
63765,63765,63789,24,0
63765,63765,63790,25,0
63765,63765,63790,25,0
63765,63765,63790,25,0
63765,63787,63811,24,22
63765,63789,63811,22,24
63765,63788,63813,25,23
63765,63790,63812,22,25
63765,63790,63812,22,25
63765,63789,63812,23,24
63765,63790,63813,23,25
63765,63790,63812,22,25
63765,63791,63813,22,26
63765,63789,63813,24,24
63765,63790,63813,23,25
63765,63791,63813,22,26
63765,63790,63813,23,25
63765,63790,63814,24,25
63765,63790,63814,24,25
63765,63790,63813,23,25
63765,63789,63814,25,24
63765,63790,63813,23,25
63765,63790,63813,23,25
63765,63791,63814,23,26
63765,63811,63834,23,46
63765,63812,63836,24,47
63765,63813,63836,23,48
63765,63813,63836,23,48
63765,63813,63836,23,48
63765,63813,63836,23,48
63765,63813,63836,23,48
63765,63813,63836,23,48
63765,63813,63836,23,48
63765,63814,63837,23,49
63765,63814,63838,24,49
63765,63814,63838,24,49
63765,63814,63837,23,49
63765,63814,63838,24,49
63765,63815,63837,22,50
63765,63814,63838,24,49
63765,63814,63838,24,49
63765,63814,63838,24,49
63765,63814,63838,24,49
63765,63814,63838,24,49
63765,63835,63858,23,70
63765,63836,63860,24,71
63765,63836,63860,24,71
63765,63837,63860,23,72
63765,63837,63861,24,72
63765,63838,63861,23,73
63765,63837,63861,24,72
63765,63837,63861,24,72
63765,63838,63861,23,73
63765,63838,63862,24,73
63765,63838,63861,23,73
63765,63838,63862,24,73
63765,63839,63862,23,74
63765,63837,63861,24,72
63765,63837,63862,25,72
63765,63837,63862,25,72
63765,63838,63862,24,73
63765,63838,63862,24,73
63765,63839,63862,23,74
63765,63839,63865,26,74
63765,63858,63882,24,93
63765,63861,63883,22,96
63765,63860,63884,24,95
63765,63860,63885,25,95
63765,63862,63885,23,97
63765,63861,63885,24,96
63765,63861,63884,23,96
63765,63863,63885,22,98
63765,63862,63886,24,97
63765,63862,63886,24,97
63765,63861,63885,24,96
63765,63862,63886,24,97
63765,63861,63885,24,96
63765,63863,63886,23,98
63765,63862,63887,25,97
63765,63862,63887,25,97
63765,63863,63887,24,98
63765,63863,63887,24,98
63765,63863,63888,25,98
63765,63865,63889,24,100
63765,63882,63905,23,117
63765,63885,63908,23,120
63765,63884,63908,24,119
63765,63885,63909,24,120
63765,63884,63909,25,119
63765,63886,63909,23,121
63765,63886,63910,24,121
63765,63886,63910,24,121
63765,63887,63910,23,122
63765,63885,63910,25,120
63765,63885,63910,25,120
63765,63886,63910,24,121
63765,63887,63910,23,122
63765,63886,63910,24,121
63765,63887,63911,24,122
63765,63888,63911,23,123
63765,63888,63911,23,123
63765,63888,63912,24,123
63765,63889,63912,23,124
63765,63890,63914,24,125
63765,63905,63930,25,140
63765,63908,63932,24,143
63765,63909,63932,23,144
63765,63910,63933,23,145
63765,63910,63934,24,145
63765,63911,63934,23,146
63765,63910,63934,24,145
63765,63911,63934,23,146
63765,63910,63934,24,145
63765,63911,63934,23,146
63765,63911,63935,24,146
63765,63911,63934,23,146
63765,63911,63935,24,146
63765,63911,63935,24,146
63765,63912,63936,24,147
63765,63913,63936,23,148
63765,63912,63936,24,147
63765,63911,63936,25,146
63765,63913,63938,25,148
63765,63915,63940,25,150
63765,63931,63955,24,166
63765,63932,63956,24,167
63765,63934,63957,23,169
63765,63933,63958,25,168
63765,63934,63958,24,169
63765,63934,63958,24,169
63765,63935,63958,23,170
63765,63935,63959,24,170
63765,63935,63959,24,170
63765,63936,63958,22,171
63765,63935,63959,24,170
63765,63935,63959,24,170
63765,63936,63959,23,171
63765,63936,63959,23,171
63765,63935,63959,24,170
63765,63936,63960,24,171
63765,63936,63959,23,171
63765,63938,63961,23,173
63765,63937,63962,25,172
63765,63940,63964,24,175
63765,63956,63978,22,191
63765,63957,63979,22,192
63765,63959,63980,21,194
63765,63958,63980,22,193
63765,63958,63981,23,193
63765,63959,63982,23,194
63765,63959,63982,23,194
63765,63959,63982,23,194
63765,63960,63983,23,195
63765,63959,63984,25,194
63765,63959,63984,25,194
63765,63959,63983,24,194
63765,63961,63984,23,196
63765,63960,63985,25,195
63765,63959,63985,26,194
63765,63959,63984,25,194
63765,63963,63985,22,198
63765,63960,63985,25,195
63765,63960,63985,25,195
63765,63964,63987,23,199
63765,63980,64003,23,215
63765,63979,64003,24,214
63765,63981,64003,22,216
63765,63981,64003,22,216
63765,63981,64003,22,216
63765,63984,64006,22,219
63765,63983,64006,23,218
63765,63983,64006,23,218
63765,63983,64006,23,218
63765,63984,64007,23,219
63765,63984,64007,23,219
63765,63985,64008,23,220
63765,63985,64008,23,220
63765,63985,64008,23,220
63765,63985,64008,23,220
63765,63984,64008,24,219
63765,63984,64008,24,219
63765,63986,64009,23,221
63765,63985,64008,23,220
63765,63987,64012,25,222
64019,64020,64041,21,1
64019,64020,64042,22,1
64019,64020,64042,22,1
64019,64020,64042,22,1
64019,64020,64042,22,1
64019,64020,64043,23,1
64019,64020,64042,22,1
64019,64020,64042,22,1
64019,64020,64042,22,1
64019,64020,64043,23,1
64019,64020,64042,22,1
64019,64020,64043,23,1
64019,64020,64043,23,1
64019,64020,64043,23,1
64019,64020,64043,23,1
64019,64020,64043,23,1
64019,64020,64044,24,1
64019,64020,64043,23,1
64019,64020,64043,23,1
64019,64020,64047,27,1
64019,64042,64065,23,23
64019,64043,64066,23,24
64019,64044,64065,21,25
64019,64043,64065,22,24
64019,64043,64065,22,24
64019,64043,64066,23,24
64019,64044,64066,22,25
64019,64044,64066,22,25
64019,64044,64066,22,25
64019,64043,64066,23,24
64019,64043,64066,23,24
64019,64043,64066,23,24
64019,64043,64066,23,24
64019,64044,64067,23,25
64019,64043,64066,23,24
64019,64043,64067,24,24
64019,64044,64067,23,25
64019,64044,64066,22,25
64019,64044,64067,23,25
64019,64047,64070,23,28
64019,64066,64088,22,47
64019,64065,64089,24,46
64019,64066,64089,23,47
64019,64066,64089,23,47
64019,64067,64089,22,48
64019,64066,64088,22,47
64019,64066,64088,22,47
64019,64067,64088,21,48
64019,64067,64090,23,48
64019,64067,64089,22,48
64019,64067,64090,23,48
64019,64067,64090,23,48
64019,64067,64090,23,48
64019,64067,64091,24,48
64019,64068,64090,22,49
64019,64067,64091,24,48
64019,64067,64091,24,48
64019,64067,64090,23,48
64019,64067,64091,24,48
64019,64070,64093,23,51
64019,64089,64112,23,70
64019,64088,64111,23,69
64019,64089,64112,23,70
64019,64089,64112,23,70
64019,64089,64112,23,70
64019,64090,64113,23,71
64019,64089,64112,23,70
64019,64090,64112,22,71
64019,64090,64113,23,71
64019,64090,64113,23,71
64019,64091,64114,23,72
64019,64089,64113,24,70
64019,64089,64114,25,70
64019,64091,64114,23,72
64019,64091,64114,23,72
64019,64092,64115,23,73
64019,64091,64115,24,72
64019,64091,64115,24,72
64019,64091,64116,25,72
64019,64093,64118,25,74
64019,64112,64134,22,93
64019,64113,64136,23,94
64019,64112,64136,24,93
64019,64112,64136,24,93
64019,64113,64136,23,94
64019,64112,64136,24,93
64019,64114,64136,22,95
64019,64113,64137,24,94
64019,64115,64137,22,96
64019,64113,64137,24,94
64019,64115,64137,22,96
64019,64115,64137,22,96
64019,64114,64138,24,95
64019,64115,64138,23,96
64019,64114,64138,24,95
64019,64115,64138,23,96
64019,64116,64138,22,97
64019,64115,64139,24,96
64019,64117,64139,22,98
64019,64118,64141,23,99
64019,64135,64158,23,116
64019,64137,64159,22,118
64019,64137,64160,23,118
64019,64137,64160,23,118
64019,64137,64159,22,118
64019,64137,64160,23,118
64019,64139,64161,22,120
64019,64138,64161,23,119
64019,64138,64160,22,119
64019,64137,64161,24,118
64019,64139,64161,22,120
64019,64138,64162,24,119
64019,64138,64161,23,119
64019,64139,64162,23,120
64019,64139,64162,23,120
64019,64139,64163,24,120
64019,64138,64162,24,119
64019,64140,64163,23,121
64019,64140,64163,23,121
64019,64142,64165,23,123
64019,64160,64183,23,141
64019,64159,64183,24,140
64019,64160,64183,23,141
64019,64160,64183,23,141
64019,64159,64183,24,140
64019,64161,64184,23,142
64019,64160,64184,24,141
64019,64161,64184,23,142
64019,64161,64183,22,142
64019,64161,64184,23,142
64019,64162,64184,22,143
64019,64162,64185,23,143
64019,64163,64185,22,144
64019,64162,64185,23,143
64019,64162,64185,23,143
64019,64164,64186,22,145
64019,64164,64186,22,145
64019,64163,64186,23,144
64019,64163,64187,24,144
64019,64165,64189,24,146
64019,64183,64205,22,164
64019,64183,64205,22,164
64019,64183,64206,23,164
64019,64183,64205,22,164
64019,64183,64206,23,164
64019,64184,64207,23,165
64019,64184,64207,23,165
64019,64184,64208,24,165
64019,64184,64207,23,165
64019,64185,64208,23,166
64019,64185,64207,22,166
64019,64184,64207,23,165
64019,64185,64208,23,166
64019,64185,64208,23,166
64019,64185,64209,24,166
64019,64187,64209,22,168
64019,64187,64210,23,168
64019,64187,64210,23,168
64019,64187,64211,24,168
64019,64189,64212,23,170
64019,64205,64227,22,186
64019,64205,64228,23,186
64019,64206,64229,23,187
64019,64206,64229,23,187
64019,64207,64229,22,188
64019,64206,64230,24,187
64019,64207,64231,24,188
64019,64209,64231,22,190
64019,64208,64231,23,189
64019,64208,64231,23,189
64019,64208,64232,24,189
64019,64208,64231,23,189
64019,64209,64232,23,190
64019,64208,64232,24,189
64019,64208,64232,24,189
64019,64210,64233,23,191
64019,64209,64233,24,190
64019,64211,64234,23,192
64019,64212,64234,22,193
64019,64212,64235,23,193
64019,64228,64251,23,209
64019,64228,64251,23,209
64019,64229,64252,23,210
64019,64230,64252,22,211
64019,64230,64253,23,211
64019,64231,64254,23,212
64019,64231,64254,23,212
64019,64233,64255,22,214
64019,64231,64254,23,212
64019,64232,64254,22,213
64019,64232,64254,22,213
64019,64232,64254,22,213
64019,64231,64255,24,212
64019,64231,64255,24,212
64019,64232,64255,23,213
64019,64234,64256,22,215
64019,64234,64256,22,215
64019,64235,64258,23,216
64019,64236,64259,23,217
64019,64235,64259,24,216
64266,64266,64288,22,0
64266,64266,64288,22,0
64266,64267,64289,22,1
64266,64266,64289,23,0
64266,64266,64289,23,0
64266,64266,64289,23,0
64266,64267,64289,22,1
64266,64266,64289,23,0
64266,64266,64289,23,0
64266,64266,64289,23,0
64266,64266,64289,23,0
64266,64266,64289,23,0
64266,64267,64289,22,1
64266,64267,64289,22,1
64266,64266,64289,23,0
64266,64267,64289,22,1
64266,64266,64289,23,0
64266,64267,64289,22,1
64266,64266,64290,24,0
64266,64267,64290,23,1
64266,64290,64310,20,24
64266,64289,64311,22,23
64266,64289,64310,21,23
64266,64290,64311,21,24
64266,64290,64311,21,24
64266,64290,64312,22,24
64266,64290,64311,21,24
64266,64290,64311,21,24
64266,64289,64311,22,23
64266,64290,64313,23,24
64266,64290,64313,23,24
64266,64290,64313,23,24
64266,64290,64312,22,24
64266,64290,64312,22,24
64266,64290,64312,22,24
64266,64290,64312,22,24
64266,64291,64312,21,25
64266,64290,64312,22,24
64266,64290,64313,23,24
64266,64291,64314,23,25
64266,64311,64333,22,45
64266,64312,64334,22,46
64266,64312,64334,22,46
64266,64311,64333,22,45
64266,64312,64334,22,46
64266,64312,64334,22,46
64266,64313,64334,21,47
64266,64312,64335,23,46
64266,64313,64335,22,47
64266,64313,64335,22,47
64266,64312,64335,23,46
64266,64313,64336,23,47
64266,64313,64335,22,47
64266,64311,64336,25,45
64266,64313,64336,23,47
64266,64313,64336,23,47
64266,64313,64336,23,47
64266,64314,64336,22,48
64266,64313,64336,23,47
64266,64315,64337,22,49
64266,64334,64356,22,68
64266,64334,64356,22,68
64266,64334,64356,22,68
64266,64335,64357,22,69
64266,64335,64357,22,69
64266,64335,64357,22,69
64266,64335,64357,22,69
64266,64334,64357,23,68
64266,64335,64357,22,69
64266,64335,64358,23,69
64266,64337,64358,21,71
64266,64336,64359,23,70
64266,64336,64359,23,70
64266,64336,64359,23,70
64266,64336,64360,24,70
64266,64337,64360,23,71
64266,64337,64360,23,71
64266,64336,64360,24,70
64266,64337,64360,23,71
64266,64338,64361,23,72
64266,64356,64378,22,90
64266,64356,64379,23,90
64266,64357,64379,22,91
64266,64358,64379,21,92
64266,64356,64379,23,90
64266,64357,64380,23,91
64266,64357,64380,23,91
64266,64357,64380,23,91
64266,64359,64381,22,93
64266,64359,64381,22,93
64266,64359,64381,22,93
64266,64357,64381,24,91
64266,64357,64381,24,91
64266,64359,64382,23,93
64266,64360,64383,23,94
64266,64360,64383,23,94
64266,64360,64384,24,94
64266,64360,64384,24,94
64266,64360,64384,24,94
64266,64362,64384,22,96
64266,64379,64401,22,113
64266,64379,64401,22,113
64266,64380,64401,21,114
64266,64379,64401,22,113
64266,64382,64403,21,116
64266,64380,64403,23,114
64266,64380,64403,23,114
64266,64382,64403,21,116
64266,64382,64403,21,116
64266,64381,64403,22,115
64266,64382,64403,21,116
64266,64380,64404,24,114
64266,64382,64404,22,116
64266,64383,64404,21,117
64266,64383,64404,21,117
64266,64384,64405,21,118
64266,64384,64405,21,118
64266,64385,64406,21,119
64266,64385,64408,23,119
64266,64385,64408,23,119
64266,64402,64422,20,136
64266,64402,64423,21,136
64266,64402,64423,21,136
64266,64401,64424,23,135
64266,64403,64424,21,137
64266,64404,64425,21,138
64266,64404,64426,22,138
64266,64404,64426,22,138
64266,64404,64426,22,138
64266,64405,64427,22,139
64266,64404,64426,22,138
64266,64405,64427,22,139
64266,64405,64426,21,139
64266,64404,64427,23,138
64266,64406,64428,22,140
64266,64405,64428,23,139
64266,64406,64428,22,140
64266,64407,64429,22,141
64266,64408,64432,24,142
64266,64409,64432,23,143
64266,64422,64444,22,156
64266,64424,64447,23,158
64266,64424,64447,23,158
64266,64425,64448,23,159
64266,64425,64448,23,159
64266,64426,64449,23,160
64266,64426,64449,23,160
64266,64427,64449,22,161
64266,64427,64449,22,161
64266,64427,64449,22,161
64266,64427,64450,23,161
64266,64427,64449,22,161
64266,64428,64450,22,162
64266,64426,64449,23,160
64266,64428,64450,22,162
64266,64428,64452,24,162
64266,64429,64452,23,163
64266,64428,64452,24,162
64266,64432,64455,23,166
64266,64433,64456,23,167
64266,64445,64468,23,179
64266,64447,64470,23,181
64266,64448,64471,23,182
64266,64448,64471,23,182
64266,64448,64471,23,182
64266,64449,64472,23,183
64266,64450,64473,23,184
64266,64450,64472,22,184
64266,64450,64473,23,184
64266,64450,64473,23,184
64266,64449,64473,24,183
64266,64450,64473,23,184
64266,64450,64474,24,184
64266,64450,64473,23,184
64266,64451,64474,23,185
64266,64452,64475,23,186
64266,64452,64475,23,186
64266,64452,64476,24,186
64266,64455,64478,23,189
64266,64456,64479,23,190
64266,64468,64491,23,202
64266,64470,64493,23,204
64266,64471,64494,23,205
64266,64471,64494,23,205
64266,64472,64495,23,206
64266,64473,64495,22,207
64266,64474,64495,21,208
64266,64472,64495,23,206
64266,64473,64496,23,207
64266,64474,64496,22,208
64266,64473,64496,23,207
64266,64473,64497,24,207
64266,64474,64496,22,208
64266,64474,64496,22,208
64266,64475,64497,22,209
64266,64475,64499,24,209
64266,64477,64499,22,211
64266,64476,64500,24,210
64266,64479,64501,22,213
64266,64480,64503,23,214
64509,64509,64531,22,0
64509,64509,64531,22,0
64509,64509,64532,23,0
64509,64510,64531,21,1
64509,64510,64531,21,1
64509,64509,64533,24,0
64509,64510,64532,22,1
64509,64509,64532,23,0
64509,64510,64532,22,1
64509,64510,64532,22,1
64509,64509,64532,23,0
64509,64510,64532,22,1
64509,64509,64532,23,0
64509,64510,64532,22,1
64509,64510,64532,22,1
64509,64509,64532,23,0
64509,64510,64532,22,1
64509,64509,64533,24,0
64509,64509,64533,24,0
64509,64509,64534,25,0
64509,64532,64553,21,23
64509,64532,64553,21,23
64509,64532,64554,22,23
64509,64533,64555,22,24
64509,64533,64554,21,24
64509,64533,64555,22,24
64509,64532,64554,22,23
64509,64532,64554,22,23
64509,64533,64555,22,24
64509,64533,64555,22,24
64509,64533,64555,22,24
64509,64534,64555,21,25
64509,64533,64555,22,24
64509,64534,64556,22,25
64509,64533,64556,23,24
64509,64533,64555,22,24
64509,64533,64556,23,24
64509,64533,64556,23,24
64509,64533,64555,22,24
64509,64534,64556,22,25
64509,64555,64575,20,46
64509,64554,64576,22,45
64509,64554,64576,22,45
64509,64554,64577,23,45
64509,64555,64577,22,46
64509,64555,64576,21,46
64509,64556,64578,22,47
64509,64555,64578,23,46
64509,64555,64577,22,46
64509,64556,64577,21,47
64509,64556,64577,21,47
64509,64556,64578,22,47
64509,64556,64578,22,47
64509,64555,64577,22,46
64509,64556,64577,21,47
64509,64556,64579,23,47
64509,64556,64578,22,47
64509,64556,64579,23,47
64509,64556,64578,22,47
64509,64557,64580,23,48
64509,64576,64599,23,67
64509,64577,64599,22,68
64509,64577,64599,22,68
64509,64577,64599,22,68
64509,64577,64598,21,68
64509,64577,64599,22,68
64509,64578,64600,22,69
64509,64578,64600,22,69
64509,64578,64600,22,69
64509,64578,64600,22,69
64509,64578,64601,23,69
64509,64578,64600,22,69
64509,64578,64601,23,69
64509,64579,64601,22,70
64509,64578,64601,23,69
64509,64578,64601,23,69
64509,64579,64602,23,70
64509,64579,64601,22,70
64509,64579,64601,22,70
64509,64580,64603,23,71
64509,64599,64621,22,90
64509,64600,64622,22,91
64509,64600,64622,22,91
64509,64599,64622,23,90
64509,64599,64623,24,90
64509,64599,64623,24,90
64509,64601,64623,22,92
64509,64600,64624,24,91
64509,64599,64624,25,90
64509,64601,64624,23,92
64509,64601,64624,23,92
64509,64599,64624,25,90
64509,64601,64623,22,92
64509,64601,64624,23,92
64509,64602,64625,23,93
64509,64601,64625,24,92
64509,64602,64626,24,93
64509,64602,64627,25,93
64509,64602,64627,25,93
64509,64603,64629,26,94
64509,64623,64645,22,114
64509,64623,64645,22,114
64509,64624,64647,23,115
64509,64624,64646,22,115
64509,64622,64646,24,113
64509,64624,64647,23,115
64509,64624,64646,22,115
64509,64622,64646,24,113
64509,64622,64646,24,113
64509,64624,64648,24,115
64509,64624,64647,23,115
64509,64624,64647,23,115
64509,64626,64648,22,117
64509,64624,64647,23,115
64509,64625,64648,23,116
64509,64626,64648,22,117
64509,64628,64649,21,119
64509,64628,64650,22,119
64509,64627,64650,23,118
64509,64630,64652,22,121
64509,64646,64668,22,137
64509,64647,64669,22,138
64509,64646,64668,22,137
64509,64647,64668,21,138
64509,64648,64670,22,139
64509,64647,64669,22,138
64509,64647,64670,23,138
64509,64647,64669,22,138
64509,64647,64670,23,138
64509,64648,64670,22,139
64509,64648,64670,22,139
64509,64648,64670,22,139
64509,64647,64670,23,138
64509,64649,64670,21,140
64509,64649,64671,22,140
64509,64648,64671,23,139
64509,64650,64672,22,141
64509,64651,64672,21,142
64509,64651,64673,22,142
64509,64652,64675,23,143
64509,64669,64690,21,160
64509,64669,64691,22,160
64509,64670,64692,22,161
64509,64670,64692,22,161
64509,64670,64692,22,161
64509,64670,64692,22,161
64509,64669,64691,22,160
64509,64669,64691,22,160
64509,64670,64692,22,161
64509,64671,64692,21,162
64509,64670,64692,22,161
64509,64670,64693,23,161
64509,64671,64694,23,162
64509,64671,64694,23,162
64509,64671,64695,24,162
64509,64674,64696,22,165
64509,64672,64697,25,163
64509,64673,64696,23,164
64509,64673,64697,24,164
64509,64675,64698,23,166
64509,64692,64714,22,183
64509,64692,64714,22,183
64509,64692,64714,22,183
64509,64691,64714,23,182
64509,64692,64714,22,183
64509,64692,64714,22,183
64509,64693,64715,22,184
64509,64692,64714,22,183
64509,64692,64715,23,183
64509,64693,64716,23,184
64509,64693,64716,23,184
64509,64694,64717,23,185
64509,64692,64717,25,183
64509,64695,64718,23,186
64509,64697,64719,22,188
64509,64697,64719,22,188
64509,64697,64719,22,188
64509,64696,64719,23,187
64509,64697,64720,23,188
64509,64699,64722,23,190
64509,64715,64736,21,206
64509,64715,64737,22,206
64509,64715,64736,21,206
64509,64714,64737,23,205
64509,64715,64737,22,206
64509,64714,64738,24,205
64509,64714,64738,24,205
64509,64714,64738,24,205
64509,64716,64738,22,207
64509,64716,64739,23,207
64509,64715,64741,26,206
129850,129851,129873,22,1
129850,129851,129875,24,1
129850,129851,129874,23,1
129850,129851,129874,23,1
129850,129851,129874,23,1
129850,129851,129875,24,1
129850,129851,129875,24,1
129850,129851,129875,24,1
129850,129851,129875,24,1
129850,129851,129875,24,1
129850,129851,129875,24,1
129850,129851,129876,25,1
129850,129851,129875,24,1
129850,129851,129875,24,1
129850,129851,129875,24,1
129850,129851,129876,25,1
129850,129851,129877,26,1
129850,129851,129876,25,1
129850,129851,129877,26,1
129850,129851,129877,26,1
129850,129875,129898,23,25
129850,129875,129898,23,25
129850,129875,129898,23,25
129850,129875,129899,24,25
129850,129876,129900,24,26
129850,129875,129900,25,25
129850,129874,129900,26,24
129850,129876,129900,24,26
129850,129876,129900,24,26
129850,129876,129900,24,26
129850,129876,129900,24,26
129850,129876,129902,26,26
129850,129876,129902,26,26
129850,129876,129901,25,26
129850,129877,129902,25,27
129850,129876,129902,26,26
129850,129877,129902,25,27
129850,129877,129904,27,27
129850,129878,129904,26,28
129850,129877,129904,27,27
129850,129898,129923,25,48
129850,129899,129924,25,49
129850,129900,129924,24,50
129850,129901,129924,23,51
129850,129899,129924,25,49
129850,129900,129925,25,50
129850,129901,129926,25,51
129850,129900,129926,26,50
129850,129901,129925,24,51
129850,129901,129926,25,51
129850,129901,129927,26,51
129850,129902,129927,25,52
129850,129904,129928,24,54
129850,129902,129928,26,52
129850,129903,129928,25,53
129850,129903,129928,25,53
129850,129902,129928,26,52
129850,129904,129929,25,54
129850,129903,129929,26,53
129850,129905,129929,24,55
129850,129923,129947,24,73
129850,129925,129949,24,75
129850,129925,129949,24,75
129850,129925,129949,24,75
129850,129925,129950,25,75
129850,129926,129950,24,76
129850,129924,129950,26,74
129850,129926,129951,25,76
129850,129927,129951,24,77
129850,129926,129952,26,76
129850,129927,129952,25,77
129850,129928,129952,24,78
129850,129928,129953,25,78
129850,129929,129952,23,79
129850,129927,129953,26,77
129850,129929,129954,25,79
129850,129929,129954,25,79
129850,129928,129954,26,78
129850,129928,129954,26,78
129850,129929,129954,25,79
129850,129948,129972,24,98
129850,129949,129974,25,99
129850,129950,129975,25,100
129850,129949,129975,26,99
129850,129950,129975,25,100
129850,129951,129976,25,101
129850,129953,129977,24,103
129850,129951,129976,25,101
129850,129951,129977,26,101
129850,129952,129977,25,102
129850,129953,129978,25,103
129850,129954,129977,23,104
129850,129954,129979,25,104
129850,129950,129978,28,100
129850,129953,129978,25,103
129850,129955,129979,24,105
129850,129953,129978,25,103
129850,129955,129979,24,105
129850,129954,129980,26,104
129850,129955,129980,25,105
129850,129973,129998,25,123
129850,129975,130000,25,125
129850,129976,130000,24,126
129850,129976,130001,25,126
129850,129976,130001,25,126
129850,129976,130001,25,126
129850,129978,130002,24,128
129850,129978,130003,25,128
129850,129979,130003,24,129
129850,129977,130002,25,127
129850,129979,130003,24,129
129850,129979,130003,24,129
129850,129979,130003,24,129
129850,129977,130003,26,127
129850,129978,130004,26,128
129850,129978,130004,26,128
129850,129981,130005,24,131
129850,129979,130004,25,129
129850,129981,130005,24,131
129850,129980,130007,27,130
129850,129998,130023,25,148
129850,130001,130024,23,151
129850,130003,130026,23,153
129850,130001,130026,25,151
129850,130002,130027,25,152
129850,130003,130026,23,153
129850,130003,130027,24,153
129850,130004,130026,22,154
129850,130002,130027,25,152
129850,130003,130027,24,153
129850,130001,130027,26,151
129850,130004,130028,24,154
129850,130005,130028,23,155
129850,130003,130029,26,153
129850,130004,130029,25,154
129850,130004,130028,24,154
129850,130004,130029,25,154
129850,130005,130030,25,155
129850,130006,130031,25,156
129850,130008,130031,23,158
129850,130024,130047,23,174
129850,130023,130049,26,173
129850,130026,130050,24,176
129850,130027,130050,23,177
129850,130027,130050,23,177
129850,130027,130050,23,177
129850,130028,130052,24,178
129850,130028,130052,24,178
129850,130029,130052,23,179
129850,130027,130052,25,177
129850,130027,130052,25,177
129850,130028,130052,24,178
129850,130028,130052,24,178
129850,130029,130053,24,179
129850,130028,130053,25,178
129850,130030,130054,24,180
129850,130031,130054,23,181
129850,130029,130054,25,179
129850,130030,130056,26,180
129850,130032,130056,24,182
129850,130047,130071,24,197
129850,130050,130073,23,200
129850,130049,130073,24,199
129850,130050,130075,25,200
129850,130051,130075,24,201
129850,130051,130076,25,201
129850,130052,130076,24,202
129850,130052,130076,24,202
129850,130053,130076,23,203
129850,130053,130076,23,203
129850,130053,130076,23,203
129850,130052,130077,25,202
129850,130054,130077,23,204
129850,130052,130078,26,202
129850,130054,130078,24,204
129850,130052,130078,26,202
129850,130054,130078,24,204
129850,130054,130079,25,204
129850,130057,130082,25,207
129850,130056,130082,26,206
129850,130072,130094,22,222
129850,130074,130096,22,224
129850,130076,130099,23,226
129850,130074,130099,25,224
129850,130077,130100,23,227
129850,130076,130100,24,226
129850,130077,130100,23,227
129850,130077,130101,24,227
129850,130076,130101,25,226
129850,130076,130101,25,226
129850,130078,130102,24,228
129850,130078,130101,23,228
129850,130076,130102,26,226
129850,130079,130103,24,229
129850,130080,130103,23,230
129850,130079,130104,25,229
129850,130079,130105,26,229
129850,130082,130105,23,232
129850,130082,130107,25,232
129850,130079,130107,28,229
130114,130115,130137,22,1
130114,130115,130138,23,1
130114,130115,130137,22,1
130114,130115,130137,22,1
130114,130115,130138,23,1
130114,130115,130138,23,1
130114,130115,130138,23,1
130114,130115,130138,23,1
130114,130115,130138,23,1
130114,130115,130138,23,1
130114,130115,130138,23,1
130114,130115,130139,24,1
130114,130115,130139,24,1
130114,130115,130139,24,1
130114,130115,130139,24,1
130114,130115,130140,25,1
130114,130115,130140,25,1
130114,130115,130139,24,1
130114,130115,130139,24,1
130114,130115,130140,25,1
130114,130138,130161,23,24
130114,130139,130162,23,25
130114,130139,130162,23,25
130114,130138,130161,23,24
130114,130139,130163,24,25
130114,130139,130163,24,25
130114,130140,130163,23,26
130114,130140,130162,22,26
130114,130138,130162,24,24
130114,130139,130163,24,25
130114,130140,130164,24,26
130114,130140,130163,23,26
130114,130139,130163,24,25
130114,130140,130164,24,26
130114,130140,130163,23,26
130114,130138,130163,25,24
130114,130141,130164,23,27
130114,130140,130164,24,26
130114,130139,130165,26,25
130114,130140,130165,25,26
130114,130162,130186,24,48
130114,130162,130186,24,48
130114,130164,130187,23,50
130114,130164,130187,23,50
130114,130162,130188,26,48
130114,130162,130187,25,48
130114,130163,130188,25,49
130114,130163,130188,25,49
130114,130163,130188,25,49
130114,130163,130188,25,49
130114,130164,130188,24,50
130114,130166,130189,23,52
130114,130164,130189,25,50
130114,130163,130188,25,49
130114,130164,130189,25,50
130114,130164,130189,25,50
130114,130164,130190,26,50
130114,130164,130190,26,50
130114,130165,130190,25,51
130114,130166,130191,25,52
130114,130186,130211,25,72
130114,130187,130212,25,73
130114,130187,130212,25,73
130114,130188,130212,24,74
130114,130187,130213,26,73
130114,130189,130213,24,75
130114,130188,130213,25,74
130114,130188,130214,26,74
130114,130189,130214,25,75
130114,130189,130214,25,75
130114,130188,130214,26,74
130114,130190,130214,24,76
130114,130189,130214,25,75
130114,130190,130214,24,76
130114,130188,130215,27,74
130114,130189,130215,26,75
130114,130191,130216,25,77
130114,130191,130217,26,77
130114,130192,130217,25,78
130114,130188,130219,31,74
130114,130211,130235,24,97
130114,130212,130236,24,98
130114,130212,130236,24,98
130114,130212,130238,26,98
130114,130214,130238,24,100
130114,130214,130239,25,100
130114,130215,130239,24,101
130114,130213,130240,27,99
130114,130214,130240,26,100
130114,130214,130241,27,100
130114,130214,130241,27,100
130114,130214,130241,27,100
130114,130215,130241,26,101
130114,130216,130241,25,102
130114,130213,130242,29,99
130114,130217,130242,25,103
130114,130217,130243,26,103
130114,130215,130243,28,101
130114,130218,130245,27,104
130114,130220,130248,28,106
130114,130236,130260,24,122
130114,130237,130261,24,123
130114,130237,130264,27,123
130114,130240,130264,24,126
130114,130239,130264,25,125
130114,130241,130266,25,127
130114,130241,130265,24,127
130114,130240,130265,25,126
130114,130242,130266,24,128
130114,130242,130267,25,128
130114,130242,130267,25,128
130114,130242,130267,25,128
130114,130242,130267,25,128
130114,130243,130268,25,129
130114,130239,130269,30,125
130114,130243,130269,26,129
130114,130243,130269,26,129
130114,130243,130269,26,129
130114,130246,130271,25,132
130114,130249,130273,24,135
130114,130261,130286,25,147
130114,130264,130287,23,150
130114,130262,130288,26,148
130114,130265,130288,23,151
130114,130264,130289,25,150
130114,130266,130291,25,152
130114,130266,130292,26,152
130114,130267,130291,24,153
130114,130267,130291,24,153
130114,130266,130292,26,152
130114,130269,130292,23,155
130114,130267,130293,26,153
130114,130268,130293,25,154
130114,130268,130293,25,154
130114,130269,130294,25,155
130114,130270,130295,25,156
130114,130270,130295,25,156
130114,130269,130295,26,155
130114,130272,130296,24,158
130114,130274,130299,25,160
130114,130289,130313,24,175
130114,130289,130313,24,175
130114,130287,130313,26,173
130114,130290,130314,24,176
130114,130288,130314,26,174
130114,130291,130315,24,177
130114,130292,130316,24,178
130114,130293,130316,23,179
130114,130292,130316,24,178
130114,130292,130317,25,178
130114,130293,130318,25,179
130114,130293,130318,25,179
130114,130294,130319,25,180
130114,130293,130319,26,179
130114,130294,130319,25,180
130114,130295,130320,25,181
130114,130295,130320,25,181
130114,130295,130320,25,181
130114,130296,130320,24,182
130114,130300,130324,24,186
130114,130314,130337,23,200
130114,130313,130337,24,199
130114,130313,130338,25,199
130114,130313,130339,26,199
130114,130314,130341,27,200
130114,130315,130341,26,201
130114,130316,130342,26,202
130114,130316,130342,26,202
130114,130316,130342,26,202
130114,130318,130342,24,204
130114,130318,130343,25,204
130114,130317,130343,26,203
130114,130319,130344,25,205
130114,130319,130344,25,205
130114,130319,130345,26,205
130114,130321,130345,24,207
130114,130321,130346,25,207
130114,130320,130346,26,206
130114,130320,130347,27,206
130114,130324,130348,24,210
130114,130337,130361,24,223
130114,130338,130363,25,224
130114,130339,130364,25,225
130114,130340,130366,26,226
130114,130342,130366,24,228
130114,130344,130368,24,230
130114,130342,130368,26,228
130114,130343,130368,25,229
130114,130344,130369,25,230
130114,130342,130369,27,228
130114,130342,130370,28,228
130114,130343,130370,27,229
130114,130345,130370,25,231
130114,130346,130371,25,232
130114,130345,130371,26,231
130114,130346,130372,26,232
130114,130347,130373,26,233
130114,130348,130373,25,234
130114,130349,130373,24,235
130114,130347,130373,26,233
130381,130381,130405,24,0
130381,130381,130405,24,0
130381,130381,130406,25,0
130381,130381,130405,24,0
130381,130381,130406,25,0
130381,130381,130406,25,0
130381,130381,130406,25,0
130381,130381,130405,24,0
130381,130381,130406,25,0
130381,130381,130406,25,0
130381,130381,130406,25,0
130381,130381,130407,26,0
130381,130381,130406,25,0
130381,130381,130406,25,0
130381,130381,130407,26,0
130381,130381,130406,25,0
130381,130381,130406,25,0
130381,130381,130407,26,0
130381,130381,130407,26,0
130381,130381,130408,27,0
130381,130406,130429,23,25
130381,130406,130429,23,25
130381,130406,130430,24,25
130381,130405,130429,24,24
130381,130406,130431,25,25
130381,130407,130431,24,26
130381,130407,130431,24,26
130381,130407,130431,24,26
130381,130406,130430,24,25
130381,130406,130430,24,25
130381,130407,130431,24,26
130381,130407,130431,24,26
130381,130406,130431,25,25
130381,130407,130431,24,26
130381,130407,130432,25,26
130381,130408,130433,25,27
130381,130407,130433,26,26
130381,130408,130434,26,27
130381,130407,130434,27,26
130381,130408,130433,25,27
130381,130429,130455,26,48
130381,130430,130456,26,49
130381,130431,130455,24,50
130381,130430,130455,25,49
130381,130431,130456,25,50
130381,130431,130456,25,50
130381,130434,130457,23,53
130381,130430,130456,26,49
130381,130432,130457,25,51
130381,130431,130457,26,50
130381,130431,130457,26,50
130381,130431,130457,26,50
130381,130432,130457,25,51
130381,130434,130458,24,53
130381,130432,130458,26,51
130381,130433,130457,24,52
130381,130433,130459,26,52
130381,130434,130459,25,53
130381,130434,130459,25,53
130381,130432,130460,28,51
130381,130455,130480,25,74
130381,130456,130480,24,75
130381,130457,130481,24,76
130381,130457,130481,24,76
130381,130456,130481,25,75
130381,130456,130481,25,75
130381,130456,130482,26,75
130381,130458,130482,24,77
130381,130456,130482,26,75
130381,130457,130482,25,76
130381,130458,130483,25,77
130381,130458,130484,26,77
130381,130460,130484,24,79
130381,130457,130484,27,76
130381,130459,130485,26,78
130381,130457,130484,27,76
130381,130457,130484,27,76
130381,130459,130484,25,78
130381,130459,130485,26,78
130381,130459,130485,26,78
130381,130481,130505,24,100
130381,130483,130506,23,102
130381,130481,130506,25,100
130381,130482,130507,25,101
130381,130482,130507,25,101
130381,130485,130508,23,104
130381,130485,130508,23,104
130381,130482,130509,27,101
130381,130482,130508,26,101
130381,130485,130508,23,104
130381,130483,130508,25,102
130381,130484,130508,24,103
130381,130483,130509,26,102
130381,130485,130510,25,104
130381,130483,130510,27,102
130381,130486,130510,24,105
130381,130485,130510,25,104
130381,130486,130511,25,105
130381,130485,130510,25,104
130381,130485,130511,26,104
130381,130508,130532,24,127
130381,130507,130532,25,126
130381,130509,130533,24,128
130381,130507,130532,25,126
130381,130506,130532,26,125
130381,130509,130532,23,128
130381,130509,130534,25,128
130381,130509,130534,25,128
130381,130509,130534,25,128
130381,130508,130533,25,127
130381,130509,130533,24,128
130381,130509,130534,25,128
130381,130510,130535,25,129
130381,130510,130534,24,129
130381,130511,130535,24,130
130381,130511,130535,24,130
130381,130511,130535,24,130
130381,130511,130536,25,130
130381,130512,130537,25,131
130381,130511,130536,25,130
130381,130534,130557,23,153
130381,130533,130558,25,152
130381,130532,130558,26,151
130381,130533,130557,24,152
130381,130532,130557,25,151
130381,130533,130558,25,152
130381,130533,130558,25,152
130381,130534,130559,25,153
130381,130534,130559,25,153
130381,130534,130559,25,153
130381,130535,130560,25,154
130381,130536,130561,25,155
130381,130534,130560,26,153
130381,130537,130561,24,156
130381,130535,130561,26,154
130381,130535,130562,27,154
130381,130536,130562,26,155
130381,130537,130561,24,156
130381,130536,130562,26,155
130381,130536,130563,27,155
130381,130557,130582,25,176
130381,130558,130582,24,177
130381,130559,130582,23,178
130381,130558,130583,25,177
130381,130558,130584,26,177
130381,130558,130584,26,177
130381,130558,130584,26,177
130381,130561,130586,25,180
130381,130561,130586,25,180
130381,130559,130586,27,178
130381,130560,130586,26,179
130381,130559,130586,27,178
130381,130561,130587,26,180
130381,130562,130587,25,181
130381,130559,130587,28,178
130381,130561,130587,26,180
130381,130563,130588,25,182
130381,130562,130588,26,181
130381,130562,130588,26,181
130381,130562,130588,26,181
130381,130582,130607,25,201
130381,130583,130607,24,202
130381,130584,130608,24,203
130381,130584,130609,25,203
130381,130583,130609,26,202
130381,130584,130609,25,203
130381,130584,130610,26,203
130381,130588,130610,22,207
130381,130588,130611,23,207
130381,130586,130612,26,205
130381,130586,130612,26,205
130381,130588,130612,24,207
130381,130587,130612,25,206
130381,130587,130612,25,206
130381,130587,130613,26,206
130381,130589,130614,25,208
130381,130588,130613,25,207
130381,130588,130614,26,207
130381,130589,130614,25,208
130381,130589,130615,26,208
130381,130607,130633,26,226
130381,130607,130632,25,226
130381,130610,130633,23,229
130381,130609,130633,24,228
130381,130610,130634,24,229
130381,130610,130635,25,229
130381,130613,130635,22,232
130381,130611,130635,24,230
130381,130613,130636,23,232
130381,130611,130636,25,230
130381,130612,130637,25,231
130381,130613,130638,25,232
130381,130612,130639,27,231
130381,130614,130638,24,233
130381,130613,130639,26,232
130381,130615,130639,24,234
130381,130613,130639,26,232
130381,130615,130640,25,234
130381,130614,130642,28,233
130381,130615,130643,28,234
130649,130650,130673,23,1
130649,130650,130673,23,1
130649,130650,130673,23,1
130649,130650,130674,24,1
130649,130650,130674,24,1
130649,130650,130675,25,1
130649,130650,130676,26,1
130649,130650,130675,25,1
130649,130650,130675,25,1
130649,130650,130675,25,1
130649,130650,130675,25,1
130649,130650,130675,25,1
130649,130650,130675,25,1
130649,130650,130676,26,1
130649,130650,130676,26,1
130649,130650,130676,26,1
130649,130649,130677,28,0
130649,130650,130677,27,1
130649,130650,130677,27,1
130649,130650,130678,28,1
130649,130674,130699,25,25
130649,130676,130699,23,27
130649,130676,130701,25,27
130649,130675,130701,26,26
130649,130676,130700,24,27
130649,130674,130700,26,25
130649,130674,130701,27,25
130649,130675,130701,26,26
130649,130675,130701,26,26
130649,130677,130700,23,28
130649,130676,130701,25,27
130649,130676,130701,25,27
130649,130676,130702,26,27
130649,130677,130701,24,28
130649,130677,130701,24,28
130649,130676,130701,25,27
130649,130678,130702,24,29
130649,130678,130702,24,29
130649,130678,130703,25,29
130649,130678,130704,26,29
130649,130700,130725,25,51
130649,130701,130725,24,52
130649,130701,130724,23,52
130649,130700,130725,25,51
130649,130701,130726,25,52
130649,130701,130725,24,52
130649,130701,130725,24,52
130649,130702,130727,25,53
130649,130702,130727,25,53
130649,130701,130726,25,52
130649,130703,130728,25,54
130649,130704,130728,24,55
130649,130701,130727,26,52
130649,130702,130728,26,53
130649,130701,130728,27,52
130649,130702,130728,26,53
130649,130702,130728,26,53
130649,130702,130729,27,53
130649,130705,130729,24,56
130649,130702,130732,30,53
130649,130725,130748,23,76
130649,130725,130749,24,76
130649,130727,130750,23,78
130649,130725,130750,25,76
130649,130726,130750,24,77
130649,130726,130751,25,77
130649,130726,130750,24,77
130649,130728,130752,24,79
130649,130727,130751,24,78
130649,130728,130753,25,79
130649,130727,130753,26,78
130649,130729,130753,24,80
130649,130728,130753,25,79
130649,130728,130753,25,79
130649,130726,130754,28,77
130649,130728,130754,26,79
130649,130729,130755,26,80
130649,130730,130755,25,81
130649,130729,130755,26,80
130649,130732,130757,25,83
130649,130749,130774,25,100
130649,130749,130775,26,100
130649,130750,130775,25,101
130649,130750,130775,25,101
130649,130751,130775,24,102
130649,130751,130777,26,102
130649,130752,130777,25,103
130649,130750,130777,27,101
130649,130752,130777,25,103
130649,130753,130778,25,104
130649,130753,130778,25,104
130649,130753,130779,26,104
130649,130753,130779,26,104
130649,130754,130780,26,105
130649,130754,130780,26,105
130649,130755,130780,25,106
130649,130754,130780,26,105
130649,130755,130780,25,106
130649,130756,130780,24,107
130649,130758,130782,24,109
130649,130776,130800,24,127
130649,130774,130801,27,125
130649,130776,130800,24,127
130649,130776,130800,24,127
130649,130776,130801,25,127
130649,130778,130803,25,129
130649,130778,130803,25,129
130649,130779,130802,23,130
130649,130778,130803,25,129
130649,130778,130803,25,129
130649,130779,130803,24,130
130649,130779,130803,24,130
130649,130781,130806,25,132
130649,130780,130805,25,131
130649,130781,130807,26,132
130649,130781,130807,26,132
130649,130781,130807,26,132
130649,130781,130807,26,132
130649,130781,130809,28,132
130649,130783,130808,25,134
130649,130802,130826,24,153
130649,130801,130827,26,152
130649,130800,130826,26,151
130649,130801,130827,26,152
130649,130801,130827,26,152
130649,130804,130828,24,155
130649,130804,130828,24,155
130649,130804,130828,24,155
130649,130803,130829,26,154
130649,130803,130828,25,154
130649,130804,130829,25,155
130649,130803,130829,26,154
130649,130806,130830,24,157
130649,130806,130830,24,157
130649,130807,130832,25,158
130649,130808,130832,24,159
130649,130807,130832,25,158
130649,130808,130834,26,159
130649,130809,130834,25,160
130649,130809,130833,24,160
130649,130826,130851,25,177
130649,130828,130852,24,179
130649,130827,130853,26,178
130649,130828,130853,25,179
130649,130827,130853,26,178
130649,130827,130853,26,178
130649,130828,130853,25,179
130649,130829,130854,25,180
130649,130829,130853,24,180
130649,130827,130853,26,178
130649,130829,130854,25,180
130649,130830,130856,26,181
130649,130831,130857,26,182
130649,130831,130856,25,182
130649,130833,130858,25,184
130649,130834,130858,24,185
130649,130833,130859,26,184
130649,130833,130859,26,184
130649,130834,130859,25,185
130649,130834,130859,25,185
130649,130851,130877,26,202
130649,130853,130877,24,204
130649,130853,130877,24,204
130649,130853,130878,25,204
130649,130854,130878,24,205
130649,130853,130878,25,204
130649,130852,130878,26,203
130649,130854,130879,25,205
130649,130854,130879,25,205
130649,130853,130879,26,204
130649,130854,130880,26,205
130649,130856,130881,25,207
130649,130857,130882,25,208
130649,130857,130883,26,208
130649,130858,130884,26,209
130649,130859,130884,25,210
130649,130859,130885,26,210
130649,130859,130886,27,210
130649,130860,130886,26,211
130649,130859,130885,26,210
130649,130878,130901,23,229
130649,130877,130902,25,228
130649,130877,130902,25,228
130649,130878,130903,25,229
130649,130878,130904,26,229
130649,130879,130904,25,230
130649,130879,130904,25,230
130649,130880,130904,24,231
130649,130878,130905,27,229
130649,130879,130905,26,230
130649,130881,130906,25,232
130649,130881,130906,25,232
130649,130884,130908,24,235
130649,130883,130908,25,234
130649,130886,130911,25,237
130649,130886,130911,25,237
130649,130885,130911,26,236
130649,130885,130910,25,236
130649,130886,130911,25,237
130649,130886,130911,25,237
130918,130918,130943,25,0
130918,130918,130943,25,0
130918,130918,130943,25,0
130918,130919,130944,25,1
130918,130918,130943,25,0
130918,130918,130943,25,0
130918,130919,130943,24,1
130918,130918,130943,25,0
130918,130919,130943,24,1
130918,130919,130943,24,1
130918,130918,130943,25,0
130918,130919,130943,24,1
130918,130919,130943,24,1
130918,130918,130944,26,0
130918,130918,130945,27,0
130918,130919,130944,25,1
130918,130919,130944,25,1
130918,130918,130944,26,0
130918,130918,130945,27,0
130918,130918,130945,27,0
130918,130944,130966,22,26
130918,130944,130968,24,26
130918,130944,130968,24,26
130918,130944,130967,23,26
130918,130944,130968,24,26
130918,130944,130968,24,26
130918,130944,130968,24,26
130918,130945,130968,23,27
130918,130944,130968,24,26
130918,130945,130969,24,27
130918,130945,130970,25,27
130918,130944,130969,25,26
130918,130944,130970,26,26
130918,130946,130970,24,28
130918,130944,130969,25,26
130918,130944,130969,25,26
130918,130944,130971,27,26
130918,130945,130970,25,27
130918,130945,130971,26,27
130918,130946,130971,25,28
130918,130968,130992,24,50
130918,130968,130993,25,50
130918,130969,130992,23,51
130918,130969,130992,23,51
130918,130967,130994,27,49
130918,130968,130993,25,50
130918,130970,130994,24,52
130918,130969,130994,25,51
130918,130969,130993,24,51
130918,130969,130994,25,51
130918,130970,130995,25,52
130918,130971,130995,24,53
130918,130971,130995,24,53
130918,130969,130994,25,51
130918,130970,130994,24,52
130918,130970,130994,24,52
130918,130970,130996,26,52
130918,130970,130996,26,52
130918,130971,130996,25,53
130918,130972,130998,26,54
130918,130993,131017,24,75
130918,130992,131017,25,74
130918,130993,131017,24,75
130918,130995,131018,23,77
130918,130994,131018,24,76
130918,130994,131019,25,76
130918,130995,131019,24,77
130918,130993,131019,26,75
130918,130994,131019,25,76
130918,130994,131020,26,76
130918,130995,131019,24,77
130918,130995,131020,25,77
130918,130994,131020,26,76
130918,130995,131020,25,77
130918,130995,131021,26,77
130918,130995,131021,26,77
130918,130996,131021,25,78
130918,130996,131022,26,78
130918,130997,131022,25,79
130918,130998,131023,25,80
130918,131017,131042,25,99
130918,131017,131042,25,99
130918,131018,131042,24,100
130918,131019,131044,25,101
130918,131018,131043,25,100
130918,131020,131043,23,102
130918,131017,131044,27,99
130918,131019,131044,25,101
130918,131020,131044,24,102
130918,131019,131044,25,101
130918,131019,131044,25,101
130918,131022,131044,22,104
130918,131020,131045,25,102
130918,131021,131045,24,103
130918,131022,131046,24,104
130918,131021,131046,25,103
130918,131022,131046,24,104
130918,131023,131047,24,105
130918,131023,131047,24,105
130918,131023,131048,25,105
130918,131044,131066,22,126
130918,131043,131067,24,125
130918,131045,131067,22,127
130918,131043,131068,25,125
130918,131044,131068,24,126
130918,131045,131068,23,127
130918,131043,131068,25,125
130918,131045,131069,24,127
130918,131045,131069,24,127
130918,131046,131070,24,128
130918,131045,131069,24,127
130918,131044,131069,25,126
130918,131045,131071,26,127
130918,131047,131072,25,129
130918,131046,131071,25,128
130918,131047,131071,24,129
130918,131047,131071,24,129
130918,131048,131073,25,130
130918,131048,131073,25,130
130918,131048,131074,26,130
130918,131067,131091,24,149
130918,131068,131092,24,150
130918,131068,131092,24,150
130918,131069,131093,24,151
130918,131069,131094,25,151
130918,131069,131094,25,151
130918,131067,131093,26,149
130918,131069,131094,25,151
130918,131071,131094,23,153
130918,131068,131094,26,150
130918,131070,131095,25,152
130918,131070,131096,26,152
130918,131072,131096,24,154
130918,131070,131096,26,152
130918,131072,131097,25,154
130918,131072,131098,26,154
130918,131072,131098,26,154
130918,131073,131098,25,155
130918,131074,131099,25,156
130918,131075,131101,26,157
130918,131092,131116,24,174
130918,131092,131115,23,174
130918,131094,131118,24,176
130918,131094,131118,24,176
130918,131092,131117,25,174
130918,131093,131118,25,175
130918,131095,131118,23,177
130918,131094,131118,24,176
130918,131094,131119,25,176
130918,131094,131118,24,176
130918,131095,131120,25,177
130918,131096,131120,24,178
130918,131096,131121,25,178
130918,131096,131121,25,178
130918,131097,131121,24,179
130918,131099,131122,23,181
130918,131098,131123,25,180
130918,131098,131122,24,180
130918,131098,131124,26,180
130918,131101,131126,25,183
130918,131116,131141,25,198
130918,131116,131141,25,198
130918,131118,131141,23,200
130918,131119,131142,23,201
130918,131121,131144,23,203
130918,131118,131144,26,200
130918,131119,131144,25,201
130918,131119,131144,25,201
130918,131118,131144,26,200
130918,131118,131144,26,200
130918,131121,131145,24,203
130918,131120,131145,25,202
130918,131119,131145,26,201
130918,131121,131146,25,203
130918,131123,131147,24,205
130918,131122,131147,25,204
130918,131121,131147,26,203
130918,131124,131149,25,206
130918,131124,131149,25,206
130918,131126,131153,27,208
130918,131141,131164,23,223
130918,131141,131165,24,223
130918,131144,131167,23,226
130918,131144,131167,23,226
130918,131141,131167,26,223
130918,131144,131168,24,226
130918,131143,131168,25,225
130918,131146,131168,22,228
130918,131145,131169,24,227
130918,131145,131169,24,227
130918,131145,131169,24,227
130918,131146,131170,24,228
130918,131145,131170,25,227
130918,131147,131171,24,229
130918,131147,131171,24,229
130918,131147,131173,26,229
130918,131150,131173,23,232
130918,131148,131173,25,230
130918,131150,131174,24,232
130918,131154,131178,24,236
131186,131186,131209,23,0
131186,131186,131209,23,0
131186,131186,131210,24,0
131186,131186,131209,23,0
131186,131186,131210,24,0
131186,131186,131209,23,0
131186,131186,131210,24,0
131186,131186,131210,24,0
131186,131186,131210,24,0
131186,131186,131210,24,0
131186,131186,131211,25,0
131186,131186,131210,24,0
131186,131186,131211,25,0
131186,131186,131211,25,0
131186,131186,131210,24,0
131186,131186,131210,24,0
131186,131186,131210,24,0
131186,131186,131211,25,0
131186,131186,131211,25,0
131186,131186,131212,26,0
131186,131210,131234,24,24
131186,131211,131235,24,25
131186,131210,131234,24,24
131186,131210,131234,24,24
131186,131211,131235,24,25
131186,131211,131234,23,25
131186,131211,131235,24,25
131186,131210,131235,25,24
131186,131211,131235,24,25
131186,131211,131235,24,25
131186,131211,131236,25,25
131186,131210,131235,25,24
131186,131210,131235,25,24
131186,131210,131235,25,24
131186,131210,131236,26,24
131186,131211,131236,25,25
131186,131212,131237,25,26
131186,131213,131237,24,27
131186,131211,131236,25,25
131186,131212,131237,25,26
131186,131234,131256,22,48
131186,131235,131258,23,49
131186,131235,131259,24,49
131186,131235,131260,25,49
131186,131235,131260,25,49
131186,131236,131260,24,50
131186,131235,131260,25,49
131186,131235,131260,25,49
131186,131235,131260,25,49
131186,131236,131261,25,50
131186,131237,131260,23,51
131186,131236,131261,25,50
131186,131236,131261,25,50
131186,131236,131261,25,50
131186,131238,131262,24,52
131186,131236,131262,26,50
131186,131236,131262,26,50
131186,131237,131262,25,51
131186,131236,131262,26,50
131186,131237,131263,26,51
131186,131257,131281,24,71
131186,131260,131283,23,74
131186,131260,131284,24,74
131186,131260,131284,24,74
131186,131259,131284,25,73
131186,131261,131285,24,75
131186,131260,131285,25,74
131186,131260,131285,25,74
131186,131260,131285,25,74
131186,131260,131285,25,74
131186,131261,131285,24,75
131186,131261,131286,25,75
131186,131261,131286,25,75
131186,131262,131286,24,76
131186,131262,131287,25,76
131186,131261,131287,26,75
131186,131262,131287,25,76
131186,131262,131287,25,76
131186,131262,131287,25,76
131186,131263,131289,26,77
131186,131282,131306,24,96
131186,131284,131307,23,98
131186,131284,131309,25,98
131186,131285,131309,24,99
131186,131284,131309,25,98
131186,131285,131309,24,99
131186,131286,131309,23,100
131186,131287,131310,23,101
131186,131285,131310,25,99
131186,131286,131311,25,100
131186,131286,131310,24,100
131186,131286,131311,25,100
131186,131286,131312,26,100
131186,131287,131311,24,101
131186,131287,131311,24,101
131186,131288,131311,23,102
131186,131288,131312,24,102
131186,131288,131313,25,102
131186,131288,131313,25,102
131186,131290,131314,24,104
131186,131310,131332,22,124
131186,131307,131333,26,121
131186,131308,131333,25,122
131186,131310,131333,23,124
131186,131311,131334,23,125
131186,131310,131335,25,124
131186,131311,131335,24,125
131186,131310,131334,24,124
131186,131311,131335,24,125
131186,131312,131335,23,126
131186,131311,131335,24,125
131186,131312,131335,23,126
131186,131312,131335,23,126
131186,131312,131336,24,126
131186,131312,131336,24,126
131186,131314,131338,24,128
131186,131312,131337,25,126
131186,131314,131337,23,128
131186,131310,131338,28,124
131186,131313,131339,26,127
131186,131333,131357,24,147
131186,131333,131358,25,147
131186,131335,131358,23,149
131186,131334,131359,25,148
131186,131335,131359,24,149
131186,131335,131359,24,149
131186,131333,131358,25,147
131186,131335,131360,25,149
131186,131335,131359,24,149
131186,131336,131360,24,150
131186,131336,131360,24,150
131186,131335,131360,25,149
131186,131336,131361,25,150
131186,131337,131362,25,151
131186,131338,131362,24,152
131186,131338,131361,23,152
131186,131337,131362,25,151
131186,131338,131364,26,152
131186,131339,131363,24,153
131186,131339,131365,26,153
131186,131358,131382,24,172
131186,131359,131382,23,173
131186,131358,131383,25,172
131186,131358,131383,25,172
131186,131360,131384,24,174
131186,131359,131384,25,173
131186,131360,131385,25,174
131186,131360,131384,24,174
131186,131359,131384,25,173
131186,131359,131385,26,173
131186,131361,131385,24,175
131186,131361,131386,25,175
131186,131362,131387,25,176
131186,131361,131387,26,175
131186,131362,131387,25,176
131186,131362,131388,26,176
131186,131363,131388,25,177
131186,131364,131389,25,178
131186,131364,131389,25,178
131186,131365,131390,25,179
131186,131382,131406,24,196
131186,131383,131407,24,197
131186,131382,131407,25,196
131186,131383,131408,25,197
131186,131385,131408,23,199
131186,131384,131409,25,198
131186,131386,131409,23,200
131186,131386,131410,24,200
131186,131386,131409,23,200
131186,131385,131410,25,199
131186,131387,131411,24,201
131186,131385,131411,26,199
131186,131386,131411,25,200
131186,131387,131411,24,201
131186,131389,131411,22,203
131186,131390,131413,23,204
131186,131390,131413,23,204
131186,131390,131415,25,204
131186,131388,131415,27,202
131186,131387,131416,29,201
131186,131406,131430,24,220
131186,131408,131431,23,222
131186,131408,131432,24,222
131186,131409,131432,23,223
131186,131409,131432,23,223
131186,131410,131433,23,224
131186,131410,131433,23,224
131186,131410,131433,23,224
131186,131410,131434,24,224
131186,131410,131434,24,224
131186,131412,131434,22,226
131186,131412,131435,23,226
131186,131411,131436,25,225
131186,131412,131436,24,226
131186,131414,131437,23,228
131186,131412,131438,26,226
131186,131414,131438,24,228
131186,131416,131440,24,230
131186,131416,131441,25,230
131186,131417,131441,24,231
131447,131447,131470,23,0
131447,131447,131471,24,0
131447,131447,131471,24,0
131447,131447,131472,25,0
131447,131447,131472,25,0
131447,131447,131472,25,0
131447,131447,131471,24,0
131447,131447,131471,24,0
131447,131447,131472,25,0
131447,131447,131472,25,0
131447,131447,131472,25,0
131447,131447,131472,25,0
131447,131447,131472,25,0
131447,131447,131472,25,0
131447,131447,131473,26,0
131447,131447,131473,26,0
131447,131447,131473,26,0
131447,131447,131473,26,0
131447,131447,131473,26,0
131447,131447,131474,27,0
131447,131471,131494,23,24
131447,131472,131495,23,25
131447,131472,131495,23,25
131447,131472,131495,23,25
131447,131471,131495,24,24
131447,131472,131495,23,25
131447,131471,131495,24,24
131447,131472,131495,23,25
131447,131472,131495,23,25
131447,131472,131496,24,25
131447,131472,131496,24,25
131447,131473,131496,23,26
131447,131473,131496,23,26
131447,131472,131496,24,25
131447,131472,131497,25,25
131447,131473,131497,24,26
131447,131474,131497,23,27
131447,131473,131497,24,26
131447,131473,131498,25,26
131447,131474,131498,24,27
131447,131495,131519,24,48
131447,131495,131519,24,48
131447,131497,131519,22,50
131447,131494,131519,25,47
131447,131496,131519,23,49
131447,131495,131520,25,48
131447,131496,131520,24,49
131447,131497,131520,23,50
131447,131496,131520,24,49
131447,131497,131520,23,50
131447,131497,131520,23,50
131447,131498,131521,23,51
131447,131497,131521,24,50
131447,131497,131521,24,50
131447,131498,131522,24,51
131447,131498,131521,23,51
131447,131499,131522,23,52
131447,131499,131522,23,52
131447,131498,131522,24,51
131447,131495,131523,28,48
131447,131520,131543,23,73
131447,131520,131544,24,73
131447,131520,131543,23,73
131447,131521,131544,23,74
131447,131521,131544,23,74
131447,131521,131543,22,74
131447,131520,131544,24,73
131447,131521,131543,22,74
131447,131521,131544,23,74
131447,131522,131545,23,75
131447,131522,131544,22,75
131447,131520,131545,25,73
131447,131521,131545,24,74
131447,131523,131545,22,76
131447,131522,131545,23,75
131447,131522,131546,24,75
131447,131522,131545,23,75
131447,131522,131546,24,75
131447,131523,131546,23,76
131447,131524,131548,24,77
131447,131543,131565,22,96
131447,131544,131566,22,97
131447,131544,131567,23,97
131447,131544,131567,23,97
131447,131545,131567,22,98
131447,131546,131567,21,99
131447,131544,131567,23,97
131447,131545,131568,23,98
131447,131544,131568,24,97
131447,131544,131567,23,97
131447,131545,131568,23,98
131447,131546,131568,22,99
131447,131546,131569,23,99
131447,131544,131568,24,97
131447,131545,131569,24,98
131447,131546,131568,22,99
131447,131546,131570,24,99
131447,131546,131570,24,99
131447,131546,131570,24,99
131447,131549,131571,22,102
131447,131566,131588,22,119
131447,131568,131589,21,121
131447,131568,131590,22,121
131447,131568,131590,22,121
131447,131568,131591,23,121
131447,131568,131591,23,121
131447,131568,131591,23,121
131447,131566,131591,25,119
131447,131569,131591,22,122
131447,131567,131591,24,120
131447,131569,131592,23,122
131447,131569,131592,23,122
131447,131569,131593,24,122
131447,131569,131593,24,122
131447,131568,131593,25,121
131447,131569,131593,24,122
131447,131570,131593,23,123
131447,131570,131593,23,123
131447,131572,131595,23,125
131447,131570,131595,25,123
131447,131590,131613,23,143
131447,131590,131613,23,143
131447,131590,131614,24,143
131447,131591,131614,23,144
131447,131588,131614,26,141
131447,131592,131614,22,145
131447,131591,131615,24,144
131447,131592,131615,23,145
131447,131592,131615,23,145
131447,131592,131615,23,145
131447,131591,131616,25,144
131447,131593,131616,23,146
131447,131594,131617,23,147
131447,131594,131616,22,147
131447,131593,131616,23,146
131447,131594,131618,24,147
131447,131593,131618,25,146
131447,131595,131618,23,148
131447,131595,131618,23,148
131447,131595,131620,25,148
131447,131614,131636,22,167
131447,131614,131636,22,167
131447,131615,131637,22,168
131447,131614,131637,23,167
131447,131614,131638,24,167
131447,131615,131639,24,168
131447,131616,131638,22,169
131447,131616,131639,23,169
131447,131616,131639,23,169
131447,131616,131640,24,169
131447,131617,131640,23,170
131447,131617,131640,23,170
131447,131616,131640,24,169
131447,131617,131640,23,170
131447,131615,131640,25,168
131447,131618,131640,22,171
131447,131619,131642,23,172
131447,131619,131643,24,172
131447,131621,131644,23,174
131447,131619,131643,24,172
131447,131637,131660,23,190
131447,131638,131661,23,191
131447,131638,131661,23,191
131447,131637,131661,24,190
131447,131639,131662,23,192
131447,131640,131662,22,193
131447,131639,131663,24,192
131447,131640,131663,23,193
131447,131639,131663,24,192
131447,131640,131663,23,193
131447,131640,131663,23,193
131447,131640,131664,24,193
131447,131640,131664,24,193
131447,131641,131664,23,194
131447,131640,131664,24,193
131447,131641,131665,24,194
131447,131642,131665,23,195
131447,131643,131666,23,196
131447,131644,131667,23,197
131447,131644,131667,23,197
131447,131661,131684,23,214
131447,131663,131685,22,216
131447,131663,131685,22,216
131447,131662,131686,24,215
131447,131663,131686,23,216
131447,131661,131686,25,214
131447,131664,131686,22,217
131447,131664,131687,23,217
131447,131665,131687,22,218
131447,131664,131687,23,217
131447,131664,131687,23,217
131447,131661,131687,26,214
131447,131664,131688,24,217
131447,131665,131687,22,218
131447,131664,131687,23,217
131447,131665,131688,23,218
131447,131665,131688,23,218
131447,131666,131688,22,219
131447,131667,131690,23,220
131447,131668,131690,22,221
131697,131697,131720,23,0
131697,131697,131720,23,0
131697,131697,131720,23,0
131697,131697,131720,23,0
131697,131697,131720,23,0
131697,131697,131720,23,0
131697,131697,131720,23,0
131697,131697,131721,24,0
131697,131697,131721,24,0
131697,131697,131721,24,0
131697,131697,131721,24,0
131697,131697,131721,24,0
131697,131697,131721,24,0
131697,131697,131720,23,0
131697,131697,131721,24,0
131697,131697,131720,23,0
131697,131697,131721,24,0
131697,131697,131721,24,0
131697,131697,131721,24,0
131697,131697,131722,25,0
131697,131721,131743,22,24
131697,131720,131743,23,23
131697,131721,131743,22,24
131697,131721,131743,22,24
131697,131721,131743,22,24
131697,131722,131744,22,25
131697,131722,131744,22,25
131697,131722,131744,22,25
131697,131722,131744,22,25
131697,131722,131744,22,25
131697,131721,131744,23,24
131697,131722,131744,22,25
131697,131722,131744,22,25
131697,131721,131744,23,24
131697,131722,131745,23,25
131697,131722,131745,23,25
131697,131722,131745,23,25
131697,131723,131745,22,26
131697,131722,131746,24,25
131697,131722,131749,27,25
131697,131744,131767,23,47
131697,131744,131766,22,47
131697,131744,131766,22,47
131697,131744,131766,22,47
131697,131744,131767,23,47
131697,131745,131768,23,48
131697,131745,131768,23,48
131697,131745,131768,23,48
131697,131745,131768,23,48
131697,131745,131768,23,48
131697,131745,131769,24,48
133262,133262,133285,23,0
133262,133262,133285,23,0
133262,133262,133285,23,0
133262,133263,133285,22,1
133262,133262,133285,23,0
133262,133262,133285,23,0
133262,133262,133285,23,0
133262,133262,133286,24,0
133262,133262,133286,24,0
133262,133263,133286,23,1
133262,133262,133286,24,0
133262,133263,133286,23,1
133262,133263,133286,23,1
133262,133263,133286,23,1
133262,133262,133286,24,0
133262,133262,133287,25,0
133262,133263,133287,24,1
133262,133262,133287,25,0
133262,133263,133288,25,1
133262,133263,133287,24,1
133262,133286,133309,23,24
133262,133286,133308,22,24
133262,133286,133308,22,24
133262,133286,133309,23,24
133262,133286,133309,23,24
133262,133287,133309,22,25
133262,133287,133310,23,25
133262,133286,133309,23,24
133262,133287,133309,22,25
133262,133286,133309,23,24
133262,133287,133310,23,25
133262,133288,133310,22,26
133262,133287,133311,24,25
133262,133288,133311,23,26
133262,133287,133310,23,25
133262,133288,133311,23,26
133262,133287,133310,23,25
133262,133288,133312,24,26
133262,133288,133312,24,26
133262,133287,133312,25,25
133262,133309,133331,22,47
133262,133310,133332,22,48
133262,133309,133332,23,47
133262,133309,133332,23,47
133262,133310,133333,23,48
133262,133309,133333,24,47
133262,133310,133333,23,48
133262,133310,133333,23,48
133262,133311,133334,23,49
133262,133310,133333,23,48
133262,133310,133334,24,48
133262,133310,133333,23,48
133262,133310,133334,24,48
133262,133311,133334,23,49
133262,133311,133335,24,49
133262,133311,133335,24,49
133262,133311,133335,24,49
133262,133312,133335,23,50
133262,133313,133336,23,51
133262,133313,133337,24,51
133262,133333,133355,22,71
133262,133332,133355,23,70
133262,133333,133356,23,71
133262,133333,133356,23,71
133262,133333,133356,23,71
133262,133334,133357,23,72
133262,133333,133357,24,71
133262,133334,133357,23,72
133262,133334,133357,23,72
133262,133334,133358,24,72
133262,133334,133358,24,72
133262,133335,133358,23,73
133262,133334,133357,23,72
133262,133334,133358,24,72
133262,133335,133358,23,73
133262,133334,133358,24,72
133262,133337,133359,22,75
133262,133335,133359,24,73
133262,133336,133359,23,74
133262,133336,133360,24,74
133262,133355,133378,23,93
133262,133356,133378,22,94
133262,133355,133379,24,93
133262,133356,133380,24,94
133262,133357,133380,23,95
133262,133357,133381,24,95
133262,133357,133381,24,95
133262,133358,133381,23,96
133262,133357,133381,24,95
133262,133359,133381,22,97
133262,133358,133382,24,96
133262,133358,133382,24,96
133262,133358,133382,24,96
133262,133358,133382,24,96
133262,133358,133382,24,96
133262,133358,133382,24,96
133262,133359,133383,24,97
133262,133360,133383,23,98
133262,133360,133383,23,98
133262,133361,133384,23,99
133262,133378,133401,23,116
133262,133379,133402,23,117
133262,133381,133404,23,119
133262,133380,133403,23,118
133262,133381,133404,23,119
133262,133382,133404,22,120
133262,133381,133404,23,119
133262,133382,133405,23,120
133262,133382,133405,23,120
133262,133383,133405,22,121
133262,133382,133405,23,120
133262,133383,133406,23,121
133262,133384,133406,22,122
133262,133383,133406,23,121
133262,133383,133407,24,121
133262,133384,133407,23,122
133262,133383,133406,23,121
133262,133384,133407,23,122
133262,133384,133408,24,122
133262,133385,133408,23,123
133262,133402,133424,22,140
133262,133403,133425,22,141
133262,133404,133426,22,142
133262,133404,133426,22,142
133262,133404,133426,22,142
133262,133405,133428,23,143
133262,133405,133428,23,143
133262,133406,133429,23,144
133262,133406,133429,23,144
133262,133407,133429,22,145
133262,133406,133429,23,144
133262,133406,133429,23,144
133262,133407,133430,23,145
133262,133406,133429,23,144
133262,133407,133430,23,145
133262,133407,133430,23,145
133262,133407,133431,24,145
133262,133407,133431,24,145
133262,133408,133431,23,146
133262,133408,133432,24,146
133262,133425,133447,22,163
133262,133425,133448,23,163
133262,133427,133450,23,165
133262,133427,133450,23,165
133262,133427,133451,24,165
133262,133428,133451,23,166
133262,133428,133452,24,166
133262,133429,133452,23,167
133262,133430,133452,22,168
133262,133429,133451,22,167
133262,133430,133453,23,168
133262,133430,133452,22,168
133262,133430,133453,23,168
133262,133431,133454,23,169
133262,133430,133453,23,168
133262,133430,133454,24,168
133262,133431,133457,26,169
133262,133431,133457,26,169
133262,133432,133457,25,170
133262,133431,133458,27,169
133262,133448,133471,23,186
133262,133448,133472,24,186
133262,133450,133474,24,188
133262,133451,133475,24,189
133262,133451,133475,24,189
133262,133452,133475,23,190
133262,133452,133475,23,190
133262,133451,133475,24,189
133262,133452,133475,23,190
133262,133452,133476,24,190
133262,133453,133476,23,191
133262,133454,133477,23,192
133262,133453,133477,24,191
133262,133453,133477,24,191
133262,133454,133478,24,192
133262,133454,133478,24,192
133262,133457,133480,23,195
133262,133458,133480,22,196
133262,133459,133482,23,197
133262,133458,133484,26,196
133262,133471,133494,23,209
133262,133473,133496,23,211
133262,133475,133498,23,213
133262,133475,133498,23,213
133262,133476,133498,22,214
133262,133475,133498,23,213
133262,133475,133499,24,213
133262,133475,133499,24,213
133262,133476,133499,23,214
133262,133477,133499,22,215
133262,133477,133500,23,215
133262,133476,133500,24,214
133262,133477,133500,23,215
133262,133477,133501,24,215
133262,133479,133501,22,217
133262,133479,133502,23,217
133262,133481,133503,22,219
133262,133481,133504,23,219
133262,133483,133505,22,221
133262,133485,133509,24,223
133516,133516,133539,23,0
133516,133516,133539,23,0
133516,133516,133539,23,0
133516,133516,133540,24,0
133516,133516,133540,24,0
133516,133516,133540,24,0
133516,133516,133540,24,0
133516,133516,133540,24,0
133516,133516,133540,24,0
133516,133516,133540,24,0
133516,133516,133540,24,0
133516,133516,133540,24,0
133516,133516,133540,24,0
133516,133516,133540,24,0
133516,133516,133540,24,0
133516,133516,133540,24,0
133516,133516,133540,24,0
133516,133516,133541,25,0
133516,133516,133541,25,0
133516,133516,133541,25,0
133516,133540,133562,22,24
133516,133540,133564,24,24
133516,133541,133563,22,25
133516,133540,133563,23,24
133516,133541,133563,22,25
133516,133541,133564,23,25
133516,133541,133564,23,25
133516,133542,133564,22,26
133516,133541,133564,23,25
133516,133541,133565,24,25
133516,133541,133565,24,25
133516,133541,133564,23,25
133516,133541,133564,23,25
133516,133541,133564,23,25
133516,133541,133565,24,25
133516,133541,133564,23,25
133516,133541,133564,23,25
133516,133541,133565,24,25
133516,133542,133565,23,26
133516,133542,133565,23,26
133516,133564,133587,23,48
133516,133563,133586,23,47
133516,133565,133588,23,49
133516,133564,133588,24,48
133516,133564,133588,24,48
133516,133565,133588,23,49
133516,133565,133588,23,49
133516,133565,133588,23,49
133516,133566,133589,23,50
133516,133565,133589,24,49
133516,133565,133588,23,49
133516,133565,133589,24,49
133516,133565,133589,24,49
133516,133566,133589,23,50
133516,133565,133589,24,49
133516,133566,133590,24,50
133516,133565,133589,24,49
133516,133564,133589,25,48
133516,133565,133589,24,49
133516,133565,133589,24,49
133516,133587,133610,23,71
133516,133587,133611,24,71
133516,133588,133611,23,72
133516,133588,133611,23,72
133516,133588,133611,23,72
133516,133589,133612,23,73
133516,133588,133611,23,72
133516,133589,133612,23,73
133516,133589,133612,23,73
133516,133589,133612,23,73
133516,133590,133613,23,74
133516,133590,133613,23,74
133516,133589,133613,24,73
133516,133589,133613,24,73
133516,133589,133613,24,73
133516,133590,133613,23,74
133516,133589,133613,24,73
133516,133590,133614,24,74
133516,133590,133614,24,74
133516,133590,133615,25,74
133516,133611,133633,22,95
133516,133612,133635,23,96
133516,133611,133635,24,95
133516,133612,133635,23,96
133516,133613,133635,22,97
133516,133612,133636,24,96
133516,133612,133636,24,96
133516,133613,133636,23,97
133516,133611,133635,24,95
133516,133612,133636,24,96
133516,133613,133636,23,97
133516,133613,133637,24,97
133516,133612,133637,25,96
133516,133614,133637,23,98
133516,133614,133637,23,98
133516,133614,133637,23,98
133516,133613,133638,25,97
133516,133615,133638,23,99
133516,133615,133639,24,99
133516,133616,133639,23,100
133516,133634,133657,23,118
133516,133635,133659,24,119
133516,133636,133659,23,120
133516,133637,133659,22,121
133516,133637,133659,22,121
133516,133636,133659,23,120
133516,133636,133660,24,120
133516,133637,133660,23,121
133516,133638,133660,22,122
133516,133637,133660,23,121
133516,133638,133661,23,122
133516,133637,133660,23,121
133516,133637,133660,23,121
133516,133637,133660,23,121
133516,133637,133661,24,121
133516,133638,133661,23,122
133516,133639,133662,23,123
133516,133639,133662,23,123
133516,133640,133663,23,124
133516,133640,133663,23,124
133516,133658,133681,23,142
133516,133660,133682,22,144
133516,133660,133683,23,144
133516,133660,133683,23,144
133516,133661,133684,23,145
133516,133660,133684,24,144
133516,133661,133685,24,145
133516,133661,133684,23,145
133516,133660,133685,25,144
133516,133661,133684,23,145
133516,133660,133685,25,144
133516,133662,133685,23,146
133516,133663,133685,22,147
133516,133661,133685,24,145
133516,133661,133685,24,145
133516,133661,133686,25,145
133516,133662,133686,24,146
133516,133664,133687,23,148
133516,133662,133686,24,146
133516,133664,133688,24,148
133516,133683,133705,22,167
133516,133682,133706,24,166
133516,133685,133707,22,169
133516,133684,133707,23,168
133516,133684,133708,24,168
133516,133685,133708,23,169
133516,133684,133708,24,168
133516,133685,133708,23,169
133516,133684,133708,24,168
133516,133685,133708,23,169
133516,133686,133709,23,170
133516,133686,133709,23,170
133516,133686,133709,23,170
133516,133685,133709,24,169
133516,133685,133709,24,169
133516,133686,133710,24,170
133516,133687,133710,23,171
133516,133687,133709,22,171
133516,133686,133711,25,170
133516,133688,133712,24,172
133516,133706,133729,23,190
133516,133707,133730,23,191
133516,133707,133730,23,191
133516,133708,133731,23,192
133516,133707,133731,24,191
133516,133709,133732,23,193
133516,133708,133731,23,192
133516,133708,133732,24,192
133516,133708,133732,24,192
133516,133709,133732,23,193
133516,133709,133732,23,193
133516,133709,133732,23,193
133516,133709,133733,24,193
133516,133710,133733,23,194
133516,133710,133734,24,194
133516,133710,133733,23,194
133516,133710,133734,24,194
133516,133710,133734,24,194
133516,133711,133735,24,195
133516,133712,133736,24,196
133516,133729,133753,24,213
133516,133731,133754,23,215
133516,133730,133754,24,214
133516,133731,133755,24,215
133516,133732,133755,23,216
133516,133733,133756,23,217
133516,133733,133756,23,217
133516,133732,133755,23,216
133516,133733,133756,23,217
133516,133732,133756,24,216
133516,133733,133756,23,217
133516,133733,133757,24,217
133516,133734,133757,23,218
133516,133735,133757,22,219
133516,133735,133757,22,219
133516,133735,133757,22,219
133516,133734,133758,24,218
133516,133736,133759,23,220
133516,133735,133758,23,219
133516,133736,133759,23,220
133766,133766,133789,23,0
133766,133766,133789,23,0
133766,133766,133789,23,0
133766,133766,133789,23,0
133766,133766,133788,22,0
133766,133766,133789,23,0
133766,133766,133790,24,0
133766,133766,133790,24,0
133766,133766,133790,24,0
133766,133766,133790,24,0
133766,133766,133789,23,0
133766,133766,133790,24,0
133766,133766,133789,23,0
133766,133766,133790,24,0
133766,133766,133789,23,0
133766,133766,133789,23,0
133766,133766,133790,24,0
133766,133766,133790,24,0
133766,133766,133790,24,0
133766,133766,133791,25,0
133766,133789,133812,23,23
133766,133789,133812,23,23
133766,133790,133813,23,24
133766,133789,133813,24,23
133766,133789,133813,24,23
133766,133789,133813,24,23
133766,133789,133813,24,23
133766,133790,133814,24,24
133766,133790,133814,24,24
133766,133790,133814,24,24
133766,133790,133814,24,24
133766,133790,133814,24,24
133766,133790,133814,24,24
133766,133790,133814,24,24
133766,133790,133814,24,24
133766,133790,133815,25,24
133766,133791,133815,24,25
133766,133790,133815,25,24
133766,133790,133816,26,24
133766,133790,133815,25,24
133766,133812,133836,24,46
133766,133814,133837,23,48
133766,133814,133836,22,48
133766,133814,133836,22,48
133766,133814,133836,22,48
133766,133813,133836,23,47
133766,133815,133837,22,49
133766,133815,133837,22,49
133766,133815,133838,23,49
133766,133814,133837,23,48
133766,133815,133837,22,49
133766,133815,133838,23,49
133766,133816,133838,22,50
133766,133815,133838,23,49
133766,133816,133839,23,50
133766,133816,133839,23,50
133766,133815,133838,23,49
133766,133815,133838,23,49
133766,133816,133838,22,50
133766,133816,133839,23,50
133766,133837,133860,23,71
133766,133837,133860,23,71
133766,133837,133860,23,71
133766,133837,133860,23,71
133766,133837,133860,23,71
133766,133837,133861,24,71
133766,133838,133861,23,72
133766,133838,133861,23,72
133766,133838,133861,23,72
133766,133838,133861,23,72
133766,133839,133862,23,73
133766,133838,133861,23,72
133766,133839,133862,23,73
133766,133839,133861,22,73
133766,133839,133863,24,73
133766,133839,133862,23,73
133766,133839,133863,24,73
133766,133839,133862,23,73
133766,133839,133863,24,73
133766,133840,133863,23,74
133766,133860,133883,23,94
133766,133860,133883,23,94
133766,133861,133884,23,95
133766,133860,133883,23,94
133766,133862,133884,22,96
133766,133861,133884,23,95
133766,133861,133885,24,95
133766,133862,133885,23,96
133766,133862,133885,23,96
133766,133861,133885,24,95
133766,133863,133885,22,97
133766,133862,133886,24,96
133766,133861,133885,24,95
133766,133862,133885,23,96
133766,133863,133886,23,97
133766,133863,133887,24,97
133766,133862,133887,25,96
133766,133864,133888,24,98
133766,133863,133888,25,97
133766,133863,133888,25,97
133766,133883,133906,23,117
133766,133883,133908,25,117
133766,133884,133908,24,118
133766,133884,133908,24,118
133766,133884,133908,24,118
133766,133885,133908,23,119
133766,133885,133909,24,119
133766,133885,133909,24,119
133766,133885,133909,24,119
133766,133885,133909,24,119
133766,133885,133910,25,119
133766,133886,133910,24,120
133766,133886,133911,25,120
133766,133886,133911,25,120
133766,133887,133911,24,121
133766,133887,133911,24,121
133766,133888,133911,23,122
133766,133888,133911,23,122
133766,133888,133912,24,122
133766,133889,133912,23,123
133766,133906,133930,24,140
133766,133908,133931,23,142
133766,133909,133932,23,143
133766,133909,133932,23,143
133766,133908,133932,24,142
133766,133909,133932,23,143
133766,133910,133932,22,144
133766,133909,133932,23,143
133766,133909,133933,24,143
133766,133910,133933,23,144
133766,133910,133933,23,144
133766,133910,133934,24,144
133766,133911,133934,23,145
133766,133912,133934,22,146
133766,133912,133934,22,146
133766,133912,133935,23,146
133766,133911,133935,24,145
133766,133912,133935,23,146
133766,133913,133936,23,147
133766,133913,133936,23,147
133766,133931,133955,24,165
133766,133932,133955,23,166
133766,133933,133956,23,167
133766,133932,133955,23,166
133766,133933,133956,23,167
133766,133933,133956,23,167
133766,133933,133957,24,167
133766,133933,133957,24,167
133766,133934,133957,23,168
133766,133936,133958,22,170
133766,133934,133957,23,168
133766,133935,133957,22,169
133766,133934,133957,23,168
133766,133935,133958,23,169
133766,133935,133958,23,169
133766,133936,133958,22,170
133766,133935,133958,23,169
133766,133935,133958,23,169
133766,133936,133959,23,170
133766,133937,133961,24,171
133766,133955,133978,23,189
133766,133956,133979,23,190
133766,133957,133980,23,191
133766,133956,133980,24,190
133766,133957,133980,23,191
133766,133957,133980,23,191
133766,133958,133980,22,192
133766,133958,133980,22,192
133766,133956,133979,23,190
133766,133956,133980,24,190
133766,133958,133980,22,192
133766,133958,133981,23,192
133766,133958,133981,23,192
133766,133958,133980,22,192
133766,133958,133981,23,192
133766,133958,133981,23,192
133766,133959,133981,22,193
133766,133959,133982,23,193
133766,133960,133983,23,194
133766,133961,133983,22,195
133766,133979,134001,22,213
133766,133980,134002,22,214
133766,133981,134002,21,215
133766,133981,134003,22,215
133766,133980,134003,23,214
133766,133980,134003,23,214
133766,133981,134004,23,215
133766,133980,134003,23,214
133766,133980,134004,24,214
133766,133980,134004,24,214
133766,133982,134004,22,216
133766,133982,134005,23,216
133766,133981,134004,23,215
133766,133981,134005,24,215
133766,133981,134004,23,215
133766,133980,134005,25,214
133766,133983,134006,23,217
133766,133982,134006,24,216
133766,133984,134006,22,218
133766,133982,134006,24,216
134012,134012,134034,22,0
134012,134012,134035,23,0
134012,134012,134035,23,0
134012,134012,134035,23,0
134012,134012,134035,23,0
134012,134012,134035,23,0
134012,134012,134035,23,0
134012,134012,134035,23,0
134012,134012,134035,23,0
134012,134012,134036,24,0
134012,134012,134036,24,0
134012,134012,134035,23,0
134012,134012,134036,24,0
134012,134012,134036,24,0
134012,134012,134036,24,0
134012,134012,134036,24,0
134012,134012,134036,24,0
134012,134012,134036,24,0
134012,134012,134037,25,0
134012,134012,134037,25,0
134012,134034,134056,22,22
134012,134035,134058,23,23
134012,134035,134059,24,23
134012,134035,134059,24,23
134012,134035,134059,24,23
134012,134035,134059,24,23
134012,134036,134059,23,24
134012,134035,134059,24,23
134012,134035,134059,24,23
134012,134035,134060,25,23
134012,134036,134060,24,24
134012,134036,134060,24,24
134012,134036,134060,24,24
134012,134036,134060,24,24
134012,134036,134060,24,24
134012,134036,134060,24,24
134012,134037,134061,24,25
134012,134036,134061,25,24
134012,134036,134061,25,24
134012,134037,134062,25,25
134012,134057,134079,22,45
134012,134060,134082,22,48
134012,134061,134082,21,49
134012,134061,134083,22,49
134012,134060,134083,23,48
134012,134059,134082,23,47
134012,134060,134083,23,48
134012,134060,134083,23,48
134012,134061,134083,22,49
134012,134061,134083,22,49
134012,134061,134083,22,49
134012,134060,134083,23,48
134012,134060,134083,23,48
134012,134060,134083,23,48
134012,134062,134085,23,50
134012,134061,134084,23,49
134012,134062,134085,23,50
134012,134061,134084,23,49
134012,134062,134085,23,50
134012,134063,134086,23,51
134012,134080,134102,22,68
134012,134083,134106,23,71
134012,134083,134105,22,71
134012,134083,134106,23,71
134012,134084,134107,23,72
134012,134084,134107,23,72
134012,134083,134106,23,71
134012,134083,134106,23,71
134012,134084,134107,23,72
134012,134084,134107,23,72
134012,134084,134107,23,72
134012,134085,134108,23,73
134012,134083,134107,24,71
134012,134085,134107,22,73
134012,134084,134107,23,72
134012,134084,134107,23,72
134012,134085,134109,24,73
134012,134085,134110,25,73
134012,134086,134112,26,74
134012,134087,134112,25,75
134012,134103,134127,24,91
134012,134107,134130,23,95
134012,134106,134130,24,94
134012,134106,134130,24,94
134012,134107,134130,23,95
134012,134107,134131,24,95
134012,134107,134131,24,95
134012,134107,134131,24,95
134012,134107,134130,23,95
134012,134108,134130,22,96
134012,134107,134131,24,95
134012,134108,134131,23,96
134012,134108,134132,24,96
134012,134108,134132,24,96
134012,134108,134133,25,96
134012,134109,134133,24,97
134012,134108,134132,24,96
134012,134110,134134,24,98
134012,134112,134135,23,100
134012,134112,134136,24,100
134012,134127,134151,24,115
134012,134130,134153,23,118
134012,134131,134154,23,119
134012,134130,134154,24,118
134012,134130,134153,23,118
134012,134130,134154,24,118
134012,134131,134155,24,119
134012,134131,134154,23,119
134012,134131,134155,24,119
134012,134131,134155,24,119
134012,134131,134155,24,119
134012,134133,134156,23,121
134012,134133,134156,23,121
134012,134131,134155,24,119
134012,134132,134156,24,120
134012,134133,134157,24,121
134012,134133,134157,24,121
134012,134135,134158,23,123
134012,134134,134158,24,122
134012,134136,134159,23,124
134012,134152,134175,23,140
134012,134153,134176,23,141
134012,134154,134177,23,142
134012,134154,134177,23,142
134012,134154,134177,23,142
134012,134154,134177,23,142
134012,134155,134178,23,143
134012,134155,134178,23,143
134012,134155,134178,23,143
134012,134156,134179,23,144
134012,134156,134179,23,144
134012,134156,134179,23,144
134012,134155,134179,24,143
134012,134156,134179,23,144
134012,134157,134181,24,145
134012,134157,134180,23,145
134012,134158,134180,22,146
134012,134159,134182,23,147
134012,134159,134182,23,147
134012,134160,134182,22,148
134012,134176,134199,23,164
134012,134177,134200,23,165
134012,134178,134200,22,166
134012,134178,134200,22,166
134012,134179,134201,22,167
134012,134177,134202,25,165
134012,134178,134201,23,166
134012,134179,134202,23,167
134012,134180,134202,22,168
134012,134180,134202,22,168
134012,134180,134202,22,168
134012,134179,134203,24,167
134012,134181,134203,22,169
134012,134180,134204,24,168
134012,134180,134203,23,168
134012,134181,134203,22,169
134012,134181,134203,22,169
134012,134182,134205,23,170
134012,134182,134205,23,170
134012,134183,134206,23,171
134012,134200,134222,22,188
134012,134200,134223,23,188
134012,134202,134224,22,190
134012,134201,134223,22,189
134012,134202,134224,22,190
134012,134202,134224,22,190
134012,134201,134224,23,189
134012,134203,134226,23,191
134012,134203,134225,22,191
134012,134203,134225,22,191
134012,134203,134226,23,191
134012,134204,134227,23,192
134012,134204,134226,22,192
134012,134204,134227,23,192
134012,134204,134227,23,192
134012,134204,134226,22,192
134012,134204,134227,23,192
134012,134205,134228,23,193
134012,134206,134229,23,194
134012,134206,134229,23,194
134012,134223,134246,23,211
134012,134223,134246,23,211
134012,134224,134247,23,212
134012,134224,134247,23,212
134012,134224,134247,23,212
134012,134224,134248,24,212
134012,134225,134248,23,213
134012,134226,134249,23,214
134012,134226,134249,23,214
134012,134226,134248,22,214
134012,134226,134249,23,214
134012,134228,134250,22,216
134012,134227,134250,23,215
134012,134227,134250,23,215
134012,134227,134250,23,215
134012,134227,134250,23,215
134012,134227,134250,23,215
134012,134229,134252,23,217
134012,134228,134252,24,216
134012,134230,134254,24,218
134260,134260,134283,23,0
134260,134260,134283,23,0
134260,134261,134283,22,1
134260,134261,134284,23,1
134260,134260,134283,23,0
134260,134261,134284,23,1
134260,134260,134283,23,0
134260,134261,134283,22,1
134260,134260,134284,24,0
134260,134260,134284,24,0
134260,134261,134284,23,1
134260,134261,134284,23,1
134260,134260,134284,24,0
134260,134260,134284,24,0
134260,134261,134284,23,1
134260,134261,134285,24,1
134260,134260,134284,24,0
134260,134261,134284,23,1
134260,134260,134285,25,0
134260,134261,134285,24,1
134260,134284,134306,22,24
134260,134284,134306,22,24
134260,134284,134306,22,24
134260,134284,134306,22,24
134260,134284,134306,22,24
134260,134284,134307,23,24
134260,134285,134307,22,25
134260,134285,134308,23,25
134260,134284,134307,23,24
134260,134285,134307,22,25
134260,134285,134308,23,25
134260,134284,134307,23,24
134260,134285,134308,23,25
134260,134285,134308,23,25
134260,134285,134308,23,25
134260,134285,134309,24,25
134260,134285,134308,23,25
134260,134285,134308,23,25
134260,134286,134309,23,26
134260,134286,134309,23,26
134260,134306,134329,23,46
134260,134307,134330,23,47
134260,134307,134330,23,47
134260,134307,134330,23,47
134260,134307,134330,23,47
134260,134308,134331,23,48
134260,134308,134331,23,48
134260,134308,134332,24,48
134260,134309,134332,23,49
134260,134308,134332,24,48
134260,134308,134332,24,48
134260,134309,134331,22,49
134260,134308,134332,24,48
134260,134308,134331,23,48
134260,134309,134332,23,49
134260,134309,134332,23,49
134260,134309,134332,23,49
134260,134308,134332,24,48
134260,134309,134332,23,49
134260,134309,134332,23,49
134260,134329,134352,23,69
134260,134330,134353,23,70
134260,134330,134353,23,70
134260,134330,134353,23,70
134260,134331,134354,23,71
134260,134331,134353,22,71
134260,134330,134354,24,70
134260,134332,134354,22,72
134260,134332,134355,23,72
134260,134332,134355,23,72
134260,134332,134355,23,72
134260,134332,134355,23,72
134260,134332,134355,23,72
134260,134332,134355,23,72
134260,134332,134355,23,72
134260,134332,134355,23,72
134260,134332,134356,24,72
134260,134332,134356,24,72
134260,134332,134356,24,72
134260,134333,134356,23,73
134260,134352,134375,23,92
134260,134353,134376,23,93
134260,134353,134377,24,93
134260,134354,134377,23,94
134260,134354,134377,23,94
134260,134354,134377,23,94
134260,134354,134377,23,94
134260,134355,134378,23,95
134260,134354,134378,24,94
134260,134355,134379,24,95
134260,134355,134379,24,95
134260,134356,134379,23,96
134260,134357,134379,22,97
134260,134355,134379,24,95
134260,134355,134380,25,95
134260,134355,134379,24,95
134260,134357,134379,22,97
134260,134355,134380,25,95
134260,134357,134380,23,97
134260,134356,134381,25,96
134260,134376,134399,23,116
134260,134377,134399,22,117
134260,134378,134401,23,118
134260,134379,134400,21,119
134260,134378,134401,23,118
134260,134380,134402,22,120
134260,134378,134401,23,118
134260,134378,134401,23,118
134260,134378,134401,23,118
134260,134379,134402,23,119
134260,134380,134403,23,120
134260,134380,134403,23,120
134260,134380,134403,23,120
134260,134379,134403,24,119
134260,134380,134403,23,120
134260,134380,134403,23,120
134260,134381,134404,23,121
134260,134380,134404,24,120
134260,134382,134405,23,122
134260,134381,134404,23,121
134260,134400,134423,23,140
134260,134401,134424,23,141
134260,134400,134423,23,140
134260,134402,134424,22,142
134260,134401,134424,23,141
134260,134403,134426,23,143
134260,134402,134425,23,142
134260,134403,134426,23,143
134260,134402,134426,24,142
134260,134404,134427,23,144
134260,134404,134427,23,144
134260,134402,134426,24,142
134260,134404,134427,23,144
134260,134402,134427,25,142
134260,134404,134428,24,144
134260,134404,134427,23,144
134260,134404,134428,24,144
134260,134405,134429,24,145
134260,134405,134428,23,145
134260,134405,134429,24,145
134260,134424,134447,23,164
134260,134423,134446,23,163
134260,134425,134448,23,165
134260,134426,134449,23,166
134260,134425,134448,23,165
134260,134426,134449,23,166
134260,134427,134449,22,167
134260,134424,134449,25,164
134260,134427,134450,23,167
134260,134426,134449,23,166
134260,134427,134450,23,167
134260,134426,134450,24,166
134260,134427,134451,24,167
134260,134428,134451,23,168
134260,134429,134451,22,169
134260,134428,134452,24,168
134260,134428,134452,24,168
134260,134429,134451,22,169
134260,134429,134452,23,169
134260,134429,134453,24,169
134260,134447,134470,23,187
134260,134447,134469,22,187
134260,134448,134471,23,188
134260,134449,134472,23,189
134260,134449,134472,23,189
134260,134450,134472,22,190
134260,134450,134472,22,190
134260,134449,134472,23,189
134260,134449,134473,24,189
134260,134449,134473,24,189
134260,134450,134473,23,190
134260,134450,134475,25,190
134260,134451,134476,25,191
134260,134451,134476,25,191
134260,134451,134476,25,191
134260,134452,134476,24,192
134260,134452,134477,25,192
134260,134452,134478,26,192
134260,134453,134480,27,193
134260,134453,134482,29,193
134260,134470,134497,27,210
134260,134472,134497,25,212
134260,134471,134497,26,211
134260,134471,134497,26,211
134260,134475,134497,22,215
134260,134473,134498,25,213
134260,134473,134498,25,213
134260,134474,134498,24,214
134260,134474,134498,24,214
134260,134473,134499,26,213
134260,134473,134499,26,213
134260,134473,134500,27,213
134260,134477,134501,24,217
134260,134477,134502,25,217
134260,134479,134502,23,219
134260,134477,134503,26,217
134260,134478,134502,24,218
134260,134477,134503,26,217
134260,134481,134504,23,221
134260,134483,134508,25,223
134515,134515,134539,24,0
134515,134515,134539,24,0
134515,134515,134539,24,0
134515,134515,134540,25,0
134515,134515,134539,24,0
134515,134515,134540,25,0
134515,134515,134541,26,0
134515,134515,134540,25,0
134515,134515,134541,26,0
134515,134515,134541,26,0
134515,134515,134541,26,0
134515,134515,134541,26,0
134515,134515,134542,27,0
134515,134515,134541,26,0
134515,134515,134542,27,0
134515,134515,134542,27,0
134515,134515,134541,26,0
134515,134515,134542,27,0
134515,134515,134542,27,0
134515,134515,134541,26,0
134515,134539,134565,26,24
134515,134540,134565,25,25
134515,134541,134566,25,26
134515,134541,134566,25,26
134515,134540,134566,26,25
134515,134541,134566,25,26
134515,134541,134567,26,26
134515,134542,134567,25,27
134515,134541,134567,26,26
134515,134542,134567,25,27
134515,134540,134567,27,25
134515,134540,134567,27,25
134515,134542,134567,25,27
134515,134542,134568,26,27
134515,134542,134568,26,27
134515,134541,134569,28,26
134515,134542,134568,26,27
134515,134542,134569,27,27
134515,134542,134569,27,27
134515,134542,134569,27,27
134515,134565,134590,25,50
134515,134565,134591,26,50
134515,134566,134591,25,51
134515,134566,134592,26,51
134515,134567,134592,25,52
134515,134568,134593,25,53
134515,134567,134594,27,52
134515,134568,134593,25,53
134515,134567,134593,26,52
134515,134566,134593,27,51
134515,134567,134594,27,52
134515,134569,134594,25,54
134515,134567,134594,27,52
134515,134567,134595,28,52
134515,134567,134595,28,52
134515,134569,134595,26,54
134515,134569,134596,27,54
134515,134570,134596,26,55
134515,134570,134596,26,55
134515,134569,134595,26,54
134515,134591,134616,25,76
134515,134592,134617,25,77
134515,134592,134618,26,77
134515,134594,134618,24,79
134515,134593,134618,25,78
134515,134594,134619,25,79
134515,134594,134619,25,79
134515,134595,134619,24,80
134515,134594,134619,25,79
134515,134593,134619,26,78
134515,134594,134619,25,79
134515,134595,134620,25,80
134515,134596,134621,25,81
134515,134595,134621,26,80
134515,134595,134621,26,80
134515,134596,134622,26,81
134515,134596,134622,26,81
134515,134596,134622,26,81
134515,134596,134622,26,81
134515,134596,134627,31,81
134515,134618,134643,25,103
134515,134617,134642,25,102
134515,134619,134644,25,104
134515,134619,134645,26,104
134515,134619,134645,26,104
134515,134620,134646,26,105
134515,134620,134645,25,105
134515,134619,134645,26,104
134515,134620,134646,26,105
134515,134620,134647,27,105
134515,134621,134646,25,106
134515,134619,134646,27,104
134515,134621,134647,26,106
134515,134621,134648,27,106
134515,134622,134648,26,107
134515,134623,134649,26,108
134515,134623,134648,25,108
134515,134623,134648,25,108
134515,134623,134650,27,108
134515,134628,134653,25,113
134515,134643,134668,25,128
134515,134643,134669,26,128
134515,134645,134670,25,130
134515,134646,134670,24,131
134515,134645,134671,26,130
134515,134647,134672,25,132
134515,134646,134672,26,131
134515,134646,134672,26,131
134515,134646,134672,26,131
134515,134646,134672,26,131
134515,134647,134673,26,132
134515,134647,134673,26,132
134515,134648,134673,25,133
134515,134649,134674,25,134
134515,134647,134674,27,132
134515,134648,134674,26,133
134515,134649,134675,26,134
134515,134649,134675,26,134
134515,134650,134676,26,135
134515,134654,134681,27,139
134515,134668,134694,26,153
134515,134669,134694,25,154
134515,134671,134695,24,156
134515,134670,134696,26,155
134515,134672,134697,25,157
134515,134672,134698,26,157
134515,134672,134698,26,157
134515,134671,134698,27,156
134515,134672,134698,26,157
134515,134672,134698,26,157
134515,134673,134699,26,158
134515,134674,134700,26,159
134515,134674,134700,26,159
134515,134674,134701,27,159
134515,134674,134700,26,159
134515,134673,134701,28,158
134515,134676,134704,28,161
134515,134675,134705,30,160
134515,134677,134705,28,162
134515,134681,134708,27,166
134515,134697,134721,24,182
134515,134695,134722,27,180
134515,134695,134722,27,180
134515,134695,134723,28,180
134515,134697,134723,26,182
134515,134699,134724,25,184
134515,134699,134725,26,184
134515,134698,134726,28,183
134515,134701,134725,24,186
134515,134699,134726,27,184
134515,134701,134726,25,186
134515,134699,134726,27,184
134515,134701,134726,25,186
134515,134701,134728,27,186
134515,134700,134728,28,185
134515,134702,134728,26,187
134515,134705,134731,26,190
134515,134706,134731,25,191
134515,134706,134732,26,191
134515,134709,134735,26,194
134515,134723,134747,24,208
134515,134722,134749,27,207
134515,134724,134749,25,209
134515,134724,134749,25,209
134515,134723,134750,27,208
134515,134725,134751,26,210
134515,134725,134752,27,210
134515,134727,134752,25,212
134515,134726,134752,26,211
134515,134727,134752,25,212
134515,134726,134752,26,211
134515,134727,134753,26,212
134515,134728,134753,25,213
134515,134726,134753,27,211
134515,134729,134754,25,214
134515,134729,134755,26,214
134515,134731,134756,25,216
134515,134731,134756,25,216
134515,134733,134758,25,218
134515,134736,134762,26,221
134515,134748,134773,25,233
134515,134749,134774,25,234
134515,134750,134775,25,235
134515,134751,134777,26,236
134515,134750,134776,26,235
134515,134751,134777,26,236
134515,134752,134778,26,237
134515,134752,134777,25,237
134515,134753,134778,25,238
134515,134753,134779,26,238
134515,134753,134779,26,238
134515,134754,134780,26,239
134515,134754,134781,27,239
134515,134753,134781,28,238
134515,134754,134781,27,239
134515,134755,134781,26,240
134515,134756,134781,25,241
134515,134759,134784,25,244
134515,134757,134783,26,242
134515,134763,134787,24,248
134795,134795,134819,24,0
134795,134795,134820,25,0
134795,134795,134820,25,0
134795,134795,134820,25,0
134795,134795,134820,25,0
134795,134795,134820,25,0
134795,134795,134820,25,0
134795,134795,134821,26,0
134795,134795,134821,26,0
134795,134795,134821,26,0
134795,134795,134821,26,0
134795,134795,134821,26,0
134795,134795,134821,26,0
134795,134795,134821,26,0
134795,134795,134821,26,0
134795,134795,134821,26,0
134795,134795,134821,26,0
134795,134795,134822,27,0
134795,134795,134822,27,0
134795,134795,134822,27,0
134795,134819,134845,26,24
134795,134821,134845,24,26
134795,134821,134845,24,26
134795,134821,134845,24,26
134795,134821,134846,25,26
134795,134821,134846,25,26
134795,134822,134847,25,27
134795,134821,134846,25,26
134795,134822,134847,25,27
134795,134822,134847,25,27
134795,134823,134848,25,28
134795,134822,134847,25,27
134795,134822,134847,25,27
134795,134822,134848,26,27
134795,134822,134848,26,27
134795,134822,134848,26,27
134795,134822,134848,26,27
134795,134823,134848,25,28
134795,134822,134848,26,27
134795,134823,134849,26,28
134795,134846,134871,25,51
134795,134847,134871,24,52
134795,134847,134873,26,52
134795,134847,134872,25,52
134795,134846,134872,26,51
134795,134848,134874,26,53
134795,134848,134873,25,53
134795,134848,134873,25,53
134795,134848,134873,25,53
134795,134848,134873,25,53
134795,134846,134873,27,51
134795,134846,134873,27,51
134795,134847,134874,27,52
134795,134848,134874,26,53
134795,134848,134874,26,53
134795,134848,134874,26,53
134795,134848,134874,26,53
134795,134849,134876,27,54
134795,134849,134875,26,54
134795,134849,134876,27,54
134795,134872,134898,26,77
134795,134872,134898,26,77
134795,134873,134899,26,78
134795,134873,134899,26,78
134795,134873,134899,26,78
134795,134874,134900,26,79
134795,134874,134899,25,79
134795,134874,134900,26,79
134795,134875,134900,25,80
134795,134874,134900,26,79
134795,134874,134900,26,79
134795,134874,134901,27,79
134795,134875,134901,26,80
134795,134875,134901,26,80
134795,134875,134902,27,80
134795,134874,134901,27,79
134795,134875,134902,27,80
134795,134876,134902,26,81
134795,134876,134902,26,81
134795,134876,134902,26,81
134795,134898,134925,27,103
134795,134899,134924,25,104
134795,134898,134925,27,103
134795,134899,134925,26,104
134795,134900,134926,26,105
134795,134899,134925,26,104
134795,134900,134926,26,105
134795,134900,134927,27,105
134795,134901,134927,26,106
134795,134901,134928,27,106
134795,134901,134928,27,106
134795,134902,134928,26,107
134795,134901,134928,27,106
134795,134902,134928,26,107
134795,134902,134928,26,107
134795,134902,134928,26,107
134795,134902,134928,26,107
134795,134902,134928,26,107
134795,134902,134928,26,107
134795,134903,134929,26,108
134795,134925,134950,25,130
134795,134925,134951,26,130
134795,134925,134951,26,130
134795,134926,134951,25,131
134795,134926,134952,26,131
134795,134926,134953,27,131
134795,134929,134954,25,134
134795,134929,134953,24,134
134795,134927,134954,27,132
134795,134928,134953,25,133
134795,134928,134954,26,133
134795,134928,134954,26,133
134795,134930,134954,24,135
134795,134928,134954,26,133
134795,134929,134954,25,134
134795,134929,134954,25,134
134795,134929,134955,26,134
134795,134929,134955,26,134
134795,134929,134956,27,134
134795,134929,134955,26,134
134795,134951,134977,26,156
134795,134952,134977,25,157
134795,134952,134978,26,157
134795,134952,134978,26,157
134795,134953,134979,26,158
134795,134955,134980,25,160
134795,134954,134979,25,159
134795,134954,134979,25,159
134795,134954,134980,26,159
134795,134955,134981,26,160
134795,134954,134980,26,159
134795,134956,134981,25,161
134795,134954,134980,26,159
134795,134955,134980,25,160
134795,134955,134981,26,160
134795,134955,134981,26,160
134795,134955,134981,26,160
134795,134956,134982,26,161
134795,134956,134982,26,161
134795,134956,134983,27,161
134795,134978,135004,26,183
134795,134978,135003,25,183
134795,134979,135004,25,184
134795,134979,135004,25,184
134795,134980,135005,25,185
134795,134981,135006,25,186
134795,134980,135006,26,185
134795,134981,135007,26,186
134795,134981,135007,26,186
134795,134981,135007,26,186
134795,134982,135007,25,187
134795,134980,135006,26,185
134795,134981,135007,26,186
134795,134981,135007,26,186
134795,134981,135007,26,186
134795,134980,135007,27,185
134795,134981,135008,27,186
134795,134982,135008,26,187
134795,134982,135009,27,187
134795,134984,135010,26,189
134795,135004,135030,26,209
134795,135005,135030,25,210
134795,135004,135031,27,209
134795,135004,135031,27,209
134795,135007,135032,25,212
134795,135007,135033,26,212
134795,135007,135033,26,212
134795,135008,135033,25,213
134795,135008,135034,26,213
134795,135008,135033,25,213
134795,135007,135034,27,212
134795,135007,135034,27,212
134795,135007,135033,26,212
134795,135006,135034,28,211
134795,135007,135033,26,212
134795,135007,135034,27,212
134795,135008,135034,26,213
134795,135009,135035,26,214
134795,135010,135036,26,215
134795,135010,135036,26,215
134795,135030,135056,26,235
134795,135031,135057,26,236
134795,135031,135057,26,236
134795,135033,135058,25,238
134795,135031,135058,27,236
134795,135033,135059,26,238
134795,135034,135059,25,239
134795,135033,135059,26,238
134795,135034,135059,25,239
134795,135034,135060,26,239
134795,135033,135059,26,238
134795,135036,135060,24,241
134795,135034,135060,26,239
134795,135034,135060,26,239
134795,135034,135060,26,239
134795,135034,135060,26,239
134795,135034,135060,26,239
134795,135034,135061,27,239
134795,135036,135062,26,241
134795,135038,135064,26,243
135071,135071,135097,26,0
135071,135072,135097,25,1
135071,135071,135097,26,0
135071,135072,135097,25,1
135071,135071,135097,26,0
135071,135071,135097,26,0
135071,135072,135097,25,1
135071,135071,135097,26,0
135071,135071,135097,26,0
135071,135072,135097,25,1
135071,135071,135098,27,0
135071,135072,135098,26,1
135071,135072,135098,26,1
135071,135071,135098,27,0
135071,135071,135099,28,0
135071,135072,135098,26,1
135071,135072,135098,26,1
135071,135072,135098,26,1
135071,135072,135098,26,1
135071,135071,135101,30,0
135071,135098,135123,25,27
135071,135098,135122,24,27
135071,135098,135123,25,27
135071,135098,135123,25,27
135071,135098,135123,25,27
135071,135098,135124,26,27
135071,135098,135124,26,27
135071,135098,135124,26,27
135071,135098,135124,26,27
135071,135099,135124,25,28
135071,135099,135124,25,28
135071,135099,135124,25,28
135071,135098,135124,26,27
135071,135099,135124,25,28
135071,135099,135125,26,28
135071,135099,135125,26,28
135071,135099,135125,26,28
135071,135099,135126,27,28
135071,135099,135126,27,28
135071,135102,135129,27,31
135071,135123,135148,25,52
135071,135123,135148,25,52
135071,135123,135149,26,52
135071,135124,135149,25,53
135071,135124,135150,26,53
135071,135125,135150,25,54
135071,135125,135151,26,54
135071,135124,135150,26,53
135071,135124,135150,26,53
135071,135125,135151,26,54
135071,135125,135150,25,54
135071,135125,135152,27,54
135071,135126,135152,26,55
135071,135126,135151,25,55
135071,135127,135152,25,56
135071,135125,135152,27,54
135071,135125,135152,27,54
135071,135126,135153,27,55
135071,135127,135154,27,56
135071,135130,135156,26,59
135071,135148,135174,26,77
135071,135148,135175,27,77
135071,135150,135176,26,79
135071,135151,135176,25,80
135071,135151,135176,25,80
135071,135150,135176,26,79
135071,135151,135176,25,80
135071,135150,135177,27,79
135071,135152,135177,25,81
135071,135151,135177,26,80
135071,135151,135178,27,80
135071,135152,135178,26,81
135071,135151,135178,27,80
135071,135152,135178,26,81
135071,135152,135178,26,81
135071,135152,135178,26,81
135071,135154,135179,25,83
135071,135152,135180,28,81
135071,135153,135180,27,82
135071,135157,135182,25,86
135071,135174,135201,27,103
135071,135175,135201,26,104
135071,135176,135202,26,105
135071,135176,135202,26,105
135071,135176,135202,26,105
135071,135178,135203,25,107
135071,135179,135205,26,108
135071,135178,135204,26,107
135071,135177,135205,28,106
135071,135178,135204,26,107
135071,135178,135205,27,107
135071,135178,135205,27,107
135071,135178,135206,28,107
135071,135177,135207,30,106
135071,135179,135207,28,108
135071,135181,135208,27,110
135071,135180,135207,27,109
135071,135183,135208,25,112
135071,135177,135208,31,106
135071,135181,135208,27,110
135071,135203,135228,25,132
135071,135202,135229,27,131
135071,135203,135228,25,132
135071,135202,135229,27,131
135071,135203,135230,27,132
135071,135204,135231,27,133
135071,135207,135231,24,136
135071,135206,135232,26,135
135071,135205,135232,27,134
135071,135207,135233,26,136
135071,135205,135233,28,134
135071,135208,135234,26,137
135071,135205,135234,29,134
135071,135208,135234,26,137
135071,135207,135235,28,136
135071,135209,135235,26,138
135071,135209,135235,26,138
135071,135209,135236,27,138
135071,135205,135236,31,134
135071,135206,135239,33,135
135071,135229,135254,25,158
135071,135229,135255,26,158
135071,135228,135255,27,157
135071,135229,135255,26,158
135071,135231,135256,25,160
135071,135231,135256,25,160
135071,135231,135258,27,160
135071,135234,135259,25,163
135071,135234,135260,26,163
135071,135234,135261,27,163
135071,135234,135261,27,163
135071,135233,135262,29,162
135071,135236,135262,26,165
135071,135236,135262,26,165
135071,135235,135262,27,164
135071,135237,135262,25,166
135071,135236,135262,26,165
135071,135237,135263,26,166
135071,135233,135263,30,162
135071,135239,135265,26,168
135071,135255,135279,24,184
135071,135255,135281,26,184
135071,135255,135281,26,184
135071,135256,135282,26,185
135071,135257,135284,27,186
135071,135257,135284,27,186
135071,135259,135286,27,188
135071,135261,135285,24,190
135071,135260,135286,26,189
135071,135262,135286,24,191
135071,135261,135286,25,190
135071,135261,135286,25,190
135071,135263,135286,23,192
135071,135263,135287,24,192
135071,135262,135288,26,191
135071,135262,135289,27,191
135071,135262,135289,27,191
135071,135262,135288,26,191
135071,135264,135291,27,193
135071,135265,135292,27,194
135071,135281,135305,24,210
135071,135280,135305,25,209
135071,135282,135307,25,211
135071,135287,135310,23,216
135071,135286,135311,25,215
135071,135284,135310,26,213
135071,135284,135310,26,213
135071,135287,135311,24,216
135071,135286,135311,25,215
135071,135283,135311,28,212
135071,135287,135311,24,216
135071,135287,135311,24,216
135071,135287,135312,25,216
135071,135288,135312,24,217
135071,135289,135314,25,218
135071,135289,135314,25,218
135071,135289,135314,25,218
135071,135290,135314,24,219
135071,135291,135316,25,220
135071,135293,135316,23,222
135071,135306,135331,25,235
135071,135306,135332,26,235
135071,135311,135335,24,240
135071,135311,135335,24,240
135071,135308,135336,28,237
135071,135311,135336,25,240
135071,135312,135335,23,241
135071,135312,135335,23,241
135071,135312,135336,24,241
135071,135311,135336,25,240
135071,135311,135336,25,240
135071,135310,135337,27,239
135071,135312,135338,26,241
135071,135314,135338,24,243
135071,135314,135339,25,243
135071,135316,135339,23,245
135071,135315,135339,24,244
135071,135315,135340,25,244
135071,135313,135339,26,242
135071,135317,135340,23,246
135347,135347,135370,23,0
135347,135347,135371,24,0
135347,135347,135371,24,0
135347,135347,135371,24,0
135347,135347,135371,24,0
135347,135347,135372,25,0
135347,135347,135372,25,0
135347,135347,135372,25,0
135347,135347,135372,25,0
135347,135347,135372,25,0
135347,135347,135372,25,0
135347,135347,135372,25,0
135347,135347,135372,25,0
135347,135347,135374,27,0
135347,135347,135373,26,0
135347,135347,135373,26,0
135347,135347,135373,26,0
135347,135347,135373,26,0
135347,135347,135373,26,0
135347,135347,135374,27,0
135347,135371,135395,24,24
135347,135372,135395,23,25
135347,135373,135396,23,26
135347,135372,135396,24,25
135347,135372,135396,24,25
135347,135374,135397,23,27
135347,135373,135396,23,26
135347,135373,135396,23,26
135347,135373,135396,23,26
135347,135373,135397,24,26
135347,135372,135397,25,25
135347,135374,135397,23,27
135347,135373,135398,25,26
135347,135374,135398,24,27
135347,135373,135399,26,26
135347,135374,135398,24,27
135347,135374,135399,25,27
135347,135373,135399,26,26
135347,135374,135400,26,27
135347,135375,135399,24,28
135347,135396,135420,24,49
135347,135397,135420,23,50
135347,135396,135420,24,49
135347,135397,135421,24,50
135347,135396,135420,24,49
135347,135397,135421,24,50
135347,135397,135421,24,50
135347,135397,135420,23,50
135347,135398,135421,23,51
135347,135399,135422,23,52
135347,135397,135422,25,50
135347,135398,135423,25,51
135347,135399,135422,23,52
135347,135399,135423,24,52
135347,135398,135424,26,51
135347,135399,135424,25,52
135347,135400,135424,24,53
135347,135400,135424,24,53
135347,135399,135424,25,52
135347,135400,135425,25,53
135347,135420,135444,24,73
135347,135420,135443,23,73
135347,135422,135445,23,75
135347,135421,135444,23,74
135347,135421,135445,24,74
135347,135422,135445,23,75
135347,135421,135445,24,74
135347,135421,135445,24,74
135347,135421,135445,24,74
135347,135422,135446,24,75
135347,135420,135446,26,73
136897,136897,136938,41,0
136897,136897,136939,42,0
136897,136897,136940,43,0
136897,136897,136940,43,0
136897,136897,136942,45,0
136897,136897,136941,44,0
136897,136897,136942,45,0
136897,136897,136943,46,0
136897,136897,136943,46,0
136897,136897,136944,47,0
136897,136897,136944,47,0
136897,136897,136944,47,0
136897,136897,136944,47,0
136897,136897,136944,47,0
136897,136897,136945,48,0
136897,136897,136946,49,0
136897,136897,136946,49,0
136897,136897,136947,50,0
136897,136897,136948,51,0
136897,136897,136949,52,0
136897,136939,136984,45,42
136897,136941,136986,45,44
136897,136938,136986,48,41
136897,136942,136986,44,45
136897,136940,136989,49,43
136897,136945,136990,45,48
136897,136947,136989,42,50
136897,136949,136989,40,52
136897,136943,136990,47,46
136897,136944,136990,46,47
136897,136945,136989,44,48
136897,136942,136991,49,45
136897,136943,136993,50,46
136897,136944,136993,49,47
136897,136945,136993,48,48
136897,136945,136994,49,48
136897,136948,136996,48,51
136897,136944,136996,52,47
136897,136950,136997,47,53
136897,136946,136998,52,49
136897,136986,137028,42,89
136897,136987,137030,43,90
136897,136985,137031,46,88
136897,136989,137031,42,92
136897,136987,137034,47,90
136897,136994,137035,41,97
136897,136990,137034,44,93
136897,136990,137036,46,93
136897,136990,137036,46,93
136897,136990,137036,46,93
136897,136994,137038,44,97
136897,136990,137038,48,93
136897,136991,137038,47,94
136897,136994,137040,46,97
136897,136996,137041,45,99
136897,136990,137041,51,93
136897,136994,137040,46,97
136897,136997,137041,44,100
136897,136998,137045,47,101
136897,136999,137045,46,102
136897,137028,137075,47,131
136897,137034,137075,41,137
136897,137031,137076,45,134
136897,137035,137078,43,138
136897,137035,137078,43,138
136897,137032,137079,47,135
136897,137031,137079,48,134
136897,137036,137083,47,139
136897,137039,137084,45,142
136897,137037,137084,47,140
136897,137036,137085,49,139
136897,137041,137086,45,144
136897,137039,137086,47,142
136897,137041,137087,46,144
136897,137039,137088,49,142
136897,137041,137088,47,144
136897,137041,137088,47,144
136897,137045,137090,45,148
136897,137042,137091,49,145
136897,137045,137093,48,148
136897,137076,137118,42,179
136897,137075,137120,45,178
136897,137075,137121,46,178
136897,137079,137124,45,182
136897,137078,137125,47,181
136897,137078,137126,48,181
136897,137080,137127,47,183
136897,137085,137128,43,188
136897,137084,137128,44,187
136897,137084,137132,48,187
136897,137086,137132,46,189
136897,137089,137133,44,192
136897,137089,137134,45,192
136897,137087,137134,47,190
136897,137086,137135,49,189
136897,137089,137137,48,192
136897,137087,137138,51,190
136897,137094,137141,47,197
136897,137091,137142,51,194
136897,137091,137144,53,194
136897,137119,137163,44,222
136897,137121,137167,46,224
136897,137122,137169,47,225
136897,137126,137170,44,229
136897,137127,137172,45,230
136897,137124,137173,49,227
136897,137129,137173,44,232
136897,137127,137174,47,230
136897,137134,137175,41,237
136897,137135,137178,43,238
136897,137137,137179,42,240
136897,137133,137179,46,236
136897,137135,137179,44,238
136897,137138,137180,42,241
136897,137129,137180,51,232
136897,137133,137180,47,236
136897,137143,137185,42,246
136897,137141,137186,45,244
136897,137136,137187,51,239
136897,137144,137191,47,247
136897,137164,137210,46,267
136897,137171,137215,44,274
136897,137168,137215,47,271
136897,137170,137216,46,273
136897,137175,137218,43,278
136897,137173,137219,46,276
136897,137174,137221,47,277
136897,137173,137222,49,276
136897,137172,137222,50,275
136897,137178,137222,44,281
136897,137179,137223,44,282
136897,137180,137224,44,283
136897,137180,137226,46,283
136897,137180,137228,48,283
136897,137180,137229,49,283
136897,137180,137232,52,283
136897,137187,137233,46,290
136897,137186,137235,49,289
136897,137186,137235,49,289
136897,137191,137241,50,294
136897,137211,137259,48,314
136897,137215,137260,45,318
136897,137215,137264,49,318
136897,137217,137264,47,320
136897,137218,137266,48,321
136897,137225,137267,42,328
136897,137219,137268,49,322
136897,137222,137268,46,325
136897,137223,137269,46,326
136897,137224,137270,46,327
136897,137222,137274,52,325
136897,137223,137274,51,326
136897,137228,137276,48,331
136897,137233,137276,43,336
136897,137226,137276,50,329
136897,137233,137276,43,336
136897,137230,137277,47,333
136897,137236,137280,44,339
136897,137242,137283,41,345
136897,137236,137283,47,339
136897,137260,137302,42,363
136897,137265,137308,43,368
136897,137261,137311,50,364
136897,137270,137311,41,373
136897,137267,137313,46,370
136897,137265,137313,48,368
136897,137268,137315,47,371
136897,137269,137317,48,372
136897,137270,137316,46,373
136897,137269,137317,48,372
136897,137277,137318,41,380
136897,137277,137321,44,380
136897,137277,137320,43,380
136897,137275,137320,45,378
136897,137275,137323,48,378
136897,137277,137324,47,380
136897,137278,137324,46,381
136897,137280,137326,46,383
136897,137283,137326,43,386
136897,137284,137331,47,387
136897,137303,137351,48,406
136897,137308,137354,46,411
136897,137313,137354,41,416
136897,137311,137359,48,414
136897,137314,137361,47,417
136897,137312,137363,51,415
136897,137318,137363,45,421
136897,137321,137363,42,424
136897,137317,137363,46,420
136897,137317,137365,48,420
136897,137315,137366,51,418
136897,137321,137366,45,424
136897,137317,137369,52,420
136897,137324,137369,45,427
136897,137321,137370,49,424
136897,137325,137372,47,428
136897,137327,137372,45,430
136897,137325,137373,48,428
136897,137326,137375,49,429
136897,137331,137376,45,434
137384,137384,137426,42,0
137384,137384,137427,43,0
137384,137384,137429,45,0
137384,137384,137430,46,0
137384,137384,137430,46,0
137384,137384,137430,46,0
137384,137384,137430,46,0
137384,137384,137430,46,0
137384,137384,137431,47,0
137384,137384,137430,46,0
137384,137384,137430,46,0
137384,137384,137431,47,0
137384,137384,137431,47,0
137384,137384,137432,48,0
137384,137384,137431,47,0
137384,137384,137433,49,0
137384,137384,137433,49,0
137384,137384,137432,48,0
137384,137384,137433,49,0
137384,137384,137434,50,0
137384,137432,137472,40,48
137384,137427,137473,46,43
137384,137432,137475,43,48
137384,137429,137475,46,45
137384,137432,137475,43,48
137384,137430,137475,45,46
137384,137430,137476,46,46
137384,137433,137477,44,49
137384,137431,137477,46,47
137384,137428,137477,49,44
137384,137430,137478,48,46
137384,137431,137479,48,47
137384,137431,137479,48,47
137384,137432,137479,47,48
137384,137433,137479,46,49
137384,137430,137480,50,46
137384,137430,137479,49,46
137384,137435,137481,46,51
137384,137433,137482,49,49
137384,137434,137482,48,50
137384,137472,137515,43,88
137384,137476,137518,42,92
137384,137474,137519,45,90
137384,137475,137519,44,91
137384,137475,137521,46,91
137384,137479,137521,42,95
137384,137478,137522,44,94
137384,137478,137523,45,94
137384,137479,137524,45,95
137384,137481,137523,42,97
137384,137482,137525,43,98
137384,137475,137525,50,91
137384,137479,137525,46,95
137384,137479,137526,47,95
137384,137477,137526,49,93
137384,137483,137528,45,99
137384,137479,137527,48,95
137384,137481,137529,48,97
137384,137476,137532,56,92
137384,137482,137532,50,98
137384,137518,137563,45,134
137384,137515,137563,48,131
137384,137520,137565,45,136
137384,137523,137566,43,139
137384,137522,137566,44,138
137384,137520,137567,47,136
137384,137524,137568,44,140
137384,137524,137569,45,140
137384,137525,137570,45,141
137384,137526,137571,45,142
137384,137526,137572,46,142
137384,137522,137572,50,138
137384,137524,137573,49,140
137384,137527,137575,48,143
137384,137530,137576,46,146
137384,137528,137576,48,144
137384,137527,137577,50,143
137384,137528,137578,50,144
137384,137533,137579,46,149
137384,137533,137585,52,149
137384,137563,137607,44,179
137384,137566,137610,44,182
137384,137567,137611,44,183
137384,137564,137611,47,180
137384,137571,137612,41,187
137384,137566,137613,47,182
137384,137570,137615,45,186
137384,137568,137615,47,184
137384,137573,137617,44,189
137384,137571,137618,47,187
137384,137569,137618,49,185
137384,137578,137620,42,194
137384,137575,137621,46,191
137384,137572,137622,50,188
137384,137578,137622,44,194
137384,137572,137621,49,188
137384,137576,137622,46,192
137384,137576,137622,46,192
137384,137580,137626,46,196
137384,137585,137634,49,201
137384,137610,137654,44,226
137384,137612,137656,44,228
137384,137607,137657,50,223
137384,137613,137657,44,229
137384,137611,137659,48,227
137384,137611,137661,50,227
137384,137618,137661,43,234
137384,137615,137662,47,231
137384,137615,137661,46,231
137384,137619,137664,45,235
137384,137622,137667,45,238
137384,137622,137667,45,238
137384,137619,137668,49,235
137384,137622,137669,47,238
137384,137622,137670,48,238
137384,137621,137669,48,237
137384,137622,137670,48,238
137384,137623,137674,51,239
137384,137627,137679,52,243
137384,137635,137680,45,251
137384,137655,137701,46,271
137384,137662,137704,42,278
137384,137658,137706,48,274
137384,137661,137707,46,277
137384,137657,137708,51,273
137384,137662,137707,45,278
137384,137660,137709,49,276
137384,137662,137709,47,278
137384,137665,137710,45,281
137384,137658,137710,52,274
137384,137667,137712,45,283
137384,137667,137714,47,283
137384,137670,137715,45,286
137384,137669,137716,47,285
137384,137669,137717,48,285
137384,137671,137718,47,287
137384,137670,137720,50,286
137384,137674,137723,49,290
137384,137681,137724,43,297
137384,137679,137725,46,295
137384,137702,137747,45,318
137384,137706,137749,43,322
137384,137704,137751,47,320
137384,137707,137753,46,323
137384,137709,137754,45,325
137384,137710,137755,45,326
137384,137708,137755,47,324
137384,137708,137755,47,324
137384,137711,137757,46,327
137384,137710,137757,47,326
137384,137717,137762,45,333
137384,137719,137761,42,335
137384,137715,137762,47,331
137384,137715,137762,47,331
137384,137718,137764,46,334
137384,137723,137765,42,339
137384,137713,137765,52,329
137384,137721,137767,46,337
137384,137725,137769,44,341
137384,137725,137775,50,341
137384,137747,137787,40,363
137384,137751,137796,45,367
137384,137750,137796,46,366
137384,137753,137796,43,369
137384,137756,137799,43,372
137384,137756,137801,45,372
137384,137754,137801,47,370
137384,137755,137803,48,371
137384,137758,137803,45,374
137384,137757,137805,48,373
137384,137763,137807,44,379
137384,137762,137808,46,378
137384,137762,137809,47,378
137384,137766,137811,45,382
137384,137762,137811,49,378
137384,137764,137811,47,380
137384,137766,137813,47,382
137384,137767,137816,49,383
137384,137769,137822,53,385
137384,137776,137825,49,392
137384,137788,137832,44,404
137384,137797,137841,44,413
137384,137797,137843,46,413
137384,137797,137844,47,413
137384,137802,137844,42,418
137384,137802,137846,44,418
137384,137808,137848,40,424
137384,137804,137850,46,420
137384,137803,137851,48,419
137384,137806,137851,45,422
137384,137799,137852,53,415
137384,137809,137852,43,425
137384,137814,137857,43,430
137384,137811,137858,47,427
137384,137810,137860,50,426
137384,137812,137863,51,428
137384,137812,137863,51,428
137384,137817,137865,48,433
137384,137822,137867,45,438
137384,137826,137872,46,442
137880,137880,137920,40,0
137880,137880,137921,41,0
137880,137880,137922,42,0
137880,137880,137925,45,0
137880,137880,137924,44,0
137880,137880,137925,45,0
137880,137880,137925,45,0
137880,137880,137926,46,0
137880,137880,137925,45,0
137880,137880,137927,47,0
137880,137880,137927,47,0
137880,137880,137927,47,0
137880,137880,137927,47,0
137880,137880,137928,48,0
137880,137880,137928,48,0
137880,137880,137928,48,0
137880,137880,137929,49,0
137880,137880,137930,50,0
137880,137880,137931,51,0
137880,137880,137931,51,0
137880,137920,137965,45,40
137880,137921,137967,46,41
137880,137923,137968,45,43
137880,137928,137969,41,48
137880,137925,137972,47,45
137880,137928,137973,45,48
137880,137926,137973,47,46
137880,137926,137973,47,46
137880,137925,137974,49,45
137880,137929,137974,45,49
137880,137929,137975,46,49
137880,137927,137975,48,47
137880,137931,137975,44,51
137880,137925,137975,50,45
137880,137930,137976,46,50
137880,137927,137976,49,47
137880,137926,137978,52,46
137880,137928,137979,51,48
137880,137931,137980,49,51
137880,137930,137981,51,50
137880,137965,138012,47,85
137880,137968,138015,47,88
137880,137969,138016,47,89
137880,137969,138016,47,89
137880,137972,138017,45,92
137880,137973,138018,45,93
137880,137973,138019,46,93
137880,137976,138018,42,96
137880,137977,138018,41,97
137880,137973,138019,46,93
137880,137975,138020,45,95
137880,137974,138021,47,94
137880,137978,138020,42,98
137880,137981,138025,44,101
137880,137976,138025,49,96
137880,137976,138025,49,96
137880,137979,138025,46,99
137880,137975,138026,51,95
137880,137976,138027,51,96
137880,137982,138030,48,102
137880,138012,138054,42,132
137880,138017,138059,42,137
137880,138017,138060,43,137
137880,138018,138062,44,138
137880,138019,138064,45,139
137880,138015,138063,48,135
137880,138019,138065,46,139
137880,138021,138065,44,141
137880,138021,138065,44,141
137880,138021,138065,44,141
137880,138020,138067,47,140
137880,138019,138067,48,139
137880,138026,138070,44,146
137880,138026,138070,44,146
137880,138027,138071,44,147
137880,138026,138071,45,146
137880,138026,138072,46,146
137880,138019,138073,54,139
137880,138030,138078,48,150
137880,138028,138084,56,148
137880,138054,138101,47,174
137880,138059,138106,47,179
137880,138064,138108,44,184
137880,138061,138108,47,181
137880,138065,138110,45,185
137880,138062,138110,48,182
137880,138065,138110,45,185
137880,138065,138112,47,185
137880,138064,138112,48,184
137880,138068,138112,44,188
137880,138066,138113,47,186
137880,138071,138114,43,191
137880,138068,138115,47,188
137880,138071,138117,46,191
137880,138072,138118,46,192
137880,138070,138120,50,190
137880,138078,138122,44,198
137880,138073,138123,50,193
137880,138071,138124,53,191
137880,138084,138127,43,204
137880,138107,138149,42,227
137880,138101,138150,49,221
137880,138111,138155,44,231
137880,138109,138157,48,229
137880,138113,138157,44,233
137880,138110,138157,47,230
137880,138109,138158,49,229
137880,138110,138158,48,230
137880,138113,138159,46,233
137880,138116,138159,43,236
137880,138112,138161,49,232
137880,138115,138161,46,235
137880,138113,138163,50,233
137880,138118,138166,48,238
137880,138121,138167,46,241
137880,138118,138167,49,238
137880,138124,138168,44,244
137880,138123,138170,47,243
137880,138125,138172,47,245
137880,138128,138172,44,248
137880,138151,138198,47,271
137880,138158,138198,40,278
137880,138150,138199,49,270
137880,138158,138203,45,278
137880,138157,138203,46,277
137880,138155,138203,48,275
137880,138157,138206,49,277
137880,138162,138206,44,282
137880,138160,138205,45,280
137880,138160,138208,48,280
137880,138164,138209,45,284
137880,138159,138210,51,279
137880,138162,138211,49,282
137880,138167,138210,43,287
137880,138168,138214,46,288
137880,138171,138216,45,291
137880,138172,138217,45,292
137880,138167,138218,51,287
137880,138169,138217,48,289
137880,138173,138218,45,293
137880,138199,138245,46,319
137880,138200,138246,46,320
137880,138204,138247,43,324
137880,138198,138247,49,318
137880,138206,138248,42,326
137880,138203,138249,46,323
137880,138206,138252,46,326
137880,138211,138252,41,331
137880,138204,138253,49,324
137880,138210,138254,44,330
137880,138208,138255,47,328
137880,138210,138259,49,330
137880,138206,138258,52,326
137880,138211,138259,48,331
137880,138214,138260,46,334
137880,138217,138264,47,337
137880,138218,138264,46,338
137880,138216,138265,49,336
137880,138219,138266,47,339
137880,138218,138267,49,338
137880,138246,138291,45,366
137880,138246,138293,47,366
137880,138247,138294,47,367
137880,138247,138294,47,367
137880,138250,138294,44,370
137880,138248,138294,46,368
137880,138253,138298,45,373
137880,138252,138298,46,372
137880,138254,138299,45,374
137880,138256,138301,45,376
137880,138260,138304,44,380
137880,138255,138305,50,375
137880,138259,138306,47,379
137880,138259,138308,49,379
137880,138265,138313,48,385
137880,138266,138312,46,386
137880,138266,138315,49,386
137880,138267,138316,49,387
137880,138265,138316,51,385
137880,138261,138317,56,381
137880,138295,138336,41,415
137880,138293,138336,43,413
137880,138294,138338,44,414
137880,138295,138339,44,415
137880,138295,138342,47,415
137880,138298,138343,45,418
137880,138299,138344,45,419
137880,138291,138346,55,411
137880,138300,138348,48,420
137880,138306,138351,45,426
137880,138301,138352,51,421
137880,138308,138356,48,428
137880,138307,138356,49,427
137880,138304,138357,53,424
137880,138313,138361,48,433
137880,138317,138362,45,437
137880,138313,138363,50,433
137880,138317,138364,47,437
137880,138316,138365,49,436
137880,138317,138367,50,437
138375,138375,138419,44,0
138375,138375,138419,44,0
138375,138375,138420,45,0
138375,138375,138420,45,0
138375,138375,138420,45,0
138375,138375,138421,46,0
138375,138375,138421,46,0
138375,138375,138421,46,0
138375,138375,138421,46,0
138375,138375,138421,46,0
138375,138375,138422,47,0
138375,138375,138422,47,0
138375,138375,138423,48,0
138375,138375,138423,48,0
138375,138375,138424,49,0
138375,138375,138424,49,0
138375,138375,138424,49,0
138375,138375,138424,49,0
138375,138375,138425,50,0
138375,138375,138431,56,0
138375,138421,138464,43,46
138375,138422,138465,43,47
138375,138420,138466,46,45
138375,138420,138466,46,45
138375,138421,138468,47,46
138375,138425,138468,43,50
138375,138422,138469,47,47
138375,138419,138469,50,44
138375,138424,138468,44,49
138375,138425,138469,44,50
138375,138421,138470,49,46
138375,138423,138469,46,48
138375,138424,138470,46,49
138375,138424,138471,47,49
138375,138425,138471,46,50
138375,138426,138471,45,51
138375,138422,138471,49,47
138375,138421,138473,52,46
138375,138425,138474,49,50
138375,138431,138479,48,56
138375,138466,138511,45,91
138375,138467,138513,46,92
138375,138469,138514,45,94
138375,138469,138514,45,94
138375,138470,138514,44,95
138375,138467,138515,48,92
138375,138465,138516,51,90
138375,138471,138516,45,96
138375,138472,138516,44,97
138375,138473,138516,43,98
138375,138469,138517,48,94
138375,138469,138517,48,94
138375,138475,138518,43,100
138375,138472,138517,45,97
138375,138469,138519,50,94
138375,138470,138519,49,95
138375,138472,138520,48,97
138375,138472,138521,49,97
138375,138470,138522,52,95
138375,138480,138526,46,105
138375,138513,138556,43,138
138375,138511,138556,45,136
138375,138515,138558,43,140
138375,138514,138559,45,139
138375,138517,138561,44,142
138375,138515,138561,46,140
138375,138519,138562,43,144
138375,138516,138561,45,141
138375,138517,138563,46,142
138375,138514,138563,49,139
138375,138518,138563,45,143
138375,138517,138566,49,142
138375,138518,138566,48,143
138375,138518,138566,48,143
138375,138521,138567,46,146
138375,138522,138567,45,147
138375,138520,138568,48,145
138375,138516,138569,53,141
138375,138527,138572,45,152
138375,138523,138572,49,148
138375,138556,138601,45,181
138375,138558,138603,45,183
138375,138557,138605,48,182
138375,138563,138607,44,188
138375,138559,138608,49,184
138375,138562,138608,46,187
138375,138562,138609,47,187
138375,138562,138611,49,187
138375,138563,138611,48,188
138375,138567,138611,44,192
138375,138562,138612,50,187
138375,138563,138613,50,188
138375,138566,138612,46,191
138375,138567,138613,46,192
138375,138569,138613,44,194
138375,138567,138614,47,192
138375,138569,138614,45,194
138375,138568,138618,50,193
138375,138573,138623,50,198
138375,138572,138623,51,197
138375,138601,138643,42,226
138375,138604,138650,46,229
138375,138610,138653,43,235
138375,138608,138655,47,233
138375,138606,138654,48,231
138375,138612,138656,44,237
138375,138608,138656,48,233
138375,138613,138658,45,238
138375,138613,138658,45,238
138375,138615,138660,45,240
138375,138613,138659,46,238
138375,138609,138659,50,234
138375,138615,138661,46,240
138375,138612,138661,49,237
138375,138613,138661,48,238
138375,138612,138661,49,237
138375,138614,138661,47,239
138375,138619,138665,46,244
138375,138624,138667,43,249
138375,138624,138671,47,249
138375,138643,138693,50,268
138375,138650,138698,48,275
138375,138658,138698,40,283
138375,138655,138700,45,280
138375,138655,138701,46,280
138375,138654,138702,48,279
138375,138661,138703,42,286
138375,138656,138705,49,281
138375,138657,138705,48,282
138375,138660,138705,45,285
138375,138661,138706,45,286
138375,138661,138708,47,286
138375,138659,138709,50,284
138375,138665,138709,44,290
138375,138660,138710,50,285
138375,138662,138710,48,287
138375,138660,138711,51,285
138375,138668,138714,46,293
138375,138662,138715,53,287
138375,138671,138722,51,296
138375,138693,138741,48,318
138375,138698,138745,47,323
138375,138702,138748,46,327
138375,138699,138749,50,324
138375,138705,138749,44,330
138375,138700,138750,50,325
138375,138704,138752,48,329
138375,138705,138752,47,330
138375,138705,138753,48,330
138375,138710,138752,42,335
138375,138706,138753,47,331
138375,138709,138753,44,334
138375,138701,138754,53,326
138375,138710,138754,44,335
138375,138710,138756,46,335
138375,138710,138758,48,335
138375,138715,138761,46,340
138375,138712,138760,48,337
138375,138716,138762,46,341
138375,138723,138769,46,348
138375,138742,138786,44,367
138375,138746,138789,43,371
138375,138749,138795,46,374
138375,138749,138797,48,374
138375,138753,138797,44,378
138375,138750,138799,49,375
138375,138755,138798,43,380
138375,138750,138799,49,375
138375,138752,138799,47,377
138375,138753,138800,47,378
138375,138753,138801,48,378
138375,138753,138801,48,378
138375,138755,138802,47,380
138375,138759,138805,46,384
138375,138761,138806,45,386
138375,138754,138807,53,379
138375,138757,138808,51,382
138375,138763,138808,45,388
138375,138761,138808,47,386
138375,138770,138816,46,395
138375,138787,138832,45,412
138375,138790,138838,48,415
138375,138798,138840,42,423
138375,138798,138841,43,423
138375,138800,138842,42,425
138375,138801,138843,42,426
138375,138795,138843,48,420
138375,138799,138843,44,424
138375,138800,138847,47,425
138375,138801,138847,46,426
138375,138800,138847,47,425
138375,138799,138848,49,424
138375,138803,138851,48,428
138375,138808,138854,46,433
138375,138809,138856,47,434
138375,138806,138857,51,431
138375,138807,138859,52,432
138375,138809,138860,51,434
138375,138809,138860,51,434
138375,138817,138865,48,442
138874,138874,138919,45,0
138874,138874,138919,45,0
138874,138874,138919,45,0
138874,138874,138919,45,0
138874,138874,138920,46,0
138874,138874,138920,46,0
138874,138874,138920,46,0
138874,138874,138921,47,0
138874,138874,138921,47,0
138874,138874,138921,47,0
138874,138874,138921,47,0
138874,138874,138922,48,0
138874,138874,138922,48,0
138874,138874,138922,48,0
138874,138874,138923,49,0
138874,138874,138924,50,0
138874,138874,138926,52,0
138874,138874,138925,51,0
138874,138874,138925,51,0
138874,138874,138927,53,0
138874,138922,138963,41,48
138874,138920,138964,44,46
138874,138920,138964,44,46
138874,138920,138966,46,46
138874,138922,138967,45,48
138874,138922,138967,45,48
138874,138924,138967,43,50
138874,138921,138967,46,47
138874,138920,138968,48,46
138874,138923,138969,46,49
138874,138921,138970,49,47
138874,138925,138970,45,51
138874,138926,138970,44,52
138874,138921,138970,49,47
138874,138923,138971,48,49
138874,138922,138971,49,48
138874,138923,138972,49,49
138874,138926,138975,49,52
138874,138926,138974,48,52
138874,138928,138977,49,54
138874,138964,139008,44,90
138874,138965,139008,43,91
138874,138968,139012,44,94
138874,138965,139012,47,91
138874,138967,139013,46,93
138874,138967,139013,46,93
138874,138967,139014,47,93
138874,138968,139015,47,94
138874,138969,139015,46,95
138874,138973,139017,44,99
138874,138971,139017,46,97
138874,138970,139017,47,96
138874,138975,139018,43,101
138874,138970,139018,48,96
138874,138975,139018,43,101
138874,138971,139018,47,97
138874,138971,139018,47,97
138874,138972,139019,47,98
138874,138971,139020,49,97
138874,138977,139021,44,103
138874,139008,139053,45,134
138874,139008,139058,50,134
138874,139014,139059,45,140
138874,139012,139060,48,138
138874,139012,139060,48,138
138874,139018,139060,42,144
138874,139017,139060,43,143
138874,139013,139061,48,139
138874,139016,139061,45,142
138874,139014,139062,48,140
138874,139018,139064,46,144
138874,139016,139065,49,142
138874,139019,139064,45,145
138874,139017,139065,48,143
138874,139019,139066,47,145
138874,139018,139066,48,144
138874,139017,139066,49,143
138874,139020,139067,47,146
138874,139022,139069,47,148
138874,139019,139071,52,145
138874,139054,139099,45,180
138874,139060,139103,43,186
138874,139060,139106,46,186
138874,139061,139107,46,187
138874,139065,139108,43,191
138874,139058,139108,50,184
138874,139067,139109,42,193
138874,139065,139109,44,191
138874,139062,139109,47,188
138874,139061,139109,48,187
138874,139061,139110,49,187
138874,139066,139110,44,192
138874,139063,139110,47,189
138874,139067,139111,44,193
138874,139070,139112,42,196
138874,139065,139114,49,191
138874,139062,139114,52,188
138874,139068,139115,47,194
138874,139066,139115,49,192
138874,139072,139118,46,198
138874,139099,139147,48,225
138874,139107,139150,43,233
138874,139107,139151,44,233
138874,139109,139150,41,235
138874,139104,139152,48,230
138874,139108,139153,45,234
138874,139109,139154,45,235
138874,139111,139155,44,237
138874,139110,139157,47,236
138874,139109,139158,49,235
138874,139110,139159,49,236
138874,139110,139159,49,236
138874,139116,139159,43,242
138874,139118,139161,43,244
138874,139115,139161,46,241
138874,139112,139161,49,238
138874,139109,139162,53,235
138874,139115,139163,48,241
138874,139115,139163,48,241
138874,139112,139164,52,238
138874,139148,139191,43,274
138874,139151,139196,45,277
138874,139151,139197,46,277
138874,139151,139201,50,277
138874,139155,139202,47,281
138874,139160,139203,43,286
138874,139157,139203,46,283
138874,139161,139203,42,287
138874,139154,139204,50,280
138874,139152,139204,52,278
138874,139154,139204,50,280
138874,139159,139205,46,285
138874,139159,139206,47,285
138874,139159,139206,47,285
138874,139163,139207,44,289
138874,139161,139207,46,287
138874,139163,139209,46,289
138874,139163,139209,46,289
138874,139162,139211,49,288
138874,139165,139211,46,291
138874,139192,139240,48,318
138874,139196,139243,47,322
138874,139198,139245,47,324
138874,139203,139246,43,329
138874,139204,139247,43,330
138874,139202,139249,47,328
138874,139202,139249,47,328
138874,139204,139250,46,330
138874,139204,139250,46,330
138874,139208,139250,42,334
138874,139208,139251,43,334
138874,139204,139253,49,330
138874,139206,139252,46,332
138874,139204,139253,49,330
138874,139209,139254,45,335
138874,139210,139254,44,336
138874,139207,139255,48,333
138874,139207,139255,48,333
138874,139212,139256,44,338
138874,139212,139261,49,338
138874,139244,139291,47,370
138874,139245,139291,46,371
138874,139241,139292,51,367
138874,139246,139293,47,372
138874,139251,139295,44,377
138874,139251,139294,43,377
138874,139251,139295,44,377
138874,139250,139295,45,376
138874,139253,139296,43,379
138874,139249,139295,46,375
138874,139253,139296,43,379
138874,139252,139299,47,378
138874,139254,139299,45,380
138874,139255,139300,45,381
138874,139248,139301,53,374
138874,139255,139301,46,381
138874,139256,139302,46,382
138874,139257,139303,46,383
138874,139262,139305,43,388
138874,139255,139307,52,381
138874,139291,139338,47,417
138874,139291,139337,46,417
138874,139292,139339,47,418
138722,138723,139400,677,1
138730,138730,139402,672,0
138728,138728,139431,703,0
139977,139977,140007,30,0
139977,139977,140010,33,0
139977,139977,140013,36,0
139977,139977,140016,39,0
139977,139977,140016,39,0
139977,139977,140018,41,0
139977,139977,140018,41,0
139977,139977,140020,43,0
139977,139977,140021,44,0
139977,139977,140021,44,0
139977,139977,140022,45,0
139977,139977,140022,45,0
139977,139977,140022,45,0
139977,139977,140021,44,0
139977,139977,140023,46,0
139977,139977,140024,47,0
139977,139977,140025,48,0
139977,139977,140027,50,0
139977,139977,140028,51,0
139977,139977,140030,53,0
139977,140007,140053,46,30
139977,140013,140059,46,36
139977,140010,140061,51,33
139977,140019,140063,44,42
139977,140023,140065,42,46
139977,140016,140066,50,39
139977,140016,140066,50,39
139977,140022,140068,46,45
139977,140018,140068,50,41
139977,140023,140067,44,46
139977,140023,140067,44,46
139977,140022,140069,47,45
139977,140023,140070,47,46
139977,140024,140071,47,47
139977,140026,140071,45,49
139977,140021,140072,51,44
139977,140029,140074,45,52
139977,140028,140075,47,51
139977,140026,140076,50,49
139977,140031,140078,47,54
139977,140054,140101,47,77
139977,140062,140106,44,85
139977,140064,140108,44,87
139977,140060,140109,49,83
139977,140067,140111,44,90
139977,140067,140113,46,90
139977,140066,140115,49,89
139977,140068,140114,46,91
139977,140068,140114,46,91
139977,140071,140116,45,94
139977,140068,140115,47,91
139977,140068,140115,47,91
139977,140077,140118,41,100
139977,140071,140117,46,94
139977,140078,140117,39,101
139977,140072,140119,47,95
139977,140076,140120,44,99
139977,140072,140119,47,95
139977,140070,140119,49,93
139977,140075,140122,47,98
139977,140101,140145,44,124
139977,140108,140154,46,131
139977,140106,140155,49,129
139977,140115,140157,42,138
139977,140111,140158,47,134
139977,140110,140159,49,133
139977,140116,140160,44,139
139977,140116,140161,45,139
139977,140116,140162,46,139
139977,140114,140162,48,137
139977,140115,140163,48,138
139977,140118,140164,46,141
139977,140118,140163,45,141
139977,140120,140166,46,143
139977,140120,140166,46,143
139977,140118,140167,49,141
139977,140119,140169,50,142
139977,140120,140171,51,143
139977,140122,140172,50,145
139977,140115,140172,57,138
139977,140145,140191,46,168
139977,140154,140201,47,177
139977,140158,140203,45,181
139977,140159,140204,45,182
139977,140156,140206,50,179
139977,140157,140206,49,180
139977,140164,140208,44,187
139977,140164,140209,45,187
139977,140160,140210,50,183
139977,140161,140210,49,184
139977,140166,140211,45,189
139977,140163,140212,49,186
139977,140167,140213,46,190
139977,140162,140215,53,185
139977,140163,140216,53,186
139977,140168,140216,48,191
139977,140172,140217,45,195
139977,140172,140219,47,195
139977,140173,140220,47,196
139977,140169,140221,52,192
139977,140192,140238,46,215
139977,140202,140249,47,225
139977,140205,140251,46,228
139977,140203,140255,52,226
139977,140211,140255,44,234
139977,140206,140255,49,229
139977,140210,140255,45,233
139977,140206,140258,52,229
139977,140209,140259,50,232
139977,140217,140261,44,240
139977,140212,140262,50,235
139977,140213,140262,49,236
139977,140217,140262,45,240
139977,140214,140262,48,237
139977,140211,140263,52,234
139977,140220,140265,45,243
139977,140215,140264,49,238
139977,140219,140265,46,242
139977,140222,140267,45,245
139977,140217,140275,58,240
139977,140239,140283,44,262
139977,140249,140295,46,272
139977,140252,140298,46,275
139977,140255,140302,47,278
139977,140255,140303,48,278
139977,140256,140303,47,279
139977,140262,140307,45,285
139977,140259,140306,47,282
139977,140259,140308,49,282
139977,140256,140309,53,279
139977,140262,140310,48,285
139977,140261,140312,51,284
139977,140262,140313,51,285
139977,140268,140314,46,291
139977,140265,140314,49,288
139977,140265,140314,49,288
139977,140266,140314,48,289
139977,140262,140316,54,285
139977,140264,140317,53,287
139977,140275,140323,48,298
139977,140283,140331,48,306
139977,140298,140341,43,321
139977,140295,140347,52,318
139977,140302,140348,46,325
139977,140304,140351,47,327
139977,140309,140352,43,332
139977,140304,140352,48,327
139977,140307,140354,47,330
139977,140308,140355,47,331
139977,140307,140358,51,330
139977,140310,140358,48,333
139977,140313,140360,47,336
139977,140315,140362,47,338
139977,140315,140362,47,338
139977,140314,140364,50,337
139977,140312,140365,53,335
139977,140316,140366,50,339
139977,140314,140366,52,337
139977,140317,140366,49,340
139977,140323,140368,45,346
139977,140331,140376,45,354
139977,140342,140387,45,365
139977,140347,140394,47,370
139977,140348,140394,46,371
139977,140352,140396,44,375
139977,140353,140397,44,376
139977,140355,140401,46,378
139977,140359,140404,45,382
139977,140356,140406,50,379
139977,140358,140409,51,381
139977,140363,140409,46,386
139977,140361,140409,48,384
139977,140365,140409,44,388
139977,140353,140409,56,376
139977,140363,140411,48,386
139977,140367,140412,45,390
139977,140366,140414,48,389
139977,140369,140417,48,392
139977,140367,140418,51,390
139977,140367,140421,54,390
139977,140377,140422,45,400
139977,140387,140432,45,410
139977,140395,140443,48,418
139977,140397,140444,47,420
139977,140394,140444,50,417
139977,140396,140444,48,419
139977,140404,140448,44,427
139977,140402,140451,49,425
139977,140410,140455,45,433
139977,140407,140455,48,430
139977,140410,140455,45,433
139977,140410,140459,49,433
139977,140411,140460,49,434
139977,140410,140460,50,433
139977,140415,140463,48,438
139977,140410,140464,54,433
139977,140418,140465,47,441
139977,140419,140466,47,442
139977,140413,140466,53,436
139977,140422,140470,48,445
140478,140478,140522,44,0
140478,140478,140522,44,0
140478,140478,140522,44,0
140478,140478,140523,45,0
140478,140478,140523,45,0
140478,140478,140524,46,0
140478,140478,140524,46,0
140478,140478,140525,47,0
140478,140478,140524,46,0
140478,140478,140525,47,0
140478,140478,140524,46,0
140478,140478,140526,48,0
140478,140478,140528,50,0
140478,140478,140528,50,0
140478,140478,140528,50,0
140478,140478,140528,50,0
140478,140478,140529,51,0
140478,140478,140530,52,0
140478,140478,140531,53,0
140478,140478,140531,53,0
140478,140522,140566,44,44
140478,140522,140567,45,44
140478,140525,140569,44,47
140478,140524,140570,46,46
140478,140524,140572,48,46
140478,140525,140572,47,47
140478,140525,140572,47,47
140478,140524,140573,49,46
140478,140528,140574,46,50
140478,140529,140573,44,51
140478,140524,140574,50,46
140478,140525,140575,50,47
140478,140523,140575,52,45
140478,140526,140576,50,48
140478,140530,140575,45,52
140478,140528,140577,49,50
140478,140528,140578,50,50
140478,140531,140579,48,53
140478,140531,140582,51,53
140478,140532,140586,54,54
140478,140566,140612,46,88
140478,140569,140617,48,91
140478,140570,140621,51,92
140478,140573,140622,49,95
140478,140572,140621,49,94
140478,140572,140622,50,94
140478,140576,140622,46,98
140478,140574,140622,48,96
140478,140568,140623,55,90
140478,140580,140624,44,102
140478,140573,140623,50,95
140478,140579,140623,44,101
140478,140574,140624,50,96
140478,140577,140625,48,99
140478,140576,140627,51,98
140478,140577,140627,50,99
140478,140575,140630,55,97
140478,140583,140631,48,105
140478,140579,140634,55,101
140478,140587,140635,48,109
140478,140613,140663,50,135
140478,140623,140666,43,145
140478,140618,140666,48,140
140478,140622,140668,46,144
140478,140622,140669,47,144
140478,140624,140668,44,146
140478,140623,140669,46,145
140478,140622,140671,49,144
140478,140624,140673,49,146
140478,140624,140673,49,146
140478,140624,140675,51,146
140478,140623,140675,52,145
140478,140626,140676,50,148
140478,140625,140676,51,147
140478,140628,140677,49,150
140478,140628,140676,48,150
140478,140635,140681,46,157
140478,140630,140681,51,152
140478,140635,140681,46,157
140478,140631,140687,56,153
140478,140667,140710,43,189
140478,140664,140712,48,186
140478,140667,140713,46,189
140478,140669,140714,45,191
140478,140669,140714,45,191
140478,140676,140716,40,198
140478,140669,140717,48,191
140478,140669,140719,50,191
140478,140676,140720,44,198
140478,140671,140720,49,193
140478,140673,140720,47,195
140478,140677,140723,46,199
140478,140674,140723,49,196
140478,140675,140724,49,197
140478,140677,140727,50,199
140478,140681,140727,46,203
140478,140676,140728,52,198
140478,140681,140729,48,203
140478,140682,140733,51,204
140478,140687,140738,51,209
140478,140714,140758,44,236
140478,140711,140758,47,233
140478,140712,140757,45,234
140478,140714,140761,47,236
140478,140717,140762,45,239
140478,140713,140764,51,235
140478,140717,140765,48,239
140478,140719,140768,49,241
140478,140720,140770,50,242
140478,140720,140771,51,242
140478,140721,140772,51,243
140478,140728,140773,45,250
140478,140725,140773,48,247
140478,140724,140773,49,246
140478,140728,140775,47,250
140478,140724,140775,51,246
140478,140729,140778,49,251
140478,140730,140780,50,252
140478,140733,140783,50,255
140478,140739,140789,50,261
140478,140759,140803,44,281
140478,140759,140807,48,281
140478,140758,140809,51,280
140478,140762,140810,48,284
140478,140765,140811,46,287
140478,140769,140814,45,291
140478,140765,140817,52,287
140478,140774,140817,43,296
140478,140762,140819,57,284
140478,140771,140818,47,293
140478,140774,140821,47,296
140478,140775,140822,47,297
140478,140772,140822,50,294
140478,140776,140824,48,298
140478,140772,140824,52,294
140478,140774,140826,52,296
140478,140781,140829,48,303
140478,140784,140830,46,306
140478,140778,140831,53,300
140478,140789,140838,49,311
140478,140804,140850,46,326
140478,140810,140856,46,332
140478,140812,140859,47,334
140478,140808,140860,52,330
140478,140817,140862,45,339
140478,140811,140863,52,333
140478,140814,140864,50,336
140478,140818,140864,46,340
140478,140822,140867,45,344
140478,140819,140867,48,341
140478,140826,140869,43,348
140478,140819,140870,51,341
140478,140824,140872,48,346
140478,140822,140873,51,344
140478,140823,140873,50,345
140478,140825,140873,48,347
140478,140829,140874,45,351
140478,140832,140878,46,354
140478,140831,140883,52,353
140478,140838,140889,51,360
140478,140850,140899,49,372
140478,140857,140907,50,379
140478,140860,140906,46,382
140478,140861,140910,49,383
140478,140867,140911,44,389
140478,140870,140912,42,392
140478,140864,140913,49,386
140478,140862,140913,51,384
140478,140867,140916,49,389
140478,140864,140918,54,386
140478,140869,140918,49,391
140478,140873,140919,46,395
140478,140874,140919,45,396
140478,140872,140920,48,394
140478,140873,140921,48,395
140478,140874,140925,51,396
140478,140879,140924,45,401
140478,140864,140925,61,386
140478,140883,140928,45,405
140478,140890,140935,45,412
140478,140899,140944,45,421
140478,140907,140955,48,429
140478,140910,140955,45,432
140478,140911,140959,48,433
140478,140913,140959,46,435
140478,140913,140960,47,435
140478,140907,140962,55,429
140478,140914,140961,47,436
140478,140917,140965,48,439
140478,140919,140965,46,441
140478,140919,140966,47,441
140478,140921,140967,46,443
140478,140925,140969,44,447
140478,140920,140970,50,442
140478,140926,140971,45,448
140478,140922,140971,49,444
140478,140920,140972,52,442
140478,140929,140975,46,451
140478,140936,140983,47,458
140478,140925,140983,58,447
140993,140993,141036,43,0
140993,140993,141038,45,0
140993,140993,141037,44,0
140993,140993,141038,45,0
140993,140993,141038,45,0
140993,140993,141038,45,0
140993,140993,141038,45,0
140993,140993,141038,45,0
140993,140993,141039,46,0
140993,140993,141040,47,0
140993,140993,141040,47,0
140993,140993,141041,48,0
140993,140993,141042,49,0
140993,140993,141041,48,0
140993,140993,141044,51,0
140993,140993,141044,51,0
140993,140993,141044,51,0
140993,140993,141045,52,0
140993,140993,141045,52,0
140993,140993,141044,51,0
140993,141039,141083,44,46
140993,141038,141084,46,45
140993,141039,141084,45,46
140993,141036,141085,49,43
140993,141041,141085,44,48
140993,141039,141085,46,46
140993,141040,141086,46,47
140993,141039,141087,48,46
140993,141038,141088,50,45
140993,141039,141089,50,46
140993,141045,141089,44,52
140993,141044,141090,46,51
140993,141044,141090,46,51
140993,141042,141092,50,49
140993,141042,141092,50,49
140993,141042,141092,50,49
140993,141041,141094,53,48
140993,141045,141094,49,52
140993,141045,141094,49,52
140993,141045,141095,50,52
140993,141085,141129,44,92
140993,141084,141130,46,91
140993,141087,141132,45,94
140993,141085,141132,47,92
140993,141084,141133,49,91
140993,141086,141133,47,93
140993,141086,141135,49,93
140993,141086,141136,50,93
140993,141089,141136,47,96
140993,141089,141136,47,96
140993,141088,141138,50,95
140993,141090,141138,48,97
140993,141092,141140,48,99
140993,141095,141141,46,102
140993,141092,141141,49,99
140993,141090,141142,52,97
140993,141094,141143,49,101
140993,141094,141144,50,101
140993,141095,141144,49,102
140993,141092,141147,55,99
140993,141131,141177,46,138
140993,141132,141178,46,139
140993,141129,141179,50,136
140993,141133,141180,47,140
140993,141133,141180,47,140
140993,141133,141182,49,140
140993,141136,141182,46,143
140993,141137,141183,46,144
140993,141137,141183,46,144
140993,141141,141185,44,148
140993,141140,141186,46,147
140993,141139,141188,49,146
140993,141142,141188,46,149
140993,141137,141189,52,144
140993,141145,141189,44,152
140993,141144,141190,46,151
140993,141145,141192,47,152
140993,141139,141192,53,146
140993,141143,141193,50,150
140993,141148,141195,47,155
140993,141178,141224,46,185
140993,141180,141226,46,187
140993,141182,141229,47,189
140993,141181,141229,48,188
140993,141179,141230,51,186
140993,141180,141231,51,187
140993,141184,141230,46,191
140993,141183,141233,50,190
140993,141186,141234,48,193
140993,141184,141234,50,191
140993,141192,141237,45,199
140993,141186,141236,50,193
140993,141189,141238,49,196
140993,141189,141238,49,196
140993,141192,141238,46,199
140993,141190,141239,49,197
140993,141190,141240,50,197
140993,141191,141241,50,198
140993,141194,141243,49,201
140993,141195,141248,53,202
140993,141227,141274,47,234
140993,141225,141274,49,232
140993,141231,141276,45,238
140993,141230,141277,47,237
140993,141229,141277,48,236
140993,141231,141281,50,238
140993,141235,141283,48,242
140993,141231,141284,53,238
140993,141238,141285,47,245
140993,141237,141285,48,244
140993,141240,141286,46,247
140993,141234,141288,54,241
140993,141239,141288,49,246
140993,141238,141289,51,245
140993,141242,141289,47,249
140993,141237,141291,54,244
140993,141238,141291,53,245
140993,141235,141292,57,242
140993,141244,141294,50,251
140993,141249,141295,46,256
140993,141276,141321,45,283
140993,141275,141325,50,282
140993,141275,141325,50,282
140993,141284,141326,42,291
140993,141278,141326,48,285
140993,141277,141326,49,284
140993,141283,141328,45,290
140993,141281,141330,49,288
140993,141286,141332,46,293
140993,141290,141333,43,297
140993,141286,141336,50,293
140993,141285,141335,50,292
140993,141289,141335,46,296
140993,141288,141337,49,295
140993,141289,141338,49,296
140993,141291,141339,48,298
140993,141293,141339,46,300
140993,141292,141339,47,299
140993,141296,141339,43,303
140993,141295,141340,45,302
140993,141326,141370,44,333
140993,141322,141371,49,329
140993,141327,141373,46,334
140993,141326,141374,48,333
140993,141327,141375,48,334
140993,141331,141376,45,338
140993,141329,141377,48,336
140993,141326,141379,53,333
140993,141333,141381,48,340
140993,141333,141381,48,340
140993,141336,141384,48,343
140993,141336,141385,49,343
140993,141340,141384,44,347
140993,141340,141384,44,347
140993,141337,141385,48,344
140993,141340,141387,47,347
140993,141338,141387,49,345
140993,141339,141387,48,346
140993,141336,141390,54,343
140993,141341,141393,52,348
140993,141371,141415,44,378
140993,141375,141422,47,382
140993,141377,141422,45,384
140993,141374,141423,49,381
140993,141372,141424,52,379
140993,141377,141424,47,384
140993,141379,141428,49,386
140993,141385,141429,44,392
140993,141374,141428,54,381
140993,141382,141429,47,389
140993,141385,141431,46,392
140993,141381,141431,50,388
140993,141385,141431,46,392
140993,141388,141432,44,395
140993,141387,141433,46,394
140993,141384,141433,49,391
140993,141385,141435,50,392
140993,141393,141437,44,400
140993,141390,141437,47,397
140993,141388,141438,50,395
140993,141416,141466,50,423
140993,141422,141470,48,429
140993,141422,141471,49,429
140993,141424,141472,48,431
140993,141425,141474,49,432
140993,141423,141475,52,430
140993,141429,141475,46,436
140993,141429,141476,47,436
140993,141429,141477,48,436
140993,141431,141477,46,438
140993,141432,141478,46,439
140993,141428,141478,50,435
140993,141433,141480,47,440
140993,141437,141481,44,444
140993,141431,141481,50,438
140993,141433,141482,49,440
140993,141431,141483,52,438
140993,141438,141484,46,445
140993,141435,141484,49,442
140993,141437,141487,50,444
141496,141496,141541,45,0
141496,141496,141541,45,0
141496,141496,141542,46,0
141496,141496,141542,46,0
141496,141496,141543,47,0
141496,141496,141543,47,0
141496,141496,141544,48,0
141496,141496,141544,48,0
141496,141496,141545,49,0
141496,141496,141545,49,0
141496,141496,141545,49,0
141496,141496,141544,48,0
141496,141496,141546,50,0
141496,141496,141547,51,0
141496,141496,141546,50,0
141496,141496,141548,52,0
141496,141496,141547,51,0
141496,141496,141548,52,0
141496,141496,141548,52,0
141496,141496,141552,56,0
141496,141545,141585,40,49
141496,141542,141586,44,46
141496,141543,141588,45,47
141496,141541,141588,47,45
141496,141541,141589,48,45
141496,141544,141590,46,48
141496,141543,141591,48,47
141496,141548,141591,43,52
141496,141542,141592,50,46
141496,141547,141592,45,51
141496,141547,141592,45,51
141496,141546,141593,47,50
141496,141545,141593,48,49
141496,141548,141593,45,52
141496,141548,141594,46,52
141496,141545,141594,49,49
141496,141545,141595,50,49
141496,141544,141597,53,48
141496,141548,141598,50,52
141496,141552,141606,54,56
141496,141587,141632,45,91
141496,141589,141634,45,93
141496,141589,141636,47,93
141496,141592,141636,44,96
141496,141586,141638,52,90
141496,141593,141639,46,97
141496,141590,141640,50,94
141496,141593,141641,48,97
141496,141595,141640,45,99
141496,141596,141641,45,100
141496,141592,141642,50,96
141496,141593,141642,49,97
141496,141594,141643,49,98
141496,141591,141644,53,95
141496,141594,141646,52,98
141496,141599,141645,46,103
141496,141594,141646,52,98
141496,141595,141648,53,99
141496,141598,141651,53,102
141496,141607,141650,43,111
141496,141635,141681,46,139
141496,141633,141682,49,137
141496,141636,141683,47,140
141496,141641,141685,44,145
141496,141636,141686,50,140
141496,141643,141687,44,147
141496,141639,141686,47,143
141496,141639,141687,48,143
141496,141640,141688,48,144
141496,141641,141691,50,145
141496,141642,141692,50,146
141496,141643,141693,50,147
141496,141646,141694,48,150
141496,141646,141695,49,150
141496,141645,141696,51,149
141496,141642,141697,55,146
141496,141648,141697,49,152
141496,141646,141697,51,150
141496,141651,141698,47,155
141496,141651,141700,49,155
141496,141682,141725,43,186
141496,141682,141728,46,186
141496,141686,141735,49,190
141496,141687,141735,48,191
141496,141684,141735,51,188
141496,141687,141734,47,191
141496,141686,141735,49,190
141496,141688,141735,47,192
141496,141687,141738,51,191
141496,141691,141740,49,195
141496,141693,141742,49,197
141496,141692,141743,51,196
141496,141695,141744,49,199
141496,141699,141745,46,203
141496,141697,141746,49,201
141496,141697,141747,50,201
141496,141701,141748,47,205
141496,141697,141748,51,201
141496,141698,141748,50,202
141496,141694,141753,59,198
141496,141728,141773,45,232
141496,141725,141777,52,229
141496,141735,141779,44,239
141496,141736,141781,45,240
141496,141736,141781,45,240
141496,141736,141782,46,240
141496,141736,141786,50,240
141496,141736,141788,52,240
141496,141739,141788,49,243
141496,141743,141790,47,247
141496,141741,141790,49,245
141496,141744,141792,48,248
141496,141745,141793,48,249
141496,141745,141793,48,249
141496,141746,141793,47,250
141496,141749,141794,45,253
141496,141749,141794,45,253
141496,141749,141796,47,253
141496,141748,141798,50,252
141496,141754,141800,46,258
141496,141774,141824,50,278
141496,141778,141827,49,282
141496,141781,141827,46,285
141496,141782,141828,46,286
141496,141779,141828,49,283
141496,141782,141828,46,286
141496,141786,141830,44,290
141496,141791,141836,45,295
141496,141789,141838,49,293
141496,141793,141838,45,297
141496,141792,141838,46,296
141496,141788,141838,50,292
141496,141794,141840,46,298
141496,141795,141842,47,299
141496,141794,141844,50,298
141496,141791,141844,53,295
141496,141795,141844,49,299
141496,141796,141845,49,300
141496,141798,141847,49,302
141496,141801,141849,48,305
141496,141825,141875,50,329
141496,141828,141875,47,332
141496,141828,141875,47,332
141496,141830,141876,46,334
141496,141828,141878,50,332
141496,141827,141879,52,331
141496,141829,141880,51,333
141496,141836,141885,49,340
141496,141839,141886,47,343
141496,141838,141887,49,342
141496,141839,141889,50,343
141496,141839,141888,49,343
141496,141842,141889,47,346
141496,141846,141890,44,350
141496,141841,141891,50,345
141496,141845,141891,46,349
141496,141844,141892,48,348
141496,141847,141894,47,351
141496,141844,141894,50,348
141496,141849,141897,48,353
141496,141876,141917,41,380
141496,141876,141922,46,380
141496,141875,141922,47,379
141496,141875,141923,48,379
141496,141878,141926,48,382
141496,141880,141927,47,384
141496,141879,141932,53,383
141496,141890,141933,43,394
141496,141885,141934,49,389
141496,141887,141934,47,391
141496,141888,141936,48,392
141496,141890,141936,46,394
141496,141891,141938,47,395
141496,141891,141937,46,395
141496,141891,141937,46,395
141496,141890,141938,48,394
141496,141892,141939,47,396
141496,141895,141942,47,399
141496,141898,141944,46,402
141496,141895,141945,50,399
141496,141918,141967,49,422
141496,141923,141971,48,427
141496,141924,141970,46,428
141496,141928,141975,47,432
141496,141923,141976,53,427
141496,141927,141977,50,431
141496,141933,141978,45,437
141496,141934,141980,46,438
141496,141936,141981,45,440
141496,141935,141983,48,439
141496,141939,141983,44,443
141496,141935,141984,49,439
141496,141937,141985,48,441
141496,141938,141985,47,442
141496,141939,141986,47,443
141496,141938,141989,51,442
141496,141938,141991,53,442
141496,141944,141992,48,448
141496,141946,141991,45,450
141496,141943,141995,52,447
142005,142005,142047,42,0
142005,142005,142050,45,0
142005,142005,142050,45,0
142005,142005,142051,46,0
142005,142005,142051,46,0
142005,142005,142051,46,0
142005,142005,142051,46,0
142005,142005,142052,47,0
142005,142005,142052,47,0
142005,142005,142053,48,0
142005,142005,142052,47,0
142005,142005,142053,48,0
142005,142005,142055,50,0
142005,142005,142054,49,0
142005,142005,142055,50,0
142005,142005,142055,50,0
142005,142005,142056,51,0
142005,142005,142057,52,0
142005,142005,142057,52,0
142005,142005,142060,55,0
142005,142052,142096,44,47
142005,142048,142097,49,43
142005,142051,142097,46,46
142005,142053,142099,46,48
142005,142053,142098,45,48
142005,142051,142100,49,46
142005,142051,142101,50,46
142005,142052,142100,48,47
142005,142053,142102,49,48
142005,142058,142101,43,53
142005,142052,142103,51,47
142005,142056,142103,47,51
142005,142054,142104,50,49
142005,142055,142103,48,50
142005,142058,142105,47,53
142005,142055,142106,51,50
142005,142053,142107,54,48
142005,142056,142108,52,51
142005,142060,142109,49,55
142005,142057,142110,53,52
142005,142097,142143,46,92
142005,142098,142147,49,93
142005,142099,142148,49,94
142005,142101,142148,47,96
142005,142099,142149,50,94
142005,142101,142149,48,96
142005,142097,142150,53,92
142005,142104,142150,46,99
142005,142100,142151,51,95
142005,142105,142152,47,100
142005,142104,142152,48,99
142005,142103,142153,50,98
142005,142102,142153,51,97
142005,142107,142154,47,102
142005,142102,142156,54,97
142005,142109,142156,47,104
142005,142103,142156,53,98
142005,142108,142157,49,103
142005,142106,142157,51,101
142005,142110,142158,48,105
142005,142143,142186,43,138
142005,142149,142193,44,144
142005,142147,142194,47,142
142005,142148,142195,47,143
142005,142148,142194,46,143
142005,142150,142194,44,145
142005,142153,142197,44,148
142005,142151,142198,47,146
142005,142150,142199,49,145
142005,142151,142199,48,146
142005,142158,142200,42,153
142005,142157,142201,44,152
142005,142153,142201,48,148
142005,142158,142201,43,153
142005,142154,142203,49,149
142005,142157,142203,46,152
142005,142153,142204,51,148
142005,142157,142205,48,152
142005,142155,142205,50,150
142005,142159,142207,48,154
142005,142187,142233,46,182
142005,142194,142240,46,189
142005,142195,142241,46,190
142005,142198,142242,44,193
142005,142195,142243,48,190
142005,142198,142245,47,193
142005,142195,142246,51,190
142005,142201,142246,45,196
142005,142195,142247,52,190
142005,142202,142248,46,197
142005,142200,142250,50,195
142005,142204,142250,46,199
142005,142204,142250,46,199
142005,142202,142251,49,197
142005,142207,142252,45,202
142005,142200,142254,54,195
142005,142206,142254,48,201
142005,142202,142253,51,197
142005,142205,142255,50,200
142005,142206,142255,49,201
142005,142234,142283,49,229
142005,142241,142285,44,236
142005,142241,142288,47,236
142005,142244,142291,47,239
142005,142245,142292,47,240
142005,142247,142292,45,242
142005,142243,142292,49,238
142005,142250,142297,47,245
142005,142249,142297,48,244
142005,142246,142298,52,241
142005,142248,142299,51,243
142005,142251,142299,48,246
142005,142251,142300,49,246
142005,142256,142301,45,251
142005,142253,142301,48,248
142005,142252,142302,50,247
142005,142254,142303,49,249
142005,142254,142303,49,249
142005,142256,142304,48,251
142005,142254,142304,50,249
142005,142283,142330,47,278
142005,142285,142330,45,280
142005,142292,142337,45,287
142005,142292,142338,46,287
142005,142292,142339,47,287
142005,142288,142340,52,283
142005,142297,142340,43,292
142005,142297,142344,47,292
142005,142291,142344,53,286
142005,142298,142344,46,293
142005,142299,142346,47,294
142005,142299,142346,47,294
142005,142301,142346,45,296
142005,142302,142348,46,297
142005,142304,142350,46,299
142005,142303,142350,47,298
142005,142305,142351,46,300
142005,142303,142353,50,298
142005,142301,142354,53,296
142005,142304,142354,50,299
142005,142331,142377,46,326
142005,142331,142381,50,326
142005,142340,142385,45,335
142005,142341,142384,43,336
142005,142339,142385,46,334
142005,142337,142385,48,332
142005,142341,142386,45,336
142005,142345,142390,45,340
142005,142345,142393,48,340
142005,142347,142393,46,342
142005,142347,142394,47,342
142005,142347,142394,47,342
142005,142351,142396,45,346
142005,142349,142397,48,344
142005,142354,142400,46,349
142005,142345,142399,54,340
142005,142351,142399,48,346
142005,142352,142400,48,347
142005,142355,142405,50,350
142005,142354,142405,51,349
142005,142378,142423,45,373
142005,142381,142429,48,376
142005,142386,142429,43,381
142005,142386,142432,46,381
142005,142385,142434,49,380
142005,142385,142433,48,380
142005,142387,142435,48,382
142005,142390,142434,44,385
142005,142393,142439,46,388
142005,142395,142441,46,390
142005,142394,142441,47,389
142005,142397,142441,44,392
142005,142393,142442,49,388
142005,142397,142445,48,392
142005,142400,142447,47,395
142005,142400,142448,48,395
142005,142400,142448,48,395
142005,142400,142448,48,395
142005,142406,142453,47,401
142005,142405,142457,52,400
142005,142423,142468,45,418
142005,142434,142476,42,429
142005,142429,142479,50,424
142005,142430,142479,49,425
142005,142435,142482,47,430
142005,142434,142482,48,429
142005,142435,142483,48,430
142005,142432,142485,53,427
142005,142441,142489,48,436
142005,142441,142489,48,436
142005,142439,142490,51,434
142005,142442,142490,48,437
142005,142443,142491,48,438
142005,142448,142492,44,443
142005,142445,142493,48,440
142005,142448,142495,47,443
142005,142447,142496,49,442
142005,142449,142496,47,444
142005,142453,142500,47,448
142005,142457,142503,46,452
142512,142512,142555,43,0
142512,142512,142554,42,0
142512,142512,142555,43,0
142512,142512,142557,45,0
142512,142512,142557,45,0
142512,142512,142557,45,0
142512,142512,142557,45,0
142512,142512,142558,46,0
142512,142512,142558,46,0
142512,142512,142558,46,0
142512,142512,142559,47,0
142512,142512,142558,46,0
142512,142512,142560,48,0
142512,142512,142559,47,0
142512,142512,142560,48,0
142512,142512,142561,49,0
142512,142512,142560,48,0
142512,142512,142561,49,0
142512,142512,142562,50,0
142512,142512,142564,52,0
142512,142559,142599,40,47
142512,142556,142599,43,44
142512,142555,142603,48,43
142512,142557,142602,45,45
142512,142559,142604,45,47
142512,142558,142605,47,46
142512,142557,142605,48,45
142512,142555,142605,50,43
142512,142559,142606,47,47
142512,142562,142606,44,50
142512,142558,142606,48,46
142512,142560,142607,47,48
142512,142557,142607,50,45
142512,142560,142608,48,48
142512,142559,142609,50,47
142512,142565,142609,44,53
142512,142560,142608,48,48
142512,142563,142608,45,51
142512,142561,142609,48,49
142512,142561,142609,48,49
142512,142599,142644,45,87
142512,142603,142647,44,91
142512,142599,142647,48,87
142512,142605,142647,42,93
142512,142603,142648,45,91
142512,142605,142650,45,93
142512,142605,142651,46,93
142512,142609,142651,42,97
142512,142604,142652,48,92
142512,142606,142654,48,94
142512,142606,142654,48,94
142512,142609,142654,45,97
142512,142608,142654,46,96
142512,142607,142656,49,95
142512,142608,142656,48,96
142512,142606,142657,51,94
142512,142609,142658,49,97
142512,142609,142658,49,97
142512,142609,142660,51,97
142512,142609,142660,51,97
142512,142648,142689,41,136
142512,142644,142691,47,132
142512,142647,142693,46,135
142512,142647,142694,47,135
142512,142649,142695,46,137
142512,142652,142696,44,140
142512,142654,142697,43,142
142512,142652,142698,46,140
142512,142652,142698,46,140
142512,142654,142698,44,142
142512,142655,142700,45,143
142512,142657,142702,45,145
142512,142655,142703,48,143
142512,142657,142703,46,145
142512,142659,142703,44,147
142512,142651,142703,52,139
142512,142661,142703,42,149
142512,142658,142705,47,146
142512,142659,142708,49,147
142512,142661,142710,49,149
142512,142692,142735,43,180
142512,142689,142737,48,177
142512,142694,142741,47,182
142512,142694,142741,47,182
142512,142697,142742,45,185
142512,142699,142746,47,187
142512,142702,142745,43,190
142512,142699,142747,48,187
142512,142704,142746,42,192
142512,142698,142746,48,186
142512,142696,142746,50,184
142512,142701,142748,47,189
142512,142699,142748,49,187
142512,142703,142749,46,191
142512,142706,142752,46,194
142512,142708,142753,45,196
142512,142704,142753,49,192
142512,142704,142754,50,192
142512,142704,142754,50,192
142512,142711,142760,49,199
142512,142736,142782,46,224
142512,142738,142784,46,226
142512,142741,142787,46,229
142512,142741,142788,47,229
142512,142747,142790,43,235
142512,142747,142792,45,235
142512,142742,142791,49,230
142512,142749,142792,43,237
142512,142747,142793,46,235
142512,142746,142794,48,234
142512,142746,142793,47,234
142512,142747,142794,47,235
142512,142749,142794,45,237
142842,142842,142883,41,0
142842,142842,142884,42,0
142842,142842,142885,43,0
142842,142842,142885,43,0
142842,142842,142886,44,0
142842,142842,142887,45,0
142842,142843,142887,44,1
142842,142842,142888,46,0
142842,142842,142889,47,0
142842,142842,142889,47,0
142842,142842,142889,47,0
142842,142842,142889,47,0
142842,142842,142890,48,0
142842,142842,142889,47,0
142842,142842,142890,48,0
142842,142842,142891,49,0
142842,142842,142891,49,0
142842,142842,142892,50,0
142842,142842,142894,52,0
142842,142842,142895,53,0
142842,142884,142929,45,42
142842,142886,142930,44,44
142842,142888,142932,44,46
142842,142884,142932,48,42
142842,142886,142933,47,44
142842,142890,142934,44,48
142842,142890,142935,45,48
142842,142890,142935,45,48
142842,142887,142935,48,45
142842,142894,142934,40,52
142842,142888,142934,46,46
142842,142892,142935,43,50
142842,142891,142938,47,49
142842,142890,142938,48,48
142842,142890,142938,48,48
142842,142893,142940,47,51
142842,142890,142942,52,48
142842,142889,142941,52,47
142842,142895,142943,48,53
142842,142892,142943,51,50
142842,142931,142971,40,89
142842,142929,142975,46,87
142842,142934,142975,41,92
142842,142932,142975,43,90
142842,142935,142978,43,93
142842,142933,142979,46,91
142842,142939,142980,41,97
142842,142935,142981,46,93
142842,142935,142982,47,93
142842,142935,142982,47,93
142842,142938,142982,44,96
142842,142934,142983,49,92
142842,142936,142984,48,94
142842,142939,142985,46,97
142842,142942,142985,43,100
142842,142935,142986,51,93
142842,142942,142987,45,100
142842,142940,142988,48,98
142842,142944,142989,45,102
142842,142943,142989,46,101
142842,142971,143018,47,129
142842,142975,143020,45,133
142842,142978,143020,42,136
142842,142976,143023,47,134
142842,142980,143023,43,138
142842,142976,143023,47,134
142842,142979,143024,45,137
142842,142982,143028,46,140
142842,142983,143028,45,141
142842,142982,143028,46,140
142842,142985,143031,46,143
142842,142982,143032,50,140
142842,142986,143032,46,144
142842,142984,143033,49,142
142842,142986,143032,46,144
142842,142983,143032,49,141
142842,142989,143033,44,147
142842,142987,143034,47,145
142842,142989,143036,47,147
142842,142988,143037,49,146
142842,143021,143061,40,179
142842,143018,143064,46,176
142842,143021,143066,45,179
142842,143024,143068,44,182
142842,143024,143071,47,182
142842,143025,143072,47,183
142842,143029,143071,42,187
142842,143024,143072,48,182
142842,143029,143074,45,187
142842,143029,143074,45,187
142842,143033,143077,44,191
142842,143033,143078,45,191
142842,143032,143079,47,190
142842,143033,143080,47,191
142842,143033,143080,47,191
142842,143034,143083,49,192
142842,143033,143084,51,191
142842,143038,143085,47,196
142842,143037,143087,50,195
142842,143035,143088,53,193
142842,143062,143107,45,220
142842,143066,143113,47,224
142842,143065,143112,47,223
142842,143072,143117,45,230
142842,143072,143116,44,230
142842,143069,143118,49,227
142842,143072,143118,46,230
142842,143072,143118,46,230
142842,143075,143121,46,233
142842,143079,143120,41,237
142842,143081,143123,42,239
142842,143080,143125,45,238
142842,143074,143125,51,232
142842,143084,143125,41,242
142842,143078,143125,47,236
142842,143083,143125,42,241
142842,143087,143129,42,245
142842,143086,143131,45,244
142842,143081,143132,51,239
142842,143088,143135,47,246
142842,143107,143154,47,265
142842,143113,143159,46,271
142842,143113,143159,46,271
142842,143117,143161,44,275
142842,143121,143164,43,279
142842,143121,143164,43,279
142842,143119,143166,47,277
142842,143118,143166,48,276
142842,143123,143167,44,281
142842,143117,143167,50,275
142842,143126,143169,43,284
142842,143125,143171,46,283
142842,143118,143171,53,276
142842,143126,143173,47,284
142842,143125,143174,49,283
142842,143126,143178,52,284
142842,143132,143178,46,290
142842,143130,143180,50,288
142842,143131,143180,49,289
142842,143135,143185,50,293
142842,143154,143201,47,312
142842,143159,143204,45,317
142842,143161,143208,47,319
142842,143160,143209,49,318
142842,143164,143212,48,322
142842,143166,143212,46,324
142842,143167,143213,46,325
142842,143165,143215,50,323
142842,143169,143216,47,327
142842,143172,143215,43,330
142842,143166,143218,52,324
142842,143167,143218,51,325
142842,143172,143222,50,330
142842,143174,143222,48,332
142842,143174,143222,48,332
142842,143179,143223,44,337
142842,143179,143223,44,337
142842,143180,143224,44,338
142842,143186,143227,41,344
142842,143181,143227,46,339
142842,143202,143245,43,360
142842,143210,143254,44,368
142842,143205,143254,49,363
142842,143209,143257,48,367
142842,143216,143257,41,374
142842,143213,143258,45,371
142842,143213,143260,47,371
142842,143214,143260,46,372
142842,143215,143261,46,373
142842,143216,143262,46,374
142842,143219,143264,45,377
142842,143224,143264,40,382
142842,143222,143265,43,380
142842,143218,143266,48,376
142842,143223,143267,44,381
142842,143225,143270,45,383
142842,143223,143270,47,381
142842,143224,143270,46,382
142842,143228,143271,43,386
142842,143228,143275,47,386
142842,143246,143294,48,404
142842,143254,143299,45,412
142842,143258,143299,41,416
142842,143255,143304,49,413
142842,143265,143307,42,423
142842,143259,143307,48,417
142842,143262,143308,46,420
142842,143265,143310,45,423
142842,143258,143309,51,416
142842,143262,143310,48,420
142842,143260,143311,51,418
142842,143266,143312,46,424
142842,143268,143313,45,426
142842,143261,143313,52,419
142842,143266,143314,48,424
142842,143272,143316,44,430
142842,143270,143317,47,428
142842,143271,143319,48,429
142842,143271,143320,49,429
142842,143276,143322,46,434
143330,143330,143373,43,0
143330,143330,143374,44,0
143330,143330,143374,44,0
143330,143330,143376,46,0
143330,143330,143376,46,0
143330,143330,143376,46,0
143330,143330,143376,46,0
143330,143330,143377,47,0
143330,143330,143377,47,0
143330,143330,143377,47,0
143330,143330,143378,48,0
143330,143330,143378,48,0
143330,143330,143378,48,0
143330,143330,143378,48,0
143330,143330,143378,48,0
143330,143330,143379,49,0
143330,143330,143379,49,0
143330,143330,143380,50,0
143330,143330,143381,51,0
143330,143330,143381,51,0
143330,143374,143419,45,44
143330,143379,143419,40,49
143330,143375,143420,45,45
143330,143377,143422,45,47
143330,143379,143421,42,49
143330,143379,143421,42,49
143330,143377,143422,45,47
143330,143378,143423,45,48
143330,143380,143423,43,50
143330,143375,143424,49,45
143330,143378,143424,46,48
143330,143377,143424,47,47
143330,143377,143425,48,47
143330,143379,143425,46,49
143330,143379,143425,46,49
143330,143378,143426,48,48
143330,143381,143427,46,51
143330,143382,143427,45,52
143330,143380,143429,49,50
143330,143382,143430,48,52
143330,143419,143460,41,89
143330,143420,143463,43,90
143330,143422,143465,43,92
143330,143422,143466,44,92
143330,143422,143467,45,92
143330,143425,143468,43,95
143330,143424,143469,45,94
143330,143425,143469,44,95
143330,143426,143470,44,96
143330,143427,143470,43,97
143330,143421,143470,49,91
143330,143429,143471,42,99
143330,143426,143472,46,96
143330,143423,143471,48,93
143330,143426,143473,47,96
143330,143425,143475,50,95
143330,143428,143476,48,98
143330,143430,143475,45,100
143330,143423,143477,54,93
143330,143428,143478,50,98
143330,143464,143510,46,134
143330,143461,143509,48,131
143330,143466,143512,46,136
143330,143465,143512,47,135
143330,143468,143513,45,138
143330,143470,143514,44,140
143330,143470,143515,45,140
143330,143472,143516,44,142
143330,143470,143516,46,140
143330,143470,143516,46,140
143330,143468,143518,50,138
143330,143472,143518,46,142
143330,143470,143519,49,140
143330,143472,143520,48,142
143330,143476,143520,44,146
143330,143473,143521,48,143
143330,143476,143524,48,146
143330,143478,143524,46,148
143330,143475,143526,51,145
143330,143477,143528,51,147
143330,143510,143554,44,180
143330,143512,143555,43,182
143330,143510,143556,46,180
143330,143516,143557,41,186
143330,143514,143557,43,184
143330,143513,143559,46,183
143330,143514,143560,46,184
143330,143516,143561,45,186
143330,143518,143563,45,188
143330,143516,143564,48,186
143330,143519,143565,46,189
143330,143521,143565,44,191
143330,143521,143566,45,191
143330,143521,143567,46,191
143330,143524,143567,43,194
143330,143524,143567,43,194
143330,143518,143567,49,188
143330,143519,143567,48,189
143330,143527,143572,45,197
143330,143529,143577,48,199
143330,143556,143600,44,226
143330,143558,143601,43,228
143330,143555,143604,49,225
143330,143560,143603,43,230
143330,143557,143604,47,227
143330,143558,143607,49,228
143330,143562,143607,45,232
143330,143561,143607,46,231
143330,143564,143607,43,234
143330,143567,143611,44,237
143330,143565,143610,45,235
143330,143567,143613,46,237
143330,143568,143614,46,238
143330,143566,143614,48,236
143330,143566,143614,48,236
143330,143568,143615,47,238
143330,143568,143615,47,238
143330,143568,143618,50,238
143330,143577,143622,45,247
143330,143573,143625,52,243
143330,143601,143648,47,271
143330,143607,143653,46,277
143330,143604,143652,48,274
143330,143608,143654,46,278
143330,143608,143654,46,278
143330,143602,143655,53,272
143330,143611,143655,44,281
143330,143605,143656,51,275
143330,143608,143657,49,278
143330,143604,143657,53,274
143330,143611,143659,48,281
143330,143613,143660,47,283
143330,143614,143661,47,284
143330,143616,143661,45,286
143330,143615,143662,47,285
143330,143616,143663,47,286
143330,143615,143665,50,285
143330,143625,143668,43,295
143330,143619,143668,49,289
143330,143622,143669,47,292
143330,143648,143694,46,318
143330,143653,143697,44,323
143330,143654,143699,45,324
143330,143653,143700,47,323
143330,143656,143701,45,326
143330,143654,143702,48,324
143330,143655,143703,48,325
143330,143657,143703,46,327
143330,143658,143704,46,328
143330,143656,143704,48,326
143330,143660,143707,47,330
143330,143664,143707,43,334
143330,143661,143708,47,331
143330,143662,143708,46,332
143330,143663,143709,46,333
143330,143669,143709,40,339
143330,143659,143712,53,329
143330,143666,143711,45,336
143330,143669,143713,44,339
143330,143669,143719,50,339
143330,143695,143734,39,365
143330,143698,143743,45,368
143330,143701,143745,44,371
143330,143700,143745,45,370
143330,143704,143745,41,374
143330,143704,143748,44,374
143330,143701,143748,47,371
143330,143703,143748,45,373
143330,143705,143749,44,375
143330,143704,143752,48,374
143330,143707,143754,47,377
143330,143709,143754,45,379
143330,143709,143755,46,379
143330,143707,143756,49,377
143330,143710,143757,47,380
143330,143710,143757,47,380
143330,143712,143757,45,382
143330,143712,143760,48,382
143330,143714,143767,53,384
143330,143720,143768,48,390
143330,143735,143779,44,405
143330,143745,143789,44,415
143330,143748,143789,41,418
143330,143744,143791,47,414
143330,143746,143792,46,416
143330,143749,143793,44,419
143330,143749,143794,45,419
143330,143755,143795,40,425
143330,143749,143797,48,419
143330,143755,143798,43,425
143330,143753,143798,45,423
143330,143746,143798,52,416
143330,143758,143800,42,428
143330,143757,143804,47,427
143330,143756,143806,50,426
143330,143757,143808,51,427
143330,143761,143809,48,431
143330,143758,143809,51,428
143330,143767,143811,44,437
143330,143768,143814,46,438
143823,143823,143864,41,0
143823,143823,143865,42,0
143823,143823,143866,43,0
143823,143823,143867,44,0
143823,143823,143868,45,0
143823,143823,143868,45,0
143823,143823,143868,45,0
143823,143823,143869,46,0
143823,143823,143869,46,0
143823,143823,143870,47,0
143823,143823,143870,47,0
143823,143823,143870,47,0
143823,143823,143871,48,0
143823,143823,143871,48,0
143823,143823,143871,48,0
143823,143823,143872,49,0
143823,143823,143872,49,0
143823,143823,143873,50,0
143823,143823,143873,50,0
143823,143823,143874,51,0
143823,143865,143909,44,42
143823,143866,143911,45,43
143823,143872,143912,40,49
143823,143867,143912,45,44
143823,143868,143914,46,45
143823,143869,143915,46,46
143823,143869,143916,47,46
143823,143871,143915,44,48
143823,143870,143917,47,47
143823,143872,143916,44,49
143823,143869,143918,49,46
143823,143872,143917,45,49
143823,143875,143918,43,52
143823,143871,143918,47,48
143823,143873,143918,45,50
143823,143871,143919,48,48
143823,143872,143921,49,49
143823,143869,143920,51,46
143823,143874,143923,49,51
143823,143874,143925,51,51
143823,143910,143956,46,87
143823,143913,143959,46,90
143823,143912,143960,48,89
143823,143914,143959,45,91
143823,143913,143959,46,90
143823,143915,143959,44,92
143823,143918,143960,42,95
143823,143916,143960,44,93
143823,143919,143961,42,96
143823,143916,143961,45,93
143823,143918,143962,44,95
143823,143921,143964,43,98
143823,143917,143964,47,94
143823,143918,143967,49,95
143823,143923,143967,44,100
143823,143919,143968,49,96
143823,143921,143967,46,98
143823,143917,143969,52,94
143823,143919,143970,51,96
143823,143925,143973,48,102
143823,143957,143999,42,134
143823,143960,144004,44,137
143823,143960,144005,45,137
143823,143961,144006,45,138
143823,143960,144006,46,137
143823,143963,144007,44,140
143823,143959,144008,49,136
143823,143964,144008,44,141
143823,143964,144009,45,141
143823,143960,144009,49,137
143823,143960,144009,49,137
143823,143961,144009,48,138
143823,143967,144011,44,144
143823,143968,144012,44,145
143823,143968,144013,45,145
143823,143967,144013,46,144
143823,143969,144014,45,146
143823,143961,144015,54,138
143823,143973,144021,48,150
143823,143971,144028,57,148
143823,143999,144045,46,176
143823,144004,144051,47,181
143823,144007,144051,44,184
143823,144005,144052,47,182
143823,144007,144054,47,184
143823,144010,144053,43,187
143823,144009,144054,45,186
143823,144008,144054,46,185
143823,144013,144055,42,190
143823,144006,144055,49,183
143823,144009,144056,47,186
143823,144010,144057,47,187
143823,144010,144057,47,187
143823,144014,144060,46,191
143823,144011,144060,49,188
143823,144015,144060,45,192
143823,144013,144065,52,190
143823,144022,144065,43,199
143823,144016,144064,48,193
143823,144029,144073,44,206
143823,144052,144095,43,229
143823,144046,144095,49,223
143823,144055,144099,44,232
143823,144054,144100,46,231
143823,144056,144100,44,233
143823,144053,144101,48,230
143823,144052,144102,50,229
143823,144054,144102,48,231
143823,144055,144101,46,232
143823,144058,144102,44,235
143823,144057,144102,45,234
143823,144055,144104,49,232
143823,144057,144106,49,234
143823,144061,144107,46,238
143823,144061,144108,47,238
143823,144065,144109,44,242
143823,144060,144109,49,237
143823,144065,144112,47,242
143823,144065,144112,47,242
143823,144073,144116,43,250
143823,144101,144141,40,278
143823,144095,144142,47,272
143823,144095,144145,50,272
143823,144102,144147,45,279
143823,144099,144147,48,276
143823,144101,144147,46,278
143823,144103,144147,44,280
143823,144102,144147,45,279
143823,144100,144147,47,277
143823,144102,144150,48,279
143823,144104,144153,49,281
143823,144106,144152,46,283
143823,144109,144153,44,286
143823,144102,144153,51,279
143823,144109,144156,47,286
143823,144113,144158,45,290
143823,144112,144158,46,289
143823,144108,144159,51,285
143823,144110,144161,51,287
143823,144117,144163,46,294
143823,144147,144190,43,324
143823,144145,144191,46,322
143823,144147,144191,44,324
143823,144143,144191,48,320
143823,144141,144192,51,318
143823,144147,144194,47,324
143823,144153,144194,41,330
143823,144148,144194,46,325
143823,144147,144197,50,324
143823,144151,144198,47,328
143823,144153,144198,45,330
143823,144147,144199,52,324
143823,144154,144200,46,331
143823,144156,144202,46,333
143823,144153,144203,50,330
143823,144158,144207,49,335
143823,144158,144207,49,335
143823,144161,144207,46,338
143823,144163,144208,45,340
143823,144160,144208,48,337
143823,144191,144235,44,368
143823,144192,144237,45,369
143823,144192,144238,46,369
143823,144192,144238,46,369
143823,144195,144239,44,372
143823,144195,144240,45,372
143823,144195,144241,46,372
143823,144193,144240,47,370
143823,144198,144242,44,375
143823,144199,144244,45,376
143823,144203,144247,44,380
143823,144201,144248,47,378
143823,144198,144249,51,375
143823,144200,144248,48,377
143823,144208,144254,46,385
143823,144207,144255,48,384
143823,144209,144256,47,386
143823,144209,144257,48,386
143823,144208,144258,50,385
143823,144204,144259,55,381
143823,144240,144280,40,417
143823,144238,144281,43,415
143823,144239,144283,44,416
143823,144239,144284,45,416
143823,144241,144286,45,418
143823,144240,144287,47,417
143823,144241,144287,46,418
143823,144235,144290,55,412
143823,144243,144291,48,420
143823,144248,144292,44,425
143823,144244,144295,51,421
143823,144249,144296,47,426
143823,144249,144298,49,426
143823,144247,144299,52,424
143823,144255,144303,48,432
143823,144258,144303,45,435
143823,144255,144304,49,432
143823,144256,144305,49,433
143823,144259,144306,47,436
143823,144260,144310,50,437
144319,144319,144362,43,0
144319,144319,144363,44,0
144319,144319,144364,45,0
144319,144319,144364,45,0
144319,144319,144364,45,0
144319,144319,144364,45,0
144319,144319,144364,45,0
144319,144319,144365,46,0
144319,144319,144365,46,0
144319,144319,144365,46,0
144319,144319,144365,46,0
144319,144319,144366,47,0
144319,144319,144366,47,0
144319,144319,144367,48,0
144319,144319,144367,48,0
144319,144319,144367,48,0
144319,144319,144368,49,0
144319,144319,144367,48,0
144319,144319,144368,49,0
144319,144319,144374,55,0
144319,144364,144407,43,45
144319,144365,144409,44,46
144319,144364,144410,46,45
144319,144363,144410,47,44
144319,144364,144411,47,45
144319,144365,144412,47,46
144319,144367,144412,45,48
144319,144368,144412,44,49
144319,144362,144412,50,43
144319,144365,144412,47,46
144319,144367,144413,46,48
144319,144364,144413,49,45
144319,144368,144413,45,49
144319,144366,144414,48,47
144319,144364,144415,51,45
144319,144368,144415,47,49
144319,144365,144415,50,46
144319,144369,144416,47,50
144319,144368,144417,49,49
144319,144374,144423,49,55
144319,144409,144455,46,90
144319,144411,144456,45,92
144319,144413,144456,43,94
144319,144413,144457,44,94
144319,144411,144458,47,92
144319,144413,144457,44,94
144319,144407,144458,51,88
144319,144414,144460,46,95
144319,144416,144460,44,97
144319,144418,144461,43,99
144319,144412,144460,48,93
144319,144413,144461,48,94
144319,144417,144461,44,98
144319,144414,144462,48,95
144319,144416,144462,46,97
144319,144415,144462,47,96
144319,144413,144463,50,94
144319,144416,144463,47,97
144319,144414,144466,52,95
144319,144424,144470,46,105
144319,144457,144500,43,138
144319,144458,144500,42,139
144319,144457,144501,44,138
144319,144456,144502,46,137
144319,144458,144504,46,139
144319,144461,144505,44,142
144319,144463,144506,43,144
144319,144461,144507,46,142
144319,144458,144507,49,139
144319,144460,144506,46,141
144319,144462,144508,46,143
144319,144464,144509,45,145
144319,144462,144510,48,143
144319,144464,144510,46,145
144319,144461,144510,49,142
144319,144459,144511,52,140
144319,144462,144511,49,143
144319,144463,144511,48,144
144319,144471,144514,43,152
144319,144466,144514,48,147
144319,144500,144544,44,181
144319,144502,144548,46,183
144319,144501,144549,48,182
144319,144503,144551,48,184
144319,144504,144551,47,185
144319,144507,144552,45,188
144319,144507,144554,47,188
144319,144506,144554,48,187
144319,144505,144554,49,186
144319,144507,144554,47,188
144319,144510,144555,45,191
144319,144509,144555,46,190
144319,144511,144555,44,192
144319,144511,144555,44,192
144319,144508,144556,48,189
144319,144510,144556,46,191
144319,144511,144558,47,192
144319,144511,144561,50,192
144319,144515,144564,49,196
144319,144515,144566,51,196
144319,144544,144586,42,225
144319,144548,144596,48,229
144319,144551,144598,47,232
144319,144554,144598,44,235
144319,144549,144598,49,230
144319,144551,144599,48,232
144319,144554,144599,45,235
144319,144556,144601,45,237
144319,144555,144602,47,236
144319,144554,144602,48,235
144319,144558,144602,44,239
144319,144556,144602,46,237
144319,144557,144602,45,238
144319,144557,144603,46,238
144319,144552,144604,52,233
144319,144556,144605,49,237
144319,144556,144605,49,237
144319,144561,144608,47,242
144319,144564,144608,44,245
144319,144567,144612,45,248
144319,144587,144636,49,268
144319,144601,144641,40,282
144319,144599,144643,44,280
144319,144597,144644,47,278
144319,144599,144645,46,280
144319,144603,144645,42,284
144319,144599,144647,48,280
144319,144600,144647,47,281
144319,144603,144647,44,284
144319,144600,144649,49,281
144319,144604,144650,46,285
144319,144605,144650,45,286
144319,144602,144651,49,283
144319,144603,144652,49,284
144319,144609,144653,44,290
144319,144609,144655,46,290
144319,144603,144654,51,284
144319,144606,144654,48,287
144319,144606,144661,55,287
144319,144613,144663,50,294
144319,144637,144684,47,318
144319,144642,144689,47,323
144319,144644,144692,48,325
144319,144648,144691,43,329
144319,144646,144692,46,327
144319,144648,144694,46,329
144319,144645,144694,49,326
144319,144647,144695,48,328
144319,144650,144695,45,331
144319,144649,144696,47,330
144319,144650,144696,46,331
144319,144655,144696,41,336
144319,144646,144697,51,327
144319,144652,144697,45,333
144319,144653,144700,47,334
144319,144654,144701,47,335
144319,144655,144702,47,336
144319,144655,144704,49,336
144319,144661,144708,47,342
144319,144663,144710,47,344
144319,144684,144729,45,365
144319,144689,144732,43,370
144319,144692,144739,47,373
144319,144692,144740,48,373
144319,144696,144740,44,377
144319,144692,144740,48,373
144319,144695,144741,46,376
144319,144697,144741,44,378
144319,144694,144742,48,375
144319,144694,144742,48,375
144319,144695,144743,48,376
144319,144697,144744,47,378
144319,144696,144745,49,377
144319,144697,144745,48,378
144319,144702,144747,45,383
144319,144701,144748,47,382
144319,144700,144752,52,381
144319,144704,144752,48,385
144319,144708,144753,45,389
144319,144710,144757,47,391
144319,144729,144774,45,410
144319,144733,144780,47,414
144319,144740,144783,43,421
144319,144741,144783,42,422
144319,144743,144785,42,424
144319,144742,144785,43,423
144319,144743,144785,42,424
144319,144739,144787,48,420
144319,144742,144789,47,423
144319,144745,144791,46,426
144319,144743,144790,47,424
144319,144741,144790,49,422
144319,144746,144793,47,427
144319,144749,144794,45,430
144319,144746,144797,51,427
144319,144753,144799,46,434
144319,144748,144800,52,429
144319,144753,144804,51,434
144319,144754,144805,51,435
144319,144758,144805,47,439
144813,144813,144858,45,0
144813,144813,144858,45,0
144813,144813,144858,45,0
144813,144813,144858,45,0
144813,144813,144859,46,0
144813,144813,144859,46,0
144813,144813,144859,46,0
144813,144813,144859,46,0
144813,144813,144861,48,0
144813,144813,144861,48,0
144813,144813,144861,48,0
144813,144813,144860,47,0
144813,144813,144861,48,0
144813,144813,144861,48,0
144813,144813,144861,48,0
144813,144813,144862,49,0
144813,144813,144864,51,0
144813,144813,144865,52,0
144813,144813,144864,51,0
144813,144813,144865,52,0
144813,144861,144903,42,48
144813,144858,144903,45,45
144813,144858,144903,45,45
144813,144860,144906,46,47
144813,144858,144905,47,45
144813,144858,144906,48,45
144813,144862,144906,44,49
144813,144859,144906,47,46
144813,144861,144907,46,48
144813,144859,144909,50,46
144813,144861,144908,47,48
144813,144861,144909,48,48
144813,144861,144909,48,48
144813,144861,144909,48,48
144813,144863,144909,46,50
144813,144859,144910,51,46
144813,144865,144911,46,52
144813,144864,144913,49,51
144813,144865,144913,48,52
144813,144866,144914,48,53
144813,144904,144947,43,91
144813,144904,144948,44,91
144813,144907,144951,44,94
144813,144906,144951,45,93
144813,144904,144951,47,91
144813,144906,144952,46,93
144813,144908,144953,45,95
144813,144907,144954,47,94
144813,144907,144954,47,94
144813,144910,144955,45,97
144813,144912,144955,43,99
144813,144914,144956,42,101
144813,144909,144956,47,96
144813,144910,144956,46,97
144813,144910,144957,47,97
144813,144909,144957,48,96
144813,144914,144957,43,101
144813,144909,144958,49,96
144813,144911,144958,47,98
144813,144915,144959,44,102
144813,144949,144993,44,136
144813,144952,144999,47,139
144813,144948,144998,50,135
144813,144954,145000,46,141
144813,144956,145000,44,143
144813,144957,145000,43,144
144813,144952,144999,47,139
144813,144955,145001,46,142
144813,144952,145000,48,139
144813,144953,145001,48,140
144813,144957,145002,45,144
144813,144956,145003,47,143
144813,144956,145003,47,143
144813,144956,145004,48,143
144813,144958,145004,46,145
144813,144954,145004,50,141
144813,144960,145004,44,147
144813,144958,145006,48,145
144813,144959,145006,47,146
144813,144958,145010,52,145
144813,144994,145039,45,181
144813,144999,145042,43,186
144813,145000,145046,46,187
144813,145000,145046,46,187
144813,145003,145046,43,190
144813,144999,145047,48,186
144813,145002,145047,45,189
144813,145005,145047,42,192
144813,145000,145048,48,187
144813,145000,145048,48,187
144813,145001,145048,47,188
144813,145006,145048,42,193
144813,145004,145049,45,191
144813,145001,145049,48,188
144813,145005,145050,45,192
144813,145003,145052,49,190
144813,145001,145054,53,188
144813,145004,145054,50,191
144813,145006,145054,48,193
144813,145011,145056,45,198
144813,145039,145088,49,226
144813,145048,145088,40,235
144813,145046,145089,43,233
144813,145046,145090,44,233
144813,145042,145091,49,229
144813,145046,145092,46,233
144813,145047,145093,46,234
144813,145049,145093,44,236
144813,145048,145095,47,235
144813,145049,145097,48,236
144813,145047,145097,50,234
144813,145049,145098,49,236
144813,145055,145097,42,242
144813,145050,145099,49,237
144813,145053,145099,46,240
144813,145057,145099,42,244
144813,145055,145100,45,242
144813,145048,145103,55,235
144813,145051,145103,52,238
144813,145055,145103,48,242
144813,145089,145131,42,276
144813,145089,145134,45,276
144813,145090,145135,45,277
144813,145091,145139,48,278
144813,145098,145141,43,285
144813,145094,145141,47,281
144813,145096,145141,45,283
144813,145100,145141,41,287
144813,145094,145143,49,281
144813,145098,145143,45,285
144813,145093,145143,50,280
144813,145092,145144,52,279
144813,145097,145144,47,284
144813,145098,145144,46,285
144813,145100,145145,45,287
144813,145104,145146,42,291
144813,145101,145147,46,288
144813,145104,145148,44,291
144813,145100,145149,49,287
144813,145103,145150,47,290
144813,145132,145179,47,319
144813,145134,145181,47,321
144813,145136,145182,46,323
144813,145141,145184,43,328
144813,145142,145185,43,329
144813,145140,145187,47,327
144813,145146,145188,42,333
144813,145141,145188,47,328
144813,145147,145190,43,334
144813,145144,145190,46,331
144813,145144,145190,46,331
144813,145144,145190,46,331
144813,145147,145191,44,334
144813,145144,145192,48,331
144813,145142,145192,50,329
144813,145144,145193,49,331
144813,145149,145194,45,336
144813,145145,145194,49,332
144813,145150,145194,44,337
144813,145149,145198,49,336
144813,145181,145228,47,368
144813,145182,145229,47,369
144813,145180,145230,50,367
144813,145184,145231,47,371
144813,145190,145233,43,377
144813,145188,145233,45,375
144813,145187,145234,47,374
144813,145188,145234,46,375
144813,145191,145235,44,378
144813,145190,145235,45,377
144813,145192,145236,44,379
144813,145185,145237,52,372
144813,145190,145237,47,377
144813,145192,145238,46,379
144813,145193,145238,45,380
144813,145194,145239,45,381
144813,145194,145240,46,381
144813,145195,145242,47,382
144813,145199,145242,43,386
144813,145194,145246,52,381
144813,145229,145275,46,416
144813,145230,145276,46,417
144813,145231,145277,46,418
145749,145749,145774,25,0
145749,145749,145774,25,0
145749,145749,145774,25,0
145749,145749,145774,25,0
145749,145749,145774,25,0
145749,145749,145776,27,0
145749,145749,145776,27,0
145749,145749,145776,27,0
145749,145749,145777,28,0
145749,145749,145777,28,0
145749,145749,145776,27,0
145749,145749,145777,28,0
145749,145749,145778,29,0
145749,145749,145778,29,0
145749,145749,145778,29,0
145749,145749,145781,32,0
145749,145750,145782,32,1
145749,145750,145781,31,1
145749,145750,145786,36,1
145749,145750,145789,39,1
145749,145775,145809,34,26
145749,145775,145810,35,26
145749,145775,145813,38,26
145749,145775,145812,37,26
145749,145776,145814,38,27
145749,145775,145814,39,26
145749,145777,145817,40,28
145749,145777,145817,40,28
145749,145777,145818,41,28
145749,145777,145817,40,28
145749,145777,145819,42,28
145749,145778,145820,42,29
145749,145779,145820,41,30
145749,145778,145821,43,29
145749,145779,145822,43,30
145749,145782,145823,41,33
145749,145782,145824,42,33
145749,145782,145830,48,33
145749,145786,145833,47,37
145749,145790,145844,54,41
145749,145813,145848,35,64
145749,145813,145848,35,64
145749,145814,145850,36,65
145749,145817,145852,35,68
145749,145810,145853,43,61
145749,145810,145852,42,61
145749,145818,145855,37,69
145749,145814,145856,42,65
145749,145818,145858,40,69
145749,145817,145858,41,68
145749,145820,145862,42,71
145749,145821,145864,43,72
145749,145821,145865,44,72
145749,145821,145865,44,72
145749,145822,145867,45,73
145749,145824,145870,46,75
145749,145824,145873,49,75
145749,145830,145876,46,81
145749,145833,145880,47,84
145749,145844,145889,45,95
145749,145848,145892,44,99
145749,145853,145896,43,104
145749,145848,145897,49,99
145749,145864,145898,34,115
145749,145856,145899,43,107
145749,145851,145900,49,102
145749,145852,145900,48,103
145749,145858,145900,42,109
145749,145859,145901,42,110
145749,145862,145902,40,113
145749,145855,145902,47,106
145749,145853,145903,50,104
145749,145866,145911,45,117
145749,145865,145914,49,116
145749,145867,145915,48,118
145749,145870,145915,45,121
145749,145873,145919,46,124
145749,145876,145928,52,127
145749,145880,145930,50,131
145749,145892,145938,46,143
145749,145889,145939,50,140
145749,145896,145943,47,147
145749,145897,145945,48,148
145749,145899,145945,46,150
145749,145900,145947,47,151
145749,145902,145947,45,153
145749,145900,145947,47,151
145749,145901,145947,46,152
145749,145903,145949,46,154
145749,145901,145950,49,152
145749,145903,145951,48,154
145749,145903,145952,49,154
145749,145912,145956,44,163
145749,145916,145960,44,167
145749,145915,145963,48,166
145749,145916,145964,48,167
145749,145920,145967,47,171
145749,145928,145974,46,179
145749,145931,145982,51,182
145749,145940,145988,48,191
145749,145939,145989,50,190
145749,145944,145989,45,195
145749,145948,145991,43,199
145749,145945,145992,47,196
145749,145946,145992,46,197
145749,145948,145994,46,199
145749,145952,145997,45,203
145749,145951,145996,45,202
145749,145948,145998,50,199
145749,145948,145999,51,199
145749,145953,146001,48,204
145749,145957,146002,45,208
145749,145961,146006,45,212
145749,145964,146009,45,215
145749,145950,146010,60,201
145749,145967,146010,43,218
145749,145965,146012,47,216
145749,145974,146017,43,225
145749,145983,146029,46,234
145749,145989,146037,48,240
145749,145988,146038,50,239
145749,145989,146038,49,240
145749,145992,146039,47,243
145749,145992,146038,46,243
145749,145992,146039,47,243
145749,145994,146042,48,245
145749,145999,146043,44,250
145749,145998,146044,46,249
145749,146002,146046,44,253
145749,145997,146047,50,248
145749,146002,146048,46,253
145749,145997,146049,52,248
145749,146006,146052,46,257
145749,146009,146055,46,260
145749,146012,146056,44,263
145749,146017,146059,42,268
145749,146011,146061,50,262
145749,146010,146068,58,261
145749,146029,146072,43,280
145749,146039,146077,38,290
145749,146038,146078,40,289
145749,146044,146078,34,295
145749,146040,146078,38,291
145749,146039,146080,41,290
145749,146047,146081,34,298
145749,146037,146082,45,288
145749,146043,146081,38,294
145749,146044,146081,37,295
145749,146046,146082,36,297
145749,146038,146082,44,289
145749,146048,146083,35,299
145749,146049,146085,36,300
145749,146052,146087,35,303
145749,146055,146096,41,306
145749,146057,146096,39,308
145749,146062,146101,39,313
145749,146060,146101,41,311
145749,146069,146102,33,320
145749,146072,146110,38,323
145749,146078,146118,40,329
145749,146083,146119,36,334
145749,146082,146121,39,333
145749,146079,146121,42,330
145749,146079,146121,42,330
145749,146083,146122,39,334
145749,146082,146122,40,333
145749,146082,146123,41,333
145749,146079,146123,44,330
145749,146086,146125,39,337
145749,146081,146125,44,332
145749,146084,146125,41,335
145749,146082,146129,47,333
145749,146097,146128,31,348
145749,146088,146132,44,339
145749,146097,146133,36,348
145749,146102,146135,33,353
145749,146102,146136,34,353
145749,146103,146137,34,354
145749,146111,146142,31,362
145749,146121,146151,30,372
145749,146122,146152,30,373
145749,146122,146152,30,373
145749,146119,146153,34,370
145749,146120,146152,32,371
145749,146122,146153,31,373
145749,146122,146153,31,373
145749,146125,146161,36,376
145749,146124,146161,37,375
145749,146126,146162,36,377
145749,146124,146162,38,375
145749,146126,146165,39,377
145749,146129,146171,42,380
145749,146129,146171,42,380
145749,146133,146177,44,384
145749,146133,146181,48,384
145749,146143,146183,40,394
145749,146138,146184,46,389
145749,146136,146186,50,387
145749,146137,146186,49,388
145749,146151,146193,42,402
146201,146202,146242,40,1
146201,146202,146244,42,1
146201,146202,146245,43,1
146201,146202,146246,44,1
146201,146202,146246,44,1
146201,146202,146247,45,1
146201,146202,146248,46,1
146201,146202,146247,45,1
146201,146202,146248,46,1
146201,146202,146248,46,1
146201,146202,146248,46,1
146201,146202,146249,47,1
146201,146202,146248,46,1
146201,146202,146249,47,1
146201,146202,146249,47,1
146201,146202,146249,47,1
146201,146202,146249,47,1
146201,146202,146250,48,1
146201,146202,146250,48,1
146201,146202,146252,50,1
146201,146250,146285,35,49
146201,146251,146289,38,50
146201,146250,146290,40,49
146201,146243,146291,48,42
146201,146253,146293,40,52
146201,146246,146292,46,45
146201,146250,146293,43,49
146201,146250,146294,44,49
146201,146247,146294,47,46
146201,146249,146294,45,48
146201,146245,146294,49,44
146201,146247,146294,47,46
146201,146250,146298,48,49
146201,146249,146297,48,48
146201,146249,146298,49,48
146201,146248,146299,51,47
146201,146248,146299,51,47
146201,146249,146300,51,48
146201,146249,146301,52,48
146201,146248,146303,55,47
146201,146285,146325,40,84
146201,146290,146330,40,89
146201,146292,146334,42,91
146201,146293,146336,43,92
146201,146290,146337,47,89
146201,146293,146340,47,92
146201,146294,146340,46,93
146201,146294,146343,49,93
146201,146295,146344,49,94
146201,146302,146345,43,101
146201,146304,146345,41,103
146201,146298,146346,48,97
146201,146294,146346,52,93
146201,146299,146346,47,98
146201,146300,146348,48,99
146201,146295,146349,54,94
146201,146300,146351,51,99
146201,146298,146351,53,97
146201,146299,146353,54,98
146201,146293,146353,60,92
146201,146325,146365,40,124
146201,146331,146369,38,130
146201,146334,146370,36,133
146201,146336,146372,36,135
146201,146337,146378,41,136
146201,146340,146383,43,139
146201,146346,146385,39,145
146201,146347,146385,38,146
146201,146347,146385,38,146
146201,146352,146386,34,151
146201,146349,146386,37,148
146201,146340,146386,46,139
146201,146344,146387,43,143
146201,146354,146388,34,153
146201,146351,146388,37,150
146201,146349,146389,40,148
146201,146344,146389,45,143
146201,146345,146389,44,144
146201,146353,146389,36,152
146201,146345,146390,45,144
146201,146366,146398,32,165
146201,146370,146403,33,169
146201,146371,146403,32,170
146201,146373,146411,38,172
146201,146379,146418,39,178
146201,146386,146419,33,185
146201,146386,146420,34,185
146201,146384,146422,38,183
146201,146387,146423,36,186
146201,146386,146422,36,185
146201,146386,146423,37,185
146201,146390,146423,33,189
146201,146387,146423,36,186
146201,146390,146424,34,189
146201,146390,146423,33,189
146201,146390,146426,36,189
146201,146391,146426,35,190
146201,146388,146429,41,187
146201,146388,146429,41,187
146201,146389,146429,40,188
146201,146404,146434,30,203
146201,146399,146436,37,198
146201,146404,146443,39,203
146201,146412,146455,43,211
146201,146419,146463,44,218
146201,146420,146463,43,219
146201,146424,146465,41,223
146201,146423,146466,43,222
146201,146420,146468,48,219
146201,146423,146467,44,222
146201,146423,146467,44,222
146201,146424,146467,43,223
146201,146424,146468,44,223
146201,146427,146469,42,226
146201,146424,146470,46,223
146201,146423,146472,49,222
146201,146427,146473,46,226
146201,146430,146476,46,229
146201,146430,146476,46,229
146201,146430,146477,47,229
146201,146434,146480,46,233
146201,146437,146482,45,236
146201,146444,146490,46,243
146201,146456,146500,44,255
146201,146463,146505,42,262
146201,146463,146505,42,262
146201,146466,146512,46,265
146201,146465,146512,47,264
146201,146482,146515,33,281
146201,146468,146516,48,267
146201,146470,146516,46,269
146201,146480,146516,36,279
146201,146478,146517,39,277
146201,146468,146517,49,267
146201,146473,146517,44,272
146201,146472,146517,45,271
146201,146476,146517,41,275
146201,146476,146518,42,275
146201,146468,146518,50,267
146201,146468,146519,51,267
146201,146469,146520,51,268
146201,146470,146521,51,269
146201,146490,146527,37,289
146201,146500,146535,35,299
146201,146505,146545,40,304
146201,146513,146551,38,312
146201,146506,146553,47,305
146201,146516,146554,38,315
146201,146516,146558,42,315
146201,146516,146558,42,315
146201,146519,146558,39,318
146201,146519,146559,40,318
146201,146512,146559,47,311
146201,146517,146561,44,316
146201,146518,146561,43,317
146201,146521,146561,40,320
146201,146517,146562,45,316
146201,146518,146562,44,317
146201,146520,146563,43,319
146201,146518,146564,46,317
146201,146521,146567,46,320
146201,146517,146566,49,316
146201,146528,146569,41,327
146201,146536,146584,48,335
146201,146546,146592,46,345
146201,146554,146599,45,353
146201,146552,146599,47,351
146201,146555,146600,45,354
146201,146562,146606,44,361
146201,146559,146606,47,358
146201,146560,146606,46,359
146201,146559,146608,49,358
146201,146558,146607,49,357
146201,146562,146607,45,361
146201,146565,146608,43,364
146201,146562,146610,48,361
146201,146562,146609,47,361
146201,146562,146612,50,361
146201,146560,146612,52,359
146201,146564,146612,48,363
146201,146567,146615,48,366
146201,146567,146616,49,366
146201,146570,146618,48,369
146201,146584,146630,46,383
146201,146592,146642,50,391
146201,146601,146644,43,400
146201,146600,146646,46,399
146201,146600,146646,46,399
146201,146607,146649,42,406
146201,146608,146650,42,407
146201,146607,146650,43,406
146201,146610,146650,40,409
146201,146606,146650,44,405
146201,146610,146651,41,409
146201,146608,146653,45,407
146201,146608,146653,45,407
146201,146612,146656,44,411
146201,146609,146656,47,408
146201,146612,146656,44,411
146201,146612,146659,47,411
146667,146667,146702,35,0
146667,146667,146705,38,0
146667,146667,146707,40,0
146667,146667,146707,40,0
146667,146667,146707,40,0
146667,146667,146707,40,0
146667,146667,146709,42,0
146667,146667,146710,43,0
146667,146667,146710,43,0
146667,146667,146711,44,0
146667,146667,146711,44,0
146667,146667,146711,44,0
146667,146667,146711,44,0
146667,146667,146712,45,0
146667,146667,146711,44,0
146667,146667,146711,44,0
146667,146667,146713,46,0
146667,146667,146714,47,0
146667,146667,146713,46,0
146667,146667,146717,50,0
146667,146706,146751,45,39
146667,146708,146752,44,41
146667,146708,146751,43,41
146667,146703,146752,49,36
146667,146707,146752,45,40
146667,146710,146753,43,43
146667,146711,146753,42,44
146667,146712,146755,43,45
146667,146710,146755,45,43
146667,146712,146756,44,45
146667,146712,146755,43,45
146667,146710,146757,47,43
146667,146708,146759,51,41
146667,146711,146758,47,44
146667,146714,146759,45,47
146667,146713,146760,47,46
146667,146711,146759,48,44
146667,146712,146761,49,45
146667,146714,146763,49,47
146667,146718,146767,49,51
146667,146753,146796,43,86
146667,146752,146798,46,85
146667,146759,146798,39,92
146667,146751,146799,48,84
146667,146752,146800,48,85
146667,146760,146801,41,93
146667,146752,146801,49,85
146667,146760,146801,41,93
146667,146753,146801,48,86
146667,146756,146801,45,89
146667,146753,146802,49,86
146667,146756,146803,47,89
146667,146756,146803,47,89
146667,146759,146803,44,92
146667,146759,146804,45,92
146667,146762,146805,43,95
146667,146757,146805,48,90
146667,146755,146806,51,88
146667,146767,146808,41,100
146667,146763,146811,48,96
146667,146799,146836,37,132
146667,146801,146837,36,134
146667,146799,146837,38,132
146667,146800,146838,38,133
146667,146797,146838,41,130
146667,146799,146838,39,132
146667,146801,146839,38,134
146667,146803,146839,36,136
146667,146803,146840,37,136
146667,146802,146840,38,135
146667,146803,146841,38,136
146667,146802,146841,39,135
146667,146803,146842,39,136
146667,146802,146842,40,135
146667,146805,146845,40,138
146667,146812,146847,35,145
146667,146807,146851,44,140
146667,146806,146852,46,139
146667,146805,146853,48,138
146667,146809,146854,45,142
146667,146839,146883,44,172
146667,146841,146884,43,174
146667,146839,146884,45,172
146667,146841,146884,43,174
146667,146841,146886,45,174
146667,146837,146886,49,170
146667,146841,146886,45,174
146667,146839,146887,48,172
146667,146843,146889,46,176
146667,146843,146891,48,176
146667,146840,146891,51,173
146667,146838,146892,54,171
146667,146838,146892,54,171
146667,146845,146892,47,178
146667,146848,146893,45,181
146667,146840,146895,55,173
146667,146854,146897,43,187
146667,146852,146900,48,185
146667,146852,146901,49,185
146667,146855,146902,47,188
146667,146884,146928,44,217
146667,146886,146929,43,219
146667,146885,146929,44,218
146667,146887,146930,43,220
146667,146885,146931,46,218
146667,146889,146931,42,222
146667,146887,146932,45,220
146667,146891,146933,42,224
146667,146884,146934,50,217
146667,146887,146933,46,220
146667,146892,146936,44,225
146667,146892,146937,45,225
146667,146896,146940,44,229
146667,146892,146941,49,225
146667,146893,146941,48,226
146667,146901,146942,41,234
146667,146894,146945,51,227
146667,146898,146945,47,231
146667,146903,146946,43,236
146667,146900,146948,48,233
146667,146928,146974,46,261
146667,146930,146976,46,263
146667,146930,146976,46,263
146667,146932,146978,46,265
146667,146934,146979,45,267
146667,146932,146979,47,265
146667,146934,146980,46,267
146667,146929,146980,51,262
146667,146932,146981,49,265
146667,146933,146982,49,266
146667,146937,146983,46,270
146667,146941,146985,44,274
146667,146941,146987,46,274
146667,146937,146989,52,270
146667,146942,146990,48,275
146667,146947,146990,43,280
146667,146940,146991,51,273
146667,146945,146994,49,278
146667,146945,146993,48,278
146667,146948,146995,47,281
146667,146975,147017,42,308
146667,146977,147022,45,310
146667,146977,147024,47,310
146667,146979,147024,45,312
146667,146980,147025,45,313
146667,146981,147025,44,314
146667,146980,147025,45,313
146667,146982,147027,45,315
146667,146979,147030,51,312
146667,146983,147031,48,316
146667,146992,147034,42,325
146667,146986,147034,48,319
146667,146984,147034,50,317
146667,146988,147036,48,321
146667,146991,147036,45,324
146667,146991,147037,46,324
146667,146994,147038,44,327
146667,146990,147040,50,323
146667,146994,147043,49,327
146667,146996,147047,51,329
146667,147018,147066,48,351
146667,147023,147067,44,356
146667,147025,147068,43,358
146667,147024,147072,48,357
146667,147026,147074,48,359
146667,147026,147075,49,359
146667,147026,147076,50,359
146667,147027,147076,49,360
146667,147031,147078,47,364
146667,147030,147079,49,363
146667,147034,147081,47,367
146667,147034,147082,48,367
146667,147038,147083,45,371
146667,147040,147083,43,373
146667,147036,147084,48,369
146667,147038,147087,49,371
146667,147035,147087,52,368
146667,147037,147089,52,370
146667,147043,147089,46,376
146667,147047,147090,43,380
146667,147068,147111,43,401
146667,147066,147112,46,399
146667,147067,147113,46,400
146667,147072,147114,42,405
146667,147075,147122,47,408
146667,147076,147122,46,409
146667,147077,147122,45,410
146667,147075,147123,48,408
146667,147078,147128,50,411
146667,147082,147128,46,415
146667,147082,147129,47,415
146667,147083,147129,46,416
146667,147083,147130,47,416
146667,147080,147131,51,413
146667,147087,147132,45,420
146667,147084,147132,48,417
146667,147090,147136,46,423
146667,147087,147137,50,420
146667,147089,147139,50,422
146667,147089,147139,50,422
147148,147148,147189,41,0
147148,147148,147191,43,0
147148,147148,147192,44,0
147148,147148,147192,44,0
147148,147148,147192,44,0
147148,147148,147193,45,0
147148,147148,147193,45,0
147148,147148,147195,47,0
147148,147148,147197,49,0
147148,147148,147197,49,0
147148,147148,147196,48,0
147148,147148,147197,49,0
147148,147148,147197,49,0
147148,147148,147198,50,0
147148,147148,147197,49,0
147148,147148,147197,49,0
147148,147148,147199,51,0
147148,147148,147198,50,0
147148,147148,147199,51,0
147148,147148,147201,53,0
147148,147190,147237,47,42
147148,147193,147239,46,45
147148,147198,147242,44,50
147148,147197,147242,45,49
147148,147193,147242,49,45
147148,147193,147242,49,45
147148,147194,147242,48,46
147148,147198,147244,46,50
147148,147192,147244,52,44
147148,147196,147244,48,48
147148,147197,147244,47,49
147148,147201,147245,44,53
147148,147200,147245,45,52
147148,147198,147244,46,50
147148,147197,147246,49,49
147148,147193,147247,54,45
147148,147198,147247,49,50
147148,147197,147249,52,49
147148,147199,147250,51,51
147148,147199,147251,52,51
147148,147240,147285,45,92
147148,147237,147286,49,89
147148,147243,147289,46,95
147148,147243,147289,46,95
147148,147245,147290,45,97
147148,147243,147290,47,95
147148,147245,147292,47,97
147148,147246,147292,46,98
147148,147243,147292,49,95
147148,147244,147293,49,96
147148,147244,147293,49,96
147148,147248,147294,46,100
147148,147245,147294,49,97
147148,147244,147295,51,96
147148,147249,147295,46,101
147148,147245,147295,50,97
147148,147247,147296,49,99
147148,147251,147296,45,103
147148,147242,147296,54,94
147148,147250,147305,55,102
147148,147295,147333,38,147
147148,147295,147335,40,147
147148,147285,147334,49,137
147148,147287,147334,47,139
147148,147296,147335,39,148
147148,147290,147336,46,142
147148,147294,147337,43,146
147148,147292,147339,47,144
147148,147293,147339,46,145
147148,147290,147339,49,142
147148,147293,147340,47,145
147148,147296,147340,44,148
147148,147291,147340,49,143
147148,147296,147340,44,148
147148,147293,147341,48,145
147148,147289,147343,54,141
147148,147297,147347,50,149
147148,147297,147348,51,149
147148,147306,147352,46,158
147148,147297,147353,56,149
147148,147335,147381,46,187
147148,147335,147381,46,187
147148,147335,147380,45,187
147148,147341,147382,41,193
147148,147334,147384,50,186
147148,147340,147384,44,192
147148,147338,147384,46,190
147148,147337,147385,48,189
147148,147336,147387,51,188
147148,147340,147387,47,192
147148,147341,147387,46,193
147148,147349,147387,38,201
147148,147340,147389,49,192
147148,147342,147389,47,194
147148,147341,147388,47,193
147148,147341,147390,49,193
147148,147347,147391,44,199
147148,147343,147393,50,195
147148,147354,147400,46,206
147148,147353,147402,49,205
147148,147381,147424,43,233
147148,147387,147426,39,239
147148,147381,147428,47,233
147148,147381,147429,48,233
147148,147384,147430,46,236
147148,147385,147431,46,237
147148,147382,147431,49,234
147148,147389,147432,43,241
147148,147389,147433,44,241
147148,147385,147433,48,237
147148,147387,147433,46,239
147148,147389,147432,43,241
147148,147387,147434,47,239
147148,147388,147435,47,240
147148,147386,147435,49,238
147148,147392,147437,45,244
147148,147391,147438,47,243
147148,147393,147440,47,245
147148,147400,147445,45,252
147148,147403,147448,45,255
147148,147431,147468,37,283
147148,147432,147469,37,284
147148,147434,147470,36,286
147148,147425,147471,46,277
147148,147426,147471,45,278
147148,147433,147472,39,285
147148,147429,147473,44,281
147148,147433,147474,41,285
147148,147430,147473,43,282
147148,147434,147474,40,286
147148,147433,147474,41,285
147148,147435,147474,39,287
147148,147436,147476,40,288
147148,147431,147476,45,283
147148,147438,147476,38,290
147148,147428,147480,52,280
147148,147439,147481,42,291
147148,147446,147482,36,298
147148,147441,147485,44,293
147148,147449,147488,39,301
147148,147470,147505,35,322
147148,147472,147504,32,324
147148,147472,147505,33,324
147148,147474,147506,32,326
147148,147473,147508,35,325
147148,147471,147507,36,323
147148,147474,147508,34,326
147148,147469,147508,39,321
147148,147474,147511,37,326
147148,147475,147512,37,327
147148,147475,147512,37,327
147148,147474,147513,39,326
147148,147476,147522,46,328
147148,147483,147525,42,335
147148,147477,147524,47,329
147148,147477,147526,49,329
147148,147481,147526,45,333
147148,147485,147527,42,337
147148,147482,147527,45,334
147148,147488,147539,51,340
147148,147505,147547,42,357
147148,147505,147550,45,357
147148,147508,147550,42,360
147148,147508,147550,42,360
147148,147506,147554,48,358
147148,147507,147555,48,359
147148,147509,147556,47,361
147148,147508,147555,47,360
147148,147513,147556,43,365
147148,147512,147559,47,364
147148,147512,147558,46,364
147148,147514,147565,51,366
147148,147522,147566,44,374
147148,147526,147572,46,378
147148,147525,147573,48,377
147148,147525,147574,49,377
147148,147527,147576,49,379
147148,147527,147577,50,379
147148,147528,147577,49,380
147148,147540,147586,46,392
147148,147547,147591,44,399
147148,147550,147597,47,402
147148,147551,147597,46,403
147148,147554,147597,43,406
147148,147550,147599,49,402
147148,147555,147599,44,407
147148,147559,147601,42,411
147148,147556,147602,46,408
147148,147557,147602,45,409
147148,147559,147601,42,411
147148,147556,147603,47,408
147148,147566,147608,42,418
147148,147567,147608,41,419
147148,147572,147613,41,424
147148,147574,147619,45,426
147148,147573,147620,47,425
147148,147576,147621,45,428
147148,147577,147621,44,429
147148,147577,147622,45,429
147148,147586,147636,50,438
147644,147644,147686,42,0
147644,147644,147686,42,0
147644,147644,147687,43,0
147644,147644,147688,44,0
147644,147644,147688,44,0
147644,147644,147689,45,0
147644,147645,147689,44,1
147644,147645,147690,45,1
147644,147644,147690,46,0
147644,147645,147690,45,1
147644,147644,147691,47,0
147644,147644,147691,47,0
147644,147644,147692,48,0
147644,147645,147693,48,1
147644,147645,147692,47,1
147644,147644,147692,48,0
147644,147645,147692,47,1
147644,147644,147693,49,0
147644,147645,147695,50,1
147644,147645,147695,50,1
147644,147686,147730,44,42
147644,147691,147734,43,47
147644,147690,147733,43,46
147644,147690,147735,45,46
147644,147691,147735,44,47
147644,147694,147735,41,50
147644,147692,147736,44,48
147644,147693,147737,44,49
147644,147687,147736,49,43
147644,147692,147737,45,48
147644,147693,147737,44,49
147644,147689,147736,47,45
147644,147689,147738,49,45
147644,147693,147737,44,49
147644,147688,147739,51,44
147644,147693,147739,46,49
147644,147690,147739,49,46
147644,147693,147743,50,49
147644,147696,147743,47,52
147644,147695,147746,51,51
147644,147737,147772,35,93
147644,147737,147772,35,93
147644,147736,147773,37,92
147644,147737,147774,37,93
147644,147736,147774,38,92
147644,147737,147775,38,93
147644,147736,147776,40,92
147644,147739,147776,37,95
147644,147730,147776,46,86
147644,147737,147777,40,93
147644,147740,147777,37,96
147644,147734,147777,43,90
147644,147736,147778,42,92
147644,147738,147778,40,94
147644,147734,147781,47,90
147644,147739,147781,42,95
147644,147738,147782,44,94
147644,147743,147788,45,99
147644,147744,147790,46,100
147644,147746,147797,51,102
147644,147773,147806,33,129
147644,147774,147820,46,130
147644,147781,147821,40,137
147644,147772,147821,49,128
147644,147774,147821,47,130
147644,147776,147823,47,132
147644,147777,147824,47,133
147644,147778,147824,46,134
147644,147781,147825,44,137
147644,147775,147825,50,131
147644,147777,147826,49,133
147644,147777,147827,50,133
147644,147777,147827,50,133
147644,147775,147828,53,131
147644,147778,147829,51,134
147644,147776,147829,53,132
147644,147783,147830,47,139
147644,147788,147838,50,144
147644,147791,147839,48,147
147644,147798,147846,48,154
147644,147806,147856,50,162
147644,147822,147865,43,178
147644,147821,147870,49,177
147644,147822,147869,47,178
147644,147822,147870,48,178
147644,147826,147873,47,182
147644,147828,147872,44,184
147644,147825,147874,49,181
147644,147824,147874,50,180
147644,147828,147875,47,184
147644,147827,147874,47,183
147644,147830,147875,45,186
147644,147825,147875,50,181
147644,147830,147875,45,186
147644,147830,147879,49,186
147644,147825,147878,53,181
147644,147829,147881,52,185
147644,147838,147885,47,194
147644,147840,147893,53,196
147644,147846,147895,49,202
147644,147857,147904,47,213
147644,147866,147913,47,222
147644,147873,147917,44,229
147644,147874,147918,44,230
147644,147870,147919,49,226
147644,147875,147920,45,231
147644,147870,147919,49,226
147644,147875,147921,46,231
147644,147875,147922,47,231
147644,147876,147923,47,232
147644,147871,147922,51,227
147644,147875,147924,49,231
147644,147873,147925,52,229
147644,147874,147924,50,230
147644,147879,147928,49,235
147644,147879,147929,50,235
147644,147882,147930,48,238
147644,147895,147941,46,251
147644,147893,147941,48,249
147644,147886,147944,58,242
147644,147905,147952,47,261
147644,147913,147963,50,269
147644,147920,147963,43,276
147644,147922,147965,43,278
147644,147917,147966,49,273
147644,147918,147966,48,274
147644,147919,147968,49,275
147644,147922,147969,47,278
147644,147925,147969,44,281
147644,147925,147970,45,281
147644,147920,147970,50,276
147644,147928,147971,43,284
147644,147923,147971,48,279
147644,147925,147972,47,281
147644,147923,147975,52,279
147644,147930,147976,46,286
147644,147929,147977,48,285
147644,147941,147986,45,297
147644,147941,147987,46,297
147644,147945,147988,43,301
147644,147953,148005,52,309
147644,147963,148009,46,319
147644,147963,148011,48,319
147644,147966,148016,50,322
147644,147966,148016,50,322
147644,147970,148016,46,326
147644,147972,148017,45,328
147644,147967,148018,51,323
147644,147973,148019,46,329
147644,147971,148018,47,327
147644,147969,148020,51,325
147644,147970,148020,50,326
147644,147970,148021,51,326
147644,147978,148023,45,334
147644,147977,148023,46,333
147644,147971,148025,54,327
147644,147976,148026,50,332
147644,147987,148035,48,343
147644,147988,148036,48,344
147644,147988,148038,50,344
147644,148010,148053,43,366
147644,148005,148055,50,361
147644,148016,148060,44,372
147644,148012,148061,49,368
147644,148016,148061,45,372
147644,148018,148066,48,374
147644,148022,148067,45,378
147644,148019,148066,47,375
147644,148019,148067,48,375
147644,148017,148068,51,373
147644,148021,148069,48,377
147644,148017,148069,52,373
147644,148021,148069,48,377
147644,148024,148069,45,380
147644,148027,148070,43,383
147644,148024,148072,48,380
147644,148026,148074,48,382
147644,148036,148081,45,392
147644,148038,148083,45,394
147644,148035,148096,61,391
147644,148054,148102,48,410
147644,148055,148102,47,411
147644,148060,148107,47,416
147644,148061,148108,47,417
147644,148066,148109,43,422
147644,148070,148112,42,426
147644,148061,148113,52,417
147644,148067,148114,47,423
147644,148067,148114,47,423
147644,148068,148114,46,424
147644,148069,148115,46,425
147644,148068,148116,48,424
147644,148070,148118,48,426
147644,148069,148120,51,425
147644,148072,148120,48,428
147644,148071,148121,50,427
147644,148075,148124,49,431
147644,148082,148127,45,438
147644,148084,148132,48,440
147644,148097,148145,48,453
148153,148153,148202,49,0
165520,165521,165891,370,1
165526,165526,165901,375,0
165525,165525,165907,382,0
165528,165528,165908,380,0
165518,165518,165912,394,0
165527,165527,165914,387,0
165541,165541,165914,373,0
165533,165534,165920,386,1
165522,165522,165921,399,0
165519,165519,165926,407,0
165523,165523,165930,407,0
165530,165530,165939,409,0
165532,165532,165940,408,0
165538,165538,165942,404,0
165519,165520,165943,423,1
165531,165531,165943,412,0
165536,165536,165945,409,0
165524,165524,165946,422,0
165535,165535,165950,415,0
165539,165539,165958,419,0
165903,165903,166268,365,0
165913,165914,166273,359,1
165893,165893,166281,388,0
165923,165923,166287,364,0
165916,165916,166289,373,0
165922,165922,166297,375,0
165928,165928,166301,373,0
165910,165910,166302,392,0
165909,165909,166308,399,0
165917,165917,166308,391,0
165931,165932,166328,396,1
165940,165940,166328,388,0
165947,165947,166332,385,0
165943,165943,166341,398,0
165952,165953,166344,391,1
165942,165942,166348,406,0
165945,165945,166355,410,0
165960,165960,166366,406,0
165946,165946,166373,427,0
165948,165948,166375,427,0
166275,166275,166635,360,0
166270,166270,166660,390,0
166290,166290,166662,372,0
166282,166282,166665,383,0
166288,166288,166670,382,0
166311,166311,166681,370,0
166303,166304,166681,377,1
166299,166299,166691,392,0
166342,166342,166705,363,0
166305,166305,166705,400,0
166309,166310,166710,400,1
166330,166330,166713,383,0
166331,166331,166719,388,0
166334,166335,166728,393,1
166357,166357,166729,372,0
166350,166350,166737,387,0
166367,166368,166752,384,1
166378,166378,166763,385,0
166345,166345,166770,425,0
166374,166375,166774,399,1
166638,166638,167027,389,0
166667,166668,167037,369,1
166672,166675,167045,370,3
166664,166664,167049,385,0
166662,166663,167064,401,1
166683,166683,167066,383,0
166684,166684,167075,391,0
166707,166708,167074,366,1
166693,166693,167075,382,0
166706,166706,167086,380,0
166711,166711,167094,383,0
166715,166715,167109,394,0
166731,166731,167117,386,0
166720,166720,167121,401,0
166738,166738,167137,399,0
166730,166730,167139,409,0
166753,166754,167148,394,1
166765,166766,167149,383,1
166777,166777,167171,394,0
166772,166772,167200,428,0
167040,167040,167401,361,0
167028,167028,167428,400,0
167048,167048,167433,385,0
167051,167052,167440,388,1
167087,167087,167446,359,0
167077,167077,167449,372,0
167065,167065,167452,387,0
167076,167076,167458,382,0
167068,167068,167468,400,0
167095,167095,167469,374,0
167078,167079,167476,397,1
167110,167110,167486,376,0
167123,167123,167490,367,0
167118,167118,167502,384,0
167138,167138,167525,387,0
167151,167151,167530,379,0
167140,167140,167531,391,0
167150,167150,167536,386,0
167172,167172,167574,402,0
167202,167202,167599,397,0
167402,167402,167796,394,0
167435,167435,167816,381,0
167430,167430,167825,395,0
167442,167442,167834,392,0
167470,167470,167839,369,0
167459,167459,167839,380,0
167448,167448,167853,405,0
167471,167471,167857,386,0
167451,167451,167861,410,0
167454,167454,167862,408,0
167492,167493,167878,385,1
167489,167489,167883,394,0
167478,167478,167887,409,0
167504,167504,167890,386,0
167533,167533,167914,381,0
167527,167527,167915,388,0
167532,167532,167926,394,0
167539,167539,167940,401,0
167576,167576,167969,393,0
167601,167601,168012,411,0
167818,167818,168182,364,0
167798,167798,168194,396,0
167840,167840,168218,378,0
167841,167841,168228,387,0
167827,167827,168231,404,0
167835,167835,168233,398,0
167880,167880,168244,364,0
167865,167865,168245,380,0
167859,167859,168252,393,0
167855,167855,168253,398,0
167889,167889,168270,381,0
167886,167886,168285,399,0
167892,167892,168288,396,0
167862,167862,168294,432,0
167916,167916,168305,389,0
167917,167917,168307,390,0
167942,167942,168320,378,0
167928,167931,168333,402,3
167972,167972,168396,424,0
168014,168014,168408,394,0
168196,168196,168560,364,0
168184,168184,168571,387,0
168219,168220,168589,369,1
168229,168229,168599,370,0
168235,168235,168623,388,0
168232,168232,168630,398,0
168248,168248,168630,382,0
168246,168246,168640,394,0
168253,168254,168644,390,1
168255,168255,168645,390,0
168272,168272,168659,387,0
168287,168287,168687,400,0
168307,168307,168696,389,0
168290,168290,168696,406,0
168334,168334,168711,377,0
168309,168310,168714,404,1
168321,168321,168718,397,0
168297,168297,168766,469,0
168410,168410,168773,363,0
168398,168398,168802,404,0
168572,168573,168947,374,1
168562,168562,168960,398,0
168591,168591,168966,375,0
168601,168601,168985,384,0
168633,168633,169003,370,0
168625,168625,169016,391,0
168632,168632,169031,399,0
168648,168649,169037,388,1
168647,168647,169039,392,0
168642,168642,169040,398,0
168660,168660,169043,383,0
168689,168689,169090,401,0
168699,168699,169093,394,0
168698,168698,169107,409,0
168717,168717,169107,390,0
168712,168712,169110,398,0
168719,168719,169124,405,0
168768,168768,169176,408,0
168775,168775,169185,410,0
168805,168805,169204,399,0
168949,168949,169325,376,0
168968,168968,169361,393,0
168962,168962,169368,406,0
169005,169005,169385,380,0
168987,168988,169398,410,1
169018,169018,169413,395,0
169039,169039,169422,383,0
169033,169033,169424,391,0
169041,169041,169434,393,0
169042,169043,169439,396,1
169045,169045,169443,398,0
169126,169126,169480,354,0
169095,169095,169490,395,0
169108,169108,169491,383,0
169092,169092,169495,403,0
169109,169109,169495,386,0
169112,169112,169513,401,0
169177,169177,169572,395,0
169205,169205,169591,386,0
169187,169187,169600,413,0
169327,169327,169723,396,0
169363,169364,169742,378,1
169387,169387,169745,358,0
169370,169370,169764,394,0
169440,169440,169801,361,0
169415,169415,169804,389,0
169399,169399,169814,415,0
169424,169424,169817,393,0
169426,169426,169825,399,0
169445,169445,169837,392,0
169437,169437,169846,409,0
169482,169482,169860,378,0
169493,169493,169871,378,0
169491,169491,169889,398,0
169498,169498,169890,392,0
169496,169496,169901,405,0
169515,169515,169913,398,0
169592,169592,169977,385,0
169574,169574,169983,409,0
169601,169601,170039,438,0
169747,169747,170101,354,0
169744,169744,170127,383,0
169725,169725,170135,410,0
169766,169766,170175,409,0
169816,169816,170200,384,0
169802,169802,170203,401,0
169818,169818,170219,401,0
169805,169806,170221,415,1
169848,169849,170223,374,1
169826,169827,170227,400,1
169838,169838,170230,392,0
169862,169862,170250,388,0
169873,169873,170275,402,0
169891,169892,170286,394,1
169893,169893,170293,400,0
169903,169903,170303,400,0
169914,169914,170333,419,0
169984,169984,170370,386,0
169978,169978,170391,413,0
170041,170041,170421,380,0
170103,170103,170489,386,0
170129,170129,170515,386,0
170137,170137,170537,400,0
170202,170202,170568,366,0
170178,170178,170581,403,0
170206,170206,170594,388,0
170223,170223,170606,383,0
170226,170226,170622,396,0
170229,170229,170631,402,0
170232,170232,170632,400,0
170222,170222,170643,421,0
170251,170251,170643,392,0
170277,170277,170691,414,0
170294,170294,170693,399,0
170287,170287,170705,418,0
170305,170305,170707,402,0
170335,170335,170717,382,0
170371,170371,170780,409,0
170392,170392,170796,404,0
170422,170422,170814,392,0
170491,170491,170892,401,0
170517,170517,170913,396,0
170538,170539,170935,396,1
170570,170570,170979,409,0
170582,170583,170980,397,1
170596,170596,170986,390,0
170624,170624,170997,373,0
170608,170608,171009,401,0
170633,170633,171031,398,0
170632,170632,171032,400,0
170646,170646,171032,386,0
170645,170645,171033,388,0
170692,170692,171089,397,0
170694,170695,171098,403,1
170707,170707,171108,401,0
170719,170719,171117,398,0
170708,170709,171117,408,1
170781,170781,171180,399,0
170798,170798,171203,405,0
170817,170817,171207,390,0
170894,170894,171291,397,0
170914,170914,171303,389,0
170937,170937,171345,408,0
170983,170983,171353,370,0
170988,170988,171379,391,0
170982,170982,171379,397,0
171000,171000,171393,393,0
171010,171010,171410,400,0
171033,171033,171418,385,0
171035,171035,171432,397,0
171032,171032,171432,400,0
171036,171036,171436,400,0
171120,171120,171482,362,0
171090,171090,171486,396,0
171100,171100,171503,403,0
171118,171118,171513,395,0
171110,171110,171520,410,0
171205,171205,171576,371,0
171182,171182,171599,417,0
171208,171208,171614,406,0
171293,171293,171674,381,0
171305,171305,171690,385,0
171346,171346,171738,392,0
171355,171356,171760,404,1
171382,171382,171774,392,0
171381,171381,171780,399,0
171395,171395,171787,392,0
171420,171420,171795,375,0
171412,171412,171797,385,0
171434,171434,171826,392,0
171433,171433,171831,398,0
171439,171439,171845,406,0
171489,171489,171858,369,0
171484,171484,171883,399,0
171515,171515,171915,400,0
171506,171506,171915,409,0
171522,171522,171923,401,0
171577,171577,171945,368,0
171601,171601,172027,426,0
171615,171615,172044,429,0
171676,171676,172071,395,0
171693,171693,172072,379,0
171740,171740,172131,391,0
171762,171762,172139,377,0
171789,171789,172168,379,0
171782,171782,172180,398,0
171796,171796,172189,393,0
171799,171799,172190,391,0
171775,171775,172189,414,0
171827,171827,172226,399,0
171833,171833,172228,395,0
171846,171846,172238,392,0
171859,171859,172253,394,0
171885,171885,172278,393,0
171918,171919,172303,384,1
171925,171926,172327,401,1
171917,171917,172328,411,0
171948,171948,172340,392,0
172030,172030,172429,399,0
172046,172046,172458,412,0
172074,172074,172466,392,0
172072,172072,172468,396,0
172134,172134,172527,393,0
172141,172141,172542,401,0
172170,172170,172564,394,0
172193,172193,172586,393,0
172191,172191,172591,400,0
172181,172181,172592,411,0
172192,172192,172592,400,0
172229,172229,172622,393,0
172239,172239,172627,388,0
172228,172228,172627,399,0
172255,172255,172658,403,0
172280,172280,172681,401,0
172304,172304,172693,389,0
172330,172330,172733,403,0
172331,172331,172734,403,0
172343,172343,172748,405,0
172430,172430,172818,388,0
172470,172470,172841,371,0
172467,172468,172862,394,1
172459,172459,172872,413,0
172543,172543,172931,388,0
172528,172528,172960,432,0
172565,172565,172965,400,0
172596,172596,172980,384,0
172595,172595,172986,391,0
172587,172587,172986,399,0
172593,172593,172986,393,0
172623,172624,173020,396,1
172628,172629,173026,397,1
172629,172630,173037,407,1
172660,172660,173052,392,0
172682,172682,173072,390,0
172695,172695,173090,395,0
172735,172735,173128,393,0
172736,172736,173129,393,0
172750,172750,173151,401,0
172820,172820,173216,396,0
172843,172843,173248,405,0
172864,172864,173252,388,0
172874,172874,173275,401,0
172932,172932,173318,386,0
172962,172962,173359,397,0
172967,172968,173367,399,1
172990,172990,173381,391,0
172989,172989,173384,395,0
172987,172987,173396,409,0
172982,172982,173397,415,0
173038,173038,173402,364,0
173022,173022,173419,397,0
173028,173028,173423,395,0
173074,173074,173441,367,0
173053,173053,173462,409,0
173092,173092,173498,406,0
173130,173130,173523,393,0
173131,173131,173529,398,0
173152,173153,173549,396,1
173218,173218,173606,388,0
173250,173250,173638,388,0
173253,173253,173650,397,0
173277,173277,173674,397,0
173320,173320,173722,402,0
173360,173360,173749,389,0
173398,173398,173771,373,0
173386,173386,173773,387,0
173369,173369,173775,406,0
173382,173382,173782,400,0
173421,173421,173809,388,0
173399,173399,173813,414,0
173426,173426,173819,393,0
173443,173443,173824,381,0
173404,173404,173829,425,0
173501,173501,173887,386,0
173464,173464,173905,441,0
173525,173525,173919,394,0
173531,173531,173923,392,0
173551,173551,173951,400,0
173608,173608,174002,394,0
173640,173640,174031,391,0
173653,173653,174047,394,0
173675,173675,174106,431,0
173724,173724,174140,416,0
173751,173751,174142,391,0
173775,173775,174169,394,0
173777,173777,174170,393,0
173772,173772,174180,408,0
173784,173784,174187,403,0
173814,173814,174190,376,0
173820,173820,174198,378,0
173811,173811,174201,390,0
173826,173826,174207,381,0
173831,173831,174230,399,0
173890,173890,174288,398,0
173908,173908,174305,397,0
173925,173925,174313,388,0
173921,173921,174314,393,0
173952,173952,174342,390,0
174004,174004,174421,417,0
174032,174032,174432,400,0
174049,174049,174437,388,0
174108,174108,174514,406,0
174142,174142,174535,393,0
174144,174144,174540,396,0
174171,174171,174567,396,0
174209,174209,174568,359,0
174173,174173,174571,398,0
174189,174189,174584,395,0
174182,174182,174590,408,0
174191,174191,174597,406,0
174203,174203,174604,401,0
174199,174200,174606,406,1
174232,174232,174640,408,0
174290,174290,174698,408,0
174306,174306,174699,393,0
174317,174317,174701,384,0
174315,174316,174716,400,1
174343,174343,174742,399,0
174433,174433,174827,394,0
174422,174422,174829,407,0
174439,174439,174838,399,0
174515,174516,174907,391,1
174536,174536,174918,382,0
174542,174542,174922,380,0
174570,174570,174954,384,0
174573,174573,174972,399,0
174569,174569,174975,406,0
174586,174586,174975,389,0
174592,174592,174980,388,0
174599,174599,174987,388,0
174606,174606,174997,391,0
174608,174609,175007,398,1
174642,174642,175041,399,0
174703,174703,175088,385,0
174701,174701,175090,389,0
174699,174699,175096,397,0
174718,174718,175112,394,0
174743,174744,175141,397,1
174829,174829,175220,391,0
174830,174831,175228,397,1
174841,174841,175228,387,0
174908,174908,175283,375,0
174921,174921,175313,392,0
174923,174924,175332,408,1
174956,174956,175347,391,0
174989,174989,175351,362,0
174976,174976,175371,395,0
174974,174974,175371,397,0
174977,174977,175372,395,0
175008,175008,175378,370,0
174983,174983,175385,402,0
175000,175000,175391,391,0
175043,175043,175441,398,0
175090,175090,175473,383,0
175092,175092,175487,395,0
175097,175097,175498,401,0
175114,175114,175511,397,0
175142,175142,175540,398,0
175230,175230,175623,393,0
175222,175222,175628,406,0
175231,175231,175635,404,0
175285,175285,175675,390,0
175314,175314,175713,399,0
175334,175334,175731,397,0
175352,175352,175741,389,0
175350,175350,175741,391,0
175380,175380,175752,372,0
175373,175373,175768,395,0
175372,175372,175768,396,0
175387,175387,175786,399,0
175374,175374,175790,416,0
175393,175393,175801,408,0
175443,175443,175849,406,0
175475,175475,175873,398,0
175488,175488,175884,396,0
175499,175499,175887,388,0
175512,175512,175911,399,0
175542,175542,175929,387,0
175625,175625,176026,401,0
175630,175630,176034,404,0
175637,175637,176039,402,0
175676,175676,176055,379,0
175715,175715,176109,394,0
175733,175733,176129,396,0
175752,175752,176129,377,0
175743,175743,176136,393,0
175744,175744,176143,399,0
175770,175770,176165,395,0
175771,175771,176168,397,0
175792,175792,176182,390,0
175788,175788,176183,395,0
175802,175802,176197,395,0
175851,175851,176262,411,0
175875,175875,176281,406,0
175889,175889,176282,393,0
175885,175885,176288,403,0
175913,175913,176306,393,0
175930,175930,176316,386,0
176029,176029,176421,392,0
176036,176036,176432,396,0
176042,176042,176439,397,0
176056,176056,176459,403,0
176111,176111,176500,389,0
176131,176131,176527,396,0
176145,176145,176527,382,0
176138,176138,176540,402,0
176132,176132,176560,428,0
176185,176185,176569,384,0
176170,176170,176572,402,0
176186,176186,176579,393,0
176166,176166,176593,427,0
176200,176200,176596,396,0
176264,176264,176664,400,0
176282,176282,176679,397,0
176289,176289,176684,395,0
176283,176284,176688,404,1
176308,176308,176705,397,0
176318,176318,176717,399,0
176434,176434,176807,373,0
176423,176423,176820,397,0
176440,176440,176834,394,0
176460,176460,176861,401,0
176501,176501,176898,397,0
176528,176528,176912,384,0
176543,176543,176933,390,0
176529,176529,176939,410,0
176562,176562,176956,394,0
176581,176581,176973,392,0
176574,176574,176983,409,0
176595,176595,176982,387,0
176597,176598,176990,392,1
176572,176572,176990,418,0
176686,176686,177062,376,0
176665,176665,177079,414,0
176680,176680,177084,404,0
176690,176690,177096,406,0
176708,176708,177109,401,0
176719,176719,177123,404,0
176809,176809,177198,389,0
176823,176823,177215,392,0
176837,176837,177229,392,0
176863,176863,177268,405,0
176914,176914,177296,382,0
176900,176900,177302,402,0
176935,176936,177305,369,1
176942,176942,177340,398,0
176957,176957,177348,391,0
176985,176985,177366,381,0
176986,176986,177382,396,0
176974,176974,177384,410,0
176992,176992,177406,414,0
176993,176993,177410,417,0
177064,177064,177462,398,0
177086,177086,177475,389,0
177125,177125,177492,367,0
177098,177098,177503,405,0
177082,177082,177504,422,0
177111,177111,177504,393,0
177199,177199,177605,406,0
177216,177216,177615,399,0
177230,177230,177619,389,0
177269,177269,177649,380,0
177303,177303,177667,364,0
177298,177298,177686,388,0
177342,177342,177735,393,0
177308,177308,177735,427,0
177368,177368,177740,372,0
177350,177350,177747,397,0
177385,177386,177773,387,1
177384,177384,177790,406,0
177407,177408,177804,396,1
177411,177411,177806,395,0
177463,177463,177838,375,0
177493,177493,177884,391,0
177477,177477,177898,421,0
177506,177506,177899,393,0
177508,177508,177910,402,0
177505,177505,177931,426,0
177606,177606,177992,386,0
177617,177617,178001,384,0
177621,177621,178016,395,0
177652,177652,178059,407,0
177668,177668,178078,410,0
177687,177687,178099,412,0
177738,177738,178115,377,0
177742,177742,178131,389,0
177748,177748,178145,397,0
177737,177737,178157,420,0
177775,177775,178167,392,0
177791,177791,178192,401,0
177807,177808,178200,392,1
177806,177806,178220,414,0
177840,177840,178247,407,0
177912,177912,178284,372,0
177900,177901,178301,400,1
177899,177899,178306,407,0
177885,177885,178307,422,0
177932,177932,178329,397,0
177994,177994,178386,392,0
178003,178003,178409,406,0
178018,178018,178415,397,0
178060,178060,178460,400,0
178080,178080,178482,402,0
178101,178101,178490,389,0
178117,178117,178510,393,0
178134,178134,178529,395,0
178159,178159,178538,379,0
178146,178146,178540,394,0
178168,178169,178564,395,1
178202,178202,178593,391,0
178194,178194,178603,409,0
178222,178222,178618,396,0
178248,178248,178637,389,0
178286,178286,178687,401,0
178308,178308,178702,394,0
178302,178302,178708,406,0
178309,178309,178710,401,0
178330,178330,178730,400,0
178387,178387,178780,393,0
178411,178412,178816,404,1
178416,178416,178817,401,0
178463,178463,178873,410,0
178492,178492,178882,390,0
178483,178484,178887,403,1
178531,178531,178900,369,0
178511,178511,178907,396,0
178539,178539,178915,376,0
178542,178542,178943,401,0
178566,178566,178961,395,0
178594,178594,178994,400,0
178605,178606,179002,396,1
178621,178621,179024,403,0
178639,178639,179025,386,0
178689,178689,179080,391,0
178704,178704,179108,404,0
178711,178711,179109,398,0
178732,178732,179119,387,0
178710,178710,179136,426,0
178782,178782,179173,391,0
178818,178818,179193,375,0
178819,178819,179225,406,0
178884,178884,179271,387,0
178875,178875,179278,403,0
178917,178917,179295,378,0
178903,178903,179300,397,0
178909,178909,179301,392,0
178889,178889,179326,437,0
178945,178945,179337,392,0
178963,178963,179363,400,0
178996,178996,179394,398,0
179027,179027,179416,389,0
179004,179004,179417,413,0
179025,179025,179430,405,0
179082,179082,179473,391,0
179109,179109,179500,391,0
179111,179111,179501,390,0
179137,179137,179530,393,0
179120,179120,179537,417,0
179174,179174,179579,405,0
179195,179195,179589,394,0
179226,179226,179624,398,0
179273,179273,179663,390,0
179298,179298,179674,376,0
179280,179280,179682,402,0
179303,179303,179691,388,0
179304,179304,179698,394,0
179327,179327,179726,399,0
179339,179339,179734,395,0
179365,179365,179760,395,0
179395,179396,179794,398,1
179417,179418,179823,405,1
179419,179419,179824,405,0
179433,179433,179833,400,0
179474,179474,179869,395,0
179502,179502,179896,394,0
179503,179503,179913,410,0
179532,179532,179934,402,0
179538,179538,179954,416,0
179591,179591,179977,386,0
179581,179581,179986,405,0
179626,179626,180024,398,0
179676,179676,180047,371,0
179664,179664,180051,387,0
179683,179683,180075,392,0
179692,179692,180081,389,0
179699,179699,180109,410,0
179728,179728,180132,404,0
179737,179737,180138,401,0
179762,179762,180158,396,0
179796,179796,180196,400,0
179826,179826,180222,396,0
179834,179834,180230,396,0
179827,179827,180231,404,0
179871,179871,180271,400,0
179898,179898,180295,397,0
179936,179936,180327,391,0
179915,179915,180328,413,0
179979,179979,180364,385,0
179955,179956,180366,410,1
179987,179987,180391,404,0
180026,180026,180430,404,0
180049,180049,180441,392,0
180053,180053,180460,407,0
180082,180082,180473,391,0
180076,180076,180476,400,0
180111,180111,180506,395,0
180133,180133,180519,386,0
180140,180140,180555,415,0
180161,180161,180558,397,0
180198,180198,180592,394,0
180225,180225,180624,399,0
180234,180234,180640,406,0
180233,180233,180640,407,0
180274,180274,180664,390,0
180296,180296,180691,395,0
180331,180331,180701,370,0
180328,180328,180716,388,0
180366,180366,180764,398,0
180368,180368,180780,412,0
180393,180393,180794,401,0
180432,180432,180836,404,0
180461,180461,180851,390,0
180442,180442,180858,416,0
180479,180479,180878,399,0
180475,180475,180886,411,0
180507,180507,180907,400,0
180521,180521,180918,397,0
180556,180556,180955,399,0
180560,180560,180972,412,0
180594,180594,180981,387,0
180625,180625,181023,398,0
180641,180641,181027,386,0
180643,180643,181030,387,0
180666,180666,181068,402,0
180694,180694,181088,394,0
180703,180703,181105,402,0
180718,180718,181113,395,0
180765,180765,181160,395,0
180781,180781,181193,412,0
180796,180796,181198,402,0
180838,180838,181235,397,0
180853,180853,181250,397,0
180861,180861,181265,404,0
180879,180880,181275,395,1
180888,180888,181284,396,0
180910,180910,181307,397,0
180920,180920,181312,392,0
180975,180975,181354,379,0
180956,180956,181359,403,0
180983,180983,181376,393,0
181029,181029,181414,385,0
181031,181031,181424,393,0
181025,181025,181426,401,0
181069,181069,181473,404,0
181089,181090,181481,391,1
181107,181107,181498,391,0
181115,181115,181500,385,0
181162,181162,181570,408,0
181194,181195,181584,389,1
181200,181200,181618,418,0
181236,181236,181626,390,0
181267,181267,181655,388,0
181277,181277,181671,394,0
181285,181286,181689,403,1
181315,181315,181696,381,0
181252,181252,181699,447,0
181309,181309,181706,397,0
181356,181356,181749,393,0
181362,181362,181762,400,0
181378,181378,181778,400,0
181426,181426,181824,398,0
181415,181415,181833,418,0
181428,181428,181833,405,0
181476,181476,181872,396,0
181483,181483,181873,390,0
181502,181502,181874,372,0
181499,181499,181913,414,0
181571,181571,181968,397,0
181587,181587,181991,404,0
181628,181629,182024,395,1
181620,181620,182041,421,0
181656,181656,182067,411,0
181673,181673,182074,401,0
181691,181691,182098,407,0
181698,181698,182099,401,0
181702,181702,182099,397,0
181708,181708,182136,428,0
181750,181750,182145,395,0
181764,181764,182154,390,0
181780,181780,182191,411,0
181837,181837,182208,371,0
181826,181826,182220,394,0
181835,181835,182246,411,0
181874,181874,182273,399,0
181875,181875,182275,400,0
181876,181876,182302,426,0
181914,181914,182321,407,0
181970,181970,182358,388,0
181993,181993,182395,402,0
182025,182026,182441,415,1
182044,182044,182442,398,0
182076,182077,182475,398,1
182102,182102,182477,375,0
182069,182069,182479,410,0
182103,182103,182499,396,0
182101,182101,182502,401,0
182138,182138,182533,395,0
182155,182156,182545,389,1
182146,182146,182572,426,0
182193,182193,182587,394,0
182210,182210,182597,387,0
182222,182222,182628,406,0
182247,182247,182648,401,0
182275,182275,182671,396,0
182276,182276,182673,397,0
182304,182304,182722,418,0
182323,182323,182729,406,0
182360,182360,182762,402,0
182397,182397,182782,385,0
182479,182479,182837,358,0
182443,182443,182842,399,0
182444,182444,182846,402,0
182477,182477,182866,389,0
182480,182480,182877,397,0
182500,182500,182892,392,0
182505,182505,182909,404,0
182535,182536,182939,403,1
182547,182547,182957,410,0
182573,182573,182980,407,0
182588,182588,182986,398,0
182600,182600,183020,420,0
182630,182630,183029,399,0
182650,182650,183046,396,0
182675,182675,183069,394,0
182672,182672,183091,419,0
182724,182724,183137,413,0
182731,182731,183140,409,0
182763,182763,183158,395,0
182783,182783,183181,398,0
182848,182848,183223,375,0
182839,182839,183239,400,0
182845,182845,183243,398,0
182878,182879,183276,397,1
182911,182911,183287,376,0
182894,182894,183293,399,0
182868,182868,183323,455,0
182941,182941,183343,402,0
182958,182958,183379,421,0
182988,182988,183380,392,0
182981,182981,183408,427,0
183023,183023,183413,390,0
183032,183032,183448,416,0
183071,183072,183458,386,1
183047,183047,183468,421,0
183092,183092,183469,377,0
183138,183138,183525,387,0
183142,183142,183540,398,0
183160,183161,183570,409,1
183182,183183,183581,398,1
183225,183225,183603,378,0
183241,183242,183631,389,1
183245,183245,183644,399,0
183278,183278,183675,397,0
183289,183289,183692,403,0
183296,183296,183709,413,0
183325,183325,183741,416,0
183345,183345,183755,410,0
183380,183380,183784,404,0
183382,183382,183796,414,0
183410,183410,183808,398,0
183416,183416,183808,392,0
183449,183449,183837,388,0
183459,183459,183846,387,0
183470,183470,183874,404,0
183472,183472,183892,420,0
183527,183527,183944,417,0
183542,183542,183947,405,0
183583,183583,183976,393,0
183572,183572,183984,412,0
183632,183632,184008,376,0
183646,183646,184039,393,0
183605,183605,184043,438,0
183676,183676,184077,401,0
183694,183694,184102,408,0
183711,183711,184114,403,0
183743,183743,184154,411,0
183757,183757,184174,417,0
183786,183786,184179,393,0
183811,183811,184190,379,0
183810,183810,184200,390,0
183798,183799,184207,408,1
183848,183848,184240,392,0
183839,183839,184241,402,0
183876,183876,184280,404,0
183894,183894,184292,398,0
183949,183949,184344,395,0
183946,183946,184351,405,0
183978,183978,184372,394,0
183985,183985,184394,409,0
184010,184011,184427,416,1
184041,184041,184444,403,0
184046,184046,184481,435,0
184079,184079,184480,401,0
184104,184104,184487,383,0
184116,184116,184508,392,0
184181,184181,184545,364,0
184156,184156,184550,394,0
184176,184176,184570,394,0
184192,184192,184583,391,0
184202,184202,184610,408,0
184210,184210,184627,417,0
184241,184241,184629,388,0
184243,184243,184647,404,0
184282,184282,184691,409,0
184295,184295,184696,401,0
184353,184353,184750,397,0
184345,184345,184752,407,0
184375,184375,184793,418,0
184397,184397,184800,403,0
184429,184429,184840,411,0
184445,184445,184861,416,0
184510,184510,184875,365,0
184482,184482,184887,405,0
184483,184483,184894,411,0
184489,184489,184912,423,0
184546,184546,184942,396,0
184551,184551,184950,399,0
184572,184572,184981,409,0
184584,184584,184988,404,0
184612,184612,185005,393,0
184630,184631,185047,416,1
184648,184648,185049,401,0
184629,184629,185050,421,0
184697,184697,185098,401,0
184693,184693,185105,412,0
184754,184754,185157,403,0
184753,184753,185159,406,0
184802,184802,185186,384,0
184794,184794,185204,410,0
184862,184862,185226,364,0
184841,184841,185246,405,0
184876,184876,185280,404,0
184896,184896,185295,399,0
184890,184890,185315,425,0
184914,184914,185326,412,0
184951,184951,185346,395,0
184944,184944,185348,404,0
184983,184983,185372,389,0
184989,184989,185382,393,0
185007,185007,185407,400,0
185049,185049,185448,399,0
185051,185051,185449,398,0
185052,185052,185470,418,0
185100,185100,185494,394,0
185106,185106,185524,418,0
185161,185161,185559,398,0
185159,185159,185564,405,0
185187,185187,185593,406,0
185206,185206,185632,426,0
185227,185227,185635,408,0
185248,185248,185646,398,0
185282,185282,185678,396,0
185297,185297,185694,397,0
185316,185316,185726,410,0
185328,185328,185728,400,0
185349,185349,185752,403,0
185348,185348,185764,416,0
185375,185375,185779,404,0
185409,185410,185806,396,1
185384,185384,185808,424,0
185451,185451,185844,393,0
185450,185450,185853,403,0
185472,185472,185864,392,0
185495,185495,185899,404,0
185526,185526,185928,402,0
185561,185561,185959,398,0
185566,185566,185971,405,0
185596,185596,186012,416,0
185634,185634,186027,393,0
185637,185637,186031,394,0
185648,185648,186050,402,0
185680,185680,186078,398,0
185696,185696,186095,399,0
185729,185730,186132,402,1
185728,185728,186133,405,0
185755,185755,186158,403,0
185765,185765,186189,424,0
185781,185782,186192,410,1
185808,185808,186205,397,0
185810,185811,186221,410,1
185855,185855,186252,397,0
185865,185865,186257,392,0
185847,185847,186262,415,0
185901,185902,186268,366,1
185930,185930,186326,396,0
185961,185961,186354,393,0
185973,185973,186377,404,0
186013,186014,186432,418,1
186033,186033,186442,409,0
186030,186030,186456,426,0
186053,186053,186464,411,0
186079,186080,186477,397,1
186098,186098,186504,406,0
186134,186134,186531,397,0
186135,186135,186535,400,0
186161,186161,186567,406,0
186194,186194,186608,414,0
186192,186192,186608,416,0
186208,186208,186612,404,0
186223,186223,186613,390,0
186264,186264,186630,366,0
186254,186254,186650,396,0
186258,186258,186656,398,0
186270,186270,186677,407,0
186328,186328,186729,401,0
186356,186356,186757,401,0
186379,186379,186805,426,0
186444,186444,186825,381,0
186465,186465,186838,373,0
186434,186434,186871,437,0
186457,186457,186872,415,0
186478,186478,186874,396,0
186506,186506,186903,397,0
186533,186533,186932,399,0
186536,186536,186952,416,0
186569,186569,186970,401,0
186609,186609,187005,396,0
186611,186611,187011,400,0
186614,186614,187012,398,0
186632,186632,187032,400,0
186616,186616,187032,416,0
186652,186652,187059,407,0
186658,186658,187070,412,0
186679,186679,187073,394,0
186731,186731,187129,398,0
186759,186759,187159,400,0
186807,186807,187204,397,0
186827,186827,187217,390,0
186839,186839,187258,419,0
186872,186873,187271,398,1
186876,186876,187273,397,0
186874,186874,187281,407,0
186905,186905,187304,399,0
186933,186933,187353,420,0
186972,186972,187368,396,0
186954,186954,187385,431,0
187007,187007,187408,401,0
187014,187014,187424,410,0
187013,187013,187432,419,0
187033,187033,187432,399,0
187034,187034,187462,428,0
187076,187076,187463,387,0
187061,187061,187486,425,0
187072,187073,187495,422,1
187131,187131,187531,400,0
187161,187161,187576,415,0
187219,187219,187590,371,0
187206,187206,187599,393,0
187259,187259,187656,397,0
187284,187284,187661,377,0
187276,187276,187662,386,0
187273,187273,187691,418,0
187306,187306,187712,406,0
187355,187355,187769,414,0
187369,187369,187778,409,0
187387,187387,187804,417,0
187410,187410,187809,399,0
187426,187426,187828,402,0
187435,187436,187838,402,1
187434,187434,187843,409,0
187463,187463,187875,412,0
187465,187465,187883,418,0
187497,187497,187895,398,0
187488,187488,187900,412,0
187533,187533,187952,419,0
187578,187578,187952,374,0
187601,187601,187998,397,0
187592,187592,188018,426,0
187662,187663,188038,375,1
187658,187658,188079,421,0
187693,187693,188087,394,0
187664,187664,188093,429,0
187715,187715,188138,423,0
187779,187779,188182,403,0
187771,187771,188185,414,0
187811,187811,188191,380,0
187806,187806,188206,400,0
187840,187840,188242,402,0
187829,187829,188249,420,0
187844,187844,188252,408,0
187877,187877,188281,404,0
187896,187896,188289,393,0
187885,187885,188297,412,0
187902,187902,188308,406,0
187954,187954,188331,377,0
187955,187955,188358,403,0
187999,187999,188402,403,0
188021,188021,188413,392,0
188041,188041,188457,416,0
188080,188080,188481,401,0
188088,188088,188498,410,0
188095,188096,188500,404,1
188139,188139,188532,393,0
188184,188184,188587,403,0
188208,188208,188592,384,0
188193,188193,188595,402,0
188187,188187,188615,428,0
188251,188251,188651,400,0
188244,188244,188660,416,0
188283,188283,188662,379,0
188254,188254,188671,417,0
188291,188291,188673,382,0
188310,188310,188711,401,0
188298,188298,188720,422,0
188332,188333,188734,401,1
188359,188359,188765,406,0
188416,188416,188812,396,0
188403,188403,188813,410,0
188459,188459,188877,418,0
188483,188483,188888,405,0
188500,188500,188896,396,0
188502,188502,188899,397,0
188534,188534,188941,407,0
188589,188590,188987,397,1
188594,188594,189002,408,0
188616,188616,189014,398,0
188597,188597,189033,436,0
188652,188653,189041,388,1
188673,188673,189046,373,0
188675,188675,189053,378,0
188662,188662,189068,406,0
188664,188664,189069,405,0
188713,188713,189107,394,0
188722,188722,189111,389,0
188736,188736,189132,396,0
188767,188767,189162,395,0
188815,188815,189208,393,0
188814,188814,189218,404,0
188890,188890,189276,386,0
188898,188898,189293,395,0
188901,188901,189302,401,0
188879,188879,189326,447,0
188943,188943,189343,400,0
188988,188988,189377,389,0
189003,189003,189393,390,0
189043,189043,189408,365,0
189016,189016,189409,393,0
189035,189035,189437,402,0
189056,189056,189449,393,0
189048,189048,189465,417,0
189070,189070,189471,401,0
189071,189071,189489,418,0
189113,189113,189504,391,0
189109,189109,189525,416,0
189134,189134,189531,397,0
189165,189165,189559,394,0
189210,189210,189604,394,0
189220,189220,189631,411,0
189278,189278,189682,404,0
189304,189304,189721,417,0
189327,189327,189732,405,0
189345,189345,189734,389,0
189295,189295,189737,442,0
189379,189379,189788,409,0
189395,189395,189796,401,0
189410,189410,189821,411,0
189411,189411,189828,417,0
189438,189438,189836,398,0
189467,189467,189847,380,0
189452,189453,189853,400,1
189474,189474,189878,404,0
189505,189505,189891,386,0
189491,189491,189904,413,0
189526,189526,189924,398,0
189561,189561,189955,394,0
189533,189533,189957,424,0
189607,189607,189993,386,0
189634,189634,190030,396,0
189683,189683,190103,420,0
189723,189723,190113,390,0
189735,189735,190135,400,0
189739,189739,190136,397,0
189733,189733,190152,419,0
189790,189790,190176,386,0
189798,189798,190203,405,0
189829,189829,190212,383,0
189822,189822,190217,395,0
189855,189856,190225,369,1
189838,189839,190246,407,1
189849,189849,190267,418,0
189881,189881,190281,400,0
189893,189893,190285,392,0
189906,189906,190308,402,0
189926,189926,190327,401,0
189958,189958,190361,403,0
189957,189957,190372,415,0
189995,189995,190405,410,0
190032,190032,190449,417,0
190105,190105,190498,393,0
190115,190115,190504,389,0
190136,190136,190510,374,0
190137,190137,190519,382,0
190154,190154,190567,413,0
190204,190204,190593,389,0
190178,190178,190597,419,0
190227,190227,190615,388,0
190214,190214,190629,415,0
190249,190249,190634,385,0
190218,190218,190639,421,0
190287,190287,190672,385,0
190268,190268,190676,408,0
190282,190282,190686,404,0
190310,190310,190711,401,0
190329,190329,190725,396,0
190363,190363,190764,401,0
190373,190373,190775,402,0
190406,190406,190820,414,0
190452,190452,190848,396,0
190500,190500,190881,381,0
190506,190506,190918,412,0
190513,190513,190920,407,0
190521,190521,190946,425,0
190569,190569,190975,406,0
190616,190617,190992,375,1
190599,190599,190997,398,0
190594,190594,190998,404,0
190641,190641,191040,399,0
190635,190635,191054,419,0
190678,190679,191069,390,1
190688,190688,191083,395,0
190674,190674,191083,409,0
190713,190714,191129,415,1
190631,190631,191130,499,0
190726,190726,191137,411,0
190765,190766,191142,376,1
190776,190776,191208,432,0
190822,190822,191219,397,0
190851,190851,191265,414,0
190883,190883,191285,402,0
190921,190921,191308,387,0
190920,190920,191350,430,0
190948,190948,191354,406,0
191000,191000,191378,378,0
190994,190994,191384,390,0
190977,190977,191393,416,0
190999,190999,191409,410,0
191043,191043,191447,404,0
191056,191056,191449,393,0
191071,191071,191458,387,0
191085,191085,191477,392,0
191086,191086,191483,397,0
191130,191130,191508,378,0
191143,191143,191534,391,0
191139,191139,191552,413,0
191131,191132,191563,431,1
191209,191209,191597,388,0
191221,191221,191617,396,0
191266,191266,191661,395,0
191288,191288,191687,399,0
191309,191310,191721,411,1
191352,191352,191733,381,0
191357,191357,191769,412,0
191387,191388,191771,383,1
191381,191381,191791,410,0
191395,191395,191802,407,0
191411,191411,191817,406,0
191460,191460,191841,381,0
191452,191452,191844,392,0
191448,191448,191856,408,0
191486,191486,191873,387,0
191480,191480,191885,405,0
191509,191509,191909,400,0
191537,191537,191947,410,0
191554,191555,191954,399,1
191565,191565,191990,425,0
191600,191600,192013,413,0
191619,191619,192066,447,0
191688,191688,192073,385,0
191664,191664,192075,411,0
191724,191724,192121,397,0
191734,191734,192150,416,0
191773,191773,192156,383,0
191772,191772,192176,404,0
191804,191804,192202,398,0
191793,191793,192202,409,0
191818,191818,192226,408,0
191842,191842,192233,391,0
191846,191846,192249,403,0
191859,191859,192251,392,0
191875,191875,192298,423,0
191910,191910,192300,390,0
191886,191886,192301,415,0
191949,191949,192359,410,0
191955,191955,192362,407,0
191991,191991,192408,417,0
192015,192015,192433,418,0
192068,192068,192441,373,0
192075,192075,192485,410,0
192122,192122,192485,363,0
192077,192077,192490,413,0
192152,192152,192553,401,0
192158,192158,192561,403,0
192205,192205,192584,379,0
192177,192178,192589,411,1
192227,192227,192602,375,0
192204,192204,192624,420,0
192235,192235,192641,406,0
192250,192250,192649,399,0
192253,192253,192687,434,0
192302,192302,192700,398,0
192304,192304,192710,406,0
192300,192300,192711,411,0
192365,192365,192763,398,0
192360,192360,192764,404,0
192411,192411,192807,396,0
192435,192435,192827,392,0
192442,192442,192851,409,0
192487,192487,192873,386,0
192491,192491,192874,383,0
192486,192486,192924,438,0
192586,192586,192951,365,0
192555,192555,192962,407,0
192562,192562,192982,420,0
192591,192592,192999,407,1
192604,192604,193025,421,0
192626,192626,193032,406,0
192650,192650,193045,395,0
192643,192643,193047,404,0
192689,192689,193072,383,0
192702,192702,193099,397,0
192714,192714,193112,398,0
192712,192712,193118,406,0
192765,192765,193163,398,0
192766,192767,193171,404,1
192829,192829,193210,381,0
192809,192809,193236,427,0
192875,192875,193278,403,0
192853,192853,193279,426,0
192877,192877,193281,404,0
192926,192926,193348,422,0
192964,192964,193365,401,0
192953,192953,193369,416,0
193000,193000,193386,386,0
193049,193049,193430,381,0
192984,192984,193435,451,0
193034,193034,193440,406,0
193046,193047,193450,403,1
193027,193027,193451,424,0
193074,193074,193472,398,0
193101,193101,193512,411,0
193121,193121,193522,401,0
193114,193114,193527,413,0
193165,193165,193538,373,0
193173,193173,193576,403,0
193211,193211,193606,395,0
193239,193239,193660,421,0
193280,193280,193685,405,0
193279,193279,193693,414,0
193283,193283,193710,427,0
193350,193350,193772,422,0
193371,193371,193784,413,0
193367,193367,193803,436,0
193388,193388,193805,417,0
193436,193436,193832,396,0
193442,193442,193841,399,0
193432,193432,193845,413,0
193454,193454,193852,398,0
193453,193453,193857,404,0
193474,193474,193872,398,0
193523,193523,193895,372,0
193514,193514,193909,395,0
193540,193540,193939,399,0
193528,193528,193945,417,0
193578,193578,193960,382,0
193608,193608,194007,399,0
193687,193687,194087,400,0
193695,193695,194089,394,0
193712,193712,194105,393,0
193662,193662,194135,473,0
193786,193786,194191,405,0
193805,193805,194196,391,0
193774,193774,194200,426,0
193807,193807,194201,394,0
193834,193834,194224,390,0
193847,193847,194232,385,0
193855,193855,194243,388,0
193842,193842,194246,404,0
193859,193859,194263,404,0
193874,193874,194266,392,0
193897,193897,194299,402,0
193911,193911,194314,403,0
193941,193941,194352,411,0
193947,193947,194356,409,0
193963,193963,194371,408,0
194009,194010,194406,396,1
194106,194106,194484,378,0
194089,194089,194486,397,0
194091,194091,194503,412,0
194137,194138,194543,405,1
194193,194193,194589,396,0
194198,194198,194600,402,0
194203,194203,194604,401,0
194202,194202,194607,405,0
194226,194226,194618,392,0
194234,194234,194641,407,0
194248,194248,194651,403,0
194245,194245,194671,426,0
194268,194268,194690,422,0
194266,194266,194692,426,0
194301,194302,194714,412,1
194315,194315,194720,405,0
194358,194358,194745,387,0
194373,194374,194764,390,1
194354,194354,194767,413,0
194408,194408,194816,408,0
194488,194488,194888,400,0
194486,194486,194911,425,0
194504,194504,194918,414,0
194545,194545,194946,401,0
194601,194601,194981,380,0
194591,194591,195001,410,0
194606,194606,195005,399,0
194608,194608,195005,397,0
194642,194642,195055,413,0
194620,194620,195056,436,0
194654,194654,195072,418,0
194674,194674,195072,398,0
194694,194694,195087,393,0
194692,194692,195115,423,0
194722,194722,195114,392,0
194716,194716,195132,416,0
194746,194746,195152,406,0
194766,194766,195166,400,0
194769,194769,195206,437,0
194817,194817,195215,398,0
194890,194890,195292,402,0
194919,194919,195322,403,0
194913,194913,195344,431,0
194948,194948,195348,400,0
194983,194985,195410,425,2
195008,195008,195419,411,0
195003,195003,195420,417,0
195006,195007,195443,436,1
195058,195058,195474,416,0
195074,195074,195479,405,0
195056,195056,195479,423,0
195089,195089,195489,400,0
195075,195075,195491,416,0
195134,195134,195528,394,0
195117,195117,195530,413,0
195116,195116,195533,417,0
195167,195168,195554,386,1
195153,195154,195569,415,1
195208,195208,195617,409,0
195216,195216,195628,412,0
195294,195294,195684,390,0
195323,195323,195719,396,0
195345,195345,195731,386,0
195350,195350,195743,393,0
195421,195421,195816,395,0
195413,195413,195835,422,0
195422,195422,195846,424,0
195445,195445,195855,410,0
195477,195477,195869,392,0
195480,195480,195872,392,0
195492,195492,195883,391,0
195481,195481,195892,411,0
195491,195491,195908,417,0
195534,195534,195925,391,0
195532,195532,195934,402,0
195530,195530,195944,414,0
195570,195570,195963,393,0
195555,195555,195974,419,0
195619,195619,196023,404,0
195631,195631,196035,404,0
195686,195686,196115,429,0
195720,195720,196135,415,0
195733,195733,196140,407,0
195745,195745,196151,406,0
195818,195818,196219,401,0
195837,195837,196227,390,0
195847,195847,196248,401,0
195857,195857,196259,402,0
195874,195874,196274,400,0
195885,195885,196286,401,0
195936,195936,196300,364,0
195871,195871,196302,431,0
195909,195909,196304,395,0
195893,195893,196314,421,0
195927,195927,196333,406,0
195946,195946,196338,392,0
195965,195965,196361,396,0
195977,195977,196392,415,0
196025,196025,196431,406,0
196036,196037,196455,418,1
196116,196116,196491,375,0
196142,196142,196565,423,0
196153,196153,196571,418,0
196137,196137,196586,449,0
196229,196230,196621,391,1
196220,196220,196630,410,0
196261,196261,196659,398,0
196249,196249,196661,412,0
196276,196276,196670,394,0
196289,196289,196695,406,0
196305,196305,196697,392,0
196304,196304,196698,394,0
196316,196316,196718,402,0
196334,196335,196725,390,1
196301,196301,196735,434,0
196340,196340,196738,398,0
196364,196364,196784,420,0
196394,196394,196803,409,0
196433,196433,196833,400,0
196457,196457,196852,395,0
196493,196493,196906,413,0
196572,196572,196972,400,0
196566,196566,196983,417,0
196587,196587,196992,405,0
196632,196632,197040,408,0
196624,196624,197043,419,0
196673,196673,197064,391,0
196661,196661,197074,413,0
196663,196663,197082,419,0
196696,196696,197090,394,0
196701,196701,197098,397,0
196719,196719,197101,382,0
196699,196699,197118,419,0
196727,196727,197141,414,0
196737,196738,197148,410,1
196740,196740,197156,416,0
196785,196785,197163,378,0
196805,196805,197218,413,0
196834,196834,197235,401,0
196854,196854,197246,392,0
196908,196908,197308,400,0
196994,196994,197367,373,0
196974,196974,197391,417,0
196985,196985,197401,416,0
197042,197042,197447,405,0
197046,197046,197460,414,0
197067,197067,197466,399,0
197083,197083,197467,384,0
197075,197075,197475,400,0
197091,197091,197488,397,0
197102,197102,197495,393,0
197101,197101,197501,400,0
197120,197120,197503,383,0
197143,197144,197539,395,1
197149,197149,197550,401,0
197165,197165,197565,400,0
197158,197158,197576,418,0
197220,197220,197635,415,0
197237,197237,197641,404,0
197248,197248,197645,397,0
197310,197310,197710,400,0
197392,197392,197796,404,0
197369,197369,197804,435,0
197403,197403,197826,423,0
197449,197449,197849,400,0
197463,197463,197869,406,0
197491,197491,197872,381,0
197477,197477,197881,404,0
197470,197470,197882,412,0
197467,197467,197887,420,0
197497,197497,197900,403,0
197504,197504,197904,400,0
197505,197505,197914,409,0
197540,197540,197930,390,0
197567,197567,197968,401,0
197577,197578,197983,405,1
197552,197552,197996,444,0
197643,197643,198048,405,0
197648,197648,198057,409,0
197637,197637,198061,424,0
197713,197713,198135,422,0
197807,197807,198205,398,0
197797,197798,198217,419,1
197851,197851,198225,374,0
197828,197828,198234,406,0
197884,197884,198259,375,0
197870,197870,198261,391,0
197874,197874,198275,401,0
197889,197889,198280,391,0
197907,197907,198302,395,0
197916,197916,198304,388,0
197883,197883,198306,423,0
197902,197902,198324,422,0
197931,197931,198343,412,0
197986,197986,198381,395,0
197970,197970,198400,430,0
197997,197997,198413,416,0
198050,198051,198441,390,1
198063,198063,198455,392,0
198059,198059,198477,418,0
198136,198136,198545,409,0
198208,198208,198601,393,0
198218,198218,198611,393,0
198237,198237,198636,399,0
198226,198226,198640,414,0
198261,198261,198669,408,0
198277,198277,198689,412,0
198281,198281,198690,409,0
198262,198262,198692,430,0
198303,198303,198694,391,0
198308,198308,198700,392,0
198305,198305,198729,424,0
198327,198327,198737,410,0
198345,198345,198768,423,0
198382,198382,198778,396,0
198402,198402,198816,414,0
198443,198443,198834,391,0
198415,198415,198838,423,0
198457,198457,198851,394,0
198479,198479,198882,403,0
198547,198548,198979,431,1
198613,198613,199012,399,0
198603,198603,199040,437,0
198637,198637,199045,408,0
198641,198641,199049,408,0
198697,198697,199071,374,0
198671,198671,199079,408,0
198703,198703,199093,390,0
198694,198694,199098,404,0
198692,198692,199121,429,0
198691,198691,199125,434,0
198730,198732,199161,429,2
198770,198770,199163,393,0
198740,198740,199170,430,0
198780,198780,199197,417,0
198819,198819,199210,391,0
198836,198836,199241,405,0
198840,198840,199259,419,0
198854,198854,199267,413,0
198884,198884,199290,406,0
198981,198981,199397,416,0
199013,199013,199408,395,0
199041,199041,199447,406,0
199051,199051,199460,409,0
199047,199047,199468,421,0
199074,199074,199480,406,0
199095,199095,199485,390,0
199081,199081,199488,407,0
199100,199100,199496,396,0
199124,199124,199529,405,0
199126,199126,199548,422,0
199172,199172,199564,392,0
199165,199165,199576,411,0
199163,199163,199582,419,0
199199,199199,199600,401,0
199242,199242,199627,385,0
199211,199211,199630,419,0
199261,199261,199653,392,0
199269,199269,199685,416,0
199291,199291,199687,396,0
199410,199410,199801,391,0
199399,199399,199805,406,0
199461,199461,199846,385,0
199449,199449,199857,408,0
199483,199484,199857,373,1
199470,199470,199871,401,0
199498,199498,199886,388,0
199486,199486,199900,414,0
199490,199490,199906,416,0
199531,199531,199934,403,0
199550,199550,199958,408,0
199566,199566,199968,402,0
199601,199601,199997,396,0
199584,199584,199999,415,0
199578,199578,200001,423,0
199629,199629,200027,398,0
199632,199633,200031,398,1
199654,199654,200072,418,0
199689,199689,200078,389,0
199687,199687,200095,408,0
199807,199807,200207,400,0
199803,199803,200217,414,0
199859,199859,200266,407,0
199847,199848,200268,420,1
199860,199860,200272,412,0
199872,199872,200289,417,0
199888,199888,200290,402,0
199902,199902,200320,418,0
199936,199936,200333,397,0
199909,199909,200340,431,0
199959,199959,200365,406,0
199969,199969,200379,410,0
199999,199999,200394,395,0
200003,200003,200415,412,0
200033,200033,200431,398,0
200028,200028,200435,407,0
200000,200001,200437,436,1
200075,200075,200462,387,0
200079,200079,200485,406,0
200096,200096,200498,402,0
200209,200209,200575,366,0
200220,200220,200620,400,0
200271,200271,200670,399,0
200293,200293,200689,396,0
200267,200267,200697,430,0
200292,200292,200701,409,0
200274,200274,200702,428,0
200335,200335,200728,393,0
200322,200322,200730,408,0
200367,200367,200764,397,0
200342,200342,200771,429,0
200395,200395,200794,399,0
200381,200381,200797,416,0
200433,200433,200816,383,0
200416,200416,200827,411,0
200437,200437,200844,407,0
200439,200439,200858,419,0
200464,200464,200875,411,0
200486,200486,200878,392,0
200500,200500,200890,390,0
200576,200576,200994,418,0
200622,200622,201037,415,0
200698,200698,201080,382,0
200691,200691,201084,393,0
200672,200672,201084,412,0
200704,200705,201103,398,1
200703,200703,201115,412,0
200731,200731,201150,419,0
200730,200730,201158,428,0
200765,200765,201170,405,0
200798,200799,201176,377,1
200773,200773,201190,417,0
200795,200795,201217,422,0
200818,200818,201218,400,0
200829,200829,201240,411,0
200880,200880,201277,397,0
200860,200860,201277,417,0
200876,200876,201286,410,0
200892,200893,201288,395,1
200846,200846,201325,479,0
200997,200997,201401,404,0
201039,201039,201447,408,0
201085,201085,201469,384,0
201083,201083,201482,399,0
201117,201117,201490,373,0
201086,201086,201512,426,0
201105,201105,201514,409,0
201160,201160,201532,372,0
201152,201152,201561,409,0
201171,201171,201570,399,0
201177,201177,201596,419,0
201191,201191,201628,437,0
201219,201219,201628,409,0
201220,201220,201652,432,0
201241,201241,201652,411,0
201278,201278,201684,406,0
201291,201291,201697,406,0
201279,201279,201704,425,0
201289,201289,201714,425,0
201327,201327,201735,408,0
201403,201404,201825,421,1
201448,201449,201846,397,1
201483,201483,201859,376,0
201471,201471,201878,407,0
201516,201516,201903,387,0
201514,201514,201908,394,0
201492,201492,201917,425,0
201563,201563,201953,390,0
201572,201572,201964,392,0
201534,201534,202004,470,0
201629,201629,202007,378,0
201598,201598,202017,419,0
201630,201630,202041,411,0
201656,201656,202052,396,0
201655,201655,202090,435,0
201685,201685,202099,414,0
201699,201699,202123,424,0
201736,201736,202142,406,0
201705,201705,202144,439,0
201717,201717,202159,442,0
201827,201828,202241,413,1
201848,201849,202242,393,1
201861,201861,202274,413,0
201909,201909,202278,369,0
201880,201880,202280,400,0
201905,201905,202311,406,0
201918,201918,202324,406,0
201955,201955,202352,397,0
201966,201966,202357,391,0
202006,202006,202404,398,0
202009,202009,202426,417,0
202043,202043,202429,386,0
202020,202020,202432,412,0
202054,202054,202458,404,0
202092,202092,202494,402,0
202101,202101,202496,395,0
202125,202125,202531,406,0
202144,202144,202542,398,0
202145,202145,202545,400,0
202161,202161,202578,417,0
202243,202243,202637,394,0
202244,202244,202649,405,0
202280,202280,202679,399,0
202276,202276,202680,404,0
202313,202313,202707,394,0
202281,202281,202709,428,0
202326,202326,202725,399,0
202358,202358,202761,403,0
202353,202354,202780,426,1
202407,202407,202801,394,0
202429,202429,202813,384,0
202433,202434,202825,391,1
202431,202431,202835,404,0
202460,202460,202879,419,0
202496,202496,202900,404,0
202497,202497,202904,407,0
202533,202533,202939,406,0
202547,202547,202944,397,0
202544,202544,202961,417,0
202580,202580,202962,382,0
202639,202639,203026,387,0
202652,202652,203078,426,0
202682,202682,203079,397,0
202709,202709,203107,398,0
202681,202681,203107,426,0
202728,202728,203118,390,0
202710,202710,203147,437,0
202763,202764,203158,394,1
202782,202782,203175,393,0
202815,202815,203215,400,0
202803,202803,203216,413,0
202826,202826,203223,397,0
202837,202837,203223,386,0
202881,202881,203293,412,0
202902,202902,203297,395,0
202907,202907,203297,390,0
202941,202941,203331,390,0
202945,202945,203350,405,0
202963,202963,203359,396,0
202965,202965,203370,405,0
203027,203028,203427,399,1
203079,203080,203492,412,1
203081,203081,203497,416,0
203109,203109,203510,401,0
203110,203110,203517,407,0
203149,203149,203546,397,0
203120,203120,203549,429,0
203160,203160,203562,402,0
203177,203177,203603,426,0
203217,203217,203613,396,0
203226,203226,203633,407,0
203225,203225,203636,411,0
203219,203219,203643,424,0
203296,203296,203681,385,0
203299,203300,203708,408,1
203301,203301,203718,417,0
203333,203333,203730,397,0
203352,203352,203745,393,0
203360,203360,203761,401,0
203371,203371,203770,399,0
203429,203429,203838,409,0
203500,203500,203893,393,0
203512,203512,203915,403,0
203519,203519,203919,400,0
203494,203494,203919,425,0
203551,203551,203951,400,0
203564,203564,203952,388,0
203548,203548,203986,438,0
203604,203604,203987,383,0
203615,203615,204012,397,0
203638,203638,204031,393,0
203645,203645,204042,397,0
203635,203635,204053,418,0
203683,203683,204084,401,0
203720,203720,204127,407,0
203711,203711,204130,419,0
203747,203747,204144,397,0
203732,203732,204146,414,0
203763,203763,204178,415,0
203773,203773,204188,415,0
203840,203840,204257,417,0
203894,203894,204291,397,0
203916,203916,204311,395,0
203922,203922,204321,399,0
203921,203921,204346,425,0
203953,203953,204349,396,0
203954,203954,204377,423,0
203989,203989,204407,418,0
203988,203988,204410,422,0
204014,204014,204424,410,0
204032,204032,204425,393,0
204043,204043,204443,400,0
204054,204054,204468,414,0
204086,204086,204480,394,0
204132,204132,204532,400,0
204145,204145,204539,394,0
204129,204129,204541,412,0
204149,204149,204553,404,0
204180,204180,204589,409,0
204191,204191,204594,403,0
204260,204260,204673,413,0
204293,204293,204676,383,0
204313,204313,204695,382,0
204323,204323,204726,403,0
204349,204349,204759,410,0
204380,204380,204773,393,0
204351,204351,204777,426,0
204409,204409,204811,402,0
204411,204411,204824,413,0
204427,204427,204829,402,0
204445,204445,204837,392,0
204426,204426,204856,430,0
204482,204482,204888,406,0
204469,204469,204896,427,0
204543,204543,204940,397,0
204540,204541,204952,411,1
204533,204533,204960,427,0
204556,204556,204965,409,0
204596,204596,204981,385,0
204591,204591,204999,408,0
204675,204675,205081,406,0
204697,204697,205093,396,0
204678,204678,205107,429,0
204728,204728,205143,415,0
204760,204760,205187,427,0
204775,204775,205189,414,0
204779,204779,205199,420,0
204813,204813,205219,406,0
204830,204830,205231,401,0
204826,204827,205233,406,1
204838,204838,205244,406,0
204858,204858,205262,404,0
204889,204889,205281,392,0
204898,204898,205313,415,0
204942,204942,205341,399,0
204953,204953,205347,394,0
204963,204963,205365,402,0
204967,204967,205389,422,0
205001,205001,205396,395,0
204982,204982,205401,419,0
205083,205083,205478,395,0
205096,205096,205508,412,0
205109,205109,205533,424,0
205145,205145,205564,419,0
205190,205191,205590,399,1
205189,205189,205611,422,0
205201,205201,205614,413,0
205221,205221,205624,403,0
205247,205247,205628,381,0
205235,205235,205629,394,0
205232,205233,205645,412,1
205264,205264,205675,411,0
205282,205282,205690,408,0
205314,205314,205706,392,0
205349,205349,205731,382,0
205367,205367,205762,395,0
205343,205343,205771,428,0
205398,205398,205786,388,0
205391,205392,205786,394,1
205402,205402,205818,416,0
205509,205510,205885,375,1
205479,205479,205886,407,0
205535,205535,205930,395,0
205565,205565,205969,404,0
205591,205591,206007,416,0
205616,205616,206022,406,0
205613,205613,206023,410,0
205630,205630,206027,397,0
205626,205626,206037,411,0
205631,205631,206046,415,0
205646,205646,206050,404,0
205677,205677,206100,423,0
205692,205692,206102,410,0
205707,205707,206103,396,0
205733,205733,206120,387,0
205764,205764,206158,394,0
205773,205773,206177,404,0
205787,205787,206184,397,0
205789,205789,206184,395,0
205820,205820,206220,400,0
205888,205888,206300,412,0
205887,205887,206329,442,0
205932,205932,206371,439,0
205972,205972,206384,412,0
206048,206048,206422,374,0
206010,206010,206424,414,0
206024,206024,206425,401,0
206025,206025,206428,403,0
206029,206029,206438,409,0
206038,206038,206451,413,0
206051,206051,206457,406,0
206103,206103,206489,386,0
206105,206105,206517,412,0
206102,206102,206518,416,0
206122,206122,206530,408,0
206186,206186,206582,396,0
206180,206180,206587,407,0
206187,206187,206588,401,0
206160,206160,206590,430,0
206222,206222,206616,394,0
206330,206330,206740,410,0
206301,206302,206746,444,1
206386,206386,206773,387,0
206373,206373,206779,406,0
206426,206426,206832,406,0
206429,206429,206834,405,0
206423,206423,206840,417,0
206440,206440,206847,407,0
206453,206453,206862,409,0
206427,206427,206867,440,0
206491,206491,206877,386,0
206520,206520,206918,398,0
206459,206460,206926,466,1
206532,206532,206932,400,0
206521,206521,206937,416,0
206584,206584,206980,396,0
206591,206591,206982,391,0
206589,206589,207014,425,0
206590,206590,207015,425,0
206617,206617,207043,426,0
206748,206748,207154,406,0
206743,206743,207164,421,0
206780,206780,207181,401,0
206775,206775,207186,411,0
206836,206836,207190,354,0
206842,206842,207231,389,0
206835,206835,207250,415,0
206848,206848,207254,406,0
206864,206864,207260,396,0
206879,206880,207296,416,1
206869,206869,207323,454,0
206939,206939,207337,398,0
206920,206920,207340,420,0
206928,206928,207340,412,0
206933,206933,207350,417,0
206981,206982,207394,412,1
206984,206984,207396,412,0
207015,207015,207429,414,0
207018,207018,207434,416,0
207044,207045,207435,390,1
207156,207156,207546,390,0
207192,207192,207580,388,0
207165,207165,207581,416,0
207184,207184,207589,405,0
207189,207189,207621,432,0
207262,207262,207645,383,0
207252,207252,207650,398,0
207233,207233,207654,421,0
207256,207256,207659,403,0
207325,207325,207686,361,0
207351,207351,207732,381,0
207299,207299,207742,443,0
207343,207343,207742,399,0
207338,207338,207744,406,0
207342,207342,207764,422,0
207396,207396,207806,410,0
207398,207398,207812,414,0
207431,207431,207826,395,0
207436,207436,207852,416,0
207437,207437,207852,415,0
207591,207591,207957,366,0
207547,207547,207964,417,0
207584,207584,207986,402,0
207582,207582,208012,430,0
207623,207623,208013,390,0
207646,207647,208037,390,1
207652,207652,208053,401,0
207661,207661,208062,401,0
207656,207656,208066,410,0
207689,207689,208083,394,0
207746,207746,208133,387,0
207734,207734,208137,403,0
207744,207745,208140,395,1
207743,207743,208159,416,0
207766,207766,208164,398,0
207808,207808,208215,407,0
207813,207814,208221,407,1
207827,207827,208226,399,0
207854,207854,208242,388,0
207855,207855,208273,418,0
207959,207959,208356,397,0
207989,207989,208364,375,0
207966,207966,208382,416,0
208016,208016,208387,371,0
208014,208014,208417,403,0
208056,208056,208431,375,0
208039,208039,208437,398,0
208068,208068,208464,396,0
208063,208063,208473,410,0
208084,208084,208476,392,0
208139,208139,208518,379,0
208142,208142,208547,405,0
208161,208161,208557,396,0
208136,208136,208563,427,0
208166,208166,208565,399,0
208223,208223,208634,411,0
208229,208229,208643,414,0
208244,208244,208647,403,0
208216,208216,208674,458,0
208274,208275,208705,430,1
208357,208357,208733,376,0
208384,208384,208786,402,0
208390,208390,208787,397,0
208419,208419,208793,374,0
208366,208366,208800,434,0
208432,208433,208850,417,1
208440,208440,208855,415,0
208465,208465,208885,420,0
208475,208476,208894,418,1
208478,208478,208901,423,0
208520,208520,208927,407,0
208549,208549,208949,400,0
208558,208558,208959,401,0
208564,208564,208970,406,0
208567,208567,208979,412,0
208635,208635,209046,411,0
208649,208649,209047,398,0
208644,208645,209059,414,1
208676,208676,209070,394,0
208707,208707,209105,398,0
208735,208735,209154,419,0
208787,208788,209194,406,1
208794,208794,209203,409,0
208789,208789,209206,417,0
208802,208802,209237,435,0
208852,208852,209278,426,0
208887,208887,209291,404,0
208896,208896,209307,411,0
208903,208903,209312,409,0
208858,208858,209329,471,0
208929,208931,209362,431,2
208951,208951,209385,434,0
208973,208973,209387,414,0
208961,208961,209388,427,0
208981,208981,209393,412,0
209061,209061,209437,376,0
209072,209072,209471,399,0
209050,209050,209471,421,0
209048,209048,209484,436,0
209106,209106,209503,397,0
209156,209156,209565,409,0
209208,209208,209588,380,0
209205,209205,209607,402,0
209196,209196,209612,416,0
209238,209238,209650,412,0
209279,209279,209682,403,0
209293,209293,209702,409,0
209309,209309,209703,394,0
209313,209314,209722,408,1
209331,209331,209732,401,0
209390,209390,209784,394,0
209394,209394,209793,399,0
209364,209364,209794,430,0
209389,209389,209798,409,0
209388,209388,209799,411,0
209438,209438,209859,421,0
209473,209473,209860,387,0
209472,209472,209895,423,0
209486,209487,209903,416,1
209505,209505,209911,406,0
209590,209590,209968,378,0
209566,209566,209971,405,0
209608,209608,210013,405,0
209614,209614,210021,407,0
209653,209653,210056,403,0
209705,209705,210110,405,0
209704,209704,210118,414,0
209683,209683,210139,456,0
209723,209723,210147,424,0
209734,209734,210148,414,0
209785,209785,210194,409,0
209795,209795,210196,401,0
209800,209800,210198,398,0
209796,209796,210201,405,0
209801,209801,210207,406,0
209862,209862,210244,382,0
209861,209861,210250,389,0
209897,209897,210288,391,0
209904,209904,210306,402,0
210921,210921,210922,1,0
210921,210921,210922,1,0
210921,210921,210922,1,0
210921,210921,210923,2,0
210921,210921,210922,1,0
210921,210921,210922,1,0
210921,210921,210923,2,0
210921,210921,210926,5,0
210921,210921,210927,6,0
210921,210921,210927,6,0
210921,210921,210927,6,0
210921,210921,210927,6,0
210921,210921,210928,7,0
210921,210921,210928,7,0
210921,210921,210928,7,0
210921,210921,210928,7,0
210921,210921,210928,7,0
210921,210921,210928,7,0
210921,210922,210928,6,1
210921,210921,210929,8,0
210921,210923,210929,6,2
210921,210921,210928,7,0
210921,210923,210928,5,2
210921,210923,210928,5,2
210921,210923,210929,6,2
210921,210923,210930,7,2
210921,210928,210930,2,7
210921,210923,210931,8,2
210921,210928,210931,3,7
210921,210928,210931,3,7
210921,210929,210932,3,8
210921,210928,210932,4,7
210921,210929,210932,3,8
210921,210928,210932,4,7
210921,210929,210932,3,8
210921,210930,210932,2,9
210921,210931,210932,1,10
210921,210927,210932,5,6
210921,210929,210932,3,8
210921,210929,210932,3,8
210921,210927,210932,5,6
210921,210928,210933,5,7
210921,210931,210933,2,10
210921,210930,210933,3,9
210921,210931,210933,2,10
210921,210933,210934,1,12
210921,210931,210933,2,10
210921,210933,210934,1,12
210921,210929,210933,4,8
210921,210933,210934,1,12
210921,210933,210934,1,12
210921,210933,210934,1,12
210921,210933,210934,1,12
210921,210934,210935,1,13
210921,210929,210934,5,8
210921,210933,210934,1,12
210921,210934,210935,1,13
210921,210934,210935,1,13
210921,210927,210934,7,6
210921,210933,210934,1,12
210921,210933,210934,1,12
210921,210934,210935,1,13
210921,210927,210934,7,6
210921,210934,210935,1,13
210921,210934,210935,1,13
210921,210932,210935,3,11
210921,210934,210935,1,13
210921,210934,210935,1,13
210921,210934,210935,1,13
210921,210934,210935,1,13
210921,210934,210935,1,13
210921,210935,210936,1,14
210921,210934,210935,1,13
210921,210935,210936,1,14
210921,210935,210936,1,14
210921,210935,210936,1,14
210921,210935,210936,1,14
210921,210935,210936,1,14
210921,210935,210936,1,14
211033,211033,211034,1,0
211033,211033,211034,1,0
211033,211033,211034,1,0
211033,211033,211034,1,0
211033,211033,211035,2,0
211033,211033,211035,2,0
211033,211033,211036,3,0
211033,211034,211036,2,1
211033,211034,211036,2,1
211033,211034,211037,3,1
211033,211034,211037,3,1
211033,211036,211037,1,3
211033,211033,211038,5,0
211033,211037,211038,1,4
211033,211033,211038,5,0
211033,211033,211038,5,0
211033,211033,211038,5,0
211033,211037,211038,1,4
211033,211033,211039,6,0
211033,211033,211039,6,0
211033,211033,211039,6,0
211033,211033,211038,5,0
211033,211033,211039,6,0
211033,211035,211038,3,2
211033,211033,211039,6,0
211033,211038,211039,1,5
211033,211033,211039,6,0
211033,211036,211039,3,3
211033,211033,211039,6,0
211033,211036,211039,3,3
211033,211038,211039,1,5
211033,211038,211039,1,5
211033,211038,211039,1,5
211033,211033,211039,6,0
211033,211033,211039,6,0
211033,211033,211040,7,0
211033,211033,211040,7,0
211033,211033,211040,7,0
211033,211036,211040,4,3
211033,211033,211040,7,0
211033,211033,211040,7,0
211033,211038,211040,2,5
211033,211033,211040,7,0
211033,211033,211040,7,0
211033,211033,211040,7,0
211033,211039,211040,1,6
211033,211039,211040,1,6
211033,211039,211040,1,6
211033,211038,211040,2,5
211033,211033,211040,7,0
211033,211039,211040,1,6
211033,211039,211040,1,6
211033,211033,211040,7,0
211033,211039,211040,1,6
211033,211039,211040,1,6
211033,211033,211040,7,0
211033,211040,211041,1,7
211033,211040,211041,1,7
211033,211033,211041,8,0
211033,211033,211040,7,0
211033,211039,211041,2,6
211033,211039,211041,2,6
211033,211039,211041,2,6
211033,211039,211041,2,6
211033,211039,211041,2,6
211033,211039,211041,2,6
211033,211039,211041,2,6
211033,211033,211041,8,0
211033,211033,211042,9,0
211033,211033,211043,10,0
211033,211033,211044,11,0
211033,211033,211044,11,0
211033,211033,211044,11,0
211033,211033,211044,11,0
211033,211033,211046,13,0
211033,211033,211046,13,0
211033,211033,211048,15,0
211082,211082,211083,1,0
211082,211082,211083,1,0
211082,211082,211083,1,0
211082,211082,211083,1,0
211082,211082,211084,2,0
211082,211082,211084,2,0
211082,211083,211085,2,1
211082,211083,211084,1,1
211082,211084,211085,1,2
211082,211082,211085,3,0
211082,211084,211085,1,2
211082,211082,211087,5,0
211082,211084,211086,2,2
211082,211085,211087,2,3
211082,211082,211087,5,0
211082,211082,211088,6,0
211082,211082,211087,5,0
211082,211085,211088,3,3
211082,211082,211087,5,0
211082,211082,211088,6,0
211082,211082,211088,6,0
211082,211086,211087,1,4
211082,211082,211088,6,0
211082,211085,211088,3,3
211082,211086,211087,1,4
211082,211082,211088,6,0
211082,211082,211087,5,0
211082,211082,211089,7,0
211082,211082,211088,6,0
211082,211082,211088,6,0
211082,211082,211089,7,0
211082,211082,211089,7,0
211082,211082,211089,7,0
211082,211082,211089,7,0
211082,211082,211088,6,0
211082,211086,211089,3,4
211082,211082,211089,7,0
211082,211088,211089,1,6
211082,211088,211089,1,6
211082,211082,211088,6,0
211082,211082,211089,7,0
211082,211082,211089,7,0
211082,211088,211089,1,6
211082,211082,211089,7,0
211082,211088,211089,1,6
211082,211082,211089,7,0
211082,211087,211089,2,5
211082,211088,211089,1,6
211082,211088,211089,1,6
211082,211082,211089,7,0
211082,211082,211090,8,0
211082,211088,211090,2,6
211082,211088,211090,2,6
211082,211088,211090,2,6
211082,211087,211090,3,5
211082,211087,211089,2,5
211082,211089,211090,1,7
211082,211089,211090,1,7
211082,211088,211089,1,6
211082,211088,211089,1,6
211082,211088,211091,3,6
211082,211089,211091,2,7
211082,211088,211090,2,6
211082,211082,211091,9,0
211082,211089,211091,2,7
211082,211089,211091,2,7
211082,211082,211091,9,0
211082,211089,211091,2,7
211082,211082,211091,9,0
211082,211089,211091,2,7
211082,211089,211092,3,7
211082,211082,211092,10,0
211082,211082,211092,10,0
211082,211082,211093,11,0
211082,211082,211093,11,0
211082,211082,211092,10,0
211082,211082,211094,12,0
211082,211082,211095,13,0
211082,211082,211102,20,0
211141,211141,211142,1,0
211141,211141,211142,1,0
211141,211141,211142,1,0
211141,211141,211142,1,0
211141,211141,211142,1,0
211141,211142,211143,1,1
211141,211141,211143,2,0
211141,211141,211144,3,0
211141,211142,211144,2,1
211141,211143,211145,2,2
211141,211141,211145,4,0
211141,211143,211145,2,2
211141,211143,211145,2,2
211141,211144,211145,1,3
211141,211143,211146,3,2
211141,211144,211145,1,3
211141,211141,211145,4,0
211141,211141,211145,4,0
211141,211141,211146,5,0
211141,211141,211146,5,0
211141,211141,211147,6,0
211141,211141,211146,5,0
211141,211145,211146,1,4
211141,211141,211146,5,0
211141,211145,211147,2,4
211141,211141,211147,6,0
211141,211145,211147,2,4
211141,211146,211147,1,5
211141,211141,211146,5,0
211141,211145,211147,2,4
211141,211141,211148,7,0
211141,211141,211147,6,0
211141,211141,211148,7,0
211141,211141,211147,6,0
211141,211141,211147,6,0
211141,211141,211147,6,0
211141,211141,211147,6,0
211141,211144,211147,3,3
211141,211146,211148,2,5
211141,211141,211148,7,0
211141,211146,211147,1,5
211141,211146,211147,1,5
211141,211141,211147,6,0
211141,211141,211148,7,0
211141,211147,211148,1,6
211141,211141,211148,7,0
211141,211141,211147,6,0
211141,211147,211148,1,6
211141,211141,211148,7,0
211141,211147,211148,1,6
211141,211147,211148,1,6
211141,211141,211148,7,0
211141,211141,211149,8,0
211141,211141,211149,8,0
211141,211147,211149,2,6
211141,211147,211149,2,6
211141,211147,211149,2,6
211141,211147,211148,1,6
211141,211147,211148,1,6
211141,211147,211148,1,6
211141,211147,211148,1,6
211141,211141,211148,7,0
211141,211147,211148,1,6
211141,211148,211150,2,7
211141,211148,211150,2,7
211141,211148,211150,2,7
211141,211148,211150,2,7
211141,211148,211150,2,7
211141,211145,211150,5,4
211141,211141,211150,9,0
211141,211141,211150,9,0
211141,211141,211150,9,0
211141,211141,211151,10,0
211141,211141,211151,10,0
211141,211141,211151,10,0
211141,211141,211151,10,0
211141,211141,211152,11,0
211141,211141,211156,15,0
211141,211141,211157,16,0
211201,211201,211203,2,0
211201,211202,211203,1,1
211201,211202,211203,1,1
211201,211201,211203,2,0
211201,211202,211204,2,1
211201,211202,211205,3,1
211201,211202,211204,2,1
211201,211202,211204,2,1
211201,211202,211204,2,1
211201,211203,211204,1,2
211201,211202,211204,2,1
211201,211203,211204,1,2
211201,211202,211205,3,1
211201,211204,211205,1,3
211201,211204,211205,1,3
211201,211204,211205,1,3
211201,211205,211206,1,4
211201,211205,211206,1,4
211201,211202,211207,5,1
211201,211204,211206,2,3
211201,211202,211206,4,1
211201,211205,211206,1,4
211201,211205,211206,1,4
211201,211205,211206,1,4
211201,211205,211206,1,4
211201,211206,211207,1,5
211201,211205,211206,1,4
211201,211206,211207,1,5
211201,211205,211207,2,4
211201,211202,211207,5,1
211201,211207,211208,1,6
211201,211202,211207,5,1
211201,211206,211207,1,5
211201,211206,211207,1,5
211201,211202,211207,5,1
211201,211206,211207,1,5
211201,211202,211207,5,1
211201,211202,211207,5,1
211201,211206,211208,2,5
211201,211207,211209,2,6
211201,211207,211208,1,6
211201,211207,211208,1,6
211201,211202,211208,6,1
211201,211207,211208,1,6
211201,211208,211209,1,7
211201,211208,211209,1,7
211201,211207,211208,1,6
211201,211202,211209,7,1
211201,211207,211209,2,6
211201,211202,211208,6,1
211201,211202,211208,6,1
211201,211202,211209,7,1
211201,211207,211208,1,6
211201,211208,211209,1,7
211201,211208,211209,1,7
211201,211207,211208,1,6
211201,211207,211208,1,6
211201,211202,211209,7,1
211201,211208,211209,1,7
211201,211202,211209,7,1
211201,211202,211209,7,1
211201,211202,211210,8,1
211201,211202,211210,8,1
211201,211202,211209,7,1
211201,211202,211210,8,1
211201,211202,211210,8,1
211201,211202,211210,8,1
211201,211202,211210,8,1
211201,211202,211211,9,1
211201,211202,211211,9,1
211201,211202,211212,10,1
211201,211202,211213,11,1
211201,211202,211212,10,1
211201,211202,211213,11,1
211201,211202,211213,11,1
211201,211202,211213,11,1
211201,211202,211219,17,1
211258,211258,211259,1,0
211258,211258,211259,1,0
211258,211258,211259,1,0
211258,211258,211259,1,0
211258,211258,211259,1,0
211258,211258,211259,1,0
211258,211258,211259,1,0
211258,211259,211260,1,1
211258,211260,211261,1,2
211258,211260,211261,1,2
211258,211260,211261,1,2
211258,211258,211261,3,0
211258,211258,211261,3,0
211258,211258,211261,3,0
211258,211258,211261,3,0
211258,211258,211261,3,0
211258,211258,211261,3,0
211258,211260,211261,1,2
211258,211260,211261,1,2
211258,211260,211261,1,2
211258,211261,211262,1,3
211258,211258,211262,4,0
211258,211258,211262,4,0
211258,211261,211262,1,3
211258,211258,211263,5,0
211258,211261,211262,1,3
211258,211262,211263,1,4
211258,211258,211263,5,0
211258,211258,211264,6,0
211258,211262,211263,1,4
211258,211262,211264,2,4
211258,211258,211264,6,0
211258,211262,211264,2,4
211258,211258,211263,5,0
211258,211262,211263,1,4
211258,211263,211264,1,5
211258,211262,211263,1,4
211258,211263,211264,1,5
211258,211258,211264,6,0
211258,211258,211263,5,0
211258,211262,211263,1,4
211258,211263,211264,1,5
211258,211263,211264,1,5
211258,211262,211264,2,4
211258,211262,211264,2,4
211258,211262,211264,2,4
211258,211263,211265,2,5
211258,211262,211264,2,4
211258,211258,211265,7,0
211258,211264,211265,1,6
211258,211264,211265,1,6
211258,211263,211265,2,5
211258,211258,211265,7,0
211258,211258,211264,6,0
211258,211258,211265,7,0
211258,211258,211265,7,0
211258,211264,211265,1,6
211258,211258,211264,6,0
211258,211258,211265,7,0
211258,211258,211265,7,0
211258,211264,211266,2,6
211258,211264,211266,2,6
211258,211264,211265,1,6
211258,211264,211266,2,6
211258,211264,211265,1,6
211258,211258,211267,9,0
211258,211258,211266,8,0
211258,211258,211267,9,0
211258,211258,211267,9,0
211258,211258,211266,8,0
211258,211258,211267,9,0
211258,211258,211267,9,0
211258,211258,211267,9,0
211258,211258,211268,10,0
211258,211258,211268,10,0
211258,211258,211269,11,0
211258,211258,211269,11,0
211258,211258,211269,11,0
211258,211258,211271,13,0
211310,211310,211311,1,0
211310,211310,211311,1,0
211310,211310,211311,1,0
211310,211310,211312,2,0
211310,211310,211312,2,0
211310,211310,211312,2,0
211310,211310,211312,2,0
211310,211311,211312,1,1
211310,211310,211313,3,0
211310,211310,211312,2,0
211310,211311,211313,2,1
211310,211311,211313,2,1
211310,211310,211314,4,0
211310,211310,211314,4,0
211310,211310,211314,4,0
211310,211312,211314,2,2
211310,211312,211314,2,2
211310,211312,211314,2,2
211310,211310,211314,4,0
211310,211312,211314,2,2
211310,211312,211313,1,2
211310,211310,211315,5,0
211310,211310,211315,5,0
211310,211310,211315,5,0
211310,211313,211315,2,3
211310,211310,211315,5,0
211310,211310,211315,5,0
211310,211310,211315,5,0
211310,211313,211315,2,3
211310,211310,211315,5,0
211310,211314,211315,1,4
211310,211310,211315,5,0
211310,211313,211315,2,3
211310,211310,211316,6,0
211310,211313,211316,3,3
211310,211310,211316,6,0
211310,211310,211316,6,0
211310,211314,211316,2,4
211310,211315,211316,1,5
211310,211314,211316,2,4
211310,211310,211316,6,0
211310,211314,211316,2,4
211310,211315,211316,1,5
211310,211315,211316,1,5
211310,211310,211316,6,0
211310,211310,211316,6,0
211310,211315,211316,1,5
211310,211315,211316,1,5
211310,211316,211317,1,6
211310,211310,211317,7,0
211310,211314,211317,3,4
211310,211314,211317,3,4
211310,211315,211317,2,5
211310,211315,211317,2,5
211310,211315,211317,2,5
211310,211316,211317,1,6
211310,211315,211317,2,5
211310,211310,211317,7,0
211310,211316,211317,1,6
211310,211315,211318,3,5
211310,211316,211318,2,6
211310,211310,211318,8,0
211310,211316,211319,3,6
211310,211310,211319,9,0
211310,211310,211319,9,0
211310,211310,211319,9,0
211310,211310,211319,9,0
211310,211310,211320,10,0
211310,211310,211320,10,0
211310,211310,211321,11,0
211310,211310,211322,12,0
211310,211310,211322,12,0
211310,211310,211323,13,0
211310,211310,211324,14,0
211310,211310,211324,14,0
211310,211310,211324,14,0
211310,211310,211325,15,0
211364,211364,211365,1,0
211364,211364,211366,2,0
211364,211364,211365,1,0
211364,211364,211365,1,0
211364,211364,211365,1,0
211364,211364,211365,1,0
211364,211365,211366,1,1
211364,211364,211367,3,0
211364,211364,211366,2,0
211364,211364,211367,3,0
211364,211364,211367,3,0
211364,211364,211366,2,0
211364,211364,211367,3,0
211364,211364,211367,3,0
211364,211364,211367,3,0
211364,211366,211367,1,2
211364,211364,211367,3,0
211364,211364,211368,4,0
211364,211366,211368,2,2
211364,211366,211368,2,2
211364,211364,211367,3,0
211364,211366,211368,2,2
211364,211366,211368,2,2
211364,211366,211368,2,2
211364,211367,211369,2,3
211364,211364,211369,5,0
211364,211368,211369,1,4
211364,211367,211369,2,3
211364,211364,211369,5,0
211364,211367,211369,2,3
211364,211367,211369,2,3
211364,211364,211369,5,0
211364,211364,211368,4,0
211364,211368,211369,1,4
211364,211367,211368,1,3
211364,211368,211369,1,4
211364,211368,211369,1,4
211364,211369,211370,1,5
211364,211364,211370,6,0
211364,211367,211370,3,3
211364,211367,211369,2,3
211364,211364,211370,6,0
211364,211368,211370,2,4
211364,211364,211370,6,0
211364,211368,211370,2,4
211364,211369,211370,1,5
211364,211368,211369,1,4
211364,211369,211370,1,5
211364,211369,211370,1,5
211364,211369,211370,1,5
211364,211368,211371,3,4
211364,211364,211370,6,0
211364,211364,211370,6,0
211364,211364,211371,7,0
211364,211369,211371,2,5
211364,211369,211371,2,5
211364,211364,211371,7,0
211364,211369,211370,1,5
211364,211369,211370,1,5
211364,211369,211371,2,5
211364,211369,211371,2,5
211364,211369,211371,2,5
211364,211364,211372,8,0
211364,211364,211371,7,0
211364,211364,211372,8,0
211364,211364,211372,8,0
211364,211364,211373,9,0
211364,211364,211373,9,0
211364,211364,211372,8,0
211364,211364,211372,8,0
211364,211364,211374,10,0
211364,211364,211374,10,0
211364,211364,211374,10,0
211364,211364,211374,10,0
211364,211364,211374,10,0
211364,211364,211374,10,0
211364,211364,211375,11,0
211364,211364,211376,12,0
211415,211415,211416,1,0
211415,211415,211417,2,0
211415,211415,211417,2,0
211415,211415,211417,2,0
211415,211415,211416,1,0
211415,211415,211416,1,0
211415,211416,211417,1,1
211415,211415,211418,3,0
211415,211415,211418,3,0
211415,211415,211418,3,0
211415,211415,211418,3,0
211415,211417,211418,1,2
211415,211417,211418,1,2
211415,211417,211418,1,2
211415,211415,211417,2,0
211415,211417,211419,2,2
211415,211415,211419,4,0
211415,211415,211420,5,0
211415,211415,211420,5,0
211415,211415,211420,5,0
211415,211418,211420,2,3
211415,211418,211420,2,3
211415,211419,211420,1,4
211415,211419,211420,1,4
211415,211419,211420,1,4
211415,211419,211420,1,4
211415,211419,211420,1,4
211415,211415,211421,6,0
211415,211418,211421,3,3
211415,211418,211421,3,3
211415,211415,211421,6,0
211415,211415,211421,6,0
211415,211419,211421,2,4
211415,211415,211421,6,0
211415,211415,211421,6,0
211415,211415,211421,6,0
211415,211415,211421,6,0
211415,211420,211421,1,5
211415,211415,211421,6,0
211415,211420,211421,1,5
211415,211421,211422,1,6
211415,211415,211421,6,0
211415,211415,211422,7,0
211415,211421,211422,1,6
211415,211415,211421,6,0
211415,211415,211421,6,0
211415,211421,211422,1,6
211415,211421,211422,1,6
211415,211415,211422,7,0
211415,211420,211422,2,5
211415,211415,211422,7,0
211415,211415,211422,7,0
211415,211415,211422,7,0
211415,211415,211422,7,0
211415,211421,211422,1,6
211415,211415,211422,7,0
211415,211422,211423,1,7
211415,211415,211422,7,0
211415,211421,211422,1,6
211415,211415,211423,8,0
211415,211420,211423,3,5
211415,211421,211423,2,6
211415,211421,211423,2,6
211415,211415,211423,8,0
211415,211422,211423,1,7
211415,211415,211424,9,0
211415,211422,211423,1,7
211415,211415,211423,8,0
211415,211421,211423,2,6
211415,211422,211423,1,7
211415,211422,211423,1,7
211415,211415,211424,9,0
211415,211415,211424,9,0
211415,211415,211425,10,0
211415,211415,211426,11,0
211415,211415,211427,12,0
211415,211415,211427,12,0
211472,211472,211473,1,0
211472,211472,211473,1,0
211472,211472,211473,1,0
211472,211472,211473,1,0
211472,211472,211473,1,0
211472,211472,211473,1,0
211472,211472,211474,2,0
211472,211473,211475,2,1
211472,211474,211475,1,2
211472,211474,211475,1,2
211472,211474,211475,1,2
211472,211474,211475,1,2
211472,211474,211475,1,2
211472,211474,211476,2,2
211472,211475,211476,1,3
211472,211472,211477,5,0
211472,211472,211477,5,0
211472,211475,211477,2,3
211472,211475,211476,1,3
211472,211472,211477,5,0
211472,211472,211477,5,0
211472,211472,211477,5,0
211472,211472,211477,5,0
211472,211472,211478,6,0
211472,211476,211478,2,4
211472,211472,211478,6,0
211472,211472,211478,6,0
211472,211476,211477,1,4
211472,211472,211478,6,0
211472,211472,211478,6,0
211472,211476,211478,2,4
211472,211476,211478,2,4
211472,211476,211478,2,4
211472,211472,211478,6,0
211472,211472,211479,7,0
211472,211472,211479,7,0
211472,211472,211479,7,0
211472,211472,211479,7,0
211472,211472,211478,6,0
211472,211472,211479,7,0
211472,211472,211478,6,0
211472,211477,211479,2,5
211472,211472,211479,7,0
211472,211477,211479,2,5
211472,211477,211478,1,5
211472,211478,211479,1,6
211472,211472,211479,7,0
211472,211472,211479,7,0
211472,211472,211479,7,0
211472,211472,211480,8,0
211472,211472,211480,8,0
211472,211472,211480,8,0
211472,211472,211479,7,0
211472,211472,211480,8,0
211472,211478,211480,2,6
211472,211472,211480,8,0
211472,211478,211479,1,6
211472,211478,211479,1,6
211472,211478,211479,1,6
211472,211472,211480,8,0
211472,211478,211479,1,6
211472,211478,211479,1,6
211472,211472,211480,8,0
211472,211472,211481,9,0
211472,211478,211481,3,6
211472,211478,211481,3,6
211472,211479,211481,2,7
211472,211479,211481,2,7
211472,211478,211480,2,6
211472,211478,211481,3,6
211472,211477,211480,3,5
211472,211478,211481,3,6
211472,211472,211481,9,0
211472,211472,211483,11,0
211472,211472,211483,11,0
211472,211472,211483,11,0
211472,211472,211487,15,0
211532,211532,211533,1,0
211532,211532,211533,1,0
211532,211532,211533,1,0
211532,211532,211533,1,0
211532,211532,211533,1,0
211532,211532,211533,1,0
211532,211532,211533,1,0
211532,211534,211535,1,2
211532,211533,211535,2,1
211532,211532,211536,4,0
211532,211534,211535,1,2
211532,211534,211536,2,2
211532,211534,211535,1,2
211532,211534,211535,1,2
211532,211532,211537,5,0
211532,211534,211536,2,2
211532,211532,211538,6,0
211532,211532,211538,6,0
211532,211532,211538,6,0
211532,211532,211537,5,0
211532,211532,211538,6,0
211532,211536,211537,1,4
211532,211536,211537,1,4
211532,211536,211537,1,4
211532,211536,211538,2,4
211532,211532,211537,5,0
211532,211536,211538,2,4
211532,211532,211538,6,0
211532,211536,211538,2,4
211532,211536,211538,2,4
211532,211532,211539,7,0
211532,211532,211538,6,0
211532,211532,211538,6,0
211532,211532,211538,6,0
211532,211532,211538,6,0
211532,211537,211539,2,5
211532,211532,211539,7,0
211532,211532,211539,7,0
211532,211532,211539,7,0
211532,211532,211539,7,0
211532,211532,211539,7,0
211532,211532,211539,7,0
211532,211532,211539,7,0
211532,211532,211539,7,0
211532,211532,211540,8,0
211532,211532,211540,8,0
211532,211538,211540,2,6
211532,211538,211540,2,6
211532,211532,211540,8,0
211532,211538,211540,2,6
211532,211538,211540,2,6
211532,211538,211540,2,6
211532,211538,211540,2,6
211532,211538,211540,2,6
211532,211538,211540,2,6
211532,211538,211540,2,6
211532,211538,211540,2,6
211532,211532,211540,8,0
211532,211532,211541,9,0
211532,211539,211541,2,7
211532,211532,211541,9,0
211532,211538,211541,3,6
211532,211539,211541,2,7
211532,211532,211541,9,0
211532,211538,211541,3,6
211532,211539,211541,2,7
211532,211539,211541,2,7
211532,211538,211541,3,6
211532,211538,211541,3,6
211532,211539,211541,2,7
211532,211532,211541,9,0
211532,211532,211541,9,0
211532,211532,211541,9,0
211532,211537,211542,5,5
211532,211532,211543,11,0
211532,211532,211543,11,0
211532,211532,211543,11,0
211532,211532,211544,12,0
211532,211532,211545,13,0
211585,211585,211586,1,0
211585,211585,211586,1,0
211585,211585,211586,1,0
211585,211585,211586,1,0
211585,211585,211586,1,0
211585,211585,211586,1,0
211585,211585,211587,2,0
211585,211587,211588,1,2
211585,211587,211588,1,2
211585,211587,211588,1,2
211585,211586,211589,3,1
211585,211586,211588,2,1
211585,211586,211589,3,1
211585,211588,211589,1,3
211585,211587,211588,1,2
211585,211588,211589,1,3
211585,211588,211589,1,3
211585,211585,211589,4,0
211585,211585,211590,5,0
211585,211585,211590,5,0
211585,211585,211590,5,0
211585,211585,211590,5,0
211585,211585,211591,6,0
211585,211585,211590,5,0
211585,211585,211590,5,0
211585,211585,211590,5,0
211585,211589,211590,1,4
211585,211585,211590,5,0
211585,211589,211591,2,4
211585,211585,211591,6,0
211585,211589,211591,2,4
211585,211585,211590,5,0
211585,211589,211590,1,4
211585,211589,211591,2,4
211585,211589,211590,1,4
211585,211589,211591,2,4
211585,211585,211591,6,0
211585,211585,211592,7,0
211585,211591,211592,1,6
211585,211591,211592,1,6
211585,211590,211592,2,5
211585,211591,211592,1,6
211585,211591,211592,1,6
211585,211591,211592,1,6
211585,211591,211592,1,6
211585,211591,211592,1,6
211585,211591,211592,1,6
211585,211591,211592,1,6
211585,211585,211593,8,0
211585,211585,211592,7,0
211585,211585,211593,8,0
211585,211585,211593,8,0
211585,211585,211593,8,0
211585,211585,211592,7,0
211585,211585,211593,8,0
211585,211585,211593,8,0
211585,211585,211592,7,0
211585,211585,211593,8,0
211585,211591,211592,1,6
211585,211585,211593,8,0
211585,211585,211594,9,0
211585,211585,211594,9,0
211585,211585,211593,8,0
211585,211585,211593,8,0
211585,211591,211594,3,6
211585,211585,211594,9,0
211585,211591,211593,2,6
211585,211585,211593,8,0
211585,211591,211594,3,6
211585,211591,211593,2,6
211585,211591,211593,2,6
211585,211585,211594,9,0
211585,211591,211594,3,6
211585,211591,211594,3,6
211585,211585,211594,9,0
211585,211585,211595,10,0
211585,211585,211596,11,0
211585,211585,211596,11,0
211585,211585,211599,14,0
233858,233858,233859,1,0
233913,233913,233914,1,0
247548,247548,247550,2,0
247548,247548,247550,2,0
247548,247548,247550,2,0
247548,247548,247550,2,0
247548,247548,247550,2,0
247548,247549,247550,1,1
247548,247549,247551,2,1
247548,247548,247552,4,0
247548,247548,247553,5,0
247558,247558,247560,2,0
247558,247558,247559,1,0
247558,247558,247559,1,0
247558,247558,247559,1,0
247558,247558,247559,1,0
247558,247558,247561,3,0
247564,247564,247566,2,0
247564,247564,247566,2,0
247564,247564,247566,2,0
247564,247564,247566,2,0
247564,247564,247566,2,0
247564,247565,247566,1,1
247564,247565,247566,1,1
247564,247564,247568,4,0
247564,247565,247568,3,1
247573,247573,247574,1,0
247573,247573,247575,2,0
247573,247573,247575,2,0
247573,247573,247575,2,0
247573,247573,247575,2,0
247573,247573,247576,3,0
247598,247598,247599,1,0
247598,247598,247599,1,0
247598,247598,247599,1,0
247598,247598,247600,2,0
247598,247598,247600,2,0
247598,247598,247600,2,0
247598,247598,247601,3,0
247598,247598,247601,3,0
247598,247598,247601,3,0
247663,247664,247666,2,1
247663,247665,247666,1,2
247663,247665,247666,1,2
247663,247665,247666,1,2
247663,247665,247666,1,2
247663,247665,247667,2,2
247663,247665,247668,3,2
247663,247665,247668,3,2
247663,247665,247669,4,2
247674,247674,247675,1,0
247674,247674,247675,1,0
247674,247674,247676,2,0
247674,247674,247676,2,0
247674,247674,247676,2,0
247674,247674,247677,3,0
247680,247680,247682,2,0
247680,247680,247682,2,0
247680,247680,247682,2,0
247680,247680,247682,2,0
247680,247681,247682,1,1
247680,247681,247682,1,1
247680,247681,247682,1,1
247680,247680,247683,3,0
247680,247681,247684,3,1
247689,247689,247690,1,0
247689,247689,247690,1,0
247689,247689,247690,1,0
247689,247689,247691,2,0
247689,247689,247691,2,0
247689,247689,247693,4,0
247713,247713,247715,2,0
247713,247714,247715,1,1
247713,247714,247715,1,1
247713,247714,247715,1,1
247714,247714,247715,1,0
247714,247714,247715,1,0
247713,247714,247717,3,1
247713,247714,247717,3,1
247714,247714,247719,5,0
247724,247724,247725,1,0
247724,247724,247726,2,0
247724,247724,247726,2,0
247724,247724,247726,2,0
247724,247724,247726,2,0
247724,247724,247726,2,0
247746,247747,247748,1,1
247747,247747,247748,1,0
247747,247747,247748,1,0
247747,247747,247748,1,0
247747,247747,247748,1,0
247747,247747,247750,3,0
247747,247747,247750,3,0
247747,247747,247749,2,0
247747,247747,247749,2,0
247754,247754,247755,1,0
247754,247754,247755,1,0
247754,247754,247756,2,0
247754,247754,247756,2,0
247754,247754,247756,2,0
247754,247754,247756,2,0
247777,247777,247779,2,0
247777,247778,247780,2,1
247777,247778,247780,2,1
247783,247783,247784,1,0
247783,247783,247784,1,0
247783,247783,247785,2,0
247783,247783,247785,2,0
247783,247783,247785,2,0
247783,247783,247786,3,0
247783,247783,247786,3,0
247783,247783,247786,3,0
247783,247783,247786,3,0
247792,247792,247793,1,0
247792,247792,247794,2,0
247792,247792,247794,2,0
247792,247792,247794,2,0
247792,247792,247794,2,0
247792,247792,247795,3,0
247799,247799,247800,1,0
247799,247799,247800,1,0
247799,247799,247800,1,0
247799,247799,247800,1,0
247799,247799,247800,1,0
247799,247799,247801,2,0
247799,247799,247801,2,0
247799,247799,247802,3,0
247799,247799,247802,3,0
247808,247808,247810,2,0
247808,247808,247810,2,0
247808,247809,247810,1,1
247808,247808,247810,2,0
247808,247808,247811,3,0
247808,247808,247811,3,0
247831,247831,247832,1,0
247831,247831,247833,2,0
247831,247831,247833,2,0
247831,247831,247833,2,0
247831,247831,247833,2,0
247831,247831,247833,2,0
247831,247831,247834,3,0
247831,247831,247834,3,0
247831,247831,247835,4,0
247841,247841,247842,1,0
247841,247841,247842,1,0
247841,247841,247843,2,0
247841,247841,247843,2,0
247841,247841,247843,2,0
247841,247841,247844,3,0
247864,247865,247866,1,1
247864,247865,247866,1,1
247864,247865,247866,1,1
247865,247865,247866,1,0
247865,247865,247866,1,0
247865,247865,247867,2,0
247865,247865,247867,2,0
247865,247865,247868,3,0
247865,247865,247868,3,0
247879,247879,247880,1,0
247879,247879,247880,1,0
247879,247879,247880,1,0
247879,247879,247880,1,0
247879,247879,247880,1,0
247879,247879,247880,1,0
247879,247879,247881,2,0
247879,247879,247882,3,0
247879,247879,247882,3,0
247888,247888,247889,1,0
247888,247888,247889,1,0
247888,247888,247889,1,0
247888,247888,247890,2,0
247888,247888,247890,2,0
247888,247888,247891,3,0
247898,247898,247899,1,0
247898,247898,247899,1,0
247898,247898,247899,1,0
247898,247898,247899,1,0
247898,247898,247899,1,0
247898,247898,247899,1,0
247898,247898,247899,1,0
247898,247898,247901,3,0
247898,247898,247901,3,0
247907,247907,247909,2,0
247907,247908,247909,1,1
247907,247908,247910,2,1
247907,247908,247910,2,1
247908,247908,247909,1,0
247907,247907,247910,3,0
247930,247930,247932,2,0
247930,247930,247932,2,0
247930,247930,247932,2,0
247930,247930,247932,2,0
247930,247930,247932,2,0
247930,247930,247932,2,0
247930,247930,247932,2,0
247930,247930,247933,3,0
247930,247930,247934,4,0
247940,247940,247941,1,0
247940,247940,247941,1,0
247940,247940,247941,1,0
247940,247940,247942,2,0
247940,247940,247942,2,0
247940,247940,247943,3,0
247963,247963,247964,1,0
247963,247963,247964,1,0
247963,247963,247964,1,0
247963,247963,247964,1,0
247963,247963,247964,1,0
247963,247963,247965,2,0
247963,247963,247965,2,0
247963,247963,247966,3,0
247963,247963,247967,4,0
247973,247973,247975,2,0
247973,247974,247975,1,1
247973,247973,247975,2,0
247973,247974,247975,1,1
247973,247973,247975,2,0
247973,247974,247976,2,1
247995,247995,247997,2,0
247995,247995,247997,2,0
247995,247995,247997,2,0
247995,247995,247997,2,0
247995,247995,247997,2,0
247995,247995,247997,2,0
247995,247995,247998,3,0
247995,247995,247999,4,0
247995,247995,247999,4,0
248005,248005,248006,1,0
248005,248005,248006,1,0
248005,248005,248006,1,0
248005,248005,248007,2,0
248005,248005,248007,2,0
248005,248005,248007,2,0
248028,248029,248030,1,1
248028,248029,248030,1,1
248028,248029,248030,1,1
248029,248029,248030,1,0
248029,248029,248030,1,0
248029,248029,248030,1,0
248029,248029,248031,2,0
248029,248029,248032,3,0
248029,248029,248032,3,0
248038,248038,248039,1,0
248038,248038,248039,1,0
248038,248038,248039,1,0
248038,248038,248039,1,0
248038,248038,248039,1,0
248038,248038,248040,2,0
248062,248062,248063,1,0
248062,248062,248063,1,0
248062,248062,248063,1,0
248062,248062,248063,1,0
248062,248062,248063,1,0
248062,248062,248063,1,0
248062,248062,248065,3,0
248062,248062,248064,2,0
248062,248062,248065,3,0
248071,248071,248072,1,0
248071,248071,248073,2,0
248071,248071,248073,2,0
248071,248071,248073,2,0
248071,248071,248073,2,0
248071,248071,248074,3,0
248095,248095,248096,1,0
248095,248095,248097,2,0
248095,248095,248097,2,0
248095,248095,248097,2,0
248095,248095,248097,2,0
248095,248095,248098,3,0
248095,248095,248098,3,0
248095,248095,248098,3,0
248095,248095,248099,4,0
248104,248105,248106,1,1
248104,248105,248106,1,1
248105,248105,248106,1,0
248105,248105,248106,1,0
248105,248105,248106,1,0
248105,248105,248107,2,0
248110,248110,248111,1,0
248110,248110,248112,2,0
248110,248110,248112,2,0
248110,248110,248112,2,0
248110,248110,248112,2,0
248110,248110,248112,2,0
248110,248110,248113,3,0
248110,248110,248113,3,0
248110,248110,248114,4,0
248120,248120,248121,1,0
248120,248120,248121,1,0
248120,248120,248121,1,0
248120,248120,248121,1,0
248120,248120,248121,1,0
248120,248120,248122,2,0
248127,248128,248129,1,1
248127,248128,248129,1,1
248128,248128,248129,1,0
248127,248128,248129,1,1
248128,248128,248129,1,0
248128,248128,248129,1,0
248128,248128,248129,1,0
248128,248128,248130,2,0
248128,248128,248131,3,0
248137,248137,248138,1,0
248137,248137,248138,1,0
248137,248137,248139,2,0
248137,248137,248139,2,0
248137,248137,248139,2,0
248137,248137,248140,3,0
248160,248160,248161,1,0
248160,248160,248161,1,0
248160,248160,248161,1,0
248160,248160,248162,2,0
248160,248160,248162,2,0
248160,248160,248162,2,0
248160,248160,248162,2,0
248160,248160,248163,3,0
248160,248160,248163,3,0
248170,248170,248171,1,0
248170,248170,248171,1,0
248170,248170,248171,1,0
248170,248170,248172,2,0
248170,248170,248172,2,0
248170,248170,248173,3,0
248192,248192,248194,2,0
248192,248192,248194,2,0
248192,248192,248194,2,0
248192,248192,248194,2,0
248192,248192,248194,2,0
248192,248193,248194,1,1
248192,248193,248195,2,1
248192,248193,248196,3,1
248193,248193,248196,3,0
248202,248202,248203,1,0
248202,248202,248203,1,0
248202,248202,248203,1,0
248202,248202,248203,1,0
248202,248202,248204,2,0
248202,248202,248204,2,0
248226,248226,248227,1,0
248226,248226,248227,1,0
248226,248226,248227,1,0
248226,248226,248227,1,0
248226,248226,248227,1,0
248226,248226,248228,2,0
248226,248226,248229,3,0
248226,248226,248229,3,0
248226,248226,248230,4,0
248236,248236,248237,1,0
248236,248236,248237,1,0
248236,248236,248238,2,0
248236,248236,248237,1,0
248236,248236,248238,2,0
248236,248236,248239,3,0
248259,248259,248260,1,0
248259,248259,248260,1,0
248259,248259,248261,2,0
248259,248259,248261,2,0
248259,248259,248261,2,0
248259,248259,248261,2,0
248259,248259,248262,3,0
248259,248259,248262,3,0
248259,248259,248263,4,0
248269,248269,248271,2,0
248269,248269,248271,2,0
248269,248269,248271,2,0
248269,248269,248271,2,0
248269,248269,248271,2,0
248269,248269,248271,2,0
248292,248292,248293,1,0
248292,248292,248294,2,0
248292,248292,248294,2,0
248292,248292,248294,2,0
248292,248292,248294,2,0
248292,248292,248294,2,0
248292,248292,248295,3,0
248292,248292,248295,3,0
248292,248292,248295,3,0
248301,248302,248303,1,1
248301,248302,248303,1,1
248301,248302,248303,1,1
248302,248302,248303,1,0
248302,248302,248304,2,0
248301,248301,248303,2,0
248307,248307,248309,2,0
248307,248307,248309,2,0
248307,248307,248309,2,0
248307,248307,248309,2,0
248307,248307,248309,2,0
248307,248307,248309,2,0
248307,248307,248309,2,0
248307,248307,248310,3,0
248307,248307,248310,3,0
248316,248317,248318,1,1
248316,248317,248318,1,1
248317,248317,248318,1,0
248317,248317,248318,1,0
248317,248317,248319,2,0
248316,248317,248319,2,1
248322,248322,248324,2,0
248322,248322,248324,2,0
248322,248322,248324,2,0
248322,248322,248324,2,0
248322,248322,248324,2,0
248322,248322,248324,2,0
248322,248322,248325,3,0
248322,248322,248325,3,0
248322,248322,248325,3,0
248331,248331,248333,2,0
248331,248332,248333,1,1
248332,248332,248333,1,0
248332,248332,248333,1,0
248332,248332,248333,1,0
248331,248332,248334,2,1
248338,248338,248340,2,0
248338,248338,248340,2,0
248338,248338,248340,2,0
248338,248338,248340,2,0
248338,248338,248340,2,0
248338,248338,248340,2,0
248338,248338,248341,3,0
248338,248338,248342,4,0
248338,248338,248343,5,0
248349,248349,248350,1,0
248349,248349,248350,1,0
248349,248349,248350,1,0
248349,248349,248350,1,0
248349,248349,248350,1,0
248349,248349,248351,2,0
248371,248371,248372,1,0
248371,248371,248372,1,0
248371,248371,248372,1,0
248371,248371,248372,1,0
248371,248371,248372,1,0
248371,248371,248372,1,0
248371,248371,248372,1,0
248371,248371,248372,1,0
248371,248371,248373,2,0
248379,248379,248381,2,0
248379,248380,248381,1,1
248380,248380,248381,1,0
248380,248380,248381,1,0
248379,248380,248381,1,1
248379,248380,248382,2,1
248385,248385,248386,1,0
248385,248385,248387,2,0
248385,248385,248387,2,0
248385,248385,248387,2,0
248385,248385,248387,2,0
248385,248385,248387,2,0
248385,248385,248387,2,0
248385,248386,248387,1,1
248385,248385,248388,3,0
250260,250260,250261,1,0
250260,250260,250261,1,0
250260,250260,250261,1,0
250260,250260,250261,1,0
250260,250260,250261,1,0
250260,250260,250261,1,0
250260,250260,250262,2,0
250260,250260,250262,2,0
250260,250260,250263,3,0
250268,250268,250270,2,0
250268,250268,250270,2,0
250268,250269,250270,1,1
250268,250268,250270,2,0
250268,250269,250271,2,1
250268,250268,250271,3,0
250274,250274,250276,2,0
250274,250274,250276,2,0
250274,250274,250276,2,0
250274,250274,250276,2,0
250274,250274,250276,2,0
250274,250274,250276,2,0
250274,250274,250276,2,0
250274,250274,250276,2,0
250274,250274,250277,3,0
250284,250284,250285,1,0
250284,250284,250285,1,0
250284,250284,250285,1,0
250284,250284,250286,2,0
250284,250284,250286,2,0
250284,250284,250287,3,0
250307,250307,250308,1,0
250307,250307,250309,2,0
250307,250307,250308,1,0
250307,250307,250309,2,0
250307,250307,250309,2,0
250307,250307,250309,2,0
250307,250307,250309,2,0
250307,250307,250310,3,0
250307,250307,250310,3,0
250316,250316,250317,1,0
250316,250316,250317,1,0
250316,250316,250317,1,0
250316,250316,250317,1,0
250316,250316,250317,1,0
250316,250316,250318,2,0
250339,250339,250341,2,0
250339,250339,250341,2,0
250339,250340,250341,1,1
250339,250340,250341,1,1
250340,250340,250341,1,0
250340,250340,250341,1,0
250339,250340,250342,2,1
250340,250340,250342,2,0
250339,250340,250344,4,1
250350,250350,250351,1,0
250350,250350,250352,2,0
250350,250350,250351,1,0
250350,250350,250352,2,0
250350,250350,250353,3,0
250350,250350,250353,3,0
250373,250373,250374,1,0
250373,250373,250374,1,0
250373,250373,250374,1,0
250373,250373,250374,1,0
250373,250373,250375,2,0
250373,250373,250375,2,0
250373,250373,250375,2,0
250373,250373,250376,3,0
250373,250373,250377,4,0
250385,250385,250387,2,0
250385,250385,250387,2,0
250385,250386,250387,1,1
250386,250386,250387,1,0
250386,250386,250387,1,0
250386,250386,250388,2,0
250391,250391,250393,2,0
250391,250391,250393,2,0
250391,250391,250393,2,0
250391,250391,250393,2,0
250391,250391,250393,2,0
250391,250391,250393,2,0
250391,250391,250393,2,0
250391,250391,250394,3,0
250391,250391,250394,3,0
250401,250401,250402,1,0
250401,250401,250403,2,0
250401,250401,250403,2,0
250401,250401,250403,2,0
250401,250401,250403,2,0
250401,250401,250404,3,0
250407,250407,250408,1,0
250407,250407,250408,1,0
250407,250407,250408,1,0
250407,250407,250408,1,0
250407,250407,250409,2,0
250407,250407,250409,2,0
250407,250407,250409,2,0
250407,250407,250409,2,0
250407,250407,250410,3,0
250424,250424,250425,1,0
250424,250424,250425,1,0
250424,250424,250425,1,0
250424,250424,250425,1,0
250424,250424,250425,1,0
250424,250424,250425,1,0
250424,250424,250426,2,0
250424,250424,250426,2,0
250424,250424,250428,4,0
250434,250435,250436,1,1
250434,250435,250436,1,1
250435,250435,250436,1,0
250435,250435,250436,1,0
250435,250435,250436,1,0
250434,250435,250437,2,1
250440,250440,250441,1,0
250440,250440,250442,2,0
250440,250440,250442,2,0
250440,250440,250442,2,0
250440,250440,250442,2,0
250440,250440,250442,2,0
250440,250440,250443,3,0
250440,250440,250443,3,0
250440,250440,250444,4,0
250450,250450,250451,1,0
250450,250450,250451,1,0
250450,250450,250451,1,0
250450,250450,250451,1,0
250450,250450,250451,1,0
250450,250450,250452,2,0
250473,250473,250474,1,0
250473,250473,250474,1,0
250473,250473,250474,1,0
250473,250473,250474,1,0
250473,250473,250474,1,0
250473,250473,250474,1,0
250473,250473,250475,2,0
250473,250473,250476,3,0
250473,250473,250477,4,0
250486,250486,250487,1,0
250486,250486,250487,1,0
250486,250486,250487,1,0
250486,250486,250487,1,0
250486,250486,250488,2,0
250486,250486,250488,2,0
250506,250506,250507,1,0
250506,250506,250507,1,0
250506,250506,250507,1,0
250506,250506,250507,1,0
250506,250506,250507,1,0
250506,250506,250507,1,0
250506,250506,250508,2,0
250506,250506,250508,2,0
250506,250506,250509,3,0
250516,250516,250517,1,0
250516,250516,250517,1,0
250516,250516,250517,1,0
250516,250516,250517,1,0
250516,250516,250518,2,0
250516,250516,250519,3,0
250538,250538,250540,2,0
250538,250538,250540,2,0
250538,250538,250540,2,0
250538,250538,250540,2,0
250539,250539,250540,1,0
250539,250539,250540,1,0
250538,250539,250541,2,1
250538,250539,250541,2,1
250538,250539,250541,2,1
250550,250550,250551,1,0
250550,250550,250551,1,0
250550,250550,250551,1,0
250550,250550,250551,1,0
250550,250550,250552,2,0
250550,250550,250552,2,0
250572,250572,250573,1,0
250572,250572,250573,1,0
250572,250572,250573,1,0
250572,250572,250573,1,0
250572,250572,250573,1,0
250572,250572,250573,1,0
250572,250572,250574,2,0
250572,250572,250574,2,0
250572,250572,250575,3,0
250584,250584,250585,1,0
250584,250584,250585,1,0
250584,250584,250586,2,0
250584,250584,250585,1,0
250584,250584,250585,1,0
250584,250584,250586,2,0
250605,250605,250606,1,0
250605,250605,250606,1,0
250605,250605,250606,1,0
250605,250605,250606,1,0
250605,250605,250606,1,0
250605,250605,250606,1,0
250605,250605,250607,2,0
250605,250605,250607,2,0
250605,250605,250607,2,0
250614,250614,250615,1,0
250614,250614,250615,1,0
250614,250614,250615,1,0
250614,250614,250615,1,0
250614,250614,250615,1,0
250614,250614,250616,2,0
250637,250637,250639,2,0
250637,250637,250639,2,0
250637,250637,250639,2,0
250637,250637,250639,2,0
250637,250637,250639,2,0
250637,250638,250639,1,1
250637,250637,250640,3,0
250637,250638,250640,2,1
250637,250637,250642,5,0
250648,250648,250650,2,0
250648,250648,250649,1,0
250648,250648,250650,2,0
250648,250648,250650,2,0
250648,250648,250650,2,0
250648,250648,250651,3,0
250670,250670,250671,1,0
250670,250670,250672,2,0
250670,250670,250672,2,0
250670,250670,250672,2,0
250670,250670,250672,2,0
250670,250670,250672,2,0
250670,250670,250673,3,0
250670,250670,250674,4,0
250670,250670,250675,5,0
250683,250683,250684,1,0
250683,250683,250684,1,0
250683,250683,250684,1,0
250683,250683,250684,1,0
250683,250683,250684,1,0
250683,250683,250684,1,0
250703,250703,250704,1,0
250703,250703,250704,1,0
250703,250703,250705,2,0
250703,250703,250705,2,0
250703,250703,250705,2,0
250703,250703,250705,2,0
250703,250703,250705,2,0
250703,250703,250706,3,0
250703,250703,250706,3,0
250715,250715,250716,1,0
250715,250715,250716,1,0
250715,250715,250716,1,0
250715,250715,250716,1,0
250715,250715,250716,1,0
250715,250715,250717,2,0
250721,250721,250722,1,0
250721,250721,250723,2,0
250721,250721,250723,2,0
250721,250721,250723,2,0
250721,250721,250723,2,0
250721,250721,250723,2,0
250721,250721,250723,2,0
250721,250721,250723,2,0
250721,250721,250724,3,0
250733,250733,250735,2,0
250733,250733,250735,2,0
250733,250733,250735,2,0
250733,250734,250735,1,1
250733,250733,250736,3,0
250733,250733,250738,5,0
250755,250755,250756,1,0
250755,250755,250756,1,0
250755,250755,250756,1,0
250755,250755,250756,1,0
250755,250755,250756,1,0
250755,250755,250756,1,0
250755,250755,250757,2,0
250755,250755,250758,3,0
250755,250755,250757,2,0
250764,250764,250765,1,0
250764,250764,250765,1,0
250764,250764,250765,1,0
250764,250764,250765,1,0
250764,250764,250765,1,0
250764,250764,250766,2,0
250769,250769,250771,2,0
250769,250769,250771,2,0
250769,250769,250771,2,0
250769,250769,250771,2,0
250769,250769,250771,2,0
250769,250769,250771,2,0
250769,250769,250772,3,0
250769,250769,250772,3,0
250769,250769,250773,4,0
250779,250779,250780,1,0
250779,250779,250780,1,0
250779,250779,250780,1,0
250779,250779,250780,1,0
250779,250779,250781,2,0
250779,250779,250781,2,0
250788,250788,250790,2,0
250788,250788,250790,2,0
250788,250788,250790,2,0
250788,250789,250790,1,1
250788,250789,250790,1,1
250788,250788,250791,3,0
250788,250788,250791,3,0
250788,250788,250792,4,0
250788,250788,250793,5,0
250799,250799,250801,2,0
250799,250799,250801,2,0
250799,250799,250801,2,0
250799,250799,250801,2,0
250799,250799,250801,2,0
250799,250799,250802,3,0
250822,250822,250824,2,0
250822,250822,250824,2,0
250822,250822,250824,2,0
250822,250823,250824,1,1
250822,250823,250824,1,1
250823,250823,250824,1,0
250822,250822,250825,3,0
250822,250822,250826,4,0
250822,250822,250827,5,0
250836,250836,250837,1,0
250836,250836,250837,1,0
250836,250836,250837,1,0
250836,250836,250837,1,0
250836,250836,250838,2,0
250836,250836,250838,2,0
250856,250856,250857,1,0
250856,250856,250857,1,0
250856,250856,250857,1,0
250856,250856,250857,1,0
250856,250856,250857,1,0
250856,250856,250857,1,0
250856,250856,250858,2,0
250856,250856,250859,3,0
250856,250856,250860,4,0
250869,250869,250871,2,0
250869,250869,250871,2,0
250870,250870,250871,1,0
250869,250869,250871,2,0
250869,250869,250871,2,0
250869,250870,250872,2,1
250888,250888,250890,2,0
250888,250888,250890,2,0
250888,250888,250890,2,0
250888,250888,250890,2,0
250888,250888,250890,2,0
250888,250888,250890,2,0
250888,250888,250891,3,0
250888,250888,250891,3,0
250888,250889,250892,3,1
250898,250898,250900,2,0
250898,250898,250900,2,0
250898,250898,250900,2,0
250898,250898,250900,2,0
250898,250898,250901,3,0
250898,250898,250903,5,0
250922,250922,250923,1,0
250922,250922,250923,1,0
250922,250922,250923,1,0
250922,250922,250924,2,0
250922,250922,250924,2,0
250922,250922,250924,2,0
250922,250922,250925,3,0
250922,250922,250925,3,0
250922,250922,250927,5,0
250936,250936,250937,1,0
250936,250936,250937,1,0
250936,250936,250937,1,0
250936,250936,250937,1,0
250936,250936,250937,1,0
250936,250936,250938,2,0
250942,250942,250943,1,0
250942,250942,250943,1,0
250942,250942,250943,1,0
250942,250942,250944,2,0
250942,250942,250944,2,0
250942,250942,250944,2,0
250942,250942,250945,3,0
250942,250942,250945,3,0
250942,250942,250945,3,0
261941,261942,261979,37,1
262140,262140,262176,36,0
263031,263031,263032,1,0
293081,293082,293083,1,1
293081,293082,293083,1,1
293081,293082,293083,1,1
293081,293082,293083,1,1
293081,293082,293084,2,1
293081,293082,293084,2,1
293081,293082,293085,3,1
293081,293083,293085,2,2
293081,293084,293085,1,3
293081,293085,293086,1,4
293081,293082,293086,4,1
293081,293084,293086,2,3
293081,293085,293086,1,4
293081,293086,293087,1,5
293081,293086,293087,1,5
293081,293086,293087,1,5
293081,293082,293087,5,1
293081,293082,293087,5,1
293081,293084,293087,3,3
293081,293082,293088,6,1
293081,293082,293087,5,1
293081,293082,293087,5,1
293081,293082,293088,6,1
293081,293086,293087,1,5
293081,293082,293088,6,1
293081,293082,293087,5,1
293081,293082,293087,5,1
293081,293082,293087,5,1
293081,293082,293088,6,1
293081,293082,293089,7,1
293081,293087,293088,1,6
293081,293087,293088,1,6
293081,293082,293088,6,1
293081,293087,293088,1,6
293081,293087,293088,1,6
293081,293088,293089,1,7
293081,293082,293088,6,1
293081,293087,293088,1,6
293081,293088,293089,1,7
293081,293082,293090,8,1
293081,293082,293089,7,1
293081,293082,293089,7,1
293081,293082,293089,7,1
293081,293088,293089,1,7
293081,293088,293090,2,7
293081,293088,293090,2,7
293081,293088,293090,2,7
293081,293082,293089,7,1
293081,293088,293089,1,7
293081,293089,293090,1,8
293081,293089,293090,1,8
293081,293082,293090,8,1
293081,293089,293090,1,8
293081,293089,293090,1,8
293081,293082,293090,8,1
293081,293089,293090,1,8
293081,293088,293090,2,7
293081,293082,293091,9,1
293081,293082,293090,8,1
293081,293082,293090,8,1
293081,293088,293090,2,7
293081,293082,293090,8,1
293081,293088,293090,2,7
293081,293089,293091,2,8
293081,293088,293090,2,7
293081,293089,293091,2,8
293081,293082,293090,8,1
293081,293082,293090,8,1
293081,293087,293090,3,6
293081,293082,293091,9,1
293081,293082,293090,8,1
293081,293082,293091,9,1
293081,293082,293091,9,1
293081,293082,293092,10,1
293081,293088,293092,4,7
293081,293082,293093,11,1
293081,293082,293096,14,1
293081,293082,293098,16,1
293081,293082,293101,19,1
293209,293209,293210,1,0
293209,293209,293210,1,0
293209,293209,293210,1,0
293209,293209,293210,1,0
293209,293209,293210,1,0
293209,293209,293210,1,0
293209,293209,293212,3,0
293209,293211,293212,1,2
293209,293211,293212,1,2
293209,293211,293212,1,2
293209,293211,293213,2,2
293209,293212,293213,1,3
293209,293209,293213,4,0
293209,293212,293213,1,3
293209,293211,293213,2,2
293209,293212,293213,1,3
293209,293209,293214,5,0
293209,293209,293213,4,0
293209,293212,293214,2,3
293209,293209,293214,5,0
293209,293211,293213,2,2
293209,293209,293214,5,0
293209,293209,293215,6,0
293209,293209,293215,6,0
293209,293209,293214,5,0
293209,293213,293215,2,4
293209,293209,293215,6,0
293209,293213,293214,1,4
293209,293213,293214,1,4
293209,293213,293214,1,4
293209,293209,293215,6,0
293209,293213,293215,2,4
293209,293213,293214,1,4
293209,293209,293215,6,0
293209,293209,293215,6,0
293209,293214,293216,2,5
293209,293214,293215,1,5
293209,293209,293216,7,0
293209,293209,293215,6,0
293209,293214,293215,1,5
293209,293209,293216,7,0
293209,293215,293216,1,6
293209,293209,293216,7,0
293209,293209,293217,8,0
293209,293209,293216,7,0
293209,293209,293216,7,0
293209,293209,293217,8,0
293209,293214,293217,3,5
293209,293209,293217,8,0
293209,293209,293217,8,0
293209,293215,293216,1,6
293209,293215,293216,1,6
293209,293209,293216,7,0
293209,293215,293216,1,6
293209,293209,293216,7,0
293209,293215,293216,1,6
293209,293215,293217,2,6
293209,293209,293217,8,0
293209,293215,293216,1,6
293209,293215,293216,1,6
293209,293215,293216,1,6
293209,293209,293217,8,0
293209,293215,293218,3,6
293209,293209,293217,8,0
293209,293215,293217,2,6
293209,293216,293218,2,7
293209,293214,293217,3,5
293209,293216,293218,2,7
293209,293209,293218,9,0
293209,293214,293218,4,5
293209,293209,293218,9,0
293209,293209,293218,9,0
293209,293209,293219,10,0
293209,293209,293220,11,0
293209,293209,293224,15,0
293209,293209,293224,15,0
293209,293209,293225,16,0
293209,293209,293227,18,0
293209,293209,293228,19,0
293401,293401,293402,1,0
293401,293401,293402,1,0
293401,293401,293402,1,0
293401,293401,293402,1,0
293401,293401,293402,1,0
293401,293401,293403,2,0
293401,293401,293402,1,0
293401,293403,293404,1,2
293401,293403,293404,1,2
293401,293401,293405,4,0
293401,293403,293404,1,2
293401,293403,293404,1,2
293401,293402,293405,3,1
293401,293402,293405,3,1
293401,293401,293406,5,0
293401,293401,293406,5,0
293401,293401,293406,5,0
293401,293405,293406,1,4
293401,293401,293405,4,0
293401,293405,293406,1,4
293401,293403,293405,2,2
293401,293405,293406,1,4
293401,293401,293406,5,0
293401,293405,293406,1,4
293401,293401,293405,4,0
293401,293405,293406,1,4
293401,293401,293407,6,0
293401,293406,293407,1,5
293401,293401,293406,5,0
293401,293401,293407,6,0
293401,293405,293406,1,4
293401,293406,293407,1,5
293401,293405,293407,2,4
293401,293406,293407,1,5
293401,293406,293407,1,5
293401,293401,293408,7,0
293401,293406,293408,2,5
293401,293406,293408,2,5
293401,293406,293408,2,5
293401,293406,293407,1,5
293401,293407,293408,1,6
293401,293401,293408,7,0
293401,293406,293408,2,5
293401,293406,293407,1,5
293401,293407,293408,1,6
293401,293407,293408,1,6
293401,293406,293407,1,5
293401,293407,293408,1,6
293401,293407,293408,1,6
293401,293407,293408,1,6
293401,293401,293409,8,0
293401,293401,293408,7,0
293401,293401,293409,8,0
293401,293407,293409,2,6
293401,293401,293408,7,0
293401,293401,293409,8,0
293401,293406,293409,3,5
293401,293401,293408,7,0
293401,293401,293409,8,0
293401,293401,293409,8,0
293401,293401,293409,8,0
293401,293407,293408,1,6
293401,293407,293408,1,6
293401,293401,293409,8,0
293401,293401,293409,8,0
293401,293401,293410,9,0
293401,293401,293410,9,0
293401,293401,293410,9,0
293401,293401,293409,8,0
293401,293401,293410,9,0
293401,293401,293409,8,0
293401,293401,293412,11,0
293401,293401,293412,11,0
293401,293401,293411,10,0
293401,293401,293412,11,0
293401,293401,293414,13,0
293401,293401,293415,14,0
293401,293401,293417,16,0
293401,293401,293418,17,0
293528,293529,293530,1,1
293528,293529,293530,1,1
293528,293529,293530,1,1
293528,293529,293530,1,1
293528,293529,293530,1,1
293528,293529,293530,1,1
293528,293529,293530,1,1
293528,293529,293532,3,1
293528,293531,293532,1,3
293528,293531,293532,1,3
293528,293531,293533,2,3
293528,293530,293532,2,2
293528,293531,293532,1,3
293528,293531,293532,1,3
293528,293531,293532,1,3
293528,293529,293533,4,1
293528,293529,293533,4,1
293528,293529,293533,4,1
293528,293533,293534,1,5
293528,293533,293534,1,5
293528,293533,293534,1,5
293528,293529,293534,5,1
293528,293529,293534,5,1
293528,293533,293534,1,5
293528,293533,293534,1,5
293528,293529,293534,5,1
293528,293533,293534,1,5
293528,293534,293535,1,6
293528,293533,293534,1,5
293528,293529,293534,5,1
293528,293533,293534,1,5
293528,293529,293535,6,1
293528,293529,293535,6,1
293528,293529,293535,6,1
293528,293534,293535,1,6
293528,293529,293535,6,1
293528,293529,293536,7,1
293528,293534,293535,1,6
293528,293535,293536,1,7
293528,293529,293536,7,1
293528,293534,293535,1,6
293528,293535,293536,1,7
293528,293535,293536,1,7
293528,293529,293536,7,1
293528,293534,293535,1,6
293528,293529,293536,7,1
293528,293534,293535,1,6
293528,293535,293536,1,7
293528,293529,293535,6,1
293528,293535,293536,1,7
293528,293529,293536,7,1
293528,293529,293536,7,1
293528,293529,293536,7,1
293528,293535,293536,1,7
293528,293535,293536,1,7
293528,293535,293536,1,7
293528,293535,293536,1,7
293528,293535,293536,1,7
293528,293529,293538,9,1
293528,293536,293537,1,8
293528,293529,293537,8,1
293528,293529,293537,8,1
293528,293529,293537,8,1
293528,293536,293538,2,8
293528,293536,293538,2,8
293528,293529,293537,8,1
293528,293529,293539,10,1
293528,293529,293538,9,1
293528,293529,293538,9,1
293528,293529,293538,9,1
293528,293536,293538,2,8
293528,293529,293539,10,1
293528,293529,293538,9,1
293528,293529,293539,10,1
293528,293529,293541,12,1
293528,293529,293541,12,1
293528,293529,293544,15,1
293528,293529,293544,15,1
293528,293529,293546,17,1
293720,293720,293721,1,0
293720,293720,293721,1,0
293720,293720,293721,1,0
293720,293720,293721,1,0
293720,293720,293721,1,0
293720,293720,293721,1,0
293720,293720,293721,1,0
293720,293721,293723,2,1
293720,293721,293722,1,1
293720,293720,293723,3,0
293720,293722,293723,1,2
293720,293722,293723,1,2
293720,293720,293724,4,0
293720,293720,293725,5,0
293720,293720,293724,4,0
293720,293720,293724,4,0
293720,293723,293725,2,3
293720,293720,293724,4,0
293720,293723,293725,2,3
293720,293722,293724,2,2
293720,293722,293724,2,2
293720,293724,293725,1,4
293720,293722,293724,2,2
293720,293720,293725,5,0
293720,293725,293726,1,5
293720,293724,293725,1,4
293720,293724,293725,1,4
293720,293725,293726,1,5
293720,293725,293726,1,5
293720,293720,293726,6,0
293720,293720,293727,7,0
293720,293725,293726,1,5
293720,293725,293726,1,5
293720,293725,293726,1,5
293720,293725,293727,2,5
293720,293720,293727,7,0
293720,293725,293726,1,5
293720,293725,293726,1,5
293720,293720,293726,6,0
293720,293726,293727,1,6
293720,293726,293727,1,6
293720,293720,293726,6,0
293720,293725,293726,1,5
293720,293726,293727,1,6
293720,293720,293726,6,0
293720,293725,293726,1,5
293720,293726,293727,1,6
293720,293726,293727,1,6
293720,293720,293727,7,0
293720,293720,293728,8,0
293720,293720,293727,7,0
293720,293720,293728,8,0
293720,293720,293727,7,0
293720,293720,293727,7,0
293720,293726,293727,1,6
293720,293727,293728,1,7
293720,293720,293728,8,0
293720,293727,293728,1,7
293720,293727,293728,1,7
293720,293727,293728,1,7
293720,293720,293728,8,0
293720,293727,293728,1,7
293720,293727,293729,2,7
293720,293720,293728,8,0
293720,293720,293728,8,0
293720,293720,293729,9,0
293720,293720,293729,9,0
293720,293720,293729,9,0
293720,293720,293730,10,0
293720,293720,293730,10,0
293720,293720,293731,11,0
293720,293720,293731,11,0
293720,293720,293732,12,0
293720,293720,293731,11,0
293720,293720,293731,11,0
293720,293720,293732,12,0
293720,293720,293732,12,0
293720,293720,293733,13,0
293720,293720,293736,16,0
293975,293975,293976,1,0
293975,293975,293976,1,0
293975,293975,293976,1,0
293975,293975,293976,1,0
293975,293975,293976,1,0
293975,293975,293976,1,0
293975,293975,293976,1,0
293975,293975,293977,2,0
293975,293975,293977,2,0
293975,293975,293978,3,0
293975,293975,293978,3,0
293975,293976,293977,1,1
293975,293975,293978,3,0
293975,293975,293979,4,0
293975,293975,293978,3,0
293975,293975,293978,3,0
293975,293975,293979,4,0
293975,293975,293979,4,0
293975,293975,293978,3,0
293975,293977,293979,2,2
293975,293977,293978,1,2
293975,293977,293978,1,2
293975,293977,293979,2,2
293975,293977,293978,1,2
293975,293977,293979,2,2
293975,293978,293979,1,3
293975,293977,293978,1,2
293975,293978,293979,1,3
293975,293975,293980,5,0
293975,293975,293980,5,0
293975,293975,293979,4,0
293975,293978,293980,2,3
293975,293979,293980,1,4
293975,293979,293980,1,4
293975,293975,293979,4,0
293975,293979,293980,1,4
293975,293979,293980,1,4
293975,293975,293980,5,0
293975,293975,293980,5,0
293975,293979,293981,2,4
293975,293979,293981,2,4
293975,293979,293981,2,4
293975,293978,293980,2,3
293975,293979,293981,2,4
293975,293979,293980,1,4
293975,293979,293980,1,4
293975,293975,293981,6,0
293975,293979,293980,1,4
293975,293979,293980,1,4
293975,293975,293981,6,0
293975,293979,293980,1,4
293975,293979,293980,1,4
293975,293979,293980,1,4
293975,293980,293981,1,5
293975,293975,293980,5,0
293975,293980,293981,1,5
293975,293980,293981,1,5
293975,293980,293982,2,5
293975,293980,293982,2,5
293975,293975,293981,6,0
293975,293979,293981,2,4
293975,293975,293981,6,0
293975,293980,293982,2,5
293975,293980,293982,2,5
293975,293975,293982,7,0
293975,293975,293982,7,0
293975,293975,293982,7,0
293975,293975,293982,7,0
293975,293975,293983,8,0
293975,293975,293983,8,0
293975,293975,293982,7,0
293975,293975,293982,7,0
293975,293975,293984,9,0
293975,293975,293983,8,0
293975,293975,293984,9,0
293975,293975,293985,10,0
293975,293975,293987,12,0
293975,293975,293986,11,0
293975,293975,293993,18,0
294106,294106,294107,1,0
294106,294106,294107,1,0
294106,294106,294107,1,0
294106,294106,294107,1,0
294106,294106,294107,1,0
294106,294106,294107,1,0
294106,294106,294107,1,0
294106,294106,294108,2,0
294106,294106,294108,2,0
294106,294106,294109,3,0
294106,294106,294108,2,0
294106,294106,294108,2,0
294106,294106,294108,2,0
294106,294106,294109,3,0
294106,294106,294108,2,0
294106,294106,294108,2,0
294106,294106,294109,3,0
294106,294108,294109,1,2
294106,294108,294109,1,2
294106,294107,294108,1,1
294106,294108,294109,1,2
294106,294107,294108,1,1
294106,294107,294108,1,1
294106,294108,294109,1,2
294106,294106,294109,3,0
294106,294106,294109,3,0
294106,294106,294109,3,0
294106,294106,294109,3,0
294106,294106,294109,3,0
294106,294106,294109,3,0
294106,294109,294110,1,3
294106,294109,294110,1,3
294106,294109,294111,2,3
294106,294109,294111,2,3
294106,294109,294111,2,3
294106,294109,294111,2,3
294106,294109,294110,1,3
294106,294109,294111,2,3
294106,294109,294111,2,3
294106,294109,294110,1,3
294106,294109,294110,1,3
294106,294110,294111,1,4
294106,294109,294110,1,3
294106,294110,294111,1,4
294106,294106,294112,6,0
294106,294110,294111,1,4
294106,294109,294111,2,3
294106,294110,294112,2,4
294106,294106,294111,5,0
294106,294109,294111,2,3
294106,294109,294111,2,3
294106,294110,294112,2,4
294106,294110,294112,2,4
294106,294106,294111,5,0
294106,294106,294111,5,0
294106,294106,294112,6,0
294106,294109,294112,3,3
294106,294110,294112,2,4
294106,294110,294112,2,4
294106,294106,294112,6,0
294106,294106,294112,6,0
294106,294106,294112,6,0
294106,294111,294113,2,5
294106,294111,294113,2,5
294106,294106,294113,7,0
294106,294111,294113,2,5
294106,294110,294112,2,4
294106,294106,294113,7,0
294106,294106,294113,7,0
294106,294106,294114,8,0
294106,294106,294114,8,0
294106,294106,294113,7,0
294106,294106,294116,10,0
294106,294106,294116,10,0
294106,294106,294119,13,0
294106,294106,294120,14,0
294106,294106,294120,14,0
294106,294106,294121,15,0
294106,294106,294121,15,0
294364,294364,294365,1,0
294364,294364,294365,1,0
294364,294364,294365,1,0
294364,294364,294365,1,0
294364,294364,294365,1,0
294364,294364,294365,1,0
294364,294364,294365,1,0
294364,294364,294367,3,0
294364,294364,294367,3,0
294364,294364,294368,4,0
294364,294364,294368,4,0
294364,294366,294367,1,2
294364,294364,294367,3,0
294364,294366,294367,1,2
294364,294366,294367,1,2
294364,294366,294368,2,2
294364,294364,294367,3,0
294364,294366,294368,2,2
294364,294364,294368,4,0
294364,294364,294369,5,0
294364,294364,294368,4,0
294364,294364,294368,4,0
294364,294364,294368,4,0
294364,294366,294369,3,2
294364,294368,294369,1,4
294364,294367,294368,1,3
294364,294364,294369,5,0
294364,294364,294369,5,0
294364,294368,294370,2,4
294364,294368,294369,1,4
294364,294364,294370,6,0
294364,294368,294370,2,4
294364,294364,294370,6,0
294364,294366,294369,3,2
294364,294368,294370,2,4
294364,294369,294370,1,5
294364,294368,294369,1,4
294364,294368,294369,1,4
294364,294369,294370,1,5
294364,294364,294370,6,0
294364,294369,294370,1,5
294364,294369,294371,2,5
294364,294368,294371,3,4
294364,294364,294370,6,0
294364,294369,294371,2,5
294364,294364,294370,6,0
294364,294364,294370,6,0
294364,294369,294370,1,5
294364,294369,294370,1,5
294364,294369,294370,1,5
294364,294370,294371,1,6
294364,294364,294372,8,0
294364,294364,294371,7,0
294364,294364,294371,7,0
294364,294370,294371,1,6
294364,294364,294372,8,0
294364,294364,294372,8,0
294364,294368,294372,4,4
294364,294370,294371,1,6
294364,294370,294371,1,6
294364,294370,294371,1,6
294364,294370,294371,1,6
294364,294370,294371,1,6
294364,294370,294371,1,6
294364,294364,294371,7,0
294364,294364,294372,8,0
294364,294364,294372,8,0
294364,294364,294372,8,0
294364,294364,294372,8,0
294364,294370,294372,2,6
294364,294368,294374,6,4
294364,294364,294374,10,0
294364,294364,294374,10,0
294364,294364,294375,11,0
294364,294364,294376,12,0
294364,294364,294376,12,0
294364,294364,294379,15,0
294364,294364,294378,14,0
294364,294364,294380,16,0
294750,294750,294751,1,0
294750,294750,294751,1,0
294750,294750,294751,1,0
294750,294750,294751,1,0
294750,294750,294751,1,0
294750,294750,294751,1,0
294750,294750,294752,2,0
294750,294751,294753,2,1
294750,294751,294752,1,1
294750,294751,294753,2,1
294750,294751,294754,3,1
294750,294750,294755,5,0
294750,294752,294755,3,2
294750,294752,294754,2,2
294750,294752,294754,2,2
294750,294750,294755,5,0
294750,294750,294755,5,0
294750,294753,294755,2,3
294750,294753,294755,2,3
294750,294750,294756,6,0
294750,294750,294756,6,0
294750,294750,294756,6,0
294750,294750,294756,6,0
294750,294750,294756,6,0
294750,294750,294756,6,0
294750,294750,294756,6,0
294750,294750,294756,6,0
294750,294754,294756,2,4
294750,294755,294756,1,5
294750,294750,294756,6,0
294750,294754,294756,2,4
294750,294755,294756,1,5
294750,294750,294756,6,0
294750,294750,294757,7,0
294750,294750,294757,7,0
294750,294750,294757,7,0
294750,294750,294756,6,0
294750,294755,294757,2,5
294750,294756,294757,1,6
294750,294750,294756,6,0
294750,294755,294757,2,5
294750,294755,294757,2,5
294750,294750,294756,6,0
294750,294755,294757,2,5
294750,294755,294757,2,5
294750,294756,294757,1,6
294750,294756,294757,1,6
294750,294756,294757,1,6
294750,294750,294757,7,0
294750,294756,294757,1,6
294750,294756,294757,1,6
294750,294750,294758,8,0
294750,294750,294758,8,0
294750,294750,294757,7,0
294750,294750,294758,8,0
294750,294756,294758,2,6
294750,294750,294758,8,0
294750,294750,294758,8,0
294750,294756,294758,2,6
294750,294756,294758,2,6
294750,294750,294758,8,0
294750,294750,294758,8,0
294750,294756,294758,2,6
294750,294756,294758,2,6
294750,294755,294759,4,5
294750,294757,294759,2,7
294750,294750,294759,9,0
294750,294750,294759,9,0
294750,294756,294759,3,6
294750,294757,294759,2,7
294750,294750,294759,9,0
294750,294756,294759,3,6
294750,294750,294759,9,0
294750,294756,294759,3,6
294750,294750,294759,9,0
294750,294750,294760,10,0
294750,294750,294760,10,0
294750,294750,294760,10,0
294750,294750,294764,14,0
294945,294945,294946,1,0
294945,294945,294946,1,0
294945,294945,294946,1,0
294945,294945,294946,1,0
294945,294945,294946,1,0
294945,294945,294946,1,0
294945,294945,294946,1,0
294945,294946,294948,2,1
294945,294945,294949,4,0
294945,294946,294948,2,1
294945,294947,294948,1,2
294945,294947,294949,2,2
294945,294947,294949,2,2
294945,294945,294950,5,0
294945,294945,294949,4,0
294945,294945,294950,5,0
294945,294945,294949,4,0
294945,294945,294949,4,0
294945,294945,294950,5,0
294945,294947,294949,2,2
294945,294947,294950,3,2
294945,294945,294951,6,0
294945,294945,294950,5,0
294945,294945,294951,6,0
294945,294948,294950,2,3
294945,294945,294951,6,0
294945,294949,294950,1,4
294945,294945,294950,5,0
294945,294945,294950,5,0
294945,294949,294951,2,4
294945,294945,294952,7,0
294945,294945,294952,7,0
294945,294950,294952,2,5
294945,294945,294951,6,0
294945,294945,294952,7,0
294945,294949,294951,2,4
294945,294950,294951,1,5
294945,294949,294952,3,4
294945,294945,294951,6,0
294945,294945,294952,7,0
294945,294950,294951,1,5
294945,294951,294952,1,6
294945,294950,294951,1,5
294945,294951,294952,1,6
294945,294951,294952,1,6
294945,294945,294953,8,0
294945,294945,294952,7,0
294945,294950,294952,2,5
294945,294949,294953,4,4
294945,294950,294953,3,5
294945,294950,294953,3,5
294945,294945,294953,8,0
294945,294945,294952,7,0
294945,294951,294952,1,6
294945,294951,294952,1,6
294945,294945,294952,7,0
294945,294951,294952,1,6
294945,294951,294952,1,6
294945,294951,294952,1,6
294945,294951,294952,1,6
294945,294952,294954,2,7
294945,294945,294953,8,0
294945,294945,294954,9,0
294945,294945,294953,8,0
294945,294950,294953,3,5
294945,294952,294954,2,7
294945,294945,294954,9,0
294945,294945,294953,8,0
294945,294945,294953,8,0
294945,294952,294954,2,7
294945,294952,294953,1,7
294945,294952,294953,1,7
294945,294945,294954,9,0
294945,294945,294955,10,0
294945,294945,294956,11,0
294945,294945,294955,10,0
294945,294945,294956,11,0
294945,294945,294956,11,0
294945,294945,294957,12,0
295137,295137,295138,1,0
295137,295137,295138,1,0
295137,295137,295138,1,0
295137,295137,295139,2,0
295137,295137,295139,2,0
295137,295137,295139,2,0
295137,295137,295139,2,0
295137,295137,295140,3,0
295137,295138,295140,2,1
295137,295137,295141,4,0
295137,295137,295141,4,0
295137,295139,295141,2,2
295137,295139,295141,2,2
295137,295139,295141,2,2
295137,295139,295141,2,2
295137,295139,295141,2,2
295137,295137,295142,5,0
295137,295137,295142,5,0
295137,295139,295142,3,2
295137,295140,295142,2,3
295137,295137,295142,5,0
295137,295137,295143,6,0
295137,295137,295143,6,0
295137,295137,295143,6,0
295137,295137,295143,6,0
295137,295141,295143,2,4
295137,295137,295143,6,0
295137,295137,295143,6,0
295137,295142,295143,1,5
295137,295142,295143,1,5
295137,295137,295143,6,0
295137,295137,295143,6,0
295137,295140,295143,3,3
295137,295142,295143,1,5
295137,295142,295143,1,5
295137,295137,295143,6,0
295137,295137,295144,7,0
295137,295137,295144,7,0
295137,295142,295144,2,5
295137,295142,295144,2,5
295137,295137,295144,7,0
295137,295142,295144,2,5
295137,295137,295144,7,0
295137,295143,295144,1,6
295137,295144,295145,1,7
295137,295144,295145,1,7
295137,295137,295145,8,0
295137,295143,295145,2,6
295137,295137,295145,8,0
295137,295137,295145,8,0
295137,295141,295145,4,4
295137,295143,295145,2,6
295137,295137,295144,7,0
295137,295141,295145,4,4
295137,295143,295145,2,6
295137,295137,295145,8,0
295137,295137,295145,8,0
295137,295137,295145,8,0
295137,295144,295145,1,7
295137,295144,295145,1,7
295137,295144,295145,1,7
295137,295144,295145,1,7
295137,295144,295145,1,7
295137,295144,295145,1,7
295137,295137,295146,9,0
295137,295137,295146,9,0
295137,295137,295146,9,0
295137,295137,295147,10,0
295137,295137,295147,10,0
295137,295137,295147,10,0
295137,295137,295148,11,0
295137,295137,295148,11,0
295137,295137,295150,13,0
295137,295137,295151,14,0
295137,295137,295154,17,0
295396,295396,295397,1,0
295396,295396,295397,1,0
295396,295396,295398,2,0
295396,295396,295398,2,0
295396,295396,295397,1,0
295396,295396,295398,2,0
295396,295396,295398,2,0
295396,295396,295399,3,0
295396,295396,295399,3,0
295396,295396,295399,3,0
295396,295396,295399,3,0
295396,295398,295399,1,2
295396,295396,295400,4,0
295396,295396,295400,4,0
295396,295398,295400,2,2
295396,295398,295400,2,2
295396,295398,295400,2,2
295396,295396,295400,4,0
295396,295398,295400,2,2
295396,295398,295400,2,2
295396,295398,295400,2,2
295396,295396,295401,5,0
295396,295396,295401,5,0
295396,295400,295401,1,4
295396,295400,295401,1,4
295396,295396,295402,6,0
295396,295396,295402,6,0
295396,295401,295402,1,5
295396,295401,295402,1,5
295396,295401,295402,1,5
295396,295396,295402,6,0
295396,295401,295402,1,5
295396,295401,295402,1,5
295396,295401,295402,1,5
295396,295401,295402,1,5
295396,295402,295403,1,6
295396,295400,295403,3,4
295396,295396,295403,7,0
295396,295396,295403,7,0
295396,295401,295403,2,5
295396,295400,295403,3,4
295396,295396,295403,7,0
295396,295396,295403,7,0
295396,295399,295403,4,3
295396,295396,295403,7,0
295396,295402,295403,1,6
295396,295396,295403,7,0
295396,295396,295403,7,0
295396,295396,295403,7,0
295396,295396,295403,7,0
295396,295403,295404,1,7
295396,295403,295404,1,7
295396,295403,295404,1,7
295396,295396,295404,8,0
295396,295396,295404,8,0
295396,295396,295404,8,0
295396,295396,295404,8,0
295396,295399,295404,5,3
295396,295403,295404,1,7
295396,295396,295404,8,0
295396,295399,295404,5,3
295396,295403,295404,1,7
295396,295403,295404,1,7
295396,295396,295404,8,0
295396,295403,295404,1,7
295396,295403,295404,1,7
295396,295396,295404,8,0
295396,295403,295404,1,7
295396,295403,295404,1,7
295396,295396,295404,8,0
295396,295396,295405,9,0
295396,295396,295405,9,0
295396,295396,295406,10,0
295396,295396,295408,12,0
295396,295396,295409,13,0
295396,295396,295410,14,0
295396,295396,295410,14,0
295396,295396,295411,15,0
295528,295528,295529,1,0
295528,295528,295529,1,0
295528,295528,295530,2,0
295528,295528,295529,1,0
295528,295528,295530,2,0
295528,295528,295530,2,0
295528,295528,295529,1,0
295528,295529,295530,1,1
295528,295529,295530,1,1
295528,295528,295530,2,0
295528,295528,295531,3,0
295528,295528,295531,3,0
295528,295528,295531,3,0
295528,295528,295532,4,0
295528,295528,295532,4,0
295528,295528,295532,4,0
295528,295528,295532,4,0
295528,295530,295532,2,2
295528,295528,295532,4,0
295528,295530,295532,2,2
295528,295528,295532,4,0
295528,295530,295532,2,2
295528,295530,295531,1,2
295528,295530,295532,2,2
295528,295528,295532,4,0
295528,295530,295532,2,2
295528,295528,295533,5,0
295528,295532,295533,1,4
295528,295532,295533,1,4
295528,295530,295532,2,2
295528,295532,295533,1,4
295528,295532,295533,1,4
295528,295532,295533,1,4
295528,295528,295534,6,0
295528,295528,295534,6,0
295528,295528,295534,6,0
295528,295531,295534,3,3
295528,295532,295534,2,4
295528,295528,295534,6,0
295528,295532,295534,2,4
295528,295528,295534,6,0
295528,295532,295534,2,4
295528,295533,295534,1,5
295528,295532,295534,2,4
295528,295532,295534,2,4
295528,295534,295535,1,6
295528,295528,295535,7,0
295528,295528,295535,7,0
295528,295531,295535,4,3
295528,295528,295535,7,0
295528,295532,295535,3,4
295528,295532,295535,3,4
295528,295532,295535,3,4
295528,295533,295535,2,5
295528,295531,295535,4,3
295528,295534,295535,1,6
295528,295528,295535,7,0
295528,295528,295535,7,0
295528,295534,295535,1,6
295528,295528,295535,7,0
295528,295534,295535,1,6
295528,295528,295536,8,0
295528,295534,295536,2,6
295528,295534,295536,2,6
295528,295528,295536,8,0
295528,295528,295536,8,0
295528,295528,295536,8,0
295528,295528,295536,8,0
295528,295528,295536,8,0
295528,295528,295537,9,0
295528,295531,295537,6,3
295528,295528,295538,10,0
295528,295528,295538,10,0
295528,295528,295539,11,0
295528,295528,295540,12,0
295528,295528,295540,12,0
295528,295528,295542,14,0
295528,295528,295543,15,0
295790,295790,295791,1,0
295790,295790,295791,1,0
295790,295790,295791,1,0
295790,295790,295791,1,0
295790,295790,295791,1,0
295790,295790,295791,1,0
295790,295790,295791,1,0
295790,295790,295793,3,0
295790,295790,295792,2,0
295790,295792,295793,1,2
295790,295790,295793,3,0
295790,295790,295793,3,0
295790,295792,295793,1,2
295790,295792,295793,1,2
295790,295792,295793,1,2
295790,295792,295793,1,2
295790,295792,295793,1,2
295790,295790,295795,5,0
295790,295790,295794,4,0
295790,295790,295795,5,0
295790,295792,295794,2,2
295790,295793,295794,1,3
295790,295790,295794,4,0
295790,295793,295794,1,3
295790,295793,295794,1,3
295790,295790,295795,5,0
295790,295790,295796,6,0
295790,295790,295795,5,0
295790,295790,295795,5,0
295790,295790,295795,5,0
295790,295790,295795,5,0
295790,295794,295795,1,4
295790,295794,295795,1,4
295790,295790,295795,5,0
295790,295794,295796,2,4
295790,295794,295795,1,4
295790,295790,295796,6,0
295790,295794,295795,1,4
295790,295794,295795,1,4
295790,295790,295795,5,0
295790,295795,295796,1,5
295790,295795,295796,1,5
295790,295795,295796,1,5
295790,295790,295796,6,0
295790,295790,295796,6,0
295790,295790,295796,6,0
295790,295795,295796,1,5
295790,295795,295796,1,5
295790,295795,295796,1,5
295790,295790,295796,6,0
295790,295796,295797,1,6
295790,295796,295797,1,6
295790,295790,295796,6,0
295790,295796,295797,1,6
295790,295796,295797,1,6
295790,295790,295797,7,0
295790,295795,295797,2,5
295790,295790,295797,7,0
295790,295794,295797,3,4
295790,295795,295797,2,5
295790,295796,295798,2,6
295790,295796,295798,2,6
295790,295790,295798,8,0
295790,295796,295798,2,6
295790,295796,295798,2,6
295790,295796,295798,2,6
295790,295790,295797,7,0
295790,295796,295797,1,6
295790,295790,295799,9,0
295790,295790,295798,8,0
295790,295790,295799,9,0
295790,295790,295800,10,0
295790,295790,295799,9,0
295790,295790,295800,10,0
295790,295790,295803,13,0
295790,295790,295803,13,0
295790,295790,295805,15,0
295790,295790,295807,17,0
295790,295790,295809,19,0
295922,295922,295923,1,0
295922,295922,295923,1,0
295922,295922,295923,1,0
295922,295922,295923,1,0
295922,295922,295923,1,0
295922,295922,295923,1,0
295922,295922,295923,1,0
295922,295923,295924,1,1
295922,295922,295925,3,0
295922,295922,295925,3,0
295922,295923,295925,2,1
295922,295923,295925,2,1
295922,295923,295925,2,1
295922,295922,295926,4,0
295922,295924,295926,2,2
295922,295922,295926,4,0
295922,295924,295926,2,2
295922,295923,295925,2,1
295922,295922,295926,4,0
295922,295924,295926,2,2
295922,295925,295926,1,3
295922,295925,295927,2,3
295922,295925,295927,2,3
295922,295925,295927,2,3
295922,295926,295927,1,4
295922,295922,295927,5,0
295922,295922,295928,6,0
295922,295922,295927,5,0
295922,295922,295928,6,0
295922,295925,295927,2,3
295922,295926,295927,1,4
295922,295926,295927,1,4
295922,295927,295928,1,5
295922,295926,295927,1,4
295922,295927,295928,1,5
295922,295922,295928,6,0
295922,295926,295927,1,4
295922,295927,295928,1,5
295922,295922,295928,6,0
295922,295922,295929,7,0
295922,295922,295928,6,0
295922,295922,295928,6,0
295922,295922,295928,6,0
295922,295927,295928,1,5
295922,295928,295929,1,6
295922,295922,295929,7,0
295922,295928,295929,1,6
295922,295927,295928,1,5
295922,295927,295928,1,5
295922,295922,295929,7,0
295922,295922,295929,7,0
295922,295928,295929,1,6
295922,295928,295929,1,6
295922,295922,295929,7,0
295922,295922,295929,7,0
295922,295927,295930,3,5
295922,295922,295930,8,0
295922,295922,295929,7,0
295922,295928,295930,2,6
295922,295922,295930,8,0
295922,295928,295930,2,6
295922,295922,295929,7,0
295922,295928,295929,1,6
295922,295922,295929,7,0
295922,295928,295930,2,6
295922,295928,295930,2,6
295922,295928,295930,2,6
295922,295922,295931,9,0
295922,295922,295931,9,0
295922,295922,295932,10,0
295922,295922,295931,9,0
295922,295922,295932,10,0
295922,295922,295932,10,0
295922,295922,295932,10,0
295922,295922,295934,12,0
295922,295922,295934,12,0
295922,295922,295936,14,0
295922,295922,295937,15,0
295922,295922,295941,19,0
296052,296052,296053,1,0
296052,296052,296053,1,0
296052,296052,296053,1,0
296052,296052,296053,1,0
296052,296052,296053,1,0
296052,296052,296053,1,0
296052,296052,296053,1,0
296052,296053,296054,1,1
296052,296053,296055,2,1
296052,296053,296054,1,1
296052,296052,296056,4,0
296052,296052,296056,4,0
296052,296053,296055,2,1
296052,296052,296057,5,0
296052,296052,296056,4,0
296052,296052,296057,5,0
296052,296052,296057,5,0
296052,296052,296057,5,0
296052,296054,296056,2,2
296052,296054,296056,2,2
296052,296054,296056,2,2
296052,296052,296057,5,0
296052,296055,296056,1,3
296052,296052,296058,6,0
296052,296052,296057,5,0
296052,296052,296058,6,0
296052,296052,296058,6,0
296052,296055,296057,2,3
296052,296055,296058,3,3
296052,296057,296058,1,5
296052,296057,296058,1,5
296052,296052,296058,6,0
296052,296052,296058,6,0
296052,296056,296058,2,4
296052,296052,296059,7,0
296052,296056,296059,3,4
296052,296057,296058,1,5
296052,296052,296059,7,0
296052,296057,296059,2,5
296052,296057,296059,2,5
296052,296052,296059,7,0
296052,296052,296058,6,0
296052,296058,296059,1,6
296052,296052,296059,7,0
296052,296052,296059,7,0
296052,296058,296059,1,6
296052,296052,296059,7,0
296052,296056,296058,2,4
296052,296052,296059,7,0
296052,296052,296060,8,0
296052,296052,296060,8,0
296052,296057,296060,3,5
296052,296052,296060,8,0
296052,296058,296060,2,6
296052,296052,296059,7,0
296052,296059,296060,1,7
296052,296058,296059,1,6
296052,296058,296059,1,6
296052,296058,296061,3,6
296052,296052,296060,8,0
296052,296052,296060,8,0
296052,296058,296060,2,6
296052,296059,296061,2,7
296052,296052,296060,8,0
296052,296052,296061,9,0
296052,296059,296061,2,7
296052,296057,296062,5,5
296052,296058,296061,3,6
296052,296052,296061,9,0
296052,296052,296063,11,0
296052,296052,296063,11,0
296052,296052,296064,12,0
296052,296057,296064,7,5
296052,296057,296064,7,5
296052,296059,296063,4,7
296052,296052,296065,13,0
296052,296057,296064,7,5
296052,296052,296065,13,0
296052,296052,296069,17,0
296440,296440,296441,1,0
296440,296440,296441,1,0
296440,296440,296442,2,0
296440,296440,296441,1,0
296440,296440,296441,1,0
296440,296440,296441,1,0
296440,296440,296442,2,0
296440,296440,296443,3,0
296440,296440,296443,3,0
296440,296440,296442,2,0
296440,296440,296442,2,0
296440,296440,296443,3,0
296440,296440,296444,4,0
296440,296442,296444,2,2
296440,296442,296444,2,2
296440,296442,296443,1,2
296440,296442,296444,2,2
296440,296442,296443,1,2
296440,296443,296444,1,3
296440,296442,296444,2,2
296440,296440,296444,4,0
296440,296442,296444,2,2
296440,296440,296445,5,0
296440,296440,296446,6,0
296440,296440,296446,6,0
296440,296443,296446,3,3
296440,296444,296446,2,4
296440,296443,296446,3,3
296440,296440,296446,6,0
296440,296444,296445,1,4
296440,296443,296445,2,3
296440,296444,296446,2,4
296440,296444,296446,2,4
296440,296444,296446,2,4
296440,296445,296446,1,5
296440,296440,296446,6,0
296440,296444,296446,2,4
296440,296444,296446,2,4
296440,296443,296446,3,3
296440,296440,296447,7,0
296440,296440,296446,6,0
296440,296445,296447,2,5
296440,296446,296447,1,6
296440,296440,296447,7,0
296440,296440,296446,6,0
296440,296446,296447,1,6
296440,296440,296447,7,0
296440,296445,296447,2,5
296440,296446,296447,1,6
296440,296440,296446,6,0
296440,296446,296448,2,6
296440,296446,296448,2,6
296440,296446,296448,2,6
296440,296440,296448,8,0
296440,296446,296448,2,6
296440,296440,296447,7,0
296440,296440,296447,7,0
296440,296440,296448,8,0
296440,296446,296447,1,6
296440,296440,296448,8,0
296440,296440,296448,8,0
296440,296446,296447,1,6
296440,296446,296447,1,6
296440,296446,296448,2,6
296440,296446,296448,2,6
296440,296440,296449,9,0
296440,296440,296449,9,0
296440,296446,296448,2,6
296440,296440,296449,9,0
296440,296440,296449,9,0
296440,296440,296449,9,0
296440,296440,296450,10,0
296440,296440,296451,11,0
296440,296440,296451,11,0
296440,296440,296453,13,0
296440,296440,296454,14,0
296440,296440,296456,16,0
296440,296440,296458,18,0
296440,296440,296459,19,0
296829,296829,296830,1,0
296829,296829,296830,1,0
296829,296829,296830,1,0
296829,296829,296830,1,0
296829,296829,296830,1,0
296829,296829,296830,1,0
296829,296829,296830,1,0
296829,296829,296832,3,0
296829,296830,296831,1,1
296829,296829,296831,2,0
296829,296829,296831,2,0
296829,296829,296832,3,0
296829,296829,296831,2,0
296829,296830,296831,1,1
296829,296829,296832,3,0
296829,296829,296832,3,0
296829,296829,296833,4,0
296829,296831,296832,1,2
296829,296829,296832,3,0
296829,296829,296833,4,0
296829,296831,296833,2,2
296829,296831,296832,1,2
296829,296831,296832,1,2
296829,296831,296832,1,2
296829,296829,296832,3,0
296829,296829,296832,3,0
296829,296829,296833,4,0
296829,296833,296834,1,4
296829,296832,296834,2,3
296829,296832,296833,1,3
296829,296833,296835,2,4
296829,296833,296835,2,4
296829,296829,296834,5,0
296829,296832,296834,2,3
296829,296829,296834,5,0
296829,296829,296834,5,0
296829,296829,296835,6,0
296829,296829,296834,5,0
296829,296833,296835,2,4
296829,296832,296835,3,3
296829,296833,296834,1,4
296829,296834,296835,1,5
296829,296833,296835,2,4
296829,296833,296835,2,4
296829,296833,296835,2,4
296829,296833,296835,2,4
296829,296833,296834,1,4
296829,296834,296835,1,5
296829,296834,296836,2,5
296829,296832,296836,4,3
296829,296833,296835,2,4
296829,296829,296835,6,0
296829,296833,296835,2,4
296829,296829,296835,6,0
296829,296829,296835,6,0
296829,296835,296836,1,6
296829,296835,296836,1,6
296829,296829,296836,7,0
296829,296829,296835,6,0
296829,296834,296835,1,5
296829,296835,296837,2,6
296829,296829,296836,7,0
296829,296832,296837,5,3
296829,296835,296837,2,6
296829,296835,296837,2,6
296829,296832,296836,4,3
296829,296829,296836,7,0
296829,296829,296836,7,0
296829,296829,296837,8,0
296829,296829,296837,8,0
296829,296829,296837,8,0
296829,296829,296837,8,0
296829,296829,296839,10,0
296829,296829,296839,10,0
296829,296829,296842,13,0
296829,296829,296842,13,0
296829,296829,296844,15,0
296829,296829,296844,15,0
296829,296829,296846,17,0
296961,296961,296962,1,0
296961,296961,296962,1,0
296961,296961,296962,1,0
296961,296961,296962,1,0
296961,296961,296962,1,0
296961,296961,296962,1,0
296961,296961,296962,1,0
296961,296961,296963,2,0
296961,296961,296963,2,0
296961,296961,296963,2,0
296961,296961,296963,2,0
296961,296963,296964,1,2
296961,296961,296964,3,0
296961,296961,296964,3,0
296961,296961,296964,3,0
296961,296961,296964,3,0
296961,296963,296964,1,2
296961,296961,296964,3,0
296961,296961,296964,3,0
296961,296963,296965,2,2
296961,296963,296964,1,2
296961,296963,296965,2,2
296961,296963,296964,1,2
296961,296961,296965,4,0
296961,296961,296965,4,0
296961,296963,296965,2,2
296961,296964,296966,2,3
296961,296961,296966,5,0
296961,296964,296966,2,3
296961,296961,296966,5,0
296961,296965,296966,1,4
296961,296964,296967,3,3
296961,296965,296966,1,4
296961,296961,296966,5,0
296961,296965,296966,1,4
296961,296965,296966,1,4
296961,296961,296967,6,0
296961,296966,296967,1,5
296961,296966,296967,1,5
296961,296965,296968,3,4
296961,296965,296967,2,4
296961,296965,296968,3,4
296961,296965,296967,2,4
296961,296964,296967,3,3
296961,296964,296967,3,3
296961,296965,296967,2,4
296961,296965,296967,2,4
296961,296961,296968,7,0
296961,296967,296968,1,6
296961,296966,296967,1,5
296961,296966,296967,1,5
296961,296961,296968,7,0
296961,296965,296967,2,4
296961,296967,296968,1,6
296961,296967,296968,1,6
296961,296967,296968,1,6
296961,296961,296968,7,0
296961,296966,296968,2,5
296961,296967,296969,2,6
296961,296961,296968,7,0
296961,296961,296968,7,0
296961,296967,296968,1,6
296961,296961,296969,8,0
296961,296961,296969,8,0
296961,296961,296968,7,0
296961,296961,296969,8,0
296961,296966,296969,3,5
296961,296961,296969,8,0
296961,296961,296970,9,0
296961,296961,296971,10,0
296961,296961,296970,9,0
296961,296961,296971,10,0
296961,296961,296971,10,0
296961,296961,296972,11,0
296961,296961,296972,11,0
296961,296961,296973,12,0
296961,296961,296975,14,0
296961,296961,296974,13,0
296961,296961,296977,16,0
297090,297090,297092,2,0
297090,297090,297091,1,0
297090,297090,297091,1,0
297090,297090,297091,1,0
297090,297090,297091,1,0
297090,297090,297092,2,0
297090,297090,297092,2,0
297090,297090,297092,2,0
297090,297092,297093,1,2
297090,297090,297094,4,0
297090,297090,297094,4,0
297090,297090,297093,3,0
297090,297092,297094,2,2
297090,297092,297094,2,2
297090,297092,297093,1,2
297090,297092,297094,2,2
297090,297092,297094,2,2
297090,297090,297094,4,0
297090,297090,297095,5,0
297090,297092,297094,2,2
297090,297090,297095,5,0
297090,297090,297096,6,0
297090,297090,297095,5,0
297090,297090,297096,6,0
297090,297094,297096,2,4
297090,297090,297095,5,0
297090,297093,297096,3,3
297090,297094,297096,2,4
297090,297094,297095,1,4
297090,297094,297096,2,4
297090,297093,297096,3,3
297090,297094,297096,2,4
297090,297090,297097,7,0
297090,297094,297097,3,4
297090,297090,297097,7,0
297090,297094,297097,3,4
297090,297090,297097,7,0
297090,297090,297096,6,0
297090,297096,297097,1,6
297090,297096,297097,1,6
297090,297090,297097,7,0
297090,297095,297096,1,5
297090,297096,297097,1,6
297090,297090,297096,6,0
297090,297090,297096,6,0
297090,297095,297096,1,5
297090,297090,297097,7,0
297090,297096,297097,1,6
297090,297096,297097,1,6
297090,297095,297098,3,5
297090,297090,297098,8,0
297090,297095,297098,3,5
297090,297090,297098,8,0
297090,297096,297098,2,6
297090,297090,297098,8,0
297090,297090,297098,8,0
297090,297096,297097,1,6
297090,297096,297097,1,6
297090,297090,297098,8,0
297090,297096,297097,1,6
297090,297096,297097,1,6
297090,297090,297098,8,0
297090,297096,297098,2,6
297090,297097,297099,2,7
297090,297094,297099,5,4
297090,297097,297099,2,7
297090,297097,297099,2,7
297090,297090,297099,9,0
297090,297090,297100,10,0
297090,297090,297101,11,0
297090,297090,297101,11,0
297090,297090,297101,11,0
297090,297090,297102,12,0
297090,297090,297102,12,0
297090,297090,297103,13,0
297090,297090,297104,14,0
297090,297090,297106,16,0
297090,297090,297108,18,0
297090,297090,297108,18,0
297351,297351,297352,1,0
297351,297351,297352,1,0
297351,297351,297352,1,0
297351,297351,297352,1,0
297351,297351,297352,1,0
297351,297351,297352,1,0
297351,297351,297353,2,0
297351,297353,297355,2,2
297351,297353,297355,2,2
297351,297353,297355,2,2
297351,297351,297356,5,0
297351,297351,297355,4,0
297351,297353,297356,3,2
297351,297353,297356,3,2
297351,297353,297355,2,2
297351,297351,297356,5,0
297351,297351,297357,6,0
297351,297351,297357,6,0
297351,297351,297357,6,0
297351,297353,297356,3,2
297351,297351,297356,5,0
297351,297356,297357,1,5
297351,297351,297357,6,0
297351,297355,297357,2,4
297351,297356,297357,1,5
297351,297351,297357,6,0
297351,297355,297357,2,4
297351,297355,297356,1,4
297351,297351,297357,6,0
297351,297351,297357,6,0
297351,297351,297358,7,0
297351,297351,297357,6,0
297351,297351,297357,6,0
297351,297351,297357,6,0
297351,297351,297358,7,0
297351,297356,297358,2,5
297351,297351,297357,6,0
297351,297357,297358,1,6
297351,297357,297358,1,6
297351,297351,297358,7,0
297351,297356,297357,1,5
297351,297357,297358,1,6
297351,297357,297358,1,6
297351,297351,297358,7,0
297351,297351,297357,6,0
297351,297357,297358,1,6
297351,297356,297358,2,5
297351,297351,297359,8,0
297351,297351,297358,7,0
297351,297356,297358,2,5
297351,297351,297358,7,0
297351,297358,297359,1,7
297351,297357,297359,2,6
297351,297357,297358,1,6
297351,297357,297359,2,6
297351,297357,297358,1,6
297351,297357,297358,1,6
297351,297358,297360,2,7
297351,297351,297360,9,0
297351,297357,297359,2,6
297351,297358,297360,2,7
297351,297351,297360,9,0
297351,297358,297360,2,7
297351,297358,297360,2,7
297351,297351,297360,9,0
297351,297357,297360,3,6
297351,297358,297360,2,7
297351,297358,297359,1,7
297351,297351,297360,9,0
297351,297351,297360,9,0
297351,297351,297360,9,0
297351,297351,297362,11,0
297351,297351,297362,11,0
297351,297351,297361,10,0
297351,297351,297362,11,0
297351,297351,297363,12,0
297351,297351,297366,15,0
297351,297351,297365,14,0
297351,297351,297368,17,0
297483,297483,297484,1,0
297483,297483,297485,2,0
297483,297483,297485,2,0
297483,297483,297484,1,0
297483,297483,297484,1,0
297483,297483,297484,1,0
297483,297483,297486,3,0
297483,297485,297487,2,2
297483,297485,297487,2,2
297483,297483,297487,4,0
297483,297485,297487,2,2
297483,297484,297487,3,1
297483,297485,297487,2,2
297483,297483,297488,5,0
297483,297483,297488,5,0
297483,297485,297488,3,2
297483,297486,297488,2,3
297483,297483,297489,6,0
297483,297483,297489,6,0
297483,297483,297489,6,0
297483,297483,297489,6,0
297483,297487,297489,2,4
297483,297483,297489,6,0
297483,297487,297489,2,4
297483,297487,297489,2,4
297483,297483,297490,7,0
297483,297483,297490,7,0
297483,297483,297490,7,0
297483,297483,297490,7,0
297483,297483,297490,7,0
297483,297483,297490,7,0
297483,297483,297490,7,0
297483,297483,297490,7,0
297483,297488,297490,2,5
297483,297488,297490,2,5
297483,297483,297490,7,0
297483,297488,297490,2,5
297483,297483,297490,7,0
297483,297489,297490,1,6
297483,297487,297490,3,4
297483,297488,297490,2,5
297483,297483,297490,7,0
297483,297483,297490,7,0
297483,297489,297490,1,6
297483,297483,297491,8,0
297483,297489,297491,2,6
297483,297483,297491,8,0
297483,297489,297491,2,6
297483,297489,297491,2,6
297483,297483,297491,8,0
297483,297489,297491,2,6
297483,297483,297491,8,0
297483,297483,297491,8,0
297483,297483,297491,8,0
297483,297491,297492,1,8
297483,297491,297492,1,8
297483,297490,297492,2,7
297483,297490,297492,2,7
297483,297490,297492,2,7
297483,297483,297492,9,0
297483,297490,297492,2,7
297483,297483,297492,9,0
297483,297490,297492,2,7
297483,297490,297492,2,7
297483,297483,297493,10,0
297483,297483,297493,10,0
297483,297483,297493,10,0
297483,297483,297495,12,0
297483,297483,297495,12,0
297483,297483,297497,14,0
297483,297483,297499,16,0
297483,297483,297501,18,0
297483,297483,297505,22,0
297613,297613,297614,1,0
297613,297613,297615,2,0
297613,297613,297615,2,0
297613,297613,297615,2,0
297613,297613,297615,2,0
297613,297613,297615,2,0
297613,297613,297615,2,0
297613,297615,297616,1,2
297613,297615,297616,1,2
297613,297616,297617,1,3
297613,297616,297617,1,3
297613,297616,297617,1,3
297613,297614,297618,4,1
297613,297616,297618,2,3
297613,297616,297618,2,3
297613,297618,297619,1,5
297613,297614,297618,4,1
297613,297617,297618,1,4
297613,297617,297618,1,4
297613,297618,297619,1,5
297613,297614,297619,5,1
297613,297614,297619,5,1
297613,297614,297619,5,1
297613,297614,297619,5,1
297613,297613,297619,6,0
297613,297618,297619,1,5
297613,297614,297620,6,1
297613,297619,297620,1,6
297613,297619,297620,1,6
297613,297619,297620,1,6
297613,297619,297620,1,6
297613,297614,297620,6,1
297613,297614,297620,6,1
297613,297614,297620,6,1
297613,297614,297621,7,1
297613,297619,297620,1,6
297613,297614,297620,6,1
297613,297614,297620,6,1
297613,297613,297621,8,0
297613,297614,297620,6,1
297613,297619,297620,1,6
297613,297620,297621,1,7
297613,297613,297620,7,0
297613,297614,297621,7,1
297613,297613,297620,7,0
297613,297614,297620,6,1
297613,297619,297620,1,6
297613,297613,297620,7,0
297613,297620,297621,1,7
297613,297614,297620,6,1
297613,297620,297621,1,7
297613,297620,297621,1,7
297613,297614,297621,7,1
297613,297614,297621,7,1
297613,297614,297621,7,1
297613,297620,297621,1,7
297613,297614,297622,8,1
297613,297620,297621,1,7
297613,297620,297621,1,7
297613,297620,297621,1,7
297613,297620,297621,1,7
297613,297620,297621,1,7
297613,297620,297621,1,7
297613,297620,297621,1,7
297613,297621,297622,1,8
297613,297621,297623,2,8
297613,297614,297622,8,1
297613,297621,297622,1,8
297613,297614,297622,8,1
297613,297614,297623,9,1
297613,297614,297623,9,1
297613,297614,297623,9,1
297613,297613,297624,11,0
297613,297614,297624,10,1
297613,297614,297624,10,1
297613,297613,297626,13,0
297613,297614,297627,13,1
297613,297614,297628,14,1
298000,298000,298001,1,0
298000,298000,298001,1,0
298000,298000,298001,1,0
298000,298000,298002,2,0
298000,298000,298001,1,0
298000,298000,298002,2,0
298000,298000,298002,2,0
298000,298001,298003,2,1
298000,298000,298003,3,0
298000,298000,298004,4,0
298000,298000,298004,4,0
298000,298000,298003,3,0
298000,298002,298004,2,2
298000,298000,298004,4,0
298000,298002,298004,2,2
298000,298002,298004,2,2
298000,298000,298004,4,0
298000,298000,298005,5,0
298000,298000,298005,5,0
298000,298002,298004,2,2
298000,298003,298005,2,3
298000,298002,298005,3,2
298000,298000,298006,6,0
298000,298000,298006,6,0
298000,298000,298005,5,0
298000,298000,298006,6,0
298000,298004,298006,2,4
298000,298004,298006,2,4
298000,298002,298006,4,2
298000,298005,298006,1,5
298000,298000,298005,5,0
298000,298000,298006,6,0
298000,298004,298006,2,4
298000,298004,298006,2,4
298000,298000,298006,6,0
298000,298004,298006,2,4
298000,298000,298007,7,0
298000,298004,298007,3,4
298000,298000,298007,7,0
298000,298004,298007,3,4
298000,298003,298007,4,3
298000,298005,298007,2,5
298000,298000,298007,7,0
298000,298005,298007,2,5
298000,298006,298007,1,6
298000,298000,298007,7,0
298000,298000,298007,7,0
298000,298005,298007,2,5
298000,298006,298007,1,6
298000,298000,298007,7,0
298000,298006,298007,1,6
298000,298006,298007,1,6
298000,298000,298007,7,0
298000,298005,298007,2,5
298000,298006,298007,1,6
298000,298000,298008,8,0
298000,298005,298008,3,5
298000,298006,298008,2,6
298000,298006,298008,2,6
298000,298000,298008,8,0
298000,298006,298008,2,6
298000,298006,298007,1,6
298000,298006,298007,1,6
298000,298000,298008,8,0
298000,298006,298007,1,6
298000,298000,298009,9,0
298000,298000,298008,8,0
298000,298006,298009,3,6
298000,298006,298009,3,6
298000,298000,298010,10,0
298000,298000,298010,10,0
298000,298000,298011,11,0
298000,298000,298011,11,0
298000,298000,298012,12,0
298000,298000,298013,13,0
298000,298000,298014,14,0
298000,298000,298014,14,0
298000,298000,298014,14,0
298000,298000,298017,17,0
298132,298132,298133,1,0
298132,298132,298133,1,0
298132,298132,298134,2,0
298132,298132,298134,2,0
298132,298132,298134,2,0
298132,298132,298134,2,0
298132,298132,298133,1,0
298132,298132,298135,3,0
298132,298132,298135,3,0
298132,298132,298135,3,0
298132,298132,298134,2,0
298132,298133,298135,2,1
298132,298133,298135,2,1
298132,298132,298136,4,0
298132,298132,298136,4,0
298132,298132,298136,4,0
298132,298132,298136,4,0
298132,298134,298136,2,2
298132,298132,298136,4,0
298132,298132,298136,4,0
298132,298134,298136,2,2
298132,298134,298136,2,2
298132,298134,298136,2,2
298132,298134,298136,2,2
298132,298132,298136,4,0
298132,298132,298136,4,0
298132,298132,298137,5,0
298132,298132,298137,5,0
298132,298132,298137,5,0
298132,298132,298137,5,0
298132,298132,298137,5,0
298132,298132,298137,5,0
298132,298132,298137,5,0
298132,298132,298137,5,0
298132,298135,298137,2,3
298132,298136,298137,1,4
298132,298132,298137,5,0
298132,298132,298137,5,0
298132,298135,298137,2,3
298132,298132,298137,5,0
298132,298135,298137,2,3
298132,298135,298137,2,3
298132,298132,298138,6,0
298132,298132,298137,5,0
298132,298136,298138,2,4
298132,298136,298138,2,4
298132,298136,298138,2,4
298132,298136,298138,2,4
298132,298136,298138,2,4
298132,298136,298137,1,4
298132,298136,298137,1,4
298132,298136,298137,1,4
298132,298132,298138,6,0
298132,298136,298138,2,4
298132,298136,298138,2,4
298132,298137,298138,1,5
298132,298137,298139,2,5
298132,298132,298139,7,0
298132,298135,298139,4,3
298132,298137,298139,2,5
298132,298136,298139,3,4
298132,298137,298139,2,5
298132,298137,298139,2,5
298132,298132,298139,7,0
298132,298137,298139,2,5
298132,298136,298138,2,4
298132,298137,298139,2,5
298132,298135,298139,4,3
298132,298132,298139,7,0
298132,298137,298138,1,5
298132,298137,298138,1,5
298132,298132,298140,8,0
298132,298132,298141,9,0
298132,298132,298142,10,0
298132,298132,298143,11,0
298132,298132,298143,11,0
298132,298132,298144,12,0
298132,298132,298144,12,0
298132,298132,298144,12,0
298263,298263,298264,1,0
298263,298263,298265,2,0
298263,298263,298265,2,0
298263,298263,298265,2,0
298263,298263,298265,2,0
298263,298263,298265,2,0
298263,298263,298265,2,0
298263,298264,298266,2,1
298263,298265,298266,1,2
298263,298264,298267,3,1
298263,298266,298267,1,3
298263,298266,298267,1,3
298263,298263,298267,4,0
298263,298266,298267,1,3
298263,298266,298267,1,3
298263,298266,298267,1,3
298263,298266,298267,1,3
298263,298264,298268,4,1
298263,298264,298268,4,1
298263,298263,298269,6,0
298263,298263,298268,5,0
298263,298263,298268,5,0
298263,298267,298268,1,4
298263,298263,298268,5,0
298263,298264,298269,5,1
298263,298264,298269,5,1
298263,298263,298270,7,0
298263,298268,298269,1,5
298263,298269,298270,1,6
298263,298268,298270,2,5
298263,298269,298270,1,6
298263,298263,298270,7,0
298263,298268,298269,1,5
298263,298269,298270,1,6
298263,298263,298269,6,0
298263,298268,298270,2,5
298263,298269,298270,1,6
298263,298268,298269,1,5
298263,298268,298270,2,5
298263,298269,298270,1,6
298263,298263,298270,7,0
298263,298264,298270,6,1
298263,298263,298270,7,0
298263,298269,298270,1,6
298263,298267,298270,3,4
298263,298263,298270,7,0
298263,298269,298270,1,6
298263,298270,298271,1,7
298263,298270,298271,1,7
298263,298270,298271,1,7
298263,298263,298270,7,0
298263,298270,298271,1,7
298263,298263,298271,8,0
298263,298268,298270,2,5
298263,298270,298271,1,7
298263,298263,298270,7,0
298263,298264,298271,7,1
298263,298264,298271,7,1
298263,298268,298271,3,5
298263,298270,298271,1,7
298263,298270,298271,1,7
298263,298270,298271,1,7
298263,298270,298271,1,7
298263,298270,298271,1,7
298263,298270,298271,1,7
298263,298263,298272,9,0
298263,298263,298272,9,0
298263,298263,298273,10,0
298263,298263,298273,10,0
298263,298263,298274,11,0
298263,298263,298274,11,0
298263,298263,298274,11,0
298263,298263,298275,12,0
298263,298263,298277,14,0
298263,298263,298277,14,0
298263,298263,298277,14,0
298263,298263,298277,14,0
298263,298263,298279,16,0
298263,298263,298280,17,0
298651,298651,298652,1,0
298651,298651,298652,1,0
298651,298651,298652,1,0
298651,298651,298653,2,0
298651,298651,298652,1,0
298651,298651,298653,2,0
298651,298651,298653,2,0
298651,298653,298654,1,2
298651,298652,298655,3,1
298651,298653,298655,2,2
298651,298653,298655,2,2
298651,298651,298656,5,0
298651,298651,298656,5,0
298651,298652,298655,3,1
298651,298651,298655,4,0
298651,298654,298656,2,3
298651,298653,298655,2,2
298651,298651,298657,6,0
298651,298654,298657,3,3
298651,298651,298657,6,0
298651,298651,298656,5,0
298651,298655,298657,2,4
298651,298655,298657,2,4
298651,298651,298657,6,0
298651,298655,298657,2,4
298651,298651,298658,7,0
298651,298651,298658,7,0
298651,298651,298658,7,0
298651,298651,298657,6,0
298651,298651,298658,7,0
298651,298651,298658,7,0
298651,298651,298658,7,0
298651,298651,298657,6,0
298651,298651,298657,6,0
298651,298656,298658,2,5
298651,298651,298658,7,0
298651,298656,298657,1,5
298651,298656,298657,1,5
298651,298651,298658,7,0
298651,298656,298658,2,5
298651,298651,298659,8,0
298651,298651,298659,8,0
298651,298651,298658,7,0
298651,298656,298659,3,5
298651,298656,298659,3,5
298651,298657,298659,2,6
298651,298651,298658,7,0
298651,298651,298659,8,0
298651,298657,298659,2,6
298651,298657,298659,2,6
298651,298651,298659,8,0
298651,298657,298658,1,6
298651,298658,298659,1,7
298651,298657,298659,2,6
298651,298651,298658,7,0
298651,298658,298659,1,7
298651,298657,298658,1,6
298651,298658,298659,1,7
298651,298658,298659,1,7
298651,298658,298659,1,7
298651,298658,298660,2,7
298651,298651,298660,9,0
298651,298657,298660,3,6
298651,298658,298660,2,7
298651,298658,298660,2,7
298651,298651,298659,8,0
298651,298657,298659,2,6
298651,298658,298660,2,7
298651,298658,298660,2,7
298651,298651,298660,9,0
298651,298651,298661,10,0
298651,298651,298663,12,0
298651,298651,298663,12,0
298651,298651,298663,12,0
298651,298651,298665,14,0
298651,298651,298664,13,0
298651,298651,298666,15,0
298651,298651,298666,15,0
298651,298651,298667,16,0
299039,299039,299040,1,0
299039,299039,299041,2,0
299039,299039,299040,1,0
299039,299039,299040,1,0
299039,299039,299040,1,0
299039,299039,299040,1,0
299039,299039,299040,1,0
299039,299040,299042,2,1
299039,299039,299043,4,0
299039,299041,299042,1,2
299039,299039,299042,3,0
299039,299041,299043,2,2
299039,299041,299043,2,2
299039,299041,299043,2,2
299039,299039,299043,4,0
299039,299042,299044,2,3
299039,299041,299043,2,2
299039,299041,299043,2,2
299039,299039,299044,5,0
299039,299043,299044,1,4
299039,299039,299045,6,0
299039,299039,299045,6,0
299039,299039,299044,5,0
299039,299039,299044,5,0
299039,299043,299044,1,4
299039,299044,299045,1,5
299039,299043,299044,1,4
299039,299043,299044,1,4
299039,299044,299045,1,5
299039,299044,299045,1,5
299039,299043,299044,1,4
299039,299044,299045,1,5
299039,299039,299046,7,0
299039,299039,299045,6,0
299039,299039,299046,7,0
299039,299039,299045,6,0
299039,299043,299046,3,4
299039,299039,299046,7,0
299039,299044,299045,1,5
299039,299039,299046,7,0
299039,299045,299046,1,6
299039,299045,299046,1,6
299039,299045,299046,1,6
299039,299039,299045,6,0
299039,299045,299046,1,6
299039,299039,299046,7,0
299039,299039,299046,7,0
299039,299044,299045,1,5
299039,299045,299046,1,6
299039,299039,299046,7,0
299039,299039,299047,8,0
299039,299039,299047,8,0
299039,299039,299046,7,0
299039,299039,299047,8,0
299039,299039,299047,8,0
299039,299039,299046,7,0
299039,299045,299047,2,6
299039,299039,299047,8,0
299039,299045,299047,2,6
299039,299039,299047,8,0
299039,299045,299046,1,6
299039,299039,299047,8,0
299039,299045,299046,1,6
299039,299039,299047,8,0
299039,299045,299046,1,6
299039,299045,299046,1,6
299039,299045,299046,1,6
299039,299046,299048,2,7
299039,299046,299048,2,7
299039,299039,299047,8,0
299039,299046,299048,2,7
299039,299039,299048,9,0
299039,299039,299049,10,0
299039,299039,299050,11,0
299039,299039,299051,12,0
299039,299039,299053,14,0
299039,299039,299052,13,0
299039,299039,299053,14,0
299039,299039,299060,21,0
299168,299168,299170,2,0
299168,299168,299170,2,0
299168,299168,299170,2,0
299168,299168,299170,2,0
299168,299168,299170,2,0
299168,299168,299170,2,0
299168,299168,299170,2,0
299168,299169,299172,3,1
299168,299168,299172,4,0
299168,299171,299172,1,3
299168,299169,299173,4,1
299168,299171,299173,2,3
299168,299171,299173,2,3
299168,299171,299173,2,3
299168,299169,299173,4,1
299168,299171,299173,2,3
299168,299171,299173,2,3
299168,299171,299173,2,3
299168,299174,299175,1,6
299168,299169,299174,5,1
299168,299173,299174,1,5
299168,299174,299175,1,6
299168,299174,299175,1,6
299168,299169,299174,5,1
299168,299173,299174,1,5
299168,299174,299175,1,6
299168,299174,299175,1,6
299168,299169,299175,6,1
299168,299169,299175,6,1
299168,299169,299176,7,1
299168,299169,299175,6,1
299168,299169,299175,6,1
299168,299175,299176,1,7
299168,299169,299175,6,1
299168,299169,299176,7,1
299168,299175,299176,1,7
299168,299175,299176,1,7
299168,299169,299175,6,1
299168,299174,299175,1,6
299168,299175,299176,1,7
299168,299175,299176,1,7
299168,299169,299176,7,1
299168,299174,299175,1,6
299168,299175,299176,1,7
299168,299169,299176,7,1
299168,299169,299176,7,1
299168,299169,299176,7,1
299168,299169,299176,7,1
299168,299169,299176,7,1
299168,299169,299176,7,1
299168,299169,299176,7,1
299168,299169,299176,7,1
299168,299173,299176,3,5
299168,299174,299176,2,6
299168,299176,299177,1,8
299168,299176,299177,1,8
299168,299176,299177,1,8
299168,299169,299176,7,1
299168,299175,299176,1,7
299168,299175,299176,1,7
299168,299176,299177,1,8
299168,299169,299176,7,1
299168,299176,299177,1,8
299168,299175,299176,1,7
299168,299169,299177,8,1
299168,299169,299177,8,1
299168,299176,299177,1,8
299168,299169,299177,8,1
299168,299176,299177,1,8
299168,299169,299177,8,1
299168,299176,299177,1,8
299168,299169,299178,9,1
299168,299169,299178,9,1
299168,299169,299178,9,1
299168,299168,299179,11,0
299168,299169,299180,11,1
299168,299169,299182,13,1
299168,299168,299182,14,0
299168,299169,299182,13,1
299297,299297,299298,1,0
299297,299297,299298,1,0
299297,299297,299299,2,0
299297,299297,299298,1,0
299297,299297,299299,2,0
299297,299297,299299,2,0
299297,299297,299299,2,0
299297,299298,299300,2,1
299297,299298,299300,2,1
299297,299299,299300,1,2
299297,299298,299301,3,1
299297,299298,299301,3,1
299297,299297,299301,4,0
299297,299300,299301,1,3
299297,299300,299301,1,3
299297,299300,299301,1,3
299297,299299,299301,2,2
299297,299300,299301,1,3
299297,299298,299302,4,1
299297,299297,299302,5,0
299297,299297,299302,5,0
299297,299297,299302,5,0
299297,299301,299302,1,4
299297,299302,299303,1,5
299297,299300,299302,2,3
299297,299302,299303,1,5
299297,299302,299303,1,5
299297,299302,299303,1,5
299297,299301,299303,2,4
299297,299298,299303,5,1
299297,299302,299304,2,5
299297,299302,299303,1,5
299297,299297,299303,6,0
299297,299302,299303,1,5
299297,299302,299303,1,5
299297,299297,299304,7,0
299297,299297,299303,6,0
299297,299303,299304,1,6
299297,299303,299304,1,6
299297,299303,299304,1,6
299297,299303,299304,1,6
299297,299303,299304,1,6
299297,299303,299304,1,6
299297,299303,299304,1,6
299297,299301,299304,3,4
299297,299303,299304,1,6
299297,299303,299304,1,6
299297,299297,299305,8,0
299297,299297,299304,7,0
299297,299303,299304,1,6
299297,299297,299304,7,0
299297,299304,299305,1,7
299297,299304,299305,1,7
299297,299297,299304,7,0
299297,299297,299305,8,0
299297,299297,299305,8,0
299297,299297,299305,8,0
299297,299304,299305,1,7
299297,299298,299305,7,1
299297,299304,299305,1,7
299297,299297,299305,8,0
299297,299304,299305,1,7
299297,299298,299305,7,1
299297,299304,299305,1,7
299297,299297,299305,8,0
299297,299297,299305,8,0
299297,299297,299305,8,0
299297,299304,299305,1,7
299297,299297,299306,9,0
299297,299297,299306,9,0
299297,299297,299306,9,0
299297,299297,299307,10,0
299297,299297,299307,10,0
299297,299297,299307,10,0
299297,299297,299309,12,0
299297,299297,299309,12,0
299297,299297,299309,12,0
299297,299297,299310,13,0
299297,299297,299315,18,0
299810,299811,299812,1,1
299810,299811,299812,1,1
299810,299811,299812,1,1
299810,299811,299812,1,1
299810,299811,299812,1,1
299810,299811,299812,1,1
299810,299811,299812,1,1
299810,299811,299813,2,1
299810,299811,299813,2,1
299810,299811,299813,2,1
299810,299811,299813,2,1
299810,299811,299813,2,1
299810,299811,299814,3,1
299810,299811,299813,2,1
299810,299811,299813,2,1
299810,299811,299813,2,1
299810,299811,299813,2,1
299810,299811,299813,2,1
299810,299813,299814,1,3
299810,299813,299814,1,3
299810,299813,299814,1,3
299810,299813,299814,1,3
299810,299813,299814,1,3
299810,299811,299814,3,1
299810,299813,299814,1,3
299810,299813,299814,1,3
299810,299811,299815,4,1
299810,299811,299815,4,1
299810,299811,299815,4,1
299810,299811,299816,5,1
299810,299811,299815,4,1
299810,299814,299815,1,4
299810,299811,299815,4,1
299810,299814,299815,1,4
299810,299814,299816,2,4
299810,299814,299815,1,4
299810,299814,299815,1,4
299810,299815,299816,1,5
299810,299814,299815,1,4
299810,299814,299815,1,4
299810,299814,299816,2,4
299810,299814,299816,2,4
299810,299811,299816,5,1
299810,299815,299816,1,5
299810,299811,299816,5,1
299810,299814,299816,2,4
299810,299815,299816,1,5
299810,299815,299816,1,5
299810,299816,299817,1,6
299810,299814,299816,2,4
299810,299815,299817,2,5
299810,299811,299816,5,1
299810,299815,299816,1,5
299810,299811,299816,5,1
299810,299811,299816,5,1
299810,299815,299816,1,5
299810,299814,299816,2,4
299810,299814,299816,2,4
299810,299811,299817,6,1
299810,299811,299817,6,1
299810,299811,299817,6,1
299810,299811,299817,6,1
299810,299811,299818,7,1
299810,299816,299817,1,6
299810,299811,299818,7,1
299810,299814,299817,3,4
299810,299816,299818,2,6
299810,299816,299818,2,6
299810,299816,299818,2,6
299810,299816,299818,2,6
299810,299811,299818,7,1
299810,299811,299819,8,1
299810,299811,299818,7,1
299810,299816,299818,2,6
299810,299811,299821,10,1
299810,299811,299823,12,1
299810,299811,299825,14,1
299810,299811,299824,13,1
299810,299811,299830,19,1
299838,299838,299840,2,0
299838,299838,299840,2,0
299838,299838,299839,1,0
299838,299838,299839,1,0
299838,299838,299839,1,0
299838,299838,299839,1,0
299838,299838,299839,1,0
299838,299838,299841,3,0
299838,299838,299841,3,0
299838,299838,299842,4,0
299838,299838,299842,4,0
299838,299840,299842,2,2
299838,299840,299842,2,2
299838,299838,299842,4,0
299838,299840,299842,2,2
299838,299840,299842,2,2
299838,299840,299842,2,2
299838,299838,299843,5,0
299838,299838,299842,4,0
299838,299838,299842,4,0
299838,299840,299842,2,2
299838,299840,299842,2,2
299838,299842,299843,1,4
299838,299838,299843,5,0
299838,299841,299843,2,3
299838,299838,299843,5,0
299838,299838,299844,6,0
299838,299842,299844,2,4
299838,299838,299843,5,0
299838,299842,299844,2,4
299838,299838,299844,6,0
299838,299842,299844,2,4
299838,299842,299844,2,4
299838,299842,299844,2,4
299838,299838,299844,6,0
299838,299838,299844,6,0
299838,299838,299844,6,0
299838,299838,299844,6,0
299838,299838,299845,7,0
299838,299842,299845,3,4
299838,299838,299845,7,0
299838,299843,299845,2,5
299838,299838,299844,6,0
299838,299838,299845,7,0
299838,299844,299845,1,6
299838,299843,299845,2,5
299838,299838,299845,7,0
299838,299838,299844,6,0
299838,299844,299845,1,6
299838,299838,299845,7,0
299838,299843,299844,1,5
299838,299844,299845,1,6
299838,299843,299844,1,5
299838,299843,299844,1,5
299838,299844,299845,1,6
299838,299838,299846,8,0
299838,299844,299846,2,6
299838,299838,299846,8,0
299838,299844,299846,2,6
299838,299843,299845,2,5
299838,299838,299846,8,0
299838,299842,299845,3,4
299838,299844,299846,2,6
299838,299844,299846,2,6
299838,299842,299845,3,4
299838,299844,299846,2,6
299838,299838,299846,8,0
299838,299838,299845,7,0
299838,299844,299845,1,6
299838,299844,299845,1,6
299838,299844,299845,1,6
299838,299838,299847,9,0
299838,299838,299847,9,0
299838,299838,299847,9,0
299838,299838,299847,9,0
299838,299838,299848,10,0
299838,299838,299852,14,0
299838,299838,299853,15,0
299838,299838,299856,18,0
299867,299867,299868,1,0
299867,299867,299868,1,0
299867,299867,299868,1,0
299867,299867,299868,1,0
299867,299867,299868,1,0
299867,299867,299868,1,0
299867,299867,299868,1,0
299867,299867,299869,2,0
299867,299867,299869,2,0
299867,299867,299869,2,0
299867,299867,299870,3,0
299867,299867,299869,2,0
299867,299867,299869,2,0
299867,299867,299869,2,0
299867,299868,299870,2,1
299867,299869,299871,2,2
299867,299869,299871,2,2
299867,299867,299870,3,0
299867,299869,299870,1,2
299867,299868,299870,2,1
299867,299869,299870,1,2
299867,299867,299871,4,0
299867,299867,299871,4,0
299867,299867,299870,3,0
299867,299869,299871,2,2
299867,299867,299871,4,0
299867,299867,299872,5,0
299867,299872,299873,1,5
299867,299871,299872,1,4
299867,299871,299872,1,4
299867,299867,299873,6,0
299867,299870,299873,3,3
299867,299867,299873,6,0
299867,299867,299873,6,0
299867,299871,299873,2,4
299867,299871,299872,1,4
299867,299867,299872,5,0
299867,299867,299872,5,0
299867,299871,299873,2,4
299867,299867,299873,6,0
299867,299871,299872,1,4
299867,299871,299872,1,4
299867,299867,299872,5,0
299867,299871,299873,2,4
299867,299867,299873,6,0
299867,299871,299873,2,4
299867,299867,299873,6,0
299867,299867,299874,7,0
299867,299870,299873,3,3
299867,299870,299873,3,3
299867,299870,299874,4,3
299867,299872,299874,2,5
299867,299867,299874,7,0
299867,299867,299873,6,0
299867,299867,299873,6,0
299867,299873,299874,1,6
299867,299870,299873,3,3
299867,299872,299874,2,5
299867,299867,299873,6,0
299867,299873,299874,1,6
299867,299873,299874,1,6
299867,299871,299873,2,4
299867,299873,299874,1,6
299867,299873,299874,1,6
299867,299867,299874,7,0
299867,299870,299875,5,3
299867,299867,299874,7,0
299867,299873,299875,2,6
299867,299873,299875,2,6
299867,299873,299874,1,6
299867,299870,299875,5,3
299867,299867,299876,9,0
299867,299867,299876,9,0
299867,299867,299877,10,0
299867,299867,299876,9,0
299867,299867,299877,10,0
299867,299867,299877,10,0
299867,299867,299878,11,0
299867,299867,299882,15,0
299891,299891,299893,2,0
299891,299891,299893,2,0
299891,299891,299893,2,0
299891,299891,299892,1,0
299891,299891,299892,1,0
299891,299891,299893,2,0
299891,299891,299893,2,0
299891,299891,299893,2,0
299891,299891,299893,2,0
299891,299891,299893,2,0
299891,299891,299894,3,0
299891,299891,299894,3,0
299891,299891,299894,3,0
299891,299893,299895,2,2
299891,299893,299894,1,2
299891,299891,299895,4,0
299891,299891,299895,4,0
299891,299891,299896,5,0
299891,299891,299896,5,0
299891,299891,299896,5,0
299891,299891,299896,5,0
299891,299891,299896,5,0
299891,299893,299896,3,2
299891,299893,299896,3,2
299891,299893,299896,3,2
299891,299893,299896,3,2
299891,299891,299896,5,0
299891,299891,299896,5,0
299891,299893,299896,3,2
299891,299891,299897,6,0
299891,299891,299897,6,0
299891,299895,299897,2,4
299891,299891,299897,6,0
299891,299893,299897,4,2
299891,299896,299897,1,5
299891,299891,299897,6,0
299891,299895,299897,2,4
299891,299891,299898,7,0
299891,299896,299897,1,5
299891,299891,299897,6,0
299891,299897,299898,1,6
299891,299891,299898,7,0
299891,299894,299898,4,3
299891,299891,299898,7,0
299891,299893,299898,5,2
299891,299891,299898,7,0
299891,299897,299898,1,6
299891,299891,299898,7,0
299891,299893,299898,5,2
299891,299896,299898,2,5
299891,299897,299898,1,6
299891,299897,299898,1,6
299891,299891,299898,7,0
299891,299891,299898,7,0
299891,299898,299899,1,7
299891,299891,299898,7,0
299891,299897,299898,1,6
299891,299897,299898,1,6
299891,299897,299899,2,6
299891,299897,299898,1,6
299891,299891,299898,7,0
299891,299897,299898,1,6
299891,299891,299899,8,0
299891,299891,299899,8,0
299891,299891,299899,8,0
299891,299894,299899,5,3
299891,299891,299899,8,0
299891,299898,299899,1,7
299891,299897,299899,2,6
299891,299897,299899,2,6
299891,299891,299899,8,0
299891,299898,299899,1,7
299891,299891,299899,8,0
299891,299891,299900,9,0
299891,299891,299901,10,0
299911,299911,299912,1,0
299911,299911,299912,1,0
299911,299911,299912,1,0
299911,299911,299912,1,0
299911,299911,299912,1,0
299911,299911,299912,1,0
299911,299911,299912,1,0
299911,299911,299914,3,0
299911,299913,299915,2,2
299911,299913,299914,1,2
299911,299913,299915,2,2
299911,299911,299915,4,0
299911,299913,299915,2,2
299911,299911,299916,5,0
299911,299913,299916,3,2
299911,299913,299916,3,2
299911,299911,299916,5,0
299911,299913,299915,2,2
299911,299911,299916,5,0
299911,299911,299917,6,0
299911,299911,299916,5,0
299911,299911,299916,5,0
299911,299911,299916,5,0
299911,299911,299916,5,0
299911,299911,299917,6,0
299911,299911,299917,6,0
299911,299911,299916,5,0
299911,299915,299917,2,4
299911,299915,299917,2,4
299911,299916,299917,1,5
299911,299911,299917,6,0
299911,299911,299918,7,0
299911,299911,299918,7,0
299911,299915,299917,2,4
299911,299911,299918,7,0
299911,299911,299917,6,0
299911,299916,299918,2,5
299911,299916,299918,2,5
299911,299911,299918,7,0
299911,299916,299918,2,5
299911,299917,299918,1,6
299911,299911,299918,7,0
299911,299916,299918,2,5
299911,299917,299918,1,6
299911,299916,299917,1,5
299911,299911,299918,7,0
299911,299911,299919,8,0
299911,299917,299919,2,6
299911,299911,299919,8,0
299911,299917,299919,2,6
299911,299911,299918,7,0
299911,299917,299919,2,6
299911,299917,299919,2,6
299911,299917,299919,2,6
299911,299911,299918,7,0
299911,299916,299919,3,5
299911,299911,299918,7,0
299911,299918,299919,1,7
299911,299918,299919,1,7
299911,299918,299919,1,7
299911,299918,299919,1,7
299911,299917,299918,1,6
299911,299911,299919,8,0
299911,299917,299918,1,6
299911,299917,299918,1,6
299911,299911,299920,9,0
299911,299911,299919,8,0
299911,299911,299920,9,0
299911,299911,299919,8,0
299911,299917,299919,2,6
299911,299917,299919,2,6
299911,299918,299920,2,7
299911,299911,299921,10,0
299911,299911,299920,9,0
299911,299911,299921,10,0
299911,299911,299920,9,0
299911,299911,299920,9,0
299911,299915,299922,7,4
299911,299911,299927,16,0
299937,299937,299938,1,0
299937,299937,299938,1,0
299937,299937,299938,1,0
299937,299937,299938,1,0
299937,299937,299938,1,0
299937,299937,299938,1,0
299937,299937,299938,1,0
299937,299937,299941,4,0
299937,299937,299941,4,0
299937,299939,299940,1,2
299937,299939,299941,2,2
299937,299939,299941,2,2
299937,299939,299941,2,2
299937,299939,299941,2,2
299937,299938,299940,2,1
299937,299937,299942,5,0
299937,299937,299941,4,0
299937,299937,299941,4,0
299937,299939,299941,2,2
299937,299937,299942,5,0
299937,299937,299941,4,0
299937,299937,299942,5,0
299937,299937,299942,5,0
299937,299937,299942,5,0
299937,299937,299942,5,0
299937,299937,299942,5,0
299937,299937,299943,6,0
299937,299941,299943,2,4
299937,299937,299942,5,0
299937,299942,299943,1,5
299937,299941,299943,2,4
299937,299942,299943,1,5
299937,299937,299943,6,0
299937,299937,299943,6,0
299937,299942,299943,1,5
299937,299941,299943,2,4
299937,299942,299943,1,5
299937,299937,299944,7,0
299937,299937,299943,6,0
299937,299942,299944,2,5
299937,299941,299943,2,4
299937,299943,299944,1,6
299937,299943,299944,1,6
299937,299943,299944,1,6
299937,299937,299944,7,0
299937,299941,299943,2,4
299937,299943,299944,1,6
299937,299943,299944,1,6
299937,299941,299944,3,4
299937,299943,299944,1,6
299937,299943,299944,1,6
299937,299943,299944,1,6
299937,299937,299944,7,0
299937,299943,299945,2,6
299937,299943,299945,2,6
299937,299943,299945,2,6
299937,299937,299945,8,0
299937,299937,299945,8,0
299937,299941,299944,3,4
299937,299943,299944,1,6
299937,299943,299944,1,6
299937,299937,299946,9,0
299937,299937,299945,8,0
299937,299937,299946,9,0
299937,299937,299946,9,0
299937,299937,299945,8,0
299937,299942,299946,4,5
299937,299942,299945,3,5
299937,299937,299946,9,0
299937,299937,299946,9,0
299937,299941,299947,6,4
299937,299937,299947,10,0
299937,299937,299948,11,0
299937,299937,299947,10,0
299937,299937,299949,12,0
299937,299937,299948,11,0
299937,299937,299949,12,0
299937,299937,299951,14,0
299937,299937,299951,14,0
299961,299961,299962,1,0
299961,299961,299962,1,0
299961,299961,299962,1,0
299961,299961,299963,2,0
299961,299961,299963,2,0
299961,299961,299963,2,0
299961,299961,299963,2,0
299961,299963,299964,1,2
299961,299963,299964,1,2
299961,299962,299965,3,1
299961,299961,299965,4,0
299961,299964,299965,1,3
299961,299964,299965,1,3
299961,299963,299965,2,2
299961,299964,299965,1,3
299961,299964,299965,1,3
299961,299961,299966,5,0
299961,299965,299966,1,4
299961,299961,299966,5,0
299961,299961,299966,5,0
299961,299961,299966,5,0
299961,299965,299966,1,4
299961,299961,299966,5,0
299961,299962,299967,5,1
299961,299961,299967,6,0
299961,299961,299967,6,0
299961,299961,299967,6,0
299961,299961,299967,6,0
299961,299961,299967,6,0
299961,299966,299967,1,5
299961,299967,299968,1,6
299961,299961,299967,6,0
299961,299966,299967,1,5
299961,299966,299967,1,5
299961,299966,299967,1,5
299961,299967,299968,1,6
299961,299961,299967,6,0
299961,299966,299967,1,5
299961,299967,299968,1,6
299961,299961,299968,7,0
299961,299966,299968,2,5
299961,299966,299968,2,5
299961,299961,299968,7,0
299961,299961,299968,7,0
299961,299968,299969,1,7
299961,299968,299969,1,7
299961,299967,299968,1,6
299961,299967,299968,1,6
299961,299968,299969,1,7
299961,299961,299969,8,0
299961,299968,299969,1,7
299961,299961,299969,8,0
299961,299968,299970,2,7
299961,299968,299969,1,7
299961,299961,299969,8,0
299961,299968,299969,1,7
299961,299968,299969,1,7
299961,299968,299969,1,7
299961,299968,299969,1,7
299961,299968,299969,1,7
299961,299968,299969,1,7
299961,299961,299970,9,0
299961,299961,299970,9,0
299961,299961,299970,9,0
299961,299961,299970,9,0
299961,299961,299970,9,0
299961,299961,299970,9,0
299961,299961,299970,9,0
299961,299961,299971,10,0
299961,299961,299971,10,0
299961,299961,299971,10,0
299961,299961,299971,10,0
299961,299961,299971,10,0
299961,299961,299972,11,0
299961,299961,299972,11,0
299961,299961,299973,12,0
299961,299961,299975,14,0
299985,299985,299986,1,0
299985,299985,299986,1,0
299985,299985,299987,2,0
299985,299985,299987,2,0
299985,299985,299986,1,0
299985,299985,299987,2,0
299985,299985,299986,1,0
299985,299987,299988,1,2
299985,299986,299988,2,1
299985,299987,299989,2,2
299985,299985,299989,4,0
299985,299985,299989,4,0
299985,299985,299989,4,0
299985,299985,299989,4,0
299985,299987,299989,2,2
299985,299987,299989,2,2
299985,299987,299989,2,2
299985,299988,299989,1,3
299985,299985,299990,5,0
299985,299989,299990,1,4
299985,299985,299990,5,0
299985,299989,299990,1,4
299985,299985,299991,6,0
299985,299985,299991,6,0
299985,299985,299991,6,0
299985,299985,299991,6,0
299985,299989,299991,2,4
299985,299990,299991,1,5
299985,299985,299991,6,0
299985,299990,299991,1,5
299985,299985,299991,6,0
299985,299985,299991,6,0
299985,299990,299991,1,5
299985,299990,299991,1,5
299985,299991,299992,1,6
299985,299991,299992,1,6
299985,299985,299992,7,0
299985,299985,299992,7,0
299985,299989,299992,3,4
299985,299985,299992,7,0
299985,299989,299992,3,4
299985,299985,299992,7,0
299985,299985,299992,7,0
299985,299990,299992,2,5
299985,299991,299992,1,6
299985,299992,299993,1,7
299985,299992,299993,1,7
299985,299985,299992,7,0
299985,299992,299993,1,7
299985,299992,299993,1,7
299985,299992,299993,1,7
299985,299992,299993,1,7
299985,299985,299992,7,0
299985,299985,299993,8,0
299985,299985,299993,8,0
299985,299991,299993,2,6
299985,299991,299993,2,6
299985,299985,299993,8,0
299985,299985,299993,8,0
299985,299985,299993,8,0
299985,299989,299993,4,4
299985,299985,299993,8,0
299985,299992,299993,1,7
299985,299985,299993,8,0
299985,299992,299993,1,7
299985,299985,299994,9,0
299985,299985,299994,9,0
299985,299985,299994,9,0
299985,299985,299995,10,0
299985,299985,299995,10,0
299985,299985,299995,10,0
299985,299985,299995,10,0
299985,299985,299996,11,0
299985,299985,299996,11,0
299985,299985,299998,13,0
300008,300008,300009,1,0
300008,300008,300009,1,0
300008,300008,300009,1,0
300008,300008,300010,2,0
300008,300008,300009,1,0
300008,300008,300010,2,0
300008,300008,300009,1,0
300008,300009,300010,1,1
300008,300008,300011,3,0
300008,300008,300010,2,0
300008,300008,300011,3,0
300008,300009,300011,2,1
300008,300010,300011,1,2
300008,300010,300011,1,2
300008,300008,300011,3,0
300008,300008,300011,3,0
300008,300010,300012,2,2
300008,300010,300011,1,2
300008,300008,300012,4,0
300008,300010,300012,2,2
300008,300010,300011,1,2
300008,300011,300013,2,3
300008,300011,300013,2,3
300008,300012,300013,1,4
300008,300008,300013,5,0
300008,300011,300013,2,3
300008,300012,300013,1,4
300008,300008,300014,6,0
300008,300011,300014,3,3
300008,300008,300013,5,0
300008,300008,300013,5,0
300008,300012,300014,2,4
300008,300012,300014,2,4
300008,300008,300014,6,0
300008,300008,300014,6,0
300008,300008,300013,5,0
300008,300012,300014,2,4
300008,300013,300014,1,5
300008,300008,300015,7,0
300008,300008,300015,7,0
300008,300012,300015,3,4
300008,300011,300014,3,3
300008,300008,300014,6,0
300008,300011,300015,4,3
300008,300008,300015,7,0
300008,300008,300015,7,0
300008,300013,300015,2,5
300008,300014,300015,1,6
300008,300008,300015,7,0
300008,300013,300014,1,5
300008,300014,300015,1,6
300008,300014,300015,1,6
300008,300014,300015,1,6
300008,300013,300015,2,5
300008,300013,300015,2,5
300008,300013,300014,1,5
300008,300008,300016,8,0
300008,300014,300016,2,6
300008,300008,300015,7,0
300008,300008,300015,7,0
300008,300014,300016,2,6
300008,300008,300016,8,0
300008,300008,300016,8,0
300008,300008,300016,8,0
300008,300008,300016,8,0
300008,300014,300016,2,6
300008,300008,300016,8,0
300008,300008,300016,8,0
300008,300008,300016,8,0
300008,300008,300016,8,0
300008,300014,300015,1,6
300008,300008,300016,8,0
300008,300008,300017,9,0
300008,300008,300017,9,0
300008,300008,300017,9,0
300008,300012,300016,4,4
300008,300008,300020,12,0
300008,300008,300025,17,0
300008,300008,300025,17,0
300036,300036,300037,1,0
300036,300036,300037,1,0
300036,300036,300037,1,0
300036,300036,300037,1,0
300036,300036,300037,1,0
300036,300036,300037,1,0
300036,300036,300037,1,0
300036,300036,300038,2,0
300036,300036,300038,2,0
300036,300036,300038,2,0
300036,300036,300038,2,0
300036,300036,300038,2,0
300036,300036,300038,2,0
300036,300038,300039,1,2
300036,300038,300039,1,2
300036,300038,300039,1,2
300036,300038,300039,1,2
300036,300038,300039,1,2
300036,300038,300040,2,2
300036,300038,300039,1,2
300036,300036,300039,3,0
300036,300038,300039,1,2
300036,300039,300041,2,3
300036,300036,300040,4,0
300036,300036,300040,4,0
300036,300039,300040,1,3
300036,300039,300040,1,3
300036,300039,300040,1,3
300036,300040,300041,1,4
300036,300036,300041,5,0
300036,300036,300041,5,0
300036,300040,300041,1,4
300036,300036,300041,5,0
300036,300039,300041,2,3
300036,300036,300041,5,0
300036,300039,300041,2,3
300036,300036,300042,6,0
300036,300036,300041,5,0
300036,300039,300041,2,3
300036,300036,300041,5,0
300036,300036,300041,5,0
300036,300036,300041,5,0
300036,300040,300041,1,4
300036,300040,300041,1,4
300036,300036,300041,5,0
300036,300036,300041,5,0
300036,300040,300041,1,4
300036,300036,300041,5,0
300036,300041,300042,1,5
300036,300041,300042,1,5
300036,300036,300043,7,0
300036,300041,300042,1,5
300036,300039,300042,3,3
300036,300041,300042,1,5
300036,300036,300043,7,0
300036,300040,300042,2,4
300036,300041,300043,2,5
300036,300036,300042,6,0
300036,300036,300043,7,0
300036,300042,300043,1,6
300036,300042,300043,1,6
300036,300036,300042,6,0
300036,300041,300042,1,5
300036,300036,300043,7,0
300036,300036,300043,7,0
300036,300041,300042,1,5
300036,300036,300042,6,0
300036,300042,300044,2,6
300036,300042,300044,2,6
300036,300042,300043,1,6
300036,300036,300043,7,0
300036,300036,300043,7,0
300036,300042,300043,1,6
300036,300036,300044,8,0
300036,300036,300046,10,0
300036,300036,300045,9,0
300036,300036,300048,12,0
300036,300036,300049,13,0
300036,300036,300050,14,0
300060,300060,300061,1,0
300060,300060,300061,1,0
300060,300060,300061,1,0
300060,300060,300061,1,0
300060,300060,300062,2,0
300060,300060,300062,2,0
300060,300060,300062,2,0
300060,300060,300063,3,0
300060,300060,300062,2,0
300060,300060,300063,3,0
300060,300060,300062,2,0
300060,300060,300063,3,0
300060,300062,300063,1,2
300060,300060,300062,2,0
300060,300062,300063,1,2
300060,300060,300063,3,0
300060,300062,300063,1,2
300060,300062,300063,1,2
300060,300060,300064,4,0
300060,300062,300064,2,2
300060,300060,300064,4,0
300060,300060,300064,4,0
300060,300060,300063,3,0
300060,300060,300064,4,0
300060,300060,300064,4,0
300060,300062,300063,1,2
300060,300063,300064,1,3
300060,300060,300064,4,0
300060,300060,300065,5,0
300060,300063,300065,2,3
300060,300060,300065,5,0
300060,300060,300065,5,0
300060,300063,300065,2,3
300060,300063,300065,2,3
300060,300063,300065,2,3
300060,300063,300065,2,3
300060,300063,300065,2,3
300060,300064,300065,1,4
300060,300063,300065,2,3
300060,300064,300065,1,4
300060,300060,300066,6,0
300060,300060,300066,6,0
300060,300063,300066,3,3
300060,300060,300066,6,0
300060,300063,300066,3,3
300060,300064,300066,2,4
300060,300063,300066,3,3
300060,300064,300066,2,4
300060,300063,300066,3,3
300060,300064,300066,2,4
300060,300064,300066,2,4
300060,300064,300065,1,4
300060,300064,300066,2,4
300060,300064,300066,2,4
300060,300065,300066,1,5
300060,300060,300066,6,0
300060,300065,300066,1,5
300060,300060,300066,6,0
300060,300060,300066,6,0
300060,300064,300065,1,4
300060,300065,300067,2,5
300060,300065,300067,2,5
300060,300060,300067,7,0
300060,300060,300067,7,0
300060,300065,300066,1,5
300060,300065,300067,2,5
300060,300065,300067,2,5
300060,300060,300067,7,0
300060,300060,300068,8,0
300060,300060,300068,8,0
300060,300060,300068,8,0
300060,300060,300068,8,0
300060,300060,300068,8,0
300060,300060,300069,9,0
300060,300060,300069,9,0
300060,300060,300069,9,0
300060,300060,300069,9,0
300060,300060,300070,10,0
300060,300060,300072,12,0
300082,300082,300083,1,0
300082,300082,300083,1,0
300082,300082,300083,1,0
300082,300082,300083,1,0
300082,300082,300083,1,0
300082,300082,300083,1,0
300082,300082,300084,2,0
300082,300082,300083,1,0
300082,300082,300084,2,0
300082,300082,300084,2,0
300082,300082,300084,2,0
300082,300082,300084,2,0
300082,300082,300085,3,0
300082,300084,300085,1,2
300082,300084,300085,1,2
300082,300082,300084,2,0
300082,300083,300085,2,1
300082,300082,300085,3,0
300082,300082,300086,4,0
300082,300082,300085,3,0
300082,300084,300085,1,2
300082,300082,300085,3,0
300082,300084,300086,2,2
300082,300085,300087,2,3
300082,300084,300086,2,2
300082,300085,300086,1,3
300082,300082,300086,4,0
300082,300084,300086,2,2
300082,300085,300086,1,3
300082,300086,300087,1,4
300082,300086,300087,1,4
300082,300084,300087,3,2
300082,300085,300087,2,3
300082,300085,300086,1,3
300082,300085,300088,3,3
300082,300082,300088,6,0
300082,300082,300087,5,0
300082,300082,300088,6,0
300082,300082,300087,5,0
300082,300082,300088,6,0
300082,300085,300088,3,3
300082,300086,300087,1,4
300082,300087,300088,1,5
300082,300087,300088,1,5
300082,300086,300088,2,4
300082,300086,300088,2,4
300082,300082,300088,6,0
300082,300085,300088,3,3
300082,300082,300088,6,0
300082,300082,300089,7,0
300082,300082,300088,6,0
300082,300087,300088,1,5
300082,300082,300089,7,0
300082,300085,300088,3,3
300082,300087,300089,2,5
300082,300087,300088,1,5
300082,300087,300088,1,5
300082,300082,300089,7,0
300082,300087,300088,1,5
300082,300087,300088,1,5
300082,300086,300088,2,4
300082,300087,300089,2,5
300082,300087,300089,2,5
300082,300087,300089,2,5
300082,300082,300090,8,0
300082,300088,300090,2,6
300082,300082,300089,7,0
300082,300082,300089,7,0
300082,300082,300090,8,0
300082,300082,300090,8,0
300082,300082,300090,8,0
300082,300082,300090,8,0
300082,300082,300090,8,0
300082,300082,300090,8,0
300082,300082,300090,8,0
300082,300082,300092,10,0
300082,300082,300093,11,0
300082,300082,300096,14,0
300082,300082,300098,16,0
300107,300107,300108,1,0
300107,300107,300109,2,0
300107,300107,300108,1,0
300107,300107,300109,2,0
300107,300107,300108,1,0
300107,300107,300109,2,0
300107,300107,300109,2,0
300107,300107,300110,3,0
300107,300107,300110,3,0
300107,300107,300110,3,0
300107,300107,300110,3,0
300107,300107,300110,3,0
300107,300109,300110,1,2
300107,300107,300110,3,0
300107,300108,300110,2,1
300107,300107,300110,3,0
300107,300107,300111,4,0
300107,300109,300111,2,2
300107,300107,300111,4,0
300107,300107,300112,5,0
300107,300109,300112,3,2
300107,300109,300112,3,2
300107,300109,300112,3,2
300107,300110,300112,2,3
300107,300107,300112,5,0
300107,300109,300112,3,2
300107,300110,300112,2,3
300107,300107,300113,6,0
300107,300111,300113,2,4
300107,300111,300113,2,4
300107,300110,300112,2,3
300107,300110,300113,3,3
300107,300112,300113,1,5
300107,300110,300113,3,3
300107,300112,300113,1,5
300107,300110,300113,3,3
300107,300110,300114,4,3
300107,300107,300114,7,0
300107,300112,300114,2,5
300107,300107,300114,7,0
300107,300107,300114,7,0
300107,300107,300114,7,0
300107,300113,300114,1,6
300107,300113,300114,1,6
300107,300107,300114,7,0
300107,300107,300114,7,0
300107,300110,300114,4,3
300107,300113,300115,2,6
300107,300107,300114,7,0
300107,300107,300114,7,0
300107,300113,300114,1,6
300107,300113,300114,1,6
300107,300114,300115,1,7
300107,300114,300115,1,7
300107,300107,300115,8,0
300107,300107,300115,8,0
300107,300112,300115,3,5
300107,300113,300115,2,6
300107,300107,300115,8,0
300107,300107,300115,8,0
300107,300113,300115,2,6
300107,300107,300115,8,0
300107,300107,300115,8,0
300107,300114,300115,1,7
300107,300114,300115,1,7
300107,300107,300115,8,0
300107,300107,300115,8,0
300107,300114,300115,1,7
300107,300114,300115,1,7
300107,300107,300115,8,0
300107,300107,300115,8,0
300107,300107,300116,9,0
300107,300107,300116,9,0
300107,300107,300116,9,0
300107,300107,300117,10,0
300107,300107,300117,10,0
300107,300107,300118,11,0
300107,300107,300119,12,0
300129,300129,300130,1,0
300129,300129,300131,2,0
300129,300129,300131,2,0
300129,300129,300130,1,0
300129,300129,300131,2,0
300129,300129,300131,2,0
300129,300129,300131,2,0
300129,300129,300130,1,0
300129,300129,300132,3,0
300129,300129,300132,3,0
300129,300129,300132,3,0
300129,300129,300131,2,0
300129,300129,300132,3,0
300129,300129,300132,3,0
300129,300129,300132,3,0
300129,300129,300132,3,0
300129,300131,300132,1,2
300129,300130,300132,2,1
300129,300131,300133,2,2
300129,300132,300133,1,3
300129,300132,300134,2,3
300129,300132,300134,2,3
300129,300129,300134,5,0
300129,300133,300134,1,4
300129,300132,300134,2,3
300129,300134,300135,1,5
300129,300129,300135,6,0
300129,300132,300135,3,3
300129,300133,300135,2,4
300129,300129,300135,6,0
300129,300133,300135,2,4
300129,300133,300135,2,4
300129,300129,300135,6,0
300129,300135,300136,1,6
300129,300133,300135,2,4
300129,300134,300135,1,5
300129,300129,300135,6,0
300129,300129,300135,6,0
300129,300133,300135,2,4
300129,300133,300135,2,4
300129,300129,300136,7,0
300129,300129,300136,7,0
300129,300129,300136,7,0
300129,300136,300137,1,7
300129,300129,300136,7,0
300129,300129,300136,7,0
300129,300135,300136,1,6
300129,300135,300136,1,6
300129,300135,300136,1,6
300129,300135,300136,1,6
300129,300129,300137,8,0
300129,300129,300137,8,0
300129,300133,300137,4,4
300129,300133,300137,4,4
300129,300129,300137,8,0
300129,300136,300137,1,7
300129,300132,300137,5,3
300129,300136,300137,1,7
300129,300129,300137,8,0
300129,300129,300137,8,0
300129,300136,300137,1,7
300129,300129,300137,8,0
300129,300129,300137,8,0
300129,300136,300137,1,7
300129,300136,300138,2,7
300129,300129,300137,8,0
300129,300136,300137,1,7
300129,300129,300139,10,0
300129,300136,300138,2,7
300129,300136,300138,2,7
300129,300129,300138,9,0
300129,300129,300138,9,0
300129,300129,300138,9,0
300129,300129,300138,9,0
300129,300129,300138,9,0
300129,300129,300139,10,0
300129,300129,300139,10,0
300129,300129,300140,11,0
300150,300150,300151,1,0
300150,300150,300151,1,0
300150,300150,300151,1,0
300150,300150,300151,1,0
300150,300150,300151,1,0
300150,300150,300151,1,0
300150,300150,300151,1,0
300150,300150,300153,3,0
300150,300150,300153,3,0
300150,300152,300153,1,2
300150,300151,300153,2,1
300150,300150,300153,3,0
300150,300150,300153,3,0
300150,300150,300154,4,0
300150,300152,300153,1,2
300150,300152,300153,1,2
300150,300152,300153,1,2
300150,300150,300154,4,0
300150,300152,300154,2,2
300150,300152,300154,2,2
300150,300150,300156,6,0
300150,300150,300155,5,0
300150,300154,300156,2,4
300150,300150,300156,6,0
300150,300153,300156,3,3
300150,300154,300156,2,4
300150,300150,300156,6,0
300150,300154,300156,2,4
300150,300153,300155,2,3
300150,300150,300156,6,0
300150,300153,300155,2,3
300150,300155,300156,1,5
300150,300150,300157,7,0
300150,300153,300157,4,3
300150,300150,300156,6,0
300150,300154,300156,2,4
300150,300150,300156,6,0
300150,300150,300157,7,0
300150,300150,300157,7,0
300150,300154,300156,2,4
300150,300156,300157,1,6
300150,300150,300157,7,0
300150,300150,300157,7,0
300150,300155,300157,2,5
300150,300156,300158,2,6
300150,300150,300158,8,0
300150,300150,300158,8,0
300150,300156,300158,2,6
300150,300154,300158,4,4
300150,300150,300157,7,0
300150,300156,300158,2,6
300150,300150,300158,8,0
300150,300156,300157,1,6
300150,300156,300158,2,6
300150,300150,300158,8,0
300150,300156,300158,2,6
300150,300156,300158,2,6
300150,300150,300157,7,0
300150,300156,300158,2,6
300150,300156,300157,1,6
300150,300156,300157,1,6
300150,300156,300157,1,6
300150,300150,300159,9,0
300150,300150,300158,8,0
300150,300150,300159,9,0
300150,300157,300159,2,7
300150,300150,300158,8,0
300150,300150,300158,8,0
300150,300150,300160,10,0
300150,300155,300160,5,5
300150,300157,300159,2,7
300150,300150,300160,10,0
300150,300157,300159,2,7
300150,300150,300161,11,0
300150,300150,300162,12,0
300150,300150,300162,12,0
300150,300150,300164,14,0
300150,300150,300164,14,0
300150,300150,300167,17,0
300177,300177,300178,1,0
300177,300177,300178,1,0
300177,300177,300178,1,0
300177,300177,300178,1,0
300177,300177,300178,1,0
300177,300177,300178,1,0
300177,300177,300178,1,0
300177,300177,300179,2,0
300177,300179,300180,1,2
300177,300179,300180,1,2
300177,300179,300180,1,2
300177,300177,300179,2,0
300177,300178,300179,1,1
300177,300179,300180,1,2
300177,300177,300180,3,0
300177,300177,300180,3,0
300177,300177,300181,4,0
300177,300177,300181,4,0
300177,300179,300180,1,2
300177,300179,300180,1,2
300177,300180,300181,1,3
300177,300180,300181,1,3
300177,300177,300182,5,0
300177,300180,300182,2,3
300177,300177,300182,5,0
300177,300177,300181,4,0
300177,300180,300181,1,3
300177,300180,300181,1,3
300177,300181,300182,1,4
300177,300180,300181,1,3
300177,300180,300181,1,3
300177,300181,300182,1,4
300177,300177,300182,5,0
300177,300177,300182,5,0
300177,300177,300182,5,0
300177,300177,300183,6,0
300177,300177,300183,6,0
300177,300181,300182,1,4
300177,300177,300182,5,0
300177,300177,300183,6,0
300177,300177,300183,6,0
300177,300181,300183,2,4
300177,300177,300184,7,0
300177,300177,300183,6,0
300177,300181,300183,2,4
300177,300181,300183,2,4
300177,300182,300184,2,5
300177,300181,300184,3,4
300177,300177,300184,7,0
300177,300182,300183,1,5
300177,300177,300184,7,0
300177,300182,300184,2,5
300177,300182,300183,1,5
300177,300182,300183,1,5
300177,300177,300183,6,0
300177,300177,300183,6,0
300177,300182,300183,1,5
300177,300182,300183,1,5
300177,300177,300184,7,0
300177,300183,300185,2,6
300177,300181,300184,3,4
300177,300183,300185,2,6
300177,300182,300184,2,5
300177,300182,300184,2,5
300177,300182,300184,2,5
300177,300177,300184,7,0
300177,300177,300184,7,0
300177,300177,300185,8,0
300177,300177,300185,8,0
300177,300183,300185,2,6
300177,300177,300185,8,0
300177,300177,300186,9,0
300177,300177,300186,9,0
300177,300177,300186,9,0
300177,300177,300186,9,0
300177,300177,300188,11,0
300177,300177,300189,12,0
300177,300177,300190,13,0
300177,300177,300194,17,0
300203,300203,300204,1,0
300203,300204,300205,1,1
300203,300204,300205,1,1
300203,300204,300205,1,1
300203,300204,300205,1,1
300203,300204,300207,3,1
300203,300204,300206,2,1
300203,300204,300206,2,1
300203,300205,300206,1,2
300203,300205,300206,1,2
300203,300205,300206,1,2
300203,300206,300207,1,3
300203,300204,300207,3,1
300203,300204,300207,3,1
300203,300206,300207,1,3
300203,300206,300207,1,3
300203,300206,300207,1,3
300203,300207,300208,1,4
300203,300204,300208,4,1
300203,300204,300208,4,1
300203,300207,300208,1,4
300203,300204,300209,5,1
300203,300207,300208,1,4
300203,300207,300208,1,4
300203,300207,300208,1,4
300203,300207,300208,1,4
300203,300208,300209,1,5
300203,300208,300209,1,5
300203,300207,300209,2,4
300203,300209,300210,1,6
300203,300208,300209,1,5
300203,300208,300209,1,5
300203,300208,300209,1,5
300203,300208,300209,1,5
300203,300209,300210,1,6
300203,300204,300210,6,1
300203,300204,300211,7,1
300203,300204,300210,6,1
300203,300204,300210,6,1
300203,300209,300210,1,6
300203,300209,300211,2,6
300203,300204,300211,7,1
300203,300210,300211,1,7
300203,300210,300211,1,7
300203,300204,300210,6,1
300203,300204,300211,7,1
300203,300209,300210,1,6
300203,300209,300210,1,6
300203,300204,300210,6,1
300203,300204,300211,7,1
300203,300209,300211,2,6
300203,300209,300211,2,6
300203,300210,300212,2,7
300203,300210,300211,1,7
300203,300210,300212,2,7
300203,300204,300211,7,1
300203,300204,300212,8,1
300203,300210,300211,1,7
300203,300204,300211,7,1
300203,300210,300211,1,7
300203,300204,300212,8,1
300203,300204,300211,7,1
300203,300204,300211,7,1
300203,300204,300211,7,1
300203,300204,300212,8,1
300203,300204,300212,8,1
300203,300204,300212,8,1
300203,300204,300212,8,1
300203,300204,300214,10,1
300203,300204,300213,9,1
300203,300204,300213,9,1
300203,300204,300214,10,1
300203,300204,300214,10,1
300203,300204,300215,11,1
300203,300204,300216,12,1
300203,300204,300216,12,1
300203,300204,300218,14,1
300228,300228,300229,1,0
300228,300228,300229,1,0
300228,300228,300229,1,0
300228,300228,300229,1,0
300228,300228,300229,1,0
300228,300228,300229,1,0
300228,300228,300229,1,0
300228,300228,300230,2,0
300228,300228,300231,3,0
300228,300228,300231,3,0
300228,300228,300230,2,0
300228,300228,300231,3,0
300228,300228,300230,2,0
300228,300230,300231,1,2
300228,300229,300231,2,1
300228,300229,300231,2,1
300228,300228,300231,3,0
300228,300228,300232,4,0
300228,300228,300231,3,0
300228,300230,300231,1,2
300228,300230,300231,1,2
300228,300228,300232,4,0
300228,300228,300232,4,0
300228,300231,300232,1,3
300228,300230,300231,1,2
300228,300230,300232,2,2
300228,300228,300232,4,0
300228,300231,300232,1,3
300228,300231,300232,1,3
300228,300231,300232,1,3
300228,300232,300233,1,4
300228,300232,300234,2,4
300228,300228,300234,6,0
300228,300231,300233,2,3
300228,300228,300234,6,0
300228,300232,300233,1,4
300228,300232,300234,2,4
300228,300228,300234,6,0
300228,300232,300233,1,4
300228,300233,300234,1,5
300228,300228,300233,5,0
300228,300231,300234,3,3
300228,300231,300234,3,3
300228,300232,300234,2,4
300228,300231,300234,3,3
300228,300232,300234,2,4
300228,300233,300234,1,5
300228,300233,300234,1,5
300228,300228,300234,6,0
300228,300232,300233,1,4
300228,300233,300234,1,5
300228,300233,300234,1,5
300228,300233,300234,1,5
300228,300228,300234,6,0
300228,300232,300234,2,4
300228,300228,300235,7,0
300228,300228,300235,7,0
300228,300234,300235,1,6
300228,300228,300234,6,0
300228,300234,300236,2,6
300228,300228,300235,7,0
300228,300234,300236,2,6
300228,300234,300236,2,6
300228,300231,300235,4,3
300228,300228,300236,8,0
300228,300228,300235,7,0
300228,300228,300235,7,0
300228,300228,300235,7,0
300228,300228,300235,7,0
300228,300228,300237,9,0
300228,300228,300236,8,0
300228,300228,300237,9,0
300228,300228,300238,10,0
300228,300228,300237,9,0
300228,300228,300239,11,0
300228,300228,300238,10,0
300228,300228,300239,11,0
300228,300228,300243,15,0
300228,300228,300242,14,0
300252,300252,300253,1,0
300252,300252,300253,1,0
300252,300252,300253,1,0
300252,300252,300254,2,0
300252,300252,300254,2,0
300252,300252,300254,2,0
300252,300252,300254,2,0
300252,300253,300255,2,1
300252,300253,300255,2,1
300252,300253,300255,2,1
300252,300254,300255,1,2
300252,300252,300255,3,0
300252,300254,300255,1,2
300252,300255,300256,1,3
300252,300255,300256,1,3
300252,300255,300256,1,3
300252,300253,300256,3,1
300252,300253,300256,3,1
300252,300255,300256,1,3
300252,300253,300256,3,1
300252,300253,300256,3,1
300252,300255,300256,1,3
300252,300253,300257,4,1
300252,300256,300257,1,4
300252,300253,300257,4,1
300252,300253,300257,4,1
300252,300256,300257,1,4
300252,300252,300257,5,0
300252,300256,300257,1,4
300252,300256,300258,2,4
300252,300256,300257,1,4
300252,300256,300257,1,4
300252,300257,300258,1,5
300252,300253,300258,5,1
300252,300257,300258,1,5
300252,300257,300258,1,5
300252,300252,300258,6,0
300252,300257,300258,1,5
300252,300257,300259,2,5
300252,300257,300258,1,5
300252,300252,300258,6,0
300252,300253,300258,5,1
300252,300258,300259,1,6
300252,300258,300259,1,6
300252,300253,300259,6,1
300252,300258,300259,1,6
300252,300258,300259,1,6
300252,300252,300259,7,0
300252,300253,300259,6,1
300252,300257,300259,2,5
300252,300258,300259,1,6
300252,300256,300259,3,4
300252,300257,300259,2,5
300252,300258,300260,2,6
300252,300258,300259,1,6
300252,300252,300260,8,0
300252,300258,300259,1,6
300252,300252,300259,7,0
300252,300253,300259,6,1
300252,300258,300259,1,6
300252,300259,300260,1,7
300252,300252,300260,8,0
300252,300252,300260,8,0
300252,300252,300260,8,0
300252,300252,300260,8,0
300252,300258,300260,2,6
300252,300258,300260,2,6
300252,300252,300261,9,0
300252,300252,300261,9,0
300252,300252,300262,10,0
300252,300252,300262,10,0
300252,300253,300262,9,1
300252,300252,300264,12,0
300252,300252,300264,12,0
300252,300252,300266,14,0
300252,300252,300265,13,0
300252,300252,300265,13,0
300252,300252,300268,16,0
300278,300278,300279,1,0
300278,300278,300279,1,0
300278,300278,300279,1,0
300278,300278,300279,1,0
300278,300278,300279,1,0
300278,300278,300280,2,0
300278,300278,300279,1,0
300278,300278,300280,2,0
300278,300278,300281,3,0
300278,300278,300280,2,0
300278,300278,300280,2,0
300278,300280,300281,1,2
300278,300278,300280,2,0
300278,300278,300280,2,0
300278,300279,300280,1,1
300278,300279,300280,1,1
300278,300279,300280,1,1
300278,300278,300281,3,0
300278,300278,300281,3,0
300278,300280,300281,1,2
300278,300278,300282,4,0
300278,300278,300282,4,0
300278,300280,300282,2,2
300278,300280,300281,1,2
300278,300280,300281,1,2
300278,300278,300282,4,0
300278,300281,300282,1,3
300278,300278,300282,4,0
300278,300282,300283,1,4
300278,300278,300282,4,0
300278,300281,300282,1,3
300278,300281,300282,1,3
300278,300281,300282,1,3
300278,300281,300282,1,3
300278,300281,300282,1,3
300278,300282,300283,1,4
300278,300282,300283,1,4
300278,300282,300283,1,4
300278,300281,300283,2,3
300278,300282,300284,2,4
300278,300281,300283,2,3
300278,300281,300283,2,3
300278,300278,300283,5,0
300278,300283,300284,1,5
300278,300283,300284,1,5
300278,300283,300284,1,5
300278,300281,300283,2,3
300278,300282,300283,1,4
300278,300283,300284,1,5
300278,300283,300284,1,5
300278,300283,300284,1,5
300278,300283,300285,2,5
300278,300283,300285,2,5
300278,300282,300284,2,4
300278,300278,300284,6,0
300278,300278,300284,6,0
300278,300282,300284,2,4
300278,300278,300285,7,0
300278,300283,300284,1,5
300278,300278,300284,6,0
300278,300278,300286,8,0
300278,300278,300285,7,0
300278,300278,300286,8,0
300278,300278,300285,7,0
300278,300278,300286,8,0
300278,300278,300286,8,0
300278,300278,300286,8,0
300278,300278,300287,9,0
300278,300278,300287,9,0
300278,300278,300288,10,0
300278,300278,300289,11,0
300278,300278,300289,11,0
300278,300278,300289,11,0
300278,300278,300289,11,0
300278,300278,300289,11,0
300278,300278,300291,13,0
300278,300278,300292,14,0
300278,300278,300296,18,0
300306,300306,300307,1,0
300306,300306,300307,1,0
300306,300306,300307,1,0
300306,300306,300307,1,0
300306,300306,300307,1,0
300306,300306,300307,1,0
300306,300306,300307,1,0
300306,300306,300308,2,0
300306,300306,300309,3,0
300306,300306,300308,2,0
300306,300306,300308,2,0
300306,300306,300310,4,0
300306,300306,300310,4,0
300306,300306,300309,3,0
300306,300306,300310,4,0
300306,300306,300310,4,0
300306,300308,300309,1,2
300306,300308,300310,2,2
300306,300308,300310,2,2
300306,300308,300310,2,2
300306,300308,300310,2,2
300306,300308,300310,2,2
300306,300306,300310,4,0
300306,300306,300310,4,0
300306,300306,300311,5,0
300306,300306,300311,5,0
300306,300306,300311,5,0
300306,300310,300311,1,4
300306,300308,300310,2,2
300306,300310,300311,1,4
300306,300308,300311,3,2
300306,300306,300312,6,0
300306,300310,300312,2,4
300306,300310,300311,1,4
300306,300310,300311,1,4
300306,300311,300312,1,5
300306,300310,300311,1,4
300306,300311,300312,1,5
300306,300310,300312,2,4
300306,300306,300313,7,0
300306,300311,300313,2,5
300306,300312,300313,1,6
300306,300306,300312,6,0
300306,300311,300313,2,5
300306,300306,300313,7,0
300306,300309,300312,3,3
300306,300306,300313,7,0
300306,300306,300313,7,0
300306,300306,300313,7,0
300306,300311,300312,1,5
300306,300306,300312,6,0
300306,300306,300313,7,0
300306,300311,300312,1,5
300306,300312,300313,1,6
300306,300312,300314,2,6
300306,300310,300314,4,4
300306,300311,300314,3,5
300306,300306,300313,7,0
300306,300309,300314,5,3
300306,300311,300314,3,5
300306,300311,300313,2,5
300306,300306,300314,8,0
300306,300306,300314,8,0
300306,300306,300313,7,0
300306,300312,300313,1,6
300306,300306,300315,9,0
300306,300311,300314,3,5
300306,300306,300315,9,0
300306,300306,300316,10,0
300306,300309,300316,7,3
300306,300306,300316,10,0
300306,300310,300317,7,4
300306,300310,300316,6,4
300306,300306,300316,10,0
300306,300306,300318,12,0
300306,300306,300319,13,0
300306,300306,300319,13,0
300306,300306,300319,13,0
300306,300306,300320,14,0
300330,300330,300331,1,0
300330,300330,300331,1,0
300330,300330,300332,2,0
300330,300330,300331,1,0
300330,300330,300331,1,0
300330,300330,300331,1,0
300330,300330,300331,1,0
300330,300330,300333,3,0
300330,300330,300334,4,0
300330,300330,300333,3,0
300330,300330,300334,4,0
300330,300330,300333,3,0
300330,300330,300334,4,0
300330,300332,300334,2,2
300330,300330,300334,4,0
300330,300332,300334,2,2
300330,300332,300334,2,2
300330,300332,300334,2,2
300330,300332,300334,2,2
300330,300332,300333,1,2
300330,300330,300334,4,0
300330,300330,300334,4,0
300330,300332,300335,3,2
300330,300330,300334,4,0
300330,300330,300336,6,0
300330,300330,300335,5,0
300330,300334,300336,2,4
300330,300330,300336,6,0
300330,300334,300335,1,4
300330,300334,300336,2,4
300330,300334,300336,2,4
300330,300334,300336,2,4
300330,300334,300335,1,4
300330,300334,300336,2,4
300330,300330,300336,6,0
300330,300330,300337,7,0
300330,300330,300337,7,0
300330,300335,300337,2,5
300330,300334,300337,3,4
300330,300330,300337,7,0
300330,300335,300337,2,5
300330,300330,300337,7,0
300330,300336,300337,1,6
300330,300336,300337,1,6
300330,300336,300337,1,6
300330,300335,300337,2,5
300330,300336,300338,2,6
300330,300330,300338,8,0
300330,300330,300337,7,0
300330,300336,300338,2,6
300330,300330,300337,7,0
300330,300330,300338,8,0
300330,300336,300338,2,6
300330,300330,300338,8,0
300330,300330,300337,7,0
300330,300336,300337,1,6
300330,300336,300337,1,6
300330,300330,300338,8,0
300330,300336,300337,1,6
300330,300330,300338,8,0
300330,300330,300338,8,0
300330,300337,300339,2,7
300330,300330,300339,9,0
300330,300334,300339,5,4
300330,300333,300339,6,3
300330,300335,300338,3,5
300330,300336,300339,3,6
300330,300330,300338,8,0
300330,300334,300339,5,4
300330,300334,300340,6,4
300330,300330,300340,10,0
300330,300330,300339,9,0
300330,300334,300340,6,4
300330,300330,300341,11,0
300330,300330,300340,10,0
300330,300330,300342,12,0
300330,300330,300342,12,0
300330,300330,300342,12,0
300330,300330,300345,15,0
300355,300355,300356,1,0
300355,300355,300356,1,0
300355,300355,300356,1,0
300355,300355,300356,1,0
300355,300355,300356,1,0
300355,300355,300356,1,0
300355,300355,300356,1,0
300355,300355,300357,2,0
300355,300355,300357,2,0
300355,300356,300358,2,1
300355,300356,300358,2,1
300355,300355,300358,3,0
300355,300355,300359,4,0
300355,300357,300358,1,2
300355,300357,300359,2,2
300355,300357,300359,2,2
300355,300357,300359,2,2
300355,300357,300358,1,2
300355,300355,300359,4,0
300355,300358,300359,1,3
300355,300358,300359,1,3
300355,300358,300359,1,3
300355,300355,300361,6,0
300355,300355,300360,5,0
300355,300355,300360,5,0
300355,300355,300360,5,0
300355,300358,300361,3,3
300355,300355,300361,6,0
300355,300355,300361,6,0
300355,300359,300361,2,4
300355,300359,300360,1,4
300355,300359,300360,1,4
300355,300355,300360,5,0
300355,300359,300360,1,4
300355,300359,300360,1,4
300355,300355,300361,6,0
300355,300355,300362,7,0
300355,300355,300362,7,0
300355,300359,300361,2,4
300355,300355,300362,7,0
300355,300355,300362,7,0
300355,300359,300361,2,4
300355,300360,300361,1,5
300355,300355,300361,6,0
300355,300361,300362,1,6
300355,300360,300362,2,5
300355,300361,300362,1,6
300355,300355,300361,6,0
300355,300360,300361,1,5
300355,300361,300362,1,6
300355,300355,300362,7,0
300355,300360,300362,2,5
300355,300355,300363,8,0
300355,300361,300363,2,6
300355,300355,300362,7,0
300355,300355,300363,8,0
300355,300361,300362,1,6
300355,300361,300363,2,6
300355,300361,300363,2,6
300355,300355,300362,7,0
300355,300361,300362,1,6
300355,300361,300362,1,6
300355,300355,300362,7,0
300355,300355,300362,7,0
300355,300355,300363,8,0
300355,300361,300363,2,6
300355,300361,300364,3,6
300355,300361,300364,3,6
300355,300355,300363,8,0
300355,300361,300364,3,6
300355,300355,300363,8,0
300355,300355,300363,8,0
300355,300355,300364,9,0
300355,300355,300365,10,0
300355,300355,300366,11,0
300355,300355,300366,11,0
300355,300355,300366,11,0
300355,300355,300367,12,0
300355,300355,300367,12,0
300378,300378,300379,1,0
300378,300378,300380,2,0
300378,300378,300380,2,0
300378,300378,300379,1,0
300378,300378,300380,2,0
300378,300378,300379,1,0
300378,300378,300380,2,0
300378,300378,300382,4,0
300378,300380,300382,2,2
300378,300380,300382,2,2
300378,300379,300381,2,1
300378,300380,300382,2,2
300378,300380,300381,1,2
300378,300380,300382,2,2
300378,300378,300383,5,0
300378,300378,300383,5,0
300378,300382,300383,1,4
300378,300378,300384,6,0
300378,300378,300383,5,0
300378,300378,300384,6,0
300378,300378,300384,6,0
300378,300381,300384,3,3
300378,300382,300384,2,4
300378,300378,300383,5,0
300378,300382,300384,2,4
300378,300382,300384,2,4
300378,300383,300384,1,5
300378,300382,300384,2,4
300378,300378,300384,6,0
300378,300382,300383,1,4
300378,300378,300385,7,0
300378,300378,300384,6,0
300378,300382,300385,3,4
300378,300378,300385,7,0
300378,300378,300385,7,0
300378,300378,300385,7,0
300378,300384,300385,1,6
300378,300378,300385,7,0
300378,300378,300385,7,0
300378,300384,300385,1,6
300378,300378,300385,7,0
300378,300383,300385,2,5
300378,300378,300385,7,0
300378,300384,300385,1,6
300378,300378,300386,8,0
300378,300384,300385,1,6
300378,300384,300386,2,6
300378,300378,300386,8,0
300378,300384,300386,2,6
300378,300384,300386,2,6
300378,300385,300386,1,7
300378,300378,300386,8,0
300378,300385,300386,1,7
300378,300385,300386,1,7
300378,300385,300387,2,7
300378,300378,300387,9,0
300378,300384,300386,2,6
300378,300378,300386,8,0
300378,300385,300387,2,7
300378,300384,300386,2,6
300378,300378,300386,8,0
300378,300385,300387,2,7
300378,300384,300387,3,6
300378,300385,300387,2,7
300378,300378,300388,10,0
300378,300378,300388,10,0
300378,300378,300389,11,0
300378,300378,300389,11,0
300378,300378,300389,11,0
300378,300378,300389,11,0
300378,300378,300389,11,0
300378,300378,300390,12,0
300378,300378,300391,13,0
300378,300378,300391,13,0
300378,300378,300391,13,0
300378,300378,300392,14,0
300378,300378,300397,19,0
300407,300407,300409,2,0
300407,300407,300408,1,0
300407,300407,300408,1,0
300407,300407,300408,1,0
300407,300407,300408,1,0
300407,300407,300409,2,0
300407,300407,300409,2,0
300407,300409,300411,2,2
300407,300409,300411,2,2
300407,300407,300411,4,0
300407,300409,300411,2,2
300407,300409,300411,2,2
300407,300407,300412,5,0
300407,300407,300412,5,0
300407,300409,300412,3,2
300407,300410,300412,2,3
300407,300407,300412,5,0
300407,300409,300412,3,2
300407,300407,300412,5,0
300407,300407,300413,6,0
300407,300407,300413,6,0
300407,300407,300413,6,0
300407,300407,300413,6,0
300407,300407,300413,6,0
300407,300411,300413,2,4
300407,300412,300413,1,5
300407,300412,300413,1,5
300407,300407,300413,6,0
300407,300411,300413,2,4
300407,300407,300413,6,0
300407,300411,300413,2,4
300407,300412,300413,1,5
300407,300411,300413,2,4
300407,300411,300413,2,4
300407,300412,300413,1,5
300407,300407,300413,6,0
300407,300407,300414,7,0
300407,300407,300414,7,0
300407,300413,300414,1,6
300407,300413,300414,1,6
300407,300407,300414,7,0
300407,300407,300414,7,0
300407,300413,300414,1,6
300407,300413,300414,1,6
300407,300407,300414,7,0
300407,300412,300413,1,5
300407,300413,300414,1,6
300407,300413,300414,1,6
300407,300407,300414,7,0
300407,300413,300414,1,6
300407,300413,300414,1,6
300407,300407,300414,7,0
300407,300407,300415,8,0
300407,300412,300414,2,5
300407,300413,300415,2,6
300407,300413,300415,2,6
300407,300407,300415,8,0
300407,300412,300415,3,5
300407,300413,300415,2,6
300407,300407,300415,8,0
300407,300413,300415,2,6
300407,300407,300415,8,0
300407,300407,300415,8,0
300407,300413,300414,1,6
300407,300413,300415,2,6
300407,300413,300415,2,6
300407,300413,300415,2,6
300407,300407,300416,9,0
300407,300407,300417,10,0
300407,300407,300417,10,0
300407,300407,300417,10,0
300407,300407,300419,12,0
300407,300407,300419,12,0
300407,300407,300420,13,0
300407,300407,300422,15,0
300407,300407,300421,14,0
300407,300407,300422,15,0
300407,300407,300422,15,0
300407,300407,300423,16,0
300432,300432,300434,2,0
300432,300432,300434,2,0
300432,300432,300433,1,0
300432,300432,300434,2,0
300432,300432,300433,1,0
300432,300432,300434,2,0
300432,300432,300435,3,0
300432,300435,300436,1,3
300432,300435,300436,1,3
300432,300435,300436,1,3
300432,300435,300436,1,3
300432,300435,300436,1,3
300432,300432,300437,5,0
300432,300432,300437,5,0
300432,300432,300437,5,0
300432,300436,300437,1,4
300432,300436,300437,1,4
300432,300432,300437,5,0
300432,300437,300438,1,5
300432,300432,300438,6,0
300432,300432,300438,6,0
300432,300432,300438,6,0
300432,300437,300438,1,5
300432,300437,300438,1,5
300432,300432,300438,6,0
300432,300437,300438,1,5
300432,300437,300438,1,5
300432,300432,300438,6,0
300432,300438,300439,1,6
300432,300438,300439,1,6
300432,300432,300439,7,0
300432,300432,300439,7,0
300432,300438,300439,1,6
300432,300432,300439,7,0
300432,300432,300439,7,0
300432,300439,300440,1,7
300432,300432,300440,8,0
300432,300438,300439,1,6
300432,300432,300439,7,0
300432,300432,300439,7,0
300432,300438,300439,1,6
300432,300439,300440,1,7
300432,300432,300439,7,0
300432,300439,300440,1,7
300432,300439,300440,1,7
300432,300439,300440,1,7
300432,300432,300439,7,0
300432,300439,300440,1,7
300432,300439,300440,1,7
300432,300432,300440,8,0
300432,300432,300440,8,0
300432,300432,300440,8,0
300432,300439,300441,2,7
300432,300439,300440,1,7
300432,300439,300440,1,7
300432,300439,300440,1,7
300432,300439,300440,1,7
300432,300439,300440,1,7
300432,300432,300441,9,0
300432,300432,300441,9,0
300432,300432,300441,9,0
300432,300440,300441,1,8
300432,300440,300441,1,8
300432,300432,300442,10,0
300432,300432,300442,10,0
300432,300432,300442,10,0
300432,300432,300442,10,0
300432,300432,300442,10,0
300432,300432,300442,10,0
300432,300432,300443,11,0
300432,300432,300443,11,0
300432,300432,300444,12,0
300432,300432,300444,12,0
300432,300432,300446,14,0
300432,300432,300446,14,0
300432,300432,300453,21,0
300463,300463,300464,1,0
300463,300463,300464,1,0
300463,300463,300464,1,0
300463,300463,300464,1,0
300463,300463,300464,1,0
300463,300463,300464,1,0
300463,300463,300465,2,0
300463,300465,300466,1,2
300463,300464,300465,1,1
300463,300465,300466,1,2
300463,300463,300467,4,0
300463,300465,300466,1,2
300463,300465,300466,1,2
300463,300465,300467,2,2
300463,300465,300466,1,2
300463,300463,300468,5,0
300463,300463,300467,4,0
300463,300467,300468,1,4
300463,300463,300468,5,0
300463,300467,300468,1,4
300463,300466,300467,1,3
300463,300467,300468,1,4
300463,300466,300467,1,3
300463,300463,300468,5,0
300463,300467,300469,2,4
300463,300463,300468,5,0
300463,300467,300468,1,4
300463,300463,300468,5,0
300463,300463,300469,6,0
300463,300468,300469,1,5
300463,300463,300468,5,0
300463,300468,300469,1,5
300463,300463,300469,6,0
300463,300468,300469,1,5
300463,300463,300468,5,0
300463,300467,300468,1,4
300463,300463,300470,7,0
300463,300468,300470,2,5
300463,300463,300470,7,0
300463,300468,300469,1,5
300463,300469,300470,1,6
300463,300468,300469,1,5
300463,300469,300470,1,6
300463,300469,300470,1,6
300463,300468,300469,1,5
300463,300469,300470,1,6
300463,300468,300469,1,5
300463,300469,300470,1,6
300463,300469,300470,1,6
300463,300463,300470,7,0
300463,300463,300471,8,0
300463,300463,300470,7,0
300463,300469,300471,2,6
300463,300469,300471,2,6
300463,300469,300470,1,6
300463,300469,300470,1,6
300463,300469,300470,1,6
300463,300463,300470,7,0
300463,300469,300470,1,6
300463,300463,300470,7,0
300463,300463,300471,8,0
300463,300463,300472,9,0
300463,300463,300471,8,0
300463,300463,300471,8,0
300463,300463,300471,8,0
300463,300463,300471,8,0
300463,300463,300472,9,0
300463,300463,300472,9,0
300463,300463,300472,9,0
300463,300463,300473,10,0
300463,300463,300472,9,0
300463,300463,300472,9,0
300463,300463,300474,11,0
300463,300463,300473,10,0
300463,300463,300474,11,0
300463,300463,300474,11,0
300463,300463,300477,14,0
300463,300463,300476,13,0
300463,300463,300479,16,0
300488,300488,300489,1,0
300488,300488,300489,1,0
300488,300488,300489,1,0
300488,300488,300489,1,0
300488,300488,300489,1,0
300488,300488,300489,1,0
300488,300488,300490,2,0
300488,300489,300491,2,1
300488,300489,300491,2,1
300488,300490,300492,2,2
300488,300490,300491,1,2
300488,300490,300491,1,2
300488,300490,300492,2,2
300488,300488,300492,4,0
300488,300488,300493,5,0
300488,300488,300492,4,0
300488,300488,300493,5,0
300488,300490,300492,2,2
300488,300488,300494,6,0
300488,300491,300493,2,3
300488,300492,300494,2,4
300488,300493,300494,1,5
300488,300492,300493,1,4
300488,300492,300493,1,4
300488,300491,300493,2,3
300488,300493,300494,1,5
300488,300488,300494,6,0
300488,300488,300495,7,0
300488,300488,300494,6,0
300488,300493,300495,2,5
300488,300493,300495,2,5
300488,300493,300495,2,5
300488,300488,300495,7,0
300488,300492,300494,2,4
300488,300488,300494,6,0
300488,300488,300494,6,0
300488,300494,300495,1,6
300488,300488,300494,6,0
300488,300488,300495,7,0
300488,300494,300495,1,6
300488,300488,300495,7,0
300488,300488,300495,7,0
300488,300488,300495,7,0
300488,300488,300496,8,0
300488,300488,300496,8,0
300488,300494,300495,1,6
300488,300495,300496,1,7
300488,300495,300496,1,7
300488,300495,300496,1,7
300488,300494,300495,1,6
300488,300494,300496,2,6
300488,300494,300496,2,6
300488,300488,300496,8,0
300488,300494,300496,2,6
300488,300494,300495,1,6
300488,300495,300497,2,7
300488,300495,300497,2,7
300488,300488,300497,9,0
300488,300495,300497,2,7
300488,300495,300497,2,7
300488,300495,300497,2,7
300488,300488,300497,9,0
300488,300488,300497,9,0
300488,300495,300498,3,7
300488,300488,300498,10,0
300488,300488,300498,10,0
300488,300488,300497,9,0
300488,300488,300497,9,0
300488,300488,300498,10,0
300488,300488,300499,11,0
300488,300488,300499,11,0
300488,300488,300500,12,0
300488,300488,300500,12,0
300488,300488,300500,12,0
300488,300488,300501,13,0
300488,300488,300501,13,0
300488,300488,300502,14,0
300488,300488,300503,15,0
300488,300488,300505,17,0
300514,300515,300516,1,1
300514,300515,300516,1,1
300514,300515,300516,1,1
300514,300515,300516,1,1
300514,300515,300516,1,1
300514,300515,300516,1,1
300514,300515,300516,1,1
300514,300515,300517,2,1
300514,300515,300517,2,1
300514,300516,300517,1,2
300514,300516,300517,1,2
300514,300517,300518,1,3
300514,300515,300518,3,1
300514,300515,300519,4,1
300514,300517,300518,1,3
300514,300517,300518,1,3
300514,300515,300518,3,1
300514,300515,300519,4,1
300514,300517,300519,2,3
300514,300519,300520,1,5
300514,300517,300519,2,3
300514,300515,300520,5,1
300514,300515,300520,5,1
300514,300519,300520,1,5
300514,300515,300520,5,1
300514,300518,300520,2,4
300514,300519,300520,1,5
300514,300515,300521,6,1
300514,300519,300520,1,5
300514,300520,300521,1,6
300514,300515,300520,5,1
300514,300518,300520,2,4
300514,300515,300521,6,1
300514,300515,300521,6,1
300514,300519,300521,2,5
300514,300519,300521,2,5
300514,300515,300521,6,1
300514,300515,300521,6,1
300514,300515,300521,6,1
300514,300520,300521,1,6
300514,300520,300521,1,6
300514,300515,300521,6,1
300514,300521,300522,1,7
300514,300521,300522,1,7
300514,300515,300521,6,1
300514,300520,300521,1,6
300514,300515,300522,7,1
300514,300518,300522,4,4
300514,300518,300523,5,4
300514,300515,300522,7,1
300514,300515,300522,7,1
300514,300521,300522,1,7
300514,300521,300522,1,7
300514,300515,300522,7,1
300514,300521,300522,1,7
300514,300521,300522,1,7
300514,300521,300522,1,7
300514,300521,300522,1,7
300514,300521,300522,1,7
300514,300521,300522,1,7
300514,300515,300523,8,1
300514,300522,300523,1,8
300514,300515,300524,9,1
300514,300522,300523,1,8
300514,300522,300523,1,8
300514,300515,300523,8,1
300514,300515,300524,9,1
300514,300521,300524,3,7
300514,300515,300524,9,1
300514,300515,300524,9,1
300514,300515,300525,10,1
300514,300515,300525,10,1
300514,300515,300525,10,1
300514,300515,300526,11,1
300514,300515,300526,11,1
300514,300515,300527,12,1
300514,300515,300528,13,1
300514,300515,300529,14,1
300514,300515,300530,15,1
300540,300540,300541,1,0
300540,300540,300541,1,0
300540,300540,300541,1,0
300540,300540,300541,1,0
300540,300540,300541,1,0
300540,300540,300541,1,0
300540,300540,300541,1,0
300540,300540,300543,3,0
300540,300540,300543,3,0
300540,300540,300544,4,0
300540,300540,300543,3,0
300540,300542,300543,1,2
300540,300542,300543,1,2
300540,300540,300544,4,0
300540,300542,300543,1,2
300540,300542,300544,2,2
300540,300542,300544,2,2
300540,300540,300544,4,0
300540,300540,300544,4,0
300540,300540,300544,4,0
300540,300540,300545,5,0
300540,300540,300544,4,0
300540,300540,300545,5,0
300540,300540,300545,5,0
300540,300542,300544,2,2
300540,300542,300544,2,2
300540,300540,300546,6,0
300540,300540,300545,5,0
300540,300540,300546,6,0
300540,300540,300546,6,0
300540,300540,300546,6,0
300540,300544,300546,2,4
300540,300540,300546,6,0
300540,300544,300546,2,4
300540,300545,300546,1,5
300540,300540,300546,6,0
300540,300544,300546,2,4
300540,300544,300545,1,4
300540,300544,300546,2,4
300540,300544,300545,1,4
300540,300540,300547,7,0
300540,300545,300547,2,5
300540,300545,300547,2,5
300540,300545,300547,2,5
300540,300545,300547,2,5
300540,300545,300547,2,5
300540,300545,300547,2,5
300540,300545,300546,1,5
300540,300540,300546,6,0
300540,300540,300546,6,0
300540,300545,300546,1,5
300540,300546,300547,1,6
300540,300546,300547,1,6
300540,300540,300546,6,0
300540,300546,300547,1,6
300540,300544,300547,3,4
300540,300544,300547,3,4
300540,300543,300547,4,3
300540,300546,300548,2,6
300540,300546,300548,2,6
300540,300546,300548,2,6
300540,300540,300547,7,0
300540,300540,300548,8,0
300540,300546,300547,1,6
300540,300546,300547,1,6
300540,300546,300548,2,6
300540,300544,300549,5,4
300540,300540,300549,9,0
300540,300540,300549,9,0
300540,300540,300548,8,0
300540,300540,300549,9,0
300540,300540,300548,8,0
300540,300540,300549,9,0
300540,300540,300550,10,0
300540,300540,300549,9,0
300540,300540,300550,10,0
300540,300540,300550,10,0
300540,300540,300551,11,0
300540,300540,300551,11,0
300561,300562,300563,1,1
300561,300562,300563,1,1
300561,300562,300563,1,1
300561,300562,300563,1,1
300561,300563,300564,1,2
300561,300562,300563,1,1
300561,300563,300564,1,2
300561,300562,300564,2,1
300561,300563,300564,1,2
300561,300564,300565,1,3
300561,300562,300565,3,1
300561,300564,300566,2,3
300561,300564,300566,2,3
300561,300564,300565,1,3
300561,300562,300565,3,1
300561,300564,300566,2,3
300561,300562,300566,4,1
300561,300562,300566,4,1
300561,300562,300566,4,1
300561,300562,300567,5,1
300561,300565,300566,1,4
300561,300564,300566,2,3
300561,300562,300567,5,1
300561,300562,300567,5,1
300561,300562,300567,5,1
300561,300562,300567,5,1
300561,300566,300567,1,5
300561,300562,300567,5,1
300561,300566,300568,2,5
300561,300566,300567,1,5
300561,300566,300567,1,5
300561,300562,300568,6,1
300561,300566,300567,1,5
300561,300567,300568,1,6
300561,300566,300567,1,5
300561,300567,300568,1,6
300561,300567,300568,1,6
300561,300567,300568,1,6
300561,300567,300568,1,6
300561,300565,300568,3,4
300561,300567,300568,1,6
300561,300562,300569,7,1
300561,300562,300568,6,1
300561,300568,300569,1,7
300561,300568,300569,1,7
300561,300562,300568,6,1
300561,300568,300569,1,7
300561,300562,300568,6,1
300561,300568,300569,1,7
300561,300562,300568,6,1
300561,300562,300568,6,1
300561,300568,300569,1,7
300561,300562,300569,7,1
300561,300568,300569,1,7
300561,300566,300569,3,5
300561,300562,300569,7,1
300561,300568,300570,2,7
300561,300562,300569,7,1
300561,300568,300569,1,7
300561,300568,300569,1,7
300561,300568,300569,1,7
300561,300568,300569,1,7
300561,300562,300571,9,1
300561,300562,300570,8,1
300561,300562,300570,8,1
300561,300562,300570,8,1
300561,300562,300570,8,1
300561,300562,300571,9,1
300561,300562,300573,11,1
300561,300562,300572,10,1
300561,300562,300572,10,1
300561,300562,300572,10,1
300561,300562,300572,10,1
300561,300562,300573,11,1
300561,300562,300573,11,1
300561,300562,300576,14,1
300561,300562,300577,15,1
300586,300586,300587,1,0
300586,300586,300587,1,0
300586,300586,300588,2,0
300586,300586,300587,1,0
300586,300586,300588,2,0
300586,300586,300588,2,0
300586,300586,300587,1,0
300586,300588,300589,1,2
300586,300586,300590,4,0
300586,300587,300590,3,1
300586,300588,300590,2,2
300586,300588,300590,2,2
300586,300588,300590,2,2
300586,300588,300591,3,2
300586,300588,300591,3,2
300586,300586,300591,5,0
300586,300586,300592,6,0
300586,300586,300592,6,0
300586,300586,300592,6,0
300586,300586,300592,6,0
300586,300586,300592,6,0
300586,300586,300592,6,0
300586,300590,300592,2,4
300586,300586,300592,6,0
300586,300590,300592,2,4
300586,300586,300592,6,0
300586,300589,300592,3,3
300586,300590,300592,2,4
300586,300586,300592,6,0
300586,300590,300592,2,4
300586,300586,300593,7,0
300586,300586,300593,7,0
300586,300590,300593,3,4
300586,300586,300593,7,0
300586,300586,300593,7,0
300586,300591,300593,2,5
300586,300586,300593,7,0
300586,300592,300593,1,6
300586,300586,300592,6,0
300586,300586,300593,7,0
300586,300586,300593,7,0
300586,300592,300593,1,6
300586,300591,300593,2,5
300586,300593,300594,1,7
300586,300586,300594,8,0
300586,300586,300594,8,0
300586,300586,300594,8,0
300586,300586,300594,8,0
300586,300586,300594,8,0
300586,300586,300594,8,0
300586,300586,300594,8,0
300586,300592,300594,2,6
300586,300592,300594,2,6
300586,300592,300594,2,6
300586,300592,300594,2,6
300586,300592,300593,1,6
300586,300592,300594,2,6
300586,300593,300594,1,7
300586,300586,300595,9,0
300586,300586,300595,9,0
300586,300592,300595,3,6
300586,300592,300595,3,6
300586,300593,300595,2,7
300586,300592,300595,3,6
300586,300593,300595,2,7
300586,300593,300595,2,7
300586,300594,300595,1,8
300586,300592,300596,4,6
300586,300586,300596,10,0
300586,300586,300597,11,0
300586,300586,300597,11,0
300586,300586,300597,11,0
300586,300586,300597,11,0
300586,300586,300597,11,0
300586,300586,300598,12,0
300586,300586,300599,13,0
300586,300586,300600,14,0
300611,300611,300612,1,0
300611,300611,300612,1,0
300611,300611,300612,1,0
300611,300611,300612,1,0
300611,300611,300612,1,0
300611,300611,300612,1,0
300611,300611,300612,1,0
300611,300613,300614,1,2
300611,300613,300615,2,2
300611,300613,300615,2,2
300611,300612,300614,2,1
300611,300611,300616,5,0
300611,300613,300615,2,2
300611,300611,300616,5,0
300611,300611,300616,5,0
300611,300611,300617,6,0
300611,300611,300616,5,0
300611,300611,300617,6,0
300611,300611,300616,5,0
300611,300611,300616,5,0
300611,300615,300616,1,4
300611,300613,300616,3,2
300611,300613,300616,3,2
300611,300611,300617,6,0
300611,300615,300617,2,4
300611,300611,300617,6,0
300611,300611,300617,6,0
300611,300611,300617,6,0
300611,300611,300618,7,0
300611,300615,300617,2,4
300611,300611,300617,6,0
300611,300616,300617,1,5
300611,300611,300618,7,0
300611,300611,300617,6,0
300611,300617,300618,1,6
300611,300611,300617,6,0
300611,300615,300617,2,4
300611,300616,300617,1,5
300611,300611,300618,7,0
300611,300611,300618,7,0
300611,300617,300619,2,6
300611,300617,300619,2,6
300611,300611,300619,8,0
300611,300611,300618,7,0
300611,300617,300618,1,6
300611,300618,300619,1,7
300611,300611,300618,7,0
300611,300617,300618,1,6
300611,300617,300618,1,6
300611,300617,300618,1,6
300611,300617,300618,1,6
300611,300617,300618,1,6
300611,300618,300619,1,7
300611,300618,300619,1,7
300611,300611,300619,8,0
300611,300611,300619,8,0
300611,300617,300619,2,6
300611,300617,300619,2,6
300611,300617,300619,2,6
300611,300618,300620,2,7
300611,300618,300620,2,7
300611,300618,300619,1,7
300611,300618,300619,1,7
300611,300618,300619,1,7
300611,300618,300620,2,7
300611,300617,300620,3,6
300611,300611,300620,9,0
300611,300611,300620,9,0
300611,300611,300620,9,0
300611,300611,300621,10,0
300611,300611,300621,10,0
300611,300611,300621,10,0
300611,300611,300622,11,0
300611,300611,300622,11,0
300611,300611,300622,11,0
300611,300611,300622,11,0
300611,300611,300623,12,0
300611,300611,300624,13,0
300611,300611,300624,13,0
300635,300635,300636,1,0
300635,300635,300636,1,0
300635,300635,300637,2,0
300635,300635,300637,2,0
300635,300635,300637,2,0
300635,300635,300637,2,0
300635,300635,300636,1,0
300635,300637,300639,2,2
300635,300636,300639,3,1
300635,300637,300639,2,2
300635,300637,300639,2,2
300635,300635,300640,5,0
300635,300635,300640,5,0
300635,300635,300640,5,0
300635,300636,300640,4,1
300635,300638,300640,2,3
300635,300635,300641,6,0
300635,300635,300641,6,0
300635,300635,300641,6,0
300635,300639,300641,2,4
300635,300635,300641,6,0
300635,300635,300641,6,0
300635,300637,300641,4,2
300635,300640,300641,1,5
300635,300640,300641,1,5
300635,300635,300642,7,0
300635,300635,300642,7,0
300635,300635,300642,7,0
300635,300635,300642,7,0
300635,300641,300642,1,6
300635,300635,300642,7,0
300635,300635,300642,7,0
300635,300641,300642,1,6
300635,300635,300642,7,0
300635,300640,300642,2,5
300635,300635,300643,8,0
300635,300642,300643,1,7
300635,300635,300642,7,0
300635,300641,300642,1,6
300635,300642,300643,1,7
300635,300635,300643,8,0
300635,300641,300643,2,6
300635,300642,300643,1,7
300635,300641,300644,3,6
300635,300642,300643,1,7
300635,300642,300643,1,7
300635,300643,300644,1,8
300635,300635,300643,8,0
300635,300635,300643,8,0
300635,300642,300643,1,7
300635,300643,300644,1,8
300635,300642,300644,2,7
300635,300643,300644,1,8
300635,300642,300644,2,7
300635,300640,300644,4,5
300635,300643,300645,2,8
300635,300643,300644,1,8
300635,300643,300644,1,8
300635,300635,300644,9,0
300635,300635,300644,9,0
300635,300643,300644,1,8
300635,300635,300645,10,0
300635,300635,300646,11,0
300635,300635,300647,12,0
300635,300635,300646,11,0
300635,300635,300646,11,0
300635,300635,300646,11,0
300635,300635,300647,12,0
300635,300635,300647,12,0
300635,300635,300647,12,0
300635,300635,300647,12,0
300635,300635,300647,12,0
300635,300635,300648,13,0
300635,300635,300650,15,0
300635,300635,300650,15,0
300635,300635,300651,16,0
300662,300662,300663,1,0
300662,300662,300663,1,0
300662,300662,300663,1,0
300662,300662,300663,1,0
300662,300662,300663,1,0
300662,300662,300663,1,0
300662,300662,300663,1,0
300662,300664,300666,2,2
300662,300664,300666,2,2
300662,300662,300666,4,0
300662,300662,300666,4,0
300662,300664,300666,2,2
300662,300664,300666,2,2
300662,300662,300667,5,0
300662,300664,300666,2,2
300662,300664,300666,2,2
300662,300662,300668,6,0
300662,300662,300667,5,0
300662,300662,300667,5,0
300662,300662,300667,5,0
300662,300662,300667,5,0
300662,300662,300667,5,0
300662,300662,300667,5,0
300662,300664,300667,3,2
300662,300666,300667,1,4
300662,300662,300667,5,0
300662,300667,300668,1,5
300662,300667,300668,1,5
300662,300667,300668,1,5
300662,300662,300668,6,0
300662,300662,300668,6,0
300662,300662,300668,6,0
300662,300662,300668,6,0
300662,300666,300668,2,4
300662,300667,300668,1,5
300662,300662,300669,7,0
300662,300668,300669,1,6
300662,300662,300668,6,0
300662,300668,300669,1,6
300662,300662,300668,6,0
300662,300667,300668,1,5
300662,300668,300669,1,6
300662,300662,300669,7,0
300662,300662,300669,7,0
300662,300668,300670,2,6
300662,300668,300670,2,6
300662,300668,300670,2,6
300662,300667,300670,3,5
300662,300668,300669,1,6
300662,300662,300669,7,0
300662,300668,300669,1,6
300662,300668,300669,1,6
300662,300662,300670,8,0
300662,300669,300670,1,7
300662,300669,300670,1,7
300662,300662,300669,7,0
300662,300668,300669,1,6
300662,300668,300669,1,6
300662,300668,300669,1,6
300662,300662,300670,8,0
300662,300662,300670,8,0
300662,300668,300670,2,6
300662,300662,300670,8,0
300662,300667,300670,3,5
300662,300669,300670,1,7
300662,300662,300671,9,0
300662,300669,300670,1,7
300662,300662,300671,9,0
300662,300669,300670,1,7
300662,300662,300670,8,0
300662,300669,300670,1,7
300662,300662,300671,9,0
300662,300662,300673,11,0
300662,300662,300673,11,0
300662,300662,300673,11,0
300662,300662,300673,11,0
300662,300662,300673,11,0
300662,300662,300677,15,0
300662,300662,300678,16,0
300688,300688,300690,2,0
300688,300688,300690,2,0
300688,300688,300690,2,0
300688,300688,300689,1,0
300688,300688,300690,2,0
300688,300688,300690,2,0
300688,300688,300689,1,0
300688,300688,300692,4,0
300688,300690,300692,2,2
300688,300690,300692,2,2
300688,300690,300692,2,2
300688,300688,300693,5,0
300688,300688,300693,5,0
300688,300690,300693,3,2
300688,300690,300693,3,2
300688,300688,300693,5,0
300688,300690,300693,3,2
300688,300690,300693,3,2
300688,300693,300694,1,5
300688,300688,300693,5,0
300688,300688,300694,6,0
300688,300688,300694,6,0
300688,300688,300694,6,0
300688,300688,300694,6,0
300688,300688,300694,6,0
300688,300688,300694,6,0
300688,300694,300695,1,6
300688,300688,300695,7,0
300688,300688,300695,7,0
300688,300688,300695,7,0
300688,300688,300695,7,0
300688,300688,300695,7,0
300688,300693,300695,2,5
300688,300688,300695,7,0
300688,300688,300695,7,0
300688,300688,300695,7,0
300688,300688,300695,7,0
300688,300692,300695,3,4
300688,300693,300695,2,5
300688,300694,300695,1,6
300688,300688,300696,8,0
300688,300694,300695,1,6
300688,300694,300695,1,6
300688,300688,300695,7,0
300688,300688,300695,7,0
300688,300688,300695,7,0
300688,300694,300695,1,6
300688,300695,300696,1,7
300688,300694,300695,1,6
300688,300695,300696,1,7
300688,300695,300696,1,7
300688,300688,300696,8,0
300688,300688,300696,8,0
300688,300694,300696,2,6
300688,300694,300696,2,6
300688,300694,300696,2,6
300688,300688,300696,8,0
300688,300694,300696,2,6
300688,300688,300696,8,0
300688,300695,300696,1,7
300688,300688,300697,9,0
300688,300688,300696,8,0
300688,300695,300696,1,7
300688,300695,300696,1,7
300688,300688,300696,8,0
300688,300688,300697,9,0
300688,300695,300697,2,7
300688,300695,300697,2,7
300688,300688,300697,9,0
300688,300695,300697,2,7
300688,300695,300697,2,7
300688,300688,300699,11,0
300688,300688,300699,11,0
300688,300688,300700,12,0
300688,300688,300701,13,0
300711,300711,300712,1,0
300711,300711,300713,2,0
300711,300711,300713,2,0
300711,300711,300713,2,0
300711,300711,300713,2,0
300711,300711,300713,2,0
300711,300711,300713,2,0
300711,300711,300714,3,0
300711,300713,300715,2,2
300711,300714,300715,1,3
300711,300714,300715,1,3
300711,300711,300716,5,0
300711,300711,300716,5,0
300711,300714,300716,2,3
300711,300713,300716,3,2
300711,300714,300716,2,3
300711,300714,300716,2,3
300711,300715,300716,1,4
300711,300711,300717,6,0
300711,300711,300717,6,0
300711,300711,300717,6,0
300711,300711,300717,6,0
300711,300711,300717,6,0
300711,300711,300718,7,0
300711,300711,300717,6,0
300711,300716,300717,1,5
300711,300711,300717,6,0
300711,300716,300717,1,5
300711,300711,300718,7,0
300711,300716,300717,1,5
300711,300717,300718,1,6
300711,300711,300718,7,0
300711,300711,300717,6,0
300711,300711,300718,7,0
300711,300711,300718,7,0
300711,300711,300718,7,0
300711,300717,300718,1,6
300711,300711,300719,8,0
300711,300711,300718,7,0
300711,300717,300718,1,6
300711,300718,300719,1,7
300711,300711,300718,7,0
300711,300717,300718,1,6
300711,300718,300719,1,7
300711,300711,300718,7,0
300711,300717,300718,1,6
300711,300718,300719,1,7
300711,300711,300719,8,0
300711,300711,300719,8,0
300711,300717,300719,2,6
300711,300711,300719,8,0
300711,300718,300719,1,7
300711,300718,300719,1,7
300711,300718,300719,1,7
300711,300718,300719,1,7
300711,300718,300719,1,7
300711,300711,300720,9,0
300711,300718,300719,1,7
300711,300718,300719,1,7
300711,300718,300719,1,7
300711,300718,300719,1,7
300711,300711,300720,9,0
300711,300711,300720,9,0
300711,300711,300719,8,0
300711,300711,300720,9,0
300711,300711,300720,9,0
300711,300718,300720,2,7
300711,300711,300720,9,0
300711,300718,300720,2,7
300711,300711,300720,9,0
300711,300711,300720,9,0
300711,300719,300720,1,8
300711,300718,300720,2,7
300711,300711,300720,9,0
300711,300711,300720,9,0
300711,300711,300721,10,0
300711,300711,300722,11,0
300732,300733,300734,1,1
300732,300733,300734,1,1
300732,300733,300734,1,1
300732,300733,300734,1,1
300732,300733,300734,1,1
300732,300733,300734,1,1
300732,300733,300734,1,1
300732,300733,300735,2,1
300732,300734,300735,1,2
300732,300734,300736,2,2
300732,300733,300736,3,1
300732,300735,300737,2,3
300732,300735,300737,2,3
300732,300734,300736,2,2
300732,300735,300736,1,3
300732,300733,300738,5,1
300732,300735,300737,2,3
300732,300735,300737,2,3
300732,300736,300737,1,4
300732,300737,300738,1,5
300732,300733,300737,4,1
300732,300736,300737,1,4
300732,300737,300738,1,5
300732,300737,300738,1,5
300732,300733,300738,5,1
300732,300733,300738,5,1
300732,300733,300738,5,1
300732,300733,300738,5,1
300732,300738,300739,1,6
300732,300738,300739,1,6
300732,300738,300739,1,6
300732,300737,300738,1,5
300732,300738,300739,1,6
300732,300737,300740,3,5
300732,300733,300739,6,1
300732,300736,300739,3,4
300732,300733,300739,6,1
300732,300733,300739,6,1
300732,300733,300739,6,1
300732,300733,300739,6,1
300732,300738,300739,1,6
300732,300733,300739,6,1
300732,300733,300740,7,1
300732,300739,300740,1,7
300732,300733,300740,7,1
300732,300733,300739,6,1
300732,300738,300739,1,6
300732,300738,300739,1,6
300732,300733,300739,6,1
300732,300733,300739,6,1
300732,300738,300739,1,6
300732,300738,300739,1,6
300732,300733,300740,7,1
300732,300733,300741,8,1
300732,300733,300740,7,1
300732,300739,300740,1,7
300732,300733,300740,7,1
300732,300739,300740,1,7
300732,300733,300741,8,1
300732,300739,300740,1,7
300732,300733,300740,7,1
300732,300733,300741,8,1
300732,300739,300740,1,7
300732,300733,300740,7,1
300732,300733,300741,8,1
300732,300733,300740,7,1
300732,300739,300740,1,7
300732,300739,300740,1,7
300732,300733,300740,7,1
300732,300733,300740,7,1
300732,300739,300740,1,7
300732,300739,300740,1,7
300732,300733,300741,8,1
300732,300733,300741,8,1
300732,300740,300741,1,8
300732,300733,300741,8,1
300732,300733,300742,9,1
300732,300733,300743,10,1
300753,300753,300754,1,0
300753,300753,300754,1,0
300753,300753,300755,2,0
300753,300753,300755,2,0
300753,300753,300754,1,0
300753,300753,300755,2,0
300753,300753,300754,1,0
300753,300753,300756,3,0
300753,300754,300756,2,1
300753,300753,300757,4,0
300753,300753,300757,4,0
300753,300755,300757,2,2
300753,300755,300757,2,2
300753,300754,300756,2,1
300753,300753,300758,5,0
300753,300753,300758,5,0
300753,300753,300758,5,0
300753,300755,300758,3,2
300753,300756,300758,2,3
300753,300755,300757,2,2
300753,300755,300757,2,2
300753,300753,300759,6,0
300753,300753,300759,6,0
300753,300753,300759,6,0
300753,300753,300759,6,0
300753,300758,300759,1,5
300753,300753,300758,5,0
300753,300757,300759,2,4
300753,300753,300758,5,0
300753,300757,300759,2,4
300753,300758,300759,1,5
300753,300757,300758,1,4
300753,300758,300759,1,5
300753,300758,300760,2,5
300753,300753,300760,7,0
300753,300758,300760,2,5
300753,300753,300760,7,0
300753,300758,300760,2,5
300753,300753,300760,7,0
300753,300756,300760,4,3
300753,300759,300760,1,6
300753,300758,300759,1,5
300753,300759,300760,1,6
300753,300753,300760,7,0
300753,300757,300760,3,4
300753,300759,300760,1,6
300753,300759,300760,1,6
300753,300753,300760,7,0
300753,300753,300760,7,0
300753,300753,300760,7,0
300753,300759,300760,1,6
300753,300753,300761,8,0
300753,300753,300760,7,0
300753,300753,300761,8,0
300753,300753,300760,7,0
300753,300759,300761,2,6
300753,300759,300761,2,6
300753,300753,300760,7,0
300753,300759,300761,2,6
300753,300753,300761,8,0
300753,300753,300761,8,0
300753,300757,300761,4,4
300753,300759,300761,2,6
300753,300753,300760,7,0
300753,300753,300760,7,0
300753,300753,300761,8,0
300753,300759,300760,1,6
300753,300759,300761,2,6
300753,300759,300760,1,6
300753,300760,300762,2,7
300753,300753,300761,8,0
300753,300753,300762,9,0
300753,300760,300762,2,7
300753,300753,300761,8,0
300753,300753,300761,8,0
300753,300753,300762,9,0
300753,300753,300762,9,0
300753,300753,300764,11,0
300753,300753,300765,12,0
300775,300775,300776,1,0
300775,300775,300776,1,0
300775,300775,300776,1,0
300775,300775,300776,1,0
300775,300775,300776,1,0
300775,300775,300776,1,0
300775,300775,300776,1,0
300775,300776,300778,2,1
300775,300775,300779,4,0
300775,300777,300779,2,2
300775,300777,300779,2,2
300775,300775,300779,4,0
300775,300776,300778,2,1
300775,300777,300779,2,2
300775,300775,300780,5,0
300775,300775,300780,5,0
300775,300775,300779,4,0
300775,300775,300779,4,0
300775,300775,300780,5,0
300775,300777,300779,2,2
300775,300778,300779,1,3
300775,300777,300779,2,2
300775,300775,300779,4,0
300775,300775,300780,5,0
300775,300775,300781,6,0
300775,300775,300781,6,0
300775,300775,300780,5,0
300775,300779,300780,1,4
300775,300779,300780,1,4
300775,300775,300781,6,0
300775,300780,300781,1,5
300775,300775,300780,5,0
300775,300779,300780,1,4
300775,300779,300780,1,4
300775,300779,300781,2,4
300775,300775,300782,7,0
300775,300775,300781,6,0
300775,300775,300781,6,0
300775,300780,300782,2,5
300775,300780,300782,2,5
300775,300775,300782,7,0
300775,300775,300782,7,0
300775,300780,300782,2,5
300775,300780,300782,2,5
300775,300780,300782,2,5
300775,300779,300781,2,4
300775,300780,300782,2,5
300775,300780,300781,1,5
300775,300780,300781,1,5
300775,300781,300782,1,6
300775,300775,300782,7,0
300775,300781,300782,1,6
300775,300781,300782,1,6
300775,300781,300782,1,6
300775,300781,300782,1,6
300775,300775,300783,8,0
300775,300775,300782,7,0
300775,300781,300783,2,6
300775,300775,300783,8,0
300775,300775,300783,8,0
300775,300775,300783,8,0
300775,300781,300782,1,6
300775,300775,300783,8,0
300775,300781,300783,2,6
300775,300781,300783,2,6
300775,300775,300782,7,0
300775,300775,300783,8,0
300775,300781,300782,1,6
300775,300775,300783,8,0
300775,300781,300782,1,6
300775,300781,300782,1,6
300775,300775,300783,8,0
300775,300775,300783,8,0
300775,300775,300784,9,0
300775,300775,300784,9,0
300775,300775,300786,11,0
300775,300775,300786,11,0
300775,300775,300787,12,0
300775,300775,300788,13,0
300798,300798,300799,1,0
300798,300798,300799,1,0
300798,300798,300799,1,0
300798,300798,300799,1,0
300798,300798,300799,1,0
300798,300798,300799,1,0
300798,300798,300799,1,0
300798,300798,300801,3,0
300798,300798,300801,3,0
300798,300798,300800,2,0
300798,300798,300801,3,0
300798,300798,300802,4,0
300798,300800,300802,2,2
300798,300800,300801,1,2
300798,300800,300802,2,2
300798,300799,300801,2,1
300798,300800,300802,2,2
300798,300798,300803,5,0
300798,300800,300802,2,2
300798,300800,300802,2,2
300798,300801,300802,1,3
300798,300802,300803,1,4
300798,300802,300803,1,4
300798,300802,300803,1,4
300798,300798,300803,5,0
300798,300798,300803,5,0
300798,300801,300803,2,3
300798,300798,300803,5,0
300798,300802,300804,2,4
300798,300798,300803,5,0
300798,300802,300804,2,4
300798,300798,300803,5,0
300798,300801,300803,2,3
300798,300798,300804,6,0
300798,300798,300803,5,0
300798,300803,300804,1,5
300798,300802,300803,1,4
300798,300798,300804,6,0
300798,300802,300803,1,4
300798,300803,300804,1,5
300798,300798,300804,6,0
300798,300803,300805,2,5
300798,300798,300804,6,0
300798,300798,300805,7,0
300798,300798,300804,6,0
300798,300803,300804,1,5
300798,300798,300805,7,0
300798,300798,300804,6,0
300798,300798,300805,7,0
300798,300798,300804,6,0
300798,300803,300804,1,5
300798,300803,300804,1,5
300798,300798,300805,7,0
300798,300798,300804,6,0
300798,300803,300804,1,5
300798,300804,300805,1,6
300798,300804,300805,1,6
300798,300798,300805,7,0
300798,300804,300806,2,6
300798,300804,300806,2,6
300798,300804,300805,1,6
300798,300798,300805,7,0
300798,300804,300806,2,6
300798,300804,300806,2,6
300798,300804,300806,2,6
300798,300798,300805,7,0
300798,300804,300806,2,6
300798,300804,300806,2,6
300798,300798,300805,7,0
300798,300798,300806,8,0
300798,300804,300806,2,6
300798,300798,300807,9,0
300798,300798,300806,8,0
300798,300798,300807,9,0
300798,300798,300807,9,0
300798,300798,300807,9,0
300798,300798,300808,10,0
300798,300798,300810,12,0
300798,300798,300815,17,0
300823,300823,300824,1,0
300823,300823,300825,2,0
300823,300823,300825,2,0
300823,300823,300825,2,0
300823,300823,300825,2,0
300823,300823,300824,1,0
300823,300823,300825,2,0
300823,300824,300826,2,1
300823,300824,300826,2,1
300823,300824,300826,2,1
300823,300824,300826,2,1
300823,300824,300826,2,1
300823,300825,300826,1,2
300823,300826,300827,1,3
300823,300826,300827,1,3
300823,300824,300827,3,1
300823,300824,300827,3,1
300823,300826,300827,1,3
300823,300823,300827,4,0
300823,300824,300827,3,1
300823,300826,300827,1,3
300823,300827,300828,1,4
300823,300823,300828,5,0
300823,300823,300828,5,0
300823,300824,300828,4,1
300823,300827,300828,1,4
300823,300823,300828,5,0
300823,300827,300828,1,4
300823,300827,300829,2,4
300823,300827,300828,1,4
300823,300827,300828,1,4
300823,300827,300828,1,4
300823,300827,300828,1,4
300823,300827,300828,1,4
300823,300828,300829,1,5
300823,300827,300828,1,4
300823,300828,300829,1,5
300823,300824,300829,5,1
300823,300824,300829,5,1
300823,300828,300829,1,5
300823,300828,300829,1,5
300823,300828,300829,1,5
300823,300823,300829,6,0
300823,300829,300830,1,6
300823,300823,300829,6,0
300823,300829,300830,1,6
300823,300823,300830,7,0
300823,300829,300830,1,6
300823,300823,300830,7,0
300823,300823,300830,7,0
300823,300823,300830,7,0
300823,300828,300830,2,5
300823,300829,300830,1,6
300823,300823,300831,8,0
300823,300823,300830,7,0
300823,300829,300830,1,6
300823,300828,300831,3,5
300823,300829,300830,1,6
300823,300829,300830,1,6
300823,300829,300830,1,6
300823,300829,300830,1,6
300823,300823,300831,8,0
300823,300823,300831,8,0
300823,300829,300831,2,6
300823,300829,300831,2,6
300823,300823,300831,8,0
300823,300823,300832,9,0
300823,300823,300832,9,0
300823,300823,300832,9,0
300823,300823,300833,10,0
300823,300823,300833,10,0
300823,300823,300833,10,0
300823,300824,300834,10,1
300823,300823,300834,11,0
300823,300823,300834,11,0
300823,300823,300837,14,0
300823,300823,300837,14,0
300847,300847,300848,1,0
300847,300847,300848,1,0
300847,300847,300848,1,0
300847,300847,300848,1,0
300847,300847,300848,1,0
300847,300847,300848,1,0
300847,300847,300848,1,0
300847,300847,300849,2,0
300847,300847,300849,2,0
300847,300847,300849,2,0
300847,300847,300849,2,0
300847,300847,300849,2,0
300847,300847,300849,2,0
300847,300848,300849,1,1
300847,300847,300850,3,0
300847,300847,300850,3,0
300847,300849,300850,1,2
300847,300847,300850,3,0
300847,300849,300850,1,2
300847,300849,300850,1,2
300847,300847,300850,3,0
300847,300847,300851,4,0
300847,300847,300850,3,0
300847,300849,300850,1,2
300847,300849,300850,1,2
300847,300849,300850,1,2
300847,300847,300851,4,0
300847,300847,300851,4,0
300847,300847,300851,4,0
300847,300847,300851,4,0
300847,300847,300851,4,0
300847,300851,300852,1,4
300847,300851,300852,1,4
300847,300847,300851,4,0
300847,300851,300852,1,4
300847,300850,300852,2,3
300847,300850,300853,3,3
300847,300847,300853,6,0
300847,300850,300852,2,3
300847,300850,300852,2,3
300847,300851,300853,2,4
300847,300847,300852,5,0
300847,300850,300852,2,3
300847,300851,300852,1,4
300847,300850,300852,2,3
300847,300851,300853,2,4
300847,300847,300852,5,0
300847,300851,300853,2,4
300847,300852,300853,1,5
300847,300847,300853,6,0
300847,300847,300852,5,0
300847,300851,300852,1,4
300847,300852,300853,1,5
300847,300851,300852,1,4
300847,300852,300853,1,5
300847,300847,300854,7,0
300847,300851,300854,3,4
300847,300852,300854,2,5
300847,300847,300853,6,0
300847,300847,300853,6,0
300847,300852,300854,2,5
300847,300847,300853,6,0
300847,300851,300853,2,4
300847,300847,300853,6,0
300847,300852,300854,2,5
300847,300852,300853,1,5
300847,300852,300853,1,5
300847,300847,300853,6,0
300847,300852,300854,2,5
300847,300847,300854,7,0
300847,300850,300854,4,3
300847,300851,300854,3,4
300847,300847,300854,7,0
300847,300847,300855,8,0
300847,300847,300855,8,0
300847,300847,300856,9,0
300847,300847,300855,8,0
300847,300847,300857,10,0
300847,300847,300857,10,0
300866,300866,300867,1,0
300866,300866,300867,1,0
300866,300866,300867,1,0
300866,300866,300867,1,0
300866,300866,300867,1,0
300866,300866,300867,1,0
300866,300866,300868,2,0
300866,300866,300867,1,0
300866,300867,300868,1,1
300866,300866,300869,3,0
300866,300866,300869,3,0
300866,300866,300868,2,0
300866,300866,300869,3,0
300866,300866,300869,3,0
300866,300866,300869,3,0
300866,300866,300869,3,0
300866,300867,300869,2,1
300866,300866,300869,3,0
300866,300868,300870,2,2
300866,300866,300870,4,0
300866,300866,300870,4,0
300866,300868,300870,2,2
300866,300866,300870,4,0
300866,300868,300870,2,2
300866,300868,300870,2,2
300866,300866,300870,4,0
300866,300866,300870,4,0
300866,300868,300870,2,2
300866,300868,300870,2,2
300866,300870,300871,1,4
300866,300866,300871,5,0
300866,300866,300870,4,0
300866,300870,300871,1,4
300866,300870,300871,1,4
300866,300869,300871,2,3
300866,300870,300871,1,4
300866,300870,300871,1,4
300866,300870,300871,1,4
300866,300866,300872,6,0
300866,300866,300872,6,0
300866,300868,300872,4,2
300866,300869,300872,3,3
300866,300871,300872,1,5
300866,300870,300872,2,4
300866,300870,300872,2,4
300866,300866,300872,6,0
300866,300866,300873,7,0
300866,300866,300873,7,0
300866,300869,300873,4,3
300866,300870,300873,3,4
300866,300871,300873,2,5
300866,300866,300873,7,0
300866,300869,300873,4,3
300866,300870,300873,3,4
300866,300871,300873,2,5
300866,300866,300873,7,0
300866,300872,300873,1,6
300866,300872,300873,1,6
300866,300866,300873,7,0
300866,300869,300874,5,3
300866,300869,300874,5,3
300866,300869,300874,5,3
300866,300869,300874,5,3
300866,300866,300874,8,0
300866,300869,300874,5,3
300866,300866,300875,9,0
300866,300866,300875,9,0
300866,300866,300875,9,0
300866,300866,300875,9,0
300866,300866,300875,9,0
300866,300866,300875,9,0
300866,300866,300876,10,0
300866,300866,300876,10,0
300866,300866,300876,10,0
300866,300866,300877,11,0
300866,300866,300879,13,0
300866,300866,300879,13,0
300890,300890,300891,1,0
300890,300890,300891,1,0
300890,300890,300891,1,0
300890,300890,300891,1,0
300890,300890,300891,1,0
300890,300890,300891,1,0
300890,300890,300891,1,0
300890,300890,300892,2,0
300890,300890,300892,2,0
300890,300890,300892,2,0
300890,300890,300892,2,0
300890,300890,300892,2,0
300890,300890,300893,3,0
300890,300890,300892,2,0
300890,300890,300893,3,0
300890,300892,300893,1,2
300890,300890,300894,4,0
300890,300890,300893,3,0
300890,300890,300893,3,0
300890,300890,300893,3,0
300890,300890,300893,3,0
300890,300891,300893,2,1
300890,300892,300893,1,2
300890,300890,300893,3,0
300890,300892,300893,1,2
300890,300892,300893,1,2
300890,300890,300893,3,0
300890,300890,300894,4,0
300890,300894,300895,1,4
300890,300890,300894,4,0
300890,300892,300894,2,2
300890,300892,300894,2,2
300890,300893,300895,2,3
300890,300890,300895,5,0
300890,300894,300895,1,4
300890,300890,300894,4,0
300890,300894,300895,1,4
300890,300894,300896,2,4
300890,300894,300896,2,4
300890,300894,300896,2,4
300890,300894,300896,2,4
300890,300894,300896,2,4
300890,300894,300895,1,4
300890,300890,300895,5,0
300890,300894,300895,1,4
300890,300895,300896,1,5
300890,300893,300895,2,3
300890,300890,300896,6,0
300890,300890,300896,6,0
300890,300890,300897,7,0
300890,300890,300896,6,0
300890,300893,300896,3,3
300890,300893,300897,4,3
300890,300895,300897,2,5
300890,300893,300897,4,3
300890,300893,300896,3,3
300890,300893,300897,4,3
300890,300890,300897,7,0
300890,300895,300896,1,5
300890,300890,300896,6,0
300890,300895,300896,1,5
300890,300890,300896,6,0
300890,300895,300896,1,5
300890,300895,300897,2,5
300890,300895,300896,1,5
300890,300890,300897,7,0
300890,300894,300897,3,4
300890,300893,300898,5,3
300890,300890,300897,7,0
300890,300890,300899,9,0
300890,300893,300899,6,3
300890,300890,300899,9,0
300890,300895,300898,3,5
300890,300890,300899,9,0
300890,300890,300901,11,0
300890,300890,300900,10,0
300890,300890,300901,11,0
300890,300890,300903,13,0
300890,300890,300902,12,0
300913,300913,300914,1,0
300913,300913,300914,1,0
300913,300913,300914,1,0
300913,300913,300914,1,0
300913,300913,300914,1,0
300913,300913,300914,1,0
300913,300913,300914,1,0
300913,300914,300915,1,1
300913,300913,300916,3,0
300913,300914,300916,2,1
300913,300915,300916,1,2
300913,300915,300916,1,2
300913,300915,300917,2,2
300913,300915,300917,2,2
300913,300913,300917,4,0
300913,300913,300917,4,0
300913,300915,300917,2,2
300913,300913,300918,5,0
300913,300913,300918,5,0
300913,300917,300919,2,4
300913,300913,300918,5,0
300913,300913,300918,5,0
300913,300916,300918,2,3
300913,300913,300919,6,0
300913,300913,300919,6,0
300913,300913,300919,6,0
300913,300913,300920,7,0
300913,300918,300919,1,5
300913,300913,300919,6,0
300913,300917,300919,2,4
300913,300917,300919,2,4
300913,300913,300919,6,0
300913,300919,300920,1,6
300913,300917,300919,2,4
300913,300918,300920,2,5
300913,300919,300920,1,6
300913,300919,300920,1,6
300913,300913,300920,7,0
300913,300913,300921,8,0
300913,300913,300920,7,0
300913,300913,300920,7,0
300913,300913,300920,7,0
300913,300919,300921,2,6
300913,300913,300920,7,0
300913,300917,300921,4,4
300913,300918,300920,2,5
300913,300919,300920,1,6
300913,300913,300920,7,0
300913,300918,300920,2,5
300913,300920,300921,1,7
300913,300920,300921,1,7
300913,300913,300921,8,0
300913,300913,300921,8,0
300913,300913,300921,8,0
300913,300919,300921,2,6
300913,300913,300921,8,0
300913,300913,300921,8,0
300913,300920,300922,2,7
300913,300920,300921,1,7
300913,300920,300921,1,7
300913,300920,300921,1,7
300913,300920,300921,1,7
300913,300920,300921,1,7
300913,300920,300921,1,7
300913,300913,300921,8,0
300913,300920,300921,1,7
300913,300920,300921,1,7
300913,300913,300922,9,0
300913,300913,300922,9,0
300913,300920,300922,2,7
300913,300913,300922,9,0
300913,300913,300922,9,0
300913,300913,300922,9,0
300913,300913,300923,10,0
300913,300913,300923,10,0
300913,300913,300924,11,0
300913,300913,300925,12,0
300913,300913,300925,12,0
300913,300913,300928,15,0
300937,300938,300939,1,1
300937,300938,300939,1,1
300937,300938,300939,1,1
300937,300938,300939,1,1
300937,300938,300939,1,1
300937,300940,300941,1,3
300937,300939,300940,1,2
300937,300939,300940,1,2
300937,300939,300940,1,2
300937,300938,300941,3,1
300937,300938,300941,3,1
300937,300939,300941,2,2
300937,300940,300941,1,3
300937,300940,300941,1,3
300937,300938,300943,5,1
300937,300938,300942,4,1
300937,300938,300942,4,1
300937,300938,300943,5,1
300937,300938,300942,4,1
300937,300938,300943,5,1
300937,300938,300943,5,1
300937,300938,300943,5,1
300937,300938,300943,5,1
300937,300938,300943,5,1
300937,300941,300943,2,4
300937,300938,300943,5,1
300937,300938,300943,5,1
300937,300941,300943,2,4
300937,300941,300943,2,4
300937,300938,300943,5,1
300937,300941,300943,2,4
300937,300942,300943,1,5
300937,300943,300944,1,6
300937,300938,300945,7,1
300937,300943,300944,1,6
300937,300944,300945,1,7
300937,300943,300944,1,6
300937,300942,300944,2,5
300937,300942,300944,2,5
300937,300944,300945,1,7
300937,300944,300945,1,7
300937,300944,300945,1,7
300937,300938,300945,7,1
300937,300944,300945,1,7
300937,300944,300945,1,7
300937,300944,300945,1,7
300937,300938,300945,7,1
300937,300944,300945,1,7
300937,300938,300946,8,1
300937,300943,300945,2,6
300937,300944,300945,1,7
300937,300944,300945,1,7
300937,300938,300946,8,1
300937,300944,300945,1,7
300937,300944,300945,1,7
300937,300944,300945,1,7
300937,300944,300945,1,7
300937,300943,300946,3,6
300937,300942,300946,4,5
300937,300938,300946,8,1
300937,300942,300946,4,5
300937,300938,300946,8,1
300937,300938,300947,9,1
300937,300938,300947,9,1
300937,300938,300948,10,1
300937,300938,300948,10,1
300937,300938,300948,10,1
300937,300938,300948,10,1
300937,300938,300949,11,1
300937,300938,300948,10,1
300937,300938,300948,10,1
300937,300938,300948,10,1
300937,300938,300950,12,1
300937,300938,300950,12,1
300937,300938,300950,12,1
300937,300938,300952,14,1
300937,300938,300954,16,1
300964,300964,300965,1,0
300964,300964,300965,1,0
300964,300964,300965,1,0
300964,300964,300965,1,0
300964,300964,300965,1,0
300964,300964,300965,1,0
300964,300964,300965,1,0
300964,300965,300967,2,1
300964,300964,300966,2,0
300964,300966,300967,1,2
300964,300965,300966,1,1
300964,300966,300968,2,2
300964,300964,300968,4,0
300964,300966,300967,1,2
300964,300966,300967,1,2
300964,300964,300968,4,0
300964,300966,300967,1,2
300964,300964,300969,5,0
300964,300964,300969,5,0
300964,300964,300969,5,0
300964,300967,300968,1,3
300964,300967,300968,1,3
300964,300967,300968,1,3
300964,300964,300969,5,0
300964,300967,300968,1,3
300964,300964,300969,5,0
300964,300964,300969,5,0
300964,300964,300970,6,0
300964,300964,300970,6,0
300964,300964,300970,6,0
300964,300964,300969,5,0
300964,300968,300969,1,4
300964,300968,300969,1,4
300964,300968,300969,1,4
300964,300968,300969,1,4
300964,300964,300970,6,0
300964,300968,300970,2,4
300964,300968,300969,1,4
300964,300969,300970,1,5
300964,300969,300970,1,5
300964,300969,300971,2,5
300964,300969,300970,1,5
300964,300964,300971,7,0
300964,300969,300970,1,5
300964,300969,300970,1,5
300964,300969,300970,1,5
300964,300964,300971,7,0
300964,300970,300971,1,6
300964,300964,300972,8,0
300964,300964,300971,7,0
300964,300964,300971,7,0
300964,300969,300971,2,5
300964,300970,300972,2,6
300964,300964,300972,8,0
300964,300970,300972,2,6
300964,300970,300972,2,6
300964,300970,300972,2,6
300964,300970,300971,1,6
300964,300970,300971,1,6
300964,300970,300971,1,6
300964,300964,300971,7,0
300964,300964,300971,7,0
300964,300970,300971,1,6
300964,300970,300971,1,6
300964,300964,300973,9,0
300964,300964,300973,9,0
300964,300964,300973,9,0
300964,300964,300973,9,0
300964,300964,300974,10,0
300964,300964,300973,9,0
300964,300964,300975,11,0
300964,300964,300974,10,0
300964,300964,300974,10,0
300964,300964,300975,11,0
300964,300964,300976,12,0
300964,300964,300977,13,0
300964,300964,300977,13,0
300964,300964,300977,13,0
300964,300964,300978,14,0
300989,300989,300990,1,0
300989,300989,300990,1,0
300989,300989,300990,1,0
300989,300989,300990,1,0
300989,300989,300990,1,0
300989,300989,300990,1,0
300989,300989,300990,1,0
300989,300989,300992,3,0
300989,300991,300992,1,2
300989,300990,300991,1,1
300989,300991,300992,1,2
300989,300989,300992,3,0
300989,300989,300993,4,0
300989,300989,300992,3,0
300989,300991,300992,1,2
300989,300991,300992,1,2
300989,300991,300992,1,2
300989,300992,300993,1,3
300989,300991,300992,1,2
300989,300992,300993,1,3
300989,300992,300993,1,3
300989,300989,300993,4,0
300989,300989,300994,5,0
300989,300989,300993,4,0
300989,300989,300993,4,0
300989,300989,300993,4,0
300989,300989,300993,4,0
300989,300992,300993,1,3
300989,300993,300994,1,4
300989,300989,300995,6,0
300989,300989,300994,5,0
300989,300989,300995,6,0
300989,300989,300995,6,0
300989,300989,300995,6,0
300989,300989,300994,5,0
300989,300993,300994,1,4
300989,300994,300995,1,5
300989,300989,300994,5,0
300989,300993,300994,1,4
300989,300993,300994,1,4
300989,300994,300995,1,5
300989,300993,300994,1,4
300989,300993,300994,1,4
300989,300989,300995,6,0
300989,300994,300995,1,5
300989,300994,300995,1,5
300989,300994,300995,1,5
300989,300989,300995,6,0
300989,300989,300995,6,0
300989,300993,300995,2,4
300989,300993,300995,2,4
300989,300993,300995,2,4
300989,300994,300995,1,5
300989,300995,300996,1,6
300989,300995,300996,1,6
300989,300994,300995,1,5
300989,300994,300995,1,5
300989,300989,300996,7,0
300989,300989,300997,8,0
300989,300989,300996,7,0
300989,300989,300996,7,0
300989,300989,300996,7,0
300989,300995,300996,1,6
300989,300989,300996,7,0
300989,300989,300996,7,0
300989,300993,300996,3,4
300989,300995,300997,2,6
300989,300995,300996,1,6
300989,300989,300996,7,0
300989,300995,300996,1,6
300989,300989,300998,9,0
300989,300989,300997,8,0
300989,300989,300998,9,0
300989,300989,300998,9,0
300989,300989,300999,10,0
300989,300989,300998,9,0
300989,300989,300998,9,0
300989,300989,300999,10,0
300989,300989,301000,11,0
301012,301012,301013,1,0
301012,301012,301013,1,0
301012,301012,301014,2,0
301012,301012,301013,1,0
301012,301012,301014,2,0
301012,301012,301013,1,0
301012,301012,301013,1,0
301012,301012,301014,2,0
301012,301012,301015,3,0
301012,301012,301014,2,0
301012,301012,301014,2,0
301012,301013,301014,1,1
301012,301014,301016,2,2
301012,301014,301016,2,2
301012,301014,301016,2,2
301012,301014,301015,1,2
301012,301012,301017,5,0
301012,301015,301017,2,3
301012,301015,301017,2,3
301012,301015,301017,2,3
301012,301015,301017,2,3
301012,301012,301017,5,0
301012,301014,301017,3,2
301012,301015,301016,1,3
301012,301012,301017,5,0
301012,301014,301016,2,2
301012,301012,301018,6,0
301012,301012,301018,6,0
301012,301012,301018,6,0
301012,301012,301018,6,0
301012,301012,301018,6,0
301012,301012,301018,6,0
301012,301012,301018,6,0
301012,301016,301018,2,4
301012,301012,301018,6,0
301012,301016,301018,2,4
301012,301017,301018,1,5
301012,301012,301018,6,0
301012,301016,301018,2,4
301012,301017,301018,1,5
301012,301012,301019,7,0
301012,301012,301019,7,0
301012,301012,301019,7,0
301012,301012,301019,7,0
301012,301012,301018,6,0
301012,301016,301018,2,4
301012,301017,301018,1,5
301012,301012,301019,7,0
301012,301017,301019,2,5
301012,301017,301019,2,5
301012,301017,301018,1,5
301012,301018,301019,1,6
301012,301018,301019,1,6
301012,301017,301019,2,5
301012,301018,301019,1,6
301012,301017,301018,1,5
301012,301018,301019,1,6
301012,301012,301019,7,0
301012,301012,301020,8,0
301012,301012,301020,8,0
301012,301018,301020,2,6
301012,301012,301020,8,0
301012,301012,301020,8,0
301012,301017,301020,3,5
301012,301012,301020,8,0
301012,301018,301020,2,6
301012,301012,301020,8,0
301012,301018,301020,2,6
301012,301018,301020,2,6
301012,301018,301020,2,6
301012,301012,301020,8,0
301012,301012,301019,7,0
301012,301012,301021,9,0
301012,301012,301020,8,0
301012,301017,301020,3,5
301012,301012,301021,9,0
301012,301012,301021,9,0
301012,301012,301023,11,0
301012,301012,301023,11,0
301034,301034,301035,1,0
301034,301034,301035,1,0
301034,301034,301035,1,0
301034,301034,301036,2,0
301034,301034,301035,1,0
301034,301034,301035,1,0
301034,301034,301036,2,0
301034,301034,301035,1,0
301034,301034,301036,2,0
301034,301034,301036,2,0
301034,301034,301036,2,0
301034,301034,301037,3,0
301034,301034,301037,3,0
301034,301034,301037,3,0
301034,301036,301038,2,2
301034,301036,301038,2,2
301034,301036,301038,2,2
301034,301036,301037,1,2
301034,301035,301037,2,1
301034,301036,301037,1,2
301034,301037,301038,1,3
301034,301036,301039,3,2
301034,301037,301039,2,3
301034,301037,301039,2,3
301034,301034,301038,4,0
301034,301036,301038,2,2
301034,301034,301039,5,0
301034,301034,301038,4,0
301034,301034,301040,6,0
301034,301034,301039,5,0
301034,301034,301039,5,0
301034,301038,301040,2,4
301034,301034,301039,5,0
301034,301034,301039,5,0
301034,301038,301039,1,4
301034,301038,301039,1,4
301034,301038,301039,1,4
301034,301038,301039,1,4
301034,301038,301040,2,4
301034,301039,301040,1,5
301034,301034,301040,6,0
301034,301039,301040,1,5
301034,301040,301041,1,6
301034,301034,301040,6,0
301034,301034,301040,6,0
301034,301034,301040,6,0
301034,301038,301041,3,4
301034,301038,301040,2,4
301034,301034,301041,7,0
301034,301038,301040,2,4
301034,301039,301041,2,5
301034,301034,301041,7,0
301034,301039,301040,1,5
301034,301039,301040,1,5
301034,301040,301041,1,6
301034,301034,301040,6,0
301034,301040,301041,1,6
301034,301039,301041,2,5
301034,301039,301041,2,5
301034,301040,301042,2,6
301034,301034,301041,7,0
301034,301040,301042,2,6
301034,301034,301041,7,0
301034,301034,301041,7,0
301034,301040,301042,2,6
301034,301034,301042,8,0
301034,301039,301041,2,5
301034,301040,301042,2,6
301034,301034,301042,8,0
301034,301034,301043,9,0
301034,301034,301043,9,0
301034,301034,301042,8,0
301034,301034,301043,9,0
301034,301034,301042,8,0
301034,301034,301044,10,0
301034,301034,301044,10,0
301034,301034,301045,11,0
301034,301034,301045,11,0
301034,301034,301044,10,0
301055,301055,301056,1,0
301055,301055,301056,1,0
301055,301055,301056,1,0
301055,301055,301056,1,0
301055,301055,301056,1,0
301055,301055,301056,1,0
301055,301055,301057,2,0
301055,301055,301056,1,0
301055,301055,301058,3,0
301055,301055,301057,2,0
301055,301055,301057,2,0
301055,301055,301057,2,0
301055,301055,301057,2,0
301055,301055,301057,2,0
301055,301055,301058,3,0
301055,301056,301057,1,1
301055,301057,301058,1,2
301055,301057,301058,1,2
301055,301055,301058,3,0
301055,301057,301058,1,2
301055,301057,301058,1,2
301055,301055,301058,3,0
301055,301055,301058,3,0
301055,301057,301059,2,2
301055,301057,301058,1,2
301055,301057,301058,1,2
301055,301058,301060,2,3
301055,301055,301059,4,0
301055,301055,301059,4,0
301055,301055,301059,4,0
301055,301058,301060,2,3
301055,301058,301059,1,3
301055,301055,301061,6,0
301055,301059,301060,1,4
301055,301059,301061,2,4
301055,301058,301060,2,3
301055,301055,301060,5,0
301055,301058,301061,3,3
301055,301058,301061,3,3
301055,301059,301060,1,4
301055,301059,301060,1,4
301055,301058,301060,2,3
301055,301059,301061,2,4
301055,301058,301060,2,3
301055,301059,301060,1,4
301055,301059,301060,1,4
301055,301060,301062,2,5
301055,301055,301061,6,0
301055,301061,301062,1,6
301055,301055,301062,7,0
301055,301060,301062,2,5
301055,301055,301062,7,0
301055,301060,301062,2,5
301055,301059,301061,2,4
301055,301059,301061,2,4
301055,301059,301061,2,4
301055,301060,301062,2,5
301055,301055,301062,7,0
301055,301055,301062,7,0
301055,301060,301061,1,5
301055,301055,301062,7,0
301055,301055,301062,7,0
301055,301055,301062,7,0
301055,301061,301062,1,6
301055,301061,301062,1,6
301055,301055,301063,8,0
301055,301055,301062,7,0
301055,301060,301062,2,5
301055,301055,301063,8,0
301055,301055,301063,8,0
301055,301055,301063,8,0
301055,301055,301065,10,0
301055,301055,301064,9,0
301055,301055,301064,9,0
301055,301055,301064,9,0
301055,301055,301064,9,0
301055,301055,301065,10,0
301055,301055,301067,12,0
301055,301055,301070,15,0
301080,301080,301081,1,0
301080,301080,301082,2,0
301080,301080,301082,2,0
301080,301080,301082,2,0
301080,301080,301082,2,0
301080,301080,301082,2,0
301080,301080,301082,2,0
301080,301080,301083,3,0
301080,301082,301083,1,2
301080,301080,301084,4,0
301080,301081,301084,3,1
301080,301081,301084,3,1
301080,301080,301084,4,0
301080,301080,301084,4,0
301080,301081,301084,3,1
301080,301083,301084,1,3
301080,301083,301084,1,3
301080,301083,301084,1,3
301080,301080,301085,5,0
301080,301083,301085,2,3
301080,301080,301085,5,0
301080,301081,301085,4,1
301080,301080,301085,5,0
301080,301083,301085,2,3
301080,301083,301085,2,3
301080,301081,301086,5,1
301080,301081,301086,5,1
301080,301080,301086,6,0
301080,301080,301086,6,0
301080,301081,301086,5,1
301080,301084,301086,2,4
301080,301080,301086,6,0
301080,301084,301086,2,4
301080,301085,301086,1,5
301080,301085,301086,1,5
301080,301080,301086,6,0
301080,301085,301086,1,5
301080,301085,301086,1,5
301080,301080,301087,7,0
301080,301080,301087,7,0
301080,301085,301087,2,5
301080,301085,301087,2,5
301080,301080,301088,8,0
301080,301087,301088,1,7
301080,301085,301087,2,5
301080,301086,301088,2,6
301080,301085,301087,2,5
301080,301080,301087,7,0
301080,301086,301087,1,6
301080,301080,301088,8,0
301080,301086,301087,1,6
301080,301080,301087,7,0
301080,301086,301088,2,6
301080,301087,301088,1,7
301080,301086,301088,2,6
301080,301086,301088,2,6
301080,301087,301088,1,7
301080,301080,301088,8,0
301080,301080,301088,8,0
301080,301085,301088,3,5
301080,301086,301088,2,6
301080,301087,301088,1,7
301080,301080,301088,8,0
301080,301087,301088,1,7
301080,301087,301089,2,7
301080,301087,301088,1,7
301080,301087,301088,1,7
301080,301080,301089,9,0
301080,301087,301089,2,7
301080,301080,301089,9,0
301080,301087,301089,2,7
301080,301080,301089,9,0
301080,301080,301089,9,0
301080,301080,301090,10,0
301080,301080,301090,10,0
301080,301080,301092,12,0
301080,301080,301093,13,0
301080,301080,301093,13,0
301080,301080,301098,18,0
301109,301109,301110,1,0
301109,301109,301110,1,0
301109,301109,301110,1,0
301109,301109,301110,1,0
301109,301109,301110,1,0
301109,301109,301110,1,0
301109,301109,301110,1,0
301109,301110,301111,1,1
301109,301109,301113,4,0
301109,301111,301113,2,2
301109,301109,301112,3,0
301109,301111,301112,1,2
301109,301109,301113,4,0
301109,301109,301113,4,0
301109,301109,301114,5,0
301109,301109,301114,5,0
301109,301109,301114,5,0
301109,301109,301113,4,0
301109,301111,301113,2,2
301109,301111,301114,3,2
301109,301111,301113,2,2
301109,301111,301113,2,2
301109,301109,301114,5,0
301109,301109,301115,6,0
301109,301109,301114,5,0
301109,301109,301114,5,0
301109,301109,301114,5,0
301109,301109,301114,5,0
301109,301109,301114,5,0
301109,301109,301114,5,0
301109,301112,301115,3,3
301109,301113,301115,2,4
301109,301113,301115,2,4
301109,301114,301115,1,5
301109,301109,301115,6,0
301109,301114,301115,1,5
301109,301109,301116,7,0
301109,301109,301115,6,0
301109,301109,301115,6,0
301109,301109,301116,7,0
301109,301109,301116,7,0
301109,301113,301115,2,4
301109,301114,301116,2,5
301109,301114,301116,2,5
301109,301114,301116,2,5
301109,301109,301116,7,0
301109,301114,301115,1,5
301109,301114,301115,1,5
301109,301115,301116,1,6
301109,301109,301116,7,0
301109,301115,301116,1,6
301109,301115,301117,2,6
301109,301113,301117,4,4
301109,301114,301117,3,5
301109,301116,301117,1,7
301109,301115,301117,2,6
301109,301115,301117,2,6
301109,301114,301116,2,5
301109,301115,301117,2,6
301109,301114,301116,2,5
301109,301115,301117,2,6
301109,301109,301117,8,0
301109,301115,301116,1,6
301109,301109,301116,7,0
301109,301109,301117,8,0
301109,301109,301116,7,0
301109,301115,301116,1,6
301109,301115,301117,2,6
301109,301115,301117,2,6
301109,301115,301117,2,6
301109,301109,301117,8,0
301109,301109,301118,9,0
301109,301109,301118,9,0
301109,301109,301118,9,0
301109,301109,301120,11,0
301109,301109,301120,11,0
301109,301109,301121,12,0
301109,301109,301121,12,0
301109,301109,301122,13,0
301133,301133,301134,1,0
301133,301133,301134,1,0
301133,301133,301134,1,0
301133,301133,301134,1,0
301133,301133,301134,1,0
301133,301133,301134,1,0
301133,301133,301134,1,0
301133,301134,301136,2,1
301133,301134,301136,2,1
301133,301133,301137,4,0
301133,301133,301136,3,0
301133,301133,301136,3,0
301133,301133,301136,3,0
301133,301134,301136,2,1
301133,301133,301137,4,0
301133,301135,301137,2,2
301133,301133,301137,4,0
301133,301133,301137,4,0
301133,301135,301138,3,2
301133,301135,301137,2,2
301133,301133,301137,4,0
301133,301135,301138,3,2
301133,301133,301139,6,0
301133,301138,301139,1,5
301133,301133,301139,6,0
301133,301133,301139,6,0
301133,301133,301139,6,0
301133,301136,301139,3,3
301133,301137,301138,1,4
301133,301138,301139,1,5
301133,301136,301138,2,3
301133,301138,301139,1,5
301133,301133,301140,7,0
301133,301133,301139,6,0
301133,301138,301140,2,5
301133,301133,301140,7,0
301133,301133,301140,7,0
301133,301133,301139,6,0
301133,301133,301140,7,0
301133,301138,301140,2,5
301133,301137,301139,2,4
301133,301133,301139,6,0
301133,301133,301140,7,0
301133,301138,301139,1,5
301133,301139,301140,1,6
301133,301139,301140,1,6
301133,301139,301141,2,6
301133,301137,301140,3,4
301133,301138,301140,2,5
301133,301133,301141,8,0
301133,301133,301140,7,0
301133,301139,301140,1,6
301133,301138,301140,2,5
301133,301139,301141,2,6
301133,301139,301141,2,6
301133,301133,301140,7,0
301133,301139,301140,1,6
301133,301133,301141,8,0
301133,301133,301141,8,0
301133,301139,301140,1,6
301133,301133,301141,8,0
301133,301139,301140,1,6
301133,301140,301142,2,7
301133,301140,301142,2,7
301133,301140,301142,2,7
301133,301137,301142,5,4
301133,301133,301141,8,0
301133,301139,301141,2,6
301133,301133,301142,9,0
301133,301137,301142,5,4
301133,301133,301143,10,0
301133,301133,301143,10,0
301133,301133,301143,10,0
301133,301133,301143,10,0
301133,301133,301142,9,0
301133,301133,301144,11,0
301133,301133,301146,13,0
301133,301133,301146,13,0
301133,301133,301147,14,0
301157,301157,301158,1,0
301157,301157,301158,1,0
301157,301157,301158,1,0
301157,301157,301158,1,0
301157,301157,301158,1,0
301157,301157,301159,2,0
301157,301157,301158,1,0
301157,301157,301160,3,0
301157,301158,301160,2,1
301157,301158,301159,1,1
301157,301157,301161,4,0
301157,301157,301161,4,0
301157,301157,301161,4,0
301157,301157,301161,4,0
301157,301157,301161,4,0
301157,301157,301161,4,0
301157,301159,301161,2,2
301157,301159,301161,2,2
301157,301157,301161,4,0
301157,301159,301161,2,2
301157,301157,301161,4,0
301157,301157,301162,5,0
301157,301157,301161,4,0
301157,301159,301162,3,2
301157,301157,301162,5,0
301157,301157,301162,5,0
301157,301159,301162,3,2
301157,301157,301162,5,0
301157,301157,301163,6,0
301157,301161,301163,2,4
301157,301162,301163,1,5
301157,301161,301163,2,4
301157,301160,301163,3,3
301157,301161,301163,2,4
301157,301160,301163,3,3
301157,301157,301164,7,0
301157,301157,301164,7,0
301157,301162,301164,2,5
301157,301161,301164,3,4
301157,301161,301163,2,4
301157,301161,301164,3,4
301157,301157,301164,7,0
301157,301162,301164,2,5
301157,301162,301164,2,5
301157,301157,301164,7,0
301157,301157,301164,7,0
301157,301161,301164,3,4
301157,301161,301164,3,4
301157,301164,301165,1,7
301157,301157,301164,7,0
301157,301163,301164,1,6
301157,301163,301164,1,6
301157,301157,301164,7,0
301157,301163,301164,1,6
301157,301162,301165,3,5
301157,301163,301165,2,6
301157,301160,301165,5,3
301157,301157,301165,8,0
301157,301164,301165,1,7
301157,301157,301165,8,0
301157,301157,301165,8,0
301157,301164,301165,1,7
301157,301157,301166,9,0
301157,301161,301166,5,4
301157,301157,301166,9,0
301157,301157,301166,9,0
301157,301157,301166,9,0
301157,301157,301166,9,0
301157,301162,301166,4,5
301157,301157,301166,9,0
301157,301157,301166,9,0
301157,301157,301167,10,0
301157,301157,301169,12,0
301157,301157,301169,12,0
301157,301157,301171,14,0
301157,301157,301171,14,0
301181,301181,301182,1,0
301181,301181,301183,2,0
301181,301181,301183,2,0
301181,301181,301183,2,0
301181,301181,301183,2,0
301181,301181,301182,1,0
301181,301181,301182,1,0
301181,301181,301184,3,0
301181,301181,301183,2,0
301181,301181,301184,3,0
301181,301181,301184,3,0
301181,301184,301185,1,3
301181,301181,301185,4,0
301181,301181,301185,4,0
301181,301181,301185,4,0
301181,301181,301185,4,0
301181,301181,301185,4,0
301181,301184,301185,1,3
301181,301184,301185,1,3
301181,301184,301185,1,3
301181,301184,301185,1,3
301181,301183,301185,2,2
301181,301181,301186,5,0
301181,301183,301186,3,2
301181,301181,301186,5,0
301181,301181,301186,5,0
301181,301186,301187,1,5
301181,301185,301186,1,4
301181,301181,301187,6,0
301181,301181,301187,6,0
301181,301181,301187,6,0
301181,301181,301187,6,0
301181,301186,301188,2,5
301181,301186,301187,1,5
301181,301185,301187,2,4
301181,301186,301187,1,5
301181,301186,301187,1,5
301181,301186,301188,2,5
301181,301186,301188,2,5
301181,301185,301188,3,4
301181,301185,301188,3,4
301181,301187,301188,1,6
301181,301181,301188,7,0
301181,301187,301188,1,6
301181,301181,301188,7,0
301181,301187,301188,1,6
301181,301181,301188,7,0
301181,301187,301188,1,6
301181,301186,301188,2,5
301181,301187,301188,1,6
301181,301187,301188,1,6
301181,301187,301188,1,6
301181,301187,301188,1,6
301181,301185,301189,4,4
301181,301188,301189,1,7
301181,301181,301189,8,0
301181,301181,301189,8,0
301181,301181,301190,9,0
301181,301181,301189,8,0
301181,301181,301189,8,0
301181,301188,301189,1,7
301181,301188,301190,2,7
301181,301188,301190,2,7
301181,301188,301190,2,7
301181,301181,301190,9,0
301181,301181,301190,9,0
301181,301181,301190,9,0
301181,301181,301192,11,0
301181,301181,301191,10,0
301181,301181,301192,11,0
301181,301181,301192,11,0
301181,301181,301193,12,0
301181,301181,301194,13,0
301181,301181,301194,13,0
301181,301181,301194,13,0
301181,301181,301195,14,0
301181,301181,301195,14,0
301205,301205,301206,1,0
301205,301205,301206,1,0
301205,301205,301207,2,0
301205,301205,301206,1,0
301205,301205,301206,1,0
301205,301205,301207,2,0
301205,301205,301207,2,0
301205,301205,301208,3,0
301205,301205,301208,3,0
301205,301206,301208,2,1
301205,301205,301208,3,0
301205,301205,301209,4,0
301205,301206,301209,3,1
301205,301205,301209,4,0
301205,301206,301209,3,1
301205,301205,301209,4,0
301205,301208,301209,1,3
301205,301207,301209,2,2
301205,301205,301209,4,0
301205,301208,301209,1,3
301205,301207,301209,2,2
301205,301208,301209,1,3
301205,301206,301210,4,1
301205,301205,301210,5,0
301205,301208,301210,2,3
301205,301209,301210,1,4
301205,301205,301210,5,0
301205,301209,301210,1,4
301205,301208,301210,2,3
301205,301210,301211,1,5
301205,301210,301211,1,5
301205,301210,301212,2,5
301205,301210,301211,1,5
301205,301209,301211,2,4
301205,301205,301211,6,0
301205,301210,301211,1,5
301205,301205,301211,6,0
301205,301210,301211,1,5
301205,301211,301212,1,6
301205,301210,301211,1,5
301205,301210,301211,1,5
301205,301209,301211,2,4
301205,301210,301211,1,5
301205,301211,301212,1,6
301205,301205,301212,7,0
301205,301210,301212,2,5
301205,301205,301212,7,0
301205,301205,301212,7,0
301205,301205,301212,7,0
301205,301211,301212,1,6
301205,301205,301212,7,0
301205,301205,301212,7,0
301205,301205,301212,7,0
301205,301205,301212,7,0
301205,301212,301213,1,7
301205,301210,301212,2,5
301205,301211,301212,1,6
301205,301211,301212,1,6
301205,301211,301213,2,6
301205,301205,301213,8,0
301205,301212,301213,1,7
301205,301205,301214,9,0
301205,301211,301213,2,6
301205,301212,301213,1,7
301205,301205,301213,8,0
301205,301205,301213,8,0
301205,301212,301214,2,7
301205,301212,301213,1,7
301205,301205,301213,8,0
301205,301205,301214,9,0
301205,301211,301213,2,6
301205,301205,301213,8,0
301205,301205,301214,9,0
301205,301205,301214,9,0
301205,301205,301214,9,0
301205,301205,301215,10,0
301205,301205,301216,11,0
301205,301205,301217,12,0
301205,301205,301219,14,0
301229,301229,301230,1,0
301229,301229,301230,1,0
301229,301229,301230,1,0
301229,301229,301230,1,0
301229,301229,301230,1,0
301229,301229,301230,1,0
301229,301229,301230,1,0
301229,301229,301231,2,0
301229,301229,301232,3,0
301229,301229,301231,2,0
301229,301229,301231,2,0
301229,301230,301231,1,1
301229,301229,301231,2,0
301229,301231,301232,1,2
301229,301229,301232,3,0
301229,301229,301233,4,0
301229,301231,301232,1,2
301229,301231,301232,1,2
301229,301231,301232,1,2
301229,301231,301233,2,2
301229,301229,301232,3,0
301229,301229,301232,3,0
301229,301231,301232,1,2
301229,301229,301234,5,0
301229,301232,301234,2,3
301229,301229,301233,4,0
301229,301232,301233,1,3
301229,301232,301233,1,3
301229,301233,301234,1,4
301229,301229,301234,5,0
301229,301232,301234,2,3
301229,301229,301234,5,0
301229,301233,301234,1,4
301229,301229,301234,5,0
301229,301229,301234,5,0
301229,301232,301235,3,3
301229,301233,301235,2,4
301229,301232,301234,2,3
301229,301233,301234,1,4
301229,301233,301234,1,4
301229,301229,301235,6,0
301229,301233,301234,1,4
301229,301233,301234,1,4
301229,301229,301235,6,0
301229,301234,301235,1,5
301229,301229,301235,6,0
301229,301229,301235,6,0
301229,301233,301235,2,4
301229,301229,301235,6,0
301229,301234,301235,1,5
301229,301229,301235,6,0
301229,301234,301235,1,5
301229,301234,301235,1,5
301229,301233,301237,4,4
301229,301234,301236,2,5
301229,301235,301237,2,6
301229,301235,301237,2,6
301229,301233,301236,3,4
301229,301235,301237,2,6
301229,301229,301236,7,0
301229,301235,301236,1,6
301229,301235,301236,1,6
301229,301229,301237,8,0
301229,301229,301237,8,0
301229,301229,301236,7,0
301229,301234,301236,2,5
301229,301235,301237,2,6
301229,301229,301238,9,0
301229,301229,301238,9,0
301229,301229,301237,8,0
301229,301229,301239,10,0
301229,301229,301240,11,0
301229,301229,301240,11,0
301229,301229,301240,11,0
301229,301229,301241,12,0
301229,301229,301242,13,0
301229,301229,301243,14,0
301229,301229,301244,15,0
301229,301229,301245,16,0
301255,301255,301256,1,0
301255,301255,301256,1,0
301255,301255,301256,1,0
301255,301255,301256,1,0
301255,301255,301256,1,0
301255,301255,301256,1,0
301255,301255,301256,1,0
301255,301255,301257,2,0
301255,301255,301258,3,0
301255,301255,301257,2,0
301255,301256,301257,1,1
301255,301256,301257,1,1
301255,301257,301258,1,2
301255,301257,301258,1,2
301255,301255,301258,3,0
301255,301255,301259,4,0
301255,301255,301258,3,0
301255,301255,301258,3,0
301255,301257,301258,1,2
301255,301255,301258,3,0
301255,301255,301258,3,0
301255,301257,301258,1,2
301255,301257,301258,1,2
301255,301255,301259,4,0
301255,301255,301259,4,0
301255,301255,301259,4,0
301255,301258,301259,1,3
301255,301258,301259,1,3
301255,301258,301259,1,3
301255,301258,301259,1,3
301255,301258,301259,1,3
301255,301259,301260,1,4
301255,301259,301260,1,4
301255,301258,301260,2,3
301255,301259,301261,2,4
301255,301255,301260,5,0
301255,301260,301261,1,5
301255,301258,301260,2,3
301255,301260,301261,1,5
301255,301260,301261,1,5
301255,301259,301260,1,4
301255,301260,301261,1,5
301255,301260,301261,1,5
301255,301260,301261,1,5
301255,301259,301261,2,4
301255,301260,301261,1,5
301255,301260,301261,1,5
301255,301259,301261,2,4
301255,301260,301261,1,5
301255,301255,301261,6,0
301255,301261,301262,1,6
301255,301259,301261,2,4
301255,301255,301262,7,0
301255,301261,301262,1,6
301255,301255,301261,6,0
301255,301255,301261,6,0
301255,301255,301262,7,0
301255,301255,301261,6,0
301255,301255,301261,6,0
301255,301259,301262,3,4
301255,301255,301262,7,0
301255,301255,301263,8,0
301255,301261,301262,1,6
301255,301255,301262,7,0
301255,301255,301262,7,0
301255,301255,301263,8,0
301255,301255,301264,9,0
301255,301255,301263,8,0
301255,301259,301263,4,4
301255,301255,301264,9,0
301255,301255,301264,9,0
301255,301255,301264,9,0
301255,301255,301265,10,0
301255,301255,301265,10,0
301255,301255,301266,11,0
301255,301255,301266,11,0
301255,301255,301266,11,0
301255,301255,301267,12,0
301255,301255,301272,17,0
301281,301281,301282,1,0
301281,301281,301282,1,0
301281,301281,301282,1,0
301281,301281,301282,1,0
301281,301281,301282,1,0
301281,301281,301282,1,0
301281,301281,301283,2,0
301281,301281,301282,1,0
301281,301281,301284,3,0
301281,301281,301283,2,0
301281,301281,301284,3,0
301281,301281,301284,3,0
301281,301281,301285,4,0
301281,301283,301284,1,2
301281,301281,301285,4,0
301281,301283,301284,1,2
301281,301283,301284,1,2
301281,301283,301285,2,2
301281,301283,301284,1,2
301281,301283,301285,2,2
301281,301283,301284,1,2
301281,301283,301284,1,2
301281,301281,301285,4,0
301281,301281,301285,4,0
301281,301281,301286,5,0
301281,301281,301285,4,0
301281,301281,301285,4,0
301281,301285,301286,1,4
301281,301285,301286,1,4
301281,301285,301286,1,4
301281,301285,301287,2,4
301281,301285,301286,1,4
301281,301285,301286,1,4
301281,301285,301286,1,4
301281,301286,301287,1,5
301281,301286,301287,1,5
301281,301286,301288,2,5
301281,301286,301288,2,5
301281,301286,301288,2,5
301281,301284,301287,3,3
301281,301286,301288,2,5
301281,301286,301288,2,5
301281,301281,301288,7,0
301281,301281,301288,7,0
301281,301281,301288,7,0
301281,301281,301287,6,0
301281,301281,301288,7,0
301281,301281,301288,7,0
301281,301287,301288,1,6
301281,301285,301287,2,4
301281,301287,301288,1,6
301281,301281,301288,7,0
301281,301286,301287,1,5
301281,301287,301288,1,6
301281,301281,301289,8,0
301281,301284,301289,5,3
301281,301287,301288,1,6
301281,301281,301288,7,0
301281,301281,301288,7,0
301281,301281,301289,8,0
301281,301281,301288,7,0
301281,301287,301288,1,6
301281,301281,301289,8,0
301281,301281,301289,8,0
301281,301281,301289,8,0
301281,301284,301289,5,3
301281,301285,301289,4,4
301281,301281,301290,9,0
301281,301281,301290,9,0
301281,301285,301290,5,4
301281,301281,301291,10,0
301281,301281,301291,10,0
301281,301285,301291,6,4
301281,301281,301291,10,0
301281,301281,301292,11,0
301281,301281,301291,10,0
301281,301281,301292,11,0
301281,301281,301293,12,0
301281,301281,301295,14,0
301305,301305,301306,1,0
301305,301305,301306,1,0
301305,301305,301306,1,0
301305,301305,301306,1,0
301305,301305,301306,1,0
301305,301305,301306,1,0
301305,301305,301306,1,0
301305,301305,301307,2,0
301305,301305,301308,3,0
301305,301305,301307,2,0
301305,301306,301308,2,1
301305,301305,301308,3,0
301305,301305,301309,4,0
301305,301305,301308,3,0
301305,301305,301308,3,0
301305,301307,301309,2,2
301305,301307,301309,2,2
301305,301305,301308,3,0
301305,301307,301309,2,2
301305,301307,301308,1,2
301305,301305,301308,3,0
301305,301307,301309,2,2
301305,301307,301308,1,2
301305,301307,301308,1,2
301305,301305,301309,4,0
301305,301308,301309,1,3
301305,301308,301310,2,3
301305,301309,301310,1,4
301305,301305,301311,6,0
301305,301305,301310,5,0
301305,301309,301311,2,4
301305,301308,301311,3,3
301305,301309,301311,2,4
301305,301310,301311,1,5
301305,301308,301310,2,3
301305,301309,301310,1,4
301305,301309,301310,1,4
301305,301309,301310,1,4
301305,301309,301310,1,4
301305,301310,301311,1,5
301305,301305,301311,6,0
301305,301309,301312,3,4
301305,301305,301312,7,0
301305,301305,301312,7,0
301305,301309,301311,2,4
301305,301311,301312,1,6
301305,301309,301311,2,4
301305,301305,301312,7,0
301305,301309,301311,2,4
301305,301305,301311,6,0
301305,301305,301312,7,0
301305,301305,301312,7,0
301305,301311,301312,1,6
301305,301305,301311,6,0
301305,301311,301312,1,6
301305,301305,301311,6,0
301305,301305,301311,6,0
301305,301305,301312,7,0
301305,301310,301311,1,5
301305,301305,301312,7,0
301305,301309,301312,3,4
301305,301305,301312,7,0
301305,301310,301312,2,5
301305,301311,301313,2,6
301305,301311,301313,2,6
301305,301305,301312,7,0
301305,301311,301313,2,6
301305,301311,301313,2,6
301305,301305,301313,8,0
301305,301305,301313,8,0
301305,301305,301314,9,0
301305,301305,301313,8,0
301305,301305,301315,10,0
301305,301305,301314,9,0
301305,301305,301315,10,0
301305,301305,301317,12,0
301305,301305,301317,12,0
301305,301305,301318,13,0
301305,301305,301321,16,0
301331,301331,301332,1,0
301331,301331,301332,1,0
301331,301331,301332,1,0
301331,301331,301332,1,0
301331,301331,301332,1,0
301331,301331,301332,1,0
301331,301331,301332,1,0
301331,301331,301334,3,0
301331,301331,301334,3,0
301331,301331,301333,2,0
301331,301331,301333,2,0
301331,301332,301334,2,1
301331,301332,301334,2,1
301331,301331,301335,4,0
301331,301333,301335,2,2
301331,301333,301335,2,2
301331,301333,301334,1,2
301331,301333,301335,2,2
301331,301333,301334,1,2
301331,301334,301336,2,3
301331,301331,301335,4,0
301331,301331,301335,4,0
301331,301334,301336,2,3
301331,301331,301336,5,0
301331,301331,301336,5,0
301331,301331,301336,5,0
301331,301331,301336,5,0
301331,301335,301336,1,4
301331,301331,301337,6,0
301331,301331,301337,6,0
301331,301331,301337,6,0
301331,301334,301336,2,3
301331,301335,301337,2,4
301331,301335,301336,1,4
301331,301335,301336,1,4
301331,301335,301336,1,4
301331,301331,301338,7,0
301331,301335,301337,2,4
301331,301331,301338,7,0
301331,301331,301338,7,0
301331,301331,301338,7,0
301331,301331,301337,6,0
301331,301331,301338,7,0
301331,301331,301338,7,0
301331,301337,301338,1,6
301331,301337,301338,1,6
301331,301331,301338,7,0
301331,301331,301338,7,0
301331,301334,301337,3,3
301331,301337,301338,1,6
301331,301331,301338,7,0
301331,301336,301338,2,5
301331,301331,301339,8,0
301331,301337,301339,2,6
301331,301337,301339,2,6
301331,301336,301338,2,5
301331,301337,301339,2,6
301331,301334,301338,4,3
301331,301336,301339,3,5
301331,301331,301339,8,0
301331,301334,301338,4,3
301331,301336,301339,3,5
301331,301337,301339,2,6
301331,301337,301338,1,6
301331,301337,301339,2,6
301331,301331,301338,7,0
301331,301331,301340,9,0
301331,301337,301340,3,6
301331,301337,301340,3,6
301331,301337,301340,3,6
301331,301331,301339,8,0
301331,301331,301339,8,0
301331,301331,301340,9,0
301331,301331,301341,10,0
301331,301331,301341,10,0
301331,301331,301341,10,0
301331,301331,301342,11,0
301331,301331,301343,12,0
301331,301331,301344,13,0
301355,301355,301356,1,0
301355,301355,301356,1,0
301355,301355,301356,1,0
301355,301355,301356,1,0
301355,301355,301356,1,0
301355,301355,301356,1,0
301355,301355,301356,1,0
301355,301355,301357,2,0
301355,301356,301358,2,1
301355,301356,301357,1,1
301355,301356,301358,2,1
301355,301356,301357,1,1
301355,301355,301358,3,0
301355,301355,301359,4,0
301355,301355,301358,3,0
301355,301355,301358,3,0
301355,301355,301358,3,0
301355,301355,301359,4,0
301355,301357,301359,2,2
301355,301357,301358,1,2
301355,301357,301359,2,2
301355,301357,301358,1,2
301355,301358,301359,1,3
301355,301355,301359,4,0
301355,301355,301359,4,0
301355,301355,301360,5,0
301355,301358,301359,1,3
301355,301358,301359,1,3
301355,301358,301360,2,3
301355,301355,301360,5,0
301355,301355,301361,6,0
301355,301355,301360,5,0
301355,301359,301361,2,4
301355,301355,301361,6,0
301355,301355,301361,6,0
301355,301355,301361,6,0
301355,301359,301361,2,4
301355,301359,301361,2,4
301355,301359,301361,2,4
301355,301359,301361,2,4
301355,301355,301362,7,0
301355,301360,301362,2,5
301355,301355,301361,6,0
301355,301359,301362,3,4
301355,301359,301361,2,4
301355,301359,301361,2,4
301355,301355,301362,7,0
301355,301355,301362,7,0
301355,301360,301361,1,5
301355,301359,301361,2,4
301355,301355,301362,7,0
301355,301359,301361,2,4
301355,301360,301362,2,5
301355,301355,301362,7,0
301355,301361,301362,1,6
301355,301361,301362,1,6
301355,301360,301362,2,5
301355,301360,301361,1,5
301355,301355,301361,6,0
301355,301355,301363,8,0
301355,301361,301363,2,6
301355,301359,301363,4,4
301355,301355,301362,7,0
301355,301355,301362,7,0
301355,301355,301363,8,0
301355,301361,301363,2,6
301355,301361,301363,2,6
301355,301361,301362,1,6
301355,301355,301363,8,0
301355,301355,301362,7,0
301355,301355,301363,8,0
301355,301355,301364,9,0
301355,301360,301364,4,5
301355,301355,301363,8,0
301355,301355,301365,10,0
301355,301355,301367,12,0
301355,301355,301366,11,0
301355,301355,301366,11,0
301355,301355,301368,13,0
301378,301378,301379,1,0
301378,301378,301379,1,0
301378,301378,301379,1,0
301378,301378,301379,1,0
301378,301378,301379,1,0
301378,301378,301379,1,0
301378,301378,301379,1,0
301378,301379,301380,1,1
301378,301379,301380,1,1
301378,301380,301381,1,2
301378,301380,301381,1,2
301378,301380,301381,1,2
301378,301380,301382,2,2
301378,301380,301381,1,2
301378,301381,301382,1,3
301378,301381,301382,1,3
301378,301378,301384,6,0
301378,301378,301383,5,0
301378,301378,301384,6,0
301378,301378,301384,6,0
301378,301382,301383,1,4
301378,301378,301383,5,0
301378,301382,301383,1,4
301378,301382,301383,1,4
301378,301382,301383,1,4
301378,301378,301383,5,0
301378,301382,301384,2,4
301378,301378,301384,6,0
301378,301378,301385,7,0
301378,301378,301384,6,0
301378,301378,301384,6,0
301378,301378,301384,6,0
301378,301378,301384,6,0
301378,301378,301384,6,0
301378,301378,301384,6,0
301378,301383,301385,2,5
301378,301378,301384,6,0
301378,301384,301385,1,6
301378,301378,301385,7,0
301378,301378,301384,6,0
301378,301384,301385,1,6
301378,301378,301384,6,0
301378,301383,301384,1,5
301378,301384,301385,1,6
301378,301378,301385,7,0
301378,301384,301386,2,6
301378,301378,301385,7,0
301378,301378,301385,7,0
301378,301378,301385,7,0
301378,301384,301386,2,6
301378,301384,301385,1,6
301378,301384,301385,1,6
301378,301384,301385,1,6
301378,301378,301385,7,0
301378,301384,301385,1,6
301378,301384,301385,1,6
301378,301378,301385,7,0
301378,301384,301385,1,6
301378,301378,301385,7,0
301378,301385,301387,2,7
301378,301385,301387,2,7
301378,301385,301387,2,7
301378,301385,301386,1,7
301378,301385,301387,2,7
301378,301385,301387,2,7
301378,301385,301386,1,7
301378,301385,301386,1,7
301378,301378,301387,9,0
301378,301378,301388,10,0
301378,301378,301387,9,0
301378,301378,301388,10,0
301378,301378,301388,10,0
301378,301378,301388,10,0
301378,301378,301388,10,0
301378,301378,301389,11,0
301378,301378,301389,11,0
301378,301378,301389,11,0
301378,301378,301391,13,0
301378,301378,301392,14,0
301402,301402,301403,1,0
301402,301402,301403,1,0
301402,301402,301403,1,0
301402,301402,301403,1,0
301402,301402,301403,1,0
301402,301402,301403,1,0
301402,301402,301404,2,0
301402,301403,301404,1,1
301402,301403,301404,1,1
301402,301403,301405,2,1
301402,301404,301405,1,2
301402,301404,301405,1,2
301402,301404,301406,2,2
301402,301402,301406,4,0
301402,301402,301407,5,0
301402,301405,301406,1,3
301402,301402,301406,4,0
301402,301404,301406,2,2
301402,301402,301408,6,0
301402,301402,301407,5,0
301402,301402,301407,5,0
301402,301406,301408,2,4
301402,301406,301407,1,4
301402,301405,301407,2,3
301402,301402,301407,5,0
301402,301402,301408,6,0
301402,301402,301408,6,0
301402,301402,301409,7,0
301402,301402,301408,6,0
301402,301402,301408,6,0
301402,301402,301409,7,0
301402,301406,301408,2,4
301402,301407,301409,2,5
301402,301402,301409,7,0
301402,301406,301408,2,4
301402,301407,301408,1,5
301402,301407,301409,2,5
301402,301407,301408,1,5
301402,301408,301409,1,6
301402,301402,301409,7,0
301402,301402,301408,6,0
301402,301407,301408,1,5
301402,301402,301408,6,0
301402,301408,301409,1,6
301402,301408,301409,1,6
301402,301408,301409,1,6
301402,301402,301409,7,0
301402,301402,301409,7,0
301402,301408,301409,1,6
301402,301402,301409,7,0
301402,301409,301410,1,7
301402,301408,301409,1,6
301402,301408,301409,1,6
301402,301402,301410,8,0
301402,301409,301410,1,7
301402,301402,301410,8,0
301402,301402,301411,9,0
301402,301409,301411,2,7
301402,301402,301410,8,0
301402,301402,301410,8,0
301402,301409,301411,2,7
301402,301409,301411,2,7
301402,301409,301410,1,7
301402,301409,301410,1,7
301402,301409,301410,1,7
301402,301409,301410,1,7
301402,301402,301411,9,0
301402,301402,301411,9,0
301402,301409,301411,2,7
301402,301402,301412,10,0
301402,301402,301412,10,0
301402,301402,301412,10,0
301402,301402,301413,11,0
301402,301402,301413,11,0
301402,301402,301413,11,0
301402,301402,301415,13,0
301402,301402,301414,12,0
301402,301402,301419,17,0
301402,301402,301419,17,0
301429,301430,301431,1,1
301429,301430,301431,1,1
301429,301430,301431,1,1
301429,301430,301431,1,1
301429,301430,301431,1,1
301429,301430,301431,1,1
301429,301430,301431,1,1
301429,301432,301433,1,3
301429,301432,301433,1,3
301429,301431,301433,2,2
301429,301432,301433,1,3
301429,301432,301433,1,3
301429,301432,301433,1,3
301429,301432,301433,1,3
301429,301430,301434,4,1
301429,301430,301434,4,1
301429,301433,301434,1,4
301429,301430,301435,5,1
301429,301430,301435,5,1
301429,301430,301435,5,1
301429,301430,301436,6,1
301429,301434,301435,1,5
301429,301430,301435,5,1
301429,301434,301436,2,5
301429,301430,301435,5,1
301429,301434,301435,1,5
301429,301434,301435,1,5
301429,301434,301435,1,5
301429,301434,301436,2,5
301429,301435,301436,1,6
301429,301430,301436,6,1
301429,301430,301437,7,1
301429,301430,301436,6,1
301429,301435,301436,1,6
301429,301430,301436,6,1
301429,301435,301436,1,6
301429,301430,301436,6,1
301429,301430,301436,6,1
301429,301436,301437,1,7
301429,301436,301437,1,7
301429,301436,301437,1,7
301429,301430,301436,6,1
301429,301436,301437,1,7
301429,301436,301437,1,7
301429,301430,301436,6,1
301429,301430,301436,6,1
301429,301436,301437,1,7
301429,301430,301437,7,1
301429,301436,301437,1,7
301429,301436,301437,1,7
301429,301430,301437,7,1
301429,301436,301437,1,7
301429,301436,301437,1,7
301429,301436,301437,1,7
301429,301430,301437,7,1
301429,301430,301437,7,1
301429,301436,301437,1,7
301429,301430,301437,7,1
301429,301436,301437,1,7
301429,301430,301439,9,1
301429,301437,301439,2,8
301429,301437,301438,1,8
301429,301430,301438,8,1
301429,301437,301438,1,8
301429,301430,301439,9,1
301429,301430,301438,8,1
301429,301437,301439,2,8
301429,301437,301438,1,8
301429,301430,301439,9,1
301429,301430,301439,9,1
301429,301430,301440,10,1
301429,301430,301439,9,1
301429,301430,301440,10,1
301429,301430,301440,10,1
301429,301430,301440,10,1
301429,301430,301441,11,1
301429,301430,301441,11,1
301429,301430,301443,13,1
301429,301430,301445,15,1
301455,301455,301456,1,0
301455,301455,301456,1,0
301455,301455,301456,1,0
301455,301455,301456,1,0
301455,301455,301456,1,0
301455,301455,301456,1,0
301455,301455,301457,2,0
301455,301455,301459,4,0
301455,301455,301459,4,0
301455,301457,301459,2,2
301455,301457,301459,2,2
301455,301457,301459,2,2
301455,301457,301458,1,2
301455,301457,301459,2,2
301455,301457,301458,1,2
301455,301455,301459,4,0
301455,301457,301459,2,2
301455,301459,301460,1,4
301455,301459,301460,1,4
301455,301455,301461,6,0
301455,301460,301461,1,5
301455,301460,301461,1,5
301455,301455,301461,6,0
301455,301459,301461,2,4
301455,301455,301460,5,0
301455,301459,301460,1,4
301455,301459,301461,2,4
301455,301460,301461,1,5
301455,301459,301460,1,4
301455,301460,301461,1,5
301455,301455,301461,6,0
301455,301455,301461,6,0
301455,301455,301462,7,0
301455,301455,301461,6,0
301455,301455,301462,7,0
301455,301459,301461,2,4
301455,301455,301462,7,0
301455,301455,301461,6,0
301455,301455,301461,6,0
301455,301455,301462,7,0
301455,301455,301461,6,0
301455,301455,301463,8,0
301455,301461,301462,1,6
301455,301459,301463,4,4
301455,301455,301462,7,0
301455,301461,301462,1,6
301455,301461,301462,1,6
301455,301455,301463,8,0
301455,301461,301462,1,6
301455,301461,301462,1,6
301455,301455,301463,8,0
301455,301461,301462,1,6
301455,301461,301462,1,6
301455,301455,301462,7,0
301455,301455,301462,7,0
301455,301461,301462,1,6
301455,301461,301462,1,6
301455,301461,301462,1,6
301455,301461,301462,1,6
301455,301462,301463,1,7
301455,301455,301464,9,0
301455,301462,301464,2,7
301455,301455,301464,9,0
301455,301455,301463,8,0
301455,301455,301463,8,0
301455,301455,301463,8,0
301455,301462,301464,2,7
301455,301455,301464,9,0
301455,301462,301464,2,7
301455,301455,301464,9,0
301455,301455,301464,9,0
301455,301455,301464,9,0
301455,301462,301464,2,7
301455,301455,301465,10,0
301455,301455,301466,11,0
301455,301455,301467,12,0
301455,301455,301468,13,0
301455,301455,301469,14,0
301455,301455,301474,19,0
301484,301484,301485,1,0
301484,301484,301485,1,0
301484,301484,301485,1,0
301484,301484,301485,1,0
301484,301484,301485,1,0
301484,301484,301485,1,0
301484,301484,301486,2,0
301484,301485,301487,2,1
301484,301486,301488,2,2
301484,301486,301488,2,2
301484,301486,301487,1,2
301484,301486,301488,2,2
301484,301486,301487,1,2
301484,301484,301488,4,0
301484,301487,301489,2,3
301484,301487,301489,2,3
301484,301484,301489,5,0
301484,301484,301490,6,0
301484,301484,301489,5,0
301484,301484,301490,6,0
301484,301488,301490,2,4
301484,301488,301489,1,4
301484,301484,301490,6,0
301484,301484,301490,6,0
301484,301488,301490,2,4
301484,301488,301489,1,4
301484,301489,301490,1,5
301484,301484,301491,7,0
301484,301484,301490,6,0
301484,301484,301491,7,0
301484,301484,301491,7,0
301484,301489,301491,2,5
301484,301484,301490,6,0
301484,301484,301491,7,0
301484,301484,301490,6,0
301484,301484,301491,7,0
301484,301488,301490,2,4
301484,301484,301490,6,0
301484,301489,301490,1,5
301484,301484,301491,7,0
301484,301484,301490,6,0
301484,301484,301492,8,0
301484,301490,301492,2,6
301484,301484,301491,7,0
301484,301484,301492,8,0
301484,301484,301492,8,0
301484,301490,301492,2,6
301484,301490,301491,1,6
301484,301490,301491,1,6
301484,301490,301492,2,6
301484,301484,301491,7,0
301484,301490,301492,2,6
301484,301491,301492,1,7
301484,301490,301491,1,6
301484,301491,301492,1,7
301484,301490,301492,2,6
301484,301490,301491,1,6
301484,301490,301491,1,6
301484,301490,301492,2,6
301484,301491,301493,2,7
301484,301491,301493,2,7
301484,301491,301493,2,7
301484,301491,301493,2,7
301484,301484,301492,8,0
301484,301484,301493,9,0
301484,301484,301493,9,0
301484,301491,301493,2,7
301484,301484,301493,9,0
301484,301491,301493,2,7
301484,301484,301495,11,0
301484,301484,301495,11,0
301484,301484,301495,11,0
301484,301484,301495,11,0
301484,301484,301494,10,0
301484,301484,301495,11,0
301484,301484,301497,13,0
301484,301484,301498,14,0
301484,301484,301499,15,0
301484,301484,301499,15,0
301510,301510,301511,1,0
301510,301510,301512,2,0
301510,301510,301511,1,0
301510,301510,301512,2,0
301510,301510,301511,1,0
301510,301510,301511,1,0
301510,301510,301512,2,0
301510,301510,301513,3,0
301510,301510,301512,2,0
301510,301512,301513,1,2
301510,301511,301513,2,1
301510,301510,301514,4,0
301510,301512,301513,1,2
301510,301512,301514,2,2
301510,301512,301513,1,2
301510,301512,301514,2,2
301510,301510,301514,4,0
301510,301510,301514,4,0
301510,301510,301515,5,0
301510,301510,301515,5,0
301510,301510,301515,5,0
301510,301512,301514,2,2
301510,301513,301515,2,3
301510,301513,301515,2,3
301510,301510,301515,5,0
301510,301514,301516,2,4
301510,301510,301516,6,0
301510,301514,301516,2,4
301510,301514,301516,2,4
301510,301515,301516,1,5
301510,301515,301516,1,5
301510,301510,301516,6,0
301510,301514,301516,2,4
301510,301510,301516,6,0
301510,301510,301517,7,0
301510,301510,301517,7,0
301510,301510,301517,7,0
301510,301510,301517,7,0
301510,301510,301517,7,0
301510,301510,301517,7,0
301510,301510,301517,7,0
301510,301510,301517,7,0
301510,301516,301517,1,6
301510,301515,301517,2,5
301510,301515,301517,2,5
301510,301510,301517,7,0
301510,301515,301517,2,5
301510,301516,301517,1,6
301510,301510,301518,8,0
301510,301513,301518,5,3
301510,301516,301518,2,6
301510,301510,301518,8,0
301510,301514,301517,3,4
301510,301515,301517,2,5
301510,301513,301517,4,3
301510,301515,301517,2,5
301510,301510,301518,8,0
301510,301516,301518,2,6
301510,301510,301517,7,0
301510,301516,301517,1,6
301510,301516,301517,1,6
301510,301516,301518,2,6
301510,301516,301517,1,6
301510,301515,301517,2,5
301510,301516,301517,1,6
301510,301510,301518,8,0
301510,301510,301518,8,0
301510,301510,301519,9,0
301510,301510,301519,9,0
301510,301517,301519,2,7
301510,301517,301519,2,7
301510,301510,301520,10,0
301510,301510,301520,10,0
301510,301510,301521,11,0
301510,301510,301521,11,0
301510,301510,301522,12,0
301510,301510,301522,12,0
301510,301510,301522,12,0
301510,301510,301528,18,0
301538,301538,301539,1,0
301538,301538,301539,1,0
301538,301538,301539,1,0
301538,301538,301539,1,0
301538,301538,301539,1,0
301538,301538,301539,1,0
301538,301538,301539,1,0
301538,301540,301541,1,2
301538,301539,301541,2,1
301538,301538,301542,4,0
301538,301538,301542,4,0
301538,301538,301542,4,0
301538,301538,301541,3,0
301538,301540,301542,2,2
301538,301539,301542,3,1
301538,301540,301542,2,2
301538,301540,301542,2,2
301538,301538,301543,5,0
301538,301538,301543,5,0
301538,301541,301543,2,3
301538,301538,301543,5,0
301538,301538,301543,5,0
301538,301538,301543,5,0
301538,301538,301543,5,0
301538,301538,301542,4,0
301538,301540,301542,2,2
301538,301538,301544,6,0
301538,301538,301544,6,0
301538,301541,301544,3,3
301538,301538,301544,6,0
301538,301538,301544,6,0
301538,301543,301544,1,5
301538,301538,301544,6,0
301538,301542,301544,2,4
301538,301542,301544,2,4
301538,301542,301544,2,4
301538,301542,301544,2,4
301538,301543,301544,1,5
301538,301543,301545,2,5
301538,301542,301545,3,4
301538,301538,301545,7,0
301538,301538,301545,7,0
301538,301544,301545,1,6
301538,301544,301545,1,6
301538,301544,301545,1,6
301538,301544,301545,1,6
301538,301543,301544,1,5
301538,301544,301545,1,6
301538,301544,301545,1,6
301538,301538,301545,7,0
301538,301543,301545,2,5
301538,301538,301545,7,0
301538,301538,301546,8,0
301538,301538,301545,7,0
301538,301543,301546,3,5
301538,301542,301545,3,4
301538,301543,301546,3,5
301538,301542,301545,3,4
301538,301542,301545,3,4
301538,301543,301546,3,5
301538,301543,301545,2,5
301538,301544,301545,1,6
301538,301538,301546,8,0
301538,301538,301546,8,0
301538,301544,301545,1,6
301538,301538,301546,8,0
301538,301538,301547,9,0
301538,301544,301546,2,6
301538,301538,301546,8,0
301538,301538,301547,9,0
301538,301538,301546,8,0
301538,301538,301547,9,0
301538,301538,301547,9,0
301538,301538,301547,9,0
301538,301538,301547,9,0
301538,301538,301548,10,0
301538,301538,301547,9,0
301538,301538,301549,11,0
301538,301538,301549,11,0
301560,301560,301561,1,0
301560,301560,301561,1,0
301560,301560,301561,1,0
301560,301560,301561,1,0
301560,301560,301561,1,0
301560,301560,301562,2,0
301560,301560,301561,1,0
301560,301561,301562,1,1
301560,301560,301562,2,0
301560,301561,301562,1,1
301560,301560,301564,4,0
301560,301560,301564,4,0
301560,301560,301563,3,0
301560,301560,301564,4,0
301560,301562,301563,1,2
301560,301562,301564,2,2
301560,301562,301564,2,2
301560,301562,301564,2,2
301560,301560,301564,4,0
301560,301562,301564,2,2
301560,301560,301564,4,0
301560,301564,301565,1,4
301560,301563,301565,2,3
301560,301562,301564,2,2
301560,301560,301565,5,0
301560,301560,301566,6,0
301560,301565,301566,1,5
301560,301560,301566,6,0
301560,301565,301566,1,5
301560,301560,301566,6,0
301560,301564,301566,2,4
301560,301564,301566,2,4
301560,301564,301566,2,4
301560,301560,301566,6,0
301560,301564,301566,2,4
301560,301564,301566,2,4
301560,301560,301567,7,0
301560,301560,301567,7,0
301560,301564,301567,3,4
301560,301564,301567,3,4
301560,301564,301566,2,4
301560,301560,301567,7,0
301560,301564,301566,2,4
301560,301560,301567,7,0
301560,301563,301566,3,3
301560,301565,301567,2,5
301560,301566,301567,1,6
301560,301560,301567,7,0
301560,301560,301567,7,0
301560,301566,301567,1,6
301560,301566,301567,1,6
301560,301566,301567,1,6
301560,301566,301567,1,6
301560,301560,301566,6,0
301560,301566,301567,1,6
301560,301566,301567,1,6
301560,301565,301566,1,5
301560,301566,301567,1,6
301560,301566,301567,1,6
301560,301560,301568,8,0
301560,301566,301568,2,6
301560,301560,301568,8,0
301560,301560,301568,8,0
301560,301566,301567,1,6
301560,301560,301569,9,0
301560,301560,301569,9,0
301560,301560,301569,9,0
301560,301560,301568,8,0
301560,301560,301568,8,0
301560,301560,301569,9,0
301560,301560,301569,9,0
301560,301560,301570,10,0
301560,301560,301570,10,0
301560,301560,301570,10,0
301560,301560,301570,10,0
301560,301560,301570,10,0
301560,301560,301570,10,0
301560,301560,301572,12,0
301560,301560,301573,13,0
301583,301583,301584,1,0
301583,301583,301584,1,0
301583,301583,301584,1,0
301583,301583,301584,1,0
301583,301583,301584,1,0
301583,301583,301585,2,0
301583,301583,301584,1,0
301583,301584,301586,2,1
301583,301584,301586,2,1
301583,301584,301586,2,1
301583,301583,301587,4,0
301583,301585,301587,2,2
301583,301584,301587,3,1
301583,301585,301587,2,2
301583,301585,301587,2,2
301583,301583,301588,5,0
301583,301583,301588,5,0
301583,301583,301587,4,0
301583,301586,301588,2,3
301583,301586,301588,2,3
301583,301586,301588,2,3
301583,301583,301589,6,0
301583,301583,301589,6,0
301583,301583,301589,6,0
301583,301587,301589,2,4
301583,301587,301589,2,4
301583,301587,301589,2,4
301583,301583,301589,6,0
301583,301583,301589,6,0
301583,301587,301589,2,4
301583,301583,301590,7,0
301583,301587,301590,3,4
301583,301583,301590,7,0
301583,301583,301590,7,0
301583,301583,301589,6,0
301583,301588,301590,2,5
301583,301583,301590,7,0
301583,301583,301590,7,0
301583,301583,301590,7,0
301583,301588,301590,2,5
301583,301583,301590,7,0
301583,301588,301590,2,5
301583,301583,301591,8,0
301583,301583,301591,8,0
301583,301588,301590,2,5
301583,301588,301591,3,5
301583,301588,301591,3,5
301583,301589,301591,2,6
301583,301589,301591,2,6
301583,301583,301591,8,0
301583,301583,301591,8,0
301583,301589,301591,2,6
301583,301589,301591,2,6
301583,301590,301591,1,7
301583,301589,301591,2,6
301583,301590,301591,1,7
301583,301583,301591,8,0
301583,301590,301591,1,7
301583,301583,301591,8,0
301583,301583,301592,9,0
301583,301583,301592,9,0
301583,301583,301591,8,0
301583,301583,301592,9,0
301583,301590,301592,2,7
301583,301590,301592,2,7
301583,301590,301592,2,7
301583,301590,301592,2,7
301583,301583,301593,10,0
301583,301583,301593,10,0
301583,301583,301594,11,0
301583,301583,301594,11,0
301583,301583,301593,10,0
301583,301583,301595,12,0
301583,301583,301595,12,0
301583,301583,301596,13,0
301583,301583,301595,12,0
301583,301583,301596,13,0
301607,301607,301608,1,0
301607,301607,301609,2,0
301607,301607,301609,2,0
301607,301607,301608,1,0
301607,301607,301608,1,0
301607,301607,301608,1,0
301607,301607,301608,1,0
301607,301609,301611,2,2
301607,301609,301611,2,2
301607,301609,301611,2,2
301607,301608,301610,2,1
301607,301607,301612,5,0
301607,301607,301611,4,0
301607,301607,301612,5,0
301607,301609,301611,2,2
301607,301609,301611,2,2
301607,301607,301611,4,0
301607,301607,301612,5,0
301607,301607,301612,5,0
301607,301607,301612,5,0
301607,301607,301613,6,0
301607,301607,301613,6,0
301607,301607,301612,5,0
301607,301607,301613,6,0
301607,301609,301612,3,2
301607,301611,301613,2,4
301607,301607,301612,5,0
301607,301607,301613,6,0
301607,301611,301613,2,4
301607,301607,301613,6,0
301607,301611,301613,2,4
301607,301607,301614,7,0
301607,301607,301614,7,0
301607,301607,301613,6,0
301607,301611,301613,2,4
301607,301612,301614,2,5
301607,301612,301614,2,5
301607,301613,301614,1,6
301607,301612,301614,2,5
301607,301613,301614,1,6
301607,301613,301614,1,6
301607,301612,301613,1,5
301607,301613,301614,1,6
301607,301613,301615,2,6
301607,301612,301615,3,5
301607,301613,301615,2,6
301607,301613,301615,2,6
301607,301613,301615,2,6
301607,301607,301614,7,0
301607,301607,301615,8,0
301607,301614,301615,1,7
301607,301607,301614,7,0
301607,301613,301614,1,6
301607,301613,301614,1,6
301607,301613,301614,1,6
301607,301607,301614,7,0
301607,301607,301615,8,0
301607,301613,301614,1,6
301607,301613,301614,1,6
301607,301607,301615,8,0
301607,301612,301615,3,5
301607,301612,301616,4,5
301607,301614,301616,2,7
301607,301607,301616,9,0
301607,301607,301616,9,0
301607,301614,301616,2,7
301607,301614,301615,1,7
301607,301607,301617,10,0
301607,301607,301617,10,0
301607,301607,301617,10,0
301607,301607,301618,11,0
301607,301607,301618,11,0
301607,301607,301618,11,0
301607,301607,301618,11,0
301607,301607,301619,12,0
301607,301607,301619,12,0
301607,301607,301620,13,0
301607,301607,301621,14,0
301607,301607,301621,14,0
301631,301632,301633,1,1
301631,301632,301633,1,1
301631,301632,301633,1,1
301631,301632,301633,1,1
301631,301632,301633,1,1
301631,301632,301633,1,1
301631,301632,301633,1,1
301631,301634,301635,1,3
301631,301632,301636,4,1
301631,301632,301636,4,1
301631,301632,301637,5,1
301631,301632,301636,4,1
301631,301634,301636,2,3
301631,301634,301636,2,3
301631,301634,301636,2,3
301631,301634,301636,2,3
301631,301634,301636,2,3
301631,301634,301636,2,3
301631,301632,301638,6,1
301631,301632,301637,5,1
301631,301632,301637,5,1
301631,301632,301637,5,1
301631,301632,301637,5,1
301631,301632,301638,6,1
301631,301632,301637,5,1
301631,301632,301637,5,1
301631,301632,301637,5,1
301631,301632,301638,6,1
301631,301636,301638,2,5
301631,301632,301638,6,1
301631,301637,301638,1,6
301631,301637,301638,1,6
301631,301632,301638,6,1
301631,301637,301639,2,6
301631,301638,301639,1,7
301631,301632,301638,6,1
301631,301637,301639,2,6
301631,301632,301638,6,1
301631,301637,301638,1,6
301631,301638,301639,1,7
301631,301637,301638,1,6
301631,301638,301639,1,7
301631,301638,301639,1,7
301631,301638,301639,1,7
301631,301638,301639,1,7
301631,301638,301639,1,7
301631,301637,301640,3,6
301631,301638,301639,1,7
301631,301638,301639,1,7
301631,301639,301640,1,8
301631,301639,301640,1,8
301631,301639,301640,1,8
301631,301637,301639,2,6
301631,301638,301639,1,7
301631,301639,301640,1,8
301631,301632,301639,7,1
301631,301632,301640,8,1
301631,301639,301640,1,8
301631,301639,301640,1,8
301631,301632,301640,8,1
301631,301637,301641,4,6
301631,301632,301640,8,1
301631,301637,301640,3,6
301631,301632,301640,8,1
301631,301638,301640,2,7
301631,301632,301641,9,1
301631,301632,301641,9,1
301631,301632,301641,9,1
301631,301632,301641,9,1
301631,301632,301642,10,1
301631,301632,301642,10,1
301631,301632,301642,10,1
301631,301632,301642,10,1
301631,301632,301642,10,1
301631,301632,301643,11,1
301631,301632,301643,11,1
301631,301632,301644,12,1
301631,301632,301646,14,1
301631,301632,301647,15,1
301657,301657,301658,1,0
301657,301657,301659,2,0
301657,301657,301658,1,0
301657,301657,301658,1,0
301657,301657,301659,2,0
301657,301657,301658,1,0
301657,301657,301659,2,0
301657,301658,301661,3,1
301657,301659,301661,2,2
301657,301659,301661,2,2
301657,301659,301661,2,2
301657,301657,301662,5,0
301657,301657,301661,4,0
301657,301659,301662,3,2
301657,301659,301662,3,2
301657,301657,301661,4,0
301657,301657,301662,5,0
301657,301659,301662,3,2
301657,301657,301663,6,0
301657,301657,301663,6,0
301657,301657,301663,6,0
301657,301657,301663,6,0
301657,301657,301662,5,0
301657,301657,301663,6,0
301657,301657,301663,6,0
301657,301662,301664,2,5
301657,301662,301663,1,5
301657,301663,301664,1,6
301657,301657,301664,7,0
301657,301657,301664,7,0
301657,301657,301664,7,0
301657,301657,301664,7,0
301657,301661,301664,3,4
301657,301657,301664,7,0
301657,301657,301664,7,0
301657,301663,301664,1,6
301657,301663,301664,1,6
301657,301657,301664,7,0
301657,301662,301664,2,5
301657,301663,301664,1,6
301657,301657,301665,8,0
301657,301657,301664,7,0
301657,301663,301664,1,6
301657,301663,301664,1,6
301657,301657,301665,8,0
301657,301663,301665,2,6
301657,301663,301665,2,6
301657,301663,301665,2,6
301657,301657,301665,8,0
301657,301663,301665,2,6
301657,301664,301665,1,7
301657,301663,301665,2,6
301657,301657,301665,8,0
301657,301665,301666,1,8
301657,301657,301665,8,0
301657,301664,301665,1,7
301657,301657,301665,8,0
301657,301664,301665,1,7
301657,301657,301666,9,0
301657,301657,301666,9,0
301657,301657,301666,9,0
301657,301664,301666,2,7
301657,301657,301666,9,0
301657,301657,301666,9,0
301657,301657,301666,9,0
301657,301665,301666,1,8
301657,301665,301666,1,8
301657,301665,301666,1,8
301657,301657,301667,10,0
301657,301657,301667,10,0
301657,301662,301667,5,5
301657,301657,301668,11,0
301657,301657,301669,12,0
301657,301657,301670,13,0
301657,301657,301675,18,0
301685,301685,301686,1,0
301685,301685,301686,1,0
301685,301685,301686,1,0
301685,301685,301687,2,0
301685,301685,301687,2,0
301685,301685,301686,1,0
301685,301685,301687,2,0
301685,301685,301689,4,0
301685,301685,301688,3,0
301685,301687,301689,2,2
301685,301687,301689,2,2
301685,301686,301688,2,1
301685,301687,301688,1,2
301685,301685,301690,5,0
301685,301685,301690,5,0
301685,301687,301690,3,2
301685,301687,301690,3,2
301685,301689,301690,1,4
301685,301687,301690,3,2
301685,301685,301690,5,0
301685,301685,301691,6,0
301685,301685,301690,5,0
301685,301685,301691,6,0
301685,301689,301691,2,4
301685,301685,301690,5,0
301685,301685,301691,6,0
301685,301685,301691,6,0
301685,301685,301691,6,0
301685,301689,301691,2,4
301685,301689,301690,1,4
301685,301689,301691,2,4
301685,301689,301690,1,4
301685,301685,301692,7,0
301685,301685,301692,7,0
301685,301685,301692,7,0
301685,301685,301691,6,0
301685,301685,301692,7,0
301685,301685,301692,7,0
301685,301685,301692,7,0
301685,301690,301692,2,5
301685,301685,301692,7,0
301685,301690,301691,1,5
301685,301685,301692,7,0
301685,301685,301692,7,0
301685,301690,301692,2,5
301685,301690,301692,2,5
301685,301690,301692,2,5
301685,301685,301692,7,0
301685,301691,301692,1,6
301685,301685,301693,8,0
301685,301685,301692,7,0
301685,301685,301693,8,0
301685,301691,301693,2,6
301685,301685,301693,8,0
301685,301691,301693,2,6
301685,301691,301693,2,6
301685,301691,301693,2,6
301685,301691,301693,2,6
301685,301691,301692,1,6
301685,301691,301692,1,6
301685,301691,301693,2,6
301685,301685,301693,8,0
301685,301691,301692,1,6
301685,301685,301693,8,0
301685,301691,301693,2,6
301685,301690,301694,4,5
301685,301692,301694,2,7
301685,301691,301694,3,6
301685,301692,301694,2,7
301685,301691,301693,2,6
301685,301692,301694,2,7
301685,301685,301693,8,0
301685,301685,301694,9,0
301685,301685,301694,9,0
301685,301685,301695,10,0
301685,301685,301695,10,0
301685,301685,301696,11,0
301685,301685,301698,13,0
301685,301685,301699,14,0
301710,301710,301711,1,0
301710,301710,301711,1,0
301710,301710,301712,2,0
301710,301710,301711,1,0
301710,301710,301711,1,0
301710,301710,301711,1,0
301710,301710,301711,1,0
301710,301710,301711,1,0
301710,301712,301713,1,2
301710,301712,301713,1,2
301710,301712,301714,2,2
301710,301712,301714,2,2
301710,301712,301713,1,2
301710,301712,301714,2,2
301710,301710,301715,5,0
301710,301710,301714,4,0
301710,301710,301714,4,0
301710,301710,301715,5,0
301710,301710,301714,4,0
301710,301710,301714,4,0
301710,301712,301714,2,2
301710,301710,301715,5,0
301710,301712,301714,2,2
301710,301714,301715,1,4
301710,301714,301715,1,4
301710,301710,301715,5,0
301710,301710,301715,5,0
301710,301710,301715,5,0
301710,301710,301715,5,0
301710,301710,301716,6,0
301710,301710,301715,5,0
301710,301710,301716,6,0
301710,301710,301715,5,0
301710,301715,301716,1,5
301710,301714,301716,2,4
301710,301714,301715,1,4
301710,301714,301715,1,4
301710,301715,301716,1,5
301710,301714,301715,1,4
301710,301715,301716,1,5
301710,301710,301717,7,0
301710,301715,301716,1,5
301710,301715,301717,2,5
301710,301710,301716,6,0
301710,301715,301716,1,5
301710,301716,301717,1,6
301710,301715,301716,1,5
301710,301710,301717,7,0
301710,301715,301716,1,5
301710,301716,301718,2,6
301710,301716,301717,1,6
301710,301716,301717,1,6
301710,301716,301718,2,6
301710,301715,301718,3,5
301710,301716,301718,2,6
301710,301710,301717,7,0
301710,301716,301718,2,6
301710,301716,301718,2,6
301710,301710,301718,8,0
301710,301715,301718,3,5
301710,301716,301718,2,6
301710,301710,301718,8,0
301710,301710,301717,7,0
301710,301710,301717,7,0
301710,301710,301717,7,0
301710,301716,301717,1,6
301710,301710,301717,7,0
301710,301710,301718,8,0
301710,301710,301717,7,0
301710,301710,301717,7,0
301710,301710,301718,8,0
301710,301710,301718,8,0
301710,301715,301718,3,5
301710,301710,301718,8,0
301710,301710,301720,10,0
301710,301710,301722,12,0
301710,301710,301723,13,0
301710,301710,301723,13,0
301710,301710,301726,16,0
301735,301735,301736,1,0
301735,301735,301736,1,0
301735,301735,301737,2,0
301735,301735,301737,2,0
301735,301735,301736,1,0
301735,301735,301736,1,0
301735,301735,301737,2,0
301735,301735,301738,3,0
301735,301737,301739,2,2
301735,301737,301739,2,2
301735,301737,301739,2,2
301735,301737,301739,2,2
301735,301736,301739,3,1
301735,301737,301739,2,2
301735,301735,301740,5,0
301735,301735,301739,4,0
301735,301735,301740,5,0
301735,301735,301740,5,0
301735,301737,301740,3,2
301735,301738,301740,2,3
301735,301735,301740,5,0
301735,301735,301741,6,0
301735,301735,301741,6,0
301735,301735,301741,6,0
301735,301735,301741,6,0
301735,301735,301741,6,0
301735,301735,301741,6,0
301735,301739,301741,2,4
301735,301739,301741,2,4
301735,301739,301741,2,4
301735,301740,301741,1,5
301735,301739,301741,2,4
301735,301739,301741,2,4
301735,301740,301741,1,5
301735,301735,301742,7,0
301735,301740,301742,2,5
301735,301740,301742,2,5
301735,301740,301742,2,5
301735,301740,301742,2,5
301735,301735,301742,7,0
301735,301739,301742,3,4
301735,301735,301742,7,0
301735,301740,301742,2,5
301735,301735,301742,7,0
301735,301735,301742,7,0
301735,301735,301742,7,0
301735,301742,301743,1,7
301735,301735,301743,8,0
301735,301741,301743,2,6
301735,301735,301743,8,0
301735,301741,301743,2,6
301735,301741,301743,2,6
301735,301741,301743,2,6
301735,301735,301743,8,0
301735,301735,301743,8,0
301735,301735,301743,8,0
301735,301741,301743,2,6
301735,301741,301743,2,6
301735,301735,301743,8,0
301735,301742,301743,1,7
301735,301735,301743,8,0
301735,301735,301743,8,0
301735,301742,301743,1,7
301735,301735,301744,9,0
301735,301735,301744,9,0
301735,301735,301744,9,0
301735,301742,301744,2,7
301735,301735,301744,9,0
301735,301735,301745,10,0
301735,301735,301744,9,0
301735,301735,301745,10,0
301735,301735,301748,13,0
301735,301735,301749,14,0
301735,301735,301749,14,0
301735,301735,301749,14,0
301760,301760,301761,1,0
301760,301760,301761,1,0
301760,301760,301761,1,0
301760,301760,301761,1,0
301760,301760,301761,1,0
301760,301760,301761,1,0
301760,301760,301761,1,0
301760,301762,301763,1,2
301760,301762,301764,2,2
301760,301762,301764,2,2
301760,301762,301764,2,2
301760,301760,301764,4,0
301760,301760,301764,4,0
301760,301760,301764,4,0
301760,301762,301765,3,2
301760,301762,301765,3,2
301760,301762,301764,2,2
301760,301760,301765,5,0
301760,301760,301765,5,0
301760,301764,301766,2,4
301760,301764,301766,2,4
301760,301764,301765,1,4
301760,301760,301765,5,0
301760,301765,301766,1,5
301760,301765,301766,1,5
301760,301760,301766,6,0
301760,301760,301766,6,0
301760,301760,301766,6,0
301760,301760,301766,6,0
301760,301760,301766,6,0
301760,301760,301766,6,0
301760,301760,301767,7,0
301760,301765,301766,1,5
301760,301765,301766,1,5
301760,301760,301767,7,0
301760,301766,301767,1,6
301760,301760,301766,6,0
301760,301766,301767,1,6
301760,301764,301766,2,4
301760,301766,301767,1,6
301760,301760,301767,7,0
301760,301760,301767,7,0
301760,301760,301768,8,0
301760,301760,301767,7,0
301760,301760,301768,8,0
301760,301765,301767,2,5
301760,301766,301767,1,6
301760,301766,301768,2,6
301760,301760,301767,7,0
301760,301760,301767,7,0
301760,301767,301768,1,7
301760,301760,301768,8,0
301760,301760,301767,7,0
301760,301766,301767,1,6
301760,301767,301768,1,7
301760,301767,301768,1,7
301760,301760,301768,8,0
301760,301766,301767,1,6
301760,301766,301767,1,6
301760,301760,301768,8,0
301760,301760,301768,8,0
301760,301767,301768,1,7
301760,301760,301768,8,0
301760,301760,301769,9,0
301760,301767,301769,2,7
301760,301760,301768,8,0
301760,301765,301768,3,5
301760,301767,301769,2,7
301760,301767,301769,2,7
301760,301767,301769,2,7
301760,301760,301768,8,0
301760,301760,301768,8,0
301760,301767,301768,1,7
301760,301767,301768,1,7
301760,301760,301770,10,0
301760,301760,301771,11,0
301760,301760,301773,13,0
301760,301760,301773,13,0
301760,301760,301774,14,0
301784,301784,301785,1,0
301784,301784,301786,2,0
301784,301784,301785,1,0
301784,301784,301786,2,0
301784,301784,301785,1,0
301784,301784,301785,1,0
301784,301784,301785,1,0
301784,301784,301788,4,0
301784,301784,301788,4,0
301784,301784,301788,4,0
301784,301784,301788,4,0
301784,301784,301787,3,0
301784,301784,301787,3,0
301784,301786,301788,2,2
301784,301786,301788,2,2
301784,301786,301788,2,2
301784,301785,301788,3,1
301784,301784,301788,4,0
301784,301784,301789,5,0
301784,301786,301788,2,2
301784,301786,301789,3,2
301784,301788,301789,1,4
301784,301786,301789,3,2
301784,301788,301789,1,4
301784,301784,301790,6,0
301784,301784,301790,6,0
301784,301784,301790,6,0
301784,301788,301790,2,4
301784,301788,301790,2,4
301784,301788,301789,1,4
301784,301789,301790,1,5
301784,301789,301790,1,5
301784,301784,301791,7,0
301784,301784,301790,6,0
301784,301784,301791,7,0
301784,301789,301791,2,5
301784,301784,301791,7,0
301784,301788,301791,3,4
301784,301784,301790,6,0
301784,301784,301791,7,0
301784,301789,301791,2,5
301784,301789,301790,1,5
301784,301789,301790,1,5
301784,301784,301790,6,0
301784,301790,301791,1,6
301784,301790,301791,1,6
301784,301790,301791,1,6
301784,301784,301791,7,0
301784,301784,301791,7,0
301784,301790,301791,1,6
301784,301789,301791,2,5
301784,301790,301791,1,6
301784,301784,301792,8,0
301784,301788,301791,3,4
301784,301788,301791,3,4
301784,301784,301792,8,0
301784,301790,301792,2,6
301784,301784,301791,7,0
301784,301784,301792,8,0
301784,301788,301792,4,4
301784,301790,301792,2,6
301784,301784,301792,8,0
301784,301784,301792,8,0
301784,301784,301792,8,0
301784,301784,301792,8,0
301784,301790,301791,1,6
301784,301784,301791,7,0
301784,301784,301792,8,0
301784,301784,301792,8,0
301784,301791,301793,2,7
301784,301788,301793,5,4
301784,301791,301793,2,7
301784,301784,301793,9,0
301784,301791,301793,2,7
301784,301784,301792,8,0
301784,301784,301793,9,0
301784,301784,301794,10,0
301784,301784,301797,13,0
301784,301784,301800,16,0
301809,301809,301811,2,0
301809,301809,301811,2,0
301809,301809,301810,1,0
301809,301809,301811,2,0
301809,301809,301811,2,0
301809,301809,301811,2,0
301809,301809,301811,2,0
301809,301809,301813,4,0
301809,301809,301813,4,0
301809,301811,301813,2,2
301809,301812,301813,1,3
301809,301812,301813,1,3
301809,301809,301813,4,0
301809,301812,301813,1,3
301809,301812,301813,1,3
301809,301809,301814,5,0
301809,301809,301814,5,0
301809,301812,301814,2,3
301809,301814,301815,1,5
301809,301812,301814,2,3
301809,301814,301815,1,5
301809,301809,301815,6,0
301809,301809,301815,6,0
301809,301809,301815,6,0
301809,301814,301815,1,5
301809,301814,301815,1,5
301809,301815,301816,1,6
301809,301809,301815,6,0
301809,301814,301815,1,5
301809,301809,301815,6,0
301809,301815,301816,1,6
301809,301815,301816,1,6
301809,301809,301816,7,0
301809,301809,301816,7,0
301809,301809,301816,7,0
301809,301809,301816,7,0
301809,301809,301816,7,0
301809,301809,301816,7,0
301809,301809,301816,7,0
301809,301815,301816,1,6
301809,301815,301816,1,6
301809,301809,301816,7,0
301809,301809,301816,7,0
301809,301815,301816,1,6
301809,301809,301816,7,0
301809,301816,301817,1,7
301809,301816,301817,1,7
301809,301809,301816,7,0
301809,301816,301817,1,7
301809,301815,301816,1,6
301809,301816,301817,1,7
301809,301816,301817,1,7
301809,301816,301817,1,7
301809,301816,301817,1,7
301809,301809,301817,8,0
301809,301816,301817,1,7
301809,301809,301817,8,0
301809,301809,301817,8,0
301809,301814,301817,3,5
301809,301816,301817,1,7
301809,301809,301818,9,0
301809,301809,301817,8,0
301809,301816,301817,1,7
301809,301809,301817,8,0
301809,301816,301817,1,7
301809,301809,301818,9,0
301809,301814,301818,4,5
301809,301809,301818,9,0
301809,301817,301818,1,8
301809,301809,301818,9,0
301809,301809,301818,9,0
301809,301817,301819,2,8
301809,301809,301819,10,0
301809,301809,301820,11,0
301809,301809,301820,11,0
301809,301809,301820,11,0
301809,301809,301822,13,0
301809,301809,301830,21,0
301840,301840,301841,1,0
301840,301840,301841,1,0
301840,301840,301841,1,0
301840,301840,301841,1,0
301840,301840,301842,2,0
301840,301840,301841,1,0
301840,301840,301841,1,0
301840,301842,301843,1,2
301840,301842,301844,2,2
301840,301842,301844,2,2
301840,301842,301844,2,2
301840,301842,301843,1,2
301840,301842,301843,1,2
301840,301842,301844,2,2
301840,301840,301845,5,0
301840,301840,301844,4,0
301840,301840,301845,5,0
301840,301840,301844,4,0
301840,301844,301845,1,4
301840,301844,301845,1,4
301840,301840,301845,5,0
301840,301843,301845,2,3
301840,301840,301846,6,0
301840,301840,301846,6,0
301840,301840,301845,5,0
301840,301840,301846,6,0
301840,301840,301845,5,0
301840,301840,301846,6,0
301840,301840,301846,6,0
301840,301840,301845,5,0
301840,301840,301846,6,0
301840,301840,301846,6,0
301840,301844,301845,1,4
301840,301844,301845,1,4
301840,301845,301846,1,5
301840,301844,301845,1,4
301840,301845,301846,1,5
301840,301840,301846,6,0
301840,301844,301845,1,4
301840,301845,301846,1,5
301840,301840,301846,6,0
301840,301840,301847,7,0
301840,301840,301847,7,0
301840,301845,301847,2,5
301840,301845,301847,2,5
301840,301846,301847,1,6
301840,301846,301847,1,6
301840,301840,301847,7,0
301840,301845,301848,3,5
301840,301840,301848,8,0
301840,301846,301848,2,6
301840,301846,301848,2,6
301840,301846,301848,2,6
301840,301840,301848,8,0
301840,301846,301848,2,6
301840,301846,301848,2,6
301840,301845,301848,3,5
301840,301845,301848,3,5
301840,301846,301848,2,6
301840,301846,301848,2,6
301840,301840,301848,8,0
301840,301846,301848,2,6
301840,301840,301848,8,0
301840,301840,301848,8,0
301840,301840,301848,8,0
301840,301840,301848,8,0
301840,301846,301848,2,6
301840,301840,301849,9,0
301840,301846,301849,3,6
301840,301846,301849,3,6
301840,301840,301849,9,0
301840,301840,301849,9,0
301840,301840,301850,10,0
301840,301840,301850,10,0
301840,301840,301850,10,0
301840,301840,301851,11,0
301840,301840,301851,11,0
301840,301840,301854,14,0
301840,301840,301858,18,0
301868,301868,301869,1,0
301868,301868,301869,1,0
301868,301868,301869,1,0
301868,301868,301869,1,0
301868,301868,301869,1,0
301868,301868,301869,1,0
301868,301869,301870,1,1
301868,301869,301870,1,1
301868,301868,301869,1,0
301868,301869,301870,1,1
301868,301868,301870,2,0
301868,301868,301870,2,0
301868,301868,301870,2,0
301868,301868,301870,2,0
301868,301868,301871,3,0
301868,301868,301870,2,0
301868,301868,301870,2,0
301868,301870,301871,1,2
301868,301868,301871,3,0
301868,301870,301871,1,2
301868,301870,301871,1,2
301868,301870,301871,1,2
301868,301870,301871,1,2
301868,301868,301871,3,0
301868,301868,301871,3,0
301868,301868,301871,3,0
301868,301870,301871,1,2
301868,301868,301871,3,0
301868,301868,301872,4,0
301868,301868,301872,4,0
301868,301870,301871,1,2
301868,301871,301873,2,3
301868,301871,301872,1,3
301868,301871,301872,1,3
301868,301871,301872,1,3
301868,301871,301872,1,3
301868,301872,301873,1,4
301868,301868,301873,5,0
301868,301871,301872,1,3
301868,301872,301873,1,4
301868,301872,301873,1,4
301868,301872,301874,2,4
301868,301868,301874,6,0
301868,301872,301874,2,4
301868,301872,301874,2,4
301868,301868,301874,6,0
301868,301868,301873,5,0
301868,301868,301874,6,0
301868,301868,301874,6,0
301868,301868,301874,6,0
301868,301868,301874,6,0
301868,301871,301874,3,3
301868,301873,301874,1,5
301868,301872,301874,2,4
301868,301868,301875,7,0
301868,301871,301874,3,3
301868,301868,301875,7,0
301868,301873,301874,1,5
301868,301871,301875,4,3
301868,301871,301875,4,3
301868,301872,301874,2,4
301868,301872,301874,2,4
301868,301868,301874,6,0
301868,301873,301874,1,5
301868,301873,301874,1,5
301868,301868,301875,7,0
301868,301871,301875,4,3
301868,301871,301875,4,3
301868,301868,301875,7,0
301868,301868,301875,7,0
301868,301868,301876,8,0
301868,301868,301876,8,0
301868,301868,301876,8,0
301868,301868,301879,11,0
301868,301868,301880,12,0
301868,301868,301879,11,0
301868,301868,301880,12,0
301868,301868,301881,13,0
301868,301868,301882,14,0
301892,301892,301893,1,0
301892,301892,301893,1,0
301892,301892,301893,1,0
301892,301892,301893,1,0
301892,301892,301893,1,0
301892,301892,301893,1,0
301892,301893,301894,1,1
301892,301892,301893,1,0
301892,301892,301894,2,0
301892,301892,301895,3,0
301892,301892,301895,3,0
301892,301892,301895,3,0
301892,301892,301894,2,0
301892,301892,301895,3,0
301892,301894,301895,1,2
301892,301894,301895,1,2
301892,301893,301895,2,1
301892,301893,301895,2,1
301892,301892,301895,3,0
301892,301892,301896,4,0
301892,301892,301895,3,0
301892,301892,301896,4,0
301892,301894,301895,1,2
301892,301892,301895,3,0
301892,301892,301897,5,0
301892,301895,301897,2,3
301892,301892,301897,5,0
301892,301895,301897,2,3
301892,301894,301896,2,2
301892,301896,301897,1,4
301892,301894,301896,2,2
301892,301895,301897,2,3
301892,301892,301897,5,0
301892,301896,301898,2,4
301892,301895,301898,3,3
301892,301892,301898,6,0
301892,301895,301897,2,3
301892,301897,301898,1,5
301892,301895,301897,2,3
301892,301896,301897,1,4
301892,301892,301898,6,0
301892,301896,301898,2,4
301892,301897,301898,1,5
301892,301897,301898,1,5
301892,301892,301898,6,0
301892,301897,301898,1,5
301892,301892,301898,6,0
301892,301895,301898,3,3
301892,301897,301899,2,5
301892,301892,301898,6,0
301892,301896,301899,3,4
301892,301892,301899,7,0
301892,301892,301898,6,0
301892,301895,301899,4,3
301892,301892,301899,7,0
301892,301892,301899,7,0
301892,301897,301898,1,5
301892,301897,301898,1,5
301892,301892,301899,7,0
301892,301895,301899,4,3
301892,301898,301900,2,6
301892,301892,301899,7,0
301892,301892,301899,7,0
301892,301895,301899,4,3
301892,301897,301899,2,5
301892,301892,301900,8,0
301892,301896,301900,4,4
301892,301898,301900,2,6
301892,301892,301900,8,0
301892,301892,301899,7,0
301892,301898,301900,2,6
301892,301892,301901,9,0
301892,301892,301901,9,0
301892,301892,301901,9,0
301892,301892,301902,10,0
301892,301892,301901,9,0
301892,301892,301902,10,0
301892,301892,301905,13,0
301892,301892,301904,12,0
301914,301914,301916,2,0
301914,301914,301916,2,0
301914,301914,301916,2,0
301914,301914,301916,2,0
301914,301914,301915,1,0
301914,301914,301916,2,0
301914,301914,301916,2,0
301914,301914,301917,3,0
301914,301916,301917,1,2
301914,301914,301918,4,0
301914,301914,301918,4,0
301914,301914,301918,4,0
301914,301914,301918,4,0
301914,301916,301918,2,2
301914,301916,301918,2,2
301914,301916,301918,2,2
301914,301916,301918,2,2
301914,301916,301918,2,2
301914,301914,301919,5,0
301914,301914,301919,5,0
301914,301914,301919,5,0
301914,301914,301919,5,0
301914,301914,301919,5,0
301914,301914,301919,5,0
301914,301914,301920,6,0
301914,301914,301919,5,0
301914,301916,301919,3,2
301914,301918,301919,1,4
301914,301914,301920,6,0
301914,301914,301920,6,0
301914,301914,301920,6,0
301914,301919,301920,1,5
301914,301914,301920,6,0
301914,301914,301920,6,0
301914,301914,301920,6,0
301914,301914,301920,6,0
301914,301919,301920,1,5
301914,301919,301920,1,5
301914,301919,301921,2,5
301914,301919,301920,1,5
301914,301914,301921,7,0
301914,301914,301921,7,0
301914,301914,301921,7,0
301914,301914,301921,7,0
301914,301920,301921,1,6
301914,301920,301921,1,6
301914,301914,301921,7,0
301914,301920,301921,1,6
301914,301917,301922,5,3
301914,301920,301922,2,6
301914,301920,301922,2,6
301914,301918,301922,4,4
301914,301914,301922,8,0
301914,301919,301922,3,5
301914,301920,301922,2,6
301914,301920,301922,2,6
301914,301920,301922,2,6
301914,301921,301922,1,7
301914,301914,301922,8,0
301914,301921,301922,1,7
301914,301914,301922,8,0
301914,301914,301922,8,0
301914,301914,301922,8,0
301914,301920,301923,3,6
301914,301921,301923,2,7
301914,301914,301923,9,0
301914,301921,301923,2,7
301914,301919,301923,4,5
301914,301919,301923,4,5
301914,301921,301923,2,7
301914,301921,301923,2,7
301914,301914,301923,9,0
301914,301921,301924,3,7
301914,301914,301924,10,0
301914,301919,301924,5,5
301914,301914,301925,11,0
301914,301914,301925,11,0
301914,301914,301925,11,0
301914,301914,301927,13,0
301937,301937,301938,1,0
301937,301937,301939,2,0
301937,301937,301938,1,0
301937,301937,301939,2,0
301937,301937,301938,1,0
301937,301937,301938,1,0
301937,301937,301939,2,0
301937,301937,301941,4,0
301937,301937,301941,4,0
301937,301937,301941,4,0
301937,301940,301941,1,3
301937,301940,301941,1,3
301937,301940,301941,1,3
301937,301938,301941,3,1
301937,301940,301941,1,3
301937,301940,301941,1,3
301937,301940,301941,1,3
301937,301938,301942,4,1
301937,301937,301942,5,0
301937,301937,301942,5,0
301937,301937,301943,6,0
301937,301937,301943,6,0
301937,301937,301943,6,0
301937,301937,301943,6,0
301937,301937,301943,6,0
301937,301937,301944,7,0
301937,301942,301944,2,5
301937,301942,301944,2,5
301937,301943,301944,1,6
301937,301937,301944,7,0
301937,301937,301944,7,0
301937,301937,301944,7,0
301937,301937,301944,7,0
301937,301937,301944,7,0
301937,301942,301944,2,5
301937,301943,301944,1,6
301937,301942,301944,2,5
301937,301944,301945,1,7
301937,301942,301944,2,5
301937,301942,301944,2,5
301937,301944,301945,1,7
301937,301937,301944,7,0
301937,301942,301944,2,5
301937,301944,301945,1,7
301937,301942,301945,3,5
301937,301942,301945,3,5
301937,301937,301945,8,0
301937,301942,301945,3,5
301937,301944,301945,1,7
301937,301937,301945,8,0
301937,301937,301945,8,0
301937,301937,301945,8,0
301937,301944,301945,1,7
301937,301937,301945,8,0
301937,301937,301945,8,0
301937,301937,301946,9,0
301937,301937,301946,9,0
301937,301944,301946,2,7
301937,301937,301946,9,0
301937,301944,301946,2,7
301937,301937,301946,9,0
301937,301937,301946,9,0
301937,301944,301946,2,7
301937,301937,301946,9,0
301937,301944,301946,2,7
301937,301945,301946,1,8
301937,301945,301946,1,8
301937,301937,301946,9,0
301937,301945,301946,1,8
301937,301945,301946,1,8
301937,301937,301946,9,0
301937,301937,301947,10,0
301937,301937,301947,10,0
301937,301937,301947,10,0
301937,301945,301947,2,8
301937,301945,301947,2,8
301937,301943,301947,4,6
301937,301937,301948,11,0
301937,301937,301948,11,0
301959,301959,301960,1,0
301959,301959,301960,1,0
301959,301959,301960,1,0
301959,301959,301960,1,0
301959,301959,301960,1,0
301959,301959,301960,1,0
301959,301959,301960,1,0
301959,301961,301963,2,2
301959,301959,301963,4,0
301959,301961,301962,1,2
301959,301959,301963,4,0
301959,301961,301963,2,2
301959,301961,301963,2,2
301959,301961,301962,1,2
301959,301961,301963,2,2
301959,301961,301963,2,2
301959,301959,301964,5,0
301959,301959,301964,5,0
301959,301959,301965,6,0
301959,301959,301965,6,0
301959,301959,301965,6,0
301959,301959,301965,6,0
301959,301963,301965,2,4
301959,301963,301965,2,4
301959,301963,301965,2,4
301959,301959,301966,7,0
301959,301959,301966,7,0
301959,301959,301966,7,0
301959,301963,301966,3,4
301959,301963,301966,3,4
301959,301959,301966,7,0
301959,301963,301965,2,4
301959,301963,301965,2,4
301959,301959,301967,8,0
301959,301959,301966,7,0
301959,301959,301967,8,0
301959,301959,301967,8,0
301959,301959,301967,8,0
301959,301965,301967,2,6
301959,301959,301967,8,0
301959,301964,301966,2,5
301959,301965,301966,1,6
301959,301959,301967,8,0
301959,301964,301967,3,5
301959,301965,301967,2,6
301959,301959,301966,7,0
301959,301966,301967,1,7
301959,301959,301967,8,0
301959,301965,301967,2,6
301959,301966,301967,1,7
301959,301965,301967,2,6
301959,301966,301967,1,7
301959,301966,301967,1,7
301959,301959,301968,9,0
301959,301965,301967,2,6
301959,301959,301968,9,0
301959,301965,301967,2,6
301959,301959,301968,9,0
301959,301966,301967,1,7
301959,301966,301967,1,7
301959,301959,301968,9,0
301959,301959,301968,9,0
301959,301965,301968,3,6
301959,301959,301969,10,0
301959,301959,301969,10,0
301959,301966,301969,3,7
301959,301959,301969,10,0
301959,301965,301969,4,6
301959,301967,301969,2,8
301959,301966,301968,2,7
301959,301959,301969,10,0
301959,301959,301969,10,0
301959,301959,301969,10,0
301959,301959,301970,11,0
301959,301959,301970,11,0
301959,301959,301971,12,0
301959,301959,301971,12,0
301959,301959,301972,13,0
301959,301967,301975,8,8
301985,301985,301986,1,0
301985,301985,301986,1,0
301985,301985,301986,1,0
301985,301985,301987,2,0
301985,301985,301986,1,0
301985,301985,301986,1,0
301985,301985,301986,1,0
301985,301985,301987,2,0
301985,301987,301989,2,2
301985,301987,301988,1,2
301985,301987,301988,1,2
301985,301987,301988,1,2
301985,301986,301988,2,1
301985,301987,301988,1,2
301985,301987,301989,2,2
301985,301988,301989,1,3
301985,301985,301990,5,0
301985,301989,301990,1,4
301985,301989,301990,1,4
301985,301985,301989,4,0
301985,301989,301990,1,4
301985,301985,301990,5,0
301985,301985,301989,4,0
301985,301989,301990,1,4
301985,301989,301990,1,4
301985,301985,301991,6,0
301985,301985,301991,6,0
301985,301985,301991,6,0
301985,301985,301991,6,0
301985,301989,301990,1,4
301985,301990,301991,1,5
301985,301989,301990,1,4
301985,301989,301990,1,4
301985,301990,301991,1,5
301985,301990,301991,1,5
301985,301985,301991,6,0
301985,301990,301991,1,5
301985,301990,301991,1,5
301985,301990,301991,1,5
301985,301990,301991,1,5
301985,301985,301992,7,0
301985,301991,301992,1,6
301985,301990,301991,1,5
301985,301985,301992,7,0
301985,301985,301992,7,0
301985,301990,301992,2,5
301985,301985,301992,7,0
301985,301991,301993,2,6
301985,301991,301993,2,6
301985,301985,301993,8,0
301985,301991,301992,1,6
301985,301991,301992,1,6
301985,301985,301992,7,0
301985,301991,301992,1,6
301985,301991,301993,2,6
301985,301991,301992,1,6
301985,301985,301993,8,0
301985,301991,301992,1,6
301985,301985,301994,9,0
301985,301985,301994,9,0
301985,301991,301993,2,6
301985,301985,301994,9,0
301985,301985,301994,9,0
301985,301985,301994,9,0
301985,301985,301995,10,0
301985,301985,301994,9,0
301985,301985,301995,10,0
301985,301985,301994,9,0
301985,301985,301995,10,0
301985,301985,301997,12,0
301985,301985,301997,12,0
301985,301985,301997,12,0
301985,301985,301998,13,0
301985,301985,301998,13,0
301985,301985,301998,13,0
301985,301985,301998,13,0
301985,301985,301997,12,0
301985,301985,301998,13,0
301985,301985,302000,15,0
302009,302009,302010,1,0
302009,302009,302010,1,0
302009,302009,302011,2,0
302009,302009,302011,2,0
302009,302009,302010,1,0
302009,302009,302011,2,0
302009,302009,302011,2,0
302009,302010,302012,2,1
302009,302010,302011,1,1
302009,302009,302012,3,0
302009,302011,302013,2,2
302009,302011,302013,2,2
302009,302012,302013,1,3
302009,302009,302013,4,0
302009,302012,302013,1,3
302009,302009,302013,4,0
302009,302012,302013,1,3
302009,302009,302014,5,0
302009,302009,302014,5,0
302009,302009,302014,5,0
302009,302013,302014,1,4
302009,302009,302014,5,0
302009,302013,302014,1,4
302009,302014,302015,1,5
302009,302013,302014,1,4
302009,302009,302015,6,0
302009,302009,302015,6,0
302009,302014,302015,1,5
302009,302009,302015,6,0
302009,302014,302015,1,5
302009,302015,302016,1,6
302009,302014,302015,1,5
302009,302015,302016,1,6
302009,302014,302015,1,5
302009,302014,302015,1,5
302009,302015,302016,1,6
302009,302009,302015,6,0
302009,302015,302016,1,6
302009,302009,302015,6,0
302009,302009,302016,7,0
302009,302015,302016,1,6
302009,302015,302016,1,6
302009,302015,302016,1,6
302009,302015,302016,1,6
302009,302016,302017,1,7
302009,302009,302017,8,0
302009,302016,302017,1,7
302009,302016,302017,1,7
302009,302009,302017,8,0
302009,302009,302017,8,0
302009,302009,302017,8,0
302009,302015,302017,2,6
302009,302009,302017,8,0
302009,302016,302017,1,7
302009,302016,302017,1,7
302009,302009,302017,8,0
302009,302016,302017,1,7
302009,302016,302017,1,7
302009,302016,302017,1,7
302009,302009,302017,8,0
302009,302009,302018,9,0
302009,302009,302018,9,0
302009,302009,302018,9,0
302009,302009,302018,9,0
302009,302009,302018,9,0
302009,302015,302018,3,6
302009,302009,302018,9,0
302009,302009,302019,10,0
302009,302009,302019,10,0
302009,302009,302019,10,0
302009,302009,302020,11,0
302009,302009,302020,11,0
302009,302009,302020,11,0
302009,302009,302021,12,0
302009,302009,302021,12,0
302009,302009,302022,13,0
302009,302009,302022,13,0
302009,302009,302024,15,0
302034,302034,302035,1,0
302034,302034,302035,1,0
302034,302034,302035,1,0
302034,302034,302035,1,0
302034,302034,302035,1,0
302034,302034,302035,1,0
302034,302034,302035,1,0
302034,302034,302037,3,0
302034,302034,302036,2,0
302034,302035,302036,1,1
302034,302034,302038,4,0
302034,302034,302038,4,0
302034,302036,302038,2,2
302034,302036,302038,2,2
302034,302036,302037,1,2
302034,302036,302037,1,2
302034,302036,302038,2,2
302034,302037,302038,1,3
302034,302036,302038,2,2
302034,302034,302039,5,0
302034,302034,302039,5,0
302034,302034,302038,4,0
302034,302037,302038,1,3
302034,302034,302040,6,0
302034,302037,302039,2,3
302034,302034,302039,5,0
302034,302034,302039,5,0
302034,302038,302039,1,4
302034,302038,302040,2,4
302034,302038,302039,1,4
302034,302038,302040,2,4
302034,302038,302039,1,4
302034,302038,302039,1,4
302034,302034,302041,7,0
302034,302034,302040,6,0
302034,302034,302041,7,0
302034,302034,302041,7,0
302034,302034,302041,7,0
302034,302039,302040,1,5
302034,302040,302041,1,6
302034,302039,302040,1,5
302034,302034,302041,7,0
302034,302039,302040,1,5
302034,302039,302040,1,5
302034,302040,302041,1,6
302034,302039,302040,1,5
302034,302039,302040,1,5
302034,302034,302041,7,0
302034,302034,302041,7,0
302034,302034,302042,8,0
302034,302034,302041,7,0
302034,302038,302041,3,4
302034,302034,302041,7,0
302034,302034,302042,8,0
302034,302040,302041,1,6
302034,302040,302041,1,6
302034,302040,302041,1,6
302034,302040,302041,1,6
302034,302040,302041,1,6
302034,302040,302041,1,6
302034,302034,302042,8,0
302034,302034,302042,8,0
302034,302034,302042,8,0
302034,302034,302043,9,0
302034,302040,302043,3,6
302034,302040,302042,2,6
302034,302034,302043,9,0
302034,302041,302043,2,7
302034,302034,302043,9,0
302034,302041,302043,2,7
302034,302034,302044,10,0
302034,302034,302044,10,0
302034,302034,302044,10,0
302034,302034,302044,10,0
302034,302034,302045,11,0
302034,302034,302047,13,0
302034,302034,302048,14,0
302034,302034,302049,15,0
302034,302034,302054,20,0
302064,302064,302065,1,0
302064,302064,302065,1,0
302064,302064,302066,2,0
302064,302064,302065,1,0
302064,302064,302065,1,0
302064,302064,302065,1,0
302064,302064,302065,1,0
302064,302064,302066,2,0
302064,302066,302067,1,2
302064,302064,302067,3,0
302064,302064,302068,4,0
302064,302064,302067,3,0
302064,302064,302067,3,0
302064,302066,302068,2,2
302064,302066,302067,1,2
302064,302066,302068,2,2
302064,302066,302067,1,2
302064,302065,302067,2,1
302064,302067,302068,1,3
302064,302066,302068,2,2
302064,302064,302068,4,0
302064,302064,302068,4,0
302064,302064,302069,5,0
302064,302064,302068,4,0
302064,302064,302068,4,0
302064,302068,302069,1,4
302064,302064,302068,4,0
302064,302067,302068,1,3
302064,302064,302069,5,0
302064,302068,302069,1,4
302064,302068,302069,1,4
302064,302068,302070,2,4
302064,302068,302070,2,4
302064,302068,302069,1,4
302064,302069,302070,1,5
302064,302068,302069,1,4
302064,302064,302070,6,0
302064,302064,302070,6,0
302064,302068,302070,2,4
302064,302064,302070,6,0
302064,302068,302070,2,4
302064,302064,302070,6,0
302064,302068,302070,2,4
302064,302070,302071,1,6
302064,302070,302071,1,6
302064,302069,302070,1,5
302064,302069,302070,1,5
302064,302069,302070,1,5
302064,302064,302071,7,0
302064,302069,302070,1,5
302064,302069,302070,1,5
302064,302070,302071,1,6
302064,302064,302072,8,0
302064,302068,302072,4,4
302064,302069,302072,3,5
302064,302064,302071,7,0
302064,302064,302071,7,0
302064,302064,302071,7,0
302064,302070,302071,1,6
302064,302070,302071,1,6
302064,302070,302071,1,6
302064,302064,302072,8,0
302064,302070,302071,1,6
302064,302064,302072,8,0
302064,302069,302072,3,5
302064,302064,302072,8,0
302064,302064,302073,9,0
302064,302064,302073,9,0
302064,302064,302073,9,0
302064,302064,302073,9,0
302064,302064,302073,9,0
302064,302064,302074,10,0
302064,302064,302073,9,0
302064,302064,302074,10,0
302064,302064,302076,12,0
302064,302064,302078,14,0
302064,302064,302078,14,0
302064,302064,302083,19,0
302064,302064,302084,20,0
302093,302093,302095,2,0
302093,302093,302095,2,0
302093,302093,302095,2,0
302093,302093,302095,2,0
302093,302093,302095,2,0
302093,302093,302095,2,0
302093,302093,302095,2,0
302093,302093,302096,3,0
302093,302093,302097,4,0
302093,302093,302097,4,0
302093,302093,302097,4,0
302093,302095,302097,2,2
302093,302096,302097,1,3
302093,302096,302097,1,3
302093,302096,302097,1,3
302093,302096,302097,1,3
302093,302096,302097,1,3
302093,302096,302097,1,3
302093,302093,302098,5,0
302093,302093,302098,5,0
302093,302093,302098,5,0
302093,302093,302098,5,0
302093,302093,302098,5,0
302093,302093,302098,5,0
302093,302093,302098,5,0
302093,302093,302098,5,0
302093,302097,302098,1,4
302093,302093,302099,6,0
302093,302093,302099,6,0
302093,302098,302099,1,5
302093,302098,302099,1,5
302093,302098,302100,2,5
302093,302098,302099,1,5
302093,302093,302099,6,0
302093,302098,302099,1,5
302093,302098,302099,1,5
302093,302093,302099,6,0
302093,302098,302099,1,5
302093,302098,302099,1,5
302093,302093,302100,7,0
302093,302098,302100,2,5
302093,302093,302100,7,0
302093,302093,302100,7,0
302093,302100,302101,1,7
302093,302100,302101,1,7
302093,302099,302100,1,6
302093,302100,302101,1,7
302093,302100,302101,1,7
302093,302100,302101,1,7
302093,302099,302101,2,6
302093,302099,302101,2,6
302093,302098,302101,3,5
302093,302099,302101,2,6
302093,302099,302101,2,6
302093,302099,302102,3,6
302093,302100,302102,2,7
302093,302093,302101,8,0
302093,302100,302101,1,7
302093,302093,302101,8,0
302093,302093,302101,8,0
302093,302093,302101,8,0
302093,302093,302102,9,0
302093,302099,302102,3,6
302093,302100,302102,2,7
302093,302099,302102,3,6
302093,302099,302102,3,6
302093,302093,302102,9,0
302093,302093,302102,9,0
302093,302093,302103,10,0
302093,302093,302104,11,0
302093,302093,302105,12,0
302093,302093,302104,11,0
302093,302093,302105,12,0
302093,302093,302106,13,0
302093,302093,302107,14,0
302093,302093,302107,14,0
302093,302093,302107,14,0
302093,302093,302111,18,0
302093,302093,302112,19,0
302123,302123,302124,1,0
302123,302123,302124,1,0
302123,302123,302124,1,0
302123,302123,302124,1,0
302123,302123,302125,2,0
302123,302123,302124,1,0
302123,302123,302125,2,0
302123,302123,302126,3,0
302123,302124,302126,2,1
302123,302124,302126,2,1
302123,302124,302126,2,1
302123,302124,302126,2,1
302123,302125,302127,2,2
302123,302123,302128,5,0
302123,302123,302128,5,0
302123,302123,302128,5,0
302123,302123,302128,5,0
302123,302125,302127,2,2
302123,302125,302128,3,2
302123,302126,302128,2,3
302123,302123,302128,5,0
302123,302126,302128,2,3
302123,302123,302128,5,0
302123,302123,302128,5,0
302123,302123,302129,6,0
302123,302123,302129,6,0
302123,302123,302129,6,0
302123,302123,302129,6,0
302123,302123,302129,6,0
302123,302123,302129,6,0
302123,302126,302129,3,3
302123,302127,302128,1,4
302123,302126,302129,3,3
302123,302126,302128,2,3
302123,302123,302129,6,0
302123,302123,302130,7,0
302123,302123,302129,6,0
302123,302123,302130,7,0
302123,302123,302129,6,0
302123,302128,302130,2,5
302123,302128,302130,2,5
302123,302123,302130,7,0
302123,302128,302130,2,5
302123,302123,302130,7,0
302123,302123,302130,7,0
302123,302129,302130,1,6
302123,302128,302130,2,5
302123,302128,302130,2,5
302123,302129,302130,1,6
302123,302128,302131,3,5
302123,302128,302131,3,5
302123,302123,302131,8,0
302123,302123,302131,8,0
302123,302129,302130,1,6
302123,302129,302130,1,6
302123,302123,302131,8,0
302123,302129,302132,3,6
302123,302129,302132,3,6
302123,302130,302132,2,7
302123,302128,302132,4,5
302123,302129,302132,3,6
302123,302129,302132,3,6
302123,302128,302132,4,5
302123,302129,302132,3,6
302123,302129,302132,3,6
302123,302123,302132,9,0
302123,302123,302132,9,0
302123,302123,302133,10,0
302123,302129,302132,3,6
302123,302129,302132,3,6
302123,302123,302133,10,0
302123,302123,302134,11,0
302123,302123,302134,11,0
302123,302123,302135,12,0
302123,302123,302137,14,0
302123,302123,302137,14,0
302123,302123,302138,15,0
302123,302123,302137,14,0
302123,302123,302144,21,0
302154,302154,302155,1,0
302154,302154,302155,1,0
302154,302154,302155,1,0
302154,302154,302155,1,0
302154,302154,302155,1,0
302154,302154,302155,1,0
302154,302154,302155,1,0
302154,302154,302156,2,0
302154,302156,302157,1,2
302154,302155,302157,2,1
302154,302156,302158,2,2
302154,302156,302157,1,2
302154,302154,302159,5,0
302154,302154,302159,5,0
302154,302154,302159,5,0
302154,302156,302158,2,2
302154,302156,302158,2,2
302154,302156,302158,2,2
302154,302154,302160,6,0
302154,302154,302160,6,0
302154,302154,302159,5,0
302154,302154,302159,5,0
302154,302157,302159,2,3
302154,302157,302159,2,3
302154,302158,302160,2,4
302154,302158,302160,2,4
302154,302157,302160,3,3
302154,302154,302160,6,0
302154,302154,302160,6,0
302154,302154,302160,6,0
302154,302154,302160,6,0
302154,302154,302160,6,0
302154,302154,302161,7,0
302154,302154,302160,6,0
302154,302154,302160,6,0
302154,302159,302160,1,5
302154,302159,302160,1,5
302154,302154,302161,7,0
302154,302154,302161,7,0
302154,302159,302161,2,5
302154,302154,302161,7,0
302154,302154,302162,8,0
302154,302154,302161,7,0
302154,302159,302162,3,5
302154,302154,302162,8,0
302154,302160,302161,1,6
302154,302154,302162,8,0
302154,302160,302162,2,6
302154,302160,302161,1,6
302154,302160,302161,1,6
302154,302160,302161,1,6
302154,302154,302162,8,0
302154,302160,302161,1,6
302154,302154,302162,8,0
302154,302154,302163,9,0
302154,302160,302164,4,6
302154,302154,302164,10,0
302154,302161,302164,3,7
302154,302161,302163,2,7
302154,302159,302163,4,5
302154,302161,302163,2,7
302154,302161,302164,3,7
302154,302161,302164,3,7
302154,302161,302164,3,7
302154,302154,302163,9,0
302154,302159,302164,5,5
302154,302160,302163,3,6
302154,302161,302163,2,7
302154,302161,302163,2,7
302154,302154,302163,9,0
302154,302154,302164,10,0
302154,302154,302165,11,0
302154,302160,302164,4,6
302154,302154,302166,12,0
302154,302154,302167,13,0
302154,302154,302167,13,0
302154,302154,302167,13,0
302154,302154,302168,14,0
302154,302154,302169,15,0
302181,302181,302182,1,0
302181,302181,302182,1,0
302181,302181,302182,1,0
302181,302181,302182,1,0
302181,302181,302182,1,0
302181,302181,302182,1,0
302181,302181,302182,1,0
302181,302181,302183,2,0
302181,302183,302185,2,2
302181,302182,302184,2,1
302181,302181,302185,4,0
302181,302183,302185,2,2
302181,302183,302185,2,2
302181,302183,302185,2,2
302181,302183,302186,3,2
302181,302183,302185,2,2
302181,302181,302187,6,0
302181,302181,302186,5,0
302181,302181,302187,6,0
302181,302181,302187,6,0
302181,302184,302186,2,3
302181,302181,302188,7,0
302181,302181,302188,7,0
302181,302181,302188,7,0
302181,302181,302188,7,0
302181,302181,302188,7,0
302181,302185,302187,2,4
302181,302186,302188,2,5
302181,302181,302188,7,0
302181,302186,302188,2,5
302181,302181,302187,6,0
302181,302185,302188,3,4
302181,302186,302187,1,5
302181,302181,302188,7,0
302181,302181,302188,7,0
302181,302181,302188,7,0
302181,302181,302188,7,0
302181,302186,302188,2,5
302181,302181,302188,7,0
302181,302186,302188,2,5
302181,302181,302188,7,0
302181,302188,302189,1,7
302181,302181,302188,7,0
302181,302187,302188,1,6
302181,302188,302189,1,7
302181,302188,302189,1,7
302181,302181,302189,8,0
302181,302187,302190,3,6
302181,302181,302189,8,0
302181,302187,302189,2,6
302181,302188,302190,2,7
302181,302187,302190,3,6
302181,302188,302189,1,7
302181,302188,302189,1,7
302181,302187,302189,2,6
302181,302188,302189,1,7
302181,302188,302189,1,7
302181,302188,302189,1,7
302181,302181,302190,9,0
302181,302181,302189,8,0
302181,302188,302189,1,7
302181,302181,302190,9,0
302181,302181,302190,9,0
302181,302188,302190,2,7
302181,302181,302190,9,0
302181,302181,302190,9,0
302181,302181,302190,9,0
302181,302188,302190,2,7
302181,302186,302191,5,5
302181,302189,302191,2,8
302181,302189,302191,2,8
302181,302181,302192,11,0
302181,302181,302192,11,0
302181,302181,302192,11,0
302181,302181,302193,12,0
302181,302181,302192,11,0
302181,302181,302194,13,0
302181,302181,302194,13,0
302181,302181,302199,18,0
302209,302209,302210,1,0
302209,302209,302210,1,0
302209,302209,302210,1,0
302209,302209,302210,1,0
302209,302209,302210,1,0
302209,302209,302210,1,0
302209,302209,302210,1,0
302209,302211,302212,1,2
302209,302210,302211,1,1
302209,302210,302212,2,1
302209,302211,302212,1,2
302209,302211,302212,1,2
302209,302209,302212,3,0
302209,302209,302214,5,0
302209,302211,302214,3,2
302209,302211,302213,2,2
302209,302209,302215,6,0
302209,302209,302214,5,0
302209,302209,302214,5,0
302209,302209,302214,5,0
302209,302209,302215,6,0
302209,302209,302214,5,0
302209,302209,302214,5,0
302209,302209,302215,6,0
302209,302209,302216,7,0
302209,302209,302215,6,0
302209,302209,302215,6,0
302209,302209,302215,6,0
302209,302209,302216,7,0
302209,302209,302216,7,0
302209,302209,302215,6,0
302209,302214,302216,2,5
302209,302209,302215,6,0
302209,302215,302216,1,6
302209,302209,302215,6,0
302209,302213,302216,3,4
302209,302214,302216,2,5
302209,302212,302215,3,3
302209,302212,302215,3,3
302209,302213,302215,2,4
302209,302209,302217,8,0
302209,302209,302216,7,0
302209,302209,302217,8,0
302209,302209,302217,8,0
302209,302209,302216,7,0
302209,302209,302216,7,0
302209,302216,302217,1,7
302209,302209,302217,8,0
302209,302213,302216,3,4
302209,302215,302216,1,6
302209,302209,302216,7,0
302209,302216,302217,1,7
302209,302215,302217,2,6
302209,302209,302216,7,0
302209,302213,302216,3,4
302209,302216,302217,1,7
302209,302215,302217,2,6
302209,302209,302217,8,0
302209,302215,302217,2,6
302209,302215,302218,3,6
302209,302216,302217,1,7
302209,302216,302217,1,7
302209,302215,302219,4,6
302209,302216,302218,2,7
302209,302216,302218,2,7
302209,302216,302218,2,7
302209,302216,302218,2,7
302209,302216,302219,3,7
302209,302209,302218,9,0
302209,302209,302219,10,0
302209,302214,302219,5,5
302209,302216,302219,3,7
302209,302216,302219,3,7
302209,302209,302221,12,0
302209,302209,302223,14,0
302209,302209,302224,15,0
302209,302209,302225,16,0
302209,302209,302226,17,0
302209,302209,302225,16,0
302236,302236,302237,1,0
302236,302236,302237,1,0
302236,302236,302237,1,0
302236,302236,302237,1,0
302236,302236,302237,1,0
302236,302236,302238,2,0
302236,302236,302237,1,0
302236,302236,302240,4,0
302236,302236,302240,4,0
302236,302236,302240,4,0
302236,302238,302240,2,2
302236,302238,302240,2,2
302236,302238,302240,2,2
302236,302238,302240,2,2
302236,302238,302239,1,2
302236,302236,302241,5,0
302236,302236,302241,5,0
302236,302236,302241,5,0
302236,302236,302240,4,0
302236,302236,302240,4,0
302236,302238,302240,2,2
302236,302238,302240,2,2
302236,302236,302241,5,0
302236,302236,302241,5,0
302236,302236,302242,6,0
302236,302240,302242,2,4
302236,302236,302242,6,0
302236,302240,302242,2,4
302236,302236,302242,6,0
302236,302240,302242,2,4
302236,302241,302242,1,5
302236,302240,302242,2,4
302236,302236,302243,7,0
302236,302240,302242,2,4
302236,302240,302243,3,4
302236,302240,302243,3,4
302236,302236,302242,6,0
302236,302241,302242,1,5
302236,302242,302243,1,6
302236,302236,302244,8,0
302236,302241,302243,2,5
302236,302241,302244,3,5
302236,302241,302243,2,5
302236,302241,302244,3,5
302236,302236,302243,7,0
302236,302242,302244,2,6
302236,302243,302244,1,7
302236,302236,302244,8,0
302236,302236,302244,8,0
302236,302242,302243,1,6
302236,302236,302244,8,0
302236,302236,302244,8,0
302236,302242,302243,1,6
302236,302242,302244,2,6
302236,302242,302244,2,6
302236,302236,302244,8,0
302236,302236,302244,8,0
302236,302242,302245,3,6
302236,302242,302245,3,6
302236,302242,302245,3,6
302236,302236,302244,8,0
302236,302240,302245,5,4
302236,302236,302244,8,0
302236,302242,302244,2,6
302236,302241,302245,4,5
302236,302243,302245,2,7
302236,302236,302246,10,0
302236,302243,302245,2,7
302236,302236,302247,11,0
302236,302236,302247,11,0
302236,302236,302247,11,0
302236,302236,302248,12,0
302236,302236,302249,13,0
302236,302236,302248,12,0
302236,302236,302250,14,0
302236,302236,302251,15,0
302236,302236,302251,15,0
302236,302236,302253,17,0
302236,302236,302254,18,0
302264,302264,302266,2,0
302264,302264,302266,2,0
302264,302264,302266,2,0
302264,302264,302265,1,0
302264,302264,302266,2,0
302264,302264,302266,2,0
302264,302264,302266,2,0
302264,302264,302267,3,0
302264,302264,302268,4,0
302264,302265,302268,3,1
302264,302265,302268,3,1
302264,302267,302268,1,3
302264,302267,302268,1,3
302264,302267,302268,1,3
302264,302267,302268,1,3
302264,302264,302269,5,0
302264,302265,302268,3,1
302264,302265,302269,4,1
302264,302264,302269,5,0
302264,302267,302269,2,3
302264,302267,302269,2,3
302264,302269,302270,1,5
302264,302267,302269,2,3
302264,302268,302269,1,4
302264,302269,302270,1,5
302264,302264,302270,6,0
302264,302264,302270,6,0
302264,302269,302270,1,5
302264,302264,302270,6,0
302264,302264,302270,6,0
302264,302269,302270,1,5
302264,302270,302271,1,6
302264,302264,302270,6,0
302264,302270,302271,1,6
302264,302269,302270,1,5
302264,302269,302271,2,5
302264,302269,302271,2,5
302264,302271,302272,1,7
302264,302264,302271,7,0
302264,302264,302271,7,0
302264,302270,302271,1,6
302264,302264,302271,7,0
302264,302270,302271,1,6
302264,302270,302271,1,6
302264,302264,302271,7,0
302264,302270,302271,1,6
302264,302271,302272,1,7
302264,302264,302271,7,0
302264,302271,302272,1,7
302264,302271,302272,1,7
302264,302270,302272,2,6
302264,302270,302272,2,6
302264,302271,302272,1,7
302264,302264,302272,8,0
302264,302264,302272,8,0
302264,302264,302272,8,0
302264,302271,302272,1,7
302264,302264,302272,8,0
302264,302270,302273,3,6
302264,302271,302273,2,7
302264,302270,302273,3,6
302264,302271,302273,2,7
302264,302264,302273,9,0
302264,302264,302273,9,0
302264,302271,302273,2,7
302264,302264,302273,9,0
302264,302264,302273,9,0
302264,302264,302274,10,0
302264,302271,302274,3,7
302264,302264,302276,12,0
302264,302264,302276,12,0
302264,302264,302276,12,0
302264,302264,302277,13,0
302264,302264,302277,13,0
302264,302264,302278,14,0
302264,302264,302278,14,0
302264,302264,302279,15,0
302264,302264,302281,17,0
302264,302264,302281,17,0
302291,302291,302292,1,0
302291,302291,302292,1,0
302291,302291,302292,1,0
302291,302291,302292,1,0
302291,302291,302292,1,0
302291,302291,302292,1,0
302291,302291,302292,1,0
302291,302291,302293,2,0
302291,302291,302294,3,0
302291,302291,302295,4,0
302291,302291,302295,4,0
302291,302293,302294,1,2
302291,302293,302295,2,2
302291,302293,302294,1,2
302291,302293,302295,2,2
302291,302293,302295,2,2
302291,302291,302295,4,0
302291,302291,302296,5,0
302291,302291,302295,4,0
302291,302293,302295,2,2
302291,302295,302296,1,4
302291,302293,302295,2,2
302291,302295,302296,1,4
302291,302294,302296,2,3
302291,302291,302296,5,0
302291,302291,302296,5,0
302291,302291,302296,5,0
302291,302291,302297,6,0
302291,302291,302297,6,0
302291,302295,302296,1,4
302291,302295,302296,1,4
302291,302291,302297,6,0
302291,302291,302297,6,0
302291,302296,302297,1,5
302291,302291,302298,7,0
302291,302295,302298,3,4
302291,302295,302297,2,4
302291,302291,302298,7,0
302291,302296,302298,2,5
302291,302291,302298,7,0
302291,302291,302297,6,0
302291,302296,302297,1,5
302291,302297,302298,1,6
302291,302291,302297,6,0
302291,302295,302298,3,4
302291,302296,302297,1,5
302291,302297,302298,1,6
302291,302296,302297,1,5
302291,302297,302298,1,6
302291,302297,302298,1,6
302291,302291,302298,7,0
302291,302291,302298,7,0
302291,302297,302299,2,6
302291,302297,302299,2,6
302291,302291,302299,8,0
302291,302297,302298,1,6
302291,302291,302299,8,0
302291,302291,302298,7,0
302291,302297,302298,1,6
302291,302297,302299,2,6
302291,302295,302300,5,4
302291,302296,302300,4,5
302291,302296,302300,4,5
302291,302298,302300,2,7
302291,302297,302299,2,6
302291,302296,302300,4,5
302291,302291,302300,9,0
302291,302291,302300,9,0
302291,302291,302301,10,0
302291,302291,302302,11,0
302291,302291,302302,11,0
302291,302291,302302,11,0
302291,302291,302303,12,0
302291,302291,302303,12,0
302291,302291,302302,11,0
302291,302291,302304,13,0
302291,302291,302305,14,0
302291,302291,302308,17,0
302291,302291,302308,17,0
302318,302318,302319,1,0
302318,302318,302319,1,0
302318,302318,302319,1,0
302318,302318,302319,1,0
302318,302318,302319,1,0
302318,302318,302320,2,0
302318,302318,302320,2,0
302318,302318,302321,3,0
302318,302319,302321,2,1
302318,302318,302322,4,0
302318,302320,302322,2,2
302318,302320,302322,2,2
302318,302320,302322,2,2
302318,302320,302322,2,2
302318,302320,302322,2,2
302318,302318,302322,4,0
302318,302318,302322,4,0
302318,302318,302323,5,0
302318,302321,302323,2,3
302318,302322,302323,1,4
302318,302318,302324,6,0
302318,302318,302324,6,0
302318,302318,302324,6,0
302318,302322,302323,1,4
302318,302318,302324,6,0
302318,302322,302324,2,4
302318,302321,302324,3,3
302318,302323,302324,1,5
302318,302324,302325,1,6
302318,302318,302325,7,0
302318,302318,302325,7,0
302318,302322,302325,3,4
302318,302318,302325,7,0
302318,302323,302325,2,5
302318,302318,302325,7,0
302318,302318,302325,7,0
302318,302325,302326,1,7
302318,302318,302325,7,0
302318,302318,302325,7,0
302318,302324,302325,1,6
302318,302318,302325,7,0
302318,302324,302325,1,6
302318,302325,302326,1,7
302318,302318,302325,7,0
302318,302318,302325,7,0
302318,302323,302325,2,5
302318,302325,302326,1,7
302318,302323,302326,3,5
302318,302318,302326,8,0
302318,302325,302326,1,7
302318,302325,302326,1,7
302318,302318,302326,8,0
302318,302318,302327,9,0
302318,302323,302327,4,5
302318,302325,302327,2,7
302318,302324,302327,3,6
302318,302324,302327,3,6
302318,302324,302327,3,6
302318,302318,302327,9,0
302318,302318,302327,9,0
302318,302325,302328,3,7
302318,302318,302328,10,0
302318,302325,302328,3,7
302318,302326,302328,2,8
302318,302318,302328,10,0
302318,302326,302328,2,8
302318,302318,302329,11,0
302318,302318,302329,11,0
302318,302318,302330,12,0
302318,302318,302331,13,0
302318,302318,302332,14,0
302318,302318,302332,14,0
302318,302318,302332,14,0
302318,302318,302334,16,0
302318,302318,302333,15,0
302318,302318,302334,16,0
302318,302318,302334,16,0
302344,302344,302345,1,0
302344,302344,302345,1,0
302344,302344,302345,1,0
302344,302344,302345,1,0
302344,302344,302345,1,0
302344,302344,302345,1,0
302344,302344,302345,1,0
302344,302346,302347,1,2
302344,302345,302347,2,1
302344,302344,302347,3,0
302344,302344,302348,4,0
302344,302346,302348,2,2
302344,302346,302348,2,2
302344,302346,302348,2,2
302344,302347,302348,1,3
302344,302346,302348,2,2
302344,302344,302348,4,0
302344,302344,302349,5,0
302344,302346,302349,3,2
302344,302347,302349,2,3
302344,302347,302349,2,3
302344,302344,302350,6,0
302344,302344,302349,5,0
302344,302344,302350,6,0
302344,302344,302350,6,0
302344,302344,302350,6,0
302344,302344,302350,6,0
302344,302348,302350,2,4
302344,302344,302350,6,0
302344,302348,302349,1,4
302344,302349,302350,1,5
302344,302349,302350,1,5
302344,302344,302350,6,0
302344,302348,302351,3,4
302344,302344,302351,7,0
302344,302349,302350,1,5
302344,302344,302351,7,0
302344,302348,302351,3,4
302344,302350,302351,1,6
302344,302348,302351,3,4
302344,302344,302351,7,0
302344,302348,302351,3,4
302344,302350,302352,2,6
302344,302344,302352,8,0
302344,302349,302352,3,5
302344,302349,302352,3,5
302344,302344,302352,8,0
302344,302351,302352,1,7
302344,302344,302352,8,0
302344,302344,302352,8,0
302344,302351,302352,1,7
302344,302344,302352,8,0
302344,302344,302352,8,0
302344,302351,302352,1,7
302344,302351,302352,1,7
302344,302344,302353,9,0
302344,302350,302353,3,6
302344,302350,302353,3,6
302344,302344,302353,9,0
302344,302350,302353,3,6
302344,302350,302353,3,6
302344,302344,302353,9,0
302344,302350,302353,3,6
302344,302344,302353,9,0
302344,302344,302353,9,0
302344,302351,302354,3,7
302344,302344,302353,9,0
302344,302344,302354,10,0
302344,302351,302354,3,7
302344,302344,302354,10,0
302344,302344,302354,10,0
302344,302344,302356,12,0
302344,302344,302357,13,0
302344,302344,302357,13,0
302344,302344,302358,14,0
302344,302344,302358,14,0
302344,302344,302359,15,0
302344,302344,302360,16,0
302370,302370,302371,1,0
302370,302370,302371,1,0
302370,302370,302371,1,0
302370,302370,302371,1,0
302370,302370,302371,1,0
302370,302370,302372,2,0
302370,302370,302371,1,0
302370,302371,302372,1,1
302370,302370,302372,2,0
302370,302371,302372,1,1
302370,302370,302374,4,0
302370,302372,302373,1,2
302370,302372,302373,1,2
302370,302372,302374,2,2
302370,302372,302374,2,2
302370,302372,302374,2,2
302370,302372,302373,1,2
302370,302372,302373,1,2
302370,302372,302373,1,2
302370,302370,302374,4,0
302370,302370,302375,5,0
302370,302370,302374,4,0
302370,302370,302374,4,0
302370,302374,302375,1,4
302370,302374,302375,1,4
302370,302370,302376,6,0
302370,302374,302376,2,4
302370,302370,302376,6,0
302370,302374,302376,2,4
302370,302370,302376,6,0
302370,302374,302376,2,4
302370,302374,302376,2,4
302370,302370,302376,6,0
302370,302370,302376,6,0
302370,302370,302377,7,0
302370,302375,302377,2,5
302370,302370,302377,7,0
302370,302374,302376,2,4
302370,302376,302377,1,6
302370,302370,302377,7,0
302370,302370,302376,6,0
302370,302374,302377,3,4
302370,302376,302377,1,6
302370,302370,302377,7,0
302370,302374,302377,3,4
302370,302376,302377,1,6
302370,302370,302377,7,0
302370,302375,302377,2,5
302370,302375,302377,2,5
302370,302376,302377,1,6
302370,302375,302378,3,5
302370,302370,302378,8,0
302370,302370,302377,7,0
302370,302375,302378,3,5
302370,302370,302378,8,0
302370,302376,302377,1,6
302370,302376,302377,1,6
302370,302370,302377,7,0
302370,302370,302378,8,0
302370,302370,302378,8,0
302370,302370,302379,9,0
302370,302377,302379,2,7
302370,302370,302378,8,0
302370,302376,302378,2,6
302370,302370,302379,9,0
302370,302376,302378,2,6
302370,302375,302379,4,5
302370,302377,302380,3,7
302370,302370,302380,10,0
302370,302370,302380,10,0
302370,302370,302381,11,0
302370,302370,302380,10,0
302370,302370,302381,11,0
302370,302370,302381,11,0
302370,302370,302381,11,0
302370,302370,302382,12,0
302370,302370,302382,12,0
302370,302370,302385,15,0
302370,302370,302385,15,0
302395,302395,302396,1,0
302395,302395,302396,1,0
302395,302395,302396,1,0
302395,302395,302396,1,0
302395,302395,302396,1,0
302395,302395,302396,1,0
302395,302395,302396,1,0
302395,302395,302397,2,0
302395,302396,302397,1,1
302395,302395,302398,3,0
302395,302395,302398,3,0
302395,302397,302398,1,2
302395,302397,302398,1,2
302395,302396,302398,2,1
302395,302397,302398,1,2
302395,302397,302398,1,2
302395,302395,302399,4,0
302395,302395,302399,4,0
302395,302395,302399,4,0
302395,302395,302400,5,0
302395,302397,302399,2,2
302395,302398,302400,2,3
302395,302398,302399,1,3
302395,302399,302400,1,4
302395,302395,302400,5,0
302395,302395,302400,5,0
302395,302399,302400,1,4
302395,302399,302400,1,4
302395,302399,302400,1,4
302395,302395,302401,6,0
302395,302399,302402,3,4
302395,302395,302401,6,0
302395,302399,302401,2,4
302395,302400,302402,2,5
302395,302395,302402,7,0
302395,302395,302402,7,0
302395,302400,302401,1,5
302395,302400,302402,2,5
302395,302395,302401,6,0
302395,302395,302401,6,0
302395,302400,302401,1,5
302395,302400,302402,2,5
302395,302395,302403,8,0
302395,302400,302402,2,5
302395,302395,302403,8,0
302395,302395,302402,7,0
302395,302400,302402,2,5
302395,302395,302402,7,0
302395,302395,302402,7,0
302395,302401,302402,1,6
302395,302402,302403,1,7
302395,302395,302402,7,0
302395,302401,302402,1,6
302395,302401,302402,1,6
302395,302395,302402,7,0
302395,302402,302403,1,7
302395,302395,302403,8,0
302395,302401,302402,1,6
302395,302399,302403,4,4
302395,302401,302403,2,6
302395,302402,302404,2,7
302395,302395,302404,9,0
302395,302400,302403,3,5
302395,302401,302403,2,6
302395,302402,302403,1,7
302395,302402,302403,1,7
302395,302395,302404,9,0
302395,302395,302404,9,0
302395,302395,302405,10,0
302395,302395,302406,11,0
302395,302395,302405,10,0
302395,302395,302406,11,0
302395,302395,302407,12,0
302395,302395,302406,11,0
302395,302395,302406,11,0
302395,302395,302407,12,0
302395,302395,302406,11,0
302395,302395,302407,12,0
302395,302395,302415,20,0
302424,302424,302426,2,0
302424,302424,302425,1,0
302424,302424,302426,2,0
302424,302424,302425,1,0
302424,302424,302426,2,0
302424,302424,302426,2,0
302424,302424,302426,2,0
302424,302424,302426,2,0
302424,302426,302428,2,2
302424,302426,302428,2,2
302424,302426,302428,2,2
302424,302426,302428,2,2
302424,302426,302428,2,2
302424,302426,302428,2,2
302424,302426,302429,3,2
302424,302424,302429,5,0
302424,302424,302429,5,0
302424,302428,302429,1,4
302424,302424,302430,6,0
302424,302424,302430,6,0
302424,302424,302430,6,0
302424,302424,302430,6,0
302424,302424,302430,6,0
302424,302429,302430,1,5
302424,302429,302430,1,5
302424,302429,302430,1,5
302424,302424,302430,6,0
302424,302429,302430,1,5
302424,302429,302430,1,5
302424,302424,302430,6,0
302424,302429,302430,1,5
302424,302424,302431,7,0
302424,302424,302431,7,0
302424,302424,302431,7,0
302424,302424,302431,7,0
302424,302424,302431,7,0
302424,302431,302432,1,7
302424,302424,302431,7,0
302424,302430,302431,1,6
302424,302424,302431,7,0
302424,302424,302431,7,0
302424,302431,302432,1,7
302424,302430,302432,2,6
302424,302424,302432,8,0
302424,302424,302431,7,0
302424,302424,302432,8,0
302424,302424,302432,8,0
302424,302431,302432,1,7
302424,302431,302432,1,7
302424,302432,302433,1,8
302424,302431,302432,1,7
302424,302431,302432,1,7
302424,302431,302432,1,7
302424,302431,302432,1,7
302424,302431,302432,1,7
302424,302424,302433,9,0
302424,302424,302433,9,0
302424,302424,302433,9,0
302424,302424,302433,9,0
302424,302424,302433,9,0
302424,302429,302433,4,5
302424,302424,302433,9,0
302424,302424,302434,10,0
302424,302424,302434,10,0
302424,302431,302434,3,7
302424,302424,302434,10,0
302424,302424,302435,11,0
302424,302429,302434,5,5
302424,302431,302434,3,7
302424,302431,302434,3,7
302424,302431,302434,3,7
302424,302424,302434,10,0
302424,302424,302435,11,0
302424,302424,302435,11,0
302424,302431,302435,4,7
302424,302430,302435,5,6
302424,302424,302436,12,0
302424,302424,302436,12,0
302447,302447,302448,1,0
302447,302447,302449,2,0
302447,302447,302449,2,0
302447,302447,302448,1,0
302447,302447,302449,2,0
302447,302447,302449,2,0
302447,302447,302449,2,0
302447,302449,302451,2,2
302447,302449,302450,1,2
302447,302449,302451,2,2
302447,302449,302451,2,2
302447,302448,302451,3,1
302447,302447,302452,5,0
302447,302450,302452,2,3
302447,302449,302451,2,2
302447,302447,302453,6,0
302447,302451,302453,2,4
302447,302451,302453,2,4
302447,302451,302453,2,4
302447,302451,302453,2,4
302447,302451,302453,2,4
302447,302447,302454,7,0
302447,302447,302454,7,0
302447,302453,302454,1,6
302447,302447,302454,7,0
302447,302447,302454,7,0
302447,302447,302454,7,0
302447,302447,302454,7,0
302447,302452,302454,2,5
302447,302447,302454,7,0
302447,302452,302454,2,5
302447,302454,302455,1,7
302447,302447,302454,7,0
302447,302452,302454,2,5
302447,302447,302455,8,0
302447,302447,302454,7,0
302447,302447,302455,8,0
302447,302447,302455,8,0
302447,302453,302455,2,6
302447,302447,302455,8,0
302447,302453,302455,2,6
302447,302455,302456,1,8
302447,302454,302455,1,7
302447,302454,302455,1,7
302447,302455,302456,1,8
302447,302455,302456,1,8
302447,302447,302455,8,0
302447,302447,302456,9,0
302447,302447,302456,9,0
302447,302447,302456,9,0
302447,302447,302456,9,0
302447,302455,302456,1,8
302447,302455,302456,1,8
302447,302455,302456,1,8
302447,302447,302456,9,0
302447,302455,302456,1,8
302447,302455,302456,1,8
302447,302455,302456,1,8
302447,302455,302456,1,8
302447,302455,302456,1,8
302447,302455,302456,1,8
302447,302455,302456,1,8
302447,302447,302457,10,0
302447,302447,302457,10,0
302447,302447,302457,10,0
302447,302447,302457,10,0
302447,302447,302457,10,0
302447,302447,302457,10,0
302447,302447,302457,10,0
302447,302447,302458,11,0
302447,302447,302457,10,0
302447,302447,302458,11,0
302447,302447,302459,12,0
302447,302447,302459,12,0
302447,302454,302459,5,7
302447,302447,302460,13,0
302447,302447,302461,14,0
302447,302447,302462,15,0
302447,302447,302463,16,0
302473,302473,302475,2,0
302473,302473,302475,2,0
302473,302473,302474,1,0
302473,302473,302475,2,0
302473,302473,302474,1,0
302473,302473,302475,2,0
302473,302473,302474,1,0
302473,302475,302476,1,2
302473,302475,302477,2,2
302473,302475,302477,2,2
302473,302475,302477,2,2
302473,302475,302477,2,2
302473,302477,302478,1,4
302473,302475,302478,3,2
302473,302473,302479,6,0
302473,302473,302479,6,0
302473,302478,302479,1,5
302473,302473,302479,6,0
302473,302473,302479,6,0
302473,302473,302479,6,0
302473,302478,302479,1,5
302473,302473,302479,6,0
302473,302473,302479,6,0
302473,302473,302479,6,0
302473,302478,302479,1,5
302473,302473,302480,7,0
302473,302473,302480,7,0
302473,302473,302480,7,0
302473,302473,302480,7,0
302473,302478,302480,2,5
302473,302473,302480,7,0
302473,302475,302480,5,2
302473,302473,302480,7,0
302473,302479,302480,1,6
302473,302473,302480,7,0
302473,302480,302481,1,7
302473,302480,302481,1,7
302473,302473,302481,8,0
302473,302481,302482,1,8
302473,302481,302482,1,8
302473,302480,302481,1,7
302473,302480,302481,1,7
302473,302480,302481,1,7
302473,302480,302482,2,7
302473,302480,302481,1,7
302473,302479,302481,2,6
302473,302480,302481,1,7
302473,302481,302482,1,8
302473,302480,302481,1,7
302473,302480,302481,1,7
302473,302473,302482,9,0
302473,302473,302482,9,0
302473,302473,302482,9,0
302473,302473,302482,9,0
302473,302480,302482,2,7
302473,302481,302482,1,8
302473,302481,302482,1,8
302473,302481,302482,1,8
302473,302481,302482,1,8
302473,302473,302483,10,0
302473,302473,302483,10,0
302473,302473,302483,10,0
302473,302480,302483,3,7
302473,302480,302483,3,7
302473,302480,302483,3,7
302473,302473,302484,11,0
302473,302473,302484,11,0
302473,302473,302484,11,0
302473,302473,302484,11,0
302473,302473,302485,12,0
302473,302473,302485,12,0
302473,302473,302485,12,0
302473,302473,302486,13,0
302473,302473,302486,13,0
302473,302473,302487,14,0
302473,302473,302487,14,0
302473,302473,302490,17,0
302473,302473,302491,18,0
302473,302473,302493,20,0
302503,302503,302504,1,0
302503,302503,302504,1,0
302503,302503,302504,1,0
302503,302503,302504,1,0
302503,302503,302504,1,0
302503,302503,302504,1,0
302503,302503,302505,2,0
302503,302505,302507,2,2
302503,302505,302507,2,2
302503,302505,302507,2,2
302503,302505,302507,2,2
302503,302504,302507,3,1
302503,302503,302508,5,0
302503,302503,302508,5,0
302503,302505,302508,3,2
302503,302506,302508,2,3
302503,302508,302509,1,5
302503,302507,302508,1,4
302503,302507,302508,1,4
302503,302507,302508,1,4
302503,302503,302510,7,0
302503,302503,302510,7,0
302503,302503,302510,7,0
302503,302503,302510,7,0
302503,302503,302510,7,0
302503,302503,302510,7,0
302503,302503,302509,6,0
302503,302503,302509,6,0
302503,302503,302510,7,0
302503,302503,302509,6,0
302503,302508,302510,2,5
302503,302503,302510,7,0
302503,302503,302509,6,0
302503,302503,302509,6,0
302503,302509,302510,1,6
302503,302503,302509,6,0
302503,302508,302509,1,5
302503,302503,302511,8,0
302503,302503,302510,7,0
302503,302503,302510,7,0
302503,302509,302510,1,6
302503,302510,302511,1,7
302503,302510,302511,1,7
302503,302510,302511,1,7
302503,302509,302510,1,6
302503,302509,302510,1,6
302503,302510,302511,1,7
302503,302503,302511,8,0
302503,302509,302510,1,6
302503,302510,302511,1,7
302503,302503,302510,7,0
302503,302509,302510,1,6
302503,302510,302511,1,7
302503,302510,302512,2,7
302503,302509,302511,2,6
302503,302503,302512,9,0
302503,302510,302512,2,7
302503,302510,302511,1,7
302503,302510,302511,1,7
302503,302510,302511,1,7
302503,302510,302511,1,7
302503,302503,302513,10,0
302503,302503,302512,9,0
302503,302503,302512,9,0
302503,302510,302512,2,7
302503,302510,302512,2,7
302503,302510,302512,2,7
302503,302503,302514,11,0
302503,302503,302515,12,0
302503,302503,302514,11,0
302503,302503,302514,11,0
302503,302503,302516,13,0
302503,302503,302517,14,0
302503,302503,302516,13,0
302503,302503,302516,13,0
302503,302503,302516,13,0
302503,302503,302516,13,0
302503,302503,302518,15,0
302503,302503,302519,16,0
302530,302530,302531,1,0
302530,302530,302531,1,0
302530,302530,302531,1,0
302530,302530,302531,1,0
302530,302530,302531,1,0
302530,302530,302531,1,0
302530,302530,302532,2,0
302530,302532,302534,2,2
302530,302532,302533,1,2
302530,302532,302534,2,2
302530,302532,302534,2,2
302530,302532,302534,2,2
302530,302530,302535,5,0
302530,302533,302535,2,3
302530,302532,302534,2,2
302530,302530,302535,5,0
302530,302534,302535,1,4
302530,302534,302535,1,4
302530,302535,302536,1,5
302530,302530,302536,6,0
302530,302534,302535,1,4
302530,302530,302535,5,0
302530,302534,302535,1,4
302530,302534,302535,1,4
302530,302530,302537,7,0
302530,302530,302536,6,0
302530,302530,302536,6,0
302530,302530,302536,6,0
302530,302530,302537,7,0
302530,302530,302537,7,0
302530,302536,302537,1,6
302530,302530,302537,7,0
302530,302536,302537,1,6
302530,302535,302537,2,5
302530,302530,302536,6,0
302530,302535,302536,1,5
302530,302530,302537,7,0
302530,302530,302537,7,0
302530,302530,302538,8,0
302530,302530,302537,7,0
302530,302536,302537,1,6
302530,302536,302537,1,6
302530,302537,302538,1,7
302530,302530,302537,7,0
302530,302536,302537,1,6
302530,302530,302537,7,0
302530,302536,302537,1,6
302530,302536,302537,1,6
302530,302530,302538,8,0
302530,302536,302537,1,6
302530,302537,302538,1,7
302530,302536,302537,1,6
302530,302530,302538,8,0
302530,302530,302538,8,0
302530,302537,302539,2,7
302530,302537,302538,1,7
302530,302537,302538,1,7
302530,302537,302538,1,7
302530,302537,302538,1,7
302530,302537,302538,1,7
302530,302537,302538,1,7
302530,302530,302539,9,0
302530,302537,302539,2,7
302530,302537,302539,2,7
302530,302530,302539,9,0
302530,302530,302540,10,0
302530,302530,302540,10,0
302530,302530,302540,10,0
302530,302530,302540,10,0
302530,302530,302541,11,0
302530,302530,302541,11,0
302530,302530,302542,12,0
302530,302530,302541,11,0
302530,302530,302542,12,0
302530,302530,302543,13,0
302530,302530,302543,13,0
302530,302530,302542,12,0
302530,302530,302542,12,0
302530,302530,302546,16,0
302556,302556,302558,2,0
302556,302556,302558,2,0
302556,302556,302557,1,0
302556,302556,302558,2,0
302556,302556,302558,2,0
302556,302556,302558,2,0
302556,302556,302558,2,0
302556,302559,302561,2,3
302556,302559,302560,1,3
302556,302559,302560,1,3
302556,302556,302561,5,0
302556,302559,302561,2,3
302556,302559,302561,2,3
302556,302559,302561,2,3
302556,302559,302561,2,3
302556,302556,302562,6,0
302556,302556,302562,6,0
302556,302556,302563,7,0
302556,302556,302562,6,0
302556,302556,302562,6,0
302556,302556,302563,7,0
302556,302556,302563,7,0
302556,302556,302563,7,0
302556,302561,302563,2,5
302556,302556,302563,7,0
302556,302562,302563,1,6
302556,302562,302563,1,6
302556,302561,302563,2,5
302556,302562,302563,1,6
302556,302556,302563,7,0
302556,302561,302563,2,5
302556,302562,302563,1,6
302556,302562,302563,1,6
302556,302563,302564,1,7
302556,302556,302564,8,0
302556,302563,302564,1,7
302556,302563,302564,1,7
302556,302556,302564,8,0
302556,302556,302564,8,0
302556,302556,302564,8,0
302556,302564,302565,1,8
302556,302563,302564,1,7
302556,302563,302564,1,7
302556,302556,302564,8,0
302556,302564,302565,1,8
302556,302564,302565,1,8
302556,302556,302565,9,0
302556,302556,302565,9,0
302556,302556,302565,9,0
302556,302556,302566,10,0
302556,302564,302565,1,8
302556,302564,302565,1,8
302556,302564,302565,1,8
302556,302564,302565,1,8
302556,302564,302565,1,8
302556,302564,302565,1,8
302556,302564,302565,1,8
302556,302564,302565,1,8
302556,302564,302565,1,8
302556,302556,302566,10,0
302556,302564,302566,2,8
302556,302556,302566,10,0
302556,302565,302566,1,9
302556,302564,302566,2,8
302556,302556,302566,10,0
302556,302556,302567,11,0
302556,302556,302567,11,0
302556,302556,302567,11,0
302556,302556,302567,11,0
302556,302556,302567,11,0
302556,302556,302567,11,0
302556,302556,302568,12,0
302556,302556,302569,13,0
302556,302556,302569,13,0
302556,302556,302570,14,0
302556,302556,302570,14,0
302556,302556,302570,14,0
302556,302556,302571,15,0
302556,302556,302576,20,0
302586,302586,302587,1,0
302586,302586,302587,1,0
302586,302586,302587,1,0
302586,302586,302587,1,0
302586,302586,302587,1,0
302586,302586,302588,2,0
302586,302586,302588,2,0
302586,302588,302589,1,2
302586,302588,302589,1,2
302586,302588,302590,2,2
302586,302587,302590,3,1
302586,302587,302590,3,1
302586,302589,302590,1,3
302586,302586,302590,4,0
302586,302588,302590,2,2
302586,302588,302590,2,2
302586,302586,302591,5,0
302586,302587,302591,4,1
302586,302586,302591,5,0
302586,302590,302591,1,4
302586,302589,302591,2,3
302586,302587,302592,5,1
302586,302587,302592,5,1
302586,302586,302592,6,0
302586,302591,302592,1,5
302586,302591,302592,1,5
302586,302591,302592,1,5
302586,302590,302592,2,4
302586,302590,302592,2,4
302586,302586,302592,6,0
302586,302591,302592,1,5
302586,302586,302592,6,0
302586,302586,302593,7,0
302586,302586,302593,7,0
302586,302586,302593,7,0
302586,302586,302593,7,0
302586,302593,302594,1,7
302586,302586,302593,7,0
302586,302593,302594,1,7
302586,302586,302593,7,0
302586,302592,302593,1,6
302586,302592,302593,1,6
302586,302593,302594,1,7
302586,302586,302593,7,0
302586,302592,302593,1,6
302586,302593,302594,1,7
302586,302592,302594,2,6
302586,302592,302594,2,6
302586,302586,302594,8,0
302586,302591,302594,3,5
302586,302593,302594,1,7
302586,302593,302594,1,7
302586,302594,302595,1,8
302586,302586,302594,8,0
302586,302593,302594,1,7
302586,302586,302594,8,0
302586,302593,302594,1,7
302586,302593,302594,1,7
302586,302586,302595,9,0
302586,302593,302595,2,7
302586,302591,302595,4,5
302586,302593,302595,2,7
302586,302594,302595,1,8
302586,302586,302596,10,0
302586,302586,302596,10,0
302586,302586,302596,10,0
302586,302586,302596,10,0
302586,302586,302596,10,0
302586,302586,302596,10,0
302586,302586,302596,10,0
302586,302594,302596,2,8
302586,302586,302597,11,0
302586,302586,302598,12,0
302586,302586,302598,12,0
302586,302586,302598,12,0
302586,302586,302599,13,0
302586,302586,302599,13,0
302586,302586,302601,15,0
302586,302586,302602,16,0
302613,302613,302614,1,0
302613,302613,302614,1,0
302613,302613,302614,1,0
302613,302613,302614,1,0
302613,302613,302614,1,0
302613,302613,302614,1,0
302613,302613,302614,1,0
302613,302614,302616,2,1
302613,302613,302616,3,0
302613,302615,302616,1,2
302613,302615,302616,1,2
302613,302615,302616,1,2
302613,302613,302617,4,0
302613,302613,302617,4,0
302613,302613,302617,4,0
302613,302613,302617,4,0
302613,302615,302617,2,2
302613,302615,302617,2,2
302613,302615,302617,2,2
302613,302613,302618,5,0
302613,302613,302618,5,0
302613,302613,302618,5,0
302613,302613,302619,6,0
302613,302616,302618,2,3
302613,302613,302618,5,0
302613,302613,302618,5,0
302613,302613,302619,6,0
302613,302613,302618,5,0
302613,302613,302618,5,0
302613,302613,302618,5,0
302613,302617,302618,1,4
302613,302613,302619,6,0
302613,302617,302619,2,4
302613,302617,302619,2,4
302613,302613,302619,6,0
302613,302613,302620,7,0
302613,302613,302619,6,0
302613,302618,302619,1,5
302613,302613,302619,6,0
302613,302618,302620,2,5
302613,302619,302620,1,6
302613,302613,302619,6,0
302613,302618,302620,2,5
302613,302613,302620,7,0
302613,302613,302620,7,0
302613,302613,302620,7,0
302613,302613,302620,7,0
302613,302617,302620,3,4
302613,302613,302620,7,0
302613,302613,302621,8,0
302613,302619,302620,1,6
302613,302619,302621,2,6
302613,302613,302620,7,0
302613,302613,302621,8,0
302613,302619,302620,1,6
302613,302619,302620,1,6
302613,302619,302620,1,6
302613,302619,302620,1,6
302613,302619,302620,1,6
302613,302619,302620,1,6
302613,302619,302620,1,6
302613,302613,302621,8,0
302613,302613,302622,9,0
302613,302618,302621,3,5
302613,302619,302621,2,6
302613,302619,302621,2,6
302613,302619,302621,2,6
302613,302620,302622,2,7
302613,302618,302622,4,5
302613,302613,302621,8,0
302613,302618,302621,3,5
302613,302619,302622,3,6
302613,302619,302621,2,6
302613,302613,302622,9,0
302613,302618,302622,4,5
302613,302613,302622,9,0
302613,302613,302623,10,0
302613,302613,302623,10,0
302613,302613,302623,10,0
302634,302634,302636,2,0
302634,302634,302635,1,0
302634,302634,302635,1,0
302634,302634,302636,2,0
302634,302634,302635,1,0
302634,302634,302635,1,0
302634,302634,302635,1,0
302634,302636,302637,1,2
302634,302636,302637,1,2
302634,302636,302638,2,2
302634,302636,302638,2,2
302634,302636,302638,2,2
302634,302636,302638,2,2
302634,302634,302638,4,0
302634,302634,302639,5,0
302634,302634,302639,5,0
302634,302636,302639,3,2
302634,302637,302639,2,3
302634,302634,302639,5,0
302634,302634,302640,6,0
302634,302634,302639,5,0
302634,302634,302640,6,0
302634,302638,302640,2,4
302634,302634,302640,6,0
302634,302638,302640,2,4
302634,302634,302640,6,0
302634,302638,302640,2,4
302634,302634,302640,6,0
302634,302638,302640,2,4
302634,302634,302641,7,0
302634,302634,302641,7,0
302634,302634,302641,7,0
302634,302634,302641,7,0
302634,302638,302640,2,4
302634,302638,302640,2,4
302634,302634,302641,7,0
302634,302640,302641,1,6
302634,302634,302641,7,0
302634,302639,302641,2,5
302634,302634,302641,7,0
302634,302639,302641,2,5
302634,302634,302642,8,0
302634,302634,302642,8,0
302634,302639,302642,3,5
302634,302634,302641,7,0
302634,302640,302642,2,6
302634,302640,302642,2,6
302634,302634,302642,8,0
302634,302640,302642,2,6
302634,302641,302642,1,7
302634,302641,302642,1,7
302634,302640,302642,2,6
302634,302641,302642,1,7
302634,302641,302642,1,7
302634,302641,302642,1,7
302634,302634,302643,9,0
302634,302634,302643,9,0
302634,302641,302643,2,7
302634,302634,302643,9,0
302634,302640,302643,3,6
302634,302634,302643,9,0
302634,302634,302643,9,0
302634,302640,302643,3,6
302634,302639,302643,4,5
302634,302641,302643,2,7
302634,302641,302643,2,7
302634,302634,302643,9,0
302634,302641,302642,1,7
302634,302634,302643,9,0
302634,302634,302644,10,0
302634,302634,302643,9,0
302634,302640,302643,3,6
302634,302634,302644,10,0
302634,302634,302644,10,0
302634,302634,302645,11,0
302634,302634,302645,11,0
302634,302634,302645,11,0
302634,302634,302645,11,0
302634,302634,302646,12,0
302656,302656,302657,1,0
302656,302656,302657,1,0
302656,302656,302657,1,0
302656,302656,302657,1,0
302656,302656,302657,1,0
302656,302656,302657,1,0
302656,302656,302657,1,0
302656,302657,302659,2,1
302656,302658,302660,2,2
302656,302658,302660,2,2
302656,302658,302660,2,2
302656,302658,302660,2,2
302656,302656,302661,5,0
302656,302658,302660,2,2
302656,302658,302661,3,2
302656,302659,302661,2,3
302656,302656,302662,6,0
302656,302656,302662,6,0
302656,302656,302662,6,0
302656,302656,302662,6,0
302656,302656,302661,5,0
302656,302656,302662,6,0
302656,302656,302661,5,0
302656,302660,302662,2,4
302656,302656,302662,6,0
302656,302660,302662,2,4
302656,302660,302662,2,4
302656,302656,302662,6,0
302656,302656,302663,7,0
302656,302656,302663,7,0
302656,302656,302663,7,0
302656,302656,302663,7,0
302656,302656,302663,7,0
302656,302656,302663,7,0
302656,302656,302663,7,0
302656,302661,302663,2,5
302656,302660,302663,3,4
302656,302661,302663,2,5
302656,302656,302663,7,0
302656,302656,302664,8,0
302656,302656,302664,8,0
302656,302656,302663,7,0
302656,302656,302664,8,0
302656,302656,302663,7,0
302656,302656,302664,8,0
302656,302661,302664,3,5
302656,302663,302664,1,7
302656,302662,302664,2,6
302656,302662,302664,2,6
302656,302663,302664,1,7
302656,302662,302664,2,6
302656,302662,302664,2,6
302656,302662,302664,2,6
302656,302663,302664,1,7
302656,302663,302664,1,7
302656,302662,302665,3,6
302656,302656,302664,8,0
302656,302656,302665,9,0
302656,302662,302665,3,6
302656,302663,302665,2,7
302656,302661,302665,4,5
302656,302662,302665,3,6
302656,302656,302665,9,0
302656,302663,302665,2,7
302656,302656,302665,9,0
302656,302662,302665,3,6
302656,302656,302666,10,0
302656,302662,302666,4,6
302656,302662,302666,4,6
302656,302663,302666,3,7
302656,302656,302667,11,0
302656,302656,302668,12,0
302656,302656,302667,11,0
302656,302656,302668,12,0
302656,302656,302668,12,0
302656,302656,302669,13,0
302656,302656,302669,13,0
302656,302656,302670,14,0
302680,302680,302681,1,0
302680,302680,302681,1,0
302680,302680,302681,1,0
302680,302680,302681,1,0
302680,302680,302681,1,0
302680,302680,302681,1,0
302680,302680,302682,2,0
302680,302681,302682,1,1
302680,302682,302683,1,2
302680,302680,302684,4,0
302680,302680,302684,4,0
302680,302682,302684,2,2
302680,302682,302684,2,2
302680,302682,302684,2,2
302680,302680,302685,5,0
302680,302680,302684,4,0
302680,302680,302685,5,0
302680,302682,302684,2,2
302680,302683,302685,2,3
302680,302682,302684,2,2
302680,302683,302685,2,3
302680,302680,302686,6,0
302680,302684,302686,2,4
302680,302680,302686,6,0
302680,302680,302687,7,0
302680,302680,302687,7,0
302680,302684,302687,3,4
302680,302680,302686,6,0
302680,302684,302686,2,4
302680,302680,302686,6,0
302680,302680,302687,7,0
302680,302680,302687,7,0
302680,302686,302687,1,6
302680,302685,302687,2,5
302680,302685,302687,2,5
302680,302685,302687,2,5
302680,302685,302687,2,5
302680,302680,302687,7,0
302680,302684,302687,3,4
302680,302680,302688,8,0
302680,302680,302688,8,0
302680,302684,302687,3,4
302680,302680,302688,8,0
302680,302680,302687,7,0
302680,302680,302688,8,0
302680,302686,302687,1,6
302680,302686,302687,1,6
302680,302687,302688,1,7
302680,302687,302688,1,7
302680,302680,302688,8,0
302680,302687,302688,1,7
302680,302687,302688,1,7
302680,302680,302688,8,0
302680,302687,302689,2,7
302680,302680,302688,8,0
302680,302680,302689,9,0
302680,302685,302689,4,5
302680,302680,302689,9,0
302680,302687,302689,2,7
302680,302687,302688,1,7
302680,302687,302689,2,7
302680,302687,302688,1,7
302680,302680,302688,8,0
302680,302687,302688,1,7
302680,302687,302688,1,7
302680,302680,302690,10,0
302680,302685,302689,4,5
302680,302680,302690,10,0
302680,302685,302689,4,5
302680,302680,302690,10,0
302680,302680,302691,11,0
302680,302680,302690,10,0
302680,302680,302691,11,0
302680,302680,302691,11,0
302680,302680,302691,11,0
302680,302680,302691,11,0
302680,302680,302691,11,0
302680,302680,302692,12,0
302680,302680,302693,13,0
302704,302704,302705,1,0
302704,302704,302705,1,0
302704,302704,302705,1,0
302704,302704,302705,1,0
302704,302704,302705,1,0
302704,302704,302705,1,0
302704,302704,302705,1,0
302704,302706,302708,2,2
302704,302706,302708,2,2
302704,302706,302708,2,2
302704,302706,302708,2,2
302704,302706,302708,2,2
302704,302704,302709,5,0
302704,302706,302709,3,2
302704,302706,302709,3,2
302704,302704,302709,5,0
302704,302704,302709,5,0
302704,302704,302710,6,0
302704,302704,302710,6,0
302704,302708,302710,2,4
302704,302708,302710,2,4
302704,302704,302711,7,0
302704,302704,302710,6,0
302704,302704,302711,7,0
302704,302704,302710,6,0
302704,302704,302711,7,0
302704,302704,302710,6,0
302704,302704,302711,7,0
302704,302708,302710,2,4
302704,302704,302711,7,0
302704,302704,302711,7,0
302704,302708,302710,2,4
302704,302709,302711,2,5
302704,302709,302711,2,5
302704,302708,302710,2,4
302704,302704,302711,7,0
302704,302704,302711,7,0
302704,302709,302711,2,5
302704,302704,302711,7,0
302704,302704,302711,7,0
302704,302704,302712,8,0
302704,302704,302712,8,0
302704,302704,302712,8,0
302704,302704,302711,7,0
302704,302704,302712,8,0
302704,302709,302712,3,5
302704,302704,302712,8,0
302704,302704,302712,8,0
302704,302704,302712,8,0
302704,302704,302712,8,0
302704,302704,302712,8,0
302704,302711,302712,1,7
302704,302711,302712,1,7
302704,302704,302712,8,0
302704,302711,302712,1,7
302704,302710,302711,1,6
302704,302710,302712,2,6
302704,302710,302712,2,6
302704,302710,302713,3,6
302704,302704,302712,8,0
302704,302711,302713,2,7
302704,302704,302712,8,0
302704,302711,302712,1,7
302704,302711,302712,1,7
302704,302711,302712,1,7
302704,302711,302713,2,7
302704,302704,302713,9,0
302704,302711,302713,2,7
302704,302704,302714,10,0
302704,302711,302713,2,7
302704,302711,302714,3,7
302704,302710,302713,3,6
302704,302711,302713,2,7
302704,302711,302713,2,7
302704,302711,302714,3,7
302704,302704,302714,10,0
302704,302704,302713,9,0
302704,302704,302715,11,0
302704,302704,302717,13,0
302728,302728,302729,1,0
302728,302728,302729,1,0
302728,302728,302729,1,0
302728,302728,302729,1,0
302728,302728,302729,1,0
302728,302728,302730,2,0
302728,302728,302730,2,0
302728,302729,302732,3,1
302728,302729,302731,2,1
302728,302730,302732,2,2
302728,302728,302732,4,0
302728,302728,302733,5,0
302728,302730,302733,3,2
302728,302730,302733,3,2
302728,302730,302732,2,2
302728,302728,302734,6,0
302728,302728,302734,6,0
302728,302728,302734,6,0
302728,302728,302734,6,0
302728,302728,302734,6,0
302728,302728,302733,5,0
302728,302730,302733,3,2
302728,302732,302734,2,4
302728,302732,302734,2,4
302728,302728,302735,7,0
302728,302728,302734,6,0
302728,302728,302735,7,0
302728,302728,302735,7,0
302728,302728,302735,7,0
302728,302728,302735,7,0
302728,302733,302735,2,5
302728,302728,302735,7,0
302728,302733,302735,2,5
302728,302734,302735,1,6
302728,302728,302735,7,0
302728,302733,302735,2,5
302728,302734,302735,1,6
302728,302728,302735,7,0
302728,302728,302735,7,0
302728,302732,302735,3,4
302728,302728,302736,8,0
302728,302728,302735,7,0
302728,302728,302736,8,0
302728,302728,302736,8,0
302728,302734,302736,2,6
302728,302733,302735,2,5
302728,302735,302736,1,7
302728,302735,302736,1,7
302728,302728,302735,7,0
302728,302734,302736,2,6
302728,302734,302736,2,6
302728,302728,302736,8,0
302728,302728,302736,8,0
302728,302734,302735,1,6
302728,302734,302735,1,6
302728,302735,302736,1,7
302728,302733,302737,4,5
302728,302728,302736,8,0
302728,302734,302737,3,6
302728,302728,302737,9,0
302728,302734,302737,3,6
302728,302728,302737,9,0
302728,302735,302737,2,7
302728,302728,302737,9,0
302728,302735,302736,1,7
302728,302735,302737,2,7
302728,302735,302737,2,7
302728,302728,302738,10,0
302728,302728,302737,9,0
302728,302735,302738,3,7
302728,302735,302738,3,7
302728,302735,302738,3,7
302728,302735,302737,2,7
302728,302728,302738,10,0
302728,302728,302740,12,0
302728,302728,302740,12,0
302728,302728,302741,13,0
302728,302728,302741,13,0
302728,302728,302746,18,0
302757,302757,302758,1,0
302757,302757,302758,1,0
302757,302757,302758,1,0
302757,302757,302758,1,0
302757,302757,302758,1,0
302757,302757,302758,1,0
302757,302757,302758,1,0
302757,302758,302760,2,1
302757,302758,302760,2,1
302757,302758,302760,2,1
302757,302760,302761,1,3
302757,302757,302761,4,0
302757,302760,302761,1,3
302757,302758,302760,2,1
302757,302759,302760,1,2
302757,302759,302760,1,2
302757,302759,302761,2,2
302757,302760,302762,2,3
302757,302757,302763,6,0
302757,302757,302763,6,0
302757,302757,302762,5,0
302757,302757,302762,5,0
302757,302761,302763,2,4
302757,302761,302763,2,4
302757,302761,302763,2,4
302757,302757,302762,5,0
302757,302761,302763,2,4
302757,302761,302762,1,4
302757,302757,302763,6,0
302757,302757,302764,7,0
302757,302757,302764,7,0
302757,302757,302764,7,0
302757,302757,302764,7,0
302757,302762,302764,2,5
302757,302757,302763,6,0
302757,302757,302763,6,0
302757,302763,302764,1,6
302757,302757,302763,6,0
302757,302763,302764,1,6
302757,302761,302763,2,4
302757,302763,302764,1,6
302757,302762,302763,1,5
302757,302763,302764,1,6
302757,302757,302765,8,0
302757,302757,302764,7,0
302757,302757,302764,7,0
302757,302757,302765,8,0
302757,302757,302765,8,0
302757,302757,302765,8,0
302757,302764,302765,1,7
302757,302763,302765,2,6
302757,302757,302765,8,0
302757,302763,302764,1,6
302757,302763,302764,1,6
302757,302757,302764,7,0
302757,302757,302765,8,0
302757,302757,302765,8,0
302757,302757,302765,8,0
302757,302764,302766,2,7
302757,302757,302766,9,0
302757,302763,302765,2,6
302757,302763,302766,3,6
302757,302763,302766,3,6
302757,302764,302765,1,7
302757,302757,302765,8,0
302757,302757,302765,8,0
302757,302757,302766,9,0
302757,302757,302766,9,0
302757,302764,302766,2,7
302757,302764,302766,2,7
302757,302764,302766,2,7
302757,302764,302766,2,7
302757,302757,302767,10,0
302757,302757,302767,10,0
302757,302757,302769,12,0
302757,302757,302769,12,0
302757,302757,302770,13,0
302757,302757,302772,15,0
302757,302757,302772,15,0
302783,302783,302784,1,0
302783,302783,302785,2,0
302783,302783,302784,1,0
302783,302783,302784,1,0
302783,302783,302784,1,0
302783,302783,302784,1,0
302783,302783,302784,1,0
302783,302785,302786,1,2
302783,302785,302786,1,2
302783,302785,302786,1,2
302783,302785,302786,1,2
302783,302783,302786,3,0
302783,302785,302787,2,2
302783,302785,302787,2,2
302783,302783,302787,4,0
302783,302783,302787,4,0
302783,302783,302788,5,0
302783,302787,302788,1,4
302783,302783,302788,5,0
302783,302783,302789,6,0
302783,302783,302788,5,0
302783,302783,302788,5,0
302783,302783,302789,6,0
302783,302787,302788,1,4
302783,302788,302789,1,5
302783,302785,302788,3,2
302783,302788,302789,1,5
302783,302787,302788,1,4
302783,302787,302788,1,4
302783,302787,302788,1,4
302783,302783,302789,6,0
302783,302783,302789,6,0
302783,302783,302789,6,0
302783,302783,302789,6,0
302783,302783,302789,6,0
302783,302788,302789,1,5
302783,302789,302790,1,6
302783,302783,302789,6,0
302783,302787,302789,2,4
302783,302783,302789,6,0
302783,302783,302789,6,0
302783,302788,302789,1,5
302783,302789,302790,1,6
302783,302788,302789,1,5
302783,302789,302790,1,6
302783,302789,302790,1,6
302783,302783,302790,7,0
302783,302783,302791,8,0
302783,302783,302790,7,0
302783,302783,302790,7,0
302783,302783,302790,7,0
302783,302783,302790,7,0
302783,302789,302790,1,6
302783,302790,302791,1,7
302783,302783,302790,7,0
302783,302789,302790,1,6
302783,302789,302790,1,6
302783,302789,302790,1,6
302783,302783,302790,7,0
302783,302789,302791,2,6
302783,302783,302791,8,0
302783,302790,302792,2,7
302783,302789,302791,2,6
302783,302783,302791,8,0
302783,302789,302791,2,6
302783,302783,302791,8,0
302783,302789,302791,2,6
302783,302790,302792,2,7
302783,302783,302792,9,0
302783,302783,302791,8,0
302783,302783,302793,10,0
302783,302783,302793,10,0
302783,302790,302792,2,7
302783,302790,302792,2,7
302783,302783,302794,11,0
302783,302783,302794,11,0
302783,302783,302798,15,0
302783,302783,302800,17,0
302783,302783,302801,18,0
302811,302811,302812,1,0
302811,302811,302812,1,0
302811,302811,302812,1,0
302811,302811,302812,1,0
302811,302811,302812,1,0
302811,302811,302812,1,0
302811,302811,302812,1,0
302811,302813,302815,2,2
302811,302813,302815,2,2
302811,302811,302814,3,0
302811,302812,302815,3,1
302811,302812,302814,2,1
302811,302812,302815,3,1
302811,302813,302815,2,2
302811,302811,302816,5,0
302811,302811,302816,5,0
302811,302813,302815,2,2
302811,302811,302817,6,0
302811,302811,302817,6,0
302811,302811,302817,6,0
302811,302811,302817,6,0
302811,302811,302816,5,0
302811,302811,302817,6,0
302811,302815,302817,2,4
302811,302811,302817,6,0
302811,302815,302817,2,4
302811,302815,302817,2,4
302811,302815,302816,1,4
302811,302815,302817,2,4
302811,302815,302817,2,4
302811,302811,302817,6,0
302811,302811,302817,6,0
302811,302811,302818,7,0
302811,302811,302818,7,0
302811,302815,302818,3,4
302811,302811,302818,7,0
302811,302817,302818,1,6
302811,302811,302818,7,0
302811,302816,302817,1,5
302811,302816,302817,1,5
302811,302817,302818,1,6
302811,302811,302818,7,0
302811,302811,302819,8,0
302811,302817,302819,2,6
302811,302816,302818,2,5
302811,302811,302818,7,0
302811,302811,302819,8,0
302811,302811,302818,7,0
302811,302817,302819,2,6
302811,302811,302818,7,0
302811,302817,302818,1,6
302811,302817,302818,1,6
302811,302811,302819,8,0
302811,302817,302818,1,6
302811,302817,302819,2,6
302811,302811,302819,8,0
302811,302817,302818,1,6
302811,302811,302818,7,0
302811,302817,302819,2,6
302811,302811,302819,8,0
302811,302817,302819,2,6
302811,302811,302820,9,0
302811,302817,302819,2,6
302811,302817,302819,2,6
302811,302811,302819,8,0
302811,302811,302820,9,0
302811,302818,302819,1,7
302811,302818,302820,2,7
302811,302811,302820,9,0
302811,302811,302821,10,0
302811,302818,302820,2,7
302811,302818,302820,2,7
302811,302811,302822,11,0
302811,302818,302821,3,7
302811,302811,302826,15,0
302811,302811,302826,15,0
302811,302811,302827,16,0
302811,302811,302827,16,0
302811,302811,302827,16,0
302837,302837,302839,2,0
302837,302837,302839,2,0
302837,302837,302839,2,0
302837,302837,302839,2,0
302837,302837,302839,2,0
302837,302837,302839,2,0
302837,302837,302839,2,0
302837,302837,302842,5,0
302837,302840,302842,2,3
302837,302840,302842,2,3
302837,302840,302842,2,3
302837,302840,302842,2,3
302837,302840,302842,2,3
302837,302838,302843,5,1
302837,302838,302843,5,1
302837,302838,302843,5,1
302837,302838,302843,5,1
302837,302840,302843,3,3
302837,302840,302843,3,3
302837,302842,302843,1,5
302837,302837,302843,6,0
302837,302838,302843,5,1
302837,302838,302844,6,1
302837,302838,302844,6,1
302837,302838,302844,6,1
302837,302838,302844,6,1
302837,302838,302844,6,1
302837,302838,302844,6,1
302837,302837,302844,7,0
302837,302837,302845,8,0
302837,302837,302845,8,0
302837,302838,302844,6,1
302837,302843,302844,1,6
302837,302837,302844,7,0
302837,302843,302844,1,6
302837,302844,302845,1,7
302837,302837,302844,7,0
302837,302843,302844,1,6
302837,302844,302845,1,7
302837,302843,302844,1,6
302837,302843,302844,1,6
302837,302844,302845,1,7
302837,302838,302846,8,1
302837,302838,302845,7,1
302837,302844,302845,1,7
302837,302845,302846,1,8
302837,302845,302846,1,8
302837,302837,302845,8,0
302837,302845,302846,1,8
302837,302837,302845,8,0
302837,302838,302845,7,1
302837,302845,302846,1,8
302837,302844,302845,1,7
302837,302845,302846,1,8
302837,302837,302846,9,0
302837,302838,302846,8,1
302837,302844,302846,2,7
302837,302845,302846,1,8
302837,302844,302846,2,7
302837,302845,302847,2,8
302837,302837,302846,9,0
302837,302844,302846,2,7
302837,302844,302846,2,7
302837,302837,302846,9,0
302837,302845,302846,1,8
302837,302845,302846,1,8
302837,302845,302846,1,8
302837,302838,302847,9,1
302837,302845,302847,2,8
302837,302837,302847,10,0
302837,302845,302847,2,8
302837,302845,302847,2,8
302837,302837,302848,11,0
302837,302838,302848,10,1
302837,302837,302849,12,0
302837,302837,302850,13,0
302837,302837,302850,13,0
302837,302837,302853,16,0
302837,302837,302856,19,0
302866,302866,302867,1,0
302866,302866,302868,2,0
302866,302866,302867,1,0
302866,302866,302867,1,0
302866,302866,302867,1,0
302866,302866,302867,1,0
302866,302866,302867,1,0
302866,302868,302870,2,2
302866,302868,302870,2,2
302866,302868,302870,2,2
302866,302866,302870,4,0
302866,302868,302870,2,2
302866,302868,302871,3,2
302866,302866,302871,5,0
302866,302866,302872,6,0
302866,302866,302872,6,0
302866,302866,302871,5,0
302866,302866,302872,6,0
302866,302866,302872,6,0
302866,302866,302871,5,0
302866,302868,302872,4,2
302866,302870,302872,2,4
302866,302868,302871,3,2
302866,302870,302872,2,4
302866,302870,302872,2,4
302866,302870,302872,2,4
302866,302866,302873,7,0
302866,302866,302873,7,0
302866,302866,302873,7,0
302866,302866,302873,7,0
302866,302866,302873,7,0
302866,302866,302873,7,0
302866,302872,302873,1,6
302866,302866,302873,7,0
302866,302871,302873,2,5
302866,302872,302873,1,6
302866,302866,302873,7,0
302866,302871,302873,2,5
302866,302872,302873,1,6
302866,302866,302874,8,0
302866,302866,302873,7,0
302866,302866,302874,8,0
302866,302866,302874,8,0
302866,302866,302873,7,0
302866,302866,302874,8,0
302866,302872,302873,1,6
302866,302873,302874,1,7
302866,302866,302873,7,0
302866,302872,302874,2,6
302866,302866,302873,7,0
302866,302872,302873,1,6
302866,302873,302874,1,7
302866,302872,302873,1,6
302866,302873,302874,1,7
302866,302866,302873,7,0
302866,302873,302874,1,7
302866,302873,302874,1,7
302866,302873,302875,2,7
302866,302872,302875,3,6
302866,302866,302875,9,0
302866,302872,302875,3,6
302866,302872,302874,2,6
302866,302872,302874,2,6
302866,302872,302875,3,6
302866,302872,302874,2,6
302866,302873,302875,2,7
302866,302866,302875,9,0
302866,302866,302874,8,0
302866,302873,302875,2,7
302866,302866,302876,10,0
302866,302873,302875,2,7
302866,302866,302876,10,0
302866,302866,302875,9,0
302866,302866,302877,11,0
302866,302866,302878,12,0
302866,302866,302879,13,0
302866,302866,302882,16,0
302866,302866,302883,17,0
302866,302866,302883,17,0
302893,302893,302894,1,0
302893,302893,302894,1,0
302893,302893,302894,1,0
302893,302893,302894,1,0
302893,302893,302895,2,0
302893,302893,302894,1,0
302893,302893,302895,2,0
302893,302894,302896,2,1
302893,302894,302896,2,1
302893,302894,302897,3,1
302893,302895,302897,2,2
302893,302895,302897,2,2
302893,302895,302897,2,2
302893,302893,302898,5,0
302893,302893,302898,5,0
302893,302896,302898,2,3
302893,302895,302898,3,2
302893,302893,302899,6,0
302893,302893,302899,6,0
302893,302897,302899,2,4
302893,302896,302898,2,3
302893,302898,302899,1,5
302893,302893,302899,6,0
302893,302897,302899,2,4
302893,302897,302899,2,4
302893,302897,302898,1,4
302893,302898,302899,1,5
302893,302893,302900,7,0
302893,302893,302900,7,0
302893,302893,302899,6,0
302893,302898,302900,2,5
302893,302898,302900,2,5
302893,302893,302900,7,0
302893,302899,302900,1,6
302893,302893,302900,7,0
302893,302893,302900,7,0
302893,302893,302900,7,0
302893,302899,302900,1,6
302893,302893,302900,7,0
302893,302893,302900,7,0
302893,302900,302901,1,7
302893,302893,302901,8,0
302893,302893,302901,8,0
302893,302893,302901,8,0
302893,302893,302901,8,0
302893,302893,302901,8,0
302893,302899,302901,2,6
302893,302900,302901,1,7
302893,302900,302901,1,7
302893,302901,302902,1,8
302893,302900,302901,1,7
302893,302893,302902,9,0
302893,302900,302902,2,7
302893,302893,302902,9,0
302893,302899,302902,3,6
302893,302893,302902,9,0
302893,302893,302902,9,0
302893,302900,302902,2,7
302893,302893,302902,9,0
302893,302899,302902,3,6
302893,302893,302902,9,0
302893,302893,302903,10,0
302893,302900,302903,3,7
302893,302893,302902,9,0
302893,302900,302902,2,7
302893,302893,302903,10,0
302893,302900,302902,2,7
302893,302893,302903,10,0
302893,302893,302904,11,0
302893,302893,302904,11,0
302893,302893,302904,11,0
302893,302893,302905,12,0
302893,302893,302905,12,0
302893,302893,302907,14,0
302893,302893,302908,15,0
302893,302893,302908,15,0
302918,302918,302919,1,0
302918,302918,302919,1,0
302918,302918,302919,1,0
302918,302918,302919,1,0
302918,302918,302920,2,0
302918,302918,302919,1,0
302918,302918,302919,1,0
302918,302920,302921,1,2
302918,302919,302921,2,1
302918,302919,302922,3,1
302918,302920,302921,1,2
302918,302920,302922,2,2
302918,302918,302922,4,0
302918,302920,302921,1,2
302918,302920,302922,2,2
302918,302922,302923,1,4
302918,302921,302922,1,3
302918,302921,302923,2,3
302918,302922,302923,1,4
302918,302918,302924,6,0
302918,302918,302924,6,0
302918,302918,302924,6,0
302918,302918,302923,5,0
302918,302922,302924,2,4
302918,302923,302924,1,5
302918,302922,302923,1,4
302918,302923,302924,1,5
302918,302923,302924,1,5
302918,302918,302925,7,0
302918,302918,302925,7,0
302918,302918,302925,7,0
302918,302918,302925,7,0
302918,302918,302924,6,0
302918,302918,302925,7,0
302918,302923,302924,1,5
302918,302918,302925,7,0
302918,302922,302924,2,4
302918,302924,302925,1,6
302918,302924,302925,1,6
302918,302918,302925,7,0
302918,302924,302925,1,6
302918,302923,302925,2,5
302918,302918,302926,8,0
302918,302924,302926,2,6
302918,302918,302925,7,0
302918,302918,302926,8,0
302918,302925,302926,1,7
302918,302918,302926,8,0
302918,302924,302925,1,6
302918,302918,302926,8,0
302918,302924,302925,1,6
302918,302918,302927,9,0
302918,302924,302926,2,6
302918,302918,302926,8,0
302918,302924,302927,3,6
302918,302925,302927,2,7
302918,302918,302927,9,0
302918,302924,302926,2,6
302918,302918,302926,8,0
302918,302918,302927,9,0
302918,302918,302926,8,0
302918,302925,302928,3,7
302918,302918,302927,9,0
302918,302918,302927,9,0
302918,302918,302928,10,0
302918,302918,302928,10,0
302918,302925,302928,3,7
302918,302925,302928,3,7
302918,302918,302927,9,0
302918,302925,302928,3,7
302918,302925,302927,2,7
302918,302918,302929,11,0
302918,302918,302929,11,0
302918,302918,302930,12,0
302918,302918,302930,12,0
302918,302918,302931,13,0
302918,302918,302930,12,0
302918,302918,302931,13,0
302918,302918,302935,17,0
302944,302944,302945,1,0
302944,302944,302945,1,0
302944,302944,302945,1,0
302944,302944,302946,2,0
302944,302944,302946,2,0
302944,302944,302946,2,0
302944,302944,302945,1,0
302944,302945,302946,1,1
302944,302944,302947,3,0
302944,302946,302947,1,2
302944,302946,302947,1,2
302944,302944,302948,4,0
302944,302944,302948,4,0
302944,302944,302947,3,0
302944,302944,302948,4,0
302944,302944,302947,3,0
302944,302944,302948,4,0
302944,302944,302947,3,0
302944,302946,302948,2,2
302944,302946,302948,2,2
302944,302946,302948,2,2
302944,302946,302948,2,2
302944,302947,302948,1,3
302944,302946,302948,2,2
302944,302947,302948,1,3
302944,302944,302948,4,0
302944,302947,302948,1,3
302944,302948,302949,1,4
302944,302948,302949,1,4
302944,302948,302949,1,4
302944,302948,302949,1,4
302944,302944,302950,6,0
302944,302944,302950,6,0
302944,302944,302949,5,0
302944,302948,302950,2,4
302944,302948,302950,2,4
302944,302949,302950,1,5
302944,302948,302950,2,4
302944,302949,302950,1,5
302944,302949,302950,1,5
302944,302944,302951,7,0
302944,302948,302951,3,4
302944,302948,302951,3,4
302944,302948,302951,3,4
302944,302944,302951,7,0
302944,302944,302951,7,0
302944,302944,302951,7,0
302944,302944,302950,6,0
302944,302949,302950,1,5
302944,302949,302950,1,5
302944,302944,302952,8,0
302944,302948,302952,4,4
302944,302949,302951,2,5
302944,302944,302952,8,0
302944,302944,302951,7,0
302944,302948,302951,3,4
302944,302948,302951,3,4
302944,302944,302952,8,0
302944,302944,302952,8,0
302944,302950,302952,2,6
302944,302944,302951,7,0
302944,302948,302952,4,4
302944,302950,302952,2,6
302944,302944,302952,8,0
302944,302944,302952,8,0
302944,302950,302953,3,6
302944,302950,302952,2,6
302944,302944,302952,8,0
302944,302944,302953,9,0
302944,302944,302954,10,0
302944,302944,302954,10,0
302944,302944,302954,10,0
302944,302944,302953,9,0
302944,302944,302954,10,0
302944,302944,302955,11,0
302944,302944,302956,12,0
302944,302944,302956,12,0
302944,302944,302956,12,0
302944,302944,302962,18,0
302972,302972,302973,1,0
302972,302972,302973,1,0
302972,302972,302973,1,0
302972,302972,302973,1,0
302972,302972,302973,1,0
302972,302972,302974,2,0
302972,302972,302973,1,0
302972,302973,302974,1,1
302972,302972,302975,3,0
302972,302972,302975,3,0
302972,302972,302975,3,0
302972,302972,302975,3,0
302972,302972,302975,3,0
302972,302974,302976,2,2
302972,302974,302975,1,2
302972,302974,302975,1,2
302972,302974,302975,1,2
302972,302974,302975,1,2
302972,302974,302975,1,2
302972,302972,302976,4,0
302972,302972,302977,5,0
302972,302972,302976,4,0
302972,302975,302976,1,3
302972,302972,302978,6,0
302972,302972,302977,5,0
302972,302972,302977,5,0
302972,302976,302978,2,4
302972,302976,302978,2,4
302972,302976,302978,2,4
302972,302977,302978,1,5
302972,302976,302978,2,4
302972,302972,302978,6,0
302972,302976,302979,3,4
302972,302976,302978,2,4
302972,302976,302979,3,4
302972,302972,302979,7,0
302972,302976,302978,2,4
302972,302976,302979,3,4
302972,302972,302979,7,0
302972,302972,302979,7,0
302972,302978,302979,1,6
302972,302972,302979,7,0
302972,302977,302978,1,5
302972,302972,302980,8,0
302972,302972,302980,8,0
302972,302979,302980,1,7
302972,302972,302979,7,0
302972,302976,302980,4,4
302972,302972,302980,8,0
302972,302978,302980,2,6
302972,302972,302980,8,0
302972,302977,302979,2,5
302972,302978,302979,1,6
302972,302978,302979,1,6
302972,302978,302979,1,6
302972,302978,302979,1,6
302972,302977,302980,3,5
302972,302979,302981,2,7
302972,302979,302981,2,7
302972,302972,302981,9,0
302972,302976,302981,5,4
302972,302978,302981,3,6
302972,302972,302980,8,0
302972,302978,302980,2,6
302972,302972,302981,9,0
302972,302972,302981,9,0
302972,302972,302982,10,0
302972,302972,302981,9,0
302972,302979,302981,2,7
302972,302972,302982,10,0
302972,302972,302982,10,0
302972,302972,302982,10,0
302972,302972,302983,11,0
302972,302972,302984,12,0
302972,302972,302983,11,0
302972,302972,302985,13,0
302972,302972,302987,15,0
302972,302972,302988,16,0
302972,302972,302988,16,0
302998,302998,302999,1,0
302998,302998,302999,1,0
302998,302998,302999,1,0
302998,302998,302999,1,0
302998,302998,302999,1,0
302998,302998,302999,1,0
302998,302998,302999,1,0
302998,302999,303000,1,1
302998,303000,303001,1,2
302998,303000,303001,1,2
302998,302998,303001,3,0
302998,303000,303001,1,2
302998,302998,303001,3,0
302998,302998,303001,3,0
302998,302998,303001,3,0
302998,302998,303002,4,0
302998,302998,303001,3,0
302998,302998,303001,3,0
302998,302999,303001,2,1
302998,302998,303001,3,0
302998,302998,303001,3,0
302998,302998,303001,3,0
302998,303000,303001,1,2
302998,303000,303001,1,2
302998,302998,303003,5,0
302998,302998,303002,4,0
302998,303001,303002,1,3
302998,303001,303003,2,3
302998,303002,303003,1,4
302998,303002,303004,2,4
302998,302998,303003,5,0
302998,302998,303003,5,0
302998,303001,303003,2,3
302998,303002,303003,1,4
302998,303003,303004,1,5
302998,302998,303005,7,0
302998,303002,303004,2,4
302998,302998,303004,6,0
302998,303002,303004,2,4
302998,302998,303004,6,0
302998,303002,303004,2,4
302998,303002,303004,2,4
302998,302998,303004,6,0
302998,303002,303004,2,4
302998,303003,303005,2,5
302998,303003,303004,1,5
302998,302998,303006,8,0
302998,302998,303005,7,0
302998,302998,303005,7,0
302998,303002,303005,3,4
302998,303003,303005,2,5
302998,302998,303006,8,0
302998,302998,303005,7,0
302998,303004,303005,1,6
302998,303004,303005,1,6
302998,303002,303005,3,4
302998,303002,303005,3,4
302998,303004,303005,1,6
302998,303004,303005,1,6
302998,303004,303005,1,6
302998,303002,303006,4,4
302998,303002,303006,4,4
302998,302998,303006,8,0
302998,302998,303006,8,0
302998,303004,303006,2,6
302998,302998,303006,8,0
302998,303004,303006,2,6
302998,302998,303006,8,0
302998,302998,303006,8,0
302998,302998,303007,9,0
302998,303002,303007,5,4
302998,302998,303008,10,0
302998,302998,303009,11,0
302998,302998,303009,11,0
302998,302998,303009,11,0
302998,302998,303009,11,0
302998,302998,303010,12,0
302998,302998,303010,12,0
302998,302998,303021,23,0
303032,303032,303033,1,0
303032,303032,303033,1,0
303032,303032,303033,1,0
303032,303032,303033,1,0
303032,303032,303034,2,0
303032,303032,303033,1,0
303032,303032,303033,1,0
303032,303032,303035,3,0
303032,303033,303035,2,1
303032,303034,303035,1,2
303032,303032,303036,4,0
303032,303032,303036,4,0
303032,303033,303035,2,1
303032,303034,303036,2,2
303032,303034,303036,2,2
303032,303034,303036,2,2
303032,303034,303036,2,2
303032,303032,303037,5,0
303032,303032,303036,4,0
303032,303032,303036,4,0
303032,303032,303036,4,0
303032,303032,303036,4,0
303032,303032,303036,4,0
303032,303032,303037,5,0
303032,303035,303037,2,3
303032,303035,303037,2,3
303032,303035,303037,2,3
303032,303032,303037,5,0
303032,303032,303037,5,0
303032,303032,303037,5,0
303032,303036,303038,2,4
303032,303037,303038,1,5
303032,303037,303038,1,5
303032,303036,303038,2,4
303032,303032,303038,6,0
303032,303032,303039,7,0
303032,303036,303039,3,4
303032,303032,303039,7,0
303032,303032,303039,7,0
303032,303036,303039,3,4
303032,303037,303038,1,5
303032,303036,303038,2,4
303032,303032,303040,8,0
303032,303037,303040,3,5
303032,303032,303039,7,0
303032,303037,303039,2,5
303032,303037,303040,3,5
303032,303032,303040,8,0
303032,303032,303040,8,0
303032,303032,303040,8,0
303032,303032,303040,8,0
303032,303037,303039,2,5
303032,303032,303040,8,0
303032,303037,303039,2,5
303032,303032,303040,8,0
303032,303032,303040,8,0
303032,303038,303040,2,6
303032,303032,303040,8,0
303032,303032,303040,8,0
303032,303038,303039,1,6
303032,303038,303039,1,6
303032,303032,303041,9,0
303032,303032,303040,8,0
303032,303032,303041,9,0
303032,303038,303041,3,6
303032,303039,303040,1,7
303032,303036,303040,4,4
303032,303032,303040,8,0
303032,303038,303041,3,6
303032,303032,303040,8,0
303032,303037,303042,5,5
303032,303038,303041,3,6
303032,303036,303042,6,4
303032,303032,303042,10,0
303032,303039,303041,2,7
303032,303037,303042,5,5
303032,303032,303043,11,0
303032,303032,303044,12,0
303032,303032,303045,13,0
303055,303055,303056,1,0
303055,303055,303056,1,0
303055,303055,303056,1,0
303055,303055,303057,2,0
303055,303055,303056,1,0
303055,303055,303057,2,0
303055,303055,303056,1,0
303055,303056,303058,2,1
303055,303057,303058,1,2
303055,303057,303058,1,2
303055,303055,303058,3,0
303055,303057,303058,1,2
303055,303058,303059,1,3
303055,303057,303059,2,2
303055,303057,303059,2,2
303055,303055,303060,5,0
303055,303055,303060,5,0
303055,303059,303060,1,4
303055,303059,303060,1,4
303055,303059,303060,1,4
303055,303059,303060,1,4
303055,303055,303061,6,0
303055,303060,303061,1,5
303055,303060,303062,2,5
303055,303061,303062,1,6
303055,303061,303062,1,6
303055,303061,303062,1,6
303055,303061,303062,1,6
303055,303055,303062,7,0
303055,303055,303062,7,0
303055,303062,303063,1,7
303055,303060,303062,2,5
303055,303062,303063,1,7
303055,303060,303062,2,5
303055,303062,303063,1,7
303055,303055,303063,8,0
303055,303061,303063,2,6
303055,303055,303063,8,0
303055,303055,303063,8,0
303055,303062,303063,1,7
303055,303062,303063,1,7
303055,303055,303063,8,0
303055,303055,303063,8,0
303055,303055,303063,8,0
303055,303063,303064,1,8
303055,303055,303063,8,0
303055,303055,303063,8,0
303055,303062,303063,1,7
303055,303062,303063,1,7
303055,303055,303064,9,0
303055,303062,303064,2,7
303055,303055,303064,9,0
303055,303055,303064,9,0
303055,303063,303064,1,8
303055,303055,303064,9,0
303055,303055,303064,9,0
303055,303063,303064,1,8
303055,303055,303065,10,0
303055,303055,303065,10,0
303055,303060,303065,5,5
303055,303055,303065,10,0
303055,303055,303065,10,0
303055,303063,303065,2,8
303055,303055,303065,10,0
303055,303055,303066,11,0
303055,303055,303066,11,0
303055,303055,303066,11,0
303055,303055,303066,11,0
303055,303055,303066,11,0
303055,303055,303066,11,0
303055,303055,303067,12,0
303055,303055,303067,12,0
303055,303055,303067,12,0
303055,303055,303068,13,0
303055,303055,303068,13,0
303055,303055,303068,13,0
303055,303055,303073,18,0
303083,303083,303084,1,0
303083,303083,303084,1,0
303083,303083,303085,2,0
303083,303083,303084,1,0
303083,303083,303085,2,0
303083,303083,303085,2,0
303083,303083,303085,2,0
303083,303083,303086,3,0
303083,303085,303086,1,2
303083,303085,303086,1,2
303083,303086,303087,1,3
303083,303086,303087,1,3
303083,303086,303087,1,3
303083,303086,303087,1,3
303083,303087,303088,1,4
303083,303087,303088,1,4
303083,303086,303088,2,3
303083,303088,303089,1,5
303083,303083,303089,6,0
303083,303083,303089,6,0
303083,303083,303089,6,0
303083,303088,303089,1,5
303083,303088,303089,1,5
303083,303088,303089,1,5
303083,303089,303090,1,6
303083,303088,303089,1,5
303083,303088,303089,1,5
303083,303083,303089,6,0
303083,303083,303090,7,0
303083,303083,303090,7,0
303083,303083,303090,7,0
303083,303083,303091,8,0
303083,303083,303090,7,0
303083,303090,303091,1,7
303083,303090,303091,1,7
303083,303089,303090,1,6
303083,303089,303090,1,6
303083,303090,303091,1,7
303083,303083,303091,8,0
303083,303083,303091,8,0
303083,303083,303091,8,0
303083,303083,303091,8,0
303083,303083,303091,8,0
303083,303090,303091,1,7
303083,303091,303092,1,8
303083,303083,303091,8,0
303083,303090,303091,1,7
303083,303090,303091,1,7
303083,303083,303091,8,0
303083,303090,303091,1,7
303083,303091,303092,1,8
303083,303083,303092,9,0
303083,303083,303092,9,0
303083,303083,303092,9,0
303083,303090,303092,2,7
303083,303083,303092,9,0
303083,303090,303092,2,7
303083,303090,303092,2,7
303083,303083,303092,9,0
303083,303091,303092,1,8
303083,303091,303092,1,8
303083,303091,303092,1,8
303083,303083,303093,10,0
303083,303083,303093,10,0
303083,303083,303093,10,0
303083,303083,303093,10,0
303083,303083,303093,10,0
303083,303091,303093,2,8
303083,303083,303093,10,0
303083,303083,303093,10,0
303083,303083,303094,11,0
303083,303083,303094,11,0
303083,303083,303094,11,0
303083,303083,303094,11,0
303083,303083,303097,14,0
303083,303083,303096,13,0
303083,303083,303097,14,0
303083,303083,303099,16,0
303109,303109,303110,1,0
303109,303109,303110,1,0
303109,303109,303110,1,0
303109,303109,303110,1,0
303109,303109,303110,1,0
303109,303109,303110,1,0
303109,303109,303110,1,0
303109,303110,303112,2,1
303109,303110,303112,2,1
303109,303109,303113,4,0
303109,303111,303113,2,2
303109,303112,303113,1,3
303109,303109,303113,4,0
303109,303111,303113,2,2
303109,303111,303113,2,2
303109,303111,303113,2,2
303109,303111,303113,2,2
303109,303109,303115,6,0
303109,303109,303115,6,0
303109,303112,303114,2,3
303109,303109,303115,6,0
303109,303113,303114,1,4
303109,303109,303115,6,0
303109,303109,303115,6,0
303109,303113,303115,2,4
303109,303109,303114,5,0
303109,303109,303115,6,0
303109,303113,303114,1,4
303109,303109,303116,7,0
303109,303109,303116,7,0
303109,303114,303116,2,5
303109,303114,303116,2,5
303109,303114,303116,2,5
303109,303115,303116,1,6
303109,303114,303115,1,5
303109,303115,303116,1,6
303109,303109,303117,8,0
303109,303109,303116,7,0
303109,303109,303117,8,0
303109,303109,303117,8,0
303109,303115,303117,2,6
303109,303109,303117,8,0
303109,303114,303117,3,5
303109,303115,303117,2,6
303109,303115,303117,2,6
303109,303109,303116,7,0
303109,303115,303117,2,6
303109,303115,303116,1,6
303109,303115,303117,2,6
303109,303109,303117,8,0
303109,303115,303117,2,6
303109,303115,303117,2,6
303109,303115,303116,1,6
303109,303109,303117,8,0
303109,303109,303117,8,0
303109,303109,303118,9,0
303109,303109,303118,9,0
303109,303109,303118,9,0
303109,303109,303117,8,0
303109,303109,303118,9,0
303109,303116,303117,1,7
303109,303116,303117,1,7
303109,303116,303118,2,7
303109,303116,303118,2,7
303109,303116,303117,1,7
303109,303116,303117,1,7
303109,303109,303118,9,0
303109,303109,303119,10,0
303109,303109,303119,10,0
303109,303109,303119,10,0
303109,303109,303119,10,0
303109,303116,303118,2,7
303109,303109,303119,10,0
303109,303109,303120,11,0
303109,303109,303120,11,0
303109,303109,303122,13,0
303109,303109,303123,14,0
303109,303109,303124,15,0
303109,303109,303126,17,0
303137,303137,303138,1,0
303137,303137,303138,1,0
303137,303137,303138,1,0
303137,303137,303138,1,0
303137,303137,303138,1,0
303137,303137,303138,1,0
303137,303137,303138,1,0
303137,303138,303139,1,1
303137,303138,303139,1,1
303137,303137,303140,3,0
303137,303139,303140,1,2
303137,303140,303141,1,3
303137,303137,303141,4,0
303137,303137,303142,5,0
303137,303137,303141,4,0
303137,303139,303141,2,2
303137,303139,303141,2,2
303137,303139,303141,2,2
303137,303137,303141,4,0
303137,303139,303141,2,2
303137,303140,303141,1,3
303137,303137,303142,5,0
303137,303139,303141,2,2
303137,303140,303141,1,3
303137,303137,303143,6,0
303137,303137,303143,6,0
303137,303137,303142,5,0
303137,303142,303143,1,5
303137,303141,303142,1,4
303137,303137,303143,6,0
303137,303137,303143,6,0
303137,303137,303143,6,0
303137,303137,303143,6,0
303137,303137,303143,6,0
303137,303137,303144,7,0
303137,303142,303144,2,5
303137,303142,303143,1,5
303137,303137,303143,6,0
303137,303142,303143,1,5
303137,303142,303143,1,5
303137,303142,303144,2,5
303137,303137,303143,6,0
303137,303142,303143,1,5
303137,303143,303144,1,6
303137,303142,303143,1,5
303137,303142,303143,1,5
303137,303142,303143,1,5
303137,303143,303144,1,6
303137,303137,303145,8,0
303137,303137,303144,7,0
303137,303137,303144,7,0
303137,303143,303144,1,6
303137,303143,303144,1,6
303137,303137,303145,8,0
303137,303142,303145,3,5
303137,303144,303146,2,7
303137,303137,303146,9,0
303137,303142,303145,3,5
303137,303143,303146,3,6
303137,303144,303146,2,7
303137,303144,303145,1,7
303137,303144,303145,1,7
303137,303137,303146,9,0
303137,303144,303146,2,7
303137,303137,303146,9,0
303137,303137,303147,10,0
303137,303143,303146,3,6
303137,303137,303146,9,0
303137,303137,303147,10,0
303137,303137,303148,11,0
303137,303137,303147,10,0
303137,303137,303148,11,0
303137,303137,303149,12,0
303137,303137,303148,11,0
303137,303137,303150,13,0
303137,303137,303150,13,0
303137,303137,303151,14,0
303137,303137,303152,15,0
303137,303137,303157,20,0
303166,303166,303167,1,0
303166,303166,303167,1,0
303166,303166,303168,2,0
303166,303166,303167,1,0
303166,303166,303168,2,0
303166,303166,303167,1,0
303166,303166,303168,2,0
303166,303167,303168,1,1
303166,303166,303169,3,0
303166,303166,303169,3,0
303166,303168,303169,1,2
303166,303166,303170,4,0
303166,303168,303170,2,2
303166,303168,303170,2,2
303166,303168,303170,2,2
303166,303168,303170,2,2
303166,303169,303170,1,3
303166,303166,303171,5,0
303166,303169,303171,2,3
303166,303166,303171,5,0
303166,303170,303171,1,4
303166,303170,303171,1,4
303166,303170,303171,1,4
303166,303166,303171,5,0
303166,303166,303172,6,0
303166,303166,303172,6,0
303166,303166,303172,6,0
303166,303171,303172,1,5
303166,303166,303172,6,0
303166,303171,303172,1,5
303166,303171,303172,1,5
303166,303166,303172,6,0
303166,303166,303172,6,0
303166,303171,303172,1,5
303166,303171,303172,1,5
303166,303166,303173,7,0
303166,303171,303173,2,5
303166,303166,303173,7,0
303166,303173,303174,1,7
303166,303166,303174,8,0
303166,303172,303173,1,6
303166,303172,303173,1,6
303166,303166,303173,7,0
303166,303172,303173,1,6
303166,303172,303173,1,6
303166,303173,303174,1,7
303166,303172,303173,1,6
303166,303173,303174,1,7
303166,303171,303174,3,5
303166,303166,303174,8,0
303166,303166,303174,8,0
303166,303172,303174,2,6
303166,303166,303174,8,0
303166,303173,303174,1,7
303166,303173,303174,1,7
303166,303173,303174,1,7
303166,303173,303174,1,7
303166,303173,303174,1,7
303166,303166,303175,9,0
303166,303166,303175,9,0
303166,303173,303175,2,7
303166,303166,303176,10,0
303166,303166,303176,10,0
303166,303173,303176,3,7
303166,303166,303176,10,0
303166,303166,303176,10,0
303166,303166,303176,10,0
303166,303166,303176,10,0
303166,303166,303176,10,0
303166,303166,303177,11,0
303166,303166,303178,12,0
303166,303166,303178,12,0
303166,303166,303178,12,0
303166,303166,303178,12,0
303166,303166,303180,14,0
303166,303166,303181,15,0
303166,303166,303182,16,0
303166,303166,303183,17,0
303193,303193,303194,1,0
303193,303193,303194,1,0
303193,303193,303194,1,0
303193,303193,303194,1,0
303193,303193,303195,2,0
303193,303193,303195,2,0
303193,303193,303194,1,0
303193,303194,303195,1,1
303193,303195,303196,1,2
303193,303194,303196,2,1
303193,303195,303196,1,2
303193,303194,303196,2,1
303193,303193,303197,4,0
303193,303193,303197,4,0
303193,303193,303197,4,0
303193,303193,303197,4,0
303193,303195,303197,2,2
303193,303196,303197,1,3
303193,303195,303197,2,2
303193,303193,303198,5,0
303193,303193,303198,5,0
303193,303193,303198,5,0
303193,303193,303198,5,0
303193,303193,303197,4,0
303193,303196,303197,1,3
303193,303193,303198,5,0
303193,303193,303198,5,0
303193,303193,303198,5,0
303193,303196,303198,2,3
303193,303196,303198,2,3
303193,303197,303198,1,4
303193,303193,303198,5,0
303193,303196,303198,2,3
303193,303193,303199,6,0
303193,303193,303199,6,0
303193,303193,303199,6,0
303193,303193,303198,5,0
303193,303193,303199,6,0
303193,303193,303199,6,0
303193,303193,303199,6,0
303193,303193,303199,6,0
303193,303197,303199,2,4
303193,303197,303199,2,4
303193,303197,303199,2,4
303193,303197,303200,3,4
303193,303193,303200,7,0
303193,303198,303200,2,5
303193,303197,303199,2,4
303193,303197,303200,3,4
303193,303198,303200,2,5
303193,303198,303200,2,5
303193,303193,303200,7,0
303193,303198,303200,2,5
303193,303199,303200,1,6
303193,303199,303200,1,6
303193,303198,303201,3,5
303193,303198,303201,3,5
303193,303198,303201,3,5
303193,303198,303201,3,5
303193,303193,303201,8,0
303193,303193,303201,8,0
303193,303193,303201,8,0
303193,303198,303202,4,5
303193,303198,303202,4,5
303193,303199,303201,2,6
303193,303198,303202,4,5
303193,303199,303202,3,6
303193,303193,303203,10,0
303193,303193,303204,11,0
303193,303193,303204,11,0
303193,303193,303205,12,0
303193,303193,303205,12,0
303193,303193,303205,12,0
303193,303193,303205,12,0
303193,303193,303206,13,0
303193,303193,303207,14,0
303193,303193,303207,14,0
303193,303193,303208,15,0
303218,303218,303219,1,0
303218,303218,303219,1,0
303218,303218,303219,1,0
303218,303218,303219,1,0
303218,303218,303220,2,0
303218,303218,303219,1,0
303218,303218,303219,1,0
303218,303219,303220,1,1
303218,303220,303222,2,2
303218,303218,303221,3,0
303218,303220,303222,2,2
303218,303220,303222,2,2
303218,303220,303222,2,2
303218,303220,303222,2,2
303218,303218,303223,5,0
303218,303218,303222,4,0
303218,303220,303222,2,2
303218,303220,303222,2,2
303218,303218,303223,5,0
303218,303218,303223,5,0
303218,303218,303224,6,0
303218,303218,303223,5,0
303218,303218,303223,5,0
303218,303218,303223,5,0
303218,303218,303224,6,0
303218,303218,303224,6,0
303218,303218,303223,5,0
303218,303218,303223,5,0
303218,303222,303224,2,4
303218,303218,303224,6,0
303218,303222,303224,2,4
303218,303222,303224,2,4
303218,303218,303224,6,0
303218,303222,303223,1,4
303218,303223,303224,1,5
303218,303218,303225,7,0
303218,303222,303225,3,4
303218,303218,303224,6,0
303218,303218,303224,6,0
303218,303218,303224,6,0
303218,303218,303225,7,0
303218,303218,303225,7,0
303218,303223,303224,1,5
303218,303218,303225,7,0
303218,303222,303224,2,4
303218,303224,303225,1,6
303218,303218,303225,7,0
303218,303224,303225,1,6
303218,303224,303225,1,6
303218,303218,303225,7,0
303218,303224,303225,1,6
303218,303223,303225,2,5
303218,303223,303226,3,5
303218,303224,303225,1,6
303218,303218,303225,7,0
303218,303224,303225,1,6
303218,303224,303226,2,6
303218,303224,303225,1,6
303218,303224,303227,3,6
303218,303224,303227,3,6
303218,303224,303226,2,6
303218,303224,303227,3,6
303218,303224,303227,3,6
303218,303218,303227,9,0
303218,303218,303226,8,0
303218,303224,303227,3,6
303218,303224,303228,4,6
303218,303224,303227,3,6
303218,303218,303228,10,0
303218,303224,303228,4,6
303218,303218,303229,11,0
303218,303218,303230,12,0
303218,303218,303230,12,0
303218,303218,303229,11,0
303218,303218,303230,12,0
303218,303218,303231,13,0
303218,303218,303231,13,0
303218,303218,303232,14,0
303218,303218,303232,14,0
303242,303242,303243,1,0
303242,303242,303244,2,0
303242,303242,303244,2,0
303242,303242,303244,2,0
303242,303242,303244,2,0
303242,303242,303244,2,0
303242,303242,303244,2,0
303242,303243,303245,2,1
303242,303244,303246,2,2
303242,303245,303246,1,3
303242,303242,303246,4,0
303242,303245,303246,1,3
303242,303245,303246,1,3
303242,303245,303247,2,3
303242,303245,303246,1,3
303242,303242,303247,5,0
303242,303242,303247,5,0
303242,303242,303247,5,0
303242,303242,303247,5,0
303242,303242,303247,5,0
303242,303246,303247,1,4
303242,303242,303248,6,0
303242,303242,303248,6,0
303242,303242,303248,6,0
303242,303242,303248,6,0
303242,303242,303248,6,0
303242,303247,303248,1,5
303242,303242,303248,6,0
303242,303242,303248,6,0
303242,303242,303248,6,0
303242,303247,303249,2,5
303242,303247,303248,1,5
303242,303242,303249,7,0
303242,303242,303249,7,0
303242,303242,303249,7,0
303242,303247,303249,2,5
303242,303247,303249,2,5
303242,303247,303249,2,5
303242,303242,303249,7,0
303242,303249,303250,1,7
303242,303249,303250,1,7
303242,303242,303249,7,0
303242,303248,303249,1,6
303242,303248,303250,2,6
303242,303248,303250,2,6
303242,303248,303250,2,6
303242,303249,303251,2,7
303242,303248,303250,2,6
303242,303249,303250,1,7
303242,303242,303250,8,0
303242,303247,303250,3,5
303242,303242,303251,9,0
303242,303249,303250,1,7
303242,303250,303251,1,8
303242,303242,303250,8,0
303242,303249,303250,1,7
303242,303249,303250,1,7
303242,303249,303251,2,7
303242,303250,303251,1,8
303242,303242,303251,9,0
303242,303249,303251,2,7
303242,303249,303251,2,7
303242,303242,303251,9,0
303242,303242,303251,9,0
303242,303248,303252,4,6
303242,303249,303252,3,7
303242,303250,303252,2,8
303242,303242,303252,10,0
303242,303242,303253,11,0
303242,303242,303255,13,0
303242,303242,303254,12,0
303242,303242,303255,13,0
303242,303242,303256,14,0
303242,303242,303256,14,0
303242,303242,303256,14,0
303242,303242,303257,15,0
303242,303242,303258,16,0
303242,303242,303259,17,0
303242,303242,303262,20,0
303271,303272,303273,1,1
303271,303272,303273,1,1
303271,303272,303273,1,1
303271,303272,303273,1,1
303271,303272,303273,1,1
303271,303272,303273,1,1
303271,303272,303273,1,1
303271,303272,303274,2,1
303271,303272,303275,3,1
303271,303274,303275,1,3
303271,303274,303275,1,3
303271,303272,303276,4,1
303271,303272,303276,4,1
303271,303272,303276,4,1
303271,303272,303276,4,1
303271,303272,303276,4,1
303271,303272,303276,4,1
303271,303274,303276,2,3
303271,303274,303277,3,3
303271,303274,303276,2,3
303271,303274,303276,2,3
303271,303274,303276,2,3
303271,303272,303277,5,1
303271,303272,303277,5,1
303271,303272,303278,6,1
303271,303272,303277,5,1
303271,303272,303277,5,1
303271,303272,303277,5,1
303271,303272,303277,5,1
303271,303275,303277,2,4
303271,303272,303278,6,1
303271,303277,303278,1,6
303271,303277,303278,1,6
303271,303276,303278,2,5
303271,303278,303279,1,7
303271,303277,303279,2,6
303271,303276,303278,2,5
303271,303277,303278,1,6
303271,303277,303279,2,6
303271,303277,303280,3,6
303271,303278,303280,2,7
303271,303272,303279,7,1
303271,303272,303279,7,1
303271,303272,303279,7,1
303271,303279,303280,1,8
303271,303272,303280,8,1
303271,303272,303279,7,1
303271,303278,303279,1,7
303271,303272,303280,8,1
303271,303277,303279,2,6
303271,303272,303279,7,1
303271,303279,303280,1,8
303271,303272,303279,7,1
303271,303279,303280,1,8
303271,303276,303280,4,5
303271,303277,303280,3,6
303271,303278,303280,2,7
303271,303277,303281,4,6
303271,303278,303280,2,7
303271,303278,303280,2,7
303271,303279,303280,1,8
303271,303272,303280,8,1
303271,303272,303281,9,1
303271,303277,303281,4,6
303271,303278,303281,3,7
303271,303279,303281,2,8
303271,303278,303281,3,7
303271,303277,303282,5,6
303271,303272,303282,10,1
303271,303272,303282,10,1
303271,303272,303283,11,1
303271,303272,303282,10,1
303271,303272,303282,10,1
303271,303272,303283,11,1
303271,303272,303283,11,1
303271,303272,303284,12,1
303271,303272,303284,12,1
303271,303272,303284,12,1
303271,303272,303286,14,1
303297,303297,303299,2,0
303297,303297,303298,1,0
303297,303297,303298,1,0
303297,303297,303298,1,0
303297,303297,303298,1,0
303297,303297,303298,1,0
303297,303297,303298,1,0
303297,303297,303299,2,0
303297,303297,303301,4,0
303297,303299,303301,2,2
303297,303299,303300,1,2
303297,303299,303301,2,2
303297,303297,303301,4,0
303297,303297,303302,5,0
303297,303297,303301,4,0
303297,303299,303301,2,2
303297,303299,303302,3,2
303297,303299,303301,2,2
303297,303299,303301,2,2
303297,303299,303302,3,2
303297,303297,303302,5,0
303297,303297,303302,5,0
303297,303297,303303,6,0
303297,303297,303303,6,0
303297,303297,303303,6,0
303297,303297,303302,5,0
303297,303297,303302,5,0
303297,303297,303303,6,0
303297,303297,303303,6,0
303297,303297,303303,6,0
303297,303297,303304,7,0
303297,303297,303304,7,0
303297,303297,303304,7,0
303297,303302,303304,2,5
303297,303297,303304,7,0
303297,303297,303304,7,0
303297,303297,303304,7,0
303297,303302,303304,2,5
303297,303297,303304,7,0
303297,303301,303304,3,4
303297,303302,303303,1,5
303297,303297,303304,7,0
303297,303297,303303,6,0
303297,303301,303303,2,4
303297,303302,303303,1,5
303297,303297,303304,7,0
303297,303301,303304,3,4
303297,303302,303303,1,5
303297,303297,303305,8,0
303297,303303,303305,2,6
303297,303297,303305,8,0
303297,303304,303305,1,7
303297,303304,303305,1,7
303297,303303,303304,1,6
303297,303303,303306,3,6
303297,303303,303305,2,6
303297,303304,303306,2,7
303297,303303,303306,3,6
303297,303303,303306,3,6
303297,303303,303306,3,6
303297,303303,303306,3,6
303297,303301,303306,5,4
303297,303302,303306,4,5
303297,303303,303305,2,6
303297,303297,303306,9,0
303297,303304,303305,1,7
303297,303304,303306,2,7
303297,303302,303307,5,5
303297,303302,303307,5,5
303297,303303,303306,3,6
303297,303297,303308,11,0
303297,303297,303308,11,0
303297,303297,303309,12,0
303297,303297,303309,12,0
303297,303297,303311,14,0
303297,303297,303311,14,0
303297,303297,303311,14,0
303297,303297,303312,15,0
303297,303297,303312,15,0
303322,303322,303324,2,0
303322,303322,303324,2,0
303322,303322,303323,1,0
303322,303322,303324,2,0
303322,303322,303324,2,0
303322,303322,303324,2,0
303322,303322,303323,1,0
303322,303322,303325,3,0
303322,303322,303326,4,0
303322,303322,303326,4,0
303322,303324,303326,2,2
303322,303324,303326,2,2
303322,303324,303326,2,2
303322,303324,303326,2,2
303322,303322,303327,5,0
303322,303322,303326,4,0
303322,303322,303327,5,0
303322,303324,303327,3,2
303322,303324,303326,2,2
303322,303324,303326,2,2
303322,303322,303327,5,0
303322,303322,303328,6,0
303322,303322,303328,6,0
303322,303326,303328,2,4
303322,303322,303328,6,0
303322,303322,303328,6,0
303322,303327,303328,1,5
303322,303322,303329,7,0
303322,303322,303329,7,0
303322,303325,303329,4,3
303322,303322,303329,7,0
303322,303327,303329,2,5
303322,303327,303329,2,5
303322,303328,303329,1,6
303322,303322,303329,7,0
303322,303328,303329,1,6
303322,303329,303330,1,7
303322,303322,303329,7,0
303322,303327,303329,2,5
303322,303322,303329,7,0
303322,303327,303329,2,5
303322,303328,303329,1,6
303322,303322,303330,8,0
303322,303328,303330,2,6
303322,303328,303330,2,6
303322,303328,303330,2,6
303322,303329,303330,1,7
303322,303327,303330,3,5
303322,303322,303330,8,0
303322,303322,303330,8,0
303322,303322,303330,8,0
303322,303327,303331,4,5
303322,303329,303331,2,7
303322,303327,303331,4,5
303322,303328,303330,2,6
303322,303330,303331,1,8
303322,303322,303331,9,0
303322,303330,303331,1,8
303322,303330,303331,1,8
303322,303322,303331,9,0
303322,303322,303331,9,0
303322,303330,303331,1,8
303322,303330,303331,1,8
303322,303330,303332,2,8
303322,303322,303332,10,0
303322,303322,303332,10,0
303322,303322,303332,10,0
303322,303322,303333,11,0
303322,303322,303334,12,0
303322,303322,303334,12,0
303322,303322,303334,12,0
303322,303322,303335,13,0
303322,303322,303335,13,0
303322,303322,303335,13,0
303322,303322,303336,14,0
303322,303322,303337,15,0
303322,303322,303342,20,0
303352,303352,303353,1,0
303352,303352,303353,1,0
303352,303352,303353,1,0
303352,303352,303354,2,0
303352,303352,303354,2,0
303352,303352,303354,2,0
303352,303352,303354,2,0
303352,303352,303355,3,0
303352,303352,303355,3,0
303352,303352,303356,4,0
303352,303352,303356,4,0
303352,303354,303356,2,2
303352,303352,303356,4,0
303352,303352,303355,3,0
303352,303353,303356,3,1
303352,303354,303356,2,2
303352,303354,303356,2,2
303352,303354,303356,2,2
303352,303352,303357,5,0
303352,303354,303357,3,2
303352,303356,303357,1,4
303352,303355,303357,2,3
303352,303354,303357,3,2
303352,303352,303358,6,0
303352,303355,303358,3,3
303352,303356,303358,2,4
303352,303356,303358,2,4
303352,303352,303358,6,0
303352,303356,303358,2,4
303352,303356,303358,2,4
303352,303357,303358,1,5
303352,303352,303358,6,0
303352,303356,303358,2,4
303352,303357,303358,1,5
303352,303352,303358,6,0
303352,303352,303359,7,0
303352,303356,303359,3,4
303352,303356,303359,3,4
303352,303352,303359,7,0
303352,303352,303359,7,0
303352,303352,303358,6,0
303352,303352,303359,7,0
303352,303357,303359,2,5
303352,303358,303359,1,6
303352,303352,303359,7,0
303352,303357,303359,2,5
303352,303358,303359,1,6
303352,303352,303359,7,0
303352,303359,303360,1,7
303352,303357,303360,3,5
303352,303358,303360,2,6
303352,303358,303360,2,6
303352,303352,303360,8,0
303352,303352,303360,8,0
303352,303359,303360,1,7
303352,303359,303360,1,7
303352,303359,303361,2,7
303352,303352,303361,9,0
303352,303358,303361,3,6
303352,303352,303361,9,0
303352,303352,303362,10,0
303352,303356,303362,6,4
303352,303352,303362,10,0
303352,303352,303363,11,0
303352,303358,303363,5,6
303352,303352,303362,10,0
303352,303352,303362,10,0
303352,303352,303364,12,0
303352,303352,303364,12,0
303352,303352,303364,12,0
303352,303352,303365,13,0
303352,303352,303365,13,0
303352,303352,303364,12,0
303352,303352,303367,15,0
303352,303352,303369,17,0
303352,303352,303369,17,0
303352,303352,303369,17,0
303380,303380,303381,1,0
303380,303380,303381,1,0
303380,303380,303381,1,0
303380,303380,303382,2,0
303380,303380,303381,1,0
303380,303380,303381,1,0
303380,303380,303381,1,0
303380,303380,303383,3,0
303380,303380,303383,3,0
303380,303380,303383,3,0
303380,303380,303384,4,0
303380,303380,303383,3,0
303380,303382,303384,2,2
303380,303382,303384,2,2
303380,303380,303385,5,0
303380,303380,303384,4,0
303380,303380,303385,5,0
303380,303380,303385,5,0
303380,303382,303384,2,2
303380,303382,303385,3,2
303380,303382,303384,2,2
303380,303382,303384,2,2
303380,303384,303385,1,4
303380,303380,303385,5,0
303380,303382,303385,3,2
303380,303383,303385,2,3
303380,303384,303386,2,4
303380,303380,303386,6,0
303380,303383,303386,3,3
303380,303384,303386,2,4
303380,303384,303387,3,4
303380,303385,303387,2,5
303380,303380,303386,6,0
303380,303380,303387,7,0
303380,303380,303386,6,0
303380,303385,303387,2,5
303380,303380,303387,7,0
303380,303380,303387,7,0
303380,303380,303386,6,0
303380,303385,303387,2,5
303380,303385,303386,1,5
303380,303380,303386,6,0
303380,303386,303387,1,6
303380,303386,303387,1,6
303380,303380,303387,7,0
303380,303385,303387,2,5
303380,303385,303387,2,5
303380,303386,303387,1,6
303380,303380,303388,8,0
303380,303383,303387,4,3
303380,303385,303388,3,5
303380,303385,303387,2,5
303380,303385,303387,2,5
303380,303386,303388,2,6
303380,303380,303388,8,0
303380,303386,303387,1,6
303380,303387,303388,1,7
303380,303380,303388,8,0
303380,303387,303389,2,7
303380,303387,303389,2,7
303380,303380,303388,8,0
303380,303387,303388,1,7
303380,303387,303388,1,7
303380,303387,303388,1,7
303380,303380,303390,10,0
303380,303387,303389,2,7
303380,303380,303390,10,0
303380,303380,303391,11,0
303380,303380,303391,11,0
303380,303380,303391,11,0
303380,303380,303391,11,0
303380,303380,303392,12,0
303380,303380,303392,12,0
303380,303380,303392,12,0
303380,303380,303391,11,0
303380,303380,303394,14,0
303380,303380,303393,13,0
303380,303380,303395,15,0
303380,303380,303395,15,0
303405,303405,303406,1,0
303405,303405,303406,1,0
303405,303405,303406,1,0
303405,303405,303406,1,0
303405,303405,303406,1,0
303405,303405,303406,1,0
303405,303405,303406,1,0
303405,303405,303407,2,0
303405,303405,303408,3,0
303405,303405,303408,3,0
303405,303405,303408,3,0
303405,303407,303408,1,2
303405,303407,303409,2,2
303405,303407,303408,1,2
303405,303407,303408,1,2
303405,303407,303408,1,2
303405,303406,303409,3,1
303405,303407,303408,1,2
303405,303405,303410,5,0
303405,303405,303409,4,0
303405,303405,303409,4,0
303405,303405,303409,4,0
303405,303409,303410,1,4
303405,303408,303410,2,3
303405,303405,303410,5,0
303405,303409,303410,1,4
303405,303409,303410,1,4
303405,303409,303411,2,4
303405,303409,303410,1,4
303405,303409,303410,1,4
303405,303409,303410,1,4
303405,303405,303411,6,0
303405,303405,303411,6,0
303405,303410,303412,2,5
303405,303405,303411,6,0
303405,303405,303411,6,0
303405,303405,303411,6,0
303405,303405,303411,6,0
303405,303411,303412,1,6
303405,303405,303411,6,0
303405,303411,303412,1,6
303405,303411,303412,1,6
303405,303405,303412,7,0
303405,303409,303411,2,4
303405,303411,303412,1,6
303405,303405,303412,7,0
303405,303405,303411,6,0
303405,303410,303411,1,5
303405,303411,303412,1,6
303405,303405,303412,7,0
303405,303409,303412,3,4
303405,303409,303412,3,4
303405,303410,303412,2,5
303405,303411,303412,1,6
303405,303405,303413,8,0
303405,303410,303412,2,5
303405,303410,303413,3,5
303405,303405,303412,7,0
303405,303411,303412,1,6
303405,303405,303413,8,0
303405,303405,303412,7,0
303405,303405,303412,7,0
303405,303411,303412,1,6
303405,303405,303412,7,0
303405,303405,303412,7,0
303405,303405,303413,8,0
303405,303412,303414,2,7
303405,303405,303413,8,0
303405,303412,303414,2,7
303405,303412,303413,1,7
303405,303412,303413,1,7
303405,303405,303414,9,0
303405,303405,303415,10,0
303405,303405,303417,12,0
303405,303405,303416,11,0
303405,303405,303416,11,0
303405,303405,303417,12,0
303405,303405,303417,12,0
303405,303405,303421,16,0
303432,303432,303433,1,0
303432,303432,303433,1,0
303432,303432,303433,1,0
303432,303432,303433,1,0
303432,303432,303433,1,0
303432,303432,303433,1,0
303432,303432,303433,1,0
303432,303433,303435,2,1
303432,303432,303435,3,0
303432,303434,303436,2,2
303432,303432,303436,4,0
303432,303434,303435,1,2
303432,303434,303436,2,2
303432,303434,303435,1,2
303432,303434,303435,1,2
303432,303434,303436,2,2
303432,303432,303436,4,0
303432,303432,303436,4,0
303432,303432,303437,5,0
303432,303435,303436,1,3
303432,303432,303437,5,0
303432,303432,303437,5,0
303432,303432,303437,5,0
303432,303436,303438,2,4
303432,303436,303437,1,4
303432,303436,303437,1,4
303432,303436,303438,2,4
303432,303436,303437,1,4
303432,303432,303437,5,0
303432,303436,303438,2,4
303432,303436,303438,2,4
303432,303432,303438,6,0
303432,303432,303438,6,0
303432,303432,303438,6,0
303432,303436,303438,2,4
303432,303432,303438,6,0
303432,303432,303439,7,0
303432,303437,303439,2,5
303432,303432,303438,6,0
303432,303432,303439,7,0
303432,303438,303439,1,6
303432,303432,303439,7,0
303432,303432,303438,6,0
303432,303437,303440,3,5
303432,303437,303439,2,5
303432,303438,303440,2,6
303432,303437,303440,3,5
303432,303438,303440,2,6
303432,303438,303439,1,6
303432,303432,303439,7,0
303432,303432,303440,8,0
303432,303432,303439,7,0
303432,303438,303439,1,6
303432,303432,303440,8,0
303432,303438,303439,1,6
303432,303432,303439,7,0
303432,303438,303439,1,6
303432,303438,303439,1,6
303432,303438,303439,1,6
303432,303438,303439,1,6
303432,303438,303439,1,6
303432,303432,303441,9,0
303432,303432,303440,8,0
303432,303432,303440,8,0
303432,303432,303440,8,0
303432,303432,303440,8,0
303432,303432,303441,9,0
303432,303439,303441,2,7
303432,303439,303441,2,7
303432,303439,303441,2,7
303432,303439,303441,2,7
303432,303432,303441,9,0
303432,303432,303441,9,0
303432,303432,303442,10,0
303432,303432,303443,11,0
303432,303432,303444,12,0
303432,303432,303444,12,0
303432,303432,303447,15,0
303432,303432,303448,16,0
303458,303458,303459,1,0
303458,303458,303459,1,0
303458,303458,303459,1,0
303458,303458,303459,1,0
303458,303458,303459,1,0
303458,303458,303459,1,0
303458,303458,303459,1,0
303458,303458,303461,3,0
303458,303459,303461,2,1
303458,303458,303461,3,0
303458,303460,303462,2,2
303458,303460,303461,1,2
303458,303460,303462,2,2
303458,303460,303461,1,2
303458,303460,303461,1,2
303458,303461,303462,1,3
303458,303460,303461,1,2
303458,303458,303463,5,0
303458,303458,303462,4,0
303458,303458,303462,4,0
303458,303458,303462,4,0
303458,303458,303463,5,0
303458,303462,303463,1,4
303458,303462,303463,1,4
303458,303461,303462,1,3
303458,303462,303464,2,4
303458,303458,303464,6,0
303458,303462,303463,1,4
303458,303462,303463,1,4
303458,303462,303463,1,4
303458,303462,303463,1,4
303458,303463,303464,1,5
303458,303462,303463,1,4
303458,303463,303464,1,5
303458,303463,303465,2,5
303458,303463,303465,2,5
303458,303458,303464,6,0
303458,303463,303465,2,5
303458,303463,303465,2,5
303458,303458,303464,6,0
303458,303458,303465,7,0
303458,303458,303465,7,0
303458,303464,303465,1,6
303458,303458,303464,6,0
303458,303458,303465,7,0
303458,303458,303465,7,0
303458,303463,303464,1,5
303458,303463,303465,2,5
303458,303458,303465,7,0
303458,303464,303465,1,6
303458,303458,303465,7,0
303458,303458,303465,7,0
303458,303464,303466,2,6
303458,303458,303466,8,0
303458,303464,303465,1,6
303458,303458,303466,8,0
303458,303458,303466,8,0
303458,303464,303465,1,6
303458,303464,303465,1,6
303458,303458,303466,8,0
303458,303464,303465,1,6
303458,303464,303465,1,6
303458,303458,303466,8,0
303458,303464,303465,1,6
303458,303458,303467,9,0
303458,303458,303467,9,0
303458,303458,303467,9,0
303458,303458,303466,8,0
303458,303458,303468,10,0
303458,303458,303467,9,0
303458,303465,303468,3,7
303458,303458,303467,9,0
303458,303458,303468,10,0
303458,303458,303469,11,0
303458,303458,303469,11,0
303458,303458,303470,12,0
303458,303458,303471,13,0
303458,303458,303472,14,0
303458,303458,303474,16,0
303483,303483,303484,1,0
303483,303483,303484,1,0
303483,303483,303484,1,0
303483,303483,303484,1,0
303483,303483,303484,1,0
303483,303483,303484,1,0
303483,303484,303485,1,1
303483,303483,303484,1,0
303483,303483,303485,2,0
303483,303484,303485,1,1
303483,303483,303486,3,0
303483,303483,303486,3,0
303483,303483,303486,3,0
303483,303485,303487,2,2
303483,303485,303487,2,2
303483,303485,303486,1,2
303483,303485,303487,2,2
303483,303483,303487,4,0
303483,303483,303488,5,0
303483,303485,303487,2,2
303483,303486,303487,1,3
303483,303485,303487,2,2
303483,303486,303487,1,3
303483,303483,303488,5,0
303483,303487,303489,2,4
303483,303487,303489,2,4
303483,303487,303489,2,4
303483,303483,303489,6,0
303483,303487,303488,1,4
303483,303483,303488,5,0
303483,303487,303488,1,4
303483,303487,303488,1,4
303483,303487,303488,1,4
303483,303488,303489,1,5
303483,303483,303490,7,0
303483,303488,303490,2,5
303483,303489,303490,1,6
303483,303483,303489,6,0
303483,303483,303489,6,0
303483,303488,303490,2,5
303483,303489,303490,1,6
303483,303483,303489,6,0
303483,303483,303490,7,0
303483,303488,303490,2,5
303483,303483,303491,8,0
303483,303483,303490,7,0
303483,303488,303490,2,5
303483,303483,303491,8,0
303483,303483,303490,7,0
303483,303489,303491,2,6
303483,303483,303490,7,0
303483,303483,303490,7,0
303483,303489,303490,1,6
303483,303483,303491,8,0
303483,303483,303491,8,0
303483,303489,303490,1,6
303483,303489,303490,1,6
303483,303483,303490,7,0
303483,303488,303490,2,5
303483,303489,303490,1,6
303483,303483,303492,9,0
303483,303483,303491,8,0
303483,303489,303492,3,6
303483,303483,303491,8,0
303483,303483,303491,8,0
303483,303489,303492,3,6
303483,303483,303492,9,0
303483,303490,303491,1,7
303483,303490,303491,1,7
303483,303483,303492,9,0
303483,303483,303492,9,0
303483,303489,303492,3,6
303483,303483,303492,9,0
303483,303483,303493,10,0
303483,303483,303493,10,0
303483,303483,303493,10,0
303483,303483,303494,11,0
303483,303483,303495,12,0
303483,303483,303494,11,0
303505,303505,303507,2,0
303505,303505,303506,1,0
303505,303505,303507,2,0
303505,303505,303506,1,0
303505,303505,303506,1,0
303505,303505,303507,2,0
303505,303505,303506,1,0
303505,303505,303507,2,0
303505,303507,303509,2,2
303505,303507,303509,2,2
303505,303507,303509,2,2
303505,303507,303509,2,2
303505,303507,303509,2,2
303505,303507,303509,2,2
303505,303505,303510,5,0
303505,303505,303510,5,0
303505,303507,303510,3,2
303505,303507,303510,3,2
303505,303505,303511,6,0
303505,303505,303511,6,0
303505,303505,303511,6,0
303505,303509,303511,2,4
303505,303509,303511,2,4
303505,303509,303511,2,4
303505,303509,303511,2,4
303505,303509,303511,2,4
303505,303509,303510,1,4
303505,303505,303512,7,0
303505,303505,303511,6,0
303505,303505,303512,7,0
303505,303505,303511,6,0
303505,303505,303512,7,0
303505,303505,303512,7,0
303505,303510,303512,2,5
303505,303505,303512,7,0
303505,303505,303512,7,0
303505,303505,303512,7,0
303505,303505,303512,7,0
303505,303505,303513,8,0
303505,303505,303513,8,0
303505,303505,303512,7,0
303505,303510,303513,3,5
303505,303511,303513,2,6
303505,303505,303513,8,0
303505,303505,303512,7,0
303505,303505,303512,7,0
303505,303511,303513,2,6
303505,303505,303512,7,0
303505,303510,303513,3,5
303505,303511,303513,2,6
303505,303512,303513,1,7
303505,303505,303513,8,0
303505,303511,303513,2,6
303505,303511,303513,2,6
303505,303511,303513,2,6
303505,303511,303513,2,6
303505,303512,303513,1,7
303505,303505,303514,9,0
303505,303512,303514,2,7
303505,303512,303514,2,7
303505,303512,303514,2,7
303505,303505,303514,9,0
303505,303505,303514,9,0
303505,303505,303513,8,0
303505,303510,303513,3,5
303505,303512,303514,2,7
303505,303513,303514,1,8
303505,303505,303515,10,0
303505,303505,303515,10,0
303505,303505,303515,10,0
303505,303505,303515,10,0
303505,303512,303515,3,7
303505,303511,303515,4,6
303505,303505,303516,11,0
303505,303505,303516,11,0
303505,303505,303516,11,0
303505,303505,303519,14,0
303505,303505,303520,15,0
303531,303531,303532,1,0
303531,303531,303532,1,0
303531,303531,303533,2,0
303531,303531,303532,1,0
303531,303531,303532,1,0
303531,303531,303532,1,0
303531,303531,303533,2,0
303531,303533,303535,2,2
303531,303533,303534,1,2
303531,303532,303535,3,1
303531,303533,303534,1,2
303531,303533,303534,1,2
303531,303531,303535,4,0
303531,303532,303535,3,1
303531,303534,303536,2,3
303531,303531,303536,5,0
303531,303531,303537,6,0
303531,303535,303536,1,4
303531,303535,303537,2,4
303531,303535,303536,1,4
303531,303531,303536,5,0
303531,303535,303536,1,4
303531,303531,303537,6,0
303531,303535,303536,1,4
303531,303531,303537,6,0
303531,303531,303537,6,0
303531,303531,303537,6,0
303531,303531,303537,6,0
303531,303531,303537,6,0
303531,303531,303537,6,0
303531,303531,303537,6,0
303531,303531,303538,7,0
303531,303531,303538,7,0
303531,303536,303537,1,5
303531,303537,303538,1,6
303531,303531,303538,7,0
303531,303536,303537,1,5
303531,303537,303538,1,6
303531,303531,303538,7,0
303531,303531,303538,7,0
303531,303531,303538,7,0
303531,303531,303538,7,0
303531,303531,303539,8,0
303531,303531,303539,8,0
303531,303531,303539,8,0
303531,303531,303538,7,0
303531,303531,303538,7,0
303531,303537,303538,1,6
303531,303538,303539,1,7
303531,303537,303538,1,6
303531,303538,303539,1,7
303531,303537,303538,1,6
303531,303538,303539,1,7
303531,303538,303539,1,7
303531,303537,303538,1,6
303531,303531,303539,8,0
303531,303537,303538,1,6
303531,303538,303539,1,7
303531,303531,303539,8,0
303531,303531,303539,8,0
303531,303536,303539,3,5
303531,303531,303539,8,0
303531,303538,303539,1,7
303531,303537,303540,3,6
303531,303538,303539,1,7
303531,303538,303539,1,7
303531,303538,303539,1,7
303531,303538,303539,1,7
303531,303531,303540,9,0
303531,303538,303540,2,7
303531,303531,303541,10,0
303531,303537,303541,4,6
303531,303531,303541,10,0
303531,303531,303542,11,0
303531,303531,303541,10,0
303531,303531,303542,11,0
303531,303531,303543,12,0
303531,303531,303542,11,0
303531,303531,303543,12,0
303553,303553,303554,1,0
303553,303553,303555,2,0
303553,303553,303554,1,0
303553,303553,303554,1,0
303553,303553,303554,1,0
303553,303553,303555,2,0
303553,303553,303556,3,0
303553,303555,303557,2,2
303553,303555,303556,1,2
303553,303555,303556,1,2
303553,303553,303558,5,0
303553,303553,303558,5,0
303553,303555,303558,3,2
303553,303553,303558,5,0
303553,303554,303557,3,1
303553,303553,303559,6,0
303553,303553,303558,5,0
303553,303553,303558,5,0
303553,303553,303559,6,0
303553,303553,303559,6,0
303553,303553,303559,6,0
303553,303555,303558,3,2
303553,303557,303558,1,4
303553,303557,303558,1,4
303553,303553,303558,5,0
303553,303557,303559,2,4
303553,303553,303559,6,0
303553,303553,303559,6,0
303553,303553,303560,7,0
303553,303553,303559,6,0
303553,303553,303560,7,0
303553,303558,303560,2,5
303553,303558,303560,2,5
303553,303553,303560,7,0
303553,303553,303559,6,0
303553,303553,303559,6,0
303553,303559,303560,1,6
303553,303553,303560,7,0
303553,303558,303560,2,5
303553,303557,303559,2,4
303553,303558,303559,1,5
303553,303559,303560,1,6
303553,303553,303560,7,0
303553,303553,303561,8,0
303553,303558,303560,2,5
303553,303559,303560,1,6
303553,303560,303561,1,7
303553,303559,303560,1,6
303553,303559,303560,1,6
303553,303553,303561,8,0
303553,303559,303560,1,6
303553,303559,303560,1,6
303553,303559,303560,1,6
303553,303559,303560,1,6
303553,303553,303562,9,0
303553,303560,303562,2,7
303553,303553,303561,8,0
303553,303559,303562,3,6
303553,303553,303562,9,0
303553,303559,303562,3,6
303553,303560,303562,2,7
303553,303553,303561,8,0
303553,303559,303562,3,6
303553,303559,303562,3,6
303553,303560,303562,2,7
303553,303560,303562,2,7
303553,303560,303561,1,7
303553,303560,303561,1,7
303553,303553,303562,9,0
303553,303553,303564,11,0
303553,303553,303563,10,0
303553,303553,303563,10,0
303553,303553,303563,10,0
303553,303553,303563,10,0
303553,303553,303565,12,0
303553,303553,303564,11,0
303553,303553,303564,11,0
303553,303553,303567,14,0
303553,303553,303568,15,0
303578,303578,303580,2,0
303578,303578,303580,2,0
303578,303578,303580,2,0
303578,303578,303579,1,0
303578,303578,303580,2,0
303578,303578,303579,1,0
303578,303578,303581,3,0
303578,303581,303582,1,3
303578,303581,303582,1,3
303578,303578,303583,5,0
303578,303581,303583,2,3
303578,303581,303583,2,3
303578,303578,303584,6,0
303578,303578,303584,6,0
303578,303578,303584,6,0
303578,303578,303584,6,0
303578,303581,303584,3,3
303578,303583,303584,1,5
303578,303578,303584,6,0
303578,303578,303584,6,0
303578,303581,303584,3,3
303578,303583,303584,1,5
303578,303582,303584,2,4
303578,303578,303584,6,0
303578,303584,303585,1,6
303578,303579,303585,6,1
303578,303578,303585,7,0
303578,303578,303585,7,0
303578,303578,303585,7,0
303578,303578,303585,7,0
303578,303578,303585,7,0
303578,303578,303585,7,0
303578,303578,303585,7,0
303578,303578,303585,7,0
303578,303584,303585,1,6
303578,303585,303586,1,7
303578,303578,303585,7,0
303578,303584,303585,1,6
303578,303578,303586,8,0
303578,303585,303586,1,7
303578,303578,303586,8,0
303578,303585,303586,1,7
303578,303585,303586,1,7
303578,303585,303586,1,7
303578,303585,303586,1,7
303578,303585,303586,1,7
303578,303586,303587,1,8
303578,303585,303586,1,7
303578,303585,303586,1,7
303578,303585,303586,1,7
303578,303585,303586,1,7
303578,303586,303587,1,8
303578,303586,303587,1,8
303578,303578,303587,9,0
303578,303578,303587,9,0
303578,303578,303587,9,0
303578,303586,303587,1,8
303578,303586,303587,1,8
303578,303578,303587,9,0
303578,303586,303587,1,8
303578,303586,303587,1,8
303578,303586,303587,1,8
303578,303586,303587,1,8
303578,303586,303587,1,8
303578,303578,303588,10,0
303578,303579,303588,9,1
303578,303578,303588,10,0
303578,303578,303588,10,0
303578,303578,303588,10,0
303578,303585,303588,3,7
303578,303578,303588,10,0
303578,303585,303588,3,7
303578,303578,303589,11,0
303578,303578,303589,11,0
303578,303578,303589,11,0
303578,303578,303590,12,0
303578,303578,303590,12,0
303578,303578,303590,12,0
303578,303578,303594,16,0
303605,303605,303606,1,0
303605,303605,303606,1,0
303605,303605,303607,2,0
303605,303605,303606,1,0
303605,303605,303607,2,0
303605,303605,303607,2,0
303605,303605,303607,2,0
303605,303606,303608,2,1
303605,303606,303609,3,1
303605,303607,303609,2,2
303605,303607,303610,3,2
303605,303605,303609,4,0
303605,303607,303609,2,2
303605,303607,303610,3,2
303605,303605,303611,6,0
303605,303605,303611,6,0
303605,303605,303611,6,0
303605,303605,303610,5,0
303605,303605,303611,6,0
303605,303607,303610,3,2
303605,303605,303610,5,0
303605,303609,303611,2,4
303605,303605,303611,6,0
303605,303609,303611,2,4
303605,303609,303610,1,4
303605,303605,303612,7,0
303605,303610,303611,1,5
303605,303610,303611,1,5
303605,303610,303611,1,5
303605,303611,303612,1,6
303605,303610,303612,2,5
303605,303611,303612,1,6
303605,303605,303612,7,0
303605,303605,303611,6,0
303605,303611,303612,1,6
303605,303611,303612,1,6
303605,303605,303612,7,0
303605,303605,303612,7,0
303605,303605,303612,7,0
303605,303605,303613,8,0
303605,303611,303612,1,6
303605,303612,303613,1,7
303605,303605,303613,8,0
303605,303605,303612,7,0
303605,303611,303612,1,6
303605,303611,303612,1,6
303605,303612,303613,1,7
303605,303611,303612,1,6
303605,303612,303613,1,7
303605,303612,303613,1,7
303605,303612,303613,1,7
303605,303612,303613,1,7
303605,303605,303614,9,0
303605,303605,303614,9,0
303605,303605,303614,9,0
303605,303605,303614,9,0
303605,303611,303614,3,6
303605,303605,303614,9,0
303605,303605,303614,9,0
303605,303605,303614,9,0
303605,303605,303613,8,0
303605,303612,303613,1,7
303605,303612,303613,1,7
303605,303612,303613,1,7
303605,303612,303614,2,7
303605,303605,303614,9,0
303605,303605,303615,10,0
303605,303605,303614,9,0
303605,303605,303615,10,0
303605,303611,303615,4,6
303605,303605,303615,10,0
303605,303605,303615,10,0
303605,303605,303616,11,0
303605,303605,303615,10,0
303605,303605,303615,10,0
303605,303605,303615,10,0
303605,303605,303616,11,0
303605,303611,303616,5,6
303605,303605,303617,12,0
303627,303627,303629,2,0
303627,303627,303628,1,0
303627,303627,303628,1,0
303627,303627,303629,2,0
303627,303627,303629,2,0
303627,303627,303629,2,0
303627,303627,303629,2,0
303627,303627,303631,4,0
303627,303629,303631,2,2
303627,303629,303631,2,2
303627,303629,303631,2,2
303627,303629,303631,2,2
303627,303629,303631,2,2
303627,303629,303632,3,2
303627,303630,303632,2,3
303627,303627,303633,6,0
303627,303627,303633,6,0
303627,303631,303633,2,4
303627,303631,303633,2,4
303627,303627,303633,6,0
303627,303631,303633,2,4
303627,303631,303633,2,4
303627,303627,303634,7,0
303627,303627,303634,7,0
303627,303627,303634,7,0
303627,303627,303634,7,0
303627,303627,303633,6,0
303627,303627,303634,7,0
303627,303633,303634,1,6
303627,303627,303634,7,0
303627,303631,303634,3,4
303627,303633,303634,1,6
303627,303632,303634,2,5
303627,303633,303634,1,6
303627,303633,303634,1,6
303627,303627,303634,7,0
303627,303632,303634,2,5
303627,303633,303634,1,6
303627,303627,303635,8,0
303627,303627,303635,8,0
303627,303627,303635,8,0
303627,303627,303635,8,0
303627,303627,303635,8,0
303627,303627,303635,8,0
303627,303627,303635,8,0
303627,303632,303634,2,5
303627,303633,303634,1,6
303627,303627,303635,8,0
303627,303634,303635,1,7
303627,303635,303636,1,8
303627,303627,303635,8,0
303627,303635,303636,1,8
303627,303635,303636,1,8
303627,303627,303636,9,0
303627,303627,303636,9,0
303627,303633,303635,2,6
303627,303634,303636,2,7
303627,303627,303636,9,0
303627,303627,303636,9,0
303627,303634,303636,2,7
303627,303634,303636,2,7
303627,303627,303636,9,0
303627,303627,303635,8,0
303627,303634,303636,2,7
303627,303634,303636,2,7
303627,303635,303636,1,8
303627,303627,303636,9,0
303627,303635,303636,1,8
303627,303627,303636,9,0
303627,303627,303637,10,0
303627,303634,303636,2,7
303627,303627,303637,10,0
303627,303627,303637,10,0
303627,303627,303638,11,0
303627,303627,303638,11,0
303627,303627,303637,10,0
303627,303627,303638,11,0
303627,303627,303640,13,0
303650,303650,303651,1,0
303650,303650,303652,2,0
303650,303650,303651,1,0
303650,303650,303652,2,0
303650,303650,303652,2,0
303650,303650,303652,2,0
303650,303650,303652,2,0
303650,303650,303654,4,0
303650,303652,303654,2,2
303650,303652,303654,2,2
303650,303652,303654,2,2
303650,303652,303654,2,2
303650,303652,303654,2,2
303650,303652,303654,2,2
303650,303650,303655,5,0
303650,303650,303655,5,0
303650,303650,303655,5,0
303650,303652,303655,3,2
303650,303650,303655,5,0
303650,303650,303655,5,0
303650,303650,303656,6,0
303650,303650,303656,6,0
303650,303655,303656,1,5
303650,303655,303656,1,5
303650,303650,303657,7,0
303650,303650,303657,7,0
303650,303650,303657,7,0
303650,303650,303657,7,0
303650,303650,303657,7,0
303650,303654,303657,3,4
303650,303656,303657,1,6
303650,303650,303657,7,0
303650,303650,303657,7,0
303650,303655,303657,2,5
303650,303650,303657,7,0
303650,303655,303657,2,5
303650,303650,303657,7,0
303650,303650,303657,7,0
303650,303654,303657,3,4
303650,303650,303657,7,0
303650,303650,303657,7,0
303650,303655,303657,2,5
303650,303657,303658,1,7
303650,303654,303658,4,4
303650,303656,303658,2,6
303650,303655,303658,3,5
303650,303655,303658,3,5
303650,303658,303659,1,8
303650,303658,303659,1,8
303650,303650,303658,8,0
303650,303657,303658,1,7
303650,303650,303659,9,0
303650,303650,303659,9,0
303650,303650,303659,9,0
303650,303657,303659,2,7
303650,303650,303659,9,0
303650,303658,303659,1,8
303650,303658,303659,1,8
303650,303658,303659,1,8
303650,303658,303659,1,8
303650,303658,303659,1,8
303650,303657,303660,3,7
303650,303657,303660,3,7
303650,303650,303660,10,0
303650,303650,303660,10,0
303650,303650,303660,10,0
303650,303655,303660,5,5
303650,303650,303661,11,0
303650,303650,303661,11,0
303650,303650,303661,11,0
303650,303650,303662,12,0
303650,303650,303662,12,0
303650,303650,303662,12,0
303650,303650,303664,14,0
303650,303650,303667,17,0
303650,303650,303669,19,0
303680,303680,303681,1,0
303680,303680,303681,1,0
303680,303680,303681,1,0
303680,303680,303681,1,0
303680,303680,303681,1,0
303680,303680,303681,1,0
303680,303680,303681,1,0
303680,303681,303683,2,1
303680,303682,303683,1,2
303680,303682,303683,1,2
303680,303682,303683,1,2
303680,303680,303684,4,0
303680,303680,303685,5,0
303680,303680,303684,4,0
303680,303682,303684,2,2
303680,303680,303684,4,0
303680,303683,303685,2,3
303680,303682,303685,3,2
303680,303682,303684,2,2
303680,303680,303685,5,0
303680,303680,303685,5,0
303680,303680,303685,5,0
303680,303680,303685,5,0
303680,303680,303685,5,0
303680,303680,303686,6,0
303680,303680,303685,5,0
303680,303684,303686,2,4
303680,303680,303686,6,0
303680,303680,303685,5,0
303680,303684,303686,2,4
303680,303680,303686,6,0
303680,303680,303686,6,0
303680,303680,303686,6,0
303680,303684,303686,2,4
303680,303685,303687,2,5
303680,303680,303686,6,0
303680,303685,303687,2,5
303680,303685,303687,2,5
303680,303686,303687,1,6
303680,303680,303686,6,0
303680,303685,303686,1,5
303680,303685,303686,1,5
303680,303686,303687,1,6
303680,303686,303687,1,6
303680,303680,303687,7,0
303680,303680,303688,8,0
303680,303680,303687,7,0
303680,303686,303688,2,6
303680,303680,303687,7,0
303680,303680,303688,8,0
303680,303686,303687,1,6
303680,303680,303687,7,0
303680,303686,303687,1,6
303680,303686,303687,1,6
303680,303686,303687,1,6
303680,303680,303688,8,0
303680,303685,303689,4,5
303680,303686,303688,2,6
303680,303687,303688,1,7
303680,303680,303688,8,0
303680,303685,303688,3,5
303680,303680,303688,8,0
303680,303685,303688,3,5
303680,303687,303688,1,7
303680,303686,303689,3,6
303680,303686,303688,2,6
303680,303687,303688,1,7
303680,303687,303688,1,7
303680,303680,303688,8,0
303680,303687,303688,1,7
303680,303680,303689,9,0
303680,303680,303689,9,0
303680,303680,303690,10,0
303680,303680,303690,10,0
303680,303680,303690,10,0
303680,303680,303690,10,0
303680,303680,303691,11,0
303680,303680,303691,11,0
303680,303680,303691,11,0
303702,303703,303704,1,1
303702,303702,303704,2,0
303702,303702,303704,2,0
303702,303703,303704,1,1
303702,303703,303704,1,1
303702,303703,303704,1,1
303702,303703,303704,1,1
303702,303704,303705,1,2
303702,303703,303706,3,1
303702,303705,303706,1,3
303702,303705,303707,2,3
303702,303705,303706,1,3
303702,303703,303707,4,1
303702,303703,303707,4,1
303702,303705,303707,2,3
303702,303703,303707,4,1
303702,303705,303707,2,3
303702,303705,303707,2,3
303702,303703,303708,5,1
303702,303703,303708,5,1
303702,303703,303708,5,1
303702,303703,303708,5,1
303702,303703,303708,5,1
303702,303703,303709,6,1
303702,303703,303708,5,1
303702,303703,303709,6,1
303702,303707,303708,1,5
303702,303703,303708,5,1
303702,303706,303708,2,4
303702,303707,303709,2,5
303702,303703,303709,6,1
303702,303703,303709,6,1
303702,303703,303709,6,1
303702,303703,303709,6,1
303702,303703,303709,6,1
303702,303709,303710,1,7
303702,303703,303709,6,1
303702,303703,303709,6,1
303702,303707,303709,2,5
303702,303708,303709,1,6
303702,303703,303709,6,1
303702,303703,303710,7,1
303702,303703,303709,6,1
303702,303708,303709,1,6
303702,303703,303710,7,1
303702,303703,303710,7,1
303702,303709,303711,2,7
303702,303703,303710,7,1
303702,303708,303710,2,6
303702,303709,303710,1,7
303702,303709,303710,1,7
303702,303703,303710,7,1
303702,303708,303711,3,6
303702,303709,303710,1,7
303702,303703,303710,7,1
303702,303709,303710,1,7
303702,303709,303710,1,7
303702,303703,303710,7,1
303702,303709,303710,1,7
303702,303710,303711,1,8
303702,303703,303711,8,1
303702,303710,303711,1,8
303702,303707,303711,4,5
303702,303708,303711,3,6
303702,303703,303712,9,1
303702,303710,303712,2,8
303702,303709,303711,2,7
303702,303709,303711,2,7
303702,303708,303711,3,6
303702,303710,303711,1,8
303702,303709,303711,2,7
303702,303710,303711,1,8
303702,303709,303712,3,7
303702,303703,303712,9,1
303702,303703,303712,9,1
303702,303703,303713,10,1
303702,303703,303713,10,1
303702,303703,303715,12,1
303702,303703,303714,11,1
303725,303725,303726,1,0
303725,303725,303726,1,0
303725,303725,303726,1,0
303725,303725,303726,1,0
303725,303725,303726,1,0
303725,303725,303726,1,0
303725,303725,303727,2,0
303725,303727,303729,2,2
303725,303727,303729,2,2
303725,303725,303729,4,0
303725,303727,303729,2,2
303725,303727,303729,2,2
303725,303727,303729,2,2
303725,303727,303730,3,2
303725,303725,303730,5,0
303725,303725,303730,5,0
303725,303725,303730,5,0
303725,303725,303730,5,0
303725,303725,303730,5,0
303725,303725,303730,5,0
303725,303725,303730,5,0
303725,303725,303730,5,0
303725,303725,303730,5,0
303725,303728,303730,2,3
303725,303725,303731,6,0
303725,303725,303731,6,0
303725,303725,303731,6,0
303725,303725,303731,6,0
303725,303729,303731,2,4
303725,303730,303731,1,5
303725,303725,303732,7,0
303725,303729,303731,2,4
303725,303730,303731,1,5
303725,303725,303732,7,0
303725,303730,303732,2,5
303725,303725,303732,7,0
303725,303725,303733,8,0
303725,303725,303732,7,0
303725,303725,303732,7,0
303725,303725,303732,7,0
303725,303732,303733,1,7
303725,303725,303732,7,0
303725,303725,303733,8,0
303725,303730,303732,2,5
303725,303731,303732,1,6
303725,303725,303732,7,0
303725,303732,303733,1,7
303725,303731,303732,1,6
303725,303732,303733,1,7
303725,303732,303733,1,7
303725,303731,303734,3,6
303725,303725,303734,9,0
303725,303731,303734,3,6
303725,303732,303733,1,7
303725,303731,303733,2,6
303725,303731,303733,2,6
303725,303731,303733,2,6
303725,303732,303734,2,7
303725,303725,303733,8,0
303725,303731,303733,2,6
303725,303732,303734,2,7
303725,303725,303733,8,0
303725,303732,303733,1,7
303725,303732,303733,1,7
303725,303732,303733,1,7
303725,303725,303733,8,0
303725,303732,303733,1,7
303725,303725,303733,8,0
303725,303725,303734,9,0
303725,303731,303734,3,6
303725,303730,303734,4,5
303725,303725,303735,10,0
303725,303731,303735,4,6
303725,303725,303735,10,0
303725,303725,303736,11,0
303725,303725,303736,11,0
303725,303725,303736,11,0
303725,303725,303737,12,0
303725,303725,303737,12,0
303748,303748,303750,2,0
303748,303748,303749,1,0
303748,303748,303749,1,0
303748,303748,303750,2,0
303748,303748,303750,2,0
303748,303748,303750,2,0
303748,303748,303750,2,0
303748,303748,303752,4,0
303748,303750,303752,2,2
303748,303748,303753,5,0
303748,303748,303753,5,0
303748,303748,303753,5,0
303748,303750,303753,3,2
303748,303750,303753,3,2
303748,303750,303753,3,2
303748,303750,303753,3,2
303748,303750,303753,3,2
303748,303748,303754,6,0
303748,303748,303754,6,0
303748,303748,303754,6,0
303748,303748,303754,6,0
303748,303748,303754,6,0
303748,303748,303754,6,0
303748,303748,303754,6,0
303748,303750,303754,4,2
303748,303748,303754,6,0
303748,303752,303754,2,4
303748,303748,303755,7,0
303748,303748,303755,7,0
303748,303748,303755,7,0
303748,303748,303755,7,0
303748,303748,303755,7,0
303748,303748,303755,7,0
303748,303753,303755,2,5
303748,303748,303755,7,0
303748,303753,303755,2,5
303748,303753,303755,2,5
303748,303748,303755,7,0
303748,303748,303755,7,0
303748,303753,303755,2,5
303748,303748,303755,7,0
303748,303748,303755,7,0
303748,303754,303755,1,6
303748,303748,303756,8,0
303748,303748,303756,8,0
303748,303754,303756,2,6
303748,303754,303756,2,6
303748,303748,303756,8,0
303748,303756,303757,1,8
303748,303755,303756,1,7
303748,303753,303757,4,5
303748,303753,303757,4,5
303748,303755,303757,2,7
303748,303754,303757,3,6
303748,303754,303757,3,6
303748,303754,303757,3,6
303748,303748,303757,9,0
303748,303754,303757,3,6
303748,303755,303757,2,7
303748,303752,303757,5,4
303748,303753,303757,4,5
303748,303755,303757,2,7
303748,303756,303757,1,8
303748,303748,303757,9,0
303748,303756,303757,1,8
303748,303756,303757,1,8
303748,303755,303758,3,7
303748,303754,303757,3,6
303748,303748,303758,10,0
303748,303748,303758,10,0
303748,303748,303758,10,0
303748,303754,303759,5,6
303748,303748,303759,11,0
303748,303748,303759,11,0
303748,303748,303759,11,0
303748,303748,303760,12,0
303748,303748,303762,14,0
303748,303748,303764,16,0
303775,303775,303776,1,0
303775,303775,303776,1,0
303775,303775,303776,1,0
303775,303775,303776,1,0
303775,303775,303777,2,0
303775,303775,303776,1,0
303775,303775,303776,1,0
303775,303775,303778,3,0
303775,303775,303779,4,0
303775,303777,303778,1,2
303775,303777,303778,1,2
303775,303777,303779,2,2
303775,303777,303779,2,2
303775,303777,303778,1,2
303775,303777,303778,1,2
303775,303775,303780,5,0
303775,303775,303780,5,0
303775,303775,303779,4,0
303775,303775,303780,5,0
303775,303777,303779,2,2
303775,303775,303781,6,0
303775,303775,303781,6,0
303775,303775,303781,6,0
303775,303779,303781,2,4
303775,303779,303781,2,4
303775,303779,303781,2,4
303775,303775,303781,6,0
303775,303775,303782,7,0
303775,303775,303781,6,0
303775,303775,303781,6,0
303775,303779,303781,2,4
303775,303775,303782,7,0
303775,303775,303782,7,0
303775,303779,303781,2,4
303775,303779,303781,2,4
303775,303775,303781,6,0
303775,303775,303782,7,0
303775,303775,303781,6,0
303775,303780,303782,2,5
303775,303775,303783,8,0
303775,303780,303783,3,5
303775,303775,303782,7,0
303775,303780,303783,3,5
303775,303780,303782,2,5
303775,303781,303783,2,6
303775,303779,303783,4,4
303775,303781,303783,2,6
303775,303775,303782,7,0
303775,303779,303782,3,4
303775,303780,303783,3,5
303775,303775,303782,7,0
303775,303775,303783,8,0
303775,303781,303782,1,6
303775,303775,303783,8,0
303775,303781,303783,2,6
303775,303782,303783,1,7
303775,303781,303782,1,6
303775,303775,303783,8,0
303775,303775,303782,7,0
303775,303781,303782,1,6
303775,303782,303783,1,7
303775,303782,303783,1,7
303775,303782,303784,2,7
303775,303775,303784,9,0
303775,303775,303784,9,0
303775,303782,303784,2,7
303775,303782,303783,1,7
303775,303775,303784,9,0
303775,303782,303784,2,7
303775,303782,303783,1,7
303775,303775,303785,10,0
303775,303775,303785,10,0
303775,303775,303785,10,0
303775,303782,303786,4,7
303775,303775,303787,12,0
303775,303775,303787,12,0
303775,303775,303788,13,0
303775,303775,303788,13,0
303775,303775,303789,14,0
303800,303800,303802,2,0
303800,303800,303802,2,0
303800,303800,303801,1,0
303800,303800,303801,1,0
303800,303800,303801,1,0
303800,303800,303802,2,0
303800,303800,303801,1,0
303800,303802,303804,2,2
303800,303802,303804,2,2
303800,303802,303804,2,2
303800,303802,303804,2,2
303800,303802,303804,2,2
303800,303802,303804,2,2
303800,303802,303803,1,2
303800,303800,303805,5,0
303800,303800,303806,6,0
303800,303800,303805,5,0
303800,303800,303805,5,0
303800,303800,303806,6,0
303800,303800,303806,6,0
303800,303800,303806,6,0
303800,303800,303806,6,0
303800,303804,303806,2,4
303800,303804,303806,2,4
303800,303804,303806,2,4
303800,303804,303806,2,4
303800,303804,303806,2,4
303800,303800,303806,6,0
303800,303800,303806,6,0
303800,303800,303807,7,0
303800,303800,303806,6,0
303800,303800,303807,7,0
303800,303800,303807,7,0
303800,303806,303807,1,6
303800,303800,303807,7,0
303800,303800,303807,7,0
303800,303804,303806,2,4
303800,303800,303807,7,0
303800,303805,303808,3,5
303800,303806,303808,2,6
303800,303800,303807,7,0
303800,303806,303808,2,6
303800,303806,303808,2,6
303800,303800,303807,7,0
303800,303806,303808,2,6
303800,303800,303807,7,0
303800,303800,303807,7,0
303800,303800,303808,8,0
303800,303806,303808,2,6
303800,303800,303807,7,0
303800,303804,303807,3,4
303800,303807,303808,1,7
303800,303800,303808,8,0
303800,303800,303808,8,0
303800,303806,303807,1,6
303800,303807,303808,1,7
303800,303806,303808,2,6
303800,303806,303809,3,6
303800,303807,303809,2,7
303800,303800,303809,9,0
303800,303806,303809,3,6
303800,303807,303809,2,7
303800,303800,303809,9,0
303800,303800,303809,9,0
303800,303806,303808,2,6
303800,303807,303809,2,7
303800,303806,303809,3,6
303800,303807,303808,1,7
303800,303807,303808,1,7
303800,303807,303808,1,7
303800,303800,303810,10,0
303800,303800,303809,9,0
303800,303800,303810,10,0
303800,303800,303809,9,0
303800,303800,303810,10,0
303800,303800,303812,12,0
303800,303800,303812,12,0
303800,303800,303812,12,0
303800,303800,303818,18,0
303828,303828,303829,1,0
303828,303828,303829,1,0
303828,303828,303829,1,0
303828,303828,303829,1,0
303828,303828,303829,1,0
303828,303828,303829,1,0
303828,303828,303829,1,0
303828,303830,303831,1,2
303828,303830,303831,1,2
303828,303830,303831,1,2
303828,303830,303831,1,2
303828,303830,303831,1,2
303828,303828,303833,5,0
303828,303828,303832,4,0
303828,303828,303832,4,0
303828,303830,303832,2,2
303828,303830,303832,2,2
303828,303832,303833,1,4
303828,303828,303833,5,0
303828,303828,303834,6,0
303828,303828,303833,5,0
303828,303828,303834,6,0
303828,303828,303833,5,0
303828,303828,303833,5,0
303828,303828,303833,5,0
303828,303832,303833,1,4
303828,303828,303833,5,0
303828,303832,303833,1,4
303828,303828,303833,5,0
303828,303832,303833,1,4
303828,303832,303833,1,4
303828,303828,303834,6,0
303828,303828,303834,6,0
303828,303828,303834,6,0
303828,303828,303834,6,0
303828,303828,303834,6,0
303828,303828,303834,6,0
303828,303833,303834,1,5
303828,303833,303834,1,5
303828,303828,303835,7,0
303828,303828,303835,7,0
303828,303833,303834,1,5
303828,303834,303835,1,6
303828,303828,303835,7,0
303828,303834,303836,2,6
303828,303828,303835,7,0
303828,303834,303836,2,6
303828,303834,303836,2,6
303828,303834,303835,1,6
303828,303833,303835,2,5
303828,303833,303836,3,5
303828,303828,303835,7,0
303828,303833,303835,2,5
303828,303834,303835,1,6
303828,303828,303835,7,0
303828,303834,303835,1,6
303828,303834,303835,1,6
303828,303828,303836,8,0
303828,303834,303835,1,6
303828,303834,303835,1,6
303828,303828,303835,7,0
303828,303828,303836,8,0
303828,303834,303836,2,6
303828,303834,303836,2,6
303828,303835,303837,2,7
303828,303835,303837,2,7
303828,303835,303836,1,7
303828,303834,303836,2,6
303828,303828,303837,9,0
303828,303835,303837,2,7
303828,303828,303836,8,0
303828,303828,303836,8,0
303828,303828,303837,9,0
303828,303828,303838,10,0
303828,303828,303837,9,0
303828,303828,303837,9,0
303828,303828,303838,10,0
303828,303828,303839,11,0
303828,303828,303840,12,0
303851,303851,303852,1,0
303851,303851,303852,1,0
303851,303851,303852,1,0
303851,303851,303852,1,0
303851,303851,303852,1,0
303851,303851,303852,1,0
303851,303851,303852,1,0
303851,303853,303854,1,2
303851,303853,303854,1,2
303851,303852,303854,2,1
303851,303853,303854,1,2
303851,303853,303855,2,2
303851,303853,303855,2,2
303851,303854,303855,1,3
303851,303853,303855,2,2
303851,303854,303855,1,3
303851,303851,303855,4,0
303851,303851,303855,4,0
303851,303851,303855,4,0
303851,303851,303855,4,0
303851,303851,303855,4,0
303851,303851,303855,4,0
303851,303851,303855,4,0
303851,303851,303855,4,0
303851,303854,303855,1,3
303851,303854,303855,1,3
303851,303855,303856,1,4
303851,303851,303857,6,0
303851,303851,303856,5,0
303851,303851,303856,5,0
303851,303855,303856,1,4
303851,303855,303856,1,4
303851,303855,303856,1,4
303851,303855,303856,1,4
303851,303851,303858,7,0
303851,303851,303857,6,0
303851,303856,303858,2,5
303851,303856,303858,2,5
303851,303856,303858,2,5
303851,303851,303857,6,0
303851,303851,303857,6,0
303851,303856,303857,1,5
303851,303857,303858,1,6
303851,303856,303858,2,5
303851,303851,303858,7,0
303851,303851,303858,7,0
303851,303851,303858,7,0
303851,303857,303858,1,6
303851,303851,303857,6,0
303851,303851,303857,6,0
303851,303851,303857,6,0
303851,303857,303858,1,6
303851,303851,303858,7,0
303851,303856,303858,2,5
303851,303857,303858,1,6
303851,303851,303858,7,0
303851,303856,303857,1,5
303851,303856,303857,1,5
303851,303857,303859,2,6
303851,303856,303858,2,5
303851,303851,303859,8,0
303851,303856,303858,2,5
303851,303856,303859,3,5
303851,303851,303859,8,0
303851,303851,303858,7,0
303851,303851,303859,8,0
303851,303851,303858,7,0
303851,303857,303859,2,6
303851,303857,303859,2,6
303851,303858,303859,1,7
303851,303851,303860,9,0
303851,303851,303859,8,0
303851,303851,303860,9,0
303851,303851,303861,10,0
303851,303851,303861,10,0
303851,303851,303861,10,0
303851,303851,303863,12,0
303851,303851,303863,12,0
303851,303851,303864,13,0
303874,303874,303875,1,0
303874,303874,303875,1,0
303874,303874,303875,1,0
303874,303874,303876,2,0
303874,303874,303875,1,0
303874,303874,303876,2,0
303874,303874,303875,1,0
303874,303874,303878,4,0
303874,303874,303878,4,0
303874,303876,303878,2,2
303874,303876,303878,2,2
303874,303876,303878,2,2
303874,303876,303877,1,2
303874,303876,303878,2,2
303874,303876,303877,1,2
303874,303874,303878,4,0
303874,303874,303879,5,0
303874,303876,303878,2,2
303874,303874,303880,6,0
303874,303874,303880,6,0
303874,303874,303879,5,0
303874,303874,303880,6,0
303874,303874,303880,6,0
303874,303874,303880,6,0
303874,303874,303880,6,0
303874,303874,303880,6,0
303874,303874,303880,6,0
303874,303878,303880,2,4
303874,303878,303880,2,4
303874,303878,303880,2,4
303874,303874,303880,6,0
303874,303878,303880,2,4
303874,303878,303880,2,4
303874,303878,303880,2,4
303874,303878,303880,2,4
303874,303879,303880,1,5
303874,303874,303880,6,0
303874,303874,303881,7,0
303874,303874,303881,7,0
303874,303874,303881,7,0
303874,303874,303881,7,0
303874,303879,303881,2,5
303874,303874,303880,6,0
303874,303874,303881,7,0
303874,303878,303881,3,4
303874,303879,303881,2,5
303874,303880,303881,1,6
303874,303874,303881,7,0
303874,303880,303881,1,6
303874,303880,303881,1,6
303874,303880,303882,2,6
303874,303880,303882,2,6
303874,303880,303882,2,6
303874,303880,303882,2,6
303874,303880,303882,2,6
303874,303880,303882,2,6
303874,303880,303882,2,6
303874,303874,303882,8,0
303874,303874,303882,8,0
303874,303880,303882,2,6
303874,303880,303882,2,6
303874,303874,303881,7,0
303874,303880,303882,2,6
303874,303880,303881,1,6
303874,303880,303881,1,6
303874,303880,303882,2,6
303874,303874,303882,8,0
303874,303880,303881,1,6
303874,303874,303882,8,0
303874,303874,303883,9,0
303874,303874,303883,9,0
303874,303874,303883,9,0
303874,303874,303884,10,0
303874,303874,303883,9,0
303874,303874,303884,10,0
303874,303874,303887,13,0
303874,303874,303888,14,0
303874,303874,303890,16,0
303874,303874,303892,18,0
303902,303902,303903,1,0
303902,303902,303904,2,0
303902,303902,303904,2,0
303902,303902,303904,2,0
303902,303902,303904,2,0
303902,303902,303904,2,0
303902,303902,303904,2,0
303902,303904,303906,2,2
303902,303902,303906,4,0
303902,303902,303906,4,0
303902,303902,303906,4,0
303902,303903,303906,3,1
303902,303904,303906,2,2
303902,303904,303906,2,2
303902,303902,303907,5,0
303902,303902,303907,5,0
303902,303904,303907,3,2
303902,303902,303907,5,0
303902,303904,303906,2,2
303902,303904,303906,2,2
303902,303902,303907,5,0
303902,303902,303908,6,0
303902,303902,303908,6,0
303902,303902,303908,6,0
303902,303902,303908,6,0
303902,303902,303908,6,0
303902,303902,303908,6,0
303902,303902,303908,6,0
303902,303902,303908,6,0
303902,303906,303908,2,4
303902,303902,303908,6,0
303902,303906,303908,2,4
303902,303902,303909,7,0
303902,303907,303909,2,5
303902,303902,303909,7,0
303902,303902,303909,7,0
303902,303902,303909,7,0
303902,303902,303909,7,0
303902,303902,303909,7,0
303902,303906,303909,3,4
303902,303907,303909,2,5
303902,303908,303909,1,6
303902,303906,303909,3,4
303902,303907,303909,2,5
303902,303907,303909,2,5
303902,303907,303908,1,5
303902,303902,303909,7,0
303902,303906,303909,3,4
303902,303907,303909,2,5
303902,303902,303910,8,0
303902,303907,303910,3,5
303902,303902,303910,8,0
303902,303908,303910,2,6
303902,303908,303910,2,6
303902,303902,303910,8,0
303902,303908,303910,2,6
303902,303906,303910,4,4
303902,303908,303910,2,6
303902,303908,303910,2,6
303902,303902,303909,7,0
303902,303902,303910,8,0
303902,303909,303910,1,7
303902,303909,303910,1,7
303902,303909,303910,1,7
303902,303909,303911,2,7
303902,303909,303911,2,7
303902,303909,303911,2,7
303902,303906,303911,5,4
303902,303902,303911,9,0
303902,303902,303911,9,0
303902,303902,303911,9,0
303902,303902,303912,10,0
303902,303902,303912,10,0
303902,303902,303914,12,0
303902,303902,303914,12,0
303902,303902,303915,13,0
303902,303902,303916,14,0
303926,303926,303927,1,0
303926,303926,303927,1,0
303926,303926,303927,1,0
303926,303926,303927,1,0
303926,303926,303927,1,0
303926,303926,303927,1,0
303926,303926,303928,2,0
303926,303926,303930,4,0
303926,303926,303929,3,0
303926,303928,303930,2,2
303926,303926,303930,4,0
303926,303926,303930,4,0
303926,303926,303930,4,0
303926,303928,303930,2,2
303926,303928,303931,3,2
303926,303928,303930,2,2
303926,303928,303931,3,2
303926,303928,303930,2,2
303926,303926,303932,6,0
303926,303926,303932,6,0
303926,303926,303931,5,0
303926,303928,303931,3,2
303926,303930,303932,2,4
303926,303926,303933,7,0
303926,303926,303932,6,0
303926,303926,303932,6,0
303926,303926,303932,6,0
303926,303930,303932,2,4
303926,303931,303932,1,5
303926,303931,303933,2,5
303926,303926,303932,6,0
303926,303931,303933,2,5
303926,303931,303933,2,5
303926,303931,303933,2,5
303926,303932,303933,1,6
303926,303926,303933,7,0
303926,303931,303933,2,5
303926,303932,303933,1,6
303926,303926,303933,7,0
303926,303926,303933,7,0
303926,303926,303933,7,0
303926,303931,303934,3,5
303926,303926,303933,7,0
303926,303932,303934,2,6
303926,303926,303933,7,0
303926,303933,303934,1,7
303926,303926,303933,7,0
303926,303926,303933,7,0
303926,303926,303934,8,0
303926,303933,303934,1,7
303926,303933,303934,1,7
303926,303933,303934,1,7
303926,303926,303935,9,0
303926,303933,303934,1,7
303926,303932,303934,2,6
303926,303933,303935,2,7
303926,303926,303935,9,0
303926,303933,303934,1,7
303926,303931,303934,3,5
303926,303932,303934,2,6
303926,303933,303935,2,7
303926,303926,303934,8,0
303926,303926,303934,8,0
303926,303930,303934,4,4
303926,303933,303934,1,7
303926,303926,303934,8,0
303926,303933,303934,1,7
303926,303926,303935,9,0
303926,303933,303934,1,7
303926,303933,303934,1,7
303926,303926,303934,8,0
303926,303926,303935,9,0
303926,303926,303934,8,0
303926,303926,303938,12,0
303926,303926,303938,12,0
303926,303926,303939,13,0
303926,303926,303939,13,0
303926,303926,303941,15,0
303926,303926,303941,15,0
303951,303951,303952,1,0
303951,303951,303953,2,0
303951,303951,303953,2,0
303951,303951,303953,2,0
303951,303951,303953,2,0
303951,303951,303953,2,0
303951,303951,303953,2,0
303951,303951,303955,4,0
303951,303952,303955,3,1
303951,303953,303955,2,2
303951,303953,303955,2,2
303951,303953,303955,2,2
303951,303951,303955,4,0
303951,303951,303956,5,0
303951,303951,303956,5,0
303951,303953,303956,3,2
303951,303953,303956,3,2
303951,303953,303956,3,2
303951,303951,303957,6,0
303951,303951,303957,6,0
303951,303951,303957,6,0
303951,303956,303957,1,5
303951,303956,303957,1,5
303951,303956,303957,1,5
303951,303956,303958,2,5
303951,303951,303958,7,0
303951,303951,303958,7,0
303951,303951,303958,7,0
303951,303951,303958,7,0
303951,303951,303958,7,0
303951,303951,303958,7,0
303951,303951,303958,7,0
303951,303957,303958,1,6
303951,303958,303959,1,7
303951,303957,303958,1,6
303951,303958,303959,1,7
303951,303958,303959,1,7
303951,303958,303959,1,7
303951,303957,303959,2,6
303951,303951,303959,8,0
303951,303951,303959,8,0
303951,303957,303959,2,6
303951,303951,303959,8,0
303951,303956,303959,3,5
303951,303955,303960,5,4
303951,303958,303959,1,7
303951,303951,303959,8,0
303951,303951,303959,8,0
303951,303951,303959,8,0
303951,303951,303959,8,0
303951,303958,303959,1,7
303951,303951,303960,9,0
303951,303951,303959,8,0
303951,303951,303959,8,0
303951,303956,303960,4,5
303951,303958,303960,2,7
303951,303959,303960,1,8
303951,303958,303960,2,7
303951,303958,303960,2,7
303951,303959,303960,1,8
303951,303959,303960,1,8
303951,303959,303960,1,8
303951,303959,303960,1,8
303951,303951,303960,9,0
303951,303951,303960,9,0
303951,303951,303960,9,0
303951,303951,303961,10,0
303951,303951,303961,10,0
303951,303951,303961,10,0
303951,303951,303962,11,0
303951,303951,303962,11,0
303951,303951,303962,11,0
303951,303951,303963,12,0
303951,303951,303963,12,0
303951,303951,303963,12,0
303951,303951,303966,15,0
303976,303976,303977,1,0
303976,303976,303977,1,0
303976,303976,303977,1,0
303976,303976,303977,1,0
303976,303976,303977,1,0
303976,303976,303977,1,0
303976,303976,303977,1,0
303976,303976,303979,3,0
303976,303976,303980,4,0
303976,303976,303980,4,0
303976,303976,303980,4,0
303976,303976,303979,3,0
303976,303978,303979,1,2
303976,303978,303980,2,2
303976,303978,303980,2,2
303976,303978,303979,1,2
303976,303976,303981,5,0
303976,303976,303981,5,0
303976,303978,303981,3,2
303976,303979,303981,2,3
303976,303976,303981,5,0
303976,303978,303980,2,2
303976,303980,303981,1,4
303976,303978,303981,3,2
303976,303980,303981,1,4
303976,303980,303982,2,4
303976,303980,303982,2,4
303976,303976,303982,6,0
303976,303980,303982,2,4
303976,303976,303981,5,0
303976,303980,303982,2,4
303976,303981,303982,1,5
303976,303980,303981,1,4
303976,303980,303982,2,4
303976,303981,303982,1,5
303976,303976,303983,7,0
303976,303981,303983,2,5
303976,303976,303982,6,0
303976,303981,303983,2,5
303976,303976,303982,6,0
303976,303981,303982,1,5
303976,303976,303983,7,0
303976,303981,303982,1,5
303976,303976,303982,6,0
303976,303976,303982,6,0
303976,303981,303983,2,5
303976,303982,303983,1,6
303976,303981,303982,1,5
303976,303981,303983,2,5
303976,303982,303984,2,6
303976,303976,303984,8,0
303976,303976,303984,8,0
303976,303976,303983,7,0
303976,303982,303984,2,6
303976,303976,303984,8,0
303976,303982,303984,2,6
303976,303982,303984,2,6
303976,303976,303983,7,0
303976,303976,303983,7,0
303976,303976,303983,7,0
303976,303982,303983,1,6
303976,303982,303983,1,6
303976,303976,303984,8,0
303976,303976,303984,8,0
303976,303982,303983,1,6
303976,303976,303985,9,0
303976,303976,303985,9,0
303976,303976,303984,8,0
303976,303976,303985,9,0
303976,303982,303984,2,6
303976,303982,303984,2,6
303976,303976,303985,9,0
303976,303976,303985,9,0
303976,303976,303985,9,0
303976,303976,303985,9,0
303976,303976,303987,11,0
303976,303976,303987,11,0
303976,303976,303988,12,0
303976,303976,303993,17,0
304003,304003,304004,1,0
304003,304003,304004,1,0
304003,304003,304004,1,0
304003,304003,304004,1,0
304003,304003,304004,1,0
304003,304003,304004,1,0
304003,304003,304004,1,0
304003,304003,304005,2,0
304003,304003,304005,2,0
304003,304005,304006,1,2
304003,304005,304006,1,2
304003,304005,304006,1,2
304003,304005,304006,1,2
304003,304005,304006,1,2
304003,304005,304006,1,2
304003,304003,304006,3,0
304003,304003,304006,3,0
304003,304003,304006,3,0
304003,304003,304006,3,0
304003,304003,304006,3,0
304003,304005,304006,1,2
304003,304003,304006,3,0
304003,304006,304007,1,3
304003,304006,304007,1,3
304003,304006,304007,1,3
304003,304003,304007,4,0
304003,304006,304007,1,3
304003,304003,304007,4,0
304003,304006,304008,2,3
304003,304007,304008,1,4
304003,304006,304007,1,3
304003,304007,304008,1,4
304003,304006,304007,1,3
304003,304007,304008,1,4
304003,304003,304008,5,0
304003,304007,304009,2,4
304003,304003,304009,6,0
304003,304007,304009,2,4
304003,304007,304009,2,4
304003,304003,304008,5,0
304003,304007,304009,2,4
304003,304008,304009,1,5
304003,304006,304010,4,3
304003,304003,304009,6,0
304003,304007,304009,2,4
304003,304003,304010,7,0
304003,304007,304009,2,4
304003,304008,304010,2,5
304003,304008,304009,1,5
304003,304007,304009,2,4
304003,304008,304009,1,5
304003,304003,304010,7,0
304003,304003,304010,7,0
304003,304008,304009,1,5
304003,304008,304009,1,5
304003,304008,304009,1,5
304003,304003,304011,8,0
304003,304009,304011,2,6
304003,304003,304010,7,0
304003,304003,304010,7,0
304003,304008,304010,2,5
304003,304008,304010,2,5
304003,304003,304010,7,0
304003,304003,304011,8,0
304003,304003,304010,7,0
304003,304003,304011,8,0
304003,304003,304011,8,0
304003,304003,304011,8,0
304003,304003,304012,9,0
304003,304003,304012,9,0
304003,304003,304012,9,0
304003,304003,304012,9,0
304003,304003,304013,10,0
304003,304003,304014,11,0
304003,304003,304014,11,0
304003,304003,304015,12,0
304003,304003,304017,14,0
304003,304003,304016,13,0
304003,304003,304019,16,0
304029,304029,304030,1,0
304029,304029,304030,1,0
304029,304029,304030,1,0
304029,304029,304030,1,0
304029,304029,304031,2,0
304029,304029,304030,1,0
304029,304029,304030,1,0
304029,304031,304032,1,2
304029,304031,304032,1,2
304029,304029,304032,3,0
304029,304031,304032,1,2
304029,304031,304033,2,2
304029,304031,304032,1,2
304029,304031,304033,2,2
304029,304031,304033,2,2
304029,304032,304033,1,3
304029,304029,304034,5,0
304029,304029,304034,5,0
304029,304029,304034,5,0
304029,304032,304034,2,3
304029,304029,304035,6,0
304029,304029,304034,5,0
304029,304033,304035,2,4
304029,304029,304035,6,0
304029,304029,304035,6,0
304029,304033,304034,1,4
304029,304033,304035,2,4
304029,304033,304035,2,4
304029,304033,304034,1,4
304029,304029,304036,7,0
304029,304029,304035,6,0
304029,304029,304036,7,0
304029,304029,304036,7,0
304029,304033,304035,2,4
304029,304029,304036,7,0
304029,304033,304036,3,4
304029,304029,304036,7,0
304029,304029,304036,7,0
304029,304034,304036,2,5
304029,304034,304036,2,5
304029,304029,304036,7,0
304029,304029,304036,7,0
304029,304029,304037,8,0
304029,304029,304037,8,0
304029,304029,304037,8,0
304029,304034,304037,3,5
304029,304035,304037,2,6
304029,304029,304036,7,0
304029,304034,304037,3,5
304029,304035,304037,2,6
304029,304035,304037,2,6
304029,304029,304037,8,0
304029,304035,304037,2,6
304029,304029,304036,7,0
304029,304035,304036,1,6
304029,304036,304037,1,7
304029,304029,304037,8,0
304029,304029,304037,8,0
304029,304029,304037,8,0
304029,304035,304036,1,6
304029,304035,304036,1,6
304029,304029,304038,9,0
304029,304036,304038,2,7
304029,304036,304038,2,7
304029,304035,304038,3,6
304029,304029,304038,9,0
304029,304035,304038,3,6
304029,304036,304038,2,7
304029,304036,304037,1,7
304029,304036,304038,2,7
304029,304029,304038,9,0
304029,304029,304038,9,0
304029,304029,304038,9,0
304029,304029,304040,11,0
304029,304029,304041,12,0
304029,304029,304042,13,0
304029,304029,304043,14,0
304029,304029,304043,14,0
304029,304029,304044,15,0
304056,304056,304057,1,0
304056,304056,304057,1,0
304056,304056,304057,1,0
304056,304056,304057,1,0
304056,304056,304057,1,0
304056,304056,304057,1,0
304056,304056,304057,1,0
304056,304056,304058,2,0
304056,304056,304058,2,0
304056,304056,304058,2,0
304056,304056,304058,2,0
304056,304056,304058,2,0
304056,304056,304058,2,0
304056,304056,304058,2,0
304056,304056,304058,2,0
304056,304057,304058,1,1
304056,304058,304059,1,2
304056,304056,304059,3,0
304056,304058,304059,1,2
304056,304058,304059,1,2
304056,304058,304059,1,2
304056,304058,304059,1,2
304056,304056,304059,3,0
304056,304058,304059,1,2
304056,304056,304060,4,0
304056,304056,304059,3,0
304056,304059,304060,1,3
304056,304056,304061,5,0
304056,304059,304060,1,3
304056,304059,304061,2,3
304056,304060,304061,1,4
304056,304060,304062,2,4
304056,304056,304061,5,0
304056,304059,304061,2,3
304056,304056,304062,6,0
304056,304060,304061,1,4
304056,304060,304062,2,4
304056,304060,304061,1,4
304056,304060,304061,1,4
304056,304059,304061,2,3
304056,304056,304061,5,0
304056,304059,304061,2,3
304056,304060,304061,1,4
304056,304059,304061,2,3
304056,304061,304062,1,5
304056,304056,304062,6,0
304056,304056,304062,6,0
304056,304059,304063,4,3
304056,304061,304062,1,5
304056,304059,304062,3,3
304056,304059,304062,3,3
304056,304061,304063,2,5
304056,304061,304062,1,5
304056,304056,304062,6,0
304056,304061,304062,1,5
304056,304056,304063,7,0
304056,304056,304063,7,0
304056,304056,304063,7,0
304056,304062,304063,1,6
304056,304062,304064,2,6
304056,304056,304063,7,0
304056,304056,304063,7,0
304056,304062,304063,1,6
304056,304056,304063,7,0
304056,304056,304063,7,0
304056,304062,304064,2,6
304056,304056,304065,9,0
304056,304056,304064,8,0
304056,304060,304065,5,4
304056,304056,304065,9,0
304056,304056,304066,10,0
304056,304056,304066,10,0
304056,304056,304066,10,0
304056,304056,304066,10,0
304056,304059,304066,7,3
304056,304056,304068,12,0
304056,304056,304067,11,0
304056,304056,304068,12,0
304056,304056,304069,13,0
304079,304079,304080,1,0
304079,304079,304081,2,0
304079,304079,304080,1,0
304079,304079,304080,1,0
304079,304079,304080,1,0
304079,304079,304080,1,0
304079,304079,304080,1,0
304079,304079,304081,2,0
304079,304079,304081,2,0
304079,304079,304081,2,0
304079,304079,304081,2,0
304079,304079,304081,2,0
304079,304080,304081,1,1
304079,304081,304083,2,2
304079,304079,304082,3,0
304079,304079,304083,4,0
304079,304081,304082,1,2
304079,304079,304082,3,0
304079,304081,304083,2,2
304079,304081,304082,1,2
304079,304079,304082,3,0
304079,304079,304082,3,0
304079,304079,304082,3,0
304079,304081,304083,2,2
304079,304081,304082,1,2
304079,304081,304082,1,2
304079,304079,304083,4,0
304079,304079,304082,3,0
304079,304079,304083,4,0
304079,304082,304083,1,3
304079,304082,304083,1,3
304079,304079,304083,4,0
304079,304082,304083,1,3
304079,304083,304084,1,4
304079,304079,304083,4,0
304079,304083,304085,2,4
304079,304079,304085,6,0
304079,304079,304084,5,0
304079,304082,304084,2,3
304079,304083,304085,2,4
304079,304083,304085,2,4
304079,304083,304085,2,4
304079,304082,304085,3,3
304079,304083,304085,2,4
304079,304083,304085,2,4
304079,304083,304085,2,4
304079,304083,304085,2,4
304079,304079,304086,7,0
304079,304084,304086,2,5
304079,304084,304086,2,5
304079,304084,304085,1,5
304079,304079,304086,7,0
304079,304083,304086,3,4
304079,304084,304085,1,5
304079,304084,304085,1,5
304079,304083,304085,2,4
304079,304083,304085,2,4
304079,304079,304087,8,0
304079,304079,304087,8,0
304079,304079,304087,8,0
304079,304079,304086,7,0
304079,304083,304086,3,4
304079,304084,304086,2,5
304079,304079,304087,8,0
304079,304079,304087,8,0
304079,304084,304086,2,5
304079,304083,304088,5,4
304079,304079,304087,8,0
304079,304079,304087,8,0
304079,304083,304088,5,4
304079,304079,304088,9,0
304079,304079,304089,10,0
304079,304079,304090,11,0
304079,304079,304090,11,0
304079,304079,304091,12,0
304079,304079,304090,11,0
304079,304079,304090,11,0
304079,304079,304091,12,0
304079,304079,304091,12,0
304102,304102,304103,1,0
304102,304102,304103,1,0
304102,304102,304104,2,0
304102,304102,304103,1,0
304102,304102,304103,1,0
304102,304102,304103,1,0
304102,304102,304103,1,0
304102,304102,304105,3,0
304102,304102,304104,2,0
304102,304102,304105,3,0
304102,304104,304105,1,2
304102,304102,304106,4,0
304102,304102,304106,4,0
304102,304104,304105,1,2
304102,304104,304105,1,2
304102,304104,304106,2,2
304102,304104,304106,2,2
304102,304104,304105,1,2
304102,304104,304106,2,2
304102,304102,304107,5,0
304102,304102,304107,5,0
304102,304105,304107,2,3
304102,304102,304107,5,0
304102,304105,304107,2,3
304102,304102,304106,4,0
304102,304106,304107,1,4
304102,304106,304107,1,4
304102,304105,304106,1,3
304102,304105,304106,1,3
304102,304106,304107,1,4
304102,304102,304107,5,0
304102,304102,304108,6,0
304102,304102,304108,6,0
304102,304106,304108,2,4
304102,304106,304108,2,4
304102,304107,304108,1,5
304102,304106,304108,2,4
304102,304106,304108,2,4
304102,304106,304108,2,4
304102,304107,304108,1,5
304102,304107,304108,1,5
304102,304107,304109,2,5
304102,304107,304109,2,5
304102,304102,304109,7,0
304102,304107,304109,2,5
304102,304107,304109,2,5
304102,304107,304108,1,5
304102,304102,304109,7,0
304102,304102,304109,7,0
304102,304107,304108,1,5
304102,304107,304109,2,5
304102,304102,304110,8,0
304102,304107,304109,2,5
304102,304108,304110,2,6
304102,304108,304110,2,6
304102,304108,304110,2,6
304102,304102,304110,8,0
304102,304102,304110,8,0
304102,304102,304110,8,0
304102,304102,304110,8,0
304102,304102,304110,8,0
304102,304102,304111,9,0
304102,304102,304110,8,0
304102,304102,304110,8,0
304102,304108,304110,2,6
304102,304108,304111,3,6
304102,304102,304111,9,0
304102,304102,304111,9,0
304102,304102,304112,10,0
304102,304102,304112,10,0
304102,304102,304111,9,0
304102,304102,304112,10,0
304102,304102,304112,10,0
304102,304102,304112,10,0
304102,304102,304114,12,0
304102,304102,304114,12,0
304102,304102,304115,13,0
304102,304102,304116,14,0
304102,304102,304119,17,0
304129,304129,304130,1,0
304129,304129,304130,1,0
304129,304129,304131,2,0
304129,304129,304130,1,0
304129,304129,304130,1,0
304129,304129,304130,1,0
304129,304129,304130,1,0
304129,304129,304132,3,0
304129,304131,304132,1,2
304129,304129,304133,4,0
304129,304131,304132,1,2
304129,304131,304132,1,2
304129,304131,304132,1,2
304129,304131,304133,2,2
304129,304131,304132,1,2
304129,304129,304134,5,0
304129,304131,304133,2,2
304129,304129,304133,4,0
304129,304132,304134,2,3
304129,304133,304134,1,4
304129,304129,304135,6,0
304129,304129,304135,6,0
304129,304129,304135,6,0
304129,304133,304134,1,4
304129,304129,304135,6,0
304129,304133,304134,1,4
304129,304129,304135,6,0
304129,304133,304134,1,4
304129,304133,304134,1,4
304129,304134,304135,1,5
304129,304134,304135,1,5
304129,304129,304135,6,0
304129,304129,304136,7,0
304129,304134,304135,1,5
304129,304129,304135,6,0
304129,304134,304135,1,5
304129,304135,304136,1,6
304129,304135,304136,1,6
304129,304129,304137,8,0
304129,304129,304136,7,0
304129,304129,304137,8,0
304129,304135,304137,2,6
304129,304129,304136,7,0
304129,304134,304136,2,5
304129,304129,304136,7,0
304129,304136,304137,1,7
304129,304129,304136,7,0
304129,304135,304136,1,6
304129,304136,304137,1,7
304129,304129,304136,7,0
304129,304135,304136,1,6
304129,304135,304136,1,6
304129,304135,304136,1,6
304129,304129,304137,8,0
304129,304135,304136,1,6
304129,304135,304136,1,6
304129,304136,304138,2,7
304129,304135,304137,2,6
304129,304135,304137,2,6
304129,304129,304137,8,0
304129,304129,304137,8,0
304129,304129,304137,8,0
304129,304129,304139,10,0
304129,304129,304139,10,0
304129,304129,304139,10,0
304129,304129,304138,9,0
304129,304136,304139,3,7
304129,304129,304138,9,0
304129,304133,304139,6,4
304129,304129,304138,9,0
304129,304129,304139,10,0
304129,304132,304139,7,3
304129,304129,304140,11,0
304129,304129,304140,11,0
304129,304129,304140,11,0
304129,304129,304141,12,0
304129,304129,304141,12,0
304129,304129,304143,14,0
304129,304129,304144,15,0
304153,304153,304154,1,0
304153,304153,304155,2,0
304153,304153,304155,2,0
304153,304153,304154,1,0
304153,304153,304155,2,0
304153,304153,304155,2,0
304153,304153,304155,2,0
304153,304155,304156,1,2
304153,304154,304156,2,1
304153,304153,304157,4,0
304153,304155,304157,2,2
304153,304153,304157,4,0
304153,304155,304156,1,2
304153,304155,304157,2,2
304153,304155,304157,2,2
304153,304153,304157,4,0
304153,304153,304158,5,0
304153,304153,304158,5,0
304153,304155,304158,3,2
304153,304156,304158,2,3
304153,304153,304159,6,0
304153,304153,304159,6,0
304153,304153,304159,6,0
304153,304156,304159,3,3
304153,304153,304159,6,0
304153,304153,304159,6,0
304153,304157,304159,2,4
304153,304157,304159,2,4
304153,304157,304159,2,4
304153,304157,304159,2,4
304153,304157,304159,2,4
304153,304159,304160,1,6
304153,304153,304160,7,0
304153,304153,304160,7,0
304153,304153,304160,7,0
304153,304158,304160,2,5
304153,304153,304160,7,0
304153,304153,304160,7,0
304153,304153,304160,7,0
304153,304159,304160,1,6
304153,304153,304160,7,0
304153,304153,304160,7,0
304153,304153,304161,8,0
304153,304153,304161,8,0
304153,304158,304161,3,5
304153,304153,304161,8,0
304153,304159,304161,2,6
304153,304153,304161,8,0
304153,304159,304161,2,6
304153,304159,304161,2,6
304153,304157,304161,4,4
304153,304153,304161,8,0
304153,304159,304161,2,6
304153,304153,304161,8,0
304153,304153,304161,8,0
304153,304160,304161,1,7
304153,304160,304161,1,7
304153,304160,304161,1,7
304153,304160,304161,1,7
304153,304153,304162,9,0
304153,304158,304162,4,5
304153,304153,304162,9,0
304153,304160,304162,2,7
304153,304160,304162,2,7
304153,304153,304163,10,0
304153,304153,304163,10,0
304153,304153,304163,10,0
304153,304153,304163,10,0
304153,304153,304163,10,0
304153,304153,304164,11,0
304153,304153,304163,10,0
304153,304153,304164,11,0
304153,304153,304165,12,0
304153,304153,304168,15,0
304179,304179,304180,1,0
304179,304179,304180,1,0
304179,304179,304180,1,0
304179,304179,304180,1,0
304179,304179,304180,1,0
304179,304179,304180,1,0
304179,304179,304180,1,0
304179,304181,304182,1,2
304179,304179,304182,3,0
304179,304181,304182,1,2
304179,304181,304183,2,2
304179,304181,304182,1,2
304179,304179,304183,4,0
304179,304181,304183,2,2
304179,304181,304183,2,2
304179,304181,304183,2,2
304179,304182,304183,1,3
304179,304179,304183,4,0
304179,304183,304184,1,4
304179,304179,304184,5,0
304179,304179,304184,5,0
304179,304179,304185,6,0
304179,304179,304184,5,0
304179,304183,304184,1,4
304179,304183,304184,1,4
304179,304179,304185,6,0
304179,304179,304184,5,0
304179,304183,304184,1,4
304179,304179,304185,6,0
304179,304179,304185,6,0
304179,304179,304185,6,0
304179,304179,304185,6,0
304179,304179,304186,7,0
304179,304179,304185,6,0
304179,304179,304185,6,0
304179,304184,304185,1,5
304179,304184,304186,2,5
304179,304184,304185,1,5
304179,304179,304186,7,0
304179,304185,304186,1,6
304179,304185,304186,1,6
304179,304184,304186,2,5
304179,304184,304186,2,5
304179,304185,304186,1,6
304179,304186,304187,1,7
304179,304186,304187,1,7
304179,304179,304186,7,0
304179,304185,304186,1,6
304179,304185,304186,1,6
304179,304186,304187,1,7
304179,304185,304186,1,6
304179,304185,304186,1,6
304179,304184,304186,2,5
304179,304185,304186,1,6
304179,304179,304187,8,0
304179,304179,304187,8,0
304179,304179,304188,9,0
304179,304184,304187,3,5
304179,304179,304187,8,0
304179,304185,304187,2,6
304179,304179,304187,8,0
304179,304179,304187,8,0
304179,304179,304188,9,0
304179,304186,304187,1,7
304179,304186,304187,1,7
304179,304179,304188,9,0
304179,304179,304189,10,0
304179,304179,304188,9,0
304179,304186,304188,2,7
304179,304186,304188,2,7
304179,304179,304188,9,0
304179,304179,304189,10,0
304179,304179,304189,10,0
304179,304179,304189,10,0
304179,304179,304189,10,0
304179,304179,304190,11,0
304179,304179,304190,11,0
304179,304179,304193,14,0
304179,304179,304193,14,0
304204,304204,304206,2,0
304204,304204,304205,1,0
304204,304204,304206,2,0
304204,304204,304206,2,0
304204,304204,304205,1,0
304204,304204,304206,2,0
304204,304204,304205,1,0
304204,304204,304207,3,0
304204,304206,304207,1,2
304204,304204,304208,4,0
304204,304206,304208,2,2
304204,304206,304208,2,2
304204,304206,304208,2,2
304204,304207,304208,1,3
304204,304206,304208,2,2
304204,304207,304208,1,3
304204,304204,304209,5,0
304204,304206,304208,2,2
304204,304206,304209,3,2
304204,304204,304210,6,0
304204,304204,304210,6,0
304204,304204,304210,6,0
304204,304204,304210,6,0
304204,304208,304210,2,4
304204,304204,304210,6,0
304204,304208,304210,2,4
304204,304208,304210,2,4
304204,304208,304210,2,4
304204,304208,304210,2,4
304204,304204,304210,6,0
304204,304204,304210,6,0
304204,304208,304210,2,4
304204,304208,304210,2,4
304204,304204,304211,7,0
304204,304204,304211,7,0
304204,304204,304211,7,0
304204,304204,304211,7,0
304204,304209,304211,2,5
304204,304204,304210,6,0
304204,304204,304210,6,0
304204,304209,304211,2,5
304204,304204,304211,7,0
304204,304204,304211,7,0
304204,304211,304212,1,7
304204,304211,304212,1,7
304204,304204,304212,8,0
304204,304204,304212,8,0
304204,304209,304211,2,5
304204,304210,304212,2,6
304204,304210,304212,2,6
304204,304210,304212,2,6
304204,304204,304212,8,0
304204,304210,304212,2,6
304204,304204,304211,7,0
304204,304204,304212,8,0
304204,304210,304212,2,6
304204,304210,304212,2,6
304204,304211,304212,1,7
304204,304211,304212,1,7
304204,304211,304212,1,7
304204,304211,304212,1,7
304204,304211,304212,1,7
304204,304204,304213,9,0
304204,304211,304213,2,7
304204,304211,304213,2,7
304204,304210,304212,2,6
304204,304204,304213,9,0
304204,304204,304214,10,0
304204,304204,304216,12,0
304204,304204,304216,12,0
304204,304204,304216,12,0
304204,304204,304216,12,0
304204,304204,304217,13,0
304204,304204,304217,13,0
304204,304204,304218,14,0
304204,304204,304218,14,0
304204,304204,304220,16,0
304204,304204,304220,16,0
304204,304204,304223,19,0
304234,304234,304235,1,0
304234,304234,304235,1,0
304234,304234,304235,1,0
304234,304234,304235,1,0
304234,304234,304235,1,0
304234,304234,304235,1,0
304234,304234,304235,1,0
304234,304235,304236,1,1
304234,304234,304236,2,0
304234,304234,304237,3,0
304234,304234,304237,3,0
304234,304236,304237,1,2
304234,304234,304237,3,0
304234,304236,304237,1,2
304234,304234,304237,3,0
304234,304234,304238,4,0
304234,304234,304238,4,0
304234,304236,304237,1,2
304234,304234,304237,3,0
304234,304236,304237,1,2
304234,304236,304237,1,2
304234,304236,304238,2,2
304234,304236,304237,1,2
304234,304234,304238,4,0
304234,304234,304239,5,0
304234,304234,304239,5,0
304234,304234,304239,5,0
304234,304237,304239,2,3
304234,304237,304239,2,3
304234,304237,304238,1,3
304234,304234,304240,6,0
304234,304238,304240,2,4
304234,304238,304240,2,4
304234,304234,304240,6,0
304234,304234,304240,6,0
304234,304238,304240,2,4
304234,304237,304240,3,3
304234,304237,304240,3,3
304234,304238,304240,2,4
304234,304234,304240,6,0
304234,304234,304239,5,0
304234,304234,304239,5,0
304234,304238,304239,1,4
304234,304238,304240,2,4
304234,304238,304240,2,4
304234,304238,304240,2,4
304234,304237,304240,3,3
304234,304234,304241,7,0
304234,304238,304241,3,4
304234,304239,304241,2,5
304234,304240,304241,1,6
304234,304240,304241,1,6
304234,304234,304241,7,0
304234,304234,304241,7,0
304234,304239,304241,2,5
304234,304239,304241,2,5
304234,304239,304242,3,5
304234,304239,304241,2,5
304234,304234,304241,7,0
304234,304240,304242,2,6
304234,304239,304241,2,5
304234,304234,304241,7,0
304234,304239,304242,3,5
304234,304240,304242,2,6
304234,304240,304242,2,6
304234,304234,304242,8,0
304234,304234,304242,8,0
304234,304234,304242,8,0
304234,304234,304244,10,0
304234,304234,304244,10,0
304234,304234,304244,10,0
304234,304234,304245,11,0
304234,304234,304245,11,0
304234,304234,304246,12,0
304234,304234,304247,13,0
304234,304234,304246,12,0
304234,304234,304247,13,0
304234,304234,304247,13,0
304234,304234,304246,12,0
304257,304257,304259,2,0
304257,304257,304258,1,0
304257,304257,304259,2,0
304257,304257,304259,2,0
304257,304257,304259,2,0
304257,304257,304259,2,0
304257,304257,304259,2,0
304257,304257,304260,3,0
304257,304257,304260,3,0
304257,304257,304261,4,0
304257,304257,304261,4,0
304257,304257,304261,4,0
304257,304257,304261,4,0
304257,304257,304261,4,0
304257,304257,304261,4,0
304257,304259,304261,2,2
304257,304259,304261,2,2
304257,304259,304261,2,2
304257,304259,304261,2,2
304257,304259,304261,2,2
304257,304257,304262,5,0
304257,304257,304262,5,0
304257,304257,304262,5,0
304257,304259,304261,2,2
304257,304259,304262,3,2
304257,304261,304262,1,4
304257,304257,304262,5,0
304257,304260,304263,3,3
304257,304261,304262,1,4
304257,304257,304263,6,0
304257,304261,304263,2,4
304257,304257,304263,6,0
304257,304261,304262,1,4
304257,304261,304262,1,4
304257,304257,304263,6,0
304257,304261,304263,2,4
304257,304257,304264,7,0
304257,304257,304264,7,0
304257,304261,304264,3,4
304257,304257,304264,7,0
304257,304260,304264,4,3
304257,304261,304263,2,4
304257,304261,304264,3,4
304257,304261,304264,3,4
304257,304257,304264,7,0
304257,304257,304264,7,0
304257,304257,304264,7,0
304257,304263,304264,1,6
304257,304257,304264,7,0
304257,304262,304264,2,5
304257,304262,304264,2,5
304257,304257,304264,7,0
304257,304262,304265,3,5
304257,304262,304265,3,5
304257,304262,304265,3,5
304257,304263,304265,2,6
304257,304263,304265,2,6
304257,304257,304265,8,0
304257,304263,304265,2,6
304257,304257,304265,8,0
304257,304257,304265,8,0
304257,304264,304265,1,7
304257,304257,304266,9,0
304257,304261,304266,5,4
304257,304263,304266,3,6
304257,304257,304266,9,0
304257,304257,304266,9,0
304257,304257,304266,9,0
304257,304257,304267,10,0
304257,304257,304268,11,0
304257,304257,304268,11,0
304257,304257,304269,12,0
304257,304257,304269,12,0
304257,304257,304270,13,0
304257,304257,304275,18,0
304286,304286,304287,1,0
304286,304286,304287,1,0
304286,304286,304287,1,0
304286,304286,304287,1,0
304286,304286,304288,2,0
304286,304286,304287,1,0
304286,304286,304287,1,0
304286,304286,304289,3,0
304286,304286,304290,4,0
304286,304288,304290,2,2
304286,304286,304290,4,0
304286,304286,304290,4,0
304286,304286,304290,4,0
304286,304288,304290,2,2
304286,304288,304290,2,2
304286,304287,304289,2,1
304286,304288,304290,2,2
304286,304288,304290,2,2
304286,304286,304291,5,0
304286,304286,304290,4,0
304286,304286,304291,5,0
304286,304286,304290,4,0
304286,304286,304291,5,0
304286,304286,304291,5,0
304286,304286,304291,5,0
304286,304288,304290,2,2
304286,304289,304291,2,3
304286,304290,304292,2,4
304286,304290,304292,2,4
304286,304286,304292,6,0
304286,304286,304292,6,0
304286,304290,304292,2,4
304286,304290,304292,2,4
304286,304290,304291,1,4
304286,304291,304292,1,5
304286,304291,304293,2,5
304286,304290,304293,3,4
304286,304290,304293,3,4
304286,304286,304293,7,0
304286,304292,304293,1,6
304286,304286,304292,6,0
304286,304286,304293,7,0
304286,304292,304293,1,6
304286,304286,304293,7,0
304286,304290,304292,2,4
304286,304291,304293,2,5
304286,304286,304293,7,0
304286,304291,304294,3,5
304286,304286,304294,8,0
304286,304291,304294,3,5
304286,304291,304294,3,5
304286,304290,304294,4,4
304286,304286,304294,8,0
304286,304290,304294,4,4
304286,304291,304293,2,5
304286,304286,304293,7,0
304286,304286,304294,8,0
304286,304292,304293,1,6
304286,304286,304294,8,0
304286,304292,304293,1,6
304286,304292,304293,1,6
304286,304286,304294,8,0
304286,304292,304294,2,6
304286,304292,304294,2,6
304286,304291,304295,4,5
304286,304286,304295,9,0
304286,304286,304295,9,0
304286,304291,304295,4,5
304286,304286,304295,9,0
304286,304286,304295,9,0
304286,304286,304295,9,0
304286,304286,304295,9,0
304286,304286,304294,8,0
304286,304292,304295,3,6
304286,304286,304295,9,0
304286,304286,304295,9,0
304286,304286,304296,10,0
304286,304286,304297,11,0
304286,304286,304300,14,0
304311,304311,304312,1,0
304311,304311,304312,1,0
304311,304311,304312,1,0
304311,304311,304312,1,0
304311,304311,304312,1,0
304311,304311,304313,2,0
304311,304311,304313,2,0
304311,304311,304314,3,0
304311,304311,304314,3,0
304311,304312,304314,2,1
304311,304311,304315,4,0
304311,304311,304314,3,0
304311,304312,304314,2,1
304311,304311,304314,3,0
304311,304313,304315,2,2
304311,304313,304315,2,2
304311,304313,304315,2,2
304311,304313,304315,2,2
304311,304313,304315,2,2
304311,304311,304315,4,0
304311,304311,304316,5,0
304311,304311,304315,4,0
304311,304311,304316,5,0
304311,304311,304316,5,0
304311,304314,304315,1,3
304311,304311,304316,5,0
304311,304311,304316,5,0
304311,304314,304316,2,3
304311,304314,304317,3,3
304311,304311,304317,6,0
304311,304315,304317,2,4
304311,304311,304317,6,0
304311,304315,304317,2,4
304311,304311,304318,7,0
304311,304311,304318,7,0
304311,304316,304318,2,5
304311,304315,304318,3,4
304311,304311,304318,7,0
304311,304311,304318,7,0
304311,304316,304317,1,5
304311,304315,304317,2,4
304311,304315,304317,2,4
304311,304315,304317,2,4
304311,304315,304318,3,4
304311,304315,304318,3,4
304311,304317,304318,1,6
304311,304317,304318,1,6
304311,304316,304318,2,5
304311,304316,304319,3,5
304311,304317,304319,2,6
304311,304316,304318,2,5
304311,304315,304318,3,4
304311,304317,304319,2,6
304311,304311,304318,7,0
304311,304311,304319,8,0
304311,304317,304318,1,6
304311,304317,304318,1,6
304311,304311,304318,7,0
304311,304311,304319,8,0
304311,304317,304319,2,6
304311,304311,304319,8,0
304311,304311,304319,8,0
304311,304316,304319,3,5
304311,304318,304320,2,7
304311,304317,304320,3,6
304311,304311,304319,8,0
304311,304311,304320,9,0
304311,304311,304319,8,0
304311,304311,304319,8,0
304311,304311,304321,10,0
304311,304311,304321,10,0
304311,304318,304320,2,7
304311,304311,304322,11,0
304311,304311,304322,11,0
304311,304311,304321,10,0
304311,304311,304322,11,0
304311,304311,304323,12,0
304311,304311,304323,12,0
304311,304311,304325,14,0
304336,304336,304337,1,0
304336,304336,304337,1,0
304336,304336,304338,2,0
304336,304336,304337,1,0
304336,304336,304338,2,0
304336,304336,304337,1,0
304336,304336,304338,2,0
304336,304336,304339,3,0
304336,304336,304339,3,0
304336,304338,304339,1,2
304336,304338,304340,2,2
304336,304336,304339,3,0
304336,304336,304339,3,0
304336,304338,304339,1,2
304336,304336,304340,4,0
304336,304338,304340,2,2
304336,304338,304340,2,2
304336,304336,304341,5,0
304336,304336,304341,5,0
304336,304336,304340,4,0
304336,304336,304340,4,0
304336,304336,304340,4,0
304336,304336,304340,4,0
304336,304338,304340,2,2
304336,304339,304341,2,3
304336,304338,304340,2,2
304336,304336,304341,5,0
304336,304336,304341,5,0
304336,304340,304342,2,4
304336,304340,304342,2,4
304336,304336,304343,7,0
304336,304336,304342,6,0
304336,304340,304342,2,4
304336,304341,304343,2,5
304336,304341,304343,2,5
304336,304336,304342,6,0
304336,304340,304342,2,4
304336,304341,304342,1,5
304336,304336,304342,6,0
304336,304336,304342,6,0
304336,304340,304342,2,4
304336,304342,304343,1,6
304336,304341,304343,2,5
304336,304341,304343,2,5
304336,304340,304342,2,4
304336,304342,304343,1,6
304336,304341,304344,3,5
304336,304341,304344,3,5
304336,304339,304344,5,3
304336,304342,304344,2,6
304336,304339,304344,5,3
304336,304342,304344,2,6
304336,304336,304344,8,0
304336,304343,304344,1,7
304336,304336,304343,7,0
304336,304336,304345,9,0
304336,304336,304345,9,0
304336,304341,304345,4,5
304336,304343,304345,2,7
304336,304340,304345,5,4
304336,304343,304345,2,7
304336,304343,304345,2,7
304336,304336,304345,9,0
304336,304336,304346,10,0
304336,304336,304346,10,0
304336,304341,304346,5,5
304336,304343,304346,3,7
304336,304336,304346,10,0
304336,304336,304345,9,0
304336,304336,304346,10,0
304336,304336,304346,10,0
304336,304336,304347,11,0
304336,304336,304347,11,0
304336,304336,304347,11,0
304336,304336,304347,11,0
304336,304336,304348,12,0
304336,304336,304348,12,0
304336,304336,304351,15,0
304336,304336,304351,15,0
304362,304362,304364,2,0
304362,304362,304363,1,0
304362,304362,304363,1,0
304362,304362,304363,1,0
304362,304362,304364,2,0
304362,304362,304364,2,0
304362,304362,304364,2,0
304362,304362,304366,4,0
304362,304362,304365,3,0
304362,304362,304366,4,0
304362,304364,304366,2,2
304362,304362,304366,4,0
304362,304364,304365,1,2
304362,304364,304365,1,2
304362,304364,304365,1,2
304362,304364,304365,1,2
304362,304364,304366,2,2
304362,304362,304367,5,0
304362,304362,304366,4,0
304362,304364,304367,3,2
304362,304362,304366,4,0
304362,304362,304368,6,0
304362,304366,304368,2,4
304362,304366,304368,2,4
304362,304362,304368,6,0
304362,304366,304368,2,4
304362,304366,304368,2,4
304362,304366,304368,2,4
304362,304366,304369,3,4
304362,304362,304369,7,0
304362,304366,304368,2,4
304362,304367,304369,2,5
304362,304368,304369,1,6
304362,304366,304369,3,4
304362,304362,304369,7,0
304362,304366,304369,3,4
304362,304362,304369,7,0
304362,304366,304368,2,4
304362,304368,304370,2,6
304362,304362,304369,7,0
304362,304362,304369,7,0
304362,304367,304370,3,5
304362,304368,304370,2,6
304362,304362,304369,7,0
304362,304362,304370,8,0
304362,304368,304369,1,6
304362,304367,304369,2,5
304362,304362,304370,8,0
304362,304369,304370,1,7
304362,304368,304370,2,6
304362,304362,304369,7,0
304362,304368,304369,1,6
304362,304368,304370,2,6
304362,304369,304370,1,7
304362,304362,304371,9,0
304362,304362,304371,9,0
304362,304362,304371,9,0
304362,304362,304371,9,0
304362,304362,304371,9,0
304362,304369,304371,2,7
304362,304369,304370,1,7
304362,304369,304371,2,7
304362,304362,304370,8,0
304362,304369,304370,1,7
304362,304362,304371,9,0
304362,304369,304371,2,7
304362,304367,304372,5,5
304362,304362,304373,11,0
304362,304362,304372,10,0
304362,304362,304373,11,0
304362,304362,304373,11,0
304362,304362,304374,12,0
304362,304362,304373,11,0
304362,304362,304374,12,0
304362,304362,304374,12,0
304362,304362,304375,13,0
304362,304362,304376,14,0
304362,304362,304378,16,0
304362,304362,304378,16,0
304389,304390,304391,1,1
304389,304390,304391,1,1
304389,304390,304391,1,1
304389,304390,304391,1,1
304389,304390,304391,1,1
304389,304390,304391,1,1
304389,304390,304391,1,1
304389,304390,304392,2,1
304389,304390,304392,2,1
304389,304390,304392,2,1
304389,304391,304392,1,2
304389,304392,304394,2,3
304389,304392,304393,1,3
304389,304390,304394,4,1
304389,304392,304394,2,3
304389,304392,304394,2,3
304389,304392,304394,2,3
304389,304390,304394,4,1
304389,304393,304395,2,4
304389,304392,304394,2,3
304389,304390,304395,5,1
304389,304390,304395,5,1
304389,304393,304395,2,4
304389,304394,304395,1,5
304389,304395,304396,1,6
304389,304393,304396,3,4
304389,304390,304396,6,1
304389,304393,304396,3,4
304389,304390,304396,6,1
304389,304395,304396,1,6
304389,304390,304396,6,1
304389,304395,304396,1,6
304389,304395,304396,1,6
304389,304390,304396,6,1
304389,304395,304396,1,6
304389,304394,304396,2,5
304389,304395,304396,1,6
304389,304396,304397,1,7
304389,304396,304397,1,7
304389,304396,304397,1,7
304389,304396,304398,2,7
304389,304390,304398,8,1
304389,304397,304398,1,8
304389,304390,304397,7,1
304389,304390,304397,7,1
304389,304390,304397,7,1
304389,304390,304397,7,1
304389,304397,304398,1,8
304389,304397,304398,1,8
304389,304390,304398,8,1
304389,304397,304398,1,8
304389,304396,304398,2,7
304389,304395,304398,3,6
304389,304390,304398,8,1
304389,304397,304398,1,8
304389,304390,304398,8,1
304389,304397,304398,1,8
304389,304397,304398,1,8
304389,304390,304398,8,1
304389,304390,304398,8,1
304389,304397,304398,1,8
304389,304397,304398,1,8
304389,304390,304399,9,1
304389,304390,304400,10,1
304389,304397,304399,2,8
304389,304390,304401,11,1
304389,304390,304400,10,1
304389,304390,304401,11,1
304389,304390,304401,11,1
304389,304390,304401,11,1
304389,304390,304402,12,1
304389,304390,304402,12,1
304389,304390,304402,12,1
304389,304390,304403,13,1
304389,304390,304403,13,1
304389,304390,304404,14,1
304389,304390,304406,16,1
304389,304390,304406,16,1
304389,304390,304407,17,1
304418,304418,304419,1,0
304418,304418,304419,1,0
304418,304418,304420,2,0
304418,304418,304420,2,0
304418,304418,304419,1,0
304418,304418,304419,1,0
304418,304418,304420,2,0
304418,304418,304420,2,0
304418,304418,304421,3,0
304418,304419,304421,2,1
304418,304418,304422,4,0
304418,304418,304422,4,0
304418,304418,304422,4,0
304418,304420,304422,2,2
304418,304420,304422,2,2
304418,304420,304422,2,2
304418,304420,304422,2,2
304418,304418,304422,4,0
304418,304418,304423,5,0
304418,304418,304422,4,0
304418,304421,304423,2,3
304418,304420,304423,3,2
304418,304418,304422,4,0
304418,304420,304422,2,2
304418,304422,304424,2,4
304418,304422,304424,2,4
304418,304422,304424,2,4
304418,304423,304424,1,5
304418,304422,304424,2,4
304418,304418,304425,7,0
304418,304422,304425,3,4
304418,304422,304425,3,4
304418,304418,304425,7,0
304418,304418,304425,7,0
304418,304423,304425,2,5
304418,304418,304425,7,0
304418,304424,304425,1,6
304418,304423,304425,2,5
304418,304424,304425,1,6
304418,304418,304425,7,0
304418,304423,304425,2,5
304418,304418,304425,7,0
304418,304425,304426,1,7
304418,304421,304426,5,3
304418,304421,304426,5,3
304418,304423,304426,3,5
304418,304418,304426,8,0
304418,304418,304426,8,0
304418,304418,304426,8,0
304418,304425,304426,1,7
304418,304425,304426,1,7
304418,304418,304426,8,0
304418,304425,304426,1,7
304418,304423,304427,4,5
304418,304422,304427,5,4
304418,304425,304427,2,7
304418,304425,304427,2,7
304418,304418,304427,9,0
304418,304418,304427,9,0
304418,304418,304427,9,0
304418,304418,304428,10,0
304418,304418,304428,10,0
304418,304423,304428,5,5
304418,304418,304428,10,0
304418,304425,304428,3,7
304418,304418,304429,11,0
304418,304418,304430,12,0
304418,304418,304430,12,0
304418,304418,304430,12,0
304418,304418,304430,12,0
304418,304418,304431,13,0
304418,304418,304431,13,0
304418,304418,304431,13,0
304418,304418,304432,14,0
304418,304418,304433,15,0
304418,304418,304433,15,0
304418,304418,304434,16,0
304445,304445,304446,1,0
304445,304445,304446,1,0
304445,304445,304446,1,0
304445,304445,304446,1,0
304445,304445,304446,1,0
304445,304445,304446,1,0
304445,304445,304446,1,0
304445,304445,304448,3,0
304445,304445,304447,2,0
304445,304446,304447,1,1
304445,304446,304448,2,1
304445,304445,304448,3,0
304445,304445,304448,3,0
304445,304445,304448,3,0
304445,304445,304448,3,0
304445,304445,304449,4,0
304445,304446,304448,2,1
304445,304447,304449,2,2
304445,304447,304448,1,2
304445,304447,304449,2,2
304445,304445,304450,5,0
304445,304445,304450,5,0
304445,304447,304449,2,2
304445,304449,304450,1,4
304445,304448,304449,1,3
304445,304448,304449,1,3
304445,304448,304449,1,3
304445,304448,304450,2,3
304445,304449,304450,1,4
304445,304445,304450,5,0
304445,304445,304450,5,0
304445,304445,304451,6,0
304445,304449,304451,2,4
304445,304450,304451,1,5
304445,304450,304451,1,5
304445,304449,304450,1,4
304445,304449,304451,2,4
304445,304450,304451,1,5
304445,304449,304451,2,4
304445,304449,304452,3,4
304445,304445,304451,6,0
304445,304451,304452,1,6
304445,304445,304452,7,0
304445,304445,304452,7,0
304445,304450,304452,2,5
304445,304449,304452,3,4
304445,304450,304451,1,5
304445,304450,304451,1,5
304445,304451,304452,1,6
304445,304445,304451,6,0
304445,304445,304452,7,0
304445,304451,304452,1,6
304445,304445,304452,7,0
304445,304445,304452,7,0
304445,304445,304453,8,0
304445,304451,304452,1,6
304445,304450,304453,3,5
304445,304445,304452,7,0
304445,304445,304452,7,0
304445,304445,304452,7,0
304445,304451,304453,2,6
304445,304451,304453,2,6
304445,304451,304453,2,6
304445,304451,304453,2,6
304445,304445,304453,8,0
304445,304445,304452,7,0
304445,304445,304453,8,0
304445,304445,304453,8,0
304445,304445,304453,8,0
304445,304445,304454,9,0
304445,304449,304453,4,4
304445,304445,304454,9,0
304445,304445,304454,9,0
304445,304445,304454,9,0
304445,304445,304455,10,0
304445,304445,304455,10,0
304445,304445,304456,11,0
304445,304445,304457,12,0
304445,304445,304458,13,0
304469,304469,304470,1,0
304469,304469,304470,1,0
304469,304469,304470,1,0
304469,304469,304470,1,0
304469,304469,304470,1,0
304469,304469,304470,1,0
304469,304469,304470,1,0
304469,304469,304471,2,0
304469,304471,304472,1,2
304469,304469,304472,3,0
304469,304469,304472,3,0
304469,304471,304472,1,2
304469,304471,304472,1,2
304469,304471,304473,2,2
304469,304470,304472,2,1
304469,304469,304473,4,0
304469,304469,304474,5,0
304469,304469,304473,4,0
304469,304469,304473,4,0
304469,304471,304473,2,2
304469,304472,304473,1,3
304469,304471,304473,2,2
304469,304472,304473,1,3
304469,304469,304474,5,0
304469,304473,304474,1,4
304469,304473,304474,1,4
304469,304473,304474,1,4
304469,304474,304475,1,5
304469,304473,304474,1,4
304469,304469,304475,6,0
304469,304473,304476,3,4
304469,304474,304475,1,5
304469,304474,304475,1,5
304469,304474,304476,2,5
304469,304469,304475,6,0
304469,304469,304475,6,0
304469,304469,304475,6,0
304469,304474,304475,1,5
304469,304469,304476,7,0
304469,304474,304475,1,5
304469,304469,304475,6,0
304469,304475,304476,1,6
304469,304469,304475,6,0
304469,304474,304475,1,5
304469,304475,304476,1,6
304469,304469,304476,7,0
304469,304475,304476,1,6
304469,304475,304476,1,6
304469,304473,304476,3,4
304469,304474,304476,2,5
304469,304469,304476,7,0
304469,304475,304476,1,6
304469,304469,304476,7,0
304469,304475,304476,1,6
304469,304469,304477,8,0
304469,304476,304477,1,7
304469,304476,304477,1,7
304469,304469,304477,8,0
304469,304476,304478,2,7
304469,304476,304477,1,7
304469,304476,304477,1,7
304469,304476,304477,1,7
304469,304469,304478,9,0
304469,304469,304477,8,0
304469,304469,304477,8,0
304469,304469,304478,9,0
304469,304469,304478,9,0
304469,304469,304478,9,0
304469,304469,304479,10,0
304469,304469,304479,10,0
304469,304469,304480,11,0
304469,304469,304479,10,0
304469,304469,304480,11,0
304469,304469,304480,11,0
304469,304469,304481,12,0
304469,304469,304481,12,0
304469,304469,304482,13,0
304469,304469,304483,14,0
304469,304469,304485,16,0
304496,304496,304497,1,0
304496,304496,304497,1,0
304496,304496,304497,1,0
304496,304496,304498,2,0
304496,304496,304497,1,0
304496,304496,304497,1,0
304496,304496,304498,2,0
304496,304497,304499,2,1
304496,304496,304500,4,0
304496,304496,304500,4,0
304496,304496,304500,4,0
304496,304498,304500,2,2
304496,304498,304500,2,2
304496,304497,304500,3,1
304496,304498,304500,2,2
304496,304498,304500,2,2
304496,304499,304501,2,3
304496,304500,304501,1,4
304496,304500,304501,1,4
304496,304500,304501,1,4
304496,304496,304502,6,0
304496,304496,304502,6,0
304496,304496,304502,6,0
304496,304496,304502,6,0
304496,304500,304502,2,4
304496,304500,304501,1,4
304496,304499,304501,2,3
304496,304500,304502,2,4
304496,304501,304502,1,5
304496,304501,304502,1,5
304496,304496,304503,7,0
304496,304500,304503,3,4
304496,304496,304503,7,0
304496,304501,304503,2,5
304496,304496,304503,7,0
304496,304496,304503,7,0
304496,304502,304503,1,6
304496,304496,304503,7,0
304496,304496,304503,7,0
304496,304501,304502,1,5
304496,304496,304503,7,0
304496,304502,304503,1,6
304496,304502,304503,1,6
304496,304496,304503,7,0
304496,304496,304503,7,0
304496,304501,304502,1,5
304496,304502,304503,1,6
304496,304496,304503,7,0
304496,304502,304504,2,6
304496,304502,304504,2,6
304496,304496,304504,8,0
304496,304496,304504,8,0
304496,304496,304503,7,0
304496,304496,304504,8,0
304496,304502,304503,1,6
304496,304496,304505,9,0
304496,304496,304505,9,0
304496,304502,304505,3,6
304496,304502,304505,3,6
304496,304496,304505,9,0
304496,304496,304504,8,0
304496,304503,304505,2,7
304496,304502,304505,3,6
304496,304503,304505,2,7
304496,304503,304504,1,7
304496,304503,304504,1,7
304496,304496,304505,9,0
304496,304496,304505,9,0
304496,304503,304505,2,7
304496,304496,304505,9,0
304496,304496,304506,10,0
304496,304496,304507,11,0
304496,304496,304507,11,0
304496,304496,304507,11,0
304496,304496,304508,12,0
304496,304496,304509,13,0
304496,304496,304510,14,0
304496,304496,304510,14,0
304496,304496,304512,16,0
304523,304523,304524,1,0
304523,304523,304524,1,0
304523,304523,304524,1,0
304523,304523,304524,1,0
304523,304523,304524,1,0
304523,304523,304525,2,0
304523,304523,304524,1,0
304523,304523,304524,1,0
304523,304524,304526,2,1
304523,304525,304526,1,2
304523,304523,304526,3,0
304523,304523,304526,3,0
304523,304525,304526,1,2
304523,304525,304527,2,2
304523,304525,304526,1,2
304523,304525,304526,1,2
304523,304525,304526,1,2
304523,304526,304527,1,3
304523,304525,304527,2,2
304523,304526,304527,1,3
304523,304523,304527,4,0
304523,304523,304528,5,0
304523,304523,304528,5,0
304523,304523,304527,4,0
304523,304523,304528,5,0
304523,304527,304528,1,4
304523,304527,304528,1,4
304523,304527,304529,2,4
304523,304527,304529,2,4
304523,304527,304528,1,4
304523,304527,304528,1,4
304523,304527,304528,1,4
304523,304527,304529,2,4
304523,304527,304528,1,4
304523,304527,304528,1,4
304523,304523,304529,6,0
304523,304528,304529,1,5
304523,304528,304529,1,5
304523,304523,304529,6,0
304523,304523,304530,7,0
304523,304523,304529,6,0
304523,304523,304530,7,0
304523,304523,304530,7,0
304523,304523,304530,7,0
304523,304523,304530,7,0
304523,304529,304530,1,6
304523,304529,304530,1,6
304523,304528,304530,2,5
304523,304528,304529,1,5
304523,304528,304529,1,5
304523,304523,304529,6,0
304523,304523,304531,8,0
304523,304523,304530,7,0
304523,304523,304530,7,0
304523,304528,304530,2,5
304523,304528,304531,3,5
304523,304529,304530,1,6
304523,304529,304530,1,6
304523,304523,304530,7,0
304523,304523,304530,7,0
304523,304523,304530,7,0
304523,304523,304531,8,0
304523,304529,304530,1,6
304523,304529,304530,1,6
304523,304529,304530,1,6
304523,304529,304531,2,6
304523,304523,304532,9,0
304523,304523,304531,8,0
304523,304523,304531,8,0
304523,304523,304532,9,0
304523,304523,304532,9,0
304523,304523,304532,9,0
304523,304523,304533,10,0
304523,304523,304533,10,0
304523,304523,304534,11,0
304523,304523,304536,13,0
304523,304523,304537,14,0
304523,304523,304536,13,0
304523,304523,304537,14,0
304548,304548,304549,1,0
304548,304548,304549,1,0
304548,304548,304549,1,0
304548,304548,304549,1,0
304548,304548,304549,1,0
304548,304548,304549,1,0
304548,304548,304549,1,0
304548,304548,304550,2,0
304548,304549,304551,2,1
304548,304548,304552,4,0
304548,304548,304552,4,0
304548,304550,304552,2,2
304548,304549,304551,2,1
304548,304550,304551,1,2
304548,304550,304551,1,2
304548,304548,304553,5,0
304548,304550,304552,2,2
304548,304550,304552,2,2
304548,304552,304553,1,4
304548,304548,304553,5,0
304548,304551,304552,1,3
304548,304551,304552,1,3
304548,304552,304553,1,4
304548,304548,304553,5,0
304548,304548,304554,6,0
304548,304548,304553,5,0
304548,304548,304554,6,0
304548,304548,304554,6,0
304548,304552,304554,2,4
304548,304552,304553,1,4
304548,304548,304554,6,0
304548,304548,304553,5,0
304548,304553,304554,1,5
304548,304548,304555,7,0
304548,304548,304554,6,0
304548,304548,304555,7,0
304548,304552,304554,2,4
304548,304548,304555,7,0
304548,304553,304554,1,5
304548,304553,304555,2,5
304548,304548,304555,7,0
304548,304548,304554,6,0
304548,304553,304554,1,5
304548,304554,304555,1,6
304548,304548,304555,7,0
304548,304548,304555,7,0
304548,304554,304555,1,6
304548,304554,304555,1,6
304548,304548,304555,7,0
304548,304553,304554,1,5
304548,304553,304555,2,5
304548,304554,304555,1,6
304548,304553,304554,1,5
304548,304554,304555,1,6
304548,304554,304555,1,6
304548,304548,304555,7,0
304548,304553,304556,3,5
304548,304548,304555,7,0
304548,304548,304556,8,0
304548,304548,304556,8,0
304548,304552,304555,3,4
304548,304548,304556,8,0
304548,304548,304556,8,0
304548,304554,304556,2,6
304548,304548,304556,8,0
304548,304548,304555,7,0
304548,304554,304557,3,6
304548,304548,304556,8,0
304548,304554,304556,2,6
304548,304555,304557,2,7
304548,304554,304556,2,6
304548,304555,304557,2,7
304548,304548,304557,9,0
304548,304548,304558,10,0
304548,304548,304558,10,0
304548,304548,304560,12,0
304548,304548,304559,11,0
304548,304548,304561,13,0
304548,304548,304561,13,0
304572,304572,304573,1,0
304572,304572,304573,1,0
304572,304572,304573,1,0
304572,304572,304573,1,0
304572,304572,304574,2,0
304572,304572,304574,2,0
304572,304573,304574,1,1
304572,304572,304574,2,0
304572,304574,304575,1,2
304572,304574,304576,2,2
304572,304572,304576,4,0
304572,304573,304576,3,1
304572,304573,304575,2,1
304572,304574,304576,2,2
304572,304572,304577,5,0
304572,304572,304576,4,0
304572,304575,304576,1,3
304572,304576,304577,1,4
304572,304573,304577,4,1
304572,304575,304577,2,3
304572,304572,304577,5,0
304572,304572,304577,5,0
304572,304572,304578,6,0
304572,304572,304577,5,0
304572,304572,304578,6,0
304572,304576,304578,2,4
304572,304576,304578,2,4
304572,304576,304578,2,4
304572,304572,304577,5,0
304572,304572,304578,6,0
304572,304572,304577,5,0
304572,304572,304578,6,0
304572,304572,304578,6,0
304572,304572,304578,6,0
304572,304572,304579,7,0
304572,304572,304579,7,0
304572,304572,304578,6,0
304572,304572,304578,6,0
304572,304572,304578,6,0
304572,304578,304579,1,6
304572,304578,304579,1,6
304572,304578,304579,1,6
304572,304572,304579,7,0
304572,304572,304578,6,0
304572,304576,304578,2,4
304572,304577,304579,2,5
304572,304577,304578,1,5
304572,304577,304578,1,5
304572,304577,304578,1,5
304572,304572,304580,8,0
304572,304572,304579,7,0
304572,304572,304579,7,0
304572,304572,304579,7,0
304572,304572,304579,7,0
304572,304572,304580,8,0
304572,304578,304580,2,6
304572,304577,304579,2,5
304572,304577,304580,3,5
304572,304578,304580,2,6
304572,304572,304579,7,0
304572,304572,304579,7,0
304572,304578,304579,1,6
304572,304578,304579,1,6
304572,304578,304579,1,6
304572,304578,304579,1,6
304572,304578,304580,2,6
304572,304578,304580,2,6
304572,304572,304581,9,0
304572,304578,304581,3,6
304572,304572,304581,9,0
304572,304578,304581,3,6
304572,304572,304581,9,0
304572,304579,304581,2,7
304572,304572,304581,9,0
304572,304579,304581,2,7
304572,304572,304583,11,0
304572,304572,304583,11,0
304572,304572,304582,10,0
304572,304572,304584,12,0
304595,304595,304596,1,0
304595,304595,304596,1,0
304595,304595,304596,1,0
304595,304595,304596,1,0
304595,304595,304597,2,0
304595,304595,304596,1,0
304595,304595,304597,2,0
304595,304596,304599,3,1
304595,304597,304598,1,2
304595,304596,304598,2,1
304595,304597,304599,2,2
304595,304595,304599,4,0
304595,304595,304600,5,0
304595,304595,304599,4,0
304595,304597,304599,2,2
304595,304595,304599,4,0
304595,304597,304600,3,2
304595,304598,304600,2,3
304595,304595,304601,6,0
304595,304595,304600,5,0
304595,304595,304600,5,0
304595,304599,304600,1,4
304595,304599,304600,1,4
304595,304595,304601,6,0
304595,304595,304600,5,0
304595,304595,304600,5,0
304595,304599,304601,2,4
304595,304599,304600,1,4
304595,304595,304600,5,0
304595,304595,304602,7,0
304595,304595,304601,6,0
304595,304595,304601,6,0
304595,304595,304602,7,0
304595,304600,304602,2,5
304595,304595,304601,6,0
304595,304600,304601,1,5
304595,304600,304601,1,5
304595,304595,304601,6,0
304595,304600,304602,2,5
304595,304600,304602,2,5
304595,304601,304602,1,6
304595,304601,304602,1,6
304595,304601,304602,1,6
304595,304595,304603,8,0
304595,304595,304602,7,0
304595,304600,304602,2,5
304595,304595,304602,7,0
304595,304601,304602,1,6
304595,304602,304603,1,7
304595,304602,304603,1,7
304595,304601,304602,1,6
304595,304602,304603,1,7
304595,304601,304602,1,6
304595,304601,304602,1,6
304595,304601,304602,1,6
304595,304595,304604,9,0
304595,304600,304603,3,5
304595,304601,304603,2,6
304595,304595,304604,9,0
304595,304595,304603,8,0
304595,304601,304603,2,6
304595,304595,304603,8,0
304595,304601,304604,3,6
304595,304602,304604,2,7
304595,304595,304604,9,0
304595,304602,304603,1,7
304595,304602,304603,1,7
304595,304595,304604,9,0
304595,304595,304605,10,0
304595,304595,304604,9,0
304595,304595,304605,10,0
304595,304595,304605,10,0
304595,304595,304606,11,0
304595,304595,304606,11,0
304595,304595,304605,10,0
304595,304595,304607,12,0
304595,304595,304607,12,0
304595,304595,304609,14,0
304595,304595,304609,14,0
304620,304620,304621,1,0
304620,304620,304621,1,0
304620,304620,304621,1,0
304620,304620,304621,1,0
304620,304620,304621,1,0
304620,304620,304621,1,0
304620,304620,304622,2,0
304620,304622,304624,2,2
304620,304621,304624,3,1
304620,304622,304623,1,2
304620,304622,304624,2,2
304620,304622,304624,2,2
304620,304622,304624,2,2
304620,304623,304624,1,3
304620,304620,304625,5,0
304620,304624,304625,1,4
304620,304620,304625,5,0
304620,304620,304625,5,0
304620,304620,304625,5,0
304620,304624,304625,1,4
304620,304620,304625,5,0
304620,304624,304625,1,4
304620,304625,304626,1,5
304620,304620,304625,5,0
304620,304620,304626,6,0
304620,304620,304626,6,0
304620,304620,304626,6,0
304620,304620,304626,6,0
304620,304625,304626,1,5
304620,304625,304626,1,5
304620,304620,304627,7,0
304620,304620,304626,6,0
304620,304626,304627,1,6
304620,304620,304626,6,0
304620,304625,304626,1,5
304620,304626,304627,1,6
304620,304620,304627,7,0
304620,304625,304626,1,5
304620,304625,304627,2,5
304620,304626,304627,1,6
304620,304620,304627,7,0
304620,304620,304627,7,0
304620,304620,304627,7,0
304620,304620,304628,8,0
304620,304626,304627,1,6
304620,304627,304628,1,7
304620,304620,304627,7,0
304620,304627,304628,1,7
304620,304627,304628,1,7
304620,304626,304627,1,6
304620,304627,304628,1,7
304620,304620,304628,8,0
304620,304627,304628,1,7
304620,304627,304628,1,7
304620,304620,304628,8,0
304620,304620,304628,8,0
304620,304620,304628,8,0
304620,304620,304629,9,0
304620,304626,304628,2,6
304620,304620,304628,8,0
304620,304626,304628,2,6
304620,304620,304628,8,0
304620,304620,304629,9,0
304620,304627,304628,1,7
304620,304627,304628,1,7
304620,304620,304629,9,0
304620,304627,304628,1,7
304620,304627,304628,1,7
304620,304620,304629,9,0
304620,304627,304629,2,7
304620,304620,304629,9,0
304620,304620,304630,10,0
304620,304620,304631,11,0
304620,304626,304630,4,6
304620,304620,304631,11,0
304620,304620,304631,11,0
304620,304620,304631,11,0
304620,304620,304632,12,0
304620,304620,304632,12,0
304643,304643,304644,1,0
304643,304643,304644,1,0
304643,304643,304644,1,0
304643,304643,304645,2,0
304643,304643,304644,1,0
304643,304643,304644,1,0
304643,304643,304646,3,0
304643,304645,304647,2,2
304643,304644,304647,3,1
304643,304645,304648,3,2
304643,304643,304647,4,0
304643,304645,304648,3,2
304643,304645,304648,3,2
304643,304645,304647,2,2
304643,304643,304648,5,0
304643,304643,304649,6,0
304643,304643,304649,6,0
304643,304643,304649,6,0
304643,304648,304649,1,5
304643,304643,304648,5,0
304643,304646,304648,2,3
304643,304643,304649,6,0
304643,304647,304649,2,4
304643,304643,304649,6,0
304643,304643,304650,7,0
304643,304643,304650,7,0
304643,304643,304650,7,0
304643,304643,304649,6,0
304643,304643,304649,6,0
304643,304643,304649,6,0
304643,304647,304649,2,4
304643,304643,304649,6,0
304643,304648,304650,2,5
304643,304649,304650,1,6
304643,304643,304649,6,0
304643,304648,304650,2,5
304643,304649,304650,1,6
304643,304643,304650,7,0
304643,304648,304650,2,5
304643,304643,304650,7,0
304643,304648,304650,2,5
304643,304649,304650,1,6
304643,304643,304650,7,0
304643,304643,304650,7,0
304643,304643,304651,8,0
304643,304643,304651,8,0
304643,304643,304651,8,0
304643,304643,304650,7,0
304643,304643,304651,8,0
304643,304643,304651,8,0
304643,304650,304651,1,7
304643,304649,304651,2,6
304643,304650,304651,1,7
304643,304650,304651,1,7
304643,304649,304651,2,6
304643,304649,304651,2,6
304643,304649,304650,1,6
304643,304649,304651,2,6
304643,304650,304651,1,7
304643,304643,304652,9,0
304643,304643,304652,9,0
304643,304643,304652,9,0
304643,304650,304652,2,7
304643,304650,304652,2,7
304643,304650,304652,2,7
304643,304650,304652,2,7
304643,304650,304652,2,7
304643,304643,304651,8,0
304643,304649,304652,3,6
304643,304650,304652,2,7
304643,304650,304651,1,7
304643,304650,304652,2,7
304643,304643,304653,10,0
304643,304643,304653,10,0
304643,304643,304653,10,0
304643,304643,304652,9,0
304643,304643,304654,11,0
304643,304643,304654,11,0
304643,304643,304654,11,0
304666,304666,304667,1,0
304666,304666,304667,1,0
304666,304666,304668,2,0
304666,304666,304667,1,0
304666,304666,304668,2,0
304666,304666,304667,1,0
304666,304666,304669,3,0
304666,304668,304670,2,2
304666,304668,304669,1,2
304666,304668,304671,3,2
304666,304668,304670,2,2
304666,304668,304670,2,2
304666,304668,304670,2,2
304666,304666,304670,4,0
304666,304670,304671,1,4
304666,304669,304670,1,3
304666,304670,304671,1,4
304666,304666,304671,5,0
304666,304666,304672,6,0
304666,304666,304672,6,0
304666,304666,304672,6,0
304666,304666,304672,6,0
304666,304666,304672,6,0
304666,304666,304671,5,0
304666,304666,304672,6,0
304666,304671,304672,1,5
304666,304666,304673,7,0
304666,304666,304673,7,0
304666,304666,304673,7,0
304666,304666,304672,6,0
304666,304671,304672,1,5
304666,304672,304673,1,6
304666,304672,304673,1,6
304666,304671,304672,1,5
304666,304672,304673,1,6
304666,304666,304673,7,0
304666,304666,304672,6,0
304666,304671,304673,2,5
304666,304671,304673,2,5
304666,304666,304672,6,0
304666,304671,304672,1,5
304666,304671,304673,2,5
304666,304672,304673,1,6
304666,304671,304673,2,5
304666,304672,304673,1,6
304666,304666,304674,8,0
304666,304666,304673,7,0
304666,304666,304674,8,0
304666,304666,304673,7,0
304666,304666,304674,8,0
304666,304666,304673,7,0
304666,304666,304673,7,0
304666,304666,304673,7,0
304666,304672,304673,1,6
304666,304672,304673,1,6
304666,304673,304674,1,7
304666,304673,304674,1,7
304666,304673,304674,1,7
304666,304673,304674,1,7
304666,304672,304673,1,6
304666,304672,304673,1,6
304666,304673,304674,1,7
304666,304666,304674,8,0
304666,304666,304675,9,0
304666,304673,304675,2,7
304666,304666,304675,9,0
304666,304666,304674,8,0
304666,304673,304675,2,7
304666,304673,304674,1,7
304666,304673,304674,1,7
304666,304666,304676,10,0
304666,304666,304676,10,0
304666,304666,304677,11,0
304666,304666,304677,11,0
304666,304666,304678,12,0
304666,304666,304677,11,0
304666,304666,304678,12,0
304666,304666,304678,12,0
304666,304666,304684,18,0
304694,304694,304695,1,0
304694,304694,304696,2,0
304694,304694,304696,2,0
304694,304694,304696,2,0
304694,304694,304695,1,0
304694,304694,304695,1,0
304694,304695,304697,2,1
304694,304696,304697,1,2
304694,304694,304696,2,0
304694,304696,304697,1,2
304694,304696,304698,2,2
304694,304696,304698,2,2
304694,304696,304697,1,2
304694,304694,304699,5,0
304694,304698,304699,1,4
304694,304694,304699,5,0
304694,304698,304699,1,4
304694,304694,304700,6,0
304694,304694,304700,6,0
304694,304699,304700,1,5
304694,304699,304700,1,5
304694,304699,304700,1,5
304694,304694,304700,6,0
304694,304694,304700,6,0
304694,304694,304700,6,0
304694,304698,304700,2,4
304694,304698,304700,2,4
304694,304694,304701,7,0
304694,304694,304701,7,0
304694,304694,304701,7,0
304694,304694,304701,7,0
304694,304694,304701,7,0
304694,304700,304701,1,6
304694,304700,304701,1,6
304694,304701,304702,1,7
304694,304694,304701,7,0
304694,304700,304701,1,6
304694,304701,304702,1,7
304694,304694,304702,8,0
304694,304694,304702,8,0
304694,304694,304702,8,0
304694,304694,304702,8,0
304694,304694,304702,8,0
304694,304701,304702,1,7
304694,304694,304702,8,0
304694,304701,304702,1,7
304694,304701,304702,1,7
304694,304702,304703,1,8
304694,304694,304702,8,0
304694,304702,304703,1,8
304694,304701,304702,1,7
304694,304701,304702,1,7
304694,304702,304703,1,8
304694,304702,304703,1,8
304694,304694,304702,8,0
304694,304701,304702,1,7
304694,304702,304703,1,8
304694,304694,304703,9,0
304694,304694,304703,9,0
304694,304701,304703,2,7
304694,304694,304703,9,0
304694,304699,304703,4,5
304694,304694,304703,9,0
304694,304700,304703,3,6
304694,304694,304703,9,0
304694,304694,304703,9,0
304694,304701,304703,2,7
304694,304700,304703,3,6
304694,304701,304703,2,7
304694,304694,304704,10,0
304694,304694,304704,10,0
304694,304694,304704,10,0
304694,304694,304704,10,0
304694,304694,304705,11,0
304694,304694,304705,11,0
304694,304694,304706,12,0
304694,304694,304708,14,0
304694,304694,304708,14,0
304694,304694,304710,16,0
304721,304721,304722,1,0
304721,304721,304723,2,0
304721,304721,304723,2,0
304721,304721,304723,2,0
304721,304721,304723,2,0
304721,304721,304722,1,0
304721,304721,304723,2,0
304721,304722,304724,2,1
304721,304721,304724,3,0
304721,304721,304725,4,0
304721,304723,304725,2,2
304721,304723,304725,2,2
304721,304723,304725,2,2
304721,304723,304725,2,2
304721,304723,304725,2,2
304721,304723,304724,1,2
304721,304721,304726,5,0
304721,304721,304726,5,0
304721,304721,304726,5,0
304721,304724,304726,2,3
304721,304724,304726,2,3
304721,304721,304727,6,0
304721,304721,304727,6,0
304721,304721,304727,6,0
304721,304721,304727,6,0
304721,304721,304727,6,0
304721,304721,304727,6,0
304721,304725,304727,2,4
304721,304721,304727,6,0
304721,304721,304727,6,0
304721,304721,304727,6,0
304721,304725,304727,2,4
304721,304726,304727,1,5
304721,304726,304727,1,5
304721,304726,304727,1,5
304721,304726,304727,1,5
304721,304721,304728,7,0
304721,304721,304728,7,0
304721,304726,304728,2,5
304721,304726,304728,2,5
304721,304728,304729,1,7
304721,304721,304728,7,0
304721,304727,304728,1,6
304721,304721,304728,7,0
304721,304721,304729,8,0
304721,304721,304729,8,0
304721,304721,304729,8,0
304721,304726,304729,3,5
304721,304727,304729,2,6
304721,304725,304729,4,4
304721,304727,304729,2,6
304721,304728,304729,1,7
304721,304728,304729,1,7
304721,304721,304729,8,0
304721,304728,304729,1,7
304721,304728,304729,1,7
304721,304721,304730,9,0
304721,304728,304729,1,7
304721,304728,304729,1,7
304721,304721,304729,8,0
304721,304721,304730,9,0
304721,304721,304730,9,0
304721,304727,304730,3,6
304721,304727,304730,3,6
304721,304721,304730,9,0
304721,304726,304729,3,5
304721,304727,304730,3,6
304721,304721,304731,10,0
304721,304721,304730,9,0
304721,304721,304731,10,0
304721,304721,304731,10,0
304721,304721,304732,11,0
304721,304721,304732,11,0
304721,304721,304733,12,0
304721,304721,304733,12,0
304721,304721,304733,12,0
304721,304721,304737,16,0
304749,304749,304750,1,0
304749,304749,304750,1,0
304749,304749,304750,1,0
304749,304749,304750,1,0
304749,304749,304750,1,0
304749,304749,304751,2,0
304749,304749,304750,1,0
304749,304749,304751,2,0
304749,304749,304751,2,0
304749,304749,304751,2,0
304749,304749,304752,3,0
304749,304749,304752,3,0
304749,304750,304752,2,1
304749,304750,304752,2,1
304749,304749,304753,4,0
304749,304749,304753,4,0
304749,304751,304753,2,2
304749,304751,304753,2,2
304749,304751,304753,2,2
304749,304751,304753,2,2
304749,304751,304754,3,2
304749,304749,304753,4,0
304749,304749,304754,5,0
304749,304749,304754,5,0
304749,304749,304753,4,0
304749,304749,304754,5,0
304749,304751,304754,3,2
304749,304752,304754,2,3
304749,304749,304755,6,0
304749,304749,304754,5,0
304749,304752,304755,3,3
304749,304749,304755,6,0
304749,304749,304755,6,0
304749,304749,304754,5,0
304749,304752,304754,2,3
304749,304753,304755,2,4
304749,304753,304755,2,4
304749,304754,304755,1,5
304749,304749,304756,7,0
304749,304754,304756,2,5
304749,304749,304756,7,0
304749,304749,304755,6,0
304749,304754,304755,1,5
304749,304749,304755,6,0
304749,304752,304756,4,3
304749,304749,304756,7,0
304749,304754,304756,2,5
304749,304754,304755,1,5
304749,304755,304756,1,6
304749,304749,304755,6,0
304749,304754,304756,2,5
304749,304752,304755,3,3
304749,304754,304756,2,5
304749,304755,304756,1,6
304749,304749,304757,8,0
304749,304749,304757,8,0
304749,304754,304756,2,5
304749,304752,304756,4,3
304749,304753,304756,3,4
304749,304754,304757,3,5
304749,304755,304757,2,6
304749,304749,304756,7,0
304749,304755,304757,2,6
304749,304755,304757,2,6
304749,304754,304756,2,5
304749,304755,304757,2,6
304749,304755,304757,2,6
304749,304749,304757,8,0
304749,304749,304757,8,0
304749,304749,304757,8,0
304749,304749,304757,8,0
304749,304749,304758,9,0
304749,304753,304757,4,4
304749,304749,304759,10,0
304749,304749,304758,9,0
304749,304749,304758,9,0
304749,304749,304760,11,0
304749,304749,304761,12,0
304749,304749,304762,13,0
304773,304773,304774,1,0
304773,304773,304774,1,0
304773,304773,304774,1,0
304773,304773,304774,1,0
304773,304773,304774,1,0
304773,304773,304775,2,0
304773,304773,304774,1,0
304773,304773,304776,3,0
304773,304775,304776,1,2
304773,304773,304777,4,0
304773,304773,304778,5,0
304773,304775,304778,3,2
304773,304775,304777,2,2
304773,304775,304778,3,2
304773,304775,304777,2,2
304773,304774,304777,3,1
304773,304775,304777,2,2
304773,304773,304778,5,0
304773,304773,304779,6,0
304773,304773,304778,5,0
304773,304773,304779,6,0
304773,304773,304778,5,0
304773,304773,304779,6,0
304773,304773,304779,6,0
304773,304773,304778,5,0
304773,304773,304780,7,0
304773,304773,304779,6,0
304773,304773,304780,7,0
304773,304773,304779,6,0
304773,304773,304779,6,0
304773,304773,304779,6,0
304773,304773,304779,6,0
304773,304773,304779,6,0
304773,304773,304780,7,0
304773,304777,304779,2,4
304773,304778,304780,2,5
304773,304773,304779,6,0
304773,304778,304780,2,5
304773,304778,304780,2,5
304773,304778,304779,1,5
304773,304778,304780,2,5
304773,304773,304781,8,0
304773,304773,304780,7,0
304773,304773,304780,7,0
304773,304777,304781,4,4
304773,304773,304780,7,0
304773,304778,304780,2,5
304773,304780,304781,1,7
304773,304773,304780,7,0
304773,304773,304781,8,0
304773,304779,304780,1,6
304773,304779,304780,1,6
304773,304779,304780,1,6
304773,304780,304781,1,7
304773,304780,304781,1,7
304773,304779,304782,3,6
304773,304778,304781,3,5
304773,304779,304781,2,6
304773,304779,304781,2,6
304773,304773,304781,8,0
304773,304779,304781,2,6
304773,304780,304782,2,7
304773,304773,304781,8,0
304773,304780,304782,2,7
304773,304780,304782,2,7
304773,304780,304782,2,7
304773,304780,304781,1,7
304773,304773,304781,8,0
304773,304780,304781,1,7
304773,304780,304781,1,7
304773,304779,304782,3,6
304773,304778,304782,4,5
304773,304773,304783,10,0
304773,304773,304784,11,0
304773,304773,304783,10,0
304773,304773,304784,11,0
304773,304773,304785,12,0
304773,304773,304789,16,0
304773,304773,304790,17,0
304802,304802,304803,1,0
304802,304802,304803,1,0
304802,304802,304803,1,0
304802,304802,304803,1,0
304802,304802,304803,1,0
304802,304802,304804,2,0
304802,304802,304804,2,0
304802,304803,304805,2,1
304802,304804,304806,2,2
304802,304803,304806,3,1
304802,304804,304806,2,2
304802,304802,304807,5,0
304802,304804,304806,2,2
304802,304803,304806,3,1
304802,304804,304806,2,2
304802,304802,304808,6,0
304802,304802,304808,6,0
304802,304802,304808,6,0
304802,304802,304808,6,0
304802,304802,304807,5,0
304802,304802,304808,6,0
304802,304806,304807,1,4
304802,304802,304807,5,0
304802,304806,304808,2,4
304802,304806,304808,2,4
304802,304802,304808,6,0
304802,304802,304808,6,0
304802,304802,304808,6,0
304802,304802,304808,6,0
304802,304802,304809,7,0
304802,304802,304809,7,0
304802,304802,304809,7,0
304802,304802,304808,6,0
304802,304802,304809,7,0
304802,304807,304809,2,5
304802,304802,304808,6,0
304802,304807,304809,2,5
304802,304807,304809,2,5
304802,304808,304809,1,6
304802,304806,304809,3,4
304802,304808,304809,1,6
304802,304802,304810,8,0
304802,304802,304809,7,0
304802,304802,304810,8,0
304802,304808,304809,1,6
304802,304802,304810,8,0
304802,304802,304809,7,0
304802,304808,304810,2,6
304802,304802,304809,7,0
304802,304802,304809,7,0
304802,304808,304810,2,6
304802,304809,304811,2,7
304802,304809,304811,2,7
304802,304802,304811,9,0
304802,304802,304810,8,0
304802,304809,304811,2,7
304802,304809,304811,2,7
304802,304808,304811,3,6
304802,304808,304811,3,6
304802,304809,304811,2,7
304802,304802,304811,9,0
304802,304802,304810,8,0
304802,304809,304810,1,7
304802,304809,304811,2,7
304802,304809,304811,2,7
304802,304802,304810,8,0
304802,304802,304811,9,0
304802,304802,304811,9,0
304802,304808,304812,4,6
304802,304802,304811,9,0
304802,304807,304811,4,5
304802,304808,304811,3,6
304802,304809,304811,2,7
304802,304802,304812,10,0
304802,304808,304811,3,6
304802,304809,304812,3,7
304802,304802,304814,12,0
304802,304802,304815,13,0
304802,304802,304816,14,0
304828,304828,304829,1,0
304828,304828,304829,1,0
304828,304828,304829,1,0
304828,304828,304829,1,0
304828,304828,304830,2,0
304828,304828,304829,1,0
304828,304828,304829,1,0
304828,304830,304832,2,2
304828,304829,304831,2,1
304828,304830,304832,2,2
304828,304830,304831,1,2
304828,304830,304832,2,2
304828,304830,304832,2,2
304828,304828,304833,5,0
304828,304828,304832,4,0
304828,304828,304833,5,0
304828,304832,304833,1,4
304828,304830,304832,2,2
304828,304828,304833,5,0
304828,304828,304833,5,0
304828,304828,304833,5,0
304828,304828,304834,6,0
304828,304832,304833,1,4
304828,304832,304834,2,4
304828,304832,304834,2,4
304828,304832,304834,2,4
304828,304832,304834,2,4
304828,304828,304834,6,0
304828,304828,304835,7,0
304828,304828,304834,6,0
304828,304833,304835,2,5
304828,304828,304835,7,0
304828,304828,304835,7,0
304828,304828,304835,7,0
304828,304828,304835,7,0
304828,304828,304834,6,0
304828,304833,304835,2,5
304828,304834,304835,1,6
304828,304828,304835,7,0
304828,304828,304835,7,0
304828,304828,304835,7,0
304828,304828,304836,8,0
304828,304833,304836,3,5
304828,304834,304836,2,6
304828,304828,304836,8,0
304828,304828,304835,7,0
304828,304834,304836,2,6
304828,304835,304836,1,7
304828,304834,304836,2,6
304828,304835,304836,1,7
304828,304828,304836,8,0
304828,304834,304835,1,6
304828,304834,304835,1,6
304828,304835,304836,1,7
304828,304833,304836,3,5
304828,304828,304837,9,0
304828,304834,304837,3,6
304828,304828,304836,8,0
304828,304834,304837,3,6
304828,304834,304837,3,6
304828,304835,304837,2,7
304828,304828,304836,8,0
304828,304835,304837,2,7
304828,304833,304836,3,5
304828,304835,304837,2,7
304828,304828,304837,9,0
304828,304828,304836,8,0
304828,304835,304836,1,7
304828,304828,304836,8,0
304828,304828,304836,8,0
304828,304835,304836,1,7
304828,304828,304837,9,0
304828,304828,304837,9,0
304828,304828,304837,9,0
304828,304828,304838,10,0
304828,304828,304838,10,0
304828,304828,304838,10,0
304828,304828,304841,13,0
304828,304828,304841,13,0
304852,304852,304853,1,0
304852,304852,304853,1,0
304852,304852,304853,1,0
304852,304852,304853,1,0
304852,304852,304854,2,0
304852,304852,304853,1,0
304852,304852,304854,2,0
304852,304853,304856,3,1
304852,304854,304856,2,2
304852,304854,304855,1,2
304852,304853,304855,2,1
304852,304854,304856,2,2
304852,304852,304857,5,0
304852,304852,304857,5,0
304852,304854,304857,3,2
304852,304852,304857,5,0
304852,304854,304857,3,2
304852,304856,304857,1,4
304852,304856,304857,1,4
304852,304852,304858,6,0
304852,304852,304857,5,0
304852,304852,304858,6,0
304852,304852,304858,6,0
304852,304852,304858,6,0
304852,304856,304857,1,4
304852,304852,304858,6,0
304852,304852,304858,6,0
304852,304856,304858,2,4
304852,304856,304857,1,4
304852,304852,304859,7,0
304852,304852,304859,7,0
304852,304852,304859,7,0
304852,304852,304859,7,0
304852,304857,304859,2,5
304852,304852,304859,7,0
304852,304852,304859,7,0
304852,304857,304859,2,5
304852,304858,304859,1,6
304852,304852,304859,7,0
304852,304857,304859,2,5
304852,304857,304859,2,5
304852,304857,304859,2,5
304852,304852,304860,8,0
304852,304852,304859,7,0
304852,304852,304860,8,0
304852,304857,304860,3,5
304852,304852,304860,8,0
304852,304858,304860,2,6
304852,304852,304860,8,0
304852,304857,304860,3,5
304852,304858,304860,2,6
304852,304852,304860,8,0
304852,304858,304860,2,6
304852,304858,304860,2,6
304852,304859,304860,1,7
304852,304852,304860,8,0
304852,304852,304860,8,0
304852,304858,304859,1,6
304852,304852,304861,9,0
304852,304858,304861,3,6
304852,304852,304861,9,0
304852,304858,304861,3,6
304852,304859,304861,2,7
304852,304852,304861,9,0
304852,304858,304861,3,6
304852,304859,304861,2,7
304852,304859,304860,1,7
304852,304859,304861,2,7
304852,304852,304860,8,0
304852,304852,304862,10,0
304852,304859,304862,3,7
304852,304852,304862,10,0
304852,304852,304862,10,0
304852,304852,304862,10,0
304852,304852,304863,11,0
304852,304858,304862,4,6
304852,304852,304863,11,0
304852,304852,304864,12,0
304852,304852,304866,14,0
304877,304877,304878,1,0
304877,304877,304878,1,0
304877,304877,304879,2,0
304877,304877,304878,1,0
304877,304877,304878,1,0
304877,304877,304878,1,0
304877,304877,304878,1,0
304877,304879,304880,1,2
304877,304879,304880,1,2
304877,304878,304880,2,1
304877,304879,304880,1,2
304877,304879,304880,1,2
304877,304879,304881,2,2
304877,304877,304881,4,0
304877,304880,304881,1,3
304877,304878,304881,3,1
304877,304880,304882,2,3
304877,304881,304882,1,4
304877,304877,304882,5,0
304877,304877,304883,6,0
304877,304877,304882,5,0
304877,304877,304882,5,0
304877,304877,304883,6,0
304877,304877,304882,5,0
304877,304877,304882,5,0
304877,304877,304883,6,0
304877,304877,304882,5,0
304877,304877,304882,5,0
304877,304881,304882,1,4
304877,304882,304883,1,5
304877,304882,304883,1,5
304877,304877,304884,7,0
304877,304877,304883,6,0
304877,304877,304884,7,0
304877,304877,304884,7,0
304877,304882,304883,1,5
304877,304877,304883,6,0
304877,304877,304883,6,0
304877,304877,304883,6,0
304877,304877,304884,7,0
304877,304882,304883,1,5
304877,304881,304883,2,4
304877,304882,304883,1,5
304877,304882,304883,1,5
304877,304877,304884,7,0
304877,304877,304884,7,0
304877,304883,304885,2,6
304877,304877,304885,8,0
304877,304883,304884,1,6
304877,304884,304885,1,7
304877,304884,304885,1,7
304877,304883,304884,1,6
304877,304877,304884,7,0
304877,304883,304884,1,6
304877,304877,304884,7,0
304877,304883,304884,1,6
304877,304883,304884,1,6
304877,304877,304886,9,0
304877,304877,304886,9,0
304877,304883,304886,3,6
304877,304883,304886,3,6
304877,304883,304885,2,6
304877,304884,304885,1,7
304877,304883,304885,2,6
304877,304884,304885,1,7
304877,304883,304886,3,6
304877,304883,304885,2,6
304877,304883,304886,3,6
304877,304877,304886,9,0
304877,304877,304886,9,0
304877,304877,304886,9,0
304877,304877,304887,10,0
304877,304877,304886,9,0
304877,304877,304886,9,0
304877,304877,304887,10,0
304877,304877,304887,10,0
304877,304877,304888,11,0
304877,304877,304889,12,0
304877,304877,304889,12,0
304901,304901,304902,1,0
304901,304901,304902,1,0
304901,304901,304902,1,0
304901,304901,304903,2,0
304901,304901,304903,2,0
304901,304901,304903,2,0
304901,304901,304903,2,0
304901,304901,304905,4,0
304901,304903,304905,2,2
304901,304903,304905,2,2
304901,304902,304905,3,1
304901,304902,304905,3,1
304901,304903,304905,2,2
304901,304902,304905,3,1
304901,304903,304905,2,2
304901,304901,304906,5,0
304901,304901,304906,5,0
304901,304905,304906,1,4
304901,304901,304906,5,0
304901,304901,304906,5,0
304901,304901,304907,6,0
304901,304901,304907,6,0
304901,304901,304907,6,0
304901,304901,304907,6,0
304901,304901,304907,6,0
304901,304901,304907,6,0
304901,304905,304906,1,4
304901,304901,304907,6,0
304901,304905,304906,1,4
304901,304901,304907,6,0
304901,304905,304907,2,4
304901,304905,304907,2,4
304901,304901,304907,6,0
304901,304905,304907,2,4
304901,304905,304907,2,4
304901,304901,304907,6,0
304901,304901,304907,6,0
304901,304901,304908,7,0
304901,304901,304908,7,0
304901,304901,304908,7,0
304901,304906,304908,2,5
304901,304901,304907,6,0
304901,304906,304908,2,5
304901,304906,304908,2,5
304901,304901,304908,7,0
304901,304907,304908,1,6
304901,304901,304908,7,0
304901,304901,304908,7,0
304901,304907,304908,1,6
304901,304901,304908,7,0
304901,304906,304908,2,5
304901,304901,304909,8,0
304901,304905,304908,3,4
304901,304901,304909,8,0
304901,304907,304909,2,6
304901,304907,304909,2,6
304901,304907,304909,2,6
304901,304907,304909,2,6
304901,304907,304909,2,6
304901,304907,304909,2,6
304901,304908,304909,1,7
304901,304907,304910,3,6
304901,304901,304910,9,0
304901,304907,304909,2,6
304901,304901,304910,9,0
304901,304907,304910,3,6
304901,304907,304909,2,6
304901,304901,304910,9,0
304901,304901,304910,9,0
304901,304907,304911,4,6
304901,304901,304911,10,0
304901,304901,304912,11,0
304901,304901,304912,11,0
304901,304901,304912,11,0
304901,304901,304912,11,0
304901,304901,304913,12,0
304901,304901,304915,14,0
304926,304926,304927,1,0
304926,304926,304927,1,0
304926,304926,304927,1,0
304926,304926,304927,1,0
304926,304926,304927,1,0
304926,304926,304928,2,0
304926,304926,304927,1,0
304926,304927,304929,2,1
304926,304928,304929,1,2
304926,304928,304930,2,2
304926,304928,304929,1,2
304926,304928,304929,1,2
304926,304926,304930,4,0
304926,304926,304931,5,0
304926,304928,304931,3,2
304926,304929,304930,1,3
304926,304929,304930,1,3
304926,304928,304931,3,2
304926,304930,304931,1,4
304926,304930,304931,1,4
304926,304926,304931,5,0
304926,304926,304932,6,0
304926,304926,304931,5,0
304926,304926,304932,6,0
304926,304926,304932,6,0
304926,304926,304931,5,0
304926,304926,304932,6,0
304926,304926,304932,6,0
304926,304926,304932,6,0
304926,304931,304932,1,5
304926,304926,304931,5,0
304926,304926,304932,6,0
304926,304930,304931,1,4
304926,304926,304932,6,0
304926,304926,304933,7,0
304926,304926,304933,7,0
304926,304931,304933,2,5
304926,304931,304933,2,5
304926,304926,304933,7,0
304926,304926,304932,6,0
304926,304926,304932,6,0
304926,304931,304932,1,5
304926,304932,304933,1,6
304926,304926,304932,6,0
304926,304926,304932,6,0
304926,304931,304932,1,5
304926,304932,304933,1,6
304926,304931,304932,1,5
304926,304932,304933,1,6
304926,304926,304933,7,0
304926,304931,304933,2,5
304926,304931,304932,1,5
304926,304932,304933,1,6
304926,304926,304934,8,0
304926,304926,304934,8,0
304926,304932,304934,2,6
304926,304926,304934,8,0
304926,304932,304934,2,6
304926,304932,304934,2,6
304926,304926,304933,7,0
304926,304932,304934,2,6
304926,304932,304934,2,6
304926,304926,304934,8,0
304926,304932,304933,1,6
304926,304932,304934,2,6
304926,304926,304933,7,0
304926,304932,304933,1,6
304926,304932,304935,3,6
304926,304926,304935,9,0
304926,304932,304935,3,6
304926,304926,304935,9,0
304926,304926,304935,9,0
304926,304926,304936,10,0
304926,304926,304935,9,0
304926,304933,304936,3,7
304926,304926,304936,10,0
304926,304926,304938,12,0
304926,304926,304939,13,0
304926,304926,304941,15,0
304953,304953,304954,1,0
304953,304953,304954,1,0
304953,304953,304954,1,0
304953,304953,304954,1,0
304953,304953,304954,1,0
304953,304953,304954,1,0
304953,304953,304954,1,0
304953,304953,304956,3,0
304953,304955,304956,1,2
304953,304953,304957,4,0
304953,304955,304956,1,2
304953,304955,304956,1,2
304953,304955,304957,2,2
304953,304955,304956,1,2
304953,304955,304957,2,2
304953,304955,304956,1,2
304953,304953,304957,4,0
304953,304953,304957,4,0
304953,304953,304957,4,0
304953,304957,304958,1,4
304953,304953,304959,6,0
304953,304953,304958,5,0
304953,304957,304958,1,4
304953,304953,304958,5,0
304953,304957,304958,1,4
304953,304953,304958,5,0
304953,304957,304958,1,4
304953,304957,304958,1,4
304953,304953,304959,6,0
304953,304957,304958,1,4
304953,304957,304959,2,4
304953,304957,304958,1,4
304953,304958,304959,1,5
304953,304953,304959,6,0
304953,304953,304959,6,0
304953,304953,304960,7,0
304953,304953,304959,6,0
304953,304957,304960,3,4
304953,304953,304960,7,0
304953,304953,304960,7,0
304953,304959,304960,1,6
304953,304953,304959,6,0
304953,304959,304960,1,6
304953,304959,304960,1,6
304953,304959,304960,1,6
304953,304959,304960,1,6
304953,304959,304960,1,6
304953,304953,304960,7,0
304953,304959,304960,1,6
304953,304959,304960,1,6
304953,304959,304960,1,6
304953,304953,304959,6,0
304953,304959,304960,1,6
304953,304953,304961,8,0
304953,304953,304960,7,0
304953,304953,304961,8,0
304953,304959,304960,1,6
304953,304953,304961,8,0
304953,304953,304960,7,0
304953,304953,304960,7,0
304953,304958,304960,2,5
304953,304959,304961,2,6
304953,304953,304960,7,0
304953,304953,304960,7,0
304953,304959,304960,1,6
304953,304953,304962,9,0
304953,304960,304961,1,7
304953,304960,304962,2,7
304953,304958,304961,3,5
304953,304953,304962,9,0
304953,304953,304962,9,0
304953,304953,304962,9,0
304953,304958,304962,4,5
304953,304953,304963,10,0
304953,304953,304963,10,0
304953,304953,304963,10,0
304953,304953,304963,10,0
304953,304953,304965,12,0
304953,304953,304967,14,0
304978,304978,304979,1,0
304978,304978,304980,2,0
304978,304978,304979,1,0
304978,304978,304979,1,0
304978,304978,304980,2,0
304978,304978,304980,2,0
304978,304978,304980,2,0
304978,304980,304982,2,2
304978,304980,304982,2,2
304978,304979,304982,3,1
304978,304980,304982,2,2
304978,304980,304982,2,2
304978,304978,304982,4,0
304978,304978,304983,5,0
304978,304980,304983,3,2
304978,304980,304983,3,2
304978,304983,304984,1,5
304978,304978,304984,6,0
304978,304978,304984,6,0
304978,304978,304984,6,0
304978,304978,304983,5,0
304978,304978,304984,6,0
304978,304978,304984,6,0
304978,304978,304984,6,0
304978,304982,304984,2,4
304978,304978,304984,6,0
304978,304982,304984,2,4
304978,304983,304984,1,5
304978,304978,304985,7,0
304978,304978,304985,7,0
304978,304978,304985,7,0
304978,304983,304985,2,5
304978,304978,304985,7,0
304978,304978,304985,7,0
304978,304978,304985,7,0
304978,304984,304985,1,6
304978,304984,304985,1,6
304978,304984,304985,1,6
304978,304983,304986,3,5
304978,304978,304986,8,0
304978,304984,304986,2,6
304978,304984,304986,2,6
304978,304978,304986,8,0
304978,304978,304986,8,0
304978,304978,304986,8,0
304978,304978,304986,8,0
304978,304978,304986,8,0
304978,304985,304986,1,7
304978,304978,304986,8,0
304978,304978,304987,9,0
304978,304978,304987,9,0
304978,304978,304987,9,0
304978,304985,304987,2,7
304978,304984,304987,3,6
304978,304985,304987,2,7
304978,304984,304987,3,6
304978,304986,304987,1,8
304978,304983,304987,4,5
304978,304985,304987,2,7
304978,304986,304987,1,8
304978,304978,304987,9,0
304978,304984,304988,4,6
304978,304978,304988,10,0
304978,304978,304988,10,0
304978,304984,304988,4,6
304978,304978,304989,11,0
304978,304978,304988,10,0
304978,304978,304989,11,0
304978,304978,304989,11,0
304978,304978,304990,12,0
304978,304978,304991,13,0
304978,304978,304991,13,0
304978,304978,304992,14,0
305003,305003,305005,2,0
305003,305003,305005,2,0
305003,305003,305005,2,0
305003,305003,305005,2,0
305003,305003,305005,2,0
305003,305003,305005,2,0
305003,305003,305006,3,0
305003,305005,305007,2,2
305003,305005,305007,2,2
305003,305005,305007,2,2
305003,305003,305008,5,0
305003,305003,305008,5,0
305003,305005,305008,3,2
305003,305005,305008,3,2
305003,305003,305009,6,0
305003,305003,305009,6,0
305003,305003,305009,6,0
305003,305003,305009,6,0
305003,305003,305009,6,0
305003,305006,305009,3,3
305003,305006,305009,3,3
305003,305007,305009,2,4
305003,305003,305009,6,0
305003,305008,305009,1,5
305003,305008,305009,1,5
305003,305003,305010,7,0
305003,305003,305010,7,0
305003,305003,305010,7,0
305003,305003,305010,7,0
305003,305003,305010,7,0
305003,305008,305010,2,5
305003,305003,305010,7,0
305003,305003,305010,7,0
305003,305009,305010,1,6
305003,305003,305011,8,0
305003,305008,305011,3,5
305003,305009,305011,2,6
305003,305010,305011,1,7
305003,305010,305011,1,7
305003,305003,305011,8,0
305003,305010,305011,1,7
305003,305003,305011,8,0
305003,305010,305011,1,7
305003,305010,305011,1,7
305003,305003,305011,8,0
305003,305003,305011,8,0
305003,305003,305012,9,0
305003,305010,305012,2,7
305003,305003,305012,9,0
305003,305009,305012,3,6
305003,305011,305012,1,8
305003,305011,305012,1,8
305003,305011,305012,1,8
305003,305011,305012,1,8
305003,305003,305012,9,0
305003,305003,305012,9,0
305003,305003,305012,9,0
305003,305003,305012,9,0
305003,305003,305012,9,0
305003,305003,305013,10,0
305003,305010,305013,3,7
305003,305003,305013,10,0
305003,305003,305013,10,0
305003,305009,305014,5,6
305003,305003,305014,11,0
305003,305003,305015,12,0
305003,305003,305015,12,0
305003,305003,305016,13,0
305003,305003,305016,13,0
305003,305003,305017,14,0
305003,305003,305017,14,0
305028,305028,305029,1,0
305028,305028,305029,1,0
305028,305028,305029,1,0
305028,305028,305030,2,0
305028,305028,305029,1,0
305028,305028,305030,2,0
305028,305028,305029,1,0
305028,305028,305031,3,0
305028,305028,305031,3,0
305028,305029,305031,2,1
305028,305029,305031,2,1
305028,305030,305032,2,2
305028,305030,305032,2,2
305028,305030,305032,2,2
305028,305030,305031,1,2
305028,305028,305032,4,0
305028,305030,305032,2,2
305028,305032,305033,1,4
305028,305032,305033,1,4
305028,305032,305033,1,4
305028,305031,305033,2,3
305028,305032,305033,1,4
305028,305028,305034,6,0
305028,305028,305033,5,0
305028,305028,305034,6,0
305028,305028,305034,6,0
305028,305028,305033,5,0
305028,305031,305033,2,3
305028,305032,305034,2,4
305028,305028,305034,6,0
305028,305033,305034,1,5
305028,305033,305034,1,5
305028,305033,305034,1,5
305028,305033,305034,1,5
305028,305033,305034,1,5
305028,305028,305035,7,0
305028,305028,305035,7,0
305028,305033,305035,2,5
305028,305028,305034,6,0
305028,305028,305035,7,0
305028,305033,305034,1,5
305028,305034,305035,1,6
305028,305028,305034,6,0
305028,305028,305035,7,0
305028,305034,305035,1,6
305028,305034,305035,1,6
305028,305034,305036,2,6
305028,305028,305036,8,0
305028,305034,305036,2,6
305028,305034,305036,2,6
305028,305034,305036,2,6
305028,305028,305036,8,0
305028,305034,305036,2,6
305028,305028,305036,8,0
305028,305028,305036,8,0
305028,305034,305035,1,6
305028,305034,305035,1,6
305028,305028,305035,7,0
305028,305034,305035,1,6
305028,305028,305037,9,0
305028,305028,305037,9,0
305028,305031,305036,5,3
305028,305028,305037,9,0
305028,305028,305037,9,0
305028,305028,305036,8,0
305028,305028,305038,10,0
305028,305028,305038,10,0
305028,305034,305037,3,6
305028,305034,305037,3,6
305028,305028,305039,11,0
305028,305028,305039,11,0
305028,305028,305039,11,0
305028,305028,305040,12,0
305028,305028,305040,12,0
305028,305028,305041,13,0
305028,305028,305042,14,0
305028,305028,305041,13,0
305028,305028,305042,14,0
305028,305028,305042,14,0
305053,305053,305054,1,0
305053,305053,305054,1,0
305053,305053,305054,1,0
305053,305053,305054,1,0
305053,305053,305054,1,0
305053,305053,305054,1,0
305053,305053,305054,1,0
305053,305053,305055,2,0
305053,305053,305055,2,0
305053,305055,305056,1,2
305053,305053,305056,3,0
305053,305053,305056,3,0
305053,305055,305056,1,2
305053,305055,305056,1,2
305053,305055,305057,2,2
305053,305055,305057,2,2
305053,305055,305056,1,2
305053,305055,305057,2,2
305053,305055,305057,2,2
305053,305056,305057,1,3
305053,305056,305057,1,3
305053,305057,305058,1,4
305053,305057,305058,1,4
305053,305053,305059,6,0
305053,305053,305058,5,0
305053,305053,305058,5,0
305053,305057,305059,2,4
305053,305057,305058,1,4
305053,305053,305058,5,0
305053,305053,305059,6,0
305053,305057,305058,1,4
305053,305058,305059,1,5
305053,305057,305058,1,4
305053,305057,305058,1,4
305053,305057,305058,1,4
305053,305053,305059,6,0
305053,305053,305059,6,0
305053,305053,305059,6,0
305053,305057,305060,3,4
305053,305053,305060,7,0
305053,305058,305060,2,5
305053,305057,305059,2,4
305053,305053,305060,7,0
305053,305053,305060,7,0
305053,305053,305059,6,0
305053,305059,305060,1,6
305053,305053,305059,6,0
305053,305053,305059,6,0
305053,305059,305060,1,6
305053,305059,305060,1,6
305053,305053,305060,7,0
305053,305058,305059,1,5
305053,305059,305060,1,6
305053,305053,305060,7,0
305053,305059,305060,1,6
305053,305053,305060,7,0
305053,305053,305060,7,0
305053,305059,305061,2,6
305053,305053,305060,7,0
305053,305053,305060,7,0
305053,305059,305060,1,6
305053,305053,305061,8,0
305053,305059,305060,1,6
305053,305059,305060,1,6
305053,305059,305060,1,6
305053,305059,305060,1,6
305053,305053,305061,8,0
305053,305053,305062,9,0
305053,305059,305061,2,6
305053,305053,305062,9,0
305053,305053,305062,9,0
305053,305053,305062,9,0
305053,305053,305062,9,0
305053,305053,305062,9,0
305053,305053,305062,9,0
305053,305053,305063,10,0
305053,305053,305065,12,0
305053,305053,305064,11,0
305053,305053,305067,14,0
305077,305077,305078,1,0
305077,305077,305078,1,0
305077,305077,305078,1,0
305077,305077,305078,1,0
305077,305077,305078,1,0
305077,305077,305078,1,0
305077,305077,305078,1,0
305077,305079,305080,1,2
305077,305079,305080,1,2
305077,305079,305081,2,2
305077,305077,305081,4,0
305077,305079,305080,1,2
305077,305079,305080,1,2
305077,305079,305081,2,2
305077,305080,305081,1,3
305077,305080,305081,1,3
305077,305077,305081,4,0
305077,305081,305082,1,4
305077,305081,305082,1,4
305077,305079,305081,2,2
305077,305077,305082,5,0
305077,305077,305083,6,0
305077,305077,305082,5,0
305077,305077,305083,6,0
305077,305077,305082,5,0
305077,305077,305083,6,0
305077,305077,305082,5,0
305077,305081,305082,1,4
305077,305081,305082,1,4
305077,305081,305082,1,4
305077,305081,305083,2,4
305077,305081,305082,1,4
305077,305077,305083,6,0
305077,305077,305084,7,0
305077,305077,305083,6,0
305077,305082,305083,1,5
305077,305077,305084,7,0
305077,305082,305083,1,5
305077,305082,305084,2,5
305077,305077,305084,7,0
305077,305082,305083,1,5
305077,305083,305085,2,6
305077,305077,305084,7,0
305077,305083,305084,1,6
305077,305077,305085,8,0
305077,305083,305084,1,6
305077,305077,305085,8,0
305077,305077,305084,7,0
305077,305083,305084,1,6
305077,305083,305084,1,6
305077,305077,305084,7,0
305077,305083,305084,1,6
305077,305077,305085,8,0
305077,305077,305085,8,0
305077,305084,305085,1,7
305077,305077,305085,8,0
305077,305083,305086,3,6
305077,305077,305085,8,0
305077,305083,305085,2,6
305077,305083,305085,2,6
305077,305084,305086,2,7
305077,305084,305086,2,7
305077,305077,305085,8,0
305077,305077,305086,9,0
305077,305077,305086,9,0
305077,305083,305086,3,6
305077,305083,305086,3,6
305077,305077,305086,9,0
305077,305077,305086,9,0
305077,305077,305087,10,0
305077,305083,305087,4,6
305077,305077,305087,10,0
305077,305077,305087,10,0
305077,305077,305087,10,0
305077,305077,305089,12,0
305077,305077,305089,12,0
305077,305077,305091,14,0
305077,305077,305091,14,0
305077,305077,305093,16,0
305105,305105,305106,1,0
305105,305105,305106,1,0
305105,305105,305106,1,0
305105,305105,305106,1,0
305105,305105,305106,1,0
305105,305105,305106,1,0
305105,305105,305106,1,0
305105,305105,305107,2,0
305105,305105,305107,2,0
305105,305106,305108,2,1
305105,305107,305108,1,2
305105,305105,305108,3,0
305105,305107,305108,1,2
305105,305107,305108,1,2
305105,305107,305108,1,2
305105,305107,305108,1,2
305105,305105,305109,4,0
305105,305105,305109,4,0
305105,305107,305109,2,2
305105,305105,305110,5,0
305105,305107,305109,2,2
305105,305105,305109,4,0
305105,305108,305109,1,3
305105,305109,305110,1,4
305105,305105,305110,5,0
305105,305105,305111,6,0
305105,305105,305110,5,0
305105,305109,305110,1,4
305105,305105,305110,5,0
305105,305109,305110,1,4
305105,305109,305110,1,4
305105,305109,305111,2,4
305105,305105,305112,7,0
305105,305105,305111,6,0
305105,305105,305112,7,0
305105,305105,305111,6,0
305105,305110,305111,1,5
305105,305105,305111,6,0
305105,305109,305112,3,4
305105,305110,305111,1,5
305105,305110,305112,2,5
305105,305111,305112,1,6
305105,305110,305111,1,5
305105,305111,305112,1,6
305105,305105,305112,7,0
305105,305111,305112,1,6
305105,305105,305113,8,0
305105,305110,305112,2,5
305105,305111,305112,1,6
305105,305105,305112,7,0
305105,305108,305112,4,3
305105,305111,305112,1,6
305105,305111,305112,1,6
305105,305105,305112,7,0
305105,305110,305112,2,5
305105,305105,305112,7,0
305105,305105,305112,7,0
305105,305105,305113,8,0
305105,305111,305112,1,6
305105,305105,305112,7,0
305105,305105,305113,8,0
305105,305105,305113,8,0
305105,305112,305113,1,7
305105,305112,305114,2,7
305105,305105,305113,8,0
305105,305110,305114,4,5
305105,305105,305114,9,0
305105,305111,305113,2,6
305105,305105,305113,8,0
305105,305110,305115,5,5
305105,305105,305115,10,0
305105,305105,305114,9,0
305105,305112,305115,3,7
305105,305105,305114,9,0
305105,305105,305117,12,0
305105,305105,305117,12,0
305105,305105,305117,12,0
305105,305105,305119,14,0
305105,305105,305121,16,0
305132,305132,305133,1,0
305132,305132,305133,1,0
305132,305132,305133,1,0
305132,305132,305134,2,0
305132,305132,305133,1,0
305132,305132,305134,2,0
305132,305132,305134,2,0
305132,305132,305134,2,0
305132,305132,305135,3,0
305132,305133,305135,2,1
305132,305132,305135,3,0
305132,305132,305135,3,0
305132,305134,305135,1,2
305132,305134,305135,1,2
305132,305133,305135,2,1
305132,305134,305135,1,2
305132,305132,305136,4,0
305132,305132,305136,4,0
305132,305132,305135,3,0
305132,305132,305136,4,0
305132,305132,305136,4,0
305132,305134,305136,2,2
305132,305135,305136,1,3
305132,305134,305136,2,2
305132,305134,305136,2,2
305132,305135,305136,1,3
305132,305132,305136,4,0
305132,305136,305137,1,4
305132,305132,305137,5,0
305132,305135,305137,2,3
305132,305132,305137,5,0
305132,305136,305137,1,4
305132,305132,305137,5,0
305132,305132,305138,6,0
305132,305135,305138,3,3
305132,305135,305138,3,3
305132,305132,305138,6,0
305132,305132,305138,6,0
305132,305137,305138,1,5
305132,305137,305138,1,5
305132,305132,305138,6,0
305132,305132,305138,6,0
305132,305132,305138,6,0
305132,305137,305138,1,5
305132,305137,305138,1,5
305132,305137,305138,1,5
305132,305137,305138,1,5
305132,305137,305138,1,5
305132,305138,305139,1,6
305132,305136,305139,3,4
305132,305132,305139,7,0
305132,305138,305139,1,6
305132,305132,305139,7,0
305132,305138,305139,1,6
305132,305138,305139,1,6
305132,305132,305140,8,0
305132,305136,305140,4,4
305132,305136,305140,4,4
305132,305138,305140,2,6
305132,305132,305140,8,0
305132,305132,305140,8,0
305132,305132,305140,8,0
305132,305132,305140,8,0
305132,305132,305140,8,0
305132,305136,305141,5,4
305132,305137,305141,4,5
305132,305132,305141,9,0
305132,305132,305142,10,0
305132,305132,305142,10,0
305132,305132,305142,10,0
305132,305137,305143,6,5
305132,305132,305143,11,0
305132,305132,305143,11,0
305132,305132,305143,11,0
305132,305132,305145,13,0
305132,305132,305145,13,0
305132,305132,305149,17,0
305160,305160,305161,1,0
305160,305160,305161,1,0
305160,305160,305161,1,0
305160,305160,305161,1,0
305160,305160,305161,1,0
305160,305160,305161,1,0
305160,305160,305161,1,0
305160,305160,305162,2,0
305160,305160,305163,3,0
305160,305160,305162,2,0
305160,305162,305163,1,2
305160,305160,305162,2,0
305160,305160,305163,3,0
305160,305160,305163,3,0
305160,305162,305163,1,2
305160,305162,305163,1,2
305160,305162,305164,2,2
305160,305162,305163,1,2
305160,305162,305163,1,2
305160,305162,305163,1,2
305160,305160,305165,5,0
305160,305160,305164,4,0
305160,305160,305164,4,0
305160,305163,305164,1,3
305160,305164,305165,1,4
305160,305164,305165,1,4
305160,305163,305164,1,3
305160,305164,305165,1,4
305160,305164,305165,1,4
305160,305164,305165,1,4
305160,305164,305166,2,4
305160,305164,305166,2,4
305160,305160,305166,6,0
305160,305162,305165,3,2
305160,305163,305166,3,3
305160,305160,305165,5,0
305160,305164,305165,1,4
305160,305160,305166,6,0
305160,305163,305165,2,3
305160,305160,305165,5,0
305160,305165,305166,1,5
305160,305160,305165,5,0
305160,305165,305166,1,5
305160,305160,305166,6,0
305160,305165,305166,1,5
305160,305160,305166,6,0
305160,305165,305167,2,5
305160,305160,305166,6,0
305160,305160,305167,7,0
305160,305165,305166,1,5
305160,305160,305166,6,0
305160,305160,305167,7,0
305160,305165,305166,1,5
305160,305165,305166,1,5
305160,305165,305166,1,5
305160,305160,305166,6,0
305160,305165,305166,1,5
305160,305166,305167,1,6
305160,305160,305167,7,0
305160,305160,305167,7,0
305160,305166,305168,2,6
305160,305160,305167,7,0
305160,305160,305168,8,0
305160,305165,305167,2,5
305160,305160,305167,7,0
305160,305166,305168,2,6
305160,305160,305168,8,0
305160,305160,305168,8,0
305160,305166,305168,2,6
305160,305166,305168,2,6
305160,305160,305168,8,0
305160,305160,305169,9,0
305160,305160,305169,9,0
305160,305160,305169,9,0
305160,305160,305171,11,0
305160,305160,305172,12,0
305160,305160,305172,12,0
305160,305160,305173,13,0
305160,305160,305173,13,0
305184,305184,305185,1,0
305184,305184,305185,1,0
305184,305184,305186,2,0
305184,305184,305186,2,0
305184,305184,305185,1,0
305184,305184,305185,1,0
305184,305184,305185,1,0
305184,305186,305187,1,2
305184,305186,305187,1,2
305184,305184,305188,4,0
305184,305186,305187,1,2
305184,305186,305187,1,2
305184,305186,305187,1,2
305184,305186,305188,2,2
305184,305184,305187,3,0
305184,305186,305188,2,2
305184,305184,305188,4,0
305184,305188,305189,1,4
305184,305187,305189,2,3
305184,305188,305189,1,4
305184,305187,305188,1,3
305184,305184,305190,6,0
305184,305184,305190,6,0
305184,305184,305190,6,0
305184,305184,305189,5,0
305184,305184,305190,6,0
305184,305184,305190,6,0
305184,305188,305189,1,4
305184,305184,305189,5,0
305184,305184,305190,6,0
305184,305189,305190,1,5
305184,305188,305190,2,4
305184,305188,305190,2,4
305184,305188,305189,1,4
305184,305184,305190,6,0
305184,305184,305191,7,0
305184,305184,305191,7,0
305184,305188,305190,2,4
305184,305184,305191,7,0
305184,305184,305191,7,0
305184,305184,305190,6,0
305184,305190,305191,1,6
305184,305184,305190,6,0
305184,305190,305191,1,6
305184,305189,305190,1,5
305184,305189,305190,1,5
305184,305189,305190,1,5
305184,305184,305191,7,0
305184,305184,305191,7,0
305184,305190,305192,2,6
305184,305190,305191,1,6
305184,305190,305192,2,6
305184,305190,305192,2,6
305184,305190,305191,1,6
305184,305184,305192,8,0
305184,305190,305191,1,6
305184,305190,305191,1,6
305184,305190,305191,1,6
305184,305190,305191,1,6
305184,305184,305192,8,0
305184,305184,305193,9,0
305184,305189,305192,3,5
305184,305190,305193,3,6
305184,305190,305193,3,6
305184,305190,305192,2,6
305184,305184,305192,8,0
305184,305184,305192,8,0
305184,305184,305193,9,0
305184,305184,305193,9,0
305184,305184,305194,10,0
305184,305184,305194,10,0
305184,305184,305195,11,0
305184,305184,305196,12,0
305184,305184,305197,13,0
305184,305184,305198,14,0
305184,305184,305197,13,0
305184,305184,305197,13,0
305184,305184,305200,16,0
305184,305184,305199,15,0
305211,305211,305212,1,0
305211,305211,305212,1,0
305211,305211,305212,1,0
305211,305211,305212,1,0
305211,305211,305213,2,0
305211,305211,305212,1,0
305211,305211,305212,1,0
305211,305211,305214,3,0
305211,305213,305214,1,2
305211,305212,305214,2,1
305211,305213,305214,1,2
305211,305213,305214,1,2
305211,305213,305215,2,2
305211,305213,305214,1,2
305211,305213,305215,2,2
305211,305211,305216,5,0
305211,305211,305216,5,0
305211,305215,305216,1,4
305211,305211,305216,5,0
305211,305215,305216,1,4
305211,305211,305216,5,0
305211,305214,305216,2,3
305211,305214,305216,2,3
305211,305214,305216,2,3
305211,305211,305216,5,0
305211,305211,305217,6,0
305211,305211,305217,6,0
305211,305211,305216,5,0
305211,305211,305217,6,0
305211,305211,305217,6,0
305211,305211,305217,6,0
305211,305215,305217,2,4
305211,305215,305217,2,4
305211,305211,305217,6,0
305211,305211,305216,5,0
305211,305215,305217,2,4
305211,305216,305217,1,5
305211,305211,305218,7,0
305211,305211,305217,6,0
305211,305211,305218,7,0
305211,305211,305218,7,0
305211,305211,305218,7,0
305211,305216,305218,2,5
305211,305217,305218,1,6
305211,305216,305218,2,5
305211,305216,305218,2,5
305211,305217,305218,1,6
305211,305211,305217,6,0
305211,305216,305218,2,5
305211,305211,305217,6,0
305211,305216,305218,2,5
305211,305216,305217,1,5
305211,305217,305218,1,6
305211,305217,305218,1,6
305211,305217,305218,1,6
305211,305211,305218,7,0
305211,305211,305218,7,0
305211,305211,305218,7,0
305211,305216,305218,2,5
305211,305216,305219,3,5
305211,305217,305218,1,6
305211,305217,305218,1,6
305211,305217,305219,2,6
305211,305217,305219,2,6
305211,305217,305219,2,6
305211,305217,305219,2,6
305211,305211,305220,9,0
305211,305211,305219,8,0
305211,305211,305220,9,0
305211,305211,305220,9,0
305211,305211,305220,9,0
305211,305211,305220,9,0
305211,305211,305220,9,0
305211,305211,305222,11,0
305211,305211,305221,10,0
305211,305211,305222,11,0
305211,305211,305226,15,0
305211,305211,305227,16,0
305211,305211,305229,18,0
305240,305240,305242,2,0
305240,305240,305242,2,0
305240,305240,305242,2,0
305240,305240,305242,2,0
305240,305240,305242,2,0
305240,305240,305242,2,0
305240,305241,305242,1,1
305240,305241,305243,2,1
305240,305243,305244,1,3
305240,305243,305244,1,3
305240,305243,305244,1,3
305240,305243,305244,1,3
305240,305241,305245,4,1
305240,305241,305245,4,1
305240,305241,305245,4,1
305240,305241,305245,4,1
305240,305244,305245,1,4
305240,305241,305245,4,1
305240,305244,305245,1,4
305240,305241,305245,4,1
305240,305245,305246,1,5
305240,305243,305245,2,3
305240,305241,305246,5,1
305240,305241,305246,5,1
305240,305241,305246,5,1
305240,305243,305246,3,3
305240,305241,305246,5,1
305240,305245,305246,1,5
305240,305245,305246,1,5
305240,305241,305247,6,1
305240,305241,305246,5,1
305240,305246,305247,1,6
305240,305241,305246,5,1
305240,305241,305246,5,1
305240,305245,305247,2,5
305240,305246,305247,1,6
305240,305241,305247,6,1
305240,305241,305248,7,1
305240,305241,305248,7,1
305240,305241,305248,7,1
305240,305246,305247,1,6
305240,305247,305248,1,7
305240,305240,305247,7,0
305240,305246,305247,1,6
305240,305246,305247,1,6
305240,305241,305248,7,1
305240,305246,305247,1,6
305240,305246,305247,1,6
305240,305247,305248,1,7
305240,305241,305248,7,1
305240,305246,305248,2,6
305240,305241,305248,7,1
305240,305246,305248,2,6
305240,305246,305248,2,6
305240,305247,305248,1,7
305240,305247,305248,1,7
305240,305247,305248,1,7
305240,305247,305248,1,7
305240,305247,305248,1,7
305240,305247,305248,1,7
305240,305247,305248,1,7
305240,305247,305248,1,7
305240,305247,305248,1,7
305240,305241,305250,9,1
305240,305241,305249,8,1
305240,305241,305250,9,1
305240,305241,305250,9,1
305240,305241,305250,9,1
305240,305241,305250,9,1
305240,305241,305251,10,1
305240,305241,305251,10,1
305240,305241,305251,10,1
305240,305241,305252,11,1
305240,305246,305252,6,6
305240,305241,305253,12,1
305240,305241,305254,13,1
305240,305241,305254,13,1
305240,305241,305256,15,1
305267,305267,305268,1,0
305267,305267,305268,1,0
305267,305267,305269,2,0
305267,305267,305269,2,0
305267,305267,305269,2,0
305267,305267,305269,2,0
305267,305267,305269,2,0
305267,305269,305270,1,2
305267,305267,305270,3,0
305267,305269,305270,1,2
305267,305270,305271,1,3
305267,305268,305271,3,1
305267,305267,305271,4,0
305267,305268,305271,3,1
305267,305270,305271,1,3
305267,305270,305271,1,3
305267,305271,305272,1,4
305267,305270,305271,1,3
305267,305271,305272,1,4
305267,305268,305272,4,1
305267,305271,305272,1,4
305267,305268,305272,4,1
305267,305268,305272,4,1
305267,305271,305272,1,4
305267,305268,305272,4,1
305267,305271,305272,1,4
305267,305272,305273,1,5
305267,305268,305273,5,1
305267,305272,305273,1,5
305267,305267,305273,6,0
305267,305267,305273,6,0
305267,305268,305273,5,1
305267,305267,305273,6,0
305267,305267,305273,6,0
305267,305272,305273,1,5
305267,305272,305273,1,5
305267,305272,305273,1,5
305267,305273,305274,1,6
305267,305268,305274,6,1
305267,305273,305274,1,6
305267,305272,305274,2,5
305267,305267,305274,7,0
305267,305267,305274,7,0
305267,305273,305274,1,6
305267,305273,305274,1,6
305267,305274,305275,1,7
305267,305274,305275,1,7
305267,305267,305274,7,0
305267,305273,305274,1,6
305267,305273,305275,2,6
305267,305273,305274,1,6
305267,305267,305275,8,0
305267,305272,305275,3,5
305267,305268,305275,7,1
305267,305273,305275,2,6
305267,305274,305275,1,7
305267,305274,305275,1,7
305267,305274,305275,1,7
305267,305274,305275,1,7
305267,305267,305275,8,0
305267,305268,305276,8,1
305267,305268,305276,8,1
305267,305268,305276,8,1
305267,305268,305276,8,1
305267,305268,305276,8,1
305267,305274,305276,2,7
305267,305272,305276,4,5
305267,305268,305276,8,1
305267,305267,305277,10,0
305267,305267,305277,10,0
305267,305268,305277,9,1
305267,305267,305278,11,0
305267,305267,305278,11,0
305267,305267,305279,12,0
305267,305267,305279,12,0
305267,305267,305280,13,0
305267,305267,305281,14,0
305267,305267,305282,15,0
305293,305293,305294,1,0
305293,305293,305295,2,0
305293,305293,305294,1,0
305293,305293,305294,1,0
305293,305293,305294,1,0
305293,305293,305294,1,0
305293,305293,305295,2,0
305293,305293,305296,3,0
305293,305293,305296,3,0
305293,305294,305295,1,1
305293,305295,305296,1,2
305293,305293,305296,3,0
305293,305295,305296,1,2
305293,305293,305296,3,0
305293,305295,305297,2,2
305293,305295,305297,2,2
305293,305296,305297,1,3
305293,305293,305297,4,0
305293,305295,305296,1,2
305293,305295,305297,2,2
305293,305293,305297,4,0
305293,305293,305297,4,0
305293,305296,305298,2,3
305293,305293,305298,5,0
305293,305293,305298,5,0
305293,305296,305298,2,3
305293,305297,305298,1,4
305293,305296,305298,2,3
305293,305296,305298,2,3
305293,305297,305298,1,4
305293,305293,305299,6,0
305293,305293,305299,6,0
305293,305297,305298,1,4
305293,305293,305299,6,0
305293,305298,305299,1,5
305293,305293,305299,6,0
305293,305297,305299,2,4
305293,305293,305299,6,0
305293,305297,305298,1,4
305293,305293,305299,6,0
305293,305298,305299,1,5
305293,305293,305300,7,0
305293,305297,305300,3,4
305293,305293,305300,7,0
305293,305298,305300,2,5
305293,305298,305300,2,5
305293,305299,305300,1,6
305293,305293,305300,7,0
305293,305298,305300,2,5
305293,305299,305300,1,6
305293,305293,305300,7,0
305293,305298,305299,1,5
305293,305298,305300,2,5
305293,305298,305300,2,5
305293,305298,305301,3,5
305293,305299,305301,2,6
305293,305296,305301,5,3
305293,305297,305301,4,4
305293,305298,305301,3,5
305293,305293,305301,8,0
305293,305299,305301,2,6
305293,305293,305301,8,0
305293,305299,305300,1,6
305293,305293,305302,9,0
305293,305293,305302,9,0
305293,305293,305302,9,0
305293,305293,305303,10,0
305293,305293,305303,10,0
305293,305293,305303,10,0
305293,305293,305304,11,0
305293,305293,305303,10,0
305293,305293,305304,11,0
305293,305293,305304,11,0
305293,305293,305304,11,0
305293,305293,305304,11,0
305293,305293,305306,13,0
305293,305293,305308,15,0
305293,305293,305309,16,0
305293,305293,305310,17,0
305321,305321,305322,1,0
305321,305321,305322,1,0
305321,305321,305322,1,0
305321,305321,305322,1,0
305321,305321,305322,1,0
305321,305321,305322,1,0
305321,305321,305322,1,0
305321,305321,305323,2,0
305321,305321,305324,3,0
305321,305321,305324,3,0
305321,305321,305325,4,0
305321,305321,305324,3,0
305321,305321,305324,3,0
305321,305323,305325,2,2
305321,305323,305325,2,2
305321,305323,305324,1,2
305321,305323,305324,1,2
305321,305323,305324,1,2
305321,305321,305326,5,0
305321,305323,305325,2,2
305321,305323,305325,2,2
305321,305324,305326,2,3
305321,305321,305326,5,0
305321,305321,305326,5,0
305321,305321,305327,6,0
305321,305321,305326,5,0
305321,305321,305326,5,0
305321,305321,305327,6,0
305321,305324,305327,3,3
305321,305321,305326,5,0
305321,305324,305326,2,3
305321,305325,305327,2,4
305321,305321,305327,6,0
305321,305325,305326,1,4
305321,305325,305326,1,4
305321,305325,305326,1,4
305321,305325,305326,1,4
305321,305325,305326,1,4
305321,305321,305327,6,0
305321,305325,305327,2,4
305321,305321,305328,7,0
305321,305326,305327,1,5
305321,305321,305327,6,0
305321,305321,305328,7,0
305321,305326,305327,1,5
305321,305326,305327,1,5
305321,305321,305327,6,0
305321,305326,305327,1,5
305321,305321,305327,6,0
305321,305327,305328,1,6
305321,305321,305328,7,0
305321,305325,305328,3,4
305321,305321,305328,7,0
305321,305326,305328,2,5
305321,305321,305329,8,0
305321,305327,305329,2,6
305321,305327,305329,2,6
305321,305327,305329,2,6
305321,305327,305328,1,6
305321,305321,305328,7,0
305321,305321,305328,7,0
305321,305327,305328,1,6
305321,305327,305329,2,6
305321,305327,305330,3,6
305321,305327,305329,2,6
305321,305327,305329,2,6
305321,305327,305329,2,6
305321,305327,305329,2,6
305321,305321,305330,9,0
305321,305321,305330,9,0
305321,305321,305330,9,0
305321,305321,305331,10,0
305321,305321,305330,9,0
305321,305321,305331,10,0
305321,305321,305331,10,0
305321,305321,305332,11,0
305321,305321,305333,12,0
305321,305321,305335,14,0
305321,305321,305334,13,0
305346,305346,305347,1,0
305346,305346,305347,1,0
305346,305346,305347,1,0
305346,305346,305347,1,0
305346,305346,305347,1,0
305346,305346,305347,1,0
305346,305346,305347,1,0
305346,305347,305349,2,1
305346,305346,305349,3,0
305346,305347,305349,2,1
305346,305347,305349,2,1
305346,305346,305349,3,0
305346,305346,305349,3,0
305346,305346,305349,3,0
305346,305348,305350,2,2
305346,305349,305350,1,3
305346,305348,305350,2,2
305346,305348,305350,2,2
305346,305348,305349,1,2
305346,305346,305351,5,0
305346,305346,305351,5,0
305346,305349,305350,1,3
305346,305349,305350,1,3
305346,305349,305351,2,3
305346,305346,305351,5,0
305346,305346,305352,6,0
305346,305346,305352,6,0
305346,305346,305351,5,0
305346,305346,305352,6,0
305346,305346,305352,6,0
305346,305346,305352,6,0
305346,305350,305351,1,4
305346,305346,305351,5,0
305346,305350,305351,1,4
305346,305346,305352,6,0
305346,305350,305352,2,4
305346,305350,305352,2,4
305346,305350,305352,2,4
305346,305346,305353,7,0
305346,305351,305353,2,5
305346,305350,305353,3,4
305346,305352,305353,1,6
305346,305352,305353,1,6
305346,305346,305352,6,0
305346,305352,305353,1,6
305346,305346,305352,6,0
305346,305351,305353,2,5
305346,305351,305352,1,5
305346,305351,305353,2,5
305346,305346,305352,6,0
305346,305351,305352,1,5
305346,305352,305353,1,6
305346,305352,305354,2,6
305346,305346,305353,7,0
305346,305346,305354,8,0
305346,305350,305354,4,4
305346,305352,305354,2,6
305346,305346,305354,8,0
305346,305346,305354,8,0
305346,305346,305354,8,0
305346,305352,305354,2,6
305346,305352,305354,2,6
305346,305346,305353,7,0
305346,305351,305354,3,5
305346,305346,305353,7,0
305346,305346,305353,7,0
305346,305352,305353,1,6
305346,305346,305354,8,0
305346,305346,305353,7,0
305346,305346,305354,8,0
305346,305350,305355,5,4
305346,305352,305354,2,6
305346,305346,305355,9,0
305346,305346,305355,9,0
305346,305346,305356,10,0
305346,305346,305355,9,0
305346,305346,305356,10,0
305346,305346,305358,12,0
305346,305346,305361,15,0
305373,305373,305374,1,0
305373,305373,305374,1,0
305373,305373,305375,2,0
305373,305373,305375,2,0
305373,305373,305375,2,0
305373,305373,305375,2,0
305373,305373,305375,2,0
305373,305375,305376,1,2
305373,305375,305376,1,2
305373,305373,305377,4,0
305373,305376,305377,1,3
305373,305376,305377,1,3
305373,305376,305377,1,3
305373,305376,305377,1,3
305373,305373,305377,4,0
305373,305373,305378,5,0
305373,305377,305378,1,4
305373,305377,305378,1,4
305373,305377,305378,1,4
305373,305373,305379,6,0
305373,305373,305379,6,0
305373,305374,305379,5,1
305373,305374,305379,5,1
305373,305373,305379,6,0
305373,305378,305379,1,5
305373,305373,305379,6,0
305373,305378,305379,1,5
305373,305373,305380,7,0
305373,305378,305379,1,5
305373,305378,305379,1,5
305373,305373,305379,6,0
305373,305378,305379,1,5
305373,305373,305380,7,0
305373,305373,305380,7,0
305373,305373,305380,7,0
305373,305373,305380,7,0
305373,305373,305380,7,0
305373,305379,305380,1,6
305373,305379,305380,1,6
305373,305380,305381,1,7
305373,305373,305380,7,0
305373,305379,305380,1,6
305373,305380,305381,1,7
305373,305373,305381,8,0
305373,305373,305381,8,0
305373,305373,305381,8,0
305373,305378,305381,3,5
305373,305379,305381,2,6
305373,305380,305381,1,7
305373,305380,305381,1,7
305373,305373,305381,8,0
305373,305380,305381,1,7
305373,305380,305381,1,7
305373,305373,305381,8,0
305373,305373,305381,8,0
305373,305380,305381,1,7
305373,305380,305381,1,7
305373,305380,305381,1,7
305373,305373,305382,9,0
305373,305373,305382,9,0
305373,305373,305382,9,0
305373,305380,305382,2,7
305373,305380,305382,2,7
305373,305380,305382,2,7
305373,305373,305382,9,0
305373,305381,305382,1,8
305373,305381,305383,2,8
305373,305380,305383,3,7
305373,305373,305383,10,0
305373,305373,305384,11,0
305373,305373,305384,11,0
305373,305373,305384,11,0
305373,305373,305385,12,0
305373,305373,305386,13,0
305373,305374,305386,12,1
305373,305373,305387,14,0
305373,305373,305387,14,0
305373,305373,305387,14,0
305398,305398,305399,1,0
305398,305398,305399,1,0
305398,305398,305400,2,0
305398,305398,305399,1,0
305398,305398,305400,2,0
305398,305398,305399,1,0
305398,305398,305400,2,0
305398,305399,305401,2,1
305398,305399,305401,2,1
305398,305400,305402,2,2
305398,305400,305402,2,2
305398,305400,305402,2,2
305398,305400,305401,1,2
305398,305398,305402,4,0
305398,305398,305403,5,0
305398,305398,305403,5,0
305398,305398,305403,5,0
305398,305398,305403,5,0
305398,305400,305403,3,2
305398,305401,305403,2,3
305398,305402,305403,1,4
305398,305401,305403,2,3
305398,305398,305404,6,0
305398,305398,305403,5,0
305398,305398,305404,6,0
305398,305398,305404,6,0
305398,305403,305404,1,5
305398,305403,305404,1,5
305398,305403,305404,1,5
305398,305398,305404,6,0
305398,305403,305404,1,5
305398,305398,305405,7,0
305398,305403,305405,2,5
305398,305404,305405,1,6
305398,305398,305405,7,0
305398,305403,305405,2,5
305398,305398,305405,7,0
305398,305405,305406,1,7
305398,305398,305405,7,0
305398,305398,305405,7,0
305398,305404,305405,1,6
305398,305405,305406,1,7
305398,305404,305405,1,6
305398,305405,305406,1,7
305398,305404,305406,2,6
305398,305398,305406,8,0
305398,305404,305406,2,6
305398,305404,305406,2,6
305398,305403,305406,3,5
305398,305398,305406,8,0
305398,305398,305406,8,0
305398,305398,305406,8,0
305398,305398,305407,9,0
305398,305398,305407,9,0
305398,305405,305407,2,7
305398,305403,305407,4,5
305398,305398,305407,9,0
305398,305398,305408,10,0
305398,305398,305408,10,0
305398,305398,305408,10,0
305398,305398,305408,10,0
305398,305398,305409,11,0
305398,305398,305409,11,0
305398,305398,305409,11,0
305398,305398,305409,11,0
305398,305398,305410,12,0
305398,305398,305410,12,0
305398,305403,305409,6,5
305398,305398,305411,13,0
305398,305398,305411,13,0
305398,305398,305411,13,0
305398,305398,305412,14,0
305398,305398,305413,15,0
305424,305424,305425,1,0
305424,305424,305425,1,0
305424,305424,305425,1,0
305424,305424,305426,2,0
305424,305424,305426,2,0
305424,305424,305425,1,0
305424,305425,305426,1,1
305424,305424,305426,2,0
305424,305424,305427,3,0
305424,305426,305427,1,2
305424,305426,305427,1,2
305424,305425,305427,2,1
305424,305424,305428,4,0
305424,305425,305428,3,1
305424,305426,305428,2,2
305424,305427,305428,1,3
305424,305426,305428,2,2
305424,305426,305428,2,2
305424,305427,305428,1,3
305424,305424,305429,5,0
305424,305424,305429,5,0
305424,305424,305429,5,0
305424,305424,305429,5,0
305424,305427,305429,2,3
305424,305424,305430,6,0
305424,305427,305430,3,3
305424,305429,305430,1,5
305424,305424,305430,6,0
305424,305424,305430,6,0
305424,305428,305430,2,4
305424,305428,305430,2,4
305424,305424,305430,6,0
305424,305424,305430,6,0
305424,305428,305430,2,4
305424,305424,305430,6,0
305424,305428,305430,2,4
305424,305428,305429,1,4
305424,305424,305431,7,0
305424,305429,305431,2,5
305424,305429,305431,2,5
305424,305424,305431,7,0
305424,305429,305431,2,5
305424,305430,305431,1,6
305424,305424,305431,7,0
305424,305424,305431,7,0
305424,305428,305430,2,4
305424,305430,305431,1,6
305424,305424,305431,7,0
305424,305430,305431,1,6
305424,305430,305431,1,6
305424,305430,305432,2,6
305424,305431,305432,1,7
305424,305431,305432,1,7
305424,305430,305432,2,6
305424,305431,305432,1,7
305424,305428,305433,5,4
305424,305424,305433,9,0
305424,305424,305433,9,0
305424,305424,305432,8,0
305424,305424,305433,9,0
305424,305424,305434,10,0
305424,305424,305434,10,0
305424,305424,305434,10,0
305424,305424,305434,10,0
305424,305424,305434,10,0
305424,305424,305434,10,0
305424,305424,305434,10,0
305424,305430,305434,4,6
305424,305424,305435,11,0
305424,305424,305435,11,0
305424,305424,305435,11,0
305424,305424,305435,11,0
305424,305429,305435,6,5
305424,305424,305436,12,0
305424,305424,305435,11,0
305424,305424,305438,14,0
305424,305424,305438,14,0
305424,305424,305437,13,0
305450,305450,305452,2,0
305450,305450,305451,1,0
305450,305450,305451,1,0
305450,305450,305451,1,0
305450,305450,305451,1,0
305450,305450,305451,1,0
305450,305450,305451,1,0
305450,305450,305453,3,0
305450,305450,305453,3,0
305450,305452,305454,2,2
305450,305450,305453,3,0
305450,305452,305454,2,2
305450,305452,305454,2,2
305450,305452,305454,2,2
305450,305452,305454,2,2
305450,305450,305454,4,0
305450,305452,305455,3,2
305450,305452,305455,3,2
305450,305450,305455,5,0
305450,305453,305456,3,3
305450,305450,305456,6,0
305450,305454,305456,2,4
305450,305454,305456,2,4
305450,305454,305456,2,4
305450,305455,305456,1,5
305450,305454,305456,2,4
305450,305454,305456,2,4
305450,305455,305456,1,5
305450,305450,305456,6,0
305450,305453,305456,3,3
305450,305456,305457,1,6
305450,305456,305457,1,6
305450,305450,305457,7,0
305450,305454,305456,2,4
305450,305456,305457,1,6
305450,305450,305457,7,0
305450,305456,305457,1,6
305450,305456,305457,1,6
305450,305456,305457,1,6
305450,305455,305457,2,5
305450,305450,305457,7,0
305450,305450,305458,8,0
305450,305456,305458,2,6
305450,305450,305457,7,0
305450,305450,305458,8,0
305450,305456,305458,2,6
305450,305457,305458,1,7
305450,305450,305457,7,0
305450,305450,305458,8,0
305450,305457,305458,1,7
305450,305456,305458,2,6
305450,305450,305458,8,0
305450,305457,305458,1,7
305450,305457,305458,1,7
305450,305456,305459,3,6
305450,305457,305459,2,7
305450,305457,305459,2,7
305450,305450,305459,9,0
305450,305457,305459,2,7
305450,305450,305460,10,0
305450,305450,305460,10,0
305450,305450,305460,10,0
305450,305450,305460,10,0
305450,305450,305461,11,0
305450,305450,305461,11,0
305450,305450,305461,11,0
305450,305450,305462,12,0
305450,305450,305462,12,0
305450,305450,305462,12,0
305450,305450,305462,12,0
305450,305450,305462,12,0
305450,305450,305463,13,0
305450,305450,305463,13,0
305450,305450,305462,12,0
305450,305450,305464,14,0
305450,305450,305464,14,0
305450,305450,305465,15,0
305450,305450,305466,16,0
305450,305450,305466,16,0
305477,305477,305478,1,0
305477,305477,305478,1,0
305477,305477,305478,1,0
305477,305477,305478,1,0
305477,305477,305478,1,0
305477,305477,305478,1,0
305477,305477,305478,1,0
305477,305477,305480,3,0
305477,305478,305479,1,1
305477,305478,305479,1,1
305477,305478,305480,2,1
305477,305478,305479,1,1
305477,305477,305480,3,0
305477,305477,305480,3,0
305477,305477,305481,4,0
305477,305477,305481,4,0
305477,305479,305480,1,2
305477,305477,305480,3,0
305477,305479,305481,2,2
305477,305479,305480,1,2
305477,305480,305482,2,3
305477,305480,305482,2,3
305477,305477,305482,5,0
305477,305482,305483,1,5
305477,305480,305482,2,3
305477,305481,305483,2,4
305477,305480,305482,2,3
305477,305481,305482,1,4
305477,305481,305482,1,4
305477,305482,305483,1,5
305477,305481,305483,2,4
305477,305480,305483,3,3
305477,305481,305483,2,4
305477,305481,305484,3,4
305477,305477,305483,6,0
305477,305477,305484,7,0
305477,305481,305483,2,4
305477,305483,305484,1,6
305477,305477,305484,7,0
305477,305483,305484,1,6
305477,305477,305484,7,0
305477,305483,305484,1,6
305477,305477,305483,6,0
305477,305483,305484,1,6
305477,305483,305484,1,6
305477,305483,305484,1,6
305477,305477,305484,7,0
305477,305477,305485,8,0
305477,305477,305484,7,0
305477,305477,305485,8,0
305477,305477,305484,7,0
305477,305484,305485,1,7
305477,305483,305484,1,6
305477,305477,305485,8,0
305477,305483,305484,1,6
305477,305484,305486,2,7
305477,305477,305485,8,0
305477,305484,305485,1,7
305477,305484,305486,2,7
305477,305477,305486,9,0
305477,305477,305486,9,0
305477,305484,305486,2,7
305477,305477,305486,9,0
305477,305477,305485,8,0
305477,305477,305486,9,0
305477,305477,305486,9,0
305477,305477,305487,10,0
305477,305477,305488,11,0
305477,305477,305488,11,0
305477,305477,305488,11,0
305477,305477,305489,12,0
305477,305477,305488,11,0
305477,305477,305489,12,0
305477,305481,305489,8,4
305477,305477,305489,12,0
305477,305477,305491,14,0
305477,305477,305490,13,0
305477,305477,305491,14,0
305477,305477,305492,15,0
305504,305504,305505,1,0
305504,305504,305505,1,0
305504,305504,305505,1,0
305504,305504,305505,1,0
305504,305504,305505,1,0
305504,305504,305505,1,0
305504,305504,305505,1,0
305504,305504,305505,1,0
305504,305504,305507,3,0
305504,305504,305506,2,0
305504,305504,305507,3,0
305504,305504,305507,3,0
305504,305504,305507,3,0
305504,305504,305507,3,0
305504,305504,305507,3,0
305504,305504,305508,4,0
305504,305505,305507,2,1
305504,305506,305508,2,2
305504,305506,305508,2,2
305504,305506,305508,2,2
305504,305506,305508,2,2
305504,305506,305508,2,2
305504,305504,305508,4,0
305504,305504,305509,5,0
305504,305504,305509,5,0
305504,305504,305508,4,0
305504,305504,305509,5,0
305504,305506,305508,2,2
305504,305504,305508,4,0
305504,305506,305509,3,2
305504,305508,305509,1,4
305504,305504,305510,6,0
305504,305507,305510,3,3
305504,305507,305510,3,3
305504,305504,305509,5,0
305504,305508,305509,1,4
305504,305504,305510,6,0
305504,305508,305509,1,4
305504,305508,305510,2,4
305504,305504,305510,6,0
305504,305508,305509,1,4
305504,305509,305510,1,5
305504,305508,305510,2,4
305504,305509,305510,1,5
305504,305504,305510,6,0
305504,305509,305511,2,5
305504,305508,305511,3,4
305504,305509,305511,2,5
305504,305508,305511,3,4
305504,305509,305511,2,5
305504,305509,305511,2,5
305504,305504,305511,7,0
305504,305510,305511,1,6
305504,305510,305511,1,6
305504,305504,305511,7,0
305504,305509,305510,1,5
305504,305504,305511,7,0
305504,305504,305510,6,0
305504,305509,305510,1,5
305504,305504,305511,7,0
305504,305504,305511,7,0
305504,305507,305511,4,3
305504,305508,305512,4,4
305504,305508,305512,4,4
305504,305509,305511,2,5
305504,305510,305512,2,6
305504,305510,305512,2,6
305504,305504,305512,8,0
305504,305504,305512,8,0
305504,305507,305512,5,3
305504,305504,305512,8,0
305504,305504,305513,9,0
305504,305504,305513,9,0
305504,305504,305514,10,0
305504,305504,305517,13,0
305504,305504,305518,14,0
305504,305504,305519,15,0
305504,305504,305518,14,0
305504,305504,305520,16,0
305531,305531,305532,1,0
305531,305531,305532,1,0
305531,305531,305532,1,0
305531,305531,305532,1,0
305531,305531,305532,1,0
305531,305531,305532,1,0
305531,305531,305532,1,0
305531,305531,305533,2,0
305531,305531,305533,2,0
305531,305533,305534,1,2
305531,305533,305534,1,2
305531,305533,305534,1,2
305531,305531,305535,4,0
305531,305533,305535,2,2
305531,305533,305534,1,2
305531,305531,305535,4,0
305531,305531,305535,4,0
305531,305531,305536,5,0
305531,305533,305535,2,2
305531,305533,305536,3,2
305531,305534,305535,1,3
305531,305533,305535,2,2
305531,305531,305536,5,0
305531,305531,305537,6,0
305531,305534,305536,2,3
305531,305531,305537,6,0
305531,305531,305536,5,0
305531,305535,305537,2,4
305531,305535,305537,2,4
305531,305535,305537,2,4
305531,305531,305537,6,0
305531,305535,305536,1,4
305531,305536,305537,1,5
305531,305535,305536,1,4
305531,305536,305537,1,5
305531,305536,305537,1,5
305531,305531,305538,7,0
305531,305531,305537,6,0
305531,305531,305538,7,0
305531,305531,305538,7,0
305531,305531,305538,7,0
305531,305531,305538,7,0
305531,305536,305538,2,5
305531,305531,305537,6,0
305531,305531,305538,7,0
305531,305536,305537,1,5
305531,305537,305538,1,6
305531,305537,305539,2,6
305531,305531,305538,7,0
305531,305536,305539,3,5
305531,305537,305539,2,6
305531,305531,305538,7,0
305531,305537,305539,2,6
305531,305531,305538,7,0
305531,305537,305538,1,6
305531,305537,305538,1,6
305531,305531,305539,8,0
305531,305537,305538,1,6
305531,305537,305538,1,6
305531,305531,305538,7,0
305531,305537,305538,1,6
305531,305531,305539,8,0
305531,305531,305538,7,0
305531,305537,305538,1,6
305531,305537,305538,1,6
305531,305537,305538,1,6
305531,305537,305539,2,6
305531,305536,305539,3,5
305531,305531,305540,9,0
305531,305531,305539,8,0
305531,305531,305541,10,0
305531,305531,305542,11,0
305531,305531,305541,10,0
305531,305531,305542,11,0
305531,305531,305541,10,0
305531,305531,305541,10,0
305531,305531,305542,11,0
305531,305531,305548,17,0
305531,305531,305552,21,0
305563,305563,305564,1,0
305563,305563,305564,1,0
305563,305563,305564,1,0
305563,305563,305564,1,0
305563,305563,305564,1,0
305563,305563,305564,1,0
305563,305563,305564,1,0
305563,305563,305565,2,0
305563,305563,305567,4,0
305563,305563,305567,4,0
305563,305565,305567,2,2
305563,305565,305567,2,2
305563,305564,305567,3,1
305563,305565,305567,2,2
305563,305565,305567,2,2
305563,305563,305568,5,0
305563,305563,305568,5,0
305563,305565,305567,2,2
305563,305565,305567,2,2
305563,305567,305568,1,4
305563,305566,305567,1,3
305563,305563,305568,5,0
305563,305563,305569,6,0
305563,305563,305569,6,0
305563,305567,305568,1,4
305563,305567,305569,2,4
305563,305568,305569,1,5
305563,305567,305569,2,4
305563,305568,305569,1,5
305563,305567,305569,2,4
305563,305563,305570,7,0
305563,305567,305570,3,4
305563,305563,305570,7,0
305563,305568,305570,2,5
305563,305563,305570,7,0
305563,305568,305569,1,5
305563,305563,305570,7,0
305563,305563,305570,7,0
305563,305563,305569,6,0
305563,305567,305569,2,4
305563,305563,305569,6,0
305563,305568,305570,2,5
305563,305563,305570,7,0
305563,305563,305571,8,0
305563,305569,305571,2,6
305563,305563,305570,7,0
305563,305569,305570,1,6
305563,305570,305571,1,7
305563,305569,305571,2,6
305563,305569,305571,2,6
305563,305563,305571,8,0
305563,305569,305570,1,6
305563,305569,305570,1,6
305563,305563,305570,7,0
305563,305569,305570,1,6
305563,305569,305570,1,6
305563,305563,305572,9,0
305563,305570,305572,2,7
305563,305570,305572,2,7
305563,305570,305572,2,7
305563,305563,305571,8,0
305563,305570,305572,2,7
305563,305570,305572,2,7
305563,305563,305571,8,0
305563,305563,305573,10,0
305563,305563,305573,10,0
305563,305568,305572,4,5
305563,305563,305572,9,0
305563,305563,305572,9,0
305563,305563,305573,10,0
305563,305563,305573,10,0
305563,305563,305573,10,0
305563,305563,305573,10,0
305563,305563,305573,10,0
305563,305563,305574,11,0
305563,305563,305577,14,0
305563,305563,305578,15,0
305563,305563,305578,15,0
305563,305563,305581,18,0
305591,305591,305592,1,0
305591,305591,305592,1,0
305591,305591,305592,1,0
305591,305591,305593,2,0
305591,305591,305593,2,0
305591,305591,305593,2,0
305591,305591,305593,2,0
305591,305591,305594,3,0
305591,305593,305594,1,2
305591,305593,305594,1,2
305591,305591,305595,4,0
305591,305592,305595,3,1
305591,305593,305595,2,2
305591,305594,305595,1,3
305591,305594,305595,1,3
305591,305594,305595,1,3
305591,305594,305595,1,3
305591,305591,305596,5,0
305591,305591,305596,5,0
305591,305591,305596,5,0
305591,305592,305596,4,1
305591,305595,305596,1,4
305591,305591,305597,6,0
305591,305591,305597,6,0
305591,305596,305597,1,5
305591,305591,305597,6,0
305591,305596,305597,1,5
305591,305596,305597,1,5
305591,305591,305597,6,0
305591,305591,305597,6,0
305591,305591,305597,6,0
305591,305591,305597,6,0
305591,305596,305597,1,5
305591,305596,305597,1,5
305591,305592,305598,6,1
305591,305591,305598,7,0
305591,305591,305598,7,0
305591,305597,305598,1,6
305591,305591,305599,8,0
305591,305591,305598,7,0
305591,305597,305598,1,6
305591,305597,305598,1,6
305591,305591,305598,7,0
305591,305591,305599,8,0
305591,305597,305598,1,6
305591,305597,305598,1,6
305591,305591,305598,7,0
305591,305597,305598,1,6
305591,305598,305599,1,7
305591,305598,305599,1,7
305591,305598,305599,1,7
305591,305598,305599,1,7
305591,305591,305598,7,0
305591,305598,305599,1,7
305591,305591,305599,8,0
305591,305596,305599,3,5
305591,305596,305599,3,5
305591,305597,305599,2,6
305591,305591,305599,8,0
305591,305598,305599,1,7
305591,305591,305599,8,0
305591,305598,305599,1,7
305591,305598,305599,1,7
305591,305591,305599,8,0
305591,305598,305599,1,7
305591,305591,305600,9,0
305591,305591,305600,9,0
305591,305591,305601,10,0
305591,305591,305601,10,0
305591,305591,305601,10,0
305591,305591,305602,11,0
305591,305591,305602,11,0
305591,305591,305603,12,0
305591,305591,305603,12,0
305591,305591,305603,12,0
305614,305614,305615,1,0
305614,305614,305615,1,0
305614,305614,305616,2,0
305614,305614,305615,1,0
305614,305614,305615,1,0
305614,305614,305615,1,0
305614,305614,305615,1,0
305614,305614,305617,3,0
305614,305616,305618,2,2
305614,305614,305617,3,0
305614,305616,305618,2,2
305614,305614,305619,5,0
305614,305614,305619,5,0
305614,305616,305618,2,2
305614,305616,305619,3,2
305614,305618,305619,1,4
305614,305616,305619,3,2
305614,305616,305618,2,2
305614,305618,305619,1,4
305614,305614,305619,5,0
305614,305614,305620,6,0
305614,305614,305620,6,0
305614,305614,305620,6,0
305614,305614,305620,6,0
305614,305614,305620,6,0
305614,305616,305619,3,2
305614,305619,305620,1,5
305614,305614,305620,6,0
305614,305614,305620,6,0
305614,305618,305620,2,4
305614,305614,305621,7,0
305614,305614,305620,6,0
305614,305614,305620,6,0
305614,305614,305621,7,0
305614,305614,305621,7,0
305614,305614,305621,7,0
305614,305619,305621,2,5
305614,305614,305621,7,0
305614,305614,305621,7,0
305614,305614,305621,7,0
305614,305614,305620,6,0
305614,305619,305621,2,5
305614,305614,305621,7,0
305614,305619,305621,2,5
305614,305619,305620,1,5
305614,305614,305621,7,0
305614,305620,305621,1,6
305614,305614,305622,8,0
305614,305614,305622,8,0
305614,305620,305622,2,6
305614,305614,305621,7,0
305614,305620,305622,2,6
305614,305620,305621,1,6
305614,305614,305622,8,0
305614,305614,305622,8,0
305614,305620,305622,2,6
305614,305614,305622,8,0
305614,305620,305622,2,6
305614,305620,305622,2,6
305614,305614,305621,7,0
305614,305619,305621,2,5
305614,305620,305621,1,6
305614,305619,305622,3,5
305614,305620,305622,2,6
305614,305617,305622,5,3
305614,305620,305623,3,6
305614,305621,305623,2,7
305614,305621,305623,2,7
305614,305614,305623,9,0
305614,305621,305623,2,7
305614,305621,305623,2,7
305614,305621,305623,2,7
305614,305619,305623,4,5
305614,305614,305623,9,0
305614,305614,305624,10,0
305614,305614,305624,10,0
305614,305620,305623,3,6
305614,305614,305625,11,0
305614,305614,305625,11,0
305636,305636,305637,1,0
305636,305636,305637,1,0
305636,305636,305637,1,0
305636,305636,305637,1,0
305636,305636,305637,1,0
305636,305636,305637,1,0
305636,305636,305638,2,0
305636,305638,305639,1,2
305636,305636,305640,4,0
305636,305638,305639,1,2
305636,305637,305640,3,1
305636,305637,305640,3,1
305636,305637,305640,3,1
305636,305637,305640,3,1
305636,305636,305641,5,0
305636,305636,305641,5,0
305636,305639,305641,2,3
305636,305639,305640,1,3
305636,305636,305641,5,0
305636,305636,305641,5,0
305636,305640,305641,1,4
305636,305636,305641,5,0
305636,305636,305641,5,0
305636,305640,305641,1,4
305636,305636,305641,5,0
305636,305636,305642,6,0
305636,305640,305642,2,4
305636,305636,305642,6,0
305636,305640,305642,2,4
305636,305636,305642,6,0
305636,305640,305642,2,4
305636,305636,305643,7,0
305636,305640,305643,3,4
305636,305636,305643,7,0
305636,305641,305643,2,5
305636,305636,305642,6,0
305636,305641,305643,2,5
305636,305641,305643,2,5
305636,305641,305643,2,5
305636,305641,305643,2,5
305636,305642,305643,1,6
305636,305641,305643,2,5
305636,305641,305643,2,5
305636,305642,305643,1,6
305636,305641,305643,2,5
305636,305641,305642,1,5
305636,305636,305644,8,0
305636,305636,305644,8,0
305636,305636,305643,7,0
305636,305636,305644,8,0
305636,305636,305643,7,0
305636,305642,305644,2,6
305636,305642,305644,2,6
305636,305636,305644,8,0
305636,305636,305644,8,0
305636,305642,305643,1,6
305636,305641,305644,3,5
305636,305636,305644,8,0
305636,305636,305645,9,0
305636,305636,305645,9,0
305636,305636,305645,9,0
305636,305636,305645,9,0
305636,305636,305645,9,0
305636,305642,305645,3,6
305636,305643,305645,2,7
305636,305643,305645,2,7
305636,305636,305644,8,0
305636,305643,305645,2,7
305636,305643,305645,2,7
305636,305636,305645,9,0
305636,305636,305646,10,0
305636,305636,305645,9,0
305636,305636,305646,10,0
305636,305636,305647,11,0
305636,305636,305646,10,0
305636,305636,305648,12,0
305636,305636,305649,13,0
305636,305636,305650,14,0
305661,305661,305662,1,0
305661,305661,305662,1,0
305661,305661,305663,2,0
305661,305661,305663,2,0
305661,305661,305663,2,0
305661,305661,305663,2,0
305661,305661,305664,3,0
305661,305661,305666,5,0
305661,305663,305665,2,2
305661,305664,305665,1,3
305661,305663,305665,2,2
305661,305664,305666,2,3
305661,305666,305667,1,5
305661,305661,305666,5,0
305661,305662,305666,4,1
305661,305665,305666,1,4
305661,305662,305667,5,1
305661,305661,305668,7,0
305661,305662,305667,5,1
305661,305662,305667,5,1
305661,305664,305667,3,3
305661,305664,305667,3,3
305661,305662,305667,5,1
305661,305667,305668,1,6
305661,305666,305667,1,5
305661,305666,305667,1,5
305661,305662,305667,5,1
305661,305666,305667,1,5
305661,305661,305668,7,0
305661,305662,305668,6,1
305661,305661,305669,8,0
305661,305661,305668,7,0
305661,305661,305668,7,0
305661,305667,305668,1,6
305661,305668,305669,1,7
305661,305661,305668,7,0
305661,305662,305668,6,1
305661,305667,305668,1,6
305661,305667,305668,1,6
305661,305667,305668,1,6
305661,305668,305669,1,7
305661,305662,305669,7,1
305661,305661,305669,8,0
305661,305662,305669,7,1
305661,305662,305669,7,1
305661,305662,305669,7,1
305661,305662,305669,7,1
305661,305668,305669,1,7
305661,305668,305669,1,7
305661,305669,305670,1,8
305661,305669,305670,1,8
305661,305662,305670,8,1
305661,305669,305670,1,8
305661,305669,305670,1,8
305661,305661,305669,8,0
305661,305668,305669,1,7
305661,305668,305669,1,7
305661,305668,305669,1,7
305661,305668,305669,1,7
305661,305668,305669,1,7
305661,305661,305670,9,0
305661,305662,305670,8,1
305661,305662,305670,8,1
305661,305661,305670,9,0
305661,305662,305670,8,1
305661,305662,305670,8,1
305661,305668,305670,2,7
305661,305669,305670,1,8
305661,305668,305670,2,7
305661,305669,305670,1,8
305661,305662,305671,9,1
305661,305669,305671,2,8
305661,305662,305671,9,1
305661,305668,305671,3,7
305661,305662,305672,10,1
305661,305661,305673,12,0
305661,305661,305673,12,0
305661,305661,305676,15,0
305661,305661,305676,15,0
305687,305687,305688,1,0
305687,305687,305688,1,0
305687,305687,305688,1,0
305687,305687,305688,1,0
305687,305687,305689,2,0
305687,305687,305688,1,0
305687,305687,305690,3,0
305687,305687,305692,5,0
305687,305689,305691,2,2
305687,305689,305692,3,2
305687,305689,305691,2,2
305687,305689,305691,2,2
305687,305687,305692,5,0
305687,305687,305693,6,0
305687,305687,305693,6,0
305687,305687,305693,6,0
305687,305687,305693,6,0
305687,305689,305692,3,2
305687,305691,305693,2,4
305687,305687,305692,5,0
305687,305689,305692,3,2
305687,305692,305693,1,5
305687,305687,305693,6,0
305687,305687,305694,7,0
305687,305687,305693,6,0
305687,305687,305693,6,0
305687,305687,305694,7,0
305687,305692,305693,1,5
305687,305687,305693,6,0
305687,305692,305693,1,5
305687,305693,305694,1,6
305687,305687,305693,6,0
305687,305687,305693,6,0
305687,305692,305693,1,5
305687,305693,305694,1,6
305687,305687,305693,6,0
305687,305687,305694,7,0
305687,305687,305694,7,0
305687,305692,305695,3,5
305687,305687,305695,8,0
305687,305687,305695,8,0
305687,305687,305695,8,0
305687,305694,305695,1,7
305687,305694,305695,1,7
305687,305694,305695,1,7
305687,305693,305695,2,6
305687,305693,305695,2,6
305687,305693,305695,2,6
305687,305693,305695,2,6
305687,305693,305695,2,6
305687,305693,305695,2,6
305687,305693,305695,2,6
305687,305694,305695,1,7
305687,305694,305695,1,7
305687,305687,305695,8,0
305687,305687,305695,8,0
305687,305687,305695,8,0
305687,305687,305696,9,0
305687,305687,305696,9,0
305687,305687,305695,8,0
305687,305694,305696,2,7
305687,305693,305695,2,6
305687,305694,305695,1,7
305687,305694,305696,2,7
305687,305694,305696,2,7
305687,305694,305695,1,7
305687,305694,305695,1,7
305687,305687,305697,10,0
305687,305687,305696,9,0
305687,305687,305697,10,0
305687,305694,305696,2,7
305687,305694,305696,2,7
305687,305687,305697,10,0
305687,305687,305698,11,0
305687,305687,305698,11,0
305687,305687,305698,11,0
305687,305687,305700,13,0
305687,305687,305701,14,0
305687,305687,305702,15,0
305713,305713,305714,1,0
305713,305713,305714,1,0
305713,305713,305714,1,0
305713,305713,305714,1,0
305713,305713,305714,1,0
305713,305713,305714,1,0
305713,305713,305715,2,0
305713,305714,305716,2,1
305713,305714,305716,2,1
305713,305714,305716,2,1
305713,305714,305716,2,1
305713,305714,305717,3,1
305713,305713,305717,4,0
305713,305715,305717,2,2
305713,305716,305718,2,3
305713,305717,305718,1,4
305713,305713,305718,5,0
305713,305716,305717,1,3
305713,305713,305718,5,0
305713,305716,305717,1,3
305713,305713,305718,5,0
305713,305713,305719,6,0
305713,305713,305718,5,0
305713,305713,305718,5,0
305713,305717,305718,1,4
305713,305713,305718,5,0
305713,305713,305718,5,0
305713,305713,305719,6,0
305713,305713,305718,5,0
305713,305713,305718,5,0
305713,305718,305719,1,5
305713,305717,305718,1,4
305713,305713,305719,6,0
305713,305713,305719,6,0
305713,305713,305719,6,0
305713,305718,305720,2,5
305713,305713,305719,6,0
305713,305718,305719,1,5
305713,305718,305719,1,5
305713,305713,305719,6,0
305713,305719,305720,1,6
305713,305719,305720,1,6
305713,305713,305719,6,0
305713,305718,305719,1,5
305713,305713,305719,6,0
305713,305718,305719,1,5
305713,305718,305720,2,5
305713,305719,305720,1,6
305713,305718,305719,1,5
305713,305719,305720,1,6
305713,305713,305720,7,0
305713,305713,305720,7,0
305713,305713,305720,7,0
305713,305713,305720,7,0
305713,305713,305720,7,0
305713,305719,305720,1,6
305713,305719,305720,1,6
305713,305719,305720,1,6
305713,305719,305720,1,6
305713,305719,305720,1,6
305713,305719,305720,1,6
305713,305719,305720,1,6
305713,305713,305721,8,0
305713,305713,305721,8,0
305713,305720,305722,2,7
305713,305720,305721,1,7
305713,305720,305721,1,7
305713,305719,305721,2,6
305713,305713,305722,9,0
305713,305713,305722,9,0
305713,305713,305722,9,0
305713,305713,305723,10,0
305713,305713,305723,10,0
305713,305713,305724,11,0
305713,305713,305724,11,0
305713,305713,305725,12,0
305713,305713,305725,12,0
305713,305713,305725,12,0
305713,305713,305725,12,0
305737,305737,305738,1,0
305737,305737,305738,1,0
305737,305737,305738,1,0
305737,305737,305738,1,0
305737,305737,305738,1,0
305737,305737,305738,1,0
305737,305737,305738,1,0
305737,305739,305740,1,2
305737,305739,305740,1,2
305737,305739,305740,1,2
305737,305739,305741,2,2
305737,305737,305741,4,0
305737,305739,305741,2,2
305737,305741,305742,1,4
305737,305739,305741,2,2
305737,305739,305741,2,2
305737,305741,305742,1,4
305737,305737,305742,5,0
305737,305737,305743,6,0
305737,305737,305742,5,0
305737,305737,305742,5,0
305737,305741,305742,1,4
305737,305737,305742,5,0
305737,305737,305742,5,0
305737,305741,305742,1,4
305737,305742,305743,1,5
305737,305737,305743,6,0
305737,305737,305743,6,0
305737,305737,305743,6,0
305737,305742,305743,1,5
305737,305742,305743,1,5
305737,305737,305743,6,0
305737,305737,305743,6,0
305737,305742,305743,1,5
305737,305737,305743,6,0
305737,305737,305743,6,0
305737,305742,305744,2,5
305737,305742,305743,1,5
305737,305737,305743,6,0
305737,305743,305744,1,6
305737,305737,305744,7,0
305737,305737,305744,7,0
305737,305737,305744,7,0
305737,305744,305745,1,7
305737,305744,305745,1,7
305737,305737,305744,7,0
305737,305743,305744,1,6
305737,305743,305744,1,6
305737,305744,305745,1,7
305737,305737,305744,7,0
305737,305743,305744,1,6
305737,305744,305745,1,7
305737,305744,305745,1,7
305737,305744,305745,1,7
305737,305743,305744,1,6
305737,305743,305744,1,6
305737,305737,305745,8,0
305737,305737,305745,8,0
305737,305744,305745,1,7
305737,305743,305745,2,6
305737,305743,305746,3,6
305737,305743,305745,2,6
305737,305744,305745,1,7
305737,305744,305745,1,7
305737,305737,305746,9,0
305737,305737,305746,9,0
305737,305737,305746,9,0
305737,305737,305746,9,0
305737,305737,305746,9,0
305737,305737,305746,9,0
305737,305737,305747,10,0
305737,305737,305748,11,0
305737,305737,305748,11,0
305737,305737,305748,11,0
305737,305737,305749,12,0
305737,305737,305749,12,0
305737,305737,305752,15,0
305737,305737,305754,17,0
305737,305737,305754,17,0
305766,305766,305767,1,0
305766,305766,305767,1,0
305766,305766,305767,1,0
305766,305766,305767,1,0
305766,305766,305767,1,0
305766,305766,305767,1,0
305766,305766,305768,2,0
305766,305767,305769,2,1
305766,305768,305769,1,2
305766,305768,305769,1,2
305766,305768,305769,1,2
305766,305768,305769,1,2
305766,305767,305769,2,1
305766,305769,305770,1,3
305766,305766,305771,5,0
305766,305770,305771,1,4
305766,305766,305771,5,0
305766,305770,305771,1,4
305766,305769,305770,1,3
305766,305766,305771,5,0
305766,305770,305771,1,4
305766,305770,305771,1,4
305766,305766,305771,5,0
305766,305766,305772,6,0
305766,305766,305772,6,0
305766,305770,305771,1,4
305766,305766,305771,5,0
305766,305766,305771,5,0
305766,305770,305771,1,4
305766,305766,305772,6,0
305766,305766,305772,6,0
305766,305766,305773,7,0
305766,305766,305772,6,0
305766,305766,305773,7,0
305766,305766,305773,7,0
305766,305766,305772,6,0
305766,305771,305772,1,5
305766,305771,305772,1,5
305766,305766,305772,6,0
305766,305772,305773,1,6
305766,305766,305772,6,0
305766,305771,305772,1,5
305766,305771,305772,1,5
305766,305772,305773,1,6
305766,305771,305772,1,5
305766,305772,305773,1,6
305766,305772,305773,1,6
305766,305772,305773,1,6
305766,305766,305773,7,0
305766,305766,305773,7,0
305766,305766,305773,7,0
305766,305766,305773,7,0
305766,305766,305773,7,0
305766,305766,305774,8,0
305766,305772,305773,1,6
305766,305766,305773,7,0
305766,305772,305773,1,6
305766,305772,305773,1,6
305766,305772,305773,1,6
305766,305773,305774,1,7
305766,305766,305774,8,0
305766,305773,305774,1,7
305766,305766,305774,8,0
305766,305773,305775,2,7
305766,305772,305774,2,6
305766,305773,305774,1,7
305766,305773,305774,1,7
305766,305773,305775,2,7
305766,305766,305776,10,0
305766,305766,305775,9,0
305766,305766,305776,10,0
305766,305766,305777,11,0
305766,305766,305776,10,0
305766,305766,305776,10,0
305766,305766,305777,11,0
305766,305766,305778,12,0
305766,305766,305778,12,0
305766,305766,305778,12,0
305766,305766,305780,14,0
305791,305791,305792,1,0
305791,305791,305792,1,0
305791,305791,305792,1,0
305791,305791,305792,1,0
305791,305791,305792,1,0
305791,305791,305792,1,0
305791,305791,305793,2,0
305791,305791,305793,2,0
305791,305791,305793,2,0
305791,305791,305794,3,0
305791,305792,305794,2,1
305791,305792,305794,2,1
305791,305792,305794,2,1
305791,305793,305794,1,2
305791,305791,305795,4,0
305791,305793,305795,2,2
305791,305791,305795,4,0
305791,305793,305794,1,2
305791,305791,305795,4,0
305791,305793,305794,1,2
305791,305791,305795,4,0
305791,305791,305796,5,0
305791,305791,305796,5,0
305791,305794,305796,2,3
305791,305794,305796,2,3
305791,305794,305796,2,3
305791,305791,305796,5,0
305791,305795,305797,2,4
305791,305791,305797,6,0
305791,305795,305797,2,4
305791,305791,305797,6,0
305791,305794,305796,2,3
305791,305795,305797,2,4
305791,305791,305797,6,0
305791,305795,305797,2,4
305791,305791,305797,6,0
305791,305791,305797,6,0
305791,305791,305798,7,0
305791,305794,305798,4,3
305791,305791,305798,7,0
305791,305795,305798,3,4
305791,305795,305798,3,4
305791,305791,305797,6,0
305791,305797,305798,1,6
305791,305791,305798,7,0
305791,305796,305798,2,5
305791,305797,305798,1,6
305791,305797,305798,1,6
305791,305796,305797,1,5
305791,305796,305797,1,5
305791,305796,305797,1,5
305791,305797,305798,1,6
305791,305796,305798,2,5
305791,305797,305798,1,6
305791,305797,305798,1,6
305791,305791,305798,7,0
305791,305791,305798,7,0
305791,305794,305798,4,3
305791,305791,305798,7,0
305791,305791,305799,8,0
305791,305791,305799,8,0
305791,305791,305799,8,0
305791,305796,305799,3,5
305791,305797,305798,1,6
305791,305791,305799,8,0
305791,305797,305799,2,6
305791,305797,305798,1,6
305791,305791,305799,8,0
305791,305791,305799,8,0
305791,305791,305799,8,0
305791,305791,305800,9,0
305791,305791,305801,10,0
305791,305791,305801,10,0
305791,305794,305801,7,3
305791,305791,305801,10,0
305791,305791,305801,10,0
305791,305791,305801,10,0
305791,305791,305803,12,0
305791,305791,305804,13,0
305815,305815,305816,1,0
305815,305815,305816,1,0
305815,305815,305816,1,0
305815,305815,305816,1,0
305815,305815,305816,1,0
305815,305815,305816,1,0
305815,305815,305817,2,0
305815,305815,305818,3,0
305815,305815,305817,2,0
305815,305815,305818,3,0
305815,305816,305818,2,1
305815,305816,305818,2,1
305815,305817,305819,2,2
305815,305817,305819,2,2
305815,305817,305819,2,2
305815,305817,305819,2,2
305815,305816,305819,3,1
305815,305815,305820,5,0
305815,305818,305820,2,3
305815,305818,305820,2,3
305815,305815,305821,6,0
305815,305815,305821,6,0
305815,305819,305821,2,4
305815,305815,305821,6,0
305815,305819,305821,2,4
305815,305819,305821,2,4
305815,305819,305821,2,4
305815,305815,305821,6,0
305815,305815,305821,6,0
305815,305819,305821,2,4
305815,305815,305822,7,0
305815,305815,305821,6,0
305815,305815,305822,7,0
305815,305815,305822,7,0
305815,305815,305822,7,0
305815,305815,305822,7,0
305815,305818,305822,4,3
305815,305815,305822,7,0
305815,305815,305822,7,0
305815,305815,305822,7,0
305815,305815,305822,7,0
305815,305821,305822,1,6
305815,305815,305822,7,0
305815,305820,305822,2,5
305815,305821,305822,1,6
305815,305820,305822,2,5
305815,305821,305822,1,6
305815,305815,305822,7,0
305815,305818,305823,5,3
305815,305815,305822,7,0
305815,305815,305822,7,0
305815,305815,305822,7,0
305815,305820,305823,3,5
305815,305818,305822,4,3
305815,305821,305823,2,6
305815,305821,305823,2,6
305815,305821,305823,2,6
305815,305815,305822,7,0
305815,305815,305822,7,0
305815,305821,305823,2,6
305815,305815,305823,8,0
305815,305815,305823,8,0
305815,305821,305823,2,6
305815,305815,305824,9,0
305815,305822,305824,2,7
305815,305822,305824,2,7
305815,305815,305824,9,0
305815,305822,305824,2,7
305815,305815,305824,9,0
305815,305822,305824,2,7
305815,305822,305824,2,7
305815,305821,305824,3,6
305815,305821,305824,3,6
305815,305815,305825,10,0
305815,305815,305828,13,0
305815,305815,305829,14,0
305815,305815,305830,15,0
305815,305815,305831,16,0
305815,305815,305831,16,0
305843,305843,305844,1,0
305843,305843,305844,1,0
305843,305843,305844,1,0
305843,305843,305844,1,0
305843,305843,305844,1,0
305843,305843,305844,1,0
305843,305843,305844,1,0
305843,305844,305846,2,1
305843,305843,305846,3,0
305843,305845,305846,1,2
305843,305843,305848,5,0
305843,305843,305848,5,0
305843,305843,305848,5,0
305843,305843,305847,4,0
305843,305843,305847,4,0
305843,305843,305847,4,0
305843,305843,305847,4,0
305843,305843,305848,5,0
305843,305843,305848,5,0
305843,305845,305847,2,2
305843,305845,305847,2,2
305843,305845,305847,2,2
305843,305845,305847,2,2
305843,305843,305847,4,0
305843,305846,305847,1,3
305843,305843,305848,5,0
305843,305843,305849,6,0
305843,305843,305849,6,0
305843,305843,305849,6,0
305843,305845,305848,3,2
305843,305848,305849,1,5
305843,305843,305848,5,0
305843,305843,305849,6,0
305843,305843,305849,6,0
305843,305843,305849,6,0
305843,305847,305849,2,4
305843,305843,305849,6,0
305843,305843,305849,6,0
305843,305848,305850,2,5
305843,305843,305850,7,0
305843,305843,305850,7,0
305843,305848,305849,1,5
305843,305848,305850,2,5
305843,305848,305850,2,5
305843,305849,305850,1,6
305843,305843,305850,7,0
305843,305848,305850,2,5
305843,305843,305850,7,0
305843,305849,305851,2,6
305843,305847,305851,4,4
305843,305849,305851,2,6
305843,305849,305851,2,6
305843,305848,305851,3,5
305843,305848,305851,3,5
305843,305848,305851,3,5
305843,305843,305850,7,0
305843,305850,305851,1,7
305843,305850,305851,1,7
305843,305849,305851,2,6
305843,305843,305850,7,0
305843,305849,305850,1,6
305843,305843,305851,8,0
305843,305843,305850,7,0
305843,305849,305850,1,6
305843,305843,305851,8,0
305843,305843,305852,9,0
305843,305848,305851,3,5
305843,305843,305851,8,0
305843,305850,305852,2,7
305843,305843,305852,9,0
305843,305848,305851,3,5
305843,305848,305852,4,5
305843,305848,305853,5,5
305843,305843,305853,10,0
305843,305848,305853,5,5
305843,305843,305854,11,0
305843,305848,305853,5,5
305843,305843,305855,12,0
305843,305843,305861,18,0
305874,305874,305875,1,0
305874,305874,305875,1,0
305874,305874,305875,1,0
305874,305874,305875,1,0
305874,305874,305875,1,0
305874,305874,305875,1,0
305874,305874,305875,1,0
305874,305876,305878,2,2
305874,305875,305877,2,1
305874,305875,305877,2,1
305874,305876,305878,2,2
305874,305874,305878,4,0
305874,305876,305878,2,2
305874,305874,305878,4,0
305874,305876,305878,2,2
305874,305876,305878,2,2
305874,305874,305880,6,0
305874,305874,305879,5,0
305874,305874,305880,6,0
305874,305874,305879,5,0
305874,305874,305879,5,0
305874,305874,305880,6,0
305874,305874,305880,6,0
305874,305878,305879,1,4
305874,305874,305880,6,0
305874,305878,305879,1,4
305874,305874,305880,6,0
305874,305874,305880,6,0
305874,305874,305881,7,0
305874,305874,305880,6,0
305874,305874,305880,6,0
305874,305879,305881,2,5
305874,305874,305880,6,0
305874,305874,305880,6,0
305874,305874,305881,7,0
305874,305879,305881,2,5
305874,305874,305881,7,0
305874,305874,305881,7,0
305874,305878,305881,3,4
305874,305879,305880,1,5
305874,305878,305880,2,4
305874,305880,305881,1,6
305874,305874,305881,7,0
305874,305874,305882,8,0
305874,305880,305881,1,6
305874,305881,305882,1,7
305874,305874,305881,7,0
305874,305879,305881,2,5
305874,305881,305882,1,7
305874,305880,305881,1,6
305874,305881,305883,2,7
305874,305881,305883,2,7
305874,305880,305883,3,6
305874,305881,305883,2,7
305874,305880,305883,3,6
305874,305879,305882,3,5
305874,305880,305882,2,6
305874,305881,305883,2,7
305874,305880,305883,3,6
305874,305874,305882,8,0
305874,305874,305883,9,0
305874,305874,305882,8,0
305874,305881,305882,1,7
305874,305874,305883,9,0
305874,305874,305883,9,0
305874,305880,305884,4,6
305874,305881,305883,2,7
305874,305874,305883,9,0
305874,305874,305884,10,0
305874,305874,305885,11,0
305874,305874,305885,11,0
305874,305881,305884,3,7
305874,305874,305884,10,0
305874,305874,305885,11,0
305874,305880,305886,6,6
305874,305874,305885,11,0
305874,305874,305888,14,0
305874,305880,305887,7,6
305874,305874,305892,18,0
305906,305906,305907,1,0
305906,305906,305907,1,0
305906,305906,305907,1,0
305906,305906,305908,2,0
305906,305906,305907,1,0
305906,305906,305907,1,0
305906,305906,305908,2,0
305906,305907,305909,2,1
305906,305908,305910,2,2
305906,305908,305910,2,2
305906,305908,305909,1,2
305906,305907,305909,2,1
305906,305908,305909,1,2
305906,305906,305911,5,0
305906,305906,305911,5,0
305906,305906,305911,5,0
305906,305906,305911,5,0
305906,305908,305911,3,2
305906,305909,305910,1,3
305906,305906,305912,6,0
305906,305906,305912,6,0
305906,305906,305912,6,0
305906,305906,305911,5,0
305906,305906,305912,6,0
305906,305906,305912,6,0
305906,305906,305912,6,0
305906,305910,305912,2,4
305906,305910,305911,1,4
305906,305906,305912,6,0
305906,305910,305911,1,4
305906,305910,305912,2,4
305906,305910,305912,2,4
305906,305906,305912,6,0
305906,305906,305913,7,0
305906,305906,305913,7,0
305906,305906,305913,7,0
305906,305906,305913,7,0
305906,305906,305913,7,0
305906,305906,305913,7,0
305906,305911,305912,1,5
305906,305912,305913,1,6
305906,305911,305913,2,5
305906,305906,305913,7,0
305906,305912,305913,1,6
305906,305911,305913,2,5
305906,305906,305914,8,0
305906,305906,305914,8,0
305906,305911,305914,3,5
305906,305911,305914,3,5
305906,305912,305914,2,6
305906,305912,305913,1,6
305906,305906,305914,8,0
305906,305912,305913,1,6
305906,305912,305913,1,6
305906,305906,305914,8,0
305906,305906,305913,7,0
305906,305912,305913,1,6
305906,305912,305915,3,6
305906,305912,305914,2,6
305906,305913,305915,2,7
305906,305912,305915,3,6
305906,305911,305914,3,5
305906,305913,305915,2,7
305906,305906,305914,8,0
305906,305906,305914,8,0
305906,305912,305915,3,6
305906,305912,305916,4,6
305906,305912,305915,3,6
305906,305913,305915,2,7
305906,305906,305917,11,0
305906,305906,305917,11,0
305906,305906,305917,11,0
305906,305906,305917,11,0
305906,305906,305917,11,0
305906,305906,305918,12,0
305906,305906,305920,14,0
305906,305906,305919,13,0
305906,305906,305920,14,0
305906,305906,305920,14,0
305932,305932,305933,1,0
305932,305932,305934,2,0
305932,305932,305934,2,0
305932,305932,305934,2,0
305932,305932,305934,2,0
305932,305932,305934,2,0
305932,305932,305934,2,0
305932,305932,305936,4,0
305932,305933,305936,3,1
305932,305934,305936,2,2
305932,305934,305936,2,2
305932,305932,305937,5,0
305932,305934,305937,3,2
305932,305934,305937,3,2
305932,305934,305937,3,2
305932,305932,305938,6,0
305932,305932,305938,6,0
305932,305932,305938,6,0
305932,305932,305938,6,0
305932,305932,305938,6,0
305932,305932,305938,6,0
305932,305934,305938,4,2
305932,305937,305938,1,5
305932,305937,305938,1,5
305932,305932,305938,6,0
305932,305932,305939,7,0
305932,305937,305939,2,5
305932,305938,305939,1,6
305932,305938,305939,1,6
305932,305932,305939,7,0
305932,305937,305939,2,5
305932,305932,305939,7,0
305932,305932,305939,7,0
305932,305937,305939,2,5
305932,305932,305940,8,0
305932,305932,305940,8,0
305932,305938,305940,2,6
305932,305932,305940,8,0
305932,305932,305940,8,0
305932,305938,305940,2,6
305932,305932,305940,8,0
305932,305932,305940,8,0
305932,305932,305941,9,0
305932,305939,305940,1,7
305932,305932,305940,8,0
305932,305932,305940,8,0
305932,305939,305940,1,7
305932,305932,305940,8,0
305932,305939,305940,1,7
305932,305939,305940,1,7
305932,305940,305941,1,8
305932,305932,305941,9,0
305932,305932,305941,9,0
305932,305932,305941,9,0
305932,305938,305941,3,6
305932,305940,305941,1,8
305932,305940,305941,1,8
305932,305940,305941,1,8
305932,305932,305941,9,0
305932,305940,305941,1,8
305932,305940,305941,1,8
305932,305940,305941,1,8
305932,305940,305941,1,8
305932,305940,305941,1,8
305932,305939,305942,3,7
305932,305938,305942,4,6
305932,305937,305942,5,5
305932,305940,305942,2,8
305932,305932,305942,10,0
305932,305932,305943,11,0
305932,305932,305943,11,0
305932,305932,305943,11,0
305932,305932,305944,12,0
305932,305932,305944,12,0
305932,305932,305944,12,0
305932,305932,305947,15,0
305932,305932,305947,15,0
305932,305932,305949,17,0
305960,305960,305961,1,0
305960,305960,305962,2,0
305960,305960,305961,1,0
305960,305960,305962,2,0
305960,305960,305962,2,0
305960,305960,305962,2,0
305960,305961,305962,1,1
305960,305962,305964,2,2
305960,305962,305964,2,2
305960,305962,305964,2,2
305960,305963,305964,1,3
305960,305961,305966,5,1
305960,305963,305965,2,3
305960,305963,305965,2,3
305960,305961,305965,4,1
305960,305963,305965,2,3
305960,305961,305966,5,1
305960,305961,305966,5,1
305960,305961,305966,5,1
305960,305961,305966,5,1
305960,305965,305966,1,5
305960,305961,305966,5,1
305960,305965,305966,1,5
305960,305965,305967,2,5
305960,305961,305967,6,1
305960,305961,305967,6,1
305960,305961,305967,6,1
305960,305961,305967,6,1
305960,305961,305967,6,1
305960,305961,305967,6,1
305960,305966,305967,1,6
305960,305966,305967,1,6
305960,305961,305968,7,1
305960,305966,305967,1,6
305960,305961,305967,6,1
305960,305967,305968,1,7
305960,305961,305967,6,1
305960,305965,305967,2,5
305960,305961,305968,7,1
305960,305961,305968,7,1
305960,305961,305968,7,1
305960,305961,305969,8,1
305960,305961,305968,7,1
305960,305967,305968,1,7
305960,305967,305968,1,7
305960,305966,305968,2,6
305960,305968,305969,1,8
305960,305961,305968,7,1
305960,305967,305968,1,7
305960,305961,305968,7,1
305960,305967,305968,1,7
305960,305968,305969,1,8
305960,305966,305970,4,6
305960,305961,305969,8,1
305960,305967,305969,2,7
305960,305968,305969,1,8
305960,305967,305969,2,7
305960,305968,305969,1,8
305960,305961,305969,8,1
305960,305967,305969,2,7
305960,305968,305969,1,8
305960,305961,305969,8,1
305960,305968,305969,1,8
305960,305968,305969,1,8
305960,305961,305969,8,1
305960,305968,305969,1,8
305960,305968,305969,1,8
305960,305961,305970,9,1
305960,305968,305970,2,8
305960,305968,305970,2,8
305960,305961,305971,10,1
305960,305961,305971,10,1
305960,305961,305971,10,1
305960,305961,305971,10,1
305960,305961,305972,11,1
305960,305961,305972,11,1
305960,305961,305972,11,1
305960,305961,305973,12,1
305960,305961,305973,12,1
305984,305984,305985,1,0
305984,305984,305986,2,0
305984,305984,305986,2,0
305984,305984,305986,2,0
305984,305984,305986,2,0
305984,305984,305986,2,0
305984,305984,305986,2,0
305984,305986,305988,2,2
305984,305984,305988,4,0
305984,305987,305988,1,3
305984,305987,305988,1,3
305984,305985,305989,4,1
305984,305987,305989,2,3
305984,305984,305989,5,0
305984,305984,305989,5,0
305984,305987,305989,2,3
305984,305987,305989,2,3
305984,305984,305989,5,0
305984,305987,305989,2,3
305984,305989,305990,1,5
305984,305989,305990,1,5
305984,305985,305990,5,1
305984,305984,305990,6,0
305984,305984,305990,6,0
305984,305984,305990,6,0
305984,305985,305990,5,1
305984,305984,305990,6,0
305984,305989,305990,1,5
305984,305989,305990,1,5
305984,305984,305991,7,0
305984,305985,305991,6,1
305984,305984,305991,7,0
305984,305985,305991,6,1
305984,305984,305991,7,0
305984,305984,305991,7,0
305984,305984,305992,8,0
305984,305984,305991,7,0
305984,305990,305991,1,6
305984,305984,305991,7,0
305984,305990,305991,1,6
305984,305990,305992,2,6
305984,305990,305991,1,6
305984,305990,305991,1,6
305984,305990,305991,1,6
305984,305990,305991,1,6
305984,305990,305991,1,6
305984,305984,305991,7,0
305984,305990,305991,1,6
305984,305984,305992,8,0
305984,305990,305992,2,6
305984,305984,305992,8,0
305984,305984,305992,8,0
305984,305992,305993,1,8
305984,305984,305992,8,0
305984,305991,305992,1,7
305984,305984,305992,8,0
305984,305984,305992,8,0
305984,305991,305992,1,7
305984,305991,305992,1,7
305984,305991,305993,2,7
305984,305984,305993,9,0
305984,305991,305993,2,7
305984,305992,305993,1,8
305984,305991,305993,2,7
305984,305992,305993,1,8
305984,305992,305993,1,8
305984,305984,305994,10,0
305984,305984,305994,10,0
305984,305984,305994,10,0
305984,305984,305994,10,0
305984,305991,305994,3,7
305984,305991,305994,3,7
305984,305984,305994,10,0
305984,305984,305994,10,0
305984,305984,305995,11,0
305984,305992,305995,3,8
305984,305992,305995,3,8
305984,305984,305995,11,0
305984,305984,305997,13,0
306008,306008,306009,1,0
306008,306008,306009,1,0
306008,306008,306009,1,0
306008,306008,306010,2,0
306008,306008,306009,1,0
306008,306008,306010,2,0
306008,306008,306010,2,0
306008,306010,306012,2,2
306008,306010,306012,2,2
306008,306010,306012,2,2
306008,306009,306012,3,1
306008,306009,306011,2,1
306008,306010,306012,2,2
306008,306008,306013,5,0
306008,306008,306013,5,0
306008,306008,306013,5,0
306008,306009,306012,3,1
306008,306008,306013,5,0
306008,306012,306013,1,4
306008,306008,306014,6,0
306008,306008,306013,5,0
306008,306008,306013,5,0
306008,306008,306014,6,0
306008,306012,306014,2,4
306008,306008,306014,6,0
306008,306008,306013,5,0
306008,306012,306014,2,4
306008,306012,306014,2,4
306008,306012,306014,2,4
306008,306012,306014,2,4
306008,306013,306014,1,5
306008,306008,306015,7,0
306008,306013,306015,2,5
306008,306008,306015,7,0
306008,306008,306014,6,0
306008,306008,306014,6,0
306008,306008,306015,7,0
306008,306014,306015,1,6
306008,306013,306015,2,5
306008,306008,306015,7,0
306008,306013,306015,2,5
306008,306014,306015,1,6
306008,306014,306015,1,6
306008,306014,306015,1,6
306008,306008,306015,7,0
306008,306013,306015,2,5
306008,306014,306015,1,6
306008,306008,306016,8,0
306008,306008,306016,8,0
306008,306008,306015,7,0
306008,306008,306015,7,0
306008,306008,306016,8,0
306008,306008,306016,8,0
306008,306014,306016,2,6
306008,306008,306016,8,0
306008,306008,306016,8,0
306008,306008,306016,8,0
306008,306008,306016,8,0
306008,306014,306016,2,6
306008,306013,306016,3,5
306008,306008,306015,7,0
306008,306014,306016,2,6
306008,306014,306016,2,6
306008,306008,306017,9,0
306008,306015,306017,2,7
306008,306014,306017,3,6
306008,306008,306017,9,0
306008,306015,306017,2,7
306008,306014,306016,2,6
306008,306015,306017,2,7
306008,306015,306017,2,7
306008,306008,306018,10,0
306008,306008,306019,11,0
306008,306014,306019,5,6
306008,306008,306019,11,0
306008,306008,306019,11,0
306008,306008,306020,12,0
306008,306008,306020,12,0
306008,306008,306020,12,0
306031,306031,306033,2,0
306031,306031,306033,2,0
306031,306031,306033,2,0
306031,306031,306033,2,0
306031,306031,306033,2,0
306031,306031,306033,2,0
306031,306031,306033,2,0
306031,306034,306035,1,3
306031,306034,306035,1,3
306031,306034,306035,1,3
306031,306034,306035,1,3
306031,306034,306036,2,3
306031,306032,306036,4,1
306031,306034,306036,2,3
306031,306031,306036,5,0
306031,306034,306036,2,3
306031,306032,306037,5,1
306031,306031,306037,6,0
306031,306032,306037,5,1
306031,306031,306037,6,0
306031,306031,306037,6,0
306031,306036,306037,1,5
306031,306036,306037,1,5
306031,306036,306037,1,5
306031,306036,306037,1,5
306031,306031,306038,7,0
306031,306031,306038,7,0
306031,306032,306038,6,1
306031,306032,306038,6,1
306031,306031,306038,7,0
306031,306037,306038,1,6
306031,306031,306038,7,0
306031,306031,306038,7,0
306031,306038,306039,1,7
306031,306037,306038,1,6
306031,306037,306038,1,6
306031,306031,306038,7,0
306031,306037,306038,1,6
306031,306038,306039,1,7
306031,306031,306039,8,0
306031,306032,306039,7,1
306031,306032,306039,7,1
306031,306031,306040,9,0
306031,306031,306039,8,0
306031,306037,306039,2,6
306031,306038,306039,1,7
306031,306031,306040,9,0
306031,306038,306039,1,7
306031,306039,306040,1,8
306031,306038,306039,1,7
306031,306039,306040,1,8
306031,306031,306039,8,0
306031,306031,306039,8,0
306031,306038,306039,1,7
306031,306039,306040,1,8
306031,306032,306040,8,1
306031,306038,306040,2,7
306031,306039,306040,1,8
306031,306038,306040,2,7
306031,306031,306040,9,0
306031,306039,306040,1,8
306031,306039,306040,1,8
306031,306039,306040,1,8
306031,306032,306041,9,1
306031,306039,306040,1,8
306031,306031,306041,10,0
306031,306032,306041,9,1
306031,306039,306041,2,8
306031,306031,306042,11,0
306031,306038,306041,3,7
306031,306031,306042,11,0
306031,306031,306042,11,0
306031,306032,306042,10,1
306031,306031,306042,11,0
306031,306031,306043,12,0
306031,306032,306043,11,1
306031,306039,306043,4,8
306031,306031,306043,12,0
306031,306031,306044,13,0
306055,306055,306056,1,0
306055,306055,306056,1,0
306055,306055,306056,1,0
306055,306055,306056,1,0
306055,306055,306056,1,0
306055,306055,306056,1,0
306055,306055,306057,2,0
306055,306057,306059,2,2
306055,306057,306059,2,2
306055,306057,306059,2,2
306055,306057,306059,2,2
306055,306057,306059,2,2
306055,306055,306060,5,0
306055,306055,306060,5,0
306055,306055,306060,5,0
306055,306057,306059,2,2
306055,306057,306059,2,2
306055,306055,306061,6,0
306055,306055,306061,6,0
306055,306055,306060,5,0
306055,306059,306061,2,4
306055,306055,306060,5,0
306055,306059,306061,2,4
306055,306059,306061,2,4
306055,306059,306061,2,4
306055,306055,306062,7,0
306055,306055,306062,7,0
306055,306060,306062,2,5
306055,306059,306061,2,4
306055,306061,306062,1,6
306055,306061,306062,1,6
306055,306060,306062,2,5
306055,306060,306062,2,5
306055,306055,306063,8,0
306055,306055,306063,8,0
306055,306055,306063,8,0
306055,306055,306063,8,0
306055,306060,306063,3,5
306055,306055,306063,8,0
306055,306061,306063,2,6
306055,306055,306063,8,0
306055,306055,306063,8,0
306055,306055,306062,7,0
306055,306062,306063,1,7
306055,306055,306063,8,0
306055,306062,306063,1,7
306055,306055,306063,8,0
306055,306055,306063,8,0
306055,306061,306062,1,6
306055,306062,306063,1,7
306055,306055,306063,8,0
306055,306055,306063,8,0
306055,306061,306063,2,6
306055,306062,306063,1,7
306055,306055,306064,9,0
306055,306061,306064,3,6
306055,306062,306064,2,7
306055,306062,306064,2,7
306055,306062,306064,2,7
306055,306055,306064,9,0
306055,306055,306064,9,0
306055,306055,306063,8,0
306055,306055,306064,9,0
306055,306062,306063,1,7
306055,306055,306065,10,0
306055,306055,306065,10,0
306055,306055,306064,9,0
306055,306063,306065,2,8
306055,306063,306065,2,8
306055,306060,306066,6,5
306055,306061,306066,5,6
306055,306055,306066,11,0
306055,306055,306067,12,0
306055,306055,306067,12,0
306055,306055,306067,12,0
306055,306055,306068,13,0
306055,306055,306067,12,0
306055,306055,306068,13,0
306055,306061,306069,8,6
306081,306081,306082,1,0
306081,306081,306082,1,0
306081,306081,306082,1,0
306081,306081,306082,1,0
306081,306081,306082,1,0
306081,306081,306082,1,0
306081,306081,306082,1,0
306081,306082,306084,2,1
306081,306081,306085,4,0
306081,306081,306084,3,0
306081,306083,306084,1,2
306081,306083,306085,2,2
306081,306083,306085,2,2
306081,306083,306085,2,2
306081,306083,306085,2,2
306081,306081,306085,4,0
306081,306081,306086,5,0
306081,306083,306085,2,2
306081,306085,306086,1,4
306081,306084,306086,2,3
306081,306085,306086,1,4
306081,306081,306086,5,0
306081,306085,306086,1,4
306081,306081,306086,5,0
306081,306085,306086,1,4
306081,306085,306086,1,4
306081,306086,306087,1,5
306081,306086,306087,1,5
306081,306086,306087,1,5
306081,306087,306088,1,6
306081,306081,306088,7,0
306081,306087,306088,1,6
306081,306081,306088,7,0
306081,306086,306087,1,5
306081,306087,306088,1,6
306081,306081,306088,7,0
306081,306087,306088,1,6
306081,306087,306088,1,6
306081,306081,306088,7,0
306081,306081,306088,7,0
306081,306081,306088,7,0
306081,306081,306089,8,0
306081,306081,306088,7,0
306081,306081,306088,7,0
306081,306081,306088,7,0
306081,306086,306088,2,5
306081,306081,306089,8,0
306081,306081,306089,8,0
306081,306087,306088,1,6
306081,306081,306088,7,0
306081,306081,306089,8,0
306081,306088,306089,1,7
306081,306081,306089,8,0
306081,306088,306089,1,7
306081,306081,306088,7,0
306081,306088,306089,1,7
306081,306088,306089,1,7
306081,306086,306089,3,5
306081,306081,306089,8,0
306081,306085,306089,4,4
306081,306081,306089,8,0
306081,306087,306089,2,6
306081,306081,306089,8,0
306081,306081,306089,8,0
306081,306088,306089,1,7
306081,306088,306089,1,7
306081,306081,306089,8,0
306081,306088,306089,1,7
306081,306081,306090,9,0
306081,306081,306090,9,0
306081,306085,306091,6,4
306081,306081,306090,9,0
306081,306081,306090,9,0
306081,306081,306091,10,0
306081,306081,306091,10,0
306081,306081,306092,11,0
306081,306081,306092,11,0
306081,306081,306093,12,0
306081,306081,306094,13,0
306104,306104,306105,1,0
306104,306104,306105,1,0
306104,306104,306106,2,0
306104,306104,306106,2,0
306104,306104,306106,2,0
306104,306104,306106,2,0
306104,306104,306106,2,0
306104,306105,306107,2,1
306104,306105,306107,2,1
306104,306106,306108,2,2
306104,306106,306108,2,2
306104,306107,306108,1,3
306104,306107,306108,1,3
306104,306106,306109,3,2
306104,306108,306109,1,4
306104,306108,306109,1,4
306104,306104,306110,6,0
306104,306104,306110,6,0
306104,306104,306110,6,0
306104,306104,306110,6,0
306104,306104,306110,6,0
306104,306109,306110,1,5
306104,306109,306110,1,5
306104,306109,306110,1,5
306104,306109,306110,1,5
306104,306104,306111,7,0
306104,306104,306111,7,0
306104,306110,306111,1,6
306104,306104,306111,7,0
306104,306110,306111,1,6
306104,306110,306111,1,6
306104,306111,306112,1,7
306104,306104,306112,8,0
306104,306104,306112,8,0
306104,306104,306112,8,0
306104,306111,306112,1,7
306104,306104,306112,8,0
306104,306104,306112,8,0
306104,306104,306112,8,0
306104,306111,306112,1,7
306104,306112,306113,1,8
306104,306104,306112,8,0
306104,306112,306113,1,8
306104,306104,306113,9,0
306104,306104,306112,8,0
306104,306111,306112,1,7
306104,306111,306112,1,7
306104,306104,306112,8,0
306104,306112,306113,1,8
306104,306112,306113,1,8
306104,306111,306113,2,7
306104,306104,306113,9,0
306104,306111,306113,2,7
306104,306111,306113,2,7
306104,306112,306113,1,8
306104,306112,306113,1,8
306104,306104,306113,9,0
306104,306104,306113,9,0
306104,306104,306114,10,0
306104,306104,306114,10,0
306104,306104,306114,10,0
306104,306111,306114,3,7
306104,306113,306114,1,9
306104,306113,306114,1,9
306104,306104,306114,10,0
306104,306104,306114,10,0
306104,306104,306114,10,0
306104,306104,306115,11,0
306104,306104,306115,11,0
306104,306104,306116,12,0
306104,306104,306116,12,0
306104,306104,306116,12,0
306104,306104,306116,12,0
306104,306104,306116,12,0
306104,306104,306118,14,0
306104,306104,306118,14,0
306104,306104,306119,15,0
306130,306130,306131,1,0
306130,306130,306131,1,0
306130,306130,306131,1,0
306130,306130,306131,1,0
306130,306130,306131,1,0
306130,306130,306131,1,0
306130,306130,306131,1,0
306130,306132,306133,1,2
306130,306132,306133,1,2
306130,306132,306133,1,2
306130,306131,306132,1,1
306130,306132,306133,1,2
306130,306130,306133,3,0
306130,306132,306133,1,2
306130,306130,306134,4,0
306130,306132,306133,1,2
306130,306133,306134,1,3
306130,306130,306134,4,0
306130,306130,306135,5,0
306130,306133,306134,1,3
306130,306133,306134,1,3
306130,306133,306134,1,3
306130,306133,306134,1,3
306130,306130,306136,6,0
306130,306134,306136,2,4
306130,306134,306136,2,4
306130,306134,306135,1,4
306130,306135,306136,1,5
306130,306134,306135,1,4
306130,306130,306136,6,0
306130,306130,306137,7,0
306130,306135,306137,2,5
306130,306136,306137,1,6
306130,306135,306136,1,5
306130,306135,306136,1,5
306130,306135,306136,1,5
306130,306135,306136,1,5
306130,306130,306138,8,0
306130,306130,306137,7,0
306130,306130,306138,8,0
306130,306136,306138,2,6
306130,306136,306138,2,6
306130,306130,306138,8,0
306130,306130,306137,7,0
306130,306130,306137,7,0
306130,306137,306138,1,7
306130,306130,306137,7,0
306130,306137,306138,1,7
306130,306130,306138,8,0
306130,306136,306137,1,6
306130,306137,306138,1,7
306130,306130,306138,8,0
306130,306136,306138,2,6
306130,306130,306138,8,0
306130,306136,306137,1,6
306130,306130,306139,9,0
306130,306134,306138,4,4
306130,306137,306139,2,7
306130,306130,306139,9,0
306130,306137,306139,2,7
306130,306130,306139,9,0
306130,306130,306138,8,0
306130,306130,306139,9,0
306130,306130,306139,9,0
306130,306130,306139,9,0
306130,306130,306139,9,0
306130,306137,306139,2,7
306130,306130,306140,10,0
306130,306130,306141,11,0
306130,306130,306142,12,0
306130,306130,306142,12,0
306130,306130,306143,13,0
306130,306130,306142,12,0
306130,306130,306145,15,0
306130,306130,306145,15,0
306130,306130,306145,15,0
306130,306130,306146,16,0
306130,306130,306147,17,0
306130,306130,306148,18,0
306159,306159,306160,1,0
306159,306159,306160,1,0
306159,306159,306160,1,0
306159,306159,306160,1,0
306159,306159,306160,1,0
306159,306159,306160,1,0
306159,306159,306160,1,0
306159,306159,306162,3,0
306159,306159,306161,2,0
306159,306159,306163,4,0
306159,306159,306163,4,0
306159,306161,306162,1,2
306159,306161,306162,1,2
306159,306161,306162,1,2
306159,306161,306162,1,2
306159,306161,306162,1,2
306159,306161,306162,1,2
306159,306161,306163,2,2
306159,306159,306164,5,0
306159,306162,306164,2,3
306159,306159,306163,4,0
306159,306162,306164,2,3
306159,306159,306163,4,0
306159,306163,306164,1,4
306159,306163,306164,1,4
306159,306159,306165,6,0
306159,306159,306164,5,0
306159,306159,306164,5,0
306159,306163,306165,2,4
306159,306163,306164,1,4
306159,306163,306164,1,4
306159,306163,306164,1,4
306159,306163,306164,1,4
306159,306164,306165,1,5
306159,306159,306166,7,0
306159,306159,306166,7,0
306159,306164,306165,1,5
306159,306159,306165,6,0
306159,306164,306166,2,5
306159,306159,306165,6,0
306159,306164,306166,2,5
306159,306164,306166,2,5
306159,306159,306166,7,0
306159,306159,306166,7,0
306159,306164,306165,1,5
306159,306159,306166,7,0
306159,306164,306165,1,5
306159,306159,306166,7,0
306159,306165,306167,2,6
306159,306159,306166,7,0
306159,306159,306166,7,0
306159,306165,306167,2,6
306159,306165,306167,2,6
306159,306159,306167,8,0
306159,306159,306166,7,0
306159,306165,306166,1,6
306159,306159,306167,8,0
306159,306165,306166,1,6
306159,306165,306166,1,6
306159,306159,306166,7,0
306159,306159,306167,8,0
306159,306165,306167,2,6
306159,306165,306166,1,6
306159,306159,306168,9,0
306159,306165,306167,2,6
306159,306166,306168,2,7
306159,306163,306167,4,4
306159,306164,306168,4,5
306159,306159,306167,8,0
306159,306159,306169,10,0
306159,306159,306168,9,0
306159,306159,306169,10,0
306159,306159,306169,10,0
306159,306159,306169,10,0
306159,306159,306170,11,0
306159,306159,306172,13,0
306159,306159,306171,12,0
306159,306159,306172,13,0
306159,306159,306173,14,0
306184,306184,306185,1,0
306184,306184,306185,1,0
306184,306184,306185,1,0
306184,306184,306185,1,0
306184,306184,306185,1,0
306184,306184,306185,1,0
306184,306184,306185,1,0
306184,306184,306186,2,0
306184,306184,306186,2,0
306184,306184,306186,2,0
306184,306184,306186,2,0
306184,306186,306187,1,2
306184,306185,306187,2,1
306184,306184,306187,3,0
306184,306184,306187,3,0
306184,306184,306187,3,0
306184,306184,306188,4,0
306184,306186,306187,1,2
306184,306186,306187,1,2
306184,306186,306187,1,2
306184,306186,306188,2,2
306184,306184,306188,4,0
306184,306184,306188,4,0
306184,306184,306188,4,0
306184,306185,306188,3,1
306184,306187,306188,1,3
306184,306187,306188,1,3
306184,306188,306189,1,4
306184,306184,306189,5,0
306184,306184,306189,5,0
306184,306184,306189,5,0
306184,306187,306189,2,3
306184,306187,306189,2,3
306184,306188,306189,1,4
306184,306188,306189,1,4
306184,306188,306189,1,4
306184,306189,306190,1,5
306184,306184,306191,7,0
306184,306184,306191,7,0
306184,306189,306190,1,5
306184,306188,306190,2,4
306184,306188,306190,2,4
306184,306184,306190,6,0
306184,306187,306190,3,3
306184,306184,306191,7,0
306184,306184,306190,6,0
306184,306184,306191,7,0
306184,306189,306190,1,5
306184,306189,306190,1,5
306184,306189,306190,1,5
306184,306189,306190,1,5
306184,306184,306191,7,0
306184,306184,306191,7,0
306184,306188,306191,3,4
306184,306187,306191,4,3
306184,306190,306192,2,6
306184,306190,306192,2,6
306184,306190,306191,1,6
306184,306190,306192,2,6
306184,306190,306192,2,6
306184,306184,306192,8,0
306184,306184,306191,7,0
306184,306184,306191,7,0
306184,306190,306191,1,6
306184,306184,306191,7,0
306184,306184,306192,8,0
306184,306184,306192,8,0
306184,306189,306192,3,5
306184,306190,306192,2,6
306184,306184,306192,8,0
306184,306189,306193,4,5
306184,306184,306194,10,0
306184,306184,306195,11,0
306184,306184,306195,11,0
306184,306184,306195,11,0
306184,306184,306196,12,0
306184,306184,306196,12,0
306184,306184,306198,14,0
306184,306184,306200,16,0
306210,306210,306211,1,0
306210,306210,306211,1,0
306210,306210,306211,1,0
306210,306210,306211,1,0
306210,306210,306212,2,0
306210,306210,306211,1,0
306210,306210,306211,1,0
306210,306210,306212,2,0
306210,306210,306213,3,0
306210,306210,306213,3,0
306210,306210,306214,4,0
306210,306210,306214,4,0
306210,306210,306214,4,0
306210,306210,306213,3,0
306210,306212,306214,2,2
306210,306212,306214,2,2
306210,306212,306214,2,2
306210,306212,306213,1,2
306210,306212,306214,2,2
306210,306212,306215,3,2
306210,306210,306214,4,0
306210,306210,306215,5,0
306210,306210,306215,5,0
306210,306212,306214,2,2
306210,306210,306214,4,0
306210,306213,306215,2,3
306210,306212,306215,3,2
306210,306213,306215,2,3
306210,306210,306216,6,0
306210,306210,306216,6,0
306210,306215,306216,1,5
306210,306210,306216,6,0
306210,306214,306216,2,4
306210,306214,306215,1,4
306210,306214,306216,2,4
306210,306214,306215,1,4
306210,306214,306216,2,4
306210,306210,306216,6,0
306210,306214,306216,2,4
306210,306210,306217,7,0
306210,306210,306217,7,0
306210,306214,306217,3,4
306210,306216,306217,1,6
306210,306215,306217,2,5
306210,306210,306217,7,0
306210,306215,306217,2,5
306210,306215,306216,1,5
306210,306210,306217,7,0
306210,306215,306217,2,5
306210,306210,306217,7,0
306210,306214,306217,3,4
306210,306215,306217,2,5
306210,306210,306217,7,0
306210,306215,306217,2,5
306210,306215,306217,2,5
306210,306210,306218,8,0
306210,306210,306218,8,0
306210,306214,306217,3,4
306210,306210,306218,8,0
306210,306210,306218,8,0
306210,306210,306218,8,0
306210,306210,306217,7,0
306210,306215,306218,3,5
306210,306210,306218,8,0
306210,306216,306218,2,6
306210,306216,306218,2,6
306210,306216,306218,2,6
306210,306216,306218,2,6
306210,306210,306219,9,0
306210,306216,306219,3,6
306210,306216,306219,3,6
306210,306210,306219,9,0
306210,306210,306219,9,0
306210,306210,306223,13,0
306210,306210,306223,13,0
306210,306210,306223,13,0
306210,306210,306223,13,0
306210,306210,306224,14,0
306210,306210,306226,16,0
306236,306236,306237,1,0
306236,306236,306237,1,0
306236,306236,306237,1,0
306236,306236,306238,2,0
306236,306236,306237,1,0
306236,306236,306237,1,0
306236,306236,306237,1,0
306236,306236,306237,1,0
306236,306236,306239,3,0
306236,306236,306240,4,0
306236,306236,306240,4,0
306236,306236,306240,4,0
306236,306236,306240,4,0
306236,306238,306240,2,2
306236,306238,306239,1,2
306236,306238,306239,1,2
306236,306238,306239,1,2
306236,306238,306240,2,2
306236,306238,306239,1,2
306236,306238,306239,1,2
306236,306238,306240,2,2
306236,306236,306241,5,0
306236,306236,306241,5,0
306236,306236,306240,4,0
306236,306240,306241,1,4
306236,306240,306241,1,4
306236,306236,306241,5,0
306236,306239,306242,3,3
306236,306236,306242,6,0
306236,306240,306242,2,4
306236,306240,306241,1,4
306236,306240,306242,2,4
306236,306236,306242,6,0
306236,306236,306242,6,0
306236,306240,306242,2,4
306236,306241,306242,1,5
306236,306236,306242,6,0
306236,306240,306241,1,4
306236,306240,306241,1,4
306236,306241,306242,1,5
306236,306236,306243,7,0
306236,306240,306243,3,4
306236,306240,306243,3,4
306236,306240,306243,3,4
306236,306241,306243,2,5
306236,306236,306243,7,0
306236,306241,306243,2,5
306236,306241,306243,2,5
306236,306236,306242,6,0
306236,306241,306243,2,5
306236,306236,306242,6,0
306236,306236,306243,7,0
306236,306236,306244,8,0
306236,306236,306244,8,0
306236,306236,306244,8,0
306236,306236,306244,8,0
306236,306236,306244,8,0
306236,306242,306244,2,6
306236,306236,306244,8,0
306236,306236,306243,7,0
306236,306242,306244,2,6
306236,306236,306244,8,0
306236,306236,306243,7,0
306236,306242,306243,1,6
306236,306242,306244,2,6
306236,306242,306244,2,6
306236,306242,306243,1,6
306236,306242,306244,2,6
306236,306242,306244,2,6
306236,306236,306245,9,0
306236,306236,306246,10,0
306236,306240,306245,5,4
306236,306236,306247,11,0
306236,306236,306247,11,0
306236,306236,306248,12,0
306236,306236,306249,13,0
306236,306236,306249,13,0
306236,306236,306251,15,0
306236,306236,306253,17,0
306264,306264,306265,1,0
306264,306264,306265,1,0
306264,306264,306265,1,0
306264,306264,306265,1,0
306264,306264,306265,1,0
306264,306264,306265,1,0
306264,306264,306265,1,0
306264,306266,306267,1,2
306264,306265,306267,2,1
306264,306264,306267,3,0
306264,306264,306267,3,0
306264,306264,306267,3,0
306264,306264,306267,3,0
306264,306266,306267,1,2
306264,306266,306267,1,2
306264,306266,306267,1,2
306264,306266,306267,1,2
306264,306264,306268,4,0
306264,306264,306269,5,0
306264,306267,306268,1,3
306264,306264,306269,5,0
306264,306264,306268,4,0
306264,306264,306268,4,0
306264,306264,306269,5,0
306264,306264,306268,4,0
306264,306268,306269,1,4
306264,306264,306269,5,0
306264,306264,306268,4,0
306264,306267,306268,1,3
306264,306268,306269,1,4
306264,306268,306270,2,4
306264,306268,306269,1,4
306264,306264,306269,5,0
306264,306268,306269,1,4
306264,306265,306269,4,1
306264,306268,306269,1,4
306264,306268,306269,1,4
306264,306269,306270,1,5
306264,306264,306270,6,0
306264,306264,306270,6,0
306264,306264,306270,6,0
306264,306268,306270,2,4
306264,306264,306270,6,0
306264,306264,306270,6,0
306264,306269,306270,1,5
306264,306269,306270,1,5
306264,306270,306271,1,6
306264,306264,306270,6,0
306264,306264,306270,6,0
306264,306269,306270,1,5
306264,306269,306271,2,5
306264,306269,306270,1,5
306264,306269,306271,2,5
306264,306269,306270,1,5
306264,306269,306270,1,5
306264,306269,306270,1,5
306264,306269,306270,1,5
306264,306269,306270,1,5
306264,306264,306272,8,0
306264,306264,306272,8,0
306264,306264,306271,7,0
306264,306270,306272,2,6
306264,306264,306271,7,0
306264,306270,306271,1,6
306264,306270,306271,1,6
306264,306264,306272,8,0
306264,306264,306272,8,0
306264,306264,306273,9,0
306264,306270,306272,2,6
306264,306264,306273,9,0
306264,306264,306273,9,0
306264,306269,306273,4,5
306264,306264,306273,9,0
306264,306264,306274,10,0
306264,306264,306275,11,0
306264,306264,306275,11,0
306264,306264,306276,12,0
306264,306264,306278,14,0
306264,306264,306283,19,0
306293,306293,306295,2,0
306293,306293,306294,1,0
306293,306293,306295,2,0
306293,306293,306295,2,0
306293,306293,306294,1,0
306293,306293,306295,2,0
306293,306293,306295,2,0
306293,306293,306296,3,0
306293,306295,306296,1,2
306293,306295,306296,1,2
306293,306293,306297,4,0
306293,306295,306297,2,2
306293,306295,306297,2,2
306293,306295,306297,2,2
306293,306293,306298,5,0
306293,306293,306298,5,0
306293,306293,306298,5,0
306293,306295,306298,3,2
306293,306297,306298,1,4
306293,306293,306298,5,0
306293,306297,306298,1,4
306293,306293,306298,5,0
306293,306295,306298,3,2
306293,306297,306298,1,4
306293,306293,306298,5,0
306293,306293,306299,6,0
306293,306293,306299,6,0
306293,306293,306299,6,0
306293,306293,306299,6,0
306293,306293,306299,6,0
306293,306298,306299,1,5
306293,306293,306299,6,0
306293,306293,306299,6,0
306293,306298,306299,1,5
306293,306293,306299,6,0
306293,306293,306300,7,0
306293,306293,306300,7,0
306293,306293,306300,7,0
306293,306293,306300,7,0
306293,306299,306300,1,6
306293,306299,306300,1,6
306293,306299,306300,1,6
306293,306299,306300,1,6
306293,306299,306300,1,6
306293,306299,306300,1,6
306293,306293,306300,7,0
306293,306299,306300,1,6
306293,306299,306300,1,6
306293,306300,306301,1,7
306293,306299,306300,1,6
306293,306299,306300,1,6
306293,306299,306300,1,6
306293,306293,306301,8,0
306293,306293,306301,8,0
306293,306293,306301,8,0
306293,306299,306301,2,6
306293,306300,306301,1,7
306293,306300,306301,1,7
306293,306300,306301,1,7
306293,306300,306301,1,7
306293,306300,306301,1,7
306293,306300,306301,1,7
306293,306293,306302,9,0
306293,306293,306302,9,0
306293,306293,306302,9,0
306293,306293,306302,9,0
306293,306293,306302,9,0
306293,306299,306302,3,6
306293,306293,306303,10,0
306293,306293,306303,10,0
306293,306293,306304,11,0
306293,306297,306304,7,4
306293,306299,306304,5,6
306293,306293,306306,13,0
306293,306293,306306,13,0
306293,306293,306307,14,0
306293,306293,306310,17,0
306293,306293,306310,17,0
306321,306321,306322,1,0
306321,306321,306322,1,0
306321,306321,306323,2,0
306321,306321,306323,2,0
306321,306321,306323,2,0
306321,306322,306323,1,1
306321,306321,306323,2,0
306321,306323,306324,1,2
306321,306322,306324,2,1
306321,306324,306325,1,3
306321,306324,306325,1,3
306321,306324,306325,1,3
306321,306323,306325,2,2
306321,306324,306325,1,3
306321,306322,306326,4,1
306321,306322,306326,4,1
306321,306322,306326,4,1
306321,306322,306326,4,1
306321,306321,306326,5,0
306321,306322,306326,4,1
306321,306325,306326,1,4
306321,306322,306326,4,1
306321,306322,306326,4,1
306321,306322,306327,5,1
306321,306321,306326,5,0
306321,306324,306326,2,3
306321,306322,306326,4,1
306321,306325,306326,1,4
306321,306322,306326,4,1
306321,306322,306327,5,1
306321,306322,306327,5,1
306321,306327,306328,1,6
306321,306326,306327,1,5
306321,306327,306328,1,6
306321,306326,306327,1,5
306321,306327,306328,1,6
306321,306326,306327,1,5
306321,306322,306327,5,1
306321,306326,306327,1,5
306321,306326,306327,1,5
306321,306327,306328,1,6
306321,306322,306328,6,1
306321,306327,306328,1,6
306321,306327,306328,1,6
306321,306327,306328,1,6
306321,306327,306328,1,6
306321,306327,306328,1,6
306321,306322,306329,7,1
306321,306327,306328,1,6
306321,306328,306329,1,7
306321,306322,306328,6,1
306321,306327,306328,1,6
306321,306328,306329,1,7
306321,306328,306329,1,7
306321,306322,306329,7,1
306321,306322,306329,7,1
306321,306322,306329,7,1
306321,306322,306329,7,1
306321,306322,306329,7,1
306321,306327,306329,2,6
306321,306327,306329,2,6
306321,306328,306329,1,7
306321,306322,306330,8,1
306321,306321,306330,9,0
306321,306328,306330,2,7
306321,306327,306330,3,6
306321,306328,306330,2,7
306321,306327,306331,4,6
306321,306321,306331,10,0
306321,306321,306331,10,0
306321,306322,306331,9,1
306321,306321,306332,11,0
306321,306322,306331,9,1
306321,306322,306332,10,1
306321,306322,306334,12,1
306321,306322,306334,12,1
306321,306322,306335,13,1
306321,306321,306335,14,0
306321,306322,306335,13,1
306346,306346,306347,1,0
306346,306346,306348,2,0
306346,306346,306347,1,0
306346,306346,306347,1,0
306346,306346,306347,1,0
306346,306346,306347,1,0
306346,306346,306347,1,0
306346,306346,306349,3,0
306346,306348,306349,1,2
306346,306348,306349,1,2
306346,306348,306349,1,2
306346,306347,306349,2,1
306346,306348,306349,1,2
306346,306346,306350,4,0
306346,306346,306350,4,0
306346,306346,306350,4,0
306346,306348,306349,1,2
306346,306348,306350,2,2
306346,306349,306350,1,3
306346,306349,306350,1,3
306346,306349,306351,2,3
306346,306349,306351,2,3
306346,306349,306351,2,3
306346,306346,306351,5,0
306346,306349,306351,2,3
306346,306346,306352,6,0
306346,306346,306351,5,0
306346,306350,306352,2,4
306346,306350,306352,2,4
306346,306346,306351,5,0
306346,306346,306352,6,0
306346,306351,306352,1,5
306346,306346,306352,6,0
306346,306350,306352,2,4
306346,306350,306352,2,4
306346,306346,306352,6,0
306346,306350,306352,2,4
306346,306351,306352,1,5
306346,306346,306353,7,0
306346,306346,306353,7,0
306346,306346,306353,7,0
306346,306350,306353,3,4
306346,306346,306353,7,0
306346,306346,306353,7,0
306346,306346,306352,6,0
306346,306346,306353,7,0
306346,306351,306353,2,5
306346,306351,306353,2,5
306346,306346,306353,7,0
306346,306351,306353,2,5
306346,306346,306353,7,0
306346,306352,306353,1,6
306346,306352,306353,1,6
306346,306346,306354,8,0
306346,306350,306353,3,4
306346,306346,306354,8,0
306346,306352,306354,2,6
306346,306352,306353,1,6
306346,306352,306354,2,6
306346,306352,306354,2,6
306346,306352,306354,2,6
306346,306352,306354,2,6
306346,306352,306354,2,6
306346,306346,306355,9,0
306346,306346,306355,9,0
306346,306346,306355,9,0
306346,306352,306354,2,6
306346,306346,306356,10,0
306346,306346,306357,11,0
306346,306346,306357,11,0
306346,306346,306358,12,0
306346,306346,306359,13,0
306346,306346,306359,13,0
306346,306346,306359,13,0
306346,306346,306360,14,0
306346,306346,306360,14,0
306346,306346,306362,16,0
306346,306346,306363,17,0
306346,306346,306364,18,0
306376,306376,306377,1,0
306376,306376,306378,2,0
306376,306376,306378,2,0
306376,306376,306378,2,0
306376,306376,306378,2,0
306376,306376,306378,2,0
306376,306376,306378,2,0
306376,306377,306378,1,1
306376,306376,306379,3,0
306376,306378,306379,1,2
306376,306376,306380,4,0
306376,306378,306380,2,2
306376,306378,306380,2,2
306376,306376,306380,4,0
306376,306379,306380,1,3
306376,306379,306380,1,3
306376,306376,306381,5,0
306376,306376,306381,5,0
306376,306380,306381,1,4
306376,306381,306382,1,5
306376,306381,306382,1,5
306376,306381,306382,1,5
306376,306379,306382,3,3
306376,306376,306382,6,0
306376,306376,306382,6,0
306376,306381,306382,1,5
306376,306381,306382,1,5
306376,306376,306382,6,0
306376,306382,306383,1,6
306376,306382,306383,1,6
306376,306376,306382,6,0
306376,306376,306382,6,0
306376,306381,306382,1,5
306376,306376,306382,6,0
306376,306376,306383,7,0
306376,306376,306383,7,0
306376,306376,306382,6,0
306376,306376,306383,7,0
306376,306376,306382,6,0
306376,306376,306383,7,0
306376,306380,306383,3,4
306376,306382,306383,1,6
306376,306382,306383,1,6
306376,306382,306383,1,6
306376,306376,306383,7,0
306376,306383,306384,1,7
306376,306382,306383,1,6
306376,306382,306383,1,6
306376,306376,306384,8,0
306376,306376,306384,8,0
306376,306376,306384,8,0
306376,306383,306384,1,7
306376,306383,306384,1,7
306376,306383,306384,1,7
306376,306383,306384,1,7
306376,306383,306384,1,7
306376,306376,306384,8,0
306376,306383,306384,1,7
306376,306383,306384,1,7
306376,306376,306384,8,0
306376,306376,306385,9,0
306376,306376,306386,10,0
306376,306376,306386,10,0
306376,306376,306386,10,0
306376,306376,306386,10,0
306376,306376,306386,10,0
306376,306376,306387,11,0
306376,306376,306390,14,0
306376,306376,306390,14,0
306376,306376,306391,15,0
306376,306376,306391,15,0
306376,306376,306392,16,0
306376,306376,306393,17,0
306376,306376,306395,19,0
306406,306406,306407,1,0
306406,306406,306407,1,0
306406,306406,306407,1,0
306406,306406,306407,1,0
306406,306406,306407,1,0
306406,306406,306407,1,0
306406,306406,306407,1,0
306406,306406,306409,3,0
306406,306408,306409,1,2
306406,306406,306410,4,0
306406,306406,306410,4,0
306406,306406,306409,3,0
306406,306408,306410,2,2
306406,306408,306410,2,2
306406,306408,306410,2,2
306406,306408,306409,1,2
306406,306408,306409,1,2
306406,306408,306409,1,2
306406,306406,306410,4,0
306406,306406,306411,5,0
306406,306409,306411,2,3
306406,306409,306410,1,3
306406,306406,306410,4,0
306406,306406,306411,5,0
306406,306406,306412,6,0
306406,306406,306412,6,0
306406,306410,306412,2,4
306406,306406,306412,6,0
306406,306406,306412,6,0
306406,306406,306412,6,0
306406,306410,306412,2,4
306406,306410,306411,1,4
306406,306410,306412,2,4
306406,306406,306412,6,0
306406,306410,306412,2,4
306406,306406,306412,6,0
306406,306410,306412,2,4
306406,306410,306412,2,4
306406,306406,306413,7,0
306406,306406,306413,7,0
306406,306410,306413,3,4
306406,306410,306413,3,4
306406,306406,306413,7,0
306406,306406,306412,6,0
306406,306412,306413,1,6
306406,306406,306412,6,0
306406,306406,306413,7,0
306406,306411,306413,2,5
306406,306411,306413,2,5
306406,306412,306413,1,6
306406,306411,306413,2,5
306406,306412,306413,1,6
306406,306412,306413,1,6
306406,306411,306412,1,5
306406,306406,306413,7,0
306406,306411,306414,3,5
306406,306412,306414,2,6
306406,306406,306413,7,0
306406,306412,306414,2,6
306406,306412,306414,2,6
306406,306412,306414,2,6
306406,306406,306415,9,0
306406,306406,306415,9,0
306406,306406,306415,9,0
306406,306406,306415,9,0
306406,306412,306415,3,6
306406,306412,306414,2,6
306406,306412,306415,3,6
306406,306406,306414,8,0
306406,306406,306415,9,0
306406,306412,306414,2,6
306406,306406,306415,9,0
306406,306406,306415,9,0
306406,306406,306417,11,0
306406,306406,306417,11,0
306406,306406,306418,12,0
306406,306406,306417,11,0
306406,306406,306418,12,0
306406,306406,306419,13,0
306430,306430,306432,2,0
306430,306430,306432,2,0
306430,306430,306432,2,0
306430,306430,306432,2,0
306430,306430,306432,2,0
306430,306431,306432,1,1
306430,306431,306432,1,1
306430,306431,306433,2,1
306430,306432,306433,1,2
306430,306430,306433,3,0
306430,306431,306434,3,1
306430,306433,306434,1,3
306430,306433,306434,1,3
306430,306433,306434,1,3
306430,306433,306434,1,3
306430,306434,306435,1,4
306430,306433,306434,1,3
306430,306431,306435,4,1
306430,306434,306435,1,4
306430,306434,306435,1,4
306430,306431,306436,5,1
306430,306435,306436,1,5
306430,306431,306437,6,1
306430,306431,306436,5,1
306430,306435,306436,1,5
306430,306435,306436,1,5
306430,306431,306436,5,1
306430,306435,306436,1,5
306430,306435,306436,1,5
306430,306431,306437,6,1
306430,306435,306436,1,5
306430,306431,306437,6,1
306430,306431,306437,6,1
306430,306434,306437,3,4
306430,306431,306437,6,1
306430,306435,306437,2,5
306430,306431,306437,6,1
306430,306431,306437,6,1
306430,306436,306437,1,6
306430,306431,306437,6,1
306430,306431,306437,6,1
306430,306431,306437,6,1
306430,306436,306437,1,6
306430,306431,306438,7,1
306430,306431,306438,7,1
306430,306431,306438,7,1
306430,306436,306438,2,6
306430,306431,306438,7,1
306430,306431,306438,7,1
306430,306431,306438,7,1
306430,306431,306438,7,1
306430,306431,306439,8,1
306430,306437,306438,1,7
306430,306437,306438,1,7
306430,306431,306438,7,1
306430,306437,306438,1,7
306430,306437,306438,1,7
306430,306437,306438,1,7
306430,306437,306438,1,7
306430,306437,306439,2,7
306430,306437,306438,1,7
306430,306437,306438,1,7
306430,306431,306438,7,1
306430,306437,306438,1,7
306430,306437,306438,1,7
306430,306431,306440,9,1
306430,306438,306439,1,8
306430,306431,306439,8,1
306430,306438,306439,1,8
306430,306430,306440,10,0
306430,306438,306439,1,8
306430,306431,306440,9,1
306430,306431,306441,10,1
306430,306430,306442,12,0
306430,306431,306444,13,1
306430,306431,306444,13,1
306430,306430,306452,22,0
306430,306431,306452,21,1
306464,306464,306465,1,0
306464,306464,306465,1,0
306464,306464,306465,1,0
306464,306464,306465,1,0
306464,306464,306466,2,0
306464,306464,306466,2,0
306464,306464,306466,2,0
306464,306464,306467,3,0
306464,306465,306467,2,1
306464,306465,306467,2,1
306464,306465,306467,2,1
306464,306465,306467,2,1
306464,306464,306468,4,0
306464,306464,306468,4,0
306464,306464,306468,4,0
306464,306464,306468,4,0
306464,306466,306468,2,2
306464,306466,306468,2,2
306464,306466,306467,1,2
306464,306464,306469,5,0
306464,306464,306469,5,0
306464,306467,306469,2,3
306464,306467,306469,2,3
306464,306467,306469,2,3
306464,306467,306469,2,3
306464,306464,306470,6,0
306464,306468,306470,2,4
306464,306468,306470,2,4
306464,306467,306469,2,3
306464,306464,306470,6,0
306464,306468,306470,2,4
306464,306464,306470,6,0
306464,306468,306470,2,4
306464,306464,306470,6,0
306464,306464,306470,6,0
306464,306469,306470,1,5
306464,306464,306471,7,0
306464,306464,306471,7,0
306464,306468,306470,2,4
306464,306464,306471,7,0
306464,306464,306471,7,0
306464,306464,306471,7,0
306464,306464,306471,7,0
306464,306464,306471,7,0
306464,306469,306471,2,5
306464,306469,306471,2,5
306464,306469,306471,2,5
306464,306464,306471,7,0
306464,306470,306471,1,6
306464,306464,306471,7,0
306464,306464,306472,8,0
306464,306464,306472,8,0
306464,306464,306471,7,0
306464,306470,306472,2,6
306464,306464,306472,8,0
306464,306464,306472,8,0
306464,306470,306472,2,6
306464,306464,306472,8,0
306464,306470,306472,2,6
306464,306464,306473,9,0
306464,306464,306473,9,0
306464,306464,306473,9,0
306464,306470,306473,3,6
306464,306464,306473,9,0
306464,306470,306473,3,6
306464,306464,306474,10,0
306464,306464,306474,10,0
306464,306468,306475,7,4
306464,306464,306476,12,0
306464,306464,306476,12,0
306464,306464,306477,13,0
306464,306464,306480,16,0
306491,306491,306492,1,0
306491,306491,306492,1,0
306491,306491,306492,1,0
306491,306491,306492,1,0
306491,306491,306492,1,0
306491,306491,306493,2,0
306491,306491,306492,1,0
306491,306491,306493,2,0
306491,306491,306493,2,0
306491,306491,306494,3,0
306491,306493,306494,1,2
306491,306493,306494,1,2
306491,306493,306494,1,2
306491,306491,306494,3,0
306491,306493,306495,2,2
306491,306493,306494,1,2
306491,306493,306494,1,2
306491,306493,306495,2,2
306491,306493,306494,1,2
306491,306491,306496,5,0
306491,306494,306495,1,3
306491,306494,306496,2,3
306491,306494,306496,2,3
306491,306491,306497,6,0
306491,306494,306497,3,3
306491,306495,306497,2,4
306491,306491,306497,6,0
306491,306495,306497,2,4
306491,306495,306497,2,4
306491,306495,306497,2,4
306491,306495,306497,2,4
306491,306491,306498,7,0
306491,306495,306498,3,4
306491,306491,306498,7,0
306491,306493,306498,5,2
306491,306491,306498,7,0
306491,306497,306498,1,6
306491,306496,306498,2,5
306491,306491,306498,7,0
306491,306497,306498,1,6
306491,306491,306498,7,0
306491,306491,306497,6,0
306491,306496,306498,2,5
306491,306497,306498,1,6
306491,306496,306498,2,5
306491,306491,306499,8,0
306491,306491,306498,7,0
306491,306496,306499,3,5
306491,306491,306499,8,0
306491,306491,306499,8,0
306491,306491,306499,8,0
306491,306497,306499,2,6
306491,306497,306499,2,6
306491,306491,306499,8,0
306491,306497,306498,1,6
306491,306491,306500,9,0
306491,306498,306500,2,7
306491,306491,306499,8,0
306491,306491,306499,8,0
306491,306498,306500,2,7
306491,306491,306500,9,0
306491,306498,306500,2,7
306491,306498,306500,2,7
306491,306491,306500,9,0
306491,306491,306500,9,0
306491,306497,306500,3,6
306491,306497,306500,3,6
306491,306491,306500,9,0
306491,306491,306501,10,0
306491,306491,306501,10,0
306491,306491,306501,10,0
306491,306491,306501,10,0
306491,306491,306501,10,0
306491,306491,306502,11,0
306491,306491,306501,10,0
306491,306491,306502,11,0
306491,306491,306503,12,0
306491,306491,306504,13,0
306491,306491,306506,15,0
306518,306518,306519,1,0
306518,306518,306519,1,0
306518,306518,306519,1,0
306518,306518,306519,1,0
306518,306518,306519,1,0
306518,306518,306519,1,0
306518,306518,306519,1,0
306518,306519,306520,1,1
306518,306519,306520,1,1
306518,306520,306521,1,2
306518,306520,306521,1,2
306518,306520,306521,1,2
306518,306518,306521,3,0
306518,306518,306521,3,0
306518,306518,306521,3,0
306518,306518,306521,3,0
306518,306521,306522,1,3
306518,306520,306521,1,2
306518,306520,306521,1,2
306518,306520,306521,1,2
306518,306521,306522,1,3
306518,306520,306521,1,2
306518,306521,306522,1,3
306518,306518,306523,5,0
306518,306521,306522,1,3
306518,306518,306523,5,0
306518,306518,306523,5,0
306518,306522,306523,1,4
306518,306518,306524,6,0
306518,306522,306524,2,4
306518,306522,306524,2,4
306518,306522,306523,1,4
306518,306523,306524,1,5
306518,306518,306524,6,0
306518,306518,306524,6,0
306518,306522,306523,1,4
306518,306522,306523,1,4
306518,306522,306523,1,4
306518,306522,306525,3,4
306518,306518,306525,7,0
306518,306524,306525,1,6
306518,306524,306525,1,6
306518,306518,306524,6,0
306518,306518,306524,6,0
306518,306523,306524,1,5
306518,306524,306525,1,6
306518,306518,306526,8,0
306518,306518,306525,7,0
306518,306522,306525,3,4
306518,306518,306525,7,0
306518,306518,306526,8,0
306518,306518,306525,7,0
306518,306518,306526,8,0
306518,306524,306525,1,6
306518,306524,306525,1,6
306518,306518,306525,7,0
306518,306524,306525,1,6
306518,306524,306525,1,6
306518,306524,306525,1,6
306518,306518,306526,8,0
306518,306524,306526,2,6
306518,306518,306526,8,0
306518,306518,306526,8,0
306518,306524,306526,2,6
306518,306522,306526,4,4
306518,306518,306526,8,0
306518,306518,306526,8,0
306518,306518,306527,9,0
306518,306518,306527,9,0
306518,306518,306528,10,0
306518,306518,306527,9,0
306518,306518,306528,10,0
306518,306518,306529,11,0
306518,306518,306528,10,0
306518,306518,306529,11,0
306518,306518,306530,12,0
306518,306518,306531,13,0
306518,306518,306531,13,0
306518,306518,306532,14,0
306543,306544,306545,1,1
306543,306544,306545,1,1
306543,306544,306545,1,1
306543,306544,306545,1,1
306543,306544,306545,1,1
306543,306545,306546,1,2
306543,306544,306546,2,1
306543,306545,306546,1,2
306543,306545,306546,1,2
306543,306544,306547,3,1
306543,306546,306547,1,3
306543,306546,306547,1,3
306543,306546,306547,1,3
306543,306546,306547,1,3
306543,306544,306548,4,1
306543,306544,306548,4,1
306543,306546,306548,2,3
306543,306547,306548,1,4
306543,306547,306548,1,4
306543,306544,306548,4,1
306543,306547,306548,1,4
306543,306544,306549,5,1
306543,306548,306549,1,5
306543,306544,306550,6,1
306543,306548,306549,1,5
306543,306544,306549,5,1
306543,306548,306549,1,5
306543,306549,306550,1,6
306543,306549,306550,1,6
306543,306548,306550,2,5
306543,306549,306550,1,6
306543,306549,306550,1,6
306543,306550,306551,1,7
306543,306544,306550,6,1
306543,306550,306551,1,7
306543,306544,306550,6,1
306543,306549,306550,1,6
306543,306550,306551,1,7
306543,306550,306551,1,7
306543,306550,306551,1,7
306543,306544,306552,8,1
306543,306544,306551,7,1
306543,306549,306551,2,6
306543,306548,306551,3,5
306543,306544,306552,8,1
306543,306544,306551,7,1
306543,306544,306551,7,1
306543,306550,306551,1,7
306543,306550,306551,1,7
306543,306544,306551,7,1
306543,306550,306551,1,7
306543,306544,306551,7,1
306543,306550,306551,1,7
306543,306550,306551,1,7
306543,306544,306552,8,1
306543,306544,306552,8,1
306543,306549,306552,3,6
306543,306551,306552,1,8
306543,306544,306553,9,1
306543,306544,306553,9,1
306543,306550,306553,3,7
306543,306544,306553,9,1
306543,306544,306554,10,1
306543,306544,306554,10,1
306543,306544,306554,10,1
306543,306544,306554,10,1
306543,306544,306555,11,1
306543,306544,306556,12,1
306543,306544,306556,12,1
306543,306544,306556,12,1
306543,306544,306556,12,1
306543,306544,306558,14,1
306543,306544,306559,15,1
306543,306544,306559,15,1
306543,306544,306560,16,1
306543,306544,306562,18,1
306543,306544,306568,24,1
306578,306578,306579,1,0
306578,306578,306579,1,0
306578,306578,306579,1,0
306578,306578,306580,2,0
306578,306578,306579,1,0
306578,306578,306579,1,0
306578,306578,306579,1,0
306578,306578,306580,2,0
306578,306578,306581,3,0
306578,306580,306581,1,2
306578,306580,306582,2,2
306578,306580,306581,1,2
306578,306580,306581,1,2
306578,306580,306581,1,2
306578,306581,306582,1,3
306578,306578,306583,5,0
306578,306578,306582,4,0
306578,306578,306582,4,0
306578,306580,306582,2,2
306578,306580,306582,2,2
306578,306578,306583,5,0
306578,306578,306583,5,0
306578,306582,306583,1,4
306578,306582,306583,1,4
306578,306582,306584,2,4
306578,306582,306583,1,4
306578,306582,306584,2,4
306578,306578,306584,6,0
306578,306578,306584,6,0
306578,306582,306584,2,4
306578,306582,306584,2,4
306578,306583,306584,1,5
306578,306578,306584,6,0
306578,306583,306584,1,5
306578,306584,306585,1,6
306578,306578,306584,6,0
306578,306578,306585,7,0
306578,306578,306586,8,0
306578,306578,306585,7,0
306578,306584,306585,1,6
306578,306584,306585,1,6
306578,306578,306585,7,0
306578,306585,306586,1,7
306578,306578,306585,7,0
306578,306584,306585,1,6
306578,306584,306585,1,6
306578,306578,306585,7,0
306578,306585,306586,1,7
306578,306585,306586,1,7
306578,306578,306586,8,0
306578,306584,306586,2,6
306578,306578,306586,8,0
306578,306585,306587,2,7
306578,306578,306587,9,0
306578,306585,306587,2,7
306578,306585,306586,1,7
306578,306585,306586,1,7
306578,306585,306586,1,7
306578,306585,306586,1,7
306578,306578,306587,9,0
306578,306583,306587,4,5
306578,306578,306587,9,0
306578,306578,306587,9,0
306578,306578,306587,9,0
306578,306583,306587,4,5
306578,306578,306587,9,0
306578,306578,306588,10,0
306578,306578,306588,10,0
306578,306578,306588,10,0
306578,306578,306588,10,0
306578,306578,306589,11,0
306578,306578,306589,11,0
306578,306578,306590,12,0
306578,306578,306590,12,0
306578,306583,306590,7,5
306578,306578,306590,12,0
306578,306578,306592,14,0
306578,306578,306592,14,0
306578,306578,306595,17,0
306606,306606,306607,1,0
306606,306606,306607,1,0
306606,306606,306607,1,0
306606,306606,306607,1,0
306606,306606,306607,1,0
306606,306606,306607,1,0
306606,306606,306607,1,0
306606,306606,306608,2,0
306606,306606,306607,1,0
306606,306606,306609,3,0
306606,306606,306609,3,0
306606,306607,306609,2,1
306606,306607,306609,2,1
306606,306607,306609,2,1
306606,306606,306610,4,0
306606,306606,306610,4,0
306606,306608,306610,2,2
306606,306606,306610,4,0
306606,306608,306610,2,2
306606,306608,306610,2,2
306606,306608,306610,2,2
306606,306606,306611,5,0
306606,306609,306611,2,3
306606,306609,306611,2,3
306606,306608,306611,3,2
306606,306609,306611,2,3
306606,306610,306611,1,4
306606,306606,306612,6,0
306606,306608,306612,4,2
306606,306606,306612,6,0
306606,306610,306612,2,4
306606,306610,306612,2,4
306606,306611,306612,1,5
306606,306611,306612,1,5
306606,306611,306612,1,5
306606,306606,306612,6,0
306606,306610,306612,2,4
306606,306611,306612,1,5
306606,306609,306613,4,3
306606,306609,306613,4,3
306606,306606,306613,7,0
306606,306606,306613,7,0
306606,306612,306613,1,6
306606,306606,306613,7,0
306606,306606,306613,7,0
306606,306611,306612,1,5
306606,306611,306612,1,5
306606,306606,306613,7,0
306606,306612,306613,1,6
306606,306612,306613,1,6
306606,306606,306613,7,0
306606,306606,306614,8,0
306606,306610,306614,4,4
306606,306606,306614,8,0
306606,306610,306614,4,4
306606,306606,306614,8,0
306606,306612,306614,2,6
306606,306612,306614,2,6
306606,306612,306614,2,6
306606,306606,306614,8,0
306606,306606,306614,8,0
306606,306612,306613,1,6
306606,306610,306615,5,4
306606,306606,306615,9,0
306606,306606,306615,9,0
306606,306606,306615,9,0
306606,306612,306616,4,6
306606,306606,306616,10,0
306606,306606,306617,11,0
306606,306606,306617,11,0
306606,306606,306617,11,0
306606,306606,306617,11,0
306606,306606,306619,13,0
306606,306606,306619,13,0
306606,306606,306620,14,0
306606,306606,306622,16,0
306606,306606,306622,16,0
306606,306606,306624,18,0
306606,306606,306628,22,0
306639,306639,306640,1,0
306639,306639,306641,2,0
306639,306639,306640,1,0
306639,306639,306640,1,0
306639,306639,306640,1,0
306639,306639,306640,1,0
306639,306639,306640,1,0
306639,306639,306641,2,0
306639,306639,306642,3,0
306639,306639,306642,3,0
306639,306641,306643,2,2
306639,306641,306643,2,2
306639,306641,306643,2,2
306639,306641,306643,2,2
306639,306639,306644,5,0
306639,306639,306643,4,0
306639,306639,306644,5,0
306639,306641,306643,2,2
306639,306641,306643,2,2
306639,306641,306644,3,2
306639,306641,306643,2,2
306639,306639,306645,6,0
306639,306639,306645,6,0
306639,306643,306644,1,4
306639,306639,306645,6,0
306639,306643,306645,2,4
306639,306639,306645,6,0
306639,306643,306645,2,4
306639,306644,306645,1,5
306639,306639,306646,7,0
306639,306639,306646,7,0
306639,306639,306645,6,0
306639,306642,306645,3,3
306639,306639,306646,7,0
306639,306639,306646,7,0
306639,306639,306646,7,0
306639,306644,306646,2,5
306639,306644,306645,1,5
306639,306639,306646,7,0
306639,306639,306646,7,0
306639,306645,306646,1,6
306639,306639,306646,7,0
306639,306644,306646,2,5
306639,306644,306646,2,5
306639,306639,306646,7,0
306639,306643,306645,2,4
306639,306645,306646,1,6
306639,306645,306646,1,6
306639,306639,306647,8,0
306639,306639,306647,8,0
306639,306639,306647,8,0
306639,306639,306647,8,0
306639,306645,306647,2,6
306639,306645,306647,2,6
306639,306645,306646,1,6
306639,306639,306647,8,0
306639,306645,306647,2,6
306639,306639,306647,8,0
306639,306645,306647,2,6
306639,306639,306648,9,0
306639,306643,306648,5,4
306639,306646,306648,2,7
306639,306646,306648,2,7
306639,306646,306648,2,7
306639,306639,306648,9,0
306639,306646,306648,2,7
306639,306646,306648,2,7
306639,306639,306648,9,0
306639,306646,306647,1,7
306639,306644,306648,4,5
306639,306639,306648,9,0
306639,306639,306650,11,0
306639,306639,306650,11,0
306639,306639,306650,11,0
306639,306644,306650,6,5
306639,306639,306651,12,0
306639,306639,306652,13,0
306639,306639,306654,15,0
306639,306639,306654,15,0
306664,306664,306665,1,0
306664,306664,306666,2,0
306664,306664,306666,2,0
306664,306665,306666,1,1
306664,306664,306666,2,0
306664,306665,306666,1,1
306664,306665,306666,1,1
306664,306665,306666,1,1
306664,306666,306667,1,2
306664,306665,306668,3,1
306664,306665,306668,3,1
306664,306665,306668,3,1
306664,306667,306668,1,3
306664,306667,306668,1,3
306664,306667,306668,1,3
306664,306665,306669,4,1
306664,306665,306669,4,1
306664,306667,306669,2,3
306664,306667,306669,2,3
306664,306668,306669,1,4
306664,306667,306669,2,3
306664,306667,306669,2,3
306664,306665,306670,5,1
306664,306669,306671,2,5
306664,306665,306670,5,1
306664,306665,306670,5,1
306664,306665,306670,5,1
306664,306669,306670,1,5
306664,306665,306671,6,1
306664,306669,306670,1,5
306664,306670,306671,1,6
306664,306665,306670,5,1
306664,306669,306670,1,5
306664,306665,306671,6,1
306664,306665,306671,6,1
306664,306669,306671,2,5
306664,306665,306672,7,1
306664,306669,306671,2,5
306664,306665,306671,6,1
306664,306665,306671,6,1
306664,306670,306671,1,6
306664,306665,306671,6,1
306664,306670,306671,1,6
306664,306670,306671,1,6
306664,306665,306671,6,1
306664,306665,306671,6,1
306664,306670,306671,1,6
306664,306671,306672,1,7
306664,306665,306672,7,1
306664,306665,306672,7,1
306664,306665,306672,7,1
306664,306670,306672,2,6
306664,306670,306672,2,6
306664,306665,306673,8,1
306664,306671,306673,2,7
306664,306671,306672,1,7
306664,306671,306672,1,7
306664,306671,306672,1,7
306664,306671,306672,1,7
306664,306671,306672,1,7
306664,306671,306672,1,7
306664,306671,306672,1,7
306664,306671,306672,1,7
306664,306672,306673,1,8
306664,306672,306673,1,8
306664,306665,306673,8,1
306664,306671,306673,2,7
306664,306665,306673,8,1
306664,306665,306674,9,1
306664,306665,306675,10,1
306664,306665,306675,10,1
306664,306665,306676,11,1
306664,306665,306676,11,1
306664,306665,306677,12,1
306664,306665,306678,13,1
306664,306665,306677,12,1
306664,306665,306677,12,1
306664,306665,306677,12,1
306664,306665,306681,16,1
306692,306692,306694,2,0
306692,306692,306693,1,0
306692,306692,306693,1,0
306692,306692,306693,1,0
306692,306692,306694,2,0
306692,306692,306693,1,0
306692,306692,306693,1,0
306692,306692,306695,3,0
306692,306692,306696,4,0
306692,306692,306696,4,0
306692,306692,306696,4,0
306692,306692,306696,4,0
306692,306694,306696,2,2
306692,306694,306696,2,2
306692,306694,306696,2,2
306692,306694,306696,2,2
306692,306694,306696,2,2
306692,306694,306696,2,2
306692,306694,306696,2,2
306692,306696,306697,1,4
306692,306696,306697,1,4
306692,306695,306697,2,3
306692,306696,306697,1,4
306692,306696,306697,1,4
306692,306696,306697,1,4
306692,306692,306698,6,0
306692,306696,306698,2,4
306692,306692,306698,6,0
306692,306692,306697,5,0
306692,306692,306698,6,0
306692,306692,306698,6,0
306692,306696,306698,2,4
306692,306692,306698,6,0
306692,306692,306698,6,0
306692,306697,306698,1,5
306692,306692,306698,6,0
306692,306692,306698,6,0
306692,306692,306699,7,0
306692,306692,306699,7,0
306692,306696,306699,3,4
306692,306696,306699,3,4
306692,306692,306699,7,0
306692,306692,306698,6,0
306692,306698,306699,1,6
306692,306698,306699,1,6
306692,306692,306699,7,0
306692,306692,306699,7,0
306692,306697,306699,2,5
306692,306692,306699,7,0
306692,306697,306699,2,5
306692,306697,306699,2,5
306692,306692,306698,6,0
306692,306692,306699,7,0
306692,306697,306699,2,5
306692,306696,306699,3,4
306692,306698,306700,2,6
306692,306698,306700,2,6
306692,306698,306700,2,6
306692,306697,306700,3,5
306692,306698,306700,2,6
306692,306698,306700,2,6
306692,306698,306700,2,6
306692,306698,306700,2,6
306692,306698,306699,1,6
306692,306692,306700,8,0
306692,306692,306700,8,0
306692,306692,306701,9,0
306692,306696,306700,4,4
306692,306692,306701,9,0
306692,306692,306700,8,0
306692,306692,306702,10,0
306692,306692,306702,10,0
306692,306692,306702,10,0
306692,306692,306702,10,0
306692,306692,306705,13,0
306692,306692,306705,13,0
306692,306692,306706,14,0
306692,306692,306706,14,0
306692,306692,306707,15,0
306718,306718,306719,1,0
306718,306718,306719,1,0
306718,306718,306719,1,0
306718,306718,306719,1,0
306718,306718,306719,1,0
306718,306718,306719,1,0
306718,306718,306719,1,0
306718,306718,306720,2,0
306718,306718,306720,2,0
306718,306718,306721,3,0
306718,306719,306721,2,1
306718,306719,306721,2,1
306718,306718,306722,4,0
306718,306720,306722,2,2
306718,306718,306723,5,0
306718,306718,306722,4,0
306718,306718,306722,4,0
306718,306720,306722,2,2
306718,306720,306722,2,2
306718,306720,306722,2,2
306718,306720,306722,2,2
306718,306718,306724,6,0
306718,306718,306724,6,0
306718,306722,306724,2,4
306718,306722,306723,1,4
306718,306718,306724,6,0
306718,306718,306723,5,0
306718,306721,306723,2,3
306718,306718,306724,6,0
306718,306718,306725,7,0
306718,306718,306724,6,0
306718,306718,306724,6,0
306718,306718,306724,6,0
306718,306723,306725,2,5
306718,306723,306725,2,5
306718,306718,306724,6,0
306718,306718,306724,6,0
306718,306724,306725,1,6
306718,306718,306724,6,0
306718,306718,306724,6,0
306718,306724,306725,1,6
306718,306724,306725,1,6
306718,306718,306726,8,0
306718,306718,306726,8,0
306718,306721,306725,4,3
306718,306722,306725,3,4
306718,306718,306725,7,0
306718,306718,306726,8,0
306718,306718,306725,7,0
306718,306723,306725,2,5
306718,306724,306726,2,6
306718,306718,306726,8,0
306718,306725,306726,1,7
306718,306723,306725,2,5
306718,306723,306726,3,5
306718,306723,306726,3,5
306718,306724,306725,1,6
306718,306724,306725,1,6
306718,306724,306725,1,6
306718,306718,306727,9,0
306718,306718,306727,9,0
306718,306718,306727,9,0
306718,306718,306726,8,0
306718,306725,306727,2,7
306718,306725,306727,2,7
306718,306725,306726,1,7
306718,306725,306726,1,7
306718,306725,306726,1,7
306718,306718,306728,10,0
306718,306718,306728,10,0
306718,306723,306727,4,5
306718,306718,306729,11,0
306718,306724,306728,4,6
306718,306723,306729,6,5
306718,306718,306730,12,0
306718,306718,306729,11,0
306718,306723,306730,7,5
306718,306718,306731,13,0
306718,306718,306733,15,0
306744,306744,306745,1,0
306744,306744,306745,1,0
306744,306744,306745,1,0
306744,306744,306746,2,0
306744,306744,306746,2,0
306744,306744,306745,1,0
306744,306744,306745,1,0
306744,306746,306747,1,2
306744,306746,306747,1,2
306744,306745,306747,2,1
306744,306745,306747,2,1
306744,306746,306747,1,2
306744,306744,306748,4,0
306744,306744,306748,4,0
306744,306744,306748,4,0
306744,306744,306748,4,0
306744,306746,306748,2,2
306744,306744,306748,4,0
306744,306746,306748,2,2
306744,306747,306748,1,3
306744,306744,306749,5,0
306744,306744,306748,4,0
306744,306744,306749,5,0
306744,306744,306748,4,0
306744,306747,306749,2,3
306744,306744,306749,5,0
306744,306744,306749,5,0
306744,306747,306749,2,3
306744,306747,306749,2,3
306744,306747,306749,2,3
306744,306744,306749,5,0
306744,306744,306750,6,0
306744,306744,306750,6,0
306744,306748,306750,2,4
306744,306744,306750,6,0
306744,306748,306750,2,4
306744,306744,306750,6,0
306744,306744,306750,6,0
306744,306748,306750,2,4
306744,306744,306750,6,0
306744,306748,306750,2,4
306744,306748,306750,2,4
306744,306744,306750,6,0
306744,306748,306750,2,4
306744,306744,306750,6,0
306744,306744,306751,7,0
306744,306748,306751,3,4
306744,306749,306750,1,5
306744,306749,306751,2,5
306744,306748,306751,3,4
306744,306744,306751,7,0
306744,306744,306751,7,0
306744,306750,306751,1,6
306744,306750,306751,1,6
306744,306749,306751,2,5
306744,306750,306751,1,6
306744,306749,306751,2,5
306744,306744,306752,8,0
306744,306749,306752,3,5
306744,306750,306752,2,6
306744,306744,306752,8,0
306744,306744,306752,8,0
306744,306750,306752,2,6
306744,306750,306752,2,6
306744,306744,306752,8,0
306744,306744,306752,8,0
306744,306744,306753,9,0
306744,306744,306753,9,0
306744,306744,306753,9,0
306744,306744,306753,9,0
306744,306744,306754,10,0
306744,306749,306754,5,5
306744,306744,306755,11,0
306744,306749,306755,6,5
306744,306749,306755,6,5
306744,306744,306756,12,0
306744,306744,306756,12,0
306744,306744,306760,16,0
306770,306771,306772,1,1
306770,306771,306772,1,1
306770,306771,306772,1,1
306770,306771,306772,1,1
306770,306771,306772,1,1
306770,306771,306772,1,1
306770,306771,306774,3,1
306770,306771,306774,3,1
306770,306771,306774,3,1
306770,306773,306774,1,3
306770,306771,306775,4,1
306770,306771,306775,4,1
306770,306771,306775,4,1
306770,306771,306775,4,1
306770,306773,306775,2,3
306770,306773,306775,2,3
306770,306773,306775,2,3
306770,306771,306775,4,1
306770,306773,306775,2,3
306770,306775,306776,1,5
306770,306771,306776,5,1
306770,306771,306777,6,1
306770,306773,306776,3,3
306770,306771,306776,5,1
306770,306771,306776,5,1
306770,306775,306776,1,5
306770,306771,306776,5,1
306770,306771,306776,5,1
306770,306776,306777,1,6
306770,306776,306777,1,6
306770,306771,306777,6,1
306770,306775,306777,2,5
306770,306771,306777,6,1
306770,306771,306777,6,1
306770,306776,306777,1,6
306770,306776,306778,2,6
306770,306771,306778,7,1
306770,306776,306777,1,6
306770,306771,306777,6,1
306770,306776,306777,1,6
306770,306776,306778,2,6
306770,306776,306777,1,6
306770,306777,306778,1,7
306770,306771,306777,6,1
306770,306776,306777,1,6
306770,306776,306777,1,6
306770,306771,306778,7,1
306770,306771,306779,8,1
306770,306771,306778,7,1
306770,306771,306778,7,1
306770,306777,306778,1,7
306770,306771,306778,7,1
306770,306777,306778,1,7
306770,306777,306778,1,7
306770,306777,306778,1,7
306770,306777,306778,1,7
306770,306777,306778,1,7
306770,306777,306778,1,7
306770,306777,306778,1,7
306770,306777,306778,1,7
306770,306777,306778,1,7
306770,306771,306779,8,1
306770,306778,306779,1,8
306770,306771,306779,8,1
306770,306777,306779,2,7
306770,306778,306780,2,8
306770,306778,306779,1,8
306770,306771,306780,9,1
306770,306775,306781,6,5
306770,306771,306780,9,1
306770,306771,306781,10,1
306770,306771,306782,11,1
306770,306771,306783,12,1
306770,306771,306783,12,1
306770,306771,306783,12,1
306770,306771,306784,13,1
306770,306771,306786,15,1
306770,306771,306790,19,1
306770,306771,306792,21,1
306803,306803,306804,1,0
306803,306803,306805,2,0
306803,306803,306805,2,0
306803,306803,306805,2,0
306803,306803,306805,2,0
306803,306803,306804,1,0
306803,306803,306806,3,0
306803,306803,306808,5,0
306803,306806,306808,2,3
306803,306806,306808,2,3
306803,306806,306808,2,3
306803,306806,306808,2,3
306803,306806,306808,2,3
306803,306807,306808,1,4
306803,306803,306809,6,0
306803,306803,306809,6,0
306803,306803,306809,6,0
306803,306809,306810,1,6
306803,306803,306809,6,0
306803,306803,306809,6,0
306803,306806,306809,3,3
306803,306803,306809,6,0
306803,306803,306810,7,0
306803,306803,306810,7,0
306803,306803,306810,7,0
306803,306803,306810,7,0
306803,306809,306810,1,6
306803,306809,306810,1,6
306803,306803,306810,7,0
306803,306803,306811,8,0
306803,306803,306811,8,0
306803,306809,306810,1,6
306803,306803,306810,7,0
306803,306803,306810,7,0
306803,306809,306810,1,6
306803,306809,306810,1,6
306803,306803,306811,8,0
306803,306810,306811,1,7
306803,306810,306811,1,7
306803,306811,306812,1,8
306803,306809,306811,2,6
306803,306810,306811,1,7
306803,306810,306811,1,7
306803,306811,306812,1,8
306803,306810,306811,1,7
306803,306811,306812,1,8
306803,306811,306812,1,8
306803,306810,306811,1,7
306803,306803,306812,9,0
306803,306803,306812,9,0
306803,306803,306812,9,0
306803,306810,306812,2,7
306803,306810,306812,2,7
306803,306811,306812,1,8
306803,306811,306812,1,8
306803,306811,306812,1,8
306803,306803,306812,9,0
306803,306811,306812,1,8
306803,306811,306812,1,8
306803,306811,306812,1,8
306803,306803,306813,10,0
306803,306811,306813,2,8
306803,306803,306813,10,0
306803,306811,306813,2,8
306803,306803,306814,11,0
306803,306803,306814,11,0
306803,306803,306814,11,0
306803,306803,306815,12,0
306803,306803,306815,12,0
306803,306803,306816,13,0
306803,306803,306816,13,0
306803,306811,306816,5,8
306803,306803,306817,14,0
306803,306803,306817,14,0
306803,306803,306817,14,0
306803,306803,306819,16,0
306803,306803,306821,18,0
306803,306803,306821,18,0
306803,306803,306822,19,0
306833,306833,306834,1,0
306833,306833,306835,2,0
306833,306833,306835,2,0
306833,306833,306834,1,0
306833,306833,306835,2,0
306833,306833,306834,1,0
306833,306833,306835,2,0
306833,306836,306837,1,3
306833,306836,306837,1,3
306833,306836,306837,1,3
306833,306836,306838,2,3
306833,306833,306838,5,0
306833,306833,306838,5,0
306833,306838,306839,1,5
306833,306835,306838,3,2
306833,306838,306839,1,5
306833,306833,306839,6,0
306833,306833,306839,6,0
306833,306833,306839,6,0
306833,306835,306839,4,2
306833,306833,306839,6,0
306833,306833,306839,6,0
306833,306836,306839,3,3
306833,306833,306840,7,0
306833,306833,306839,6,0
306833,306838,306839,1,5
306833,306833,306840,7,0
306833,306839,306840,1,6
306833,306833,306840,7,0
306833,306833,306840,7,0
306833,306833,306840,7,0
306833,306833,306840,7,0
306833,306839,306840,1,6
306833,306839,306840,1,6
306833,306833,306840,7,0
306833,306840,306841,1,7
306833,306840,306841,1,7
306833,306839,306840,1,6
306833,306839,306840,1,6
306833,306840,306841,1,7
306833,306840,306841,1,7
306833,306833,306841,8,0
306833,306833,306841,8,0
306833,306840,306841,1,7
306833,306840,306841,1,7
306833,306840,306841,1,7
306833,306841,306842,1,8
306833,306840,306841,1,7
306833,306840,306841,1,7
306833,306840,306841,1,7
306833,306840,306841,1,7
306833,306840,306841,1,7
306833,306841,306842,1,8
306833,306841,306842,1,8
306833,306833,306842,9,0
306833,306833,306842,9,0
306833,306833,306842,9,0
306833,306841,306842,1,8
306833,306841,306842,1,8
306833,306841,306842,1,8
306833,306833,306843,10,0
306833,306833,306843,10,0
306833,306840,306843,3,7
306833,306833,306844,11,0
306833,306834,306844,10,1
306833,306833,306845,12,0
306833,306833,306845,12,0
306833,306833,306846,13,0
306833,306833,306846,13,0
306833,306833,306847,14,0
306833,306833,306847,14,0
306833,306833,306847,14,0
306833,306833,306847,14,0
306833,306833,306847,14,0
306833,306833,306849,16,0
306833,306833,306850,17,0
306833,306833,306851,18,0
306833,306833,306851,18,0
306862,306862,306863,1,0
306862,306862,306863,1,0
306862,306862,306863,1,0
306862,306862,306864,2,0
306862,306862,306863,1,0
306862,306862,306863,1,0
306862,306862,306865,3,0
306862,306863,306866,3,1
306862,306863,306866,3,1
306862,306864,306867,3,2
306862,306863,306866,3,1
306862,306862,306867,5,0
306862,306864,306867,3,2
306862,306862,306867,5,0
306862,306864,306867,3,2
306862,306862,306868,6,0
306862,306862,306868,6,0
306862,306862,306868,6,0
306862,306862,306868,6,0
306862,306862,306868,6,0
306862,306865,306867,2,3
306862,306867,306868,1,5
306862,306867,306868,1,5
306862,306866,306868,2,4
306862,306867,306868,1,5
306862,306867,306868,1,5
306862,306862,306869,7,0
306862,306862,306869,7,0
306862,306862,306869,7,0
306862,306867,306869,2,5
306862,306862,306869,7,0
306862,306862,306868,6,0
306862,306867,306869,2,5
306862,306868,306869,1,6
306862,306862,306869,7,0
306862,306866,306869,3,4
306862,306862,306869,7,0
306862,306868,306869,1,6
306862,306862,306869,7,0
306862,306862,306870,8,0
306862,306862,306869,7,0
306862,306862,306870,8,0
306862,306862,306869,7,0
306862,306862,306870,8,0
306862,306868,306870,2,6
306862,306868,306870,2,6
306862,306869,306870,1,7
306862,306868,306870,2,6
306862,306868,306870,2,6
306862,306868,306870,2,6
306862,306869,306870,1,7
306862,306869,306870,1,7
306862,306869,306870,1,7
306862,306868,306870,2,6
306862,306868,306870,2,6
306862,306862,306871,9,0
306862,306869,306871,2,7
306862,306862,306871,9,0
306862,306868,306871,3,6
306862,306868,306870,2,6
306862,306862,306870,8,0
306862,306869,306871,2,7
306862,306869,306871,2,7
306862,306869,306871,2,7
306862,306862,306871,9,0
306862,306862,306871,9,0
306862,306862,306872,10,0
306862,306862,306872,10,0
306862,306862,306872,10,0
306862,306862,306873,11,0
306862,306862,306873,11,0
306862,306862,306872,10,0
306862,306862,306873,11,0
306862,306862,306874,12,0
306862,306862,306874,12,0
306862,306862,306874,12,0
306862,306869,306874,5,7
306862,306862,306875,13,0
306862,306862,306878,16,0
306890,306890,306891,1,0
306890,306890,306891,1,0
306890,306890,306891,1,0
306890,306890,306891,1,0
306890,306890,306891,1,0
306890,306890,306891,1,0
306890,306890,306892,2,0
306890,306891,306893,2,1
306890,306891,306894,3,1
306890,306892,306894,2,2
306890,306890,306895,5,0
306890,306890,306895,5,0
306890,306890,306895,5,0
306890,306892,306894,2,2
306890,306892,306895,3,2
306890,306892,306894,2,2
306890,306893,306894,1,3
306890,306890,306895,5,0
306890,306890,306896,6,0
306890,306890,306896,6,0
306890,306890,306895,5,0
306890,306894,306896,2,4
306890,306890,306895,5,0
306890,306894,306896,2,4
306890,306890,306895,5,0
306890,306890,306895,5,0
306890,306894,306895,1,4
306890,306890,306895,5,0
306890,306890,306896,6,0
306890,306895,306897,2,5
306890,306890,306896,6,0
306890,306896,306897,1,6
306890,306890,306896,6,0
306890,306895,306896,1,5
306890,306896,306897,1,6
306890,306890,306896,6,0
306890,306896,306897,1,6
306890,306895,306897,2,5
306890,306895,306897,2,5
306890,306895,306897,2,5
306890,306896,306897,1,6
306890,306890,306897,7,0
306890,306895,306897,2,5
306890,306890,306898,8,0
306890,306890,306898,8,0
306890,306896,306898,2,6
306890,306897,306898,1,7
306890,306890,306897,7,0
306890,306896,306897,1,6
306890,306896,306897,1,6
306890,306890,306897,7,0
306890,306896,306897,1,6
306890,306897,306898,1,7
306890,306890,306898,8,0
306890,306897,306898,1,7
306890,306897,306898,1,7
306890,306890,306898,8,0
306890,306890,306897,7,0
306890,306897,306899,2,7
306890,306895,306899,4,5
306890,306897,306899,2,7
306890,306896,306898,2,6
306890,306896,306899,3,6
306890,306896,306898,2,6
306890,306897,306899,2,7
306890,306890,306899,9,0
306890,306890,306900,10,0
306890,306890,306899,9,0
306890,306890,306899,9,0
306890,306890,306899,9,0
306890,306890,306900,10,0
306890,306890,306900,10,0
306890,306890,306900,10,0
306890,306890,306900,10,0
306890,306890,306901,11,0
306890,306890,306902,12,0
306890,306890,306902,12,0
306890,306890,306903,13,0
306890,306890,306906,16,0
306918,306919,306920,1,1
306918,306919,306920,1,1
306918,306919,306920,1,1
306918,306919,306920,1,1
306918,306919,306920,1,1
306918,306919,306920,1,1
306918,306919,306920,1,1
306918,306919,306921,2,1
306918,306919,306922,3,1
306918,306919,306922,3,1
306918,306919,306922,3,1
306918,306919,306922,3,1
306918,306921,306922,1,3
306918,306921,306923,2,3
306918,306921,306922,1,3
306918,306919,306922,3,1
306918,306919,306923,4,1
306918,306921,306922,1,3
306918,306919,306924,5,1
306918,306921,306924,3,3
306918,306919,306923,4,1
306918,306919,306923,4,1
306918,306919,306923,4,1
306918,306919,306923,4,1
306918,306919,306923,4,1
306918,306921,306923,2,3
306918,306921,306923,2,3
306918,306919,306924,5,1
306918,306919,306924,5,1
306918,306923,306924,1,5
306918,306919,306924,5,1
306918,306923,306924,1,5
306918,306919,306925,6,1
306918,306923,306924,1,5
306918,306923,306924,1,5
306918,306919,306924,5,1
306918,306923,306924,1,5
306918,306923,306924,1,5
306918,306919,306925,6,1
306918,306923,306925,2,5
306918,306919,306925,6,1
306918,306923,306925,2,5
306918,306919,306925,6,1
306918,306924,306925,1,6
306918,306924,306926,2,6
306918,306922,306925,3,4
306918,306924,306925,1,6
306918,306925,306926,1,7
306918,306924,306925,1,6
306918,306924,306925,1,6
306918,306924,306925,1,6
306918,306924,306925,1,6
306918,306924,306925,1,6
306918,306924,306925,1,6
306918,306925,306926,1,7
306918,306925,306926,1,7
306918,306925,306927,2,7
306918,306919,306927,8,1
306918,306919,306926,7,1
306918,306925,306926,1,7
306918,306925,306926,1,7
306918,306925,306926,1,7
306918,306919,306927,8,1
306918,306923,306927,4,5
306918,306919,306927,8,1
306918,306919,306928,9,1
306918,306925,306927,2,7
306918,306923,306927,4,5
306918,306919,306928,9,1
306918,306919,306928,9,1
306918,306919,306928,9,1
306918,306919,306928,9,1
306918,306919,306929,10,1
306918,306919,306929,10,1
306918,306919,306930,11,1
306918,306919,306931,12,1
306918,306919,306932,13,1
306918,306919,306933,14,1
306918,306919,306938,19,1
306949,306949,306950,1,0
306949,306949,306950,1,0
306949,306949,306950,1,0
306949,306949,306950,1,0
306949,306949,306950,1,0
306949,306949,306950,1,0
306949,306949,306950,1,0
306949,306949,306951,2,0
306949,306949,306951,2,0
306949,306950,306952,2,1
306949,306950,306951,1,1
306949,306949,306952,3,0
306949,306949,306953,4,0
306949,306951,306953,2,2
306949,306952,306953,1,3
306949,306951,306952,1,2
306949,306952,306953,1,3
306949,306949,306953,4,0
306949,306951,306953,2,2
306949,306949,306953,4,0
306949,306949,306954,5,0
306949,306951,306953,2,2
306949,306951,306953,2,2
306949,306949,306954,5,0
306949,306949,306954,5,0
306949,306949,306954,5,0
306949,306953,306954,1,4
306949,306953,306954,1,4
306949,306953,306955,2,4
306949,306953,306955,2,4
306949,306953,306954,1,4
306949,306949,306955,6,0
306949,306949,306955,6,0
306949,306954,306956,2,5
306949,306952,306955,3,3
306949,306952,306955,3,3
306949,306949,306956,7,0
306949,306949,306956,7,0
306949,306954,306955,1,5
306949,306955,306956,1,6
306949,306949,306955,6,0
306949,306954,306955,1,5
306949,306955,306956,1,6
306949,306949,306956,7,0
306949,306954,306956,2,5
306949,306953,306957,4,4
306949,306949,306957,8,0
306949,306956,306957,1,7
306949,306954,306957,3,5
306949,306949,306957,8,0
306949,306954,306957,3,5
306949,306949,306956,7,0
306949,306949,306956,7,0
306949,306955,306956,1,6
306949,306949,306956,7,0
306949,306949,306957,8,0
306949,306955,306956,1,6
306949,306955,306956,1,6
306949,306955,306957,2,6
306949,306956,306957,1,7
306949,306956,306957,1,7
306949,306956,306958,2,7
306949,306949,306958,9,0
306949,306955,306958,3,6
306949,306955,306958,3,6
306949,306949,306958,9,0
306949,306949,306958,9,0
306949,306949,306958,9,0
306949,306949,306958,9,0
306949,306949,306960,11,0
306949,306949,306961,12,0
306949,306949,306961,12,0
306949,306949,306960,11,0
306949,306949,306961,12,0
306949,306949,306961,12,0
306949,306949,306961,12,0
306949,306949,306963,14,0
306949,306949,306964,15,0
306949,306949,306966,17,0
306976,306976,306977,1,0
306976,306976,306977,1,0
306976,306976,306977,1,0
306976,306976,306977,1,0
306976,306976,306978,2,0
306976,306976,306978,2,0
306976,306976,306978,2,0
306976,306976,306979,3,0
306976,306977,306979,2,1
306976,306976,306980,4,0
306976,306976,306980,4,0
306976,306978,306980,2,2
306976,306978,306980,2,2
306976,306977,306980,3,1
306976,306977,306980,3,1
306976,306977,306980,3,1
306976,306979,306980,1,3
306976,306976,306981,5,0
306976,306976,306981,5,0
306976,306976,306981,5,0
306976,306976,306981,5,0
306976,306976,306981,5,0
306976,306980,306981,1,4
306976,306976,306982,6,0
306976,306976,306982,6,0
306976,306976,306982,6,0
306976,306976,306982,6,0
306976,306976,306982,6,0
306976,306976,306982,6,0
306976,306979,306982,3,3
306976,306981,306982,1,5
306976,306980,306982,2,4
306976,306981,306982,1,5
306976,306981,306982,1,5
306976,306976,306982,6,0
306976,306981,306982,1,5
306976,306976,306982,6,0
306976,306981,306982,1,5
306976,306981,306982,1,5
306976,306976,306982,6,0
306976,306980,306983,3,4
306976,306976,306983,7,0
306976,306983,306984,1,7
306976,306982,306983,1,6
306976,306976,306983,7,0
306976,306976,306983,7,0
306976,306983,306984,1,7
306976,306983,306984,1,7
306976,306976,306984,8,0
306976,306976,306984,8,0
306976,306982,306984,2,6
306976,306983,306984,1,7
306976,306983,306984,1,7
306976,306982,306984,2,6
306976,306983,306984,1,7
306976,306982,306984,2,6
306976,306976,306984,8,0
306976,306983,306984,1,7
306976,306983,306984,1,7
306976,306976,306984,8,0
306976,306982,306984,2,6
306976,306982,306985,3,6
306976,306981,306985,4,5
306976,306976,306985,9,0
306976,306976,306985,9,0
306976,306976,306985,9,0
306976,306976,306986,10,0
306976,306976,306986,10,0
306976,306983,306986,3,7
306976,306983,306986,3,7
306976,306983,306986,3,7
306976,306976,306986,10,0
306976,306976,306987,11,0
306976,306976,306988,12,0
306976,306976,306988,12,0
306976,306976,306988,12,0
306976,306976,306988,12,0
306976,306976,306990,14,0
306976,306976,306991,15,0
307003,307003,307004,1,0
307003,307003,307004,1,0
307003,307003,307004,1,0
307003,307003,307004,1,0
307003,307003,307005,2,0
307003,307003,307004,1,0
307003,307003,307005,2,0
307003,307004,307006,2,1
307003,307004,307006,2,1
307003,307004,307006,2,1
307003,307005,307007,2,2
307003,307005,307007,2,2
307003,307006,307007,1,3
307003,307003,307008,5,0
307003,307005,307008,3,2
307003,307003,307008,5,0
307003,307003,307008,5,0
307003,307003,307008,5,0
307003,307006,307008,2,3
307003,307003,307007,4,0
307003,307006,307008,2,3
307003,307005,307007,2,2
307003,307007,307008,1,4
307003,307007,307008,1,4
307003,307003,307009,6,0
307003,307003,307009,6,0
307003,307003,307008,5,0
307003,307003,307009,6,0
307003,307003,307009,6,0
307003,307003,307009,6,0
307003,307003,307009,6,0
307003,307003,307009,6,0
307003,307007,307009,2,4
307003,307003,307010,7,0
307003,307008,307010,2,5
307003,307008,307010,2,5
307003,307003,307010,7,0
307003,307008,307010,2,5
307003,307008,307010,2,5
307003,307008,307010,2,5
307003,307009,307010,1,6
307003,307008,307010,2,5
307003,307008,307010,2,5
307003,307009,307010,1,6
307003,307003,307011,8,0
307003,307009,307010,1,6
307003,307003,307010,7,0
307003,307009,307011,2,6
307003,307003,307011,8,0
307003,307008,307011,3,5
307003,307003,307011,8,0
307003,307008,307011,3,5
307003,307009,307011,2,6
307003,307003,307011,8,0
307003,307009,307011,2,6
307003,307003,307011,8,0
307003,307008,307011,3,5
307003,307009,307011,2,6
307003,307003,307011,8,0
307003,307003,307011,8,0
307003,307003,307011,8,0
307003,307009,307012,3,6
307003,307010,307012,2,7
307003,307009,307012,3,6
307003,307010,307012,2,7
307003,307003,307012,9,0
307003,307003,307013,10,0
307003,307003,307013,10,0
307003,307003,307013,10,0
307003,307003,307014,11,0
307003,307003,307014,11,0
307003,307003,307014,11,0
307003,307003,307015,12,0
307003,307003,307015,12,0
307003,307003,307016,13,0
307003,307003,307016,13,0
307003,307003,307016,13,0
307003,307003,307018,15,0
307030,307030,307031,1,0
307030,307030,307032,2,0
307030,307030,307032,2,0
307030,307030,307031,1,0
307030,307030,307031,1,0
307030,307030,307031,1,0
307030,307030,307031,1,0
307030,307032,307034,2,2
307030,307032,307034,2,2
307030,307032,307034,2,2
307030,307032,307034,2,2
307030,307032,307034,2,2
307030,307030,307035,5,0
307030,307030,307035,5,0
307030,307030,307035,5,0
307030,307032,307035,3,2
307030,307030,307034,4,0
307030,307032,307035,3,2
307030,307034,307035,1,4
307030,307030,307036,6,0
307030,307030,307036,6,0
307030,307030,307036,6,0
307030,307034,307036,2,4
307030,307030,307036,6,0
307030,307030,307037,7,0
307030,307030,307037,7,0
307030,307030,307036,6,0
307030,307034,307037,3,4
307030,307030,307037,7,0
307030,307030,307037,7,0
307030,307035,307037,2,5
307030,307030,307037,7,0
307030,307035,307036,1,5
307030,307035,307036,1,5
307030,307030,307037,7,0
307030,307034,307037,3,4
307030,307034,307037,3,4
307030,307035,307037,2,5
307030,307035,307038,3,5
307030,307030,307038,8,0
307030,307030,307038,8,0
307030,307030,307038,8,0
307030,307035,307038,3,5
307030,307036,307038,2,6
307030,307037,307038,1,7
307030,307030,307038,8,0
307030,307036,307038,2,6
307030,307030,307038,8,0
307030,307030,307039,9,0
307030,307036,307039,3,6
307030,307037,307038,1,7
307030,307036,307039,3,6
307030,307037,307039,2,7
307030,307030,307039,9,0
307030,307037,307039,2,7
307030,307037,307038,1,7
307030,307037,307039,2,7
307030,307037,307039,2,7
307030,307037,307039,2,7
307030,307030,307039,9,0
307030,307030,307040,10,0
307030,307037,307040,3,7
307030,307035,307040,5,5
307030,307037,307040,3,7
307030,307030,307040,10,0
307030,307037,307040,3,7
307030,307037,307040,3,7
307030,307030,307041,11,0
307030,307030,307041,11,0
307030,307030,307041,11,0
307030,307030,307042,12,0
307030,307030,307041,11,0
307030,307030,307042,12,0
307030,307030,307042,12,0
307030,307030,307043,13,0
307030,307030,307043,13,0
307030,307030,307044,14,0
307030,307030,307044,14,0
307030,307030,307046,16,0
307057,307057,307058,1,0
307057,307057,307058,1,0
307057,307057,307058,1,0
307057,307057,307058,1,0
307057,307057,307058,1,0
307057,307057,307059,2,0
307057,307057,307059,2,0
307057,307058,307061,3,1
307057,307059,307061,2,2
307057,307058,307061,3,1
307057,307058,307061,3,1
307057,307059,307062,3,2
307057,307057,307062,5,0
307057,307059,307061,2,2
307057,307061,307062,1,4
307057,307057,307063,6,0
307057,307057,307063,6,0
307057,307057,307062,5,0
307057,307057,307063,6,0
307057,307057,307062,5,0
307057,307059,307063,4,2
307057,307057,307063,6,0
307057,307057,307063,6,0
307057,307061,307063,2,4
307057,307057,307063,6,0
307057,307057,307064,7,0
307057,307057,307064,7,0
307057,307061,307063,2,4
307057,307063,307064,1,6
307057,307061,307064,3,4
307057,307057,307065,8,0
307057,307057,307065,8,0
307057,307057,307065,8,0
307057,307062,307065,3,5
307057,307057,307064,7,0
307057,307057,307064,7,0
307057,307063,307065,2,6
307057,307063,307065,2,6
307057,307057,307065,8,0
307057,307062,307065,3,5
307057,307064,307065,1,7
307057,307057,307064,7,0
307057,307063,307064,1,6
307057,307063,307065,2,6
307057,307064,307065,1,7
307057,307057,307065,8,0
307057,307057,307065,8,0
307057,307057,307066,9,0
307057,307063,307066,3,6
307057,307063,307066,3,6
307057,307064,307066,2,7
307057,307063,307066,3,6
307057,307057,307066,9,0
307057,307065,307066,1,8
307057,307065,307066,1,8
307057,307065,307066,1,8
307057,307062,307066,4,5
307057,307064,307066,2,7
307057,307064,307066,2,7
307057,307057,307066,9,0
307057,307057,307067,10,0
307057,307057,307067,10,0
307057,307065,307067,2,8
307057,307057,307067,10,0
307057,307063,307067,4,6
307057,307064,307067,3,7
307057,307065,307067,2,8
307057,307057,307067,10,0
307057,307057,307067,10,0
307057,307057,307068,11,0
307057,307062,307068,6,5
307057,307057,307068,11,0
307057,307057,307068,11,0
307057,307057,307069,12,0
307057,307057,307069,12,0
307057,307057,307070,13,0
307057,307057,307070,13,0
307057,307057,307069,12,0
307057,307057,307073,16,0
307084,307084,307085,1,0
307084,307084,307085,1,0
307084,307084,307085,1,0
307084,307084,307086,2,0
307084,307084,307085,1,0
307084,307084,307085,1,0
307084,307084,307085,1,0
307084,307085,307087,2,1
307084,307085,307088,3,1
307084,307086,307088,2,2
307084,307086,307089,3,2
307084,307085,307089,4,1
307084,307084,307090,6,0
307084,307084,307090,6,0
307084,307089,307090,1,5
307084,307084,307089,5,0
307084,307084,307090,6,0
307084,307086,307089,3,2
307084,307086,307089,3,2
307084,307084,307090,6,0
307084,307088,307090,2,4
307084,307084,307090,6,0
307084,307084,307090,6,0
307084,307088,307090,2,4
307084,307088,307090,2,4
307084,307084,307091,7,0
307084,307084,307091,7,0
307084,307084,307090,6,0
307084,307084,307091,7,0
307084,307084,307091,7,0
307084,307084,307091,7,0
307084,307084,307090,6,0
307084,307084,307091,7,0
307084,307089,307091,2,5
307084,307084,307091,7,0
307084,307084,307091,7,0
307084,307084,307091,7,0
307084,307091,307092,1,7
307084,307084,307092,8,0
307084,307090,307092,2,6
307084,307084,307091,7,0
307084,307090,307092,2,6
307084,307090,307092,2,6
307084,307090,307092,2,6
307084,307084,307091,7,0
307084,307090,307092,2,6
307084,307090,307092,2,6
307084,307091,307092,1,7
307084,307084,307092,8,0
307084,307090,307092,2,6
307084,307090,307092,2,6
307084,307090,307092,2,6
307084,307090,307092,2,6
307084,307091,307092,1,7
307084,307084,307093,9,0
307084,307084,307092,8,0
307084,307084,307093,9,0
307084,307084,307093,9,0
307084,307091,307093,2,7
307084,307091,307093,2,7
307084,307090,307093,3,6
307084,307084,307093,9,0
307084,307091,307093,2,7
307084,307091,307093,2,7
307084,307091,307093,2,7
307084,307084,307093,9,0
307084,307091,307094,3,7
307084,307090,307094,4,6
307084,307084,307095,11,0
307084,307084,307095,11,0
307084,307090,307094,4,6
307084,307084,307095,11,0
307084,307084,307097,13,0
307084,307084,307096,12,0
307084,307091,307096,5,7
307084,307084,307097,13,0
307084,307084,307098,14,0
307084,307084,307098,14,0
307084,307084,307102,18,0
307113,307113,307114,1,0
307113,307113,307114,1,0
307113,307113,307114,1,0
307113,307113,307114,1,0
307113,307113,307115,2,0
307113,307113,307114,1,0
307113,307113,307115,2,0
307113,307113,307117,4,0
307113,307114,307117,3,1
307113,307113,307117,4,0
307113,307113,307117,4,0
307113,307114,307117,3,1
307113,307113,307117,4,0
307113,307114,307117,3,1
307113,307115,307117,2,2
307113,307113,307118,5,0
307113,307115,307118,3,2
307113,307115,307118,3,2
307113,307115,307118,3,2
307113,307113,307119,6,0
307113,307113,307119,6,0
307113,307113,307119,6,0
307113,307113,307119,6,0
307113,307113,307119,6,0
307113,307113,307119,6,0
307113,307113,307119,6,0
307113,307113,307119,6,0
307113,307113,307119,6,0
307113,307117,307119,2,4
307113,307118,307119,1,5
307113,307118,307119,1,5
307113,307118,307119,1,5
307113,307118,307119,1,5
307113,307118,307119,1,5
307113,307113,307120,7,0
307113,307113,307119,6,0
307113,307113,307120,7,0
307113,307113,307120,7,0
307113,307118,307120,2,5
307113,307113,307120,7,0
307113,307117,307120,3,4
307113,307113,307120,7,0
307113,307119,307120,1,6
307113,307120,307121,1,7
307113,307113,307120,7,0
307113,307118,307120,2,5
307113,307113,307120,7,0
307113,307120,307121,1,7
307113,307113,307121,8,0
307113,307113,307120,7,0
307113,307113,307121,8,0
307113,307117,307121,4,4
307113,307119,307121,2,6
307113,307120,307121,1,7
307113,307120,307121,1,7
307113,307118,307121,3,5
307113,307120,307121,1,7
307113,307120,307121,1,7
307113,307113,307121,8,0
307113,307120,307121,1,7
307113,307120,307121,1,7
307113,307120,307121,1,7
307113,307113,307122,9,0
307113,307113,307121,8,0
307113,307119,307122,3,6
307113,307120,307122,2,7
307113,307113,307122,9,0
307113,307119,307122,3,6
307113,307119,307122,3,6
307113,307113,307123,10,0
307113,307113,307124,11,0
307113,307113,307124,11,0
307113,307113,307124,11,0
307113,307113,307125,12,0
307113,307113,307125,12,0
307113,307113,307127,14,0
307113,307113,307130,17,0
307141,307141,307142,1,0
307141,307141,307142,1,0
307141,307141,307142,1,0
307141,307141,307143,2,0
307141,307141,307143,2,0
307141,307141,307143,2,0
307141,307141,307142,1,0
307141,307142,307145,3,1
307141,307143,307145,2,2
307141,307143,307145,2,2
307141,307142,307145,3,1
307141,307143,307144,1,2
307141,307141,307146,5,0
307141,307141,307146,5,0
307141,307143,307146,3,2
307141,307141,307145,4,0
307141,307143,307146,3,2
307141,307141,307146,5,0
307141,307141,307147,6,0
307141,307141,307147,6,0
307141,307146,307147,1,5
307141,307141,307147,6,0
307141,307145,307147,2,4
307141,307145,307147,2,4
307141,307145,307147,2,4
307141,307145,307147,2,4
307141,307145,307147,2,4
307141,307141,307148,7,0
307141,307141,307147,6,0
307141,307141,307148,7,0
307141,307141,307147,6,0
307141,307141,307148,7,0
307141,307141,307148,7,0
307141,307141,307148,7,0
307141,307141,307148,7,0
307141,307146,307148,2,5
307141,307146,307148,2,5
307141,307141,307148,7,0
307141,307146,307148,2,5
307141,307141,307148,7,0
307141,307141,307148,7,0
307141,307146,307148,2,5
307141,307141,307148,7,0
307141,307147,307148,1,6
307141,307141,307148,7,0
307141,307141,307148,7,0
307141,307147,307148,1,6
307141,307147,307148,1,6
307141,307141,307149,8,0
307141,307147,307149,2,6
307141,307147,307149,2,6
307141,307147,307149,2,6
307141,307147,307149,2,6
307141,307147,307149,2,6
307141,307141,307150,9,0
307141,307141,307150,9,0
307141,307141,307150,9,0
307141,307141,307150,9,0
307141,307148,307150,2,7
307141,307148,307150,2,7
307141,307141,307149,8,0
307141,307148,307150,2,7
307141,307147,307150,3,6
307141,307148,307150,2,7
307141,307148,307149,1,7
307141,307148,307150,2,7
307141,307141,307151,10,0
307141,307141,307151,10,0
307141,307148,307150,2,7
307141,307141,307152,11,0
307141,307141,307152,11,0
307141,307148,307152,4,7
307141,307146,307153,7,5
307141,307141,307153,12,0
307141,307141,307153,12,0
307141,307141,307154,13,0
307141,307141,307154,13,0
307141,307141,307155,14,0
307141,307141,307156,15,0
307167,307167,307168,1,0
307167,307167,307168,1,0
307167,307167,307168,1,0
307167,307167,307168,1,0
307167,307167,307168,1,0
307167,307167,307169,2,0
307167,307167,307168,1,0
307167,307169,307171,2,2
307167,307169,307171,2,2
307167,307168,307171,3,1
307167,307168,307171,3,1
307167,307168,307171,3,1
307167,307167,307172,5,0
307167,307168,307172,4,1
307167,307169,307171,2,2
307167,307167,307173,6,0
307167,307167,307173,6,0
307167,307171,307173,2,4
307167,307171,307173,2,4
307167,307167,307173,6,0
307167,307171,307173,2,4
307167,307171,307173,2,4
307167,307171,307173,2,4
307167,307167,307173,6,0
307167,307167,307173,6,0
307167,307167,307174,7,0
307167,307167,307174,7,0
307167,307167,307174,7,0
307167,307172,307174,2,5
307167,307172,307174,2,5
307167,307167,307174,7,0
307167,307167,307174,7,0
307167,307172,307174,2,5
307167,307167,307173,6,0
307167,307167,307174,7,0
307167,307167,307174,7,0
307167,307173,307174,1,6
307167,307167,307175,8,0
307167,307167,307175,8,0
307167,307167,307174,7,0
307167,307167,307175,8,0
307167,307167,307174,7,0
307167,307167,307175,8,0
307167,307167,307175,8,0
307167,307167,307174,7,0
307167,307173,307175,2,6
307167,307173,307174,1,6
307167,307174,307175,1,7
307167,307173,307175,2,6
307167,307173,307175,2,6
307167,307167,307175,8,0
307167,307173,307175,2,6
307167,307173,307175,2,6
307167,307174,307175,1,7
307167,307174,307175,1,7
307167,307167,307176,9,0
307167,307167,307176,9,0
307167,307167,307176,9,0
307167,307174,307176,2,7
307167,307167,307175,8,0
307167,307174,307176,2,7
307167,307174,307176,2,7
307167,307174,307176,2,7
307167,307174,307175,1,7
307167,307174,307176,2,7
307167,307167,307176,9,0
307167,307174,307176,2,7
307167,307174,307176,2,7
307167,307167,307177,10,0
307167,307167,307177,10,0
307167,307174,307177,3,7
307167,307167,307177,10,0
307167,307173,307177,4,6
307167,307167,307177,10,0
307167,307167,307177,10,0
307167,307167,307177,10,0
307167,307167,307178,11,0
307167,307167,307177,10,0
307167,307167,307179,12,0
307190,307190,307191,1,0
307190,307190,307191,1,0
307190,307190,307191,1,0
307190,307190,307192,2,0
307190,307190,307191,1,0
307190,307190,307191,1,0
307190,307190,307191,1,0
307190,307191,307193,2,1
307190,307192,307194,2,2
307190,307191,307194,3,1
307190,307192,307194,2,2
307190,307190,307195,5,0
307190,307192,307195,3,2
307190,307192,307195,3,2
307190,307192,307194,2,2
307190,307190,307195,5,0
307190,307190,307196,6,0
307190,307190,307196,6,0
307190,307190,307195,5,0
307190,307190,307195,5,0
307190,307194,307196,2,4
307190,307194,307196,2,4
307190,307194,307196,2,4
307190,307194,307196,2,4
307190,307190,307196,6,0
307190,307190,307197,7,0
307190,307190,307197,7,0
307190,307190,307197,7,0
307190,307195,307197,2,5
307190,307190,307197,7,0
307190,307195,307197,2,5
307190,307190,307197,7,0
307190,307195,307196,1,5
307190,307190,307198,8,0
307190,307190,307198,8,0
307190,307190,307198,8,0
307190,307190,307197,7,0
307190,307196,307198,2,6
307190,307190,307198,8,0
307190,307190,307198,8,0
307190,307196,307198,2,6
307190,307190,307198,8,0
307190,307190,307198,8,0
307190,307197,307198,1,7
307190,307190,307198,8,0
307190,307195,307198,3,5
307190,307190,307198,8,0
307190,307196,307198,2,6
307190,307196,307198,2,6
307190,307197,307198,1,7
307190,307190,307198,8,0
307190,307196,307198,2,6
307190,307196,307198,2,6
307190,307190,307198,8,0
307190,307196,307198,2,6
307190,307197,307198,1,7
307190,307197,307198,1,7
307190,307190,307198,8,0
307190,307197,307199,2,7
307190,307196,307199,3,6
307190,307197,307199,2,7
307190,307196,307199,3,6
307190,307197,307199,2,7
307190,307197,307199,2,7
307190,307190,307198,8,0
307190,307197,307198,1,7
307190,307190,307200,10,0
307190,307198,307200,2,8
307190,307198,307200,2,8
307190,307190,307200,10,0
307190,307190,307200,10,0
307190,307190,307200,10,0
307190,307190,307201,11,0
307190,307190,307201,11,0
307190,307190,307201,11,0
307190,307190,307202,12,0
307190,307190,307201,11,0
307190,307190,307203,13,0
307190,307190,307204,14,0
307216,307216,307217,1,0
307216,307216,307217,1,0
307216,307216,307217,1,0
307216,307216,307217,1,0
307216,307216,307217,1,0
307216,307216,307217,1,0
307216,307216,307217,1,0
307216,307217,307218,1,1
307216,307218,307220,2,2
307216,307217,307219,2,1
307216,307218,307220,2,2
307216,307218,307219,1,2
307216,307218,307219,1,2
307216,307216,307221,5,0
307216,307218,307220,2,2
307216,307219,307220,1,3
307216,307216,307221,5,0
307216,307216,307221,5,0
307216,307216,307221,5,0
307216,307216,307222,6,0
307216,307220,307221,1,4
307216,307220,307221,1,4
307216,307220,307221,1,4
307216,307220,307221,1,4
307216,307220,307221,1,4
307216,307221,307222,1,5
307216,307216,307222,6,0
307216,307216,307222,6,0
307216,307216,307223,7,0
307216,307216,307222,6,0
307216,307216,307223,7,0
307216,307221,307222,1,5
307216,307216,307223,7,0
307216,307222,307223,1,6
307216,307222,307223,1,6
307216,307222,307223,1,6
307216,307222,307223,1,6
307216,307216,307223,7,0
307216,307216,307223,7,0
307216,307221,307223,2,5
307216,307222,307223,1,6
307216,307216,307223,7,0
307216,307216,307223,7,0
307216,307216,307223,7,0
307216,307222,307223,1,6
307216,307222,307223,1,6
307216,307222,307223,1,6
307216,307216,307223,7,0
307216,307223,307224,1,7
307216,307216,307224,8,0
307216,307216,307223,7,0
307216,307222,307223,1,6
307216,307223,307224,1,7
307216,307216,307223,7,0
307216,307216,307224,8,0
307216,307223,307224,1,7
307216,307223,307224,1,7
307216,307223,307225,2,7
307216,307216,307225,9,0
307216,307223,307224,1,7
307216,307216,307225,9,0
307216,307223,307224,1,7
307216,307223,307225,2,7
307216,307216,307224,8,0
307216,307223,307224,1,7
307216,307216,307224,8,0
307216,307216,307225,9,0
307216,307216,307225,9,0
307216,307216,307225,9,0
307216,307216,307226,10,0
307216,307216,307225,9,0
307216,307222,307226,4,6
307216,307216,307225,9,0
307216,307216,307225,9,0
307216,307216,307225,9,0
307216,307216,307226,10,0
307216,307216,307228,12,0
307216,307216,307231,15,0
307216,307216,307233,17,0
307243,307243,307244,1,0
307243,307243,307244,1,0
307243,307243,307244,1,0
307243,307243,307244,1,0
307243,307243,307244,1,0
307243,307243,307244,1,0
307243,307243,307244,1,0
307243,307244,307247,3,1
307243,307245,307247,2,2
307243,307245,307247,2,2
307243,307245,307247,2,2
307243,307245,307248,3,2
307243,307243,307248,5,0
307243,307245,307247,2,2
307243,307245,307247,2,2
307243,307243,307249,6,0
307243,307243,307249,6,0
307243,307243,307249,6,0
307243,307247,307249,2,4
307243,307247,307249,2,4
307243,307247,307248,1,4
307243,307247,307249,2,4
307243,307243,307250,7,0
307243,307243,307250,7,0
307243,307243,307249,6,0
307243,307243,307250,7,0
307243,307243,307249,6,0
307243,307243,307250,7,0
307243,307243,307250,7,0
307243,307243,307250,7,0
307243,307243,307250,7,0
307243,307248,307249,1,5
307243,307243,307250,7,0
307243,307248,307249,1,5
307243,307248,307250,2,5
307243,307243,307250,7,0
307243,307248,307249,1,5
307243,307249,307250,1,6
307243,307243,307250,7,0
307243,307243,307251,8,0
307243,307243,307250,7,0
307243,307243,307251,8,0
307243,307243,307251,8,0
307243,307243,307251,8,0
307243,307243,307250,7,0
307243,307249,307251,2,6
307243,307250,307251,1,7
307243,307243,307251,8,0
307243,307243,307251,8,0
307243,307243,307251,8,0
307243,307249,307251,2,6
307243,307249,307251,2,6
307243,307243,307251,8,0
307243,307249,307251,2,6
307243,307249,307252,3,6
307243,307243,307252,9,0
307243,307250,307252,2,7
307243,307250,307252,2,7
307243,307250,307252,2,7
307243,307250,307252,2,7
307243,307250,307252,2,7
307243,307250,307252,2,7
307243,307250,307252,2,7
307243,307243,307252,9,0
307243,307250,307252,2,7
307243,307250,307252,2,7
307243,307250,307252,2,7
307243,307243,307252,9,0
307243,307243,307252,9,0
307243,307250,307252,2,7
307243,307250,307252,2,7
307243,307243,307253,10,0
307243,307249,307252,3,6
307243,307243,307253,10,0
307243,307243,307253,10,0
307243,307243,307253,10,0
307243,307243,307253,10,0
307243,307243,307256,13,0
307243,307243,307261,18,0
307272,307272,307273,1,0
307272,307272,307273,1,0
307272,307272,307273,1,0
307272,307272,307273,1,0
307272,307272,307273,1,0
307272,307272,307273,1,0
307272,307272,307273,1,0
307272,307273,307275,2,1
307272,307273,307275,2,1
307272,307273,307274,1,1
307272,307273,307275,2,1
307272,307273,307275,2,1
307272,307273,307275,2,1
307272,307274,307275,1,2
307272,307275,307276,1,3
307272,307275,307276,1,3
307272,307272,307277,5,0
307272,307276,307277,1,4
307272,307276,307277,1,4
307272,307275,307276,1,3
307272,307275,307277,2,3
307272,307275,307277,2,3
307272,307275,307277,2,3
307272,307272,307277,5,0
307272,307276,307277,1,4
307272,307272,307278,6,0
307272,307272,307278,6,0
307272,307272,307278,6,0
307272,307277,307278,1,5
307272,307277,307278,1,5
307272,307277,307278,1,5
307272,307272,307278,6,0
307272,307277,307278,1,5
307272,307277,307279,2,5
307272,307277,307279,2,5
307272,307272,307279,7,0
307272,307272,307279,7,0
307272,307277,307279,2,5
307272,307277,307279,2,5
307272,307272,307279,7,0
307272,307278,307279,1,6
307272,307277,307278,1,5
307272,307272,307280,8,0
307272,307272,307280,8,0
307272,307272,307280,8,0
307272,307272,307279,7,0
307272,307278,307280,2,6
307272,307272,307279,7,0
307272,307272,307279,7,0
307272,307272,307280,8,0
307272,307272,307279,7,0
307272,307278,307279,1,6
307272,307272,307280,8,0
307272,307272,307280,8,0
307272,307278,307279,1,6
307272,307278,307280,2,6
307272,307278,307279,1,6
307272,307278,307280,2,6
307272,307279,307281,2,7
307272,307272,307281,9,0
307272,307279,307280,1,7
307272,307272,307281,9,0
307272,307272,307281,9,0
307272,307272,307282,10,0
307272,307272,307282,10,0
307272,307272,307282,10,0
307272,307278,307281,3,6
307272,307272,307282,10,0
307272,307272,307283,11,0
307272,307272,307283,11,0
307272,307272,307283,11,0
307272,307272,307284,12,0
307272,307272,307284,12,0
307272,307272,307284,12,0
307272,307272,307283,11,0
307272,307272,307284,12,0
307272,307272,307284,12,0
307272,307272,307286,14,0
307272,307272,307290,18,0
307300,307300,307301,1,0
307300,307300,307301,1,0
307300,307300,307302,2,0
307300,307300,307301,1,0
307300,307300,307301,1,0
307300,307300,307302,2,0
307300,307301,307302,1,1
307300,307300,307301,1,0
307300,307302,307303,1,2
307300,307302,307303,1,2
307300,307301,307302,1,1
307300,307302,307303,1,2
307300,307300,307303,3,0
307300,307300,307304,4,0
307300,307300,307304,4,0
307300,307302,307303,1,2
307300,307302,307304,2,2
307300,307302,307303,1,2
307300,307303,307304,1,3
307300,307303,307304,1,3
307300,307303,307304,1,3
307300,307303,307304,1,3
307300,307300,307305,5,0
307300,307300,307305,5,0
307300,307304,307305,1,4
307300,307304,307305,1,4
307300,307300,307305,5,0
307300,307304,307305,1,4
307300,307304,307305,1,4
307300,307304,307305,1,4
307300,307300,307306,6,0
307300,307300,307306,6,0
307300,307304,307306,2,4
307300,307300,307306,6,0
307300,307300,307306,6,0
307300,307304,307306,2,4
307300,307305,307306,1,5
307300,307300,307306,6,0
307300,307305,307306,1,5
307300,307304,307305,1,4
307300,307300,307306,6,0
307300,307304,307306,2,4
307300,307305,307306,1,5
307300,307306,307307,1,6
307300,307305,307307,2,5
307300,307305,307307,2,5
307300,307300,307307,7,0
307300,307300,307307,7,0
307300,307300,307307,7,0
307300,307300,307307,7,0
307300,307305,307306,1,5
307300,307300,307307,7,0
307300,307300,307307,7,0
307300,307306,307307,1,6
307300,307300,307308,8,0
307300,307306,307308,2,6
307300,307306,307308,2,6
307300,307306,307308,2,6
307300,307306,307308,2,6
307300,307300,307308,8,0
307300,307300,307308,8,0
307300,307300,307309,9,0
307300,307304,307309,5,4
307300,307306,307308,2,6
307300,307300,307309,9,0
307300,307300,307309,9,0
307300,307300,307309,9,0
307300,307300,307310,10,0
307300,307300,307310,10,0
307300,307300,307310,10,0
307300,307300,307311,11,0
307300,307300,307311,11,0
307300,307300,307311,11,0
307300,307300,307311,11,0
307300,307300,307311,11,0
307300,307300,307311,11,0
307300,307300,307312,12,0
307300,307300,307312,12,0
307300,307300,307313,13,0
307324,307324,307325,1,0
307324,307324,307325,1,0
307324,307324,307325,1,0
307324,307324,307325,1,0
307324,307324,307325,1,0
307324,307324,307325,1,0
307324,307324,307325,1,0
307324,307324,307326,2,0
307324,307324,307327,3,0
307324,307324,307326,2,0
307324,307324,307326,2,0
307324,307324,307326,2,0
307324,307326,307327,1,2
307324,307326,307327,1,2
307324,307326,307327,1,2
307324,307326,307327,1,2
307324,307326,307327,1,2
307324,307324,307328,4,0
307324,307326,307327,1,2
307324,307324,307328,4,0
307324,307324,307328,4,0
307324,307326,307327,1,2
307324,307324,307328,4,0
307324,307328,307329,1,4
307324,307327,307329,2,3
307324,307324,307328,4,0
307324,307327,307329,2,3
307324,307327,307329,2,3
307324,307328,307329,1,4
307324,307327,307329,2,3
307324,307327,307329,2,3
307324,307327,307329,2,3
307324,307328,307329,1,4
307324,307324,307330,6,0
307324,307328,307329,1,4
307324,307327,307330,3,3
307324,307327,307330,3,3
307324,307324,307330,6,0
307324,307328,307330,2,4
307324,307324,307330,6,0
307324,307329,307330,1,5
307324,307324,307330,6,0
307324,307324,307330,6,0
307324,307329,307330,1,5
307324,307329,307330,1,5
307324,307324,307331,7,0
307324,307324,307331,7,0
307324,307330,307331,1,6
307324,307328,307330,2,4
307324,307324,307331,7,0
307324,307328,307331,3,4
307324,307329,307331,2,5
307324,307324,307330,6,0
307324,307329,307331,2,5
307324,307329,307331,2,5
307324,307329,307331,2,5
307324,307324,307331,7,0
307324,307329,307330,1,5
307324,307324,307330,6,0
307324,307324,307331,7,0
307324,307329,307330,1,5
307324,307324,307331,7,0
307324,307329,307330,1,5
307324,307329,307330,1,5
307324,307324,307331,7,0
307324,307330,307332,2,6
307324,307324,307332,8,0
307324,307324,307332,8,0
307324,307324,307331,7,0
307324,307324,307331,7,0
307324,307324,307332,8,0
307324,307324,307334,10,0
307324,307324,307334,10,0
307324,307324,307334,10,0
307324,307324,307335,11,0
307324,307324,307335,11,0
307324,307324,307336,12,0
307324,307324,307335,11,0
307324,307324,307335,11,0
307346,307346,307347,1,0
307346,307346,307348,2,0
307346,307346,307347,1,0
307346,307346,307348,2,0
307346,307346,307347,1,0
307346,307346,307348,2,0
307346,307346,307348,2,0
307346,307346,307349,3,0
307346,307346,307350,4,0
307346,307346,307350,4,0
307346,307346,307350,4,0
307346,307346,307350,4,0
307346,307346,307350,4,0
307346,307348,307350,2,2
307346,307349,307350,1,3
307346,307349,307350,1,3
307346,307349,307350,1,3
307346,307349,307350,1,3
307346,307349,307350,1,3
307346,307349,307350,1,3
307346,307346,307351,5,0
307346,307346,307352,6,0
307346,307346,307351,5,0
307346,307346,307351,5,0
307346,307346,307352,6,0
307346,307351,307352,1,5
307346,307351,307352,1,5
307346,307346,307352,6,0
307346,307346,307352,6,0
307346,307346,307352,6,0
307346,307346,307352,6,0
307346,307346,307352,6,0
307346,307351,307352,1,5
307346,307346,307352,6,0
307346,307351,307352,1,5
307346,307346,307352,6,0
307346,307351,307352,1,5
307346,307346,307352,6,0
307346,307351,307352,1,5
307346,307351,307352,1,5
307346,307352,307353,1,6
307346,307346,307352,6,0
307346,307352,307353,1,6
307346,307352,307353,1,6
307346,307346,307353,7,0
307346,307346,307353,7,0
307346,307352,307353,1,6
307346,307350,307353,3,4
307346,307346,307353,7,0
307346,307352,307353,1,6
307346,307352,307354,2,6
307346,307346,307354,8,0
307346,307351,307353,2,5
307346,307346,307354,8,0
307346,307346,307353,7,0
307346,307351,307353,2,5
307346,307346,307353,7,0
307346,307353,307354,1,7
307346,307352,307353,1,6
307346,307351,307354,3,5
307346,307353,307354,1,7
307346,307353,307355,2,7
307346,307351,307354,3,5
307346,307353,307354,1,7
307346,307346,307354,8,0
307346,307351,307354,3,5
307346,307353,307354,1,7
307346,307353,307354,1,7
307346,307346,307354,8,0
307346,307353,307354,1,7
307346,307346,307355,9,0
307346,307346,307356,10,0
307346,307346,307357,11,0
307346,307346,307357,11,0
307346,307346,307358,12,0
307346,307346,307359,13,0
307346,307346,307359,13,0
307346,307346,307362,16,0
307373,307373,307374,1,0
307373,307373,307374,1,0
307373,307373,307374,1,0
307373,307373,307374,1,0
307373,307373,307374,1,0
307373,307373,307374,1,0
307373,307373,307374,1,0
307373,307374,307375,1,1
307373,307373,307375,2,0
307373,307373,307376,3,0
307373,307374,307375,1,1
307373,307373,307376,3,0
307373,307374,307376,2,1
307373,307373,307376,3,0
307373,307374,307376,2,1
307373,307373,307376,3,0
307373,307374,307376,2,1
307373,307373,307377,4,0
307373,307373,307377,4,0
307373,307373,307377,4,0
307373,307373,307377,4,0
307373,307373,307377,4,0
307373,307373,307377,4,0
307373,307373,307377,4,0
307373,307373,307377,4,0
307373,307373,307377,4,0
307373,307373,307376,3,0
307373,307375,307377,2,2
307373,307373,307377,4,0
307373,307373,307377,4,0
307373,307375,307377,2,2
307373,307373,307376,3,0
307373,307375,307377,2,2
307373,307373,307378,5,0
307373,307373,307378,5,0
307373,307373,307378,5,0
307373,307373,307378,5,0
307373,307376,307378,2,3
307373,307377,307378,1,4
307373,307373,307378,5,0
307373,307376,307378,2,3
307373,307376,307378,2,3
307373,307377,307378,1,4
307373,307376,307378,2,3
307373,307376,307378,2,3
307373,307377,307378,1,4
307373,307376,307378,2,3
307373,307376,307378,2,3
307373,307377,307378,1,4
307373,307376,307378,2,3
307373,307376,307377,1,3
307373,307377,307379,2,4
307373,307373,307379,6,0
307373,307373,307379,6,0
307373,307377,307379,2,4
307373,307377,307379,2,4
307373,307373,307379,6,0
307373,307377,307379,2,4
307373,307378,307379,1,5
307373,307373,307379,6,0
307373,307373,307379,6,0
307373,307377,307379,2,4
307373,307377,307379,2,4
307373,307377,307380,3,4
307373,307377,307379,2,4
307373,307377,307380,3,4
307373,307373,307380,7,0
307373,307373,307380,7,0
307373,307377,307380,3,4
307373,307377,307380,3,4
307373,307378,307380,2,5
307373,307373,307381,8,0
307373,307377,307381,4,4
307373,307373,307382,9,0
307373,307373,307383,10,0
307373,307373,307383,10,0
307373,307373,307384,11,0
307373,307373,307385,12,0
307373,307373,307385,12,0
307396,307396,307397,1,0
307396,307396,307397,1,0
307396,307396,307397,1,0
307396,307396,307397,1,0
307396,307396,307397,1,0
307396,307396,307397,1,0
307396,307396,307397,1,0
307396,307396,307399,3,0
307396,307396,307399,3,0
307396,307398,307399,1,2
307396,307398,307399,1,2
307396,307396,307399,3,0
307396,307397,307399,2,1
307396,307398,307399,1,2
307396,307396,307400,4,0
307396,307396,307400,4,0
307396,307396,307400,4,0
307396,307398,307400,2,2
307396,307396,307399,3,0
307396,307396,307400,4,0
307396,307398,307399,1,2
307396,307398,307399,1,2
307396,307396,307400,4,0
307396,307396,307400,4,0
307396,307396,307400,4,0
307396,307396,307399,3,0
307396,307396,307401,5,0
307396,307396,307400,4,0
307396,307396,307401,5,0
307396,307396,307400,4,0
307396,307396,307400,4,0
307396,307399,307401,2,3
307396,307400,307401,1,4
307396,307400,307401,1,4
307396,307399,307401,2,3
307396,307399,307401,2,3
307396,307396,307400,4,0
307396,307396,307400,4,0
307396,307399,307401,2,3
307396,307400,307401,1,4
307396,307399,307401,2,3
307396,307399,307401,2,3
307396,307399,307401,2,3
307396,307396,307402,6,0
307396,307400,307402,2,4
307396,307396,307402,6,0
307396,307396,307402,6,0
307396,307400,307402,2,4
307396,307400,307402,2,4
307396,307400,307402,2,4
307396,307401,307402,1,5
307396,307400,307402,2,4
307396,307400,307401,1,4
307396,307400,307402,2,4
307396,307400,307402,2,4
307396,307400,307402,2,4
307396,307401,307402,1,5
307396,307396,307403,7,0
307396,307396,307402,6,0
307396,307396,307402,6,0
307396,307396,307403,7,0
307396,307396,307402,6,0
307396,307401,307403,2,5
307396,307396,307403,7,0
307396,307401,307403,2,5
307396,307396,307403,7,0
307396,307401,307403,2,5
307396,307401,307402,1,5
307396,307401,307402,1,5
307396,307396,307404,8,0
307396,307396,307404,8,0
307396,307401,307403,2,5
307396,307396,307404,8,0
307396,307396,307403,7,0
307396,307401,307404,3,5
307396,307396,307404,8,0
307396,307396,307405,9,0
307396,307396,307407,11,0
307396,307396,307408,12,0
307420,307420,307421,1,0
307420,307420,307421,1,0
307420,307420,307421,1,0
307420,307420,307421,1,0
307420,307420,307421,1,0
307420,307420,307421,1,0
307420,307420,307421,1,0
307420,307420,307423,3,0
307420,307420,307423,3,0
307420,307420,307422,2,0
307420,307422,307423,1,2
307420,307421,307423,2,1
307420,307422,307423,1,2
307420,307420,307423,3,0
307420,307420,307424,4,0
307420,307420,307423,3,0
307420,307420,307423,3,0
307420,307422,307424,2,2
307420,307420,307423,3,0
307420,307423,307424,1,3
307420,307420,307424,4,0
307420,307422,307423,1,2
307420,307423,307424,1,3
307420,307420,307423,3,0
307420,307423,307424,1,3
307420,307420,307424,4,0
307420,307420,307424,4,0
307420,307420,307424,4,0
307420,307422,307425,3,2
307420,307423,307424,1,3
307420,307423,307424,1,3
307420,307420,307425,5,0
307420,307420,307424,4,0
307420,307420,307424,4,0
307420,307420,307425,5,0
307420,307424,307426,2,4
307420,307420,307426,6,0
307420,307420,307425,5,0
307420,307423,307425,2,3
307420,307420,307425,5,0
307420,307424,307425,1,4
307420,307425,307426,1,5
307420,307425,307426,1,5
307420,307424,307425,1,4
307420,307424,307426,2,4
307420,307424,307425,1,4
307420,307425,307426,1,5
307420,307424,307426,2,4
307420,307424,307426,2,4
307420,307425,307426,1,5
307420,307421,307425,4,1
307420,307424,307425,1,4
307420,307424,307425,1,4
307420,307425,307426,1,5
307420,307424,307426,2,4
307420,307424,307426,2,4
307420,307424,307425,1,4
307420,307425,307426,1,5
307420,307420,307426,6,0
307420,307420,307427,7,0
307420,307420,307426,6,0
307420,307420,307426,6,0
307420,307425,307427,2,5
307420,307420,307427,7,0
307420,307425,307426,1,5
307420,307425,307427,2,5
307420,307425,307427,2,5
307420,307420,307428,8,0
307420,307420,307428,8,0
307420,307420,307428,8,0
307420,307420,307428,8,0
307420,307420,307428,8,0
307420,307420,307428,8,0
307420,307420,307428,8,0
307420,307420,307429,9,0
307420,307420,307431,11,0
307420,307420,307431,11,0
307420,307420,307432,12,0
307420,307420,307432,12,0
307444,307444,307445,1,0
307444,307444,307445,1,0
307444,307444,307446,2,0
307444,307444,307445,1,0
307444,307444,307445,1,0
307444,307444,307445,1,0
307444,307444,307445,1,0
307444,307444,307447,3,0
307444,307444,307447,3,0
307444,307444,307447,3,0
307444,307446,307447,1,2
307444,307446,307447,1,2
307444,307444,307448,4,0
307444,307444,307448,4,0
307444,307444,307448,4,0
307444,307444,307448,4,0
307444,307444,307447,3,0
307444,307444,307448,4,0
307444,307446,307448,2,2
307444,307444,307448,4,0
307444,307447,307448,1,3
307444,307444,307448,4,0
307444,307444,307449,5,0
307444,307444,307449,5,0
307444,307447,307449,2,3
307444,307444,307448,4,0
307444,307447,307449,2,3
307444,307444,307449,5,0
307444,307444,307449,5,0
307444,307446,307449,3,2
307444,307447,307449,2,3
307444,307447,307448,1,3
307444,307446,307449,3,2
307444,307444,307450,6,0
307444,307448,307450,2,4
307444,307444,307450,6,0
307444,307444,307450,6,0
307444,307444,307450,6,0
307444,307446,307449,3,2
307444,307448,307450,2,4
307444,307449,307450,1,5
307444,307446,307450,4,2
307444,307448,307450,2,4
307444,307448,307450,2,4
307444,307449,307450,1,5
307444,307448,307450,2,4
307444,307448,307450,2,4
307444,307444,307450,6,0
307444,307448,307450,2,4
307444,307449,307450,1,5
307444,307444,307450,6,0
307444,307448,307450,2,4
307444,307448,307449,1,4
307444,307449,307450,1,5
307444,307444,307451,7,0
307444,307444,307450,6,0
307444,307444,307451,7,0
307444,307444,307451,7,0
307444,307444,307451,7,0
307444,307448,307451,3,4
307444,307444,307450,6,0
307444,307444,307451,7,0
307444,307449,307451,2,5
307444,307449,307451,2,5
307444,307449,307450,1,5
307444,307449,307450,1,5
307444,307449,307451,2,5
307444,307449,307452,3,5
307444,307444,307452,8,0
307444,307450,307452,2,6
307444,307444,307451,7,0
307444,307449,307452,3,5
307444,307450,307452,2,6
307444,307444,307452,8,0
307444,307444,307453,9,0
307444,307444,307454,10,0
307444,307444,307454,10,0
307444,307444,307454,10,0
307444,307444,307454,10,0
307465,307465,307466,1,0
307465,307465,307466,1,0
307465,307465,307467,2,0
307465,307465,307466,1,0
307465,307465,307466,1,0
307465,307465,307466,1,0
307465,307465,307466,1,0
307465,307465,307468,3,0
307465,307465,307468,3,0
307465,307466,307468,2,1
307465,307465,307468,3,0
307465,307467,307468,1,2
307465,307466,307467,1,1
307465,307467,307468,1,2
307465,307465,307469,4,0
307465,307465,307469,4,0
307465,307465,307469,4,0
307465,307465,307469,4,0
307465,307467,307468,1,2
307465,307465,307469,4,0
307465,307468,307469,1,3
307465,307467,307468,1,2
307465,307468,307469,1,3
307465,307465,307469,4,0
307465,307467,307468,1,2
307465,307468,307470,2,3
307465,307465,307470,5,0
307465,307468,307470,2,3
307465,307465,307470,5,0
307465,307465,307470,5,0
307465,307465,307469,4,0
307465,307465,307469,4,0
307465,307469,307470,1,4
307465,307469,307470,1,4
307465,307465,307470,5,0
307465,307465,307470,5,0
307465,307468,307469,1,3
307465,307468,307470,2,3
307465,307465,307469,4,0
307465,307469,307470,1,4
307465,307468,307469,1,3
307465,307469,307470,1,4
307465,307469,307471,2,4
307465,307465,307470,5,0
307465,307469,307471,2,4
307465,307470,307471,1,5
307465,307465,307471,6,0
307465,307469,307470,1,4
307465,307470,307471,1,5
307465,307469,307471,2,4
307465,307470,307471,1,5
307465,307469,307472,3,4
307465,307465,307472,7,0
307465,307469,307472,3,4
307465,307470,307472,2,5
307465,307465,307472,7,0
307465,307470,307472,2,5
307465,307465,307471,6,0
307465,307469,307471,2,4
307465,307470,307472,2,5
307465,307470,307472,2,5
307465,307470,307472,2,5
307465,307465,307471,6,0
307465,307470,307471,1,5
307465,307470,307471,1,5
307465,307465,307473,8,0
307465,307465,307473,8,0
307465,307465,307473,8,0
307465,307465,307473,8,0
307465,307465,307473,8,0
307465,307465,307473,8,0
307465,307465,307473,8,0
307465,307465,307474,9,0
307465,307465,307474,9,0
307465,307465,307474,9,0
307465,307465,307474,9,0
307465,307465,307473,8,0
307465,307465,307474,9,0
307465,307465,307477,12,0
307487,307487,307489,2,0
307487,307488,307489,1,1
307487,307487,307489,2,0
307487,307488,307489,1,1
307487,307488,307489,1,1
307487,307488,307489,1,1
307487,307488,307489,1,1
307487,307488,307490,2,1
307487,307490,307491,1,3
307487,307488,307491,3,1
307487,307488,307491,3,1
307487,307488,307491,3,1
307487,307488,307491,3,1
307487,307488,307491,3,1
307487,307488,307491,3,1
307487,307488,307491,3,1
307487,307490,307491,1,3
307487,307490,307491,1,3
307487,307491,307492,1,4
307487,307490,307491,1,3
307487,307490,307491,1,3
307487,307490,307491,1,3
307487,307490,307491,1,3
307487,307488,307491,3,1
307487,307491,307492,1,4
307487,307488,307492,4,1
307487,307488,307493,5,1
307487,307492,307493,1,5
307487,307488,307493,5,1
307487,307488,307492,4,1
307487,307492,307493,1,5
307487,307488,307492,4,1
307487,307492,307493,1,5
307487,307492,307493,1,5
307487,307492,307494,2,5
307487,307488,307493,5,1
307487,307488,307493,5,1
307487,307492,307493,1,5
307487,307492,307493,1,5
307487,307488,307493,5,1
307487,307488,307494,6,1
307487,307493,307494,1,6
307487,307492,307493,1,5
307487,307492,307493,1,5
307487,307493,307494,1,6
307487,307492,307493,1,5
307487,307488,307494,6,1
307487,307492,307493,1,5
307487,307493,307494,1,6
307487,307492,307494,2,5
307487,307492,307494,2,5
307487,307492,307494,2,5
307487,307492,307494,2,5
307487,307492,307494,2,5
307487,307493,307494,1,6
307487,307488,307494,6,1
307487,307493,307494,1,6
307487,307493,307494,1,6
307487,307493,307494,1,6
307487,307488,307495,7,1
307487,307488,307495,7,1
307487,307488,307495,7,1
307487,307494,307495,1,7
307487,307488,307495,7,1
307487,307494,307495,1,7
307487,307493,307495,2,6
307487,307488,307495,7,1
307487,307488,307495,7,1
307487,307488,307496,8,1
307487,307488,307496,8,1
307487,307488,307496,8,1
307487,307488,307498,10,1
307487,307488,307498,10,1
307487,307488,307498,10,1
307487,307488,307498,10,1
307487,307488,307498,10,1
307487,307488,307498,10,1
307487,307488,307501,13,1
307487,307488,307502,14,1
307513,307513,307514,1,0
307513,307513,307514,1,0
307513,307513,307515,2,0
307513,307513,307514,1,0
307513,307513,307514,1,0
307513,307513,307514,1,0
307513,307513,307515,2,0
307513,307515,307516,1,2
307513,307515,307516,1,2
307513,307515,307516,1,2
307513,307514,307516,2,1
307513,307515,307516,1,2
307513,307513,307517,4,0
307513,307513,307517,4,0
307513,307515,307517,2,2
307513,307513,307516,3,0
307513,307513,307517,4,0
307513,307515,307516,1,2
307513,307516,307517,1,3
307513,307516,307517,1,3
307513,307516,307517,1,3
307513,307513,307518,5,0
307513,307513,307517,4,0
307513,307513,307518,5,0
307513,307513,307518,5,0
307513,307516,307517,1,3
307513,307513,307518,5,0
307513,307516,307517,1,3
307513,307513,307518,5,0
307513,307513,307518,5,0
307513,307513,307518,5,0
307513,307513,307519,6,0
307513,307513,307519,6,0
307513,307513,307519,6,0
307513,307513,307519,6,0
307513,307517,307519,2,4
307513,307518,307519,1,5
307513,307513,307518,5,0
307513,307517,307519,2,4
307513,307517,307519,2,4
307513,307517,307519,2,4
307513,307517,307519,2,4
307513,307513,307519,6,0
307513,307517,307519,2,4
307513,307517,307519,2,4
307513,307518,307519,1,5
307513,307513,307520,7,0
307513,307517,307520,3,4
307513,307513,307520,7,0
307513,307517,307520,3,4
307513,307513,307520,7,0
307513,307519,307520,1,6
307513,307518,307520,2,5
307513,307518,307520,2,5
307513,307513,307520,7,0
307513,307518,307520,2,5
307513,307518,307520,2,5
307513,307518,307520,2,5
307513,307513,307521,8,0
307513,307518,307520,2,5
307513,307519,307521,2,6
307513,307513,307520,7,0
307513,307518,307520,2,5
307513,307513,307521,8,0
307513,307513,307521,8,0
307513,307519,307521,2,6
307513,307519,307521,2,6
307513,307518,307521,3,5
307513,307513,307522,9,0
307513,307513,307521,8,0
307513,307513,307522,9,0
307513,307513,307522,9,0
307513,307513,307523,10,0
307513,307513,307524,11,0
307513,307513,307524,11,0
307513,307513,307525,12,0
307513,307513,307524,11,0
307513,307513,307525,12,0
307513,307513,307527,14,0
307538,307538,307539,1,0
307538,307538,307539,1,0
307538,307538,307539,1,0
307538,307538,307539,1,0
307538,307538,307539,1,0
307538,307538,307539,1,0
307538,307538,307539,1,0
307538,307539,307541,2,1
307538,307540,307541,1,2
307538,307540,307541,1,2
307538,307538,307541,3,0
307538,307538,307542,4,0
307538,307540,307542,2,2
307538,307540,307542,2,2
307538,307540,307541,1,2
307538,307540,307541,1,2
307538,307541,307542,1,3
307538,307538,307542,4,0
307538,307541,307543,2,3
307538,307541,307542,1,3
307538,307538,307543,5,0
307538,307538,307543,5,0
307538,307538,307543,5,0
307538,307538,307543,5,0
307538,307538,307544,6,0
307538,307538,307544,6,0
307538,307542,307544,2,4
307538,307538,307544,6,0
307538,307538,307543,5,0
307538,307542,307543,1,4
307538,307542,307544,2,4
307538,307538,307544,6,0
307538,307542,307544,2,4
307538,307542,307544,2,4
307538,307542,307544,2,4
307538,307542,307544,2,4
307538,307538,307544,6,0
307538,307538,307545,7,0
307538,307538,307544,6,0
307538,307543,307545,2,5
307538,307538,307544,6,0
307538,307543,307545,2,5
307538,307543,307545,2,5
307538,307544,307545,1,6
307538,307538,307545,7,0
307538,307543,307545,2,5
307538,307544,307545,1,6
307538,307538,307546,8,0
307538,307538,307545,7,0
307538,307538,307545,7,0
307538,307538,307546,8,0
307538,307543,307546,3,5
307538,307544,307546,2,6
307538,307538,307545,7,0
307538,307538,307546,8,0
307538,307544,307546,2,6
307538,307538,307545,7,0
307538,307544,307546,2,6
307538,307544,307546,2,6
307538,307544,307546,2,6
307538,307544,307546,2,6
307538,307544,307546,2,6
307538,307538,307547,9,0
307538,307538,307547,9,0
307538,307544,307547,3,6
307538,307538,307547,9,0
307538,307538,307546,8,0
307538,307538,307547,9,0
307538,307544,307547,3,6
307538,307544,307547,3,6
307538,307538,307547,9,0
307538,307538,307547,9,0
307538,307538,307546,8,0
307538,307538,307547,9,0
307538,307538,307548,10,0
307538,307544,307548,4,6
307538,307538,307549,11,0
307538,307538,307550,12,0
307538,307538,307551,13,0
307562,307562,307563,1,0
307562,307562,307563,1,0
307562,307562,307564,2,0
307562,307562,307563,1,0
307562,307562,307564,2,0
307562,307562,307563,1,0
307562,307562,307564,2,0
307562,307564,307565,1,2
307562,307564,307565,1,2
307562,307563,307565,2,1
307562,307562,307565,3,0
307562,307562,307566,4,0
307562,307562,307566,4,0
307562,307562,307566,4,0
307562,307564,307566,2,2
307562,307564,307566,2,2
307562,307564,307566,2,2
307562,307564,307566,2,2
307562,307562,307567,5,0
307562,307562,307567,5,0
307562,307562,307567,5,0
307562,307562,307567,5,0
307562,307562,307567,5,0
307562,307565,307567,2,3
307562,307562,307567,5,0
307562,307566,307567,1,4
307562,307566,307567,1,4
307562,307562,307567,5,0
307562,307562,307567,5,0
307562,307566,307567,1,4
307562,307562,307568,6,0
307562,307562,307568,6,0
307562,307562,307568,6,0
307562,307562,307568,6,0
307562,307562,307568,6,0
307562,307562,307568,6,0
307562,307562,307568,6,0
307562,307562,307568,6,0
307562,307567,307568,1,5
307562,307567,307568,1,5
307562,307567,307568,1,5
307562,307562,307568,6,0
307562,307567,307568,1,5
307562,307567,307568,1,5
307562,307568,307569,1,6
307562,307562,307569,7,0
307562,307567,307569,2,5
307562,307562,307569,7,0
307562,307562,307568,6,0
307562,307566,307569,3,4
307562,307562,307569,7,0
307562,307568,307569,1,6
307562,307568,307569,1,6
307562,307568,307569,1,6
307562,307568,307570,2,6
307562,307562,307569,7,0
307562,307568,307569,1,6
307562,307568,307569,1,6
307562,307568,307569,1,6
307562,307562,307570,8,0
307562,307568,307570,2,6
307562,307568,307570,2,6
307562,307567,307570,3,5
307562,307567,307570,3,5
307562,307569,307570,1,7
307562,307569,307570,1,7
307562,307568,307570,2,6
307562,307562,307571,9,0
307562,307562,307571,9,0
307562,307562,307571,9,0
307562,307562,307572,10,0
307562,307562,307572,10,0
307562,307566,307572,6,4
307562,307569,307572,3,7
307562,307562,307573,11,0
307562,307562,307574,12,0
307562,307562,307575,13,0
307562,307562,307574,12,0
307562,307562,307576,14,0
307587,307587,307588,1,0
307587,307587,307588,1,0
307587,307587,307588,1,0
307587,307587,307588,1,0
307587,307587,307588,1,0
307587,307587,307588,1,0
307587,307587,307588,1,0
307587,307588,307589,1,1
307587,307587,307588,1,0
307587,307588,307589,1,1
307587,307587,307590,3,0
307587,307587,307591,4,0
307587,307589,307591,2,2
307587,307589,307591,2,2
307587,307589,307591,2,2
307587,307589,307591,2,2
307587,307589,307591,2,2
307587,307589,307591,2,2
307587,307589,307591,2,2
307587,307587,307592,5,0
307587,307587,307592,5,0
307587,307587,307592,5,0
307587,307587,307592,5,0
307587,307587,307592,5,0
307587,307587,307592,5,0
307587,307589,307591,2,2
307587,307587,307592,5,0
307587,307587,307592,5,0
307587,307587,307593,6,0
307587,307587,307593,6,0
307587,307587,307592,5,0
307587,307587,307593,6,0
307587,307591,307593,2,4
307587,307587,307593,6,0
307587,307587,307593,6,0
307587,307591,307593,2,4
307587,307591,307593,2,4
307587,307591,307593,2,4
307587,307591,307592,1,4
307587,307587,307593,6,0
307587,307591,307593,2,4
307587,307592,307593,1,5
307587,307587,307594,7,0
307587,307591,307594,3,4
307587,307587,307594,7,0
307587,307590,307594,4,3
307587,307587,307594,7,0
307587,307593,307594,1,6
307587,307587,307594,7,0
307587,307592,307594,2,5
307587,307594,307595,1,7
307587,307587,307595,8,0
307587,307587,307595,8,0
307587,307587,307595,8,0
307587,307587,307595,8,0
307587,307592,307595,3,5
307587,307592,307595,3,5
307587,307587,307595,8,0
307587,307593,307595,2,6
307587,307587,307595,8,0
307587,307592,307595,3,5
307587,307593,307595,2,6
307587,307592,307595,3,5
307587,307587,307595,8,0
307587,307592,307595,3,5
307587,307594,307595,1,7
307587,307594,307595,1,7
307587,307594,307595,1,7
307587,307587,307596,9,0
307587,307593,307597,4,6
307587,307587,307597,10,0
307587,307587,307598,11,0
307587,307587,307598,11,0
307587,307587,307598,11,0
307587,307587,307598,11,0
307587,307587,307600,13,0
307587,307587,307605,18,0
307616,307616,307617,1,0
307616,307616,307617,1,0
307616,307616,307617,1,0
307616,307616,307617,1,0
307616,307616,307617,1,0
307616,307616,307617,1,0
307616,307616,307618,2,0
307616,307616,307618,2,0
307616,307617,307618,1,1
307616,307617,307618,1,1
307616,307617,307619,2,1
307616,307617,307619,2,1
307616,307616,307620,4,0
307616,307618,307620,2,2
307616,307618,307620,2,2
307616,307618,307620,2,2
307616,307618,307620,2,2
307616,307618,307620,2,2
307616,307616,307621,5,0
307616,307616,307621,5,0
307616,307616,307621,5,0
307616,307616,307621,5,0
307616,307616,307621,5,0
307616,307619,307621,2,3
307616,307616,307621,5,0
307616,307616,307621,5,0
307616,307619,307621,2,3
307616,307619,307620,1,3
307616,307616,307622,6,0
307616,307616,307622,6,0
307616,307616,307622,6,0
307616,307620,307622,2,4
307616,307616,307622,6,0
307616,307616,307622,6,0
307616,307616,307622,6,0
307616,307616,307622,6,0
307616,307620,307622,2,4
307616,307616,307622,6,0
307616,307621,307622,1,5
307616,307620,307622,2,4
307616,307620,307622,2,4
307616,307620,307622,2,4
307616,307616,307622,6,0
307616,307620,307622,2,4
307616,307622,307623,1,6
307616,307616,307623,7,0
307616,307616,307623,7,0
307616,307616,307623,7,0
307616,307621,307623,2,5
307616,307616,307623,7,0
307616,307621,307622,1,5
307616,307616,307624,8,0
307616,307616,307623,7,0
307616,307616,307624,8,0
307616,307621,307624,3,5
307616,307622,307624,2,6
307616,307621,307624,3,5
307616,307622,307624,2,6
307616,307622,307624,2,6
307616,307622,307624,2,6
307616,307616,307624,8,0
307616,307616,307624,8,0
307616,307616,307625,9,0
307616,307616,307625,9,0
307616,307616,307624,8,0
307616,307621,307624,3,5
307616,307616,307625,9,0
307616,307622,307625,3,6
307616,307616,307625,9,0
307616,307616,307626,10,0
307616,307622,307626,4,6
307616,307616,307626,10,0
307616,307616,307626,10,0
307616,307616,307627,11,0
307616,307622,307626,4,6
307616,307616,307630,14,0
307642,307642,307643,1,0
307642,307642,307643,1,0
307642,307642,307643,1,0
307642,307642,307643,1,0
307642,307642,307643,1,0
307642,307642,307643,1,0
307642,307642,307643,1,0
307642,307642,307645,3,0
307642,307644,307645,1,2
307642,307642,307644,2,0
307642,307644,307645,1,2
307642,307644,307645,1,2
307642,307643,307644,1,1
307642,307644,307645,1,2
307642,307642,307645,3,0
307642,307644,307645,1,2
307642,307645,307646,1,3
307642,307644,307645,1,2
307642,307645,307646,1,3
307642,307642,307646,4,0
307642,307642,307646,4,0
307642,307642,307647,5,0
307642,307645,307647,2,3
307642,307642,307647,5,0
307642,307645,307647,2,3
307642,307645,307647,2,3
307642,307646,307647,1,4
307642,307645,307646,1,3
307642,307645,307646,1,3
307642,307642,307648,6,0
307642,307642,307647,5,0
307642,307642,307647,5,0
307642,307642,307648,6,0
307642,307646,307648,2,4
307642,307642,307647,5,0
307642,307642,307648,6,0
307642,307646,307648,2,4
307642,307647,307648,1,5
307642,307646,307647,1,4
307642,307646,307647,1,4
307642,307647,307648,1,5
307642,307647,307648,1,5
307642,307642,307649,7,0
307642,307646,307649,3,4
307642,307642,307649,7,0
307642,307647,307649,2,5
307642,307647,307649,2,5
307642,307642,307648,6,0
307642,307642,307648,6,0
307642,307647,307648,1,5
307642,307647,307649,2,5
307642,307647,307649,2,5
307642,307642,307650,8,0
307642,307647,307649,2,5
307642,307642,307650,8,0
307642,307648,307650,2,6
307642,307648,307650,2,6
307642,307648,307650,2,6
307642,307648,307649,1,6
307642,307648,307649,1,6
307642,307648,307650,2,6
307642,307642,307649,7,0
307642,307642,307649,7,0
307642,307642,307649,7,0
307642,307642,307650,8,0
307642,307642,307650,8,0
307642,307642,307650,8,0
307642,307642,307651,9,0
307642,307642,307651,9,0
307642,307642,307651,9,0
307642,307642,307652,10,0
307642,307642,307651,9,0
307642,307642,307651,9,0
307642,307642,307652,10,0
307642,307642,307653,11,0
307642,307642,307653,11,0
307642,307642,307653,11,0
307642,307642,307656,14,0
307642,307642,307658,16,0
307668,307668,307669,1,0
307668,307668,307669,1,0
307668,307668,307670,2,0
307668,307668,307670,2,0
307668,307668,307670,2,0
307668,307668,307670,2,0
307668,307668,307669,1,0
307668,307668,307670,2,0
307668,307668,307670,2,0
307668,307669,307670,1,1
307668,307668,307672,4,0
307668,307670,307671,1,2
307668,307668,307672,4,0
307668,307668,307672,4,0
307668,307670,307672,2,2
307668,307668,307672,4,0
307668,307670,307672,2,2
307668,307670,307672,2,2
307668,307670,307672,2,2
307668,307670,307672,2,2
307668,307671,307672,1,3
307668,307668,307673,5,0
307668,307668,307672,4,0
307668,307668,307673,5,0
307668,307670,307673,3,2
307668,307672,307673,1,4
307668,307668,307674,6,0
307668,307668,307673,5,0
307668,307672,307674,2,4
307668,307672,307674,2,4
307668,307671,307674,3,3
307668,307672,307674,2,4
307668,307672,307674,2,4
307668,307672,307674,2,4
307668,307672,307674,2,4
307668,307673,307674,1,5
307668,307668,307674,6,0
307668,307672,307673,1,4
307668,307672,307674,2,4
307668,307673,307675,2,5
307668,307668,307674,6,0
307668,307673,307675,2,5
307668,307673,307675,2,5
307668,307668,307675,7,0
307668,307668,307675,7,0
307668,307674,307675,1,6
307668,307668,307675,7,0
307668,307672,307674,2,4
307668,307674,307675,1,6
307668,307668,307675,7,0
307668,307673,307675,2,5
307668,307674,307676,2,6
307668,307672,307676,4,4
307668,307674,307676,2,6
307668,307668,307676,8,0
307668,307674,307675,1,6
307668,307674,307676,2,6
307668,307668,307676,8,0
307668,307674,307676,2,6
307668,307668,307676,8,0
307668,307675,307676,1,7
307668,307668,307677,9,0
307668,307668,307677,9,0
307668,307668,307677,9,0
307668,307674,307676,2,6
307668,307668,307677,9,0
307668,307668,307677,9,0
307668,307668,307677,9,0
307668,307668,307678,10,0
307668,307668,307679,11,0
307668,307668,307678,10,0
307668,307668,307679,11,0
307668,307668,307680,12,0
307668,307668,307680,12,0
307668,307668,307681,13,0
307668,307668,307681,13,0
307668,307668,307681,13,0
307668,307668,307683,15,0
307668,307668,307685,17,0
307696,307696,307697,1,0
307696,307696,307697,1,0
307696,307696,307697,1,0
307696,307696,307698,2,0
307696,307696,307697,1,0
307696,307696,307697,1,0
307696,307696,307698,2,0
307696,307697,307699,2,1
307696,307696,307698,2,0
307696,307696,307700,4,0
307696,307696,307700,4,0
307696,307696,307700,4,0
307696,307696,307700,4,0
307696,307696,307700,4,0
307696,307698,307700,2,2
307696,307698,307700,2,2
307696,307698,307700,2,2
307696,307698,307700,2,2
307696,307698,307700,2,2
307696,307696,307700,4,0
307696,307696,307701,5,0
307696,307699,307701,2,3
307696,307696,307701,5,0
307696,307696,307701,5,0
307696,307698,307700,2,2
307696,307699,307701,2,3
307696,307696,307700,4,0
307696,307696,307702,6,0
307696,307696,307701,5,0
307696,307700,307702,2,4
307696,307701,307702,1,5
307696,307701,307702,1,5
307696,307696,307702,6,0
307696,307700,307702,2,4
307696,307701,307702,1,5
307696,307700,307702,2,4
307696,307700,307701,1,4
307696,307700,307702,2,4
307696,307696,307702,6,0
307696,307701,307703,2,5
307696,307700,307703,3,4
307696,307700,307703,3,4
307696,307696,307703,7,0
307696,307701,307702,1,5
307696,307702,307703,1,6
307696,307696,307703,7,0
307696,307701,307703,2,5
307696,307701,307702,1,5
307696,307696,307703,7,0
307696,307702,307703,1,6
307696,307700,307704,4,4
307696,307696,307704,8,0
307696,307702,307704,2,6
307696,307700,307704,4,4
307696,307701,307704,3,5
307696,307696,307704,8,0
307696,307702,307703,1,6
307696,307702,307704,2,6
307696,307696,307704,8,0
307696,307702,307703,1,6
307696,307702,307703,1,6
307696,307696,307705,9,0
307696,307696,307705,9,0
307696,307702,307705,3,6
307696,307696,307705,9,0
307696,307696,307705,9,0
307696,307696,307705,9,0
307696,307696,307705,9,0
307696,307696,307706,10,0
307696,307696,307706,10,0
307696,307700,307706,6,4
307696,307696,307707,11,0
307696,307696,307708,12,0
307696,307696,307708,12,0
307696,307696,307709,13,0
307696,307696,307709,13,0
307696,307696,307710,14,0
307696,307696,307711,15,0
307696,307696,307713,17,0
307725,307725,307726,1,0
307725,307725,307726,1,0
307725,307725,307726,1,0
307725,307725,307727,2,0
307725,307725,307726,1,0
307725,307725,307727,2,0
307725,307725,307727,2,0
307725,307725,307728,3,0
307725,307725,307729,4,0
307725,307727,307729,2,2
307725,307727,307729,2,2
307725,307727,307729,2,2
307725,307727,307729,2,2
307725,307726,307729,3,1
307725,307727,307729,2,2
307725,307727,307729,2,2
307725,307725,307730,5,0
307725,307728,307730,2,3
307725,307725,307731,6,0
307725,307725,307731,6,0
307725,307725,307730,5,0
307725,307725,307731,6,0
307725,307725,307731,6,0
307725,307725,307731,6,0
307725,307729,307731,2,4
307725,307725,307731,6,0
307725,307729,307731,2,4
307725,307725,307731,6,0
307725,307729,307731,2,4
307725,307725,307731,6,0
307725,307729,307731,2,4
307725,307729,307731,2,4
307725,307725,307731,6,0
307725,307725,307731,6,0
307725,307729,307731,2,4
307725,307725,307732,7,0
307725,307725,307732,7,0
307725,307725,307732,7,0
307725,307725,307731,6,0
307725,307725,307731,6,0
307725,307725,307732,7,0
307725,307725,307732,7,0
307725,307725,307732,7,0
307725,307725,307731,6,0
307725,307725,307732,7,0
307725,307725,307732,7,0
307725,307731,307732,1,6
307725,307725,307732,7,0
307725,307729,307732,3,4
307725,307725,307733,8,0
307725,307732,307733,1,7
307725,307732,307733,1,7
307725,307731,307733,2,6
307725,307725,307732,7,0
307725,307731,307733,2,6
307725,307731,307733,2,6
307725,307729,307733,4,4
307725,307731,307733,2,6
307725,307731,307733,2,6
307725,307731,307733,2,6
307725,307731,307733,2,6
307725,307732,307733,1,7
307725,307732,307733,1,7
307725,307725,307734,9,0
307725,307731,307733,2,6
307725,307730,307734,4,5
307725,307725,307734,9,0
307725,307725,307734,9,0
307725,307725,307735,10,0
307725,307725,307735,10,0
307725,307725,307736,11,0
307725,307725,307736,11,0
307725,307725,307741,16,0
307725,307725,307742,17,0
307753,307753,307754,1,0
307753,307753,307754,1,0
307753,307753,307754,1,0
307753,307753,307754,1,0
307753,307753,307754,1,0
307753,307753,307755,2,0
307753,307753,307754,1,0
307753,307753,307754,1,0
307753,307753,307756,3,0
307753,307754,307756,2,1
307753,307754,307756,2,1
307753,307754,307756,2,1
307753,307753,307757,4,0
307753,307754,307756,2,1
307753,307755,307757,2,2
307753,307755,307757,2,2
307753,307753,307758,5,0
307753,307753,307757,4,0
307753,307753,307757,4,0
307753,307753,307758,5,0
307753,307755,307757,2,2
307753,307755,307758,3,2
307753,307753,307757,4,0
307753,307753,307757,4,0
307753,307753,307758,5,0
307753,307756,307758,2,3
307753,307756,307758,2,3
307753,307756,307758,2,3
307753,307753,307758,5,0
307753,307753,307758,5,0
307753,307753,307759,6,0
307753,307753,307759,6,0
307753,307756,307758,2,3
307753,307753,307759,6,0
307753,307753,307759,6,0
307753,307757,307759,2,4
307753,307758,307759,1,5
307753,307753,307759,6,0
307753,307757,307759,2,4
307753,307758,307759,1,5
307753,307757,307759,2,4
307753,307758,307759,1,5
307753,307757,307760,3,4
307753,307758,307760,2,5
307753,307753,307760,7,0
307753,307758,307760,2,5
307753,307753,307760,7,0
307753,307758,307760,2,5
307753,307758,307760,2,5
307753,307758,307760,2,5
307753,307758,307760,2,5
307753,307753,307760,7,0
307753,307753,307759,6,0
307753,307753,307761,8,0
307753,307758,307760,2,5
307753,307759,307761,2,6
307753,307759,307761,2,6
307753,307759,307761,2,6
307753,307759,307761,2,6
307753,307753,307761,8,0
307753,307759,307760,1,6
307753,307758,307760,2,5
307753,307758,307761,3,5
307753,307753,307761,8,0
307753,307753,307761,8,0
307753,307759,307761,2,6
307753,307753,307761,8,0
307753,307753,307762,9,0
307753,307753,307762,9,0
307753,307753,307762,9,0
307753,307753,307762,9,0
307753,307753,307762,9,0
307753,307759,307761,2,6
307753,307753,307763,10,0
307753,307753,307764,11,0
307753,307753,307766,13,0
307753,307753,307766,13,0
307753,307753,307767,14,0
307753,307753,307768,15,0
307779,307779,307780,1,0
307779,307779,307780,1,0
307779,307779,307780,1,0
307779,307779,307780,1,0
307779,307779,307780,1,0
307779,307779,307780,1,0
307779,307779,307781,2,0
307779,307780,307782,2,1
307779,307780,307782,2,1
307779,307779,307783,4,0
307779,307779,307783,4,0
307779,307779,307782,3,0
307779,307779,307783,4,0
307779,307781,307783,2,2
307779,307781,307783,2,2
307779,307781,307783,2,2
307779,307781,307783,2,2
307779,307779,307784,5,0
307779,307781,307783,2,2
307779,307779,307783,4,0
307779,307779,307784,5,0
307779,307783,307784,1,4
307779,307782,307784,2,3
307779,307783,307784,1,4
307779,307779,307784,5,0
307779,307782,307784,2,3
307779,307779,307785,6,0
307779,307779,307785,6,0
307779,307779,307785,6,0
307779,307779,307785,6,0
307779,307783,307785,2,4
307779,307783,307786,3,4
307779,307779,307786,7,0
307779,307783,307786,3,4
307779,307783,307785,2,4
307779,307779,307785,6,0
307779,307779,307785,6,0
307779,307779,307786,7,0
307779,307784,307786,2,5
307779,307783,307786,3,4
307779,307779,307786,7,0
307779,307783,307785,2,4
307779,307785,307786,1,6
307779,307779,307786,7,0
307779,307784,307786,2,5
307779,307784,307786,2,5
307779,307779,307786,7,0
307779,307785,307786,1,6
307779,307779,307786,7,0
307779,307784,307786,2,5
307779,307779,307787,8,0
307779,307779,307786,7,0
307779,307785,307787,2,6
307779,307785,307787,2,6
307779,307779,307787,8,0
307779,307779,307787,8,0
307779,307786,307787,1,7
307779,307784,307787,3,5
307779,307784,307787,3,5
307779,307784,307787,3,5
307779,307784,307787,3,5
307779,307785,307786,1,6
307779,307779,307788,9,0
307779,307779,307788,9,0
307779,307779,307788,9,0
307779,307779,307788,9,0
307779,307779,307788,9,0
307779,307786,307788,2,7
307779,307786,307787,1,7
307779,307786,307787,1,7
307779,307779,307789,10,0
307779,307779,307788,9,0
307779,307779,307789,10,0
307779,307779,307789,10,0
307779,307784,307790,6,5
307779,307779,307790,11,0
307779,307779,307790,11,0
307779,307779,307791,12,0
307779,307779,307791,12,0
307802,307802,307803,1,0
307802,307802,307803,1,0
307802,307802,307803,1,0
307802,307802,307803,1,0
307802,307802,307803,1,0
307802,307802,307803,1,0
307802,307802,307803,1,0
307802,307802,307805,3,0
307802,307802,307805,3,0
307802,307802,307805,3,0
307802,307802,307805,3,0
307802,307802,307806,4,0
307802,307802,307806,4,0
307802,307804,307807,3,2
307802,307804,307807,3,2
307802,307804,307807,3,2
307802,307803,307806,3,1
307802,307804,307807,3,2
307802,307804,307807,3,2
307802,307802,307808,6,0
307802,307802,307808,6,0
307802,307802,307808,6,0
307802,307802,307807,5,0
307802,307806,307808,2,4
307802,307802,307808,6,0
307802,307804,307807,3,2
307802,307802,307808,6,0
307802,307805,307807,2,3
307802,307802,307808,6,0
307802,307802,307808,6,0
307802,307802,307809,7,0
307802,307807,307809,2,5
307802,307802,307809,7,0
307802,307802,307809,7,0
307802,307802,307809,7,0
307802,307802,307808,6,0
307802,307802,307808,6,0
307802,307802,307809,7,0
307802,307802,307809,7,0
307802,307802,307809,7,0
307802,307805,307810,5,3
307802,307802,307810,8,0
307802,307806,307810,4,4
307802,307802,307810,8,0
307802,307802,307810,8,0
307802,307802,307809,7,0
307802,307807,307810,3,5
307802,307809,307810,1,7
307802,307807,307809,2,5
307802,307807,307810,3,5
307802,307807,307810,3,5
307802,307808,307809,1,6
307802,307802,307810,8,0
307802,307807,307809,2,5
307802,307808,307810,2,6
307802,307808,307809,1,6
307802,307807,307810,3,5
307802,307808,307809,1,6
307802,307808,307809,1,6
307802,307802,307811,9,0
307802,307802,307810,8,0
307802,307802,307811,9,0
307802,307809,307811,2,7
307802,307802,307811,9,0
307802,307802,307810,8,0
307802,307802,307811,9,0
307802,307809,307811,2,7
307802,307809,307811,2,7
307802,307802,307811,9,0
307802,307806,307810,4,4
307802,307809,307811,2,7
307802,307808,307811,3,6
307802,307808,307810,2,6
307802,307809,307810,1,7
307802,307802,307811,9,0
307802,307808,307812,4,6
307802,307808,307811,3,6
307802,307802,307813,11,0
307802,307808,307812,4,6
307825,307825,307826,1,0
307825,307825,307826,1,0
307825,307825,307826,1,0
307825,307825,307827,2,0
307825,307825,307826,1,0
307825,307825,307826,1,0
307825,307825,307826,1,0
307825,307826,307827,1,1
307825,307825,307828,3,0
307825,307825,307828,3,0
307825,307827,307828,1,2
307825,307827,307828,1,2
307825,307827,307828,1,2
307825,307825,307829,4,0
307825,307825,307828,3,0
307825,307825,307829,4,0
307825,307825,307829,4,0
307825,307825,307828,3,0
307825,307827,307828,1,2
307825,307825,307829,4,0
307825,307828,307829,1,3
307825,307827,307828,1,2
307825,307828,307829,1,3
307825,307827,307828,1,2
307825,307827,307828,1,2
307825,307828,307830,2,3
307825,307828,307829,1,3
307825,307825,307829,4,0
307825,307825,307830,5,0
307825,307829,307831,2,4
307825,307829,307831,2,4
307825,307829,307831,2,4
307825,307825,307831,6,0
307825,307825,307830,5,0
307825,307829,307830,1,4
307825,307828,307830,2,3
307825,307829,307830,1,4
307825,307825,307830,5,0
307825,307825,307830,5,0
307825,307830,307831,1,5
307825,307825,307831,6,0
307825,307825,307831,6,0
307825,307829,307830,1,4
307825,307829,307830,1,4
307825,307829,307831,2,4
307825,307829,307830,1,4
307825,307830,307831,1,5
307825,307825,307831,6,0
307825,307829,307831,2,4
307825,307825,307832,7,0
307825,307829,307831,2,4
307825,307825,307832,7,0
307825,307825,307832,7,0
307825,307825,307832,7,0
307825,307831,307832,1,6
307825,307825,307832,7,0
307825,307825,307833,8,0
307825,307831,307832,1,6
307825,307829,307832,3,4
307825,307830,307832,2,5
307825,307831,307833,2,6
307825,307825,307832,7,0
307825,307825,307833,8,0
307825,307831,307833,2,6
307825,307831,307833,2,6
307825,307831,307832,1,6
307825,307831,307832,1,6
307825,307825,307832,7,0
307825,307825,307834,9,0
307825,307825,307833,8,0
307825,307825,307834,9,0
307825,307825,307833,8,0
307825,307825,307834,9,0
307825,307825,307833,8,0
307825,307825,307835,10,0
307825,307825,307835,10,0
307825,307825,307834,9,0
307825,307825,307837,12,0
307825,307825,307837,12,0
307848,307848,307849,1,0
307848,307848,307849,1,0
307848,307848,307849,1,0
307848,307848,307849,1,0
307848,307848,307849,1,0
307848,307848,307850,2,0
307848,307848,307851,3,0
307848,307848,307851,3,0
307848,307849,307851,2,1
307848,307850,307851,1,2
307848,307848,307852,4,0
307848,307848,307851,3,0
307848,307851,307852,1,3
307848,307848,307852,4,0
307848,307850,307851,1,2
307848,307850,307852,2,2
307848,307851,307852,1,3
307848,307851,307852,1,3
307848,307848,307853,5,0
307848,307848,307853,5,0
307848,307848,307852,4,0
307848,307850,307852,2,2
307848,307851,307853,2,3
307848,307852,307853,1,4
307848,307852,307853,1,4
307848,307851,307853,2,3
307848,307852,307853,1,4
307848,307852,307854,2,4
307848,307852,307854,2,4
307848,307852,307854,2,4
307848,307852,307853,1,4
307848,307848,307853,5,0
307848,307848,307854,6,0
307848,307848,307854,6,0
307848,307848,307853,5,0
307848,307852,307854,2,4
307848,307848,307854,6,0
307848,307853,307854,1,5
307848,307853,307855,2,5
307848,307848,307854,6,0
307848,307848,307854,6,0
307848,307848,307854,6,0
307848,307848,307855,7,0
307848,307848,307855,7,0
307848,307853,307854,1,5
307848,307853,307855,2,5
307848,307848,307855,7,0
307848,307848,307855,7,0
307848,307854,307855,1,6
307848,307848,307855,7,0
307848,307853,307854,1,5
307848,307854,307855,1,6
307848,307853,307854,1,5
307848,307854,307855,1,6
307848,307848,307855,7,0
307848,307853,307854,1,5
307848,307853,307855,2,5
307848,307854,307856,2,6
307848,307854,307856,2,6
307848,307854,307856,2,6
307848,307848,307855,7,0
307848,307848,307855,7,0
307848,307848,307856,8,0
307848,307848,307855,7,0
307848,307853,307855,2,5
307848,307854,307856,2,6
307848,307848,307855,7,0
307848,307854,307855,1,6
307848,307848,307856,8,0
307848,307848,307857,9,0
307848,307848,307857,9,0
307848,307848,307856,8,0
307848,307848,307857,9,0
307848,307848,307857,9,0
307848,307848,307859,11,0
307848,307848,307858,10,0
307848,307848,307860,12,0
307848,307848,307862,14,0
307848,307848,307862,14,0
307872,307872,307873,1,0
307872,307872,307873,1,0
307872,307872,307873,1,0
307872,307872,307874,2,0
307872,307872,307873,1,0
307872,307872,307873,1,0
307872,307874,307875,1,2
307872,307872,307875,3,0
307872,307874,307875,1,2
307872,307874,307876,2,2
307872,307875,307876,1,3
307872,307872,307877,5,0
307872,307875,307877,2,3
307872,307876,307877,1,4
307872,307875,307877,2,3
307872,307876,307877,1,4
307872,307872,307877,5,0
307872,307872,307878,6,0
307872,307872,307878,6,0
307872,307872,307878,6,0
307872,307872,307878,6,0
307872,307872,307878,6,0
307872,307877,307878,1,5
307872,307872,307878,6,0
307872,307872,307878,6,0
307872,307877,307878,1,5
307872,307877,307878,1,5
307872,307872,307879,7,0
307872,307872,307879,7,0
307872,307872,307879,7,0
307872,307872,307879,7,0
307872,307878,307879,1,6
307872,307872,307879,7,0
307872,307872,307879,7,0
307872,307878,307879,1,6
307872,307872,307879,7,0
307872,307878,307879,1,6
307872,307872,307879,7,0
307872,307878,307879,1,6
307872,307878,307879,1,6
307872,307872,307879,7,0
307872,307878,307879,1,6
307872,307872,307880,8,0
307872,307872,307880,8,0
307872,307872,307880,8,0
307872,307872,307880,8,0
307872,307879,307880,1,7
307872,307879,307880,1,7
307872,307880,307881,1,8
307872,307879,307880,1,7
307872,307879,307880,1,7
307872,307872,307880,8,0
307872,307879,307880,1,7
307872,307879,307880,1,7
307872,307872,307880,8,0
307872,307879,307880,1,7
307872,307879,307880,1,7
307872,307879,307880,1,7
307872,307872,307881,9,0
307872,307872,307881,9,0
307872,307872,307881,9,0
307872,307880,307881,1,8
307872,307872,307881,9,0
307872,307880,307881,1,8
307872,307880,307881,1,8
307872,307880,307881,1,8
307872,307880,307881,1,8
307872,307880,307882,2,8
307872,307880,307882,2,8
307872,307879,307882,3,7
307872,307872,307883,11,0
307872,307872,307883,11,0
307872,307872,307883,11,0
307872,307872,307884,12,0
307872,307872,307885,13,0
307872,307872,307885,13,0
307872,307872,307885,13,0
307872,307872,307888,16,0
307872,307872,307888,16,0
307900,307900,307901,1,0
307900,307900,307901,1,0
307900,307900,307901,1,0
307900,307900,307901,1,0
307900,307900,307901,1,0
307900,307900,307901,1,0
307900,307900,307902,2,0
307900,307901,307903,2,1
307900,307901,307903,2,1
307900,307901,307904,3,1
307900,307902,307904,2,2
307900,307900,307904,4,0
307900,307900,307905,5,0
307900,307900,307904,4,0
307900,307902,307905,3,2
307900,307902,307904,2,2
307900,307902,307904,2,2
307900,307900,307906,6,0
307900,307900,307905,5,0
307900,307900,307905,5,0
307900,307900,307905,5,0
307900,307904,307906,2,4
307900,307904,307905,1,4
307900,307905,307906,1,5
307900,307900,307905,5,0
307900,307900,307905,5,0
307900,307904,307906,2,4
307900,307904,307906,2,4
307900,307900,307906,6,0
307900,307900,307906,6,0
307900,307900,307907,7,0
307900,307900,307907,7,0
307900,307900,307906,6,0
307900,307905,307906,1,5
307900,307905,307906,1,5
307900,307900,307907,7,0
307900,307905,307906,1,5
307900,307900,307906,6,0
307900,307900,307906,6,0
307900,307900,307907,7,0
307900,307905,307908,3,5
307900,307900,307908,8,0
307900,307900,307907,7,0
307900,307906,307908,2,6
307900,307900,307907,7,0
307900,307906,307907,1,6
307900,307906,307907,1,6
307900,307907,307908,1,7
307900,307900,307908,8,0
307900,307906,307907,1,6
307900,307900,307907,7,0
307900,307906,307907,1,6
307900,307906,307907,1,6
307900,307907,307908,1,7
307900,307906,307908,2,6
307900,307906,307907,1,6
307900,307907,307908,1,7
307900,307900,307909,9,0
307900,307907,307908,1,7
307900,307900,307908,8,0
307900,307906,307909,3,6
307900,307906,307908,2,6
307900,307907,307908,1,7
307900,307900,307908,8,0
307900,307907,307908,1,7
307900,307900,307910,10,0
307900,307905,307909,4,5
307900,307900,307909,9,0
307900,307900,307909,9,0
307900,307900,307910,10,0
307900,307907,307909,2,7
307900,307906,307909,3,6
307900,307900,307910,10,0
307900,307900,307911,11,0
307900,307900,307910,10,0
307900,307900,307911,11,0
307900,307900,307912,12,0
307900,307900,307913,13,0
307900,307900,307915,15,0
307927,307927,307928,1,0
307927,307927,307928,1,0
307927,307927,307928,1,0
307927,307927,307928,1,0
307927,307927,307928,1,0
307927,307927,307928,1,0
307927,307927,307929,2,0
307927,307927,307930,3,0
307927,307928,307930,2,1
307927,307929,307932,3,2
307927,307929,307931,2,2
307927,307928,307931,3,1
307927,307929,307931,2,2
307927,307927,307932,5,0
307927,307929,307931,2,2
307927,307930,307932,2,3
307927,307927,307932,5,0
307927,307927,307933,6,0
307927,307927,307932,5,0
307927,307927,307933,6,0
307927,307927,307933,6,0
307927,307927,307932,5,0
307927,307927,307933,6,0
307927,307927,307933,6,0
307927,307927,307933,6,0
307927,307927,307932,5,0
307927,307927,307933,6,0
307927,307932,307933,1,5
307927,307932,307933,1,5
307927,307927,307933,6,0
307927,307927,307934,7,0
307927,307927,307933,6,0
307927,307927,307933,6,0
307927,307931,307933,2,4
307927,307932,307934,2,5
307927,307932,307934,2,5
307927,307932,307933,1,5
307927,307933,307934,1,6
307927,307932,307934,2,5
307927,307933,307934,1,6
307927,307927,307934,7,0
307927,307932,307934,2,5
307927,307933,307934,1,6
307927,307933,307935,2,6
307927,307927,307935,8,0
307927,307933,307935,2,6
307927,307931,307935,4,4
307927,307933,307935,2,6
307927,307927,307935,8,0
307927,307934,307935,1,7
307927,307934,307935,1,7
307927,307933,307935,2,6
307927,307933,307934,1,6
307927,307933,307934,1,6
307927,307933,307934,1,6
307927,307933,307934,1,6
307927,307933,307935,2,6
307927,307933,307935,2,6
307927,307927,307935,8,0
307927,307934,307936,2,7
307927,307927,307936,9,0
307927,307927,307935,8,0
307927,307927,307935,8,0
307927,307934,307936,2,7
307927,307934,307935,1,7
307927,307934,307935,1,7
307927,307927,307937,10,0
307927,307927,307937,10,0
307927,307927,307936,9,0
307927,307927,307938,11,0
307927,307927,307937,10,0
307927,307927,307938,11,0
307927,307927,307939,12,0
307927,307927,307938,11,0
307927,307927,307939,12,0
307927,307927,307940,13,0
307927,307927,307942,15,0
307927,307927,307943,16,0
307927,307927,307944,17,0
307955,307955,307956,1,0
307955,307955,307956,1,0
307955,307955,307956,1,0
307955,307955,307956,1,0
307955,307955,307957,2,0
307955,307955,307956,1,0
307955,307955,307956,1,0
307955,307956,307958,2,1
307955,307957,307959,2,2
307955,307957,307959,2,2
307955,307957,307959,2,2
307955,307956,307958,2,1
307955,307955,307960,5,0
307955,307955,307959,4,0
307955,307955,307960,5,0
307955,307958,307960,2,3
307955,307955,307960,5,0
307955,307957,307960,3,2
307955,307955,307959,4,0
307955,307957,307960,3,2
307955,307955,307960,5,0
307955,307955,307961,6,0
307955,307955,307961,6,0
307955,307955,307960,5,0
307955,307959,307961,2,4
307955,307955,307961,6,0
307955,307959,307961,2,4
307955,307960,307961,1,5
307955,307955,307961,6,0
307955,307960,307961,1,5
307955,307959,307961,2,4
307955,307955,307961,6,0
307955,307959,307961,2,4
307955,307955,307962,7,0
307955,307955,307961,6,0
307955,307955,307962,7,0
307955,307961,307962,1,6
307955,307955,307962,7,0
307955,307955,307962,7,0
307955,307961,307962,1,6
307955,307955,307961,6,0
307955,307961,307962,1,6
307955,307955,307961,6,0
307955,307960,307961,1,5
307955,307960,307962,2,5
307955,307961,307962,1,6
307955,307960,307962,2,5
307955,307960,307962,2,5
307955,307961,307962,1,6
307955,307961,307962,1,6
307955,307961,307963,2,6
307955,307960,307962,2,5
307955,307955,307963,8,0
307955,307960,307963,3,5
307955,307961,307963,2,6
307955,307961,307962,1,6
307955,307961,307962,1,6
307955,307961,307962,1,6
307955,307961,307962,1,6
307955,307955,307964,9,0
307955,307962,307964,2,7
307955,307955,307964,9,0
307955,307962,307964,2,7
307955,307955,307964,9,0
307955,307955,307964,9,0
307955,307955,307964,9,0
307955,307961,307965,4,6
307955,307955,307965,10,0
307955,307955,307965,10,0
307955,307955,307966,11,0
307955,307955,307966,11,0
307955,307955,307965,10,0
307955,307955,307966,11,0
307955,307955,307967,12,0
307955,307955,307966,11,0
307955,307955,307966,11,0
307955,307955,307967,12,0
307955,307955,307970,15,0
307955,307955,307970,15,0
307981,307981,307982,1,0
307981,307981,307982,1,0
307981,307981,307982,1,0
307981,307981,307982,1,0
307981,307981,307982,1,0
307981,307981,307982,1,0
307981,307981,307983,2,0
307981,307981,307985,4,0
307981,307983,307985,2,2
307981,307983,307985,2,2
307981,307981,307985,4,0
307981,307982,307985,3,1
307981,307981,307985,4,0
307981,307982,307985,3,1
307981,307981,307985,4,0
307981,307982,307985,3,1
307981,307983,307984,1,2
307981,307981,307986,5,0
307981,307982,307986,4,1
307981,307985,307986,1,4
307981,307981,307986,5,0
307981,307981,307986,5,0
307981,307981,307986,5,0
307981,307981,307986,5,0
307981,307981,307987,6,0
307981,307985,307987,2,4
307981,307981,307986,5,0
307981,307985,307987,2,4
307981,307985,307987,2,4
307981,307985,307987,2,4
307981,307981,307987,6,0
307981,307985,307987,2,4
307981,307985,307987,2,4
307981,307985,307987,2,4
307981,307985,307987,2,4
307981,307985,307987,2,4
307981,307981,307988,7,0
307981,307981,307988,7,0
307981,307981,307988,7,0
307981,307981,307987,6,0
307981,307981,307988,7,0
307981,307981,307988,7,0
307981,307986,307988,2,5
307981,307987,307988,1,6
307981,307986,307988,2,5
307981,307986,307988,2,5
307981,307986,307988,2,5
307981,307987,307988,1,6
307981,307986,307988,2,5
307981,307986,307988,2,5
307981,307981,307988,7,0
307981,307981,307989,8,0
307981,307981,307989,8,0
307981,307987,307989,2,6
307981,307981,307989,8,0
307981,307987,307989,2,6
307981,307988,307989,1,7
307981,307988,307989,1,7
307981,307986,307989,3,5
307981,307981,307990,9,0
307981,307981,307991,10,0
307981,307981,307991,10,0
307981,307981,307991,10,0
307981,307981,307992,11,0
307981,307981,307992,11,0
307981,307981,307991,10,0
307981,307981,307992,11,0
307981,307981,307993,12,0
307981,307981,307993,12,0
307981,307981,307994,13,0
307981,307981,307995,14,0
307981,307981,307996,15,0
307981,307981,307996,15,0
307981,307981,307999,18,0
308010,308010,308011,1,0
308010,308010,308011,1,0
308010,308010,308012,2,0
308010,308010,308011,1,0
308010,308010,308011,1,0
308010,308010,308011,1,0
308010,308010,308012,2,0
308010,308011,308013,2,1
308010,308012,308014,2,2
308010,308010,308014,4,0
308010,308012,308014,2,2
308010,308012,308014,2,2
308010,308010,308015,5,0
308010,308010,308015,5,0
308010,308010,308015,5,0
308010,308010,308015,5,0
308010,308010,308014,4,0
308010,308014,308015,1,4
308010,308011,308015,4,1
308010,308014,308015,1,4
308010,308012,308015,3,2
308010,308010,308016,6,0
308010,308015,308016,1,5
308010,308010,308016,6,0
308010,308015,308016,1,5
308010,308010,308017,7,0
308010,308015,308016,1,5
308010,308015,308016,1,5
308010,308010,308017,7,0
308010,308015,308017,2,5
308010,308010,308017,7,0
308010,308010,308017,7,0
308010,308010,308017,7,0
308010,308016,308017,1,6
308010,308010,308017,7,0
308010,308016,308017,1,6
308010,308010,308017,7,0
308010,308010,308017,7,0
308010,308016,308017,1,6
308010,308016,308017,1,6
308010,308016,308018,2,6
308010,308016,308018,2,6
308010,308010,308018,8,0
308010,308017,308018,1,7
308010,308018,308019,1,8
308010,308017,308018,1,7
308010,308018,308019,1,8
308010,308017,308018,1,7
308010,308018,308019,1,8
308010,308017,308018,1,7
308010,308017,308018,1,7
308010,308017,308018,1,7
308010,308016,308019,3,6
308010,308018,308019,1,8
308010,308018,308019,1,8
308010,308010,308019,9,0
308010,308010,308019,9,0
308010,308018,308019,1,8
308010,308018,308019,1,8
308010,308010,308020,10,0
308010,308010,308020,10,0
308010,308010,308020,10,0
308010,308010,308020,10,0
308010,308010,308020,10,0
308010,308010,308020,10,0
308010,308010,308021,11,0
308010,308016,308021,5,6
308010,308010,308021,11,0
308010,308010,308021,11,0
308010,308010,308022,12,0
308010,308010,308022,12,0
308010,308010,308022,12,0
308010,308010,308023,13,0
308010,308010,308023,13,0
308010,308016,308025,9,6
308010,308010,308026,16,0
308010,308010,308025,15,0
308010,308010,308026,16,0
308010,308010,308029,19,0
308041,308041,308042,1,0
308041,308041,308042,1,0
308041,308041,308042,1,0
308041,308041,308042,1,0
308041,308041,308042,1,0
308041,308041,308042,1,0
308041,308041,308042,1,0
308041,308041,308045,4,0
308041,308041,308044,3,0
308041,308041,308045,4,0
308041,308043,308044,1,2
308041,308043,308044,1,2
308041,308042,308044,2,1
308041,308042,308045,3,1
308041,308043,308045,2,2
308041,308042,308045,3,1
308041,308043,308045,2,2
308041,308041,308046,5,0
308041,308041,308046,5,0
308041,308041,308046,5,0
308041,308041,308045,4,0
308041,308041,308045,4,0
308041,308041,308046,5,0
308041,308045,308046,1,4
308041,308041,308046,5,0
308041,308045,308046,1,4
308041,308045,308046,1,4
308041,308045,308047,2,4
308041,308045,308047,2,4
308041,308041,308047,6,0
308041,308045,308046,1,4
308041,308045,308046,1,4
308041,308045,308048,3,4
308041,308045,308047,2,4
308041,308041,308047,6,0
308041,308041,308047,6,0
308041,308046,308047,1,5
308041,308046,308048,2,5
308041,308047,308048,1,6
308041,308041,308047,6,0
308041,308045,308047,2,4
308041,308046,308048,2,5
308041,308047,308048,1,6
308041,308047,308048,1,6
308041,308047,308048,1,6
308041,308046,308049,3,5
308041,308041,308049,8,0
308041,308046,308049,3,5
308041,308046,308048,2,5
308041,308041,308049,8,0
308041,308047,308049,2,6
308041,308048,308049,1,7
308041,308041,308048,7,0
308041,308047,308048,1,6
308041,308041,308048,7,0
308041,308041,308049,8,0
308041,308041,308049,8,0
308041,308046,308049,3,5
308041,308048,308049,1,7
308041,308048,308050,2,7
308041,308047,308049,2,6
308041,308041,308050,9,0
308041,308041,308050,9,0
308041,308047,308051,4,6
308041,308041,308051,10,0
308041,308041,308051,10,0
308041,308041,308051,10,0
308041,308041,308051,10,0
308041,308041,308052,11,0
308041,308041,308051,10,0
308041,308041,308052,11,0
308041,308041,308052,11,0
308041,308041,308054,13,0
308041,308041,308053,12,0
308041,308041,308054,13,0
308041,308041,308055,14,0
308041,308041,308054,13,0
308041,308041,308057,16,0
308041,308041,308056,15,0
308068,308068,308069,1,0
308068,308068,308069,1,0
308068,308068,308069,1,0
308068,308068,308069,1,0
308068,308068,308069,1,0
308068,308068,308070,2,0
308068,308068,308069,1,0
308068,308069,308071,2,1
308068,308069,308071,2,1
308068,308070,308072,2,2
308068,308070,308072,2,2
308068,308070,308072,2,2
308068,308069,308071,2,1
308068,308070,308072,2,2
308068,308068,308072,4,0
308068,308068,308072,4,0
308068,308068,308073,5,0
308068,308068,308072,4,0
308068,308068,308073,5,0
308068,308071,308073,2,3
308068,308072,308073,1,4
308068,308071,308073,2,3
308068,308068,308074,6,0
308068,308068,308074,6,0
308068,308068,308074,6,0
308068,308068,308074,6,0
308068,308072,308074,2,4
308068,308073,308074,1,5
308068,308068,308073,5,0
308068,308073,308074,1,5
308068,308072,308074,2,4
308068,308068,308074,6,0
308068,308072,308074,2,4
308068,308068,308074,6,0
308068,308072,308074,2,4
308068,308073,308074,1,5
308068,308074,308075,1,6
308068,308074,308075,1,6
308068,308068,308075,7,0
308068,308073,308075,2,5
308068,308068,308075,7,0
308068,308073,308075,2,5
308068,308068,308076,8,0
308068,308068,308075,7,0
308068,308068,308076,8,0
308068,308068,308075,7,0
308068,308068,308075,7,0
308068,308068,308076,8,0
308068,308068,308076,8,0
308068,308074,308075,1,6
308068,308074,308076,2,6
308068,308068,308076,8,0
308068,308072,308075,3,4
308068,308075,308076,1,7
308068,308068,308076,8,0
308068,308074,308075,1,6
308068,308074,308075,1,6
308068,308074,308075,1,6
308068,308073,308076,3,5
308068,308074,308076,2,6
308068,308074,308077,3,6
308068,308075,308077,2,7
308068,308074,308077,3,6
308068,308073,308077,4,5
308068,308068,308077,9,0
308068,308068,308078,10,0
308068,308068,308078,10,0
308068,308074,308077,3,6
308068,308068,308078,10,0
308068,308068,308079,11,0
308068,308068,308079,11,0
308068,308068,308078,10,0
308068,308068,308080,12,0
308068,308068,308080,12,0
308068,308068,308080,12,0
308068,308068,308081,13,0
308068,308068,308081,13,0
308068,308068,308082,14,0
308068,308068,308083,15,0
308094,308095,308096,1,1
308094,308095,308096,1,1
308094,308095,308096,1,1
308094,308094,308096,2,0
308094,308095,308096,1,1
308094,308094,308096,2,0
308094,308096,308098,2,2
308094,308097,308098,1,3
308094,308095,308098,3,1
308094,308097,308098,1,3
308094,308095,308099,4,1
308094,308097,308099,2,3
308094,308097,308099,2,3
308094,308097,308099,2,3
308094,308097,308099,2,3
308094,308098,308099,1,4
308094,308095,308100,5,1
308094,308095,308100,5,1
308094,308095,308100,5,1
308094,308095,308100,5,1
308094,308095,308100,5,1
308094,308099,308100,1,5
308094,308099,308100,1,5
308094,308099,308100,1,5
308094,308095,308101,6,1
308094,308095,308102,7,1
308094,308095,308101,6,1
308094,308095,308101,6,1
308094,308100,308102,2,6
308094,308095,308101,6,1
308094,308095,308101,6,1
308094,308101,308102,1,7
308094,308101,308102,1,7
308094,308095,308101,6,1
308094,308095,308101,6,1
308094,308101,308102,1,7
308094,308101,308102,1,7
308094,308095,308102,7,1
308094,308095,308102,7,1
308094,308095,308103,8,1
308094,308100,308103,3,6
308094,308100,308103,3,6
308094,308095,308102,7,1
308094,308102,308103,1,8
308094,308102,308103,1,8
308094,308102,308103,1,8
308094,308102,308103,1,8
308094,308102,308103,1,8
308094,308102,308103,1,8
308094,308095,308103,8,1
308094,308095,308103,8,1
308094,308101,308103,2,7
308094,308100,308103,3,6
308094,308101,308104,3,7
308094,308102,308103,1,8
308094,308101,308103,2,7
308094,308100,308103,3,6
308094,308100,308103,3,6
308094,308102,308103,1,8
308094,308102,308103,1,8
308094,308095,308103,8,1
308094,308095,308104,9,1
308094,308095,308104,9,1
308094,308101,308104,3,7
308094,308102,308104,2,8
308094,308095,308105,10,1
308094,308095,308105,10,1
308094,308095,308105,10,1
308094,308095,308105,10,1
308094,308095,308105,10,1
308094,308095,308106,11,1
308094,308095,308106,11,1
308094,308095,308106,11,1
308094,308095,308106,11,1
308094,308095,308107,12,1
308094,308095,308106,11,1
308094,308095,308106,11,1
308094,308095,308110,15,1
308122,308122,308123,1,0
308122,308122,308123,1,0
308122,308122,308123,1,0
308122,308122,308123,1,0
308122,308122,308123,1,0
308122,308122,308123,1,0
308122,308122,308123,1,0
308122,308123,308125,2,1
308122,308122,308127,5,0
308122,308124,308126,2,2
308122,308122,308127,5,0
308122,308124,308126,2,2
308122,308124,308126,2,2
308122,308123,308126,3,1
308122,308123,308126,3,1
308122,308122,308128,6,0
308122,308122,308127,5,0
308122,308122,308128,6,0
308122,308122,308128,6,0
308122,308122,308128,6,0
308122,308122,308127,5,0
308122,308122,308128,6,0
308122,308124,308127,3,2
308122,308122,308129,7,0
308122,308122,308129,7,0
308122,308122,308128,6,0
308122,308122,308128,6,0
308122,308122,308129,7,0
308122,308127,308128,1,5
308122,308122,308129,7,0
308122,308127,308128,1,5
308122,308127,308129,2,5
308122,308122,308129,7,0
308122,308126,308128,2,4
308122,308122,308129,7,0
308122,308122,308129,7,0
308122,308122,308129,7,0
308122,308122,308129,7,0
308122,308127,308129,2,5
308122,308127,308130,3,5
308122,308122,308130,8,0
308122,308128,308130,2,6
308122,308129,308130,1,7
308122,308128,308129,1,6
308122,308129,308130,1,7
308122,308122,308130,8,0
308122,308127,308129,2,5
308122,308128,308129,1,6
308122,308122,308129,7,0
308122,308128,308129,1,6
308122,308128,308129,1,6
308122,308129,308130,1,7
308122,308122,308130,8,0
308122,308127,308130,3,5
308122,308122,308131,9,0
308122,308122,308131,9,0
308122,308129,308130,1,7
308122,308122,308131,9,0
308122,308129,308131,2,7
308122,308129,308130,1,7
308122,308128,308130,2,6
308122,308129,308130,1,7
308122,308122,308131,9,0
308122,308129,308131,2,7
308122,308129,308131,2,7
308122,308130,308131,1,8
308122,308122,308132,10,0
308122,308129,308131,2,7
308122,308128,308131,3,6
308122,308129,308131,2,7
308122,308122,308132,10,0
308122,308122,308133,11,0
308122,308122,308133,11,0
308122,308122,308133,11,0
308122,308122,308133,11,0
308122,308122,308135,13,0
308122,308128,308134,6,6
308122,308122,308135,13,0
308122,308122,308135,13,0
308148,308148,308149,1,0
308148,308148,308149,1,0
308148,308148,308150,2,0
308148,308148,308149,1,0
308148,308148,308149,1,0
308148,308148,308150,2,0
308148,308148,308149,1,0
308148,308149,308152,3,1
308148,308150,308152,2,2
308148,308150,308152,2,2
308148,308150,308152,2,2
308148,308148,308152,4,0
308148,308150,308153,3,2
308148,308150,308153,3,2
308148,308148,308153,5,0
308148,308148,308153,5,0
308148,308148,308153,5,0
308148,308148,308153,5,0
308148,308148,308153,5,0
308148,308148,308153,5,0
308148,308148,308153,5,0
308148,308148,308153,5,0
308148,308150,308153,3,2
308148,308152,308153,1,4
308148,308152,308154,2,4
308148,308148,308155,7,0
308148,308148,308154,6,0
308148,308148,308154,6,0
308148,308148,308154,6,0
308148,308148,308154,6,0
308148,308148,308154,6,0
308148,308153,308154,1,5
308148,308148,308155,7,0
308148,308153,308154,1,5
308148,308153,308154,1,5
308148,308153,308155,2,5
308148,308153,308154,1,5
308148,308148,308156,8,0
308148,308148,308156,8,0
308148,308148,308155,7,0
308148,308148,308155,7,0
308148,308148,308155,7,0
308148,308154,308155,1,6
308148,308155,308156,1,7
308148,308148,308155,7,0
308148,308148,308155,7,0
308148,308154,308155,1,6
308148,308148,308155,7,0
308148,308148,308155,7,0
308148,308155,308156,1,7
308148,308154,308156,2,6
308148,308154,308155,1,6
308148,308154,308155,1,6
308148,308155,308157,2,7
308148,308148,308157,9,0
308148,308154,308156,2,6
308148,308155,308157,2,7
308148,308155,308156,1,7
308148,308155,308156,1,7
308148,308155,308156,1,7
308148,308155,308156,1,7
308148,308148,308156,8,0
308148,308148,308158,10,0
308148,308155,308157,2,7
308148,308148,308157,9,0
308148,308154,308157,3,6
308148,308154,308158,4,6
308148,308154,308157,3,6
308148,308155,308157,2,7
308148,308148,308158,10,0
308148,308148,308158,10,0
308148,308148,308158,10,0
308148,308148,308158,10,0
308148,308154,308158,4,6
308148,308148,308158,10,0
308148,308148,308159,11,0
308148,308154,308161,7,6
308148,308148,308161,13,0
308148,308148,308165,17,0
308177,308177,308178,1,0
308177,308177,308178,1,0
308177,308177,308179,2,0
308177,308177,308179,2,0
308177,308177,308179,2,0
308177,308177,308179,2,0
308177,308177,308179,2,0
308177,308177,308181,4,0
308177,308177,308181,4,0
308177,308177,308181,4,0
308177,308178,308181,3,1
308177,308178,308181,3,1
308177,308177,308182,5,0
308177,308177,308182,5,0
308177,308179,308182,3,2
308177,308179,308182,3,2
308177,308179,308182,3,2
308177,308179,308182,3,2
308177,308177,308183,6,0
308177,308177,308183,6,0
308177,308177,308183,6,0
308177,308177,308183,6,0
308177,308177,308183,6,0
308177,308177,308183,6,0
308177,308177,308183,6,0
308177,308179,308183,4,2
308177,308181,308183,2,4
308177,308177,308183,6,0
308177,308181,308183,2,4
308177,308181,308183,2,4
308177,308177,308183,6,0
308177,308182,308183,1,5
308177,308182,308183,1,5
308177,308177,308184,7,0
308177,308177,308183,6,0
308177,308177,308184,7,0
308177,308182,308184,2,5
308177,308177,308184,7,0
308177,308177,308184,7,0
308177,308183,308184,1,6
308177,308177,308184,7,0
308177,308177,308184,7,0
308177,308183,308184,1,6
308177,308184,308185,1,7
308177,308177,308184,7,0
308177,308177,308184,7,0
308177,308183,308184,1,6
308177,308184,308185,1,7
308177,308184,308185,1,7
308177,308183,308185,2,6
308177,308177,308185,8,0
308177,308184,308185,1,7
308177,308184,308185,1,7
308177,308184,308185,1,7
308177,308183,308185,2,6
308177,308184,308185,1,7
308177,308177,308185,8,0
308177,308177,308186,9,0
308177,308177,308186,9,0
308177,308182,308186,4,5
308177,308183,308186,3,6
308177,308183,308186,3,6
308177,308184,308186,2,7
308177,308183,308186,3,6
308177,308184,308186,2,7
308177,308185,308186,1,8
308177,308184,308187,3,7
308177,308177,308187,10,0
308177,308184,308187,3,7
308177,308177,308187,10,0
308177,308177,308187,10,0
308177,308177,308187,10,0
308177,308177,308187,10,0
308177,308177,308189,12,0
308177,308177,308189,12,0
308177,308177,308190,13,0
308177,308177,308192,15,0
308177,308177,308193,16,0
308204,308204,308205,1,0
308204,308204,308205,1,0
308204,308204,308205,1,0
308204,308204,308205,1,0
308204,308204,308205,1,0
308204,308204,308205,1,0
308204,308204,308206,2,0
308204,308205,308207,2,1
308204,308205,308208,3,1
308204,308205,308208,3,1
308204,308206,308208,2,2
308204,308206,308208,2,2
308204,308205,308208,3,1
308204,308204,308209,5,0
308204,308206,308208,2,2
308204,308207,308209,2,3
308204,308204,308209,5,0
308204,308204,308210,6,0
308204,308204,308210,6,0
308204,308204,308210,6,0
308204,308208,308210,2,4
308204,308204,308210,6,0
308204,308208,308210,2,4
308204,308204,308211,7,0
308204,308204,308211,7,0
308204,308204,308211,7,0
308204,308204,308211,7,0
308204,308204,308210,6,0
308204,308209,308210,1,5
308204,308204,308211,7,0
308204,308204,308211,7,0
308204,308209,308211,2,5
308204,308210,308211,1,6
308204,308204,308211,7,0
308204,308209,308210,1,5
308204,308204,308211,7,0
308204,308208,308210,2,4
308204,308209,308210,1,5
308204,308209,308211,2,5
308204,308204,308211,7,0
308204,308204,308212,8,0
308204,308204,308212,8,0
308204,308204,308212,8,0
308204,308204,308211,7,0
308204,308211,308212,1,7
308204,308204,308212,8,0
308204,308211,308212,1,7
308204,308211,308212,1,7
308204,308211,308212,1,7
308204,308204,308211,7,0
308204,308210,308211,1,6
308204,308210,308212,2,6
308204,308204,308211,7,0
308204,308210,308211,1,6
308204,308211,308212,1,7
308204,308211,308212,1,7
308204,308204,308212,8,0
308204,308210,308212,2,6
308204,308204,308213,9,0
308204,308211,308213,2,7
308204,308210,308213,3,6
308204,308204,308213,9,0
308204,308210,308212,2,6
308204,308211,308213,2,7
308204,308211,308213,2,7
308204,308211,308213,2,7
308204,308204,308213,9,0
308204,308211,308214,3,7
308204,308204,308213,9,0
308204,308211,308214,3,7
308204,308204,308213,9,0
308204,308204,308214,10,0
308204,308204,308215,11,0
308204,308204,308215,11,0
308204,308204,308215,11,0
308204,308204,308219,15,0
308204,308204,308221,17,0
308204,308204,308222,18,0
308204,308204,308221,17,0
308232,308232,308233,1,0
308232,308232,308234,2,0
308232,308232,308234,2,0
308232,308232,308234,2,0
308232,308232,308234,2,0
308232,308232,308234,2,0
308232,308232,308234,2,0
308232,308234,308236,2,2
308232,308235,308236,1,3
308232,308235,308237,2,3
308232,308235,308237,2,3
308232,308235,308237,2,3
308232,308235,308237,2,3
308232,308233,308238,5,1
308232,308233,308238,5,1
308232,308235,308238,3,3
308232,308232,308239,7,0
308232,308237,308238,1,5
308232,308233,308239,6,1
308232,308233,308239,6,1
308232,308233,308239,6,1
308232,308233,308239,6,1
308232,308232,308239,7,0
308232,308232,308239,7,0
308232,308232,308239,7,0
308232,308238,308239,1,6
308232,308238,308239,1,6
308232,308232,308239,7,0
308232,308238,308239,1,6
308232,308238,308239,1,6
308232,308237,308239,2,5
308232,308233,308240,7,1
308232,308233,308240,7,1
308232,308232,308240,8,0
308232,308233,308240,7,1
308232,308239,308240,1,7
308232,308233,308241,8,1
308232,308240,308241,1,8
308232,308232,308240,8,0
308232,308239,308240,1,7
308232,308240,308241,1,8
308232,308232,308240,8,0
308232,308233,308240,7,1
308232,308239,308240,1,7
308232,308240,308241,1,8
308232,308233,308241,8,1
308232,308233,308241,8,1
308232,308239,308242,3,7
308232,308233,308241,8,1
308232,308240,308242,2,8
308232,308233,308241,8,1
308232,308240,308241,1,8
308232,308240,308241,1,8
308232,308240,308241,1,8
308232,308240,308241,1,8
308232,308232,308242,10,0
308232,308233,308242,9,1
308232,308241,308242,1,9
308232,308240,308243,3,8
308232,308233,308242,9,1
308232,308241,308242,1,9
308232,308233,308242,9,1
308232,308232,308243,11,0
308232,308233,308242,9,1
308232,308239,308242,3,7
308232,308240,308242,2,8
308232,308241,308243,2,9
308232,308240,308242,2,8
308232,308233,308242,9,1
308232,308233,308243,10,1
308232,308232,308243,11,0
308232,308240,308243,3,8
308232,308241,308243,2,9
308232,308233,308243,10,1
308232,308233,308244,11,1
308232,308232,308245,13,0
308232,308240,308246,6,8
308232,308233,308246,13,1
308232,308232,308248,16,0
308260,308260,308261,1,0
308260,308260,308261,1,0
308260,308260,308261,1,0
308260,308260,308261,1,0
308260,308260,308261,1,0
308260,308260,308261,1,0
308260,308260,308262,2,0
308260,308261,308264,3,1
308260,308261,308264,3,1
308260,308260,308265,5,0
308260,308260,308265,5,0
308260,308262,308264,2,2
308260,308262,308265,3,2
308260,308261,308265,4,1
308260,308262,308264,2,2
308260,308260,308266,6,0
308260,308260,308265,5,0
308260,308264,308266,2,4
308260,308262,308265,3,2
308260,308264,308266,2,4
308260,308260,308267,7,0
308260,308260,308267,7,0
308260,308260,308267,7,0
308260,308260,308267,7,0
308260,308260,308267,7,0
308260,308260,308267,7,0
308260,308265,308267,2,5
308260,308260,308267,7,0
308260,308260,308267,7,0
308260,308265,308267,2,5
308260,308265,308267,2,5
308260,308266,308267,1,6
308260,308265,308267,2,5
308260,308260,308268,8,0
308260,308260,308268,8,0
308260,308260,308267,7,0
308260,308260,308268,8,0
308260,308260,308267,7,0
308260,308260,308268,8,0
308260,308267,308268,1,7
308260,308260,308267,7,0
308260,308267,308268,1,7
308260,308267,308268,1,7
308260,308260,308268,8,0
308260,308266,308268,2,6
308260,308267,308268,1,7
308260,308260,308268,8,0
308260,308260,308268,8,0
308260,308266,308267,1,6
308260,308260,308268,8,0
308260,308267,308268,1,7
308260,308260,308269,9,0
308260,308260,308269,9,0
308260,308265,308268,3,5
308260,308265,308269,4,5
308260,308266,308269,3,6
308260,308267,308269,2,7
308260,308260,308269,9,0
308260,308267,308268,1,7
308260,308267,308268,1,7
308260,308266,308268,2,6
308260,308260,308269,9,0
308260,308268,308270,2,8
308260,308260,308270,10,0
308260,308260,308269,9,0
308260,308267,308270,3,7
308260,308267,308270,3,7
308260,308268,308270,2,8
308260,308267,308270,3,7
308260,308260,308270,10,0
308260,308267,308270,3,7
308260,308267,308269,2,7
308260,308260,308270,10,0
308260,308260,308270,10,0
308260,308260,308271,11,0
308260,308260,308271,11,0
308260,308260,308271,11,0
308260,308260,308273,13,0
308260,308260,308277,17,0
308289,308289,308290,1,0
308289,308289,308291,2,0
308289,308289,308290,1,0
308289,308289,308290,1,0
308289,308289,308290,1,0
308289,308289,308290,1,0
308289,308289,308290,1,0
308289,308291,308293,2,2
308289,308289,308294,5,0
308289,308290,308293,3,1
308289,308291,308293,2,2
308289,308291,308293,2,2
308289,308291,308294,3,2
308289,308291,308294,3,2
308289,308289,308294,5,0
308289,308289,308295,6,0
308289,308289,308295,6,0
308289,308289,308295,6,0
308289,308291,308294,3,2
308289,308289,308295,6,0
308289,308289,308295,6,0
308289,308289,308295,6,0
308289,308289,308295,6,0
308289,308289,308296,7,0
308289,308289,308296,7,0
308289,308294,308295,1,5
308289,308294,308295,1,5
308289,308294,308295,1,5
308289,308289,308296,7,0
308289,308293,308295,2,4
308289,308294,308295,1,5
308289,308294,308295,1,5
308289,308294,308295,1,5
308289,308289,308297,8,0
308289,308289,308296,7,0
308289,308289,308297,8,0
308289,308289,308296,7,0
308289,308289,308296,7,0
308289,308295,308297,2,6
308289,308289,308297,8,0
308289,308295,308297,2,6
308289,308289,308296,7,0
308289,308289,308296,7,0
308289,308295,308296,1,6
308289,308295,308297,2,6
308289,308289,308297,8,0
308289,308289,308296,7,0
308289,308296,308297,1,7
308289,308296,308297,1,7
308289,308296,308297,1,7
308289,308289,308297,8,0
308289,308296,308297,1,7
308289,308296,308297,1,7
308289,308289,308297,8,0
308289,308289,308298,9,0
308289,308289,308298,9,0
308289,308295,308298,3,6
308289,308296,308298,2,7
308289,308289,308298,9,0
308289,308296,308297,1,7
308289,308296,308298,2,7
308289,308289,308297,8,0
308289,308289,308298,9,0
308289,308296,308297,1,7
308289,308296,308298,2,7
308289,308289,308297,8,0
308289,308296,308297,1,7
308289,308296,308297,1,7
308289,308289,308299,10,0
308289,308289,308298,9,0
308289,308297,308299,2,8
308289,308297,308299,2,8
308289,308289,308299,10,0
308289,308296,308298,2,7
308289,308296,308298,2,7
308289,308289,308299,10,0
308289,308289,308299,10,0
308289,308289,308302,13,0
308289,308289,308301,12,0
308312,308312,308313,1,0
308312,308312,308313,1,0
308312,308312,308314,2,0
308312,308312,308314,2,0
308312,308312,308313,1,0
308312,308312,308314,2,0
308312,308312,308314,2,0
308312,308313,308316,3,1
308312,308315,308316,1,3
308312,308314,308316,2,2
308312,308315,308317,2,3
308312,308315,308317,2,3
308312,308312,308318,6,0
308312,308312,308318,6,0
308312,308312,308318,6,0
308312,308317,308318,1,5
308312,308315,308318,3,3
308312,308315,308318,3,3
308312,308312,308318,6,0
308312,308317,308318,1,5
308312,308312,308319,7,0
308312,308312,308318,6,0
308312,308312,308319,7,0
308312,308312,308319,7,0
308312,308312,308319,7,0
308312,308312,308319,7,0
308312,308318,308320,2,6
308312,308318,308319,1,6
308312,308312,308319,7,0
308312,308312,308319,7,0
308312,308317,308319,2,5
308312,308319,308320,1,7
308312,308312,308319,7,0
308312,308312,308320,8,0
308312,308312,308320,8,0
308312,308312,308320,8,0
308312,308319,308320,1,7
308312,308319,308320,1,7
308312,308319,308320,1,7
308312,308312,308320,8,0
308312,308312,308320,8,0
308312,308312,308320,8,0
308312,308312,308320,8,0
308312,308319,308320,1,7
308312,308320,308321,1,8
308312,308319,308320,1,7
308312,308319,308320,1,7
308312,308320,308321,1,8
308312,308312,308321,9,0
308312,308312,308321,9,0
308312,308312,308321,9,0
308312,308312,308321,9,0
308312,308320,308321,1,8
308312,308320,308321,1,8
308312,308312,308321,9,0
308312,308312,308321,9,0
308312,308320,308321,1,8
308312,308320,308321,1,8
308312,308319,308321,2,7
308312,308320,308321,1,8
308312,308320,308321,1,8
308312,308320,308321,1,8
308312,308312,308321,9,0
308312,308320,308321,1,8
308312,308320,308321,1,8
308312,308320,308321,1,8
308312,308312,308321,9,0
308312,308312,308322,10,0
308312,308312,308322,10,0
308312,308312,308322,10,0
308312,308320,308322,2,8
308312,308321,308322,1,9
308312,308321,308322,1,9
308312,308312,308323,11,0
308312,308312,308324,12,0
308312,308312,308325,13,0
308312,308312,308326,14,0
308312,308312,308327,15,0
308312,308312,308330,18,0
308341,308341,308342,1,0
308341,308341,308343,2,0
308341,308341,308342,1,0
308341,308341,308343,2,0
308341,308341,308343,2,0
308341,308341,308343,2,0
308341,308342,308343,1,1
308341,308343,308345,2,2
308341,308344,308345,1,3
308341,308344,308345,1,3
308341,308344,308345,1,3
308341,308343,308345,2,2
308341,308343,308345,2,2
308341,308342,308347,5,1
308341,308344,308346,2,3
308341,308346,308347,1,5
308341,308342,308347,5,1
308341,308342,308347,5,1
308341,308342,308347,5,1
308341,308346,308348,2,5
308341,308345,308347,2,4
308341,308346,308347,1,5
308341,308346,308347,1,5
308341,308346,308347,1,5
308341,308342,308348,6,1
308341,308342,308348,6,1
308341,308341,308349,8,0
308341,308342,308348,6,1
308341,308341,308348,7,0
308341,308342,308348,6,1
308341,308342,308348,6,1
308341,308348,308349,1,7
308341,308342,308348,6,1
308341,308342,308348,6,1
308341,308347,308348,1,6
308341,308347,308348,1,6
308341,308342,308348,6,1
308341,308347,308348,1,6
308341,308348,308349,1,7
308341,308342,308349,7,1
308341,308348,308350,2,7
308341,308342,308349,7,1
308341,308342,308349,7,1
308341,308342,308349,7,1
308341,308348,308349,1,7
308341,308349,308350,1,8
308341,308342,308349,7,1
308341,308342,308349,7,1
308341,308348,308349,1,7
308341,308348,308349,1,7
308341,308349,308350,1,8
308341,308349,308350,1,8
308341,308348,308349,1,7
308341,308349,308350,1,8
308341,308349,308350,1,8
308341,308349,308350,1,8
308341,308342,308350,8,1
308341,308342,308350,8,1
308341,308349,308350,1,8
308341,308342,308350,8,1
308341,308342,308350,8,1
308341,308349,308350,1,8
308341,308348,308350,2,7
308341,308349,308350,1,8
308341,308342,308350,8,1
308341,308349,308350,1,8
308341,308349,308350,1,8
308341,308342,308351,9,1
308341,308342,308351,9,1
308341,308342,308351,9,1
308341,308342,308351,9,1
308341,308342,308351,9,1
308341,308342,308351,9,1
308341,308342,308351,9,1
308341,308342,308352,10,1
308341,308342,308353,11,1
308341,308342,308355,13,1
308341,308342,308356,14,1
308341,308342,308357,15,1
308369,308369,308370,1,0
308369,308369,308370,1,0
308369,308369,308370,1,0
308369,308369,308370,1,0
308369,308369,308370,1,0
308369,308369,308370,1,0
308369,308369,308370,1,0
308369,308370,308372,2,1
308369,308370,308371,1,1
308369,308369,308373,4,0
308369,308371,308372,1,2
308369,308371,308373,2,2
308369,308371,308372,1,2
308369,308371,308373,2,2
308369,308371,308372,1,2
308369,308369,308374,5,0
308369,308372,308374,2,3
308369,308373,308374,1,4
308369,308369,308374,5,0
308369,308373,308374,1,4
308369,308373,308374,1,4
308369,308373,308374,1,4
308369,308372,308373,1,3
308369,308369,308374,5,0
308369,308369,308374,5,0
308369,308369,308374,5,0
308369,308369,308374,5,0
308369,308369,308375,6,0
308369,308369,308375,6,0
308369,308369,308374,5,0
308369,308374,308375,1,5
308369,308374,308375,1,5
308369,308374,308375,1,5
308369,308369,308375,6,0
308369,308373,308375,2,4
308369,308374,308375,1,5
308369,308369,308375,6,0
308369,308369,308376,7,0
308369,308369,308375,6,0
308369,308369,308376,7,0
308369,308369,308375,6,0
308369,308374,308376,2,5
308369,308369,308375,6,0
308369,308374,308375,1,5
308369,308375,308376,1,6
308369,308369,308376,7,0
308369,308369,308376,7,0
308369,308369,308375,6,0
308369,308374,308375,1,5
308369,308375,308376,1,6
308369,308369,308375,6,0
308369,308369,308376,7,0
308369,308374,308375,1,5
308369,308375,308376,1,6
308369,308369,308376,7,0
308369,308375,308376,1,6
308369,308369,308376,7,0
308369,308375,308377,2,6
308369,308375,308377,2,6
308369,308369,308377,8,0
308369,308375,308377,2,6
308369,308375,308377,2,6
308369,308375,308377,2,6
308369,308375,308377,2,6
308369,308369,308376,7,0
308369,308375,308376,1,6
308369,308375,308376,1,6
308369,308369,308377,8,0
308369,308373,308378,5,4
308369,308369,308378,9,0
308369,308369,308377,8,0
308369,308369,308379,10,0
308369,308369,308379,10,0
308369,308369,308379,10,0
308369,308369,308379,10,0
308369,308369,308380,11,0
308369,308369,308380,11,0
308369,308369,308381,12,0
308369,308369,308388,19,0
308398,308398,308399,1,0
308398,308398,308399,1,0
308398,308398,308399,1,0
308398,308398,308399,1,0
308398,308398,308400,2,0
308398,308398,308400,2,0
308398,308398,308400,2,0
308398,308400,308401,1,2
308398,308400,308401,1,2
308398,308399,308402,3,1
308398,308398,308402,4,0
308398,308401,308402,1,3
308398,308398,308402,4,0
308398,308401,308402,1,3
308398,308401,308402,1,3
308398,308400,308402,2,2
308398,308401,308402,1,3
308398,308399,308403,4,1
308398,308403,308404,1,5
308398,308402,308403,1,4
308398,308398,308404,6,0
308398,308402,308403,1,4
308398,308399,308404,5,1
308398,308399,308404,5,1
308398,308398,308404,6,0
308398,308403,308404,1,5
308398,308398,308404,6,0
308398,308403,308404,1,5
308398,308398,308404,6,0
308398,308403,308404,1,5
308398,308404,308405,1,6
308398,308398,308405,7,0
308398,308403,308404,1,5
308398,308404,308405,1,6
308398,308398,308404,6,0
308398,308403,308404,1,5
308398,308404,308405,1,6
308398,308404,308405,1,6
308398,308398,308405,7,0
308398,308399,308405,6,1
308398,308398,308405,7,0
308398,308398,308405,7,0
308398,308403,308405,2,5
308398,308398,308405,7,0
308398,308403,308405,2,5
308398,308398,308405,7,0
308398,308398,308405,7,0
308398,308405,308406,1,7
308398,308398,308406,8,0
308398,308398,308405,7,0
308398,308405,308406,1,7
308398,308398,308405,7,0
308398,308405,308406,1,7
308398,308405,308406,1,7
308398,308405,308406,1,7
308398,308398,308405,7,0
308398,308405,308406,1,7
308398,308405,308406,1,7
308398,308405,308406,1,7
308398,308405,308406,1,7
308398,308398,308406,8,0
308398,308404,308406,2,6
308398,308405,308406,1,7
308398,308405,308406,1,7
308398,308405,308406,1,7
308398,308405,308406,1,7
308398,308398,308407,9,0
308398,308398,308407,9,0
308398,308398,308408,10,0
308398,308399,308408,9,1
308398,308398,308408,10,0
308398,308398,308410,12,0
308398,308398,308410,12,0
308398,308398,308410,12,0
308398,308398,308410,12,0
308398,308398,308410,12,0
308398,308398,308411,13,0
308398,308398,308412,14,0
308398,308398,308412,14,0
308423,308423,308424,1,0
308423,308423,308424,1,0
308423,308423,308424,1,0
308423,308423,308424,1,0
308423,308423,308425,2,0
308423,308423,308424,1,0
308423,308423,308425,2,0
308423,308423,308426,3,0
308423,308423,308426,3,0
308423,308425,308426,1,2
308423,308425,308426,1,2
308423,308424,308425,1,1
308423,308424,308425,1,1
308423,308424,308426,2,1
308423,308423,308427,4,0
308423,308424,308426,2,1
308423,308426,308427,1,3
308423,308425,308427,2,2
308423,308423,308428,5,0
308423,308423,308428,5,0
308423,308426,308428,2,3
308423,308423,308428,5,0
308423,308423,308428,5,0
308423,308423,308428,5,0
308423,308426,308428,2,3
308423,308426,308428,2,3
308423,308426,308428,2,3
308423,308426,308428,2,3
308423,308423,308429,6,0
308423,308423,308429,6,0
308423,308423,308428,5,0
308423,308426,308429,3,3
308423,308423,308429,6,0
308423,308423,308428,5,0
308423,308423,308429,6,0
308423,308427,308429,2,4
308423,308423,308428,5,0
308423,308423,308429,6,0
308423,308427,308429,2,4
308423,308423,308429,6,0
308423,308423,308429,6,0
308423,308428,308429,1,5
308423,308429,308430,1,6
308423,308423,308430,7,0
308423,308423,308430,7,0
308423,308428,308430,2,5
308423,308428,308430,2,5
308423,308428,308430,2,5
308423,308429,308430,1,6
308423,308429,308430,1,6
308423,308423,308430,7,0
308423,308429,308430,1,6
308423,308423,308431,8,0
308423,308428,308431,3,5
308423,308423,308431,8,0
308423,308428,308431,3,5
308423,308429,308431,2,6
308423,308427,308431,4,4
308423,308429,308431,2,6
308423,308429,308431,2,6
308423,308430,308431,1,7
308423,308423,308431,8,0
308423,308423,308431,8,0
308423,308423,308431,8,0
308423,308423,308432,9,0
308423,308429,308432,3,6
308423,308429,308432,3,6
308423,308429,308432,3,6
308423,308423,308432,9,0
308423,308423,308433,10,0
308423,308423,308434,11,0
308423,308423,308435,12,0
308423,308423,308436,13,0
308423,308423,308439,16,0
308423,308423,308439,16,0
308423,308423,308440,17,0
308423,308423,308444,21,0
308423,308423,308448,25,0
308459,308460,308461,1,1
308459,308460,308461,1,1
308459,308460,308461,1,1
308459,308460,308461,1,1
308459,308460,308461,1,1
308459,308460,308461,1,1
308459,308460,308461,1,1
308459,308460,308461,1,1
308459,308460,308462,2,1
308459,308462,308463,1,3
308459,308462,308463,1,3
308459,308461,308462,1,2
308459,308460,308463,3,1
308459,308460,308463,3,1
308459,308460,308463,3,1
308459,308460,308463,3,1
308459,308460,308463,3,1
308459,308460,308463,3,1
308459,308462,308463,1,3
308459,308462,308463,1,3
308459,308462,308463,1,3
308459,308462,308463,1,3
308459,308462,308464,2,3
308459,308460,308465,5,1
308459,308460,308464,4,1
308459,308463,308464,1,4
308459,308460,308464,4,1
308459,308463,308465,2,4
308459,308464,308465,1,5
308459,308460,308464,4,1
308459,308463,308465,2,4
308459,308464,308465,1,5
308459,308463,308464,1,4
308459,308464,308465,1,5
308459,308460,308466,6,1
308459,308460,308465,5,1
308459,308460,308465,5,1
308459,308464,308465,1,5
308459,308460,308465,5,1
308459,308460,308465,5,1
308459,308460,308466,6,1
308459,308464,308465,1,5
308459,308460,308466,6,1
308459,308460,308465,5,1
308459,308465,308466,1,6
308459,308465,308466,1,6
308459,308460,308466,6,1
308459,308465,308466,1,6
308459,308465,308466,1,6
308459,308460,308466,6,1
308459,308464,308466,2,5
308459,308460,308467,7,1
308459,308460,308466,6,1
308459,308464,308466,2,5
308459,308464,308466,2,5
308459,308464,308466,2,5
308459,308464,308466,2,5
308459,308465,308466,1,6
308459,308465,308466,1,6
308459,308460,308466,6,1
308459,308465,308466,1,6
308459,308465,308466,1,6
308459,308465,308466,1,6
308459,308465,308466,1,6
308459,308460,308467,7,1
308459,308460,308467,7,1
308459,308464,308467,3,5
308459,308460,308467,7,1
308459,308460,308467,7,1
308459,308465,308467,2,6
308459,308466,308468,2,7
308459,308460,308469,9,1
308459,308460,308469,9,1
308459,308460,308469,9,1
308459,308460,308471,11,1
308459,308460,308471,11,1
308459,308460,308471,11,1
308459,308460,308472,12,1
308459,308460,308474,14,1
308485,308485,308486,1,0
308485,308485,308486,1,0
308485,308485,308486,1,0
308485,308485,308486,1,0
308485,308485,308487,2,0
308485,308485,308487,2,0
308485,308485,308486,1,0
308485,308485,308487,2,0
308485,308485,308488,3,0
308485,308485,308488,3,0
308485,308486,308488,2,1
308485,308485,308488,3,0
308485,308486,308488,2,1
308485,308487,308488,1,2
308485,308486,308488,2,1
308485,308485,308489,4,0
308485,308485,308489,4,0
308485,308485,308489,4,0
308485,308485,308489,4,0
308485,308485,308489,4,0
308485,308485,308489,4,0
308485,308487,308489,2,2
308485,308485,308489,4,0
308485,308485,308489,4,0
308485,308485,308489,4,0
308485,308487,308489,2,2
308485,308487,308489,2,2
308485,308488,308489,1,3
308485,308485,308489,4,0
308485,308485,308490,5,0
308485,308489,308490,1,4
308485,308485,308490,5,0
308485,308489,308490,1,4
308485,308485,308490,5,0
308485,308489,308490,1,4
308485,308489,308490,1,4
308485,308485,308491,6,0
308485,308485,308491,6,0
308485,308485,308491,6,0
308485,308489,308491,2,4
308485,308485,308491,6,0
308485,308488,308491,3,3
308485,308490,308491,1,5
308485,308490,308491,1,5
308485,308488,308491,3,3
308485,308490,308491,1,5
308485,308490,308491,1,5
308485,308490,308491,1,5
308485,308490,308491,1,5
308485,308490,308491,1,5
308485,308491,308492,1,6
308485,308485,308491,6,0
308485,308490,308491,1,5
308485,308491,308492,1,6
308485,308491,308492,1,6
308485,308490,308491,1,5
308485,308491,308492,1,6
308485,308485,308492,7,0
308485,308489,308492,3,4
308485,308489,308492,3,4
308485,308489,308492,3,4
308485,308485,308492,7,0
308485,308489,308492,3,4
308485,308491,308492,1,6
308485,308491,308492,1,6
308485,308485,308493,8,0
308485,308485,308493,8,0
308485,308488,308493,5,3
308485,308485,308493,8,0
308485,308485,308493,8,0
308485,308485,308494,9,0
308485,308485,308495,10,0
308485,308485,308496,11,0
308485,308485,308496,11,0
308485,308485,308497,12,0
308485,308485,308498,13,0
308485,308485,308499,14,0
308485,308485,308501,16,0
308485,308485,308508,23,0
308519,308519,308520,1,0
308519,308519,308520,1,0
308519,308519,308520,1,0
308519,308519,308521,2,0
308519,308519,308520,1,0
308519,308519,308520,1,0
308519,308519,308520,1,0
308519,308519,308521,2,0
308519,308519,308522,3,0
308519,308519,308522,3,0
308519,308519,308522,3,0
308519,308519,308522,3,0
308519,308519,308522,3,0
308519,308521,308522,1,2
308519,308519,308521,2,0
308519,308521,308522,1,2
308519,308521,308522,1,2
308519,308519,308523,4,0
308519,308521,308522,1,2
308519,308519,308523,4,0
308519,308519,308523,4,0
308519,308519,308523,4,0
308519,308521,308522,1,2
308519,308519,308522,3,0
308519,308521,308523,2,2
308519,308522,308523,1,3
308519,308519,308523,4,0
308519,308519,308524,5,0
308519,308519,308524,5,0
308519,308521,308524,3,2
308519,308522,308524,2,3
308519,308520,308523,3,1
308519,308522,308523,1,3
308519,308522,308524,2,3
308519,308522,308523,1,3
308519,308519,308524,5,0
308519,308522,308524,2,3
308519,308522,308523,1,3
308519,308522,308524,2,3
308519,308519,308525,6,0
308519,308519,308524,5,0
308519,308519,308525,6,0
308519,308522,308524,2,3
308519,308523,308524,1,4
308519,308523,308525,2,4
308519,308524,308525,1,5
308519,308524,308525,1,5
308519,308523,308525,2,4
308519,308523,308525,2,4
308519,308523,308525,2,4
308519,308523,308525,2,4
308519,308524,308525,1,5
308519,308523,308525,2,4
308519,308523,308525,2,4
308519,308523,308525,2,4
308519,308523,308524,1,4
308519,308524,308525,1,5
308519,308524,308525,1,5
308519,308519,308525,6,0
308519,308519,308525,6,0
308519,308519,308526,7,0
308519,308524,308526,2,5
308519,308524,308526,2,5
308519,308519,308526,7,0
308519,308519,308526,7,0
308519,308524,308525,1,5
308519,308519,308527,8,0
308519,308519,308527,8,0
308519,308519,308527,8,0
308519,308519,308527,8,0
308519,308519,308527,8,0
308519,308519,308528,9,0
308519,308519,308527,8,0
308519,308519,308528,9,0
308519,308519,308529,10,0
308519,308519,308528,9,0
308519,308519,308529,10,0
308519,308519,308529,10,0
308519,308519,308531,12,0
308542,308542,308543,1,0
308542,308542,308543,1,0
308542,308542,308543,1,0
308542,308542,308543,1,0
308542,308542,308543,1,0
308542,308542,308543,1,0
308542,308542,308543,1,0
308542,308542,308543,1,0
308542,308542,308544,2,0
308542,308542,308545,3,0
308542,308542,308544,2,0
308542,308542,308545,3,0
308542,308542,308545,3,0
308542,308542,308545,3,0
308542,308542,308545,3,0
308542,308542,308545,3,0
308542,308542,308545,3,0
308542,308542,308545,3,0
308542,308544,308545,1,2
308542,308542,308545,3,0
308542,308542,308545,3,0
308542,308543,308545,2,1
308542,308542,308545,3,0
308542,308544,308545,1,2
308542,308544,308545,1,2
308542,308545,308546,1,3
308542,308544,308545,1,2
308542,308544,308545,1,2
308542,308545,308546,1,3
308542,308545,308546,1,3
308542,308543,308546,3,1
308542,308544,308545,1,2
308542,308545,308546,1,3
308542,308542,308546,4,0
308542,308542,308547,5,0
308542,308542,308546,4,0
308542,308542,308546,4,0
308542,308543,308546,3,1
308542,308546,308547,1,4
308542,308546,308547,1,4
308542,308546,308547,1,4
308542,308546,308548,2,4
308542,308542,308547,5,0
308542,308546,308548,2,4
308542,308542,308547,5,0
308542,308546,308548,2,4
308542,308546,308547,1,4
308542,308546,308547,1,4
308542,308546,308547,1,4
308542,308546,308548,2,4
308542,308546,308547,1,4
308542,308546,308547,1,4
308542,308546,308547,1,4
308542,308546,308547,1,4
308542,308546,308547,1,4
308542,308546,308547,1,4
308542,308546,308547,1,4
308542,308546,308547,1,4
308542,308546,308547,1,4
308542,308547,308549,2,5
308542,308542,308549,7,0
308542,308547,308549,2,5
308542,308542,308549,7,0
308542,308542,308548,6,0
308542,308546,308548,2,4
308542,308542,308548,6,0
308542,308542,308549,7,0
308542,308542,308549,7,0
308542,308542,308549,7,0
308542,308542,308549,7,0
308542,308542,308549,7,0
308542,308542,308550,8,0
308542,308542,308550,8,0
308542,308542,308550,8,0
308542,308542,308552,10,0
308542,308542,308552,10,0
308542,308542,308554,12,0
308542,308542,308555,13,0
308542,308542,308556,14,0
308566,308566,308567,1,0
308566,308566,308567,1,0
308566,308566,308567,1,0
308566,308566,308567,1,0
308566,308566,308567,1,0
308566,308566,308567,1,0
308566,308566,308568,2,0
308566,308566,308567,1,0
308566,308566,308569,3,0
308566,308566,308569,3,0
308566,308566,308569,3,0
308566,308567,308569,2,1
308566,308566,308568,2,0
308566,308567,308569,2,1
308566,308568,308569,1,2
308566,308566,308568,2,0
308566,308567,308569,2,1
308566,308566,308569,3,0
308566,308566,308570,4,0
308566,308566,308569,3,0
308566,308566,308570,4,0
308566,308566,308570,4,0
308566,308566,308570,4,0
308566,308566,308569,3,0
308566,308569,308570,1,3
308566,308568,308570,2,2
308566,308566,308570,4,0
308566,308568,308569,1,2
308566,308569,308570,1,3
308566,308566,308570,4,0
308566,308566,308569,3,0
308566,308566,308569,3,0
308566,308568,308569,1,2
308566,308569,308570,1,3
308566,308566,308571,5,0
308566,308566,308570,4,0
308566,308569,308571,2,3
308566,308566,308571,5,0
308566,308568,308570,2,2
308566,308566,308570,4,0
308566,308569,308571,2,3
308566,308566,308570,4,0
308566,308566,308570,4,0
308566,308569,308570,1,3
308566,308569,308570,1,3
308566,308569,308570,1,3
308566,308566,308570,4,0
308566,308570,308571,1,4
308566,308570,308571,1,4
308566,308569,308570,1,3
308566,308570,308571,1,4
308566,308570,308571,1,4
308566,308570,308572,2,4
308566,308570,308572,2,4
308566,308570,308572,2,4
308566,308570,308572,2,4
308566,308566,308571,5,0
308566,308570,308572,2,4
308566,308570,308571,1,4
308566,308570,308571,1,4
308566,308570,308571,1,4
308566,308570,308572,2,4
308566,308570,308571,1,4
308566,308570,308571,1,4
308566,308570,308571,1,4
308566,308570,308571,1,4
308566,308566,308572,6,0
308566,308571,308573,2,5
308566,308566,308573,7,0
308566,308566,308573,7,0
308566,308566,308573,7,0
308566,308566,308573,7,0
308566,308566,308573,7,0
308566,308566,308574,8,0
308566,308566,308574,8,0
308566,308566,308575,9,0
308566,308566,308575,9,0
308566,308566,308576,10,0
308566,308566,308578,12,0
308588,308588,308589,1,0
308588,308588,308589,1,0
308588,308588,308589,1,0
308588,308588,308589,1,0
308588,308588,308589,1,0
308588,308588,308589,1,0
308588,308588,308589,1,0
308588,308589,308590,1,1
308588,308590,308591,1,2
308588,308590,308591,1,2
308588,308588,308591,3,0
308588,308588,308591,3,0
308588,308589,308591,2,1
308588,308588,308591,3,0
308588,308588,308591,3,0
308588,308590,308591,1,2
308588,308588,308591,3,0
308588,308588,308591,3,0
308588,308588,308591,3,0
308588,308590,308591,1,2
308588,308591,308592,1,3
308588,308588,308592,4,0
308588,308588,308592,4,0
308588,308588,308592,4,0
308588,308588,308592,4,0
308588,308588,308592,4,0
308588,308590,308592,2,2
308588,308588,308592,4,0
308588,308588,308592,4,0
308588,308592,308593,1,4
308588,308588,308592,4,0
308588,308591,308592,1,3
308588,308591,308592,1,3
308588,308592,308593,1,4
308588,308588,308593,5,0
308588,308588,308593,5,0
308588,308588,308594,6,0
308588,308592,308593,1,4
308588,308593,308594,1,5
308588,308588,308593,5,0
308588,308592,308593,1,4
308588,308592,308593,1,4
308588,308593,308594,1,5
308588,308592,308593,1,4
308588,308592,308593,1,4
308588,308593,308594,1,5
308588,308593,308594,1,5
308588,308592,308593,1,4
308588,308593,308594,1,5
308588,308593,308594,1,5
308588,308592,308593,1,4
308588,308592,308593,1,4
308588,308592,308593,1,4
308588,308593,308594,1,5
308588,308588,308594,6,0
308588,308588,308594,6,0
308588,308588,308594,6,0
308588,308588,308595,7,0
308588,308588,308595,7,0
308588,308588,308595,7,0
308588,308593,308594,1,5
308588,308588,308594,6,0
308588,308593,308595,2,5
308588,308593,308595,2,5
308588,308593,308594,1,5
308588,308593,308594,1,5
308588,308594,308595,1,6
308588,308588,308595,7,0
308588,308593,308595,2,5
308588,308588,308597,9,0
308588,308588,308596,8,0
308588,308588,308596,8,0
308588,308588,308596,8,0
308588,308588,308597,9,0
308588,308588,308597,9,0
308588,308588,308599,11,0
308588,308588,308598,10,0
308588,308588,308599,11,0
308588,308588,308600,12,0
308611,308611,308612,1,0
308611,308611,308612,1,0
308611,308611,308612,1,0
308611,308611,308613,2,0
308611,308611,308613,2,0
308611,308611,308613,2,0
308611,308611,308613,2,0
308611,308613,308614,1,2
308611,308612,308614,2,1
308611,308613,308615,2,2
308611,308611,308615,4,0
308611,308611,308615,4,0
308611,308613,308615,2,2
308611,308611,308615,4,0
308611,308613,308615,2,2
308611,308611,308615,4,0
308611,308613,308615,2,2
308611,308611,308616,5,0
308611,308611,308616,5,0
308611,308611,308617,6,0
308611,308611,308616,5,0
308611,308613,308616,3,2
308611,308611,308617,6,0
308611,308611,308617,6,0
308611,308611,308616,5,0
308611,308611,308617,6,0
308611,308611,308617,6,0
308611,308611,308616,5,0
308611,308611,308617,6,0
308611,308616,308617,1,5
308611,308616,308617,1,5
308611,308616,308617,1,5
308611,308611,308617,6,0
308611,308611,308617,6,0
308611,308616,308617,1,5
308611,308616,308617,1,5
308611,308616,308617,1,5
308611,308616,308617,1,5
308611,308617,308618,1,6
308611,308617,308618,1,6
308611,308616,308617,1,5
308611,308616,308617,1,5
308611,308616,308617,1,5
308611,308617,308618,1,6
308611,308611,308618,7,0
308611,308611,308618,7,0
308611,308611,308618,7,0
308611,308611,308618,7,0
308611,308611,308618,7,0
308611,308611,308618,7,0
308611,308617,308618,1,6
308611,308617,308618,1,6
308611,308617,308618,1,6
308611,308617,308618,1,6
308611,308618,308619,1,7
308611,308611,308618,7,0
308611,308611,308619,8,0
308611,308617,308619,2,6
308611,308616,308619,3,5
308611,308617,308619,2,6
308611,308611,308619,8,0
308611,308618,308619,1,7
308611,308618,308619,1,7
308611,308618,308619,1,7
308611,308618,308619,1,7
308611,308611,308620,9,0
308611,308617,308620,3,6
308611,308611,308620,9,0
308611,308611,308620,9,0
308611,308611,308620,9,0
308611,308611,308621,10,0
308611,308611,308621,10,0
308611,308611,308622,11,0
308611,308611,308623,12,0
308611,308611,308623,12,0
308611,308611,308625,14,0
308611,308611,308627,16,0
308846,308846,308847,1,0
308846,308846,308847,1,0
308846,308846,308847,1,0
308846,308846,308848,2,0
308846,308846,308848,2,0
308846,308846,308847,1,0
308846,308846,308847,1,0
308846,308847,308849,2,1
308846,308846,308849,3,0
308846,308847,308849,2,1
308846,308846,308850,4,0
308846,308848,308850,2,2
308846,308848,308850,2,2
308846,308846,308849,3,0
308846,308848,308850,2,2
308846,308848,308850,2,2
308846,308848,308850,2,2
308846,308849,308850,1,3
308846,308846,308850,4,0
308846,308849,308850,1,3
308846,308849,308850,1,3
308846,308846,308852,6,0
308846,308846,308851,5,0
308846,308846,308851,5,0
308846,308846,308851,5,0
308846,308846,308852,6,0
308846,308846,308851,5,0
308846,308850,308851,1,4
308846,308850,308852,2,4
308846,308846,308852,6,0
308846,308850,308851,1,4
308846,308850,308852,2,4
308846,308846,308852,6,0
308846,308846,308852,6,0
308846,308850,308851,1,4
308846,308850,308852,2,4
308846,308850,308852,2,4
308846,308851,308852,1,5
308846,308846,308853,7,0
308846,308846,308853,7,0
308846,308846,308853,7,0
308846,308846,308853,7,0
308846,308850,308853,3,4
308846,308846,308853,7,0
308846,308846,308853,7,0
308846,308851,308852,1,5
308846,308851,308852,1,5
308846,308846,308853,7,0
308846,308846,308852,6,0
308846,308846,308853,7,0
308846,308846,308852,6,0
308846,308852,308853,1,6
308846,308852,308853,1,6
308846,308852,308853,1,6
308846,308846,308854,8,0
308846,308846,308854,8,0
308846,308852,308854,2,6
308846,308852,308854,2,6
308846,308846,308854,8,0
308846,308852,308854,2,6
308846,308852,308854,2,6
308846,308852,308854,2,6
308846,308852,308854,2,6
308846,308852,308853,1,6
308846,308846,308854,8,0
308846,308852,308853,1,6
308846,308852,308854,2,6
308846,308852,308853,1,6
308846,308846,308855,9,0
308846,308852,308854,2,6
308846,308846,308855,9,0
308846,308846,308855,9,0
308846,308846,308856,10,0
308846,308846,308855,9,0
308846,308846,308856,10,0
308846,308846,308855,9,0
308846,308846,308855,9,0
308846,308846,308856,10,0
308846,308846,308857,11,0
308868,308868,308869,1,0
308868,308868,308869,1,0
308868,308868,308869,1,0
308868,308868,308869,1,0
308868,308868,308869,1,0
308868,308868,308869,1,0
308868,308868,308869,1,0
308868,308868,308870,2,0
308868,308868,308871,3,0
308868,308868,308871,3,0
308868,308870,308871,1,2
308868,308870,308871,1,2
308868,308870,308872,2,2
308868,308871,308872,1,3
308868,308870,308872,2,2
308868,308870,308871,1,2
308868,308870,308872,2,2
308868,308870,308871,1,2
308868,308868,308873,5,0
308868,308868,308873,5,0
308868,308868,308873,5,0
308868,308871,308873,2,3
308868,308868,308872,4,0
308868,308868,308872,4,0
308868,308868,308873,5,0
308868,308868,308872,4,0
308868,308872,308873,1,4
308868,308868,308872,4,0
308868,308868,308873,5,0
308868,308868,308873,5,0
308868,308868,308874,6,0
308868,308872,308873,1,4
308868,308868,308873,5,0
308868,308872,308873,1,4
308868,308872,308874,2,4
308868,308872,308873,1,4
308868,308868,308873,5,0
308868,308872,308873,1,4
308868,308872,308873,1,4
308868,308872,308873,1,4
308868,308868,308874,6,0
308868,308868,308874,6,0
308868,308868,308874,6,0
308868,308873,308875,2,5
308868,308873,308875,2,5
308868,308872,308874,2,4
308868,308868,308875,7,0
308868,308868,308875,7,0
308868,308873,308874,1,5
308868,308868,308875,7,0
308868,308873,308875,2,5
308868,308873,308874,1,5
308868,308873,308875,2,5
308868,308873,308874,1,5
308868,308873,308874,1,5
308868,308868,308874,6,0
308868,308874,308875,1,6
308868,308874,308876,2,6
308868,308874,308876,2,6
308868,308873,308876,3,5
308868,308874,308875,1,6
308868,308868,308876,8,0
308868,308874,308875,1,6
308868,308874,308875,1,6
308868,308868,308876,8,0
308868,308874,308876,2,6
308868,308873,308876,3,5
308868,308868,308877,9,0
308868,308868,308877,9,0
308868,308868,308878,10,0
308868,308868,308877,9,0
308868,308868,308877,9,0
308868,308868,308878,10,0
308868,308868,308878,10,0
308868,308868,308879,11,0
308868,308868,308879,11,0
308868,308868,308878,10,0
308868,308868,308878,10,0
308868,308868,308879,11,0
308891,308891,308892,1,0
308891,308891,308893,2,0
308891,308891,308892,1,0
308891,308891,308892,1,0
308891,308891,308892,1,0
308891,308891,308892,1,0
308891,308891,308892,1,0
308891,308891,308893,2,0
308891,308891,308894,3,0
308891,308891,308893,2,0
308891,308891,308894,3,0
308891,308892,308894,2,1
308891,308893,308894,1,2
308891,308891,308894,3,0
308891,308893,308894,1,2
308891,308893,308895,2,2
308891,308893,308895,2,2
308891,308891,308895,4,0
308891,308891,308895,4,0
308891,308891,308895,4,0
308891,308891,308895,4,0
308891,308891,308895,4,0
308891,308895,308896,1,4
308891,308891,308896,5,0
308891,308893,308895,2,2
308891,308894,308895,1,3
308891,308894,308895,1,3
308891,308891,308896,5,0
308891,308895,308896,1,4
308891,308894,308896,2,3
308891,308891,308896,5,0
308891,308891,308896,5,0
308891,308891,308897,6,0
308891,308891,308896,5,0
308891,308891,308896,5,0
308891,308891,308896,5,0
308891,308891,308896,5,0
308891,308895,308897,2,4
308891,308891,308896,5,0
308891,308891,308896,5,0
308891,308895,308896,1,4
308891,308895,308897,2,4
308891,308893,308896,3,2
308891,308895,308896,1,4
308891,308896,308897,1,5
308891,308891,308898,7,0
308891,308896,308898,2,5
308891,308891,308898,7,0
308891,308896,308897,1,5
308891,308896,308897,1,5
308891,308896,308897,1,5
308891,308896,308897,1,5
308891,308896,308897,1,5
308891,308896,308897,1,5
308891,308896,308898,2,5
308891,308896,308898,2,5
308891,308896,308897,1,5
308891,308897,308899,2,6
308891,308897,308899,2,6
308891,308891,308898,7,0
308891,308895,308898,3,4
308891,308897,308899,2,6
308891,308891,308899,8,0
308891,308896,308898,2,5
308891,308897,308899,2,6
308891,308891,308900,9,0
308891,308896,308899,3,5
308891,308891,308899,8,0
308891,308897,308899,2,6
308891,308891,308899,8,0
308891,308891,308900,9,0
308891,308891,308900,9,0
308891,308891,308900,9,0
308891,308891,308900,9,0
308891,308891,308901,10,0
308891,308891,308903,12,0
308891,308891,308903,12,0
308891,308891,308904,13,0
308891,308891,308903,12,0
308915,308915,308916,1,0
308915,308915,308916,1,0
308915,308915,308916,1,0
308915,308915,308917,2,0
308915,308915,308917,2,0
308915,308915,308917,2,0
308915,308915,308917,2,0
308915,308915,308917,2,0
308915,308915,308919,4,0
308915,308917,308918,1,2
308915,308917,308918,1,2
308915,308915,308919,4,0
308915,308915,308919,4,0
308915,308916,308919,3,1
308915,308915,308919,4,0
308915,308915,308919,4,0
308915,308916,308919,3,1
308915,308915,308919,4,0
308915,308915,308919,4,0
308915,308915,308919,4,0
308915,308915,308919,4,0
308915,308915,308919,4,0
308915,308918,308919,1,3
308915,308918,308920,2,3
308915,308915,308919,4,0
308915,308918,308919,1,3
308915,308918,308920,2,3
308915,308918,308919,1,3
308915,308915,308919,4,0
308915,308915,308919,4,0
308915,308915,308920,5,0
308915,308915,308920,5,0
308915,308915,308920,5,0
308915,308918,308920,2,3
308915,308915,308920,5,0
308915,308915,308920,5,0
308915,308915,308920,5,0
308915,308915,308920,5,0
308915,308915,308921,6,0
308915,308915,308921,6,0
308915,308915,308921,6,0
308915,308916,308921,5,1
308915,308915,308921,6,0
308915,308920,308921,1,5
308915,308920,308922,2,5
308915,308915,308922,7,0
308915,308916,308922,6,1
308915,308915,308921,6,0
308915,308915,308921,6,0
308915,308920,308921,1,5
308915,308921,308922,1,6
308915,308915,308921,6,0
308915,308920,308921,1,5
308915,308915,308922,7,0
308915,308920,308921,1,5
308915,308920,308921,1,5
308915,308915,308921,6,0
308915,308919,308921,2,4
308915,308920,308921,1,5
308915,308920,308921,1,5
308915,308920,308921,1,5
308915,308920,308921,1,5
308915,308919,308921,2,4
308915,308919,308921,2,4
308915,308920,308921,1,5
308915,308920,308921,1,5
308915,308916,308922,6,1
308915,308921,308922,1,6
308915,308920,308922,2,5
308915,308921,308922,1,6
308915,308916,308923,7,1
308915,308920,308922,2,5
308915,308921,308922,1,6
308915,308920,308922,2,5
308915,308920,308922,2,5
308915,308920,308922,2,5
308915,308920,308923,3,5
308915,308920,308923,3,5
308935,308935,308936,1,0
308935,308935,308936,1,0
308935,308935,308936,1,0
308935,308935,308936,1,0
308935,308935,308936,1,0
308935,308935,308936,1,0
308935,308935,308936,1,0
308935,308935,308938,3,0
308935,308935,308938,3,0
308935,308936,308937,1,1
308935,308935,308939,4,0
308935,308935,308939,4,0
308935,308937,308938,1,2
308935,308937,308939,2,2
308935,308935,308939,4,0
308935,308937,308939,2,2
308935,308935,308938,3,0
308935,308935,308939,4,0
308935,308937,308938,1,2
308935,308938,308939,1,3
308935,308935,308939,4,0
308935,308937,308938,1,2
308935,308937,308939,2,2
308935,308935,308939,4,0
308935,308935,308939,4,0
308935,308935,308941,6,0
308935,308935,308941,6,0
308935,308935,308940,5,0
308935,308935,308941,6,0
308935,308935,308940,5,0
308935,308938,308940,2,3
308935,308935,308941,6,0
308935,308938,308941,3,3
308935,308935,308941,6,0
308935,308939,308941,2,4
308935,308935,308941,6,0
308935,308939,308941,2,4
308935,308939,308940,1,4
308935,308939,308941,2,4
308935,308935,308940,5,0
308935,308939,308941,2,4
308935,308939,308941,2,4
308935,308939,308941,2,4
308935,308939,308941,2,4
308935,308939,308940,1,4
308935,308939,308940,1,4
308935,308939,308941,2,4
308935,308939,308940,1,4
308935,308940,308941,1,5
308935,308940,308942,2,5
308935,308935,308942,7,0
308935,308935,308941,6,0
308935,308935,308941,6,0
308935,308935,308942,7,0
308935,308935,308942,7,0
308935,308935,308942,7,0
308935,308935,308942,7,0
308935,308941,308943,2,6
308935,308941,308943,2,6
308935,308935,308942,7,0
308935,308941,308943,2,6
308935,308935,308942,7,0
308935,308935,308942,7,0
308935,308941,308943,2,6
308935,308941,308943,2,6
308935,308935,308943,8,0
308935,308939,308943,4,4
308935,308941,308943,2,6
308935,308941,308944,3,6
308935,308941,308943,2,6
308935,308941,308943,2,6
308935,308941,308943,2,6
308935,308935,308945,10,0
308935,308935,308945,10,0
308935,308935,308945,10,0
308935,308935,308946,11,0
308935,308935,308947,12,0
308935,308935,308947,12,0
308935,308935,308948,13,0
308959,308959,308960,1,0
308959,308959,308960,1,0
308959,308959,308960,1,0
308959,308959,308960,1,0
308959,308959,308960,1,0
308959,308959,308960,1,0
308959,308959,308961,2,0
308959,308960,308961,1,1
308959,308961,308962,1,2
308959,308960,308961,1,1
308959,308960,308962,2,1
308959,308959,308962,3,0
308959,308959,308963,4,0
308959,308959,308962,3,0
308959,308959,308962,3,0
308959,308961,308962,1,2
308959,308961,308962,1,2
308959,308959,308962,3,0
308959,308961,308962,1,2
308959,308962,308963,1,3
308959,308962,308963,1,3
308959,308959,308964,5,0
308959,308962,308963,1,3
308959,308959,308963,4,0
308959,308962,308963,1,3
308959,308959,308964,5,0
308959,308959,308964,5,0
308959,308959,308964,5,0
308959,308963,308964,1,4
308959,308963,308965,2,4
308959,308959,308964,5,0
308959,308964,308965,1,5
308959,308963,308965,2,4
308959,308963,308964,1,4
308959,308959,308964,5,0
308959,308963,308964,1,4
308959,308963,308965,2,4
308959,308963,308965,2,4
308959,308959,308965,6,0
308959,308959,308965,6,0
308959,308959,308966,7,0
308959,308959,308965,6,0
308959,308959,308965,6,0
308959,308959,308966,7,0
308959,308964,308965,1,5
308959,308964,308965,1,5
308959,308964,308965,1,5
308959,308959,308965,6,0
308959,308964,308965,1,5
308959,308965,308966,1,6
308959,308963,308965,2,4
308959,308959,308966,7,0
308959,308959,308966,7,0
308959,308965,308967,2,6
308959,308959,308967,8,0
308959,308963,308966,3,4
308959,308965,308967,2,6
308959,308959,308966,7,0
308959,308965,308967,2,6
308959,308959,308966,7,0
308959,308965,308966,1,6
308959,308965,308966,1,6
308959,308965,308966,1,6
308959,308965,308966,1,6
308959,308965,308967,2,6
308959,308959,308967,8,0
308959,308959,308967,8,0
308959,308959,308968,9,0
308959,308965,308967,2,6
308959,308959,308968,9,0
308959,308959,308969,10,0
308959,308959,308968,9,0
308959,308959,308968,9,0
308959,308959,308969,10,0
308959,308959,308970,11,0
308959,308959,308969,10,0
308959,308959,308969,10,0
308959,308959,308970,11,0
308959,308959,308971,12,0
308982,308982,308983,1,0
308982,308982,308983,1,0
308982,308982,308983,1,0
308982,308982,308983,1,0
308982,308982,308983,1,0
308982,308982,308984,2,0
308982,308982,308984,2,0
308982,308982,308983,1,0
308982,308983,308985,2,1
308982,308982,308985,3,0
308982,308983,308985,2,1
308982,308983,308985,2,1
308982,308983,308985,2,1
308982,308983,308985,2,1
308982,308982,308986,4,0
308982,308982,308986,4,0
308982,308984,308986,2,2
308982,308985,308986,1,3
308982,308982,308987,5,0
308982,308982,308987,5,0
308982,308982,308987,5,0
308982,308982,308987,5,0
308982,308984,308987,3,2
308982,308986,308987,1,4
308982,308986,308987,1,4
308982,308986,308987,1,4
308982,308986,308987,1,4
308982,308986,308987,1,4
308982,308986,308988,2,4
308982,308982,308988,6,0
308982,308982,308988,6,0
308982,308982,308988,6,0
308982,308982,308988,6,0
308982,308982,308988,6,0
308982,308982,308988,6,0
308982,308987,308988,1,5
308982,308988,308989,1,6
308982,308988,308989,1,6
308982,308982,308988,6,0
308982,308987,308988,1,5
308982,308988,308989,1,6
308982,308982,308989,7,0
308982,308987,308989,2,5
308982,308982,308989,7,0
308982,308987,308990,3,5
308982,308982,308989,7,0
308982,308982,308989,7,0
308982,308988,308989,1,6
308982,308988,308989,1,6
308982,308982,308989,7,0
308982,308982,308989,7,0
308982,308988,308989,1,6
308982,308982,308989,7,0
308982,308982,308989,7,0
308982,308982,308990,8,0
308982,308989,308991,2,7
308982,308986,308990,4,4
308982,308989,308990,1,7
308982,308988,308990,2,6
308982,308989,308990,1,7
308982,308982,308990,8,0
308982,308982,308991,9,0
308982,308988,308990,2,6
308982,308988,308991,3,6
308982,308989,308991,2,7
308982,308982,308991,9,0
308982,308982,308991,9,0
308982,308982,308992,10,0
308982,308982,308992,10,0
308982,308982,308992,10,0
308982,308982,308992,10,0
308982,308986,308993,7,4
308982,308982,308993,11,0
308982,308982,308993,11,0
308982,308982,308993,11,0
308982,308982,308994,12,0
308982,308982,308996,14,0
309007,309007,309008,1,0
309007,309007,309008,1,0
309007,309007,309008,1,0
309007,309007,309008,1,0
309007,309007,309008,1,0
309007,309007,309008,1,0
309007,309007,309008,1,0
309007,309007,309009,2,0
309007,309008,309009,1,1
309007,309008,309009,1,1
309007,309007,309011,4,0
309007,309007,309010,3,0
309007,309009,309010,1,2
309007,309009,309010,1,2
309007,309009,309010,1,2
309007,309009,309010,1,2
309007,309010,309011,1,3
309007,309009,309010,1,2
309007,309007,309011,4,0
309007,309007,309011,4,0
309007,309010,309011,1,3
309007,309010,309011,1,3
309007,309007,309012,5,0
309007,309007,309013,6,0
309007,309007,309012,5,0
309007,309007,309012,5,0
309007,309007,309012,5,0
309007,309007,309012,5,0
309007,309007,309013,6,0
309007,309007,309012,5,0
309007,309007,309012,5,0
309007,309011,309012,1,4
309007,309007,309012,5,0
309007,309007,309013,6,0
309007,309011,309012,1,4
309007,309011,309012,1,4
309007,309011,309012,1,4
309007,309011,309013,2,4
309007,309011,309013,2,4
309007,309011,309013,2,4
309007,309012,309013,1,5
309007,309007,309013,6,0
309007,309007,309013,6,0
309007,309007,309013,6,0
309007,309012,309013,1,5
309007,309007,309013,6,0
309007,309011,309013,2,4
309007,309007,309013,6,0
309007,309007,309013,6,0
309007,309007,309013,6,0
309007,309012,309013,1,5
309007,309007,309013,6,0
309007,309012,309013,1,5
309007,309007,309013,6,0
309007,309007,309013,6,0
309007,309007,309014,7,0
309007,309013,309015,2,6
309007,309013,309015,2,6
309007,309013,309015,2,6
309007,309013,309015,2,6
309007,309013,309015,2,6
309007,309013,309015,2,6
309007,309013,309014,1,6
309007,309007,309014,7,0
309007,309007,309015,8,0
309007,309013,309014,1,6
309007,309013,309014,1,6
309007,309013,309014,1,6
309007,309007,309014,7,0
309007,309007,309015,8,0
309007,309013,309015,2,6
309007,309013,309015,2,6
309007,309007,309016,9,0
309007,309007,309015,8,0
309007,309007,309016,9,0
309007,309013,309016,3,6
309007,309007,309016,9,0
309007,309007,309018,11,0
309007,309007,309022,15,0
309033,309033,309034,1,0
309033,309033,309034,1,0
309033,309033,309035,2,0
309033,309033,309035,2,0
309033,309033,309035,2,0
309033,309033,309035,2,0
309033,309033,309036,3,0
309033,309034,309037,3,1
309033,309035,309036,1,2
309033,309035,309037,2,2
309033,309034,309037,3,1
309033,309036,309037,1,3
309033,309036,309037,1,3
309033,309036,309037,1,3
309033,309034,309037,3,1
309033,309036,309037,1,3
309033,309034,309038,4,1
309033,309037,309038,1,4
309033,309037,309038,1,4
309033,309034,309039,5,1
309033,309037,309038,1,4
309033,309034,309039,5,1
309033,309034,309039,5,1
309033,309034,309039,5,1
309033,309034,309039,5,1
309033,309033,309039,6,0
309033,309038,309039,1,5
309033,309034,309039,5,1
309033,309038,309039,1,5
309033,309039,309040,1,6
309033,309038,309039,1,5
309033,309038,309039,1,5
309033,309034,309039,5,1
309033,309038,309039,1,5
309033,309034,309041,7,1
309033,309038,309040,2,5
309033,309034,309040,6,1
309033,309037,309040,3,4
309033,309039,309040,1,6
309033,309034,309040,6,1
309033,309039,309040,1,6
309033,309040,309041,1,7
309033,309033,309040,7,0
309033,309039,309041,2,6
309033,309040,309041,1,7
309033,309034,309041,7,1
309033,309039,309041,2,6
309033,309034,309041,7,1
309033,309034,309042,8,1
309033,309040,309041,1,7
309033,309033,309041,8,0
309033,309040,309041,1,7
309033,309040,309041,1,7
309033,309040,309041,1,7
309033,309040,309041,1,7
309033,309040,309041,1,7
309033,309040,309041,1,7
309033,309034,309042,8,1
309033,309033,309042,9,0
309033,309034,309042,8,1
309033,309041,309042,1,8
309033,309034,309042,8,1
309033,309034,309042,8,1
309033,309034,309042,8,1
309033,309033,309043,10,0
309033,309034,309043,9,1
309033,309040,309043,3,7
309033,309040,309043,3,7
309033,309033,309043,10,0
309033,309033,309044,11,0
309033,309034,309044,10,1
309033,309033,309044,11,0
309033,309040,309044,4,7
309033,309040,309044,4,7
309033,309034,309045,11,1
309033,309034,309045,11,1
309033,309033,309046,13,0
309033,309034,309046,12,1
309033,309033,309046,13,0
309058,309058,309059,1,0
309058,309058,309059,1,0
309058,309058,309059,1,0
309058,309058,309059,1,0
309058,309058,309059,1,0
309058,309058,309059,1,0
309058,309058,309059,1,0
309058,309059,309060,1,1
309058,309058,309061,3,0
309058,309058,309061,3,0
309058,309058,309061,3,0
309058,309060,309061,1,2
309058,309060,309061,1,2
309058,309060,309061,1,2
309058,309060,309061,1,2
309058,309060,309061,1,2
309058,309060,309061,1,2
309058,309058,309063,5,0
309058,309058,309062,4,0
309058,309058,309062,4,0
309058,309062,309063,1,4
309058,309062,309063,1,4
309058,309061,309062,1,3
309058,309058,309064,6,0
309058,309062,309064,2,4
309058,309058,309063,5,0
309058,309058,309063,5,0
309058,309058,309063,5,0
309058,309062,309063,1,4
309058,309058,309063,5,0
309058,309062,309063,1,4
309058,309058,309063,5,0
309058,309062,309063,1,4
309058,309058,309065,7,0
309058,309058,309064,6,0
309058,309058,309064,6,0
309058,309058,309064,6,0
309058,309062,309064,2,4
309058,309063,309064,1,5
309058,309063,309065,2,5
309058,309064,309065,1,6
309058,309064,309065,1,6
309058,309058,309065,7,0
309058,309062,309066,4,4
309058,309058,309065,7,0
309058,309058,309066,8,0
309058,309058,309065,7,0
309058,309063,309065,2,5
309058,309064,309065,1,6
309058,309064,309065,1,6
309058,309058,309067,9,0
309058,309058,309066,8,0
309058,309064,309067,3,6
309058,309058,309067,9,0
309058,309064,309066,2,6
309058,309058,309066,8,0
309058,309064,309066,2,6
309058,309065,309066,1,7
309058,309058,309066,8,0
309058,309058,309066,8,0
309058,309058,309066,8,0
309058,309058,309066,8,0
309058,309058,309066,8,0
309058,309058,309067,9,0
309058,309058,309067,9,0
309058,309058,309067,9,0
309058,309063,309067,4,5
309058,309065,309067,2,7
309058,309063,309068,5,5
309058,309064,309067,3,6
309058,309064,309068,4,6
309058,309058,309069,11,0
309058,309058,309068,10,0
309058,309062,309068,6,4
309058,309058,309069,11,0
309058,309063,309068,5,5
309058,309064,309068,4,6
309058,309058,309070,12,0
309058,309058,309069,11,0
309081,309081,309082,1,0
309081,309081,309082,1,0
309081,309081,309083,2,0
309081,309081,309083,2,0
309081,309081,309082,1,0
309081,309081,309083,2,0
309081,309081,309083,2,0
309081,309083,309084,1,2
309081,309083,309084,1,2
309081,309081,309085,4,0
309081,309081,309085,4,0
309081,309081,309086,5,0
309081,309081,309086,5,0
309081,309084,309086,2,3
309081,309084,309086,2,3
309081,309081,309086,5,0
309081,309084,309086,2,3
309081,309081,309086,5,0
309081,309084,309086,2,3
309081,309081,309086,5,0
309081,309084,309086,2,3
309081,309081,309087,6,0
309081,309081,309087,6,0
309081,309081,309087,6,0
309081,309081,309087,6,0
309081,309081,309087,6,0
309081,309081,309087,6,0
309081,309081,309087,6,0
309081,309081,309088,7,0
309081,309081,309087,6,0
309081,309085,309088,3,4
309081,309081,309088,7,0
309081,309081,309088,7,0
309081,309087,309088,1,6
309081,309081,309088,7,0
309081,309087,309088,1,6
309081,309085,309088,3,4
309081,309088,309089,1,7
309081,309087,309088,1,6
309081,309088,309089,1,7
309081,309081,309089,8,0
309081,309086,309089,3,5
309081,309087,309089,2,6
309081,309087,309089,2,6
309081,309089,309090,1,8
309081,309081,309090,9,0
309081,309089,309090,1,8
309081,309087,309089,2,6
309081,309088,309089,1,7
309081,309088,309089,1,7
309081,309088,309089,1,7
309081,309087,309090,3,6
309081,309081,309091,10,0
309081,309081,309090,9,0
309081,309081,309090,9,0
309081,309089,309090,1,8
309081,309081,309090,9,0
309081,309088,309090,2,7
309081,309088,309090,2,7
309081,309087,309091,4,6
309081,309086,309091,5,5
309081,309088,309091,3,7
309081,309088,309092,4,7
309081,309081,309091,10,0
309081,309081,309092,11,0
309081,309088,309092,4,7
309081,309087,309092,5,6
309081,309081,309092,11,0
309081,309081,309093,12,0
309081,309088,309093,5,7
309081,309081,309093,12,0
309081,309081,309094,13,0
309081,309081,309097,16,0
309081,309081,309098,17,0
309081,309081,309099,18,0
309081,309081,309100,19,0
309081,309081,309100,19,0
309081,309081,309101,20,0
309113,309113,309114,1,0
309113,309113,309114,1,0
309113,309113,309114,1,0
309113,309113,309114,1,0
309113,309113,309114,1,0
309113,309113,309114,1,0
309113,309114,309115,1,1
309113,309113,309115,2,0
309113,309114,309115,1,1
309113,309113,309116,3,0
309113,309115,309116,1,2
309113,309114,309115,1,1
309113,309114,309115,1,1
309113,309113,309117,4,0
309113,309113,309116,3,0
309113,309113,309117,4,0
309113,309116,309117,1,3
309113,309116,309117,1,3
309113,309115,309116,1,2
309113,309115,309116,1,2
309113,309115,309116,1,2
309113,309115,309116,1,2
309113,309113,309117,4,0
309113,309113,309118,5,0
309113,309116,309118,2,3
309113,309113,309117,4,0
309113,309113,309117,4,0
309113,309117,309118,1,4
309113,309113,309118,5,0
309113,309116,309117,1,3
309113,309113,309118,5,0
309113,309113,309119,6,0
309113,309117,309119,2,4
309113,309117,309119,2,4
309113,309113,309118,5,0
309113,309117,309119,2,4
309113,309113,309119,6,0
309113,309113,309119,6,0
309113,309117,309118,1,4
309113,309113,309119,6,0
309113,309117,309119,2,4
309113,309117,309119,2,4
309113,309117,309118,1,4
309113,309117,309118,1,4
309113,309113,309119,6,0
309113,309113,309119,6,0
309113,309118,309120,2,5
309113,309113,309120,7,0
309113,309118,309119,1,5
309113,309118,309119,1,5
309113,309113,309120,7,0
309113,309113,309120,7,0
309113,309118,309119,1,5
309113,309118,309119,1,5
309113,309113,309120,7,0
309113,309113,309120,7,0
309113,309118,309119,1,5
309113,309113,309120,7,0
309113,309118,309120,2,5
309113,309119,309121,2,6
309113,309113,309121,8,0
309113,309119,309121,2,6
309113,309113,309120,7,0
309113,309113,309121,8,0
309113,309118,309121,3,5
309113,309119,309121,2,6
309113,309113,309121,8,0
309113,309113,309122,9,0
309113,309119,309121,2,6
309113,309113,309122,9,0
309113,309113,309122,9,0
309113,309113,309122,9,0
309113,309113,309123,10,0
309113,309113,309123,10,0
309113,309113,309123,10,0
309113,309113,309123,10,0
309113,309113,309125,12,0
309113,309118,309126,8,5
309113,309113,309130,17,0
309139,309139,309140,1,0
309139,309139,309140,1,0
309139,309139,309141,2,0
309139,309139,309141,2,0
309139,309139,309141,2,0
309139,309139,309141,2,0
309139,309140,309142,2,1
309139,309140,309142,2,1
309139,309142,309143,1,3
309139,309142,309143,1,3
309139,309142,309143,1,3
309139,309140,309143,3,1
309139,309140,309143,3,1
309139,309140,309143,3,1
309139,309142,309143,1,3
309139,309140,309143,3,1
309139,309142,309143,1,3
309139,309140,309144,4,1
309139,309142,309143,1,3
309139,309143,309144,1,4
309139,309143,309144,1,4
309139,309143,309144,1,4
309139,309140,309144,4,1
309139,309143,309144,1,4
309139,309140,309145,5,1
309139,309140,309145,5,1
309139,309140,309145,5,1
309139,309144,309145,1,5
309139,309140,309146,6,1
309139,309140,309145,5,1
309139,309144,309145,1,5
309139,309144,309145,1,5
309139,309140,309145,5,1
309139,309144,309146,2,5
309139,309140,309145,5,1
309139,309144,309145,1,5
309139,309140,309145,5,1
309139,309140,309146,6,1
309139,309144,309145,1,5
309139,309144,309145,1,5
309139,309144,309146,2,5
309139,309140,309146,6,1
309139,309144,309146,2,5
309139,309140,309146,6,1
309139,309140,309147,7,1
309139,309143,309146,3,4
309139,309139,309146,7,0
309139,309140,309147,7,1
309139,309140,309146,6,1
309139,309140,309146,6,1
309139,309140,309146,6,1
309139,309140,309146,6,1
309139,309146,309147,1,7
309139,309146,309147,1,7
309139,309146,309147,1,7
309139,309146,309147,1,7
309139,309145,309147,2,6
309139,309140,309148,8,1
309139,309144,309147,3,5
309139,309140,309147,7,1
309139,309144,309147,3,5
309139,309145,309147,2,6
309139,309146,309147,1,7
309139,309146,309147,1,7
309139,309146,309147,1,7
309139,309140,309149,9,1
309139,309140,309148,8,1
309139,309146,309148,2,7
309139,309146,309148,2,7
309139,309140,309149,9,1
309139,309140,309149,9,1
309139,309140,309150,10,1
309139,309140,309152,12,1
309139,309140,309152,12,1
309139,309140,309153,13,1
309139,309140,309153,13,1
309139,309140,309155,15,1
309166,309166,309167,1,0
309166,309166,309167,1,0
309166,309166,309167,1,0
309166,309166,309168,2,0
309166,309166,309167,1,0
309166,309166,309167,1,0
309166,309166,309167,1,0
309166,309166,309170,4,0
309166,309166,309169,3,0
309166,309168,309170,2,2
309166,309168,309169,1,2
309166,309168,309169,1,2
309166,309168,309170,2,2
309166,309168,309169,1,2
309166,309168,309170,2,2
309166,309168,309169,1,2
309166,309166,309170,4,0
309166,309170,309171,1,4
309166,309166,309170,4,0
309166,309166,309171,5,0
309166,309170,309171,1,4
309166,309166,309172,6,0
309166,309170,309172,2,4
309166,309166,309172,6,0
309166,309166,309172,6,0
309166,309170,309171,1,4
309166,309166,309172,6,0
309166,309170,309172,2,4
309166,309170,309171,1,4
309166,309166,309171,5,0
309166,309170,309172,2,4
309166,309170,309172,2,4
309166,309166,309171,5,0
309166,309166,309172,6,0
309166,309171,309172,1,5
309166,309166,309172,6,0
309166,309170,309172,2,4
309166,309166,309173,7,0
309166,309166,309172,6,0
309166,309171,309173,2,5
309166,309166,309173,7,0
309166,309166,309173,7,0
309166,309166,309173,7,0
309166,309171,309172,1,5
309166,309171,309173,2,5
309166,309166,309174,8,0
309166,309172,309173,1,6
309166,309172,309173,1,6
309166,309172,309174,2,6
309166,309172,309174,2,6
309166,309172,309173,1,6
309166,309172,309174,2,6
309166,309172,309173,1,6
309166,309172,309174,2,6
309166,309172,309174,2,6
309166,309172,309173,1,6
309166,309171,309173,2,5
309166,309172,309174,2,6
309166,309172,309174,2,6
309166,309166,309174,8,0
309166,309166,309175,9,0
309166,309166,309175,9,0
309166,309166,309175,9,0
309166,309166,309174,8,0
309166,309172,309175,3,6
309166,309166,309174,8,0
309166,309172,309175,3,6
309166,309166,309175,9,0
309166,309166,309175,9,0
309166,309166,309176,10,0
309166,309166,309176,10,0
309166,309166,309175,9,0
309166,309166,309177,11,0
309166,309166,309177,11,0
309166,309166,309177,11,0
309166,309166,309176,10,0
309166,309166,309177,11,0
309166,309166,309179,13,0
309166,309166,309186,20,0
309198,309199,309200,1,1
309198,309199,309200,1,1
309198,309198,309200,2,0
309198,309199,309200,1,1
309198,309199,309200,1,1
309198,309199,309200,1,1
309198,309199,309202,3,1
309198,309201,309203,2,3
309198,309199,309203,4,1
309198,309199,309203,4,1
309198,309199,309203,4,1
309198,309199,309203,4,1
309198,309201,309204,3,3
309198,309201,309203,2,3
309198,309201,309203,2,3
309198,309199,309203,4,1
309198,309203,309204,1,5
309198,309199,309204,5,1
309198,309199,309204,5,1
309198,309199,309204,5,1
309198,309199,309205,6,1
309198,309201,309204,3,3
309198,309199,309204,5,1
309198,309199,309204,5,1
309198,309201,309204,3,3
309198,309203,309205,2,5
309198,309199,309204,5,1
309198,309199,309204,5,1
309198,309204,309205,1,6
309198,309204,309205,1,6
309198,309199,309205,6,1
309198,309199,309205,6,1
309198,309199,309206,7,1
309198,309199,309205,6,1
309198,309204,309205,1,6
309198,309199,309205,6,1
309198,309199,309205,6,1
309198,309204,309205,1,6
309198,309204,309205,1,6
309198,309199,309205,6,1
309198,309204,309205,1,6
309198,309199,309205,6,1
309198,309199,309205,6,1
309198,309204,309205,1,6
309198,309199,309207,8,1
309198,309199,309206,7,1
309198,309204,309206,2,6
309198,309205,309206,1,7
309198,309205,309206,1,7
309198,309205,309206,1,7
309198,309199,309206,7,1
309198,309205,309206,1,7
309198,309205,309206,1,7
309198,309205,309206,1,7
309198,309205,309206,1,7
309198,309205,309207,2,7
309198,309205,309206,1,7
309198,309205,309206,1,7
309198,309199,309207,8,1
309198,309206,309207,1,8
309198,309199,309207,8,1
309198,309205,309207,2,7
309198,309205,309207,2,7
309198,309206,309207,1,8
309198,309206,309207,1,8
309198,309206,309207,1,8
309198,309206,309208,2,8
309198,309199,309208,9,1
309198,309199,309209,10,1
309198,309199,309208,9,1
309198,309199,309209,10,1
309198,309204,309209,5,6
309198,309199,309209,10,1
309198,309205,309209,4,7
309198,309199,309210,11,1
309198,309199,309211,12,1
309198,309199,309214,15,1
309198,309199,309215,16,1
309198,309199,309218,19,1
309229,309229,309230,1,0
309229,309229,309231,2,0
309229,309229,309230,1,0
309229,309229,309230,1,0
309229,309229,309230,1,0
309229,309229,309230,1,0
309229,309229,309232,3,0
309229,309231,309232,1,2
309229,309230,309232,2,1
309229,309231,309233,2,2
309229,309231,309233,2,2
309229,309232,309233,1,3
309229,309231,309232,1,2
309229,309232,309233,1,3
309229,309229,309233,4,0
309229,309229,309234,5,0
309229,309229,309234,5,0
309229,309231,309234,3,2
309229,309229,309234,5,0
309229,309232,309233,1,3
309229,309229,309235,6,0
309229,309229,309235,6,0
309229,309229,309234,5,0
309229,309233,309235,2,4
309229,309229,309235,6,0
309229,309229,309234,5,0
309229,309229,309235,6,0
309229,309233,309235,2,4
309229,309229,309234,5,0
309229,309233,309235,2,4
309229,309229,309235,6,0
309229,309233,309235,2,4
309229,309233,309235,2,4
309229,309229,309236,7,0
309229,309234,309236,2,5
309229,309229,309236,7,0
309229,309234,309236,2,5
309229,309234,309235,1,5
309229,309235,309236,1,6
309229,309229,309235,6,0
309229,309229,309236,7,0
309229,309234,309235,1,5
309229,309229,309235,6,0
309229,309234,309236,2,5
309229,309235,309236,1,6
309229,309229,309236,7,0
309229,309235,309236,1,6
309229,309235,309236,1,6
309229,309235,309236,1,6
309229,309235,309236,1,6
309229,309229,309237,8,0
309229,309229,309237,8,0
309229,309234,309237,3,5
309229,309235,309237,2,6
309229,309235,309236,1,6
309229,309235,309236,1,6
309229,309235,309236,1,6
309229,309235,309237,2,6
309229,309235,309236,1,6
309229,309229,309238,9,0
309229,309229,309238,9,0
309229,309236,309238,2,7
309229,309235,309238,3,6
309229,309229,309238,9,0
309229,309229,309238,9,0
309229,309229,309238,9,0
309229,309236,309238,2,7
309229,309229,309238,9,0
309229,309229,309239,10,0
309229,309229,309239,10,0
309229,309229,309239,10,0
309229,309229,309239,10,0
309229,309229,309239,10,0
309229,309229,309239,10,0
309229,309229,309240,11,0
309229,309229,309240,11,0
309229,309229,309240,11,0
309229,309229,309243,14,0
309229,309229,309243,14,0
309255,309255,309256,1,0
309255,309255,309256,1,0
309255,309255,309256,1,0
309255,309255,309256,1,0
309255,309255,309257,2,0
309255,309255,309257,2,0
309255,309255,309257,2,0
309255,309256,309258,2,1
309255,309256,309259,3,1
309255,309256,309259,3,1
309255,309257,309259,2,2
309255,309257,309260,3,2
309255,309257,309260,3,2
309255,309255,309260,5,0
309255,309256,309260,4,1
309255,309255,309260,5,0
309255,309258,309260,2,3
309255,309255,309260,5,0
309255,309255,309261,6,0
309255,309255,309261,6,0
309255,309255,309261,6,0
309255,309255,309261,6,0
309255,309255,309261,6,0
309255,309255,309261,6,0
309255,309255,309260,5,0
309255,309255,309261,6,0
309255,309259,309261,2,4
309255,309255,309261,6,0
309255,309255,309261,6,0
309255,309255,309262,7,0
309255,309255,309262,7,0
309255,309260,309262,2,5
309255,309260,309262,2,5
309255,309260,309263,3,5
309255,309261,309262,1,6
309255,309262,309263,1,7
309255,309255,309262,7,0
309255,309255,309262,7,0
309255,309261,309262,1,6
309255,309259,309262,3,4
309255,309260,309262,2,5
309255,309255,309263,8,0
309255,309261,309263,2,6
309255,309261,309263,2,6
309255,309255,309263,8,0
309255,309261,309263,2,6
309255,309262,309263,1,7
309255,309262,309263,1,7
309255,309262,309263,1,7
309255,309262,309263,1,7
309255,309262,309263,1,7
309255,309255,309264,9,0
309255,309261,309264,3,6
309255,309261,309264,3,6
309255,309255,309264,9,0
309255,309261,309264,3,6
309255,309261,309264,3,6
309255,309263,309264,1,8
309255,309255,309264,9,0
309255,309263,309264,1,8
309255,309255,309265,10,0
309255,309255,309265,10,0
309255,309255,309265,10,0
309255,309255,309265,10,0
309255,309255,309265,10,0
309255,309255,309265,10,0
309255,309255,309265,10,0
309255,309255,309266,11,0
309255,309255,309266,11,0
309255,309255,309267,12,0
309255,309255,309267,12,0
309255,309255,309268,13,0
309255,309255,309268,13,0
309255,309255,309268,13,0
309255,309255,309270,15,0
309281,309282,309283,1,1
309281,309282,309283,1,1
309281,309282,309283,1,1
309281,309282,309283,1,1
309281,309282,309283,1,1
309281,309282,309283,1,1
309281,309282,309284,2,1
309281,309284,309285,1,3
309281,309282,309286,4,1
309281,309284,309286,2,3
309281,309282,309286,4,1
309281,309284,309287,3,3
309281,309282,309286,4,1
309281,309285,309286,1,4
309281,309282,309287,5,1
309281,309282,309287,5,1
309281,309282,309287,5,1
309281,309282,309287,5,1
309281,309284,309287,3,3
309281,309282,309287,5,1
309281,309282,309287,5,1
309281,309282,309287,5,1
309281,309283,309287,4,2
309281,309286,309287,1,5
309281,309282,309287,5,1
309281,309282,309287,5,1
309281,309282,309287,5,1
309281,309284,309287,3,3
309281,309282,309288,6,1
309281,309282,309288,6,1
309281,309282,309288,6,1
309281,309288,309289,1,7
309281,309282,309288,6,1
309281,309288,309289,1,7
309281,309287,309289,2,6
309281,309287,309288,1,6
309281,309287,309289,2,6
309281,309287,309288,1,6
309281,309287,309288,1,6
309281,309282,309289,7,1
309281,309282,309289,7,1
309281,309282,309289,7,1
309281,309288,309289,1,7
309281,309282,309289,7,1
309281,309288,309289,1,7
309281,309289,309290,1,8
309281,309289,309290,1,8
309281,309288,309289,1,7
309281,309288,309289,1,7
309281,309288,309289,1,7
309281,309288,309289,1,7
309281,309288,309289,1,7
309281,309288,309289,1,7
309281,309288,309289,1,7
309281,309289,309290,1,8
309281,309288,309289,1,7
309281,309289,309290,1,8
309281,309289,309290,1,8
309281,309288,309290,2,7
309281,309287,309290,3,6
309281,309289,309291,2,8
309281,309282,309292,10,1
309281,309282,309291,9,1
309281,309288,309291,3,7
309281,309282,309291,9,1
309281,309282,309292,10,1
309281,309289,309292,3,8
309281,309282,309292,10,1
309281,309282,309292,10,1
309281,309282,309293,11,1
309281,309282,309293,11,1
309281,309282,309293,11,1
309281,309282,309294,12,1
309281,309282,309293,11,1
309281,309282,309294,12,1
309281,309282,309294,12,1
309281,309282,309294,12,1
309281,309282,309295,13,1
309281,309282,309296,14,1
309308,309308,309309,1,0
309308,309308,309309,1,0
309308,309308,309309,1,0
309308,309308,309309,1,0
309308,309308,309309,1,0
309308,309308,309309,1,0
309308,309308,309310,2,0
309308,309308,309312,4,0
309308,309309,309311,2,1
309308,309308,309312,4,0
309308,309310,309312,2,2
309308,309310,309312,2,2
309308,309308,309313,5,0
309308,309309,309312,3,1
309308,309310,309312,2,2
309308,309310,309312,2,2
309308,309311,309312,1,3
309308,309308,309313,5,0
309308,309308,309314,6,0
309308,309308,309313,5,0
309308,309308,309313,5,0
309308,309308,309313,5,0
309308,309308,309313,5,0
309308,309308,309313,5,0
309308,309308,309314,6,0
309308,309312,309314,2,4
309308,309308,309314,6,0
309308,309312,309314,2,4
309308,309308,309315,7,0
309308,309308,309314,6,0
309308,309308,309314,6,0
309308,309313,309314,1,5
309308,309313,309315,2,5
309308,309313,309314,1,5
309308,309313,309314,1,5
309308,309313,309314,1,5
309308,309308,309315,7,0
309308,309313,309314,1,5
309308,309314,309315,1,6
309308,309308,309315,7,0
309308,309308,309315,7,0
309308,309314,309316,2,6
309308,309313,309315,2,5
309308,309314,309315,1,6
309308,309314,309315,1,6
309308,309314,309315,1,6
309308,309314,309315,1,6
309308,309308,309316,8,0
309308,309313,309315,2,5
309308,309314,309315,1,6
309308,309314,309315,1,6
309308,309314,309315,1,6
309308,309314,309315,1,6
309308,309308,309316,8,0
309308,309308,309316,8,0
309308,309308,309316,8,0
309308,309315,309317,2,7
309308,309315,309316,1,7
309308,309315,309316,1,7
309308,309315,309316,1,7
309308,309315,309316,1,7
309308,309315,309316,1,7
309308,309315,309316,1,7
309308,309308,309317,9,0
309308,309308,309317,9,0
309308,309308,309318,10,0
309308,309314,309317,3,6
309308,309308,309317,9,0
309308,309308,309317,9,0
309308,309308,309317,9,0
309308,309308,309317,9,0
309308,309308,309317,9,0
309308,309308,309318,10,0
309308,309308,309319,11,0
309308,309308,309320,12,0
309308,309308,309319,11,0
309308,309308,309319,11,0
309308,309308,309319,11,0
309308,309308,309320,12,0
309332,309332,309333,1,0
309332,309332,309333,1,0
309332,309332,309333,1,0
309332,309332,309333,1,0
309332,309332,309333,1,0
309332,309332,309333,1,0
309332,309332,309335,3,0
309332,309332,309334,2,0
309332,309332,309336,4,0
309332,309332,309336,4,0
309332,309332,309335,3,0
309332,309334,309336,2,2
309332,309334,309336,2,2
309332,309332,309336,4,0
309332,309334,309336,2,2
309332,309332,309337,5,0
309332,309334,309336,2,2
309332,309335,309337,2,3
309332,309332,309338,6,0
309332,309333,309337,4,1
309332,309334,309338,4,2
309332,309332,309338,6,0
309332,309336,309338,2,4
309332,309336,309338,2,4
309332,309332,309339,7,0
309332,309332,309338,6,0
309332,309332,309339,7,0
309332,309336,309339,3,4
309332,309336,309339,3,4
309332,309332,309338,6,0
309332,309332,309339,7,0
309332,309338,309339,1,6
309332,309337,309339,2,5
309332,309337,309339,2,5
309332,309337,309339,2,5
309332,309337,309339,2,5
309332,309332,309339,7,0
309332,309332,309340,8,0
309332,309332,309340,8,0
309332,309336,309339,3,4
309332,309332,309339,7,0
309332,309337,309339,2,5
309332,309338,309339,1,6
309332,309332,309339,7,0
309332,309332,309339,7,0
309332,309339,309340,1,7
309332,309339,309340,1,7
309332,309332,309339,7,0
309332,309332,309339,7,0
309332,309338,309340,2,6
309332,309332,309339,7,0
309332,309338,309339,1,6
309332,309339,309340,1,7
309332,309338,309340,2,6
309332,309338,309340,2,6
309332,309332,309340,8,0
309332,309332,309341,9,0
309332,309332,309340,8,0
309332,309335,309341,6,3
309332,309339,309341,2,7
309332,309339,309341,2,7
309332,309339,309341,2,7
309332,309339,309340,1,7
309332,309332,309341,9,0
309332,309339,309340,1,7
309332,309332,309341,9,0
309332,309339,309341,2,7
309332,309339,309341,2,7
309332,309332,309342,10,0
309332,309339,309342,3,7
309332,309332,309342,10,0
309332,309332,309343,11,0
309332,309332,309343,11,0
309332,309332,309344,12,0
309332,309332,309345,13,0
309332,309332,309345,13,0
309332,309332,309346,14,0
309332,309332,309347,15,0
309332,309332,309349,17,0
309361,309361,309362,1,0
309361,309361,309362,1,0
309361,309361,309363,2,0
309361,309361,309363,2,0
309361,309361,309363,2,0
309361,309361,309363,2,0
309361,309363,309364,1,2
309361,309361,309364,3,0
309361,309363,309364,1,2
309361,309364,309365,1,3
309361,309364,309365,1,3
309361,309364,309365,1,3
309361,309361,309366,5,0
309361,309364,309366,2,3
309361,309361,309366,5,0
309361,309365,309366,1,4
309361,309365,309366,1,4
309361,309361,309367,6,0
309361,309362,309367,5,1
309361,309362,309367,5,1
309361,309362,309367,5,1
309361,309362,309367,5,1
309361,309362,309367,5,1
309361,309362,309367,5,1
309361,309361,309367,6,0
309361,309365,309367,2,4
309361,309361,309368,7,0
309361,309362,309368,6,1
309361,309361,309368,7,0
309361,309362,309368,6,1
309361,309362,309368,6,1
309361,309361,309368,7,0
309361,309366,309368,2,5
309361,309361,309368,7,0
309361,309361,309368,7,0
309361,309366,309368,2,5
309361,309366,309368,2,5
309361,309362,309369,7,1
309361,309368,309370,2,7
309361,309367,309369,2,6
309361,309367,309369,2,6
309361,309368,309369,1,7
309361,309368,309369,1,7
309361,309361,309369,8,0
309361,309367,309369,2,6
309361,309368,309369,1,7
309361,309362,309370,8,1
309361,309369,309370,1,8
309361,309368,309370,2,7
309361,309361,309370,9,0
309361,309368,309370,2,7
309361,309369,309370,1,8
309361,309369,309370,1,8
309361,309367,309370,3,6
309361,309369,309370,1,8
309361,309369,309370,1,8
309361,309369,309370,1,8
309361,309369,309370,1,8
309361,309361,309372,11,0
309361,309361,309371,10,0
309361,309361,309371,10,0
309361,309367,309372,5,6
309361,309361,309371,10,0
309361,309368,309371,3,7
309361,309361,309371,10,0
309361,309368,309371,3,7
309361,309361,309371,10,0
309361,309362,309371,9,1
309361,309361,309371,10,0
309361,309368,309373,5,7
309361,309361,309372,11,0
309361,309361,309372,11,0
309361,309369,309372,3,8
309361,309361,309372,11,0
309361,309361,309372,11,0
309361,309361,309373,12,0
309361,309368,309373,5,7
309361,309361,309374,13,0
309361,309361,309375,14,0
309387,309387,309388,1,0
309387,309387,309388,1,0
309387,309387,309389,2,0
309387,309387,309389,2,0
309387,309387,309388,1,0
309387,309387,309388,1,0
309387,309387,309389,2,0
309387,309388,309390,2,1
309387,309388,309391,3,1
309387,309387,309392,5,0
309387,309389,309391,2,2
309387,309389,309391,2,2
309387,309389,309391,2,2
309387,309389,309392,3,2
309387,309387,309392,5,0
309387,309387,309393,6,0
309387,309387,309392,5,0
309387,309387,309392,5,0
309387,309390,309392,2,3
309387,309390,309392,2,3
309387,309391,309392,1,4
309387,309387,309393,6,0
309387,309387,309393,6,0
309387,309387,309394,7,0
309387,309387,309394,7,0
309387,309387,309393,6,0
309387,309387,309394,7,0
309387,309387,309393,6,0
309387,309392,309394,2,5
309387,309387,309394,7,0
309387,309392,309394,2,5
309387,309387,309395,8,0
309387,309387,309395,8,0
309387,309387,309394,7,0
309387,309387,309394,7,0
309387,309392,309395,3,5
309387,309392,309395,3,5
309387,309387,309395,8,0
309387,309393,309395,2,6
309387,309394,309395,1,7
309387,309387,309394,7,0
309387,309387,309396,9,0
309387,309387,309395,8,0
309387,309387,309395,8,0
309387,309392,309395,3,5
309387,309387,309396,9,0
309387,309387,309396,9,0
309387,309392,309395,3,5
309387,309395,309396,1,8
309387,309395,309396,1,8
309387,309387,309396,9,0
309387,309393,309395,2,6
309387,309387,309396,9,0
309387,309394,309395,1,7
309387,309394,309395,1,7
309387,309394,309395,1,7
309387,309394,309396,2,7
309387,309387,309397,10,0
309387,309387,309397,10,0
309387,309394,309397,3,7
309387,309387,309397,10,0
309387,309394,309397,3,7
309387,309395,309397,2,8
309387,309394,309397,3,7
309387,309387,309397,10,0
309387,309393,309396,3,6
309387,309393,309396,3,6
309387,309387,309398,11,0
309387,309387,309398,11,0
309387,309394,309398,4,7
309387,309395,309397,2,8
309387,309394,309399,5,7
309387,309387,309399,12,0
309387,309387,309399,12,0
309387,309387,309399,12,0
309387,309393,309399,6,6
309387,309393,309399,6,6
309387,309387,309399,12,0
309387,309387,309403,16,0
309414,309414,309416,2,0
309414,309414,309416,2,0
309414,309414,309416,2,0
309414,309414,309416,2,0
309414,309414,309416,2,0
309414,309414,309416,2,0
309414,309414,309417,3,0
309414,309414,309419,5,0
309414,309417,309419,2,3
309414,309417,309419,2,3
309414,309417,309419,2,3
309414,309414,309419,5,0
309414,309417,309419,2,3
309414,309417,309419,2,3
309414,309414,309420,6,0
309414,309415,309420,5,1
309414,309414,309420,6,0
309414,309414,309420,6,0
309414,309414,309421,7,0
309414,309417,309420,3,3
309414,309414,309420,6,0
309414,309418,309420,2,4
309414,309414,309421,7,0
309414,309420,309421,1,6
309414,309420,309421,1,6
309414,309420,309421,1,6
309414,309414,309421,7,0
309414,309420,309421,1,6
309414,309414,309421,7,0
309414,309414,309421,7,0
309414,309414,309422,8,0
309414,309414,309422,8,0
309414,309414,309422,8,0
309414,309414,309422,8,0
309414,309414,309422,8,0
309414,309420,309422,2,6
309414,309414,309422,8,0
309414,309421,309422,1,7
309414,309421,309422,1,7
309414,309421,309422,1,7
309414,309420,309422,2,6
309414,309421,309422,1,7
309414,309422,309423,1,8
309414,309414,309423,9,0
309414,309414,309423,9,0
309414,309420,309423,3,6
309414,309414,309423,9,0
309414,309414,309423,9,0
309414,309422,309423,1,8
309414,309414,309423,9,0
309414,309414,309423,9,0
309414,309422,309423,1,8
309414,309422,309423,1,8
309414,309422,309423,1,8
309414,309422,309423,1,8
309414,309422,309423,1,8
309414,309414,309424,10,0
309414,309423,309424,1,9
309414,309423,309424,1,9
309414,309422,309424,2,8
309414,309414,309424,10,0
309414,309423,309424,1,9
309414,309414,309424,10,0
309414,309423,309424,1,9
309414,309421,309424,3,7
309414,309414,309425,11,0
309414,309414,309425,11,0
309414,309423,309425,2,9
309414,309414,309425,11,0
309414,309414,309425,11,0
309414,309421,309425,4,7
309414,309414,309425,11,0
309414,309421,309426,5,7
309414,309414,309426,12,0
309414,309414,309426,12,0
309414,309414,309426,12,0
309414,309414,309426,12,0
309414,309421,309426,5,7
309414,309414,309429,15,0
309440,309440,309441,1,0
309440,309440,309441,1,0
309440,309440,309442,2,0
309440,309440,309441,1,0
309440,309440,309441,1,0
309440,309440,309441,1,0
309440,309440,309443,3,0
309440,309440,309445,5,0
309440,309440,309445,5,0
309440,309442,309444,2,2
309440,309440,309445,5,0
309440,309442,309444,2,2
309440,309442,309445,3,2
309440,309442,309444,2,2
309440,309442,309444,2,2
309440,309440,309446,6,0
309440,309440,309446,6,0
309440,309440,309445,5,0
309440,309442,309445,3,2
309440,309440,309446,6,0
309440,309440,309446,6,0
309440,309440,309446,6,0
309440,309443,309446,3,3
309440,309440,309447,7,0
309440,309440,309447,7,0
309440,309440,309447,7,0
309440,309440,309447,7,0
309440,309445,309446,1,5
309440,309440,309447,7,0
309440,309445,309446,1,5
309440,309445,309446,1,5
309440,309440,309446,6,0
309440,309445,309447,2,5
309440,309440,309447,7,0
309440,309445,309447,2,5
309440,309445,309447,2,5
309440,309440,309447,7,0
309440,309440,309448,8,0
309440,309446,309448,2,6
309440,309447,309448,1,7
309440,309446,309448,2,6
309440,309446,309448,2,6
309440,309446,309448,2,6
309440,309440,309448,8,0
309440,309447,309448,1,7
309440,309447,309448,1,7
309440,309447,309448,1,7
309440,309445,309448,3,5
309440,309446,309448,2,6
309440,309440,309448,8,0
309440,309440,309449,9,0
309440,309440,309448,8,0
309440,309440,309448,8,0
309440,309440,309449,9,0
309440,309440,309449,9,0
309440,309447,309448,1,7
309440,309447,309448,1,7
309440,309447,309448,1,7
309440,309447,309449,2,7
309440,309447,309450,3,7
309440,309440,309450,10,0
309440,309440,309450,10,0
309440,309447,309449,2,7
309440,309440,309450,10,0
309440,309446,309450,4,6
309440,309440,309449,9,0
309440,309447,309450,3,7
309440,309446,309450,4,6
309440,309446,309451,5,6
309440,309440,309452,12,0
309440,309440,309452,12,0
309440,309447,309452,5,7
309440,309440,309451,11,0
309440,309440,309452,12,0
309440,309445,309453,8,5
309440,309440,309454,14,0
309440,309440,309454,14,0
309440,309440,309454,14,0
309440,309440,309454,14,0
309466,309466,309467,1,0
309466,309466,309467,1,0
309466,309466,309467,1,0
309466,309466,309467,1,0
309466,309466,309467,1,0
309466,309466,309467,1,0
309466,309466,309468,2,0
309466,309467,309470,3,1
309466,309467,309470,3,1
309466,309466,309471,5,0
309466,309466,309471,5,0
309466,309466,309471,5,0
309466,309466,309471,5,0
309466,309467,309470,3,1
309466,309467,309470,3,1
309466,309466,309471,5,0
309466,309467,309471,4,1
309466,309468,309470,2,2
309466,309466,309471,5,0
309466,309466,309472,6,0
309466,309466,309471,5,0
309466,309466,309471,5,0
309466,309466,309472,6,0
309466,309466,309471,5,0
309466,309466,309471,5,0
309466,309470,309472,2,4
309466,309466,309472,6,0
309466,309470,309472,2,4
309466,309471,309472,1,5
309466,309466,309473,7,0
309466,309466,309472,6,0
309466,309466,309473,7,0
309466,309466,309473,7,0
309466,309471,309472,1,5
309466,309471,309473,2,5
309466,309466,309473,7,0
309466,309466,309473,7,0
309466,309471,309473,2,5
309466,309466,309473,7,0
309466,309466,309473,7,0
309466,309471,309473,2,5
309466,309471,309473,2,5
309466,309466,309473,7,0
309466,309468,309472,4,2
309466,309466,309472,6,0
309466,309472,309473,1,6
309466,309466,309473,7,0
309466,309466,309473,7,0
309466,309466,309473,7,0
309466,309472,309474,2,6
309466,309473,309474,1,7
309466,309472,309474,2,6
309466,309472,309473,1,6
309466,309472,309474,2,6
309466,309472,309474,2,6
309466,309472,309475,3,6
309466,309472,309474,2,6
309466,309471,309475,4,5
309466,309472,309474,2,6
309466,309472,309475,3,6
309466,309466,309474,8,0
309466,309471,309475,4,5
309466,309471,309475,4,5
309466,309472,309474,2,6
309466,309473,309475,2,7
309466,309473,309474,1,7
309466,309473,309475,2,7
309466,309473,309474,1,7
309466,309466,309476,10,0
309466,309473,309475,2,7
309466,309466,309475,9,0
309466,309466,309476,10,0
309466,309466,309477,11,0
309466,309466,309478,12,0
309466,309466,309478,12,0
309466,309466,309479,13,0
309466,309466,309479,13,0
309466,309466,309480,14,0
309466,309466,309480,14,0
309492,309492,309493,1,0
309492,309492,309493,1,0
309492,309492,309494,2,0
309492,309492,309494,2,0
309492,309492,309494,2,0
309492,309492,309493,1,0
309492,309492,309494,2,0
309492,309494,309496,2,2
309492,309492,309497,5,0
309492,309492,309497,5,0
309492,309493,309497,4,1
309492,309494,309497,3,2
309492,309495,309497,2,3
309492,309495,309497,2,3
309492,309493,309498,5,1
309492,309492,309498,6,0
309492,309493,309498,5,1
309492,309492,309498,6,0
309492,309495,309498,3,3
309492,309492,309498,6,0
309492,309495,309498,3,3
309492,309498,309499,1,6
309492,309495,309498,3,3
309492,309492,309498,6,0
309492,309493,309499,6,1
309492,309492,309499,7,0
309492,309493,309499,6,1
309492,309492,309499,7,0
309492,309492,309500,8,0
309492,309492,309499,7,0
309492,309492,309499,7,0
309492,309492,309500,8,0
309492,309492,309500,8,0
309492,309492,309500,8,0
309492,309492,309500,8,0
309492,309497,309499,2,5
309492,309498,309499,1,6
309492,309498,309500,2,6
309492,309493,309500,7,1
309492,309493,309500,7,1
309492,309492,309500,8,0
309492,309493,309500,7,1
309492,309493,309500,7,1
309492,309492,309500,8,0
309492,309492,309500,8,0
309492,309499,309500,1,7
309492,309499,309500,1,7
309492,309499,309500,1,7
309492,309499,309500,1,7
309492,309499,309500,1,7
309492,309499,309500,1,7
309492,309498,309500,2,6
309492,309499,309500,1,7
309492,309500,309501,1,8
309492,309498,309500,2,6
309492,309499,309500,1,7
309492,309500,309501,1,8
309492,309492,309501,9,0
309492,309492,309501,9,0
309492,309499,309501,2,7
309492,309492,309501,9,0
309492,309499,309501,2,7
309492,309498,309501,3,6
309492,309500,309502,2,8
309492,309500,309501,1,8
309492,309500,309501,1,8
309492,309500,309501,1,8
309492,309500,309501,1,8
309492,309500,309501,1,8
309492,309500,309501,1,8
309492,309492,309502,10,0
309492,309492,309502,10,0
309492,309500,309502,2,8
309492,309492,309503,11,0
309492,309500,309502,2,8
309492,309492,309503,11,0
309492,309492,309505,13,0
309492,309492,309506,14,0
309492,309492,309507,15,0
309519,309519,309520,1,0
309519,309519,309520,1,0
309519,309519,309520,1,0
309519,309519,309520,1,0
309519,309519,309520,1,0
309519,309519,309520,1,0
309519,309519,309520,1,0
309519,309521,309524,3,2
309519,309521,309524,3,2
309519,309521,309524,3,2
309519,309521,309523,2,2
309519,309521,309524,3,2
309519,309519,309525,6,0
309519,309519,309525,6,0
309519,309519,309525,6,0
309519,309519,309524,5,0
309519,309521,309524,3,2
309519,309519,309525,6,0
309519,309521,309524,3,2
309519,309519,309525,6,0
309519,309519,309526,7,0
309519,309519,309526,7,0
309519,309519,309526,7,0
309519,309519,309525,6,0
309519,309519,309525,6,0
309519,309519,309526,7,0
309519,309524,309526,2,5
309519,309519,309526,7,0
309519,309519,309526,7,0
309519,309519,309525,6,0
309519,309524,309526,2,5
309519,309519,309526,7,0
309519,309524,309526,2,5
309519,309524,309526,2,5
309519,309525,309526,1,6
309519,309519,309526,7,0
309519,309519,309526,7,0
309519,309519,309527,8,0
309519,309519,309526,7,0
309519,309519,309527,8,0
309519,309524,309526,2,5
309519,309519,309527,8,0
309519,309525,309527,2,6
309519,309526,309527,1,7
309519,309525,309527,2,6
309519,309525,309527,2,6
309519,309526,309528,2,7
309519,309519,309528,9,0
309519,309519,309527,8,0
309519,309519,309527,8,0
309519,309526,309527,1,7
309519,309526,309527,1,7
309519,309526,309527,1,7
309519,309526,309527,1,7
309519,309526,309528,2,7
309519,309519,309527,8,0
309519,309526,309528,2,7
309519,309519,309528,9,0
309519,309526,309527,1,7
309519,309526,309527,1,7
309519,309526,309527,1,7
309519,309526,309527,1,7
309519,309519,309529,10,0
309519,309519,309529,10,0
309519,309526,309529,3,7
309519,309525,309529,4,6
309519,309525,309529,4,6
309519,309519,309529,10,0
309519,309525,309528,3,6
309519,309526,309529,3,7
309519,309519,309529,10,0
309519,309519,309530,11,0
309519,309519,309529,10,0
309519,309526,309530,4,7
309519,309519,309530,11,0
309519,309526,309531,5,7
309519,309519,309533,14,0
309519,309519,309534,15,0
309519,309519,309536,17,0
309546,309546,309547,1,0
309546,309546,309547,1,0
309546,309546,309547,1,0
309546,309546,309548,2,0
309546,309546,309547,1,0
309546,309546,309548,2,0
309546,309546,309547,1,0
309546,309547,309550,3,1
309546,309548,309551,3,2
309546,309548,309551,3,2
309546,309548,309550,2,2
309546,309546,309552,6,0
309546,309548,309552,4,2
309546,309548,309552,4,2
309546,309546,309553,7,0
309546,309546,309553,7,0
309546,309546,309553,7,0
309546,309546,309553,7,0
309546,309548,309553,5,2
309546,309546,309553,7,0
309546,309551,309553,2,5
309546,309550,309552,2,4
309546,309546,309553,7,0
309546,309546,309554,8,0
309546,309546,309553,7,0
309546,309546,309554,8,0
309546,309546,309554,8,0
309546,309546,309554,8,0
309546,309546,309554,8,0
309546,309552,309554,2,6
309546,309546,309554,8,0
309546,309546,309554,8,0
309546,309546,309554,8,0
309546,309551,309554,3,5
309546,309551,309554,3,5
309546,309546,309554,8,0
309546,309546,309553,7,0
309546,309553,309554,1,7
309546,309553,309554,1,7
309546,309546,309554,8,0
309546,309546,309554,8,0
309546,309552,309554,2,6
309546,309546,309555,9,0
309546,309546,309555,9,0
309546,309546,309555,9,0
309546,309553,309555,2,7
309546,309554,309555,1,8
309546,309554,309555,1,8
309546,309553,309554,1,7
309546,309554,309555,1,8
309546,309546,309555,9,0
309546,309546,309556,10,0
309546,309546,309556,10,0
309546,309546,309556,10,0
309546,309546,309556,10,0
309546,309546,309556,10,0
309546,309553,309556,3,7
309546,309546,309556,10,0
309546,309546,309555,9,0
309546,309553,309556,3,7
309546,309552,309556,4,6
309546,309553,309556,3,7
309546,309546,309556,10,0
309546,309554,309556,2,8
309546,309554,309555,1,8
309546,309555,309556,1,9
309546,309555,309556,1,9
309546,309546,309557,11,0
309546,309554,309557,3,8
309546,309553,309557,4,7
309546,309554,309557,3,8
309546,309554,309556,2,8
309546,309546,309557,11,0
309546,309546,309558,12,0
309546,309554,309558,4,8
309546,309554,309558,4,8
309546,309546,309561,15,0
309546,309546,309563,17,0
309575,309575,309576,1,0
309575,309575,309576,1,0
309575,309575,309576,1,0
309575,309575,309576,1,0
309575,309575,309576,1,0
309575,309575,309576,1,0
309575,309575,309577,2,0
309575,309575,309578,3,0
309575,309576,309578,2,1
309575,309576,309578,2,1
309575,309576,309578,2,1
309575,309576,309578,2,1
309575,309577,309579,2,2
309575,309577,309579,2,2
309575,309575,309581,6,0
309575,309575,309580,5,0
309575,309579,309580,1,4
309575,309579,309580,1,4
309575,309578,309580,2,3
309575,309579,309581,2,4
309575,309575,309581,6,0
309575,309575,309581,6,0
309575,309575,309582,7,0
309575,309575,309582,7,0
309575,309575,309581,6,0
309575,309575,309582,7,0
309575,309580,309581,1,5
309575,309575,309581,6,0
309575,309580,309581,1,5
309575,309581,309582,1,6
309575,309581,309582,1,6
309575,309579,309581,2,4
309575,309581,309582,1,6
309575,309575,309581,6,0
309575,309575,309581,6,0
309575,309575,309582,7,0
309575,309575,309582,7,0
309575,309575,309582,7,0
309575,309575,309582,7,0
309575,309575,309582,7,0
309575,309575,309582,7,0
309575,309579,309582,3,4
309575,309582,309583,1,7
309575,309575,309583,8,0
309575,309575,309582,7,0
309575,309581,309582,1,6
309575,309581,309582,1,6
309575,309582,309583,1,7
309575,309575,309583,8,0
309575,309575,309583,8,0
309575,309582,309583,1,7
309575,309575,309583,8,0
309575,309582,309584,2,7
309575,309575,309584,9,0
309575,309582,309583,1,7
309575,309582,309583,1,7
309575,309575,309583,8,0
309575,309575,309583,8,0
309575,309582,309583,1,7
309575,309575,309583,8,0
309575,309575,309583,8,0
309575,309582,309583,1,7
309575,309575,309583,8,0
309575,309582,309583,1,7
309575,309582,309583,1,7
309575,309582,309583,1,7
309575,309582,309583,1,7
309575,309582,309583,1,7
309575,309582,309583,1,7
309575,309575,309585,10,0
309575,309581,309584,3,6
309575,309575,309584,9,0
309575,309582,309584,2,7
309575,309575,309585,10,0
309575,309575,309586,11,0
309575,309575,309586,11,0
309575,309575,309587,12,0
309575,309575,309587,12,0
309575,309575,309589,14,0
309600,309600,309601,1,0
309600,309600,309601,1,0
309600,309600,309601,1,0
309600,309600,309601,1,0
309600,309600,309601,1,0
309600,309600,309601,1,0
309600,309600,309601,1,0
309600,309602,309604,2,2
309600,309602,309603,1,2
309600,309602,309605,3,2
309600,309601,309604,3,1
309600,309602,309604,2,2
309600,309602,309606,4,2
309600,309604,309605,1,4
309600,309602,309605,3,2
309600,309604,309606,2,4
309600,309600,309607,7,0
309600,309600,309606,6,0
309600,309600,309607,7,0
309600,309600,309607,7,0
309600,309606,309607,1,6
309600,309600,309606,6,0
309600,309605,309606,1,5
309600,309605,309606,1,5
309600,309600,309607,7,0
309600,309600,309607,7,0
309600,309600,309607,7,0
309600,309600,309607,7,0
309600,309600,309608,8,0
309600,309600,309608,8,0
309600,309600,309607,7,0
309600,309605,309607,2,5
309600,309600,309607,7,0
309600,309606,309608,2,6
309600,309600,309608,8,0
309600,309600,309608,8,0
309600,309606,309607,1,6
309600,309606,309607,1,6
309600,309600,309608,8,0
309600,309600,309608,8,0
309600,309600,309608,8,0
309600,309607,309609,2,7
309600,309607,309608,1,7
309600,309607,309608,1,7
309600,309600,309609,9,0
309600,309607,309608,1,7
309600,309607,309609,2,7
309600,309608,309609,1,8
309600,309607,309608,1,7
309600,309608,309609,1,8
309600,309607,309608,1,7
309600,309600,309608,8,0
309600,309607,309608,1,7
309600,309608,309609,1,8
309600,309600,309610,10,0
309600,309600,309609,9,0
309600,309600,309610,10,0
309600,309600,309609,9,0
309600,309600,309609,9,0
309600,309600,309609,9,0
309600,309608,309610,2,8
309600,309608,309610,2,8
309600,309607,309609,2,7
309600,309608,309610,2,8
309600,309600,309610,10,0
309600,309608,309609,1,8
309600,309608,309609,1,8
309600,309600,309611,11,0
309600,309600,309610,10,0
309600,309607,309611,4,7
309600,309608,309610,2,8
309600,309600,309612,12,0
309600,309600,309612,12,0
309600,309600,309611,11,0
309600,309600,309613,13,0
309600,309600,309613,13,0
309600,309600,309614,14,0
309600,309600,309616,16,0
309600,309600,309616,16,0
309628,309628,309629,1,0
309628,309628,309629,1,0
309628,309628,309629,1,0
309628,309628,309629,1,0
309628,309628,309630,2,0
309628,309628,309629,1,0
309628,309628,309630,2,0
309628,309630,309632,2,2
309628,309629,309632,3,1
309628,309629,309631,2,1
309628,309629,309632,3,1
309628,309629,309632,3,1
309628,309630,309632,2,2
309628,309630,309632,2,2
309628,309628,309633,5,0
309628,309628,309634,6,0
309628,309628,309633,5,0
309628,309628,309634,6,0
309628,309632,309634,2,4
309628,309632,309634,2,4
309628,309632,309634,2,4
309628,309632,309634,2,4
309628,309628,309634,6,0
309628,309628,309634,6,0
309628,309628,309635,7,0
309628,309633,309635,2,5
309628,309628,309635,7,0
309628,309628,309635,7,0
309628,309632,309635,3,4
309628,309628,309634,6,0
309628,309628,309635,7,0
309628,309632,309635,3,4
309628,309634,309635,1,6
309628,309634,309635,1,6
309628,309628,309635,7,0
309628,309628,309635,7,0
309628,309628,309635,7,0
309628,309628,309636,8,0
309628,309628,309636,8,0
309628,309628,309635,7,0
309628,309628,309635,7,0
309628,309628,309636,8,0
309628,309634,309636,2,6
309628,309628,309636,8,0
309628,309634,309636,2,6
309628,309628,309635,7,0
309628,309628,309636,8,0
309628,309634,309636,2,6
309628,309634,309636,2,6
309628,309634,309636,2,6
309628,309628,309636,8,0
309628,309634,309636,2,6
309628,309628,309635,7,0
309628,309635,309636,1,7
309628,309635,309637,2,7
309628,309635,309637,2,7
309628,309628,309637,9,0
309628,309628,309637,9,0
309628,309635,309636,1,7
309628,309635,309636,1,7
309628,309635,309636,1,7
309628,309635,309637,2,7
309628,309635,309637,2,7
309628,309635,309637,2,7
309628,309635,309637,2,7
309628,309635,309637,2,7
309628,309628,309638,10,0
309628,309636,309638,2,8
309628,309628,309638,10,0
309628,309635,309638,3,7
309628,309628,309638,10,0
309628,309628,309640,12,0
309628,309628,309639,11,0
309628,309628,309640,12,0
309628,309628,309640,12,0
309628,309628,309640,12,0
309628,309628,309641,13,0
309628,309628,309641,13,0
309628,309628,309646,18,0
309657,309657,309658,1,0
309657,309657,309658,1,0
309657,309657,309659,2,0
309657,309657,309658,1,0
309657,309657,309658,1,0
309657,309657,309658,1,0
309657,309657,309659,2,0
309657,309658,309660,2,1
309657,309658,309660,2,1
309657,309659,309660,1,2
309657,309659,309661,2,2
309657,309659,309661,2,2
309657,309659,309662,3,2
309657,309660,309662,2,3
309657,309657,309662,5,0
309657,309657,309663,6,0
309657,309657,309663,6,0
309657,309657,309663,6,0
309657,309657,309663,6,0
309657,309661,309662,1,4
309657,309657,309663,6,0
309657,309657,309663,6,0
309657,309660,309662,2,3
309657,309662,309663,1,5
309657,309657,309663,6,0
309657,309657,309663,6,0
309657,309661,309662,1,4
309657,309662,309663,1,5
309657,309657,309664,7,0
309657,309657,309664,7,0
309657,309657,309664,7,0
309657,309657,309664,7,0
309657,309657,309663,6,0
309657,309657,309664,7,0
309657,309657,309663,6,0
309657,309662,309663,1,5
309657,309657,309664,7,0
309657,309657,309664,7,0
309657,309657,309663,6,0
309657,309662,309663,1,5
309657,309663,309664,1,6
309657,309663,309664,1,6
309657,309663,309664,1,6
309657,309663,309664,1,6
309657,309663,309664,1,6
309657,309663,309664,1,6
309657,309663,309665,2,6
309657,309663,309665,2,6
309657,309663,309665,2,6
309657,309663,309665,2,6
309657,309663,309665,2,6
309657,309657,309665,8,0
309657,309663,309664,1,6
309657,309657,309665,8,0
309657,309657,309665,8,0
309657,309664,309665,1,7
309657,309664,309665,1,7
309657,309657,309665,8,0
309657,309663,309664,1,6
309657,309663,309664,1,6
309657,309664,309666,2,7
309657,309664,309666,2,7
309657,309664,309666,2,7
309657,309657,309666,9,0
309657,309664,309666,2,7
309657,309664,309666,2,7
309657,309657,309667,10,0
309657,309657,309667,10,0
309657,309657,309666,9,0
309657,309657,309668,11,0
309657,309657,309668,11,0
309657,309657,309668,11,0
309657,309657,309667,10,0
309657,309657,309669,12,0
309657,309657,309670,13,0
309657,309657,309669,12,0
309657,309657,309669,12,0
309657,309657,309672,15,0
309657,309657,309675,18,0
309685,309685,309686,1,0
309685,309685,309687,2,0
309685,309685,309687,2,0
309685,309685,309687,2,0
309685,309685,309687,2,0
309685,309687,309688,1,2
309685,309685,309688,3,0
309685,309687,309688,1,2
309685,309688,309689,1,3
309685,309688,309689,1,3
309685,309688,309689,1,3
309685,309688,309689,1,3
309685,309686,309690,4,1
309685,309686,309690,4,1
309685,309686,309690,4,1
309685,309686,309690,4,1
309685,309686,309690,4,1
309685,309686,309690,4,1
309685,309689,309690,1,4
309685,309689,309690,1,4
309685,309689,309690,1,4
309685,309686,309692,6,1
309685,309690,309691,1,5
309685,309686,309691,5,1
309685,309686,309691,5,1
309685,309690,309691,1,5
309685,309686,309691,5,1
309685,309691,309692,1,6
309685,309686,309691,5,1
309685,309686,309692,6,1
309685,309690,309691,1,5
309685,309690,309691,1,5
309685,309686,309692,6,1
309685,309686,309692,6,1
309685,309686,309692,6,1
309685,309686,309692,6,1
309685,309691,309693,2,6
309685,309685,309692,7,0
309685,309686,309693,7,1
309685,309692,309693,1,7
309685,309686,309692,6,1
309685,309691,309692,1,6
309685,309686,309692,6,1
309685,309686,309692,6,1
309685,309692,309693,1,7
309685,309692,309693,1,7
309685,309686,309692,6,1
309685,309686,309692,6,1
309685,309691,309692,1,6
309685,309692,309693,1,7
309685,309691,309692,1,6
309685,309692,309693,1,7
309685,309691,309693,2,6
309685,309691,309693,2,6
309685,309692,309694,2,7
309685,309686,309693,7,1
309685,309686,309693,7,1
309685,309692,309693,1,7
309685,309686,309693,7,1
309685,309692,309693,1,7
309685,309692,309693,1,7
309685,309692,309693,1,7
309685,309692,309693,1,7
309685,309686,309694,8,1
309685,309691,309694,3,6
309685,309686,309694,8,1
309685,309686,309694,8,1
309685,309691,309694,3,6
309685,309693,309695,2,8
309685,309693,309695,2,8
309685,309686,309695,9,1
309685,309686,309695,9,1
309685,309686,309696,10,1
309685,309686,309699,13,1
309685,309686,309699,13,1
309685,309686,309701,15,1
309685,309686,309704,18,1
309685,309686,309704,18,1
309715,309715,309716,1,0
309715,309715,309717,2,0
309715,309715,309717,2,0
309715,309715,309716,1,0
309715,309715,309716,1,0
309715,309715,309717,2,0
309715,309715,309717,2,0
309715,309715,309718,3,0
309715,309715,309719,4,0
309715,309717,309719,2,2
309715,309717,309718,1,2
309715,309717,309718,1,2
309715,309717,309718,1,2
309715,309715,309719,4,0
309715,309715,309720,5,0
309715,309718,309719,1,3
309715,309717,309720,3,2
309715,309718,309720,2,3
309715,309715,309721,6,0
309715,309715,309721,6,0
309715,309715,309721,6,0
309715,309715,309720,5,0
309715,309715,309721,6,0
309715,309719,309720,1,4
309715,309715,309721,6,0
309715,309715,309721,6,0
309715,309719,309720,1,4
309715,309719,309720,1,4
309715,309715,309721,6,0
309715,309719,309720,1,4
309715,309715,309722,7,0
309715,309715,309721,6,0
309715,309715,309721,6,0
309715,309715,309722,7,0
309715,309715,309722,7,0
309715,309715,309721,6,0
309715,309715,309722,7,0
309715,309720,309722,2,5
309715,309721,309722,1,6
309715,309715,309721,6,0
309715,309715,309722,7,0
309715,309715,309722,7,0
309715,309720,309722,2,5
309715,309721,309722,1,6
309715,309721,309722,1,6
309715,309720,309722,2,5
309715,309715,309722,7,0
309715,309715,309723,8,0
309715,309715,309723,8,0
309715,309721,309723,2,6
309715,309715,309723,8,0
309715,309719,309723,4,4
309715,309715,309723,8,0
309715,309719,309723,4,4
309715,309720,309723,3,5
309715,309715,309723,8,0
309715,309721,309723,2,6
309715,309721,309722,1,6
309715,309715,309722,7,0
309715,309721,309722,1,6
309715,309721,309722,1,6
309715,309715,309722,7,0
309715,309721,309723,2,6
309715,309721,309722,1,6
309715,309720,309724,4,5
309715,309721,309724,3,6
309715,309722,309724,2,7
309715,309721,309723,2,6
309715,309722,309724,2,7
309715,309722,309724,2,7
309715,309715,309725,10,0
309715,309722,309724,2,7
309715,309715,309725,10,0
309715,309722,309725,3,7
309715,309715,309726,11,0
309715,309715,309727,12,0
309715,309715,309728,13,0
309715,309715,309730,15,0
309715,309715,309734,19,0
309745,309745,309746,1,0
309745,309745,309747,2,0
309745,309745,309746,1,0
309745,309745,309746,1,0
309745,309745,309747,2,0
309745,309745,309746,1,0
309745,309745,309747,2,0
309745,309745,309749,4,0
309745,309745,309749,4,0
309745,309745,309749,4,0
309745,309745,309749,4,0
309745,309747,309749,2,2
309745,309747,309749,2,2
309745,309747,309749,2,2
309745,309747,309749,2,2
309745,309747,309749,2,2
309745,309747,309749,2,2
309745,309745,309750,5,0
309745,309745,309750,5,0
309745,309748,309750,2,3
309745,309745,309751,6,0
309745,309745,309751,6,0
309745,309745,309751,6,0
309745,309745,309751,6,0
309745,309745,309750,5,0
309745,309745,309751,6,0
309745,309749,309751,2,4
309745,309745,309751,6,0
309745,309749,309751,2,4
309745,309749,309751,2,4
309745,309749,309751,2,4
309745,309745,309751,6,0
309745,309749,309751,2,4
309745,309745,309752,7,0
309745,309745,309752,7,0
309745,309745,309752,7,0
309745,309745,309751,6,0
309745,309745,309752,7,0
309745,309749,309752,3,4
309745,309745,309752,7,0
309745,309749,309752,3,4
309745,309749,309752,3,4
309745,309745,309751,6,0
309745,309745,309752,7,0
309745,309745,309752,7,0
309745,309745,309752,7,0
309745,309751,309752,1,6
309745,309745,309752,7,0
309745,309745,309752,7,0
309745,309745,309752,7,0
309745,309750,309752,2,5
309745,309745,309753,8,0
309745,309750,309753,3,5
309745,309750,309753,3,5
309745,309745,309752,7,0
309745,309745,309753,8,0
309745,309751,309753,2,6
309745,309751,309753,2,6
309745,309751,309753,2,6
309745,309752,309753,1,7
309745,309752,309753,1,7
309745,309752,309753,1,7
309745,309752,309753,1,7
309745,309752,309753,1,7
309745,309749,309754,5,4
309745,309752,309754,2,7
309745,309751,309754,3,6
309745,309752,309754,2,7
309745,309749,309754,5,4
309745,309751,309754,3,6
309745,309745,309754,9,0
309745,309751,309754,3,6
309745,309751,309754,3,6
309745,309745,309755,10,0
309745,309745,309755,10,0
309745,309745,309754,9,0
309745,309745,309755,10,0
309745,309745,309756,11,0
309745,309745,309769,24,0
309780,309780,309782,2,0
309780,309780,309781,1,0
309780,309780,309781,1,0
309780,309780,309781,1,0
309780,309780,309781,1,0
309780,309780,309782,2,0
309780,309780,309781,1,0
309780,309780,309782,2,0
309780,309780,309784,4,0
309780,309780,309784,4,0
309780,309780,309784,4,0
309780,309780,309784,4,0
309780,309780,309784,4,0
309780,309782,309784,2,2
309780,309782,309784,2,2
309780,309782,309784,2,2
309780,309782,309784,2,2
309780,309782,309784,2,2
309780,309782,309784,2,2
309780,309782,309784,2,2
309780,309780,309785,5,0
309780,309784,309785,1,4
309780,309783,309785,2,3
309780,309784,309785,1,4
309780,309780,309786,6,0
309780,309780,309785,5,0
309780,309784,309786,2,4
309780,309784,309786,2,4
309780,309784,309786,2,4
309780,309780,309786,6,0
309780,309784,309786,2,4
309780,309784,309786,2,4
309780,309780,309786,6,0
309780,309780,309786,6,0
309780,309784,309786,2,4
309780,309785,309786,1,5
309780,309780,309786,6,0
309780,309780,309786,6,0
309780,309780,309786,6,0
309780,309784,309786,2,4
309780,309780,309787,7,0
309780,309780,309786,6,0
309780,309785,309787,2,5
309780,309780,309786,6,0
309780,309780,309787,7,0
309780,309780,309787,7,0
309780,309786,309787,1,6
309780,309780,309787,7,0
309780,309785,309786,1,5
309780,309785,309787,2,5
309780,309780,309788,8,0
309780,309780,309788,8,0
309780,309786,309788,2,6
309780,309780,309788,8,0
309780,309780,309788,8,0
309780,309786,309787,1,6
309780,309786,309788,2,6
309780,309780,309788,8,0
309780,309786,309787,1,6
309780,309786,309788,2,6
309780,309786,309787,1,6
309780,309786,309787,1,6
309780,309786,309787,1,6
309780,309786,309788,2,6
309780,309786,309787,1,6
309780,309780,309789,9,0
309780,309780,309788,8,0
309780,309780,309788,8,0
309780,309784,309789,5,4
309780,309784,309788,4,4
309780,309780,309788,8,0
309780,309784,309788,4,4
309780,309780,309789,9,0
309780,309780,309791,11,0
309780,309780,309790,10,0
309780,309780,309791,11,0
309780,309780,309792,12,0
309780,309780,309793,13,0
309780,309780,309794,14,0
309805,309805,309806,1,0
309805,309805,309806,1,0
309805,309805,309806,1,0
309805,309805,309806,1,0
309805,309805,309806,1,0
309805,309805,309806,1,0
309805,309805,309806,1,0
309805,309805,309806,1,0
309805,309805,309808,3,0
309805,309806,309808,2,1
309805,309807,309808,1,2
309805,309805,309807,2,0
309805,309807,309808,1,2
309805,309805,309808,3,0
309805,309807,309809,2,2
309805,309805,309809,4,0
309805,309805,309808,3,0
309805,309805,309809,4,0
309805,309807,309808,1,2
309805,309805,309809,4,0
309805,309807,309809,2,2
309805,309807,309808,1,2
309805,309806,309808,2,1
309805,309805,309809,4,0
309805,309805,309809,4,0
309805,309805,309810,5,0
309805,309805,309810,5,0
309805,309805,309809,4,0
309805,309809,309810,1,4
309805,309809,309810,1,4
309805,309808,309809,1,3
309805,309808,309810,2,3
309805,309809,309810,1,4
309805,309808,309809,1,3
309805,309808,309810,2,3
309805,309805,309811,6,0
309805,309805,309811,6,0
309805,309805,309811,6,0
309805,309809,309810,1,4
309805,309805,309810,5,0
309805,309809,309811,2,4
309805,309805,309810,5,0
309805,309809,309810,1,4
309805,309810,309811,1,5
309805,309805,309811,6,0
309805,309808,309810,2,3
309805,309805,309810,5,0
309805,309810,309811,1,5
309805,309805,309811,6,0
309805,309809,309810,1,4
309805,309809,309810,1,4
309805,309810,309811,1,5
309805,309805,309811,6,0
309805,309809,309811,2,4
309805,309810,309811,1,5
309805,309810,309811,1,5
309805,309805,309811,6,0
309805,309805,309812,7,0
309805,309805,309812,7,0
309805,309810,309812,2,5
309805,309805,309812,7,0
309805,309805,309811,6,0
309805,309810,309811,1,5
309805,309810,309811,1,5
309805,309810,309811,1,5
309805,309810,309811,1,5
309805,309810,309811,1,5
309805,309805,309813,8,0
309805,309809,309812,3,4
309805,309805,309813,8,0
309805,309805,309814,9,0
309805,309810,309813,3,5
309805,309805,309813,8,0
309805,309805,309814,9,0
309805,309805,309814,9,0
309805,309805,309814,9,0
309805,309805,309816,11,0
309805,309805,309817,12,0
309805,309805,309819,14,0
309830,309830,309831,1,0
309830,309830,309831,1,0
309830,309830,309831,1,0
309830,309830,309831,1,0
309830,309830,309832,2,0
309830,309830,309831,1,0
309830,309830,309832,2,0
309830,309830,309831,1,0
309830,309830,309831,1,0
309830,309830,309833,3,0
309830,309830,309832,2,0
309830,309830,309833,3,0
309830,309832,309833,1,2
309830,309830,309833,3,0
309830,309830,309832,2,0
309830,309832,309833,1,2
309830,309830,309832,2,0
309830,309830,309833,3,0
309830,309831,309833,2,1
309830,309832,309833,1,2
309830,309830,309833,3,0
309830,309830,309833,3,0
309830,309830,309833,3,0
309830,309830,309833,3,0
309830,309831,309833,2,1
309830,309832,309833,1,2
309830,309832,309833,1,2
309830,309833,309834,1,3
309830,309830,309833,3,0
309830,309831,309834,3,1
309830,309833,309834,1,3
309830,309832,309834,2,2
309830,309833,309834,1,3
309830,309833,309834,1,3
309830,309833,309834,1,3
309830,309833,309834,1,3
309830,309830,309834,4,0
309830,309830,309834,4,0
309830,309830,309835,5,0
309830,309830,309834,4,0
309830,309830,309834,4,0
309830,309833,309834,1,3
309830,309834,309835,1,4
309830,309830,309834,4,0
309830,309834,309835,1,4
309830,309834,309835,1,4
309830,309833,309834,1,3
309830,309833,309834,1,3
309830,309833,309834,1,3
309830,309833,309834,1,3
309830,309834,309835,1,4
309830,309834,309835,1,4
309830,309834,309835,1,4
309830,309834,309835,1,4
309830,309834,309835,1,4
309830,309830,309835,5,0
309830,309830,309835,5,0
309830,309830,309836,6,0
309830,309834,309835,1,4
309830,309834,309835,1,4
309830,309834,309835,1,4
309830,309834,309835,1,4
309830,309834,309835,1,4
309830,309834,309835,1,4
309830,309830,309836,6,0
309830,309830,309837,7,0
309830,309834,309836,2,4
309830,309830,309838,8,0
309830,309830,309838,8,0
309830,309830,309837,7,0
309830,309830,309837,7,0
309830,309830,309838,8,0
309830,309830,309838,8,0
309830,309830,309838,8,0
309830,309830,309838,8,0
309830,309830,309839,9,0
309830,309830,309840,10,0
309830,309830,309842,12,0
309830,309830,309844,14,0
309855,309855,309856,1,0
309855,309855,309856,1,0
309855,309855,309856,1,0
309855,309855,309856,1,0
309855,309855,309856,1,0
309855,309855,309856,1,0
309855,309855,309856,1,0
309855,309855,309857,2,0
309855,309855,309857,2,0
309855,309855,309857,2,0
309855,309857,309858,1,2
309855,309855,309857,2,0
309855,309855,309858,3,0
309855,309855,309858,3,0
309855,309855,309859,4,0
309855,309855,309858,3,0
309855,309855,309858,3,0
309855,309855,309859,4,0
309855,309857,309858,1,2
309855,309857,309858,1,2
309855,309855,309858,3,0
309855,309856,309858,2,1
309855,309855,309858,3,0
309855,309857,309858,1,2
309855,309857,309859,2,2
309855,309857,309858,1,2
309855,309855,309858,3,0
309855,309858,309859,1,3
309855,309855,309859,4,0
309855,309855,309859,4,0
309855,309859,309860,1,4
309855,309858,309859,1,3
309855,309859,309860,1,4
309855,309858,309859,1,3
309855,309859,309860,1,4
309855,309859,309860,1,4
309855,309858,309859,1,3
309855,309859,309860,1,4
309855,309855,309859,4,0
309855,309858,309859,1,3
309855,309859,309860,1,4
309855,309855,309861,6,0
309855,309859,309861,2,4
309855,309859,309860,1,4
309855,309855,309860,5,0
309855,309859,309860,1,4
309855,309859,309860,1,4
309855,309860,309861,1,5
309855,309855,309860,5,0
309855,309859,309860,1,4
309855,309859,309860,1,4
309855,309859,309860,1,4
309855,309860,309861,1,5
309855,309859,309860,1,4
309855,309860,309861,1,5
309855,309860,309861,1,5
309855,309855,309861,6,0
309855,309855,309861,6,0
309855,309855,309861,6,0
309855,309859,309861,2,4
309855,309855,309862,7,0
309855,309860,309861,1,5
309855,309855,309861,6,0
309855,309860,309861,1,5
309855,309855,309861,6,0
309855,309855,309862,7,0
309855,309855,309862,7,0
309855,309860,309862,2,5
309855,309855,309863,8,0
309855,309855,309863,8,0
309855,309855,309864,9,0
309855,309855,309863,8,0
309855,309855,309865,10,0
309855,309855,309864,9,0
309855,309855,309864,9,0
309855,309859,309865,6,4
309855,309855,309867,12,0
309855,309855,309866,11,0
309855,309855,309870,15,0
309881,309881,309882,1,0
309881,309881,309882,1,0
309881,309881,309882,1,0
309881,309881,309882,1,0
309881,309881,309882,1,0
309881,309881,309882,1,0
309881,309881,309882,1,0
309881,309881,309883,2,0
309881,309881,309883,2,0
309881,309881,309884,3,0
309881,309883,309884,1,2
309881,309881,309884,3,0
309881,309881,309884,3,0
309881,309881,309884,3,0
309881,309883,309884,1,2
309881,309881,309884,3,0
309881,309881,309884,3,0
309881,309883,309884,1,2
309881,309884,309885,1,3
309881,309884,309885,1,3
309881,309881,309885,4,0
309881,309881,309885,4,0
309881,309881,309885,4,0
309881,309881,309886,5,0
309881,309881,309886,5,0
309881,309881,309885,4,0
309881,309883,309885,2,2
309881,309881,309885,4,0
309881,309885,309886,1,4
309881,309881,309886,5,0
309881,309883,309885,2,2
309881,309883,309886,3,2
309881,309885,309886,1,4
309881,309881,309885,4,0
309881,309883,309886,3,2
309881,309884,309885,1,3
309881,309885,309886,1,4
309881,309885,309886,1,4
309881,309885,309886,1,4
309881,309881,309887,6,0
309881,309881,309886,5,0
309881,309885,309887,2,4
309881,309881,309886,5,0
309881,309881,309886,5,0
309881,309881,309886,5,0
309881,309884,309886,2,3
309881,309885,309886,1,4
309881,309881,309886,5,0
309881,309885,309886,1,4
309881,309886,309887,1,5
309881,309886,309887,1,5
309881,309886,309887,1,5
309881,309885,309886,1,4
309881,309886,309887,1,5
309881,309886,309887,1,5
309881,309881,309888,7,0
309881,309886,309888,2,5
309881,309881,309887,6,0
309881,309886,309888,2,5
309881,309881,309887,6,0
309881,309881,309887,6,0
309881,309886,309887,1,5
309881,309886,309888,2,5
309881,309886,309887,1,5
309881,309886,309887,1,5
309881,309886,309887,1,5
309881,309886,309887,1,5
309881,309886,309887,1,5
309881,309881,309887,6,0
309881,309886,309887,1,5
309881,309881,309889,8,0
309881,309881,309889,8,0
309881,309881,309890,9,0
309881,309881,309890,9,0
309881,309881,309890,9,0
309881,309881,309891,10,0
309881,309881,309891,10,0
309881,309881,309893,12,0
309881,309881,309895,14,0
309905,309905,309906,1,0
309905,309905,309906,1,0
309905,309905,309906,1,0
309905,309905,309906,1,0
309905,309905,309906,1,0
309905,309905,309906,1,0
309905,309905,309907,2,0
309905,309905,309908,3,0
309905,309905,309909,4,0
309905,309905,309909,4,0
309905,309905,309909,4,0
309905,309905,309909,4,0
309905,309907,309909,2,2
309905,309907,309909,2,2
309905,309907,309908,1,2
309905,309905,309909,4,0
309905,309905,309910,5,0
309905,309905,309910,5,0
309905,309905,309910,5,0
309905,309905,309910,5,0
309905,309905,309909,4,0
309905,309907,309909,2,2
309905,309907,309909,2,2
309905,309907,309909,2,2
309905,309907,309910,3,2
309905,309908,309909,1,3
309905,309909,309910,1,4
309905,309905,309910,5,0
309905,309909,309910,1,4
309905,309909,309910,1,4
309905,309905,309910,5,0
309905,309909,309911,2,4
309905,309910,309911,1,5
309905,309910,309911,1,5
309905,309905,309911,6,0
309905,309909,309910,1,4
309905,309905,309910,5,0
309905,309909,309910,1,4
309905,309910,309911,1,5
309905,309910,309911,1,5
309905,309909,309911,2,4
309905,309910,309911,1,5
309905,309910,309911,1,5
309905,309905,309911,6,0
309905,309905,309912,7,0
309905,309910,309912,2,5
309905,309905,309912,7,0
309905,309905,309912,7,0
309905,309910,309912,2,5
309905,309905,309912,7,0
309905,309910,309912,2,5
309905,309911,309912,1,6
309905,309905,309912,7,0
309905,309910,309911,1,5
309905,309911,309912,1,6
309905,309905,309912,7,0
309905,309905,309913,8,0
309905,309910,309912,2,5
309905,309911,309912,1,6
309905,309905,309913,8,0
309905,309911,309913,2,6
309905,309911,309913,2,6
309905,309910,309913,3,5
309905,309911,309912,1,6
309905,309905,309914,9,0
309905,309905,309914,9,0
309905,309905,309914,9,0
309905,309905,309915,10,0
309905,309905,309915,10,0
309905,309910,309915,5,5
309905,309905,309915,10,0
309905,309905,309916,11,0
309905,309905,309915,10,0
309905,309905,309915,10,0
309905,309905,309917,12,0
309905,309905,309916,11,0
309905,309905,309918,13,0
309905,309905,309919,14,0
309930,309931,309932,1,1
309930,309931,309932,1,1
309930,309931,309932,1,1
309930,309931,309932,1,1
309930,309931,309932,1,1
309930,309931,309932,1,1
309930,309931,309932,1,1
309930,309931,309934,3,1
309930,309931,309934,3,1
309930,309933,309934,1,3
309930,309933,309934,1,3
309930,309933,309934,1,3
309930,309933,309934,1,3
309930,309933,309934,1,3
309930,309931,309935,4,1
309930,309931,309935,4,1
309930,309933,309935,2,3
309930,309933,309935,2,3
309930,309931,309935,4,1
309930,309931,309935,4,1
309930,309931,309935,4,1
309930,309935,309936,1,5
309930,309931,309936,5,1
309930,309931,309935,4,1
309930,309931,309937,6,1
309930,309931,309936,5,1
309930,309935,309937,2,5
309930,309931,309936,5,1
309930,309931,309936,5,1
309930,309931,309936,5,1
309930,309935,309936,1,5
309930,309936,309937,1,6
309930,309935,309936,1,5
309930,309935,309936,1,5
309930,309936,309937,1,6
309930,309931,309936,5,1
309930,309935,309936,1,5
309930,309935,309936,1,5
309930,309936,309937,1,6
309930,309931,309936,5,1
309930,309931,309937,6,1
309930,309931,309937,6,1
309930,309931,309937,6,1
309930,309936,309937,1,6
309930,309936,309937,1,6
309930,309936,309937,1,6
309930,309936,309937,1,6
309930,309931,309938,7,1
309930,309937,309938,1,7
309930,309937,309938,1,7
309930,309931,309938,7,1
309930,309937,309938,1,7
309930,309937,309938,1,7
309930,309936,309938,2,6
309930,309937,309938,1,7
309930,309931,309938,7,1
309930,309931,309939,8,1
309930,309931,309938,7,1
309930,309931,309938,7,1
309930,309936,309938,2,6
309930,309936,309938,2,6
309930,309937,309939,2,7
309930,309937,309938,1,7
309930,309937,309938,1,7
309930,309937,309938,1,7
309930,309931,309939,8,1
309930,309937,309939,2,7
309930,309931,309940,9,1
309930,309931,309940,9,1
309930,309937,309939,2,7
309930,309931,309940,9,1
309930,309931,309940,9,1
309930,309931,309940,9,1
309930,309931,309940,9,1
309930,309931,309941,10,1
309930,309931,309942,11,1
309930,309931,309942,11,1
309930,309931,309943,12,1
309930,309931,309946,15,1
309956,309956,309958,2,0
309956,309956,309957,1,0
309956,309956,309958,2,0
309956,309956,309957,1,0
309956,309956,309957,1,0
309956,309956,309957,1,0
309956,309956,309957,1,0
309956,309956,309959,3,0
309956,309956,309960,4,0
309956,309958,309959,1,2
309956,309958,309959,1,2
309956,309958,309960,2,2
309956,309958,309959,1,2
309956,309958,309959,1,2
309956,309958,309959,1,2
309956,309956,309961,5,0
309956,309956,309960,4,0
309956,309956,309960,4,0
309956,309956,309961,5,0
309956,309956,309960,4,0
309956,309958,309960,2,2
309956,309956,309961,5,0
309956,309956,309961,5,0
309956,309960,309961,1,4
309956,309960,309961,1,4
309956,309956,309961,5,0
309956,309956,309961,5,0
309956,309956,309962,6,0
309956,309956,309962,6,0
309956,309956,309961,5,0
309956,309956,309961,5,0
309956,309956,309962,6,0
309956,309960,309961,1,4
309956,309960,309962,2,4
309956,309956,309961,5,0
309956,309960,309962,2,4
309956,309960,309962,2,4
309956,309956,309961,5,0
309956,309960,309961,1,4
309956,309961,309962,1,5
309956,309961,309962,1,5
309956,309956,309963,7,0
309956,309961,309963,2,5
309956,309960,309962,2,4
309956,309961,309962,1,5
309956,309961,309963,2,5
309956,309962,309963,1,6
309956,309962,309963,1,6
309956,309956,309962,6,0
309956,309961,309962,1,5
309956,309956,309963,7,0
309956,309956,309963,7,0
309956,309962,309963,1,6
309956,309956,309963,7,0
309956,309961,309962,1,5
309956,309956,309963,7,0
309956,309956,309963,7,0
309956,309956,309964,8,0
309956,309961,309963,2,5
309956,309961,309963,2,5
309956,309956,309963,7,0
309956,309956,309964,8,0
309956,309962,309964,2,6
309956,309962,309963,1,6
309956,309962,309963,1,6
309956,309962,309963,1,6
309956,309956,309964,8,0
309956,309956,309965,9,0
309956,309962,309964,2,6
309956,309956,309965,9,0
309956,309961,309964,3,5
309956,309962,309965,3,6
309956,309956,309965,9,0
309956,309956,309965,9,0
309956,309962,309965,3,6
309956,309956,309966,10,0
309956,309956,309966,10,0
309956,309956,309967,11,0
309956,309956,309972,16,0
309983,309983,309985,2,0
309983,309983,309985,2,0
309983,309983,309985,2,0
309983,309983,309985,2,0
309983,309983,309985,2,0
309983,309983,309985,2,0
309983,309983,309985,2,0
309983,309984,309986,2,1
309983,309984,309987,3,1
309983,309984,309987,3,1
309983,309983,309987,4,0
309983,309984,309987,3,1
309983,309986,309987,1,3
309983,309986,309987,1,3
309983,309984,309987,3,1
309983,309986,309987,1,3
309983,309986,309987,1,3
309983,309986,309987,1,3
309983,309984,309988,4,1
309983,309984,309988,4,1
309983,309984,309988,4,1
309983,309986,309988,2,3
309983,309986,309988,2,3
309983,309983,309988,5,0
309983,309988,309989,1,5
309983,309984,309988,4,1
309983,309988,309989,1,5
309983,309983,309988,5,0
309983,309987,309988,1,4
309983,309984,309989,5,1
309983,309984,309989,5,1
309983,309984,309989,5,1
309983,309984,309989,5,1
309983,309988,309990,2,5
309983,309984,309989,5,1
309983,309988,309989,1,5
309983,309983,309990,7,0
309983,309988,309989,1,5
309983,309988,309989,1,5
309983,309988,309989,1,5
309983,309988,309989,1,5
309983,309988,309989,1,5
309983,309989,309990,1,6
309983,309988,309990,2,5
309983,309989,309990,1,6
309983,309984,309990,6,1
309983,309983,309990,7,0
309983,309984,309990,6,1
309983,309989,309990,1,6
309983,309989,309990,1,6
309983,309989,309990,1,6
309983,309989,309990,1,6
309983,309989,309990,1,6
309983,309989,309990,1,6
309983,309989,309990,1,6
309983,309984,309991,7,1
309983,309989,309991,2,6
309983,309989,309991,2,6
309983,309990,309991,1,7
309983,309990,309991,1,7
309983,309990,309991,1,7
309983,309990,309991,1,7
309983,309983,309991,8,0
309983,309990,309992,2,7
309983,309984,309992,8,1
309983,309990,309992,2,7
309983,309983,309992,9,0
309983,309983,309994,11,0
309983,309984,309993,9,1
309983,309984,309993,9,1
309983,309984,309994,10,1
309983,309984,309994,10,1
309983,309983,309994,11,0
309983,309983,309994,11,0
309983,309984,309995,11,1
309983,309983,309996,13,0
309983,309983,309996,13,0
309983,309983,309997,14,0
309983,309983,310000,17,0
310012,310012,310014,2,0
310012,310012,310013,1,0
310012,310012,310013,1,0
310012,310012,310013,1,0
310012,310012,310013,1,0
310012,310012,310013,1,0
310012,310012,310013,1,0
310012,310012,310014,2,0
310012,310012,310015,3,0
310012,310012,310014,2,0
310012,310012,310015,3,0
310012,310012,310014,2,0
310012,310012,310014,2,0
310012,310012,310016,4,0
310012,310012,310016,4,0
310012,310012,310015,3,0
310012,310012,310015,3,0
310012,310012,310015,3,0
310012,310012,310015,3,0
310012,310012,310015,3,0
310012,310014,310016,2,2
310012,310012,310015,3,0
310012,310014,310015,1,2
310012,310012,310015,3,0
310012,310014,310015,1,2
310012,310014,310015,1,2
310012,310012,310016,4,0
310012,310012,310017,5,0
310012,310014,310016,2,2
310012,310012,310016,4,0
310012,310012,310017,5,0
310012,310012,310017,5,0
310012,310012,310016,4,0
310012,310015,310016,1,3
310012,310012,310016,4,0
310012,310012,310016,4,0
310012,310014,310017,3,2
310012,310012,310016,4,0
310012,310014,310017,3,2
310012,310012,310016,4,0
310012,310012,310017,5,0
310012,310012,310018,6,0
310012,310012,310018,6,0
310012,310012,310017,5,0
310012,310012,310018,6,0
310012,310015,310017,2,3
310012,310016,310018,2,4
310012,310012,310017,5,0
310012,310012,310017,5,0
310012,310017,310018,1,5
310012,310017,310018,1,5
310012,310015,310018,3,3
310012,310016,310018,2,4
310012,310016,310017,1,4
310012,310016,310017,1,4
310012,310014,310018,4,2
310012,310016,310017,1,4
310012,310017,310018,1,5
310012,310012,310018,6,0
310012,310016,310017,1,4
310012,310012,310018,6,0
310012,310016,310017,1,4
310012,310017,310018,1,5
310012,310017,310019,2,5
310012,310016,310019,3,4
310012,310016,310018,2,4
310012,310012,310018,6,0
310012,310016,310019,3,4
310012,310017,310019,2,5
310012,310016,310018,2,4
310012,310012,310018,6,0
310012,310016,310018,2,4
310012,310017,310019,2,5
310012,310012,310018,6,0
310012,310017,310018,1,5
310012,310016,310020,4,4
310012,310015,310019,4,3
310012,310017,310019,2,5
310012,310015,310021,6,3
310032,310032,310033,1,0
310032,310032,310033,1,0
310032,310032,310033,1,0
310032,310032,310033,1,0
310032,310032,310033,1,0
310032,310032,310033,1,0
310032,310032,310033,1,0
310032,310033,310034,1,1
310032,310032,310035,3,0
310032,310032,310034,2,0
310032,310032,310034,2,0
310032,310032,310034,2,0
310032,310034,310035,1,2
310032,310032,310035,3,0
310032,310032,310034,2,0
310032,310033,310035,2,1
310032,310032,310035,3,0
310032,310032,310035,3,0
310032,310032,310035,3,0
310032,310032,310036,4,0
310032,310034,310035,1,2
310032,310032,310036,4,0
310032,310034,310036,2,2
310032,310035,310036,1,3
310032,310032,310036,4,0
310032,310034,310035,1,2
310032,310035,310036,1,3
310032,310034,310036,2,2
310032,310034,310036,2,2
310032,310032,310036,4,0
310032,310032,310036,4,0
310032,310035,310036,1,3
310032,310035,310036,1,3
310032,310035,310036,1,3
310032,310032,310037,5,0
310032,310035,310036,1,3
310032,310036,310037,1,4
310032,310032,310038,6,0
310032,310032,310037,5,0
310032,310032,310038,6,0
310032,310032,310038,6,0
310032,310035,310037,2,3
310032,310035,310037,2,3
310032,310032,310038,6,0
310032,310032,310037,5,0
310032,310035,310037,2,3
310032,310032,310038,6,0
310032,310037,310038,1,5
310032,310037,310038,1,5
310032,310032,310037,5,0
310032,310036,310038,2,4
310032,310036,310038,2,4
310032,310036,310037,1,4
310032,310036,310037,1,4
310032,310036,310037,1,4
310032,310037,310038,1,5
310032,310032,310038,6,0
310032,310036,310037,1,4
310032,310036,310037,1,4
310032,310036,310037,1,4
310032,310036,310037,1,4
310032,310037,310038,1,5
310032,310032,310038,6,0
310032,310032,310039,7,0
310032,310036,310038,2,4
310032,310032,310039,7,0
310032,310032,310038,6,0
310032,310032,310039,7,0
310032,310032,310038,6,0
310032,310037,310039,2,5
310032,310032,310039,7,0
310032,310037,310038,1,5
310032,310032,310040,8,0
310032,310032,310039,7,0
310032,310036,310039,3,4
310032,310032,310040,8,0
310032,310032,310041,9,0
310032,310032,310041,9,0
310032,310032,310041,9,0
310052,310052,310053,1,0
310052,310052,310053,1,0
310052,310052,310053,1,0
310052,310052,310053,1,0
310052,310052,310053,1,0
310052,310052,310053,1,0
310052,310052,310053,1,0
310052,310052,310055,3,0
310052,310053,310054,1,1
310052,310052,310055,3,0
310052,310054,310055,1,2
310052,310054,310055,1,2
310052,310052,310056,4,0
310052,310052,310056,4,0
310052,310052,310056,4,0
310052,310054,310056,2,2
310052,310055,310056,1,3
310052,310054,310056,2,2
310052,310054,310055,1,2
310052,310054,310055,1,2
310052,310052,310057,5,0
310052,310052,310056,4,0
310052,310052,310056,4,0
310052,310052,310056,4,0
310052,310055,310057,2,3
310052,310052,310057,5,0
310052,310052,310057,5,0
310052,310052,310057,5,0
310052,310055,310056,1,3
310052,310055,310056,1,3
310052,310055,310056,1,3
310052,310052,310058,6,0
310052,310052,310058,6,0
310052,310052,310057,5,0
310052,310052,310058,6,0
310052,310056,310058,2,4
310052,310052,310058,6,0
310052,310052,310057,5,0
310052,310056,310058,2,4
310052,310056,310058,2,4
310052,310056,310057,1,4
310052,310057,310058,1,5
310052,310052,310058,6,0
310052,310056,310058,2,4
310052,310052,310058,6,0
310052,310052,310057,5,0
310052,310056,310058,2,4
310052,310057,310058,1,5
310052,310052,310058,6,0
310052,310056,310058,2,4
310052,310056,310058,2,4
310052,310052,310058,6,0
310052,310052,310059,7,0
310052,310052,310058,6,0
310052,310057,310058,1,5
310052,310057,310059,2,5
310052,310057,310058,1,5
310052,310057,310058,1,5
310052,310057,310059,2,5
310052,310057,310060,3,5
310052,310058,310060,2,6
310052,310058,310060,2,6
310052,310057,310060,3,5
310052,310058,310060,2,6
310052,310052,310060,8,0
310052,310057,310059,2,5
310052,310057,310060,3,5
310052,310052,310059,7,0
310052,310058,310059,1,6
310052,310052,310059,7,0
310052,310052,310060,8,0
310052,310052,310060,8,0
310052,310052,310060,8,0
310052,310052,310060,8,0
310052,310052,310061,9,0
310052,310052,310061,9,0
310052,310052,310063,11,0
310052,310052,310064,12,0
310052,310052,310063,11,0
310074,310074,310076,2,0
310074,310074,310076,2,0
310074,310074,310075,1,0
310074,310074,310076,2,0
310074,310074,310076,2,0
310074,310074,310076,2,0
310074,310074,310076,2,0
310074,310074,310077,3,0
310074,310074,310078,4,0
310074,310074,310078,4,0
310074,310076,310078,2,2
310074,310076,310078,2,2
310074,310076,310078,2,2
310074,310076,310078,2,2
310074,310076,310078,2,2
310074,310076,310078,2,2
310074,310076,310078,2,2
310074,310074,310079,5,0
310074,310074,310079,5,0
310074,310074,310079,5,0
310074,310074,310079,5,0
310074,310074,310079,5,0
310074,310078,310079,1,4
310074,310074,310080,6,0
310074,310074,310080,6,0
310074,310074,310080,6,0
310074,310078,310080,2,4
310074,310074,310080,6,0
310074,310074,310081,7,0
310074,310079,310080,1,5
310074,310079,310080,1,5
310074,310079,310080,1,5
310074,310079,310080,1,5
310074,310080,310081,1,6
310074,310074,310081,7,0
310074,310074,310081,7,0
310074,310074,310081,7,0
310074,310079,310081,2,5
310074,310074,310081,7,0
310074,310079,310081,2,5
310074,310074,310081,7,0
310074,310074,310081,7,0
310074,310074,310081,7,0
310074,310079,310081,2,5
310074,310079,310081,2,5
310074,310074,310082,8,0
310074,310081,310082,1,7
310074,310074,310081,7,0
310074,310074,310081,7,0
310074,310074,310082,8,0
310074,310080,310082,2,6
310074,310078,310082,4,4
310074,310078,310082,4,4
310074,310081,310082,1,7
310074,310074,310082,8,0
310074,310079,310082,3,5
310074,310080,310082,2,6
310074,310074,310082,8,0
310074,310079,310082,3,5
310074,310081,310082,1,7
310074,310081,310082,1,7
310074,310081,310082,1,7
310074,310074,310082,8,0
310074,310074,310082,8,0
310074,310081,310082,1,7
310074,310074,310082,8,0
310074,310081,310082,1,7
310074,310081,310082,1,7
310074,310081,310082,1,7
310074,310081,310083,2,7
310074,310074,310083,9,0
310074,310074,310083,9,0
310074,310074,310084,10,0
310074,310074,310084,10,0
310074,310074,310084,10,0
310074,310074,310086,12,0
310074,310074,310086,12,0
310074,310074,310088,14,0
310100,310100,310101,1,0
310100,310100,310101,1,0
310100,310100,310101,1,0
310100,310100,310101,1,0
310100,310100,310101,1,0
310100,310100,310101,1,0
310100,310100,310101,1,0
310100,310100,310102,2,0
310100,310101,310102,1,1
310100,310101,310103,2,1
310100,310102,310103,1,2
310100,310100,310103,3,0
310100,310100,310103,3,0
310100,310102,310103,1,2
310100,310102,310103,1,2
310100,310102,310103,1,2
310100,310101,310103,2,1
310100,310103,310104,1,3
310100,310100,310103,3,0
310100,310100,310105,5,0
310100,310100,310104,4,0
310100,310100,310104,4,0
310100,310100,310104,4,0
310100,310103,310104,1,3
310100,310103,310104,1,3
310100,310103,310104,1,3
310100,310100,310105,5,0
310100,310100,310105,5,0
310100,310100,310105,5,0
310100,310100,310105,5,0
310100,310100,310105,5,0
310100,310104,310105,1,4
310100,310104,310105,1,4
310100,310104,310105,1,4
310100,310104,310105,1,4
310100,310100,310105,5,0
310100,310100,310106,6,0
310100,310104,310106,2,4
310100,310100,310106,6,0
310100,310104,310105,1,4
310100,310100,310107,7,0
310100,310100,310106,6,0
310100,310100,310106,6,0
310100,310100,310107,7,0
310100,310100,310106,6,0
310100,310105,310107,2,5
310100,310100,310107,7,0
310100,310105,310106,1,5
310100,310100,310106,6,0
310100,310100,310106,6,0
310100,310100,310106,6,0
310100,310105,310106,1,5
310100,310100,310107,7,0
310100,310105,310106,1,5
310100,310100,310106,6,0
310100,310100,310107,7,0
310100,310100,310106,6,0
310100,310105,310107,2,5
310100,310104,310107,3,4
310100,310104,310107,3,4
310100,310106,310108,2,6
310100,310106,310107,1,6
310100,310105,310107,2,5
310100,310100,310107,7,0
310100,310106,310107,1,6
310100,310100,310107,7,0
310100,310106,310108,2,6
310100,310100,310107,7,0
310100,310106,310107,1,6
310100,310106,310107,1,6
310100,310106,310107,1,6
310100,310105,310107,2,5
310100,310100,310108,8,0
310100,310100,310109,9,0
310100,310100,310110,10,0
310100,310100,310109,9,0
310100,310106,310109,3,6
310100,310106,310109,3,6
310100,310100,310112,12,0
310123,310124,310125,1,1
310123,310124,310125,1,1
310123,310124,310125,1,1
310123,310124,310125,1,1
310123,310124,310125,1,1
310123,310124,310125,1,1
310123,310124,310125,1,1
310123,310124,310127,3,1
310123,310124,310127,3,1
310123,310124,310127,3,1
310123,310126,310127,1,3
310123,310126,310128,2,3
310123,310126,310127,1,3
310123,310126,310127,1,3
310123,310126,310127,1,3
310123,310126,310127,1,3
310123,310126,310127,1,3
310123,310124,310128,4,1
310123,310124,310128,4,1
310123,310124,310128,4,1
310123,310124,310128,4,1
310123,310124,310128,4,1
310123,310124,310128,4,1
310123,310124,310128,4,1
310123,310128,310129,1,5
310123,310124,310129,5,1
310123,310124,310129,5,1
310123,310124,310130,6,1
310123,310124,310129,5,1
310123,310124,310129,5,1
310123,310128,310130,2,5
310123,310124,310129,5,1
310123,310128,310130,2,5
310123,310128,310130,2,5
310123,310128,310129,1,5
310123,310124,310130,6,1
310123,310128,310129,1,5
310123,310128,310129,1,5
310123,310129,310130,1,6
310123,310128,310131,3,5
310123,310129,310131,2,6
310123,310124,310130,6,1
310123,310128,310130,2,5
310123,310129,310131,2,6
310123,310124,310131,7,1
310123,310130,310131,1,7
310123,310124,310130,6,1
310123,310129,310131,2,6
310123,310129,310130,1,6
310123,310128,310132,4,5
310123,310129,310132,3,6
310123,310129,310131,2,6
310123,310130,310131,1,7
310123,310130,310131,1,7
310123,310130,310131,1,7
310123,310130,310131,1,7
310123,310130,310131,1,7
310123,310130,310131,1,7
310123,310124,310133,9,1
310123,310130,310132,2,7
310123,310130,310132,2,7
310123,310130,310133,3,7
310123,310124,310132,8,1
310123,310124,310133,9,1
310123,310124,310133,9,1
310123,310124,310133,9,1
310123,310124,310134,10,1
310123,310124,310135,11,1
310123,310124,310134,10,1
310123,310129,310134,5,6
310123,310124,310135,11,1
310123,310124,310135,11,1
310123,310124,310135,11,1
310123,310124,310135,11,1
310123,310124,310136,12,1
310123,310124,310136,12,1
310123,310124,310137,13,1
310123,310124,310137,13,1
310123,310124,310137,13,1
310148,310148,310150,2,0
310148,310148,310149,1,0
310148,310148,310149,1,0
310148,310148,310150,2,0
310148,310148,310150,2,0
310148,310148,310150,2,0
310148,310148,310150,2,0
310148,310149,310151,2,1
310148,310149,310151,2,1
310148,310149,310151,2,1
310148,310149,310152,3,1
310148,310149,310152,3,1
310148,310151,310152,1,3
310148,310151,310152,1,3
310148,310151,310152,1,3
310148,310151,310152,1,3
310148,310151,310152,1,3
310148,310151,310152,1,3
310148,310151,310152,1,3
310148,310149,310153,4,1
310148,310149,310153,4,1
310148,310153,310154,1,5
310148,310153,310154,1,5
310148,310153,310154,1,5
310148,310148,310153,5,0
310148,310153,310154,1,5
310148,310153,310154,1,5
310148,310148,310155,7,0
310148,310149,310154,5,1
310148,310149,310154,5,1
310148,310152,310154,2,4
310148,310152,310154,2,4
310148,310153,310154,1,5
310148,310149,310155,6,1
310148,310149,310155,6,1
310148,310152,310155,3,4
310148,310153,310155,2,5
310148,310149,310155,6,1
310148,310149,310155,6,1
310148,310148,310155,7,0
310148,310154,310156,2,6
310148,310153,310155,2,5
310148,310154,310155,1,6
310148,310153,310155,2,5
310148,310154,310156,2,6
310148,310154,310155,1,6
310148,310148,310156,8,0
310148,310148,310156,8,0
310148,310149,310156,7,1
310148,310154,310156,2,6
310148,310155,310156,1,7
310148,310148,310156,8,0
310148,310148,310156,8,0
310148,310148,310156,8,0
310148,310155,310156,1,7
310148,310154,310156,2,6
310148,310148,310156,8,0
310148,310148,310156,8,0
310148,310148,310157,9,0
310148,310156,310158,2,8
310148,310155,310157,2,7
310148,310155,310157,2,7
310148,310155,310157,2,7
310148,310148,310157,9,0
310148,310148,310157,9,0
310148,310149,310158,9,1
310148,310156,310158,2,8
310148,310148,310158,10,0
310148,310154,310158,4,6
310148,310148,310158,10,0
310148,310148,310158,10,0
310148,310148,310158,10,0
310148,310148,310158,10,0
310148,310148,310160,12,0
310148,310155,310159,4,7
310148,310148,310160,12,0
310148,310154,310160,6,6
310148,310148,310161,13,0
310148,310148,310161,13,0
310173,310173,310174,1,0
310173,310173,310174,1,0
310173,310173,310175,2,0
310173,310173,310175,2,0
310173,310173,310175,2,0
310173,310173,310175,2,0
310173,310173,310175,2,0
310173,310174,310176,2,1
310173,310175,310176,1,2
310173,310175,310176,1,2
310173,310174,310177,3,1
310173,310174,310177,3,1
310173,310174,310177,3,1
310173,310176,310177,1,3
310173,310176,310177,1,3
310173,310176,310177,1,3
310173,310174,310178,4,1
310173,310176,310178,2,3
310173,310173,310178,5,0
310173,310176,310178,2,3
310173,310174,310179,5,1
310173,310173,310180,7,0
310173,310173,310179,6,0
310173,310178,310179,1,5
310173,310173,310179,6,0
310173,310178,310180,2,5
310173,310177,310179,2,4
310173,310177,310179,2,4
310173,310173,310180,7,0
310173,310174,310181,7,1
310173,310179,310181,2,6
310173,310173,310180,7,0
310173,310173,310180,7,0
310173,310178,310180,2,5
310173,310174,310180,6,1
310173,310173,310180,7,0
310173,310178,310180,2,5
310173,310173,310181,8,0
310173,310173,310181,8,0
310173,310178,310181,3,5
310173,310173,310181,8,0
310173,310181,310182,1,8
310173,310180,310181,1,7
310173,310181,310182,1,8
310173,310181,310182,1,8
310173,310179,310181,2,6
310173,310181,310182,1,8
310173,310180,310181,1,7
310173,310180,310182,2,7
310173,310173,310182,9,0
310173,310173,310182,9,0
310173,310173,310182,9,0
310173,310174,310182,8,1
310173,310173,310182,9,0
310173,310173,310182,9,0
310173,310180,310182,2,7
310173,310173,310182,9,0
310173,310180,310182,2,7
310173,310180,310182,2,7
310173,310173,310182,9,0
310173,310181,310182,1,8
310173,310174,310182,8,1
310173,310173,310183,10,0
310173,310178,310183,5,5
310173,310177,310183,6,4
310173,310179,310183,4,6
310173,310181,310184,3,8
310173,310179,310183,4,6
310173,310173,310183,10,0
310173,310173,310184,11,0
310173,310173,310184,11,0
310173,310180,310184,4,7
310173,310173,310184,11,0
310173,310173,310185,12,0
310173,310180,310185,5,7
310173,310181,310185,4,8
310173,310173,310185,12,0
310173,310173,310186,13,0
310173,310173,310188,15,0
310200,310200,310201,1,0
310200,310200,310201,1,0
310200,310200,310201,1,0
310200,310200,310201,1,0
310200,310200,310201,1,0
310200,310200,310202,2,0
310200,310200,310203,3,0
310200,310202,310203,1,2
310200,310200,310204,4,0
310200,310202,310204,2,2
310200,310202,310203,1,2
310200,310200,310204,4,0
310200,310202,310203,1,2
310200,310202,310204,2,2
310200,310202,310204,2,2
310200,310200,310204,4,0
310200,310200,310205,5,0
310200,310200,310205,5,0
310200,310200,310204,4,0
310200,310200,310204,4,0
310200,310200,310205,5,0
310200,310200,310205,5,0
310200,310204,310205,1,4
310200,310204,310205,1,4
310200,310204,310205,1,4
310200,310200,310205,5,0
310200,310203,310204,1,3
310200,310203,310204,1,3
310200,310200,310205,5,0
310200,310200,310206,6,0
310200,310200,310206,6,0
310200,310200,310206,6,0
310200,310205,310206,1,5
310200,310200,310205,5,0
310200,310204,310205,1,4
310200,310200,310205,5,0
310200,310204,310205,1,4
310200,310204,310205,1,4
310200,310205,310206,1,5
310200,310200,310207,7,0
310200,310200,310206,6,0
310200,310200,310207,7,0
310200,310205,310207,2,5
310200,310200,310207,7,0
310200,310200,310206,6,0
310200,310205,310207,2,5
310200,310204,310207,3,4
310200,310205,310207,2,5
310200,310205,310207,2,5
310200,310200,310207,7,0
310200,310205,310206,1,5
310200,310205,310207,2,5
310200,310205,310206,1,5
310200,310205,310207,2,5
310200,310200,310206,6,0
310200,310205,310206,1,5
310200,310205,310206,1,5
310200,310206,310207,1,6
310200,310200,310206,6,0
310200,310206,310207,1,6
310200,310206,310207,1,6
310200,310200,310208,8,0
310200,310206,310208,2,6
310200,310200,310207,7,0
310200,310205,310207,2,5
310200,310206,310207,1,6
310200,310206,310208,2,6
310200,310206,310208,2,6
310200,310200,310208,8,0
310200,310200,310208,8,0
310200,310200,310209,9,0
310200,310200,310209,9,0
310200,310200,310209,9,0
310200,310200,310209,9,0
310200,310200,310211,11,0
310200,310200,310211,11,0
310200,310200,310211,11,0
310200,310200,310212,12,0
310200,310200,310214,14,0
310224,310224,310225,1,0
310224,310224,310226,2,0
310224,310224,310226,2,0
310224,310224,310226,2,0
310224,310224,310226,2,0
310224,310224,310226,2,0
310224,310224,310226,2,0
310224,310226,310227,1,2
310224,310227,310228,1,3
310224,310224,310228,4,0
310224,310224,310228,4,0
310224,310224,310228,4,0
310224,310224,310228,4,0
310224,310225,310228,3,1
310224,310227,310228,1,3
310224,310224,310229,5,0
310224,310227,310228,1,3
310224,310227,310228,1,3
310224,310227,310228,1,3
310224,310228,310229,1,4
310224,310227,310228,1,3
310224,310224,310229,5,0
310224,310224,310229,5,0
310224,310224,310230,6,0
310224,310224,310229,5,0
310224,310224,310230,6,0
310224,310229,310230,1,5
310224,310224,310230,6,0
310224,310224,310230,6,0
310224,310224,310230,6,0
310224,310224,310230,6,0
310224,310229,310230,1,5
310224,310229,310231,2,5
310224,310224,310230,6,0
310224,310224,310230,6,0
310224,310229,310230,1,5
310224,310224,310230,6,0
310224,310229,310230,1,5
310224,310224,310230,6,0
310224,310229,310230,1,5
310224,310229,310230,1,5
310224,310224,310230,6,0
310224,310229,310230,1,5
310224,310224,310230,6,0
310224,310229,310230,1,5
310224,310229,310230,1,5
310224,310230,310231,1,6
310224,310229,310231,2,5
310224,310229,310231,2,5
310224,310224,310231,7,0
310224,310231,310232,1,7
310224,310229,310231,2,5
310224,310224,310231,7,0
310224,310224,310231,7,0
310224,310230,310231,1,6
310224,310224,310231,7,0
310224,310230,310231,1,6
310224,310230,310231,1,6
310224,310224,310231,7,0
310224,310230,310232,2,6
310224,310231,310232,1,7
310224,310231,310233,2,7
310224,310224,310232,8,0
310224,310224,310232,8,0
310224,310231,310233,2,7
310224,310231,310232,1,7
310224,310224,310233,9,0
310224,310224,310232,8,0
310224,310230,310233,3,6
310224,310231,310233,2,7
310224,310224,310233,9,0
310224,310231,310233,2,7
310224,310224,310233,9,0
310224,310224,310234,10,0
310224,310224,310235,11,0
310224,310224,310237,13,0
310224,310224,310238,14,0
310224,310224,310238,14,0
310248,310248,310249,1,0
310248,310248,310250,2,0
310248,310248,310250,2,0
310248,310248,310250,2,0
310248,310248,310249,1,0
310248,310248,310250,2,0
310248,310249,310250,1,1
310248,310248,310251,3,0
310248,310248,310251,3,0
310248,310250,310251,1,2
310248,310250,310251,1,2
310248,310250,310251,1,2
310248,310248,310252,4,0
310248,310250,310252,2,2
310248,310250,310252,2,2
310248,310250,310252,2,2
310248,310251,310252,1,3
310248,310251,310252,1,3
310248,310248,310252,4,0
310248,310248,310253,5,0
310248,310251,310253,2,3
310248,310251,310253,2,3
310248,310248,310253,5,0
310248,310248,310253,5,0
310248,310252,310253,1,4
310248,310252,310253,1,4
310248,310248,310253,5,0
310248,310248,310254,6,0
310248,310251,310254,3,3
310248,310248,310254,6,0
310248,310248,310254,6,0
310248,310253,310254,1,5
310248,310248,310254,6,0
310248,310252,310254,2,4
310248,310248,310254,6,0
310248,310248,310254,6,0
310248,310248,310254,6,0
310248,310253,310254,1,5
310248,310248,310254,6,0
310248,310252,310255,3,4
310248,310254,310255,1,6
310248,310254,310255,1,6
310248,310254,310255,1,6
310248,310254,310255,1,6
310248,310248,310255,7,0
310248,310255,310256,1,7
310248,310255,310256,1,7
310248,310248,310255,7,0
310248,310254,310255,1,6
310248,310254,310255,1,6
310248,310254,310255,1,6
310248,310255,310256,1,7
310248,310248,310256,8,0
310248,310248,310256,8,0
310248,310248,310257,9,0
310248,310255,310256,1,7
310248,310255,310256,1,7
310248,310255,310256,1,7
310248,310248,310257,9,0
310248,310253,310256,3,5
310248,310254,310257,3,6
310248,310253,310256,3,5
310248,310248,310257,9,0
310248,310254,310257,3,6
310248,310248,310257,9,0
310248,310248,310258,10,0
310248,310248,310258,10,0
310248,310248,310257,9,0
310248,310248,310258,10,0
310248,310248,310258,10,0
310248,310248,310258,10,0
310248,310248,310258,10,0
310248,310248,310259,11,0
310248,310248,310259,11,0
310248,310248,310259,11,0
310248,310248,310259,11,0
310248,310248,310261,13,0
310248,310248,310262,14,0
310248,310248,310262,14,0
310273,310273,310274,1,0
310273,310273,310274,1,0
310273,310273,310274,1,0
310273,310273,310274,1,0
310273,310273,310274,1,0
310273,310273,310274,1,0
310273,310273,310276,3,0
310273,310273,310277,4,0
310273,310275,310277,2,2
310273,310275,310276,1,2
310273,310274,310276,2,1
310273,310275,310276,1,2
310273,310273,310278,5,0
310273,310273,310277,4,0
310273,310275,310278,3,2
310273,310273,310277,4,0
310273,310277,310278,1,4
310273,310276,310277,1,3
310273,310273,310278,5,0
310273,310277,310279,2,4
310273,310273,310279,6,0
310273,310273,310278,5,0
310273,310273,310278,5,0
310273,310273,310279,6,0
310273,310277,310278,1,4
310273,310273,310279,6,0
310273,310277,310279,2,4
310273,310273,310278,5,0
310273,310277,310279,2,4
310273,310275,310278,3,2
310273,310278,310279,1,5
310273,310273,310279,6,0
310273,310278,310279,1,5
310273,310273,310279,6,0
310273,310273,310279,6,0
310273,310279,310280,1,6
310273,310273,310279,6,0
310273,310278,310279,1,5
310273,310279,310280,1,6
310273,310273,310280,7,0
310273,310273,310280,7,0
310273,310273,310280,7,0
310273,310278,310280,2,5
310273,310279,310280,1,6
310273,310279,310281,2,6
310273,310279,310280,1,6
310273,310279,310280,1,6
310273,310279,310280,1,6
310273,310273,310280,7,0
310273,310279,310280,1,6
310273,310280,310281,1,7
310273,310279,310280,1,6
310273,310273,310281,8,0
310273,310278,310280,2,5
310273,310279,310280,1,6
310273,310279,310280,1,6
310273,310273,310281,8,0
310273,310273,310281,8,0
310273,310273,310282,9,0
310273,310273,310281,8,0
310273,310278,310281,3,5
310273,310273,310281,8,0
310273,310273,310281,8,0
310273,310280,310281,1,7
310273,310280,310281,1,7
310273,310280,310281,1,7
310273,310273,310282,9,0
310273,310279,310282,3,6
310273,310273,310283,10,0
310273,310279,310282,3,6
310273,310273,310283,10,0
310273,310273,310283,10,0
310273,310273,310283,10,0
310273,310273,310284,11,0
310273,310273,310284,11,0
310273,310273,310284,11,0
310273,310273,310284,11,0
310273,310273,310285,12,0
310273,310273,310287,14,0
310298,310298,310299,1,0
310298,310298,310299,1,0
310298,310298,310299,1,0
310298,310298,310300,2,0
310298,310298,310299,1,0
310298,310298,310300,2,0
310298,310299,310301,2,1
310298,310298,310301,3,0
310298,310299,310301,2,1
310298,310298,310302,4,0
310298,310299,310301,2,1
310298,310300,310302,2,2
310298,310298,310302,4,0
310298,310300,310303,3,2
310298,310300,310303,3,2
310298,310301,310303,2,3
310298,310298,310303,5,0
310298,310301,310303,2,3
310298,310301,310303,2,3
310298,310298,310304,6,0
310298,310298,310303,5,0
310298,310302,310304,2,4
310298,310298,310304,6,0
310298,310298,310304,6,0
310298,310298,310304,6,0
310298,310298,310304,6,0
310298,310302,310304,2,4
310298,310302,310304,2,4
310298,310298,310305,7,0
310298,310298,310304,6,0
310298,310298,310305,7,0
310298,310298,310305,7,0
310298,310302,310305,3,4
310298,310303,310305,2,5
310298,310303,310305,2,5
310298,310303,310305,2,5
310298,310304,310305,1,6
310298,310304,310305,1,6
310298,310298,310305,7,0
310298,310304,310305,1,6
310298,310304,310305,1,6
310298,310298,310306,8,0
310298,310298,310306,8,0
310298,310298,310306,8,0
310298,310304,310306,2,6
310298,310305,310306,1,7
310298,310304,310306,2,6
310298,310298,310306,8,0
310298,310305,310306,1,7
310298,310305,310306,1,7
310298,310305,310306,1,7
310298,310305,310306,1,7
310298,310305,310306,1,7
310298,310298,310306,8,0
310298,310305,310307,2,7
310298,310298,310307,9,0
310298,310305,310307,2,7
310298,310305,310307,2,7
310298,310298,310307,9,0
310298,310306,310307,1,8
310298,310298,310308,10,0
310298,310305,310308,3,7
310298,310305,310308,3,7
310298,310298,310308,10,0
310298,310298,310308,10,0
310298,310298,310309,11,0
310298,310298,310308,10,0
310298,310298,310309,11,0
310298,310298,310309,11,0
310298,310298,310309,11,0
310298,310298,310309,11,0
310298,310298,310309,11,0
310298,310298,310311,13,0
310298,310298,310310,12,0
310298,310298,310312,14,0
310298,310298,310312,14,0
310298,310298,310313,15,0
310298,310298,310317,19,0
310328,310328,310329,1,0
310328,310328,310329,1,0
310328,310328,310329,1,0
310328,310328,310329,1,0
310328,310328,310330,2,0
310328,310328,310329,1,0
310328,310328,310331,3,0
310328,310329,310332,3,1
310328,310328,310333,5,0
310328,310328,310333,5,0
310328,310330,310333,3,2
310328,310328,310333,5,0
310328,310328,310333,5,0
310328,310330,310333,3,2
310328,310329,310333,4,1
310328,310330,310332,2,2
310328,310328,310334,6,0
310328,310328,310334,6,0
310328,310328,310334,6,0
310328,310330,310333,3,2
310328,310328,310334,6,0
310328,310328,310334,6,0
310328,310331,310333,2,3
310328,310328,310334,6,0
310328,310328,310334,6,0
310328,310328,310335,7,0
310328,310328,310334,6,0
310328,310333,310335,2,5
310328,310334,310335,1,6
310328,310328,310335,7,0
310328,310328,310335,7,0
310328,310333,310335,2,5
310328,310334,310335,1,6
310328,310328,310334,6,0
310328,310332,310334,2,4
310328,310334,310335,1,6
310328,310328,310335,7,0
310328,310328,310334,6,0
310328,310333,310335,2,5
310328,310334,310335,1,6
310328,310333,310334,1,5
310328,310333,310335,2,5
310328,310333,310335,2,5
310328,310334,310335,1,6
310328,310335,310336,1,7
310328,310334,310336,2,6
310328,310335,310336,1,7
310328,310335,310336,1,7
310328,310333,310335,2,5
310328,310335,310336,1,7
310328,310335,310336,1,7
310328,310335,310336,1,7
310328,310335,310336,1,7
310328,310335,310336,1,7
310328,310335,310336,1,7
310328,310328,310336,8,0
310328,310328,310337,9,0
310328,310328,310337,9,0
310328,310328,310337,9,0
310328,310334,310337,3,6
310328,310328,310337,9,0
310328,310328,310337,9,0
310328,310333,310338,5,5
310328,310328,310338,10,0
310328,310334,310338,4,6
310328,310328,310338,10,0
310328,310335,310338,3,7
310328,310328,310338,10,0
310328,310328,310337,9,0
310328,310335,310337,2,7
310328,310328,310338,10,0
310328,310328,310339,11,0
310328,310328,310339,11,0
310328,310328,310340,12,0
310328,310328,310339,11,0
310328,310328,310339,11,0
310328,310328,310339,11,0
310328,310328,310343,15,0
310328,310328,310346,18,0
310357,310357,310358,1,0
310357,310357,310358,1,0
310357,310357,310359,2,0
310357,310357,310359,2,0
310357,310357,310359,2,0
310357,310357,310359,2,0
310357,310357,310359,2,0
310357,310359,310361,2,2
310357,310359,310361,2,2
310357,310360,310361,1,3
310357,310360,310362,2,3
310357,310358,310362,4,1
310357,310358,310363,5,1
310357,310360,310362,2,3
310357,310360,310362,2,3
310357,310358,310364,6,1
310357,310357,310363,6,0
310357,310358,310363,5,1
310357,310360,310363,3,3
310357,310357,310363,6,0
310357,310362,310363,1,5
310357,310362,310364,2,5
310357,310357,310364,7,0
310357,310358,310364,6,1
310357,310358,310364,6,1
310357,310363,310364,1,6
310357,310357,310364,7,0
310357,310358,310364,6,1
310357,310363,310364,1,6
310357,310363,310364,1,6
310357,310358,310364,6,1
310357,310357,310364,7,0
310357,310357,310364,7,0
310357,310363,310364,1,6
310357,310357,310364,7,0
310357,310362,310364,2,5
310357,310364,310365,1,7
310357,310358,310365,7,1
310357,310358,310365,7,1
310357,310358,310365,7,1
310357,310363,310365,2,6
310357,310365,310366,1,8
310357,310364,310365,1,7
310357,310364,310365,1,7
310357,310364,310365,1,7
310357,310365,310366,1,8
310357,310364,310365,1,7
310357,310365,310366,1,8
310357,310358,310366,8,1
310357,310364,310367,3,7
310357,310365,310366,1,8
310357,310365,310366,1,8
310357,310365,310366,1,8
310357,310365,310366,1,8
310357,310365,310366,1,8
310357,310365,310366,1,8
310357,310365,310366,1,8
310357,310365,310366,1,8
310357,310365,310366,1,8
310357,310364,310366,2,7
310357,310365,310366,1,8
310357,310358,310367,9,1
310357,310358,310367,9,1
310357,310358,310367,9,1
310357,310358,310368,10,1
310357,310358,310370,12,1
310357,310358,310369,11,1
310357,310358,310370,12,1
310357,310358,310370,12,1
310357,310358,310370,12,1
310357,310358,310370,12,1
310357,310358,310370,12,1
310357,310358,310370,12,1
310357,310358,310371,13,1
310357,310358,310371,13,1
310357,310358,310372,14,1
310357,310358,310372,14,1
310357,310358,310373,15,1
310357,310358,310373,15,1
310384,310384,310386,2,0
310384,310384,310386,2,0
310384,310384,310386,2,0
310384,310384,310385,1,0
310384,310384,310386,2,0
310384,310384,310386,2,0
310384,310384,310387,3,0
310384,310384,310388,4,0
310384,310384,310388,4,0
310384,310384,310389,5,0
310384,310384,310389,5,0
310384,310386,310389,3,2
310384,310386,310389,3,2
310384,310386,310389,3,2
310384,310386,310389,3,2
310384,310384,310390,6,0
310384,310386,310390,4,2
310384,310384,310390,6,0
310384,310386,310390,4,2
310384,310389,310390,1,5
310384,310389,310390,1,5
310384,310384,310390,6,0
310384,310384,310390,6,0
310384,310384,310390,6,0
310384,310384,310390,6,0
310384,310388,310390,2,4
310384,310384,310390,6,0
310384,310384,310391,7,0
310384,310384,310391,7,0
310384,310384,310391,7,0
310384,310389,310391,2,5
310384,310384,310391,7,0
310384,310390,310391,1,6
310384,310390,310391,1,6
310384,310390,310391,1,6
310384,310390,310391,1,6
310384,310391,310392,1,7
310384,310391,310392,1,7
310384,310390,310391,1,6
310384,310391,310392,1,7
310384,310391,310392,1,7
310384,310391,310392,1,7
310384,310384,310392,8,0
310384,310384,310392,8,0
310384,310391,310392,1,7
310384,310391,310392,1,7
310384,310391,310392,1,7
310384,310392,310393,1,8
310384,310391,310392,1,7
310384,310391,310392,1,7
310384,310391,310392,1,7
310384,310392,310393,1,8
310384,310392,310393,1,8
310384,310392,310393,1,8
310384,310384,310393,9,0
310384,310384,310393,9,0
310384,310384,310393,9,0
310384,310384,310393,9,0
310384,310384,310393,9,0
310384,310391,310393,2,7
310384,310391,310393,2,7
310384,310391,310393,2,7
310384,310392,310393,1,8
310384,310384,310394,10,0
310384,310384,310394,10,0
310384,310384,310394,10,0
310384,310384,310394,10,0
310384,310391,310394,3,7
310384,310384,310395,11,0
310384,310384,310396,12,0
310384,310384,310396,12,0
310384,310384,310396,12,0
310384,310384,310396,12,0
310384,310384,310397,13,0
310384,310384,310398,14,0
310384,310384,310398,14,0
310384,310384,310398,14,0
310384,310384,310399,15,0
310384,310384,310400,16,0
310411,310411,310412,1,0
310411,310411,310413,2,0
310411,310411,310413,2,0
310411,310411,310413,2,0
310411,310411,310412,1,0
310411,310411,310413,2,0
310411,310411,310414,3,0
310411,310411,310415,4,0
310411,310411,310416,5,0
310411,310411,310415,4,0
310411,310413,310416,3,2
310411,310411,310415,4,0
310411,310413,310416,3,2
310411,310411,310417,6,0
310411,310411,310416,5,0
310411,310411,310417,6,0
310411,310411,310417,6,0
310411,310413,310417,4,2
310411,310411,310417,6,0
310411,310413,310417,4,2
310411,310414,310417,3,3
310411,310411,310416,5,0
310411,310413,310417,4,2
310411,310411,310417,6,0
310411,310413,310417,4,2
310411,310411,310418,7,0
310411,310411,310418,7,0
310411,310411,310418,7,0
310411,310411,310418,7,0
310411,310411,310418,7,0
310411,310411,310418,7,0
310411,310411,310418,7,0
310411,310416,310418,2,5
310411,310416,310418,2,5
310411,310411,310418,7,0
310411,310411,310418,7,0
310411,310415,310419,4,4
310411,310417,310419,2,6
310411,310416,310419,3,5
310411,310418,310419,1,7
310411,310418,310419,1,7
310411,310419,310420,1,8
310411,310418,310419,1,7
310411,310419,310420,1,8
310411,310411,310419,8,0
310411,310418,310419,1,7
310411,310419,310420,1,8
310411,310418,310420,2,7
310411,310418,310420,2,7
310411,310411,310420,9,0
310411,310418,310420,2,7
310411,310411,310420,9,0
310411,310417,310420,3,6
310411,310419,310420,1,8
310411,310419,310420,1,8
310411,310419,310420,1,8
310411,310411,310420,9,0
310411,310418,310420,2,7
310411,310417,310421,4,6
310411,310411,310421,10,0
310411,310416,310421,5,5
310411,310416,310421,5,5
310411,310418,310421,3,7
310411,310411,310421,10,0
310411,310411,310422,11,0
310411,310411,310422,11,0
310411,310417,310422,5,6
310411,310417,310422,5,6
310411,310411,310423,12,0
310411,310411,310423,12,0
310411,310411,310423,12,0
310411,310411,310424,13,0
310411,310411,310425,14,0
310411,310411,310425,14,0
310411,310411,310425,14,0
310411,310411,310425,14,0
310411,310411,310427,16,0
310438,310439,310440,1,1
310438,310439,310440,1,1
310438,310439,310440,1,1
310438,310439,310440,1,1
310438,310439,310440,1,1
310438,310439,310440,1,1
310438,310439,310441,2,1
310438,310439,310442,3,1
310438,310441,310443,2,3
310438,310441,310443,2,3
310438,310439,310443,4,1
310438,310441,310443,2,3
310438,310441,310443,2,3
310438,310442,310444,2,4
310438,310439,310444,5,1
310438,310439,310444,5,1
310438,310439,310444,5,1
310438,310439,310444,5,1
310438,310439,310445,6,1
310438,310439,310444,5,1
310438,310441,310444,3,3
310438,310439,310444,5,1
310438,310441,310444,3,3
310438,310439,310445,6,1
310438,310439,310445,6,1
310438,310439,310446,7,1
310438,310444,310446,2,6
310438,310439,310446,7,1
310438,310439,310445,6,1
310438,310444,310445,1,6
310438,310439,310446,7,1
310438,310439,310446,7,1
310438,310439,310446,7,1
310438,310444,310446,2,6
310438,310446,310447,1,8
310438,310439,310446,7,1
310438,310444,310446,2,6
310438,310444,310446,2,6
310438,310445,310446,1,7
310438,310446,310447,1,8
310438,310439,310446,7,1
310438,310445,310446,1,7
310438,310445,310446,1,7
310438,310446,310447,1,8
310438,310439,310447,8,1
310438,310443,310447,4,5
310438,310447,310448,1,9
310438,310447,310448,1,9
310438,310447,310448,1,9
310438,310446,310447,1,8
310438,310445,310447,2,7
310438,310446,310447,1,8
310438,310446,310447,1,8
310438,310444,310448,4,6
310438,310446,310447,1,8
310438,310439,310448,9,1
310438,310447,310449,2,9
310438,310445,310448,3,7
310438,310439,310448,9,1
310438,310439,310449,10,1
310438,310447,310448,1,9
310438,310439,310449,10,1
310438,310439,310449,10,1
310438,310445,310449,4,7
310438,310439,310449,10,1
310438,310445,310449,4,7
310438,310439,310450,11,1
310438,310445,310450,5,7
310438,310439,310450,11,1
310438,310445,310450,5,7
310438,310439,310451,12,1
310438,310439,310451,12,1
310438,310439,310452,13,1
310438,310439,310452,13,1
310438,310439,310452,13,1
310438,310439,310452,13,1
310438,310439,310454,15,1
310438,310439,310455,16,1
310438,310439,310460,21,1
310472,310472,310473,1,0
310472,310472,310473,1,0
310472,310472,310474,2,0
310472,310472,310474,2,0
310472,310472,310474,2,0
310472,310472,310473,1,0
310472,310472,310474,2,0
310472,310472,310476,4,0
310472,310473,310476,3,1
310472,310474,310476,2,2
310472,310472,310477,5,0
310472,310474,310477,3,2
310472,310474,310477,3,2
310472,310474,310477,3,2
310472,310474,310477,3,2
310472,310472,310477,5,0
310472,310472,310478,6,0
310472,310472,310478,6,0
310472,310472,310478,6,0
310472,310477,310478,1,5
310472,310476,310478,2,4
310472,310472,310478,6,0
310472,310477,310478,1,5
310472,310472,310479,7,0
310472,310472,310479,7,0
310472,310472,310479,7,0
310472,310472,310479,7,0
310472,310472,310479,7,0
310472,310472,310479,7,0
310472,310472,310479,7,0
310472,310472,310479,7,0
310472,310472,310479,7,0
310472,310472,310479,7,0
310472,310472,310479,7,0
310472,310478,310479,1,6
310472,310472,310479,7,0
310472,310472,310479,7,0
310472,310478,310480,2,6
310472,310472,310480,8,0
310472,310472,310480,8,0
310472,310478,310480,2,6
310472,310472,310480,8,0
310472,310480,310481,1,8
310472,310478,310480,2,6
310472,310479,310480,1,7
310472,310478,310480,2,6
310472,310479,310480,1,7
310472,310479,310480,1,7
310472,310480,310481,1,8
310472,310480,310481,1,8
310472,310472,310481,9,0
310472,310472,310481,9,0
310472,310472,310481,9,0
310472,310472,310481,9,0
310472,310476,310481,5,4
310472,310480,310481,1,8
310472,310480,310481,1,8
310472,310479,310481,2,7
310472,310480,310481,1,8
310472,310480,310481,1,8
310472,310480,310481,1,8
310472,310472,310482,10,0
310472,310472,310482,10,0
310472,310479,310482,3,7
310472,310472,310482,10,0
310472,310480,310482,2,8
310472,310472,310482,10,0
310472,310478,310482,4,6
310472,310477,310482,5,5
310472,310480,310482,2,8
310472,310479,310482,3,7
310472,310480,310483,3,8
310472,310472,310483,11,0
310472,310472,310483,11,0
310472,310472,310484,12,0
310472,310472,310484,12,0
310472,310480,310485,5,8
310472,310472,310486,14,0
310472,310472,310486,14,0
310497,310497,310499,2,0
310497,310497,310499,2,0
310497,310497,310499,2,0
310497,310497,310499,2,0
310497,310497,310499,2,0
310497,310497,310499,2,0
310497,310497,310499,2,0
310497,310497,310501,4,0
310497,310500,310502,2,3
310497,310500,310502,2,3
310497,310500,310502,2,3
310497,310500,310502,2,3
310497,310500,310502,2,3
310497,310500,310502,2,3
310497,310498,310503,5,1
310497,310498,310503,5,1
310497,310497,310503,6,0
310497,310500,310503,3,3
310497,310497,310504,7,0
310497,310497,310503,6,0
310497,310498,310504,6,1
310497,310498,310504,6,1
310497,310497,310504,7,0
310497,310498,310505,7,1
310497,310498,310505,7,1
310497,310503,310504,1,6
310497,310502,310504,2,5
310497,310503,310504,1,6
310497,310503,310504,1,6
310497,310498,310504,6,1
310497,310503,310504,1,6
310497,310498,310504,6,1
310497,310503,310504,1,6
310497,310503,310504,1,6
310497,310498,310505,7,1
310497,310498,310505,7,1
310497,310498,310505,7,1
310497,310498,310505,7,1
310497,310498,310505,7,1
310497,310497,310505,8,0
310497,310498,310505,7,1
310497,310498,310505,7,1
310497,310504,310505,1,7
310497,310504,310506,2,7
310497,310505,310506,1,8
310497,310505,310506,1,8
310497,310498,310506,8,1
310497,310498,310506,8,1
310497,310498,310506,8,1
310497,310505,310507,2,8
310497,310505,310506,1,8
310497,310505,310506,1,8
310497,310505,310506,1,8
310497,310505,310506,1,8
310497,310505,310506,1,8
310497,310498,310506,8,1
310497,310505,310506,1,8
310497,310504,310506,2,7
310497,310505,310506,1,8
310497,310504,310506,2,7
310497,310505,310506,1,8
310497,310505,310506,1,8
310497,310497,310507,10,0
310497,310506,310507,1,9
310497,310498,310507,9,1
310497,310498,310508,10,1
310497,310498,310508,10,1
310497,310504,310508,4,7
310497,310497,310508,11,0
310497,310497,310508,11,0
310497,310497,310508,11,0
310497,310504,310508,4,7
310497,310498,310508,10,1
310497,310505,310508,3,8
310497,310505,310509,4,8
310497,310497,310509,12,0
310497,310498,310510,12,1
310497,310498,310510,12,1
310497,310497,310512,15,0
310524,310524,310525,1,0
310524,310524,310525,1,0
310524,310524,310525,1,0
310524,310524,310525,1,0
310524,310524,310525,1,0
310524,310524,310525,1,0
310524,310524,310526,2,0
310524,310524,310527,3,0
310524,310525,310528,3,1
310524,310524,310529,5,0
310524,310524,310528,4,0
310524,310525,310528,3,1
310524,310524,310529,5,0
310524,310526,310529,3,2
310524,310524,310529,5,0
310524,310524,310529,5,0
310524,310526,310528,2,2
310524,310526,310529,3,2
310524,310526,310528,2,2
310524,310524,310530,6,0
310524,310524,310530,6,0
310524,310524,310530,6,0
310524,310527,310529,2,3
310524,310524,310530,6,0
310524,310528,310530,2,4
310524,310524,310530,6,0
310524,310524,310531,7,0
310524,310524,310531,7,0
310524,310524,310531,7,0
310524,310524,310531,7,0
310524,310524,310530,6,0
310524,310529,310531,2,5
310524,310529,310530,1,5
310524,310529,310530,1,5
310524,310528,310531,3,4
310524,310529,310531,2,5
310524,310529,310531,2,5
310524,310524,310531,7,0
310524,310529,310530,1,5
310524,310524,310530,6,0
310524,310529,310530,1,5
310524,310529,310531,2,5
310524,310524,310531,7,0
310524,310529,310531,2,5
310524,310524,310532,8,0
310524,310524,310532,8,0
310524,310530,310532,2,6
310524,310531,310532,1,7
310524,310529,310532,3,5
310524,310530,310532,2,6
310524,310530,310532,2,6
310524,310524,310532,8,0
310524,310524,310532,8,0
310524,310524,310532,8,0
310524,310530,310533,3,6
310524,310530,310532,2,6
310524,310524,310532,8,0
310524,310531,310532,1,7
310524,310531,310532,1,7
310524,310531,310532,1,7
310524,310531,310532,1,7
310524,310524,310534,10,0
310524,310530,310533,3,6
310524,310524,310533,9,0
310524,310531,310533,2,7
310524,310531,310533,2,7
310524,310531,310533,2,7
310524,310531,310534,3,7
310524,310524,310535,11,0
310524,310524,310535,11,0
310524,310524,310535,11,0
310524,310524,310534,10,0
310524,310531,310534,3,7
310524,310524,310535,11,0
310524,310524,310535,11,0
310524,310524,310535,11,0
310524,310524,310535,11,0
310524,310524,310536,12,0
310524,310524,310538,14,0
310549,310549,310551,2,0
310549,310549,310550,1,0
310549,310549,310550,1,0
310549,310549,310550,1,0
310549,310549,310551,2,0
310549,310549,310550,1,0
310549,310549,310550,1,0
310549,310549,310553,4,0
310549,310549,310552,3,0
310549,310551,310554,3,2
310549,310551,310554,3,2
310549,310551,310554,3,2
310549,310549,310554,5,0
310549,310549,310555,6,0
310549,310549,310555,6,0
310549,310549,310554,5,0
310549,310549,310555,6,0
310549,310549,310555,6,0
310549,310549,310554,5,0
310549,310549,310555,6,0
310549,310549,310554,5,0
310549,310551,310555,4,2
310549,310549,310554,5,0
310549,310551,310555,4,2
310549,310549,310555,6,0
310549,310551,310554,3,2
310549,310551,310555,4,2
310549,310549,310556,7,0
310549,310549,310556,7,0
310549,310549,310555,6,0
310549,310549,310556,7,0
310549,310549,310556,7,0
310549,310554,310556,2,5
310549,310549,310556,7,0
310549,310553,310556,3,4
310549,310554,310556,2,5
310549,310549,310556,7,0
310549,310553,310555,2,4
310549,310554,310556,2,5
310549,310554,310556,2,5
310549,310549,310557,8,0
310549,310555,310557,2,6
310549,310555,310557,2,6
310549,310555,310557,2,6
310549,310555,310557,2,6
310549,310555,310557,2,6
310549,310555,310557,2,6
310549,310549,310557,8,0
310549,310555,310557,2,6
310549,310555,310557,2,6
310549,310556,310557,1,7
310549,310549,310558,9,0
310549,310555,310558,3,6
310549,310549,310558,9,0
310549,310556,310558,2,7
310549,310549,310558,9,0
310549,310555,310558,3,6
310549,310555,310558,3,6
310549,310555,310558,3,6
310549,310549,310558,9,0
310549,310557,310558,1,8
310549,310549,310559,10,0
310549,310549,310559,10,0
310549,310556,310559,3,7
310549,310549,310559,10,0
310549,310555,310559,4,6
310549,310556,310558,2,7
310549,310549,310560,11,0
310549,310549,310560,11,0
310549,310555,310560,5,6
310549,310549,310559,10,0
310549,310549,310560,11,0
310549,310549,310559,10,0
310549,310549,310561,12,0
310549,310549,310560,11,0
310549,310549,310562,13,0
310575,310575,310576,1,0
310575,310575,310576,1,0
310575,310575,310576,1,0
310575,310575,310576,1,0
310575,310575,310576,1,0
310575,310575,310576,1,0
310575,310575,310576,1,0
310575,310575,310578,3,0
310575,310575,310579,4,0
310575,310576,310578,2,1
310575,310575,310580,5,0
310575,310575,310579,4,0
310575,310577,310580,3,2
310575,310577,310580,3,2
310575,310577,310579,2,2
310575,310575,310580,5,0
310575,310577,310579,2,2
310575,310575,310579,4,0
310575,310577,310579,2,2
310575,310575,310581,6,0
310575,310575,310580,5,0
310575,310575,310580,5,0
310575,310577,310580,3,2
310575,310575,310580,5,0
310575,310575,310580,5,0
310575,310579,310581,2,4
310575,310579,310581,2,4
310575,310575,310582,7,0
310575,310575,310581,6,0
310575,310575,310581,6,0
310575,310575,310581,6,0
310575,310575,310581,6,0
310575,310579,310581,2,4
310575,310580,310581,1,5
310575,310575,310581,6,0
310575,310575,310581,6,0
310575,310580,310581,1,5
310575,310580,310582,2,5
310575,310581,310582,1,6
310575,310575,310581,6,0
310575,310580,310581,1,5
310575,310580,310582,2,5
310575,310575,310582,7,0
310575,310580,310581,1,5
310575,310580,310581,1,5
310575,310581,310582,1,6
310575,310575,310583,8,0
310575,310575,310582,7,0
310575,310575,310582,7,0
310575,310580,310582,2,5
310575,310581,310582,1,6
310575,310582,310583,1,7
310575,310575,310583,8,0
310575,310582,310583,1,7
310575,310581,310582,1,6
310575,310581,310582,1,6
310575,310581,310583,2,6
310575,310575,310584,9,0
310575,310581,310583,2,6
310575,310575,310583,8,0
310575,310582,310584,2,7
310575,310575,310584,9,0
310575,310581,310584,3,6
310575,310582,310584,2,7
310575,310575,310583,8,0
310575,310575,310584,9,0
310575,310582,310584,2,7
310575,310582,310584,2,7
310575,310582,310583,1,7
310575,310582,310583,1,7
310575,310575,310584,9,0
310575,310575,310585,10,0
310575,310575,310584,9,0
310575,310580,310584,4,5
310575,310575,310585,10,0
310575,310575,310587,12,0
310575,310575,310587,12,0
310575,310575,310588,13,0
310575,310575,310587,12,0
310599,310599,310600,1,0
310599,310599,310600,1,0
310599,310599,310600,1,0
310599,310599,310600,1,0
310599,310599,310600,1,0
310599,310599,310600,1,0
310599,310599,310601,2,0
310599,310599,310604,5,0
310599,310601,310604,3,2
310599,310601,310603,2,2
310599,310601,310604,3,2
310599,310599,310604,5,0
310599,310599,310605,6,0
310599,310599,310604,5,0
310599,310601,310604,3,2
310599,310599,310605,6,0
310599,310601,310605,4,2
310599,310599,310604,5,0
310599,310599,310605,6,0
310599,310601,310605,4,2
310599,310599,310605,6,0
310599,310599,310606,7,0
310599,310599,310606,7,0
310599,310599,310606,7,0
310599,310599,310605,6,0
310599,310604,310606,2,5
310599,310604,310606,2,5
310599,310604,310606,2,5
310599,310602,310606,4,3
310599,310604,310606,2,5
310599,310599,310607,8,0
310599,310599,310607,8,0
310599,310599,310606,7,0
310599,310605,310607,2,6
310599,310605,310607,2,6
310599,310599,310607,8,0
310599,310605,310606,1,6
310599,310606,310607,1,7
310599,310599,310606,7,0
310599,310605,310607,2,6
310599,310605,310606,1,6
310599,310606,310607,1,7
310599,310605,310607,2,6
310599,310605,310606,1,6
310599,310605,310606,1,6
310599,310606,310607,1,7
310599,310606,310607,1,7
310599,310599,310607,8,0
310599,310599,310607,8,0
310599,310606,310608,2,7
310599,310599,310607,8,0
310599,310599,310608,9,0
310599,310599,310607,8,0
310599,310606,310608,2,7
310599,310599,310607,8,0
310599,310605,310607,2,6
310599,310607,310608,1,8
310599,310606,310607,1,7
310599,310606,310607,1,7
310599,310599,310607,8,0
310599,310599,310609,10,0
310599,310599,310608,9,0
310599,310599,310609,10,0
310599,310599,310608,9,0
310599,310606,310609,3,7
310599,310607,310609,2,8
310599,310605,310609,4,6
310599,310607,310609,2,8
310599,310607,310608,1,8
310599,310599,310609,10,0
310599,310599,310609,10,0
310599,310599,310610,11,0
310599,310607,310610,3,8
310599,310599,310610,11,0
310599,310599,310610,11,0
310599,310599,310610,11,0
310599,310599,310612,13,0
310599,310599,310612,13,0
310599,310599,310612,13,0
310623,310623,310624,1,0
310623,310623,310624,1,0
310623,310623,310624,1,0
310623,310623,310625,2,0
310623,310623,310625,2,0
310623,310623,310625,2,0
310623,310623,310625,2,0
310623,310624,310627,3,1
310623,310625,310628,3,2
310623,310625,310628,3,2
310623,310625,310627,2,2
310623,310624,310628,4,1
310623,310623,310629,6,0
310623,310623,310629,6,0
310623,310623,310628,5,0
310623,310625,310629,4,2
310623,310623,310629,6,0
310623,310623,310629,6,0
310623,310623,310629,6,0
310623,310623,310629,6,0
310623,310627,310629,2,4
310623,310623,310630,7,0
310623,310623,310630,7,0
310623,310625,310629,4,2
310623,310628,310630,2,5
310623,310623,310630,7,0
310623,310623,310630,7,0
310623,310628,310630,2,5
310623,310629,310630,1,6
310623,310629,310630,1,6
310623,310623,310629,6,0
310623,310628,310629,1,5
310623,310629,310630,1,6
310623,310623,310631,8,0
310623,310623,310630,7,0
310623,310623,310631,8,0
310623,310623,310631,8,0
310623,310623,310631,8,0
310623,310629,310631,2,6
310623,310628,310631,3,5
310623,310629,310631,2,6
310623,310629,310631,2,6
310623,310623,310631,8,0
310623,310629,310631,2,6
310623,310629,310631,2,6
310623,310630,310631,1,7
310623,310630,310631,1,7
310623,310623,310631,8,0
310623,310630,310631,1,7
310623,310630,310631,1,7
310623,310630,310631,1,7
310623,310630,310631,1,7
310623,310623,310632,9,0
310623,310623,310631,8,0
310623,310623,310632,9,0
310623,310623,310632,9,0
310623,310630,310632,2,7
310623,310623,310632,9,0
310623,310629,310632,3,6
310623,310630,310632,2,7
310623,310623,310632,9,0
310623,310630,310631,1,7
310623,310630,310632,2,7
310623,310630,310631,1,7
310623,310623,310632,9,0
310623,310630,310632,2,7
310623,310623,310633,10,0
310623,310631,310633,2,8
310623,310623,310633,10,0
310623,310623,310633,10,0
310623,310623,310632,9,0
310623,310631,310633,2,8
310623,310623,310634,11,0
310623,310623,310633,10,0
310623,310623,310633,10,0
310623,310623,310637,14,0
310623,310623,310638,15,0
310623,310623,310639,16,0
310623,310623,310640,17,0
310651,310651,310652,1,0
310651,310651,310652,1,0
310651,310651,310652,1,0
310651,310651,310653,2,0
310651,310651,310652,1,0
310651,310651,310652,1,0
310651,310651,310652,1,0
310651,310652,310654,2,1
310651,310652,310655,3,1
310651,310653,310655,2,2
310651,310653,310655,2,2
310651,310652,310655,3,1
310651,310653,310655,2,2
310651,310651,310656,5,0
310651,310653,310656,3,2
310651,310651,310656,5,0
310651,310654,310655,1,3
310651,310651,310657,6,0
310651,310655,310657,2,4
310651,310655,310656,1,4
310651,310655,310657,2,4
310651,310655,310657,2,4
310651,310651,310657,6,0
310651,310651,310657,6,0
310651,310651,310658,7,0
310651,310651,310657,6,0
310651,310651,310657,6,0
310651,310651,310658,7,0
310651,310651,310658,7,0
310651,310651,310657,6,0
310651,310651,310658,7,0
310651,310651,310658,7,0
310651,310656,310658,2,5
310651,310656,310657,1,5
310651,310651,310657,6,0
310651,310651,310657,6,0
310651,310655,310657,2,4
310651,310656,310658,2,5
310651,310656,310658,2,5
310651,310657,310658,1,6
310651,310651,310658,7,0
310651,310657,310658,1,6
310651,310651,310659,8,0
310651,310651,310658,7,0
310651,310651,310658,7,0
310651,310651,310659,8,0
310651,310651,310659,8,0
310651,310651,310659,8,0
310651,310651,310659,8,0
310651,310651,310659,8,0
310651,310651,310658,7,0
310651,310657,310658,1,6
310651,310657,310658,1,6
310651,310651,310659,8,0
310651,310657,310659,2,6
310651,310657,310658,1,6
310651,310651,310660,9,0
310651,310651,310660,9,0
310651,310651,310660,9,0
310651,310658,310660,2,7
310651,310651,310660,9,0
310651,310658,310660,2,7
310651,310658,310660,2,7
310651,310658,310660,2,7
310651,310651,310660,9,0
310651,310658,310660,2,7
310651,310658,310660,2,7
310651,310658,310659,1,7
310651,310658,310659,1,7
310651,310658,310659,1,7
310651,310651,310661,10,0
310651,310651,310661,10,0
310651,310658,310660,2,7
310651,310658,310660,2,7
310651,310658,310660,2,7
310651,310651,310662,11,0
310651,310651,310662,11,0
310651,310651,310662,11,0
310651,310651,310667,16,0
310677,310678,310679,1,1
310677,310677,310679,2,0
310677,310678,310679,1,1
310677,310678,310679,1,1
310677,310678,310680,2,1
310677,310680,310681,1,3
310677,310680,310681,1,3
310677,310678,310683,5,1
310677,310678,310682,4,1
310677,310679,310682,3,2
310677,310679,310682,3,2
310677,310680,310682,2,3
310677,310681,310682,1,4
310677,310680,310682,2,3
310677,310678,310683,5,1
310677,310678,310684,6,1
310677,310682,310683,1,5
310677,310678,310684,6,1
310677,310683,310684,1,6
310677,310678,310684,6,1
310677,310682,310683,1,5
310677,310683,310684,1,6
310677,310678,310684,6,1
310677,310678,310684,6,1
310677,310678,310684,6,1
310677,310678,310685,7,1
310677,310683,310684,1,6
310677,310678,310684,6,1
310677,310678,310685,7,1
310677,310683,310684,1,6
310677,310683,310684,1,6
310677,310678,310684,6,1
310677,310683,310684,1,6
310677,310678,310685,7,1
310677,310678,310685,7,1
310677,310678,310685,7,1
310677,310678,310685,7,1
310677,310678,310685,7,1
310677,310678,310685,7,1
310677,310684,310685,1,7
310677,310678,310685,7,1
310677,310678,310686,8,1
310677,310685,310686,1,8
310677,310678,310685,7,1
310677,310684,310685,1,7
310677,310685,310686,1,8
310677,310684,310685,1,7
310677,310685,310686,1,8
310677,310685,310686,1,8
310677,310684,310685,1,7
310677,310684,310686,2,7
310677,310684,310685,1,7
310677,310684,310685,1,7
310677,310678,310686,8,1
310677,310678,310686,8,1
310677,310685,310686,1,8
310677,310685,310686,1,8
310677,310684,310686,2,7
310677,310685,310686,1,8
310677,310685,310686,1,8
310677,310685,310686,1,8
310677,310685,310686,1,8
310677,310678,310687,9,1
310677,310678,310687,9,1
310677,310683,310687,4,6
310677,310678,310687,9,1
310677,310685,310687,2,8
310677,310678,310687,9,1
310677,310678,310688,10,1
310677,310678,310688,10,1
310677,310678,310688,10,1
310677,310678,310688,10,1
310677,310678,310688,10,1
310677,310678,310688,10,1
310677,310678,310689,11,1
310677,310678,310689,11,1
310677,310678,310690,12,1
310702,310702,310703,1,0
310702,310702,310703,1,0
310702,310702,310703,1,0
310702,310702,310703,1,0
310702,310702,310703,1,0
310702,310702,310703,1,0
310702,310702,310704,2,0
310702,310704,310705,1,2
310702,310704,310707,3,2
310702,310702,310707,5,0
310702,310704,310706,2,2
310702,310704,310706,2,2
310702,310702,310708,6,0
310702,310702,310707,5,0
310702,310702,310708,6,0
310702,310704,310707,3,2
310702,310704,310707,3,2
310702,310704,310707,3,2
310702,310702,310707,5,0
310702,310706,310708,2,4
310702,310702,310708,6,0
310702,310702,310708,6,0
310702,310702,310709,7,0
310702,310702,310708,6,0
310702,310702,310708,6,0
310702,310702,310708,6,0
310702,310708,310709,1,6
310702,310702,310708,6,0
310702,310702,310708,6,0
310702,310708,310709,1,6
310702,310708,310709,1,6
310702,310702,310708,6,0
310702,310707,310708,1,5
310702,310708,310709,1,6
310702,310702,310709,7,0
310702,310702,310708,6,0
310702,310707,310709,2,5
310702,310707,310708,1,5
310702,310707,310708,1,5
310702,310702,310709,7,0
310702,310702,310709,7,0
310702,310708,310710,2,6
310702,310709,310710,1,7
310702,310709,310710,1,7
310702,310709,310710,1,7
310702,310709,310710,1,7
310702,310702,310711,9,0
310702,310702,310710,8,0
310702,310702,310711,9,0
310702,310702,310711,9,0
310702,310709,310711,2,7
310702,310702,310711,9,0
310702,310708,310711,3,6
310702,310709,310711,2,7
310702,310702,310711,9,0
310702,310709,310710,1,7
310702,310709,310710,1,7
310702,310709,310711,2,7
310702,310709,310711,2,7
310702,310709,310710,1,7
310702,310709,310710,1,7
310702,310709,310711,2,7
310702,310709,310710,1,7
310702,310702,310711,9,0
310702,310708,310711,3,6
310702,310709,310712,3,7
310702,310702,310712,10,0
310702,310708,310711,3,6
310702,310702,310711,9,0
310702,310702,310711,9,0
310702,310702,310711,9,0
310702,310702,310713,11,0
310702,310702,310713,11,0
310702,310702,310713,11,0
310702,310702,310713,11,0
310702,310702,310714,12,0
310702,310702,310714,12,0
310702,310702,310715,13,0
310702,310702,310716,14,0
310728,310728,310729,1,0
310728,310728,310729,1,0
310728,310728,310729,1,0
310728,310728,310729,1,0
310728,310728,310729,1,0
310728,310728,310729,1,0
310728,310729,310730,1,1
310728,310728,310730,2,0
310728,310729,310730,1,1
310728,310730,310731,1,2
310728,310728,310732,4,0
310728,310730,310732,2,2
310728,310730,310733,3,2
310728,310730,310732,2,2
310728,310731,310733,2,3
310728,310728,310733,5,0
310728,310728,310734,6,0
310728,310731,310733,2,3
310728,310728,310734,6,0
310728,310732,310734,2,4
310728,310728,310734,6,0
310728,310731,310733,2,3
310728,310733,310734,1,5
310728,310728,310734,6,0
310728,310728,310734,6,0
310728,310728,310735,7,0
310728,310728,310735,7,0
310728,310728,310735,7,0
310728,310728,310735,7,0
310728,310728,310734,6,0
310728,310733,310734,1,5
310728,310728,310734,6,0
310728,310728,310735,7,0
310728,310728,310735,7,0
310728,310734,310735,1,6
310728,310728,310735,7,0
310728,310733,310734,1,5
310728,310728,310735,7,0
310728,310728,310734,6,0
310728,310733,310734,1,5
310728,310734,310735,1,6
310728,310728,310736,8,0
310728,310734,310736,2,6
310728,310728,310736,8,0
310728,310728,310735,7,0
310728,310728,310735,7,0
310728,310734,310735,1,6
310728,310735,310736,1,7
310728,310728,310736,8,0
310728,310735,310736,1,7
310728,310735,310736,1,7
310728,310734,310735,1,6
310728,310734,310735,1,6
310728,310734,310735,1,6
310728,310728,310736,8,0
310728,310735,310737,2,7
310728,310733,310737,4,5
310728,310728,310736,8,0
310728,310735,310737,2,7
310728,310735,310737,2,7
310728,310735,310736,1,7
310728,310735,310736,1,7
310728,310735,310736,1,7
310728,310728,310737,9,0
310728,310734,310737,3,6
310728,310735,310738,3,7
310728,310735,310737,2,7
310728,310728,310737,9,0
310728,310735,310737,2,7
310728,310728,310739,11,0
310728,310728,310739,11,0
310728,310728,310739,11,0
310728,310728,310738,10,0
310728,310728,310739,11,0
310728,310728,310740,12,0
310728,310728,310740,12,0
310728,310728,310740,12,0
310728,310728,310739,11,0
310728,310728,310745,17,0
310756,310756,310757,1,0
310756,310756,310757,1,0
310756,310756,310757,1,0
310756,310756,310757,1,0
310756,310756,310757,1,0
310756,310756,310757,1,0
310756,310757,310758,1,1
310756,310758,310759,1,2
310756,310758,310759,1,2
310756,310756,310759,3,0
310756,310758,310759,1,2
310756,310757,310759,2,1
310756,310758,310759,1,2
310756,310759,310760,1,3
310756,310759,310760,1,3
310756,310756,310761,5,0
310756,310756,310761,5,0
310756,310756,310761,5,0
310756,310756,310761,5,0
310756,310756,310761,5,0
310756,310756,310761,5,0
310756,310756,310761,5,0
310756,310756,310761,5,0
310756,310760,310761,1,4
310756,310756,310762,6,0
310756,310760,310761,1,4
310756,310760,310761,1,4
310756,310760,310761,1,4
310756,310760,310761,1,4
310756,310756,310762,6,0
310756,310756,310762,6,0
310756,310756,310762,6,0
310756,310756,310762,6,0
310756,310756,310762,6,0
310756,310756,310763,7,0
310756,310756,310762,6,0
310756,310761,310762,1,5
310756,310756,310763,7,0
310756,310756,310762,6,0
310756,310761,310762,1,5
310756,310762,310763,1,6
310756,310756,310762,6,0
310756,310756,310762,6,0
310756,310756,310763,7,0
310756,310756,310763,7,0
310756,310756,310763,7,0
310756,310756,310763,7,0
310756,310756,310763,7,0
310756,310762,310764,2,6
310756,310762,310764,2,6
310756,310762,310764,2,6
310756,310762,310763,1,6
310756,310756,310763,7,0
310756,310762,310763,1,6
310756,310763,310764,1,7
310756,310756,310763,7,0
310756,310763,310764,1,7
310756,310756,310763,7,0
310756,310762,310763,1,6
310756,310762,310763,1,6
310756,310762,310763,1,6
310756,310762,310763,1,6
310756,310763,310765,2,7
310756,310762,310764,2,6
310756,310763,310765,2,7
310756,310762,310764,2,6
310756,310762,310764,2,6
310756,310762,310764,2,6
310756,310763,310764,1,7
310756,310763,310765,2,7
310756,310756,310767,11,0
310756,310756,310766,10,0
310756,310756,310767,11,0
310756,310756,310767,11,0
310756,310756,310767,11,0
310756,310756,310769,13,0
310756,310756,310770,14,0
310756,310756,310774,18,0
310756,310756,310775,19,0
310785,310786,310787,1,1
310785,310786,310787,1,1
310785,310785,310787,2,0
310785,310785,310787,2,0
310785,310785,310787,2,0
310785,310786,310787,1,1
310785,310786,310787,1,1
310785,310786,310789,3,1
310785,310788,310789,1,3
310785,310788,310789,1,3
310785,310788,310789,1,3
310785,310788,310789,1,3
310785,310788,310789,1,3
310785,310786,310790,4,1
310785,310788,310790,2,3
310785,310788,310790,2,3
310785,310786,310791,5,1
310785,310786,310791,5,1
310785,310786,310791,5,1
310785,310786,310791,5,1
310785,310786,310791,5,1
310785,310786,310791,5,1
310785,310786,310791,5,1
310785,310790,310791,1,5
310785,310790,310791,1,5
310785,310790,310791,1,5
310785,310790,310792,2,5
310785,310790,310791,1,5
310785,310786,310792,6,1
310785,310786,310792,6,1
310785,310786,310793,7,1
310785,310786,310792,6,1
310785,310786,310792,6,1
310785,310786,310792,6,1
310785,310786,310792,6,1
310785,310786,310792,6,1
310785,310791,310792,1,6
310785,310786,310793,7,1
310785,310786,310792,6,1
310785,310791,310792,1,6
310785,310790,310792,2,5
310785,310786,310793,7,1
310785,310786,310792,6,1
310785,310792,310793,1,7
310785,310786,310792,6,1
310785,310786,310792,6,1
310785,310791,310793,2,6
310785,310792,310793,1,7
310785,310786,310793,7,1
310785,310786,310793,7,1
310785,310792,310793,1,7
310785,310792,310793,1,7
310785,310786,310793,7,1
310785,310792,310793,1,7
310785,310792,310793,1,7
310785,310792,310793,1,7
310785,310792,310793,1,7
310785,310792,310793,1,7
310785,310786,310794,8,1
310785,310786,310794,8,1
310785,310792,310794,2,7
310785,310792,310794,2,7
310785,310786,310794,8,1
310785,310786,310794,8,1
310785,310793,310795,2,8
310785,310793,310795,2,8
310785,310792,310795,3,7
310785,310793,310795,2,8
310785,310793,310795,2,8
310785,310793,310795,2,8
310785,310793,310795,2,8
310785,310793,310796,3,8
310785,310786,310796,10,1
310785,310786,310796,10,1
310785,310786,310797,11,1
310785,310786,310797,11,1
310785,310786,310799,13,1
310785,310786,310798,12,1
310785,310786,310799,13,1
310809,310809,310810,1,0
310809,310809,310810,1,0
310809,310809,310810,1,0
310809,310809,310810,1,0
310809,310809,310811,2,0
310809,310809,310810,1,0
310809,310810,310811,1,1
310809,310809,310812,3,0
310809,310809,310813,4,0
310809,310809,310812,3,0
310809,310811,310813,2,2
310809,310811,310813,2,2
310809,310811,310813,2,2
310809,310811,310813,2,2
310809,310811,310813,2,2
310809,310809,310814,5,0
310809,310809,310814,5,0
310809,310809,310814,5,0
310809,310809,310814,5,0
310809,310812,310814,2,3
310809,310812,310814,2,3
310809,310809,310815,6,0
310809,310809,310814,5,0
310809,310813,310815,2,4
310809,310813,310815,2,4
310809,310809,310814,5,0
310809,310809,310815,6,0
310809,310814,310815,1,5
310809,310813,310815,2,4
310809,310813,310815,2,4
310809,310809,310815,6,0
310809,310813,310815,2,4
310809,310813,310815,2,4
310809,310809,310815,6,0
310809,310809,310816,7,0
310809,310809,310815,6,0
310809,310809,310815,6,0
310809,310809,310816,7,0
310809,310813,310816,3,4
310809,310809,310816,7,0
310809,310809,310816,7,0
310809,310809,310816,7,0
310809,310809,310816,7,0
310809,310809,310815,6,0
310809,310815,310816,1,6
310809,310814,310815,1,5
310809,310815,310816,1,6
310809,310809,310817,8,0
310809,310814,310817,3,5
310809,310809,310817,8,0
310809,310814,310817,3,5
310809,310814,310817,3,5
310809,310809,310817,8,0
310809,310815,310817,2,6
310809,310815,310817,2,6
310809,310815,310817,2,6
310809,310815,310817,2,6
310809,310815,310817,2,6
310809,310815,310817,2,6
310809,310809,310817,8,0
310809,310809,310817,8,0
310809,310809,310817,8,0
310809,310815,310817,2,6
310809,310815,310816,1,6
310809,310814,310818,4,5
310809,310816,310818,2,7
310809,310809,310817,8,0
310809,310809,310817,8,0
310809,310815,310817,2,6
310809,310815,310817,2,6
310809,310809,310818,9,0
310809,310816,310818,2,7
310809,310809,310819,10,0
310809,310809,310820,11,0
310809,310809,310819,10,0
310809,310809,310821,12,0
310809,310809,310822,13,0
310809,310809,310822,13,0
310809,310809,310824,15,0
310835,310835,310836,1,0
310835,310835,310836,1,0
310835,310835,310836,1,0
310835,310835,310836,1,0
310835,310835,310836,1,0
310835,310835,310836,1,0
310835,310835,310837,2,0
310835,310835,310838,3,0
310835,310835,310839,4,0
310835,310837,310838,1,2
310835,310837,310838,1,2
310835,310835,310838,3,0
310835,310837,310838,1,2
310835,310837,310838,1,2
310835,310837,310838,1,2
310835,310837,310838,1,2
310835,310835,310839,4,0
310835,310835,310840,5,0
310835,310835,310839,4,0
310835,310835,310839,4,0
310835,310835,310840,5,0
310835,310835,310840,5,0
310835,310835,310840,5,0
310835,310835,310840,5,0
310835,310839,310841,2,4
310835,310835,310841,6,0
310835,310839,310840,1,4
310835,310840,310841,1,5
310835,310839,310841,2,4
310835,310839,310840,1,4
310835,310835,310841,6,0
310835,310838,310840,2,3
310835,310839,310840,1,4
310835,310835,310841,6,0
310835,310835,310841,6,0
310835,310839,310840,1,4
310835,310835,310841,6,0
310835,310839,310841,2,4
310835,310839,310840,1,4
310835,310835,310841,6,0
310835,310839,310841,2,4
310835,310840,310842,2,5
310835,310835,310841,6,0
310835,310835,310841,6,0
310835,310835,310841,6,0
310835,310835,310843,8,0
310835,310840,310842,2,5
310835,310840,310842,2,5
310835,310840,310843,3,5
310835,310835,310843,8,0
310835,310841,310843,2,6
310835,310835,310842,7,0
310835,310841,310842,1,6
310835,310835,310842,7,0
310835,310841,310842,1,6
310835,310841,310843,2,6
310835,310841,310843,2,6
310835,310841,310842,1,6
310835,310841,310842,1,6
310835,310841,310842,1,6
310835,310841,310842,1,6
310835,310841,310842,1,6
310835,310841,310842,1,6
310835,310841,310842,1,6
310835,310841,310843,2,6
310835,310835,310843,8,0
310835,310835,310844,9,0
310835,310835,310844,9,0
310835,310841,310843,2,6
310835,310835,310844,9,0
310835,310835,310843,8,0
310835,310835,310844,9,0
310835,310835,310845,10,0
310835,310835,310846,11,0
310835,310835,310846,11,0
310835,310835,310847,12,0
310835,310835,310847,12,0
310835,310835,310847,12,0
310835,310835,310848,13,0
310860,310861,310862,1,1
310860,310861,310862,1,1
310860,310860,310862,2,0
310860,310860,310862,2,0
310860,310861,310862,1,1
310860,310862,310863,1,2
310860,310863,310864,1,3
310860,310862,310863,1,2
310860,310862,310863,1,2
310860,310863,310864,1,3
310860,310863,310864,1,3
310860,310861,310864,3,1
310860,310861,310864,3,1
310860,310861,310864,3,1
310860,310863,310864,1,3
310860,310861,310864,3,1
310860,310863,310864,1,3
310860,310864,310865,1,4
310860,310864,310865,1,4
310860,310861,310865,4,1
310860,310861,310866,5,1
310860,310864,310865,1,4
310860,310865,310866,1,5
310860,310865,310866,1,5
310860,310861,310865,4,1
310860,310864,310865,1,4
310860,310864,310865,1,4
310860,310865,310866,1,5
310860,310861,310866,5,1
310860,310861,310866,5,1
310860,310861,310866,5,1
310860,310861,310866,5,1
310860,310865,310866,1,5
310860,310866,310867,1,6
310860,310861,310867,6,1
310860,310861,310866,5,1
310860,310861,310866,5,1
310860,310865,310866,1,5
310860,310866,310867,1,6
310860,310866,310867,1,6
310860,310866,310867,1,6
310860,310861,310867,6,1
310860,310861,310867,6,1
310860,310861,310868,7,1
310860,310866,310868,2,6
310860,310865,310867,2,5
310860,310861,310868,7,1
310860,310861,310867,6,1
310860,310861,310867,6,1
310860,310866,310867,1,6
310860,310866,310867,1,6
310860,310861,310867,6,1
310860,310866,310867,1,6
310860,310861,310868,7,1
310860,310861,310868,7,1
310860,310865,310868,3,5
310860,310867,310869,2,7
310860,310865,310868,3,5
310860,310866,310868,2,6
310860,310861,310868,7,1
310860,310867,310868,1,7
310860,310861,310869,8,1
310860,310867,310868,1,7
310860,310867,310868,1,7
310860,310867,310868,1,7
310860,310861,310869,8,1
310860,310861,310869,8,1
310860,310861,310869,8,1
310860,310861,310870,9,1
310860,310861,310870,9,1
310860,310861,310870,9,1
310860,310861,310871,10,1
310860,310861,310871,10,1
310860,310861,310871,10,1
310860,310861,310874,13,1
310860,310861,310875,14,1
310860,310861,310875,14,1
310886,310886,310887,1,0
310886,310886,310887,1,0
310886,310886,310887,1,0
310886,310886,310887,1,0
310886,310886,310887,1,0
310886,310886,310887,1,0
310886,310886,310887,1,0
310886,310888,310889,1,2
310886,310888,310889,1,2
310886,310888,310889,1,2
310886,310886,310889,3,0
310886,310886,310889,3,0
310886,310886,310889,3,0
310886,310888,310889,1,2
310886,310886,310890,4,0
310886,310888,310889,1,2
310886,310888,310889,1,2
310886,310889,310890,1,3
310886,310886,310890,4,0
310886,310888,310889,1,2
310886,310889,310890,1,3
310886,310886,310890,4,0
310886,310886,310890,4,0
310886,310889,310890,1,3
310886,310890,310891,1,4
310886,310890,310891,1,4
310886,310886,310890,4,0
310886,310890,310891,1,4
310886,310890,310891,1,4
310886,310886,310892,6,0
310886,310886,310891,5,0
310886,310890,310891,1,4
310886,310886,310891,5,0
310886,310886,310892,6,0
310886,310886,310891,5,0
310886,310886,310891,5,0
310886,310890,310891,1,4
310886,310886,310891,5,0
310886,310886,310891,5,0
310886,310886,310892,6,0
310886,310886,310891,5,0
310886,310890,310891,1,4
310886,310890,310891,1,4
310886,310890,310891,1,4
310886,310890,310891,1,4
310886,310891,310892,1,5
310886,310891,310892,1,5
310886,310891,310892,1,5
310886,310886,310892,6,0
310886,310886,310892,6,0
310886,310891,310892,1,5
310886,310891,310892,1,5
310886,310891,310892,1,5
310886,310886,310892,6,0
310886,310892,310894,2,6
310886,310886,310894,8,0
310886,310891,310893,2,5
310886,310891,310894,3,5
310886,310886,310893,7,0
310886,310886,310893,7,0
310886,310892,310893,1,6
310886,310890,310893,3,4
310886,310892,310893,1,6
310886,310886,310894,8,0
310886,310886,310894,8,0
310886,310886,310894,8,0
310886,310886,310894,8,0
310886,310886,310894,8,0
310886,310886,310894,8,0
310886,310892,310894,2,6
310886,310892,310895,3,6
310886,310892,310894,2,6
310886,310886,310895,9,0
310886,310886,310895,9,0
310886,310886,310896,10,0
310886,310886,310896,10,0
310886,310886,310896,10,0
310886,310886,310897,11,0
310886,310886,310897,11,0
310908,310908,310909,1,0
310908,310908,310909,1,0
310908,310908,310910,2,0
310908,310908,310910,2,0
310908,310908,310909,1,0
310908,310908,310909,1,0
310908,310908,310909,1,0
310908,310908,310910,2,0
310908,310908,310910,2,0
310908,310908,310911,3,0
310908,310909,310911,2,1
310908,310908,310912,4,0
310908,310908,310912,4,0
310908,310908,310912,4,0
310908,310911,310912,1,3
310908,310908,310912,4,0
310908,310908,310912,4,0
310908,310910,310912,2,2
310908,310910,310911,1,2
310908,310910,310912,2,2
310908,310910,310912,2,2
310908,310911,310912,1,3
310908,310910,310911,1,2
310908,310911,310912,1,3
310908,310908,310913,5,0
310908,310908,310913,5,0
310908,310908,310913,5,0
310908,310908,310913,5,0
310908,310910,310913,3,2
310908,310912,310913,1,4
310908,310908,310913,5,0
310908,310908,310913,5,0
310908,310912,310913,1,4
310908,310910,310913,3,2
310908,310912,310913,1,4
310908,310912,310913,1,4
310908,310912,310913,1,4
310908,310908,310914,6,0
310908,310912,310914,2,4
310908,310912,310914,2,4
310908,310908,310914,6,0
310908,310912,310914,2,4
310908,310913,310914,1,5
310908,310908,310914,6,0
310908,310912,310914,2,4
310908,310912,310914,2,4
310908,310913,310914,1,5
310908,310908,310914,6,0
310908,310908,310914,6,0
310908,310912,310913,1,4
310908,310908,310914,6,0
310908,310912,310914,2,4
310908,310908,310915,7,0
310908,310908,310915,7,0
310908,310908,310915,7,0
310908,310912,310915,3,4
310908,310908,310915,7,0
310908,310908,310915,7,0
310908,310913,310915,2,5
310908,310913,310915,2,5
310908,310908,310915,7,0
310908,310913,310915,2,5
310908,310913,310915,2,5
310908,310914,310915,1,6
310908,310914,310915,1,6
310908,310914,310915,1,6
310908,310914,310915,1,6
310908,310914,310915,1,6
310908,310908,310915,7,0
310908,310908,310916,8,0
310908,310908,310917,9,0
310908,310908,310917,9,0
310908,310908,310918,10,0
310908,310908,310918,10,0
310908,310908,310919,11,0
310908,310908,310920,12,0
310908,310908,310920,12,0
310908,310908,310921,13,0
310908,310908,310923,15,0
310933,310933,310934,1,0
310933,310933,310934,1,0
310933,310933,310934,1,0
310933,310933,310934,1,0
310933,310933,310934,1,0
310933,310933,310935,2,0
310933,310933,310934,1,0
310933,310933,310935,2,0
310933,310933,310936,3,0
310933,310933,310936,3,0
310933,310933,310935,2,0
310933,310933,310936,3,0
310933,310933,310937,4,0
310933,310933,310936,3,0
310933,310933,310936,3,0
310933,310933,310936,3,0
310933,310933,310937,4,0
310933,310933,310936,3,0
310933,310935,310936,1,2
310933,310933,310936,3,0
310933,310935,310937,2,2
310933,310935,310936,1,2
310933,310935,310936,1,2
310933,310936,310937,1,3
310933,310933,310936,3,0
310933,310935,310936,1,2
310933,310936,310937,1,3
310933,310933,310938,5,0
310933,310936,310937,1,3
310933,310936,310937,1,3
310933,310933,310938,5,0
310933,310933,310937,4,0
310933,310935,310937,2,2
310933,310933,310937,4,0
310933,310935,310937,2,2
310933,310937,310938,1,4
310933,310937,310938,1,4
310933,310937,310938,1,4
310933,310933,310938,5,0
310933,310937,310939,2,4
310933,310933,310938,5,0
310933,310933,310938,5,0
310933,310937,310939,2,4
310933,310937,310939,2,4
310933,310937,310938,1,4
310933,310933,310938,5,0
310933,310937,310938,1,4
310933,310937,310938,1,4
310933,310937,310938,1,4
310933,310933,310938,5,0
310933,310937,310938,1,4
310933,310937,310938,1,4
310933,310937,310938,1,4
310933,310937,310938,1,4
310933,310933,310939,6,0
310933,310937,310939,2,4
310933,310938,310940,2,5
310933,310933,310940,7,0
310933,310933,310939,6,0
310933,310938,310939,1,5
310933,310937,310939,2,4
310933,310938,310940,2,5
310933,310938,310940,2,5
310933,310938,310940,2,5
310933,310933,310939,6,0
310933,310938,310939,1,5
310933,310938,310939,1,5
310933,310933,310940,7,0
310933,310938,310940,2,5
310933,310933,310940,7,0
310933,310933,310940,7,0
310933,310933,310941,8,0
310933,310933,310941,8,0
310933,310933,310943,10,0
310933,310933,310944,11,0
310933,310933,310953,20,0
310933,310933,310954,21,0
310933,310933,310955,22,0
310933,310933,310957,24,0
310967,310967,310969,2,0
310967,310967,310969,2,0
310967,310967,310969,2,0
310967,310967,310969,2,0
310967,310967,310969,2,0
310967,310967,310968,1,0
310967,310967,310969,2,0
310967,310967,310970,3,0
310967,310967,310970,3,0
310967,310967,310970,3,0
310967,310967,310971,4,0
310967,310967,310971,4,0
310967,310967,310971,4,0
310967,310967,310971,4,0
310967,310967,310971,4,0
310967,310967,310971,4,0
310967,310970,310971,1,3
310967,310970,310971,1,3
310967,310967,310972,5,0
310967,310970,310971,1,3
310967,310967,310971,4,0
310967,310970,310971,1,3
310967,310967,310972,5,0
310967,310967,310972,5,0
310967,310970,310972,2,3
310967,310967,310972,5,0
310967,310970,310972,2,3
310967,310970,310972,2,3
310967,310972,310973,1,5
310967,310967,310972,5,0
310967,310972,310973,1,5
310967,310967,310973,6,0
310967,310967,310973,6,0
310967,310967,310973,6,0
310967,310972,310973,1,5
310967,310967,310973,6,0
310967,310972,310973,1,5
310967,310972,310973,1,5
310967,310972,310973,1,5
310967,310973,310974,1,6
310967,310972,310973,1,5
310967,310973,310974,1,6
310967,310973,310974,1,6
310967,310967,310973,6,0
310967,310972,310973,1,5
310967,310973,310974,1,6
310967,310972,310973,1,5
310967,310972,310973,1,5
310967,310973,310974,1,6
310967,310967,310974,7,0
310967,310971,310974,3,4
310967,310967,310974,7,0
310967,310972,310974,2,5
310967,310967,310974,7,0
310967,310967,310974,7,0
310967,310972,310974,2,5
310967,310972,310974,2,5
310967,310967,310974,7,0
310967,310973,310974,1,6
310967,310967,310974,7,0
310967,310967,310974,7,0
310967,310973,310974,1,6
310967,310967,310974,7,0
310967,310973,310974,1,6
310967,310973,310974,1,6
310967,310967,310975,8,0
310967,310967,310975,8,0
310967,310972,310975,3,5
310967,310974,310976,2,7
310967,310974,310975,1,7
310967,310967,310975,8,0
310967,310967,310976,9,0
310967,310967,310977,10,0
310967,310967,310977,10,0
310967,310967,310978,11,0
310967,310967,310978,11,0
310967,310967,310980,13,0
310991,310991,310993,2,0
310991,310991,310992,1,0
310991,310991,310993,2,0
310991,310991,310993,2,0
310991,310991,310993,2,0
310991,310991,310992,1,0
310991,310991,310992,1,0
310991,310991,310993,2,0
310991,310991,310994,3,0
310991,310991,310995,4,0
310991,310991,310995,4,0
310991,310991,310994,3,0
310991,310993,310995,2,2
310991,310991,310994,3,0
310991,310991,310995,4,0
310991,310993,310994,1,2
310991,310991,310995,4,0
310991,310993,310994,1,2
310991,310994,310995,1,3
310991,310993,310994,1,2
310991,310994,310995,1,3
310991,310991,310995,4,0
310991,310991,310996,5,0
310991,310991,310995,4,0
310991,310991,310995,4,0
310991,310991,310995,4,0
310991,310991,310995,4,0
310991,310991,310995,4,0
310991,310993,310995,2,2
310991,310993,310996,3,2
310991,310995,310996,1,4
310991,310991,310996,5,0
310991,310991,310997,6,0
310991,310991,310997,6,0
310991,310995,310997,2,4
310991,310991,310996,5,0
310991,310991,310996,5,0
310991,310991,310996,5,0
310991,310993,310996,3,2
310991,310996,310997,1,5
310991,310995,310996,1,4
310991,310995,310996,1,4
310991,310995,310996,1,4
310991,310991,310996,5,0
310991,310995,310996,1,4
310991,310995,310996,1,4
310991,310995,310996,1,4
310991,310995,310996,1,4
310991,310996,310997,1,5
310991,310996,310997,1,5
310991,310995,310996,1,4
310991,310995,310996,1,4
310991,310996,310997,1,5
310991,310991,310998,7,0
310991,310991,310998,7,0
310991,310991,310998,7,0
310991,310996,310998,2,5
310991,310991,310998,7,0
310991,310991,310997,6,0
310991,310996,310998,2,5
310991,310991,310998,7,0
310991,310995,310997,2,4
310991,310996,310998,2,5
310991,310996,310997,1,5
310991,310991,310998,7,0
310991,310996,310997,1,5
310991,310991,310999,8,0
310991,310991,310998,7,0
310991,310996,310998,2,5
310991,310991,310999,8,0
310991,310991,310999,8,0
310991,310997,311000,3,6
310991,310997,310999,2,6
310991,310991,310999,8,0
310991,310997,310999,2,6
310991,310997,310999,2,6
310991,310991,311001,10,0
310991,310991,311002,11,0
310991,310991,311004,13,0
311014,311014,311015,1,0
311014,311014,311015,1,0
311014,311014,311016,2,0
311014,311014,311016,2,0
311014,311014,311015,1,0
311014,311014,311016,2,0
311014,311014,311016,2,0
311014,311016,311017,1,2
311014,311014,311017,3,0
311014,311016,311017,1,2
311014,311015,311018,3,1
311014,311014,311018,4,0
311014,311016,311018,2,2
311014,311016,311017,1,2
311014,311017,311018,1,3
311014,311014,311018,4,0
311014,311015,311018,3,1
311014,311014,311019,5,0
311014,311014,311019,5,0
311014,311014,311019,5,0
311014,311014,311019,5,0
311014,311014,311019,5,0
311014,311016,311018,2,2
311014,311018,311019,1,4
311014,311014,311019,5,0
311014,311017,311018,1,3
311014,311018,311019,1,4
311014,311017,311018,1,3
311014,311018,311019,1,4
311014,311018,311019,1,4
311014,311014,311020,6,0
311014,311014,311020,6,0
311014,311014,311020,6,0
311014,311014,311020,6,0
311014,311014,311020,6,0
311014,311014,311020,6,0
311014,311018,311020,2,4
311014,311014,311019,5,0
311014,311019,311020,1,5
311014,311019,311020,1,5
311014,311014,311020,6,0
311014,311018,311020,2,4
311014,311018,311020,2,4
311014,311014,311021,7,0
311014,311019,311021,2,5
311014,311014,311021,7,0
311014,311014,311021,7,0
311014,311014,311021,7,0
311014,311014,311021,7,0
311014,311014,311021,7,0
311014,311014,311021,7,0
311014,311019,311021,2,5
311014,311019,311021,2,5
311014,311019,311020,1,5
311014,311019,311021,2,5
311014,311014,311021,7,0
311014,311019,311021,2,5
311014,311019,311021,2,5
311014,311020,311021,1,6
311014,311020,311021,1,6
311014,311014,311021,7,0
311014,311014,311022,8,0
311014,311020,311022,2,6
311014,311019,311021,2,5
311014,311014,311021,7,0
311014,311020,311022,2,6
311014,311020,311022,2,6
311014,311014,311023,9,0
311014,311020,311023,3,6
311014,311014,311023,9,0
311014,311014,311023,9,0
311014,311014,311023,9,0
311014,311014,311024,10,0
311014,311014,311025,11,0
311014,311014,311025,11,0
311014,311020,311024,4,6
311014,311014,311026,12,0
311014,311014,311027,13,0
311037,311037,311038,1,0
311037,311037,311038,1,0
311037,311037,311038,1,0
311037,311037,311038,1,0
311037,311037,311038,1,0
311037,311037,311038,1,0
311037,311037,311038,1,0
311037,311037,311040,3,0
311037,311038,311040,2,1
311037,311038,311040,2,1
311037,311037,311041,4,0
311037,311037,311041,4,0
311037,311039,311041,2,2
311037,311039,311041,2,2
311037,311039,311041,2,2
311037,311037,311042,5,0
311037,311037,311042,5,0
311037,311037,311042,5,0
311037,311037,311042,5,0
311037,311041,311042,1,4
311037,311037,311042,5,0
311037,311040,311042,2,3
311037,311040,311042,2,3
311037,311040,311042,2,3
311037,311037,311042,5,0
311037,311039,311042,3,2
311037,311039,311042,3,2
311037,311037,311043,6,0
311037,311037,311043,6,0
311037,311041,311043,2,4
311037,311037,311043,6,0
311037,311037,311043,6,0
311037,311037,311043,6,0
311037,311037,311043,6,0
311037,311037,311043,6,0
311037,311042,311043,1,5
311037,311037,311043,6,0
311037,311037,311043,6,0
311037,311037,311043,6,0
311037,311041,311043,2,4
311037,311037,311043,6,0
311037,311041,311043,2,4
311037,311037,311043,6,0
311037,311037,311044,7,0
311037,311037,311044,7,0
311037,311041,311044,3,4
311037,311042,311044,2,5
311037,311037,311044,7,0
311037,311042,311044,2,5
311037,311042,311044,2,5
311037,311043,311044,1,6
311037,311042,311044,2,5
311037,311044,311045,1,7
311037,311043,311044,1,6
311037,311043,311044,1,6
311037,311037,311044,7,0
311037,311043,311044,1,6
311037,311043,311044,1,6
311037,311037,311044,7,0
311037,311037,311045,8,0
311037,311043,311045,2,6
311037,311037,311045,8,0
311037,311043,311045,2,6
311037,311043,311045,2,6
311037,311043,311045,2,6
311037,311042,311045,3,5
311037,311043,311045,2,6
311037,311037,311045,8,0
311037,311044,311045,1,7
311037,311037,311045,8,0
311037,311037,311046,9,0
311037,311043,311046,3,6
311037,311037,311048,11,0
311037,311037,311049,12,0
311037,311037,311049,12,0
311037,311037,311052,15,0
311037,311037,311052,15,0
311037,311037,311052,15,0
311062,311063,311064,1,1
311062,311063,311064,1,1
311062,311063,311064,1,1
311062,311063,311064,1,1
311062,311063,311064,1,1
311062,311063,311064,1,1
311062,311063,311065,2,1
311062,311063,311065,2,1
311062,311063,311065,2,1
311062,311063,311065,2,1
311062,311063,311066,3,1
311062,311064,311066,2,2
311062,311063,311066,3,1
311062,311063,311066,3,1
311062,311064,311066,2,2
311062,311063,311066,3,1
311062,311063,311067,4,1
311062,311063,311068,5,1
311062,311065,311067,2,3
311062,311063,311067,4,1
311062,311063,311068,5,1
311062,311063,311067,4,1
311062,311065,311067,2,3
311062,311065,311067,2,3
311062,311063,311067,4,1
311062,311065,311067,2,3
311062,311065,311067,2,3
311062,311063,311067,4,1
311062,311063,311069,6,1
311062,311063,311068,5,1
311062,311063,311068,5,1
311062,311067,311068,1,5
311062,311068,311069,1,6
311062,311063,311068,5,1
311062,311063,311068,5,1
311062,311068,311069,1,6
311062,311068,311069,1,6
311062,311063,311068,5,1
311062,311063,311069,6,1
311062,311068,311069,1,6
311062,311066,311068,2,4
311062,311067,311068,1,5
311062,311068,311069,1,6
311062,311067,311068,1,5
311062,311068,311069,1,6
311062,311063,311069,6,1
311062,311067,311069,2,5
311062,311068,311070,2,6
311062,311066,311069,3,4
311062,311068,311069,1,6
311062,311068,311069,1,6
311062,311063,311069,6,1
311062,311069,311070,1,7
311062,311069,311070,1,7
311062,311069,311070,1,7
311062,311068,311070,2,6
311062,311066,311070,4,4
311062,311067,311070,3,5
311062,311068,311070,2,6
311062,311063,311070,7,1
311062,311069,311070,1,7
311062,311063,311071,8,1
311062,311069,311071,2,7
311062,311069,311071,2,7
311062,311063,311071,8,1
311062,311063,311071,8,1
311062,311063,311072,9,1
311062,311067,311073,6,5
311062,311063,311074,11,1
311062,311063,311075,12,1
311062,311066,311075,9,4
311062,311068,311075,7,6
311062,311063,311076,13,1
311062,311063,311076,13,1
311062,311063,311078,15,1
311062,311063,311079,16,1
311062,311063,311082,19,1
311062,311063,311084,21,1
311095,311095,311097,2,0
311095,311095,311097,2,0
311095,311095,311097,2,0
311095,311095,311097,2,0
311095,311095,311097,2,0
311095,311095,311097,2,0
311095,311095,311097,2,0
311095,311096,311098,2,1
311095,311096,311098,2,1
311095,311098,311099,1,3
311095,311096,311098,2,1
311095,311097,311098,1,2
311095,311096,311099,3,1
311095,311096,311099,3,1
311095,311096,311099,3,1
311095,311096,311099,3,1
311095,311098,311099,1,3
311095,311098,311099,1,3
311095,311095,311099,4,0
311095,311098,311099,1,3
311095,311098,311099,1,3
311095,311097,311099,2,2
311095,311096,311100,4,1
311095,311096,311100,4,1
311095,311096,311100,4,1
311095,311096,311100,4,1
311095,311099,311100,1,4
311095,311100,311101,1,5
311095,311099,311100,1,4
311095,311099,311100,1,4
311095,311096,311101,5,1
311095,311096,311101,5,1
311095,311096,311101,5,1
311095,311099,311101,2,4
311095,311095,311101,6,0
311095,311096,311102,6,1
311095,311096,311101,5,1
311095,311100,311101,1,5
311095,311096,311101,5,1
311095,311100,311101,1,5
311095,311096,311101,5,1
311095,311100,311101,1,5
311095,311100,311101,1,5
311095,311096,311101,5,1
311095,311101,311102,1,6
311095,311096,311101,5,1
311095,311100,311101,1,5
311095,311096,311101,5,1
311095,311100,311101,1,5
311095,311100,311101,1,5
311095,311096,311102,6,1
311095,311100,311102,2,5
311095,311096,311102,6,1
311095,311101,311102,1,6
311095,311096,311102,6,1
311095,311095,311102,7,0
311095,311101,311102,1,6
311095,311096,311102,6,1
311095,311101,311102,1,6
311095,311096,311102,6,1
311095,311101,311102,1,6
311095,311096,311102,6,1
311095,311101,311102,1,6
311095,311096,311103,7,1
311095,311099,311103,4,4
311095,311096,311103,7,1
311095,311102,311104,2,7
311095,311100,311103,3,5
311095,311101,311103,2,6
311095,311101,311103,2,6
311095,311096,311103,7,1
311095,311102,311103,1,7
311095,311102,311104,2,7
311095,311102,311104,2,7
311095,311096,311103,7,1
311095,311096,311104,8,1
311095,311102,311106,4,7
311095,311096,311105,9,1
311095,311095,311106,11,0
311117,311117,311118,1,0
311117,311117,311118,1,0
311117,311117,311118,1,0
311117,311117,311118,1,0
311117,311117,311118,1,0
311117,311117,311118,1,0
311117,311117,311118,1,0
311117,311117,311119,2,0
311117,311119,311120,1,2
311117,311118,311119,1,1
311117,311118,311119,1,1
311117,311118,311119,1,1
311117,311119,311120,1,2
311117,311119,311120,1,2
311117,311117,311120,3,0
311117,311117,311120,3,0
311117,311119,311120,1,2
311117,311117,311120,3,0
311117,311117,311120,3,0
311117,311120,311121,1,3
311117,311117,311122,5,0
311117,311117,311122,5,0
311117,311120,311121,1,3
311117,311120,311121,1,3
311117,311117,311121,4,0
311117,311120,311121,1,3
311117,311120,311121,1,3
311117,311121,311122,1,4
311117,311120,311121,1,3
311117,311121,311122,1,4
311117,311121,311122,1,4
311117,311117,311122,5,0
311117,311117,311122,5,0
311117,311117,311122,5,0
311117,311117,311122,5,0
311117,311117,311123,6,0
311117,311117,311122,5,0
311117,311121,311122,1,4
311117,311117,311122,5,0
311117,311117,311122,5,0
311117,311117,311123,6,0
311117,311121,311122,1,4
311117,311121,311122,1,4
311117,311122,311123,1,5
311117,311117,311122,5,0
311117,311122,311123,1,5
311117,311122,311123,1,5
311117,311117,311124,7,0
311117,311117,311123,6,0
311117,311117,311124,7,0
311117,311117,311123,6,0
311117,311121,311124,3,4
311117,311122,311123,1,5
311117,311122,311123,1,5
311117,311122,311123,1,5
311117,311122,311123,1,5
311117,311122,311123,1,5
311117,311122,311123,1,5
311117,311122,311123,1,5
311117,311117,311124,7,0
311117,311117,311125,8,0
311117,311123,311125,2,6
311117,311122,311124,2,5
311117,311123,311125,2,6
311117,311117,311124,7,0
311117,311117,311123,6,0
311117,311117,311125,8,0
311117,311117,311126,9,0
311117,311117,311125,8,0
311117,311117,311126,9,0
311117,311123,311125,2,6
311117,311117,311126,9,0
311117,311117,311126,9,0
311117,311117,311126,9,0
311117,311117,311127,10,0
311117,311117,311127,10,0
311117,311117,311127,10,0
311117,311122,311128,6,5
311117,311117,311131,14,0
311141,311141,311142,1,0
311141,311141,311142,1,0
311141,311141,311142,1,0
311141,311141,311142,1,0
311141,311141,311142,1,0
311141,311141,311142,1,0
311141,311141,311142,1,0
311141,311141,311144,3,0
311141,311141,311144,3,0
311141,311141,311144,3,0
311141,311142,311144,2,1
311141,311141,311144,3,0
311141,311142,311144,2,1
311141,311142,311144,2,1
311141,311141,311143,2,0
311141,311141,311144,3,0
311141,311143,311145,2,2
311141,311141,311145,4,0
311141,311141,311145,4,0
311141,311143,311144,1,2
311141,311144,311145,1,3
311141,311142,311144,2,1
311141,311143,311144,1,2
311141,311144,311145,1,3
311141,311141,311146,5,0
311141,311141,311146,5,0
311141,311141,311145,4,0
311141,311144,311146,2,3
311141,311141,311145,4,0
311141,311144,311145,1,3
311141,311144,311145,1,3
311141,311141,311146,5,0
311141,311145,311146,1,4
311141,311144,311146,2,3
311141,311145,311146,1,4
311141,311144,311145,1,3
311141,311144,311146,2,3
311141,311145,311146,1,4
311141,311141,311146,5,0
311141,311141,311147,6,0
311141,311141,311147,6,0
311141,311141,311146,5,0
311141,311145,311147,2,4
311141,311141,311146,5,0
311141,311146,311147,1,5
311141,311146,311147,1,5
311141,311145,311146,1,4
311141,311145,311146,1,4
311141,311146,311147,1,5
311141,311141,311147,6,0
311141,311145,311146,1,4
311141,311146,311147,1,5
311141,311141,311148,7,0
311141,311145,311148,3,4
311141,311145,311148,3,4
311141,311146,311148,2,5
311141,311141,311148,7,0
311141,311146,311147,1,5
311141,311146,311149,3,5
311141,311141,311148,7,0
311141,311141,311149,8,0
311141,311146,311149,3,5
311141,311146,311148,2,5
311141,311146,311148,2,5
311141,311141,311149,8,0
311141,311141,311149,8,0
311141,311146,311149,3,5
311141,311141,311149,8,0
311141,311141,311149,8,0
311141,311141,311151,10,0
311141,311141,311150,9,0
311141,311141,311151,10,0
311141,311141,311151,10,0
311141,311141,311151,10,0
311141,311141,311152,11,0
311141,311141,311152,11,0
311141,311141,311152,11,0
311141,311141,311154,13,0
311141,311141,311157,16,0
311167,311167,311168,1,0
311167,311167,311168,1,0
311167,311167,311169,2,0
311167,311167,311169,2,0
311167,311167,311168,1,0
311167,311167,311168,1,0
311167,311167,311168,1,0
311167,311167,311170,3,0
311167,311168,311170,2,1
311167,311167,311170,3,0
311167,311167,311171,4,0
311167,311167,311171,4,0
311167,311167,311170,3,0
311167,311167,311171,4,0
311167,311167,311171,4,0
311167,311167,311171,4,0
311167,311169,311171,2,2
311167,311169,311171,2,2
311167,311169,311171,2,2
311167,311169,311171,2,2
311167,311170,311171,1,3
311167,311169,311171,2,2
311167,311169,311171,2,2
311167,311170,311171,1,3
311167,311167,311172,5,0
311167,311167,311172,5,0
311167,311167,311172,5,0
311167,311167,311172,5,0
311167,311167,311172,5,0
311167,311171,311172,1,4
311167,311167,311172,5,0
311167,311171,311173,2,4
311167,311167,311172,5,0
311167,311167,311172,5,0
311167,311167,311173,6,0
311167,311171,311173,2,4
311167,311171,311172,1,4
311167,311171,311173,2,4
311167,311170,311173,3,3
311167,311171,311173,2,4
311167,311167,311173,6,0
311167,311171,311172,1,4
311167,311171,311173,2,4
311167,311171,311172,1,4
311167,311171,311172,1,4
311167,311171,311173,2,4
311167,311167,311174,7,0
311167,311171,311173,2,4
311167,311171,311174,3,4
311167,311167,311174,7,0
311167,311167,311174,7,0
311167,311172,311174,2,5
311167,311167,311174,7,0
311167,311172,311174,2,5
311167,311173,311175,2,6
311167,311167,311174,7,0
311167,311173,311175,2,6
311167,311173,311175,2,6
311167,311167,311175,8,0
311167,311173,311175,2,6
311167,311171,311174,3,4
311167,311172,311175,3,5
311167,311167,311175,8,0
311167,311173,311175,2,6
311167,311167,311176,9,0
311167,311172,311177,5,5
311167,311167,311177,10,0
311167,311167,311176,9,0
311167,311172,311177,5,5
311167,311167,311178,11,0
311167,311172,311178,6,5
311167,311167,311178,11,0
311167,311167,311179,12,0
311167,311167,311178,11,0
311167,311167,311179,12,0
311167,311167,311180,13,0
311167,311167,311182,15,0
311167,311167,311182,15,0
311167,311167,311186,19,0
311198,311198,311199,1,0
311198,311198,311199,1,0
311198,311198,311199,1,0
311198,311198,311200,2,0
311198,311198,311200,2,0
311198,311198,311199,1,0
311198,311198,311200,2,0
311198,311199,311201,2,1
311198,311199,311201,2,1
311198,311199,311201,2,1
311198,311198,311201,3,0
311198,311198,311202,4,0
311198,311198,311202,4,0
311198,311200,311202,2,2
311198,311200,311202,2,2
311198,311200,311202,2,2
311198,311200,311202,2,2
311198,311198,311202,4,0
311198,311198,311202,4,0
311198,311198,311203,5,0
311198,311201,311202,1,3
311198,311198,311203,5,0
311198,311201,311203,2,3
311198,311201,311202,1,3
311198,311202,311203,1,4
311198,311198,311204,6,0
311198,311202,311204,2,4
311198,311198,311204,6,0
311198,311202,311204,2,4
311198,311202,311204,2,4
311198,311198,311204,6,0
311198,311198,311205,7,0
311198,311198,311205,7,0
311198,311202,311205,3,4
311198,311202,311205,3,4
311198,311198,311205,7,0
311198,311202,311204,2,4
311198,311198,311205,7,0
311198,311198,311205,7,0
311198,311198,311205,7,0
311198,311203,311205,2,5
311198,311203,311205,2,5
311198,311203,311206,3,5
311198,311198,311205,7,0
311198,311204,311206,2,6
311198,311198,311206,8,0
311198,311204,311206,2,6
311198,311204,311206,2,6
311198,311203,311206,3,5
311198,311203,311206,3,5
311198,311198,311206,8,0
311198,311203,311206,3,5
311198,311204,311206,2,6
311198,311203,311206,3,5
311198,311203,311206,3,5
311198,311198,311207,9,0
311198,311205,311207,2,7
311198,311198,311207,9,0
311198,311205,311207,2,7
311198,311198,311207,9,0
311198,311205,311207,2,7
311198,311205,311207,2,7
311198,311198,311208,10,0
311198,311198,311208,10,0
311198,311198,311208,10,0
311198,311198,311208,10,0
311198,311198,311209,11,0
311198,311204,311208,4,6
311198,311198,311209,11,0
311198,311198,311208,10,0
311198,311198,311210,12,0
311198,311198,311210,12,0
311198,311198,311210,12,0
311198,311198,311210,12,0
311198,311198,311210,12,0
311198,311198,311212,14,0
311198,311198,311214,16,0
311198,311198,311216,18,0
311227,311227,311228,1,0
311227,311227,311228,1,0
311227,311227,311228,1,0
311227,311227,311228,1,0
311227,311227,311228,1,0
311227,311227,311228,1,0
311227,311227,311228,1,0
311227,311228,311229,1,1
311227,311228,311229,1,1
311227,311228,311229,1,1
311227,311228,311230,2,1
311227,311228,311229,1,1
311227,311227,311230,3,0
311227,311227,311230,3,0
311227,311229,311230,1,2
311227,311227,311230,3,0
311227,311229,311230,1,2
311227,311230,311231,1,3
311227,311230,311231,1,3
311227,311230,311231,1,3
311227,311227,311232,5,0
311227,311230,311231,1,3
311227,311230,311231,1,3
311227,311227,311232,5,0
311227,311227,311232,5,0
311227,311227,311232,5,0
311227,311227,311233,6,0
311227,311231,311232,1,4
311227,311231,311232,1,4
311227,311227,311232,5,0
311227,311231,311232,1,4
311227,311227,311233,6,0
311227,311227,311233,6,0
311227,311231,311233,2,4
311227,311231,311233,2,4
311227,311227,311234,7,0
311227,311232,311234,2,5
311227,311232,311234,2,5
311227,311227,311234,7,0
311227,311231,311233,2,4
311227,311231,311233,2,4
311227,311231,311233,2,4
311227,311233,311234,1,6
311227,311227,311234,7,0
311227,311227,311234,7,0
311227,311227,311234,7,0
311227,311227,311235,8,0
311227,311227,311234,7,0
311227,311227,311235,8,0
311227,311227,311234,7,0
311227,311233,311234,1,6
311227,311233,311234,1,6
311227,311227,311235,8,0
311227,311232,311234,2,5
311227,311233,311234,1,6
311227,311233,311234,1,6
311227,311234,311235,1,7
311227,311227,311236,9,0
311227,311227,311236,9,0
311227,311227,311236,9,0
311227,311227,311236,9,0
311227,311234,311236,2,7
311227,311234,311236,2,7
311227,311234,311236,2,7
311227,311227,311236,9,0
311227,311227,311235,8,0
311227,311227,311237,10,0
311227,311233,311237,4,6
311227,311227,311236,9,0
311227,311227,311237,10,0
311227,311233,311237,4,6
311227,311233,311238,5,6
311227,311227,311237,10,0
311227,311227,311238,11,0
311227,311227,311238,11,0
311227,311227,311239,12,0
311227,311227,311239,12,0
311227,311227,311241,14,0
311227,311227,311240,13,0
311251,311251,311253,2,0
311251,311251,311253,2,0
311251,311251,311253,2,0
311251,311251,311253,2,0
311251,311251,311252,1,0
311251,311251,311253,2,0
311251,311251,311253,2,0
311251,311251,311254,3,0
311251,311254,311255,1,3
311251,311254,311255,1,3
311251,311254,311255,1,3
311251,311254,311255,1,3
311251,311254,311255,1,3
311251,311254,311255,1,3
311251,311254,311255,1,3
311251,311251,311256,5,0
311251,311252,311256,4,1
311251,311251,311257,6,0
311251,311251,311257,6,0
311251,311256,311257,1,5
311251,311256,311257,1,5
311251,311251,311258,7,0
311251,311251,311258,7,0
311251,311256,311258,2,5
311251,311251,311258,7,0
311251,311256,311258,2,5
311251,311251,311258,7,0
311251,311256,311258,2,5
311251,311251,311258,7,0
311251,311256,311258,2,5
311251,311251,311259,8,0
311251,311251,311259,8,0
311251,311251,311259,8,0
311251,311251,311259,8,0
311251,311251,311259,8,0
311251,311257,311259,2,6
311251,311255,311259,4,4
311251,311251,311259,8,0
311251,311251,311259,8,0
311251,311251,311259,8,0
311251,311256,311259,3,5
311251,311258,311259,1,7
311251,311259,311260,1,8
311251,311251,311260,9,0
311251,311251,311260,9,0
311251,311251,311260,9,0
311251,311251,311260,9,0
311251,311258,311260,2,7
311251,311251,311260,9,0
311251,311259,311260,1,8
311251,311251,311260,9,0
311251,311258,311260,2,7
311251,311259,311260,1,8
311251,311251,311260,9,0
311251,311259,311261,2,8
311251,311259,311260,1,8
311251,311251,311261,10,0
311251,311258,311260,2,7
311251,311259,311261,2,8
311251,311251,311261,10,0
311251,311257,311261,4,6
311251,311260,311261,1,9
311251,311260,311261,1,9
311251,311260,311261,1,9
311251,311251,311261,10,0
311251,311260,311261,1,9
311251,311259,311261,2,8
311251,311251,311261,10,0
311251,311251,311262,11,0
311251,311251,311262,11,0
311251,311260,311262,2,9
311251,311259,311262,3,8
311251,311251,311262,11,0
311251,311251,311263,12,0
311251,311259,311263,4,8
311251,311251,311264,13,0
311251,311251,311264,13,0
311251,311251,311265,14,0
311251,311251,311265,14,0
311277,311277,311279,2,0
311277,311277,311279,2,0
311277,311277,311279,2,0
311277,311277,311278,1,0
311277,311277,311278,1,0
311277,311277,311278,1,0
311277,311277,311280,3,0
311277,311277,311281,4,0
311277,311279,311281,2,2
311277,311279,311281,2,2
311277,311277,311281,4,0
311277,311279,311281,2,2
311277,311279,311281,2,2
311277,311279,311281,2,2
311277,311279,311281,2,2
311277,311277,311282,5,0
311277,311277,311282,5,0
311277,311277,311282,5,0
311277,311277,311282,5,0
311277,311277,311282,5,0
311277,311277,311282,5,0
311277,311280,311282,2,3
311277,311281,311282,1,4
311277,311277,311283,6,0
311277,311277,311282,5,0
311277,311277,311283,6,0
311277,311277,311283,6,0
311277,311277,311283,6,0
311277,311277,311283,6,0
311277,311277,311283,6,0
311277,311281,311283,2,4
311277,311282,311283,1,5
311277,311277,311283,6,0
311277,311281,311282,1,4
311277,311281,311283,2,4
311277,311277,311282,5,0
311277,311277,311283,6,0
311277,311281,311283,2,4
311277,311281,311283,2,4
311277,311281,311283,2,4
311277,311282,311283,1,5
311277,311277,311283,6,0
311277,311277,311283,6,0
311277,311277,311284,7,0
311277,311282,311284,2,5
311277,311277,311284,7,0
311277,311281,311284,3,4
311277,311282,311284,2,5
311277,311277,311284,7,0
311277,311283,311284,1,6
311277,311282,311284,2,5
311277,311283,311284,1,6
311277,311282,311285,3,5
311277,311277,311285,8,0
311277,311277,311285,8,0
311277,311277,311285,8,0
311277,311277,311285,8,0
311277,311283,311285,2,6
311277,311277,311285,8,0
311277,311284,311285,1,7
311277,311284,311285,1,7
311277,311284,311285,1,7
311277,311284,311285,1,7
311277,311277,311285,8,0
311277,311277,311286,9,0
311277,311277,311286,9,0
311277,311283,311286,3,6
311277,311277,311286,9,0
311277,311283,311285,2,6
311277,311283,311285,2,6
311277,311277,311286,9,0
311277,311283,311286,3,6
311277,311277,311286,9,0
311277,311277,311287,10,0
311277,311277,311287,10,0
311277,311283,311287,4,6
311277,311277,311288,11,0
311299,311299,311300,1,0
311299,311299,311300,1,0
311299,311299,311301,2,0
311299,311299,311300,1,0
311299,311299,311300,1,0
311299,311299,311301,2,0
311299,311299,311302,3,0
311299,311299,311303,4,0
311299,311301,311303,2,2
311299,311301,311303,2,2
311299,311301,311303,2,2
311299,311301,311303,2,2
311299,311301,311303,2,2
311299,311301,311303,2,2
311299,311299,311303,4,0
311299,311299,311303,4,0
311299,311299,311303,4,0
311299,311303,311304,1,4
311299,311302,311304,2,3
311299,311299,311305,6,0
311299,311299,311305,6,0
311299,311299,311304,5,0
311299,311303,311305,2,4
311299,311299,311305,6,0
311299,311299,311304,5,0
311299,311299,311304,5,0
311299,311303,311305,2,4
311299,311299,311304,5,0
311299,311303,311304,1,4
311299,311299,311305,6,0
311299,311303,311304,1,4
311299,311303,311304,1,4
311299,311299,311305,6,0
311299,311299,311305,6,0
311299,311304,311305,1,5
311299,311299,311305,6,0
311299,311303,311304,1,4
311299,311304,311305,1,5
311299,311299,311306,7,0
311299,311299,311305,6,0
311299,311299,311306,7,0
311299,311304,311306,2,5
311299,311299,311306,7,0
311299,311304,311306,2,5
311299,311299,311305,6,0
311299,311299,311306,7,0
311299,311299,311305,6,0
311299,311305,311306,1,6
311299,311305,311307,2,6
311299,311299,311307,8,0
311299,311304,311306,2,5
311299,311299,311306,7,0
311299,311305,311307,2,6
311299,311305,311307,2,6
311299,311305,311307,2,6
311299,311305,311306,1,6
311299,311305,311306,1,6
311299,311299,311307,8,0
311299,311305,311306,1,6
311299,311305,311306,1,6
311299,311305,311306,1,6
311299,311299,311307,8,0
311299,311305,311306,1,6
311299,311305,311306,1,6
311299,311299,311308,9,0
311299,311305,311307,2,6
311299,311299,311307,8,0
311299,311305,311308,3,6
311299,311299,311308,9,0
311299,311299,311307,8,0
311299,311299,311309,10,0
311299,311299,311309,10,0
311299,311305,311308,3,6
311299,311305,311309,4,6
311299,311299,311308,9,0
311299,311299,311309,10,0
311299,311299,311311,12,0
311299,311299,311312,13,0
311299,311299,311313,14,0
311324,311324,311325,1,0
311324,311324,311326,2,0
311324,311324,311325,1,0
311324,311324,311326,2,0
311324,311324,311326,2,0
311324,311324,311325,1,0
311324,311324,311325,1,0
311324,311325,311327,2,1
311324,311326,311327,1,2
311324,311324,311328,4,0
311324,311326,311328,2,2
311324,311326,311327,1,2
311324,311326,311328,2,2
311324,311326,311327,1,2
311324,311326,311328,2,2
311324,311324,311328,4,0
311324,311324,311329,5,0
311324,311324,311329,5,0
311324,311328,311329,1,4
311324,311324,311329,5,0
311324,311328,311329,1,4
311324,311328,311329,1,4
311324,311327,311328,1,3
311324,311324,311330,6,0
311324,311324,311329,5,0
311324,311324,311330,6,0
311324,311328,311330,2,4
311324,311329,311330,1,5
311324,311324,311330,6,0
311324,311324,311330,6,0
311324,311328,311330,2,4
311324,311324,311330,6,0
311324,311324,311330,6,0
311324,311329,311330,1,5
311324,311324,311330,6,0
311324,311328,311329,1,4
311324,311324,311330,6,0
311324,311329,311331,2,5
311324,311328,311331,3,4
311324,311324,311330,6,0
311324,311329,311330,1,5
311324,311324,311331,7,0
311324,311329,311330,1,5
311324,311324,311331,7,0
311324,311329,311331,2,5
311324,311329,311330,1,5
311324,311330,311331,1,6
311324,311324,311331,7,0
311324,311324,311332,8,0
311324,311324,311332,8,0
311324,311329,311331,2,5
311324,311324,311332,8,0
311324,311324,311332,8,0
311324,311330,311332,2,6
311324,311330,311332,2,6
311324,311330,311331,1,6
311324,311330,311332,2,6
311324,311330,311332,2,6
311324,311330,311332,2,6
311324,311330,311332,2,6
311324,311330,311332,2,6
311324,311330,311332,2,6
311324,311324,311333,9,0
311324,311324,311333,9,0
311324,311330,311334,4,6
311324,311324,311334,10,0
311324,311330,311334,4,6
311324,311324,311334,10,0
311324,311324,311334,10,0
311324,311324,311334,10,0
311324,311324,311334,10,0
311324,311324,311335,11,0
311324,311324,311335,11,0
311324,311324,311334,10,0
311324,311324,311335,11,0
311324,311324,311336,12,0
311324,311324,311338,14,0
311324,311324,311338,14,0
311324,311324,311342,18,0
311352,311353,311354,1,1
311352,311353,311354,1,1
311352,311353,311354,1,1
311352,311353,311354,1,1
311352,311353,311354,1,1
311352,311353,311354,1,1
311352,311355,311356,1,3
311352,311354,311355,1,2
311352,311355,311356,1,3
311352,311355,311356,1,3
311352,311355,311356,1,3
311352,311355,311356,1,3
311352,311355,311356,1,3
311352,311356,311357,1,4
311352,311356,311357,1,4
311352,311357,311358,1,5
311352,311353,311357,4,1
311352,311353,311357,4,1
311352,311353,311358,5,1
311352,311353,311357,4,1
311352,311356,311357,1,4
311352,311353,311358,5,1
311352,311353,311359,6,1
311352,311358,311359,1,6
311352,311353,311358,5,1
311352,311357,311358,1,5
311352,311357,311358,1,5
311352,311358,311359,1,6
311352,311353,311358,5,1
311352,311353,311359,6,1
311352,311357,311358,1,5
311352,311358,311359,1,6
311352,311357,311358,1,5
311352,311353,311358,5,1
311352,311353,311358,5,1
311352,311357,311358,1,5
311352,311358,311359,1,6
311352,311353,311359,6,1
311352,311353,311360,7,1
311352,311353,311359,6,1
311352,311353,311359,6,1
311352,311353,311359,6,1
311352,311353,311359,6,1
311352,311353,311359,6,1
311352,311353,311359,6,1
311352,311358,311359,1,6
311352,311358,311359,1,6
311352,311359,311360,1,7
311352,311359,311360,1,7
311352,311359,311360,1,7
311352,311353,311360,7,1
311352,311353,311360,7,1
311352,311353,311360,7,1
311352,311359,311360,1,7
311352,311359,311360,1,7
311352,311359,311360,1,7
311352,311359,311360,1,7
311352,311359,311360,1,7
311352,311359,311360,1,7
311352,311359,311360,1,7
311352,311359,311360,1,7
311352,311359,311360,1,7
311352,311359,311360,1,7
311352,311353,311361,8,1
311352,311353,311361,8,1
311352,311353,311362,9,1
311352,311353,311363,10,1
311352,311353,311362,9,1
311352,311353,311362,9,1
311352,311353,311363,10,1
311352,311353,311364,11,1
311352,311353,311363,10,1
311352,311353,311363,10,1
311352,311353,311364,11,1
311352,311353,311365,12,1
311352,311353,311366,13,1
311352,311353,311367,14,1
311352,311353,311368,15,1
311379,311379,311380,1,0
311379,311379,311380,1,0
311379,311379,311381,2,0
311379,311379,311381,2,0
311379,311379,311380,1,0
311379,311379,311380,1,0
311379,311379,311380,1,0
311379,311380,311382,2,1
311379,311381,311383,2,2
311379,311379,311384,5,0
311379,311379,311384,5,0
311379,311381,311383,2,2
311379,311381,311383,2,2
311379,311379,311384,5,0
311379,311379,311384,5,0
311379,311381,311384,3,2
311379,311381,311384,3,2
311379,311379,311385,6,0
311379,311379,311385,6,0
311379,311379,311385,6,0
311379,311379,311385,6,0
311379,311381,311384,3,2
311379,311383,311385,2,4
311379,311379,311385,6,0
311379,311382,311385,3,3
311379,311379,311385,6,0
311379,311379,311386,7,0
311379,311379,311386,7,0
311379,311379,311386,7,0
311379,311384,311386,2,5
311379,311379,311386,7,0
311379,311384,311386,2,5
311379,311379,311386,7,0
311379,311384,311386,2,5
311379,311384,311386,2,5
311379,311384,311386,2,5
311379,311379,311386,7,0
311379,311385,311386,1,6
311379,311385,311386,1,6
311379,311379,311386,7,0
311379,311384,311385,1,5
311379,311379,311387,8,0
311379,311379,311387,8,0
311379,311379,311387,8,0
311379,311384,311387,3,5
311379,311385,311387,2,6
311379,311385,311386,1,6
311379,311386,311387,1,7
311379,311385,311387,2,6
311379,311385,311386,1,6
311379,311385,311387,2,6
311379,311386,311387,1,7
311379,311386,311387,1,7
311379,311386,311387,1,7
311379,311379,311387,8,0
311379,311386,311387,1,7
311379,311386,311387,1,7
311379,311384,311387,3,5
311379,311385,311387,2,6
311379,311379,311388,9,0
311379,311386,311388,2,7
311379,311379,311388,9,0
311379,311386,311388,2,7
311379,311386,311387,1,7
311379,311386,311388,2,7
311379,311379,311389,10,0
311379,311379,311388,9,0
311379,311379,311389,10,0
311379,311379,311389,10,0
311379,311379,311389,10,0
311379,311379,311390,11,0
311379,311379,311390,11,0
311379,311379,311391,12,0
311379,311379,311390,11,0
311379,311379,311392,13,0
311379,311379,311391,12,0
311379,311379,311393,14,0
311379,311379,311393,14,0
311379,311379,311395,16,0
311407,311407,311408,1,0
311407,311407,311408,1,0
311407,311407,311409,2,0
311407,311407,311409,2,0
311407,311407,311409,2,0
311407,311407,311408,1,0
311407,311407,311409,2,0
311407,311407,311412,5,0
311407,311409,311412,3,2
311407,311407,311412,5,0
311407,311407,311412,5,0
311407,311408,311412,4,1
311407,311408,311412,4,1
311407,311407,311413,6,0
311407,311407,311413,6,0
311407,311407,311413,6,0
311407,311409,311413,4,2
311407,311407,311413,6,0
311407,311407,311413,6,0
311407,311407,311413,6,0
311407,311409,311413,4,2
311407,311407,311413,6,0
311407,311409,311413,4,2
311407,311407,311413,6,0
311407,311410,311413,3,3
311407,311407,311414,7,0
311407,311407,311414,7,0
311407,311407,311413,6,0
311407,311407,311413,6,0
311407,311413,311414,1,6
311407,311407,311414,7,0
311407,311407,311414,7,0
311407,311412,311414,2,5
311407,311407,311413,6,0
311407,311412,311414,2,5
311407,311407,311415,8,0
311407,311412,311415,3,5
311407,311412,311415,3,5
311407,311413,311415,2,6
311407,311414,311415,1,7
311407,311413,311415,2,6
311407,311413,311415,2,6
311407,311414,311415,1,7
311407,311412,311415,3,5
311407,311414,311415,1,7
311407,311414,311416,2,7
311407,311413,311416,3,6
311407,311407,311416,9,0
311407,311413,311416,3,6
311407,311407,311416,9,0
311407,311412,311416,4,5
311407,311414,311416,2,7
311407,311414,311416,2,7
311407,311415,311416,1,8
311407,311415,311416,1,8
311407,311407,311417,10,0
311407,311407,311417,10,0
311407,311407,311417,10,0
311407,311407,311417,10,0
311407,311413,311417,4,6
311407,311407,311418,11,0
311407,311407,311418,11,0
311407,311407,311419,12,0
311407,311407,311420,13,0
311407,311407,311420,13,0
311407,311407,311420,13,0
311407,311407,311422,15,0
311407,311407,311424,17,0
311407,311407,311422,15,0
311407,311407,311429,22,0
311407,311407,311434,27,0
311407,311407,311436,29,0
311448,311448,311449,1,0
311448,311448,311449,1,0
311448,311448,311450,2,0
311448,311448,311449,1,0
311448,311448,311449,1,0
311448,311448,311449,1,0
311448,311448,311449,1,0
311448,311448,311453,5,0
311448,311450,311453,3,2
311448,311448,311453,5,0
311448,311450,311453,3,2
311448,311450,311453,3,2
311448,311450,311452,2,2
311448,311449,311452,3,1
311448,311450,311452,2,2
311448,311448,311454,6,0
311448,311448,311454,6,0
311448,311448,311453,5,0
311448,311448,311453,5,0
311448,311448,311454,6,0
311448,311448,311454,6,0
311448,311450,311453,3,2
311448,311448,311454,6,0
311448,311448,311454,6,0
311448,311448,311453,5,0
311448,311448,311455,7,0
311448,311448,311455,7,0
311448,311448,311454,6,0
311448,311448,311455,7,0
311448,311453,311455,2,5
311448,311453,311455,2,5
311448,311448,311454,6,0
311448,311453,311455,2,5
311448,311454,311455,1,6
311448,311453,311455,2,5
311448,311454,311455,1,6
311448,311448,311456,8,0
311448,311448,311456,8,0
311448,311448,311456,8,0
311448,311453,311455,2,5
311448,311454,311456,2,6
311448,311454,311455,1,6
311448,311454,311456,2,6
311448,311455,311456,1,7
311448,311455,311456,1,7
311448,311454,311456,2,6
311448,311454,311456,2,6
311448,311454,311456,2,6
311448,311454,311455,1,6
311448,311454,311455,1,6
311448,311455,311456,1,7
311448,311453,311455,2,5
311448,311455,311456,1,7
311448,311455,311456,1,7
311448,311455,311456,1,7
311448,311448,311457,9,0
311448,311455,311457,2,7
311448,311455,311457,2,7
311448,311455,311456,1,7
311448,311455,311456,1,7
311448,311453,311456,3,5
311448,311448,311457,9,0
311448,311448,311458,10,0
311448,311448,311457,9,0
311448,311448,311459,11,0
311448,311448,311458,10,0
311448,311448,311459,11,0
311448,311448,311458,10,0
311448,311453,311458,5,5
311448,311448,311459,11,0
311448,311448,311459,11,0
311448,311448,311460,12,0
311448,311448,311460,12,0
311448,311448,311459,11,0
311448,311448,311459,11,0
311448,311448,311460,12,0
311448,311448,311462,14,0
311448,311448,311462,14,0
311448,311448,311463,15,0
311474,311474,311475,1,0
311474,311474,311475,1,0
311474,311474,311475,1,0
311474,311474,311475,1,0
311474,311474,311475,1,0
311474,311474,311475,1,0
311474,311474,311475,1,0
311474,311474,311478,4,0
311474,311475,311478,3,1
311474,311476,311478,2,2
311474,311474,311478,4,0
311474,311476,311479,3,2
311474,311476,311478,2,2
311474,311474,311479,5,0
311474,311476,311478,2,2
311474,311476,311479,3,2
311474,311474,311479,5,0
311474,311474,311479,5,0
311474,311476,311480,4,2
311474,311474,311480,6,0
311474,311474,311480,6,0
311474,311474,311480,6,0
311474,311478,311480,2,4
311474,311474,311480,6,0
311474,311478,311480,2,4
311474,311474,311481,7,0
311474,311474,311480,6,0
311474,311474,311481,7,0
311474,311474,311480,6,0
311474,311479,311481,2,5
311474,311479,311481,2,5
311474,311474,311481,7,0
311474,311474,311480,6,0
311474,311479,311481,2,5
311474,311480,311481,1,6
311474,311480,311481,1,6
311474,311478,311480,2,4
311474,311480,311481,1,6
311474,311474,311481,7,0
311474,311474,311481,7,0
311474,311474,311482,8,0
311474,311474,311481,7,0
311474,311479,311481,2,5
311474,311479,311482,3,5
311474,311480,311482,2,6
311474,311479,311481,2,5
311474,311480,311482,2,6
311474,311481,311482,1,7
311474,311480,311482,2,6
311474,311481,311482,1,7
311474,311481,311482,1,7
311474,311481,311482,1,7
311474,311480,311481,1,6
311474,311480,311481,1,6
311474,311481,311482,1,7
311474,311481,311482,1,7
311474,311481,311482,1,7
311474,311474,311482,8,0
311474,311474,311483,9,0
311474,311474,311483,9,0
311474,311481,311483,2,7
311474,311481,311483,2,7
311474,311474,311483,9,0
311474,311480,311482,2,6
311474,311474,311483,9,0
311474,311474,311484,10,0
311474,311474,311484,10,0
311474,311481,311483,2,7
311474,311474,311485,11,0
311474,311474,311485,11,0
311474,311474,311484,10,0
311474,311474,311485,11,0
311474,311474,311486,12,0
311474,311474,311485,11,0
311474,311474,311487,13,0
311474,311474,311487,13,0
311474,311474,311488,14,0
311474,311474,311487,13,0
311474,311474,311488,14,0
311501,311501,311502,1,0
311501,311501,311502,1,0
311501,311501,311502,1,0
311501,311501,311502,1,0
311501,311501,311502,1,0
311501,311501,311502,1,0
311501,311501,311503,2,0
311501,311501,311504,3,0
311501,311501,311504,3,0
311501,311503,311505,2,2
311501,311503,311506,3,2
311501,311503,311505,2,2
311501,311503,311505,2,2
311501,311503,311505,2,2
311501,311501,311506,5,0
311501,311503,311505,2,2
311501,311501,311506,5,0
311501,311501,311506,5,0
311501,311501,311506,5,0
311501,311501,311506,5,0
311501,311505,311507,2,4
311501,311501,311506,5,0
311501,311501,311506,5,0
311501,311501,311506,5,0
311501,311506,311507,1,5
311501,311504,311506,2,3
311501,311501,311507,6,0
311501,311505,311507,2,4
311501,311506,311508,2,5
311501,311501,311507,6,0
311501,311501,311508,7,0
311501,311506,311508,2,5
311501,311506,311507,1,5
311501,311506,311508,2,5
311501,311507,311508,1,6
311501,311501,311508,7,0
311501,311507,311509,2,6
311501,311508,311509,1,7
311501,311501,311508,7,0
311501,311505,311508,3,4
311501,311507,311509,2,6
311501,311501,311508,7,0
311501,311507,311508,1,6
311501,311508,311509,1,7
311501,311501,311509,8,0
311501,311506,311508,2,5
311501,311507,311508,1,6
311501,311508,311509,1,7
311501,311507,311508,1,6
311501,311507,311508,1,6
311501,311508,311509,1,7
311501,311501,311509,8,0
311501,311501,311509,8,0
311501,311508,311510,2,7
311501,311501,311509,8,0
311501,311507,311509,2,6
311501,311508,311509,1,7
311501,311508,311509,1,7
311501,311508,311509,1,7
311501,311508,311509,1,7
311501,311501,311510,9,0
311501,311501,311511,10,0
311501,311501,311510,9,0
311501,311501,311511,10,0
311501,311501,311512,11,0
311501,311501,311511,10,0
311501,311507,311513,6,6
311501,311501,311512,11,0
311501,311501,311513,12,0
311501,311501,311514,13,0
311501,311501,311513,12,0
311501,311507,311513,6,6
311501,311501,311515,14,0
311501,311501,311514,13,0
311501,311501,311515,14,0
311501,311501,311516,15,0
311501,311501,311517,16,0
311501,311501,311518,17,0
311501,311501,311521,20,0
311532,311532,311533,1,0
311532,311532,311533,1,0
311532,311532,311533,1,0
311532,311532,311533,1,0
311532,311532,311533,1,0
311532,311532,311533,1,0
311532,311532,311534,2,0
311532,311532,311535,3,0
311532,311534,311536,2,2
311532,311532,311536,4,0
311532,311532,311536,4,0
311532,311534,311536,2,2
311532,311532,311536,4,0
311532,311534,311536,2,2
311532,311532,311537,5,0
311532,311534,311537,3,2
311532,311534,311536,2,2
311532,311534,311536,2,2
311532,311535,311537,2,3
311532,311532,311537,5,0
311532,311532,311537,5,0
311532,311532,311537,5,0
311532,311532,311537,5,0
311532,311532,311538,6,0
311532,311532,311538,6,0
311532,311532,311538,6,0
311532,311532,311538,6,0
311532,311536,311538,2,4
311532,311537,311538,1,5
311532,311537,311539,2,5
311532,311532,311539,7,0
311532,311536,311538,2,4
311532,311537,311539,2,5
311532,311532,311539,7,0
311532,311532,311540,8,0
311532,311537,311539,2,5
311532,311537,311539,2,5
311532,311532,311539,7,0
311532,311532,311539,7,0
311532,311538,311539,1,6
311532,311532,311540,8,0
311532,311537,311539,2,5
311532,311537,311539,2,5
311532,311537,311539,2,5
311532,311539,311540,1,7
311532,311538,311539,1,6
311532,311539,311540,1,7
311532,311539,311540,1,7
311532,311539,311540,1,7
311532,311532,311540,8,0
311532,311532,311540,8,0
311532,311539,311541,2,7
311532,311532,311540,8,0
311532,311539,311540,1,7
311532,311539,311540,1,7
311532,311539,311540,1,7
311532,311532,311541,9,0
311532,311539,311541,2,7
311532,311538,311541,3,6
311532,311538,311541,3,6
311532,311539,311542,3,7
311532,311540,311541,1,8
311532,311532,311542,10,0
311532,311540,311542,2,8
311532,311532,311542,10,0
311532,311532,311542,10,0
311532,311532,311542,10,0
311532,311537,311542,5,5
311532,311532,311544,12,0
311532,311532,311543,11,0
311532,311532,311545,13,0
311532,311537,311544,7,5
311532,311532,311544,12,0
311532,311532,311546,14,0
311532,311532,311546,14,0
311532,311532,311547,15,0
311532,311532,311548,16,0
311532,311532,311548,16,0
311532,311532,311551,19,0
311563,311563,311564,1,0
311563,311563,311564,1,0
311563,311563,311564,1,0
311563,311563,311564,1,0
311563,311563,311564,1,0
311563,311563,311564,1,0
311563,311563,311565,2,0
311563,311565,311567,2,2
311563,311563,311566,3,0
311563,311564,311566,2,1
311563,311564,311567,3,1
311563,311565,311567,2,2
311563,311563,311568,5,0
311563,311563,311568,5,0
311563,311563,311568,5,0
311563,311565,311567,2,2
311563,311566,311568,2,3
311563,311563,311567,4,0
311563,311563,311568,5,0
311563,311563,311568,5,0
311563,311563,311568,5,0
311563,311563,311569,6,0
311563,311563,311569,6,0
311563,311563,311569,6,0
311563,311565,311568,3,2
311563,311563,311568,5,0
311563,311567,311569,2,4
311563,311563,311568,5,0
311563,311567,311569,2,4
311563,311567,311568,1,4
311563,311567,311569,2,4
311563,311563,311569,6,0
311563,311563,311569,6,0
311563,311563,311570,7,0
311563,311563,311569,6,0
311563,311568,311570,2,5
311563,311563,311569,6,0
311563,311568,311570,2,5
311563,311568,311570,2,5
311563,311567,311570,3,4
311563,311568,311570,2,5
311563,311568,311570,2,5
311563,311563,311571,8,0
311563,311563,311570,7,0
311563,311569,311570,1,6
311563,311570,311571,1,7
311563,311568,311570,2,5
311563,311569,311570,1,6
311563,311563,311570,7,0
311563,311569,311570,1,6
311563,311569,311570,1,6
311563,311563,311570,7,0
311563,311569,311570,1,6
311563,311569,311570,1,6
311563,311570,311571,1,7
311563,311563,311571,8,0
311563,311563,311571,8,0
311563,311569,311571,2,6
311563,311563,311572,9,0
311563,311563,311572,9,0
311563,311570,311572,2,7
311563,311570,311572,2,7
311563,311563,311572,9,0
311563,311569,311572,3,6
311563,311568,311572,4,5
311563,311569,311573,4,6
311563,311568,311572,4,5
311563,311569,311573,4,6
311563,311563,311573,10,0
311563,311569,311573,4,6
311563,311563,311574,11,0
311563,311563,311573,10,0
311563,311563,311575,12,0
311563,311563,311574,11,0
311563,311563,311579,16,0
311563,311563,311581,18,0
311563,311563,311581,18,0
311563,311563,311584,21,0
311563,311563,311589,26,0
311601,311601,311602,1,0
311601,311601,311602,1,0
311601,311601,311602,1,0
311601,311601,311602,1,0
311601,311601,311602,1,0
311601,311601,311602,1,0
311601,311601,311603,2,0
311601,311601,311604,3,0
311601,311602,311604,2,1
311601,311603,311605,2,2
311601,311603,311605,2,2
311601,311603,311604,1,2
311601,311603,311606,3,2
311601,311601,311605,4,0
311601,311601,311606,5,0
311601,311603,311605,2,2
311601,311601,311605,4,0
311601,311601,311605,4,0
311601,311601,311605,4,0
311601,311605,311606,1,4
311601,311601,311606,5,0
311601,311601,311607,6,0
311601,311601,311607,6,0
311601,311601,311606,5,0
311601,311601,311606,5,0
311601,311605,311606,1,4
311601,311604,311606,2,3
311601,311601,311608,7,0
311601,311601,311607,6,0
311601,311606,311607,1,5
311601,311605,311607,2,4
311601,311605,311607,2,4
311601,311606,311607,1,5
311601,311601,311608,7,0
311601,311605,311607,2,4
311601,311606,311608,2,5
311601,311601,311607,6,0
311601,311601,311608,7,0
311601,311607,311608,1,6
311601,311608,311609,1,7
311601,311601,311608,7,0
311601,311606,311608,2,5
311601,311606,311608,2,5
311601,311607,311609,2,6
311601,311606,311608,2,5
311601,311606,311608,2,5
311601,311607,311608,1,6
311601,311606,311608,2,5
311601,311608,311609,1,7
311601,311608,311609,1,7
311601,311601,311610,9,0
311601,311601,311609,8,0
311601,311601,311609,8,0
311601,311601,311609,8,0
311601,311601,311609,8,0
311601,311601,311609,8,0
311601,311607,311610,3,6
311601,311601,311609,8,0
311601,311608,311609,1,7
311601,311601,311610,9,0
311601,311608,311609,1,7
311601,311608,311609,1,7
311601,311607,311610,3,6
311601,311608,311610,2,7
311601,311601,311610,9,0
311601,311607,311610,3,6
311601,311601,311610,9,0
311601,311601,311610,9,0
311601,311607,311610,3,6
311601,311608,311610,2,7
311601,311601,311610,9,0
311601,311601,311611,10,0
311601,311601,311612,11,0
311601,311601,311611,10,0
311601,311601,311612,11,0
311601,311601,311612,11,0
311601,311601,311612,11,0
311601,311601,311613,12,0
311601,311601,311614,13,0
311626,311626,311627,1,0
311626,311626,311627,1,0
311626,311626,311627,1,0
311626,311626,311627,1,0
311626,311626,311627,1,0
311626,311626,311628,2,0
311626,311626,311628,2,0
311626,311627,311629,2,1
311626,311627,311629,2,1
311626,311626,311630,4,0
311626,311626,311630,4,0
311626,311626,311630,4,0
311626,311628,311631,3,2
311626,311626,311630,4,0
311626,311626,311630,4,0
311626,311628,311630,2,2
311626,311628,311631,3,2
311626,311626,311631,5,0
311626,311626,311631,5,0
311626,311626,311631,5,0
311626,311626,311631,5,0
311626,311626,311632,6,0
311626,311631,311632,1,5
311626,311626,311632,6,0
311626,311626,311632,6,0
311626,311626,311632,6,0
311626,311626,311632,6,0
311626,311626,311632,6,0
311626,311626,311632,6,0
311626,311626,311632,6,0
311626,311631,311633,2,5
311626,311629,311632,3,3
311626,311631,311632,1,5
311626,311626,311633,7,0
311626,311629,311632,3,3
311626,311630,311632,2,4
311626,311631,311632,1,5
311626,311631,311632,1,5
311626,311631,311632,1,5
311626,311630,311632,2,4
311626,311626,311633,7,0
311626,311626,311634,8,0
311626,311631,311633,2,5
311626,311633,311634,1,7
311626,311631,311633,2,5
311626,311632,311634,2,6
311626,311632,311633,1,6
311626,311632,311634,2,6
311626,311632,311633,1,6
311626,311633,311634,1,7
311626,311632,311633,1,6
311626,311633,311634,1,7
311626,311626,311634,8,0
311626,311626,311635,9,0
311626,311626,311634,8,0
311626,311626,311634,8,0
311626,311626,311635,9,0
311626,311626,311634,8,0
311626,311632,311634,2,6
311626,311633,311634,1,7
311626,311633,311634,1,7
311626,311626,311636,10,0
311626,311626,311636,10,0
311626,311633,311635,2,7
311626,311633,311635,2,7
311626,311633,311635,2,7
311626,311632,311636,4,6
311626,311633,311635,2,7
311626,311626,311635,9,0
311626,311626,311636,10,0
311626,311632,311636,4,6
311626,311626,311636,10,0
311626,311626,311636,10,0
311626,311633,311636,3,7
311626,311626,311637,11,0
311626,311626,311637,11,0
311626,311626,311637,11,0
311626,311626,311637,11,0
311626,311626,311640,14,0
311650,311650,311651,1,0
311650,311650,311651,1,0
311650,311650,311651,1,0
311650,311650,311651,1,0
311650,311650,311652,2,0
311650,311650,311651,1,0
311650,311650,311651,1,0
311650,311650,311654,4,0
311650,311650,311654,4,0
311650,311650,311654,4,0
311650,311650,311654,4,0
311650,311650,311655,5,0
311650,311650,311654,4,0
311650,311650,311655,5,0
311650,311652,311654,2,2
311650,311650,311655,5,0
311650,311650,311654,4,0
311650,311652,311655,3,2
311650,311650,311655,5,0
311650,311652,311654,2,2
311650,311652,311655,3,2
311650,311650,311655,5,0
311650,311652,311655,3,2
311650,311652,311655,3,2
311650,311650,311656,6,0
311650,311650,311656,6,0
311650,311652,311656,4,2
311650,311650,311655,5,0
311650,311650,311656,6,0
311650,311654,311656,2,4
311650,311654,311656,2,4
311650,311650,311657,7,0
311650,311650,311657,7,0
311650,311650,311656,6,0
311650,311650,311657,7,0
311650,311650,311656,6,0
311650,311655,311657,2,5
311650,311650,311657,7,0
311650,311654,311657,3,4
311650,311655,311657,2,5
311650,311655,311657,2,5
311650,311655,311656,1,5
311650,311655,311657,2,5
311650,311655,311657,2,5
311650,311655,311657,2,5
311650,311655,311657,2,5
311650,311655,311657,2,5
311650,311655,311657,2,5
311650,311656,311657,1,6
311650,311655,311658,3,5
311650,311656,311657,1,6
311650,311650,311658,8,0
311650,311656,311658,2,6
311650,311656,311658,2,6
311650,311656,311658,2,6
311650,311655,311659,4,5
311650,311650,311659,9,0
311650,311657,311659,2,7
311650,311657,311659,2,7
311650,311655,311659,4,5
311650,311650,311659,9,0
311650,311657,311659,2,7
311650,311657,311659,2,7
311650,311650,311659,9,0
311650,311650,311659,9,0
311650,311650,311660,10,0
311650,311650,311660,10,0
311650,311650,311660,10,0
311650,311656,311660,4,6
311650,311650,311660,10,0
311650,311650,311660,10,0
311650,311656,311660,4,6
311650,311650,311660,10,0
311650,311650,311661,11,0
311650,311650,311662,12,0
311650,311650,311661,11,0
311650,311650,311663,13,0
311650,311650,311664,14,0
311650,311654,311666,12,4
311677,311677,311678,1,0
311677,311677,311678,1,0
311677,311677,311679,2,0
311677,311677,311678,1,0
311677,311677,311679,2,0
311677,311677,311678,1,0
311677,311677,311678,1,0
311677,311677,311680,3,0
311677,311678,311681,3,1
311677,311677,311681,4,0
311677,311677,311682,5,0
311677,311679,311682,3,2
311677,311679,311682,3,2
311677,311679,311682,3,2
311677,311679,311682,3,2
311677,311679,311682,3,2
311677,311677,311683,6,0
311677,311679,311682,3,2
311677,311680,311683,3,3
311677,311677,311683,6,0
311677,311677,311683,6,0
311677,311677,311684,7,0
311677,311677,311684,7,0
311677,311682,311684,2,5
311677,311682,311684,2,5
311677,311677,311684,7,0
311677,311681,311684,3,4
311677,311683,311684,1,6
311677,311677,311684,7,0
311677,311682,311684,2,5
311677,311682,311684,2,5
311677,311682,311684,2,5
311677,311682,311684,2,5
311677,311677,311684,7,0
311677,311677,311685,8,0
311677,311677,311685,8,0
311677,311677,311685,8,0
311677,311677,311685,8,0
311677,311677,311685,8,0
311677,311682,311685,3,5
311677,311683,311685,2,6
311677,311677,311685,8,0
311677,311677,311685,8,0
311677,311685,311686,1,8
311677,311685,311686,1,8
311677,311685,311686,1,8
311677,311685,311686,1,8
311677,311677,311686,9,0
311677,311677,311686,9,0
311677,311683,311686,3,6
311677,311677,311686,9,0
311677,311684,311686,2,7
311677,311677,311686,9,0
311677,311685,311686,1,8
311677,311685,311686,1,8
311677,311685,311686,1,8
311677,311677,311686,9,0
311677,311685,311686,1,8
311677,311685,311686,1,8
311677,311685,311686,1,8
311677,311685,311686,1,8
311677,311677,311687,10,0
311677,311677,311687,10,0
311677,311677,311687,10,0
311677,311677,311687,10,0
311677,311677,311687,10,0
311677,311677,311686,9,0
311677,311677,311687,10,0
311677,311677,311688,11,0
311677,311677,311688,11,0
311677,311677,311689,12,0
311677,311677,311693,16,0
311677,311677,311693,16,0
311677,311677,311694,17,0
311677,311677,311697,20,0
311708,311708,311709,1,0
311708,311708,311709,1,0
311708,311708,311709,1,0
311708,311708,311709,1,0
311708,311708,311710,2,0
311708,311708,311709,1,0
311708,311708,311709,1,0
311708,311708,311712,4,0
311708,311710,311712,2,2
311708,311710,311713,3,2
311708,311709,311712,3,1
311708,311710,311713,3,2
311708,311708,311713,5,0
311708,311708,311713,5,0
311708,311708,311713,5,0
311708,311708,311714,6,0
311708,311710,311714,4,2
311708,311708,311714,6,0
311708,311710,311713,3,2
311708,311710,311713,3,2
311708,311708,311715,7,0
311708,311713,311715,2,5
311708,311708,311714,6,0
311708,311708,311714,6,0
311708,311713,311714,1,5
311708,311708,311714,6,0
311708,311713,311715,2,5
311708,311708,311715,7,0
311708,311713,311714,1,5
311708,311708,311714,6,0
311708,311713,311714,1,5
311708,311714,311715,1,6
311708,311708,311715,7,0
311708,311708,311716,8,0
311708,311708,311715,7,0
311708,311708,311716,8,0
311708,311708,311715,7,0
311708,311708,311715,7,0
311708,311708,311715,7,0
311708,311714,311715,1,6
311708,311715,311716,1,7
311708,311708,311715,7,0
311708,311714,311715,1,6
311708,311715,311716,1,7
311708,311708,311716,8,0
311708,311714,311715,1,6
311708,311715,311716,1,7
311708,311708,311716,8,0
311708,311708,311717,9,0
311708,311708,311716,8,0
311708,311708,311716,8,0
311708,311714,311716,2,6
311708,311714,311717,3,6
311708,311715,311716,1,7
311708,311715,311716,1,7
311708,311708,311717,9,0
311708,311715,311716,1,7
311708,311715,311716,1,7
311708,311715,311716,1,7
311708,311715,311716,1,7
311708,311708,311716,8,0
311708,311715,311716,1,7
311708,311715,311716,1,7
311708,311708,311718,10,0
311708,311708,311718,10,0
311708,311715,311717,2,7
311708,311708,311717,9,0
311708,311716,311718,2,8
311708,311714,311717,3,6
311708,311714,311717,3,6
311708,311708,311717,9,0
311708,311708,311718,10,0
311708,311708,311717,9,0
311708,311708,311718,10,0
311708,311716,311718,2,8
311708,311716,311718,2,8
311708,311708,311718,10,0
311708,311708,311719,11,0
311708,311708,311721,13,0
311732,311732,311733,1,0
311732,311732,311733,1,0
311732,311732,311733,1,0
311732,311732,311733,1,0
311732,311732,311734,2,0
311732,311732,311733,1,0
311732,311732,311734,2,0
311732,311732,311736,4,0
311732,311734,311736,2,2
311732,311734,311736,2,2
311732,311734,311736,2,2
311732,311734,311737,3,2
311732,311734,311737,3,2
311732,311734,311736,2,2
311732,311732,311738,6,0
311732,311734,311738,4,2
311732,311736,311738,2,4
311732,311732,311738,6,0
311732,311736,311738,2,4
311732,311732,311738,6,0
311732,311732,311738,6,0
311732,311736,311738,2,4
311732,311732,311738,6,0
311732,311732,311738,6,0
311732,311732,311739,7,0
311732,311732,311739,7,0
311732,311737,311739,2,5
311732,311737,311739,2,5
311732,311737,311739,2,5
311732,311737,311739,2,5
311732,311732,311739,7,0
311732,311738,311739,1,6
311732,311738,311739,1,6
311732,311732,311740,8,0
311732,311732,311739,7,0
311732,311732,311739,7,0
311732,311732,311740,8,0
311732,311732,311739,7,0
311732,311732,311740,8,0
311732,311738,311740,2,6
311732,311738,311740,2,6
311732,311732,311740,8,0
311732,311732,311739,7,0
311732,311739,311740,1,7
311732,311739,311740,1,7
311732,311739,311740,1,7
311732,311738,311740,2,6
311732,311738,311740,2,6
311732,311739,311740,1,7
311732,311738,311740,2,6
311732,311739,311740,1,7
311732,311732,311741,9,0
311732,311739,311741,2,7
311732,311732,311740,8,0
311732,311738,311741,3,6
311732,311732,311741,9,0
311732,311732,311740,8,0
311732,311732,311741,9,0
311732,311739,311741,2,7
311732,311739,311740,1,7
311732,311732,311741,9,0
311732,311739,311740,1,7
311732,311739,311741,2,7
311732,311732,311741,9,0
311732,311739,311741,2,7
311732,311732,311742,10,0
311732,311732,311742,10,0
311732,311732,311742,10,0
311732,311732,311742,10,0
311732,311740,311742,2,8
311732,311740,311742,2,8
311732,311732,311743,11,0
311732,311732,311743,11,0
311732,311732,311743,11,0
311732,311732,311744,12,0
311732,311732,311744,12,0
311732,311732,311745,13,0
311732,311732,311749,17,0
311732,311732,311754,22,0
311764,311765,311766,1,1
311764,311765,311766,1,1
311764,311765,311766,1,1
311764,311765,311766,1,1
311764,311765,311766,1,1
311764,311765,311766,1,1
311764,311765,311766,1,1
311764,311766,311768,2,2
311764,311767,311769,2,3
311764,311765,311769,4,1
311764,311767,311769,2,3
311764,311767,311769,2,3
311764,311767,311770,3,3
311764,311767,311769,2,3
311764,311765,311770,5,1
311764,311765,311771,6,1
311764,311767,311770,3,3
311764,311765,311770,5,1
311764,311770,311771,1,6
311764,311769,311770,1,5
311764,311765,311771,6,1
311764,311765,311771,6,1
311764,311765,311771,6,1
311764,311765,311771,6,1
311764,311765,311771,6,1
311764,311765,311771,6,1
311764,311765,311772,7,1
311764,311770,311771,1,6
311764,311765,311771,6,1
311764,311770,311771,1,6
311764,311765,311771,6,1
311764,311770,311771,1,6
311764,311771,311772,1,7
311764,311765,311771,6,1
311764,311765,311771,6,1
311764,311770,311771,1,6
311764,311771,311772,1,7
311764,311765,311771,6,1
311764,311769,311771,2,5
311764,311765,311772,7,1
311764,311765,311772,7,1
311764,311765,311772,7,1
311764,311765,311772,7,1
311764,311765,311773,8,1
311764,311771,311772,1,7
311764,311772,311773,1,8
311764,311771,311772,1,7
311764,311772,311773,1,8
311764,311772,311773,1,8
311764,311765,311773,8,1
311764,311765,311773,8,1
311764,311765,311774,9,1
311764,311765,311774,9,1
311764,311772,311774,2,8
311764,311772,311773,1,8
311764,311772,311773,1,8
311764,311772,311773,1,8
311764,311765,311774,9,1
311764,311772,311773,1,8
311764,311772,311773,1,8
311764,311772,311773,1,8
311764,311765,311774,9,1
311764,311765,311774,9,1
311764,311765,311774,9,1
311764,311765,311774,9,1
311764,311765,311774,9,1
311764,311771,311774,3,7
311764,311772,311774,2,8
311764,311772,311774,2,8
311764,311772,311774,2,8
311764,311771,311774,3,7
311764,311765,311774,9,1
311764,311772,311775,3,8
311764,311765,311775,10,1
311764,311772,311778,6,8
311764,311765,311778,13,1
311764,311765,311778,13,1
311764,311765,311779,14,1
311764,311765,311780,15,1
311791,311791,311792,1,0
311791,311791,311792,1,0
311791,311791,311793,2,0
311791,311791,311792,1,0
311791,311791,311792,1,0
311791,311791,311793,2,0
311791,311791,311792,1,0
311791,311792,311795,3,1
311791,311793,311795,2,2
311791,311793,311795,2,2
311791,311793,311796,3,2
311791,311793,311796,3,2
311791,311793,311796,3,2
311791,311791,311796,5,0
311791,311791,311797,6,0
311791,311791,311797,6,0
311791,311793,311796,3,2
311791,311795,311797,2,4
311791,311791,311797,6,0
311791,311795,311797,2,4
311791,311795,311797,2,4
311791,311791,311797,6,0
311791,311791,311798,7,0
311791,311791,311797,6,0
311791,311791,311798,7,0
311791,311791,311798,7,0
311791,311791,311798,7,0
311791,311796,311798,2,5
311791,311791,311798,7,0
311791,311791,311798,7,0
311791,311796,311798,2,5
311791,311796,311798,2,5
311791,311791,311798,7,0
311791,311791,311798,7,0
311791,311796,311798,2,5
311791,311791,311798,7,0
311791,311791,311799,8,0
311791,311791,311799,8,0
311791,311791,311798,7,0
311791,311791,311799,8,0
311791,311791,311799,8,0
311791,311797,311798,1,6
311791,311798,311799,1,7
311791,311797,311799,2,6
311791,311797,311798,1,6
311791,311797,311798,1,6
311791,311797,311798,1,6
311791,311798,311799,1,7
311791,311798,311799,1,7
311791,311797,311799,2,6
311791,311798,311799,1,7
311791,311798,311799,1,7
311791,311797,311798,1,6
311791,311798,311800,2,7
311791,311791,311800,9,0
311791,311797,311800,3,6
311791,311791,311800,9,0
311791,311798,311800,2,7
311791,311791,311801,10,0
311791,311791,311801,10,0
311791,311791,311801,10,0
311791,311798,311801,3,7
311791,311798,311801,3,7
311791,311791,311800,9,0
311791,311798,311801,3,7
311791,311798,311801,3,7
311791,311798,311801,3,7
311791,311791,311801,10,0
311791,311791,311802,11,0
311791,311791,311802,11,0
311791,311791,311804,13,0
311791,311791,311804,13,0
311791,311791,311805,14,0
311791,311791,311806,15,0
311791,311791,311807,16,0
311791,311791,311809,18,0
311791,311791,311813,22,0
311791,311791,311812,21,0
311824,311824,311825,1,0
311824,311824,311826,2,0
311824,311824,311826,2,0
311824,311824,311825,1,0
311824,311824,311826,2,0
311824,311824,311825,1,0
311824,311824,311825,1,0
311824,311824,311828,4,0
311824,311825,311828,3,1
311824,311826,311828,2,2
311824,311826,311828,2,2
311824,311826,311828,2,2
311824,311824,311829,5,0
311824,311826,311828,2,2
311824,311824,311829,5,0
311824,311826,311828,2,2
311824,311826,311829,3,2
311824,311824,311829,5,0
311824,311824,311830,6,0
311824,311824,311829,5,0
311824,311824,311829,5,0
311824,311824,311830,6,0
311824,311824,311830,6,0
311824,311824,311830,6,0
311824,311828,311830,2,4
311824,311824,311830,6,0
311824,311828,311830,2,4
311824,311824,311831,7,0
311824,311828,311831,3,4
311824,311830,311831,1,6
311824,311824,311831,7,0
311824,311830,311831,1,6
311824,311824,311831,7,0
311824,311824,311831,7,0
311824,311829,311831,2,5
311824,311830,311831,1,6
311824,311824,311830,6,0
311824,311824,311830,6,0
311824,311828,311830,2,4
311824,311829,311831,2,5
311824,311824,311831,7,0
311824,311829,311831,2,5
311824,311824,311831,7,0
311824,311824,311831,7,0
311824,311830,311832,2,6
311824,311829,311832,3,5
311824,311824,311831,7,0
311824,311830,311832,2,6
311824,311824,311831,7,0
311824,311830,311832,2,6
311824,311828,311832,4,4
311824,311824,311831,7,0
311824,311830,311831,1,6
311824,311831,311832,1,7
311824,311831,311832,1,7
311824,311829,311832,3,5
311824,311831,311832,1,7
311824,311831,311832,1,7
311824,311831,311832,1,7
311824,311831,311832,1,7
311824,311830,311831,1,6
311824,311830,311831,1,6
311824,311831,311833,2,7
311824,311824,311833,9,0
311824,311830,311832,2,6
311824,311824,311833,9,0
311824,311831,311833,2,7
311824,311824,311835,11,0
311824,311824,311835,11,0
311824,311824,311835,11,0
311824,311824,311835,11,0
311824,311824,311835,11,0
311824,311824,311835,11,0
311824,311824,311835,11,0
311824,311824,311835,11,0
311824,311824,311835,11,0
311824,311824,311837,13,0
311824,311824,311838,14,0
311824,311824,311840,16,0
311850,311850,311851,1,0
311850,311850,311852,2,0
311850,311850,311852,2,0
311850,311850,311852,2,0
311850,311850,311851,1,0
311850,311850,311851,1,0
311850,311850,311852,2,0
311850,311850,311854,4,0
311850,311852,311854,2,2
311850,311852,311854,2,2
311850,311852,311854,2,2
311850,311852,311854,2,2
311850,311852,311854,2,2
311850,311850,311855,5,0
311850,311852,311855,3,2
311850,311852,311855,3,2
311850,311850,311856,6,0
311850,311850,311856,6,0
311850,311850,311856,6,0
311850,311855,311856,1,5
311850,311855,311856,1,5
311850,311855,311856,1,5
311850,311855,311856,1,5
311850,311850,311857,7,0
311850,311850,311857,7,0
311850,311856,311857,1,6
311850,311850,311857,7,0
311850,311857,311858,1,7
311850,311850,311857,7,0
311850,311850,311857,7,0
311850,311850,311857,7,0
311850,311850,311857,7,0
311850,311855,311857,2,5
311850,311850,311857,7,0
311850,311857,311858,1,7
311850,311850,311858,8,0
311850,311850,311858,8,0
311850,311856,311858,2,6
311850,311850,311857,7,0
311850,311855,311858,3,5
311850,311850,311858,8,0
311850,311854,311858,4,4
311850,311850,311858,8,0
311850,311857,311858,1,7
311850,311858,311859,1,8
311850,311858,311859,1,8
311850,311850,311858,8,0
311850,311858,311859,1,8
311850,311858,311859,1,8
311850,311858,311859,1,8
311850,311850,311858,8,0
311850,311857,311858,1,7
311850,311850,311859,9,0
311850,311850,311859,9,0
311850,311850,311859,9,0
311850,311858,311859,1,8
311850,311858,311859,1,8
311850,311858,311859,1,8
311850,311858,311859,1,8
311850,311858,311859,1,8
311850,311850,311860,10,0
311850,311850,311860,10,0
311850,311850,311860,10,0
311850,311856,311860,4,6
311850,311858,311860,2,8
311850,311850,311860,10,0
311850,311850,311861,11,0
311850,311850,311861,11,0
311850,311850,311861,11,0
311850,311850,311862,12,0
311850,311850,311862,12,0
311850,311850,311862,12,0
311850,311850,311862,12,0
311850,311850,311862,12,0
311850,311850,311863,13,0
311850,311850,311863,13,0
311876,311876,311877,1,0
311876,311876,311877,1,0
311876,311876,311877,1,0
311876,311876,311877,1,0
311876,311876,311877,1,0
311876,311876,311877,1,0
311876,311877,311878,1,1
311876,311878,311879,1,2
311876,311878,311879,1,2
311876,311878,311880,2,2
311876,311878,311879,1,2
311876,311879,311880,1,3
311876,311876,311879,3,0
311876,311877,311879,2,1
311876,311876,311880,4,0
311876,311876,311880,4,0
311876,311880,311881,1,4
311876,311880,311881,1,4
311876,311876,311881,5,0
311876,311876,311881,5,0
311876,311876,311881,5,0
311876,311876,311881,5,0
311876,311876,311881,5,0
311876,311881,311882,1,5
311876,311880,311881,1,4
311876,311876,311882,6,0
311876,311880,311881,1,4
311876,311880,311881,1,4
311876,311876,311881,5,0
311876,311880,311881,1,4
311876,311880,311881,1,4
311876,311881,311882,1,5
311876,311876,311882,6,0
311876,311876,311882,6,0
311876,311876,311882,6,0
311876,311881,311883,2,5
311876,311876,311882,6,0
311876,311876,311883,7,0
311876,311882,311883,1,6
311876,311882,311883,1,6
311876,311876,311882,6,0
311876,311876,311883,7,0
311876,311876,311882,6,0
311876,311882,311883,1,6
311876,311876,311883,7,0
311876,311876,311883,7,0
311876,311876,311883,7,0
311876,311882,311883,1,6
311876,311882,311883,1,6
311876,311882,311883,1,6
311876,311876,311883,7,0
311876,311876,311883,7,0
311876,311876,311883,7,0
311876,311882,311884,2,6
311876,311882,311884,2,6
311876,311881,311883,2,5
311876,311876,311883,7,0
311876,311882,311883,1,6
311876,311882,311883,1,6
311876,311882,311883,1,6
311876,311882,311883,1,6
311876,311876,311884,8,0
311876,311883,311885,2,7
311876,311882,311884,2,6
311876,311882,311884,2,6
311876,311883,311884,1,7
311876,311876,311884,8,0
311876,311876,311885,9,0
311876,311883,311885,2,7
311876,311876,311885,9,0
311876,311876,311885,9,0
311876,311876,311886,10,0
311876,311876,311886,10,0
311876,311876,311887,11,0
311876,311876,311888,12,0
311876,311876,311888,12,0
311876,311876,311889,13,0
311876,311876,311892,16,0
311876,311876,311898,22,0
311908,311908,311909,1,0
311908,311908,311909,1,0
311908,311908,311909,1,0
311908,311908,311909,1,0
311908,311908,311910,2,0
311908,311908,311909,1,0
311908,311908,311911,3,0
311908,311910,311912,2,2
311908,311910,311912,2,2
311908,311910,311912,2,2
311908,311910,311911,1,2
311908,311910,311912,2,2
311908,311911,311912,1,3
311908,311910,311911,1,2
311908,311908,311913,5,0
311908,311908,311912,4,0
311908,311912,311913,1,4
311908,311912,311913,1,4
311908,311908,311913,5,0
311908,311908,311913,5,0
311908,311908,311914,6,0
311908,311908,311914,6,0
311908,311908,311914,6,0
311908,311908,311914,6,0
311908,311908,311913,5,0
311908,311908,311914,6,0
311908,311912,311913,1,4
311908,311912,311913,1,4
311908,311912,311913,1,4
311908,311908,311914,6,0
311908,311912,311914,2,4
311908,311913,311914,1,5
311908,311912,311913,1,4
311908,311908,311914,6,0
311908,311908,311915,7,0
311908,311908,311915,7,0
311908,311908,311915,7,0
311908,311913,311914,1,5
311908,311908,311914,6,0
311908,311913,311915,2,5
311908,311908,311914,6,0
311908,311908,311915,7,0
311908,311913,311915,2,5
311908,311908,311915,7,0
311908,311914,311915,1,6
311908,311908,311914,6,0
311908,311914,311915,1,6
311908,311914,311915,1,6
311908,311908,311915,7,0
311908,311908,311915,7,0
311908,311913,311915,2,5
311908,311914,311915,1,6
311908,311914,311915,1,6
311908,311914,311915,1,6
311908,311908,311916,8,0
311908,311908,311916,8,0
311908,311914,311916,2,6
311908,311914,311916,2,6
311908,311914,311915,1,6
311908,311914,311916,2,6
311908,311908,311916,8,0
311908,311914,311916,2,6
311908,311914,311916,2,6
311908,311914,311916,2,6
311908,311914,311916,2,6
311908,311908,311917,9,0
311908,311908,311917,9,0
311908,311908,311918,10,0
311908,311915,311917,2,7
311908,311908,311918,10,0
311908,311915,311918,3,7
311908,311908,311919,11,0
311908,311908,311919,11,0
311908,311908,311920,12,0
311908,311908,311920,12,0
311908,311908,311920,12,0
311908,311908,311922,14,0
311908,311908,311922,14,0
311908,311908,311924,16,0
311934,311934,311935,1,0
311934,311934,311935,1,0
311934,311934,311935,1,0
311934,311934,311936,2,0
311934,311934,311936,2,0
311934,311934,311937,3,0
311934,311934,311937,3,0
311934,311936,311937,1,2
311934,311936,311937,1,2
311934,311937,311938,1,3
311934,311937,311938,1,3
311934,311937,311938,1,3
311934,311934,311939,5,0
311934,311935,311939,4,1
311934,311938,311939,1,4
311934,311938,311939,1,4
311934,311938,311939,1,4
311934,311938,311939,1,4
311934,311935,311940,5,1
311934,311935,311940,5,1
311934,311934,311940,6,0
311934,311939,311940,1,5
311934,311934,311940,6,0
311934,311934,311940,6,0
311934,311934,311940,6,0
311934,311939,311940,1,5
311934,311934,311941,7,0
311934,311935,311941,6,1
311934,311934,311941,7,0
311934,311935,311941,6,1
311934,311935,311941,6,1
311934,311934,311941,7,0
311934,311941,311942,1,7
311934,311940,311941,1,6
311934,311941,311942,1,7
311934,311941,311942,1,7
311934,311934,311941,7,0
311934,311940,311941,1,6
311934,311941,311942,1,7
311934,311934,311941,7,0
311934,311940,311941,1,6
311934,311940,311941,1,6
311934,311940,311941,1,6
311934,311941,311942,1,7
311934,311941,311943,2,7
311934,311940,311942,2,6
311934,311940,311942,2,6
311934,311941,311942,1,7
311934,311934,311942,8,0
311934,311934,311943,9,0
311934,311941,311942,1,7
311934,311942,311943,1,8
311934,311934,311943,9,0
311934,311934,311942,8,0
311934,311935,311943,8,1
311934,311934,311943,9,0
311934,311934,311943,9,0
311934,311934,311943,9,0
311934,311942,311944,2,8
311934,311942,311944,2,8
311934,311942,311944,2,8
311934,311942,311944,2,8
311934,311942,311944,2,8
311934,311934,311944,10,0
311934,311942,311944,2,8
311934,311935,311945,10,1
311934,311935,311945,10,1
311934,311934,311945,11,0
311934,311935,311946,11,1
311934,311934,311946,12,0
311934,311934,311946,12,0
311934,311934,311947,13,0
311934,311935,311948,13,1
311934,311934,311948,14,0
311934,311934,311950,16,0
311934,311934,311954,20,0
311934,311934,311958,24,0
311969,311969,311970,1,0
311969,311969,311971,2,0
311969,311969,311971,2,0
311969,311969,311971,2,0
311969,311969,311970,1,0
311969,311969,311971,2,0
311969,311969,311972,3,0
311969,311971,311973,2,2
311969,311969,311973,4,0
311969,311971,311973,2,2
311969,311971,311973,2,2
311969,311971,311973,2,2
311969,311971,311973,2,2
311969,311971,311973,2,2
311969,311969,311974,5,0
311969,311969,311974,5,0
311969,311973,311974,1,4
311969,311973,311974,1,4
311969,311972,311973,1,3
311969,311973,311974,1,4
311969,311969,311975,6,0
311969,311969,311975,6,0
311969,311969,311975,6,0
311969,311973,311975,2,4
311969,311969,311975,6,0
311969,311973,311975,2,4
311969,311969,311975,6,0
311969,311969,311975,6,0
311969,311969,311975,6,0
311969,311973,311975,2,4
311969,311969,311975,6,0
311969,311974,311976,2,5
311969,311969,311976,7,0
311969,311969,311975,6,0
311969,311973,311975,2,4
311969,311969,311976,7,0
311969,311969,311976,7,0
311969,311975,311976,1,6
311969,311969,311976,7,0
311969,311974,311976,2,5
311969,311975,311976,1,6
311969,311975,311976,1,6
311969,311975,311976,1,6
311969,311976,311977,1,7
311969,311974,311977,3,5
311969,311975,311977,2,6
311969,311975,311977,2,6
311969,311975,311976,1,6
311969,311975,311977,2,6
311969,311969,311977,8,0
311969,311969,311977,8,0
311969,311976,311977,1,7
311969,311976,311977,1,7
311969,311977,311978,1,8
311969,311977,311978,1,8
311969,311977,311978,1,8
311969,311969,311978,9,0
311969,311969,311978,9,0
311969,311969,311979,10,0
311969,311975,311979,4,6
311969,311976,311979,3,7
311969,311969,311979,10,0
311969,311969,311979,10,0
311969,311969,311980,11,0
311969,311969,311980,11,0
311969,311969,311981,12,0
311969,311969,311982,13,0
311969,311969,311982,13,0
311969,311969,311982,13,0
311969,311969,311982,13,0
311969,311969,311984,15,0
311969,311969,311984,15,0
311969,311969,311984,15,0
311969,311969,311987,18,0
311969,311969,311987,18,0
311969,311969,311993,24,0
311969,311969,311994,25,0
312005,312005,312006,1,0
312005,312005,312006,1,0
312005,312005,312006,1,0
312005,312005,312006,1,0
312005,312005,312006,1,0
312005,312005,312006,1,0
312005,312005,312007,2,0
312005,312007,312008,1,2
312005,312007,312008,1,2
312005,312007,312008,1,2
312005,312007,312008,1,2
312005,312007,312008,1,2
312005,312007,312008,1,2
312005,312008,312009,1,3
312005,312005,312010,5,0
312005,312005,312009,4,0
312005,312005,312009,4,0
312005,312005,312009,4,0
312005,312005,312009,4,0
312005,312005,312010,5,0
312005,312009,312010,1,4
312005,312005,312009,4,0
312005,312009,312010,1,4
312005,312005,312010,5,0
312005,312005,312011,6,0
312005,312009,312010,1,4
312005,312005,312011,6,0
312005,312009,312010,1,4
312005,312005,312011,6,0
312005,312009,312011,2,4
312005,312009,312011,2,4
312005,312005,312010,5,0
312005,312010,312011,1,5
312005,312010,312011,1,5
312005,312005,312010,5,0
312005,312009,312010,1,4
312005,312005,312011,6,0
312005,312005,312011,6,0
312005,312005,312011,6,0
312005,312011,312012,1,6
312005,312011,312012,1,6
312005,312010,312011,1,5
312005,312011,312012,1,6
312005,312005,312012,7,0
312005,312011,312012,1,6
312005,312011,312012,1,6
312005,312010,312011,1,5
312005,312010,312011,1,5
312005,312011,312012,1,6
312005,312011,312012,1,6
312005,312011,312012,1,6
312005,312005,312012,7,0
312005,312010,312013,3,5
312005,312010,312013,3,5
312005,312010,312012,2,5
312005,312011,312013,2,6
312005,312005,312012,7,0
312005,312011,312012,1,6
312005,312011,312012,1,6
312005,312005,312012,7,0
312005,312011,312012,1,6
312005,312005,312013,8,0
312005,312005,312013,8,0
312005,312005,312014,9,0
312005,312005,312014,9,0
312005,312005,312014,9,0
312005,312005,312015,10,0
312005,312005,312016,11,0
312005,312005,312016,11,0
312005,312005,312017,12,0
312005,312005,312017,12,0
312005,312005,312017,12,0
312005,312005,312019,14,0
312005,312010,312018,8,5
312005,312005,312020,15,0
312005,312005,312020,15,0
312005,312005,312020,15,0
312005,312005,312022,17,0
312005,312005,312024,19,0
312035,312035,312036,1,0
312035,312035,312036,1,0
312035,312035,312036,1,0
312035,312035,312036,1,0
312035,312035,312036,1,0
312035,312035,312036,1,0
312035,312035,312036,1,0
312035,312036,312037,1,1
312035,312035,312038,3,0
312035,312035,312038,3,0
312035,312035,312038,3,0
312035,312037,312038,1,2
312035,312037,312038,1,2
312035,312037,312038,1,2
312035,312037,312038,1,2
312035,312035,312038,3,0
312035,312037,312038,1,2
312035,312035,312039,4,0
312035,312037,312039,2,2
312035,312035,312040,5,0
312035,312039,312040,1,4
312035,312039,312040,1,4
312035,312035,312040,5,0
312035,312039,312040,1,4
312035,312035,312039,4,0
312035,312038,312039,1,3
312035,312039,312040,1,4
312035,312035,312040,5,0
312035,312035,312041,6,0
312035,312039,312040,1,4
312035,312039,312041,2,4
312035,312035,312041,6,0
312035,312035,312041,6,0
312035,312039,312040,1,4
312035,312040,312041,1,5
312035,312035,312040,5,0
312035,312039,312040,1,4
312035,312040,312041,1,5
312035,312040,312041,1,5
312035,312035,312040,5,0
312035,312040,312041,1,5
312035,312040,312041,1,5
312035,312039,312040,1,4
312035,312035,312042,7,0
312035,312035,312041,6,0
312035,312035,312041,6,0
312035,312040,312041,1,5
312035,312041,312042,1,6
312035,312040,312041,1,5
312035,312035,312041,6,0
312035,312035,312042,7,0
312035,312041,312042,1,6
312035,312035,312041,6,0
312035,312040,312041,1,5
312035,312040,312042,2,5
312035,312035,312042,7,0
312035,312040,312042,2,5
312035,312035,312042,7,0
312035,312035,312042,7,0
312035,312035,312042,7,0
312035,312041,312043,2,6
312035,312035,312042,7,0
312035,312035,312042,7,0
312035,312041,312043,2,6
312035,312041,312042,1,6
312035,312041,312042,1,6
312035,312035,312043,8,0
312035,312041,312043,2,6
312035,312035,312045,10,0
312035,312035,312046,11,0
312035,312035,312045,10,0
312035,312035,312046,11,0
312035,312041,312046,5,6
312035,312035,312046,11,0
312035,312035,312047,12,0
312035,312035,312047,12,0
312035,312035,312048,13,0
312035,312035,312048,13,0
312035,312035,312053,18,0
312064,312064,312065,1,0
312064,312064,312065,1,0
312064,312064,312065,1,0
312064,312064,312065,1,0
312064,312064,312065,1,0
312064,312064,312065,1,0
312064,312064,312065,1,0
312064,312064,312066,2,0
312064,312064,312066,2,0
312064,312065,312067,2,1
312064,312066,312067,1,2
312064,312065,312066,1,1
312064,312066,312067,1,2
312064,312064,312068,4,0
312064,312066,312067,1,2
312064,312065,312067,2,1
312064,312065,312067,2,1
312064,312067,312068,1,3
312064,312066,312067,1,2
312064,312067,312068,1,3
312064,312067,312068,1,3
312064,312064,312069,5,0
312064,312064,312068,4,0
312064,312064,312068,4,0
312064,312064,312068,4,0
312064,312067,312068,1,3
312064,312064,312068,4,0
312064,312064,312068,4,0
312064,312067,312068,1,3
312064,312064,312069,5,0
312064,312068,312069,1,4
312064,312068,312069,1,4
312064,312064,312069,5,0
312064,312064,312070,6,0
312064,312068,312069,1,4
312064,312068,312069,1,4
312064,312064,312070,6,0
312064,312068,312069,1,4
312064,312068,312069,1,4
312064,312068,312069,1,4
312064,312069,312070,1,5
312064,312064,312069,5,0
312064,312068,312069,1,4
312064,312069,312070,1,5
312064,312064,312069,5,0
312064,312069,312070,1,5
312064,312064,312071,7,0
312064,312070,312071,1,6
312064,312064,312070,6,0
312064,312069,312071,2,5
312064,312069,312070,1,5
312064,312069,312070,1,5
312064,312069,312070,1,5
312064,312069,312070,1,5
312064,312064,312071,7,0
312064,312064,312072,8,0
312064,312069,312071,2,5
312064,312069,312071,2,5
312064,312064,312072,8,0
312064,312064,312072,8,0
312064,312070,312073,3,6
312064,312064,312072,8,0
312064,312069,312072,3,5
312064,312064,312072,8,0
312064,312070,312072,2,6
312064,312064,312073,9,0
312064,312064,312075,11,0
312064,312064,312076,12,0
312064,312064,312076,12,0
312064,312064,312076,12,0
312064,312064,312078,14,0
312064,312064,312078,14,0
312064,312064,312080,16,0
312064,312064,312079,15,0
312064,312064,312081,17,0
312064,312064,312084,20,0
312064,312064,312086,22,0
312064,312064,312086,22,0
312064,312064,312089,25,0
312100,312100,312101,1,0
312100,312100,312101,1,0
312100,312100,312101,1,0
312100,312100,312101,1,0
312100,312100,312101,1,0
312100,312100,312101,1,0
312100,312100,312101,1,0
312100,312101,312103,2,1
312100,312100,312103,3,0
312100,312100,312104,4,0
312100,312102,312104,2,2
312100,312101,312103,2,1
312100,312101,312103,2,1
312100,312102,312103,1,2
312100,312101,312103,2,1
312100,312102,312103,1,2
312100,312100,312105,5,0
312100,312100,312105,5,0
312100,312100,312105,5,0
312100,312100,312104,4,0
312100,312100,312105,5,0
312100,312100,312105,5,0
312100,312104,312105,1,4
312100,312100,312105,5,0
312100,312100,312105,5,0
312100,312103,312104,1,3
312100,312100,312104,4,0
312100,312104,312105,1,4
312100,312100,312104,4,0
312100,312100,312104,4,0
312100,312104,312105,1,4
312100,312100,312105,5,0
312100,312100,312106,6,0
312100,312100,312105,5,0
312100,312104,312106,2,4
312100,312100,312106,6,0
312100,312100,312105,5,0
312100,312100,312106,6,0
312100,312100,312106,6,0
312100,312104,312105,1,4
312100,312104,312105,1,4
312100,312105,312106,1,5
312100,312100,312106,6,0
312100,312100,312105,5,0
312100,312104,312105,1,4
312100,312105,312106,1,5
312100,312100,312106,6,0
312100,312100,312107,7,0
312100,312104,312106,2,4
312100,312105,312107,2,5
312100,312105,312106,1,5
312100,312105,312106,1,5
312100,312105,312106,1,5
312100,312105,312106,1,5
312100,312105,312106,1,5
312100,312105,312106,1,5
312100,312105,312106,1,5
312100,312105,312106,1,5
312100,312100,312108,8,0
312100,312100,312107,7,0
312100,312106,312108,2,6
312100,312100,312107,7,0
312100,312105,312108,3,5
312100,312105,312108,3,5
312100,312100,312107,7,0
312100,312106,312108,2,6
312100,312105,312108,3,5
312100,312106,312109,3,6
312100,312100,312109,9,0
312100,312100,312109,9,0
312100,312105,312108,3,5
312100,312106,312109,3,6
312100,312100,312110,10,0
312100,312100,312110,10,0
312100,312100,312110,10,0
312100,312100,312111,11,0
312100,312100,312111,11,0
312100,312100,312114,14,0
312100,312100,312116,16,0
312127,312127,312128,1,0
312127,312127,312128,1,0
312127,312127,312128,1,0
312127,312127,312128,1,0
312127,312127,312128,1,0
312127,312127,312128,1,0
312127,312127,312128,1,0
312127,312127,312130,3,0
312127,312127,312129,2,0
312127,312127,312130,3,0
312127,312127,312130,3,0
312127,312127,312130,3,0
312127,312127,312131,4,0
312127,312127,312131,4,0
312127,312127,312131,4,0
312127,312127,312130,3,0
312127,312129,312131,2,2
312127,312129,312130,1,2
312127,312130,312131,1,3
312127,312129,312131,2,2
312127,312131,312132,1,4
312127,312131,312132,1,4
312127,312127,312132,5,0
312127,312127,312132,5,0
312127,312127,312132,5,0
312127,312127,312132,5,0
312127,312131,312132,1,4
312127,312129,312132,3,2
312127,312129,312131,2,2
312127,312130,312131,1,3
312127,312127,312132,5,0
312127,312129,312131,2,2
312127,312129,312131,2,2
312127,312127,312133,6,0
312127,312127,312133,6,0
312127,312127,312132,5,0
312127,312127,312133,6,0
312127,312131,312133,2,4
312127,312131,312133,2,4
312127,312132,312133,1,5
312127,312127,312133,6,0
312127,312131,312132,1,4
312127,312132,312133,1,5
312127,312127,312133,6,0
312127,312127,312133,6,0
312127,312132,312133,1,5
312127,312131,312132,1,4
312127,312132,312133,1,5
312127,312132,312133,1,5
312127,312127,312133,6,0
312127,312127,312134,7,0
312127,312131,312134,3,4
312127,312132,312134,2,5
312127,312132,312133,1,5
312127,312132,312133,1,5
312127,312132,312133,1,5
312127,312132,312133,1,5
312127,312132,312133,1,5
312127,312132,312133,1,5
312127,312132,312133,1,5
312127,312132,312133,1,5
312127,312131,312134,3,4
312127,312127,312134,7,0
312127,312127,312134,7,0
312127,312127,312135,8,0
312127,312133,312135,2,6
312127,312127,312136,9,0
312127,312127,312136,9,0
312127,312133,312136,3,6
312127,312127,312137,10,0
312127,312127,312137,10,0
312127,312127,312138,11,0
312127,312127,312139,12,0
312127,312127,312140,13,0
312127,312127,312140,13,0
312127,312127,312141,14,0
312127,312127,312147,20,0
312127,312127,312146,19,0
312127,312131,312147,16,4
312158,312158,312159,1,0
312158,312158,312159,1,0
312158,312158,312159,1,0
312158,312158,312159,1,0
312158,312158,312159,1,0
312158,312158,312160,2,0
312158,312158,312159,1,0
312158,312158,312159,1,0
312158,312158,312160,2,0
312158,312158,312161,3,0
312158,312158,312161,3,0
312158,312160,312161,1,2
312158,312158,312162,4,0
312158,312160,312162,2,2
312158,312161,312162,1,3
312158,312160,312162,2,2
312158,312158,312162,4,0
312158,312161,312162,1,3
312158,312158,312163,5,0
312158,312158,312163,5,0
312158,312158,312162,4,0
312158,312160,312162,2,2
312158,312160,312162,2,2
312158,312161,312162,1,3
312158,312162,312163,1,4
312158,312158,312163,5,0
312158,312158,312163,5,0
312158,312160,312162,2,2
312158,312161,312162,1,3
312158,312160,312162,2,2
312158,312160,312163,3,2
312158,312158,312163,5,0
312158,312158,312163,5,0
312158,312162,312163,1,4
312158,312158,312163,5,0
312158,312162,312163,1,4
312158,312162,312164,2,4
312158,312163,312164,1,5
312158,312162,312164,2,4
312158,312163,312164,1,5
312158,312162,312163,1,4
312158,312163,312164,1,5
312158,312158,312165,7,0
312158,312158,312164,6,0
312158,312158,312165,7,0
312158,312158,312164,6,0
312158,312158,312165,7,0
312158,312163,312165,2,5
312158,312163,312165,2,5
312158,312163,312164,1,5
312158,312163,312165,2,5
312158,312164,312165,1,6
312158,312158,312165,7,0
312158,312163,312164,1,5
312158,312163,312165,2,5
312158,312158,312165,7,0
312158,312163,312165,2,5
312158,312163,312164,1,5
312158,312163,312164,1,5
312158,312163,312164,1,5
312158,312164,312165,1,6
312158,312164,312166,2,6
312158,312164,312166,2,6
312158,312158,312169,11,0
312158,312158,312169,11,0
312158,312158,312168,10,0
312158,312158,312168,10,0
312158,312158,312170,12,0
312158,312158,312170,12,0
312158,312158,312171,13,0
312158,312158,312170,12,0
312158,312158,312171,13,0
312158,312158,312170,12,0
312158,312158,312170,12,0
312158,312158,312171,13,0
312158,312158,312175,17,0
312158,312158,312177,19,0
312158,312158,312177,19,0
312158,312158,312181,23,0
312192,312192,312193,1,0
312192,312192,312193,1,0
312192,312192,312193,1,0
312192,312192,312193,1,0
312192,312192,312193,1,0
312192,312192,312193,1,0
312192,312192,312193,1,0
312192,312192,312195,3,0
312192,312193,312194,1,1
312192,312192,312195,3,0
312192,312192,312195,3,0
312192,312194,312195,1,2
312192,312194,312195,1,2
312192,312194,312196,2,2
312192,312195,312196,1,3
312192,312192,312195,3,0
312192,312194,312195,1,2
312192,312195,312196,1,3
312192,312192,312197,5,0
312192,312196,312197,1,4
312192,312192,312196,4,0
312192,312192,312197,5,0
312192,312196,312197,1,4
312192,312192,312197,5,0
312192,312196,312197,1,4
312192,312196,312197,1,4
312192,312194,312196,2,2
312192,312195,312196,1,3
312192,312192,312197,5,0
312192,312194,312196,2,2
312192,312192,312197,5,0
312192,312192,312198,6,0
312192,312192,312197,5,0
312192,312192,312198,6,0
312192,312192,312197,5,0
312192,312192,312198,6,0
312192,312192,312198,6,0
312192,312192,312197,5,0
312192,312197,312198,1,5
312192,312192,312197,5,0
312192,312196,312197,1,4
312192,312192,312198,6,0
312192,312197,312198,1,5
312192,312197,312198,1,5
312192,312196,312197,1,4
312192,312196,312197,1,4
312192,312197,312198,1,5
312192,312192,312198,6,0
312192,312192,312199,7,0
312192,312192,312198,6,0
312192,312195,312199,4,3
312192,312197,312198,1,5
312192,312197,312198,1,5
312192,312197,312199,2,5
312192,312197,312198,1,5
312192,312197,312198,1,5
312192,312197,312198,1,5
312192,312197,312198,1,5
312192,312192,312200,8,0
312192,312192,312199,7,0
312192,312198,312200,2,6
312192,312192,312200,8,0
312192,312198,312200,2,6
312192,312198,312200,2,6
312192,312198,312199,1,6
312192,312192,312200,8,0
312192,312197,312201,4,5
312192,312198,312200,2,6
312192,312192,312203,11,0
312192,312192,312202,10,0
312192,312192,312203,11,0
312192,312192,312203,11,0
312192,312192,312204,12,0
312192,312192,312203,11,0
312192,312192,312204,12,0
312192,312192,312206,14,0
312192,312192,312206,14,0
312192,312192,312206,14,0
312192,312192,312209,17,0
312218,312218,312219,1,0
312218,312218,312219,1,0
312218,312218,312220,2,0
312218,312218,312219,1,0
312218,312218,312219,1,0
312218,312218,312220,2,0
312218,312218,312220,2,0
312218,312218,312220,2,0
312218,312220,312222,2,2
312218,312220,312222,2,2
312218,312218,312222,4,0
312218,312220,312222,2,2
312218,312218,312223,5,0
312218,312218,312223,5,0
312218,312218,312223,5,0
312218,312218,312222,4,0
312218,312218,312223,5,0
312218,312218,312223,5,0
312218,312218,312223,5,0
312218,312218,312223,5,0
312218,312218,312223,5,0
312218,312221,312223,2,3
312218,312218,312223,5,0
312218,312218,312223,5,0
312218,312221,312223,2,3
312218,312221,312223,2,3
312218,312221,312223,2,3
312218,312221,312223,2,3
312218,312218,312224,6,0
312218,312218,312224,6,0
312218,312218,312224,6,0
312218,312218,312224,6,0
312218,312218,312224,6,0
312218,312222,312224,2,4
312218,312223,312224,1,5
312218,312224,312225,1,6
312218,312218,312224,6,0
312218,312224,312225,1,6
312218,312224,312225,1,6
312218,312218,312224,6,0
312218,312223,312224,1,5
312218,312223,312224,1,5
312218,312224,312225,1,6
312218,312224,312225,1,6
312218,312224,312225,1,6
312218,312224,312225,1,6
312218,312225,312226,1,7
312218,312218,312225,7,0
312218,312218,312225,7,0
312218,312218,312225,7,0
312218,312224,312225,1,6
312218,312224,312225,1,6
312218,312224,312226,2,6
312218,312218,312226,8,0
312218,312224,312226,2,6
312218,312223,312226,3,5
312218,312224,312226,2,6
312218,312218,312226,8,0
312218,312223,312226,3,5
312218,312225,312227,2,7
312218,312225,312226,1,7
312218,312225,312226,1,7
312218,312224,312227,3,6
312218,312223,312227,4,5
312218,312218,312228,10,0
312218,312218,312228,10,0
312218,312218,312229,11,0
312218,312223,312229,6,5
312218,312225,312229,4,7
312218,312218,312229,11,0
312218,312218,312229,11,0
312218,312218,312230,12,0
312218,312218,312230,12,0
312218,312218,312231,13,0
312218,312218,312231,13,0
312218,312218,312231,13,0
312218,312218,312233,15,0
312218,312218,312233,15,0
312244,312244,312245,1,0
312244,312244,312245,1,0
312244,312244,312245,1,0
312244,312244,312245,1,0
312244,312244,312245,1,0
312244,312244,312245,1,0
312244,312244,312245,1,0
312244,312244,312246,2,0
312244,312244,312246,2,0
312244,312244,312247,3,0
312244,312245,312247,2,1
312244,312244,312247,3,0
312244,312244,312247,3,0
312244,312246,312248,2,2
312244,312244,312247,3,0
312244,312244,312248,4,0
312244,312244,312247,3,0
312244,312244,312249,5,0
312244,312244,312248,4,0
312244,312244,312248,4,0
312244,312244,312248,4,0
312244,312244,312249,5,0
312244,312246,312248,2,2
312244,312244,312248,4,0
312244,312244,312248,4,0
312244,312246,312248,2,2
312244,312244,312248,4,0
312244,312246,312248,2,2
312244,312248,312249,1,4
312244,312246,312248,2,2
312244,312246,312248,2,2
312244,312244,312249,5,0
312244,312247,312248,1,3
312244,312247,312249,2,3
312244,312248,312249,1,4
312244,312249,312250,1,5
312244,312248,312249,1,4
312244,312249,312250,1,5
312244,312248,312249,1,4
312244,312248,312249,1,4
312244,312249,312250,1,5
312244,312249,312250,1,5
312244,312244,312250,6,0
312244,312247,312251,4,3
312244,312246,312250,4,2
312244,312248,312251,3,4
312244,312244,312250,6,0
312244,312249,312250,1,5
312244,312249,312250,1,5
312244,312249,312250,1,5
312244,312244,312250,6,0
312244,312249,312251,2,5
312244,312250,312251,1,6
312244,312249,312250,1,5
312244,312249,312250,1,5
312244,312244,312250,6,0
312244,312249,312250,1,5
312244,312249,312250,1,5
312244,312244,312252,8,0
312244,312249,312252,3,5
312244,312249,312251,2,5
312244,312249,312251,2,5
312244,312244,312252,8,0
312244,312250,312252,2,6
312244,312244,312251,7,0
312244,312244,312252,8,0
312244,312244,312253,9,0
312244,312249,312252,3,5
312244,312244,312253,9,0
312244,312244,312254,10,0
312244,312244,312255,11,0
312244,312244,312255,11,0
312244,312244,312255,11,0
312244,312244,312256,12,0
312244,312244,312257,13,0
312244,312244,312256,12,0
312244,312244,312257,13,0
312244,312244,312261,17,0
312244,312244,312261,17,0
312272,312272,312273,1,0
312272,312272,312273,1,0
312272,312272,312273,1,0
312272,312272,312273,1,0
312272,312272,312273,1,0
312272,312272,312273,1,0
312272,312272,312273,1,0
312272,312272,312275,3,0
312272,312274,312276,2,2
312272,312274,312276,2,2
312272,312272,312276,4,0
312272,312273,312277,4,1
312272,312272,312277,5,0
312272,312274,312276,2,2
312272,312272,312276,4,0
312272,312272,312276,4,0
312272,312274,312276,2,2
312272,312272,312276,4,0
312272,312274,312276,2,2
312272,312274,312276,2,2
312272,312272,312277,5,0
312272,312272,312278,6,0
312272,312272,312277,5,0
312272,312272,312277,5,0
312272,312272,312278,6,0
312272,312272,312277,5,0
312272,312272,312278,6,0
312272,312277,312278,1,5
312272,312272,312278,6,0
312272,312276,312277,1,4
312272,312272,312277,5,0
312272,312276,312277,1,4
312272,312277,312278,1,5
312272,312277,312278,1,5
312272,312272,312279,7,0
312272,312276,312279,3,4
312272,312272,312279,7,0
312272,312272,312278,6,0
312272,312277,312278,1,5
312272,312277,312278,1,5
312272,312277,312278,1,5
312272,312277,312278,1,5
312272,312278,312279,1,6
312272,312278,312279,1,6
312272,312278,312279,1,6
312272,312272,312278,6,0
312272,312277,312278,1,5
312272,312278,312279,1,6
312272,312278,312279,1,6
312272,312272,312279,7,0
312272,312277,312279,2,5
312272,312277,312279,2,5
312272,312278,312280,2,6
312272,312278,312279,1,6
312272,312278,312279,1,6
312272,312272,312279,7,0
312272,312278,312279,1,6
312272,312278,312279,1,6
312272,312278,312279,1,6
312272,312272,312280,8,0
312272,312272,312280,8,0
312272,312279,312281,2,7
312272,312272,312281,9,0
312272,312272,312282,10,0
312272,312272,312281,9,0
312272,312278,312283,5,6
312272,312278,312284,6,6
312272,312272,312284,12,0
312272,312278,312285,7,6
312272,312272,312285,13,0
312272,312272,312285,13,0
312272,312272,312287,15,0
312272,312272,312288,16,0
312272,312272,312291,19,0
312272,312272,312291,19,0
312272,312272,312291,19,0
312272,312272,312294,22,0
312272,312272,312296,24,0
312272,312272,312297,25,0
312306,312306,312308,2,0
312306,312306,312307,1,0
312306,312306,312307,1,0
312306,312306,312308,2,0
312306,312306,312308,2,0
312306,312306,312307,1,0
312306,312306,312308,2,0
312306,312306,312308,2,0
312306,312308,312309,1,2
312306,312308,312309,1,2
312306,312308,312310,2,2
312306,312308,312310,2,2
312306,312308,312310,2,2
312306,312309,312310,1,3
312306,312306,312311,5,0
312306,312306,312310,4,0
312306,312306,312311,5,0
312306,312310,312311,1,4
312306,312306,312311,5,0
312306,312309,312310,1,3
312306,312310,312311,1,4
312306,312306,312311,5,0
312306,312310,312311,1,4
312306,312306,312312,6,0
312306,312306,312311,5,0
312306,312306,312312,6,0
312306,312308,312311,3,2
312306,312311,312312,1,5
312306,312306,312312,6,0
312306,312308,312312,4,2
312306,312310,312311,1,4
312306,312311,312312,1,5
312306,312311,312312,1,5
312306,312306,312312,6,0
312306,312311,312312,1,5
312306,312306,312313,7,0
312306,312306,312313,7,0
312306,312312,312313,1,6
312306,312306,312313,7,0
312306,312311,312312,1,5
312306,312312,312313,1,6
312306,312311,312313,2,5
312306,312311,312312,1,5
312306,312312,312313,1,6
312306,312311,312313,2,5
312306,312312,312313,1,6
312306,312312,312313,1,6
312306,312306,312313,7,0
312306,312306,312314,8,0
312306,312309,312314,5,3
312306,312306,312313,7,0
312306,312312,312314,2,6
312306,312312,312314,2,6
312306,312312,312313,1,6
312306,312312,312313,1,6
312306,312312,312313,1,6
312306,312312,312314,2,6
312306,312306,312314,8,0
312306,312306,312314,8,0
312306,312306,312314,8,0
312306,312306,312315,9,0
312306,312306,312315,9,0
312306,312312,312315,3,6
312306,312306,312315,9,0
312306,312306,312315,9,0
312306,312306,312315,9,0
312306,312306,312316,10,0
312306,312306,312316,10,0
312306,312306,312316,10,0
312306,312306,312317,11,0
312306,312311,312316,5,5
312306,312306,312318,12,0
312306,312306,312318,12,0
312306,312306,312319,13,0
312306,312306,312318,12,0
312306,312306,312320,14,0
312306,312306,312322,16,0
312306,312306,312324,18,0
312306,312306,312326,20,0
312336,312336,312337,1,0
312336,312336,312337,1,0
312336,312336,312337,1,0
312336,312336,312337,1,0
312336,312336,312337,1,0
312336,312336,312337,1,0
312336,312336,312337,1,0
312336,312336,312339,3,0
312336,312336,312339,3,0
312336,312336,312339,3,0
312336,312336,312339,3,0
312336,312336,312340,4,0
312336,312338,312339,1,2
312336,312338,312339,1,2
312336,312336,312340,4,0
312336,312338,312339,1,2
312336,312338,312340,2,2
312336,312338,312339,1,2
312336,312338,312340,2,2
312336,312338,312340,2,2
312336,312336,312341,5,0
312336,312336,312340,4,0
312336,312336,312341,5,0
312336,312340,312341,1,4
312336,312336,312341,5,0
312336,312340,312341,1,4
312336,312340,312341,1,4
312336,312336,312342,6,0
312336,312336,312341,5,0
312336,312336,312342,6,0
312336,312340,312342,2,4
312336,312339,312342,3,3
312336,312341,312342,1,5
312336,312340,312341,1,4
312336,312340,312341,1,4
312336,312336,312342,6,0
312336,312336,312341,5,0
312336,312340,312341,1,4
312336,312340,312341,1,4
312336,312336,312342,6,0
312336,312336,312342,6,0
312336,312340,312342,2,4
312336,312341,312342,1,5
312336,312340,312342,2,4
312336,312336,312342,6,0
312336,312341,312343,2,5
312336,312336,312343,7,0
312336,312336,312342,6,0
312336,312342,312343,1,6
312336,312341,312342,1,5
312336,312341,312342,1,5
312336,312336,312342,6,0
312336,312342,312343,1,6
312336,312336,312342,6,0
312336,312336,312343,7,0
312336,312336,312344,8,0
312336,312336,312343,7,0
312336,312340,312343,3,4
312336,312341,312343,2,5
312336,312336,312344,8,0
312336,312336,312344,8,0
312336,312336,312343,7,0
312336,312342,312343,1,6
312336,312342,312345,3,6
312336,312340,312344,4,4
312336,312336,312344,8,0
312336,312342,312344,2,6
312336,312336,312345,9,0
312336,312342,312345,3,6
312336,312336,312345,9,0
312336,312336,312346,10,0
312336,312342,312346,4,6
312336,312341,312346,5,5
312336,312342,312346,4,6
312336,312336,312348,12,0
312336,312336,312349,13,0
312336,312336,312350,14,0
312336,312336,312349,13,0
312336,312336,312353,17,0
312363,312363,312364,1,0
312363,312363,312364,1,0
312363,312363,312365,2,0
312363,312363,312364,1,0
312363,312363,312364,1,0
312363,312363,312364,1,0
312363,312363,312364,1,0
312363,312364,312365,1,1
312363,312363,312367,4,0
312363,312363,312366,3,0
312363,312365,312366,1,2
312363,312365,312367,2,2
312363,312365,312367,2,2
312363,312363,312367,4,0
312363,312365,312367,2,2
312363,312365,312366,1,2
312363,312363,312367,4,0
312363,312365,312366,1,2
312363,312363,312368,5,0
312363,312363,312368,5,0
312363,312363,312368,5,0
312363,312363,312367,4,0
312363,312367,312368,1,4
312363,312363,312368,5,0
312363,312363,312367,4,0
312363,312367,312368,1,4
312363,312366,312367,1,3
312363,312363,312368,5,0
312363,312367,312368,1,4
312363,312368,312369,1,5
312363,312363,312368,5,0
312363,312367,312368,1,4
312363,312367,312368,1,4
312363,312367,312369,2,4
312363,312367,312368,1,4
312363,312367,312368,1,4
312363,312368,312369,1,5
312363,312363,312370,7,0
312363,312363,312369,6,0
312363,312367,312370,3,4
312363,312367,312369,2,4
312363,312368,312370,2,5
312363,312368,312369,1,5
312363,312363,312370,7,0
312363,312363,312369,6,0
312363,312368,312369,1,5
312363,312369,312370,1,6
312363,312369,312370,1,6
312363,312368,312370,2,5
312363,312363,312370,7,0
312363,312363,312371,8,0
312363,312368,312370,2,5
312363,312368,312370,2,5
312363,312369,312371,2,6
312363,312369,312371,2,6
312363,312368,312370,2,5
312363,312369,312370,1,6
312363,312363,312371,8,0
312363,312369,312371,2,6
312363,312369,312370,1,6
312363,312363,312371,8,0
312363,312363,312371,8,0
312363,312369,312372,3,6
312363,312363,312373,10,0
312363,312363,312374,11,0
312363,312363,312374,11,0
312363,312363,312374,11,0
312363,312363,312374,11,0
312363,312363,312374,11,0
312363,312363,312376,13,0
312363,312363,312376,13,0
312363,312363,312377,14,0
312363,312363,312378,15,0
312363,312363,312380,17,0
312363,312363,312384,21,0
312363,312363,312394,31,0
312363,312363,312396,33,0
312363,312363,312396,33,0
312363,312363,312401,38,0
312410,312410,312411,1,0
312410,312410,312411,1,0
312410,312410,312411,1,0
312410,312410,312411,1,0
312410,312410,312411,1,0
312410,312410,312411,1,0
312410,312410,312411,1,0
312410,312411,312413,2,1
312410,312411,312412,1,1
312410,312411,312412,1,1
312410,312411,312412,1,1
312410,312410,312413,3,0
312410,312412,312413,1,2
312410,312412,312413,1,2
312410,312412,312414,2,2
312410,312410,312414,4,0
312410,312413,312414,1,3
312410,312413,312414,1,3
312410,312414,312415,1,4
312410,312414,312415,1,4
312410,312413,312414,1,3
312410,312413,312414,1,3
312410,312410,312415,5,0
312410,312410,312415,5,0
312410,312410,312416,6,0
312410,312410,312415,5,0
312410,312414,312416,2,4
312410,312414,312415,1,4
312410,312410,312416,6,0
312410,312415,312416,1,5
312410,312415,312416,1,5
312410,312415,312416,1,5
312410,312414,312415,1,4
312410,312414,312415,1,4
312410,312410,312416,6,0
312410,312410,312417,7,0
312410,312410,312417,7,0
312410,312410,312417,7,0
312410,312415,312417,2,5
312410,312416,312417,1,6
312410,312415,312417,2,5
312410,312410,312417,7,0
312410,312410,312418,8,0
312410,312410,312418,8,0
312410,312410,312417,7,0
312410,312410,312417,7,0
312410,312410,312418,8,0
312410,312416,312418,2,6
312410,312416,312417,1,6
312410,312410,312417,7,0
312410,312416,312418,2,6
312410,312416,312417,1,6
312410,312416,312417,1,6
312410,312417,312419,2,7
312410,312410,312419,9,0
312410,312416,312419,3,6
312410,312410,312418,8,0
312410,312410,312419,9,0
312410,312410,312418,8,0
312410,312410,312419,9,0
312410,312410,312420,10,0
312410,312410,312420,10,0
312410,312410,312420,10,0
312410,312410,312420,10,0
312410,312410,312420,10,0
312410,312410,312419,9,0
312410,312410,312420,10,0
312410,312416,312420,4,6
312410,312416,312421,5,6
312410,312410,312421,11,0
312410,312416,312420,4,6
312410,312416,312421,5,6
312410,312416,312421,5,6
312410,312410,312420,10,0
312410,312410,312426,16,0
312410,312410,312428,18,0
312410,312410,312428,18,0
312410,312410,312430,20,0
312410,312410,312432,22,0
312443,312443,312444,1,0
312443,312443,312444,1,0
312443,312443,312444,1,0
312443,312443,312444,1,0
312443,312443,312444,1,0
312443,312443,312444,1,0
312443,312443,312444,1,0
312443,312444,312445,1,1
312443,312444,312445,1,1
312443,312444,312445,1,1
312443,312445,312446,1,2
312443,312445,312446,1,2
312443,312443,312446,3,0
312443,312445,312446,1,2
312443,312445,312446,1,2
312443,312443,312447,4,0
312443,312443,312447,4,0
312443,312443,312447,4,0
312443,312447,312448,1,4
312443,312446,312447,1,3
312443,312446,312447,1,3
312443,312446,312447,1,3
312443,312443,312449,6,0
312443,312447,312448,1,4
312443,312443,312449,6,0
312443,312447,312449,2,4
312443,312447,312448,1,4
312443,312448,312449,1,5
312443,312447,312448,1,4
312443,312443,312449,6,0
312443,312443,312450,7,0
312443,312443,312450,7,0
312443,312448,312449,1,5
312443,312443,312450,7,0
312443,312443,312450,7,0
312443,312448,312449,1,5
312443,312448,312450,2,5
312443,312443,312451,8,0
312443,312443,312451,8,0
312443,312443,312451,8,0
312443,312443,312450,7,0
312443,312443,312451,8,0
312443,312449,312451,2,6
312443,312448,312451,3,5
312443,312448,312451,3,5
312443,312443,312451,8,0
312443,312450,312451,1,7
312443,312443,312451,8,0
312443,312448,312450,2,5
312443,312449,312451,2,6
312443,312443,312451,8,0
312443,312449,312451,2,6
312443,312449,312451,2,6
312443,312443,312452,9,0
312443,312443,312452,9,0
312443,312443,312452,9,0
312443,312443,312452,9,0
312443,312443,312453,10,0
312443,312443,312452,9,0
312443,312443,312452,9,0
312443,312450,312452,2,7
312443,312450,312452,2,7
312443,312443,312453,10,0
312443,312443,312452,9,0
312443,312443,312453,10,0
312443,312443,312453,10,0
312443,312449,312454,5,6
312443,312443,312454,11,0
312443,312450,312454,4,7
312443,312449,312454,5,6
312443,312450,312454,4,7
312443,312443,312454,11,0
312443,312443,312454,11,0
312443,312450,312454,4,7
312443,312443,312456,13,0
312443,312443,312456,13,0
312443,312443,312457,14,0
312443,312449,312456,7,6
312443,312443,312458,15,0
312468,312469,312470,1,1
312468,312469,312470,1,1
312468,312469,312470,1,1
312468,312469,312470,1,1
312468,312469,312470,1,1
312468,312469,312470,1,1
312468,312469,312470,1,1
312468,312470,312471,1,2
312468,312470,312471,1,2
312468,312471,312472,1,3
312468,312471,312472,1,3
312468,312471,312473,2,3
312468,312471,312473,2,3
312468,312471,312472,1,3
312468,312469,312473,4,1
312468,312469,312473,4,1
312468,312472,312473,1,4
312468,312472,312473,1,4
312468,312473,312474,1,5
312468,312469,312474,5,1
312468,312473,312475,2,5
312468,312473,312475,2,5
312468,312473,312474,1,5
312468,312469,312475,6,1
312468,312469,312475,6,1
312468,312474,312475,1,6
312468,312469,312475,6,1
312468,312473,312475,2,5
312468,312474,312476,2,6
312468,312469,312476,7,1
312468,312469,312476,7,1
312468,312469,312476,7,1
312468,312474,312477,3,6
312468,312469,312476,7,1
312468,312474,312476,2,6
312468,312469,312477,8,1
312468,312469,312477,8,1
312468,312475,312476,1,7
312468,312474,312476,2,6
312468,312469,312477,8,1
312468,312469,312477,8,1
312468,312469,312477,8,1
312468,312469,312477,8,1
312468,312475,312477,2,7
312468,312475,312477,2,7
312468,312469,312477,8,1
312468,312475,312477,2,7
312468,312476,312478,2,8
312468,312469,312477,8,1
312468,312476,312477,1,8
312468,312469,312479,10,1
312468,312469,312478,9,1
312468,312477,312479,2,9
312468,312469,312478,9,1
312468,312469,312478,9,1
312468,312477,312479,2,9
312468,312477,312479,2,9
312468,312477,312479,2,9
312468,312469,312478,9,1
312468,312476,312478,2,8
312468,312476,312478,2,8
312468,312476,312479,3,8
312468,312469,312478,9,1
312468,312469,312479,10,1
312468,312469,312479,10,1
312468,312469,312479,10,1
312468,312477,312480,3,9
312468,312469,312479,10,1
312468,312477,312480,3,9
312468,312469,312479,10,1
312468,312469,312480,11,1
312468,312476,312480,4,8
312468,312469,312481,12,1
312468,312469,312481,12,1
312468,312469,312482,13,1
312468,312469,312483,14,1
312468,312469,312486,17,1
312468,312469,312487,18,1
312468,312469,312488,19,1
312499,312500,312501,1,1
312499,312500,312501,1,1
312499,312500,312501,1,1
312499,312500,312501,1,1
312499,312500,312501,1,1
312499,312500,312501,1,1
312499,312500,312502,2,1
312499,312501,312502,1,2
312499,312501,312502,1,2
312499,312501,312502,1,2
312499,312501,312502,1,2
312499,312500,312503,3,1
312499,312500,312503,3,1
312499,312500,312503,3,1
312499,312502,312503,1,3
312499,312502,312503,1,3
312499,312502,312503,1,3
312499,312500,312504,4,1
312499,312500,312504,4,1
312499,312500,312504,4,1
312499,312500,312504,4,1
312499,312504,312505,1,5
312499,312500,312504,4,1
312499,312500,312504,4,1
312499,312503,312504,1,4
312499,312500,312504,4,1
312499,312503,312504,1,4
312499,312500,312504,4,1
312499,312503,312504,1,4
312499,312500,312505,5,1
312499,312503,312504,1,4
312499,312500,312505,5,1
312499,312500,312505,5,1
312499,312504,312506,2,5
312499,312500,312505,5,1
312499,312505,312506,1,6
312499,312500,312506,6,1
312499,312505,312506,1,6
312499,312505,312506,1,6
312499,312500,312505,5,1
312499,312500,312505,5,1
312499,312504,312505,1,5
312499,312500,312505,5,1
312499,312504,312505,1,5
312499,312505,312506,1,6
312499,312505,312506,1,6
312499,312500,312506,6,1
312499,312500,312506,6,1
312499,312500,312506,6,1
312499,312500,312507,7,1
312499,312500,312507,7,1
312499,312504,312506,2,5
312499,312500,312506,6,1
312499,312505,312506,1,6
312499,312506,312507,1,7
312499,312505,312506,1,6
312499,312505,312506,1,6
312499,312505,312506,1,6
312499,312500,312506,6,1
312499,312505,312506,1,6
312499,312505,312506,1,6
312499,312500,312507,7,1
312499,312505,312507,2,6
312499,312506,312508,2,7
312499,312500,312507,7,1
312499,312500,312507,7,1
312499,312504,312507,3,5
312499,312505,312507,2,6
312499,312506,312507,1,7
312499,312500,312508,8,1
312499,312505,312508,3,6
312499,312506,312508,2,7
312499,312500,312509,9,1
312499,312500,312509,9,1
312499,312500,312509,9,1
312499,312500,312509,9,1
312499,312500,312510,10,1
312499,312500,312510,10,1
312499,312500,312512,12,1
312523,312523,312524,1,0
312523,312523,312524,1,0
312523,312523,312524,1,0
312523,312523,312524,1,0
312523,312523,312524,1,0
312523,312523,312524,1,0
312523,312525,312526,1,2
312523,312523,312526,3,0
312523,312525,312527,2,2
312523,312525,312527,2,2
312523,312523,312527,4,0
312523,312525,312527,2,2
312523,312523,312527,4,0
312523,312525,312527,2,2
312523,312525,312527,2,2
312523,312523,312528,5,0
312523,312523,312527,4,0
312523,312523,312528,5,0
312523,312526,312528,2,3
312523,312523,312528,5,0
312523,312523,312528,5,0
312523,312523,312529,6,0
312523,312527,312529,2,4
312523,312527,312528,1,4
312523,312523,312529,6,0
312523,312523,312529,6,0
312523,312527,312529,2,4
312523,312523,312528,5,0
312523,312527,312528,1,4
312523,312528,312529,1,5
312523,312523,312529,6,0
312523,312527,312529,2,4
312523,312527,312528,1,4
312523,312523,312529,6,0
312523,312527,312529,2,4
312523,312527,312528,1,4
312523,312528,312529,1,5
312523,312523,312530,7,0
312523,312523,312530,7,0
312523,312528,312530,2,5
312523,312523,312530,7,0
312523,312523,312529,6,0
312523,312529,312530,1,6
312523,312523,312530,7,0
312523,312529,312530,1,6
312523,312523,312530,7,0
312523,312528,312529,1,5
312523,312529,312530,1,6
312523,312529,312530,1,6
312523,312529,312530,1,6
312523,312529,312530,1,6
312523,312523,312531,8,0
312523,312528,312530,2,5
312523,312528,312531,3,5
312523,312529,312530,1,6
312523,312529,312531,2,6
312523,312529,312531,2,6
312523,312529,312531,2,6
312523,312529,312531,2,6
312523,312529,312531,2,6
312523,312529,312531,2,6
312523,312523,312532,9,0
312523,312523,312532,9,0
312523,312523,312532,9,0
312523,312529,312532,3,6
312523,312523,312532,9,0
312523,312523,312533,10,0
312523,312523,312532,9,0
312523,312523,312533,10,0
312523,312523,312534,11,0
312523,312523,312536,13,0
312523,312523,312537,14,0
312523,312523,312537,14,0
312523,312523,312539,16,0
312523,312523,312538,15,0
312523,312523,312538,15,0
312523,312523,312539,16,0
312523,312523,312541,18,0
312523,312523,312544,21,0
312554,312554,312555,1,0
312554,312554,312555,1,0
312554,312554,312555,1,0
312554,312554,312555,1,0
312554,312554,312555,1,0
312554,312554,312555,1,0
312554,312554,312557,3,0
312554,312554,312557,3,0
312554,312554,312557,3,0
312554,312556,312557,1,2
312554,312556,312558,2,2
312554,312556,312558,2,2
312554,312556,312557,1,2
312554,312556,312558,2,2
312554,312556,312557,1,2
312554,312557,312558,1,3
312554,312554,312558,4,0
312554,312554,312558,4,0
312554,312554,312558,4,0
312554,312558,312559,1,4
312554,312554,312558,4,0
312554,312558,312559,1,4
312554,312554,312559,5,0
312554,312554,312559,5,0
312554,312558,312559,1,4
312554,312554,312559,5,0
312554,312558,312559,1,4
312554,312554,312559,5,0
312554,312554,312559,5,0
312554,312558,312560,2,4
312554,312559,312560,1,5
312554,312554,312559,5,0
312554,312558,312559,1,4
312554,312559,312560,1,5
312554,312558,312560,2,4
312554,312558,312560,2,4
312554,312554,312559,5,0
312554,312559,312560,1,5
312554,312559,312560,1,5
312554,312554,312560,6,0
312554,312554,312561,7,0
312554,312554,312560,6,0
312554,312554,312561,7,0
312554,312559,312561,2,5
312554,312559,312560,1,5
312554,312559,312560,1,5
312554,312554,312560,6,0
312554,312559,312561,2,5
312554,312559,312560,1,5
312554,312560,312561,1,6
312554,312559,312560,1,5
312554,312560,312561,1,6
312554,312554,312561,7,0
312554,312559,312560,1,5
312554,312560,312561,1,6
312554,312554,312561,7,0
312554,312559,312560,1,5
312554,312560,312561,1,6
312554,312560,312561,1,6
312554,312554,312561,7,0
312554,312557,312562,5,3
312554,312554,312561,7,0
312554,312554,312561,7,0
312554,312554,312563,9,0
312554,312554,312563,9,0
312554,312554,312563,9,0
312554,312560,312562,2,6
312554,312560,312563,3,6
312554,312554,312563,9,0
312554,312554,312564,10,0
312554,312554,312563,9,0
312554,312554,312564,10,0
312554,312554,312564,10,0
312554,312554,312564,10,0
312554,312554,312565,11,0
312554,312554,312567,13,0
312554,312554,312567,13,0
312554,312554,312568,14,0
312554,312554,312570,16,0
312580,312580,312581,1,0
312580,312580,312581,1,0
312580,312580,312581,1,0
312580,312580,312581,1,0
312580,312580,312581,1,0
312580,312580,312581,1,0
312580,312581,312582,1,1
312580,312582,312583,1,2
312580,312582,312584,2,2
312580,312581,312584,3,1
312580,312582,312584,2,2
312580,312580,312583,3,0
312580,312580,312585,5,0
312580,312582,312584,2,2
312580,312583,312584,1,3
312580,312580,312586,6,0
312580,312580,312586,6,0
312580,312580,312586,6,0
312580,312580,312585,5,0
312580,312584,312585,1,4
312580,312580,312586,6,0
312580,312580,312586,6,0
312580,312580,312586,6,0
312580,312584,312586,2,4
312580,312580,312586,6,0
312580,312580,312586,6,0
312580,312584,312585,1,4
312580,312584,312585,1,4
312580,312580,312585,5,0
312580,312580,312586,6,0
312580,312584,312585,1,4
312580,312580,312587,7,0
312580,312580,312586,6,0
312580,312585,312587,2,5
312580,312580,312586,6,0
312580,312585,312586,1,5
312580,312586,312587,1,6
312580,312586,312587,1,6
312580,312580,312586,6,0
312580,312586,312587,1,6
312580,312586,312587,1,6
312580,312586,312587,1,6
312580,312585,312586,1,5
312580,312586,312587,1,6
312580,312586,312587,1,6
312580,312586,312587,1,6
312580,312580,312588,8,0
312580,312580,312588,8,0
312580,312586,312587,1,6
312580,312586,312588,2,6
312580,312586,312587,1,6
312580,312586,312587,1,6
312580,312586,312587,1,6
312580,312586,312587,1,6
312580,312586,312587,1,6
312580,312587,312588,1,7
312580,312586,312589,3,6
312580,312580,312588,8,0
312580,312587,312589,2,7
312580,312580,312588,8,0
312580,312587,312589,2,7
312580,312580,312590,10,0
312580,312580,312589,9,0
312580,312580,312590,10,0
312580,312587,312589,2,7
312580,312580,312590,10,0
312580,312580,312589,9,0
312580,312580,312590,10,0
312580,312580,312591,11,0
312580,312580,312592,12,0
312580,312580,312591,11,0
312580,312580,312591,11,0
312580,312580,312592,12,0
312580,312580,312596,16,0
312580,312580,312595,15,0
312580,312580,312595,15,0
312580,312580,312596,16,0
312580,312580,312599,19,0
312580,312580,312600,20,0
312612,312612,312613,1,0
312612,312612,312613,1,0
312612,312612,312613,1,0
312612,312612,312613,1,0
312612,312612,312613,1,0
312612,312612,312613,1,0
312612,312612,312614,2,0
312612,312613,312614,1,1
312612,312613,312616,3,1
312612,312613,312615,2,1
312612,312614,312616,2,2
312612,312614,312616,2,2
312612,312614,312616,2,2
312612,312612,312617,5,0
312612,312612,312618,6,0
312612,312612,312617,5,0
312612,312612,312617,5,0
312612,312616,312618,2,4
312612,312612,312618,6,0
312612,312615,312617,2,3
312612,312616,312618,2,4
312612,312612,312618,6,0
312612,312612,312617,5,0
312612,312615,312617,2,3
312612,312612,312618,6,0
312612,312612,312618,6,0
312612,312617,312618,1,5
312612,312612,312618,6,0
312612,312616,312618,2,4
312612,312612,312618,6,0
312612,312618,312619,1,6
312612,312618,312619,1,6
312612,312612,312618,6,0
312612,312612,312619,7,0
312612,312618,312619,1,6
312612,312616,312618,2,4
312612,312612,312619,7,0
312612,312612,312620,8,0
312612,312618,312619,1,6
312612,312618,312619,1,6
312612,312618,312619,1,6
312612,312619,312620,1,7
312612,312619,312620,1,7
312612,312618,312619,1,6
312612,312618,312619,1,6
312612,312618,312619,1,6
312612,312618,312619,1,6
312612,312619,312620,1,7
312612,312619,312620,1,7
312612,312619,312620,1,7
312612,312618,312619,1,6
312612,312619,312620,1,7
312612,312619,312620,1,7
312612,312612,312620,8,0
312612,312612,312620,8,0
312612,312612,312620,8,0
312612,312612,312620,8,0
312612,312619,312621,2,7
312612,312619,312621,2,7
312612,312619,312620,1,7
312612,312619,312620,1,7
312612,312612,312621,9,0
312612,312612,312621,9,0
312612,312612,312622,10,0
312612,312612,312622,10,0
312612,312612,312622,10,0
312612,312612,312624,12,0
312612,312612,312624,12,0
312612,312612,312624,12,0
312612,312612,312625,13,0
312612,312612,312626,14,0
312612,312612,312627,15,0
312612,312612,312628,16,0
312612,312612,312629,17,0
312612,312612,312631,19,0
312612,312612,312630,18,0
312612,312612,312632,20,0
312612,312612,312632,20,0
312612,312612,312633,21,0
312644,312644,312645,1,0
312644,312644,312645,1,0
312644,312644,312646,2,0
312644,312644,312645,1,0
312644,312644,312646,2,0
312644,312644,312645,1,0
312644,312644,312647,3,0
312644,312645,312647,2,1
312644,312645,312648,3,1
312644,312644,312649,5,0
312644,312646,312649,3,2
312644,312646,312649,3,2
312644,312644,312649,5,0
312644,312646,312649,3,2
312644,312644,312650,6,0
312644,312644,312650,6,0
312644,312644,312649,5,0
312644,312646,312650,4,2
312644,312644,312650,6,0
312644,312644,312650,6,0
312644,312644,312650,6,0
312644,312644,312650,6,0
312644,312647,312650,3,3
312644,312644,312650,6,0
312644,312644,312650,6,0
312644,312644,312649,5,0
312644,312647,312650,3,3
312644,312644,312651,7,0
312644,312650,312651,1,6
312644,312649,312652,3,5
312644,312648,312651,3,4
312644,312650,312651,1,6
312644,312651,312652,1,7
312644,312651,312652,1,7
312644,312644,312652,8,0
312644,312644,312652,8,0
312644,312650,312652,2,6
312644,312650,312652,2,6
312644,312651,312652,1,7
312644,312649,312652,3,5
312644,312649,312652,3,5
312644,312651,312652,1,7
312644,312651,312652,1,7
312644,312651,312652,1,7
312644,312651,312652,1,7
312644,312652,312653,1,8
312644,312651,312652,1,7
312644,312651,312652,1,7
312644,312652,312653,1,8
312644,312652,312653,1,8
312644,312652,312653,1,8
312644,312652,312653,1,8
312644,312652,312653,1,8
312644,312652,312653,1,8
312644,312644,312653,9,0
312644,312644,312653,9,0
312644,312644,312652,8,0
312644,312650,312653,3,6
312644,312652,312653,1,8
312644,312644,312654,10,0
312644,312644,312654,10,0
312644,312644,312654,10,0
312644,312644,312655,11,0
312644,312644,312655,11,0
312644,312644,312655,11,0
312644,312644,312655,11,0
312644,312644,312655,11,0
312644,312644,312656,12,0
312644,312644,312656,12,0
312644,312644,312656,12,0
312644,312644,312658,14,0
312644,312644,312658,14,0
312644,312644,312658,14,0
312644,312644,312659,15,0
312644,312644,312660,16,0
312644,312644,312660,16,0
312644,312644,312661,17,0
312644,312644,312664,20,0
312675,312675,312676,1,0
312675,312675,312677,2,0
312675,312675,312676,1,0
312675,312675,312677,2,0
312675,312675,312676,1,0
312675,312675,312676,1,0
312675,312675,312676,1,0
312675,312675,312679,4,0
312675,312677,312679,2,2
312675,312677,312680,3,2
312675,312677,312679,2,2
312675,312676,312679,3,1
312675,312677,312679,2,2
312675,312677,312680,3,2
312675,312675,312681,6,0
312675,312675,312680,5,0
312675,312675,312680,5,0
312675,312677,312680,3,2
312675,312675,312680,5,0
312675,312675,312681,6,0
312675,312675,312680,5,0
312675,312675,312681,6,0
312675,312675,312681,6,0
312675,312675,312680,5,0
312675,312675,312680,5,0
312675,312675,312682,7,0
312675,312675,312681,6,0
312675,312680,312682,2,5
312675,312675,312681,6,0
312675,312675,312681,6,0
312675,312679,312682,3,4
312675,312680,312682,2,5
312675,312681,312682,1,6
312675,312680,312682,2,5
312675,312681,312682,1,6
312675,312681,312683,2,6
312675,312681,312683,2,6
312675,312681,312683,2,6
312675,312681,312682,1,6
312675,312681,312682,1,6
312675,312680,312683,3,5
312675,312680,312683,3,5
312675,312681,312682,1,6
312675,312682,312683,1,7
312675,312680,312682,2,5
312675,312681,312682,1,6
312675,312682,312683,1,7
312675,312675,312683,8,0
312675,312675,312684,9,0
312675,312681,312684,3,6
312675,312681,312683,2,6
312675,312682,312684,2,7
312675,312682,312683,1,7
312675,312682,312684,2,7
312675,312682,312683,1,7
312675,312682,312683,1,7
312675,312682,312683,1,7
312675,312682,312683,1,7
312675,312675,312685,10,0
312675,312675,312685,10,0
312675,312675,312684,9,0
312675,312675,312685,10,0
312675,312675,312684,9,0
312675,312682,312684,2,7
312675,312675,312684,9,0
312675,312675,312686,11,0
312675,312675,312686,11,0
312675,312675,312685,10,0
312675,312675,312685,10,0
312675,312675,312685,10,0
312675,312675,312685,10,0
312675,312675,312685,10,0
312675,312675,312686,11,0
312675,312675,312687,12,0
312675,312675,312687,12,0
312675,312675,312687,12,0
312675,312675,312687,12,0
312675,312675,312690,15,0
312675,312675,312690,15,0
312701,312701,312702,1,0
312701,312701,312702,1,0
312701,312701,312702,1,0
312701,312701,312702,1,0
312701,312701,312702,1,0
312701,312701,312702,1,0
312701,312701,312702,1,0
312701,312702,312704,2,1
312701,312702,312704,2,1
312701,312703,312705,2,2
312701,312703,312705,2,2
312701,312702,312705,3,1
312701,312702,312704,2,1
312701,312701,312705,4,0
312701,312701,312706,5,0
312701,312701,312706,5,0
312701,312701,312706,5,0
312701,312701,312705,4,0
312701,312704,312706,2,3
312701,312701,312706,5,0
312701,312701,312707,6,0
312701,312701,312706,5,0
312701,312705,312707,2,4
312701,312701,312707,6,0
312701,312701,312707,6,0
312701,312701,312707,6,0
312701,312704,312707,3,3
312701,312701,312707,6,0
312701,312703,312706,3,2
312701,312705,312707,2,4
312701,312701,312708,7,0
312701,312701,312707,6,0
312701,312701,312708,7,0
312701,312701,312707,6,0
312701,312705,312707,2,4
312701,312706,312708,2,5
312701,312705,312708,3,4
312701,312706,312708,2,5
312701,312707,312708,1,6
312701,312701,312708,7,0
312701,312707,312708,1,6
312701,312701,312707,6,0
312701,312706,312708,2,5
312701,312707,312708,1,6
312701,312706,312708,2,5
312701,312707,312708,1,6
312701,312707,312708,1,6
312701,312701,312709,8,0
312701,312701,312708,7,0
312701,312708,312709,1,7
312701,312707,312708,1,6
312701,312707,312708,1,6
312701,312707,312708,1,6
312701,312707,312709,2,6
312701,312707,312708,1,6
312701,312701,312709,8,0
312701,312708,312710,2,7
312701,312708,312710,2,7
312701,312706,312709,3,5
312701,312705,312709,4,4
312701,312708,312709,1,7
312701,312701,312711,10,0
312701,312701,312710,9,0
312701,312708,312710,2,7
312701,312707,312711,4,6
312701,312701,312712,11,0
312701,312701,312712,11,0
312701,312701,312712,11,0
312701,312701,312712,11,0
312701,312701,312711,10,0
312701,312701,312712,11,0
312701,312701,312712,11,0
312701,312701,312713,12,0
312701,312701,312713,12,0
312701,312701,312712,11,0
312701,312701,312713,12,0
312701,312701,312713,12,0
312701,312701,312716,15,0
312701,312701,312716,15,0
312727,312727,312728,1,0
312727,312727,312728,1,0
312727,312727,312728,1,0
312727,312727,312728,1,0
312727,312727,312729,2,0
312727,312727,312729,2,0
312727,312727,312729,2,0
312727,312728,312730,2,1
312727,312728,312730,2,1
312727,312727,312731,4,0
312727,312728,312731,3,1
312727,312729,312731,2,2
312727,312728,312731,3,1
312727,312727,312732,5,0
312727,312727,312732,5,0
312727,312727,312732,5,0
312727,312727,312732,5,0
312727,312727,312732,5,0
312727,312729,312732,3,2
312727,312727,312732,5,0
312727,312727,312732,5,0
312727,312727,312733,6,0
312727,312727,312733,6,0
312727,312727,312733,6,0
312727,312727,312733,6,0
312727,312729,312733,4,2
312727,312727,312733,6,0
312727,312727,312733,6,0
312727,312727,312733,6,0
312727,312730,312733,3,3
312727,312730,312733,3,3
312727,312731,312733,2,4
312727,312727,312734,7,0
312727,312727,312733,6,0
312727,312733,312734,1,6
312727,312731,312734,3,4
312727,312733,312734,1,6
312727,312727,312734,7,0
312727,312733,312734,1,6
312727,312734,312735,1,7
312727,312733,312734,1,6
312727,312733,312734,1,6
312727,312733,312734,1,6
312727,312732,312734,2,5
312727,312734,312735,1,7
312727,312727,312735,8,0
312727,312727,312735,8,0
312727,312727,312735,8,0
312727,312727,312735,8,0
312727,312727,312734,7,0
312727,312733,312735,2,6
312727,312733,312735,2,6
312727,312733,312735,2,6
312727,312727,312735,8,0
312727,312733,312735,2,6
312727,312733,312735,2,6
312727,312734,312735,1,7
312727,312734,312735,1,7
312727,312734,312735,1,7
312727,312727,312736,9,0
312727,312731,312736,5,4
312727,312735,312736,1,8
312727,312735,312736,1,8
312727,312727,312737,10,0
312727,312733,312737,4,6
312727,312732,312737,5,5
312727,312727,312737,10,0
312727,312733,312737,4,6
312727,312734,312737,3,7
312727,312727,312738,11,0
312727,312727,312739,12,0
312727,312727,312739,12,0
312727,312727,312739,12,0
312727,312727,312739,12,0
312727,312727,312741,14,0
312727,312727,312747,20,0
312727,312727,312749,22,0
312727,312727,312750,23,0
312727,312727,312752,25,0
312763,312763,312765,2,0
312763,312763,312764,1,0
312763,312763,312764,1,0
312763,312763,312764,1,0
312763,312763,312764,1,0
312763,312763,312764,1,0
312763,312763,312765,2,0
312763,312763,312767,4,0
312763,312765,312767,2,2
312763,312765,312767,2,2
312763,312765,312767,2,2
312763,312763,312767,4,0
312763,312765,312767,2,2
312763,312763,312768,5,0
312763,312763,312768,5,0
312763,312765,312768,3,2
312763,312763,312768,5,0
312763,312766,312768,2,3
312763,312763,312769,6,0
312763,312763,312768,5,0
312763,312763,312768,5,0
312763,312763,312768,5,0
312763,312765,312769,4,2
312763,312763,312769,6,0
312763,312767,312769,2,4
312763,312763,312770,7,0
312763,312763,312770,7,0
312763,312763,312769,6,0
312763,312767,312769,2,4
312763,312768,312770,2,5
312763,312763,312770,7,0
312763,312763,312770,7,0
312763,312768,312770,2,5
312763,312767,312770,3,4
312763,312768,312770,2,5
312763,312763,312769,6,0
312763,312768,312770,2,5
312763,312763,312770,7,0
312763,312763,312770,7,0
312763,312763,312770,7,0
312763,312769,312771,2,6
312763,312770,312771,1,7
312763,312770,312771,1,7
312763,312770,312771,1,7
312763,312768,312771,3,5
312763,312769,312771,2,6
312763,312769,312771,2,6
312763,312768,312770,2,5
312763,312770,312771,1,7
312763,312770,312771,1,7
312763,312763,312772,9,0
312763,312763,312772,9,0
312763,312768,312772,4,5
312763,312770,312771,1,7
312763,312770,312772,2,7
312763,312770,312771,1,7
312763,312770,312771,1,7
312763,312770,312771,1,7
312763,312763,312772,9,0
312763,312767,312773,6,4
312763,312763,312773,10,0
312763,312763,312773,10,0
312763,312769,312773,4,6
312763,312769,312773,4,6
312763,312769,312772,3,6
312763,312763,312772,9,0
312763,312763,312773,10,0
312763,312769,312774,5,6
312763,312763,312774,11,0
312763,312763,312774,11,0
312763,312763,312775,12,0
312763,312763,312775,12,0
312763,312763,312776,13,0
312763,312763,312776,13,0
312763,312763,312778,15,0
312763,312763,312786,23,0
312763,312763,312788,25,0
312763,312763,312796,33,0
312763,312763,312797,34,0
312808,312808,312809,1,0
312808,312808,312809,1,0
312808,312808,312809,1,0
312808,312808,312809,1,0
312808,312808,312809,1,0
312808,312808,312809,1,0
312808,312808,312810,2,0
312808,312810,312811,1,2
312808,312809,312811,2,1
312808,312808,312812,4,0
312808,312810,312811,1,2
312808,312810,312811,1,2
312808,312809,312811,2,1
312808,312808,312812,4,0
312808,312808,312812,4,0
312808,312808,312813,5,0
312808,312808,312812,4,0
312808,312808,312813,5,0
312808,312808,312813,5,0
312808,312809,312812,3,1
312808,312808,312812,4,0
312808,312810,312813,3,2
312808,312811,312812,1,3
312808,312808,312812,4,0
312808,312808,312812,4,0
312808,312811,312812,1,3
312808,312808,312813,5,0
312808,312808,312813,5,0
312808,312808,312813,5,0
312808,312808,312813,5,0
312808,312812,312813,1,4
312808,312812,312814,2,4
312808,312812,312813,1,4
312808,312812,312814,2,4
312808,312808,312814,6,0
312808,312808,312814,6,0
312808,312808,312814,6,0
312808,312813,312815,2,5
312808,312808,312814,6,0
312808,312813,312815,2,5
312808,312813,312815,2,5
312808,312813,312815,2,5
312808,312813,312814,1,5
312808,312814,312815,1,6
312808,312808,312814,6,0
312808,312813,312814,1,5
312808,312813,312814,1,5
312808,312814,312815,1,6
312808,312808,312815,7,0
312808,312808,312815,7,0
312808,312808,312815,7,0
312808,312808,312815,7,0
312808,312813,312815,2,5
312808,312814,312815,1,6
312808,312808,312815,7,0
312808,312814,312815,1,6
312808,312814,312815,1,6
312808,312814,312815,1,6
312808,312808,312817,9,0
312808,312813,312817,4,5
312808,312814,312816,2,6
312808,312814,312816,2,6
312808,312813,312816,3,5
312808,312813,312817,4,5
312808,312808,312816,8,0
312808,312808,312817,9,0
312808,312815,312817,2,7
312808,312808,312817,9,0
312808,312808,312817,9,0
312808,312813,312818,5,5
312808,312808,312819,11,0
312808,312808,312819,11,0
312808,312808,312819,11,0
312808,312808,312818,10,0
312808,312808,312820,12,0
312808,312808,312820,12,0
312808,312808,312822,14,0
312808,312808,312823,15,0
312808,312813,312824,11,5
312836,312836,312837,1,0
312836,312836,312837,1,0
312836,312836,312837,1,0
312836,312836,312838,2,0
312836,312836,312837,1,0
312836,312836,312837,1,0
312836,312836,312838,2,0
312836,312836,312840,4,0
312836,312838,312840,2,2
312836,312837,312840,3,1
312836,312836,312841,5,0
312836,312837,312841,4,1
312836,312838,312841,3,2
312836,312838,312840,2,2
312836,312838,312841,3,2
312836,312836,312840,4,0
312836,312836,312841,5,0
312836,312836,312842,6,0
312836,312836,312842,6,0
312836,312836,312842,6,0
312836,312836,312842,6,0
312836,312836,312842,6,0
312836,312841,312842,1,5
312836,312836,312842,6,0
312836,312839,312842,3,3
312836,312840,312841,1,4
312836,312840,312842,2,4
312836,312836,312843,7,0
312836,312836,312842,6,0
312836,312836,312843,7,0
312836,312836,312842,6,0
312836,312841,312842,1,5
312836,312840,312842,2,4
312836,312841,312843,2,5
312836,312836,312843,7,0
312836,312836,312844,8,0
312836,312836,312843,7,0
312836,312836,312843,7,0
312836,312836,312844,8,0
312836,312836,312843,7,0
312836,312841,312843,2,5
312836,312841,312843,2,5
312836,312836,312844,8,0
312836,312841,312843,2,5
312836,312842,312844,2,6
312836,312842,312844,2,6
312836,312842,312844,2,6
312836,312842,312844,2,6
312836,312843,312844,1,7
312836,312836,312844,8,0
312836,312836,312845,9,0
312836,312836,312845,9,0
312836,312842,312845,3,6
312836,312843,312844,1,7
312836,312842,312844,2,6
312836,312842,312845,3,6
312836,312842,312844,2,6
312836,312843,312845,2,7
312836,312843,312844,1,7
312836,312836,312845,9,0
312836,312843,312844,1,7
312836,312843,312845,2,7
312836,312836,312845,9,0
312836,312836,312846,10,0
312836,312842,312846,4,6
312836,312836,312845,9,0
312836,312843,312846,3,7
312836,312836,312846,10,0
312836,312842,312845,3,6
312836,312843,312847,4,7
312836,312836,312847,11,0
312836,312836,312847,11,0
312836,312836,312847,11,0
312836,312836,312848,12,0
312836,312836,312848,12,0
312836,312836,312850,14,0
312836,312842,312851,9,6
312836,312836,312852,16,0
312836,312836,312852,16,0
312863,312863,312864,1,0
312863,312863,312864,1,0
312863,312863,312864,1,0
312863,312863,312864,1,0
312863,312863,312864,1,0
312863,312863,312864,1,0
312863,312863,312865,2,0
312863,312863,312867,4,0
312863,312865,312867,2,2
312863,312864,312867,3,1
312863,312865,312867,2,2
312863,312865,312868,3,2
312863,312863,312867,4,0
312863,312865,312868,3,2
312863,312864,312868,4,1
312863,312865,312867,2,2
312863,312863,312869,6,0
312863,312863,312868,5,0
312863,312863,312869,6,0
312863,312863,312868,5,0
312863,312863,312868,5,0
312863,312868,312869,1,5
312863,312868,312869,1,5
312863,312867,312869,2,4
312863,312868,312869,1,5
312863,312863,312869,6,0
312863,312863,312869,6,0
312863,312863,312869,6,0
312863,312863,312870,7,0
312863,312863,312870,7,0
312863,312863,312869,6,0
312863,312863,312870,7,0
312863,312863,312870,7,0
312863,312863,312870,7,0
312863,312867,312869,2,4
312863,312863,312869,6,0
312863,312867,312870,3,4
312863,312868,312870,2,5
312863,312863,312871,8,0
312863,312869,312871,2,6
312863,312868,312870,2,5
312863,312869,312871,2,6
312863,312869,312871,2,6
312863,312869,312871,2,6
312863,312870,312871,1,7
312863,312863,312871,8,0
312863,312869,312871,2,6
312863,312869,312871,2,6
312863,312863,312871,8,0
312863,312869,312871,2,6
312863,312869,312871,2,6
312863,312869,312871,2,6
312863,312869,312871,2,6
312863,312869,312871,2,6
312863,312863,312871,8,0
312863,312863,312872,9,0
312863,312863,312872,9,0
312863,312867,312872,5,4
312863,312870,312872,2,7
312863,312870,312871,1,7
312863,312863,312871,8,0
312863,312863,312873,10,0
312863,312863,312873,10,0
312863,312870,312873,3,7
312863,312863,312873,10,0
312863,312870,312873,3,7
312863,312863,312874,11,0
312863,312863,312874,11,0
312863,312863,312874,11,0
312863,312870,312874,4,7
312863,312870,312874,4,7
312863,312863,312874,11,0
312863,312870,312875,5,7
312863,312863,312876,13,0
312863,312863,312878,15,0
312863,312863,312880,17,0
312863,312863,312884,21,0
312863,312863,312887,24,0
312863,312863,312891,28,0
312902,312902,312903,1,0
312902,312902,312903,1,0
312902,312902,312903,1,0
312902,312902,312903,1,0
312902,312902,312903,1,0
312902,312902,312904,2,0
312902,312902,312904,2,0
312902,312903,312905,2,1
312902,312903,312906,3,1
312902,312903,312906,3,1
312902,312902,312907,5,0
312902,312904,312907,3,2
312902,312902,312907,5,0
312902,312904,312906,2,2
312902,312902,312906,4,0
312902,312902,312907,5,0
312902,312902,312907,5,0
312902,312903,312906,3,1
312902,312904,312907,3,2
312902,312902,312907,5,0
312902,312902,312908,6,0
312902,312907,312908,1,5
312902,312902,312908,6,0
312902,312902,312908,6,0
312902,312902,312908,6,0
312902,312907,312908,1,5
312902,312907,312908,1,5
312902,312902,312908,6,0
312902,312902,312909,7,0
312902,312902,312909,7,0
312902,312902,312909,7,0
312902,312907,312909,2,5
312902,312908,312909,1,6
312902,312907,312909,2,5
312902,312906,312908,2,4
312902,312907,312909,2,5
312902,312907,312908,1,5
312902,312906,312909,3,4
312902,312907,312909,2,5
312902,312908,312909,1,6
312902,312906,312909,3,4
312902,312908,312909,1,6
312902,312902,312910,8,0
312902,312902,312910,8,0
312902,312902,312910,8,0
312902,312902,312910,8,0
312902,312907,312909,2,5
312902,312902,312910,8,0
312902,312908,312910,2,6
312902,312909,312910,1,7
312902,312909,312910,1,7
312902,312909,312910,1,7
312902,312908,312910,2,6
312902,312902,312910,8,0
312902,312908,312910,2,6
312902,312909,312910,1,7
312902,312902,312911,9,0
312902,312902,312911,9,0
312902,312902,312911,9,0
312902,312909,312911,2,7
312902,312908,312911,3,6
312902,312908,312911,3,6
312902,312909,312911,2,7
312902,312909,312910,1,7
312902,312902,312912,10,0
312902,312902,312912,10,0
312902,312902,312912,10,0
312902,312902,312913,11,0
312902,312902,312912,10,0
312902,312902,312913,11,0
312902,312902,312913,11,0
312902,312902,312913,11,0
312902,312902,312914,12,0
312902,312902,312915,13,0
312902,312902,312925,23,0
312902,312902,312925,23,0
312902,312902,312928,26,0
312902,312902,312928,26,0
312939,312939,312940,1,0
312939,312939,312940,1,0
312939,312939,312940,1,0
312939,312939,312940,1,0
312939,312939,312940,1,0
312939,312939,312940,1,0
312939,312939,312940,1,0
312939,312940,312941,1,1
312939,312939,312942,3,0
312939,312939,312942,3,0
312939,312939,312942,3,0
312939,312941,312943,2,2
312939,312939,312942,3,0
312939,312939,312943,4,0
312939,312939,312944,5,0
312939,312941,312943,2,2
312939,312941,312943,2,2
312939,312939,312943,4,0
312939,312942,312944,2,3
312939,312939,312943,4,0
312939,312939,312944,5,0
312939,312941,312944,3,2
312939,312941,312943,2,2
312939,312939,312944,5,0
312939,312939,312944,5,0
312939,312939,312944,5,0
312939,312943,312944,1,4
312939,312943,312945,2,4
312939,312939,312944,5,0
312939,312939,312945,6,0
312939,312939,312944,5,0
312939,312939,312944,5,0
312939,312939,312944,5,0
312939,312939,312945,6,0
312939,312941,312944,3,2
312939,312944,312945,1,5
312939,312939,312946,7,0
312939,312939,312945,6,0
312939,312943,312945,2,4
312939,312939,312945,6,0
312939,312945,312946,1,6
312939,312944,312945,1,5
312939,312944,312945,1,5
312939,312944,312945,1,5
312939,312944,312945,1,5
312939,312944,312945,1,5
312939,312939,312945,6,0
312939,312944,312945,1,5
312939,312945,312946,1,6
312939,312945,312946,1,6
312939,312944,312945,1,5
312939,312945,312946,1,6
312939,312945,312946,1,6
312939,312944,312947,3,5
312939,312939,312946,7,0
312939,312943,312946,3,4
312939,312939,312947,8,0
312939,312945,312946,1,6
312939,312945,312946,1,6
312939,312945,312946,1,6
312939,312945,312946,1,6
312939,312945,312946,1,6
312939,312939,312947,8,0
312939,312939,312947,8,0
312939,312939,312948,9,0
312939,312945,312947,2,6
312939,312943,312948,5,4
312939,312944,312948,4,5
312939,312939,312949,10,0
312939,312939,312948,9,0
312939,312939,312948,9,0
312939,312939,312949,10,0
312939,312939,312948,9,0
312939,312939,312949,10,0
312939,312939,312949,10,0
312939,312939,312950,11,0
312939,312939,312949,10,0
312939,312945,312950,5,6
312939,312939,312953,14,0
312964,312964,312965,1,0
312964,312964,312965,1,0
312964,312964,312965,1,0
312964,312964,312965,1,0
312964,312964,312965,1,0
312964,312964,312965,1,0
312964,312964,312965,1,0
312964,312964,312967,3,0
312964,312964,312967,3,0
312964,312966,312968,2,2
312964,312964,312968,4,0
312964,312964,312968,4,0
312964,312966,312968,2,2
312964,312966,312968,2,2
312964,312966,312968,2,2
312964,312966,312968,2,2
312964,312966,312968,2,2
312964,312964,312969,5,0
312964,312966,312969,3,2
312964,312964,312969,5,0
312964,312964,312970,6,0
312964,312968,312970,2,4
312964,312964,312970,6,0
312964,312969,312970,1,5
312964,312964,312970,6,0
312964,312964,312971,7,0
312964,312964,312970,6,0
312964,312969,312971,2,5
312964,312969,312970,1,5
312964,312964,312970,6,0
312964,312964,312970,6,0
312964,312969,312970,1,5
312964,312970,312971,1,6
312964,312964,312970,6,0
312964,312969,312970,1,5
312964,312970,312971,1,6
312964,312964,312971,7,0
312964,312970,312971,1,6
312964,312970,312971,1,6
312964,312964,312971,7,0
312964,312969,312970,1,5
312964,312970,312971,1,6
312964,312964,312972,8,0
312964,312971,312972,1,7
312964,312970,312971,1,6
312964,312971,312972,1,7
312964,312971,312972,1,7
312964,312971,312972,1,7
312964,312971,312972,1,7
312964,312964,312973,9,0
312964,312964,312973,9,0
312964,312970,312972,2,6
312964,312964,312972,8,0
312964,312971,312972,1,7
312964,312971,312972,1,7
312964,312971,312972,1,7
312964,312971,312972,1,7
312964,312964,312973,9,0
312964,312964,312973,9,0
312964,312964,312973,9,0
312964,312969,312973,4,5
312964,312971,312973,2,7
312964,312964,312973,9,0
312964,312971,312973,2,7
312964,312964,312973,9,0
312964,312964,312973,9,0
312964,312964,312975,11,0
312964,312964,312974,10,0
312964,312968,312974,6,4
312964,312968,312974,6,4
312964,312964,312975,11,0
312964,312964,312975,11,0
312964,312964,312976,12,0
312964,312964,312982,18,0
312964,312964,312986,22,0
312964,312964,312988,24,0
312964,312964,312989,25,0
312964,312964,312990,26,0
312964,312964,312995,31,0
313006,313006,313007,1,0
313006,313006,313007,1,0
313006,313006,313007,1,0
313006,313006,313007,1,0
313006,313006,313007,1,0
313006,313006,313008,2,0
313006,313006,313007,1,0
313006,313007,313009,2,1
313006,313006,313009,3,0
313006,313007,313009,2,1
313006,313007,313009,2,1
313006,313008,313010,2,2
313006,313006,313011,5,0
313006,313008,313010,2,2
313006,313008,313011,3,2
313006,313008,313010,2,2
313006,313009,313010,1,3
313006,313006,313011,5,0
313006,313006,313011,5,0
313006,313006,313012,6,0
313006,313006,313011,5,0
313006,313006,313012,6,0
313006,313006,313011,5,0
313006,313006,313012,6,0
313006,313011,313012,1,5
313006,313011,313012,1,5
313006,313006,313011,5,0
313006,313010,313011,1,4
313006,313010,313011,1,4
313006,313010,313012,2,4
313006,313006,313012,6,0
313006,313010,313012,2,4
313006,313006,313012,6,0
313006,313006,313012,6,0
313006,313006,313012,6,0
313006,313011,313012,1,5
313006,313012,313013,1,6
313006,313006,313013,7,0
313006,313006,313012,6,0
313006,313011,313012,1,5
313006,313012,313013,1,6
313006,313011,313012,1,5
313006,313006,313012,6,0
313006,313006,313012,6,0
313006,313006,313013,7,0
313006,313012,313014,2,6
313006,313006,313013,7,0
313006,313011,313014,3,5
313006,313006,313013,7,0
313006,313012,313014,2,6
313006,313012,313014,2,6
313006,313013,313014,1,7
313006,313013,313014,1,7
313006,313006,313013,7,0
313006,313006,313013,7,0
313006,313012,313013,1,6
313006,313012,313013,1,6
313006,313012,313013,1,6
313006,313012,313013,1,6
313006,313006,313015,9,0
313006,313012,313014,2,6
313006,313013,313015,2,7
313006,313006,313015,9,0
313006,313012,313014,2,6
313006,313012,313014,2,6
313006,313006,313015,9,0
313006,313013,313015,2,7
313006,313013,313015,2,7
313006,313006,313016,10,0
313006,313006,313018,12,0
313006,313006,313021,15,0
313006,313006,313027,21,0
313006,313006,313029,23,0
313006,313006,313028,22,0
313006,313006,313030,24,0
313006,313006,313031,25,0
313006,313006,313033,27,0
313006,313006,313035,29,0
313006,313006,313036,30,0
313046,313046,313047,1,0
313046,313046,313048,2,0
313046,313046,313048,2,0
313046,313046,313048,2,0
313046,313046,313048,2,0
313046,313046,313048,2,0
313046,313046,313049,3,0
313046,313049,313050,1,3
313046,313049,313050,1,3
313046,313049,313050,1,3
313046,313046,313051,5,0
313046,313046,313051,5,0
313046,313047,313051,4,1
313046,313046,313051,5,0
313046,313047,313051,4,1
313046,313048,313051,3,2
313046,313047,313051,4,1
313046,313050,313051,1,4
313046,313049,313051,2,3
313046,313047,313052,5,1
313046,313047,313052,5,1
313046,313047,313052,5,1
313046,313049,313052,3,3
313046,313046,313052,6,0
313046,313047,313052,5,1
313046,313051,313053,2,5
313046,313047,313053,6,1
313046,313046,313053,7,0
313046,313046,313053,7,0
313046,313046,313053,7,0
313046,313053,313054,1,7
313046,313046,313054,8,0
313046,313047,313053,6,1
313046,313052,313053,1,6
313046,313046,313053,7,0
313046,313051,313053,2,5
313046,313052,313053,1,6
313046,313051,313053,2,5
313046,313052,313053,1,6
313046,313046,313053,7,0
313046,313052,313054,2,6
313046,313046,313054,8,0
313046,313046,313054,8,0
313046,313047,313055,8,1
313046,313046,313054,8,0
313046,313046,313055,9,0
313046,313046,313054,8,0
313046,313054,313055,1,8
313046,313054,313055,1,8
313046,313053,313054,1,7
313046,313054,313055,1,8
313046,313046,313054,8,0
313046,313047,313054,7,1
313046,313053,313054,1,7
313046,313046,313055,9,0
313046,313047,313055,8,1
313046,313052,313055,3,6
313046,313054,313055,1,8
313046,313052,313055,3,6
313046,313053,313056,3,7
313046,313052,313055,3,6
313046,313052,313055,3,6
313046,313053,313056,3,7
313046,313054,313055,1,8
313046,313054,313055,1,8
313046,313054,313055,1,8
313046,313046,313055,9,0
313046,313046,313056,10,0
313046,313053,313056,3,7
313046,313052,313056,4,6
313046,313053,313056,3,7
313046,313054,313056,2,8
313046,313054,313056,2,8
313046,313046,313057,11,0
313046,313047,313057,10,1
313046,313047,313061,14,1
313046,313046,313065,19,0
313046,313046,313069,23,0
313046,313047,313070,23,1
313082,313082,313083,1,0
313082,313082,313083,1,0
313082,313082,313083,1,0
313082,313082,313083,1,0
313082,313082,313084,2,0
313082,313082,313083,1,0
313082,313082,313085,3,0
313082,313083,313085,2,1
313082,313082,313085,3,0
313082,313084,313086,2,2
313082,313084,313086,2,2
313082,313083,313086,3,1
313082,313083,313085,2,1
313082,313082,313087,5,0
313082,313084,313087,3,2
313082,313082,313088,6,0
313082,313082,313088,6,0
313082,313082,313088,6,0
313082,313082,313088,6,0
313082,313082,313088,6,0
313082,313082,313088,6,0
313082,313085,313088,3,3
313082,313086,313088,2,4
313082,313082,313088,6,0
313082,313082,313088,6,0
313082,313082,313088,6,0
313082,313082,313088,6,0
313082,313082,313088,6,0
313082,313086,313088,2,4
313082,313082,313089,7,0
313082,313082,313089,7,0
313082,313082,313089,7,0
313082,313082,313089,7,0
313082,313086,313089,3,4
313082,313082,313089,7,0
313082,313082,313089,7,0
313082,313087,313089,2,5
313082,313087,313089,2,5
313082,313088,313089,1,6
313082,313086,313089,3,4
313082,313088,313089,1,6
313082,313082,313089,7,0
313082,313086,313089,3,4
313082,313082,313090,8,0
313082,313086,313090,4,4
313082,313082,313090,8,0
313082,313088,313090,2,6
313082,313089,313090,1,7
313082,313088,313090,2,6
313082,313089,313090,1,7
313082,313088,313090,2,6
313082,313088,313090,2,6
313082,313088,313090,2,6
313082,313088,313090,2,6
313082,313082,313091,9,0
313082,313089,313091,2,7
313082,313082,313091,9,0
313082,313088,313091,3,6
313082,313088,313091,3,6
313082,313089,313091,2,7
313082,313088,313091,3,6
313082,313089,313091,2,7
313082,313089,313091,2,7
313082,313088,313090,2,6
313082,313082,313092,10,0
313082,313082,313091,9,0
313082,313088,313092,4,6
313082,313082,313092,10,0
313082,313088,313092,4,6
313082,313082,313092,10,0
313082,313082,313092,10,0
313082,313082,313093,11,0
313082,313082,313094,12,0
313082,313082,313094,12,0
313082,313082,313094,12,0
313082,313082,313105,23,0
313082,313082,313108,26,0
313082,313082,313109,27,0
313082,313082,313109,27,0
313121,313121,313122,1,0
313121,313121,313122,1,0
313121,313121,313122,1,0
313121,313121,313123,2,0
313121,313121,313122,1,0
313121,313121,313122,1,0
313121,313121,313124,3,0
313121,313121,313124,3,0
313121,313121,313124,3,0
313121,313123,313125,2,2
313121,313123,313125,2,2
313121,313121,313125,4,0
313121,313121,313126,5,0
313121,313123,313126,3,2
313121,313123,313126,3,2
313121,313124,313126,2,3
313121,313121,313126,5,0
313121,313123,313127,4,2
313121,313123,313127,4,2
313121,313125,313127,2,4
313121,313121,313128,7,0
313121,313121,313128,7,0
313121,313125,313128,3,4
313121,313121,313128,7,0
313121,313121,313128,7,0
313121,313121,313128,7,0
313121,313121,313128,7,0
313121,313121,313128,7,0
313121,313126,313128,2,5
313121,313127,313128,1,6
313121,313121,313128,7,0
313121,313126,313128,2,5
313121,313126,313128,2,5
313121,313125,313128,3,4
313121,313125,313128,3,4
313121,313121,313129,8,0
313121,313121,313129,8,0
313121,313128,313129,1,7
313121,313127,313129,2,6
313121,313127,313129,2,6
313121,313128,313129,1,7
313121,313127,313128,1,6
313121,313128,313129,1,7
313121,313121,313129,8,0
313121,313121,313130,9,0
313121,313121,313130,9,0
313121,313128,313130,2,7
313121,313128,313129,1,7
313121,313128,313130,2,7
313121,313128,313130,2,7
313121,313121,313130,9,0
313121,313128,313130,2,7
313121,313128,313130,2,7
313121,313128,313130,2,7
313121,313128,313129,1,7
313121,313128,313130,2,7
313121,313129,313131,2,8
313121,313121,313131,10,0
313121,313129,313131,2,8
313121,313121,313131,10,0
313121,313126,313131,5,5
313121,313128,313131,3,7
313121,313126,313132,6,5
313121,313121,313131,10,0
313121,313121,313132,11,0
313121,313121,313133,12,0
313121,313121,313133,12,0
313121,313121,313134,13,0
313121,313121,313134,13,0
313121,313121,313134,13,0
313121,313121,313134,13,0
313121,313121,313135,14,0
313121,313121,313140,19,0
313121,313121,313144,23,0
313121,313121,313144,23,0
313121,313121,313149,28,0
313121,313121,313150,29,0
313121,313121,313152,31,0
313121,313121,313152,31,0
313163,313163,313164,1,0
313163,313163,313164,1,0
313163,313163,313164,1,0
313163,313163,313164,1,0
313163,313163,313164,1,0
313163,313163,313165,2,0
313163,313163,313164,1,0
313163,313165,313167,2,2
313163,313164,313167,3,1
313163,313164,313167,3,1
313163,313164,313167,3,1
313163,313163,313167,4,0
313163,313163,313167,4,0
313163,313164,313168,4,1
313163,313165,313168,3,2
313163,313163,313168,5,0
313163,313165,313168,3,2
313163,313163,313169,6,0
313163,313163,313168,5,0
313163,313163,313169,6,0
313163,313163,313169,6,0
313163,313167,313169,2,4
313163,313163,313168,5,0
313163,313168,313169,1,5
313163,313167,313169,2,4
313163,313167,313169,2,4
313163,313163,313170,7,0
313163,313167,313169,2,4
313163,313163,313169,6,0
313163,313169,313170,1,6
313163,313163,313170,7,0
313163,313168,313169,1,5
313163,313169,313170,1,6
313163,313163,313169,6,0
313163,313168,313169,1,5
313163,313163,313169,6,0
313163,313163,313170,7,0
313163,313168,313169,1,5
313163,313169,313171,2,6
313163,313163,313171,8,0
313163,313168,313171,3,5
313163,313163,313170,7,0
313163,313168,313171,3,5
313163,313170,313171,1,7
313163,313163,313171,8,0
313163,313170,313171,1,7
313163,313170,313171,1,7
313163,313163,313170,7,0
313163,313169,313171,2,6
313163,313163,313170,7,0
313163,313169,313170,1,6
313163,313170,313171,1,7
313163,313170,313171,1,7
313163,313163,313172,9,0
313163,313169,313171,2,6
313163,313163,313172,9,0
313163,313169,313171,2,6
313163,313169,313171,2,6
313163,313163,313172,9,0
313163,313169,313172,3,6
313163,313163,313172,9,0
313163,313170,313171,1,7
313163,313163,313172,9,0
313163,313170,313171,1,7
313163,313170,313171,1,7
313163,313170,313171,1,7
313163,313163,313173,10,0
313163,313163,313173,10,0
313163,313163,313174,11,0
313163,313163,313174,11,0
313163,313163,313174,11,0
313163,313163,313175,12,0
313163,313163,313175,12,0
313163,313163,313175,12,0
313163,313163,313175,12,0
313163,313163,313176,13,0
313163,313163,313177,14,0
313163,313163,313178,15,0
313163,313163,313182,19,0
313193,313193,313194,1,0
313193,313193,313194,1,0
313193,313193,313194,1,0
313193,313193,313194,1,0
313193,313193,313194,1,0
313193,313193,313194,1,0
313193,313193,313195,2,0
313193,313194,313196,2,1
313193,313194,313196,2,1
313193,313195,313196,1,2
313193,313195,313196,1,2
313193,313195,313196,1,2
313193,313196,313197,1,3
313193,313193,313197,4,0
313193,313193,313197,4,0
313193,313197,313198,1,4
313193,313195,313197,2,2
313193,313196,313197,1,3
313193,313197,313198,1,4
313193,313196,313197,1,3
313193,313193,313199,6,0
313193,313193,313198,5,0
313193,313193,313198,5,0
313193,313193,313198,5,0
313193,313193,313199,6,0
313193,313197,313198,1,4
313193,313198,313199,1,5
313193,313193,313199,6,0
313193,313197,313198,1,4
313193,313193,313199,6,0
313193,313193,313199,6,0
313193,313193,313199,6,0
313193,313193,313199,6,0
313193,313193,313199,6,0
313193,313198,313199,1,5
313193,313193,313199,6,0
313193,313193,313199,6,0
313193,313193,313199,6,0
313193,313193,313199,6,0
313193,313193,313199,6,0
313193,313199,313200,1,6
313193,313193,313199,6,0
313193,313198,313199,1,5
313193,313198,313199,1,5
313193,313199,313200,1,6
313193,313193,313200,7,0
313193,313193,313199,6,0
313193,313198,313199,1,5
313193,313199,313200,1,6
313193,313193,313200,7,0
313193,313199,313201,2,6
313193,313193,313200,7,0
313193,313193,313201,8,0
313193,313199,313201,2,6
313193,313199,313200,1,6
313193,313200,313201,1,7
313193,313199,313200,1,6
313193,313200,313201,1,7
313193,313193,313201,8,0
313193,313200,313202,2,7
313193,313193,313201,8,0
313193,313200,313202,2,7
313193,313198,313201,3,5
313193,313198,313201,3,5
313193,313200,313202,2,7
313193,313200,313201,1,7
313193,313199,313203,4,6
313193,313199,313203,4,6
313193,313193,313202,9,0
313193,313193,313203,10,0
313193,313193,313203,10,0
313193,313193,313204,11,0
313193,313193,313204,11,0
313193,313193,313205,12,0
313193,313193,313205,12,0
313193,313193,313205,12,0
313193,313193,313207,14,0
313193,313193,313209,16,0
313193,313193,313212,19,0
313223,313223,313224,1,0
313223,313223,313224,1,0
313223,313223,313224,1,0
313223,313223,313224,1,0
313223,313223,313225,2,0
313223,313223,313225,2,0
313223,313223,313225,2,0
313223,313223,313227,4,0
313223,313224,313226,2,1
313223,313225,313227,2,2
313223,313225,313227,2,2
313223,313225,313227,2,2
313223,313224,313227,3,1
313223,313225,313226,1,2
313223,313223,313228,5,0
313223,313223,313228,5,0
313223,313223,313227,4,0
313223,313223,313228,5,0
313223,313223,313227,4,0
313223,313227,313228,1,4
313223,313227,313228,1,4
313223,313227,313228,1,4
313223,313226,313228,2,3
313223,313223,313229,6,0
313223,313223,313229,6,0
313223,313223,313228,5,0
313223,313227,313229,2,4
313223,313227,313229,2,4
313223,313223,313228,5,0
313223,313227,313229,2,4
313223,313223,313230,7,0
313223,313223,313230,7,0
313223,313223,313230,7,0
313223,313223,313230,7,0
313223,313223,313230,7,0
313223,313228,313230,2,5
313223,313223,313230,7,0
313223,313223,313229,6,0
313223,313229,313230,1,6
313223,313223,313230,7,0
313223,313228,313230,2,5
313223,313223,313229,6,0
313223,313228,313230,2,5
313223,313228,313230,2,5
313223,313223,313231,8,0
313223,313228,313231,3,5
313223,313223,313230,7,0
313223,313227,313231,4,4
313223,313223,313231,8,0
313223,313228,313231,3,5
313223,313228,313231,3,5
313223,313228,313231,3,5
313223,313229,313231,2,6
313223,313230,313231,1,7
313223,313223,313231,8,0
313223,313229,313231,2,6
313223,313223,313231,8,0
313223,313223,313231,8,0
313223,313229,313231,2,6
313223,313229,313232,3,6
313223,313229,313231,2,6
313223,313228,313232,4,5
313223,313230,313232,2,7
313223,313229,313231,2,6
313223,313223,313232,9,0
313223,313230,313232,2,7
313223,313230,313232,2,7
313223,313230,313232,2,7
313223,313223,313233,10,0
313223,313223,313234,11,0
313223,313223,313234,11,0
313223,313223,313235,12,0
313223,313223,313235,12,0
313223,313223,313236,13,0
313223,313223,313236,13,0
313223,313223,313237,14,0
313223,313223,313239,16,0
313223,313223,313242,19,0
313223,313223,313245,22,0
313256,313256,313257,1,0
313256,313256,313257,1,0
313256,313256,313257,1,0
313256,313256,313257,1,0
313256,313256,313257,1,0
313256,313256,313257,1,0
313256,313256,313259,3,0
313256,313257,313259,2,1
313256,313258,313259,1,2
313256,313258,313259,1,2
313256,313258,313260,2,2
313256,313258,313259,1,2
313256,313258,313260,2,2
313256,313259,313260,1,3
313256,313259,313260,1,3
313256,313259,313260,1,3
313256,313259,313260,1,3
313256,313260,313261,1,4
313256,313256,313261,5,0
313256,313256,313261,5,0
313256,313256,313261,5,0
313256,313256,313261,5,0
313256,313256,313261,5,0
313256,313260,313262,2,4
313256,313256,313261,5,0
313256,313256,313262,6,0
313256,313260,313262,2,4
313256,313260,313262,2,4
313256,313256,313262,6,0
313256,313256,313263,7,0
313256,313256,313263,7,0
313256,313261,313262,1,5
313256,313262,313263,1,6
313256,313261,313262,1,5
313256,313261,313262,1,5
313256,313256,313263,7,0
313256,313260,313262,2,4
313256,313256,313263,7,0
313256,313256,313262,6,0
313256,313256,313262,6,0
313256,313256,313264,8,0
313256,313256,313263,7,0
313256,313262,313264,2,6
313256,313256,313263,7,0
313256,313262,313264,2,6
313256,313256,313263,7,0
313256,313256,313263,7,0
313256,313262,313263,1,6
313256,313256,313264,8,0
313256,313256,313264,8,0
313256,313256,313263,7,0
313256,313262,313263,1,6
313256,313262,313264,2,6
313256,313256,313264,8,0
313256,313262,313263,1,6
313256,313262,313265,3,6
313256,313256,313265,9,0
313256,313262,313265,3,6
313256,313263,313265,2,7
313256,313262,313265,3,6
313256,313263,313264,1,7
313256,313263,313265,2,7
313256,313263,313265,2,7
313256,313263,313264,1,7
313256,313263,313264,1,7
313256,313256,313265,9,0
313256,313256,313266,10,0
313256,313256,313266,10,0
313256,313256,313266,10,0
313256,313263,313265,2,7
313256,313256,313267,11,0
313256,313256,313267,11,0
313256,313256,313267,11,0
313256,313256,313268,12,0
313256,313256,313268,12,0
313256,313256,313268,12,0
313256,313256,313268,12,0
313256,313256,313269,13,0
313256,313256,313271,15,0
313282,313282,313283,1,0
313282,313282,313283,1,0
313282,313282,313283,1,0
313282,313282,313283,1,0
313282,313282,313283,1,0
313282,313282,313283,1,0
313282,313283,313285,2,1
313282,313283,313284,1,1
313282,313282,313284,2,0
313282,313284,313285,1,2
313282,313282,313285,3,0
313282,313284,313285,1,2
313282,313284,313285,1,2
313282,313284,313285,1,2
313282,313282,313286,4,0
313282,313282,313286,4,0
313282,313282,313286,4,0
313282,313285,313286,1,3
313282,313285,313286,1,3
313282,313285,313286,1,3
313282,313285,313286,1,3
313282,313286,313287,1,4
313282,313286,313287,1,4
313282,313282,313287,5,0
313282,313282,313287,5,0
313282,313282,313288,6,0
313282,313282,313287,5,0
313282,313286,313288,2,4
313282,313282,313288,6,0
313282,313287,313288,1,5
313282,313282,313287,5,0
313282,313282,313289,7,0
313282,313282,313288,6,0
313282,313282,313289,7,0
313282,313282,313288,6,0
313282,313286,313288,2,4
313282,313287,313289,2,5
313282,313282,313289,7,0
313282,313282,313289,7,0
313282,313287,313288,1,5
313282,313282,313288,6,0
313282,313287,313288,1,5
313282,313287,313288,1,5
313282,313282,313288,6,0
313282,313282,313289,7,0
313282,313288,313289,1,6
313282,313282,313288,6,0
313282,313287,313288,1,5
313282,313287,313288,1,5
313282,313288,313289,1,6
313282,313287,313289,2,5
313282,313287,313289,2,5
313282,313282,313290,8,0
313282,313288,313289,1,6
313282,313288,313289,1,6
313282,313288,313289,1,6
313282,313288,313289,1,6
313282,313282,313290,8,0
313282,313282,313291,9,0
313282,313282,313291,9,0
313282,313289,313291,2,7
313282,313288,313290,2,6
313282,313282,313290,8,0
313282,313288,313291,3,6
313282,313289,313291,2,7
313282,313282,313291,9,0
313282,313289,313291,2,7
313282,313289,313292,3,7
313282,313282,313291,9,0
313282,313282,313292,10,0
313282,313282,313292,10,0
313282,313282,313293,11,0
313282,313282,313293,11,0
313282,313282,313294,12,0
313282,313282,313296,14,0
313282,313282,313296,14,0
313282,313282,313296,14,0
313282,313282,313296,14,0
313282,313282,313302,20,0
313313,313313,313314,1,0
313313,313313,313314,1,0
313313,313313,313314,1,0
313313,313313,313314,1,0
313313,313313,313314,1,0
313313,313313,313314,1,0
313313,313313,313315,2,0
313313,313315,313316,1,2
313313,313314,313315,1,1
313313,313315,313316,1,2
313313,313313,313316,3,0
313313,313315,313316,1,2
313313,313315,313316,1,2
313313,313315,313317,2,2
313313,313316,313317,1,3
313313,313313,313317,4,0
313313,313313,313318,5,0
313313,313313,313318,5,0
313313,313313,313317,4,0
313313,313313,313317,4,0
313313,313313,313318,5,0
313313,313313,313318,5,0
313313,313316,313317,1,3
313313,313316,313317,1,3
313313,313316,313317,1,3
313313,313313,313318,5,0
313313,313313,313318,5,0
313313,313313,313318,5,0
313313,313317,313318,1,4
313313,313313,313319,6,0
313313,313313,313319,6,0
313313,313317,313318,1,4
313313,313313,313319,6,0
313313,313317,313318,1,4
313313,313318,313319,1,5
313313,313317,313318,1,4
313313,313313,313320,7,0
313313,313317,313320,3,4
313313,313313,313320,7,0
313313,313318,313320,2,5
313313,313313,313320,7,0
313313,313318,313320,2,5
313313,313318,313319,1,5
313313,313313,313320,7,0
313313,313313,313320,7,0
313313,313318,313319,1,5
313313,313318,313319,1,5
313313,313318,313319,1,5
313313,313319,313320,1,6
313313,313319,313320,1,6
313313,313313,313319,6,0
313313,313318,313319,1,5
313313,313318,313320,2,5
313313,313318,313320,2,5
313313,313319,313321,2,6
313313,313319,313320,1,6
313313,313313,313321,8,0
313313,313319,313320,1,6
313313,313319,313321,2,6
313313,313319,313320,1,6
313313,313319,313320,1,6
313313,313313,313322,9,0
313313,313319,313321,2,6
313313,313313,313322,9,0
313313,313313,313322,9,0
313313,313319,313322,3,6
313313,313313,313321,8,0
313313,313313,313322,9,0
313313,313313,313322,9,0
313313,313313,313323,10,0
313313,313313,313322,9,0
313313,313313,313323,10,0
313313,313313,313324,11,0
313313,313313,313323,10,0
313313,313313,313325,12,0
313313,313313,313326,13,0
313313,313313,313326,13,0
313313,313313,313326,13,0
313313,313313,313326,13,0
313337,313337,313338,1,0
313337,313337,313338,1,0
313337,313337,313338,1,0
313337,313337,313338,1,0
313337,313337,313339,2,0
313337,313337,313338,1,0
313337,313337,313339,2,0
313337,313338,313340,2,1
313337,313338,313340,2,1
313337,313338,313340,2,1
313337,313338,313340,2,1
313337,313337,313341,4,0
313337,313337,313341,4,0
313337,313337,313341,4,0
313337,313337,313341,4,0
313337,313339,313341,2,2
313337,313339,313341,2,2
313337,313337,313341,4,0
313337,313337,313342,5,0
313337,313340,313342,2,3
313337,313340,313342,2,3
313337,313337,313342,5,0
313337,313340,313342,2,3
313337,313337,313342,5,0
313337,313337,313342,5,0
313337,313340,313342,2,3
313337,313337,313342,5,0
313337,313337,313342,5,0
313337,313341,313342,1,4
313337,313337,313343,6,0
313337,313337,313343,6,0
313337,313341,313343,2,4
313337,313341,313343,2,4
313337,313341,313343,2,4
313337,313337,313343,6,0
313337,313337,313343,6,0
313337,313337,313343,6,0
313337,313340,313343,3,3
313337,313342,313343,1,5
313337,313342,313343,1,5
313337,313337,313343,6,0
313337,313342,313343,1,5
313337,313342,313343,1,5
313337,313341,313343,2,4
313337,313342,313343,1,5
313337,313337,313344,7,0
313337,313341,313344,3,4
313337,313337,313344,7,0
313337,313342,313344,2,5
313337,313337,313344,7,0
313337,313342,313344,2,5
313337,313342,313344,2,5
313337,313342,313344,2,5
313337,313342,313344,2,5
313337,313337,313344,7,0
313337,313337,313345,8,0
313337,313342,313345,3,5
313337,313337,313345,8,0
313337,313343,313345,2,6
313337,313342,313345,3,5
313337,313344,313345,1,7
313337,313337,313345,8,0
313337,313337,313346,9,0
313337,313343,313346,3,6
313337,313337,313346,9,0
313337,313337,313346,9,0
313337,313337,313346,9,0
313337,313343,313347,4,6
313337,313337,313346,9,0
313337,313337,313348,11,0
313337,313337,313348,11,0
313337,313337,313348,11,0
313337,313337,313348,11,0
313337,313337,313350,13,0
313337,313337,313350,13,0
313337,313337,313350,13,0
313337,313337,313351,14,0
313362,313362,313363,1,0
313362,313362,313363,1,0
313362,313362,313363,1,0
313362,313362,313363,1,0
313362,313362,313363,1,0
313362,313362,313363,1,0
313362,313362,313363,1,0
313362,313362,313364,2,0
313362,313364,313365,1,2
313362,313363,313365,2,1
313362,313363,313365,2,1
313362,313362,313366,4,0
313362,313362,313366,4,0
313362,313362,313366,4,0
313362,313362,313365,3,0
313362,313362,313366,4,0
313362,313364,313365,1,2
313362,313364,313365,1,2
313362,313364,313365,1,2
313362,313362,313366,4,0
313362,313362,313365,3,0
313362,313365,313366,1,3
313362,313363,313365,2,1
313362,313362,313366,4,0
313362,313364,313365,1,2
313362,313365,313366,1,3
313362,313362,313367,5,0
313362,313362,313367,5,0
313362,313362,313367,5,0
313362,313362,313366,4,0
313362,313362,313366,4,0
313362,313366,313367,1,4
313362,313362,313367,5,0
313362,313366,313367,1,4
313362,313365,313366,1,3
313362,313362,313367,5,0
313362,313366,313367,1,4
313362,313362,313368,6,0
313362,313362,313367,5,0
313362,313366,313368,2,4
313362,313362,313368,6,0
313362,313366,313368,2,4
313362,313367,313368,1,5
313362,313362,313367,5,0
313362,313362,313367,5,0
313362,313366,313368,2,4
313362,313367,313368,1,5
313362,313366,313368,2,4
313362,313366,313368,2,4
313362,313366,313368,2,4
313362,313362,313368,6,0
313362,313366,313367,1,4
313362,313367,313368,1,5
313362,313362,313367,5,0
313362,313366,313367,1,4
313362,313366,313368,2,4
313362,313362,313368,6,0
313362,313366,313368,2,4
313362,313367,313369,2,5
313362,313362,313368,6,0
313362,313366,313368,2,4
313362,313367,313369,2,5
313362,313367,313369,2,5
313362,313367,313368,1,5
313362,313362,313369,7,0
313362,313366,313370,4,4
313362,313362,313370,8,0
313362,313362,313371,9,0
313362,313362,313371,9,0
313362,313367,313370,3,5
313362,313362,313372,10,0
313362,313367,313372,5,5
313362,313362,313372,10,0
313362,313362,313372,10,0
313362,313362,313372,10,0
313362,313362,313372,10,0
313362,313362,313373,11,0
313362,313362,313374,12,0
313362,313362,313376,14,0
313386,313386,313387,1,0
313386,313386,313388,2,0
313386,313386,313387,1,0
313386,313386,313388,2,0
313386,313386,313388,2,0
313386,313386,313388,2,0
313386,313387,313388,1,1
313386,313386,313389,3,0
313386,313386,313390,4,0
313386,313386,313390,4,0
313386,313386,313390,4,0
313386,313386,313390,4,0
313386,313386,313390,4,0
313386,313386,313390,4,0
313386,313388,313390,2,2
313386,313386,313390,4,0
313386,313388,313390,2,2
313386,313388,313390,2,2
313386,313386,313390,4,0
313386,313386,313390,4,0
313386,313386,313390,4,0
313386,313388,313390,2,2
313386,313386,313390,4,0
313386,313388,313390,2,2
313386,313386,313391,5,0
313386,313386,313391,5,0
313386,313386,313391,5,0
313386,313386,313391,5,0
313386,313386,313391,5,0
313386,313386,313391,5,0
313386,313386,313391,5,0
313386,313388,313392,4,2
313386,313386,313391,5,0
313386,313390,313391,1,4
313386,313386,313392,6,0
313386,313390,313392,2,4
313386,313390,313392,2,4
313386,313391,313392,1,5
313386,313386,313392,6,0
313386,313386,313392,6,0
313386,313391,313392,1,5
313386,313391,313392,1,5
313386,313386,313392,6,0
313386,313391,313392,1,5
313386,313392,313393,1,6
313386,313391,313392,1,5
313386,313391,313392,1,5
313386,313391,313392,1,5
313386,313391,313392,1,5
313386,313386,313392,6,0
313386,313391,313392,1,5
313386,313392,313393,1,6
313386,313391,313392,1,5
313386,313391,313392,1,5
313386,313386,313393,7,0
313386,313390,313393,3,4
313386,313391,313393,2,5
313386,313392,313393,1,6
313386,313390,313393,3,4
313386,313392,313393,1,6
313386,313392,313393,1,6
313386,313392,313393,1,6
313386,313386,313394,8,0
313386,313391,313394,3,5
313386,313391,313394,3,5
313386,313386,313394,8,0
313386,313386,313394,8,0
313386,313386,313396,10,0
313386,313386,313397,11,0
313386,313386,313397,11,0
313386,313386,313398,12,0
313386,313386,313397,11,0
313386,313386,313398,12,0
313386,313386,313398,12,0
313386,313386,313399,13,0
313386,313386,313399,13,0
313410,313410,313411,1,0
313410,313410,313411,1,0
313410,313410,313411,1,0
313410,313410,313412,2,0
313410,313410,313412,2,0
313410,313410,313412,2,0
313410,313410,313413,3,0
313410,313412,313413,1,2
313410,313412,313413,1,2
313410,313412,313413,1,2
313410,313411,313414,3,1
313410,313411,313415,4,1
313410,313413,313415,2,3
313410,313411,313414,3,1
313410,313414,313415,1,4
313410,313413,313414,1,3
313410,313414,313415,1,4
313410,313411,313415,4,1
313410,313411,313415,4,1
313410,313413,313416,3,3
313410,313415,313416,1,5
313410,313414,313415,1,4
313410,313415,313416,1,5
313410,313411,313415,4,1
313410,313411,313415,4,1
313410,313413,313415,2,3
313410,313415,313416,1,5
313410,313411,313415,4,1
313410,313411,313415,4,1
313410,313411,313415,4,1
313410,313411,313415,4,1
313410,313415,313416,1,5
313410,313411,313416,5,1
313410,313411,313416,5,1
313410,313411,313416,5,1
313410,313411,313416,5,1
313410,313411,313416,5,1
313410,313416,313417,1,6
313410,313410,313416,6,0
313410,313411,313416,5,1
313410,313416,313417,1,6
313410,313416,313417,1,6
313410,313415,313416,1,5
313410,313415,313416,1,5
313410,313415,313416,1,5
313410,313416,313417,1,6
313410,313411,313417,6,1
313410,313411,313417,6,1
313410,313411,313417,6,1
313410,313411,313417,6,1
313410,313411,313417,6,1
313410,313411,313418,7,1
313410,313411,313417,6,1
313410,313416,313417,1,6
313410,313416,313417,1,6
313410,313416,313417,1,6
313410,313416,313417,1,6
313410,313416,313417,1,6
313410,313416,313417,1,6
313410,313416,313417,1,6
313410,313416,313417,1,6
313410,313416,313417,1,6
313410,313416,313417,1,6
313410,313417,313419,2,7
313410,313410,313418,8,0
313410,313411,313418,7,1
313410,313416,313418,2,6
313410,313411,313418,7,1
313410,313411,313418,7,1
313410,313417,313418,1,7
313410,313417,313419,2,7
313410,313411,313419,8,1
313410,313411,313419,8,1
313410,313410,313419,9,0
313410,313411,313420,9,1
313410,313411,313420,9,1
313410,313411,313422,11,1
313410,313410,313425,15,0
313410,313411,313426,15,1
313436,313436,313437,1,0
313436,313436,313438,2,0
313436,313436,313438,2,0
313436,313436,313438,2,0
313436,313436,313438,2,0
313436,313436,313437,1,0
313436,313436,313438,2,0
313436,313437,313439,2,1
313436,313438,313440,2,2
313436,313436,313439,3,0
313436,313439,313441,2,3
313436,313439,313440,1,3
313436,313436,313440,4,0
313436,313439,313440,1,3
313436,313439,313440,1,3
313436,313439,313440,1,3
313436,313437,313441,4,1
313436,313437,313441,4,1
313436,313436,313442,6,0
313436,313439,313441,2,3
313436,313440,313441,1,4
313436,313441,313442,1,5
313436,313436,313441,5,0
313436,313436,313441,5,0
313436,313441,313442,1,5
313436,313441,313442,1,5
313436,313436,313442,6,0
313436,313440,313441,1,4
313436,313437,313442,5,1
313436,313437,313442,5,1
313436,313437,313442,5,1
313436,313437,313442,5,1
313436,313436,313442,6,0
313436,313436,313442,6,0
313436,313436,313442,6,0
313436,313442,313443,1,6
313436,313436,313442,6,0
313436,313440,313442,2,4
313436,313441,313442,1,5
313436,313441,313442,1,5
313436,313441,313442,1,5
313436,313442,313443,1,6
313436,313442,313443,1,6
313436,313437,313443,6,1
313436,313437,313443,6,1
313436,313437,313443,6,1
313436,313436,313443,7,0
313436,313442,313443,1,6
313436,313442,313443,1,6
313436,313437,313443,6,1
313436,313443,313444,1,7
313436,313443,313444,1,7
313436,313442,313443,1,6
313436,313442,313443,1,6
313436,313442,313443,1,6
313436,313442,313443,1,6
313436,313442,313443,1,6
313436,313437,313444,7,1
313436,313443,313444,1,7
313436,313437,313444,7,1
313436,313442,313444,2,6
313436,313436,313444,8,0
313436,313443,313444,1,7
313436,313437,313444,7,1
313436,313443,313444,1,7
313436,313436,313444,8,0
313436,313443,313444,1,7
313436,313436,313445,9,0
313436,313442,313445,3,6
313436,313443,313445,2,7
313436,313436,313445,9,0
313436,313436,313446,10,0
313436,313436,313446,10,0
313436,313436,313447,11,0
313436,313436,313448,12,0
313436,313436,313448,12,0
313436,313436,313448,12,0
313436,313436,313449,13,0
313436,313436,313450,14,0
313461,313461,313462,1,0
313461,313461,313462,1,0
313461,313461,313462,1,0
313461,313461,313462,1,0
313461,313461,313462,1,0
313461,313461,313462,1,0
313461,313461,313463,2,0
313461,313461,313463,2,0
313461,313463,313464,1,2
313461,313461,313465,4,0
313461,313463,313465,2,2
313461,313461,313464,3,0
313461,313463,313464,1,2
313461,313463,313465,2,2
313461,313463,313465,2,2
313461,313462,313464,2,1
313461,313463,313464,1,2
313461,313463,313464,1,2
313461,313461,313466,5,0
313461,313464,313465,1,3
313461,313461,313466,5,0
313461,313465,313466,1,4
313461,313465,313466,1,4
313461,313465,313466,1,4
313461,313461,313466,5,0
313461,313465,313466,1,4
313461,313461,313467,6,0
313461,313461,313466,5,0
313461,313461,313466,5,0
313461,313461,313467,6,0
313461,313461,313467,6,0
313461,313466,313467,1,5
313461,313461,313467,6,0
313461,313465,313466,1,4
313461,313466,313467,1,5
313461,313466,313467,1,5
313461,313465,313467,2,4
313461,313465,313466,1,4
313461,313465,313467,2,4
313461,313461,313466,5,0
313461,313465,313466,1,4
313461,313466,313467,1,5
313461,313461,313467,6,0
313461,313461,313468,7,0
313461,313461,313467,6,0
313461,313461,313467,6,0
313461,313461,313467,6,0
313461,313461,313468,7,0
313461,313466,313468,2,5
313461,313466,313468,2,5
313461,313461,313468,7,0
313461,313466,313468,2,5
313461,313467,313468,1,6
313461,313466,313467,1,5
313461,313461,313468,7,0
313461,313467,313468,1,6
313461,313461,313467,6,0
313461,313467,313468,1,6
313461,313467,313469,2,6
313461,313461,313468,7,0
313461,313467,313469,2,6
313461,313461,313469,8,0
313461,313467,313469,2,6
313461,313467,313468,1,6
313461,313461,313469,8,0
313461,313467,313468,1,6
313461,313461,313470,9,0
313461,313467,313469,2,6
313461,313461,313471,10,0
313461,313461,313471,10,0
313461,313461,313471,10,0
313461,313461,313470,9,0
313461,313461,313472,11,0
313461,313461,313472,11,0
313461,313461,313472,11,0
313461,313461,313472,11,0
313461,313461,313473,12,0
313461,313461,313472,11,0
313461,313461,313475,14,0
313486,313486,313487,1,0
313486,313486,313487,1,0
313486,313486,313487,1,0
313486,313486,313487,1,0
313486,313486,313487,1,0
313486,313486,313487,1,0
313486,313486,313487,1,0
313486,313486,313489,3,0
313486,313486,313488,2,0
313486,313488,313489,1,2
313486,313487,313488,1,1
313486,313486,313489,3,0
313486,313486,313489,3,0
313486,313487,313489,2,1
313486,313486,313489,3,0
313486,313488,313490,2,2
313486,313488,313489,1,2
313486,313489,313490,1,3
313486,313486,313490,4,0
313486,313488,313490,2,2
313486,313488,313490,2,2
313486,313489,313490,1,3
313486,313486,313490,4,0
313486,313486,313490,4,0
313486,313489,313490,1,3
313486,313490,313491,1,4
313486,313486,313490,4,0
313486,313489,313490,1,3
313486,313486,313490,4,0
313486,313486,313491,5,0
313486,313490,313491,1,4
313486,313486,313491,5,0
313486,313486,313492,6,0
313486,313486,313491,5,0
313486,313490,313492,2,4
313486,313486,313492,6,0
313486,313486,313492,6,0
313486,313490,313491,1,4
313486,313490,313491,1,4
313486,313490,313491,1,4
313486,313490,313491,1,4
313486,313491,313492,1,5
313486,313490,313492,2,4
313486,313491,313492,1,5
313486,313491,313492,1,5
313486,313486,313491,5,0
313486,313490,313491,1,4
313486,313490,313491,1,4
313486,313491,313492,1,5
313486,313490,313491,1,4
313486,313491,313492,1,5
313486,313486,313493,7,0
313486,313486,313492,6,0
313486,313486,313492,6,0
313486,313486,313492,6,0
313486,313491,313493,2,5
313486,313486,313492,6,0
313486,313491,313492,1,5
313486,313491,313492,1,5
313486,313486,313493,7,0
313486,313492,313494,2,6
313486,313486,313493,7,0
313486,313491,313493,2,5
313486,313492,313494,2,6
313486,313492,313494,2,6
313486,313492,313494,2,6
313486,313486,313495,9,0
313486,313486,313496,10,0
313486,313486,313497,11,0
313486,313486,313496,10,0
313486,313486,313496,10,0
313486,313486,313497,11,0
313486,313486,313497,11,0
313486,313486,313498,12,0
313486,313486,313497,11,0
313486,313486,313498,12,0
313486,313486,313499,13,0
313486,313486,313498,12,0
313486,313486,313499,13,0
313509,313509,313510,1,0
313509,313509,313510,1,0
313509,313509,313510,1,0
313509,313509,313510,1,0
313509,313509,313510,1,0
313509,313509,313510,1,0
313509,313509,313510,1,0
313509,313509,313510,1,0
313509,313509,313511,2,0
313509,313509,313512,3,0
313509,313510,313512,2,1
313509,313509,313511,2,0
313509,313509,313512,3,0
313509,313509,313512,3,0
313509,313509,313512,3,0
313509,313509,313512,3,0
313509,313509,313513,4,0
313509,313509,313513,4,0
313509,313509,313513,4,0
313509,313509,313513,4,0
313509,313512,313513,1,3
313509,313512,313513,1,3
313509,313511,313513,2,2
313509,313509,313513,4,0
313509,313512,313513,1,3
313509,313511,313513,2,2
313509,313512,313513,1,3
313509,313512,313513,1,3
313509,313510,313512,2,1
313509,313511,313512,1,2
313509,313511,313512,1,2
313509,313509,313514,5,0
313509,313513,313514,1,4
313509,313509,313514,5,0
313509,313511,313513,2,2
313509,313511,313513,2,2
313509,313513,313514,1,4
313509,313511,313513,2,2
313509,313513,313514,1,4
313509,313513,313514,1,4
313509,313509,313514,5,0
313509,313513,313514,1,4
313509,313513,313514,1,4
313509,313509,313515,6,0
313509,313509,313514,5,0
313509,313509,313515,6,0
313509,313513,313515,2,4
313509,313513,313515,2,4
313509,313513,313515,2,4
313509,313513,313514,1,4
313509,313514,313515,1,5
313509,313509,313514,5,0
313509,313513,313515,2,4
313509,313513,313514,1,4
313509,313509,313515,6,0
313509,313513,313515,2,4
313509,313514,313515,1,5
313509,313513,313514,1,4
313509,313514,313515,1,5
313509,313514,313515,1,5
313509,313509,313515,6,0
313509,313509,313515,6,0
313509,313513,313515,2,4
313509,313513,313515,2,4
313509,313513,313515,2,4
313509,313509,313517,8,0
313509,313509,313518,9,0
313509,313509,313518,9,0
313509,313509,313518,9,0
313509,313509,313519,10,0
313509,313509,313520,11,0
313509,313509,313520,11,0
313509,313509,313520,11,0
313509,313509,313521,12,0
313509,313509,313520,11,0
313509,313509,313524,15,0
313509,313509,313526,17,0
313509,313509,313525,16,0
313509,313509,313526,17,0
313536,313536,313537,1,0
313536,313536,313537,1,0
313536,313536,313537,1,0
313536,313536,313538,2,0
313536,313536,313537,1,0
313536,313536,313538,2,0
313536,313536,313537,1,0
313536,313536,313539,3,0
313536,313536,313539,3,0
313536,313536,313539,3,0
313536,313536,313539,3,0
313536,313536,313539,3,0
313536,313536,313539,3,0
313536,313537,313539,2,1
313536,313536,313540,4,0
313536,313536,313539,3,0
313536,313536,313539,3,0
313536,313536,313539,3,0
313536,313538,313540,2,2
313536,313536,313539,3,0
313536,313537,313540,3,1
313536,313539,313540,1,3
313536,313538,313540,2,2
313536,313539,313540,1,3
313536,313536,313540,4,0
313536,313539,313540,1,3
313536,313536,313541,5,0
313536,313536,313540,4,0
313536,313536,313541,5,0
313536,313538,313541,3,2
313536,313540,313541,1,4
313536,313536,313541,5,0
313536,313538,313541,3,2
313536,313540,313541,1,4
313536,313540,313541,1,4
313536,313536,313541,5,0
313536,313536,313541,5,0
313536,313540,313541,1,4
313536,313540,313541,1,4
313536,313537,313541,4,1
313536,313536,313540,4,0
313536,313540,313541,1,4
313536,313540,313541,1,4
313536,313541,313542,1,5
313536,313539,313542,3,3
313536,313536,313542,6,0
313536,313539,313542,3,3
313536,313539,313542,3,3
313536,313540,313542,2,4
313536,313536,313542,6,0
313536,313540,313541,1,4
313536,313541,313542,1,5
313536,313536,313542,6,0
313536,313540,313542,2,4
313536,313541,313542,1,5
313536,313539,313543,4,3
313536,313541,313543,2,5
313536,313541,313543,2,5
313536,313541,313544,3,5
313536,313536,313544,8,0
313536,313536,313545,9,0
313536,313536,313545,9,0
313536,313536,313545,9,0
313536,313536,313546,10,0
313536,313536,313547,11,0
313536,313536,313546,10,0
313536,313536,313547,11,0
313536,313536,313548,12,0
313536,313536,313548,12,0
313536,313536,313549,13,0
313536,313536,313549,13,0
313536,313536,313550,14,0
313536,313536,313550,14,0
313536,313536,313551,15,0
313561,313561,313562,1,0
313561,313561,313562,1,0
313561,313561,313562,1,0
313561,313561,313562,1,0
313561,313561,313562,1,0
313561,313561,313562,1,0
313561,313561,313562,1,0
313561,313561,313564,3,0
313561,313561,313563,2,0
313561,313562,313564,2,1
313561,313561,313564,3,0
313561,313563,313565,2,2
313561,313562,313565,3,1
313561,313563,313565,2,2
313561,313564,313565,1,3
313561,313563,313566,3,2
313561,313563,313566,3,2
313561,313561,313565,4,0
313561,313565,313566,1,4
313561,313561,313566,5,0
313561,313561,313565,4,0
313561,313561,313566,5,0
313561,313565,313566,1,4
313561,313561,313565,4,0
313561,313563,313565,2,2
313561,313565,313566,1,4
313561,313561,313566,5,0
313561,313561,313566,5,0
313561,313561,313567,6,0
313561,313561,313566,5,0
313561,313561,313566,5,0
313561,313564,313566,2,3
313561,313561,313567,6,0
313561,313566,313567,1,5
313561,313566,313567,1,5
313561,313561,313567,6,0
313561,313561,313567,6,0
313561,313565,313566,1,4
313561,313565,313566,1,4
313561,313561,313567,6,0
313561,313566,313567,1,5
313561,313566,313567,1,5
313561,313561,313568,7,0
313561,313561,313567,6,0
313561,313565,313567,2,4
313561,313566,313568,2,5
313561,313561,313567,6,0
313561,313566,313567,1,5
313561,313566,313567,1,5
313561,313567,313568,1,6
313561,313567,313568,1,6
313561,313566,313567,1,5
313561,313566,313567,1,5
313561,313561,313568,7,0
313561,313566,313567,1,5
313561,313566,313567,1,5
313561,313567,313569,2,6
313561,313561,313569,8,0
313561,313567,313569,2,6
313561,313561,313569,8,0
313561,313567,313569,2,6
313561,313561,313569,8,0
313561,313561,313568,7,0
313561,313567,313568,1,6
313561,313561,313570,9,0
313561,313561,313570,9,0
313561,313567,313569,2,6
313561,313567,313569,2,6
313561,313561,313571,10,0
313561,313561,313570,9,0
313561,313567,313571,4,6
313561,313561,313573,12,0
313561,313561,313573,12,0
313561,313561,313573,12,0
313561,313561,313576,15,0
313561,313561,313576,15,0
313561,313561,313577,16,0
313561,313561,313576,15,0
313561,313561,313578,17,0
313587,313587,313588,1,0
313587,313587,313588,1,0
313587,313587,313588,1,0
313587,313587,313588,1,0
313587,313587,313588,1,0
313587,313587,313589,2,0
313587,313587,313588,1,0
313587,313587,313590,3,0
313587,313587,313590,3,0
313587,313590,313591,1,3
313587,313589,313590,1,2
313587,313587,313591,4,0
313587,313587,313591,4,0
313587,313590,313591,1,3
313587,313589,313591,2,2
313587,313589,313591,2,2
313587,313589,313591,2,2
313587,313591,313592,1,4
313587,313589,313591,2,2
313587,313591,313592,1,4
313587,313588,313592,4,1
313587,313587,313592,5,0
313587,313588,313592,4,1
313587,313588,313592,4,1
313587,313587,313592,5,0
313587,313587,313592,5,0
313587,313592,313593,1,5
313587,313592,313593,1,5
313587,313587,313593,6,0
313587,313592,313593,1,5
313587,313592,313593,1,5
313587,313588,313593,5,1
313587,313591,313593,2,4
313587,313587,313593,6,0
313587,313592,313593,1,5
313587,313591,313593,2,4
313587,313593,313594,1,6
313587,313587,313593,6,0
313587,313592,313593,1,5
313587,313593,313594,1,6
313587,313587,313593,6,0
313587,313592,313593,1,5
313587,313587,313594,7,0
313587,313593,313594,1,6
313587,313593,313594,1,6
313587,313593,313594,1,6
313587,313593,313594,1,6
313587,313587,313594,7,0
313587,313593,313594,1,6
313587,313587,313595,8,0
313587,313587,313594,7,0
313587,313593,313594,1,6
313587,313587,313594,7,0
313587,313593,313594,1,6
313587,313593,313594,1,6
313587,313593,313594,1,6
313587,313593,313594,1,6
313587,313593,313594,1,6
313587,313594,313595,1,7
313587,313594,313596,2,7
313587,313588,313595,7,1
313587,313587,313595,8,0
313587,313587,313595,8,0
313587,313587,313595,8,0
313587,313587,313596,9,0
313587,313588,313596,8,1
313587,313588,313596,8,1
313587,313587,313596,9,0
313587,313587,313597,10,0
313587,313587,313598,11,0
313587,313587,313599,12,0
313587,313587,313599,12,0
313587,313587,313600,13,0
313587,313587,313603,16,0
313587,313587,313602,15,0
313587,313587,313604,17,0
313587,313587,313606,19,0
313616,313616,313617,1,0
313616,313616,313617,1,0
313616,313616,313617,1,0
313616,313616,313617,1,0
313616,313616,313617,1,0
313616,313616,313617,1,0
313616,313616,313618,2,0
313616,313616,313619,3,0
313616,313617,313619,2,1
313616,313618,313619,1,2
313616,313618,313619,1,2
313616,313616,313620,4,0
313616,313616,313619,3,0
313616,313618,313620,2,2
313616,313616,313620,4,0
313616,313619,313620,1,3
313616,313618,313620,2,2
313616,313618,313619,1,2
313616,313619,313620,1,3
313616,313618,313620,2,2
313616,313619,313620,1,3
313616,313616,313621,5,0
313616,313616,313621,5,0
313616,313616,313620,4,0
313616,313616,313621,5,0
313616,313616,313621,5,0
313616,313616,313621,5,0
313616,313620,313621,1,4
313616,313616,313621,5,0
313616,313616,313621,5,0
313616,313616,313622,6,0
313616,313620,313622,2,4
313616,313616,313622,6,0
313616,313620,313622,2,4
313616,313620,313622,2,4
313616,313616,313622,6,0
313616,313616,313622,6,0
313616,313620,313622,2,4
313616,313616,313622,6,0
313616,313620,313622,2,4
313616,313616,313622,6,0
313616,313616,313622,6,0
313616,313620,313621,1,4
313616,313620,313621,1,4
313616,313621,313623,2,5
313616,313616,313622,6,0
313616,313620,313623,3,4
313616,313620,313622,2,4
313616,313622,313623,1,6
313616,313621,313623,2,5
313616,313621,313623,2,5
313616,313621,313623,2,5
313616,313616,313623,7,0
313616,313621,313624,3,5
313616,313619,313624,5,3
313616,313622,313624,2,6
313616,313616,313624,8,0
313616,313622,313624,2,6
313616,313616,313624,8,0
313616,313616,313624,8,0
313616,313622,313624,2,6
313616,313622,313625,3,6
313616,313622,313625,3,6
313616,313621,313624,3,5
313616,313616,313625,9,0
313616,313616,313625,9,0
313616,313622,313626,4,6
313616,313621,313626,5,5
313616,313616,313627,11,0
313616,313616,313627,11,0
313616,313616,313628,12,0
313616,313616,313628,12,0
313616,313616,313628,12,0
313616,313616,313629,13,0
313616,313616,313630,14,0
313616,313616,313630,14,0
313616,313616,313632,16,0
313616,313616,313634,18,0
313616,313616,313637,21,0
313647,313648,313649,1,1
313647,313648,313649,1,1
313647,313648,313649,1,1
313647,313648,313649,1,1
313647,313648,313649,1,1
313647,313648,313649,1,1
313647,313648,313649,1,1
313647,313650,313651,1,3
313647,313649,313650,1,2
313647,313648,313651,3,1
313647,313650,313651,1,3
313647,313650,313651,1,3
313647,313650,313651,1,3
313647,313650,313651,1,3
313647,313650,313651,1,3
313647,313648,313652,4,1
313647,313648,313652,4,1
313647,313648,313652,4,1
313647,313651,313652,1,4
313647,313651,313652,1,4
313647,313648,313652,4,1
313647,313648,313652,4,1
313647,313648,313653,5,1
313647,313648,313653,5,1
313647,313648,313654,6,1
313647,313648,313653,5,1
313647,313652,313653,1,5
313647,313652,313653,1,5
313647,313652,313653,1,5
313647,313652,313653,1,5
313647,313653,313654,1,6
313647,313652,313653,1,5
313647,313652,313653,1,5
313647,313653,313654,1,6
313647,313648,313654,6,1
313647,313648,313654,6,1
313647,313653,313654,1,6
313647,313653,313654,1,6
313647,313654,313655,1,7
313647,313648,313655,7,1
313647,313648,313655,7,1
313647,313648,313655,7,1
313647,313648,313655,7,1
313647,313648,313655,7,1
313647,313648,313656,8,1
313647,313653,313655,2,6
313647,313648,313655,7,1
313647,313653,313655,2,6
313647,313648,313656,8,1
313647,313653,313655,2,6
313647,313648,313656,8,1
313647,313654,313656,2,7
313647,313654,313656,2,7
313647,313648,313656,8,1
313647,313648,313655,7,1
313647,313654,313656,2,7
313647,313654,313655,1,7
313647,313654,313655,1,7
313647,313654,313655,1,7
313647,313654,313655,1,7
313647,313654,313655,1,7
313647,313655,313656,1,8
313647,313648,313656,8,1
313647,313648,313656,8,1
313647,313648,313656,8,1
313647,313648,313657,9,1
313647,313648,313656,8,1
313647,313654,313656,2,7
313647,313648,313656,8,1
313647,313654,313656,2,7
313647,313648,313656,8,1
313647,313648,313657,9,1
313647,313648,313658,10,1
313647,313648,313658,10,1
313647,313648,313658,10,1
313647,313648,313659,11,1
313647,313648,313664,16,1
313647,313648,313664,16,1
313647,313654,313666,12,7
313677,313677,313679,2,0
313677,313677,313679,2,0
313677,313677,313678,1,0
313677,313677,313678,1,0
313677,313677,313678,1,0
313677,313677,313678,1,0
313677,313677,313678,1,0
313677,313679,313681,2,2
313677,313679,313681,2,2
313677,313679,313680,1,2
313677,313679,313681,2,2
313677,313679,313681,2,2
313677,313679,313681,2,2
313677,313679,313681,2,2
313677,313677,313682,5,0
313677,313677,313683,6,0
313677,313677,313683,6,0
313677,313681,313683,2,4
313677,313677,313682,5,0
313677,313681,313683,2,4
313677,313681,313683,2,4
313677,313681,313683,2,4
313677,313681,313682,1,4
313677,313677,313682,5,0
313677,313681,313682,1,4
313677,313677,313683,6,0
313677,313677,313684,7,0
313677,313677,313684,7,0
313677,313677,313684,7,0
313677,313682,313684,2,5
313677,313682,313684,2,5
313677,313683,313684,1,6
313677,313677,313685,8,0
313677,313677,313685,8,0
313677,313677,313684,7,0
313677,313683,313685,2,6
313677,313683,313685,2,6
313677,313683,313684,1,6
313677,313683,313685,2,6
313677,313683,313685,2,6
313677,313683,313685,2,6
313677,313677,313685,8,0
313677,313677,313686,9,0
313677,313677,313685,8,0
313677,313677,313686,9,0
313677,313677,313686,9,0
313677,313684,313685,1,7
313677,313685,313686,1,8
313677,313677,313685,8,0
313677,313677,313686,9,0
313677,313677,313686,9,0
313677,313683,313685,2,6
313677,313684,313685,1,7
313677,313683,313686,3,6
313677,313684,313685,1,7
313677,313677,313686,9,0
313677,313677,313686,9,0
313677,313683,313686,3,6
313677,313677,313686,9,0
313677,313677,313686,9,0
313677,313685,313687,2,8
313677,313684,313686,2,7
313677,313685,313687,2,8
313677,313677,313687,10,0
313677,313677,313686,9,0
313677,313677,313687,10,0
313677,313677,313688,11,0
313677,313677,313688,11,0
313677,313684,313687,3,7
313677,313677,313687,10,0
313677,313677,313688,11,0
313677,313684,313689,5,7
313677,313684,313688,4,7
313677,313677,313689,12,0
313677,313677,313691,14,0
313677,313677,313691,14,0
313677,313677,313692,15,0
313677,313677,313693,16,0
313677,313677,313693,16,0
313706,313706,313707,1,0
313706,313706,313707,1,0
313706,313706,313707,1,0
313706,313706,313707,1,0
313706,313706,313707,1,0
313706,313706,313707,1,0
313706,313706,313707,1,0
313706,313707,313708,1,1
313706,313706,313709,3,0
313706,313707,313709,2,1
313706,313708,313709,1,2
313706,313708,313709,1,2
313706,313708,313709,1,2
313706,313708,313710,2,2
313706,313707,313709,2,1
313706,313706,313710,4,0
313706,313709,313710,1,3
313706,313706,313712,6,0
313706,313706,313711,5,0
313706,313706,313712,6,0
313706,313706,313711,5,0
313706,313706,313711,5,0
313706,313710,313711,1,4
313706,313706,313711,5,0
313706,313710,313711,1,4
313706,313706,313711,5,0
313706,313710,313711,1,4
313706,313710,313711,1,4
313706,313706,313711,5,0
313706,313710,313711,1,4
313706,313710,313712,2,4
313706,313710,313711,1,4
313706,313706,313712,6,0
313706,313706,313713,7,0
313706,313711,313712,1,5
313706,313712,313713,1,6
313706,313706,313713,7,0
313706,313712,313714,2,6
313706,313711,313713,2,5
313706,313706,313713,7,0
313706,313706,313714,8,0
313706,313706,313713,7,0
313706,313712,313714,2,6
313706,313706,313713,7,0
313706,313712,313714,2,6
313706,313712,313714,2,6
313706,313713,313714,1,7
313706,313712,313714,2,6
313706,313712,313714,2,6
313706,313712,313713,1,6
313706,313706,313713,7,0
313706,313713,313714,1,7
313706,313706,313714,8,0
313706,313713,313715,2,7
313706,313706,313714,8,0
313706,313712,313714,2,6
313706,313712,313714,2,6
313706,313712,313715,3,6
313706,313706,313715,9,0
313706,313712,313714,2,6
313706,313712,313714,2,6
313706,313706,313715,9,0
313706,313706,313715,9,0
313706,313706,313715,9,0
313706,313712,313715,3,6
313706,313712,313716,4,6
313706,313706,313716,10,0
313706,313706,313716,10,0
313706,313706,313717,11,0
313706,313706,313717,11,0
313706,313706,313718,12,0
313706,313706,313719,13,0
313706,313706,313719,13,0
313706,313706,313719,13,0
313706,313706,313720,14,0
313706,313706,313719,13,0
313706,313706,313722,16,0
313706,313706,313723,17,0
313706,313706,313724,18,0
313736,313736,313737,1,0
313736,313736,313737,1,0
313736,313736,313737,1,0
313736,313736,313737,1,0
313736,313736,313737,1,0
313736,313736,313737,1,0
313736,313736,313738,2,0
313736,313737,313739,2,1
313736,313736,313739,3,0
313736,313737,313739,2,1
313736,313737,313738,1,1
313736,313737,313739,2,1
313736,313736,313739,3,0
313736,313736,313739,3,0
313736,313736,313740,4,0
313736,313736,313740,4,0
313736,313738,313740,2,2
313736,313738,313740,2,2
313736,313736,313740,4,0
313736,313736,313740,4,0
313736,313739,313740,1,3
313736,313736,313741,5,0
313736,313740,313741,1,4
313736,313739,313741,2,3
313736,313739,313741,2,3
313736,313739,313740,1,3
313736,313736,313742,6,0
313736,313736,313742,6,0
313736,313739,313741,2,3
313736,313736,313741,5,0
313736,313740,313742,2,4
313736,313740,313741,1,4
313736,313736,313742,6,0
313736,313736,313742,6,0
313736,313736,313742,6,0
313736,313739,313741,2,3
313736,313741,313742,1,5
313736,313736,313742,6,0
313736,313740,313743,3,4
313736,313736,313742,6,0
313736,313741,313743,2,5
313736,313740,313742,2,4
313736,313736,313743,7,0
313736,313736,313742,6,0
313736,313742,313743,1,6
313736,313736,313742,6,0
313736,313741,313742,1,5
313736,313742,313743,1,6
313736,313742,313743,1,6
313736,313741,313742,1,5
313736,313741,313742,1,5
313736,313736,313743,7,0
313736,313741,313742,1,5
313736,313741,313742,1,5
313736,313742,313743,1,6
313736,313736,313742,6,0
313736,313736,313743,7,0
313736,313736,313744,8,0
313736,313736,313743,7,0
313736,313741,313743,2,5
313736,313736,313744,8,0
313736,313736,313743,7,0
313736,313740,313743,3,4
313736,313742,313744,2,6
313736,313742,313744,2,6
313736,313736,313744,8,0
313736,313742,313744,2,6
313736,313736,313744,8,0
313736,313742,313744,2,6
313736,313736,313743,7,0
313736,313736,313744,8,0
313736,313736,313745,9,0
313736,313736,313745,9,0
313736,313736,313745,9,0
313736,313736,313745,9,0
313736,313742,313744,2,6
313736,313736,313745,9,0
313736,313736,313746,10,0
313736,313736,313746,10,0
313757,313757,313758,1,0
313757,313757,313759,2,0
313757,313757,313759,2,0
313757,313757,313759,2,0
313757,313757,313759,2,0
313757,313757,313759,2,0
313757,313758,313760,2,1
313757,313758,313760,2,1
313757,313758,313760,2,1
313757,313758,313761,3,1
313757,313758,313760,2,1
313757,313759,313760,1,2
313757,313758,313761,3,1
313757,313758,313761,3,1
313757,313760,313761,1,3
313757,313760,313761,1,3
313757,313760,313761,1,3
313757,313758,313761,3,1
313757,313760,313761,1,3
313757,313758,313761,3,1
313757,313760,313761,1,3
313757,313761,313762,1,4
313757,313758,313762,4,1
313757,313758,313762,4,1
313757,313758,313762,4,1
313757,313758,313763,5,1
313757,313758,313762,4,1
313757,313758,313762,4,1
313757,313761,313763,2,4
313757,313758,313762,4,1
313757,313758,313762,4,1
313757,313762,313763,1,5
313757,313762,313763,1,5
313757,313758,313763,5,1
313757,313762,313763,1,5
313757,313762,313763,1,5
313757,313758,313763,5,1
313757,313761,313763,2,4
313757,313758,313763,5,1
313757,313758,313763,5,1
313757,313762,313763,1,5
313757,313763,313764,1,6
313757,313758,313763,5,1
313757,313761,313763,2,4
313757,313761,313763,2,4
313757,313758,313763,5,1
313757,313762,313763,1,5
313757,313763,313764,1,6
313757,313758,313763,5,1
313757,313762,313763,1,5
313757,313758,313763,5,1
313757,313762,313763,1,5
313757,313763,313764,1,6
313757,313762,313763,1,5
313757,313758,313764,6,1
313757,313763,313764,1,6
313757,313758,313765,7,1
313757,313763,313764,1,6
313757,313763,313764,1,6
313757,313763,313764,1,6
313757,313758,313764,6,1
313757,313763,313764,1,6
313757,313758,313764,6,1
313757,313758,313764,6,1
313757,313763,313764,1,6
313757,313764,313765,1,7
313757,313764,313765,1,7
313757,313763,313765,2,6
313757,313763,313765,2,6
313757,313758,313765,7,1
313757,313758,313765,7,1
313757,313758,313766,8,1
313757,313758,313766,8,1
313757,313758,313767,9,1
313757,313758,313768,10,1
313757,313758,313768,10,1
313757,313761,313769,8,4
313757,313758,313770,12,1
313757,313762,313770,8,5
313781,313781,313782,1,0
313781,313781,313782,1,0
313781,313781,313782,1,0
313781,313781,313782,1,0
313781,313781,313782,1,0
313781,313781,313782,1,0
313781,313781,313783,2,0
313781,313781,313783,2,0
313781,313783,313784,1,2
313781,313781,313785,4,0
313781,313783,313784,1,2
313781,313783,313784,1,2
313781,313783,313785,2,2
313781,313783,313784,1,2
313781,313783,313784,1,2
313781,313781,313784,3,0
313781,313781,313785,4,0
313781,313781,313785,4,0
313781,313781,313786,5,0
313781,313781,313785,4,0
313781,313781,313785,4,0
313781,313781,313785,4,0
313781,313781,313785,4,0
313781,313784,313786,2,3
313781,313785,313786,1,4
313781,313781,313786,5,0
313781,313784,313787,3,3
313781,313781,313787,6,0
313781,313781,313786,5,0
313781,313785,313787,2,4
313781,313786,313787,1,5
313781,313785,313786,1,4
313781,313786,313787,1,5
313781,313781,313786,5,0
313781,313785,313786,1,4
313781,313786,313787,1,5
313781,313786,313787,1,5
313781,313781,313786,5,0
313781,313785,313786,1,4
313781,313785,313786,1,4
313781,313781,313786,5,0
313781,313784,313786,2,3
313781,313786,313787,1,5
313781,313786,313787,1,5
313781,313781,313787,6,0
313781,313781,313787,6,0
313781,313781,313787,6,0
313781,313781,313787,6,0
313781,313786,313787,1,5
313781,313787,313788,1,6
313781,313787,313788,1,6
313781,313781,313787,6,0
313781,313786,313787,1,5
313781,313787,313788,1,6
313781,313781,313788,7,0
313781,313781,313788,7,0
313781,313781,313788,7,0
313781,313786,313788,2,5
313781,313787,313788,1,6
313781,313787,313788,1,6
313781,313787,313788,1,6
313781,313787,313788,1,6
313781,313787,313788,1,6
313781,313787,313788,1,6
313781,313781,313789,8,0
313781,313781,313789,8,0
313781,313785,313789,4,4
313781,313781,313790,9,0
313781,313781,313789,8,0
313781,313787,313790,3,6
313781,313781,313791,10,0
313781,313781,313793,12,0
313781,313781,313792,11,0
313781,313781,313793,12,0
313781,313781,313793,12,0
313781,313781,313795,14,0
313781,313781,313797,16,0
313781,313781,313799,18,0
313781,313781,313801,20,0
313812,313812,313813,1,0
313812,313812,313813,1,0
313812,313812,313813,1,0
313812,313812,313813,1,0
313812,313812,313813,1,0
313812,313812,313813,1,0
313812,313814,313815,1,2
313812,313814,313815,1,2
313812,313812,313815,3,0
313812,313814,313815,1,2
313812,313814,313815,1,2
313812,313814,313815,1,2
313812,313814,313816,2,2
313812,313812,313816,4,0
313812,313812,313817,5,0
313812,313816,313817,1,4
313812,313812,313817,5,0
313812,313812,313818,6,0
313812,313812,313817,5,0
313812,313812,313817,5,0
313812,313812,313818,6,0
313812,313816,313818,2,4
313812,313812,313818,6,0
313812,313816,313818,2,4
313812,313816,313818,2,4
313812,313812,313818,6,0
313812,313816,313818,2,4
313812,313816,313818,2,4
313812,313812,313818,6,0
313812,313812,313818,6,0
313812,313812,313818,6,0
313812,313816,313818,2,4
313812,313812,313818,6,0
313812,313818,313819,1,6
313812,313812,313819,7,0
313812,313817,313818,1,5
313812,313818,313819,1,6
313812,313812,313819,7,0
313812,313817,313819,2,5
313812,313812,313819,7,0
313812,313818,313819,1,6
313812,313818,313819,1,6
313812,313812,313820,8,0
313812,313817,313819,2,5
313812,313812,313820,8,0
313812,313818,313819,1,6
313812,313818,313819,1,6
313812,313819,313820,1,7
313812,313818,313819,1,6
313812,313818,313819,1,6
313812,313818,313819,1,6
313812,313818,313819,1,6
313812,313819,313820,1,7
313812,313818,313819,1,6
313812,313819,313820,1,7
313812,313812,313820,8,0
313812,313819,313821,2,7
313812,313812,313820,8,0
313812,313812,313821,9,0
313812,313818,313820,2,6
313812,313819,313820,1,7
313812,313812,313821,9,0
313812,313819,313820,1,7
313812,313812,313822,10,0
313812,313812,313821,9,0
313812,313812,313821,9,0
313812,313812,313822,10,0
313812,313819,313821,2,7
313812,313812,313822,10,0
313812,313812,313821,9,0
313812,313812,313821,9,0
313812,313812,313822,10,0
313812,313812,313824,12,0
313812,313812,313823,11,0
313812,313812,313824,12,0
313812,313812,313825,13,0
313812,313812,313824,12,0
313812,313812,313827,15,0
313812,313812,313826,14,0
313837,313837,313838,1,0
313837,313837,313838,1,0
313837,313837,313839,2,0
313837,313837,313838,1,0
313837,313837,313839,2,0
313837,313837,313838,1,0
313837,313837,313838,1,0
313837,313838,313840,2,1
313837,313839,313841,2,2
313837,313839,313841,2,2
313837,313839,313841,2,2
313837,313839,313841,2,2
313837,313837,313842,5,0
313837,313839,313841,2,2
313837,313837,313842,5,0
313837,313839,313842,3,2
313837,313837,313843,6,0
313837,313837,313843,6,0
313837,313840,313843,3,3
313837,313837,313843,6,0
313837,313837,313843,6,0
313837,313841,313843,2,4
313837,313841,313843,2,4
313837,313841,313843,2,4
313837,313837,313843,6,0
313837,313841,313843,2,4
313837,313837,313843,6,0
313837,313837,313844,7,0
313837,313837,313843,6,0
313837,313842,313844,2,5
313837,313843,313844,1,6
313837,313837,313844,7,0
313837,313837,313844,7,0
313837,313842,313844,2,5
313837,313843,313844,1,6
313837,313837,313844,7,0
313837,313842,313844,2,5
313837,313843,313844,1,6
313837,313837,313844,7,0
313837,313843,313844,1,6
313837,313843,313844,1,6
313837,313843,313844,1,6
313837,313837,313845,8,0
313837,313837,313845,8,0
313837,313837,313845,8,0
313837,313837,313844,7,0
313837,313837,313844,7,0
313837,313837,313845,8,0
313837,313843,313844,1,6
313837,313843,313844,1,6
313837,313843,313844,1,6
313837,313844,313845,1,7
313837,313837,313845,8,0
313837,313842,313844,2,5
313837,313843,313844,1,6
313837,313844,313845,1,7
313837,313844,313845,1,7
313837,313844,313845,1,7
313837,313837,313845,8,0
313837,313837,313845,8,0
313837,313837,313845,8,0
313837,313844,313846,2,7
313837,313837,313845,8,0
313837,313844,313845,1,7
313837,313844,313846,2,7
313837,313844,313845,1,7
313837,313837,313847,10,0
313837,313837,313847,10,0
313837,313837,313847,10,0
313837,313837,313847,10,0
313837,313844,313846,2,7
313837,313837,313848,11,0
313837,313837,313848,11,0
313837,313837,313847,10,0
313837,313837,313848,11,0
313837,313837,313849,12,0
313837,313837,313849,12,0
313837,313837,313849,12,0
313837,313837,313849,12,0
313860,313860,313862,2,0
313860,313860,313862,2,0
313860,313860,313861,1,0
313860,313860,313862,2,0
313860,313860,313861,1,0
313860,313860,313862,2,0
313860,313860,313862,2,0
313860,313860,313864,4,0
313860,313863,313864,1,3
313860,313860,313865,5,0
313860,313863,313865,2,3
313860,313860,313865,5,0
313860,313860,313865,5,0
313860,313863,313865,2,3
313860,313863,313865,2,3
313860,313860,313865,5,0
313860,313863,313865,2,3
313860,313860,313866,6,0
313860,313860,313866,6,0
313860,313860,313866,6,0
313860,313860,313866,6,0
313860,313860,313866,6,0
313860,313860,313866,6,0
313860,313860,313866,6,0
313860,313863,313866,3,3
313860,313860,313867,7,0
313860,313860,313867,7,0
313860,313860,313867,7,0
313860,313863,313867,4,3
313860,313865,313867,2,5
313860,313865,313867,2,5
313860,313867,313868,1,7
313860,313866,313867,1,6
313860,313866,313867,1,6
313860,313867,313868,1,7
313860,313860,313868,8,0
313860,313860,313868,8,0
313860,313866,313868,2,6
313860,313866,313868,2,6
313860,313867,313868,1,7
313860,313867,313868,1,7
313860,313867,313868,1,7
313860,313866,313868,2,6
313860,313867,313868,1,7
313860,313867,313868,1,7
313860,313868,313869,1,8
313860,313866,313868,2,6
313860,313866,313868,2,6
313860,313867,313868,1,7
313860,313866,313868,2,6
313860,313868,313869,1,8
313860,313860,313869,9,0
313860,313860,313869,9,0
313860,313860,313869,9,0
313860,313860,313869,9,0
313860,313860,313869,9,0
313860,313860,313869,9,0
313860,313868,313869,1,8
313860,313868,313869,1,8
313860,313868,313869,1,8
313860,313868,313869,1,8
313860,313868,313869,1,8
313860,313868,313869,1,8
313860,313860,313870,10,0
313860,313860,313870,10,0
313860,313860,313870,10,0
313860,313868,313870,2,8
313860,313860,313871,11,0
313860,313860,313871,11,0
313860,313860,313871,11,0
313860,313867,313871,4,7
313860,313860,313872,12,0
313860,313860,313872,12,0
313860,313860,313872,12,0
313860,313860,313872,12,0
313860,313860,313872,12,0
313860,313860,313874,14,0
313860,313860,313873,13,0
313860,313860,313875,15,0
313885,313885,313886,1,0
313885,313885,313887,2,0
313885,313885,313887,2,0
313885,313885,313887,2,0
313885,313885,313887,2,0
313885,313885,313887,2,0
313885,313885,313888,3,0
313885,313885,313888,3,0
313885,313887,313889,2,2
313885,313888,313889,1,3
313885,313888,313890,2,3
313885,313888,313890,2,3
313885,313888,313890,2,3
313885,313885,313890,5,0
313885,313885,313891,6,0
313885,313885,313891,6,0
313885,313885,313891,6,0
313885,313885,313891,6,0
313885,313889,313891,2,4
313885,313885,313891,6,0
313885,313885,313891,6,0
313885,313889,313891,2,4
313885,313885,313891,6,0
313885,313885,313891,6,0
313885,313888,313891,3,3
313885,313885,313891,6,0
313885,313886,313892,6,1
313885,313885,313892,7,0
313885,313890,313893,3,5
313885,313885,313892,7,0
313885,313890,313892,2,5
313885,313891,313893,2,6
313885,313892,313893,1,7
313885,313892,313893,1,7
313885,313891,313892,1,6
313885,313886,313893,7,1
313885,313885,313893,8,0
313885,313891,313893,2,6
313885,313892,313893,1,7
313885,313892,313893,1,7
313885,313892,313893,1,7
313885,313892,313893,1,7
313885,313893,313894,1,8
313885,313891,313893,2,6
313885,313892,313893,1,7
313885,313892,313893,1,7
313885,313893,313894,1,8
313885,313892,313893,1,7
313885,313892,313893,1,7
313885,313892,313893,1,7
313885,313893,313894,1,8
313885,313893,313894,1,8
313885,313893,313894,1,8
313885,313885,313894,9,0
313885,313885,313894,9,0
313885,313885,313894,9,0
313885,313893,313894,1,8
313885,313892,313894,2,7
313885,313893,313894,1,8
313885,313893,313894,1,8
313885,313893,313894,1,8
313885,313886,313895,9,1
313885,313885,313895,10,0
313885,313885,313895,10,0
313885,313886,313895,9,1
313885,313885,313895,10,0
313885,313885,313895,10,0
313885,313885,313896,11,0
313885,313885,313896,11,0
313885,313885,313896,11,0
313885,313885,313896,11,0
313885,313885,313898,13,0
313885,313885,313897,12,0
313885,313885,313897,12,0
313885,313885,313898,13,0
313885,313885,313898,13,0
313885,313885,313900,15,0
313885,313886,313901,15,1
313885,313885,313903,18,0
313914,313914,313915,1,0
313914,313914,313915,1,0
313914,313914,313915,1,0
313914,313914,313915,1,0
313914,313914,313915,1,0
313914,313914,313916,2,0
313914,313914,313915,1,0
313914,313916,313918,2,2
313914,313916,313919,3,2
313914,313914,313918,4,0
313914,313914,313919,5,0
313914,313916,313919,3,2
313914,313916,313918,2,2
313914,313914,313919,5,0
313914,313914,313920,6,0
313914,313914,313920,6,0
313914,313914,313920,6,0
313914,313914,313920,6,0
313914,313916,313919,3,2
313914,313914,313920,6,0
313914,313914,313920,6,0
313914,313916,313920,4,2
313914,313914,313920,6,0
313914,313914,313920,6,0
313914,313918,313920,2,4
313914,313914,313920,6,0
313914,313914,313920,6,0
313914,313914,313920,6,0
313914,313916,313920,4,2
313914,313919,313921,2,5
313914,313914,313920,6,0
313914,313919,313921,2,5
313914,313919,313921,2,5
313914,313919,313921,2,5
313914,313919,313921,2,5
313914,313919,313921,2,5
313914,313914,313921,7,0
313914,313920,313922,2,6
313914,313921,313922,1,7
313914,313920,313922,2,6
313914,313920,313922,2,6
313914,313920,313922,2,6
313914,313921,313922,1,7
313914,313920,313922,2,6
313914,313921,313922,1,7
313914,313920,313922,2,6
313914,313920,313922,2,6
313914,313920,313921,1,6
313914,313920,313921,1,6
313914,313920,313922,2,6
313914,313921,313922,1,7
313914,313914,313923,9,0
313914,313914,313923,9,0
313914,313914,313922,8,0
313914,313914,313923,9,0
313914,313914,313923,9,0
313914,313914,313923,9,0
313914,313920,313923,3,6
313914,313921,313923,2,7
313914,313921,313922,1,7
313914,313920,313922,2,6
313914,313921,313923,2,7
313914,313914,313923,9,0
313914,313914,313923,9,0
313914,313914,313924,10,0
313914,313914,313924,10,0
313914,313921,313924,3,7
313914,313920,313924,4,6
313914,313914,313924,10,0
313914,313914,313925,11,0
313914,313914,313925,11,0
313914,313914,313924,10,0
313914,313914,313927,13,0
313914,313914,313927,13,0
313914,313914,313928,14,0
313914,313914,313938,24,0
313914,313914,313941,27,0
313914,313914,313947,33,0
313914,313914,313949,35,0
313958,313959,313960,1,1
313958,313959,313960,1,1
313958,313959,313960,1,1
313958,313959,313960,1,1
313958,313959,313960,1,1
313958,313959,313960,1,1
313958,313959,313960,1,1
313958,313959,313962,3,1
313958,313959,313962,3,1
313958,313959,313962,3,1
313958,313959,313962,3,1
313958,313961,313963,2,3
313958,313960,313962,2,2
313958,313961,313962,1,3
313958,313961,313962,1,3
313958,313961,313963,2,3
313958,313959,313963,4,1
313958,313959,313963,4,1
313958,313961,313963,2,3
313958,313961,313963,2,3
313958,313962,313963,1,4
313958,313959,313963,4,1
313958,313959,313963,4,1
313958,313959,313964,5,1
313958,313959,313964,5,1
313958,313962,313964,2,4
313958,313959,313964,5,1
313958,313959,313964,5,1
313958,313963,313965,2,5
313958,313963,313965,2,5
313958,313959,313964,5,1
313958,313963,313965,2,5
313958,313959,313965,6,1
313958,313959,313965,6,1
313958,313959,313966,7,1
313958,313964,313965,1,6
313958,313964,313965,1,6
313958,313964,313966,2,6
313958,313959,313965,6,1
313958,313964,313965,1,6
313958,313965,313966,1,7
313958,313963,313965,2,5
313958,313963,313965,2,5
313958,313964,313965,1,6
313958,313959,313966,7,1
313958,313959,313966,7,1
313958,313959,313967,8,1
313958,313963,313966,3,5
313958,313959,313967,8,1
313958,313964,313966,2,6
313958,313965,313966,1,7
313958,313966,313967,1,8
313958,313959,313966,7,1
313958,313963,313966,3,5
313958,313964,313966,2,6
313958,313959,313966,7,1
313958,313965,313966,1,7
313958,313965,313966,1,7
313958,313965,313966,1,7
313958,313965,313966,1,7
313958,313959,313967,8,1
313958,313965,313967,2,7
313958,313959,313967,8,1
313958,313959,313967,8,1
313958,313959,313967,8,1
313958,313965,313967,2,7
313958,313959,313968,9,1
313958,313959,313968,9,1
313958,313965,313968,3,7
313958,313959,313968,9,1
313958,313966,313968,2,8
313958,313966,313968,2,8
313958,313959,313968,9,1
313958,313959,313970,11,1
313958,313959,313969,10,1
313958,313959,313985,26,1
313958,313959,313985,26,1
313958,313959,313986,27,1
313958,313959,313990,31,1
314001,314001,314002,1,0
314001,314001,314002,1,0
314001,314001,314002,1,0
314001,314001,314002,1,0
314001,314001,314002,1,0
314001,314001,314002,1,0
314001,314001,314003,2,0
314001,314001,314004,3,0
314001,314001,314004,3,0
314001,314001,314004,3,0
314001,314001,314005,4,0
314001,314002,314004,2,1
314001,314003,314005,2,2
314001,314003,314005,2,2
314001,314001,314005,4,0
314001,314003,314005,2,2
314001,314001,314006,5,0
314001,314001,314006,5,0
314001,314001,314006,5,0
314001,314001,314006,5,0
314001,314003,314005,2,2
314001,314003,314005,2,2
314001,314003,314006,3,2
314001,314001,314005,4,0
314001,314001,314006,5,0
314001,314001,314007,6,0
314001,314001,314007,6,0
314001,314005,314007,2,4
314001,314001,314007,6,0
314001,314001,314006,5,0
314001,314005,314007,2,4
314001,314001,314007,6,0
314001,314005,314007,2,4
314001,314005,314006,1,4
314001,314001,314007,6,0
314001,314001,314007,6,0
314001,314006,314008,2,5
314001,314006,314008,2,5
314001,314006,314008,2,5
314001,314001,314008,7,0
314001,314007,314008,1,6
314001,314007,314008,1,6
314001,314006,314008,2,5
314001,314007,314008,1,6
314001,314006,314008,2,5
314001,314001,314007,6,0
314001,314005,314007,2,4
314001,314007,314008,1,6
314001,314001,314008,7,0
314001,314001,314008,7,0
314001,314005,314008,3,4
314001,314005,314009,4,4
314001,314001,314008,7,0
314001,314007,314008,1,6
314001,314001,314008,7,0
314001,314007,314008,1,6
314001,314007,314008,1,6
314001,314006,314008,2,5
314001,314007,314009,2,6
314001,314001,314010,9,0
314001,314005,314010,5,4
314001,314008,314010,2,7
314001,314006,314009,3,5
314001,314005,314010,5,4
314001,314006,314010,4,5
314001,314001,314010,9,0
314001,314007,314010,3,6
314001,314001,314010,9,0
314001,314001,314010,9,0
314001,314001,314011,10,0
314001,314007,314011,4,6
314001,314001,314012,11,0
314001,314001,314013,12,0
314001,314001,314013,12,0
314001,314001,314012,11,0
314001,314001,314014,13,0
314001,314001,314015,14,0
314001,314001,314016,15,0
314001,314001,314018,17,0
314029,314029,314030,1,0
314029,314029,314030,1,0
314029,314029,314031,2,0
314029,314029,314030,1,0
314029,314029,314031,2,0
314029,314029,314030,1,0
314029,314029,314032,3,0
314029,314029,314032,3,0
314029,314030,314032,2,1
314029,314029,314031,2,0
314029,314031,314032,1,2
314029,314030,314032,2,1
314029,314029,314033,4,0
314029,314029,314032,3,0
314029,314031,314033,2,2
314029,314029,314033,4,0
314029,314031,314033,2,2
314029,314029,314034,5,0
314029,314029,314034,5,0
314029,314029,314033,4,0
314029,314029,314034,5,0
314029,314031,314034,3,2
314029,314032,314034,2,3
314029,314032,314034,2,3
314029,314029,314034,5,0
314029,314029,314035,6,0
314029,314029,314034,5,0
314029,314033,314034,1,4
314029,314029,314035,6,0
314029,314029,314035,6,0
314029,314032,314035,3,3
314029,314029,314035,6,0
314029,314032,314035,3,3
314029,314033,314035,2,4
314029,314032,314036,4,3
314029,314029,314036,7,0
314029,314032,314036,4,3
314029,314029,314036,7,0
314029,314033,314036,3,4
314029,314033,314035,2,4
314029,314034,314036,2,5
314029,314029,314036,7,0
314029,314034,314036,2,5
314029,314029,314035,6,0
314029,314029,314036,7,0
314029,314034,314036,2,5
314029,314034,314036,2,5
314029,314029,314037,8,0
314029,314029,314037,8,0
314029,314029,314037,8,0
314029,314029,314036,7,0
314029,314035,314037,2,6
314029,314035,314037,2,6
314029,314035,314037,2,6
314029,314035,314037,2,6
314029,314036,314037,1,7
314029,314034,314037,3,5
314029,314035,314037,2,6
314029,314036,314037,1,7
314029,314036,314037,1,7
314029,314029,314038,9,0
314029,314034,314038,4,5
314029,314033,314038,5,4
314029,314036,314038,2,7
314029,314029,314038,9,0
314029,314034,314038,4,5
314029,314035,314037,2,6
314029,314029,314039,10,0
314029,314034,314039,5,5
314029,314029,314041,12,0
314029,314029,314040,11,0
314029,314029,314041,12,0
314029,314029,314042,13,0
314029,314029,314041,12,0
314029,314029,314043,14,0
314029,314029,314044,15,0
314029,314029,314046,17,0
314029,314029,314045,16,0
314029,314029,314049,20,0
314061,314061,314062,1,0
314061,314061,314062,1,0
314061,314061,314062,1,0
314061,314061,314062,1,0
314061,314061,314062,1,0
314061,314061,314062,1,0
314061,314061,314062,1,0
314061,314061,314064,3,0
314061,314061,314064,3,0
314061,314062,314064,2,1
314061,314061,314066,5,0
314061,314063,314065,2,2
314061,314063,314065,2,2
314061,314063,314065,2,2
314061,314063,314065,2,2
314061,314063,314065,2,2
314061,314061,314065,4,0
314061,314061,314066,5,0
314061,314061,314067,6,0
314061,314061,314066,5,0
314061,314063,314066,3,2
314061,314061,314066,5,0
314061,314061,314066,5,0
314061,314061,314066,5,0
314061,314066,314067,1,5
314061,314066,314067,1,5
314061,314061,314066,5,0
314061,314061,314068,7,0
314061,314061,314067,6,0
314061,314061,314067,6,0
314061,314061,314067,6,0
314061,314066,314068,2,5
314061,314066,314068,2,5
314061,314061,314067,6,0
314061,314061,314067,6,0
314061,314066,314067,1,5
314061,314061,314068,7,0
314061,314066,314067,1,5
314061,314065,314067,2,4
314061,314065,314067,2,4
314061,314066,314068,2,5
314061,314061,314069,8,0
314061,314061,314069,8,0
314061,314067,314069,2,6
314061,314067,314068,1,6
314061,314067,314069,2,6
314061,314067,314069,2,6
314061,314067,314069,2,6
314061,314067,314068,1,6
314061,314067,314068,1,6
314061,314067,314069,2,6
314061,314061,314069,8,0
314061,314067,314069,2,6
314061,314061,314070,9,0
314061,314065,314069,4,4
314061,314061,314069,8,0
314061,314061,314069,8,0
314061,314061,314069,8,0
314061,314068,314069,1,7
314061,314068,314069,1,7
314061,314068,314069,1,7
314061,314068,314069,1,7
314061,314068,314069,1,7
314061,314068,314070,2,7
314061,314068,314070,2,7
314061,314061,314070,9,0
314061,314068,314070,2,7
314061,314061,314070,9,0
314061,314061,314071,10,0
314061,314061,314071,10,0
314061,314061,314071,10,0
314061,314061,314072,11,0
314061,314061,314072,11,0
314061,314061,314074,13,0
314061,314061,314075,14,0
314061,314061,314077,16,0
314061,314061,314079,18,0
314061,314067,314080,13,6
314061,314061,314080,19,0
314092,314092,314093,1,0
314092,314092,314093,1,0
314092,314092,314093,1,0
314092,314092,314093,1,0
314092,314092,314093,1,0
314092,314092,314093,1,0
314092,314092,314094,2,0
314092,314092,314095,3,0
314092,314092,314095,3,0
314092,314092,314095,3,0
314092,314093,314095,2,1
314092,314092,314096,4,0
314092,314094,314096,2,2
314092,314092,314096,4,0
314092,314092,314096,4,0
314092,314092,314096,4,0
314092,314094,314097,3,2
314092,314092,314097,5,0
314092,314094,314096,2,2
314092,314094,314096,2,2
314092,314092,314097,5,0
314092,314092,314096,4,0
314092,314094,314096,2,2
314092,314095,314096,1,3
314092,314096,314097,1,4
314092,314092,314098,6,0
314092,314092,314097,5,0
314092,314092,314097,5,0
314092,314096,314097,1,4
314092,314092,314097,5,0
314092,314092,314097,5,0
314092,314092,314097,5,0
314092,314097,314098,1,5
314092,314097,314098,1,5
314092,314092,314097,5,0
314092,314096,314098,2,4
314092,314092,314097,5,0
314092,314092,314097,5,0
314092,314092,314098,6,0
314092,314097,314098,1,5
314092,314096,314099,3,4
314092,314092,314098,6,0
314092,314097,314098,1,5
314092,314097,314098,1,5
314092,314092,314099,7,0
314092,314097,314098,1,5
314092,314097,314098,1,5
314092,314097,314098,1,5
314092,314097,314099,2,5
314092,314097,314099,2,5
314092,314092,314099,7,0
314092,314097,314099,2,5
314092,314092,314099,7,0
314092,314096,314099,3,4
314092,314092,314099,7,0
314092,314092,314099,7,0
314092,314092,314099,7,0
314092,314097,314099,2,5
314092,314098,314099,1,6
314092,314098,314099,1,6
314092,314098,314099,1,6
314092,314098,314099,1,6
314092,314098,314099,1,6
314092,314098,314100,2,6
314092,314098,314099,1,6
314092,314096,314101,5,4
314092,314098,314101,3,6
314092,314098,314100,2,6
314092,314098,314100,2,6
314092,314092,314101,9,0
314092,314092,314102,10,0
314092,314092,314102,10,0
314092,314092,314102,10,0
314092,314092,314105,13,0
314092,314092,314105,13,0
314092,314092,314105,13,0
314092,314092,314109,17,0
314092,314092,314110,18,0
314092,314092,314114,22,0
314125,314125,314126,1,0
314125,314125,314126,1,0
314125,314125,314127,2,0
314125,314125,314126,1,0
314125,314125,314126,1,0
314125,314125,314127,2,0
314125,314125,314127,2,0
314125,314126,314128,2,1
314125,314126,314128,2,1
314125,314125,314129,4,0
314125,314127,314129,2,2
314125,314127,314130,3,2
314125,314127,314130,3,2
314125,314125,314130,5,0
314125,314127,314130,3,2
314125,314128,314130,2,3
314125,314125,314130,5,0
314125,314127,314130,3,2
314125,314128,314130,2,3
314125,314125,314131,6,0
314125,314125,314131,6,0
314125,314125,314131,6,0
314125,314125,314131,6,0
314125,314129,314131,2,4
314125,314129,314131,2,4
314125,314125,314131,6,0
314125,314125,314131,6,0
314125,314125,314131,6,0
314125,314125,314132,7,0
314125,314125,314131,6,0
314125,314130,314132,2,5
314125,314125,314132,7,0
314125,314125,314132,7,0
314125,314130,314132,2,5
314125,314125,314131,6,0
314125,314130,314132,2,5
314125,314130,314131,1,5
314125,314130,314131,1,5
314125,314130,314132,2,5
314125,314130,314131,1,5
314125,314125,314133,8,0
314125,314125,314132,7,0
314125,314131,314133,2,6
314125,314132,314133,1,7
314125,314131,314133,2,6
314125,314132,314133,1,7
314125,314132,314133,1,7
314125,314131,314133,2,6
314125,314131,314133,2,6
314125,314131,314133,2,6
314125,314132,314133,1,7
314125,314130,314132,2,5
314125,314131,314133,2,6
314125,314131,314133,2,6
314125,314125,314133,8,0
314125,314125,314134,9,0
314125,314131,314134,3,6
314125,314132,314134,2,7
314125,314125,314134,9,0
314125,314131,314134,3,6
314125,314132,314134,2,7
314125,314125,314134,9,0
314125,314125,314134,9,0
314125,314125,314134,9,0
314125,314125,314135,10,0
314125,314132,314135,3,7
314125,314125,314134,9,0
314125,314125,314134,9,0
314125,314125,314136,11,0
314125,314125,314136,11,0
314125,314125,314137,12,0
314125,314125,314137,12,0
314125,314125,314137,12,0
314125,314125,314137,12,0
314125,314125,314138,13,0
314125,314125,314143,18,0
314125,314125,314147,22,0
314125,314125,314147,22,0
314125,314125,314150,25,0
314162,314162,314163,1,0
314162,314162,314163,1,0
314162,314162,314163,1,0
314162,314162,314163,1,0
314162,314162,314164,2,0
314162,314162,314164,2,0
314162,314162,314164,2,0
314162,314164,314166,2,2
314162,314164,314166,2,2
314162,314162,314167,5,0
314162,314162,314167,5,0
314162,314162,314167,5,0
314162,314164,314167,3,2
314162,314164,314167,3,2
314162,314164,314166,2,2
314162,314164,314167,3,2
314162,314162,314167,5,0
314162,314162,314167,5,0
314162,314164,314167,3,2
314162,314162,314168,6,0
314162,314162,314168,6,0
314162,314162,314168,6,0
314162,314162,314168,6,0
314162,314162,314168,6,0
314162,314166,314168,2,4
314162,314162,314168,6,0
314162,314162,314168,6,0
314162,314167,314168,1,5
314162,314162,314168,6,0
314162,314167,314168,1,5
314162,314162,314169,7,0
314162,314162,314168,6,0
314162,314162,314169,7,0
314162,314162,314169,7,0
314162,314167,314169,2,5
314162,314167,314169,2,5
314162,314162,314169,7,0
314162,314167,314169,2,5
314162,314167,314169,2,5
314162,314167,314169,2,5
314162,314168,314169,1,6
314162,314168,314169,1,6
314162,314162,314170,8,0
314162,314162,314170,8,0
314162,314162,314169,7,0
314162,314162,314170,8,0
314162,314169,314170,1,7
314162,314169,314170,1,7
314162,314169,314170,1,7
314162,314169,314170,1,7
314162,314169,314170,1,7
314162,314169,314170,1,7
314162,314162,314171,9,0
314162,314162,314171,9,0
314162,314167,314171,4,5
314162,314162,314171,9,0
314162,314162,314171,9,0
314162,314169,314171,2,7
314162,314169,314171,2,7
314162,314169,314171,2,7
314162,314162,314171,9,0
314162,314170,314171,1,8
314162,314170,314171,1,8
314162,314169,314171,2,7
314162,314162,314172,10,0
314162,314162,314171,9,0
314162,314162,314171,9,0
314162,314162,314172,10,0
314162,314162,314172,10,0
314162,314162,314173,11,0
314162,314162,314173,11,0
314162,314162,314174,12,0
314162,314162,314174,12,0
314162,314167,314174,7,5
314162,314168,314174,6,6
314162,314162,314176,14,0
314187,314187,314188,1,0
314187,314187,314188,1,0
314187,314187,314189,2,0
314187,314187,314188,1,0
314187,314187,314188,1,0
314187,314187,314189,2,0
314187,314187,314189,2,0
314187,314187,314191,4,0
314187,314189,314190,1,2
314187,314189,314191,2,2
314187,314187,314192,5,0
314187,314187,314192,5,0
314187,314187,314192,5,0
314187,314187,314191,4,0
314187,314189,314191,2,2
314187,314187,314192,5,0
314187,314187,314192,5,0
314187,314189,314191,2,2
314187,314190,314191,1,3
314187,314189,314191,2,2
314187,314187,314192,5,0
314187,314187,314193,6,0
314187,314187,314193,6,0
314187,314189,314192,3,2
314187,314187,314192,5,0
314187,314187,314192,5,0
314187,314187,314193,6,0
314187,314187,314192,5,0
314187,314187,314193,6,0
314187,314187,314192,5,0
314187,314191,314193,2,4
314187,314187,314193,6,0
314187,314191,314193,2,4
314187,314187,314193,6,0
314187,314187,314193,6,0
314187,314187,314194,7,0
314187,314187,314194,7,0
314187,314191,314194,3,4
314187,314193,314194,1,6
314187,314187,314194,7,0
314187,314192,314193,1,5
314187,314187,314194,7,0
314187,314192,314194,2,5
314187,314193,314194,1,6
314187,314192,314194,2,5
314187,314193,314194,1,6
314187,314193,314194,1,6
314187,314192,314194,2,5
314187,314192,314194,2,5
314187,314192,314194,2,5
314187,314193,314194,1,6
314187,314187,314195,8,0
314187,314192,314195,3,5
314187,314187,314195,8,0
314187,314192,314195,3,5
314187,314187,314195,8,0
314187,314193,314195,2,6
314187,314193,314195,2,6
314187,314192,314194,2,5
314187,314193,314195,2,6
314187,314187,314195,8,0
314187,314193,314194,1,6
314187,314193,314195,2,6
314187,314187,314195,8,0
314187,314194,314196,2,7
314187,314187,314196,9,0
314187,314193,314196,3,6
314187,314187,314195,8,0
314187,314193,314196,3,6
314187,314193,314196,3,6
314187,314192,314196,4,5
314187,314187,314196,9,0
314187,314187,314196,9,0
314187,314187,314196,9,0
314187,314187,314196,9,0
314187,314193,314197,4,6
314187,314187,314199,12,0
314187,314187,314199,12,0
314187,314187,314198,11,0
314210,314210,314211,1,0
314210,314210,314211,1,0
314210,314210,314212,2,0
314210,314210,314211,1,0
314210,314210,314211,1,0
314210,314210,314211,1,0
314210,314210,314212,2,0
314210,314210,314213,3,0
314210,314210,314213,3,0
314210,314210,314214,4,0
314210,314210,314214,4,0
314210,314210,314214,4,0
314210,314210,314214,4,0
314210,314212,314214,2,2
314210,314212,314214,2,2
314210,314212,314214,2,2
314210,314211,314213,2,1
314210,314212,314214,2,2
314210,314211,314214,3,1
314210,314212,314214,2,2
314210,314210,314214,4,0
314210,314210,314215,5,0
314210,314210,314214,4,0
314210,314210,314215,5,0
314210,314210,314215,5,0
314210,314210,314215,5,0
314210,314210,314216,6,0
314210,314210,314215,5,0
314210,314210,314216,6,0
314210,314210,314215,5,0
314210,314210,314215,5,0
314210,314210,314216,6,0
314210,314214,314216,2,4
314210,314214,314216,2,4
314210,314214,314216,2,4
314210,314214,314216,2,4
314210,314210,314216,6,0
314210,314214,314216,2,4
314210,314214,314216,2,4
314210,314210,314216,6,0
314210,314214,314216,2,4
314210,314214,314216,2,4
314210,314210,314216,6,0
314210,314214,314215,1,4
314210,314214,314216,2,4
314210,314210,314217,7,0
314210,314210,314217,7,0
314210,314210,314216,6,0
314210,314210,314217,7,0
314210,314213,314217,4,3
314210,314215,314217,2,5
314210,314213,314217,4,3
314210,314214,314216,2,4
314210,314215,314217,2,5
314210,314215,314216,1,5
314210,314216,314217,1,6
314210,314210,314217,7,0
314210,314215,314217,2,5
314210,314215,314217,2,5
314210,314215,314217,2,5
314210,314216,314217,1,6
314210,314216,314218,2,6
314210,314216,314218,2,6
314210,314210,314218,8,0
314210,314216,314218,2,6
314210,314210,314218,8,0
314210,314216,314218,2,6
314210,314210,314218,8,0
314210,314210,314218,8,0
314210,314216,314218,2,6
314210,314216,314218,2,6
314210,314216,314219,3,6
314210,314210,314219,9,0
314210,314210,314218,8,0
314210,314210,314220,10,0
314210,314210,314221,11,0
314210,314210,314221,11,0
314210,314210,314222,12,0
314210,314210,314223,13,0
314234,314234,314235,1,0
314234,314234,314235,1,0
314234,314234,314235,1,0
314234,314234,314235,1,0
314234,314234,314235,1,0
314234,314234,314235,1,0
314234,314234,314236,2,0
314234,314235,314237,2,1
314234,314234,314237,3,0
314234,314236,314238,2,2
314234,314235,314237,2,1
314234,314235,314238,3,1
314234,314236,314237,1,2
314234,314234,314238,4,0
314234,314234,314239,5,0
314234,314234,314239,5,0
314234,314234,314239,5,0
314234,314236,314239,3,2
314234,314234,314238,4,0
314234,314237,314238,1,3
314234,314236,314238,2,2
314234,314234,314240,6,0
314234,314234,314240,6,0
314234,314234,314239,5,0
314234,314234,314240,6,0
314234,314238,314239,1,4
314234,314238,314240,2,4
314234,314238,314240,2,4
314234,314234,314240,6,0
314234,314234,314241,7,0
314234,314234,314240,6,0
314234,314234,314241,7,0
314234,314239,314240,1,5
314234,314234,314240,6,0
314234,314234,314240,6,0
314234,314234,314241,7,0
314234,314238,314241,3,4
314234,314240,314241,1,6
314234,314239,314240,1,5
314234,314234,314241,7,0
314234,314234,314242,8,0
314234,314239,314242,3,5
314234,314234,314241,7,0
314234,314239,314242,3,5
314234,314234,314242,8,0
314234,314240,314242,2,6
314234,314234,314242,8,0
314234,314239,314241,2,5
314234,314239,314241,2,5
314234,314241,314242,1,7
314234,314234,314241,7,0
314234,314241,314242,1,7
314234,314234,314241,7,0
314234,314234,314242,8,0
314234,314240,314241,1,6
314234,314234,314242,8,0
314234,314240,314241,1,6
314234,314241,314242,1,7
314234,314241,314242,1,7
314234,314234,314243,9,0
314234,314234,314242,8,0
314234,314239,314243,4,5
314234,314234,314242,8,0
314234,314238,314243,5,4
314234,314240,314242,2,6
314234,314234,314242,8,0
314234,314241,314243,2,7
314234,314241,314243,2,7
314234,314239,314242,3,5
314234,314234,314242,8,0
314234,314234,314243,9,0
314234,314241,314242,1,7
314234,314234,314244,10,0
314234,314234,314244,10,0
314234,314234,314245,11,0
314234,314240,314245,5,6
314234,314240,314244,4,6
314234,314234,314245,11,0
314234,314234,314247,13,0
314258,314258,314259,1,0
314258,314258,314259,1,0
314258,314258,314259,1,0
314258,314258,314259,1,0
314258,314258,314259,1,0
314258,314258,314260,2,0
314258,314258,314261,3,0
314258,314258,314261,3,0
314258,314258,314260,2,0
314258,314259,314261,2,1
314258,314258,314261,3,0
314258,314258,314262,4,0
314258,314259,314262,3,1
314258,314259,314262,3,1
314258,314260,314262,2,2
314258,314258,314262,4,0
314258,314258,314262,4,0
314258,314258,314262,4,0
314258,314258,314263,5,0
314258,314258,314263,5,0
314258,314260,314262,2,2
314258,314258,314263,5,0
314258,314258,314262,4,0
314258,314261,314263,2,3
314258,314260,314263,3,2
314258,314258,314263,5,0
314258,314261,314263,2,3
314258,314258,314264,6,0
314258,314258,314264,6,0
314258,314258,314263,5,0
314258,314263,314264,1,5
314258,314262,314264,2,4
314258,314262,314264,2,4
314258,314258,314264,6,0
314258,314258,314264,6,0
314258,314262,314264,2,4
314258,314261,314264,3,3
314258,314258,314265,7,0
314258,314258,314265,7,0
314258,314258,314265,7,0
314258,314261,314265,4,3
314258,314263,314265,2,5
314258,314263,314265,2,5
314258,314263,314265,2,5
314258,314264,314265,1,6
314258,314262,314265,3,4
314258,314263,314264,1,5
314258,314264,314265,1,6
314258,314258,314265,7,0
314258,314263,314265,2,5
314258,314264,314265,1,6
314258,314263,314265,2,5
314258,314263,314265,2,5
314258,314264,314265,1,6
314258,314263,314265,2,5
314258,314263,314264,1,5
314258,314264,314265,1,6
314258,314258,314266,8,0
314258,314263,314266,3,5
314258,314264,314266,2,6
314258,314262,314266,4,4
314258,314264,314266,2,6
314258,314258,314266,8,0
314258,314258,314267,9,0
314258,314258,314267,9,0
314258,314258,314266,8,0
314258,314258,314267,9,0
314258,314263,314266,3,5
314258,314258,314266,8,0
314258,314258,314267,9,0
314258,314258,314267,9,0
314258,314258,314267,9,0
314258,314258,314268,10,0
314258,314258,314267,9,0
314258,314258,314267,9,0
314258,314264,314267,3,6
314258,314258,314268,10,0
314258,314258,314268,10,0
314258,314258,314270,12,0
314281,314281,314282,1,0
314281,314281,314282,1,0
314281,314281,314282,1,0
314281,314281,314282,1,0
314281,314281,314282,1,0
314281,314281,314282,1,0
314281,314281,314283,2,0
314281,314281,314284,3,0
314281,314281,314284,3,0
314281,314282,314284,2,1
314281,314282,314284,2,1
314281,314281,314284,3,0
314281,314281,314285,4,0
314281,314281,314285,4,0
314281,314283,314285,2,2
314281,314283,314285,2,2
314281,314284,314285,1,3
314281,314281,314286,5,0
314281,314283,314286,3,2
314281,314283,314285,2,2
314281,314281,314285,4,0
314281,314281,314286,5,0
314281,314283,314285,2,2
314281,314284,314285,1,3
314281,314281,314286,5,0
314281,314285,314287,2,4
314281,314284,314287,3,3
314281,314281,314286,5,0
314281,314281,314287,6,0
314281,314281,314286,5,0
314281,314281,314287,6,0
314281,314281,314286,5,0
314281,314285,314287,2,4
314281,314281,314287,6,0
314281,314281,314286,5,0
314281,314285,314287,2,4
314281,314285,314287,2,4
314281,314286,314287,1,5
314281,314285,314288,3,4
314281,314281,314288,7,0
314281,314286,314288,2,5
314281,314286,314288,2,5
314281,314287,314288,1,6
314281,314285,314287,2,4
314281,314286,314288,2,5
314281,314281,314287,6,0
314281,314286,314287,1,5
314281,314287,314288,1,6
314281,314287,314288,1,6
314281,314281,314288,7,0
314281,314286,314287,1,5
314281,314286,314287,1,5
314281,314287,314288,1,6
314281,314281,314288,7,0
314281,314281,314289,8,0
314281,314284,314288,4,3
314281,314287,314289,2,6
314281,314287,314289,2,6
314281,314287,314288,1,6
314281,314287,314288,1,6
314281,314287,314288,1,6
314281,314287,314289,2,6
314281,314281,314290,9,0
314281,314287,314289,2,6
314281,314281,314289,8,0
314281,314281,314290,9,0
314281,314281,314290,9,0
314281,314281,314290,9,0
314281,314281,314291,10,0
314281,314281,314291,10,0
314281,314281,314290,9,0
314281,314281,314291,10,0
314281,314281,314292,11,0
314281,314281,314292,11,0
314281,314281,314292,11,0
314281,314281,314292,11,0
314281,314281,314293,12,0
314281,314281,314293,12,0
314281,314281,314294,13,0
314306,314306,314308,2,0
314306,314306,314308,2,0
314306,314306,314308,2,0
314306,314306,314308,2,0
314306,314306,314308,2,0
314306,314306,314308,2,0
314306,314306,314309,3,0
314306,314307,314310,3,1
314306,314307,314310,3,1
314306,314307,314310,3,1
314306,314309,314310,1,3
314306,314309,314310,1,3
314306,314309,314310,1,3
314306,314307,314311,4,1
314306,314307,314311,4,1
314306,314307,314311,4,1
314306,314309,314311,2,3
314306,314309,314311,2,3
314306,314309,314311,2,3
314306,314310,314311,1,4
314306,314306,314312,6,0
314306,314307,314312,5,1
314306,314306,314312,6,0
314306,314311,314312,1,5
314306,314307,314312,5,1
314306,314311,314312,1,5
314306,314311,314312,1,5
314306,314312,314313,1,6
314306,314311,314313,2,5
314306,314307,314313,6,1
314306,314311,314313,2,5
314306,314311,314313,2,5
314306,314306,314313,7,0
314306,314306,314313,7,0
314306,314312,314313,1,6
314306,314313,314314,1,7
314306,314313,314314,1,7
314306,314306,314313,7,0
314306,314312,314313,1,6
314306,314306,314313,7,0
314306,314306,314314,8,0
314306,314313,314314,1,7
314306,314313,314314,1,7
314306,314312,314313,1,6
314306,314312,314314,2,6
314306,314306,314314,8,0
314306,314307,314314,7,1
314306,314312,314314,2,6
314306,314306,314314,8,0
314306,314307,314314,7,1
314306,314312,314315,3,6
314306,314306,314314,8,0
314306,314313,314314,1,7
314306,314306,314314,8,0
314306,314314,314315,1,8
314306,314306,314315,9,0
314306,314306,314314,8,0
314306,314313,314314,1,7
314306,314306,314315,9,0
314306,314314,314315,1,8
314306,314306,314316,10,0
314306,314306,314315,9,0
314306,314314,314316,2,8
314306,314313,314315,2,7
314306,314313,314315,2,7
314306,314306,314315,9,0
314306,314314,314315,1,8
314306,314314,314315,1,8
314306,314306,314316,10,0
314306,314306,314316,10,0
314306,314307,314316,9,1
314306,314314,314316,2,8
314306,314314,314316,2,8
314306,314306,314317,11,0
314306,314306,314317,11,0
314306,314306,314317,11,0
314306,314306,314317,11,0
314306,314306,314317,11,0
314306,314306,314318,12,0
314329,314329,314330,1,0
314329,314329,314330,1,0
314329,314329,314331,2,0
314329,314329,314331,2,0
314329,314329,314330,1,0
314329,314329,314331,2,0
314329,314329,314332,3,0
314329,314331,314333,2,2
314329,314332,314333,1,3
314329,314330,314333,3,1
314329,314332,314333,1,3
314329,314331,314333,2,2
314329,314329,314334,5,0
314329,314329,314334,5,0
314329,314329,314334,5,0
314329,314331,314334,3,2
314329,314329,314334,5,0
314329,314329,314334,5,0
314329,314329,314334,5,0
314329,314329,314334,5,0
314329,314333,314334,1,4
314329,314329,314335,6,0
314329,314329,314335,6,0
314329,314329,314335,6,0
314329,314329,314335,6,0
314329,314329,314335,6,0
314329,314329,314335,6,0
314329,314335,314336,1,6
314329,314329,314335,6,0
314329,314329,314335,6,0
314329,314334,314335,1,5
314329,314334,314335,1,5
314329,314329,314336,7,0
314329,314329,314336,7,0
314329,314329,314336,7,0
314329,314335,314336,1,6
314329,314329,314336,7,0
314329,314329,314336,7,0
314329,314335,314336,1,6
314329,314336,314337,1,7
314329,314329,314336,7,0
314329,314335,314336,1,6
314329,314329,314336,7,0
314329,314335,314336,1,6
314329,314336,314337,1,7
314329,314336,314337,1,7
314329,314335,314338,3,6
314329,314329,314337,8,0
314329,314335,314337,2,6
314329,314329,314337,8,0
314329,314336,314337,1,7
314329,314329,314338,9,0
314329,314336,314338,2,7
314329,314329,314337,8,0
314329,314336,314337,1,7
314329,314329,314337,8,0
314329,314336,314337,1,7
314329,314335,314338,3,6
314329,314336,314338,2,7
314329,314329,314338,9,0
314329,314335,314338,3,6
314329,314335,314338,3,6
314329,314336,314338,2,7
314329,314336,314338,2,7
314329,314335,314338,3,6
314329,314329,314338,9,0
314329,314335,314339,4,6
314329,314329,314339,10,0
314329,314329,314340,11,0
314329,314329,314341,12,0
314329,314329,314341,12,0
314329,314329,314341,12,0
314329,314329,314341,12,0
314329,314329,314342,13,0
314329,314329,314342,13,0
314354,314354,314355,1,0
314354,314354,314355,1,0
314354,314354,314355,1,0
314354,314354,314355,1,0
314354,314354,314355,1,0
314354,314354,314355,1,0
314354,314355,314356,1,1
314354,314356,314357,1,2
314354,314354,314357,3,0
314354,314356,314357,1,2
314354,314356,314358,2,2
314354,314356,314357,1,2
314354,314354,314358,4,0
314354,314354,314358,4,0
314354,314354,314359,5,0
314354,314354,314358,4,0
314354,314354,314358,4,0
314354,314356,314358,2,2
314354,314357,314358,1,3
314354,314358,314359,1,4
314354,314358,314359,1,4
314354,314354,314359,5,0
314354,314354,314359,5,0
314354,314354,314359,5,0
314354,314354,314360,6,0
314354,314358,314359,1,4
314354,314354,314360,6,0
314354,314358,314359,1,4
314354,314354,314360,6,0
314354,314358,314359,1,4
314354,314359,314360,1,5
314354,314354,314360,6,0
314354,314354,314360,6,0
314354,314354,314360,6,0
314354,314354,314361,7,0
314354,314359,314360,1,5
314354,314354,314361,7,0
314354,314359,314360,1,5
314354,314354,314360,6,0
314354,314354,314361,7,0
314354,314354,314360,6,0
314354,314359,314360,1,5
314354,314360,314361,1,6
314354,314354,314360,6,0
314354,314360,314361,1,6
314354,314360,314361,1,6
314354,314359,314361,2,5
314354,314359,314361,2,5
314354,314359,314361,2,5
314354,314354,314362,8,0
314354,314359,314362,3,5
314354,314354,314362,8,0
314354,314359,314361,2,5
314354,314354,314362,8,0
314354,314354,314361,7,0
314354,314361,314362,1,7
314354,314360,314361,1,6
314354,314360,314361,1,6
314354,314354,314362,8,0
314354,314360,314361,1,6
314354,314354,314363,9,0
314354,314354,314362,8,0
314354,314354,314362,8,0
314354,314360,314362,2,6
314354,314360,314362,2,6
314354,314361,314363,2,7
314354,314361,314363,2,7
314354,314360,314362,2,6
314354,314361,314362,1,7
314354,314360,314362,2,6
314354,314354,314363,9,0
314354,314354,314363,9,0
314354,314354,314364,10,0
314354,314354,314363,9,0
314354,314354,314364,10,0
314354,314354,314365,11,0
314354,314354,314364,10,0
314354,314354,314365,11,0
314354,314354,314365,11,0
314377,314377,314378,1,0
314377,314377,314378,1,0
314377,314377,314378,1,0
314377,314377,314378,1,0
314377,314377,314378,1,0
314377,314377,314378,1,0
314377,314377,314381,4,0
314377,314379,314381,2,2
314377,314379,314381,2,2
314377,314377,314380,3,0
314377,314379,314381,2,2
314377,314379,314381,2,2
314377,314379,314381,2,2
314377,314379,314381,2,2
314377,314377,314382,5,0
314377,314377,314382,5,0
314377,314377,314381,4,0
314377,314377,314381,4,0
314377,314377,314382,5,0
314377,314377,314382,5,0
314377,314377,314382,5,0
314377,314381,314382,1,4
314377,314377,314382,5,0
314377,314377,314383,6,0
314377,314377,314383,6,0
314377,314381,314382,1,4
314377,314377,314383,6,0
314377,314381,314382,1,4
314377,314381,314382,1,4
314377,314381,314383,2,4
314377,314377,314383,6,0
314377,314381,314382,1,4
314377,314381,314383,2,4
314377,314382,314383,1,5
314377,314377,314384,7,0
314377,314382,314384,2,5
314377,314382,314384,2,5
314377,314377,314384,7,0
314377,314377,314384,7,0
314377,314377,314383,6,0
314377,314383,314384,1,6
314377,314377,314384,7,0
314377,314383,314384,1,6
314377,314377,314384,7,0
314377,314377,314384,7,0
314377,314383,314384,1,6
314377,314377,314383,6,0
314377,314383,314384,1,6
314377,314377,314385,8,0
314377,314382,314385,3,5
314377,314377,314384,7,0
314377,314383,314385,2,6
314377,314382,314385,3,5
314377,314377,314384,7,0
314377,314382,314385,3,5
314377,314382,314385,3,5
314377,314382,314384,2,5
314377,314383,314384,1,6
314377,314383,314384,1,6
314377,314377,314385,8,0
314377,314383,314384,1,6
314377,314377,314384,7,0
314377,314383,314384,1,6
314377,314383,314384,1,6
314377,314381,314385,4,4
314377,314383,314385,2,6
314377,314377,314386,9,0
314377,314384,314386,2,7
314377,314377,314386,9,0
314377,314383,314386,3,6
314377,314377,314385,8,0
314377,314377,314387,10,0
314377,314377,314387,10,0
314377,314377,314388,11,0
314377,314377,314388,11,0
314377,314377,314388,11,0
314377,314377,314388,11,0
314377,314377,314391,14,0
314377,314377,314391,14,0
314402,314402,314404,2,0
314402,314402,314403,1,0
314402,314402,314403,1,0
314402,314402,314403,1,0
314402,314402,314404,2,0
314402,314402,314404,2,0
314402,314402,314405,3,0
314402,314402,314406,4,0
314402,314402,314406,4,0
314402,314402,314406,4,0
314402,314404,314406,2,2
314402,314404,314406,2,2
314402,314404,314405,1,2
314402,314404,314406,2,2
314402,314404,314406,2,2
314402,314405,314406,1,3
314402,314402,314407,5,0
314402,314402,314407,5,0
314402,314402,314407,5,0
314402,314402,314406,4,0
314402,314402,314407,5,0
314402,314402,314407,5,0
314402,314402,314407,5,0
314402,314404,314406,2,2
314402,314406,314408,2,4
314402,314402,314408,6,0
314402,314406,314408,2,4
314402,314406,314408,2,4
314402,314402,314408,6,0
314402,314402,314408,6,0
314402,314407,314408,1,5
314402,314402,314408,6,0
314402,314402,314408,6,0
314402,314407,314408,1,5
314402,314402,314409,7,0
314402,314407,314408,1,5
314402,314407,314409,2,5
314402,314406,314409,3,4
314402,314407,314409,2,5
314402,314407,314409,2,5
314402,314402,314409,7,0
314402,314407,314409,2,5
314402,314406,314409,3,4
314402,314402,314409,7,0
314402,314408,314409,1,6
314402,314409,314410,1,7
314402,314402,314409,7,0
314402,314408,314409,1,6
314402,314409,314410,1,7
314402,314408,314409,1,6
314402,314407,314410,3,5
314402,314402,314410,8,0
314402,314402,314410,8,0
314402,314402,314410,8,0
314402,314408,314410,2,6
314402,314409,314410,1,7
314402,314409,314410,1,7
314402,314409,314410,1,7
314402,314402,314410,8,0
314402,314409,314410,1,7
314402,314409,314410,1,7
314402,314402,314411,9,0
314402,314407,314411,4,5
314402,314402,314411,9,0
314402,314402,314411,9,0
314402,314402,314412,10,0
314402,314402,314412,10,0
314402,314402,314412,10,0
314402,314402,314412,10,0
314402,314402,314412,10,0
314402,314402,314412,10,0
314402,314402,314413,11,0
314402,314402,314413,11,0
314402,314402,314414,12,0
314402,314402,314415,13,0
314402,314402,314416,14,0
314428,314428,314429,1,0
314428,314428,314429,1,0
314428,314428,314429,1,0
314428,314428,314429,1,0
314428,314428,314429,1,0
314428,314428,314429,1,0
314428,314428,314430,2,0
314428,314429,314431,2,1
314428,314429,314431,2,1
314428,314428,314431,3,0
314428,314430,314431,1,2
314428,314430,314431,1,2
314428,314430,314431,1,2
314428,314428,314432,4,0
314428,314428,314432,4,0
314428,314428,314433,5,0
314428,314428,314432,4,0
314428,314430,314432,2,2
314428,314428,314433,5,0
314428,314432,314433,1,4
314428,314428,314432,4,0
314428,314431,314433,2,3
314428,314431,314432,1,3
314428,314432,314433,1,4
314428,314428,314432,4,0
314428,314431,314432,1,3
314428,314432,314433,1,4
314428,314428,314433,5,0
314428,314432,314434,2,4
314428,314428,314433,5,0
314428,314428,314434,6,0
314428,314428,314434,6,0
314428,314428,314434,6,0
314428,314433,314434,1,5
314428,314433,314434,1,5
314428,314433,314434,1,5
314428,314433,314435,2,5
314428,314433,314434,1,5
314428,314428,314435,7,0
314428,314433,314435,2,5
314428,314428,314434,6,0
314428,314428,314435,7,0
314428,314433,314434,1,5
314428,314428,314434,6,0
314428,314433,314434,1,5
314428,314433,314434,1,5
314428,314433,314434,1,5
314428,314433,314434,1,5
314428,314433,314434,1,5
314428,314433,314435,2,5
314428,314428,314435,7,0
314428,314434,314435,1,6
314428,314428,314435,7,0
314428,314428,314435,7,0
314428,314428,314435,7,0
314428,314433,314435,2,5
314428,314428,314435,7,0
314428,314434,314435,1,6
314428,314434,314435,1,6
314428,314434,314435,1,6
314428,314428,314437,9,0
314428,314434,314436,2,6
314428,314428,314437,9,0
314428,314428,314436,8,0
314428,314428,314436,8,0
314428,314434,314437,3,6
314428,314434,314436,2,6
314428,314428,314436,8,0
314428,314434,314436,2,6
314428,314428,314437,9,0
314428,314428,314436,8,0
314428,314428,314437,9,0
314428,314428,314437,9,0
314428,314428,314437,9,0
314428,314428,314438,10,0
314428,314428,314438,10,0
314428,314428,314438,10,0
314428,314428,314439,11,0
314428,314428,314439,11,0
314451,314451,314452,1,0
314451,314451,314452,1,0
314451,314451,314453,2,0
314451,314451,314452,1,0
314451,314451,314452,1,0
314451,314451,314453,2,0
314451,314451,314454,3,0
314451,314452,314453,1,1
314451,314452,314454,2,1
314451,314451,314454,3,0
314451,314451,314455,4,0
314451,314453,314455,2,2
314451,314451,314454,3,0
314451,314453,314455,2,2
314451,314453,314455,2,2
314451,314451,314456,5,0
314451,314451,314455,4,0
314451,314451,314455,4,0
314451,314451,314456,5,0
314451,314451,314456,5,0
314451,314453,314455,2,2
314451,314451,314456,5,0
314451,314454,314456,2,3
314451,314454,314456,2,3
314451,314451,314457,6,0
314451,314451,314457,6,0
314451,314455,314457,2,4
314451,314451,314457,6,0
314451,314455,314457,2,4
314451,314455,314456,1,4
314451,314451,314457,6,0
314451,314456,314457,1,5
314451,314456,314457,1,5
314451,314456,314457,1,5
314451,314456,314457,1,5
314451,314451,314457,6,0
314451,314455,314456,1,4
314451,314456,314457,1,5
314451,314451,314458,7,0
314451,314456,314458,2,5
314451,314455,314458,3,4
314451,314451,314458,7,0
314451,314456,314458,2,5
314451,314455,314458,3,4
314451,314454,314458,4,3
314451,314457,314458,1,6
314451,314457,314458,1,6
314451,314457,314458,1,6
314451,314451,314458,7,0
314451,314457,314458,1,6
314451,314451,314459,8,0
314451,314456,314458,2,5
314451,314451,314458,7,0
314451,314451,314458,7,0
314451,314451,314459,8,0
314451,314456,314459,3,5
314451,314457,314459,2,6
314451,314451,314459,8,0
314451,314457,314459,2,6
314451,314457,314459,2,6
314451,314457,314458,1,6
314451,314451,314459,8,0
314451,314457,314459,2,6
314451,314451,314459,8,0
314451,314457,314459,2,6
314451,314457,314458,1,6
314451,314451,314460,9,0
314451,314451,314460,9,0
314451,314451,314461,10,0
314451,314451,314461,10,0
314451,314451,314461,10,0
314451,314451,314460,9,0
314451,314451,314461,10,0
314451,314451,314462,11,0
314451,314451,314462,11,0
314451,314451,314461,10,0
314451,314451,314462,11,0
314451,314451,314463,12,0
314451,314451,314463,12,0
314473,314473,314474,1,0
314473,314473,314475,2,0
314473,314473,314475,2,0
314473,314473,314475,2,0
314473,314473,314475,2,0
314473,314473,314475,2,0
314473,314473,314475,2,0
314473,314473,314476,3,0
314473,314473,314477,4,0
314473,314473,314477,4,0
314473,314473,314477,4,0
314473,314473,314477,4,0
314473,314474,314477,3,1
314473,314475,314477,2,2
314473,314475,314477,2,2
314473,314475,314477,2,2
314473,314473,314478,5,0
314473,314473,314478,5,0
314473,314473,314478,5,0
314473,314475,314478,3,2
314473,314473,314478,5,0
314473,314473,314478,5,0
314473,314473,314478,5,0
314473,314475,314478,3,2
314473,314478,314479,1,5
314473,314473,314479,6,0
314473,314476,314479,3,3
314473,314473,314479,6,0
314473,314477,314479,2,4
314473,314473,314479,6,0
314473,314478,314479,1,5
314473,314473,314479,6,0
314473,314478,314479,1,5
314473,314473,314479,6,0
314473,314473,314479,6,0
314473,314473,314479,6,0
314473,314475,314479,4,2
314473,314478,314479,1,5
314473,314473,314479,6,0
314473,314479,314480,1,6
314473,314473,314480,7,0
314473,314473,314480,7,0
314473,314477,314480,3,4
314473,314477,314480,3,4
314473,314479,314480,1,6
314473,314480,314481,1,7
314473,314480,314481,1,7
314473,314479,314480,1,6
314473,314473,314480,7,0
314473,314479,314480,1,6
314473,314479,314480,1,6
314473,314479,314480,1,6
314473,314479,314480,1,6
314473,314480,314481,1,7
314473,314480,314481,1,7
314473,314473,314481,8,0
314473,314478,314481,3,5
314473,314478,314481,3,5
314473,314479,314481,2,6
314473,314473,314481,8,0
314473,314479,314481,2,6
314473,314478,314481,3,5
314473,314480,314481,1,7
314473,314480,314481,1,7
314473,314480,314481,1,7
314473,314473,314481,8,0
314473,314473,314482,9,0
314473,314473,314482,9,0
314473,314473,314482,9,0
314473,314473,314483,10,0
314473,314473,314483,10,0
314473,314473,314484,11,0
314473,314473,314484,11,0
314473,314473,314485,12,0
314473,314473,314485,12,0
314473,314473,314485,12,0
314473,314473,314486,13,0
314473,314473,314487,14,0
314498,314498,314499,1,0
314498,314498,314499,1,0
314498,314498,314499,1,0
314498,314498,314500,2,0
314498,314498,314499,1,0
314498,314498,314500,2,0
314498,314498,314499,1,0
314498,314499,314500,1,1
314498,314500,314501,1,2
314498,314499,314500,1,1
314498,314500,314501,1,2
314498,314500,314501,1,2
314498,314498,314502,4,0
314498,314498,314501,3,0
314498,314498,314501,3,0
314498,314500,314501,1,2
314498,314501,314502,1,3
314498,314498,314501,3,0
314498,314498,314502,4,0
314498,314500,314501,1,2
314498,314501,314502,1,3
314498,314498,314502,4,0
314498,314498,314503,5,0
314498,314498,314503,5,0
314498,314498,314503,5,0
314498,314498,314503,5,0
314498,314498,314502,4,0
314498,314501,314502,1,3
314498,314501,314502,1,3
314498,314498,314503,5,0
314498,314498,314503,5,0
314498,314502,314503,1,4
314498,314502,314503,1,4
314498,314498,314504,6,0
314498,314498,314504,6,0
314498,314498,314504,6,0
314498,314498,314504,6,0
314498,314502,314503,1,4
314498,314502,314504,2,4
314498,314498,314503,5,0
314498,314498,314504,6,0
314498,314498,314504,6,0
314498,314502,314504,2,4
314498,314502,314504,2,4
314498,314502,314504,2,4
314498,314498,314504,6,0
314498,314498,314504,6,0
314498,314502,314504,2,4
314498,314503,314504,1,5
314498,314503,314504,1,5
314498,314503,314504,1,5
314498,314503,314504,1,5
314498,314498,314505,7,0
314498,314502,314505,3,4
314498,314498,314505,7,0
314498,314503,314505,2,5
314498,314502,314505,3,4
314498,314503,314505,2,5
314498,314503,314505,2,5
314498,314503,314505,2,5
314498,314503,314506,3,5
314498,314498,314505,7,0
314498,314498,314505,7,0
314498,314504,314506,2,6
314498,314504,314506,2,6
314498,314503,314506,3,5
314498,314498,314506,8,0
314498,314503,314506,3,5
314498,314503,314506,3,5
314498,314498,314507,9,0
314498,314498,314507,9,0
314498,314498,314506,8,0
314498,314498,314507,9,0
314498,314498,314508,10,0
314498,314498,314508,10,0
314498,314498,314508,10,0
314498,314498,314509,11,0
314498,314498,314508,10,0
314498,314498,314510,12,0
314520,314520,314521,1,0
314520,314520,314521,1,0
314520,314520,314521,1,0
314520,314520,314521,1,0
314520,314520,314522,2,0
314520,314520,314522,2,0
314520,314520,314522,2,0
314520,314522,314523,1,2
314520,314522,314523,1,2
314520,314522,314523,1,2
314520,314520,314524,4,0
314520,314520,314524,4,0
314520,314523,314524,1,3
314520,314524,314525,1,4
314520,314520,314524,4,0
314520,314522,314524,2,2
314520,314520,314525,5,0
314520,314524,314525,1,4
314520,314520,314525,5,0
314520,314524,314525,1,4
314520,314520,314525,5,0
314520,314524,314525,1,4
314520,314520,314525,5,0
314520,314520,314526,6,0
314520,314521,314526,5,1
314520,314525,314526,1,5
314520,314520,314526,6,0
314520,314520,314526,6,0
314520,314520,314526,6,0
314520,314520,314526,6,0
314520,314525,314526,1,5
314520,314525,314526,1,5
314520,314520,314526,6,0
314520,314520,314526,6,0
314520,314525,314526,1,5
314520,314520,314526,6,0
314520,314525,314526,1,5
314520,314525,314526,1,5
314520,314526,314527,1,6
314520,314520,314527,7,0
314520,314520,314527,7,0
314520,314526,314527,1,6
314520,314527,314528,1,7
314520,314527,314528,1,7
314520,314526,314527,1,6
314520,314526,314527,1,6
314520,314526,314527,1,6
314520,314520,314528,8,0
314520,314527,314528,1,7
314520,314526,314527,1,6
314520,314526,314527,1,6
314520,314520,314528,8,0
314520,314520,314528,8,0
314520,314520,314528,8,0
314520,314527,314528,1,7
314520,314520,314528,8,0
314520,314527,314528,1,7
314520,314527,314528,1,7
314520,314527,314528,1,7
314520,314527,314528,1,7
314520,314520,314529,9,0
314520,314520,314529,9,0
314520,314520,314529,9,0
314520,314526,314529,3,6
314520,314520,314529,9,0
314520,314520,314529,9,0
314520,314520,314530,10,0
314520,314520,314530,10,0
314520,314520,314531,11,0
314520,314520,314532,12,0
314520,314520,314532,12,0
314520,314520,314533,13,0
314520,314520,314533,13,0
314520,314520,314534,14,0
314520,314520,314537,17,0
314548,314548,314549,1,0
314548,314548,314549,1,0
314548,314548,314549,1,0
314548,314548,314549,1,0
314548,314548,314550,2,0
314548,314548,314549,1,0
314548,314548,314550,2,0
314548,314549,314551,2,1
314548,314549,314551,2,1
314548,314548,314552,4,0
314548,314548,314552,4,0
314548,314549,314552,3,1
314548,314550,314552,2,2
314548,314550,314552,2,2
314548,314550,314552,2,2
314548,314548,314552,4,0
314548,314551,314552,1,3
314548,314550,314552,2,2
314548,314548,314553,5,0
314548,314552,314553,1,4
314548,314552,314553,1,4
314548,314552,314553,1,4
314548,314548,314553,5,0
314548,314548,314554,6,0
314548,314548,314554,6,0
314548,314548,314554,6,0
314548,314548,314554,6,0
314548,314548,314554,6,0
314548,314548,314554,6,0
314548,314548,314554,6,0
314548,314553,314554,1,5
314548,314548,314554,6,0
314548,314553,314554,1,5
314548,314548,314554,6,0
314548,314548,314555,7,0
314548,314553,314554,1,5
314548,314553,314554,1,5
314548,314548,314555,7,0
314548,314548,314555,7,0
314548,314548,314555,7,0
314548,314548,314555,7,0
314548,314548,314555,7,0
314548,314554,314555,1,6
314548,314555,314556,1,7
314548,314554,314555,1,6
314548,314554,314555,1,6
314548,314554,314555,1,6
314548,314554,314555,1,6
314548,314554,314555,1,6
314548,314548,314556,8,0
314548,314553,314556,3,5
314548,314554,314556,2,6
314548,314554,314556,2,6
314548,314548,314556,8,0
314548,314554,314556,2,6
314548,314554,314556,2,6
314548,314554,314556,2,6
314548,314555,314556,1,7
314548,314555,314556,1,7
314548,314554,314556,2,6
314548,314548,314557,9,0
314548,314548,314558,10,0
314548,314548,314557,9,0
314548,314548,314557,9,0
314548,314548,314558,10,0
314548,314548,314558,10,0
314548,314548,314558,10,0
314548,314548,314558,10,0
314548,314548,314558,10,0
314548,314548,314558,10,0
314548,314548,314559,11,0
314548,314548,314559,11,0
314548,314548,314559,11,0
314548,314548,314560,12,0
314548,314548,314561,13,0
314571,314571,314573,2,0
314571,314571,314573,2,0
314571,314571,314573,2,0
314571,314571,314573,2,0
314571,314571,314573,2,0
314571,314571,314573,2,0
314571,314571,314573,2,0
314571,314571,314575,4,0
314571,314574,314575,1,3
314571,314574,314576,2,3
314571,314574,314575,1,3
314571,314574,314575,1,3
314571,314571,314575,4,0
314571,314574,314575,1,3
314571,314574,314575,1,3
314571,314572,314576,4,1
314571,314572,314576,4,1
314571,314572,314576,4,1
314571,314572,314576,4,1
314571,314572,314576,4,1
314571,314576,314577,1,5
314571,314576,314577,1,5
314571,314574,314576,2,3
314571,314576,314577,1,5
314571,314572,314577,5,1
314571,314576,314577,1,5
314571,314576,314577,1,5
314571,314576,314577,1,5
314571,314576,314577,1,5
314571,314576,314577,1,5
314571,314571,314577,6,0
314571,314572,314577,5,1
314571,314572,314577,5,1
314571,314571,314577,6,0
314571,314572,314578,6,1
314571,314572,314578,6,1
314571,314577,314578,1,6
314571,314572,314578,6,1
314571,314572,314578,6,1
314571,314578,314579,1,7
314571,314578,314579,1,7
314571,314572,314578,6,1
314571,314577,314578,1,6
314571,314577,314578,1,6
314571,314577,314578,1,6
314571,314578,314579,1,7
314571,314578,314579,1,7
314571,314577,314578,1,6
314571,314578,314579,1,7
314571,314577,314579,2,6
314571,314577,314579,2,6
314571,314577,314579,2,6
314571,314572,314579,7,1
314571,314572,314579,7,1
314571,314572,314579,7,1
314571,314571,314579,8,0
314571,314578,314579,1,7
314571,314578,314579,1,7
314571,314578,314579,1,7
314571,314578,314579,1,7
314571,314578,314580,2,7
314571,314579,314581,2,8
314571,314572,314580,8,1
314571,314577,314580,3,6
314571,314572,314580,8,1
314571,314572,314581,9,1
314571,314572,314581,9,1
314571,314571,314581,10,0
314571,314572,314581,9,1
314571,314572,314582,10,1
314571,314572,314582,10,1
314571,314571,314582,11,0
314571,314571,314582,11,0
314571,314572,314583,11,1
314571,314572,314582,10,1
314571,314572,314582,10,1
314571,314572,314582,10,1
314571,314572,314583,11,1
314571,314572,314587,15,1
314597,314597,314598,1,0
314597,314597,314598,1,0
314597,314597,314598,1,0
314597,314597,314598,1,0
314597,314597,314599,2,0
314597,314597,314599,2,0
314597,314597,314599,2,0
314597,314598,314600,2,1
314597,314599,314600,1,2
314597,314599,314600,1,2
314597,314597,314601,4,0
314597,314600,314601,1,3
314597,314600,314601,1,3
314597,314599,314601,2,2
314597,314599,314601,2,2
314597,314599,314601,2,2
314597,314597,314602,5,0
314597,314597,314602,5,0
314597,314597,314602,5,0
314597,314597,314602,5,0
314597,314597,314602,5,0
314597,314599,314601,2,2
314597,314601,314602,1,4
314597,314600,314601,1,3
314597,314601,314602,1,4
314597,314601,314602,1,4
314597,314601,314602,1,4
314597,314597,314603,6,0
314597,314597,314602,5,0
314597,314597,314603,6,0
314597,314597,314603,6,0
314597,314601,314603,2,4
314597,314597,314603,6,0
314597,314601,314602,1,4
314597,314597,314603,6,0
314597,314597,314603,6,0
314597,314602,314603,1,5
314597,314597,314603,6,0
314597,314602,314603,1,5
314597,314602,314603,1,5
314597,314602,314604,2,5
314597,314603,314604,1,6
314597,314603,314604,1,6
314597,314602,314603,1,5
314597,314602,314604,2,5
314597,314603,314604,1,6
314597,314597,314604,7,0
314597,314602,314603,1,5
314597,314602,314604,2,5
314597,314597,314604,7,0
314597,314602,314605,3,5
314597,314602,314605,3,5
314597,314597,314605,8,0
314597,314602,314605,3,5
314597,314603,314605,2,6
314597,314603,314605,2,6
314597,314603,314605,2,6
314597,314603,314605,2,6
314597,314597,314605,8,0
314597,314597,314605,8,0
314597,314597,314605,8,0
314597,314597,314606,9,0
314597,314597,314606,9,0
314597,314603,314605,2,6
314597,314597,314606,9,0
314597,314597,314606,9,0
314597,314597,314607,10,0
314597,314597,314607,10,0
314597,314597,314607,10,0
314597,314597,314607,10,0
314597,314597,314607,10,0
314597,314597,314608,11,0
314597,314597,314608,11,0
314597,314597,314609,12,0
314597,314597,314610,13,0
314597,314597,314611,14,0
314597,314597,314612,15,0
314597,314597,314612,15,0
314597,314597,314613,16,0
314623,314623,314624,1,0
314623,314623,314625,2,0
314623,314623,314625,2,0
314623,314623,314624,1,0
314623,314623,314624,1,0
314623,314623,314624,1,0
314623,314623,314626,3,0
314623,314623,314626,3,0
314623,314623,314626,3,0
314623,314623,314627,4,0
314623,314625,314627,2,2
314623,314625,314627,2,2
314623,314625,314627,2,2
314623,314625,314627,2,2
314623,314625,314627,2,2
314623,314623,314627,4,0
314623,314623,314628,5,0
314623,314623,314627,4,0
314623,314623,314627,4,0
314623,314623,314628,5,0
314623,314623,314628,5,0
314623,314623,314628,5,0
314623,314625,314627,2,2
314623,314623,314627,4,0
314623,314627,314628,1,4
314623,314627,314628,1,4
314623,314626,314627,1,3
314623,314627,314628,1,4
314623,314627,314628,1,4
314623,314626,314629,3,3
314623,314627,314629,2,4
314623,314628,314629,1,5
314623,314628,314629,1,5
314623,314628,314629,1,5
314623,314628,314629,1,5
314623,314623,314629,6,0
314623,314628,314629,1,5
314623,314623,314629,6,0
314623,314623,314629,6,0
314623,314627,314628,1,4
314623,314628,314629,1,5
314623,314628,314630,2,5
314623,314627,314630,3,4
314623,314628,314630,2,5
314623,314628,314630,2,5
314623,314628,314630,2,5
314623,314628,314630,2,5
314623,314623,314630,7,0
314623,314628,314630,2,5
314623,314628,314629,1,5
314623,314623,314630,7,0
314623,314623,314630,7,0
314623,314629,314630,1,6
314623,314623,314630,7,0
314623,314623,314631,8,0
314623,314629,314631,2,6
314623,314628,314631,3,5
314623,314629,314631,2,6
314623,314623,314631,8,0
314623,314629,314630,1,6
314623,314629,314631,2,6
314623,314629,314631,2,6
314623,314623,314632,9,0
314623,314623,314632,9,0
314623,314623,314632,9,0
314623,314623,314632,9,0
314623,314623,314633,10,0
314623,314623,314633,10,0
314623,314623,314632,9,0
314623,314623,314633,10,0
314623,314623,314634,11,0
314623,314623,314634,11,0
314623,314623,314634,11,0
314623,314623,314635,12,0
314623,314623,314635,12,0
314623,314623,314636,13,0
314623,314623,314638,15,0
314623,314623,314639,16,0
314623,314623,314641,18,0
314651,314651,314653,2,0
314651,314651,314653,2,0
314651,314651,314652,1,0
314651,314651,314652,1,0
314651,314651,314652,1,0
314651,314651,314652,1,0
314651,314651,314652,1,0
314651,314651,314654,3,0
314651,314651,314654,3,0
314651,314651,314654,3,0
314651,314651,314654,3,0
314651,314651,314653,2,0
314651,314651,314654,3,0
314651,314651,314654,3,0
314651,314651,314653,2,0
314651,314651,314654,3,0
314651,314651,314655,4,0
314651,314651,314655,4,0
314651,314653,314655,2,2
314651,314653,314655,2,2
314651,314653,314655,2,2
314651,314654,314655,1,3
314651,314653,314655,2,2
314651,314653,314655,2,2
314651,314654,314656,2,3
314651,314651,314656,5,0
314651,314653,314655,2,2
314651,314654,314656,2,3
314651,314654,314655,1,3
314651,314653,314655,2,2
314651,314655,314656,1,4
314651,314654,314656,2,3
314651,314654,314656,2,3
314651,314655,314657,2,4
314651,314654,314657,3,3
314651,314651,314656,5,0
314651,314651,314656,5,0
314651,314655,314656,1,4
314651,314656,314657,1,5
314651,314655,314656,1,4
314651,314656,314657,1,5
314651,314651,314657,6,0
314651,314651,314657,6,0
314651,314655,314656,1,4
314651,314656,314657,1,5
314651,314655,314656,1,4
314651,314655,314656,1,4
314651,314656,314657,1,5
314651,314655,314656,1,4
314651,314656,314657,1,5
314651,314654,314658,4,3
314651,314651,314658,7,0
314651,314651,314657,6,0
314651,314656,314658,2,5
314651,314655,314659,4,4
314651,314656,314658,2,5
314651,314651,314658,7,0
314651,314651,314659,8,0
314651,314657,314659,2,6
314651,314656,314658,2,5
314651,314657,314659,2,6
314651,314651,314659,8,0
314651,314651,314660,9,0
314651,314651,314660,9,0
314651,314651,314660,9,0
314651,314657,314660,3,6
314651,314651,314660,9,0
314651,314651,314661,10,0
314651,314651,314661,10,0
314651,314651,314661,10,0
314651,314651,314662,11,0
314651,314651,314661,10,0
314651,314651,314662,11,0
314651,314651,314662,11,0
314651,314651,314663,12,0
314651,314651,314664,13,0
314651,314651,314663,12,0
314651,314651,314664,13,0
314651,314651,314666,15,0
314676,314676,314677,1,0
314676,314676,314677,1,0
314676,314676,314677,1,0
314676,314676,314677,1,0
314676,314676,314677,1,0
314676,314676,314678,2,0
314676,314676,314677,1,0
314676,314676,314678,2,0
314676,314676,314679,3,0
314676,314676,314678,2,0
314676,314676,314679,3,0
314676,314677,314679,2,1
314676,314678,314680,2,2
314676,314678,314679,1,2
314676,314679,314680,1,3
314676,314679,314680,1,3
314676,314676,314681,5,0
314676,314676,314680,4,0
314676,314676,314680,4,0
314676,314676,314680,4,0
314676,314678,314681,3,2
314676,314676,314680,4,0
314676,314676,314680,4,0
314676,314676,314680,4,0
314676,314680,314681,1,4
314676,314676,314680,4,0
314676,314676,314680,4,0
314676,314680,314681,1,4
314676,314676,314680,4,0
314676,314678,314680,2,2
314676,314676,314680,4,0
314676,314678,314681,3,2
314676,314678,314680,2,2
314676,314680,314681,1,4
314676,314676,314681,5,0
314676,314676,314681,5,0
314676,314680,314682,2,4
314676,314676,314681,5,0
314676,314679,314681,2,3
314676,314676,314682,6,0
314676,314681,314682,1,5
314676,314681,314682,1,5
314676,314681,314682,1,5
314676,314680,314681,1,4
314676,314680,314681,1,4
314676,314681,314682,1,5
314676,314681,314682,1,5
314676,314681,314682,1,5
314676,314676,314682,6,0
314676,314681,314682,1,5
314676,314681,314682,1,5
314676,314681,314682,1,5
314676,314681,314682,1,5
314676,314681,314682,1,5
314676,314681,314682,1,5
314676,314681,314682,1,5
314676,314681,314682,1,5
314676,314681,314682,1,5
314676,314681,314682,1,5
314676,314681,314682,1,5
314676,314676,314684,8,0
314676,314682,314683,1,6
314676,314681,314683,2,5
314676,314676,314685,9,0
314676,314676,314685,9,0
314676,314676,314684,8,0
314676,314676,314686,10,0
314676,314676,314685,9,0
314676,314676,314686,10,0
314676,314676,314687,11,0
314676,314676,314686,10,0
314676,314676,314687,11,0
314676,314676,314689,13,0
314676,314676,314689,13,0
314676,314676,314688,12,0
314676,314676,314688,12,0
314676,314676,314690,14,0
314676,314676,314689,13,0
314676,314676,314692,16,0
314703,314703,314704,1,0
314703,314703,314704,1,0
314703,314703,314704,1,0
314703,314703,314704,1,0
314703,314703,314704,1,0
314703,314703,314704,1,0
314703,314703,314705,2,0
314703,314704,314706,2,1
314703,314703,314706,3,0
314703,314703,314706,3,0
314703,314703,314707,4,0
314703,314703,314707,4,0
314703,314705,314707,2,2
314703,314705,314707,2,2
314703,314705,314707,2,2
314703,314705,314707,2,2
314703,314706,314707,1,3
314703,314703,314707,4,0
314703,314703,314707,4,0
314703,314703,314708,5,0
314703,314705,314707,2,2
314703,314707,314708,1,4
314703,314703,314707,4,0
314703,314707,314708,1,4
314703,314703,314707,4,0
314703,314707,314708,1,4
314703,314703,314708,5,0
314703,314707,314708,1,4
314703,314706,314707,1,3
314703,314703,314708,5,0
314703,314703,314709,6,0
314703,314707,314708,1,4
314703,314707,314709,2,4
314703,314707,314709,2,4
314703,314703,314708,5,0
314703,314707,314708,1,4
314703,314703,314709,6,0
314703,314708,314709,1,5
314703,314703,314708,5,0
314703,314708,314709,1,5
314703,314708,314709,1,5
314703,314708,314709,1,5
314703,314708,314709,1,5
314703,314707,314709,2,4
314703,314708,314709,1,5
314703,314708,314709,1,5
314703,314703,314709,6,0
314703,314708,314709,1,5
314703,314708,314709,1,5
314703,314703,314709,6,0
314703,314708,314709,1,5
314703,314709,314710,1,6
314703,314703,314710,7,0
314703,314708,314710,2,5
314703,314708,314710,2,5
314703,314709,314711,2,6
314703,314709,314711,2,6
314703,314703,314710,7,0
314703,314703,314711,8,0
314703,314703,314712,9,0
314703,314709,314711,2,6
314703,314703,314712,9,0
314703,314709,314711,2,6
314703,314709,314711,2,6
314703,314703,314711,8,0
314703,314703,314712,9,0
314703,314703,314713,10,0
314703,314703,314713,10,0
314703,314703,314714,11,0
314703,314703,314714,11,0
314703,314703,314715,12,0
314703,314703,314716,13,0
314703,314703,314716,13,0
314703,314703,314717,14,0
314703,314703,314718,15,0
314703,314703,314718,15,0
314703,314703,314719,16,0
314703,314703,314718,15,0
314703,314703,314723,20,0
314733,314733,314734,1,0
314733,314733,314734,1,0
314733,314733,314734,1,0
314733,314733,314734,1,0
314733,314733,314734,1,0
314733,314733,314734,1,0
314733,314733,314734,1,0
314733,314734,314735,1,1
314733,314735,314736,1,2
314733,314733,314736,3,0
314733,314733,314736,3,0
314733,314733,314736,3,0
314733,314733,314737,4,0
314733,314733,314736,3,0
314733,314735,314736,1,2
314733,314735,314737,2,2
314733,314735,314736,1,2
314733,314735,314737,2,2
314733,314735,314736,1,2
314733,314736,314737,1,3
314733,314733,314737,4,0
314733,314733,314737,4,0
314733,314733,314738,5,0
314733,314733,314737,4,0
314733,314736,314737,1,3
314733,314733,314737,4,0
314733,314733,314738,5,0
314733,314733,314738,5,0
314733,314737,314739,2,4
314733,314733,314738,5,0
314733,314737,314739,2,4
314733,314737,314739,2,4
314733,314737,314738,1,4
314733,314733,314739,6,0
314733,314733,314738,5,0
314733,314737,314738,1,4
314733,314733,314738,5,0
314733,314737,314738,1,4
314733,314737,314738,1,4
314733,314733,314739,6,0
314733,314733,314739,6,0
314733,314737,314738,1,4
314733,314737,314739,2,4
314733,314738,314739,1,5
314733,314737,314739,2,4
314733,314733,314739,6,0
314733,314733,314739,6,0
314733,314737,314739,2,4
314733,314738,314739,1,5
314733,314733,314739,6,0
314733,314738,314739,1,5
314733,314738,314739,1,5
314733,314738,314739,1,5
314733,314733,314739,6,0
314733,314738,314739,1,5
314733,314733,314740,7,0
314733,314738,314740,2,5
314733,314739,314741,2,6
314733,314733,314740,7,0
314733,314739,314741,2,6
314733,314739,314740,1,6
314733,314739,314740,1,6
314733,314739,314741,2,6
314733,314739,314741,2,6
314733,314739,314741,2,6
314733,314733,314741,8,0
314733,314733,314742,9,0
314733,314733,314742,9,0
314733,314733,314742,9,0
314733,314733,314742,9,0
314733,314733,314742,9,0
314733,314733,314742,9,0
314733,314733,314743,10,0
314733,314733,314743,10,0
314733,314733,314744,11,0
314733,314739,314744,5,6
314733,314733,314746,13,0
314733,314733,314746,13,0
314733,314733,314747,14,0
314760,314760,314761,1,0
314760,314760,314761,1,0
314760,314760,314761,1,0
314760,314760,314761,1,0
314760,314760,314761,1,0
314760,314760,314761,1,0
314760,314760,314761,1,0
314760,314761,314762,1,1
314760,314760,314764,4,0
314760,314760,314763,3,0
314760,314760,314763,3,0
314760,314761,314763,2,1
314760,314762,314763,1,2
314760,314760,314763,3,0
314760,314762,314763,1,2
314760,314762,314763,1,2
314760,314762,314763,1,2
314760,314762,314763,1,2
314760,314760,314765,5,0
314760,314760,314764,4,0
314760,314760,314764,4,0
314760,314760,314764,4,0
314760,314760,314764,4,0
314760,314764,314765,1,4
314760,314760,314764,4,0
314760,314760,314765,5,0
314760,314763,314764,1,3
314760,314760,314765,5,0
314760,314760,314765,5,0
314760,314760,314765,5,0
314760,314764,314766,2,4
314760,314760,314765,5,0
314760,314760,314766,6,0
314760,314760,314765,5,0
314760,314760,314765,5,0
314760,314764,314765,1,4
314760,314764,314766,2,4
314760,314760,314765,5,0
314760,314764,314765,1,4
314760,314765,314766,1,5
314760,314760,314765,5,0
314760,314764,314766,2,4
314760,314764,314766,2,4
314760,314760,314766,6,0
314760,314764,314765,1,4
314760,314764,314766,2,4
314760,314760,314766,6,0
314760,314764,314766,2,4
314760,314760,314767,7,0
314760,314765,314766,1,5
314760,314765,314766,1,5
314760,314765,314766,1,5
314760,314766,314767,1,6
314760,314765,314767,2,5
314760,314765,314767,2,5
314760,314765,314767,2,5
314760,314765,314767,2,5
314760,314766,314768,2,6
314760,314766,314767,1,6
314760,314760,314767,7,0
314760,314760,314768,8,0
314760,314766,314768,2,6
314760,314765,314768,3,5
314760,314766,314768,2,6
314760,314760,314769,9,0
314760,314760,314768,8,0
314760,314760,314768,8,0
314760,314766,314769,3,6
314760,314766,314768,2,6
314760,314760,314770,10,0
314760,314760,314769,9,0
314760,314760,314769,9,0
314760,314766,314770,4,6
314760,314760,314770,10,0
314760,314760,314770,10,0
314760,314760,314771,11,0
314760,314760,314773,13,0
314760,314760,314775,15,0
314760,314760,314774,14,0
314786,314786,314787,1,0
314786,314786,314787,1,0
314786,314786,314788,2,0
314786,314786,314787,1,0
314786,314786,314787,1,0
314786,314786,314787,1,0
314786,314786,314787,1,0
314786,314786,314788,2,0
314786,314786,314789,3,0
314786,314786,314790,4,0
314786,314788,314790,2,2
314786,314788,314790,2,2
314786,314788,314789,1,2
314786,314788,314790,2,2
314786,314788,314789,1,2
314786,314786,314791,5,0
314786,314786,314790,4,0
314786,314786,314791,5,0
314786,314786,314790,4,0
314786,314786,314790,4,0
314786,314786,314790,4,0
314786,314788,314790,2,2
314786,314786,314791,5,0
314786,314786,314791,5,0
314786,314789,314790,1,3
314786,314786,314792,6,0
314786,314786,314791,5,0
314786,314788,314791,3,2
314786,314790,314791,1,4
314786,314786,314791,5,0
314786,314786,314792,6,0
314786,314790,314791,1,4
314786,314786,314792,6,0
314786,314786,314792,6,0
314786,314790,314792,2,4
314786,314786,314792,6,0
314786,314786,314791,5,0
314786,314790,314792,2,4
314786,314786,314791,5,0
314786,314790,314792,2,4
314786,314790,314792,2,4
314786,314786,314793,7,0
314786,314786,314793,7,0
314786,314786,314792,6,0
314786,314786,314792,6,0
314786,314791,314793,2,5
314786,314791,314793,2,5
314786,314791,314792,1,5
314786,314792,314793,1,6
314786,314791,314792,1,5
314786,314791,314792,1,5
314786,314792,314793,1,6
314786,314792,314793,1,6
314786,314786,314793,7,0
314786,314790,314793,3,4
314786,314786,314794,8,0
314786,314791,314794,3,5
314786,314786,314794,8,0
314786,314786,314793,7,0
314786,314791,314794,3,5
314786,314792,314794,2,6
314786,314792,314794,2,6
314786,314792,314794,2,6
314786,314792,314794,2,6
314786,314792,314793,1,6
314786,314786,314795,9,0
314786,314791,314794,3,5
314786,314786,314795,9,0
314786,314791,314794,3,5
314786,314791,314794,3,5
314786,314792,314794,2,6
314786,314792,314795,3,6
314786,314786,314795,9,0
314786,314786,314795,9,0
314786,314786,314796,10,0
314786,314786,314796,10,0
314786,314786,314796,10,0
314786,314786,314796,10,0
314786,314786,314798,12,0
314809,314809,314810,1,0
314809,314809,314810,1,0
314809,314809,314810,1,0
314809,314809,314810,1,0
314809,314809,314811,2,0
314809,314809,314810,1,0
314809,314809,314810,1,0
314809,314810,314812,2,1
314809,314810,314812,2,1
314809,314809,314813,4,0
314809,314809,314813,4,0
314809,314809,314813,4,0
314809,314809,314812,3,0
314809,314809,314813,4,0
314809,314811,314813,2,2
314809,314811,314813,2,2
314809,314810,314813,3,1
314809,314811,314813,2,2
314809,314809,314813,4,0
314809,314809,314814,5,0
314809,314810,314813,3,1
314809,314809,314814,5,0
314809,314809,314814,5,0
314809,314812,314814,2,3
314809,314809,314814,5,0
314809,314809,314814,5,0
314809,314812,314814,2,3
314809,314809,314814,5,0
314809,314809,314814,5,0
314809,314809,314814,5,0
314809,314809,314815,6,0
314809,314809,314815,6,0
314809,314809,314815,6,0
314809,314813,314815,2,4
314809,314809,314814,5,0
314809,314809,314815,6,0
314809,314813,314815,2,4
314809,314809,314815,6,0
314809,314813,314815,2,4
314809,314813,314815,2,4
314809,314809,314815,6,0
314809,314809,314815,6,0
314809,314813,314815,2,4
314809,314813,314815,2,4
314809,314813,314816,3,4
314809,314809,314816,7,0
314809,314814,314816,2,5
314809,314815,314816,1,6
314809,314814,314816,2,5
314809,314814,314815,1,5
314809,314814,314816,2,5
314809,314814,314816,2,5
314809,314814,314816,2,5
314809,314814,314816,2,5
314809,314814,314816,2,5
314809,314814,314817,3,5
314809,314809,314816,7,0
314809,314813,314817,4,4
314809,314813,314816,3,4
314809,314814,314817,3,5
314809,314814,314817,3,5
314809,314814,314816,2,5
314809,314809,314817,8,0
314809,314809,314817,8,0
314809,314809,314818,9,0
314809,314815,314817,2,6
314809,314815,314818,3,6
314809,314815,314818,3,6
314809,314815,314818,3,6
314809,314809,314819,10,0
314809,314809,314818,9,0
314809,314809,314818,9,0
314809,314809,314819,10,0
314809,314809,314819,10,0
314809,314809,314819,10,0
314809,314809,314819,10,0
314809,314809,314820,11,0
314809,314809,314819,10,0
314809,314809,314819,10,0
314831,314831,314832,1,0
314831,314831,314832,1,0
314831,314831,314832,1,0
314831,314831,314833,2,0
314831,314831,314833,2,0
314831,314831,314833,2,0
314831,314832,314834,2,1
314831,314831,314834,3,0
314831,314833,314834,1,2
314831,314833,314835,2,2
314831,314832,314835,3,1
314831,314832,314835,3,1
314831,314834,314835,1,3
314831,314832,314835,3,1
314831,314834,314835,1,3
314831,314835,314836,1,4
314831,314834,314835,1,3
314831,314834,314835,1,3
314831,314832,314836,4,1
314831,314832,314836,4,1
314831,314832,314836,4,1
314831,314832,314836,4,1
314831,314831,314836,5,0
314831,314832,314837,5,1
314831,314835,314836,1,4
314831,314835,314836,1,4
314831,314836,314837,1,5
314831,314831,314837,6,0
314831,314832,314837,5,1
314831,314832,314837,5,1
314831,314832,314838,6,1
314831,314832,314837,5,1
314831,314835,314837,2,4
314831,314832,314837,5,1
314831,314832,314838,6,1
314831,314836,314837,1,5
314831,314836,314837,1,5
314831,314831,314837,6,0
314831,314832,314837,5,1
314831,314836,314837,1,5
314831,314836,314837,1,5
314831,314832,314838,6,1
314831,314837,314838,1,6
314831,314832,314838,6,1
314831,314832,314838,6,1
314831,314831,314838,7,0
314831,314832,314838,6,1
314831,314832,314838,6,1
314831,314832,314838,6,1
314831,314831,314838,7,0
314831,314832,314838,6,1
314831,314832,314838,6,1
314831,314836,314838,2,5
314831,314837,314839,2,6
314831,314836,314838,2,5
314831,314836,314838,2,5
314831,314837,314839,2,6
314831,314832,314838,6,1
314831,314837,314838,1,6
314831,314837,314838,1,6
314831,314831,314839,8,0
314831,314837,314838,1,6
314831,314837,314839,2,6
314831,314837,314839,2,6
314831,314837,314839,2,6
314831,314838,314839,1,7
314831,314832,314839,7,1
314831,314831,314839,8,0
314831,314838,314840,2,7
314831,314832,314839,7,1
314831,314838,314840,2,7
314831,314838,314840,2,7
314831,314838,314840,2,7
314831,314832,314840,8,1
314831,314838,314840,2,7
314831,314838,314840,2,7
314831,314831,314841,10,0
314831,314831,314844,13,0
314855,314855,314856,1,0
314855,314855,314857,2,0
314855,314855,314856,1,0
314855,314855,314856,1,0
314855,314855,314856,1,0
314855,314855,314856,1,0
314855,314855,314857,2,0
314855,314855,314858,3,0
314855,314855,314858,3,0
314855,314856,314857,1,1
314855,314855,314859,4,0
314855,314855,314859,4,0
314855,314855,314858,3,0
314855,314857,314858,1,2
314855,314857,314858,1,2
314855,314855,314858,3,0
314855,314857,314859,2,2
314855,314857,314858,1,2
314855,314857,314858,1,2
314855,314857,314858,1,2
314855,314855,314859,4,0
314855,314855,314859,4,0
314855,314855,314859,4,0
314855,314858,314859,1,3
314855,314855,314860,5,0
314855,314855,314860,5,0
314855,314855,314860,5,0
314855,314855,314859,4,0
314855,314858,314860,2,3
314855,314855,314860,5,0
314855,314855,314861,6,0
314855,314855,314861,6,0
314855,314860,314861,1,5
314855,314855,314861,6,0
314855,314859,314860,1,4
314855,314859,314861,2,4
314855,314855,314861,6,0
314855,314859,314860,1,4
314855,314859,314860,1,4
314855,314855,314861,6,0
314855,314859,314861,2,4
314855,314860,314861,1,5
314855,314859,314860,1,4
314855,314860,314861,1,5
314855,314855,314862,7,0
314855,314858,314861,3,3
314855,314860,314862,2,5
314855,314859,314862,3,4
314855,314859,314861,2,4
314855,314855,314862,7,0
314855,314861,314862,1,6
314855,314855,314861,6,0
314855,314855,314861,6,0
314855,314860,314861,1,5
314855,314855,314862,7,0
314855,314855,314862,7,0
314855,314860,314862,2,5
314855,314859,314862,3,4
314855,314860,314862,2,5
314855,314859,314862,3,4
314855,314860,314863,3,5
314855,314860,314863,3,5
314855,314855,314863,8,0
314855,314855,314862,7,0
314855,314861,314862,1,6
314855,314855,314863,8,0
314855,314861,314862,1,6
314855,314855,314862,7,0
314855,314861,314863,2,6
314855,314861,314862,1,6
314855,314861,314864,3,6
314855,314855,314863,8,0
314855,314855,314864,9,0
314855,314855,314864,9,0
314855,314855,314864,9,0
314855,314855,314865,10,0
314855,314855,314865,10,0
314855,314855,314869,14,0
314855,314855,314871,16,0
314882,314882,314883,1,0
314882,314882,314883,1,0
314882,314882,314884,2,0
314882,314882,314884,2,0
314882,314882,314884,2,0
314882,314882,314884,2,0
314882,314883,314884,1,1
314882,314882,314885,3,0
314882,314882,314885,3,0
314882,314883,314885,2,1
314882,314882,314885,3,0
314882,314882,314886,4,0
314882,314882,314886,4,0
314882,314884,314886,2,2
314882,314882,314886,4,0
314882,314884,314886,2,2
314882,314884,314886,2,2
314882,314884,314887,3,2
314882,314882,314887,5,0
314882,314882,314887,5,0
314882,314884,314887,3,2
314882,314882,314888,6,0
314882,314882,314888,6,0
314882,314882,314888,6,0
314882,314882,314888,6,0
314882,314882,314888,6,0
314882,314882,314888,6,0
314882,314885,314888,3,3
314882,314886,314888,2,4
314882,314887,314888,1,5
314882,314882,314887,5,0
314882,314886,314888,2,4
314882,314882,314888,6,0
314882,314888,314889,1,6
314882,314885,314889,4,3
314882,314882,314889,7,0
314882,314882,314889,7,0
314882,314882,314889,7,0
314882,314882,314889,7,0
314882,314885,314889,4,3
314882,314882,314889,7,0
314882,314887,314889,2,5
314882,314882,314890,8,0
314882,314882,314889,7,0
314882,314888,314889,1,6
314882,314888,314889,1,6
314882,314882,314890,8,0
314882,314882,314890,8,0
314882,314882,314890,8,0
314882,314886,314890,4,4
314882,314882,314890,8,0
314882,314888,314890,2,6
314882,314889,314890,1,7
314882,314889,314890,1,7
314882,314889,314890,1,7
314882,314889,314890,1,7
314882,314882,314890,8,0
314882,314882,314890,8,0
314882,314889,314890,1,7
314882,314889,314890,1,7
314882,314889,314890,1,7
314882,314889,314890,1,7
314882,314882,314890,8,0
314882,314888,314891,3,6
314882,314882,314891,9,0
314882,314882,314891,9,0
314882,314882,314891,9,0
314882,314882,314891,9,0
314882,314886,314891,5,4
314882,314882,314891,9,0
314882,314886,314891,5,4
314882,314882,314893,11,0
314882,314882,314893,11,0
314882,314882,314894,12,0
314905,314905,314906,1,0
314905,314905,314906,1,0
314905,314905,314906,1,0
314905,314905,314906,1,0
314905,314905,314906,1,0
314905,314905,314906,1,0
314905,314906,314907,1,1
314905,314905,314907,2,0
314905,314907,314908,1,2
314905,314907,314909,2,2
314905,314905,314910,5,0
314905,314907,314909,2,2
314905,314908,314910,2,3
314905,314907,314909,2,2
314905,314908,314910,2,3
314905,314905,314910,5,0
314905,314907,314909,2,2
314905,314905,314910,5,0
314905,314905,314910,5,0
314905,314905,314911,6,0
314905,314905,314910,5,0
314905,314905,314910,5,0
314905,314909,314911,2,4
314905,314909,314911,2,4
314905,314905,314911,6,0
314905,314905,314911,6,0
314905,314905,314911,6,0
314905,314905,314911,6,0
314905,314905,314911,6,0
314905,314910,314912,2,5
314905,314905,314911,6,0
314905,314910,314911,1,5
314905,314905,314911,6,0
314905,314910,314912,2,5
314905,314911,314912,1,6
314905,314905,314912,7,0
314905,314910,314911,1,5
314905,314905,314911,6,0
314905,314910,314911,1,5
314905,314910,314911,1,5
314905,314905,314913,8,0
314905,314911,314913,2,6
314905,314905,314912,7,0
314905,314911,314913,2,6
314905,314912,314913,1,7
314905,314912,314913,1,7
314905,314905,314913,8,0
314905,314911,314912,1,6
314905,314910,314912,2,5
314905,314911,314912,1,6
314905,314912,314913,1,7
314905,314911,314912,1,6
314905,314911,314912,1,6
314905,314912,314913,1,7
314905,314905,314913,8,0
314905,314905,314913,8,0
314905,314905,314914,9,0
314905,314905,314913,8,0
314905,314912,314914,2,7
314905,314905,314913,8,0
314905,314912,314914,2,7
314905,314905,314913,8,0
314905,314905,314914,9,0
314905,314912,314913,1,7
314905,314905,314913,8,0
314905,314912,314913,1,7
314905,314912,314913,1,7
314905,314912,314914,2,7
314905,314912,314913,1,7
314905,314905,314914,9,0
314905,314905,314914,9,0
314905,314905,314915,10,0
314905,314905,314915,10,0
314905,314905,314915,10,0
314905,314905,314915,10,0
314905,314905,314916,11,0
314905,314905,314917,12,0
314905,314905,314916,11,0
314905,314905,314918,13,0
314929,314929,314930,1,0
314929,314929,314930,1,0
314929,314929,314930,1,0
314929,314929,314930,1,0
314929,314929,314930,1,0
314929,314929,314930,1,0
314929,314929,314931,2,0
314929,314930,314932,2,1
314929,314931,314932,1,2
314929,314931,314932,1,2
314929,314931,314932,1,2
314929,314931,314932,1,2
314929,314931,314933,2,2
314929,314932,314933,1,3
314929,314929,314934,5,0
314929,314933,314934,1,4
314929,314929,314933,4,0
314929,314929,314933,4,0
314929,314929,314934,5,0
314929,314929,314934,5,0
314929,314929,314935,6,0
314929,314929,314934,5,0
314929,314929,314934,5,0
314929,314933,314934,1,4
314929,314929,314934,5,0
314929,314933,314934,1,4
314929,314929,314935,6,0
314929,314929,314934,5,0
314929,314929,314935,6,0
314929,314929,314935,6,0
314929,314934,314935,1,5
314929,314934,314936,2,5
314929,314935,314936,1,6
314929,314934,314935,1,5
314929,314934,314935,1,5
314929,314935,314936,1,6
314929,314929,314936,7,0
314929,314933,314935,2,4
314929,314935,314936,1,6
314929,314929,314935,6,0
314929,314934,314935,1,5
314929,314933,314935,2,4
314929,314934,314935,1,5
314929,314935,314936,1,6
314929,314929,314936,7,0
314929,314929,314936,7,0
314929,314929,314936,7,0
314929,314929,314936,7,0
314929,314929,314936,7,0
314929,314935,314937,2,6
314929,314929,314936,7,0
314929,314929,314937,8,0
314929,314935,314936,1,6
314929,314935,314936,1,6
314929,314935,314936,1,6
314929,314935,314936,1,6
314929,314936,314937,1,7
314929,314935,314936,1,6
314929,314929,314938,9,0
314929,314929,314937,8,0
314929,314929,314937,8,0
314929,314936,314937,1,7
314929,314936,314937,1,7
314929,314936,314937,1,7
314929,314936,314937,1,7
314929,314936,314937,1,7
314929,314936,314937,1,7
314929,314929,314938,9,0
314929,314929,314938,9,0
314929,314929,314938,9,0
314929,314929,314938,9,0
314929,314929,314938,9,0
314929,314929,314939,10,0
314929,314929,314939,10,0
314929,314929,314939,10,0
314929,314929,314939,10,0
314929,314929,314940,11,0
314929,314929,314940,11,0
314929,314929,314941,12,0
314952,314953,314954,1,1
314952,314953,314954,1,1
314952,314953,314954,1,1
314952,314953,314954,1,1
314952,314954,314955,1,2
314952,314953,314957,4,1
314952,314955,314957,2,3
314952,314954,314956,2,2
314952,314954,314956,2,2
314952,314955,314956,1,3
314952,314955,314957,2,3
314952,314954,314957,3,2
314952,314956,314958,2,4
314952,314953,314958,5,1
314952,314953,314958,5,1
314952,314953,314958,5,1
314952,314953,314958,5,1
314952,314953,314958,5,1
314952,314957,314958,1,5
314952,314953,314958,5,1
314952,314953,314958,5,1
314952,314957,314959,2,5
314952,314953,314959,6,1
314952,314958,314959,1,6
314952,314958,314959,1,6
314952,314953,314959,6,1
314952,314953,314959,6,1
314952,314957,314959,2,5
314952,314957,314959,2,5
314952,314957,314959,2,5
314952,314958,314959,1,6
314952,314959,314960,1,7
314952,314953,314961,8,1
314952,314953,314960,7,1
314952,314953,314960,7,1
314952,314953,314960,7,1
314952,314959,314961,2,7
314952,314959,314960,1,7
314952,314960,314961,1,8
314952,314959,314960,1,7
314952,314959,314960,1,7
314952,314959,314960,1,7
314952,314960,314961,1,8
314952,314960,314961,1,8
314952,314960,314961,1,8
314952,314959,314960,1,7
314952,314959,314960,1,7
314952,314953,314962,9,1
314952,314953,314962,9,1
314952,314953,314961,8,1
314952,314953,314962,9,1
314952,314953,314961,8,1
314952,314953,314961,8,1
314952,314959,314961,2,7
314952,314960,314961,1,8
314952,314960,314961,1,8
314952,314960,314961,1,8
314952,314960,314961,1,8
314952,314960,314961,1,8
314952,314960,314961,1,8
314952,314953,314962,9,1
314952,314953,314963,10,1
314952,314953,314962,9,1
314952,314953,314962,9,1
314952,314953,314963,10,1
314952,314953,314963,10,1
314952,314953,314963,10,1
314952,314953,314963,10,1
314952,314953,314964,11,1
314952,314953,314963,10,1
314952,314953,314964,11,1
314952,314953,314964,11,1
314952,314953,314964,11,1
314952,314953,314965,12,1
314952,314953,314964,11,1
314952,314953,314964,11,1
314975,314975,314976,1,0
314975,314975,314976,1,0
314975,314975,314976,1,0
314975,314975,314976,1,0
314975,314975,314976,1,0
314975,314975,314976,1,0
314975,314975,314976,1,0
314975,314977,314979,2,2
314975,314975,314978,3,0
314975,314977,314980,3,2
314975,314977,314980,3,2
314975,314975,314980,5,0
314975,314977,314979,2,2
314975,314977,314979,2,2
314975,314975,314981,6,0
314975,314975,314981,6,0
314975,314975,314981,6,0
314975,314975,314981,6,0
314975,314977,314981,4,2
314975,314977,314980,3,2
314975,314979,314981,2,4
314975,314975,314981,6,0
314975,314975,314982,7,0
314975,314975,314981,6,0
314975,314975,314981,6,0
314975,314979,314981,2,4
314975,314975,314982,7,0
314975,314975,314981,6,0
314975,314975,314982,7,0
314975,314975,314981,6,0
314975,314980,314982,2,5
314975,314975,314981,6,0
314975,314980,314982,2,5
314975,314975,314982,7,0
314975,314975,314983,8,0
314975,314975,314983,8,0
314975,314980,314982,2,5
314975,314981,314982,1,6
314975,314982,314983,1,7
314975,314980,314982,2,5
314975,314981,314983,2,6
314975,314982,314983,1,7
314975,314982,314983,1,7
314975,314981,314982,1,6
314975,314981,314982,1,6
314975,314982,314983,1,7
314975,314982,314983,1,7
314975,314980,314982,2,5
314975,314981,314982,1,6
314975,314981,314982,1,6
314975,314982,314983,1,7
314975,314975,314984,9,0
314975,314975,314984,9,0
314975,314982,314984,2,7
314975,314981,314983,2,6
314975,314982,314983,1,7
314975,314982,314983,1,7
314975,314982,314983,1,7
314975,314982,314983,1,7
314975,314975,314984,9,0
314975,314975,314985,10,0
314975,314975,314985,10,0
314975,314975,314984,9,0
314975,314975,314985,10,0
314975,314975,314985,10,0
314975,314975,314985,10,0
314975,314983,314985,2,8
314975,314983,314985,2,8
314975,314975,314986,11,0
314975,314975,314985,10,0
314975,314975,314985,10,0
314975,314981,314985,4,6
314975,314975,314986,11,0
314975,314975,314986,11,0
314975,314975,314986,11,0
314975,314975,314987,12,0
314975,314975,314988,13,0
314975,314975,314989,14,0
314975,314975,314990,15,0
315000,315000,315001,1,0
315000,315000,315001,1,0
315000,315000,315002,2,0
315000,315000,315002,2,0
315000,315000,315002,2,0
315000,315000,315002,2,0
315000,315000,315002,2,0
315000,315000,315004,4,0
315000,315002,315004,2,2
315000,315003,315005,2,3
315000,315000,315005,5,0
315000,315003,315005,2,3
315000,315003,315005,2,3
315000,315000,315006,6,0
315000,315003,315005,2,3
315000,315003,315005,2,3
315000,315002,315005,3,2
315000,315000,315007,7,0
315000,315001,315006,5,1
315000,315000,315006,6,0
315000,315001,315006,5,1
315000,315000,315006,6,0
315000,315000,315006,6,0
315000,315001,315006,5,1
315000,315000,315006,6,0
315000,315001,315006,5,1
315000,315005,315006,1,5
315000,315001,315006,5,1
315000,315000,315007,7,0
315000,315000,315007,7,0
315000,315000,315007,7,0
315000,315005,315007,2,5
315000,315005,315007,2,5
315000,315006,315007,1,6
315000,315006,315007,1,6
315000,315007,315008,1,7
315000,315000,315008,8,0
315000,315001,315008,7,1
315000,315006,315008,2,6
315000,315006,315008,2,6
315000,315007,315008,1,7
315000,315007,315008,1,7
315000,315006,315008,2,6
315000,315007,315008,1,7
315000,315007,315008,1,7
315000,315007,315008,1,7
315000,315007,315008,1,7
315000,315008,315009,1,8
315000,315008,315009,1,8
315000,315006,315008,2,6
315000,315006,315008,2,6
315000,315007,315008,1,7
315000,315007,315008,1,7
315000,315007,315008,1,7
315000,315008,315009,1,8
315000,315000,315009,9,0
315000,315000,315009,9,0
315000,315000,315009,9,0
315000,315001,315009,8,1
315000,315001,315009,8,1
315000,315008,315009,1,8
315000,315001,315009,8,1
315000,315008,315009,1,8
315000,315008,315009,1,8
315000,315007,315009,2,7
315000,315008,315009,1,8
315000,315001,315010,9,1
315000,315000,315011,11,0
315000,315000,315011,11,0
315000,315001,315011,10,1
315000,315001,315011,10,1
315000,315001,315011,10,1
315000,315000,315011,11,0
315000,315000,315011,11,0
315000,315001,315012,11,1
315000,315001,315013,12,1
315000,315001,315013,12,1
315000,315001,315013,12,1
315000,315001,315015,14,1
315026,315026,315027,1,0
315026,315026,315027,1,0
315026,315026,315027,1,0
315026,315026,315027,1,0
315026,315026,315027,1,0
315026,315026,315027,1,0
315026,315026,315027,1,0
315026,315026,315028,2,0
315026,315027,315029,2,1
315026,315026,315029,3,0
315026,315026,315029,3,0
315026,315026,315029,3,0
315026,315026,315030,4,0
315026,315026,315029,3,0
315026,315028,315030,2,2
315026,315027,315030,3,1
315026,315027,315029,2,1
315026,315028,315030,2,2
315026,315026,315030,4,0
315026,315026,315031,5,0
315026,315028,315031,3,2
315026,315026,315031,5,0
315026,315029,315031,2,3
315026,315026,315031,5,0
315026,315026,315031,5,0
315026,315028,315030,2,2
315026,315026,315032,6,0
315026,315026,315032,6,0
315026,315026,315032,6,0
315026,315026,315032,6,0
315026,315030,315032,2,4
315026,315030,315032,2,4
315026,315026,315032,6,0
315026,315030,315032,2,4
315026,315031,315032,1,5
315026,315026,315031,5,0
315026,315030,315032,2,4
315026,315030,315032,2,4
315026,315031,315032,1,5
315026,315026,315032,6,0
315026,315026,315032,6,0
315026,315026,315033,7,0
315026,315031,315033,2,5
315026,315031,315033,2,5
315026,315032,315033,1,6
315026,315026,315032,6,0
315026,315031,315033,2,5
315026,315031,315033,2,5
315026,315032,315033,1,6
315026,315031,315033,2,5
315026,315032,315033,1,6
315026,315026,315032,6,0
315026,315032,315033,1,6
315026,315032,315033,1,6
315026,315032,315033,1,6
315026,315032,315033,1,6
315026,315026,315033,7,0
315026,315026,315034,8,0
315026,315026,315034,8,0
315026,315031,315034,3,5
315026,315026,315034,8,0
315026,315030,315034,4,4
315026,315030,315034,4,4
315026,315032,315033,1,6
315026,315032,315034,2,6
315026,315026,315035,9,0
315026,315026,315034,8,0
315026,315026,315034,8,0
315026,315030,315034,4,4
315026,315030,315034,4,4
315026,315029,315034,5,3
315026,315026,315035,9,0
315026,315026,315035,9,0
315026,315026,315035,9,0
315026,315026,315036,10,0
315026,315026,315036,10,0
315026,315026,315036,10,0
315026,315026,315037,11,0
315026,315026,315037,11,0
315049,315049,315050,1,0
315049,315049,315050,1,0
315049,315049,315050,1,0
315049,315049,315050,1,0
315049,315049,315050,1,0
315049,315049,315051,2,0
315049,315049,315050,1,0
315049,315049,315053,4,0
315049,315049,315053,4,0
315049,315051,315053,2,2
315049,315051,315053,2,2
315049,315050,315052,2,1
315049,315049,315054,5,0
315049,315049,315054,5,0
315049,315049,315054,5,0
315049,315051,315053,2,2
315049,315049,315054,5,0
315049,315049,315053,4,0
315049,315049,315054,5,0
315049,315051,315054,3,2
315049,315049,315054,5,0
315049,315049,315054,5,0
315049,315051,315054,3,2
315049,315051,315053,2,2
315049,315049,315054,5,0
315049,315049,315055,6,0
315049,315049,315054,5,0
315049,315049,315055,6,0
315049,315049,315055,6,0
315049,315049,315055,6,0
315049,315049,315055,6,0
315049,315053,315055,2,4
315049,315049,315055,6,0
315049,315053,315055,2,4
315049,315054,315055,1,5
315049,315053,315055,2,4
315049,315049,315055,6,0
315049,315049,315056,7,0
315049,315054,315056,2,5
315049,315054,315056,2,5
315049,315054,315056,2,5
315049,315049,315056,7,0
315049,315053,315056,3,4
315049,315054,315056,2,5
315049,315054,315056,2,5
315049,315055,315056,1,6
315049,315055,315056,1,6
315049,315049,315055,6,0
315049,315054,315056,2,5
315049,315055,315056,1,6
315049,315054,315056,2,5
315049,315049,315057,8,0
315049,315049,315057,8,0
315049,315054,315057,3,5
315049,315055,315056,1,6
315049,315055,315056,1,6
315049,315049,315057,8,0
315049,315055,315057,2,6
315049,315055,315057,2,6
315049,315055,315057,2,6
315049,315049,315057,8,0
315049,315049,315057,8,0
315049,315049,315058,9,0
315049,315053,315058,5,4
315049,315049,315058,9,0
315049,315054,315058,4,5
315049,315055,315058,3,6
315049,315049,315059,10,0
315049,315049,315059,10,0
315049,315054,315059,5,5
315049,315055,315058,3,6
315049,315049,315059,10,0
315049,315049,315059,10,0
315049,315055,315058,3,6
315049,315049,315059,10,0
315049,315049,315060,11,0
315049,315054,315060,6,5
315049,315049,315060,11,0
315049,315049,315065,16,0
315076,315076,315077,1,0
315076,315076,315077,1,0
315076,315076,315077,1,0
315076,315076,315077,1,0
315076,315076,315077,1,0
315076,315076,315077,1,0
315076,315076,315077,1,0
315076,315077,315079,2,1
315076,315077,315079,2,1
315076,315076,315080,4,0
315076,315076,315079,3,0
315076,315076,315080,4,0
315076,315078,315079,1,2
315076,315078,315079,1,2
315076,315078,315079,1,2
315076,315078,315079,1,2
315076,315078,315079,1,2
315076,315076,315080,4,0
315076,315076,315080,4,0
315076,315076,315080,4,0
315076,315076,315080,4,0
315076,315076,315080,4,0
315076,315076,315080,4,0
315076,315076,315081,5,0
315076,315079,315081,2,3
315076,315076,315081,5,0
315076,315079,315081,2,3
315076,315076,315082,6,0
315076,315076,315081,5,0
315076,315076,315082,6,0
315076,315076,315081,5,0
315076,315076,315082,6,0
315076,315076,315081,5,0
315076,315080,315081,1,4
315076,315080,315082,2,4
315076,315076,315081,5,0
315076,315080,315082,2,4
315076,315080,315083,3,4
315076,315080,315082,2,4
315076,315080,315082,2,4
315076,315076,315083,7,0
315076,315080,315082,2,4
315076,315081,315083,2,5
315076,315081,315082,1,5
315076,315081,315083,2,5
315076,315081,315083,2,5
315076,315076,315082,6,0
315076,315076,315082,6,0
315076,315081,315082,1,5
315076,315076,315083,7,0
315076,315076,315083,7,0
315076,315076,315083,7,0
315076,315080,315083,3,4
315076,315076,315083,7,0
315076,315076,315084,8,0
315076,315082,315083,1,6
315076,315082,315083,1,6
315076,315082,315083,1,6
315076,315082,315083,1,6
315076,315082,315083,1,6
315076,315082,315083,1,6
315076,315081,315083,2,5
315076,315076,315084,8,0
315076,315081,315084,3,5
315076,315076,315084,8,0
315076,315081,315084,3,5
315076,315082,315085,3,6
315076,315081,315084,3,5
315076,315076,315086,10,0
315076,315081,315086,5,5
315076,315076,315086,10,0
315076,315082,315087,5,6
315076,315076,315087,11,0
315076,315076,315088,12,0
315076,315076,315088,12,0
315076,315076,315089,13,0
315076,315076,315089,13,0
315076,315076,315091,15,0
315076,315076,315093,17,0
315105,315105,315106,1,0
315105,315105,315106,1,0
315105,315105,315106,1,0
315105,315105,315106,1,0
315105,315105,315106,1,0
315105,315105,315106,1,0
315105,315105,315107,2,0
315105,315105,315108,3,0
315105,315106,315108,2,1
315105,315107,315108,1,2
315105,315105,315108,3,0
315105,315105,315109,4,0
315105,315107,315109,2,2
315105,315105,315109,4,0
315105,315105,315109,4,0
315105,315105,315110,5,0
315105,315105,315109,4,0
315105,315107,315109,2,2
315105,315105,315109,4,0
315105,315105,315110,5,0
315105,315107,315110,3,2
315105,315105,315110,5,0
315105,315105,315110,5,0
315105,315107,315109,2,2
315105,315108,315110,2,3
315105,315107,315109,2,2
315105,315105,315110,5,0
315105,315105,315110,5,0
315105,315105,315110,5,0
315105,315105,315111,6,0
315105,315105,315111,6,0
315105,315108,315111,3,3
315105,315105,315111,6,0
315105,315105,315110,5,0
315105,315108,315110,2,3
315105,315105,315110,5,0
315105,315109,315110,1,4
315105,315105,315111,6,0
315105,315109,315111,2,4
315105,315105,315111,6,0
315105,315105,315111,6,0
315105,315105,315111,6,0
315105,315105,315112,7,0
315105,315105,315111,6,0
315105,315110,315112,2,5
315105,315110,315112,2,5
315105,315110,315112,2,5
315105,315105,315111,6,0
315105,315110,315112,2,5
315105,315110,315111,1,5
315105,315110,315112,2,5
315105,315110,315112,2,5
315105,315110,315112,2,5
315105,315110,315112,2,5
315105,315110,315112,2,5
315105,315109,315113,4,4
315105,315110,315113,3,5
315105,315111,315112,1,6
315105,315111,315112,1,6
315105,315105,315113,8,0
315105,315110,315113,3,5
315105,315111,315113,2,6
315105,315105,315113,8,0
315105,315110,315114,4,5
315105,315105,315114,9,0
315105,315111,315114,3,6
315105,315111,315114,3,6
315105,315105,315113,8,0
315105,315111,315113,2,6
315105,315111,315114,3,6
315105,315111,315113,2,6
315105,315105,315114,9,0
315105,315105,315114,9,0
315105,315105,315114,9,0
315105,315111,315114,3,6
315105,315105,315115,10,0
315105,315105,315114,9,0
315105,315105,315115,10,0
315105,315105,315118,13,0
315129,315129,315130,1,0
315129,315129,315130,1,0
315129,315129,315130,1,0
315129,315129,315130,1,0
315129,315129,315130,1,0
315129,315129,315130,1,0
315129,315129,315131,2,0
315129,315130,315132,2,1
315129,315130,315132,2,1
315129,315129,315133,4,0
315129,315129,315133,4,0
315129,315131,315133,2,2
315129,315130,315133,3,1
315129,315130,315132,2,1
315129,315131,315133,2,2
315129,315132,315133,1,3
315129,315129,315134,5,0
315129,315129,315134,5,0
315129,315129,315134,5,0
315129,315133,315134,1,4
315129,315129,315134,5,0
315129,315132,315134,2,3
315129,315129,315133,4,0
315129,315131,315133,2,2
315129,315133,315134,1,4
315129,315129,315134,5,0
315129,315133,315134,1,4
315129,315133,315134,1,4
315129,315129,315135,6,0
315129,315133,315135,2,4
315129,315129,315135,6,0
315129,315133,315135,2,4
315129,315133,315134,1,4
315129,315134,315135,1,5
315129,315134,315135,1,5
315129,315134,315135,1,5
315129,315129,315136,7,0
315129,315129,315135,6,0
315129,315129,315136,7,0
315129,315129,315136,7,0
315129,315134,315136,2,5
315129,315134,315135,1,5
315129,315134,315136,2,5
315129,315134,315135,1,5
315129,315129,315135,6,0
315129,315134,315135,1,5
315129,315134,315135,1,5
315129,315129,315136,7,0
315129,315134,315135,1,5
315129,315129,315136,7,0
315129,315129,315137,8,0
315129,315134,315137,3,5
315129,315129,315137,8,0
315129,315134,315137,3,5
315129,315129,315137,8,0
315129,315135,315136,1,6
315129,315129,315137,8,0
315129,315135,315137,2,6
315129,315135,315137,2,6
315129,315135,315137,2,6
315129,315135,315137,2,6
315129,315129,315138,9,0
315129,315129,315138,9,0
315129,315129,315137,8,0
315129,315129,315138,9,0
315129,315135,315137,2,6
315129,315135,315138,3,6
315129,315129,315139,10,0
315129,315129,315139,10,0
315129,315129,315139,10,0
315129,315129,315138,9,0
315129,315129,315139,10,0
315129,315129,315139,10,0
315129,315129,315139,10,0
315129,315129,315139,10,0
315129,315129,315138,9,0
315129,315129,315140,11,0
315129,315129,315140,11,0
315129,315129,315145,16,0
315156,315156,315157,1,0
315156,315156,315157,1,0
315156,315156,315157,1,0
315156,315156,315158,2,0
315156,315156,315158,2,0
315156,315156,315157,1,0
315156,315156,315157,1,0
315156,315156,315160,4,0
315156,315158,315159,1,2
315156,315158,315160,2,2
315156,315158,315160,2,2
315156,315158,315160,2,2
315156,315158,315160,2,2
315156,315156,315161,5,0
315156,315156,315161,5,0
315156,315160,315161,1,4
315156,315158,315161,3,2
315156,315160,315161,1,4
315156,315156,315162,6,0
315156,315161,315162,1,5
315156,315156,315161,5,0
315156,315158,315161,3,2
315156,315160,315162,2,4
315156,315160,315161,1,4
315156,315156,315162,6,0
315156,315156,315162,6,0
315156,315160,315162,2,4
315156,315161,315162,1,5
315156,315156,315161,5,0
315156,315161,315162,1,5
315156,315161,315162,1,5
315156,315156,315163,7,0
315156,315156,315163,7,0
315156,315162,315163,1,6
315156,315156,315163,7,0
315156,315161,315163,2,5
315156,315161,315163,2,5
315156,315156,315162,6,0
315156,315162,315163,1,6
315156,315156,315163,7,0
315156,315156,315164,8,0
315156,315156,315164,8,0
315156,315156,315163,7,0
315156,315156,315164,8,0
315156,315162,315163,1,6
315156,315162,315163,1,6
315156,315162,315164,2,6
315156,315162,315164,2,6
315156,315163,315164,1,7
315156,315156,315164,8,0
315156,315162,315163,1,6
315156,315162,315164,2,6
315156,315162,315164,2,6
315156,315162,315164,2,6
315156,315162,315164,2,6
315156,315162,315163,1,6
315156,315162,315163,1,6
315156,315156,315164,8,0
315156,315156,315165,9,0
315156,315156,315164,8,0
315156,315156,315164,8,0
315156,315156,315165,9,0
315156,315163,315165,2,7
315156,315156,315165,9,0
315156,315156,315165,9,0
315156,315163,315165,2,7
315156,315156,315165,9,0
315156,315163,315164,1,7
315156,315156,315166,10,0
315156,315156,315165,9,0
315156,315156,315165,9,0
315156,315156,315165,9,0
315156,315156,315166,10,0
315156,315156,315165,9,0
315156,315156,315167,11,0
315156,315156,315166,10,0
315156,315156,315166,10,0
315156,315156,315168,12,0
315156,315156,315171,15,0
315182,315182,315183,1,0
315182,315182,315183,1,0
315182,315182,315183,1,0
315182,315182,315184,2,0
315182,315182,315183,1,0
315182,315182,315183,1,0
315182,315182,315183,1,0
315182,315184,315185,1,2
315182,315183,315185,2,1
315182,315183,315185,2,1
315182,315184,315186,2,2
315182,315184,315185,1,2
315182,315184,315185,1,2
315182,315182,315186,4,0
315182,315183,315186,3,1
315182,315182,315186,4,0
315182,315182,315187,5,0
315182,315185,315186,1,3
315182,315182,315187,5,0
315182,315185,315187,2,3
315182,315182,315187,5,0
315182,315182,315188,6,0
315182,315182,315187,5,0
315182,315186,315187,1,4
315182,315182,315187,5,0
315182,315186,315188,2,4
315182,315186,315188,2,4
315182,315182,315188,6,0
315182,315182,315187,5,0
315182,315185,315187,2,3
315182,315186,315188,2,4
315182,315182,315188,6,0
315182,315186,315188,2,4
315182,315182,315189,7,0
315182,315182,315189,7,0
315182,315182,315189,7,0
315182,315187,315189,2,5
315182,315182,315189,7,0
315182,315187,315189,2,5
315182,315187,315188,1,5
315182,315182,315189,7,0
315182,315187,315189,2,5
315182,315187,315189,2,5
315182,315187,315188,1,5
315182,315182,315190,8,0
315182,315188,315190,2,6
315182,315182,315190,8,0
315182,315188,315189,1,6
315182,315188,315189,1,6
315182,315188,315189,1,6
315182,315188,315190,2,6
315182,315188,315189,1,6
315182,315188,315190,2,6
315182,315188,315190,2,6
315182,315188,315189,1,6
315182,315188,315189,1,6
315182,315182,315191,9,0
315182,315182,315191,9,0
315182,315182,315191,9,0
315182,315182,315190,8,0
315182,315189,315191,2,7
315182,315188,315190,2,6
315182,315189,315191,2,7
315182,315188,315190,2,6
315182,315182,315192,10,0
315182,315182,315191,9,0
315182,315182,315191,9,0
315182,315182,315192,10,0
315182,315182,315191,9,0
315182,315182,315192,10,0
315182,315182,315193,11,0
315182,315182,315193,11,0
315182,315182,315192,10,0
315182,315182,315192,10,0
315182,315182,315192,10,0
315182,315182,315193,11,0
315182,315182,315194,12,0
315182,315182,315196,14,0
315182,315182,315200,18,0
315211,315211,315212,1,0
315211,315211,315212,1,0
315211,315211,315212,1,0
315211,315211,315212,1,0
315211,315211,315212,1,0
315211,315211,315212,1,0
315211,315211,315213,2,0
315211,315213,315214,1,2
315211,315213,315214,1,2
315211,315213,315215,2,2
315211,315213,315214,1,2
315211,315211,315215,4,0
315211,315213,315215,2,2
315211,315211,315216,5,0
315211,315211,315216,5,0
315211,315213,315215,2,2
315211,315211,315216,5,0
315211,315211,315217,6,0
315211,315211,315216,5,0
315211,315211,315216,5,0
315211,315211,315216,5,0
315211,315212,315217,5,1
315211,315215,315216,1,4
315211,315211,315217,6,0
315211,315211,315216,5,0
315211,315215,315216,1,4
315211,315211,315216,5,0
315211,315215,315216,1,4
315211,315211,315217,6,0
315211,315215,315216,1,4
315211,315211,315218,7,0
315211,315211,315217,6,0
315211,315211,315217,6,0
315211,315211,315217,6,0
315211,315216,315217,1,5
315211,315217,315218,1,6
315211,315211,315218,7,0
315211,315216,315218,2,5
315211,315216,315217,1,5
315211,315211,315219,8,0
315211,315211,315218,7,0
315211,315216,315219,3,5
315211,315216,315218,2,5
315211,315217,315218,1,6
315211,315218,315219,1,7
315211,315217,315219,2,6
315211,315217,315218,1,6
315211,315217,315218,1,6
315211,315217,315218,1,6
315211,315217,315218,1,6
315211,315217,315219,2,6
315211,315217,315218,1,6
315211,315218,315219,1,7
315211,315217,315218,1,6
315211,315217,315218,1,6
315211,315218,315219,1,7
315211,315211,315220,9,0
315211,315211,315219,8,0
315211,315218,315220,2,7
315211,315211,315219,8,0
315211,315211,315219,8,0
315211,315217,315219,2,6
315211,315211,315219,8,0
315211,315211,315219,8,0
315211,315217,315219,2,6
315211,315211,315219,8,0
315211,315211,315220,9,0
315211,315217,315219,2,6
315211,315211,315219,8,0
315211,315211,315221,10,0
315211,315211,315221,10,0
315211,315218,315220,2,7
315211,315211,315220,9,0
315211,315211,315221,10,0
315211,315211,315222,11,0
315211,315211,315221,10,0
315211,315211,315222,11,0
315211,315211,315222,11,0
315211,315211,315223,12,0
315235,315235,315236,1,0
315235,315235,315236,1,0
315235,315235,315236,1,0
315235,315235,315236,1,0
315235,315235,315236,1,0
315235,315235,315237,2,0
315235,315236,315237,1,1
315235,315235,315237,2,0
315235,315236,315238,2,1
315235,315237,315239,2,2
315235,315237,315239,2,2
315235,315237,315238,1,2
315235,315237,315239,2,2
315235,315235,315239,4,0
315235,315235,315240,5,0
315235,315235,315240,5,0
315235,315238,315240,2,3
315235,315235,315240,5,0
315235,315238,315240,2,3
315235,315235,315240,5,0
315235,315239,315240,1,4
315235,315235,315240,5,0
315235,315235,315240,5,0
315235,315239,315241,2,4
315235,315235,315240,5,0
315235,315238,315240,2,3
315235,315239,315241,2,4
315235,315235,315241,6,0
315235,315239,315241,2,4
315235,315235,315241,6,0
315235,315235,315242,7,0
315235,315235,315242,7,0
315235,315235,315241,6,0
315235,315235,315242,7,0
315235,315235,315242,7,0
315235,315235,315241,6,0
315235,315235,315242,7,0
315235,315240,315241,1,5
315235,315240,315241,1,5
315235,315235,315241,6,0
315235,315240,315241,1,5
315235,315235,315242,7,0
315235,315235,315241,6,0
315235,315240,315242,2,5
315235,315241,315242,1,6
315235,315241,315242,1,6
315235,315235,315243,8,0
315235,315235,315243,8,0
315235,315235,315243,8,0
315235,315235,315243,8,0
315235,315235,315242,7,0
315235,315241,315243,2,6
315235,315235,315242,7,0
315235,315241,315243,2,6
315235,315241,315242,1,6
315235,315241,315242,1,6
315235,315241,315242,1,6
315235,315241,315242,1,6
315235,315241,315242,1,6
315235,315235,315244,9,0
315235,315235,315244,9,0
315235,315242,315244,2,7
315235,315240,315243,3,5
315235,315242,315244,2,7
315235,315235,315243,8,0
315235,315235,315244,9,0
315235,315242,315244,2,7
315235,315242,315244,2,7
315235,315241,315243,2,6
315235,315240,315243,3,5
315235,315242,315244,2,7
315235,315242,315244,2,7
315235,315235,315243,8,0
315235,315235,315244,9,0
315235,315235,315244,9,0
315235,315235,315244,9,0
315235,315235,315247,12,0
315235,315235,315247,12,0
315235,315235,315250,15,0
315260,315260,315261,1,0
315260,315260,315262,2,0
315260,315260,315262,2,0
315260,315260,315262,2,0
315260,315260,315262,2,0
315260,315260,315262,2,0
315260,315260,315263,3,0
315260,315260,315263,3,0
315260,315260,315263,3,0
315260,315260,315263,3,0
315260,315261,315263,2,1
315260,315260,315263,3,0
315260,315262,315264,2,2
315260,315262,315265,3,2
315260,315260,315265,5,0
315260,315260,315265,5,0
315260,315263,315265,2,3
315260,315262,315265,3,2
315260,315263,315265,2,3
315260,315264,315265,1,4
315260,315260,315266,6,0
315260,315265,315266,1,5
315260,315264,315266,2,4
315260,315260,315266,6,0
315260,315264,315266,2,4
315260,315260,315266,6,0
315260,315265,315266,1,5
315260,315260,315267,7,0
315260,315260,315267,7,0
315260,315263,315267,4,3
315260,315260,315267,7,0
315260,315260,315267,7,0
315260,315266,315267,1,6
315260,315266,315267,1,6
315260,315264,315267,3,4
315260,315260,315267,7,0
315260,315266,315267,1,6
315260,315266,315267,1,6
315260,315266,315267,1,6
315260,315260,315268,8,0
315260,315260,315268,8,0
315260,315267,315268,1,7
315260,315260,315268,8,0
315260,315267,315268,1,7
315260,315267,315269,2,7
315260,315260,315268,8,0
315260,315260,315269,9,0
315260,315267,315268,1,7
315260,315260,315268,8,0
315260,315268,315269,1,8
315260,315260,315268,8,0
315260,315268,315269,1,8
315260,315268,315269,1,8
315260,315260,315268,8,0
315260,315267,315268,1,7
315260,315267,315268,1,7
315260,315260,315269,9,0
315260,315260,315269,9,0
315260,315264,315269,5,4
315260,315260,315269,9,0
315260,315266,315269,3,6
315260,315260,315269,9,0
315260,315260,315269,9,0
315260,315260,315269,9,0
315260,315260,315270,10,0
315260,315268,315269,1,8
315260,315260,315270,10,0
315260,315265,315270,5,5
315260,315260,315270,10,0
315260,315268,315270,2,8
315260,315268,315270,2,8
315260,315260,315270,10,0
315260,315260,315271,11,0
315260,315268,315271,3,8
315260,315260,315272,12,0
315260,315260,315272,12,0
315260,315260,315272,12,0
315260,315260,315275,15,0
315286,315286,315287,1,0
315286,315286,315287,1,0
315286,315286,315287,1,0
315286,315286,315287,1,0
315286,315286,315287,1,0
315286,315286,315288,2,0
315286,315286,315289,3,0
315286,315286,315288,2,0
315286,315286,315289,3,0
315286,315286,315290,4,0
315286,315286,315290,4,0
315286,315286,315290,4,0
315286,315288,315290,2,2
315286,315288,315290,2,2
315286,315288,315290,2,2
315286,315288,315289,1,2
315286,315289,315290,1,3
315286,315286,315291,5,0
315286,315286,315290,4,0
315286,315286,315291,5,0
315286,315286,315291,5,0
315286,315288,315291,3,2
315286,315286,315291,5,0
315286,315286,315291,5,0
315286,315288,315291,3,2
315286,315289,315292,3,3
315286,315286,315292,6,0
315286,315289,315291,2,3
315286,315290,315292,2,4
315286,315286,315292,6,0
315286,315290,315292,2,4
315286,315290,315292,2,4
315286,315290,315292,2,4
315286,315290,315292,2,4
315286,315290,315292,2,4
315286,315290,315293,3,4
315286,315290,315293,3,4
315286,315286,315292,6,0
315286,315291,315293,2,5
315286,315286,315293,7,0
315286,315291,315293,2,5
315286,315286,315293,7,0
315286,315286,315293,7,0
315286,315286,315293,7,0
315286,315291,315293,2,5
315286,315292,315293,1,6
315286,315286,315293,7,0
315286,315286,315293,7,0
315286,315286,315293,7,0
315286,315291,315293,2,5
315286,315292,315293,1,6
315286,315291,315293,2,5
315286,315291,315293,2,5
315286,315286,315294,8,0
315286,315291,315294,3,5
315286,315286,315293,7,0
315286,315286,315293,7,0
315286,315286,315294,8,0
315286,315292,315294,2,6
315286,315292,315293,1,6
315286,315292,315293,1,6
315286,315286,315295,9,0
315286,315291,315294,3,5
315286,315286,315295,9,0
315286,315286,315295,9,0
315286,315292,315295,3,6
315286,315286,315295,9,0
315286,315286,315295,9,0
315286,315286,315295,9,0
315286,315292,315295,3,6
315286,315292,315295,3,6
315286,315286,315296,10,0
315286,315286,315296,10,0
315286,315292,315295,3,6
315286,315286,315296,10,0
315286,315292,315296,4,6
315286,315286,315296,10,0
315286,315286,315301,15,0
315286,315286,315301,15,0
315312,315312,315313,1,0
315312,315312,315313,1,0
315312,315312,315313,1,0
315312,315312,315313,1,0
315312,315312,315313,1,0
315312,315312,315314,2,0
315312,315312,315313,1,0
315312,315312,315315,3,0
315312,315312,315315,3,0
315312,315313,315315,2,1
315312,315313,315315,2,1
315312,315314,315315,1,2
315312,315314,315316,2,2
315312,315314,315316,2,2
315312,315314,315316,2,2
315312,315312,315317,5,0
315312,315312,315317,5,0
315312,315315,315317,2,3
315312,315312,315317,5,0
315312,315315,315316,1,3
315312,315314,315316,2,2
315312,315315,315317,2,3
315312,315312,315318,6,0
315312,315312,315318,6,0
315312,315312,315317,5,0
315312,315312,315318,6,0
315312,315312,315318,6,0
315312,315312,315318,6,0
315312,315316,315318,2,4
315312,315316,315318,2,4
315312,315316,315318,2,4
315312,315312,315318,6,0
315312,315312,315318,6,0
315312,315317,315318,1,5
315312,315312,315319,7,0
315312,315312,315318,6,0
315312,315317,315319,2,5
315312,315312,315319,7,0
315312,315317,315319,2,5
315312,315312,315319,7,0
315312,315312,315319,7,0
315312,315317,315319,2,5
315312,315312,315319,7,0
315312,315317,315318,1,5
315312,315316,315318,2,4
315312,315318,315319,1,6
315312,315312,315319,7,0
315312,315317,315319,2,5
315312,315318,315319,1,6
315312,315318,315319,1,6
315312,315318,315320,2,6
315312,315315,315320,5,3
315312,315312,315320,8,0
315312,315318,315320,2,6
315312,315312,315319,7,0
315312,315312,315319,7,0
315312,315318,315319,1,6
315312,315318,315319,1,6
315312,315318,315319,1,6
315312,315318,315319,1,6
315312,315312,315320,8,0
315312,315318,315320,2,6
315312,315318,315319,1,6
315312,315318,315319,1,6
315312,315312,315320,8,0
315312,315312,315321,9,0
315312,315312,315321,9,0
315312,315317,315320,3,5
315312,315319,315321,2,7
315312,315312,315321,9,0
315312,315312,315322,10,0
315312,315312,315322,10,0
315312,315312,315322,10,0
315312,315312,315322,10,0
315312,315312,315323,11,0
315312,315312,315323,11,0
315312,315312,315325,13,0
315312,315312,315326,14,0
315312,315312,315327,15,0
315339,315339,315340,1,0
315339,315339,315340,1,0
315339,315339,315340,1,0
315339,315339,315340,1,0
315339,315339,315340,1,0
315339,315339,315340,1,0
315339,315339,315342,3,0
315339,315340,315341,1,1
315339,315340,315341,1,1
315339,315340,315341,1,1
315339,315339,315343,4,0
315339,315339,315342,3,0
315339,315341,315342,1,2
315339,315341,315343,2,2
315339,315342,315343,1,3
315339,315339,315343,4,0
315339,315339,315344,5,0
315339,315339,315344,5,0
315339,315339,315343,4,0
315339,315339,315344,5,0
315339,315341,315343,2,2
315339,315342,315344,2,3
315339,315339,315344,5,0
315339,315342,315344,2,3
315339,315339,315344,5,0
315339,315339,315344,5,0
315339,315339,315344,5,0
315339,315339,315345,6,0
315339,315339,315345,6,0
315339,315339,315344,5,0
315339,315339,315344,5,0
315339,315343,315344,1,4
315339,315342,315344,2,3
315339,315339,315345,6,0
315339,315344,315345,1,5
315339,315339,315345,6,0
315339,315343,315345,2,4
315339,315343,315345,2,4
315339,315344,315345,1,5
315339,315339,315345,6,0
315339,315339,315345,6,0
315339,315339,315346,7,0
315339,315339,315346,7,0
315339,315343,315345,2,4
315339,315339,315346,7,0
315339,315339,315346,7,0
315339,315343,315346,3,4
315339,315344,315346,2,5
315339,315344,315345,1,5
315339,315345,315346,1,6
315339,315339,315345,6,0
315339,315345,315346,1,6
315339,315345,315346,1,6
315339,315339,315346,7,0
315339,315345,315346,1,6
315339,315339,315347,8,0
315339,315339,315346,7,0
315339,315345,315347,2,6
315339,315339,315346,7,0
315339,315344,315346,2,5
315339,315344,315347,3,5
315339,315339,315346,7,0
315339,315345,315347,2,6
315339,315345,315347,2,6
315339,315339,315347,8,0
315339,315339,315347,8,0
315339,315345,315346,1,6
315339,315344,315347,3,5
315339,315345,315346,1,6
315339,315339,315347,8,0
315339,315344,315347,3,5
315339,315339,315348,9,0
315339,315345,315347,2,6
315339,315344,315347,3,5
315339,315344,315348,4,5
315339,315339,315350,11,0
315339,315339,315351,12,0
315339,315339,315352,13,0
315339,315339,315353,14,0
315364,315364,315365,1,0
315364,315364,315365,1,0
315364,315364,315365,1,0
315364,315364,315365,1,0
315364,315364,315366,2,0
315364,315364,315366,2,0
315364,315364,315366,2,0
315364,315365,315367,2,1
315364,315365,315367,2,1
315364,315365,315367,2,1
315364,315364,315368,4,0
315364,315364,315368,4,0
315364,315366,315368,2,2
315364,315366,315368,2,2
315364,315366,315368,2,2
315364,315367,315368,1,3
315364,315367,315368,1,3
315364,315366,315367,1,2
315364,315367,315368,1,3
315364,315364,315369,5,0
315364,315364,315369,5,0
315364,315364,315369,5,0
315364,315364,315369,5,0
315364,315364,315368,4,0
315364,315364,315369,5,0
315364,315364,315370,6,0
315364,315364,315370,6,0
315364,315368,315370,2,4
315364,315368,315370,2,4
315364,315364,315370,6,0
315364,315368,315370,2,4
315364,315368,315370,2,4
315364,315368,315370,2,4
315364,315368,315370,2,4
315364,315369,315370,1,5
315364,315364,315370,6,0
315364,315364,315371,7,0
315364,315364,315371,7,0
315364,315364,315371,7,0
315364,315368,315371,3,4
315364,315364,315370,6,0
315364,315368,315371,3,4
315364,315364,315371,7,0
315364,315364,315371,7,0
315364,315370,315371,1,6
315364,315364,315371,7,0
315364,315364,315371,7,0
315364,315368,315371,3,4
315364,315364,315371,7,0
315364,315364,315371,7,0
315364,315364,315371,7,0
315364,315369,315371,2,5
315364,315370,315371,1,6
315364,315364,315371,7,0
315364,315369,315371,2,5
315364,315364,315372,8,0
315364,315364,315372,8,0
315364,315369,315371,2,5
315364,315369,315372,3,5
315364,315364,315371,7,0
315364,315364,315372,8,0
315364,315369,315372,3,5
315364,315364,315372,8,0
315364,315370,315371,1,6
315364,315364,315372,8,0
315364,315370,315372,2,6
315364,315370,315372,2,6
315364,315370,315372,2,6
315364,315370,315372,2,6
315364,315364,315373,9,0
315364,315370,315373,3,6
315364,315370,315372,2,6
315364,315364,315374,10,0
315364,315364,315375,11,0
315364,315364,315376,12,0
315364,315364,315376,12,0
315364,315364,315376,12,0
315364,315364,315377,13,0
315389,315389,315390,1,0
315389,315389,315390,1,0
315389,315389,315390,1,0
315389,315389,315390,1,0
315389,315389,315390,1,0
315389,315389,315390,1,0
315389,315390,315391,1,1
315389,315389,315391,2,0
315389,315389,315392,3,0
315389,315391,315392,1,2
315389,315391,315392,1,2
315389,315391,315392,1,2
315389,315391,315392,1,2
315389,315391,315392,1,2
315389,315389,315393,4,0
315389,315389,315393,4,0
315389,315389,315393,4,0
315389,315389,315394,5,0
315389,315389,315393,4,0
315389,315392,315393,1,3
315389,315392,315393,1,3
315389,315389,315394,5,0
315389,315389,315394,5,0
315389,315389,315394,5,0
315389,315393,315394,1,4
315389,315389,315394,5,0
315389,315393,315394,1,4
315389,315389,315394,5,0
315389,315393,315394,1,4
315389,315393,315394,1,4
315389,315389,315394,5,0
315389,315393,315394,1,4
315389,315389,315395,6,0
315389,315389,315395,6,0
315389,315393,315395,2,4
315389,315389,315395,6,0
315389,315389,315396,7,0
315389,315389,315395,6,0
315389,315395,315396,1,6
315389,315389,315395,6,0
315389,315394,315395,1,5
315389,315389,315396,7,0
315389,315389,315395,6,0
315389,315395,315396,1,6
315389,315389,315395,6,0
315389,315394,315395,1,5
315389,315395,315396,1,6
315389,315389,315396,7,0
315389,315389,315396,7,0
315389,315389,315396,7,0
315389,315395,315397,2,6
315389,315389,315396,7,0
315389,315395,315397,2,6
315389,315394,315396,2,5
315389,315394,315396,2,5
315389,315389,315396,7,0
315389,315395,315396,1,6
315389,315389,315397,8,0
315389,315395,315396,1,6
315389,315389,315397,8,0
315389,315395,315396,1,6
315389,315395,315396,1,6
315389,315395,315396,1,6
315389,315396,315397,1,7
315389,315394,315397,3,5
315389,315394,315397,3,5
315389,315396,315397,1,7
315389,315389,315397,8,0
315389,315394,315397,3,5
315389,315395,315397,2,6
315389,315389,315397,8,0
315389,315396,315397,1,7
315389,315389,315397,8,0
315389,315389,315398,9,0
315389,315389,315399,10,0
315389,315389,315399,10,0
315389,315389,315400,11,0
315389,315389,315401,12,0
315389,315389,315401,12,0
315413,315413,315414,1,0
315413,315413,315414,1,0
315413,315413,315414,1,0
315413,315413,315414,1,0
315413,315413,315414,1,0
315413,315413,315414,1,0
315413,315413,315415,2,0
315413,315415,315416,1,2
315413,315415,315417,2,2
315413,315415,315417,2,2
315413,315415,315417,2,2
315413,315415,315417,2,2
315413,315416,315417,1,3
315413,315413,315418,5,0
315413,315413,315417,4,0
315413,315417,315418,1,4
315413,315417,315418,1,4
315413,315415,315417,2,2
315413,315413,315419,6,0
315413,315413,315418,5,0
315413,315413,315418,5,0
315413,315413,315419,6,0
315413,315413,315419,6,0
315413,315417,315418,1,4
315413,315413,315419,6,0
315413,315413,315418,5,0
315413,315413,315418,5,0
315413,315417,315418,1,4
315413,315417,315418,1,4
315413,315413,315418,5,0
315413,315413,315418,5,0
315413,315417,315418,1,4
315413,315413,315419,6,0
315413,315413,315419,6,0
315413,315418,315420,2,5
315413,315413,315420,7,0
315413,315419,315420,1,6
315413,315418,315420,2,5
315413,315413,315420,7,0
315413,315418,315420,2,5
315413,315413,315421,8,0
315413,315413,315421,8,0
315413,315418,315421,3,5
315413,315413,315420,7,0
315413,315413,315420,7,0
315413,315419,315421,2,6
315413,315413,315421,8,0
315413,315419,315421,2,6
315413,315413,315420,7,0
315413,315419,315421,2,6
315413,315420,315421,1,7
315413,315419,315420,1,6
315413,315413,315420,7,0
315413,315419,315420,1,6
315413,315419,315421,2,6
315413,315419,315420,1,6
315413,315419,315420,1,6
315413,315419,315420,1,6
315413,315419,315420,1,6
315413,315419,315420,1,6
315413,315419,315420,1,6
315413,315419,315422,3,6
315413,315413,315422,9,0
315413,315413,315422,9,0
315413,315418,315421,3,5
315413,315420,315422,2,7
315413,315413,315421,8,0
315413,315420,315421,1,7
315413,315413,315422,9,0
315413,315413,315422,9,0
315413,315413,315423,10,0
315413,315413,315423,10,0
315413,315413,315422,9,0
315413,315413,315422,9,0
315413,315413,315423,10,0
315413,315413,315424,11,0
315413,315413,315425,12,0
315413,315413,315426,13,0
315413,315413,315428,15,0
315439,315439,315440,1,0
315439,315439,315440,1,0
315439,315439,315440,1,0
315439,315439,315440,1,0
315439,315439,315440,1,0
315439,315439,315440,1,0
315439,315439,315441,2,0
315439,315440,315442,2,1
315439,315440,315441,1,1
315439,315440,315442,2,1
315439,315440,315442,2,1
315439,315441,315442,1,2
315439,315441,315442,1,2
315439,315439,315444,5,0
315439,315439,315444,5,0
315439,315439,315443,4,0
315439,315439,315443,4,0
315439,315439,315444,5,0
315439,315439,315443,4,0
315439,315442,315443,1,3
315439,315442,315443,1,3
315439,315439,315443,4,0
315439,315442,315443,1,3
315439,315442,315443,1,3
315439,315439,315444,5,0
315439,315439,315445,6,0
315439,315439,315444,5,0
315439,315444,315445,1,5
315439,315439,315445,6,0
315439,315443,315444,1,4
315439,315443,315444,1,4
315439,315439,315445,6,0
315439,315444,315445,1,5
315439,315439,315444,5,0
315439,315439,315444,5,0
315439,315443,315444,1,4
315439,315444,315445,1,5
315439,315439,315444,5,0
315439,315444,315445,1,5
315439,315439,315446,7,0
315439,315444,315446,2,5
315439,315439,315445,6,0
315439,315439,315445,6,0
315439,315445,315446,1,6
315439,315445,315446,1,6
315439,315444,315445,1,5
315439,315444,315445,1,5
315439,315439,315445,6,0
315439,315445,315446,1,6
315439,315445,315446,1,6
315439,315439,315446,7,0
315439,315444,315446,2,5
315439,315439,315446,7,0
315439,315439,315447,8,0
315439,315439,315446,7,0
315439,315445,315447,2,6
315439,315439,315446,7,0
315439,315445,315447,2,6
315439,315439,315446,7,0
315439,315445,315446,1,6
315439,315439,315446,7,0
315439,315445,315446,1,6
315439,315445,315446,1,6
315439,315445,315446,1,6
315439,315444,315447,3,5
315439,315444,315447,3,5
315439,315444,315447,3,5
315439,315439,315448,9,0
315439,315444,315447,3,5
315439,315439,315449,10,0
315439,315439,315448,9,0
315439,315439,315449,10,0
315439,315439,315449,10,0
315439,315439,315450,11,0
315439,315439,315450,11,0
315439,315439,315454,15,0
315439,315439,315455,16,0
315439,315439,315456,17,0
315439,315439,315460,21,0
315470,315470,315471,1,0
315470,315470,315471,1,0
315470,315470,315471,1,0
315470,315470,315471,1,0
315470,315470,315472,2,0
315470,315470,315471,1,0
315470,315471,315473,2,1
315470,315471,315473,2,1
315470,315470,315474,4,0
315470,315470,315474,4,0
315470,315470,315474,4,0
315470,315472,315474,2,2
315470,315472,315474,2,2
315470,315470,315475,5,0
315470,315470,315475,5,0
315470,315470,315475,5,0
315470,315472,315474,2,2
315470,315470,315475,5,0
315470,315472,315475,3,2
315470,315473,315475,2,3
315470,315470,315476,6,0
315470,315470,315476,6,0
315470,315470,315475,5,0
315470,315475,315476,1,5
315470,315470,315475,5,0
315470,315474,315476,2,4
315470,315474,315476,2,4
315470,315474,315475,1,4
315470,315473,315475,2,3
315470,315475,315476,1,5
315470,315470,315476,6,0
315470,315470,315476,6,0
315470,315474,315477,3,4
315470,315474,315476,2,4
315470,315476,315477,1,6
315470,315470,315477,7,0
315470,315470,315477,7,0
315470,315475,315476,1,5
315470,315476,315477,1,6
315470,315470,315477,7,0
315470,315476,315477,1,6
315470,315476,315477,1,6
315470,315476,315477,1,6
315470,315470,315477,7,0
315470,315470,315477,7,0
315470,315475,315477,2,5
315470,315475,315478,3,5
315470,315470,315478,8,0
315470,315470,315477,7,0
315470,315470,315478,8,0
315470,315477,315478,1,7
315470,315470,315478,8,0
315470,315476,315477,1,6
315470,315476,315478,2,6
315470,315470,315477,7,0
315470,315476,315478,2,6
315470,315470,315478,8,0
315470,315470,315479,9,0
315470,315470,315479,9,0
315470,315470,315478,8,0
315470,315476,315478,2,6
315470,315477,315479,2,7
315470,315470,315479,9,0
315470,315477,315479,2,7
315470,315476,315479,3,6
315470,315470,315479,9,0
315470,315470,315479,9,0
315470,315470,315480,10,0
315470,315477,315480,3,7
315470,315470,315480,10,0
315470,315477,315480,3,7
315470,315470,315480,10,0
315470,315475,315481,6,5
315470,315475,315481,6,5
315470,315470,315482,12,0
315470,315470,315482,12,0
315470,315470,315483,13,0
315470,315470,315484,14,0
315470,315470,315486,16,0
315497,315497,315498,1,0
315497,315497,315498,1,0
315497,315497,315499,2,0
315497,315497,315499,2,0
315497,315497,315499,2,0
315497,315497,315499,2,0
315497,315497,315500,3,0
315497,315497,315500,3,0
315497,315498,315500,2,1
315497,315498,315500,2,1
315497,315500,315501,1,3
315497,315497,315502,5,0
315497,315497,315501,4,0
315497,315497,315501,4,0
315497,315497,315501,4,0
315497,315499,315501,2,2
315497,315499,315502,3,2
315497,315500,315502,2,3
315497,315500,315502,2,3
315497,315499,315502,3,2
315497,315497,315502,5,0
315497,315497,315503,6,0
315497,315500,315503,3,3
315497,315497,315503,6,0
315497,315502,315503,1,5
315497,315497,315503,6,0
315497,315502,315503,1,5
315497,315501,315503,2,4
315497,315502,315503,1,5
315497,315497,315503,6,0
315497,315497,315504,7,0
315497,315497,315503,6,0
315497,315502,315504,2,5
315497,315497,315504,7,0
315497,315497,315504,7,0
315497,315502,315504,2,5
315497,315503,315504,1,6
315497,315503,315504,1,6
315497,315497,315504,7,0
315497,315502,315504,2,5
315497,315503,315504,1,6
315497,315502,315505,3,5
315497,315502,315505,3,5
315497,315497,315505,8,0
315497,315503,315505,2,6
315497,315500,315505,5,3
315497,315502,315504,2,5
315497,315503,315505,2,6
315497,315503,315505,2,6
315497,315497,315505,8,0
315497,315497,315505,8,0
315497,315503,315505,2,6
315497,315497,315505,8,0
315497,315504,315505,1,7
315497,315504,315505,1,7
315497,315497,315506,9,0
315497,315504,315506,2,7
315497,315504,315506,2,7
315497,315497,315506,9,0
315497,315504,315505,1,7
315497,315497,315506,9,0
315497,315504,315506,2,7
315497,315497,315506,9,0
315497,315497,315506,9,0
315497,315497,315507,10,0
315497,315497,315507,10,0
315497,315497,315507,10,0
315497,315497,315507,10,0
315497,315497,315507,10,0
315497,315497,315507,10,0
315497,315497,315507,10,0
315497,315504,315507,3,7
315497,315504,315507,3,7
315497,315497,315508,11,0
315497,315497,315508,11,0
315497,315497,315509,12,0
315497,315497,315509,12,0
315497,315497,315509,12,0
315497,315497,315510,13,0
315521,315521,315522,1,0
315521,315521,315522,1,0
315521,315521,315522,1,0
315521,315521,315522,1,0
315521,315521,315522,1,0
315521,315521,315522,1,0
315521,315521,315523,2,0
315521,315521,315524,3,0
315521,315522,315525,3,1
315521,315522,315524,2,1
315521,315521,315525,4,0
315521,315521,315525,4,0
315521,315521,315526,5,0
315521,315523,315525,2,2
315521,315524,315526,2,3
315521,315523,315526,3,2
315521,315523,315525,2,2
315521,315523,315526,3,2
315521,315525,315527,2,4
315521,315521,315527,6,0
315521,315525,315526,1,4
315521,315521,315526,5,0
315521,315521,315527,6,0
315521,315525,315526,1,4
315521,315526,315527,1,5
315521,315521,315526,5,0
315521,315521,315527,6,0
315521,315526,315527,1,5
315521,315526,315527,1,5
315521,315521,315527,6,0
315521,315521,315528,7,0
315521,315521,315528,7,0
315521,315521,315527,6,0
315521,315521,315528,7,0
315521,315526,315528,2,5
315521,315521,315527,6,0
315521,315521,315528,7,0
315521,315521,315527,6,0
315521,315526,315527,1,5
315521,315526,315527,1,5
315521,315521,315527,6,0
315521,315521,315528,7,0
315521,315521,315527,6,0
315521,315527,315528,1,6
315521,315521,315528,7,0
315521,315521,315528,7,0
315521,315521,315529,8,0
315521,315521,315528,7,0
315521,315521,315528,7,0
315521,315526,315528,2,5
315521,315527,315528,1,6
315521,315527,315528,1,6
315521,315521,315529,8,0
315521,315521,315528,7,0
315521,315526,315528,2,5
315521,315527,315529,2,6
315521,315527,315528,1,6
315521,315527,315528,1,6
315521,315527,315528,1,6
315521,315527,315529,2,6
315521,315527,315528,1,6
315521,315527,315528,1,6
315521,315528,315529,1,7
315521,315527,315530,3,6
315521,315521,315530,9,0
315521,315521,315529,8,0
315521,315528,315530,2,7
315521,315528,315530,2,7
315521,315528,315530,2,7
315521,315521,315530,9,0
315521,315528,315530,2,7
315521,315521,315530,9,0
315521,315528,315530,2,7
315521,315521,315530,9,0
315521,315521,315530,9,0
315521,315521,315531,10,0
315521,315521,315531,10,0
315521,315521,315531,10,0
315521,315521,315533,12,0
315545,315545,315546,1,0
315545,315545,315546,1,0
315545,315545,315546,1,0
315545,315545,315546,1,0
315545,315545,315546,1,0
315545,315545,315547,2,0
315545,315545,315547,2,0
315545,315545,315547,2,0
315545,315545,315549,4,0
315545,315547,315549,2,2
315545,315545,315549,4,0
315545,315547,315549,2,2
315545,315547,315549,2,2
315545,315545,315549,4,0
315545,315545,315550,5,0
315545,315545,315549,4,0
315545,315545,315549,4,0
315545,315545,315550,5,0
315545,315545,315549,4,0
315545,315547,315550,3,2
315545,315545,315550,5,0
315545,315545,315549,4,0
315545,315545,315550,5,0
315545,315548,315549,1,3
315545,315549,315550,1,4
315545,315547,315550,3,2
315545,315545,315551,6,0
315545,315545,315551,6,0
315545,315545,315551,6,0
315545,315545,315551,6,0
315545,315549,315550,1,4
315545,315545,315551,6,0
315545,315547,315550,3,2
315545,315549,315550,1,4
315545,315549,315550,1,4
315545,315545,315551,6,0
315545,315545,315551,6,0
315545,315545,315552,7,0
315545,315545,315552,7,0
315545,315549,315551,2,4
315545,315545,315552,7,0
315545,315550,315552,2,5
315545,315550,315552,2,5
315545,315550,315552,2,5
315545,315545,315552,7,0
315545,315550,315552,2,5
315545,315551,315552,1,6
315545,315550,315552,2,5
315545,315550,315552,2,5
315545,315551,315552,1,6
315545,315551,315552,1,6
315545,315550,315552,2,5
315545,315550,315552,2,5
315545,315551,315552,1,6
315545,315545,315552,7,0
315545,315550,315552,2,5
315545,315551,315552,1,6
315545,315547,315551,4,2
315545,315550,315552,2,5
315545,315551,315552,1,6
315545,315545,315553,8,0
315545,315550,315552,2,5
315545,315550,315553,3,5
315545,315550,315553,3,5
315545,315551,315553,2,6
315545,315551,315553,2,6
315545,315545,315554,9,0
315545,315545,315554,9,0
315545,315551,315553,2,6
315545,315545,315553,8,0
315545,315545,315554,9,0
315545,315545,315555,10,0
315545,315545,315556,11,0
315545,315545,315557,12,0
315545,315545,315559,14,0
315545,315545,315573,28,0
315545,315545,315576,31,0
315545,315545,315578,33,0
315545,315545,315578,33,0
315588,315588,315589,1,0
315588,315588,315589,1,0
315588,315588,315589,1,0
315588,315588,315589,1,0
315588,315588,315589,1,0
315588,315588,315589,1,0
315588,315588,315589,1,0
315588,315589,315591,2,1
315588,315589,315591,2,1
315588,315588,315592,4,0
315588,315590,315592,2,2
315588,315590,315591,1,2
315588,315590,315591,1,2
315588,315590,315591,1,2
315588,315588,315592,4,0
315588,315588,315592,4,0
315588,315590,315593,3,2
315588,315588,315593,5,0
315588,315588,315592,4,0
315588,315591,315592,1,3
315588,315588,315593,5,0
315588,315592,315593,1,4
315588,315588,315592,4,0
315588,315591,315592,1,3
315588,315592,315593,1,4
315588,315588,315593,5,0
315588,315588,315594,6,0
315588,315588,315594,6,0
315588,315588,315594,6,0
315588,315592,315593,1,4
315588,315593,315594,1,5
315588,315593,315594,1,5
315588,315588,315593,5,0
315588,315592,315593,1,4
315588,315593,315594,1,5
315588,315588,315594,6,0
315588,315588,315594,6,0
315588,315588,315593,5,0
315588,315592,315593,1,4
315588,315588,315594,6,0
315588,315588,315594,6,0
315588,315588,315595,7,0
315588,315588,315595,7,0
315588,315588,315595,7,0
315588,315593,315595,2,5
315588,315593,315594,1,5
315588,315593,315594,1,5
315588,315594,315595,1,6
315588,315594,315595,1,6
315588,315593,315594,1,5
315588,315593,315595,2,5
315588,315593,315595,2,5
315588,315593,315594,1,5
315588,315593,315594,1,5
315588,315594,315596,2,6
315588,315588,315595,7,0
315588,315594,315595,1,6
315588,315588,315595,7,0
315588,315594,315595,1,6
315588,315594,315595,1,6
315588,315594,315595,1,6
315588,315588,315595,7,0
315588,315588,315596,8,0
315588,315588,315596,8,0
315588,315588,315596,8,0
315588,315594,315596,2,6
315588,315594,315596,2,6
315588,315594,315596,2,6
315588,315588,315598,10,0
315588,315588,315597,9,0
315588,315588,315598,10,0
315588,315588,315599,11,0
315588,315588,315599,11,0
315588,315588,315600,12,0
315588,315588,315602,14,0
315588,315588,315604,16,0
315588,315588,315604,16,0
315588,315588,315604,16,0
315588,315588,315605,17,0
315616,315616,315617,1,0
315616,315616,315617,1,0
315616,315616,315618,2,0
315616,315616,315617,1,0
315616,315616,315617,1,0
315616,315616,315617,1,0
315616,315616,315617,1,0
315616,315616,315618,2,0
315616,315617,315619,2,1
315616,315618,315619,1,2
315616,315618,315619,1,2
315616,315616,315620,4,0
315616,315618,315619,1,2
315616,315619,315620,1,3
315616,315616,315620,4,0
315616,315618,315620,2,2
315616,315616,315620,4,0
315616,315618,315620,2,2
315616,315616,315621,5,0
315616,315618,315621,3,2
315616,315619,315620,1,3
315616,315620,315621,1,4
315616,315620,315621,1,4
315616,315616,315622,6,0
315616,315616,315621,5,0
315616,315616,315621,5,0
315616,315616,315622,6,0
315616,315620,315621,1,4
315616,315616,315622,6,0
315616,315620,315621,1,4
315616,315620,315621,1,4
315616,315616,315622,6,0
315616,315616,315623,7,0
315616,315616,315622,6,0
315616,315616,315622,6,0
315616,315616,315622,6,0
315616,315621,315623,2,5
315616,315616,315623,7,0
315616,315621,315622,1,5
315616,315622,315623,1,6
315616,315616,315622,6,0
315616,315621,315622,1,5
315616,315621,315622,1,5
315616,315616,315623,7,0
315616,315621,315623,2,5
315616,315621,315623,2,5
315616,315621,315622,1,5
315616,315616,315622,6,0
315616,315621,315622,1,5
315616,315621,315622,1,5
315616,315622,315623,1,6
315616,315616,315623,7,0
315616,315616,315624,8,0
315616,315616,315623,7,0
315616,315622,315624,2,6
315616,315622,315623,1,6
315616,315616,315623,7,0
315616,315622,315623,1,6
315616,315622,315623,1,6
315616,315622,315623,1,6
315616,315616,315625,9,0
315616,315616,315624,8,0
315616,315623,315625,2,7
315616,315616,315624,8,0
315616,315616,315624,8,0
315616,315622,315624,2,6
315616,315623,315625,2,7
315616,315623,315625,2,7
315616,315616,315626,10,0
315616,315616,315625,9,0
315616,315616,315625,9,0
315616,315616,315626,10,0
315616,315623,315625,2,7
315616,315616,315627,11,0
315616,315616,315628,12,0
315616,315616,315629,13,0
315616,315616,315631,15,0
315616,315616,315636,20,0
315616,315616,315637,21,0
315648,315648,315649,1,0
315648,315648,315649,1,0
315648,315648,315649,1,0
315648,315648,315649,1,0
315648,315648,315649,1,0
315648,315648,315649,1,0
315648,315648,315649,1,0
315648,315648,315650,2,0
315648,315649,315651,2,1
315648,315648,315652,4,0
315648,315650,315652,2,2
315648,315650,315652,2,2
315648,315650,315652,2,2
315648,315650,315652,2,2
315648,315650,315652,2,2
315648,315648,315652,4,0
315648,315651,315652,1,3
315648,315651,315652,1,3
315648,315648,315653,5,0
315648,315650,315652,2,2
315648,315652,315653,1,4
315648,315652,315653,1,4
315648,315648,315652,4,0
315648,315648,315653,5,0
315648,315648,315654,6,0
315648,315648,315653,5,0
315648,315653,315654,1,5
315648,315648,315653,5,0
315648,315648,315654,6,0
315648,315648,315654,6,0
315648,315652,315653,1,4
315648,315648,315654,6,0
315648,315648,315654,6,0
315648,315652,315653,1,4
315648,315652,315653,1,4
315648,315648,315654,6,0
315648,315648,315654,6,0
315648,315648,315654,6,0
315648,315652,315655,3,4
315648,315648,315654,6,0
315648,315653,315654,1,5
315648,315653,315655,2,5
315648,315654,315655,1,6
315648,315648,315654,6,0
315648,315653,315654,1,5
315648,315653,315655,2,5
315648,315654,315655,1,6
315648,315653,315654,1,5
315648,315654,315655,1,6
315648,315653,315654,1,5
315648,315654,315655,1,6
315648,315653,315656,3,5
315648,315648,315656,8,0
315648,315654,315655,1,6
315648,315654,315656,2,6
315648,315648,315655,7,0
315648,315654,315656,2,6
315648,315654,315655,1,6
315648,315654,315655,1,6
315648,315654,315656,2,6
315648,315654,315656,2,6
315648,315654,315656,2,6
315648,315648,315658,10,0
315648,315648,315657,9,0
315648,315648,315657,9,0
315648,315648,315658,10,0
315648,315648,315658,10,0
315648,315648,315659,11,0
315648,315648,315659,11,0
315648,315648,315660,12,0
315648,315648,315659,11,0
315648,315648,315660,12,0
315648,315648,315660,12,0
315648,315648,315660,12,0
315648,315648,315662,14,0
315648,315648,315678,30,0
315648,315648,315686,38,0
315648,315648,315688,40,0
315648,315648,315689,41,0
315697,315697,315699,2,0
315697,315697,315698,1,0
315697,315697,315698,1,0
315697,315697,315698,1,0
315697,315697,315698,1,0
315697,315697,315699,2,0
315697,315697,315698,1,0
315697,315697,315700,3,0
315697,315699,315700,1,2
315697,315697,315701,4,0
315697,315697,315701,4,0
315697,315697,315701,4,0
315697,315697,315701,4,0
315697,315699,315701,2,2
315697,315699,315701,2,2
315697,315699,315701,2,2
315697,315697,315702,5,0
315697,315699,315701,2,2
315697,315700,315702,2,3
315697,315699,315702,3,2
315697,315701,315702,1,4
315697,315699,315701,2,2
315697,315701,315702,1,4
315697,315700,315701,1,3
315697,315701,315703,2,4
315697,315701,315703,2,4
315697,315697,315703,6,0
315697,315697,315702,5,0
315697,315701,315702,1,4
315697,315702,315703,1,5
315697,315701,315703,2,4
315697,315701,315703,2,4
315697,315697,315704,7,0
315697,315697,315704,7,0
315697,315702,315703,1,5
315697,315702,315703,1,5
315697,315703,315704,1,6
315697,315697,315704,7,0
315697,315702,315703,1,5
315697,315702,315704,2,5
315697,315697,315704,7,0
315697,315702,315703,1,5
315697,315703,315704,1,6
315697,315697,315703,6,0
315697,315702,315703,1,5
315697,315703,315704,1,6
315697,315702,315704,2,5
315697,315697,315704,7,0
315697,315697,315705,8,0
315697,315703,315704,1,6
315697,315704,315705,1,7
315697,315697,315705,8,0
315697,315697,315705,8,0
315697,315697,315705,8,0
315697,315697,315706,9,0
315697,315704,315706,2,7
315697,315704,315706,2,7
315697,315703,315706,3,6
315697,315704,315706,2,7
315697,315697,315706,9,0
315697,315704,315706,2,7
315697,315697,315706,9,0
315697,315697,315707,10,0
315697,315697,315707,10,0
315697,315697,315708,11,0
315697,315697,315709,12,0
315697,315703,315708,5,6
315697,315697,315709,12,0
315697,315697,315709,12,0
315697,315697,315709,12,0
315697,315697,315711,14,0
315697,315697,315711,14,0
315697,315697,315710,13,0
315697,315697,315712,15,0
315697,315697,315715,18,0
315697,315697,315717,20,0
315697,315697,315719,22,0
315697,315697,315719,22,0
315697,315697,315725,28,0
315735,315735,315736,1,0
315735,315735,315736,1,0
315735,315735,315736,1,0
315735,315735,315736,1,0
315735,315735,315736,1,0
315735,315735,315736,1,0
315735,315735,315736,1,0
315735,315735,315738,3,0
315735,315735,315739,4,0
315735,315735,315738,3,0
315735,315735,315738,3,0
315735,315737,315738,1,2
315735,315737,315739,2,2
315735,315737,315738,1,2
315735,315737,315738,1,2
315735,315737,315738,1,2
315735,315737,315738,1,2
315735,315737,315739,2,2
315735,315735,315740,5,0
315735,315739,315740,1,4
315735,315739,315740,1,4
315735,315738,315740,2,3
315735,315739,315741,2,4
315735,315735,315740,5,0
315735,315739,315740,1,4
315735,315735,315740,5,0
315735,315735,315741,6,0
315735,315740,315741,1,5
315735,315740,315741,1,5
315735,315735,315740,5,0
315735,315735,315741,6,0
315735,315739,315741,2,4
315735,315739,315740,1,4
315735,315735,315741,6,0
315735,315735,315741,6,0
315735,315739,315740,1,4
315735,315739,315740,1,4
315735,315739,315742,3,4
315735,315735,315742,7,0
315735,315739,315741,2,4
315735,315735,315742,7,0
315735,315735,315741,6,0
315735,315741,315742,1,6
315735,315735,315742,7,0
315735,315741,315742,1,6
315735,315741,315742,1,6
315735,315741,315742,1,6
315735,315740,315742,2,5
315735,315741,315743,2,6
315735,315741,315743,2,6
315735,315735,315742,7,0
315735,315741,315742,1,6
315735,315741,315742,1,6
315735,315741,315743,2,6
315735,315741,315742,1,6
315735,315735,315743,8,0
315735,315741,315742,1,6
315735,315741,315742,1,6
315735,315741,315742,1,6
315735,315741,315742,1,6
315735,315735,315743,8,0
315735,315735,315744,9,0
315735,315735,315743,8,0
315735,315735,315745,10,0
315735,315735,315744,9,0
315735,315735,315746,11,0
315735,315735,315745,10,0
315735,315735,315747,12,0
315735,315735,315748,13,0
315735,315735,315748,13,0
315735,315735,315748,13,0
315735,315735,315748,13,0
315735,315735,315750,15,0
315735,315735,315752,17,0
315735,315735,315753,18,0
315735,315735,315758,23,0
315735,315735,315760,25,0
315735,315735,315763,28,0
315735,315735,315766,31,0
315776,315776,315777,1,0
315776,315776,315777,1,0
315776,315776,315777,1,0
315776,315776,315777,1,0
315776,315776,315777,1,0
315776,315776,315777,1,0
315776,315776,315778,2,0
315776,315776,315778,2,0
315776,315776,315779,3,0
315776,315776,315780,4,0
315776,315776,315779,3,0
315776,315778,315780,2,2
315776,315776,315780,4,0
315776,315778,315780,2,2
315776,315776,315781,5,0
315776,315778,315780,2,2
315776,315776,315780,4,0
315776,315778,315781,3,2
315776,315778,315780,2,2
315776,315776,315781,5,0
315776,315778,315780,2,2
315776,315780,315781,1,4
315776,315779,315780,1,3
315776,315780,315781,1,4
315776,315776,315781,5,0
315776,315776,315781,5,0
315776,315776,315781,5,0
315776,315776,315781,5,0
315776,315776,315781,5,0
315776,315776,315782,6,0
315776,315776,315781,5,0
315776,315781,315782,1,5
315776,315781,315782,1,5
315776,315780,315781,1,4
315776,315781,315782,1,5
315776,315779,315782,3,3
315776,315776,315782,6,0
315776,315780,315782,2,4
315776,315776,315783,7,0
315776,315781,315782,1,5
315776,315781,315783,2,5
315776,315781,315782,1,5
315776,315781,315782,1,5
315776,315781,315782,1,5
315776,315782,315783,1,6
315776,315781,315782,1,5
315776,315781,315782,1,5
315776,315782,315783,1,6
315776,315782,315783,1,6
315776,315776,315782,6,0
315776,315781,315782,1,5
315776,315781,315782,1,5
315776,315782,315783,1,6
315776,315776,315783,7,0
315776,315782,315783,1,6
315776,315782,315783,1,6
315776,315782,315783,1,6
315776,315782,315783,1,6
315776,315776,315784,8,0
315776,315782,315784,2,6
315776,315776,315784,8,0
315776,315782,315784,2,6
315776,315782,315784,2,6
315776,315776,315785,9,0
315776,315776,315786,10,0
315776,315776,315786,10,0
315776,315776,315786,10,0
315776,315776,315787,11,0
315776,315776,315787,11,0
315776,315776,315788,12,0
315776,315776,315788,12,0
315776,315776,315788,12,0
315776,315776,315788,12,0
315776,315776,315789,13,0
315776,315776,315790,14,0
315776,315776,315791,15,0
315776,315776,315790,14,0
315776,315776,315792,16,0
315776,315776,315793,17,0
315803,315803,315804,1,0
315803,315803,315804,1,0
315803,315803,315804,1,0
315803,315803,315804,1,0
315803,315803,315804,1,0
315803,315803,315804,1,0
315803,315803,315805,2,0
315803,315803,315806,3,0
315803,315803,315807,4,0
315803,315803,315807,4,0
315803,315803,315806,3,0
315803,315804,315807,3,1
315803,315803,315808,5,0
315803,315803,315808,5,0
315803,315805,315807,2,2
315803,315805,315807,2,2
315803,315803,315808,5,0
315803,315803,315808,5,0
315803,315803,315808,5,0
315803,315805,315808,3,2
315803,315805,315807,2,2
315803,315803,315808,5,0
315803,315805,315809,4,2
315803,315806,315808,2,3
315803,315803,315809,6,0
315803,315803,315809,6,0
315803,315808,315809,1,5
315803,315803,315809,6,0
315803,315803,315808,5,0
315803,315805,315808,3,2
315803,315807,315808,1,4
315803,315808,315809,1,5
315803,315803,315808,5,0
315803,315803,315809,6,0
315803,315807,315810,3,4
315803,315803,315810,7,0
315803,315809,315810,1,6
315803,315807,315809,2,4
315803,315803,315810,7,0
315803,315808,315810,2,5
315803,315809,315810,1,6
315803,315808,315809,1,5
315803,315809,315810,1,6
315803,315809,315810,1,6
315803,315809,315810,1,6
315803,315803,315810,7,0
315803,315808,315809,1,5
315803,315809,315810,1,6
315803,315809,315810,1,6
315803,315808,315810,2,5
315803,315808,315810,2,5
315803,315808,315809,1,5
315803,315807,315810,3,4
315803,315809,315810,1,6
315803,315809,315811,2,6
315803,315809,315810,1,6
315803,315809,315810,1,6
315803,315803,315812,9,0
315803,315803,315811,8,0
315803,315803,315811,8,0
315803,315809,315811,2,6
315803,315803,315811,8,0
315803,315810,315812,2,7
315803,315803,315811,8,0
315803,315803,315813,10,0
315803,315803,315813,10,0
315803,315810,315812,2,7
315803,315803,315813,10,0
315803,315808,315813,5,5
315803,315803,315812,9,0
315803,315803,315812,9,0
315803,315803,315814,11,0
315803,315803,315813,10,0
315803,315803,315815,12,0
315803,315803,315815,12,0
315803,315803,315817,14,0
315803,315803,315817,14,0
315803,315803,315817,14,0
315803,315803,315818,15,0
315829,315829,315830,1,0
315829,315829,315830,1,0
315829,315829,315830,1,0
315829,315829,315831,2,0
315829,315829,315830,1,0
315829,315829,315830,1,0
315829,315829,315831,2,0
315829,315829,315832,3,0
315829,315829,315831,2,0
315829,315829,315832,3,0
315829,315829,315832,3,0
315829,315829,315833,4,0
315829,315831,315833,2,2
315829,315830,315833,3,1
315829,315831,315833,2,2
315829,315831,315833,2,2
315829,315831,315833,2,2
315829,315829,315834,5,0
315829,315829,315833,4,0
315829,315829,315834,5,0
315829,315831,315834,3,2
315829,315832,315834,2,3
315829,315829,315834,5,0
315829,315829,315834,5,0
315829,315833,315834,1,4
315829,315829,315833,4,0
315829,315829,315834,5,0
315829,315829,315833,4,0
315829,315831,315833,2,2
315829,315833,315834,1,4
315829,315829,315834,5,0
315829,315833,315834,1,4
315829,315833,315834,1,4
315829,315829,315835,6,0
315829,315832,315835,3,3
315829,315833,315835,2,4
315829,315834,315835,1,5
315829,315829,315835,6,0
315829,315833,315834,1,4
315829,315834,315835,1,5
315829,315829,315835,6,0
315829,315834,315835,1,5
315829,315833,315836,3,4
315829,315832,315835,3,3
315829,315834,315835,1,5
315829,315834,315836,2,5
315829,315834,315836,2,5
315829,315834,315836,2,5
315829,315829,315836,7,0
315829,315834,315835,1,5
315829,315834,315836,2,5
315829,315834,315836,2,5
315829,315834,315835,1,5
315829,315834,315836,2,5
315829,315834,315835,1,5
315829,315834,315836,2,5
315829,315834,315836,2,5
315829,315829,315837,8,0
315829,315835,315837,2,6
315829,315835,315837,2,6
315829,315834,315837,3,5
315829,315829,315837,8,0
315829,315829,315838,9,0
315829,315829,315838,9,0
315829,315829,315839,10,0
315829,315829,315840,11,0
315829,315829,315840,11,0
315829,315829,315840,11,0
315829,315829,315840,11,0
315829,315829,315842,13,0
315829,315829,315841,12,0
315829,315829,315842,13,0
315829,315829,315842,13,0
315829,315829,315843,14,0
315829,315829,315846,17,0
315829,315829,315854,25,0
315829,315829,315853,24,0
315829,315829,315855,26,0
315829,315829,315855,26,0
315866,315866,315868,2,0
315866,315866,315868,2,0
315866,315866,315867,1,0
315866,315866,315868,2,0
315866,315866,315868,2,0
315866,315866,315868,2,0
315866,315866,315869,3,0
315866,315866,315869,3,0
315866,315866,315869,3,0
315866,315866,315869,3,0
315866,315866,315870,4,0
315866,315866,315870,4,0
315866,315866,315870,4,0
315866,315869,315870,1,3
315866,315869,315870,1,3
315866,315866,315871,5,0
315866,315869,315871,2,3
315866,315866,315871,5,0
315866,315869,315871,2,3
315866,315870,315871,1,4
315866,315866,315871,5,0
315866,315869,315871,2,3
315866,315870,315871,1,4
315866,315866,315871,5,0
315866,315869,315871,2,3
315866,315866,315871,5,0
315866,315871,315872,1,5
315866,315866,315872,6,0
315866,315871,315873,2,5
315866,315866,315872,6,0
315866,315866,315872,6,0
315866,315866,315872,6,0
315866,315871,315872,1,5
315866,315871,315872,1,5
315866,315871,315872,1,5
315866,315866,315873,7,0
315866,315871,315873,2,5
315866,315871,315873,2,5
315866,315866,315873,7,0
315866,315866,315873,7,0
315866,315872,315874,2,6
315866,315872,315873,1,6
315866,315866,315873,7,0
315866,315872,315873,1,6
315866,315866,315873,7,0
315866,315872,315873,1,6
315866,315872,315873,1,6
315866,315872,315873,1,6
315866,315873,315874,1,7
315866,315872,315873,1,6
315866,315873,315874,1,7
315866,315866,315874,8,0
315866,315872,315875,3,6
315866,315873,315874,1,7
315866,315872,315874,2,6
315866,315873,315874,1,7
315866,315873,315874,1,7
315866,315873,315874,1,7
315866,315873,315874,1,7
315866,315866,315875,9,0
315866,315866,315875,9,0
315866,315873,315875,2,7
315866,315872,315875,3,6
315866,315866,315875,9,0
315866,315866,315876,10,0
315866,315866,315876,10,0
315866,315872,315876,4,6
315866,315866,315876,10,0
315866,315866,315876,10,0
315866,315866,315876,10,0
315866,315866,315876,10,0
315866,315866,315877,11,0
315866,315866,315877,11,0
315866,315866,315877,11,0
315866,315866,315877,11,0
315866,315866,315878,12,0
315866,315866,315878,12,0
315866,315866,315879,13,0
315891,315891,315892,1,0
315891,315891,315892,1,0
315891,315891,315892,1,0
315891,315891,315892,1,0
315891,315891,315892,1,0
315891,315891,315892,1,0
315891,315891,315892,1,0
315891,315893,315894,1,2
315891,315891,315895,4,0
315891,315891,315894,3,0
315891,315891,315894,3,0
315891,315893,315894,1,2
315891,315893,315895,2,2
315891,315893,315894,1,2
315891,315893,315895,2,2
315891,315893,315894,1,2
315891,315891,315895,4,0
315891,315891,315895,4,0
315891,315891,315895,4,0
315891,315891,315896,5,0
315891,315891,315896,5,0
315891,315891,315895,4,0
315891,315891,315895,4,0
315891,315895,315896,1,4
315891,315891,315896,5,0
315891,315894,315895,1,3
315891,315891,315896,5,0
315891,315895,315897,2,4
315891,315891,315896,5,0
315891,315893,315896,3,2
315891,315891,315897,6,0
315891,315895,315896,1,4
315891,315895,315897,2,4
315891,315891,315897,6,0
315891,315895,315897,2,4
315891,315891,315896,5,0
315891,315895,315898,3,4
315891,315895,315898,3,4
315891,315896,315897,1,5
315891,315896,315897,1,5
315891,315896,315897,1,5
315891,315891,315898,7,0
315891,315896,315897,1,5
315891,315896,315897,1,5
315891,315891,315897,6,0
315891,315897,315898,1,6
315891,315895,315897,2,4
315891,315897,315898,1,6
315891,315897,315898,1,6
315891,315896,315898,2,5
315891,315896,315898,2,5
315891,315891,315899,8,0
315891,315897,315899,2,6
315891,315897,315899,2,6
315891,315891,315899,8,0
315891,315891,315898,7,0
315891,315897,315898,1,6
315891,315897,315898,1,6
315891,315897,315898,1,6
315891,315891,315898,7,0
315891,315897,315898,1,6
315891,315891,315899,8,0
315891,315896,315899,3,5
315891,315891,315899,8,0
315891,315891,315900,9,0
315891,315896,315900,4,5
315891,315896,315899,3,5
315891,315891,315900,9,0
315891,315891,315900,9,0
315891,315891,315901,10,0
315891,315891,315901,10,0
315891,315891,315902,11,0
315891,315891,315902,11,0
315891,315891,315902,11,0
315891,315891,315903,12,0
315891,315891,315925,34,0
315891,315891,315925,34,0
315891,315891,315929,38,0
315891,315891,315930,39,0
315939,315939,315940,1,0
315939,315939,315940,1,0
315939,315939,315940,1,0
315939,315939,315940,1,0
315939,315939,315940,1,0
315939,315939,315940,1,0
315939,315939,315940,1,0
315939,315939,315941,2,0
315939,315939,315942,3,0
315939,315939,315942,3,0
315939,315939,315942,3,0
315939,315939,315942,3,0
315939,315940,315943,3,1
315939,315940,315943,3,1
315939,315941,315942,1,2
315939,315941,315942,1,2
315939,315941,315942,1,2
315939,315941,315942,1,2
315939,315939,315943,4,0
315939,315939,315943,4,0
315939,315939,315944,5,0
315939,315939,315944,5,0
315939,315939,315943,4,0
315939,315940,315943,3,1
315939,315942,315943,1,3
315939,315939,315943,4,0
315939,315939,315944,5,0
315939,315939,315943,4,0
315939,315939,315943,4,0
315939,315939,315944,5,0
315939,315939,315943,4,0
315939,315939,315944,5,0
315939,315939,315944,5,0
315939,315939,315944,5,0
315939,315939,315944,5,0
315939,315943,315944,1,4
315939,315944,315945,1,5
315939,315939,315944,5,0
315939,315943,315945,2,4
315939,315943,315945,2,4
315939,315943,315944,1,4
315939,315939,315945,6,0
315939,315943,315945,2,4
315939,315943,315945,2,4
315939,315943,315945,2,4
315939,315943,315945,2,4
315939,315943,315946,3,4
315939,315943,315945,2,4
315939,315944,315945,1,5
315939,315944,315945,1,5
315939,315944,315945,1,5
315939,315944,315945,1,5
315939,315945,315946,1,6
315939,315939,315945,6,0
315939,315944,315945,1,5
315939,315944,315945,1,5
315939,315939,315945,6,0
315939,315945,315946,1,6
315939,315939,315945,6,0
315939,315944,315947,3,5
315939,315944,315947,3,5
315939,315939,315947,8,0
315939,315939,315947,8,0
315939,315939,315946,7,0
315939,315944,315946,2,5
315939,315945,315946,1,6
315939,315939,315948,9,0
315939,315939,315947,8,0
315939,315944,315947,3,5
315939,315945,315947,2,6
315939,315944,315948,4,5
315939,315939,315948,9,0
315939,315939,315948,9,0
315939,315944,315949,5,5
315939,315939,315952,13,0
315939,315939,315954,15,0
315939,315939,315955,16,0
315939,315939,315956,17,0
315939,315939,315956,17,0
315968,315968,315969,1,0
315968,315968,315969,1,0
315968,315968,315969,1,0
315968,315968,315969,1,0
315968,315968,315969,1,0
315968,315968,315969,1,0
315968,315968,315969,1,0
315968,315968,315970,2,0
315968,315968,315971,3,0
315968,315968,315971,3,0
315968,315970,315971,1,2
315968,315970,315971,1,2
315968,315969,315972,3,1
315968,315970,315971,1,2
315968,315970,315971,1,2
315968,315968,315972,4,0
315968,315968,315972,4,0
315968,315968,315972,4,0
315968,315968,315973,5,0
315968,315968,315973,5,0
315968,315968,315973,5,0
315968,315968,315972,4,0
315968,315968,315973,5,0
315968,315971,315972,1,3
315968,315968,315973,5,0
315968,315968,315973,5,0
315968,315968,315973,5,0
315968,315968,315973,5,0
315968,315968,315973,5,0
315968,315968,315973,5,0
315968,315968,315973,5,0
315968,315968,315973,5,0
315968,315968,315974,6,0
315968,315968,315973,5,0
315968,315972,315973,1,4
315968,315970,315973,3,2
315968,315972,315973,1,4
315968,315968,315973,5,0
315968,315972,315973,1,4
315968,315972,315973,1,4
315968,315973,315974,1,5
315968,315968,315973,5,0
315968,315972,315973,1,4
315968,315968,315974,6,0
315968,315972,315974,2,4
315968,315968,315974,6,0
315968,315972,315974,2,4
315968,315970,315974,4,2
315968,315973,315975,2,5
315968,315973,315974,1,5
315968,315968,315974,6,0
315968,315973,315974,1,5
315968,315974,315975,1,6
315968,315973,315974,1,5
315968,315973,315975,2,5
315968,315968,315976,8,0
315968,315973,315975,2,5
315968,315968,315976,8,0
315968,315973,315975,2,5
315968,315973,315975,2,5
315968,315974,315975,1,6
315968,315974,315975,1,6
315968,315974,315975,1,6
315968,315968,315976,8,0
315968,315974,315977,3,6
315968,315968,315977,9,0
315968,315973,315977,4,5
315968,315968,315977,9,0
315968,315968,315977,9,0
315968,315968,315977,9,0
315968,315974,315977,3,6
315968,315968,315977,9,0
315968,315974,315977,3,6
315968,315974,315977,3,6
315968,315968,315978,10,0
315968,315974,315978,4,6
315968,315968,315979,11,0
315968,315974,315979,5,6
315968,315968,315980,12,0
315992,315992,315993,1,0
315992,315992,315993,1,0
315992,315992,315993,1,0
315992,315992,315993,1,0
315992,315992,315994,2,0
315992,315992,315994,2,0
315992,315992,315995,3,0
315992,315993,315995,2,1
315992,315994,315995,1,2
315992,315992,315996,4,0
315992,315992,315996,4,0
315992,315992,315996,4,0
315992,315992,315996,4,0
315992,315992,315996,4,0
315992,315992,315996,4,0
315992,315992,315996,4,0
315992,315992,315995,3,0
315992,315994,315996,2,2
315992,315992,315995,3,0
315992,315994,315996,2,2
315992,315994,315995,1,2
315992,315994,315995,1,2
315992,315995,315996,1,3
315992,315992,315997,5,0
315992,315992,315997,5,0
315992,315992,315996,4,0
315992,315992,315996,4,0
315992,315992,315996,4,0
315992,315995,315996,1,3
315992,315992,315996,4,0
315992,315992,315996,4,0
315992,315992,315997,5,0
315992,315992,315997,5,0
315992,315995,315997,2,3
315992,315992,315996,4,0
315992,315996,315997,1,4
315992,315992,315997,5,0
315992,315996,315998,2,4
315992,315996,315997,1,4
315992,315992,315998,6,0
315992,315992,315998,6,0
315992,315992,315998,6,0
315992,315996,315997,1,4
315992,315996,315998,2,4
315992,315996,315997,1,4
315992,315996,315998,2,4
315992,315992,315998,6,0
315992,315996,315998,2,4
315992,315992,315998,6,0
315992,315996,315998,2,4
315992,315997,315999,2,5
315992,315992,315999,7,0
315992,315992,315999,7,0
315992,315992,315998,6,0
315992,315997,315999,2,5
315992,315992,315999,7,0
315992,315992,315999,7,0
315992,315992,315999,7,0
315992,315996,315999,3,4
315992,315996,315998,2,4
315992,315997,315999,2,5
315992,315992,315998,6,0
315992,315996,315999,3,4
315992,315997,315999,2,5
315992,315997,315999,2,5
315992,315997,315999,2,5
315992,315997,315999,2,5
315992,315997,315999,2,5
315992,315997,315999,2,5
315992,315997,315999,2,5
315992,315992,316000,8,0
315992,315996,315999,3,4
315992,315997,316000,3,5
315992,315992,316001,9,0
315992,315996,316000,4,4
315992,315997,316001,4,5
315992,315992,316002,10,0
315992,315992,316003,11,0
315992,315992,316002,10,0
316014,316014,316015,1,0
316014,316014,316015,1,0
316014,316014,316015,1,0
316014,316014,316015,1,0
316014,316014,316015,1,0
316014,316014,316015,1,0
316014,316014,316016,2,0
316014,316016,316017,1,2
316014,316014,316017,3,0
316014,316016,316017,1,2
316014,316016,316017,1,2
316014,316014,316017,3,0
316014,316014,316018,4,0
316014,316014,316018,4,0
316014,316014,316017,3,0
316014,316016,316017,1,2
316014,316014,316017,3,0
316014,316016,316017,1,2
316014,316016,316017,1,2
316014,316014,316019,5,0
316014,316014,316019,5,0
316014,316014,316018,4,0
316014,316017,316019,2,3
316014,316014,316019,5,0
316014,316014,316019,5,0
316014,316017,316019,2,3
316014,316014,316019,5,0
316014,316017,316019,2,3
316014,316018,316020,2,4
316014,316018,316020,2,4
316014,316014,316020,6,0
316014,316014,316019,5,0
316014,316018,316020,2,4
316014,316018,316019,1,4
316014,316014,316020,6,0
316014,316014,316020,6,0
316014,316014,316020,6,0
316014,316019,316020,1,5
316014,316014,316019,5,0
316014,316019,316020,1,5
316014,316017,316020,3,3
316014,316014,316020,6,0
316014,316019,316020,1,5
316014,316014,316021,7,0
316014,316017,316020,3,3
316014,316019,316021,2,5
316014,316018,316021,3,4
316014,316014,316020,6,0
316014,316020,316021,1,6
316014,316014,316021,7,0
316014,316020,316021,1,6
316014,316014,316020,6,0
316014,316019,316020,1,5
316014,316020,316021,1,6
316014,316014,316021,7,0
316014,316014,316020,6,0
316014,316020,316021,1,6
316014,316020,316021,1,6
316014,316014,316022,8,0
316014,316018,316021,3,4
316014,316019,316021,2,5
316014,316014,316022,8,0
316014,316014,316021,7,0
316014,316018,316021,3,4
316014,316018,316022,4,4
316014,316019,316021,2,5
316014,316019,316021,2,5
316014,316019,316021,2,5
316014,316014,316021,7,0
316014,316020,316021,1,6
316014,316020,316021,1,6
316014,316014,316021,7,0
316014,316014,316022,8,0
316014,316014,316023,9,0
316014,316014,316022,8,0
316014,316014,316025,11,0
316014,316014,316026,12,0
316014,316014,316025,11,0
316014,316014,316028,14,0
316039,316039,316040,1,0
316039,316039,316040,1,0
316039,316039,316041,2,0
316039,316039,316041,2,0
316039,316039,316040,1,0
316039,316039,316040,1,0
316039,316039,316042,3,0
316039,316039,316042,3,0
316039,316041,316042,1,2
316039,316039,316042,3,0
316039,316039,316043,4,0
316039,316041,316043,2,2
316039,316039,316042,3,0
316039,316041,316042,1,2
316039,316039,316042,3,0
316039,316041,316043,2,2
316039,316041,316043,2,2
316039,316039,316043,4,0
316039,316039,316044,5,0
316039,316039,316043,4,0
316039,316039,316044,5,0
316039,316039,316044,5,0
316039,316039,316043,4,0
316039,316041,316043,2,2
316039,316039,316044,5,0
316039,316039,316044,5,0
316039,316039,316045,6,0
316039,316039,316045,6,0
316039,316039,316044,5,0
316039,316042,316045,3,3
316039,316039,316045,6,0
316039,316039,316045,6,0
316039,316043,316045,2,4
316039,316039,316045,6,0
316039,316043,316045,2,4
316039,316039,316045,6,0
316039,316043,316045,2,4
316039,316039,316046,7,0
316039,316044,316046,2,5
316039,316039,316045,6,0
316039,316042,316045,3,3
316039,316044,316046,2,5
316039,316042,316046,4,3
316039,316039,316045,6,0
316039,316045,316046,1,6
316039,316045,316046,1,6
316039,316044,316046,2,5
316039,316044,316046,2,5
316039,316045,316046,1,6
316039,316043,316045,2,4
316039,316043,316045,2,4
316039,316044,316045,1,5
316039,316039,316046,7,0
316039,316044,316045,1,5
316039,316045,316046,1,6
316039,316045,316046,1,6
316039,316039,316047,8,0
316039,316044,316046,2,5
316039,316043,316047,4,4
316039,316039,316047,8,0
316039,316044,316046,2,5
316039,316039,316047,8,0
316039,316044,316046,2,5
316039,316039,316047,8,0
316039,316045,316047,2,6
316039,316045,316046,1,6
316039,316045,316046,1,6
316039,316039,316048,9,0
316039,316045,316047,2,6
316039,316039,316047,8,0
316039,316043,316047,4,4
316039,316043,316047,4,4
316039,316039,316048,9,0
316039,316039,316047,8,0
316039,316039,316049,10,0
316039,316039,316048,9,0
316039,316039,316049,10,0
316039,316039,316049,10,0
316039,316039,316051,12,0
316062,316062,316063,1,0
316062,316062,316063,1,0
316062,316062,316063,1,0
316062,316062,316063,1,0
316062,316062,316063,1,0
316062,316063,316064,1,1
316062,316062,316063,1,0
316062,316063,316064,1,1
316062,316062,316064,2,0
316062,316062,316064,2,0
316062,316062,316066,4,0
316062,316064,316065,1,2
316062,316064,316065,1,2
316062,316062,316065,3,0
316062,316064,316065,1,2
316062,316064,316066,2,2
316062,316064,316066,2,2
316062,316062,316066,4,0
316062,316064,316066,2,2
316062,316062,316066,4,0
316062,316062,316067,5,0
316062,316062,316066,4,0
316062,316066,316067,1,4
316062,316062,316067,5,0
316062,316062,316068,6,0
316062,316066,316068,2,4
316062,316062,316067,5,0
316062,316065,316067,2,3
316062,316066,316067,1,4
316062,316066,316067,1,4
316062,316067,316068,1,5
316062,316062,316068,6,0
316062,316066,316067,1,4
316062,316062,316068,6,0
316062,316062,316069,7,0
316062,316062,316068,6,0
316062,316062,316068,6,0
316062,316062,316068,6,0
316062,316062,316068,6,0
316062,316067,316068,1,5
316062,316067,316068,1,5
316062,316062,316068,6,0
316062,316062,316068,6,0
316062,316062,316068,6,0
316062,316068,316069,1,6
316062,316062,316068,6,0
316062,316067,316068,1,5
316062,316067,316068,1,5
316062,316067,316068,1,5
316062,316062,316069,7,0
316062,316062,316070,8,0
316062,316062,316069,7,0
316062,316062,316069,7,0
316062,316062,316070,8,0
316062,316068,316069,1,6
316062,316068,316069,1,6
316062,316068,316069,1,6
316062,316068,316069,1,6
316062,316068,316069,1,6
316062,316068,316069,1,6
316062,316068,316069,1,6
316062,316068,316069,1,6
316062,316062,316070,8,0
316062,316062,316070,8,0
316062,316069,316070,1,7
316062,316062,316070,8,0
316062,316069,316070,1,7
316062,316066,316070,4,4
316062,316068,316070,2,6
316062,316062,316071,9,0
316062,316062,316072,10,0
316062,316062,316072,10,0
316062,316062,316072,10,0
316062,316062,316072,10,0
316062,316062,316073,11,0
316062,316062,316073,11,0
316062,316062,316073,11,0
316062,316065,316074,9,3
316062,316066,316074,8,4
316085,316086,316087,1,1
316085,316086,316087,1,1
316085,316086,316087,1,1
316085,316086,316087,1,1
316085,316086,316087,1,1
316085,316086,316087,1,1
316085,316086,316088,2,1
316085,316087,316089,2,2
316085,316087,316089,2,2
316085,316087,316089,2,2
316085,316087,316089,2,2
316085,316087,316089,2,2
316085,316088,316090,2,3
316085,316086,316090,4,1
316085,316086,316090,4,1
316085,316089,316091,2,4
316085,316089,316090,1,4
316085,316086,316090,4,1
316085,316086,316091,5,1
316085,316086,316092,6,1
316085,316086,316091,5,1
316085,316086,316091,5,1
316085,316086,316091,5,1
316085,316086,316091,5,1
316085,316090,316091,1,5
316085,316090,316091,1,5
316085,316090,316091,1,5
316085,316090,316091,1,5
316085,316086,316091,5,1
316085,316086,316092,6,1
316085,316086,316092,6,1
316085,316091,316092,1,6
316085,316086,316092,6,1
316085,316092,316093,1,7
316085,316086,316092,6,1
316085,316091,316092,1,6
316085,316091,316092,1,6
316085,316091,316093,2,6
316085,316091,316092,1,6
316085,316092,316093,1,7
316085,316091,316093,2,6
316085,316091,316092,1,6
316085,316086,316093,7,1
316085,316086,316093,7,1
316085,316086,316094,8,1
316085,316092,316093,1,7
316085,316092,316093,1,7
316085,316093,316094,1,8
316085,316093,316094,1,8
316085,316092,316093,1,7
316085,316092,316093,1,7
316085,316086,316093,7,1
316085,316092,316093,1,7
316085,316093,316094,1,8
316085,316092,316093,1,7
316085,316092,316093,1,7
316085,316086,316094,8,1
316085,316086,316094,8,1
316085,316086,316094,8,1
316085,316086,316094,8,1
316085,316086,316094,8,1
316085,316086,316094,8,1
316085,316092,316094,2,7
316085,316093,316094,1,8
316085,316093,316094,1,8
316085,316093,316094,1,8
316085,316086,316095,9,1
316085,316086,316096,10,1
316085,316086,316096,10,1
316085,316086,316095,9,1
316085,316086,316096,10,1
316085,316086,316096,10,1
316085,316086,316096,10,1
316085,316086,316097,11,1
316085,316086,316099,13,1
316085,316086,316115,29,1
316085,316086,316118,32,1
316085,316086,316119,33,1
316085,316086,316121,35,1
316131,316131,316132,1,0
316131,316131,316133,2,0
316131,316131,316133,2,0
316131,316131,316133,2,0
316131,316131,316132,1,0
316131,316131,316133,2,0
316131,316131,316133,2,0
316131,316131,316135,4,0
316131,316133,316136,3,2
316131,316133,316136,3,2
316131,316133,316136,3,2
316131,316133,316136,3,2
316131,316133,316136,3,2
316131,316133,316136,3,2
316131,316132,316136,4,1
316131,316131,316137,6,0
316131,316131,316137,6,0
316131,316131,316136,5,0
316131,316131,316137,6,0
316131,316131,316137,6,0
316131,316131,316138,7,0
316131,316131,316137,6,0
316131,316131,316137,6,0
316131,316131,316137,6,0
316131,316136,316137,1,5
316131,316137,316138,1,6
316131,316137,316139,2,6
316131,316138,316139,1,7
316131,316137,316138,1,6
316131,316138,316139,1,7
316131,316131,316139,8,0
316131,316131,316139,8,0
316131,316131,316139,8,0
316131,316131,316139,8,0
316131,316131,316138,7,0
316131,316131,316139,8,0
316131,316131,316139,8,0
316131,316138,316140,2,7
316131,316138,316139,1,7
316131,316137,316139,2,6
316131,316137,316139,2,6
316131,316138,316139,1,7
316131,316131,316139,8,0
316131,316138,316139,1,7
316131,316138,316139,1,7
316131,316131,316139,8,0
316131,316137,316139,2,6
316131,316137,316139,2,6
316131,316139,316140,1,8
316131,316138,316139,1,7
316131,316138,316139,1,7
316131,316139,316140,1,8
316131,316139,316140,1,8
316131,316131,316140,9,0
316131,316131,316140,9,0
316131,316131,316140,9,0
316131,316138,316140,2,7
316131,316139,316140,1,8
316131,316131,316140,9,0
316131,316139,316140,1,8
316131,316131,316141,10,0
316131,316139,316141,2,8
316131,316140,316141,1,9
316131,316131,316141,10,0
316131,316140,316141,1,9
316131,316131,316141,10,0
316131,316131,316141,10,0
316131,316140,316141,1,9
316131,316131,316141,10,0
316131,316140,316141,1,9
316131,316131,316142,11,0
316131,316131,316143,12,0
316131,316131,316144,13,0
316131,316131,316144,13,0
316131,316131,316145,14,0
316131,316131,316150,19,0
316131,316131,316156,25,0
316131,316131,316157,26,0
316131,316131,316160,29,0
316171,316171,316172,1,0
316171,316171,316172,1,0
316171,316171,316172,1,0
316171,316171,316172,1,0
316171,316171,316172,1,0
316171,316171,316172,1,0
316171,316171,316172,1,0
316171,316171,316173,2,0
316171,316172,316174,2,1
316171,316172,316175,3,1
316171,316173,316175,2,2
316171,316174,316176,2,3
316171,316171,316176,5,0
316171,316173,316176,3,2
316171,316173,316176,3,2
316171,316173,316175,2,2
316171,316174,316176,2,3
316171,316171,316176,5,0
316171,316171,316177,6,0
316171,316171,316176,5,0
316171,316171,316177,6,0
316171,316173,316177,4,2
316171,316171,316176,5,0
316171,316171,316176,5,0
316171,316171,316177,6,0
316171,316175,316177,2,4
316171,316171,316177,6,0
316171,316171,316177,6,0
316171,316171,316177,6,0
316171,316176,316178,2,5
316171,316176,316178,2,5
316171,316176,316178,2,5
316171,316171,316177,6,0
316171,316176,316178,2,5
316171,316176,316178,2,5
316171,316176,316178,2,5
316171,316177,316178,1,6
316171,316171,316179,8,0
316171,316177,316179,2,6
316171,316177,316179,2,6
316171,316177,316179,2,6
316171,316177,316179,2,6
316171,316171,316179,8,0
316171,316176,316178,2,5
316171,316178,316179,1,7
316171,316177,316179,2,6
316171,316177,316179,2,6
316171,316177,316179,2,6
316171,316177,316178,1,6
316171,316178,316179,1,7
316171,316178,316179,1,7
316171,316177,316178,1,6
316171,316178,316179,1,7
316171,316171,316180,9,0
316171,316171,316179,8,0
316171,316171,316180,9,0
316171,316171,316180,9,0
316171,316171,316180,9,0
316171,316178,316179,1,7
316171,316178,316179,1,7
316171,316178,316179,1,7
316171,316171,316181,10,0
316171,316171,316180,9,0
316171,316171,316181,10,0
316171,316177,316181,4,6
316171,316171,316181,10,0
316171,316171,316182,11,0
316171,316171,316182,11,0
316171,316171,316181,10,0
316171,316171,316182,11,0
316171,316171,316182,11,0
316171,316171,316183,12,0
316171,316171,316182,11,0
316171,316171,316184,13,0
316171,316171,316185,14,0
316171,316171,316209,38,0
316171,316171,316214,43,0
316171,316171,316214,43,0
316171,316171,316219,48,0
316228,316228,316229,1,0
316228,316228,316229,1,0
316228,316228,316229,1,0
316228,316228,316230,2,0
316228,316228,316230,2,0
316228,316228,316229,1,0
316228,316228,316230,2,0
316228,316229,316231,2,1
316228,316228,316232,4,0
316228,316229,316232,3,1
316228,316228,316233,5,0
316228,316230,316233,3,2
316228,316229,316233,4,1
316228,316230,316233,3,2
316228,316230,316233,3,2
316228,316230,316233,3,2
316228,316228,316234,6,0
316228,316231,316234,3,3
316228,316228,316234,6,0
316228,316228,316234,6,0
316228,316228,316234,6,0
316228,316228,316234,6,0
316228,316228,316234,6,0
316228,316228,316234,6,0
316228,316228,316234,6,0
316228,316233,316234,1,5
316228,316228,316235,7,0
316228,316233,316235,2,5
316228,316234,316235,1,6
316228,316234,316236,2,6
316228,316228,316236,8,0
316228,316228,316236,8,0
316228,316228,316236,8,0
316228,316228,316236,8,0
316228,316228,316236,8,0
316228,316228,316236,8,0
316228,316228,316236,8,0
316228,316232,316236,4,4
316228,316228,316236,8,0
316228,316235,316236,1,7
316228,316235,316236,1,7
316228,316228,316236,8,0
316228,316234,316237,3,6
316228,316235,316236,1,7
316228,316235,316236,1,7
316228,316234,316236,2,6
316228,316234,316236,2,6
316228,316235,316236,1,7
316228,316235,316236,1,7
316228,316235,316236,1,7
316228,316235,316236,1,7
316228,316235,316236,1,7
316228,316235,316236,1,7
316228,316236,316237,1,8
316228,316228,316237,9,0
316228,316228,316237,9,0
316228,316228,316237,9,0
316228,316228,316237,9,0
316228,316228,316237,9,0
316228,316228,316237,9,0
316228,316236,316237,1,8
316228,316236,316237,1,8
316228,316236,316237,1,8
316228,316228,316238,10,0
316228,316228,316238,10,0
316228,316236,316238,2,8
316228,316228,316238,10,0
316228,316237,316238,1,9
316228,316236,316238,2,8
316228,316236,316238,2,8
316228,316228,316238,10,0
316228,316228,316239,11,0
316228,316236,316239,3,8
316228,316228,316238,10,0
316228,316228,316239,11,0
316228,316228,316240,12,0
316228,316228,316241,13,0
316228,316228,316241,13,0
316228,316228,316242,14,0
316253,316253,316255,2,0
316253,316253,316254,1,0
316253,316253,316254,1,0
316253,316253,316254,1,0
316253,316253,316254,1,0
316253,316253,316254,1,0
316253,316253,316255,2,0
316253,316253,316256,3,0
316253,316255,316256,1,2
316253,316255,316257,2,2
316253,316255,316256,1,2
316253,316255,316257,2,2
316253,316253,316258,5,0
316253,316253,316258,5,0
316253,316255,316258,3,2
316253,316253,316257,4,0
316253,316255,316258,3,2
316253,316253,316258,5,0
316253,316253,316258,5,0
316253,316253,316258,5,0
316253,316253,316259,6,0
316253,316253,316258,5,0
316253,316255,316258,3,2
316253,316253,316258,5,0
316253,316253,316258,5,0
316253,316253,316258,5,0
316253,316253,316258,5,0
316253,316253,316259,6,0
316253,316257,316259,2,4
316253,316253,316258,5,0
316253,316257,316259,2,4
316253,316253,316259,6,0
316253,316253,316260,7,0
316253,316253,316260,7,0
316253,316258,316260,2,5
316253,316258,316260,2,5
316253,316257,316260,3,4
316253,316257,316259,2,4
316253,316259,316260,1,6
316253,316258,316259,1,5
316253,316253,316259,6,0
316253,316258,316259,1,5
316253,316259,316260,1,6
316253,316253,316261,8,0
316253,316253,316260,7,0
316253,316259,316261,2,6
316253,316259,316260,1,6
316253,316260,316261,1,7
316253,316259,316261,2,6
316253,316259,316260,1,6
316253,316260,316261,1,7
316253,316259,316260,1,6
316253,316253,316260,7,0
316253,316259,316260,1,6
316253,316259,316260,1,6
316253,316259,316260,1,6
316253,316256,316261,5,3
316253,316253,316261,8,0
316253,316260,316262,2,7
316253,316253,316261,8,0
316253,316259,316262,3,6
316253,316259,316262,3,6
316253,316253,316261,8,0
316253,316253,316262,9,0
316253,316258,316263,5,5
316253,316253,316262,9,0
316253,316253,316263,10,0
316253,316253,316262,9,0
316253,316253,316263,10,0
316253,316259,316262,3,6
316253,316259,316262,3,6
316253,316260,316262,2,7
316253,316253,316263,10,0
316253,316253,316263,10,0
316253,316253,316263,10,0
316253,316253,316269,16,0
316253,316253,316270,17,0
316253,316253,316269,16,0
316253,316253,316272,19,0
316284,316284,316285,1,0
316284,316284,316285,1,0
316284,316284,316285,1,0
316284,316284,316285,1,0
316284,316284,316285,1,0
316284,316284,316285,1,0
316284,316284,316285,1,0
316284,316284,316287,3,0
316284,316284,316287,3,0
316284,316284,316288,4,0
316284,316284,316287,3,0
316284,316286,316288,2,2
316284,316286,316287,1,2
316284,316286,316288,2,2
316284,316284,316288,4,0
316284,316284,316288,4,0
316284,316284,316288,4,0
316284,316284,316288,4,0
316284,316284,316288,4,0
316284,316286,316288,2,2
316284,316284,316289,5,0
316284,316286,316288,2,2
316284,316284,316288,4,0
316284,316286,316288,2,2
316284,316284,316289,5,0
316284,316284,316289,5,0
316284,316284,316289,5,0
316284,316284,316289,5,0
316284,316284,316289,5,0
316284,316284,316289,5,0
316284,316284,316289,5,0
316284,316284,316289,5,0
316284,316286,316289,3,2
316284,316288,316289,1,4
316284,316288,316290,2,4
316284,316289,316290,1,5
316284,316284,316289,5,0
316284,316288,316289,1,4
316284,316284,316290,6,0
316284,316284,316290,6,0
316284,316284,316290,6,0
316284,316284,316290,6,0
316284,316284,316290,6,0
316284,316284,316290,6,0
316284,316284,316290,6,0
316284,316289,316291,2,5
316284,316290,316291,1,6
316284,316284,316290,6,0
316284,316289,316290,1,5
316284,316289,316290,1,5
316284,316289,316290,1,5
316284,316284,316290,6,0
316284,316289,316290,1,5
316284,316289,316290,1,5
316284,316290,316291,1,6
316284,316289,316290,1,5
316284,316289,316290,1,5
316284,316288,316290,2,4
316284,316288,316290,2,4
316284,316290,316291,1,6
316284,316284,316291,7,0
316284,316284,316291,7,0
316284,316289,316291,2,5
316284,316290,316292,2,6
316284,316288,316291,3,4
316284,316290,316292,2,6
316284,316290,316292,2,6
316284,316290,316291,1,6
316284,316290,316291,1,6
316284,316284,316292,8,0
316284,316284,316293,9,0
316284,316284,316293,9,0
316284,316289,316292,3,5
316284,316290,316292,2,6
316284,316290,316292,2,6
316284,316288,316292,4,4
316284,316284,316294,10,0
316284,316284,316294,10,0
316284,316284,316296,12,0
316307,316307,316308,1,0
316307,316307,316308,1,0
316307,316307,316308,1,0
316307,316307,316308,1,0
316307,316307,316309,2,0
316307,316307,316309,2,0
316307,316307,316309,2,0
316307,316309,316311,2,2
316307,316309,316310,1,2
316307,316309,316310,1,2
316307,316309,316310,1,2
316307,316308,316311,3,1
316307,316308,316311,3,1
316307,316307,316311,4,0
316307,316308,316311,3,1
316307,316307,316311,4,0
316307,316307,316311,4,0
316307,316310,316312,2,3
316307,316310,316311,1,3
316307,316308,316312,4,1
316307,316308,316312,4,1
316307,316307,316312,5,0
316307,316310,316312,2,3
316307,316307,316312,5,0
316307,316311,316312,1,4
316307,316307,316312,5,0
316307,316311,316312,1,4
316307,316311,316312,1,4
316307,316307,316312,5,0
316307,316311,316312,1,4
316307,316308,316313,5,1
316307,316308,316313,5,1
316307,316307,316313,6,0
316307,316307,316313,6,0
316307,316307,316313,6,0
316307,316308,316313,5,1
316307,316308,316313,5,1
316307,316307,316313,6,0
316307,316312,316313,1,5
316307,316307,316313,6,0
316307,316307,316313,6,0
316307,316312,316313,1,5
316307,316312,316313,1,5
316307,316312,316313,1,5
316307,316307,316314,7,0
316307,316307,316314,7,0
316307,316308,316314,6,1
316307,316307,316314,7,0
316307,316313,316314,1,6
316307,316313,316314,1,6
316307,316314,316315,1,7
316307,316307,316314,7,0
316307,316307,316314,7,0
316307,316313,316314,1,6
316307,316314,316315,1,7
316307,316307,316314,7,0
316307,316313,316314,1,6
316307,316313,316314,1,6
316307,316313,316314,1,6
316307,316313,316314,1,6
316307,316313,316314,1,6
316307,316314,316315,1,7
316307,316313,316316,3,6
316307,316312,316315,3,5
316307,316313,316315,2,6
316307,316312,316315,3,5
316307,316314,316316,2,7
316307,316307,316316,9,0
316307,316307,316316,9,0
316307,316308,316316,8,1
316307,316313,316317,4,6
316307,316314,316316,2,7
316307,316312,316316,4,5
316307,316312,316317,5,5
316307,316307,316318,11,0
316307,316307,316319,12,0
316307,316307,316318,11,0
316307,316307,316318,11,0
316307,316307,316320,13,0
316332,316332,316333,1,0
316332,316332,316333,1,0
316332,316332,316333,1,0
316332,316332,316334,2,0
316332,316332,316333,1,0
316332,316332,316333,1,0
316332,316332,316333,1,0
316332,316333,316335,2,1
316332,316333,316335,2,1
316332,316334,316335,1,2
316332,316332,316336,4,0
316332,316334,316336,2,2
316332,316332,316336,4,0
316332,316332,316336,4,0
316332,316332,316336,4,0
316332,316334,316337,3,2
316332,316332,316336,4,0
316332,316332,316337,5,0
316332,316335,316336,1,3
316332,316332,316337,5,0
316332,316334,316336,2,2
316332,316335,316337,2,3
316332,316335,316336,1,3
316332,316332,316337,5,0
316332,316332,316338,6,0
316332,316332,316338,6,0
316332,316332,316337,5,0
316332,316336,316338,2,4
316332,316334,316337,3,2
316332,316332,316337,5,0
316332,316332,316337,5,0
316332,316332,316337,5,0
316332,316332,316337,5,0
316332,316332,316337,5,0
316332,316336,316337,1,4
316332,316332,316338,6,0
316332,316332,316339,7,0
316332,316332,316339,7,0
316332,316332,316338,6,0
316332,316332,316338,6,0
316332,316332,316339,7,0
316332,316332,316338,6,0
316332,316338,316339,1,6
316332,316332,316338,6,0
316332,316332,316338,6,0
316332,316337,316339,2,5
316332,316337,316339,2,5
316332,316337,316339,2,5
316332,316337,316338,1,5
316332,316332,316339,7,0
316332,316337,316339,2,5
316332,316337,316338,1,5
316332,316337,316339,2,5
316332,316337,316339,2,5
316332,316332,316340,8,0
316332,316337,316339,2,5
316332,316337,316340,3,5
316332,316332,316339,7,0
316332,316338,316340,2,6
316332,316332,316340,8,0
316332,316338,316340,2,6
316332,316338,316339,1,6
316332,316338,316340,2,6
316332,316338,316339,1,6
316332,316338,316340,2,6
316332,316338,316341,3,6
316332,316338,316341,3,6
316332,316338,316341,3,6
316332,316332,316340,8,0
316332,316338,316340,2,6
316332,316332,316340,8,0
316332,316338,316340,2,6
316332,316332,316342,10,0
316332,316337,316342,5,5
316332,316332,316342,10,0
316332,316332,316344,12,0
316332,316332,316344,12,0
316332,316332,316345,13,0
316332,316332,316346,14,0
316357,316357,316358,1,0
316357,316357,316358,1,0
316357,316357,316359,2,0
316357,316357,316358,1,0
316357,316357,316359,2,0
316357,316357,316359,2,0
316357,316357,316359,2,0
316357,316358,316360,2,1
316357,316357,316361,4,0
316357,316357,316360,3,0
316357,316359,316361,2,2
316357,316357,316361,4,0
316357,316359,316361,2,2
316357,316359,316361,2,2
316357,316359,316361,2,2
316357,316359,316361,2,2
316357,316357,316362,5,0
316357,316357,316362,5,0
316357,316357,316362,5,0
316357,316359,316361,2,2
316357,316361,316362,1,4
316357,316361,316362,1,4
316357,316357,316362,5,0
316357,316361,316362,1,4
316357,316361,316362,1,4
316357,316360,316362,2,3
316357,316361,316362,1,4
316357,316357,316363,6,0
316357,316357,316363,6,0
316357,316357,316363,6,0
316357,316357,316363,6,0
316357,316361,316363,2,4
316357,316357,316363,6,0
316357,316357,316362,5,0
316357,316357,316362,5,0
316357,316361,316362,1,4
316357,316362,316363,1,5
316357,316357,316363,6,0
316357,316357,316362,5,0
316357,316357,316364,7,0
316357,316357,316364,7,0
316357,316357,316364,7,0
316357,316357,316364,7,0
316357,316357,316364,7,0
316357,316357,316364,7,0
316357,316357,316363,6,0
316357,316357,316363,6,0
316357,316357,316363,6,0
316357,316362,316364,2,5
316357,316362,316364,2,5
316357,316362,316364,2,5
316357,316357,316363,6,0
316357,316357,316364,7,0
316357,316362,316364,2,5
316357,316362,316363,1,5
316357,316362,316363,1,5
316357,316362,316364,2,5
316357,316362,316364,2,5
316357,316357,316364,7,0
316357,316362,316365,3,5
316357,316363,316365,2,6
316357,316361,316365,4,4
316357,316363,316365,2,6
316357,316363,316364,1,6
316357,316363,316365,2,6
316357,316357,316366,9,0
316357,316362,316365,3,5
316357,316363,316365,2,6
316357,316363,316366,3,6
316357,316357,316366,9,0
316357,316357,316366,9,0
316357,316357,316366,9,0
316357,316357,316367,10,0
316357,316363,316367,4,6
316357,316363,316367,4,6
316357,316357,316368,11,0
316357,316357,316368,11,0
316357,316357,316367,10,0
316357,316357,316373,16,0
316384,316384,316385,1,0
316384,316384,316385,1,0
316384,316384,316385,1,0
316384,316384,316386,2,0
316384,316384,316385,1,0
316384,316384,316385,1,0
316384,316384,316386,2,0
316384,316386,316388,2,2
316384,316386,316387,1,2
316384,316386,316387,1,2
316384,316384,316388,4,0
316384,316384,316388,4,0
316384,316384,316389,5,0
316384,316385,316388,3,1
316384,316384,316389,5,0
316384,316386,316389,3,2
316384,316387,316389,2,3
316384,316384,316389,5,0
316384,316384,316389,5,0
316384,316384,316389,5,0
316384,316384,316389,5,0
316384,316385,316389,4,1
316384,316384,316390,6,0
316384,316389,316390,1,5
316384,316384,316389,5,0
316384,316389,316390,1,5
316384,316389,316390,1,5
316384,316389,316390,1,5
316384,316384,316390,6,0
316384,316384,316389,5,0
316384,316388,316390,2,4
316384,316389,316390,1,5
316384,316384,316389,5,0
316384,316388,316389,1,4
316384,316389,316390,1,5
316384,316389,316390,1,5
316384,316388,316389,1,4
316384,316384,316390,6,0
316384,316384,316391,7,0
316384,316384,316390,6,0
316384,316384,316391,7,0
316384,316384,316390,6,0
316384,316384,316391,7,0
316384,316389,316391,2,5
316384,316389,316391,2,5
316384,316384,316391,7,0
316384,316389,316390,1,5
316384,316389,316390,1,5
316384,316390,316391,1,6
316384,316390,316391,1,6
316384,316390,316391,1,6
316384,316390,316391,1,6
316384,316390,316391,1,6
316384,316384,316391,7,0
316384,316384,316391,7,0
316384,316389,316391,2,5
316384,316384,316391,7,0
316384,316384,316392,8,0
316384,316384,316392,8,0
316384,316384,316392,8,0
316384,316390,316392,2,6
316384,316390,316392,2,6
316384,316390,316392,2,6
316384,316390,316391,1,6
316384,316390,316391,1,6
316384,316390,316392,2,6
316384,316390,316392,2,6
316384,316390,316392,2,6
316384,316384,316393,9,0
316384,316384,316393,9,0
316384,316384,316392,8,0
316384,316384,316392,8,0
316384,316384,316394,10,0
316384,316384,316394,10,0
316384,316384,316394,10,0
316384,316384,316394,10,0
316384,316384,316394,10,0
316384,316384,316395,11,0
316384,316384,316395,11,0
316406,316406,316407,1,0
316406,316406,316407,1,0
316406,316406,316407,1,0
316406,316406,316407,1,0
316406,316406,316407,1,0
316406,316406,316407,1,0
316406,316406,316408,2,0
316406,316406,316409,3,0
316406,316408,316409,1,2
316406,316408,316409,1,2
316406,316406,316411,5,0
316406,316406,316411,5,0
316406,316407,316411,4,1
316406,316406,316410,4,0
316406,316408,316410,2,2
316406,316408,316410,2,2
316406,316406,316411,5,0
316406,316406,316410,4,0
316406,316408,316411,3,2
316406,316409,316410,1,3
316406,316406,316412,6,0
316406,316406,316412,6,0
316406,316406,316411,5,0
316406,316406,316411,5,0
316406,316411,316412,1,5
316406,316406,316411,5,0
316406,316410,316411,1,4
316406,316410,316412,2,4
316406,316406,316412,6,0
316406,316406,316412,6,0
316406,316406,316412,6,0
316406,316406,316412,6,0
316406,316410,316412,2,4
316406,316406,316412,6,0
316406,316406,316413,7,0
316406,316406,316412,6,0
316406,316411,316412,1,5
316406,316411,316413,2,5
316406,316406,316412,6,0
316406,316406,316412,6,0
316406,316412,316413,1,6
316406,316406,316413,7,0
316406,316406,316413,7,0
316406,316411,316412,1,5
316406,316411,316412,1,5
316406,316411,316413,2,5
316406,316411,316412,1,5
316406,316411,316412,1,5
316406,316406,316413,7,0
316406,316406,316414,8,0
316406,316406,316413,7,0
316406,316406,316414,8,0
316406,316406,316413,7,0
316406,316411,316414,3,5
316406,316412,316414,2,6
316406,316412,316413,1,6
316406,316412,316413,1,6
316406,316412,316413,1,6
316406,316413,316414,1,7
316406,316412,316413,1,6
316406,316412,316413,1,6
316406,316413,316414,1,7
316406,316412,316414,2,6
316406,316406,316414,8,0
316406,316406,316414,8,0
316406,316413,316414,1,7
316406,316406,316414,8,0
316406,316411,316414,3,5
316406,316413,316415,2,7
316406,316406,316415,9,0
316406,316406,316415,9,0
316406,316406,316415,9,0
316406,316413,316415,2,7
316406,316413,316415,2,7
316406,316413,316415,2,7
316406,316406,316416,10,0
316406,316406,316417,11,0
316406,316406,316417,11,0
316406,316406,316418,12,0
316430,316430,316431,1,0
316430,316430,316431,1,0
316430,316430,316431,1,0
316430,316430,316432,2,0
316430,316430,316432,2,0
316430,316430,316431,1,0
316430,316430,316431,1,0
316430,316430,316434,4,0
316430,316433,316434,1,3
316430,316430,316435,5,0
316430,316431,316435,4,1
316430,316430,316435,5,0
316430,316430,316435,5,0
316430,316432,316435,3,2
316430,316430,316436,6,0
316430,316433,316435,2,3
316430,316433,316435,2,3
316430,316432,316435,3,2
316430,316433,316435,2,3
316430,316430,316436,6,0
316430,316430,316436,6,0
316430,316432,316436,4,2
316430,316430,316436,6,0
316430,316430,316436,6,0
316430,316435,316436,1,5
316430,316430,316436,6,0
316430,316430,316436,6,0
316430,316436,316437,1,6
316430,316430,316436,6,0
316430,316430,316436,6,0
316430,316430,316437,7,0
316430,316430,316437,7,0
316430,316430,316437,7,0
316430,316430,316437,7,0
316430,316430,316437,7,0
316430,316436,316437,1,6
316430,316437,316438,1,7
316430,316430,316438,8,0
316430,316436,316437,1,6
316430,316436,316437,1,6
316430,316436,316438,2,6
316430,316435,316437,2,5
316430,316436,316437,1,6
316430,316436,316437,1,6
316430,316436,316437,1,6
316430,316430,316438,8,0
316430,316431,316438,7,1
316430,316436,316438,2,6
316430,316430,316438,8,0
316430,316430,316438,8,0
316430,316436,316438,2,6
316430,316437,316438,1,7
316430,316438,316439,1,8
316430,316438,316439,1,8
316430,316437,316438,1,7
316430,316437,316439,2,7
316430,316437,316438,1,7
316430,316437,316438,1,7
316430,316437,316438,1,7
316430,316437,316438,1,7
316430,316437,316438,1,7
316430,316430,316439,9,0
316430,316430,316439,9,0
316430,316438,316439,1,8
316430,316430,316439,9,0
316430,316438,316439,1,8
316430,316437,316440,3,7
316430,316438,316440,2,8
316430,316430,316440,10,0
316430,316430,316440,10,0
316430,316431,316440,9,1
316430,316430,316440,10,0
316430,316437,316440,3,7
316430,316430,316441,11,0
316430,316431,316442,11,1
316430,316430,316444,14,0
316430,316430,316445,15,0
316430,316431,316446,15,1
316430,316430,316447,17,0
316458,316459,316460,1,1
316458,316459,316460,1,1
316458,316459,316460,1,1
316458,316459,316460,1,1
316458,316459,316460,1,1
316458,316459,316460,1,1
316458,316459,316461,2,1
316458,316459,316462,3,1
316458,316460,316462,2,2
316458,316461,316463,2,3
316458,316461,316462,1,3
316458,316461,316463,2,3
316458,316461,316462,1,3
316458,316461,316463,2,3
316458,316459,316463,4,1
316458,316459,316463,4,1
316458,316459,316463,4,1
316458,316459,316463,4,1
316458,316463,316464,1,5
316458,316459,316463,4,1
316458,316462,316463,1,4
316458,316459,316464,5,1
316458,316459,316464,5,1
316458,316463,316464,1,5
316458,316459,316464,5,1
316458,316464,316465,1,6
316458,316459,316464,5,1
316458,316463,316464,1,5
316458,316463,316464,1,5
316458,316459,316464,5,1
316458,316463,316464,1,5
316458,316459,316465,6,1
316458,316459,316465,6,1
316458,316459,316465,6,1
316458,316459,316465,6,1
316458,316463,316465,2,5
316458,316464,316465,1,6
316458,316459,316465,6,1
316458,316459,316465,6,1
316458,316459,316465,6,1
316458,316464,316465,1,6
316458,316459,316466,7,1
316458,316459,316466,7,1
316458,316464,316467,3,6
316458,316463,316466,3,5
316458,316464,316466,2,6
316458,316459,316466,7,1
316458,316465,316466,1,7
316458,316466,316467,1,8
316458,316459,316466,7,1
316458,316466,316467,1,8
316458,316459,316466,7,1
316458,316465,316466,1,7
316458,316465,316466,1,7
316458,316465,316466,1,7
316458,316465,316466,1,7
316458,316465,316466,1,7
316458,316465,316466,1,7
316458,316465,316466,1,7
316458,316459,316467,8,1
316458,316459,316467,8,1
316458,316464,316467,3,6
316458,316465,316467,2,7
316458,316459,316467,8,1
316458,316459,316467,8,1
316458,316465,316467,2,7
316458,316466,316468,2,8
316458,316464,316467,3,6
316458,316459,316467,8,1
316458,316459,316468,9,1
316458,316459,316468,9,1
316458,316466,316468,2,8
316458,316459,316469,10,1
316458,316459,316470,11,1
316458,316459,316469,10,1
316458,316459,316470,11,1
316458,316459,316471,12,1
316458,316459,316472,13,1
316458,316459,316474,15,1
316485,316485,316486,1,0
316485,316485,316486,1,0
316485,316485,316486,1,0
316485,316485,316486,1,0
316485,316485,316486,1,0
316485,316485,316486,1,0
316485,316485,316487,2,0
316485,316485,316487,2,0
316485,316487,316489,2,2
316485,316487,316489,2,2
316485,316487,316488,1,2
316485,316487,316489,2,2
316485,316488,316489,1,3
316485,316485,316490,5,0
316485,316487,316489,2,2
316485,316485,316490,5,0
316485,316485,316490,5,0
316485,316487,316489,2,2
316485,316485,316490,5,0
316485,316485,316490,5,0
316485,316485,316490,5,0
316485,316485,316490,5,0
316485,316485,316491,6,0
316485,316489,316490,1,4
316485,316489,316490,1,4
316485,316489,316491,2,4
316485,316490,316491,1,5
316485,316489,316491,2,4
316485,316489,316491,2,4
316485,316485,316492,7,0
316485,316485,316491,6,0
316485,316485,316492,7,0
316485,316490,316491,1,5
316485,316485,316492,7,0
316485,316488,316491,3,3
316485,316485,316492,7,0
316485,316485,316491,6,0
316485,316485,316492,7,0
316485,316491,316492,1,6
316485,316491,316492,1,6
316485,316485,316492,7,0
316485,316490,316491,1,5
316485,316491,316492,1,6
316485,316485,316492,7,0
316485,316490,316493,3,5
316485,316485,316492,7,0
316485,316485,316492,7,0
316485,316491,316493,2,6
316485,316485,316492,7,0
316485,316492,316493,1,7
316485,316485,316492,7,0
316485,316485,316493,8,0
316485,316491,316492,1,6
316485,316491,316492,1,6
316485,316491,316493,2,6
316485,316491,316493,2,6
316485,316485,316494,9,0
316485,316485,316493,8,0
316485,316485,316493,8,0
316485,316491,316493,2,6
316485,316491,316493,2,6
316485,316485,316493,8,0
316485,316490,316493,3,5
316485,316485,316494,9,0
316485,316492,316493,1,7
316485,316492,316493,1,7
316485,316485,316493,8,0
316485,316491,316494,3,6
316485,316492,316494,2,7
316485,316492,316494,2,7
316485,316492,316494,2,7
316485,316485,316494,9,0
316485,316485,316494,9,0
316485,316485,316495,10,0
316485,316485,316495,10,0
316485,316485,316496,11,0
316485,316485,316497,12,0
316485,316485,316502,17,0
316485,316485,316504,19,0
316515,316515,316516,1,0
316515,316515,316516,1,0
316515,316515,316516,1,0
316515,316515,316517,2,0
316515,316515,316517,2,0
316515,316515,316517,2,0
316515,316515,316518,3,0
316515,316517,316518,1,2
316515,316517,316519,2,2
316515,316518,316519,1,3
316515,316516,316519,3,1
316515,316516,316519,3,1
316515,316517,316519,2,2
316515,316519,316520,1,4
316515,316518,316519,1,3
316515,316516,316520,4,1
316515,316518,316520,2,3
316515,316516,316520,4,1
316515,316516,316520,4,1
316515,316516,316520,4,1
316515,316516,316520,4,1
316515,316516,316521,5,1
316515,316515,316521,6,0
316515,316516,316521,5,1
316515,316516,316521,5,1
316515,316520,316521,1,5
316515,316521,316522,1,6
316515,316516,316521,5,1
316515,316520,316522,2,5
316515,316516,316521,5,1
316515,316520,316521,1,5
316515,316516,316522,6,1
316515,316516,316522,6,1
316515,316516,316523,7,1
316515,316521,316522,1,6
316515,316522,316523,1,7
316515,316520,316522,2,5
316515,316516,316522,6,1
316515,316516,316522,6,1
316515,316520,316522,2,5
316515,316520,316522,2,5
316515,316522,316523,1,7
316515,316516,316522,6,1
316515,316520,316522,2,5
316515,316522,316523,1,7
316515,316516,316523,7,1
316515,316521,316523,2,6
316515,316516,316523,7,1
316515,316516,316523,7,1
316515,316516,316523,7,1
316515,316521,316523,2,6
316515,316516,316523,7,1
316515,316520,316523,3,5
316515,316516,316523,7,1
316515,316516,316524,8,1
316515,316521,316523,2,6
316515,316521,316523,2,6
316515,316523,316524,1,8
316515,316516,316523,7,1
316515,316516,316524,8,1
316515,316522,316523,1,7
316515,316522,316523,1,7
316515,316522,316523,1,7
316515,316522,316523,1,7
316515,316522,316523,1,7
316515,316516,316524,8,1
316515,316522,316524,2,7
316515,316523,316524,1,8
316515,316522,316524,2,7
316515,316516,316524,8,1
316515,316516,316526,10,1
316515,316516,316526,10,1
316515,316516,316527,11,1
316515,316516,316527,11,1
316515,316516,316527,11,1
316515,316516,316530,14,1
316515,316516,316530,14,1
316542,316542,316543,1,0
316542,316542,316544,2,0
316542,316542,316543,1,0
316542,316542,316543,1,0
316542,316542,316544,2,0
316542,316542,316544,2,0
316542,316542,316544,2,0
316542,316543,316545,2,1
316542,316542,316546,4,0
316542,316542,316546,4,0
316542,316542,316546,4,0
316542,316542,316545,3,0
316542,316544,316546,2,2
316542,316544,316546,2,2
316542,316544,316546,2,2
316542,316544,316546,2,2
316542,316542,316547,5,0
316542,316544,316547,3,2
316542,316544,316546,2,2
316542,316545,316546,1,3
316542,316546,316547,1,4
316542,316542,316548,6,0
316542,316542,316548,6,0
316542,316546,316548,2,4
316542,316542,316548,6,0
316542,316546,316547,1,4
316542,316542,316548,6,0
316542,316546,316547,1,4
316542,316542,316548,6,0
316542,316542,316549,7,0
316542,316542,316549,7,0
316542,316542,316549,7,0
316542,316547,316549,2,5
316542,316542,316549,7,0
316542,316546,316549,3,4
316542,316542,316549,7,0
316542,316546,316548,2,4
316542,316546,316549,3,4
316542,316542,316549,7,0
316542,316542,316549,7,0
316542,316547,316549,2,5
316542,316547,316549,2,5
316542,316542,316549,7,0
316542,316542,316549,7,0
316542,316542,316549,7,0
316542,316547,316549,2,5
316542,316548,316549,1,6
316542,316542,316549,7,0
316542,316547,316550,3,5
316542,316542,316550,8,0
316542,316542,316550,8,0
316542,316542,316550,8,0
316542,316549,316550,1,7
316542,316542,316550,8,0
316542,316548,316550,2,6
316542,316549,316550,1,7
316542,316542,316550,8,0
316542,316548,316550,2,6
316542,316549,316550,1,7
316542,316548,316550,2,6
316542,316542,316551,9,0
316542,316549,316551,2,7
316542,316542,316551,9,0
316542,316542,316551,9,0
316542,316542,316551,9,0
316542,316548,316551,3,6
316542,316548,316550,2,6
316542,316542,316551,9,0
316542,316542,316551,9,0
316542,316542,316551,9,0
316542,316549,316551,2,7
316542,316549,316551,2,7
316542,316549,316551,2,7
316542,316542,316552,10,0
316542,316542,316552,10,0
316542,316548,316552,4,6
316542,316549,316551,2,7
316542,316542,316553,11,0
316542,316542,316556,14,0
316568,316568,316569,1,0
316568,316568,316569,1,0
316568,316568,316569,1,0
316568,316568,316569,1,0
316568,316568,316569,1,0
316568,316568,316569,1,0
316568,316568,316570,2,0
316568,316568,316572,4,0
316568,316570,316572,2,2
316568,316570,316572,2,2
316568,316570,316572,2,2
316568,316570,316572,2,2
316568,316570,316572,2,2
316568,316568,316572,4,0
316568,316568,316572,4,0
316568,316568,316573,5,0
316568,316572,316573,1,4
316568,316570,316572,2,2
316568,316571,316572,1,3
316568,316568,316574,6,0
316568,316568,316574,6,0
316568,316572,316574,2,4
316568,316572,316573,1,4
316568,316572,316574,2,4
316568,316568,316574,6,0
316568,316568,316574,6,0
316568,316568,316574,6,0
316568,316572,316574,2,4
316568,316568,316575,7,0
316568,316568,316574,6,0
316568,316568,316575,7,0
316568,316568,316575,7,0
316568,316568,316574,6,0
316568,316572,316575,3,4
316568,316568,316574,6,0
316568,316568,316575,7,0
316568,316568,316575,7,0
316568,316568,316574,6,0
316568,316568,316575,7,0
316568,316568,316574,6,0
316568,316568,316575,7,0
316568,316568,316574,6,0
316568,316573,316575,2,5
316568,316568,316574,6,0
316568,316573,316575,2,5
316568,316574,316575,1,6
316568,316573,316575,2,5
316568,316568,316576,8,0
316568,316568,316575,7,0
316568,316568,316576,8,0
316568,316568,316576,8,0
316568,316574,316575,1,6
316568,316573,316576,3,5
316568,316574,316575,1,6
316568,316568,316576,8,0
316568,316574,316576,2,6
316568,316574,316576,2,6
316568,316574,316576,2,6
316568,316574,316576,2,6
316568,316568,316577,9,0
316568,316573,316577,4,5
316568,316573,316576,3,5
316568,316574,316577,3,6
316568,316575,316577,2,7
316568,316575,316577,2,7
316568,316574,316577,3,6
316568,316575,316577,2,7
316568,316568,316576,8,0
316568,316575,316577,2,7
316568,316568,316576,8,0
316568,316568,316577,9,0
316568,316568,316578,10,0
316568,316568,316577,9,0
316568,316575,316578,3,7
316568,316575,316577,2,7
316568,316568,316577,9,0
316568,316575,316577,2,7
316568,316568,316578,10,0
316568,316568,316587,19,0
316598,316598,316599,1,0
316598,316598,316600,2,0
316598,316598,316600,2,0
316598,316598,316600,2,0
316598,316598,316600,2,0
316598,316598,316600,2,0
316598,316598,316600,2,0
316598,316600,316601,1,2
316598,316600,316601,1,2
316598,316601,316602,1,3
316598,316599,316602,3,1
316598,316601,316602,1,3
316598,316601,316602,1,3
316598,316601,316603,2,3
316598,316599,316602,3,1
316598,316599,316603,4,1
316598,316599,316603,4,1
316598,316599,316604,5,1
316598,316599,316603,4,1
316598,316602,316603,1,4
316598,316599,316604,5,1
316598,316599,316603,4,1
316598,316601,316603,2,3
316598,316599,316604,5,1
316598,316599,316604,5,1
316598,316599,316604,5,1
316598,316598,316604,6,0
316598,316598,316605,7,0
316598,316599,316604,5,1
316598,316599,316604,5,1
316598,316598,316605,7,0
316598,316603,316604,1,5
316598,316603,316604,1,5
316598,316603,316604,1,5
316598,316602,316604,2,4
316598,316603,316605,2,5
316598,316605,316606,1,7
316598,316598,316605,7,0
316598,316598,316606,8,0
316598,316604,316605,1,6
316598,316605,316606,1,7
316598,316604,316605,1,6
316598,316604,316605,1,6
316598,316605,316606,1,7
316598,316598,316605,7,0
316598,316603,316605,2,5
316598,316604,316606,2,6
316598,316605,316606,1,7
316598,316604,316605,1,6
316598,316604,316605,1,6
316598,316605,316606,1,7
316598,316598,316606,8,0
316598,316599,316606,7,1
316598,316598,316606,8,0
316598,316599,316606,7,1
316598,316599,316606,7,1
316598,316598,316606,8,0
316598,316599,316606,7,1
316598,316598,316606,8,0
316598,316599,316606,7,1
316598,316604,316607,3,6
316598,316598,316606,8,0
316598,316603,316606,3,5
316598,316605,316606,1,7
316598,316605,316606,1,7
316598,316605,316606,1,7
316598,316605,316606,1,7
316598,316598,316607,9,0
316598,316599,316607,8,1
316598,316604,316607,3,6
316598,316605,316608,3,7
316598,316599,316607,8,1
316598,316605,316607,2,7
316598,316598,316608,10,0
316598,316605,316608,3,7
316598,316599,316609,10,1
316598,316599,316608,9,1
316598,316598,316610,12,0
316598,316599,316610,11,1
316622,316622,316623,1,0
316622,316622,316623,1,0
316622,316622,316624,2,0
316622,316622,316623,1,0
316622,316622,316624,2,0
316622,316622,316623,1,0
316622,316622,316624,2,0
316622,316622,316626,4,0
316622,316622,316626,4,0
316622,316624,316626,2,2
316622,316624,316626,2,2
316622,316624,316626,2,2
316622,316622,316626,4,0
316622,316623,316625,2,1
316622,316624,316626,2,2
316622,316624,316626,2,2
316622,316624,316626,2,2
316622,316622,316626,4,0
316622,316622,316627,5,0
316622,316622,316627,5,0
316622,316622,316627,5,0
316622,316622,316627,5,0
316622,316622,316627,5,0
316622,316622,316626,4,0
316622,316622,316627,5,0
316622,316622,316628,6,0
316622,316626,316627,1,4
316622,316622,316628,6,0
316622,316626,316628,2,4
316622,316622,316627,5,0
316622,316626,316628,2,4
316622,316626,316628,2,4
316622,316622,316628,6,0
316622,316626,316628,2,4
316622,316626,316628,2,4
316622,316627,316628,1,5
316622,316622,316628,6,0
316622,316622,316628,6,0
316622,316622,316628,6,0
316622,316622,316628,6,0
316622,316622,316628,6,0
316622,316622,316629,7,0
316622,316622,316629,7,0
316622,316626,316629,3,4
316622,316626,316628,2,4
316622,316627,316629,2,5
316622,316627,316629,2,5
316622,316628,316629,1,6
316622,316628,316629,1,6
316622,316628,316629,1,6
316622,316628,316629,1,6
316622,316627,316629,2,5
316622,316628,316629,1,6
316622,316622,316629,7,0
316622,316627,316629,2,5
316622,316628,316629,1,6
316622,316622,316630,8,0
316622,316627,316630,3,5
316622,316626,316630,4,4
316622,316622,316630,8,0
316622,316628,316630,2,6
316622,316626,316629,3,4
316622,316627,316630,3,5
316622,316622,316630,8,0
316622,316628,316630,2,6
316622,316622,316630,8,0
316622,316628,316630,2,6
316622,316622,316630,8,0
316622,316628,316630,2,6
316622,316622,316631,9,0
316622,316622,316630,8,0
316622,316622,316631,9,0
316622,316622,316630,8,0
316622,316627,316630,3,5
316622,316622,316630,8,0
316622,316622,316631,9,0
316622,316622,316631,9,0
316622,316622,316632,10,0
316622,316622,316633,11,0
316644,316644,316646,2,0
316644,316644,316645,1,0
316644,316644,316645,1,0
316644,316644,316645,1,0
316644,316644,316645,1,0
316644,316644,316645,1,0
316644,316644,316647,3,0
316644,316646,316648,2,2
316644,316646,316648,2,2
316644,316646,316648,2,2
316644,316646,316648,2,2
316644,316646,316648,2,2
316644,316644,316649,5,0
316644,316644,316649,5,0
316644,316644,316649,5,0
316644,316644,316649,5,0
316644,316646,316649,3,2
316644,316647,316649,2,3
316644,316644,316650,6,0
316644,316644,316650,6,0
316644,316644,316650,6,0
316644,316644,316650,6,0
316644,316644,316650,6,0
316644,316648,316650,2,4
316644,316644,316650,6,0
316644,316644,316650,6,0
316644,316648,316650,2,4
316644,316644,316650,6,0
316644,316648,316650,2,4
316644,316644,316650,6,0
316644,316648,316650,2,4
316644,316644,316650,6,0
316644,316648,316649,1,4
316644,316644,316651,7,0
316644,316644,316650,6,0
316644,316644,316651,7,0
316644,316644,316651,7,0
316644,316644,316651,7,0
316644,316644,316651,7,0
316644,316650,316651,1,6
316644,316650,316651,1,6
316644,316644,316651,7,0
316644,316650,316651,1,6
316644,316644,316650,6,0
316644,316650,316651,1,6
316644,316644,316651,7,0
316644,316650,316651,1,6
316644,316644,316651,7,0
316644,316649,316651,2,5
316644,316644,316652,8,0
316644,316644,316652,8,0
316644,316644,316652,8,0
316644,316644,316652,8,0
316644,316644,316652,8,0
316644,316644,316652,8,0
316644,316651,316652,1,7
316644,316649,316652,3,5
316644,316651,316652,1,7
316644,316651,316652,1,7
316644,316651,316652,1,7
316644,316644,316652,8,0
316644,316644,316653,9,0
316644,316644,316653,9,0
316644,316649,316653,4,5
316644,316649,316653,4,5
316644,316650,316653,3,6
316644,316650,316654,4,6
316644,316650,316654,4,6
316644,316650,316654,4,6
316644,316644,316654,10,0
316644,316649,316654,5,5
316644,316649,316653,4,5
316644,316651,316654,3,7
316644,316644,316654,10,0
316644,316651,316653,2,7
316644,316644,316654,10,0
316644,316644,316658,14,0
316669,316669,316670,1,0
316669,316669,316670,1,0
316669,316669,316670,1,0
316669,316669,316671,2,0
316669,316669,316671,2,0
316669,316669,316670,1,0
316669,316669,316673,4,0
316669,316669,316673,4,0
316669,316671,316673,2,2
316669,316671,316673,2,2
316669,316671,316673,2,2
316669,316671,316673,2,2
316669,316671,316673,2,2
316669,316671,316673,2,2
316669,316669,316673,4,0
316669,316669,316674,5,0
316669,316669,316674,5,0
316669,316669,316674,5,0
316669,316669,316674,5,0
316669,316673,316674,1,4
316669,316673,316674,1,4
316669,316669,316675,6,0
316669,316669,316675,6,0
316669,316669,316675,6,0
316669,316669,316675,6,0
316669,316669,316674,5,0
316669,316669,316675,6,0
316669,316673,316674,1,4
316669,316669,316675,6,0
316669,316669,316675,6,0
316669,316673,316675,2,4
316669,316669,316675,6,0
316669,316673,316675,2,4
316669,316669,316676,7,0
316669,316673,316676,3,4
316669,316673,316676,3,4
316669,316674,316676,2,5
316669,316669,316676,7,0
316669,316669,316676,7,0
316669,316669,316676,7,0
316669,316675,316676,1,6
316669,316674,316676,2,5
316669,316674,316676,2,5
316669,316669,316676,7,0
316669,316675,316676,1,6
316669,316675,316677,2,6
316669,316675,316676,1,6
316669,316676,316677,1,7
316669,316669,316677,8,0
316669,316669,316677,8,0
316669,316675,316677,2,6
316669,316669,316677,8,0
316669,316669,316677,8,0
316669,316669,316677,8,0
316669,316669,316677,8,0
316669,316674,316677,3,5
316669,316674,316677,3,5
316669,316675,316677,2,6
316669,316675,316677,2,6
316669,316669,316677,8,0
316669,316675,316676,1,6
316669,316676,316677,1,7
316669,316676,316677,1,7
316669,316669,316677,8,0
316669,316676,316677,1,7
316669,316669,316678,9,0
316669,316669,316678,9,0
316669,316673,316678,5,4
316669,316669,316678,9,0
316669,316675,316677,2,6
316669,316674,316678,4,5
316669,316676,316678,2,7
316669,316669,316678,9,0
316669,316669,316678,9,0
316669,316675,316679,4,6
316669,316669,316679,10,0
316669,316669,316680,11,0
316669,316669,316680,11,0
316669,316669,316681,12,0
316694,316694,316695,1,0
316694,316694,316695,1,0
316694,316694,316695,1,0
316694,316694,316695,1,0
316694,316694,316695,1,0
316694,316694,316695,1,0
316694,316694,316697,3,0
316694,316695,316696,1,1
316694,316695,316696,1,1
316694,316695,316696,1,1
316694,316696,316697,1,2
316694,316694,316699,5,0
316694,316694,316698,4,0
316694,316696,316698,2,2
316694,316697,316699,2,3
316694,316697,316698,1,3
316694,316694,316699,5,0
316694,316694,316699,5,0
316694,316694,316699,5,0
316694,316694,316699,5,0
316694,316694,316700,6,0
316694,316697,316699,2,3
316694,316697,316699,2,3
316694,316698,316699,1,4
316694,316696,316699,3,2
316694,316699,316700,1,5
316694,316699,316700,1,5
316694,316694,316701,7,0
316694,316694,316700,6,0
316694,316694,316701,7,0
316694,316694,316700,6,0
316694,316694,316701,7,0
316694,316694,316700,6,0
316694,316694,316700,6,0
316694,316699,316700,1,5
316694,316694,316700,6,0
316694,316700,316701,1,6
316694,316694,316700,6,0
316694,316694,316701,7,0
316694,316700,316701,1,6
316694,316694,316700,6,0
316694,316694,316700,6,0
316694,316694,316700,6,0
316694,316694,316700,6,0
316694,316700,316701,1,6
316694,316694,316701,7,0
316694,316700,316702,2,6
316694,316694,316702,8,0
316694,316699,316701,2,5
316694,316694,316701,7,0
316694,316694,316701,7,0
316694,316694,316701,7,0
316694,316700,316701,1,6
316694,316694,316702,8,0
316694,316699,316701,2,5
316694,316694,316702,8,0
316694,316700,316702,2,6
316694,316694,316701,7,0
316694,316700,316701,1,6
316694,316700,316701,1,6
316694,316700,316701,1,6
316694,316694,316702,8,0
316694,316694,316702,8,0
316694,316701,316702,1,7
316694,316694,316702,8,0
316694,316700,316702,2,6
316694,316701,316702,1,7
316694,316700,316702,2,6
316694,316701,316703,2,7
316694,316701,316703,2,7
316694,316701,316703,2,7
316694,316701,316702,1,7
316694,316701,316702,1,7
316694,316701,316702,1,7
316694,316694,316704,10,0
316694,316694,316704,10,0
316694,316694,316706,12,0
316694,316694,316708,14,0
316694,316694,316711,17,0
316721,316721,316722,1,0
316721,316721,316722,1,0
316721,316721,316722,1,0
316721,316721,316722,1,0
316721,316721,316722,1,0
316721,316721,316722,1,0
316721,316722,316723,1,1
316721,316721,316724,3,0
316721,316721,316724,3,0
316721,316723,316725,2,2
316721,316721,316725,4,0
316721,316723,316726,3,2
316721,316723,316726,3,2
316721,316723,316726,3,2
316721,316724,316726,2,3
316721,316721,316727,6,0
316721,316721,316727,6,0
316721,316721,316727,6,0
316721,316721,316727,6,0
316721,316721,316727,6,0
316721,316721,316727,6,0
316721,316723,316726,3,2
316721,316721,316726,5,0
316721,316721,316727,6,0
316721,316721,316726,5,0
316721,316725,316727,2,4
316721,316721,316727,6,0
316721,316726,316727,1,5
316721,316721,316727,6,0
316721,316721,316728,7,0
316721,316721,316727,6,0
316721,316721,316727,6,0
316721,316721,316727,6,0
316721,316726,316728,2,5
316721,316727,316728,1,6
316721,316721,316728,7,0
316721,316721,316728,7,0
316721,316726,316727,1,5
316721,316721,316727,6,0
316721,316726,316727,1,5
316721,316727,316728,1,6
316721,316726,316727,1,5
316721,316721,316729,8,0
316721,316721,316729,8,0
316721,316727,316729,2,6
316721,316725,316729,4,4
316721,316727,316729,2,6
316721,316727,316728,1,6
316721,316727,316729,2,6
316721,316727,316728,1,6
316721,316727,316728,1,6
316721,316721,316729,8,0
316721,316721,316729,8,0
316721,316721,316728,7,0
316721,316727,316728,1,6
316721,316727,316728,1,6
316721,316721,316729,8,0
316721,316728,316730,2,7
316721,316728,316730,2,7
316721,316721,316730,9,0
316721,316727,316729,2,6
316721,316727,316729,2,6
316721,316728,316730,2,7
316721,316728,316730,2,7
316721,316727,316730,3,6
316721,316728,316730,2,7
316721,316721,316729,8,0
316721,316728,316730,2,7
316721,316728,316729,1,7
316721,316726,316731,5,5
316721,316721,316731,10,0
316721,316721,316731,10,0
316721,316721,316730,9,0
316721,316721,316731,10,0
316721,316721,316732,11,0
316721,316721,316732,11,0
316721,316721,316732,11,0
316721,316721,316731,10,0
316721,316721,316732,11,0
316744,316744,316745,1,0
316744,316744,316745,1,0
316744,316744,316745,1,0
316744,316744,316745,1,0
316744,316744,316745,1,0
316744,316744,316745,1,0
316744,316744,316747,3,0
316744,316744,316747,3,0
316744,316744,316747,3,0
316744,316746,316747,1,2
316744,316746,316748,2,2
316744,316744,316748,4,0
316744,316744,316749,5,0
316744,316746,316748,2,2
316744,316746,316748,2,2
316744,316745,316748,3,1
316744,316748,316749,1,4
316744,316746,316748,2,2
316744,316748,316749,1,4
316744,316744,316749,5,0
316744,316744,316750,6,0
316744,316744,316750,6,0
316744,316749,316750,1,5
316744,316744,316750,6,0
316744,316744,316751,7,0
316744,316744,316750,6,0
316744,316744,316750,6,0
316744,316744,316750,6,0
316744,316744,316750,6,0
316744,316749,316750,1,5
316744,316744,316751,7,0
316744,316748,316750,2,4
316744,316749,316750,1,5
316744,316744,316750,6,0
316744,316749,316750,1,5
316744,316744,316750,6,0
316744,316749,316750,1,5
316744,316750,316751,1,6
316744,316744,316750,6,0
316744,316749,316750,1,5
316744,316744,316751,7,0
316744,316748,316751,3,4
316744,316744,316751,7,0
316744,316744,316751,7,0
316744,316748,316751,3,4
316744,316744,316751,7,0
316744,316749,316751,2,5
316744,316750,316752,2,6
316744,316751,316752,1,7
316744,316744,316752,8,0
316744,316751,316752,1,7
316744,316751,316752,1,7
316744,316744,316751,7,0
316744,316751,316752,1,7
316744,316751,316752,1,7
316744,316750,316751,1,6
316744,316750,316752,2,6
316744,316744,316752,8,0
316744,316749,316752,3,5
316744,316744,316752,8,0
316744,316744,316752,8,0
316744,316751,316752,1,7
316744,316744,316753,9,0
316744,316744,316752,8,0
316744,316744,316752,8,0
316744,316751,316752,1,7
316744,316744,316752,8,0
316744,316751,316752,1,7
316744,316744,316752,8,0
316744,316744,316754,10,0
316744,316744,316753,9,0
316744,316744,316754,10,0
316744,316744,316753,9,0
316744,316751,316754,3,7
316744,316744,316753,9,0
316744,316751,316754,3,7
316744,316751,316755,4,7
316744,316751,316754,3,7
316744,316744,316758,14,0
316770,316770,316771,1,0
316770,316770,316771,1,0
316770,316770,316771,1,0
316770,316770,316771,1,0
316770,316770,316771,1,0
316770,316770,316771,1,0
316770,316770,316771,1,0
316770,316771,316773,2,1
316770,316770,316773,3,0
316770,316770,316773,3,0
316770,316770,316774,4,0
316770,316771,316773,2,1
316770,316770,316774,4,0
316770,316770,316774,4,0
316770,316770,316774,4,0
316770,316770,316774,4,0
316770,316770,316775,5,0
316770,316770,316774,4,0
316770,316772,316774,2,2
316770,316772,316774,2,2
316770,316770,316774,4,0
316770,316774,316775,1,4
316770,316772,316774,2,2
316770,316770,316775,5,0
316770,316770,316776,6,0
316770,316770,316775,5,0
316770,316770,316775,5,0
316770,316770,316775,5,0
316770,316772,316775,3,2
316770,316775,316776,1,5
316770,316770,316775,5,0
316770,316772,316775,3,2
316770,316775,316776,1,5
316770,316770,316776,6,0
316770,316774,316776,2,4
316770,316770,316775,5,0
316770,316773,316775,2,3
316770,316770,316776,6,0
316770,316775,316777,2,5
316770,316770,316777,7,0
316770,316774,316776,2,4
316770,316774,316776,2,4
316770,316770,316776,6,0
316770,316775,316776,1,5
316770,316775,316776,1,5
316770,316770,316776,6,0
316770,316775,316776,1,5
316770,316770,316777,7,0
316770,316775,316776,1,5
316770,316776,316777,1,6
316770,316770,316776,6,0
316770,316776,316777,1,6
316770,316776,316777,1,6
316770,316776,316777,1,6
316770,316776,316777,1,6
316770,316776,316777,1,6
316770,316770,316777,7,0
316770,316775,316777,2,5
316770,316775,316777,2,5
316770,316770,316777,7,0
316770,316775,316777,2,5
316770,316770,316777,7,0
316770,316770,316777,7,0
316770,316775,316777,2,5
316770,316776,316777,1,6
316770,316770,316777,7,0
316770,316770,316777,7,0
316770,316776,316777,1,6
316770,316776,316777,1,6
316770,316776,316778,2,6
316770,316770,316778,8,0
316770,316770,316778,8,0
316770,316770,316778,8,0
316770,316776,316778,2,6
316770,316770,316778,8,0
316770,316770,316779,9,0
316770,316770,316779,9,0
316770,316776,316779,3,6
316770,316770,316780,10,0
316792,316792,316793,1,0
316792,316792,316793,1,0
316792,316792,316793,1,0
316792,316792,316793,1,0
316792,316792,316793,1,0
316792,316792,316793,1,0
316792,316792,316794,2,0
316792,316792,316793,1,0
316792,316792,316793,1,0
316792,316792,316794,2,0
316792,316793,316795,2,1
316792,316793,316795,2,1
316792,316793,316795,2,1
316792,316792,316796,4,0
316792,316794,316796,2,2
316792,316794,316796,2,2
316792,316794,316796,2,2
316792,316794,316796,2,2
316792,316794,316796,2,2
316792,316795,316796,1,3
316792,316794,316795,1,2
316792,316795,316796,1,3
316792,316792,316796,4,0
316792,316792,316797,5,0
316792,316796,316797,1,4
316792,316794,316796,2,2
316792,316796,316797,1,4
316792,316792,316797,5,0
316792,316792,316797,5,0
316792,316795,316796,1,3
316792,316796,316797,1,4
316792,316792,316797,5,0
316792,316792,316797,5,0
316792,316792,316798,6,0
316792,316792,316798,6,0
316792,316792,316798,6,0
316792,316796,316797,1,4
316792,316792,316798,6,0
316792,316792,316798,6,0
316792,316792,316798,6,0
316792,316796,316798,2,4
316792,316796,316798,2,4
316792,316797,316798,1,5
316792,316797,316798,1,5
316792,316792,316797,5,0
316792,316796,316798,2,4
316792,316796,316798,2,4
316792,316792,316799,7,0
316792,316792,316799,7,0
316792,316792,316799,7,0
316792,316792,316799,7,0
316792,316792,316799,7,0
316792,316796,316799,3,4
316792,316792,316799,7,0
316792,316792,316799,7,0
316792,316797,316799,2,5
316792,316797,316799,2,5
316792,316797,316799,2,5
316792,316797,316799,2,5
316792,316797,316799,2,5
316792,316792,316799,7,0
316792,316792,316800,8,0
316792,316798,316800,2,6
316792,316797,316800,3,5
316792,316792,316800,8,0
316792,316797,316800,3,5
316792,316798,316800,2,6
316792,316792,316800,8,0
316792,316792,316801,9,0
316792,316792,316801,9,0
316792,316792,316801,9,0
316792,316792,316801,9,0
316792,316792,316801,9,0
316792,316792,316801,9,0
316792,316792,316801,9,0
316792,316792,316805,13,0
316792,316792,316808,16,0
316819,316820,316821,1,1
316819,316820,316821,1,1
316819,316820,316821,1,1
316819,316820,316821,1,1
316819,316820,316821,1,1
316819,316820,316821,1,1
316819,316820,316821,1,1
316819,316822,316823,1,3
316819,316822,316824,2,3
316819,316822,316823,1,3
316819,316822,316823,1,3
316819,316822,316823,1,3
316819,316822,316823,1,3
316819,316822,316823,1,3
316819,316820,316825,5,1
316819,316820,316825,5,1
316819,316820,316824,4,1
316819,316820,316824,4,1
316819,316820,316825,5,1
316819,316824,316825,1,5
316819,316820,316825,5,1
316819,316820,316824,4,1
316819,316824,316825,1,5
316819,316820,316825,5,1
316819,316820,316825,5,1
316819,316820,316825,5,1
316819,316824,316825,1,5
316819,316825,316826,1,6
316819,316820,316825,5,1
316819,316820,316825,5,1
316819,316824,316825,1,5
316819,316825,316826,1,6
316819,316824,316825,1,5
316819,316824,316825,1,5
316819,316820,316825,5,1
316819,316820,316825,5,1
316819,316825,316826,1,6
316819,316824,316825,1,5
316819,316820,316826,6,1
316819,316820,316826,6,1
316819,316825,316826,1,6
316819,316820,316826,6,1
316819,316820,316826,6,1
316819,316825,316826,1,6
316819,316820,316826,6,1
316819,316826,316827,1,7
316819,316820,316826,6,1
316819,316825,316826,1,6
316819,316825,316827,2,6
316819,316825,316826,1,6
316819,316826,316827,1,7
316819,316825,316826,1,6
316819,316826,316827,1,7
316819,316826,316827,1,7
316819,316826,316827,1,7
316819,316826,316827,1,7
316819,316820,316827,7,1
316819,316820,316827,7,1
316819,316820,316827,7,1
316819,316826,316827,1,7
316819,316826,316827,1,7
316819,316826,316827,1,7
316819,316826,316827,1,7
316819,316820,316828,8,1
316819,316820,316828,8,1
316819,316820,316828,8,1
316819,316820,316828,8,1
316819,316826,316828,2,7
316819,316826,316828,2,7
316819,316820,316828,8,1
316819,316820,316829,9,1
316819,316820,316829,9,1
316819,316820,316829,9,1
316819,316820,316829,9,1
316819,316820,316830,10,1
316819,316820,316831,11,1
316819,316820,316831,11,1
316819,316820,316831,11,1
316819,316820,316832,12,1
316843,316843,316844,1,0
316843,316843,316845,2,0
316843,316843,316845,2,0
316843,316843,316845,2,0
316843,316843,316845,2,0
316843,316843,316845,2,0
316843,316843,316845,2,0
316843,316844,316847,3,1
316843,316846,316847,1,3
316843,316846,316847,1,3
316843,316846,316847,1,3
316843,316846,316847,1,3
316843,316845,316847,2,2
316843,316846,316847,1,3
316843,316844,316848,4,1
316843,316844,316848,4,1
316843,316844,316848,4,1
316843,316843,316848,5,0
316843,316848,316849,1,5
316843,316843,316848,5,0
316843,316848,316849,1,5
316843,316846,316848,2,3
316843,316843,316848,5,0
316843,316844,316849,5,1
316843,316844,316849,5,1
316843,316843,316849,6,0
316843,316844,316849,5,1
316843,316848,316849,1,5
316843,316844,316849,5,1
316843,316848,316849,1,5
316843,316843,316849,6,0
316843,316849,316850,1,6
316843,316848,316849,1,5
316843,316848,316849,1,5
316843,316843,316849,6,0
316843,316844,316849,5,1
316843,316849,316850,1,6
316843,316844,316851,7,1
316843,316848,316850,2,5
316843,316843,316850,7,0
316843,316849,316850,1,6
316843,316844,316850,6,1
316843,316849,316850,1,6
316843,316850,316851,1,7
316843,316849,316850,1,6
316843,316850,316851,1,7
316843,316850,316851,1,7
316843,316849,316850,1,6
316843,316849,316850,1,6
316843,316850,316851,1,7
316843,316849,316851,2,6
316843,316844,316851,7,1
316843,316849,316851,2,6
316843,316844,316852,8,1
316843,316850,316851,1,7
316843,316850,316851,1,7
316843,316850,316851,1,7
316843,316844,316851,7,1
316843,316850,316851,1,7
316843,316850,316851,1,7
316843,316844,316852,8,1
316843,316850,316851,1,7
316843,316843,316852,9,0
316843,316843,316853,10,0
316843,316844,316852,8,1
316843,316850,316852,2,7
316843,316843,316852,9,0
316843,316844,316853,9,1
316843,316850,316853,3,7
316843,316843,316853,10,0
316843,316843,316853,10,0
316843,316843,316853,10,0
316843,316844,316854,10,1
316843,316844,316854,10,1
316843,316843,316854,11,0
316843,316843,316854,11,0
316843,316843,316855,12,0
316843,316843,316856,13,0
316843,316843,316856,13,0
316868,316868,316869,1,0
316868,316868,316869,1,0
316868,316868,316869,1,0
316868,316868,316869,1,0
316868,316868,316869,1,0
316868,316868,316869,1,0
316868,316868,316870,2,0
316868,316870,316871,1,2
316868,316870,316871,1,2
316868,316870,316871,1,2
316868,316870,316871,1,2
316868,316870,316871,1,2
316868,316870,316871,1,2
316868,316868,316872,4,0
316868,316872,316873,1,4
316868,316872,316873,1,4
316868,316871,316872,1,3
316868,316872,316873,1,4
316868,316868,316873,5,0
316868,316868,316874,6,0
316868,316868,316873,5,0
316868,316868,316873,5,0
316868,316872,316873,1,4
316868,316872,316873,1,4
316868,316872,316873,1,4
316868,316873,316874,1,5
316868,316868,316873,5,0
316868,316868,316873,5,0
316868,316868,316874,6,0
316868,316868,316874,6,0
316868,316873,316874,1,5
316868,316868,316875,7,0
316868,316874,316875,1,6
316868,316868,316874,6,0
316868,316868,316875,7,0
316868,316873,316874,1,5
316868,316868,316874,6,0
316868,316873,316875,2,5
316868,316873,316874,1,5
316868,316868,316876,8,0
316868,316868,316875,7,0
316868,316868,316876,8,0
316868,316868,316876,8,0
316868,316868,316875,7,0
316868,316868,316876,8,0
316868,316874,316875,1,6
316868,316875,316876,1,7
316868,316874,316875,1,6
316868,316874,316875,1,6
316868,316874,316875,1,6
316868,316875,316876,1,7
316868,316874,316875,1,6
316868,316874,316876,2,6
316868,316875,316876,1,7
316868,316874,316875,1,6
316868,316875,316876,1,7
316868,316875,316876,1,7
316868,316874,316876,2,6
316868,316874,316876,2,6
316868,316875,316877,2,7
316868,316868,316876,8,0
316868,316868,316877,9,0
316868,316868,316877,9,0
316868,316868,316877,9,0
316868,316868,316877,9,0
316868,316875,316877,2,7
316868,316868,316878,10,0
316868,316868,316878,10,0
316868,316868,316877,9,0
316868,316868,316877,9,0
316868,316868,316879,11,0
316868,316868,316879,11,0
316868,316868,316879,11,0
316868,316868,316879,11,0
316868,316868,316880,12,0
316868,316868,316880,12,0
316868,316868,316880,12,0
316868,316868,316881,13,0
316868,316868,316881,13,0
316893,316893,316894,1,0
316893,316893,316895,2,0
316893,316893,316895,2,0
316893,316893,316894,1,0
316893,316893,316895,2,0
316893,316893,316895,2,0
316893,316893,316894,1,0
316893,316894,316897,3,1
316893,316895,316897,2,2
316893,316893,316897,4,0
316893,316895,316896,1,2
316893,316895,316897,2,2
316893,316895,316897,2,2
316893,316895,316896,1,2
316893,316895,316896,1,2
316893,316893,316898,5,0
316893,316893,316898,5,0
316893,316893,316899,6,0
316893,316893,316899,6,0
316893,316897,316899,2,4
316893,316897,316899,2,4
316893,316897,316898,1,4
316893,316893,316899,6,0
316893,316897,316899,2,4
316893,316897,316899,2,4
316893,316893,316898,5,0
316893,316897,316898,1,4
316893,316897,316899,2,4
316893,316897,316898,1,4
316893,316893,316899,6,0
316893,316898,316900,2,5
316893,316899,316900,1,6
316893,316893,316900,7,0
316893,316893,316900,7,0
316893,316893,316900,7,0
316893,316898,316900,2,5
316893,316899,316900,1,6
316893,316899,316900,1,6
316893,316899,316900,1,6
316893,316893,316900,7,0
316893,316899,316900,1,6
316893,316893,316900,7,0
316893,316893,316900,7,0
316893,316893,316901,8,0
316893,316899,316900,1,6
316893,316899,316901,2,6
316893,316899,316901,2,6
316893,316893,316901,8,0
316893,316899,316901,2,6
316893,316899,316900,1,6
316893,316900,316901,1,7
316893,316893,316901,8,0
316893,316899,316901,2,6
316893,316900,316901,1,7
316893,316900,316901,1,7
316893,316900,316901,1,7
316893,316900,316901,1,7
316893,316893,316902,9,0
316893,316899,316902,3,6
316893,316900,316902,2,7
316893,316893,316902,9,0
316893,316893,316903,10,0
316893,316893,316902,9,0
316893,316893,316903,10,0
316893,316893,316903,10,0
316893,316893,316902,9,0
316893,316893,316903,10,0
316893,316893,316904,11,0
316893,316893,316903,10,0
316893,316893,316904,11,0
316893,316893,316904,11,0
316893,316893,316904,11,0
316893,316893,316905,12,0
316893,316893,316905,12,0
316893,316893,316905,12,0
316893,316893,316906,13,0
316893,316893,316905,12,0
316893,316893,316905,12,0
316893,316893,316910,17,0
316921,316921,316922,1,0
316921,316921,316922,1,0
316921,316921,316923,2,0
316921,316921,316922,1,0
316921,316921,316922,1,0
316921,316921,316923,2,0
316921,316921,316922,1,0
316921,316921,316924,3,0
316921,316921,316924,3,0
316921,316922,316923,1,1
316921,316921,316924,3,0
316921,316923,316925,2,2
316921,316921,316925,4,0
316921,316923,316925,2,2
316921,316923,316925,2,2
316921,316923,316925,2,2
316921,316924,316925,1,3
316921,316921,316926,5,0
316921,316923,316926,3,2
316921,316923,316926,3,2
316921,316921,316926,5,0
316921,316921,316927,6,0
316921,316924,316927,3,3
316921,316921,316927,6,0
316921,316925,316927,2,4
316921,316925,316926,1,4
316921,316921,316927,6,0
316921,316925,316927,2,4
316921,316925,316927,2,4
316921,316921,316927,6,0
316921,316921,316927,6,0
316921,316925,316927,2,4
316921,316925,316927,2,4
316921,316921,316926,5,0
316921,316925,316927,2,4
316921,316921,316928,7,0
316921,316921,316928,7,0
316921,316924,316928,4,3
316921,316921,316927,6,0
316921,316926,316928,2,5
316921,316926,316928,2,5
316921,316927,316928,1,6
316921,316921,316928,7,0
316921,316921,316928,7,0
316921,316927,316928,1,6
316921,316921,316927,6,0
316921,316927,316928,1,6
316921,316927,316928,1,6
316921,316927,316928,1,6
316921,316926,316927,1,5
316921,316927,316928,1,6
316921,316927,316928,1,6
316921,316927,316928,1,6
316921,316927,316928,1,6
316921,316921,316929,8,0
316921,316926,316929,3,5
316921,316921,316929,8,0
316921,316927,316929,2,6
316921,316921,316929,8,0
316921,316927,316929,2,6
316921,316921,316929,8,0
316921,316927,316928,1,6
316921,316927,316929,2,6
316921,316921,316930,9,0
316921,316921,316930,9,0
316921,316927,316929,2,6
316921,316921,316931,10,0
316921,316921,316931,10,0
316921,316921,316931,10,0
316921,316921,316930,9,0
316921,316921,316931,10,0
316921,316921,316932,11,0
316921,316921,316932,11,0
316921,316921,316931,10,0
316921,316921,316932,11,0
316921,316921,316935,14,0
316921,316921,316934,13,0
316921,316921,316934,13,0
316921,316921,316934,13,0
316945,316945,316946,1,0
316945,316945,316946,1,0
316945,316945,316946,1,0
316945,316945,316947,2,0
316945,316945,316947,2,0
316945,316945,316947,2,0
316945,316945,316948,3,0
316945,316946,316948,2,1
316945,316946,316949,3,1
316945,316947,316949,2,2
316945,316946,316949,3,1
316945,316947,316949,2,2
316945,316947,316949,2,2
316945,316946,316950,4,1
316945,316946,316950,4,1
316945,316946,316950,4,1
316945,316948,316950,2,3
316945,316946,316950,4,1
316945,316946,316951,5,1
316945,316948,316950,2,3
316945,316948,316950,2,3
316945,316946,316950,4,1
316945,316946,316950,4,1
316945,316950,316951,1,5
316945,316946,316951,5,1
316945,316949,316951,2,4
316945,316949,316951,2,4
316945,316946,316951,5,1
316945,316950,316951,1,5
316945,316945,316951,6,0
316945,316946,316951,5,1
316945,316950,316951,1,5
316945,316951,316952,1,6
316945,316950,316951,1,5
316945,316951,316952,1,6
316945,316950,316952,2,5
316945,316946,316952,6,1
316945,316946,316952,6,1
316945,316951,316952,1,6
316945,316951,316952,1,6
316945,316952,316953,1,7
316945,316951,316952,1,6
316945,316951,316952,1,6
316945,316951,316952,1,6
316945,316951,316952,1,6
316945,316952,316953,1,7
316945,316946,316952,6,1
316945,316951,316952,1,6
316945,316952,316953,1,7
316945,316952,316953,1,7
316945,316952,316953,1,7
316945,316952,316953,1,7
316945,316952,316953,1,7
316945,316952,316953,1,7
316945,316951,316953,2,6
316945,316945,316953,8,0
316945,316946,316953,7,1
316945,316951,316953,2,6
316945,316946,316953,7,1
316945,316952,316953,1,7
316945,316952,316953,1,7
316945,316946,316954,8,1
316945,316946,316954,8,1
316945,316952,316954,2,7
316945,316946,316954,8,1
316945,316946,316955,9,1
316945,316946,316956,10,1
316945,316945,316955,10,0
316945,316945,316956,11,0
316945,316945,316956,11,0
316945,316946,316957,11,1
316945,316945,316956,11,0
316945,316945,316956,11,0
316945,316946,316957,11,1
316945,316946,316957,11,1
316945,316946,316960,14,1
316945,316946,316960,14,1
316945,316946,316961,15,1
316945,316946,316961,15,1
316972,316972,316973,1,0
316972,316972,316973,1,0
316972,316972,316973,1,0
316972,316972,316973,1,0
316972,316972,316973,1,0
316972,316972,316973,1,0
316972,316973,316974,1,1
316972,316972,316975,3,0
316972,316972,316975,3,0
316972,316973,316975,2,1
316972,316974,316976,2,2
316972,316974,316976,2,2
316972,316974,316976,2,2
316972,316974,316976,2,2
316972,316972,316976,4,0
316972,316972,316977,5,0
316972,316972,316977,5,0
316972,316974,316976,2,2
316972,316972,316977,5,0
316972,316972,316977,5,0
316972,316972,316977,5,0
316972,316972,316977,5,0
316972,316975,316977,2,3
316972,316972,316977,5,0
316972,316976,316977,1,4
316972,316972,316977,5,0
316972,316975,316977,2,3
316972,316975,316978,3,3
316972,316972,316978,6,0
316972,316976,316978,2,4
316972,316972,316978,6,0
316972,316976,316978,2,4
316972,316977,316978,1,5
316972,316972,316978,6,0
316972,316972,316978,6,0
316972,316972,316978,6,0
316972,316976,316978,2,4
316972,316972,316978,6,0
316972,316972,316979,7,0
316972,316977,316979,2,5
316972,316977,316979,2,5
316972,316977,316979,2,5
316972,316977,316978,1,5
316972,316977,316979,2,5
316972,316977,316979,2,5
316972,316977,316978,1,5
316972,316977,316979,2,5
316972,316978,316979,1,6
316972,316978,316979,1,6
316972,316977,316979,2,5
316972,316977,316979,2,5
316972,316972,316980,8,0
316972,316972,316980,8,0
316972,316977,316980,3,5
316972,316977,316980,3,5
316972,316978,316980,2,6
316972,316978,316980,2,6
316972,316979,316980,1,7
316972,316972,316981,9,0
316972,316972,316981,9,0
316972,316972,316981,9,0
316972,316972,316981,9,0
316972,316972,316982,10,0
316972,316972,316982,10,0
316972,316972,316982,10,0
316972,316978,316982,4,6
316972,316972,316982,10,0
316972,316972,316983,11,0
316972,316972,316983,11,0
316972,316972,316982,10,0
316972,316972,316983,11,0
316972,316972,316984,12,0
316972,316972,316984,12,0
316972,316972,316985,13,0
316972,316972,316986,14,0
316972,316972,316988,16,0
316972,316972,316989,17,0
317000,317000,317001,1,0
317000,317000,317001,1,0
317000,317000,317001,1,0
317000,317000,317001,1,0
317000,317000,317001,1,0
317000,317000,317001,1,0
317000,317000,317003,3,0
317000,317000,317003,3,0
317000,317000,317003,3,0
317000,317002,317003,1,2
317000,317002,317003,1,2
317000,317002,317003,1,2
317000,317002,317004,2,2
317000,317000,317003,3,0
317000,317002,317004,2,2
317000,317002,317004,2,2
317000,317003,317004,1,3
317000,317000,317005,5,0
317000,317000,317005,5,0
317000,317000,317004,4,0
317000,317000,317004,4,0
317000,317000,317005,5,0
317000,317000,317005,5,0
317000,317004,317005,1,4
317000,317000,317005,5,0
317000,317004,317005,1,4
317000,317003,317005,2,3
317000,317000,317005,5,0
317000,317003,317004,1,3
317000,317000,317005,5,0
317000,317003,317006,3,3
317000,317000,317006,6,0
317000,317004,317005,1,4
317000,317000,317005,5,0
317000,317000,317006,6,0
317000,317000,317006,6,0
317000,317004,317005,1,4
317000,317000,317006,6,0
317000,317000,317006,6,0
317000,317004,317006,2,4
317000,317005,317006,1,5
317000,317003,317007,4,3
317000,317004,317007,3,4
317000,317005,317007,2,5
317000,317006,317007,1,6
317000,317006,317007,1,6
317000,317005,317007,2,5
317000,317005,317007,2,5
317000,317000,317006,6,0
317000,317005,317006,1,5
317000,317000,317007,7,0
317000,317005,317007,2,5
317000,317005,317006,1,5
317000,317005,317007,2,5
317000,317000,317008,8,0
317000,317000,317007,7,0
317000,317000,317008,8,0
317000,317006,317008,2,6
317000,317006,317008,2,6
317000,317006,317008,2,6
317000,317006,317008,2,6
317000,317005,317009,4,5
317000,317000,317009,9,0
317000,317005,317009,4,5
317000,317000,317009,9,0
317000,317000,317009,9,0
317000,317000,317010,10,0
317000,317000,317010,10,0
317000,317000,317010,10,0
317000,317005,317009,4,5
317000,317000,317010,10,0
317000,317005,317010,5,5
317000,317000,317010,10,0
317000,317000,317010,10,0
317000,317000,317010,10,0
317000,317000,317010,10,0
317000,317000,317011,11,0
317000,317000,317012,12,0
317000,317000,317014,14,0
317026,317026,317027,1,0
317026,317026,317027,1,0
317026,317026,317027,1,0
317026,317026,317027,1,0
317026,317026,317027,1,0
317026,317026,317027,1,0
317026,317026,317028,2,0
317026,317026,317028,2,0
317026,317028,317029,1,2
317026,317026,317030,4,0
317026,317026,317029,3,0
317026,317028,317030,2,2
317026,317028,317029,1,2
317026,317028,317030,2,2
317026,317028,317029,1,2
317026,317028,317030,2,2
317026,317026,317030,4,0
317026,317029,317031,2,3
317026,317026,317030,4,0
317026,317026,317030,4,0
317026,317029,317030,1,3
317026,317026,317030,4,0
317026,317026,317030,4,0
317026,317029,317030,1,3
317026,317026,317032,6,0
317026,317030,317032,2,4
317026,317030,317031,1,4
317026,317026,317032,6,0
317026,317030,317032,2,4
317026,317026,317032,6,0
317026,317026,317032,6,0
317026,317030,317031,1,4
317026,317030,317031,1,4
317026,317026,317032,6,0
317026,317026,317032,6,0
317026,317030,317032,2,4
317026,317026,317033,7,0
317026,317030,317032,2,4
317026,317026,317033,7,0
317026,317031,317032,1,5
317026,317026,317032,6,0
317026,317026,317033,7,0
317026,317031,317032,1,5
317026,317031,317032,1,5
317026,317031,317032,1,5
317026,317026,317033,7,0
317026,317026,317034,8,0
317026,317026,317033,7,0
317026,317026,317033,7,0
317026,317026,317034,8,0
317026,317031,317034,3,5
317026,317026,317033,7,0
317026,317032,317033,1,6
317026,317026,317034,8,0
317026,317032,317033,1,6
317026,317032,317034,2,6
317026,317032,317033,1,6
317026,317032,317033,1,6
317026,317026,317034,8,0
317026,317032,317033,1,6
317026,317032,317033,1,6
317026,317033,317035,2,7
317026,317031,317034,3,5
317026,317031,317034,3,5
317026,317033,317034,1,7
317026,317031,317035,4,5
317026,317032,317034,2,6
317026,317026,317035,9,0
317026,317026,317035,9,0
317026,317032,317036,4,6
317026,317026,317036,10,0
317026,317026,317037,11,0
317026,317026,317036,10,0
317026,317026,317036,10,0
317026,317026,317037,11,0
317026,317026,317038,12,0
317026,317026,317040,14,0
317026,317026,317042,16,0
317026,317026,317044,18,0
317054,317055,317056,1,1
317054,317055,317056,1,1
317054,317055,317056,1,1
317054,317055,317056,1,1
317054,317055,317056,1,1
317054,317055,317056,1,1
317054,317055,317057,2,1
317054,317057,317058,1,3
317054,317055,317058,3,1
317054,317055,317058,3,1
317054,317055,317058,3,1
317054,317055,317058,3,1
317054,317057,317058,1,3
317054,317057,317058,1,3
317054,317056,317058,2,2
317054,317058,317059,1,4
317054,317058,317059,1,4
317054,317055,317059,4,1
317054,317057,317059,2,3
317054,317055,317059,4,1
317054,317055,317059,4,1
317054,317057,317059,2,3
317054,317055,317059,4,1
317054,317055,317059,4,1
317054,317057,317059,2,3
317054,317055,317060,5,1
317054,317055,317060,5,1
317054,317055,317060,5,1
317054,317059,317061,2,5
317054,317055,317060,5,1
317054,317059,317060,1,5
317054,317055,317061,6,1
317054,317055,317060,5,1
317054,317055,317060,5,1
317054,317059,317061,2,5
317054,317055,317060,5,1
317054,317059,317060,1,5
317054,317059,317060,1,5
317054,317055,317061,6,1
317054,317059,317061,2,5
317054,317055,317061,6,1
317054,317055,317061,6,1
317054,317055,317061,6,1
317054,317055,317061,6,1
317054,317060,317061,1,6
317054,317059,317061,2,5
317054,317059,317061,2,5
317054,317059,317061,2,5
317054,317055,317061,6,1
317054,317060,317061,1,6
317054,317061,317062,1,7
317054,317060,317061,1,6
317054,317060,317061,1,6
317054,317060,317061,1,6
317054,317060,317061,1,6
317054,317061,317062,1,7
317054,317055,317063,8,1
317054,317060,317062,2,6
317054,317061,317062,1,7
317054,317055,317062,7,1
317054,317055,317062,7,1
317054,317061,317063,2,7
317054,317061,317062,1,7
317054,317061,317062,1,7
317054,317061,317062,1,7
317054,317055,317063,8,1
317054,317061,317063,2,7
317054,317055,317063,8,1
317054,317061,317063,2,7
317054,317060,317063,3,6
317054,317055,317064,9,1
317054,317055,317064,9,1
317054,317055,317064,9,1
317054,317055,317064,9,1
317054,317055,317065,10,1
317054,317055,317066,11,1
317054,317055,317068,13,1
317054,317055,317070,15,1
317082,317082,317083,1,0
317082,317082,317083,1,0
317082,317082,317083,1,0
317082,317082,317083,1,0
317082,317082,317083,1,0
317082,317082,317083,1,0
317082,317082,317084,2,0
317082,317082,317086,4,0
317082,317084,317085,1,2
317082,317082,317085,3,0
317082,317084,317086,2,2
317082,317084,317086,2,2
317082,317082,317086,4,0
317082,317082,317087,5,0
317082,317082,317087,5,0
317082,317084,317087,3,2
317082,317082,317087,5,0
317082,317084,317087,3,2
317082,317082,317087,5,0
317082,317084,317087,3,2
317082,317082,317088,6,0
317082,317082,317087,5,0
317082,317082,317087,5,0
317082,317082,317087,5,0
317082,317082,317088,6,0
317082,317082,317088,6,0
317082,317084,317088,4,2
317082,317082,317088,6,0
317082,317082,317088,6,0
317082,317086,317087,1,4
317082,317082,317087,5,0
317082,317086,317087,1,4
317082,317086,317088,2,4
317082,317082,317088,6,0
317082,317086,317087,1,4
317082,317082,317088,6,0
317082,317082,317089,7,0
317082,317086,317088,2,4
317082,317082,317089,7,0
317082,317087,317089,2,5
317082,317082,317089,7,0
317082,317082,317089,7,0
317082,317087,317089,2,5
317082,317082,317088,6,0
317082,317087,317089,2,5
317082,317087,317089,2,5
317082,317088,317089,1,6
317082,317087,317089,2,5
317082,317087,317089,2,5
317082,317088,317089,1,6
317082,317082,317090,8,0
317082,317082,317090,8,0
317082,317082,317089,7,0
317082,317082,317090,8,0
317082,317082,317089,7,0
317082,317082,317089,7,0
317082,317087,317090,3,5
317082,317088,317089,1,6
317082,317088,317089,1,6
317082,317088,317089,1,6
317082,317088,317090,2,6
317082,317088,317090,2,6
317082,317088,317090,2,6
317082,317088,317090,2,6
317082,317088,317089,1,6
317082,317082,317090,8,0
317082,317088,317091,3,6
317082,317088,317090,2,6
317082,317088,317092,4,6
317082,317088,317092,4,6
317082,317082,317092,10,0
317082,317082,317093,11,0
317082,317088,317093,5,6
317082,317082,317093,11,0
317082,317082,317094,12,0
317082,317082,317096,14,0
317082,317087,317096,9,5
317082,317082,317099,17,0
317082,317082,317103,21,0
317115,317115,317116,1,0
317115,317115,317116,1,0
317115,317115,317116,1,0
317115,317115,317116,1,0
317115,317115,317116,1,0
317115,317115,317116,1,0
317115,317115,317118,3,0
317115,317115,317118,3,0
317115,317116,317117,1,1
317115,317115,317117,2,0
317115,317117,317118,1,2
317115,317116,317117,1,1
317115,317115,317118,3,0
317115,317115,317119,4,0
317115,317117,317118,1,2
317115,317115,317119,4,0
317115,317117,317118,1,2
317115,317117,317118,1,2
317115,317118,317119,1,3
317115,317118,317119,1,3
317115,317115,317118,3,0
317115,317115,317120,5,0
317115,317115,317119,4,0
317115,317115,317119,4,0
317115,317115,317119,4,0
317115,317115,317120,5,0
317115,317118,317120,2,3
317115,317115,317119,4,0
317115,317115,317119,4,0
317115,317115,317121,6,0
317115,317119,317121,2,4
317115,317115,317120,5,0
317115,317118,317120,2,3
317115,317119,317120,1,4
317115,317115,317120,5,0
317115,317119,317121,2,4
317115,317119,317120,1,4
317115,317118,317120,2,3
317115,317115,317120,5,0
317115,317118,317120,2,3
317115,317115,317121,6,0
317115,317119,317120,1,4
317115,317115,317121,6,0
317115,317121,317122,1,6
317115,317121,317122,1,6
317115,317120,317122,2,5
317115,317119,317121,2,4
317115,317115,317122,7,0
317115,317115,317122,7,0
317115,317120,317121,1,5
317115,317120,317122,2,5
317115,317115,317122,7,0
317115,317115,317122,7,0
317115,317115,317121,6,0
317115,317115,317121,6,0
317115,317120,317121,1,5
317115,317115,317122,7,0
317115,317120,317122,2,5
317115,317120,317123,3,5
317115,317119,317122,3,4
317115,317119,317123,4,4
317115,317119,317123,4,4
317115,317120,317122,2,5
317115,317121,317123,2,6
317115,317121,317122,1,6
317115,317121,317122,1,6
317115,317115,317122,7,0
317115,317121,317122,1,6
317115,317115,317124,9,0
317115,317115,317125,10,0
317115,317115,317124,9,0
317115,317115,317125,10,0
317115,317115,317126,11,0
317115,317115,317126,11,0
317115,317115,317128,13,0
317115,317115,317129,14,0
317115,317115,317130,15,0
317115,317115,317135,20,0
317115,317120,317135,15,5
317147,317147,317148,1,0
317147,317147,317148,1,0
317147,317147,317148,1,0
317147,317147,317148,1,0
317147,317147,317148,1,0
317147,317147,317148,1,0
317147,317149,317150,1,2
317147,317149,317150,1,2
317147,317147,317150,3,0
317147,317147,317151,4,0
317147,317149,317151,2,2
317147,317149,317150,1,2
317147,317149,317151,2,2
317147,317149,317151,2,2
317147,317147,317150,3,0
317147,317147,317152,5,0
317147,317147,317151,4,0
317147,317147,317151,4,0
317147,317147,317152,5,0
317147,317147,317152,5,0
317147,317150,317152,2,3
317147,317147,317152,5,0
317147,317150,317152,2,3
317147,317147,317153,6,0
317147,317147,317152,5,0
317147,317151,317153,2,4
317147,317147,317153,6,0
317147,317151,317153,2,4
317147,317147,317152,5,0
317147,317151,317153,2,4
317147,317152,317153,1,5
317147,317151,317153,2,4
317147,317151,317153,2,4
317147,317152,317153,1,5
317147,317147,317154,7,0
317147,317147,317154,7,0
317147,317147,317153,6,0
317147,317147,317153,6,0
317147,317147,317154,7,0
317147,317147,317153,6,0
317147,317152,317153,1,5
317147,317152,317154,2,5
317147,317152,317154,2,5
317147,317147,317153,6,0
317147,317153,317154,1,6
317147,317153,317154,1,6
317147,317147,317153,6,0
317147,317153,317154,1,6
317147,317147,317154,7,0
317147,317151,317154,3,4
317147,317153,317155,2,6
317147,317147,317154,7,0
317147,317152,317155,3,5
317147,317151,317155,4,4
317147,317153,317154,1,6
317147,317147,317155,8,0
317147,317153,317155,2,6
317147,317153,317155,2,6
317147,317153,317154,1,6
317147,317153,317154,1,6
317147,317153,317155,2,6
317147,317147,317155,8,0
317147,317154,317156,2,7
317147,317147,317156,9,0
317147,317147,317155,8,0
317147,317153,317155,2,6
317147,317147,317156,9,0
317147,317152,317156,4,5
317147,317147,317156,9,0
317147,317152,317155,3,5
317147,317147,317157,10,0
317147,317147,317157,10,0
317147,317147,317158,11,0
317147,317147,317159,12,0
317147,317147,317160,13,0
317147,317147,317162,15,0
317147,317147,317163,16,0
317147,317147,317165,18,0
317147,317147,317167,20,0
317179,317179,317180,1,0
317179,317179,317180,1,0
317179,317179,317180,1,0
317179,317179,317180,1,0
317179,317179,317180,1,0
317179,317179,317180,1,0
317179,317179,317182,3,0
317179,317179,317181,2,0
317179,317180,317182,2,1
317179,317179,317182,3,0
317179,317179,317182,3,0
317179,317179,317183,4,0
317179,317179,317182,3,0
317179,317179,317182,3,0
317179,317181,317183,2,2
317179,317181,317183,2,2
317179,317181,317183,2,2
317179,317181,317183,2,2
317179,317181,317183,2,2
317179,317179,317184,5,0
317179,317179,317183,4,0
317179,317182,317184,2,3
317179,317179,317184,5,0
317179,317182,317184,2,3
317179,317179,317185,6,0
317179,317183,317185,2,4
317179,317179,317184,5,0
317179,317179,317185,6,0
317179,317183,317184,1,4
317179,317183,317185,2,4
317179,317179,317185,6,0
317179,317183,317184,1,4
317179,317184,317185,1,5
317179,317183,317184,1,4
317179,317184,317185,1,5
317179,317179,317186,7,0
317179,317179,317186,7,0
317179,317179,317185,6,0
317179,317179,317186,7,0
317179,317179,317185,6,0
317179,317179,317185,6,0
317179,317179,317185,6,0
317179,317185,317186,1,6
317179,317179,317185,6,0
317179,317184,317185,1,5
317179,317184,317185,1,5
317179,317185,317186,1,6
317179,317184,317185,1,5
317179,317185,317186,1,6
317179,317185,317186,1,6
317179,317182,317186,4,3
317179,317179,317186,7,0
317179,317183,317187,4,4
317179,317179,317186,7,0
317179,317179,317187,8,0
317179,317183,317187,4,4
317179,317183,317187,4,4
317179,317179,317187,8,0
317179,317185,317186,1,6
317179,317185,317186,1,6
317179,317185,317186,1,6
317179,317185,317186,1,6
317179,317179,317187,8,0
317179,317185,317186,1,6
317179,317185,317186,1,6
317179,317179,317186,7,0
317179,317179,317188,9,0
317179,317179,317188,9,0
317179,317183,317187,4,4
317179,317185,317187,2,6
317179,317183,317187,4,4
317179,317179,317187,8,0
317179,317179,317190,11,0
317179,317179,317190,11,0
317179,317179,317191,12,0
317179,317179,317201,22,0
317179,317179,317201,22,0
317179,317179,317204,25,0
317179,317179,317207,28,0
317218,317218,317219,1,0
317218,317218,317219,1,0
317218,317218,317219,1,0
317218,317218,317219,1,0
317218,317218,317219,1,0
317218,317218,317219,1,0
317218,317219,317221,2,1
317218,317219,317220,1,1
317218,317220,317221,1,2
317218,317218,317221,3,0
317218,317218,317222,4,0
317218,317220,317222,2,2
317218,317218,317223,5,0
317218,317220,317223,3,2
317218,317218,317223,5,0
317218,317220,317223,3,2
317218,317218,317223,5,0
317218,317218,317223,5,0
317218,317218,317224,6,0
317218,317218,317224,6,0
317218,317218,317224,6,0
317218,317218,317224,6,0
317218,317218,317223,5,0
317218,317221,317223,2,3
317218,317218,317224,6,0
317218,317221,317223,2,3
317218,317218,317224,6,0
317218,317222,317224,2,4
317218,317222,317224,2,4
317218,317218,317225,7,0
317218,317218,317225,7,0
317218,317222,317224,2,4
317218,317223,317225,2,5
317218,317223,317225,2,5
317218,317224,317225,1,6
317218,317224,317225,1,6
317218,317223,317225,2,5
317218,317218,317225,7,0
317218,317223,317225,2,5
317218,317222,317224,2,4
317218,317224,317225,1,6
317218,317218,317226,8,0
317218,317218,317226,8,0
317218,317218,317226,8,0
317218,317218,317225,7,0
317218,317224,317225,1,6
317218,317224,317225,1,6
317218,317225,317226,1,7
317218,317224,317226,2,6
317218,317224,317226,2,6
317218,317224,317226,2,6
317218,317224,317225,1,6
317218,317224,317226,2,6
317218,317224,317225,1,6
317218,317225,317226,1,7
317218,317224,317226,2,6
317218,317224,317226,2,6
317218,317218,317227,9,0
317218,317218,317226,8,0
317218,317218,317226,8,0
317218,317218,317227,9,0
317218,317218,317226,8,0
317218,317218,317227,9,0
317218,317225,317226,1,7
317218,317225,317226,1,7
317218,317218,317227,9,0
317218,317218,317227,9,0
317218,317218,317228,10,0
317218,317218,317227,9,0
317218,317225,317227,2,7
317218,317218,317229,11,0
317218,317225,317228,3,7
317218,317218,317230,12,0
317218,317218,317231,13,0
317218,317218,317231,13,0
317218,317218,317233,15,0
317218,317218,317235,17,0
317218,317218,317236,18,0
317218,317218,317239,21,0
317249,317250,317251,1,1
317249,317250,317251,1,1
317249,317250,317251,1,1
317249,317250,317251,1,1
317249,317250,317251,1,1
317249,317250,317251,1,1
317249,317251,317253,2,2
317249,317252,317254,2,3
317249,317252,317254,2,3
317249,317250,317253,3,1
317249,317252,317253,1,3
317249,317250,317254,4,1
317249,317250,317254,4,1
317249,317250,317254,4,1
317249,317250,317255,5,1
317249,317252,317254,2,3
317249,317250,317254,4,1
317249,317252,317254,2,3
317249,317250,317254,4,1
317249,317250,317254,4,1
317249,317250,317255,5,1
317249,317250,317255,5,1
317249,317254,317255,1,5
317249,317250,317255,5,1
317249,317254,317255,1,5
317249,317250,317256,6,1
317249,317254,317255,1,5
317249,317250,317255,5,1
317249,317254,317255,1,5
317249,317254,317256,2,5
317249,317250,317256,6,1
317249,317250,317256,6,1
317249,317250,317256,6,1
317249,317250,317256,6,1
317249,317255,317256,1,6
317249,317250,317256,6,1
317249,317255,317256,1,6
317249,317255,317256,1,6
317249,317250,317257,7,1
317249,317255,317256,1,6
317249,317256,317257,1,7
317249,317250,317256,6,1
317249,317255,317256,1,6
317249,317255,317256,1,6
317249,317250,317257,7,1
317249,317255,317257,2,6
317249,317250,317257,7,1
317249,317256,317258,2,7
317249,317256,317257,1,7
317249,317255,317257,2,6
317249,317256,317257,1,7
317249,317257,317258,1,8
317249,317257,317258,1,8
317249,317256,317257,1,7
317249,317256,317257,1,7
317249,317256,317257,1,7
317249,317256,317257,1,7
317249,317256,317257,1,7
317249,317257,317258,1,8
317249,317250,317258,8,1
317249,317250,317258,8,1
317249,317250,317259,9,1
317249,317257,317258,1,8
317249,317250,317259,9,1
317249,317250,317259,9,1
317249,317257,317259,2,8
317249,317250,317259,9,1
317249,317250,317259,9,1
317249,317250,317259,9,1
317249,317256,317259,3,7
317249,317250,317260,10,1
317249,317250,317260,10,1
317249,317250,317260,10,1
317249,317250,317262,12,1
317249,317250,317262,12,1
317249,317250,317262,12,1
317249,317255,317269,14,6
317249,317250,317272,22,1
317249,317250,317279,29,1
317290,317290,317291,1,0
317290,317290,317292,2,0
317290,317290,317291,1,0
317290,317290,317292,2,0
317290,317290,317292,2,0
317290,317290,317292,2,0
317290,317290,317291,1,0
317290,317290,317294,4,0
317290,317292,317294,2,2
317290,317290,317295,5,0
317290,317290,317294,4,0
317290,317292,317295,3,2
317290,317290,317295,5,0
317290,317290,317295,5,0
317290,317292,317294,2,2
317290,317290,317295,5,0
317290,317290,317296,6,0
317290,317290,317296,6,0
317290,317292,317296,4,2
317290,317290,317296,6,0
317290,317290,317296,6,0
317290,317290,317296,6,0
317290,317292,317296,4,2
317290,317294,317296,2,4
317290,317290,317296,6,0
317290,317290,317297,7,0
317290,317290,317297,7,0
317290,317290,317297,7,0
317290,317290,317297,7,0
317290,317295,317297,2,5
317290,317296,317297,1,6
317290,317292,317297,5,2
317290,317295,317297,2,5
317290,317292,317297,5,2
317290,317295,317297,2,5
317290,317297,317298,1,7
317290,317290,317297,7,0
317290,317290,317298,8,0
317290,317290,317298,8,0
317290,317295,317298,3,5
317290,317296,317298,2,6
317290,317296,317298,2,6
317290,317295,317298,3,5
317290,317297,317298,1,7
317290,317297,317298,1,7
317290,317297,317298,1,7
317290,317295,317298,3,5
317290,317297,317298,1,7
317290,317298,317299,1,8
317290,317298,317299,1,8
317290,317297,317298,1,7
317290,317298,317299,1,8
317290,317298,317299,1,8
317290,317297,317298,1,7
317290,317297,317298,1,7
317290,317290,317299,9,0
317290,317290,317299,9,0
317290,317290,317299,9,0
317290,317296,317299,3,6
317290,317290,317298,8,0
317290,317294,317299,5,4
317290,317297,317299,2,7
317290,317298,317299,1,8
317290,317298,317299,1,8
317290,317290,317300,10,0
317290,317290,317300,10,0
317290,317290,317300,10,0
317290,317297,317300,3,7
317290,317290,317300,10,0
317290,317290,317301,11,0
317290,317290,317301,11,0
317290,317290,317302,12,0
317290,317290,317302,12,0
317290,317290,317303,13,0
317290,317290,317303,13,0
317290,317290,317313,23,0
317290,317290,317314,24,0
317290,317290,317314,24,0
317290,317290,317317,27,0
317329,317329,317330,1,0
317329,317329,317330,1,0
317329,317329,317330,1,0
317329,317329,317330,1,0
317329,317329,317331,2,0
317329,317329,317330,1,0
317329,317329,317330,1,0
317329,317329,317332,3,0
317329,317329,317332,3,0
317329,317331,317333,2,2
317329,317331,317333,2,2
317329,317330,317334,4,1
317329,317329,317334,5,0
317329,317331,317334,3,2
317329,317330,317333,3,1
317329,317329,317334,5,0
317329,317331,317334,3,2
317329,317329,317335,6,0
317329,317329,317335,6,0
317329,317333,317335,2,4
317329,317329,317335,6,0
317329,317329,317335,6,0
317329,317331,317334,3,2
317329,317329,317336,7,0
317329,317329,317336,7,0
317329,317329,317336,7,0
317329,317329,317336,7,0
317329,317329,317335,6,0
317329,317329,317336,7,0
317329,317334,317336,2,5
317329,317329,317335,6,0
317329,317333,317335,2,4
317329,317334,317336,2,5
317329,317334,317336,2,5
317329,317329,317336,7,0
317329,317334,317336,2,5
317329,317329,317337,8,0
317329,317329,317337,8,0
317329,317329,317337,8,0
317329,317329,317337,8,0
317329,317334,317337,3,5
317329,317335,317337,2,6
317329,317334,317337,3,5
317329,317335,317337,2,6
317329,317329,317336,7,0
317329,317335,317337,2,6
317329,317335,317337,2,6
317329,317336,317337,1,7
317329,317335,317336,1,6
317329,317335,317337,2,6
317329,317336,317337,1,7
317329,317329,317338,9,0
317329,317333,317338,5,4
317329,317329,317338,9,0
317329,317333,317338,5,4
317329,317336,317337,1,7
317329,317336,317338,2,7
317329,317336,317337,1,7
317329,317336,317338,2,7
317329,317336,317338,2,7
317329,317336,317338,2,7
317329,317336,317338,2,7
317329,317329,317339,10,0
317329,317329,317339,10,0
317329,317336,317339,3,7
317329,317329,317339,10,0
317329,317336,317339,3,7
317329,317336,317339,3,7
317329,317329,317339,10,0
317329,317329,317340,11,0
317329,317329,317340,11,0
317329,317329,317340,11,0
317329,317329,317339,10,0
317329,317329,317340,11,0
317329,317329,317342,13,0
317329,317329,317342,13,0
317329,317329,317343,14,0
317329,317329,317344,15,0
317329,317329,317344,15,0
317355,317355,317356,1,0
317355,317355,317356,1,0
317355,317355,317356,1,0
317355,317355,317356,1,0
317355,317355,317356,1,0
317355,317355,317356,1,0
317355,317355,317357,2,0
317355,317355,317358,3,0
317355,317355,317358,3,0
317355,317356,317359,3,1
317355,317356,317359,3,1
317355,317357,317359,2,2
317355,317357,317359,2,2
317355,317357,317360,3,2
317355,317357,317359,2,2
317355,317355,317360,5,0
317355,317357,317360,3,2
317355,317355,317361,6,0
317355,317355,317360,5,0
317355,317355,317360,5,0
317355,317355,317361,6,0
317355,317359,317361,2,4
317355,317355,317361,6,0
317355,317355,317361,6,0
317355,317355,317361,6,0
317355,317359,317361,2,4
317355,317355,317361,6,0
317355,317355,317361,6,0
317355,317355,317360,5,0
317355,317359,317361,2,4
317355,317355,317362,7,0
317355,317355,317362,7,0
317355,317355,317362,7,0
317355,317360,317362,2,5
317355,317355,317362,7,0
317355,317360,317362,2,5
317355,317360,317362,2,5
317355,317360,317362,2,5
317355,317361,317362,1,6
317355,317361,317362,1,6
317355,317355,317363,8,0
317355,317355,317363,8,0
317355,317355,317363,8,0
317355,317361,317363,2,6
317355,317361,317363,2,6
317355,317361,317363,2,6
317355,317361,317362,1,6
317355,317362,317363,1,7
317355,317361,317362,1,6
317355,317361,317363,2,6
317355,317361,317363,2,6
317355,317361,317363,2,6
317355,317361,317363,2,6
317355,317361,317363,2,6
317355,317360,317362,2,5
317355,317355,317364,9,0
317355,317355,317363,8,0
317355,317359,317363,4,4
317355,317355,317364,9,0
317355,317355,317364,9,0
317355,317355,317364,9,0
317355,317355,317363,8,0
317355,317362,317364,2,7
317355,317362,317364,2,7
317355,317355,317364,9,0
317355,317362,317364,2,7
317355,317355,317365,10,0
317355,317355,317365,10,0
317355,317362,317364,2,7
317355,317355,317365,10,0
317355,317358,317365,7,3
317355,317355,317365,10,0
317355,317361,317365,4,6
317355,317355,317365,10,0
317355,317355,317366,11,0
317355,317355,317366,11,0
317355,317355,317366,11,0
317355,317355,317367,12,0
317355,317355,317369,14,0
317380,317380,317381,1,0
317380,317380,317381,1,0
317380,317380,317381,1,0
317380,317380,317381,1,0
317380,317380,317381,1,0
317380,317380,317381,1,0
317380,317380,317381,1,0
317380,317380,317382,2,0
317380,317380,317384,4,0
317380,317380,317383,3,0
317380,317380,317383,3,0
317380,317382,317384,2,2
317380,317382,317384,2,2
317380,317381,317384,3,1
317380,317381,317384,3,1
317380,317381,317384,3,1
317380,317382,317384,2,2
317380,317380,317385,5,0
317380,317381,317385,4,1
317380,317380,317385,5,0
317380,317380,317385,5,0
317380,317380,317385,5,0
317380,317380,317385,5,0
317380,317380,317386,6,0
317380,317380,317386,6,0
317380,317380,317386,6,0
317380,317384,317386,2,4
317380,317384,317386,2,4
317380,317384,317386,2,4
317380,317380,317386,6,0
317380,317384,317386,2,4
317380,317384,317386,2,4
317380,317380,317387,7,0
317380,317380,317387,7,0
317380,317380,317387,7,0
317380,317385,317387,2,5
317380,317382,317386,4,2
317380,317385,317387,2,5
317380,317385,317387,2,5
317380,317380,317387,7,0
317380,317385,317387,2,5
317380,317380,317387,7,0
317380,317385,317387,2,5
317380,317385,317387,2,5
317380,317386,317387,1,6
317380,317385,317387,2,5
317380,317386,317387,1,6
317380,317380,317388,8,0
317380,317380,317388,8,0
317380,317384,317388,4,4
317380,317380,317388,8,0
317380,317384,317388,4,4
317380,317380,317388,8,0
317380,317386,317388,2,6
317380,317380,317387,7,0
317380,317386,317387,1,6
317380,317386,317388,2,6
317380,317386,317387,1,6
317380,317386,317387,1,6
317380,317386,317388,2,6
317380,317380,317389,9,0
317380,317387,317389,2,7
317380,317380,317388,8,0
317380,317380,317388,8,0
317380,317384,317388,4,4
317380,317387,317389,2,7
317380,317387,317389,2,7
317380,317380,317389,9,0
317380,317386,317389,3,6
317380,317380,317390,10,0
317380,317380,317389,9,0
317380,317380,317390,10,0
317380,317380,317390,10,0
317380,317380,317389,9,0
317380,317380,317391,11,0
317380,317380,317391,11,0
317380,317380,317391,11,0
317380,317380,317392,12,0
317380,317380,317396,16,0
317408,317409,317410,1,1
317408,317409,317410,1,1
317408,317409,317410,1,1
317408,317409,317410,1,1
317408,317409,317410,1,1
317408,317409,317410,1,1
317408,317409,317412,3,1
317408,317409,317412,3,1
317408,317410,317412,2,2
317408,317411,317412,1,3
317408,317409,317413,4,1
317408,317409,317413,4,1
317408,317409,317413,4,1
317408,317409,317414,5,1
317408,317409,317413,4,1
317408,317409,317413,4,1
317408,317409,317413,4,1
317408,317411,317413,2,3
317408,317409,317413,4,1
317408,317411,317413,2,3
317408,317411,317414,3,3
317408,317411,317413,2,3
317408,317409,317414,5,1
317408,317409,317415,6,1
317408,317409,317414,5,1
317408,317409,317414,5,1
317408,317411,317414,3,3
317408,317409,317414,5,1
317408,317409,317414,5,1
317408,317413,317414,1,5
317408,317409,317414,5,1
317408,317409,317414,5,1
317408,317409,317415,6,1
317408,317409,317414,5,1
317408,317409,317416,7,1
317408,317409,317415,6,1
317408,317413,317415,2,5
317408,317409,317416,7,1
317408,317409,317416,7,1
317408,317414,317416,2,6
317408,317409,317416,7,1
317408,317414,317415,1,6
317408,317414,317415,1,6
317408,317415,317416,1,7
317408,317414,317415,1,6
317408,317414,317415,1,6
317408,317414,317415,1,6
317408,317415,317416,1,7
317408,317409,317415,6,1
317408,317413,317415,2,5
317408,317415,317416,1,7
317408,317415,317416,1,7
317408,317414,317415,1,6
317408,317415,317416,1,7
317408,317415,317416,1,7
317408,317409,317416,7,1
317408,317413,317416,3,5
317408,317414,317416,2,6
317408,317409,317416,7,1
317408,317414,317416,2,6
317408,317415,317416,1,7
317408,317415,317416,1,7
317408,317415,317416,1,7
317408,317415,317416,1,7
317408,317409,317417,8,1
317408,317409,317417,8,1
317408,317415,317417,2,7
317408,317414,317417,3,6
317408,317414,317417,3,6
317408,317409,317418,9,1
317408,317409,317417,8,1
317408,317409,317418,9,1
317408,317415,317418,3,7
317408,317414,317419,5,6
317408,317409,317419,10,1
317408,317409,317419,10,1
317408,317409,317420,11,1
317408,317409,317421,12,1
317433,317433,317434,1,0
317433,317433,317434,1,0
317433,317433,317434,1,0
317433,317433,317434,1,0
317433,317433,317434,1,0
317433,317433,317434,1,0
317433,317433,317436,3,0
317433,317433,317436,3,0
317433,317433,317436,3,0
317433,317434,317436,2,1
317433,317433,317436,3,0
317433,317434,317436,2,1
317433,317434,317436,2,1
317433,317433,317436,3,0
317433,317433,317437,4,0
317433,317433,317437,4,0
317433,317433,317437,4,0
317433,317433,317437,4,0
317433,317433,317437,4,0
317433,317435,317437,2,2
317433,317435,317437,2,2
317433,317433,317437,4,0
317433,317433,317436,3,0
317433,317436,317437,1,3
317433,317433,317438,5,0
317433,317433,317438,5,0
317433,317433,317438,5,0
317433,317433,317437,4,0
317433,317433,317438,5,0
317433,317433,317438,5,0
317433,317433,317438,5,0
317433,317435,317437,2,2
317433,317433,317437,4,0
317433,317436,317438,2,3
317433,317436,317438,2,3
317433,317433,317438,5,0
317433,317436,317438,2,3
317433,317433,317438,5,0
317433,317436,317438,2,3
317433,317433,317439,6,0
317433,317433,317439,6,0
317433,317433,317439,6,0
317433,317433,317439,6,0
317433,317433,317439,6,0
317433,317437,317439,2,4
317433,317437,317439,2,4
317433,317437,317439,2,4
317433,317437,317438,1,4
317433,317438,317439,1,5
317433,317438,317439,1,5
317433,317433,317439,6,0
317433,317437,317439,2,4
317433,317433,317438,5,0
317433,317437,317439,2,4
317433,317433,317439,6,0
317433,317436,317440,4,3
317433,317433,317440,7,0
317433,317436,317440,4,3
317433,317433,317440,7,0
317433,317433,317440,7,0
317433,317433,317440,7,0
317433,317438,317440,2,5
317433,317438,317440,2,5
317433,317439,317440,1,6
317433,317433,317441,8,0
317433,317437,317441,4,4
317433,317437,317441,4,4
317433,317437,317441,4,4
317433,317438,317441,3,5
317433,317437,317440,3,4
317433,317438,317441,3,5
317433,317437,317441,4,4
317433,317438,317441,3,5
317433,317433,317441,8,0
317433,317438,317442,4,5
317433,317433,317442,9,0
317433,317438,317442,4,5
317433,317433,317443,10,0
317455,317455,317456,1,0
317455,317455,317456,1,0
317455,317455,317456,1,0
317455,317455,317456,1,0
317455,317455,317456,1,0
317455,317455,317456,1,0
317455,317456,317457,1,1
317455,317455,317458,3,0
317455,317456,317458,2,1
317455,317456,317458,2,1
317455,317455,317458,3,0
317455,317457,317459,2,2
317455,317458,317459,1,3
317455,317455,317460,5,0
317455,317455,317460,5,0
317455,317455,317459,4,0
317455,317455,317460,5,0
317455,317455,317460,5,0
317455,317457,317460,3,2
317455,317455,317460,5,0
317455,317457,317460,3,2
317455,317455,317460,5,0
317455,317455,317461,6,0
317455,317455,317460,5,0
317455,317455,317461,6,0
317455,317455,317460,5,0
317455,317455,317461,6,0
317455,317455,317461,6,0
317455,317458,317461,3,3
317455,317459,317461,2,4
317455,317455,317461,6,0
317455,317459,317460,1,4
317455,317455,317462,7,0
317455,317455,317462,7,0
317455,317455,317461,6,0
317455,317455,317462,7,0
317455,317455,317461,6,0
317455,317460,317461,1,5
317455,317460,317461,1,5
317455,317460,317462,2,5
317455,317458,317461,3,3
317455,317455,317462,7,0
317455,317455,317461,6,0
317455,317459,317461,2,4
317455,317460,317462,2,5
317455,317459,317461,2,4
317455,317455,317461,6,0
317455,317460,317462,2,5
317455,317461,317462,1,6
317455,317455,317463,8,0
317455,317455,317463,8,0
317455,317460,317462,2,5
317455,317455,317462,7,0
317455,317455,317463,8,0
317455,317455,317462,7,0
317455,317455,317463,8,0
317455,317461,317462,1,6
317455,317461,317463,2,6
317455,317461,317462,1,6
317455,317461,317462,1,6
317455,317461,317463,2,6
317455,317455,317463,8,0
317455,317455,317463,8,0
317455,317461,317464,3,6
317455,317460,317464,4,5
317455,317461,317464,3,6
317455,317455,317463,8,0
317455,317455,317464,9,0
317455,317462,317464,2,7
317455,317462,317464,2,7
317455,317460,317464,4,5
317455,317461,317464,3,6
317455,317461,317464,3,6
317455,317462,317464,2,7
317455,317461,317464,3,6
317455,317455,317467,12,0
317455,317455,317467,12,0
317455,317455,317468,13,0
317455,317455,317469,14,0
317480,317480,317481,1,0
317480,317480,317481,1,0
317480,317480,317482,2,0
317480,317480,317481,1,0
317480,317480,317481,1,0
317480,317480,317481,1,0
317480,317480,317482,2,0
317480,317481,317483,2,1
317480,317481,317483,2,1
317480,317480,317484,4,0
317480,317480,317484,4,0
317480,317482,317484,2,2
317480,317483,317484,1,3
317480,317480,317485,5,0
317480,317480,317485,5,0
317480,317482,317484,2,2
317480,317482,317485,3,2
317480,317482,317485,3,2
317480,317483,317485,2,3
317480,317480,317485,5,0
317480,317480,317486,6,0
317480,317480,317486,6,0
317480,317480,317486,6,0
317480,317480,317486,6,0
317480,317480,317485,5,0
317480,317480,317486,6,0
317480,317480,317486,6,0
317480,317484,317486,2,4
317480,317485,317486,1,5
317480,317480,317486,6,0
317480,317480,317486,6,0
317480,317480,317486,6,0
317480,317485,317486,1,5
317480,317485,317486,1,5
317480,317486,317487,1,6
317480,317480,317486,6,0
317480,317480,317486,6,0
317480,317485,317486,1,5
317480,317480,317487,7,0
317480,317480,317487,7,0
317480,317480,317487,7,0
317480,317480,317487,7,0
317480,317480,317487,7,0
317480,317480,317487,7,0
317480,317486,317487,1,6
317480,317486,317487,1,6
317480,317485,317487,2,5
317480,317485,317487,2,5
317480,317480,317487,7,0
317480,317485,317487,2,5
317480,317486,317487,1,6
317480,317487,317488,1,7
317480,317487,317488,1,7
317480,317480,317488,8,0
317480,317480,317488,8,0
317480,317480,317488,8,0
317480,317486,317488,2,6
317480,317487,317488,1,7
317480,317480,317488,8,0
317480,317480,317488,8,0
317480,317487,317488,1,7
317480,317487,317488,1,7
317480,317487,317488,1,7
317480,317480,317489,9,0
317480,317486,317489,3,6
317480,317480,317489,9,0
317480,317486,317489,3,6
317480,317486,317489,3,6
317480,317480,317489,9,0
317480,317486,317489,3,6
317480,317486,317489,3,6
317480,317486,317489,3,6
317480,317480,317490,10,0
317480,317480,317490,10,0
317480,317480,317490,10,0
317480,317480,317491,11,0
317480,317480,317492,12,0
317503,317504,317505,1,1
317503,317504,317505,1,1
317503,317504,317505,1,1
317503,317504,317505,1,1
317503,317504,317505,1,1
317503,317504,317505,1,1
317503,317504,317508,4,1
317503,317504,317508,4,1
317503,317505,317507,2,2
317503,317504,317507,3,1
317503,317505,317507,2,2
317503,317506,317507,1,3
317503,317506,317507,1,3
317503,317504,317508,4,1
317503,317504,317508,4,1
317503,317504,317508,4,1
317503,317506,317508,2,3
317503,317504,317508,4,1
317503,317506,317508,2,3
317503,317504,317508,4,1
317503,317504,317509,5,1
317503,317504,317509,5,1
317503,317504,317509,5,1
317503,317504,317509,5,1
317503,317504,317509,5,1
317503,317504,317509,5,1
317503,317504,317509,5,1
317503,317506,317509,3,3
317503,317509,317510,1,6
317503,317508,317509,1,5
317503,317508,317509,1,5
317503,317508,317509,1,5
317503,317508,317510,2,5
317503,317509,317510,1,6
317503,317508,317509,1,5
317503,317509,317510,1,6
317503,317508,317509,1,5
317503,317508,317509,1,5
317503,317509,317510,1,6
317503,317504,317510,6,1
317503,317504,317510,6,1
317503,317504,317510,6,1
317503,317504,317510,6,1
317503,317504,317510,6,1
317503,317504,317510,6,1
317503,317504,317510,6,1
317503,317509,317510,1,6
317503,317510,317511,1,7
317503,317510,317511,1,7
317503,317504,317510,6,1
317503,317509,317510,1,6
317503,317504,317510,6,1
317503,317510,317511,1,7
317503,317504,317510,6,1
317503,317504,317510,6,1
317503,317510,317511,1,7
317503,317510,317511,1,7
317503,317510,317511,1,7
317503,317504,317511,7,1
317503,317509,317511,2,6
317503,317510,317512,2,7
317503,317504,317511,7,1
317503,317504,317511,7,1
317503,317509,317511,2,6
317503,317510,317511,1,7
317503,317510,317511,1,7
317503,317510,317511,1,7
317503,317504,317511,7,1
317503,317504,317512,8,1
317503,317504,317512,8,1
317503,317504,317513,9,1
317503,317510,317512,2,7
317503,317504,317512,8,1
317503,317504,317513,9,1
317503,317510,317513,3,7
317503,317504,317513,9,1
317503,317504,317514,10,1
317503,317510,317514,4,7
317526,317526,317527,1,0
317526,317526,317527,1,0
317526,317526,317527,1,0
317526,317526,317527,1,0
317526,317526,317527,1,0
317526,317526,317527,1,0
317526,317526,317528,2,0
317526,317526,317529,3,0
317526,317526,317528,2,0
317526,317527,317528,1,1
317526,317527,317529,2,1
317526,317527,317530,3,1
317526,317527,317529,2,1
317526,317528,317529,1,2
317526,317526,317530,4,0
317526,317526,317530,4,0
317526,317527,317530,3,1
317526,317526,317530,4,0
317526,317526,317530,4,0
317526,317526,317531,5,0
317526,317529,317530,1,3
317526,317530,317531,1,4
317526,317529,317530,1,3
317526,317526,317532,6,0
317526,317526,317531,5,0
317526,317529,317531,2,3
317526,317526,317532,6,0
317526,317526,317532,6,0
317526,317526,317531,5,0
317526,317530,317531,1,4
317526,317526,317532,6,0
317526,317530,317532,2,4
317526,317530,317531,1,4
317526,317531,317532,1,5
317526,317526,317531,5,0
317526,317530,317531,1,4
317526,317526,317532,6,0
317526,317526,317532,6,0
317526,317526,317533,7,0
317526,317529,317532,3,3
317526,317526,317532,6,0
317526,317526,317533,7,0
317526,317526,317532,6,0
317526,317526,317532,6,0
317526,317531,317532,1,5
317526,317532,317533,1,6
317526,317526,317533,7,0
317526,317531,317532,1,5
317526,317532,317533,1,6
317526,317532,317533,1,6
317526,317531,317532,1,5
317526,317531,317532,1,5
317526,317532,317533,1,6
317526,317526,317532,6,0
317526,317531,317532,1,5
317526,317532,317533,1,6
317526,317526,317533,7,0
317526,317531,317534,3,5
317526,317526,317533,7,0
317526,317526,317534,8,0
317526,317531,317533,2,5
317526,317526,317534,8,0
317526,317532,317533,1,6
317526,317532,317533,1,6
317526,317532,317533,1,6
317526,317526,317534,8,0
317526,317532,317534,2,6
317526,317526,317534,8,0
317526,317532,317534,2,6
317526,317532,317534,2,6
317526,317526,317535,9,0
317526,317526,317535,9,0
317526,317526,317535,9,0
317526,317526,317535,9,0
317526,317526,317535,9,0
317526,317532,317535,3,6
317526,317526,317536,10,0
317526,317526,317536,10,0
317526,317526,317536,10,0
317548,317548,317550,2,0
317548,317548,317550,2,0
317548,317548,317550,2,0
317548,317548,317550,2,0
317548,317548,317550,2,0
317548,317548,317550,2,0
317548,317548,317551,3,0
317548,317548,317552,4,0
317548,317548,317552,4,0
317548,317551,317552,1,3
317548,317548,317552,4,0
317548,317551,317552,1,3
317548,317551,317552,1,3
317548,317551,317552,1,3
317548,317548,317553,5,0
317548,317549,317553,4,1
317548,317549,317553,4,1
317548,317551,317553,2,3
317548,317551,317553,2,3
317548,317553,317554,1,5
317548,317548,317553,5,0
317548,317553,317554,1,5
317548,317552,317553,1,4
317548,317548,317553,5,0
317548,317553,317554,1,5
317548,317553,317554,1,5
317548,317548,317554,6,0
317548,317548,317554,6,0
317548,317548,317554,6,0
317548,317548,317554,6,0
317548,317549,317554,5,1
317548,317553,317554,1,5
317548,317548,317554,6,0
317548,317548,317554,6,0
317548,317553,317554,1,5
317548,317554,317555,1,6
317548,317548,317554,6,0
317548,317554,317555,1,6
317548,317548,317554,6,0
317548,317548,317554,6,0
317548,317554,317555,1,6
317548,317554,317555,1,6
317548,317548,317555,7,0
317548,317548,317556,8,0
317548,317548,317555,7,0
317548,317548,317556,8,0
317548,317553,317555,2,5
317548,317548,317555,7,0
317548,317548,317555,7,0
317548,317554,317555,1,6
317548,317554,317555,1,6
317548,317554,317555,1,6
317548,317555,317556,1,7
317548,317554,317555,1,6
317548,317555,317556,1,7
317548,317554,317555,1,6
317548,317555,317556,1,7
317548,317548,317556,8,0
317548,317548,317556,8,0
317548,317548,317556,8,0
317548,317549,317556,7,1
317548,317555,317556,1,7
317548,317548,317556,8,0
317548,317554,317557,3,6
317548,317555,317556,1,7
317548,317548,317556,8,0
317548,317548,317558,10,0
317548,317549,317557,8,1
317548,317555,317557,2,7
317548,317548,317557,9,0
317548,317554,317558,4,6
317548,317555,317557,2,7
317548,317555,317557,2,7
317548,317554,317557,3,6
317548,317555,317557,2,7
317548,317548,317557,9,0
317548,317548,317558,10,0
317548,317548,317558,10,0
317548,317548,317558,10,0
317569,317569,317571,2,0
317569,317569,317571,2,0
317569,317570,317571,1,1
317569,317569,317571,2,0
317569,317570,317571,1,1
317569,317569,317571,2,0
317569,317570,317571,1,1
317569,317570,317573,3,1
317569,317572,317573,1,3
317569,317572,317573,1,3
317569,317572,317574,2,3
317569,317572,317573,1,3
317569,317572,317573,1,3
317569,317570,317574,4,1
317569,317570,317575,5,1
317569,317570,317574,4,1
317569,317570,317574,4,1
317569,317572,317574,2,3
317569,317570,317574,4,1
317569,317572,317574,2,3
317569,317574,317575,1,5
317569,317570,317575,5,1
317569,317570,317575,5,1
317569,317574,317575,1,5
317569,317574,317575,1,5
317569,317574,317575,1,5
317569,317570,317575,5,1
317569,317574,317575,1,5
317569,317570,317576,6,1
317569,317575,317577,2,6
317569,317570,317576,6,1
317569,317575,317576,1,6
317569,317574,317576,2,5
317569,317575,317576,1,6
317569,317570,317576,6,1
317569,317570,317576,6,1
317569,317570,317576,6,1
317569,317575,317576,1,6
317569,317576,317577,1,7
317569,317570,317576,6,1
317569,317570,317577,7,1
317569,317575,317576,1,6
317569,317570,317576,6,1
317569,317575,317576,1,6
317569,317570,317577,7,1
317569,317575,317577,2,6
317569,317575,317577,2,6
317569,317570,317577,7,1
317569,317570,317577,7,1
317569,317576,317577,1,7
317569,317576,317577,1,7
317569,317577,317578,1,8
317569,317576,317577,1,7
317569,317576,317577,1,7
317569,317576,317577,1,7
317569,317570,317578,8,1
317569,317570,317578,8,1
317569,317576,317579,3,7
317569,317577,317578,1,8
317569,317577,317578,1,8
317569,317577,317578,1,8
317569,317570,317578,8,1
317569,317577,317579,2,8
317569,317570,317579,9,1
317569,317577,317579,2,8
317569,317570,317579,9,1
317569,317577,317579,2,8
317569,317570,317579,9,1
317569,317570,317579,9,1
317569,317570,317580,10,1
317569,317570,317580,10,1
317569,317570,317580,10,1
317569,317570,317581,11,1
317569,317570,317581,11,1
317569,317570,317582,12,1
317569,317570,317582,12,1
317569,317570,317583,13,1
317569,317570,317583,13,1
317569,317570,317584,14,1
317595,317596,317597,1,1
317595,317596,317597,1,1
317595,317596,317597,1,1
317595,317596,317598,2,1
317595,317597,317598,1,2
317595,317597,317598,1,2
317595,317596,317599,3,1
317595,317598,317599,1,3
317595,317597,317599,2,2
317595,317598,317599,1,3
317595,317596,317600,4,1
317595,317596,317600,4,1
317595,317596,317601,5,1
317595,317596,317601,5,1
317595,317596,317600,4,1
317595,317598,317600,2,3
317595,317600,317601,1,5
317595,317599,317600,1,4
317595,317599,317600,1,4
317595,317599,317600,1,4
317595,317596,317601,5,1
317595,317596,317601,5,1
317595,317600,317601,1,5
317595,317596,317602,6,1
317595,317596,317602,6,1
317595,317601,317602,1,6
317595,317596,317602,6,1
317595,317596,317601,5,1
317595,317600,317601,1,5
317595,317601,317602,1,6
317595,317596,317602,6,1
317595,317600,317602,2,5
317595,317596,317602,6,1
317595,317602,317603,1,7
317595,317601,317602,1,6
317595,317596,317602,6,1
317595,317596,317602,6,1
317595,317596,317602,6,1
317595,317601,317602,1,6
317595,317601,317602,1,6
317595,317602,317603,1,7
317595,317596,317602,6,1
317595,317602,317603,1,7
317595,317596,317603,7,1
317595,317601,317604,3,6
317595,317596,317603,7,1
317595,317601,317603,2,6
317595,317601,317603,2,6
317595,317596,317603,7,1
317595,317602,317603,1,7
317595,317596,317603,7,1
317595,317596,317603,7,1
317595,317602,317603,1,7
317595,317602,317603,1,7
317595,317602,317603,1,7
317595,317602,317603,1,7
317595,317602,317603,1,7
317595,317596,317604,8,1
317595,317596,317604,8,1
317595,317596,317604,8,1
317595,317602,317604,2,7
317595,317596,317604,8,1
317595,317601,317604,3,6
317595,317601,317604,3,6
317595,317596,317604,8,1
317595,317603,317605,2,8
317595,317603,317604,1,8
317595,317596,317605,9,1
317595,317596,317606,10,1
317595,317596,317605,9,1
317595,317596,317606,10,1
317595,317596,317606,10,1
317595,317596,317607,11,1
317595,317596,317607,11,1
317595,317596,317614,18,1
317595,317596,317615,19,1
317628,317628,317629,1,0
317628,317628,317629,1,0
317628,317628,317629,1,0
317628,317628,317629,1,0
317628,317628,317629,1,0
317628,317628,317629,1,0
317628,317628,317631,3,0
317628,317628,317630,2,0
317628,317629,317631,2,1
317628,317629,317630,1,1
317628,317628,317632,4,0
317628,317628,317631,3,0
317628,317628,317631,3,0
317628,317629,317631,2,1
317628,317630,317631,1,2
317628,317630,317632,2,2
317628,317628,317632,4,0
317628,317628,317632,4,0
317628,317628,317633,5,0
317628,317630,317632,2,2
317628,317631,317632,1,3
317628,317628,317633,5,0
317628,317632,317633,1,4
317628,317631,317632,1,3
317628,317628,317632,4,0
317628,317631,317632,1,3
317628,317632,317633,1,4
317628,317632,317634,2,4
317628,317628,317633,5,0
317628,317632,317634,2,4
317628,317632,317633,1,4
317628,317628,317634,6,0
317628,317628,317633,5,0
317628,317633,317634,1,5
317628,317628,317634,6,0
317628,317633,317634,1,5
317628,317628,317634,6,0
317628,317628,317634,6,0
317628,317628,317634,6,0
317628,317631,317634,3,3
317628,317628,317634,6,0
317628,317628,317634,6,0
317628,317633,317634,1,5
317628,317633,317635,2,5
317628,317633,317634,1,5
317628,317634,317635,1,6
317628,317633,317634,1,5
317628,317633,317634,1,5
317628,317634,317635,1,6
317628,317628,317634,6,0
317628,317628,317634,6,0
317628,317633,317635,2,5
317628,317634,317635,1,6
317628,317633,317634,1,5
317628,317633,317634,1,5
317628,317633,317634,1,5
317628,317634,317635,1,6
317628,317628,317636,8,0
317628,317633,317636,3,5
317628,317634,317636,2,6
317628,317628,317635,7,0
317628,317634,317635,1,6
317628,317628,317636,8,0
317628,317628,317637,9,0
317628,317634,317636,2,6
317628,317628,317636,8,0
317628,317634,317636,2,6
317628,317628,317637,9,0
317628,317628,317637,9,0
317628,317628,317637,9,0
317628,317628,317637,9,0
317628,317628,317637,9,0
317628,317628,317638,10,0
317628,317628,317639,11,0
317628,317628,317639,11,0
317628,317628,317639,11,0
317628,317628,317641,13,0
317628,317628,317641,13,0
317628,317628,317642,14,0
317653,317653,317654,1,0
317653,317653,317654,1,0
317653,317653,317655,2,0
317653,317653,317655,2,0
317653,317653,317655,2,0
317653,317653,317654,1,0
317653,317653,317656,3,0
317653,317653,317656,3,0
317653,317653,317656,3,0
317653,317653,317657,4,0
317653,317654,317657,3,1
317653,317655,317657,2,2
317653,317654,317657,3,1
317653,317653,317657,4,0
317653,317655,317657,2,2
317653,317653,317658,5,0
317653,317653,317658,5,0
317653,317653,317657,4,0
317653,317653,317658,5,0
317653,317653,317658,5,0
317653,317655,317658,3,2
317653,317653,317658,5,0
317653,317653,317658,5,0
317653,317653,317658,5,0
317653,317657,317658,1,4
317653,317653,317658,5,0
317653,317655,317658,3,2
317653,317657,317658,1,4
317653,317656,317658,2,3
317653,317653,317658,5,0
317653,317656,317658,2,3
317653,317653,317659,6,0
317653,317653,317659,6,0
317653,317658,317659,1,5
317653,317658,317659,1,5
317653,317658,317659,1,5
317653,317653,317660,7,0
317653,317657,317660,3,4
317653,317653,317660,7,0
317653,317658,317660,2,5
317653,317653,317660,7,0
317653,317659,317660,1,6
317653,317659,317660,1,6
317653,317659,317660,1,6
317653,317659,317660,1,6
317653,317653,317660,7,0
317653,317659,317660,1,6
317653,317653,317661,8,0
317653,317653,317661,8,0
317653,317658,317661,3,5
317653,317656,317661,5,3
317653,317658,317661,3,5
317653,317653,317661,8,0
317653,317658,317661,3,5
317653,317659,317661,2,6
317653,317653,317661,8,0
317653,317660,317661,1,7
317653,317653,317661,8,0
317653,317653,317662,9,0
317653,317653,317662,9,0
317653,317653,317662,9,0
317653,317658,317662,4,5
317653,317653,317662,9,0
317653,317653,317662,9,0
317653,317659,317662,3,6
317653,317653,317663,10,0
317653,317653,317663,10,0
317653,317658,317663,5,5
317653,317653,317663,10,0
317653,317658,317664,6,5
317653,317653,317665,12,0
317653,317653,317667,14,0
317653,317653,317669,16,0
317653,317653,317668,15,0
317681,317681,317682,1,0
317681,317681,317682,1,0
317681,317681,317682,1,0
317681,317681,317682,1,0
317681,317681,317682,1,0
317681,317681,317682,1,0
317681,317681,317683,2,0
317681,317682,317684,2,1
317681,317682,317683,1,1
317681,317681,317684,3,0
317681,317681,317685,4,0
317681,317681,317684,3,0
317681,317683,317685,2,2
317681,317681,317684,3,0
317681,317683,317684,1,2
317681,317681,317684,3,0
317681,317681,317685,4,0
317681,317681,317685,4,0
317681,317681,317685,4,0
317681,317681,317685,4,0
317681,317681,317685,4,0
317681,317683,317685,2,2
317681,317681,317685,4,0
317681,317683,317685,2,2
317681,317681,317685,4,0
317681,317684,317685,1,3
317681,317681,317687,6,0
317681,317681,317687,6,0
317681,317684,317686,2,3
317681,317685,317686,1,4
317681,317685,317687,2,4
317681,317681,317686,5,0
317681,317684,317686,2,3
317681,317685,317687,2,4
317681,317681,317687,6,0
317681,317685,317687,2,4
317681,317685,317687,2,4
317681,317681,317687,6,0
317681,317681,317688,7,0
317681,317681,317688,7,0
317681,317681,317688,7,0
317681,317681,317687,6,0
317681,317681,317687,6,0
317681,317681,317687,6,0
317681,317685,317687,2,4
317681,317686,317688,2,5
317681,317686,317688,2,5
317681,317686,317688,2,5
317681,317686,317688,2,5
317681,317687,317688,1,6
317681,317686,317687,1,5
317681,317687,317688,1,6
317681,317687,317688,1,6
317681,317686,317688,2,5
317681,317687,317688,1,6
317681,317687,317688,1,6
317681,317681,317688,7,0
317681,317686,317689,3,5
317681,317687,317688,1,6
317681,317687,317688,1,6
317681,317687,317688,1,6
317681,317685,317688,3,4
317681,317681,317689,8,0
317681,317686,317689,3,5
317681,317681,317690,9,0
317681,317686,317689,3,5
317681,317686,317690,4,5
317681,317681,317689,8,0
317681,317681,317691,10,0
317681,317681,317690,9,0
317681,317681,317691,10,0
317681,317681,317691,10,0
317681,317687,317690,3,6
317681,317681,317692,11,0
317681,317681,317692,11,0
317681,317681,317693,12,0
317681,317681,317694,13,0
317681,317681,317694,13,0
317681,317681,317698,17,0
317710,317710,317711,1,0
317710,317710,317711,1,0
317710,317710,317711,1,0
317710,317710,317711,1,0
317710,317710,317711,1,0
317710,317710,317711,1,0
317710,317711,317712,1,1
317710,317710,317713,3,0
317710,317710,317713,3,0
317710,317710,317712,2,0
317710,317711,317712,1,1
317710,317710,317713,3,0
317710,317712,317714,2,2
317710,317712,317714,2,2
317710,317712,317714,2,2
317710,317712,317714,2,2
317710,317710,317714,4,0
317710,317710,317715,5,0
317710,317710,317715,5,0
317710,317710,317714,4,0
317710,317710,317715,5,0
317710,317712,317714,2,2
317710,317710,317716,6,0
317710,317710,317716,6,0
317710,317710,317715,5,0
317710,317710,317716,6,0
317710,317710,317715,5,0
317710,317710,317715,5,0
317710,317714,317716,2,4
317710,317710,317715,5,0
317710,317710,317716,6,0
317710,317713,317715,2,3
317710,317714,317716,2,4
317710,317710,317715,5,0
317710,317713,317715,2,3
317710,317710,317715,5,0
317710,317714,317716,2,4
317710,317714,317716,2,4
317710,317710,317716,6,0
317710,317710,317716,6,0
317710,317710,317716,6,0
317710,317710,317717,7,0
317710,317710,317717,7,0
317710,317715,317717,2,5
317710,317715,317717,2,5
317710,317716,317717,1,6
317710,317716,317717,1,6
317710,317715,317717,2,5
317710,317715,317717,2,5
317710,317715,317717,2,5
317710,317710,317718,8,0
317710,317710,317717,7,0
317710,317710,317717,7,0
317710,317714,317718,4,4
317710,317710,317718,8,0
317710,317710,317717,7,0
317710,317716,317717,1,6
317710,317716,317717,1,6
317710,317716,317717,1,6
317710,317715,317717,2,5
317710,317716,317717,1,6
317710,317716,317717,1,6
317710,317716,317717,1,6
317710,317716,317717,1,6
317710,317710,317718,8,0
317710,317710,317719,9,0
317710,317710,317718,8,0
317710,317716,317719,3,6
317710,317710,317718,8,0
317710,317716,317718,2,6
317710,317710,317719,9,0
317710,317713,317718,5,3
317710,317713,317718,5,3
317710,317710,317719,9,0
317710,317716,317719,3,6
317710,317710,317719,9,0
317710,317716,317720,4,6
317710,317710,317722,12,0
317710,317710,317722,12,0
317734,317734,317735,1,0
317734,317734,317735,1,0
317734,317734,317735,1,0
317734,317734,317736,2,0
317734,317734,317736,2,0
317734,317734,317735,1,0
317734,317735,317737,2,1
317734,317734,317737,3,0
317734,317735,317737,2,1
317734,317736,317738,2,2
317734,317736,317738,2,2
317734,317735,317737,2,1
317734,317736,317738,2,2
317734,317734,317738,4,0
317734,317734,317739,5,0
317734,317734,317739,5,0
317734,317734,317739,5,0
317734,317734,317739,5,0
317734,317738,317739,1,4
317734,317734,317740,6,0
317734,317734,317740,6,0
317734,317734,317740,6,0
317734,317734,317740,6,0
317734,317734,317740,6,0
317734,317737,317740,3,3
317734,317734,317740,6,0
317734,317738,317740,2,4
317734,317734,317740,6,0
317734,317737,317740,3,3
317734,317739,317740,1,5
317734,317734,317740,6,0
317734,317739,317740,1,5
317734,317734,317741,7,0
317734,317734,317741,7,0
317734,317734,317741,7,0
317734,317734,317741,7,0
317734,317734,317741,7,0
317734,317734,317741,7,0
317734,317734,317741,7,0
317734,317738,317741,3,4
317734,317739,317741,2,5
317734,317734,317741,7,0
317734,317741,317742,1,7
317734,317741,317742,1,7
317734,317734,317741,7,0
317734,317740,317741,1,6
317734,317741,317742,1,7
317734,317741,317742,1,7
317734,317734,317742,8,0
317734,317734,317742,8,0
317734,317741,317742,1,7
317734,317741,317742,1,7
317734,317741,317742,1,7
317734,317741,317742,1,7
317734,317734,317743,9,0
317734,317740,317743,3,6
317734,317739,317743,4,5
317734,317739,317743,4,5
317734,317741,317743,2,7
317734,317739,317743,4,5
317734,317742,317743,1,8
317734,317739,317743,4,5
317734,317734,317743,9,0
317734,317734,317743,9,0
317734,317734,317743,9,0
317734,317734,317744,10,0
317734,317734,317744,10,0
317734,317734,317743,9,0
317734,317734,317744,10,0
317734,317740,317744,4,6
317734,317734,317744,10,0
317734,317740,317744,4,6
317734,317734,317744,10,0
317734,317734,317744,10,0
317734,317740,317745,5,6
317734,317742,317745,3,8
317734,317734,317746,12,0
317734,317734,317750,16,0
317762,317762,317763,1,0
317762,317762,317763,1,0
317762,317762,317764,2,0
317762,317762,317764,2,0
317762,317762,317764,2,0
317762,317762,317764,2,0
317762,317763,317765,2,1
317762,317762,317766,4,0
317762,317763,317766,3,1
317762,317762,317766,4,0
317762,317764,317766,2,2
317762,317764,317766,2,2
317762,317765,317766,1,3
317762,317762,317767,5,0
317762,317762,317767,5,0
317762,317764,317767,3,2
317762,317766,317767,1,4
317762,317762,317768,6,0
317762,317762,317768,6,0
317762,317762,317768,6,0
317762,317762,317768,6,0
317762,317762,317768,6,0
317762,317762,317768,6,0
317762,317767,317768,1,5
317762,317762,317768,6,0
317762,317767,317768,1,5
317762,317767,317768,1,5
317762,317767,317768,1,5
317762,317762,317768,6,0
317762,317767,317768,1,5
317762,317762,317769,7,0
317762,317762,317769,7,0
317762,317762,317769,7,0
317762,317762,317769,7,0
317762,317762,317769,7,0
317762,317762,317769,7,0
317762,317762,317769,7,0
317762,317762,317769,7,0
317762,317769,317770,1,7
317762,317768,317769,1,6
317762,317768,317770,2,6
317762,317769,317770,1,7
317762,317769,317770,1,7
317762,317762,317769,7,0
317762,317768,317769,1,6
317762,317769,317770,1,7
317762,317762,317770,8,0
317762,317762,317770,8,0
317762,317767,317770,3,5
317762,317762,317770,8,0
317762,317769,317770,1,7
317762,317769,317770,1,7
317762,317762,317770,8,0
317762,317769,317770,1,7
317762,317769,317770,1,7
317762,317769,317772,3,7
317762,317762,317771,9,0
317762,317762,317771,9,0
317762,317767,317771,4,5
317762,317762,317771,9,0
317762,317762,317771,9,0
317762,317770,317771,1,8
317762,317762,317771,9,0
317762,317762,317771,9,0
317762,317769,317772,3,7
317762,317770,317772,2,8
317762,317770,317772,2,8
317762,317770,317772,2,8
317762,317769,317772,3,7
317762,317770,317772,2,8
317762,317762,317773,11,0
317762,317762,317772,10,0
317762,317769,317773,4,7
317762,317762,317773,11,0
317762,317762,317774,12,0
317762,317762,317774,12,0
317762,317762,317774,12,0
317762,317769,317775,6,7
317762,317762,317777,15,0
317788,317788,317789,1,0
317788,317788,317789,1,0
317788,317788,317789,1,0
317788,317788,317789,1,0
317788,317788,317790,2,0
317788,317788,317790,2,0
317788,317788,317791,3,0
317788,317789,317791,2,1
317788,317789,317791,2,1
317788,317790,317792,2,2
317788,317790,317792,2,2
317788,317790,317792,2,2
317788,317790,317792,2,2
317788,317788,317793,5,0
317788,317788,317793,5,0
317788,317788,317793,5,0
317788,317788,317793,5,0
317788,317791,317793,2,3
317788,317788,317794,6,0
317788,317788,317794,6,0
317788,317788,317794,6,0
317788,317788,317794,6,0
317788,317791,317794,3,3
317788,317791,317793,2,3
317788,317792,317794,2,4
317788,317792,317794,2,4
317788,317788,317795,7,0
317788,317788,317795,7,0
317788,317788,317795,7,0
317788,317792,317795,3,4
317788,317788,317795,7,0
317788,317788,317795,7,0
317788,317788,317795,7,0
317788,317788,317795,7,0
317788,317788,317795,7,0
317788,317792,317795,3,4
317788,317788,317795,7,0
317788,317793,317795,2,5
317788,317794,317795,1,6
317788,317788,317795,7,0
317788,317788,317796,8,0
317788,317788,317796,8,0
317788,317788,317795,7,0
317788,317788,317796,8,0
317788,317788,317796,8,0
317788,317795,317796,1,7
317788,317794,317796,2,6
317788,317795,317796,1,7
317788,317788,317796,8,0
317788,317788,317796,8,0
317788,317794,317796,2,6
317788,317795,317796,1,7
317788,317795,317796,1,7
317788,317788,317795,7,0
317788,317794,317796,2,6
317788,317795,317796,1,7
317788,317788,317797,9,0
317788,317788,317797,9,0
317788,317793,317797,4,5
317788,317794,317797,3,6
317788,317788,317797,9,0
317788,317793,317797,4,5
317788,317794,317797,3,6
317788,317788,317797,9,0
317788,317795,317797,2,7
317788,317795,317796,1,7
317788,317795,317797,2,7
317788,317788,317798,10,0
317788,317788,317797,9,0
317788,317795,317798,3,7
317788,317788,317798,10,0
317788,317794,317797,3,6
317788,317793,317798,5,5
317788,317794,317798,4,6
317788,317788,317798,10,0
317788,317793,317798,5,5
317788,317788,317799,11,0
317788,317788,317801,13,0
317788,317788,317802,14,0
317814,317814,317815,1,0
317814,317814,317815,1,0
317814,317814,317815,1,0
317814,317814,317815,1,0
317814,317814,317816,2,0
317814,317814,317816,2,0
317814,317814,317817,3,0
317814,317815,317817,2,1
317814,317815,317817,2,1
317814,317815,317817,2,1
317814,317816,317818,2,2
317814,317814,317819,5,0
317814,317816,317819,3,2
317814,317814,317819,5,0
317814,317814,317820,6,0
317814,317814,317820,6,0
317814,317817,317820,3,3
317814,317814,317820,6,0
317814,317818,317820,2,4
317814,317814,317820,6,0
317814,317816,317820,4,2
317814,317818,317819,1,4
317814,317817,317820,3,3
317814,317814,317820,6,0
317814,317820,317821,1,6
317814,317814,317821,7,0
317814,317814,317821,7,0
317814,317814,317821,7,0
317814,317814,317821,7,0
317814,317814,317821,7,0
317814,317814,317821,7,0
317814,317814,317821,7,0
317814,317814,317821,7,0
317814,317814,317821,7,0
317814,317814,317821,7,0
317814,317814,317821,7,0
317814,317820,317821,1,6
317814,317814,317821,7,0
317814,317814,317821,7,0
317814,317814,317821,7,0
317814,317814,317822,8,0
317814,317814,317822,8,0
317814,317814,317822,8,0
317814,317814,317822,8,0
317814,317820,317822,2,6
317814,317819,317822,3,5
317814,317817,317822,5,3
317814,317814,317822,8,0
317814,317821,317822,1,7
317814,317821,317822,1,7
317814,317821,317822,1,7
317814,317814,317822,8,0
317814,317821,317822,1,7
317814,317821,317822,1,7
317814,317821,317822,1,7
317814,317821,317822,1,7
317814,317821,317823,2,7
317814,317821,317823,2,7
317814,317821,317823,2,7
317814,317821,317823,2,7
317814,317814,317823,9,0
317814,317821,317823,2,7
317814,317820,317823,3,6
317814,317822,317823,1,8
317814,317814,317824,10,0
317814,317821,317824,3,7
317814,317814,317824,10,0
317814,317821,317825,4,7
317814,317814,317825,11,0
317814,317814,317825,11,0
317814,317814,317826,12,0
317814,317814,317827,13,0
317814,317814,317827,13,0
317814,317814,317828,14,0
317814,317814,317836,22,0
317847,317847,317848,1,0
317847,317847,317848,1,0
317847,317847,317848,1,0
317847,317847,317848,1,0
317847,317847,317849,2,0
317847,317847,317848,1,0
317847,317847,317848,1,0
317847,317848,317850,2,1
317847,317848,317850,2,1
317847,317848,317850,2,1
317847,317849,317851,2,2
317847,317847,317852,5,0
317847,317849,317852,3,2
317847,317849,317852,3,2
317847,317850,317852,2,3
317847,317851,317852,1,4
317847,317847,317853,6,0
317847,317847,317852,5,0
317847,317847,317853,6,0
317847,317847,317853,6,0
317847,317847,317853,6,0
317847,317850,317853,3,3
317847,317851,317853,2,4
317847,317847,317853,6,0
317847,317847,317853,6,0
317847,317851,317853,2,4
317847,317853,317854,1,6
317847,317847,317854,7,0
317847,317847,317854,7,0
317847,317847,317854,7,0
317847,317847,317854,7,0
317847,317847,317854,7,0
317847,317853,317854,1,6
317847,317854,317855,1,7
317847,317847,317855,8,0
317847,317847,317855,8,0
317847,317853,317855,2,6
317847,317847,317855,8,0
317847,317852,317855,3,5
317847,317847,317855,8,0
317847,317854,317855,1,7
317847,317854,317855,1,7
317847,317854,317855,1,7
317847,317855,317856,1,8
317847,317847,317855,8,0
317847,317854,317855,1,7
317847,317854,317855,1,7
317847,317847,317856,9,0
317847,317853,317856,3,6
317847,317854,317856,2,7
317847,317853,317856,3,6
317847,317855,317856,1,8
317847,317847,317857,10,0
317847,317854,317856,2,7
317847,317855,317856,1,8
317847,317847,317856,9,0
317847,317847,317856,9,0
317847,317847,317856,9,0
317847,317847,317856,9,0
317847,317847,317856,9,0
317847,317847,317857,10,0
317847,317847,317857,10,0
317847,317854,317857,3,7
317847,317847,317857,10,0
317847,317855,317857,2,8
317847,317847,317858,11,0
317847,317847,317857,10,0
317847,317847,317858,11,0
317847,317847,317859,12,0
317847,317847,317859,12,0
317847,317847,317859,12,0
317847,317847,317859,12,0
317847,317847,317860,13,0
317847,317847,317861,14,0
317872,317872,317873,1,0
317872,317872,317874,2,0
317872,317872,317874,2,0
317872,317872,317874,2,0
317872,317872,317874,2,0
317872,317872,317874,2,0
317872,317872,317875,3,0
317872,317872,317875,3,0
317872,317875,317876,1,3
317872,317875,317876,1,3
317872,317874,317876,2,2
317872,317875,317876,1,3
317872,317873,317877,4,1
317872,317875,317877,2,3
317872,317873,317877,4,1
317872,317876,317877,1,4
317872,317875,317877,2,3
317872,317877,317878,1,5
317872,317872,317879,7,0
317872,317873,317878,5,1
317872,317872,317878,6,0
317872,317872,317878,6,0
317872,317873,317878,5,1
317872,317873,317878,5,1
317872,317876,317878,2,4
317872,317872,317878,6,0
317872,317877,317878,1,5
317872,317872,317878,6,0
317872,317877,317878,1,5
317872,317878,317879,1,6
317872,317872,317879,7,0
317872,317872,317879,7,0
317872,317877,317879,2,5
317872,317872,317879,7,0
317872,317879,317880,1,7
317872,317872,317879,7,0
317872,317878,317879,1,6
317872,317879,317880,1,7
317872,317872,317879,7,0
317872,317878,317879,1,6
317872,317878,317879,1,6
317872,317872,317879,7,0
317872,317879,317880,1,7
317872,317879,317880,1,7
317872,317872,317880,8,0
317872,317873,317880,7,1
317872,317879,317880,1,7
317872,317872,317880,8,0
317872,317872,317881,9,0
317872,317878,317880,2,6
317872,317879,317880,1,7
317872,317872,317880,8,0
317872,317879,317880,1,7
317872,317880,317881,1,8
317872,317872,317880,8,0
317872,317879,317880,1,7
317872,317872,317880,8,0
317872,317873,317880,7,1
317872,317879,317880,1,7
317872,317872,317881,9,0
317872,317880,317881,1,8
317872,317873,317882,9,1
317872,317879,317881,2,7
317872,317879,317881,2,7
317872,317879,317881,2,7
317872,317879,317881,2,7
317872,317880,317881,1,8
317872,317872,317881,9,0
317872,317880,317881,1,8
317872,317873,317882,9,1
317872,317872,317882,10,0
317872,317873,317883,10,1
317872,317872,317886,14,0
317872,317873,317887,14,1
317872,317872,317888,16,0
317872,317872,317887,15,0
317872,317873,317888,15,1
317872,317872,317889,17,0
317900,317900,317901,1,0
317900,317900,317901,1,0
317900,317900,317901,1,0
317900,317900,317901,1,0
317900,317900,317901,1,0
317900,317900,317901,1,0
317900,317901,317903,2,1
317900,317900,317902,2,0
317900,317900,317903,3,0
317900,317900,317903,3,0
317900,317901,317903,2,1
317900,317901,317904,3,1
317900,317901,317903,2,1
317900,317902,317904,2,2
317900,317903,317904,1,3
317900,317904,317905,1,4
317900,317904,317905,1,4
317900,317900,317905,5,0
317900,317900,317905,5,0
317900,317900,317905,5,0
317900,317900,317905,5,0
317900,317900,317905,5,0
317900,317900,317905,5,0
317900,317900,317906,6,0
317900,317902,317905,3,2
317900,317900,317905,5,0
317900,317905,317906,1,5
317900,317900,317906,6,0
317900,317904,317905,1,4
317900,317905,317906,1,5
317900,317905,317906,1,5
317900,317900,317906,6,0
317900,317900,317906,6,0
317900,317900,317906,6,0
317900,317900,317906,6,0
317900,317900,317907,7,0
317900,317904,317907,3,4
317900,317900,317906,6,0
317900,317906,317907,1,6
317900,317900,317906,6,0
317900,317900,317906,6,0
317900,317900,317907,7,0
317900,317900,317906,6,0
317900,317900,317907,7,0
317900,317905,317906,1,5
317900,317906,317907,1,6
317900,317903,317906,3,3
317900,317906,317907,1,6
317900,317900,317907,7,0
317900,317906,317908,2,6
317900,317900,317908,8,0
317900,317900,317908,8,0
317900,317900,317907,7,0
317900,317906,317907,1,6
317900,317907,317908,1,7
317900,317900,317908,8,0
317900,317900,317908,8,0
317900,317906,317908,2,6
317900,317900,317908,8,0
317900,317900,317907,7,0
317900,317906,317907,1,6
317900,317906,317907,1,6
317900,317900,317907,7,0
317900,317904,317909,5,4
317900,317907,317909,2,7
317900,317900,317908,8,0
317900,317900,317908,8,0
317900,317907,317908,1,7
317900,317906,317909,3,6
317900,317906,317908,2,6
317900,317906,317908,2,6
317900,317906,317908,2,6
317900,317906,317908,2,6
317900,317906,317909,3,6
317900,317900,317909,9,0
317900,317900,317909,9,0
317900,317907,317909,2,7
317900,317900,317910,10,0
317900,317900,317916,16,0
317928,317928,317929,1,0
317928,317928,317929,1,0
317928,317928,317929,1,0
317928,317928,317929,1,0
317928,317928,317929,1,0
317928,317928,317929,1,0
317928,317928,317929,1,0
317928,317928,317930,2,0
317928,317928,317930,2,0
317928,317928,317931,3,0
317928,317928,317930,2,0
317928,317928,317931,3,0
317928,317928,317932,4,0
317928,317928,317932,4,0
317928,317928,317931,3,0
317928,317928,317931,3,0
317928,317930,317931,1,2
317928,317930,317931,1,2
317928,317929,317932,3,1
317928,317930,317932,2,2
317928,317928,317932,4,0
317928,317928,317932,4,0
317928,317928,317932,4,0
317928,317930,317932,2,2
317928,317931,317933,2,3
317928,317928,317932,4,0
317928,317930,317933,3,2
317928,317932,317933,1,4
317928,317930,317932,2,2
317928,317931,317933,2,3
317928,317932,317933,1,4
317928,317931,317932,1,3
317928,317928,317933,5,0
317928,317928,317933,5,0
317928,317928,317934,6,0
317928,317928,317934,6,0
317928,317931,317933,2,3
317928,317932,317933,1,4
317928,317932,317933,1,4
317928,317928,317934,6,0
317928,317932,317933,1,4
317928,317932,317933,1,4
317928,317933,317934,1,5
317928,317928,317934,6,0
317928,317932,317934,2,4
317928,317928,317934,6,0
317928,317928,317934,6,0
317928,317932,317934,2,4
317928,317928,317934,6,0
317928,317932,317934,2,4
317928,317928,317935,7,0
317928,317933,317934,1,5
317928,317933,317934,1,5
317928,317933,317934,1,5
317928,317933,317934,1,5
317928,317933,317935,2,5
317928,317933,317934,1,5
317928,317928,317934,6,0
317928,317933,317934,1,5
317928,317933,317934,1,5
317928,317933,317934,1,5
317928,317928,317934,6,0
317928,317928,317936,8,0
317928,317933,317936,3,5
317928,317928,317936,8,0
317928,317934,317936,2,6
317928,317928,317936,8,0
317928,317934,317936,2,6
317928,317928,317936,8,0
317928,317928,317936,8,0
317928,317934,317936,2,6
317928,317933,317936,3,5
317928,317928,317937,9,0
317928,317928,317937,9,0
317928,317928,317937,9,0
317928,317928,317938,10,0
317928,317928,317938,10,0
317928,317928,317939,11,0
317928,317928,317940,12,0
317951,317951,317952,1,0
317951,317951,317952,1,0
317951,317951,317953,2,0
317951,317951,317953,2,0
317951,317951,317953,2,0
317951,317951,317953,2,0
317951,317953,317954,1,2
317951,317951,317954,3,0
317951,317952,317954,2,1
317951,317953,317954,1,2
317951,317952,317954,2,1
317951,317954,317955,1,3
317951,317953,317955,2,2
317951,317953,317954,1,2
317951,317954,317955,1,3
317951,317951,317956,5,0
317951,317951,317956,5,0
317951,317955,317956,1,4
317951,317951,317956,5,0
317951,317954,317956,2,3
317951,317954,317956,2,3
317951,317951,317956,5,0
317951,317954,317956,2,3
317951,317951,317956,5,0
317951,317951,317957,6,0
317951,317951,317957,6,0
317951,317951,317957,6,0
317951,317951,317957,6,0
317951,317951,317957,6,0
317951,317955,317957,2,4
317951,317951,317957,6,0
317951,317951,317957,6,0
317951,317951,317957,6,0
317951,317951,317957,6,0
317951,317951,317958,7,0
317951,317951,317958,7,0
317951,317957,317958,1,6
317951,317957,317958,1,6
317951,317957,317958,1,6
317951,317951,317958,7,0
317951,317951,317958,7,0
317951,317957,317958,1,6
317951,317957,317958,1,6
317951,317951,317958,7,0
317951,317957,317958,1,6
317951,317957,317958,1,6
317951,317957,317958,1,6
317951,317957,317958,1,6
317951,317951,317959,8,0
317951,317956,317959,3,5
317951,317951,317959,8,0
317951,317958,317959,1,7
317951,317958,317959,1,7
317951,317951,317959,8,0
317951,317958,317959,1,7
317951,317958,317959,1,7
317951,317951,317960,9,0
317951,317951,317960,9,0
317951,317957,317960,3,6
317951,317951,317959,8,0
317951,317957,317960,3,6
317951,317957,317959,2,6
317951,317951,317960,9,0
317951,317957,317960,3,6
317951,317951,317961,10,0
317951,317951,317961,10,0
317951,317951,317961,10,0
317951,317951,317962,11,0
317951,317951,317962,11,0
317951,317951,317963,12,0
317951,317951,317963,12,0
317951,317951,317965,14,0
317951,317951,317966,15,0
317951,317951,317971,20,0
317951,317951,317973,22,0
317984,317984,317985,1,0
317984,317984,317986,2,0
317984,317984,317986,2,0
317984,317984,317986,2,0
317984,317984,317986,2,0
317984,317984,317986,2,0
317984,317986,317988,2,2
317984,317984,317988,4,0
317984,317987,317988,1,3
317984,317987,317989,2,3
317984,317987,317989,2,3
317984,317987,317989,2,3
317984,317987,317989,2,3
317984,317984,317989,5,0
317984,317984,317990,6,0
317984,317984,317989,5,0
317984,317984,317990,6,0
317984,317984,317990,6,0
317984,317990,317991,1,6
317984,317984,317990,6,0
317984,317984,317990,6,0
317984,317984,317990,6,0
317984,317984,317990,6,0
317984,317990,317991,1,6
317984,317989,317990,1,5
317984,317989,317990,1,5
317984,317989,317990,1,5
317984,317990,317991,1,6
317984,317984,317991,7,0
317984,317985,317991,6,1
317984,317985,317991,6,1
317984,317984,317991,7,0
317984,317990,317991,1,6
317984,317990,317991,1,6
317984,317984,317991,7,0
317984,317990,317991,1,6
317984,317990,317991,1,6
317984,317984,317991,7,0
317984,317991,317992,1,7
317984,317991,317992,1,7
317984,317991,317992,1,7
317984,317991,317992,1,7
317984,317985,317992,7,1
317984,317984,317992,8,0
317984,317985,317992,7,1
317984,317991,317992,1,7
317984,317991,317992,1,7
317984,317991,317992,1,7
317984,317984,317992,8,0
317984,317991,317992,1,7
317984,317991,317992,1,7
317984,317991,317992,1,7
317984,317991,317992,1,7
317984,317992,317993,1,8
317984,317991,317992,1,7
317984,317992,317993,1,8
317984,317992,317993,1,8
317984,317984,317993,9,0
317984,317984,317994,10,0
317984,317984,317993,9,0
317984,317984,317993,9,0
317984,317984,317994,10,0
317984,317992,317993,1,8
317984,317992,317993,1,8
317984,317984,317994,10,0
317984,317984,317994,10,0
317984,317984,317994,10,0
317984,317992,317994,2,8
317984,317984,317994,10,0
317984,317984,317994,10,0
317984,317992,317994,2,8
317984,317984,317994,10,0
317984,317984,317995,11,0
317984,317985,317996,11,1
317984,317984,317996,12,0
317984,317984,317998,14,0
317984,317984,318001,17,0
317984,317984,318001,17,0
317984,317984,318004,20,0
318015,318015,318016,1,0
318015,318015,318016,1,0
318015,318015,318016,1,0
318015,318015,318016,1,0
318015,318015,318017,2,0
318015,318015,318016,1,0
318015,318015,318018,3,0
318015,318015,318019,4,0
318015,318017,318019,2,2
318015,318017,318019,2,2
318015,318015,318020,5,0
318015,318017,318019,2,2
318015,318017,318020,3,2
318015,318015,318019,4,0
318015,318017,318020,3,2
318015,318018,318020,2,3
318015,318017,318020,3,2
318015,318015,318020,5,0
318015,318015,318021,6,0
318015,318015,318020,5,0
318015,318020,318021,1,5
318015,318015,318021,6,0
318015,318015,318021,6,0
318015,318015,318021,6,0
318015,318019,318020,1,4
318015,318015,318021,6,0
318015,318015,318021,6,0
318015,318015,318021,6,0
318015,318015,318020,5,0
318015,318019,318021,2,4
318015,318015,318021,6,0
318015,318020,318021,1,5
318015,318015,318022,7,0
318015,318015,318022,7,0
318015,318019,318021,2,4
318015,318020,318021,1,5
318015,318021,318022,1,6
318015,318021,318022,1,6
318015,318021,318022,1,6
318015,318021,318022,1,6
318015,318020,318021,1,5
318015,318020,318021,1,5
318015,318020,318022,2,5
318015,318021,318022,1,6
318015,318015,318023,8,0
318015,318020,318022,2,5
318015,318021,318022,1,6
318015,318021,318022,1,6
318015,318021,318022,1,6
318015,318021,318022,1,6
318015,318021,318023,2,6
318015,318021,318022,1,6
318015,318021,318022,1,6
318015,318021,318022,1,6
318015,318021,318022,1,6
318015,318015,318024,9,0
318015,318015,318023,8,0
318015,318015,318023,8,0
318015,318021,318024,3,6
318015,318015,318024,9,0
318015,318022,318024,2,7
318015,318015,318023,8,0
318015,318015,318025,10,0
318015,318015,318025,10,0
318015,318015,318025,10,0
318015,318022,318024,2,7
318015,318015,318024,9,0
318015,318015,318024,9,0
318015,318015,318024,9,0
318015,318015,318024,9,0
318015,318015,318025,10,0
318015,318022,318024,2,7
318015,318015,318025,10,0
318015,318015,318025,10,0
318015,318015,318025,10,0
318015,318015,318028,13,0
318015,318015,318028,13,0
318015,318015,318030,15,0
318015,318015,318031,16,0
318042,318042,318043,1,0
318042,318042,318043,1,0
318042,318042,318043,1,0
318042,318042,318043,1,0
318042,318042,318043,1,0
318042,318042,318043,1,0
318042,318042,318044,2,0
318042,318044,318045,1,2
318042,318044,318045,1,2
318042,318043,318045,2,1
318042,318044,318045,1,2
318042,318043,318045,2,1
318042,318044,318046,2,2
318042,318046,318047,1,4
318042,318045,318046,1,3
318042,318042,318047,5,0
318042,318042,318047,5,0
318042,318042,318047,5,0
318042,318042,318047,5,0
318042,318042,318048,6,0
318042,318047,318048,1,5
318042,318042,318047,5,0
318042,318042,318048,6,0
318042,318042,318047,5,0
318042,318042,318048,6,0
318042,318046,318047,1,4
318042,318046,318047,1,4
318042,318046,318047,1,4
318042,318046,318047,1,4
318042,318042,318048,6,0
318042,318042,318048,6,0
318042,318047,318048,1,5
318042,318048,318049,1,6
318042,318042,318048,6,0
318042,318047,318048,1,5
318042,318048,318049,1,6
318042,318042,318048,6,0
318042,318048,318049,1,6
318042,318048,318049,1,6
318042,318047,318048,1,5
318042,318047,318048,1,5
318042,318048,318049,1,6
318042,318048,318049,1,6
318042,318042,318049,7,0
318042,318042,318050,8,0
318042,318048,318049,1,6
318042,318048,318049,1,6
318042,318048,318049,1,6
318042,318048,318049,1,6
318042,318049,318050,1,7
318042,318049,318050,1,7
318042,318049,318050,1,7
318042,318048,318049,1,6
318042,318042,318051,9,0
318042,318042,318050,8,0
318042,318042,318051,9,0
318042,318048,318051,3,6
318042,318042,318051,9,0
318042,318049,318050,1,7
318042,318049,318050,1,7
318042,318042,318050,8,0
318042,318042,318051,9,0
318042,318042,318051,9,0
318042,318042,318052,10,0
318042,318042,318052,10,0
318042,318042,318052,10,0
318042,318042,318051,9,0
318042,318049,318051,2,7
318042,318042,318051,9,0
318042,318042,318051,9,0
318042,318042,318053,11,0
318042,318042,318052,10,0
318042,318042,318052,10,0
318042,318042,318053,11,0
318042,318042,318053,11,0
318042,318042,318056,14,0
318042,318042,318056,14,0
318042,318042,318055,13,0
318042,318042,318057,15,0
318068,318068,318069,1,0
318068,318068,318069,1,0
318068,318068,318069,1,0
318068,318068,318069,1,0
318068,318068,318069,1,0
318068,318068,318069,1,0
318068,318069,318070,1,1
318068,318069,318070,1,1
318068,318068,318071,3,0
318068,318069,318070,1,1
318068,318068,318070,2,0
318068,318070,318071,1,2
318068,318068,318071,3,0
318068,318070,318071,1,2
318068,318068,318071,3,0
318068,318070,318071,1,2
318068,318070,318071,1,2
318068,318070,318071,1,2
318068,318071,318072,1,3
318068,318068,318072,4,0
318068,318068,318072,4,0
318068,318068,318073,5,0
318068,318068,318073,5,0
318068,318068,318072,4,0
318068,318068,318072,4,0
318068,318071,318072,1,3
318068,318068,318073,5,0
318068,318071,318072,1,3
318068,318071,318072,1,3
318068,318071,318072,1,3
318068,318071,318072,1,3
318068,318068,318074,6,0
318068,318068,318074,6,0
318068,318073,318074,1,5
318068,318073,318074,1,5
318068,318072,318073,1,4
318068,318073,318074,1,5
318068,318072,318074,2,4
318068,318072,318074,2,4
318068,318073,318074,1,5
318068,318068,318074,6,0
318068,318072,318073,1,4
318068,318072,318073,1,4
318068,318068,318074,6,0
318068,318072,318075,3,4
318068,318068,318074,6,0
318068,318074,318075,1,6
318068,318074,318075,1,6
318068,318073,318074,1,5
318068,318068,318074,6,0
318068,318068,318075,7,0
318068,318074,318075,1,6
318068,318068,318075,7,0
318068,318073,318074,1,5
318068,318073,318074,1,5
318068,318068,318076,8,0
318068,318074,318076,2,6
318068,318073,318076,3,5
318068,318073,318075,2,5
318068,318073,318075,2,5
318068,318073,318076,3,5
318068,318068,318075,7,0
318068,318068,318076,8,0
318068,318068,318076,8,0
318068,318068,318076,8,0
318068,318068,318077,9,0
318068,318068,318077,9,0
318068,318068,318077,9,0
318068,318068,318077,9,0
318068,318068,318078,10,0
318068,318068,318078,10,0
318068,318068,318077,9,0
318068,318068,318079,11,0
318068,318068,318079,11,0
318068,318068,318079,11,0
318068,318068,318079,11,0
318068,318068,318081,13,0
318068,318068,318082,14,0
318068,318068,318082,14,0
318094,318094,318095,1,0
318094,318094,318095,1,0
318094,318094,318095,1,0
318094,318094,318095,1,0
318094,318094,318095,1,0
318094,318094,318095,1,0
318094,318094,318096,2,0
318094,318095,318096,1,1
318094,318094,318098,4,0
318094,318094,318098,4,0
318094,318094,318098,4,0
318094,318094,318098,4,0
318094,318096,318097,1,2
318094,318094,318097,3,0
318094,318096,318097,1,2
318094,318096,318097,1,2
318094,318096,318097,1,2
318094,318094,318098,4,0
318094,318097,318098,1,3
318094,318094,318098,4,0
318094,318094,318098,4,0
318094,318096,318098,2,2
318094,318094,318098,4,0
318094,318097,318098,1,3
318094,318094,318099,5,0
318094,318094,318100,6,0
318094,318098,318099,1,4
318094,318098,318099,1,4
318094,318094,318099,5,0
318094,318098,318099,1,4
318094,318098,318099,1,4
318094,318098,318100,2,4
318094,318098,318099,1,4
318094,318098,318099,1,4
318094,318099,318100,1,5
318094,318098,318099,1,4
318094,318099,318100,1,5
318094,318094,318101,7,0
318094,318098,318100,2,4
318094,318098,318100,2,4
318094,318094,318101,7,0
318094,318098,318100,2,4
318094,318094,318100,6,0
318094,318094,318100,6,0
318094,318099,318100,1,5
318094,318100,318101,1,6
318094,318100,318101,1,6
318094,318100,318101,1,6
318094,318100,318101,1,6
318094,318094,318100,6,0
318094,318099,318100,1,5
318094,318100,318101,1,6
318094,318094,318101,7,0
318094,318100,318101,1,6
318094,318100,318101,1,6
318094,318099,318101,2,5
318094,318094,318101,7,0
318094,318099,318101,2,5
318094,318100,318101,1,6
318094,318100,318101,1,6
318094,318100,318101,1,6
318094,318094,318102,8,0
318094,318094,318102,8,0
318094,318094,318102,8,0
318094,318094,318103,9,0
318094,318094,318102,8,0
318094,318094,318103,9,0
318094,318094,318102,8,0
318094,318094,318103,9,0
318094,318094,318103,9,0
318094,318094,318103,9,0
318094,318094,318104,10,0
318094,318094,318104,10,0
318094,318094,318105,11,0
318094,318094,318106,12,0
318094,318094,318105,11,0
318094,318094,318108,14,0
318094,318094,318107,13,0
318094,318094,318108,14,0
318120,318120,318121,1,0
318120,318120,318121,1,0
318120,318120,318121,1,0
318120,318120,318121,1,0
318120,318120,318121,1,0
318120,318120,318121,1,0
318120,318120,318121,1,0
318120,318120,318123,3,0
318120,318120,318122,2,0
318120,318122,318124,2,2
318120,318122,318124,2,2
318120,318122,318124,2,2
318120,318122,318123,1,2
318120,318120,318124,4,0
318120,318120,318125,5,0
318120,318122,318124,2,2
318120,318123,318125,2,3
318120,318120,318125,5,0
318120,318124,318125,1,4
318120,318122,318124,2,2
318120,318120,318124,4,0
318120,318122,318124,2,2
318120,318120,318124,4,0
318120,318120,318124,4,0
318120,318123,318125,2,3
318120,318120,318125,5,0
318120,318120,318125,5,0
318120,318120,318125,5,0
318120,318124,318125,1,4
318120,318125,318126,1,5
318120,318124,318125,1,4
318120,318125,318126,1,5
318120,318120,318126,6,0
318120,318124,318125,1,4
318120,318120,318127,7,0
318120,318120,318126,6,0
318120,318120,318126,6,0
318120,318125,318126,1,5
318120,318125,318126,1,5
318120,318125,318126,1,5
318120,318125,318126,1,5
318120,318120,318126,6,0
318120,318126,318127,1,6
318120,318126,318127,1,6
318120,318120,318126,6,0
318120,318125,318126,1,5
318120,318125,318126,1,5
318120,318125,318126,1,5
318120,318120,318128,8,0
318120,318125,318127,2,5
318120,318120,318127,7,0
318120,318126,318127,1,6
318120,318126,318127,1,6
318120,318126,318127,1,6
318120,318126,318127,1,6
318120,318126,318127,1,6
318120,318126,318127,1,6
318120,318126,318127,1,6
318120,318125,318128,3,5
318120,318127,318129,2,7
318120,318120,318128,8,0
318120,318126,318128,2,6
318120,318120,318129,9,0
318120,318120,318129,9,0
318120,318120,318129,9,0
318120,318120,318129,9,0
318120,318120,318129,9,0
318120,318120,318130,10,0
318120,318120,318130,10,0
318120,318120,318130,10,0
318120,318120,318132,12,0
318120,318120,318133,13,0
318120,318120,318132,12,0
318120,318120,318133,13,0
318120,318120,318134,14,0
318120,318120,318141,21,0
318120,318120,318141,21,0
318120,318120,318144,24,0
318120,318120,318147,27,0
318158,318158,318159,1,0
318158,318158,318159,1,0
318158,318158,318159,1,0
318158,318158,318159,1,0
318158,318158,318159,1,0
318158,318158,318159,1,0
318158,318158,318159,1,0
318158,318158,318160,2,0
318158,318158,318161,3,0
318158,318160,318162,2,2
318158,318159,318161,2,1
318158,318159,318161,2,1
318158,318160,318162,2,2
318158,318159,318161,2,1
318158,318160,318162,2,2
318158,318158,318162,4,0
318158,318158,318162,4,0
318158,318160,318162,2,2
318158,318158,318163,5,0
318158,318158,318162,4,0
318158,318158,318163,5,0
318158,318158,318162,4,0
318158,318158,318162,4,0
318158,318158,318164,6,0
318158,318158,318163,5,0
318158,318161,318163,2,3
318158,318162,318163,1,4
318158,318162,318163,1,4
318158,318158,318164,6,0
318158,318162,318163,1,4
318158,318162,318163,1,4
318158,318158,318163,5,0
318158,318162,318163,1,4
318158,318162,318163,1,4
318158,318158,318164,6,0
318158,318162,318164,2,4
318158,318158,318164,6,0
318158,318163,318165,2,5
318158,318158,318164,6,0
318158,318163,318164,1,5
318158,318163,318164,1,5
318158,318163,318165,2,5
318158,318158,318165,7,0
318158,318163,318164,1,5
318158,318163,318164,1,5
318158,318164,318165,1,6
318158,318163,318165,2,5
318158,318164,318165,1,6
318158,318163,318164,1,5
318158,318164,318165,1,6
318158,318158,318165,7,0
318158,318158,318165,7,0
318158,318158,318165,7,0
318158,318158,318166,8,0
318158,318158,318165,7,0
318158,318158,318165,7,0
318158,318158,318166,8,0
318158,318158,318165,7,0
318158,318164,318165,1,6
318158,318164,318165,1,6
318158,318164,318165,1,6
318158,318164,318165,1,6
318158,318164,318165,1,6
318158,318165,318166,1,7
318158,318158,318166,8,0
318158,318164,318166,2,6
318158,318158,318166,8,0
318158,318158,318167,9,0
318158,318164,318167,3,6
318158,318158,318168,10,0
318158,318158,318169,11,0
318158,318158,318168,10,0
318158,318164,318168,4,6
318158,318158,318168,10,0
318158,318158,318169,11,0
318158,318158,318175,17,0
318158,318158,318175,17,0
318158,318158,318176,18,0
318158,318158,318178,20,0
318190,318190,318191,1,0
318190,318190,318191,1,0
318190,318190,318191,1,0
318190,318190,318192,2,0
318190,318190,318191,1,0
318190,318190,318192,2,0
318190,318190,318192,2,0
318190,318191,318192,1,1
318190,318192,318193,1,2
318190,318192,318193,1,2
318190,318191,318192,1,1
318190,318191,318192,1,1
318190,318192,318193,1,2
318190,318192,318193,1,2
318190,318190,318194,4,0
318190,318192,318194,2,2
318190,318193,318194,1,3
318190,318190,318195,5,0
318190,318190,318195,5,0
318190,318190,318195,5,0
318190,318190,318195,5,0
318190,318190,318195,5,0
318190,318193,318195,2,3
318190,318190,318194,4,0
318190,318193,318195,2,3
318190,318193,318195,2,3
318190,318193,318195,2,3
318190,318193,318194,1,3
318190,318190,318196,6,0
318190,318190,318196,6,0
318190,318190,318196,6,0
318190,318194,318196,2,4
318190,318190,318196,6,0
318190,318190,318196,6,0
318190,318190,318196,6,0
318190,318194,318196,2,4
318190,318190,318197,7,0
318190,318190,318197,7,0
318190,318190,318196,6,0
318190,318190,318197,7,0
318190,318194,318197,3,4
318190,318190,318197,7,0
318190,318195,318197,2,5
318190,318190,318197,7,0
318190,318190,318197,7,0
318190,318195,318197,2,5
318190,318196,318197,1,6
318190,318195,318197,2,5
318190,318195,318197,2,5
318190,318190,318197,7,0
318190,318190,318197,7,0
318190,318195,318197,2,5
318190,318190,318197,7,0
318190,318195,318197,2,5
318190,318195,318197,2,5
318190,318190,318198,8,0
318190,318195,318198,3,5
318190,318196,318198,2,6
318190,318190,318197,7,0
318190,318195,318198,3,5
318190,318190,318198,8,0
318190,318196,318197,1,6
318190,318190,318198,8,0
318190,318195,318198,3,5
318190,318196,318199,3,6
318190,318196,318199,3,6
318190,318190,318199,9,0
318190,318195,318199,4,5
318190,318190,318199,9,0
318190,318190,318200,10,0
318190,318190,318200,10,0
318190,318190,318200,10,0
318190,318190,318200,10,0
318190,318190,318201,11,0
318190,318190,318201,11,0
318190,318190,318205,15,0
318190,318190,318208,18,0
318220,318220,318221,1,0
318220,318220,318221,1,0
318220,318220,318222,2,0
318220,318220,318222,2,0
318220,318220,318222,2,0
318220,318220,318222,2,0
318220,318220,318222,2,0
318220,318220,318224,4,0
318220,318222,318224,2,2
318220,318223,318224,1,3
318220,318223,318224,1,3
318220,318220,318224,4,0
318220,318223,318224,1,3
318220,318223,318224,1,3
318220,318223,318224,1,3
318220,318220,318225,5,0
318220,318220,318225,5,0
318220,318220,318225,5,0
318220,318223,318225,2,3
318220,318220,318226,6,0
318220,318221,318226,5,1
318220,318220,318226,6,0
318220,318225,318226,1,5
318220,318225,318226,1,5
318220,318220,318226,6,0
318220,318225,318226,1,5
318220,318225,318226,1,5
318220,318220,318226,6,0
318220,318220,318226,6,0
318220,318225,318226,1,5
318220,318220,318226,6,0
318220,318220,318226,6,0
318220,318225,318226,1,5
318220,318225,318226,1,5
318220,318220,318227,7,0
318220,318220,318226,6,0
318220,318220,318227,7,0
318220,318220,318227,7,0
318220,318226,318227,1,6
318220,318220,318227,7,0
318220,318220,318227,7,0
318220,318226,318227,1,6
318220,318226,318227,1,6
318220,318227,318228,1,7
318220,318227,318228,1,7
318220,318220,318228,8,0
318220,318220,318228,8,0
318220,318226,318228,2,6
318220,318220,318228,8,0
318220,318227,318229,2,7
318220,318227,318228,1,7
318220,318227,318228,1,7
318220,318227,318228,1,7
318220,318227,318228,1,7
318220,318227,318228,1,7
318220,318227,318228,1,7
318220,318227,318228,1,7
318220,318227,318228,1,7
318220,318226,318229,3,6
318220,318220,318229,9,0
318220,318220,318229,9,0
318220,318220,318230,10,0
318220,318220,318231,11,0
318220,318227,318230,3,7
318220,318220,318230,10,0
318220,318220,318231,11,0
318220,318220,318231,11,0
318220,318227,318231,4,7
318220,318220,318231,11,0
318220,318227,318231,4,7
318220,318227,318231,4,7
318220,318220,318232,12,0
318220,318220,318234,14,0
318220,318220,318236,16,0
318220,318220,318239,19,0
318220,318220,318240,20,0
318220,318220,318246,26,0
318220,318220,318251,31,0
318263,318263,318264,1,0
318263,318263,318264,1,0
318263,318263,318264,1,0
318263,318263,318264,1,0
318263,318263,318264,1,0
318263,318263,318264,1,0
318263,318263,318264,1,0
318263,318263,318267,4,0
318263,318263,318266,3,0
318263,318263,318266,3,0
318263,318265,318267,2,2
318263,318265,318267,2,2
318263,318265,318266,1,2
318263,318263,318268,5,0
318263,318263,318268,5,0
318263,318263,318267,4,0
318263,318263,318268,5,0
318263,318263,318268,5,0
318263,318265,318267,2,2
318263,318267,318268,1,4
318263,318263,318268,5,0
318263,318265,318267,2,2
318263,318263,318268,5,0
318263,318265,318267,2,2
318263,318263,318268,5,0
318263,318263,318269,6,0
318263,318263,318269,6,0
318263,318267,318269,2,4
318263,318263,318268,5,0
318263,318265,318268,3,2
318263,318263,318269,6,0
318263,318263,318269,6,0
318263,318267,318268,1,4
318263,318263,318269,6,0
318263,318263,318269,6,0
318263,318267,318268,1,4
318263,318263,318268,5,0
318263,318267,318268,1,4
318263,318263,318269,6,0
318263,318263,318269,6,0
318263,318267,318269,2,4
318263,318263,318269,6,0
318263,318268,318269,1,5
318263,318268,318270,2,5
318263,318268,318270,2,5
318263,318268,318270,2,5
318263,318269,318270,1,6
318263,318268,318270,2,5
318263,318268,318270,2,5
318263,318269,318270,1,6
318263,318268,318270,2,5
318263,318269,318270,1,6
318263,318263,318271,8,0
318263,318268,318271,3,5
318263,318263,318271,8,0
318263,318268,318271,3,5
318263,318268,318271,3,5
318263,318269,318270,1,6
318263,318269,318270,1,6
318263,318268,318271,3,5
318263,318269,318270,1,6
318263,318269,318270,1,6
318263,318263,318271,8,0
318263,318263,318272,9,0
318263,318263,318271,8,0
318263,318269,318272,3,6
318263,318263,318272,9,0
318263,318269,318271,2,6
318263,318263,318272,9,0
318263,318269,318272,3,6
318263,318269,318272,3,6
318263,318263,318273,10,0
318263,318263,318274,11,0
318263,318263,318274,11,0
318263,318263,318275,12,0
318263,318263,318284,21,0
318263,318263,318285,22,0
318263,318263,318287,24,0
318263,318263,318288,25,0
318299,318299,318300,1,0
318299,318299,318300,1,0
318299,318299,318301,2,0
318299,318299,318300,1,0
318299,318299,318300,1,0
318299,318299,318300,1,0
318299,318299,318302,3,0
318299,318300,318302,2,1
318299,318300,318302,2,1
318299,318299,318303,4,0
318299,318299,318303,4,0
318299,318301,318303,2,2
318299,318301,318303,2,2
318299,318301,318303,2,2
318299,318301,318303,2,2
318299,318299,318303,4,0
318299,318302,318303,1,3
318299,318299,318304,5,0
318299,318299,318304,5,0
318299,318299,318304,5,0
318299,318302,318303,1,3
318299,318299,318304,5,0
318299,318299,318305,6,0
318299,318302,318304,2,3
318299,318299,318305,6,0
318299,318303,318305,2,4
318299,318299,318305,6,0
318299,318299,318305,6,0
318299,318303,318305,2,4
318299,318299,318305,6,0
318299,318299,318305,6,0
318299,318304,318305,1,5
318299,318299,318305,6,0
318299,318303,318305,2,4
318299,318303,318305,2,4
318299,318299,318305,6,0
318299,318303,318305,2,4
318299,318303,318305,2,4
318299,318299,318305,6,0
318299,318299,318306,7,0
318299,318299,318305,6,0
318299,318299,318305,6,0
318299,318303,318306,3,4
318299,318299,318305,6,0
318299,318299,318305,6,0
318299,318305,318306,1,6
318299,318305,318306,1,6
318299,318305,318306,1,6
318299,318305,318306,1,6
318299,318299,318306,7,0
318299,318305,318306,1,6
318299,318305,318306,1,6
318299,318299,318306,7,0
318299,318305,318307,2,6
318299,318304,318307,3,5
318299,318304,318307,3,5
318299,318299,318307,8,0
318299,318299,318306,7,0
318299,318305,318307,2,6
318299,318303,318307,4,4
318299,318299,318307,8,0
318299,318305,318307,2,6
318299,318305,318307,2,6
318299,318305,318307,2,6
318299,318305,318307,2,6
318299,318305,318306,1,6
318299,318299,318307,8,0
318299,318304,318308,4,5
318299,318305,318308,3,6
318299,318299,318308,9,0
318299,318299,318308,9,0
318299,318299,318309,10,0
318299,318299,318309,10,0
318299,318299,318310,11,0
318299,318299,318311,12,0
318299,318299,318311,12,0
318299,318299,318311,12,0
318299,318299,318312,13,0
318299,318299,318314,15,0
318325,318325,318326,1,0
318325,318325,318326,1,0
318325,318325,318326,1,0
318325,318325,318326,1,0
318325,318325,318327,2,0
318325,318325,318326,1,0
318325,318325,318328,3,0
318325,318325,318328,3,0
318325,318326,318329,3,1
318325,318327,318328,1,2
318325,318327,318328,1,2
318325,318327,318329,2,2
318325,318327,318329,2,2
318325,318326,318328,2,1
318325,318325,318329,4,0
318325,318325,318329,4,0
318325,318325,318329,4,0
318325,318325,318330,5,0
318325,318325,318330,5,0
318325,318325,318329,4,0
318325,318325,318329,4,0
318325,318325,318330,5,0
318325,318325,318329,4,0
318325,318325,318329,4,0
318325,318325,318330,5,0
318325,318325,318330,5,0
318325,318329,318331,2,4
318325,318325,318330,5,0
318325,318325,318330,5,0
318325,318329,318331,2,4
318325,318328,318331,3,3
318325,318328,318331,3,3
318325,318325,318331,6,0
318325,318325,318330,5,0
318325,318329,318331,2,4
318325,318329,318331,2,4
318325,318329,318331,2,4
318325,318329,318331,2,4
318325,318325,318332,7,0
318325,318325,318332,7,0
318325,318331,318332,1,6
318325,318330,318331,1,5
318325,318330,318332,2,5
318325,318325,318331,6,0
318325,318325,318331,6,0
318325,318331,318332,1,6
318325,318325,318333,8,0
318325,318325,318333,8,0
318325,318330,318332,2,5
318325,318325,318333,8,0
318325,318330,318333,3,5
318325,318330,318333,3,5
318325,318325,318333,8,0
318325,318330,318333,3,5
318325,318330,318333,3,5
318325,318329,318333,4,4
318325,318325,318333,8,0
318325,318329,318332,3,4
318325,318325,318333,8,0
318325,318331,318332,1,6
318325,318331,318332,1,6
318325,318331,318332,1,6
318325,318331,318332,1,6
318325,318331,318332,1,6
318325,318331,318332,1,6
318325,318331,318332,1,6
318325,318331,318332,1,6
318325,318325,318333,8,0
318325,318330,318333,3,5
318325,318330,318333,3,5
318325,318325,318333,8,0
318325,318325,318334,9,0
318325,318325,318335,10,0
318325,318325,318335,10,0
318325,318325,318335,10,0
318325,318325,318336,11,0
318325,318325,318336,11,0
318325,318325,318337,12,0
318325,318325,318341,16,0
318353,318353,318354,1,0
318353,318353,318354,1,0
318353,318353,318355,2,0
318353,318353,318354,1,0
318353,318353,318354,1,0
318353,318353,318355,2,0
318353,318353,318356,3,0
318353,318353,318356,3,0
318353,318353,318356,3,0
318353,318353,318355,2,0
318353,318354,318356,2,1
318353,318353,318357,4,0
318353,318353,318357,4,0
318353,318353,318357,4,0
318353,318355,318357,2,2
318353,318355,318357,2,2
318353,318353,318356,3,0
318353,318354,318356,2,1
318353,318355,318357,2,2
318353,318353,318357,4,0
318353,318353,318357,4,0
318353,318353,318358,5,0
318353,318355,318357,2,2
318353,318353,318358,5,0
318353,318356,318358,2,3
318353,318353,318358,5,0
318353,318353,318358,5,0
318353,318353,318359,6,0
318353,318353,318359,6,0
318353,318358,318359,1,5
318353,318353,318359,6,0
318353,318357,318359,2,4
318353,318356,318359,3,3
318353,318353,318359,6,0
318353,318353,318359,6,0
318353,318358,318359,1,5
318353,318357,318359,2,4
318353,318357,318359,2,4
318353,318356,318360,4,3
318353,318353,318359,6,0
318353,318358,318360,2,5
318353,318353,318359,6,0
318353,318357,318359,2,4
318353,318357,318360,3,4
318353,318353,318360,7,0
318353,318358,318360,2,5
318353,318359,318360,1,6
318353,318357,318360,3,4
318353,318353,318359,6,0
318353,318359,318360,1,6
318353,318356,318361,5,3
318353,318353,318361,8,0
318353,318353,318360,7,0
318353,318353,318360,7,0
318353,318356,318360,4,3
318353,318357,318360,3,4
318353,318353,318361,8,0
318353,318353,318361,8,0
318353,318357,318361,4,4
318353,318358,318361,3,5
318353,318353,318361,8,0
318353,318359,318361,2,6
318353,318359,318361,2,6
318353,318359,318360,1,6
318353,318353,318361,8,0
318353,318359,318361,2,6
318353,318359,318361,2,6
318353,318353,318362,9,0
318353,318359,318362,3,6
318353,318357,318361,4,4
318353,318357,318361,4,4
318353,318353,318362,9,0
318353,318358,318361,3,5
318353,318353,318363,10,0
318353,318353,318362,9,0
318353,318353,318362,9,0
318353,318353,318363,10,0
318353,318353,318364,11,0
318353,318353,318364,11,0
318376,318376,318377,1,0
318376,318376,318377,1,0
318376,318376,318377,1,0
318376,318376,318377,1,0
318376,318376,318377,1,0
318376,318376,318378,2,0
318376,318376,318379,3,0
318376,318376,318379,3,0
318376,318376,318379,3,0
318376,318377,318379,2,1
318376,318378,318379,1,2
318376,318378,318379,1,2
318376,318378,318379,1,2
318376,318376,318380,4,0
318376,318379,318380,1,3
318376,318378,318380,2,2
318376,318376,318380,4,0
318376,318376,318381,5,0
318376,318376,318381,5,0
318376,318380,318381,1,4
318376,318380,318381,1,4
318376,318376,318381,5,0
318376,318380,318381,1,4
318376,318380,318381,1,4
318376,318376,318382,6,0
318376,318376,318382,6,0
318376,318381,318382,1,5
318376,318381,318382,1,5
318376,318376,318382,6,0
318376,318380,318382,2,4
318376,318380,318382,2,4
318376,318376,318382,6,0
318376,318382,318383,1,6
318376,318381,318382,1,5
318376,318382,318383,1,6
318376,318376,318383,7,0
318376,318376,318383,7,0
318376,318380,318383,3,4
318376,318382,318383,1,6
318376,318376,318383,7,0
318376,318381,318383,2,5
318376,318382,318383,1,6
318376,318376,318383,7,0
318376,318382,318383,1,6
318376,318382,318383,1,6
318376,318382,318383,1,6
318376,318376,318383,7,0
318376,318376,318383,7,0
318376,318383,318384,1,7
318376,318376,318384,8,0
318376,318376,318384,8,0
318376,318376,318384,8,0
318376,318376,318384,8,0
318376,318376,318384,8,0
318376,318376,318384,8,0
318376,318376,318384,8,0
318376,318383,318384,1,7
318376,318383,318384,1,7
318376,318383,318384,1,7
318376,318383,318384,1,7
318376,318383,318384,1,7
318376,318383,318384,1,7
318376,318383,318384,1,7
318376,318383,318384,1,7
318376,318383,318384,1,7
318376,318383,318384,1,7
318376,318376,318385,9,0
318376,318376,318385,9,0
318376,318376,318385,9,0
318376,318376,318385,9,0
318376,318376,318385,9,0
318376,318376,318385,9,0
318376,318376,318386,10,0
318376,318376,318387,11,0
318376,318376,318387,11,0
318376,318376,318391,15,0
318376,318376,318392,16,0
318376,318376,318394,18,0
318376,318376,318397,21,0
318409,318409,318410,1,0
318409,318409,318410,1,0
318409,318409,318410,1,0
318409,318409,318410,1,0
318409,318409,318410,1,0
318409,318409,318410,1,0
318409,318411,318413,2,2
318409,318409,318413,4,0
318409,318411,318413,2,2
318409,318411,318413,2,2
318409,318410,318413,3,1
318409,318409,318414,5,0
318409,318409,318414,5,0
318409,318409,318414,5,0
318409,318409,318413,4,0
318409,318410,318414,4,1
318409,318409,318414,5,0
318409,318409,318413,4,0
318409,318411,318413,2,2
318409,318409,318415,6,0
318409,318409,318415,6,0
318409,318409,318415,6,0
318409,318413,318415,2,4
318409,318409,318415,6,0
318409,318409,318415,6,0
318409,318414,318415,1,5
318409,318409,318415,6,0
318409,318413,318415,2,4
318409,318414,318415,1,5
318409,318409,318415,6,0
318409,318413,318415,2,4
318409,318409,318415,6,0
318409,318413,318415,2,4
318409,318409,318416,7,0
318409,318409,318416,7,0
318409,318414,318416,2,5
318409,318414,318416,2,5
318409,318415,318416,1,6
318409,318413,318415,2,4
318409,318409,318416,7,0
318409,318414,318415,1,5
318409,318414,318415,1,5
318409,318414,318415,1,5
318409,318409,318416,7,0
318409,318409,318416,7,0
318409,318409,318417,8,0
318409,318409,318417,8,0
318409,318409,318417,8,0
318409,318409,318416,7,0
318409,318409,318417,8,0
318409,318409,318417,8,0
318409,318415,318416,1,6
318409,318415,318416,1,6
318409,318415,318417,2,6
318409,318415,318417,2,6
318409,318415,318417,2,6
318409,318415,318417,2,6
318409,318415,318417,2,6
318409,318415,318417,2,6
318409,318415,318417,2,6
318409,318415,318417,2,6
318409,318415,318417,2,6
318409,318409,318418,9,0
318409,318409,318418,9,0
318409,318409,318418,9,0
318409,318409,318418,9,0
318409,318414,318418,4,5
318409,318409,318417,8,0
318409,318415,318418,3,6
318409,318415,318418,3,6
318409,318409,318418,9,0
318409,318409,318419,10,0
318409,318416,318418,2,7
318409,318416,318418,2,7
318409,318409,318418,9,0
318409,318409,318420,11,0
318409,318409,318420,11,0
318409,318409,318420,11,0
318409,318409,318422,13,0
318434,318434,318435,1,0
318434,318434,318435,1,0
318434,318434,318435,1,0
318434,318434,318435,1,0
318434,318434,318435,1,0
318434,318434,318435,1,0
318434,318434,318436,2,0
318434,318436,318437,1,2
318434,318434,318437,3,0
318434,318434,318438,4,0
318434,318436,318438,2,2
318434,318434,318438,4,0
318434,318436,318439,3,2
318434,318434,318438,4,0
318434,318434,318439,5,0
318434,318434,318438,4,0
318434,318435,318439,4,1
318434,318434,318439,5,0
318434,318436,318439,3,2
318434,318434,318439,5,0
318434,318436,318439,3,2
318434,318437,318438,1,3
318434,318434,318439,5,0
318434,318434,318440,6,0
318434,318434,318439,5,0
318434,318434,318440,6,0
318434,318438,318440,2,4
318434,318434,318440,6,0
318434,318434,318440,6,0
318434,318434,318441,7,0
318434,318435,318440,5,1
318434,318439,318441,2,5
318434,318440,318441,1,6
318434,318439,318441,2,5
318434,318439,318441,2,5
318434,318439,318440,1,5
318434,318439,318440,1,5
318434,318439,318441,2,5
318434,318439,318440,1,5
318434,318439,318441,2,5
318434,318439,318441,2,5
318434,318434,318442,8,0
318434,318434,318442,8,0
318434,318434,318441,7,0
318434,318434,318442,8,0
318434,318438,318442,4,4
318434,318434,318441,7,0
318434,318438,318441,3,4
318434,318434,318441,7,0
318434,318439,318441,2,5
318434,318441,318442,1,7
318434,318441,318442,1,7
318434,318440,318441,1,6
318434,318440,318441,1,6
318434,318440,318442,2,6
318434,318440,318441,1,6
318434,318441,318442,1,7
318434,318434,318441,7,0
318434,318441,318442,1,7
318434,318441,318442,1,7
318434,318434,318442,8,0
318434,318434,318443,9,0
318434,318434,318442,8,0
318434,318439,318443,4,5
318434,318441,318442,1,7
318434,318441,318443,2,7
318434,318434,318443,9,0
318434,318434,318443,9,0
318434,318434,318443,9,0
318434,318434,318445,11,0
318434,318434,318444,10,0
318434,318434,318444,10,0
318434,318434,318444,10,0
318434,318434,318444,10,0
318434,318441,318444,3,7
318434,318434,318445,11,0
318434,318434,318446,12,0
318434,318434,318447,13,0
318434,318434,318449,15,0
318460,318460,318461,1,0
318460,318460,318461,1,0
318460,318460,318461,1,0
318460,318460,318461,1,0
318460,318460,318461,1,0
318460,318460,318461,1,0
318460,318460,318462,2,0
318460,318460,318463,3,0
318460,318460,318463,3,0
318460,318460,318463,3,0
318460,318462,318464,2,2
318460,318462,318463,1,2
318460,318462,318464,2,2
318460,318462,318465,3,2
318460,318460,318465,5,0
318460,318460,318465,5,0
318460,318460,318465,5,0
318460,318461,318465,4,1
318460,318462,318464,2,2
318460,318460,318465,5,0
318460,318460,318465,5,0
318460,318460,318466,6,0
318460,318460,318465,5,0
318460,318460,318466,6,0
318460,318464,318466,2,4
318460,318460,318465,5,0
318460,318461,318465,4,1
318460,318464,318466,2,4
318460,318460,318466,6,0
318460,318464,318466,2,4
318460,318460,318465,5,0
318460,318460,318467,7,0
318460,318460,318467,7,0
318460,318460,318466,6,0
318460,318460,318466,6,0
318460,318460,318466,6,0
318460,318460,318467,7,0
318460,318460,318467,7,0
318460,318465,318467,2,5
318460,318465,318467,2,5
318460,318466,318467,1,6
318460,318465,318467,2,5
318460,318465,318467,2,5
318460,318465,318467,2,5
318460,318466,318467,1,6
318460,318463,318468,5,3
318460,318465,318467,2,5
318460,318466,318467,1,6
318460,318466,318467,1,6
318460,318467,318468,1,7
318460,318466,318468,2,6
318460,318466,318467,1,6
318460,318466,318467,1,6
318460,318466,318468,2,6
318460,318466,318468,2,6
318460,318466,318467,1,6
318460,318460,318469,9,0
318460,318460,318468,8,0
318460,318464,318469,5,4
318460,318460,318469,9,0
318460,318466,318469,3,6
318460,318460,318469,9,0
318460,318460,318469,9,0
318460,318460,318469,9,0
318460,318467,318469,2,7
318460,318466,318469,3,6
318460,318467,318469,2,7
318460,318460,318469,9,0
318460,318460,318470,10,0
318460,318463,318469,6,3
318460,318467,318469,2,7
318460,318460,318470,10,0
318460,318460,318470,10,0
318460,318460,318470,10,0
318460,318460,318472,12,0
318460,318460,318472,12,0
318460,318460,318473,13,0
318460,318460,318474,14,0
318460,318460,318474,14,0
318486,318487,318488,1,1
318486,318487,318488,1,1
318486,318487,318488,1,1
318486,318487,318488,1,1
318486,318487,318488,1,1
318486,318487,318488,1,1
318486,318487,318488,1,1
318486,318487,318490,3,1
318486,318487,318490,3,1
318486,318487,318490,3,1
318486,318487,318490,3,1
318486,318487,318490,3,1
318486,318489,318490,1,3
318486,318487,318491,4,1
318486,318487,318491,4,1
318486,318489,318492,3,3
318486,318489,318491,2,3
318486,318487,318492,5,1
318486,318487,318491,4,1
318486,318489,318491,2,3
318486,318489,318491,2,3
318486,318487,318491,4,1
318486,318489,318491,2,3
318486,318487,318492,5,1
318486,318487,318493,6,1
318486,318487,318492,5,1
318486,318487,318492,5,1
318486,318489,318492,3,3
318486,318487,318492,5,1
318486,318491,318492,1,5
318486,318487,318493,6,1
318486,318487,318493,6,1
318486,318487,318493,6,1
318486,318492,318493,1,6
318486,318492,318493,1,6
318486,318491,318493,2,5
318486,318492,318493,1,6
318486,318492,318494,2,6
318486,318492,318494,2,6
318486,318492,318493,1,6
318486,318492,318494,2,6
318486,318492,318493,1,6
318486,318487,318494,7,1
318486,318487,318494,7,1
318486,318487,318494,7,1
318486,318487,318494,7,1
318486,318487,318495,8,1
318486,318487,318495,8,1
318486,318493,318494,1,7
318486,318493,318494,1,7
318486,318492,318494,2,6
318486,318487,318494,7,1
318486,318493,318494,1,7
318486,318493,318494,1,7
318486,318487,318495,8,1
318486,318493,318494,1,7
318486,318493,318494,1,7
318486,318491,318495,4,5
318486,318491,318495,4,5
318486,318487,318495,8,1
318486,318492,318495,3,6
318486,318494,318496,2,8
318486,318494,318495,1,8
318486,318494,318495,1,8
318486,318494,318495,1,8
318486,318487,318496,9,1
318486,318487,318496,9,1
318486,318493,318496,3,7
318486,318494,318496,2,8
318486,318487,318498,11,1
318486,318487,318497,10,1
318486,318491,318497,6,5
318486,318487,318497,10,1
318486,318487,318498,11,1
318486,318491,318498,7,5
318486,318487,318501,14,1
318486,318487,318502,15,1
318486,318487,318503,16,1
318486,318487,318504,17,1
318516,318516,318517,1,0
318516,318516,318518,2,0
318516,318516,318517,1,0
318516,318516,318517,1,0
318516,318516,318517,1,0
318516,318516,318517,1,0
318516,318516,318518,2,0
318516,318516,318519,3,0
318516,318516,318520,4,0
318516,318516,318520,4,0
318516,318516,318520,4,0
318516,318516,318521,5,0
318516,318518,318520,2,2
318516,318516,318521,5,0
318516,318518,318521,3,2
318516,318518,318520,2,2
318516,318516,318521,5,0
318516,318518,318520,2,2
318516,318516,318521,5,0
318516,318516,318520,4,0
318516,318518,318521,3,2
318516,318516,318521,5,0
318516,318516,318522,6,0
318516,318516,318521,5,0
318516,318516,318521,5,0
318516,318516,318522,6,0
318516,318516,318521,5,0
318516,318516,318522,6,0
318516,318516,318522,6,0
318516,318516,318521,5,0
318516,318518,318521,3,2
318516,318516,318521,5,0
318516,318519,318522,3,3
318516,318520,318521,1,4
318516,318516,318523,7,0
318516,318516,318522,6,0
318516,318516,318522,6,0
318516,318516,318522,6,0
318516,318521,318523,2,5
318516,318521,318523,2,5
318516,318521,318522,1,5
318516,318522,318523,1,6
318516,318521,318523,2,5
318516,318522,318523,1,6
318516,318521,318523,2,5
318516,318521,318523,2,5
318516,318521,318523,2,5
318516,318522,318523,1,6
318516,318516,318523,7,0
318516,318516,318523,7,0
318516,318521,318524,3,5
318516,318521,318524,3,5
318516,318516,318524,8,0
318516,318516,318524,8,0
318516,318522,318523,1,6
318516,318522,318523,1,6
318516,318522,318523,1,6
318516,318521,318523,2,5
318516,318522,318523,1,6
318516,318522,318525,3,6
318516,318516,318525,9,0
318516,318522,318525,3,6
318516,318522,318524,2,6
318516,318523,318525,2,7
318516,318522,318525,3,6
318516,318516,318525,9,0
318516,318520,318524,4,4
318516,318522,318525,3,6
318516,318521,318524,3,5
318516,318516,318526,10,0
318516,318516,318526,10,0
318516,318522,318525,3,6
318516,318516,318527,11,0
318516,318516,318526,10,0
318516,318516,318527,11,0
318516,318516,318529,13,0
318516,318516,318542,26,0
318516,318521,318544,23,5
318516,318516,318545,29,0
318557,318557,318558,1,0
318557,318557,318559,2,0
318557,318557,318558,1,0
318557,318557,318559,2,0
318557,318557,318559,2,0
318557,318557,318559,2,0
318557,318557,318560,3,0
318557,318557,318560,3,0
318557,318557,318560,3,0
318557,318557,318560,3,0
318557,318557,318560,3,0
318557,318558,318561,3,1
318557,318557,318562,5,0
318557,318557,318562,5,0
318557,318559,318562,3,2
318557,318557,318562,5,0
318557,318559,318562,3,2
318557,318557,318562,5,0
318557,318559,318562,3,2
318557,318559,318562,3,2
318557,318557,318562,5,0
318557,318557,318562,5,0
318557,318557,318562,5,0
318557,318557,318562,5,0
318557,318561,318562,1,4
318557,318557,318563,6,0
318557,318557,318563,6,0
318557,318557,318563,6,0
318557,318557,318563,6,0
318557,318557,318563,6,0
318557,318557,318563,6,0
318557,318557,318563,6,0
318557,318557,318563,6,0
318557,318557,318563,6,0
318557,318561,318563,2,4
318557,318559,318563,4,2
318557,318557,318564,7,0
318557,318557,318564,7,0
318557,318557,318564,7,0
318557,318563,318564,1,6
318557,318557,318564,7,0
318557,318563,318564,1,6
318557,318563,318564,1,6
318557,318560,318564,4,3
318557,318563,318564,1,6
318557,318563,318564,1,6
318557,318557,318564,7,0
318557,318563,318564,1,6
318557,318564,318565,1,7
318557,318563,318564,1,6
318557,318564,318565,1,7
318557,318557,318565,8,0
318557,318557,318565,8,0
318557,318564,318565,1,7
318557,318560,318565,5,3
318557,318563,318565,2,6
318557,318557,318565,8,0
318557,318560,318565,5,3
318557,318563,318565,2,6
318557,318557,318565,8,0
318557,318557,318565,8,0
318557,318563,318565,2,6
318557,318564,318565,1,7
318557,318564,318565,1,7
318557,318563,318565,2,6
318557,318564,318565,1,7
318557,318564,318565,1,7
318557,318557,318566,9,0
318557,318562,318566,4,5
318557,318562,318566,4,5
318557,318564,318566,2,7
318557,318557,318566,9,0
318557,318564,318566,2,7
318557,318564,318566,2,7
318557,318560,318567,7,3
318557,318557,318568,11,0
318557,318557,318568,11,0
318557,318557,318569,12,0
318557,318557,318571,14,0
318584,318584,318585,1,0
318584,318584,318586,2,0
318584,318584,318585,1,0
318584,318584,318585,1,0
318584,318584,318585,1,0
318584,318584,318585,1,0
318584,318584,318587,3,0
318584,318584,318587,3,0
318584,318584,318587,3,0
318584,318584,318588,4,0
318584,318584,318588,4,0
318584,318584,318587,3,0
318584,318584,318588,4,0
318584,318584,318587,3,0
318584,318586,318588,2,2
318584,318584,318589,5,0
318584,318584,318588,4,0
318584,318584,318589,5,0
318584,318584,318589,5,0
318584,318584,318588,4,0
318584,318584,318589,5,0
318584,318584,318588,4,0
318584,318586,318589,3,2
318584,318586,318588,2,2
318584,318584,318589,5,0
318584,318586,318589,3,2
318584,318586,318589,3,2
318584,318584,318590,6,0
318584,318584,318590,6,0
318584,318584,318589,5,0
318584,318584,318589,5,0
318584,318584,318590,6,0
318584,318584,318590,6,0
318584,318584,318590,6,0
318584,318584,318590,6,0
318584,318588,318590,2,4
318584,318584,318590,6,0
318584,318584,318589,5,0
318584,318586,318590,4,2
318584,318588,318590,2,4
318584,318584,318590,6,0
318584,318588,318590,2,4
318584,318584,318590,6,0
318584,318587,318589,2,3
318584,318589,318590,1,5
318584,318584,318590,6,0
318584,318584,318591,7,0
318584,318589,318591,2,5
318584,318584,318591,7,0
318584,318589,318591,2,5
318584,318589,318591,2,5
318584,318589,318591,2,5
318584,318584,318591,7,0
318584,318587,318590,3,3
318584,318590,318591,1,6
318584,318584,318592,8,0
318584,318588,318592,4,4
318584,318587,318592,5,3
318584,318589,318592,3,5
318584,318584,318591,7,0
318584,318588,318591,3,4
318584,318589,318592,3,5
318584,318589,318592,3,5
318584,318584,318591,7,0
318584,318584,318592,8,0
318584,318589,318593,4,5
318584,318589,318593,4,5
318584,318590,318593,3,6
318584,318589,318592,3,5
318584,318590,318593,3,6
318584,318584,318592,8,0
318584,318590,318593,3,6
318584,318590,318593,3,6
318584,318589,318593,4,5
318584,318590,318593,3,6
318584,318590,318593,3,6
318584,318590,318593,3,6
318584,318584,318593,9,0
318584,318588,318593,5,4
318607,318607,318608,1,0
318607,318607,318608,1,0
318607,318607,318608,1,0
318607,318607,318608,1,0
318607,318607,318608,1,0
318607,318607,318608,1,0
318607,318607,318609,2,0
318607,318608,318609,1,1
318607,318607,318610,3,0
318607,318607,318610,3,0
318607,318607,318610,3,0
318607,318609,318610,1,2
318607,318609,318611,2,2
318607,318608,318610,2,1
318607,318609,318610,1,2
318607,318609,318611,2,2
318607,318607,318611,4,0
318607,318607,318612,5,0
318607,318610,318611,1,3
318607,318607,318611,4,0
318607,318607,318611,4,0
318607,318607,318613,6,0
318607,318607,318612,5,0
318607,318607,318612,5,0
318607,318607,318612,5,0
318607,318607,318613,6,0
318607,318607,318612,5,0
318607,318607,318612,5,0
318607,318607,318612,5,0
318607,318607,318612,5,0
318607,318610,318612,2,3
318607,318607,318612,5,0
318607,318611,318612,1,4
318607,318607,318612,5,0
318607,318611,318612,1,4
318607,318611,318613,2,4
318607,318611,318613,2,4
318607,318607,318613,6,0
318607,318607,318613,6,0
318607,318607,318613,6,0
318607,318607,318613,6,0
318607,318607,318613,6,0
318607,318611,318613,2,4
318607,318607,318614,7,0
318607,318607,318613,6,0
318607,318612,318614,2,5
318607,318607,318613,6,0
318607,318612,318613,1,5
318607,318613,318614,1,6
318607,318612,318613,1,5
318607,318612,318613,1,5
318607,318612,318613,1,5
318607,318613,318614,1,6
318607,318613,318614,1,6
318607,318612,318613,1,5
318607,318613,318614,1,6
318607,318607,318614,7,0
318607,318607,318614,7,0
318607,318607,318614,7,0
318607,318613,318614,1,6
318607,318607,318614,7,0
318607,318613,318614,1,6
318607,318613,318614,1,6
318607,318613,318614,1,6
318607,318607,318615,8,0
318607,318607,318615,8,0
318607,318611,318615,4,4
318607,318613,318615,2,6
318607,318611,318616,5,4
318607,318613,318615,2,6
318607,318613,318616,3,6
318607,318613,318616,3,6
318607,318613,318616,3,6
318607,318613,318616,3,6
318607,318607,318616,9,0
318607,318607,318623,16,0
318607,318607,318623,16,0
318607,318607,318628,21,0
318607,318607,318631,24,0
318642,318642,318643,1,0
318642,318642,318643,1,0
318642,318642,318644,2,0
318642,318642,318644,2,0
318642,318642,318644,2,0
318642,318642,318643,1,0
318642,318642,318643,1,0
318642,318644,318645,1,2
318642,318644,318646,2,2
318642,318644,318646,2,2
318642,318644,318645,1,2
318642,318642,318647,5,0
318642,318642,318646,4,0
318642,318642,318647,5,0
318642,318642,318647,5,0
318642,318642,318646,4,0
318642,318642,318647,5,0
318642,318644,318647,3,2
318642,318644,318646,2,2
318642,318645,318647,2,3
318642,318642,318647,5,0
318642,318644,318646,2,2
318642,318642,318647,5,0
318642,318642,318648,6,0
318642,318642,318647,5,0
318642,318642,318648,6,0
318642,318642,318648,6,0
318642,318642,318648,6,0
318642,318642,318648,6,0
318642,318642,318648,6,0
318642,318642,318647,5,0
318642,318646,318648,2,4
318642,318642,318647,5,0
318642,318646,318648,2,4
318642,318642,318648,6,0
318642,318647,318648,1,5
318642,318646,318647,1,4
318642,318647,318648,1,5
318642,318642,318648,6,0
318642,318642,318648,6,0
318642,318642,318649,7,0
318642,318647,318649,2,5
318642,318647,318648,1,5
318642,318648,318649,1,6
318642,318648,318649,1,6
318642,318647,318649,2,5
318642,318648,318649,1,6
318642,318647,318649,2,5
318642,318647,318650,3,5
318642,318648,318650,2,6
318642,318642,318650,8,0
318642,318647,318650,3,5
318642,318642,318650,8,0
318642,318642,318650,8,0
318642,318647,318650,3,5
318642,318648,318650,2,6
318642,318648,318649,1,6
318642,318648,318650,2,6
318642,318642,318649,7,0
318642,318642,318650,8,0
318642,318648,318649,1,6
318642,318642,318650,8,0
318642,318642,318651,9,0
318642,318647,318651,4,5
318642,318648,318651,3,6
318642,318647,318650,3,5
318642,318648,318651,3,6
318642,318648,318651,3,6
318642,318642,318650,8,0
318642,318648,318651,3,6
318642,318642,318650,8,0
318642,318648,318651,3,6
318642,318642,318653,11,0
318642,318642,318654,12,0
318642,318642,318656,14,0
318642,318642,318655,13,0
318642,318642,318656,14,0
318642,318642,318658,16,0
318642,318642,318657,15,0
318669,318669,318670,1,0
318669,318669,318670,1,0
318669,318669,318671,2,0
318669,318669,318670,1,0
318669,318669,318670,1,0
318669,318669,318671,2,0
318669,318669,318672,3,0
318669,318671,318673,2,2
318669,318671,318673,2,2
318669,318669,318674,5,0
318669,318669,318673,4,0
318669,318669,318674,5,0
318669,318669,318674,5,0
318669,318669,318674,5,0
318669,318669,318674,5,0
318669,318671,318674,3,2
318669,318671,318673,2,2
318669,318671,318674,3,2
318669,318672,318674,2,3
318669,318669,318674,5,0
318669,318673,318674,1,4
318669,318669,318674,5,0
318669,318671,318674,3,2
318669,318673,318674,1,4
318669,318669,318675,6,0
318669,318669,318675,6,0
318669,318669,318675,6,0
318669,318669,318675,6,0
318669,318669,318675,6,0
318669,318669,318675,6,0
318669,318669,318675,6,0
318669,318669,318675,6,0
318669,318669,318675,6,0
318669,318674,318675,1,5
318669,318669,318675,6,0
318669,318669,318675,6,0
318669,318669,318675,6,0
318669,318669,318675,6,0
318669,318669,318676,7,0
318669,318669,318676,7,0
318669,318675,318676,1,6
318669,318675,318676,1,6
318669,318675,318676,1,6
318669,318675,318676,1,6
318669,318675,318676,1,6
318669,318674,318676,2,5
318669,318675,318676,1,6
318669,318669,318676,7,0
318669,318674,318676,2,5
318669,318674,318677,3,5
318669,318669,318677,8,0
318669,318674,318677,3,5
318669,318669,318677,8,0
318669,318674,318677,3,5
318669,318669,318677,8,0
318669,318674,318677,3,5
318669,318676,318677,1,7
318669,318676,318677,1,7
318669,318676,318677,1,7
318669,318669,318677,8,0
318669,318676,318677,1,7
318669,318676,318677,1,7
318669,318676,318677,1,7
318669,318669,318678,9,0
318669,318674,318678,4,5
318669,318675,318678,3,6
318669,318669,318678,9,0
318669,318674,318678,4,5
318669,318675,318678,3,6
318669,318676,318678,2,7
318669,318669,318679,10,0
318669,318675,318679,4,6
318669,318669,318680,11,0
318669,318669,318680,11,0
318669,318669,318683,14,0
318669,318669,318687,18,0
318669,318669,318687,18,0
318669,318669,318688,19,0
318700,318700,318701,1,0
318700,318700,318701,1,0
318700,318700,318701,1,0
318700,318700,318701,1,0
318700,318700,318701,1,0
318700,318700,318702,2,0
318700,318700,318701,1,0
318700,318700,318702,2,0
318700,318701,318703,2,1
318700,318702,318703,1,2
318700,318702,318704,2,2
318700,318700,318703,3,0
318700,318700,318703,3,0
318700,318700,318703,3,0
318700,318702,318703,1,2
318700,318702,318704,2,2
318700,318702,318705,3,2
318700,318703,318705,2,3
318700,318700,318705,5,0
318700,318703,318704,1,3
318700,318702,318704,2,2
318700,318704,318705,1,4
318700,318704,318706,2,4
318700,318700,318705,5,0
318700,318700,318706,6,0
318700,318700,318706,6,0
318700,318700,318705,5,0
318700,318705,318706,1,5
318700,318705,318706,1,5
318700,318700,318707,7,0
318700,318703,318706,3,3
318700,318704,318707,3,4
318700,318700,318706,6,0
318700,318700,318707,7,0
318700,318700,318706,6,0
318700,318706,318707,1,6
318700,318705,318706,1,5
318700,318706,318707,1,6
318700,318700,318706,6,0
318700,318705,318706,1,5
318700,318705,318706,1,5
318700,318700,318706,6,0
318700,318705,318706,1,5
318700,318705,318706,1,5
318700,318706,318707,1,6
318700,318706,318707,1,6
318700,318700,318708,8,0
318700,318704,318707,3,4
318700,318700,318707,7,0
318700,318700,318707,7,0
318700,318700,318707,7,0
318700,318700,318708,8,0
318700,318704,318707,3,4
318700,318707,318708,1,7
318700,318707,318708,1,7
318700,318700,318707,7,0
318700,318700,318707,7,0
318700,318706,318707,1,6
318700,318706,318707,1,6
318700,318706,318707,1,6
318700,318700,318708,8,0
318700,318700,318708,8,0
318700,318700,318708,8,0
318700,318707,318709,2,7
318700,318707,318709,2,7
318700,318707,318709,2,7
318700,318700,318709,9,0
318700,318700,318708,8,0
318700,318700,318708,8,0
318700,318700,318709,9,0
318700,318707,318710,3,7
318700,318700,318710,10,0
318700,318700,318713,13,0
318700,318700,318713,13,0
318700,318700,318715,15,0
318700,318700,318717,17,0
318700,318700,318718,18,0
318700,318700,318721,21,0
318700,318700,318722,22,0
318734,318734,318735,1,0
318734,318734,318735,1,0
318734,318734,318735,1,0
318734,318734,318735,1,0
318734,318734,318735,1,0
318734,318734,318735,1,0
318734,318734,318737,3,0
318734,318735,318736,1,1
318734,318734,318737,3,0
318734,318736,318737,1,2
318734,318734,318738,4,0
318734,318734,318738,4,0
318734,318734,318737,3,0
318734,318736,318737,1,2
318734,318736,318738,2,2
318734,318736,318737,1,2
318734,318734,318738,4,0
318734,318737,318739,2,3
318734,318734,318738,4,0
318734,318734,318739,5,0
318734,318734,318739,5,0
318734,318737,318738,1,3
318734,318736,318738,2,2
318734,318738,318739,1,4
318734,318737,318738,1,3
318734,318738,318739,1,4
318734,318734,318739,5,0
318734,318734,318740,6,0
318734,318734,318740,6,0
318734,318734,318740,6,0
318734,318734,318739,5,0
318734,318734,318739,5,0
318734,318734,318739,5,0
318734,318739,318740,1,5
318734,318734,318739,5,0
318734,318734,318739,5,0
318734,318738,318739,1,4
318734,318738,318739,1,4
318734,318734,318740,6,0
318734,318734,318740,6,0
318734,318734,318740,6,0
318734,318734,318740,6,0
318734,318739,318740,1,5
318734,318734,318740,6,0
318734,318738,318741,3,4
318734,318734,318740,6,0
318734,318734,318740,6,0
318734,318740,318741,1,6
318734,318734,318740,6,0
318734,318739,318740,1,5
318734,318739,318740,1,5
318734,318740,318741,1,6
318734,318739,318740,1,5
318734,318739,318740,1,5
318734,318739,318741,2,5
318734,318734,318741,7,0
318734,318734,318741,7,0
318734,318739,318741,2,5
318734,318734,318742,8,0
318734,318734,318742,8,0
318734,318740,318742,2,6
318734,318740,318742,2,6
318734,318740,318742,2,6
318734,318734,318742,8,0
318734,318734,318742,8,0
318734,318740,318742,2,6
318734,318734,318742,8,0
318734,318740,318742,2,6
318734,318740,318743,3,6
318734,318740,318743,3,6
318734,318737,318742,5,3
318734,318734,318743,9,0
318734,318734,318744,10,0
318734,318734,318743,9,0
318734,318738,318743,5,4
318734,318734,318744,10,0
318734,318734,318744,10,0
318734,318739,318744,5,5
318734,318739,318746,7,5
318757,318757,318758,1,0
318757,318757,318758,1,0
318757,318757,318758,1,0
318757,318757,318758,1,0
318757,318757,318758,1,0
318757,318757,318758,1,0
318757,318758,318759,1,1
318757,318757,318759,2,0
318757,318757,318761,4,0
318757,318757,318761,4,0
318757,318759,318761,2,2
318757,318759,318761,2,2
318757,318759,318761,2,2
318757,318757,318762,5,0
318757,318759,318761,2,2
318757,318757,318762,5,0
318757,318759,318761,2,2
318757,318760,318762,2,3
318757,318757,318762,5,0
318757,318759,318761,2,2
318757,318757,318762,5,0
318757,318757,318763,6,0
318757,318757,318763,6,0
318757,318757,318762,5,0
318757,318757,318762,5,0
318757,318757,318762,5,0
318757,318757,318763,6,0
318757,318761,318763,2,4
318757,318757,318762,5,0
318757,318762,318763,1,5
318757,318757,318763,6,0
318757,318757,318763,6,0
318757,318761,318762,1,4
318757,318757,318763,6,0
318757,318761,318763,2,4
318757,318757,318764,7,0
318757,318757,318763,6,0
318757,318757,318764,7,0
318757,318757,318763,6,0
318757,318757,318764,7,0
318757,318757,318764,7,0
318757,318757,318763,6,0
318757,318757,318763,6,0
318757,318762,318763,1,5
318757,318762,318763,1,5
318757,318762,318764,2,5
318757,318762,318764,2,5
318757,318762,318764,2,5
318757,318762,318763,1,5
318757,318763,318764,1,6
318757,318763,318764,1,6
318757,318763,318764,1,6
318757,318757,318765,8,0
318757,318761,318765,4,4
318757,318761,318764,3,4
318757,318757,318764,7,0
318757,318762,318764,2,5
318757,318763,318765,2,6
318757,318763,318765,2,6
318757,318763,318764,1,6
318757,318763,318765,2,6
318757,318763,318765,2,6
318757,318763,318764,1,6
318757,318763,318764,1,6
318757,318763,318766,3,6
318757,318763,318766,3,6
318757,318757,318766,9,0
318757,318763,318765,2,6
318757,318763,318765,2,6
318757,318757,318767,10,0
318757,318757,318768,11,0
318757,318757,318770,13,0
318757,318757,318770,13,0
318757,318757,318770,13,0
318757,318757,318771,14,0
318757,318757,318779,22,0
318757,318757,318778,21,0
318757,318757,318782,25,0
318757,318757,318785,28,0
318797,318797,318798,1,0
318797,318797,318798,1,0
318797,318797,318798,1,0
318797,318797,318798,1,0
318797,318797,318798,1,0
318797,318797,318798,1,0
318797,318798,318800,2,1
318797,318797,318801,4,0
318797,318797,318801,4,0
318797,318797,318802,5,0
318797,318797,318802,5,0
318797,318797,318802,5,0
318797,318799,318801,2,2
318797,318799,318801,2,2
318797,318799,318802,3,2
318797,318799,318801,2,2
318797,318800,318802,2,3
318797,318797,318802,5,0
318797,318797,318802,5,0
318797,318797,318803,6,0
318797,318799,318802,3,2
318797,318797,318803,6,0
318797,318797,318803,6,0
318797,318797,318803,6,0
318797,318797,318803,6,0
318797,318797,318802,5,0
318797,318801,318803,2,4
318797,318802,318803,1,5
318797,318797,318803,6,0
318797,318797,318803,6,0
318797,318802,318803,1,5
318797,318802,318803,1,5
318797,318797,318803,6,0
318797,318797,318804,7,0
318797,318797,318804,7,0
318797,318797,318804,7,0
318797,318797,318803,6,0
318797,318797,318804,7,0
318797,318802,318804,2,5
318797,318802,318804,2,5
318797,318803,318804,1,6
318797,318802,318804,2,5
318797,318803,318804,1,6
318797,318803,318804,1,6
318797,318797,318805,8,0
318797,318802,318805,3,5
318797,318801,318805,4,4
318797,318797,318805,8,0
318797,318802,318805,3,5
318797,318797,318804,7,0
318797,318797,318805,8,0
318797,318803,318805,2,6
318797,318803,318804,1,6
318797,318803,318804,1,6
318797,318803,318805,2,6
318797,318803,318805,2,6
318797,318803,318805,2,6
318797,318803,318805,2,6
318797,318803,318805,2,6
318797,318803,318805,2,6
318797,318803,318804,1,6
318797,318797,318806,9,0
318797,318804,318806,2,7
318797,318797,318806,9,0
318797,318803,318805,2,6
318797,318803,318806,3,6
318797,318804,318806,2,7
318797,318804,318806,2,7
318797,318797,318807,10,0
318797,318797,318807,10,0
318797,318797,318807,10,0
318797,318797,318808,11,0
318797,318797,318807,10,0
318797,318797,318809,12,0
318797,318797,318810,13,0
318797,318797,318810,13,0
318797,318797,318811,14,0
318797,318797,318812,15,0
318797,318797,318812,15,0
318823,318824,318825,1,1
318823,318824,318825,1,1
318823,318824,318825,1,1
318823,318824,318825,1,1
318823,318824,318825,1,1
318823,318824,318825,1,1
318823,318825,318826,1,2
318823,318824,318828,4,1
318823,318824,318827,3,1
318823,318824,318827,3,1
318823,318824,318828,4,1
318823,318824,318828,4,1
318823,318826,318828,2,3
318823,318825,318827,2,2
318823,318826,318827,1,3
318823,318824,318828,4,1
318823,318824,318828,4,1
318823,318824,318828,4,1
318823,318824,318828,4,1
318823,318824,318828,4,1
318823,318826,318828,2,3
318823,318824,318828,4,1
318823,318824,318828,4,1
318823,318827,318828,1,4
318823,318824,318828,4,1
318823,318824,318828,4,1
318823,318824,318828,4,1
318823,318826,318828,2,3
318823,318824,318829,5,1
318823,318824,318830,6,1
318823,318824,318830,6,1
318823,318829,318830,1,6
318823,318824,318830,6,1
318823,318824,318829,5,1
318823,318824,318829,5,1
318823,318824,318829,5,1
318823,318828,318829,1,5
318823,318828,318829,1,5
318823,318828,318829,1,5
318823,318828,318829,1,5
318823,318829,318830,1,6
318823,318829,318830,1,6
318823,318829,318830,1,6
318823,318828,318830,2,5
318823,318829,318830,1,6
318823,318828,318830,2,5
318823,318829,318830,1,6
318823,318830,318831,1,7
318823,318830,318831,1,7
318823,318824,318830,6,1
318823,318829,318830,1,6
318823,318830,318831,1,7
318823,318829,318830,1,6
318823,318830,318831,1,7
318823,318824,318831,7,1
318823,318829,318831,2,6
318823,318824,318831,7,1
318823,318829,318831,2,6
318823,318829,318831,2,6
318823,318828,318831,3,5
318823,318829,318832,3,6
318823,318829,318831,2,6
318823,318830,318831,1,7
318823,318824,318832,8,1
318823,318824,318833,9,1
318823,318830,318832,2,7
318823,318824,318832,8,1
318823,318824,318833,9,1
318823,318824,318833,9,1
318823,318824,318832,8,1
318823,318824,318832,8,1
318823,318824,318832,8,1
318823,318828,318832,4,5
318823,318824,318833,9,1
318823,318829,318833,4,6
318823,318824,318833,9,1
318823,318824,318833,9,1
318823,318824,318833,9,1
318823,318824,318837,13,1
318849,318849,318850,1,0
318849,318849,318850,1,0
318849,318849,318850,1,0
318849,318849,318850,1,0
318849,318849,318851,2,0
318849,318849,318851,2,0
318849,318849,318851,2,0
318849,318849,318853,4,0
318849,318850,318853,3,1
318849,318849,318853,4,0
318849,318851,318853,2,2
318849,318851,318853,2,2
318849,318849,318853,4,0
318849,318850,318853,3,1
318849,318851,318853,2,2
318849,318849,318854,5,0
318849,318849,318853,4,0
318849,318849,318854,5,0
318849,318849,318854,5,0
318849,318851,318854,3,2
318849,318849,318854,5,0
318849,318849,318854,5,0
318849,318849,318854,5,0
318849,318853,318854,1,4
318849,318849,318855,6,0
318849,318849,318855,6,0
318849,318849,318854,5,0
318849,318853,318855,2,4
318849,318849,318855,6,0
318849,318854,318855,1,5
318849,318849,318854,5,0
318849,318853,318855,2,4
318849,318853,318855,2,4
318849,318849,318855,6,0
318849,318853,318855,2,4
318849,318849,318855,6,0
318849,318853,318855,2,4
318849,318849,318856,7,0
318849,318849,318855,6,0
318849,318852,318856,4,3
318849,318854,318856,2,5
318849,318849,318856,7,0
318849,318849,318856,7,0
318849,318854,318856,2,5
318849,318855,318856,1,6
318849,318854,318856,2,5
318849,318854,318856,2,5
318849,318855,318856,1,6
318849,318849,318856,7,0
318849,318854,318856,2,5
318849,318855,318856,1,6
318849,318855,318856,1,6
318849,318849,318857,8,0
318849,318849,318857,8,0
318849,318854,318857,3,5
318849,318853,318856,3,4
318849,318855,318857,2,6
318849,318855,318857,2,6
318849,318855,318857,2,6
318849,318855,318856,1,6
318849,318855,318856,1,6
318849,318855,318857,2,6
318849,318849,318858,9,0
318849,318849,318858,9,0
318849,318849,318857,8,0
318849,318849,318857,8,0
318849,318854,318858,4,5
318849,318854,318858,4,5
318849,318853,318858,5,4
318849,318855,318857,2,6
318849,318849,318858,9,0
318849,318849,318858,9,0
318849,318849,318858,9,0
318849,318849,318859,10,0
318849,318849,318858,9,0
318849,318849,318859,10,0
318849,318849,318859,10,0
318849,318849,318860,11,0
318849,318849,318861,12,0
318873,318873,318874,1,0
318873,318873,318875,2,0
318873,318873,318875,2,0
318873,318873,318875,2,0
318873,318873,318875,2,0
318873,318873,318875,2,0
318873,318874,318875,1,1
318873,318874,318876,2,1
318873,318873,318876,3,0
318873,318875,318876,1,2
318873,318873,318877,4,0
318873,318874,318877,3,1
318873,318873,318877,4,0
318873,318876,318877,1,3
318873,318876,318877,1,3
318873,318876,318877,1,3
318873,318876,318877,1,3
318873,318874,318878,4,1
318873,318873,318879,6,0
318873,318874,318878,4,1
318873,318874,318878,4,1
318873,318874,318878,4,1
318873,318873,318878,5,0
318873,318877,318879,2,4
318873,318876,318878,2,3
318873,318873,318879,6,0
318873,318878,318879,1,5
318873,318873,318879,6,0
318873,318878,318879,1,5
318873,318873,318880,7,0
318873,318873,318879,6,0
318873,318878,318879,1,5
318873,318878,318879,1,5
318873,318873,318879,6,0
318873,318878,318880,2,5
318873,318874,318880,6,1
318873,318873,318880,7,0
318873,318873,318880,7,0
318873,318874,318880,6,1
318873,318874,318880,6,1
318873,318877,318880,3,4
318873,318873,318881,8,0
318873,318873,318880,7,0
318873,318873,318880,7,0
318873,318873,318880,7,0
318873,318873,318880,7,0
318873,318879,318880,1,6
318873,318879,318880,1,6
318873,318873,318880,7,0
318873,318880,318881,1,7
318873,318873,318880,7,0
318873,318879,318880,1,6
318873,318880,318881,1,7
318873,318880,318881,1,7
318873,318880,318881,1,7
318873,318878,318882,4,5
318873,318876,318881,5,3
318873,318877,318881,4,4
318873,318878,318881,3,5
318873,318873,318881,8,0
318873,318879,318882,3,6
318873,318880,318881,1,7
318873,318873,318881,8,0
318873,318880,318881,1,7
318873,318880,318881,1,7
318873,318880,318881,1,7
318873,318880,318881,1,7
318873,318873,318882,9,0
318873,318873,318882,9,0
318873,318879,318882,3,6
318873,318873,318882,9,0
318873,318879,318882,3,6
318873,318873,318882,9,0
318873,318879,318882,3,6
318873,318880,318882,2,7
318873,318873,318883,10,0
318873,318879,318883,4,6
318873,318873,318883,10,0
318873,318873,318885,12,0
318898,318898,318899,1,0
318898,318898,318899,1,0
318898,318898,318899,1,0
318898,318898,318899,1,0
318898,318898,318899,1,0
318898,318898,318899,1,0
318898,318899,318901,2,1
318898,318899,318900,1,1
318898,318900,318901,1,2
318898,318900,318902,2,2
318898,318900,318902,2,2
318898,318898,318902,4,0
318898,318898,318902,4,0
318898,318898,318902,4,0
318898,318898,318903,5,0
318898,318898,318903,5,0
318898,318900,318902,2,2
318898,318898,318902,4,0
318898,318898,318903,5,0
318898,318901,318903,2,3
318898,318898,318903,5,0
318898,318898,318903,5,0
318898,318898,318903,5,0
318898,318898,318904,6,0
318898,318898,318903,5,0
318898,318898,318904,6,0
318898,318901,318903,2,3
318898,318898,318903,5,0
318898,318898,318903,5,0
318898,318898,318903,5,0
318898,318898,318904,6,0
318898,318902,318904,2,4
318898,318898,318903,5,0
318898,318902,318904,2,4
318898,318898,318904,6,0
318898,318898,318904,6,0
318898,318898,318904,6,0
318898,318898,318904,6,0
318898,318898,318904,6,0
318898,318898,318904,6,0
318898,318898,318904,6,0
318898,318898,318904,6,0
318898,318903,318905,2,5
318898,318903,318904,1,5
318898,318903,318905,2,5
318898,318904,318905,1,6
318898,318904,318905,1,6
318898,318902,318904,2,4
318898,318904,318905,1,6
318898,318903,318905,2,5
318898,318904,318905,1,6
318898,318904,318906,2,6
318898,318898,318905,7,0
318898,318898,318905,7,0
318898,318898,318905,7,0
318898,318898,318905,7,0
318898,318904,318905,1,6
318898,318904,318905,1,6
318898,318904,318905,1,6
318898,318904,318905,1,6
318898,318898,318905,7,0
318898,318898,318905,7,0
318898,318904,318905,1,6
318898,318903,318905,2,5
318898,318898,318906,8,0
318898,318898,318907,9,0
318898,318903,318906,3,5
318898,318903,318906,3,5
318898,318903,318906,3,5
318898,318904,318907,3,6
318898,318904,318907,3,6
318898,318904,318907,3,6
318898,318903,318907,4,5
318898,318904,318907,3,6
318898,318904,318907,3,6
318898,318898,318908,10,0
318898,318898,318909,11,0
318898,318898,318911,13,0
318898,318898,318915,17,0
318927,318928,318929,1,1
318927,318928,318929,1,1
318927,318928,318929,1,1
318927,318928,318929,1,1
318927,318928,318929,1,1
318927,318928,318929,1,1
318927,318928,318930,2,1
318927,318929,318930,1,2
318927,318929,318930,1,2
318927,318930,318931,1,3
318927,318928,318931,3,1
318927,318930,318931,1,3
318927,318929,318931,2,2
318927,318930,318932,2,3
318927,318928,318933,5,1
318927,318928,318932,4,1
318927,318928,318932,4,1
318927,318928,318932,4,1
318927,318928,318932,4,1
318927,318928,318933,5,1
318927,318928,318934,6,1
318927,318928,318933,5,1
318927,318928,318934,6,1
318927,318931,318934,3,4
318927,318932,318934,2,5
318927,318928,318933,5,1
318927,318928,318933,5,1
318927,318931,318933,2,4
318927,318928,318934,6,1
318927,318932,318934,2,5
318927,318928,318933,5,1
318927,318931,318934,3,4
318927,318928,318934,6,1
318927,318932,318934,2,5
318927,318933,318934,1,6
318927,318928,318934,6,1
318927,318928,318934,6,1
318927,318928,318935,7,1
318927,318928,318935,7,1
318927,318928,318934,6,1
318927,318928,318935,7,1
318927,318928,318934,6,1
318927,318928,318934,6,1
318927,318932,318934,2,5
318927,318934,318935,1,7
318927,318928,318935,7,1
318927,318935,318936,1,8
318927,318935,318936,1,8
318927,318928,318936,8,1
318927,318934,318935,1,7
318927,318934,318936,2,7
318927,318934,318936,2,7
318927,318934,318936,2,7
318927,318934,318936,2,7
318927,318934,318935,1,7
318927,318928,318935,7,1
318927,318934,318936,2,7
318927,318934,318935,1,7
318927,318934,318935,1,7
318927,318928,318936,8,1
318927,318928,318936,8,1
318927,318935,318936,1,8
318927,318928,318936,8,1
318927,318928,318936,8,1
318927,318933,318936,3,6
318927,318933,318936,3,6
318927,318933,318936,3,6
318927,318933,318936,3,6
318927,318934,318937,3,7
318927,318928,318936,8,1
318927,318932,318936,4,5
318927,318928,318937,9,1
318927,318934,318937,3,7
318927,318935,318938,3,8
318927,318928,318939,11,1
318927,318928,318939,11,1
318927,318928,318938,10,1
318894,318894,318939,45,0
318927,318928,318940,12,1
318895,318895,318940,45,0
318927,318928,318941,13,1
318895,318895,318944,49,0
318894,318894,318946,52,0
318897,318897,318946,49,0
318898,318898,318947,49,0
318896,318896,318951,55,0
318894,318894,318952,58,0
318897,318897,318954,57,0
318902,318902,318954,52,0
318903,318903,318954,51,0
318954,318954,318955,1,0
318954,318954,318955,1,0
318954,318954,318955,1,0
318897,318897,318955,58,0
318954,318954,318955,1,0
318954,318954,318955,1,0
318954,318954,318955,1,0
318954,318954,318957,3,0
318954,318955,318957,2,1
318954,318955,318957,2,1
318954,318955,318957,2,1
318901,318901,318957,56,0
318954,318956,318958,2,2
318906,318906,318958,52,0
318954,318956,318958,2,2
318954,318956,318958,2,2
318898,318898,318958,60,0
318954,318954,318958,4,0
318954,318954,318959,5,0
318954,318954,318958,4,0
318954,318957,318959,2,3
318954,318957,318959,2,3
318954,318958,318959,1,4
318903,318903,318960,57,0
318954,318954,318959,5,0
318954,318954,318960,6,0
318954,318954,318960,6,0
318954,318954,318960,6,0
318954,318954,318959,5,0
318954,318954,318960,6,0
318954,318954,318960,6,0
318954,318957,318959,2,3
318906,318906,318959,53,0
318954,318954,318960,6,0
318954,318954,318960,6,0
318954,318954,318959,5,0
318954,318958,318960,2,4
318954,318954,318959,5,0
318954,318954,318959,5,0
318954,318957,318960,3,3
318900,318900,318960,60,0
318954,318954,318961,7,0
318954,318954,318961,7,0
318954,318954,318961,7,0
318954,318954,318961,7,0
318954,318954,318961,7,0
318954,318954,318961,7,0
318954,318954,318961,7,0
318954,318958,318961,3,4
318954,318960,318961,1,6
318954,318954,318961,7,0
318954,318959,318961,2,5
318954,318960,318961,1,6
318954,318959,318961,2,5
318954,318960,318961,1,6
318954,318959,318961,2,5
318902,318902,318961,59,0
318904,318904,318961,57,0
318954,318954,318961,7,0
318954,318954,318961,7,0
318954,318954,318962,8,0
318954,318954,318962,8,0
318954,318954,318962,8,0
318954,318954,318961,7,0
318954,318954,318962,8,0
318954,318960,318962,2,6
318954,318960,318962,2,6
318954,318954,318962,8,0
318954,318960,318962,2,6
318954,318960,318962,2,6
318954,318960,318962,2,6
318954,318954,318962,8,0
318954,318960,318962,2,6
318954,318954,318963,9,0
318954,318960,318963,3,6
318954,318959,318963,4,5
318954,318959,318963,4,5
318954,318960,318963,3,6
318954,318954,318963,9,0
318954,318959,318964,5,5
318954,318961,318963,2,7
318954,318960,318963,3,6
318896,318897,318965,68,1
318899,318899,318966,67,0
318954,318954,318966,12,0
318897,318897,318966,69,0
318895,318895,318967,72,0
318954,318954,318967,13,0
318954,318954,318966,12,0
318894,318894,318968,74,0
318897,318897,318970,73,0
318898,318898,318972,74,0
318895,318895,318974,79,0
318895,318895,318975,80,0
318897,318897,318976,79,0
318893,318893,318978,85,0
318895,318895,318978,83,0
318979,318979,318980,1,0
318979,318979,318980,1,0
318979,318979,318980,1,0
318899,318899,318980,81,0
318979,318979,318980,1,0
318979,318979,318980,1,0
318979,318979,318980,1,0
318894,318894,318981,87,0
318979,318979,318981,2,0
318979,318980,318982,2,1
318894,318894,318982,88,0
318979,318980,318982,2,1
318979,318981,318982,1,2
318979,318981,318982,1,2
318979,318980,318982,2,1
318979,318981,318982,1,2
318894,318895,318983,88,1
318979,318979,318984,5,0
318979,318982,318984,2,3
318897,318897,318983,86,0
318979,318979,318983,4,0
318979,318979,318983,4,0
318979,318982,318984,2,3
318979,318979,318984,5,0
318979,318979,318985,6,0
318979,318979,318985,6,0
318979,318979,318984,5,0
318979,318979,318984,5,0
318979,318979,318984,5,0
318979,318979,318984,5,0
318979,318979,318984,5,0
318893,318894,318984,90,1
318979,318983,318985,2,4
318979,318979,318985,6,0
318979,318979,318985,6,0
318979,318979,318985,6,0
318979,318979,318985,6,0
318979,318979,318985,6,0
318979,318979,318986,7,0
318979,318979,318986,7,0
318979,318979,318985,6,0
318979,318979,318986,7,0
318979,318979,318985,6,0
318979,318979,318986,7,0
318979,318979,318985,6,0
318979,318983,318985,2,4
318979,318983,318986,3,4
318979,318979,318985,6,0
318979,318983,318985,2,4
318896,318896,318985,89,0
318979,318979,318985,6,0
318979,318984,318986,2,5
318979,318984,318986,2,5
318979,318983,318986,3,4
318979,318984,318986,2,5
318979,318985,318986,1,6
318896,318896,318986,90,0
318979,318979,318987,8,0
318979,318985,318987,2,6
318979,318979,318986,7,0
318979,318984,318986,2,5
318979,318979,318986,7,0
318979,318984,318987,3,5
318979,318979,318987,8,0
318979,318985,318986,1,6
318979,318984,318986,2,5
318979,318979,318987,8,0
318979,318986,318988,2,7
318979,318979,318987,8,0
318979,318985,318987,2,6
318979,318985,318987,2,6
318979,318986,318987,1,7
318979,318986,318987,1,7
318979,318985,318988,3,6
318979,318986,318988,2,7
318979,318986,318988,2,7
318979,318986,318988,2,7
318979,318979,318988,9,0
318898,318898,318987,89,0
318979,318986,318988,2,7
318979,318986,318988,2,7
318979,318985,318988,3,6
318896,318896,318989,93,0
318979,318979,318988,9,0
318979,318979,318990,11,0
318979,318985,318990,5,6
318900,318900,318990,90,0
318979,318979,318989,10,0
318894,318894,318989,95,0
318912,318940,318989,49,28
318979,318979,318990,11,0
318979,318979,318991,12,0
318896,318896,318991,95,0
318901,318901,318991,90,0
318912,318941,318993,52,29
318894,318894,318992,98,0
318898,318899,318993,94,1
318898,318898,318993,95,0
318896,318896,318994,98,0
318912,318946,318995,49,34
318895,318895,318995,100,0
318899,318899,318995,96,0
318901,318901,318997,96,0
318912,318945,318997,52,33
318900,318900,318998,98,0
318904,318904,318998,94,0
318898,318898,318999,101,0
318912,318948,318998,50,36
318899,318899,319000,101,0
318912,318947,319000,53,35
318898,318898,319001,103,0
318900,318900,319000,100,0
318903,318903,319001,98,0
318899,318899,319002,103,0
318913,318956,319003,47,43
318903,318903,319003,100,0
318901,318901,319003,102,0
318901,318901,319004,103,0
318895,318895,319003,108,0
319003,319003,319004,1,0
319003,319003,319004,1,0
319003,319003,319004,1,0
318907,318907,319004,97,0
318896,318896,319004,108,0
318911,318911,319005,94,0
319003,319003,319004,1,0
318902,318902,319005,103,0
319003,319003,319004,1,0
319003,319003,319005,2,0
318902,318902,319006,104,0
318900,318900,319006,106,0
318903,318903,319006,103,0
319003,319004,319006,2,1
319003,319004,319006,2,1
318901,318901,319006,105,0
318912,318951,319007,56,39
318912,318953,319006,53,41
318913,318955,319007,52,42
318900,318901,319007,106,1
319003,319006,319007,1,3
319003,319003,319007,4,0
319003,319005,319007,2,2
319003,319006,319007,1,3
319003,319006,319007,1,3
318904,318904,319008,104,0
319003,319003,319008,5,0
319003,319003,319008,5,0
318896,318896,319008,112,0
319003,319007,319008,1,4
319003,319003,319009,6,0
319003,319003,319009,6,0
319003,319003,319009,6,0
319003,319003,319009,6,0
319003,319003,319009,6,0
318898,318898,319009,111,0
319003,319003,319009,6,0
319003,319003,319010,7,0
319003,319008,319010,2,5
318904,318904,319010,106,0
319003,319003,319009,6,0
319003,319008,319010,2,5
319003,319007,319009,2,4
319003,319008,319010,2,5
318899,318899,319009,110,0
318903,318903,319010,107,0
319003,319003,319010,7,0
319003,319003,319010,7,0
319003,319003,319010,7,0
319003,319003,319010,7,0
319003,319003,319010,7,0
319003,319003,319010,7,0
318913,318958,319010,52,45
319003,319003,319010,7,0
319003,319003,319010,7,0
319003,319003,319010,7,0
319003,319003,319010,7,0
319003,319003,319011,8,0
319003,319009,319010,1,6
319003,319010,319011,1,7
319003,319008,319010,2,5
319003,319008,319011,3,5
319003,319003,319011,8,0
318899,318899,319010,111,0
318905,318905,319011,106,0
318912,318955,319011,56,43
319003,319003,319011,8,0
319003,319009,319011,2,6
318910,318910,319011,101,0
319003,319008,319011,3,5
319003,319003,319011,8,0
319003,319010,319011,1,7
319003,319009,319011,2,6
319003,319003,319011,8,0
319003,319011,319012,1,8
319003,319003,319011,8,0
319003,319010,319011,1,7
319003,319003,319011,8,0
319003,319010,319011,1,7
319003,319010,319011,1,7
319003,319010,319011,1,7
319003,319010,319011,1,7
319003,319010,319011,1,7
319003,319003,319011,8,0
318914,318962,319012,50,48
318901,318901,319011,110,0
318900,318900,319012,112,0
319003,319011,319013,2,8
319003,319003,319012,9,0
319003,319011,319013,2,8
318913,318955,319012,57,42
319003,319011,319012,1,8
319003,319010,319012,2,7
319003,319011,319012,1,8
319003,319003,319012,9,0
318906,318906,319013,107,0
318903,318903,319013,110,0
318906,318906,319013,107,0
319003,319011,319013,2,8
319003,319011,319013,2,8
319003,319003,319013,10,0
319003,319003,319013,10,0
319003,319010,319013,3,7
319003,319010,319013,3,7
318908,318908,319014,106,0
319003,319003,319014,11,0
318913,318958,319014,56,45
318902,318902,319013,111,0
318910,318911,319014,103,1
318902,318902,319014,112,0
318904,318904,319014,110,0
318905,318905,319015,110,0
319003,319003,319014,11,0
319003,319003,319014,11,0
318899,318899,319014,115,0
318900,318900,319015,115,0
318904,318904,319014,110,0
318913,318959,319015,56,46
318910,318910,319015,105,0
319003,319003,319016,13,0
318910,318910,319015,105,0
318905,318906,319015,109,1
318908,318908,319015,107,0
318913,318961,319016,55,48
318909,318909,319016,107,0
318905,318905,319016,111,0
318907,318907,319016,109,0
318910,318910,319017,107,0
318901,318902,319016,114,1
318907,318907,319017,110,0
319003,319003,319017,14,0
318907,318907,319017,110,0
318904,318904,319017,113,0
318911,318911,319018,107,0
318906,318906,319017,111,0
318903,318903,319017,114,0
318897,318897,319018,121,0
318913,318960,319019,59,47
318908,318908,319019,111,0
318908,318908,319018,110,0
318907,318907,319018,111,0
318908,318908,319018,110,0
318911,318911,319019,108,0
318900,318900,319019,119,0
318902,318902,319018,116,0
318907,318907,319019,112,0
318911,318912,319020,108,1
318911,318911,319020,109,0
318909,318909,319020,111,0
318914,318962,319020,58,48
318905,318905,319020,115,0
318911,318911,319020,109,0
318913,318960,319020,60,47
318911,318911,319021,110,0
318910,318910,319020,110,0
318906,318906,319021,115,0
318904,318904,319021,117,0
318905,318905,319022,117,0
318910,318910,319022,112,0
318910,318910,319021,111,0
318907,318908,319023,115,1
318908,318909,319023,114,1
318905,318905,319022,117,0
318909,318909,319022,113,0
318908,318908,319023,115,0
318906,318906,319023,117,0
318909,318909,319024,115,0
318904,318905,319024,119,1
318906,318907,319024,117,1
318908,318908,319025,117,0
318905,318905,319025,120,0
318909,318909,319024,115,0
318903,318903,319026,123,0
318905,318905,319025,120,0
318907,318907,319026,119,0
318902,318902,319027,125,0
318909,318909,319027,118,0
318910,318910,319027,117,0
318901,318901,319028,127,0
318911,318911,319028,117,0
318911,318911,319029,118,0
318909,318909,319029,120,0
318908,318908,319030,122,0
318910,318910,319030,120,0
319029,319029,319031,2,0
319029,319029,319030,1,0
319029,319029,319030,1,0
319029,319029,319030,1,0
319029,319029,319030,1,0
319029,319029,319030,1,0
318914,318967,319031,64,53
319029,319029,319031,2,0
318909,318909,319032,123,0
319029,319031,319033,2,2
319029,319031,319033,2,2
319029,319031,319033,2,2
319029,319031,319033,2,2
319029,319029,319033,4,0
319029,319031,319034,3,2
319029,319031,319033,2,2
319029,319029,319035,6,0
319029,319029,319035,6,0
319029,319029,319035,6,0
319029,319029,319035,6,0
319029,319029,319034,5,0
319029,319029,319034,5,0
319029,319029,319034,5,0
319029,319029,319034,5,0
319029,319033,319035,2,4
319029,319029,319035,6,0
319029,319032,319034,2,3
319029,319033,319035,2,4
319029,319029,319035,6,0
319029,319029,319034,5,0
318914,318965,319036,71,51
319029,319029,319036,7,0
319029,319029,319035,6,0
319029,319029,319035,6,0
319029,319029,319036,7,0
319029,319029,319036,7,0
319029,319033,319035,2,4
319029,319034,319036,2,5
319029,319035,319036,1,6
319029,319029,319035,6,0
319029,319035,319036,1,6
319029,319033,319035,2,4
319029,319034,319035,1,5
319029,319029,319036,7,0
319029,319029,319036,7,0
319029,319035,319037,2,6
319029,319029,319037,8,0
319029,319035,319036,1,6
319029,319035,319037,2,6
319029,319035,319037,2,6
319029,319029,319037,8,0
319029,319035,319036,1,6
319029,319035,319036,1,6
319029,319036,319037,1,7
319029,319035,319037,2,6
319029,319035,319036,1,6
319029,319029,319037,8,0
319029,319035,319037,2,6
319029,319029,319037,8,0
318914,318968,319038,70,54
319029,319029,319038,9,0
319029,319029,319037,8,0
319029,319029,319037,8,0
319029,319035,319037,2,6
319029,319035,319038,3,6
319029,319029,319037,8,0
319029,319036,319037,1,7
319029,319036,319038,2,7
319029,319029,319037,8,0
319029,319036,319038,2,7
319029,319036,319038,2,7
319029,319036,319038,2,7
318909,318909,319038,129,0
319029,319029,319039,10,0
319029,319029,319038,9,0
319029,319034,319038,4,5
319029,319035,319039,4,6
319029,319036,319038,2,7
319029,319029,319039,10,0
318915,318974,319039,65,59
319029,319029,319040,11,0
318914,318966,319040,74,52
319029,319029,319039,10,0
319029,319029,319040,11,0
319029,319029,319040,11,0
319029,319029,319043,14,0
318914,318972,319046,74,58
318906,318906,319047,141,0
318914,318966,319048,82,52
318915,318976,319048,72,61
318914,318970,319049,79,56
318915,318979,319049,70,64
318985,318990,319050,60,5
318915,318976,319050,74,61
318985,318993,319051,58,8
318987,318999,319051,52,12
319055,319055,319056,1,0
319055,319055,319056,1,0
318986,318995,319056,61,9
318986,318997,319056,59,11
319055,319055,319056,1,0
319055,319055,319056,1,0
319055,319055,319056,1,0
319055,319055,319056,1,0
319055,319056,319058,2,1
319055,319055,319058,3,0
319055,319055,319059,4,0
318987,319001,319059,58,14
319055,319055,319059,4,0
319055,319057,319059,2,2
319055,319056,319058,2,1
319055,319057,319059,2,2
319055,319055,319060,5,0
319055,319055,319060,5,0
319055,319057,319059,2,2
319055,319058,319060,2,3
319055,319055,319060,5,0
319055,319057,319059,2,2
319055,319058,319060,2,3
318988,319003,319060,57,15
319055,319055,319060,5,0
319055,319055,319061,6,0
319055,319055,319060,5,0
319055,319060,319061,1,5
319055,319060,319061,1,5
319055,319055,319061,6,0
319055,319059,319061,2,4
319055,319059,319061,2,4
319055,319059,319060,1,4
319055,319055,319060,5,0
318915,318984,319061,77,69
319055,319055,319061,6,0
319055,319055,319062,7,0
319055,319055,319061,6,0
319055,319060,319062,2,5
319055,319055,319061,6,0
319055,319055,319062,7,0
319055,319060,319062,2,5
318915,318981,319062,81,66
319055,319055,319061,6,0
319055,319061,319062,1,6
319055,319061,319062,1,6
319055,319055,319062,7,0
319055,319060,319061,1,5
319055,319060,319062,2,5
319055,319055,319061,6,0
319055,319055,319062,7,0
319055,319055,319062,7,0
319055,319060,319062,2,5
319055,319061,319062,1,6
319055,319055,319063,8,0
319055,319055,319063,8,0
319055,319055,319062,7,0
319055,319062,319063,1,7
319055,319055,319062,7,0
319055,319055,319062,7,0
319055,319059,319063,4,4
319055,319055,319062,7,0
319055,319059,319063,4,4
319055,319055,319062,7,0
319055,319061,319062,1,6
319055,319061,319062,1,6
319055,319061,319063,2,6
319055,319061,319063,2,6
319055,319055,319063,8,0
319055,319055,319063,8,0
319055,319061,319063,2,6
319055,319055,319063,8,0
319055,319062,319064,2,7
319055,319062,319064,2,7
319055,319062,319064,2,7
319055,319061,319063,2,6
319055,319061,319063,2,6
319055,319055,319064,9,0
319055,319062,319064,2,7
319055,319055,319064,9,0
319055,319055,319064,9,0
318989,319007,319065,58,18
318989,319007,319065,58,18
319055,319055,319065,10,0
319055,319055,319066,11,0
319055,319055,319066,11,0
318915,318979,319069,90,64
318991,319012,319069,57,21
318989,319007,319070,63,18
319055,319055,319070,15,0
318991,319011,319071,60,20
318990,319011,319072,61,21
318991,319013,319071,58,22
318916,318985,319073,88,69
318916,318984,319075,91,68
318915,318982,319075,93,67
318915,318982,319076,94,67
318916,318986,319076,90,70
318992,319014,319076,62,22
318916,318987,319080,93,71
318996,319021,319079,58,25
318993,319015,319082,67,22
318993,319017,319082,65,24
319082,319082,319083,1,0
319082,319082,319083,1,0
319082,319082,319083,1,0
319082,319082,319083,1,0
319082,319082,319083,1,0
319082,319082,319084,2,0
318985,318992,319084,92,7
319082,319082,319083,1,0
318995,319019,319084,65,24
319082,319082,319085,3,0
319082,319084,319086,2,2
319082,319084,319086,2,2
319082,319084,319086,2,2
318996,319021,319086,65,25
319082,319084,319086,2,2
318985,318988,319086,98,3
319082,319082,319086,4,0
319082,319082,319087,5,0
319082,319084,319087,3,2
319082,319084,319086,2,2
319082,319083,319087,4,1
318985,318990,319087,97,5
319082,319085,319087,2,3
319082,319082,319088,6,0
319082,319082,319088,6,0
319082,319082,319088,6,0
319082,319082,319088,6,0
319082,319082,319088,6,0
319082,319086,319088,2,4
319082,319086,319088,2,4
319082,319086,319088,2,4
319082,319087,319088,1,5
319082,319082,319089,7,0
319082,319082,319089,7,0
319082,319087,319088,1,5
319082,319088,319089,1,6
319082,319082,319089,7,0
319082,319087,319089,2,5
319082,319082,319089,7,0
319082,319087,319089,2,5
319082,319082,319088,6,0
319082,319082,319089,7,0
319082,319088,319089,1,6
319082,319082,319089,7,0
319082,319087,319088,1,5
319082,319087,319089,2,5
319082,319082,319089,7,0
319082,319082,319089,7,0
319082,319089,319090,1,7
319082,319082,319089,7,0
319082,319089,319090,1,7
319082,319089,319090,1,7
319082,319089,319090,1,7
319082,319082,319090,8,0
319082,319082,319090,8,0
319082,319082,319090,8,0
319082,319082,319090,8,0
319082,319088,319090,2,6
319082,319088,319089,1,6
319082,319082,319090,8,0
319082,319082,319090,8,0
319082,319082,319090,8,0
319082,319088,319090,2,6
319082,319089,319090,1,7
319082,319089,319090,1,7
319082,319082,319091,9,0
319082,319089,319090,1,7
318985,318991,319091,100,6
319082,319082,319090,8,0
319082,319082,319091,9,0
319082,319088,319090,2,6
319082,319089,319091,2,7
319082,319089,319091,2,7
319082,319089,319091,2,7
319082,319082,319091,9,0
319082,319089,319091,2,7
319082,319082,319091,9,0
319082,319082,319092,10,0
319082,319082,319092,10,0
318986,318993,319092,99,7
319082,319082,319092,10,0
319082,319082,319093,11,0
319082,319082,319094,12,0
318985,318990,319095,105,5
319082,319082,319096,14,0
318985,318989,319096,107,4
319082,319082,319097,15,0
318986,318995,319097,102,9
318986,318996,319098,102,10
318986,318994,319099,105,8
318986,318994,319100,106,8
318988,319004,319102,98,16
318987,319000,319103,103,13
318986,318995,319103,108,9
319002,319057,319105,48,55
319002,319052,319107,55,50
319002,319051,319109,58,49
319108,319108,319109,1,0
319108,319108,319109,1,0
319108,319108,319110,2,0
319108,319108,319110,2,0
319108,319108,319109,1,0
319108,319108,319110,2,0
319108,319108,319109,1,0
319002,319052,319111,59,50
318988,319004,319111,107,16
318988,319005,319111,106,17
318986,318997,319111,114,11
319108,319108,319112,4,0
319108,319110,319112,2,2
319108,319108,319112,4,0
319108,319110,319112,2,2
319108,319110,319112,2,2
318991,319012,319112,100,21
318990,319009,319112,103,19
318988,319002,319113,111,14
319108,319108,319112,4,0
319108,319108,319113,5,0
319108,319110,319113,3,2
319108,319110,319113,3,2
319108,319108,319113,5,0
319108,319110,319113,3,2
319108,319110,319113,3,2
318987,319001,319113,112,14
318987,318999,319114,115,12
318987,318999,319114,115,12
319108,319108,319114,6,0
319108,319108,319114,6,0
319108,319108,319113,5,0
319108,319108,319114,6,0
319108,319113,319114,1,5
319108,319108,319114,6,0
319108,319113,319114,1,5
319108,319114,319115,1,6
319108,319113,319114,1,5
319108,319108,319115,7,0
319108,319108,319115,7,0
319108,319108,319114,6,0
319108,319108,319115,7,0
318990,319011,319115,104,21
319108,319108,319115,7,0
319108,319108,319115,7,0
319108,319108,319114,6,0
319108,319108,319114,6,0
319108,319108,319114,6,0
319108,319108,319115,7,0
319108,319114,319115,1,6
319108,319114,319115,1,6
319108,319114,319115,1,6
319108,319108,319115,7,0
319108,319113,319115,2,5
318987,319001,319116,115,14
318987,319002,319115,113,15
319000,319036,319115,79,36
319108,319108,319115,7,0
319108,319114,319115,1,6
319108,319114,319115,1,6
319108,319108,319115,7,0
318988,319003,319116,113,15
318989,319008,319116,108,19
319108,319112,319116,4,4
319108,319114,319116,2,6
319108,319108,319116,8,0
319108,319114,319116,2,6
319003,319066,319116,50,63
319108,319108,319116,8,0
319108,319115,319116,1,7
319108,319115,319116,1,7
319108,319115,319116,1,7
319108,319115,319116,1,7
319108,319115,319116,1,7
318988,319005,319116,111,17
319108,319108,319116,8,0
319108,319115,319117,2,7
319108,319108,319117,9,0
319108,319108,319117,9,0
319108,319114,319116,2,6
319108,319114,319117,3,6
319108,319108,319117,9,0
319108,319115,319117,2,7
319108,319108,319117,9,0
319108,319113,319117,4,5
319108,319115,319117,2,7
319108,319115,319116,1,7
319108,319115,319117,2,7
319000,319032,319117,85,32
319002,319057,319117,60,55
319003,319066,319117,51,63
318995,319019,319118,99,24
319108,319108,319117,9,0
319108,319108,319117,9,0
319108,319108,319118,10,0
319108,319115,319118,3,7
319108,319115,319118,3,7
319108,319108,319118,10,0
318987,318998,319117,119,11
318998,319024,319119,95,26
318989,319007,319119,112,18
319108,319108,319119,11,0
319002,319059,319119,60,57
318991,319012,319120,108,21
318989,319006,319119,113,17
319108,319108,319120,12,0
319003,319070,319121,51,67
318992,319014,319122,108,22
319108,319108,319122,14,0
318991,319014,319123,109,23
319001,319040,319124,84,39
319001,319049,319124,75,48
319003,319061,319123,62,58
318988,319005,319124,119,17
318988,319005,319124,119,17
319001,319040,319125,85,39
318989,319007,319126,119,18
318996,319021,319126,105,25
318990,319011,319127,116,21
319004,319072,319126,54,68
318989,319008,319126,118,19
318990,319010,319127,117,20
318992,319015,319127,112,23
318994,319018,319128,110,24
318989,319006,319128,122,17
319001,319038,319129,91,37
318989,319006,319129,123,17
319001,319039,319129,90,38
318993,319016,319129,113,23
318999,319028,319130,102,29
318992,319014,319130,116,22
318991,319013,319131,118,22
318995,319020,319130,110,25
318993,319015,319131,116,22
318994,319017,319131,114,23
318990,319010,319132,122,20
318990,319011,319132,121,21
319003,319070,319132,62,67
319001,319047,319132,85,46
319004,319077,319132,55,73
318994,319018,319132,114,24
318998,319023,319133,110,25
318992,319015,319134,119,23
319004,319072,319133,61,68
318994,319017,319134,117,23
318993,319017,319134,117,24
319001,319050,319134,84,49
319134,319134,319135,1,0
319134,319134,319135,1,0
319004,319072,319135,63,68
318990,319010,319135,125,20
318995,319019,319134,115,24
319002,319051,319136,85,49
318996,319020,319135,115,24
319001,319048,319135,87,47
319002,319050,319135,85,48
318993,319016,319135,119,23
318994,319017,319135,118,23
319134,319134,319135,1,0
319134,319134,319136,2,0
318997,319021,319135,114,24
319003,319063,319136,73,60
319134,319134,319135,1,0
319134,319134,319135,1,0
318991,319013,319136,123,22
318993,319016,319136,120,23
318997,319023,319136,113,26
318999,319028,319136,108,29
318992,319015,319136,121,23
318993,319016,319137,121,23
319134,319134,319137,3,0
318996,319021,319137,116,25
319134,319135,319137,2,1
319134,319135,319137,2,1
318995,319018,319138,120,23
318996,319020,319138,118,24
319134,319136,319138,2,2
319134,319136,319138,2,2
318993,319017,319138,121,24
318998,319025,319138,113,27
319134,319136,319138,2,2
319134,319136,319138,2,2
319005,319082,319138,56,77
318997,319023,319138,115,26
318992,319015,319139,124,23
318994,319017,319139,122,23
319134,319134,319139,5,0
319134,319134,319139,5,0
319134,319134,319139,5,0
319134,319134,319139,5,0
318996,319020,319139,119,24
319134,319134,319139,5,0
319134,319134,319139,5,0
319134,319134,319139,5,0
319134,319138,319139,1,4
319134,319138,319139,1,4
319005,319086,319140,54,81
318995,319019,319139,120,24
318997,319021,319140,119,24
318999,319025,319140,115,26
319134,319134,319139,5,0
319134,319139,319140,1,5
318998,319023,319141,118,25
319134,319139,319140,1,5
319134,319139,319140,1,5
319134,319134,319140,6,0
319134,319139,319140,1,5
319134,319134,319140,6,0
319134,319134,319140,6,0
319134,319139,319140,1,5
319134,319140,319141,1,6
319134,319138,319140,2,4
319134,319140,319141,1,6
319134,319134,319140,6,0
319134,319134,319141,7,0
319134,319134,319140,6,0
319134,319134,319141,7,0
319134,319134,319140,6,0
319134,319134,319141,7,0
319134,319139,319141,2,5
319134,319134,319141,7,0
318992,319015,319141,126,23
319134,319134,319141,7,0
319134,319140,319141,1,6
319134,319141,319142,1,7
319134,319141,319142,1,7
319134,319134,319141,7,0
319134,319140,319141,1,6
319134,319141,319142,1,7
319134,319134,319141,7,0
319134,319140,319141,1,6
319134,319141,319142,1,7
319134,319141,319142,1,7
319134,319141,319142,1,7
319134,319134,319142,8,0
318991,319013,319142,129,22
318992,319015,319141,126,23
318994,319018,319142,124,24
319134,319134,319142,8,0
319134,319139,319142,3,5
318997,319023,319142,119,26
318999,319025,319142,117,26
319134,319134,319142,8,0
319134,319139,319142,3,5
319134,319134,319142,8,0
319134,319140,319142,2,6
319134,319141,319142,1,7
318994,319018,319142,124,24
319005,319082,319143,61,77
319134,319141,319142,1,7
319134,319141,319142,1,7
319134,319141,319142,1,7
319134,319141,319142,1,7
319134,319134,319143,9,0
318997,319023,319143,120,26
319000,319029,319143,114,29
319134,319134,319142,8,0
318998,319025,319142,117,27
319000,319029,319143,114,29
319005,319080,319143,63,75
318998,319023,319143,120,25
319005,319085,319144,59,80
319134,319134,319144,10,0
319134,319134,319144,10,0
319134,319134,319144,10,0
319000,319030,319144,114,30
319134,319134,319144,10,0
318995,319019,319144,125,24
319134,319134,319145,11,0
319134,319134,319144,10,0
319134,319134,319145,11,0
318997,319022,319145,123,25
318997,319021,319145,124,24
318995,319019,319145,126,24
318999,319029,319145,116,30
319000,319029,319146,117,29
319134,319134,319146,12,0
319134,319134,319146,12,0
318996,319020,319146,126,24
318999,319027,319146,119,28
318998,319025,319147,122,27
318996,319020,319147,127,24
318995,319020,319148,128,25
318999,319028,319147,119,29
319001,319048,319148,100,47
318998,319024,319149,125,26
318999,319026,319149,123,27
319134,319134,319148,14,0
319000,319033,319150,117,33
319000,319030,319151,121,30
318999,319026,319151,125,27
319007,319108,319152,44,101
318998,319025,319156,131,27
319160,319160,319162,2,0
319160,319160,319162,2,0
319160,319160,319162,2,0
319160,319160,319162,2,0
319160,319160,319162,2,0
319160,319160,319162,2,0
319004,319077,319162,85,73
319160,319160,319163,3,0
319160,319163,319165,2,3
319160,319163,319164,1,3
319160,319161,319165,4,1
319160,319163,319165,2,3
319160,319163,319165,2,3
319160,319163,319165,2,3
319160,319160,319165,5,0
319160,319163,319165,2,3
319160,319164,319166,2,4
319005,319084,319166,82,79
319003,319070,319165,95,67
319160,319160,319166,6,0
319160,319160,319166,6,0
319160,319161,319166,5,1
319160,319161,319166,5,1
319160,319161,319166,5,1
319160,319160,319166,6,0
319160,319161,319166,5,1
319160,319166,319167,1,6
319160,319166,319167,1,6
319160,319160,319166,6,0
319160,319165,319167,2,5
319160,319160,319166,6,0
319160,319166,319167,1,6
319160,319166,319167,1,6
319160,319161,319167,6,1
319160,319161,319167,6,1
319160,319161,319167,6,1
319160,319167,319168,1,7
319160,319167,319168,1,7
319003,319062,319167,105,59
319160,319160,319167,7,0
319160,319161,319167,6,1
319160,319165,319167,2,5
319160,319167,319168,1,7
319160,319166,319167,1,6
319160,319167,319168,1,7
319160,319166,319167,1,6
319160,319167,319168,1,7
319160,319167,319168,1,7
319007,319110,319167,57,103
319160,319161,319167,6,1
319160,319167,319168,1,7
319160,319161,319168,7,1
319160,319161,319168,7,1
319160,319161,319168,7,1
319160,319161,319168,7,1
319160,319161,319168,7,1
319160,319167,319168,1,7
319160,319167,319168,1,7
319160,319168,319169,1,8
319160,319161,319169,8,1
319160,319167,319168,1,7
319160,319167,319168,1,7
319160,319167,319168,1,7
319160,319167,319168,1,7
319160,319161,319169,8,1
319007,319106,319169,63,99
319160,319161,319169,8,1
319160,319161,319169,8,1
319160,319166,319169,3,6
319160,319161,319169,8,1
319160,319168,319169,1,8
319160,319167,319169,2,7
319160,319168,319169,1,8
319160,319160,319170,10,0
319160,319160,319171,11,0
319160,319161,319170,9,1
319160,319168,319170,2,8
319160,319161,319170,9,1
319160,319168,319170,2,8
319013,319118,319171,53,105
319007,319111,319171,60,104
319160,319161,319171,10,1
319160,319161,319172,11,1
319160,319161,319172,11,1
319160,319161,319172,11,1
319013,319117,319173,56,104
319004,319074,319173,99,70
319160,319160,319174,14,0
319004,319077,319174,97,73
319005,319080,319175,95,75
319160,319161,319176,15,1
319006,319088,319176,88,82
319004,319076,319178,102,72
319013,319118,319179,61,105
319004,319076,319181,105,72
319014,319122,319181,59,108
319006,319097,319181,84,91
319015,319124,319183,59,109
319006,319091,319184,93,85
319018,319133,319185,52,115
319014,319120,319185,65,106
319006,319093,319187,94,87
319187,319188,319189,1,1
319187,319188,319189,1,1
319187,319188,319189,1,1
319187,319188,319189,1,1
319187,319188,319189,1,1
319187,319188,319189,1,1
319005,319087,319189,102,82
319015,319127,319190,63,112
319187,319188,319190,2,1
319187,319188,319192,4,1
319187,319190,319192,2,3
319007,319103,319191,88,96
319022,319140,319193,53,118
319187,319190,319192,2,3
319187,319190,319192,2,3
319187,319190,319192,2,3
319187,319190,319193,3,3
319187,319191,319193,2,4
319187,319188,319193,5,1
319187,319190,319193,3,3
319187,319188,319193,5,1
319187,319188,319193,5,1
319187,319188,319194,6,1
319187,319188,319193,5,1
319187,319188,319194,6,1
319187,319193,319194,1,6
319187,319188,319193,5,1
319187,319192,319193,1,5
319006,319095,319193,98,89
319187,319188,319193,5,1
319187,319192,319193,1,5
319187,319193,319194,1,6
319187,319193,319194,1,6
319187,319188,319194,6,1
319187,319188,319194,6,1
319187,319193,319194,1,6
319187,319194,319195,1,7
319187,319188,319195,7,1
319187,319193,319195,2,6
319187,319193,319194,1,6
319187,319188,319195,7,1
319187,319193,319194,1,6
319187,319194,319195,1,7
319187,319194,319195,1,7
319187,319194,319195,1,7
319187,319194,319195,1,7
319187,319188,319195,7,1
319187,319188,319195,7,1
319187,319188,319195,7,1
319187,319188,319195,7,1
319187,319194,319195,1,7
319187,319194,319196,2,7
319187,319194,319195,1,7
319187,319195,319196,1,8
319187,319195,319196,1,8
319187,319195,319196,1,8
319187,319195,319196,1,8
319187,319194,319195,1,7
319187,319188,319196,8,1
319187,319188,319196,8,1
319187,319188,319196,8,1
319187,319188,319196,8,1
319187,319194,319196,2,7
319187,319194,319196,2,7
319187,319188,319197,9,1
319187,319194,319197,3,7
319006,319097,319196,99,91
319187,319195,319196,1,8
319187,319195,319197,2,8
319187,319195,319196,1,8
319187,319188,319197,9,1
319187,319188,319198,10,1
319187,319188,319198,10,1
319187,319188,319197,9,1
319187,319188,319197,9,1
319021,319139,319197,58,118
319187,319188,319197,9,1
319187,319188,319197,9,1
319187,319188,319197,9,1
319187,319188,319198,10,1
319187,319188,319197,9,1
319018,319133,319197,64,115
319007,319103,319198,95,96
319187,319188,319197,9,1
319006,319099,319198,99,93
319187,319188,319198,10,1
319187,319188,319198,10,1
319023,319143,319198,55,120
319018,319134,319199,65,116
319187,319188,319200,12,1
319187,319188,319200,12,1
319019,319135,319201,66,116
319024,319144,319201,57,120
319012,319116,319202,86,104
319006,319100,319203,103,94
319007,319101,319203,102,94
319007,319102,319204,102,95
319024,319144,319208,64,120
319019,319136,319212,76,117
319212,319212,319213,1,0
319212,319212,319213,1,0
319212,319212,319213,1,0
319212,319212,319214,2,0
319212,319212,319214,2,0
319212,319212,319214,2,0
319212,319212,319215,3,0
319212,319213,319215,2,1
319013,319118,319215,97,105
319011,319113,319216,103,102
319212,319214,319216,2,2
319212,319213,319216,3,1
319212,319214,319216,2,2
319212,319215,319216,1,3
319212,319216,319217,1,4
319015,319126,319216,90,111
319212,319212,319217,5,0
319212,319212,319217,5,0
319212,319214,319216,2,2
319212,319215,319217,2,3
319212,319212,319218,6,0
319212,319212,319217,5,0
319212,319212,319217,5,0
319212,319212,319218,6,0
319212,319212,319218,6,0
319212,319212,319217,5,0
319016,319130,319218,88,114
319212,319212,319218,6,0
319212,319212,319218,6,0
319212,319217,319218,1,5
319212,319217,319218,1,5
319212,319217,319218,1,5
319212,319217,319218,1,5
319212,319218,319219,1,6
319014,319124,319218,94,110
319212,319212,319218,6,0
319212,319212,319219,7,0
319212,319212,319219,7,0
319212,319212,319219,7,0
319018,319133,319219,86,115
319212,319212,319219,7,0
319212,319218,319219,1,6
319212,319218,319219,1,6
319212,319218,319219,1,6
319212,319218,319219,1,6
319212,319218,319219,1,6
319212,319219,319220,1,7
319212,319212,319219,7,0
319212,319219,319220,1,7
319212,319219,319220,1,7
319212,319218,319219,1,6
319212,319218,319220,2,6
319212,319218,319219,1,6
319028,319174,319220,46,146
319212,319212,319220,8,0
319212,319212,319220,8,0
319212,319212,319220,8,0
319212,319212,319220,8,0
319026,319153,319220,67,127
319012,319116,319220,104,104
319212,319220,319221,1,8
319212,319219,319220,1,7
319212,319212,319220,8,0
319212,319212,319220,8,0
319212,319220,319221,1,8
319212,319212,319221,9,0
319212,319212,319221,9,0
319212,319212,319221,9,0
319212,319212,319221,9,0
319212,319212,319221,9,0
319212,319218,319221,3,6
319212,319212,319221,9,0
319212,319218,319221,3,6
319007,319111,319221,110,104
319013,319117,319221,104,104
319212,319220,319221,1,8
319212,319220,319222,2,8
319212,319220,319222,2,8
319212,319220,319222,2,8
319212,319212,319222,10,0
319212,319212,319222,10,0
319015,319124,319222,98,109
319011,319113,319222,109,102
319014,319124,319222,98,110
319212,319212,319223,11,0
319212,319212,319222,10,0
319212,319212,319223,11,0
319212,319212,319223,11,0
319027,319171,319223,52,144
319019,319135,319223,88,116
319015,319125,319223,98,110
319019,319136,319224,88,117
319212,319212,319226,14,0
319212,319212,319226,14,0
319212,319220,319226,6,8
319013,319116,319226,110,103
319011,319112,319227,115,101
319012,319113,319227,114,101
319012,319114,319228,114,102
319014,319120,319230,110,106
319012,319115,319230,115,103
319212,319212,319230,18,0
319008,319112,319231,119,104
319012,319114,319231,117,102
319019,319136,319232,96,117
319020,319136,319233,97,116
319016,319128,319233,105,112
319028,319172,319233,61,144
319027,319168,319234,66,141
319029,319186,319235,49,157
319013,319119,319234,115,106
319012,319114,319235,121,102
319014,319120,319235,115,106
319014,319124,319236,112,110
319012,319116,319236,120,104
319028,319180,319237,57,152
319027,319170,319238,68,143
319012,319116,319239,123,104
319013,319119,319238,119,106
319016,319130,319239,109,114
319029,319182,319240,58,153
319018,319133,319240,107,115
319021,319138,319240,102,117
319029,319186,319241,55,157
319014,319121,319241,120,107
319017,319130,319241,111,113
319017,319132,319242,110,115
319015,319127,319243,116,112
319021,319138,319243,105,117
319015,319127,319243,116,112
319025,319146,319244,98,121
319029,319184,319244,60,155
319019,319134,319244,110,115
319243,319243,319244,1,0
319243,319243,319244,1,0
319243,319243,319244,1,0
319243,319243,319244,1,0
319243,319243,319244,1,0
319243,319243,319244,1,0
319016,319130,319245,115,114
319014,319122,319246,124,108
319243,319245,319246,1,2
319243,319243,319245,2,0
319243,319245,319246,1,2
319017,319131,319246,115,114
319243,319243,319246,3,0
319243,319243,319246,3,0
319243,319245,319247,2,2
319243,319245,319247,2,2
319243,319245,319247,2,2
319243,319243,319247,4,0
319020,319136,319247,111,116
319243,319243,319247,4,0
319243,319243,319248,5,0
319243,319243,319248,5,0
319243,319243,319247,4,0
319243,319243,319248,5,0
319243,319245,319247,2,2
319243,319247,319248,1,4
319243,319243,319248,5,0
319243,319247,319248,1,4
319243,319243,319248,5,0
319243,319246,319248,2,3
319243,319246,319247,1,3
319019,319135,319248,113,116
319017,319131,319248,117,114
319243,319243,319248,5,0
319243,319243,319249,6,0
319243,319243,319248,5,0
319243,319243,319248,5,0
319243,319243,319248,5,0
319243,319243,319248,5,0
319243,319247,319248,1,4
319243,319248,319249,1,5
319243,319247,319249,2,4
319243,319248,319249,1,5
319243,319248,319249,1,5
319023,319142,319249,107,119
319013,319118,319250,132,105
319243,319243,319249,6,0
319243,319247,319249,2,4
319243,319248,319249,1,5
319243,319249,319250,1,6
319243,319249,319250,1,6
319243,319243,319249,6,0
319243,319246,319249,3,3
319243,319249,319250,1,6
319243,319249,319250,1,6
319243,319243,319250,7,0
319243,319248,319249,1,5
319243,319248,319249,1,5
319243,319249,319250,1,6
319243,319248,319249,1,5
319243,319249,319250,1,6
319243,319248,319249,1,5
319030,319193,319250,57,163
319022,319140,319250,110,118
319243,319243,319251,8,0
319243,319243,319251,8,0
319243,319248,319251,3,5
319243,319248,319250,2,5
319243,319249,319250,1,6
319243,319243,319251,8,0
319243,319249,319250,1,6
319030,319198,319251,53,168
319243,319248,319251,3,5
319243,319248,319251,3,5
319243,319243,319251,8,0
319243,319243,319251,8,0
319243,319243,319251,8,0
319243,319243,319251,8,0
319024,319143,319252,109,119
319243,319243,319252,9,0
319243,319243,319252,9,0
319243,319243,319253,10,0
319243,319247,319252,5,4
319021,319139,319252,113,118
319243,319243,319253,10,0
319018,319134,319253,119,116
319019,319135,319254,119,116
319016,319128,319253,125,112
319243,319243,319254,11,0
319020,319136,319254,118,116
319022,319140,319255,115,118
319243,319243,319254,11,0
319020,319136,319256,120,116
319026,319152,319255,103,126
319016,319130,319255,125,114
319020,319137,319256,119,117
319030,319199,319256,57,169
319016,319129,319257,128,113
319031,319202,319257,55,171
319023,319143,319258,115,120
319029,319190,319258,68,161
319021,319137,319258,121,116
319243,319243,319258,15,0
319024,319145,319259,114,121
319021,319138,319259,121,117
319018,319133,319260,127,115
319023,319143,319260,117,120
319025,319148,319261,113,123
319017,319132,319261,129,115
319031,319199,319261,62,168
319016,319129,319260,131,113
319024,319143,319261,118,119
319017,319132,319261,129,115
319022,319139,319261,122,117
319024,319144,319262,118,120
319016,319128,319262,134,112
319015,319127,319262,135,112
319025,319146,319263,117,121
319243,319243,319262,19,0
319019,319135,319263,128,116
319020,319137,319263,126,117
319022,319139,319263,124,117
319022,319140,319264,124,118
319025,319146,319264,118,121
319026,319150,319264,114,124
319243,319243,319264,21,0
319021,319137,319265,128,116
319021,319138,319265,127,117
319026,319148,319265,117,122
319024,319145,319265,120,121
319025,319146,319265,119,121
319243,319243,319265,22,0
319243,319243,319266,23,0
319017,319131,319266,135,114
319023,319142,319266,124,119
319030,319198,319266,68,168
319026,319151,319266,115,125
319024,319144,319266,122,120
319027,319157,319266,109,130
319023,319142,319267,125,119
319025,319147,319267,120,122
319021,319139,319269,130,118
319023,319143,319270,127,120
319031,319208,319270,62,177
319025,319147,319270,123,122
319031,319201,319271,70,170
319020,319137,319271,134,117
319023,319141,319271,130,118
319026,319151,319271,120,125
319026,319150,319272,122,124
319032,319220,319272,52,188
319020,319136,319274,138,116
319027,319166,319274,108,139
319022,319140,319274,134,118
319023,319142,319274,132,119
319033,319223,319274,51,190
319017,319133,319275,142,116
319026,319148,319275,127,122
319094,319234,319276,42,140
319028,319175,319278,103,147
319027,319168,319277,109,141
319026,319148,319278,130,122
319028,319177,319278,101,149
319028,319174,319277,103,146
319094,319235,319278,43,141
319277,319277,319278,1,0
319277,319277,319278,1,0
319028,319179,319278,99,151
319277,319277,319278,1,0
319277,319277,319278,1,0
319277,319277,319278,1,0
319277,319277,319279,2,0
319032,319221,319279,58,189
319094,319235,319278,43,141
319277,319277,319279,2,0
319024,319144,319279,135,120
319277,319278,319279,1,1
319277,319278,319280,2,1
319025,319146,319280,134,121
319277,319277,319281,4,0
319277,319277,319281,4,0
319027,319166,319281,115,139
319277,319279,319281,2,2
319277,319277,319281,4,0
319095,319241,319281,40,146
319095,319242,319281,39,147
319029,319182,319282,100,153
319277,319277,319282,5,0
319277,319277,319282,5,0
319277,319277,319281,4,0
319277,319279,319282,3,2
319277,319279,319281,2,2
319094,319238,319282,44,144
319277,319277,319281,4,0
319277,319279,319282,3,2
319277,319280,319282,2,3
319277,319281,319282,1,4
319277,319277,319282,5,0
319277,319279,319282,3,2
319277,319281,319282,1,4
319022,319139,319282,143,117
319277,319277,319282,5,0
319277,319277,319283,6,0
319277,319277,319283,6,0
319277,319277,319283,6,0
319277,319277,319283,6,0
319277,319277,319283,6,0
319277,319281,319283,2,4
319277,319277,319283,6,0
319277,319283,319284,1,6
319094,319238,319284,46,144
319277,319283,319284,1,6
319277,319277,319284,7,0
319277,319283,319284,1,6
319277,319277,319284,7,0
319277,319277,319284,7,0
319277,319277,319284,7,0
319277,319281,319284,3,4
319277,319277,319284,7,0
319277,319282,319284,2,5
319277,319282,319284,2,5
319277,319282,319284,2,5
319277,319283,319284,1,6
319277,319283,319284,1,6
319277,319284,319285,1,7
319277,319284,319285,1,7
319277,319283,319284,1,6
319277,319284,319285,1,7
319277,319284,319285,1,7
319277,319283,319284,1,6
319277,319283,319284,1,6
319277,319284,319285,1,7
319277,319277,319284,7,0
319277,319282,319285,3,5
319277,319283,319285,2,6
319277,319283,319284,1,6
319277,319283,319285,2,6
319277,319277,319285,8,0
319027,319163,319286,123,136
319277,319277,319285,8,0
319277,319277,319285,8,0
319277,319277,319285,8,0
319277,319277,319286,9,0
319277,319277,319286,9,0
319277,319277,319285,8,0
319277,319281,319286,5,4
319277,319277,319286,9,0
319277,319282,319286,4,5
319277,319283,319286,3,6
319277,319277,319287,10,0
319096,319244,319288,44,148
319029,319185,319287,102,156
319277,319277,319288,11,0
319277,319277,319288,11,0
319277,319277,319288,11,0
319277,319277,319288,11,0
319277,319277,319289,12,0
319030,319194,319290,96,164
319277,319277,319291,14,0
319029,319190,319292,102,161
319093,319233,319292,59,140
319028,319176,319292,116,148
319277,319277,319293,16,0
319032,319217,319293,76,185
319093,319233,319294,61,140
319031,319203,319294,91,172
319097,319252,319295,43,155
319026,319148,319296,148,122
319030,319199,319296,97,169
319097,319251,319295,44,154
319033,319223,319296,73,190
319029,319188,319297,109,159
319099,319258,319298,40,159
319030,319192,319298,106,162
319030,319198,319298,100,168
319031,319205,319299,94,174
319031,319203,319299,96,172
319032,319213,319300,87,181
319028,319181,319300,119,153
319099,319257,319300,43,158
319032,319216,319302,86,184
319304,319304,319305,1,0
319304,319304,319305,1,0
319304,319304,319305,1,0
319030,319197,319305,108,167
319304,319304,319305,1,0
319304,319304,319305,1,0
319100,319261,319305,44,161
319304,319304,319305,1,0
319304,319304,319305,1,0
319032,319219,319306,87,187
319099,319259,319307,48,160
319093,319232,319307,75,139
319304,319304,319307,3,0
319304,319304,319306,2,0
319304,319305,319307,2,1
319304,319305,319307,2,1
319304,319304,319307,3,0
319304,319304,319308,4,0
319304,319305,319308,3,1
319304,319304,319308,4,0
319304,319304,319308,4,0
319304,319306,319308,2,2
319304,319307,319308,1,3
319304,319304,319308,4,0
319304,319304,319308,4,0
319304,319306,319308,2,2
319304,319306,319308,2,2
319304,319304,319308,4,0
319304,319304,319309,5,0
319304,319307,319309,2,3
319304,319304,319309,5,0
319304,319306,319309,3,2
319304,319308,319309,1,4
319304,319308,319309,1,4
319033,319224,319309,85,191
319304,319304,319310,6,0
319304,319304,319310,6,0
319304,319308,319310,2,4
319304,319309,319310,1,5
319304,319309,319310,1,5
319304,319309,319310,1,5
319304,319308,319310,2,4
319304,319310,319311,1,6
319304,319304,319310,6,0
319304,319309,319310,1,5
319304,319309,319310,1,5
319304,319308,319310,2,4
319304,319308,319310,2,4
319304,319310,319311,1,6
319096,319243,319310,67,147
319304,319304,319311,7,0
319304,319310,319312,2,6
319304,319311,319312,1,7
319304,319311,319312,1,7
319304,319310,319311,1,6
319304,319304,319311,7,0
319304,319310,319311,1,6
319304,319310,319311,1,6
319304,319310,319311,1,6
319304,319310,319311,1,6
319033,319224,319312,88,191
319031,319204,319312,108,173
319093,319232,319312,80,139
319304,319307,319312,5,3
319304,319310,319312,2,6
319304,319304,319312,8,0
319033,319223,319312,89,190
319304,319304,319313,9,0
319304,319304,319312,8,0
319304,319309,319312,3,5
319304,319304,319313,9,0
319304,319304,319313,9,0
319304,319304,319313,9,0
319304,319310,319313,3,6
319304,319310,319312,2,6
319304,319304,319314,10,0
319304,319304,319314,10,0
319304,319304,319313,9,0
319093,319234,319314,80,141
319304,319304,319314,10,0
319032,319216,319314,98,184
319304,319304,319315,11,0
319304,319304,319314,10,0
319304,319304,319315,11,0
319032,319219,319316,97,187
319034,319228,319315,87,194
319103,319271,319316,45,168
319094,319235,319316,81,141
319304,319304,319317,13,0
319104,319273,319317,44,169
319102,319267,319318,51,165
319304,319304,319317,13,0
319304,319304,319320,16,0
319094,319237,319320,83,143
319104,319272,319320,48,168
319105,319277,319321,44,172
319032,319220,319320,100,188
319304,319304,319321,17,0
319106,319279,319322,43,173
319304,319304,319321,17,0
319095,319240,319322,82,145
319094,319236,319322,86,142
319105,319278,319322,44,173
319095,319239,319324,85,144
319304,319304,319324,20,0
319304,319304,319324,20,0
319033,319222,319324,102,189
319304,319304,319324,20,0
319095,319241,319325,84,146
319095,319239,319325,86,144
319095,319241,319326,85,146
319105,319275,319326,51,170
319033,319222,319327,105,189
319107,319284,319328,44,177
319033,319223,319329,106,190
319095,319242,319329,87,147
319106,319279,319329,50,173
319032,319221,319330,109,189
319096,319245,319330,85,149
319094,319236,319330,94,142
319095,319242,319331,89,147
319097,319246,319330,84,149
319107,319283,319330,47,176
319098,319255,319331,76,157
319034,319231,319331,100,197
319106,319282,319331,49,176
319107,319288,319331,43,181
319096,319243,319332,89,147
319033,319224,319333,109,191
319094,319236,319333,97,142
319097,319248,319333,85,151
319107,319282,319333,51,175
319098,319254,319334,80,156
319097,319250,319335,85,153
319034,319227,319335,108,193
319096,319244,319336,92,148
319096,319246,319336,90,150
319098,319253,319336,83,155
319034,319229,319336,107,195
319336,319336,319337,1,0
319096,319244,319337,93,148
319097,319249,319337,88,152
319336,319336,319338,2,0
319336,319336,319337,1,0
319098,319253,319338,85,155
319336,319336,319337,1,0
319336,319336,319337,1,0
319336,319336,319338,2,0
319336,319336,319338,2,0
319097,319251,319338,87,154
319108,319295,319339,44,187
319336,319336,319339,3,0
319336,319336,319339,3,0
319034,319231,319340,109,197
319336,319336,319340,4,0
319336,319337,319340,3,1
319336,319338,319340,2,2
319098,319254,319340,86,156
319034,319228,319341,113,194
319108,319296,319341,45,188
319109,319299,319340,41,190
319336,319336,319341,5,0
319336,319336,319341,5,0
319336,319336,319341,5,0
319336,319336,319340,4,0
319336,319336,319341,5,0
319336,319336,319341,5,0
319336,319338,319341,3,2
319336,319338,319341,3,2
319336,319339,319341,2,3
319336,319338,319341,3,2
319336,319338,319341,3,2
319336,319341,319342,1,5
319336,319336,319342,6,0
319336,319336,319342,6,0
319336,319336,319342,6,0
319336,319336,319342,6,0
319336,319336,319342,6,0
319096,319244,319342,98,148
319336,319336,319343,7,0
319336,319336,319342,6,0
319336,319336,319343,7,0
319336,319336,319342,6,0
319336,319341,319342,1,5
319336,319336,319342,6,0
319336,319336,319342,6,0
319336,319342,319343,1,6
319336,319336,319342,6,0
319336,319336,319343,7,0
319336,319336,319343,7,0
319336,319336,319343,7,0
319336,319336,319343,7,0
319336,319341,319343,2,5
319336,319342,319343,1,6
319336,319342,319343,1,6
319336,319342,319343,1,6
319336,319343,319344,1,7
319336,319339,319343,4,3
319336,319342,319343,1,6
319336,319342,319344,2,6
319336,319342,319343,1,6
319336,319343,319344,1,7
319336,319342,319343,1,6
319336,319343,319344,1,7
319336,319336,319344,8,0
319336,319336,319344,8,0
319336,319336,319344,8,0
319336,319340,319343,3,4
319336,319336,319344,8,0
319336,319342,319344,2,6
319336,319342,319344,2,6
319336,319342,319344,2,6
319336,319343,319344,1,7
319336,319343,319344,1,7
319336,319336,319345,9,0
319336,319336,319344,8,0
319336,319343,319345,2,7
319336,319343,319344,1,7
319336,319343,319344,1,7
319336,319342,319345,3,6
319336,319336,319345,9,0
319336,319339,319345,6,3
319336,319343,319345,2,7
319100,319262,319345,83,162
319336,319343,319345,2,7
319336,319336,319346,10,0
319336,319336,319346,10,0
319096,319246,319346,100,150
319098,319255,319346,91,157
319097,319250,319346,96,153
319336,319336,319347,11,0
319336,319336,319347,11,0
319336,319336,319347,11,0
319099,319258,319347,89,159
319100,319262,319347,85,162
319101,319263,319349,86,162
319110,319301,319348,47,191
319110,319307,319349,42,197
319102,319266,319349,83,164
319098,319256,319350,94,158
319099,319257,319350,93,158
319097,319249,319349,100,152
319110,319306,319350,44,196
319101,319263,319350,87,162
319100,319261,319351,90,161
319100,319261,319351,90,161
319098,319254,319351,97,156
319101,319262,319353,91,161
319108,319295,319354,59,187
319104,319272,319354,82,168
319099,319259,319354,95,160
319103,319271,319355,84,168
319101,319262,319355,93,161
319108,319294,319355,61,186
319108,319293,319355,62,185
319108,319294,319356,62,186
319102,319266,319356,90,164
319104,319274,319356,82,170
319098,319256,319356,100,158
319101,319264,319358,94,163
319102,319266,319358,92,164
319100,319261,319358,97,161
319098,319256,319358,102,158
319101,319265,319359,94,164
319103,319267,319359,92,164
319359,319359,319360,1,0
319111,319317,319360,43,206
319359,319359,319360,1,0
319359,319359,319360,1,0
319359,319359,319360,1,0
319109,319301,319360,59,192
319099,319259,319360,101,160
319103,319267,319360,93,164
319103,319270,319360,90,167
319106,319278,319361,83,172
319359,319359,319360,1,0
319359,319359,319361,2,0
319102,319266,319361,95,164
319359,319359,319360,1,0
319104,319272,319361,89,168
319102,319265,319361,96,163
319104,319272,319361,89,168
319103,319267,319361,94,164
319359,319359,319362,3,0
319100,319262,319362,100,162
319359,319360,319362,2,1
319106,319278,319362,84,172
319359,319359,319362,3,0
319359,319359,319363,4,0
319359,319359,319363,4,0
319359,319360,319363,3,1
319359,319361,319363,2,2
319359,319361,319363,2,2
319359,319360,319363,3,1
319359,319362,319363,1,3
319101,319263,319363,100,162
319103,319270,319363,93,167
319359,319359,319364,5,0
319359,319359,319364,5,0
319359,319359,319364,5,0
319359,319359,319364,5,0
319359,319359,319363,4,0
319359,319359,319363,4,0
319359,319360,319363,3,1
319100,319261,319364,103,161
319112,319318,319364,46,206
319359,319362,319364,2,3
319359,319359,319364,5,0
319359,319361,319364,3,2
319100,319262,319364,102,162
319359,319359,319364,5,0
319359,319363,319364,1,4
319101,319263,319364,101,162
319113,319323,319365,42,210
319359,319359,319365,6,0
319359,319359,319365,6,0
319359,319359,319365,6,0
319359,319359,319364,5,0
319359,319359,319364,5,0
319359,319359,319365,6,0
319359,319359,319365,6,0
319359,319359,319365,6,0
319359,319363,319365,2,4
319359,319363,319365,2,4
319359,319359,319365,6,0
319359,319359,319364,5,0
319359,319363,319365,2,4
319359,319359,319365,6,0
319359,319363,319365,2,4
319103,319268,319365,97,165
319099,319258,319366,108,159
319359,319363,319366,3,4
319359,319359,319366,7,0
319359,319359,319365,6,0
319359,319363,319366,3,4
319103,319267,319365,98,164
319359,319364,319366,2,5
319359,319366,319367,1,7
319359,319359,319366,7,0
319359,319365,319366,1,6
319359,319365,319366,1,6
319359,319365,319366,1,6
319104,319274,319366,92,170
319105,319278,319367,89,173
319106,319281,319366,85,175
319359,319359,319367,8,0
319359,319364,319367,3,5
319359,319363,319366,3,4
319359,319364,319367,3,5
319359,319364,319367,3,5
319359,319364,319367,3,5
319110,319307,319367,60,197
319359,319359,319367,8,0
319359,319364,319367,3,5
319359,319365,319367,2,6
319359,319366,319367,1,7
319359,319365,319367,2,6
319106,319280,319367,87,174
319359,319365,319367,2,6
319359,319359,319368,9,0
319359,319364,319368,4,5
319101,319264,319368,104,163
319359,319359,319368,9,0
319359,319365,319368,3,6
319359,319364,319368,4,5
319359,319365,319367,2,6
319112,319321,319368,47,209
319112,319318,319368,50,206
319359,319359,319369,10,0
319359,319359,319369,10,0
319359,319359,319368,9,0
319113,319327,319369,42,214
319105,319278,319369,91,173
319099,319260,319370,110,161
319102,319266,319369,103,164
319112,319322,319369,47,210
319359,319359,319370,11,0
319359,319359,319370,11,0
319102,319265,319371,106,163
319110,319310,319370,60,200
319359,319359,319371,12,0
319114,319328,319371,43,214
319106,319279,319372,93,173
319359,319359,319372,13,0
319105,319277,319372,95,172
319103,319268,319372,104,165
319111,319315,319373,58,204
319111,319313,319373,60,202
319107,319288,319373,85,181
319107,319283,319374,91,176
319105,319275,319375,100,170
319111,319316,319375,59,205
319112,319321,319375,54,209
319107,319290,319375,85,183
319105,319276,319376,100,171
319117,319332,319377,45,215
319109,319299,319378,79,190
319117,319332,319379,47,215
319111,319312,319379,67,201
319108,319293,319379,86,185
319114,319330,319380,50,216
319109,319300,319381,81,191
319104,319272,319381,109,168
319115,319331,319381,50,216
319112,319321,319382,61,209
319108,319296,319383,87,188
319105,319278,319383,105,173
319118,319334,319384,50,216
319104,319275,319384,109,171
319110,319306,319384,78,196
319107,319286,319385,99,179
319385,319385,319386,1,0
319385,319385,319386,1,0
319385,319385,319386,1,0
319385,319385,319386,1,0
319385,319385,319386,1,0
319385,319385,319386,1,0
319385,319385,319386,1,0
319109,319300,319386,86,191
319385,319386,319387,1,1
319109,319298,319387,89,189
319385,319387,319388,1,2
319385,319387,319388,1,2
319109,319301,319387,86,192
319108,319293,319388,95,185
319106,319281,319388,107,175
319119,319339,319388,49,220
319385,319385,319388,3,0
319385,319385,319389,4,0
319385,319385,319389,4,0
319385,319385,319389,4,0
319385,319385,319388,3,0
319385,319385,319388,3,0
319385,319387,319388,1,2
319385,319387,319388,1,2
319385,319387,319388,1,2
319385,319387,319388,1,2
319385,319388,319389,1,3
319385,319387,319388,1,2
319385,319388,319389,1,3
319385,319385,319389,4,0
319385,319385,319389,4,0
319385,319385,319389,4,0
319385,319385,319390,5,0
319385,319385,319390,5,0
319385,319389,319390,1,4
319385,319385,319390,5,0
319385,319385,319390,5,0
319385,319385,319390,5,0
319385,319385,319391,6,0
319385,319389,319390,1,4
319385,319389,319390,1,4
319385,319389,319390,1,4
319385,319385,319390,5,0
319385,319389,319390,1,4
319385,319385,319391,6,0
319385,319389,319390,1,4
319385,319389,319391,2,4
319385,319389,319390,1,4
319385,319389,319391,2,4
319385,319390,319391,1,5
319385,319385,319391,6,0
319385,319385,319391,6,0
319385,319385,319391,6,0
319385,319385,319392,7,0
319385,319389,319391,2,4
319385,319389,319391,2,4
319107,319282,319391,109,175
319385,319385,319392,7,0
319385,319389,319391,2,4
319385,319385,319391,6,0
319385,319389,319391,2,4
319385,319390,319392,2,5
319385,319390,319392,2,5
319385,319385,319391,6,0
319385,319390,319391,1,5
319385,319391,319392,1,6
319385,319390,319391,1,5
319385,319385,319392,7,0
319108,319296,319392,96,188
319385,319385,319393,8,0
319385,319385,319392,7,0
319385,319391,319392,1,6
319385,319391,319392,1,6
319385,319385,319392,7,0
319385,319390,319393,3,5
319385,319385,319393,8,0
319385,319385,319394,9,0
319385,319391,319393,2,6
319385,319385,319393,8,0
319385,319390,319393,3,5
319111,319312,319394,82,201
319110,319311,319394,83,201
319385,319385,319394,9,0
319385,319390,319394,4,5
319385,319385,319394,9,0
319120,319341,319395,54,221
319385,319385,319395,10,0
319385,319385,319396,11,0
319385,319385,319395,10,0
319112,319320,319396,76,208
319120,319341,319397,56,221
319109,319299,319396,97,190
319112,319322,319398,76,210
319109,319298,319397,99,189
319110,319307,319398,91,197
319121,319349,319399,50,228
319111,319316,319400,84,205
319121,319351,319400,49,230
319121,319349,319401,52,228
319385,319385,319402,17,0
319111,319312,319404,92,201
319115,319332,319406,74,217
319113,319323,319407,84,210
319126,319364,319409,45,238
319111,319315,319410,95,204
319115,319331,319411,80,216
319118,319334,319411,77,216
319112,319317,319411,94,205
319113,319327,319411,84,214
319110,319302,319413,111,192
319114,319331,319414,83,217
319413,319413,319414,1,0
319413,319413,319414,1,0
319413,319413,319414,1,0
319413,319413,319414,1,0
319413,319413,319415,2,0
319413,319413,319415,2,0
319413,319413,319415,2,0
319113,319327,319416,89,214
319127,319369,319415,46,242
319413,319415,319416,1,2
319413,319415,319416,1,2
319413,319415,319416,1,2
319413,319414,319416,2,1
319114,319330,319416,86,216
319413,319413,319417,4,0
319413,319415,319417,2,2
319413,319416,319417,1,3
319413,319413,319417,4,0
319413,319416,319417,1,3
319413,319417,319418,1,4
319413,319417,319418,1,4
319413,319417,319418,1,4
319413,319413,319418,5,0
319413,319413,319418,5,0
319413,319413,319418,5,0
319413,319413,319418,5,0
319413,319413,319417,4,0
319413,319413,319418,5,0
319413,319413,319418,5,0
319413,319417,319418,1,4
319123,319356,319419,63,233
319413,319413,319419,6,0
319413,319413,319419,6,0
319413,319413,319419,6,0
319413,319413,319419,6,0
319413,319418,319419,1,5
319413,319418,319419,1,5
319413,319413,319420,7,0
319413,319418,319419,1,5
319413,319418,319419,1,5
319413,319418,319419,1,5
319413,319413,319419,6,0
319413,319413,319419,6,0
319413,319418,319419,1,5
319413,319418,319419,1,5
319119,319338,319420,82,219
319113,319324,319420,96,211
319413,319413,319420,7,0
319413,319417,319420,3,4
319413,319413,319420,7,0
319124,319360,319420,60,236
319413,319413,319420,7,0
319413,319418,319420,2,5
319413,319413,319420,7,0
319413,319413,319420,7,0
319413,319420,319421,1,7
319413,319420,319421,1,7
319413,319413,319420,7,0
319413,319413,319421,8,0
319413,319413,319420,7,0
319413,319419,319420,1,6
319413,319420,319421,1,7
319413,319420,319421,1,7
319413,319413,319421,8,0
319413,319413,319421,8,0
319413,319419,319422,3,6
319413,319419,319421,2,6
319413,319413,319421,8,0
319413,319420,319421,1,7
319413,319420,319421,1,7
319413,319413,319422,9,0
319128,319370,319422,52,242
319413,319419,319422,3,6
319413,319419,319422,3,6
319413,319419,319422,3,6
319413,319419,319422,3,6
319413,319420,319422,2,7
319127,319369,319422,53,242
319128,319372,319422,50,244
319117,319334,319423,89,217
319413,319413,319423,10,0
319413,319419,319423,4,6
319413,319413,319423,10,0
319413,319413,319423,10,0
319413,319413,319423,10,0
319413,319413,319423,10,0
319413,319413,319423,10,0
319413,319413,319423,10,0
319126,319365,319423,58,239
319127,319369,319423,54,242
319413,319413,319424,11,0
319413,319413,319425,12,0
319113,319325,319425,100,212
319118,319336,319424,88,218
319113,319325,319425,100,212
319124,319360,319425,65,236
319114,319330,319428,98,216
319130,319381,319427,46,251
319113,319326,319428,102,213
319119,319338,319429,91,219
319122,319354,319428,74,232
319130,319380,319428,48,250
319131,319385,319430,45,254
319130,319378,319429,51,248
319114,319331,319430,99,217
319118,319337,319431,94,219
319123,319356,319431,75,233
319117,319333,319431,98,216
319130,319380,319433,53,250
319114,319331,319432,101,217
319119,319340,319433,93,221
319119,319341,319433,92,222
319114,319329,319434,105,215
319114,319330,319433,103,216
319129,319376,319436,60,247
319128,319371,319436,65,243
319123,319357,319436,79,234
319436,319436,319437,1,0
319436,319436,319437,1,0
319119,319339,319438,99,220
319436,319436,319437,1,0
319436,319436,319438,2,0
319436,319436,319437,1,0
319436,319436,319437,1,0
319118,319336,319438,102,218
319119,319337,319439,102,218
319436,319436,319439,3,0
319436,319437,319439,2,1
319436,319437,319439,2,1
319120,319347,319439,92,227
319436,319436,319440,4,0
319436,319436,319439,3,0
319436,319436,319440,4,0
319436,319436,319440,4,0
319436,319436,319439,3,0
319436,319436,319440,4,0
319436,319438,319440,2,2
319436,319438,319440,2,2
319436,319436,319440,4,0
319436,319438,319440,2,2
319132,319396,319441,45,264
319436,319436,319441,5,0
319436,319436,319441,5,0
319436,319436,319440,4,0
319436,319438,319440,2,2
319436,319439,319441,2,3
319436,319436,319441,5,0
319436,319440,319441,1,4
319436,319436,319441,5,0
319436,319436,319442,6,0
319436,319436,319442,6,0
319436,319436,319442,6,0
319436,319440,319442,2,4
319436,319436,319442,6,0
319436,319436,319442,6,0
319436,319436,319442,6,0
319436,319439,319442,3,3
319436,319440,319442,2,4
319436,319441,319442,1,5
319436,319441,319442,1,5
319436,319442,319443,1,6
319436,319442,319443,1,6
319119,319339,319442,103,220
319127,319368,319442,74,241
319436,319436,319443,7,0
319436,319436,319443,7,0
319436,319436,319443,7,0
319436,319440,319443,3,4
319436,319440,319443,3,4
319436,319440,319443,3,4
319436,319440,319443,3,4
319436,319436,319443,7,0
319436,319442,319443,1,6
319436,319443,319444,1,7
319436,319442,319443,1,6
319118,319334,319443,109,216
319132,319389,319443,54,257
319436,319436,319444,8,0
319436,319442,319444,2,6
319436,319440,319444,4,4
319436,319440,319444,4,4
319436,319436,319444,8,0
319436,319442,319444,2,6
319436,319441,319444,3,5
319436,319441,319444,3,5
319436,319443,319444,1,7
319436,319443,319444,1,7
319436,319441,319444,3,5
319436,319443,319444,1,7
319436,319436,319444,8,0
319436,319436,319444,8,0
319436,319436,319444,8,0
319118,319334,319444,110,216
319129,319373,319445,72,244
319129,319376,319444,68,247
319436,319436,319445,9,0
319436,319442,319445,3,6
319436,319443,319445,2,7
319436,319443,319445,2,7
319436,319436,319445,9,0
319436,319436,319445,9,0
319436,319436,319445,9,0
319120,319343,319446,103,223
319121,319349,319445,96,228
319129,319374,319446,72,245
319122,319352,319446,94,230
319436,319436,319446,10,0
319122,319354,319447,93,232
319436,319436,319447,11,0
319436,319436,319447,11,0
319118,319337,319448,111,219
319133,319397,319447,50,264
319436,319436,319448,12,0
319120,319347,319449,102,227
319122,319355,319450,95,233
319119,319341,319450,109,222
319134,319402,319450,48,268
319436,319436,319450,14,0
319436,319436,319451,15,0
319118,319337,319451,114,219
319122,319356,319451,95,234
319120,319347,319452,105,227
319133,319400,319451,51,267
319120,319348,319452,104,228
319123,319357,319453,96,234
319121,319350,319454,104,229
319130,319380,319453,73,250
319134,319401,319454,53,267
319120,319346,319454,108,226
319126,319366,319455,89,240
319126,319366,319455,89,240
319131,319382,319456,74,251
319122,319355,319456,101,233
319134,319409,319457,48,275
319125,319362,319458,96,237
319123,319358,319458,100,235
319126,319364,319458,94,238
319129,319375,319459,84,246
319122,319352,319459,107,230
319120,319348,319459,111,228
319122,319351,319459,108,229
319124,319359,319459,100,235
319127,319369,319460,91,242
319125,319362,319461,99,237
319123,319357,319462,105,234
319121,319350,319463,113,229
319125,319362,319463,101,237
319123,319359,319462,103,236
319124,319360,319463,103,236
319135,319416,319463,47,281
319121,319350,319463,113,229
319128,319370,319464,94,242
319125,319364,319464,100,239
319123,319359,319465,106,236
319463,319463,319465,2,0
319463,319463,319464,1,0
319463,319463,319464,1,0
319463,319463,319464,1,0
319463,319463,319464,1,0
319463,319463,319464,1,0
319125,319361,319465,104,236
319463,319463,319466,3,0
319463,319463,319466,3,0
319123,319357,319467,110,234
319136,319421,319467,46,285
319463,319463,319467,4,0
319463,319463,319467,4,0
319463,319463,319467,4,0
319463,319463,319467,4,0
319463,319463,319466,3,0
319463,319463,319466,3,0
319463,319463,319467,4,0
319463,319465,319467,2,2
319463,319465,319467,2,2
319463,319465,319467,2,2
319463,319463,319467,4,0
319463,319465,319467,2,2
319126,319367,319467,100,241
319125,319363,319468,105,238
319463,319463,319468,5,0
319463,319463,319467,4,0
319463,319463,319468,5,0
319463,319463,319468,5,0
319463,319463,319468,5,0
319121,319351,319468,117,230
319463,319465,319467,2,2
319463,319465,319468,3,2
319463,319463,319469,6,0
319463,319463,319468,5,0
319463,319463,319469,6,0
319126,319365,319469,104,239
319463,319463,319469,6,0
319463,319466,319469,3,3
319121,319350,319469,119,229
319463,319463,319469,6,0
319463,319466,319469,3,3
319463,319463,319469,6,0
319463,319467,319469,2,4
319463,319467,319469,2,4
319463,319467,319469,2,4
319463,319468,319469,1,5
319463,319463,319469,6,0
319463,319468,319469,1,5
319463,319469,319470,1,6
319463,319463,319470,7,0
319130,319381,319470,89,251
319463,319467,319470,3,4
319463,319467,319470,3,4
319463,319467,319470,3,4
319463,319463,319470,7,0
319463,319463,319470,7,0
319463,319463,319470,7,0
319463,319470,319471,1,7
319463,319463,319470,7,0
319463,319470,319471,1,7
319463,319463,319470,7,0
319125,319361,319471,110,236
319127,319370,319470,100,243
319131,319383,319471,88,252
319463,319463,319471,8,0
319463,319467,319471,4,4
319463,319467,319471,4,4
319463,319463,319471,8,0
319136,319423,319471,48,287
319463,319469,319471,2,6
319463,319469,319471,2,6
319463,319470,319471,1,7
319463,319463,319471,8,0
319463,319468,319471,3,5
319463,319468,319471,3,5
319463,319468,319471,3,5
319463,319467,319471,4,4
319463,319470,319471,1,7
319126,319365,319471,106,239
319463,319463,319471,8,0
319463,319470,319471,1,7
319130,319380,319471,91,250
319136,319423,319472,49,287
319463,319467,319472,5,4
319463,319468,319472,4,5
319463,319470,319472,2,7
319128,319372,319472,100,244
319463,319463,319472,9,0
319122,319355,319473,118,233
319136,319423,319472,49,287
319463,319463,319473,10,0
319124,319360,319473,113,236
319463,319463,319473,10,0
319463,319468,319473,5,5
319463,319463,319473,10,0
319127,319367,319473,106,240
319463,319463,319474,11,0
319125,319362,319474,112,237
319127,319368,319474,106,241
319126,319367,319475,108,241
319124,319361,319476,115,237
319124,319360,319475,115,236
319136,319424,319476,52,288
319137,319428,319477,49,291
319463,319463,319477,14,0
319138,319429,319478,49,291
319138,319430,319477,47,292
319124,319359,319478,119,235
319133,319398,319478,80,265
319125,319362,319478,116,237
319129,319376,319478,102,247
319132,319389,319479,90,257
319130,319379,319480,101,249
319128,319370,319480,110,242
319128,319373,319481,108,245
319129,319374,319482,108,245
319133,319397,319483,86,264
319131,319387,319483,96,256
319131,319385,319483,98,254
319129,319376,319483,107,247
319128,319373,319484,111,245
319136,319424,319485,61,288
319132,319388,319485,97,256
319129,319375,319486,111,246
319128,319371,319487,116,243
319125,319364,319487,123,239
319138,319433,319487,54,295
319132,319388,319488,100,256
319127,319367,319487,120,240
319138,319430,319488,58,292
319130,319381,319488,107,251
319489,319489,319490,1,0
319139,319436,319490,54,297
319489,319489,319490,1,0
319489,319489,319490,1,0
319489,319489,319490,1,0
319489,319489,319490,1,0
319489,319489,319490,1,0
319131,319384,319490,106,253
319489,319489,319492,3,0
319134,319404,319493,89,270
319489,319489,319492,3,0
319489,319489,319493,4,0
319489,319489,319492,3,0
319489,319489,319492,3,0
319489,319489,319492,3,0
319489,319489,319492,3,0
319489,319489,319493,4,0
319489,319489,319493,4,0
319489,319491,319493,2,2
319489,319489,319493,4,0
319489,319491,319493,2,2
319132,319392,319493,101,260
319489,319489,319494,5,0
319489,319490,319493,3,1
319489,319489,319494,5,0
319489,319489,319494,5,0
319489,319491,319494,3,2
319489,319491,319494,3,2
319489,319489,319493,4,0
319489,319489,319493,4,0
319489,319489,319493,4,0
319489,319491,319494,3,2
319489,319489,319494,5,0
319135,319419,319495,76,284
319132,319394,319494,100,262
319135,319413,319494,81,278
319133,319400,319495,95,267
319489,319492,319495,3,3
319489,319489,319495,6,0
319489,319489,319495,6,0
319489,319489,319495,6,0
319489,319489,319495,6,0
319489,319494,319495,1,5
319489,319493,319495,2,4
319489,319493,319495,2,4
319489,319494,319495,1,5
319144,319441,319496,55,297
319145,319448,319495,47,303
319489,319489,319496,7,0
319489,319489,319496,7,0
319489,319493,319496,3,4
319489,319489,319496,7,0
319489,319489,319496,7,0
319489,319493,319496,3,4
319489,319489,319496,7,0
319489,319489,319496,7,0
319489,319494,319496,2,5
319489,319494,319496,2,5
319489,319494,319496,2,5
319489,319494,319496,2,5
319489,319489,319496,7,0
319489,319493,319496,3,4
319489,319494,319496,2,5
319489,319489,319496,7,0
319131,319385,319496,111,254
319133,319397,319496,99,264
319131,319385,319497,112,254
319489,319494,319497,3,5
319489,319493,319496,3,4
319489,319493,319496,3,4
319489,319494,319496,2,5
319489,319489,319497,8,0
319489,319493,319497,4,4
319489,319493,319497,4,4
319489,319494,319496,2,5
319489,319495,319496,1,6
319489,319495,319496,1,6
319489,319489,319497,8,0
319489,319493,319497,4,4
319489,319494,319497,3,5
319137,319426,319496,70,289
319489,319489,319497,8,0
319489,319495,319497,2,6
319131,319388,319498,110,257
319134,319407,319498,91,273
319489,319493,319497,4,4
319489,319495,319498,3,6
319489,319489,319498,9,0
319489,319495,319498,3,6
319489,319489,319498,9,0
319489,319495,319498,3,6
319489,319489,319498,9,0
319132,319393,319498,105,261
319489,319489,319498,9,0
319489,319489,319499,10,0
319489,319489,319499,10,0
319144,319444,319499,55,300
319138,319432,319500,68,294
319134,319412,319500,88,278
319133,319398,319502,104,265
319137,319429,319502,73,292
319134,319412,319504,92,278
319136,319420,319504,84,284
319134,319407,319505,98,273
319146,319451,319505,54,305
319132,319395,319505,110,263
319135,319416,319506,90,281
319135,319417,319506,89,282
319133,319399,319507,108,266
319137,319429,319506,77,292
319135,319412,319508,96,277
319146,319452,319507,55,306
319135,319414,319508,94,279
319135,319414,319509,95,279
319139,319437,319509,72,298
319147,319458,319509,51,311
319147,319455,319510,55,308
319134,319410,319512,102,276
319136,319423,319512,89,287
319512,319512,319513,1,0
319512,319512,319513,1,0
319512,319512,319513,1,0
319512,319512,319513,1,0
319512,319512,319513,1,0
319512,319512,319513,1,0
319137,319425,319514,89,288
319138,319432,319515,83,294
319512,319512,319515,3,0
319512,319512,319514,2,0
319512,319514,319515,1,2
319512,319513,319514,1,1
319149,319464,319515,51,315
319512,319512,319515,3,0
319512,319512,319515,3,0
319512,319512,319515,3,0
319512,319512,319516,4,0
319512,319512,319516,4,0
319512,319512,319515,3,0
319512,319512,319516,4,0
319512,319512,319515,3,0
319512,319514,319515,1,2
319512,319514,319516,2,2
319512,319514,319516,2,2
319512,319514,319516,2,2
319144,319445,319516,71,301
319139,319437,319517,80,298
319512,319512,319516,4,0
319512,319512,319516,4,0
319512,319512,319517,5,0
319512,319512,319517,5,0
319512,319515,319517,2,3
319512,319515,319517,2,3
319512,319512,319517,5,0
319512,319512,319517,5,0
319512,319512,319517,5,0
319512,319512,319517,5,0
319512,319512,319518,6,0
319512,319516,319518,2,4
319512,319512,319518,6,0
319512,319516,319518,2,4
319512,319512,319517,5,0
319512,319512,319518,6,0
319512,319516,319518,2,4
319512,319516,319518,2,4
319512,319517,319518,1,5
319512,319512,319518,6,0
319512,319516,319517,1,4
319512,319517,319518,1,5
319512,319512,319518,6,0
319512,319512,319518,6,0
319512,319515,319518,3,3
319512,319517,319519,2,5
319512,319516,319518,2,4
319512,319516,319518,2,4
319512,319517,319518,1,5
319512,319517,319518,1,5
319512,319512,319519,7,0
319512,319517,319518,1,5
319512,319518,319519,1,6
319136,319421,319519,98,285
319512,319512,319519,7,0
319512,319512,319519,7,0
319512,319512,319520,8,0
319512,319516,319520,4,4
319512,319516,319519,3,4
319512,319512,319519,7,0
319512,319512,319519,7,0
319512,319515,319519,4,3
319512,319512,319520,8,0
319512,319512,319520,8,0
319512,319512,319520,8,0
319512,319512,319520,8,0
319512,319512,319519,7,0
319512,319518,319519,1,6
319512,319518,319521,3,6
319512,319518,319521,3,6
319512,319518,319521,3,6
319512,319516,319520,4,4
319512,319518,319520,2,6
319512,319516,319521,5,4
319512,319518,319520,2,6
319144,319443,319521,78,299
319512,319516,319521,5,4
319137,319429,319521,92,292
319512,319512,319521,9,0
319138,319432,319522,90,294
319512,319512,319523,11,0
319150,319467,319523,56,317
319145,319446,319524,78,301
319137,319426,319525,99,289
319151,319473,319525,52,322
319144,319445,319526,81,301
319146,319454,319526,72,308
319151,319472,319526,54,321
319153,319478,319527,49,325
319137,319425,319527,102,288
319153,319478,319527,49,325
319139,319433,319528,95,294
319139,319438,319529,91,299
319139,319434,319529,95,295
319138,319431,319529,98,293
319147,319457,319531,74,310
319152,319477,319532,55,325
319153,319477,319532,55,324
319137,319428,319532,104,291
319144,319440,319533,93,296
319139,319439,319534,95,300
319139,319434,319535,101,295
319152,319473,319535,62,321
319535,319535,319536,1,0
319535,319535,319537,2,0
319535,319535,319537,2,0
319535,319535,319537,2,0
319535,319535,319537,2,0
319535,319535,319537,2,0
319535,319536,319538,2,1
319162,319485,319538,53,323
319535,319536,319539,3,1
319535,319535,319539,4,0
319535,319538,319539,1,3
319535,319538,319540,2,3
319535,319538,319539,1,3
319535,319537,319539,2,2
319535,319538,319540,2,3
319139,319433,319540,107,294
319143,319439,319540,101,296
319163,319489,319539,50,326
319535,319536,319540,4,1
319535,319535,319540,5,0
319535,319535,319540,5,0
319535,319536,319540,4,1
319535,319538,319540,2,3
319535,319535,319541,6,0
319535,319536,319541,5,1
319535,319536,319541,5,1
319535,319535,319541,6,0
319535,319536,319541,5,1
319535,319535,319541,6,0
319535,319540,319542,2,5
319535,319540,319542,2,5
319535,319540,319542,2,5
319535,319540,319542,2,5
319535,319536,319541,5,1
319535,319540,319541,1,5
319535,319535,319541,6,0
319535,319540,319541,1,5
319535,319541,319542,1,6
319145,319449,319542,93,304
319535,319536,319542,6,1
319535,319536,319542,6,1
319535,319539,319542,3,4
319535,319536,319543,7,1
319535,319535,319542,7,0
319535,319536,319543,7,1
319535,319540,319543,3,5
319535,319541,319542,1,6
319535,319541,319542,1,6
319535,319542,319543,1,7
319535,319536,319542,6,1
319535,319541,319542,1,6
319535,319536,319543,7,1
319535,319542,319543,1,7
319535,319536,319542,6,1
319535,319542,319543,1,7
319535,319536,319543,7,1
319535,319535,319543,8,0
319535,319536,319543,7,1
319535,319536,319543,7,1
319535,319541,319544,3,6
319535,319535,319543,8,0
319535,319536,319543,7,1
319535,319535,319544,9,0
319535,319542,319543,1,7
319535,319542,319544,2,7
319535,319542,319543,1,7
319535,319542,319543,1,7
319535,319542,319543,1,7
319535,319542,319543,1,7
319535,319542,319543,1,7
319535,319542,319543,1,7
319535,319542,319543,1,7
319138,319433,319544,111,295
319535,319535,319544,9,0
319535,319536,319544,8,1
319535,319542,319544,2,7
319535,319536,319544,8,1
319535,319542,319544,2,7
319535,319543,319544,1,8
319535,319542,319544,2,7
319147,319456,319544,88,309
319535,319535,319544,9,0
319164,319496,319545,49,332
319145,319447,319545,98,302
319535,319535,319545,10,0
319145,319448,319545,97,303
319144,319443,319546,103,299
319535,319536,319546,10,1
319164,319490,319547,57,326
319535,319536,319548,12,1
319163,319487,319548,61,324
319165,319500,319548,48,335
319535,319535,319549,14,0
319165,319496,319550,54,331
319146,319452,319550,98,306
319145,319450,319552,102,305
319144,319446,319553,107,302
319149,319463,319553,90,314
319145,319446,319555,109,301
319166,319505,319555,50,339
319144,319444,319556,112,300
319144,319445,319557,112,301
319146,319452,319557,105,306
319148,319459,319558,99,311
319148,319461,319560,99,313
319168,319510,319560,50,342
319148,319461,319560,99,313
319148,319460,319561,101,312
319148,319460,319561,101,312
319147,319457,319561,104,310
319146,319454,319562,108,308
319561,319562,319563,1,1
319148,319459,319563,104,311
319146,319453,319563,110,307
319167,319508,319562,54,341
319561,319562,319563,1,1
319561,319562,319563,1,1
319561,319562,319563,1,1
319561,319562,319563,1,1
319561,319562,319563,1,1
319147,319459,319563,104,312
319561,319562,319564,2,1
319561,319562,319564,2,1
319561,319562,319565,3,1
319561,319562,319564,2,1
319145,319450,319564,114,305
319146,319452,319564,112,306
319561,319562,319565,3,1
319561,319564,319565,1,3
319561,319565,319566,1,4
319146,319454,319566,112,308
319149,319464,319566,102,315
319149,319464,319566,102,315
319561,319562,319566,4,1
319561,319562,319566,4,1
319170,319528,319566,38,358
319561,319564,319566,2,3
319561,319562,319566,4,1
319561,319562,319566,4,1
319561,319564,319566,2,3
319561,319562,319567,5,1
319561,319562,319567,5,1
319148,319463,319567,104,315
319149,319463,319566,103,314
319163,319485,319567,82,322
319561,319562,319567,5,1
319561,319562,319567,5,1
319561,319562,319567,5,1
319561,319566,319567,1,5
319561,319562,319567,5,1
319561,319562,319567,5,1
319561,319562,319568,6,1
319561,319564,319567,3,3
319561,319562,319567,5,1
319561,319563,319567,4,2
319561,319566,319568,2,5
319561,319562,319567,5,1
319561,319564,319568,4,3
319561,319566,319567,1,5
319150,319469,319568,99,319
319561,319562,319569,7,1
319561,319562,319568,6,1
319561,319562,319568,6,1
319561,319562,319568,6,1
319561,319562,319568,6,1
319561,319565,319568,3,4
319561,319565,319568,3,4
319147,319456,319569,113,309
319152,319475,319569,94,323
319561,319567,319569,2,6
319561,319567,319568,1,6
319561,319568,319569,1,7
319561,319562,319568,6,1
319561,319567,319568,1,6
319561,319562,319568,6,1
319561,319568,319569,1,7
319561,319567,319568,1,6
319561,319567,319568,1,6
319561,319568,319569,1,7
319561,319568,319569,1,7
319170,319527,319569,42,357
319561,319562,319569,7,1
319561,319562,319569,7,1
319561,319565,319569,4,4
319561,319567,319569,2,6
319561,319568,319569,1,7
319561,319568,319570,2,7
319561,319568,319569,1,7
319561,319562,319569,7,1
319561,319568,319569,1,7
319561,319567,319569,2,6
319561,319568,319569,1,7
319561,319568,319569,1,7
319561,319568,319569,1,7
319561,319568,319569,1,7
319145,319448,319570,122,303
319150,319465,319569,104,315
319561,319562,319570,8,1
319561,319568,319570,2,7
319561,319562,319570,8,1
319561,319562,319571,9,1
319561,319567,319570,3,6
319561,319562,319570,8,1
319561,319568,319570,2,7
319150,319465,319571,106,315
319147,319458,319570,112,311
319151,319471,319571,100,320
319168,319515,319571,56,347
319561,319562,319571,9,1
319150,319471,319571,100,321
319147,319455,319572,117,308
319561,319562,319572,10,1
319168,319511,319572,61,343
319152,319476,319573,97,324
319164,319495,319573,78,331
319152,319476,319572,96,324
319151,319471,319573,102,320
319165,319498,319574,76,333
319164,319495,319574,79,331
319561,319562,319574,12,1
319561,319562,319574,12,1
319166,319501,319575,74,335
319148,319462,319574,112,314
319149,319463,319575,112,314
319152,319474,319574,100,322
319561,319562,319575,13,1
319148,319460,319576,116,312
319150,319470,319575,105,320
319151,319471,319576,105,320
319152,319473,319577,104,321
319163,319487,319577,90,324
319152,319475,319577,102,323
319148,319459,319578,119,311
319169,319526,319578,52,357
319150,319470,319578,108,320
319149,319464,319578,114,315
319151,319472,319578,106,321
319152,319476,319579,103,324
319150,319468,319579,111,318
319150,319467,319580,113,317
319166,319503,319580,77,337
319163,319488,319580,92,325
319151,319472,319580,108,321
319153,319479,319580,101,326
319163,319487,319581,94,324
319163,319488,319581,93,325
319169,319524,319581,57,355
319164,319494,319581,87,330
319153,319479,319582,103,326
319152,319474,319582,108,322
319162,319485,319583,98,323
319168,319510,319584,74,342
319165,319497,319583,86,332
319164,319495,319585,90,331
319151,319473,319585,112,322
319165,319497,319585,88,332
319150,319468,319584,116,318
319153,319480,319585,105,327
319166,319502,319586,84,336
319162,319483,319587,104,321
319153,319478,319587,109,325
319164,319493,319587,94,329
319171,319536,319588,52,365
319162,319483,319587,104,321
319162,319484,319588,104,322
319168,319515,319587,72,347
319587,319587,319588,1,0
319170,319527,319588,61,357
319587,319587,319588,1,0
319168,319515,319588,73,347
319587,319587,319588,1,0
319162,319481,319588,107,319
319587,319587,319588,1,0
319587,319587,319589,2,0
319587,319587,319589,2,0
319172,319545,319589,44,373
319153,319479,319589,110,326
319167,319507,319589,82,340
319169,319520,319589,69,351
319153,319478,319590,112,325
319162,319481,319590,109,319
319162,319482,319591,109,320
319167,319508,319590,82,341
319587,319587,319591,4,0
319587,319587,319591,4,0
319587,319587,319591,4,0
319587,319589,319591,2,2
319587,319590,319591,1,3
319173,319550,319592,42,377
319166,319506,319591,85,340
319171,319533,319591,58,362
319167,319507,319591,84,340
319166,319503,319591,88,337
319587,319587,319592,5,0
319587,319587,319592,5,0
319587,319587,319592,5,0
319587,319587,319592,5,0
319587,319589,319592,3,2
319587,319587,319592,5,0
319587,319587,319592,5,0
319587,319587,319592,5,0
319587,319588,319592,4,1
319587,319587,319592,5,0
319587,319588,319592,4,1
319587,319587,319592,5,0
319162,319483,319592,109,321
319168,319512,319592,80,344
319164,319495,319592,97,331
319587,319587,319593,6,0
319587,319587,319593,6,0
319587,319587,319593,6,0
319587,319587,319593,6,0
319587,319587,319593,6,0
319587,319587,319593,6,0
319587,319587,319593,6,0
319587,319591,319593,2,4
319587,319587,319593,6,0
319587,319587,319593,6,0
319587,319592,319593,1,5
319587,319588,319593,5,1
319173,319549,319594,45,376
319164,319491,319594,103,327
319587,319587,319594,7,0
319587,319587,319594,7,0
319587,319587,319594,7,0
319168,319517,319594,77,349
319587,319593,319594,1,6
319587,319593,319594,1,6
319587,319594,319595,1,7
319587,319587,319594,7,0
319587,319592,319594,2,5
319587,319593,319594,1,6
319587,319593,319594,1,6
319587,319593,319594,1,6
319587,319593,319594,1,6
319587,319594,319595,1,7
319587,319593,319594,1,6
319587,319594,319595,1,7
319587,319587,319594,7,0
319587,319593,319594,1,6
319587,319594,319595,1,7
319167,319508,319594,86,341
319163,319486,319594,108,323
319169,319525,319595,70,356
319587,319587,319595,8,0
319587,319587,319595,8,0
319587,319587,319595,8,0
319587,319587,319595,8,0
319587,319591,319595,4,4
319587,319594,319595,1,7
319587,319594,319595,1,7
319587,319594,319595,1,7
319587,319594,319595,1,7
319587,319592,319595,3,5
319166,319505,319595,90,339
319165,319497,319596,99,332
319171,319536,319596,60,365
319166,319505,319595,90,339
319167,319507,319596,89,340
319168,319517,319596,79,349
319587,319593,319596,3,6
319587,319587,319596,9,0
319587,319592,319596,4,5
319587,319592,319596,4,5
319587,319587,319596,9,0
319587,319587,319596,9,0
319587,319593,319596,3,6
319587,319587,319596,9,0
319587,319592,319596,4,5
319587,319594,319596,2,7
319587,319593,319596,3,6
319171,319533,319596,63,362
319165,319498,319596,98,333
319165,319498,319596,98,333
319170,319528,319596,68,358
319167,319507,319596,89,340
319171,319532,319596,64,361
319587,319587,319597,10,0
319587,319594,319597,3,7
319169,319523,319598,75,354
319172,319539,319597,58,367
319168,319513,319597,84,345
319169,319522,319598,76,353
319169,319522,319598,76,353
319171,319531,319598,67,360
319173,319551,319598,47,378
319163,319489,319599,110,326
319587,319587,319599,12,0
319587,319587,319599,12,0
319587,319587,319599,12,0
319165,319499,319600,101,334
319170,319529,319601,72,359
319171,319534,319600,66,363
319172,319540,319600,60,368
319170,319527,319601,74,357
319172,319545,319601,56,373
319170,319529,319602,73,359
319166,319505,319603,98,339
319169,319525,319603,78,356
319167,319509,319604,95,342
319171,319530,319606,76,359
319172,319543,319605,62,371
319173,319554,319606,52,381
319173,319546,319606,60,373
319172,319544,319608,64,372
319171,319533,319609,76,362
319173,319548,319609,61,375
319174,319554,319609,55,380
319170,319529,319610,81,359
319173,319547,319611,64,374
319172,319540,319611,71,368
319611,319611,319613,2,0
319611,319611,319613,2,0
319611,319611,319613,2,0
319611,319611,319613,2,0
319611,319611,319613,2,0
319611,319611,319613,2,0
319170,319527,319613,86,357
319172,319540,319613,73,368
319611,319611,319614,3,0
319611,319611,319615,4,0
319611,319611,319615,4,0
319611,319614,319615,1,3
319611,319614,319615,1,3
319173,319552,319616,64,379
319611,319611,319616,5,0
319611,319611,319616,5,0
319611,319611,319616,5,0
319611,319611,319616,5,0
319611,319611,319616,5,0
319611,319614,319616,2,3
319611,319614,319616,2,3
319611,319614,319616,2,3
319611,319614,319616,2,3
319172,319546,319617,71,374
319611,319611,319617,6,0
319611,319611,319617,6,0
319611,319611,319617,6,0
319611,319611,319617,6,0
319611,319611,319617,6,0
319611,319611,319617,6,0
319611,319611,319617,6,0
319611,319616,319617,1,5
319611,319615,319617,2,4
319611,319611,319617,6,0
319611,319611,319617,6,0
319173,319551,319618,67,378
319611,319611,319618,7,0
319611,319611,319618,7,0
319611,319617,319618,1,6
319611,319617,319618,1,6
319611,319617,319618,1,6
319611,319617,319618,1,6
319611,319617,319618,1,6
319611,319611,319618,7,0
319611,319616,319618,2,5
319611,319617,319618,1,6
319611,319611,319618,7,0
319611,319611,319619,8,0
319611,319616,319619,3,5
319611,319618,319620,2,7
319611,319617,319619,2,6
319611,319618,319619,1,7
319611,319619,319620,1,8
319611,319618,319619,1,7
319611,319618,319619,1,7
319611,319619,319620,1,8
319611,319611,319619,8,0
319611,319618,319619,1,7
319611,319618,319619,1,7
319611,319618,319619,1,7
319611,319618,319619,1,7
319611,319611,319620,9,0
319611,319611,319619,8,0
319611,319611,319620,9,0
319611,319611,319620,9,0
319611,319618,319620,2,7
319611,319618,319620,2,7
319611,319611,319620,9,0
319611,319616,319620,4,5
319611,319617,319620,3,6
319611,319611,319620,9,0
319611,319618,319620,2,7
319611,319619,319620,1,8
319611,319611,319621,10,0
319611,319611,319620,9,0
319611,319619,319621,2,8
319611,319611,319622,11,0
319611,319611,319622,11,0
319611,319617,319622,5,6
319611,319611,319623,12,0
319611,319611,319623,12,0
319611,319611,319623,12,0
319611,319611,319623,12,0
319611,319611,319625,14,0
319638,319638,319639,1,0
319638,319638,319640,2,0
319638,319638,319640,2,0
319638,319638,319640,2,0
319638,319638,319640,2,0
319638,319638,319640,2,0
319638,319638,319641,3,0
319638,319640,319641,1,2
319638,319638,319642,4,0
319638,319638,319642,4,0
319638,319638,319642,4,0
319638,319638,319642,4,0
319638,319639,319642,3,1
319638,319641,319642,1,3
319638,319638,319643,5,0
319638,319638,319643,5,0
319638,319638,319643,5,0
319638,319638,319643,5,0
319638,319638,319643,5,0
319638,319641,319643,2,3
319638,319641,319643,2,3
319638,319641,319643,2,3
319638,319638,319644,6,0
319638,319641,319643,2,3
319638,319638,319643,5,0
319638,319638,319644,6,0
319638,319638,319644,6,0
319638,319638,319644,6,0
319638,319638,319644,6,0
319638,319638,319645,7,0
319638,319638,319644,6,0
319638,319638,319645,7,0
319638,319642,319644,2,4
319638,319642,319644,2,4
319638,319643,319644,1,5
319638,319644,319645,1,6
319638,319638,319646,8,0
319638,319638,319645,7,0
319638,319643,319645,2,5
319638,319644,319645,1,6
319638,319644,319645,1,6
319638,319638,319645,7,0
319638,319638,319645,7,0
319638,319643,319645,2,5
319638,319644,319645,1,6
319638,319638,319645,7,0
319638,319644,319645,1,6
319638,319644,319645,1,6
319638,319644,319645,1,6
319638,319638,319645,7,0
319638,319645,319646,1,7
319638,319645,319646,1,7
319638,319643,319646,3,5
319638,319643,319646,3,5
319638,319638,319646,8,0
319638,319645,319646,1,7
319638,319638,319646,8,0
319638,319638,319646,8,0
319638,319645,319646,1,7
319638,319645,319646,1,7
319638,319645,319646,1,7
319638,319645,319646,1,7
319638,319645,319646,1,7
319638,319645,319646,1,7
319638,319638,319647,9,0
319638,319643,319647,4,5
319638,319644,319647,3,6
319638,319638,319647,9,0
319638,319645,319647,2,7
319638,319638,319647,9,0
319638,319644,319647,3,6
319638,319644,319647,3,6
319638,319638,319647,9,0
319638,319644,319647,3,6
319638,319639,319648,9,1
319638,319638,319649,11,0
319638,319638,319650,12,0
319638,319638,319650,12,0
319638,319638,319654,16,0
319666,319666,319667,1,0
319666,319666,319667,1,0
319666,319666,319667,1,0
319666,319666,319667,1,0
319666,319666,319667,1,0
319666,319666,319667,1,0
319666,319666,319668,2,0
319666,319666,319670,4,0
319666,319666,319670,4,0
319666,319666,319670,4,0
319666,319666,319670,4,0
319666,319666,319670,4,0
319666,319666,319671,5,0
319666,319666,319670,4,0
319666,319666,319670,4,0
319666,319666,319671,5,0
319666,319668,319671,3,2
319666,319668,319670,2,2
319666,319668,319670,2,2
319666,319666,319671,5,0
319666,319668,319670,2,2
319666,319668,319671,3,2
319666,319666,319670,4,0
319666,319668,319670,2,2
319666,319666,319672,6,0
319666,319666,319671,5,0
319666,319666,319672,6,0
319666,319666,319671,5,0
319666,319666,319671,5,0
319666,319666,319672,6,0
319666,319666,319672,6,0
319666,319666,319672,6,0
319666,319666,319672,6,0
319666,319666,319671,5,0
319666,319666,319671,5,0
319666,319666,319672,6,0
319666,319666,319672,6,0
319666,319669,319671,2,3
319666,319666,319673,7,0
319666,319666,319672,6,0
319666,319666,319672,6,0
319666,319666,319672,6,0
319666,319670,319672,2,4
319666,319672,319673,1,6
319666,319666,319673,7,0
319666,319666,319672,6,0
319666,319666,319672,6,0
319666,319666,319673,7,0
319666,319671,319673,2,5
319666,319671,319673,2,5
319666,319671,319673,2,5
319666,319672,319673,1,6
319666,319666,319672,6,0
319666,319671,319672,1,5
319666,319671,319672,1,5
319666,319671,319673,2,5
319666,319671,319672,1,5
319666,319672,319673,1,6
319666,319672,319674,2,6
319666,319671,319674,3,5
319666,319671,319674,3,5
319666,319672,319674,2,6
319666,319672,319673,1,6
319666,319671,319673,2,5
319666,319666,319674,8,0
319666,319671,319673,2,5
319666,319666,319673,7,0
319666,319666,319675,9,0
319666,319671,319674,3,5
319666,319672,319674,2,6
319666,319672,319675,3,6
319666,319671,319675,4,5
319666,319672,319674,2,6
319666,319672,319674,2,6
319666,319666,319675,9,0
319666,319670,319676,6,4
319666,319670,319677,7,4
319666,319672,319678,6,6
319666,319671,319681,10,5
319693,319693,319694,1,0
319693,319693,319695,2,0
319693,319693,319695,2,0
319693,319693,319694,1,0
319693,319693,319694,1,0
319693,319693,319695,2,0
319693,319693,319696,3,0
319693,319694,319696,2,1
319693,319693,319695,2,0
319693,319693,319697,4,0
319693,319693,319697,4,0
319693,319693,319697,4,0
319693,319693,319698,5,0
319693,319693,319697,4,0
319693,319693,319698,5,0
319693,319693,319698,5,0
319693,319693,319698,5,0
319693,319696,319698,2,3
319693,319693,319698,5,0
319693,319695,319698,3,2
319693,319696,319698,2,3
319693,319693,319698,5,0
319693,319693,319698,5,0
319693,319693,319698,5,0
319693,319693,319698,5,0
319693,319693,319698,5,0
319693,319696,319698,2,3
319693,319696,319698,2,3
319693,319693,319699,6,0
319693,319693,319698,5,0
319693,319693,319699,6,0
319693,319693,319699,6,0
319693,319693,319699,6,0
319693,319696,319699,3,3
319693,319693,319699,6,0
319693,319693,319699,6,0
319693,319697,319699,2,4
319693,319693,319699,6,0
319693,319697,319699,2,4
319693,319693,319700,7,0
319693,319693,319700,7,0
319693,319693,319700,7,0
319693,319699,319700,1,6
319693,319699,319700,1,6
319693,319693,319700,7,0
319693,319693,319700,7,0
319693,319699,319700,1,6
319693,319693,319700,7,0
319693,319699,319700,1,6
319693,319693,319700,7,0
319693,319699,319700,1,6
319693,319699,319700,1,6
319693,319700,319701,1,7
319693,319698,319700,2,5
319693,319699,319700,1,6
319693,319699,319700,1,6
319693,319698,319701,3,5
319693,319693,319701,8,0
319693,319693,319701,8,0
319693,319699,319701,2,6
319693,319699,319701,2,6
319693,319700,319701,1,7
319693,319699,319701,2,6
319693,319699,319702,3,6
319693,319693,319702,9,0
319693,319698,319702,4,5
319693,319700,319702,2,7
319693,319699,319702,3,6
319693,319697,319702,5,4
319693,319699,319702,3,6
319693,319700,319702,2,7
319693,319699,319702,3,6
319693,319700,319703,3,7
319693,319700,319703,3,7
319693,319700,319703,3,7
319693,319693,319704,11,0
319693,319693,319704,11,0
319693,319693,319705,12,0
319693,319693,319706,13,0
319719,319719,319720,1,0
319719,319719,319720,1,0
319719,319719,319720,1,0
319719,319719,319720,1,0
319719,319719,319720,1,0
319719,319719,319721,2,0
319719,319719,319721,2,0
319719,319719,319721,2,0
319719,319719,319723,4,0
319719,319719,319722,3,0
319719,319719,319722,3,0
319719,319719,319722,3,0
319719,319719,319722,3,0
319719,319721,319723,2,2
319719,319721,319722,1,2
319719,319721,319722,1,2
319719,319719,319723,4,0
319719,319719,319724,5,0
319719,319719,319724,5,0
319719,319719,319723,4,0
319719,319719,319723,4,0
319719,319719,319723,4,0
319719,319721,319723,2,2
319719,319721,319723,2,2
319719,319721,319723,2,2
319719,319722,319724,2,3
319719,319719,319724,5,0
319719,319719,319724,5,0
319719,319719,319724,5,0
319719,319719,319724,5,0
319719,319719,319724,5,0
319719,319719,319724,5,0
319719,319719,319724,5,0
319719,319719,319725,6,0
319719,319723,319724,1,4
319719,319724,319725,1,5
319719,319719,319725,6,0
319719,319719,319724,5,0
319719,319723,319725,2,4
319719,319719,319724,5,0
319719,319723,319725,2,4
319719,319719,319725,6,0
319719,319724,319725,1,5
319719,319724,319725,1,5
319719,319725,319726,1,6
319719,319722,319726,4,3
319719,319723,319726,3,4
319719,319723,319725,2,4
319719,319719,319725,6,0
319719,319724,319725,1,5
319719,319725,319726,1,6
319719,319724,319725,1,5
319719,319724,319725,1,5
319719,319725,319726,1,6
319719,319725,319726,1,6
319719,319723,319726,3,4
319719,319725,319727,2,6
319719,319724,319726,2,5
319719,319724,319727,3,5
319719,319719,319727,8,0
319719,319725,319726,1,6
319719,319719,319724,5,0
319719,319719,319728,9,0
319719,319719,319727,8,0
319719,319725,319727,2,6
319719,319725,319727,2,6
319719,319719,319727,8,0
319719,319724,319727,3,5
319719,319725,319727,2,6
319719,319719,319729,10,0
319719,319719,319729,10,0
319719,319719,319730,11,0
319719,319723,319727,4,4
319719,319719,319733,14,0
319719,319719,319735,16,0
319719,319719,319736,17,0
319719,319719,319737,18,0
319719,319723,319739,16,4
319719,319724,319741,17,5
319753,319753,319754,1,0
319753,319753,319754,1,0
319753,319753,319754,1,0
319753,319753,319755,2,0
319753,319753,319755,2,0
319753,319753,319755,2,0
319753,319753,319756,3,0
319753,319754,319756,2,1
319753,319753,319755,2,0
319753,319755,319756,1,2
319753,319755,319756,1,2
319753,319754,319756,2,1
319753,319755,319756,1,2
319753,319753,319757,4,0
319753,319755,319757,2,2
319753,319753,319757,4,0
319753,319756,319757,1,3
319753,319756,319757,1,3
319753,319753,319758,5,0
319753,319753,319758,5,0
319753,319753,319758,5,0
319753,319753,319758,5,0
319753,319753,319758,5,0
319753,319753,319758,5,0
319753,319753,319757,4,0
319753,319753,319758,5,0
319753,319756,319757,1,3
319753,319756,319758,2,3
319753,319753,319758,5,0
319753,319756,319758,2,3
319753,319753,319758,5,0
319753,319757,319758,1,4
319753,319756,319758,2,3
319753,319753,319759,6,0
319753,319753,319759,6,0
319753,319753,319759,6,0
319753,319753,319759,6,0
319753,319753,319759,6,0
319753,319753,319759,6,0
319753,319753,319759,6,0
319753,319758,319759,1,5
319753,319753,319759,6,0
319753,319758,319759,1,5
319753,319753,319760,7,0
319753,319758,319759,1,5
319753,319759,319760,1,6
319753,319753,319760,7,0
319753,319753,319760,7,0
319753,319758,319760,2,5
319753,319758,319760,2,5
319753,319758,319760,2,5
319753,319759,319760,1,6
319753,319759,319760,1,6
319753,319759,319760,1,6
319753,319753,319761,8,0
319753,319757,319761,4,4
319753,319758,319761,3,5
319753,319753,319761,8,0
319753,319759,319761,2,6
319753,319758,319761,3,5
319753,319758,319761,3,5
319753,319753,319762,9,0
319753,319753,319762,9,0
319753,319758,319762,4,5
319753,319753,319762,9,0
319753,319753,319762,9,0
319753,319753,319762,9,0
319753,319753,319763,10,0
319753,319753,319764,11,0
319753,319753,319765,12,0
319753,319753,319766,13,0
319753,319753,319769,16,0
319753,319753,319768,15,0
319780,319780,319782,2,0
319780,319780,319781,1,0
319780,319780,319781,1,0
319780,319780,319781,1,0
319780,319780,319781,1,0
319780,319780,319781,1,0
319780,319780,319782,2,0
319780,319780,319782,2,0
319780,319780,319784,4,0
319780,319780,319784,4,0
319780,319782,319784,2,2
319780,319782,319784,2,2
319780,319782,319783,1,2
319780,319780,319784,4,0
319780,319782,319784,2,2
319780,319782,319784,2,2
319780,319782,319784,2,2
319780,319780,319785,5,0
319780,319782,319784,2,2
319780,319780,319785,5,0
319780,319780,319785,5,0
319780,319780,319786,6,0
319780,319780,319786,6,0
319780,319780,319786,6,0
319780,319780,319786,6,0
319780,319783,319786,3,3
319780,319780,319785,5,0
319780,319784,319786,2,4
319780,319780,319786,6,0
319780,319784,319786,2,4
319780,319784,319786,2,4
319780,319780,319786,6,0
319780,319784,319786,2,4
319780,319780,319786,6,0
319780,319784,319786,2,4
319780,319784,319785,1,4
319780,319780,319786,6,0
319780,319784,319786,2,4
319780,319784,319785,1,4
319780,319784,319787,3,4
319780,319780,319787,7,0
319780,319780,319787,7,0
319780,319785,319786,1,5
319780,319785,319786,1,5
319780,319780,319787,7,0
319780,319780,319787,7,0
319780,319785,319787,2,5
319780,319786,319787,1,6
319780,319786,319787,1,6
319780,319786,319787,1,6
319780,319786,319787,1,6
319780,319786,319788,2,6
319780,319780,319788,8,0
319780,319786,319788,2,6
319780,319780,319788,8,0
319780,319786,319788,2,6
319780,319786,319788,2,6
319780,319786,319788,2,6
319780,319786,319787,1,6
319780,319786,319787,1,6
319780,319786,319787,1,6
319780,319786,319787,1,6
319780,319780,319789,9,0
319780,319780,319788,8,0
319780,319786,319788,2,6
319780,319786,319788,2,6
319780,319780,319788,8,0
319780,319780,319790,10,0
319780,319780,319789,9,0
319780,319780,319791,11,0
319780,319780,319791,11,0
319780,319780,319791,11,0
319780,319780,319792,12,0
319780,319780,319792,12,0
319780,319780,319795,15,0
319780,319780,319813,33,0
319780,319780,319814,34,0
319780,319780,319813,33,0
319780,319780,319815,35,0
319826,319826,319827,1,0
319826,319826,319827,1,0
319826,319826,319827,1,0
319826,319826,319827,1,0
319826,319826,319827,1,0
319826,319826,319827,1,0
319826,319826,319827,1,0
319826,319827,319828,1,1
319826,319827,319828,1,1
319826,319826,319829,3,0
319826,319826,319830,4,0
319826,319826,319829,3,0
319826,319828,319829,1,2
319826,319828,319829,1,2
319826,319828,319829,1,2
319826,319828,319829,1,2
319826,319828,319830,2,2
319826,319829,319831,2,3
319826,319829,319831,2,3
319826,319830,319831,1,4
319826,319826,319831,5,0
319826,319826,319832,6,0
319826,319826,319831,5,0
319826,319826,319831,5,0
319826,319826,319831,5,0
319826,319826,319832,6,0
319826,319826,319832,6,0
319826,319830,319832,2,4
319826,319826,319831,5,0
319826,319826,319832,6,0
319826,319830,319832,2,4
319826,319830,319832,2,4
319826,319826,319833,7,0
319826,319826,319832,6,0
319826,319826,319832,6,0
319826,319832,319833,1,6
319826,319826,319833,7,0
319826,319826,319833,7,0
319826,319826,319832,6,0
319826,319830,319832,2,4
319826,319832,319833,1,6
319826,319831,319832,1,5
319826,319832,319833,1,6
319826,319831,319832,1,5
319826,319831,319833,2,5
319826,319826,319834,8,0
319826,319830,319834,4,4
319826,319826,319834,8,0
319826,319830,319833,3,4
319826,319832,319833,1,6
319826,319833,319834,1,7
319826,319833,319834,1,7
319826,319832,319833,1,6
319826,319826,319834,8,0
319826,319826,319833,7,0
319826,319832,319833,1,6
319826,319832,319833,1,6
319826,319826,319834,8,0
319826,319832,319833,1,6
319826,319826,319835,9,0
319826,319826,319835,9,0
319826,319826,319834,8,0
319826,319830,319835,5,4
319826,319826,319835,9,0
319826,319832,319834,2,6
319826,319832,319834,2,6
319826,319826,319834,8,0
319826,319833,319835,2,7
319826,319832,319835,3,6
319826,319826,319835,9,0
319826,319826,319834,8,0
319826,319826,319836,10,0
319826,319826,319836,10,0
319826,319826,319836,10,0
319826,319826,319835,9,0
319826,319826,319836,10,0
319826,319826,319836,10,0
319826,319832,319836,4,6
319826,319826,319839,13,0
319850,319850,319851,1,0
319850,319850,319851,1,0
319850,319850,319851,1,0
319850,319850,319851,1,0
319850,319850,319851,1,0
319850,319850,319851,1,0
319850,319850,319852,2,0
319850,319851,319852,1,1
319850,319851,319853,2,1
319850,319851,319853,2,1
319850,319851,319853,2,1
319850,319850,319854,4,0
319850,319850,319853,3,0
319850,319852,319854,2,2
319850,319850,319855,5,0
319850,319850,319855,5,0
319850,319852,319854,2,2
319850,319852,319855,3,2
319850,319850,319854,4,0
319850,319850,319855,5,0
319850,319853,319855,2,3
319850,319853,319855,2,3
319850,319850,319855,5,0
319850,319852,319855,3,2
319850,319850,319855,5,0
319850,319850,319855,5,0
319850,319850,319855,5,0
319850,319850,319856,6,0
319850,319855,319856,1,5
319850,319850,319856,6,0
319850,319850,319856,6,0
319850,319855,319856,1,5
319850,319853,319856,3,3
319850,319855,319856,1,5
319850,319854,319856,2,4
319850,319855,319856,1,5
319850,319855,319856,1,5
319850,319850,319856,6,0
319850,319850,319857,7,0
319850,319856,319857,1,6
319850,319856,319857,1,6
319850,319855,319857,2,5
319850,319850,319857,7,0
319850,319850,319857,7,0
319850,319855,319857,2,5
319850,319856,319857,1,6
319850,319855,319856,1,5
319850,319856,319857,1,6
319850,319856,319857,1,6
319850,319856,319857,1,6
319850,319850,319857,7,0
319850,319856,319857,1,6
319850,319854,319858,4,4
319850,319856,319858,2,6
319850,319850,319857,7,0
319850,319855,319858,3,5
319850,319856,319858,2,6
319850,319850,319858,8,0
319850,319854,319858,4,4
319850,319850,319858,8,0
319850,319856,319858,2,6
319850,319856,319858,2,6
319850,319850,319859,9,0
319850,319850,319859,9,0
319850,319850,319859,9,0
319850,319855,319858,3,5
319850,319850,319859,9,0
319850,319850,319858,8,0
319850,319850,319858,8,0
319850,319850,319860,10,0
319850,319850,319861,11,0
319850,319850,319861,11,0
319850,319850,319861,11,0
319850,319850,319861,11,0
319850,319850,319865,15,0
319850,319850,319871,21,0
319850,319850,319871,21,0
319850,319850,319872,22,0
319850,319850,319878,28,0
319890,319890,319891,1,0
319890,319890,319891,1,0
319890,319890,319891,1,0
319890,319890,319891,1,0
319890,319890,319891,1,0
319890,319890,319891,1,0
319890,319891,319893,2,1
319890,319891,319892,1,1
319890,319890,319894,4,0
319890,319892,319894,2,2
319890,319892,319894,2,2
319890,319890,319894,4,0
319890,319893,319895,2,3
319890,319890,319895,5,0
319890,319892,319895,3,2
319890,319892,319894,2,2
319890,319893,319895,2,3
319890,319890,319895,5,0
319890,319890,319896,6,0
319890,319890,319896,6,0
319890,319890,319895,5,0
319890,319890,319895,5,0
319890,319890,319895,5,0
319890,319890,319896,6,0
319890,319890,319895,5,0
319890,319890,319895,5,0
319890,319890,319896,6,0
319890,319890,319896,6,0
319890,319894,319896,2,4
319890,319894,319895,1,4
319890,319890,319896,6,0
319890,319890,319896,6,0
319890,319890,319895,5,0
319890,319894,319896,2,4
319890,319890,319896,6,0
319890,319890,319897,7,0
319890,319890,319896,6,0
319890,319890,319897,7,0
319890,319890,319896,6,0
319890,319895,319897,2,5
319890,319895,319897,2,5
319890,319895,319896,1,5
319890,319895,319897,2,5
319890,319895,319897,2,5
319890,319895,319897,2,5
319890,319896,319897,1,6
319890,319896,319897,1,6
319890,319890,319898,8,0
319890,319896,319898,2,6
319890,319896,319898,2,6
319890,319896,319898,2,6
319890,319896,319897,1,6
319890,319896,319897,1,6
319890,319896,319897,1,6
319890,319890,319898,8,0
319890,319890,319897,7,0
319890,319896,319897,1,6
319890,319896,319897,1,6
319890,319896,319897,1,6
319890,319896,319897,1,6
319890,319896,319897,1,6
319890,319896,319897,1,6
319890,319890,319899,9,0
319890,319896,319898,2,6
319890,319890,319898,8,0
319890,319897,319899,2,7
319890,319896,319898,2,6
319890,319896,319898,2,6
319890,319890,319899,9,0
319890,319890,319899,9,0
319890,319890,319899,9,0
319890,319890,319900,10,0
319890,319890,319900,10,0
319890,319890,319900,10,0
319890,319890,319900,10,0
319890,319890,319900,10,0
319890,319890,319901,11,0
319890,319890,319904,14,0
319890,319890,319911,21,0
319922,319922,319923,1,0
319922,319922,319923,1,0
319922,319922,319924,2,0
319922,319922,319923,1,0
319922,319922,319923,1,0
319922,319922,319923,1,0
319922,319922,319925,3,0
319922,319923,319925,2,1
319922,319924,319926,2,2
319922,319924,319926,2,2
319922,319922,319927,5,0
319922,319922,319927,5,0
319922,319922,319927,5,0
319922,319922,319927,5,0
319922,319922,319927,5,0
319922,319924,319927,3,2
319922,319922,319927,5,0
319922,319922,319927,5,0
319922,319925,319927,2,3
319922,319922,319927,5,0
319922,319922,319927,5,0
319922,319924,319927,3,2
319922,319925,319927,2,3
319922,319922,319928,6,0
319922,319922,319928,6,0
319922,319922,319928,6,0
319922,319922,319928,6,0
319922,319922,319928,6,0
319922,319922,319928,6,0
319922,319924,319928,4,2
319922,319926,319928,2,4
319922,319922,319928,6,0
319922,319926,319928,2,4
319922,319922,319928,6,0
319922,319922,319929,7,0
319922,319922,319929,7,0
319922,319927,319929,2,5
319922,319927,319929,2,5
319922,319927,319929,2,5
319922,319927,319929,2,5
319922,319922,319929,7,0
319922,319927,319929,2,5
319922,319928,319929,1,6
319922,319928,319929,1,6
319922,319928,319929,1,6
319922,319928,319929,1,6
319922,319928,319929,1,6
319922,319929,319930,1,7
319922,319922,319930,8,0
319922,319927,319930,3,5
319922,319922,319930,8,0
319922,319922,319930,8,0
319922,319927,319930,3,5
319922,319922,319930,8,0
319922,319928,319930,2,6
319922,319928,319930,2,6
319922,319928,319930,2,6
319922,319928,319930,2,6
319922,319928,319930,2,6
319922,319929,319930,1,7
319922,319929,319930,1,7
319922,319929,319930,1,7
319922,319929,319930,1,7
319922,319922,319931,9,0
319922,319922,319931,9,0
319922,319929,319931,2,7
319922,319922,319931,9,0
319922,319922,319934,12,0
319922,319922,319934,12,0
319922,319922,319935,13,0
319922,319922,319936,14,0
319922,319922,319936,14,0
319922,319922,319937,15,0
319922,319922,319937,15,0
319922,319922,319938,16,0
319922,319922,319939,17,0
319922,319922,319942,20,0
319953,319953,319955,2,0
319953,319953,319955,2,0
319953,319954,319955,1,1
319953,319953,319955,2,0
319953,319954,319955,1,1
319953,319954,319955,1,1
319953,319954,319956,2,1
319953,319955,319956,1,2
319953,319954,319957,3,1
319953,319954,319957,3,1
319953,319954,319957,3,1
319953,319956,319957,1,3
319953,319956,319957,1,3
319953,319955,319957,2,2
319953,319956,319957,1,3
319953,319954,319958,4,1
319953,319954,319958,4,1
319953,319954,319958,4,1
319953,319954,319958,4,1
319953,319954,319958,4,1
319953,319954,319958,4,1
319953,319957,319959,2,4
319953,319954,319958,4,1
319953,319956,319958,2,3
319953,319954,319958,4,1
319953,319954,319959,5,1
319953,319954,319960,6,1
319953,319954,319960,6,1
319953,319959,319960,1,6
319953,319954,319959,5,1
319953,319954,319959,5,1
319953,319957,319959,2,4
319953,319958,319959,1,5
319953,319958,319959,1,5
319953,319958,319959,1,5
319953,319954,319960,6,1
319953,319959,319960,1,6
319953,319954,319960,6,1
319953,319954,319960,6,1
319953,319954,319961,7,1
319953,319958,319961,3,5
319953,319954,319961,7,1
319953,319958,319960,2,5
319953,319960,319961,1,7
319953,319954,319960,6,1
319953,319959,319960,1,6
319953,319959,319960,1,6
319953,319960,319961,1,7
319953,319959,319960,1,6
319953,319959,319960,1,6
319953,319960,319961,1,7
319953,319958,319961,3,5
319953,319954,319961,7,1
319953,319960,319961,1,7
319953,319959,319961,2,6
319953,319959,319962,3,6
319953,319960,319961,1,7
319953,319960,319961,1,7
319953,319960,319961,1,7
319953,319960,319961,1,7
319953,319954,319961,7,1
319953,319960,319961,1,7
319953,319954,319962,8,1
319953,319954,319962,8,1
319953,319954,319962,8,1
319953,319958,319962,4,5
319953,319959,319962,3,6
319953,319960,319962,2,7
319953,319954,319962,8,1
319953,319954,319962,8,1
319953,319954,319963,9,1
319953,319954,319963,9,1
319953,319954,319963,9,1
319953,319954,319963,9,1
319953,319959,319964,5,6
319953,319954,319963,9,1
319953,319954,319963,9,1
319953,319954,319966,12,1
319953,319954,319968,14,1
319980,319980,319981,1,0
319980,319980,319981,1,0
319980,319980,319981,1,0
319980,319980,319981,1,0
319980,319980,319981,1,0
319980,319980,319981,1,0
319980,319981,319983,2,1
319980,319981,319983,2,1
319980,319980,319984,4,0
319980,319980,319984,4,0
319980,319980,319985,5,0
319980,319980,319985,5,0
319980,319980,319984,4,0
319980,319980,319984,4,0
319980,319980,319985,5,0
319980,319980,319985,5,0
319980,319980,319985,5,0
319980,319982,319985,3,2
319980,319982,319985,3,2
319980,319980,319985,5,0
319980,319980,319985,5,0
319980,319980,319985,5,0
319980,319983,319985,2,3
319980,319982,319985,3,2
319980,319983,319985,2,3
319980,319980,319986,6,0
319980,319980,319986,6,0
319980,319980,319986,6,0
319980,319980,319986,6,0
319980,319980,319986,6,0
319980,319982,319985,3,2
319980,319984,319986,2,4
319980,319980,319987,7,0
319980,319980,319987,7,0
319980,319980,319987,7,0
319980,319985,319987,2,5
319980,319985,319987,2,5
319980,319985,319987,2,5
319980,319985,319987,2,5
319980,319980,319987,7,0
319980,319985,319987,2,5
319980,319980,319987,7,0
319980,319986,319987,1,6
319980,319986,319987,1,6
319980,319986,319987,1,6
319980,319986,319987,1,6
319980,319986,319987,1,6
319980,319987,319988,1,7
319980,319985,319988,3,5
319980,319980,319988,8,0
319980,319984,319988,4,4
319980,319980,319988,8,0
319980,319980,319988,8,0
319980,319980,319988,8,0
319980,319985,319988,3,5
319980,319986,319988,2,6
319980,319986,319987,1,6
319980,319986,319988,2,6
319980,319987,319988,1,7
319980,319980,319988,8,0
319980,319987,319988,1,7
319980,319987,319988,1,7
319980,319980,319988,8,0
319980,319980,319988,8,0
319980,319980,319989,9,0
319980,319985,319989,4,5
319980,319985,319988,3,5
319980,319987,319989,2,7
319980,319980,319989,9,0
319980,319986,319989,3,6
319980,319985,319989,4,5
319980,319987,319989,2,7
319980,319980,319990,10,0
319980,319980,319990,10,0
319980,319980,319991,11,0
319980,319980,319991,11,0
319980,319980,319992,12,0
319980,319980,319992,12,0
319980,319980,319996,16,0
320008,320008,320009,1,0
320008,320008,320009,1,0
320008,320008,320009,1,0
320008,320008,320009,1,0
320008,320008,320010,2,0
320008,320008,320010,2,0
320008,320010,320011,1,2
320008,320010,320011,1,2
320008,320010,320011,1,2
320008,320010,320011,1,2
320008,320009,320012,3,1
320008,320009,320012,3,1
320008,320009,320013,4,1
320008,320009,320013,4,1
320008,320012,320013,1,4
320008,320008,320013,5,0
320008,320012,320013,1,4
320008,320009,320013,4,1
320008,320012,320013,1,4
320008,320012,320013,1,4
320008,320012,320013,1,4
320008,320009,320014,5,1
320008,320009,320014,5,1
320008,320009,320015,6,1
320008,320014,320015,1,6
320008,320009,320014,5,1
320008,320009,320014,5,1
320008,320012,320014,2,4
320008,320009,320015,6,1
320008,320009,320016,7,1
320008,320009,320015,6,1
320008,320014,320015,1,6
320008,320014,320016,2,6
320008,320014,320015,1,6
320008,320015,320016,1,7
320008,320009,320015,6,1
320008,320014,320016,2,6
320008,320015,320016,1,7
320008,320015,320016,1,7
320008,320014,320015,1,6
320008,320015,320016,1,7
320008,320009,320016,7,1
320008,320009,320016,7,1
320008,320009,320016,7,1
320008,320015,320016,1,7
320008,320016,320017,1,8
320008,320009,320016,7,1
320008,320014,320016,2,6
320008,320008,320016,8,0
320008,320014,320016,2,6
320008,320016,320017,1,8
320008,320015,320016,1,7
320008,320009,320018,9,1
320008,320009,320017,8,1
320008,320014,320017,3,6
320008,320016,320017,1,8
320008,320015,320017,2,7
320008,320016,320017,1,8
320008,320008,320017,9,0
320008,320013,320017,4,5
320008,320013,320017,4,5
320008,320008,320017,9,0
320008,320016,320017,1,8
320008,320009,320018,9,1
320008,320008,320019,11,0
320008,320008,320018,10,0
320008,320008,320018,10,0
320008,320008,320018,10,0
320008,320009,320019,10,1
320008,320009,320019,10,1
320008,320008,320019,11,0
320008,320008,320020,12,0
320008,320008,320021,13,0
320008,320009,320022,13,1
320008,320009,320022,13,1
320008,320009,320025,16,1
320008,320008,320028,20,0
320039,320039,320040,1,0
320039,320039,320040,1,0
320039,320039,320040,1,0
320039,320039,320041,2,0
320039,320039,320040,1,0
320039,320039,320040,1,0
320039,320039,320042,3,0
320039,320040,320042,2,1
320039,320041,320043,2,2
320039,320041,320042,1,2
320039,320041,320043,2,2
320039,320039,320043,4,0
320039,320039,320044,5,0
320039,320039,320043,4,0
320039,320039,320044,5,0
320039,320039,320044,5,0
320039,320039,320044,5,0
320039,320039,320044,5,0
320039,320039,320043,4,0
320039,320039,320044,5,0
320039,320042,320044,2,3
320039,320041,320043,2,2
320039,320041,320043,2,2
320039,320039,320044,5,0
320039,320039,320045,6,0
320039,320039,320045,6,0
320039,320039,320044,5,0
320039,320039,320045,6,0
320039,320043,320045,2,4
320039,320039,320045,6,0
320039,320042,320045,3,3
320039,320039,320045,6,0
320039,320039,320045,6,0
320039,320043,320045,2,4
320039,320039,320045,6,0
320039,320039,320045,6,0
320039,320039,320046,7,0
320039,320039,320045,6,0
320039,320043,320046,3,4
320039,320044,320046,2,5
320039,320039,320045,6,0
320039,320044,320046,2,5
320039,320044,320046,2,5
320039,320045,320046,1,6
320039,320039,320047,8,0
320039,320039,320047,8,0
320039,320045,320047,2,6
320039,320039,320046,7,0
320039,320039,320047,8,0
320039,320045,320047,2,6
320039,320045,320047,2,6
320039,320045,320047,2,6
320039,320045,320047,2,6
320039,320039,320046,7,0
320039,320045,320046,1,6
320039,320045,320046,1,6
320039,320039,320047,8,0
320039,320046,320047,1,7
320039,320039,320047,8,0
320039,320039,320048,9,0
320039,320044,320047,3,5
320039,320039,320048,9,0
320039,320044,320048,4,5
320039,320044,320048,4,5
320039,320044,320048,4,5
320039,320044,320047,3,5
320039,320044,320047,3,5
320039,320045,320048,3,6
320039,320039,320049,10,0
320039,320045,320048,3,6
320039,320039,320049,10,0
320039,320044,320049,5,5
320039,320039,320049,10,0
320039,320044,320049,5,5
320039,320044,320050,6,5
320039,320039,320050,11,0
320039,320039,320050,11,0
320039,320045,320050,5,6
320039,320039,320052,13,0
320066,320066,320067,1,0
320066,320066,320067,1,0
320066,320066,320068,2,0
320066,320066,320067,1,0
320066,320066,320067,1,0
320066,320066,320067,1,0
320066,320067,320069,2,1
320066,320067,320069,2,1
320066,320066,320070,4,0
320066,320066,320070,4,0
320066,320068,320070,2,2
320066,320068,320070,2,2
320066,320068,320070,2,2
320066,320068,320070,2,2
320066,320066,320070,4,0
320066,320066,320071,5,0
320066,320066,320071,5,0
320066,320066,320071,5,0
320066,320069,320071,2,3
320066,320069,320071,2,3
320066,320066,320072,6,0
320066,320066,320071,5,0
320066,320066,320071,5,0
320066,320066,320072,6,0
320066,320066,320072,6,0
320066,320066,320072,6,0
320066,320066,320072,6,0
320066,320066,320072,6,0
320066,320066,320072,6,0
320066,320066,320072,6,0
320066,320066,320072,6,0
320066,320066,320072,6,0
320066,320066,320072,6,0
320066,320066,320073,7,0
320066,320066,320073,7,0
320066,320066,320073,7,0
320066,320066,320073,7,0
320066,320066,320073,7,0
320066,320066,320073,7,0
320066,320066,320072,6,0
320066,320066,320073,7,0
320066,320066,320073,7,0
320066,320070,320073,3,4
320066,320066,320073,7,0
320066,320070,320073,3,4
320066,320070,320073,3,4
320066,320070,320073,3,4
320066,320071,320073,2,5
320066,320072,320073,1,6
320066,320070,320073,3,4
320066,320071,320073,2,5
320066,320071,320074,3,5
320066,320072,320074,2,6
320066,320072,320074,2,6
320066,320073,320074,1,7
320066,320066,320074,8,0
320066,320072,320074,2,6
320066,320072,320074,2,6
320066,320072,320074,2,6
320066,320072,320075,3,6
320066,320073,320075,2,7
320066,320072,320075,3,6
320066,320072,320075,3,6
320066,320072,320075,3,6
320066,320071,320075,4,5
320066,320071,320075,4,5
320066,320072,320075,3,6
320066,320066,320076,10,0
320066,320066,320075,9,0
320066,320071,320076,5,5
320066,320072,320076,4,6
320066,320066,320077,11,0
320066,320066,320077,11,0
320066,320066,320080,14,0
320066,320066,320081,15,0
320066,320066,320082,16,0
320066,320070,320082,12,4
320066,320066,320085,19,0
320098,320098,320099,1,0
320098,320098,320099,1,0
320098,320098,320099,1,0
320098,320098,320099,1,0
320098,320098,320099,1,0
320098,320098,320099,1,0
320098,320099,320100,1,1
320098,320099,320100,1,1
320098,320098,320102,4,0
320098,320098,320101,3,0
320098,320098,320101,3,0
320098,320100,320101,1,2
320098,320100,320101,1,2
320098,320100,320101,1,2
320098,320100,320101,1,2
320098,320100,320101,1,2
320098,320098,320103,5,0
320098,320098,320103,5,0
320098,320101,320103,2,3
320098,320098,320104,6,0
320098,320098,320104,6,0
320098,320098,320103,5,0
320098,320098,320103,5,0
320098,320098,320104,6,0
320098,320098,320104,6,0
320098,320098,320103,5,0
320098,320098,320104,6,0
320098,320098,320103,5,0
320098,320098,320103,5,0
320098,320102,320104,2,4
320098,320102,320103,1,4
320098,320098,320105,7,0
320098,320098,320105,7,0
320098,320098,320105,7,0
320098,320098,320104,6,0
320098,320098,320104,6,0
320098,320098,320105,7,0
320098,320098,320105,7,0
320098,320098,320104,6,0
320098,320098,320104,6,0
320098,320098,320104,6,0
320098,320102,320105,3,4
320098,320102,320105,3,4
320098,320103,320105,2,5
320098,320102,320104,2,4
320098,320102,320104,2,4
320098,320098,320104,6,0
320098,320104,320105,1,6
320098,320098,320106,8,0
320098,320098,320106,8,0
320098,320103,320105,2,5
320098,320104,320105,1,6
320098,320098,320105,7,0
320098,320104,320106,2,6
320098,320104,320106,2,6
320098,320104,320105,1,6
320098,320104,320105,1,6
320098,320104,320105,1,6
320098,320104,320105,1,6
320098,320105,320107,2,7
320098,320105,320107,2,7
320098,320104,320107,3,6
320098,320098,320107,9,0
320098,320104,320107,3,6
320098,320105,320107,2,7
320098,320098,320106,8,0
320098,320104,320107,3,6
320098,320098,320107,9,0
320098,320102,320108,6,4
320098,320098,320107,9,0
320098,320105,320107,2,7
320098,320098,320108,10,0
320098,320098,320109,11,0
320098,320104,320108,4,6
320098,320098,320110,12,0
320098,320098,320104,6,0
320098,320098,320104,6,0
320098,320102,320107,5,4
320098,320103,320116,13,5
320128,320128,320129,1,0
320128,320128,320129,1,0
320128,320128,320129,1,0
320128,320128,320129,1,0
320128,320128,320129,1,0
320128,320128,320130,2,0
320128,320128,320129,1,0
320128,320129,320131,2,1
320128,320130,320131,1,2
320128,320128,320132,4,0
320128,320130,320132,2,2
320128,320130,320131,1,2
320128,320130,320132,2,2
320128,320129,320132,3,1
320128,320129,320132,3,1
320128,320128,320133,5,0
320128,320128,320133,5,0
320128,320128,320133,5,0
320128,320128,320133,5,0
320128,320128,320133,5,0
320128,320131,320133,2,3
320128,320128,320133,5,0
320128,320131,320133,2,3
320128,320128,320134,6,0
320128,320128,320133,5,0
320128,320128,320134,6,0
320128,320128,320134,6,0
320128,320128,320134,6,0
320128,320128,320133,5,0
320128,320128,320134,6,0
320128,320128,320133,5,0
320128,320132,320134,2,4
320128,320128,320134,6,0
320128,320128,320134,6,0
320128,320132,320134,2,4
320128,320132,320134,2,4
320128,320128,320135,7,0
320128,320128,320135,7,0
320128,320128,320135,7,0
320128,320128,320135,7,0
320128,320132,320135,3,4
320128,320132,320134,2,4
320128,320134,320135,1,6
320128,320134,320135,1,6
320128,320134,320135,1,6
320128,320133,320135,2,5
320128,320133,320135,2,5
320128,320134,320135,1,6
320128,320133,320135,2,5
320128,320133,320135,2,5
320128,320128,320136,8,0
320128,320134,320135,1,6
320128,320134,320136,2,6
320128,320134,320136,2,6
320128,320133,320136,3,5
320128,320134,320136,2,6
320128,320132,320136,4,4
320128,320133,320136,3,5
320128,320128,320136,8,0
320128,320134,320135,1,6
320128,320128,320137,9,0
320128,320128,320137,9,0
320128,320134,320136,2,6
320128,320134,320136,2,6
320128,320128,320137,9,0
320128,320128,320138,10,0
320128,320128,320138,10,0
320128,320133,320137,4,5
320128,320133,320138,5,5
320128,320128,320138,10,0
320128,320128,320139,11,0
320128,320128,320139,11,0
320128,320128,320140,12,0
320128,320128,320139,11,0
320128,320128,320141,13,0
320128,320128,320142,14,0
320128,320128,320143,15,0
320128,320128,320145,17,0
320157,320157,320158,1,0
320157,320157,320158,1,0
320157,320157,320158,1,0
320157,320157,320158,1,0
320157,320157,320158,1,0
320157,320157,320158,1,0
320157,320157,320160,3,0
320157,320157,320161,4,0
320157,320158,320160,2,1
320157,320159,320161,2,2
320157,320159,320161,2,2
320157,320159,320161,2,2
320157,320159,320161,2,2
320157,320159,320160,1,2
320157,320157,320162,5,0
320157,320157,320162,5,0
320157,320160,320162,2,3
320157,320157,320162,5,0
320157,320157,320162,5,0
320157,320157,320163,6,0
320157,320157,320162,5,0
320157,320161,320163,2,4
320157,320157,320163,6,0
320157,320161,320162,1,4
320157,320161,320163,2,4
320157,320157,320163,6,0
320157,320157,320164,7,0
320157,320157,320163,6,0
320157,320157,320164,7,0
320157,320157,320164,7,0
320157,320157,320164,7,0
320157,320157,320164,7,0
320157,320157,320163,6,0
320157,320157,320164,7,0
320157,320157,320163,6,0
320157,320161,320163,2,4
320157,320162,320163,1,5
320157,320162,320163,1,5
320157,320163,320164,1,6
320157,320157,320163,6,0
320157,320161,320163,2,4
320157,320161,320163,2,4
320157,320163,320164,1,6
320157,320157,320164,7,0
320157,320157,320164,7,0
320157,320157,320164,7,0
320157,320157,320164,7,0
320157,320164,320165,1,7
320157,320157,320164,7,0
320157,320163,320164,1,6
320157,320163,320164,1,6
320157,320163,320164,1,6
320157,320157,320165,8,0
320157,320164,320166,2,7
320157,320162,320165,3,5
320157,320164,320166,2,7
320157,320164,320165,1,7
320157,320164,320165,1,7
320157,320163,320165,2,6
320157,320157,320165,8,0
320157,320164,320166,2,7
320157,320163,320165,2,6
320157,320164,320166,2,7
320157,320157,320166,9,0
320157,320157,320166,9,0
320157,320157,320166,9,0
320157,320157,320166,9,0
320157,320163,320166,3,6
320157,320164,320167,3,7
320157,320164,320167,3,7
320157,320164,320166,2,7
320157,320157,320166,9,0
320157,320157,320167,10,0
320157,320157,320168,11,0
320157,320157,320168,11,0
320157,320161,320167,6,4
320157,320157,320167,10,0
320157,320157,320169,12,0
320157,320157,320169,12,0
320182,320182,320183,1,0
320182,320182,320183,1,0
320182,320182,320183,1,0
320182,320182,320183,1,0
320182,320182,320183,1,0
320182,320182,320183,1,0
320182,320182,320184,2,0
320182,320183,320184,1,1
320182,320183,320184,1,1
320182,320183,320184,1,1
320182,320182,320185,3,0
320182,320184,320185,1,2
320182,320184,320185,1,2
320182,320184,320186,2,2
320182,320182,320187,5,0
320182,320182,320186,4,0
320182,320185,320186,1,3
320182,320182,320187,5,0
320182,320182,320188,6,0
320182,320182,320187,5,0
320182,320182,320187,5,0
320182,320185,320187,2,3
320182,320186,320188,2,4
320182,320186,320187,1,4
320182,320185,320187,2,3
320182,320182,320187,5,0
320182,320186,320187,1,4
320182,320182,320189,7,0
320182,320182,320188,6,0
320182,320188,320189,1,6
320182,320187,320189,2,5
320182,320182,320189,7,0
320182,320187,320189,2,5
320182,320182,320188,6,0
320182,320188,320189,1,6
320182,320182,320189,7,0
320182,320188,320189,1,6
320182,320188,320189,1,6
320182,320182,320189,7,0
320182,320182,320189,7,0
320182,320187,320188,1,5
320182,320188,320189,1,6
320182,320185,320188,3,3
320182,320188,320189,1,6
320182,320188,320189,1,6
320182,320182,320190,8,0
320182,320182,320190,8,0
320182,320188,320190,2,6
320182,320182,320189,7,0
320182,320182,320189,7,0
320182,320189,320190,1,7
320182,320182,320189,7,0
320182,320188,320189,1,6
320182,320189,320190,1,7
320182,320189,320190,1,7
320182,320186,320190,4,4
320182,320182,320190,8,0
320182,320188,320190,2,6
320182,320189,320190,1,7
320182,320189,320190,1,7
320182,320189,320190,1,7
320182,320189,320191,2,7
320182,320182,320190,8,0
320182,320182,320191,9,0
320182,320182,320192,10,0
320182,320182,320191,9,0
320182,320182,320191,9,0
320182,320182,320191,9,0
320182,320189,320191,2,7
320182,320182,320192,10,0
320182,320182,320192,10,0
320182,320182,320192,10,0
320182,320182,320192,10,0
320182,320182,320192,10,0
320182,320182,320193,11,0
320182,320182,320195,13,0
320182,320182,320196,14,0
320182,320182,320196,14,0
320182,320182,320199,17,0
320210,320210,320211,1,0
320210,320210,320211,1,0
320210,320210,320211,1,0
320210,320210,320211,1,0
320210,320210,320211,1,0
320210,320210,320211,1,0
320210,320210,320211,1,0
320210,320210,320213,3,0
320210,320210,320213,3,0
320210,320210,320214,4,0
320210,320212,320213,1,2
320210,320212,320213,1,2
320210,320212,320213,1,2
320210,320212,320213,1,2
320210,320210,320214,4,0
320210,320210,320214,4,0
320210,320212,320214,2,2
320210,320212,320214,2,2
320210,320212,320214,2,2
320210,320210,320215,5,0
320210,320210,320216,6,0
320210,320215,320216,1,5
320210,320214,320215,1,4
320210,320210,320216,6,0
320210,320210,320216,6,0
320210,320210,320216,6,0
320210,320210,320216,6,0
320210,320210,320216,6,0
320210,320210,320216,6,0
320210,320214,320216,2,4
320210,320215,320216,1,5
320210,320210,320216,6,0
320210,320214,320216,2,4
320210,320214,320217,3,4
320210,320210,320216,6,0
320210,320215,320216,1,5
320210,320210,320216,6,0
320210,320210,320217,7,0
320210,320215,320216,1,5
320210,320216,320217,1,6
320210,320210,320217,7,0
320210,320210,320217,7,0
320210,320210,320218,8,0
320210,320214,320217,3,4
320210,320210,320217,7,0
320210,320216,320217,1,6
320210,320217,320218,1,7
320210,320214,320217,3,4
320210,320210,320217,7,0
320210,320214,320217,3,4
320210,320216,320217,1,6
320210,320217,320218,1,7
320210,320217,320218,1,7
320210,320217,320218,1,7
320210,320210,320218,8,0
320210,320217,320218,1,7
320210,320210,320218,8,0
320210,320215,320218,3,5
320210,320216,320219,3,6
320210,320217,320218,1,7
320210,320210,320218,8,0
320210,320217,320219,2,7
320210,320210,320218,8,0
320210,320217,320218,1,7
320210,320210,320218,8,0
320210,320210,320218,8,0
320210,320217,320218,1,7
320210,320210,320219,9,0
320210,320217,320218,1,7
320210,320217,320218,1,7
320210,320217,320218,1,7
320210,320210,320219,9,0
320210,320210,320219,9,0
320210,320210,320219,9,0
320210,320210,320219,9,0
320210,320210,320221,11,0
320210,320210,320220,10,0
320210,320210,320221,11,0
320210,320210,320222,12,0
320234,320234,320235,1,0
320234,320234,320235,1,0
320234,320234,320235,1,0
320234,320234,320235,1,0
320234,320234,320235,1,0
320234,320234,320235,1,0
320234,320234,320235,1,0
320234,320234,320238,4,0
320234,320234,320237,3,0
320234,320234,320237,3,0
320234,320236,320238,2,2
320234,320234,320238,4,0
320234,320234,320238,4,0
320234,320236,320238,2,2
320234,320236,320238,2,2
320234,320234,320238,4,0
320234,320236,320239,3,2
320234,320236,320238,2,2
320234,320236,320238,2,2
320234,320234,320239,5,0
320234,320234,320239,5,0
320234,320234,320239,5,0
320234,320234,320239,5,0
320234,320236,320239,3,2
320234,320238,320240,2,4
320234,320239,320240,1,5
320234,320234,320240,6,0
320234,320234,320240,6,0
320234,320234,320240,6,0
320234,320234,320240,6,0
320234,320234,320240,6,0
320234,320234,320240,6,0
320234,320234,320240,6,0
320234,320234,320241,7,0
320234,320239,320240,1,5
320234,320239,320240,1,5
320234,320234,320240,6,0
320234,320234,320240,6,0
320234,320239,320240,1,5
320234,320240,320241,1,6
320234,320234,320240,6,0
320234,320239,320240,1,5
320234,320239,320240,1,5
320234,320240,320241,1,6
320234,320234,320240,6,0
320234,320234,320241,7,0
320234,320241,320242,1,7
320234,320241,320242,1,7
320234,320234,320241,7,0
320234,320240,320242,2,6
320234,320234,320242,8,0
320234,320238,320242,4,4
320234,320238,320241,3,4
320234,320240,320242,2,6
320234,320240,320242,2,6
320234,320234,320241,7,0
320234,320241,320242,1,7
320234,320240,320241,1,6
320234,320240,320241,1,6
320234,320240,320241,1,6
320234,320234,320242,8,0
320234,320241,320242,1,7
320234,320234,320242,8,0
320234,320238,320242,4,4
320234,320241,320243,2,7
320234,320241,320243,2,7
320234,320234,320242,8,0
320234,320241,320243,2,7
320234,320239,320243,4,5
320234,320241,320243,2,7
320234,320234,320243,9,0
320234,320239,320244,5,5
320234,320234,320244,10,0
320234,320234,320245,11,0
320234,320234,320245,11,0
320234,320234,320246,12,0
320234,320234,320246,12,0
320234,320234,320248,14,0
320234,320234,320247,13,0
320259,320259,320260,1,0
320259,320259,320260,1,0
320259,320259,320260,1,0
320259,320259,320260,1,0
320259,320259,320260,1,0
320259,320259,320260,1,0
320259,320259,320260,1,0
320259,320261,320262,1,2
320259,320260,320261,1,1
320259,320260,320261,1,1
320259,320259,320262,3,0
320259,320259,320263,4,0
320259,320259,320262,3,0
320259,320259,320262,3,0
320259,320261,320262,1,2
320259,320261,320262,1,2
320259,320261,320262,1,2
320259,320261,320263,2,2
320259,320259,320264,5,0
320259,320262,320264,2,3
320259,320263,320264,1,4
320259,320262,320264,2,3
320259,320263,320264,1,4
320259,320259,320263,4,0
320259,320262,320264,2,3
320259,320263,320264,1,4
320259,320264,320265,1,5
320259,320259,320264,5,0
320259,320259,320265,6,0
320259,320259,320264,5,0
320259,320259,320264,5,0
320259,320259,320264,5,0
320259,320264,320265,1,5
320259,320259,320265,6,0
320259,320263,320265,2,4
320259,320264,320265,1,5
320259,320264,320265,1,5
320259,320259,320265,6,0
320259,320264,320265,1,5
320259,320259,320265,6,0
320259,320259,320265,6,0
320259,320259,320265,6,0
320259,320259,320265,6,0
320259,320259,320266,7,0
320259,320259,320266,7,0
320259,320264,320265,1,5
320259,320265,320266,1,6
320259,320259,320266,7,0
320259,320259,320266,7,0
320259,320264,320265,1,5
320259,320263,320265,2,4
320259,320265,320266,1,6
320259,320265,320266,1,6
320259,320264,320265,1,5
320259,320259,320267,8,0
320259,320259,320267,8,0
320259,320263,320266,3,4
320259,320259,320266,7,0
320259,320259,320266,7,0
320259,320263,320267,4,4
320259,320259,320266,7,0
320259,320265,320266,1,6
320259,320259,320267,8,0
320259,320259,320266,7,0
320259,320259,320266,7,0
320259,320263,320267,4,4
320259,320259,320267,8,0
320259,320265,320267,2,6
320259,320259,320267,8,0
320259,320259,320267,8,0
320259,320265,320267,2,6
320259,320265,320267,2,6
320259,320265,320267,2,6
320259,320265,320267,2,6
320259,320259,320270,11,0
320259,320259,320271,12,0
320259,320259,320270,11,0
320259,320259,320271,12,0
320259,320259,320274,15,0
320286,320286,320287,1,0
320286,320286,320287,1,0
320286,320286,320288,2,0
320286,320286,320287,1,0
320286,320286,320288,2,0
320286,320286,320287,1,0
320286,320286,320288,2,0
320286,320287,320289,2,1
320286,320287,320289,2,1
320286,320286,320290,4,0
320286,320286,320290,4,0
320286,320288,320290,2,2
320286,320288,320290,2,2
320286,320288,320290,2,2
320286,320286,320291,5,0
320286,320288,320291,3,2
320286,320286,320291,5,0
320286,320289,320291,2,3
320286,320289,320291,2,3
320286,320289,320291,2,3
320286,320286,320291,5,0
320286,320286,320292,6,0
320286,320286,320292,6,0
320286,320286,320292,6,0
320286,320286,320292,6,0
320286,320286,320292,6,0
320286,320290,320292,2,4
320286,320290,320291,1,4
320286,320286,320292,6,0
320286,320290,320292,2,4
320286,320291,320292,1,5
320286,320286,320292,6,0
320286,320286,320292,6,0
320286,320286,320293,7,0
320286,320286,320293,7,0
320286,320286,320293,7,0
320286,320291,320293,2,5
320286,320291,320293,2,5
320286,320286,320293,7,0
320286,320292,320293,1,6
320286,320286,320293,7,0
320286,320293,320294,1,7
320286,320293,320294,1,7
320286,320292,320293,1,6
320286,320292,320294,2,6
320286,320286,320294,8,0
320286,320292,320294,2,6
320286,320286,320294,8,0
320286,320286,320293,7,0
320286,320290,320294,4,4
320286,320286,320294,8,0
320286,320292,320294,2,6
320286,320292,320294,2,6
320286,320293,320294,1,7
320286,320286,320294,8,0
320286,320293,320294,1,7
320286,320293,320294,1,7
320286,320286,320294,8,0
320286,320286,320294,8,0
320286,320293,320294,1,7
320286,320293,320294,1,7
320286,320293,320294,1,7
320286,320286,320295,9,0
320286,320286,320295,9,0
320286,320286,320295,9,0
320286,320293,320295,2,7
320286,320286,320295,9,0
320286,320290,320295,5,4
320286,320286,320295,9,0
320286,320292,320295,3,6
320286,320286,320295,9,0
320286,320286,320297,11,0
320286,320286,320298,12,0
320286,320286,320298,12,0
320286,320286,320299,13,0
320286,320286,320298,12,0
320286,320286,320302,16,0
320313,320313,320315,2,0
320313,320313,320315,2,0
320313,320313,320314,1,0
320313,320313,320315,2,0
320313,320313,320315,2,0
320313,320313,320315,2,0
320313,320313,320316,3,0
320313,320313,320317,4,0
320313,320316,320318,2,3
320313,320316,320318,2,3
320313,320316,320317,1,3
320313,320316,320317,1,3
320313,320314,320318,4,1
320313,320314,320318,4,1
320313,320314,320318,4,1
320313,320316,320318,2,3
320313,320316,320318,2,3
320313,320317,320318,1,4
320313,320313,320318,5,0
320313,320313,320318,5,0
320313,320313,320319,6,0
320313,320313,320319,6,0
320313,320313,320319,6,0
320313,320313,320319,6,0
320313,320313,320319,6,0
320313,320313,320319,6,0
320313,320318,320319,1,5
320313,320318,320319,1,5
320313,320313,320320,7,0
320313,320318,320319,1,5
320313,320318,320319,1,5
320313,320313,320320,7,0
320313,320313,320319,6,0
320313,320318,320319,1,5
320313,320313,320320,7,0
320313,320313,320320,7,0
320313,320313,320320,7,0
320313,320319,320320,1,6
320313,320319,320320,1,6
320313,320319,320320,1,6
320313,320320,320321,1,7
320313,320320,320321,1,7
320313,320313,320320,7,0
320313,320319,320320,1,6
320313,320319,320320,1,6
320313,320320,320321,1,7
320313,320320,320321,1,7
320313,320319,320320,1,6
320313,320319,320320,1,6
320313,320320,320321,1,7
320313,320313,320321,8,0
320313,320313,320321,8,0
320313,320313,320321,8,0
320313,320314,320321,7,1
320313,320313,320321,8,0
320313,320319,320321,2,6
320313,320313,320321,8,0
320313,320313,320321,8,0
320313,320320,320322,2,7
320313,320313,320321,8,0
320313,320320,320321,1,7
320313,320320,320321,1,7
320313,320320,320321,1,7
320313,320320,320321,1,7
320313,320320,320321,1,7
320313,320320,320321,1,7
320313,320320,320321,1,7
320313,320313,320322,9,0
320313,320321,320322,1,8
320313,320313,320322,9,0
320313,320313,320323,10,0
320313,320320,320322,2,7
320313,320313,320322,9,0
320313,320313,320323,10,0
320313,320313,320324,11,0
320313,320313,320323,10,0
320313,320313,320324,11,0
320313,320313,320325,12,0
320313,320313,320326,13,0
320337,320337,320339,2,0
320337,320337,320339,2,0
320337,320337,320338,1,0
320337,320337,320339,2,0
320337,320337,320339,2,0
320337,320337,320339,2,0
320337,320337,320339,2,0
320337,320340,320341,1,3
320337,320340,320341,1,3
320337,320340,320341,1,3
320337,320340,320341,1,3
320337,320340,320341,1,3
320337,320340,320341,1,3
320337,320338,320342,4,1
320337,320337,320342,5,0
320337,320337,320342,5,0
320337,320337,320343,6,0
320337,320337,320342,5,0
320337,320340,320342,2,3
320337,320342,320343,1,5
320337,320337,320342,5,0
320337,320337,320342,5,0
320337,320337,320342,5,0
320337,320338,320343,5,1
320337,320338,320343,5,1
320337,320337,320343,6,0
320337,320338,320343,5,1
320337,320337,320343,6,0
320337,320342,320343,1,5
320337,320337,320343,6,0
320337,320342,320343,1,5
320337,320337,320343,6,0
320337,320337,320343,6,0
320337,320342,320343,1,5
320337,320337,320343,6,0
320337,320342,320343,1,5
320337,320343,320344,1,6
320337,320343,320344,1,6
320337,320343,320344,1,6
320337,320343,320344,1,6
320337,320338,320344,6,1
320337,320337,320344,7,0
320337,320338,320344,6,1
320337,320343,320344,1,6
320337,320343,320344,1,6
320337,320344,320345,1,7
320337,320343,320344,1,6
320337,320344,320345,1,7
320337,320343,320344,1,6
320337,320344,320345,1,7
320337,320344,320345,1,7
320337,320342,320344,2,5
320337,320337,320345,8,0
320337,320343,320344,1,6
320337,320344,320345,1,7
320337,320337,320345,8,0
320337,320338,320345,7,1
320337,320343,320345,2,6
320337,320337,320345,8,0
320337,320338,320345,7,1
320337,320344,320345,1,7
320337,320344,320346,2,7
320337,320344,320345,1,7
320337,320344,320345,1,7
320337,320344,320345,1,7
320337,320337,320346,9,0
320337,320338,320346,8,1
320337,320337,320347,10,0
320337,320337,320346,9,0
320337,320344,320346,2,7
320337,320337,320347,10,0
320337,320338,320346,8,1
320337,320344,320346,2,7
320337,320337,320346,9,0
320337,320338,320346,8,1
320337,320337,320346,9,0
320337,320337,320347,10,0
320337,320337,320347,10,0
320337,320337,320349,12,0
320360,320360,320361,1,0
320360,320360,320361,1,0
320360,320360,320361,1,0
320360,320360,320362,2,0
320360,320360,320361,1,0
320360,320360,320361,1,0
320360,320361,320363,2,1
320360,320360,320363,3,0
320360,320361,320363,2,1
320360,320360,320364,4,0
320360,320362,320364,2,2
320360,320360,320364,4,0
320360,320362,320364,2,2
320360,320360,320364,4,0
320360,320362,320364,2,2
320360,320362,320364,2,2
320360,320360,320364,4,0
320360,320364,320365,1,4
320360,320363,320365,2,3
320360,320364,320365,1,4
320360,320360,320364,4,0
320360,320363,320365,2,3
320360,320360,320365,5,0
320360,320360,320365,5,0
320360,320360,320365,5,0
320360,320363,320365,2,3
320360,320360,320366,6,0
320360,320360,320366,6,0
320360,320360,320366,6,0
320360,320360,320366,6,0
320360,320360,320366,6,0
320360,320364,320365,1,4
320360,320365,320366,1,5
320360,320364,320366,2,4
320360,320364,320366,2,4
320360,320365,320366,1,5
320360,320360,320366,6,0
320360,320364,320365,1,4
320360,320365,320366,1,5
320360,320365,320366,1,5
320360,320360,320367,7,0
320360,320364,320366,2,4
320360,320360,320367,7,0
320360,320360,320367,7,0
320360,320360,320366,6,0
320360,320365,320367,2,5
320360,320365,320366,1,5
320360,320365,320367,2,5
320360,320365,320367,2,5
320360,320365,320367,2,5
320360,320360,320367,7,0
320360,320365,320367,2,5
320360,320367,320368,1,7
320360,320360,320368,8,0
320360,320366,320368,2,6
320360,320360,320368,8,0
320360,320366,320368,2,6
320360,320360,320369,9,0
320360,320360,320369,9,0
320360,320360,320369,9,0
320360,320360,320369,9,0
320360,320360,320369,9,0
320360,320360,320369,9,0
320360,320366,320369,3,6
320360,320360,320368,8,0
320360,320360,320368,8,0
320360,320360,320369,9,0
320360,320360,320369,9,0
320360,320360,320370,10,0
320360,320360,320370,10,0
320360,320360,320369,9,0
320360,320360,320371,11,0
320360,320360,320371,11,0
320360,320360,320372,12,0
320383,320384,320385,1,1
320383,320384,320385,1,1
320383,320384,320385,1,1
320383,320384,320385,1,1
320383,320384,320385,1,1
320383,320383,320385,2,0
320383,320384,320386,2,1
320383,320384,320387,3,1
320383,320384,320387,3,1
320383,320386,320387,1,3
320383,320386,320387,1,3
320383,320384,320388,4,1
320383,320386,320387,1,3
320383,320386,320387,1,3
320383,320386,320387,1,3
320383,320384,320388,4,1
320383,320384,320388,4,1
320383,320384,320388,4,1
320383,320384,320388,4,1
320383,320388,320389,1,5
320383,320386,320388,2,3
320383,320388,320389,1,5
320383,320388,320389,1,5
320383,320387,320389,2,4
320383,320388,320389,1,5
320383,320384,320389,5,1
320383,320384,320389,5,1
320383,320384,320389,5,1
320383,320384,320389,5,1
320383,320384,320389,5,1
320383,320388,320389,1,5
320383,320388,320389,1,5
320383,320384,320390,6,1
320383,320384,320390,6,1
320383,320388,320389,1,5
320383,320389,320390,1,6
320383,320384,320389,5,1
320383,320389,320390,1,6
320383,320384,320390,6,1
320383,320384,320391,7,1
320383,320384,320390,6,1
320383,320384,320390,6,1
320383,320384,320390,6,1
320383,320384,320390,6,1
320383,320389,320390,1,6
320383,320389,320390,1,6
320383,320384,320391,7,1
320383,320389,320390,1,6
320383,320389,320390,1,6
320383,320389,320390,1,6
320383,320389,320390,1,6
320383,320389,320390,1,6
320383,320390,320391,1,7
320383,320390,320391,1,7
320383,320384,320392,8,1
320383,320384,320391,7,1
320383,320390,320391,1,7
320383,320390,320391,1,7
320383,320384,320391,7,1
320383,320389,320391,2,6
320383,320390,320391,1,7
320383,320384,320391,7,1
320383,320388,320391,3,5
320383,320390,320391,1,7
320383,320390,320391,1,7
320383,320384,320391,7,1
320383,320390,320391,1,7
320383,320384,320392,8,1
320383,320390,320392,2,7
320383,320390,320392,2,7
320383,320384,320392,8,1
320383,320384,320394,10,1
320383,320384,320393,9,1
320383,320384,320394,10,1
320383,320384,320394,10,1
320383,320384,320394,10,1
320383,320384,320394,10,1
320383,320384,320394,10,1
320383,320384,320396,12,1
320407,320407,320408,1,0
320407,320407,320408,1,0
320407,320407,320408,1,0
320407,320407,320409,2,0
320407,320407,320408,1,0
320407,320407,320408,1,0
320407,320407,320408,1,0
320407,320407,320410,3,0
320407,320407,320411,4,0
320407,320407,320411,4,0
320407,320409,320411,2,2
320407,320409,320411,2,2
320407,320407,320411,4,0
320407,320409,320411,2,2
320407,320409,320411,2,2
320407,320409,320410,1,2
320407,320407,320412,5,0
320407,320407,320411,4,0
320407,320407,320411,4,0
320407,320407,320412,5,0
320407,320407,320412,5,0
320407,320407,320412,5,0
320407,320407,320412,5,0
320407,320409,320411,2,2
320407,320411,320412,1,4
320407,320407,320412,5,0
320407,320409,320412,3,2
320407,320407,320412,5,0
320407,320407,320413,6,0
320407,320411,320413,2,4
320407,320411,320413,2,4
320407,320412,320413,1,5
320407,320407,320412,5,0
320407,320411,320413,2,4
320407,320411,320413,2,4
320407,320407,320412,5,0
320407,320411,320412,1,4
320407,320412,320413,1,5
320407,320407,320413,6,0
320407,320412,320413,1,5
320407,320407,320413,6,0
320407,320407,320414,7,0
320407,320407,320414,7,0
320407,320407,320414,7,0
320407,320407,320414,7,0
320407,320407,320413,6,0
320407,320412,320414,2,5
320407,320413,320414,1,6
320407,320412,320414,2,5
320407,320412,320414,2,5
320407,320407,320414,7,0
320407,320407,320414,7,0
320407,320413,320414,1,6
320407,320413,320414,1,6
320407,320412,320414,2,5
320407,320413,320414,1,6
320407,320412,320414,2,5
320407,320407,320415,8,0
320407,320407,320414,7,0
320407,320411,320415,4,4
320407,320412,320415,3,5
320407,320412,320415,3,5
320407,320413,320415,2,6
320407,320413,320415,2,6
320407,320413,320415,2,6
320407,320411,320416,5,4
320407,320407,320416,9,0
320407,320412,320416,4,5
320407,320407,320416,9,0
320407,320411,320416,5,4
320407,320407,320416,9,0
320407,320407,320416,9,0
320407,320407,320416,9,0
320407,320407,320417,10,0
320407,320407,320418,11,0
320407,320412,320417,5,5
320407,320407,320418,11,0
320407,320407,320419,12,0
320407,320407,320419,12,0
320431,320431,320432,1,0
320431,320431,320432,1,0
320431,320431,320432,1,0
320431,320431,320432,1,0
320431,320431,320432,1,0
320431,320431,320432,1,0
320431,320431,320432,1,0
320431,320432,320433,1,1
320431,320431,320434,3,0
320431,320431,320434,3,0
320431,320431,320434,3,0
320431,320431,320435,4,0
320431,320431,320435,4,0
320431,320433,320435,2,2
320431,320433,320435,2,2
320431,320431,320435,4,0
320431,320431,320435,4,0
320431,320431,320435,4,0
320431,320431,320435,4,0
320431,320433,320436,3,2
320431,320431,320436,5,0
320431,320431,320435,4,0
320431,320431,320435,4,0
320431,320433,320435,2,2
320431,320433,320435,2,2
320431,320431,320435,4,0
320431,320431,320436,5,0
320431,320433,320435,2,2
320431,320431,320437,6,0
320431,320431,320437,6,0
320431,320431,320436,5,0
320431,320431,320436,5,0
320431,320435,320436,1,4
320431,320434,320436,2,3
320431,320431,320437,6,0
320431,320435,320437,2,4
320431,320436,320437,1,5
320431,320435,320436,1,4
320431,320431,320437,6,0
320431,320435,320436,1,4
320431,320436,320437,1,5
320431,320431,320437,6,0
320431,320431,320438,7,0
320431,320435,320437,2,4
320431,320431,320437,6,0
320431,320431,320438,7,0
320431,320431,320437,6,0
320431,320435,320437,2,4
320431,320436,320438,2,5
320431,320431,320437,6,0
320431,320436,320437,1,5
320431,320437,320438,1,6
320431,320436,320437,1,5
320431,320436,320437,1,5
320431,320436,320437,1,5
320431,320436,320437,1,5
320431,320431,320437,6,0
320431,320431,320437,6,0
320431,320436,320437,1,5
320431,320437,320438,1,6
320431,320437,320438,1,6
320431,320431,320438,7,0
320431,320436,320438,2,5
320431,320437,320438,1,6
320431,320431,320438,7,0
320431,320435,320439,4,4
320431,320436,320439,3,5
320431,320431,320438,7,0
320431,320436,320438,2,5
320431,320437,320438,1,6
320431,320431,320440,9,0
320431,320436,320439,3,5
320431,320437,320439,2,6
320431,320437,320439,2,6
320431,320431,320439,8,0
320431,320431,320440,9,0
320431,320431,320440,9,0
320431,320431,320441,10,0
320431,320431,320449,18,0
320461,320461,320462,1,0
320461,320461,320462,1,0
320461,320461,320463,2,0
320461,320461,320463,2,0
320461,320461,320463,2,0
320461,320461,320463,2,0
320461,320461,320462,1,0
320461,320461,320462,1,0
320461,320461,320463,2,0
320461,320461,320464,3,0
320461,320461,320464,3,0
320461,320461,320464,3,0
320461,320461,320464,3,0
320461,320461,320465,4,0
320461,320461,320464,3,0
320461,320461,320465,4,0
320461,320461,320465,4,0
320461,320463,320465,2,2
320461,320462,320465,3,1
320461,320463,320465,2,2
320461,320463,320466,3,2
320461,320463,320466,3,2
320461,320461,320466,5,0
320461,320461,320466,5,0
320461,320463,320466,3,2
320461,320463,320466,3,2
320461,320464,320466,2,3
320461,320464,320466,2,3
320461,320464,320466,2,3
320461,320463,320466,3,2
320461,320464,320466,2,3
320461,320465,320466,1,4
320461,320461,320467,6,0
320461,320461,320467,6,0
320461,320461,320467,6,0
320461,320461,320467,6,0
320461,320461,320467,6,0
320461,320461,320467,6,0
320461,320461,320467,6,0
320461,320461,320467,6,0
320461,320465,320467,2,4
320461,320466,320467,1,5
320461,320461,320467,6,0
320461,320465,320467,2,4
320461,320461,320467,6,0
320461,320465,320466,1,4
320461,320461,320468,7,0
320461,320461,320467,6,0
320461,320465,320468,3,4
320461,320465,320468,3,4
320461,320466,320467,1,5
320461,320466,320468,2,5
320461,320461,320468,7,0
320461,320461,320468,7,0
320461,320467,320468,1,6
320461,320467,320468,1,6
320461,320461,320468,7,0
320461,320467,320468,1,6
320461,320467,320468,1,6
320461,320461,320469,8,0
320461,320461,320469,8,0
320461,320461,320469,8,0
320461,320467,320469,2,6
320461,320461,320469,8,0
320461,320461,320469,8,0
320461,320461,320470,9,0
320461,320465,320470,5,4
320461,320467,320470,3,6
320461,320467,320470,3,6
320461,320461,320470,9,0
320461,320461,320470,9,0
320461,320461,320470,9,0
320461,320461,320471,10,0
320461,320463,320471,8,2
320461,320466,320471,5,5
320461,320466,320472,6,5
320484,320484,320485,1,0
320484,320484,320485,1,0
320484,320484,320485,1,0
320484,320484,320485,1,0
320484,320484,320485,1,0
320484,320484,320485,1,0
320484,320484,320487,3,0
320484,320484,320486,2,0
320484,320484,320486,2,0
320484,320484,320488,4,0
320484,320486,320487,1,2
320484,320484,320489,5,0
320484,320484,320488,4,0
320484,320484,320488,4,0
320484,320486,320488,2,2
320484,320484,320489,5,0
320484,320486,320488,2,2
320484,320486,320489,3,2
320484,320488,320489,1,4
320484,320486,320488,2,2
320484,320487,320488,1,3
320484,320484,320489,5,0
320484,320486,320489,3,2
320484,320484,320489,5,0
320484,320484,320490,6,0
320484,320484,320489,5,0
320484,320484,320489,5,0
320484,320484,320489,5,0
320484,320489,320490,1,5
320484,320484,320490,6,0
320484,320489,320490,1,5
320484,320489,320490,1,5
320484,320489,320490,1,5
320484,320484,320491,7,0
320484,320484,320490,6,0
320484,320489,320490,1,5
320484,320484,320490,6,0
320484,320484,320490,6,0
320484,320489,320490,1,5
320484,320489,320490,1,5
320484,320490,320491,1,6
320484,320490,320491,1,6
320484,320484,320491,7,0
320484,320484,320491,7,0
320484,320484,320491,7,0
320484,320489,320491,2,5
320484,320484,320491,7,0
320484,320484,320492,8,0
320484,320490,320491,1,6
320484,320490,320491,1,6
320484,320488,320491,3,4
320484,320487,320491,4,3
320484,320484,320492,8,0
320484,320484,320492,8,0
320484,320491,320492,1,7
320484,320484,320492,8,0
320484,320490,320491,1,6
320484,320491,320492,1,7
320484,320490,320491,1,6
320484,320484,320491,7,0
320484,320484,320492,8,0
320484,320484,320492,8,0
320484,320489,320492,3,5
320484,320484,320492,8,0
320484,320490,320493,3,6
320484,320491,320492,1,7
320484,320487,320493,6,3
320484,320484,320493,9,0
320484,320484,320493,9,0
320484,320489,320493,4,5
320484,320490,320494,4,6
320484,320491,320493,2,7
320484,320484,320494,10,0
320484,320484,320495,11,0
320484,320490,320494,4,6
320484,320484,320495,11,0
320484,320490,320495,5,6
320484,320484,320496,12,0
320484,320484,320497,13,0
320509,320509,320510,1,0
320509,320509,320510,1,0
320509,320509,320510,1,0
320509,320509,320510,1,0
320509,320509,320510,1,0
320509,320509,320511,2,0
320509,320509,320510,1,0
320509,320510,320511,1,1
320509,320511,320512,1,2
320509,320510,320511,1,1
320509,320511,320512,1,2
320509,320509,320512,3,0
320509,320509,320513,4,0
320509,320509,320513,4,0
320509,320511,320512,1,2
320509,320511,320512,1,2
320509,320512,320513,1,3
320509,320511,320512,1,2
320509,320512,320513,1,3
320509,320509,320513,4,0
320509,320509,320514,5,0
320509,320509,320514,5,0
320509,320512,320514,2,3
320509,320512,320514,2,3
320509,320509,320514,5,0
320509,320513,320514,1,4
320509,320509,320515,6,0
320509,320513,320515,2,4
320509,320509,320515,6,0
320509,320509,320514,5,0
320509,320513,320515,2,4
320509,320509,320515,6,0
320509,320509,320515,6,0
320509,320509,320515,6,0
320509,320513,320515,2,4
320509,320513,320514,1,4
320509,320509,320514,5,0
320509,320513,320515,2,4
320509,320509,320516,7,0
320509,320513,320516,3,4
320509,320513,320516,3,4
320509,320514,320516,2,5
320509,320509,320516,7,0
320509,320509,320516,7,0
320509,320514,320516,2,5
320509,320515,320516,1,6
320509,320515,320516,1,6
320509,320515,320516,1,6
320509,320514,320516,2,5
320509,320514,320516,2,5
320509,320509,320516,7,0
320509,320509,320517,8,0
320509,320514,320517,3,5
320509,320509,320517,8,0
320509,320509,320517,8,0
320509,320509,320517,8,0
320509,320514,320517,3,5
320509,320514,320517,3,5
320509,320515,320516,1,6
320509,320509,320517,8,0
320509,320515,320516,1,6
320509,320509,320517,8,0
320509,320509,320517,8,0
320509,320515,320517,2,6
320509,320515,320518,3,6
320509,320509,320518,9,0
320509,320515,320517,2,6
320509,320509,320518,9,0
320509,320515,320517,2,6
320509,320509,320518,9,0
320509,320509,320517,8,0
320509,320509,320519,10,0
320509,320509,320519,10,0
320509,320509,320518,9,0
320509,320509,320519,10,0
320509,320509,320520,11,0
320509,320509,320521,12,0
320509,320509,320523,14,0
320509,320509,320523,14,0
320534,320534,320536,2,0
320534,320534,320536,2,0
320534,320534,320535,1,0
320534,320534,320535,1,0
320534,320534,320536,2,0
320534,320534,320536,2,0
320534,320534,320536,2,0
320534,320534,320536,2,0
320534,320534,320538,4,0
320534,320534,320538,4,0
320534,320534,320538,4,0
320534,320534,320538,4,0
320534,320536,320538,2,2
320534,320534,320538,4,0
320534,320536,320538,2,2
320534,320536,320538,2,2
320534,320534,320538,4,0
320534,320534,320539,5,0
320534,320534,320539,5,0
320534,320536,320539,3,2
320534,320536,320539,3,2
320534,320538,320539,1,4
320534,320536,320539,3,2
320534,320536,320539,3,2
320534,320536,320539,3,2
320534,320534,320540,6,0
320534,320538,320540,2,4
320534,320534,320540,6,0
320534,320534,320540,6,0
320534,320534,320540,6,0
320534,320534,320540,6,0
320534,320534,320540,6,0
320534,320534,320541,7,0
320534,320539,320540,1,5
320534,320534,320540,6,0
320534,320534,320540,6,0
320534,320540,320541,1,6
320534,320534,320540,6,0
320534,320538,320540,2,4
320534,320534,320541,7,0
320534,320538,320541,3,4
320534,320534,320541,7,0
320534,320538,320541,3,4
320534,320538,320541,3,4
320534,320540,320541,1,6
320534,320540,320541,1,6
320534,320540,320541,1,6
320534,320534,320541,7,0
320534,320541,320542,1,7
320534,320540,320541,1,6
320534,320540,320541,1,6
320534,320534,320541,7,0
320534,320540,320541,1,6
320534,320534,320542,8,0
320534,320534,320542,8,0
320534,320534,320541,7,0
320534,320539,320542,3,5
320534,320534,320542,8,0
320534,320534,320542,8,0
320534,320541,320542,1,7
320534,320541,320542,1,7
320534,320541,320542,1,7
320534,320534,320542,8,0
320534,320541,320542,1,7
320534,320540,320543,3,6
320534,320534,320543,9,0
320534,320539,320543,4,5
320534,320540,320543,3,6
320534,320534,320543,9,0
320534,320540,320543,3,6
320534,320534,320544,10,0
320534,320534,320544,10,0
320534,320534,320544,10,0
320534,320534,320545,11,0
320534,320534,320545,11,0
320534,320534,320547,13,0
320558,320558,320560,2,0
320558,320558,320559,1,0
320558,320558,320559,1,0
320558,320558,320559,1,0
320558,320558,320559,1,0
320558,320558,320559,1,0
320558,320558,320561,3,0
320558,320558,320560,2,0
320558,320558,320562,4,0
320558,320558,320562,4,0
320558,320558,320562,4,0
320558,320558,320561,3,0
320558,320560,320562,2,2
320558,320560,320561,1,2
320558,320560,320561,1,2
320558,320560,320562,2,2
320558,320560,320562,2,2
320558,320560,320562,2,2
320558,320558,320561,3,0
320558,320558,320562,4,0
320558,320558,320563,5,0
320558,320558,320564,6,0
320558,320562,320564,2,4
320558,320558,320563,5,0
320558,320558,320564,6,0
320558,320558,320564,6,0
320558,320562,320563,1,4
320558,320558,320564,6,0
320558,320561,320564,3,3
320558,320558,320563,5,0
320558,320558,320564,6,0
320558,320562,320563,1,4
320558,320562,320564,2,4
320558,320562,320564,2,4
320558,320562,320563,1,4
320558,320558,320564,6,0
320558,320558,320564,6,0
320558,320562,320565,3,4
320558,320558,320564,6,0
320558,320561,320564,3,3
320558,320562,320565,3,4
320558,320563,320564,1,5
320558,320562,320565,3,4
320558,320564,320565,1,6
320558,320558,320566,8,0
320558,320558,320565,7,0
320558,320563,320565,2,5
320558,320562,320565,3,4
320558,320558,320566,8,0
320558,320564,320565,1,6
320558,320564,320566,2,6
320558,320564,320566,2,6
320558,320564,320565,1,6
320558,320564,320565,1,6
320558,320564,320566,2,6
320558,320558,320566,8,0
320558,320564,320565,1,6
320558,320564,320566,2,6
320558,320564,320566,2,6
320558,320558,320566,8,0
320558,320564,320565,1,6
320558,320558,320566,8,0
320558,320564,320565,1,6
320558,320564,320565,1,6
320558,320564,320565,1,6
320558,320558,320567,9,0
320558,320558,320567,9,0
320558,320562,320567,5,4
320558,320558,320567,9,0
320558,320558,320567,9,0
320558,320558,320567,9,0
320558,320558,320567,9,0
320558,320558,320568,10,0
320558,320558,320568,10,0
320558,320558,320569,11,0
320558,320558,320569,11,0
320558,320558,320569,11,0
320558,320558,320571,13,0
320558,320558,320571,13,0
320583,320583,320584,1,0
320583,320583,320584,1,0
320583,320583,320584,1,0
320583,320583,320584,1,0
320583,320583,320584,1,0
320583,320583,320585,2,0
320583,320583,320586,3,0
320583,320584,320585,1,1
320583,320583,320586,3,0
320583,320583,320586,3,0
320583,320585,320586,1,2
320583,320583,320586,3,0
320583,320583,320586,3,0
320583,320585,320586,1,2
320583,320583,320586,3,0
320583,320585,320587,2,2
320583,320583,320587,4,0
320583,320585,320587,2,2
320583,320583,320587,4,0
320583,320585,320587,2,2
320583,320583,320588,5,0
320583,320583,320587,4,0
320583,320583,320587,4,0
320583,320583,320588,5,0
320583,320586,320587,1,3
320583,320583,320589,6,0
320583,320583,320588,5,0
320583,320583,320588,5,0
320583,320583,320588,5,0
320583,320583,320588,5,0
320583,320587,320588,1,4
320583,320583,320588,5,0
320583,320583,320589,6,0
320583,320583,320588,5,0
320583,320583,320588,5,0
320583,320587,320589,2,4
320583,320583,320588,5,0
320583,320587,320588,1,4
320583,320583,320590,7,0
320583,320583,320589,6,0
320583,320587,320589,2,4
320583,320583,320589,6,0
320583,320586,320589,3,3
320583,320583,320589,6,0
320583,320588,320589,1,5
320583,320588,320589,1,5
320583,320588,320589,1,5
320583,320588,320589,1,5
320583,320588,320589,1,5
320583,320583,320591,8,0
320583,320583,320590,7,0
320583,320587,320591,4,4
320583,320588,320590,2,5
320583,320589,320590,1,6
320583,320589,320590,1,6
320583,320583,320590,7,0
320583,320587,320590,3,4
320583,320587,320590,3,4
320583,320588,320590,2,5
320583,320587,320590,3,4
320583,320588,320590,2,5
320583,320589,320590,1,6
320583,320589,320590,1,6
320583,320589,320590,1,6
320583,320583,320591,8,0
320583,320589,320590,1,6
320583,320589,320591,2,6
320583,320583,320591,8,0
320583,320588,320591,3,5
320583,320589,320591,2,6
320583,320589,320591,2,6
320583,320583,320591,8,0
320583,320583,320592,9,0
320583,320583,320591,8,0
320583,320589,320592,3,6
320583,320583,320592,9,0
320583,320583,320595,12,0
320583,320583,320595,12,0
320583,320583,320595,12,0
320607,320607,320609,2,0
320607,320607,320609,2,0
320607,320607,320609,2,0
320607,320607,320609,2,0
320607,320607,320609,2,0
320607,320607,320609,2,0
320607,320607,320610,3,0
320607,320607,320610,3,0
320607,320607,320611,4,0
320607,320607,320611,4,0
320607,320607,320611,4,0
320607,320607,320610,3,0
320607,320607,320611,4,0
320607,320607,320611,4,0
320607,320607,320611,4,0
320607,320607,320611,4,0
320607,320609,320611,2,2
320607,320609,320611,2,2
320607,320609,320612,3,2
320607,320607,320612,5,0
320607,320609,320612,3,2
320607,320607,320612,5,0
320607,320607,320612,5,0
320607,320607,320612,5,0
320607,320607,320612,5,0
320607,320607,320612,5,0
320607,320609,320612,3,2
320607,320607,320613,6,0
320607,320611,320613,2,4
320607,320607,320613,6,0
320607,320607,320612,5,0
320607,320609,320613,4,2
320607,320607,320613,6,0
320607,320612,320613,1,5
320607,320610,320614,4,3
320607,320607,320613,6,0
320607,320607,320613,6,0
320607,320607,320613,6,0
320607,320612,320613,1,5
320607,320607,320614,7,0
320607,320607,320614,7,0
320607,320613,320614,1,6
320607,320607,320614,7,0
320607,320607,320614,7,0
320607,320607,320614,7,0
320607,320613,320614,1,6
320607,320613,320614,1,6
320607,320613,320614,1,6
320607,320613,320614,1,6
320607,320607,320615,8,0
320607,320611,320615,4,4
320607,320611,320615,4,4
320607,320607,320615,8,0
320607,320607,320615,8,0
320607,320613,320615,2,6
320607,320614,320615,1,7
320607,320607,320615,8,0
320607,320613,320615,2,6
320607,320614,320615,1,7
320607,320614,320615,1,7
320607,320614,320615,1,7
320607,320611,320615,4,4
320607,320613,320615,2,6
320607,320611,320615,4,4
320607,320611,320615,4,4
320607,320613,320615,2,6
320607,320611,320615,4,4
320607,320611,320615,4,4
320607,320613,320615,2,6
320607,320614,320615,1,7
320607,320607,320615,8,0
320607,320614,320615,1,7
320607,320607,320615,8,0
320607,320607,320616,9,0
320607,320610,320616,6,3
320607,320607,320618,11,0
320607,320607,320619,12,0
320607,320607,320619,12,0
320631,320631,320632,1,0
320631,320631,320632,1,0
320631,320631,320632,1,0
320631,320631,320632,1,0
320631,320631,320633,2,0
320631,320631,320632,1,0
320631,320631,320634,3,0
320631,320631,320635,4,0
320631,320631,320635,4,0
320631,320631,320635,4,0
320631,320631,320635,4,0
320631,320631,320634,3,0
320631,320631,320634,3,0
320631,320633,320635,2,2
320631,320633,320635,2,2
320631,320631,320635,4,0
320631,320633,320635,2,2
320631,320631,320635,4,0
320631,320633,320635,2,2
320631,320633,320635,2,2
320631,320633,320635,2,2
320631,320631,320635,4,0
320631,320631,320635,4,0
320631,320631,320636,5,0
320631,320631,320636,5,0
320631,320631,320636,5,0
320631,320631,320636,5,0
320631,320631,320636,5,0
320631,320631,320636,5,0
320631,320631,320636,5,0
320631,320631,320636,5,0
320631,320631,320636,5,0
320631,320631,320636,5,0
320631,320631,320637,6,0
320631,320631,320637,6,0
320631,320635,320637,2,4
320631,320635,320637,2,4
320631,320635,320637,2,4
320631,320635,320637,2,4
320631,320631,320637,6,0
320631,320631,320637,6,0
320631,320635,320637,2,4
320631,320631,320637,6,0
320631,320635,320637,2,4
320631,320635,320637,2,4
320631,320631,320637,6,0
320631,320631,320637,6,0
320631,320631,320637,6,0
320631,320631,320638,7,0
320631,320634,320638,4,3
320631,320635,320638,3,4
320631,320636,320638,2,5
320631,320631,320638,7,0
320631,320631,320638,7,0
320631,320631,320638,7,0
320631,320636,320638,2,5
320631,320637,320638,1,6
320631,320636,320637,1,5
320631,320636,320638,2,5
320631,320635,320638,3,4
320631,320635,320638,3,4
320631,320636,320638,2,5
320631,320635,320638,3,4
320631,320636,320638,2,5
320631,320636,320637,1,5
320631,320631,320638,7,0
320631,320637,320639,2,6
320631,320637,320639,2,6
320631,320631,320639,8,0
320631,320635,320639,4,4
320631,320635,320639,4,4
320631,320636,320639,3,5
320631,320636,320639,3,5
320631,320636,320640,4,5
320631,320636,320640,4,5
320631,320631,320640,9,0
320631,320631,320641,10,0
320631,320631,320643,12,0
320631,320635,320651,16,4
320663,320663,320664,1,0
320663,320663,320664,1,0
320663,320663,320664,1,0
320663,320663,320665,2,0
320663,320663,320665,2,0
320663,320663,320665,2,0
320663,320664,320666,2,1
320663,320664,320666,2,1
320663,320664,320666,2,1
320663,320664,320666,2,1
320663,320664,320667,3,1
320663,320664,320667,3,1
320663,320664,320667,3,1
320663,320663,320667,4,0
320663,320666,320667,1,3
320663,320665,320667,2,2
320663,320665,320667,2,2
320663,320664,320668,4,1
320663,320666,320667,1,3
320663,320664,320668,4,1
320663,320667,320668,1,4
320663,320664,320668,4,1
320663,320664,320668,4,1
320663,320664,320668,4,1
320663,320664,320668,4,1
320663,320664,320668,4,1
320663,320665,320668,3,2
320663,320664,320669,5,1
320663,320664,320669,5,1
320663,320664,320669,5,1
320663,320664,320669,5,1
320663,320664,320669,5,1
320663,320664,320669,5,1
320663,320664,320669,5,1
320663,320666,320669,3,3
320663,320669,320670,1,6
320663,320669,320670,1,6
320663,320664,320669,5,1
320663,320664,320669,5,1
320663,320668,320669,1,5
320663,320664,320669,5,1
320663,320668,320670,2,5
320663,320668,320669,1,5
320663,320668,320669,1,5
320663,320668,320669,1,5
320663,320664,320670,6,1
320663,320664,320670,6,1
320663,320664,320670,6,1
320663,320664,320670,6,1
320663,320667,320670,3,4
320663,320667,320670,3,4
320663,320667,320670,3,4
320663,320669,320670,1,6
320663,320669,320670,1,6
320663,320670,320671,1,7
320663,320669,320670,1,6
320663,320669,320670,1,6
320663,320664,320670,6,1
320663,320670,320671,1,7
320663,320668,320670,2,5
320663,320669,320670,1,6
320663,320668,320671,3,5
320663,320668,320671,3,5
320663,320670,320672,2,7
320663,320670,320672,2,7
320663,320668,320671,3,5
320663,320669,320671,2,6
320663,320670,320671,1,7
320663,320663,320672,9,0
320663,320664,320672,8,1
320663,320670,320672,2,7
320663,320670,320672,2,7
320663,320664,320672,8,1
320663,320670,320672,2,7
320663,320664,320672,8,1
320663,320664,320673,9,1
320663,320663,320674,11,0
320663,320664,320675,11,1
320663,320663,320675,12,0
320686,320686,320687,1,0
320686,320686,320688,2,0
320686,320686,320688,2,0
320686,320686,320688,2,0
320686,320686,320688,2,0
320686,320686,320687,1,0
320686,320686,320690,4,0
320686,320686,320690,4,0
320686,320686,320690,4,0
320686,320686,320690,4,0
320686,320687,320690,3,1
320686,320686,320691,5,0
320686,320686,320690,4,0
320686,320686,320691,5,0
320686,320686,320691,5,0
320686,320686,320690,4,0
320686,320688,320691,3,2
320686,320686,320691,5,0
320686,320688,320691,3,2
320686,320686,320691,5,0
320686,320686,320691,5,0
320686,320686,320691,5,0
320686,320688,320691,3,2
320686,320688,320691,3,2
320686,320686,320692,6,0
320686,320686,320692,6,0
320686,320686,320692,6,0
320686,320686,320692,6,0
320686,320686,320692,6,0
320686,320686,320692,6,0
320686,320690,320692,2,4
320686,320686,320692,6,0
320686,320686,320692,6,0
320686,320688,320692,4,2
320686,320686,320693,7,0
320686,320686,320693,7,0
320686,320686,320693,7,0
320686,320691,320693,2,5
320686,320686,320693,7,0
320686,320686,320693,7,0
320686,320692,320693,1,6
320686,320686,320693,7,0
320686,320692,320693,1,6
320686,320692,320693,1,6
320686,320692,320693,1,6
320686,320692,320693,1,6
320686,320692,320693,1,6
320686,320692,320693,1,6
320686,320692,320693,1,6
320686,320692,320693,1,6
320686,320686,320693,7,0
320686,320686,320694,8,0
320686,320690,320693,3,4
320686,320690,320694,4,4
320686,320686,320694,8,0
320686,320690,320694,4,4
320686,320691,320694,3,5
320686,320691,320694,3,5
320686,320693,320695,2,7
320686,320692,320694,2,6
320686,320693,320694,1,7
320686,320693,320694,1,7
320686,320693,320694,1,7
320686,320693,320694,1,7
320686,320686,320694,8,0
320686,320686,320695,9,0
320686,320686,320695,9,0
320686,320692,320695,3,6
320686,320692,320695,3,6
320686,320686,320695,9,0
320686,320693,320695,2,7
320686,320692,320695,3,6
320686,320693,320696,3,7
320686,320686,320696,10,0
320686,320686,320697,11,0
320686,320686,320697,11,0
320686,320686,320698,12,0
320710,320710,320711,1,0
320710,320710,320711,1,0
320710,320710,320712,2,0
320710,320710,320712,2,0
320710,320710,320712,2,0
320710,320710,320712,2,0
320710,320710,320714,4,0
320710,320710,320714,4,0
320710,320710,320714,4,0
320710,320712,320714,2,2
320710,320712,320714,2,2
320710,320712,320714,2,2
320710,320710,320714,4,0
320710,320710,320714,4,0
320710,320710,320715,5,0
320710,320711,320715,4,1
320710,320710,320715,5,0
320710,320710,320714,4,0
320710,320710,320715,5,0
320710,320710,320715,5,0
320710,320710,320715,5,0
320710,320712,320715,3,2
320710,320710,320716,6,0
320710,320710,320716,6,0
320710,320712,320716,4,2
320710,320714,320716,2,4
320710,320710,320715,5,0
320710,320710,320716,6,0
320710,320710,320716,6,0
320710,320710,320716,6,0
320710,320710,320716,6,0
320710,320714,320716,2,4
320710,320714,320716,2,4
320710,320714,320716,2,4
320710,320710,320717,7,0
320710,320710,320717,7,0
320710,320710,320716,6,0
320710,320710,320717,7,0
320710,320710,320717,7,0
320710,320710,320717,7,0
320710,320715,320717,2,5
320710,320710,320717,7,0
320710,320717,320718,1,7
320710,320715,320717,2,5
320710,320715,320717,2,5
320710,320710,320717,7,0
320710,320716,320717,1,6
320710,320710,320718,8,0
320710,320710,320718,8,0
320710,320715,320718,3,5
320710,320710,320718,8,0
320710,320715,320718,3,5
320710,320716,320718,2,6
320710,320716,320718,2,6
320710,320716,320718,2,6
320710,320716,320718,2,6
320710,320717,320718,1,7
320710,320710,320718,8,0
320710,320715,320718,3,5
320710,320715,320718,3,5
320710,320710,320718,8,0
320710,320717,320718,1,7
320710,320717,320718,1,7
320710,320710,320719,9,0
320710,320717,320719,2,7
320710,320710,320719,9,0
320710,320716,320719,3,6
320710,320714,320719,5,4
320710,320716,320719,3,6
320710,320710,320719,9,0
320710,320716,320720,4,6
320710,320714,320720,6,4
320710,320710,320720,10,0
320710,320715,320720,5,5
320710,320710,320720,10,0
320710,320715,320721,6,5
320710,320710,320721,11,0
320710,320710,320721,11,0
320734,320734,320735,1,0
320734,320734,320735,1,0
320734,320734,320736,2,0
320734,320734,320735,1,0
320734,320734,320736,2,0
320734,320734,320735,1,0
320734,320734,320737,3,0
320734,320736,320737,1,2
320734,320734,320737,3,0
320734,320734,320738,4,0
320734,320734,320738,4,0
320734,320734,320738,4,0
320734,320734,320738,4,0
320734,320734,320738,4,0
320734,320736,320738,2,2
320734,320736,320738,2,2
320734,320734,320738,4,0
320734,320734,320739,5,0
320734,320734,320738,4,0
320734,320734,320738,4,0
320734,320734,320739,5,0
320734,320734,320739,5,0
320734,320736,320739,3,2
320734,320737,320739,2,3
320734,320734,320739,5,0
320734,320736,320738,2,2
320734,320734,320739,5,0
320734,320734,320739,5,0
320734,320734,320739,5,0
320734,320736,320739,3,2
320734,320737,320739,2,3
320734,320734,320739,5,0
320734,320734,320740,6,0
320734,320734,320740,6,0
320734,320734,320740,6,0
320734,320738,320740,2,4
320734,320734,320740,6,0
320734,320734,320740,6,0
320734,320734,320740,6,0
320734,320734,320740,6,0
320734,320738,320740,2,4
320734,320734,320740,6,0
320734,320738,320741,3,4
320734,320734,320741,7,0
320734,320738,320741,3,4
320734,320740,320741,1,6
320734,320740,320741,1,6
320734,320734,320741,7,0
320734,320738,320741,3,4
320734,320740,320741,1,6
320734,320740,320741,1,6
320734,320734,320741,7,0
320734,320740,320741,1,6
320734,320740,320741,1,6
320734,320740,320741,1,6
320734,320740,320741,1,6
320734,320740,320741,1,6
320734,320740,320741,1,6
320734,320734,320741,7,0
320734,320734,320742,8,0
320734,320734,320742,8,0
320734,320740,320742,2,6
320734,320734,320742,8,0
320734,320739,320742,3,5
320734,320738,320742,4,4
320734,320739,320742,3,5
320734,320734,320742,8,0
320734,320740,320742,2,6
320734,320740,320742,2,6
320734,320738,320743,5,4
320734,320734,320744,10,0
320734,320738,320743,5,4
320734,320739,320743,4,5
320734,320739,320744,5,5
320734,320739,320744,5,5
320734,320734,320745,11,0
320734,320734,320745,11,0
320734,320734,320746,12,0
320758,320758,320759,1,0
320758,320758,320759,1,0
320758,320758,320759,1,0
320758,320758,320759,1,0
320758,320758,320760,2,0
320758,320758,320759,1,0
320758,320758,320760,2,0
320758,320759,320761,2,1
320758,320758,320761,3,0
320758,320758,320762,4,0
320758,320758,320762,4,0
320758,320758,320762,4,0
320758,320758,320762,4,0
320758,320760,320762,2,2
320758,320758,320762,4,0
320758,320759,320761,2,1
320758,320759,320761,2,1
320758,320760,320762,2,2
320758,320758,320762,4,0
320758,320758,320763,5,0
320758,320758,320763,5,0
320758,320758,320763,5,0
320758,320758,320762,4,0
320758,320758,320763,5,0
320758,320758,320762,4,0
320758,320758,320763,5,0
320758,320760,320762,2,2
320758,320758,320763,5,0
320758,320758,320763,5,0
320758,320758,320763,5,0
320758,320758,320764,6,0
320758,320758,320763,5,0
320758,320758,320763,5,0
320758,320758,320763,5,0
320758,320762,320764,2,4
320758,320758,320764,6,0
320758,320761,320764,3,3
320758,320763,320764,1,5
320758,320762,320764,2,4
320758,320762,320764,2,4
320758,320763,320764,1,5
320758,320758,320765,7,0
320758,320758,320764,6,0
320758,320758,320764,6,0
320758,320762,320765,3,4
320758,320758,320764,6,0
320758,320758,320765,7,0
320758,320762,320765,3,4
320758,320763,320764,1,5
320758,320758,320765,7,0
320758,320758,320764,6,0
320758,320761,320764,3,3
320758,320764,320765,1,6
320758,320763,320765,2,5
320758,320758,320765,7,0
320758,320764,320765,1,6
320758,320764,320765,1,6
320758,320758,320765,7,0
320758,320763,320766,3,5
320758,320758,320766,8,0
320758,320763,320766,3,5
320758,320764,320766,2,6
320758,320758,320765,7,0
320758,320758,320765,7,0
320758,320762,320765,3,4
320758,320762,320765,3,4
320758,320762,320765,3,4
320758,320764,320765,1,6
320758,320764,320765,1,6
320758,320762,320767,5,4
320758,320758,320767,9,0
320758,320758,320767,9,0
320758,320763,320767,4,5
320758,320763,320766,3,5
320758,320763,320767,4,5
320758,320764,320766,2,6
320758,320758,320768,10,0
320758,320763,320767,4,5
320758,320761,320767,6,3
320779,320779,320780,1,0
320779,320779,320780,1,0
320779,320779,320780,1,0
320779,320779,320780,1,0
320779,320779,320780,1,0
320779,320779,320780,1,0
320779,320780,320783,3,1
320779,320780,320783,3,1
320779,320780,320783,3,1
320779,320779,320783,4,0
320779,320779,320783,4,0
320779,320780,320783,3,1
320779,320780,320783,3,1
320779,320780,320783,3,1
320779,320779,320784,5,0
320779,320779,320784,5,0
320779,320779,320784,5,0
320779,320779,320785,6,0
320779,320779,320785,6,0
320779,320779,320785,6,0
320779,320779,320785,6,0
320779,320779,320785,6,0
320779,320779,320785,6,0
320779,320779,320785,6,0
320779,320779,320785,6,0
320779,320784,320785,1,5
320779,320779,320786,7,0
320779,320779,320786,7,0
320779,320779,320786,7,0
320779,320784,320786,2,5
320779,320779,320786,7,0
320779,320779,320786,7,0
320779,320779,320786,7,0
320779,320783,320786,3,4
320779,320779,320786,7,0
320779,320784,320786,2,5
320779,320784,320786,2,5
320779,320784,320786,2,5
320779,320785,320786,1,6
320779,320785,320786,1,6
320779,320783,320786,3,4
320779,320779,320786,7,0
320779,320784,320786,2,5
320779,320784,320786,2,5
320779,320779,320787,8,0
320779,320779,320787,8,0
320779,320779,320787,8,0
320779,320779,320787,8,0
320779,320786,320787,1,7
320779,320779,320787,8,0
320779,320787,320788,1,8
320779,320786,320787,1,7
320779,320786,320787,1,7
320779,320786,320787,1,7
320779,320779,320787,8,0
320779,320786,320787,1,7
320779,320779,320788,9,0
320779,320779,320788,9,0
320779,320779,320788,9,0
320779,320779,320787,8,0
320779,320786,320788,2,7
320779,320785,320788,3,6
320779,320785,320788,3,6
320779,320785,320788,3,6
320779,320787,320788,1,8
320779,320787,320788,1,8
320779,320787,320788,1,8
320779,320785,320789,4,6
320779,320787,320789,2,8
320779,320787,320789,2,8
320779,320787,320789,2,8
320779,320787,320789,2,8
320779,320779,320790,11,0
320779,320779,320791,12,0
320779,320779,320791,12,0
320779,320779,320793,14,0
320779,320779,320794,15,0
320779,320779,320795,16,0
320779,320779,320796,17,0
320807,320807,320808,1,0
320807,320807,320808,1,0
320807,320807,320808,1,0
320807,320807,320808,1,0
320807,320807,320809,2,0
320807,320807,320808,1,0
320807,320807,320809,2,0
320807,320807,320810,3,0
320807,320807,320810,3,0
320807,320807,320810,3,0
320807,320808,320810,2,1
320807,320807,320809,2,0
320807,320807,320809,2,0
320807,320807,320810,3,0
320807,320808,320810,2,1
320807,320807,320810,3,0
320807,320807,320810,3,0
320807,320807,320810,3,0
320807,320807,320810,3,0
320807,320807,320810,3,0
320807,320807,320811,4,0
320807,320808,320810,2,1
320807,320810,320811,1,3
320807,320807,320811,4,0
320807,320807,320812,5,0
320807,320807,320812,5,0
320807,320809,320811,2,2
320807,320809,320812,3,2
320807,320809,320812,3,2
320807,320810,320812,2,3
320807,320809,320812,3,2
320807,320807,320813,6,0
320807,320811,320813,2,4
320807,320807,320813,6,0
320807,320807,320813,6,0
320807,320810,320813,3,3
320807,320807,320813,6,0
320807,320811,320813,2,4
320807,320810,320812,2,3
320807,320807,320813,6,0
320807,320811,320813,2,4
320807,320812,320813,1,5
320807,320810,320812,2,3
320807,320811,320813,2,4
320807,320807,320814,7,0
320807,320811,320813,2,4
320807,320811,320814,3,4
320807,320807,320814,7,0
320807,320807,320813,6,0
320807,320807,320814,7,0
320807,320807,320814,7,0
320807,320811,320814,3,4
320807,320807,320814,7,0
320807,320812,320814,2,5
320807,320812,320814,2,5
320807,320812,320814,2,5
320807,320812,320814,2,5
320807,320812,320813,1,5
320807,320811,320815,4,4
320807,320810,320815,5,3
320807,320812,320815,3,5
320807,320813,320814,1,6
320807,320810,320815,5,3
320807,320813,320815,2,6
320807,320807,320815,8,0
320807,320807,320815,8,0
320807,320807,320816,9,0
320807,320810,320815,5,3
320807,320807,320816,9,0
320807,320812,320815,3,5
320807,320813,320816,3,6
320807,320813,320816,3,6
320807,320807,320816,9,0
320807,320807,320816,9,0
320807,320807,320816,9,0
320807,320807,320823,16,0
320807,320807,320823,16,0
320807,320807,320825,18,0
320807,320807,320828,21,0
320840,320840,320841,1,0
320840,320840,320841,1,0
320840,320840,320841,1,0
320840,320840,320841,1,0
320840,320840,320841,1,0
320840,320840,320841,1,0
320840,320840,320841,1,0
320840,320840,320842,2,0
320840,320840,320842,2,0
320840,320840,320842,2,0
320840,320841,320842,1,1
320840,320840,320843,3,0
320840,320841,320842,1,1
320840,320840,320843,3,0
320840,320841,320842,1,1
320840,320840,320843,3,0
320840,320840,320843,3,0
320840,320840,320843,3,0
320840,320842,320844,2,2
320840,320840,320843,3,0
320840,320840,320843,3,0
320840,320840,320843,3,0
320840,320840,320843,3,0
320840,320842,320844,2,2
320840,320840,320844,4,0
320840,320840,320844,4,0
320840,320840,320844,4,0
320840,320840,320844,4,0
320840,320842,320844,2,2
320840,320840,320845,5,0
320840,320840,320844,4,0
320840,320840,320844,4,0
320840,320840,320844,4,0
320840,320844,320845,1,4
320840,320842,320844,2,2
320840,320843,320845,2,3
320840,320843,320844,1,3
320840,320843,320844,1,3
320840,320840,320845,5,0
320840,320844,320846,2,4
320840,320844,320845,1,4
320840,320844,320845,1,4
320840,320843,320846,3,3
320840,320845,320846,1,5
320840,320843,320845,2,3
320840,320844,320845,1,4
320840,320840,320846,6,0
320840,320845,320846,1,5
320840,320840,320846,6,0
320840,320845,320846,1,5
320840,320844,320846,2,4
320840,320844,320846,2,4
320840,320840,320847,7,0
320840,320840,320846,6,0
320840,320845,320846,1,5
320840,320845,320846,1,5
320840,320840,320846,6,0
320840,320844,320846,2,4
320840,320840,320846,6,0
320840,320844,320846,2,4
320840,320840,320847,7,0
320840,320845,320846,1,5
320840,320845,320847,2,5
320840,320843,320848,5,3
320840,320840,320847,7,0
320840,320843,320847,4,3
320840,320845,320848,3,5
320840,320840,320847,7,0
320840,320845,320847,2,5
320840,320845,320847,2,5
320840,320840,320847,7,0
320840,320840,320847,7,0
320840,320843,320849,6,3
320840,320840,320849,9,0
320840,320840,320851,11,0
320840,320840,320859,19,0
320840,320840,320860,20,0
320840,320845,320860,15,5
320840,320840,320861,21,0
320873,320873,320874,1,0
320873,320873,320874,1,0
320873,320873,320874,1,0
320873,320873,320874,1,0
320873,320873,320874,1,0
320873,320873,320874,1,0
320873,320875,320876,1,2
320873,320873,320876,3,0
320873,320873,320875,2,0
320873,320873,320876,3,0
320873,320875,320876,1,2
320873,320874,320875,1,1
320873,320873,320876,3,0
320873,320874,320876,2,1
320873,320874,320876,2,1
320873,320873,320877,4,0
320873,320873,320877,4,0
320873,320873,320876,3,0
320873,320873,320877,4,0
320873,320875,320876,1,2
320873,320873,320877,4,0
320873,320876,320877,1,3
320873,320876,320877,1,3
320873,320873,320877,4,0
320873,320876,320877,1,3
320873,320873,320878,5,0
320873,320876,320877,1,3
320873,320876,320877,1,3
320873,320876,320877,1,3
320873,320876,320878,2,3
320873,320876,320877,1,3
320873,320873,320879,6,0
320873,320873,320878,5,0
320873,320873,320879,6,0
320873,320873,320878,5,0
320873,320873,320878,5,0
320873,320873,320878,5,0
320873,320876,320879,3,3
320873,320873,320879,6,0
320873,320873,320878,5,0
320873,320873,320878,5,0
320873,320873,320878,5,0
320873,320873,320879,6,0
320873,320877,320878,1,4
320873,320877,320878,1,4
320873,320873,320879,6,0
320873,320873,320879,6,0
320873,320877,320878,1,4
320873,320878,320879,1,5
320873,320877,320878,1,4
320873,320878,320879,1,5
320873,320877,320878,1,4
320873,320873,320879,6,0
320873,320873,320879,6,0
320873,320877,320879,2,4
320873,320877,320879,2,4
320873,320873,320880,7,0
320873,320878,320879,1,5
320873,320878,320879,1,5
320873,320873,320880,7,0
320873,320877,320880,3,4
320873,320878,320880,2,5
320873,320878,320880,2,5
320873,320878,320879,1,5
320873,320873,320881,8,0
320873,320879,320881,2,6
320873,320879,320881,2,6
320873,320879,320881,2,6
320873,320873,320881,8,0
320873,320878,320880,2,5
320873,320873,320882,9,0
320873,320873,320882,9,0
320873,320879,320881,2,6
320873,320873,320882,9,0
320873,320873,320883,10,0
320873,320873,320882,9,0
320873,320873,320883,10,0
320873,320873,320882,9,0
320873,320873,320884,11,0
320895,320895,320896,1,0
320895,320895,320897,2,0
320895,320895,320897,2,0
320895,320895,320896,1,0
320895,320895,320897,2,0
320895,320895,320896,1,0
320895,320895,320897,2,0
320895,320895,320898,3,0
320895,320895,320898,3,0
320895,320897,320899,2,2
320895,320897,320899,2,2
320895,320897,320899,2,2
320895,320897,320899,2,2
320895,320897,320899,2,2
320895,320897,320899,2,2
320895,320897,320899,2,2
320895,320895,320900,5,0
320895,320895,320900,5,0
320895,320895,320900,5,0
320895,320895,320900,5,0
320895,320899,320900,1,4
320895,320895,320900,5,0
320895,320900,320901,1,5
320895,320895,320901,6,0
320895,320895,320901,6,0
320895,320895,320901,6,0
320895,320895,320901,6,0
320895,320895,320901,6,0
320895,320895,320901,6,0
320895,320895,320901,6,0
320895,320895,320901,6,0
320895,320900,320901,1,5
320895,320900,320901,1,5
320895,320895,320901,6,0
320895,320895,320901,6,0
320895,320895,320901,6,0
320895,320901,320902,1,6
320895,320901,320902,1,6
320895,320895,320901,6,0
320895,320895,320901,6,0
320895,320900,320901,1,5
320895,320895,320902,7,0
320895,320900,320902,2,5
320895,320895,320902,7,0
320895,320901,320902,1,6
320895,320895,320902,7,0
320895,320901,320902,1,6
320895,320901,320902,1,6
320895,320901,320902,1,6
320895,320901,320902,1,6
320895,320901,320902,1,6
320895,320901,320902,1,6
320895,320895,320903,8,0
320895,320901,320903,2,6
320895,320901,320903,2,6
320895,320895,320903,8,0
320895,320901,320903,2,6
320895,320899,320903,4,4
320895,320901,320903,2,6
320895,320895,320903,8,0
320895,320901,320903,2,6
320895,320895,320903,8,0
320895,320902,320903,1,7
320895,320901,320904,3,6
320895,320902,320904,2,7
320895,320901,320904,3,6
320895,320895,320905,10,0
320895,320895,320905,10,0
320895,320895,320905,10,0
320895,320895,320906,11,0
320895,320895,320906,11,0
320895,320895,320906,11,0
320895,320895,320907,12,0
320895,320895,320908,13,0
320895,320895,320907,12,0
320895,320895,320910,15,0
320921,320921,320922,1,0
320921,320921,320922,1,0
320921,320921,320922,1,0
320921,320921,320922,1,0
320921,320921,320922,1,0
320921,320921,320922,1,0
320921,320923,320924,1,2
320921,320921,320924,3,0
320921,320921,320925,4,0
320921,320923,320925,2,2
320921,320921,320924,3,0
320921,320923,320925,2,2
320921,320923,320924,1,2
320921,320923,320925,2,2
320921,320923,320925,2,2
320921,320921,320926,5,0
320921,320921,320926,5,0
320921,320921,320926,5,0
320921,320924,320925,1,3
320921,320921,320926,5,0
320921,320921,320927,6,0
320921,320921,320927,6,0
320921,320921,320927,6,0
320921,320921,320927,6,0
320921,320926,320927,1,5
320921,320926,320927,1,5
320921,320921,320927,6,0
320921,320921,320927,6,0
320921,320925,320927,2,4
320921,320921,320927,6,0
320921,320921,320927,6,0
320921,320925,320927,2,4
320921,320921,320927,6,0
320921,320925,320927,2,4
320921,320925,320927,2,4
320921,320925,320926,1,4
320921,320921,320927,6,0
320921,320921,320928,7,0
320921,320921,320928,7,0
320921,320921,320928,7,0
320921,320925,320928,3,4
320921,320921,320927,6,0
320921,320921,320927,6,0
320921,320925,320927,2,4
320921,320921,320928,7,0
320921,320926,320928,2,5
320921,320927,320928,1,6
320921,320921,320928,7,0
320921,320927,320928,1,6
320921,320921,320927,6,0
320921,320927,320928,1,6
320921,320927,320928,1,6
320921,320926,320928,2,5
320921,320926,320928,2,5
320921,320921,320929,8,0
320921,320921,320928,7,0
320921,320927,320929,2,6
320921,320927,320929,2,6
320921,320927,320928,1,6
320921,320927,320928,1,6
320921,320927,320928,1,6
320921,320927,320929,2,6
320921,320927,320929,2,6
320921,320921,320929,8,0
320921,320927,320930,3,6
320921,320921,320929,8,0
320921,320927,320930,3,6
320921,320927,320929,2,6
320921,320921,320931,10,0
320921,320921,320930,9,0
320921,320921,320931,10,0
320921,320927,320931,4,6
320921,320921,320931,10,0
320921,320921,320932,11,0
320921,320921,320932,11,0
320921,320921,320932,11,0
320921,320921,320932,11,0
320921,320925,320933,8,4
320921,320921,320935,14,0
320947,320947,320948,1,0
320947,320947,320948,1,0
320947,320947,320949,2,0
320947,320947,320949,2,0
320947,320947,320948,1,0
320947,320947,320949,2,0
320947,320947,320950,3,0
320947,320948,320950,2,1
320947,320949,320950,1,2
320947,320947,320951,4,0
320947,320947,320951,4,0
320947,320947,320951,4,0
320947,320947,320951,4,0
320947,320947,320950,3,0
320947,320949,320951,2,2
320947,320947,320951,4,0
320947,320949,320951,2,2
320947,320949,320951,2,2
320947,320949,320951,2,2
320947,320947,320952,5,0
320947,320947,320952,5,0
320947,320950,320952,2,3
320947,320947,320952,5,0
320947,320950,320952,2,3
320947,320947,320952,5,0
320947,320947,320952,5,0
320947,320947,320953,6,0
320947,320951,320953,2,4
320947,320947,320953,6,0
320947,320947,320953,6,0
320947,320947,320953,6,0
320947,320947,320953,6,0
320947,320951,320953,2,4
320947,320951,320953,2,4
320947,320951,320953,2,4
320947,320951,320953,2,4
320947,320947,320953,6,0
320947,320950,320954,4,3
320947,320952,320954,2,5
320947,320947,320954,7,0
320947,320947,320954,7,0
320947,320947,320954,7,0
320947,320952,320954,2,5
320947,320951,320954,3,4
320947,320947,320953,6,0
320947,320952,320954,2,5
320947,320953,320954,1,6
320947,320954,320955,1,7
320947,320952,320954,2,5
320947,320954,320955,1,7
320947,320947,320954,7,0
320947,320947,320955,8,0
320947,320947,320955,8,0
320947,320952,320954,2,5
320947,320947,320955,8,0
320947,320951,320955,4,4
320947,320951,320955,4,4
320947,320951,320954,3,4
320947,320952,320955,3,5
320947,320947,320955,8,0
320947,320947,320955,8,0
320947,320953,320955,2,6
320947,320953,320955,2,6
320947,320947,320955,8,0
320947,320953,320955,2,6
320947,320954,320955,1,7
320947,320954,320955,1,7
320947,320954,320955,1,7
320947,320953,320956,3,6
320947,320947,320956,9,0
320947,320947,320957,10,0
320947,320947,320957,10,0
320947,320947,320957,10,0
320947,320947,320957,10,0
320947,320947,320958,11,0
320947,320947,320958,11,0
320947,320947,320969,22,0
320947,320951,320972,21,4
320947,320947,320975,28,0
320987,320987,320989,2,0
320987,320987,320988,1,0
320987,320987,320988,1,0
320987,320987,320988,1,0
320987,320987,320988,1,0
320987,320987,320988,1,0
320987,320987,320990,3,0
320987,320987,320989,2,0
320987,320987,320991,4,0
320987,320989,320991,2,2
320987,320989,320990,1,2
320987,320989,320990,1,2
320987,320989,320991,2,2
320987,320989,320991,2,2
320987,320989,320991,2,2
320987,320987,320992,5,0
320987,320987,320991,4,0
320987,320987,320992,5,0
320987,320987,320992,5,0
320987,320987,320992,5,0
320987,320987,320992,5,0
320987,320987,320991,4,0
320987,320987,320993,6,0
320987,320987,320993,6,0
320987,320987,320993,6,0
320987,320987,320993,6,0
320987,320987,320992,5,0
320987,320987,320992,5,0
320987,320991,320993,2,4
320987,320987,320992,5,0
320987,320991,320992,1,4
320987,320987,320993,6,0
320987,320991,320993,2,4
320987,320987,320992,5,0
320987,320991,320993,2,4
320987,320992,320993,1,5
320987,320990,320992,2,3
320987,320991,320993,2,4
320987,320987,320993,6,0
320987,320987,320994,7,0
320987,320987,320993,6,0
320987,320987,320994,7,0
320987,320991,320993,2,4
320987,320987,320993,6,0
320987,320992,320994,2,5
320987,320993,320994,1,6
320987,320987,320994,7,0
320987,320993,320994,1,6
320987,320992,320994,2,5
320987,320992,320994,2,5
320987,320993,320994,1,6
320987,320991,320993,2,4
320987,320987,320994,7,0
320987,320992,320993,1,5
320987,320987,320995,8,0
320987,320993,320995,2,6
320987,320990,320994,4,3
320987,320987,320995,8,0
320987,320993,320995,2,6
320987,320993,320995,2,6
320987,320993,320994,1,6
320987,320993,320994,1,6
320987,320993,320994,1,6
320987,320993,320995,2,6
320987,320993,320994,1,6
320987,320993,320995,2,6
320987,320987,320996,9,0
320987,320993,320995,2,6
320987,320992,320996,4,5
320987,320992,320995,3,5
320987,320987,320997,10,0
320987,320987,320997,10,0
320987,320987,320997,10,0
320987,320987,320998,11,0
320987,320987,320998,11,0
320987,320987,320998,11,0
320987,320987,321001,14,0
320987,320987,321004,17,0
320987,320987,321006,19,0
321017,321017,321018,1,0
321017,321017,321019,2,0
321017,321017,321018,1,0
321017,321017,321019,2,0
321017,321017,321018,1,0
321017,321017,321018,1,0
321017,321017,321020,3,0
321017,321017,321019,2,0
321017,321017,321020,3,0
321017,321017,321020,3,0
321017,321017,321021,4,0
321017,321019,321021,2,2
321017,321019,321020,1,2
321017,321019,321021,2,2
321017,321017,321022,5,0
321017,321017,321022,5,0
321017,321017,321022,5,0
321017,321017,321022,5,0
321017,321019,321021,2,2
321017,321017,321022,5,0
321017,321017,321021,4,0
321017,321019,321021,2,2
321017,321017,321022,5,0
321017,321017,321022,5,0
321017,321017,321022,5,0
321017,321019,321021,2,2
321017,321017,321022,5,0
321017,321017,321023,6,0
321017,321017,321023,6,0
321017,321017,321023,6,0
321017,321021,321023,2,4
321017,321021,321023,2,4
321017,321022,321023,1,5
321017,321017,321023,6,0
321017,321020,321022,2,3
321017,321017,321023,6,0
321017,321021,321023,2,4
321017,321017,321024,7,0
321017,321017,321024,7,0
321017,321017,321023,6,0
321017,321022,321024,2,5
321017,321022,321024,2,5
321017,321022,321023,1,5
321017,321022,321024,2,5
321017,321022,321023,1,5
321017,321023,321024,1,6
321017,321017,321023,6,0
321017,321022,321024,2,5
321017,321023,321024,1,6
321017,321022,321024,2,5
321017,321022,321024,2,5
321017,321017,321025,8,0
321017,321021,321025,4,4
321017,321017,321025,8,0
321017,321021,321025,4,4
321017,321022,321025,3,5
321017,321023,321024,1,6
321017,321023,321024,1,6
321017,321023,321025,2,6
321017,321023,321025,2,6
321017,321023,321024,1,6
321017,321022,321026,4,5
321017,321017,321026,9,0
321017,321017,321026,9,0
321017,321021,321026,5,4
321017,321017,321026,9,0
321017,321017,321026,9,0
321017,321022,321026,4,5
321017,321023,321025,2,6
321017,321017,321026,9,0
321017,321023,321027,4,6
321017,321020,321027,7,3
321017,321017,321028,11,0
321017,321017,321029,12,0
321017,321017,321029,12,0
321017,321017,321029,12,0
321017,321017,321029,12,0
321017,321017,321029,12,0
321017,321017,321031,14,0
321043,321043,321044,1,0
321043,321043,321044,1,0
321043,321043,321044,1,0
321043,321043,321044,1,0
321043,321043,321044,1,0
321043,321043,321044,1,0
321043,321044,321045,1,1
321043,321044,321046,2,1
321043,321044,321045,1,1
321043,321044,321046,2,1
321043,321043,321047,4,0
321043,321043,321048,5,0
321043,321043,321048,5,0
321043,321043,321047,4,0
321043,321043,321047,4,0
321043,321045,321047,2,2
321043,321043,321047,4,0
321043,321043,321047,4,0
321043,321043,321047,4,0
321043,321043,321047,4,0
321043,321043,321048,5,0
321043,321046,321047,1,3
321043,321045,321047,2,2
321043,321046,321047,1,3
321043,321043,321048,5,0
321043,321043,321048,5,0
321043,321043,321048,5,0
321043,321043,321048,5,0
321043,321043,321049,6,0
321043,321046,321048,2,3
321043,321046,321048,2,3
321043,321048,321049,1,5
321043,321043,321049,6,0
321043,321043,321049,6,0
321043,321043,321049,6,0
321043,321048,321050,2,5
321043,321049,321050,1,6
321043,321049,321050,1,6
321043,321043,321049,6,0
321043,321048,321049,1,5
321043,321049,321050,1,6
321043,321043,321050,7,0
321043,321043,321049,6,0
321043,321048,321049,1,5
321043,321049,321050,1,6
321043,321048,321049,1,5
321043,321048,321049,1,5
321043,321043,321050,7,0
321043,321043,321050,7,0
321043,321047,321050,3,4
321043,321043,321050,7,0
321043,321043,321050,7,0
321043,321043,321050,7,0
321043,321049,321051,2,6
321043,321043,321051,8,0
321043,321050,321051,1,7
321043,321043,321050,7,0
321043,321049,321050,1,6
321043,321049,321050,1,6
321043,321043,321052,9,0
321043,321049,321051,2,6
321043,321048,321051,3,5
321043,321049,321051,2,6
321043,321048,321051,3,5
321043,321048,321051,3,5
321043,321048,321051,3,5
321043,321043,321052,9,0
321043,321043,321051,8,0
321043,321048,321052,4,5
321043,321048,321052,4,5
321043,321050,321052,2,7
321043,321048,321052,4,5
321043,321043,321052,9,0
321043,321043,321052,9,0
321043,321043,321053,10,0
321043,321043,321053,10,0
321043,321043,321054,11,0
321043,321043,321054,11,0
321043,321043,321054,11,0
321067,321067,321068,1,0
321067,321067,321068,1,0
321067,321067,321068,1,0
321067,321067,321068,1,0
321067,321067,321068,1,0
321067,321067,321068,1,0
321067,321068,321070,2,1
321067,321069,321071,2,2
321067,321069,321071,2,2
321067,321069,321070,1,2
321067,321069,321071,2,2
321067,321067,321071,4,0
321067,321067,321071,4,0
321067,321067,321071,4,0
321067,321067,321072,5,0
321067,321067,321072,5,0
321067,321067,321072,5,0
321067,321069,321071,2,2
321067,321071,321072,1,4
321067,321067,321073,6,0
321067,321067,321072,5,0
321067,321067,321073,6,0
321067,321067,321072,5,0
321067,321067,321072,5,0
321067,321067,321072,5,0
321067,321067,321072,5,0
321067,321067,321072,5,0
321067,321071,321072,1,4
321067,321067,321072,5,0
321067,321067,321072,5,0
321067,321071,321073,2,4
321067,321067,321072,5,0
321067,321067,321072,5,0
321067,321071,321073,2,4
321067,321067,321072,5,0
321067,321071,321073,2,4
321067,321067,321073,6,0
321067,321067,321074,7,0
321067,321067,321074,7,0
321067,321067,321073,6,0
321067,321067,321073,6,0
321067,321067,321074,7,0
321067,321067,321073,6,0
321067,321072,321074,2,5
321067,321073,321074,1,6
321067,321072,321073,1,5
321067,321072,321074,2,5
321067,321072,321073,1,5
321067,321073,321074,1,6
321067,321067,321073,6,0
321067,321072,321074,2,5
321067,321067,321074,7,0
321067,321072,321075,3,5
321067,321067,321075,8,0
321067,321067,321075,8,0
321067,321067,321074,7,0
321067,321072,321075,3,5
321067,321073,321074,1,6
321067,321073,321074,1,6
321067,321073,321074,1,6
321067,321073,321074,1,6
321067,321073,321074,1,6
321067,321072,321074,2,5
321067,321073,321074,1,6
321067,321073,321074,1,6
321067,321067,321075,8,0
321067,321067,321076,9,0
321067,321067,321075,8,0
321067,321073,321075,2,6
321067,321067,321075,8,0
321067,321073,321076,3,6
321067,321067,321075,8,0
321067,321067,321076,9,0
321067,321073,321076,3,6
321067,321067,321076,9,0
321067,321073,321077,4,6
321067,321073,321076,3,6
321067,321073,321076,3,6
321067,321073,321076,3,6
321089,321089,321090,1,0
321089,321089,321090,1,0
321089,321089,321090,1,0
321089,321089,321090,1,0
321089,321089,321090,1,0
321089,321089,321090,1,0
321089,321089,321091,2,0
321089,321090,321091,1,1
321089,321089,321092,3,0
321089,321091,321092,1,2
321089,321089,321093,4,0
321089,321091,321092,1,2
321089,321091,321092,1,2
321089,321091,321092,1,2
321089,321091,321092,1,2
321089,321089,321093,4,0
321089,321089,321093,4,0
321089,321089,321094,5,0
321089,321089,321093,4,0
321089,321089,321094,5,0
321089,321089,321093,4,0
321089,321092,321093,1,3
321089,321089,321094,5,0
321089,321089,321094,5,0
321089,321089,321095,6,0
321089,321089,321094,5,0
321089,321089,321094,5,0
321089,321093,321094,1,4
321089,321089,321094,5,0
321089,321089,321095,6,0
321089,321089,321095,6,0
321089,321093,321094,1,4
321089,321094,321095,1,5
321089,321089,321094,5,0
321089,321093,321094,1,4
321089,321089,321094,5,0
321089,321093,321094,1,4
321089,321093,321094,1,4
321089,321089,321095,6,0
321089,321089,321095,6,0
321089,321089,321096,7,0
321089,321089,321095,6,0
321089,321089,321095,6,0
321089,321092,321095,3,3
321089,321089,321096,7,0
321089,321095,321096,1,6
321089,321095,321096,1,6
321089,321095,321096,1,6
321089,321094,321095,1,5
321089,321089,321095,6,0
321089,321094,321095,1,5
321089,321094,321095,1,5
321089,321095,321096,1,6
321089,321095,321096,1,6
321089,321089,321096,7,0
321089,321093,321096,3,4
321089,321094,321096,2,5
321089,321094,321096,2,5
321089,321093,321096,3,4
321089,321095,321097,2,6
321089,321095,321096,1,6
321089,321089,321096,7,0
321089,321089,321096,7,0
321089,321095,321096,1,6
321089,321095,321096,1,6
321089,321095,321096,1,6
321089,321089,321097,8,0
321089,321089,321097,8,0
321089,321095,321097,2,6
321089,321094,321097,3,5
321089,321089,321098,9,0
321089,321089,321098,9,0
321089,321089,321098,9,0
321089,321095,321098,3,6
321089,321095,321098,3,6
321089,321089,321098,9,0
321089,321089,321098,9,0
321089,321089,321098,9,0
321089,321089,321099,10,0
321112,321112,321113,1,0
321112,321112,321113,1,0
321112,321112,321113,1,0
321112,321112,321113,1,0
321112,321112,321113,1,0
321112,321112,321114,2,0
321112,321112,321115,3,0
321112,321112,321116,4,0
321112,321114,321115,1,2
321112,321114,321115,1,2
321112,321114,321115,1,2
321112,321114,321116,2,2
321112,321114,321115,1,2
321112,321112,321116,4,0
321112,321112,321116,4,0
321112,321112,321116,4,0
321112,321115,321116,1,3
321112,321112,321116,4,0
321112,321112,321116,4,0
321112,321112,321116,4,0
321112,321112,321116,4,0
321112,321112,321117,5,0
321112,321112,321117,5,0
321112,321112,321117,5,0
321112,321112,321117,5,0
321112,321112,321117,5,0
321112,321112,321118,6,0
321112,321112,321117,5,0
321112,321112,321117,5,0
321112,321112,321117,5,0
321112,321116,321117,1,4
321112,321112,321118,6,0
321112,321116,321117,1,4
321112,321116,321117,1,4
321112,321112,321117,5,0
321112,321116,321117,1,4
321112,321116,321117,1,4
321112,321112,321118,6,0
321112,321112,321118,6,0
321112,321112,321118,6,0
321112,321116,321118,2,4
321112,321117,321118,1,5
321112,321112,321118,6,0
321112,321117,321118,1,5
321112,321117,321118,1,5
321112,321112,321118,6,0
321112,321117,321118,1,5
321112,321118,321119,1,6
321112,321118,321119,1,6
321112,321112,321119,7,0
321112,321112,321120,8,0
321112,321117,321120,3,5
321112,321117,321119,2,5
321112,321117,321119,2,5
321112,321118,321119,1,6
321112,321118,321119,1,6
321112,321118,321120,2,6
321112,321118,321119,1,6
321112,321118,321119,1,6
321112,321118,321119,1,6
321112,321118,321119,1,6
321112,321112,321121,9,0
321112,321112,321120,8,0
321112,321116,321120,4,4
321112,321112,321120,8,0
321112,321117,321120,3,5
321112,321112,321121,9,0
321112,321112,321120,8,0
321112,321112,321120,8,0
321112,321117,321120,3,5
321112,321118,321121,3,6
321112,321112,321121,9,0
321112,321112,321121,9,0
321112,321118,321121,3,6
321112,321112,321122,10,0
321112,321118,321122,4,6
321112,321112,321123,11,0
321112,321117,321122,5,5
321112,321112,321122,10,0
321135,321136,321137,1,1
321135,321136,321137,1,1
321135,321136,321137,1,1
321135,321136,321137,1,1
321135,321136,321137,1,1
321135,321136,321137,1,1
321135,321136,321139,3,1
321135,321138,321139,1,3
321135,321138,321139,1,3
321135,321138,321139,1,3
321135,321138,321139,1,3
321135,321136,321140,4,1
321135,321136,321140,4,1
321135,321136,321141,5,1
321135,321136,321140,4,1
321135,321138,321140,2,3
321135,321136,321141,5,1
321135,321136,321140,4,1
321135,321136,321140,4,1
321135,321136,321140,4,1
321135,321138,321140,2,3
321135,321136,321141,5,1
321135,321136,321141,5,1
321135,321140,321141,1,5
321135,321136,321141,5,1
321135,321136,321141,5,1
321135,321140,321141,1,5
321135,321140,321141,1,5
321135,321136,321141,5,1
321135,321136,321142,6,1
321135,321136,321143,7,1
321135,321136,321143,7,1
321135,321136,321142,6,1
321135,321140,321142,2,5
321135,321136,321142,6,1
321135,321136,321142,6,1
321135,321141,321142,1,6
321135,321136,321143,7,1
321135,321136,321143,7,1
321135,321140,321143,3,5
321135,321136,321143,7,1
321135,321141,321143,2,6
321135,321141,321143,2,6
321135,321141,321143,2,6
321135,321141,321144,3,6
321135,321141,321143,2,6
321135,321143,321144,1,8
321135,321142,321143,1,7
321135,321142,321143,1,7
321135,321143,321144,1,8
321135,321143,321144,1,8
321135,321136,321143,7,1
321135,321142,321143,1,7
321135,321142,321144,2,7
321135,321142,321143,1,7
321135,321136,321143,7,1
321135,321136,321143,7,1
321135,321142,321143,1,7
321135,321143,321144,1,8
321135,321142,321144,2,7
321135,321136,321144,8,1
321135,321141,321144,3,6
321135,321142,321144,2,7
321135,321141,321144,3,6
321135,321143,321144,1,8
321135,321143,321144,1,8
321135,321136,321145,9,1
321135,321136,321146,10,1
321135,321136,321146,10,1
321135,321136,321146,10,1
321135,321136,321147,11,1
321135,321136,321147,11,1
321135,321136,321149,13,1
321135,321136,321149,13,1
321135,321141,321149,8,6
321135,321136,321149,13,1
321135,321136,321151,15,1
321135,321141,321151,10,6
321135,321136,321152,16,1
321165,321165,321167,2,0
321165,321165,321167,2,0
321165,321165,321167,2,0
321165,321165,321167,2,0
321165,321165,321167,2,0
321165,321165,321167,2,0
321165,321166,321168,2,1
321165,321168,321169,1,3
321165,321168,321169,1,3
321165,321168,321169,1,3
321165,321168,321169,1,3
321165,321168,321169,1,3
321165,321166,321170,4,1
321165,321168,321170,2,3
321165,321165,321171,6,0
321165,321165,321171,6,0
321165,321165,321171,6,0
321165,321165,321171,6,0
321165,321165,321171,6,0
321165,321165,321171,6,0
321165,321165,321171,6,0
321165,321165,321171,6,0
321165,321170,321172,2,5
321165,321165,321171,6,0
321165,321170,321171,1,5
321165,321165,321171,6,0
321165,321170,321171,1,5
321165,321165,321171,6,0
321165,321170,321171,1,5
321165,321170,321171,1,5
321165,321165,321172,7,0
321165,321165,321172,7,0
321165,321165,321172,7,0
321165,321171,321172,1,6
321165,321172,321173,1,7
321165,321165,321172,7,0
321165,321172,321173,1,7
321165,321172,321173,1,7
321165,321171,321173,2,6
321165,321169,321173,4,4
321165,321165,321173,8,0
321165,321172,321173,1,7
321165,321172,321173,1,7
321165,321172,321173,1,7
321165,321172,321173,1,7
321165,321173,321174,1,8
321165,321172,321173,1,7
321165,321172,321173,1,7
321165,321173,321174,1,8
321165,321165,321174,9,0
321165,321172,321173,1,7
321165,321173,321174,1,8
321165,321165,321173,8,0
321165,321172,321173,1,7
321165,321172,321173,1,7
321165,321165,321174,9,0
321165,321172,321175,3,7
321165,321165,321174,9,0
321165,321172,321174,2,7
321165,321172,321174,2,7
321165,321165,321174,9,0
321165,321165,321175,10,0
321165,321166,321175,9,1
321165,321172,321175,3,7
321165,321173,321175,2,8
321165,321173,321175,2,8
321165,321165,321176,11,0
321165,321165,321176,11,0
321165,321165,321176,11,0
321165,321165,321176,11,0
321165,321165,321176,11,0
321165,321165,321177,12,0
321165,321165,321177,12,0
321165,321165,321177,12,0
321165,321165,321177,12,0
321165,321165,321177,12,0
321165,321165,321178,13,0
321165,321165,321183,18,0
321165,321165,321183,18,0
321195,321196,321197,1,1
321195,321196,321197,1,1
321195,321196,321197,1,1
321195,321196,321197,1,1
321195,321196,321198,2,1
321195,321196,321197,1,1
321195,321198,321199,1,3
321195,321198,321199,1,3
321195,321197,321198,1,2
321195,321196,321199,3,1
321195,321198,321199,1,3
321195,321198,321199,1,3
321195,321198,321199,1,3
321195,321198,321199,1,3
321195,321196,321200,4,1
321195,321196,321200,4,1
321195,321196,321201,5,1
321195,321196,321200,4,1
321195,321196,321201,5,1
321195,321196,321200,4,1
321195,321199,321200,1,4
321195,321196,321200,4,1
321195,321199,321200,1,4
321195,321199,321200,1,4
321195,321196,321201,5,1
321195,321196,321201,5,1
321195,321196,321201,5,1
321195,321196,321201,5,1
321195,321196,321201,5,1
321195,321196,321201,5,1
321195,321200,321201,1,5
321195,321196,321202,6,1
321195,321200,321201,1,5
321195,321201,321202,1,6
321195,321196,321201,5,1
321195,321201,321202,1,6
321195,321201,321202,1,6
321195,321196,321202,6,1
321195,321196,321201,5,1
321195,321200,321201,1,5
321195,321196,321201,5,1
321195,321200,321201,1,5
321195,321200,321202,2,5
321195,321201,321203,2,6
321195,321196,321202,6,1
321195,321201,321202,1,6
321195,321196,321202,6,1
321195,321201,321202,1,6
321195,321196,321202,6,1
321195,321201,321202,1,6
321195,321201,321202,1,6
321195,321201,321202,1,6
321195,321201,321203,2,6
321195,321202,321204,2,7
321195,321202,321204,2,7
321195,321202,321203,1,7
321195,321196,321203,7,1
321195,321202,321203,1,7
321195,321202,321203,1,7
321195,321202,321203,1,7
321195,321202,321203,1,7
321195,321202,321203,1,7
321195,321196,321205,9,1
321195,321202,321204,2,7
321195,321202,321204,2,7
321195,321196,321204,8,1
321195,321196,321204,8,1
321195,321196,321204,8,1
321195,321196,321205,9,1
321195,321196,321205,9,1
321195,321196,321206,10,1
321195,321196,321206,10,1
321195,321196,321206,10,1
321195,321196,321207,11,1
321195,321196,321208,12,1
321195,321196,321210,14,1
321195,321196,321215,19,1
321195,321196,321217,21,1
321228,321228,321229,1,0
321228,321228,321229,1,0
321228,321228,321229,1,0
321228,321228,321229,1,0
321228,321228,321230,2,0
321228,321228,321230,2,0
321228,321229,321231,2,1
321228,321228,321232,4,0
321228,321230,321232,2,2
321228,321228,321231,3,0
321228,321229,321231,2,1
321228,321230,321232,2,2
321228,321230,321232,2,2
321228,321230,321232,2,2
321228,321228,321233,5,0
321228,321228,321233,5,0
321228,321231,321233,2,3
321228,321228,321234,6,0
321228,321228,321234,6,0
321228,321228,321234,6,0
321228,321232,321234,2,4
321228,321228,321234,6,0
321228,321228,321234,6,0
321228,321232,321234,2,4
321228,321232,321234,2,4
321228,321232,321234,2,4
321228,321228,321234,6,0
321228,321232,321234,2,4
321228,321228,321235,7,0
321228,321228,321235,7,0
321228,321228,321234,6,0
321228,321228,321234,6,0
321228,321233,321235,2,5
321228,321228,321235,7,0
321228,321228,321235,7,0
321228,321234,321235,1,6
321228,321228,321235,7,0
321228,321234,321235,1,6
321228,321228,321235,7,0
321228,321232,321235,3,4
321228,321234,321235,1,6
321228,321228,321236,8,0
321228,321228,321235,7,0
321228,321233,321236,3,5
321228,321234,321236,2,6
321228,321232,321236,4,4
321228,321234,321236,2,6
321228,321235,321236,1,7
321228,321235,321236,1,7
321228,321228,321236,8,0
321228,321234,321236,2,6
321228,321228,321236,8,0
321228,321228,321237,9,0
321228,321235,321237,2,7
321228,321233,321237,4,5
321228,321228,321237,9,0
321228,321234,321237,3,6
321228,321228,321237,9,0
321228,321235,321237,2,7
321228,321228,321237,9,0
321228,321235,321237,2,7
321228,321228,321237,9,0
321228,321228,321237,9,0
321228,321236,321237,1,8
321228,321228,321238,10,0
321228,321228,321238,10,0
321228,321228,321238,10,0
321228,321228,321238,10,0
321228,321228,321239,11,0
321228,321228,321240,12,0
321228,321228,321241,13,0
321228,321228,321240,12,0
321228,321228,321241,13,0
321228,321228,321245,17,0
321258,321258,321259,1,0
321258,321258,321259,1,0
321258,321258,321259,1,0
321258,321258,321259,1,0
321258,321258,321259,1,0
321258,321258,321259,1,0
321258,321258,321261,3,0
321258,321258,321261,3,0
321258,321258,321262,4,0
321258,321258,321262,4,0
321258,321258,321262,4,0
321258,321260,321262,2,2
321258,321260,321262,2,2
321258,321260,321261,1,2
321258,321260,321262,2,2
321258,321260,321262,2,2
321258,321260,321262,2,2
321258,321258,321262,4,0
321258,321261,321263,2,3
321258,321262,321263,1,4
321258,321258,321264,6,0
321258,321258,321263,5,0
321258,321258,321264,6,0
321258,321258,321263,5,0
321258,321262,321264,2,4
321258,321258,321264,6,0
321258,321258,321264,6,0
321258,321258,321264,6,0
321258,321262,321264,2,4
321258,321263,321264,1,5
321258,321258,321265,7,0
321258,321263,321265,2,5
321258,321258,321264,6,0
321258,321258,321264,6,0
321258,321262,321265,3,4
321258,321258,321265,7,0
321258,321258,321265,7,0
321258,321262,321264,2,4
321258,321264,321265,1,6
321258,321262,321264,2,4
321258,321263,321264,1,5
321258,321264,321265,1,6
321258,321258,321266,8,0
321258,321258,321266,8,0
321258,321264,321266,2,6
321258,321258,321266,8,0
321258,321262,321265,3,4
321258,321261,321265,4,3
321258,321264,321266,2,6
321258,321264,321266,2,6
321258,321258,321265,7,0
321258,321264,321265,1,6
321258,321264,321265,1,6
321258,321264,321265,1,6
321258,321258,321266,8,0
321258,321265,321266,1,7
321258,321258,321266,8,0
321258,321264,321265,1,6
321258,321264,321265,1,6
321258,321258,321266,8,0
321258,321262,321266,4,4
321258,321258,321266,8,0
321258,321258,321267,9,0
321258,321265,321267,2,7
321258,321265,321267,2,7
321258,321265,321267,2,7
321258,321258,321267,9,0
321258,321258,321268,10,0
321258,321258,321268,10,0
321258,321258,321268,10,0
321258,321262,321267,5,4
321258,321265,321268,3,7
321258,321258,321267,9,0
321258,321258,321268,10,0
321258,321258,321269,11,0
321258,321258,321269,11,0
321258,321258,321268,10,0
321258,321258,321272,14,0
321258,321258,321273,15,0
321283,321283,321284,1,0
321283,321283,321284,1,0
321283,321283,321284,1,0
321283,321283,321285,2,0
321283,321283,321285,2,0
321283,321283,321285,2,0
321283,321284,321286,2,1
321283,321283,321286,3,0
321283,321284,321286,2,1
321283,321284,321286,2,1
321283,321283,321287,4,0
321283,321283,321286,3,0
321283,321283,321287,4,0
321283,321285,321287,2,2
321283,321285,321287,2,2
321283,321283,321288,5,0
321283,321283,321288,5,0
321283,321285,321287,2,2
321283,321283,321288,5,0
321283,321286,321288,2,3
321283,321283,321288,5,0
321283,321286,321288,2,3
321283,321286,321288,2,3
321283,321286,321288,2,3
321283,321283,321289,6,0
321283,321283,321289,6,0
321283,321283,321289,6,0
321283,321283,321289,6,0
321283,321283,321289,6,0
321283,321283,321289,6,0
321283,321288,321289,1,5
321283,321283,321290,7,0
321283,321283,321290,7,0
321283,321283,321290,7,0
321283,321287,321290,3,4
321283,321283,321290,7,0
321283,321283,321290,7,0
321283,321288,321290,2,5
321283,321283,321290,7,0
321283,321283,321290,7,0
321283,321289,321290,1,6
321283,321289,321290,1,6
321283,321283,321290,7,0
321283,321288,321290,2,5
321283,321283,321291,8,0
321283,321288,321291,3,5
321283,321288,321291,3,5
321283,321283,321291,8,0
321283,321289,321291,2,6
321283,321289,321291,2,6
321283,321288,321291,3,5
321283,321287,321291,4,4
321283,321288,321291,3,5
321283,321287,321291,4,4
321283,321289,321291,2,6
321283,321283,321291,8,0
321283,321289,321291,2,6
321283,321283,321291,8,0
321283,321283,321291,8,0
321283,321290,321291,1,7
321283,321290,321291,1,7
321283,321290,321291,1,7
321283,321290,321291,1,7
321283,321287,321292,5,4
321283,321283,321292,9,0
321283,321290,321292,2,7
321283,321283,321292,9,0
321283,321283,321292,9,0
321283,321283,321293,10,0
321283,321283,321293,10,0
321283,321283,321294,11,0
321283,321283,321294,11,0
321283,321283,321294,11,0
321283,321283,321294,11,0
321283,321283,321294,11,0
321283,321283,321296,13,0
321308,321308,321309,1,0
321308,321308,321309,1,0
321308,321308,321309,1,0
321308,321308,321310,2,0
321308,321308,321309,1,0
321308,321308,321309,1,0
321308,321308,321310,2,0
321308,321308,321312,4,0
321308,321308,321311,3,0
321308,321310,321312,2,2
321308,321310,321312,2,2
321308,321308,321313,5,0
321308,321308,321312,4,0
321308,321308,321313,5,0
321308,321308,321313,5,0
321308,321310,321313,3,2
321308,321310,321312,2,2
321308,321310,321312,2,2
321308,321311,321313,2,3
321308,321310,321313,3,2
321308,321308,321313,5,0
321308,321308,321314,6,0
321308,321308,321313,5,0
321308,321308,321314,6,0
321308,321308,321314,6,0
321308,321308,321314,6,0
321308,321312,321314,2,4
321308,321308,321314,6,0
321308,321308,321314,6,0
321308,321313,321314,1,5
321308,321312,321314,2,4
321308,321313,321314,1,5
321308,321308,321315,7,0
321308,321308,321314,6,0
321308,321308,321315,7,0
321308,321308,321315,7,0
321308,321312,321315,3,4
321308,321308,321315,7,0
321308,321308,321315,7,0
321308,321313,321314,1,5
321308,321308,321314,6,0
321308,321308,321314,6,0
321308,321313,321314,1,5
321308,321313,321314,1,5
321308,321308,321315,7,0
321308,321312,321315,3,4
321308,321308,321316,8,0
321308,321314,321316,2,6
321308,321308,321315,7,0
321308,321308,321316,8,0
321308,321314,321316,2,6
321308,321314,321315,1,6
321308,321308,321316,8,0
321308,321308,321315,7,0
321308,321314,321315,1,6
321308,321314,321315,1,6
321308,321314,321315,1,6
321308,321308,321316,8,0
321308,321314,321315,1,6
321308,321314,321315,1,6
321308,321313,321317,4,5
321308,321313,321316,3,5
321308,321314,321316,2,6
321308,321315,321317,2,7
321308,321314,321316,2,6
321308,321314,321317,3,6
321308,321313,321318,5,5
321308,321308,321318,10,0
321308,321308,321317,9,0
321308,321308,321317,9,0
321308,321313,321318,5,5
321308,321308,321318,10,0
321308,321314,321319,5,6
321308,321308,321320,12,0
321308,321308,321320,12,0
321308,321308,321320,12,0
321308,321315,321319,4,7
321308,321315,321320,5,7
321308,321308,321321,13,0
321333,321333,321334,1,0
321333,321333,321334,1,0
321333,321333,321335,2,0
321333,321333,321334,1,0
321333,321333,321334,1,0
321333,321333,321334,1,0
321333,321333,321335,2,0
321333,321333,321336,3,0
321333,321333,321336,3,0
321333,321333,321336,3,0
321333,321333,321337,4,0
321333,321333,321336,3,0
321333,321333,321336,3,0
321333,321335,321336,1,2
321333,321335,321336,1,2
321333,321335,321337,2,2
321333,321335,321336,1,2
321333,321333,321337,4,0
321333,321335,321336,1,2
321333,321335,321336,1,2
321333,321333,321338,5,0
321333,321333,321338,5,0
321333,321337,321338,1,4
321333,321336,321337,1,3
321333,321333,321338,5,0
321333,321333,321339,6,0
321333,321337,321338,1,4
321333,321337,321339,2,4
321333,321336,321339,3,3
321333,321333,321339,6,0
321333,321333,321338,5,0
321333,321333,321338,5,0
321333,321333,321338,5,0
321333,321337,321339,2,4
321333,321333,321339,6,0
321333,321337,321338,1,4
321333,321337,321338,1,4
321333,321333,321338,5,0
321333,321338,321339,1,5
321333,321333,321339,6,0
321333,321337,321338,1,4
321333,321338,321339,1,5
321333,321333,321340,7,0
321333,321333,321339,6,0
321333,321337,321339,2,4
321333,321337,321339,2,4
321333,321338,321340,2,5
321333,321337,321339,2,4
321333,321333,321340,7,0
321333,321333,321340,7,0
321333,321339,321340,1,6
321333,321333,321339,6,0
321333,321333,321339,6,0
321333,321333,321339,6,0
321333,321337,321339,2,4
321333,321333,321340,7,0
321333,321333,321340,7,0
321333,321339,321340,1,6
321333,321339,321340,1,6
321333,321338,321340,2,5
321333,321339,321341,2,6
321333,321333,321341,8,0
321333,321337,321340,3,4
321333,321339,321341,2,6
321333,321339,321341,2,6
321333,321339,321341,2,6
321333,321339,321341,2,6
321333,321339,321340,1,6
321333,321333,321340,7,0
321333,321339,321340,1,6
321333,321339,321340,1,6
321333,321333,321342,9,0
321333,321333,321343,10,0
321333,321333,321343,10,0
321333,321333,321343,10,0
321333,321333,321345,12,0
321333,321333,321346,13,0
321333,321333,321346,13,0
321333,321333,321349,16,0
321360,321360,321361,1,0
321360,321360,321361,1,0
321360,321360,321361,1,0
321360,321360,321361,1,0
321360,321360,321362,2,0
321360,321360,321362,2,0
321360,321360,321363,3,0
321360,321361,321363,2,1
321360,321361,321363,2,1
321360,321360,321362,2,0
321360,321361,321363,2,1
321360,321361,321363,2,1
321360,321360,321364,4,0
321360,321360,321364,4,0
321360,321360,321363,3,0
321360,321362,321364,2,2
321360,321362,321364,2,2
321360,321360,321365,5,0
321360,321360,321365,5,0
321360,321360,321365,5,0
321360,321360,321365,5,0
321360,321363,321365,2,3
321360,321360,321365,5,0
321360,321364,321365,1,4
321360,321360,321365,5,0
321360,321363,321365,2,3
321360,321363,321365,2,3
321360,321363,321364,1,3
321360,321360,321365,5,0
321360,321363,321365,2,3
321360,321360,321365,5,0
321360,321360,321366,6,0
321360,321360,321366,6,0
321360,321365,321366,1,5
321360,321360,321366,6,0
321360,321360,321365,5,0
321360,321364,321365,1,4
321360,321365,321366,1,5
321360,321360,321365,5,0
321360,321365,321366,1,5
321360,321360,321366,6,0
321360,321365,321366,1,5
321360,321360,321366,6,0
321360,321364,321366,2,4
321360,321365,321366,1,5
321360,321360,321367,7,0
321360,321360,321367,7,0
321360,321363,321367,4,3
321360,321365,321367,2,5
321360,321364,321367,3,4
321360,321364,321366,2,4
321360,321365,321367,2,5
321360,321360,321367,7,0
321360,321366,321367,1,6
321360,321360,321367,7,0
321360,321365,321367,2,5
321360,321365,321367,2,5
321360,321365,321367,2,5
321360,321360,321368,8,0
321360,321360,321367,7,0
321360,321360,321368,8,0
321360,321365,321368,3,5
321360,321365,321368,3,5
321360,321360,321368,8,0
321360,321366,321368,2,6
321360,321360,321368,8,0
321360,321366,321368,2,6
321360,321360,321367,7,0
321360,321360,321368,8,0
321360,321366,321368,2,6
321360,321366,321369,3,6
321360,321360,321368,8,0
321360,321365,321369,4,5
321360,321360,321369,9,0
321360,321360,321370,10,0
321360,321360,321371,11,0
321360,321360,321372,12,0
321360,321360,321371,11,0
321360,321360,321374,14,0
321386,321386,321387,1,0
321386,321386,321387,1,0
321386,321386,321387,1,0
321386,321386,321388,2,0
321386,321386,321387,1,0
321386,321386,321387,1,0
321386,321387,321389,2,1
321386,321387,321389,2,1
321386,321388,321390,2,2
321386,321386,321389,3,0
321386,321388,321389,1,2
321386,321388,321389,1,2
321386,321386,321390,4,0
321386,321386,321390,4,0
321386,321386,321390,4,0
321386,321388,321390,2,2
321386,321386,321390,4,0
321386,321386,321390,4,0
321386,321386,321390,4,0
321386,321389,321391,2,3
321386,321386,321391,5,0
321386,321386,321392,6,0
321386,321386,321392,6,0
321386,321386,321392,6,0
321386,321386,321391,5,0
321386,321386,321391,5,0
321386,321390,321392,2,4
321386,321391,321392,1,5
321386,321391,321392,1,5
321386,321386,321391,5,0
321386,321386,321391,5,0
321386,321390,321391,1,4
321386,321390,321391,1,4
321386,321386,321391,5,0
321386,321386,321391,5,0
321386,321390,321392,2,4
321386,321391,321392,1,5
321386,321386,321392,6,0
321386,321390,321391,1,4
321386,321386,321391,5,0
321386,321386,321393,7,0
321386,321386,321393,7,0
321386,321386,321392,6,0
321386,321386,321393,7,0
321386,321386,321392,6,0
321386,321386,321393,7,0
321386,321386,321392,6,0
321386,321391,321392,1,5
321386,321391,321392,1,5
321386,321391,321392,1,5
321386,321391,321392,1,5
321386,321392,321393,1,6
321386,321392,321393,1,6
321386,321386,321393,7,0
321386,321386,321392,6,0
321386,321386,321393,7,0
321386,321392,321394,2,6
321386,321392,321393,1,6
321386,321392,321394,2,6
321386,321386,321393,7,0
321386,321392,321393,1,6
321386,321392,321394,2,6
321386,321392,321393,1,6
321386,321386,321393,7,0
321386,321392,321393,1,6
321386,321392,321393,1,6
321386,321392,321394,2,6
321386,321392,321393,1,6
321386,321392,321393,1,6
321386,321392,321393,1,6
321386,321392,321393,1,6
321386,321386,321394,8,0
321386,321386,321394,8,0
321386,321386,321395,9,0
321386,321386,321395,9,0
321386,321386,321395,9,0
321386,321386,321395,9,0
321386,321386,321397,11,0
321386,321391,321401,10,5
321412,321412,321413,1,0
321412,321412,321413,1,0
321412,321412,321413,1,0
321412,321412,321413,1,0
321412,321412,321413,1,0
321412,321412,321413,1,0
321412,321413,321415,2,1
321412,321413,321415,2,1
321412,321414,321415,1,2
321412,321413,321415,2,1
321412,321414,321416,2,2
321412,321412,321415,3,0
321412,321414,321415,1,2
321412,321412,321416,4,0
321412,321412,321416,4,0
321412,321415,321416,1,3
321412,321415,321417,2,3
321412,321416,321417,1,4
321412,321412,321417,5,0
321412,321412,321418,6,0
321412,321412,321417,5,0
321412,321416,321418,2,4
321412,321412,321418,6,0
321412,321416,321417,1,4
321412,321417,321418,1,5
321412,321412,321417,5,0
321412,321412,321417,5,0
321412,321416,321417,1,4
321412,321417,321418,1,5
321412,321416,321417,1,4
321412,321417,321418,1,5
321412,321412,321418,6,0
321412,321412,321419,7,0
321412,321412,321418,6,0
321412,321412,321419,7,0
321412,321412,321418,6,0
321412,321412,321419,7,0
321412,321412,321418,6,0
321412,321417,321418,1,5
321412,321417,321418,1,5
321412,321412,321418,6,0
321412,321418,321419,1,6
321412,321412,321419,7,0
321412,321412,321419,7,0
321412,321412,321419,7,0
321412,321412,321419,7,0
321412,321412,321419,7,0
321412,321412,321419,7,0
321412,321418,321419,1,6
321412,321418,321419,1,6
321412,321418,321419,1,6
321412,321418,321419,1,6
321412,321418,321419,1,6
321412,321418,321419,1,6
321412,321418,321419,1,6
321412,321418,321419,1,6
321412,321418,321419,1,6
321412,321412,321420,8,0
321412,321418,321419,1,6
321412,321418,321419,1,6
321412,321418,321419,1,6
321412,321412,321420,8,0
321412,321412,321420,8,0
321412,321412,321420,8,0
321412,321412,321420,8,0
321412,321419,321420,1,7
321412,321419,321421,2,7
321412,321419,321421,2,7
321412,321412,321421,9,0
321412,321412,321421,9,0
321412,321412,321421,9,0
321412,321412,321422,10,0
321412,321419,321421,2,7
321412,321412,321421,9,0
321412,321412,321422,10,0
321412,321412,321422,10,0
321412,321412,321423,11,0
321412,321412,321423,11,0
321412,321412,321424,12,0
321433,321433,321434,1,0
321433,321433,321434,1,0
321433,321433,321435,2,0
321433,321433,321435,2,0
321433,321433,321434,1,0
321433,321433,321434,1,0
321433,321434,321436,2,1
321433,321433,321435,2,0
321433,321433,321437,4,0
321433,321433,321437,4,0
321433,321433,321437,4,0
321433,321435,321437,2,2
321433,321434,321437,3,1
321433,321433,321437,4,0
321433,321435,321437,2,2
321433,321435,321437,2,2
321433,321435,321437,2,2
321433,321433,321438,5,0
321433,321433,321438,5,0
321433,321433,321438,5,0
321433,321433,321438,5,0
321433,321433,321438,5,0
321433,321436,321438,2,3
321433,321437,321438,1,4
321433,321433,321439,6,0
321433,321433,321439,6,0
321433,321433,321438,5,0
321433,321433,321439,6,0
321433,321437,321439,2,4
321433,321433,321439,6,0
321433,321433,321439,6,0
321433,321433,321439,6,0
321433,321438,321439,1,5
321433,321433,321439,6,0
321433,321438,321439,1,5
321433,321433,321439,6,0
321433,321438,321439,1,5
321433,321438,321439,1,5
321433,321433,321439,6,0
321433,321433,321439,6,0
321433,321433,321439,6,0
321433,321433,321439,6,0
321433,321439,321440,1,6
321433,321433,321440,7,0
321433,321433,321440,7,0
321433,321433,321440,7,0
321433,321433,321440,7,0
321433,321437,321440,3,4
321433,321433,321440,7,0
321433,321433,321440,7,0
321433,321433,321440,7,0
321433,321439,321440,1,6
321433,321439,321440,1,6
321433,321439,321440,1,6
321433,321440,321441,1,7
321433,321440,321441,1,7
321433,321439,321440,1,6
321433,321433,321441,8,0
321433,321439,321441,2,6
321433,321433,321441,8,0
321433,321437,321441,4,4
321433,321438,321441,3,5
321433,321438,321441,3,5
321433,321438,321441,3,5
321433,321433,321441,8,0
321433,321440,321441,1,7
321433,321440,321441,1,7
321433,321433,321441,8,0
321433,321440,321441,1,7
321433,321440,321441,1,7
321433,321433,321442,9,0
321433,321433,321442,9,0
321433,321440,321442,2,7
321433,321440,321442,2,7
321433,321433,321443,10,0
321433,321433,321443,10,0
321454,321454,321455,1,0
321454,321454,321455,1,0
321454,321454,321455,1,0
321454,321454,321455,1,0
321454,321454,321455,1,0
321454,321454,321455,1,0
321454,321455,321456,1,1
321454,321455,321456,1,1
321454,321454,321457,3,0
321454,321456,321458,2,2
321454,321456,321457,1,2
321454,321454,321457,3,0
321454,321456,321457,1,2
321454,321456,321457,1,2
321454,321454,321459,5,0
321454,321454,321458,4,0
321454,321454,321459,5,0
321454,321454,321458,4,0
321454,321457,321458,1,3
321454,321454,321458,4,0
321454,321457,321459,2,3
321454,321454,321459,5,0
321454,321454,321459,5,0
321454,321454,321459,5,0
321454,321454,321459,5,0
321454,321454,321459,5,0
321454,321454,321460,6,0
321454,321458,321459,1,4
321454,321454,321460,6,0
321454,321458,321459,1,4
321454,321459,321460,1,5
321454,321454,321459,5,0
321454,321454,321459,5,0
321454,321458,321459,1,4
321454,321458,321459,1,4
321454,321454,321459,5,0
321454,321458,321459,1,4
321454,321454,321461,7,0
321454,321454,321461,7,0
321454,321454,321460,6,0
321454,321454,321461,7,0
321454,321454,321460,6,0
321454,321459,321461,2,5
321454,321459,321461,2,5
321454,321454,321460,6,0
321454,321459,321460,1,5
321454,321459,321460,1,5
321454,321454,321461,7,0
321454,321460,321461,1,6
321454,321454,321460,6,0
321454,321459,321460,1,5
321454,321459,321460,1,5
321454,321454,321460,6,0
321454,321460,321461,1,6
321454,321454,321461,7,0
321454,321460,321462,2,6
321454,321460,321461,1,6
321454,321460,321461,1,6
321454,321460,321462,2,6
321454,321460,321461,1,6
321454,321460,321461,1,6
321454,321460,321461,1,6
321454,321460,321461,1,6
321454,321460,321461,1,6
321454,321454,321462,8,0
321454,321454,321463,9,0
321454,321458,321462,4,4
321454,321460,321462,2,6
321454,321454,321462,8,0
321454,321454,321462,8,0
321454,321454,321463,9,0
321454,321454,321464,10,0
321454,321454,321463,9,0
321454,321460,321463,3,6
321454,321460,321463,3,6
321454,321454,321465,11,0
321454,321454,321465,11,0
321454,321454,321469,15,0
321454,321454,321472,18,0
321482,321482,321483,1,0
321482,321482,321483,1,0
321482,321482,321483,1,0
321482,321482,321483,1,0
321482,321482,321483,1,0
321482,321482,321483,1,0
321482,321483,321484,1,1
321482,321482,321484,2,0
321482,321483,321484,1,1
321482,321484,321485,1,2
321482,321484,321485,1,2
321482,321484,321485,1,2
321482,321482,321487,5,0
321482,321482,321486,4,0
321482,321482,321486,4,0
321482,321482,321486,4,0
321482,321482,321486,4,0
321482,321485,321487,2,3
321482,321482,321486,4,0
321482,321484,321486,2,2
321482,321482,321486,4,0
321482,321482,321486,4,0
321482,321482,321486,4,0
321482,321482,321487,5,0
321482,321482,321488,6,0
321482,321482,321487,5,0
321482,321482,321488,6,0
321482,321482,321487,5,0
321482,321482,321488,6,0
321482,321485,321487,2,3
321482,321486,321487,1,4
321482,321482,321488,6,0
321482,321482,321489,7,0
321482,321482,321488,6,0
321482,321482,321488,6,0
321482,321487,321488,1,5
321482,321488,321489,1,6
321482,321486,321488,2,4
321482,321487,321488,1,5
321482,321488,321489,1,6
321482,321482,321488,6,0
321482,321485,321488,3,3
321482,321487,321488,1,5
321482,321487,321488,1,5
321482,321486,321488,2,4
321482,321487,321488,1,5
321482,321487,321488,1,5
321482,321488,321489,1,6
321482,321482,321490,8,0
321482,321482,321490,8,0
321482,321482,321490,8,0
321482,321487,321489,2,5
321482,321482,321490,8,0
321482,321487,321489,2,5
321482,321487,321489,2,5
321482,321487,321489,2,5
321482,321488,321490,2,6
321482,321488,321489,1,6
321482,321482,321489,7,0
321482,321489,321490,1,7
321482,321488,321489,1,6
321482,321488,321489,1,6
321482,321487,321489,2,5
321482,321488,321489,1,6
321482,321489,321491,2,7
321482,321482,321490,8,0
321482,321489,321490,1,7
321482,321482,321490,8,0
321482,321489,321490,1,7
321482,321482,321490,8,0
321482,321482,321492,10,0
321482,321482,321493,11,0
321482,321482,321493,11,0
321482,321482,321493,11,0
321482,321482,321493,11,0
321482,321482,321496,14,0
321482,321482,321496,14,0
321482,321482,321497,15,0
321482,321482,321502,20,0
321512,321512,321513,1,0
321512,321512,321513,1,0
321512,321512,321513,1,0
321512,321512,321513,1,0
321512,321512,321513,1,0
321512,321512,321513,1,0
321512,321513,321514,1,1
321512,321512,321514,2,0
321512,321512,321516,4,0
321512,321512,321516,4,0
321512,321512,321515,3,0
321512,321514,321515,1,2
321512,321514,321516,2,2
321512,321512,321517,5,0
321512,321512,321516,4,0
321512,321512,321516,4,0
321512,321512,321517,5,0
321512,321512,321517,5,0
321512,321514,321517,3,2
321512,321515,321517,2,3
321512,321514,321516,2,2
321512,321514,321517,3,2
321512,321512,321517,5,0
321512,321512,321518,6,0
321512,321512,321518,6,0
321512,321512,321518,6,0
321512,321512,321518,6,0
321512,321512,321518,6,0
321512,321515,321518,3,3
321512,321512,321518,6,0
321512,321516,321517,1,4
321512,321512,321519,7,0
321512,321512,321519,7,0
321512,321516,321518,2,4
321512,321512,321519,7,0
321512,321512,321518,6,0
321512,321512,321518,6,0
321512,321516,321519,3,4
321512,321512,321518,6,0
321512,321517,321519,2,5
321512,321517,321519,2,5
321512,321517,321518,1,5
321512,321517,321518,1,5
321512,321518,321519,1,6
321512,321518,321519,1,6
321512,321512,321519,7,0
321512,321517,321518,1,5
321512,321518,321519,1,6
321512,321517,321518,1,5
321512,321512,321520,8,0
321512,321512,321520,8,0
321512,321517,321519,2,5
321512,321512,321519,7,0
321512,321518,321520,2,6
321512,321517,321520,3,5
321512,321512,321520,8,0
321512,321518,321519,1,6
321512,321512,321519,7,0
321512,321512,321519,7,0
321512,321512,321520,8,0
321512,321518,321519,1,6
321512,321518,321520,2,6
321512,321518,321520,2,6
321512,321519,321520,1,7
321512,321518,321520,2,6
321512,321519,321521,2,7
321512,321516,321520,4,4
321512,321517,321520,3,5
321512,321512,321520,8,0
321512,321516,321521,5,4
321512,321519,321521,2,7
321512,321512,321521,9,0
321512,321512,321521,9,0
321512,321512,321521,9,0
321512,321519,321521,2,7
321512,321512,321521,9,0
321512,321512,321522,10,0
321512,321512,321524,12,0
321512,321512,321524,12,0
321534,321534,321536,2,0
321534,321534,321535,1,0
321534,321534,321536,2,0
321534,321534,321536,2,0
321534,321534,321536,2,0
321534,321534,321536,2,0
321534,321534,321537,3,0
321534,321534,321538,4,0
321534,321534,321538,4,0
321534,321534,321538,4,0
321534,321534,321538,4,0
321534,321536,321538,2,2
321534,321537,321538,1,3
321534,321537,321538,1,3
321534,321537,321538,1,3
321534,321537,321538,1,3
321534,321537,321538,1,3
321534,321534,321539,5,0
321534,321534,321539,5,0
321534,321534,321539,5,0
321534,321539,321540,1,5
321534,321534,321539,5,0
321534,321538,321540,2,4
321534,321534,321540,6,0
321534,321539,321540,1,5
321534,321539,321541,2,5
321534,321539,321540,1,5
321534,321539,321540,1,5
321534,321534,321540,6,0
321534,321534,321540,6,0
321534,321539,321540,1,5
321534,321540,321541,1,6
321534,321534,321541,7,0
321534,321534,321541,7,0
321534,321534,321541,7,0
321534,321534,321541,7,0
321534,321541,321542,1,7
321534,321534,321542,8,0
321534,321541,321542,1,7
321534,321534,321542,8,0
321534,321540,321541,1,6
321534,321541,321542,1,7
321534,321534,321542,8,0
321534,321540,321541,1,6
321534,321540,321541,1,6
321534,321541,321542,1,7
321534,321534,321541,7,0
321534,321541,321542,1,7
321534,321534,321542,8,0
321534,321540,321542,2,6
321534,321534,321542,8,0
321534,321534,321542,8,0
321534,321534,321542,8,0
321534,321534,321542,8,0
321534,321540,321542,2,6
321534,321534,321542,8,0
321534,321534,321542,8,0
321534,321534,321542,8,0
321534,321534,321542,8,0
321534,321534,321542,8,0
321534,321541,321542,1,7
321534,321541,321542,1,7
321534,321534,321542,8,0
321534,321541,321542,1,7
321534,321541,321542,1,7
321534,321539,321543,4,5
321534,321534,321543,9,0
321534,321534,321543,9,0
321534,321539,321543,4,5
321534,321542,321543,1,8
321534,321539,321543,4,5
321534,321542,321544,2,8
321534,321542,321544,2,8
321534,321534,321545,11,0
321534,321534,321545,11,0
321534,321539,321545,6,5
321534,321534,321545,11,0
321534,321534,321546,12,0
321534,321534,321546,12,0
321556,321556,321557,1,0
321556,321556,321557,1,0
321556,321556,321557,1,0
321556,321556,321557,1,0
321556,321556,321557,1,0
321556,321556,321557,1,0
321556,321556,321559,3,0
321556,321556,321559,3,0
321556,321556,321560,4,0
321556,321556,321559,3,0
321556,321556,321560,4,0
321556,321556,321560,4,0
321556,321557,321559,2,1
321556,321558,321560,2,2
321556,321557,321560,3,1
321556,321558,321560,2,2
321556,321556,321560,4,0
321556,321558,321561,3,2
321556,321558,321561,3,2
321556,321556,321562,6,0
321556,321556,321562,6,0
321556,321556,321561,5,0
321556,321556,321561,5,0
321556,321556,321562,6,0
321556,321556,321561,5,0
321556,321560,321562,2,4
321556,321560,321561,1,4
321556,321556,321561,5,0
321556,321556,321562,6,0
321556,321560,321561,1,4
321556,321556,321561,5,0
321556,321559,321561,2,3
321556,321556,321562,6,0
321556,321556,321561,5,0
321556,321560,321561,1,4
321556,321560,321561,1,4
321556,321556,321562,6,0
321556,321556,321562,6,0
321556,321560,321563,3,4
321556,321561,321563,2,5
321556,321562,321563,1,6
321556,321561,321563,2,5
321556,321562,321563,1,6
321556,321562,321563,1,6
321556,321562,321563,1,6
321556,321556,321563,7,0
321556,321562,321563,1,6
321556,321562,321563,1,6
321556,321562,321563,1,6
321556,321556,321564,8,0
321556,321556,321563,7,0
321556,321562,321564,2,6
321556,321562,321564,2,6
321556,321560,321564,4,4
321556,321562,321564,2,6
321556,321556,321564,8,0
321556,321556,321564,8,0
321556,321562,321563,1,6
321556,321562,321563,1,6
321556,321562,321563,1,6
321556,321562,321563,1,6
321556,321562,321563,1,6
321556,321561,321564,3,5
321556,321556,321565,9,0
321556,321556,321564,8,0
321556,321562,321564,2,6
321556,321556,321564,8,0
321556,321556,321565,9,0
321556,321556,321564,8,0
321556,321556,321565,9,0
321556,321556,321565,9,0
321556,321556,321566,10,0
321556,321560,321565,5,4
321556,321556,321566,10,0
321556,321559,321566,7,3
321556,321556,321567,11,0
321556,321556,321566,10,0
321556,321556,321566,10,0
321556,321556,321569,13,0
321578,321578,321579,1,0
321578,321578,321579,1,0
321578,321578,321579,1,0
321578,321578,321580,2,0
321578,321578,321580,2,0
321578,321578,321580,2,0
321578,321579,321580,1,1
321578,321578,321580,2,0
321578,321580,321581,1,2
321578,321581,321582,1,3
321578,321578,321582,4,0
321578,321578,321582,4,0
321578,321578,321582,4,0
321578,321581,321582,1,3
321578,321581,321582,1,3
321578,321582,321583,1,4
321578,321581,321582,1,3
321578,321581,321582,1,3
321578,321578,321582,4,0
321578,321579,321583,4,1
321578,321581,321583,2,3
321578,321583,321584,1,5
321578,321578,321583,5,0
321578,321583,321584,1,5
321578,321583,321584,1,5
321578,321579,321584,5,1
321578,321578,321584,6,0
321578,321578,321584,6,0
321578,321583,321584,1,5
321578,321583,321584,1,5
321578,321578,321584,6,0
321578,321584,321585,1,6
321578,321583,321584,1,5
321578,321583,321584,1,5
321578,321584,321585,1,6
321578,321584,321585,1,6
321578,321584,321585,1,6
321578,321583,321585,2,5
321578,321578,321585,7,0
321578,321583,321585,2,5
321578,321578,321585,7,0
321578,321584,321585,1,6
321578,321585,321586,1,7
321578,321578,321585,7,0
321578,321585,321586,1,7
321578,321578,321585,7,0
321578,321578,321585,7,0
321578,321585,321586,1,7
321578,321578,321585,7,0
321578,321584,321586,2,6
321578,321578,321586,8,0
321578,321578,321586,8,0
321578,321585,321586,1,7
321578,321578,321587,9,0
321578,321578,321586,8,0
321578,321585,321586,1,7
321578,321585,321586,1,7
321578,321578,321587,9,0
321578,321578,321587,9,0
321578,321578,321587,9,0
321578,321584,321587,3,6
321578,321578,321588,10,0
321578,321578,321587,9,0
321578,321584,321587,3,6
321578,321578,321587,9,0
321578,321578,321587,9,0
321578,321578,321588,10,0
321578,321578,321588,10,0
321578,321578,321588,10,0
321578,321578,321588,10,0
321578,321578,321589,11,0
321578,321578,321590,12,0
321578,321578,321591,13,0
321578,321578,321593,15,0
321578,321578,321593,15,0
321603,321603,321604,1,0
321603,321603,321604,1,0
321603,321603,321605,2,0
321603,321603,321604,1,0
321603,321603,321604,1,0
321603,321603,321604,1,0
321603,321603,321604,1,0
321603,321604,321605,1,1
321603,321603,321606,3,0
321603,321603,321606,3,0
321603,321603,321606,3,0
321603,321603,321606,3,0
321603,321605,321607,2,2
321603,321605,321606,1,2
321603,321605,321606,1,2
321603,321605,321606,1,2
321603,321605,321607,2,2
321603,321603,321607,4,0
321603,321603,321607,4,0
321603,321603,321607,4,0
321603,321603,321607,4,0
321603,321605,321607,2,2
321603,321606,321607,1,3
321603,321603,321607,4,0
321603,321607,321608,1,4
321603,321603,321608,5,0
321603,321607,321608,1,4
321603,321607,321608,1,4
321603,321607,321609,2,4
321603,321603,321608,5,0
321603,321603,321608,5,0
321603,321607,321608,1,4
321603,321608,321609,1,5
321603,321608,321609,1,5
321603,321603,321608,5,0
321603,321607,321608,1,4
321603,321608,321609,1,5
321603,321603,321608,5,0
321603,321607,321608,1,4
321603,321608,321609,1,5
321603,321608,321609,1,5
321603,321603,321609,6,0
321603,321607,321609,2,4
321603,321607,321610,3,4
321603,321603,321609,6,0
321603,321603,321610,7,0
321603,321608,321609,1,5
321603,321603,321610,7,0
321603,321608,321609,1,5
321603,321609,321610,1,6
321603,321609,321610,1,6
321603,321608,321611,3,5
321603,321603,321611,8,0
321603,321603,321610,7,0
321603,321608,321611,3,5
321603,321608,321611,3,5
321603,321603,321610,7,0
321603,321603,321611,8,0
321603,321609,321611,2,6
321603,321609,321610,1,6
321603,321603,321610,7,0
321603,321609,321610,1,6
321603,321603,321610,7,0
321603,321609,321610,1,6
321603,321609,321611,2,6
321603,321603,321611,8,0
321603,321603,321611,8,0
321603,321603,321611,8,0
321603,321608,321611,3,5
321603,321603,321611,8,0
321603,321603,321611,8,0
321603,321603,321611,8,0
321603,321603,321612,9,0
321603,321603,321612,9,0
321603,321603,321612,9,0
321603,321603,321613,10,0
321603,321603,321614,11,0
321603,321603,321616,13,0
321603,321603,321616,13,0
321626,321626,321627,1,0
321626,321626,321627,1,0
321626,321626,321627,1,0
321626,321626,321627,1,0
321626,321626,321628,2,0
321626,321626,321628,2,0
321626,321626,321629,3,0
321626,321627,321628,1,1
321626,321626,321630,4,0
321626,321626,321630,4,0
321626,321626,321629,3,0
321626,321626,321629,3,0
321626,321626,321630,4,0
321626,321626,321629,3,0
321626,321626,321630,4,0
321626,321628,321630,2,2
321626,321626,321630,4,0
321626,321626,321629,3,0
321626,321628,321630,2,2
321626,321626,321630,4,0
321626,321628,321630,2,2
321626,321626,321631,5,0
321626,321628,321630,2,2
321626,321626,321631,5,0
321626,321628,321631,3,2
321626,321626,321631,5,0
321626,321626,321631,5,0
321626,321626,321631,5,0
321626,321626,321631,5,0
321626,321626,321631,5,0
321626,321626,321631,5,0
321626,321626,321631,5,0
321626,321626,321631,5,0
321626,321629,321631,2,3
321626,321626,321632,6,0
321626,321630,321632,2,4
321626,321626,321632,6,0
321626,321626,321632,6,0
321626,321630,321632,2,4
321626,321630,321632,2,4
321626,321630,321632,2,4
321626,321630,321631,1,4
321626,321626,321632,6,0
321626,321630,321631,1,4
321626,321626,321633,7,0
321626,321626,321633,7,0
321626,321626,321633,7,0
321626,321631,321633,2,5
321626,321631,321633,2,5
321626,321632,321633,1,6
321626,321630,321633,3,4
321626,321631,321633,2,5
321626,321630,321633,3,4
321626,321631,321632,1,5
321626,321630,321633,3,4
321626,321631,321633,2,5
321626,321630,321633,3,4
321626,321626,321633,7,0
321626,321630,321633,3,4
321626,321630,321633,3,4
321626,321631,321633,2,5
321626,321631,321632,1,5
321626,321626,321634,8,0
321626,321626,321634,8,0
321626,321626,321634,8,0
321626,321630,321634,4,4
321626,321626,321634,8,0
321626,321629,321634,5,3
321626,321631,321634,3,5
321626,321631,321634,3,5
321626,321631,321634,3,5
321626,321631,321634,3,5
321626,321631,321634,3,5
321626,321631,321634,3,5
321626,321626,321635,9,0
321626,321626,321635,9,0
321626,321626,321635,9,0
321626,321626,321636,10,0
321626,321626,321638,12,0
321648,321648,321649,1,0
321648,321648,321649,1,0
321648,321648,321650,2,0
321648,321648,321650,2,0
321648,321648,321650,2,0
321648,321648,321649,1,0
321648,321648,321651,3,0
321648,321648,321651,3,0
321648,321648,321650,2,0
321648,321648,321651,3,0
321648,321649,321651,2,1
321648,321649,321650,1,1
321648,321648,321652,4,0
321648,321650,321652,2,2
321648,321650,321652,2,2
321648,321650,321652,2,2
321648,321648,321651,3,0
321648,321648,321652,4,0
321648,321648,321651,3,0
321648,321650,321652,2,2
321648,321648,321653,5,0
321648,321648,321653,5,0
321648,321648,321653,5,0
321648,321651,321653,2,3
321648,321648,321653,5,0
321648,321648,321652,4,0
321648,321648,321653,5,0
321648,321648,321653,5,0
321648,321648,321653,5,0
321648,321648,321653,5,0
321648,321651,321653,2,3
321648,321652,321653,1,4
321648,321648,321654,6,0
321648,321648,321654,6,0
321648,321648,321654,6,0
321648,321652,321654,2,4
321648,321648,321654,6,0
321648,321651,321654,3,3
321648,321648,321654,6,0
321648,321651,321654,3,3
321648,321648,321654,6,0
321648,321652,321654,2,4
321648,321648,321654,6,0
321648,321652,321654,2,4
321648,321653,321654,1,5
321648,321652,321655,3,4
321648,321652,321655,3,4
321648,321653,321654,1,5
321648,321654,321655,1,6
321648,321652,321655,3,4
321648,321653,321655,2,5
321648,321648,321655,7,0
321648,321648,321655,7,0
321648,321653,321655,2,5
321648,321653,321655,2,5
321648,321653,321654,1,5
321648,321653,321655,2,5
321648,321653,321654,1,5
321648,321653,321654,1,5
321648,321648,321655,7,0
321648,321653,321655,2,5
321648,321653,321655,2,5
321648,321648,321656,8,0
321648,321652,321655,3,4
321648,321653,321656,3,5
321648,321654,321656,2,6
321648,321651,321656,5,3
321648,321648,321656,8,0
321648,321648,321657,9,0
321648,321648,321657,9,0
321648,321648,321657,9,0
321648,321648,321657,9,0
321648,321648,321658,10,0
321648,321648,321660,12,0
321648,321648,321660,12,0
321648,321648,321660,12,0
321648,321648,321660,12,0
321648,321651,321661,10,3
321648,321654,321661,7,6
321671,321671,321672,1,0
321671,321671,321672,1,0
321671,321671,321672,1,0
321671,321671,321673,2,0
321671,321671,321672,1,0
321671,321671,321672,1,0
321671,321671,321674,3,0
321671,321671,321673,2,0
321671,321672,321673,1,1
321671,321671,321674,3,0
321671,321671,321675,4,0
321671,321671,321674,3,0
321671,321671,321674,3,0
321671,321671,321674,3,0
321671,321671,321674,3,0
321671,321671,321674,3,0
321671,321673,321675,2,2
321671,321671,321675,4,0
321671,321671,321675,4,0
321671,321671,321676,5,0
321671,321673,321675,2,2
321671,321671,321675,4,0
321671,321671,321675,4,0
321671,321671,321675,4,0
321671,321673,321675,2,2
321671,321671,321676,5,0
321671,321671,321675,4,0
321671,321673,321675,2,2
321671,321674,321675,1,3
321671,321673,321676,3,2
321671,321671,321676,5,0
321671,321671,321677,6,0
321671,321674,321676,2,3
321671,321671,321677,6,0
321671,321671,321676,5,0
321671,321671,321677,6,0
321671,321671,321677,6,0
321671,321671,321677,6,0
321671,321675,321677,2,4
321671,321676,321677,1,5
321671,321671,321678,7,0
321671,321671,321678,7,0
321671,321676,321677,1,5
321671,321676,321677,1,5
321671,321677,321678,1,6
321671,321671,321678,7,0
321671,321671,321677,6,0
321671,321671,321677,6,0
321671,321675,321678,3,4
321671,321676,321678,2,5
321671,321671,321677,6,0
321671,321677,321678,1,6
321671,321677,321678,1,6
321671,321675,321678,3,4
321671,321676,321677,1,5
321671,321676,321677,1,5
321671,321676,321677,1,5
321671,321676,321677,1,5
321671,321676,321677,1,5
321671,321675,321679,4,4
321671,321675,321678,3,4
321671,321675,321678,3,4
321671,321675,321679,4,4
321671,321676,321679,3,5
321671,321674,321679,5,3
321671,321676,321678,2,5
321671,321677,321679,2,6
321671,321677,321678,1,6
321671,321675,321678,3,4
321671,321674,321678,4,3
321671,321675,321679,4,4
321671,321671,321678,7,0
321671,321671,321679,8,0
321671,321671,321681,10,0
321671,321671,321683,12,0
321671,321671,321687,16,0
321671,321671,321687,16,0
321671,321671,321689,18,0
321671,321671,321693,22,0
321703,321703,321704,1,0
321703,321703,321704,1,0
321703,321703,321704,1,0
321703,321703,321704,1,0
321703,321703,321705,2,0
321703,321703,321705,2,0
321703,321704,321705,1,1
321703,321703,321706,3,0
321703,321703,321706,3,0
321703,321703,321706,3,0
321703,321704,321705,1,1
321703,321705,321707,2,2
321703,321703,321707,4,0
321703,321703,321706,3,0
321703,321703,321707,4,0
321703,321703,321706,3,0
321703,321703,321707,4,0
321703,321705,321707,2,2
321703,321705,321707,2,2
321703,321703,321706,3,0
321703,321703,321707,4,0
321703,321703,321707,4,0
321703,321703,321707,4,0
321703,321705,321707,2,2
321703,321703,321708,5,0
321703,321703,321708,5,0
321703,321703,321707,4,0
321703,321703,321708,5,0
321703,321703,321708,5,0
321703,321703,321708,5,0
321703,321706,321707,1,3
321703,321703,321708,5,0
321703,321703,321707,4,0
321703,321705,321708,3,2
321703,321707,321708,1,4
321703,321707,321709,2,4
321703,321703,321709,6,0
321703,321707,321708,1,4
321703,321706,321709,3,3
321703,321703,321708,5,0
321703,321707,321709,2,4
321703,321708,321709,1,5
321703,321703,321709,6,0
321703,321703,321709,6,0
321703,321703,321709,6,0
321703,321708,321709,1,5
321703,321703,321709,6,0
321703,321708,321709,1,5
321703,321703,321709,6,0
321703,321703,321709,6,0
321703,321703,321710,7,0
321703,321708,321709,1,5
321703,321703,321709,6,0
321703,321706,321709,3,3
321703,321703,321710,7,0
321703,321707,321710,3,4
321703,321703,321710,7,0
321703,321707,321710,3,4
321703,321707,321709,2,4
321703,321706,321710,4,3
321703,321707,321710,3,4
321703,321703,321710,7,0
321703,321708,321709,1,5
321703,321708,321709,1,5
321703,321708,321710,2,5
321703,321707,321709,2,4
321703,321703,321710,7,0
321703,321703,321710,7,0
321703,321703,321711,8,0
321703,321708,321710,2,5
321703,321707,321710,3,4
321703,321707,321710,3,4
321703,321707,321710,3,4
321703,321708,321711,3,5
321703,321708,321710,2,5
321703,321708,321711,3,5
321703,321703,321711,8,0
321703,321707,321711,4,4
321703,321703,321712,9,0
321722,321722,321723,1,0
321722,321722,321723,1,0
321722,321722,321723,1,0
321722,321722,321724,2,0
321722,321722,321723,1,0
321722,321722,321724,2,0
321722,321723,321724,1,1
321722,321722,321724,2,0
321722,321722,321724,2,0
321722,321722,321724,2,0
321722,321723,321724,1,1
321722,321722,321726,4,0
321722,321722,321726,4,0
321722,321722,321726,4,0
321722,321722,321726,4,0
321722,321722,321726,4,0
321722,321722,321726,4,0
321722,321722,321726,4,0
321722,321724,321725,1,2
321722,321724,321726,2,2
321722,321725,321727,2,3
321722,321725,321726,1,3
321722,321722,321727,5,0
321722,321722,321726,4,0
321722,321725,321727,2,3
321722,321722,321726,4,0
321722,321722,321726,4,0
321722,321722,321726,4,0
321722,321722,321727,5,0
321722,321725,321727,2,3
321722,321722,321727,5,0
321722,321724,321727,3,2
321722,321722,321728,6,0
321722,321722,321727,5,0
321722,321722,321727,5,0
321722,321722,321728,6,0
321722,321722,321727,5,0
321722,321722,321728,6,0
321722,321722,321728,6,0
321722,321722,321728,6,0
321722,321725,321727,2,3
321722,321726,321727,1,4
321722,321727,321728,1,5
321722,321722,321729,7,0
321722,321728,321729,1,6
321722,321722,321728,6,0
321722,321727,321729,2,5
321722,321727,321729,2,5
321722,321728,321729,1,6
321722,321727,321728,1,5
321722,321728,321729,1,6
321722,321728,321729,1,6
321722,321725,321728,3,3
321722,321726,321728,2,4
321722,321727,321729,2,5
321722,321727,321729,2,5
321722,321727,321729,2,5
321722,321727,321729,2,5
321722,321727,321729,2,5
321722,321727,321728,1,5
321722,321728,321729,1,6
321722,321722,321729,7,0
321722,321726,321729,3,4
321722,321726,321729,3,4
321722,321722,321729,7,0
321722,321722,321730,8,0
321722,321722,321730,8,0
321722,321726,321730,4,4
321722,321727,321729,2,5
321722,321722,321730,8,0
321722,321722,321731,9,0
321722,321722,321731,9,0
321722,321722,321730,8,0
321722,321722,321731,9,0
321722,321722,321732,10,0
321722,321726,321732,6,4
321722,321726,321733,7,4
321722,321726,321735,9,4
321722,321722,321736,14,0
321745,321745,321746,1,0
321745,321745,321746,1,0
321745,321745,321746,1,0
321745,321745,321746,1,0
321745,321745,321746,1,0
321745,321745,321746,1,0
321745,321746,321748,2,1
321745,321745,321749,4,0
321745,321745,321749,4,0
321745,321747,321748,1,2
321745,321747,321749,2,2
321745,321747,321749,2,2
321745,321747,321749,2,2
321745,321747,321749,2,2
321745,321745,321750,5,0
321745,321745,321749,4,0
321745,321745,321749,4,0
321745,321745,321750,5,0
321745,321745,321749,4,0
321745,321745,321749,4,0
321745,321748,321749,1,3
321745,321745,321750,5,0
321745,321749,321750,1,4
321745,321745,321749,4,0
321745,321745,321750,5,0
321745,321749,321750,1,4
321745,321745,321750,5,0
321745,321745,321750,5,0
321745,321745,321750,5,0
321745,321745,321750,5,0
321745,321745,321750,5,0
321745,321749,321751,2,4
321745,321745,321750,5,0
321745,321745,321750,5,0
321745,321749,321750,1,4
321745,321749,321750,1,4
321745,321749,321750,1,4
321745,321749,321750,1,4
321745,321745,321751,6,0
321745,321745,321751,6,0
321745,321745,321751,6,0
321745,321745,321751,6,0
321745,321745,321751,6,0
321745,321745,321751,6,0
321745,321750,321751,1,5
321745,321751,321752,1,6
321745,321745,321751,6,0
321745,321750,321752,2,5
321745,321750,321751,1,5
321745,321750,321752,2,5
321745,321745,321752,7,0
321745,321750,321751,1,5
321745,321751,321752,1,6
321745,321745,321751,6,0
321745,321750,321751,1,5
321745,321745,321751,6,0
321745,321750,321751,1,5
321745,321750,321753,3,5
321745,321745,321752,7,0
321745,321750,321753,3,5
321745,321750,321753,3,5
321745,321745,321752,7,0
321745,321750,321753,3,5
321745,321745,321753,8,0
321745,321745,321753,8,0
321745,321745,321753,8,0
321745,321751,321754,3,6
321745,321750,321754,4,5
321745,321751,321753,2,6
321745,321751,321753,2,6
321745,321751,321753,2,6
321745,321751,321753,2,6
321745,321751,321753,2,6
321745,321751,321754,3,6
321745,321745,321754,9,0
321745,321745,321755,10,0
321745,321745,321755,10,0
321745,321745,321756,11,0
321745,321745,321758,13,0
321767,321767,321768,1,0
321767,321767,321768,1,0
321767,321767,321769,2,0
321767,321767,321769,2,0
321767,321767,321769,2,0
321767,321767,321769,2,0
321767,321768,321770,2,1
321767,321769,321770,1,2
321767,321767,321771,4,0
321767,321769,321771,2,2
321767,321769,321771,2,2
321767,321769,321771,2,2
321767,321768,321771,3,1
321767,321767,321772,5,0
321767,321767,321772,5,0
321767,321767,321772,5,0
321767,321767,321772,5,0
321767,321767,321771,4,0
321767,321767,321772,5,0
321767,321770,321771,1,3
321767,321767,321772,5,0
321767,321767,321772,5,0
321767,321770,321772,2,3
321767,321771,321772,1,4
321767,321767,321772,5,0
321767,321767,321772,5,0
321767,321767,321773,6,0
321767,321767,321773,6,0
321767,321767,321772,5,0
321767,321767,321773,6,0
321767,321767,321772,5,0
321767,321767,321773,6,0
321767,321767,321773,6,0
321767,321767,321773,6,0
321767,321767,321773,6,0
321767,321767,321773,6,0
321767,321767,321773,6,0
321767,321767,321773,6,0
321767,321767,321772,5,0
321767,321771,321773,2,4
321767,321767,321772,5,0
321767,321771,321773,2,4
321767,321767,321773,6,0
321767,321767,321774,7,0
321767,321767,321774,7,0
321767,321772,321774,2,5
321767,321767,321774,7,0
321767,321767,321774,7,0
321767,321772,321774,2,5
321767,321772,321774,2,5
321767,321773,321774,1,6
321767,321773,321774,1,6
321767,321773,321774,1,6
321767,321771,321774,3,4
321767,321773,321774,1,6
321767,321773,321774,1,6
321767,321772,321775,3,5
321767,321772,321775,3,5
321767,321767,321775,8,0
321767,321773,321775,2,6
321767,321772,321775,3,5
321767,321773,321775,2,6
321767,321767,321775,8,0
321767,321767,321775,8,0
321767,321767,321775,8,0
321767,321767,321775,8,0
321767,321767,321775,8,0
321767,321767,321775,8,0
321767,321772,321776,4,5
321767,321767,321776,9,0
321767,321773,321776,3,6
321767,321772,321776,4,5
321767,321773,321776,3,6
321767,321773,321776,3,6
321767,321773,321776,3,6
321767,321773,321776,3,6
321767,321773,321776,3,6
321767,321773,321777,4,6
321767,321771,321777,6,4
321788,321788,321789,1,0
321788,321788,321789,1,0
321788,321788,321789,1,0
321788,321788,321789,1,0
321788,321788,321789,1,0
321788,321788,321789,1,0
321788,321788,321790,2,0
321788,321788,321791,3,0
321788,321788,321791,3,0
321788,321790,321792,2,2
321788,321788,321791,3,0
321788,321790,321792,2,2
321788,321790,321791,1,2
321788,321790,321791,1,2
321788,321790,321791,1,2
321788,321790,321791,1,2
321788,321788,321792,4,0
321788,321788,321792,4,0
321788,321788,321793,5,0
321788,321788,321793,5,0
321788,321788,321793,5,0
321788,321788,321792,4,0
321788,321788,321792,4,0
321788,321792,321793,1,4
321788,321788,321792,4,0
321788,321788,321793,5,0
321788,321788,321793,5,0
321788,321788,321793,5,0
321788,321788,321793,5,0
321788,321788,321793,5,0
321788,321791,321793,2,3
321788,321788,321793,5,0
321788,321788,321793,5,0
321788,321788,321793,5,0
321788,321788,321793,5,0
321788,321792,321794,2,4
321788,321792,321793,1,4
321788,321792,321793,1,4
321788,321793,321794,1,5
321788,321788,321794,6,0
321788,321788,321794,6,0
321788,321792,321794,2,4
321788,321788,321794,6,0
321788,321788,321795,7,0
321788,321788,321794,6,0
321788,321792,321794,2,4
321788,321793,321794,1,5
321788,321793,321794,1,5
321788,321792,321794,2,4
321788,321793,321794,1,5
321788,321793,321794,1,5
321788,321788,321794,6,0
321788,321788,321795,7,0
321788,321794,321796,2,6
321788,321788,321795,7,0
321788,321788,321795,7,0
321788,321788,321795,7,0
321788,321788,321795,7,0
321788,321794,321796,2,6
321788,321794,321795,1,6
321788,321788,321795,7,0
321788,321794,321796,2,6
321788,321793,321797,4,5
321788,321794,321796,2,6
321788,321788,321796,8,0
321788,321794,321797,3,6
321788,321794,321796,2,6
321788,321794,321797,3,6
321788,321792,321796,4,4
321788,321793,321796,3,5
321788,321793,321796,3,5
321788,321793,321796,3,5
321788,321788,321796,8,0
321788,321788,321796,8,0
321788,321792,321797,5,4
321788,321794,321797,3,6
321788,321794,321797,3,6
321788,321788,321798,10,0
321788,321788,321799,11,0
321810,321810,321811,1,0
321810,321810,321811,1,0
321810,321810,321812,2,0
321810,321810,321811,1,0
321810,321810,321811,1,0
321810,321810,321811,1,0
321810,321810,321813,3,0
321810,321811,321813,2,1
321810,321810,321813,3,0
321810,321812,321814,2,2
321810,321812,321814,2,2
321810,321812,321814,2,2
321810,321812,321814,2,2
321810,321810,321814,4,0
321810,321810,321813,3,0
321810,321810,321814,4,0
321810,321810,321815,5,0
321810,321810,321815,5,0
321810,321810,321815,5,0
321810,321814,321815,1,4
321810,321810,321816,6,0
321810,321810,321816,6,0
321810,321810,321816,6,0
321810,321810,321815,5,0
321810,321810,321816,6,0
321810,321810,321816,6,0
321810,321812,321816,4,2
321810,321810,321816,6,0
321810,321810,321816,6,0
321810,321810,321816,6,0
321810,321810,321816,6,0
321810,321810,321816,6,0
321810,321810,321816,6,0
321810,321814,321816,2,4
321810,321810,321816,6,0
321810,321813,321816,3,3
321810,321810,321817,7,0
321810,321810,321817,7,0
321810,321810,321817,7,0
321810,321810,321817,7,0
321810,321810,321817,7,0
321810,321810,321817,7,0
321810,321810,321817,7,0
321810,321814,321817,3,4
321810,321810,321817,7,0
321810,321810,321817,7,0
321810,321810,321816,6,0
321810,321814,321817,3,4
321810,321814,321817,3,4
321810,321816,321817,1,6
321810,321815,321817,2,5
321810,321815,321818,3,5
321810,321815,321818,3,5
321810,321810,321817,7,0
321810,321816,321818,2,6
321810,321816,321818,2,6
321810,321815,321818,3,5
321810,321815,321818,3,5
321810,321813,321818,5,3
321810,321816,321817,1,6
321810,321816,321818,2,6
321810,321810,321818,8,0
321810,321817,321818,1,7
321810,321810,321818,8,0
321810,321816,321818,2,6
321810,321816,321819,3,6
321810,321814,321819,5,4
321810,321816,321819,3,6
321810,321816,321819,3,6
321810,321816,321819,3,6
321810,321816,321819,3,6
321810,321816,321819,3,6
321810,321814,321819,5,4
321810,321816,321819,3,6
321810,321816,321820,4,6
321810,321810,321820,10,0
321810,321810,321820,10,0
321810,321810,321821,11,0
321810,321810,321824,14,0
321835,321835,321836,1,0
321835,321835,321836,1,0
321835,321835,321836,1,0
321835,321835,321836,1,0
321835,321835,321836,1,0
321835,321836,321837,1,1
321835,321835,321837,2,0
321835,321835,321838,3,0
321835,321835,321839,4,0
321835,321835,321838,3,0
321835,321835,321838,3,0
321835,321835,321839,4,0
321835,321835,321838,3,0
321835,321836,321838,2,1
321835,321837,321839,2,2
321835,321835,321838,3,0
321835,321837,321838,1,2
321835,321835,321838,3,0
321835,321835,321840,5,0
321835,321837,321839,2,2
321835,321835,321839,4,0
321835,321835,321839,4,0
321835,321835,321839,4,0
321835,321838,321839,1,3
321835,321835,321839,4,0
321835,321835,321839,4,0
321835,321837,321839,2,2
321835,321835,321839,4,0
321835,321835,321839,4,0
321835,321839,321840,1,4
321835,321835,321840,5,0
321835,321835,321840,5,0
321835,321835,321840,5,0
321835,321835,321840,5,0
321835,321835,321840,5,0
321835,321839,321840,1,4
321835,321839,321840,1,4
321835,321835,321840,5,0
321835,321839,321840,1,4
321835,321840,321841,1,5
321835,321840,321841,1,5
321835,321839,321841,2,4
321835,321840,321841,1,5
321835,321841,321842,1,6
321835,321835,321841,6,0
321835,321840,321841,1,5
321835,321835,321841,6,0
321835,321839,321841,2,4
321835,321840,321841,1,5
321835,321835,321842,7,0
321835,321840,321841,1,5
321835,321835,321842,7,0
321835,321835,321843,8,0
321835,321835,321842,7,0
321835,321840,321842,2,5
321835,321835,321842,7,0
321835,321840,321842,2,5
321835,321840,321842,2,5
321835,321840,321842,2,5
321835,321835,321843,8,0
321835,321835,321842,7,0
321835,321835,321843,8,0
321835,321838,321843,5,3
321835,321840,321842,2,5
321835,321835,321842,7,0
321835,321840,321842,2,5
321835,321835,321843,8,0
321835,321841,321843,2,6
321835,321841,321843,2,6
321835,321839,321843,4,4
321835,321839,321844,5,4
321835,321841,321843,2,6
321835,321839,321844,5,4
321835,321839,321844,5,4
321835,321835,321844,9,0
321835,321839,321845,6,4
321835,321835,321845,10,0
321835,321835,321845,10,0
321856,321856,321857,1,0
321856,321856,321857,1,0
321856,321856,321857,1,0
321856,321856,321857,1,0
321856,321856,321857,1,0
321856,321856,321857,1,0
321856,321856,321859,3,0
321856,321857,321859,2,1
321856,321856,321859,3,0
321856,321857,321859,2,1
321856,321856,321859,3,0
321856,321857,321859,2,1
321856,321856,321860,4,0
321856,321858,321860,2,2
321856,321856,321860,4,0
321856,321856,321859,3,0
321856,321856,321861,5,0
321856,321856,321861,5,0
321856,321858,321860,2,2
321856,321856,321861,5,0
321856,321858,321860,2,2
321856,321859,321861,2,3
321856,321856,321862,6,0
321856,321856,321862,6,0
321856,321856,321861,5,0
321856,321856,321862,6,0
321856,321856,321861,5,0
321856,321856,321862,6,0
321856,321856,321862,6,0
321856,321856,321861,5,0
321856,321860,321862,2,4
321856,321856,321862,6,0
321856,321860,321862,2,4
321856,321856,321862,6,0
321856,321859,321862,3,3
321856,321856,321862,6,0
321856,321856,321861,5,0
321856,321859,321862,3,3
321856,321859,321862,3,3
321856,321856,321862,6,0
321856,321859,321862,3,3
321856,321856,321863,7,0
321856,321856,321862,6,0
321856,321856,321863,7,0
321856,321860,321862,2,4
321856,321860,321863,3,4
321856,321856,321863,7,0
321856,321861,321862,1,5
321856,321861,321862,1,5
321856,321861,321863,2,5
321856,321862,321863,1,6
321856,321856,321864,8,0
321856,321861,321863,2,5
321856,321856,321864,8,0
321856,321856,321863,7,0
321856,321861,321863,2,5
321856,321856,321863,7,0
321856,321856,321864,8,0
321856,321862,321863,1,6
321856,321856,321864,8,0
321856,321856,321863,7,0
321856,321861,321864,3,5
321856,321862,321863,1,6
321856,321862,321863,1,6
321856,321856,321864,8,0
321856,321862,321863,1,6
321856,321856,321863,7,0
321856,321862,321864,2,6
321856,321862,321865,3,6
321856,321859,321864,5,3
321856,321862,321865,3,6
321856,321856,321864,8,0
321856,321862,321865,3,6
321856,321862,321865,3,6
321856,321856,321864,8,0
321856,321862,321865,3,6
321856,321862,321865,3,6
321856,321862,321865,3,6
321856,321856,321866,10,0
321878,321878,321879,1,0
321878,321878,321879,1,0
321878,321878,321879,1,0
321878,321878,321879,1,0
321878,321878,321879,1,0
321878,321878,321879,1,0
321878,321878,321880,2,0
321878,321878,321881,3,0
321878,321878,321881,3,0
321878,321878,321882,4,0
321878,321878,321881,3,0
321878,321879,321881,2,1
321878,321878,321881,3,0
321878,321880,321881,1,2
321878,321878,321881,3,0
321878,321878,321881,3,0
321878,321880,321881,1,2
321878,321878,321881,3,0
321878,321880,321881,1,2
321878,321878,321882,4,0
321878,321878,321882,4,0
321878,321878,321883,5,0
321878,321878,321882,4,0
321878,321878,321882,4,0
321878,321880,321882,2,2
321878,321878,321882,4,0
321878,321878,321883,5,0
321878,321878,321882,4,0
321878,321878,321882,4,0
321878,321878,321882,4,0
321878,321880,321882,2,2
321878,321878,321882,4,0
321878,321878,321884,6,0
321878,321878,321883,5,0
321878,321878,321883,5,0
321878,321878,321884,6,0
321878,321878,321883,5,0
321878,321878,321883,5,0
321878,321882,321883,1,4
321878,321878,321883,5,0
321878,321882,321884,2,4
321878,321882,321884,2,4
321878,321882,321883,1,4
321878,321882,321883,1,4
321878,321882,321883,1,4
321878,321878,321884,6,0
321878,321883,321885,2,5
321878,321878,321884,6,0
321878,321883,321885,2,5
321878,321878,321884,6,0
321878,321878,321884,6,0
321878,321883,321884,1,5
321878,321883,321884,1,5
321878,321883,321884,1,5
321878,321882,321884,2,4
321878,321883,321884,1,5
321878,321882,321884,2,4
321878,321883,321884,1,5
321878,321882,321884,2,4
321878,321883,321884,1,5
321878,321883,321884,1,5
321878,321881,321885,4,3
321878,321883,321885,2,5
321878,321883,321885,2,5
321878,321878,321885,7,0
321878,321883,321885,2,5
321878,321878,321885,7,0
321878,321884,321885,1,6
321878,321882,321885,3,4
321878,321883,321885,2,5
321878,321884,321886,2,6
321878,321878,321887,9,0
321878,321884,321886,2,6
321878,321882,321886,4,4
321878,321882,321886,4,4
321878,321878,321887,9,0
321878,321878,321889,11,0
321878,321878,321888,10,0
321878,321878,321892,14,0
321902,321902,321903,1,0
321902,321902,321903,1,0
321902,321902,321903,1,0
321902,321902,321903,1,0
321902,321902,321903,1,0
321902,321902,321903,1,0
321902,321903,321904,1,1
321902,321903,321904,1,1
321902,321902,321904,2,0
321902,321903,321904,1,1
321902,321904,321905,1,2
321902,321904,321905,1,2
321902,321902,321905,3,0
321902,321902,321905,3,0
321902,321902,321905,3,0
321902,321904,321905,1,2
321902,321902,321906,4,0
321902,321902,321906,4,0
321902,321902,321906,4,0
321902,321902,321905,3,0
321902,321902,321907,5,0
321902,321902,321907,5,0
321902,321902,321907,5,0
321902,321902,321907,5,0
321902,321902,321906,4,0
321902,321904,321906,2,2
321902,321906,321907,1,4
321902,321905,321907,2,3
321902,321906,321907,1,4
321902,321905,321906,1,3
321902,321905,321907,2,3
321902,321905,321907,2,3
321902,321905,321906,1,3
321902,321902,321907,5,0
321902,321902,321908,6,0
321902,321902,321907,5,0
321902,321902,321907,5,0
321902,321902,321908,6,0
321902,321902,321907,5,0
321902,321902,321907,5,0
321902,321902,321908,6,0
321902,321907,321908,1,5
321902,321902,321907,5,0
321902,321906,321907,1,4
321902,321906,321907,1,4
321902,321906,321907,1,4
321902,321902,321909,7,0
321902,321902,321908,6,0
321902,321906,321908,2,4
321902,321906,321908,2,4
321902,321906,321908,2,4
321902,321902,321908,6,0
321902,321902,321908,6,0
321902,321907,321908,1,5
321902,321907,321908,1,5
321902,321902,321909,7,0
321902,321902,321908,6,0
321902,321907,321908,1,5
321902,321902,321908,6,0
321902,321907,321908,1,5
321902,321907,321908,1,5
321902,321907,321908,1,5
321902,321907,321908,1,5
321902,321907,321908,1,5
321902,321902,321910,8,0
321902,321902,321910,8,0
321902,321907,321909,2,5
321902,321907,321909,2,5
321902,321902,321909,7,0
321902,321902,321910,8,0
321902,321902,321910,8,0
321902,321902,321910,8,0
321902,321902,321909,7,0
321902,321908,321910,2,6
321902,321908,321910,2,6
321902,321907,321909,2,5
321902,321907,321909,2,5
321902,321902,321909,7,0
321902,321902,321912,10,0
321922,321922,321923,1,0
321922,321922,321923,1,0
321922,321922,321923,1,0
321922,321922,321924,2,0
321922,321922,321923,1,0
321922,321922,321923,1,0
321922,321922,321923,1,0
321922,321922,321925,3,0
321922,321923,321924,1,1
321922,321923,321924,1,1
321922,321923,321925,2,1
321922,321922,321925,3,0
321922,321922,321926,4,0
321922,321924,321925,1,2
321922,321924,321925,1,2
321922,321922,321925,3,0
321922,321925,321926,1,3
321922,321924,321925,1,2
321922,321925,321926,1,3
321922,321924,321926,2,2
321922,321925,321926,1,3
321922,321922,321926,4,0
321922,321922,321927,5,0
321922,321922,321927,5,0
321922,321922,321927,5,0
321922,321922,321928,6,0
321922,321922,321927,5,0
321922,321922,321927,5,0
321922,321925,321928,3,3
321922,321922,321927,5,0
321922,321926,321927,1,4
321922,321926,321927,1,4
321922,321926,321927,1,4
321922,321926,321927,1,4
321922,321926,321927,1,4
321922,321926,321927,1,4
321922,321926,321927,1,4
321922,321926,321927,1,4
321922,321927,321928,1,5
321922,321926,321927,1,4
321922,321926,321927,1,4
321922,321922,321929,7,0
321922,321922,321928,6,0
321922,321922,321929,7,0
321922,321922,321928,6,0
321922,321922,321928,6,0
321922,321922,321929,7,0
321922,321922,321928,6,0
321922,321928,321929,1,6
321922,321922,321928,6,0
321922,321928,321929,1,6
321922,321922,321928,6,0
321922,321922,321928,6,0
321922,321927,321928,1,5
321922,321922,321929,7,0
321922,321927,321929,2,5
321922,321928,321930,2,6
321922,321922,321929,7,0
321922,321928,321930,2,6
321922,321928,321929,1,6
321922,321928,321929,1,6
321922,321928,321929,1,6
321922,321928,321929,1,6
321922,321922,321929,7,0
321922,321922,321930,8,0
321922,321922,321931,9,0
321922,321922,321930,8,0
321922,321922,321930,8,0
321922,321922,321931,9,0
321922,321928,321930,2,6
321922,321922,321930,8,0
321922,321928,321930,2,6
321922,321928,321931,3,6
321922,321922,321931,9,0
321922,321922,321932,10,0
321922,321922,321931,9,0
321922,321922,321933,11,0
321922,321922,321932,10,0
321922,321922,321935,13,0
321945,321945,321946,1,0
321945,321945,321947,2,0
321945,321945,321946,1,0
321945,321945,321947,2,0
321945,321945,321946,1,0
321945,321945,321946,1,0
321945,321945,321948,3,0
321945,321946,321948,2,1
321945,321947,321949,2,2
321945,321948,321949,1,3
321945,321947,321949,2,2
321945,321948,321949,1,3
321945,321948,321949,1,3
321945,321945,321950,5,0
321945,321945,321950,5,0
321945,321945,321950,5,0
321945,321945,321951,6,0
321945,321945,321950,5,0
321945,321945,321950,5,0
321945,321949,321950,1,4
321945,321945,321950,5,0
321945,321945,321951,6,0
321945,321945,321951,6,0
321945,321950,321951,1,5
321945,321950,321951,1,5
321945,321951,321952,1,6
321945,321945,321951,6,0
321945,321945,321951,6,0
321945,321945,321951,6,0
321945,321945,321951,6,0
321945,321950,321951,1,5
321945,321945,321951,6,0
321945,321950,321951,1,5
321945,321945,321952,7,0
321945,321945,321952,7,0
321945,321945,321952,7,0
321945,321945,321952,7,0
321945,321945,321952,7,0
321945,321950,321952,2,5
321945,321949,321952,3,4
321945,321945,321952,7,0
321945,321945,321952,7,0
321945,321952,321953,1,7
321945,321945,321952,7,0
321945,321951,321952,1,6
321945,321952,321953,1,7
321945,321952,321953,1,7
321945,321945,321953,8,0
321945,321951,321952,1,6
321945,321952,321953,1,7
321945,321945,321952,7,0
321945,321951,321953,2,6
321945,321951,321952,1,6
321945,321952,321953,1,7
321945,321945,321953,8,0
321945,321945,321953,8,0
321945,321945,321953,8,0
321945,321945,321953,8,0
321945,321945,321953,8,0
321945,321945,321953,8,0
321945,321951,321953,2,6
321945,321952,321954,2,7
321945,321952,321953,1,7
321945,321952,321953,1,7
321945,321952,321953,1,7
321945,321952,321953,1,7
321945,321952,321953,1,7
321945,321952,321953,1,7
321945,321945,321954,9,0
321945,321952,321954,2,7
321945,321945,321954,9,0
321945,321952,321954,2,7
321945,321945,321955,10,0
321945,321945,321956,11,0
321945,321945,321957,12,0
321945,321945,321957,12,0
321945,321945,321958,13,0
321968,321968,321969,1,0
321968,321968,321970,2,0
321968,321968,321970,2,0
321968,321968,321970,2,0
321968,321968,321970,2,0
321968,321968,321970,2,0
321968,321968,321971,3,0
321968,321970,321971,1,2
321968,321968,321972,4,0
321968,321968,321972,4,0
321968,321971,321972,1,3
321968,321971,321972,1,3
321968,321968,321972,4,0
321968,321971,321972,1,3
321968,321971,321972,1,3
321968,321971,321972,1,3
321968,321968,321973,5,0
321968,321968,321973,5,0
321968,321968,321973,5,0
321968,321968,321973,5,0
321968,321972,321973,1,4
321968,321968,321973,5,0
321968,321968,321973,5,0
321968,321968,321974,6,0
321968,321972,321974,2,4
321968,321968,321974,6,0
321968,321968,321974,6,0
321968,321968,321974,6,0
321968,321968,321974,6,0
321968,321968,321974,6,0
321968,321973,321974,1,5
321968,321968,321974,6,0
321968,321973,321974,1,5
321968,321973,321974,1,5
321968,321974,321975,1,6
321968,321968,321974,6,0
321968,321973,321974,1,5
321968,321973,321974,1,5
321968,321974,321975,1,6
321968,321968,321974,6,0
321968,321968,321975,7,0
321968,321968,321975,7,0
321968,321973,321975,2,5
321968,321968,321975,7,0
321968,321968,321975,7,0
321968,321974,321975,1,6
321968,321968,321975,7,0
321968,321973,321975,2,5
321968,321968,321976,8,0
321968,321975,321976,1,7
321968,321975,321976,1,7
321968,321975,321976,1,7
321968,321975,321976,1,7
321968,321975,321976,1,7
321968,321968,321976,8,0
321968,321968,321976,8,0
321968,321974,321976,2,6
321968,321968,321976,8,0
321968,321968,321976,8,0
321968,321975,321976,1,7
321968,321975,321976,1,7
321968,321975,321976,1,7
321968,321975,321976,1,7
321968,321975,321976,1,7
321968,321968,321977,9,0
321968,321974,321977,3,6
321968,321974,321977,3,6
321968,321968,321977,9,0
321968,321975,321977,2,7
321968,321968,321977,9,0
321968,321975,321977,2,7
321968,321968,321977,9,0
321968,321974,321977,3,6
321968,321968,321978,10,0
321968,321973,321978,5,5
321968,321968,321978,10,0
321968,321968,321978,10,0
321968,321968,321978,10,0
321968,321968,321979,11,0
321990,321990,321991,1,0
321990,321990,321991,1,0
321990,321990,321991,1,0
321990,321990,321991,1,0
321990,321990,321991,1,0
321990,321990,321991,1,0
321990,321991,321993,2,1
321990,321991,321992,1,1
321990,321990,321993,3,0
321990,321990,321993,3,0
321990,321990,321993,3,0
321990,321992,321993,1,2
321990,321990,321993,3,0
321990,321992,321993,1,2
321990,321990,321993,3,0
321990,321992,321993,1,2
321990,321990,321993,3,0
321990,321992,321993,1,2
321990,321990,321994,4,0
321990,321990,321994,4,0
321990,321990,321994,4,0
321990,321990,321994,4,0
321990,321990,321995,5,0
321990,321990,321994,4,0
321990,321990,321994,4,0
321990,321993,321994,1,3
321990,321990,321994,4,0
321990,321993,321994,1,3
321990,321990,321995,5,0
321990,321990,321996,6,0
321990,321990,321996,6,0
321990,321990,321996,6,0
321990,321990,321995,5,0
321990,321994,321996,2,4
321990,321990,321996,6,0
321990,321994,321995,1,4
321990,321994,321996,2,4
321990,321994,321996,2,4
321990,321995,321996,1,5
321990,321994,321995,1,4
321990,321994,321995,1,4
321990,321990,321996,6,0
321990,321990,321997,7,0
321990,321994,321997,3,4
321990,321990,321996,6,0
321990,321994,321996,2,4
321990,321995,321996,1,5
321990,321990,321996,6,0
321990,321995,321996,1,5
321990,321990,321997,7,0
321990,321995,321996,1,5
321990,321995,321996,1,5
321990,321996,321997,1,6
321990,321995,321996,1,5
321990,321995,321996,1,5
321990,321996,321997,1,6
321990,321990,321997,7,0
321990,321996,321997,1,6
321990,321996,321998,2,6
321990,321996,321997,1,6
321990,321990,321997,7,0
321990,321996,321997,1,6
321990,321990,321997,7,0
321990,321994,321998,4,4
321990,321990,321998,8,0
321990,321995,321998,3,5
321990,321995,321998,3,5
321990,321996,321998,2,6
321990,321995,321998,3,5
321990,321990,321999,9,0
321990,321990,322000,10,0
321990,321990,321999,9,0
321990,321990,322000,10,0
321990,321990,321999,9,0
321990,321990,321999,9,0
321990,321990,322000,10,0
321990,321990,322001,11,0
321990,321994,322000,6,4
321990,321990,322000,10,0
322011,322011,322012,1,0
322011,322011,322012,1,0
322011,322011,322012,1,0
322011,322011,322012,1,0
322011,322011,322012,1,0
322011,322011,322012,1,0
322011,322011,322015,4,0
322011,322011,322014,3,0
322011,322011,322015,4,0
322011,322011,322015,4,0
322011,322011,322014,3,0
322011,322013,322014,1,2
322011,322013,322015,2,2
322011,322013,322015,2,2
322011,322011,322015,4,0
322011,322011,322015,4,0
322011,322011,322015,4,0
322011,322011,322015,4,0
322011,322013,322015,2,2
322011,322013,322015,2,2
322011,322011,322015,4,0
322011,322013,322015,2,2
322011,322011,322015,4,0
322011,322011,322016,5,0
322011,322015,322017,2,4
322011,322011,322017,6,0
322011,322015,322016,1,4
322011,322011,322016,5,0
322011,322011,322016,5,0
322011,322015,322017,2,4
322011,322011,322017,6,0
322011,322015,322016,1,4
322011,322011,322018,7,0
322011,322011,322018,7,0
322011,322011,322017,6,0
322011,322011,322018,7,0
322011,322011,322018,7,0
322011,322016,322018,2,5
322011,322016,322018,2,5
322011,322011,322017,6,0
322011,322016,322017,1,5
322011,322017,322018,1,6
322011,322011,322018,7,0
322011,322016,322017,1,5
322011,322011,322018,7,0
322011,322016,322017,1,5
322011,322017,322018,1,6
322011,322016,322017,1,5
322011,322011,322018,7,0
322011,322016,322019,3,5
322011,322015,322019,4,4
322011,322017,322018,1,6
322011,322017,322018,1,6
322011,322017,322019,2,6
322011,322017,322019,2,6
322011,322017,322018,1,6
322011,322017,322019,2,6
322011,322017,322018,1,6
322011,322011,322019,8,0
322011,322011,322020,9,0
322011,322016,322019,3,5
322011,322011,322019,8,0
322011,322011,322020,9,0
322011,322015,322019,4,4
322011,322011,322019,8,0
322011,322018,322020,2,7
322011,322011,322019,8,0
322011,322018,322020,2,7
322011,322011,322021,10,0
322011,322015,322021,6,4
322011,322011,322020,9,0
322011,322011,322020,9,0
322011,322016,322020,4,5
322011,322011,322020,9,0
322011,322011,322021,10,0
322011,322018,322020,2,7
322011,322015,322022,7,4
322011,322011,322023,12,0
322011,322011,322023,12,0
322034,322034,322035,1,0
322034,322034,322035,1,0
322034,322034,322035,1,0
322034,322034,322035,1,0
322034,322034,322035,1,0
322034,322034,322035,1,0
322034,322034,322037,3,0
322034,322035,322037,2,1
322034,322034,322038,4,0
322034,322034,322037,3,0
322034,322036,322038,2,2
322034,322036,322037,1,2
322034,322036,322037,1,2
322034,322036,322038,2,2
322034,322036,322037,1,2
322034,322034,322038,4,0
322034,322034,322038,4,0
322034,322034,322038,4,0
322034,322034,322038,4,0
322034,322034,322038,4,0
322034,322037,322039,2,3
322034,322034,322038,4,0
322034,322034,322040,6,0
322034,322034,322040,6,0
322034,322038,322039,1,4
322034,322034,322039,5,0
322034,322038,322039,1,4
322034,322034,322039,5,0
322034,322034,322039,5,0
322034,322038,322040,2,4
322034,322034,322039,5,0
322034,322034,322040,6,0
322034,322037,322039,2,3
322034,322038,322039,1,4
322034,322034,322040,6,0
322034,322034,322040,6,0
322034,322038,322041,3,4
322034,322034,322041,7,0
322034,322034,322040,6,0
322034,322034,322040,6,0
322034,322034,322040,6,0
322034,322034,322041,7,0
322034,322040,322041,1,6
322034,322040,322041,1,6
322034,322034,322041,7,0
322034,322040,322041,1,6
322034,322040,322041,1,6
322034,322034,322041,7,0
322034,322038,322040,2,4
322034,322039,322040,1,5
322034,322040,322041,1,6
322034,322039,322040,1,5
322034,322040,322041,1,6
322034,322040,322041,1,6
322034,322034,322042,8,0
322034,322034,322041,7,0
322034,322039,322042,3,5
322034,322039,322042,3,5
322034,322034,322042,8,0
322034,322038,322041,3,4
322034,322039,322042,3,5
322034,322040,322041,1,6
322034,322040,322041,1,6
322034,322040,322041,1,6
322034,322040,322041,1,6
322034,322034,322042,8,0
322034,322041,322043,2,7
322034,322034,322043,9,0
322034,322034,322042,8,0
322034,322034,322042,8,0
322034,322039,322042,3,5
322034,322034,322043,9,0
322034,322040,322042,2,6
322034,322039,322042,3,5
322034,322034,322043,9,0
322034,322034,322044,10,0
322034,322034,322045,11,0
322034,322034,322045,11,0
322034,322034,322045,11,0
322056,322056,322057,1,0
322056,322056,322057,1,0
322056,322056,322057,1,0
322056,322056,322057,1,0
322056,322056,322057,1,0
322056,322056,322058,2,0
322056,322057,322059,2,1
322056,322057,322059,2,1
322056,322056,322059,3,0
322056,322058,322060,2,2
322056,322056,322060,4,0
322056,322058,322059,1,2
322056,322057,322059,2,1
322056,322058,322059,1,2
322056,322056,322061,5,0
322056,322056,322061,5,0
322056,322056,322060,4,0
322056,322056,322061,5,0
322056,322056,322060,4,0
322056,322056,322060,4,0
322056,322059,322060,1,3
322056,322056,322060,4,0
322056,322056,322061,5,0
322056,322059,322060,1,3
322056,322056,322061,5,0
322056,322056,322062,6,0
322056,322056,322061,5,0
322056,322056,322061,5,0
322056,322056,322061,5,0
322056,322056,322061,5,0
322056,322060,322062,2,4
322056,322056,322061,5,0
322056,322056,322061,5,0
322056,322060,322062,2,4
322056,322060,322062,2,4
322056,322056,322061,5,0
322056,322056,322062,6,0
322056,322060,322062,2,4
322056,322060,322061,1,4
322056,322056,322061,5,0
322056,322056,322062,6,0
322056,322056,322063,7,0
322056,322056,322062,6,0
322056,322056,322062,6,0
322056,322056,322063,7,0
322056,322061,322062,1,5
322056,322062,322063,1,6
322056,322061,322062,1,5
322056,322061,322062,1,5
322056,322061,322062,1,5
322056,322061,322062,1,5
322056,322062,322063,1,6
322056,322062,322063,1,6
322056,322062,322063,1,6
322056,322056,322063,7,0
322056,322061,322064,3,5
322056,322062,322064,2,6
322056,322056,322063,7,0
322056,322061,322064,3,5
322056,322056,322063,7,0
322056,322056,322063,7,0
322056,322062,322063,1,6
322056,322062,322063,1,6
322056,322062,322063,1,6
322056,322061,322063,2,5
322056,322062,322063,1,6
322056,322056,322064,8,0
322056,322056,322064,8,0
322056,322056,322065,9,0
322056,322056,322065,9,0
322056,322062,322064,2,6
322056,322056,322064,8,0
322056,322056,322064,8,0
322056,322056,322064,8,0
322056,322056,322064,8,0
322056,322060,322064,4,4
322056,322061,322064,3,5
322056,322061,322064,3,5
322056,322061,322065,4,5
322076,322076,322077,1,0
322076,322076,322078,2,0
322076,322076,322078,2,0
322076,322076,322077,1,0
322076,322076,322078,2,0
322076,322076,322078,2,0
322076,322076,322080,4,0
322076,322076,322080,4,0
322076,322077,322080,3,1
322076,322078,322080,2,2
322076,322078,322080,2,2
322076,322078,322080,2,2
322076,322078,322080,2,2
322076,322076,322081,5,0
322076,322076,322081,5,0
322076,322076,322081,5,0
322076,322076,322081,5,0
322076,322076,322081,5,0
322076,322076,322081,5,0
322076,322078,322081,3,2
322076,322076,322082,6,0
322076,322076,322082,6,0
322076,322076,322082,6,0
322076,322076,322082,6,0
322076,322076,322082,6,0
322076,322080,322082,2,4
322076,322076,322082,6,0
322076,322080,322081,1,4
322076,322081,322082,1,5
322076,322076,322082,6,0
322076,322080,322082,2,4
322076,322076,322082,6,0
322076,322076,322082,6,0
322076,322080,322082,2,4
322076,322076,322082,6,0
322076,322080,322082,2,4
322076,322076,322082,6,0
322076,322080,322082,2,4
322076,322076,322083,7,0
322076,322076,322082,6,0
322076,322076,322083,7,0
322076,322080,322083,3,4
322076,322076,322083,7,0
322076,322082,322083,1,6
322076,322083,322084,1,7
322076,322076,322083,7,0
322076,322083,322084,1,7
322076,322076,322083,7,0
322076,322083,322084,1,7
322076,322076,322084,8,0
322076,322083,322084,1,7
322076,322081,322084,3,5
322076,322076,322084,8,0
322076,322081,322083,2,5
322076,322076,322084,8,0
322076,322082,322084,2,6
322076,322076,322084,8,0
322076,322081,322084,3,5
322076,322082,322084,2,6
322076,322076,322084,8,0
322076,322082,322084,2,6
322076,322076,322084,8,0
322076,322081,322084,3,5
322076,322076,322084,8,0
322076,322083,322084,1,7
322076,322076,322084,8,0
322076,322083,322084,1,7
322076,322083,322084,1,7
322076,322076,322085,9,0
322076,322076,322085,9,0
322076,322082,322085,3,6
322076,322082,322085,3,6
322076,322082,322085,3,6
322076,322076,322086,10,0
322076,322076,322086,10,0
322076,322076,322088,12,0
322098,322098,322100,2,0
322098,322098,322099,1,0
322098,322098,322100,2,0
322098,322098,322100,2,0
322098,322098,322099,1,0
322098,322098,322101,3,0
322098,322098,322102,4,0
322098,322098,322102,4,0
322098,322100,322102,2,2
322098,322100,322102,2,2
322098,322100,322102,2,2
322098,322098,322102,4,0
322098,322098,322103,5,0
322098,322098,322103,5,0
322098,322098,322103,5,0
322098,322098,322103,5,0
322098,322098,322103,5,0
322098,322100,322102,2,2
322098,322098,322103,5,0
322098,322098,322103,5,0
322098,322100,322103,3,2
322098,322098,322103,5,0
322098,322098,322103,5,0
322098,322101,322103,2,3
322098,322098,322104,6,0
322098,322098,322104,6,0
322098,322098,322104,6,0
322098,322098,322103,5,0
322098,322098,322104,6,0
322098,322098,322104,6,0
322098,322102,322103,1,4
322098,322103,322104,1,5
322098,322102,322104,2,4
322098,322103,322104,1,5
322098,322102,322103,1,4
322098,322103,322104,1,5
322098,322098,322105,7,0
322098,322102,322105,3,4
322098,322098,322105,7,0
322098,322103,322105,2,5
322098,322098,322105,7,0
322098,322098,322105,7,0
322098,322102,322105,3,4
322098,322103,322105,2,5
322098,322098,322105,7,0
322098,322103,322105,2,5
322098,322103,322105,2,5
322098,322103,322104,1,5
322098,322103,322105,2,5
322098,322104,322105,1,6
322098,322098,322104,6,0
322098,322098,322105,7,0
322098,322104,322105,1,6
322098,322098,322105,7,0
322098,322104,322105,1,6
322098,322104,322105,1,6
322098,322098,322105,7,0
322098,322103,322106,3,5
322098,322103,322106,3,5
322098,322098,322106,8,0
322098,322103,322106,3,5
322098,322103,322105,2,5
322098,322098,322106,8,0
322098,322104,322106,2,6
322098,322104,322106,2,6
322098,322104,322105,1,6
322098,322098,322106,8,0
322098,322104,322105,1,6
322098,322104,322106,2,6
322098,322098,322107,9,0
322098,322098,322106,8,0
322098,322104,322106,2,6
322098,322098,322107,9,0
322098,322104,322107,3,6
322098,322098,322108,10,0
322098,322098,322108,10,0
322098,322098,322108,10,0
322098,322098,322108,10,0
322098,322098,322110,12,0
322120,322120,322121,1,0
322120,322120,322121,1,0
322120,322120,322121,1,0
322120,322120,322121,1,0
322120,322120,322122,2,0
322120,322120,322121,1,0
322120,322120,322122,2,0
322120,322120,322124,4,0
322120,322120,322123,3,0
322120,322122,322124,2,2
322120,322122,322124,2,2
322120,322120,322124,4,0
322120,322120,322124,4,0
322120,322120,322125,5,0
322120,322120,322125,5,0
322120,322122,322124,2,2
322120,322122,322124,2,2
322120,322120,322124,4,0
322120,322122,322124,2,2
322120,322122,322124,2,2
322120,322120,322125,5,0
322120,322124,322125,1,4
322120,322120,322125,5,0
322120,322120,322125,5,0
322120,322120,322126,6,0
322120,322124,322125,1,4
322120,322120,322126,6,0
322120,322120,322126,6,0
322120,322120,322126,6,0
322120,322120,322126,6,0
322120,322125,322126,1,5
322120,322120,322126,6,0
322120,322120,322125,5,0
322120,322125,322126,1,5
322120,322120,322126,6,0
322120,322125,322126,1,5
322120,322125,322126,1,5
322120,322125,322126,1,5
322120,322123,322127,4,3
322120,322124,322127,3,4
322120,322120,322126,6,0
322120,322120,322127,7,0
322120,322126,322127,1,6
322120,322125,322127,2,5
322120,322120,322126,6,0
322120,322125,322127,2,5
322120,322124,322126,2,4
322120,322120,322127,7,0
322120,322126,322127,1,6
322120,322120,322127,7,0
322120,322120,322126,6,0
322120,322120,322126,6,0
322120,322125,322126,1,5
322120,322126,322128,2,6
322120,322125,322127,2,5
322120,322125,322128,3,5
322120,322126,322128,2,6
322120,322120,322128,8,0
322120,322126,322127,1,6
322120,322126,322128,2,6
322120,322125,322127,2,5
322120,322126,322128,2,6
322120,322126,322127,1,6
322120,322126,322127,1,6
322120,322126,322127,1,6
322120,322120,322128,8,0
322120,322126,322127,1,6
322120,322120,322129,9,0
322120,322126,322128,2,6
322120,322120,322128,8,0
322120,322126,322128,2,6
322120,322120,322129,9,0
322120,322120,322130,10,0
322120,322120,322130,10,0
322120,322120,322129,9,0
322120,322120,322129,9,0
322120,322120,322131,11,0
322120,322120,322131,11,0
322120,322120,322130,10,0
322141,322141,322142,1,0
322141,322141,322142,1,0
322141,322141,322143,2,0
322141,322141,322142,1,0
322141,322141,322142,1,0
322141,322141,322143,2,0
322141,322141,322145,4,0
322141,322141,322145,4,0
322141,322143,322145,2,2
322141,322143,322145,2,2
322141,322141,322145,4,0
322141,322143,322145,2,2
322141,322143,322145,2,2
322141,322143,322145,2,2
322141,322141,322145,4,0
322141,322141,322146,5,0
322141,322141,322145,4,0
322141,322141,322146,5,0
322141,322141,322146,5,0
322141,322141,322146,5,0
322141,322143,322146,3,2
322141,322141,322146,5,0
322141,322145,322146,1,4
322141,322141,322147,6,0
322141,322141,322147,6,0
322141,322141,322147,6,0
322141,322141,322147,6,0
322141,322141,322147,6,0
322141,322141,322147,6,0
322141,322145,322146,1,4
322141,322141,322147,6,0
322141,322141,322147,6,0
322141,322141,322147,6,0
322141,322141,322147,6,0
322141,322145,322146,1,4
322141,322145,322147,2,4
322141,322141,322147,6,0
322141,322145,322147,2,4
322141,322146,322147,1,5
322141,322141,322148,7,0
322141,322146,322148,2,5
322141,322141,322147,6,0
322141,322145,322148,3,4
322141,322147,322148,1,6
322141,322141,322147,6,0
322141,322141,322148,7,0
322141,322146,322148,2,5
322141,322148,322149,1,7
322141,322147,322149,2,6
322141,322141,322149,8,0
322141,322146,322149,3,5
322141,322146,322149,3,5
322141,322146,322149,3,5
322141,322146,322149,3,5
322141,322146,322149,3,5
322141,322141,322149,8,0
322141,322147,322149,2,6
322141,322141,322149,8,0
322141,322147,322148,1,6
322141,322147,322149,2,6
322141,322147,322149,2,6
322141,322148,322149,1,7
322141,322147,322149,2,6
322141,322141,322149,8,0
322141,322147,322150,3,6
322141,322141,322150,9,0
322141,322147,322150,3,6
322141,322141,322150,9,0
322141,322141,322149,8,0
322141,322146,322150,4,5
322141,322141,322150,9,0
322141,322145,322150,5,4
322141,322141,322150,9,0
322141,322145,322151,6,4
322141,322141,322151,10,0
322141,322141,322151,10,0
322141,322141,322154,13,0
322141,322141,322156,15,0
322166,322166,322167,1,0
322166,322166,322167,1,0
322166,322166,322167,1,0
322166,322166,322167,1,0
322166,322166,322167,1,0
322166,322166,322167,1,0
322166,322166,322168,2,0
322166,322166,322168,2,0
322166,322167,322168,1,1
322166,322166,322169,3,0
322166,322166,322169,3,0
322166,322166,322170,4,0
322166,322168,322169,1,2
322166,322168,322169,1,2
322166,322168,322169,1,2
322166,322166,322170,4,0
322166,322168,322169,1,2
322166,322168,322170,2,2
322166,322166,322170,4,0
322166,322169,322170,1,3
322166,322169,322170,1,3
322166,322166,322171,5,0
322166,322166,322172,6,0
322166,322166,322171,5,0
322166,322166,322171,5,0
322166,322166,322172,6,0
322166,322170,322171,1,4
322166,322166,322171,5,0
322166,322166,322171,5,0
322166,322170,322171,1,4
322166,322166,322171,5,0
322166,322166,322171,5,0
322166,322170,322171,1,4
322166,322170,322171,1,4
322166,322166,322171,5,0
322166,322170,322171,1,4
322166,322171,322172,1,5
322166,322166,322171,5,0
322166,322166,322172,6,0
322166,322170,322171,1,4
322166,322171,322172,1,5
322166,322166,322172,6,0
322166,322166,322172,6,0
322166,322166,322172,6,0
322166,322166,322172,6,0
322166,322166,322172,6,0
322166,322170,322172,2,4
322166,322166,322172,6,0
322166,322166,322172,6,0
322166,322172,322173,1,6
322166,322172,322173,1,6
322166,322172,322173,1,6
322166,322172,322173,1,6
322166,322172,322173,1,6
322166,322172,322173,1,6
322166,322166,322174,8,0
322166,322170,322174,4,4
322166,322169,322173,4,3
322166,322166,322173,7,0
322166,322170,322174,4,4
322166,322172,322173,1,6
322166,322172,322174,2,6
322166,322172,322173,1,6
322166,322166,322174,8,0
322166,322172,322173,1,6
322166,322172,322173,1,6
322166,322172,322173,1,6
322166,322172,322173,1,6
322166,322171,322174,3,5
322166,322172,322175,3,6
322166,322166,322174,8,0
322166,322166,322174,8,0
322166,322166,322175,9,0
322166,322166,322175,9,0
322166,322166,322176,10,0
322166,322166,322175,9,0
322166,322166,322175,9,0
322166,322166,322176,10,0
322166,322166,322179,13,0
322189,322189,322191,2,0
322189,322189,322191,2,0
322189,322189,322191,2,0
322189,322189,322191,2,0
322189,322190,322191,1,1
322189,322189,322191,2,0
322189,322190,322193,3,1
322189,322190,322193,3,1
322189,322190,322193,3,1
322189,322190,322193,3,1
322189,322190,322193,3,1
322189,322190,322194,4,1
322189,322190,322193,3,1
322189,322190,322193,3,1
322189,322192,322193,1,3
322189,322192,322193,1,3
322189,322192,322193,1,3
322189,322192,322193,1,3
322189,322192,322193,1,3
322189,322192,322193,1,3
322189,322194,322195,1,5
322189,322190,322194,4,1
322189,322194,322195,1,5
322189,322190,322196,6,1
322189,322190,322195,5,1
322189,322194,322195,1,5
322189,322190,322195,5,1
322189,322190,322195,5,1
322189,322195,322196,1,6
322189,322190,322196,6,1
322189,322194,322195,1,5
322189,322195,322196,1,6
322189,322190,322196,6,1
322189,322194,322196,2,5
322189,322190,322196,6,1
322189,322194,322197,3,5
322189,322190,322197,7,1
322189,322190,322196,6,1
322189,322194,322196,2,5
322189,322190,322196,6,1
322189,322190,322196,6,1
322189,322194,322196,2,5
322189,322194,322196,2,5
322189,322190,322196,6,1
322189,322194,322197,3,5
322189,322190,322196,6,1
322189,322190,322196,6,1
322189,322196,322197,1,7
322189,322194,322196,2,5
322189,322196,322197,1,7
322189,322196,322197,1,7
322189,322196,322197,1,7
322189,322196,322197,1,7
322189,322190,322196,6,1
322189,322196,322197,1,7
322189,322194,322197,3,5
322189,322190,322198,8,1
322189,322190,322197,7,1
322189,322194,322197,3,5
322189,322197,322198,1,8
322189,322196,322197,1,7
322189,322196,322197,1,7
322189,322196,322197,1,7
322189,322196,322197,1,7
322189,322197,322198,1,8
322189,322190,322198,8,1
322189,322190,322198,8,1
322189,322194,322198,4,5
322189,322197,322198,1,8
322189,322190,322199,9,1
322189,322189,322198,9,0
322189,322190,322198,8,1
322189,322190,322199,9,1
322189,322190,322199,9,1
322189,322190,322199,9,1
322189,322190,322200,10,1
322189,322190,322201,11,1
322189,322190,322201,11,1
322189,322190,322203,13,1
322212,322212,322213,1,0
322212,322212,322213,1,0
322212,322212,322213,1,0
322212,322212,322214,2,0
322212,322212,322214,2,0
322212,322212,322214,2,0
322212,322212,322215,3,0
322212,322212,322215,3,0
322212,322213,322214,1,1
322212,322214,322215,1,2
322212,322212,322216,4,0
322212,322212,322216,4,0
322212,322212,322216,4,0
322212,322212,322216,4,0
322212,322214,322216,2,2
322212,322214,322216,2,2
322212,322214,322216,2,2
322212,322214,322216,2,2
322212,322215,322217,2,3
322212,322215,322217,2,3
322212,322212,322218,6,0
322212,322212,322218,6,0
322212,322212,322217,5,0
322212,322212,322218,6,0
322212,322212,322218,6,0
322212,322215,322217,2,3
322212,322216,322218,2,4
322212,322212,322217,5,0
322212,322212,322218,6,0
322212,322216,322218,2,4
322212,322216,322218,2,4
322212,322212,322218,6,0
322212,322217,322218,1,5
322212,322216,322218,2,4
322212,322212,322218,6,0
322212,322212,322219,7,0
322212,322212,322219,7,0
322212,322212,322219,7,0
322212,322218,322219,1,6
322212,322215,322219,4,3
322212,322218,322219,1,6
322212,322218,322219,1,6
322212,322212,322219,7,0
322212,322212,322219,7,0
322212,322217,322219,2,5
322212,322212,322219,7,0
322212,322218,322220,2,6
322212,322212,322219,7,0
322212,322212,322220,8,0
322212,322216,322220,4,4
322212,322218,322220,2,6
322212,322218,322220,2,6
322212,322212,322220,8,0
322212,322219,322220,1,7
322212,322212,322220,8,0
322212,322219,322220,1,7
322212,322219,322220,1,7
322212,322219,322220,1,7
322212,322219,322220,1,7
322212,322212,322221,9,0
322212,322212,322221,9,0
322212,322216,322221,5,4
322212,322218,322221,3,6
322212,322212,322221,9,0
322212,322212,322221,9,0
322212,322212,322221,9,0
322212,322212,322221,9,0
322212,322218,322221,3,6
322212,322219,322222,3,7
322212,322216,322221,5,4
322212,322216,322222,6,4
322212,322212,322221,9,0
322212,322212,322222,10,0
322212,322212,322222,10,0
322212,322212,322223,11,0
322212,322212,322224,12,0
322212,322212,322223,11,0
322212,322212,322225,13,0
322235,322235,322236,1,0
322235,322235,322236,1,0
322235,322235,322236,1,0
322235,322235,322236,1,0
322235,322235,322237,2,0
322235,322235,322237,2,0
322235,322235,322238,3,0
322235,322236,322238,2,1
322235,322236,322238,2,1
322235,322235,322239,4,0
322235,322235,322239,4,0
322235,322235,322239,4,0
322235,322237,322239,2,2
322235,322237,322239,2,2
322235,322237,322239,2,2
322235,322237,322239,2,2
322235,322235,322240,5,0
322235,322235,322240,5,0
322235,322235,322240,5,0
322235,322235,322240,5,0
322235,322235,322240,5,0
322235,322238,322240,2,3
322235,322235,322241,6,0
322235,322235,322241,6,0
322235,322238,322241,3,3
322235,322239,322241,2,4
322235,322235,322241,6,0
322235,322239,322241,2,4
322235,322239,322241,2,4
322235,322235,322241,6,0
322235,322239,322241,2,4
322235,322235,322242,7,0
322235,322235,322242,7,0
322235,322235,322242,7,0
322235,322235,322242,7,0
322235,322235,322242,7,0
322235,322240,322242,2,5
322235,322235,322242,7,0
322235,322235,322242,7,0
322235,322240,322242,2,5
322235,322241,322242,1,6
322235,322239,322242,3,4
322235,322240,322241,1,5
322235,322241,322242,1,6
322235,322235,322242,7,0
322235,322235,322242,7,0
322235,322241,322242,1,6
322235,322235,322242,7,0
322235,322235,322242,7,0
322235,322241,322242,1,6
322235,322241,322242,1,6
322235,322240,322242,2,5
322235,322241,322242,1,6
322235,322242,322243,1,7
322235,322240,322243,3,5
322235,322235,322243,8,0
322235,322238,322243,5,3
322235,322239,322243,4,4
322235,322241,322243,2,6
322235,322241,322243,2,6
322235,322239,322244,5,4
322235,322242,322244,2,7
322235,322242,322244,2,7
322235,322242,322244,2,7
322235,322235,322244,9,0
322235,322235,322244,9,0
322235,322235,322244,9,0
322235,322235,322245,10,0
322235,322235,322245,10,0
322235,322235,322246,11,0
322235,322235,322246,11,0
322235,322242,322246,4,7
322235,322235,322247,12,0
322235,322235,322247,12,0
322235,322235,322248,13,0
322235,322235,322249,14,0
322235,322235,322250,15,0
322235,322235,322251,16,0
322261,322261,322262,1,0
322261,322261,322262,1,0
322261,322261,322262,1,0
322261,322261,322262,1,0
322261,322261,322262,1,0
322261,322261,322263,2,0
322261,322261,322264,3,0
322261,322262,322265,3,1
322261,322261,322264,3,0
322261,322261,322264,3,0
322261,322261,322265,4,0
322261,322261,322265,4,0
322261,322263,322265,2,2
322261,322263,322264,1,2
322261,322263,322264,1,2
322261,322261,322266,5,0
322261,322261,322266,5,0
322261,322263,322265,2,2
322261,322264,322266,2,3
322261,322263,322266,3,2
322261,322261,322267,6,0
322261,322261,322266,5,0
322261,322261,322267,6,0
322261,322261,322267,6,0
322261,322261,322267,6,0
322261,322261,322267,6,0
322261,322261,322267,6,0
322261,322261,322267,6,0
322261,322261,322267,6,0
322261,322265,322267,2,4
322261,322261,322267,6,0
322261,322261,322267,6,0
322261,322265,322267,2,4
322261,322266,322267,1,5
322261,322261,322268,7,0
322261,322261,322268,7,0
322261,322261,322268,7,0
322261,322261,322268,7,0
322261,322265,322268,3,4
322261,322265,322268,3,4
322261,322265,322267,2,4
322261,322267,322268,1,6
322261,322267,322268,1,6
322261,322261,322268,7,0
322261,322266,322268,2,5
322261,322266,322267,1,5
322261,322267,322268,1,6
322261,322267,322268,1,6
322261,322267,322268,1,6
322261,322267,322268,1,6
322261,322261,322268,7,0
322261,322265,322269,4,4
322261,322266,322269,3,5
322261,322267,322269,2,6
322261,322267,322268,1,6
322261,322265,322269,4,4
322261,322265,322268,3,4
322261,322266,322268,2,5
322261,322267,322268,1,6
322261,322261,322268,7,0
322261,322267,322268,1,6
322261,322261,322269,8,0
322261,322261,322269,8,0
322261,322267,322270,3,6
322261,322268,322270,2,7
322261,322261,322270,9,0
322261,322267,322270,3,6
322261,322267,322269,2,6
322261,322261,322270,9,0
322261,322261,322270,9,0
322261,322267,322271,4,6
322261,322261,322272,11,0
322261,322261,322272,11,0
322261,322261,322273,12,0
322261,322261,322275,14,0
322261,322261,322275,14,0
322261,322261,322275,14,0
322261,322261,322276,15,0
322261,322261,322279,18,0
322289,322289,322290,1,0
322289,322289,322290,1,0
322289,322289,322290,1,0
322289,322289,322290,1,0
322289,322289,322290,1,0
322289,322289,322290,1,0
322289,322289,322291,2,0
322289,322289,322291,2,0
322289,322289,322293,4,0
322289,322289,322292,3,0
322289,322291,322293,2,2
322289,322291,322292,1,2
322289,322291,322293,2,2
322289,322291,322292,1,2
322289,322291,322292,1,2
322289,322291,322292,1,2
322289,322289,322293,4,0
322289,322289,322293,4,0
322289,322289,322293,4,0
322289,322289,322294,5,0
322289,322293,322294,1,4
322289,322289,322295,6,0
322289,322289,322295,6,0
322289,322293,322295,2,4
322289,322293,322294,1,4
322289,322292,322295,3,3
322289,322289,322295,6,0
322289,322291,322295,4,2
322289,322289,322295,6,0
322289,322289,322295,6,0
322289,322289,322294,5,0
322289,322293,322295,2,4
322289,322289,322295,6,0
322289,322289,322295,6,0
322289,322293,322295,2,4
322289,322293,322294,1,4
322289,322294,322295,1,5
322289,322289,322296,7,0
322289,322289,322296,7,0
322289,322289,322296,7,0
322289,322289,322296,7,0
322289,322289,322295,6,0
322289,322295,322296,1,6
322289,322295,322296,1,6
322289,322289,322295,6,0
322289,322289,322296,7,0
322289,322289,322296,7,0
322289,322293,322295,2,4
322289,322295,322296,1,6
322289,322289,322296,7,0
322289,322289,322295,6,0
322289,322294,322296,2,5
322289,322295,322296,1,6
322289,322295,322296,1,6
322289,322289,322296,7,0
322289,322293,322296,3,4
322289,322294,322296,2,5
322289,322295,322297,2,6
322289,322294,322296,2,5
322289,322295,322297,2,6
322289,322289,322296,7,0
322289,322289,322297,8,0
322289,322295,322296,1,6
322289,322295,322297,2,6
322289,322295,322297,2,6
322289,322295,322297,2,6
322289,322295,322297,2,6
322289,322295,322297,2,6
322289,322289,322298,9,0
322289,322295,322298,3,6
322289,322289,322298,9,0
322289,322289,322298,9,0
322289,322289,322298,9,0
322289,322289,322299,10,0
322289,322289,322300,11,0
322289,322294,322299,5,5
322289,322289,322301,12,0
322289,322289,322301,12,0
322289,322289,322302,13,0
322312,322312,322313,1,0
322312,322312,322313,1,0
322312,322312,322313,1,0
322312,322312,322313,1,0
322312,322312,322313,1,0
322312,322312,322313,1,0
322312,322312,322314,2,0
322312,322313,322314,1,1
322312,322312,322314,2,0
322312,322313,322314,1,1
322312,322313,322315,2,1
322312,322312,322315,3,0
322312,322312,322316,4,0
322312,322312,322315,3,0
322312,322314,322316,2,2
322312,322314,322316,2,2
322312,322312,322315,3,0
322312,322314,322315,1,2
322312,322315,322316,1,3
322312,322312,322317,5,0
322312,322312,322316,4,0
322312,322315,322316,1,3
322312,322312,322316,4,0
322312,322315,322316,1,3
322312,322312,322317,5,0
322312,322312,322317,5,0
322312,322312,322318,6,0
322312,322315,322318,3,3
322312,322312,322318,6,0
322312,322316,322317,1,4
322312,322312,322318,6,0
322312,322316,322317,1,4
322312,322312,322318,6,0
322312,322316,322317,1,4
322312,322312,322317,5,0
322312,322316,322318,2,4
322312,322312,322317,5,0
322312,322317,322318,1,5
322312,322317,322318,1,5
322312,322312,322317,5,0
322312,322312,322317,5,0
322312,322316,322317,1,4
322312,322316,322317,1,4
322312,322312,322317,5,0
322312,322316,322317,1,4
322312,322317,322318,1,5
322312,322317,322318,1,5
322312,322312,322318,6,0
322312,322312,322318,6,0
322312,322316,322318,2,4
322312,322318,322319,1,6
322312,322318,322319,1,6
322312,322312,322318,6,0
322312,322312,322319,7,0
322312,322312,322318,6,0
322312,322318,322319,1,6
322312,322318,322319,1,6
322312,322312,322318,6,0
322312,322312,322320,8,0
322312,322312,322319,7,0
322312,322312,322319,7,0
322312,322315,322319,4,3
322312,322317,322319,2,5
322312,322312,322319,7,0
322312,322312,322320,8,0
322312,322318,322319,1,6
322312,322312,322319,7,0
322312,322318,322320,2,6
322312,322318,322320,2,6
322312,322318,322320,2,6
322312,322312,322320,8,0
322312,322318,322320,2,6
322312,322312,322320,8,0
322312,322318,322321,3,6
322312,322318,322320,2,6
322312,322312,322321,9,0
322312,322312,322321,9,0
322312,322312,322322,10,0
322312,322312,322323,11,0
322333,322333,322334,1,0
322333,322333,322334,1,0
322333,322333,322334,1,0
322333,322333,322335,2,0
322333,322333,322335,2,0
322333,322333,322335,2,0
322333,322333,322335,2,0
322333,322335,322336,1,2
322333,322335,322336,1,2
322333,322334,322337,3,1
322333,322334,322337,3,1
322333,322334,322337,3,1
322333,322334,322337,3,1
322333,322334,322337,3,1
322333,322336,322337,1,3
322333,322333,322337,4,0
322333,322333,322337,4,0
322333,322336,322337,1,3
322333,322335,322337,2,2
322333,322336,322337,1,3
322333,322333,322338,5,0
322333,322333,322338,5,0
322333,322334,322338,4,1
322333,322333,322338,5,0
322333,322333,322338,5,0
322333,322337,322338,1,4
322333,322333,322338,5,0
322333,322333,322338,5,0
322333,322336,322338,2,3
322333,322337,322338,1,4
322333,322333,322338,5,0
322333,322338,322339,1,5
322333,322333,322339,6,0
322333,322334,322339,5,1
322333,322338,322339,1,5
322333,322333,322339,6,0
322333,322338,322339,1,5
322333,322333,322339,6,0
322333,322333,322339,6,0
322333,322339,322340,1,6
322333,322339,322340,1,6
322333,322333,322339,6,0
322333,322333,322339,6,0
322333,322339,322340,1,6
322333,322333,322339,6,0
322333,322338,322339,1,5
322333,322338,322339,1,5
322333,322339,322340,1,6
322333,322333,322339,6,0
322333,322338,322339,1,5
322333,322339,322340,1,6
322333,322339,322340,1,6
322333,322333,322340,7,0
322333,322338,322340,2,5
322333,322333,322340,7,0
322333,322339,322340,1,6
322333,322339,322340,1,6
322333,322333,322340,7,0
322333,322339,322340,1,6
322333,322333,322340,7,0
322333,322333,322340,7,0
322333,322338,322340,2,5
322333,322339,322341,2,6
322333,322339,322340,1,6
322333,322339,322340,1,6
322333,322333,322341,8,0
322333,322333,322341,8,0
322333,322339,322341,2,6
322333,322339,322341,2,6
322333,322338,322341,3,5
322333,322340,322341,1,7
322333,322334,322341,7,1
322333,322333,322341,8,0
322333,322333,322343,10,0
322333,322333,322344,11,0
322333,322333,322344,11,0
322333,322333,322346,13,0
322355,322355,322356,1,0
322355,322355,322356,1,0
322355,322355,322357,2,0
322355,322355,322356,1,0
322355,322355,322357,2,0
322355,322355,322356,1,0
322355,322355,322357,2,0
322355,322356,322358,2,1
322355,322357,322359,2,2
322355,322357,322359,2,2
322355,322355,322359,4,0
322355,322356,322358,2,1
322355,322357,322359,2,2
322355,322355,322360,5,0
322355,322355,322360,5,0
322355,322355,322360,5,0
322355,322355,322360,5,0
322355,322355,322359,4,0
322355,322355,322360,5,0
322355,322355,322360,5,0
322355,322357,322359,2,2
322355,322358,322360,2,3
322355,322355,322360,5,0
322355,322355,322360,5,0
322355,322355,322360,5,0
322355,322355,322360,5,0
322355,322358,322360,2,3
322355,322355,322361,6,0
322355,322355,322361,6,0
322355,322355,322361,6,0
322355,322355,322361,6,0
322355,322355,322361,6,0
322355,322359,322361,2,4
322355,322360,322361,1,5
322355,322355,322361,6,0
322355,322355,322361,6,0
322355,322360,322361,1,5
322355,322355,322361,6,0
322355,322359,322361,2,4
322355,322355,322361,6,0
322355,322359,322361,2,4
322355,322359,322361,2,4
322355,322359,322361,2,4
322355,322360,322361,1,5
322355,322360,322361,1,5
322355,322355,322362,7,0
322355,322355,322362,7,0
322355,322355,322362,7,0
322355,322355,322362,7,0
322355,322360,322362,2,5
322355,322355,322362,7,0
322355,322355,322361,6,0
322355,322355,322362,7,0
322355,322360,322362,2,5
322355,322355,322362,7,0
322355,322360,322362,2,5
322355,322360,322362,2,5
322355,322360,322362,2,5
322355,322355,322362,7,0
322355,322355,322363,8,0
322355,322361,322363,2,6
322355,322355,322363,8,0
322355,322360,322363,3,5
322355,322360,322363,3,5
322355,322360,322363,3,5
322355,322355,322363,8,0
322355,322355,322362,7,0
322355,322360,322363,3,5
322355,322361,322363,2,6
322355,322355,322363,8,0
322355,322361,322363,2,6
322355,322362,322363,1,7
322355,322355,322364,9,0
322355,322355,322367,12,0
322377,322377,322378,1,0
322377,322377,322378,1,0
322377,322377,322378,1,0
322377,322377,322378,1,0
322377,322377,322378,1,0
322377,322377,322378,1,0
322377,322377,322379,2,0
322377,322377,322380,3,0
322377,322377,322380,3,0
322377,322379,322381,2,2
322377,322379,322381,2,2
322377,322379,322381,2,2
322377,322377,322382,5,0
322377,322377,322381,4,0
322377,322377,322381,4,0
322377,322377,322381,4,0
322377,322377,322381,4,0
322377,322377,322382,5,0
322377,322377,322381,4,0
322377,322377,322381,4,0
322377,322377,322382,5,0
322377,322379,322381,2,2
322377,322379,322381,2,2
322377,322380,322381,1,3
322377,322377,322381,4,0
322377,322381,322382,1,4
322377,322379,322381,2,2
322377,322381,322382,1,4
322377,322377,322382,5,0
322377,322377,322382,5,0
322377,322377,322382,5,0
322377,322377,322382,5,0
322377,322381,322382,1,4
322377,322377,322383,6,0
322377,322382,322383,1,5
322377,322377,322383,6,0
322377,322377,322382,5,0
322377,322377,322382,5,0
322377,322377,322382,5,0
322377,322377,322383,6,0
322377,322381,322384,3,4
322377,322377,322384,7,0
322377,322382,322384,2,5
322377,322377,322383,6,0
322377,322377,322383,6,0
322377,322382,322383,1,5
322377,322382,322383,1,5
322377,322382,322383,1,5
322377,322377,322383,6,0
322377,322382,322383,1,5
322377,322382,322383,1,5
322377,322382,322383,1,5
322377,322383,322384,1,6
322377,322382,322383,1,5
322377,322382,322383,1,5
322377,322383,322384,1,6
322377,322377,322385,8,0
322377,322381,322384,3,4
322377,322382,322384,2,5
322377,322382,322384,2,5
322377,322382,322384,2,5
322377,322377,322384,7,0
322377,322382,322384,2,5
322377,322377,322384,7,0
322377,322377,322385,8,0
322377,322382,322384,2,5
322377,322382,322384,2,5
322377,322377,322384,7,0
322377,322377,322384,7,0
322377,322383,322385,2,6
322377,322383,322384,1,6
322377,322383,322384,1,6
322377,322383,322384,1,6
322377,322377,322385,8,0
322377,322383,322385,2,6
322377,322377,322385,8,0
322377,322377,322386,9,0
322377,322377,322387,10,0
322377,322377,322388,11,0
322398,322398,322399,1,0
322398,322398,322400,2,0
322398,322398,322400,2,0
322398,322398,322400,2,0
322398,322398,322400,2,0
322398,322398,322400,2,0
322398,322398,322401,3,0
322398,322399,322401,2,1
322398,322401,322402,1,3
322398,322401,322402,1,3
322398,322399,322402,3,1
322398,322401,322402,1,3
322398,322401,322402,1,3
322398,322401,322402,1,3
322398,322401,322403,2,3
322398,322399,322403,4,1
322398,322399,322403,4,1
322398,322399,322403,4,1
322398,322402,322403,1,4
322398,322398,322403,5,0
322398,322399,322403,4,1
322398,322402,322403,1,4
322398,322398,322404,6,0
322398,322398,322403,5,0
322398,322403,322404,1,5
322398,322399,322404,5,1
322398,322399,322404,5,1
322398,322399,322404,5,1
322398,322398,322405,7,0
322398,322399,322404,5,1
322398,322399,322404,5,1
322398,322399,322404,5,1
322398,322399,322404,5,1
322398,322403,322404,1,5
322398,322403,322404,1,5
322398,322399,322404,5,1
322398,322403,322404,1,5
322398,322403,322404,1,5
322398,322398,322404,6,0
322398,322399,322404,5,1
322398,322403,322404,1,5
322398,322398,322404,6,0
322398,322403,322404,1,5
322398,322399,322405,6,1
322398,322399,322405,6,1
322398,322404,322405,1,6
322398,322398,322405,7,0
322398,322399,322405,6,1
322398,322398,322405,7,0
322398,322404,322406,2,6
322398,322398,322405,7,0
322398,322404,322405,1,6
322398,322398,322405,7,0
322398,322404,322405,1,6
322398,322404,322405,1,6
322398,322404,322405,1,6
322398,322399,322406,7,1
322398,322404,322405,1,6
322398,322404,322405,1,6
322398,322398,322406,8,0
322398,322399,322406,7,1
322398,322405,322406,1,7
322398,322398,322406,8,0
322398,322405,322406,1,7
322398,322399,322406,7,1
322398,322404,322406,2,6
322398,322405,322406,1,7
322398,322404,322406,2,6
322398,322405,322406,1,7
322398,322405,322406,1,7
322398,322405,322406,1,7
322398,322398,322407,9,0
322398,322405,322407,2,7
322398,322398,322407,9,0
322398,322399,322407,8,1
322398,322405,322407,2,7
322398,322405,322407,2,7
322398,322398,322408,10,0
322398,322405,322408,3,7
322419,322419,322420,1,0
322419,322419,322420,1,0
322419,322419,322420,1,0
322419,322419,322420,1,0
322419,322419,322420,1,0
322419,322419,322420,1,0
322419,322419,322422,3,0
322419,322419,322421,2,0
322419,322420,322421,1,1
322419,322420,322421,1,1
322419,322421,322422,1,2
322419,322421,322423,2,2
322419,322421,322422,1,2
322419,322419,322423,4,0
322419,322421,322422,1,2
322419,322419,322423,4,0
322419,322419,322424,5,0
322419,322419,322423,4,0
322419,322419,322423,4,0
322419,322419,322423,4,0
322419,322419,322423,4,0
322419,322419,322423,4,0
322419,322419,322424,5,0
322419,322422,322423,1,3
322419,322419,322423,4,0
322419,322423,322424,1,4
322419,322423,322424,1,4
322419,322422,322424,2,3
322419,322419,322424,5,0
322419,322419,322424,5,0
322419,322419,322424,5,0
322419,322419,322424,5,0
322419,322419,322424,5,0
322419,322419,322425,6,0
322419,322419,322425,6,0
322419,322424,322425,1,5
322419,322419,322425,6,0
322419,322423,322424,1,4
322419,322419,322425,6,0
322419,322422,322425,3,3
322419,322422,322424,2,3
322419,322423,322424,1,4
322419,322419,322425,6,0
322419,322419,322424,5,0
322419,322419,322426,7,0
322419,322419,322425,6,0
322419,322422,322425,3,3
322419,322419,322426,7,0
322419,322423,322425,2,4
322419,322425,322426,1,6
322419,322424,322425,1,5
322419,322424,322425,1,5
322419,322419,322425,6,0
322419,322424,322425,1,5
322419,322424,322425,1,5
322419,322424,322425,1,5
322419,322419,322426,7,0
322419,322424,322425,1,5
322419,322424,322425,1,5
322419,322424,322425,1,5
322419,322419,322427,8,0
322419,322425,322426,1,6
322419,322419,322427,8,0
322419,322425,322427,2,6
322419,322419,322427,8,0
322419,322425,322427,2,6
322419,322425,322427,2,6
322419,322425,322427,2,6
322419,322419,322426,7,0
322419,322424,322427,3,5
322419,322424,322426,2,5
322419,322425,322427,2,6
322419,322424,322427,3,5
322419,322419,322427,8,0
322419,322419,322427,8,0
322419,322419,322429,10,0
322419,322419,322429,10,0
322419,322419,322430,11,0
322419,322419,322430,11,0
322439,322439,322440,1,0
322439,322439,322440,1,0
322439,322439,322440,1,0
322439,322439,322441,2,0
322439,322439,322440,1,0
322439,322439,322440,1,0
322439,322439,322442,3,0
322439,322440,322442,2,1
322439,322440,322442,2,1
322439,322439,322443,4,0
322439,322439,322443,4,0
322439,322441,322443,2,2
322439,322441,322443,2,2
322439,322441,322443,2,2
322439,322439,322444,5,0
322439,322439,322444,5,0
322439,322439,322444,5,0
322439,322439,322444,5,0
322439,322442,322444,2,3
322439,322441,322444,3,2
322439,322439,322445,6,0
322439,322439,322445,6,0
322439,322439,322445,6,0
322439,322442,322445,3,3
322439,322443,322445,2,4
322439,322439,322445,6,0
322439,322443,322445,2,4
322439,322443,322445,2,4
322439,322439,322445,6,0
322439,322439,322445,6,0
322439,322439,322446,7,0
322439,322439,322445,6,0
322439,322439,322446,7,0
322439,322439,322446,7,0
322439,322439,322446,7,0
322439,322444,322445,1,5
322439,322439,322446,7,0
322439,322444,322446,2,5
322439,322439,322446,7,0
322439,322444,322446,2,5
322439,322445,322446,1,6
322439,322439,322446,7,0
322439,322445,322446,1,6
322439,322445,322446,1,6
322439,322443,322445,2,4
322439,322444,322446,2,5
322439,322445,322446,1,6
322439,322439,322447,8,0
322439,322439,322446,7,0
322439,322439,322447,8,0
322439,322444,322446,2,5
322439,322439,322446,7,0
322439,322439,322447,8,0
322439,322439,322447,8,0
322439,322443,322447,4,4
322439,322444,322447,3,5
322439,322445,322447,2,6
322439,322445,322447,2,6
322439,322446,322447,1,7
322439,322439,322447,8,0
322439,322439,322447,8,0
322439,322445,322447,2,6
322439,322445,322448,3,6
322439,322439,322448,9,0
322439,322439,322448,9,0
322439,322445,322448,3,6
322439,322443,322448,5,4
322439,322446,322448,2,7
322439,322446,322448,2,7
322439,322439,322447,8,0
322439,322446,322448,2,7
322439,322439,322449,10,0
322439,322445,322448,3,6
322439,322446,322449,3,7
322439,322439,322449,10,0
322439,322439,322449,10,0
322439,322439,322452,13,0
322439,322439,322454,15,0
322439,322439,322454,15,0
322465,322465,322466,1,0
322465,322465,322466,1,0
322465,322465,322466,1,0
322465,322465,322466,1,0
322465,322465,322466,1,0
322465,322465,322466,1,0
322465,322465,322467,2,0
322465,322465,322468,3,0
322465,322466,322468,2,1
322465,322466,322467,1,1
322465,322466,322467,1,1
322465,322466,322467,1,1
322465,322465,322469,4,0
322465,322467,322468,1,2
322465,322465,322468,3,0
322465,322467,322468,1,2
322465,322465,322470,5,0
322465,322465,322469,4,0
322465,322465,322470,5,0
322465,322468,322470,2,3
322465,322465,322470,5,0
322465,322468,322470,2,3
322465,322468,322470,2,3
322465,322469,322470,1,4
322465,322465,322471,6,0
322465,322465,322470,5,0
322465,322469,322470,1,4
322465,322465,322470,5,0
322465,322465,322471,6,0
322465,322465,322471,6,0
322465,322468,322470,2,3
322465,322465,322470,5,0
322465,322465,322470,5,0
322465,322468,322470,2,3
322465,322465,322470,5,0
322465,322465,322471,6,0
322465,322465,322472,7,0
322465,322465,322471,6,0
322465,322465,322471,6,0
322465,322469,322471,2,4
322465,322465,322471,6,0
322465,322465,322472,7,0
322465,322465,322472,7,0
322465,322471,322472,1,6
322465,322470,322472,2,5
322465,322471,322472,1,6
322465,322471,322472,1,6
322465,322465,322471,6,0
322465,322465,322471,6,0
322465,322470,322471,1,5
322465,322471,322472,1,6
322465,322465,322472,7,0
322465,322470,322471,1,5
322465,322470,322471,1,5
322465,322470,322472,2,5
322465,322471,322472,1,6
322465,322469,322472,3,4
322465,322470,322472,2,5
322465,322470,322472,2,5
322465,322471,322473,2,6
322465,322465,322473,8,0
322465,322468,322472,4,3
322465,322465,322472,7,0
322465,322471,322472,1,6
322465,322471,322472,1,6
322465,322465,322473,8,0
322465,322465,322473,8,0
322465,322465,322474,9,0
322465,322471,322473,2,6
322465,322471,322473,2,6
322465,322465,322474,9,0
322465,322470,322473,3,5
322465,322471,322473,2,6
322465,322465,322474,9,0
322465,322465,322475,10,0
322465,322465,322475,10,0
322465,322465,322476,11,0
322465,322465,322477,12,0
322465,322465,322479,14,0
322489,322489,322490,1,0
322489,322489,322490,1,0
322489,322489,322490,1,0
322489,322489,322490,1,0
322489,322489,322490,1,0
322489,322489,322491,2,0
322489,322489,322491,2,0
322489,322490,322492,2,1
322489,322491,322493,2,2
322489,322491,322493,2,2
322489,322489,322493,4,0
322489,322491,322493,2,2
322489,322491,322493,2,2
322489,322489,322493,4,0
322489,322489,322494,5,0
322489,322491,322494,3,2
322489,322489,322494,5,0
322489,322489,322494,5,0
322489,322491,322494,3,2
322489,322489,322494,5,0
322489,322492,322494,2,3
322489,322489,322495,6,0
322489,322489,322495,6,0
322489,322489,322495,6,0
322489,322489,322495,6,0
322489,322489,322495,6,0
322489,322489,322495,6,0
322489,322489,322495,6,0
322489,322493,322495,2,4
322489,322489,322496,7,0
322489,322489,322496,7,0
322489,322489,322495,6,0
322489,322493,322496,3,4
322489,322493,322495,2,4
322489,322493,322495,2,4
322489,322495,322496,1,6
322489,322494,322495,1,5
322489,322494,322496,2,5
322489,322493,322496,3,4
322489,322494,322496,2,5
322489,322494,322496,2,5
322489,322494,322496,2,5
322489,322494,322496,2,5
322489,322495,322496,1,6
322489,322495,322496,1,6
322489,322489,322497,8,0
322489,322489,322497,8,0
322489,322489,322497,8,0
322489,322494,322497,3,5
322489,322489,322497,8,0
322489,322489,322497,8,0
322489,322496,322497,1,7
322489,322496,322497,1,7
322489,322489,322497,8,0
322489,322496,322497,1,7
322489,322495,322496,1,6
322489,322495,322497,2,6
322489,322495,322496,1,6
322489,322489,322497,8,0
322489,322489,322497,8,0
322489,322489,322497,8,0
322489,322495,322498,3,6
322489,322496,322498,2,7
322489,322489,322498,9,0
322489,322489,322497,8,0
322489,322495,322498,3,6
322489,322489,322498,9,0
322489,322494,322497,3,5
322489,322496,322497,1,7
322489,322496,322497,1,7
322489,322489,322498,9,0
322489,322489,322498,9,0
322489,322489,322499,10,0
322489,322489,322499,10,0
322489,322489,322500,11,0
322489,322489,322500,11,0
322489,322489,322501,12,0
322489,322489,322501,12,0
322489,322489,322500,11,0
322511,322511,322512,1,0
322511,322511,322512,1,0
322511,322511,322512,1,0
322511,322511,322513,2,0
322511,322511,322513,2,0
322511,322511,322513,2,0
322511,322511,322513,2,0
322511,322513,322514,1,2
322511,322513,322514,1,2
322511,322512,322515,3,1
322511,322512,322515,3,1
322511,322514,322515,1,3
322511,322512,322515,3,1
322511,322514,322515,1,3
322511,322512,322515,3,1
322511,322512,322515,3,1
322511,322513,322515,2,2
322511,322514,322515,1,3
322511,322514,322515,1,3
322511,322515,322516,1,4
322511,322511,322516,5,0
322511,322516,322517,1,5
322511,322512,322516,4,1
322511,322511,322516,5,0
322511,322511,322516,5,0
322511,322515,322516,1,4
322511,322512,322516,4,1
322511,322511,322517,6,0
322511,322512,322517,5,1
322511,322516,322517,1,5
322511,322516,322517,1,5
322511,322512,322517,5,1
322511,322517,322518,1,6
322511,322511,322517,6,0
322511,322512,322517,5,1
322511,322516,322517,1,5
322511,322517,322518,1,6
322511,322517,322518,1,6
322511,322516,322517,1,5
322511,322516,322517,1,5
322511,322517,322518,1,6
322511,322512,322518,6,1
322511,322516,322518,2,5
322511,322516,322518,2,5
322511,322516,322518,2,5
322511,322512,322518,6,1
322511,322516,322518,2,5
322511,322516,322519,3,5
322511,322512,322518,6,1
322511,322517,322518,1,6
322511,322517,322518,1,6
322511,322511,322518,7,0
322511,322517,322518,1,6
322511,322518,322519,1,7
322511,322518,322519,1,7
322511,322512,322519,7,1
322511,322512,322519,7,1
322511,322512,322519,7,1
322511,322518,322519,1,7
322511,322518,322519,1,7
322511,322518,322519,1,7
322511,322518,322519,1,7
322511,322518,322519,1,7
322511,322518,322519,1,7
322511,322511,322520,9,0
322511,322512,322520,8,1
322511,322512,322520,8,1
322511,322512,322520,8,1
322511,322511,322521,10,0
322511,322512,322521,9,1
322511,322511,322521,10,0
322511,322512,322521,9,1
322511,322512,322521,9,1
322511,322512,322522,10,1
322511,322512,322522,10,1
322511,322512,322523,11,1
322511,322512,322523,11,1
322511,322511,322524,13,0
322511,322512,322525,13,1
322535,322535,322536,1,0
322535,322535,322536,1,0
322535,322535,322536,1,0
322535,322535,322536,1,0
322535,322535,322536,1,0
322535,322535,322537,2,0
322535,322535,322536,1,0
322535,322537,322538,1,2
322535,322536,322537,1,1
322535,322536,322537,1,1
322535,322537,322538,1,2
322535,322537,322538,1,2
322535,322538,322539,1,3
322535,322537,322539,2,2
322535,322535,322539,4,0
322535,322535,322540,5,0
322535,322535,322539,4,0
322535,322535,322540,5,0
322535,322535,322540,5,0
322535,322535,322539,4,0
322535,322535,322540,5,0
322535,322538,322539,1,3
322535,322537,322539,2,2
322535,322538,322539,1,3
322535,322539,322540,1,4
322535,322535,322540,5,0
322535,322535,322541,6,0
322535,322535,322541,6,0
322535,322539,322540,1,4
322535,322539,322540,1,4
322535,322535,322541,6,0
322535,322539,322540,1,4
322535,322540,322541,1,5
322535,322535,322541,6,0
322535,322540,322541,1,5
322535,322540,322541,1,5
322535,322540,322541,1,5
322535,322540,322542,2,5
322535,322535,322542,7,0
322535,322541,322542,1,6
322535,322541,322542,1,6
322535,322535,322541,6,0
322535,322535,322542,7,0
322535,322541,322542,1,6
322535,322541,322542,1,6
322535,322540,322541,1,5
322535,322541,322542,1,6
322535,322535,322543,8,0
322535,322535,322542,7,0
322535,322535,322543,8,0
322535,322540,322542,2,5
322535,322540,322542,2,5
322535,322535,322543,8,0
322535,322540,322543,3,5
322535,322540,322543,3,5
322535,322540,322542,2,5
322535,322535,322543,8,0
322535,322541,322542,1,6
322535,322541,322542,1,6
322535,322541,322542,1,6
322535,322541,322542,1,6
322535,322535,322543,8,0
322535,322535,322544,9,0
322535,322535,322544,9,0
322535,322535,322544,9,0
322535,322541,322543,2,6
322535,322535,322544,9,0
322535,322535,322544,9,0
322535,322535,322544,9,0
322535,322535,322543,8,0
322535,322535,322543,8,0
322535,322535,322544,9,0
322535,322535,322545,10,0
322535,322535,322544,9,0
322535,322535,322545,10,0
322535,322535,322545,10,0
322535,322535,322545,10,0
322535,322535,322547,12,0
322535,322535,322549,14,0
322560,322560,322561,1,0
322560,322560,322561,1,0
322560,322560,322561,1,0
322560,322560,322561,1,0
322560,322560,322561,1,0
322560,322560,322561,1,0
322560,322560,322562,2,0
322560,322561,322562,1,1
322560,322561,322562,1,1
322560,322562,322564,2,2
322560,322560,322563,3,0
322560,322560,322563,3,0
322560,322560,322563,3,0
322560,322560,322563,3,0
322560,322560,322563,3,0
322560,322560,322564,4,0
322560,322562,322564,2,2
322560,322560,322563,3,0
322560,322562,322563,1,2
322560,322560,322565,5,0
322560,322560,322564,4,0
322560,322560,322564,4,0
322560,322560,322564,4,0
322560,322560,322565,5,0
322560,322562,322564,2,2
322560,322560,322564,4,0
322560,322560,322564,4,0
322560,322563,322564,1,3
322560,322560,322564,4,0
322560,322560,322564,4,0
322560,322563,322564,1,3
322560,322560,322565,5,0
322560,322560,322565,5,0
322560,322564,322565,1,4
322560,322560,322565,5,0
322560,322560,322565,5,0
322560,322560,322565,5,0
322560,322560,322565,5,0
322560,322564,322566,2,4
322560,322560,322565,5,0
322560,322563,322565,2,3
322560,322560,322566,6,0
322560,322564,322565,1,4
322560,322564,322565,1,4
322560,322564,322565,1,4
322560,322560,322566,6,0
322560,322564,322565,1,4
322560,322560,322566,6,0
322560,322564,322567,3,4
322560,322560,322566,6,0
322560,322564,322566,2,4
322560,322564,322566,2,4
322560,322560,322566,6,0
322560,322564,322567,3,4
322560,322560,322566,6,0
322560,322566,322567,1,6
322560,322565,322566,1,5
322560,322560,322567,7,0
322560,322565,322566,1,5
322560,322565,322566,1,5
322560,322565,322566,1,5
322560,322565,322566,1,5
322560,322565,322566,1,5
322560,322565,322566,1,5
322560,322565,322567,2,5
322560,322565,322567,2,5
322560,322565,322568,3,5
322560,322565,322567,2,5
322560,322560,322568,8,0
322560,322560,322567,7,0
322560,322560,322568,8,0
322560,322566,322567,1,6
322560,322566,322567,1,6
322560,322560,322568,8,0
322560,322560,322568,8,0
322560,322565,322568,3,5
322560,322560,322568,8,0
322560,322560,322569,9,0
322560,322566,322568,2,6
322579,322579,322580,1,0
322579,322579,322580,1,0
322579,322579,322580,1,0
322579,322579,322580,1,0
322579,322579,322580,1,0
322579,322579,322580,1,0
322579,322579,322581,2,0
322579,322580,322581,1,1
322579,322579,322582,3,0
322579,322579,322582,3,0
322579,322579,322582,3,0
322579,322579,322582,3,0
322579,322579,322582,3,0
322579,322580,322582,2,1
322579,322580,322581,1,1
322579,322580,322582,2,1
322579,322579,322582,3,0
322579,322579,322583,4,0
322579,322579,322582,3,0
322579,322579,322583,4,0
322579,322579,322583,4,0
322579,322579,322583,4,0
322579,322581,322583,2,2
322579,322579,322583,4,0
322579,322579,322583,4,0
322579,322579,322582,3,0
322579,322579,322583,4,0
322579,322579,322583,4,0
322579,322581,322583,2,2
322579,322579,322582,3,0
322579,322579,322583,4,0
322579,322581,322583,2,2
322579,322579,322584,5,0
322579,322579,322584,5,0
322579,322579,322584,5,0
322579,322582,322584,2,3
322579,322583,322584,1,4
322579,322582,322584,2,3
322579,322582,322584,2,3
322579,322581,322584,3,2
322579,322579,322585,6,0
322579,322579,322585,6,0
322579,322583,322584,1,4
322579,322582,322585,3,3
322579,322582,322584,2,3
322579,322583,322585,2,4
322579,322582,322585,3,3
322579,322582,322585,3,3
322579,322582,322585,3,3
322579,322579,322585,6,0
322579,322583,322584,1,4
322579,322579,322584,5,0
322579,322583,322584,1,4
322579,322582,322585,3,3
322579,322583,322585,2,4
322579,322584,322585,1,5
322579,322579,322586,7,0
322579,322583,322586,3,4
322579,322583,322586,3,4
322579,322584,322585,1,5
322579,322579,322586,7,0
322579,322583,322586,3,4
322579,322579,322586,7,0
322579,322579,322586,7,0
322579,322584,322585,1,5
322579,322579,322585,6,0
322579,322583,322586,3,4
322579,322584,322586,2,5
322579,322583,322585,2,4
322579,322583,322586,3,4
322579,322579,322586,7,0
322579,322579,322586,7,0
322579,322579,322587,8,0
322579,322583,322587,4,4
322579,322579,322587,8,0
322579,322583,322588,5,4
322579,322579,322588,9,0
322579,322579,322588,9,0
322579,322579,322590,11,0
322599,322599,322600,1,0
322599,322599,322601,2,0
322599,322599,322601,2,0
322599,322599,322601,2,0
322599,322599,322601,2,0
322599,322599,322601,2,0
322599,322599,322601,2,0
322599,322599,322602,3,0
322599,322599,322602,3,0
322599,322599,322602,3,0
322599,322599,322602,3,0
322599,322599,322602,3,0
322599,322599,322602,3,0
322599,322601,322602,1,2
322599,322599,322602,3,0
322599,322599,322602,3,0
322599,322599,322602,3,0
322599,322599,322603,4,0
322599,322599,322603,4,0
322599,322599,322603,4,0
322599,322599,322603,4,0
322599,322599,322603,4,0
322599,322602,322603,1,3
322599,322602,322603,1,3
322599,322602,322603,1,3
322599,322599,322603,4,0
322599,322599,322603,4,0
322599,322599,322603,4,0
322599,322599,322603,4,0
322599,322599,322603,4,0
322599,322602,322603,1,3
322599,322599,322603,4,0
322599,322599,322603,4,0
322599,322599,322603,4,0
322599,322599,322603,4,0
322599,322599,322604,5,0
322599,322602,322604,2,3
322599,322603,322604,1,4
322599,322603,322604,1,4
322599,322599,322604,5,0
322599,322603,322604,1,4
322599,322603,322604,1,4
322599,322603,322605,2,4
322599,322599,322605,6,0
322599,322604,322605,1,5
322599,322604,322605,1,5
322599,322604,322605,1,5
322599,322603,322605,2,4
322599,322604,322605,1,5
322599,322604,322605,1,5
322599,322603,322605,2,4
322599,322604,322605,1,5
322599,322604,322606,2,5
322599,322599,322606,7,0
322599,322599,322606,7,0
322599,322599,322606,7,0
322599,322604,322606,2,5
322599,322599,322606,7,0
322599,322599,322606,7,0
322599,322602,322607,5,3
322599,322604,322606,2,5
322599,322604,322606,2,5
322599,322603,322606,3,4
322599,322604,322606,2,5
322599,322603,322606,3,4
322599,322604,322606,2,5
322599,322604,322606,2,5
322599,322603,322607,4,4
322599,322599,322607,8,0
322599,322604,322607,3,5
322599,322604,322607,3,5
322599,322604,322607,3,5
322599,322599,322608,9,0
322599,322599,322607,8,0
322599,322599,322607,8,0
322599,322604,322607,3,5
322599,322603,322607,4,4
322599,322599,322608,9,0
322599,322599,322608,9,0
322618,322618,322619,1,0
322618,322618,322619,1,0
322618,322618,322619,1,0
322618,322618,322619,1,0
322618,322618,322619,1,0
322618,322618,322620,2,0
322618,322618,322621,3,0
322618,322618,322620,2,0
322618,322618,322621,3,0
322618,322618,322621,3,0
322618,322619,322620,1,1
322618,322619,322621,2,1
322618,322618,322622,4,0
322618,322618,322622,4,0
322618,322618,322622,4,0
322618,322618,322622,4,0
322618,322620,322622,2,2
322618,322618,322622,4,0
322618,322618,322621,3,0
322618,322620,322622,2,2
322618,322620,322621,1,2
322618,322618,322622,4,0
322618,322618,322622,4,0
322618,322618,322622,4,0
322618,322618,322622,4,0
322618,322618,322623,5,0
322618,322621,322623,2,3
322618,322618,322622,4,0
322618,322618,322623,5,0
322618,322618,322623,5,0
322618,322621,322623,2,3
322618,322618,322622,4,0
322618,322618,322623,5,0
322618,322621,322623,2,3
322618,322618,322623,5,0
322618,322618,322624,6,0
322618,322622,322623,1,4
322618,322621,322624,3,3
322618,322618,322624,6,0
322618,322621,322624,3,3
322618,322622,322624,2,4
322618,322618,322624,6,0
322618,322623,322624,1,5
322618,322623,322624,1,5
322618,322622,322624,2,4
322618,322621,322624,3,3
322618,322622,322624,2,4
322618,322622,322625,3,4
322618,322622,322625,3,4
322618,322622,322625,3,4
322618,322622,322625,3,4
322618,322622,322625,3,4
322618,322618,322625,7,0
322618,322623,322625,2,5
322618,322621,322625,4,3
322618,322623,322625,2,5
322618,322618,322625,7,0
322618,322623,322624,1,5
322618,322618,322625,7,0
322618,322623,322624,1,5
322618,322618,322625,7,0
322618,322623,322625,2,5
322618,322622,322625,3,4
322618,322622,322625,3,4
322618,322623,322625,2,5
322618,322618,322625,7,0
322618,322618,322626,8,0
322618,322618,322626,8,0
322618,322618,322626,8,0
322618,322622,322625,3,4
322618,322623,322626,3,5
322618,322623,322626,3,5
322618,322618,322626,8,0
322618,322618,322626,8,0
322618,322618,322627,9,0
322618,322622,322628,6,4
322618,322618,322628,10,0
322618,322618,322629,11,0
322618,322618,322629,11,0
322639,322639,322640,1,0
322639,322639,322640,1,0
322639,322639,322640,1,0
322639,322639,322640,1,0
322639,322639,322640,1,0
322639,322639,322641,2,0
322639,322639,322642,3,0
322639,322639,322641,2,0
322639,322639,322641,2,0
322639,322639,322642,3,0
322639,322639,322642,3,0
322639,322639,322643,4,0
322639,322641,322643,2,2
322639,322641,322643,2,2
322639,322641,322642,1,2
322639,322641,322642,1,2
322639,322639,322643,4,0
322639,322639,322642,3,0
322639,322642,322643,1,3
322639,322639,322644,5,0
322639,322639,322643,4,0
322639,322639,322644,5,0
322639,322639,322643,4,0
322639,322639,322643,4,0
322639,322639,322644,5,0
322639,322639,322644,5,0
322639,322639,322644,5,0
322639,322641,322643,2,2
322639,322639,322643,4,0
322639,322639,322644,5,0
322639,322642,322644,2,3
322639,322642,322644,2,3
322639,322642,322644,2,3
322639,322643,322644,1,4
322639,322644,322645,1,5
322639,322639,322644,5,0
322639,322643,322644,1,4
322639,322644,322645,1,5
322639,322639,322644,5,0
322639,322643,322644,1,4
322639,322644,322645,1,5
322639,322643,322644,1,4
322639,322643,322644,1,4
322639,322644,322645,1,5
322639,322643,322644,1,4
322639,322644,322645,1,5
322639,322644,322645,1,5
322639,322639,322645,6,0
322639,322643,322645,2,4
322639,322639,322646,7,0
322639,322643,322645,2,4
322639,322643,322646,3,4
322639,322639,322645,6,0
322639,322639,322645,6,0
322639,322645,322646,1,6
322639,322639,322645,6,0
322639,322643,322645,2,4
322639,322639,322645,6,0
322639,322645,322646,1,6
322639,322639,322645,6,0
322639,322639,322646,7,0
322639,322639,322646,7,0
322639,322644,322646,2,5
322639,322644,322646,2,5
322639,322644,322646,2,5
322639,322639,322646,7,0
322639,322644,322646,2,5
322639,322645,322647,2,6
322639,322644,322646,2,5
322639,322639,322646,7,0
322639,322639,322647,8,0
322639,322645,322647,2,6
322639,322645,322647,2,6
322639,322639,322649,10,0
322639,322639,322648,9,0
322639,322639,322649,10,0
322639,322639,322650,11,0
322639,322639,322650,11,0
322639,322639,322649,10,0
322660,322660,322661,1,0
322660,322660,322662,2,0
322660,322660,322661,1,0
322660,322660,322661,1,0
322660,322660,322661,1,0
322660,322660,322661,1,0
322660,322660,322663,3,0
322660,322660,322664,4,0
322660,322660,322664,4,0
322660,322662,322664,2,2
322660,322662,322664,2,2
322660,322662,322664,2,2
322660,322660,322665,5,0
322660,322662,322664,2,2
322660,322660,322665,5,0
322660,322662,322664,2,2
322660,322662,322664,2,2
322660,322660,322664,4,0
322660,322664,322665,1,4
322660,322660,322665,5,0
322660,322660,322664,4,0
322660,322664,322665,1,4
322660,322660,322665,5,0
322660,322660,322665,5,0
322660,322660,322666,6,0
322660,322660,322666,6,0
322660,322660,322665,5,0
322660,322660,322665,5,0
322660,322660,322665,5,0
322660,322664,322666,2,4
322660,322660,322665,5,0
322660,322660,322666,6,0
322660,322660,322665,5,0
322660,322663,322665,2,3
322660,322660,322665,5,0
322660,322664,322665,1,4
322660,322660,322666,6,0
322660,322664,322666,2,4
322660,322660,322666,6,0
322660,322660,322666,6,0
322660,322660,322667,7,0
322660,322665,322666,1,5
322660,322665,322666,1,5
322660,322665,322667,2,5
322660,322660,322667,7,0
322660,322660,322666,6,0
322660,322665,322666,1,5
322660,322665,322666,1,5
322660,322660,322666,6,0
322660,322660,322666,6,0
322660,322660,322666,6,0
322660,322665,322666,1,5
322660,322665,322666,1,5
322660,322665,322667,2,5
322660,322660,322668,8,0
322660,322660,322668,8,0
322660,322665,322667,2,5
322660,322666,322668,2,6
322660,322660,322667,7,0
322660,322660,322668,8,0
322660,322666,322667,1,6
322660,322666,322667,1,6
322660,322665,322667,2,5
322660,322666,322668,2,6
322660,322666,322667,1,6
322660,322666,322667,1,6
322660,322666,322669,3,6
322660,322666,322669,3,6
322660,322660,322668,8,0
322660,322666,322669,3,6
322660,322666,322669,3,6
322660,322666,322668,2,6
322660,322666,322668,2,6
322660,322660,322669,9,0
322660,322660,322669,9,0
322660,322660,322669,9,0
322660,322666,322669,3,6
322660,322660,322669,9,0
322660,322660,322670,10,0
322680,322680,322681,1,0
322680,322680,322682,2,0
322680,322680,322682,2,0
322680,322680,322682,2,0
322680,322680,322681,1,0
322680,322680,322681,1,0
322680,322680,322684,4,0
322680,322680,322684,4,0
322680,322680,322684,4,0
322680,322680,322684,4,0
322680,322683,322684,1,3
322680,322683,322684,1,3
322680,322680,322685,5,0
322680,322680,322685,5,0
322680,322680,322685,5,0
322680,322680,322685,5,0
322680,322683,322685,2,3
322680,322680,322685,5,0
322680,322683,322685,2,3
322680,322680,322685,5,0
322680,322683,322685,2,3
322680,322683,322685,2,3
322680,322680,322686,6,0
322680,322680,322685,5,0
322680,322680,322685,5,0
322680,322680,322686,6,0
322680,322680,322686,6,0
322680,322680,322686,6,0
322680,322680,322686,6,0
322680,322680,322686,6,0
322680,322680,322686,6,0
322680,322680,322686,6,0
322680,322680,322686,6,0
322680,322680,322686,6,0
322680,322685,322686,1,5
322680,322680,322686,6,0
322680,322680,322686,6,0
322680,322685,322686,1,5
322680,322685,322686,1,5
322680,322685,322686,1,5
322680,322686,322687,1,6
322680,322680,322687,7,0
322680,322680,322687,7,0
322680,322680,322687,7,0
322680,322686,322687,1,6
322680,322686,322687,1,6
322680,322680,322687,7,0
322680,322686,322687,1,6
322680,322680,322688,8,0
322680,322686,322687,1,6
322680,322686,322687,1,6
322680,322686,322687,1,6
322680,322686,322687,1,6
322680,322687,322688,1,7
322680,322686,322687,1,6
322680,322686,322687,1,6
322680,322687,322688,1,7
322680,322686,322687,1,6
322680,322686,322687,1,6
322680,322680,322688,8,0
322680,322686,322688,2,6
322680,322680,322688,8,0
322680,322687,322688,1,7
322680,322680,322688,8,0
322680,322680,322688,8,0
322680,322686,322689,3,6
322680,322680,322688,8,0
322680,322680,322688,8,0
322680,322687,322689,2,7
322680,322687,322689,2,7
322680,322687,322689,2,7
322680,322687,322689,2,7
322680,322687,322689,2,7
322680,322687,322689,2,7
322680,322680,322690,10,0
322680,322685,322690,5,5
322680,322680,322690,10,0
322680,322680,322692,12,0
322702,322702,322704,2,0
322702,322702,322704,2,0
322702,322702,322704,2,0
322702,322702,322704,2,0
322702,322702,322704,2,0
322702,322702,322704,2,0
322702,322703,322706,3,1
322702,322703,322706,3,1
322702,322705,322706,1,3
322702,322705,322706,1,3
322702,322705,322706,1,3
322702,322702,322706,4,0
322702,322705,322706,1,3
322702,322702,322707,5,0
322702,322703,322707,4,1
322702,322702,322707,5,0
322702,322703,322707,4,1
322702,322703,322707,4,1
322702,322705,322707,2,3
322702,322703,322707,4,1
322702,322705,322707,2,3
322702,322702,322707,5,0
322702,322703,322708,5,1
322702,322703,322708,5,1
322702,322703,322708,5,1
322702,322703,322708,5,1
322702,322702,322708,6,0
322702,322702,322708,6,0
322702,322702,322708,6,0
322702,322707,322709,2,5
322702,322702,322708,6,0
322702,322702,322708,6,0
322702,322703,322709,6,1
322702,322707,322709,2,5
322702,322702,322710,8,0
322702,322702,322709,7,0
322702,322707,322709,2,5
322702,322702,322709,7,0
322702,322707,322709,2,5
322702,322702,322709,7,0
322702,322708,322709,1,6
322702,322708,322709,1,6
322702,322702,322709,7,0
322702,322707,322709,2,5
322702,322708,322709,1,6
322702,322702,322709,7,0
322702,322707,322709,2,5
322702,322707,322709,2,5
322702,322702,322710,8,0
322702,322702,322710,8,0
322702,322708,322711,3,6
322702,322702,322710,8,0
322702,322708,322710,2,6
322702,322702,322710,8,0
322702,322702,322710,8,0
322702,322708,322710,2,6
322702,322703,322710,7,1
322702,322708,322710,2,6
322702,322708,322710,2,6
322702,322702,322710,8,0
322702,322709,322710,1,7
322702,322709,322710,1,7
322702,322709,322710,1,7
322702,322708,322710,2,6
322702,322709,322710,1,7
322702,322709,322710,1,7
322702,322709,322710,1,7
322702,322702,322711,9,0
322702,322702,322711,9,0
322702,322710,322711,1,8
322702,322702,322711,9,0
322702,322709,322711,2,7
322702,322710,322711,1,8
322702,322710,322712,2,8
322702,322702,322711,9,0
322702,322709,322712,3,7
322702,322709,322712,3,7
322702,322702,322713,11,0
322702,322709,322713,4,7
322724,322724,322725,1,0
322724,322724,322725,1,0
322724,322724,322726,2,0
322724,322724,322725,1,0
322724,322724,322725,1,0
322724,322724,322725,1,0
322724,322725,322726,1,1
322724,322725,322726,1,1
322724,322724,322728,4,0
322724,322724,322728,4,0
322724,322724,322728,4,0
322724,322724,322728,4,0
322724,322724,322728,4,0
322724,322726,322728,2,2
322724,322724,322728,4,0
322724,322724,322728,4,0
322724,322724,322728,4,0
322724,322724,322728,4,0
322724,322724,322728,4,0
322724,322726,322728,2,2
322724,322726,322728,2,2
322724,322726,322728,2,2
322724,322724,322729,5,0
322724,322724,322728,4,0
322724,322724,322728,4,0
322724,322724,322729,5,0
322724,322724,322728,4,0
322724,322724,322730,6,0
322724,322724,322730,6,0
322724,322724,322729,5,0
322724,322727,322729,2,3
322724,322724,322729,5,0
322724,322724,322730,6,0
322724,322727,322729,2,3
322724,322728,322729,1,4
322724,322724,322730,6,0
322724,322728,322730,2,4
322724,322728,322731,3,4
322724,322729,322730,1,5
322724,322724,322731,7,0
322724,322724,322731,7,0
322724,322729,322731,2,5
322724,322728,322731,3,4
322724,322724,322731,7,0
322724,322728,322731,3,4
322724,322724,322731,7,0
322724,322728,322732,4,4
322724,322728,322732,4,4
322724,322730,322731,1,6
322724,322724,322732,8,0
322724,322724,322732,8,0
322724,322728,322732,4,4
322724,322729,322732,3,5
322724,322724,322732,8,0
322724,322724,322732,8,0
322724,322730,322731,1,6
322724,322730,322732,2,6
322724,322728,322731,3,4
322724,322729,322732,3,5
322724,322724,322732,8,0
322724,322728,322731,3,4
322724,322730,322732,2,6
322724,322724,322732,8,0
322724,322730,322731,1,6
322724,322730,322731,1,6
322724,322724,322732,8,0
322724,322724,322733,9,0
322724,322724,322733,9,0
322724,322728,322733,5,4
322724,322728,322732,4,4
322724,322729,322732,3,5
322724,322724,322732,8,0
322724,322724,322733,9,0
322724,322724,322733,9,0
322724,322730,322733,3,6
322724,322730,322732,2,6
322724,322728,322733,5,4
322724,322728,322735,7,4
322724,322724,322735,11,0
322745,322745,322746,1,0
322745,322745,322746,1,0
322745,322745,322747,2,0
322745,322745,322747,2,0
322745,322745,322747,2,0
322745,322745,322747,2,0
322745,322745,322749,4,0
322745,322745,322749,4,0
322745,322747,322749,2,2
322745,322748,322749,1,3
322745,322746,322749,3,1
322745,322748,322749,1,3
322745,322748,322749,1,3
322745,322748,322749,1,3
322745,322745,322750,5,0
322745,322745,322750,5,0
322745,322745,322750,5,0
322745,322745,322750,5,0
322745,322745,322750,5,0
322745,322745,322750,5,0
322745,322745,322750,5,0
322745,322745,322751,6,0
322745,322745,322751,6,0
322745,322745,322751,6,0
322745,322751,322752,1,6
322745,322745,322751,6,0
322745,322750,322751,1,5
322745,322751,322752,1,6
322745,322745,322751,6,0
322745,322745,322752,7,0
322745,322745,322752,7,0
322745,322745,322753,8,0
322745,322745,322752,7,0
322745,322745,322752,7,0
322745,322745,322752,7,0
322745,322745,322752,7,0
322745,322750,322752,2,5
322745,322751,322752,1,6
322745,322745,322752,7,0
322745,322745,322752,7,0
322745,322750,322752,2,5
322745,322750,322752,2,5
322745,322750,322752,2,5
322745,322751,322752,1,6
322745,322745,322752,7,0
322745,322750,322752,2,5
322745,322752,322753,1,7
322745,322745,322753,8,0
322745,322745,322753,8,0
322745,322750,322753,3,5
322745,322745,322753,8,0
322745,322752,322753,1,7
322745,322745,322753,8,0
322745,322752,322753,1,7
322745,322752,322753,1,7
322745,322745,322753,8,0
322745,322752,322753,1,7
322745,322745,322754,9,0
322745,322745,322754,9,0
322745,322751,322754,3,6
322745,322752,322754,2,7
322745,322745,322754,9,0
322745,322753,322754,1,8
322745,322745,322754,9,0
322745,322751,322754,3,6
322745,322752,322754,2,7
322745,322753,322754,1,8
322745,322745,322754,9,0
322745,322745,322755,10,0
322745,322752,322755,3,7
322745,322753,322755,2,8
322745,322753,322755,2,8
322745,322750,322755,5,5
322745,322751,322755,4,6
322745,322745,322756,11,0
322745,322745,322756,11,0
322745,322745,322756,11,0
322745,322753,322756,3,8
322745,322753,322756,3,8
322767,322767,322768,1,0
322767,322767,322768,1,0
322767,322767,322768,1,0
322767,322767,322768,1,0
322767,322767,322769,2,0
322767,322767,322769,2,0
322767,322767,322769,2,0
322767,322767,322770,3,0
322767,322769,322770,1,2
322767,322769,322770,1,2
322767,322770,322771,1,3
322767,322768,322771,3,1
322767,322769,322771,2,2
322767,322769,322771,2,2
322767,322770,322772,2,3
322767,322770,322772,2,3
322767,322767,322772,5,0
322767,322768,322772,4,1
322767,322767,322772,5,0
322767,322768,322772,4,1
322767,322767,322772,5,0
322767,322771,322772,1,4
322767,322767,322773,6,0
322767,322768,322773,5,1
322767,322767,322773,6,0
322767,322768,322773,5,1
322767,322767,322773,6,0
322767,322767,322774,7,0
322767,322772,322773,1,5
322767,322767,322773,6,0
322767,322767,322773,6,0
322767,322772,322774,2,5
322767,322773,322774,1,6
322767,322767,322773,6,0
322767,322771,322773,2,4
322767,322773,322774,1,6
322767,322767,322773,6,0
322767,322771,322773,2,4
322767,322772,322773,1,5
322767,322768,322774,6,1
322767,322767,322774,7,0
322767,322768,322774,6,1
322767,322768,322774,6,1
322767,322768,322774,6,1
322767,322773,322774,1,6
322767,322773,322774,1,6
322767,322767,322774,7,0
322767,322767,322774,7,0
322767,322767,322775,8,0
322767,322772,322774,2,5
322767,322767,322775,8,0
322767,322772,322774,2,5
322767,322774,322775,1,7
322767,322767,322774,7,0
322767,322772,322774,2,5
322767,322774,322775,1,7
322767,322774,322775,1,7
322767,322767,322775,8,0
322767,322768,322775,7,1
322767,322774,322775,1,7
322767,322773,322775,2,6
322767,322773,322775,2,6
322767,322767,322775,8,0
322767,322774,322775,1,7
322767,322774,322775,1,7
322767,322774,322775,1,7
322767,322767,322775,8,0
322767,322774,322775,1,7
322767,322774,322775,1,7
322767,322774,322775,1,7
322767,322774,322775,1,7
322767,322768,322776,8,1
322767,322774,322776,2,7
322767,322774,322776,2,7
322767,322767,322776,9,0
322767,322768,322777,9,1
322767,322767,322779,12,0
322767,322767,322780,13,0
322767,322767,322780,13,0
322791,322791,322792,1,0
322791,322791,322792,1,0
322791,322791,322792,1,0
322791,322791,322792,1,0
322791,322791,322792,1,0
322791,322791,322792,1,0
322791,322791,322793,2,0
322791,322791,322793,2,0
322791,322791,322794,3,0
322791,322793,322794,1,2
322791,322793,322794,1,2
322791,322792,322794,2,1
322791,322792,322794,2,1
322791,322793,322794,1,2
322791,322792,322794,2,1
322791,322791,322795,4,0
322791,322791,322796,5,0
322791,322791,322795,4,0
322791,322791,322795,4,0
322791,322791,322795,4,0
322791,322791,322795,4,0
322791,322791,322796,5,0
322791,322791,322796,5,0
322791,322791,322796,5,0
322791,322791,322796,5,0
322791,322791,322796,5,0
322791,322791,322796,5,0
322791,322791,322796,5,0
322791,322796,322797,1,5
322791,322791,322796,5,0
322791,322791,322797,6,0
322791,322795,322796,1,4
322791,322791,322796,5,0
322791,322794,322796,2,3
322791,322795,322797,2,4
322791,322791,322797,6,0
322791,322791,322797,6,0
322791,322791,322797,6,0
322791,322791,322797,6,0
322791,322791,322797,6,0
322791,322794,322798,4,3
322791,322791,322797,6,0
322791,322795,322797,2,4
322791,322791,322797,6,0
322791,322791,322797,6,0
322791,322795,322797,2,4
322791,322797,322798,1,6
322791,322795,322797,2,4
322791,322797,322798,1,6
322791,322797,322798,1,6
322791,322797,322798,1,6
322791,322795,322797,2,4
322791,322791,322797,6,0
322791,322797,322798,1,6
322791,322797,322798,1,6
322791,322791,322798,7,0
322791,322796,322798,2,5
322791,322796,322798,2,5
322791,322796,322798,2,5
322791,322791,322798,7,0
322791,322796,322798,2,5
322791,322791,322798,7,0
322791,322797,322798,1,6
322791,322797,322798,1,6
322791,322797,322798,1,6
322791,322797,322798,1,6
322791,322797,322798,1,6
322791,322796,322799,3,5
322791,322791,322799,8,0
322791,322791,322800,9,0
322791,322795,322799,4,4
322791,322797,322800,3,6
322791,322797,322799,2,6
322791,322797,322799,2,6
322791,322791,322800,9,0
322791,322791,322800,9,0
322791,322791,322800,9,0
322791,322791,322801,10,0
322791,322791,322801,10,0
322811,322812,322813,1,1
322811,322812,322813,1,1
322811,322812,322813,1,1
322811,322812,322813,1,1
322811,322812,322813,1,1
322811,322812,322813,1,1
322811,322812,322814,2,1
322811,322812,322814,2,1
322811,322813,322814,1,2
322811,322812,322814,2,1
322811,322813,322815,2,2
322811,322812,322815,3,1
322811,322812,322815,3,1
322811,322812,322815,3,1
322811,322812,322815,3,1
322811,322814,322815,1,3
322811,322812,322815,3,1
322811,322814,322815,1,3
322811,322812,322815,3,1
322811,322812,322816,4,1
322811,322812,322815,3,1
322811,322814,322815,1,3
322811,322812,322816,4,1
322811,322812,322816,4,1
322811,322812,322817,5,1
322811,322812,322816,4,1
322811,322812,322817,5,1
322811,322812,322816,4,1
322811,322812,322816,4,1
322811,322812,322816,4,1
322811,322815,322816,1,4
322811,322812,322816,4,1
322811,322815,322816,1,4
322811,322816,322817,1,5
322811,322816,322817,1,5
322811,322814,322816,2,3
322811,322812,322816,4,1
322811,322815,322816,1,4
322811,322815,322816,1,4
322811,322812,322817,5,1
322811,322812,322817,5,1
322811,322812,322817,5,1
322811,322816,322817,1,5
322811,322812,322817,5,1
322811,322816,322818,2,5
322811,322816,322817,1,5
322811,322816,322818,2,5
322811,322812,322817,5,1
322811,322816,322817,1,5
322811,322816,322817,1,5
322811,322812,322817,5,1
322811,322816,322817,1,5
322811,322816,322817,1,5
322811,322817,322818,1,6
322811,322812,322818,6,1
322811,322812,322817,5,1
322811,322815,322817,2,4
322811,322817,322818,1,6
322811,322812,322817,5,1
322811,322812,322817,5,1
322811,322817,322818,1,6
322811,322817,322818,1,6
322811,322812,322818,6,1
322811,322817,322818,1,6
322811,322816,322818,2,5
322811,322817,322819,2,6
322811,322817,322819,2,6
322811,322817,322819,2,6
322811,322812,322819,7,1
322811,322817,322819,2,6
322811,322812,322820,8,1
322811,322817,322819,2,6
322811,322812,322819,7,1
322811,322812,322820,8,1
322811,322812,322820,8,1
322811,322817,322821,4,6
322811,322817,322820,3,6
322811,322817,322821,4,6
322811,322812,322821,9,1
322831,322831,322832,1,0
322831,322831,322832,1,0
322831,322831,322832,1,0
322831,322831,322832,1,0
322831,322831,322833,2,0
322831,322831,322833,2,0
322831,322833,322834,1,2
322831,322831,322835,4,0
322831,322833,322835,2,2
322831,322833,322835,2,2
322831,322832,322835,3,1
322831,322831,322835,4,0
322831,322832,322835,3,1
322831,322831,322836,5,0
322831,322831,322836,5,0
322831,322831,322836,5,0
322831,322831,322836,5,0
322831,322831,322836,5,0
322831,322832,322836,4,1
322831,322831,322836,5,0
322831,322831,322836,5,0
322831,322836,322837,1,5
322831,322831,322836,5,0
322831,322836,322837,1,5
322831,322831,322837,6,0
322831,322831,322837,6,0
322831,322831,322837,6,0
322831,322831,322837,6,0
322831,322831,322836,5,0
322831,322831,322837,6,0
322831,322836,322837,1,5
322831,322836,322837,1,5
322831,322836,322838,2,5
322831,322831,322837,6,0
322831,322831,322837,6,0
322831,322836,322837,1,5
322831,322831,322838,7,0
322831,322831,322838,7,0
322831,322837,322838,1,6
322831,322837,322838,1,6
322831,322837,322838,1,6
322831,322837,322838,1,6
322831,322831,322838,7,0
322831,322836,322838,2,5
322831,322838,322839,1,7
322831,322837,322838,1,6
322831,322831,322838,7,0
322831,322837,322838,1,6
322831,322838,322839,1,7
322831,322837,322838,1,6
322831,322837,322838,1,6
322831,322837,322838,1,6
322831,322838,322839,1,7
322831,322831,322839,8,0
322831,322836,322839,3,5
322831,322838,322839,1,7
322831,322831,322839,8,0
322831,322831,322839,8,0
322831,322838,322839,1,7
322831,322831,322839,8,0
322831,322837,322839,2,6
322831,322838,322839,1,7
322831,322838,322839,1,7
322831,322831,322839,8,0
322831,322831,322839,8,0
322831,322831,322840,9,0
322831,322838,322840,2,7
322831,322837,322840,3,6
322831,322831,322840,9,0
322831,322838,322840,2,7
322831,322831,322841,10,0
322831,322831,322841,10,0
322831,322831,322841,10,0
322831,322831,322841,10,0
322831,322831,322841,10,0
322831,322831,322842,11,0
322831,322831,322842,11,0
322831,322831,322843,12,0
322852,322852,322853,1,0
322852,322852,322853,1,0
322852,322852,322853,1,0
322852,322852,322854,2,0
322852,322852,322854,2,0
322852,322852,322854,2,0
322852,322854,322855,1,2
322852,322855,322856,1,3
322852,322852,322856,4,0
322852,322852,322856,4,0
322852,322854,322856,2,2
322852,322855,322856,1,3
322852,322855,322856,1,3
322852,322852,322857,5,0
322852,322853,322857,4,1
322852,322852,322857,5,0
322852,322856,322857,1,4
322852,322852,322857,5,0
322852,322854,322857,3,2
322852,322852,322857,5,0
322852,322853,322858,5,1
322852,322852,322858,6,0
322852,322853,322858,5,1
322852,322853,322858,5,1
322852,322853,322858,5,1
322852,322853,322858,5,1
322852,322857,322858,1,5
322852,322858,322859,1,6
322852,322853,322858,5,1
322852,322858,322859,1,6
322852,322852,322858,6,0
322852,322857,322858,1,5
322852,322857,322858,1,5
322852,322857,322858,1,5
322852,322852,322858,6,0
322852,322858,322859,1,6
322852,322857,322858,1,5
322852,322858,322859,1,6
322852,322853,322859,6,1
322852,322853,322859,6,1
322852,322853,322859,6,1
322852,322852,322859,7,0
322852,322853,322859,6,1
322852,322853,322859,6,1
322852,322852,322859,7,0
322852,322852,322859,7,0
322852,322859,322860,1,7
322852,322857,322859,2,5
322852,322852,322859,7,0
322852,322852,322859,7,0
322852,322852,322859,7,0
322852,322858,322859,1,6
322852,322859,322860,1,7
322852,322859,322860,1,7
322852,322859,322860,1,7
322852,322852,322860,8,0
322852,322852,322860,8,0
322852,322852,322860,8,0
322852,322859,322860,1,7
322852,322859,322860,1,7
322852,322859,322860,1,7
322852,322859,322860,1,7
322852,322859,322860,1,7
322852,322859,322860,1,7
322852,322852,322861,9,0
322852,322852,322861,9,0
322852,322852,322861,9,0
322852,322859,322861,2,7
322852,322852,322861,9,0
322852,322859,322861,2,7
322852,322859,322861,2,7
322852,322859,322862,3,7
322852,322859,322861,2,7
322852,322852,322861,9,0
322852,322852,322862,10,0
322852,322852,322862,10,0
322852,322852,322862,10,0
322852,322858,322863,5,6
322852,322858,322863,5,6
322874,322874,322875,1,0
322874,322874,322875,1,0
322874,322874,322875,1,0
322874,322874,322875,1,0
322874,322874,322875,1,0
322874,322874,322875,1,0
322874,322874,322877,3,0
322874,322875,322876,1,1
322874,322875,322876,1,1
322874,322874,322878,4,0
322874,322874,322878,4,0
322874,322876,322877,1,2
322874,322876,322877,1,2
322874,322874,322878,4,0
322874,322874,322878,4,0
322874,322874,322878,4,0
322874,322874,322878,4,0
322874,322874,322879,5,0
322874,322874,322878,4,0
322874,322876,322878,2,2
322874,322874,322878,4,0
322874,322877,322878,1,3
322874,322874,322878,4,0
322874,322874,322878,4,0
322874,322877,322879,2,3
322874,322876,322878,2,2
322874,322877,322878,1,3
322874,322874,322879,5,0
322874,322874,322879,5,0
322874,322879,322880,1,5
322874,322874,322879,5,0
322874,322878,322880,2,4
322874,322874,322879,5,0
322874,322874,322879,5,0
322874,322878,322879,1,4
322874,322879,322880,1,5
322874,322874,322879,5,0
322874,322874,322881,7,0
322874,322878,322880,2,4
322874,322874,322880,6,0
322874,322879,322881,2,5
322874,322874,322881,7,0
322874,322878,322880,2,4
322874,322879,322881,2,5
322874,322874,322880,6,0
322874,322874,322880,6,0
322874,322879,322880,1,5
322874,322879,322881,2,5
322874,322874,322880,6,0
322874,322879,322880,1,5
322874,322879,322880,1,5
322874,322880,322881,1,6
322874,322879,322880,1,5
322874,322879,322880,1,5
322874,322879,322880,1,5
322874,322879,322880,1,5
322874,322880,322881,1,6
322874,322880,322881,1,6
322874,322880,322881,1,6
322874,322874,322881,7,0
322874,322874,322882,8,0
322874,322874,322881,7,0
322874,322874,322882,8,0
322874,322879,322881,2,5
322874,322874,322881,7,0
322874,322880,322881,1,6
322874,322880,322881,1,6
322874,322874,322883,9,0
322874,322874,322883,9,0
322874,322880,322883,3,6
322874,322879,322882,3,5
322874,322880,322882,2,6
322874,322874,322882,8,0
322874,322874,322882,8,0
322874,322874,322883,9,0
322874,322874,322883,9,0
322874,322874,322885,11,0
322874,322874,322885,11,0
322874,322874,322886,12,0
322897,322897,322898,1,0
322897,322897,322898,1,0
322897,322897,322898,1,0
322897,322897,322898,1,0
322897,322897,322898,1,0
322897,322897,322898,1,0
322897,322898,322900,2,1
322897,322897,322900,3,0
322897,322897,322901,4,0
322897,322897,322900,3,0
322897,322897,322901,4,0
322897,322897,322901,4,0
322897,322899,322901,2,2
322897,322899,322901,2,2
322897,322897,322902,5,0
322897,322899,322901,2,2
322897,322899,322901,2,2
322897,322897,322902,5,0
322897,322899,322901,2,2
322897,322900,322902,2,3
322897,322897,322902,5,0
322897,322897,322902,5,0
322897,322897,322902,5,0
322897,322897,322902,5,0
322897,322897,322902,5,0
322897,322901,322902,1,4
322897,322897,322903,6,0
322897,322897,322903,6,0
322897,322897,322903,6,0
322897,322897,322904,7,0
322897,322897,322903,6,0
322897,322901,322904,3,4
322897,322901,322904,3,4
322897,322897,322904,7,0
322897,322897,322904,7,0
322897,322901,322903,2,4
322897,322897,322903,6,0
322897,322901,322903,2,4
322897,322897,322904,7,0
322897,322902,322903,1,5
322897,322902,322904,2,5
322897,322902,322904,2,5
322897,322897,322905,8,0
322897,322897,322904,7,0
322897,322897,322904,7,0
322897,322901,322905,4,4
322897,322897,322904,7,0
322897,322897,322904,7,0
322897,322902,322904,2,5
322897,322903,322904,1,6
322897,322897,322905,8,0
322897,322897,322904,7,0
322897,322903,322905,2,6
322897,322903,322904,1,6
322897,322903,322905,2,6
322897,322903,322904,1,6
322897,322903,322905,2,6
322897,322904,322905,1,7
322897,322903,322904,1,6
322897,322904,322905,1,7
322897,322897,322906,9,0
322897,322902,322905,3,5
322897,322904,322906,2,7
322897,322897,322905,8,0
322897,322901,322905,4,4
322897,322904,322906,2,7
322897,322897,322906,9,0
322897,322897,322906,9,0
322897,322902,322905,3,5
322897,322897,322905,8,0
322897,322904,322906,2,7
322897,322904,322906,2,7
322897,322897,322906,9,0
322897,322904,322906,2,7
322897,322897,322907,10,0
322897,322897,322907,10,0
322897,322904,322907,3,7
322897,322897,322910,13,0
322897,322897,322910,13,0
322921,322921,322922,1,0
322921,322921,322922,1,0
322921,322921,322922,1,0
322921,322921,322922,1,0
322921,322921,322922,1,0
322921,322921,322922,1,0
322921,322922,322924,2,1
322921,322922,322924,2,1
322921,322922,322924,2,1
322921,322922,322924,2,1
322921,322921,322925,4,0
322921,322921,322924,3,0
322921,322921,322925,4,0
322921,322923,322925,2,2
322921,322921,322925,4,0
322921,322923,322925,2,2
322921,322921,322925,4,0
322921,322921,322925,4,0
322921,322921,322926,5,0
322921,322921,322926,5,0
322921,322921,322926,5,0
322921,322921,322925,4,0
322921,322924,322925,1,3
322921,322924,322925,1,3
322921,322924,322926,2,3
322921,322924,322925,1,3
322921,322921,322926,5,0
322921,322921,322927,6,0
322921,322925,322927,2,4
322921,322925,322927,2,4
322921,322921,322927,6,0
322921,322921,322927,6,0
322921,322925,322927,2,4
322921,322921,322926,5,0
322921,322921,322927,6,0
322921,322921,322927,6,0
322921,322921,322927,6,0
322921,322921,322928,7,0
322921,322921,322928,7,0
322921,322921,322927,6,0
322921,322925,322927,2,4
322921,322921,322928,7,0
322921,322921,322928,7,0
322921,322926,322927,1,5
322921,322927,322928,1,6
322921,322921,322928,7,0
322921,322926,322928,2,5
322921,322926,322927,1,5
322921,322926,322928,2,5
322921,322926,322927,1,5
322921,322927,322928,1,6
322921,322926,322927,1,5
322921,322927,322928,1,6
322921,322927,322928,1,6
322921,322927,322928,1,6
322921,322921,322928,7,0
322921,322921,322929,8,0
322921,322921,322928,7,0
322921,322926,322928,2,5
322921,322926,322929,3,5
322921,322927,322929,2,6
322921,322925,322928,3,4
322921,322925,322929,4,4
322921,322927,322929,2,6
322921,322927,322928,1,6
322921,322921,322928,7,0
322921,322921,322929,8,0
322921,322921,322929,8,0
322921,322928,322930,2,7
322921,322921,322929,8,0
322921,322921,322929,8,0
322921,322926,322930,4,5
322921,322921,322931,10,0
322921,322925,322931,6,4
322921,322921,322931,10,0
322921,322921,322932,11,0
322921,322921,322931,10,0
322921,322921,322932,11,0
322921,322921,322935,14,0
322946,322946,322947,1,0
322946,322946,322948,2,0
322946,322946,322948,2,0
322946,322946,322948,2,0
322946,322946,322948,2,0
322946,322946,322948,2,0
322946,322946,322949,3,0
322946,322948,322949,1,2
322946,322947,322950,3,1
322946,322949,322950,1,3
322946,322946,322950,4,0
322946,322949,322950,1,3
322946,322949,322950,1,3
322946,322949,322950,1,3
322946,322946,322951,5,0
322946,322947,322951,4,1
322946,322949,322951,2,3
322946,322950,322951,1,4
322946,322947,322951,4,1
322946,322947,322952,5,1
322946,322946,322952,6,0
322946,322947,322952,5,1
322946,322946,322952,6,0
322946,322947,322952,5,1
322946,322950,322952,2,4
322946,322947,322952,5,1
322946,322951,322952,1,5
322946,322947,322953,6,1
322946,322946,322952,6,0
322946,322951,322952,1,5
322946,322951,322952,1,5
322946,322946,322952,6,0
322946,322947,322952,5,1
322946,322947,322953,6,1
322946,322947,322953,6,1
322946,322947,322953,6,1
322946,322947,322953,6,1
322946,322946,322953,7,0
322946,322953,322954,1,7
322946,322946,322953,7,0
322946,322951,322953,2,5
322946,322951,322953,2,5
322946,322953,322954,1,7
322946,322946,322953,7,0
322946,322952,322953,1,6
322946,322953,322954,1,7
322946,322946,322953,7,0
322946,322946,322954,8,0
322946,322952,322953,1,6
322946,322953,322954,1,7
322946,322952,322953,1,6
322946,322953,322954,1,7
322946,322947,322954,7,1
322946,322946,322954,8,0
322946,322952,322954,2,6
322946,322952,322954,2,6
322946,322951,322954,3,5
322946,322946,322954,8,0
322946,322953,322954,1,7
322946,322953,322954,1,7
322946,322947,322954,7,1
322946,322953,322954,1,7
322946,322947,322955,8,1
322946,322946,322955,9,0
322946,322953,322955,2,7
322946,322953,322955,2,7
322946,322953,322955,2,7
322946,322946,322956,10,0
322946,322953,322956,3,7
322946,322946,322956,10,0
322946,322953,322956,3,7
322946,322954,322956,2,8
322946,322953,322956,3,7
322946,322954,322956,2,8
322946,322947,322958,11,1
322946,322946,322958,12,0
322946,322946,322959,13,0
322946,322947,322960,13,1
322946,322946,322965,19,0
322976,322976,322977,1,0
322976,322976,322977,1,0
322976,322976,322978,2,0
322976,322976,322978,2,0
322976,322976,322978,2,0
322976,322976,322977,1,0
322976,322977,322979,2,1
322976,322977,322980,3,1
322976,322976,322980,4,0
322976,322979,322980,1,3
322976,322979,322980,1,3
322976,322979,322980,1,3
322976,322979,322980,1,3
322976,322976,322981,5,0
322976,322977,322981,4,1
322976,322976,322981,5,0
322976,322977,322981,4,1
322976,322976,322981,5,0
322976,322977,322981,4,1
322976,322981,322982,1,5
322976,322976,322981,5,0
322976,322976,322981,5,0
322976,322976,322982,6,0
322976,322976,322982,6,0
322976,322976,322982,6,0
322976,322976,322982,6,0
322976,322981,322982,1,5
322976,322976,322982,6,0
322976,322976,322982,6,0
322976,322981,322982,1,5
322976,322981,322982,1,5
322976,322981,322982,1,5
322976,322982,322983,1,6
322976,322976,322983,7,0
322976,322976,322983,7,0
322976,322977,322983,6,1
322976,322976,322983,7,0
322976,322976,322983,7,0
322976,322976,322983,7,0
322976,322976,322983,7,0
322976,322976,322983,7,0
322976,322982,322983,1,6
322976,322982,322983,1,6
322976,322976,322983,7,0
322976,322983,322984,1,7
322976,322976,322984,8,0
322976,322976,322984,8,0
322976,322976,322983,7,0
322976,322976,322983,7,0
322976,322982,322983,1,6
322976,322983,322984,1,7
322976,322976,322984,8,0
322976,322983,322984,1,7
322976,322976,322983,7,0
322976,322982,322983,1,6
322976,322976,322984,8,0
322976,322983,322985,2,7
322976,322976,322984,8,0
322976,322976,322984,8,0
322976,322976,322984,8,0
322976,322976,322985,9,0
322976,322983,322985,2,7
322976,322981,322984,3,5
322976,322983,322984,1,7
322976,322983,322984,1,7
322976,322983,322984,1,7
322976,322983,322984,1,7
322976,322982,322985,3,6
322976,322976,322985,9,0
322976,322982,322985,3,6
322976,322982,322985,3,6
322976,322983,322985,2,7
322976,322982,322985,3,6
322976,322983,322985,2,7
322976,322976,322986,10,0
322976,322982,322987,5,6
322976,322976,322989,13,0
322999,322999,323000,1,0
322999,322999,323000,1,0
322999,322999,323000,1,0
322999,322999,323001,2,0
322999,322999,323000,1,0
322999,322999,323001,2,0
322999,323000,323002,2,1
322999,323001,323002,1,2
322999,322999,323002,3,0
322999,322999,323003,4,0
322999,323001,323003,2,2
322999,323000,323002,2,1
322999,323000,323003,3,1
322999,322999,323004,5,0
322999,322999,323004,5,0
322999,322999,323004,5,0
322999,322999,323004,5,0
322999,322999,323004,5,0
322999,322999,323004,5,0
322999,322999,323004,5,0
322999,323001,323003,2,2
322999,322999,323004,5,0
322999,322999,323005,6,0
322999,322999,323005,6,0
322999,322999,323005,6,0
322999,322999,323005,6,0
322999,322999,323005,6,0
322999,322999,323004,5,0
322999,323002,323005,3,3
322999,322999,323005,6,0
322999,323003,323005,2,4
322999,322999,323005,6,0
322999,323002,323004,2,3
322999,323004,323005,1,5
322999,322999,323005,6,0
322999,322999,323005,6,0
322999,323003,323004,1,4
322999,323004,323005,1,5
322999,322999,323004,5,0
322999,322999,323005,6,0
322999,323003,323005,2,4
322999,322999,323006,7,0
322999,322999,323006,7,0
322999,323003,323006,3,4
322999,323004,323006,2,5
322999,323004,323005,1,5
322999,322999,323006,7,0
322999,323004,323006,2,5
322999,323005,323006,1,6
322999,323005,323006,1,6
322999,323005,323006,1,6
322999,323005,323006,1,6
322999,323005,323007,2,6
322999,322999,323006,7,0
322999,323005,323007,2,6
322999,323004,323007,3,5
322999,323004,323007,3,5
322999,323004,323007,3,5
322999,323005,323007,2,6
322999,323005,323007,2,6
322999,322999,323007,8,0
322999,323005,323007,2,6
322999,323005,323007,2,6
322999,323005,323007,2,6
322999,323005,323007,2,6
322999,322999,323007,8,0
322999,322999,323008,9,0
322999,322999,323008,9,0
322999,323003,323008,5,4
322999,322999,323008,9,0
322999,322999,323008,9,0
322999,323005,323008,3,6
322999,322999,323008,9,0
322999,322999,323009,10,0
322999,322999,323011,12,0
322999,322999,323012,13,0
322999,322999,323012,13,0
322999,322999,323014,15,0
323024,323024,323025,1,0
323024,323024,323025,1,0
323024,323024,323025,1,0
323024,323024,323025,1,0
323024,323024,323025,1,0
323024,323024,323026,2,0
323024,323025,323026,1,1
323024,323025,323027,2,1
323024,323026,323027,1,2
323024,323024,323029,5,0
323024,323024,323028,4,0
323024,323024,323028,4,0
323024,323024,323028,4,0
323024,323024,323029,5,0
323024,323026,323028,2,2
323024,323024,323029,5,0
323024,323026,323029,3,2
323024,323026,323029,3,2
323024,323024,323030,6,0
323024,323024,323030,6,0
323024,323024,323030,6,0
323024,323028,323030,2,4
323024,323024,323030,6,0
323024,323024,323030,6,0
323024,323024,323030,6,0
323024,323027,323030,3,3
323024,323024,323029,5,0
323024,323024,323030,6,0
323024,323024,323029,5,0
323024,323029,323030,1,5
323024,323024,323030,6,0
323024,323024,323029,5,0
323024,323027,323030,3,3
323024,323029,323030,1,5
323024,323024,323030,6,0
323024,323029,323031,2,5
323024,323030,323031,1,6
323024,323024,323030,6,0
323024,323024,323031,7,0
323024,323030,323031,1,6
323024,323030,323031,1,6
323024,323024,323031,7,0
323024,323030,323031,1,6
323024,323024,323031,7,0
323024,323029,323031,2,5
323024,323030,323031,1,6
323024,323030,323031,1,6
323024,323030,323031,1,6
323024,323024,323032,8,0
323024,323024,323032,8,0
323024,323024,323031,7,0
323024,323030,323032,2,6
323024,323024,323031,7,0
323024,323029,323032,3,5
323024,323024,323032,8,0
323024,323024,323031,7,0
323024,323029,323032,3,5
323024,323029,323032,3,5
323024,323031,323032,1,7
323024,323030,323031,1,6
323024,323030,323031,1,6
323024,323030,323031,1,6
323024,323030,323032,2,6
323024,323030,323032,2,6
323024,323024,323033,9,0
323024,323030,323032,2,6
323024,323029,323032,3,5
323024,323029,323032,3,5
323024,323030,323032,2,6
323024,323024,323032,8,0
323024,323030,323032,2,6
323024,323024,323032,8,0
323024,323024,323032,8,0
323024,323024,323034,10,0
323024,323024,323033,9,0
323024,323024,323033,9,0
323024,323024,323033,9,0
323024,323024,323034,10,0
323024,323024,323037,13,0
323047,323047,323048,1,0
323047,323048,323049,1,1
323047,323048,323049,1,1
323047,323048,323049,1,1
323047,323048,323049,1,1
323047,323049,323051,2,2
323047,323049,323050,1,2
323047,323048,323051,3,1
323047,323048,323051,3,1
323047,323048,323052,4,1
323047,323048,323052,4,1
323047,323048,323052,4,1
323047,323048,323052,4,1
323047,323050,323052,2,3
323047,323048,323052,4,1
323047,323050,323052,2,3
323047,323048,323052,4,1
323047,323050,323052,2,3
323047,323048,323054,6,1
323047,323048,323053,5,1
323047,323050,323053,3,3
323047,323048,323054,6,1
323047,323048,323054,6,1
323047,323051,323053,2,4
323047,323048,323053,5,1
323047,323048,323054,6,1
323047,323048,323053,5,1
323047,323048,323053,5,1
323047,323051,323053,2,4
323047,323048,323054,6,1
323047,323048,323054,6,1
323047,323048,323054,6,1
323047,323048,323055,7,1
323047,323048,323054,6,1
323047,323048,323054,6,1
323047,323048,323054,6,1
323047,323054,323055,1,7
323047,323053,323054,1,6
323047,323054,323055,1,7
323047,323054,323055,1,7
323047,323053,323055,2,6
323047,323053,323054,1,6
323047,323054,323055,1,7
323047,323048,323054,6,1
323047,323053,323054,1,6
323047,323054,323055,1,7
323047,323048,323055,7,1
323047,323048,323055,7,1
323047,323052,323055,3,5
323047,323053,323055,2,6
323047,323048,323055,7,1
323047,323054,323055,1,7
323047,323054,323055,1,7
323047,323054,323055,1,7
323047,323054,323055,1,7
323047,323053,323055,2,6
323047,323054,323055,1,7
323047,323048,323056,8,1
323047,323053,323056,3,6
323047,323055,323056,1,8
323047,323055,323056,1,8
323047,323048,323056,8,1
323047,323053,323057,4,6
323047,323055,323057,2,8
323047,323055,323057,2,8
323047,323054,323056,2,7
323047,323048,323056,8,1
323047,323048,323058,10,1
323047,323048,323057,9,1
323047,323048,323057,9,1
323047,323048,323057,9,1
323047,323053,323057,4,6
323047,323052,323057,5,5
323047,323055,323057,2,8
323047,323048,323058,10,1
323047,323048,323058,10,1
323047,323048,323060,12,1
323047,323048,323060,12,1
323070,323070,323071,1,0
323070,323070,323071,1,0
323070,323070,323072,2,0
323070,323070,323072,2,0
323070,323070,323072,2,0
323070,323070,323072,2,0
323070,323071,323073,2,1
323070,323071,323073,2,1
323070,323070,323074,4,0
323070,323070,323074,4,0
323070,323070,323074,4,0
323070,323070,323074,4,0
323070,323072,323074,2,2
323070,323070,323074,4,0
323070,323070,323075,5,0
323070,323072,323075,3,2
323070,323072,323075,3,2
323070,323070,323075,5,0
323070,323072,323075,3,2
323070,323073,323075,2,3
323070,323070,323076,6,0
323070,323070,323076,6,0
323070,323070,323076,6,0
323070,323070,323076,6,0
323070,323074,323076,2,4
323070,323070,323076,6,0
323070,323070,323076,6,0
323070,323070,323076,6,0
323070,323070,323076,6,0
323070,323070,323076,6,0
323070,323073,323076,3,3
323070,323070,323076,6,0
323070,323075,323076,1,5
323070,323070,323077,7,0
323070,323070,323077,7,0
323070,323070,323077,7,0
323070,323070,323077,7,0
323070,323070,323077,7,0
323070,323070,323077,7,0
323070,323076,323077,1,6
323070,323070,323077,7,0
323070,323076,323077,1,6
323070,323077,323078,1,7
323070,323076,323077,1,6
323070,323077,323078,1,7
323070,323076,323077,1,6
323070,323077,323078,1,7
323070,323077,323078,1,7
323070,323070,323077,7,0
323070,323070,323078,8,0
323070,323074,323078,4,4
323070,323077,323078,1,7
323070,323077,323078,1,7
323070,323076,323078,2,6
323070,323077,323078,1,7
323070,323077,323078,1,7
323070,323077,323078,1,7
323070,323077,323078,1,7
323070,323077,323078,1,7
323070,323070,323079,9,0
323070,323070,323079,9,0
323070,323074,323079,5,4
323070,323076,323079,3,6
323070,323075,323079,4,5
323070,323077,323079,2,7
323070,323078,323079,1,8
323070,323078,323079,1,8
323070,323070,323079,9,0
323070,323070,323079,9,0
323070,323075,323080,5,5
323070,323074,323080,6,4
323070,323070,323081,11,0
323070,323070,323081,11,0
323070,323070,323082,12,0
323070,323070,323082,12,0
323070,323070,323083,13,0
323070,323070,323083,13,0
323070,323070,323087,17,0
323070,323070,323094,24,0
323104,323104,323105,1,0
323104,323104,323105,1,0
323104,323104,323105,1,0
323104,323104,323105,1,0
323104,323104,323105,1,0
323104,323104,323105,1,0
323104,323105,323106,1,1
323104,323104,323107,3,0
323104,323105,323107,2,1
323104,323104,323108,4,0
323104,323106,323107,1,2
323104,323105,323107,2,1
323104,323104,323108,4,0
323104,323106,323108,2,2
323104,323104,323108,4,0
323104,323104,323108,4,0
323104,323104,323109,5,0
323104,323104,323109,5,0
323104,323104,323109,5,0
323104,323104,323109,5,0
323104,323106,323108,2,2
323104,323104,323109,5,0
323104,323104,323109,5,0
323104,323106,323108,2,2
323104,323104,323109,5,0
323104,323107,323109,2,3
323104,323104,323109,5,0
323104,323104,323109,5,0
323104,323104,323110,6,0
323104,323108,323110,2,4
323104,323104,323110,6,0
323104,323108,323110,2,4
323104,323109,323110,1,5
323104,323104,323110,6,0
323104,323104,323110,6,0
323104,323109,323110,1,5
323104,323109,323110,1,5
323104,323104,323110,6,0
323104,323104,323109,5,0
323104,323108,323110,2,4
323104,323109,323110,1,5
323104,323104,323111,7,0
323104,323104,323111,7,0
323104,323104,323110,6,0
323104,323109,323111,2,5
323104,323110,323111,1,6
323104,323109,323111,2,5
323104,323108,323111,3,4
323104,323109,323111,2,5
323104,323109,323111,2,5
323104,323110,323111,1,6
323104,323108,323111,3,4
323104,323110,323111,1,6
323104,323110,323111,1,6
323104,323104,323112,8,0
323104,323104,323112,8,0
323104,323104,323111,7,0
323104,323107,323112,5,3
323104,323104,323111,7,0
323104,323110,323112,2,6
323104,323108,323111,3,4
323104,323104,323112,8,0
323104,323110,323112,2,6
323104,323110,323112,2,6
323104,323109,323112,3,5
323104,323104,323113,9,0
323104,323104,323113,9,0
323104,323104,323112,8,0
323104,323109,323112,3,5
323104,323104,323112,8,0
323104,323109,323113,4,5
323104,323110,323113,3,6
323104,323104,323113,9,0
323104,323104,323114,10,0
323104,323110,323113,3,6
323104,323104,323115,11,0
323104,323104,323114,10,0
323104,323104,323115,11,0
323104,323104,323117,13,0
323127,323127,323128,1,0
323127,323127,323128,1,0
323127,323127,323128,1,0
323127,323127,323128,1,0
323127,323127,323128,1,0
323127,323127,323128,1,0
323127,323127,323131,4,0
323127,323127,323130,3,0
323127,323129,323131,2,2
323127,323128,323131,3,1
323127,323129,323131,2,2
323127,323129,323131,2,2
323127,323127,323131,4,0
323127,323129,323131,2,2
323127,323127,323132,5,0
323127,323127,323132,5,0
323127,323127,323132,5,0
323127,323129,323131,2,2
323127,323127,323132,5,0
323127,323127,323132,5,0
323127,323131,323132,1,4
323127,323127,323132,5,0
323127,323127,323133,6,0
323127,323131,323133,2,4
323127,323132,323133,1,5
323127,323127,323132,5,0
323127,323131,323133,2,4
323127,323132,323133,1,5
323127,323127,323133,6,0
323127,323127,323133,6,0
323127,323131,323133,2,4
323127,323132,323133,1,5
323127,323131,323133,2,4
323127,323132,323133,1,5
323127,323127,323134,7,0
323127,323127,323134,7,0
323127,323127,323134,7,0
323127,323127,323133,6,0
323127,323132,323134,2,5
323127,323127,323133,6,0
323127,323131,323133,2,4
323127,323132,323134,2,5
323127,323132,323133,1,5
323127,323133,323134,1,6
323127,323127,323133,6,0
323127,323133,323134,1,6
323127,323133,323134,1,6
323127,323127,323134,7,0
323127,323132,323133,1,5
323127,323133,323134,1,6
323127,323133,323134,1,6
323127,323127,323135,8,0
323127,323127,323134,7,0
323127,323127,323134,7,0
323127,323131,323135,4,4
323127,323127,323134,7,0
323127,323133,323134,1,6
323127,323133,323135,2,6
323127,323133,323135,2,6
323127,323133,323135,2,6
323127,323133,323135,2,6
323127,323133,323134,1,6
323127,323133,323135,2,6
323127,323127,323136,9,0
323127,323127,323135,8,0
323127,323134,323136,2,7
323127,323127,323136,9,0
323127,323127,323135,8,0
323127,323131,323136,5,4
323127,323127,323137,10,0
323127,323127,323137,10,0
323127,323127,323137,10,0
323127,323127,323137,10,0
323127,323127,323138,11,0
323127,323127,323137,10,0
323127,323127,323139,12,0
323127,323127,323139,12,0
323127,323127,323140,13,0
323127,323127,323142,15,0
323152,323152,323153,1,0
323152,323152,323153,1,0
323152,323152,323153,1,0
323152,323152,323153,1,0
323152,323152,323153,1,0
323152,323152,323153,1,0
323152,323152,323154,2,0
323152,323152,323154,2,0
323152,323154,323155,1,2
323152,323152,323156,4,0
323152,323154,323155,1,2
323152,323154,323155,1,2
323152,323154,323155,1,2
323152,323154,323156,2,2
323152,323152,323156,4,0
323152,323155,323156,1,3
323152,323152,323156,4,0
323152,323154,323156,2,2
323152,323152,323157,5,0
323152,323152,323157,5,0
323152,323152,323157,5,0
323152,323155,323158,3,3
323152,323152,323157,5,0
323152,323152,323157,5,0
323152,323152,323157,5,0
323152,323156,323157,1,4
323152,323152,323158,6,0
323152,323152,323157,5,0
323152,323156,323157,1,4
323152,323156,323158,2,4
323152,323157,323158,1,5
323152,323152,323157,5,0
323152,323156,323157,1,4
323152,323152,323158,6,0
323152,323156,323158,2,4
323152,323152,323159,7,0
323152,323152,323158,6,0
323152,323152,323158,6,0
323152,323157,323158,1,5
323152,323158,323159,1,6
323152,323158,323159,1,6
323152,323156,323158,2,4
323152,323152,323159,7,0
323152,323158,323159,1,6
323152,323156,323158,2,4
323152,323158,323159,1,6
323152,323152,323159,7,0
323152,323158,323160,2,6
323152,323152,323160,8,0
323152,323152,323160,8,0
323152,323155,323160,5,3
323152,323157,323160,3,5
323152,323158,323159,1,6
323152,323158,323160,2,6
323152,323158,323159,1,6
323152,323158,323159,1,6
323152,323152,323159,7,0
323152,323158,323159,1,6
323152,323158,323159,1,6
323152,323158,323159,1,6
323152,323158,323159,1,6
323152,323152,323160,8,0
323152,323158,323159,1,6
323152,323152,323160,8,0
323152,323152,323160,8,0
323152,323159,323161,2,7
323152,323152,323160,8,0
323152,323159,323161,2,7
323152,323152,323160,8,0
323152,323152,323161,9,0
323152,323152,323161,9,0
323152,323152,323161,9,0
323152,323152,323161,9,0
323152,323152,323162,10,0
323152,323152,323162,10,0
323152,323152,323162,10,0
323152,323152,323162,10,0
323152,323152,323162,10,0
323152,323152,323166,14,0
323175,323176,323177,1,1
323175,323176,323177,1,1
323175,323176,323177,1,1
323175,323176,323177,1,1
323175,323176,323177,1,1
323175,323176,323177,1,1
323175,323177,323178,1,2
323175,323176,323179,3,1
323175,323176,323179,3,1
323175,323176,323179,3,1
323175,323178,323179,1,3
323175,323178,323179,1,3
323175,323178,323179,1,3
323175,323178,323179,1,3
323175,323177,323179,2,2
323175,323176,323180,4,1
323175,323176,323180,4,1
323175,323176,323180,4,1
323175,323176,323181,5,1
323175,323176,323180,4,1
323175,323176,323181,5,1
323175,323176,323181,5,1
323175,323179,323181,2,4
323175,323176,323181,5,1
323175,323176,323181,5,1
323175,323180,323181,1,5
323175,323180,323181,1,5
323175,323176,323182,6,1
323175,323180,323181,1,5
323175,323181,323182,1,6
323175,323180,323182,2,5
323175,323180,323181,1,5
323175,323181,323182,1,6
323175,323176,323182,6,1
323175,323180,323183,3,5
323175,323176,323182,6,1
323175,323176,323182,6,1
323175,323182,323183,1,7
323175,323176,323182,6,1
323175,323182,323183,1,7
323175,323176,323182,6,1
323175,323180,323182,2,5
323175,323182,323183,1,7
323175,323182,323183,1,7
323175,323182,323183,1,7
323175,323176,323182,6,1
323175,323182,323183,1,7
323175,323176,323183,7,1
323175,323176,323183,7,1
323175,323176,323183,7,1
323175,323181,323183,2,6
323175,323180,323183,3,5
323175,323181,323184,3,6
323175,323176,323183,7,1
323175,323182,323184,2,7
323175,323176,323183,7,1
323175,323176,323183,7,1
323175,323176,323183,7,1
323175,323182,323183,1,7
323175,323182,323183,1,7
323175,323182,323183,1,7
323175,323182,323183,1,7
323175,323176,323184,8,1
323175,323181,323184,3,6
323175,323183,323184,1,8
323175,323176,323184,8,1
323175,323182,323184,2,7
323175,323176,323184,8,1
323175,323183,323184,1,8
323175,323182,323185,3,7
323175,323176,323185,9,1
323175,323176,323185,9,1
323175,323176,323186,10,1
323175,323176,323186,10,1
323175,323176,323187,11,1
323175,323176,323187,11,1
323175,323176,323189,13,1
323175,323176,323192,16,1
323175,323176,323194,18,1
323205,323205,323206,1,0
323205,323205,323206,1,0
323205,323205,323206,1,0
323205,323205,323206,1,0
323205,323205,323206,1,0
323205,323205,323206,1,0
323205,323205,323208,3,0
323205,323205,323207,2,0
323205,323205,323208,3,0
323205,323207,323208,1,2
323205,323207,323209,2,2
323205,323206,323209,3,1
323205,323207,323209,2,2
323205,323206,323209,3,1
323205,323207,323209,2,2
323205,323205,323209,4,0
323205,323205,323209,4,0
323205,323208,323210,2,3
323205,323209,323210,1,4
323205,323205,323210,5,0
323205,323205,323210,5,0
323205,323205,323211,6,0
323205,323209,323210,1,4
323205,323209,323211,2,4
323205,323205,323211,6,0
323205,323209,323210,1,4
323205,323205,323211,6,0
323205,323209,323210,1,4
323205,323205,323211,6,0
323205,323209,323211,2,4
323205,323208,323212,4,3
323205,323205,323211,6,0
323205,323209,323212,3,4
323205,323205,323211,6,0
323205,323205,323212,7,0
323205,323205,323212,7,0
323205,323205,323211,6,0
323205,323205,323212,7,0
323205,323205,323211,6,0
323205,323211,323212,1,6
323205,323211,323212,1,6
323205,323205,323212,7,0
323205,323210,323211,1,5
323205,323211,323212,1,6
323205,323211,323212,1,6
323205,323210,323211,1,5
323205,323211,323212,1,6
323205,323211,323212,1,6
323205,323205,323213,8,0
323205,323210,323213,3,5
323205,323211,323212,1,6
323205,323211,323213,2,6
323205,323211,323212,1,6
323205,323211,323212,1,6
323205,323212,323213,1,7
323205,323205,323213,8,0
323205,323205,323213,8,0
323205,323210,323214,4,5
323205,323211,323214,3,6
323205,323212,323214,2,7
323205,323212,323214,2,7
323205,323212,323214,2,7
323205,323205,323214,9,0
323205,323205,323214,9,0
323205,323205,323214,9,0
323205,323205,323214,9,0
323205,323212,323214,2,7
323205,323205,323216,11,0
323205,323205,323216,11,0
323205,323205,323215,10,0
323205,323205,323216,11,0
323205,323205,323216,11,0
323205,323205,323217,12,0
323205,323205,323217,12,0
323205,323205,323218,13,0
323205,323205,323219,14,0
323205,323205,323220,15,0
323205,323205,323220,15,0
323205,323205,323221,16,0
323232,323232,323233,1,0
323232,323232,323233,1,0
323232,323232,323233,1,0
323232,323232,323233,1,0
323232,323232,323234,2,0
323232,323232,323233,1,0
323232,323234,323235,1,2
323232,323234,323235,1,2
323232,323232,323236,4,0
323232,323232,323236,4,0
323232,323232,323236,4,0
323232,323232,323236,4,0
323232,323232,323236,4,0
323232,323234,323236,2,2
323232,323234,323236,2,2
323232,323232,323237,5,0
323232,323232,323237,5,0
323232,323235,323237,2,3
323232,323232,323237,5,0
323232,323232,323237,5,0
323232,323236,323237,1,4
323232,323232,323237,5,0
323232,323234,323237,3,2
323232,323232,323237,5,0
323232,323234,323236,2,2
323232,323232,323238,6,0
323232,323232,323238,6,0
323232,323232,323238,6,0
323232,323232,323238,6,0
323232,323232,323238,6,0
323232,323232,323238,6,0
323232,323236,323238,2,4
323232,323232,323238,6,0
323232,323237,323238,1,5
323232,323238,323239,1,6
323232,323232,323238,6,0
323232,323237,323238,1,5
323232,323238,323239,1,6
323232,323232,323239,7,0
323232,323232,323239,7,0
323232,323236,323239,3,4
323232,323238,323239,1,6
323232,323239,323240,1,7
323232,323236,323239,3,4
323232,323232,323239,7,0
323232,323238,323239,1,6
323232,323238,323239,1,6
323232,323239,323240,1,7
323232,323232,323239,7,0
323232,323238,323239,1,6
323232,323232,323239,7,0
323232,323238,323239,1,6
323232,323237,323240,3,5
323232,323236,323240,4,4
323232,323239,323240,1,7
323232,323232,323240,8,0
323232,323239,323240,1,7
323232,323232,323240,8,0
323232,323239,323240,1,7
323232,323238,323240,2,6
323232,323239,323240,1,7
323232,323232,323240,8,0
323232,323239,323241,2,7
323232,323232,323241,9,0
323232,323232,323242,10,0
323232,323239,323241,2,7
323232,323232,323241,9,0
323232,323232,323242,10,0
323232,323238,323242,4,6
323232,323232,323242,10,0
323232,323232,323243,11,0
323232,323232,323243,11,0
323232,323232,323243,11,0
323232,323232,323243,11,0
323232,323232,323245,13,0
323232,323232,323247,15,0
323257,323257,323258,1,0
323257,323257,323258,1,0
323257,323257,323258,1,0
323257,323257,323259,2,0
323257,323257,323259,2,0
323257,323257,323258,1,0
323257,323258,323259,1,1
323257,323257,323260,3,0
323257,323257,323259,2,0
323257,323257,323261,4,0
323257,323257,323261,4,0
323257,323259,323260,1,2
323257,323259,323261,2,2
323257,323259,323261,2,2
323257,323259,323260,1,2
323257,323259,323261,2,2
323257,323259,323260,1,2
323257,323257,323262,5,0
323257,323257,323262,5,0
323257,323257,323262,5,0
323257,323257,323261,4,0
323257,323257,323262,5,0
323257,323257,323261,4,0
323257,323257,323262,5,0
323257,323257,323262,5,0
323257,323257,323262,5,0
323257,323257,323263,6,0
323257,323257,323263,6,0
323257,323257,323262,5,0
323257,323257,323263,6,0
323257,323257,323262,5,0
323257,323257,323263,6,0
323257,323260,323263,3,3
323257,323260,323263,3,3
323257,323257,323262,5,0
323257,323261,323262,1,4
323257,323257,323262,5,0
323257,323257,323263,6,0
323257,323261,323263,2,4
323257,323257,323263,6,0
323257,323261,323262,1,4
323257,323262,323263,1,5
323257,323262,323263,1,5
323257,323261,323262,1,4
323257,323261,323262,1,4
323257,323261,323262,1,4
323257,323262,323263,1,5
323257,323261,323262,1,4
323257,323261,323262,1,4
323257,323262,323263,1,5
323257,323257,323263,6,0
323257,323262,323264,2,5
323257,323257,323264,7,0
323257,323257,323263,6,0
323257,323262,323264,2,5
323257,323257,323264,7,0
323257,323257,323264,7,0
323257,323263,323264,1,6
323257,323257,323264,7,0
323257,323257,323264,7,0
323257,323257,323265,8,0
323257,323257,323265,8,0
323257,323263,323265,2,6
323257,323263,323265,2,6
323257,323257,323265,8,0
323257,323263,323265,2,6
323257,323263,323265,2,6
323257,323257,323264,7,0
323257,323257,323266,9,0
323257,323263,323265,2,6
323257,323263,323265,2,6
323257,323263,323266,3,6
323257,323263,323266,3,6
323257,323257,323265,8,0
323257,323263,323266,3,6
323257,323262,323266,4,5
323257,323257,323267,10,0
323257,323257,323267,10,0
323257,323263,323266,3,6
323277,323277,323278,1,0
323277,323277,323278,1,0
323277,323277,323278,1,0
323277,323277,323278,1,0
323277,323277,323278,1,0
323277,323277,323278,1,0
323277,323277,323280,3,0
323277,323278,323279,1,1
323277,323278,323280,2,1
323277,323279,323280,1,2
323277,323277,323280,3,0
323277,323277,323281,4,0
323277,323277,323281,4,0
323277,323279,323280,1,2
323277,323279,323280,1,2
323277,323279,323281,2,2
323277,323277,323282,5,0
323277,323277,323282,5,0
323277,323277,323281,4,0
323277,323277,323281,4,0
323277,323277,323282,5,0
323277,323277,323282,5,0
323277,323280,323281,1,3
323277,323277,323282,5,0
323277,323277,323282,5,0
323277,323277,323281,4,0
323277,323281,323282,1,4
323277,323277,323282,5,0
323277,323277,323282,5,0
323277,323280,323281,1,3
323277,323277,323283,6,0
323277,323277,323282,5,0
323277,323277,323282,5,0
323277,323277,323282,5,0
323277,323281,323282,1,4
323277,323282,323283,1,5
323277,323277,323283,6,0
323277,323281,323282,1,4
323277,323282,323283,1,5
323277,323282,323283,1,5
323277,323281,323282,1,4
323277,323282,323283,1,5
323277,323282,323283,1,5
323277,323277,323283,6,0
323277,323277,323283,6,0
323277,323282,323284,2,5
323277,323281,323284,3,4
323277,323280,323283,3,3
323277,323277,323284,7,0
323277,323281,323283,2,4
323277,323282,323284,2,5
323277,323282,323283,1,5
323277,323282,323283,1,5
323277,323282,323283,1,5
323277,323282,323283,1,5
323277,323282,323283,1,5
323277,323282,323283,1,5
323277,323277,323284,7,0
323277,323277,323284,7,0
323277,323277,323284,7,0
323277,323281,323284,3,4
323277,323277,323284,7,0
323277,323277,323284,7,0
323277,323282,323284,2,5
323277,323283,323285,2,6
323277,323277,323285,8,0
323277,323277,323284,7,0
323277,323283,323285,2,6
323277,323277,323285,8,0
323277,323283,323284,1,6
323277,323283,323284,1,6
323277,323283,323284,1,6
323277,323277,323284,7,0
323277,323277,323285,8,0
323277,323277,323286,9,0
323277,323277,323286,9,0
323277,323277,323288,11,0
323277,323277,323288,11,0
323277,323277,323288,11,0
323298,323298,323299,1,0
323298,323298,323299,1,0
323298,323298,323300,2,0
323298,323298,323300,2,0
323298,323298,323300,2,0
323298,323298,323300,2,0
323298,323299,323301,2,1
323298,323298,323301,3,0
323298,323300,323301,1,2
323298,323300,323301,1,2
323298,323299,323302,3,1
323298,323299,323302,3,1
323298,323301,323302,1,3
323298,323301,323302,1,3
323298,323299,323303,4,1
323298,323298,323303,5,0
323298,323298,323303,5,0
323298,323301,323303,2,3
323298,323298,323303,5,0
323298,323301,323303,2,3
323298,323298,323303,5,0
323298,323302,323303,1,4
323298,323298,323303,5,0
323298,323302,323303,1,4
323298,323302,323303,1,4
323298,323298,323303,5,0
323298,323298,323303,5,0
323298,323303,323304,1,5
323298,323299,323304,5,1
323298,323299,323304,5,1
323298,323299,323304,5,1
323298,323299,323304,5,1
323298,323298,323305,7,0
323298,323298,323304,6,0
323298,323303,323304,1,5
323298,323304,323305,1,6
323298,323298,323305,7,0
323298,323304,323305,1,6
323298,323304,323305,1,6
323298,323298,323304,6,0
323298,323304,323305,1,6
323298,323304,323305,1,6
323298,323304,323305,1,6
323298,323299,323305,6,1
323298,323299,323305,6,1
323298,323303,323305,2,5
323298,323302,323305,3,4
323298,323304,323305,1,6
323298,323298,323305,7,0
323298,323304,323305,1,6
323298,323304,323305,1,6
323298,323304,323305,1,6
323298,323305,323306,1,7
323298,323298,323305,7,0
323298,323298,323305,7,0
323298,323304,323305,1,6
323298,323304,323305,1,6
323298,323298,323305,7,0
323298,323304,323305,1,6
323298,323298,323306,8,0
323298,323299,323306,7,1
323298,323298,323306,8,0
323298,323298,323307,9,0
323298,323305,323306,1,7
323298,323298,323307,9,0
323298,323304,323306,2,6
323298,323298,323306,8,0
323298,323298,323306,8,0
323298,323303,323306,3,5
323298,323305,323306,1,7
323298,323305,323306,1,7
323298,323305,323306,1,7
323298,323298,323307,9,0
323298,323305,323307,2,7
323298,323298,323308,10,0
323298,323298,323307,9,0
323298,323305,323307,2,7
323298,323298,323308,10,0
323298,323298,323308,10,0
323318,323318,323319,1,0
323318,323318,323319,1,0
323318,323318,323319,1,0
323318,323318,323320,2,0
323318,323318,323319,1,0
323318,323318,323319,1,0
323318,323318,323319,1,0
323318,323318,323322,4,0
323318,323320,323322,2,2
323318,323320,323322,2,2
323318,323320,323322,2,2
323318,323318,323323,5,0
323318,323318,323323,5,0
323318,323318,323322,4,0
323318,323318,323322,4,0
323318,323318,323323,5,0
323318,323320,323322,2,2
323318,323320,323322,2,2
323318,323318,323323,5,0
323318,323318,323323,5,0
323318,323318,323323,5,0
323318,323320,323322,2,2
323318,323318,323322,4,0
323318,323318,323322,4,0
323318,323320,323322,2,2
323318,323318,323323,5,0
323318,323318,323323,5,0
323318,323318,323323,5,0
323318,323318,323324,6,0
323318,323322,323323,1,4
323318,323318,323323,5,0
323318,323318,323324,6,0
323318,323323,323324,1,5
323318,323318,323324,6,0
323318,323322,323324,2,4
323318,323318,323323,5,0
323318,323323,323324,1,5
323318,323323,323324,1,5
323318,323323,323324,1,5
323318,323318,323325,7,0
323318,323323,323325,2,5
323318,323318,323325,7,0
323318,323318,323324,6,0
323318,323323,323325,2,5
323318,323318,323325,7,0
323318,323323,323325,2,5
323318,323322,323324,2,4
323318,323324,323325,1,6
323318,323324,323325,1,6
323318,323323,323324,1,5
323318,323324,323325,1,6
323318,323323,323325,2,5
323318,323323,323324,1,5
323318,323323,323324,1,5
323318,323322,323324,2,4
323318,323323,323324,1,5
323318,323324,323325,1,6
323318,323323,323324,1,5
323318,323324,323325,1,6
323318,323318,323326,8,0
323318,323318,323326,8,0
323318,323323,323325,2,5
323318,323318,323325,7,0
323318,323318,323325,7,0
323318,323323,323325,2,5
323318,323318,323325,7,0
323318,323318,323326,8,0
323318,323324,323326,2,6
323318,323324,323326,2,6
323318,323324,323326,2,6
323318,323324,323326,2,6
323318,323318,323326,8,0
323318,323318,323327,9,0
323318,323318,323328,10,0
323318,323318,323328,10,0
323318,323318,323328,10,0
323318,323318,323330,12,0
323318,323318,323330,12,0
323318,323318,323333,15,0
323344,323344,323345,1,0
323344,323344,323345,1,0
323344,323344,323345,1,0
323344,323344,323346,2,0
323344,323344,323345,1,0
323344,323344,323345,1,0
323344,323344,323345,1,0
323344,323345,323346,1,1
323344,323346,323347,1,2
323344,323344,323348,4,0
323344,323346,323348,2,2
323344,323344,323347,3,0
323344,323346,323347,1,2
323344,323346,323348,2,2
323344,323346,323347,1,2
323344,323345,323347,2,1
323344,323344,323348,4,0
323344,323347,323348,1,3
323344,323344,323348,4,0
323344,323344,323348,4,0
323344,323344,323348,4,0
323344,323344,323349,5,0
323344,323344,323348,4,0
323344,323347,323348,1,3
323344,323348,323349,1,4
323344,323344,323349,5,0
323344,323348,323349,1,4
323344,323344,323349,5,0
323344,323344,323350,6,0
323344,323344,323349,5,0
323344,323344,323349,5,0
323344,323348,323350,2,4
323344,323348,323350,2,4
323344,323348,323350,2,4
323344,323348,323349,1,4
323344,323344,323349,5,0
323344,323348,323349,1,4
323344,323344,323349,5,0
323344,323348,323349,1,4
323344,323344,323349,5,0
323344,323348,323349,1,4
323344,323344,323349,5,0
323344,323344,323351,7,0
323344,323344,323350,6,0
323344,323344,323350,6,0
323344,323349,323351,2,5
323344,323344,323351,7,0
323344,323344,323351,7,0
323344,323349,323350,1,5
323344,323349,323350,1,5
323344,323344,323350,6,0
323344,323344,323350,6,0
323344,323349,323350,1,5
323344,323350,323351,1,6
323344,323349,323350,1,5
323344,323349,323350,1,5
323344,323349,323350,1,5
323344,323349,323351,2,5
323344,323349,323350,1,5
323344,323344,323351,7,0
323344,323344,323351,7,0
323344,323350,323352,2,6
323344,323350,323352,2,6
323344,323344,323352,8,0
323344,323350,323352,2,6
323344,323350,323352,2,6
323344,323350,323352,2,6
323344,323344,323352,8,0
323344,323344,323353,9,0
323344,323344,323352,8,0
323344,323344,323353,9,0
323344,323350,323352,2,6
323344,323344,323353,9,0
323344,323350,323352,2,6
323344,323344,323353,9,0
323344,323344,323354,10,0
323344,323344,323355,11,0
323344,323344,323356,12,0
323344,323344,323358,14,0
323368,323368,323369,1,0
323368,323368,323369,1,0
323368,323368,323369,1,0
323368,323368,323370,2,0
323368,323368,323370,2,0
323368,323368,323370,2,0
323368,323368,323371,3,0
323368,323368,323371,3,0
323368,323370,323371,1,2
323368,323369,323371,2,1
323368,323370,323371,1,2
323368,323370,323372,2,2
323368,323371,323372,1,3
323368,323370,323372,2,2
323368,323368,323372,4,0
323368,323368,323373,5,0
323368,323368,323373,5,0
323368,323368,323373,5,0
323368,323368,323373,5,0
323368,323371,323373,2,3
323368,323368,323373,5,0
323368,323372,323373,1,4
323368,323368,323373,5,0
323368,323368,323374,6,0
323368,323372,323373,1,4
323368,323372,323374,2,4
323368,323373,323374,1,5
323368,323368,323374,6,0
323368,323368,323374,6,0
323368,323368,323374,6,0
323368,323368,323374,6,0
323368,323368,323374,6,0
323368,323368,323374,6,0
323368,323368,323374,6,0
323368,323373,323374,1,5
323368,323368,323374,6,0
323368,323368,323374,6,0
323368,323374,323375,1,6
323368,323373,323375,2,5
323368,323374,323375,1,6
323368,323374,323375,1,6
323368,323368,323375,7,0
323368,323374,323375,1,6
323368,323374,323375,1,6
323368,323368,323375,7,0
323368,323373,323375,2,5
323368,323373,323375,2,5
323368,323374,323375,1,6
323368,323374,323375,1,6
323368,323374,323375,1,6
323368,323374,323375,1,6
323368,323368,323376,8,0
323368,323375,323376,1,7
323368,323368,323376,8,0
323368,323374,323376,2,6
323368,323368,323377,9,0
323368,323368,323376,8,0
323368,323374,323376,2,6
323368,323374,323376,2,6
323368,323375,323376,1,7
323368,323375,323376,1,7
323368,323368,323376,8,0
323368,323368,323377,9,0
323368,323368,323377,9,0
323368,323368,323377,9,0
323368,323375,323377,2,7
323368,323375,323377,2,7
323368,323368,323377,9,0
323368,323368,323377,9,0
323368,323368,323377,9,0
323368,323375,323377,2,7
323368,323375,323378,3,7
323368,323368,323379,11,0
323368,323368,323379,11,0
323368,323368,323379,11,0
323368,323368,323380,12,0
323368,323368,323383,15,0
323368,323368,323384,16,0
323394,323394,323395,1,0
323394,323394,323395,1,0
323394,323394,323395,1,0
323394,323394,323395,1,0
323394,323394,323395,1,0
323394,323394,323395,1,0
323394,323394,323397,3,0
323394,323395,323397,2,1
323394,323395,323397,2,1
323394,323394,323398,4,0
323394,323396,323398,2,2
323394,323396,323398,2,2
323394,323395,323398,3,1
323394,323396,323398,2,2
323394,323394,323399,5,0
323394,323397,323399,2,3
323394,323397,323399,2,3
323394,323397,323399,2,3
323394,323394,323400,6,0
323394,323394,323400,6,0
323394,323394,323399,5,0
323394,323394,323400,6,0
323394,323394,323399,5,0
323394,323394,323400,6,0
323394,323394,323400,6,0
323394,323398,323400,2,4
323394,323398,323400,2,4
323394,323399,323400,1,5
323394,323394,323400,6,0
323394,323399,323400,1,5
323394,323394,323400,6,0
323394,323398,323400,2,4
323394,323398,323400,2,4
323394,323394,323400,6,0
323394,323399,323400,1,5
323394,323394,323401,7,0
323394,323398,323401,3,4
323394,323394,323401,7,0
323394,323400,323401,1,6
323394,323394,323401,7,0
323394,323394,323401,7,0
323394,323394,323401,7,0
323394,323394,323401,7,0
323394,323401,323402,1,7
323394,323394,323401,7,0
323394,323401,323402,1,7
323394,323394,323402,8,0
323394,323400,323402,2,6
323394,323399,323402,3,5
323394,323400,323402,2,6
323394,323394,323402,8,0
323394,323394,323402,8,0
323394,323400,323402,2,6
323394,323401,323402,1,7
323394,323401,323402,1,7
323394,323394,323403,9,0
323394,323401,323402,1,7
323394,323401,323402,1,7
323394,323394,323402,8,0
323394,323394,323403,9,0
323394,323394,323403,9,0
323394,323400,323403,3,6
323394,323400,323403,3,6
323394,323394,323403,9,0
323394,323400,323404,4,6
323394,323394,323404,10,0
323394,323400,323404,4,6
323394,323394,323404,10,0
323394,323394,323405,11,0
323394,323394,323406,12,0
323394,323394,323407,13,0
323394,323394,323407,13,0
323394,323394,323408,14,0
323394,323394,323408,14,0
323394,323394,323409,15,0
323394,323394,323414,20,0
323424,323424,323425,1,0
323424,323424,323425,1,0
323424,323424,323425,1,0
323424,323424,323426,2,0
323424,323424,323426,2,0
323424,323424,323426,2,0
323424,323424,323426,2,0
323424,323425,323427,2,1
323424,323426,323427,1,2
323424,323424,323428,4,0
323424,323426,323428,2,2
323424,323424,323428,4,0
323424,323424,323428,4,0
323424,323427,323428,1,3
323424,323427,323428,1,3
323424,323427,323428,1,3
323424,323427,323428,1,3
323424,323424,323429,5,0
323424,323424,323429,5,0
323424,323424,323429,5,0
323424,323428,323429,1,4
323424,323428,323429,1,4
323424,323429,323430,1,5
323424,323424,323430,6,0
323424,323429,323430,1,5
323424,323424,323430,6,0
323424,323429,323430,1,5
323424,323430,323431,1,6
323424,323424,323430,6,0
323424,323424,323430,6,0
323424,323424,323431,7,0
323424,323424,323431,7,0
323424,323424,323431,7,0
323424,323429,323431,2,5
323424,323424,323431,7,0
323424,323424,323431,7,0
323424,323424,323431,7,0
323424,323429,323431,2,5
323424,323424,323432,8,0
323424,323431,323432,1,7
323424,323430,323431,1,6
323424,323430,323431,1,6
323424,323431,323432,1,7
323424,323430,323431,1,6
323424,323430,323431,1,6
323424,323431,323432,1,7
323424,323424,323432,8,0
323424,323430,323432,2,6
323424,323424,323432,8,0
323424,323424,323432,8,0
323424,323429,323432,3,5
323424,323424,323432,8,0
323424,323429,323432,3,5
323424,323430,323432,2,6
323424,323424,323432,8,0
323424,323431,323432,1,7
323424,323431,323432,1,7
323424,323424,323432,8,0
323424,323424,323432,8,0
323424,323424,323432,8,0
323424,323424,323433,9,0
323424,323424,323433,9,0
323424,323431,323433,2,7
323424,323432,323434,2,8
323424,323432,323433,1,8
323424,323424,323433,9,0
323424,323424,323434,10,0
323424,323424,323434,10,0
323424,323432,323434,2,8
323424,323432,323434,2,8
323424,323424,323435,11,0
323424,323424,323436,12,0
323424,323424,323436,12,0
323424,323424,323437,13,0
323424,323424,323437,13,0
323424,323424,323438,14,0
323424,323424,323439,15,0
323450,323450,323451,1,0
323450,323450,323451,1,0
323450,323450,323451,1,0
323450,323450,323451,1,0
323450,323450,323451,1,0
323450,323450,323451,1,0
323450,323450,323453,3,0
323450,323452,323453,1,2
323450,323450,323453,3,0
323450,323452,323454,2,2
323450,323452,323453,1,2
323450,323451,323453,2,1
323450,323452,323453,1,2
323450,323450,323453,3,0
323450,323452,323453,1,2
323450,323450,323455,5,0
323450,323450,323454,4,0
323450,323450,323455,5,0
323450,323450,323455,5,0
323450,323453,323454,1,3
323450,323450,323455,5,0
323450,323450,323456,6,0
323450,323450,323455,5,0
323450,323454,323455,1,4
323450,323450,323456,6,0
323450,323454,323455,1,4
323450,323450,323455,5,0
323450,323454,323455,1,4
323450,323454,323455,1,4
323450,323453,323455,2,3
323450,323454,323455,1,4
323450,323450,323455,5,0
323450,323450,323455,5,0
323450,323450,323457,7,0
323450,323450,323457,7,0
323450,323450,323456,6,0
323450,323455,323457,2,5
323450,323450,323456,6,0
323450,323455,323456,1,5
323450,323450,323456,6,0
323450,323454,323456,2,4
323450,323455,323456,1,5
323450,323455,323456,1,5
323450,323450,323456,6,0
323450,323450,323457,7,0
323450,323455,323457,2,5
323450,323450,323457,7,0
323450,323450,323457,7,0
323450,323454,323457,3,4
323450,323456,323457,1,6
323450,323456,323457,1,6
323450,323456,323458,2,6
323450,323456,323457,1,6
323450,323456,323457,1,6
323450,323456,323457,1,6
323450,323456,323457,1,6
323450,323456,323457,1,6
323450,323456,323457,1,6
323450,323456,323457,1,6
323450,323456,323457,1,6
323450,323456,323457,1,6
323450,323456,323457,1,6
323450,323450,323458,8,0
323450,323450,323459,9,0
323450,323450,323459,9,0
323450,323457,323458,1,7
323450,323450,323458,8,0
323450,323450,323458,8,0
323450,323450,323458,8,0
323450,323457,323459,2,7
323450,323450,323459,9,0
323450,323450,323460,10,0
323450,323450,323460,10,0
323450,323450,323461,11,0
323450,323450,323460,10,0
323450,323450,323461,11,0
323450,323450,323461,11,0
323450,323450,323461,11,0
323450,323450,323462,12,0
323472,323472,323473,1,0
323472,323472,323473,1,0
323472,323472,323473,1,0
323472,323472,323473,1,0
323472,323472,323473,1,0
323472,323472,323474,2,0
323472,323472,323473,1,0
323472,323472,323476,4,0
323472,323472,323476,4,0
323472,323473,323475,2,1
323472,323474,323476,2,2
323472,323474,323475,1,2
323472,323473,323475,2,1
323472,323474,323475,1,2
323472,323472,323476,4,0
323472,323472,323477,5,0
323472,323472,323476,4,0
323472,323472,323477,5,0
323472,323474,323476,2,2
323472,323472,323476,4,0
323472,323476,323477,1,4
323472,323472,323477,5,0
323472,323472,323476,4,0
323472,323476,323477,1,4
323472,323472,323476,4,0
323472,323474,323476,2,2
323472,323476,323477,1,4
323472,323476,323477,1,4
323472,323472,323477,5,0
323472,323476,323478,2,4
323472,323476,323477,1,4
323472,323472,323477,5,0
323472,323477,323478,1,5
323472,323472,323479,7,0
323472,323472,323479,7,0
323472,323476,323479,3,4
323472,323472,323479,7,0
323472,323477,323478,1,5
323472,323477,323478,1,5
323472,323477,323478,1,5
323472,323477,323478,1,5
323472,323478,323479,1,6
323472,323472,323478,6,0
323472,323472,323478,6,0
323472,323477,323478,1,5
323472,323477,323478,1,5
323472,323477,323478,1,5
323472,323477,323478,1,5
323472,323477,323478,1,5
323472,323477,323478,1,5
323472,323478,323479,1,6
323472,323478,323479,1,6
323472,323472,323479,7,0
323472,323477,323479,2,5
323472,323472,323479,7,0
323472,323477,323479,2,5
323472,323477,323480,3,5
323472,323478,323479,1,6
323472,323472,323479,7,0
323472,323478,323479,1,6
323472,323472,323479,7,0
323472,323472,323480,8,0
323472,323472,323481,9,0
323472,323472,323480,8,0
323472,323472,323480,8,0
323472,323472,323481,9,0
323472,323479,323481,2,7
323472,323472,323481,9,0
323472,323479,323482,3,7
323472,323472,323482,10,0
323472,323472,323482,10,0
323472,323472,323482,10,0
323472,323472,323482,10,0
323472,323472,323483,11,0
323472,323472,323484,12,0
323472,323472,323483,11,0
323472,323472,323485,13,0
323472,323472,323486,14,0
323472,323472,323487,15,0
323496,323496,323497,1,0
323496,323496,323497,1,0
323496,323496,323498,2,0
323496,323496,323498,2,0
323496,323496,323498,2,0
323496,323496,323498,2,0
323496,323496,323498,2,0
323496,323498,323499,1,2
323496,323498,323499,1,2
323496,323499,323500,1,3
323496,323499,323500,1,3
323496,323499,323500,1,3
323496,323499,323500,1,3
323496,323500,323501,1,4
323496,323497,323501,4,1
323496,323497,323501,4,1
323496,323497,323501,4,1
323496,323497,323501,4,1
323496,323500,323501,1,4
323496,323496,323501,5,0
323496,323501,323502,1,5
323496,323497,323502,5,1
323496,323501,323502,1,5
323496,323501,323502,1,5
323496,323496,323502,6,0
323496,323496,323502,6,0
323496,323496,323502,6,0
323496,323496,323502,6,0
323496,323501,323502,1,5
323496,323501,323502,1,5
323496,323501,323502,1,5
323496,323496,323502,6,0
323496,323497,323503,6,1
323496,323502,323503,1,6
323496,323496,323503,7,0
323496,323502,323504,2,6
323496,323496,323503,7,0
323496,323496,323503,7,0
323496,323496,323503,7,0
323496,323502,323503,1,6
323496,323502,323503,1,6
323496,323503,323504,1,7
323496,323503,323504,1,7
323496,323503,323504,1,7
323496,323497,323504,7,1
323496,323502,323504,2,6
323496,323503,323504,1,7
323496,323503,323504,1,7
323496,323503,323504,1,7
323496,323496,323504,8,0
323496,323503,323504,1,7
323496,323503,323504,1,7
323496,323496,323504,8,0
323496,323503,323504,1,7
323496,323503,323504,1,7
323496,323503,323504,1,7
323496,323496,323504,8,0
323496,323503,323504,1,7
323496,323497,323505,8,1
323496,323497,323505,8,1
323496,323496,323505,9,0
323496,323497,323505,8,1
323496,323496,323505,9,0
323496,323497,323505,8,1
323496,323497,323505,8,1
323496,323496,323505,9,0
323496,323496,323506,10,0
323496,323496,323506,10,0
323496,323502,323506,4,6
323496,323502,323506,4,6
323496,323496,323507,11,0
323496,323496,323507,11,0
323496,323496,323507,11,0
323496,323496,323508,12,0
323496,323496,323508,12,0
323496,323497,323508,11,1
323496,323496,323509,13,0
323519,323519,323520,1,0
323519,323519,323521,2,0
323519,323519,323521,2,0
323519,323519,323521,2,0
323519,323519,323520,1,0
323519,323519,323521,2,0
323519,323521,323522,1,2
323519,323519,323522,3,0
323519,323519,323522,3,0
323519,323520,323522,2,1
323519,323522,323523,1,3
323519,323520,323523,3,1
323519,323520,323523,3,1
323519,323522,323523,1,3
323519,323522,323523,1,3
323519,323519,323523,4,0
323519,323519,323524,5,0
323519,323519,323523,4,0
323519,323522,323523,1,3
323519,323519,323524,5,0
323519,323520,323524,4,1
323519,323519,323524,5,0
323519,323519,323524,5,0
323519,323523,323524,1,4
323519,323519,323524,5,0
323519,323519,323524,5,0
323519,323523,323524,1,4
323519,323519,323524,5,0
323519,323519,323524,5,0
323519,323523,323524,1,4
323519,323524,323525,1,5
323519,323523,323524,1,4
323519,323519,323525,6,0
323519,323524,323525,1,5
323519,323519,323526,7,0
323519,323523,323525,2,4
323519,323523,323525,2,4
323519,323520,323525,5,1
323519,323525,323526,1,6
323519,323519,323526,7,0
323519,323524,323525,1,5
323519,323525,323526,1,6
323519,323525,323526,1,6
323519,323519,323525,6,0
323519,323525,323526,1,6
323519,323519,323525,6,0
323519,323524,323525,1,5
323519,323524,323525,1,5
323519,323525,323526,1,6
323519,323524,323526,2,5
323519,323524,323526,2,5
323519,323519,323526,7,0
323519,323525,323526,1,6
323519,323525,323526,1,6
323519,323525,323526,1,6
323519,323525,323526,1,6
323519,323525,323526,1,6
323519,323525,323526,1,6
323519,323519,323527,8,0
323519,323525,323527,2,6
323519,323525,323527,2,6
323519,323525,323527,2,6
323519,323519,323527,8,0
323519,323519,323524,5,0
323519,323519,323528,9,0
323519,323520,323529,9,1
323519,323519,323530,11,0
323519,323519,323530,11,0
323519,323520,323531,11,1
323519,323519,323531,12,0
323519,323519,323531,12,0
323519,323519,323531,12,0
323519,323519,323531,12,0
323519,323519,323532,13,0
323519,323519,323532,13,0
323519,323519,323535,16,0
323545,323545,323546,1,0
323545,323545,323547,2,0
323545,323545,323547,2,0
323545,323545,323546,1,0
323545,323545,323546,1,0
323545,323545,323547,2,0
323545,323545,323548,3,0
323545,323545,323548,3,0
323545,323546,323548,2,1
323545,323545,323549,4,0
323545,323547,323549,2,2
323545,323547,323549,2,2
323545,323547,323549,2,2
323545,323547,323549,2,2
323545,323547,323549,2,2
323545,323545,323550,5,0
323545,323545,323550,5,0
323545,323545,323550,5,0
323545,323545,323549,4,0
323545,323545,323550,5,0
323545,323545,323550,5,0
323545,323545,323549,4,0
323545,323545,323550,5,0
323545,323545,323550,5,0
323545,323545,323549,4,0
323545,323545,323550,5,0
323545,323549,323550,1,4
323545,323545,323550,5,0
323545,323545,323550,5,0
323545,323549,323550,1,4
323545,323548,323550,2,3
323545,323545,323551,6,0
323545,323545,323551,6,0
323545,323549,323550,1,4
323545,323545,323551,6,0
323545,323549,323551,2,4
323545,323549,323550,1,4
323545,323550,323551,1,5
323545,323545,323552,7,0
323545,323545,323552,7,0
323545,323545,323552,7,0
323545,323549,323552,3,4
323545,323545,323552,7,0
323545,323548,323552,4,3
323545,323550,323552,2,5
323545,323548,323551,3,3
323545,323545,323552,7,0
323545,323550,323551,1,5
323545,323551,323552,1,6
323545,323545,323552,7,0
323545,323550,323552,2,5
323545,323550,323552,2,5
323545,323551,323552,1,6
323545,323545,323552,7,0
323545,323550,323552,2,5
323545,323550,323553,3,5
323545,323545,323553,8,0
323545,323550,323553,3,5
323545,323550,323553,3,5
323545,323550,323553,3,5
323545,323551,323553,2,6
323545,323550,323553,3,5
323545,323551,323553,2,6
323545,323545,323553,8,0
323545,323545,323553,8,0
323545,323545,323553,8,0
323545,323545,323553,8,0
323545,323545,323554,9,0
323545,323550,323554,4,5
323545,323550,323553,3,5
323545,323545,323554,9,0
323545,323545,323555,10,0
323545,323545,323555,10,0
323545,323545,323557,12,0
323545,323545,323558,13,0
323545,323545,323558,13,0
323569,323569,323570,1,0
323569,323569,323570,1,0
323569,323569,323571,2,0
323569,323569,323571,2,0
323569,323569,323570,1,0
323569,323569,323571,2,0
323569,323569,323572,3,0
323569,323569,323571,2,0
323569,323569,323571,2,0
323569,323569,323572,3,0
323569,323569,323572,3,0
323569,323569,323572,3,0
323569,323569,323572,3,0
323569,323569,323573,4,0
323569,323569,323573,4,0
323569,323569,323573,4,0
323569,323569,323572,3,0
323569,323571,323573,2,2
323569,323569,323573,4,0
323569,323571,323572,1,2
323569,323571,323572,1,2
323569,323571,323573,2,2
323569,323569,323573,4,0
323569,323569,323573,4,0
323569,323569,323573,4,0
323569,323571,323572,1,2
323569,323569,323574,5,0
323569,323569,323574,5,0
323569,323572,323574,2,3
323569,323569,323573,4,0
323569,323569,323574,5,0
323569,323569,323574,5,0
323569,323569,323574,5,0
323569,323572,323573,1,3
323569,323573,323574,1,4
323569,323569,323575,6,0
323569,323569,323575,6,0
323569,323573,323575,2,4
323569,323573,323575,2,4
323569,323573,323575,2,4
323569,323569,323575,6,0
323569,323573,323575,2,4
323569,323569,323575,6,0
323569,323572,323575,3,3
323569,323572,323575,3,3
323569,323573,323574,1,4
323569,323574,323575,1,5
323569,323574,323575,1,5
323569,323573,323576,3,4
323569,323569,323576,7,0
323569,323574,323576,2,5
323569,323569,323576,7,0
323569,323569,323576,7,0
323569,323569,323575,6,0
323569,323573,323576,3,4
323569,323574,323576,2,5
323569,323572,323576,4,3
323569,323573,323576,3,4
323569,323569,323576,7,0
323569,323572,323576,4,3
323569,323573,323576,3,4
323569,323574,323576,2,5
323569,323574,323575,1,5
323569,323569,323576,7,0
323569,323572,323576,4,3
323569,323572,323577,5,3
323569,323569,323577,8,0
323569,323573,323577,4,4
323569,323574,323577,3,5
323569,323569,323577,8,0
323569,323569,323576,7,0
323569,323569,323576,7,0
323569,323573,323577,4,4
323569,323574,323577,3,5
323569,323574,323576,2,5
323569,323569,323577,8,0
323569,323573,323577,4,4
323569,323569,323578,9,0
323569,323569,323578,9,0
323588,323588,323590,2,0
323588,323588,323590,2,0
323588,323588,323589,1,0
323588,323588,323589,1,0
323588,323588,323589,1,0
323588,323588,323590,2,0
323588,323588,323590,2,0
323588,323588,323591,3,0
323588,323588,323591,3,0
323588,323588,323591,3,0
323588,323588,323591,3,0
323588,323588,323592,4,0
323588,323588,323592,4,0
323588,323588,323591,3,0
323588,323590,323592,2,2
323588,323590,323592,2,2
323588,323590,323592,2,2
323588,323588,323592,4,0
323588,323588,323592,4,0
323588,323590,323592,2,2
323588,323588,323593,5,0
323588,323590,323592,2,2
323588,323588,323592,4,0
323588,323588,323592,4,0
323588,323588,323593,5,0
323588,323588,323593,5,0
323588,323591,323592,1,3
323588,323588,323592,4,0
323588,323588,323593,5,0
323588,323588,323594,6,0
323588,323591,323594,3,3
323588,323588,323594,6,0
323588,323588,323594,6,0
323588,323588,323593,5,0
323588,323592,323593,1,4
323588,323588,323593,5,0
323588,323592,323594,2,4
323588,323591,323594,3,3
323588,323592,323594,2,4
323588,323593,323594,1,5
323588,323592,323594,2,4
323588,323592,323593,1,4
323588,323592,323594,2,4
323588,323591,323594,3,3
323588,323588,323595,7,0
323588,323588,323595,7,0
323588,323593,323594,1,5
323588,323593,323594,1,5
323588,323588,323595,7,0
323588,323592,323595,3,4
323588,323593,323595,2,5
323588,323593,323595,2,5
323588,323592,323595,3,4
323588,323588,323595,7,0
323588,323588,323595,7,0
323588,323593,323594,1,5
323588,323588,323595,7,0
323588,323592,323595,3,4
323588,323592,323595,3,4
323588,323588,323595,7,0
323588,323588,323595,7,0
323588,323594,323595,1,6
323588,323588,323595,7,0
323588,323591,323594,3,3
323588,323588,323595,7,0
323588,323588,323595,7,0
323588,323594,323595,1,6
323588,323594,323595,1,6
323588,323588,323596,8,0
323588,323594,323596,2,6
323588,323588,323595,7,0
323588,323593,323595,2,5
323588,323588,323596,8,0
323588,323593,323595,2,5
323588,323588,323596,8,0
323588,323594,323596,2,6
323588,323594,323596,2,6
323588,323594,323596,2,6
323588,323588,323597,9,0
323608,323608,323609,1,0
323608,323608,323609,1,0
323608,323608,323609,1,0
323608,323608,323610,2,0
323608,323608,323610,2,0
323608,323608,323611,3,0
323608,323608,323611,3,0
323608,323608,323612,4,0
323608,323608,323612,4,0
323608,323608,323612,4,0
323608,323608,323612,4,0
323608,323610,323612,2,2
323608,323608,323612,4,0
323608,323610,323612,2,2
323608,323608,323612,4,0
323608,323608,323612,4,0
323608,323608,323612,4,0
323608,323608,323613,5,0
323608,323608,323613,5,0
323608,323608,323613,5,0
323608,323608,323612,4,0
323608,323610,323613,3,2
323608,323611,323613,2,3
323608,323608,323613,5,0
323608,323612,323613,1,4
323608,323610,323613,3,2
323608,323610,323613,3,2
323608,323608,323614,6,0
323608,323608,323614,6,0
323608,323612,323614,2,4
323608,323613,323614,1,5
323608,323612,323614,2,4
323608,323613,323614,1,5
323608,323608,323614,6,0
323608,323608,323614,6,0
323608,323612,323614,2,4
323608,323613,323614,1,5
323608,323608,323614,6,0
323608,323612,323614,2,4
323608,323613,323614,1,5
323608,323608,323615,7,0
323608,323608,323614,6,0
323608,323608,323615,7,0
323608,323608,323615,7,0
323608,323608,323614,6,0
323608,323608,323615,7,0
323608,323612,323615,3,4
323608,323608,323615,7,0
323608,323608,323615,7,0
323608,323612,323615,3,4
323608,323608,323615,7,0
323608,323612,323615,3,4
323608,323613,323615,2,5
323608,323608,323615,7,0
323608,323613,323614,1,5
323608,323613,323615,2,5
323608,323608,323615,7,0
323608,323608,323615,7,0
323608,323608,323615,7,0
323608,323608,323616,8,0
323608,323615,323616,1,7
323608,323608,323615,7,0
323608,323608,323616,8,0
323608,323613,323616,3,5
323608,323613,323616,3,5
323608,323611,323616,5,3
323608,323608,323616,8,0
323608,323615,323616,1,7
323608,323615,323616,1,7
323608,323615,323616,1,7
323608,323615,323616,1,7
323608,323608,323616,8,0
323608,323614,323617,3,6
323608,323608,323617,9,0
323608,323612,323618,6,4
323608,323613,323619,6,5
323608,323613,323620,7,5
323630,323630,323631,1,0
323630,323630,323631,1,0
323630,323630,323631,1,0
323630,323630,323631,1,0
323630,323630,323631,1,0
323630,323631,323633,2,1
323630,323630,323634,4,0
323630,323630,323634,4,0
323630,323630,323634,4,0
323630,323630,323634,4,0
323630,323632,323634,2,2
323630,323632,323634,2,2
323630,323630,323634,4,0
323630,323632,323634,2,2
323630,323630,323635,5,0
323630,323630,323635,5,0
323630,323632,323634,2,2
323630,323630,323635,5,0
323630,323630,323634,4,0
323630,323630,323635,5,0
323630,323630,323635,5,0
323630,323630,323635,5,0
323630,323630,323635,5,0
323630,323630,323636,6,0
323630,323630,323636,6,0
323630,323630,323636,6,0
323630,323630,323636,6,0
323630,323633,323636,3,3
323630,323630,323636,6,0
323630,323634,323636,2,4
323630,323635,323636,1,5
323630,323634,323636,2,4
323630,323635,323636,1,5
323630,323630,323637,7,0
323630,323630,323637,7,0
323630,323634,323637,3,4
323630,323630,323637,7,0
323630,323634,323637,3,4
323630,323635,323637,2,5
323630,323635,323637,2,5
323630,323630,323637,7,0
323630,323635,323637,2,5
323630,323635,323637,2,5
323630,323636,323637,1,6
323630,323630,323637,7,0
323630,323636,323637,1,6
323630,323636,323637,1,6
323630,323630,323637,7,0
323630,323636,323637,1,6
323630,323636,323637,1,6
323630,323630,323638,8,0
323630,323635,323637,2,5
323630,323635,323637,2,5
323630,323637,323638,1,7
323630,323637,323638,1,7
323630,323634,323638,4,4
323630,323636,323638,2,6
323630,323630,323638,8,0
323630,323634,323637,3,4
323630,323636,323638,2,6
323630,323630,323637,7,0
323630,323636,323637,1,6
323630,323636,323638,2,6
323630,323636,323637,1,6
323630,323630,323639,9,0
323630,323630,323639,9,0
323630,323630,323639,9,0
323630,323635,323639,4,5
323630,323636,323638,2,6
323630,323636,323638,2,6
323630,323630,323639,9,0
323630,323630,323640,10,0
323630,323630,323640,10,0
323630,323630,323640,10,0
323630,323630,323640,10,0
323630,323630,323640,10,0
323630,323630,323641,11,0
323630,323630,323643,13,0
323630,323630,323644,14,0
323654,323654,323655,1,0
323654,323654,323655,1,0
323654,323654,323655,1,0
323654,323654,323656,2,0
323654,323654,323656,2,0
323654,323654,323655,1,0
323654,323655,323656,1,1
323654,323655,323657,2,1
323654,323656,323658,2,2
323654,323656,323658,2,2
323654,323656,323658,2,2
323654,323654,323658,4,0
323654,323654,323659,5,0
323654,323654,323659,5,0
323654,323654,323658,4,0
323654,323657,323659,2,3
323654,323656,323658,2,2
323654,323654,323659,5,0
323654,323654,323658,4,0
323654,323657,323659,2,3
323654,323654,323660,6,0
323654,323654,323659,5,0
323654,323654,323660,6,0
323654,323654,323659,5,0
323654,323654,323660,6,0
323654,323654,323659,5,0
323654,323654,323659,5,0
323654,323654,323660,6,0
323654,323658,323660,2,4
323654,323659,323660,1,5
323654,323658,323659,1,4
323654,323658,323660,2,4
323654,323654,323660,6,0
323654,323654,323660,6,0
323654,323659,323661,2,5
323654,323654,323661,7,0
323654,323654,323661,7,0
323654,323659,323661,2,5
323654,323660,323661,1,6
323654,323660,323661,1,6
323654,323654,323661,7,0
323654,323659,323661,2,5
323654,323660,323661,1,6
323654,323659,323661,2,5
323654,323659,323660,1,5
323654,323654,323661,7,0
323654,323654,323661,7,0
323654,323660,323661,1,6
323654,323654,323662,8,0
323654,323654,323661,7,0
323654,323654,323661,7,0
323654,323654,323661,7,0
323654,323654,323661,7,0
323654,323659,323662,3,5
323654,323659,323662,3,5
323654,323654,323661,7,0
323654,323654,323662,8,0
323654,323654,323662,8,0
323654,323660,323661,1,6
323654,323654,323662,8,0
323654,323660,323661,1,6
323654,323654,323662,8,0
323654,323654,323662,8,0
323654,323660,323662,2,6
323654,323660,323662,2,6
323654,323660,323662,2,6
323654,323660,323662,2,6
323654,323654,323663,9,0
323654,323660,323663,3,6
323654,323654,323663,9,0
323654,323654,323664,10,0
323654,323659,323663,4,5
323654,323661,323664,3,7
323654,323661,323663,2,7
323654,323660,323664,4,6
323654,323661,323663,2,7
323654,323654,323664,10,0
323654,323654,323664,10,0
323654,323654,323667,13,0
323677,323677,323678,1,0
323677,323677,323679,2,0
323677,323677,323679,2,0
323677,323677,323679,2,0
323677,323677,323679,2,0
323677,323677,323679,2,0
323677,323679,323680,1,2
323677,323677,323681,4,0
323677,323677,323681,4,0
323677,323677,323681,4,0
323677,323678,323681,3,1
323677,323677,323681,4,0
323677,323680,323681,1,3
323677,323680,323681,1,3
323677,323680,323681,1,3
323677,323677,323681,4,0
323677,323680,323681,1,3
323677,323680,323681,1,3
323677,323677,323682,5,0
323677,323678,323682,4,1
323677,323678,323682,4,1
323677,323678,323682,4,1
323677,323677,323682,5,0
323677,323677,323683,6,0
323677,323677,323682,5,0
323677,323682,323683,1,5
323677,323682,323683,1,5
323677,323681,323682,1,4
323677,323677,323683,6,0
323677,323678,323683,5,1
323677,323677,323683,6,0
323677,323682,323683,1,5
323677,323677,323683,6,0
323677,323682,323683,1,5
323677,323677,323683,6,0
323677,323682,323683,1,5
323677,323682,323683,1,5
323677,323678,323684,6,1
323677,323678,323684,6,1
323677,323678,323684,6,1
323677,323682,323684,2,5
323677,323677,323684,7,0
323677,323682,323684,2,5
323677,323678,323684,6,1
323677,323677,323685,8,0
323677,323683,323684,1,6
323677,323677,323685,8,0
323677,323683,323684,1,6
323677,323683,323684,1,6
323677,323677,323684,7,0
323677,323683,323684,1,6
323677,323677,323686,9,0
323677,323683,323685,2,6
323677,323683,323685,2,6
323677,323677,323685,8,0
323677,323684,323685,1,7
323677,323684,323685,1,7
323677,323682,323685,3,5
323677,323683,323685,2,6
323677,323682,323685,3,5
323677,323677,323685,8,0
323677,323677,323685,8,0
323677,323684,323685,1,7
323677,323684,323685,1,7
323677,323677,323685,8,0
323677,323677,323686,9,0
323677,323677,323685,8,0
323677,323678,323684,6,1
323677,323683,323686,3,6
323677,323683,323686,3,6
323677,323682,323686,4,5
323677,323677,323686,9,0
323677,323683,323686,3,6
323677,323684,323686,2,7
323677,323677,323687,10,0
323677,323677,323688,11,0
323677,323677,323688,11,0
323677,323684,323690,6,7
323677,323684,323691,7,7
323701,323701,323702,1,0
323701,323701,323703,2,0
323701,323701,323703,2,0
323701,323701,323703,2,0
323701,323701,323703,2,0
323701,323701,323702,1,0
323701,323701,323705,4,0
323701,323701,323705,4,0
323701,323701,323704,3,0
323701,323701,323705,4,0
323701,323701,323705,4,0
323701,323701,323705,4,0
323701,323704,323705,1,3
323701,323704,323705,1,3
323701,323704,323705,1,3
323701,323704,323705,1,3
323701,323701,323705,4,0
323701,323704,323705,1,3
323701,323701,323706,5,0
323701,323701,323705,4,0
323701,323701,323706,5,0
323701,323701,323706,5,0
323701,323701,323707,6,0
323701,323701,323707,6,0
323701,323701,323707,6,0
323701,323704,323707,3,3
323701,323701,323707,6,0
323701,323701,323707,6,0
323701,323701,323707,6,0
323701,323701,323707,6,0
323701,323706,323707,1,5
323701,323706,323707,1,5
323701,323701,323707,6,0
323701,323706,323707,1,5
323701,323706,323707,1,5
323701,323705,323708,3,4
323701,323706,323708,2,5
323701,323701,323708,7,0
323701,323701,323708,7,0
323701,323706,323708,2,5
323701,323706,323708,2,5
323701,323707,323708,1,6
323701,323701,323708,7,0
323701,323706,323708,2,5
323701,323706,323708,2,5
323701,323701,323710,9,0
323701,323701,323710,9,0
323701,323707,323709,2,6
323701,323707,323709,2,6
323701,323707,323709,2,6
323701,323708,323709,1,7
323701,323701,323710,9,0
323701,323701,323709,8,0
323701,323708,323709,1,7
323701,323701,323709,8,0
323701,323708,323709,1,7
323701,323708,323709,1,7
323701,323708,323709,1,7
323701,323708,323709,1,7
323701,323701,323709,8,0
323701,323708,323709,1,7
323701,323708,323709,1,7
323701,323708,323709,1,7
323701,323701,323710,9,0
323701,323701,323710,9,0
323701,323708,323710,2,7
323701,323701,323710,9,0
323701,323706,323710,4,5
323701,323708,323710,2,7
323701,323708,323710,2,7
323701,323708,323710,2,7
323701,323701,323712,11,0
323701,323706,323712,6,5
323701,323701,323713,12,0
323701,323701,323713,12,0
323701,323701,323710,9,0
323701,323701,323718,17,0
323701,323701,323725,24,0
323701,323701,323727,26,0
323736,323736,323737,1,0
323736,323736,323738,2,0
323736,323736,323738,2,0
323736,323736,323738,2,0
323736,323737,323738,1,1
323736,323737,323738,1,1
323736,323737,323740,3,1
323736,323738,323740,2,2
323736,323739,323740,1,3
323736,323739,323740,1,3
323736,323738,323740,2,2
323736,323739,323740,1,3
323736,323737,323741,4,1
323736,323737,323741,4,1
323736,323737,323742,5,1
323736,323737,323741,4,1
323736,323737,323741,4,1
323736,323739,323741,2,3
323736,323741,323742,1,5
323736,323737,323742,5,1
323736,323737,323743,6,1
323736,323737,323742,5,1
323736,323737,323743,6,1
323736,323737,323742,5,1
323736,323737,323742,5,1
323736,323741,323742,1,5
323736,323741,323743,2,5
323736,323737,323743,6,1
323736,323737,323743,6,1
323736,323737,323743,6,1
323736,323737,323743,6,1
323736,323737,323743,6,1
323736,323737,323743,6,1
323736,323737,323743,6,1
323736,323737,323743,6,1
323736,323742,323743,1,6
323736,323742,323743,1,6
323736,323737,323743,6,1
323736,323737,323743,6,1
323736,323737,323743,6,1
323736,323741,323743,2,5
323736,323737,323743,6,1
323736,323737,323743,6,1
323736,323737,323743,6,1
323736,323741,323743,2,5
323736,323737,323744,7,1
323736,323742,323743,1,6
323736,323741,323743,2,5
323736,323737,323744,7,1
323736,323737,323744,7,1
323736,323737,323744,7,1
323736,323737,323744,7,1
323736,323743,323744,1,7
323736,323744,323745,1,8
323736,323744,323745,1,8
323736,323743,323744,1,7
323736,323743,323744,1,7
323736,323743,323744,1,7
323736,323743,323744,1,7
323736,323737,323745,8,1
323736,323744,323746,2,8
323736,323743,323745,2,7
323736,323744,323745,1,8
323736,323742,323745,3,6
323736,323737,323745,8,1
323736,323744,323747,3,8
323736,323737,323746,9,1
323736,323742,323746,4,6
323736,323744,323746,2,8
323736,323742,323747,5,6
323736,323744,323746,2,8
323736,323743,323747,4,7
323736,323744,323747,3,8
323736,323737,323748,11,1
323736,323737,323748,11,1
323736,323737,323749,12,1
323736,323742,323749,7,6
323736,323743,323749,6,7
323736,323737,323751,14,1
323762,323762,323763,1,0
323762,323762,323764,2,0
323762,323762,323764,2,0
323762,323762,323764,2,0
323762,323762,323763,1,0
323762,323762,323763,1,0
323762,323762,323766,4,0
323762,323764,323766,2,2
323762,323764,323765,1,2
323762,323764,323766,2,2
323762,323762,323767,5,0
323762,323762,323766,4,0
323762,323764,323767,3,2
323762,323764,323766,2,2
323762,323762,323767,5,0
323762,323764,323767,3,2
323762,323762,323767,5,0
323762,323762,323767,5,0
323762,323762,323768,6,0
323762,323762,323768,6,0
323762,323762,323768,6,0
323762,323762,323768,6,0
323762,323762,323768,6,0
323762,323766,323768,2,4
323762,323762,323768,6,0
323762,323768,323769,1,6
323762,323762,323768,6,0
323762,323762,323769,7,0
323762,323762,323769,7,0
323762,323762,323769,7,0
323762,323762,323769,7,0
323762,323762,323769,7,0
323762,323766,323769,3,4
323762,323762,323769,7,0
323762,323767,323769,2,5
323762,323762,323769,7,0
323762,323762,323769,7,0
323762,323767,323769,2,5
323762,323762,323769,7,0
323762,323766,323769,3,4
323762,323762,323770,8,0
323762,323762,323770,8,0
323762,323762,323770,8,0
323762,323767,323770,3,5
323762,323769,323770,1,7
323762,323770,323771,1,8
323762,323769,323770,1,7
323762,323767,323770,3,5
323762,323770,323771,1,8
323762,323762,323770,8,0
323762,323769,323770,1,7
323762,323762,323771,9,0
323762,323762,323771,9,0
323762,323762,323771,9,0
323762,323762,323771,9,0
323762,323768,323771,3,6
323762,323767,323771,4,5
323762,323770,323771,1,8
323762,323770,323771,1,8
323762,323762,323772,10,0
323762,323762,323772,10,0
323762,323768,323772,4,6
323762,323769,323772,3,7
323762,323769,323772,3,7
323762,323762,323772,10,0
323762,323768,323772,4,6
323762,323769,323772,3,7
323762,323762,323772,10,0
323762,323767,323772,5,5
323762,323770,323772,2,8
323762,323762,323772,10,0
323762,323767,323773,6,5
323762,323762,323773,11,0
323762,323768,323773,5,6
323762,323762,323774,12,0
323762,323762,323773,11,0
323785,323785,323786,1,0
323785,323785,323786,1,0
323785,323785,323787,2,0
323785,323785,323787,2,0
323785,323785,323786,1,0
323785,323785,323786,1,0
323785,323785,323788,3,0
323785,323785,323789,4,0
323785,323785,323789,4,0
323785,323785,323788,3,0
323785,323787,323789,2,2
323785,323787,323788,1,2
323785,323785,323790,5,0
323785,323785,323790,5,0
323785,323785,323790,5,0
323785,323785,323790,5,0
323785,323787,323790,3,2
323785,323785,323790,5,0
323785,323787,323790,3,2
323785,323785,323790,5,0
323785,323785,323790,5,0
323785,323785,323790,5,0
323785,323785,323790,5,0
323785,323787,323790,3,2
323785,323788,323790,2,3
323785,323787,323790,3,2
323785,323785,323791,6,0
323785,323785,323791,6,0
323785,323785,323790,5,0
323785,323785,323791,6,0
323785,323785,323791,6,0
323785,323789,323791,2,4
323785,323785,323792,7,0
323785,323785,323792,7,0
323785,323789,323792,3,4
323785,323785,323792,7,0
323785,323790,323792,2,5
323785,323790,323792,2,5
323785,323791,323792,1,6
323785,323785,323792,7,0
323785,323785,323792,7,0
323785,323789,323792,3,4
323785,323790,323791,1,5
323785,323785,323792,7,0
323785,323790,323791,1,5
323785,323790,323792,2,5
323785,323790,323792,2,5
323785,323790,323792,2,5
323785,323785,323792,7,0
323785,323790,323792,2,5
323785,323790,323793,3,5
323785,323791,323793,2,6
323785,323785,323793,8,0
323785,323785,323793,8,0
323785,323785,323793,8,0
323785,323790,323793,3,5
323785,323790,323792,2,5
323785,323785,323793,8,0
323785,323785,323793,8,0
323785,323785,323793,8,0
323785,323785,323793,8,0
323785,323785,323793,8,0
323785,323785,323793,8,0
323785,323785,323793,8,0
323785,323785,323794,9,0
323785,323790,323794,4,5
323785,323790,323794,4,5
323785,323791,323794,3,6
323785,323791,323794,3,6
323785,323792,323794,2,7
323785,323789,323794,5,4
323785,323790,323794,4,5
323785,323791,323794,3,6
323785,323789,323794,5,4
323785,323792,323795,3,7
323785,323792,323795,3,7
323785,323785,323795,10,0
323785,323785,323795,10,0
323807,323807,323809,2,0
323807,323807,323809,2,0
323807,323807,323808,1,0
323807,323807,323808,1,0
323807,323807,323809,2,0
323807,323807,323808,1,0
323807,323807,323810,3,0
323807,323807,323810,3,0
323807,323807,323810,3,0
323807,323807,323809,2,0
323807,323807,323810,3,0
323807,323807,323811,4,0
323807,323807,323810,3,0
323807,323809,323811,2,2
323807,323807,323810,3,0
323807,323809,323810,1,2
323807,323809,323810,1,2
323807,323809,323812,3,2
323807,323809,323812,3,2
323807,323807,323812,5,0
323807,323807,323811,4,0
323807,323807,323811,4,0
323807,323807,323811,4,0
323807,323809,323812,3,2
323807,323807,323811,4,0
323807,323807,323812,5,0
323807,323810,323812,2,3
323807,323807,323812,5,0
323807,323807,323812,5,0
323807,323807,323813,6,0
323807,323807,323812,5,0
323807,323807,323813,6,0
323807,323807,323812,5,0
323807,323807,323812,5,0
323807,323810,323812,2,3
323807,323807,323813,6,0
323807,323812,323813,1,5
323807,323807,323813,6,0
323807,323807,323813,6,0
323807,323810,323813,3,3
323807,323810,323812,2,3
323807,323807,323812,5,0
323807,323811,323812,1,4
323807,323807,323813,6,0
323807,323811,323812,1,4
323807,323807,323813,6,0
323807,323811,323812,1,4
323807,323812,323813,1,5
323807,323811,323812,1,4
323807,323811,323812,1,4
323807,323812,323813,1,5
323807,323807,323813,6,0
323807,323807,323813,6,0
323807,323812,323814,2,5
323807,323807,323814,7,0
323807,323812,323813,1,5
323807,323813,323814,1,6
323807,323813,323814,1,6
323807,323807,323814,7,0
323807,323812,323813,1,5
323807,323807,323813,6,0
323807,323812,323813,1,5
323807,323807,323814,7,0
323807,323813,323815,2,6
323807,323811,323815,4,4
323807,323812,323814,2,5
323807,323812,323815,3,5
323807,323812,323815,3,5
323807,323813,323815,2,6
323807,323813,323815,2,6
323807,323807,323814,7,0
323807,323807,323814,7,0
323807,323807,323816,9,0
323807,323813,323815,2,6
323807,323813,323815,2,6
323807,323811,323815,4,4
323807,323807,323817,10,0
323807,323813,323816,3,6
323807,323807,323818,11,0
323829,323829,323830,1,0
323829,323829,323830,1,0
323829,323829,323830,1,0
323829,323829,323830,1,0
323829,323829,323830,1,0
323829,323829,323830,1,0
323829,323830,323831,1,1
323829,323829,323832,3,0
323829,323829,323832,3,0
323829,323829,323832,3,0
323829,323829,323833,4,0
323829,323831,323832,1,2
323829,323832,323834,2,3
323829,323831,323833,2,2
323829,323831,323833,2,2
323829,323829,323834,5,0
323829,323831,323833,2,2
323829,323832,323833,1,3
323829,323831,323833,2,2
323829,323829,323835,6,0
323829,323829,323834,5,0
323829,323829,323834,5,0
323829,323829,323834,5,0
323829,323829,323834,5,0
323829,323829,323834,5,0
323829,323829,323835,6,0
323829,323829,323835,6,0
323829,323829,323834,5,0
323829,323829,323835,6,0
323829,323833,323834,1,4
323829,323833,323834,1,4
323829,323833,323834,1,4
323829,323829,323835,6,0
323829,323833,323834,1,4
323829,323829,323835,6,0
323829,323829,323836,7,0
323829,323829,323835,6,0
323829,323829,323836,7,0
323829,323829,323835,6,0
323829,323829,323836,7,0
323829,323834,323835,1,5
323829,323835,323836,1,6
323829,323834,323836,2,5
323829,323834,323835,1,5
323829,323834,323835,1,5
323829,323835,323836,1,6
323829,323829,323836,7,0
323829,323834,323835,1,5
323829,323834,323835,1,5
323829,323835,323836,1,6
323829,323829,323835,6,0
323829,323834,323835,1,5
323829,323835,323836,1,6
323829,323835,323836,1,6
323829,323835,323837,2,6
323829,323829,323836,7,0
323829,323829,323837,8,0
323829,323835,323837,2,6
323829,323829,323836,7,0
323829,323835,323836,1,6
323829,323829,323837,8,0
323829,323835,323837,2,6
323829,323835,323837,2,6
323829,323835,323836,1,6
323829,323835,323836,1,6
323829,323835,323836,1,6
323829,323835,323837,2,6
323829,323829,323836,7,0
323829,323835,323836,1,6
323829,323829,323838,9,0
323829,323829,323837,8,0
323829,323835,323837,2,6
323829,323829,323838,9,0
323829,323829,323839,10,0
323829,323829,323839,10,0
323829,323829,323840,11,0
323829,323829,323840,11,0
323829,323829,323840,11,0
323829,323829,323844,15,0
323853,323853,323854,1,0
323853,323853,323854,1,0
323853,323853,323854,1,0
323853,323853,323854,1,0
323853,323853,323854,1,0
323853,323853,323854,1,0
323853,323853,323856,3,0
323853,323854,323856,2,1
323853,323854,323855,1,1
323853,323853,323856,3,0
323853,323855,323857,2,2
323853,323853,323856,3,0
323853,323854,323856,2,1
323853,323853,323857,4,0
323853,323853,323856,3,0
323853,323854,323856,2,1
323853,323855,323856,1,2
323853,323853,323858,5,0
323853,323853,323858,5,0
323853,323853,323857,4,0
323853,323856,323857,1,3
323853,323856,323857,1,3
323853,323856,323857,1,3
323853,323856,323857,1,3
323853,323853,323858,5,0
323853,323853,323859,6,0
323853,323853,323859,6,0
323853,323853,323858,5,0
323853,323857,323858,1,4
323853,323857,323858,1,4
323853,323857,323858,1,4
323853,323853,323858,5,0
323853,323857,323858,1,4
323853,323857,323859,2,4
323853,323857,323858,1,4
323853,323857,323858,1,4
323853,323858,323859,1,5
323853,323853,323859,6,0
323853,323853,323860,7,0
323853,323853,323860,7,0
323853,323853,323859,6,0
323853,323858,323860,2,5
323853,323858,323859,1,5
323853,323853,323860,7,0
323853,323858,323859,1,5
323853,323859,323860,1,6
323853,323858,323859,1,5
323853,323859,323860,1,6
323853,323859,323860,1,6
323853,323853,323859,6,0
323853,323853,323860,7,0
323853,323858,323860,2,5
323853,323859,323860,1,6
323853,323853,323860,7,0
323853,323859,323860,1,6
323853,323853,323861,8,0
323853,323853,323860,7,0
323853,323853,323860,7,0
323853,323853,323860,7,0
323853,323853,323860,7,0
323853,323858,323861,3,5
323853,323853,323861,8,0
323853,323853,323861,8,0
323853,323859,323860,1,6
323853,323859,323860,1,6
323853,323859,323860,1,6
323853,323853,323862,9,0
323853,323853,323861,8,0
323853,323859,323861,2,6
323853,323859,323861,2,6
323853,323853,323861,8,0
323853,323853,323861,8,0
323853,323853,323862,9,0
323853,323853,323863,10,0
323853,323853,323862,9,0
323853,323859,323862,3,6
323853,323853,323863,10,0
323853,323853,323865,12,0
323853,323853,323867,14,0
323877,323877,323878,1,0
323877,323877,323878,1,0
323877,323877,323879,2,0
323877,323877,323878,1,0
323877,323877,323878,1,0
323877,323877,323878,1,0
323877,323877,323879,2,0
323877,323878,323879,1,1
323877,323878,323879,1,1
323877,323877,323880,3,0
323877,323879,323881,2,2
323877,323879,323880,1,2
323877,323879,323881,2,2
323877,323880,323881,1,3
323877,323879,323881,2,2
323877,323877,323881,4,0
323877,323877,323882,5,0
323877,323881,323882,1,4
323877,323881,323882,1,4
323877,323880,323881,1,3
323877,323881,323882,1,4
323877,323877,323882,5,0
323877,323877,323883,6,0
323877,323877,323883,6,0
323877,323877,323882,5,0
323877,323877,323882,5,0
323877,323877,323882,5,0
323877,323877,323883,6,0
323877,323877,323883,6,0
323877,323881,323882,1,4
323877,323877,323882,5,0
323877,323881,323882,1,4
323877,323881,323883,2,4
323877,323882,323883,1,5
323877,323877,323882,5,0
323877,323882,323883,1,5
323877,323877,323883,6,0
323877,323877,323884,7,0
323877,323877,323884,7,0
323877,323880,323884,4,3
323877,323877,323883,6,0
323877,323877,323884,7,0
323877,323877,323883,6,0
323877,323882,323883,1,5
323877,323882,323883,1,5
323877,323877,323884,7,0
323877,323882,323883,1,5
323877,323877,323883,6,0
323877,323883,323884,1,6
323877,323877,323883,6,0
323877,323877,323884,7,0
323877,323883,323884,1,6
323877,323877,323885,8,0
323877,323882,323884,2,5
323877,323877,323884,7,0
323877,323877,323884,7,0
323877,323883,323885,2,6
323877,323877,323884,7,0
323877,323877,323884,7,0
323877,323883,323885,2,6
323877,323877,323884,7,0
323877,323883,323885,2,6
323877,323883,323884,1,6
323877,323883,323885,2,6
323877,323883,323884,1,6
323877,323877,323884,7,0
323877,323883,323884,1,6
323877,323883,323884,1,6
323877,323877,323885,8,0
323877,323877,323885,8,0
323877,323877,323886,9,0
323877,323877,323886,9,0
323877,323883,323885,2,6
323877,323883,323885,2,6
323877,323877,323886,9,0
323877,323883,323886,3,6
323877,323883,323885,2,6
323877,323877,323889,12,0
323877,323877,323890,13,0
323900,323900,323901,1,0
323900,323900,323901,1,0
323900,323900,323902,2,0
323900,323900,323902,2,0
323900,323900,323902,2,0
323900,323900,323901,1,0
323900,323901,323903,2,1
323900,323901,323903,2,1
323900,323900,323904,4,0
323900,323900,323903,3,0
323900,323900,323904,4,0
323900,323902,323904,2,2
323900,323900,323904,4,0
323900,323902,323904,2,2
323900,323900,323905,5,0
323900,323902,323904,2,2
323900,323902,323904,2,2
323900,323903,323905,2,3
323900,323900,323906,6,0
323900,323900,323905,5,0
323900,323900,323905,5,0
323900,323904,323906,2,4
323900,323900,323905,5,0
323900,323900,323904,4,0
323900,323900,323906,6,0
323900,323904,323906,2,4
323900,323904,323906,2,4
323900,323900,323906,6,0
323900,323903,323905,2,3
323900,323900,323906,6,0
323900,323900,323906,6,0
323900,323900,323906,6,0
323900,323900,323907,7,0
323900,323900,323907,7,0
323900,323904,323907,3,4
323900,323900,323906,6,0
323900,323900,323907,7,0
323900,323900,323907,7,0
323900,323905,323907,2,5
323900,323900,323907,7,0
323900,323900,323907,7,0
323900,323905,323907,2,5
323900,323905,323906,1,5
323900,323900,323907,7,0
323900,323900,323908,8,0
323900,323900,323908,8,0
323900,323900,323907,7,0
323900,323904,323908,4,4
323900,323900,323908,8,0
323900,323905,323908,3,5
323900,323900,323908,8,0
323900,323900,323907,7,0
323900,323904,323907,3,4
323900,323900,323907,7,0
323900,323906,323908,2,6
323900,323906,323908,2,6
323900,323906,323908,2,6
323900,323906,323908,2,6
323900,323900,323908,8,0
323900,323906,323907,1,6
323900,323906,323908,2,6
323900,323906,323907,1,6
323900,323906,323907,1,6
323900,323907,323909,2,7
323900,323906,323909,3,6
323900,323900,323909,9,0
323900,323907,323909,2,7
323900,323900,323909,9,0
323900,323907,323909,2,7
323900,323907,323909,2,7
323900,323907,323909,2,7
323900,323907,323909,2,7
323900,323900,323908,8,0
323900,323900,323909,9,0
323900,323900,323909,9,0
323900,323900,323910,10,0
323900,323906,323909,3,6
323900,323900,323910,10,0
323900,323906,323911,5,6
323922,323922,323923,1,0
323922,323922,323923,1,0
323922,323922,323923,1,0
323922,323922,323923,1,0
323922,323922,323923,1,0
323922,323922,323923,1,0
323922,323923,323925,2,1
323922,323923,323925,2,1
323922,323922,323925,3,0
323922,323922,323926,4,0
323922,323922,323925,3,0
323922,323924,323926,2,2
323922,323924,323926,2,2
323922,323924,323926,2,2
323922,323924,323926,2,2
323922,323922,323927,5,0
323922,323926,323927,1,4
323922,323922,323927,5,0
323922,323925,323927,2,3
323922,323922,323927,5,0
323922,323925,323927,2,3
323922,323922,323928,6,0
323922,323926,323927,1,4
323922,323926,323927,1,4
323922,323922,323928,6,0
323922,323922,323928,6,0
323922,323922,323928,6,0
323922,323926,323928,2,4
323922,323922,323929,7,0
323922,323922,323928,6,0
323922,323922,323928,6,0
323922,323926,323929,3,4
323922,323922,323928,6,0
323922,323927,323928,1,5
323922,323922,323928,6,0
323922,323922,323928,6,0
323922,323926,323928,2,4
323922,323922,323928,6,0
323922,323927,323929,2,5
323922,323927,323929,2,5
323922,323922,323928,6,0
323922,323927,323929,2,5
323922,323922,323930,8,0
323922,323922,323929,7,0
323922,323922,323930,8,0
323922,323922,323929,7,0
323922,323922,323930,8,0
323922,323926,323930,4,4
323922,323927,323930,3,5
323922,323922,323929,7,0
323922,323928,323930,2,6
323922,323929,323930,1,7
323922,323922,323929,7,0
323922,323928,323930,2,6
323922,323922,323929,7,0
323922,323922,323929,7,0
323922,323929,323930,1,7
323922,323929,323930,1,7
323922,323922,323930,8,0
323922,323928,323930,2,6
323922,323928,323930,2,6
323922,323928,323930,2,6
323922,323928,323930,2,6
323922,323922,323930,8,0
323922,323927,323930,3,5
323922,323929,323931,2,7
323922,323922,323932,10,0
323922,323928,323931,3,6
323922,323922,323931,9,0
323922,323929,323931,2,7
323922,323929,323931,2,7
323922,323929,323932,3,7
323922,323922,323933,11,0
323922,323922,323934,12,0
323922,323922,323933,11,0
323922,323922,323935,13,0
323922,323922,323935,13,0
323922,323922,323936,14,0
323922,323922,323937,15,0
323948,323948,323949,1,0
323948,323948,323949,1,0
323948,323948,323949,1,0
323948,323948,323949,1,0
323948,323948,323949,1,0
323948,323948,323949,1,0
323948,323948,323951,3,0
323948,323948,323951,3,0
323948,323948,323952,4,0
323948,323950,323951,1,2
323948,323950,323952,2,2
323948,323950,323951,1,2
323948,323950,323952,2,2
323948,323950,323952,2,2
323948,323948,323953,5,0
323948,323948,323952,4,0
323948,323948,323952,4,0
323948,323948,323952,4,0
323948,323950,323952,2,2
323948,323948,323954,6,0
323948,323948,323954,6,0
323948,323948,323953,5,0
323948,323948,323953,5,0
323948,323948,323954,6,0
323948,323948,323953,5,0
323948,323952,323953,1,4
323948,323948,323954,6,0
323948,323952,323953,1,4
323948,323948,323953,5,0
323948,323948,323953,5,0
323948,323952,323954,2,4
323948,323948,323954,6,0
323948,323948,323953,5,0
323948,323952,323954,2,4
323948,323948,323954,6,0
323948,323952,323953,1,4
323948,323952,323954,2,4
323948,323948,323955,7,0
323948,323948,323955,7,0
323948,323948,323954,6,0
323948,323951,323954,3,3
323948,323948,323955,7,0
323948,323948,323954,6,0
323948,323954,323955,1,6
323948,323953,323955,2,5
323948,323948,323955,7,0
323948,323954,323955,1,6
323948,323948,323954,6,0
323948,323951,323955,4,3
323948,323948,323956,8,0
323948,323948,323955,7,0
323948,323948,323955,7,0
323948,323948,323956,8,0
323948,323954,323955,1,6
323948,323954,323955,1,6
323948,323954,323956,2,6
323948,323954,323955,1,6
323948,323954,323955,1,6
323948,323948,323955,7,0
323948,323954,323956,2,6
323948,323954,323955,1,6
323948,323954,323956,2,6
323948,323954,323955,1,6
323948,323954,323955,1,6
323948,323954,323957,3,6
323948,323948,323957,9,0
323948,323954,323957,3,6
323948,323953,323956,3,5
323948,323953,323956,3,5
323948,323953,323957,4,5
323948,323954,323957,3,6
323948,323948,323958,10,0
323948,323948,323957,9,0
323948,323954,323957,3,6
323948,323953,323958,5,5
323948,323948,323958,10,0
323948,323948,323958,10,0
323948,323948,323960,12,0
323948,323948,323959,11,0
323970,323970,323971,1,0
323970,323970,323971,1,0
323970,323970,323971,1,0
323970,323970,323971,1,0
323970,323970,323972,2,0
323970,323970,323971,1,0
323970,323971,323973,2,1
323970,323971,323973,2,1
323970,323970,323974,4,0
323970,323970,323974,4,0
323970,323970,323973,3,0
323970,323970,323974,4,0
323970,323972,323974,2,2
323970,323971,323974,3,1
323970,323972,323974,2,2
323970,323972,323974,2,2
323970,323970,323975,5,0
323970,323970,323975,5,0
323970,323970,323975,5,0
323970,323970,323975,5,0
323970,323973,323975,2,3
323970,323970,323975,5,0
323970,323970,323975,5,0
323970,323974,323975,1,4
323970,323973,323974,1,3
323970,323974,323975,1,4
323970,323970,323975,5,0
323970,323974,323976,2,4
323970,323970,323976,6,0
323970,323970,323976,6,0
323970,323974,323976,2,4
323970,323970,323976,6,0
323970,323974,323975,1,4
323970,323970,323976,6,0
323970,323975,323976,1,5
323970,323975,323976,1,5
323970,323975,323976,1,5
323970,323975,323976,1,5
323970,323970,323977,7,0
323970,323970,323976,6,0
323970,323974,323977,3,4
323970,323974,323977,3,4
323970,323974,323976,2,4
323970,323976,323977,1,6
323970,323970,323977,7,0
323970,323970,323977,7,0
323970,323970,323976,6,0
323970,323975,323977,2,5
323970,323975,323977,2,5
323970,323975,323977,2,5
323970,323970,323977,7,0
323970,323976,323977,1,6
323970,323976,323977,1,6
323970,323970,323978,8,0
323970,323976,323978,2,6
323970,323975,323978,3,5
323970,323970,323978,8,0
323970,323976,323978,2,6
323970,323970,323978,8,0
323970,323976,323977,1,6
323970,323976,323978,2,6
323970,323976,323977,1,6
323970,323976,323978,2,6
323970,323970,323978,8,0
323970,323970,323978,8,0
323970,323970,323979,9,0
323970,323970,323978,8,0
323970,323970,323979,9,0
323970,323970,323979,9,0
323970,323975,323979,4,5
323970,323970,323979,9,0
323970,323975,323979,4,5
323970,323970,323979,9,0
323970,323970,323980,10,0
323970,323970,323980,10,0
323970,323970,323981,11,0
323970,323970,323982,12,0
323970,323970,323982,12,0
323970,323970,323987,17,0
323997,323997,323998,1,0
323997,323997,323998,1,0
323997,323997,323999,2,0
323997,323997,323998,1,0
323997,323997,323999,2,0
323997,323997,323999,2,0
323997,323997,324001,4,0
323997,323997,324001,4,0
323997,323999,324001,2,2
323997,323997,324001,4,0
323997,323999,324001,2,2
323997,323999,324001,2,2
323997,323999,324001,2,2
323997,323999,324001,2,2
323997,323999,324000,1,2
323997,323997,324002,5,0
323997,323997,324001,4,0
323997,323997,324002,5,0
323997,323997,324002,5,0
323997,323997,324002,5,0
323997,323997,324002,5,0
323997,323997,324002,5,0
323997,323997,324003,6,0
323997,323997,324003,6,0
323997,323997,324003,6,0
323997,323997,324002,5,0
323997,323997,324002,5,0
323997,323997,324002,5,0
323997,324001,324003,2,4
323997,323997,324003,6,0
323997,324001,324003,2,4
323997,323997,324003,6,0
323997,324001,324003,2,4
323997,324001,324003,2,4
323997,323997,324004,7,0
323997,323997,324004,7,0
323997,324001,324003,2,4
323997,324002,324004,2,5
323997,324003,324004,1,6
323997,323997,324003,6,0
323997,323997,324004,7,0
323997,324001,324004,3,4
323997,323997,324004,7,0
323997,324002,324003,1,5
323997,323997,324004,7,0
323997,324002,324003,1,5
323997,324002,324003,1,5
323997,324003,324004,1,6
323997,323997,324003,6,0
323997,324002,324003,1,5
323997,324003,324004,1,6
323997,323997,324005,8,0
323997,323997,324005,8,0
323997,324002,324005,3,5
323997,323997,324005,8,0
323997,324001,324005,4,4
323997,324002,324005,3,5
323997,324003,324005,2,6
323997,324003,324004,1,6
323997,324003,324005,2,6
323997,324003,324004,1,6
323997,324003,324004,1,6
323997,323997,324006,9,0
323997,323997,324005,8,0
323997,324001,324005,4,4
323997,323997,324006,9,0
323997,324003,324005,2,6
323997,324003,324006,3,6
323997,324004,324006,2,7
323997,324003,324005,2,6
323997,324003,324006,3,6
323997,323997,324007,10,0
323997,324001,324006,5,4
323997,323997,324006,9,0
323997,323997,324007,10,0
323997,323997,324009,12,0
323997,323997,324009,12,0
323997,323997,324010,13,0
323997,323997,324014,17,0
324024,324024,324025,1,0
324024,324024,324025,1,0
324024,324024,324025,1,0
324024,324024,324025,1,0
324024,324024,324025,1,0
324024,324024,324026,2,0
324024,324025,324027,2,1
324024,324025,324027,2,1
324024,324025,324027,2,1
324024,324024,324028,4,0
324024,324024,324027,3,0
324024,324026,324027,1,2
324024,324026,324028,2,2
324024,324024,324028,4,0
324024,324024,324029,5,0
324024,324024,324029,5,0
324024,324024,324029,5,0
324024,324024,324029,5,0
324024,324026,324029,3,2
324024,324024,324029,5,0
324024,324024,324030,6,0
324024,324024,324029,5,0
324024,324024,324030,6,0
324024,324024,324030,6,0
324024,324028,324030,2,4
324024,324024,324030,6,0
324024,324024,324030,6,0
324024,324027,324030,3,3
324024,324028,324030,2,4
324024,324024,324030,6,0
324024,324027,324030,3,3
324024,324027,324029,2,3
324024,324024,324031,7,0
324024,324024,324030,6,0
324024,324024,324030,6,0
324024,324028,324030,2,4
324024,324030,324031,1,6
324024,324024,324031,7,0
324024,324024,324031,7,0
324024,324024,324031,7,0
324024,324024,324031,7,0
324024,324029,324031,2,5
324024,324030,324031,1,6
324024,324024,324030,6,0
324024,324024,324031,7,0
324024,324029,324031,2,5
324024,324030,324031,1,6
324024,324024,324032,8,0
324024,324024,324032,8,0
324024,324024,324031,7,0
324024,324028,324032,4,4
324024,324024,324031,7,0
324024,324024,324032,8,0
324024,324024,324032,8,0
324024,324024,324031,7,0
324024,324030,324031,1,6
324024,324030,324031,1,6
324024,324030,324032,2,6
324024,324030,324032,2,6
324024,324030,324031,1,6
324024,324030,324031,1,6
324024,324030,324032,2,6
324024,324030,324033,3,6
324024,324024,324032,8,0
324024,324029,324033,4,5
324024,324030,324032,2,6
324024,324024,324033,9,0
324024,324028,324033,5,4
324024,324029,324033,4,5
324024,324029,324033,4,5
324024,324029,324033,4,5
324024,324031,324033,2,7
324024,324024,324033,9,0
324024,324024,324034,10,0
324024,324024,324034,10,0
324024,324031,324033,2,7
324024,324031,324034,3,7
324024,324024,324034,10,0
324024,324024,324035,11,0
324047,324047,324048,1,0
324047,324047,324048,1,0
324047,324047,324048,1,0
324047,324047,324048,1,0
324047,324047,324048,1,0
324047,324047,324048,1,0
324047,324047,324050,3,0
324047,324047,324050,3,0
324047,324047,324050,3,0
324047,324047,324050,3,0
324047,324049,324050,1,2
324047,324049,324050,1,2
324047,324049,324051,2,2
324047,324047,324052,5,0
324047,324049,324051,2,2
324047,324047,324051,4,0
324047,324047,324052,5,0
324047,324047,324051,4,0
324047,324049,324051,2,2
324047,324047,324051,4,0
324047,324047,324052,5,0
324047,324047,324052,5,0
324047,324047,324052,5,0
324047,324047,324052,5,0
324047,324047,324053,6,0
324047,324049,324052,3,2
324047,324051,324053,2,4
324047,324047,324052,5,0
324047,324047,324052,5,0
324047,324051,324053,2,4
324047,324047,324052,5,0
324047,324047,324052,5,0
324047,324047,324053,6,0
324047,324047,324054,7,0
324047,324047,324053,6,0
324047,324052,324053,1,5
324047,324052,324053,1,5
324047,324053,324054,1,6
324047,324052,324053,1,5
324047,324052,324054,2,5
324047,324052,324054,2,5
324047,324053,324054,1,6
324047,324047,324053,6,0
324047,324047,324055,8,0
324047,324053,324054,1,6
324047,324053,324054,1,6
324047,324053,324054,1,6
324047,324047,324055,8,0
324047,324052,324054,2,5
324047,324053,324054,1,6
324047,324053,324054,1,6
324047,324053,324054,1,6
324047,324053,324054,1,6
324047,324053,324054,1,6
324047,324053,324054,1,6
324047,324051,324055,4,4
324047,324054,324055,1,7
324047,324047,324055,8,0
324047,324053,324055,2,6
324047,324054,324055,1,7
324047,324052,324055,3,5
324047,324054,324056,2,7
324047,324047,324055,8,0
324047,324051,324055,4,4
324047,324047,324055,8,0
324047,324047,324056,9,0
324047,324051,324056,5,4
324047,324047,324057,10,0
324047,324051,324057,6,4
324047,324047,324058,11,0
324047,324047,324058,11,0
324047,324052,324059,7,5
324047,324047,324060,13,0
324047,324047,324061,14,0
324047,324047,324063,16,0
324047,324047,324073,26,0
324047,324047,324076,29,0
324047,324047,324076,29,0
324047,324047,324080,33,0
324090,324090,324091,1,0
324090,324090,324091,1,0
324090,324090,324091,1,0
324090,324090,324091,1,0
324090,324090,324091,1,0
324090,324090,324091,1,0
324090,324091,324093,2,1
324090,324091,324093,2,1
324090,324091,324093,2,1
324090,324091,324092,1,1
324090,324090,324094,4,0
324090,324090,324093,3,0
324090,324090,324094,4,0
324090,324090,324095,5,0
324090,324092,324094,2,2
324090,324092,324094,2,2
324090,324093,324094,1,3
324090,324093,324095,2,3
324090,324090,324094,4,0
324090,324093,324095,2,3
324090,324093,324094,1,3
324090,324090,324095,5,0
324090,324090,324096,6,0
324090,324090,324095,5,0
324090,324090,324096,6,0
324090,324090,324096,6,0
324090,324090,324095,5,0
324090,324090,324095,5,0
324090,324090,324096,6,0
324090,324090,324095,5,0
324090,324090,324095,5,0
324090,324094,324095,1,4
324090,324095,324096,1,5
324090,324094,324097,3,4
324090,324095,324096,1,5
324090,324095,324097,2,5
324090,324095,324097,2,5
324090,324095,324096,1,5
324090,324090,324097,7,0
324090,324095,324096,1,5
324090,324095,324097,2,5
324090,324096,324097,1,6
324090,324090,324097,7,0
324090,324090,324097,7,0
324090,324090,324097,7,0
324090,324094,324097,3,4
324090,324096,324097,1,6
324090,324096,324097,1,6
324090,324096,324097,1,6
324090,324097,324098,1,7
324090,324090,324097,7,0
324090,324096,324097,1,6
324090,324096,324097,1,6
324090,324096,324097,1,6
324090,324096,324097,1,6
324090,324096,324097,1,6
324090,324096,324097,1,6
324090,324090,324099,9,0
324090,324090,324098,8,0
324090,324090,324099,9,0
324090,324090,324098,8,0
324090,324090,324099,9,0
324090,324096,324098,2,6
324090,324090,324099,9,0
324090,324090,324098,8,0
324090,324090,324098,8,0
324090,324095,324099,4,5
324090,324096,324099,3,6
324090,324097,324100,3,7
324090,324090,324099,9,0
324090,324090,324101,11,0
324090,324090,324101,11,0
324090,324090,324102,12,0
324090,324090,324103,13,0
324090,324090,324103,13,0
324090,324090,324123,33,0
324090,324090,324124,34,0
324090,324090,324127,37,0
324090,324090,324127,37,0
324136,324136,324137,1,0
324136,324136,324137,1,0
324136,324136,324137,1,0
324136,324136,324137,1,0
324136,324136,324138,2,0
324136,324136,324137,1,0
324136,324136,324139,3,0
324136,324138,324139,1,2
324136,324137,324140,3,1
324136,324138,324140,2,2
324136,324138,324139,1,2
324136,324136,324140,4,0
324136,324137,324141,4,1
324136,324136,324141,5,0
324136,324136,324141,5,0
324136,324136,324141,5,0
324136,324137,324140,3,1
324136,324136,324140,4,0
324136,324139,324141,2,3
324136,324136,324141,5,0
324136,324136,324141,5,0
324136,324136,324141,5,0
324136,324136,324141,5,0
324136,324136,324142,6,0
324136,324136,324142,6,0
324136,324140,324142,2,4
324136,324140,324142,2,4
324136,324136,324142,6,0
324136,324140,324142,2,4
324136,324136,324141,5,0
324136,324140,324142,2,4
324136,324136,324143,7,0
324136,324136,324142,6,0
324136,324141,324143,2,5
324136,324141,324143,2,5
324136,324136,324143,7,0
324136,324142,324143,1,6
324136,324142,324143,1,6
324136,324141,324143,2,5
324136,324141,324143,2,5
324136,324141,324143,2,5
324136,324141,324143,2,5
324136,324142,324143,1,6
324136,324141,324143,2,5
324136,324141,324142,1,5
324136,324136,324144,8,0
324136,324136,324144,8,0
324136,324136,324143,7,0
324136,324136,324143,7,0
324136,324142,324143,1,6
324136,324142,324143,1,6
324136,324143,324144,1,7
324136,324143,324144,1,7
324136,324142,324143,1,6
324136,324136,324143,7,0
324136,324142,324143,1,6
324136,324142,324143,1,6
324136,324142,324144,2,6
324136,324142,324144,2,6
324136,324136,324144,8,0
324136,324136,324145,9,0
324136,324136,324144,8,0
324136,324136,324145,9,0
324136,324143,324145,2,7
324136,324136,324145,9,0
324136,324143,324145,2,7
324136,324136,324145,9,0
324136,324142,324145,3,6
324136,324136,324146,10,0
324136,324136,324147,11,0
324136,324136,324146,10,0
324136,324136,324146,10,0
324136,324142,324146,4,6
324136,324136,324147,11,0
324136,324136,324149,13,0
324136,324136,324157,21,0
324136,324136,324159,23,0
324136,324136,324159,23,0
324136,324136,324161,25,0
324172,324172,324173,1,0
324172,324172,324174,2,0
324172,324172,324174,2,0
324172,324172,324173,1,0
324172,324172,324174,2,0
324172,324172,324174,2,0
324172,324172,324176,4,0
324172,324174,324176,2,2
324172,324172,324176,4,0
324172,324172,324176,4,0
324172,324174,324175,1,2
324172,324172,324177,5,0
324172,324172,324177,5,0
324172,324174,324176,2,2
324172,324172,324177,5,0
324172,324174,324177,3,2
324172,324172,324177,5,0
324172,324172,324177,5,0
324172,324174,324177,3,2
324172,324172,324177,5,0
324172,324172,324178,6,0
324172,324172,324178,6,0
324172,324176,324178,2,4
324172,324176,324178,2,4
324172,324176,324178,2,4
324172,324176,324178,2,4
324172,324172,324179,7,0
324172,324172,324178,6,0
324172,324172,324179,7,0
324172,324174,324179,5,2
324172,324177,324179,2,5
324172,324176,324179,3,4
324172,324178,324179,1,6
324172,324178,324179,1,6
324172,324172,324179,7,0
324172,324178,324179,1,6
324172,324178,324179,1,6
324172,324178,324179,1,6
324172,324179,324180,1,7
324172,324172,324180,8,0
324172,324172,324180,8,0
324172,324178,324180,2,6
324172,324172,324180,8,0
324172,324178,324180,2,6
324172,324172,324180,8,0
324172,324180,324181,1,8
324172,324180,324181,1,8
324172,324172,324180,8,0
324172,324178,324180,2,6
324172,324178,324180,2,6
324172,324180,324181,1,8
324172,324172,324181,9,0
324172,324179,324181,2,7
324172,324179,324181,2,7
324172,324172,324181,9,0
324172,324172,324181,9,0
324172,324178,324181,3,6
324172,324179,324181,2,7
324172,324172,324181,9,0
324172,324180,324181,1,8
324172,324180,324181,1,8
324172,324180,324181,1,8
324172,324172,324182,10,0
324172,324172,324181,9,0
324172,324172,324182,10,0
324172,324172,324181,9,0
324172,324172,324182,10,0
324172,324172,324182,10,0
324172,324172,324183,11,0
324172,324172,324183,11,0
324172,324172,324184,12,0
324172,324172,324185,13,0
324172,324172,324185,13,0
324172,324172,324186,14,0
324172,324172,324187,15,0
324172,324172,324189,17,0
324200,324200,324201,1,0
324200,324200,324201,1,0
324200,324200,324201,1,0
324200,324200,324201,1,0
324200,324200,324201,1,0
324200,324200,324202,2,0
324200,324202,324203,1,2
324200,324202,324204,2,2
324200,324202,324204,2,2
324200,324202,324204,2,2
324200,324200,324204,4,0
324200,324200,324205,5,0
324200,324203,324204,1,3
324200,324200,324205,5,0
324200,324202,324205,3,2
324200,324200,324205,5,0
324200,324200,324206,6,0
324200,324205,324206,1,5
324200,324200,324206,6,0
324200,324204,324206,2,4
324200,324204,324206,2,4
324200,324200,324206,6,0
324200,324204,324206,2,4
324200,324200,324206,6,0
324200,324200,324206,6,0
324200,324200,324207,7,0
324200,324205,324206,1,5
324200,324205,324206,1,5
324200,324200,324206,6,0
324200,324205,324207,2,5
324200,324205,324206,1,5
324200,324200,324206,6,0
324200,324205,324207,2,5
324200,324206,324207,1,6
324200,324200,324207,7,0
324200,324206,324207,1,6
324200,324204,324206,2,4
324200,324206,324207,1,6
324200,324206,324207,1,6
324200,324206,324208,2,6
324200,324200,324207,7,0
324200,324207,324208,1,7
324200,324207,324208,1,7
324200,324200,324208,8,0
324200,324206,324208,2,6
324200,324207,324208,1,7
324200,324200,324207,7,0
324200,324200,324208,8,0
324200,324200,324209,9,0
324200,324200,324209,9,0
324200,324207,324209,2,7
324200,324207,324208,1,7
324200,324207,324208,1,7
324200,324200,324208,8,0
324200,324207,324209,2,7
324200,324207,324208,1,7
324200,324207,324208,1,7
324200,324207,324208,1,7
324200,324200,324210,10,0
324200,324200,324209,9,0
324200,324207,324209,2,7
324200,324207,324209,2,7
324200,324200,324210,10,0
324200,324206,324210,4,6
324200,324200,324211,11,0
324200,324200,324212,12,0
324200,324200,324212,12,0
324200,324200,324212,12,0
324200,324200,324213,13,0
324200,324200,324213,13,0
324200,324200,324214,14,0
324200,324200,324214,14,0
324200,324200,324214,14,0
324200,324200,324215,15,0
324200,324200,324216,16,0
324200,324200,324216,16,0
324200,324200,324217,17,0
324200,324200,324220,20,0
324200,324200,324220,20,0
324231,324231,324232,1,0
324231,324231,324232,1,0
324231,324231,324233,2,0
324231,324231,324232,1,0
324231,324231,324233,2,0
324231,324231,324232,1,0
324231,324233,324235,2,2
324231,324231,324235,4,0
324231,324231,324234,3,0
324231,324232,324234,2,1
324231,324233,324234,1,2
324231,324231,324236,5,0
324231,324231,324236,5,0
324231,324233,324235,2,2
324231,324233,324236,3,2
324231,324232,324236,4,1
324231,324231,324236,5,0
324231,324231,324237,6,0
324231,324231,324237,6,0
324231,324231,324237,6,0
324231,324231,324237,6,0
324231,324231,324237,6,0
324231,324235,324237,2,4
324231,324236,324237,1,5
324231,324231,324237,6,0
324231,324235,324237,2,4
324231,324235,324237,2,4
324231,324231,324237,6,0
324231,324235,324237,2,4
324231,324231,324237,6,0
324231,324235,324237,2,4
324231,324231,324238,7,0
324231,324231,324238,7,0
324231,324236,324238,2,5
324231,324236,324237,1,5
324231,324237,324238,1,6
324231,324237,324238,1,6
324231,324236,324238,2,5
324231,324237,324238,1,6
324231,324231,324239,8,0
324231,324231,324239,8,0
324231,324237,324238,1,6
324231,324237,324239,2,6
324231,324238,324239,1,7
324231,324231,324239,8,0
324231,324237,324238,1,6
324231,324238,324239,1,7
324231,324238,324239,1,7
324231,324237,324239,2,6
324231,324237,324238,1,6
324231,324237,324239,2,6
324231,324231,324239,8,0
324231,324237,324239,2,6
324231,324238,324239,1,7
324231,324231,324239,8,0
324231,324236,324239,3,5
324231,324231,324240,9,0
324231,324237,324240,3,6
324231,324231,324240,9,0
324231,324231,324240,9,0
324231,324231,324240,9,0
324231,324231,324241,10,0
324231,324231,324241,10,0
324231,324231,324241,10,0
324231,324237,324240,3,6
324231,324237,324241,4,6
324231,324231,324241,10,0
324231,324231,324242,11,0
324231,324231,324241,10,0
324231,324231,324242,11,0
324231,324231,324242,11,0
324231,324237,324243,6,6
324231,324231,324244,13,0
324231,324237,324244,7,6
324231,324231,324243,12,0
324231,324231,324245,14,0
324231,324231,324246,15,0
324231,324231,324247,16,0
324231,324231,324248,17,0
324258,324258,324259,1,0
324258,324258,324259,1,0
324258,324258,324260,2,0
324258,324258,324260,2,0
324258,324258,324259,1,0
324258,324258,324259,1,0
324258,324258,324262,4,0
324258,324258,324261,3,0
324258,324259,324261,2,1
324258,324260,324261,1,2
324258,324260,324262,2,2
324258,324258,324261,3,0
324258,324260,324261,1,2
324258,324260,324262,2,2
324258,324260,324262,2,2
324258,324258,324264,6,0
324258,324258,324263,5,0
324258,324258,324263,5,0
324258,324258,324263,5,0
324258,324258,324263,5,0
324258,324262,324264,2,4
324258,324258,324264,6,0
324258,324262,324264,2,4
324258,324262,324263,1,4
324258,324262,324263,1,4
324258,324262,324264,2,4
324258,324258,324265,7,0
324258,324263,324264,1,5
324258,324263,324264,1,5
324258,324264,324265,1,6
324258,324258,324265,7,0
324258,324258,324265,7,0
324258,324264,324265,1,6
324258,324264,324265,1,6
324258,324258,324264,6,0
324258,324258,324265,7,0
324258,324258,324266,8,0
324258,324258,324265,7,0
324258,324258,324265,7,0
324258,324262,324266,4,4
324258,324262,324265,3,4
324258,324258,324266,8,0
324258,324258,324266,8,0
324258,324265,324266,1,7
324258,324258,324266,8,0
324258,324264,324265,1,6
324258,324264,324266,2,6
324258,324264,324265,1,6
324258,324264,324265,1,6
324258,324264,324265,1,6
324258,324265,324266,1,7
324258,324265,324266,1,7
324258,324265,324266,1,7
324258,324265,324266,1,7
324258,324265,324266,1,7
324258,324265,324266,1,7
324258,324265,324266,1,7
324258,324265,324266,1,7
324258,324258,324266,8,0
324258,324258,324266,8,0
324258,324264,324266,2,6
324258,324265,324266,1,7
324258,324258,324267,9,0
324258,324258,324267,9,0
324258,324258,324268,10,0
324258,324264,324268,4,6
324258,324258,324269,11,0
324258,324258,324268,10,0
324258,324258,324270,12,0
324258,324258,324270,12,0
324258,324258,324270,12,0
324258,324258,324271,13,0
324258,324258,324272,14,0
324258,324258,324273,15,0
324258,324258,324275,17,0
324258,324258,324279,21,0
324258,324258,324282,24,0
324258,324258,324286,28,0
324258,324258,324286,28,0
324296,324296,324297,1,0
324296,324296,324297,1,0
324296,324296,324297,1,0
324296,324296,324297,1,0
324296,324296,324298,2,0
324296,324296,324298,2,0
324296,324296,324300,4,0
324296,324297,324299,2,1
324296,324298,324300,2,2
324296,324296,324300,4,0
324296,324297,324300,3,1
324296,324297,324299,2,1
324296,324298,324299,1,2
324296,324296,324300,4,0
324296,324298,324301,3,2
324296,324296,324301,5,0
324296,324296,324301,5,0
324296,324296,324301,5,0
324296,324296,324302,6,0
324296,324296,324301,5,0
324296,324296,324302,6,0
324296,324296,324302,6,0
324296,324296,324301,5,0
324296,324296,324301,5,0
324296,324296,324302,6,0
324296,324296,324302,6,0
324296,324300,324302,2,4
324296,324300,324302,2,4
324296,324296,324301,5,0
324296,324300,324302,2,4
324296,324300,324302,2,4
324296,324296,324303,7,0
324296,324296,324302,6,0
324296,324296,324303,7,0
324296,324301,324303,2,5
324296,324296,324302,6,0
324296,324301,324302,1,5
324296,324302,324303,1,6
324296,324300,324302,2,4
324296,324301,324303,2,5
324296,324300,324302,2,4
324296,324301,324302,1,5
324296,324302,324303,1,6
324296,324301,324302,1,5
324296,324302,324303,1,6
324296,324302,324303,1,6
324296,324296,324304,8,0
324296,324300,324304,4,4
324296,324302,324304,2,6
324296,324296,324304,8,0
324296,324296,324304,8,0
324296,324302,324303,1,6
324296,324302,324304,2,6
324296,324302,324304,2,6
324296,324302,324303,1,6
324296,324296,324304,8,0
324296,324296,324305,9,0
324296,324302,324305,3,6
324296,324303,324305,2,7
324296,324302,324305,3,6
324296,324296,324305,9,0
324296,324296,324305,9,0
324296,324303,324306,3,7
324296,324302,324306,4,6
324296,324296,324306,10,0
324296,324296,324306,10,0
324296,324302,324305,3,6
324296,324303,324306,3,7
324296,324296,324306,10,0
324296,324296,324306,10,0
324296,324296,324307,11,0
324296,324296,324307,11,0
324296,324303,324306,3,7
324296,324296,324307,11,0
324296,324296,324308,12,0
324296,324296,324307,11,0
324296,324296,324309,13,0
324296,324296,324312,16,0
324296,324296,324312,16,0
324322,324322,324323,1,0
324322,324322,324323,1,0
324322,324322,324324,2,0
324322,324322,324324,2,0
324322,324322,324324,2,0
324322,324322,324323,1,0
324322,324322,324325,3,0
324322,324323,324324,1,1
324322,324322,324324,2,0
324322,324323,324325,2,1
324322,324322,324326,4,0
324322,324322,324326,4,0
324322,324324,324326,2,2
324322,324324,324326,2,2
324322,324325,324326,1,3
324322,324322,324326,4,0
324322,324322,324326,4,0
324322,324324,324326,2,2
324322,324324,324326,2,2
324322,324322,324326,4,0
324322,324322,324326,4,0
324322,324322,324327,5,0
324322,324322,324327,5,0
324322,324322,324327,5,0
324322,324325,324327,2,3
324322,324322,324327,5,0
324322,324322,324327,5,0
324322,324322,324328,6,0
324322,324325,324328,3,3
324322,324325,324328,3,3
324322,324322,324328,6,0
324322,324326,324328,2,4
324322,324327,324328,1,5
324322,324322,324328,6,0
324322,324327,324328,1,5
324322,324327,324328,1,5
324322,324322,324328,6,0
324322,324327,324328,1,5
324322,324322,324329,7,0
324322,324322,324329,7,0
324322,324322,324329,7,0
324322,324322,324329,7,0
324322,324327,324329,2,5
324322,324322,324329,7,0
324322,324328,324329,1,6
324322,324329,324330,1,7
324322,324329,324330,1,7
324322,324328,324329,1,6
324322,324328,324329,1,6
324322,324328,324329,1,6
324322,324322,324330,8,0
324322,324322,324330,8,0
324322,324322,324330,8,0
324322,324327,324330,3,5
324322,324327,324330,3,5
324322,324329,324330,1,7
324322,324322,324330,8,0
324322,324322,324331,9,0
324322,324322,324331,9,0
324322,324328,324331,3,6
324322,324322,324331,9,0
324322,324329,324331,2,7
324322,324322,324331,9,0
324322,324322,324331,9,0
324322,324326,324332,6,4
324322,324328,324332,4,6
324322,324322,324332,10,0
324322,324322,324332,10,0
324322,324322,324333,11,0
324322,324322,324334,12,0
324322,324322,324335,13,0
324322,324322,324336,14,0
324322,324322,324338,16,0
324347,324347,324348,1,0
324347,324347,324348,1,0
324347,324347,324349,2,0
324347,324347,324349,2,0
324347,324347,324349,2,0
324347,324348,324349,1,1
324347,324348,324350,2,1
324347,324348,324350,2,1
324347,324348,324350,2,1
324347,324348,324350,2,1
324347,324348,324351,3,1
324347,324350,324351,1,3
324347,324348,324351,3,1
324347,324348,324351,3,1
324347,324348,324351,3,1
324347,324350,324351,1,3
324347,324350,324351,1,3
324347,324348,324351,3,1
324347,324350,324351,1,3
324347,324350,324351,1,3
324347,324350,324351,1,3
324347,324348,324353,5,1
324347,324348,324352,4,1
324347,324348,324352,4,1
324347,324348,324353,5,1
324347,324352,324353,1,5
324347,324348,324352,4,1
324347,324348,324352,4,1
324347,324348,324352,4,1
324347,324348,324352,4,1
324347,324348,324352,4,1
324347,324348,324352,4,1
324347,324348,324353,5,1
324347,324348,324353,5,1
324347,324352,324353,1,5
324347,324352,324353,1,5
324347,324352,324353,1,5
324347,324351,324353,2,4
324347,324352,324353,1,5
324347,324348,324353,5,1
324347,324352,324353,1,5
324347,324353,324354,1,6
324347,324352,324353,1,5
324347,324348,324354,6,1
324347,324352,324354,2,5
324347,324348,324354,6,1
324347,324351,324354,3,4
324347,324351,324354,3,4
324347,324352,324354,2,5
324347,324348,324355,7,1
324347,324351,324355,4,4
324347,324352,324355,3,5
324347,324353,324354,1,6
324347,324353,324354,1,6
324347,324353,324354,1,6
324347,324353,324354,1,6
324347,324348,324354,6,1
324347,324352,324354,2,5
324347,324353,324355,2,6
324347,324348,324354,6,1
324347,324353,324354,1,6
324347,324353,324354,1,6
324347,324353,324354,1,6
324347,324347,324354,7,0
324347,324353,324355,2,6
324347,324348,324356,8,1
324347,324354,324355,1,7
324347,324348,324355,7,1
324347,324348,324355,7,1
324347,324353,324355,2,6
324347,324348,324356,8,1
324347,324348,324356,8,1
324347,324348,324356,8,1
324347,324348,324357,9,1
324347,324348,324359,11,1
324347,324348,324358,10,1
324347,324347,324358,11,0
324368,324368,324369,1,0
324368,324368,324369,1,0
324368,324368,324369,1,0
324368,324368,324370,2,0
324368,324368,324369,1,0
324368,324368,324370,2,0
324368,324368,324371,3,0
324368,324368,324371,3,0
324368,324369,324371,2,1
324368,324368,324371,3,0
324368,324369,324371,2,1
324368,324369,324371,2,1
324368,324368,324371,3,0
324368,324368,324371,3,0
324368,324370,324372,2,2
324368,324370,324372,2,2
324368,324370,324372,2,2
324368,324368,324372,4,0
324368,324368,324372,4,0
324368,324368,324373,5,0
324368,324368,324373,5,0
324368,324368,324373,5,0
324368,324371,324373,2,3
324368,324368,324373,5,0
324368,324368,324373,5,0
324368,324368,324373,5,0
324368,324371,324373,2,3
324368,324371,324373,2,3
324368,324371,324373,2,3
324368,324372,324373,1,4
324368,324368,324374,6,0
324368,324372,324374,2,4
324368,324368,324374,6,0
324368,324372,324374,2,4
324368,324373,324374,1,5
324368,324373,324374,1,5
324368,324373,324374,1,5
324368,324368,324373,5,0
324368,324372,324373,1,4
324368,324372,324374,2,4
324368,324373,324374,1,5
324368,324368,324374,6,0
324368,324373,324374,1,5
324368,324368,324374,6,0
324368,324368,324374,6,0
324368,324368,324375,7,0
324368,324368,324375,7,0
324368,324371,324375,4,3
324368,324368,324375,7,0
324368,324372,324375,3,4
324368,324368,324375,7,0
324368,324371,324375,4,3
324368,324373,324375,2,5
324368,324374,324375,1,6
324368,324374,324375,1,6
324368,324373,324375,2,5
324368,324373,324375,2,5
324368,324373,324375,2,5
324368,324373,324375,2,5
324368,324368,324376,8,0
324368,324368,324376,8,0
324368,324373,324376,3,5
324368,324368,324376,8,0
324368,324368,324376,8,0
324368,324374,324376,2,6
324368,324368,324376,8,0
324368,324374,324376,2,6
324368,324368,324377,9,0
324368,324368,324377,9,0
324368,324368,324377,9,0
324368,324372,324376,4,4
324368,324368,324376,8,0
324368,324374,324377,3,6
324368,324368,324377,9,0
324368,324368,324378,10,0
324368,324368,324379,11,0
324368,324368,324380,12,0
324368,324368,324382,14,0
324368,324368,324382,14,0
324392,324392,324393,1,0
324392,324392,324393,1,0
324392,324392,324393,1,0
324392,324392,324393,1,0
324392,324392,324393,1,0
324392,324392,324393,1,0
324392,324393,324395,2,1
324392,324393,324394,1,1
324392,324393,324395,2,1
324392,324393,324394,1,1
324392,324393,324395,2,1
324392,324393,324394,1,1
324392,324392,324396,4,0
324392,324392,324396,4,0
324392,324392,324395,3,0
324392,324392,324397,5,0
324392,324392,324397,5,0
324392,324392,324396,4,0
324392,324395,324397,2,3
324392,324395,324396,1,3
324392,324392,324397,5,0
324392,324392,324396,4,0
324392,324392,324397,5,0
324392,324395,324397,2,3
324392,324396,324397,1,4
324392,324392,324396,4,0
324392,324392,324397,5,0
324392,324395,324397,2,3
324392,324395,324396,1,3
324392,324392,324397,5,0
324392,324392,324397,5,0
324392,324392,324398,6,0
324392,324392,324398,6,0
324392,324392,324398,6,0
324392,324397,324398,1,5
324392,324392,324397,5,0
324392,324397,324398,1,5
324392,324395,324397,2,3
324392,324397,324398,1,5
324392,324392,324398,6,0
324392,324397,324398,1,5
324392,324397,324398,1,5
324392,324397,324398,1,5
324392,324392,324398,6,0
324392,324396,324398,2,4
324392,324396,324398,2,4
324392,324392,324399,7,0
324392,324392,324399,7,0
324392,324392,324399,7,0
324392,324397,324398,1,5
324392,324392,324399,7,0
324392,324397,324398,1,5
324392,324397,324398,1,5
324392,324397,324399,2,5
324392,324397,324399,2,5
324392,324397,324398,1,5
324392,324392,324400,8,0
324392,324392,324400,8,0
324392,324392,324399,7,0
324392,324397,324399,2,5
324392,324397,324399,2,5
324392,324398,324400,2,6
324392,324398,324400,2,6
324392,324398,324400,2,6
324392,324398,324399,1,6
324392,324392,324401,9,0
324392,324392,324401,9,0
324392,324392,324401,9,0
324392,324398,324400,2,6
324392,324392,324401,9,0
324392,324398,324400,2,6
324392,324392,324401,9,0
324392,324392,324402,10,0
324392,324392,324401,9,0
324392,324392,324401,9,0
324392,324392,324402,10,0
324392,324392,324402,10,0
324392,324392,324404,12,0
324392,324392,324404,12,0
324416,324416,324417,1,0
324416,324416,324417,1,0
324416,324416,324417,1,0
324416,324416,324417,1,0
324416,324416,324417,1,0
324416,324416,324418,2,0
324416,324416,324418,2,0
324416,324418,324419,1,2
324416,324418,324420,2,2
324416,324418,324419,1,2
324416,324418,324419,1,2
324416,324416,324420,4,0
324416,324416,324421,5,0
324416,324416,324421,5,0
324416,324416,324421,5,0
324416,324416,324421,5,0
324416,324416,324421,5,0
324416,324416,324421,5,0
324416,324418,324420,2,2
324416,324420,324421,1,4
324416,324418,324421,3,2
324416,324416,324420,4,0
324416,324418,324421,3,2
324416,324420,324421,1,4
324416,324416,324421,5,0
324416,324416,324421,5,0
324416,324416,324422,6,0
324416,324420,324421,1,4
324416,324416,324422,6,0
324416,324421,324422,1,5
324416,324416,324422,6,0
324416,324421,324422,1,5
324416,324416,324421,5,0
324416,324416,324422,6,0
324416,324420,324421,1,4
324416,324416,324421,5,0
324416,324416,324422,6,0
324416,324416,324422,6,0
324416,324421,324423,2,5
324416,324416,324422,6,0
324416,324421,324423,2,5
324416,324421,324423,2,5
324416,324421,324422,1,5
324416,324421,324422,1,5
324416,324422,324423,1,6
324416,324421,324422,1,5
324416,324421,324422,1,5
324416,324421,324423,2,5
324416,324416,324423,7,0
324416,324416,324422,6,0
324416,324422,324423,1,6
324416,324422,324423,1,6
324416,324421,324422,1,5
324416,324422,324423,1,6
324416,324422,324423,1,6
324416,324416,324424,8,0
324416,324421,324423,2,5
324416,324416,324423,7,0
324416,324421,324423,2,5
324416,324416,324424,8,0
324416,324422,324423,1,6
324416,324422,324423,1,6
324416,324422,324423,1,6
324416,324422,324423,1,6
324416,324422,324423,1,6
324416,324416,324424,8,0
324416,324416,324425,9,0
324416,324422,324424,2,6
324416,324416,324426,10,0
324416,324416,324425,9,0
324416,324416,324427,11,0
324416,324416,324428,12,0
324416,324416,324428,12,0
324416,324416,324429,13,0
324416,324416,324428,12,0
324416,324416,324436,20,0
324416,324416,324436,20,0
324416,324416,324438,22,0
324416,324416,324443,27,0
324453,324453,324454,1,0
324453,324453,324454,1,0
324453,324453,324454,1,0
324453,324453,324455,2,0
324453,324453,324455,2,0
324453,324453,324454,1,0
324453,324454,324456,2,1
324453,324454,324456,2,1
324453,324454,324456,2,1
324453,324453,324457,4,0
324453,324453,324457,4,0
324453,324453,324456,3,0
324453,324455,324457,2,2
324453,324453,324457,4,0
324453,324455,324457,2,2
324453,324453,324458,5,0
324453,324453,324458,5,0
324453,324455,324457,2,2
324453,324453,324458,5,0
324453,324453,324458,5,0
324453,324456,324458,2,3
324453,324453,324458,5,0
324453,324453,324458,5,0
324453,324456,324458,2,3
324453,324457,324458,1,4
324453,324453,324459,6,0
324453,324453,324459,6,0
324453,324453,324459,6,0
324453,324458,324459,1,5
324453,324453,324459,6,0
324453,324458,324459,1,5
324453,324453,324459,6,0
324453,324453,324459,6,0
324453,324457,324459,2,4
324453,324457,324459,2,4
324453,324453,324459,6,0
324453,324457,324459,2,4
324453,324453,324460,7,0
324453,324457,324460,3,4
324453,324453,324460,7,0
324453,324457,324460,3,4
324453,324453,324460,7,0
324453,324453,324460,7,0
324453,324459,324460,1,6
324453,324459,324460,1,6
324453,324458,324460,2,5
324453,324460,324461,1,7
324453,324460,324461,1,7
324453,324459,324460,1,6
324453,324453,324460,7,0
324453,324453,324460,7,0
324453,324458,324461,3,5
324453,324453,324460,7,0
324453,324458,324461,3,5
324453,324453,324461,8,0
324453,324457,324461,4,4
324453,324458,324461,3,5
324453,324460,324461,1,7
324453,324460,324461,1,7
324453,324460,324461,1,7
324453,324460,324461,1,7
324453,324453,324462,9,0
324453,324453,324462,9,0
324453,324453,324463,10,0
324453,324459,324463,4,6
324453,324453,324463,10,0
324453,324453,324463,10,0
324453,324453,324464,11,0
324453,324453,324464,11,0
324453,324453,324464,11,0
324453,324453,324465,12,0
324453,324453,324466,13,0
324453,324453,324466,13,0
324453,324453,324467,14,0
324453,324453,324467,14,0
324477,324477,324478,1,0
324477,324477,324478,1,0
324477,324477,324478,1,0
324477,324477,324479,2,0
324477,324477,324479,2,0
324477,324477,324479,2,0
324477,324477,324480,3,0
324477,324479,324480,1,2
324477,324479,324480,1,2
324477,324479,324480,1,2
324477,324478,324481,3,1
324477,324480,324481,1,3
324477,324478,324481,3,1
324477,324481,324482,1,4
324477,324480,324481,1,3
324477,324480,324482,2,3
324477,324478,324482,4,1
324477,324477,324482,5,0
324477,324481,324482,1,4
324477,324481,324482,1,4
324477,324482,324483,1,5
324477,324478,324483,5,1
324477,324478,324483,5,1
324477,324478,324483,5,1
324477,324478,324483,5,1
324477,324478,324483,5,1
324477,324478,324483,5,1
324477,324482,324483,1,5
324477,324477,324483,6,0
324477,324482,324483,1,5
324477,324477,324483,6,0
324477,324482,324483,1,5
324477,324477,324484,7,0
324477,324483,324484,1,6
324477,324478,324484,6,1
324477,324478,324484,6,1
324477,324477,324484,7,0
324477,324477,324484,7,0
324477,324477,324484,7,0
324477,324483,324484,1,6
324477,324484,324485,1,7
324477,324483,324484,1,6
324477,324484,324485,1,7
324477,324484,324485,1,7
324477,324484,324485,1,7
324477,324483,324484,1,6
324477,324484,324485,1,7
324477,324483,324484,1,6
324477,324484,324485,1,7
324477,324484,324485,1,7
324477,324482,324485,3,5
324477,324477,324485,8,0
324477,324483,324485,2,6
324477,324477,324485,8,0
324477,324478,324485,7,1
324477,324484,324485,1,7
324477,324477,324486,9,0
324477,324484,324486,2,7
324477,324484,324487,3,7
324477,324477,324486,9,0
324477,324484,324486,2,7
324477,324477,324486,9,0
324477,324484,324486,2,7
324477,324477,324487,10,0
324477,324482,324486,4,5
324477,324478,324487,9,1
324477,324477,324486,9,0
324477,324477,324486,9,0
324477,324477,324487,10,0
324477,324484,324487,3,7
324477,324478,324488,10,1
324477,324477,324488,11,0
324477,324477,324488,11,0
324477,324477,324492,15,0
324477,324478,324493,15,1
324477,324478,324497,19,1
324477,324478,324499,21,1
324477,324478,324501,23,1
324511,324511,324512,1,0
324511,324511,324512,1,0
324511,324511,324513,2,0
324511,324511,324512,1,0
324511,324511,324512,1,0
324511,324511,324512,1,0
324511,324511,324513,2,0
324511,324513,324514,1,2
324511,324513,324514,1,2
324511,324512,324514,2,1
324511,324511,324514,3,0
324511,324513,324515,2,2
324511,324512,324514,2,1
324511,324513,324514,1,2
324511,324513,324514,1,2
324511,324511,324515,4,0
324511,324511,324516,5,0
324511,324514,324516,2,3
324511,324511,324516,5,0
324511,324514,324516,2,3
324511,324514,324516,2,3
324511,324515,324516,1,4
324511,324511,324517,6,0
324511,324511,324517,6,0
324511,324515,324517,2,4
324511,324511,324517,6,0
324511,324511,324517,6,0
324511,324511,324517,6,0
324511,324511,324517,6,0
324511,324516,324517,1,5
324511,324511,324517,6,0
324511,324515,324517,2,4
324511,324515,324517,2,4
324511,324511,324517,6,0
324511,324511,324518,7,0
324511,324511,324518,7,0
324511,324511,324518,7,0
324511,324511,324518,7,0
324511,324516,324518,2,5
324511,324511,324518,7,0
324511,324511,324518,7,0
324511,324516,324518,2,5
324511,324517,324518,1,6
324511,324518,324519,1,7
324511,324516,324518,2,5
324511,324518,324519,1,7
324511,324518,324519,1,7
324511,324517,324518,1,6
324511,324517,324518,1,6
324511,324511,324519,8,0
324511,324515,324519,4,4
324511,324516,324519,3,5
324511,324511,324519,8,0
324511,324511,324519,8,0
324511,324511,324519,8,0
324511,324517,324519,2,6
324511,324517,324519,2,6
324511,324511,324519,8,0
324511,324518,324519,1,7
324511,324518,324519,1,7
324511,324511,324519,8,0
324511,324511,324520,9,0
324511,324511,324520,9,0
324511,324517,324519,2,6
324511,324518,324520,2,7
324511,324517,324520,3,6
324511,324511,324522,11,0
324511,324511,324522,11,0
324511,324511,324522,11,0
324511,324511,324522,11,0
324511,324511,324523,12,0
324511,324511,324523,12,0
324511,324511,324524,13,0
324511,324511,324524,13,0
324511,324511,324526,15,0
324511,324511,324526,15,0
324511,324511,324532,21,0
324543,324543,324544,1,0
324543,324543,324544,1,0
324543,324543,324544,1,0
324543,324543,324545,2,0
324543,324543,324544,1,0
324543,324543,324544,1,0
324543,324543,324544,1,0
324543,324544,324545,1,1
324543,324544,324546,2,1
324543,324544,324546,2,1
324543,324545,324546,1,2
324543,324543,324547,4,0
324543,324543,324546,3,0
324543,324543,324546,3,0
324543,324543,324546,3,0
324543,324545,324546,1,2
324543,324546,324547,1,3
324543,324543,324547,4,0
324543,324545,324547,2,2
324543,324546,324547,1,3
324543,324543,324547,4,0
324543,324545,324547,2,2
324543,324546,324547,1,3
324543,324546,324547,1,3
324543,324547,324548,1,4
324543,324543,324548,5,0
324543,324543,324548,5,0
324543,324547,324548,1,4
324543,324547,324548,1,4
324543,324548,324549,1,5
324543,324543,324549,6,0
324543,324543,324549,6,0
324543,324543,324548,5,0
324543,324547,324548,1,4
324543,324548,324549,1,5
324543,324543,324549,6,0
324543,324547,324549,2,4
324543,324547,324550,3,4
324543,324543,324549,6,0
324543,324543,324549,6,0
324543,324549,324550,1,6
324543,324543,324549,6,0
324543,324543,324549,6,0
324543,324549,324550,1,6
324543,324548,324549,1,5
324543,324548,324549,1,5
324543,324548,324549,1,5
324543,324548,324549,1,5
324543,324549,324550,1,6
324543,324549,324550,1,6
324543,324548,324549,1,5
324543,324549,324550,1,6
324543,324549,324550,1,6
324543,324549,324551,2,6
324543,324543,324551,8,0
324543,324543,324551,8,0
324543,324547,324550,3,4
324543,324543,324551,8,0
324543,324543,324550,7,0
324543,324543,324550,7,0
324543,324549,324550,1,6
324543,324549,324551,2,6
324543,324543,324550,7,0
324543,324549,324550,1,6
324543,324543,324550,7,0
324543,324543,324551,8,0
324543,324543,324551,8,0
324543,324543,324552,9,0
324543,324543,324552,9,0
324543,324543,324552,9,0
324543,324543,324552,9,0
324543,324543,324553,10,0
324543,324543,324555,12,0
324543,324543,324555,12,0
324543,324543,324558,15,0
324543,324543,324558,15,0
324543,324543,324558,15,0
324543,324543,324560,17,0
324543,324543,324567,24,0
324577,324577,324578,1,0
324577,324577,324578,1,0
324577,324577,324579,2,0
324577,324577,324579,2,0
324577,324577,324579,2,0
324577,324577,324579,2,0
324577,324577,324579,2,0
324577,324579,324580,1,2
324577,324580,324581,1,3
324577,324577,324581,4,0
324577,324580,324581,1,3
324577,324579,324581,2,2
324577,324578,324582,4,1
324577,324578,324583,5,1
324577,324578,324582,4,1
324577,324578,324582,4,1
324577,324580,324582,2,3
324577,324582,324583,1,5
324577,324580,324582,2,3
324577,324581,324582,1,4
324577,324582,324583,1,5
324577,324577,324583,6,0
324577,324577,324583,6,0
324577,324577,324583,6,0
324577,324580,324583,3,3
324577,324582,324583,1,5
324577,324577,324583,6,0
324577,324583,324584,1,6
324577,324577,324583,6,0
324577,324582,324583,1,5
324577,324583,324584,1,6
324577,324578,324585,7,1
324577,324583,324585,2,6
324577,324583,324584,1,6
324577,324577,324584,7,0
324577,324577,324584,7,0
324577,324584,324585,1,7
324577,324584,324585,1,7
324577,324577,324585,8,0
324577,324584,324585,1,7
324577,324577,324584,7,0
324577,324583,324584,1,6
324577,324583,324584,1,6
324577,324577,324584,7,0
324577,324584,324585,1,7
324577,324584,324585,1,7
324577,324583,324585,2,6
324577,324578,324585,7,1
324577,324583,324585,2,6
324577,324578,324585,7,1
324577,324584,324585,1,7
324577,324577,324585,8,0
324577,324584,324585,1,7
324577,324584,324585,1,7
324577,324577,324585,8,0
324577,324584,324585,1,7
324577,324584,324585,1,7
324577,324584,324585,1,7
324577,324578,324586,8,1
324577,324585,324586,1,8
324577,324577,324586,9,0
324577,324577,324586,9,0
324577,324577,324586,9,0
324577,324577,324586,9,0
324577,324577,324586,9,0
324577,324578,324586,8,1
324577,324585,324586,1,8
324577,324577,324586,9,0
324577,324585,324586,1,8
324577,324577,324586,9,0
324577,324577,324587,10,0
324577,324577,324588,11,0
324577,324577,324589,12,0
324577,324578,324590,12,1
324577,324578,324596,18,1
324577,324577,324608,31,0
324577,324577,324609,32,0
324577,324577,324611,34,0
324619,324619,324620,1,0
324619,324619,324620,1,0
324619,324619,324620,1,0
324619,324619,324620,1,0
324619,324619,324621,2,0
324619,324619,324621,2,0
324619,324619,324621,2,0
324619,324621,324623,2,2
324619,324621,324622,1,2
324619,324621,324622,1,2
324619,324621,324622,1,2
324619,324620,324623,3,1
324619,324622,324623,1,3
324619,324622,324623,1,3
324619,324622,324623,1,3
324619,324623,324624,1,4
324619,324619,324624,5,0
324619,324620,324624,4,1
324619,324619,324624,5,0
324619,324619,324624,5,0
324619,324623,324624,1,4
324619,324619,324624,5,0
324619,324624,324625,1,5
324619,324619,324624,5,0
324619,324623,324624,1,4
324619,324619,324625,6,0
324619,324619,324625,6,0
324619,324620,324625,5,1
324619,324625,324626,1,6
324619,324619,324625,6,0
324619,324624,324625,1,5
324619,324624,324625,1,5
324619,324619,324625,6,0
324619,324620,324625,5,1
324619,324625,324626,1,6
324619,324624,324625,1,5
324619,324624,324625,1,5
324619,324619,324626,7,0
324619,324619,324626,7,0
324619,324619,324626,7,0
324619,324620,324626,6,1
324619,324624,324626,2,5
324619,324625,324626,1,6
324619,324625,324626,1,6
324619,324625,324626,1,6
324619,324619,324626,7,0
324619,324625,324626,1,6
324619,324626,324627,1,7
324619,324625,324626,1,6
324619,324626,324627,1,7
324619,324619,324627,8,0
324619,324619,324626,7,0
324619,324626,324627,1,7
324619,324626,324627,1,7
324619,324619,324627,8,0
324619,324620,324627,7,1
324619,324626,324627,1,7
324619,324620,324627,7,1
324619,324625,324627,2,6
324619,324626,324627,1,7
324619,324619,324627,8,0
324619,324626,324627,1,7
324619,324619,324627,8,0
324619,324619,324627,8,0
324619,324626,324627,1,7
324619,324626,324627,1,7
324619,324625,324628,3,6
324619,324619,324628,9,0
324619,324620,324628,8,1
324619,324619,324628,9,0
324619,324619,324629,10,0
324619,324620,324629,9,1
324619,324619,324629,10,0
324619,324619,324630,11,0
324619,324620,324645,25,1
324619,324619,324646,27,0
324619,324619,324647,28,0
324619,324619,324647,28,0
324658,324658,324659,1,0
324658,324658,324659,1,0
324658,324658,324660,2,0
324658,324658,324659,1,0
324658,324658,324659,1,0
324658,324658,324659,1,0
324658,324658,324661,3,0
324658,324658,324661,3,0
324658,324658,324661,3,0
324658,324658,324661,3,0
324658,324658,324662,4,0
324658,324658,324661,3,0
324658,324660,324662,2,2
324658,324660,324662,2,2
324658,324660,324661,1,2
324658,324658,324661,3,0
324658,324660,324662,2,2
324658,324660,324662,2,2
324658,324660,324662,2,2
324658,324658,324661,3,0
324658,324658,324662,4,0
324658,324658,324662,4,0
324658,324658,324662,4,0
324658,324658,324662,4,0
324658,324658,324663,5,0
324658,324658,324662,4,0
324658,324658,324662,4,0
324658,324658,324663,5,0
324658,324658,324663,5,0
324658,324658,324662,4,0
324658,324658,324663,5,0
324658,324662,324663,1,4
324658,324661,324664,3,3
324658,324658,324664,6,0
324658,324658,324664,6,0
324658,324658,324664,6,0
324658,324662,324663,1,4
324658,324662,324664,2,4
324658,324658,324664,6,0
324658,324658,324663,5,0
324658,324662,324663,1,4
324658,324662,324663,1,4
324658,324658,324663,5,0
324658,324662,324664,2,4
324658,324662,324663,1,4
324658,324663,324664,1,5
324658,324658,324663,5,0
324658,324662,324663,1,4
324658,324663,324664,1,5
324658,324658,324664,6,0
324658,324663,324664,1,5
324658,324663,324664,1,5
324658,324662,324665,3,4
324658,324658,324665,7,0
324658,324658,324665,7,0
324658,324658,324665,7,0
324658,324661,324664,3,3
324658,324663,324665,2,5
324658,324661,324664,3,3
324658,324663,324665,2,5
324658,324662,324664,2,4
324658,324663,324664,1,5
324658,324663,324664,1,5
324658,324664,324665,1,6
324658,324658,324665,7,0
324658,324658,324664,6,0
324658,324658,324666,8,0
324658,324658,324665,7,0
324658,324663,324665,2,5
324658,324663,324665,2,5
324658,324661,324665,4,3
324658,324664,324666,2,6
324658,324663,324665,2,5
324658,324658,324666,8,0
324658,324658,324666,8,0
324658,324662,324665,3,4
324658,324658,324666,8,0
324658,324664,324666,2,6
324658,324658,324669,11,0
324679,324679,324680,1,0
324679,324679,324680,1,0
324679,324679,324681,2,0
324679,324679,324680,1,0
324679,324679,324680,1,0
324679,324680,324681,1,1
324679,324679,324681,2,0
324679,324679,324682,3,0
324679,324679,324683,4,0
324679,324681,324682,1,2
324679,324681,324682,1,2
324679,324679,324682,3,0
324679,324681,324683,2,2
324679,324679,324683,4,0
324679,324681,324683,2,2
324679,324681,324682,1,2
324679,324679,324684,5,0
324679,324679,324684,5,0
324679,324679,324684,5,0
324679,324679,324684,5,0
324679,324679,324684,5,0
324679,324679,324684,5,0
324679,324679,324684,5,0
324679,324679,324684,5,0
324679,324679,324683,4,0
324679,324679,324684,5,0
324679,324679,324684,5,0
324679,324679,324684,5,0
324679,324679,324683,4,0
324679,324682,324684,2,3
324679,324679,324685,6,0
324679,324683,324685,2,4
324679,324683,324685,2,4
324679,324683,324685,2,4
324679,324683,324684,1,4
324679,324683,324684,1,4
324679,324683,324684,1,4
324679,324684,324685,1,5
324679,324683,324684,1,4
324679,324684,324685,1,5
324679,324679,324686,7,0
324679,324684,324686,2,5
324679,324679,324685,6,0
324679,324679,324685,6,0
324679,324679,324686,7,0
324679,324684,324685,1,5
324679,324685,324686,1,6
324679,324679,324685,6,0
324679,324679,324686,7,0
324679,324679,324686,7,0
324679,324685,324686,1,6
324679,324679,324686,7,0
324679,324684,324686,2,5
324679,324684,324687,3,5
324679,324684,324687,3,5
324679,324679,324687,8,0
324679,324683,324687,4,4
324679,324684,324687,3,5
324679,324679,324686,7,0
324679,324683,324686,3,4
324679,324684,324687,3,5
324679,324684,324686,2,5
324679,324685,324687,2,6
324679,324679,324687,8,0
324679,324684,324686,2,5
324679,324684,324687,3,5
324679,324684,324687,3,5
324679,324684,324687,3,5
324679,324679,324686,7,0
324679,324679,324686,7,0
324679,324685,324686,1,6
324679,324685,324686,1,6
324679,324679,324688,9,0
324679,324679,324688,9,0
324679,324679,324688,9,0
324679,324679,324690,11,0
324679,324679,324691,12,0
324679,324679,324691,12,0
324679,324679,324692,13,0
324702,324703,324704,1,1
324702,324703,324704,1,1
324702,324703,324704,1,1
324702,324703,324704,1,1
324702,324703,324705,2,1
324702,324703,324705,2,1
324702,324703,324705,2,1
324702,324704,324705,1,2
324702,324705,324706,1,3
324702,324705,324706,1,3
324702,324703,324706,3,1
324702,324703,324706,3,1
324702,324703,324706,3,1
324702,324703,324706,3,1
324702,324705,324706,1,3
324702,324706,324707,1,4
324702,324703,324706,3,1
324702,324706,324707,1,4
324702,324703,324707,4,1
324702,324703,324708,5,1
324702,324706,324707,1,4
324702,324706,324707,1,4
324702,324706,324707,1,4
324702,324703,324708,5,1
324702,324703,324709,6,1
324702,324703,324708,5,1
324702,324703,324708,5,1
324702,324703,324709,6,1
324702,324706,324708,2,4
324702,324707,324708,1,5
324702,324703,324708,5,1
324702,324707,324708,1,5
324702,324703,324708,5,1
324702,324706,324709,3,4
324702,324703,324708,5,1
324702,324703,324709,6,1
324702,324708,324709,1,6
324702,324707,324708,1,5
324702,324708,324709,1,6
324702,324703,324709,6,1
324702,324707,324709,2,5
324702,324703,324709,6,1
324702,324703,324709,6,1
324702,324708,324709,1,6
324702,324707,324709,2,5
324702,324707,324709,2,5
324702,324707,324709,2,5
324702,324703,324709,6,1
324702,324703,324709,6,1
324702,324703,324709,6,1
324702,324703,324709,6,1
324702,324709,324710,1,7
324702,324703,324709,6,1
324702,324709,324710,1,7
324702,324709,324710,1,7
324702,324703,324710,7,1
324702,324708,324710,2,6
324702,324708,324710,2,6
324702,324703,324710,7,1
324702,324709,324711,2,7
324702,324703,324710,7,1
324702,324709,324710,1,7
324702,324703,324711,8,1
324702,324709,324710,1,7
324702,324703,324711,8,1
324702,324703,324712,9,1
324702,324707,324711,4,5
324702,324709,324711,2,7
324702,324709,324711,2,7
324702,324709,324711,2,7
324702,324709,324711,2,7
324702,324703,324712,9,1
324702,324703,324712,9,1
324702,324703,324712,9,1
324702,324703,324712,9,1
324702,324703,324713,10,1
324702,324703,324713,10,1
324724,324724,324725,1,0
324724,324724,324725,1,0
324724,324724,324725,1,0
324724,324724,324725,1,0
324724,324724,324726,2,0
324724,324724,324727,3,0
324724,324724,324726,2,0
324724,324724,324727,3,0
324724,324725,324726,1,1
324724,324724,324727,3,0
324724,324724,324728,4,0
324724,324724,324728,4,0
324724,324726,324728,2,2
324724,324724,324728,4,0
324724,324724,324727,3,0
324724,324726,324728,2,2
324724,324724,324728,4,0
324724,324727,324729,2,3
324724,324724,324729,5,0
324724,324726,324728,2,2
324724,324728,324729,1,4
324724,324724,324729,5,0
324724,324727,324728,1,3
324724,324724,324728,4,0
324724,324724,324729,5,0
324724,324727,324728,1,3
324724,324728,324729,1,4
324724,324724,324730,6,0
324724,324724,324729,5,0
324724,324729,324730,1,5
324724,324724,324730,6,0
324724,324729,324730,1,5
324724,324724,324730,6,0
324724,324729,324730,1,5
324724,324724,324730,6,0
324724,324724,324731,7,0
324724,324724,324730,6,0
324724,324728,324730,2,4
324724,324724,324730,6,0
324724,324729,324730,1,5
324724,324729,324730,1,5
324724,324730,324731,1,6
324724,324724,324731,7,0
324724,324727,324731,4,3
324724,324728,324731,3,4
324724,324727,324731,4,3
324724,324728,324730,2,4
324724,324724,324730,6,0
324724,324730,324731,1,6
324724,324730,324731,1,6
324724,324730,324731,1,6
324724,324729,324730,1,5
324724,324729,324730,1,5
324724,324729,324731,2,5
324724,324724,324732,8,0
324724,324724,324732,8,0
324724,324728,324731,3,4
324724,324730,324732,2,6
324724,324724,324732,8,0
324724,324728,324731,3,4
324724,324729,324732,3,5
324724,324724,324732,8,0
324724,324724,324731,7,0
324724,324724,324731,7,0
324724,324729,324731,2,5
324724,324724,324731,7,0
324724,324729,324731,2,5
324724,324724,324731,7,0
324724,324730,324731,1,6
324724,324724,324732,8,0
324724,324724,324732,8,0
324724,324731,324733,2,7
324724,324730,324732,2,6
324724,324724,324733,9,0
324724,324724,324734,10,0
324724,324724,324734,10,0
324724,324724,324734,10,0
324724,324724,324734,10,0
324724,324724,324736,12,0
324747,324747,324748,1,0
324747,324747,324748,1,0
324747,324747,324748,1,0
324747,324747,324749,2,0
324747,324747,324748,1,0
324747,324748,324750,2,1
324747,324747,324751,4,0
324747,324748,324751,3,1
324747,324747,324750,3,0
324747,324747,324751,4,0
324747,324748,324751,3,1
324747,324749,324751,2,2
324747,324747,324752,5,0
324747,324747,324751,4,0
324747,324747,324751,4,0
324747,324747,324752,5,0
324747,324749,324752,3,2
324747,324750,324752,2,3
324747,324747,324752,5,0
324747,324747,324751,4,0
324747,324747,324751,4,0
324747,324747,324753,6,0
324747,324747,324753,6,0
324747,324747,324753,6,0
324747,324747,324753,6,0
324747,324747,324752,5,0
324747,324747,324753,6,0
324747,324747,324753,6,0
324747,324747,324753,6,0
324747,324752,324753,1,5
324747,324751,324753,2,4
324747,324753,324754,1,6
324747,324747,324753,6,0
324747,324752,324753,1,5
324747,324747,324754,7,0
324747,324747,324754,7,0
324747,324752,324754,2,5
324747,324747,324754,7,0
324747,324747,324754,7,0
324747,324747,324754,7,0
324747,324752,324754,2,5
324747,324747,324754,7,0
324747,324754,324755,1,7
324747,324754,324755,1,7
324747,324747,324754,7,0
324747,324751,324754,3,4
324747,324753,324754,1,6
324747,324753,324754,1,6
324747,324754,324755,1,7
324747,324747,324754,7,0
324747,324747,324754,7,0
324747,324754,324755,1,7
324747,324754,324755,1,7
324747,324747,324755,8,0
324747,324747,324755,8,0
324747,324754,324755,1,7
324747,324747,324756,9,0
324747,324754,324755,1,7
324747,324754,324755,1,7
324747,324747,324756,9,0
324747,324751,324756,5,4
324747,324752,324756,4,5
324747,324747,324756,9,0
324747,324747,324756,9,0
324747,324747,324756,9,0
324747,324752,324756,4,5
324747,324753,324756,3,6
324747,324754,324756,2,7
324747,324754,324756,2,7
324747,324754,324756,2,7
324747,324754,324756,2,7
324747,324754,324756,2,7
324747,324747,324756,9,0
324747,324752,324757,5,5
324747,324754,324757,3,7
324747,324747,324758,11,0
324747,324747,324760,13,0
324747,324747,324760,13,0
324771,324771,324772,1,0
324771,324771,324772,1,0
324771,324771,324772,1,0
324771,324771,324772,1,0
324771,324771,324772,1,0
324771,324771,324774,3,0
324771,324771,324773,2,0
324771,324772,324773,1,1
324771,324771,324774,3,0
324771,324771,324774,3,0
324771,324771,324775,4,0
324771,324771,324775,4,0
324771,324771,324774,3,0
324771,324771,324774,3,0
324771,324771,324775,4,0
324771,324771,324774,3,0
324771,324772,324774,2,1
324771,324772,324775,3,1
324771,324771,324776,5,0
324771,324773,324775,2,2
324771,324771,324775,4,0
324771,324773,324775,2,2
324771,324771,324775,4,0
324771,324771,324776,5,0
324771,324774,324776,2,3
324771,324774,324776,2,3
324771,324771,324776,5,0
324771,324771,324777,6,0
324771,324774,324777,3,3
324771,324771,324776,5,0
324771,324771,324777,6,0
324771,324771,324777,6,0
324771,324771,324777,6,0
324771,324775,324777,2,4
324771,324774,324776,2,3
324771,324771,324777,6,0
324771,324771,324776,5,0
324771,324775,324776,1,4
324771,324776,324777,1,5
324771,324771,324777,6,0
324771,324776,324778,2,5
324771,324777,324778,1,6
324771,324775,324778,3,4
324771,324776,324777,1,5
324771,324771,324778,7,0
324771,324771,324778,7,0
324771,324771,324778,7,0
324771,324771,324777,6,0
324771,324771,324777,6,0
324771,324776,324778,2,5
324771,324775,324777,2,4
324771,324777,324778,1,6
324771,324777,324778,1,6
324771,324771,324778,7,0
324771,324771,324777,6,0
324771,324776,324777,1,5
324771,324777,324778,1,6
324771,324771,324779,8,0
324771,324777,324779,2,6
324771,324776,324779,3,5
324771,324771,324779,8,0
324771,324771,324779,8,0
324771,324771,324779,8,0
324771,324776,324778,2,5
324771,324777,324779,2,6
324771,324775,324778,3,4
324771,324771,324779,8,0
324771,324771,324778,7,0
324771,324776,324779,3,5
324771,324777,324779,2,6
324771,324771,324780,9,0
324771,324777,324779,2,6
324771,324775,324780,5,4
324771,324775,324779,4,4
324771,324777,324779,2,6
324771,324771,324779,8,0
324771,324775,324781,6,4
324771,324775,324781,6,4
324771,324771,324781,10,0
324793,324793,324794,1,0
324793,324793,324794,1,0
324793,324793,324794,1,0
324793,324793,324794,1,0
324793,324793,324794,1,0
324793,324793,324795,2,0
324793,324793,324797,4,0
324793,324793,324796,3,0
324793,324793,324797,4,0
324793,324793,324797,4,0
324793,324793,324796,3,0
324793,324793,324796,3,0
324793,324793,324796,3,0
324793,324795,324797,2,2
324793,324795,324796,1,2
324793,324795,324797,2,2
324793,324795,324796,1,2
324793,324795,324797,2,2
324793,324793,324798,5,0
324793,324793,324797,4,0
324793,324793,324798,5,0
324793,324793,324798,5,0
324793,324793,324797,4,0
324793,324793,324797,4,0
324793,324796,324798,2,3
324793,324797,324798,1,4
324793,324797,324799,2,4
324793,324793,324798,5,0
324793,324797,324799,2,4
324793,324793,324799,6,0
324793,324793,324799,6,0
324793,324793,324799,6,0
324793,324793,324800,7,0
324793,324793,324800,7,0
324793,324793,324800,7,0
324793,324793,324799,6,0
324793,324799,324800,1,6
324793,324797,324800,3,4
324793,324799,324800,1,6
324793,324793,324799,6,0
324793,324797,324799,2,4
324793,324798,324800,2,5
324793,324793,324799,6,0
324793,324799,324800,1,6
324793,324797,324800,3,4
324793,324793,324799,6,0
324793,324797,324800,3,4
324793,324798,324800,2,5
324793,324797,324800,3,4
324793,324797,324801,4,4
324793,324798,324800,2,5
324793,324798,324800,2,5
324793,324793,324801,8,0
324793,324793,324801,8,0
324793,324799,324800,1,6
324793,324798,324801,3,5
324793,324799,324801,2,6
324793,324798,324800,2,5
324793,324800,324801,1,7
324793,324798,324801,3,5
324793,324800,324801,1,7
324793,324800,324801,1,7
324793,324797,324801,4,4
324793,324798,324802,4,5
324793,324797,324802,5,4
324793,324793,324801,8,0
324793,324793,324801,8,0
324793,324793,324801,8,0
324793,324793,324801,8,0
324793,324800,324801,1,7
324793,324800,324802,2,7
324793,324793,324802,9,0
324793,324793,324804,11,0
324793,324793,324804,11,0
324793,324793,324804,11,0
324793,324793,324806,13,0
324793,324793,324807,14,0
324793,324793,324806,13,0
324793,324793,324808,15,0
324818,324818,324819,1,0
324818,324818,324819,1,0
324818,324818,324819,1,0
324818,324818,324819,1,0
324818,324818,324819,1,0
324818,324818,324820,2,0
324818,324818,324821,3,0
324818,324818,324821,3,0
324818,324819,324820,1,1
324818,324819,324820,1,1
324818,324819,324820,1,1
324818,324818,324821,3,0
324818,324820,324821,1,2
324818,324818,324821,3,0
324818,324818,324821,3,0
324818,324818,324821,3,0
324818,324820,324821,1,2
324818,324820,324821,1,2
324818,324821,324822,1,3
324818,324821,324823,2,3
324818,324821,324823,2,3
324818,324818,324824,6,0
324818,324818,324824,6,0
324818,324818,324823,5,0
324818,324818,324823,5,0
324818,324818,324824,6,0
324818,324818,324823,5,0
324818,324818,324823,5,0
324818,324818,324824,6,0
324818,324822,324823,1,4
324818,324818,324825,7,0
324818,324818,324824,6,0
324818,324821,324824,3,3
324818,324821,324824,3,3
324818,324818,324825,7,0
324818,324818,324824,6,0
324818,324822,324824,2,4
324818,324822,324824,2,4
324818,324822,324824,2,4
324818,324818,324824,6,0
324818,324823,324824,1,5
324818,324818,324825,7,0
324818,324818,324824,6,0
324818,324823,324824,1,5
324818,324824,324825,1,6
324818,324818,324825,7,0
324818,324818,324825,7,0
324818,324823,324824,1,5
324818,324824,324825,1,6
324818,324818,324825,7,0
324818,324824,324826,2,6
324818,324818,324825,7,0
324818,324824,324826,2,6
324818,324818,324826,8,0
324818,324825,324826,1,7
324818,324818,324826,8,0
324818,324824,324825,1,6
324818,324818,324825,7,0
324818,324824,324826,2,6
324818,324824,324826,2,6
324818,324824,324827,3,6
324818,324818,324827,9,0
324818,324824,324826,2,6
324818,324818,324826,8,0
324818,324825,324826,1,7
324818,324818,324826,8,0
324818,324825,324827,2,7
324818,324825,324827,2,7
324818,324825,324826,1,7
324818,324822,324826,4,4
324818,324822,324827,5,4
324818,324822,324827,5,4
324818,324818,324827,9,0
324818,324818,324830,12,0
324818,324818,324830,12,0
324818,324818,324838,20,0
324818,324818,324840,22,0
324818,324818,324839,21,0
324818,324818,324839,21,0
324849,324850,324851,1,1
324849,324850,324851,1,1
324849,324850,324851,1,1
324849,324849,324851,2,0
324849,324850,324851,1,1
324849,324850,324851,1,1
324849,324850,324853,3,1
324849,324850,324852,2,1
324849,324851,324852,1,2
324849,324851,324852,1,2
324849,324850,324853,3,1
324849,324850,324853,3,1
324849,324852,324853,1,3
324849,324850,324853,3,1
324849,324850,324853,3,1
324849,324852,324853,1,3
324849,324852,324853,1,3
324849,324850,324853,3,1
324849,324853,324854,1,4
324849,324853,324854,1,4
324849,324850,324854,4,1
324849,324850,324854,4,1
324849,324853,324855,2,4
324849,324850,324854,4,1
324849,324853,324854,1,4
324849,324854,324855,1,5
324849,324850,324855,5,1
324849,324850,324855,5,1
324849,324850,324855,5,1
324849,324853,324855,2,4
324849,324850,324856,6,1
324849,324850,324855,5,1
324849,324854,324855,1,5
324849,324850,324855,5,1
324849,324854,324856,2,5
324849,324850,324855,5,1
324849,324854,324855,1,5
324849,324850,324856,6,1
324849,324854,324855,1,5
324849,324855,324856,1,6
324849,324854,324855,1,5
324849,324855,324856,1,6
324849,324850,324856,6,1
324849,324850,324856,6,1
324849,324854,324856,2,5
324849,324850,324856,6,1
324849,324854,324856,2,5
324849,324850,324856,6,1
324849,324856,324857,1,7
324849,324850,324856,6,1
324849,324850,324856,6,1
324849,324850,324856,6,1
324849,324850,324857,7,1
324849,324854,324856,2,5
324849,324855,324857,2,6
324849,324850,324856,6,1
324849,324850,324857,7,1
324849,324850,324856,6,1
324849,324850,324857,7,1
324849,324855,324856,1,6
324849,324854,324857,3,5
324849,324855,324857,2,6
324849,324856,324858,2,7
324849,324856,324858,2,7
324849,324856,324857,1,7
324849,324850,324858,8,1
324849,324856,324857,1,7
324849,324856,324857,1,7
324849,324850,324857,7,1
324849,324856,324858,2,7
324849,324850,324858,8,1
324849,324855,324858,3,6
324849,324850,324859,9,1
324849,324850,324860,10,1
324849,324856,324859,3,7
324849,324850,324860,10,1
324849,324850,324863,13,1
324849,324850,324864,14,1
324874,324874,324875,1,0
324874,324874,324876,2,0
324874,324874,324875,1,0
324874,324874,324875,1,0
324874,324874,324875,1,0
324874,324874,324876,2,0
324874,324875,324877,2,1
324874,324876,324878,2,2
324874,324876,324878,2,2
324874,324876,324878,2,2
324874,324876,324878,2,2
324874,324874,324879,5,0
324874,324874,324878,4,0
324874,324874,324879,5,0
324874,324877,324879,2,3
324874,324878,324879,1,4
324874,324876,324879,3,2
324874,324874,324880,6,0
324874,324874,324879,5,0
324874,324874,324880,6,0
324874,324874,324879,5,0
324874,324874,324880,6,0
324874,324874,324880,6,0
324874,324874,324880,6,0
324874,324878,324880,2,4
324874,324874,324880,6,0
324874,324878,324880,2,4
324874,324874,324880,6,0
324874,324874,324880,6,0
324874,324878,324880,2,4
324874,324879,324880,1,5
324874,324874,324880,6,0
324874,324874,324881,7,0
324874,324874,324880,6,0
324874,324874,324881,7,0
324874,324874,324881,7,0
324874,324874,324881,7,0
324874,324879,324881,2,5
324874,324874,324881,7,0
324874,324874,324880,6,0
324874,324879,324881,2,5
324874,324880,324881,1,6
324874,324874,324881,7,0
324874,324879,324880,1,5
324874,324874,324881,7,0
324874,324874,324881,7,0
324874,324880,324881,1,6
324874,324880,324881,1,6
324874,324874,324881,7,0
324874,324880,324881,1,6
324874,324880,324881,1,6
324874,324874,324882,8,0
324874,324874,324882,8,0
324874,324879,324882,3,5
324874,324880,324882,2,6
324874,324880,324882,2,6
324874,324874,324882,8,0
324874,324880,324882,2,6
324874,324874,324882,8,0
324874,324874,324883,9,0
324874,324874,324882,8,0
324874,324880,324882,2,6
324874,324880,324883,3,6
324874,324874,324883,9,0
324874,324879,324883,4,5
324874,324880,324882,2,6
324874,324881,324883,2,7
324874,324881,324884,3,7
324874,324881,324884,3,7
324874,324874,324884,10,0
324874,324881,324884,3,7
324874,324880,324884,4,6
324874,324880,324883,3,6
324874,324880,324885,5,6
324874,324874,324886,12,0
324874,324874,324887,13,0
324874,324874,324887,13,0
324874,324874,324887,13,0
324874,324874,324888,14,0
324899,324899,324900,1,0
324899,324899,324900,1,0
324899,324899,324900,1,0
324899,324899,324900,1,0
324899,324899,324900,1,0
324899,324899,324900,1,0
324899,324900,324901,1,1
324899,324901,324902,1,2
324899,324901,324902,1,2
324899,324901,324903,2,2
324899,324901,324903,2,2
324899,324899,324903,4,0
324899,324899,324903,4,0
324899,324899,324903,4,0
324899,324899,324904,5,0
324899,324899,324904,5,0
324899,324899,324903,4,0
324899,324899,324903,4,0
324899,324899,324903,4,0
324899,324901,324903,2,2
324899,324902,324903,1,3
324899,324899,324903,4,0
324899,324899,324904,5,0
324899,324899,324904,5,0
324899,324899,324904,5,0
324899,324899,324904,5,0
324899,324899,324904,5,0
324899,324899,324904,5,0
324899,324899,324904,5,0
324899,324899,324904,5,0
324899,324903,324904,1,4
324899,324899,324904,5,0
324899,324899,324904,5,0
324899,324903,324904,1,4
324899,324903,324905,2,4
324899,324903,324905,2,4
324899,324899,324906,7,0
324899,324899,324906,7,0
324899,324899,324905,6,0
324899,324899,324905,6,0
324899,324904,324905,1,5
324899,324905,324906,1,6
324899,324899,324906,7,0
324899,324904,324905,1,5
324899,324904,324905,1,5
324899,324905,324906,1,6
324899,324899,324906,7,0
324899,324905,324907,2,6
324899,324899,324906,7,0
324899,324905,324907,2,6
324899,324904,324906,2,5
324899,324899,324906,7,0
324899,324905,324907,2,6
324899,324904,324907,3,5
324899,324904,324906,2,5
324899,324904,324906,2,5
324899,324905,324907,2,6
324899,324899,324906,7,0
324899,324899,324906,7,0
324899,324905,324906,1,6
324899,324905,324906,1,6
324899,324899,324906,7,0
324899,324899,324907,8,0
324899,324899,324906,7,0
324899,324905,324906,1,6
324899,324899,324908,9,0
324899,324904,324908,4,5
324899,324899,324907,8,0
324899,324904,324908,4,5
324899,324904,324907,3,5
324899,324905,324907,2,6
324899,324905,324908,3,6
324899,324905,324907,2,6
324899,324899,324907,8,0
324899,324899,324907,8,0
324899,324899,324908,9,0
324899,324905,324908,3,6
324899,324899,324908,9,0
324899,324904,324908,4,5
324919,324919,324920,1,0
324919,324919,324921,2,0
324919,324919,324921,2,0
324919,324919,324920,1,0
324919,324919,324921,2,0
324919,324919,324921,2,0
324919,324919,324922,3,0
324919,324920,324922,2,1
324919,324919,324923,4,0
324919,324921,324923,2,2
324919,324922,324923,1,3
324919,324922,324923,1,3
324919,324922,324923,1,3
324919,324919,324923,4,0
324919,324922,324923,1,3
324919,324919,324924,5,0
324919,324919,324924,5,0
324919,324919,324924,5,0
324919,324919,324924,5,0
324919,324919,324924,5,0
324919,324919,324924,5,0
324919,324919,324924,5,0
324919,324919,324924,5,0
324919,324923,324924,1,4
324919,324919,324925,6,0
324919,324919,324925,6,0
324919,324919,324925,6,0
324919,324919,324925,6,0
324919,324919,324925,6,0
324919,324919,324925,6,0
324919,324925,324926,1,6
324919,324925,324926,1,6
324919,324919,324925,6,0
324919,324924,324925,1,5
324919,324925,324926,1,6
324919,324919,324926,7,0
324919,324925,324926,1,6
324919,324919,324926,7,0
324919,324923,324926,3,4
324919,324919,324926,7,0
324919,324919,324926,7,0
324919,324919,324926,7,0
324919,324919,324926,7,0
324919,324919,324926,7,0
324919,324924,324926,2,5
324919,324919,324927,8,0
324919,324924,324926,2,5
324919,324925,324926,1,6
324919,324919,324926,7,0
324919,324923,324926,3,4
324919,324925,324927,2,6
324919,324919,324926,7,0
324919,324924,324926,2,5
324919,324926,324927,1,7
324919,324919,324926,7,0
324919,324924,324926,2,5
324919,324926,324927,1,7
324919,324919,324926,7,0
324919,324925,324926,1,6
324919,324926,324927,1,7
324919,324926,324927,1,7
324919,324919,324927,8,0
324919,324925,324927,2,6
324919,324926,324927,1,7
324919,324926,324927,1,7
324919,324926,324927,1,7
324919,324926,324927,1,7
324919,324925,324927,2,6
324919,324926,324928,2,7
324919,324926,324928,2,7
324919,324926,324928,2,7
324919,324919,324928,9,0
324919,324924,324929,5,5
324919,324919,324928,9,0
324919,324919,324930,11,0
324919,324919,324930,11,0
324919,324919,324931,12,0
324919,324919,324932,13,0
324919,324919,324935,16,0
324945,324945,324946,1,0
324945,324945,324946,1,0
324945,324945,324946,1,0
324945,324945,324947,2,0
324945,324945,324946,1,0
324945,324945,324946,1,0
324945,324945,324948,3,0
324945,324945,324948,3,0
324945,324945,324948,3,0
324945,324946,324948,2,1
324945,324947,324948,1,2
324945,324945,324949,4,0
324945,324945,324949,4,0
324945,324945,324948,3,0
324945,324947,324949,2,2
324945,324947,324949,2,2
324945,324945,324949,4,0
324945,324947,324949,2,2
324945,324947,324949,2,2
324945,324945,324950,5,0
324945,324945,324949,4,0
324945,324945,324949,4,0
324945,324945,324949,4,0
324945,324945,324950,5,0
324945,324948,324950,2,3
324945,324945,324949,4,0
324945,324945,324950,5,0
324945,324945,324950,5,0
324945,324948,324949,1,3
324945,324945,324950,5,0
324945,324949,324950,1,4
324945,324945,324950,5,0
324945,324945,324951,6,0
324945,324949,324951,2,4
324945,324950,324951,1,5
324945,324945,324950,5,0
324945,324945,324951,6,0
324945,324950,324951,1,5
324945,324945,324951,6,0
324945,324945,324950,5,0
324945,324945,324951,6,0
324945,324945,324951,6,0
324945,324945,324950,5,0
324945,324945,324951,6,0
324945,324949,324951,2,4
324945,324950,324951,1,5
324945,324948,324951,3,3
324945,324945,324951,6,0
324945,324948,324951,3,3
324945,324945,324951,6,0
324945,324949,324951,2,4
324945,324950,324951,1,5
324945,324945,324952,7,0
324945,324949,324951,2,4
324945,324945,324951,6,0
324945,324949,324952,3,4
324945,324950,324952,2,5
324945,324949,324951,2,4
324945,324950,324952,2,5
324945,324945,324952,7,0
324945,324951,324952,1,6
324945,324951,324952,1,6
324945,324951,324953,2,6
324945,324945,324953,8,0
324945,324949,324953,4,4
324945,324950,324953,3,5
324945,324945,324952,7,0
324945,324950,324953,3,5
324945,324950,324952,2,5
324945,324950,324953,3,5
324945,324945,324952,7,0
324945,324950,324953,3,5
324945,324950,324953,3,5
324945,324945,324953,8,0
324945,324951,324954,3,6
324945,324948,324953,5,3
324945,324945,324954,9,0
324945,324945,324955,10,0
324945,324945,324956,11,0
324967,324967,324968,1,0
324967,324967,324968,1,0
324967,324967,324968,1,0
324967,324967,324968,1,0
324967,324967,324968,1,0
324967,324967,324968,1,0
324967,324968,324969,1,1
324967,324968,324970,2,1
324967,324968,324970,2,1
324967,324968,324970,2,1
324967,324967,324971,4,0
324967,324969,324970,1,2
324967,324969,324970,1,2
324967,324967,324971,4,0
324967,324967,324971,4,0
324967,324970,324971,1,3
324967,324967,324972,5,0
324967,324970,324972,2,3
324967,324967,324971,4,0
324967,324967,324972,5,0
324967,324967,324972,5,0
324967,324967,324973,6,0
324967,324967,324972,5,0
324967,324971,324972,1,4
324967,324967,324972,5,0
324967,324971,324972,1,4
324967,324971,324972,1,4
324967,324971,324972,1,4
324967,324971,324972,1,4
324967,324967,324973,6,0
324967,324967,324973,6,0
324967,324967,324973,6,0
324967,324967,324973,6,0
324967,324967,324973,6,0
324967,324967,324973,6,0
324967,324967,324973,6,0
324967,324972,324973,1,5
324967,324973,324974,1,6
324967,324967,324974,7,0
324967,324972,324973,1,5
324967,324972,324973,1,5
324967,324973,324974,1,6
324967,324972,324973,1,5
324967,324973,324974,1,6
324967,324973,324974,1,6
324967,324967,324974,7,0
324967,324972,324974,2,5
324967,324972,324974,2,5
324967,324967,324974,7,0
324967,324967,324975,8,0
324967,324973,324974,1,6
324967,324967,324974,7,0
324967,324973,324974,1,6
324967,324973,324974,1,6
324967,324967,324974,7,0
324967,324973,324974,1,6
324967,324967,324974,7,0
324967,324967,324974,7,0
324967,324967,324975,8,0
324967,324967,324975,8,0
324967,324974,324976,2,7
324967,324973,324975,2,6
324967,324974,324976,2,7
324967,324967,324975,8,0
324967,324973,324975,2,6
324967,324967,324976,9,0
324967,324974,324976,2,7
324967,324967,324976,9,0
324967,324974,324977,3,7
324967,324974,324976,2,7
324967,324967,324978,11,0
324967,324967,324977,10,0
324967,324974,324977,3,7
324967,324967,324978,11,0
324967,324967,324979,12,0
324967,324967,324981,14,0
324967,324967,324983,16,0
324967,324967,324983,16,0
324967,324967,324986,19,0
324997,324997,324998,1,0
324997,324997,324998,1,0
324997,324997,324999,2,0
324997,324997,324998,1,0
324997,324997,324998,1,0
324997,324997,324999,2,0
324997,324997,325001,4,0
324997,324997,325001,4,0
324997,324998,325001,3,1
324997,324999,325001,2,2
324997,324999,325001,2,2
324997,324997,325000,3,0
324997,324998,325000,2,1
324997,324997,325002,5,0
324997,324999,325001,2,2
324997,324997,325002,5,0
324997,324999,325002,3,2
324997,325001,325002,1,4
324997,324997,325003,6,0
324997,324997,325003,6,0
324997,324997,325003,6,0
324997,325001,325003,2,4
324997,324997,325003,6,0
324997,325001,325003,2,4
324997,325001,325003,2,4
324997,324997,325003,6,0
324997,324997,325002,5,0
324997,325001,325003,2,4
324997,325001,325002,1,4
324997,325001,325003,2,4
324997,324997,325004,7,0
324997,324997,325004,7,0
324997,324997,325004,7,0
324997,324997,325004,7,0
324997,324997,325004,7,0
324997,325002,325004,2,5
324997,325003,325004,1,6
324997,324997,325004,7,0
324997,325003,325004,1,6
324997,324997,325004,7,0
324997,325004,325005,1,7
324997,324997,325004,7,0
324997,324997,325004,7,0
324997,325003,325004,1,6
324997,325004,325005,1,7
324997,325002,325004,2,5
324997,325004,325005,1,7
324997,324997,325004,7,0
324997,324997,325005,8,0
324997,324997,325005,8,0
324997,324997,325005,8,0
324997,325002,325005,3,5
324997,325003,325005,2,6
324997,324997,325005,8,0
324997,324997,325005,8,0
324997,324997,325005,8,0
324997,324997,325005,8,0
324997,325004,325005,1,7
324997,325004,325005,1,7
324997,325004,325005,1,7
324997,324997,325006,9,0
324997,324997,325006,9,0
324997,325003,325006,3,6
324997,325003,325006,3,6
324997,325004,325006,2,7
324997,325004,325007,3,7
324997,325004,325007,3,7
324997,325004,325007,3,7
324997,324997,325008,11,0
324997,324997,325010,13,0
324997,324997,325010,13,0
324997,324997,325011,14,0
324997,324997,325011,14,0
324997,324997,325013,16,0
324997,324997,325013,16,0
324997,324997,325015,18,0
325025,325025,325026,1,0
325025,325025,325026,1,0
325025,325025,325026,1,0
325025,325025,325026,1,0
325025,325025,325027,2,0
325025,325025,325027,2,0
325025,325027,325028,1,2
325025,325027,325028,1,2
325025,325026,325028,2,1
325025,325026,325028,2,1
325025,325026,325029,3,1
325025,325027,325028,1,2
325025,325025,325030,5,0
325025,325025,325030,5,0
325025,325025,325030,5,0
325025,325028,325029,1,3
325025,325025,325030,5,0
325025,325028,325030,2,3
325025,325028,325029,1,3
325025,325025,325031,6,0
325025,325025,325031,6,0
325025,325025,325031,6,0
325025,325025,325031,6,0
325025,325029,325031,2,4
325025,325025,325031,6,0
325025,325025,325031,6,0
325025,325025,325031,6,0
325025,325029,325030,1,4
325025,325025,325031,6,0
325025,325029,325030,1,4
325025,325030,325031,1,5
325025,325025,325032,7,0
325025,325025,325032,7,0
325025,325030,325032,2,5
325025,325025,325032,7,0
325025,325025,325031,6,0
325025,325025,325032,7,0
325025,325030,325031,1,5
325025,325025,325031,6,0
325025,325030,325032,2,5
325025,325031,325032,1,6
325025,325025,325032,7,0
325025,325030,325032,2,5
325025,325031,325032,1,6
325025,325031,325032,1,6
325025,325025,325031,6,0
325025,325030,325032,2,5
325025,325025,325033,8,0
325025,325025,325032,7,0
325025,325025,325033,8,0
325025,325031,325033,2,6
325025,325032,325033,1,7
325025,325032,325033,1,7
325025,325032,325033,1,7
325025,325032,325033,1,7
325025,325025,325033,8,0
325025,325031,325033,2,6
325025,325030,325033,3,5
325025,325025,325034,9,0
325025,325031,325034,3,6
325025,325032,325034,2,7
325025,325025,325034,9,0
325025,325025,325034,9,0
325025,325031,325034,3,6
325025,325025,325034,9,0
325025,325025,325035,10,0
325025,325025,325035,10,0
325025,325032,325034,2,7
325025,325032,325034,2,7
325025,325025,325035,10,0
325025,325025,325036,11,0
325025,325025,325036,11,0
325025,325025,325036,11,0
325025,325025,325037,12,0
325025,325025,325037,12,0
325025,325025,325037,12,0
325025,325025,325037,12,0
325048,325048,325049,1,0
325048,325048,325049,1,0
325048,325048,325049,1,0
325048,325048,325049,1,0
325048,325048,325049,1,0
325048,325048,325049,1,0
325048,325050,325051,1,2
325048,325050,325052,2,2
325048,325050,325051,1,2
325048,325050,325052,2,2
325048,325048,325052,4,0
325048,325048,325053,5,0
325048,325050,325052,2,2
325048,325050,325052,2,2
325048,325048,325052,4,0
325048,325048,325054,6,0
325048,325048,325054,6,0
325048,325048,325054,6,0
325048,325048,325054,6,0
325048,325052,325054,2,4
325048,325052,325054,2,4
325048,325052,325053,1,4
325048,325052,325053,1,4
325048,325048,325054,6,0
325048,325048,325054,6,0
325048,325048,325055,7,0
325048,325048,325055,7,0
325048,325048,325055,7,0
325048,325048,325054,6,0
325048,325053,325054,1,5
325048,325053,325054,1,5
325048,325048,325054,6,0
325048,325053,325054,1,5
325048,325048,325054,6,0
325048,325048,325054,6,0
325048,325053,325054,1,5
325048,325048,325054,6,0
325048,325048,325055,7,0
325048,325048,325056,8,0
325048,325048,325055,7,0
325048,325053,325056,3,5
325048,325048,325055,7,0
325048,325048,325055,7,0
325048,325048,325055,7,0
325048,325048,325056,8,0
325048,325054,325055,1,6
325048,325048,325056,8,0
325048,325048,325055,7,0
325048,325054,325055,1,6
325048,325055,325056,1,7
325048,325048,325055,7,0
325048,325054,325055,1,6
325048,325055,325056,1,7
325048,325055,325056,1,7
325048,325054,325055,1,6
325048,325054,325056,2,6
325048,325048,325057,9,0
325048,325048,325056,8,0
325048,325048,325056,8,0
325048,325054,325056,2,6
325048,325048,325056,8,0
325048,325048,325057,9,0
325048,325048,325057,9,0
325048,325048,325057,9,0
325048,325054,325057,3,6
325048,325054,325057,3,6
325048,325055,325056,1,7
325048,325055,325056,1,7
325048,325055,325056,1,7
325048,325055,325057,2,7
325048,325055,325056,1,7
325048,325048,325057,9,0
325048,325055,325057,2,7
325048,325055,325058,3,7
325048,325048,325058,10,0
325048,325055,325058,3,7
325048,325055,325058,3,7
325048,325048,325059,11,0
325048,325048,325060,12,0
325072,325072,325073,1,0
325072,325072,325073,1,0
325072,325072,325073,1,0
325072,325072,325073,1,0
325072,325072,325073,1,0
325072,325072,325073,1,0
325072,325073,325074,1,1
325072,325073,325074,1,1
325072,325072,325076,4,0
325072,325074,325076,2,2
325072,325072,325075,3,0
325072,325072,325075,3,0
325072,325074,325075,1,2
325072,325074,325075,1,2
325072,325074,325075,1,2
325072,325072,325076,4,0
325072,325072,325077,5,0
325072,325076,325077,1,4
325072,325075,325076,1,3
325072,325075,325076,1,3
325072,325072,325076,4,0
325072,325072,325077,5,0
325072,325076,325078,2,4
325072,325072,325077,5,0
325072,325076,325077,1,4
325072,325072,325077,5,0
325072,325076,325077,1,4
325072,325072,325077,5,0
325072,325072,325077,5,0
325072,325076,325077,1,4
325072,325076,325078,2,4
325072,325072,325078,6,0
325072,325072,325078,6,0
325072,325072,325079,7,0
325072,325077,325078,1,5
325072,325077,325078,1,5
325072,325077,325078,1,5
325072,325072,325078,6,0
325072,325077,325079,2,5
325072,325077,325079,2,5
325072,325072,325079,7,0
325072,325076,325079,3,4
325072,325072,325079,7,0
325072,325072,325079,7,0
325072,325072,325079,7,0
325072,325078,325079,1,6
325072,325078,325079,1,6
325072,325072,325079,7,0
325072,325078,325079,1,6
325072,325078,325079,1,6
325072,325079,325080,1,7
325072,325072,325079,7,0
325072,325072,325079,7,0
325072,325078,325079,1,6
325072,325079,325080,1,7
325072,325079,325080,1,7
325072,325079,325080,1,7
325072,325078,325079,1,6
325072,325078,325079,1,6
325072,325077,325080,3,5
325072,325078,325080,2,6
325072,325072,325080,8,0
325072,325072,325081,9,0
325072,325072,325081,9,0
325072,325078,325081,3,6
325072,325072,325081,9,0
325072,325079,325081,2,7
325072,325072,325082,10,0
325072,325072,325082,10,0
325072,325072,325082,10,0
325072,325072,325082,10,0
325072,325072,325083,11,0
325072,325072,325082,10,0
325072,325072,325082,10,0
325072,325072,325083,11,0
325072,325072,325083,11,0
325072,325072,325083,11,0
325072,325072,325083,11,0
325072,325072,325085,13,0
325097,325097,325098,1,0
325097,325097,325098,1,0
325097,325097,325098,1,0
325097,325097,325098,1,0
325097,325097,325098,1,0
325097,325097,325098,1,0
325097,325098,325099,1,1
325097,325097,325100,3,0
325097,325097,325100,3,0
325097,325097,325100,3,0
325097,325097,325100,3,0
325097,325099,325100,1,2
325097,325099,325101,2,2
325097,325099,325101,2,2
325097,325099,325100,1,2
325097,325097,325101,4,0
325097,325097,325101,4,0
325097,325097,325101,4,0
325097,325097,325101,4,0
325097,325099,325101,2,2
325097,325097,325101,4,0
325097,325097,325101,4,0
325097,325101,325102,1,4
325097,325100,325101,1,3
325097,325101,325102,1,4
325097,325097,325103,6,0
325097,325097,325102,5,0
325097,325097,325102,5,0
325097,325101,325102,1,4
325097,325097,325102,5,0
325097,325101,325103,2,4
325097,325101,325103,2,4
325097,325101,325102,1,4
325097,325101,325103,2,4
325097,325101,325104,3,4
325097,325097,325103,6,0
325097,325102,325103,1,5
325097,325103,325104,1,6
325097,325097,325104,7,0
325097,325103,325104,1,6
325097,325097,325103,6,0
325097,325097,325104,7,0
325097,325102,325103,1,5
325097,325102,325103,1,5
325097,325097,325103,6,0
325097,325097,325103,6,0
325097,325097,325103,6,0
325097,325097,325104,7,0
325097,325102,325103,1,5
325097,325102,325103,1,5
325097,325097,325104,7,0
325097,325102,325104,2,5
325097,325102,325105,3,5
325097,325097,325104,7,0
325097,325097,325104,7,0
325097,325103,325105,2,6
325097,325097,325104,7,0
325097,325103,325104,1,6
325097,325097,325104,7,0
325097,325103,325104,1,6
325097,325102,325105,3,5
325097,325097,325105,8,0
325097,325097,325106,9,0
325097,325104,325105,1,7
325097,325097,325105,8,0
325097,325102,325105,3,5
325097,325103,325105,2,6
325097,325102,325105,3,5
325097,325097,325105,8,0
325097,325103,325105,2,6
325097,325097,325106,9,0
325097,325103,325106,3,6
325097,325097,325107,10,0
325097,325097,325107,10,0
325097,325104,325106,2,7
325097,325097,325107,10,0
325097,325097,325108,11,0
325097,325097,325107,10,0
325097,325097,325109,12,0
325120,325120,325121,1,0
325120,325120,325121,1,0
325120,325120,325121,1,0
325120,325120,325121,1,0
325120,325120,325121,1,0
325120,325120,325121,1,0
325120,325120,325123,3,0
325120,325121,325123,2,1
325120,325121,325123,2,1
325120,325121,325123,2,1
325120,325120,325124,4,0
325120,325120,325124,4,0
325120,325120,325124,4,0
325120,325122,325124,2,2
325120,325120,325124,4,0
325120,325122,325124,2,2
325120,325122,325124,2,2
325120,325120,325124,4,0
325120,325120,325125,5,0
325120,325120,325125,5,0
325120,325123,325124,1,3
325120,325120,325125,5,0
325120,325120,325125,5,0
325120,325123,325124,1,3
325120,325124,325125,1,4
325120,325124,325125,1,4
325120,325120,325126,6,0
325120,325123,325126,3,3
325120,325120,325126,6,0
325120,325120,325125,5,0
325120,325120,325126,6,0
325120,325120,325125,5,0
325120,325123,325125,2,3
325120,325120,325125,5,0
325120,325124,325126,2,4
325120,325120,325126,6,0
325120,325124,325125,1,4
325120,325120,325127,7,0
325120,325120,325127,7,0
325120,325124,325127,3,4
325120,325125,325127,2,5
325120,325124,325127,3,4
325120,325120,325127,7,0
325120,325124,325127,3,4
325120,325120,325127,7,0
325120,325125,325126,1,5
325120,325125,325126,1,5
325120,325120,325127,7,0
325120,325120,325127,7,0
325120,325125,325126,1,5
325120,325126,325127,1,6
325120,325120,325127,7,0
325120,325125,325126,1,5
325120,325126,325127,1,6
325120,325125,325126,1,5
325120,325126,325127,1,6
325120,325120,325128,8,0
325120,325120,325127,7,0
325120,325126,325128,2,6
325120,325126,325128,2,6
325120,325120,325128,8,0
325120,325120,325127,7,0
325120,325126,325128,2,6
325120,325126,325128,2,6
325120,325120,325127,7,0
325120,325120,325128,8,0
325120,325126,325128,2,6
325120,325120,325128,8,0
325120,325120,325128,8,0
325120,325125,325128,3,5
325120,325120,325129,9,0
325120,325125,325129,4,5
325120,325125,325128,3,5
325120,325126,325128,2,6
325120,325120,325128,8,0
325120,325120,325129,9,0
325120,325120,325129,9,0
325120,325120,325131,11,0
325120,325120,325131,11,0
325142,325142,325143,1,0
325142,325142,325143,1,0
325142,325142,325143,1,0
325142,325142,325143,1,0
325142,325142,325143,1,0
325142,325142,325143,1,0
325142,325142,325145,3,0
325142,325144,325145,1,2
325142,325143,325145,2,1
325142,325144,325145,1,2
325142,325142,325146,4,0
325142,325142,325146,4,0
325142,325142,325145,3,0
325142,325144,325146,2,2
325142,325143,325145,2,1
325142,325142,325146,4,0
325142,325144,325146,2,2
325142,325142,325146,4,0
325142,325142,325146,4,0
325142,325142,325147,5,0
325142,325142,325147,5,0
325142,325142,325147,5,0
325142,325145,325147,2,3
325142,325142,325147,5,0
325142,325142,325147,5,0
325142,325142,325148,6,0
325142,325142,325147,5,0
325142,325142,325148,6,0
325142,325142,325148,6,0
325142,325146,325148,2,4
325142,325146,325148,2,4
325142,325142,325148,6,0
325142,325145,325147,2,3
325142,325146,325148,2,4
325142,325145,325148,3,3
325142,325145,325148,3,3
325142,325142,325149,7,0
325142,325142,325149,7,0
325142,325142,325149,7,0
325142,325142,325149,7,0
325142,325142,325149,7,0
325142,325146,325149,3,4
325142,325147,325149,2,5
325142,325146,325149,3,4
325142,325147,325149,2,5
325142,325142,325149,7,0
325142,325147,325149,2,5
325142,325148,325149,1,6
325142,325148,325149,1,6
325142,325147,325148,1,5
325142,325148,325149,1,6
325142,325147,325148,1,5
325142,325148,325149,1,6
325142,325148,325149,1,6
325142,325142,325149,7,0
325142,325142,325150,8,0
325142,325146,325150,4,4
325142,325142,325149,7,0
325142,325142,325150,8,0
325142,325142,325149,7,0
325142,325147,325150,3,5
325142,325148,325150,2,6
325142,325142,325150,8,0
325142,325148,325149,1,6
325142,325142,325150,8,0
325142,325148,325149,1,6
325142,325142,325151,9,0
325142,325146,325150,4,4
325142,325142,325151,9,0
325142,325142,325151,9,0
325142,325147,325151,4,5
325142,325148,325150,2,6
325142,325148,325150,2,6
325142,325142,325152,10,0
325142,325142,325151,9,0
325142,325142,325151,9,0
325142,325146,325151,5,4
325142,325142,325152,10,0
325142,325142,325152,10,0
325163,325163,325164,1,0
325163,325163,325165,2,0
325163,325163,325165,2,0
325163,325163,325165,2,0
325163,325163,325165,2,0
325163,325163,325164,1,0
325163,325165,325166,1,2
325163,325164,325166,2,1
325163,325163,325167,4,0
325163,325163,325167,4,0
325163,325165,325167,2,2
325163,325165,325167,2,2
325163,325163,325167,4,0
325163,325163,325168,5,0
325163,325165,325167,2,2
325163,325163,325168,5,0
325163,325165,325168,3,2
325163,325163,325169,6,0
325163,325163,325169,6,0
325163,325163,325169,6,0
325163,325163,325169,6,0
325163,325163,325169,6,0
325163,325167,325169,2,4
325163,325166,325169,3,3
325163,325168,325169,1,5
325163,325163,325169,6,0
325163,325163,325169,6,0
325163,325166,325169,3,3
325163,325163,325170,7,0
325163,325163,325170,7,0
325163,325163,325170,7,0
325163,325163,325170,7,0
325163,325163,325170,7,0
325163,325168,325170,2,5
325163,325168,325170,2,5
325163,325169,325170,1,6
325163,325163,325170,7,0
325163,325169,325170,1,6
325163,325167,325171,4,4
325163,325163,325171,8,0
325163,325163,325171,8,0
325163,325168,325171,3,5
325163,325170,325171,1,7
325163,325163,325171,8,0
325163,325163,325171,8,0
325163,325170,325171,1,7
325163,325163,325172,9,0
325163,325171,325172,1,8
325163,325163,325171,8,0
325163,325170,325171,1,7
325163,325170,325171,1,7
325163,325170,325171,1,7
325163,325170,325171,1,7
325163,325170,325171,1,7
325163,325163,325172,9,0
325163,325163,325172,9,0
325163,325169,325172,3,6
325163,325163,325172,9,0
325163,325163,325172,9,0
325163,325163,325172,9,0
325163,325168,325172,4,5
325163,325170,325172,2,7
325163,325163,325172,9,0
325163,325171,325172,1,8
325163,325171,325172,1,8
325163,325163,325172,9,0
325163,325163,325173,10,0
325163,325163,325173,10,0
325163,325169,325173,4,6
325163,325171,325173,2,8
325163,325169,325173,4,6
325163,325171,325173,2,8
325163,325169,325173,4,6
325163,325163,325173,10,0
325163,325163,325174,11,0
325163,325163,325175,12,0
325163,325163,325176,13,0
325163,325163,325176,13,0
325187,325187,325188,1,0
325187,325187,325189,2,0
325187,325187,325188,1,0
325187,325187,325189,2,0
325187,325187,325189,2,0
325187,325187,325189,2,0
325187,325188,325189,1,1
325187,325187,325190,3,0
325187,325187,325190,3,0
325187,325187,325191,4,0
325187,325187,325191,4,0
325187,325189,325191,2,2
325187,325187,325191,4,0
325187,325189,325190,1,2
325187,325189,325191,2,2
325187,325189,325192,3,2
325187,325187,325192,5,0
325187,325189,325192,3,2
325187,325189,325192,3,2
325187,325187,325193,6,0
325187,325187,325192,5,0
325187,325187,325193,6,0
325187,325187,325193,6,0
325187,325187,325193,6,0
325187,325187,325193,6,0
325187,325187,325193,6,0
325187,325187,325192,5,0
325187,325187,325192,5,0
325187,325187,325193,6,0
325187,325187,325193,6,0
325187,325191,325193,2,4
325187,325187,325193,6,0
325187,325191,325193,2,4
325187,325191,325193,2,4
325187,325187,325193,6,0
325187,325191,325193,2,4
325187,325187,325194,7,0
325187,325187,325194,7,0
325187,325187,325194,7,0
325187,325187,325194,7,0
325187,325192,325194,2,5
325187,325192,325194,2,5
325187,325187,325194,7,0
325187,325192,325194,2,5
325187,325187,325194,7,0
325187,325192,325194,2,5
325187,325194,325195,1,7
325187,325187,325195,8,0
325187,325190,325195,5,3
325187,325187,325195,8,0
325187,325191,325195,4,4
325187,325187,325195,8,0
325187,325193,325195,2,6
325187,325193,325195,2,6
325187,325193,325195,2,6
325187,325194,325195,1,7
325187,325187,325196,9,0
325187,325194,325195,1,7
325187,325194,325195,1,7
325187,325194,325195,1,7
325187,325194,325195,1,7
325187,325187,325196,9,0
325187,325187,325196,9,0
325187,325187,325196,9,0
325187,325190,325196,6,3
325187,325193,325196,3,6
325187,325193,325196,3,6
325187,325191,325196,5,4
325187,325193,325196,3,6
325187,325187,325196,9,0
325187,325193,325197,4,6
325187,325187,325197,10,0
325187,325187,325197,10,0
325187,325187,325198,11,0
325187,325193,325198,5,6
325187,325187,325199,12,0
325187,325187,325201,14,0
325212,325212,325214,2,0
325212,325212,325213,1,0
325212,325212,325214,2,0
325212,325213,325214,1,1
325212,325213,325214,1,1
325212,325213,325214,1,1
325212,325214,325216,2,2
325212,325215,325216,1,3
325212,325213,325217,4,1
325212,325214,325217,3,2
325212,325213,325217,4,1
325212,325213,325217,4,1
325212,325215,325217,2,3
325212,325213,325217,4,1
325212,325215,325217,2,3
325212,325215,325217,2,3
325212,325213,325217,4,1
325212,325213,325218,5,1
325212,325213,325219,6,1
325212,325213,325218,5,1
325212,325213,325218,5,1
325212,325217,325218,1,5
325212,325213,325218,5,1
325212,325216,325218,2,4
325212,325213,325219,6,1
325212,325213,325219,6,1
325212,325213,325219,6,1
325212,325213,325220,7,1
325212,325213,325219,6,1
325212,325213,325219,6,1
325212,325213,325219,6,1
325212,325218,325219,1,6
325212,325213,325219,6,1
325212,325218,325219,1,6
325212,325218,325219,1,6
325212,325213,325219,6,1
325212,325213,325219,6,1
325212,325218,325219,1,6
325212,325218,325219,1,6
325212,325219,325220,1,7
325212,325213,325220,7,1
325212,325213,325220,7,1
325212,325213,325220,7,1
325212,325213,325220,7,1
325212,325218,325220,2,6
325212,325220,325221,1,8
325212,325218,325220,2,6
325212,325219,325220,1,7
325212,325213,325220,7,1
325212,325218,325220,2,6
325212,325219,325220,1,7
325212,325220,325221,1,8
325212,325219,325220,1,7
325212,325213,325221,8,1
325212,325219,325220,1,7
325212,325213,325221,8,1
325212,325213,325222,9,1
325212,325220,325222,2,8
325212,325220,325222,2,8
325212,325213,325221,8,1
325212,325220,325221,1,8
325212,325220,325222,2,8
325212,325220,325221,1,8
325212,325213,325222,9,1
325212,325220,325222,2,8
325212,325220,325222,2,8
325212,325213,325222,9,1
325212,325219,325222,3,7
325212,325220,325222,2,8
325212,325218,325222,4,6
325212,325219,325222,3,7
325212,325213,325222,9,1
325212,325213,325223,10,1
325212,325220,325223,3,8
325212,325213,325223,10,1
325212,325213,325223,10,1
325212,325213,325224,11,1
325212,325213,325226,13,1
325212,325213,325228,15,1
325238,325238,325239,1,0
325238,325238,325239,1,0
325238,325238,325239,1,0
325238,325238,325239,1,0
325238,325238,325239,1,0
325238,325238,325240,2,0
325238,325238,325242,4,0
325238,325239,325241,2,1
325238,325239,325242,3,1
325238,325240,325242,2,2
325238,325238,325242,4,0
325238,325240,325241,1,2
325238,325238,325242,4,0
325238,325238,325242,4,0
325238,325240,325243,3,2
325238,325238,325243,5,0
325238,325238,325242,4,0
325238,325238,325242,4,0
325238,325238,325243,5,0
325238,325240,325242,2,2
325238,325238,325244,6,0
325238,325238,325244,6,0
325238,325238,325244,6,0
325238,325242,325244,2,4
325238,325242,325244,2,4
325238,325238,325244,6,0
325238,325238,325243,5,0
325238,325242,325244,2,4
325238,325238,325244,6,0
325238,325242,325244,2,4
325238,325238,325245,7,0
325238,325238,325245,7,0
325238,325238,325245,7,0
325238,325243,325245,2,5
325238,325242,325245,3,4
325238,325242,325244,2,4
325238,325243,325245,2,5
325238,325243,325245,2,5
325238,325243,325245,2,5
325238,325238,325245,7,0
325238,325243,325245,2,5
325238,325244,325245,1,6
325238,325243,325245,2,5
325238,325238,325245,7,0
325238,325238,325246,8,0
325238,325238,325245,7,0
325238,325238,325246,8,0
325238,325238,325245,7,0
325238,325238,325245,7,0
325238,325238,325246,8,0
325238,325238,325245,7,0
325238,325238,325246,8,0
325238,325243,325246,3,5
325238,325243,325245,2,5
325238,325244,325246,2,6
325238,325244,325246,2,6
325238,325244,325246,2,6
325238,325244,325246,2,6
325238,325245,325246,1,7
325238,325244,325246,2,6
325238,325244,325245,1,6
325238,325244,325245,1,6
325238,325244,325245,1,6
325238,325238,325247,9,0
325238,325238,325246,8,0
325238,325238,325247,9,0
325238,325244,325247,3,6
325238,325245,325246,1,7
325238,325245,325247,2,7
325238,325238,325248,10,0
325238,325238,325248,10,0
325238,325245,325248,3,7
325238,325245,325248,3,7
325238,325238,325249,11,0
325238,325238,325250,12,0
325238,325238,325249,11,0
325238,325238,325251,13,0
325238,325238,325251,13,0
325238,325238,325253,15,0
325264,325264,325266,2,0
325264,325264,325266,2,0
325264,325264,325266,2,0
325264,325264,325266,2,0
325264,325264,325266,2,0
325264,325264,325266,2,0
325264,325265,325267,2,1
325264,325266,325267,1,2
325264,325267,325268,1,3
325264,325265,325268,3,1
325264,325265,325268,3,1
325264,325267,325268,1,3
325264,325267,325268,1,3
325264,325267,325269,2,3
325264,325265,325269,4,1
325264,325265,325269,4,1
325264,325267,325269,2,3
325264,325265,325270,5,1
325264,325268,325269,1,4
325264,325268,325269,1,4
325264,325265,325270,5,1
325264,325265,325270,5,1
325264,325265,325270,5,1
325264,325265,325270,5,1
325264,325265,325270,5,1
325264,325269,325270,1,5
325264,325269,325271,2,5
325264,325269,325270,1,5
325264,325265,325271,6,1
325264,325265,325271,6,1
325264,325270,325272,2,6
325264,325270,325272,2,6
325264,325265,325271,6,1
325264,325269,325272,3,5
325264,325271,325272,1,7
325264,325265,325271,6,1
325264,325270,325271,1,6
325264,325270,325271,1,6
325264,325270,325271,1,6
325264,325265,325271,6,1
325264,325269,325271,2,5
325264,325270,325271,1,6
325264,325271,325272,1,7
325264,325265,325272,7,1
325264,325265,325272,7,1
325264,325265,325272,7,1
325264,325265,325272,7,1
325264,325265,325272,7,1
325264,325271,325272,1,7
325264,325265,325272,7,1
325264,325271,325272,1,7
325264,325265,325272,7,1
325264,325271,325272,1,7
325264,325271,325272,1,7
325264,325271,325272,1,7
325264,325264,325272,8,0
325264,325272,325273,1,8
325264,325272,325273,1,8
325264,325272,325273,1,8
325264,325265,325272,7,1
325264,325272,325273,1,8
325264,325272,325273,1,8
325264,325265,325273,8,1
325264,325265,325273,8,1
325264,325270,325273,3,6
325264,325265,325273,8,1
325264,325265,325273,8,1
325264,325269,325273,4,5
325264,325265,325273,8,1
325264,325265,325273,8,1
325264,325265,325273,8,1
325264,325272,325273,1,8
325264,325272,325273,1,8
325264,325265,325275,10,1
325264,325265,325275,10,1
325264,325265,325275,10,1
325264,325265,325276,11,1
325264,325265,325277,12,1
325264,325265,325279,14,1
325290,325290,325291,1,0
325290,325290,325291,1,0
325290,325290,325291,1,0
325290,325290,325292,2,0
325290,325290,325292,2,0
325290,325290,325292,2,0
325290,325292,325294,2,2
325290,325290,325294,4,0
325290,325291,325294,3,1
325290,325292,325294,2,2
325290,325290,325294,4,0
325290,325292,325294,2,2
325290,325292,325294,2,2
325290,325290,325295,5,0
325290,325292,325295,3,2
325290,325290,325295,5,0
325290,325290,325295,5,0
325290,325290,325295,5,0
325290,325294,325295,1,4
325290,325294,325295,1,4
325290,325290,325296,6,0
325290,325290,325296,6,0
325290,325294,325296,2,4
325290,325290,325296,6,0
325290,325294,325296,2,4
325290,325290,325296,6,0
325290,325290,325296,6,0
325290,325295,325296,1,5
325290,325294,325296,2,4
325290,325294,325296,2,4
325290,325295,325296,1,5
325290,325290,325297,7,0
325290,325290,325297,7,0
325290,325290,325297,7,0
325290,325295,325297,2,5
325290,325295,325297,2,5
325290,325290,325298,8,0
325290,325295,325297,2,5
325290,325297,325298,1,7
325290,325297,325298,1,7
325290,325297,325298,1,7
325290,325290,325298,8,0
325290,325290,325298,8,0
325290,325290,325298,8,0
325290,325290,325298,8,0
325290,325295,325298,3,5
325290,325296,325298,2,6
325290,325290,325298,8,0
325290,325295,325298,3,5
325290,325290,325298,8,0
325290,325290,325298,8,0
325290,325297,325298,1,7
325290,325297,325298,1,7
325290,325290,325298,8,0
325290,325297,325298,1,7
325290,325290,325298,8,0
325290,325297,325298,1,7
325290,325297,325298,1,7
325290,325290,325299,9,0
325290,325290,325299,9,0
325290,325290,325299,9,0
325290,325290,325299,9,0
325290,325298,325299,1,8
325290,325290,325300,10,0
325290,325297,325300,3,7
325290,325296,325300,4,6
325290,325290,325301,11,0
325290,325290,325301,11,0
325290,325290,325301,11,0
325290,325290,325301,11,0
325290,325297,325301,4,7
325290,325290,325302,12,0
325290,325290,325302,12,0
325290,325290,325302,12,0
325290,325290,325302,12,0
325290,325290,325302,12,0
325314,325314,325315,1,0
325314,325314,325315,1,0
325314,325314,325315,1,0
325314,325314,325315,1,0
325314,325314,325315,1,0
325314,325314,325315,1,0
325314,325314,325317,3,0
325314,325314,325318,4,0
325314,325314,325318,4,0
325314,325316,325317,1,2
325314,325316,325318,2,2
325314,325316,325317,1,2
325314,325314,325318,4,0
325314,325316,325317,1,2
325314,325314,325317,3,0
325314,325316,325317,1,2
325314,325316,325317,1,2
325314,325314,325319,5,0
325314,325314,325318,4,0
325314,325318,325319,1,4
325314,325314,325319,5,0
325314,325318,325320,2,4
325314,325314,325320,6,0
325314,325318,325320,2,4
325314,325318,325319,1,4
325314,325314,325319,5,0
325314,325318,325319,1,4
325314,325318,325319,1,4
325314,325318,325320,2,4
325314,325318,325319,1,4
325314,325319,325320,1,5
325314,325314,325320,6,0
325314,325314,325320,6,0
325314,325318,325320,2,4
325314,325318,325320,2,4
325314,325314,325320,6,0
325314,325318,325320,2,4
325314,325314,325321,7,0
325314,325314,325321,7,0
325314,325320,325321,1,6
325314,325320,325321,1,6
325314,325314,325321,7,0
325314,325314,325321,7,0
325314,325320,325321,1,6
325314,325314,325321,7,0
325314,325320,325321,1,6
325314,325320,325321,1,6
325314,325320,325321,1,6
325314,325320,325321,1,6
325314,325314,325322,8,0
325314,325314,325322,8,0
325314,325314,325321,7,0
325314,325314,325322,8,0
325314,325320,325322,2,6
325314,325320,325321,1,6
325314,325314,325321,7,0
325314,325320,325321,1,6
325314,325314,325322,8,0
325314,325320,325321,1,6
325314,325314,325323,9,0
325314,325319,325322,3,5
325314,325321,325323,2,7
325314,325314,325323,9,0
325314,325319,325322,3,5
325314,325321,325323,2,7
325314,325314,325323,9,0
325314,325314,325323,9,0
325314,325321,325323,2,7
325314,325314,325323,9,0
325314,325314,325324,10,0
325314,325321,325323,2,7
325314,325314,325323,9,0
325314,325314,325324,10,0
325314,325314,325325,11,0
325314,325314,325325,11,0
325314,325314,325327,13,0
325314,325314,325326,12,0
325314,325314,325326,12,0
325314,325314,325332,18,0
325343,325343,325344,1,0
325343,325343,325344,1,0
325343,325343,325344,1,0
325343,325343,325344,1,0
325343,325343,325345,2,0
325343,325343,325345,2,0
325343,325343,325344,1,0
325343,325344,325346,2,1
325343,325344,325346,2,1
325343,325343,325346,3,0
325343,325344,325346,2,1
325343,325343,325347,4,0
325343,325343,325347,4,0
325343,325343,325347,4,0
325343,325345,325347,2,2
325343,325345,325347,2,2
325343,325345,325347,2,2
325343,325345,325347,2,2
325343,325343,325347,4,0
325343,325343,325348,5,0
325343,325343,325348,5,0
325343,325343,325348,5,0
325343,325343,325348,5,0
325343,325346,325348,2,3
325343,325343,325348,5,0
325343,325346,325348,2,3
325343,325346,325348,2,3
325343,325346,325348,2,3
325343,325343,325349,6,0
325343,325343,325349,6,0
325343,325343,325349,6,0
325343,325347,325349,2,4
325343,325343,325349,6,0
325343,325348,325349,1,5
325343,325347,325349,2,4
325343,325347,325349,2,4
325343,325347,325349,2,4
325343,325348,325350,2,5
325343,325343,325349,6,0
325343,325349,325350,1,6
325343,325349,325350,1,6
325343,325343,325350,7,0
325343,325347,325350,3,4
325343,325347,325350,3,4
325343,325343,325350,7,0
325343,325343,325350,7,0
325343,325343,325350,7,0
325343,325349,325350,1,6
325343,325349,325350,1,6
325343,325343,325350,7,0
325343,325349,325351,2,6
325343,325348,325351,3,5
325343,325348,325351,3,5
325343,325343,325351,8,0
325343,325347,325351,4,4
325343,325348,325351,3,5
325343,325349,325351,2,6
325343,325350,325351,1,7
325343,325343,325351,8,0
325343,325343,325352,9,0
325343,325343,325352,9,0
325343,325343,325352,9,0
325343,325343,325353,10,0
325343,325343,325352,9,0
325343,325343,325353,10,0
325343,325343,325354,11,0
325343,325343,325354,11,0
325343,325343,325355,12,0
325343,325343,325355,12,0
325343,325343,325355,12,0
325343,325343,325358,15,0
325343,325343,325360,17,0
325343,325343,325361,18,0
325343,325343,325361,18,0
325371,325371,325372,1,0
325371,325371,325372,1,0
325371,325371,325372,1,0
325371,325371,325372,1,0
325371,325371,325372,1,0
325371,325371,325372,1,0
325371,325371,325374,3,0
325371,325371,325373,2,0
325371,325372,325373,1,1
325371,325371,325373,2,0
325371,325372,325374,2,1
325371,325371,325373,2,0
325371,325372,325373,1,1
325371,325371,325375,4,0
325371,325371,325374,3,0
325371,325371,325374,3,0
325371,325373,325375,2,2
325371,325373,325375,2,2
325371,325371,325374,3,0
325371,325371,325374,3,0
325371,325371,325375,4,0
325371,325374,325376,2,3
325371,325375,325376,1,4
325371,325373,325375,2,2
325371,325375,325376,1,4
325371,325374,325376,2,3
325371,325374,325376,2,3
325371,325374,325376,2,3
325371,325374,325376,2,3
325371,325375,325376,1,4
325371,325371,325377,6,0
325371,325371,325377,6,0
325371,325371,325377,6,0
325371,325371,325377,6,0
325371,325375,325376,1,4
325371,325375,325376,1,4
325371,325375,325377,2,4
325371,325371,325377,6,0
325371,325376,325377,1,5
325371,325375,325377,2,4
325371,325376,325377,1,5
325371,325376,325377,1,5
325371,325371,325377,6,0
325371,325374,325378,4,3
325371,325371,325377,6,0
325371,325371,325378,7,0
325371,325376,325377,1,5
325371,325376,325377,1,5
325371,325376,325377,1,5
325371,325376,325377,1,5
325371,325377,325378,1,6
325371,325377,325378,1,6
325371,325376,325377,1,5
325371,325376,325377,1,5
325371,325377,325379,2,6
325371,325371,325379,8,0
325371,325374,325379,5,3
325371,325376,325379,3,5
325371,325371,325379,8,0
325371,325371,325379,8,0
325371,325371,325379,8,0
325371,325371,325380,9,0
325371,325377,325379,2,6
325371,325371,325380,9,0
325371,325371,325380,9,0
325371,325371,325380,9,0
325371,325377,325380,3,6
325371,325371,325381,10,0
325371,325371,325382,11,0
325371,325371,325382,11,0
325371,325371,325382,11,0
325371,325371,325383,12,0
325371,325371,325383,12,0
325371,325371,325386,15,0
325371,325371,325387,16,0
325371,325371,325387,16,0
325371,325371,325387,16,0
325371,325371,325389,18,0
325371,325371,325390,19,0
325401,325401,325402,1,0
325401,325401,325402,1,0
325401,325401,325402,1,0
325401,325401,325402,1,0
325401,325401,325402,1,0
325401,325402,325403,1,1
325401,325401,325402,1,0
325401,325402,325403,1,1
325401,325401,325403,2,0
325401,325401,325403,2,0
325401,325401,325403,2,0
325401,325401,325403,2,0
325401,325401,325404,3,0
325401,325401,325404,3,0
325401,325401,325404,3,0
325401,325401,325404,3,0
325401,325401,325403,2,0
325401,325402,325403,1,1
325401,325401,325403,2,0
325401,325401,325404,3,0
325401,325401,325404,3,0
325401,325403,325404,1,2
325401,325401,325405,4,0
325401,325401,325404,3,0
325401,325403,325404,1,2
325401,325401,325405,4,0
325401,325403,325404,1,2
325401,325403,325404,1,2
325401,325403,325404,1,2
325401,325404,325405,1,3
325401,325404,325405,1,3
325401,325405,325406,1,4
325401,325404,325405,1,3
325401,325405,325406,1,4
325401,325405,325406,1,4
325401,325401,325406,5,0
325401,325405,325406,1,4
325401,325405,325406,1,4
325401,325404,325406,2,3
325401,325404,325406,2,3
325401,325401,325406,5,0
325401,325405,325406,1,4
325401,325405,325406,1,4
325401,325404,325406,2,3
325401,325404,325406,2,3
325401,325404,325406,2,3
325401,325405,325406,1,4
325401,325405,325406,1,4
325401,325401,325406,5,0
325401,325406,325407,1,5
325401,325405,325406,1,4
325401,325406,325407,1,5
325401,325406,325407,1,5
325401,325401,325407,6,0
325401,325405,325407,2,4
325401,325404,325407,3,3
325401,325404,325407,3,3
325401,325401,325407,6,0
325401,325404,325407,3,3
325401,325405,325407,2,4
325401,325406,325407,1,5
325401,325401,325409,8,0
325401,325401,325409,8,0
325401,325401,325409,8,0
325401,325401,325408,7,0
325401,325401,325409,8,0
325401,325401,325409,8,0
325401,325401,325409,8,0
325401,325401,325410,9,0
325401,325401,325410,9,0
325401,325401,325411,10,0
325401,325401,325411,10,0
325401,325401,325410,9,0
325401,325401,325411,10,0
325401,325401,325410,9,0
325401,325401,325411,10,0
325401,325401,325411,10,0
325401,325401,325413,12,0
325401,325401,325415,14,0
325425,325425,325426,1,0
325425,325425,325426,1,0
325425,325425,325426,1,0
325425,325425,325426,1,0
325425,325425,325426,1,0
325425,325425,325426,1,0
325425,325426,325427,1,1
325425,325425,325428,3,0
325425,325425,325428,3,0
325425,325425,325428,3,0
325425,325426,325427,1,1
325425,325425,325428,3,0
325425,325425,325428,3,0
325425,325425,325428,3,0
325425,325427,325429,2,2
325425,325427,325428,1,2
325425,325427,325428,1,2
325425,325425,325429,4,0
325425,325425,325428,3,0
325425,325427,325428,1,2
325425,325428,325429,1,3
325425,325427,325428,1,2
325425,325425,325429,4,0
325425,325425,325429,4,0
325425,325428,325430,2,3
325425,325425,325430,5,0
325425,325425,325430,5,0
325425,325425,325430,5,0
325425,325425,325430,5,0
325425,325428,325429,1,3
325425,325429,325430,1,4
325425,325429,325430,1,4
325425,325425,325431,6,0
325425,325425,325430,5,0
325425,325429,325431,2,4
325425,325425,325430,5,0
325425,325429,325430,1,4
325425,325425,325431,6,0
325425,325429,325431,2,4
325425,325429,325430,1,4
325425,325429,325430,1,4
325425,325425,325431,6,0
325425,325428,325431,3,3
325425,325430,325431,1,5
325425,325425,325430,5,0
325425,325425,325430,5,0
325425,325430,325431,1,5
325425,325429,325430,1,4
325425,325425,325432,7,0
325425,325425,325432,7,0
325425,325430,325432,2,5
325425,325425,325431,6,0
325425,325430,325432,2,5
325425,325425,325431,6,0
325425,325425,325431,6,0
325425,325425,325431,6,0
325425,325429,325432,3,4
325425,325429,325432,3,4
325425,325429,325431,2,4
325425,325425,325431,6,0
325425,325430,325432,2,5
325425,325425,325432,7,0
325425,325430,325431,1,5
325425,325431,325433,2,6
325425,325425,325433,8,0
325425,325431,325433,2,6
325425,325431,325433,2,6
325425,325430,325432,2,5
325425,325430,325432,2,5
325425,325425,325433,8,0
325425,325430,325433,3,5
325425,325430,325432,2,5
325425,325425,325433,8,0
325425,325425,325432,7,0
325425,325425,325433,8,0
325425,325425,325435,10,0
325425,325425,325435,10,0
325425,325425,325435,10,0
325425,325425,325438,13,0
325447,325447,325448,1,0
325447,325447,325448,1,0
325447,325447,325449,2,0
325447,325447,325449,2,0
325447,325447,325449,2,0
325447,325447,325449,2,0
325447,325448,325450,2,1
325447,325447,325450,3,0
325447,325449,325450,1,2
325447,325447,325450,3,0
325447,325448,325451,3,1
325447,325450,325451,1,3
325447,325448,325451,3,1
325447,325450,325451,1,3
325447,325448,325451,3,1
325447,325450,325451,1,3
325447,325450,325451,1,3
325447,325447,325451,4,0
325447,325447,325451,4,0
325447,325448,325451,3,1
325447,325450,325451,1,3
325447,325447,325452,5,0
325447,325448,325452,4,1
325447,325447,325452,5,0
325447,325447,325452,5,0
325447,325451,325452,1,4
325447,325452,325453,1,5
325447,325451,325452,1,4
325447,325452,325453,1,5
325447,325447,325453,6,0
325447,325448,325453,5,1
325447,325448,325453,5,1
325447,325448,325453,5,1
325447,325448,325453,5,1
325447,325451,325454,3,4
325447,325447,325453,6,0
325447,325447,325453,6,0
325447,325448,325453,5,1
325447,325452,325453,1,5
325447,325452,325453,1,5
325447,325452,325453,1,5
325447,325453,325454,1,6
325447,325452,325453,1,5
325447,325452,325453,1,5
325447,325453,325454,1,6
325447,325447,325454,7,0
325447,325451,325453,2,4
325447,325453,325454,1,6
325447,325452,325453,1,5
325447,325452,325453,1,5
325447,325453,325454,1,6
325447,325448,325454,6,1
325447,325448,325454,6,1
325447,325452,325454,2,5
325447,325453,325454,1,6
325447,325453,325454,1,6
325447,325453,325454,1,6
325447,325453,325454,1,6
325447,325447,325455,8,0
325447,325447,325456,9,0
325447,325452,325456,4,5
325447,325447,325455,8,0
325447,325454,325455,1,7
325447,325454,325456,2,7
325447,325447,325456,9,0
325447,325454,325456,2,7
325447,325454,325456,2,7
325447,325454,325456,2,7
325447,325447,325456,9,0
325447,325447,325457,10,0
325447,325447,325456,9,0
325447,325447,325456,9,0
325447,325448,325457,9,1
325447,325447,325458,11,0
325447,325447,325458,11,0
325447,325447,325459,12,0
325447,325448,325460,12,1
325447,325447,325460,13,0
325470,325470,325472,2,0
325470,325470,325472,2,0
325470,325470,325472,2,0
325470,325470,325472,2,0
325470,325470,325472,2,0
325470,325470,325472,2,0
325470,325471,325474,3,1
325470,325471,325474,3,1
325470,325471,325474,3,1
325470,325473,325474,1,3
325470,325471,325474,3,1
325470,325473,325474,1,3
325470,325473,325474,1,3
325470,325473,325474,1,3
325470,325473,325474,1,3
325470,325471,325475,4,1
325470,325471,325475,4,1
325470,325471,325475,4,1
325470,325473,325475,2,3
325470,325471,325475,4,1
325470,325471,325475,4,1
325470,325475,325476,1,5
325470,325471,325475,4,1
325470,325471,325475,4,1
325470,325471,325475,4,1
325470,325471,325476,5,1
325470,325475,325476,1,5
325470,325476,325477,1,6
325470,325475,325476,1,5
325470,325475,325476,1,5
325470,325476,325477,1,6
325470,325475,325476,1,5
325470,325475,325476,1,5
325470,325476,325477,1,6
325470,325471,325477,6,1
325470,325476,325477,1,6
325470,325476,325477,1,6
325470,325476,325477,1,6
325470,325471,325477,6,1
325470,325476,325477,1,6
325470,325476,325477,1,6
325470,325477,325478,1,7
325470,325477,325478,1,7
325470,325477,325478,1,7
325470,325476,325478,2,6
325470,325476,325478,2,6
325470,325471,325479,8,1
325470,325475,325478,3,5
325470,325471,325478,7,1
325470,325475,325478,3,5
325470,325471,325479,8,1
325470,325471,325478,7,1
325470,325477,325478,1,7
325470,325477,325478,1,7
325470,325471,325478,7,1
325470,325477,325478,1,7
325470,325477,325478,1,7
325470,325477,325478,1,7
325470,325477,325478,1,7
325470,325471,325479,8,1
325470,325471,325479,8,1
325470,325475,325479,4,5
325470,325471,325480,9,1
325470,325471,325479,8,1
325470,325478,325479,1,8
325470,325471,325479,8,1
325470,325471,325479,8,1
325470,325471,325480,9,1
325470,325471,325480,9,1
325470,325471,325480,9,1
325470,325471,325480,9,1
325470,325471,325480,9,1
325470,325471,325481,10,1
325470,325471,325481,10,1
325470,325471,325483,12,1
325470,325471,325485,14,1
325470,325471,325484,13,1
325470,325471,325486,15,1
325470,325471,325491,20,1
325501,325502,325503,1,1
325501,325502,325503,1,1
325501,325502,325503,1,1
325501,325502,325503,1,1
325501,325502,325503,1,1
325501,325502,325503,1,1
325501,325504,325506,2,3
325501,325504,325505,1,3
325501,325502,325506,4,1
325501,325502,325506,4,1
325501,325502,325506,4,1
325501,325502,325506,4,1
325501,325504,325506,2,3
325501,325502,325506,4,1
325501,325504,325506,2,3
325501,325504,325506,2,3
325501,325504,325506,2,3
325501,325502,325506,4,1
325501,325502,325506,4,1
325501,325502,325508,6,1
325501,325502,325507,5,1
325501,325502,325507,5,1
325501,325502,325508,6,1
325501,325502,325507,5,1
325501,325502,325507,5,1
325501,325502,325507,5,1
325501,325507,325508,1,6
325501,325506,325507,1,5
325501,325507,325508,1,6
325501,325502,325507,5,1
325501,325507,325508,1,6
325501,325507,325508,1,6
325501,325502,325507,5,1
325501,325506,325507,1,5
325501,325507,325508,1,6
325501,325502,325509,7,1
325501,325502,325508,6,1
325501,325507,325508,1,6
325501,325507,325508,1,6
325501,325502,325508,6,1
325501,325508,325509,1,7
325501,325507,325508,1,6
325501,325508,325509,1,7
325501,325508,325509,1,7
325501,325502,325509,7,1
325501,325508,325509,1,7
325501,325508,325509,1,7
325501,325508,325510,2,7
325501,325502,325509,7,1
325501,325502,325509,7,1
325501,325508,325510,2,7
325501,325502,325510,8,1
325501,325507,325509,2,6
325501,325507,325509,2,6
325501,325508,325509,1,7
325501,325502,325510,8,1
325501,325502,325509,7,1
325501,325508,325509,1,7
325501,325508,325509,1,7
325501,325508,325509,1,7
325501,325508,325509,1,7
325501,325502,325509,7,1
325501,325508,325509,1,7
325501,325508,325509,1,7
325501,325502,325510,8,1
325501,325502,325511,9,1
325501,325507,325510,3,6
325501,325502,325510,8,1
325501,325508,325510,2,7
325501,325508,325510,2,7
325501,325502,325511,9,1
325501,325502,325511,9,1
325501,325502,325511,9,1
325501,325502,325511,9,1
325501,325502,325511,9,1
325501,325502,325513,11,1
325501,325502,325512,10,1
325501,325502,325512,10,1
325501,325502,325513,11,1
325524,325524,325525,1,0
325524,325524,325525,1,0
325524,325524,325525,1,0
325524,325524,325525,1,0
325524,325524,325526,2,0
325524,325524,325525,1,0
325524,325524,325527,3,0
325524,325525,325527,2,1
325524,325525,325527,2,1
325524,325524,325528,4,0
325524,325524,325528,4,0
325524,325526,325528,2,2
325524,325526,325528,2,2
325524,325527,325528,1,3
325524,325524,325529,5,0
325524,325524,325529,5,0
325524,325526,325529,3,2
325524,325524,325529,5,0
325524,325524,325528,4,0
325524,325524,325528,4,0
325524,325524,325529,5,0
325524,325527,325529,2,3
325524,325524,325529,5,0
325524,325526,325529,3,2
325524,325528,325529,1,4
325524,325524,325529,5,0
325524,325524,325529,5,0
325524,325528,325529,1,4
325524,325524,325530,6,0
325524,325529,325530,1,5
325524,325529,325530,1,5
325524,325524,325530,6,0
325524,325529,325530,1,5
325524,325529,325530,1,5
325524,325524,325530,6,0
325524,325528,325529,1,4
325524,325529,325530,1,5
325524,325524,325530,6,0
325524,325528,325530,2,4
325524,325529,325530,1,5
325524,325524,325529,5,0
325524,325529,325530,1,5
325524,325524,325531,7,0
325524,325524,325530,6,0
325524,325524,325531,7,0
325524,325527,325531,4,3
325524,325528,325531,3,4
325524,325530,325531,1,6
325524,325530,325531,1,6
325524,325524,325531,7,0
325524,325530,325531,1,6
325524,325529,325531,2,5
325524,325529,325531,2,5
325524,325524,325531,7,0
325524,325529,325532,3,5
325524,325524,325532,8,0
325524,325529,325532,3,5
325524,325524,325532,8,0
325524,325529,325531,2,5
325524,325524,325532,8,0
325524,325530,325532,2,6
325524,325530,325532,2,6
325524,325531,325532,1,7
325524,325531,325532,1,7
325524,325524,325533,9,0
325524,325524,325533,9,0
325524,325524,325533,9,0
325524,325524,325533,9,0
325524,325529,325533,4,5
325524,325524,325534,10,0
325524,325524,325534,10,0
325524,325524,325534,10,0
325524,325524,325534,10,0
325524,325524,325534,10,0
325524,325524,325535,11,0
325524,325524,325536,12,0
325524,325524,325537,13,0
325524,325524,325540,16,0
325551,325551,325552,1,0
325551,325551,325552,1,0
325551,325551,325552,1,0
325551,325551,325553,2,0
325551,325551,325552,1,0
325551,325551,325552,1,0
325551,325551,325554,3,0
325551,325551,325554,3,0
325551,325551,325554,3,0
325551,325551,325554,3,0
325551,325552,325554,2,1
325551,325551,325555,4,0
325551,325553,325555,2,2
325551,325553,325554,1,2
325551,325553,325555,2,2
325551,325553,325555,2,2
325551,325552,325555,3,1
325551,325551,325555,4,0
325551,325551,325556,5,0
325551,325551,325556,5,0
325551,325551,325556,5,0
325551,325551,325555,4,0
325551,325555,325556,1,4
325551,325551,325556,5,0
325551,325551,325555,4,0
325551,325554,325556,2,3
325551,325551,325555,4,0
325551,325554,325555,1,3
325551,325555,325556,1,4
325551,325551,325557,6,0
325551,325551,325557,6,0
325551,325554,325556,2,3
325551,325551,325557,6,0
325551,325551,325556,5,0
325551,325555,325557,2,4
325551,325554,325557,3,3
325551,325551,325557,6,0
325551,325551,325557,6,0
325551,325556,325557,1,5
325551,325555,325557,2,4
325551,325555,325557,2,4
325551,325556,325557,1,5
325551,325556,325557,1,5
325551,325551,325557,6,0
325551,325556,325557,1,5
325551,325557,325558,1,6
325551,325556,325558,2,5
325551,325554,325558,4,3
325551,325551,325558,7,0
325551,325557,325558,1,6
325551,325557,325558,1,6
325551,325551,325558,7,0
325551,325556,325558,2,5
325551,325556,325559,3,5
325551,325551,325558,7,0
325551,325556,325559,3,5
325551,325551,325559,8,0
325551,325557,325559,2,6
325551,325556,325559,3,5
325551,325557,325559,2,6
325551,325551,325559,8,0
325551,325551,325560,9,0
325551,325551,325560,9,0
325551,325551,325560,9,0
325551,325551,325560,9,0
325551,325557,325560,3,6
325551,325551,325560,9,0
325551,325551,325561,10,0
325551,325551,325560,9,0
325551,325551,325561,10,0
325551,325551,325560,9,0
325551,325557,325561,4,6
325551,325551,325561,10,0
325551,325551,325561,10,0
325551,325551,325561,10,0
325551,325551,325563,12,0
325551,325555,325569,14,4
325551,325556,325570,14,5
325580,325580,325582,2,0
325580,325580,325582,2,0
325580,325580,325582,2,0
325580,325580,325582,2,0
325580,325580,325582,2,0
325580,325580,325582,2,0
325580,325581,325583,2,1
325580,325581,325583,2,1
325580,325583,325584,1,3
325580,325581,325584,3,1
325580,325581,325584,3,1
325580,325581,325584,3,1
325580,325581,325584,3,1
325580,325583,325584,1,3
325580,325583,325584,1,3
325580,325583,325584,1,3
325580,325583,325584,1,3
325580,325581,325585,4,1
325580,325581,325585,4,1
325580,325580,325585,5,0
325580,325581,325585,4,1
325580,325585,325586,1,5
325580,325581,325585,4,1
325580,325585,325586,1,5
325580,325585,325586,1,5
325580,325581,325585,4,1
325580,325581,325585,4,1
325580,325584,325585,1,4
325580,325581,325585,4,1
325580,325584,325585,1,4
325580,325585,325586,1,5
325580,325584,325586,2,4
325580,325581,325586,5,1
325580,325581,325586,5,1
325580,325581,325586,5,1
325580,325585,325586,1,5
325580,325586,325587,1,6
325580,325586,325587,1,6
325580,325586,325587,1,6
325580,325586,325587,1,6
325580,325586,325587,1,6
325580,325581,325587,6,1
325580,325581,325587,6,1
325580,325581,325587,6,1
325580,325586,325587,1,6
325580,325584,325587,3,4
325580,325585,325587,2,5
325580,325586,325587,1,6
325580,325586,325587,1,6
325580,325586,325587,1,6
325580,325586,325587,1,6
325580,325586,325587,1,6
325580,325581,325587,6,1
325580,325586,325587,1,6
325580,325586,325587,1,6
325580,325586,325587,1,6
325580,325581,325588,7,1
325580,325587,325589,2,7
325580,325585,325588,3,5
325580,325587,325589,2,7
325580,325581,325588,7,1
325580,325581,325589,8,1
325580,325581,325589,8,1
325580,325581,325589,8,1
325580,325581,325589,8,1
325580,325581,325590,9,1
325580,325587,325589,2,7
325580,325581,325589,8,1
325580,325581,325589,8,1
325580,325581,325589,8,1
325580,325585,325590,5,5
325580,325581,325590,9,1
325580,325581,325591,10,1
325580,325581,325592,11,1
325580,325581,325592,11,1
325580,325581,325594,13,1
325580,325581,325595,14,1
325580,325581,325596,15,1
325606,325606,325607,1,0
325606,325606,325607,1,0
325606,325606,325607,1,0
325606,325606,325607,1,0
325606,325606,325607,1,0
325606,325606,325607,1,0
325606,325606,325609,3,0
325606,325606,325609,3,0
325606,325607,325609,2,1
325606,325606,325609,3,0
325606,325608,325610,2,2
325606,325607,325609,2,1
325606,325608,325609,1,2
325606,325609,325610,1,3
325606,325609,325610,1,3
325606,325606,325611,5,0
325606,325606,325611,5,0
325606,325606,325611,5,0
325606,325606,325611,5,0
325606,325606,325611,5,0
325606,325608,325611,3,2
325606,325610,325611,1,4
325606,325608,325611,3,2
325606,325606,325611,5,0
325606,325609,325611,2,3
325606,325610,325611,1,4
325606,325606,325611,5,0
325606,325606,325612,6,0
325606,325606,325612,6,0
325606,325610,325611,1,4
325606,325609,325611,2,3
325606,325611,325612,1,5
325606,325610,325611,1,4
325606,325611,325612,1,5
325606,325611,325612,1,5
325606,325606,325612,6,0
325606,325610,325611,1,4
325606,325611,325612,1,5
325606,325606,325612,6,0
325606,325611,325612,1,5
325606,325606,325612,6,0
325606,325611,325613,2,5
325606,325611,325613,2,5
325606,325611,325612,1,5
325606,325612,325613,1,6
325606,325612,325613,1,6
325606,325606,325613,7,0
325606,325606,325613,7,0
325606,325606,325612,6,0
325606,325606,325612,6,0
325606,325612,325613,1,6
325606,325611,325612,1,5
325606,325611,325612,1,5
325606,325606,325613,7,0
325606,325606,325613,7,0
325606,325611,325613,2,5
325606,325606,325614,8,0
325606,325606,325614,8,0
325606,325612,325613,1,6
325606,325612,325614,2,6
325606,325612,325613,1,6
325606,325612,325613,1,6
325606,325606,325615,9,0
325606,325612,325614,2,6
325606,325612,325614,2,6
325606,325606,325614,8,0
325606,325606,325614,8,0
325606,325606,325615,9,0
325606,325606,325616,10,0
325606,325606,325616,10,0
325606,325606,325617,11,0
325606,325606,325616,10,0
325606,325606,325616,10,0
325606,325606,325617,11,0
325606,325606,325618,12,0
325606,325606,325619,13,0
325606,325606,325620,14,0
325606,325606,325621,15,0
325606,325606,325621,15,0
325631,325631,325632,1,0
325631,325631,325632,1,0
325631,325631,325632,1,0
325631,325631,325632,1,0
325631,325631,325632,1,0
325631,325631,325632,1,0
325631,325631,325633,2,0
325631,325631,325633,2,0
325631,325632,325634,2,1
325631,325631,325634,3,0
325631,325633,325635,2,2
325631,325631,325634,3,0
325631,325633,325635,2,2
325631,325631,325635,4,0
325631,325632,325634,2,1
325631,325633,325634,1,2
325631,325633,325635,2,2
325631,325631,325636,5,0
325631,325631,325636,5,0
325631,325631,325636,5,0
325631,325634,325636,2,3
325631,325635,325636,1,4
325631,325635,325636,1,4
325631,325635,325636,1,4
325631,325634,325636,2,3
325631,325631,325637,6,0
325631,325631,325637,6,0
325631,325631,325637,6,0
325631,325634,325636,2,3
325631,325635,325636,1,4
325631,325631,325636,5,0
325631,325635,325636,1,4
325631,325636,325637,1,5
325631,325631,325636,5,0
325631,325631,325637,6,0
325631,325635,325636,1,4
325631,325636,325637,1,5
325631,325631,325636,5,0
325631,325631,325637,6,0
325631,325635,325636,1,4
325631,325636,325637,1,5
325631,325631,325638,7,0
325631,325631,325638,7,0
325631,325631,325638,7,0
325631,325631,325638,7,0
325631,325636,325637,1,5
325631,325636,325638,2,5
325631,325637,325638,1,6
325631,325631,325637,6,0
325631,325637,325638,1,6
325631,325637,325638,1,6
325631,325631,325638,7,0
325631,325637,325638,1,6
325631,325637,325638,1,6
325631,325637,325638,1,6
325631,325631,325639,8,0
325631,325631,325639,8,0
325631,325631,325639,8,0
325631,325631,325639,8,0
325631,325636,325638,2,5
325631,325636,325638,2,5
325631,325636,325638,2,5
325631,325631,325638,7,0
325631,325635,325639,4,4
325631,325637,325639,2,6
325631,325631,325638,7,0
325631,325637,325638,1,6
325631,325637,325638,1,6
325631,325631,325640,9,0
325631,325631,325639,8,0
325631,325637,325639,2,6
325631,325631,325640,9,0
325631,325631,325640,9,0
325631,325631,325641,10,0
325631,325631,325641,10,0
325631,325631,325641,10,0
325631,325631,325642,11,0
325631,325631,325643,12,0
325631,325631,325646,15,0
325653,325653,325655,2,0
325653,325653,325655,2,0
325653,325653,325655,2,0
325653,325653,325655,2,0
325653,325653,325655,2,0
325653,325653,325655,2,0
325653,325653,325655,2,0
325653,325654,325657,3,1
325653,325654,325657,3,1
325653,325656,325657,1,3
325653,325656,325657,1,3
325653,325653,325657,4,0
325653,325654,325657,3,1
325653,325656,325657,1,3
325653,325654,325658,4,1
325653,325656,325657,1,3
325653,325656,325658,2,3
325653,325656,325657,1,3
325653,325654,325658,4,1
325653,325656,325658,2,3
325653,325658,325659,1,5
325653,325653,325658,5,0
325653,325658,325659,1,5
325653,325653,325659,6,0
325653,325654,325659,5,1
325653,325654,325659,5,1
325653,325653,325659,6,0
325653,325654,325659,5,1
325653,325658,325659,1,5
325653,325653,325659,6,0
325653,325658,325659,1,5
325653,325659,325660,1,6
325653,325658,325659,1,5
325653,325659,325660,1,6
325653,325659,325660,1,6
325653,325653,325659,6,0
325653,325658,325659,1,5
325653,325658,325659,1,5
325653,325659,325660,1,6
325653,325658,325659,1,5
325653,325658,325659,1,5
325653,325653,325660,7,0
325653,325654,325660,6,1
325653,325654,325661,7,1
325653,325654,325660,6,1
325653,325660,325661,1,7
325653,325660,325661,1,7
325653,325660,325661,1,7
325653,325659,325660,1,6
325653,325660,325661,1,7
325653,325654,325660,6,1
325653,325660,325661,1,7
325653,325660,325661,1,7
325653,325654,325660,6,1
325653,325654,325661,7,1
325653,325654,325661,7,1
325653,325653,325662,9,0
325653,325654,325661,7,1
325653,325654,325661,7,1
325653,325658,325661,3,5
325653,325654,325661,7,1
325653,325654,325661,7,1
325653,325660,325661,1,7
325653,325654,325661,7,1
325653,325658,325661,3,5
325653,325660,325661,1,7
325653,325653,325661,8,0
325653,325660,325661,1,7
325653,325660,325661,1,7
325653,325660,325661,1,7
325653,325660,325662,2,7
325653,325654,325663,9,1
325653,325654,325663,9,1
325653,325653,325663,10,0
325653,325654,325663,9,1
325653,325654,325665,11,1
325653,325654,325665,11,1
325653,325653,325665,12,0
325653,325654,325667,13,1
325675,325675,325676,1,0
325675,325675,325677,2,0
325675,325675,325677,2,0
325675,325675,325677,2,0
325675,325675,325677,2,0
325675,325675,325677,2,0
325675,325675,325678,3,0
325675,325675,325678,3,0
325675,325677,325678,1,2
325675,325675,325679,4,0
325675,325675,325679,4,0
325675,325675,325679,4,0
325675,325675,325679,4,0
325675,325676,325679,3,1
325675,325675,325679,4,0
325675,325678,325679,1,3
325675,325675,325679,4,0
325675,325675,325679,4,0
325675,325678,325679,1,3
325675,325678,325679,1,3
325675,325675,325680,5,0
325675,325675,325680,5,0
325675,325675,325680,5,0
325675,325675,325680,5,0
325675,325675,325680,5,0
325675,325675,325680,5,0
325675,325679,325680,1,4
325675,325675,325680,5,0
325675,325678,325680,2,3
325675,325675,325680,5,0
325675,325675,325680,5,0
325675,325675,325680,5,0
325675,325675,325680,5,0
325675,325678,325680,2,3
325675,325675,325681,6,0
325675,325675,325681,6,0
325675,325675,325681,6,0
325675,325679,325681,2,4
325675,325675,325682,7,0
325675,325681,325682,1,6
325675,325681,325682,1,6
325675,325675,325681,6,0
325675,325680,325681,1,5
325675,325681,325682,1,6
325675,325675,325681,6,0
325675,325680,325681,1,5
325675,325680,325681,1,5
325675,325675,325681,6,0
325675,325680,325681,1,5
325675,325680,325681,1,5
325675,325680,325681,1,5
325675,325681,325682,1,6
325675,325675,325682,7,0
325675,325675,325682,7,0
325675,325675,325682,7,0
325675,325681,325683,2,6
325675,325675,325682,7,0
325675,325679,325682,3,4
325675,325680,325682,2,5
325675,325675,325682,7,0
325675,325680,325682,2,5
325675,325680,325682,2,5
325675,325681,325682,1,6
325675,325681,325682,1,6
325675,325681,325682,1,6
325675,325681,325682,1,6
325675,325681,325682,1,6
325675,325681,325682,1,6
325675,325681,325683,2,6
325675,325680,325683,3,5
325675,325681,325683,2,6
325675,325675,325683,8,0
325675,325682,325683,1,7
325675,325681,325683,2,6
325675,325675,325683,8,0
325675,325680,325683,3,5
325675,325675,325684,9,0
325675,325675,325685,10,0
325675,325675,325685,10,0
325695,325695,325696,1,0
325695,325695,325696,1,0
325695,325695,325696,1,0
325695,325695,325696,1,0
325695,325695,325696,1,0
325695,325695,325697,2,0
325695,325697,325698,1,2
325695,325696,325698,2,1
325695,325695,325699,4,0
325695,325695,325699,4,0
325695,325695,325699,4,0
325695,325695,325699,4,0
325695,325695,325699,4,0
325695,325695,325699,4,0
325695,325695,325698,3,0
325695,325697,325699,2,2
325695,325695,325699,4,0
325695,325697,325699,2,2
325695,325695,325698,3,0
325695,325697,325698,1,2
325695,325697,325699,2,2
325695,325695,325700,5,0
325695,325695,325700,5,0
325695,325695,325700,5,0
325695,325695,325699,4,0
325695,325699,325700,1,4
325695,325698,325700,2,3
325695,325699,325700,1,4
325695,325695,325700,5,0
325695,325695,325701,6,0
325695,325695,325701,6,0
325695,325698,325701,3,3
325695,325695,325701,6,0
325695,325695,325701,6,0
325695,325695,325700,5,0
325695,325695,325701,6,0
325695,325699,325701,2,4
325695,325695,325701,6,0
325695,325699,325701,2,4
325695,325700,325701,1,5
325695,325695,325701,6,0
325695,325699,325701,2,4
325695,325700,325701,1,5
325695,325695,325701,6,0
325695,325695,325702,7,0
325695,325695,325702,7,0
325695,325695,325702,7,0
325695,325700,325702,2,5
325695,325695,325702,7,0
325695,325695,325702,7,0
325695,325695,325702,7,0
325695,325699,325702,3,4
325695,325700,325702,2,5
325695,325700,325702,2,5
325695,325695,325702,7,0
325695,325695,325702,7,0
325695,325699,325703,4,4
325695,325699,325703,4,4
325695,325695,325703,8,0
325695,325699,325702,3,4
325695,325701,325703,2,6
325695,325700,325703,3,5
325695,325699,325703,4,4
325695,325701,325703,2,6
325695,325701,325702,1,6
325695,325701,325703,2,6
325695,325695,325703,8,0
325695,325701,325703,2,6
325695,325695,325704,9,0
325695,325695,325704,9,0
325695,325699,325704,5,4
325695,325695,325704,9,0
325695,325699,325703,4,4
325695,325701,325704,3,6
325695,325701,325704,3,6
325695,325699,325705,6,4
325695,325700,325705,5,5
325695,325695,325705,10,0
325695,325695,325705,10,0
325715,325715,325716,1,0
325715,325715,325716,1,0
325715,325715,325716,1,0
325715,325715,325717,2,0
325715,325715,325717,2,0
325715,325716,325717,1,1
325715,325715,325718,3,0
325715,325716,325717,1,1
325715,325715,325719,4,0
325715,325717,325719,2,2
325715,325717,325719,2,2
325715,325715,325719,4,0
325715,325717,325719,2,2
325715,325715,325720,5,0
325715,325715,325720,5,0
325715,325715,325719,4,0
325715,325715,325720,5,0
325715,325715,325720,5,0
325715,325717,325720,3,2
325715,325715,325720,5,0
325715,325715,325720,5,0
325715,325718,325720,2,3
325715,325715,325721,6,0
325715,325719,325721,2,4
325715,325719,325720,1,4
325715,325715,325720,5,0
325715,325719,325721,2,4
325715,325720,325721,1,5
325715,325715,325722,7,0
325715,325720,325722,2,5
325715,325715,325722,7,0
325715,325715,325722,7,0
325715,325715,325721,6,0
325715,325715,325722,7,0
325715,325718,325722,4,3
325715,325720,325722,2,5
325715,325715,325722,7,0
325715,325715,325722,7,0
325715,325721,325722,1,6
325715,325721,325722,1,6
325715,325721,325722,1,6
325715,325721,325722,1,6
325715,325719,325721,2,4
325715,325721,325722,1,6
325715,325715,325723,8,0
325715,325715,325723,8,0
325715,325715,325723,8,0
325715,325720,325723,3,5
325715,325720,325723,3,5
325715,325720,325723,3,5
325715,325715,325723,8,0
325715,325715,325723,8,0
325715,325715,325723,8,0
325715,325715,325723,8,0
325715,325715,325723,8,0
325715,325715,325723,8,0
325715,325715,325724,9,0
325715,325715,325724,9,0
325715,325720,325724,4,5
325715,325722,325724,2,7
325715,325722,325724,2,7
325715,325720,325724,4,5
325715,325722,325724,2,7
325715,325715,325724,9,0
325715,325715,325724,9,0
325715,325715,325725,10,0
325715,325715,325725,10,0
325715,325715,325725,10,0
325715,325719,325725,6,4
325715,325720,325725,5,5
325715,325715,325725,10,0
325715,325722,325724,2,7
325715,325722,325725,3,7
325715,325723,325725,2,8
325715,325723,325725,2,8
325715,325721,325726,5,6
325715,325715,325727,12,0
325715,325715,325728,13,0
325715,325715,325728,13,0
325737,325737,325738,1,0
325737,325737,325738,1,0
325737,325737,325738,1,0
325737,325737,325738,1,0
325737,325737,325738,1,0
325737,325737,325739,2,0
325737,325739,325740,1,2
325737,325737,325741,4,0
325737,325737,325740,3,0
325737,325737,325741,4,0
325737,325737,325741,4,0
325737,325737,325741,4,0
325737,325739,325741,2,2
325737,325739,325741,2,2
325737,325737,325741,4,0
325737,325739,325741,2,2
325737,325739,325741,2,2
325737,325737,325741,4,0
325737,325737,325742,5,0
325737,325737,325743,6,0
325737,325741,325743,2,4
325737,325741,325742,1,4
325737,325737,325744,7,0
325737,325741,325743,2,4
325737,325737,325744,7,0
325737,325742,325744,2,5
325737,325741,325744,3,4
325737,325740,325744,4,3
325737,325737,325744,7,0
325737,325742,325743,1,5
325737,325737,325744,7,0
325737,325742,325743,1,5
325737,325737,325744,7,0
325737,325737,325743,6,0
325737,325741,325744,3,4
325737,325742,325744,2,5
325737,325737,325744,7,0
325737,325737,325744,7,0
325737,325737,325744,7,0
325737,325744,325745,1,7
325737,325744,325745,1,7
325737,325737,325744,7,0
325737,325737,325744,7,0
325737,325742,325744,2,5
325737,325737,325745,8,0
325737,325741,325744,3,4
325737,325742,325744,2,5
325737,325737,325745,8,0
325737,325737,325744,7,0
325737,325744,325745,1,7
325737,325743,325744,1,6
325737,325743,325744,1,6
325737,325741,325745,4,4
325737,325737,325746,9,0
325737,325744,325745,1,7
325737,325743,325746,3,6
325737,325744,325746,2,7
325737,325737,325746,9,0
325737,325744,325746,2,7
325737,325744,325746,2,7
325737,325744,325745,1,7
325737,325737,325746,9,0
325737,325737,325746,9,0
325737,325744,325746,2,7
325737,325737,325746,9,0
325737,325744,325746,2,7
325737,325737,325746,9,0
325737,325744,325745,1,7
325737,325737,325747,10,0
325737,325744,325746,2,7
325737,325737,325746,9,0
325737,325744,325746,2,7
325737,325737,325748,11,0
325737,325737,325747,10,0
325737,325737,325749,12,0
325737,325737,325761,24,0
325737,325737,325762,25,0
325737,325737,325767,30,0
325737,325737,325770,33,0
325777,325777,325778,1,0
325777,325777,325779,2,0
325777,325777,325778,1,0
325777,325777,325779,2,0
325777,325777,325778,1,0
325777,325777,325781,4,0
325777,325777,325781,4,0
325777,325779,325781,2,2
325777,325779,325781,2,2
325777,325777,325781,4,0
325777,325777,325781,4,0
325777,325780,325781,1,3
325777,325777,325782,5,0
325777,325777,325782,5,0
325777,325780,325782,2,3
325777,325777,325782,5,0
325777,325780,325782,2,3
325777,325777,325782,5,0
325777,325777,325783,6,0
325777,325777,325783,6,0
325777,325782,325783,1,5
325777,325777,325783,6,0
325777,325777,325783,6,0
325777,325777,325783,6,0
325777,325777,325783,6,0
325777,325782,325783,1,5
325777,325777,325784,7,0
325777,325782,325783,1,5
325777,325782,325783,1,5
325777,325777,325784,7,0
325777,325783,325784,1,6
325777,325782,325784,2,5
325777,325777,325784,7,0
325777,325782,325784,2,5
325777,325784,325785,1,7
325777,325784,325785,1,7
325777,325777,325785,8,0
325777,325777,325785,8,0
325777,325777,325785,8,0
325777,325777,325785,8,0
325777,325783,325785,2,6
325777,325785,325786,1,8
325777,325777,325786,9,0
325777,325777,325785,8,0
325777,325785,325786,1,8
325777,325777,325785,8,0
325777,325777,325785,8,0
325777,325784,325785,1,7
325777,325784,325785,1,7
325777,325784,325785,1,7
325777,325777,325785,8,0
325777,325784,325785,1,7
325777,325785,325786,1,8
325777,325777,325785,8,0
325777,325777,325785,8,0
325777,325784,325785,1,7
325777,325785,325786,1,8
325777,325777,325786,9,0
325777,325783,325786,3,6
325777,325777,325786,9,0
325777,325784,325786,2,7
325777,325777,325786,9,0
325777,325785,325786,1,8
325777,325777,325786,9,0
325777,325784,325786,2,7
325777,325784,325786,2,7
325777,325785,325786,1,8
325777,325777,325787,10,0
325777,325777,325787,10,0
325777,325777,325787,10,0
325777,325782,325787,5,5
325777,325784,325788,4,7
325777,325783,325788,5,6
325777,325783,325787,4,6
325777,325777,325788,11,0
325777,325777,325788,11,0
325777,325777,325789,12,0
325777,325783,325790,7,6
325777,325777,325793,16,0
325803,325803,325804,1,0
325803,325803,325804,1,0
325803,325803,325804,1,0
325803,325803,325804,1,0
325803,325803,325804,1,0
325803,325804,325806,2,1
325803,325803,325806,3,0
325803,325805,325806,1,2
325803,325803,325807,4,0
325803,325805,325806,1,2
325803,325805,325807,2,2
325803,325803,325807,4,0
325803,325805,325807,2,2
325803,325806,325807,1,3
325803,325803,325807,4,0
325803,325803,325807,4,0
325803,325803,325808,5,0
325803,325803,325808,5,0
325803,325803,325808,5,0
325803,325803,325808,5,0
325803,325803,325808,5,0
325803,325807,325809,2,4
325803,325808,325809,1,5
325803,325803,325809,6,0
325803,325803,325810,7,0
325803,325803,325809,6,0
325803,325803,325809,6,0
325803,325808,325809,1,5
325803,325803,325809,6,0
325803,325803,325809,6,0
325803,325803,325810,7,0
325803,325808,325809,1,5
325803,325803,325809,6,0
325803,325803,325809,6,0
325803,325807,325809,2,4
325803,325808,325809,1,5
325803,325803,325809,6,0
325803,325808,325809,1,5
325803,325803,325810,7,0
325803,325803,325810,7,0
325803,325810,325811,1,7
325803,325803,325810,7,0
325803,325803,325811,8,0
325803,325810,325811,1,7
325803,325808,325811,3,5
325803,325809,325810,1,6
325803,325807,325811,4,4
325803,325803,325810,7,0
325803,325803,325810,7,0
325803,325810,325811,1,7
325803,325810,325811,1,7
325803,325810,325811,1,7
325803,325803,325811,8,0
325803,325810,325812,2,7
325803,325803,325811,8,0
325803,325803,325811,8,0
325803,325803,325811,8,0
325803,325810,325811,1,7
325803,325810,325811,1,7
325803,325803,325812,9,0
325803,325803,325812,9,0
325803,325803,325813,10,0
325803,325810,325812,2,7
325803,325810,325812,2,7
325803,325810,325813,3,7
325803,325809,325812,3,6
325803,325809,325813,4,6
325803,325809,325812,3,6
325803,325810,325812,2,7
325803,325803,325813,10,0
325803,325809,325813,4,6
325803,325809,325814,5,6
325803,325807,325814,7,4
325803,325810,325814,4,7
325803,325803,325817,14,0
325803,325803,325817,14,0
325803,325803,325819,16,0
325803,325803,325826,23,0
325803,325803,325827,24,0
325836,325836,325837,1,0
325836,325836,325837,1,0
325836,325836,325837,1,0
325836,325836,325837,1,0
325836,325836,325837,1,0
325836,325836,325839,3,0
325836,325837,325838,1,1
325836,325837,325838,1,1
325836,325836,325839,3,0
325836,325836,325840,4,0
325836,325838,325839,1,2
325836,325838,325839,1,2
325836,325836,325840,4,0
325836,325838,325840,2,2
325836,325836,325840,4,0
325836,325839,325841,2,3
325836,325839,325841,2,3
325836,325836,325841,5,0
325836,325836,325842,6,0
325836,325836,325841,5,0
325836,325836,325841,5,0
325836,325840,325841,1,4
325836,325839,325841,2,3
325836,325840,325842,2,4
325836,325836,325841,5,0
325836,325836,325842,6,0
325836,325836,325842,6,0
325836,325836,325842,6,0
325836,325840,325842,2,4
325836,325836,325842,6,0
325836,325841,325842,1,5
325836,325836,325842,6,0
325836,325842,325843,1,6
325836,325836,325843,7,0
325836,325836,325842,6,0
325836,325836,325843,7,0
325836,325836,325843,7,0
325836,325841,325842,1,5
325836,325841,325843,2,5
325836,325836,325843,7,0
325836,325836,325843,7,0
325836,325836,325843,7,0
325836,325836,325843,7,0
325836,325842,325843,1,6
325836,325836,325844,8,0
325836,325836,325843,7,0
325836,325843,325844,1,7
325836,325843,325844,1,7
325836,325843,325844,1,7
325836,325842,325843,1,6
325836,325836,325843,7,0
325836,325843,325844,1,7
325836,325836,325845,9,0
325836,325836,325845,9,0
325836,325836,325844,8,0
325836,325842,325844,2,6
325836,325843,325844,1,7
325836,325843,325845,2,7
325836,325841,325845,4,5
325836,325842,325845,3,6
325836,325843,325844,1,7
325836,325836,325845,9,0
325836,325843,325845,2,7
325836,325843,325845,2,7
325836,325842,325846,4,6
325836,325836,325846,10,0
325836,325836,325846,10,0
325836,325842,325846,4,6
325836,325836,325847,11,0
325836,325843,325846,3,7
325836,325836,325846,10,0
325836,325836,325847,11,0
325836,325836,325847,11,0
325836,325836,325847,11,0
325836,325836,325848,12,0
325836,325840,325848,8,4
325836,325836,325849,13,0
325836,325842,325850,8,6
325836,325841,325851,10,5
325861,325861,325862,1,0
325861,325861,325862,1,0
325861,325861,325862,1,0
325861,325861,325863,2,0
325861,325861,325862,1,0
325861,325861,325864,3,0
325861,325861,325864,3,0
325861,325861,325864,3,0
325861,325862,325863,1,1
325861,325863,325864,1,2
325861,325861,325865,4,0
325861,325862,325864,2,1
325861,325861,325864,3,0
325861,325862,325864,2,1
325861,325863,325864,1,2
325861,325864,325865,1,3
325861,325861,325866,5,0
325861,325864,325866,2,3
325861,325861,325866,5,0
325861,325861,325865,4,0
325861,325861,325865,4,0
325861,325864,325865,1,3
325861,325864,325866,2,3
325861,325861,325866,5,0
325861,325861,325867,6,0
325861,325861,325867,6,0
325861,325861,325866,5,0
325861,325865,325867,2,4
325861,325861,325866,5,0
325861,325865,325867,2,4
325861,325861,325866,5,0
325861,325861,325867,6,0
325861,325861,325867,6,0
325861,325865,325867,2,4
325861,325861,325867,6,0
325861,325864,325867,3,3
325861,325865,325867,2,4
325861,325861,325867,6,0
325861,325861,325867,6,0
325861,325865,325867,2,4
325861,325861,325867,6,0
325861,325861,325868,7,0
325861,325861,325867,6,0
325861,325866,325867,1,5
325861,325861,325868,7,0
325861,325866,325868,2,5
325861,325861,325868,7,0
325861,325861,325868,7,0
325861,325861,325868,7,0
325861,325866,325867,1,5
325861,325867,325868,1,6
325861,325867,325868,1,6
325861,325861,325869,8,0
325861,325867,325868,1,6
325861,325861,325868,7,0
325861,325865,325869,4,4
325861,325861,325869,8,0
325861,325867,325868,1,6
325861,325867,325868,1,6
325861,325861,325869,8,0
325861,325867,325869,2,6
325861,325867,325870,3,6
325861,325868,325870,2,7
325861,325867,325870,3,6
325861,325867,325870,3,6
325861,325866,325870,4,5
325861,325861,325870,9,0
325861,325861,325871,10,0
325861,325866,325871,5,5
325861,325866,325871,5,5
325861,325867,325872,5,6
325861,325866,325872,6,5
325861,325861,325873,12,0
325861,325867,325872,5,6
325861,325861,325872,11,0
325861,325861,325873,12,0
325861,325861,325874,13,0
325861,325861,325883,22,0
325861,325861,325885,24,0
325893,325893,325894,1,0
325893,325893,325894,1,0
325893,325893,325894,1,0
325893,325893,325894,1,0
325893,325893,325894,1,0
325893,325893,325895,2,0
325893,325893,325896,3,0
325893,325894,325895,1,1
325893,325893,325896,3,0
325893,325895,325896,1,2
325893,325895,325896,1,2
325893,325895,325896,1,2
325893,325895,325897,2,2
325893,325896,325897,1,3
325893,325896,325897,1,3
325893,325895,325897,2,2
325893,325893,325898,5,0
325893,325893,325898,5,0
325893,325893,325897,4,0
325893,325893,325897,4,0
325893,325893,325898,5,0
325893,325896,325897,1,3
325893,325896,325898,2,3
325893,325893,325899,6,0
325893,325893,325898,5,0
325893,325893,325899,6,0
325893,325896,325898,2,3
325893,325893,325899,6,0
325893,325893,325899,6,0
325893,325893,325899,6,0
325893,325893,325899,6,0
325893,325898,325899,1,5
325893,325893,325899,6,0
325893,325893,325899,6,0
325893,325893,325899,6,0
325893,325893,325899,6,0
325893,325893,325899,6,0
325893,325897,325899,2,4
325893,325899,325900,1,6
325893,325893,325899,6,0
325893,325896,325899,3,3
325893,325893,325900,7,0
325893,325893,325899,6,0
325893,325898,325899,1,5
325893,325893,325900,7,0
325893,325893,325899,6,0
325893,325897,325900,3,4
325893,325899,325900,1,6
325893,325897,325899,2,4
325893,325893,325900,7,0
325893,325897,325899,2,4
325893,325893,325900,7,0
325893,325893,325901,8,0
325893,325898,325901,3,5
325893,325898,325901,3,5
325893,325893,325900,7,0
325893,325893,325900,7,0
325893,325893,325901,8,0
325893,325893,325900,7,0
325893,325893,325901,8,0
325893,325899,325900,1,6
325893,325899,325900,1,6
325893,325899,325900,1,6
325893,325899,325901,2,6
325893,325900,325902,2,7
325893,325900,325902,2,7
325893,325898,325903,5,5
325893,325899,325902,3,6
325893,325900,325902,2,7
325893,325898,325903,5,5
325893,325893,325904,11,0
325893,325898,325904,6,5
325893,325899,325904,5,6
325893,325899,325904,5,6
325893,325893,325905,12,0
325893,325893,325908,15,0
325893,325893,325908,15,0
325893,325893,325912,19,0
325893,325893,325912,19,0
325920,325920,325921,1,0
325920,325920,325922,2,0
325920,325920,325921,1,0
325920,325920,325922,2,0
325920,325920,325922,2,0
325920,325920,325923,3,0
325920,325921,325923,2,1
325920,325920,325924,4,0
325920,325920,325924,4,0
325920,325920,325924,4,0
325920,325922,325924,2,2
325920,325920,325924,4,0
325920,325922,325924,2,2
325920,325922,325924,2,2
325920,325920,325925,5,0
325920,325922,325925,3,2
325920,325920,325925,5,0
325920,325920,325925,5,0
325920,325920,325925,5,0
325920,325924,325925,1,4
325920,325924,325925,1,4
325920,325920,325926,6,0
325920,325920,325926,6,0
325920,325920,325925,5,0
325920,325920,325926,6,0
325920,325920,325926,6,0
325920,325925,325926,1,5
325920,325925,325926,1,5
325920,325920,325926,6,0
325920,325920,325926,6,0
325920,325920,325926,6,0
325920,325925,325926,1,5
325920,325920,325926,6,0
325920,325920,325927,7,0
325920,325925,325927,2,5
325920,325926,325927,1,6
325920,325920,325927,7,0
325920,325926,325927,1,6
325920,325920,325927,7,0
325920,325920,325927,7,0
325920,325926,325927,1,6
325920,325927,325928,1,7
325920,325927,325928,1,7
325920,325927,325928,1,7
325920,325920,325927,7,0
325920,325926,325927,1,6
325920,325927,325928,1,7
325920,325920,325927,7,0
325920,325926,325927,1,6
325920,325927,325928,1,7
325920,325920,325928,8,0
325920,325920,325928,8,0
325920,325926,325928,2,6
325920,325924,325928,4,4
325920,325927,325929,2,7
325920,325926,325928,2,6
325920,325927,325928,1,7
325920,325920,325928,8,0
325920,325927,325928,1,7
325920,325926,325929,3,6
325920,325920,325929,9,0
325920,325920,325929,9,0
325920,325928,325930,2,8
325920,325926,325929,3,6
325920,325920,325929,9,0
325920,325920,325929,9,0
325920,325920,325930,10,0
325920,325927,325930,3,7
325920,325925,325930,5,5
325920,325927,325930,3,7
325920,325920,325931,11,0
325920,325920,325931,11,0
325920,325920,325931,11,0
325920,325920,325934,14,0
325920,325920,325934,14,0
325920,325920,325934,14,0
325920,325920,325935,15,0
325944,325944,325945,1,0
325944,325944,325945,1,0
325944,325944,325946,2,0
325944,325944,325945,1,0
325944,325944,325946,2,0
325944,325944,325947,3,0
325944,325944,325948,4,0
325944,325944,325948,4,0
325944,325946,325948,2,2
325944,325946,325948,2,2
325944,325946,325948,2,2
325944,325946,325948,2,2
325944,325946,325948,2,2
325944,325944,325949,5,0
325944,325944,325948,4,0
325944,325944,325949,5,0
325944,325944,325949,5,0
325944,325944,325949,5,0
325944,325944,325948,4,0
325944,325944,325949,5,0
325944,325947,325949,2,3
325944,325944,325949,5,0
325944,325944,325950,6,0
325944,325944,325950,6,0
325944,325944,325949,5,0
325944,325944,325950,6,0
325944,325944,325949,5,0
325944,325944,325950,6,0
325944,325948,325950,2,4
325944,325944,325949,5,0
325944,325948,325950,2,4
325944,325948,325950,2,4
325944,325944,325951,7,0
325944,325948,325950,2,4
325944,325948,325951,3,4
325944,325948,325950,2,4
325944,325949,325951,2,5
325944,325950,325951,1,6
325944,325950,325951,1,6
325944,325949,325951,2,5
325944,325950,325951,1,6
325944,325944,325952,8,0
325944,325944,325952,8,0
325944,325948,325952,4,4
325944,325949,325951,2,5
325944,325944,325952,8,0
325944,325949,325951,2,5
325944,325949,325952,3,5
325944,325949,325951,2,5
325944,325949,325952,3,5
325944,325944,325952,8,0
325944,325944,325951,7,0
325944,325944,325952,8,0
325944,325944,325952,8,0
325944,325950,325951,1,6
325944,325951,325952,1,7
325944,325944,325952,8,0
325944,325950,325953,3,6
325944,325944,325953,9,0
325944,325949,325953,4,5
325944,325950,325952,2,6
325944,325950,325953,3,6
325944,325944,325953,9,0
325944,325950,325953,3,6
325944,325944,325953,9,0
325944,325944,325952,8,0
325944,325951,325953,2,7
325944,325951,325952,1,7
325944,325944,325954,10,0
325944,325944,325954,10,0
325944,325950,325954,4,6
325944,325950,325954,4,6
325944,325944,325954,10,0
325944,325949,325954,5,5
325944,325944,325954,10,0
325944,325944,325955,11,0
325944,325944,325955,11,0
325944,325944,325955,11,0
325944,325944,325956,12,0
325965,325965,325966,1,0
325965,325965,325966,1,0
325965,325965,325966,1,0
325965,325965,325966,1,0
325965,325965,325966,1,0
325965,325965,325968,3,0
325965,325965,325967,2,0
325965,325966,325967,1,1
325965,325967,325968,1,2
325965,325965,325969,4,0
325965,325965,325968,3,0
325965,325965,325969,4,0
325965,325965,325969,4,0
325965,325967,325968,1,2
325965,325967,325968,1,2
325965,325965,325968,3,0
325965,325967,325968,1,2
325965,325965,325969,4,0
325965,325965,325970,5,0
325965,325965,325970,5,0
325965,325965,325969,4,0
325965,325968,325970,2,3
325965,325968,325969,1,3
325965,325965,325970,5,0
325965,325968,325969,1,3
325965,325969,325970,1,4
325965,325965,325971,6,0
325965,325965,325971,6,0
325965,325965,325971,6,0
325965,325969,325971,2,4
325965,325965,325971,6,0
325965,325965,325971,6,0
325965,325965,325970,5,0
325965,325965,325971,6,0
325965,325965,325971,6,0
325965,325965,325971,6,0
325965,325965,325972,7,0
325965,325965,325972,7,0
325965,325965,325972,7,0
325965,325969,325971,2,4
325965,325968,325972,4,3
325965,325965,325971,6,0
325965,325969,325971,2,4
325965,325965,325972,7,0
325965,325965,325972,7,0
325965,325965,325972,7,0
325965,325971,325972,1,6
325965,325965,325972,7,0
325965,325970,325971,1,5
325965,325970,325971,1,5
325965,325965,325972,7,0
325965,325970,325971,1,5
325965,325971,325972,1,6
325965,325971,325972,1,6
325965,325965,325972,7,0
325965,325970,325972,2,5
325965,325970,325972,2,5
325965,325971,325973,2,6
325965,325965,325973,8,0
325965,325965,325973,8,0
325965,325971,325973,2,6
325965,325965,325972,7,0
325965,325970,325973,3,5
325965,325970,325972,2,5
325965,325971,325973,2,6
325965,325965,325973,8,0
325965,325969,325973,4,4
325965,325970,325973,3,5
325965,325965,325972,7,0
325965,325965,325972,7,0
325965,325971,325972,1,6
325965,325969,325973,4,4
325965,325970,325973,3,5
325965,325969,325974,5,4
325965,325969,325974,5,4
325965,325971,325973,2,6
325965,325971,325975,4,6
325965,325965,325975,10,0
325965,325965,325975,10,0
325984,325984,325985,1,0
325984,325984,325986,2,0
325984,325984,325985,1,0
325984,325984,325985,1,0
325984,325984,325985,1,0
325984,325984,325985,1,0
325984,325984,325987,3,0
325984,325984,325988,4,0
325984,325986,325987,1,2
325984,325986,325988,2,2
325984,325986,325988,2,2
325984,325986,325987,1,2
325984,325986,325987,1,2
325984,325984,325989,5,0
325984,325984,325988,4,0
325984,325984,325989,5,0
325984,325984,325988,4,0
325984,325984,325989,5,0
325984,325984,325989,5,0
325984,325984,325989,5,0
325984,325984,325988,4,0
325984,325984,325988,4,0
325984,325984,325989,5,0
325984,325984,325989,5,0
325984,325986,325988,2,2
325984,325984,325989,5,0
325984,325984,325989,5,0
325984,325984,325990,6,0
325984,325984,325989,5,0
325984,325988,325990,2,4
325984,325984,325990,6,0
325984,325984,325990,6,0
325984,325984,325990,6,0
325984,325988,325990,2,4
325984,325984,325989,5,0
325984,325988,325989,1,4
325984,325984,325990,6,0
325984,325988,325990,2,4
325984,325988,325989,1,4
325984,325989,325991,2,5
325984,325988,325991,3,4
325984,325989,325991,2,5
325984,325989,325990,1,5
325984,325984,325991,7,0
325984,325984,325991,7,0
325984,325989,325990,1,5
325984,325984,325991,7,0
325984,325990,325991,1,6
325984,325989,325991,2,5
325984,325989,325992,3,5
325984,325984,325991,7,0
325984,325988,325991,3,4
325984,325989,325991,2,5
325984,325989,325992,3,5
325984,325989,325992,3,5
325984,325989,325991,2,5
325984,325984,325991,7,0
325984,325990,325991,1,6
325984,325990,325991,1,6
325984,325990,325991,1,6
325984,325990,325992,2,6
325984,325990,325992,2,6
325984,325984,325993,9,0
325984,325984,325993,9,0
325984,325984,325992,8,0
325984,325990,325992,2,6
325984,325989,325992,3,5
325984,325990,325992,2,6
325984,325989,325992,3,5
325984,325990,325993,3,6
325984,325984,325993,9,0
325984,325984,325992,8,0
325984,325984,325993,9,0
325984,325984,325993,9,0
325984,325984,325994,10,0
325984,325989,325993,4,5
325984,325984,325994,10,0
325984,325984,325995,11,0
325984,325984,325995,11,0
326005,326005,326006,1,0
326005,326005,326006,1,0
326005,326005,326006,1,0
326005,326005,326006,1,0
326005,326005,326006,1,0
326005,326005,326007,2,0
326005,326006,326008,2,1
326005,326006,326008,2,1
326005,326006,326008,2,1
326005,326006,326009,3,1
326005,326007,326009,2,2
326005,326005,326010,5,0
326005,326005,326010,5,0
326005,326005,326010,5,0
326005,326005,326010,5,0
326005,326008,326010,2,3
326005,326005,326010,5,0
326005,326008,326010,2,3
326005,326008,326010,2,3
326005,326008,326010,2,3
326005,326005,326011,6,0
326005,326005,326011,6,0
326005,326005,326011,6,0
326005,326005,326011,6,0
326005,326005,326011,6,0
326005,326005,326011,6,0
326005,326009,326011,2,4
326005,326009,326011,2,4
326005,326005,326011,6,0
326005,326005,326011,6,0
326005,326005,326012,7,0
326005,326005,326011,6,0
326005,326005,326012,7,0
326005,326005,326012,7,0
326005,326005,326011,6,0
326005,326005,326012,7,0
326005,326010,326012,2,5
326005,326010,326012,2,5
326005,326005,326012,7,0
326005,326010,326012,2,5
326005,326011,326012,1,6
326005,326010,326012,2,5
326005,326011,326012,1,6
326005,326005,326012,7,0
326005,326010,326012,2,5
326005,326011,326012,1,6
326005,326005,326013,8,0
326005,326011,326013,2,6
326005,326010,326013,3,5
326005,326010,326012,2,5
326005,326010,326013,3,5
326005,326005,326013,8,0
326005,326011,326013,2,6
326005,326011,326013,2,6
326005,326005,326013,8,0
326005,326010,326013,3,5
326005,326005,326013,8,0
326005,326005,326014,9,0
326005,326005,326014,9,0
326005,326005,326014,9,0
326005,326012,326014,2,7
326005,326005,326014,9,0
326005,326011,326014,3,6
326005,326012,326014,2,7
326005,326012,326014,2,7
326005,326011,326014,3,6
326005,326011,326014,3,6
326005,326005,326014,9,0
326005,326011,326013,2,6
326005,326012,326014,2,7
326005,326005,326014,9,0
326005,326005,326014,9,0
326005,326005,326015,10,0
326005,326012,326015,3,7
326005,326005,326015,10,0
326005,326005,326016,11,0
326005,326005,326017,12,0
326005,326005,326018,13,0
326005,326005,326018,13,0
326028,326028,326029,1,0
326028,326028,326029,1,0
326028,326028,326029,1,0
326028,326028,326029,1,0
326028,326028,326029,1,0
326028,326028,326030,2,0
326028,326029,326032,3,1
326028,326029,326031,2,1
326028,326030,326032,2,2
326028,326028,326033,5,0
326028,326030,326032,2,2
326028,326028,326033,5,0
326028,326030,326032,2,2
326028,326031,326032,1,3
326028,326028,326034,6,0
326028,326028,326033,5,0
326028,326028,326034,6,0
326028,326028,326034,6,0
326028,326032,326033,1,4
326028,326028,326034,6,0
326028,326032,326033,1,4
326028,326032,326033,1,4
326028,326033,326034,1,5
326028,326028,326035,7,0
326028,326028,326034,6,0
326028,326033,326035,2,5
326028,326033,326034,1,5
326028,326033,326034,1,5
326028,326033,326034,1,5
326028,326028,326035,7,0
326028,326028,326034,6,0
326028,326028,326035,7,0
326028,326028,326034,6,0
326028,326034,326035,1,6
326028,326034,326035,1,6
326028,326034,326035,1,6
326028,326028,326036,8,0
326028,326028,326035,7,0
326028,326028,326035,7,0
326028,326028,326035,7,0
326028,326028,326036,8,0
326028,326028,326036,8,0
326028,326028,326035,7,0
326028,326035,326036,1,7
326028,326028,326035,7,0
326028,326028,326035,7,0
326028,326035,326036,1,7
326028,326035,326036,1,7
326028,326034,326035,1,6
326028,326034,326035,1,6
326028,326034,326035,1,6
326028,326034,326035,1,6
326028,326035,326036,1,7
326028,326035,326036,1,7
326028,326035,326036,1,7
326028,326035,326036,1,7
326028,326028,326037,9,0
326028,326028,326036,8,0
326028,326028,326037,9,0
326028,326034,326036,2,6
326028,326035,326037,2,7
326028,326028,326036,8,0
326028,326034,326036,2,6
326028,326035,326036,1,7
326028,326035,326036,1,7
326028,326028,326037,9,0
326028,326035,326036,1,7
326028,326035,326036,1,7
326028,326028,326038,10,0
326028,326028,326037,9,0
326028,326028,326038,10,0
326028,326028,326037,9,0
326028,326028,326038,10,0
326028,326028,326038,10,0
326028,326028,326038,10,0
326028,326028,326038,10,0
326028,326028,326041,13,0
326028,326028,326042,14,0
326028,326028,326047,19,0
326055,326055,326056,1,0
326055,326055,326057,2,0
326055,326055,326057,2,0
326055,326055,326057,2,0
326055,326055,326056,1,0
326055,326055,326057,2,0
326055,326057,326059,2,2
326055,326057,326059,2,2
326055,326057,326059,2,2
326055,326055,326059,4,0
326055,326057,326059,2,2
326055,326056,326059,3,1
326055,326057,326060,3,2
326055,326055,326061,6,0
326055,326055,326061,6,0
326055,326055,326061,6,0
326055,326055,326061,6,0
326055,326055,326061,6,0
326055,326060,326061,1,5
326055,326055,326061,6,0
326055,326060,326061,1,5
326055,326055,326061,6,0
326055,326060,326061,1,5
326055,326055,326061,6,0
326055,326060,326061,1,5
326055,326055,326061,6,0
326055,326060,326061,1,5
326055,326061,326062,1,6
326055,326055,326062,7,0
326055,326055,326062,7,0
326055,326055,326062,7,0
326055,326055,326062,7,0
326055,326055,326062,7,0
326055,326055,326062,7,0
326055,326055,326062,7,0
326055,326055,326062,7,0
326055,326055,326062,7,0
326055,326062,326063,1,7
326055,326055,326062,7,0
326055,326055,326062,7,0
326055,326062,326063,1,7
326055,326055,326062,7,0
326055,326061,326062,1,6
326055,326062,326063,1,7
326055,326055,326062,7,0
326055,326062,326063,1,7
326055,326062,326063,1,7
326055,326055,326063,8,0
326055,326055,326062,7,0
326055,326062,326063,1,7
326055,326055,326063,8,0
326055,326062,326063,1,7
326055,326055,326063,8,0
326055,326062,326063,1,7
326055,326062,326063,1,7
326055,326062,326063,1,7
326055,326062,326064,2,7
326055,326055,326064,9,0
326055,326055,326064,9,0
326055,326062,326064,2,7
326055,326061,326064,3,6
326055,326062,326065,3,7
326055,326063,326064,1,8
326055,326062,326064,2,7
326055,326055,326065,10,0
326055,326062,326065,3,7
326055,326055,326065,10,0
326055,326055,326065,10,0
326055,326055,326065,10,0
326055,326055,326065,10,0
326055,326055,326065,10,0
326055,326063,326065,2,8
326055,326063,326066,3,8
326055,326055,326066,11,0
326055,326055,326066,11,0
326055,326055,326067,12,0
326076,326076,326077,1,0
326076,326076,326077,1,0
326076,326076,326077,1,0
326076,326076,326077,1,0
326076,326076,326077,1,0
326076,326076,326077,1,0
326076,326077,326079,2,1
326076,326077,326080,3,1
326076,326078,326080,2,2
326076,326078,326080,2,2
326076,326076,326079,3,0
326076,326078,326080,2,2
326076,326076,326080,4,0
326076,326078,326080,2,2
326076,326076,326082,6,0
326076,326076,326082,6,0
326076,326076,326081,5,0
326076,326076,326082,6,0
326076,326076,326082,6,0
326076,326080,326082,2,4
326076,326080,326082,2,4
326076,326076,326082,6,0
326076,326076,326082,6,0
326076,326080,326082,2,4
326076,326080,326081,1,4
326076,326080,326081,1,4
326076,326076,326082,6,0
326076,326076,326082,6,0
326076,326076,326083,7,0
326076,326076,326082,6,0
326076,326076,326083,7,0
326076,326081,326082,1,5
326076,326076,326082,6,0
326076,326080,326082,2,4
326076,326076,326082,6,0
326076,326082,326083,1,6
326076,326076,326083,7,0
326076,326076,326083,7,0
326076,326076,326083,7,0
326076,326082,326084,2,6
326076,326081,326083,2,5
326076,326076,326084,8,0
326076,326082,326083,1,6
326076,326082,326083,1,6
326076,326082,326084,2,6
326076,326076,326083,7,0
326076,326082,326083,1,6
326076,326082,326083,1,6
326076,326076,326083,7,0
326076,326082,326083,1,6
326076,326082,326083,1,6
326076,326082,326083,1,6
326076,326083,326084,1,7
326076,326083,326084,1,7
326076,326082,326085,3,6
326076,326082,326085,3,6
326076,326076,326084,8,0
326076,326076,326084,8,0
326076,326083,326085,2,7
326076,326083,326085,2,7
326076,326083,326085,2,7
326076,326083,326084,1,7
326076,326083,326086,3,7
326076,326083,326085,2,7
326076,326083,326085,2,7
326076,326076,326087,11,0
326076,326076,326087,11,0
326076,326076,326088,12,0
326076,326076,326087,11,0
326076,326076,326087,11,0
326076,326076,326088,12,0
326076,326076,326089,13,0
326076,326076,326088,12,0
326076,326076,326088,12,0
326076,326076,326089,13,0
326076,326076,326089,13,0
326076,326076,326091,15,0
326076,326076,326090,14,0
326076,326076,326092,16,0
326103,326103,326104,1,0
326103,326103,326104,1,0
326103,326103,326104,1,0
326103,326103,326104,1,0
326103,326103,326104,1,0
326103,326103,326105,2,0
326103,326103,326106,3,0
326103,326104,326105,1,1
326103,326105,326106,1,2
326103,326105,326106,1,2
326103,326105,326107,2,2
326103,326105,326106,1,2
326103,326103,326107,4,0
326103,326105,326107,2,2
326103,326103,326107,4,0
326103,326103,326107,4,0
326103,326106,326108,2,3
326103,326107,326109,2,4
326103,326103,326109,6,0
326103,326107,326108,1,4
326103,326107,326108,1,4
326103,326107,326108,1,4
326103,326103,326109,6,0
326103,326108,326109,1,5
326103,326107,326108,1,4
326103,326107,326108,1,4
326103,326103,326110,7,0
326103,326106,326109,3,3
326103,326103,326109,6,0
326103,326103,326110,7,0
326103,326109,326110,1,6
326103,326103,326110,7,0
326103,326103,326110,7,0
326103,326103,326110,7,0
326103,326103,326110,7,0
326103,326103,326109,6,0
326103,326103,326109,6,0
326103,326109,326110,1,6
326103,326108,326110,2,5
326103,326108,326110,2,5
326103,326103,326110,7,0
326103,326103,326110,7,0
326103,326110,326111,1,7
326103,326110,326111,1,7
326103,326110,326111,1,7
326103,326109,326110,1,6
326103,326109,326111,2,6
326103,326110,326111,1,7
326103,326109,326110,1,6
326103,326109,326110,1,6
326103,326110,326111,1,7
326103,326103,326110,7,0
326103,326109,326110,1,6
326103,326110,326111,1,7
326103,326103,326110,7,0
326103,326109,326111,2,6
326103,326109,326110,1,6
326103,326103,326112,9,0
326103,326103,326111,8,0
326103,326103,326112,9,0
326103,326103,326112,9,0
326103,326110,326111,1,7
326103,326103,326113,10,0
326103,326103,326112,9,0
326103,326103,326112,9,0
326103,326110,326112,2,7
326103,326103,326113,10,0
326103,326110,326114,4,7
326103,326103,326113,10,0
326103,326103,326114,11,0
326103,326103,326114,11,0
326103,326103,326114,11,0
326103,326103,326115,12,0
326103,326103,326116,13,0
326103,326103,326116,13,0
326103,326103,326117,14,0
326103,326103,326117,14,0
326103,326103,326117,14,0
326103,326103,326118,15,0
326127,326127,326128,1,0
326127,326127,326128,1,0
326127,326127,326128,1,0
326127,326127,326129,2,0
326127,326127,326129,2,0
326127,326127,326129,2,0
326127,326128,326130,2,1
326127,326127,326131,4,0
326127,326127,326131,4,0
326127,326129,326131,2,2
326127,326129,326131,2,2
326127,326128,326131,3,1
326127,326129,326131,2,2
326127,326129,326131,2,2
326127,326127,326132,5,0
326127,326130,326132,2,3
326127,326131,326132,1,4
326127,326127,326132,5,0
326127,326131,326132,1,4
326127,326127,326133,6,0
326127,326131,326133,2,4
326127,326127,326133,6,0
326127,326127,326133,6,0
326127,326131,326133,2,4
326127,326127,326133,6,0
326127,326127,326134,7,0
326127,326127,326134,7,0
326127,326131,326134,3,4
326127,326127,326134,7,0
326127,326127,326134,7,0
326127,326127,326134,7,0
326127,326132,326134,2,5
326127,326127,326134,7,0
326127,326131,326133,2,4
326127,326133,326134,1,6
326127,326127,326134,7,0
326127,326132,326134,2,5
326127,326127,326134,7,0
326127,326133,326134,1,6
326127,326133,326134,1,6
326127,326127,326134,7,0
326127,326127,326135,8,0
326127,326131,326135,4,4
326127,326127,326135,8,0
326127,326127,326135,8,0
326127,326133,326135,2,6
326127,326134,326135,1,7
326127,326135,326136,1,8
326127,326127,326135,8,0
326127,326135,326136,1,8
326127,326127,326135,8,0
326127,326135,326136,1,8
326127,326127,326136,9,0
326127,326127,326136,9,0
326127,326132,326136,4,5
326127,326135,326136,1,8
326127,326135,326136,1,8
326127,326135,326136,1,8
326127,326127,326136,9,0
326127,326127,326137,10,0
326127,326127,326137,10,0
326127,326127,326137,10,0
326127,326134,326137,3,7
326127,326134,326137,3,7
326127,326134,326137,3,7
326127,326127,326138,11,0
326127,326127,326138,11,0
326127,326127,326137,10,0
326127,326127,326139,12,0
326127,326127,326140,13,0
326127,326127,326140,13,0
326127,326127,326140,13,0
326127,326127,326141,14,0
326127,326127,326141,14,0
326127,326127,326142,15,0
326151,326151,326152,1,0
326151,326151,326152,1,0
326151,326151,326152,1,0
326151,326151,326152,1,0
326151,326151,326152,1,0
326151,326151,326152,1,0
326151,326151,326155,4,0
326151,326151,326155,4,0
326151,326153,326154,1,2
326151,326153,326155,2,2
326151,326153,326155,2,2
326151,326151,326156,5,0
326151,326153,326156,3,2
326151,326153,326155,2,2
326151,326153,326155,2,2
326151,326151,326156,5,0
326151,326155,326156,1,4
326151,326151,326156,5,0
326151,326155,326156,1,4
326151,326155,326156,1,4
326151,326151,326156,5,0
326151,326151,326156,5,0
326151,326151,326157,6,0
326151,326151,326157,6,0
326151,326151,326157,6,0
326151,326151,326157,6,0
326151,326151,326158,7,0
326151,326151,326157,6,0
326151,326151,326158,7,0
326151,326151,326158,7,0
326151,326151,326157,6,0
326151,326156,326158,2,5
326151,326151,326158,7,0
326151,326155,326157,2,4
326151,326156,326158,2,5
326151,326151,326158,7,0
326151,326151,326157,6,0
326151,326156,326158,2,5
326151,326151,326158,7,0
326151,326151,326158,7,0
326151,326151,326158,7,0
326151,326151,326159,8,0
326151,326151,326158,7,0
326151,326151,326159,8,0
326151,326151,326158,7,0
326151,326151,326158,7,0
326151,326155,326158,3,4
326151,326151,326158,7,0
326151,326151,326158,7,0
326151,326156,326159,3,5
326151,326158,326159,1,7
326151,326158,326159,1,7
326151,326151,326158,7,0
326151,326156,326159,3,5
326151,326157,326159,2,6
326151,326156,326158,2,5
326151,326157,326158,1,6
326151,326157,326158,1,6
326151,326151,326159,8,0
326151,326158,326159,1,7
326151,326158,326159,1,7
326151,326151,326160,9,0
326151,326158,326160,2,7
326151,326157,326159,2,6
326151,326158,326159,1,7
326151,326158,326160,2,7
326151,326158,326160,2,7
326151,326151,326161,10,0
326151,326158,326160,2,7
326151,326158,326161,3,7
326151,326151,326160,9,0
326151,326151,326161,10,0
326151,326158,326161,3,7
326151,326156,326161,5,5
326151,326151,326162,11,0
326151,326151,326162,11,0
326151,326158,326161,3,7
326151,326158,326161,3,7
326151,326151,326162,11,0
326173,326173,326174,1,0
326173,326173,326174,1,0
326173,326173,326174,1,0
326173,326173,326174,1,0
326173,326173,326174,1,0
326173,326173,326174,1,0
326173,326174,326175,1,1
326173,326174,326175,1,1
326173,326175,326176,1,2
326173,326175,326177,2,2
326173,326175,326176,1,2
326173,326175,326176,1,2
326173,326176,326177,1,3
326173,326173,326177,4,0
326173,326173,326177,4,0
326173,326173,326177,4,0
326173,326173,326177,4,0
326173,326173,326177,4,0
326173,326176,326177,1,3
326173,326173,326178,5,0
326173,326173,326178,5,0
326173,326173,326179,6,0
326173,326173,326179,6,0
326173,326173,326178,5,0
326173,326173,326178,5,0
326173,326173,326178,5,0
326173,326173,326179,6,0
326173,326177,326178,1,4
326173,326173,326179,6,0
326173,326177,326178,1,4
326173,326177,326179,2,4
326173,326173,326180,7,0
326173,326173,326179,6,0
326173,326173,326179,6,0
326173,326173,326179,6,0
326173,326173,326179,6,0
326173,326173,326179,6,0
326173,326173,326180,7,0
326173,326173,326180,7,0
326173,326177,326179,2,4
326173,326173,326179,6,0
326173,326177,326179,2,4
326173,326173,326179,6,0
326173,326173,326179,6,0
326173,326178,326179,1,5
326173,326178,326179,1,5
326173,326173,326179,6,0
326173,326173,326180,7,0
326173,326179,326180,1,6
326173,326179,326180,1,6
326173,326179,326180,1,6
326173,326179,326180,1,6
326173,326179,326180,1,6
326173,326179,326180,1,6
326173,326179,326180,1,6
326173,326179,326180,1,6
326173,326173,326181,8,0
326173,326179,326181,2,6
326173,326178,326182,4,5
326173,326173,326181,8,0
326173,326179,326182,3,6
326173,326178,326181,3,5
326173,326173,326181,8,0
326173,326178,326181,3,5
326173,326179,326181,2,6
326173,326173,326182,9,0
326173,326180,326182,2,7
326173,326180,326182,2,7
326173,326180,326182,2,7
326173,326173,326183,10,0
326173,326180,326182,2,7
326173,326178,326183,5,5
326173,326173,326182,9,0
326173,326178,326182,4,5
326173,326173,326182,9,0
326173,326173,326182,9,0
326173,326173,326183,10,0
326173,326173,326184,11,0
326173,326173,326184,11,0
326194,326194,326195,1,0
326194,326194,326195,1,0
326194,326194,326195,1,0
326194,326194,326195,1,0
326194,326194,326195,1,0
326194,326194,326195,1,0
326194,326195,326197,2,1
326194,326195,326197,2,1
326194,326194,326197,3,0
326194,326196,326198,2,2
326194,326194,326197,3,0
326194,326196,326197,1,2
326194,326194,326198,4,0
326194,326196,326197,1,2
326194,326194,326198,4,0
326194,326194,326198,4,0
326194,326194,326198,4,0
326194,326194,326198,4,0
326194,326196,326198,2,2
326194,326194,326198,4,0
326194,326194,326198,4,0
326194,326197,326199,2,3
326194,326194,326199,5,0
326194,326194,326199,5,0
326194,326194,326200,6,0
326194,326194,326199,5,0
326194,326194,326199,5,0
326194,326197,326199,2,3
326194,326198,326199,1,4
326194,326194,326199,5,0
326194,326198,326199,1,4
326194,326199,326200,1,5
326194,326194,326201,7,0
326194,326194,326200,6,0
326194,326194,326200,6,0
326194,326194,326200,6,0
326194,326194,326200,6,0
326194,326194,326201,7,0
326194,326199,326200,1,5
326194,326199,326200,1,5
326194,326198,326201,3,4
326194,326198,326200,2,4
326194,326199,326200,1,5
326194,326194,326200,6,0
326194,326198,326200,2,4
326194,326198,326200,2,4
326194,326199,326200,1,5
326194,326194,326201,7,0
326194,326194,326202,8,0
326194,326194,326201,7,0
326194,326194,326202,8,0
326194,326194,326202,8,0
326194,326199,326202,3,5
326194,326200,326201,1,6
326194,326194,326202,8,0
326194,326200,326201,1,6
326194,326194,326201,7,0
326194,326200,326202,2,6
326194,326200,326201,1,6
326194,326194,326201,7,0
326194,326200,326201,1,6
326194,326200,326201,1,6
326194,326200,326201,1,6
326194,326199,326202,3,5
326194,326194,326203,9,0
326194,326201,326203,2,7
326194,326201,326203,2,7
326194,326200,326203,3,6
326194,326200,326203,3,6
326194,326194,326202,8,0
326194,326200,326202,2,6
326194,326201,326203,2,7
326194,326194,326203,9,0
326194,326194,326203,9,0
326194,326194,326204,10,0
326194,326199,326204,5,5
326194,326194,326204,10,0
326194,326194,326206,12,0
326194,326194,326207,13,0
326217,326217,326218,1,0
326217,326217,326218,1,0
326217,326217,326218,1,0
326217,326217,326218,1,0
326217,326217,326218,1,0
326217,326217,326218,1,0
326217,326217,326221,4,0
326217,326218,326220,2,1
326217,326219,326220,1,2
326217,326218,326220,2,1
326217,326219,326221,2,2
326217,326217,326221,4,0
326217,326217,326222,5,0
326217,326217,326222,5,0
326217,326219,326222,3,2
326217,326217,326221,4,0
326217,326219,326221,2,2
326217,326217,326223,6,0
326217,326217,326223,6,0
326217,326217,326222,5,0
326217,326217,326222,5,0
326217,326217,326222,5,0
326217,326217,326223,6,0
326217,326221,326223,2,4
326217,326217,326223,6,0
326217,326221,326223,2,4
326217,326217,326223,6,0
326217,326217,326223,6,0
326217,326217,326224,7,0
326217,326217,326223,6,0
326217,326217,326223,6,0
326217,326221,326224,3,4
326217,326222,326223,1,5
326217,326217,326224,7,0
326217,326222,326223,1,5
326217,326217,326224,7,0
326217,326221,326223,2,4
326217,326217,326224,7,0
326217,326222,326224,2,5
326217,326217,326225,8,0
326217,326217,326224,7,0
326217,326217,326224,7,0
326217,326217,326225,8,0
326217,326217,326225,8,0
326217,326217,326225,8,0
326217,326217,326225,8,0
326217,326217,326224,7,0
326217,326217,326224,7,0
326217,326223,326225,2,6
326217,326222,326224,2,5
326217,326223,326225,2,6
326217,326223,326224,1,6
326217,326224,326225,1,7
326217,326223,326225,2,6
326217,326223,326224,1,6
326217,326223,326224,1,6
326217,326224,326225,1,7
326217,326223,326224,1,6
326217,326223,326224,1,6
326217,326217,326225,8,0
326217,326222,326226,4,5
326217,326217,326225,8,0
326217,326217,326225,8,0
326217,326223,326226,3,6
326217,326224,326226,2,7
326217,326224,326225,1,7
326217,326224,326225,1,7
326217,326217,326226,9,0
326217,326224,326227,3,7
326217,326224,326226,2,7
326217,326217,326227,10,0
326217,326217,326226,9,0
326217,326217,326227,10,0
326217,326224,326226,2,7
326217,326221,326226,5,4
326217,326224,326226,2,7
326217,326217,326227,10,0
326217,326217,326227,10,0
326217,326222,326227,5,5
326237,326237,326238,1,0
326237,326237,326238,1,0
326237,326237,326239,2,0
326237,326237,326239,2,0
326237,326237,326238,1,0
326237,326237,326239,2,0
326237,326237,326240,3,0
326237,326237,326240,3,0
326237,326237,326240,3,0
326237,326237,326241,4,0
326237,326237,326241,4,0
326237,326237,326241,4,0
326237,326238,326241,3,1
326237,326239,326241,2,2
326237,326237,326241,4,0
326237,326239,326241,2,2
326237,326237,326242,5,0
326237,326237,326242,5,0
326237,326237,326242,5,0
326237,326239,326242,3,2
326237,326239,326242,3,2
326237,326237,326242,5,0
326237,326237,326242,5,0
326237,326239,326242,3,2
326237,326237,326243,6,0
326237,326237,326243,6,0
326237,326237,326243,6,0
326237,326241,326243,2,4
326237,326237,326243,6,0
326237,326237,326243,6,0
326237,326237,326242,5,0
326237,326237,326243,6,0
326237,326237,326243,6,0
326237,326241,326243,2,4
326237,326241,326243,2,4
326237,326237,326244,7,0
326237,326237,326244,7,0
326237,326237,326244,7,0
326237,326237,326244,7,0
326237,326240,326244,4,3
326237,326242,326244,2,5
326237,326242,326244,2,5
326237,326241,326244,3,4
326237,326242,326244,2,5
326237,326243,326244,1,6
326237,326243,326244,1,6
326237,326244,326245,1,7
326237,326237,326245,8,0
326237,326237,326245,8,0
326237,326237,326245,8,0
326237,326242,326245,3,5
326237,326240,326245,5,3
326237,326237,326245,8,0
326237,326237,326245,8,0
326237,326244,326245,1,7
326237,326244,326245,1,7
326237,326244,326245,1,7
326237,326244,326245,1,7
326237,326244,326245,1,7
326237,326244,326245,1,7
326237,326237,326245,8,0
326237,326237,326245,8,0
326237,326244,326245,1,7
326237,326244,326245,1,7
326237,326244,326245,1,7
326237,326237,326246,9,0
326237,326241,326246,5,4
326237,326241,326246,5,4
326237,326237,326246,9,0
326237,326242,326246,4,5
326237,326241,326246,5,4
326237,326241,326247,6,4
326237,326237,326247,10,0
326237,326237,326247,10,0
326237,326237,326247,10,0
326237,326237,326247,10,0
326237,326242,326247,5,5
326237,326237,326249,12,0
326259,326259,326260,1,0
326259,326259,326260,1,0
326259,326259,326260,1,0
326259,326259,326260,1,0
326259,326259,326260,1,0
326259,326259,326261,2,0
326259,326260,326262,2,1
326259,326260,326262,2,1
326259,326259,326263,4,0
326259,326259,326263,4,0
326259,326260,326262,2,1
326259,326259,326263,4,0
326259,326259,326264,5,0
326259,326259,326264,5,0
326259,326259,326264,5,0
326259,326259,326264,5,0
326259,326261,326263,2,2
326259,326259,326264,5,0
326259,326261,326264,3,2
326259,326259,326264,5,0
326259,326262,326264,2,3
326259,326259,326263,4,0
326259,326262,326264,2,3
326259,326259,326263,4,0
326259,326262,326263,1,3
326259,326259,326265,6,0
326259,326259,326265,6,0
326259,326259,326265,6,0
326259,326259,326264,5,0
326259,326263,326265,2,4
326259,326259,326265,6,0
326259,326259,326265,6,0
326259,326259,326266,7,0
326259,326259,326265,6,0
326259,326259,326265,6,0
326259,326259,326266,7,0
326259,326263,326265,2,4
326259,326264,326266,2,5
326259,326259,326265,6,0
326259,326259,326265,6,0
326259,326259,326265,6,0
326259,326259,326265,6,0
326259,326264,326266,2,5
326259,326264,326265,1,5
326259,326259,326266,7,0
326259,326259,326266,7,0
326259,326264,326266,2,5
326259,326264,326266,2,5
326259,326265,326266,1,6
326259,326259,326265,6,0
326259,326264,326266,2,5
326259,326264,326265,1,5
326259,326265,326266,1,6
326259,326259,326267,8,0
326259,326263,326266,3,4
326259,326259,326267,8,0
326259,326259,326266,7,0
326259,326264,326267,3,5
326259,326264,326266,2,5
326259,326259,326267,8,0
326259,326264,326266,2,5
326259,326259,326267,8,0
326259,326259,326267,8,0
326259,326266,326268,2,7
326259,326259,326267,8,0
326259,326266,326268,2,7
326259,326265,326268,3,6
326259,326266,326267,1,7
326259,326263,326268,5,4
326259,326264,326268,4,5
326259,326265,326267,2,6
326259,326265,326267,2,6
326259,326264,326269,5,5
326259,326266,326268,2,7
326259,326259,326269,10,0
326259,326259,326269,10,0
326259,326266,326270,4,7
326259,326264,326270,6,5
326259,326259,326273,14,0
326282,326283,326284,1,1
326282,326283,326284,1,1
326282,326283,326284,1,1
326282,326283,326284,1,1
326282,326283,326284,1,1
326282,326283,326284,1,1
326282,326283,326285,2,1
326282,326283,326285,2,1
326282,326284,326285,1,2
326282,326284,326285,1,2
326282,326284,326285,1,2
326282,326283,326286,3,1
326282,326283,326286,3,1
326282,326285,326286,1,3
326282,326285,326287,2,3
326282,326283,326286,3,1
326282,326283,326287,4,1
326282,326283,326287,4,1
326282,326286,326287,1,4
326282,326286,326287,1,4
326282,326285,326287,2,3
326282,326286,326288,2,4
326282,326283,326287,4,1
326282,326286,326287,1,4
326282,326283,326287,4,1
326282,326286,326287,1,4
326282,326283,326288,5,1
326282,326283,326288,5,1
326282,326283,326288,5,1
326282,326283,326288,5,1
326282,326283,326288,5,1
326282,326283,326288,5,1
326282,326283,326288,5,1
326282,326283,326289,6,1
326282,326283,326288,5,1
326282,326283,326288,5,1
326282,326283,326288,5,1
326282,326288,326289,1,6
326282,326283,326289,6,1
326282,326283,326289,6,1
326282,326283,326289,6,1
326282,326283,326289,6,1
326282,326283,326289,6,1
326282,326283,326289,6,1
326282,326287,326289,2,5
326282,326287,326289,2,5
326282,326288,326290,2,6
326282,326288,326290,2,6
326282,326288,326289,1,6
326282,326289,326290,1,7
326282,326283,326289,6,1
326282,326287,326289,2,5
326282,326288,326289,1,6
326282,326287,326289,2,5
326282,326288,326289,1,6
326282,326288,326289,1,6
326282,326283,326290,7,1
326282,326288,326289,1,6
326282,326288,326289,1,6
326282,326289,326290,1,7
326282,326283,326290,7,1
326282,326289,326290,1,7
326282,326283,326290,7,1
326282,326283,326290,7,1
326282,326289,326290,1,7
326282,326283,326291,8,1
326282,326288,326291,3,6
326282,326283,326291,8,1
326282,326283,326291,8,1
326282,326289,326291,2,7
326282,326289,326291,2,7
326282,326289,326291,2,7
326282,326289,326291,2,7
326282,326289,326291,2,7
326282,326283,326292,9,1
326282,326283,326293,10,1
326282,326283,326293,10,1
326282,326283,326294,11,1
326282,326287,326294,7,5
326304,326304,326305,1,0
326304,326304,326305,1,0
326304,326304,326305,1,0
326304,326304,326305,1,0
326304,326304,326305,1,0
326304,326304,326305,1,0
326304,326305,326306,1,1
326304,326304,326306,2,0
326304,326304,326307,3,0
326304,326305,326306,1,1
326304,326305,326306,1,1
326304,326305,326306,1,1
326304,326304,326308,4,0
326304,326304,326308,4,0
326304,326306,326307,1,2
326304,326306,326308,2,2
326304,326306,326307,1,2
326304,326304,326307,3,0
326304,326307,326308,1,3
326304,326307,326308,1,3
326304,326304,326307,3,0
326304,326307,326308,1,3
326304,326304,326308,4,0
326304,326307,326308,1,3
326304,326304,326309,5,0
326304,326308,326309,1,4
326304,326308,326309,1,4
326304,326307,326308,1,3
326304,326304,326309,5,0
326304,326304,326310,6,0
326304,326304,326309,5,0
326304,326308,326309,1,4
326304,326308,326309,1,4
326304,326308,326309,1,4
326304,326309,326310,1,5
326304,326308,326309,1,4
326304,326308,326309,1,4
326304,326308,326309,1,4
326304,326309,326310,1,5
326304,326304,326309,5,0
326304,326309,326310,1,5
326304,326304,326310,6,0
326304,326308,326310,2,4
326304,326308,326310,2,4
326304,326304,326310,6,0
326304,326310,326311,1,6
326304,326304,326310,6,0
326304,326310,326311,1,6
326304,326310,326311,1,6
326304,326309,326310,1,5
326304,326304,326310,6,0
326304,326309,326310,1,5
326304,326304,326311,7,0
326304,326309,326311,2,5
326304,326304,326311,7,0
326304,326310,326311,1,6
326304,326304,326311,7,0
326304,326304,326312,8,0
326304,326304,326312,8,0
326304,326310,326312,2,6
326304,326310,326312,2,6
326304,326304,326313,9,0
326304,326310,326312,2,6
326304,326304,326312,8,0
326304,326304,326313,9,0
326304,326304,326312,8,0
326304,326304,326313,9,0
326304,326304,326313,9,0
326304,326304,326313,9,0
326304,326304,326314,10,0
326304,326304,326314,10,0
326304,326304,326314,10,0
326304,326304,326314,10,0
326304,326304,326314,10,0
326304,326304,326314,10,0
326304,326304,326315,11,0
326304,326304,326315,11,0
326304,326304,326316,12,0
326304,326304,326316,12,0
326325,326325,326326,1,0
326325,326325,326326,1,0
326325,326325,326326,1,0
326325,326325,326327,2,0
326325,326325,326327,2,0
326325,326325,326327,2,0
326325,326326,326329,3,1
326325,326326,326328,2,1
326325,326327,326328,1,2
326325,326326,326328,2,1
326325,326327,326328,1,2
326325,326327,326328,1,2
326325,326327,326328,1,2
326325,326326,326329,3,1
326325,326326,326329,3,1
326325,326325,326329,4,0
326325,326328,326329,1,3
326325,326326,326329,3,1
326325,326328,326329,1,3
326325,326325,326329,4,0
326325,326325,326330,5,0
326325,326326,326330,4,1
326325,326329,326330,1,4
326325,326330,326331,1,5
326325,326326,326330,4,1
326325,326329,326330,1,4
326325,326329,326331,2,4
326325,326329,326330,1,4
326325,326329,326330,1,4
326325,326326,326331,5,1
326325,326329,326331,2,4
326325,326325,326332,7,0
326325,326330,326331,1,5
326325,326330,326331,1,5
326325,326331,326332,1,6
326325,326331,326332,1,6
326325,326330,326332,2,5
326325,326331,326332,1,6
326325,326331,326332,1,6
326325,326326,326332,6,1
326325,326329,326332,3,4
326325,326330,326332,2,5
326325,326326,326332,6,1
326325,326326,326333,7,1
326325,326331,326332,1,6
326325,326332,326333,1,7
326325,326325,326332,7,0
326325,326331,326332,1,6
326325,326331,326332,1,6
326325,326330,326332,2,5
326325,326331,326332,1,6
326325,326332,326333,1,7
326325,326331,326332,1,6
326325,326330,326333,3,5
326325,326332,326333,1,7
326325,326326,326333,7,1
326325,326332,326334,2,7
326325,326325,326334,9,0
326325,326325,326334,9,0
326325,326332,326333,1,7
326325,326332,326333,1,7
326325,326325,326334,9,0
326325,326326,326334,8,1
326325,326325,326334,9,0
326325,326325,326334,9,0
326325,326326,326334,8,1
326325,326325,326334,9,0
326325,326326,326335,9,1
326325,326325,326335,10,0
326325,326325,326336,11,0
326325,326325,326335,10,0
326325,326326,326336,10,1
326325,326325,326335,10,0
326325,326326,326336,10,1
326325,326326,326338,12,1
326325,326326,326339,13,1
326325,326325,326340,15,0
326325,326326,326341,15,1
326325,326325,326342,17,0
326351,326351,326352,1,0
326351,326351,326352,1,0
326351,326351,326352,1,0
326351,326351,326352,1,0
326351,326351,326352,1,0
326351,326351,326352,1,0
326351,326352,326353,1,1
326351,326352,326353,1,1
326351,326352,326353,1,1
326351,326352,326353,1,1
326351,326351,326354,3,0
326351,326351,326355,4,0
326351,326353,326354,1,2
326351,326351,326354,3,0
326351,326354,326355,1,3
326351,326351,326354,3,0
326351,326353,326354,1,2
326351,326351,326355,4,0
326351,326351,326356,5,0
326351,326351,326356,5,0
326351,326351,326355,4,0
326351,326351,326355,4,0
326351,326354,326355,1,3
326351,326354,326355,1,3
326351,326351,326355,4,0
326351,326351,326355,4,0
326351,326354,326356,2,3
326351,326351,326357,6,0
326351,326351,326357,6,0
326351,326355,326357,2,4
326351,326355,326357,2,4
326351,326351,326356,5,0
326351,326356,326357,1,5
326351,326356,326357,1,5
326351,326355,326356,1,4
326351,326351,326357,6,0
326351,326355,326356,1,4
326351,326355,326357,2,4
326351,326356,326357,1,5
326351,326355,326357,2,4
326351,326356,326357,1,5
326351,326351,326358,7,0
326351,326356,326358,2,5
326351,326351,326357,6,0
326351,326355,326357,2,4
326351,326357,326358,1,6
326351,326351,326358,7,0
326351,326351,326358,7,0
326351,326356,326357,1,5
326351,326357,326358,1,6
326351,326356,326357,1,5
326351,326351,326357,6,0
326351,326357,326358,1,6
326351,326357,326358,1,6
326351,326357,326358,1,6
326351,326351,326358,7,0
326351,326356,326359,3,5
326351,326357,326359,2,6
326351,326356,326358,2,5
326351,326356,326358,2,5
326351,326357,326358,1,6
326351,326357,326359,2,6
326351,326351,326359,8,0
326351,326351,326359,8,0
326351,326351,326359,8,0
326351,326351,326360,9,0
326351,326351,326361,10,0
326351,326351,326360,9,0
326351,326351,326360,9,0
326351,326351,326362,11,0
326351,326351,326361,10,0
326351,326351,326362,11,0
326351,326351,326363,12,0
326351,326351,326362,11,0
326351,326351,326363,12,0
326351,326351,326364,13,0
326351,326351,326363,12,0
326351,326351,326364,13,0
326351,326351,326365,14,0
326374,326374,326375,1,0
326374,326374,326375,1,0
326374,326374,326375,1,0
326374,326374,326375,1,0
326374,326374,326375,1,0
326374,326374,326375,1,0
326374,326375,326376,1,1
326374,326374,326377,3,0
326374,326374,326377,3,0
326374,326374,326377,3,0
326374,326374,326377,3,0
326374,326374,326377,3,0
326374,326375,326376,1,1
326374,326375,326376,1,1
326374,326374,326377,3,0
326374,326376,326377,1,2
326374,326374,326378,4,0
326374,326376,326377,1,2
326374,326376,326378,2,2
326374,326376,326378,2,2
326374,326374,326378,4,0
326374,326374,326378,4,0
326374,326377,326379,2,3
326374,326374,326379,5,0
326374,326378,326379,1,4
326374,326374,326378,4,0
326374,326377,326379,2,3
326374,326374,326378,4,0
326374,326378,326379,1,4
326374,326377,326380,3,3
326374,326378,326380,2,4
326374,326378,326380,2,4
326374,326374,326380,6,0
326374,326374,326379,5,0
326374,326379,326380,1,5
326374,326379,326380,1,5
326374,326374,326380,6,0
326374,326378,326380,2,4
326374,326379,326380,1,5
326374,326379,326380,1,5
326374,326374,326379,5,0
326374,326378,326379,1,4
326374,326379,326380,1,5
326374,326377,326380,3,3
326374,326377,326381,4,3
326374,326374,326381,7,0
326374,326377,326381,4,3
326374,326374,326381,7,0
326374,326374,326381,7,0
326374,326379,326381,2,5
326374,326374,326380,6,0
326374,326374,326381,7,0
326374,326374,326381,7,0
326374,326374,326380,6,0
326374,326379,326380,1,5
326374,326380,326381,1,6
326374,326379,326381,2,5
326374,326380,326381,1,6
326374,326379,326381,2,5
326374,326374,326382,8,0
326374,326374,326382,8,0
326374,326377,326381,4,3
326374,326374,326382,8,0
326374,326380,326382,2,6
326374,326380,326381,1,6
326374,326380,326381,1,6
326374,326374,326383,9,0
326374,326380,326382,2,6
326374,326374,326383,9,0
326374,326374,326384,10,0
326374,326374,326384,10,0
326374,326374,326385,11,0
326374,326374,326384,10,0
326374,326374,326385,11,0
326374,326374,326385,11,0
326374,326374,326386,12,0
326374,326374,326386,12,0
326374,326374,326386,12,0
326374,326374,326387,13,0
326395,326395,326396,1,0
326395,326395,326396,1,0
326395,326395,326396,1,0
326395,326395,326397,2,0
326395,326395,326397,2,0
326395,326395,326397,2,0
326395,326397,326398,1,2
326395,326397,326398,1,2
326395,326396,326398,2,1
326395,326396,326398,2,1
326395,326396,326398,2,1
326395,326395,326399,4,0
326395,326395,326399,4,0
326395,326397,326399,2,2
326395,326395,326399,4,0
326395,326395,326399,4,0
326395,326395,326399,4,0
326395,326395,326400,5,0
326395,326395,326400,5,0
326395,326395,326400,5,0
326395,326399,326400,1,4
326395,326395,326400,5,0
326395,326395,326400,5,0
326395,326400,326401,1,5
326395,326399,326400,1,4
326395,326395,326401,6,0
326395,326400,326401,1,5
326395,326395,326401,6,0
326395,326395,326401,6,0
326395,326395,326401,6,0
326395,326400,326401,1,5
326395,326395,326401,6,0
326395,326395,326401,6,0
326395,326400,326401,1,5
326395,326395,326401,6,0
326395,326400,326401,1,5
326395,326401,326402,1,6
326395,326395,326401,6,0
326395,326401,326402,1,6
326395,326395,326402,7,0
326395,326400,326402,2,5
326395,326395,326402,7,0
326395,326400,326402,2,5
326395,326395,326402,7,0
326395,326401,326402,1,6
326395,326395,326402,7,0
326395,326395,326402,7,0
326395,326401,326402,1,6
326395,326401,326402,1,6
326395,326402,326403,1,7
326395,326395,326402,7,0
326395,326401,326402,1,6
326395,326395,326403,8,0
326395,326401,326403,2,6
326395,326400,326403,3,5
326395,326400,326403,3,5
326395,326395,326403,8,0
326395,326395,326403,8,0
326395,326401,326403,2,6
326395,326402,326403,1,7
326395,326402,326403,1,7
326395,326402,326403,1,7
326395,326402,326403,1,7
326395,326401,326404,3,6
326395,326395,326404,9,0
326395,326402,326404,2,7
326395,326395,326404,9,0
326395,326395,326404,9,0
326395,326395,326405,10,0
326395,326395,326405,10,0
326395,326395,326405,10,0
326395,326395,326406,11,0
326395,326395,326407,12,0
326395,326395,326406,11,0
326395,326395,326408,13,0
326395,326395,326410,15,0
326419,326419,326420,1,0
326419,326419,326420,1,0
326419,326419,326420,1,0
326419,326419,326420,1,0
326419,326419,326420,1,0
326419,326419,326421,2,0
326419,326420,326421,1,1
326419,326421,326422,1,2
326419,326420,326421,1,1
326419,326421,326422,1,2
326419,326419,326422,3,0
326419,326419,326422,3,0
326419,326419,326423,4,0
326419,326421,326422,1,2
326419,326419,326423,4,0
326419,326419,326422,3,0
326419,326421,326422,1,2
326419,326419,326423,4,0
326419,326422,326423,1,3
326419,326419,326424,5,0
326419,326423,326424,1,4
326419,326422,326423,1,3
326419,326419,326423,4,0
326419,326419,326423,4,0
326419,326422,326423,1,3
326419,326422,326423,1,3
326419,326419,326425,6,0
326419,326423,326425,2,4
326419,326419,326424,5,0
326419,326419,326424,5,0
326419,326419,326424,5,0
326419,326423,326424,1,4
326419,326419,326424,5,0
326419,326424,326425,1,5
326419,326419,326424,5,0
326419,326419,326425,6,0
326419,326419,326424,5,0
326419,326424,326425,1,5
326419,326419,326424,5,0
326419,326423,326425,2,4
326419,326419,326424,5,0
326419,326419,326426,7,0
326419,326419,326426,7,0
326419,326423,326425,2,4
326419,326419,326425,6,0
326419,326424,326425,1,5
326419,326423,326426,3,4
326419,326423,326426,3,4
326419,326425,326426,1,6
326419,326425,326426,1,6
326419,326424,326426,2,5
326419,326419,326426,7,0
326419,326425,326426,1,6
326419,326419,326426,7,0
326419,326424,326425,1,5
326419,326424,326425,1,5
326419,326419,326426,7,0
326419,326419,326425,6,0
326419,326425,326426,1,6
326419,326425,326427,2,6
326419,326419,326426,7,0
326419,326425,326427,2,6
326419,326424,326426,2,5
326419,326425,326426,1,6
326419,326424,326426,2,5
326419,326419,326427,8,0
326419,326425,326426,1,6
326419,326425,326426,1,6
326419,326419,326427,8,0
326419,326424,326427,3,5
326419,326419,326429,10,0
326419,326419,326429,10,0
326419,326419,326429,10,0
326419,326419,326429,10,0
326419,326419,326430,11,0
326419,326419,326432,13,0
326419,326419,326432,13,0
326419,326419,326432,13,0
326419,326419,326432,13,0
326441,326441,326442,1,0
326441,326441,326442,1,0
326441,326441,326442,1,0
326441,326441,326443,2,0
326441,326441,326442,1,0
326441,326441,326442,1,0
326441,326441,326443,2,0
326441,326441,326444,3,0
326441,326442,326444,2,1
326441,326441,326444,3,0
326441,326441,326445,4,0
326441,326443,326444,1,2
326441,326443,326444,1,2
326441,326441,326444,3,0
326441,326443,326444,1,2
326441,326443,326444,1,2
326441,326443,326444,1,2
326441,326441,326445,4,0
326441,326441,326445,4,0
326441,326445,326446,1,4
326441,326444,326446,2,3
326441,326445,326446,1,4
326441,326445,326446,1,4
326441,326445,326447,2,4
326441,326445,326446,1,4
326441,326441,326447,6,0
326441,326441,326446,5,0
326441,326441,326447,6,0
326441,326446,326447,1,5
326441,326446,326447,1,5
326441,326441,326446,5,0
326441,326445,326446,1,4
326441,326446,326447,1,5
326441,326441,326448,7,0
326441,326444,326447,3,3
326441,326441,326447,6,0
326441,326445,326448,3,4
326441,326441,326447,6,0
326441,326445,326447,2,4
326441,326446,326447,1,5
326441,326447,326448,1,6
326441,326447,326448,1,6
326441,326446,326447,1,5
326441,326447,326448,1,6
326441,326447,326448,1,6
326441,326447,326448,1,6
326441,326441,326448,7,0
326441,326441,326449,8,0
326441,326446,326448,2,5
326441,326441,326449,8,0
326441,326447,326448,1,6
326441,326441,326449,8,0
326441,326441,326448,7,0
326441,326447,326448,1,6
326441,326447,326448,1,6
326441,326447,326448,1,6
326441,326441,326449,8,0
326441,326447,326448,1,6
326441,326441,326449,8,0
326441,326441,326449,8,0
326441,326444,326449,5,3
326441,326441,326449,8,0
326441,326448,326450,2,7
326441,326441,326449,8,0
326441,326448,326450,2,7
326441,326441,326449,8,0
326441,326441,326449,8,0
326441,326441,326451,10,0
326441,326441,326450,9,0
326441,326441,326451,10,0
326441,326441,326450,9,0
326441,326441,326450,9,0
326441,326441,326451,10,0
326441,326441,326451,10,0
326441,326441,326451,10,0
326441,326441,326452,11,0
326441,326441,326454,13,0
326441,326441,326454,13,0
326441,326441,326456,15,0
326466,326467,326468,1,1
326466,326467,326468,1,1
326466,326467,326468,1,1
326466,326467,326468,1,1
326466,326467,326468,1,1
326466,326467,326468,1,1
326466,326469,326470,1,3
326466,326468,326469,1,2
326466,326468,326469,1,2
326466,326467,326470,3,1
326466,326467,326470,3,1
326466,326469,326470,1,3
326466,326469,326470,1,3
326466,326467,326470,3,1
326466,326469,326470,1,3
326466,326470,326471,1,4
326466,326470,326471,1,4
326466,326470,326471,1,4
326466,326467,326472,5,1
326466,326467,326472,5,1
326466,326467,326471,4,1
326466,326467,326471,4,1
326466,326467,326473,6,1
326466,326471,326472,1,5
326466,326471,326472,1,5
326466,326467,326472,5,1
326466,326471,326472,1,5
326466,326467,326472,5,1
326466,326471,326472,1,5
326466,326471,326472,1,5
326466,326471,326472,1,5
326466,326471,326473,2,5
326466,326467,326473,6,1
326466,326473,326474,1,7
326466,326473,326474,1,7
326466,326467,326473,6,1
326466,326473,326474,1,7
326466,326473,326474,1,7
326466,326467,326473,6,1
326466,326473,326474,1,7
326466,326472,326473,1,6
326466,326473,326474,1,7
326466,326467,326474,7,1
326466,326473,326474,1,7
326466,326467,326474,7,1
326466,326471,326474,3,5
326466,326472,326474,2,6
326466,326472,326474,2,6
326466,326472,326474,2,6
326466,326467,326474,7,1
326466,326471,326474,3,5
326466,326467,326474,7,1
326466,326467,326475,8,1
326466,326474,326475,1,8
326466,326467,326474,7,1
326466,326467,326474,7,1
326466,326467,326474,7,1
326466,326473,326474,1,7
326466,326467,326475,8,1
326466,326474,326476,2,8
326466,326467,326475,8,1
326466,326473,326475,2,7
326466,326467,326475,8,1
326466,326467,326475,8,1
326466,326474,326475,1,8
326466,326467,326475,8,1
326466,326474,326475,1,8
326466,326467,326476,9,1
326466,326467,326475,8,1
326466,326467,326477,10,1
326466,326467,326476,9,1
326466,326467,326477,10,1
326466,326467,326478,11,1
326466,326467,326478,11,1
326466,326467,326479,12,1
326466,326467,326480,13,1
326466,326467,326482,15,1
326466,326467,326484,17,1
326466,326467,326484,17,1
326492,326492,326493,1,0
326492,326492,326493,1,0
326492,326492,326493,1,0
326492,326492,326493,1,0
326492,326492,326493,1,0
326492,326492,326494,2,0
326492,326492,326495,3,0
326492,326492,326495,3,0
326492,326493,326495,2,1
326492,326492,326495,3,0
326492,326493,326495,2,1
326492,326493,326495,2,1
326492,326492,326496,4,0
326492,326494,326496,2,2
326492,326493,326495,2,1
326492,326495,326496,1,3
326492,326494,326496,2,2
326492,326495,326496,1,3
326492,326492,326496,4,0
326492,326492,326497,5,0
326492,326496,326497,1,4
326492,326492,326497,5,0
326492,326495,326497,2,3
326492,326492,326498,6,0
326492,326495,326498,3,3
326492,326492,326498,6,0
326492,326492,326498,6,0
326492,326496,326498,2,4
326492,326492,326498,6,0
326492,326496,326498,2,4
326492,326497,326498,1,5
326492,326497,326498,1,5
326492,326492,326498,6,0
326492,326492,326498,6,0
326492,326497,326498,1,5
326492,326497,326498,1,5
326492,326496,326499,3,4
326492,326492,326499,7,0
326492,326492,326499,7,0
326492,326498,326499,1,6
326492,326492,326500,8,0
326492,326492,326499,7,0
326492,326492,326499,7,0
326492,326499,326500,1,7
326492,326499,326500,1,7
326492,326497,326500,3,5
326492,326492,326499,7,0
326492,326492,326500,8,0
326492,326495,326500,5,3
326492,326495,326500,5,3
326492,326497,326500,3,5
326492,326498,326500,2,6
326492,326499,326500,1,7
326492,326492,326500,8,0
326492,326492,326500,8,0
326492,326499,326500,1,7
326492,326499,326500,1,7
326492,326492,326501,9,0
326492,326498,326501,3,6
326492,326492,326501,9,0
326492,326492,326501,9,0
326492,326492,326502,10,0
326492,326492,326502,10,0
326492,326492,326503,11,0
326492,326492,326503,11,0
326492,326492,326504,12,0
326492,326492,326504,12,0
326492,326492,326506,14,0
326492,326492,326506,14,0
326492,326492,326506,14,0
326492,326492,326506,14,0
326492,326492,326506,14,0
326492,326492,326507,15,0
326492,326492,326507,15,0
326516,326516,326517,1,0
326516,326516,326517,1,0
326516,326516,326517,1,0
326516,326516,326517,1,0
326516,326516,326517,1,0
326516,326516,326517,1,0
326516,326517,326518,1,1
326516,326517,326519,2,1
326516,326517,326519,2,1
326516,326516,326520,4,0
326516,326516,326519,3,0
326516,326516,326520,4,0
326516,326516,326519,3,0
326516,326518,326520,2,2
326516,326518,326520,2,2
326516,326516,326520,4,0
326516,326518,326520,2,2
326516,326516,326520,4,0
326516,326519,326520,1,3
326516,326519,326520,1,3
326516,326516,326520,4,0
326516,326519,326520,1,3
326516,326516,326521,5,0
326516,326516,326521,5,0
326516,326516,326521,5,0
326516,326516,326521,5,0
326516,326516,326521,5,0
326516,326516,326521,5,0
326516,326516,326521,5,0
326516,326521,326522,1,5
326516,326520,326521,1,4
326516,326520,326521,1,4
326516,326516,326521,5,0
326516,326521,326522,1,5
326516,326521,326522,1,5
326516,326516,326522,6,0
326516,326520,326523,3,4
326516,326520,326523,3,4
326516,326520,326522,2,4
326516,326521,326523,2,5
326516,326520,326522,2,4
326516,326521,326522,1,5
326516,326522,326523,1,6
326516,326516,326523,7,0
326516,326522,326523,1,6
326516,326516,326522,6,0
326516,326516,326522,6,0
326516,326522,326523,1,6
326516,326522,326523,1,6
326516,326516,326522,6,0
326516,326521,326522,1,5
326516,326522,326523,1,6
326516,326522,326523,1,6
326516,326521,326523,2,5
326516,326516,326523,7,0
326516,326522,326523,1,6
326516,326522,326523,1,6
326516,326516,326524,8,0
326516,326522,326523,1,6
326516,326522,326523,1,6
326516,326522,326524,2,6
326516,326522,326524,2,6
326516,326516,326525,9,0
326516,326516,326525,9,0
326516,326516,326524,8,0
326516,326522,326524,2,6
326516,326516,326525,9,0
326516,326516,326525,9,0
326516,326516,326526,10,0
326516,326516,326525,9,0
326516,326516,326525,9,0
326516,326516,326525,9,0
326516,326516,326527,11,0
326516,326516,326526,10,0
326516,326516,326526,10,0
326516,326516,326528,12,0
326516,326516,326529,13,0
326516,326516,326528,12,0
326516,326516,326530,14,0
326540,326540,326541,1,0
326540,326540,326542,2,0
326540,326540,326541,1,0
326540,326540,326541,1,0
326540,326540,326541,1,0
326540,326540,326541,1,0
326540,326540,326542,2,0
326540,326540,326542,2,0
326540,326540,326543,3,0
326540,326542,326543,1,2
326540,326540,326544,4,0
326540,326542,326544,2,2
326540,326542,326544,2,2
326540,326543,326544,1,3
326540,326542,326544,2,2
326540,326542,326544,2,2
326540,326543,326544,1,3
326540,326540,326545,5,0
326540,326540,326544,4,0
326540,326540,326544,4,0
326540,326540,326545,5,0
326540,326542,326544,2,2
326540,326544,326545,1,4
326540,326540,326545,5,0
326540,326542,326544,2,2
326540,326544,326545,1,4
326540,326540,326545,5,0
326540,326543,326544,1,3
326540,326544,326545,1,4
326540,326540,326545,5,0
326540,326544,326545,1,4
326540,326544,326545,1,4
326540,326544,326545,1,4
326540,326544,326545,1,4
326540,326540,326546,6,0
326540,326540,326546,6,0
326540,326540,326546,6,0
326540,326540,326546,6,0
326540,326540,326546,6,0
326540,326545,326546,1,5
326540,326545,326546,1,5
326540,326540,326546,6,0
326540,326545,326546,1,5
326540,326545,326546,1,5
326540,326540,326546,6,0
326540,326540,326546,6,0
326540,326545,326547,2,5
326540,326545,326546,1,5
326540,326545,326546,1,5
326540,326545,326546,1,5
326540,326545,326546,1,5
326540,326545,326547,2,5
326540,326545,326547,2,5
326540,326545,326547,2,5
326540,326540,326547,7,0
326540,326545,326547,2,5
326540,326545,326547,2,5
326540,326540,326548,8,0
326540,326545,326547,2,5
326540,326540,326547,7,0
326540,326545,326547,2,5
326540,326540,326547,7,0
326540,326545,326548,3,5
326540,326540,326548,8,0
326540,326546,326548,2,6
326540,326540,326549,9,0
326540,326540,326550,10,0
326540,326540,326550,10,0
326540,326540,326551,11,0
326540,326540,326550,10,0
326540,326540,326550,10,0
326540,326540,326551,11,0
326540,326540,326552,12,0
326540,326540,326552,12,0
326540,326540,326553,13,0
326540,326540,326553,13,0
326540,326540,326554,14,0
326540,326540,326555,15,0
326540,326540,326557,17,0
326566,326567,326568,1,1
326566,326567,326568,1,1
326566,326567,326568,1,1
326566,326567,326568,1,1
326566,326567,326568,1,1
326566,326567,326568,1,1
326566,326567,326568,1,1
326566,326567,326569,2,1
326566,326567,326569,2,1
326566,326567,326569,2,1
326566,326567,326569,2,1
326566,326567,326569,2,1
326566,326569,326570,1,3
326566,326569,326570,1,3
326566,326567,326570,3,1
326566,326567,326570,3,1
326566,326567,326570,3,1
326566,326569,326571,2,3
326566,326567,326570,3,1
326566,326569,326570,1,3
326566,326569,326570,1,3
326566,326567,326570,3,1
326566,326569,326570,1,3
326566,326570,326571,1,4
326566,326567,326570,3,1
326566,326567,326570,3,1
326566,326569,326570,1,3
326566,326570,326571,1,4
326566,326567,326571,4,1
326566,326567,326571,4,1
326566,326571,326572,1,5
326566,326571,326572,1,5
326566,326570,326571,1,4
326566,326571,326572,1,5
326566,326571,326572,1,5
326566,326571,326572,1,5
326566,326567,326573,6,1
326566,326570,326573,3,4
326566,326570,326572,2,4
326566,326571,326572,1,5
326566,326571,326572,1,5
326566,326571,326572,1,5
326566,326570,326572,2,4
326566,326571,326572,1,5
326566,326571,326572,1,5
326566,326567,326573,6,1
326566,326567,326572,5,1
326566,326572,326573,1,6
326566,326572,326573,1,6
326566,326572,326573,1,6
326566,326571,326572,1,5
326566,326572,326573,1,6
326566,326570,326573,3,4
326566,326567,326573,6,1
326566,326567,326573,6,1
326566,326571,326573,2,5
326566,326567,326573,6,1
326566,326572,326574,2,6
326566,326571,326573,2,5
326566,326567,326573,6,1
326566,326572,326573,1,6
326566,326567,326574,7,1
326566,326571,326574,3,5
326566,326572,326574,2,6
326566,326567,326574,7,1
326566,326567,326574,7,1
326566,326567,326574,7,1
326566,326567,326575,8,1
326566,326567,326575,8,1
326566,326567,326575,8,1
326566,326567,326576,9,1
326566,326567,326575,8,1
326566,326567,326575,8,1
326566,326567,326576,9,1
326566,326567,326576,9,1
326566,326567,326576,9,1
326566,326567,326581,14,1
326566,326567,326582,15,1
326566,326567,326582,15,1
326590,326590,326591,1,0
326590,326590,326591,1,0
326590,326590,326591,1,0
326590,326590,326591,1,0
326590,326590,326591,1,0
326590,326590,326591,1,0
326590,326590,326593,3,0
326590,326590,326593,3,0
326590,326590,326594,4,0
326590,326590,326593,3,0
326590,326592,326594,2,2
326590,326591,326594,3,1
326590,326592,326594,2,2
326590,326590,326594,4,0
326590,326590,326594,4,0
326590,326591,326593,2,1
326590,326592,326593,1,2
326590,326590,326594,4,0
326590,326590,326594,4,0
326590,326590,326595,5,0
326590,326592,326595,3,2
326590,326590,326595,5,0
326590,326590,326595,5,0
326590,326594,326595,1,4
326590,326590,326595,5,0
326590,326590,326595,5,0
326590,326594,326595,1,4
326590,326590,326595,5,0
326590,326594,326596,2,4
326590,326595,326596,1,5
326590,326590,326596,6,0
326590,326594,326595,1,4
326590,326590,326596,6,0
326590,326594,326595,1,4
326590,326595,326596,1,5
326590,326595,326596,1,5
326590,326590,326595,5,0
326590,326590,326596,6,0
326590,326594,326596,2,4
326590,326590,326597,7,0
326590,326590,326597,7,0
326590,326590,326597,7,0
326590,326590,326596,6,0
326590,326594,326596,2,4
326590,326590,326597,7,0
326590,326594,326596,2,4
326590,326595,326596,1,5
326590,326596,326597,1,6
326590,326590,326597,7,0
326590,326595,326596,1,5
326590,326595,326596,1,5
326590,326596,326597,1,6
326590,326590,326597,7,0
326590,326595,326596,1,5
326590,326596,326597,1,6
326590,326596,326597,1,6
326590,326595,326596,1,5
326590,326590,326597,7,0
326590,326596,326597,1,6
326590,326590,326598,8,0
326590,326593,326598,5,3
326590,326594,326597,3,4
326590,326590,326598,8,0
326590,326595,326597,2,5
326590,326595,326597,2,5
326590,326593,326598,5,3
326590,326596,326598,2,6
326590,326596,326597,1,6
326590,326596,326599,3,6
326590,326590,326599,9,0
326590,326590,326601,11,0
326590,326590,326600,10,0
326590,326590,326601,11,0
326590,326590,326601,11,0
326590,326590,326603,13,0
326590,326590,326608,18,0
326590,326590,326609,19,0
326590,326590,326611,21,0
326590,326590,326613,23,0
326621,326621,326622,1,0
326621,326621,326622,1,0
326621,326621,326623,2,0
326621,326621,326623,2,0
326621,326621,326622,1,0
326621,326621,326623,2,0
326621,326621,326625,4,0
326621,326621,326625,4,0
326621,326623,326625,2,2
326621,326621,326625,4,0
326621,326622,326625,3,1
326621,326623,326625,2,2
326621,326624,326625,1,3
326621,326621,326626,5,0
326621,326621,326626,5,0
326621,326621,326626,5,0
326621,326623,326626,3,2
326621,326623,326626,3,2
326621,326621,326626,5,0
326621,326621,326626,5,0
326621,326621,326627,6,0
326621,326621,326627,6,0
326621,326621,326627,6,0
326621,326621,326627,6,0
326621,326621,326627,6,0
326621,326621,326627,6,0
326621,326621,326627,6,0
326621,326627,326628,1,6
326621,326621,326627,6,0
326621,326626,326627,1,5
326621,326626,326627,1,5
326621,326626,326627,1,5
326621,326626,326627,1,5
326621,326627,326628,1,6
326621,326621,326628,7,0
326621,326621,326628,7,0
326621,326621,326628,7,0
326621,326626,326628,2,5
326621,326621,326628,7,0
326621,326621,326628,7,0
326621,326627,326628,1,6
326621,326621,326628,7,0
326621,326627,326628,1,6
326621,326628,326629,1,7
326621,326626,326628,2,5
326621,326621,326628,7,0
326621,326621,326628,7,0
326621,326628,326629,1,7
326621,326621,326629,8,0
326621,326621,326629,8,0
326621,326627,326629,2,6
326621,326628,326629,1,7
326621,326621,326629,8,0
326621,326627,326630,3,6
326621,326628,326629,1,7
326621,326628,326629,1,7
326621,326621,326629,8,0
326621,326628,326629,1,7
326621,326628,326629,1,7
326621,326628,326629,1,7
326621,326628,326629,1,7
326621,326628,326629,1,7
326621,326628,326629,1,7
326621,326628,326629,1,7
326621,326628,326629,1,7
326621,326621,326630,9,0
326621,326625,326630,5,4
326621,326621,326630,9,0
326621,326621,326630,9,0
326621,326628,326630,2,7
326621,326621,326631,10,0
326621,326626,326631,5,5
326621,326621,326632,11,0
326621,326621,326632,11,0
326621,326621,326632,11,0
326621,326621,326634,13,0
326621,326621,326636,15,0
326621,326621,326636,15,0
326645,326645,326646,1,0
326645,326645,326646,1,0
326645,326645,326646,1,0
326645,326645,326646,1,0
326645,326645,326646,1,0
326645,326645,326646,1,0
326645,326646,326648,2,1
326645,326645,326648,3,0
326645,326647,326649,2,2
326645,326645,326648,3,0
326645,326647,326649,2,2
326645,326647,326649,2,2
326645,326647,326648,1,2
326645,326645,326649,4,0
326645,326645,326649,4,0
326645,326645,326649,4,0
326645,326645,326649,4,0
326645,326647,326649,2,2
326645,326645,326650,5,0
326645,326645,326649,4,0
326645,326648,326649,1,3
326645,326649,326650,1,4
326645,326645,326650,5,0
326645,326645,326650,5,0
326645,326645,326651,6,0
326645,326649,326651,2,4
326645,326645,326650,5,0
326645,326645,326650,5,0
326645,326650,326651,1,5
326645,326645,326651,6,0
326645,326645,326650,5,0
326645,326645,326651,6,0
326645,326649,326651,2,4
326645,326649,326650,1,4
326645,326650,326651,1,5
326645,326650,326651,1,5
326645,326645,326650,5,0
326645,326645,326652,7,0
326645,326645,326652,7,0
326645,326645,326651,6,0
326645,326645,326652,7,0
326645,326649,326651,2,4
326645,326651,326652,1,6
326645,326645,326651,6,0
326645,326650,326652,2,5
326645,326645,326651,6,0
326645,326645,326651,6,0
326645,326645,326651,6,0
326645,326650,326651,1,5
326645,326650,326651,1,5
326645,326651,326652,1,6
326645,326645,326652,7,0
326645,326651,326652,1,6
326645,326651,326652,1,6
326645,326651,326652,1,6
326645,326651,326652,1,6
326645,326651,326652,1,6
326645,326645,326653,8,0
326645,326650,326652,2,5
326645,326645,326652,7,0
326645,326650,326652,2,5
326645,326649,326652,3,4
326645,326651,326653,2,6
326645,326651,326653,2,6
326645,326645,326652,7,0
326645,326651,326652,1,6
326645,326651,326652,1,6
326645,326651,326652,1,6
326645,326645,326654,9,0
326645,326645,326654,9,0
326645,326645,326655,10,0
326645,326645,326655,10,0
326645,326645,326655,10,0
326645,326645,326658,13,0
326645,326645,326660,15,0
326645,326645,326660,15,0
326645,326650,326660,10,5
326645,326651,326661,10,6
326645,326645,326663,18,0
326671,326671,326672,1,0
326671,326671,326672,1,0
326671,326671,326673,2,0
326671,326671,326673,2,0
326671,326671,326673,2,0
326671,326671,326672,1,0
326671,326672,326673,1,1
326671,326672,326673,1,1
326671,326671,326674,3,0
326671,326671,326675,4,0
326671,326671,326675,4,0
326671,326671,326675,4,0
326671,326673,326674,1,2
326671,326673,326675,2,2
326671,326673,326675,2,2
326671,326673,326675,2,2
326671,326671,326675,4,0
326671,326674,326676,2,3
326671,326671,326676,5,0
326671,326671,326675,4,0
326671,326671,326676,5,0
326671,326671,326676,5,0
326671,326671,326676,5,0
326671,326671,326676,5,0
326671,326674,326676,2,3
326671,326671,326676,5,0
326671,326671,326676,5,0
326671,326671,326677,6,0
326671,326675,326677,2,4
326671,326671,326677,6,0
326671,326671,326677,6,0
326671,326675,326677,2,4
326671,326675,326677,2,4
326671,326671,326677,6,0
326671,326671,326677,6,0
326671,326675,326677,2,4
326671,326671,326677,6,0
326671,326675,326677,2,4
326671,326671,326678,7,0
326671,326676,326678,2,5
326671,326677,326678,1,6
326671,326671,326677,6,0
326671,326675,326678,3,4
326671,326677,326678,1,6
326671,326677,326678,1,6
326671,326676,326678,2,5
326671,326677,326678,1,6
326671,326676,326678,2,5
326671,326677,326678,1,6
326671,326676,326677,1,5
326671,326676,326678,2,5
326671,326677,326678,1,6
326671,326671,326679,8,0
326671,326671,326679,8,0
326671,326675,326679,4,4
326671,326677,326679,2,6
326671,326671,326679,8,0
326671,326671,326679,8,0
326671,326676,326679,3,5
326671,326676,326679,3,5
326671,326675,326679,4,4
326671,326676,326679,3,5
326671,326671,326679,8,0
326671,326677,326678,1,6
326671,326671,326680,9,0
326671,326671,326680,9,0
326671,326675,326680,5,4
326671,326677,326680,3,6
326671,326677,326679,2,6
326671,326671,326680,9,0
326671,326671,326686,15,0
326671,326671,326686,15,0
326671,326671,326686,15,0
326671,326671,326689,18,0
326671,326671,326690,19,0
326671,326671,326691,20,0
326671,326671,326694,23,0
326671,326671,326694,23,0
326671,326671,326696,25,0
326705,326705,326706,1,0
326705,326705,326706,1,0
326705,326705,326707,2,0
326705,326705,326706,1,0
326705,326705,326706,1,0
326705,326706,326707,1,1
326705,326705,326708,3,0
326705,326707,326708,1,2
326705,326706,326707,1,1
326705,326705,326709,4,0
326705,326707,326709,2,2
326705,326707,326709,2,2
326705,326708,326709,1,3
326705,326707,326708,1,2
326705,326705,326710,5,0
326705,326705,326710,5,0
326705,326708,326710,2,3
326705,326708,326710,2,3
326705,326705,326711,6,0
326705,326705,326711,6,0
326705,326705,326711,6,0
326705,326705,326711,6,0
326705,326705,326710,5,0
326705,326705,326711,6,0
326705,326709,326711,2,4
326705,326705,326711,6,0
326705,326705,326711,6,0
326705,326705,326711,6,0
326705,326709,326711,2,4
326705,326705,326711,6,0
326705,326705,326711,6,0
326705,326709,326711,2,4
326705,326705,326712,7,0
326705,326705,326712,7,0
326705,326710,326712,2,5
326705,326711,326712,1,6
326705,326705,326712,7,0
326705,326710,326712,2,5
326705,326711,326712,1,6
326705,326709,326711,2,4
326705,326711,326712,1,6
326705,326705,326712,7,0
326705,326711,326713,2,6
326705,326705,326713,8,0
326705,326705,326713,8,0
326705,326705,326713,8,0
326705,326712,326713,1,7
326705,326705,326713,8,0
326705,326705,326713,8,0
326705,326711,326713,2,6
326705,326705,326713,8,0
326705,326711,326713,2,6
326705,326712,326713,1,7
326705,326712,326713,1,7
326705,326711,326714,3,6
326705,326711,326714,3,6
326705,326705,326714,9,0
326705,326709,326714,5,4
326705,326705,326714,9,0
326705,326710,326714,4,5
326705,326711,326714,3,6
326705,326705,326714,9,0
326705,326712,326714,2,7
326705,326705,326715,10,0
326705,326711,326714,3,6
326705,326712,326715,3,7
326705,326710,326715,5,5
326705,326705,326716,11,0
326705,326705,326715,10,0
326705,326711,326716,5,6
326705,326705,326717,12,0
326705,326705,326716,11,0
326705,326705,326717,12,0
326705,326705,326718,13,0
326705,326705,326718,13,0
326705,326705,326722,17,0
326705,326705,326729,24,0
326705,326705,326730,25,0
326739,326739,326740,1,0
326739,326739,326740,1,0
326739,326739,326740,1,0
326739,326739,326740,1,0
326739,326739,326740,1,0
326739,326740,326741,1,1
326739,326741,326742,1,2
326739,326741,326743,2,2
326739,326741,326743,2,2
326739,326739,326743,4,0
326739,326741,326742,1,2
326739,326739,326744,5,0
326739,326739,326744,5,0
326739,326742,326744,2,3
326739,326741,326743,2,2
326739,326743,326744,1,4
326739,326739,326745,6,0
326739,326739,326744,5,0
326739,326739,326745,6,0
326739,326739,326745,6,0
326739,326739,326745,6,0
326739,326739,326745,6,0
326739,326743,326745,2,4
326739,326739,326745,6,0
326739,326739,326745,6,0
326739,326743,326745,2,4
326739,326743,326744,1,4
326739,326739,326745,6,0
326739,326739,326746,7,0
326739,326739,326746,7,0
326739,326739,326745,6,0
326739,326744,326746,2,5
326739,326739,326746,7,0
326739,326744,326746,2,5
326739,326745,326746,1,6
326739,326745,326746,1,6
326739,326739,326745,6,0
326739,326739,326746,7,0
326739,326744,326746,2,5
326739,326739,326747,8,0
326739,326744,326747,3,5
326739,326739,326746,7,0
326739,326739,326746,7,0
326739,326745,326746,1,6
326739,326745,326747,2,6
326739,326739,326747,8,0
326739,326746,326747,1,7
326739,326746,326747,1,7
326739,326745,326747,2,6
326739,326739,326746,7,0
326739,326745,326746,1,6
326739,326746,326747,1,7
326739,326739,326748,9,0
326739,326739,326748,9,0
326739,326745,326748,3,6
326739,326744,326748,4,5
326739,326745,326748,3,6
326739,326745,326748,3,6
326739,326746,326748,2,7
326739,326739,326748,9,0
326739,326746,326747,1,7
326739,326739,326747,8,0
326739,326746,326747,1,7
326739,326746,326747,1,7
326739,326739,326747,8,0
326739,326745,326748,3,6
326739,326745,326748,3,6
326739,326739,326748,9,0
326739,326746,326749,3,7
326739,326739,326750,11,0
326739,326739,326750,11,0
326739,326739,326750,11,0
326739,326739,326751,12,0
326739,326739,326753,14,0
326739,326739,326753,14,0
326739,326739,326756,17,0
326739,326739,326756,17,0
326739,326739,326757,18,0
326739,326739,326760,21,0
326770,326770,326771,1,0
326770,326770,326771,1,0
326770,326770,326771,1,0
326770,326770,326772,2,0
326770,326770,326772,2,0
326770,326770,326773,3,0
326770,326772,326773,1,2
326770,326772,326773,1,2
326770,326771,326774,3,1
326770,326772,326774,2,2
326770,326771,326775,4,1
326770,326771,326775,4,1
326770,326771,326775,4,1
326770,326771,326775,4,1
326770,326771,326775,4,1
326770,326773,326775,2,3
326770,326773,326775,2,3
326770,326774,326775,1,4
326770,326774,326775,1,4
326770,326770,326775,5,0
326770,326774,326775,1,4
326770,326770,326776,6,0
326770,326771,326776,5,1
326770,326771,326776,5,1
326770,326771,326776,5,1
326770,326775,326776,1,5
326770,326776,326777,1,6
326770,326776,326777,1,6
326770,326776,326777,1,6
326770,326776,326777,1,6
326770,326776,326777,1,6
326770,326770,326777,7,0
326770,326771,326778,7,1
326770,326776,326777,1,6
326770,326770,326777,7,0
326770,326770,326777,7,0
326770,326771,326777,6,1
326770,326777,326778,1,7
326770,326777,326778,1,7
326770,326777,326778,1,7
326770,326771,326777,6,1
326770,326771,326777,6,1
326770,326777,326778,1,7
326770,326777,326778,1,7
326770,326771,326779,8,1
326770,326776,326778,2,6
326770,326770,326778,8,0
326770,326776,326778,2,6
326770,326776,326778,2,6
326770,326770,326778,8,0
326770,326771,326778,7,1
326770,326775,326778,3,5
326770,326777,326779,2,7
326770,326776,326778,2,6
326770,326776,326778,2,6
326770,326770,326779,9,0
326770,326777,326778,1,7
326770,326770,326778,8,0
326770,326771,326778,7,1
326770,326778,326779,1,8
326770,326778,326779,1,8
326770,326778,326779,1,8
326770,326770,326778,8,0
326770,326771,326778,7,1
326770,326771,326779,8,1
326770,326771,326779,8,1
326770,326777,326779,2,7
326770,326771,326779,8,1
326770,326777,326779,2,7
326770,326777,326779,2,7
326770,326771,326779,8,1
326770,326770,326780,10,0
326770,326771,326782,11,1
326770,326770,326782,12,0
326770,326771,326783,12,1
326770,326770,326783,13,0
326770,326771,326784,13,1
326770,326770,326790,20,0
326799,326799,326800,1,0
326799,326799,326800,1,0
326799,326799,326800,1,0
326799,326799,326800,1,0
326799,326799,326800,1,0
326799,326800,326802,2,1
326799,326800,326801,1,1
326799,326799,326802,3,0
326799,326801,326802,1,2
326799,326801,326802,1,2
326799,326799,326803,4,0
326799,326799,326803,4,0
326799,326799,326803,4,0
326799,326799,326803,4,0
326799,326801,326803,2,2
326799,326799,326804,5,0
326799,326799,326804,5,0
326799,326802,326804,2,3
326799,326799,326805,6,0
326799,326803,326805,2,4
326799,326802,326804,2,3
326799,326799,326804,5,0
326799,326799,326804,5,0
326799,326799,326804,5,0
326799,326803,326805,2,4
326799,326799,326806,7,0
326799,326799,326805,6,0
326799,326799,326806,7,0
326799,326799,326805,6,0
326799,326799,326806,7,0
326799,326799,326806,7,0
326799,326804,326806,2,5
326799,326805,326806,1,6
326799,326799,326806,7,0
326799,326799,326807,8,0
326799,326799,326807,8,0
326799,326799,326807,8,0
326799,326804,326806,2,5
326799,326799,326807,8,0
326799,326805,326807,2,6
326799,326805,326806,1,6
326799,326799,326807,8,0
326799,326799,326806,7,0
326799,326804,326806,2,5
326799,326805,326807,2,6
326799,326799,326806,7,0
326799,326799,326807,8,0
326799,326804,326806,2,5
326799,326805,326806,1,6
326799,326806,326807,1,7
326799,326806,326807,1,7
326799,326806,326807,1,7
326799,326806,326807,1,7
326799,326799,326807,8,0
326799,326806,326808,2,7
326799,326804,326808,4,5
326799,326799,326808,9,0
326799,326805,326808,3,6
326799,326805,326808,3,6
326799,326799,326808,9,0
326799,326799,326808,9,0
326799,326804,326808,4,5
326799,326806,326808,2,7
326799,326807,326809,2,8
326799,326806,326809,3,7
326799,326806,326808,2,7
326799,326799,326809,10,0
326799,326799,326809,10,0
326799,326807,326809,2,8
326799,326799,326810,11,0
326799,326803,326810,7,4
326799,326804,326809,5,5
326799,326804,326809,5,5
326799,326799,326810,11,0
326799,326799,326810,11,0
326799,326799,326811,12,0
326799,326799,326813,14,0
326799,326799,326813,14,0
326799,326799,326815,16,0
326824,326824,326825,1,0
326824,326824,326825,1,0
326824,326824,326826,2,0
326824,326824,326825,1,0
326824,326824,326825,1,0
326824,326824,326827,3,0
326824,326825,326827,2,1
326824,326824,326828,4,0
326824,326826,326828,2,2
326824,326824,326828,4,0
326824,326824,326827,3,0
326824,326824,326828,4,0
326824,326824,326828,4,0
326824,326824,326828,4,0
326824,326826,326828,2,2
326824,326825,326827,2,1
326824,326824,326828,4,0
326824,326824,326828,4,0
326824,326824,326828,4,0
326824,326826,326828,2,2
326824,326824,326829,5,0
326824,326824,326829,5,0
326824,326824,326829,5,0
326824,326824,326829,5,0
326824,326824,326829,5,0
326824,326827,326829,2,3
326824,326824,326829,5,0
326824,326824,326829,5,0
326824,326824,326830,6,0
326824,326824,326830,6,0
326824,326824,326830,6,0
326824,326824,326830,6,0
326824,326824,326830,6,0
326824,326824,326830,6,0
326824,326828,326830,2,4
326824,326829,326830,1,5
326824,326829,326831,2,5
326824,326829,326831,2,5
326824,326824,326831,7,0
326824,326828,326830,2,4
326824,326824,326831,7,0
326824,326828,326830,2,4
326824,326824,326831,7,0
326824,326824,326830,6,0
326824,326824,326830,6,0
326824,326828,326830,2,4
326824,326830,326831,1,6
326824,326824,326831,7,0
326824,326828,326831,3,4
326824,326827,326831,4,3
326824,326830,326831,1,6
326824,326824,326831,7,0
326824,326824,326832,8,0
326824,326828,326832,4,4
326824,326830,326832,2,6
326824,326824,326832,8,0
326824,326830,326832,2,6
326824,326828,326832,4,4
326824,326829,326832,3,5
326824,326824,326832,8,0
326824,326829,326832,3,5
326824,326830,326832,2,6
326824,326824,326833,9,0
326824,326824,326832,8,0
326824,326824,326833,9,0
326824,326829,326833,4,5
326824,326829,326832,3,5
326824,326830,326832,2,6
326824,326829,326833,4,5
326824,326828,326833,5,4
326824,326830,326833,3,6
326824,326828,326832,4,4
326824,326828,326833,5,4
326824,326828,326832,4,4
326824,326829,326833,4,5
326824,326830,326833,3,6
326824,326824,326833,9,0
326824,326824,326833,9,0
326824,326824,326836,12,0
326845,326845,326846,1,0
326845,326845,326846,1,0
326845,326845,326846,1,0
326845,326845,326846,1,0
326845,326845,326846,1,0
326845,326845,326848,3,0
326845,326845,326848,3,0
326845,326847,326848,1,2
326845,326846,326848,2,1
326845,326845,326848,3,0
326845,326845,326849,4,0
326845,326845,326849,4,0
326845,326847,326849,2,2
326845,326845,326848,3,0
326845,326845,326849,4,0
326845,326847,326849,2,2
326845,326845,326849,4,0
326845,326846,326849,3,1
326845,326845,326849,4,0
326845,326845,326849,4,0
326845,326845,326850,5,0
326845,326848,326850,2,3
326845,326845,326850,5,0
326845,326845,326850,5,0
326845,326845,326850,5,0
326845,326848,326850,2,3
326845,326845,326849,4,0
326845,326845,326849,4,0
326845,326845,326850,5,0
326845,326845,326851,6,0
326845,326845,326850,5,0
326845,326845,326850,5,0
326845,326845,326850,5,0
326845,326849,326851,2,4
326845,326849,326850,1,4
326845,326845,326851,6,0
326845,326845,326851,6,0
326845,326845,326852,7,0
326845,326845,326851,6,0
326845,326848,326851,3,3
326845,326850,326851,1,5
326845,326851,326852,1,6
326845,326845,326851,6,0
326845,326849,326852,3,4
326845,326851,326852,1,6
326845,326848,326851,3,3
326845,326845,326851,6,0
326845,326850,326852,2,5
326845,326845,326851,6,0
326845,326850,326851,1,5
326845,326850,326851,1,5
326845,326851,326852,1,6
326845,326850,326852,2,5
326845,326845,326852,7,0
326845,326845,326853,8,0
326845,326849,326852,3,4
326845,326845,326852,7,0
326845,326850,326853,3,5
326845,326850,326852,2,5
326845,326850,326852,2,5
326845,326845,326853,8,0
326845,326849,326853,4,4
326845,326850,326852,2,5
326845,326850,326853,3,5
326845,326849,326854,5,4
326845,326850,326853,3,5
326845,326851,326853,2,6
326845,326851,326854,3,6
326845,326851,326854,3,6
326845,326845,326854,9,0
326845,326849,326853,4,4
326845,326850,326855,5,5
326845,326850,326855,5,5
326845,326845,326855,10,0
326845,326845,326856,11,0
326845,326845,326856,11,0
326845,326845,326856,11,0
326845,326845,326857,12,0
326845,326845,326857,12,0
326866,326866,326867,1,0
326866,326866,326867,1,0
326866,326866,326867,1,0
326866,326866,326867,1,0
326866,326866,326867,1,0
326866,326866,326868,2,0
326866,326866,326870,4,0
326866,326866,326869,3,0
326866,326866,326870,4,0
326866,326866,326869,3,0
326866,326868,326869,1,2
326866,326868,326869,1,2
326866,326868,326869,1,2
326866,326868,326869,1,2
326866,326866,326870,4,0
326866,326868,326870,2,2
326866,326866,326870,4,0
326866,326866,326871,5,0
326866,326869,326870,1,3
326866,326866,326871,5,0
326866,326866,326871,5,0
326866,326866,326871,5,0
326866,326866,326871,5,0
326866,326866,326872,6,0
326866,326866,326871,5,0
326866,326866,326871,5,0
326866,326866,326871,5,0
326866,326870,326871,1,4
326866,326866,326872,6,0
326866,326866,326871,5,0
326866,326870,326872,2,4
326866,326866,326871,5,0
326866,326866,326872,6,0
326866,326866,326872,6,0
326866,326866,326872,6,0
326866,326866,326872,6,0
326866,326866,326872,6,0
326866,326866,326872,6,0
326866,326872,326873,1,6
326866,326870,326872,2,4
326866,326866,326872,6,0
326866,326870,326873,3,4
326866,326871,326872,1,5
326866,326872,326873,1,6
326866,326872,326873,1,6
326866,326872,326873,1,6
326866,326870,326873,3,4
326866,326866,326873,7,0
326866,326866,326873,7,0
326866,326866,326874,8,0
326866,326871,326873,2,5
326866,326872,326873,1,6
326866,326870,326873,3,4
326866,326870,326873,3,4
326866,326870,326873,3,4
326866,326873,326874,1,7
326866,326866,326873,7,0
326866,326866,326873,7,0
326866,326866,326873,7,0
326866,326871,326874,3,5
326866,326872,326875,3,6
326866,326872,326874,2,6
326866,326872,326874,2,6
326866,326872,326874,2,6
326866,326871,326874,3,5
326866,326872,326874,2,6
326866,326866,326875,9,0
326866,326873,326875,2,7
326866,326873,326875,2,7
326866,326871,326875,4,5
326866,326866,326876,10,0
326866,326872,326876,4,6
326866,326866,326876,10,0
326866,326866,326876,10,0
326866,326872,326877,5,6
326866,326866,326878,12,0
326866,326872,326878,6,6
326866,326866,326879,13,0
326866,326866,326879,13,0
326889,326889,326890,1,0
326889,326889,326890,1,0
326889,326889,326890,1,0
326889,326889,326890,1,0
326889,326889,326890,1,0
326889,326890,326891,1,1
326889,326890,326892,2,1
326889,326890,326891,1,1
326889,326891,326893,2,2
326889,326889,326893,4,0
326889,326889,326893,4,0
326889,326889,326893,4,0
326889,326891,326893,2,2
326889,326889,326892,3,0
326889,326891,326893,2,2
326889,326889,326894,5,0
326889,326889,326893,4,0
326889,326889,326894,5,0
326889,326893,326894,1,4
326889,326893,326894,1,4
326889,326892,326894,2,3
326889,326892,326894,2,3
326889,326889,326895,6,0
326889,326889,326895,6,0
326889,326889,326895,6,0
326889,326889,326894,5,0
326889,326889,326895,6,0
326889,326889,326895,6,0
326889,326889,326895,6,0
326889,326889,326895,6,0
326889,326894,326895,1,5
326889,326889,326895,6,0
326889,326894,326895,1,5
326889,326889,326895,6,0
326889,326893,326895,2,4
326889,326893,326896,3,4
326889,326889,326896,7,0
326889,326893,326896,3,4
326889,326889,326896,7,0
326889,326889,326895,6,0
326889,326894,326896,2,5
326889,326895,326896,1,6
326889,326889,326896,7,0
326889,326894,326895,1,5
326889,326889,326895,6,0
326889,326893,326896,3,4
326889,326895,326896,1,6
326889,326889,326896,7,0
326889,326895,326896,1,6
326889,326889,326896,7,0
326889,326893,326896,3,4
326889,326889,326897,8,0
326889,326889,326897,8,0
326889,326889,326897,8,0
326889,326895,326897,2,6
326889,326895,326897,2,6
326889,326889,326897,8,0
326889,326895,326897,2,6
326889,326896,326897,1,7
326889,326895,326896,1,6
326889,326895,326896,1,6
326889,326895,326897,2,6
326889,326889,326898,9,0
326889,326889,326898,9,0
326889,326889,326897,8,0
326889,326889,326898,9,0
326889,326895,326898,3,6
326889,326889,326898,9,0
326889,326894,326898,4,5
326889,326895,326898,3,6
326889,326889,326899,10,0
326889,326896,326898,2,7
326889,326889,326900,11,0
326889,326894,326900,6,5
326889,326889,326900,11,0
326889,326889,326900,11,0
326889,326894,326901,7,5
326889,326889,326902,13,0
326889,326889,326902,13,0
326911,326912,326913,1,1
326911,326912,326913,1,1
326911,326912,326913,1,1
326911,326912,326913,1,1
326911,326912,326913,1,1
326911,326912,326914,2,1
326911,326914,326915,1,3
326911,326914,326915,1,3
326911,326914,326915,1,3
326911,326914,326915,1,3
326911,326912,326916,4,1
326911,326912,326916,4,1
326911,326914,326916,2,3
326911,326912,326916,4,1
326911,326915,326916,1,4
326911,326912,326917,5,1
326911,326912,326917,5,1
326911,326912,326917,5,1
326911,326912,326918,6,1
326911,326912,326917,5,1
326911,326916,326917,1,5
326911,326916,326917,1,5
326911,326917,326918,1,6
326911,326916,326917,1,5
326911,326917,326918,1,6
326911,326912,326919,7,1
326911,326912,326918,6,1
326911,326912,326918,6,1
326911,326912,326918,6,1
326911,326912,326918,6,1
326911,326917,326918,1,6
326911,326917,326918,1,6
326911,326912,326918,6,1
326911,326912,326919,7,1
326911,326912,326918,6,1
326911,326918,326919,1,7
326911,326912,326918,6,1
326911,326916,326918,2,5
326911,326912,326919,7,1
326911,326912,326919,7,1
326911,326912,326919,7,1
326911,326912,326919,7,1
326911,326917,326920,3,6
326911,326919,326920,1,8
326911,326919,326920,1,8
326911,326912,326919,7,1
326911,326918,326919,1,7
326911,326919,326920,1,8
326911,326919,326920,1,8
326911,326912,326920,8,1
326911,326918,326919,1,7
326911,326919,326920,1,8
326911,326912,326919,7,1
326911,326918,326919,1,7
326911,326918,326919,1,7
326911,326912,326920,8,1
326911,326918,326920,2,7
326911,326918,326921,3,7
326911,326912,326920,8,1
326911,326918,326921,3,7
326911,326919,326920,1,8
326911,326919,326920,1,8
326911,326918,326921,3,7
326911,326912,326922,10,1
326911,326919,326921,2,8
326911,326912,326921,9,1
326911,326912,326921,9,1
326911,326919,326922,3,8
326911,326912,326922,10,1
326911,326912,326922,10,1
326911,326912,326923,11,1
326911,326912,326922,10,1
326911,326918,326922,4,7
326911,326919,326923,4,8
326911,326912,326922,10,1
326911,326912,326922,10,1
326911,326912,326923,11,1
326911,326912,326924,12,1
326911,326912,326926,14,1
326935,326935,326936,1,0
326935,326935,326936,1,0
326935,326935,326936,1,0
326935,326935,326936,1,0
326935,326935,326936,1,0
326935,326935,326938,3,0
326935,326937,326938,1,2
326935,326936,326937,1,1
326935,326936,326937,1,1
326935,326935,326938,3,0
326935,326935,326939,4,0
326935,326937,326938,1,2
326935,326937,326939,2,2
326935,326935,326940,5,0
326935,326935,326939,4,0
326935,326935,326940,5,0
326935,326935,326939,4,0
326935,326939,326940,1,4
326935,326938,326940,2,3
326935,326938,326940,2,3
326935,326938,326939,1,3
326935,326938,326940,2,3
326935,326935,326941,6,0
326935,326935,326941,6,0
326935,326935,326941,6,0
326935,326939,326940,1,4
326935,326935,326940,5,0
326935,326935,326940,5,0
326935,326935,326940,5,0
326935,326940,326941,1,5
326935,326935,326941,6,0
326935,326935,326941,6,0
326935,326935,326941,6,0
326935,326939,326942,3,4
326935,326935,326941,6,0
326935,326935,326941,6,0
326935,326935,326942,7,0
326935,326935,326941,6,0
326935,326940,326942,2,5
326935,326935,326942,7,0
326935,326935,326942,7,0
326935,326940,326941,1,5
326935,326940,326941,1,5
326935,326940,326941,1,5
326935,326935,326941,6,0
326935,326935,326942,7,0
326935,326940,326941,1,5
326935,326941,326942,1,6
326935,326935,326942,7,0
326935,326935,326943,8,0
326935,326939,326942,3,4
326935,326940,326942,2,5
326935,326941,326942,1,6
326935,326941,326943,2,6
326935,326935,326943,8,0
326935,326935,326942,7,0
326935,326941,326942,1,6
326935,326941,326942,1,6
326935,326935,326943,8,0
326935,326941,326942,1,6
326935,326941,326942,1,6
326935,326935,326943,8,0
326935,326935,326943,8,0
326935,326940,326943,3,5
326935,326942,326944,2,7
326935,326935,326944,9,0
326935,326941,326944,3,6
326935,326935,326943,8,0
326935,326935,326944,9,0
326935,326940,326944,4,5
326935,326942,326944,2,7
326935,326941,326943,2,6
326935,326942,326944,2,7
326935,326935,326944,9,0
326935,326942,326944,2,7
326935,326935,326946,11,0
326935,326935,326946,11,0
326935,326935,326946,11,0
326935,326935,326945,10,0
326955,326955,326956,1,0
326955,326955,326956,1,0
326955,326955,326956,1,0
326955,326955,326956,1,0
326955,326955,326956,1,0
326955,326956,326957,1,1
326955,326956,326957,1,1
326955,326955,326958,3,0
326955,326955,326958,3,0
326955,326955,326958,3,0
326955,326955,326958,3,0
326955,326955,326959,4,0
326955,326955,326959,4,0
326955,326957,326959,2,2
326955,326957,326959,2,2
326955,326957,326959,2,2
326955,326957,326959,2,2
326955,326957,326960,3,2
326955,326955,326960,5,0
326955,326955,326960,5,0
326955,326958,326959,1,3
326955,326955,326960,5,0
326955,326955,326960,5,0
326955,326955,326961,6,0
326955,326958,326961,3,3
326955,326955,326961,6,0
326955,326958,326961,3,3
326955,326955,326961,6,0
326955,326955,326960,5,0
326955,326959,326961,2,4
326955,326955,326961,6,0
326955,326959,326961,2,4
326955,326959,326961,2,4
326955,326959,326962,3,4
326955,326955,326962,7,0
326955,326960,326961,1,5
326955,326955,326962,7,0
326955,326955,326961,6,0
326955,326955,326962,7,0
326955,326961,326962,1,6
326955,326959,326961,2,4
326955,326960,326962,2,5
326955,326960,326962,2,5
326955,326955,326961,6,0
326955,326961,326962,1,6
326955,326955,326962,7,0
326955,326955,326962,7,0
326955,326955,326963,8,0
326955,326960,326963,3,5
326955,326955,326962,7,0
326955,326955,326962,7,0
326955,326962,326963,1,7
326955,326961,326963,2,6
326955,326961,326963,2,6
326955,326955,326963,8,0
326955,326961,326962,1,6
326955,326955,326963,8,0
326955,326955,326963,8,0
326955,326961,326963,2,6
326955,326961,326963,2,6
326955,326955,326963,8,0
326955,326961,326963,2,6
326955,326955,326963,8,0
326955,326962,326964,2,7
326955,326955,326963,8,0
326955,326961,326964,3,6
326955,326961,326964,3,6
326955,326959,326963,4,4
326955,326955,326964,9,0
326955,326959,326963,4,4
326955,326961,326964,3,6
326955,326955,326964,9,0
326955,326961,326965,4,6
326955,326955,326964,9,0
326955,326955,326966,11,0
326955,326955,326967,12,0
326955,326955,326967,12,0
326955,326955,326968,13,0
326955,326955,326969,14,0
326977,326977,326978,1,0
326977,326977,326978,1,0
326977,326977,326979,2,0
326977,326977,326979,2,0
326977,326977,326979,2,0
326977,326977,326980,3,0
326977,326979,326980,1,2
326977,326978,326981,3,1
326977,326978,326981,3,1
326977,326980,326981,1,3
326977,326980,326981,1,3
326977,326979,326981,2,2
326977,326981,326982,1,4
326977,326978,326982,4,1
326977,326978,326982,4,1
326977,326978,326982,4,1
326977,326978,326982,4,1
326977,326978,326982,4,1
326977,326977,326982,5,0
326977,326978,326982,4,1
326977,326981,326982,1,4
326977,326981,326982,1,4
326977,326978,326983,5,1
326977,326978,326983,5,1
326977,326978,326983,5,1
326977,326978,326983,5,1
326977,326978,326983,5,1
326977,326982,326983,1,5
326977,326978,326984,6,1
326977,326977,326983,6,0
326977,326977,326983,6,0
326977,326977,326983,6,0
326977,326982,326983,1,5
326977,326977,326983,6,0
326977,326983,326984,1,6
326977,326982,326983,1,5
326977,326982,326983,1,5
326977,326978,326984,6,1
326977,326978,326985,7,1
326977,326983,326985,2,6
326977,326977,326984,7,0
326977,326978,326984,6,1
326977,326984,326985,1,7
326977,326983,326984,1,6
326977,326982,326985,3,5
326977,326977,326984,7,0
326977,326983,326984,1,6
326977,326984,326985,1,7
326977,326983,326984,1,6
326977,326984,326985,1,7
326977,326977,326984,7,0
326977,326978,326984,6,1
326977,326984,326985,1,7
326977,326983,326985,2,6
326977,326984,326985,1,7
326977,326984,326985,1,7
326977,326983,326985,2,6
326977,326977,326985,8,0
326977,326977,326985,8,0
326977,326977,326985,8,0
326977,326982,326985,3,5
326977,326983,326986,3,6
326977,326984,326986,2,7
326977,326978,326985,7,1
326977,326977,326985,8,0
326977,326984,326986,2,7
326977,326984,326986,2,7
326977,326984,326986,2,7
326977,326977,326986,9,0
326977,326983,326986,3,6
326977,326984,326986,2,7
326977,326984,326986,2,7
326977,326978,326986,8,1
326977,326977,326988,11,0
326977,326977,326987,10,0
326977,326977,326988,11,0
326977,326977,326988,11,0
326977,326977,326989,12,0
326998,326998,326999,1,0
326998,326998,326999,1,0
326998,326998,326999,1,0
326998,326998,326999,1,0
326998,326998,326999,1,0
326998,326998,326999,1,0
326998,327000,327001,1,2
326998,326998,327002,4,0
326998,326998,327002,4,0
326998,326998,327002,4,0
326998,327000,327002,2,2
326998,327000,327002,2,2
326998,327000,327002,2,2
326998,326998,327003,5,0
326998,326998,327002,4,0
326998,326998,327002,4,0
326998,326998,327003,5,0
326998,327000,327003,3,2
326998,327001,327003,2,3
326998,327000,327003,3,2
326998,326998,327004,6,0
326998,326998,327003,5,0
326998,326998,327004,6,0
326998,326998,327003,5,0
326998,326998,327004,6,0
326998,327002,327004,2,4
326998,327002,327003,1,4
326998,327002,327004,2,4
326998,327002,327004,2,4
326998,326998,327005,7,0
326998,327002,327005,3,4
326998,326998,327005,7,0
326998,327002,327005,3,4
326998,326998,327005,7,0
326998,326998,327004,6,0
326998,327003,327005,2,5
326998,326998,327005,7,0
326998,327004,327005,1,6
326998,327004,327005,1,6
326998,326998,327005,7,0
326998,327003,327005,2,5
326998,326998,327005,7,0
326998,327003,327005,2,5
326998,327004,327005,1,6
326998,326998,327006,8,0
326998,327003,327006,3,5
326998,327003,327006,3,5
326998,326998,327006,8,0
326998,326998,327006,8,0
326998,327003,327006,3,5
326998,327003,327005,2,5
326998,327004,327006,2,6
326998,327004,327005,1,6
326998,326998,327005,7,0
326998,327004,327007,3,6
326998,326998,327007,9,0
326998,327004,327007,3,6
326998,327004,327006,2,6
326998,327004,327006,2,6
326998,326998,327007,9,0
326998,327005,327007,2,7
326998,326998,327007,9,0
326998,326998,327007,9,0
326998,326998,327006,8,0
326998,326998,327006,8,0
326998,326998,327006,8,0
326998,327005,327007,2,7
326998,327005,327007,2,7
326998,327005,327006,1,7
326998,327005,327007,2,7
326998,327005,327007,2,7
326998,326998,327008,10,0
326998,326998,327007,9,0
326998,326998,327009,11,0
326998,326998,327010,12,0
326998,326998,327010,12,0
326998,326998,327010,12,0
326998,326998,327011,13,0
326998,326998,327012,14,0
327020,327020,327021,1,0
327020,327020,327021,1,0
327020,327020,327022,2,0
327020,327020,327022,2,0
327020,327020,327022,2,0
327020,327020,327022,2,0
327020,327022,327023,1,2
327020,327020,327024,4,0
327020,327023,327024,1,3
327020,327023,327024,1,3
327020,327023,327024,1,3
327020,327022,327025,3,2
327020,327020,327025,5,0
327020,327024,327025,1,4
327020,327021,327025,4,1
327020,327020,327026,6,0
327020,327020,327025,5,0
327020,327025,327026,1,5
327020,327020,327026,6,0
327020,327025,327026,1,5
327020,327020,327026,6,0
327020,327020,327026,6,0
327020,327026,327027,1,6
327020,327025,327026,1,5
327020,327026,327027,1,6
327020,327020,327027,7,0
327020,327020,327027,7,0
327020,327020,327027,7,0
327020,327020,327027,7,0
327020,327026,327027,1,6
327020,327020,327027,7,0
327020,327020,327027,7,0
327020,327020,327027,7,0
327020,327027,327028,1,7
327020,327020,327027,7,0
327020,327020,327027,7,0
327020,327027,327028,1,7
327020,327020,327027,7,0
327020,327027,327028,1,7
327020,327027,327028,1,7
327020,327026,327027,1,6
327020,327027,327028,1,7
327020,327027,327028,1,7
327020,327020,327028,8,0
327020,327026,327028,2,6
327020,327020,327028,8,0
327020,327020,327028,8,0
327020,327020,327028,8,0
327020,327020,327028,8,0
327020,327028,327029,1,8
327020,327027,327028,1,7
327020,327028,327029,1,8
327020,327027,327028,1,7
327020,327020,327028,8,0
327020,327028,327029,1,8
327020,327020,327029,9,0
327020,327028,327029,1,8
327020,327020,327029,9,0
327020,327027,327029,2,7
327020,327020,327029,9,0
327020,327025,327029,4,5
327020,327028,327029,1,8
327020,327028,327029,1,8
327020,327028,327029,1,8
327020,327028,327029,1,8
327020,327028,327029,1,8
327020,327020,327030,10,0
327020,327028,327030,2,8
327020,327020,327030,10,0
327020,327020,327031,11,0
327020,327020,327031,11,0
327020,327020,327032,12,0
327020,327020,327032,12,0
327020,327020,327032,12,0
327020,327020,327033,13,0
327020,327020,327034,14,0
327020,327020,327034,14,0
327020,327020,327035,15,0
327020,327020,327038,18,0
327047,327047,327048,1,0
327047,327047,327048,1,0
327047,327047,327048,1,0
327047,327047,327048,1,0
327047,327047,327049,2,0
327047,327047,327048,1,0
327047,327049,327051,2,2
327047,327049,327051,2,2
327047,327048,327050,2,1
327047,327049,327051,2,2
327047,327049,327051,2,2
327047,327049,327051,2,2
327047,327047,327052,5,0
327047,327047,327052,5,0
327047,327047,327052,5,0
327047,327047,327053,6,0
327047,327047,327052,5,0
327047,327051,327052,1,4
327047,327047,327053,6,0
327047,327052,327053,1,5
327047,327047,327054,7,0
327047,327047,327053,6,0
327047,327047,327054,7,0
327047,327047,327053,6,0
327047,327047,327053,6,0
327047,327047,327054,7,0
327047,327052,327053,1,5
327047,327047,327054,7,0
327047,327047,327053,6,0
327047,327047,327054,7,0
327047,327051,327054,3,4
327047,327047,327054,7,0
327047,327052,327053,1,5
327047,327052,327053,1,5
327047,327047,327053,6,0
327047,327051,327054,3,4
327047,327053,327054,1,6
327047,327053,327054,1,6
327047,327047,327054,7,0
327047,327054,327055,1,7
327047,327054,327055,1,7
327047,327054,327055,1,7
327047,327047,327054,7,0
327047,327047,327054,7,0
327047,327053,327055,2,6
327047,327053,327055,2,6
327047,327054,327055,1,7
327047,327054,327055,1,7
327047,327047,327055,8,0
327047,327054,327055,1,7
327047,327047,327056,9,0
327047,327053,327055,2,6
327047,327053,327056,3,6
327047,327054,327056,2,7
327047,327054,327055,1,7
327047,327054,327055,1,7
327047,327054,327055,1,7
327047,327054,327055,1,7
327047,327054,327055,1,7
327047,327054,327056,2,7
327047,327054,327056,2,7
327047,327047,327056,9,0
327047,327047,327057,10,0
327047,327053,327057,4,6
327047,327047,327056,9,0
327047,327054,327056,2,7
327047,327047,327057,10,0
327047,327047,327057,10,0
327047,327047,327057,10,0
327047,327047,327058,11,0
327047,327047,327058,11,0
327047,327047,327057,10,0
327047,327047,327058,11,0
327047,327047,327059,12,0
327047,327047,327059,12,0
327047,327047,327060,13,0
327047,327047,327061,14,0
327047,327047,327060,13,0
327047,327047,327061,14,0
327070,327070,327071,1,0
327070,327070,327071,1,0
327070,327070,327071,1,0
327070,327070,327071,1,0
327070,327070,327071,1,0
327070,327070,327071,1,0
327070,327070,327073,3,0
327070,327070,327074,4,0
327070,327070,327073,3,0
327070,327072,327074,2,2
327070,327071,327074,3,1
327070,327072,327074,2,2
327070,327071,327074,3,1
327070,327072,327074,2,2
327070,327074,327075,1,4
327070,327072,327074,2,2
327070,327075,327076,1,5
327070,327074,327075,1,4
327070,327074,327075,1,4
327070,327070,327076,6,0
327070,327074,327076,2,4
327070,327070,327076,6,0
327070,327074,327076,2,4
327070,327070,327077,7,0
327070,327070,327077,7,0
327070,327073,327077,4,3
327070,327070,327076,6,0
327070,327070,327077,7,0
327070,327070,327077,7,0
327070,327070,327077,7,0
327070,327070,327077,7,0
327070,327070,327076,6,0
327070,327070,327077,7,0
327070,327076,327077,1,6
327070,327070,327077,7,0
327070,327075,327077,2,5
327070,327070,327076,6,0
327070,327075,327077,2,5
327070,327076,327077,1,6
327070,327070,327077,7,0
327070,327070,327078,8,0
327070,327070,327078,8,0
327070,327070,327078,8,0
327070,327070,327077,7,0
327070,327076,327078,2,6
327070,327077,327078,1,7
327070,327076,327078,2,6
327070,327077,327078,1,7
327070,327077,327078,1,7
327070,327076,327078,2,6
327070,327076,327078,2,6
327070,327076,327078,2,6
327070,327077,327078,1,7
327070,327070,327079,9,0
327070,327070,327079,9,0
327070,327074,327079,5,4
327070,327070,327079,9,0
327070,327077,327079,2,7
327070,327077,327079,2,7
327070,327077,327079,2,7
327070,327077,327079,2,7
327070,327077,327079,2,7
327070,327077,327079,2,7
327070,327077,327078,1,7
327070,327070,327080,10,0
327070,327077,327079,2,7
327070,327070,327080,10,0
327070,327070,327081,11,0
327070,327070,327080,10,0
327070,327070,327081,11,0
327070,327070,327082,12,0
327070,327070,327081,11,0
327070,327070,327081,11,0
327070,327070,327082,12,0
327070,327070,327083,13,0
327070,327070,327084,14,0
327070,327070,327084,14,0
327070,327070,327084,14,0
327070,327070,327086,16,0
327095,327095,327096,1,0
327095,327095,327096,1,0
327095,327095,327096,1,0
327095,327095,327096,1,0
327095,327095,327096,1,0
327095,327095,327096,1,0
327095,327096,327097,1,1
327095,327096,327098,2,1
327095,327095,327099,4,0
327095,327095,327099,4,0
327095,327097,327098,1,2
327095,327097,327098,1,2
327095,327095,327098,3,0
327095,327097,327098,1,2
327095,327097,327099,2,2
327095,327098,327099,1,3
327095,327098,327100,2,3
327095,327099,327100,1,4
327095,327099,327100,1,4
327095,327095,327101,6,0
327095,327095,327101,6,0
327095,327095,327101,6,0
327095,327099,327100,1,4
327095,327100,327101,1,5
327095,327095,327101,6,0
327095,327099,327101,2,4
327095,327099,327100,1,4
327095,327095,327101,6,0
327095,327099,327101,2,4
327095,327095,327102,7,0
327095,327095,327101,6,0
327095,327095,327102,7,0
327095,327095,327101,6,0
327095,327101,327102,1,6
327095,327095,327101,6,0
327095,327100,327101,1,5
327095,327100,327101,1,5
327095,327101,327102,1,6
327095,327101,327102,1,6
327095,327101,327102,1,6
327095,327101,327102,1,6
327095,327095,327103,8,0
327095,327095,327103,8,0
327095,327095,327103,8,0
327095,327101,327102,1,6
327095,327095,327103,8,0
327095,327101,327102,1,6
327095,327101,327103,2,6
327095,327101,327102,1,6
327095,327095,327102,7,0
327095,327095,327102,7,0
327095,327102,327103,1,7
327095,327095,327103,8,0
327095,327095,327104,9,0
327095,327095,327104,9,0
327095,327095,327104,9,0
327095,327095,327103,8,0
327095,327102,327104,2,7
327095,327102,327104,2,7
327095,327102,327103,1,7
327095,327102,327104,2,7
327095,327102,327103,1,7
327095,327102,327104,2,7
327095,327102,327103,1,7
327095,327095,327104,9,0
327095,327095,327105,10,0
327095,327095,327104,9,0
327095,327099,327104,5,4
327095,327095,327105,10,0
327095,327095,327105,10,0
327095,327095,327106,11,0
327095,327095,327105,10,0
327095,327095,327105,10,0
327095,327095,327107,12,0
327095,327095,327107,12,0
327095,327095,327108,13,0
327095,327095,327109,14,0
327095,327095,327109,14,0
327095,327095,327108,13,0
327118,327118,327119,1,0
327118,327118,327119,1,0
327118,327118,327119,1,0
327118,327118,327119,1,0
327118,327118,327119,1,0
327118,327118,327119,1,0
327118,327118,327121,3,0
327118,327119,327121,2,1
327118,327119,327121,2,1
327118,327118,327121,3,0
327118,327118,327121,3,0
327118,327120,327122,2,2
327118,327119,327121,2,1
327118,327120,327122,2,2
327118,327120,327122,2,2
327118,327121,327123,2,3
327118,327121,327123,2,3
327118,327122,327123,1,4
327118,327118,327123,5,0
327118,327121,327124,3,3
327118,327122,327124,2,4
327118,327122,327123,1,4
327118,327118,327124,6,0
327118,327118,327124,6,0
327118,327118,327124,6,0
327118,327122,327123,1,4
327118,327118,327124,6,0
327118,327118,327125,7,0
327118,327118,327125,7,0
327118,327118,327124,6,0
327118,327118,327125,7,0
327118,327123,327125,2,5
327118,327118,327125,7,0
327118,327118,327124,6,0
327118,327123,327124,1,5
327118,327118,327125,7,0
327118,327118,327125,7,0
327118,327123,327125,2,5
327118,327123,327125,2,5
327118,327122,327125,3,4
327118,327118,327126,8,0
327118,327118,327126,8,0
327118,327118,327125,7,0
327118,327124,327126,2,6
327118,327124,327126,2,6
327118,327124,327126,2,6
327118,327124,327126,2,6
327118,327124,327126,2,6
327118,327118,327126,8,0
327118,327124,327125,1,6
327118,327124,327127,3,6
327118,327118,327127,9,0
327118,327125,327127,2,7
327118,327124,327127,3,6
327118,327118,327127,9,0
327118,327125,327127,2,7
327118,327118,327127,9,0
327118,327125,327127,2,7
327118,327125,327126,1,7
327118,327125,327127,2,7
327118,327125,327126,1,7
327118,327125,327126,1,7
327118,327118,327128,10,0
327118,327118,327127,9,0
327118,327118,327128,10,0
327118,327118,327127,9,0
327118,327125,327128,3,7
327118,327125,327128,3,7
327118,327118,327129,11,0
327118,327118,327129,11,0
327118,327118,327130,12,0
327118,327118,327130,12,0
327118,327118,327130,12,0
327118,327118,327130,12,0
327118,327118,327129,11,0
327118,327118,327131,13,0
327118,327118,327131,13,0
327118,327118,327131,13,0
327118,327118,327132,14,0
327141,327141,327142,1,0
327141,327141,327142,1,0
327141,327141,327142,1,0
327141,327141,327142,1,0
327141,327141,327142,1,0
327141,327141,327142,1,0
327141,327142,327143,1,1
327141,327142,327143,1,1
327141,327142,327143,1,1
327141,327143,327144,1,2
327141,327141,327144,3,0
327141,327143,327144,1,2
327141,327143,327144,1,2
327141,327141,327145,4,0
327141,327141,327145,4,0
327141,327141,327146,5,0
327141,327141,327145,4,0
327141,327144,327145,1,3
327141,327141,327145,4,0
327141,327144,327145,1,3
327141,327144,327146,2,3
327141,327144,327146,2,3
327141,327141,327146,5,0
327141,327141,327147,6,0
327141,327141,327147,6,0
327141,327145,327146,1,4
327141,327141,327147,6,0
327141,327145,327147,2,4
327141,327141,327147,6,0
327141,327141,327147,6,0
327141,327141,327148,7,0
327141,327146,327148,2,5
327141,327141,327147,6,0
327141,327146,327148,2,5
327141,327146,327148,2,5
327141,327141,327147,6,0
327141,327147,327148,1,6
327141,327141,327147,6,0
327141,327146,327148,2,5
327141,327146,327148,2,5
327141,327141,327148,7,0
327141,327141,327148,7,0
327141,327141,327148,7,0
327141,327141,327149,8,0
327141,327141,327148,7,0
327141,327141,327149,8,0
327141,327145,327148,3,4
327141,327141,327149,8,0
327141,327147,327148,1,6
327141,327147,327148,1,6
327141,327141,327149,8,0
327141,327147,327148,1,6
327141,327148,327149,1,7
327141,327141,327149,8,0
327141,327147,327148,1,6
327141,327148,327149,1,7
327141,327141,327149,8,0
327141,327141,327149,8,0
327141,327148,327149,1,7
327141,327141,327150,9,0
327141,327147,327150,3,6
327141,327141,327150,9,0
327141,327141,327149,8,0
327141,327146,327150,4,5
327141,327141,327150,9,0
327141,327146,327150,4,5
327141,327146,327150,4,5
327141,327148,327149,1,7
327141,327148,327149,1,7
327141,327148,327149,1,7
327141,327141,327151,10,0
327141,327147,327150,3,6
327141,327141,327150,9,0
327141,327141,327151,10,0
327141,327141,327152,11,0
327141,327141,327152,11,0
327141,327146,327152,6,5
327141,327141,327156,15,0
327141,327141,327156,15,0
327165,327165,327166,1,0
327165,327165,327166,1,0
327165,327165,327166,1,0
327165,327165,327166,1,0
327165,327165,327166,1,0
327165,327165,327166,1,0
327165,327166,327168,2,1
327165,327165,327169,4,0
327165,327165,327168,3,0
327165,327167,327169,2,2
327165,327167,327169,2,2
327165,327167,327169,2,2
327165,327167,327169,2,2
327165,327167,327169,2,2
327165,327165,327170,5,0
327165,327168,327170,2,3
327165,327165,327171,6,0
327165,327165,327171,6,0
327165,327165,327171,6,0
327165,327165,327171,6,0
327165,327169,327171,2,4
327165,327169,327171,2,4
327165,327169,327171,2,4
327165,327165,327171,6,0
327165,327169,327171,2,4
327165,327165,327171,6,0
327165,327170,327172,2,5
327165,327165,327172,7,0
327165,327165,327172,7,0
327165,327165,327172,7,0
327165,327165,327172,7,0
327165,327165,327172,7,0
327165,327165,327172,7,0
327165,327165,327172,7,0
327165,327165,327172,7,0
327165,327165,327172,7,0
327165,327165,327172,7,0
327165,327171,327172,1,6
327165,327165,327172,7,0
327165,327165,327172,7,0
327165,327165,327173,8,0
327165,327165,327172,7,0
327165,327170,327172,2,5
327165,327165,327173,8,0
327165,327165,327173,8,0
327165,327170,327173,3,5
327165,327165,327173,8,0
327165,327165,327173,8,0
327165,327165,327173,8,0
327165,327172,327173,1,7
327165,327169,327173,4,4
327165,327165,327173,8,0
327165,327172,327173,1,7
327165,327172,327173,1,7
327165,327172,327173,1,7
327165,327172,327173,1,7
327165,327172,327173,1,7
327165,327172,327173,1,7
327165,327172,327173,1,7
327165,327165,327174,9,0
327165,327165,327174,9,0
327165,327172,327174,2,7
327165,327165,327174,9,0
327165,327172,327174,2,7
327165,327165,327174,9,0
327165,327171,327174,3,6
327165,327173,327174,1,8
327165,327165,327175,10,0
327165,327165,327174,9,0
327165,327171,327175,4,6
327165,327171,327175,4,6
327165,327172,327175,3,7
327165,327173,327175,2,8
327165,327173,327175,2,8
327165,327173,327175,2,8
327165,327171,327175,4,6
327165,327165,327176,11,0
327165,327165,327180,15,0
327165,327165,327183,18,0
327193,327193,327194,1,0
327193,327193,327194,1,0
327193,327193,327194,1,0
327193,327193,327194,1,0
327193,327193,327194,1,0
327193,327193,327194,1,0
327193,327193,327195,2,0
327193,327194,327196,2,1
327193,327193,327196,3,0
327193,327195,327196,1,2
327193,327194,327196,2,1
327193,327193,327197,4,0
327193,327195,327196,1,2
327193,327195,327196,1,2
327193,327193,327198,5,0
327193,327193,327198,5,0
327193,327193,327198,5,0
327193,327193,327197,4,0
327193,327193,327198,5,0
327193,327193,327198,5,0
327193,327193,327197,4,0
327193,327196,327197,1,3
327193,327195,327197,2,2
327193,327193,327199,6,0
327193,327193,327199,6,0
327193,327193,327199,6,0
327193,327197,327199,2,4
327193,327193,327199,6,0
327193,327193,327199,6,0
327193,327197,327199,2,4
327193,327197,327199,2,4
327193,327193,327199,6,0
327193,327193,327200,7,0
327193,327193,327199,6,0
327193,327193,327200,7,0
327193,327193,327199,6,0
327193,327193,327200,7,0
327193,327196,327199,3,3
327193,327193,327200,7,0
327193,327193,327199,6,0
327193,327193,327200,7,0
327193,327193,327199,6,0
327193,327193,327199,6,0
327193,327193,327200,7,0
327193,327193,327199,6,0
327193,327197,327200,3,4
327193,327193,327200,7,0
327193,327193,327200,7,0
327193,327198,327199,1,5
327193,327198,327199,1,5
327193,327193,327199,6,0
327193,327193,327200,7,0
327193,327197,327199,2,4
327193,327198,327199,1,5
327193,327193,327199,6,0
327193,327197,327200,3,4
327193,327198,327201,3,5
327193,327198,327201,3,5
327193,327198,327201,3,5
327193,327199,327200,1,6
327193,327199,327200,1,6
327193,327199,327200,1,6
327193,327199,327200,1,6
327193,327199,327201,2,6
327193,327199,327200,1,6
327193,327199,327200,1,6
327193,327198,327202,4,5
327193,327200,327202,2,7
327193,327193,327202,9,0
327193,327200,327202,2,7
327193,327193,327202,9,0
327193,327193,327202,9,0
327193,327200,327203,3,7
327193,327198,327202,4,5
327193,327193,327202,9,0
327193,327198,327203,5,5
327193,327199,327202,3,6
327193,327199,327203,4,6
327193,327193,327204,11,0
327214,327214,327215,1,0
327214,327214,327215,1,0
327214,327214,327215,1,0
327214,327214,327215,1,0
327214,327214,327215,1,0
327214,327214,327215,1,0
327214,327214,327215,1,0
327214,327214,327217,3,0
327214,327214,327217,3,0
327214,327216,327217,1,2
327214,327215,327217,2,1
327214,327216,327218,2,2
327214,327216,327217,1,2
327214,327215,327217,2,1
327214,327216,327217,1,2
327214,327214,327218,4,0
327214,327214,327218,4,0
327214,327216,327218,2,2
327214,327214,327219,5,0
327214,327214,327219,5,0
327214,327214,327219,5,0
327214,327214,327220,6,0
327214,327214,327220,6,0
327214,327214,327220,6,0
327214,327214,327219,5,0
327214,327214,327219,5,0
327214,327214,327219,5,0
327214,327214,327219,5,0
327214,327214,327219,5,0
327214,327218,327220,2,4
327214,327217,327219,2,3
327214,327218,327220,2,4
327214,327218,327220,2,4
327214,327214,327220,6,0
327214,327214,327220,6,0
327214,327214,327221,7,0
327214,327214,327221,7,0
327214,327214,327221,7,0
327214,327214,327220,6,0
327214,327214,327220,6,0
327214,327219,327220,1,5
327214,327218,327221,3,4
327214,327218,327220,2,4
327214,327214,327220,6,0
327214,327218,327220,2,4
327214,327219,327221,2,5
327214,327219,327220,1,5
327214,327218,327220,2,4
327214,327214,327220,6,0
327214,327220,327221,1,6
327214,327220,327221,1,6
327214,327214,327221,7,0
327214,327214,327222,8,0
327214,327214,327222,8,0
327214,327214,327221,7,0
327214,327214,327221,7,0
327214,327220,327221,1,6
327214,327220,327221,1,6
327214,327220,327221,1,6
327214,327220,327221,1,6
327214,327220,327221,1,6
327214,327220,327221,1,6
327214,327220,327221,1,6
327214,327220,327222,2,6
327214,327214,327223,9,0
327214,327219,327222,3,5
327214,327214,327223,9,0
327214,327220,327223,3,6
327214,327214,327223,9,0
327214,327221,327223,2,7
327214,327214,327223,9,0
327214,327219,327223,4,5
327214,327214,327223,9,0
327214,327220,327224,4,6
327214,327220,327223,3,6
327214,327214,327223,9,0
327214,327214,327224,10,0
327214,327220,327224,4,6
327214,327214,327225,11,0
327235,327235,327236,1,0
327235,327235,327236,1,0
327235,327235,327236,1,0
327235,327235,327236,1,0
327235,327235,327237,2,0
327235,327235,327236,1,0
327235,327235,327236,1,0
327235,327235,327236,1,0
327235,327235,327238,3,0
327235,327235,327237,2,0
327235,327236,327237,1,1
327235,327236,327238,2,1
327235,327235,327238,3,0
327235,327235,327239,4,0
327235,327235,327238,3,0
327235,327235,327239,4,0
327235,327237,327239,2,2
327235,327235,327240,5,0
327235,327235,327239,4,0
327235,327235,327240,5,0
327235,327235,327239,4,0
327235,327235,327240,5,0
327235,327237,327239,2,2
327235,327237,327239,2,2
327235,327237,327240,3,2
327235,327237,327239,2,2
327235,327238,327240,2,3
327235,327238,327240,2,3
327235,327235,327240,5,0
327235,327235,327241,6,0
327235,327235,327240,5,0
327235,327237,327240,3,2
327235,327239,327241,2,4
327235,327235,327241,6,0
327235,327238,327240,2,3
327235,327239,327241,2,4
327235,327240,327241,1,5
327235,327238,327240,2,3
327235,327239,327241,2,4
327235,327240,327241,1,5
327235,327235,327241,6,0
327235,327240,327241,1,5
327235,327235,327241,6,0
327235,327235,327242,7,0
327235,327235,327241,6,0
327235,327240,327242,2,5
327235,327240,327241,1,5
327235,327235,327241,6,0
327235,327240,327241,1,5
327235,327241,327242,1,6
327235,327241,327242,1,6
327235,327241,327242,1,6
327235,327239,327241,2,4
327235,327240,327241,1,5
327235,327235,327242,7,0
327235,327235,327243,8,0
327235,327235,327242,7,0
327235,327240,327243,3,5
327235,327235,327243,8,0
327235,327241,327243,2,6
327235,327241,327242,1,6
327235,327235,327243,8,0
327235,327240,327244,4,5
327235,327240,327243,3,5
327235,327239,327244,5,4
327235,327240,327244,4,5
327235,327241,327243,2,6
327235,327240,327243,3,5
327235,327235,327245,10,0
327235,327235,327244,9,0
327235,327235,327244,9,0
327235,327235,327246,11,0
327235,327235,327245,10,0
327235,327235,327246,11,0
327235,327235,327246,11,0
327235,327235,327246,11,0
327235,327235,327248,13,0
327235,327235,327249,14,0
327235,327235,327249,14,0
327259,327259,327260,1,0
327259,327259,327260,1,0
327259,327259,327260,1,0
327259,327259,327260,1,0
327259,327259,327260,1,0
327259,327259,327260,1,0
327259,327259,327261,2,0
327259,327259,327261,2,0
327259,327259,327262,3,0
327259,327259,327261,2,0
327259,327260,327261,1,1
327259,327260,327262,2,1
327259,327259,327262,3,0
327259,327259,327262,3,0
327259,327259,327262,3,0
327259,327261,327263,2,2
327259,327259,327263,4,0
327259,327261,327263,2,2
327259,327259,327263,4,0
327259,327260,327262,2,1
327259,327259,327263,4,0
327259,327259,327262,3,0
327259,327259,327263,4,0
327259,327261,327263,2,2
327259,327259,327264,5,0
327259,327259,327264,5,0
327259,327259,327264,5,0
327259,327259,327263,4,0
327259,327259,327264,5,0
327259,327259,327263,4,0
327259,327262,327263,1,3
327259,327262,327263,1,3
327259,327263,327264,1,4
327259,327259,327265,6,0
327259,327259,327264,5,0
327259,327259,327264,5,0
327259,327262,327265,3,3
327259,327259,327264,5,0
327259,327259,327265,6,0
327259,327263,327265,2,4
327259,327263,327264,1,4
327259,327259,327265,6,0
327259,327259,327265,6,0
327259,327263,327265,2,4
327259,327263,327265,2,4
327259,327264,327265,1,5
327259,327263,327264,1,4
327259,327264,327265,1,5
327259,327264,327265,1,5
327259,327263,327265,2,4
327259,327259,327265,6,0
327259,327259,327265,6,0
327259,327259,327265,6,0
327259,327264,327266,2,5
327259,327259,327266,7,0
327259,327259,327265,6,0
327259,327259,327265,6,0
327259,327259,327266,7,0
327259,327259,327266,7,0
327259,327263,327265,2,4
327259,327263,327265,2,4
327259,327264,327265,1,5
327259,327259,327266,7,0
327259,327262,327265,3,3
327259,327259,327266,7,0
327259,327264,327265,1,5
327259,327264,327266,2,5
327259,327259,327267,8,0
327259,327259,327267,8,0
327259,327264,327267,3,5
327259,327265,327267,2,6
327259,327262,327266,4,3
327259,327265,327267,2,6
327259,327263,327266,3,4
327259,327264,327266,2,5
327259,327259,327266,7,0
327259,327263,327268,5,4
327259,327262,327267,5,3
327259,327263,327267,4,4
327277,327277,327278,1,0
327277,327277,327278,1,0
327277,327277,327278,1,0
327277,327277,327278,1,0
327277,327277,327278,1,0
327277,327277,327279,2,0
327277,327278,327279,1,1
327277,327277,327280,3,0
327277,327277,327279,2,0
327277,327277,327280,3,0
327277,327277,327279,2,0
327277,327277,327280,3,0
327277,327277,327280,3,0
327277,327278,327279,1,1
327277,327277,327279,2,0
327277,327278,327280,2,1
327277,327277,327280,3,0
327277,327277,327280,3,0
327277,327277,327281,4,0
327277,327279,327281,2,2
327277,327277,327281,4,0
327277,327277,327281,4,0
327277,327279,327281,2,2
327277,327277,327281,4,0
327277,327279,327281,2,2
327277,327277,327282,5,0
327277,327279,327281,2,2
327277,327277,327282,5,0
327277,327277,327281,4,0
327277,327277,327282,5,0
327277,327280,327282,2,3
327277,327281,327282,1,4
327277,327277,327281,4,0
327277,327277,327282,5,0
327277,327280,327281,1,3
327277,327277,327281,4,0
327277,327280,327282,2,3
327277,327280,327282,2,3
327277,327280,327282,2,3
327277,327277,327283,6,0
327277,327277,327283,6,0
327277,327277,327283,6,0
327277,327277,327283,6,0
327277,327280,327283,3,3
327277,327277,327282,5,0
327277,327277,327282,5,0
327277,327277,327283,6,0
327277,327280,327282,2,3
327277,327277,327282,5,0
327277,327282,327283,1,5
327277,327280,327283,3,3
327277,327277,327283,6,0
327277,327281,327282,1,4
327277,327277,327283,6,0
327277,327281,327282,1,4
327277,327281,327283,2,4
327277,327281,327282,1,4
327277,327282,327283,1,5
327277,327277,327284,7,0
327277,327277,327283,6,0
327277,327282,327284,2,5
327277,327282,327283,1,5
327277,327277,327284,7,0
327277,327282,327284,2,5
327277,327277,327284,7,0
327277,327282,327284,2,5
327277,327281,327284,3,4
327277,327282,327284,2,5
327277,327277,327284,7,0
327277,327282,327283,1,5
327277,327277,327283,6,0
327277,327281,327284,3,4
327277,327282,327284,2,5
327277,327282,327283,1,5
327277,327280,327285,5,3
327277,327277,327284,7,0
327277,327280,327284,4,3
327277,327281,327285,4,4
327277,327277,327285,8,0
327295,327295,327296,1,0
327295,327295,327296,1,0
327295,327295,327296,1,0
327295,327295,327297,2,0
327295,327295,327297,2,0
327295,327296,327297,1,1
327295,327295,327298,3,0
327295,327295,327298,3,0
327295,327296,327298,2,1
327295,327295,327298,3,0
327295,327296,327297,1,1
327295,327295,327299,4,0
327295,327295,327299,4,0
327295,327295,327299,4,0
327295,327298,327299,1,3
327295,327297,327299,2,2
327295,327295,327299,4,0
327295,327295,327299,4,0
327295,327298,327299,1,3
327295,327298,327299,1,3
327295,327295,327300,5,0
327295,327295,327300,5,0
327295,327295,327300,5,0
327295,327297,327299,2,2
327295,327297,327300,3,2
327295,327298,327300,2,3
327295,327300,327301,1,5
327295,327295,327301,6,0
327295,327295,327301,6,0
327295,327295,327300,5,0
327295,327295,327301,6,0
327295,327300,327301,1,5
327295,327300,327301,1,5
327295,327295,327301,6,0
327295,327300,327301,1,5
327295,327295,327301,6,0
327295,327299,327301,2,4
327295,327301,327302,1,6
327295,327301,327302,1,6
327295,327300,327301,1,5
327295,327300,327301,1,5
327295,327300,327301,1,5
327295,327295,327301,6,0
327295,327300,327301,1,5
327295,327295,327302,7,0
327295,327299,327302,3,4
327295,327295,327302,7,0
327295,327300,327302,2,5
327295,327295,327302,7,0
327295,327295,327302,7,0
327295,327295,327302,7,0
327295,327295,327303,8,0
327295,327295,327303,8,0
327295,327295,327303,8,0
327295,327295,327303,8,0
327295,327298,327303,5,3
327295,327299,327303,4,4
327295,327300,327303,3,5
327295,327302,327303,1,7
327295,327302,327303,1,7
327295,327302,327303,1,7
327295,327302,327303,1,7
327295,327295,327304,9,0
327295,327301,327304,3,6
327295,327295,327304,9,0
327295,327295,327304,9,0
327295,327295,327304,9,0
327295,327301,327304,3,6
327295,327301,327304,3,6
327295,327295,327304,9,0
327295,327301,327303,2,6
327295,327295,327305,10,0
327295,327295,327305,10,0
327295,327295,327305,10,0
327295,327295,327306,11,0
327295,327295,327308,13,0
327295,327295,327310,15,0
327295,327295,327310,15,0
327319,327319,327320,1,0
327319,327319,327320,1,0
327319,327319,327320,1,0
327319,327319,327320,1,0
327319,327319,327320,1,0
327319,327319,327320,1,0
327319,327321,327322,1,2
327319,327321,327322,1,2
327319,327321,327323,2,2
327319,327321,327322,1,2
327319,327321,327322,1,2
327319,327321,327322,1,2
327319,327319,327324,5,0
327319,327319,327324,5,0
327319,327319,327323,4,0
327319,327319,327324,5,0
327319,327322,327323,1,3
327319,327319,327323,4,0
327319,327323,327324,1,4
327319,327319,327324,5,0
327319,327319,327324,5,0
327319,327322,327324,2,3
327319,327319,327325,6,0
327319,327319,327325,6,0
327319,327319,327325,6,0
327319,327319,327324,5,0
327319,327323,327325,2,4
327319,327319,327325,6,0
327319,327323,327325,2,4
327319,327319,327324,5,0
327319,327323,327324,1,4
327319,327324,327325,1,5
327319,327319,327326,7,0
327319,327319,327326,7,0
327319,327324,327326,2,5
327319,327324,327326,2,5
327319,327324,327326,2,5
327319,327325,327326,1,6
327319,327325,327326,1,6
327319,327319,327326,7,0
327319,327324,327326,2,5
327319,327324,327325,1,5
327319,327324,327325,1,5
327319,327324,327325,1,5
327319,327319,327326,7,0
327319,327325,327327,2,6
327319,327319,327326,7,0
327319,327319,327327,8,0
327319,327325,327327,2,6
327319,327326,327327,1,7
327319,327325,327327,2,6
327319,327325,327326,1,6
327319,327325,327326,1,6
327319,327325,327326,1,6
327319,327325,327327,2,6
327319,327324,327328,4,5
327319,327319,327328,9,0
327319,327319,327328,9,0
327319,327326,327328,2,7
327319,327319,327328,9,0
327319,327319,327328,9,0
327319,327319,327328,9,0
327319,327319,327329,10,0
327319,327319,327329,10,0
327319,327319,327328,9,0
327319,327325,327329,4,6
327319,327319,327328,9,0
327319,327319,327329,10,0
327319,327319,327329,10,0
327319,327319,327330,11,0
327319,327319,327330,11,0
327319,327326,327329,3,7
327319,327319,327329,10,0
327319,327319,327330,11,0
327319,327319,327331,12,0
327319,327324,327330,6,5
327319,327319,327331,12,0
327319,327319,327333,14,0
327319,327319,327335,16,0
327343,327343,327344,1,0
327343,327343,327344,1,0
327343,327343,327344,1,0
327343,327343,327344,1,0
327343,327343,327344,1,0
327343,327343,327344,1,0
327343,327344,327345,1,1
327343,327344,327345,1,1
327343,327343,327345,2,0
327343,327345,327346,1,2
327343,327343,327347,4,0
327343,327345,327346,1,2
327343,327345,327347,2,2
327343,327345,327347,2,2
327343,327345,327347,2,2
327343,327345,327347,2,2
327343,327343,327348,5,0
327343,327343,327347,4,0
327343,327343,327348,5,0
327343,327343,327348,5,0
327343,327343,327348,5,0
327343,327343,327349,6,0
327343,327347,327349,2,4
327343,327343,327349,6,0
327343,327343,327348,5,0
327343,327347,327349,2,4
327343,327343,327348,5,0
327343,327347,327348,1,4
327343,327347,327349,2,4
327343,327343,327349,6,0
327343,327347,327349,2,4
327343,327347,327349,2,4
327343,327347,327349,2,4
327343,327343,327350,7,0
327343,327346,327350,4,3
327343,327343,327350,7,0
327343,327343,327349,6,0
327343,327343,327349,6,0
327343,327348,327350,2,5
327343,327348,327350,2,5
327343,327349,327350,1,6
327343,327343,327350,7,0
327343,327349,327350,1,6
327343,327349,327350,1,6
327343,327349,327350,1,6
327343,327349,327350,1,6
327343,327343,327350,7,0
327343,327349,327351,2,6
327343,327343,327351,8,0
327343,327349,327350,1,6
327343,327343,327350,7,0
327343,327349,327350,1,6
327343,327349,327350,1,6
327343,327349,327350,1,6
327343,327349,327350,1,6
327343,327349,327350,1,6
327343,327343,327350,7,0
327343,327343,327352,9,0
327343,327343,327351,8,0
327343,327343,327351,8,0
327343,327343,327352,9,0
327343,327348,327351,3,5
327343,327349,327352,3,6
327343,327349,327352,3,6
327343,327350,327352,2,7
327343,327350,327352,2,7
327343,327343,327353,10,0
327343,327343,327352,9,0
327343,327343,327352,9,0
327343,327343,327352,9,0
327343,327343,327352,9,0
327343,327343,327353,10,0
327343,327343,327353,10,0
327343,327343,327354,11,0
327343,327343,327354,11,0
327343,327343,327353,10,0
327343,327343,327354,11,0
327343,327343,327354,11,0
327343,327343,327355,12,0
327363,327363,327364,1,0
327363,327363,327364,1,0
327363,327363,327364,1,0
327363,327363,327365,2,0
327363,327363,327364,1,0
327363,327363,327365,2,0
327363,327364,327365,1,1
327363,327365,327366,1,2
327363,327364,327365,1,1
327363,327363,327367,4,0
327363,327363,327366,3,0
327363,327363,327367,4,0
327363,327363,327367,4,0
327363,327365,327367,2,2
327363,327363,327367,4,0
327363,327365,327367,2,2
327363,327363,327367,4,0
327363,327365,327367,2,2
327363,327365,327367,2,2
327363,327363,327368,5,0
327363,327363,327368,5,0
327363,327363,327368,5,0
327363,327366,327368,2,3
327363,327363,327368,5,0
327363,327368,327369,1,5
327363,327363,327369,6,0
327363,327367,327369,2,4
327363,327367,327369,2,4
327363,327368,327369,1,5
327363,327368,327369,1,5
327363,327363,327369,6,0
327363,327366,327369,3,3
327363,327363,327370,7,0
327363,327363,327370,7,0
327363,327363,327370,7,0
327363,327367,327370,3,4
327363,327363,327370,7,0
327363,327363,327370,7,0
327363,327363,327370,7,0
327363,327363,327370,7,0
327363,327363,327370,7,0
327363,327363,327370,7,0
327363,327363,327370,7,0
327363,327369,327370,1,6
327363,327370,327371,1,7
327363,327369,327370,1,6
327363,327370,327371,1,7
327363,327363,327371,8,0
327363,327367,327371,4,4
327363,327368,327371,3,5
327363,327363,327371,8,0
327363,327363,327371,8,0
327363,327367,327370,3,4
327363,327363,327371,8,0
327363,327367,327371,4,4
327363,327367,327371,4,4
327363,327369,327371,2,6
327363,327370,327371,1,7
327363,327370,327371,1,7
327363,327370,327371,1,7
327363,327363,327371,8,0
327363,327370,327371,1,7
327363,327370,327371,1,7
327363,327363,327371,8,0
327363,327370,327371,1,7
327363,327370,327371,1,7
327363,327363,327372,9,0
327363,327370,327372,2,7
327363,327363,327372,9,0
327363,327363,327372,9,0
327363,327363,327373,10,0
327363,327363,327373,10,0
327363,327363,327373,10,0
327363,327363,327373,10,0
327363,327363,327375,12,0
327363,327363,327375,12,0
327363,327363,327376,13,0
327384,327384,327385,1,0
327384,327384,327385,1,0
327384,327384,327386,2,0
327384,327385,327386,1,1
327384,327384,327386,2,0
327384,327384,327386,2,0
327384,327387,327388,1,3
327384,327386,327387,1,2
327384,327386,327387,1,2
327384,327385,327388,3,1
327384,327385,327388,3,1
327384,327385,327388,3,1
327384,327385,327388,3,1
327384,327384,327388,4,0
327384,327387,327388,1,3
327384,327387,327388,1,3
327384,327387,327388,1,3
327384,327388,327389,1,4
327384,327385,327389,4,1
327384,327385,327389,4,1
327384,327385,327389,4,1
327384,327388,327389,1,4
327384,327385,327389,4,1
327384,327385,327389,4,1
327384,327384,327390,6,0
327384,327388,327389,1,4
327384,327389,327390,1,5
327384,327384,327390,6,0
327384,327385,327390,5,1
327384,327389,327390,1,5
327384,327385,327390,5,1
327384,327389,327390,1,5
327384,327389,327390,1,5
327384,327390,327391,1,6
327384,327390,327391,1,6
327384,327385,327390,5,1
327384,327389,327390,1,5
327384,327390,327391,1,6
327384,327384,327391,7,0
327384,327389,327391,2,5
327384,327385,327391,6,1
327384,327390,327391,1,6
327384,327385,327392,7,1
327384,327390,327391,1,6
327384,327391,327392,1,7
327384,327391,327392,1,7
327384,327385,327392,7,1
327384,327389,327392,3,5
327384,327385,327392,7,1
327384,327385,327392,7,1
327384,327390,327392,2,6
327384,327385,327393,8,1
327384,327390,327392,2,6
327384,327384,327392,8,0
327384,327389,327392,3,5
327384,327385,327392,7,1
327384,327385,327392,7,1
327384,327391,327392,1,7
327384,327390,327392,2,6
327384,327391,327392,1,7
327384,327391,327392,1,7
327384,327391,327392,1,7
327384,327385,327392,7,1
327384,327391,327392,1,7
327384,327391,327392,1,7
327384,327385,327393,8,1
327384,327384,327393,9,0
327384,327385,327394,9,1
327384,327390,327393,3,6
327384,327384,327393,9,0
327384,327385,327393,8,1
327384,327389,327394,5,5
327384,327385,327393,8,1
327384,327384,327395,11,0
327384,327385,327394,9,1
327384,327385,327394,9,1
327384,327385,327395,10,1
327384,327384,327396,12,0
327384,327385,327396,11,1
327405,327405,327406,1,0
327405,327405,327407,2,0
327405,327405,327407,2,0
327405,327405,327407,2,0
327405,327405,327407,2,0
327405,327405,327408,3,0
327405,327406,327408,2,1
327405,327407,327409,2,2
327405,327405,327408,3,0
327405,327405,327409,4,0
327405,327405,327409,4,0
327405,327405,327409,4,0
327405,327405,327409,4,0
327405,327405,327409,4,0
327405,327405,327409,4,0
327405,327405,327409,4,0
327405,327405,327409,4,0
327405,327408,327409,1,3
327405,327408,327409,1,3
327405,327408,327409,1,3
327405,327409,327410,1,4
327405,327410,327411,1,5
327405,327405,327410,5,0
327405,327405,327410,5,0
327405,327405,327410,5,0
327405,327405,327410,5,0
327405,327405,327410,5,0
327405,327405,327410,5,0
327405,327405,327410,5,0
327405,327405,327411,6,0
327405,327410,327411,1,5
327405,327405,327411,6,0
327405,327409,327411,2,4
327405,327405,327411,6,0
327405,327410,327411,1,5
327405,327405,327411,6,0
327405,327405,327411,6,0
327405,327410,327412,2,5
327405,327405,327412,7,0
327405,327410,327412,2,5
327405,327410,327412,2,5
327405,327411,327412,1,6
327405,327412,327413,1,7
327405,327405,327412,7,0
327405,327410,327412,2,5
327405,327410,327413,3,5
327405,327410,327412,2,5
327405,327411,327412,1,6
327405,327410,327412,2,5
327405,327411,327413,2,6
327405,327411,327413,2,6
327405,327410,327412,2,5
327405,327411,327412,1,6
327405,327411,327412,1,6
327405,327412,327413,1,7
327405,327405,327413,8,0
327405,327412,327413,1,7
327405,327412,327413,1,7
327405,327405,327413,8,0
327405,327410,327413,3,5
327405,327405,327413,8,0
327405,327410,327413,3,5
327405,327405,327414,9,0
327405,327405,327413,8,0
327405,327411,327413,2,6
327405,327405,327413,8,0
327405,327405,327413,8,0
327405,327405,327414,9,0
327405,327405,327414,9,0
327405,327405,327414,9,0
327405,327412,327414,2,7
327405,327411,327414,3,6
327405,327411,327414,3,6
327405,327405,327415,10,0
327405,327405,327415,10,0
327405,327405,327416,11,0
327405,327405,327416,11,0
327405,327405,327416,11,0
327425,327425,327427,2,0
327425,327425,327427,2,0
327425,327425,327427,2,0
327425,327425,327427,2,0
327425,327425,327427,2,0
327425,327425,327427,2,0
327425,327425,327429,4,0
327425,327425,327429,4,0
327425,327425,327429,4,0
327425,327426,327429,3,1
327425,327426,327429,3,1
327425,327426,327429,3,1
327425,327428,327429,1,3
327425,327428,327429,1,3
327425,327428,327429,1,3
327425,327428,327429,1,3
327425,327428,327429,1,3
327425,327428,327429,1,3
327425,327425,327431,6,0
327425,327426,327431,5,1
327425,327425,327431,6,0
327425,327425,327431,6,0
327425,327430,327431,1,5
327425,327425,327431,6,0
327425,327430,327431,1,5
327425,327425,327431,6,0
327425,327430,327431,1,5
327425,327425,327431,6,0
327425,327430,327431,1,5
327425,327430,327431,1,5
327425,327430,327431,1,5
327425,327425,327432,7,0
327425,327430,327433,3,5
327425,327425,327432,7,0
327425,327430,327432,2,5
327425,327425,327432,7,0
327425,327430,327432,2,5
327425,327430,327432,2,5
327425,327430,327432,2,5
327425,327432,327433,1,7
327425,327432,327433,1,7
327425,327432,327433,1,7
327425,327432,327433,1,7
327425,327432,327433,1,7
327425,327430,327433,3,5
327425,327431,327433,2,6
327425,327425,327434,9,0
327425,327425,327433,8,0
327425,327432,327433,1,7
327425,327432,327433,1,7
327425,327432,327433,1,7
327425,327425,327433,8,0
327425,327432,327433,1,7
327425,327432,327433,1,7
327425,327425,327433,8,0
327425,327425,327433,8,0
327425,327425,327434,9,0
327425,327426,327434,8,1
327425,327432,327434,2,7
327425,327425,327434,9,0
327425,327432,327435,3,7
327425,327425,327434,9,0
327425,327433,327434,1,8
327425,327433,327434,1,8
327425,327425,327434,9,0
327425,327425,327434,9,0
327425,327425,327434,9,0
327425,327425,327434,9,0
327425,327425,327434,9,0
327425,327425,327435,10,0
327425,327433,327435,2,8
327425,327433,327435,2,8
327425,327425,327436,11,0
327425,327425,327436,11,0
327425,327425,327436,11,0
327425,327425,327436,11,0
327425,327425,327437,12,0
327425,327425,327437,12,0
327425,327425,327439,14,0
327448,327448,327449,1,0
327448,327448,327449,1,0
327448,327448,327449,1,0
327448,327448,327450,2,0
327448,327448,327449,1,0
327448,327448,327451,3,0
327448,327448,327450,2,0
327448,327449,327451,2,1
327448,327449,327451,2,1
327448,327448,327452,4,0
327448,327448,327452,4,0
327448,327450,327452,2,2
327448,327450,327452,2,2
327448,327450,327452,2,2
327448,327448,327452,4,0
327448,327448,327452,4,0
327448,327452,327453,1,4
327448,327448,327453,5,0
327448,327448,327453,5,0
327448,327451,327452,1,3
327448,327448,327453,5,0
327448,327451,327452,1,3
327448,327451,327453,2,3
327448,327448,327453,5,0
327448,327448,327453,5,0
327448,327452,327454,2,4
327448,327452,327453,1,4
327448,327448,327454,6,0
327448,327452,327454,2,4
327448,327448,327455,7,0
327448,327448,327455,7,0
327448,327453,327455,2,5
327448,327453,327454,1,5
327448,327448,327455,7,0
327448,327453,327454,1,5
327448,327454,327455,1,6
327448,327448,327455,7,0
327448,327453,327455,2,5
327448,327454,327455,1,6
327448,327453,327454,1,5
327448,327454,327455,1,6
327448,327453,327455,2,5
327448,327453,327454,1,5
327448,327454,327455,1,6
327448,327448,327456,8,0
327448,327452,327455,3,4
327448,327448,327456,8,0
327448,327451,327455,4,3
327448,327448,327455,7,0
327448,327448,327456,8,0
327448,327448,327455,7,0
327448,327455,327456,1,7
327448,327448,327456,8,0
327448,327448,327455,7,0
327448,327455,327456,1,7
327448,327453,327457,4,5
327448,327448,327457,9,0
327448,327455,327457,2,7
327448,327455,327456,1,7
327448,327455,327456,1,7
327448,327455,327457,2,7
327448,327448,327457,9,0
327448,327454,327458,4,6
327448,327448,327457,9,0
327448,327453,327458,5,5
327448,327448,327458,10,0
327448,327448,327458,10,0
327448,327448,327459,11,0
327448,327448,327459,11,0
327448,327455,327459,4,7
327448,327448,327459,11,0
327448,327448,327460,12,0
327448,327448,327460,12,0
327448,327448,327459,11,0
327448,327448,327461,13,0
327448,327448,327460,12,0
327448,327448,327462,14,0
327448,327448,327462,14,0
327448,327448,327463,15,0
327473,327473,327474,1,0
327473,327473,327474,1,0
327473,327473,327474,1,0
327473,327473,327474,1,0
327473,327473,327475,2,0
327473,327474,327476,2,1
327473,327473,327475,2,0
327473,327473,327476,3,0
327473,327474,327476,2,1
327473,327474,327476,2,1
327473,327473,327476,3,0
327473,327473,327477,4,0
327473,327475,327477,2,2
327473,327475,327477,2,2
327473,327476,327477,1,3
327473,327473,327478,5,0
327473,327473,327478,5,0
327473,327476,327478,2,3
327473,327477,327478,1,4
327473,327473,327478,5,0
327473,327477,327478,1,4
327473,327476,327477,1,3
327473,327476,327477,1,3
327473,327473,327479,6,0
327473,327476,327479,3,3
327473,327473,327478,5,0
327473,327473,327479,6,0
327473,327473,327479,6,0
327473,327477,327479,2,4
327473,327473,327479,6,0
327473,327473,327479,6,0
327473,327478,327479,1,5
327473,327478,327479,1,5
327473,327473,327480,7,0
327473,327477,327479,2,4
327473,327477,327480,3,4
327473,327473,327479,6,0
327473,327478,327479,1,5
327473,327473,327480,7,0
327473,327478,327480,2,5
327473,327473,327480,7,0
327473,327478,327479,1,5
327473,327478,327479,1,5
327473,327479,327480,1,6
327473,327479,327480,1,6
327473,327479,327480,1,6
327473,327473,327480,7,0
327473,327479,327480,1,6
327473,327473,327480,7,0
327473,327479,327481,2,6
327473,327473,327480,7,0
327473,327479,327480,1,6
327473,327479,327480,1,6
327473,327473,327481,8,0
327473,327479,327480,1,6
327473,327473,327481,8,0
327473,327479,327480,1,6
327473,327473,327482,9,0
327473,327473,327482,9,0
327473,327478,327482,4,5
327473,327480,327482,2,7
327473,327480,327482,2,7
327473,327473,327482,9,0
327473,327479,327481,2,6
327473,327473,327482,9,0
327473,327478,327482,4,5
327473,327473,327482,9,0
327473,327473,327483,10,0
327473,327473,327483,10,0
327473,327473,327483,10,0
327473,327473,327484,11,0
327473,327473,327484,11,0
327473,327473,327484,11,0
327473,327473,327486,13,0
327473,327473,327486,13,0
327473,327473,327487,14,0
327473,327473,327488,15,0
327473,327473,327489,16,0
327473,327473,327492,19,0
327501,327501,327502,1,0
327501,327501,327502,1,0
327501,327501,327502,1,0
327501,327501,327503,2,0
327501,327501,327502,1,0
327501,327501,327504,3,0
327501,327502,327503,1,1
327501,327501,327504,3,0
327501,327502,327503,1,1
327501,327501,327504,3,0
327501,327501,327505,4,0
327501,327503,327505,2,2
327501,327503,327505,2,2
327501,327501,327504,3,0
327501,327503,327505,2,2
327501,327501,327505,4,0
327501,327501,327506,5,0
327501,327501,327506,5,0
327501,327501,327506,5,0
327501,327501,327506,5,0
327501,327501,327505,4,0
327501,327504,327506,2,3
327501,327504,327506,2,3
327501,327501,327506,5,0
327501,327505,327506,1,4
327501,327504,327506,2,3
327501,327504,327506,2,3
327501,327505,327507,2,4
327501,327505,327507,2,4
327501,327501,327506,5,0
327501,327506,327507,1,5
327501,327501,327507,6,0
327501,327506,327507,1,5
327501,327506,327507,1,5
327501,327505,327507,2,4
327501,327506,327507,1,5
327501,327506,327507,1,5
327501,327501,327508,7,0
327501,327501,327508,7,0
327501,327505,327508,3,4
327501,327501,327508,7,0
327501,327505,327508,3,4
327501,327501,327508,7,0
327501,327501,327507,6,0
327501,327501,327507,6,0
327501,327507,327508,1,6
327501,327505,327508,3,4
327501,327507,327508,1,6
327501,327501,327508,7,0
327501,327506,327508,2,5
327501,327501,327508,7,0
327501,327507,327508,1,6
327501,327501,327508,7,0
327501,327507,327508,1,6
327501,327501,327509,8,0
327501,327506,327509,3,5
327501,327501,327508,7,0
327501,327506,327508,2,5
327501,327506,327508,2,5
327501,327506,327508,2,5
327501,327506,327509,3,5
327501,327501,327509,8,0
327501,327507,327509,2,6
327501,327507,327509,2,6
327501,327507,327509,2,6
327501,327507,327508,1,6
327501,327501,327510,9,0
327501,327501,327509,8,0
327501,327501,327510,9,0
327501,327501,327510,9,0
327501,327501,327509,8,0
327501,327501,327510,9,0
327501,327501,327511,10,0
327501,327501,327511,10,0
327501,327501,327510,9,0
327501,327501,327511,10,0
327501,327501,327511,10,0
327501,327501,327512,11,0
327501,327501,327514,13,0
327523,327523,327524,1,0
327523,327523,327524,1,0
327523,327523,327524,1,0
327523,327523,327524,1,0
327523,327523,327524,1,0
327523,327523,327525,2,0
327523,327524,327526,2,1
327523,327523,327526,3,0
327523,327523,327526,3,0
327523,327523,327526,3,0
327523,327523,327526,3,0
327523,327525,327526,1,2
327523,327525,327526,1,2
327523,327525,327526,1,2
327523,327525,327527,2,2
327523,327523,327528,5,0
327523,327526,327527,1,3
327523,327526,327528,2,3
327523,327523,327527,4,0
327523,327527,327528,1,4
327523,327527,327528,1,4
327523,327527,327528,1,4
327523,327528,327529,1,5
327523,327528,327529,1,5
327523,327528,327529,1,5
327523,327528,327529,1,5
327523,327527,327529,2,4
327523,327527,327529,2,4
327523,327523,327529,6,0
327523,327527,327529,2,4
327523,327523,327529,6,0
327523,327523,327530,7,0
327523,327527,327529,2,4
327523,327528,327530,2,5
327523,327523,327529,6,0
327523,327523,327530,7,0
327523,327529,327530,1,6
327523,327523,327530,7,0
327523,327528,327529,1,5
327523,327528,327529,1,5
327523,327529,327530,1,6
327523,327529,327530,1,6
327523,327523,327530,7,0
327523,327523,327530,7,0
327523,327523,327530,7,0
327523,327523,327530,7,0
327523,327523,327530,7,0
327523,327523,327530,7,0
327523,327523,327530,7,0
327523,327529,327530,1,6
327523,327530,327531,1,7
327523,327523,327531,8,0
327523,327523,327531,8,0
327523,327529,327530,1,6
327523,327523,327531,8,0
327523,327530,327532,2,7
327523,327530,327531,1,7
327523,327523,327531,8,0
327523,327523,327531,8,0
327523,327530,327532,2,7
327523,327530,327532,2,7
327523,327523,327532,9,0
327523,327530,327532,2,7
327523,327523,327531,8,0
327523,327523,327531,8,0
327523,327530,327531,1,7
327523,327530,327531,1,7
327523,327530,327531,1,7
327523,327523,327532,9,0
327523,327523,327531,8,0
327523,327523,327532,9,0
327523,327523,327532,9,0
327523,327523,327532,9,0
327523,327523,327533,10,0
327523,327523,327533,10,0
327523,327523,327533,10,0
327523,327523,327535,12,0
327523,327523,327536,13,0
327523,327523,327538,15,0
327547,327547,327548,1,0
327547,327547,327548,1,0
327547,327547,327548,1,0
327547,327547,327548,1,0
327547,327547,327548,1,0
327547,327547,327548,1,0
327547,327548,327549,1,1
327547,327549,327550,1,2
327547,327547,327550,3,0
327547,327547,327550,3,0
327547,327547,327550,3,0
327547,327547,327551,4,0
327547,327547,327550,3,0
327547,327547,327551,4,0
327547,327549,327550,1,2
327547,327549,327550,1,2
327547,327550,327551,1,3
327547,327549,327550,1,2
327547,327547,327551,4,0
327547,327549,327551,2,2
327547,327547,327552,5,0
327547,327551,327552,1,4
327547,327551,327552,1,4
327547,327551,327552,1,4
327547,327550,327551,1,3
327547,327547,327552,5,0
327547,327551,327553,2,4
327547,327547,327552,5,0
327547,327551,327553,2,4
327547,327547,327553,6,0
327547,327547,327552,5,0
327547,327547,327552,5,0
327547,327552,327553,1,5
327547,327547,327552,5,0
327547,327547,327552,5,0
327547,327547,327553,6,0
327547,327552,327553,1,5
327547,327547,327552,5,0
327547,327551,327552,1,4
327547,327552,327553,1,5
327547,327547,327554,7,0
327547,327547,327554,7,0
327547,327551,327553,2,4
327547,327551,327553,2,4
327547,327552,327554,2,5
327547,327552,327553,1,5
327547,327552,327553,1,5
327547,327553,327554,1,6
327547,327551,327553,2,4
327547,327552,327553,1,5
327547,327547,327554,7,0
327547,327547,327553,6,0
327547,327553,327554,1,6
327547,327553,327554,1,6
327547,327547,327553,6,0
327547,327553,327554,1,6
327547,327553,327555,2,6
327547,327547,327555,8,0
327547,327553,327555,2,6
327547,327547,327554,7,0
327547,327553,327555,2,6
327547,327547,327555,8,0
327547,327547,327555,8,0
327547,327547,327554,7,0
327547,327547,327556,9,0
327547,327547,327555,8,0
327547,327553,327555,2,6
327547,327553,327555,2,6
327547,327547,327556,9,0
327547,327553,327555,2,6
327547,327547,327555,8,0
327547,327547,327557,10,0
327547,327547,327556,9,0
327547,327547,327556,9,0
327547,327547,327557,10,0
327547,327547,327557,10,0
327547,327551,327558,7,4
327547,327547,327559,12,0
327547,327547,327560,13,0
327569,327569,327570,1,0
327569,327569,327570,1,0
327569,327569,327570,1,0
327569,327569,327570,1,0
327569,327569,327570,1,0
327569,327569,327570,1,0
327569,327569,327572,3,0
327569,327569,327572,3,0
327569,327570,327571,1,1
327569,327569,327572,3,0
327569,327569,327572,3,0
327569,327570,327573,3,1
327569,327569,327573,4,0
327569,327571,327573,2,2
327569,327569,327573,4,0
327569,327571,327573,2,2
327569,327571,327573,2,2
327569,327569,327574,5,0
327569,327569,327573,4,0
327569,327569,327573,4,0
327569,327571,327574,3,2
327569,327569,327573,4,0
327569,327573,327574,1,4
327569,327573,327574,1,4
327569,327569,327574,5,0
327569,327572,327574,2,3
327569,327573,327574,1,4
327569,327569,327575,6,0
327569,327569,327574,5,0
327569,327569,327575,6,0
327569,327569,327574,5,0
327569,327569,327574,5,0
327569,327573,327574,1,4
327569,327572,327575,3,3
327569,327574,327575,1,5
327569,327573,327575,2,4
327569,327574,327575,1,5
327569,327572,327574,2,3
327569,327573,327574,1,4
327569,327574,327575,1,5
327569,327574,327575,1,5
327569,327569,327575,6,0
327569,327569,327576,7,0
327569,327573,327575,2,4
327569,327569,327576,7,0
327569,327569,327575,6,0
327569,327569,327576,7,0
327569,327575,327576,1,6
327569,327569,327576,7,0
327569,327569,327576,7,0
327569,327574,327575,1,5
327569,327575,327576,1,6
327569,327574,327575,1,5
327569,327574,327575,1,5
327569,327569,327577,8,0
327569,327569,327576,7,0
327569,327575,327577,2,6
327569,327574,327577,3,5
327569,327574,327576,2,5
327569,327575,327577,2,6
327569,327569,327577,8,0
327569,327569,327577,8,0
327569,327574,327576,2,5
327569,327575,327577,2,6
327569,327575,327577,2,6
327569,327575,327576,1,6
327569,327569,327578,9,0
327569,327573,327578,5,4
327569,327569,327578,9,0
327569,327569,327578,9,0
327569,327575,327578,3,6
327569,327569,327577,8,0
327569,327569,327578,9,0
327569,327569,327577,8,0
327569,327569,327579,10,0
327569,327569,327579,10,0
327569,327569,327579,10,0
327569,327569,327580,11,0
327569,327569,327582,13,0
327591,327591,327592,1,0
327591,327591,327592,1,0
327591,327591,327592,1,0
327591,327591,327592,1,0
327591,327591,327592,1,0
327591,327591,327592,1,0
327591,327591,327594,3,0
327591,327591,327595,4,0
327591,327593,327595,2,2
327591,327593,327595,2,2
327591,327593,327595,2,2
327591,327593,327595,2,2
327591,327593,327595,2,2
327591,327591,327595,4,0
327591,327591,327596,5,0
327591,327591,327597,6,0
327591,327591,327596,5,0
327591,327591,327596,5,0
327591,327594,327596,2,3
327591,327591,327597,6,0
327591,327591,327597,6,0
327591,327591,327597,6,0
327591,327593,327596,3,2
327591,327596,327597,1,5
327591,327591,327596,5,0
327591,327591,327597,6,0
327591,327591,327596,5,0
327591,327595,327597,2,4
327591,327595,327596,1,4
327591,327591,327597,6,0
327591,327591,327597,6,0
327591,327595,327597,2,4
327591,327597,327598,1,6
327591,327595,327597,2,4
327591,327597,327598,1,6
327591,327595,327598,3,4
327591,327597,327598,1,6
327591,327591,327598,7,0
327591,327597,327598,1,6
327591,327597,327598,1,6
327591,327597,327598,1,6
327591,327595,327598,3,4
327591,327591,327598,7,0
327591,327597,327599,2,6
327591,327597,327599,2,6
327591,327591,327599,8,0
327591,327597,327598,1,6
327591,327597,327598,1,6
327591,327591,327598,7,0
327591,327591,327599,8,0
327591,327597,327599,2,6
327591,327597,327598,1,6
327591,327598,327599,1,7
327591,327591,327598,7,0
327591,327591,327599,8,0
327591,327591,327600,9,0
327591,327597,327600,3,6
327591,327591,327600,9,0
327591,327591,327600,9,0
327591,327591,327599,8,0
327591,327591,327600,9,0
327591,327591,327599,8,0
327591,327591,327600,9,0
327591,327597,327599,2,6
327591,327591,327600,9,0
327591,327597,327600,3,6
327591,327598,327600,2,7
327591,327591,327600,9,0
327591,327598,327599,1,7
327591,327598,327599,1,7
327591,327598,327599,1,7
327591,327598,327599,1,7
327591,327591,327600,9,0
327591,327591,327601,10,0
327591,327591,327602,11,0
327591,327591,327603,12,0
327591,327591,327604,13,0
327591,327591,327606,15,0
327591,327591,327605,14,0
327614,327614,327615,1,0
327614,327614,327616,2,0
327614,327614,327615,1,0
327614,327614,327616,2,0
327614,327614,327615,1,0
327614,327614,327616,2,0
327614,327614,327617,3,0
327614,327614,327618,4,0
327614,327614,327618,4,0
327614,327614,327618,4,0
327614,327616,327618,2,2
327614,327616,327618,2,2
327614,327614,327617,3,0
327614,327616,327618,2,2
327614,327614,327618,4,0
327614,327616,327618,2,2
327614,327616,327618,2,2
327614,327616,327618,2,2
327614,327618,327619,1,4
327614,327614,327619,5,0
327614,327618,327619,1,4
327614,327614,327620,6,0
327614,327614,327620,6,0
327614,327614,327620,6,0
327614,327617,327620,3,3
327614,327614,327620,6,0
327614,327618,327620,2,4
327614,327614,327620,6,0
327614,327618,327620,2,4
327614,327618,327620,2,4
327614,327614,327620,6,0
327614,327614,327620,6,0
327614,327618,327620,2,4
327614,327618,327620,2,4
327614,327619,327620,1,5
327614,327618,327621,3,4
327614,327614,327621,7,0
327614,327618,327621,3,4
327614,327614,327621,7,0
327614,327620,327621,1,6
327614,327621,327622,1,7
327614,327614,327622,8,0
327614,327620,327621,1,6
327614,327621,327622,1,7
327614,327614,327621,7,0
327614,327621,327622,1,7
327614,327614,327622,8,0
327614,327614,327622,8,0
327614,327618,327622,4,4
327614,327620,327622,2,6
327614,327621,327622,1,7
327614,327621,327622,1,7
327614,327621,327622,1,7
327614,327621,327622,1,7
327614,327614,327622,8,0
327614,327614,327622,8,0
327614,327614,327623,9,0
327614,327620,327622,2,6
327614,327614,327623,9,0
327614,327614,327623,9,0
327614,327620,327623,3,6
327614,327620,327623,3,6
327614,327620,327623,3,6
327614,327614,327623,9,0
327614,327614,327624,10,0
327614,327614,327624,10,0
327614,327614,327624,10,0
327614,327614,327624,10,0
327614,327614,327624,10,0
327614,327614,327626,12,0
327614,327614,327627,13,0
327614,327614,327628,14,0
327614,327614,327629,15,0
327614,327614,327630,16,0
327614,327614,327630,16,0
327614,327614,327632,18,0
327640,327641,327642,1,1
327640,327641,327642,1,1
327640,327641,327642,1,1
327640,327641,327642,1,1
327640,327641,327642,1,1
327640,327641,327642,1,1
327640,327641,327643,2,1
327640,327643,327644,1,3
327640,327643,327644,1,3
327640,327643,327644,1,3
327640,327643,327644,1,3
327640,327641,327644,3,1
327640,327641,327644,3,1
327640,327641,327644,3,1
327640,327641,327644,3,1
327640,327641,327644,3,1
327640,327641,327644,3,1
327640,327643,327644,1,3
327640,327643,327644,1,3
327640,327641,327645,4,1
327640,327641,327645,4,1
327640,327641,327646,5,1
327640,327641,327645,4,1
327640,327641,327646,5,1
327640,327641,327645,4,1
327640,327641,327645,4,1
327640,327644,327645,1,4
327640,327641,327645,4,1
327640,327644,327645,1,4
327640,327644,327645,1,4
327640,327644,327645,1,4
327640,327641,327646,5,1
327640,327645,327646,1,5
327640,327645,327646,1,5
327640,327641,327647,6,1
327640,327641,327646,5,1
327640,327641,327647,6,1
327640,327646,327647,1,6
327640,327646,327647,1,6
327640,327646,327647,1,6
327640,327641,327647,6,1
327640,327644,327646,2,4
327640,327645,327646,1,5
327640,327646,327647,1,6
327640,327645,327647,2,5
327640,327641,327648,7,1
327640,327641,327647,6,1
327640,327645,327647,2,5
327640,327641,327647,6,1
327640,327647,327648,1,7
327640,327647,327648,1,7
327640,327641,327647,6,1
327640,327641,327647,6,1
327640,327641,327647,6,1
327640,327641,327647,6,1
327640,327646,327647,1,6
327640,327646,327648,2,6
327640,327641,327647,6,1
327640,327641,327648,7,1
327640,327641,327648,7,1
327640,327641,327648,7,1
327640,327641,327648,7,1
327640,327645,327648,3,5
327640,327646,327648,2,6
327640,327646,327648,2,6
327640,327645,327648,3,5
327640,327646,327648,2,6
327640,327646,327648,2,6
327640,327646,327648,2,6
327640,327641,327648,7,1
327640,327645,327648,3,5
327640,327641,327648,7,1
327640,327647,327649,2,7
327640,327646,327649,3,6
327640,327647,327649,2,7
327640,327641,327649,8,1
327640,327641,327650,9,1
327640,327641,327650,9,1
327640,327641,327652,11,1
327660,327660,327661,1,0
327660,327660,327661,1,0
327660,327660,327661,1,0
327660,327660,327662,2,0
327660,327660,327662,2,0
327660,327661,327662,1,1
327660,327662,327663,1,2
327660,327662,327663,1,2
327660,327661,327663,2,1
327660,327662,327663,1,2
327660,327662,327663,1,2
327660,327660,327663,3,0
327660,327660,327664,4,0
327660,327663,327664,1,3
327660,327663,327664,1,3
327660,327660,327664,4,0
327660,327660,327665,5,0
327660,327660,327664,4,0
327660,327660,327665,5,0
327660,327663,327665,2,3
327660,327660,327665,5,0
327660,327663,327665,2,3
327660,327660,327665,5,0
327660,327660,327665,5,0
327660,327663,327665,2,3
327660,327660,327666,6,0
327660,327660,327666,6,0
327660,327660,327666,6,0
327660,327660,327666,6,0
327660,327660,327665,5,0
327660,327664,327666,2,4
327660,327660,327666,6,0
327660,327660,327665,5,0
327660,327664,327666,2,4
327660,327660,327666,6,0
327660,327665,327666,1,5
327660,327665,327666,1,5
327660,327660,327667,7,0
327660,327660,327667,7,0
327660,327660,327667,7,0
327660,327660,327667,7,0
327660,327664,327667,3,4
327660,327660,327667,7,0
327660,327666,327667,1,6
327660,327666,327667,1,6
327660,327660,327667,7,0
327660,327665,327667,2,5
327660,327666,327667,1,6
327660,327660,327667,7,0
327660,327665,327667,2,5
327660,327665,327666,1,5
327660,327666,327667,1,6
327660,327660,327667,7,0
327660,327660,327667,7,0
327660,327665,327667,2,5
327660,327660,327668,8,0
327660,327660,327668,8,0
327660,327660,327667,7,0
327660,327666,327668,2,6
327660,327660,327668,8,0
327660,327660,327668,8,0
327660,327666,327668,2,6
327660,327665,327668,3,5
327660,327660,327668,8,0
327660,327666,327668,2,6
327660,327666,327667,1,6
327660,327660,327669,9,0
327660,327665,327669,4,5
327660,327665,327669,4,5
327660,327666,327668,2,6
327660,327665,327670,5,5
327660,327666,327670,4,6
327660,327660,327670,10,0
327660,327660,327670,10,0
327660,327660,327670,10,0
327660,327660,327671,11,0
327660,327664,327670,6,4
327660,327660,327672,12,0
327660,327660,327674,14,0
327682,327682,327683,1,0
327682,327682,327683,1,0
327682,327682,327683,1,0
327682,327682,327684,2,0
327682,327682,327683,1,0
327682,327682,327685,3,0
327682,327683,327685,2,1
327682,327683,327685,2,1
327682,327682,327686,4,0
327682,327684,327686,2,2
327682,327684,327686,2,2
327682,327684,327686,2,2
327682,327682,327687,5,0
327682,327682,327687,5,0
327682,327682,327687,5,0
327682,327682,327687,5,0
327682,327685,327687,2,3
327682,327685,327687,2,3
327682,327685,327687,2,3
327682,327682,327688,6,0
327682,327682,327688,6,0
327682,327682,327688,6,0
327682,327682,327688,6,0
327682,327682,327688,6,0
327682,327686,327687,1,4
327682,327682,327688,6,0
327682,327686,327688,2,4
327682,327682,327688,6,0
327682,327682,327688,6,0
327682,327686,327688,2,4
327682,327682,327689,7,0
327682,327686,327689,3,4
327682,327682,327688,6,0
327682,327682,327689,7,0
327682,327682,327689,7,0
327682,327682,327689,7,0
327682,327682,327689,7,0
327682,327682,327689,7,0
327682,327688,327689,1,6
327682,327682,327689,7,0
327682,327682,327689,7,0
327682,327682,327689,7,0
327682,327688,327689,1,6
327682,327689,327690,1,7
327682,327682,327689,7,0
327682,327689,327690,1,7
327682,327682,327690,8,0
327682,327687,327690,3,5
327682,327687,327690,3,5
327682,327688,327690,2,6
327682,327687,327690,3,5
327682,327682,327686,4,0
327682,327682,327689,7,0
327682,327682,327690,8,0
327682,327682,327690,8,0
327682,327689,327690,1,7
327682,327689,327690,1,7
327682,327682,327690,8,0
327682,327689,327690,1,7
327682,327689,327690,1,7
327682,327682,327690,8,0
327682,327689,327690,1,7
327682,327689,327690,1,7
327682,327687,327691,4,5
327682,327688,327691,3,6
327682,327688,327691,3,6
327682,327689,327691,2,7
327682,327688,327691,3,6
327682,327689,327691,2,7
327682,327682,327691,9,0
327682,327682,327691,9,0
327682,327689,327692,3,7
327682,327689,327692,3,7
327682,327682,327692,10,0
327682,327682,327693,11,0
327682,327682,327693,11,0
327682,327682,327695,13,0
327682,327682,327702,20,0
327712,327712,327713,1,0
327712,327712,327713,1,0
327712,327712,327713,1,0
327712,327712,327713,1,0
327712,327712,327713,1,0
327712,327713,327714,1,1
327712,327712,327715,3,0
327712,327714,327715,1,2
327712,327714,327715,1,2
327712,327714,327715,1,2
327712,327712,327715,3,0
327712,327712,327717,5,0
327712,327712,327716,4,0
327712,327712,327716,4,0
327712,327714,327716,2,2
327712,327712,327716,4,0
327712,327715,327717,2,3
327712,327712,327717,5,0
327712,327712,327717,5,0
327712,327712,327717,5,0
327712,327716,327718,2,4
327712,327716,327717,1,4
327712,327712,327717,5,0
327712,327716,327717,1,4
327712,327716,327718,2,4
327712,327712,327718,6,0
327712,327712,327718,6,0
327712,327717,327718,1,5
327712,327712,327718,6,0
327712,327718,327719,1,6
327712,327712,327719,7,0
327712,327718,327719,1,6
327712,327712,327719,7,0
327712,327718,327719,1,6
327712,327712,327719,7,0
327712,327717,327719,2,5
327712,327718,327719,1,6
327712,327712,327719,7,0
327712,327717,327719,2,5
327712,327712,327719,7,0
327712,327712,327719,7,0
327712,327712,327719,7,0
327712,327719,327720,1,7
327712,327712,327720,8,0
327712,327712,327719,7,0
327712,327719,327720,1,7
327712,327712,327719,7,0
327712,327719,327720,1,7
327712,327712,327719,7,0
327712,327712,327719,7,0
327712,327719,327720,1,7
327712,327718,327720,2,6
327712,327712,327720,8,0
327712,327712,327720,8,0
327712,327718,327720,2,6
327712,327718,327720,2,6
327712,327716,327720,4,4
327712,327717,327721,4,5
327712,327718,327720,2,6
327712,327712,327720,8,0
327712,327719,327720,1,7
327712,327712,327721,9,0
327712,327719,327720,1,7
327712,327719,327720,1,7
327712,327719,327720,1,7
327712,327712,327721,9,0
327712,327712,327722,10,0
327712,327717,327721,4,5
327712,327719,327721,2,7
327712,327719,327721,2,7
327712,327712,327721,9,0
327712,327717,327721,4,5
327712,327712,327722,10,0
327712,327712,327723,11,0
327712,327712,327724,12,0
327712,327712,327726,14,0
327712,327712,327737,25,0
327712,327712,327737,25,0
327712,327712,327741,29,0
327750,327750,327751,1,0
327750,327750,327751,1,0
327750,327750,327751,1,0
327750,327750,327751,1,0
327750,327750,327751,1,0
327750,327751,327752,1,1
327750,327751,327753,2,1
327750,327751,327753,2,1
327750,327750,327754,4,0
327750,327750,327754,4,0
327750,327750,327754,4,0
327750,327752,327753,1,2
327750,327750,327753,3,0
327750,327752,327753,1,2
327750,327750,327754,4,0
327750,327750,327755,5,0
327750,327750,327755,5,0
327750,327750,327754,4,0
327750,327754,327755,1,4
327750,327753,327755,2,3
327750,327750,327756,6,0
327750,327750,327755,5,0
327750,327750,327755,5,0
327750,327750,327756,6,0
327750,327750,327755,5,0
327750,327750,327756,6,0
327750,327753,327755,2,3
327750,327753,327755,2,3
327750,327754,327756,2,4
327750,327750,327757,7,0
327750,327750,327757,7,0
327750,327754,327756,2,4
327750,327750,327756,6,0
327750,327754,327757,3,4
327750,327750,327757,7,0
327750,327750,327756,6,0
327750,327750,327757,7,0
327750,327750,327757,7,0
327750,327756,327757,1,6
327750,327750,327757,7,0
327750,327755,327757,2,5
327750,327756,327757,1,6
327750,327750,327757,7,0
327750,327750,327757,7,0
327750,327750,327758,8,0
327750,327754,327757,3,4
327750,327755,327758,3,5
327750,327750,327758,8,0
327750,327750,327757,7,0
327750,327756,327757,1,6
327750,327756,327757,1,6
327750,327754,327758,4,4
327750,327750,327758,8,0
327750,327750,327758,8,0
327750,327755,327757,2,5
327750,327756,327759,3,6
327750,327755,327759,4,5
327750,327750,327759,9,0
327750,327757,327758,1,7
327750,327756,327759,3,6
327750,327756,327759,3,6
327750,327750,327759,9,0
327750,327757,327759,2,7
327750,327756,327758,2,6
327750,327757,327759,2,7
327750,327750,327758,8,0
327750,327750,327759,9,0
327750,327750,327759,9,0
327750,327750,327759,9,0
327750,327757,327759,2,7
327750,327750,327760,10,0
327750,327755,327760,5,5
327750,327757,327759,2,7
327750,327750,327761,11,0
327750,327757,327760,3,7
327750,327750,327761,11,0
327750,327756,327762,6,6
327750,327750,327761,11,0
327750,327755,327761,6,5
327771,327771,327772,1,0
327771,327771,327772,1,0
327771,327771,327772,1,0
327771,327771,327773,2,0
327771,327771,327773,2,0
327771,327771,327775,4,0
327771,327771,327775,4,0
327771,327773,327775,2,2
327771,327773,327775,2,2
327771,327772,327775,3,1
327771,327772,327775,3,1
327771,327771,327776,5,0
327771,327771,327776,5,0
327771,327771,327776,5,0
327771,327773,327776,3,2
327771,327771,327776,5,0
327771,327771,327776,5,0
327771,327771,327777,6,0
327771,327771,327777,6,0
327771,327771,327777,6,0
327771,327771,327777,6,0
327771,327771,327777,6,0
327771,327776,327777,1,5
327771,327771,327778,7,0
327771,327776,327777,1,5
327771,327771,327777,6,0
327771,327776,327777,1,5
327771,327771,327778,7,0
327771,327775,327778,3,4
327771,327771,327778,7,0
327771,327776,327778,2,5
327771,327771,327778,7,0
327771,327771,327778,7,0
327771,327775,327778,3,4
327771,327771,327778,7,0
327771,327771,327778,7,0
327771,327777,327778,1,6
327771,327771,327778,7,0
327771,327771,327779,8,0
327771,327778,327779,1,7
327771,327771,327779,8,0
327771,327771,327779,8,0
327771,327771,327779,8,0
327771,327778,327779,1,7
327771,327771,327779,8,0
327771,327778,327779,1,7
327771,327771,327779,8,0
327771,327778,327779,1,7
327771,327778,327779,1,7
327771,327778,327779,1,7
327771,327771,327780,9,0
327771,327776,327780,4,5
327771,327778,327780,2,7
327771,327771,327780,9,0
327771,327771,327780,9,0
327771,327779,327780,1,8
327771,327778,327780,2,7
327771,327779,327781,2,8
327771,327779,327781,2,8
327771,327777,327781,4,6
327771,327777,327781,4,6
327771,327777,327781,4,6
327771,327779,327781,2,8
327771,327778,327781,3,7
327771,327771,327781,10,0
327771,327779,327781,2,8
327771,327779,327781,2,8
327771,327771,327782,11,0
327771,327771,327782,11,0
327771,327778,327782,4,7
327771,327777,327782,5,6
327771,327771,327783,12,0
327771,327771,327783,12,0
327771,327771,327783,12,0
327771,327771,327783,12,0
327771,327771,327784,13,0
327771,327771,327787,16,0
327796,327796,327797,1,0
327796,327796,327798,2,0
327796,327796,327798,2,0
327796,327796,327797,1,0
327796,327796,327798,2,0
327796,327796,327799,3,0
327796,327796,327800,4,0
327796,327796,327800,4,0
327796,327796,327800,4,0
327796,327796,327800,4,0
327796,327796,327800,4,0
327796,327798,327800,2,2
327796,327798,327800,2,2
327796,327797,327800,3,1
327796,327798,327800,2,2
327796,327798,327801,3,2
327796,327796,327800,4,0
327796,327796,327801,5,0
327796,327796,327801,5,0
327796,327796,327801,5,0
327796,327796,327801,5,0
327796,327796,327801,5,0
327796,327800,327801,1,4
327796,327800,327801,1,4
327796,327799,327801,2,3
327796,327796,327802,6,0
327796,327796,327802,6,0
327796,327796,327802,6,0
327796,327796,327802,6,0
327796,327800,327802,2,4
327796,327796,327802,6,0
327796,327796,327802,6,0
327796,327796,327802,6,0
327796,327800,327802,2,4
327796,327796,327803,7,0
327796,327796,327803,7,0
327796,327801,327803,2,5
327796,327796,327803,7,0
327796,327800,327803,3,4
327796,327800,327803,3,4
327796,327796,327803,7,0
327796,327802,327803,1,6
327796,327796,327803,7,0
327796,327800,327803,3,4
327796,327796,327803,7,0
327796,327800,327804,4,4
327796,327802,327804,2,6
327796,327796,327804,8,0
327796,327796,327804,8,0
327796,327803,327804,1,7
327796,327796,327804,8,0
327796,327802,327804,2,6
327796,327802,327804,2,6
327796,327803,327804,1,7
327796,327802,327804,2,6
327796,327803,327804,1,7
327796,327796,327805,9,0
327796,327801,327805,4,5
327796,327796,327805,9,0
327796,327802,327805,3,6
327796,327802,327805,3,6
327796,327803,327805,2,7
327796,327801,327805,4,5
327796,327796,327805,9,0
327796,327796,327806,10,0
327796,327796,327806,10,0
327796,327796,327806,10,0
327796,327802,327806,4,6
327796,327796,327806,10,0
327796,327796,327807,11,0
327796,327796,327807,11,0
327796,327796,327807,11,0
327796,327800,327807,7,4
327796,327796,327807,11,0
327796,327802,327807,5,6
327796,327803,327809,6,7
327796,327802,327810,8,6
327820,327820,327822,2,0
327820,327820,327821,1,0
327820,327820,327822,2,0
327820,327820,327821,1,0
327820,327820,327822,2,0
327820,327820,327824,4,0
327820,327820,327824,4,0
327820,327820,327824,4,0
327820,327820,327823,3,0
327820,327822,327824,2,2
327820,327822,327824,2,2
327820,327822,327824,2,2
327820,327822,327824,2,2
327820,327820,327825,5,0
327820,327820,327825,5,0
327820,327820,327825,5,0
327820,327820,327825,5,0
327820,327822,327824,2,2
327820,327820,327825,5,0
327820,327820,327825,5,0
327820,327824,327825,1,4
327820,327820,327825,5,0
327820,327820,327826,6,0
327820,327820,327826,6,0
327820,327820,327825,5,0
327820,327820,327826,6,0
327820,327820,327826,6,0
327820,327820,327825,5,0
327820,327824,327826,2,4
327820,327820,327826,6,0
327820,327824,327825,1,4
327820,327824,327826,2,4
327820,327820,327826,6,0
327820,327824,327826,2,4
327820,327820,327827,7,0
327820,327820,327826,6,0
327820,327820,327827,7,0
327820,327820,327827,7,0
327820,327820,327826,6,0
327820,327820,327827,7,0
327820,327826,327827,1,6
327820,327820,327827,7,0
327820,327820,327826,6,0
327820,327826,327827,1,6
327820,327826,327827,1,6
327820,327820,327827,7,0
327820,327825,327827,2,5
327820,327826,327827,1,6
327820,327820,327826,6,0
327820,327825,327827,2,5
327820,327826,327827,1,6
327820,327826,327827,1,6
327820,327825,327828,3,5
327820,327820,327827,7,0
327820,327820,327828,8,0
327820,327820,327828,8,0
327820,327824,327828,4,4
327820,327820,327828,8,0
327820,327827,327828,1,7
327820,327824,327827,3,4
327820,327826,327828,2,6
327820,327820,327828,8,0
327820,327825,327828,3,5
327820,327820,327829,9,0
327820,327824,327829,5,4
327820,327825,327829,4,5
327820,327826,327829,3,6
327820,327826,327829,3,6
327820,327825,327829,4,5
327820,327826,327829,3,6
327820,327820,327830,10,0
327820,327825,327829,4,5
327820,327826,327831,5,6
327820,327826,327831,5,6
327820,327826,327831,5,6
327820,327820,327831,11,0
327820,327820,327832,12,0
327820,327820,327832,12,0
327820,327825,327833,8,5
327843,327843,327844,1,0
327843,327843,327844,1,0
327843,327843,327845,2,0
327843,327843,327844,1,0
327843,327843,327844,1,0
327843,327843,327846,3,0
327843,327845,327846,1,2
327843,327844,327845,1,1
327843,327845,327846,1,2
327843,327845,327847,2,2
327843,327845,327847,2,2
327843,327843,327848,5,0
327843,327846,327848,2,3
327843,327846,327848,2,3
327843,327846,327848,2,3
327843,327847,327848,1,4
327843,327843,327849,6,0
327843,327843,327848,5,0
327843,327843,327849,6,0
327843,327843,327849,6,0
327843,327847,327849,2,4
327843,327843,327848,5,0
327843,327847,327849,2,4
327843,327848,327849,1,5
327843,327843,327849,6,0
327843,327843,327850,7,0
327843,327848,327850,2,5
327843,327843,327849,6,0
327843,327843,327850,7,0
327843,327843,327850,7,0
327843,327848,327849,1,5
327843,327843,327850,7,0
327843,327843,327849,6,0
327843,327843,327849,6,0
327843,327843,327850,7,0
327843,327843,327850,7,0
327843,327848,327850,2,5
327843,327843,327850,7,0
327843,327843,327850,7,0
327843,327843,327851,8,0
327843,327843,327850,7,0
327843,327843,327851,8,0
327843,327849,327851,2,6
327843,327849,327850,1,6
327843,327849,327850,1,6
327843,327850,327851,1,7
327843,327843,327851,8,0
327843,327849,327851,2,6
327843,327849,327850,1,6
327843,327850,327851,1,7
327843,327843,327851,8,0
327843,327848,327850,2,5
327843,327850,327851,1,7
327843,327850,327851,1,7
327843,327843,327851,8,0
327843,327849,327850,1,6
327843,327850,327851,1,7
327843,327850,327851,1,7
327843,327843,327852,9,0
327843,327843,327851,8,0
327843,327843,327852,9,0
327843,327850,327852,2,7
327843,327843,327853,10,0
327843,327843,327853,10,0
327843,327850,327853,3,7
327843,327850,327853,3,7
327843,327849,327853,4,6
327843,327850,327853,3,7
327843,327849,327853,4,6
327843,327843,327853,10,0
327843,327843,327854,11,0
327843,327843,327854,11,0
327843,327849,327853,4,6
327843,327843,327853,10,0
327843,327843,327855,12,0
327843,327843,327869,26,0
327843,327843,327871,28,0
327843,327843,327875,32,0
327843,327843,327877,34,0
381920,381920,381958,38,0
381949,381949,381997,48,0
399955,399955,400001,46,0
399952,399952,400002,50,0
399952,399952,400002,50,0
399956,399956,400002,46,0
399954,399954,400004,50,0
399952,399952,400005,53,0
399954,399954,400005,51,0
399956,399956,400005,49,0
399955,399955,400006,51,0
399954,399954,400006,52,0
399955,399955,400007,52,0
399954,399954,400009,55,0
399952,399952,400010,58,0
399956,399956,400011,55,0
399956,399956,400013,57,0
399959,399959,400013,54,0
399960,399960,400016,56,0
399961,399961,400017,56,0
399954,399954,400017,63,0
399958,399958,400019,61,0
399962,399962,400020,58,0
399953,399953,400023,70,0
399955,399955,400024,69,0
399954,399954,400025,71,0
399956,399956,400025,69,0
399957,399957,400025,68,0
399956,399956,400029,73,0
399953,399953,400028,75,0
399957,399957,400030,73,0
399954,399954,400030,76,0
399952,399952,400033,81,0
399954,399954,400034,80,0
399957,399957,400037,80,0
399953,399953,400043,90,0
399956,399956,400044,88,0
399953,399953,400046,93,0
399956,399956,400047,91,0
399957,399957,400047,90,0
399953,399953,400048,95,0
399970,400001,400050,49,31
399955,399955,400050,95,0
399953,399953,400051,98,0
399959,399959,400051,92,0
399953,399953,400052,99,0
399955,399955,400052,97,0
399970,400003,400052,49,33
399957,399957,400052,95,0
399955,399955,400053,98,0
399953,399953,400053,100,0
399970,400005,400055,50,35
399958,399958,400055,97,0
399958,399958,400055,97,0
399970,400005,400055,50,35
399970,400006,400055,49,36
399958,399958,400056,98,0
399970,400002,400057,55,32
399970,400006,400056,50,36
399971,400010,400056,46,39
399970,400003,400056,53,33
399961,399962,400057,95,1
399957,399958,400058,100,1
399958,399958,400058,100,0
399957,399957,400059,102,0
399961,399961,400059,98,0
399954,399954,400059,105,0
399955,399955,400060,105,0
399971,400007,400060,53,36
399955,399955,400060,105,0
399962,399962,400060,98,0
399971,400008,400061,53,37
399959,399959,400061,102,0
399960,399960,400061,101,0
399959,399960,400062,102,1
399959,399959,400062,103,0
399953,399953,400062,109,0
399971,400011,400063,52,40
399958,399958,400062,104,0
399965,399965,400063,98,0
399969,399969,400063,94,0
399971,400007,400063,56,36
399971,400013,400063,50,42
399958,399958,400065,107,0
399962,399962,400065,103,0
399959,399959,400066,107,0
399959,399959,400067,108,0
399960,399960,400066,106,0
399971,400012,400066,54,41
399962,399962,400067,105,0
399968,399968,400067,99,0
399963,399963,400067,104,0
399957,399957,400067,110,0
399963,399963,400068,105,0
399964,399964,400068,104,0
399961,399961,400068,107,0
399961,399961,400070,109,0
399960,399960,400070,110,0
399960,399960,400071,111,0
399957,399957,400071,114,0
399971,400014,400071,57,43
399972,400017,400071,54,45
399956,399956,400072,116,0
399957,399957,400072,115,0
399963,399963,400072,109,0
399959,399959,400073,114,0
399964,399964,400073,109,0
399960,399961,400074,113,1
399964,399964,400073,109,0
399966,399966,400073,107,0
399960,399960,400074,114,0
399960,399960,400075,115,0
399967,399967,400075,108,0
399966,399966,400074,108,0
399966,399966,400074,108,0
399972,400018,400074,56,46
399958,399958,400075,117,0
399961,399961,400075,114,0
399961,399961,400075,114,0
399965,399965,400075,110,0
399967,399967,400075,108,0
399962,399962,400076,114,0
399968,399968,400076,108,0
399964,399965,400076,111,1
399970,399970,400076,106,0
399963,399963,400077,114,0
399964,399964,400076,112,0
399965,399965,400077,112,0
399967,399967,400076,109,0
399968,399969,400077,108,1
399959,399959,400076,117,0
399971,400016,400077,61,45
399965,399965,400077,112,0
399965,399965,400077,112,0
399967,399968,400077,109,1
399962,399962,400077,115,0
399972,400021,400078,57,49
399965,399965,400077,112,0
399967,399967,400078,111,0
399969,399969,400078,109,0
399969,399969,400078,109,0
399966,399966,400078,112,0
399967,399967,400079,112,0
399965,399966,400078,112,1
399962,399962,400078,116,0
399963,399963,400079,116,0
399966,399966,400079,113,0
399964,399964,400079,115,0
399967,399967,400079,112,0
399968,399968,400079,111,0
399968,399968,400080,112,0
399958,399958,400080,122,0
399963,399964,400080,116,1
399969,399969,400081,112,0
399964,399964,400080,116,0
399969,399969,400081,112,0
399969,399969,400081,112,0
399966,399966,400082,116,0
399964,399964,400082,118,0
399960,399960,400082,122,0
399968,399968,400082,114,0
399964,399964,400083,119,0
399968,399968,400083,115,0
399963,399963,400083,120,0
399968,399968,400083,115,0
399968,399968,400083,115,0
399961,399961,400084,123,0
399963,399963,400084,121,0
399969,399970,400084,114,1
399963,399963,400084,121,0
399961,399961,400085,124,0
399965,399965,400085,120,0
399967,399967,400086,119,0
399962,399962,400087,125,0
399966,399966,400087,121,0
399972,400025,400087,62,53
399965,399965,400089,124,0
399969,399969,400089,120,0
399967,399967,400089,122,0
399969,399969,400090,121,0
399967,399967,400090,123,0
399964,399964,400091,127,0
399972,400020,400092,72,48
399966,399966,400094,128,0
399972,400025,400095,70,53
399972,400025,400097,72,53
399973,400029,400101,72,56
399973,400030,400102,72,57
399974,400051,400102,51,77
399995,400056,400103,47,61
399973,400031,400103,72,58
399973,400033,400104,71,60
399972,400023,400106,83,51
399973,400034,400107,73,61
399972,400026,400106,80,54
399973,400029,400111,82,56
399995,400053,400111,58,58
399995,400055,400111,56,60
399997,400061,400112,51,64
399995,400056,400113,57,61
399996,400057,400116,59,61
399996,400057,400116,59,61
399996,400057,400117,60,61
399999,400067,400117,50,68
399997,400061,400117,56,64
399996,400057,400117,60,61
399973,400037,400118,81,64
399998,400063,400122,59,65
400000,400072,400123,51,72
399998,400064,400124,60,66
399998,400064,400125,61,66
400004,400078,400127,49,74
400000,400072,400130,58,72
399974,400046,400133,87,72
399974,400047,400135,88,73
400004,400077,400137,60,73
399973,400044,400137,93,71
400009,400092,400139,47,83
399973,400044,400140,96,71
399974,400048,400142,94,74
399974,400047,400142,95,73
399995,400054,400143,89,59
399994,400052,400145,93,58
400010,400103,400145,42,93
399996,400056,400147,91,60
399994,400052,400151,99,58
399994,400051,400154,103,57
399996,400059,400154,95,63
400002,400075,400155,80,73
399997,400060,400155,95,63
399997,400061,400157,96,64
399995,400053,400158,105,58
400011,400112,400158,46,101
399996,400059,400159,100,63
399996,400058,400160,102,62
399998,400063,400160,97,65
399996,400059,400161,102,63
400010,400103,400162,59,93
399994,400052,400163,111,58
399997,400062,400163,101,65
399995,400053,400162,109,58
400001,400073,400163,90,72
400011,400113,400163,50,102
399997,400063,400164,101,66
400000,400073,400164,91,73
399998,400064,400165,101,66
399999,400069,400165,96,70
399995,400055,400166,111,60
399995,400052,400167,115,57
399995,400056,400166,110,61
399999,400068,400167,99,69
400012,400118,400168,50,106
400011,400112,400169,57,101
400011,400116,400169,53,105
400011,400116,400169,53,105
400011,400114,400170,56,103
400011,400118,400171,53,107
399999,400067,400172,105,68
400011,400117,400172,55,106
399997,400060,400172,112,63
400000,400071,400173,102,71
400009,400098,400173,75,89
400008,400088,400173,85,80
400000,400071,400173,102,71
400012,400122,400173,51,110
399997,400059,400174,115,62
399997,400062,400174,112,65
400011,400118,400174,56,107
400001,400075,400175,100,74
399998,400063,400176,113,65
400012,400124,400176,52,112
400009,400096,400176,80,87
399998,400063,400178,115,65
400010,400107,400178,71,97
400012,400125,400179,54,113
400004,400078,400179,101,74
400012,400127,400180,53,115
400010,400106,400180,74,96
399997,400061,400180,119,64
400003,400076,400181,105,73
399999,400067,400182,115,68
399998,400063,400181,118,65
400009,400094,400182,88,85
400012,400126,400183,57,114
400000,400069,400183,114,69
399998,400065,400184,119,67
399999,400066,400183,117,67
400012,400130,400184,54,118
400003,400077,400184,107,74
400005,400080,400184,104,75
399999,400068,400185,117,69
400008,400086,400185,99,78
400010,400103,400185,82,93
400003,400077,400185,108,74
400005,400079,400185,106,74
400010,400102,400186,84,92
400002,400076,400186,110,74
400001,400075,400187,112,74
400000,400069,400187,118,69
400005,400079,400187,108,74
400002,400076,400187,111,74
399999,400068,400187,119,69
400008,400089,400188,99,81
399999,400068,400188,120,69
400010,400104,400188,84,94
400010,400105,400188,83,95
400001,400074,400188,114,73
400001,400074,400189,115,73
400008,400085,400189,104,77
400002,400076,400189,113,74
400010,400107,400189,82,97
400002,400076,400190,114,74
400007,400084,400189,105,77
400006,400083,400190,107,77
400005,400080,400190,110,75
400000,400072,400190,118,72
400007,400083,400191,108,76
400006,400081,400191,110,75
400009,400091,400190,99,82
400001,400074,400191,117,73
400012,400118,400191,73,106
400003,400077,400192,115,74
400006,400081,400191,110,75
400009,400089,400191,102,80
400002,400075,400192,117,73
400002,400075,400192,117,73
399999,400066,400192,126,67
400006,400080,400193,113,74
400005,400079,400193,114,74
400005,400080,400193,113,75
400013,400137,400193,56,124
400013,400139,400193,54,126
400003,400077,400194,117,74
400003,400077,400193,116,74
400009,400090,400193,103,81
400004,400077,400195,118,73
400001,400074,400194,120,73
400000,400073,400195,122,73
400002,400076,400196,120,74
400008,400086,400196,110,78
400000,400071,400197,126,71
400014,400146,400197,51,132
400004,400078,400197,119,74
400006,400081,400199,118,75
400005,400079,400199,120,74
400003,400077,400199,122,74
400005,400079,400199,120,74
400003,400077,400200,123,74
400007,400084,400199,115,77
400004,400078,400200,122,74
400007,400084,400200,116,77
400006,400080,400199,119,74
400004,400078,400200,122,74
400006,400083,400200,117,77
400007,400084,400201,117,77
400006,400082,400201,119,76
400001,400074,400200,126,73
400004,400078,400201,123,74
400005,400080,400201,121,75
400007,400084,400202,118,77
400008,400086,400201,115,78
400006,400082,400203,121,76
400006,400080,400202,122,74
400001,400075,400202,127,74
400002,400076,400203,127,74
400003,400077,400203,126,74
400007,400083,400204,121,76
400007,400085,400205,120,78
400010,400111,400205,94,101
400009,400090,400206,116,81
400008,400087,400206,119,79
400009,400091,400206,115,82
400008,400087,400207,120,79
400004,400078,400207,129,74
400008,400085,400209,124,77
400007,400085,400209,124,78
400015,400163,400209,46,148
400036,400164,400213,49,128
400037,400171,400215,44,134
400014,400159,400216,57,145
400013,400137,400219,82,124
400012,400134,400220,86,122
400013,400143,400224,81,130
400014,400155,400225,70,141
400037,400169,400227,58,132
400039,400176,400227,51,137
400037,400170,400228,58,133
400013,400135,400228,93,122
400036,400168,400228,60,132
400037,400170,400230,60,133
400013,400143,400230,87,130
400037,400173,400231,58,136
400039,400180,400232,52,141
400039,400179,400232,53,140
400013,400145,400233,88,132
400038,400174,400233,59,136
400037,400171,400234,63,134
400038,400175,400236,61,137
400013,400144,400237,93,131
400014,400155,400237,82,141
400040,400185,400238,53,145
400040,400183,400239,56,143
400014,400147,400240,93,133
400014,400152,400241,89,138
400013,400141,400243,102,128
400014,400157,400245,88,143
400015,400160,400247,87,145
400038,400174,400248,74,136
400045,400194,400249,55,149
400045,400194,400250,56,149
400014,400159,400251,92,145
400015,400160,400252,92,145
400046,400198,400255,57,152
400038,400173,400257,84,135
400014,400155,400259,104,141
400038,400174,400259,85,136
400042,400189,400260,71,147
400014,400155,400260,105,141
400039,400177,400262,85,138
400015,400162,400262,100,147
400015,400163,400262,99,148
400036,400168,400263,95,132
400036,400165,400263,98,129
400036,400165,400264,99,129
400039,400178,400265,87,139
400049,400213,400266,53,164
400036,400165,400267,102,129
400043,400190,400268,78,147
400044,400192,400268,76,148
400049,400210,400268,58,161
400015,400163,400268,105,148
400015,400161,400269,108,146
400015,400163,400269,106,148
400041,400185,400270,85,144
400039,400181,400269,88,142
400015,400164,400271,107,149
400042,400189,400272,83,147
400036,400166,400273,107,130
400049,400216,400274,58,167
400041,400187,400275,88,146
400036,400168,400277,109,132
400036,400168,400278,110,132
400050,400216,400277,61,166
400036,400167,400281,114,131
400038,400176,400281,105,138
400037,400173,400282,109,136
400051,400235,400283,48,184
400050,400228,400283,55,178
400043,400190,400283,93,147
400037,400172,400283,111,135
400051,400230,400284,54,179
400039,400178,400284,106,139
400050,400227,400284,57,177
400038,400175,400284,109,137
400045,400195,400285,90,150
400037,400173,400286,113,136
400041,400186,400287,101,145
400039,400180,400288,108,141
400051,400234,400288,54,183
400041,400187,400289,102,146
400038,400174,400290,116,136
400039,400181,400289,108,142
400040,400182,400290,108,142
400050,400229,400291,62,179
400052,400240,400292,52,188
400050,400228,400292,64,178
400051,400231,400292,61,180
400041,400188,400293,105,147
400051,400232,400293,61,181
400052,400238,400293,55,186
400051,400233,400293,60,182
400038,400175,400294,119,137
400043,400189,400294,105,146
400049,400208,400295,87,159
400040,400183,400296,113,143
400051,400237,400296,59,186
400048,400202,400297,95,154
400040,400182,400297,115,142
400043,400189,400297,108,146
400048,400205,400297,92,157
400042,400188,400298,110,146
400040,400184,400300,116,144
400040,400184,400300,116,144
400040,400184,400301,117,144
400041,400186,400301,115,145
400042,400189,400302,113,147
400042,400188,400302,114,146
400044,400192,400303,111,148
400041,400188,400304,116,147
400043,400191,400304,113,148
400040,400182,400304,122,142
400041,400185,400305,120,144
400043,400191,400305,114,148
400046,400200,400306,106,154
400041,400185,400306,121,144
400040,400185,400306,121,145
400042,400188,400306,118,146
400045,400194,400307,113,149
400048,400204,400307,103,156
400053,400255,400307,52,202
400042,400189,400307,118,147
400045,400196,400308,112,151
400046,400200,400308,108,154
400040,400185,400309,124,145
400053,400250,400309,59,197
400044,400191,400309,118,147
400044,400192,400310,118,148
400046,400196,400310,114,150
400047,400201,400310,109,154
400043,400190,400311,121,147
400045,400194,400311,117,149
400050,400226,400311,85,176
400047,400200,400311,111,153
400045,400194,400312,118,149
400046,400198,400312,114,152
400044,400192,400312,120,148
400045,400194,400312,118,149
400043,400190,400313,123,147
400044,400194,400312,118,150
400044,400193,400313,120,149
400043,400191,400313,122,148
400046,400200,400313,113,154
400046,400197,400314,117,151
400042,400188,400314,126,146
400042,400188,400314,126,146
400046,400200,400315,115,154
400044,400192,400315,123,148
400047,400201,400316,115,154
400044,400193,400317,124,149
400045,400195,400317,122,150
400050,400221,400317,96,171
400043,400190,400317,127,147
400049,400208,400317,109,159
400054,400266,400318,52,212
400048,400203,400318,115,155
400049,400210,400318,108,161
400055,400269,400318,49,214
400046,400200,400319,119,154
400045,400194,400319,125,149
400047,400200,400319,119,153
400049,400207,400320,113,158
400047,400201,400320,119,154
400049,400206,400321,115,157
400046,400199,400321,122,153
400049,400209,400322,113,160
400047,400200,400322,122,153
400048,400203,400323,120,155
400047,400201,400323,122,154
400047,400201,400323,122,154
400052,400238,400325,87,186
400052,400248,400325,77,196
400047,400201,400324,123,154
400048,400205,400325,120,157
400049,400206,400325,119,157
400047,400201,400326,125,154
400048,400206,400325,119,158
400048,400202,400327,125,154
400044,400193,400326,133,149
400046,400198,400326,128,152
400051,400234,400328,94,183
400050,400220,400327,107,170
400048,400203,400328,125,155
400053,400258,400331,73,205
400050,400224,400330,106,174
400048,400203,400332,129,155
400056,400275,400331,56,219
400050,400228,400332,104,178
400051,400230,400333,103,179
400051,400237,400336,99,186
400077,400285,400338,53,208
400054,400263,400339,76,209
400052,400249,400339,90,197
400052,400242,400340,98,190
400052,400240,400341,101,188
400052,400245,400341,96,193
400053,400260,400342,82,207
400076,400278,400344,66,202
400077,400285,400344,59,208
400053,400252,400344,92,199
400079,400294,400345,51,215
400079,400294,400346,52,215
400053,400259,400347,88,206
400077,400284,400347,63,207
400079,400291,400348,57,212
400052,400247,400348,101,195
400054,400265,400348,83,211
400053,400259,400350,91,206
400052,400244,400351,107,192
400056,400274,400352,78,218
400077,400283,400352,69,206
400054,400262,400352,90,208
400078,400289,400353,64,211
400055,400270,400353,83,215
400053,400252,400354,102,199
400055,400268,400353,85,213
400083,400310,400355,45,227
400079,400293,400355,62,214
400054,400263,400356,93,209
400055,400271,400356,85,216
400080,400296,400357,61,216
400055,400268,400358,90,213
400055,400272,400359,87,217
400056,400275,400359,84,219
400079,400293,400360,67,214
400082,400308,400360,52,226
400054,400265,400360,95,211
400079,400292,400361,69,213
400079,400294,400362,68,215
400053,400260,400363,103,207
400054,400264,400365,101,210
400054,400268,400365,97,214
400054,400264,400366,102,210
400055,400269,400368,99,214
400055,400269,400371,102,214
400086,400318,400373,55,232
400055,400270,400376,106,215
400076,400281,400377,96,205
400056,400278,400378,100,222
400056,400278,400378,100,222
400055,400271,400379,108,216
400090,400332,400380,48,242
400077,400284,400383,99,207
400078,400287,400383,96,209
400087,400319,400385,66,232
400076,400281,400387,106,205
400077,400283,400389,106,206
400077,400285,400391,106,208
400078,400285,400391,106,207
400078,400290,400393,103,212
400083,400310,400393,83,227
400080,400296,400395,99,216
400078,400291,400394,103,213
400078,400290,400398,108,212
400090,400339,400398,59,249
400086,400319,400398,79,233
400081,400303,400399,96,222
400080,400295,400399,104,215
400080,400299,400400,101,219
400078,400287,400402,115,209
400080,400298,400402,104,218
400093,400356,400403,47,263
400077,400285,400403,118,208
400090,400338,400404,66,248
400091,400344,400404,60,253
400092,400349,400404,55,257
400082,400307,400404,97,225
400091,400346,400405,59,255
400077,400284,400406,122,207
400084,400312,400406,94,228
400091,400345,400407,62,254
400081,400303,400406,103,222
400079,400294,400408,114,215
400081,400300,400410,110,219
400088,400325,400410,85,237
400091,400348,400410,62,257
400092,400353,400410,57,261
400080,400296,400411,115,216
400091,400346,400412,66,255
400080,400298,400412,114,218
400078,400290,400413,123,212
400092,400354,400413,59,262
400093,400355,400415,60,262
400082,400306,400416,110,224
400080,400298,400416,118,218
400094,400360,400417,57,266
400080,400298,400418,120,218
400081,400303,400418,115,222
400081,400300,400419,119,219
400079,400295,400420,125,216
400084,400313,400421,108,229
400089,400328,400421,93,239
400078,400288,400421,133,210
400088,400325,400422,97,237
400082,400306,400422,116,224
400095,400381,400423,42,286
400094,400362,400423,61,268
400094,400362,400422,60,268
400081,400301,400423,122,220
400083,400308,400423,115,225
400081,400301,400424,123,220
400085,400315,400424,109,230
400081,400305,400425,120,224
400084,400312,400425,113,228
400085,400315,400425,110,230
400085,400314,400426,112,229
400094,400360,400426,66,266
400082,400306,400427,121,224
400083,400310,400427,117,227
400084,400312,400427,115,228
400086,400317,400427,110,231
400089,400331,400428,97,242
400082,400305,400428,123,223
400095,400373,400429,56,278
400082,400308,400429,121,226
400093,400358,400429,71,265
400085,400315,400429,114,230
400088,400323,400429,106,235
400083,400309,400430,121,226
400089,400327,400429,102,238
400088,400324,400430,106,236
400084,400313,400430,117,229
400082,400307,400431,124,225
400088,400324,400432,108,236
400094,400361,400431,70,267
400086,400317,400432,115,231
400090,400340,400432,92,250
400088,400326,400432,106,238
400083,400309,400432,123,226
400085,400314,400433,119,229
400084,400312,400433,121,228
400087,400320,400433,113,233
400091,400348,400433,85,257
400081,400305,400434,129,224
400086,400319,400434,115,233
400088,400326,400435,109,238
400084,400312,400436,124,228
400092,400349,400436,87,257
400081,400304,400436,132,223
400082,400306,400436,130,224
400089,400331,400436,105,242
400087,400320,400437,117,233
400089,400326,400437,111,237
400092,400354,400438,84,262
400085,400314,400439,125,229
400087,400320,400438,118,233
400087,400323,400438,115,236
400093,400354,400438,84,261
400083,400310,400438,128,227
400084,400312,400438,126,228
400085,400316,400438,122,231
400086,400317,400438,121,231
400088,400326,400439,113,238
400086,400317,400439,122,231
400083,400311,400440,129,228
400086,400318,400439,121,232
400084,400313,400440,127,229
400087,400320,400440,120,233
400087,400322,400440,118,235
400090,400333,400440,107,243
400083,400311,400440,129,228
400086,400318,400440,122,232
400087,400321,400441,120,234
400085,400313,400441,128,228
400090,400334,400441,107,244
400087,400323,400442,119,236
400087,400322,400442,120,235
400092,400349,400443,94,257
400089,400327,400442,115,238
400091,400343,400443,100,252
400085,400315,400444,129,230
400092,400352,400443,91,260
400089,400328,400443,115,239
400090,400337,400443,106,247
400088,400325,400443,118,237
400090,400339,400444,105,249
400093,400360,400444,84,267
400097,400399,400444,45,302
400091,400341,400444,103,250
400091,400345,400445,100,254
400093,400360,400446,86,267
400093,400358,400446,88,265
400093,400357,400446,89,264
400089,400327,400446,119,238
400092,400351,400447,96,259
400089,400328,400447,119,239
400090,400332,400448,116,242
400093,400354,400449,95,261
400092,400353,400449,96,261
400092,400350,400450,100,258
400095,400368,400451,83,273
400096,400387,400451,64,291
400094,400365,400452,87,271
400093,400357,400452,95,264
400095,400371,400452,81,276
400095,400377,400452,75,282
400090,400341,400453,112,251
400094,400363,400453,90,269
400094,400366,400455,89,272
400096,400385,400455,70,289
400097,400401,400456,55,304
400096,400384,400457,73,288
400096,400389,400457,68,293
400095,400379,400457,78,284
400096,400394,400459,65,298
400095,400377,400459,82,282
400094,400366,400460,94,272
400095,400378,400460,82,283
400095,400379,400463,84,284
400097,400404,400463,59,307
400097,400399,400464,65,302
400096,400391,400466,75,295
400096,400395,400467,72,299
400097,400402,400467,65,305
400097,400400,400468,68,303
400098,400404,400467,63,306
400096,400392,400468,76,296
400097,400403,400468,65,306
400097,400395,400468,73,298
400095,400384,400469,85,289
400096,400394,400470,76,298
400097,400400,400472,72,303
400097,400399,400475,76,302
401638,401638,401682,44,0
401637,401637,401684,47,0
401636,401636,401685,49,0
401639,401639,401685,46,0
401639,401639,401685,46,0
401636,401636,401686,50,0
401639,401639,401687,48,0
401639,401640,401688,48,1
401640,401640,401690,50,0
401637,401637,401692,55,0
401637,401637,401692,55,0
401640,401640,401691,51,0
401637,401637,401692,55,0
401641,401641,401694,53,0
401643,401643,401694,51,0
401639,401639,401695,56,0
401645,401645,401699,54,0
401637,401637,401700,63,0
401644,401644,401700,56,0
401646,401646,401701,55,0
401640,401640,401704,64,0
401642,401642,401705,63,0
401637,401637,401706,69,0
401638,401638,401707,69,0
401639,401639,401709,70,0
401638,401638,401711,73,0
401637,401637,401712,75,0
401640,401640,401713,73,0
401639,401639,401715,76,0
401638,401638,401716,78,0
401639,401639,401719,80,0
401640,401640,401720,80,0
401638,401638,401723,85,0
401638,401638,401727,89,0
401654,401685,401729,44,31
401638,401638,401729,91,0
401654,401687,401732,45,33
401655,401690,401733,43,35
401654,401682,401733,51,28
401638,401639,401733,94,1
401654,401685,401734,49,31
401641,401641,401734,93,0
401638,401638,401735,97,0
401654,401685,401736,51,31
401654,401685,401737,52,31
401640,401640,401738,98,0
401642,401642,401737,95,0
401640,401640,401738,98,0
401655,401689,401738,49,34
401642,401642,401739,97,0
401655,401692,401741,49,37
401637,401637,401741,104,0
401641,401641,401742,101,0
401638,401638,401742,104,0
401643,401643,401742,99,0
401643,401644,401742,98,1
401654,401686,401743,57,32
401655,401693,401743,50,38
401655,401692,401743,51,37
401641,401641,401744,103,0
401642,401642,401743,101,0
401643,401643,401744,101,0
401642,401642,401746,104,0
401646,401646,401746,100,0
401643,401643,401746,103,0
401643,401643,401747,104,0
401640,401640,401746,106,0
401642,401642,401747,105,0
401644,401644,401748,104,0
401645,401645,401749,104,0
401643,401643,401749,106,0
401637,401637,401749,112,0
401647,401647,401750,103,0
401644,401644,401750,106,0
401655,401692,401750,58,37
401655,401694,401750,56,39
401655,401696,401750,54,41
401643,401643,401751,108,0
401645,401645,401751,106,0
401647,401647,401751,104,0
401645,401645,401752,107,0
401646,401646,401752,106,0
401655,401695,401753,58,40
401656,401701,401753,52,45
401649,401649,401753,104,0
401639,401639,401754,115,0
401645,401645,401754,109,0
401645,401645,401754,109,0
401651,401651,401755,104,0
401642,401642,401755,113,0
401647,401647,401755,108,0
401642,401642,401755,113,0
401642,401642,401756,114,0
401646,401646,401756,110,0
401641,401641,401757,116,0
401641,401641,401756,115,0
401648,401648,401757,109,0
401641,401641,401757,116,0
401656,401702,401757,55,46
401646,401646,401758,112,0
401653,401653,401758,105,0
401648,401648,401758,110,0
401653,401653,401759,106,0
401649,401649,401759,110,0
401644,401644,401758,114,0
401647,401647,401759,112,0
401644,401644,401759,115,0
401647,401647,401759,112,0
401649,401649,401759,110,0
401642,401643,401759,116,1
401644,401644,401759,115,0
401649,401649,401760,111,0
401650,401650,401760,110,0
401649,401649,401760,111,0
401650,401650,401760,110,0
401652,401652,401760,108,0
401640,401640,401760,120,0
401646,401646,401760,114,0
401656,401699,401761,62,43
401656,401706,401761,55,50
401644,401644,401761,117,0
401648,401648,401761,113,0
401645,401645,401761,116,0
401650,401650,401761,111,0
401645,401645,401762,117,0
401652,401652,401762,110,0
401653,401653,401761,108,0
401651,401651,401762,111,0
401652,401652,401762,110,0
401651,401652,401763,111,1
401650,401650,401763,113,0
401648,401648,401763,115,0
401651,401651,401763,112,0
401653,401653,401764,111,0
401644,401645,401764,119,1
401647,401647,401764,117,0
401650,401650,401764,114,0
401645,401645,401764,119,0
401650,401650,401764,114,0
401646,401646,401764,118,0
401652,401652,401764,112,0
401653,401653,401765,112,0
401648,401648,401765,117,0
401653,401653,401765,112,0
401647,401647,401766,119,0
401649,401649,401765,116,0
401649,401649,401766,117,0
401651,401651,401766,115,0
401656,401705,401767,62,49
401649,401649,401767,118,0
401641,401641,401767,126,0
401649,401649,401767,118,0
401651,401651,401767,116,0
401648,401648,401768,120,0
401650,401650,401769,119,0
401647,401647,401768,121,0
401648,401648,401768,120,0
401652,401653,401768,115,1
401652,401652,401769,117,0
401653,401653,401770,117,0
401652,401652,401769,117,0
401641,401641,401770,129,0
401650,401650,401770,120,0
401652,401652,401770,118,0
401654,401654,401771,117,0
401644,401644,401770,126,0
401646,401646,401771,125,0
401651,401651,401772,121,0
401653,401653,401771,118,0
401646,401646,401771,125,0
401651,401651,401772,121,0
401656,401701,401772,71,45
401650,401651,401773,122,1
401648,401648,401773,125,0
401652,401652,401773,121,0
401650,401650,401772,122,0
401643,401643,401773,130,0
401648,401648,401776,128,0
401653,401653,401775,122,0
401656,401710,401777,67,54
401654,401654,401777,123,0
401657,401713,401777,64,56
401647,401647,401779,132,0
401657,401729,401780,51,72
401658,401734,401780,46,76
401658,401733,401782,49,75
401657,401714,401784,70,57
401657,401712,401784,72,55
401651,401651,401785,134,0
401657,401716,401785,69,59
401656,401707,401787,80,51
401658,401733,401787,54,75
401656,401708,401787,79,52
401679,401739,401789,50,60
401657,401721,401790,69,64
401678,401735,401792,57,57
401657,401720,401792,72,63
401679,401736,401794,58,57
401679,401737,401794,57,58
401657,401717,401795,78,60
401679,401742,401799,57,63
401658,401734,401800,66,76
401680,401744,401801,57,64
401680,401744,401800,56,64
401680,401743,401802,59,63
401657,401724,401805,81,67
401682,401751,401808,57,69
401682,401751,401811,60,69
401683,401754,401812,58,71
401687,401761,401816,55,74
401682,401751,401817,66,69
401683,401754,401817,63,71
401684,401758,401818,60,74
401657,401728,401822,94,71
401658,401730,401822,92,72
401687,401761,401823,62,74
401679,401739,401830,91,60
401678,401736,401831,95,58
401678,401735,401835,100,57
401693,401781,401836,55,88
401694,401783,401835,52,89
401679,401738,401838,100,59
401694,401781,401839,58,87
401679,401740,401841,101,61
401694,401788,401842,54,94
401679,401738,401842,104,59
401680,401744,401844,100,64
401679,401742,401845,103,63
401695,401795,401846,51,100
401695,401790,401847,57,95
401693,401777,401849,72,84
401690,401767,401850,83,77
401681,401747,401850,103,66
401680,401743,401851,108,63
401693,401777,401850,73,84
401695,401792,401851,59,97
401681,401747,401852,105,66
401696,401802,401852,50,106
401695,401794,401853,59,99
401680,401743,401853,110,63
401681,401747,401854,107,66
401682,401751,401854,103,69
401696,401801,401854,53,105
401680,401743,401854,111,63
401692,401772,401855,83,80
401679,401742,401855,113,63
401695,401799,401855,56,104
401681,401748,401855,107,67
401682,401749,401855,106,67
401680,401745,401856,111,65
401680,401744,401857,113,64
401681,401749,401857,108,68
401683,401754,401858,104,71
401684,401757,401858,101,73
401681,401746,401859,113,65
401696,401801,401859,58,105
401681,401749,401859,110,68
401694,401788,401861,73,94
401682,401751,401862,111,69
401681,401749,401862,113,68
401684,401756,401862,106,72
401681,401747,401864,117,66
401694,401786,401864,78,92
401685,401760,401864,104,75
401687,401761,401865,104,74
401694,401787,401865,78,93
401684,401757,401866,109,73
401694,401786,401867,81,92
401684,401757,401867,110,73
401688,401764,401868,104,76
401692,401772,401868,96,80
401695,401791,401868,77,96
401683,401756,401868,112,73
401694,401785,401868,83,91
401682,401751,401869,118,69
401689,401766,401869,103,77
401696,401808,401870,62,112
401688,401764,401869,105,76
401683,401752,401870,118,69
401696,401813,401871,58,117
401682,401752,401872,120,70
401695,401793,401872,79,98
401683,401756,401872,116,73
401696,401817,401873,56,121
401683,401755,401872,117,72
401684,401756,401873,117,72
401684,401757,401872,115,73
401683,401755,401873,118,72
401688,401764,401874,110,76
401696,401811,401873,62,115
401696,401818,401873,55,122
401686,401761,401874,113,75
401682,401751,401875,124,69
401685,401760,401875,115,75
401690,401768,401876,108,78
401687,401763,401876,113,76
401689,401765,401877,112,76
401689,401766,401877,111,77
401691,401769,401876,107,78
401682,401752,401876,124,70
401683,401755,401877,122,72
401685,401759,401877,118,74
401685,401759,401877,118,74
401693,401773,401877,104,80
401685,401758,401877,119,73
401688,401764,401878,114,76
401686,401760,401878,118,74
401695,401796,401878,82,101
401686,401761,401879,118,75
401686,401761,401879,118,75
401686,401760,401879,119,74
401697,401818,401879,61,121
401689,401766,401879,113,77
401693,401777,401880,103,84
401684,401758,401880,122,74
401697,401819,401880,61,122
401687,401761,401880,119,74
401686,401760,401880,120,74
401690,401768,401881,113,78
401686,401760,401881,121,74
401691,401769,401881,112,78
401685,401760,401881,121,75
401691,401769,401880,111,78
401689,401766,401881,115,77
401687,401761,401882,121,74
401692,401772,401882,110,80
401692,401773,401883,110,81
401697,401823,401883,60,126
401687,401763,401883,120,76
401689,401765,401884,119,76
401689,401765,401884,119,76
401685,401760,401885,125,75
401688,401764,401884,120,76
401690,401767,401884,117,77
401687,401761,401884,123,74
401687,401761,401884,123,74
401691,401770,401884,114,79
401688,401763,401884,121,75
401691,401771,401886,115,80
401692,401772,401886,114,80
401690,401768,401886,118,78
401690,401768,401886,118,78
401693,401773,401887,114,80
401689,401765,401888,123,76
401694,401786,401887,101,92
401698,401839,401887,48,141
401691,401771,401887,116,80
401685,401758,401888,130,73
401690,401769,401889,120,79
401690,401769,401888,119,79
401691,401770,401888,118,79
401688,401765,401888,123,77
401689,401765,401889,124,76
401693,401776,401889,113,83
401692,401771,401889,118,79
401685,401760,401890,130,75
401692,401771,401889,118,79
401687,401762,401891,129,75
401684,401757,401891,134,73
401689,401765,401891,126,76
401690,401767,401891,124,77
401692,401773,401892,119,81
401686,401761,401892,131,75
401691,401770,401892,122,79
401688,401763,401892,129,75
401696,401805,401892,87,109
401693,401774,401893,119,81
401691,401770,401893,123,79
401686,401761,401894,133,75
401693,401779,401894,115,86
401698,401847,401895,48,149
401688,401765,401896,131,77
401698,401837,401896,59,139
401697,401837,401896,59,140
401697,401823,401897,74,126
401692,401772,401898,126,80
401698,401846,401898,52,148
401692,401771,401899,128,79
401693,401776,401900,124,83
401698,401843,401902,59,145
401699,401852,401903,51,153
401699,401854,401903,49,155
401697,401831,401905,74,134
401695,401801,401906,105,106
401721,401860,401908,48,139
401699,401853,401910,57,154
401720,401855,401914,59,135
401720,401856,401915,59,136
401697,401823,401922,99,126
401699,401851,401924,73,152
401697,401831,401926,95,134
401698,401846,401927,81,148
401724,401871,401928,57,147
401698,401838,401932,94,140
401699,401850,401933,83,151
401724,401870,401933,63,146
401697,401835,401933,98,138
401699,401849,401935,86,150
401725,401874,401936,62,149
401725,401874,401936,62,149
401698,401844,401937,93,146
401724,401873,401937,64,149
401720,401855,401939,84,135
401727,401879,401940,61,152
401722,401864,401941,77,142
401729,401884,401943,59,155
401698,401842,401944,102,144
401698,401843,401944,101,145
401722,401861,401945,84,139
401723,401868,401944,76,145
401727,401881,401945,64,154
401731,401888,401947,59,157
401721,401857,401948,91,136
401699,401853,401950,97,154
401723,401868,401952,84,145
401722,401866,401953,87,144
401723,401867,401953,86,144
401734,401897,401954,57,163
401733,401896,401954,58,163
401733,401896,401955,59,163
401699,401851,401955,104,152
401720,401856,401956,100,136
401699,401854,401957,103,155
401699,401850,401959,109,151
401720,401856,401958,102,136
401724,401872,401958,86,148
401722,401864,401960,96,142
401734,401903,401960,57,169
401734,401899,401961,62,165
401734,401903,401961,58,169
401720,401855,401962,107,135
401723,401868,401965,97,145
401720,401855,401966,111,135
401735,401909,401966,57,174
401735,401904,401966,62,169
401727,401878,401967,89,151
401720,401855,401966,111,135
401722,401862,401968,106,140
401721,401860,401968,108,139
401721,401858,401969,111,137
401721,401858,401969,111,137
401720,401856,401969,113,136
401721,401859,401970,111,138
401721,401858,401969,111,137
401735,401911,401971,60,176
401735,401914,401972,58,179
401721,401860,401972,112,139
401735,401916,401975,59,181
401724,401872,401976,104,148
401725,401874,401976,102,149
401722,401863,401977,114,141
401724,401873,401978,105,149
401724,401870,401979,109,146
401723,401869,401981,112,146
401723,401868,401983,115,145
401728,401881,401983,102,153
401722,401867,401983,116,145
401736,401929,401984,55,193
401722,401865,401983,118,143
401723,401868,401985,117,145
401727,401879,401984,105,152
401724,401871,401985,114,147
401723,401868,401986,118,145
401726,401877,401986,109,151
401725,401874,401988,114,149
401733,401895,401987,92,162
401722,401865,401987,122,143
401731,401889,401988,99,158
401722,401863,401989,126,141
401727,401880,401990,110,153
401726,401877,401990,113,151
401727,401879,401991,112,152
401736,401934,401991,57,198
401726,401878,401992,114,152
401723,401869,401992,123,146
401726,401878,401993,115,152
401729,401885,401993,108,156
401730,401887,401993,106,157
401726,401877,401993,116,151
401724,401874,401993,119,150
401725,401876,401994,118,151
401736,401936,401994,58,200
401725,401877,401994,117,152
401732,401891,401995,104,159
401728,401882,401996,114,154
401737,401938,401996,58,201
401729,401885,401996,111,156
401728,401882,401997,115,154
401729,401885,401997,112,156
401726,401878,401998,120,152
401727,401879,401998,119,152
401725,401874,401998,124,149
401724,401874,401998,124,150
401726,401878,401998,120,152
401729,401883,401999,116,154
401725,401875,402000,125,150
401732,401892,402000,108,160
401727,401880,402001,121,153
401729,401885,402000,115,156
401728,401882,402000,118,154
401725,401876,402001,125,151
401730,401885,402001,116,155
401735,401906,402001,95,171
401728,401882,402001,119,154
401730,401886,402001,115,156
401731,401889,402002,113,158
401733,401894,402002,108,161
401737,401941,402002,61,204
401726,401878,402003,125,152
401729,401884,402003,119,155
401728,401882,402003,121,154
401733,401895,402003,108,162
401733,401893,402004,111,160
401725,401876,402004,128,151
401736,401937,402005,68,201
401738,401945,402004,59,207
401739,401956,402005,49,217
401729,401885,402004,119,156
401730,401888,402005,117,158
401732,401892,402005,113,160
401734,401899,402005,106,165
401729,401885,402006,121,156
401727,401878,402006,128,151
401732,401891,402006,115,159
401726,401877,402007,130,151
401729,401883,402007,124,154
401730,401885,402006,121,155
401728,401882,402006,124,154
401731,401888,402006,118,157
401737,401943,402006,63,206
401731,401889,402007,118,158
401728,401881,402007,126,153
401738,401948,402008,60,210
401728,401883,402008,125,155
401726,401878,402009,131,152
401732,401891,402009,118,159
401732,401892,402009,117,160
401730,401887,402010,123,157
401731,401890,402009,119,159
401730,401887,402010,123,157
401734,401898,402010,112,164
401731,401888,402011,123,157
401739,401955,402011,56,216
401730,401887,402012,125,157
401727,401880,402011,131,153
401735,401925,402012,87,190
401731,401889,402012,123,158
401732,401890,402012,122,158
401738,401954,402012,58,216
401735,401923,402012,89,188
401732,401892,402013,121,160
401731,401889,402013,124,158
401733,401896,402014,118,163
401740,401962,402014,52,222
401730,401885,402015,130,155
401731,401890,402015,125,159
401733,401893,402015,122,160
401730,401888,402016,128,158
401735,401907,402016,109,172
401736,401934,402017,83,198
401736,401936,402019,83,200
401740,401962,402019,57,222
401737,401942,402021,79,205
401740,401960,402020,60,220
401734,401901,402022,121,167
401734,401898,402021,123,164
401737,401938,402023,85,201
401732,401892,402024,132,160
401736,401926,402025,99,190
401733,401894,402025,131,161
401740,401967,402026,59,227
401737,401945,402027,82,208
401740,401967,402027,60,227
401770,401973,402027,54,203
401736,401928,402027,99,192
401736,401932,402028,96,196
401737,401939,402032,93,202
401738,401945,402033,88,207
401737,401944,402034,90,207
401738,401949,402034,85,211
401736,401934,402034,100,198
401739,401959,402037,78,220
401738,401954,402037,83,216
401737,401944,402037,93,207
401738,401953,402038,85,215
401739,401959,402040,81,220
401738,401954,402040,86,216
401770,401976,402040,64,206
401770,401971,402042,71,201
401771,401984,402042,58,213
401740,401965,402043,78,225
401773,401991,402046,55,218
401738,401950,402047,97,212
401739,401956,402051,95,217
401740,401962,402053,91,222
401741,401968,402053,85,227
401740,401967,402054,87,227
401774,401994,402056,62,220
401774,401997,402059,62,223
401739,401959,402060,101,220
401739,401957,402060,103,218
401779,402007,402060,53,228
401739,401960,402061,101,221
401739,401958,402063,105,219
401741,401968,402063,95,227
401740,401966,402066,100,226
401769,401969,402070,101,200
401777,402005,402071,66,228
401741,401969,402071,102,228
401777,402005,402073,68,228
401769,401970,402073,103,201
401779,402009,402073,64,230
401776,402003,402075,72,227
401781,402013,402075,62,232
401777,402005,402076,71,228
401741,401969,402076,107,228
401782,402020,402078,58,238
401780,402012,402079,67,232
401769,401970,402078,108,201
401770,401979,402079,100,209
401772,401988,402079,91,216
401782,402021,402080,59,239
401770,401973,402080,107,203
401781,402015,402081,66,234
401770,401980,402081,101,210
401783,402028,402082,54,245
401769,401970,402085,115,201
401770,401978,402085,107,208
401771,401985,402085,100,214
401783,402027,402086,59,244
401770,401977,402087,110,207
401772,401990,402090,100,218
401771,401984,402095,111,213
401772,401986,402095,109,214
401783,402028,402095,67,245
401770,401977,402095,118,207
401772,401988,402096,108,216
401785,402043,402097,54,258
401785,402047,402097,50,262
401773,401994,402097,103,221
401776,402001,402098,97,225
401771,401984,402099,115,213
401772,401989,402100,111,217
401785,402043,402101,58,258
401785,402041,402101,60,256
401774,401998,402101,103,224
401772,401986,402102,116,214
401781,402013,402103,90,232
401782,402019,402105,86,237
401773,401993,402105,112,220
401782,402020,402106,86,238
401771,401982,402107,125,211
401771,401983,402107,124,212
401772,401991,402108,117,219
401771,401985,402108,123,214
401780,402012,402107,95,232
401773,401992,402108,116,219
401774,401995,402110,115,221
401774,401998,402109,111,224
401775,401998,402111,113,223
401771,401985,402112,127,214
401772,401988,402112,124,216
401773,401991,402111,120,218
401777,402004,402111,107,227
401773,401993,402112,119,220
401777,402003,402113,110,226
401776,402003,402112,109,227
401781,402014,402113,99,233
401774,401994,402113,119,220
401775,402000,402114,114,225
401778,402007,402113,106,229
401778,402005,402114,109,227
401786,402056,402114,58,270
401786,402059,402114,55,273
401782,402021,402116,95,239
401772,401989,402117,128,217
401783,402022,402118,96,239
401771,401984,402118,134,213
401783,402028,402119,91,245
401778,402005,402119,114,227
401779,402008,402119,111,229
401786,402061,402119,58,275
401775,401999,402119,120,224
401773,401993,402119,126,220
401776,402002,402120,118,226
401780,402010,402120,110,230
401777,402003,402120,117,226
401777,402005,402120,115,228
401775,401999,402120,121,224
401776,402002,402121,119,226
401784,402033,402121,88,249
401784,402037,402121,84,253
401779,402010,402122,112,231
401776,402002,402121,119,226
401780,402010,402121,111,230
401784,402033,402122,89,249
401777,402003,402122,119,226
401776,402001,402122,121,225
401785,402041,402122,81,256
401783,402025,402123,98,242
401774,401996,402124,128,222
401776,402002,402123,121,226
401775,401999,402124,125,224
401774,401997,402124,127,223
401777,402005,402125,120,228
401774,401997,402125,128,223
401780,402010,402125,115,230
401777,402005,402125,120,228
401787,402071,402126,55,284
401781,402013,402125,112,232
401784,402039,402126,87,255
401776,402002,402126,124,226
401782,402016,402126,110,234
401775,402001,402126,125,226
401780,402010,402127,117,230
401773,401992,402127,135,219
401773,401994,402127,133,221
401781,402015,402127,112,234
401775,402001,402128,127,226
401781,402013,402128,115,232
401787,402073,402129,56,286
401780,402013,402128,115,233
401782,402016,402129,113,234
401784,402038,402129,91,254
401779,402007,402129,122,228
401775,401999,402129,130,224
401780,402012,402129,117,232
401778,402007,402129,122,229
401784,402038,402130,92,254
401780,402011,402130,119,231
401778,402006,402130,124,228
401785,402045,402130,85,260
401779,402008,402131,123,229
401784,402035,402130,95,251
401784,402029,402131,102,245
401775,402001,402131,130,226
401778,402007,402131,124,229
401779,402010,402132,122,231
401779,402009,402131,122,230
401779,402007,402132,125,228
401784,402035,402132,97,251
401786,402062,402133,71,276
401782,402022,402132,110,240
401783,402028,402134,106,245
401776,402002,402133,131,226
401782,402016,402134,118,234
401788,402076,402134,58,288
401783,402026,402135,109,243
401786,402055,402135,80,269
401787,402074,402135,61,287
401778,402007,402136,129,229
401788,402080,402136,56,292
401783,402024,402137,113,241
401781,402013,402137,124,232
401785,402041,402138,97,256
401785,402048,402138,90,263
401788,402075,402139,64,287
401787,402075,402138,63,288
401778,402007,402138,131,229
401778,402006,402139,133,228
401786,402053,402140,87,267
401784,402035,402141,106,251
401788,402080,402142,62,292
401785,402051,402141,90,266
401786,402060,402142,82,274
401786,402053,402143,90,267
401787,402066,402143,77,279
401788,402079,402143,64,291
401788,402081,402144,63,293
401786,402061,402144,83,275
401788,402079,402144,65,291
401779,402009,402146,137,230
401781,402015,402146,131,234
401787,402071,402146,75,284
401788,402078,402146,68,290
401786,402063,402147,84,277
401780,402012,402146,134,232
401787,402072,402147,75,285
401789,402081,402147,66,292
401783,402026,402147,121,243
401787,402064,402148,84,277
401789,402085,402148,63,296
401789,402083,402148,65,294
401790,402098,402148,50,308
401790,402098,402148,50,308
401789,402086,402150,64,297
401789,402082,402151,69,293
401788,402077,402153,76,289
401790,402095,402153,58,305
401789,402086,402153,67,297
401789,402095,402154,59,306
401787,402074,402154,80,287
401788,402080,402156,76,292
401790,402096,402156,60,306
401789,402092,402156,64,303
401790,402096,402157,61,306
401790,402098,402158,60,308
401789,402088,402159,71,299
401789,402086,402160,74,297
401790,402096,402161,65,306
403435,403435,403478,43,0
403438,403438,403482,44,0
403437,403437,403482,45,0
403439,403439,403483,44,0
403436,403436,403484,48,0
403438,403438,403485,47,0
403436,403436,403485,49,0
403435,403435,403485,50,0
403437,403437,403486,49,0
403438,403438,403486,48,0
403439,403439,403486,47,0
403437,403437,403487,50,0
403440,403440,403489,49,0
403439,403439,403489,50,0
403438,403438,403492,54,0
403441,403441,403492,51,0
403443,403443,403493,50,0
403444,403444,403493,49,0
403436,403436,403496,60,0
403442,403442,403495,53,0
403445,403445,403495,50,0
403435,403435,403497,62,0
403437,403437,403498,61,0
403439,403439,403498,59,0
403437,403437,403498,61,0
403438,403438,403500,62,0
403439,403439,403502,63,0
403435,403436,403507,71,1
403438,403438,403507,69,0
403438,403438,403508,70,0
403440,403440,403509,69,0
403437,403437,403510,73,0
403436,403436,403513,77,0
403436,403436,403515,79,0
403436,403436,403515,79,0
403436,403436,403521,85,0
403453,403483,403525,42,30
403436,403436,403526,90,0
403452,403482,403526,44,30
403439,403439,403527,88,0
403453,403485,403527,42,32
403437,403437,403528,91,0
403440,403440,403528,88,0
403440,403440,403529,89,0
403437,403437,403529,92,0
403452,403478,403530,52,26
403454,403487,403530,43,33
403453,403486,403530,44,33
403441,403441,403530,89,0
403440,403440,403530,90,0
403453,403486,403531,45,33
403453,403486,403531,45,33
403453,403483,403531,48,30
403436,403436,403532,96,0
403439,403439,403532,93,0
403441,403441,403532,91,0
403441,403441,403533,92,0
403441,403441,403533,92,0
403454,403490,403533,43,36
403453,403485,403534,49,32
403442,403442,403534,92,0
403453,403486,403534,48,33
403439,403439,403535,96,0
403443,403443,403535,92,0
403440,403440,403535,95,0
403453,403487,403536,49,34
403443,403443,403537,94,0
403444,403444,403537,93,0
403446,403446,403537,91,0
403438,403438,403538,100,0
403441,403441,403539,98,0
403442,403442,403538,96,0
403443,403443,403538,95,0
403443,403443,403539,96,0
403438,403438,403539,101,0
403454,403490,403539,49,36
403445,403445,403539,94,0
403442,403442,403540,98,0
403444,403444,403541,97,0
403442,403442,403541,99,0
403443,403443,403541,98,0
403444,403444,403541,97,0
403444,403444,403542,98,0
403445,403445,403542,97,0
403447,403447,403542,95,0
403445,403445,403542,97,0
403446,403446,403543,97,0
403445,403445,403542,97,0
403446,403446,403542,96,0
403445,403445,403543,98,0
403440,403440,403543,103,0
403448,403448,403543,95,0
403454,403494,403544,50,40
403441,403441,403544,103,0
403444,403444,403544,100,0
403447,403447,403544,97,0
403446,403446,403545,99,0
403450,403450,403545,95,0
403447,403447,403545,98,0
403449,403450,403545,95,1
403448,403448,403545,97,0
403442,403442,403545,103,0
403446,403446,403546,100,0
403444,403444,403546,102,0
403449,403449,403546,97,0
403450,403450,403546,96,0
403443,403443,403547,104,0
403447,403447,403547,100,0
403450,403450,403547,97,0
403447,403447,403548,101,0
403447,403447,403547,100,0
403452,403452,403547,95,0
403454,403493,403548,55,39
403454,403493,403548,55,39
403454,403494,403548,54,40
403441,403442,403548,106,1
403450,403450,403548,98,0
403448,403448,403548,100,0
403452,403452,403548,96,0
403440,403440,403549,109,0
403448,403448,403549,101,0
403450,403451,403549,98,1
403448,403448,403549,101,0
403454,403496,403550,54,42
403443,403443,403550,107,0
403447,403447,403550,103,0
403451,403451,403550,99,0
403437,403438,403551,113,1
403442,403442,403551,109,0
403451,403451,403550,99,0
403448,403448,403551,103,0
403449,403449,403551,102,0
403450,403450,403551,101,0
403447,403447,403551,104,0
403447,403447,403552,105,0
403449,403449,403551,102,0
403449,403449,403552,103,0
403448,403448,403552,104,0
403441,403441,403553,112,0
403441,403441,403553,112,0
403442,403442,403553,111,0
403450,403450,403554,104,0
403451,403451,403554,103,0
403446,403446,403554,108,0
403449,403449,403553,104,0
403448,403448,403554,106,0
403452,403452,403554,102,0
403440,403440,403554,114,0
403443,403443,403554,111,0
403445,403445,403554,109,0
403455,403496,403555,59,41
403452,403452,403555,103,0
403439,403439,403555,116,0
403449,403449,403556,107,0
403445,403445,403556,111,0
403449,403449,403556,107,0
403452,403452,403556,104,0
403445,403445,403557,112,0
403446,403446,403557,111,0
403451,403451,403556,105,0
403450,403450,403557,107,0
403455,403498,403557,59,43
403444,403444,403558,114,0
403451,403451,403558,107,0
403455,403499,403559,60,44
403442,403442,403559,117,0
403446,403446,403559,113,0
403446,403447,403558,111,1
403455,403499,403559,60,44
403449,403449,403559,110,0
403451,403451,403559,108,0
403449,403449,403560,111,0
403452,403452,403559,107,0
403448,403448,403560,112,0
403452,403452,403560,108,0
403451,403451,403560,109,0
403455,403499,403560,61,44
403451,403451,403560,109,0
403444,403444,403561,117,0
403455,403501,403561,60,46
403448,403449,403561,112,1
403452,403452,403564,112,0
403454,403496,403564,68,42
403455,403508,403568,60,53
403455,403508,403568,60,53
403445,403445,403568,123,0
403451,403451,403568,117,0
403456,403509,403568,59,53
403456,403526,403570,44,70
403456,403526,403570,44,70
403456,403510,403572,62,54
403455,403509,403572,63,54
403455,403502,403573,71,47
403450,403450,403576,126,0
403479,403534,403577,43,55
403479,403533,403579,46,54
403478,403532,403580,48,54
403477,403528,403580,52,51
403477,403531,403581,50,54
403479,403537,403580,43,58
403477,403531,403581,50,54
403478,403532,403582,50,54
403477,403531,403583,52,54
403478,403532,403585,53,54
403479,403534,403585,51,55
403456,403514,403587,73,58
403480,403540,403589,49,60
403456,403515,403591,76,59
403482,403544,403592,48,62
403456,403516,403593,77,60
403484,403548,403595,47,64
403484,403548,403597,49,64
403485,403548,403599,51,63
403456,403522,403599,77,66
403488,403556,403604,48,68
403456,403526,403610,84,70
403456,403528,403611,83,72
403486,403551,403612,61,65
403493,403571,403615,44,78
403478,403533,403617,84,55
403477,403529,403619,90,52
403492,403570,403622,52,78
403491,403562,403623,61,71
403490,403559,403624,65,69
403477,403529,403624,95,52
403493,403578,403623,45,85
403491,403561,403625,64,70
403478,403532,403624,92,54
403493,403580,403625,45,87
403494,403583,403627,44,89
403493,403581,403628,47,88
403490,403559,403628,69,69
403492,403569,403628,59,77
403494,403586,403630,44,92
403494,403583,403630,47,89
403477,403530,403630,100,53
403479,403535,403631,96,56
403493,403580,403630,50,87
403493,403581,403631,50,88
403490,403558,403632,74,68
403493,403573,403631,58,80
403494,403589,403632,43,95
403494,403582,403633,51,88
403494,403586,403633,47,92
403480,403539,403633,94,59
403480,403540,403633,93,60
403477,403531,403634,103,54
403480,403539,403633,94,59
403478,403531,403634,103,53
403494,403582,403634,52,88
403477,403530,403635,105,53
403481,403541,403635,94,60
403479,403535,403635,100,56
403480,403538,403636,98,58
403478,403533,403637,104,55
403492,403565,403636,71,73
403478,403533,403638,105,55
403479,403538,403637,99,59
403481,403543,403638,95,62
403479,403538,403638,100,59
403492,403569,403640,71,77
403481,403543,403640,97,62
403478,403533,403641,108,55
403481,403543,403641,98,62
403480,403539,403642,103,59
403492,403569,403642,73,77
403495,403593,403642,49,98
403483,403546,403643,97,63
403481,403541,403642,101,60
403479,403535,403642,107,56
403488,403554,403643,89,66
403482,403543,403643,100,61
403480,403538,403645,107,58
403483,403546,403645,99,63
403479,403534,403645,111,55
403480,403539,403646,107,59
403483,403547,403646,99,64
403493,403574,403646,72,81
403481,403542,403647,105,61
403481,403543,403646,103,62
403481,403542,403647,105,61
403481,403542,403647,105,61
403493,403573,403647,74,80
403495,403596,403647,51,101
403484,403547,403649,102,63
403495,403597,403648,51,102
403485,403549,403648,99,64
403485,403549,403649,100,64
403486,403552,403649,97,66
403486,403551,403649,98,65
403483,403545,403649,104,62
403482,403544,403650,106,62
403482,403543,403650,107,61
403488,403554,403650,96,66
403490,403560,403650,90,70
403495,403599,403651,52,104
403487,403554,403652,98,67
403488,403554,403651,97,66
403485,403549,403652,103,64
403491,403560,403653,93,69
403495,403612,403652,40,117
403483,403547,403652,105,64
403486,403551,403653,102,65
403482,403545,403653,108,63
403490,403559,403654,95,69
403489,403557,403653,96,68
403485,403549,403654,105,64
403490,403558,403654,96,68
403495,403604,403654,50,109
403480,403539,403655,116,59
403487,403554,403655,101,67
403489,403556,403655,99,67
403482,403544,403655,111,62
403482,403545,403656,111,63
403487,403552,403656,104,65
403483,403545,403656,111,62
403487,403552,403656,104,65
403483,403547,403657,110,64
403489,403557,403657,100,68
403484,403548,403657,109,64
403496,403616,403658,42,120
403491,403561,403658,97,70
403486,403551,403658,107,65
403483,403545,403658,113,62
403488,403554,403659,105,66
403489,403558,403659,101,69
403485,403550,403660,110,65
403485,403550,403659,109,65
403487,403552,403659,107,65
403488,403554,403659,105,66
403481,403542,403659,117,61
403487,403553,403660,107,66
403486,403552,403660,108,66
403488,403555,403661,106,67
403483,403546,403661,115,63
403492,403569,403661,92,77
403484,403547,403661,114,63
403489,403557,403662,105,68
403492,403562,403662,100,70
403491,403562,403663,101,71
403482,403544,403664,120,62
403491,403561,403663,102,70
403486,403551,403663,112,65
403488,403556,403664,108,68
403489,403557,403664,107,68
403487,403552,403665,113,65
403484,403547,403664,117,63
403493,403576,403665,89,83
403484,403548,403665,117,64
403492,403569,403666,97,77
403482,403545,403665,120,63
403489,403557,403666,109,68
403496,403623,403666,43,127
403486,403551,403667,116,65
403485,403550,403667,117,65
403488,403555,403667,112,67
403490,403559,403667,108,69
403486,403552,403668,116,66
403491,403560,403668,108,69
403491,403560,403669,109,69
403496,403624,403669,45,128
403487,403553,403669,116,66
403485,403549,403669,120,64
403484,403548,403670,122,64
403489,403556,403669,113,67
403489,403557,403670,113,68
403491,403561,403670,109,70
403486,403551,403671,120,65
403487,403554,403672,118,67
403498,403631,403673,42,133
403492,403564,403673,109,72
403491,403561,403673,112,70
403497,403630,403674,44,133
403497,403630,403674,44,133
403488,403555,403674,119,67
403497,403626,403676,50,129
403490,403558,403678,120,68
403490,403559,403678,119,69
403494,403588,403678,90,94
403497,403629,403679,50,132
403495,403600,403679,79,105
403518,403632,403679,47,114
403497,403628,403680,52,131
403498,403631,403681,50,133
403495,403594,403681,87,99
403484,403548,403682,134,64
403494,403592,403683,91,98
403496,403625,403685,60,129
403518,403633,403686,53,115
403521,403643,403687,44,122
403519,403635,403689,54,116
403496,403624,403690,66,128
403518,403633,403691,58,115
403496,403623,403692,69,127
403523,403648,403694,46,125
403495,403610,403694,84,115
403496,403619,403695,76,123
403495,403611,403695,84,116
403496,403624,403698,74,128
403523,403649,403699,50,126
403498,403632,403699,67,134
403497,403629,403700,71,132
403497,403629,403704,75,132
403525,403655,403706,51,130
403497,403625,403707,82,128
403520,403637,403707,70,117
403525,403653,403708,55,128
403496,403618,403711,93,122
403519,403635,403711,76,116
403531,403669,403711,42,138
403498,403631,403712,81,133
403527,403658,403712,54,131
403523,403648,403713,65,125
403524,403652,403714,62,128
403520,403640,403718,78,120
403533,403679,403718,39,146
403518,403632,403718,86,114
403533,403675,403721,46,142
403530,403667,403723,56,137
403520,403638,403723,85,118
403519,403635,403723,88,116
403519,403634,403723,89,115
403533,403677,403724,47,144
403532,403673,403724,51,141
403519,403634,403724,90,115
403533,403679,403726,47,146
403521,403643,403727,84,122
403532,403674,403728,54,142
403522,403646,403729,83,124
403534,403681,403731,50,147
403497,403630,403730,100,133
403520,403637,403731,94,117
403534,403680,403732,52,146
403534,403688,403735,47,154
403519,403636,403737,101,117
403519,403635,403738,103,116
403522,403646,403738,92,124
403518,403634,403739,105,116
403534,403687,403739,52,153
403521,403642,403740,98,121
403520,403641,403740,99,121
403535,403691,403742,51,156
403535,403694,403743,49,159
403521,403643,403744,101,122
403519,403637,403744,107,118
403521,403642,403745,103,121
403522,403646,403746,100,124
403534,403689,403746,57,155
403524,403650,403746,96,126
403535,403699,403747,48,164
403521,403643,403748,105,122
403520,403640,403748,108,120
403524,403653,403748,95,129
403520,403638,403749,111,118
403522,403646,403750,104,124
403523,403650,403751,101,127
403521,403644,403751,107,123
403521,403644,403752,108,123
403522,403646,403753,107,124
403522,403647,403753,106,125
403536,403706,403753,47,170
403534,403685,403754,69,151
403519,403635,403753,118,116
403523,403649,403754,105,126
403524,403652,403754,102,128
403526,403656,403754,98,130
403522,403647,403755,108,125
403520,403638,403755,117,118
403521,403644,403756,112,123
403520,403639,403755,116,119
403522,403647,403756,109,125
403523,403649,403756,107,126
403526,403655,403757,102,129
403525,403654,403757,103,129
403523,403649,403758,109,126
403524,403650,403759,109,126
403526,403656,403758,102,130
403527,403659,403758,99,132
403527,403660,403759,99,133
403527,403659,403760,101,132
403530,403666,403760,94,136
403528,403660,403760,100,132
403537,403713,403760,47,176
403529,403664,403761,97,135
403523,403650,403761,111,127
403537,403712,403762,50,175
403524,403651,403762,111,127
403526,403657,403762,105,131
403535,403690,403763,73,155
403527,403659,403763,104,132
403528,403661,403763,102,133
403525,403654,403763,109,129
403526,403656,403763,107,130
403527,403660,403764,104,133
403528,403660,403764,104,132
403537,403715,403764,49,178
403535,403693,403764,71,158
403526,403657,403764,107,131
403529,403663,403765,102,134
403528,403660,403764,104,132
403523,403650,403765,115,127
403525,403654,403765,111,129
403525,403653,403766,113,128
403527,403658,403765,107,131
403537,403721,403766,45,184
403524,403652,403767,115,128
403524,403651,403766,115,127
403536,403709,403766,57,173
403537,403719,403767,48,182
403528,403661,403767,106,133
403522,403647,403768,121,125
403529,403664,403767,103,135
403526,403656,403768,112,130
403530,403666,403767,101,136
403528,403662,403768,106,134
403525,403654,403768,114,129
403528,403662,403768,106,134
403525,403654,403770,116,129
403526,403657,403769,112,131
403527,403660,403770,110,133
403529,403664,403771,107,135
403531,403668,403770,102,137
403524,403652,403771,119,128
403530,403667,403771,104,137
403530,403666,403771,105,136
403526,403656,403771,115,130
403531,403669,403771,102,138
403532,403673,403772,99,141
403528,403662,403772,110,134
403530,403668,403772,104,138
403536,403701,403773,72,165
403529,403664,403773,109,135
403538,403728,403774,46,190
403532,403674,403773,99,142
403521,403645,403774,129,124
403531,403669,403774,105,138
403537,403723,403774,51,186
403527,403658,403774,116,131
403530,403666,403774,108,136
403525,403655,403775,120,130
403538,403725,403776,51,187
403538,403724,403775,51,186
403529,403665,403775,110,136
403527,403660,403776,116,133
403535,403696,403776,80,161
403536,403705,403777,72,169
403529,403664,403777,113,135
403532,403671,403778,107,139
403534,403682,403778,96,148
403535,403696,403779,83,161
403539,403736,403779,43,197
403533,403678,403779,101,145
403534,403681,403779,98,147
403528,403662,403780,118,134
403532,403671,403780,109,139
403536,403708,403781,73,172
403538,403726,403781,55,188
403529,403664,403781,117,135
403539,403731,403781,50,192
403529,403663,403783,120,134
403531,403670,403782,112,139
403537,403718,403783,65,181
403530,403666,403783,117,136
403536,403700,403783,83,164
403539,403732,403784,52,193
403537,403714,403784,70,177
403540,403740,403784,44,200
403529,403665,403786,121,136
403537,403719,403787,68,182
403533,403679,403788,109,146
403534,403683,403789,106,149
403530,403668,403791,123,138
403560,403744,403791,47,184
403538,403727,403793,66,189
403531,403669,403793,124,138
403535,403695,403793,98,160
403532,403672,403796,124,140
403535,403699,403796,97,164
403531,403668,403798,130,137
403531,403670,403798,128,139
403560,403742,403800,58,182
403531,403671,403801,130,140
403532,403672,403800,128,140
403537,403713,403801,88,176
403533,403675,403801,126,142
403533,403678,403801,123,145
403536,403708,403801,93,172
403561,403748,403803,55,187
403539,403730,403804,74,191
403561,403747,403803,56,186
403562,403754,403804,50,192
403533,403678,403804,126,145
403536,403711,403807,96,175
403536,403711,403808,97,175
403564,403761,403809,48,197
403540,403740,403809,69,200
403538,403725,403811,86,187
403538,403724,403812,88,186
403539,403732,403814,82,193
403566,403764,403815,51,198
403538,403723,403816,93,185
403565,403762,403818,56,197
403567,403767,403819,52,200
403539,403731,403820,89,192
403567,403766,403822,56,199
403572,403779,403822,43,207
403538,403724,403823,99,186
403570,403774,403824,50,204
403567,403767,403825,58,200
403539,403738,403828,90,199
403562,403754,403829,75,192
403571,403776,403830,54,205
403539,403738,403830,92,199
403566,403765,403834,69,199
403573,403782,403834,52,209
403539,403739,403835,96,200
403571,403776,403836,60,205
403570,403775,403836,61,205
403540,403740,403837,97,200
403573,403785,403839,54,212
403572,403781,403838,57,209
403573,403785,403840,55,212
403574,403791,403840,49,217
403560,403741,403841,100,181
403563,403755,403845,90,192
403565,403763,403848,85,198
403576,403804,403847,43,228
403561,403746,403847,101,185
403560,403744,403848,104,184
403560,403746,403849,103,186
403561,403749,403848,99,188
403566,403766,403849,83,200
403560,403744,403852,108,184
403562,403755,403853,98,193
403570,403773,403854,81,203
403561,403749,403854,105,188
403571,403778,403856,78,207
403576,403804,403857,53,228
403565,403763,403857,94,198
403562,403752,403858,106,190
403573,403784,403857,73,211
403573,403784,403858,74,211
403563,403755,403859,104,192
403563,403758,403859,101,195
403569,403771,403858,87,202
403576,403810,403860,50,234
403573,403785,403861,76,212
403561,403751,403862,111,190
403576,403805,403861,56,229
403575,403801,403863,62,226
403574,403793,403863,70,219
403561,403747,403863,116,186
403562,403753,403864,111,191
403563,403755,403864,109,192
403562,403751,403865,114,189
403566,403765,403865,100,199
403562,403754,403866,112,192
403563,403758,403865,107,195
403563,403756,403867,111,193
403561,403748,403867,119,187
403577,403820,403868,48,243
403564,403761,403868,107,197
403564,403761,403868,107,197
403566,403765,403868,103,199
403564,403759,403869,110,195
403561,403750,403869,119,189
403565,403763,403869,106,198
403562,403754,403870,116,192
403571,403779,403870,91,208
403567,403768,403871,103,201
403569,403773,403871,98,204
403562,403752,403872,120,190
403563,403756,403871,115,193
403564,403761,403871,110,197
403577,403819,403872,53,242
403568,403768,403872,104,200
403570,403775,403872,97,205
403563,403758,403872,114,195
403578,403825,403873,48,247
403574,403787,403872,85,213
403563,403757,403872,115,194
403565,403762,403873,111,197
403572,403781,403873,92,209
403564,403758,403874,116,194
403569,403771,403873,102,202
403569,403772,403874,102,203
403564,403759,403873,114,195
403566,403764,403874,110,198
403565,403764,403875,111,199
403578,403826,403874,48,248
403566,403764,403875,111,198
403570,403774,403876,102,204
403577,403816,403876,60,239
403565,403764,403876,112,199
403566,403764,403875,111,198
403572,403779,403875,96,207
403564,403760,403876,116,196
403567,403766,403876,110,199
403577,403823,403876,53,246
403577,403823,403877,54,246
403568,403768,403876,108,200
403566,403765,403877,112,199
403568,403770,403877,107,202
403568,403771,403878,107,203
403567,403767,403878,111,200
403568,403770,403878,108,202
403571,403777,403878,101,206
403569,403771,403878,107,202
403570,403774,403879,105,204
403571,403776,403879,103,205
403568,403770,403879,109,202
403570,403774,403879,105,204
403572,403780,403879,99,208
403564,403759,403880,121,195
403568,403768,403880,112,200
403563,403756,403880,124,193
403567,403768,403880,112,201
403569,403772,403880,108,203
403568,403769,403880,111,201
403567,403766,403881,115,199
403567,403767,403881,114,200
403569,403771,403881,110,202
403570,403773,403881,108,203
403566,403765,403881,116,199
403565,403761,403881,120,196
403571,403777,403881,104,206
403573,403783,403882,99,210
403571,403775,403882,107,204
403574,403789,403882,93,215
403565,403763,403882,119,198
403570,403774,403882,108,204
403572,403780,403882,102,208
403569,403772,403882,110,203
403573,403783,403883,100,210
403574,403789,403883,94,215
403578,403835,403884,49,257
403571,403778,403884,106,207
403575,403797,403885,88,222
403574,403794,403885,91,220
403576,403804,403885,81,228
403578,403837,403886,49,259
403568,403769,403885,116,201
403575,403802,403886,84,227
403579,403837,403887,50,258
403572,403779,403887,108,207
403576,403808,403887,79,232
403579,403841,403888,47,262
403577,403817,403889,72,240
403579,403848,403889,41,269
403573,403784,403890,106,211
403574,403787,403890,103,213
403576,403809,403891,82,233
403569,403773,403891,118,204
403577,403815,403892,77,238
403577,403813,403892,79,236
403574,403791,403892,101,217
403571,403776,403893,117,205
403578,403831,403894,63,253
403572,403781,403894,113,209
403576,403810,403895,85,234
403577,403823,403895,72,246
403577,403820,403895,75,243
403579,403839,403895,56,260
403572,403781,403895,114,209
403579,403840,403896,56,261
403579,403838,403897,59,259
403579,403839,403896,57,260
403575,403802,403898,96,227
403572,403782,403899,117,210
403578,403829,403900,71,251
403576,403812,403901,89,236
403578,403831,403900,69,253
403579,403842,403901,59,263
403578,403836,403902,66,258
403580,403849,403902,53,269
403580,403853,403903,50,273
403580,403849,403904,55,269
403575,403801,403903,102,226
403575,403799,403904,105,224
403575,403802,403905,103,227
403576,403805,403904,99,229
403579,403845,403905,60,266
403574,403794,403905,111,220
403575,403799,403907,108,224
403575,403801,403907,106,226
403578,403834,403907,73,256
403580,403849,403908,59,269
403580,403854,403909,55,274
403581,403858,403910,52,277
403580,403849,403911,62,269
403574,403797,403910,113,223
403575,403802,403912,110,227
403578,403830,403913,83,252
403581,403858,403914,56,277
403580,403854,403917,63,274
403581,403857,403917,60,276
403579,403848,403920,72,269
403580,403850,403923,73,270
403580,403854,403927,73,274
403581,403856,403932,76,275
407121,407122,407169,47,1
407122,407122,407169,47,0
407121,407121,407171,50,0
407121,407121,407171,50,0
407124,407124,407172,48,0
407124,407124,407173,49,0
407124,407124,407175,51,0
407123,407123,407176,53,0
407125,407125,407176,51,0
407122,407122,407175,53,0
407125,407125,407177,52,0
407125,407125,407176,51,0
407122,407122,407178,56,0
407124,407124,407180,56,0
407126,407126,407182,56,0
407130,407130,407183,53,0
407128,407128,407184,56,0
407125,407125,407185,60,0
407127,407127,407185,58,0
407129,407129,407185,56,0
407124,407125,407186,61,1
407131,407131,407187,56,0
407122,407122,407193,71,0
407126,407126,407195,69,0
407122,407122,407196,74,0
407121,407121,407196,75,0
407126,407126,407197,71,0
407123,407123,407196,73,0
407123,407123,407197,74,0
407123,407123,407197,74,0
407122,407122,407198,76,0
407124,407124,407198,74,0
407126,407126,407202,76,0
407122,407122,407208,86,0
407122,407122,407208,86,0
407121,407121,407211,90,0
407121,407121,407212,91,0
407121,407121,407212,91,0
407121,407121,407213,92,0
407138,407170,407213,43,32
407125,407125,407217,92,0
407124,407124,407218,94,0
407127,407127,407217,90,0
407138,407173,407218,45,35
407123,407123,407218,95,0
407123,407123,407220,97,0
407138,407171,407221,50,33
407124,407124,407221,97,0
407139,407176,407222,46,37
407126,407126,407221,95,0
407124,407124,407222,98,0
407138,407170,407223,53,32
407127,407127,407223,96,0
407138,407171,407223,52,33
407138,407173,407223,50,35
407129,407129,407224,95,0
407123,407123,407225,102,0
407125,407125,407225,100,0
407138,407175,407226,51,37
407139,407177,407226,49,38
407130,407130,407226,96,0
407139,407176,407226,50,37
407127,407127,407226,99,0
407128,407128,407227,99,0
407123,407123,407226,103,0
407125,407125,407227,102,0
407139,407176,407227,51,37
407126,407126,407227,101,0
407127,407127,407227,100,0
407139,407178,407228,50,39
407126,407126,407228,102,0
407130,407130,407229,99,0
407131,407131,407228,97,0
407129,407129,407228,99,0
407127,407127,407229,102,0
407125,407125,407231,106,0
407139,407177,407231,54,38
407129,407129,407232,103,0
407128,407128,407231,103,0
407128,407128,407232,104,0
407133,407133,407233,100,0
407128,407128,407233,105,0
407128,407128,407233,105,0
407133,407133,407234,101,0
407128,407128,407234,106,0
407131,407131,407234,103,0
407131,407131,407235,104,0
407133,407133,407235,102,0
407133,407133,407235,102,0
407130,407130,407236,106,0
407127,407127,407236,109,0
407129,407129,407236,107,0
407131,407131,407236,105,0
407139,407184,407236,52,45
407129,407129,407237,108,0
407130,407130,407236,106,0
407131,407131,407237,106,0
407131,407131,407237,106,0
407122,407122,407238,116,0
407134,407134,407237,103,0
407135,407135,407237,102,0
407134,407134,407237,103,0
407135,407135,407238,103,0
407135,407135,407238,103,0
407135,407136,407238,102,1
407136,407136,407238,102,0
407126,407126,407239,113,0
407130,407130,407239,109,0
407132,407132,407239,107,0
407131,407131,407239,108,0
407136,407136,407239,103,0
407137,407137,407240,103,0
407139,407181,407239,58,42
407129,407129,407240,111,0
407132,407132,407240,108,0
407137,407137,407239,102,0
407129,407129,407240,111,0
407134,407134,407240,106,0
407127,407127,407240,113,0
407133,407133,407241,108,0
407136,407137,407241,104,1
407134,407134,407241,107,0
407137,407137,407241,104,0
407138,407138,407241,103,0
407128,407129,407242,113,1
407134,407135,407242,107,1
407134,407134,407242,108,0
407140,407186,407243,57,46
407132,407132,407243,111,0
407132,407132,407244,112,0
407135,407135,407243,108,0
407136,407136,407243,107,0
407139,407182,407243,61,43
407140,407186,407243,57,46
407133,407133,407244,111,0
407135,407135,407244,109,0
407135,407135,407245,110,0
407134,407134,407244,110,0
407134,407134,407244,110,0
407130,407130,407244,114,0
407132,407132,407244,112,0
407130,407130,407245,115,0
407140,407188,407244,56,48
407137,407138,407245,107,1
407128,407128,407245,117,0
407135,407135,407245,110,0
407133,407133,407246,113,0
407137,407137,407246,109,0
407123,407123,407246,123,0
407124,407124,407246,122,0
407125,407126,407246,120,1
407140,407185,407247,62,45
407137,407137,407246,109,0
407133,407133,407247,114,0
407129,407129,407247,118,0
407131,407132,407247,115,1
407132,407132,407247,115,0
407138,407138,407247,109,0
407136,407136,407248,112,0
407134,407134,407248,114,0
407139,407183,407248,65,44
407126,407126,407248,122,0
407131,407131,407248,117,0
407136,407136,407248,112,0
407137,407137,407249,112,0
407132,407132,407249,117,0
407133,407133,407248,115,0
407135,407135,407250,115,0
407128,407128,407251,123,0
407130,407130,407250,120,0
407132,407133,407250,117,1
407133,407134,407251,117,1
407129,407130,407252,122,1
407136,407136,407252,116,0
407136,407136,407252,116,0
407127,407127,407253,126,0
407135,407135,407253,118,0
407136,407136,407254,118,0
407137,407137,407255,118,0
407137,407137,407260,123,0
407141,407197,407261,64,56
407140,407186,407262,76,46
407140,407196,407262,66,56
407141,407198,407262,64,57
407141,407199,407264,65,58
407142,407214,407265,51,72
407140,407194,407266,72,54
407141,407198,407267,69,57
407132,407132,407268,136,0
407140,407196,407268,72,56
407141,407198,407270,72,57
407141,407197,407272,75,56
407165,407227,407272,45,62
407163,407221,407272,51,58
407162,407219,407275,56,57
407141,407203,407274,71,62
407163,407223,407276,53,60
407163,407223,407277,54,60
407142,407212,407277,65,70
407164,407226,407277,51,62
407163,407223,407278,55,60
407164,407227,407279,52,63
407163,407222,407281,59,59
407165,407229,407282,53,64
407166,407232,407284,52,66
407140,407197,407284,87,57
407164,407227,407285,58,63
407168,407237,407288,51,69
407172,407244,407293,49,72
407175,407248,407294,46,73
407141,407209,407294,85,68
407142,407212,407295,83,70
407141,407209,407294,85,68
407170,407240,407295,55,70
407172,407244,407296,52,72
407171,407243,407301,58,72
407173,407245,407301,56,72
407163,407222,407302,80,59
407141,407212,407302,90,71
407142,407213,407303,90,71
407163,407222,407311,89,59
407177,407265,407312,47,88
407162,407218,407315,97,56
407162,407218,407317,99,56
407174,407247,407317,70,73
407162,407219,407319,100,57
407165,407229,407322,93,64
407178,407273,407323,50,95
407178,407277,407325,48,99
407165,407227,407325,98,62
407165,407227,407326,99,62
407162,407217,407326,109,55
407164,407226,407326,100,62
407178,407273,407327,54,95
407178,407275,407328,53,97
407179,407283,407329,46,104
407164,407225,407330,105,61
407179,407285,407330,45,106
407167,407234,407331,97,67
407179,407279,407331,52,100
407179,407282,407332,50,103
407166,407230,407332,102,64
407178,407278,407333,55,100
407177,407263,407334,71,86
407163,407220,407334,114,57
407164,407227,407335,108,63
407178,407277,407334,57,99
407179,407288,407335,47,109
407166,407232,407335,103,66
407178,407272,407335,63,94
407177,407261,407335,74,84
407169,407240,407336,96,71
407163,407223,407336,113,60
407166,407233,407336,103,67
407179,407279,407337,58,100
407177,407269,407336,67,92
407177,407263,407337,74,86
407164,407227,407337,110,63
407179,407284,407337,53,105
407177,407264,407337,73,87
407167,407236,407338,102,69
407164,407224,407339,115,60
407164,407226,407338,112,62
407164,407227,407340,113,63
407170,407241,407341,100,71
407165,407228,407341,113,63
407178,407275,407342,67,97
407167,407235,407342,107,68
407170,407240,407341,101,70
407168,407237,407342,105,69
407165,407228,407343,115,63
407177,407267,407342,75,90
407169,407240,407343,103,71
407172,407244,407343,99,72
407166,407233,407343,110,67
407170,407240,407344,104,70
407171,407242,407344,102,71
407167,407236,407345,109,69
407168,407238,407344,106,70
407169,407239,407344,105,70
407169,407238,407345,107,69
407180,407294,407345,51,114
407166,407234,407345,111,68
407177,407263,407346,83,86
407177,407268,407345,77,91
407167,407237,407345,108,70
407167,407235,407345,110,68
407179,407293,407346,53,114
407168,407238,407346,108,70
407173,407246,407346,100,73
407175,407249,407347,98,74
407165,407229,407347,118,64
407171,407244,407347,103,73
407168,407238,407347,109,70
407166,407231,407347,116,65
407172,407245,407348,103,73
407169,407239,407348,109,70
407166,407233,407348,115,67
407168,407237,407348,111,69
407166,407232,407349,117,66
407170,407241,407350,109,71
407168,407237,407350,113,69
407168,407237,407350,113,69
407173,407246,407349,103,73
407171,407242,407349,107,71
407174,407248,407350,102,74
407173,407245,407351,106,72
407167,407235,407350,115,68
407170,407241,407350,109,71
407173,407245,407351,106,72
407166,407229,407351,122,63
407180,407296,407351,55,116
407167,407236,407352,116,69
407173,407246,407352,106,73
407178,407270,407351,81,92
407170,407240,407352,112,70
407172,407245,407352,107,73
407180,407297,407352,55,117
407175,407250,407353,103,75
407171,407242,407352,110,71
407169,407239,407354,115,70
407175,407250,407353,103,75
407172,407244,407353,109,72
407174,407248,407354,106,74
407172,407245,407354,109,73
407170,407240,407354,114,70
407180,407302,407355,53,122
407171,407244,407355,111,73
407174,407247,407355,108,73
407176,407255,407355,100,79
407169,407240,407354,114,71
407176,407252,407356,104,76
407171,407243,407356,113,72
407168,407238,407356,118,70
407169,407240,407357,117,71
407173,407246,407357,111,73
407174,407248,407357,109,74
407173,407245,407358,113,72
407175,407251,407358,107,76
407175,407250,407358,108,75
407177,407261,407359,98,84
407174,407247,407359,112,73
407171,407242,407360,118,71
407171,407242,407360,118,71
407174,407248,407360,112,74
407167,407236,407360,124,69
407169,407239,407361,122,70
407174,407248,407361,113,74
407170,407241,407361,120,71
407172,407245,407363,118,73
407180,407302,407362,60,122
407172,407245,407363,118,73
407181,407312,407363,51,131
407169,407240,407364,124,71
407173,407246,407364,118,73
407176,407254,407364,110,78
407171,407243,407365,122,72
407175,407249,407366,117,74
407176,407255,407367,112,79
407177,407269,407368,99,92
407181,407324,407367,43,143
407176,407253,407367,114,77
407174,407247,407370,123,73
407175,407251,407370,119,76
407176,407253,407370,117,77
407174,407247,407373,126,73
407165,407229,407372,143,64
407176,407252,407373,121,76
407176,407251,407375,124,75
407178,407277,407376,99,99
407175,407249,407376,127,74
407182,407325,407377,52,143
407176,407254,407377,123,78
407182,407329,407378,49,147
407179,407285,407378,93,106
407182,407328,407378,50,146
407204,407335,407378,43,131
407182,407331,407379,48,149
407182,407330,407379,49,148
407180,407303,407380,77,123
407174,407248,407381,133,74
407180,407295,407382,87,115
407180,407295,407383,88,115
407183,407332,407384,52,149
407181,407318,407383,65,137
407203,407334,407384,50,131
407180,407302,407386,84,122
407173,407247,407387,140,74
407175,407249,407388,139,74
407181,407303,407391,88,122
407181,407312,407391,79,131
407203,407335,407392,57,132
407205,407338,407393,55,133
407203,407332,407393,61,129
407204,407337,407395,58,133
407207,407345,407397,52,138
407180,407294,407396,102,114
407211,407353,407400,47,142
407208,407347,407401,54,139
407212,407355,407401,46,143
407210,407352,407402,50,142
407181,407319,407403,84,138
407181,407317,407404,87,136
407181,407316,407404,88,135
407204,407337,407406,69,133
407182,407326,407410,84,144
407204,407336,407411,75,132
407182,407331,407412,81,149
407214,407363,407414,51,149
407205,407342,407415,73,137
407204,407337,407415,78,133
407203,407335,407415,80,132
407181,407322,407417,95,141
407182,407327,407417,90,145
407206,407343,407417,74,137
407215,407368,407419,51,153
407204,407336,407419,83,132
407204,407337,407419,82,133
407182,407327,407421,94,145
407207,407346,407421,75,139
407217,407379,407424,45,162
407217,407380,407424,44,163
407214,407364,407425,61,150
407205,407338,407425,87,133
407210,407352,407426,74,142
407217,407379,407426,47,162
407183,407332,407429,97,149
407207,407346,407430,84,139
407217,407377,407431,54,160
407217,407378,407431,53,161
407203,407333,407431,98,130
407205,407339,407432,93,134
407206,407344,407432,88,138
407218,407385,407433,48,167
407218,407384,407433,49,166
407207,407346,407434,88,139
407182,407327,407434,107,145
407205,407341,407437,96,136
407217,407380,407439,59,163
407204,407336,407438,102,132
407206,407344,407438,94,138
407205,407340,407439,99,135
407203,407335,407439,104,132
407204,407337,407442,105,133
407204,407336,407443,107,132
407219,407393,407444,51,174
407206,407343,407444,101,137
407219,407393,407444,51,174
407205,407339,407445,106,134
407219,407397,407446,49,178
407219,407394,407445,51,175
407209,407350,407446,96,141
407219,407395,407447,52,176
407208,407347,407447,100,139
407208,407348,407447,99,140
407208,407347,407448,101,139
407206,407342,407448,106,136
407206,407344,407449,105,138
407210,407351,407449,98,141
407207,407346,407450,104,139
407205,407338,407450,112,133
407203,407335,407451,116,132
407207,407345,407451,106,138
407219,407402,407452,50,183
407208,407348,407454,106,140
407219,407400,407453,53,181
407207,407345,407454,109,138
407211,407353,407454,101,142
407207,407345,407454,109,138
407211,407353,407455,102,142
407211,407354,407455,101,143
407210,407352,407456,104,142
407213,407358,407456,98,145
407219,407401,407455,54,182
407208,407347,407456,109,139
407212,407357,407456,99,145
407220,407403,407456,53,183
407210,407352,407457,105,142
407205,407338,407458,120,133
407211,407354,407458,104,143
407209,407349,407458,109,140
407211,407354,407458,104,143
407212,407356,407459,103,144
407209,407350,407460,110,141
407209,407349,407460,111,140
407210,407352,407460,108,142
407205,407342,407461,119,137
407209,407350,407461,111,141
407211,407353,407461,108,142
407211,407354,407461,107,143
407209,407349,407461,112,140
407210,407351,407461,110,141
407220,407415,407462,47,195
407206,407343,407462,119,137
407209,407350,407462,112,141
407212,407356,407462,106,144
407210,407351,407462,111,141
407210,407352,407463,111,142
407213,407358,407462,104,145
407207,407345,407464,119,138
407213,407361,407463,102,148
407207,407345,407463,118,138
407212,407355,407464,109,143
407212,407355,407464,109,143
407218,407384,407465,81,166
407206,407343,407464,121,137
407214,407361,407464,103,147
407208,407348,407465,117,140
407218,407383,407466,83,165
407213,407359,407465,106,146
407212,407355,407465,110,143
407209,407350,407466,116,141
407209,407350,407466,116,141
407215,407368,407466,98,153
407210,407351,407467,116,141
407214,407362,407467,105,148
407212,407355,407467,112,143
407211,407353,407468,115,142
407208,407347,407468,121,139
407208,407347,407468,121,139
407213,407358,407468,110,145
407215,407368,407468,100,153
407217,407381,407469,88,164
407214,407362,407469,107,148
407215,407368,407469,101,153
407213,407358,407470,112,145
407213,407360,407470,110,147
407209,407349,407471,122,140
407215,407365,407470,105,150
407213,407359,407471,112,146
407221,407419,407471,52,198
407216,407376,407471,95,160
407222,407425,407472,47,203
407206,407342,407472,130,136
407215,407367,407473,106,152
407215,407366,407473,107,151
407211,407354,407474,120,143
407216,407374,407474,100,158
407212,407355,407475,120,143
407214,407363,407475,112,149
407216,407373,407477,104,157
407215,407365,407477,112,150
407222,407426,407477,51,204
407215,407365,407478,113,150
407219,407397,407479,82,178
407214,407364,407479,115,150
407222,407425,407480,55,203
407213,407361,407480,119,148
407214,407361,407480,119,147
407223,407432,407481,49,209
407214,407361,407482,121,147
407220,407407,407482,75,187
407216,407371,407482,111,155
407217,407378,407482,104,161
407223,407434,407483,49,211
407213,407359,407482,123,146
407221,407418,407484,66,197
407218,407389,407484,95,171
407223,407439,407484,45,216
407218,407384,407485,101,166
407223,407433,407486,53,210
407216,407376,407486,110,160
407222,407432,407486,54,210
407216,407370,407487,117,154
407222,407427,407488,61,205
407221,407416,407489,73,195
407218,407386,407489,103,168
407221,407415,407489,74,194
407221,407420,407490,70,199
407221,407416,407490,74,195
407220,407404,407490,86,184
407216,407373,407490,117,157
407220,407405,407491,86,185
407216,407370,407496,126,154
407216,407377,407495,118,161
407244,407445,407496,51,201
407218,407388,407496,108,170
407220,407412,407497,85,192
407222,407427,407497,70,205
407245,407448,407498,50,203
407222,407426,407498,72,204
407221,407422,407498,76,201
407222,407430,407498,68,208
407247,407456,407498,42,209
407220,407412,407498,86,192
407218,407391,407499,108,173
407220,407405,407499,94,185
407220,407410,407500,90,190
407245,407445,407500,55,200
407245,407446,407502,56,201
407217,407378,407502,124,161
407217,407381,407502,121,164
407221,407420,407503,83,199
407246,407452,407503,51,206
407221,407418,407504,86,197
407219,407393,407505,112,174
407221,407417,407506,89,196
407245,407446,407506,60,201
407250,407462,407507,45,212
407247,407454,407511,57,207
407221,407421,407515,94,200
407222,407429,407515,86,207
407248,407457,407517,60,209
407223,407434,407521,87,211
407254,407472,407522,50,218
407255,407480,407524,44,225
407223,407433,407526,93,210
407223,407435,407525,90,212
407223,407433,407526,93,210
407254,407472,407527,55,218
407256,407481,407528,47,225
407223,407432,407529,97,209
407245,407448,407531,83,203
407224,407439,407532,93,215
407244,407440,407535,95,196
407256,407485,407537,52,229
407223,407437,407537,100,214
407255,407478,407538,60,223
407251,407465,407539,74,214
407256,407483,407541,58,227
407245,407448,407541,93,203
407248,407457,407542,85,209
407244,407445,407542,97,201
407257,407486,407545,59,229
407257,407488,407544,56,231
407244,407440,407545,105,196
407244,407443,407546,103,199
407257,407487,407546,59,230
407258,407496,407547,51,238
407244,407444,407547,103,200
407247,407454,407549,95,207
407246,407450,407548,98,204
407259,407499,407550,51,240
407249,407460,407550,90,211
407245,407447,407550,103,202
407244,407439,407550,111,195
407247,407454,407551,97,207
407245,407446,407551,105,201
407246,407452,407552,100,206
407246,407451,407553,102,205
407260,407504,407554,50,244
407260,407503,407555,52,243
407246,407449,407555,106,203
407260,407501,407555,54,241
407246,407451,407555,104,205
407248,407458,407556,98,210
407261,407508,407556,48,247
407258,407490,407558,68,232
407259,407498,407558,60,239
407248,407460,407558,98,212
407261,407507,407558,51,246
407256,407482,407558,76,226
407247,407456,407560,104,209
407256,407484,407561,77,228
407248,407459,407560,101,211
407248,407458,407561,103,210
407257,407489,407561,72,232
407249,407461,407562,101,212
407247,407455,407561,106,208
407253,407471,407563,92,218
407251,407466,407564,98,215
407250,407463,407564,101,213
407259,407497,407565,68,238
407248,407457,407565,108,209
407247,407456,407565,109,209
407261,407511,407566,55,250
407261,407523,407566,43,262
407248,407459,407566,107,211
407246,407451,407565,114,205
407245,407448,407566,118,203
407251,407464,407566,102,213
407253,407469,407566,97,216
407252,407467,407567,100,215
407250,407463,407567,104,213
407253,407470,407567,97,217
407251,407465,407567,102,214
407247,407455,407568,113,208
407250,407463,407568,105,213
407250,407464,407568,104,214
407252,407467,407569,102,215
407247,407456,407569,113,209
407247,407455,407569,114,208
407249,407461,407570,109,212
407249,407461,407570,109,212
407261,407518,407569,51,257
407251,407465,407569,104,214
407248,407458,407570,112,210
407259,407499,407570,71,240
407253,407471,407571,100,218
407249,407460,407571,111,211
407253,407469,407571,102,216
407252,407467,407572,105,215
407251,407465,407572,107,214
407246,407450,407572,122,204
407251,407466,407573,107,215
407252,407468,407573,105,216
407249,407462,407573,111,213
407252,407468,407573,105,216
407259,407499,407573,74,240
407254,407474,407574,100,220
407254,407472,407574,102,218
407259,407497,407574,77,238
407251,407466,407574,108,215
407261,407525,407574,49,264
407250,407464,407575,111,214
407251,407465,407575,110,214
407253,407470,407575,105,217
407253,407470,407575,105,217
407257,407490,407575,85,233
407249,407462,407576,114,213
407254,407475,407576,101,221
407249,407461,407576,115,212
407250,407463,407575,112,213
407257,407490,407576,86,233
407251,407466,407577,111,215
407255,407477,407577,100,222
407250,407464,407577,113,214
407259,407499,407577,78,240
407256,407482,407578,96,226
407252,407468,407577,109,216
407256,407482,407578,96,226
407259,407500,407578,78,241
407252,407469,407578,109,217
407254,407473,407578,105,219
407254,407475,407579,104,221
407257,407486,407579,93,229
407255,407478,407579,101,223
407262,407527,407579,52,265
407252,407468,407579,111,216
407255,407479,407580,101,224
407249,407460,407580,120,211
407250,407464,407580,116,214
407253,407470,407581,111,217
407254,407473,407580,107,219
407255,407481,407581,100,226
407257,407488,407581,93,231
407255,407478,407581,103,223
407260,407505,407583,78,245
407255,407480,407582,102,225
407254,407472,407582,110,218
407254,407475,407583,108,221
407255,407476,407584,108,221
407260,407504,407585,81,244
407258,407491,407584,93,233
407264,407550,407585,35,286
407259,407499,407585,86,240
407252,407467,407585,118,215
407257,407490,407585,95,233
407259,407498,407586,88,239
407253,407471,407585,114,218
407258,407492,407586,94,234
407261,407515,407586,71,254
407256,407483,407586,103,227
407262,407529,407586,57,267
407263,407539,407586,47,276
407261,407526,407586,60,265
407258,407491,407588,97,233
407255,407481,407589,108,226
407262,407526,407590,64,264
407262,407536,407590,54,274
407260,407506,407590,84,246
407261,407521,407590,69,260
407259,407499,407591,92,240
407260,407504,407590,86,244
407261,407515,407591,76,254
407257,407487,407591,104,230
407262,407532,407593,61,270
407264,407548,407593,45,284
407258,407496,407594,98,238
407263,407541,407595,54,278
407263,407538,407595,57,275
407262,407527,407597,70,265
407260,407503,407597,94,243
407262,407537,407597,60,275
407263,407545,407598,53,282
407264,407546,407599,53,282
407263,407542,407599,57,279
407256,407484,407599,115,228
407264,407548,407600,52,284
407262,407532,407600,68,270
407264,407551,407601,50,287
407258,407497,407601,104,239
407262,407531,407601,70,269
407263,407545,407602,57,282
407256,407483,407602,119,227
407258,407496,407602,106,238
407260,407503,407602,99,243
407263,407542,407602,60,279
407263,407545,407602,57,282
407265,407554,407602,48,289
407265,407553,407603,50,288
407265,407551,407603,52,286
407265,407551,407604,53,286
407264,407549,407606,57,285
407264,407546,407606,60,282
407263,407542,407609,67,279
407265,407552,407612,60,287
407264,407550,407613,63,286
407264,407549,407613,64,285
407263,407540,407629,89,277
472762,472764,472781,17,2
472762,472764,472784,20,2
472763,472764,472784,20,1
472765,472765,472786,21,0
472766,472766,472786,20,0
472764,472764,472788,24,0
472768,472768,472788,20,0
472771,472771,472788,17,0
472764,472764,472788,24,0
472765,472765,472789,24,0
472763,472763,472790,27,0
472762,472763,472790,27,1
472766,472766,472791,25,0
472767,472767,472791,24,0
472767,472767,472791,24,0
472770,472770,472791,21,0
472764,472765,472791,26,1
472764,472764,472791,27,0
472764,472764,472792,28,0
472765,472765,472792,27,0
472763,472763,472792,29,0
472762,472764,472792,28,2
472764,472764,472792,28,0
472765,472765,472793,28,0
472770,472770,472793,23,0
472767,472768,472793,25,1
472765,472765,472793,28,0
472762,472763,472793,30,1
472763,472763,472794,31,0
472763,472764,472794,30,1
472764,472764,472795,31,0
472766,472766,472794,28,0
472764,472764,472794,30,0
472772,472772,472795,23,0
472766,472766,472795,29,0
472767,472767,472795,28,0
472763,472764,472796,32,1
472767,472767,472795,28,0
472762,472764,472795,31,2
472769,472769,472795,26,0
472765,472765,472797,32,0
472771,472771,472796,25,0
472766,472766,472796,30,0
472767,472767,472796,29,0
472769,472769,472797,28,0
472769,472769,472798,29,0
472767,472767,472798,31,0
472770,472770,472798,28,0
472765,472765,472799,34,0
472768,472768,472799,31,0
472763,472763,472800,37,0
472766,472766,472800,34,0
472771,472771,472800,29,0
472767,472767,472800,33,0
472766,472766,472800,34,0
472762,472763,472800,37,1
472771,472771,472800,29,0
472768,472768,472801,33,0
472763,472763,472802,39,0
472766,472766,472802,36,0
472768,472768,472802,34,0
472768,472768,472802,34,0
472764,472764,472802,38,0
472766,472766,472802,36,0
472772,472772,472803,31,0
472764,472764,472803,39,0
472769,472769,472803,34,0
472768,472768,472804,36,0
472773,472773,472803,30,0
472774,472775,472803,28,1
472769,472769,472803,34,0
472770,472770,472804,34,0
472768,472768,472804,36,0
472769,472769,472804,35,0
472763,472764,472805,41,1
472765,472765,472804,39,0
472768,472768,472805,37,0
472767,472767,472805,38,0
472768,472768,472805,37,0
472770,472771,472806,35,1
472774,472774,472805,31,0
472769,472769,472805,36,0
472770,472770,472806,36,0
472771,472771,472806,35,0
472770,472770,472806,36,0
472773,472773,472806,33,0
472772,472772,472807,35,0
472773,472773,472807,34,0
472773,472773,472808,35,0
472765,472765,472808,43,0
472770,472770,472807,37,0
472772,472772,472808,36,0
472779,472786,472808,22,7
472767,472767,472808,41,0
472770,472770,472809,39,0
472773,472773,472808,35,0
472774,472774,472809,35,0
472769,472769,472809,40,0
472778,472778,472810,32,0
472772,472772,472809,37,0
472774,472774,472810,36,0
472779,472787,472809,22,8
472774,472774,472810,36,0
472777,472777,472810,33,0
472780,472789,472810,21,9
472781,472792,472810,18,11
472772,472772,472812,40,0
472771,472771,472811,40,0
472780,472789,472811,22,9
472780,472791,472812,21,11
472772,472772,472812,40,0
472775,472775,472812,37,0
472771,472771,472812,41,0
472778,472778,472813,35,0
472770,472770,472812,42,0
472774,472774,472813,39,0
472780,472792,472813,21,12
472774,472774,472812,38,0
472776,472776,472813,37,0
472776,472777,472813,36,1
472780,472789,472813,24,9
472772,472772,472814,42,0
472776,472776,472814,38,0
472777,472777,472814,37,0
472780,472790,472815,25,10
472773,472773,472815,42,0
472775,472775,472815,40,0
472775,472776,472815,39,1
472773,472773,472816,43,0
472777,472777,472816,39,0
472776,472776,472816,40,0
472777,472777,472816,39,0
472780,472788,472816,28,8
472775,472775,472817,42,0
472779,472779,472817,38,0
472774,472774,472816,42,0
472776,472776,472816,40,0
472778,472778,472816,38,0
472778,472778,472816,38,0
472773,472773,472817,44,0
472780,472791,472817,26,11
472776,472776,472817,41,0
472775,472775,472818,43,0
472781,472792,472818,26,11
472775,472775,472818,43,0
472773,472773,472818,45,0
472776,472776,472818,42,0
472777,472777,472818,41,0
472781,472793,472818,25,12
472781,472793,472819,26,12
472782,472794,472818,24,12
472775,472775,472819,44,0
472776,472776,472819,43,0
472777,472778,472819,41,1
472778,472778,472819,41,0
472775,472775,472819,44,0
472777,472777,472819,42,0
472778,472778,472819,41,0
472779,472782,472819,37,3
472779,472784,472820,36,5
472783,472796,472820,24,13
472781,472793,472820,27,12
472777,472777,472820,43,0
472771,472771,472820,49,0
472778,472778,472820,42,0
472778,472779,472821,42,1
472772,472772,472820,48,0
472775,472775,472820,45,0
472783,472796,472821,25,13
472779,472779,472821,42,0
472777,472777,472822,45,0
472783,472796,472822,26,13
472774,472774,472822,48,0
472776,472776,472822,46,0
472783,472796,472822,26,13
472782,472794,472822,28,12
472778,472778,472824,46,0
472782,472793,472824,31,11
472769,472769,472824,55,0
472780,472789,472825,36,9
472779,472784,472824,40,5
472781,472792,472825,33,11
472782,472795,472826,31,13
472779,472779,472826,47,0
472776,472776,472827,51,0
472782,472795,472827,32,13
472779,472779,472828,49,0
472782,472794,472827,33,12
472781,472792,472828,36,11
472780,472791,472828,37,11
472783,472796,472829,33,13
472782,472795,472829,34,13
472809,472809,472830,21,0
472781,472793,472830,37,12
472774,472774,472832,58,0
472783,472796,472833,37,13
472811,472811,472833,22,0
472782,472795,472833,38,13
472812,472814,472834,20,2
472781,472793,472835,42,12
472810,472811,472835,24,1
472782,472794,472836,42,12
472805,472805,472836,31,0
472811,472812,472838,26,1
472807,472807,472838,31,0
472811,472812,472839,27,1
472808,472808,472839,31,0
472805,472805,472840,35,0
472783,472796,472840,44,13
472812,472813,472841,28,1
472810,472810,472841,31,0
472804,472804,472842,38,0
472806,472806,472842,36,0
472815,472819,472843,24,4
472808,472808,472843,35,0
472803,472804,472843,39,1
472807,472807,472843,36,0
472816,472820,472844,24,4
472813,472817,472845,28,4
472804,472804,472844,40,0
472808,472808,472844,36,0
472806,472806,472845,39,0
472813,472815,472845,30,2
472805,472805,472845,40,0
472815,472819,472846,27,4
472805,472805,472846,41,0
472807,472807,472846,39,0
472804,472804,472847,43,0
472806,472806,472847,41,0
472809,472809,472847,38,0
472805,472805,472847,42,0
472804,472804,472847,43,0
472805,472805,472848,43,0
472804,472804,472849,45,0
472815,472818,472849,31,3
472818,472824,472849,25,6
472809,472809,472849,40,0
472809,472809,472850,41,0
472804,472804,472849,45,0
472818,472822,472850,28,4
472810,472810,472850,40,0
472816,472820,472850,30,4
472809,472809,472850,41,0
472807,472807,472851,44,0
472807,472807,472851,44,0
472806,472806,472851,45,0
472817,472820,472851,31,3
472820,472830,472851,21,10
472807,472807,472851,44,0
472818,472822,472852,30,4
472805,472805,472853,48,0
472810,472810,472853,43,0
472810,472810,472852,42,0
472819,472825,472852,27,6
472814,472818,472853,35,4
472815,472819,472853,34,4
472804,472804,472853,49,0
472808,472808,472853,45,0
472805,472805,472854,49,0
472804,472804,472853,49,0
472804,472804,472853,49,0
472812,472814,472854,40,2
472811,472813,472854,41,2
472803,472803,472854,51,0
472811,472812,472855,43,1
472808,472808,472855,47,0
472813,472816,472855,39,3
472816,472820,472855,35,4
472810,472810,472855,45,0
472817,472821,472856,35,4
472808,472808,472855,47,0
472809,472809,472856,47,0
472805,472805,472856,51,0
472816,472820,472857,37,4
472820,472833,472856,23,13
472807,472807,472857,50,0
472812,472814,472857,43,2
472810,472810,472857,47,0
472812,472814,472858,44,2
472812,472814,472858,44,2
472806,472806,472858,52,0
472811,472812,472858,46,1
472807,472807,472859,52,0
472812,472813,472859,46,1
472812,472813,472859,46,1
472809,472810,472859,49,1
472807,472807,472859,52,0
472806,472806,472860,54,0
472811,472812,472860,48,1
472821,472834,472861,27,13
472808,472808,472861,53,0
472814,472817,472860,43,3
472817,472822,472860,38,5
472819,472826,472861,35,7
472821,472835,472861,26,14
472821,472839,472861,22,18
472811,472812,472861,49,1
472806,472807,472862,55,1
472812,472814,472862,48,2
472808,472809,472862,53,1
472814,472817,472862,45,3
472809,472809,472863,54,0
472813,472816,472863,47,3
472813,472817,472863,46,4
472810,472810,472864,54,0
472815,472819,472863,44,4
472808,472808,472864,56,0
472814,472818,472864,46,4
472814,472818,472864,46,4
472816,472820,472865,45,4
472814,472818,472864,46,4
472818,472822,472865,43,4
472821,472840,472864,24,19
472822,472842,472865,23,20
472818,472824,472865,41,6
472820,472830,472865,35,10
472817,472821,472866,45,4
472818,472822,472866,44,4
472808,472808,472866,58,0
472813,472817,472866,49,4
472822,472841,472867,26,19
472811,472813,472867,54,2
472814,472817,472866,49,3
472819,472826,472867,41,7
472816,472820,472867,47,4
472817,472822,472867,45,5
472817,472821,472867,46,4
472819,472825,472868,43,6
472810,472811,472867,56,1
472817,472821,472869,48,4
472815,472819,472869,50,4
472813,472816,472869,53,3
472815,472818,472869,51,3
472813,472816,472870,54,3
472819,472827,472870,43,8
472831,472845,472871,26,14
472820,472832,472870,38,12
472818,472824,472870,46,6
472819,472826,472870,44,7
472818,472822,472871,49,4
472819,472827,472871,44,8
472833,472850,472871,21,17
472820,472831,472871,40,11
472817,472821,472871,50,4
472817,472821,472872,51,4
472813,472816,472872,56,3
472831,472845,472872,27,14
472820,472830,472873,43,10
472816,472820,472873,53,4
472809,472809,472873,64,0
472815,472819,472874,55,4
472821,472836,472874,38,15
472832,472848,472874,26,16
472814,472817,472875,58,3
472831,472846,472875,29,15
472812,472815,472876,61,3
472814,472817,472875,58,3
472820,472829,472876,47,9
472818,472823,472876,53,5
472822,472843,472876,33,21
472821,472839,472876,37,18
472821,472836,472876,40,15
472815,472820,472877,57,5
472816,472820,472877,57,4
472822,472844,472878,34,22
472822,472842,472878,36,20
472831,472844,472878,34,13
472832,472848,472879,31,16
472832,472850,472879,29,18
472820,472833,472879,46,13
472831,472846,472880,34,15
472816,472820,472879,59,4
472819,472828,472880,52,9
472819,472828,472880,52,9
472853,472854,472880,26,1
472833,472850,472880,30,17
472822,472840,472881,41,18
472831,472845,472881,36,14
472821,472834,472881,47,13
472854,472854,472882,28,0
472821,472840,472883,43,19
472820,472828,472883,55,8
472832,472850,472883,33,18
472822,472843,472884,41,21
472832,472848,472884,36,16
472822,472843,472884,41,21
472854,472854,472884,30,0
472822,472843,472886,43,21
472853,472853,472886,33,0
472832,472848,472886,38,16
472853,472853,472886,33,0
472833,472850,472887,37,17
472857,472857,472888,31,0
472859,472861,472888,27,2
472831,472846,472888,42,15
472831,472845,472889,44,14
472854,472854,472889,35,0
472806,472806,472890,84,0
472813,472817,472890,73,4
472856,472856,472890,34,0
472821,472835,472891,56,14
472833,472850,472892,42,17
472859,472861,472892,31,2
472854,472854,472893,39,0
472832,472848,472895,47,16
472833,472850,472896,46,17
472861,472865,472897,32,4
472831,472846,472896,50,15
472858,472861,472897,36,3
472856,472856,472897,41,0
472861,472866,472897,31,5
472856,472856,472897,41,0
472860,472865,472898,33,5
472854,472854,472897,43,0
472832,472848,472897,49,16
472831,472845,472898,53,14
472855,472855,472898,43,0
472832,472849,472899,50,17
472853,472853,472899,46,0
472855,472855,472900,45,0
472771,472771,472900,129,0
472863,472871,472901,30,8
472858,472859,472900,41,1
472854,472854,472901,47,0
472864,472872,472901,29,8
472855,472855,472902,47,0
472856,472856,472902,46,0
472856,472857,472902,45,1
472854,472854,472904,50,0
472858,472860,472904,44,2
472857,472859,472905,46,2
472855,472855,472905,50,0
472854,472854,472905,51,0
472857,472857,472906,49,0
472855,472855,472906,51,0
472857,472857,472906,49,0
472857,472858,472906,48,1
472858,472860,472907,47,2
472859,472861,472907,46,2
472856,472856,472908,52,0
472865,472873,472907,34,8
472855,472855,472908,53,0
472855,472855,472909,54,0
472868,472882,472908,26,14
472859,472863,472909,46,4
472861,472865,472909,44,4
472854,472855,472910,55,1
472869,472885,472910,25,16
472868,472881,472911,30,13
472856,472856,472911,55,0
472858,472861,472911,50,3
472855,472855,472910,55,0
472862,472867,472911,44,5
472857,472858,472912,54,1
472867,472880,472912,32,13
472859,472863,472912,49,4
472861,472866,472912,46,5
472866,472877,472912,35,11
472860,472864,472913,49,4
472861,472865,472913,48,4
472858,472859,472913,54,1
472866,472876,472913,37,10
472865,472875,472913,38,10
472866,472877,472913,36,11
472860,472864,472913,49,4
472866,472877,472914,37,11
472859,472861,472914,53,2
472870,472888,472914,26,18
472860,472863,472914,51,3
472867,472880,472914,34,13
472868,472881,472914,33,13
472859,472863,472915,52,4
472863,472870,472915,45,7
472861,472866,472914,48,5
472862,472867,472915,48,5
472856,472856,472915,59,0
472860,472865,472916,51,5
472862,472867,472916,49,5
472870,472889,472917,28,19
472864,472872,472917,45,8
472856,472856,472917,61,0
472862,472867,472917,50,5
472857,472859,472918,59,2
472860,472864,472918,54,4
472867,472879,472918,39,12
472857,472859,472918,59,2
472863,472870,472918,48,7
472863,472868,472918,50,5
472867,472879,472919,40,12
472857,472858,472919,61,1
472862,472868,472920,52,6
472859,472862,472919,57,3
472864,472871,472919,48,7
472870,472887,472920,33,17
472858,472859,472920,61,1
472861,472865,472920,55,4
472869,472884,472920,36,15
472861,472866,472920,54,5
472869,472887,472921,34,18
472864,472871,472922,51,7
472865,472873,472922,49,8
472858,472861,472923,62,3
472868,472881,472923,42,13
472856,472856,472922,66,0
472858,472861,472922,61,3
472872,472898,472923,25,26
472866,472876,472923,47,10
472860,472865,472924,59,5
472866,472877,472923,46,11
472871,472893,472924,31,22
472859,472861,472924,63,2
472863,472869,472924,55,6
472862,472867,472924,57,5
472867,472879,472925,46,12
472860,472863,472925,62,3
472864,472871,472925,54,7
472864,472873,472925,52,9
472867,472880,472925,45,13
472871,472897,472926,29,26
472863,472869,472926,57,6
472861,472866,472926,60,5
472862,472867,472926,59,5
472860,472863,472926,63,3
472863,472868,472926,58,5
472869,472884,472926,42,15
472870,472890,472927,37,20
472873,472901,472927,26,28
472873,472902,472927,25,29
472863,472869,472927,58,6
472857,472858,472928,70,1
472863,472869,472928,59,6
472871,472897,472927,30,26
472868,472883,472927,44,15
472864,472872,472928,56,8
472865,472873,472928,55,8
472868,472881,472928,47,13
472867,472878,472929,51,11
472866,472877,472930,53,11
472862,472868,472929,61,6
472869,472884,472930,46,15
472855,472855,472929,74,0
472870,472889,472930,41,19
472865,472875,472931,56,10
472869,472884,472931,47,15
472864,472871,472931,60,7
472865,472874,472932,58,9
472870,472890,472932,42,20
472871,472896,472932,36,25
472862,472868,472932,64,6
472871,472892,472933,41,21
472866,472876,472934,58,10
472865,472873,472934,61,8
472872,472899,472935,36,27
472870,472888,472934,46,18
472865,472875,472935,60,10
472871,472892,472936,44,21
472867,472878,472935,57,11
472868,472881,472936,55,13
472871,472894,472936,42,23
472866,472878,472937,59,12
472865,472875,472937,62,10
472872,472898,472937,39,26
472869,472886,472938,52,17
472868,472881,472939,58,13
472871,472890,472940,50,19
472868,472882,472941,59,14
472869,472885,472940,55,16
472870,472889,472941,52,19
472903,472909,472941,32,6
472904,472910,472941,31,6
472867,472880,472941,61,13
472870,472890,472941,51,20
472869,472887,472942,55,18
472872,472898,472943,45,26
472872,472897,472944,47,25
472872,472898,472945,47,26
472874,472905,472945,40,31
472874,472904,472947,43,30
472873,472902,472946,44,29
472903,472908,472947,39,5
472904,472911,472947,36,7
472906,472914,472947,33,8
472907,472917,472947,30,10
472873,472900,472948,48,27
472905,472913,472948,35,8
472873,472902,472948,46,29
472871,472897,472948,51,26
472906,472915,472948,33,9
472871,472895,472948,53,24
472872,472899,472949,50,27
472905,472914,472948,34,9
472874,472906,472949,43,32
472873,472900,472949,49,27
472875,472908,472950,42,33
472872,472899,472951,52,27
472909,472921,472952,31,12
472864,472872,472951,79,8
472906,472915,472952,37,9
472905,472914,472952,38,9
472905,472913,472952,39,8
472875,472907,472953,46,32
472904,472910,472953,43,6
472906,472914,472953,39,8
472872,472898,472953,55,26
472874,472906,472953,47,32
472874,472902,472954,52,28
472904,472912,472954,42,8
472909,472920,472954,34,11
472911,472925,472954,29,14
472904,472910,472955,45,6
472874,472906,472955,49,32
472910,472923,472955,32,13
472873,472901,472956,55,28
472913,472928,472957,29,15
472908,472919,472959,40,11
472875,472908,472959,51,33
472875,472907,472960,53,32
472904,472911,472960,49,7
472904,472912,472960,48,8
472873,472902,472960,58,29
472913,472928,472961,33,15
472874,472907,472962,55,33
472874,472906,472963,57,32
472907,472915,472962,47,8
472908,472918,472963,45,10
472913,472927,472963,36,14
472908,472919,472963,44,11
472912,472926,472963,37,14
472873,472901,472964,63,28
472905,472913,472965,52,8
472909,472921,472966,45,12
472913,472928,472966,38,15
472903,472909,472966,57,6
472911,472925,472967,42,14
472908,472918,472967,49,10
472908,472918,472968,50,10
472910,472923,472968,45,13
472874,472904,472969,65,30
472906,472914,472968,54,8
472908,472919,472969,50,11
472910,472923,472969,46,13
472905,472914,472969,55,9
472903,472909,472969,60,6
472907,472916,472970,54,9
472915,472932,472970,38,17
472910,472922,472970,48,12
472904,472910,472972,62,6
472907,472915,472971,56,8
472909,472921,472971,50,12
472904,472913,472973,60,9
472905,472914,472972,58,9
472906,472914,472973,59,8
472919,472948,472974,26,29
472905,472913,472974,61,8
472906,472914,472974,60,8
472917,472942,472974,32,25
472917,472942,472975,33,25
472907,472916,472975,59,9
472911,472925,472975,50,14
472907,472915,472975,60,8
472910,472924,472976,52,14
472906,472915,472976,61,9
472907,472915,472976,61,8
472915,472933,472977,44,18
472913,472928,472977,49,15
472909,472921,472976,55,12
472912,472926,472977,51,14
472914,472930,472978,48,16
472916,472937,472977,40,21
472913,472928,472978,50,15
472909,472921,472978,57,12
472908,472919,472978,59,11
472912,472927,472978,51,15
472909,472920,472979,59,11
472908,472918,472980,62,10
472915,472932,472980,48,17
472919,472948,472980,32,29
472922,472955,472981,26,33
472908,472919,472981,62,11
472915,472932,472981,49,17
472907,472917,472981,64,10
472904,472911,472982,71,7
472908,472918,472981,63,10
472907,472917,472981,64,10
472909,472920,472982,62,11
472911,472925,472982,57,14
472910,472923,472983,60,13
472913,472928,472982,54,15
472922,472956,472983,27,34
472920,472952,472983,31,32
472919,472947,472983,36,28
472909,472920,472984,64,11
472910,472923,472984,61,13
472914,472930,472984,54,16
472911,472926,472984,58,15
472911,472925,472983,58,14
472912,472927,472984,57,15
472914,472929,472983,54,15
472917,472938,472984,46,21
472922,472955,472984,29,33
472922,472958,472984,26,36
472910,472924,472985,61,14
472911,472924,472985,61,13
472913,472929,472985,56,16
472919,472948,472985,37,29
472918,472945,472985,40,27
472919,472947,472986,39,28
472920,472949,472985,36,29
472910,472923,472986,63,13
472919,472948,472986,38,29
472912,472926,472986,60,14
472920,472949,472986,37,29
472916,472936,472986,50,20
472914,472931,472987,56,17
472912,472927,472986,59,15
472921,472953,472987,34,32
472919,472948,472987,39,29
472913,472928,472988,60,15
472912,472927,472988,61,15
472914,472930,472988,58,16
472918,472944,472988,44,26
472914,472930,472989,59,16
472911,472925,472989,64,14
472916,472935,472990,55,19
472912,472927,472989,62,15
472916,472935,472990,55,19
472917,472941,472990,49,24
472905,472914,472990,76,9
472923,472962,472990,28,39
472915,472934,472991,57,19
472916,472936,472992,56,20
472917,472941,472992,51,24
472914,472930,472993,63,16
472921,472954,472992,38,33
472918,472942,472993,51,24
472918,472943,472993,50,25
472914,472932,472993,61,18
472921,472953,472994,41,32
472911,472926,472993,67,15
472915,472932,472994,62,17
472915,472934,472994,60,19
472920,472949,472995,46,29
472915,472932,472994,62,17
472917,472938,472994,56,21
472922,472955,472996,41,33
472913,472929,472995,66,16
472916,472937,472995,58,21
472917,472941,472996,55,24
472920,472950,472996,46,30
472923,472959,472996,37,36
472924,472967,472996,29,43
472915,472935,472996,61,20
472920,472949,472997,48,29
472921,472953,472998,45,32
472917,472940,472999,59,23
472916,472936,472998,62,20
472918,472947,472999,52,29
472918,472947,472999,52,29
472917,472941,473000,59,24
472918,472942,472999,57,24
472924,472964,473000,36,40
472916,472937,472999,62,21
472947,472974,473000,26,27
472924,472964,473000,36,40
472921,472953,473001,48,32
472920,472952,473001,49,32
472925,472968,473001,33,43
472918,472946,473002,56,28
472916,472936,473003,67,20
472920,472949,473006,57,29
472923,472961,473006,45,38
472919,472948,473006,58,29
472920,472950,473007,57,30
472923,472963,473007,44,40
472921,472953,473007,54,32
472947,472975,473007,32,28
472918,472945,473008,63,27
472923,472959,473008,49,36
472924,472963,473009,46,39
472922,472955,473009,54,33
472921,472954,473009,55,33
472949,472981,473010,29,32
472922,472955,473010,55,33
472947,472975,473012,37,28
472946,472970,473011,41,24
472946,472971,473011,40,25
472921,472953,473012,59,32
472951,472984,473013,29,33
472951,472984,473013,29,33
472921,472954,473013,59,33
472924,472964,473013,49,40
472949,472980,473014,34,31
472924,472966,473014,48,42
472951,472984,473014,30,33
472952,472985,473015,30,33
472952,472985,473015,30,33
472948,472977,473016,39,29
472953,472986,473017,31,33
472925,472969,473018,49,44
472922,472957,473017,60,35
472925,472969,473018,49,44
472922,472956,473018,62,34
472925,472969,473018,49,44
472923,472963,473019,56,40
472923,472960,473020,60,37
472946,472970,473020,50,24
472945,472969,473020,51,24
472924,472966,473022,56,42
472924,472963,473022,59,39
472923,472962,473022,60,39
472948,472978,473022,44,30
472923,472960,473022,62,37
472955,472991,473023,32,36
472924,472967,473025,58,43
472925,472968,473025,57,43
472953,472987,473025,38,34
472925,472968,473026,58,43
472952,472986,473025,39,34
472954,472988,473026,38,34
472949,472979,473026,47,30
472956,472994,473026,32,38
472924,472965,473027,62,41
472947,472973,473027,54,26
472953,472986,473027,41,33
472947,472974,473027,53,27
472952,472986,473028,42,34
472959,473001,473028,27,42
472925,472969,473029,60,44
472946,472972,473029,57,26
472948,472978,473029,51,30
472954,472989,473028,39,35
472947,472974,473028,54,27
472947,472975,473029,54,28
472946,472972,473030,58,26
472948,472976,473031,55,28
472949,472979,473031,52,30
472960,473008,473031,23,48
472953,472987,473031,44,34
472950,472982,473032,50,32
472954,472988,473032,44,34
472957,472997,473033,36,40
472947,472976,473033,57,29
472947,472976,473033,57,29
472946,472971,473034,63,25
472948,472976,473033,57,28
472948,472978,473034,56,30
472952,472985,473034,49,33
472958,473000,473035,35,42
472957,472997,473036,39,40
472946,472971,473037,66,25
472955,472990,473036,46,35
472946,472973,473037,64,27
472946,472972,473037,65,26
472948,472976,473037,61,28
472951,472985,473038,53,34
472947,472976,473038,62,29
472950,472981,473039,58,31
472952,472986,473039,53,34
472952,472986,473039,53,34
472953,472988,473040,52,35
472955,472993,473040,47,38
472949,472979,473041,62,30
472954,472989,473041,52,35
472949,472980,473042,62,31
472949,472980,473042,62,31
472948,472978,473041,63,30
472959,473001,473042,41,42
472950,472982,473042,60,32
472956,472994,473043,49,38
472961,473012,473043,31,51
472950,472982,473042,60,32
472950,472981,473043,62,31
472948,472977,473044,67,29
472958,472999,473043,44,41
472950,472981,473044,63,31
472962,473017,473044,27,55
472949,472980,473044,64,31
472952,472986,473045,59,34
472957,472997,473045,48,40
472961,473013,473045,32,52
472962,473015,473045,30,53
472962,473014,473045,31,52
472949,472979,473045,66,30
472950,472982,473045,63,32
472951,472984,473046,62,33
472950,472982,473047,65,32
472961,473010,473046,36,49
472960,473009,473046,37,49
472951,472984,473046,62,33
472953,472986,473047,61,33
472955,472991,473047,56,36
472962,473015,473047,32,53
472959,473002,473047,45,43
472957,472997,473048,51,40
472951,472985,473048,63,34
472954,472990,473048,58,36
472953,472986,473048,62,33
472954,472990,473049,59,36
472957,472996,473049,53,39
472956,472995,473049,54,39
472951,472984,473049,65,33
472953,472987,473050,63,34
472959,473001,473049,48,42
472953,472987,473050,63,34
472955,472991,473050,59,36
473025,473033,473051,18,8
472957,472995,473051,56,38
472954,472989,473051,62,35
472961,473012,473052,40,51
472952,472985,473052,67,33
472961,473013,473052,39,52
472955,472993,473052,59,38
472955,472993,473052,59,38
472951,472984,473053,69,33
472956,472994,473053,59,38
472962,473015,473052,37,53
472950,472983,473053,70,33
472956,472995,473054,59,39
472958,472999,473054,55,41
472955,472992,473054,62,37
472957,472996,473054,58,39
472964,473024,473054,30,60
473025,473036,473054,18,11
472954,472989,473055,66,35
472958,473000,473055,55,42
472958,473000,473055,55,42
472956,472995,473055,60,39
472960,473007,473056,49,47
472960,473007,473057,50,47
472954,472990,473056,66,36
472956,472995,473056,61,39
472954,472990,473057,67,36
472965,473027,473057,30,62
472951,472983,473057,74,32
472962,473014,473058,44,52
472957,472997,473058,61,40
472958,472999,473059,60,41
472956,472994,473059,65,38
472958,473000,473060,60,42
472957,472996,473060,64,39
472966,473028,473061,33,62
472967,473031,473060,29,64
472957,472996,473061,65,39
472958,473000,473061,61,42
472959,473001,473061,60,42
472959,473003,473061,58,44
472963,473018,473062,44,55
472965,473026,473062,36,61
472961,473012,473062,50,51
472959,473007,473062,55,48
473028,473043,473063,20,15
472956,472994,473063,69,38
473025,473034,473063,29,9
472964,473025,473063,38,61
473029,473046,473063,17,17
472960,473010,473064,54,50
472955,472993,473064,71,38
473025,473035,473065,30,10
472959,473007,473064,57,48
473028,473045,473065,20,17
472959,473006,473065,59,47
472962,473014,473064,50,52
473025,473034,473065,31,9
472965,473026,473066,40,61
473029,473046,473065,19,17
472960,473007,473065,58,47
473025,473034,473066,32,9
472959,473002,473066,64,43
472962,473017,473066,49,55
473030,473048,473066,18,18
472960,473009,473067,58,49
472965,473026,473067,41,61
473027,473042,473067,25,15
472961,473012,473067,55,51
473029,473046,473068,22,17
473026,473037,473067,30,11
472964,473023,473068,45,59
473025,473036,473068,32,11
473027,473041,473068,27,14
472960,473009,473069,60,49
472958,472999,473068,69,41
473026,473039,473069,30,13
473030,473047,473070,23,17
472962,473018,473070,52,56
472966,473029,473069,40,63
473033,473055,473070,15,22
473026,473038,473070,32,12
473028,473044,473071,27,16
472963,473019,473071,52,56
473026,473037,473071,34,11
473032,473053,473071,18,21
473033,473055,473072,17,22
473026,473037,473072,35,11
473028,473045,473072,27,17
473029,473046,473071,25,17
473030,473047,473073,26,17
472961,473011,473072,61,50
473027,473042,473072,30,15
472963,473023,473072,49,60
473030,473048,473074,26,18
473028,473042,473073,31,14
472965,473028,473074,46,63
472963,473020,473074,54,57
473025,473034,473074,40,9
473026,473039,473075,36,13
473030,473047,473074,27,17
472965,473027,473075,48,62
473027,473042,473075,33,15
473032,473051,473075,24,19
473031,473048,473075,27,17
472963,473020,473076,56,57
473028,473044,473076,32,16
472963,473020,473076,56,57
472964,473023,473076,53,59
472960,473009,473076,67,49
473028,473044,473077,33,16
473026,473039,473077,38,13
473029,473046,473077,31,17
473029,473046,473077,31,17
473033,473054,473077,23,21
473035,473058,473077,19,23
473030,473048,473077,29,18
472966,473029,473077,48,63
472967,473032,473078,46,65
472964,473025,473078,53,61
472966,473031,473079,48,65
473031,473049,473078,29,18
472964,473026,473079,53,62
473027,473040,473079,39,13
473025,473035,473079,44,10
472963,473019,473079,60,56
473027,473040,473079,39,13
473035,473061,473080,19,26
473031,473050,473080,30,19
473031,473049,473080,31,18
473029,473047,473081,34,18
473037,473064,473081,17,27
473028,473043,473081,38,15
473032,473052,473081,29,20
472967,473031,473082,51,64
473032,473052,473081,29,20
472963,473019,473081,62,56
473028,473044,473082,38,16
472967,473033,473082,49,66
473030,473048,473082,34,18
473036,473063,473082,19,27
473033,473054,473083,29,21
473026,473040,473083,43,14
473029,473045,473082,37,16
473027,473041,473083,42,14
473034,473055,473083,28,21
472961,473013,473083,70,52
472963,473022,473083,61,59
472963,473021,473083,62,58
472965,473027,473083,56,62
473028,473045,473084,39,17
473039,473067,473084,17,28
472964,473025,473084,59,61
473038,473066,473085,19,28
473027,473042,473085,43,15
472966,473030,473085,55,64
473027,473041,473086,45,14
473036,473063,473085,22,27
473038,473066,473085,19,28
473040,473068,473086,18,28
473031,473050,473085,35,19
472966,473030,473086,56,64
473033,473055,473086,31,22
473029,473047,473086,39,18
473035,473061,473087,26,26
473032,473051,473086,35,19
473037,473064,473087,23,27
472965,473028,473087,59,63
473033,473055,473087,32,22
473032,473052,473087,35,20
473032,473052,473088,36,20
472966,473029,473088,59,63
473032,473053,473088,35,21
473031,473050,473089,39,19
473031,473049,473088,39,18
473036,473061,473088,27,25
472966,473029,473088,59,63
473034,473057,473089,32,23
473035,473058,473089,31,23
473035,473061,473090,29,26
473041,473070,473090,20,29
473034,473057,473089,32,23
473037,473065,473090,25,28
473040,473070,473090,20,30
473032,473053,473090,37,21
473037,473065,473090,25,28
473034,473055,473090,35,21
473030,473048,473091,43,18
472964,473023,473090,67,59
472966,473029,473090,61,63
473039,473069,473090,21,30
473042,473072,473091,19,30
473036,473062,473092,30,26
473035,473059,473091,32,24
473035,473060,473091,31,25
473039,473068,473092,24,29
473034,473058,473093,35,24
473040,473069,473092,23,29
473040,473069,473093,24,29
473036,473063,473093,30,27
473036,473061,473093,32,25
473033,473054,473093,39,21
473037,473063,473093,30,26
473034,473057,473094,37,23
473037,473065,473094,29,28
473042,473072,473094,22,30
473040,473069,473094,25,29
473038,473065,473094,29,27
473039,473066,473094,28,27
473033,473055,473094,39,22
473039,473069,473094,25,30
473041,473072,473095,23,31
472965,473026,473096,70,61
472967,473033,473096,63,66
473037,473063,473095,32,26
473036,473062,473096,34,26
473036,473063,473096,33,27
473046,473080,473096,16,34
473034,473057,473097,40,23
473039,473067,473097,30,28
473040,473070,473098,28,30
473041,473071,473098,27,30
473036,473061,473098,37,25
473041,473071,473099,28,30
473035,473059,473098,39,24
473042,473073,473099,26,31
473034,473055,473099,44,21
473047,473082,473100,18,35
473038,473065,473100,35,27
473040,473068,473099,31,28
473045,473078,473100,22,33
473041,473071,473100,29,30
473044,473076,473100,24,32
473045,473078,473100,22,33
473037,473064,473100,36,27
473041,473071,473100,29,30
473044,473076,473101,25,32
473042,473073,473101,28,31
473036,473062,473101,39,26
473041,473070,473101,31,29
473030,473048,473102,54,18
473031,473050,473102,52,19
473044,473076,473102,26,32
473043,473076,473102,26,33
473046,473079,473103,24,33
473044,473077,473103,26,33
473037,473065,473103,38,28
473039,473067,473104,37,28
473043,473075,473104,29,32
473041,473070,473104,34,29
473042,473073,473103,30,31
473040,473070,473103,33,30
473042,473073,473104,31,31
473043,473076,473105,29,33
473045,473078,473105,27,33
473068,473083,473105,22,15
473039,473068,473105,37,29
473046,473080,473105,25,34
473044,473077,473106,29,33
473046,473080,473106,26,34
473042,473074,473106,32,32
473033,473054,473106,52,21
473046,473081,473107,26,35
473069,473085,473107,22,16
473070,473086,473106,20,16
473043,473075,473107,32,32
473038,473065,473107,42,27
473043,473076,473108,32,33
473046,473081,473108,27,35
473039,473066,473108,42,27
473043,473075,473109,34,32
473045,473079,473109,30,34
473070,473086,473110,24,16
473072,473089,473109,20,17
473045,473077,473110,33,32
473044,473076,473111,35,32
473042,473073,473111,38,31
473046,473080,473111,31,34
473044,473076,473112,36,32
473045,473078,473112,34,33
473045,473079,473112,33,34
473042,473072,473112,40,30
473069,473085,473112,27,16
473072,473090,473112,22,18
473043,473075,473113,38,32
473072,473090,473113,23,18
473043,473076,473113,37,33
473045,473078,473113,35,33
473067,473083,473113,30,16
473070,473087,473114,27,17
473075,473095,473114,19,20
473071,473087,473114,27,16
473046,473079,473114,35,33
473034,473056,473114,58,22
473070,473086,473115,29,16
473046,473081,473115,34,35
473047,473082,473115,33,35
473067,473083,473116,33,16
473070,473086,473116,30,16
473044,473077,473116,39,33
473047,473082,473116,34,35
473045,473079,473116,37,34
473073,473091,473117,26,18
473033,473054,473118,64,21
473040,473070,473117,47,30
473047,473082,473117,35,35
473069,473085,473117,32,16
473068,473083,473117,34,15
473076,473097,473118,21,21
473044,473077,473118,41,33
473068,473084,473118,34,16
473072,473089,473119,30,17
473072,473090,473119,29,18
473071,473088,473120,32,17
473072,473090,473120,30,18
473069,473086,473120,34,17
473067,473082,473121,39,15
473071,473088,473121,33,17
473074,473092,473120,28,18
473077,473100,473121,21,23
473069,473086,473121,35,17
473077,473099,473121,22,22
473069,473085,473122,37,16
473075,473095,473122,27,20
473078,473101,473122,21,23
473073,473091,473122,31,18
473073,473092,473124,32,19
473068,473084,473124,40,16
473068,473084,473124,40,16
473071,473088,473124,36,17
473074,473093,473123,30,19
473070,473087,473124,37,17
473075,473095,473124,29,20
473068,473083,473125,42,15
473072,473090,473125,35,18
473070,473087,473126,39,17
473073,473092,473125,33,19
473079,473102,473125,23,23
473078,473101,473125,24,23
473081,473107,473126,19,26
473069,473085,473126,41,16
473067,473082,473126,44,15
473070,473087,473127,40,17
473071,473089,473127,38,18
473068,473084,473127,43,16
473068,473083,473128,45,15
473071,473089,473128,39,18
473074,473093,473127,34,19
473075,473095,473128,33,20
473071,473088,473127,39,17
473074,473093,473127,34,19
473075,473094,473127,33,19
473075,473094,473128,34,19
473070,473087,473128,41,17
473081,473107,473128,21,26
473078,473101,473129,28,23
473071,473089,473129,40,18
473072,473090,473129,39,18
473075,473094,473129,35,19
473073,473092,473130,38,19
473077,473100,473129,29,23
473074,473092,473129,37,18
473073,473091,473130,39,18
473073,473091,473131,40,18
473077,473099,473130,31,22
473069,473086,473130,44,17
473082,473110,473131,21,28
473071,473089,473131,42,18
473072,473090,473131,41,18
473074,473094,473131,37,20
473076,473097,473132,35,21
473076,473097,473132,35,21
473080,473106,473133,27,26
473079,473102,473133,31,23
473078,473101,473133,32,23
473073,473091,473133,42,18
473076,473097,473132,35,21
473075,473094,473133,39,19
473026,473038,473134,96,12
473080,473104,473133,29,24
473074,473093,473134,41,19
473074,473094,473134,40,20
473080,473104,473134,30,24
473078,473102,473134,32,24
473073,473091,473134,43,18
473078,473101,473135,34,23
473075,473095,473135,40,20
473079,473103,473135,32,24
473069,473084,473136,52,15
473080,473104,473136,32,24
473080,473105,473136,31,25
473074,473094,473136,42,20
473084,473113,473136,23,29
473078,473101,473137,36,23
473077,473099,473137,38,22
473076,473096,473137,41,20
473076,473096,473137,41,20
473078,473101,473137,36,23
473086,473118,473137,19,32
473077,473099,473138,39,22
473082,473108,473138,30,26
473084,473114,473139,25,30
473076,473096,473138,42,20
473083,473113,473138,25,30
473083,473113,473138,25,30
473081,473107,473138,31,26
473085,473115,473139,24,30
473085,473115,473139,24,30
473079,473104,473140,36,25
473081,473106,473140,34,25
473081,473107,473140,33,26
473087,473118,473141,23,31
473085,473115,473140,25,30
473073,473091,473141,50,18
473077,473100,473141,41,23
473080,473104,473141,37,24
473088,473122,473141,19,34
473082,473109,473142,33,27
473077,473100,473142,42,23
473076,473099,473143,44,23
473083,473113,473143,30,30
473079,473102,473144,42,23
473079,473102,473144,42,23
473083,473113,473144,31,30
473085,473115,473145,30,30
473082,473109,473144,35,27
473079,473104,473145,41,25
473032,473051,473146,95,19
473078,473101,473145,44,23
473087,473120,473145,25,33
473076,473098,473146,48,22
473084,473114,473146,32,30
473087,473120,473145,25,33
473081,473106,473146,40,25
473089,473124,473147,23,35
473080,473104,473146,42,24
473083,473113,473147,34,30
473086,473117,473147,30,31
473077,473100,473146,46,23
473084,473113,473148,35,29
473081,473106,473148,42,25
473083,473113,473147,34,30
473079,473103,473148,45,24
473088,473123,473148,25,35
473080,473105,473149,44,25
473085,473114,473148,34,29
473083,473111,473149,38,28
473082,473108,473150,42,26
473085,473116,473149,33,31
473043,473074,473150,76,31
473088,473123,473149,26,35
473081,473107,473149,42,26
473110,473127,473151,24,17
473082,473110,473151,41,28
473079,473103,473150,47,24
473081,473107,473151,44,26
473082,473108,473151,43,26
473080,473106,473151,45,26
473082,473108,473152,44,26
473088,473121,473152,31,33
473083,473113,473153,40,30
473088,473121,473153,32,33
473089,473124,473153,29,35
473112,473129,473154,25,17
473087,473121,473154,33,34
473083,473112,473154,42,29
473083,473112,473154,42,29
473085,473115,473154,39,30
473087,473121,473154,33,34
473089,473123,473154,31,34
473087,473119,473155,36,32
473087,473118,473155,37,31
473110,473126,473156,30,16
473112,473129,473156,27,17
473086,473118,473155,37,32
473086,473118,473155,37,32
473086,473117,473156,39,31
473086,473117,473156,39,31
473085,473115,473156,41,30
473088,473121,473156,35,33
473086,473117,473157,40,31
473086,473118,473157,39,32
473086,473118,473157,39,32
473087,473119,473157,38,32
473085,473117,473157,40,32
473089,473124,473158,34,35
473089,473125,473158,33,36
473088,473122,473158,36,34
473116,473137,473158,21,21
473088,473122,473159,37,34
473111,473128,473159,31,17
473089,473124,473160,36,35
473089,473125,473160,35,36
473113,473132,473161,29,19
473087,473120,473161,41,33
473110,473126,473162,36,16
473082,473110,473163,53,28
473114,473133,473163,30,19
473088,473123,473162,39,35
473110,473126,473164,38,16
473117,473139,473164,25,22
473118,473140,473164,24,22
473118,473141,473164,23,23
473118,473141,473164,23,23
473119,473142,473165,23,23
473111,473128,473165,37,17
473089,473126,473165,39,37
473117,473139,473166,27,22
473115,473134,473166,32,19
473110,473127,473166,39,17
473117,473139,473167,28,22
473117,473138,473167,29,21
473111,473128,473167,39,17
473113,473132,473167,35,19
473089,473125,473167,42,36
473089,473126,473167,41,37
473114,473133,473168,35,19
473115,473134,473169,35,19
473112,473130,473168,38,18
473114,473132,473168,36,18
473118,473140,473169,29,22
473111,473128,473170,42,17
473112,473128,473171,43,16
473112,473130,473171,41,18
473114,473132,473171,39,18
473113,473131,473171,40,18
473116,473137,473172,35,21
473112,473129,473171,42,17
473120,473146,473172,26,26
473117,473138,473172,34,21
473110,473126,473172,46,16
473119,473144,473172,28,25
473114,473133,473173,40,19
473111,473127,473173,46,16
473114,473133,473173,40,19
473110,473127,473173,46,17
473111,473128,473174,46,17
473116,473137,473173,36,21
473118,473141,473174,33,23
473114,473134,473174,40,20
473121,473147,473174,27,26
473118,473141,473174,33,23
473113,473130,473174,44,17
473113,473131,473175,44,18
473111,473128,473175,47,17
473113,473132,473175,43,19
473113,473131,473176,45,18
473116,473137,473176,39,21
473124,473154,473177,23,30
473117,473138,473177,39,21
473115,473135,473177,42,20
473115,473136,473178,42,21
473116,473138,473178,40,22
473113,473131,473178,47,18
473112,473129,473178,49,17
473119,473144,473178,34,25
473120,473146,473179,33,26
473123,473151,473179,28,28
473122,473150,473179,29,28
473116,473137,473180,43,21
473112,473130,473179,49,18
473116,473138,473179,41,22
473122,473149,473180,31,27
473117,473139,473180,41,22
473113,473132,473181,49,19
473115,473135,473181,46,20
473111,473128,473181,53,17
473118,473142,473181,39,24
473119,473145,473181,36,26
473115,473134,473182,48,19
473112,473130,473181,51,18
473116,473138,473182,44,22
473127,473159,473182,23,32
473120,473146,473182,36,26
473121,473147,473182,35,26
473115,473134,473183,49,19
473125,473156,473183,27,31
473035,473059,473184,125,24
473118,473141,473183,42,23
473115,473134,473183,49,19
473119,473143,473184,41,24
473110,473127,473184,57,17
473125,473156,473184,28,31
473119,473143,473185,42,24
473116,473137,473185,48,21
473115,473135,473185,50,20
473127,473163,473185,22,36
473120,473146,473186,40,26
473119,473144,473185,41,25
473119,473142,473185,43,23
473121,473148,473186,38,27
473122,473150,473186,36,28
473115,473134,473186,52,19
473119,473144,473186,42,25
473120,473146,473187,41,26
473128,473164,473187,23,36
473121,473147,473187,40,26
473111,473128,473188,60,17
473121,473147,473187,40,26
473124,473154,473187,33,30
473120,473146,473188,42,26
473118,473141,473188,47,23
473127,473161,473188,27,34
473128,473165,473188,23,37
473121,473148,473189,41,27
473120,473146,473189,43,26
473117,473139,473189,50,22
473128,473164,473189,25,36
473122,473150,473190,40,28
473119,473144,473190,46,25
473125,473157,473190,33,32
473122,473149,473190,41,27
473126,473159,473191,32,33
473121,473147,473191,44,26
473129,473166,473191,25,37
473125,473157,473191,34,32
473121,473148,473192,44,27
473127,473160,473192,32,33
473128,473163,473192,29,35
473129,473167,473192,25,38
473127,473160,473193,33,33
473114,473133,473193,60,19
473128,473164,473193,29,36
473121,473147,473194,47,26
473122,473150,473194,44,28
473129,473167,473194,27,38
473124,473154,473194,40,30
473124,473154,473195,41,30
473122,473150,473194,44,28
473123,473151,473195,44,28
473121,473148,473195,47,27
473125,473156,473196,40,31
473123,473151,473195,44,28
473122,473149,473196,47,27
473122,473149,473197,48,27
473123,473152,473196,44,29
473124,473154,473197,43,30
473123,473154,473197,43,31
473125,473157,473197,40,32
473125,473156,473197,41,31
473127,473163,473198,35,36
473131,473172,473198,26,41
473124,473155,473198,43,31
473124,473155,473199,44,31
473127,473162,473198,36,35
473130,473170,473199,29,40
473153,473177,473199,22,24
473124,473155,473199,44,31
473126,473158,473199,41,32
473123,473152,473200,48,29
473126,473157,473199,42,31
473129,473165,473201,36,36
473152,473175,473200,25,23
473123,473153,473201,48,30
473129,473167,473201,34,38
473126,473158,473201,43,32
473131,473173,473201,28,42
473125,473156,473202,46,31
473128,473164,473203,39,36
473130,473169,473204,35,39
473123,473151,473204,53,28
473127,473161,473204,43,34
473154,473180,473203,23,26
473123,473152,473204,52,29
473128,473164,473205,41,36
473126,473158,473204,46,32
473120,473145,473205,60,25
473128,473164,473206,42,36
473129,473168,473206,38,39
473129,473168,473206,38,39
473129,473166,473205,39,37
473130,473169,473206,37,39
473125,473156,473207,51,31
473126,473159,473206,47,33
473156,473183,473206,23,27
473130,473169,473206,37,39
473130,473169,473208,39,39
473129,473168,473207,39,39
473157,473186,473208,22,29
473158,473188,473208,20,30
473131,473172,473208,36,41
473154,473180,473208,28,26
473126,473158,473209,51,32
473130,473171,473209,38,41
473130,473168,473209,41,38
473153,473177,473210,33,24
473157,473185,473210,25,28
473126,473158,473211,53,32
473126,473158,473211,53,32
473130,473171,473210,39,41
473159,473189,473210,21,30
473152,473174,473210,36,22
473155,473181,473212,31,26
473130,473171,473212,41,41
473124,473154,473212,58,30
473154,473180,473212,32,26
473131,473173,473213,40,42
473159,473189,473212,23,30
473152,473175,473213,38,23
473154,473180,473213,33,26
473131,473173,473213,40,42
473068,473083,473215,132,15
473127,473160,473214,54,33
473129,473167,473215,48,38
473131,473173,473215,42,42
473131,473172,473215,43,41
473156,473184,473215,31,28
473153,473176,473216,40,23
473152,473174,473216,42,22
473152,473174,473216,42,22
473152,473174,473216,42,22
473156,473183,473216,33,27
473158,473186,473216,30,28
473132,473173,473217,44,41
473161,473194,473217,23,33
473156,473182,473217,35,26
473155,473180,473218,38,25
473161,473193,473219,26,32
473154,473180,473218,38,26
473131,473172,473218,46,41
473160,473192,473219,27,32
473131,473172,473220,48,41
473154,473179,473220,41,25
473160,473190,473221,31,30
473132,473174,473222,48,42
473153,473175,473223,48,22
473153,473176,473224,48,23
473164,473199,473224,25,35
473156,473183,473224,41,27
473160,473191,473225,34,31
473153,473178,473225,47,25
473155,473182,473224,42,27
473161,473193,473226,33,32
473155,473182,473225,43,27
473156,473183,473227,44,27
473158,473187,473227,40,29
473154,473179,473227,48,25
473159,473188,473226,38,29
473155,473181,473227,46,26
473157,473184,473227,43,27
473163,473199,473228,29,36
473165,473201,473228,27,36
473164,473199,473228,29,35
473154,473179,473228,49,25
473157,473185,473228,43,28
473154,473179,473228,49,25
473155,473181,473228,47,26
473162,473195,473229,34,33
473155,473180,473229,49,25
473152,473174,473229,55,22
473155,473181,473229,48,26
473158,473186,473229,43,28
473153,473178,473230,52,25
473166,473204,473230,26,38
473158,473186,473230,44,28
473155,473182,473230,48,27
473153,473177,473232,55,24
473159,473188,473232,44,29
473162,473195,473232,37,33
473157,473185,473232,47,28
473156,473184,473232,48,28
473159,473189,473233,44,30
473169,473211,473233,22,42
473157,473184,473234,50,27
473160,473191,473233,42,31
473153,473176,473234,58,23
473157,473184,473234,50,27
473156,473182,473234,52,26
473159,473188,473234,46,29
473157,473185,473235,50,28
473160,473190,473235,45,30
473161,473193,473235,42,32
473169,473213,473236,23,44
473162,473196,473235,39,34
473161,473193,473236,43,32
473163,473199,473236,37,36
473167,473207,473236,29,40
473167,473208,473236,28,41
473167,473208,473237,29,41
473156,473182,473237,55,26
473158,473188,473237,49,30
473160,473190,473237,47,30
473162,473195,473237,42,33
473163,473198,473238,40,35
473160,473190,473238,48,30
473161,473193,473238,45,32
473165,473204,473238,34,39
473164,473199,473239,40,35
473158,473186,473238,52,28
473158,473187,473239,52,29
473159,473188,473239,51,29
473162,473195,473239,44,33
473162,473196,473240,44,34
473159,473188,473240,52,29
473163,473198,473241,43,35
473168,473209,473241,32,41
473163,473198,473241,43,35
473162,473195,473241,46,33
473164,473201,473242,41,37
473159,473189,473242,53,30
473161,473192,473241,49,31
473168,473211,473242,31,43
473160,473192,473242,50,32
473163,473199,473242,43,36
473160,473191,473242,51,31
473165,473201,473243,42,36
473157,473184,473243,59,27
473160,473189,473243,54,29
473166,473206,473243,37,40
473161,473194,473244,50,33
473171,473217,473244,27,46
473169,473212,473245,33,43
473161,473194,473245,51,33
473168,473210,473245,35,42
473165,473204,473246,42,39
473166,473206,473246,40,40
473167,473207,473246,39,40
473168,473208,473246,38,40
473163,473198,473246,48,35
473162,473196,473247,51,34
473172,473225,473246,21,53
473170,473216,473247,31,46
473169,473213,473247,34,44
473164,473200,473247,47,36
473166,473205,473247,42,39
473165,473202,473247,45,37
473164,473200,473248,48,36
473171,473219,473248,29,48
473162,473196,473248,52,34
473162,473196,473248,52,34
473165,473204,473248,44,39
473167,473207,473249,42,40
473172,473222,473249,27,50
473166,473204,473250,46,38
473166,473206,473249,43,40
473158,473187,473250,63,29
473165,473202,473249,47,37
473172,473220,473249,29,48
473169,473214,473250,36,45
473163,473198,473251,53,35
473164,473200,473251,51,36
473171,473217,473251,34,46
473171,473217,473252,35,46
473167,473206,473251,45,39
473170,473215,473252,37,45
473164,473200,473252,52,36
473168,473209,473253,44,41
473167,473208,473252,44,41
473169,473212,473253,41,43
473169,473213,473253,40,44
473167,473208,473253,45,41
473163,473198,473254,56,35
473166,473206,473254,48,40
473170,473216,473253,37,46
473165,473202,473254,52,37
473166,473205,473254,49,39
473171,473217,473255,38,46
473166,473205,473255,50,39
473170,473216,473255,39,46
473170,473215,473256,41,45
473169,473213,473257,44,44
473195,473231,473256,25,36
473196,473234,473257,23,38
473197,473236,473257,21,39
473168,473210,473256,46,42
473170,473216,473257,41,46
473168,473211,473258,47,43
473170,473216,473257,41,46
473195,473229,473258,29,34
473198,473237,473258,21,39
473170,473214,473258,44,44
473165,473203,473259,56,38
473171,473217,473258,41,46
473168,473211,473259,48,43
473170,473215,473260,45,45
473173,473226,473260,34,53
473194,473228,473260,32,34
473171,473219,473260,41,48
473167,473207,473261,54,40
473164,473199,473261,62,35
473194,473228,473260,32,34
473170,473214,473262,48,44
473172,473220,473261,41,48
473172,473219,473261,42,47
473173,473225,473261,36,52
473167,473207,473262,55,40
473171,473217,473262,45,46
473198,473237,473262,25,39
473194,473228,473262,34,34
473171,473218,473263,45,47
473168,473211,473264,53,43
473198,473238,473264,26,40
473169,473212,473263,51,43
473168,473211,473264,53,43
473195,473230,473265,35,35
473172,473221,473266,45,49
473200,473241,473267,26,41
473173,473225,473268,43,52
473194,473227,473269,42,33
473173,473227,473268,41,54
473171,473218,473269,51,47
473173,473225,473270,45,52
473117,473139,473270,131,22
473193,473227,473270,43,34
473172,473224,473272,48,52
473198,473237,473272,35,39
473172,473222,473273,51,50
473201,473242,473273,31,41
473194,473229,473274,45,35
473173,473225,473274,49,52
473194,473228,473274,46,34
473204,473249,473274,25,45
473195,473230,473275,45,35
473201,473245,473275,30,44
473196,473233,473275,42,37
473196,473231,473276,45,35
473195,473229,473276,47,34
473199,473239,473277,38,40
473172,473224,473277,53,52
473199,473239,473277,38,40
473199,473239,473277,38,40
473200,473242,473278,36,42
473198,473238,473278,40,40
473194,473228,473279,51,34
473197,473236,473279,43,39
473173,473227,473279,52,54
473202,473245,473279,34,43
473195,473229,473279,50,34
473198,473236,473279,43,38
473197,473236,473280,44,39
473195,473230,473280,50,35
473203,473248,473280,32,45
473197,473234,473280,46,37
473196,473232,473281,49,36
473196,473232,473282,50,36
473207,473257,473282,25,50
473195,473230,473283,53,35
473196,473232,473283,51,36
473195,473231,473283,52,36
473204,473250,473283,33,46
473202,473247,473283,36,45
473202,473247,473283,36,45
473203,473247,473283,36,44
473197,473234,473284,50,37
473199,473239,473284,45,40
473194,473227,473284,57,33
473202,473246,473284,38,44
473198,473238,473285,47,40
473199,473239,473285,46,40
473194,473229,473285,56,35
473198,473236,473285,49,38
473210,473262,473285,23,52
473203,473248,473286,38,45
473202,473247,473286,39,45
473200,473241,473287,46,41
473196,473231,473286,55,35
473205,473252,473286,34,47
473203,473247,473287,40,44
473207,473257,473287,30,50
473207,473257,473288,31,50
473196,473234,473287,53,38
473202,473246,473287,41,44
473201,473243,473288,45,42
473197,473235,473288,53,38
473208,473258,473288,30,50
473210,473265,473288,23,55
473199,473238,473288,50,39
473201,473244,473289,45,43
473201,473245,473289,44,44
473209,473261,473290,29,52
473210,473263,473290,27,53
473202,473247,473291,44,45
473208,473259,473290,31,51
473200,473241,473290,49,41
473203,473248,473291,43,45
473196,473233,473291,58,37
473200,473241,473291,50,41
473203,473249,473292,43,46
473205,473252,473291,39,47
473203,473248,473292,44,45
473201,473243,473292,49,42
473202,473246,473292,46,44
473204,473249,473292,43,45
473208,473258,473292,34,50
473198,473238,473292,54,40
473196,473233,473292,59,37
473197,473235,473292,57,38
473210,473262,473293,31,52
473201,473244,473292,48,43
473207,473257,473293,36,50
473201,473242,473293,51,41
473209,473261,473293,32,52
473198,473238,473294,56,40
473199,473240,473293,53,41
473204,473249,473294,45,45
473200,473241,473294,53,41
473201,473244,473294,50,43
473204,473250,473295,45,46
473205,473252,473295,43,47
473204,473251,473295,44,47
473205,473253,473294,41,48
473197,473236,473295,59,39
473202,473247,473295,48,45
473200,473240,473295,55,40
473200,473242,473295,53,42
473210,473265,473295,30,55
473205,473252,473296,44,47
473207,473256,473296,40,49
473201,473242,473296,54,41
473204,473249,473296,47,45
473200,473242,473296,54,42
473203,473248,473297,49,45
473208,473258,473297,39,50
473204,473250,473297,47,46
473204,473250,473297,47,46
473206,473254,473297,43,48
473206,473254,473298,44,48
473199,473240,473298,58,41
473209,473260,473298,38,51
473205,473253,473298,45,48
473200,473242,473298,56,42
473209,473262,473298,36,53
473205,473251,473298,47,46
473211,473268,473299,31,57
473211,473269,473300,31,58
473206,473253,473300,47,47
473197,473235,473300,65,38
473205,473252,473301,49,47
473204,473250,473301,51,46
473213,473275,473301,26,62
473211,473265,473301,36,54
473212,473271,473302,31,59
473205,473253,473302,49,48
473206,473254,473302,48,48
473207,473256,473303,47,49
473203,473248,473303,55,45
473208,473258,473302,44,50
473211,473269,473302,33,58
473206,473255,473303,48,49
473208,473259,473303,44,51
473207,473257,473303,46,50
473209,473261,473304,43,52
473213,473277,473303,26,64
473209,473261,473304,43,52
473206,473254,473304,50,48
473211,473266,473304,38,55
473210,473263,473304,41,53
473213,473276,473304,28,63
473212,473274,473305,31,62
473208,473260,473305,45,52
473210,473262,473305,43,52
473210,473264,473305,41,54
473206,473255,473305,50,49
473208,473259,473305,46,51
473208,473260,473305,45,52
473210,473264,473306,42,54
473212,473273,473306,33,61
473206,473254,473306,52,48
473206,473255,473306,51,49
473207,473257,473307,50,50
473207,473257,473306,49,50
473209,473262,473306,44,53
473212,473273,473307,34,61
473212,473273,473308,35,61
473215,473281,473308,27,66
473214,473280,473308,28,66
473214,473278,473309,31,64
473212,473275,473309,34,63
473214,473280,473309,29,66
473211,473265,473309,44,54
473212,473274,473309,35,62
473211,473269,473310,41,58
473212,473275,473310,35,63
473213,473277,473311,34,64
473215,473281,473312,31,66
473213,473275,473313,38,62
473214,473280,473313,33,66
473215,473281,473313,32,66
473213,473278,473312,34,65
473209,473261,473312,51,52
473209,473262,473313,51,53
473211,473269,473314,45,58
473214,473280,473313,33,66
473213,473276,473314,38,63
473214,473280,473314,34,66
473215,473281,473315,34,66
473211,473270,473315,45,59
473214,473279,473315,36,65
473213,473277,473315,38,64
473215,473282,473316,34,67
473214,473280,473316,36,66
473213,473278,473318,40,65
473214,473278,473318,40,64
473212,473271,473318,47,59
473215,473282,473320,38,67
473913,473913,473921,8,0
473913,473913,473921,8,0
473914,473914,473921,7,0
473915,473915,473921,6,0
473917,473917,473922,5,0
473915,473915,473922,7,0
473913,473913,473922,9,0
473916,473917,473924,7,1
473918,473918,473923,5,0
473913,473913,473923,10,0
473913,473913,473924,11,0
473916,473916,473924,8,0
473916,473916,473925,9,0
473920,473920,473925,5,0
473913,473914,473925,11,1
473916,473916,473925,9,0
473914,473914,473925,11,0
473915,473915,473925,10,0
473916,473916,473926,10,0
473915,473916,473925,9,1
473917,473917,473926,9,0
473918,473918,473927,9,0
473921,473921,473926,5,0
473918,473918,473927,9,0
473915,473915,473927,12,0
473919,473919,473927,8,0
473917,473917,473927,10,0
473918,473918,473926,8,0
473919,473919,473927,8,0
473914,473914,473927,13,0
473923,473923,473927,4,0
473920,473920,473928,8,0
473917,473917,473928,11,0
473916,473916,473927,11,0
473917,473917,473928,11,0
473917,473917,473927,10,0
473917,473917,473928,11,0
473922,473922,473928,6,0
473915,473915,473928,13,0
473913,473913,473928,15,0
473919,473919,473928,9,0
473921,473921,473929,8,0
473914,473914,473929,15,0
473914,473914,473928,14,0
473919,473919,473929,10,0
473919,473919,473928,9,0
473916,473916,473930,14,0
473914,473914,473929,15,0
473920,473920,473929,9,0
473922,473922,473929,7,0
473920,473920,473930,10,0
473917,473917,473929,12,0
473919,473919,473929,10,0
473918,473918,473930,12,0
473925,473925,473930,5,0
473924,473924,473930,6,0
473915,473915,473931,16,0
473918,473918,473930,12,0
473922,473922,473931,9,0
473922,473922,473931,9,0
473921,473921,473931,10,0
473916,473916,473930,14,0
473917,473917,473930,13,0
473913,473913,473931,18,0
473915,473915,473930,15,0
473922,473922,473931,9,0
473921,473921,473931,10,0
473921,473921,473931,10,0
473914,473914,473931,17,0
473915,473915,473931,16,0
473918,473918,473931,13,0
473920,473920,473931,11,0
473920,473920,473932,12,0
473919,473919,473932,13,0
473920,473920,473932,12,0
473921,473921,473931,10,0
473923,473923,473932,9,0
473924,473924,473932,8,0
473923,473923,473932,9,0
473924,473924,473932,8,0
473922,473922,473932,10,0
473919,473919,473932,13,0
473914,473914,473932,18,0
473923,473923,473932,9,0
473922,473922,473933,11,0
473922,473922,473932,10,0
473913,473913,473932,19,0
473924,473924,473933,9,0
473922,473922,473934,12,0
473923,473923,473933,10,0
473923,473923,473933,10,0
473925,473925,473934,9,0
473913,473913,473934,21,0
473923,473924,473934,10,1
473920,473920,473933,13,0
473924,473924,473934,10,0
473918,473918,473934,16,0
473925,473925,473935,10,0
473926,473926,473934,8,0
473928,473928,473935,7,0
473926,473926,473935,9,0
473924,473924,473935,11,0
473925,473925,473935,10,0
473918,473918,473935,17,0
473923,473923,473935,12,0
473919,473919,473935,16,0
473928,473928,473936,8,0
473923,473923,473935,12,0
473925,473925,473935,10,0
473924,473924,473935,11,0
473927,473928,473936,8,1
473927,473927,473936,9,0
473926,473926,473935,9,0
473928,473928,473936,8,0
473929,473929,473936,7,0
473925,473925,473936,11,0
473927,473927,473936,9,0
473929,473929,473936,7,0
473926,473926,473936,10,0
473923,473923,473936,13,0
473927,473927,473937,10,0
473927,473927,473936,9,0
473924,473924,473937,13,0
473925,473925,473937,12,0
473926,473926,473936,10,0
473929,473929,473936,7,0
473926,473926,473937,11,0
473925,473925,473937,12,0
473926,473926,473937,11,0
473926,473926,473938,12,0
473927,473927,473937,10,0
473928,473928,473937,9,0
473932,473932,473937,5,0
473930,473930,473938,8,0
473930,473931,473938,7,1
473930,473930,473938,8,0
473929,473929,473938,9,0
473928,473928,473938,10,0
473928,473928,473938,10,0
473928,473928,473938,10,0
473925,473925,473938,13,0
473931,473931,473939,8,0
473930,473930,473938,8,0
473915,473915,473939,24,0
473927,473927,473939,12,0
473930,473930,473939,9,0
473929,473929,473939,10,0
473927,473927,473940,13,0
473921,473921,473940,19,0
473931,473931,473940,9,0
473931,473931,473940,9,0
473929,473929,473940,11,0
473933,473933,473940,7,0
473930,473930,473940,10,0
473926,473926,473941,15,0
473932,473932,473941,9,0
473927,473927,473941,14,0
473933,473933,473942,9,0
473931,473932,473941,9,1
473924,473924,473941,17,0
473931,473931,473941,10,0
473934,473934,473941,7,0
473929,473929,473942,13,0
473932,473932,473942,10,0
473930,473930,473941,11,0
473934,473934,473942,8,0
473931,473931,473942,11,0
473934,473934,473942,8,0
473930,473930,473942,12,0
473932,473932,473942,10,0
473932,473932,473942,10,0
473933,473933,473942,9,0
473934,473934,473942,8,0
473930,473930,473943,13,0
473934,473934,473943,9,0
473931,473931,473943,12,0
473933,473933,473943,10,0
473916,473916,473943,27,0
473933,473933,473943,10,0
473933,473933,473944,11,0
473932,473932,473943,11,0
473920,473920,473943,23,0
473927,473927,473944,17,0
473929,473929,473944,15,0
473929,473930,473944,14,1
473932,473933,473944,11,1
473934,473934,473944,10,0
473934,473934,473945,11,0
473934,473934,473945,11,0
473933,473933,473946,13,0
473921,473921,473946,25,0
473921,473921,473947,26,0
473928,473929,473946,17,1
473932,473932,473946,14,0
473931,473931,473946,15,0
473932,473932,473948,16,0
473931,473931,473949,18,0
473934,473934,473949,15,0
473933,473933,473949,16,0
473928,473928,473952,24,0
473958,473958,473963,5,0
473959,473959,473965,6,0
473956,473956,473966,10,0
473961,473961,473966,5,0
473955,473955,473967,12,0
473959,473959,473967,8,0
473955,473955,473968,13,0
473957,473957,473968,11,0
473956,473956,473968,12,0
473964,473964,473968,4,0
473957,473957,473968,11,0
473956,473956,473968,12,0
473962,473962,473968,6,0
473955,473955,473968,13,0
473958,473958,473968,10,0
473958,473959,473969,10,1
473955,473955,473968,13,0
473956,473956,473968,12,0
473958,473958,473969,11,0
473960,473960,473969,9,0
473957,473957,473969,12,0
473956,473956,473969,13,0
473955,473955,473969,14,0
473958,473958,473969,11,0
473959,473959,473970,11,0
473955,473955,473969,14,0
473956,473956,473970,14,0
473958,473958,473970,12,0
473958,473958,473970,12,0
473959,473959,473970,11,0
473957,473957,473970,13,0
473955,473955,473971,16,0
473959,473959,473971,12,0
473956,473956,473971,15,0
473960,473960,473970,10,0
473960,473960,473971,11,0
473959,473959,473971,12,0
473960,473960,473971,11,0
473961,473961,473971,10,0
473959,473959,473972,13,0
473957,473957,473972,15,0
473958,473958,473972,14,0
473961,473961,473972,11,0
473962,473962,473971,9,0
473960,473960,473972,12,0
473961,473961,473973,12,0
473963,473963,473972,9,0
473961,473961,473973,12,0
473963,473963,473972,9,0
473957,473957,473972,15,0
473959,473959,473973,14,0
473960,473960,473973,13,0
473962,473962,473973,11,0
473961,473961,473973,12,0
473961,473962,473973,11,1
473955,473955,473974,19,0
473957,473957,473973,16,0
473965,473965,473973,8,0
473964,473964,473974,10,0
473963,473963,473974,11,0
473962,473962,473974,12,0
473963,473963,473974,11,0
473962,473962,473974,12,0
473963,473963,473974,11,0
473964,473964,473974,10,0
473960,473960,473975,15,0
473963,473963,473975,12,0
473963,473963,473975,12,0
473960,473961,473975,14,1
473962,473962,473975,13,0
473964,473964,473976,12,0
473965,473965,473976,11,0
473966,473966,473976,10,0
473960,473960,473975,15,0
473966,473966,473976,10,0
473964,473964,473975,11,0
473958,473958,473975,17,0
473957,473957,473975,18,0
473963,473963,473976,13,0
473965,473965,473976,11,0
473964,473964,473976,12,0
473966,473966,473977,11,0
473956,473956,473976,20,0
473961,473961,473977,16,0
473962,473962,473977,15,0
473964,473964,473977,13,0
473965,473965,473977,12,0
473966,473966,473977,11,0
473966,473966,473977,11,0
473966,473966,473978,12,0
473965,473965,473978,13,0
473956,473956,473978,22,0
473957,473957,473978,21,0
473962,473963,473977,14,1
473963,473964,473977,13,1
473967,473967,473978,11,0
473965,473965,473979,14,0
473966,473966,473978,12,0
473968,473968,473979,11,0
473960,473960,473978,18,0
473969,473969,473978,9,0
473970,473970,473978,8,0
473955,473955,473979,24,0
473964,473964,473979,15,0
473964,473965,473979,14,1
473973,473974,473979,5,1
473967,473967,473979,12,0
473965,473965,473979,14,0
473966,473966,473979,13,0
473968,473969,473980,11,1
473969,473969,473979,10,0
473967,473967,473980,13,0
473972,473973,473979,6,1
473968,473968,473980,12,0
473969,473969,473980,11,0
473972,473972,473980,8,0
473968,473968,473980,12,0
473970,473970,473981,11,0
473967,473968,473981,13,1
473968,473968,473981,13,0
473967,473967,473980,13,0
473967,473967,473981,14,0
473970,473970,473981,11,0
473975,473975,473981,6,0
473968,473968,473981,13,0
473964,473964,473981,17,0
473967,473967,473982,15,0
473971,473971,473981,10,0
473969,473969,473982,13,0
473971,473971,473981,10,0
473972,473972,473982,10,0
473969,473969,473982,13,0
473970,473970,473981,11,0
473965,473966,473982,16,1
473966,473966,473981,15,0
473968,473968,473981,13,0
473965,473965,473982,17,0
473969,473969,473982,13,0
473968,473968,473982,14,0
473973,473973,473982,9,0
473972,473972,473983,11,0
473973,473973,473983,10,0
473967,473967,473982,15,0
473970,473970,473983,13,0
473972,473972,473983,11,0
473974,473974,473983,9,0
473974,473974,473983,9,0
473968,473968,473983,15,0
473971,473971,473983,12,0
473976,473976,473984,8,0
473972,473972,473983,11,0
473969,473969,473984,15,0
473976,473976,473984,8,0
473970,473970,473984,14,0
473972,473972,473984,12,0
473970,473970,473984,14,0
473971,473971,473985,14,0
473973,473973,473985,12,0
473970,473970,473984,14,0
473973,473973,473985,12,0
473971,473971,473986,15,0
473972,473972,473986,14,0
473974,473974,473986,12,0
473958,473958,473986,28,0
473969,473969,473986,17,0
473971,473971,473986,15,0
473972,473972,473986,14,0
473973,473973,473986,13,0
473974,473974,473986,12,0
473973,473973,473986,13,0
473974,473974,473986,12,0
473975,473975,473986,11,0
473973,473973,473987,14,0
473974,473974,473986,12,0
473975,473975,473987,12,0
473970,473970,473987,17,0
473961,473961,473987,26,0
473976,473976,473987,11,0
473969,473969,473987,18,0
473975,473976,473987,11,1
473975,473975,473987,12,0
473975,473975,473987,12,0
473959,473959,473988,29,0
473973,473973,473988,15,0
473976,473976,473988,12,0
473971,473971,473989,18,0
473971,473971,473990,19,0
473975,473975,473989,14,0
473962,473962,473989,27,0
473976,473976,473989,13,0
473975,473975,473989,14,0
473976,473976,473990,14,0
473976,473976,473990,14,0
473971,473971,473992,21,0
473971,473972,473993,21,1
473967,473967,473993,26,0
473974,473974,473995,21,0
473976,473976,473997,21,0
473974,473974,473998,24,0
473999,473999,474005,6,0
474001,474002,474007,5,1
474002,474002,474008,6,0
474005,474005,474009,4,0
474000,474000,474009,9,0
473997,473997,474010,13,0
473996,473997,474011,14,1
474000,474000,474011,11,0
473998,473998,474011,13,0
474000,474000,474012,12,0
473999,473999,474012,13,0
474001,474001,474013,12,0
473998,473998,474013,15,0
474003,474003,474013,10,0
473997,473997,474014,17,0
473997,473997,474013,16,0
473997,473997,474013,16,0
473998,473999,474013,14,1
474000,474000,474014,14,0
474001,474001,474013,12,0
473997,473997,474013,16,0
473999,473999,474013,14,0
473975,473975,474013,38,0
474001,474001,474014,13,0
474000,474000,474015,15,0
474002,474002,474015,13,0
473999,474000,474014,14,1
473998,473998,474014,16,0
473998,473998,474015,17,0
474000,474000,474015,15,0
474003,474004,474015,11,1
474003,474003,474015,12,0
474004,474004,474015,11,0
473997,473997,474016,19,0
474004,474004,474016,12,0
474000,474000,474016,16,0
474001,474001,474016,15,0
474003,474003,474017,14,0
474007,474007,474016,9,0
474001,474001,474017,16,0
473999,473999,474017,18,0
474001,474001,474016,15,0
474002,474002,474017,15,0
474002,474002,474017,15,0
474005,474005,474018,13,0
474002,474002,474017,15,0
473997,473998,474018,20,1
473998,473998,474017,19,0
474000,474000,474018,18,0
474003,474003,474018,15,0
473997,473997,474018,21,0
474003,474003,474019,16,0
473999,473999,474018,19,0
474000,474000,474019,19,0
474001,474001,474018,17,0
474004,474004,474019,15,0
474006,474006,474018,12,0
474004,474004,474019,15,0
474006,474006,474019,13,0
473998,473998,474020,22,0
474002,474002,474020,18,0
474006,474006,474020,14,0
474001,474001,474020,19,0
474007,474007,474020,13,0
474008,474008,474020,12,0
473998,473998,474021,23,0
474006,474006,474020,14,0
474001,474001,474021,20,0
474002,474002,474021,19,0
474004,474004,474021,17,0
474005,474005,474021,16,0
474006,474006,474021,15,0
474005,474005,474022,17,0
473999,473999,474021,22,0
474003,474003,474021,18,0
474003,474003,474021,18,0
474005,474005,474022,17,0
474007,474007,474022,15,0
474013,474013,474023,10,0
474005,474005,474022,17,0
474008,474008,474022,14,0
474003,474003,474023,20,0
474004,474005,474023,18,1
474006,474006,474023,17,0
474010,474010,474023,13,0
473998,473998,474023,25,0
473999,473999,474023,24,0
474008,474008,474023,15,0
474002,474002,474024,22,0
474004,474004,474024,20,0
473999,473999,474024,25,0
474009,474009,474024,15,0
474007,474007,474025,18,0
474008,474008,474024,16,0
474009,474009,474025,16,0
474014,474014,474024,10,0
474010,474010,474025,15,0
474007,474007,474025,18,0
474012,474012,474025,13,0
474004,474004,474025,21,0
474006,474006,474026,20,0
474009,474010,474025,15,1
474009,474009,474025,16,0
474011,474011,474026,15,0
474015,474015,474026,11,0
474012,474012,474026,14,0
474014,474014,474026,12,0
473997,473997,474027,30,0
474016,474016,474027,11,0
474015,474015,474026,11,0
474008,474008,474026,18,0
474005,474005,474027,22,0
474007,474008,474027,19,1
474005,474006,474026,20,1
474012,474012,474027,15,0
474008,474008,474027,19,0
474010,474010,474027,17,0
474012,474013,474027,14,1
474010,474010,474028,18,0
474007,474007,474027,20,0
474012,474012,474028,16,0
474011,474011,474028,17,0
474008,474008,474028,20,0
474010,474010,474028,18,0
474011,474011,474028,17,0
474012,474012,474028,16,0
474014,474014,474028,14,0
474014,474014,474028,14,0
474003,474003,474029,26,0
474004,474004,474028,24,0
474017,474017,474028,11,0
474007,474007,474028,21,0
474011,474011,474029,18,0
474008,474009,474029,20,1
474007,474007,474029,22,0
474009,474009,474029,20,0
474009,474009,474029,20,0
474011,474011,474030,19,0
474012,474012,474029,17,0
474017,474017,474030,13,0
474012,474012,474030,18,0
474009,474009,474029,20,0
474012,474012,474030,18,0
474013,474013,474030,17,0
474014,474014,474030,16,0
474014,474014,474030,16,0
474009,474009,474030,21,0
474013,474013,474030,17,0
474015,474015,474030,15,0
474017,474017,474031,14,0
474011,474012,474030,18,1
474014,474014,474031,17,0
474018,474018,474030,12,0
474010,474010,474031,21,0
474018,474018,474031,13,0
474008,474008,474031,23,0
474015,474015,474030,15,0
474010,474010,474031,21,0
474015,474015,474031,16,0
474013,474013,474031,18,0
474011,474011,474032,21,0
474015,474015,474032,17,0
474016,474016,474032,16,0
474005,474005,474032,27,0
474010,474010,474032,22,0
474006,474006,474032,26,0
474016,474016,474032,16,0
474006,474007,474032,25,1
474017,474017,474032,15,0
474018,474018,474032,14,0
474013,474014,474033,19,1
474015,474015,474033,18,0
474015,474015,474033,18,0
474015,474015,474033,18,0
474016,474016,474033,17,0
474018,474018,474033,15,0
474014,474014,474034,20,0
474013,474013,474034,21,0
474018,474019,474034,15,1
474017,474017,474034,17,0
474016,474016,474034,18,0
474016,474017,474034,17,1
474019,474019,474034,15,0
474018,474018,474034,16,0
474011,474011,474034,23,0
474013,474013,474034,21,0
474014,474014,474035,21,0
474017,474017,474035,18,0
474017,474017,474035,18,0
474009,474009,474035,26,0
474017,474018,474035,17,1
474016,474016,474036,20,0
474018,474018,474036,18,0
474011,474011,474036,25,0
474017,474017,474036,19,0
474018,474018,474036,18,0
474013,474013,474037,24,0
474016,474016,474037,21,0
474016,474016,474038,22,0
474018,474018,474042,24,0
474013,474013,474059,46,0
474051,474051,474059,8,0
474052,474052,474059,7,0
474054,474054,474060,6,0
474048,474048,474061,13,0
474050,474050,474063,13,0
474047,474047,474062,15,0
474050,474050,474062,12,0
474047,474047,474063,16,0
474050,474050,474064,14,0
474054,474054,474065,11,0
474052,474052,474064,12,0
474048,474048,474065,17,0
474048,474048,474065,17,0
474051,474051,474065,14,0
474048,474048,474065,17,0
474051,474051,474065,14,0
474053,474053,474065,12,0
474050,474050,474065,15,0
474053,474053,474065,12,0
474052,474052,474066,14,0
474049,474049,474066,17,0
474051,474051,474067,16,0
474050,474050,474067,17,0
474053,474054,474067,13,1
474049,474049,474066,17,0
474047,474047,474067,20,0
474049,474049,474067,18,0
474049,474049,474067,18,0
474053,474053,474067,14,0
474048,474048,474067,19,0
474049,474049,474067,18,0
474049,474049,474068,19,0
474051,474051,474068,17,0
474056,474056,474068,12,0
474053,474053,474069,16,0
474050,474050,474070,20,0
474051,474051,474070,19,0
474052,474052,474070,18,0
474048,474048,474069,21,0
474055,474055,474069,14,0
474050,474050,474071,21,0
474056,474056,474070,14,0
474051,474051,474071,20,0
474055,474055,474070,15,0
474057,474057,474071,14,0
474048,474048,474071,23,0
474054,474054,474072,18,0
474055,474055,474071,16,0
474052,474052,474071,19,0
474053,474053,474072,19,0
474054,474054,474072,18,0
474055,474055,474072,17,0
474052,474052,474072,20,0
474049,474050,474072,22,1
474048,474048,474072,24,0
474060,474060,474073,13,0
474053,474053,474072,19,0
474052,474052,474073,21,0
474052,474052,474072,20,0
474054,474054,474073,19,0
474058,474058,474073,15,0
474066,474066,474073,7,0
474056,474056,474073,17,0
474050,474050,474074,24,0
474054,474054,474074,20,0
474051,474051,474074,23,0
474053,474053,474074,21,0
474054,474054,474074,20,0
474059,474059,474074,15,0
474063,474063,474075,12,0
474056,474056,474074,18,0
474051,474051,474074,23,0
474057,474057,474074,17,0
474054,474054,474075,21,0
474055,474055,474075,20,0
474047,474047,474076,29,0
474049,474049,474075,26,0
474053,474053,474076,23,0
474055,474055,474075,20,0
474056,474056,474075,19,0
474052,474052,474076,24,0
474057,474057,474076,19,0
474059,474059,474075,16,0
474058,474058,474075,17,0
474056,474056,474076,20,0
474048,474048,474076,28,0
474064,474064,474076,12,0
474054,474054,474076,22,0
474056,474057,474077,20,1
474055,474055,474076,21,0
474063,474063,474077,14,0
474055,474055,474076,21,0
474049,474049,474078,29,0
474057,474057,474078,21,0
474050,474050,474077,27,0
474058,474058,474078,20,0
474056,474056,474078,22,0
474061,474061,474079,18,0
474066,474066,474078,12,0
474057,474057,474078,21,0
474059,474059,474078,19,0
474053,474053,474078,25,0
474058,474058,474079,21,0
474059,474059,474079,20,0
474063,474063,474080,17,0
474055,474056,474079,23,1
474058,474058,474079,21,0
474057,474057,474080,23,0
474062,474062,474080,18,0
474058,474058,474079,21,0
474062,474062,474080,18,0
474060,474060,474080,20,0
474065,474065,474080,15,0
474057,474057,474080,23,0
474068,474068,474080,12,0
474068,474069,474080,11,1
474058,474058,474080,22,0
474062,474062,474081,19,0
474059,474059,474081,22,0
474060,474060,474081,21,0
474060,474060,474081,21,0
474064,474064,474080,16,0
474069,474070,474080,10,1
474059,474059,474081,22,0
474063,474063,474081,18,0
474065,474066,474081,15,1
474061,474061,474081,20,0
474063,474063,474082,19,0
474066,474066,474082,16,0
474063,474063,474082,19,0
474066,474066,474082,16,0
474067,474067,474082,15,0
474055,474055,474082,27,0
474056,474056,474082,26,0
474057,474057,474082,25,0
474068,474068,474082,14,0
474059,474059,474083,24,0
474062,474062,474083,21,0
474060,474060,474082,22,0
474059,474059,474083,24,0
474065,474065,474083,18,0
474067,474067,474083,16,0
474061,474061,474083,22,0
474062,474062,474083,21,0
474068,474068,474083,15,0
474067,474068,474084,16,1
474068,474068,474083,15,0
474062,474062,474084,22,0
474064,474064,474084,20,0
474061,474061,474084,23,0
474063,474063,474084,21,0
474064,474064,474084,20,0
474061,474061,474083,22,0
474067,474067,474084,17,0
474069,474070,474084,14,1
474060,474060,474084,24,0
474067,474067,474084,17,0
474059,474059,474085,26,0
474064,474064,474084,20,0
474058,474058,474085,27,0
474061,474061,474084,23,0
474065,474065,474085,20,0
474062,474062,474085,23,0
474066,474066,474085,19,0
474065,474065,474085,20,0
474067,474067,474085,18,0
474063,474063,474085,22,0
474064,474064,474086,22,0
474066,474066,474086,20,0
474060,474060,474086,26,0
474065,474065,474086,21,0
474068,474068,474085,17,0
474065,474065,474086,21,0
474066,474066,474086,20,0
474069,474070,474086,16,1
474067,474067,474086,19,0
474064,474064,474086,22,0
474065,474065,474086,21,0
474068,474068,474087,19,0
474063,474063,474086,23,0
474060,474060,474086,26,0
474061,474061,474087,26,0
474064,474064,474087,23,0
474065,474065,474087,22,0
474061,474061,474087,26,0
474060,474060,474087,27,0
474067,474067,474088,21,0
474069,474070,474088,18,1
474062,474062,474088,26,0
474061,474061,474089,28,0
474066,474067,474089,22,1
474066,474066,474090,24,0
474068,474068,474090,22,0
474057,474057,474090,33,0
474067,474067,474090,23,0
474064,474064,474091,27,0
474058,474058,474094,36,0
474068,474068,474094,26,0
474062,474062,474098,36,0
474069,474070,474098,28,1
474089,474089,474098,9,0
474092,474092,474100,8,0
474093,474093,474101,8,0
474096,474096,474102,6,0
474093,474093,474105,12,0
474089,474089,474106,17,0
474090,474090,474107,17,0
474091,474091,474107,16,0
474090,474090,474107,17,0
474091,474091,474107,16,0
474093,474093,474107,14,0
474094,474094,474107,13,0
474094,474094,474108,14,0
474090,474091,474108,17,1
474089,474089,474108,19,0
474091,474091,474109,18,0
474092,474092,474108,16,0
474090,474090,474109,19,0
474090,474090,474109,19,0
474093,474093,474109,16,0
474094,474094,474110,16,0
474096,474096,474110,14,0
474091,474091,474110,19,0
474094,474094,474110,16,0
474098,474098,474110,12,0
474091,474091,474110,19,0
474091,474091,474111,20,0
474092,474092,474111,19,0
474092,474092,474110,18,0
474092,474092,474111,19,0
474093,474093,474112,19,0
474097,474097,474111,14,0
474095,474095,474111,16,0
474092,474092,474112,20,0
474096,474096,474112,16,0
474095,474095,474113,18,0
474091,474092,474113,21,1
474092,474092,474113,21,0
474093,474093,474113,20,0
474097,474097,474114,17,0
474098,474098,474113,15,0
474095,474095,474114,19,0
474093,474093,474114,21,0
474093,474093,474115,22,0
474094,474094,474114,20,0
474094,474094,474115,21,0
474097,474097,474115,18,0
474096,474096,474115,19,0
474099,474099,474116,17,0
474095,474095,474116,21,0
474101,474101,474116,15,0
474091,474091,474117,26,0
474098,474099,474117,18,1
474093,474093,474116,23,0
474094,474094,474116,22,0
474095,474095,474117,22,0
474098,474098,474117,19,0
474094,474094,474116,22,0
474095,474095,474117,22,0
474096,474096,474117,21,0
474097,474097,474117,20,0
474090,474090,474118,28,0
474095,474095,474118,23,0
474101,474101,474118,17,0
474098,474098,474118,20,0
474100,474100,474118,18,0
474097,474097,474118,21,0
474097,474097,474119,22,0
474099,474099,474119,20,0
474094,474094,474118,24,0
474095,474095,474118,23,0
474096,474096,474118,22,0
474106,474106,474118,12,0
474108,474108,474119,11,0
474099,474099,474119,20,0
474092,474092,474120,28,0
474099,474099,474119,20,0
474100,474100,474119,19,0
474108,474108,474120,12,0
474103,474103,474120,17,0
474097,474097,474119,22,0
474099,474099,474120,21,0
474102,474102,474120,18,0
474101,474101,474120,19,0
474090,474090,474121,31,0
474091,474091,474120,29,0
474096,474096,474120,24,0
474105,474105,474121,16,0
474097,474097,474121,24,0
474096,474096,474121,25,0
474097,474097,474121,24,0
474100,474100,474121,21,0
474090,474090,474121,31,0
474090,474090,474121,31,0
474098,474098,474121,23,0
474110,474112,474122,10,2
474104,474104,474121,17,0
474108,474108,474122,14,0
474099,474099,474122,23,0
474108,474108,474121,13,0
474100,474100,474122,22,0
474107,474107,474122,15,0
474109,474109,474122,13,0
474103,474103,474123,20,0
474096,474096,474123,27,0
474100,474100,474122,22,0
474102,474103,474123,20,1
474098,474098,474123,25,0
474100,474100,474124,24,0
474101,474101,474123,22,0
474102,474102,474123,21,0
474102,474102,474124,22,0
474105,474105,474123,18,0
474100,474100,474123,23,0
474109,474110,474124,14,1
474100,474100,474124,24,0
474099,474099,474124,25,0
474104,474104,474124,20,0
474103,474103,474124,21,0
474107,474108,474124,16,1
474099,474099,474124,25,0
474100,474100,474125,25,0
474104,474104,474124,20,0
474101,474101,474126,25,0
474102,474102,474125,23,0
474103,474104,474125,21,1
474102,474102,474125,23,0
474101,474101,474125,24,0
474103,474103,474126,23,0
474110,474111,474126,15,1
474106,474106,474126,20,0
474111,474114,474125,11,3
474098,474098,474126,28,0
474105,474105,474126,21,0
474107,474107,474126,19,0
474101,474101,474127,26,0
474103,474103,474127,24,0
474105,474105,474127,22,0
474108,474108,474126,18,0
474108,474108,474126,18,0
474102,474102,474126,24,0
474105,474105,474126,21,0
474099,474099,474127,28,0
474103,474103,474126,23,0
474106,474106,474127,21,0
474109,474110,474126,16,1
474101,474101,474126,25,0
474109,474109,474127,18,0
474109,474110,474127,17,1
474106,474106,474127,21,0
474106,474106,474127,21,0
474104,474104,474127,23,0
474104,474105,474128,23,1
474105,474105,474127,22,0
474109,474109,474128,19,0
474109,474109,474127,18,0
474103,474103,474128,25,0
474104,474104,474127,23,0
474101,474101,474127,26,0
474102,474102,474127,25,0
474102,474102,474128,26,0
474104,474104,474127,23,0
474111,474113,474128,15,2
474109,474109,474128,19,0
474106,474106,474128,22,0
474104,474104,474128,24,0
474103,474103,474128,25,0
474105,474105,474129,24,0
474107,474107,474128,21,0
474109,474109,474128,19,0
474111,474112,474129,17,1
474104,474104,474129,25,0
474106,474106,474129,23,0
474107,474107,474129,22,0
474110,474111,474129,18,1
474105,474105,474129,24,0
474110,474111,474129,18,1
474105,474105,474129,24,0
474107,474107,474130,23,0
474110,474111,474130,19,1
474106,474106,474130,24,0
474107,474107,474130,23,0
474098,474098,474131,33,0
474107,474107,474131,24,0
474110,474111,474131,20,1
474107,474107,474131,24,0
474108,474108,474131,23,0
474111,474112,474131,19,1
474106,474106,474131,25,0
474107,474107,474131,24,0
474111,474113,474132,19,2
474111,474114,474132,18,3
474111,474114,474132,18,3
474110,474112,474132,20,2
474109,474110,474134,24,1
474111,474114,474134,20,3
474108,474108,474135,27,0
474111,474114,474137,23,3
474095,474095,474138,43,0
474110,474111,474143,32,1
474245,474245,474250,5,0
474246,474246,474251,5,0
474246,474246,474251,5,0
474246,474246,474251,5,0
474246,474246,474252,6,0
474245,474245,474252,7,0
474248,474248,474252,4,0
474249,474249,474253,4,0
474245,474245,474252,7,0
474249,474249,474253,4,0
474248,474248,474254,6,0
474249,474249,474254,5,0
474250,474250,474255,5,0
474249,474249,474255,6,0
474248,474248,474255,7,0
474248,474248,474255,7,0
474248,474248,474255,7,0
474248,474248,474255,7,0
474246,474247,474255,8,1
474247,474247,474255,8,0
474247,474247,474255,8,0
474250,474250,474255,5,0
474247,474247,474255,8,0
474247,474247,474255,8,0
474246,474246,474255,9,0
474248,474248,474256,8,0
474251,474251,474256,5,0
474252,474252,474256,4,0
474251,474251,474255,4,0
474246,474246,474256,10,0
474246,474246,474256,10,0
474249,474249,474256,7,0
474250,474250,474257,7,0
474251,474251,474256,5,0
474250,474250,474256,6,0
474253,474253,474257,4,0
474247,474247,474256,9,0
474249,474249,474256,7,0
474251,474252,474257,5,1
474252,474252,474257,5,0
474251,474251,474256,5,0
474251,474251,474257,6,0
474253,474253,474257,4,0
474248,474249,474257,8,1
474250,474250,474257,7,0
474252,474252,474258,6,0
474252,474252,474258,6,0
474249,474249,474258,9,0
474250,474250,474257,7,0
474251,474251,474258,7,0
474252,474252,474257,5,0
474245,474245,474258,13,0
474246,474246,474258,12,0
474248,474248,474259,11,0
474253,474253,474258,5,0
474254,474254,474258,4,0
474251,474251,474258,7,0
474246,474246,474259,13,0
474253,474254,474258,4,1
474254,474254,474259,5,0
474254,474254,474259,5,0
474253,474253,474259,6,0
474255,474255,474259,4,0
474251,474251,474259,8,0
474252,474252,474259,7,0
474254,474254,474260,6,0
474245,474245,474259,14,0
474247,474247,474260,13,0
474254,474254,474260,6,0
474247,474247,474259,12,0
474249,474249,474259,10,0
474254,474254,474260,6,0
474255,474255,474260,5,0
474255,474255,474260,5,0
474253,474253,474260,7,0
474253,474253,474260,7,0
474255,474255,474260,5,0
474256,474256,474260,4,0
474250,474250,474260,10,0
474248,474248,474261,13,0
474252,474252,474260,8,0
474256,474256,474261,5,0
474256,474256,474261,5,0
474254,474254,474260,6,0
474254,474254,474261,7,0
474255,474256,474261,5,1
474255,474255,474262,7,0
474251,474251,474261,10,0
474257,474257,474261,4,0
474252,474253,474261,8,1
474256,474256,474261,5,0
474255,474255,474262,7,0
474253,474253,474262,9,0
474257,474257,474262,5,0
474258,474258,474263,5,0
474253,474253,474262,9,0
474256,474256,474263,7,0
474256,474256,474263,7,0
474258,474258,474263,5,0
474247,474247,474263,16,0
474255,474255,474263,8,0
474255,474255,474264,9,0
474257,474257,474263,6,0
474257,474257,474264,7,0
474259,474259,474264,5,0
474257,474258,474264,6,1
474258,474258,474264,6,0
474260,474260,474264,4,0
474258,474258,474264,6,0
474259,474259,474264,5,0
474250,474250,474264,14,0
474260,474260,474265,5,0
474257,474257,474265,8,0
474258,474259,474266,7,1
474260,474260,474265,5,0
474256,474256,474266,10,0
474258,474258,474266,8,0
474259,474259,474266,7,0
474258,474258,474266,8,0
474260,474260,474266,6,0
474257,474257,474266,9,0
474262,474262,474267,5,0
474261,474261,474267,6,0
474262,474262,474267,5,0
474259,474259,474267,8,0
474261,474261,474266,5,0
474260,474260,474266,6,0
474263,474263,474267,4,0
474256,474256,474266,10,0
474259,474259,474266,7,0
474261,474261,474266,5,0
474259,474259,474267,8,0
474260,474260,474267,7,0
474263,474263,474267,4,0
474260,474260,474268,8,0
474262,474262,474268,6,0
474262,474262,474267,5,0
474263,474263,474268,5,0
474260,474260,474268,8,0
474261,474261,474267,6,0
474260,474261,474268,7,1
474261,474261,474268,7,0
474262,474263,474268,5,1
474257,474257,474269,12,0
474264,474264,474268,4,0
474261,474261,474269,8,0
474263,474263,474269,6,0
474264,474264,474269,5,0
474261,474261,474269,8,0
474265,474265,474269,4,0
474256,474256,474269,13,0
474260,474260,474270,10,0
474263,474263,474270,7,0
474263,474263,474270,7,0
474262,474262,474270,8,0
474262,474262,474270,8,0
474262,474262,474270,8,0
474257,474257,474270,13,0
474259,474259,474270,11,0
474261,474261,474270,9,0
474262,474262,474270,8,0
474262,474262,474270,8,0
474263,474263,474270,7,0
474265,474265,474270,5,0
474266,474266,474270,4,0
474265,474265,474270,5,0
474264,474264,474271,7,0
474264,474264,474271,7,0
474264,474264,474271,7,0
474265,474265,474271,6,0
474263,474263,474271,8,0
474264,474264,474272,8,0
474265,474265,474271,6,0
474265,474265,474271,6,0
474263,474263,474271,8,0
474258,474258,474272,14,0
474266,474266,474271,5,0
474264,474264,474271,7,0
474259,474259,474271,12,0
474266,474266,474271,5,0
474266,474266,474272,6,0
474265,474266,474273,7,1
474265,474265,474272,7,0
474266,474266,474272,6,0
474265,474265,474272,7,0
474264,474264,474272,8,0
474254,474254,474273,19,0
474265,474265,474273,8,0
474266,474266,474273,7,0
474252,474252,474274,22,0
474264,474264,474273,9,0
474266,474266,474274,8,0
474259,474259,474274,15,0
474266,474266,474275,9,0
474266,474266,474275,9,0
474257,474257,474278,21,0
474261,474261,474281,20,0
474250,474250,474285,35,0
474287,474287,474294,7,0
474287,474287,474294,7,0
474290,474290,474294,4,0
474291,474291,474295,4,0
474289,474290,474294,4,1
474289,474289,474296,7,0
474291,474291,474295,4,0
474291,474291,474296,5,0
474258,474258,474296,38,0
474287,474287,474296,9,0
474287,474287,474296,9,0
474288,474289,474297,8,1
474290,474290,474297,7,0
474292,474292,474296,4,0
474290,474290,474297,7,0
474293,474293,474297,4,0
474288,474288,474298,10,0
474289,474289,474298,9,0
474287,474288,474297,9,1
474288,474288,474298,10,0
474288,474288,474298,10,0
474288,474288,474298,10,0
474289,474289,474298,9,0
474290,474290,474298,8,0
474293,474293,474299,6,0
474294,474294,474298,4,0
474290,474290,474298,8,0
474291,474291,474298,7,0
474292,474292,474299,7,0
474292,474292,474298,6,0
474293,474293,474299,6,0
474292,474292,474299,7,0
474295,474295,474299,4,0
474289,474289,474299,10,0
474287,474287,474298,11,0
474294,474294,474299,5,0
474291,474291,474299,8,0
474292,474292,474299,7,0
474295,474295,474299,4,0
474291,474291,474300,9,0
474292,474292,474299,7,0
474290,474290,474300,10,0
474290,474291,474300,9,1
474294,474294,474300,6,0
474291,474291,474299,8,0
474291,474291,474300,9,0
474293,474293,474300,7,0
474289,474289,474300,11,0
474295,474295,474301,6,0
474293,474293,474301,8,0
474296,474297,474301,4,1
474295,474295,474301,6,0
474290,474290,474300,10,0
474292,474292,474301,9,0
474292,474292,474301,9,0
474291,474291,474302,11,0
474294,474294,474301,7,0
474293,474293,474302,9,0
474288,474288,474302,14,0
474295,474295,474301,6,0
474296,474296,474302,6,0
474298,474298,474302,4,0
474296,474296,474303,7,0
474294,474294,474303,9,0
474287,474287,474303,16,0
474290,474290,474302,12,0
474293,474293,474302,9,0
474294,474294,474302,8,0
474295,474296,474302,6,1
474296,474296,474303,7,0
474297,474297,474302,5,0
474289,474289,474302,13,0
474298,474298,474303,5,0
474298,474299,474303,4,1
474297,474298,474303,5,1
474297,474297,474304,7,0
474299,474299,474304,5,0
474287,474287,474303,16,0
474297,474297,474304,7,0
474297,474297,474303,6,0
474288,474288,474304,16,0
474295,474295,474304,9,0
474298,474298,474304,6,0
474298,474298,474304,6,0
474292,474292,474304,12,0
474293,474293,474304,11,0
474296,474296,474304,8,0
474298,474298,474304,6,0
474297,474297,474304,7,0
474298,474298,474304,6,0
474294,474294,474305,11,0
474297,474297,474304,7,0
474300,474300,474305,5,0
474294,474294,474304,10,0
474295,474295,474305,10,0
474296,474296,474304,8,0
474296,474296,474304,8,0
474298,474298,474305,7,0
474288,474288,474305,17,0
474289,474289,474305,16,0
474294,474294,474305,11,0
474289,474289,474305,16,0
474301,474301,474305,4,0
474299,474299,474305,6,0
474295,474295,474306,11,0
474287,474287,474306,19,0
474300,474300,474307,7,0
474299,474299,474307,8,0
474301,474301,474306,5,0
474303,474303,474307,4,0
474299,474299,474307,8,0
474301,474301,474307,6,0
474303,474303,474307,4,0
474288,474288,474307,19,0
474300,474300,474307,7,0
474302,474302,474308,6,0
474303,474304,474308,4,1
474299,474299,474308,9,0
474300,474300,474308,8,0
474300,474301,474308,7,1
474299,474299,474309,10,0
474298,474298,474309,11,0
474299,474299,474309,10,0
474300,474300,474308,8,0
474300,474300,474309,9,0
474302,474302,474309,7,0
474302,474302,474309,7,0
474299,474299,474309,10,0
474301,474301,474309,8,0
474302,474302,474309,7,0
474297,474297,474309,12,0
474302,474302,474310,8,0
474296,474296,474309,13,0
474301,474301,474309,8,0
474302,474303,474309,6,1
474303,474303,474310,7,0
474302,474302,474310,8,0
474300,474300,474309,9,0
474299,474300,474309,9,1
474304,474304,474310,6,0
474302,474302,474310,8,0
474302,474302,474310,8,0
474305,474305,474310,5,0
474305,474305,474310,5,0
474304,474305,474311,6,1
474306,474306,474310,4,0
474306,474306,474311,5,0
474303,474303,474311,8,0
474304,474304,474311,7,0
474301,474301,474311,10,0
474305,474305,474312,7,0
474305,474305,474312,7,0
474306,474306,474312,6,0
474301,474301,474312,11,0
474303,474303,474312,9,0
474308,474308,474312,4,0
474297,474297,474312,15,0
474304,474304,474312,8,0
474306,474306,474313,7,0
474304,474304,474313,9,0
474308,474308,474312,4,0
474305,474305,474313,8,0
474304,474304,474312,8,0
474304,474304,474312,8,0
474307,474307,474312,5,0
474307,474307,474313,6,0
474306,474306,474313,7,0
474308,474308,474314,6,0
474301,474301,474313,12,0
474307,474307,474314,7,0
474307,474307,474314,7,0
474306,474306,474314,8,0
474305,474305,474314,9,0
474308,474308,474314,6,0
474307,474308,474314,6,1
474303,474303,474314,11,0
474306,474306,474314,8,0
474307,474307,474314,7,0
474305,474305,474315,10,0
474308,474308,474315,7,0
474308,474308,474315,7,0
474300,474300,474315,15,0
474307,474307,474315,8,0
474307,474307,474315,8,0
474304,474304,474315,11,0
474305,474305,474315,10,0
474307,474307,474315,8,0
474293,474293,474316,23,0
474308,474308,474316,8,0
474296,474296,474316,20,0
474301,474301,474317,16,0
474307,474307,474317,10,0
474306,474306,474317,11,0
474302,474302,474317,15,0
474303,474303,474317,14,0
474308,474308,474318,10,0
474303,474303,474318,15,0
474305,474305,474317,12,0
474306,474306,474319,13,0
474304,474304,474319,15,0
474255,474255,474321,66,0
474308,474308,474324,16,0
474329,474329,474335,6,0
474331,474332,474336,4,1
474332,474332,474337,5,0
474330,474330,474337,7,0
474332,474332,474337,5,0
474330,474330,474338,8,0
474332,474332,474338,6,0
474334,474334,474338,4,0
474331,474331,474339,8,0
474330,474330,474339,9,0
474332,474332,474339,7,0
474335,474335,474339,4,0
474329,474329,474340,11,0
474331,474331,474340,9,0
474334,474334,474340,6,0
474333,474333,474341,8,0
474333,474333,474340,7,0
474333,474334,474341,7,1
474332,474332,474340,8,0
474333,474333,474341,8,0
474334,474334,474340,6,0
474329,474329,474341,12,0
474330,474330,474341,11,0
474335,474336,474341,5,1
474333,474333,474341,8,0
474331,474331,474342,11,0
474335,474335,474342,7,0
474335,474335,474342,7,0
474333,474333,474342,9,0
474331,474331,474342,11,0
474334,474334,474341,7,0
474330,474330,474342,12,0
474335,474335,474342,7,0
474337,474337,474342,5,0
474331,474331,474342,11,0
474334,474334,474343,9,0
474333,474333,474342,9,0
474336,474336,474342,6,0
474337,474337,474342,5,0
474329,474329,474343,14,0
474335,474335,474343,8,0
474333,474333,474344,11,0
474330,474330,474343,13,0
474336,474336,474344,8,0
474329,474329,474343,14,0
474337,474337,474344,7,0
474332,474332,474343,11,0
474334,474334,474343,9,0
474334,474334,474344,10,0
474336,474337,474344,7,1
474338,474338,474344,6,0
474340,474340,474344,4,0
474335,474335,474344,9,0
474330,474330,474345,15,0
474334,474334,474345,11,0
474338,474338,474344,6,0
474335,474335,474345,10,0
474336,474336,474345,9,0
474337,474337,474346,9,0
474338,474338,474345,7,0
474335,474335,474346,11,0
474338,474338,474346,8,0
474339,474339,474346,7,0
474339,474339,474345,6,0
474337,474337,474346,9,0
474337,474337,474346,9,0
474338,474338,474347,9,0
474333,474333,474346,13,0
474334,474334,474347,13,0
474332,474332,474347,15,0
474337,474337,474346,9,0
474336,474336,474346,10,0
474338,474338,474346,8,0
474329,474329,474346,17,0
474329,474329,474347,18,0
474339,474339,474347,8,0
474330,474330,474346,16,0
474330,474330,474347,17,0
474329,474329,474347,18,0
474339,474339,474347,8,0
474341,474341,474346,5,0
474338,474338,474346,8,0
474332,474332,474347,15,0
474339,474339,474348,9,0
474338,474338,474347,9,0
474338,474339,474348,9,1
474340,474340,474347,7,0
474341,474341,474348,7,0
474329,474329,474348,19,0
474331,474331,474348,17,0
474332,474332,474349,17,0
474335,474335,474348,13,0
474336,474336,474348,12,0
474333,474333,474348,15,0
474341,474341,474348,7,0
474338,474338,474349,11,0
474330,474330,474349,19,0
474331,474331,474349,18,0
474344,474344,474349,5,0
474337,474337,474349,12,0
474337,474337,474349,12,0
474339,474339,474350,11,0
474340,474340,474350,10,0
474341,474341,474350,9,0
474339,474339,474350,11,0
474331,474331,474350,19,0
474341,474341,474350,9,0
474342,474342,474350,8,0
474345,474345,474350,5,0
474343,474343,474351,8,0
474340,474340,474350,10,0
474340,474341,474351,10,1
474336,474336,474351,15,0
474340,474340,474351,11,0
474340,474340,474351,11,0
474343,474343,474351,8,0
474342,474342,474351,9,0
474344,474344,474351,7,0
474343,474343,474351,8,0
474344,474344,474352,8,0
474339,474339,474351,12,0
474341,474341,474352,11,0
474342,474342,474351,9,0
474343,474343,474352,9,0
474341,474341,474352,11,0
474343,474343,474352,9,0
474340,474340,474351,11,0
474345,474345,474352,7,0
474345,474345,474352,7,0
474345,474345,474352,7,0
474346,474346,474352,6,0
474339,474339,474352,13,0
474341,474341,474353,12,0
474342,474342,474352,10,0
474341,474341,474353,12,0
474343,474343,474353,10,0
474348,474348,474353,5,0
474344,474344,474353,9,0
474346,474346,474353,7,0
474336,474336,474353,17,0
474342,474342,474354,12,0
474345,474346,474354,8,1
474342,474342,474353,11,0
474342,474342,474353,11,0
474344,474344,474354,10,0
474346,474346,474354,8,0
474345,474345,474354,9,0
474345,474345,474355,10,0
474346,474346,474354,8,0
474347,474347,474354,7,0
474343,474343,474354,11,0
474347,474347,474354,7,0
474340,474340,474355,15,0
474345,474345,474354,9,0
474348,474348,474355,7,0
474344,474344,474354,10,0
474340,474340,474356,16,0
474347,474347,474355,8,0
474342,474342,474355,13,0
474344,474345,474355,10,1
474344,474344,474355,11,0
474343,474343,474355,12,0
474346,474346,474356,10,0
474347,474347,474356,9,0
474349,474349,474356,7,0
474343,474343,474356,13,0
474344,474344,474356,12,0
474346,474346,474356,10,0
474346,474346,474356,10,0
474347,474347,474356,9,0
474347,474348,474356,8,1
474349,474349,474356,7,0
474348,474348,474357,9,0
474349,474349,474356,7,0
474350,474350,474356,6,0
474348,474348,474356,8,0
474336,474336,474357,21,0
474349,474349,474357,8,0
474350,474350,474357,7,0
474348,474348,474357,9,0
474349,474349,474358,9,0
474349,474349,474358,9,0
474349,474349,474358,9,0
474349,474350,474358,8,1
474346,474346,474358,12,0
474348,474348,474358,10,0
474349,474349,474359,10,0
474349,474349,474358,9,0
474350,474350,474358,8,0
474346,474346,474360,14,0
474348,474348,474359,11,0
474342,474342,474360,18,0
474331,474331,474361,30,0
474345,474345,474361,16,0
474347,474347,474361,14,0
474348,474348,474362,14,0
474347,474347,474362,15,0
474348,474348,474362,14,0
474347,474347,474365,18,0
474344,474344,474369,25,0
474371,474371,474378,7,0
474371,474371,474378,7,0
474371,474371,474379,8,0
474375,474375,474380,5,0
474373,474373,474379,6,0
474376,474376,474381,5,0
474372,474372,474381,9,0
474372,474372,474380,8,0
474370,474370,474381,11,0
474370,474370,474381,11,0
474371,474372,474382,10,1
474373,474373,474382,9,0
474376,474376,474382,6,0
474373,474373,474382,9,0
474375,474375,474382,7,0
474373,474373,474382,9,0
474372,474372,474382,10,0
474374,474374,474383,9,0
474374,474374,474383,9,0
474374,474374,474383,9,0
474374,474374,474384,10,0
474379,474379,474384,5,0
474374,474374,474383,9,0
474376,474376,474384,8,0
474377,474377,474383,6,0
474374,474374,474384,10,0
474371,474371,474384,13,0
474373,474373,474384,11,0
474375,474376,474384,8,1
474375,474375,474384,9,0
474370,474370,474385,15,0
474371,474371,474384,13,0
474375,474375,474384,9,0
474378,474378,474385,7,0
474376,474376,474385,9,0
474373,474373,474386,13,0
474377,474377,474385,8,0
474374,474374,474386,12,0
474375,474375,474385,10,0
474376,474376,474386,10,0
474373,474373,474386,13,0
474379,474379,474386,7,0
474381,474381,474386,5,0
474379,474379,474386,7,0
474380,474380,474386,6,0
474375,474375,474386,11,0
474374,474374,474386,12,0
474375,474375,474387,12,0
474377,474377,474386,9,0
474379,474379,474387,8,0
474372,474372,474387,15,0
474379,474379,474386,7,0
474374,474374,474387,13,0
474377,474377,474387,10,0
474378,474378,474387,9,0
474377,474377,474388,11,0
474378,474378,474387,9,0
474371,474371,474388,17,0
474372,474373,474387,14,1
474378,474378,474387,9,0
474380,474380,474387,7,0
474378,474378,474388,10,0
474376,474376,474388,12,0
474378,474378,474388,10,0
474372,474372,474388,16,0
474375,474375,474388,13,0
474370,474370,474388,18,0
474378,474378,474388,10,0
474377,474377,474389,12,0
474378,474378,474389,11,0
474379,474379,474389,10,0
474371,474371,474390,19,0
474381,474381,474390,9,0
474384,474384,474389,5,0
474380,474380,474389,9,0
474380,474380,474389,9,0
474370,474370,474389,19,0
474373,474373,474390,17,0
474380,474380,474390,10,0
474371,474371,474390,19,0
474380,474380,474391,11,0
474375,474375,474391,16,0
474377,474377,474390,13,0
474378,474378,474391,13,0
474378,474378,474390,12,0
474380,474381,474391,10,1
474379,474380,474391,11,1
474381,474381,474391,10,0
474381,474381,474391,10,0
474372,474372,474391,19,0
474376,474376,474391,15,0
474377,474377,474391,14,0
474382,474382,474392,10,0
474379,474379,474391,12,0
474383,474383,474392,9,0
474383,474383,474392,9,0
474388,474388,474392,4,0
474379,474379,474392,13,0
474381,474381,474392,11,0
474372,474372,474393,21,0
474372,474372,474392,20,0
474377,474377,474393,16,0
474380,474380,474392,12,0
474382,474382,474393,11,0
474385,474385,474392,7,0
474373,474373,474393,20,0
474376,474376,474393,17,0
474384,474384,474393,9,0
474384,474384,474394,10,0
474384,474384,474394,10,0
474381,474381,474393,12,0
474382,474382,474393,11,0
474383,474383,474393,10,0
474384,474385,474394,9,1
474383,474383,474394,11,0
474386,474386,474394,8,0
474371,474371,474394,23,0
474382,474382,474394,12,0
474379,474379,474395,16,0
474383,474383,474394,11,0
474385,474385,474394,9,0
474385,474385,474395,10,0
474387,474387,474395,8,0
474384,474384,474394,10,0
474388,474388,474394,6,0
474387,474387,474395,8,0
474386,474386,474395,9,0
474387,474387,474395,8,0
474381,474381,474395,14,0
474382,474383,474395,12,1
474386,474386,474395,9,0
474383,474383,474396,13,0
474387,474387,474396,9,0
474386,474386,474395,9,0
474384,474384,474395,11,0
474385,474385,474395,10,0
474381,474381,474396,15,0
474385,474385,474396,11,0
474384,474384,474396,12,0
474382,474382,474396,14,0
474385,474385,474396,11,0
474387,474387,474396,9,0
474389,474389,474396,7,0
474390,474390,474397,7,0
474385,474386,474396,10,1
474386,474387,474396,9,1
474388,474388,474397,9,0
474384,474384,474397,13,0
474377,474377,474397,20,0
474385,474385,474397,12,0
474387,474387,474396,9,0
474389,474389,474397,8,0
474387,474387,474397,10,0
474384,474384,474397,13,0
474391,474391,474397,6,0
474386,474386,474397,11,0
474388,474388,474397,9,0
474389,474389,474397,8,0
474387,474387,474398,11,0
474389,474389,474398,9,0
474390,474390,474398,8,0
474385,474385,474398,13,0
474386,474386,474398,12,0
474389,474389,474398,9,0
474389,474389,474399,10,0
474382,474382,474398,16,0
474390,474390,474399,9,0
474390,474390,474399,9,0
474386,474386,474398,12,0
474389,474389,474399,10,0
474386,474386,474399,13,0
474387,474387,474399,12,0
474380,474380,474400,20,0
474390,474390,474399,9,0
474381,474381,474399,18,0
474382,474382,474399,17,0
474390,474390,474400,10,0
474388,474388,474400,12,0
474390,474390,474399,9,0
474390,474390,474399,9,0
474385,474385,474400,15,0
474389,474389,474400,11,0
474391,474391,474401,10,0
474390,474390,474401,11,0
474388,474388,474401,13,0
474391,474391,474401,10,0
474391,474391,474402,11,0
474391,474391,474402,11,0
474391,474391,474402,11,0
474376,474376,474403,27,0
474383,474383,474404,21,0
474391,474391,474404,13,0
474388,474388,474405,17,0
474383,474383,474405,22,0
474391,474391,474405,14,0
474388,474388,474406,18,0
474382,474382,474408,26,0
474391,474391,474410,19,0
474389,474389,474409,20,0
474388,474388,474410,22,0
474412,474412,474418,6,0
474413,474413,474420,7,0
474415,474415,474421,6,0
474412,474412,474421,9,0
474415,474415,474422,7,0
474417,474417,474421,4,0
474412,474412,474422,10,0
474413,474413,474422,9,0
474415,474415,474422,7,0
474416,474416,474423,7,0
474417,474417,474422,5,0
474412,474412,474423,11,0
474413,474413,474423,10,0
474418,474418,474424,6,0
474416,474416,474425,9,0
474414,474414,474424,10,0
474418,474418,474425,7,0
474412,474412,474425,13,0
474413,474413,474425,12,0
474415,474415,474425,10,0
474417,474417,474425,8,0
474416,474416,474425,9,0
474416,474416,474426,10,0
474418,474418,474426,8,0
474419,474419,474427,8,0
474414,474414,474426,12,0
474417,474417,474426,9,0
474421,474421,474427,6,0
474414,474414,474426,12,0
474417,474417,474427,10,0
474415,474415,474427,12,0
474416,474416,474427,11,0
474412,474412,474427,15,0
474420,474420,474427,7,0
474422,474422,474428,6,0
474419,474419,474428,9,0
474416,474416,474427,11,0
474417,474417,474427,10,0
474420,474420,474428,8,0
474413,474413,474428,15,0
474415,474415,474428,13,0
474416,474417,474428,11,1
474419,474419,474428,9,0
474420,474420,474428,8,0
474419,474419,474428,9,0
474419,474419,474429,10,0
474418,474418,474429,11,0
474418,474418,474428,10,0
474418,474419,474428,9,1
474419,474419,474428,9,0
474421,474421,474429,8,0
474415,474415,474429,14,0
474417,474417,474429,12,0
474418,474418,474429,11,0
474413,474413,474429,16,0
474413,474413,474430,17,0
474420,474420,474430,10,0
474414,474414,474430,16,0
474416,474416,474430,14,0
474421,474421,474430,9,0
474414,474414,474430,16,0
474419,474419,474430,11,0
474420,474420,474430,10,0
474414,474414,474430,16,0
474414,474414,474431,17,0
474416,474416,474430,14,0
474420,474420,474431,11,0
474422,474422,474432,10,0
474415,474415,474431,16,0
474419,474419,474431,12,0
474420,474420,474432,12,0
474422,474422,474432,10,0
474425,474425,474432,7,0
474414,474414,474432,18,0
474421,474421,474432,11,0
474423,474423,474433,10,0
474416,474416,474433,17,0
474417,474417,474432,15,0
474418,474418,474432,14,0
474422,474422,474433,11,0
474423,474423,474432,9,0
474426,474426,474432,6,0
474412,474412,474433,21,0
474414,474414,474433,19,0
474422,474422,474433,11,0
474423,474423,474433,10,0
474422,474422,474433,11,0
474424,474424,474433,9,0
474424,474424,474433,9,0
474415,474415,474434,19,0
474424,474424,474433,9,0
474429,474429,474433,4,0
474422,474422,474433,11,0
474423,474423,474434,11,0
474417,474417,474434,17,0
474423,474423,474434,11,0
474426,474426,474435,9,0
474426,474427,474434,7,1
474423,474423,474435,12,0
474420,474420,474434,14,0
474421,474421,474434,13,0
474421,474421,474435,14,0
474422,474422,474435,13,0
474423,474423,474435,12,0
474423,474423,474434,11,0
474424,474424,474435,11,0
474425,474425,474435,10,0
474418,474418,474436,18,0
474425,474425,474435,10,0
474426,474426,474435,9,0
474422,474423,474436,13,1
474418,474418,474436,18,0
474421,474421,474435,14,0
474421,474421,474435,14,0
474430,474430,474436,6,0
474428,474428,474435,7,0
474427,474427,474436,9,0
474424,474424,474436,12,0
474412,474412,474436,24,0
474413,474413,474436,23,0
474413,474413,474436,23,0
474424,474425,474436,11,1
474425,474425,474436,11,0
474426,474426,474437,11,0
474426,474426,474437,11,0
474425,474425,474436,11,0
474427,474427,474437,10,0
474428,474429,474437,8,1
474419,474419,474436,17,0
474420,474420,474436,16,0
474422,474422,474436,14,0
474429,474429,474436,7,0
474424,474424,474437,13,0
474429,474429,474437,8,0
474429,474429,474438,9,0
474424,474424,474437,13,0
474423,474423,474437,14,0
474412,474412,474438,26,0
474427,474427,474438,11,0
474430,474430,474439,9,0
474425,474425,474438,13,0
474426,474426,474439,13,0
474427,474427,474439,12,0
474429,474429,474439,10,0
474427,474427,474439,12,0
474428,474428,474439,11,0
474430,474430,474439,9,0
474427,474427,474440,13,0
474428,474428,474439,11,0
474431,474431,474439,8,0
474428,474428,474439,11,0
474427,474427,474439,12,0
474430,474430,474439,9,0
474433,474433,474440,7,0
474428,474428,474440,12,0
474425,474425,474439,14,0
474428,474428,474440,12,0
474428,474428,474440,12,0
474431,474431,474440,9,0
474431,474431,474440,9,0
474429,474429,474440,11,0
474426,474426,474441,15,0
474431,474431,474440,9,0
474431,474431,474441,10,0
474427,474427,474440,13,0
474429,474429,474440,11,0
474424,474424,474441,17,0
474426,474426,474441,15,0
474433,474433,474441,8,0
474428,474428,474441,13,0
474430,474430,474441,11,0
474432,474432,474442,10,0
474427,474428,474442,14,1
474430,474430,474442,12,0
474430,474430,474443,13,0
474432,474432,474442,10,0
474429,474430,474443,13,1
474425,474425,474443,18,0
474430,474431,474443,12,1
474431,474431,474443,12,0
474429,474429,474443,14,0
474433,474433,474443,10,0
474432,474432,474443,11,0
474433,474433,474443,10,0
474432,474432,474444,12,0
474432,474432,474444,12,0
474433,474433,474444,11,0
474432,474432,474445,13,0
474433,474433,474445,12,0
474432,474433,474445,12,1
474433,474433,474446,13,0
474428,474428,474447,19,0
474431,474431,474447,16,0
474421,474421,474448,27,0
474432,474432,474450,18,0
474430,474430,474450,20,0
474425,474426,474452,26,1
474431,474432,474452,20,1
474431,474431,474453,22,0
474432,474432,474456,24,0
475494,475494,475496,2,0
475494,475494,475496,2,0
475494,475494,475496,2,0
485854,485854,485858,4,0
485854,485854,485858,4,0
485853,485854,485858,4,1
485853,485854,485858,4,1
485854,485854,485858,4,0
485855,485855,485859,4,0
485854,485854,485859,5,0
485853,485854,485859,5,1
485854,485854,485858,4,0
485855,485855,485858,3,0
485854,485854,485859,5,0
485854,485855,485859,4,1
485853,485854,485859,5,1
485856,485856,485860,4,0
485853,485854,485860,6,1
485855,485855,485860,5,0
485853,485854,485860,6,1
485856,485856,485860,4,0
485853,485854,485860,6,1
485856,485856,485861,5,0
485854,485854,485861,7,0
485856,485856,485861,5,0
485853,485854,485860,6,1
485855,485855,485860,5,0
485857,485857,485861,4,0
485853,485854,485861,7,1
485855,485856,485861,5,1
485857,485857,485861,4,0
485857,485857,485861,4,0
485857,485857,485862,5,0
485857,485857,485861,4,0
485859,485859,485862,3,0
485858,485858,485861,3,0
485857,485857,485862,5,0
485856,485856,485862,6,0
485857,485857,485862,5,0
485858,485858,485862,4,0
485856,485856,485862,6,0
485858,485858,485862,4,0
485859,485859,485863,4,0
485856,485856,485863,7,0
485854,485854,485863,9,0
485859,485859,485863,4,0
485855,485855,485863,8,0
485859,485859,485863,4,0
485859,485859,485863,4,0
485858,485858,485863,5,0
485860,485860,485863,3,0
485856,485856,485864,8,0
485858,485858,485863,5,0
485854,485854,485863,9,0
485857,485857,485864,7,0
485860,485860,485864,4,0
485857,485857,485864,7,0
485860,485860,485864,4,0
485859,485859,485864,5,0
485861,485861,485865,4,0
485860,485860,485864,4,0
485859,485859,485865,6,0
485860,485860,485865,5,0
485858,485858,485865,7,0
485860,485860,485865,5,0
485860,485860,485864,4,0
485859,485859,485864,5,0
485862,485862,485865,3,0
485861,485861,485866,5,0
485858,485858,485865,7,0
485860,485860,485866,6,0
485861,485861,485866,5,0
485855,485855,485865,10,0
485861,485861,485866,5,0
485858,485858,485866,8,0
485859,485859,485866,7,0
485861,485861,485866,5,0
485862,485862,485867,5,0
485855,485855,485866,11,0
485860,485860,485866,6,0
485862,485862,485867,5,0
485862,485862,485866,4,0
485862,485862,485867,5,0
485862,485862,485867,5,0
485864,485864,485868,4,0
485858,485858,485867,9,0
485861,485861,485867,6,0
485862,485862,485867,5,0
485855,485855,485867,12,0
485863,485863,485867,4,0
485862,485862,485867,5,0
485863,485863,485868,5,0
485864,485864,485868,4,0
485861,485861,485868,7,0
485864,485864,485868,4,0
485864,485864,485868,4,0
485860,485861,485868,7,1
485865,485865,485868,3,0
485863,485863,485869,6,0
485863,485863,485869,6,0
485864,485864,485869,5,0
485865,485865,485869,4,0
485865,485865,485869,4,0
485865,485865,485869,4,0
485863,485863,485870,7,0
485865,485865,485870,5,0
485864,485864,485869,5,0
485865,485865,485870,5,0
485865,485866,485869,3,1
485861,485861,485869,8,0
485864,485864,485870,6,0
485863,485863,485870,7,0
485864,485864,485870,6,0
485862,485862,485870,8,0
485863,485863,485870,7,0
485865,485865,485870,5,0
485865,485866,485870,4,1
485866,485867,485871,4,1
485866,485866,485870,4,0
485863,485863,485870,7,0
485866,485866,485871,5,0
485866,485866,485871,5,0
485867,485868,485871,3,1
485866,485866,485871,5,0
485866,485866,485871,5,0
485866,485866,485872,6,0
485867,485867,485872,5,0
485867,485867,485871,4,0
485863,485863,485871,8,0
485864,485864,485872,8,0
485867,485867,485872,5,0
485867,485867,485872,5,0
485869,485869,485872,3,0
485865,485865,485872,7,0
485868,485868,485872,4,0
485868,485869,485872,3,1
485868,485868,485872,4,0
485868,485868,485872,4,0
485867,485867,485873,6,0
485868,485868,485873,5,0
485867,485867,485873,6,0
485866,485866,485873,7,0
485870,485870,485873,3,0
485867,485867,485873,6,0
485868,485868,485873,5,0
485869,485869,485874,5,0
485870,485870,485874,4,0
485869,485869,485874,5,0
485869,485869,485874,5,0
485870,485870,485874,4,0
485869,485869,485874,5,0
485868,485868,485874,6,0
485869,485869,485874,5,0
485868,485868,485875,7,0
485869,485869,485874,5,0
485869,485869,485874,5,0
485871,485872,485875,3,1
485870,485870,485875,5,0
485871,485871,485875,4,0
485872,485872,485875,3,0
485867,485867,485875,8,0
485870,485870,485875,5,0
485870,485870,485875,5,0
485872,485872,485876,4,0
485871,485871,485876,5,0
485868,485868,485876,8,0
485870,485870,485876,6,0
485872,485872,485876,4,0
485870,485871,485877,6,1
485872,485872,485877,5,0
485873,485873,485877,4,0
485873,485873,485877,4,0
485872,485872,485877,5,0
485871,485871,485877,6,0
485873,485873,485877,4,0
485869,485869,485877,8,0
485874,485874,485877,3,0
485870,485870,485877,7,0
485872,485872,485877,5,0
485873,485873,485877,4,0
485871,485871,485877,6,0
485871,485871,485878,7,0
485874,485874,485878,4,0
485866,485866,485878,12,0
485874,485874,485878,4,0
485874,485874,485878,4,0
485872,485872,485879,7,0
485874,485874,485878,4,0
485874,485874,485879,5,0
485872,485872,485879,7,0
485874,485874,485879,5,0
485873,485873,485879,6,0
485871,485871,485879,8,0
485875,485875,485879,4,0
485871,485871,485879,8,0
485873,485873,485879,6,0
485873,485873,485880,7,0
485873,485873,485880,7,0
485874,485874,485880,6,0
485874,485874,485880,6,0
485870,485870,485881,11,0
485871,485871,485881,10,0
485873,485873,485882,9,0
485895,485895,485899,4,0
485895,485895,485899,4,0
485895,485896,485900,4,1
485896,485896,485901,5,0
485895,485895,485900,5,0
485896,485896,485901,5,0
485895,485895,485901,6,0
485897,485897,485901,4,0
485896,485896,485901,5,0
485896,485897,485901,4,1
485898,485898,485902,4,0
485895,485895,485902,7,0
485896,485896,485902,6,0
485899,485899,485902,3,0
485895,485895,485902,7,0
485898,485898,485902,4,0
485898,485898,485903,5,0
485897,485897,485903,6,0
485896,485896,485903,7,0
485898,485898,485903,5,0
485898,485898,485904,6,0
485897,485897,485903,6,0
485897,485897,485903,6,0
485896,485896,485903,7,0
485897,485897,485904,7,0
485897,485897,485904,7,0
485896,485896,485904,8,0
485898,485898,485904,6,0
485899,485899,485904,5,0
485899,485899,485904,5,0
485900,485900,485905,5,0
485898,485899,485905,6,1
485899,485899,485905,6,0
485901,485901,485905,4,0
485900,485900,485904,4,0
485901,485901,485905,4,0
485900,485900,485905,5,0
485901,485901,485905,4,0
485900,485900,485906,6,0
485896,485896,485906,10,0
485901,485901,485906,5,0
485897,485897,485906,9,0
485899,485899,485906,7,0
485895,485895,485906,11,0
485903,485903,485907,4,0
485897,485897,485907,10,0
485901,485901,485906,5,0
485902,485902,485906,4,0
485901,485901,485907,6,0
485900,485900,485906,6,0
485897,485898,485906,8,1
485900,485900,485907,7,0
485899,485899,485907,8,0
485900,485900,485907,7,0
485903,485903,485907,4,0
485899,485899,485907,8,0
485898,485898,485907,9,0
485899,485899,485908,9,0
485902,485902,485907,5,0
485898,485898,485907,9,0
485900,485901,485907,6,1
485902,485902,485908,6,0
485902,485902,485907,5,0
485902,485902,485908,6,0
485901,485901,485907,6,0
485904,485904,485908,4,0
485902,485902,485908,6,0
485901,485901,485908,7,0
485904,485904,485909,5,0
485903,485903,485908,5,0
485898,485898,485908,10,0
485902,485902,485908,6,0
485903,485903,485909,6,0
485901,485902,485908,6,1
485902,485902,485909,7,0
485900,485900,485908,8,0
485906,485906,485909,3,0
485899,485899,485908,9,0
485900,485900,485909,9,0
485904,485904,485909,5,0
485904,485904,485910,6,0
485906,485906,485910,4,0
485905,485905,485909,4,0
485903,485903,485910,7,0
485904,485904,485910,6,0
485903,485903,485910,7,0
485904,485904,485910,6,0
485903,485903,485910,7,0
485903,485903,485911,8,0
485906,485906,485911,5,0
485905,485905,485911,6,0
485904,485904,485911,7,0
485905,485905,485910,5,0
485905,485905,485910,5,0
485906,485906,485911,5,0
485906,485906,485910,4,0
485905,485905,485911,6,0
485906,485906,485911,5,0
485907,485907,485912,5,0
485904,485904,485911,7,0
485904,485904,485912,8,0
485906,485906,485912,6,0
485909,485909,485912,3,0
485905,485905,485913,8,0
485907,485907,485913,6,0
485906,485906,485912,6,0
485907,485907,485913,6,0
485905,485905,485914,9,0
485904,485905,485913,8,1
485909,485909,485914,5,0
485906,485907,485913,6,1
485909,485909,485913,4,0
485908,485908,485914,6,0
485909,485909,485914,5,0
485911,485911,485914,3,0
485907,485907,485915,8,0
485909,485909,485914,5,0
485910,485910,485915,5,0
485908,485908,485915,7,0
485907,485907,485915,8,0
485908,485908,485915,7,0
485903,485903,485915,12,0
485908,485908,485915,7,0
485912,485912,485916,4,0
485908,485908,485916,8,0
485908,485909,485915,6,1
485909,485909,485915,6,0
485910,485910,485916,6,0
485912,485912,485916,4,0
485910,485910,485916,6,0
485908,485908,485916,8,0
485911,485911,485916,5,0
485902,485902,485916,14,0
485905,485905,485916,11,0
485909,485909,485916,7,0
485910,485910,485916,6,0
485911,485911,485916,5,0
485911,485911,485916,5,0
485908,485908,485916,8,0
485910,485910,485917,7,0
485911,485911,485917,6,0
485907,485907,485916,9,0
485911,485911,485917,6,0
485912,485912,485917,5,0
485912,485912,485917,5,0
485909,485909,485917,8,0
485911,485911,485917,6,0
485911,485911,485917,6,0
485913,485913,485918,5,0
485908,485908,485917,9,0
485912,485912,485917,5,0
485914,485914,485918,4,0
485910,485910,485917,7,0
485912,485912,485917,5,0
485913,485913,485918,5,0
485910,485910,485918,8,0
485911,485911,485918,7,0
485913,485913,485918,5,0
485915,485915,485918,3,0
485906,485906,485919,13,0
485912,485912,485918,6,0
485912,485912,485918,6,0
485913,485913,485919,6,0
485914,485914,485919,5,0
485915,485915,485919,4,0
485914,485914,485919,5,0
485909,485909,485919,10,0
485913,485913,485919,6,0
485907,485907,485919,12,0
485914,485914,485919,5,0
485914,485914,485919,5,0
485912,485912,485919,7,0
485913,485913,485919,6,0
485915,485915,485920,5,0
485913,485913,485920,7,0
485914,485914,485920,6,0
485915,485915,485920,5,0
485913,485913,485921,8,0
485913,485913,485920,7,0
485912,485912,485920,8,0
485916,485916,485921,5,0
485914,485914,485921,7,0
485915,485915,485921,6,0
485916,485916,485921,5,0
485915,485915,485921,6,0
485910,485910,485922,12,0
485915,485915,485921,6,0
485916,485916,485922,6,0
485915,485915,485921,6,0
485916,485916,485922,6,0
485910,485911,485923,12,1
485916,485916,485923,7,0
485916,485916,485923,7,0
485916,485916,485922,6,0
485916,485917,485923,6,1
485914,485914,485923,9,0
485916,485916,485923,7,0
485915,485916,485925,9,1
485914,485914,485926,12,0
485905,485905,485928,23,0
485938,485938,485942,4,0
485937,485937,485943,6,0
485939,485939,485944,5,0
485937,485937,485944,7,0
485938,485938,485944,6,0
485940,485940,485944,4,0
485938,485938,485944,6,0
485937,485937,485945,8,0
485937,485937,485945,8,0
485938,485938,485945,7,0
485937,485937,485945,8,0
485938,485938,485945,7,0
485940,485940,485945,5,0
485939,485939,485946,7,0
485940,485940,485946,6,0
485941,485941,485946,5,0
485938,485938,485946,8,0
485941,485941,485947,6,0
485938,485938,485946,8,0
485940,485940,485946,6,0
485939,485939,485946,7,0
485942,485942,485947,5,0
485938,485938,485947,9,0
485940,485941,485947,6,1
485942,485942,485947,5,0
485941,485942,485948,6,1
485943,485943,485947,4,0
485937,485937,485948,11,0
485940,485940,485947,7,0
485939,485939,485947,8,0
485942,485942,485948,6,0
485942,485942,485948,6,0
485943,485943,485948,5,0
485940,485940,485948,8,0
485942,485942,485948,6,0
485939,485939,485948,9,0
485941,485941,485949,8,0
485940,485940,485948,8,0
485944,485944,485949,5,0
485942,485942,485948,6,0
485937,485937,485949,12,0
485942,485942,485948,6,0
485945,485945,485949,4,0
485943,485943,485950,7,0
485942,485942,485949,7,0
485943,485943,485949,6,0
485943,485943,485949,6,0
485942,485942,485949,7,0
485944,485944,485949,5,0
485943,485943,485950,7,0
485941,485941,485950,9,0
485945,485945,485950,5,0
485937,485937,485949,12,0
485939,485939,485950,11,0
485939,485939,485950,11,0
485944,485944,485951,7,0
485939,485939,485950,11,0
485941,485941,485950,9,0
485941,485941,485950,9,0
485943,485943,485950,7,0
485945,485945,485951,6,0
485940,485940,485951,11,0
485945,485945,485951,6,0
485945,485945,485951,6,0
485943,485943,485952,9,0
485946,485946,485951,5,0
485937,485937,485951,14,0
485939,485939,485951,12,0
485945,485945,485952,7,0
485944,485944,485952,8,0
485941,485941,485952,11,0
485945,485945,485952,7,0
485949,485949,485952,3,0
485944,485944,485953,9,0
485945,485945,485952,7,0
485938,485938,485952,14,0
485943,485943,485952,9,0
485944,485944,485952,8,0
485944,485944,485953,9,0
485947,485947,485953,6,0
485947,485947,485953,6,0
485948,485948,485953,5,0
485946,485946,485953,7,0
485940,485940,485953,13,0
485945,485946,485954,8,1
485946,485946,485953,7,0
485949,485949,485953,4,0
485944,485944,485953,9,0
485947,485947,485954,7,0
485944,485944,485953,9,0
485949,485949,485954,5,0
485945,485945,485953,8,0
485946,485947,485954,7,1
485948,485948,485955,7,0
485948,485948,485954,6,0
485941,485941,485954,13,0
485947,485947,485955,8,0
485948,485948,485954,6,0
485947,485947,485955,8,0
485947,485947,485955,8,0
485951,485951,485955,4,0
485946,485946,485954,8,0
485947,485947,485955,8,0
485948,485948,485955,7,0
485946,485946,485955,9,0
485951,485951,485956,5,0
485946,485946,485956,10,0
485947,485947,485955,8,0
485948,485948,485956,8,0
485950,485950,485955,5,0
485952,485952,485956,4,0
485949,485949,485956,7,0
485950,485950,485956,6,0
485952,485952,485955,3,0
485948,485948,485956,8,0
485949,485949,485956,7,0
485949,485949,485956,7,0
485948,485948,485956,8,0
485943,485943,485957,14,0
485950,485950,485957,7,0
485946,485946,485957,11,0
485950,485950,485957,7,0
485953,485953,485958,5,0
485950,485950,485957,7,0
485948,485948,485958,10,0
485952,485952,485958,6,0
485950,485950,485958,8,0
485951,485951,485958,7,0
485951,485952,485959,7,1
485953,485953,485958,5,0
485954,485954,485958,4,0
485949,485949,485959,10,0
485950,485950,485959,9,0
485951,485951,485959,8,0
485949,485949,485959,10,0
485954,485954,485959,5,0
485947,485947,485959,12,0
485952,485952,485959,7,0
485954,485954,485960,6,0
485955,485955,485960,5,0
485955,485956,485959,3,1
485953,485953,485960,7,0
485950,485950,485959,9,0
485946,485946,485960,14,0
485951,485951,485960,9,0
485952,485952,485959,7,0
485954,485954,485960,6,0
485950,485950,485960,10,0
485953,485953,485961,8,0
485954,485954,485960,6,0
485951,485951,485961,10,0
485953,485953,485961,8,0
485952,485952,485960,8,0
485953,485953,485961,8,0
485952,485952,485961,9,0
485952,485952,485962,10,0
485955,485955,485962,7,0
485951,485951,485961,10,0
485953,485953,485961,8,0
485955,485955,485962,7,0
485954,485954,485961,7,0
485956,485956,485962,6,0
485949,485949,485962,13,0
485955,485955,485962,7,0
485956,485956,485962,6,0
485958,485958,485963,5,0
485948,485948,485963,15,0
485950,485950,485963,13,0
485956,485956,485963,7,0
485956,485956,485962,6,0
485955,485955,485962,7,0
485955,485955,485963,8,0
485957,485957,485963,6,0
485949,485949,485963,14,0
485956,485956,485964,8,0
485957,485957,485963,6,0
485955,485955,485964,9,0
485957,485957,485963,6,0
485957,485957,485963,6,0
485954,485954,485964,10,0
485957,485957,485964,7,0
485955,485955,485964,9,0
485957,485957,485964,7,0
485954,485954,485964,10,0
485957,485957,485964,7,0
485956,485956,485964,8,0
485951,485951,485965,14,0
485957,485957,485964,7,0
485956,485956,485964,8,0
485956,485956,485965,9,0
485951,485951,485965,14,0
485957,485957,485965,8,0
485958,485958,485965,7,0
485952,485953,485967,14,1
485957,485957,485966,9,0
485953,485953,485966,13,0
485954,485954,485967,13,0
485958,485958,485967,9,0
485953,485953,485967,14,0
485955,485955,485968,13,0
485994,485994,485999,5,0
485995,485995,486001,6,0
485996,485996,486001,5,0
485996,485996,486001,5,0
485998,485998,486002,4,0
485995,485995,486001,6,0
485996,485996,486003,7,0
485995,485995,486003,8,0
485994,485994,486003,9,0
485995,485995,486002,7,0
485996,485996,486003,7,0
485997,485997,486003,6,0
485999,485999,486003,4,0
485996,485996,486004,8,0
485995,485995,486004,9,0
486000,486000,486004,4,0
485998,485999,486005,6,1
485995,485995,486004,9,0
485997,485997,486004,7,0
485998,485998,486005,7,0
485995,485995,486005,10,0
486000,486000,486005,5,0
485998,485998,486006,8,0
485997,485997,486005,8,0
485994,485994,486005,11,0
485998,485998,486005,7,0
485997,485997,486006,9,0
485997,485997,486006,9,0
486003,486003,486006,3,0
485998,485998,486006,8,0
485995,485995,486006,11,0
485996,485996,486007,11,0
485997,485997,486006,9,0
485999,485999,486006,7,0
485996,485996,486007,11,0
485997,485997,486007,10,0
486003,486003,486007,4,0
486001,486001,486007,6,0
485998,485998,486007,9,0
485999,485999,486007,8,0
486000,486001,486007,6,1
485999,485999,486008,9,0
486001,486001,486007,6,0
485998,485998,486008,10,0
486000,486000,486007,7,0
485999,485999,486008,9,0
486000,486000,486008,8,0
486001,486001,486007,6,0
485999,485999,486008,9,0
485999,485999,486008,9,0
486000,486000,486008,8,0
486000,486000,486009,9,0
485999,485999,486009,10,0
486005,486005,486009,4,0
486003,486003,486009,6,0
485996,485997,486009,12,1
485994,485994,486009,15,0
485995,485995,486009,14,0
486001,486001,486009,8,0
486002,486002,486010,8,0
485998,485998,486010,12,0
486001,486001,486010,9,0
486002,486002,486010,8,0
486002,486002,486010,8,0
486004,486004,486010,6,0
486000,486000,486009,9,0
486000,486000,486009,9,0
486002,486002,486010,8,0
486002,486002,486010,8,0
486005,486005,486010,5,0
486001,486002,486010,8,1
486002,486002,486010,8,0
486004,486004,486010,6,0
486002,486002,486011,9,0
485997,485997,486010,13,0
486003,486003,486010,7,0
485996,485996,486010,14,0
486000,486000,486011,11,0
486001,486001,486011,10,0
486007,486007,486011,4,0
485994,485994,486012,18,0
486006,486006,486011,5,0
486004,486004,486012,8,0
485996,485996,486012,16,0
485998,485998,486012,14,0
486005,486005,486012,7,0
486006,486006,486012,6,0
486008,486008,486012,4,0
486001,486001,486013,12,0
486002,486002,486013,11,0
486003,486003,486013,10,0
486004,486004,486013,9,0
486003,486003,486013,10,0
486004,486005,486013,8,1
486006,486006,486013,7,0
486008,486008,486013,5,0
486007,486007,486013,6,0
486004,486004,486013,9,0
486003,486004,486014,10,1
486009,486009,486013,4,0
486003,486003,486013,10,0
486004,486004,486013,9,0
486007,486007,486014,7,0
486003,486003,486014,11,0
486004,486004,486014,10,0
486006,486006,486015,9,0
485997,485998,486014,16,1
486006,486006,486015,9,0
486001,486001,486015,14,0
486005,486005,486014,9,0
486007,486007,486015,8,0
486005,486005,486015,10,0
486004,486004,486015,11,0
486008,486008,486016,8,0
486008,486008,486016,8,0
486009,486009,486015,6,0
486005,486005,486016,11,0
486008,486008,486016,8,0
486012,486012,486017,5,0
486005,486006,486016,10,1
486009,486009,486016,7,0
486008,486008,486017,9,0
486006,486006,486016,10,0
486008,486008,486016,8,0
486011,486011,486017,6,0
486009,486009,486017,8,0
486011,486011,486017,6,0
486009,486009,486017,8,0
486007,486007,486017,10,0
486006,486006,486017,11,0
486008,486008,486017,9,0
486005,486005,486018,13,0
486010,486010,486018,8,0
486010,486010,486018,8,0
486002,486002,486018,16,0
486008,486008,486019,11,0
486011,486011,486018,7,0
486012,486012,486018,6,0
486007,486007,486019,12,0
486011,486011,486019,8,0
486003,486003,486018,15,0
486007,486007,486018,11,0
486009,486009,486019,10,0
486009,486009,486019,10,0
486005,486005,486019,14,0
486012,486012,486019,7,0
486013,486013,486019,6,0
486010,486011,486020,9,1
486011,486011,486019,8,0
486009,486009,486019,10,0
486014,486014,486020,6,0
486011,486012,486019,7,1
486013,486013,486019,6,0
486010,486010,486019,9,0
486010,486010,486019,9,0
486007,486007,486020,13,0
486015,486015,486020,5,0
486015,486015,486020,5,0
486010,486010,486020,10,0
486014,486014,486021,7,0
486009,486009,486020,11,0
486011,486011,486020,9,0
486012,486012,486020,8,0
486011,486011,486020,9,0
486012,486012,486021,9,0
486014,486014,486021,7,0
486013,486013,486021,8,0
486006,486006,486022,16,0
486013,486013,486021,8,0
486012,486012,486021,9,0
486016,486016,486022,6,0
486010,486010,486022,12,0
486007,486007,486022,15,0
486011,486011,486021,10,0
486013,486013,486022,9,0
486014,486014,486022,8,0
486015,486015,486022,7,0
486012,486012,486023,11,0
486015,486015,486022,7,0
486012,486012,486022,10,0
486014,486014,486023,9,0
486013,486013,486023,10,0
486014,486014,486022,8,0
486013,486013,486023,10,0
486013,486013,486023,10,0
486014,486014,486023,9,0
486014,486014,486023,9,0
486015,486015,486023,8,0
486016,486016,486023,7,0
486010,486010,486023,13,0
486010,486010,486023,13,0
486015,486015,486024,9,0
486015,486015,486024,9,0
486015,486015,486024,9,0
486015,486016,486024,8,1
486013,486013,486025,12,0
486014,486014,486026,12,0
486010,486010,486027,17,0
486012,486012,486026,14,0
486015,486015,486028,13,0
486037,486037,486041,4,0
486038,486038,486043,5,0
486036,486036,486043,7,0
486040,486040,486044,4,0
486038,486038,486044,6,0
486037,486037,486044,7,0
486041,486041,486045,4,0
486039,486039,486045,6,0
486041,486041,486046,5,0
486039,486039,486047,8,0
486036,486036,486046,10,0
486037,486037,486047,10,0
486038,486038,486047,9,0
486040,486040,486046,6,0
486044,486044,486047,3,0
486039,486039,486047,8,0
486041,486041,486048,7,0
486038,486038,486047,9,0
486037,486037,486047,10,0
486040,486040,486048,8,0
486043,486043,486048,5,0
486037,486037,486047,10,0
486038,486038,486048,10,0
486040,486040,486048,8,0
486039,486040,486048,8,1
486040,486041,486048,7,1
486042,486042,486048,6,0
486040,486040,486048,8,0
486038,486038,486049,11,0
486040,486040,486049,9,0
486043,486043,486049,6,0
486039,486039,486049,10,0
486041,486041,486049,8,0
486042,486042,486049,7,0
486036,486036,486050,14,0
486040,486040,486049,9,0
486041,486041,486049,8,0
486042,486042,486049,7,0
486043,486043,486050,7,0
486036,486036,486050,14,0
486042,486042,486050,8,0
486043,486043,486050,7,0
486047,486047,486051,4,0
486037,486037,486051,14,0
486044,486044,486050,6,0
486039,486039,486050,11,0
486040,486040,486051,11,0
486044,486044,486051,7,0
486044,486044,486052,8,0
486046,486046,486051,5,0
486042,486042,486051,9,0
486046,486046,486051,5,0
486040,486040,486051,11,0
486041,486041,486051,10,0
486045,486045,486052,7,0
486039,486039,486051,12,0
486038,486038,486051,13,0
486043,486043,486052,9,0
486047,486047,486052,5,0
486043,486043,486052,9,0
486049,486049,486052,3,0
486041,486041,486052,11,0
486042,486042,486053,11,0
486045,486045,486053,8,0
486045,486045,486052,7,0
486043,486043,486052,9,0
486045,486045,486052,7,0
486045,486045,486053,8,0
486036,486036,486053,17,0
486044,486044,486053,9,0
486045,486045,486053,8,0
486049,486049,486053,4,0
486036,486036,486054,18,0
486037,486037,486053,16,0
486046,486046,486053,7,0
486044,486044,486054,10,0
486046,486046,486053,7,0
486047,486047,486053,6,0
486042,486043,486053,10,1
486043,486043,486054,11,0
486048,486048,486054,6,0
486045,486045,486055,10,0
486046,486046,486055,9,0
486047,486047,486055,8,0
486038,486038,486055,17,0
486039,486039,486054,15,0
486048,486048,486055,7,0
486042,486042,486054,12,0
486045,486045,486055,10,0
486047,486047,486055,8,0
486042,486042,486055,13,0
486046,486047,486055,8,1
486048,486048,486055,7,0
486049,486049,486055,6,0
486044,486044,486056,12,0
486038,486038,486055,17,0
486052,486052,486056,4,0
486049,486049,486056,7,0
486037,486037,486056,19,0
486039,486039,486056,17,0
486047,486047,486056,9,0
486046,486046,486056,10,0
486046,486046,486056,10,0
486044,486044,486057,13,0
486045,486045,486057,12,0
486044,486044,486056,12,0
486048,486048,486057,9,0
486049,486049,486058,9,0
486048,486048,486058,10,0
486050,486050,486057,7,0
486049,486049,486058,9,0
486047,486047,486058,11,0
486048,486048,486057,9,0
486050,486050,486058,8,0
486047,486047,486058,11,0
486051,486051,486059,8,0
486042,486042,486059,17,0
486048,486048,486059,11,0
486049,486049,486058,9,0
486043,486043,486059,16,0
486048,486048,486059,11,0
486050,486050,486059,9,0
486053,486053,486059,6,0
486046,486046,486059,13,0
486050,486050,486060,10,0
486050,486050,486059,9,0
486050,486050,486060,10,0
486053,486053,486059,6,0
486051,486051,486059,8,0
486050,486050,486060,10,0
486051,486051,486060,9,0
486048,486048,486060,12,0
486051,486052,486061,9,1
486053,486053,486060,7,0
486050,486050,486060,10,0
486052,486052,486060,8,0
486051,486051,486061,10,0
486047,486048,486061,13,1
486049,486049,486061,12,0
486050,486051,486060,9,1
486051,486051,486061,10,0
486052,486052,486061,9,0
486056,486056,486061,5,0
486054,486054,486061,7,0
486052,486052,486061,9,0
486051,486051,486062,11,0
486052,486052,486061,9,0
486054,486054,486061,7,0
486054,486054,486062,8,0
486053,486053,486062,9,0
486057,486057,486062,5,0
486046,486046,486062,16,0
486052,486052,486062,10,0
486049,486049,486062,13,0
486054,486055,486062,7,1
486052,486053,486063,10,1
486056,486056,486063,7,0
486055,486055,486063,8,0
486051,486051,486062,11,0
486056,486056,486063,7,0
486050,486050,486063,13,0
486053,486053,486064,11,0
486055,486055,486064,9,0
486056,486056,486063,7,0
486055,486055,486063,8,0
486051,486051,486064,13,0
486053,486053,486064,11,0
486056,486056,486064,8,0
486057,486057,486065,8,0
486055,486055,486064,9,0
486056,486056,486065,9,0
486053,486053,486065,12,0
486057,486058,486065,7,1
486057,486057,486066,9,0
486055,486055,486066,11,0
486054,486054,486065,11,0
486054,486054,486066,12,0
486056,486056,486066,10,0
486054,486054,486066,12,0
486055,486055,486066,11,0
486057,486058,486066,8,1
486057,486057,486066,9,0
486054,486054,486067,13,0
486055,486055,486067,12,0
486056,486056,486067,11,0
486053,486053,486067,14,0
486057,486057,486068,11,0
486056,486056,486068,12,0
486058,486058,486068,10,0
486057,486057,486068,11,0
486052,486052,486068,16,0
486054,486054,486069,15,0
486055,486055,486069,14,0
486052,486052,486069,17,0
486055,486055,486069,14,0
486053,486054,486071,17,1
486057,486057,486071,14,0
486057,486057,486073,16,0
486037,486037,486075,38,0
486041,486041,486079,38,0
486078,486078,486093,15,0
486080,486080,486098,18,0
486083,486083,486097,14,0
486078,486078,486098,20,0
486081,486081,486098,17,0
486079,486079,486099,20,0
486078,486078,486098,20,0
486078,486078,486098,20,0
486079,486079,486099,20,0
486080,486080,486099,19,0
486085,486085,486099,14,0
486080,486080,486100,20,0
486080,486080,486100,20,0
486078,486079,486100,21,1
486080,486080,486101,21,0
486081,486081,486100,19,0
486079,486079,486100,21,0
486081,486081,486101,20,0
486085,486085,486101,16,0
486083,486084,486101,17,1
486083,486083,486102,19,0
486084,486084,486103,19,0
486081,486081,486102,21,0
486079,486079,486103,24,0
486081,486081,486102,21,0
486084,486084,486103,19,0
486081,486081,486104,23,0
486082,486082,486103,21,0
486088,486088,486104,16,0
486080,486080,486104,24,0
486082,486082,486104,22,0
486083,486083,486105,22,0
486082,486082,486105,23,0
486081,486081,486105,24,0
486082,486082,486105,23,0
486084,486084,486105,21,0
486084,486084,486106,22,0
486083,486083,486105,22,0
486083,486083,486106,23,0
486082,486082,486107,25,0
486084,486084,486107,23,0
486088,486088,486107,19,0
486083,486083,486107,24,0
486079,486079,486107,28,0
486085,486085,486107,22,0
486085,486085,486108,23,0
486079,486079,486108,29,0
486085,486085,486108,23,0
486082,486082,486108,26,0
486085,486085,486108,23,0
486080,486080,486109,29,0
486085,486085,486109,24,0
486078,486078,486109,31,0
486079,486079,486108,29,0
486086,486087,486109,22,1
486084,486084,486109,25,0
486089,486089,486109,20,0
486090,486091,486109,18,1
486078,486078,486110,32,0
486086,486086,486109,23,0
486087,486087,486110,23,0
486078,486078,486110,32,0
486079,486080,486110,30,1
486080,486080,486110,30,0
486081,486081,486111,30,0
486087,486087,486110,23,0
486083,486083,486111,28,0
486085,486085,486111,26,0
486086,486086,486111,25,0
486084,486084,486111,27,0
486088,486089,486111,22,1
486081,486081,486112,31,0
486086,486086,486111,25,0
486082,486082,486112,30,0
486086,486086,486112,26,0
486090,486090,486112,22,0
486086,486086,486112,26,0
486086,486086,486112,26,0
486084,486084,486112,28,0
486083,486083,486112,29,0
486087,486087,486113,26,0
486087,486087,486113,26,0
486084,486084,486113,29,0
486087,486087,486113,26,0
486086,486086,486113,27,0
486088,486088,486113,25,0
486087,486087,486113,26,0
486094,486094,486114,20,0
486086,486086,486113,27,0
486087,486087,486114,27,0
486090,486090,486114,24,0
486087,486088,486114,26,1
486079,486079,486114,35,0
486096,486099,486114,15,3
486096,486100,486115,15,4
486090,486090,486114,24,0
486095,486098,486115,17,3
486096,486099,486115,16,3
486089,486089,486114,25,0
486089,486089,486115,26,0
486088,486088,486115,27,0
486096,486100,486116,16,4
486085,486085,486116,31,0
486087,486087,486116,29,0
486090,486090,486117,27,0
486080,486080,486117,37,0
486088,486088,486117,29,0
486089,486089,486117,28,0
486095,486098,486117,19,3
486088,486088,486118,30,0
486091,486092,486117,25,1
486093,486093,486117,24,0
486088,486088,486118,30,0
486089,486089,486118,29,0
486090,486090,486118,28,0
486096,486099,486119,20,3
486089,486090,486119,29,1
486090,486090,486118,28,0
486091,486091,486119,28,0
486091,486091,486119,28,0
486093,486093,486119,26,0
486091,486091,486119,28,0
486089,486089,486119,30,0
486082,486082,486119,37,0
486093,486093,486120,27,0
486092,486092,486120,28,0
486089,486089,486120,31,0
486092,486092,486119,27,0
486094,486094,486119,25,0
486096,486099,486119,20,3
486096,486099,486120,21,3
486089,486089,486120,31,0
486094,486094,486120,26,0
486095,486095,486120,25,0
486095,486098,486120,22,3
486097,486101,486121,20,4
486091,486091,486120,29,0
486093,486093,486120,27,0
486091,486091,486121,30,0
486093,486093,486120,27,0
486082,486082,486120,38,0
486083,486083,486120,37,0
486094,486094,486121,27,0
486094,486094,486121,27,0
486091,486091,486121,30,0
486097,486102,486121,19,5
486090,486090,486121,31,0
486092,486092,486121,29,0
486092,486092,486122,30,0
486094,486094,486121,27,0
486095,486095,486122,27,0
486098,486105,486122,17,7
486090,486090,486122,32,0
486092,486092,486122,30,0
486092,486092,486122,30,0
486091,486091,486122,31,0
486093,486093,486122,29,0
486094,486094,486122,28,0
486092,486092,486122,30,0
486094,486094,486123,29,0
486095,486095,486123,28,0
486095,486095,486123,28,0
486095,486095,486123,28,0
486092,486092,486123,31,0
486093,486093,486123,30,0
486094,486094,486123,29,0
486095,486095,486123,28,0
486098,486103,486123,20,5
486097,486102,486124,22,5
486098,486104,486124,20,6
486096,486100,486124,24,4
486097,486103,486124,21,6
486093,486093,486124,31,0
486098,486105,486125,20,7
486097,486101,486124,23,4
486096,486099,486125,26,3
486097,486100,486125,25,3
486088,486088,486125,37,0
486091,486091,486125,34,0
486099,486105,486125,20,6
486099,486106,486125,19,7
486098,486104,486126,22,6
486095,486095,486126,31,0
486099,486106,486126,20,7
486098,486103,486126,23,5
486092,486093,486126,33,1
486098,486104,486126,22,6
486099,486105,486127,22,6
486093,486094,486126,32,1
486097,486101,486127,26,4
486097,486103,486127,24,6
486086,486086,486127,41,0
486099,486106,486127,21,7
486097,486101,486128,27,4
486099,486105,486128,23,6
486098,486105,486128,23,7
486099,486107,486129,22,8
486099,486105,486129,24,6
486099,486105,486130,25,6
486128,486128,486148,20,0
486131,486131,486148,17,0
486133,486133,486149,16,0
486130,486130,486150,20,0
486129,486129,486149,20,0
486132,486132,486150,18,0
486130,486130,486151,21,0
486135,486135,486152,17,0
486131,486131,486152,21,0
486128,486128,486153,25,0
486131,486131,486153,22,0
486131,486131,486154,23,0
486131,486131,486154,23,0
486131,486131,486154,23,0
486137,486137,486154,17,0
486128,486128,486154,26,0
486128,486128,486154,26,0
486129,486129,486155,26,0
486137,486137,486155,18,0
486129,486129,486155,26,0
486128,486128,486156,28,0
486129,486129,486155,26,0
486134,486134,486156,22,0
486136,486136,486156,20,0
486132,486132,486157,25,0
486133,486133,486157,24,0
486130,486130,486157,27,0
486133,486133,486157,24,0
486131,486131,486158,27,0
486130,486131,486159,28,1
486132,486132,486159,27,0
486128,486128,486159,31,0
486130,486130,486158,28,0
486132,486132,486160,28,0
486132,486132,486159,27,0
486134,486134,486159,25,0
486129,486129,486160,31,0
486098,486103,486160,57,5
486132,486132,486160,28,0
486134,486134,486160,26,0
486128,486128,486161,33,0
486136,486136,486161,25,0
486130,486130,486161,31,0
486131,486131,486161,30,0
486133,486133,486161,28,0
486133,486133,486161,28,0
486133,486133,486162,29,0
486129,486129,486162,33,0
486128,486128,486162,34,0
486129,486129,486162,33,0
486130,486130,486162,32,0
486130,486130,486163,33,0
486133,486133,486162,29,0
486135,486135,486162,27,0
486135,486135,486162,27,0
486136,486136,486162,26,0
486132,486132,486162,30,0
486138,486138,486163,25,0
486135,486136,486163,27,1
486132,486132,486163,31,0
486136,486136,486163,27,0
486139,486140,486164,24,1
486132,486132,486163,31,0
486134,486134,486164,30,0
486135,486135,486164,29,0
486133,486133,486165,32,0
486137,486137,486165,28,0
486139,486139,486165,26,0
486130,486130,486165,35,0
486135,486135,486165,30,0
486133,486133,486166,33,0
486136,486136,486166,30,0
486137,486137,486166,29,0
486138,486138,486165,27,0
486140,486140,486166,26,0
486131,486131,486167,36,0
486145,486150,486166,16,5
486134,486134,486167,33,0
486138,486138,486167,29,0
486134,486134,486166,32,0
486136,486136,486167,31,0
486139,486139,486167,28,0
486139,486139,486167,28,0
486138,486138,486168,30,0
486129,486130,486168,38,1
486134,486134,486168,34,0
486138,486138,486168,30,0
486135,486135,486169,34,0
486141,486141,486168,27,0
486129,486129,486169,40,0
486138,486138,486169,31,0
486140,486140,486170,30,0
486129,486129,486169,40,0
486135,486135,486169,34,0
486136,486136,486170,34,0
486135,486135,486170,35,0
486141,486141,486170,29,0
486146,486151,486171,20,5
486145,486150,486170,20,5
486134,486135,486170,35,1
486137,486137,486171,34,0
486142,486142,486171,29,0
486138,486138,486171,33,0
486145,486145,486171,26,0
486141,486141,486172,31,0
486146,486152,486171,19,6
486146,486153,486171,18,7
486147,486156,486172,16,9
486143,486143,486172,29,0
486144,486144,486172,28,0
486145,486145,486172,27,0
486143,486143,486172,29,0
486137,486137,486173,36,0
486139,486139,486173,34,0
486137,486137,486172,35,0
486140,486140,486172,32,0
486142,486142,486174,32,0
486143,486143,486174,31,0
486145,486145,486174,29,0
486143,486143,486173,30,0
486141,486141,486174,33,0
486139,486139,486174,35,0
486140,486141,486175,34,1
486142,486142,486175,33,0
486143,486143,486175,32,0
486146,486154,486175,21,8
486148,486158,486175,17,10
486137,486137,486175,38,0
486142,486142,486176,34,0
486136,486136,486175,39,0
486145,486149,486176,27,4
486147,486155,486175,20,8
486146,486150,486176,26,4
486144,486144,486176,32,0
486144,486144,486176,32,0
486143,486143,486177,34,0
486139,486139,486177,38,0
486141,486141,486176,35,0
486142,486142,486177,35,0
486147,486156,486177,21,9
486147,486155,486177,22,8
486145,486145,486177,32,0
486137,486137,486178,41,0
486140,486140,486177,37,0
486143,486143,486178,35,0
486142,486142,486178,36,0
486147,486156,486178,22,9
486147,486156,486177,21,9
486141,486141,486178,37,0
486142,486142,486179,37,0
486141,486141,486179,38,0
486144,486144,486179,35,0
486144,486144,486178,34,0
486147,486155,486179,24,8
486144,486144,486178,34,0
486146,486151,486179,28,5
486145,486145,486179,34,0
486145,486145,486180,35,0
486139,486139,486180,41,0
486147,486155,486180,25,8
486139,486139,486180,41,0
486144,486144,486180,36,0
486148,486157,486180,23,9
486140,486140,486180,40,0
486140,486140,486180,40,0
486141,486141,486181,40,0
486136,486136,486181,45,0
486148,486159,486181,22,11
486140,486140,486181,41,0
486147,486155,486182,27,8
486138,486138,486182,44,0
486142,486142,486182,40,0
486144,486144,486182,38,0
486141,486141,486183,42,0
486140,486140,486183,43,0
486142,486142,486184,42,0
486143,486143,486183,40,0
486149,486160,486184,24,11
486145,486149,486183,34,4
486149,486160,486184,24,11
486144,486144,486185,41,0
486148,486157,486186,29,9
486146,486154,486185,31,8
486146,486154,486186,32,8
486149,486160,486186,26,11
486138,486138,486187,49,0
486148,486159,486187,28,11
486146,486154,486188,34,8
486148,486158,486188,30,10
486148,486159,486189,30,11
486134,486134,486191,57,0
486150,486161,486191,30,11
486149,486159,486191,32,10
486149,486159,486191,32,10
486148,486158,486192,34,10
486149,486160,486194,34,11
486174,486174,486194,20,0
486149,486160,486195,35,11
486171,486171,486195,24,0
486173,486173,486195,22,0
486149,486161,486196,35,12
486172,486172,486197,25,0
486174,486174,486197,23,0
486175,486175,486198,23,0
486172,486172,486199,27,0
486148,486157,486199,42,9
486171,486171,486199,28,0
486172,486173,486200,27,1
486171,486172,486201,29,1
486174,486175,486200,25,1
486171,486171,486201,30,0
486149,486160,486201,41,11
486175,486175,486201,26,0
486172,486172,486201,29,0
486178,486178,486202,24,0
486176,486176,486203,27,0
486173,486173,486203,30,0
486170,486170,486202,32,0
486180,486180,486203,23,0
486176,486176,486203,27,0
486174,486174,486203,29,0
486172,486172,486204,32,0
486175,486175,486204,29,0
486174,486174,486205,31,0
486171,486171,486205,34,0
486173,486173,486204,31,0
486176,486176,486205,29,0
486177,486177,486205,28,0
486181,486181,486205,24,0
486178,486178,486206,28,0
486173,486173,486206,33,0
486178,486178,486207,29,0
486179,486179,486207,28,0
486176,486176,486207,31,0
486171,486171,486208,37,0
486173,486173,486208,35,0
486180,486180,486208,28,0
486185,486186,486208,22,1
486176,486176,486209,33,0
486182,486182,486209,27,0
486143,486143,486210,67,0
486179,486179,486210,31,0
486171,486171,486210,39,0
486173,486173,486210,37,0
486177,486178,486210,32,1
486172,486172,486211,39,0
486170,486170,486211,41,0
486172,486172,486211,39,0
486184,486184,486212,28,0
486176,486177,486212,35,1
486170,486171,486212,41,1
486170,486170,486212,42,0
486170,486170,486212,42,0
486172,486172,486212,40,0
486178,486179,486213,34,1
486174,486174,486212,38,0
486179,486179,486213,34,0
486176,486176,486212,36,0
486170,486170,486213,43,0
486170,486170,486213,43,0
486180,486180,486214,34,0
486185,486186,486213,27,1
486175,486175,486214,39,0
486183,486183,486214,31,0
486174,486174,486214,40,0
486170,486170,486214,44,0
486179,486180,486214,34,1
486174,486174,486214,40,0
486178,486178,486214,36,0
486178,486178,486215,37,0
486171,486171,486215,44,0
486172,486172,486216,44,0
486176,486176,486216,40,0
486179,486179,486216,37,0
486171,486171,486217,46,0
486176,486176,486217,41,0
486182,486182,486217,35,0
486181,486181,486217,36,0
486178,486178,486217,39,0
486173,486173,486218,45,0
486177,486177,486218,41,0
486186,486188,486218,30,2
486187,486196,486218,22,9
486175,486175,486219,44,0
486180,486180,486219,39,0
486173,486173,486219,46,0
486175,486175,486219,44,0
486177,486177,486219,42,0
486181,486181,486220,39,0
486187,486196,486219,23,9
486173,486173,486220,47,0
486174,486174,486220,46,0
486180,486180,486220,40,0
486187,486197,486220,23,10
486184,486184,486221,37,0
486179,486179,486221,42,0
486175,486175,486221,46,0
486184,486184,486222,38,0
486187,486195,486222,27,8
486177,486177,486222,45,0
486181,486181,486222,41,0
486178,486178,486222,44,0
486181,486181,486222,41,0
486175,486175,486223,48,0
486187,486195,486223,28,8
486176,486176,486223,47,0
486179,486179,486223,44,0
486177,486177,486223,46,0
486185,486185,486223,38,0
486182,486182,486223,41,0
486179,486179,486223,44,0
486182,486182,486224,42,0
486188,486201,486225,24,13
486178,486178,486224,46,0
486185,486186,486224,38,1
486186,486192,486224,32,6
486189,486204,486224,20,15
486179,486179,486224,45,0
486189,486202,486225,23,13
486180,486180,486225,45,0
486182,486182,486225,43,0
486179,486179,486226,47,0
486181,486181,486226,45,0
486182,486182,486225,43,0
486183,486183,486225,42,0
486184,486184,486226,42,0
486180,486180,486226,46,0
486177,486177,486227,50,0
486182,486182,486227,45,0
486175,486175,486226,51,0
486177,486177,486226,49,0
486182,486182,486227,45,0
486183,486183,486227,44,0
486187,486199,486227,28,12
486189,486204,486228,24,15
486183,486183,486228,45,0
486185,486186,486227,41,1
486183,486183,486228,45,0
486183,486183,486227,44,0
486186,486187,486228,41,1
486181,486181,486228,47,0
486186,486189,486229,40,3
486184,486184,486229,45,0
486184,486184,486228,44,0
486177,486177,486229,52,0
486189,486205,486230,25,16
486186,486192,486230,38,6
486184,486184,486230,46,0
486183,486183,486230,47,0
486185,486185,486230,45,0
486188,486201,486230,29,13
486186,486192,486231,39,6
486185,486185,486230,45,0
486183,486183,486231,48,0
486191,486209,486231,22,18
486181,486181,486231,50,0
486182,486182,486232,50,0
486185,486185,486232,47,0
486180,486180,486233,53,0
486190,486206,486232,26,16
486186,486191,486232,41,5
486180,486181,486233,52,1
486184,486184,486233,49,0
486186,486189,486233,44,3
486188,486199,486233,34,11
486190,486206,486234,28,16
486189,486203,486234,31,14
486191,486209,486234,25,18
486185,486186,486234,48,1
486183,486183,486235,52,0
486188,486199,486235,36,11
486190,486207,486235,28,17
486186,486190,486235,45,4
486184,486184,486235,51,0
486187,486195,486235,40,8
486191,486209,486236,27,18
486191,486208,486236,28,17
486190,486206,486237,31,16
486190,486205,486237,32,15
486188,486200,486236,36,12
486191,486209,486236,27,18
486187,486197,486238,41,10
486189,486202,486238,36,13
486189,486204,486237,33,15
486190,486205,486237,32,15
486190,486207,486238,31,17
486189,486204,486238,34,15
486191,486210,486239,29,19
486212,486212,486238,26,0
486189,486204,486239,35,15
486190,486205,486239,34,15
486188,486201,486241,40,13
486188,486202,486241,39,14
486186,486191,486242,51,5
486216,486219,486242,23,3
486191,486208,486243,35,17
486187,486197,486243,46,10
486217,486221,486243,22,4
486188,486201,486243,42,13
486188,486201,486245,44,13
486217,486220,486245,25,3
486213,486213,486247,34,0
486212,486212,486247,35,0
486189,486204,486248,44,15
486191,486210,486248,38,19
486218,486223,486249,26,5
486219,486225,486248,23,6
486212,486213,486249,36,1
486215,486217,486250,33,2
486218,486224,486250,26,6
486190,486207,486251,44,17
486215,486216,486250,34,1
486213,486213,486253,40,0
486191,486210,486253,43,19
486220,486225,486253,28,5
486213,486213,486253,40,0
486220,486226,486254,28,6
486214,486214,486254,40,0
486224,486233,486255,22,9
486212,486212,486255,43,0
486212,486212,486255,43,0
486215,486217,486256,39,2
486214,486214,486256,42,0
486222,486228,486256,28,6
486213,486213,486256,43,0
486213,486213,486255,42,0
486214,486214,486256,42,0
486215,486217,486256,39,2
486212,486212,486257,45,0
486211,486212,486256,44,1
486214,486215,486257,42,1
486222,486228,486257,29,6
486213,486213,486256,43,0
486214,486214,486257,43,0
486215,486217,486257,40,2
486212,486212,486258,46,0
486213,486213,486258,45,0
486215,486216,486257,41,1
486217,486220,486258,38,3
486219,486224,486259,35,5
486212,486212,486259,47,0
486225,486235,486259,24,10
486223,486230,486259,29,7
486224,486232,486259,27,8
486214,486214,486259,45,0
486217,486221,486259,38,4
486217,486220,486260,40,3
486225,486234,486260,26,9
486226,486236,486260,24,10
486221,486226,486260,34,5
486214,486216,486260,44,2
486223,486231,486260,29,8
486213,486213,486260,47,0
486213,486214,486260,46,1
486216,486218,486261,43,2
486219,486224,486260,36,5
486220,486225,486261,36,5
486215,486216,486263,47,1
486218,486222,486263,41,4
486223,486230,486264,34,7
486220,486225,486263,38,5
486214,486214,486263,49,0
486216,486218,486264,46,2
486216,486220,486264,44,4
486226,486236,486264,28,10
486216,486218,486265,47,2
486216,486219,486265,46,3
486218,486223,486266,43,5
486218,486223,486266,43,5
486216,486218,486265,47,2
486225,486235,486266,31,10
486226,486237,486266,29,11
486220,486226,486266,40,6
486216,486219,486266,47,3
486222,486228,486267,39,6
486217,486220,486266,46,3
486218,486223,486268,45,5
486219,486224,486267,43,5
486227,486238,486268,30,11
486219,486224,486268,44,5
486219,486224,486268,44,5
486229,486249,486267,18,20
486227,486239,486268,29,12
486218,486223,486269,46,5
486217,486220,486268,48,3
486217,486220,486268,48,3
486214,486216,486269,53,2
486221,486226,486269,43,5
486217,486222,486270,48,5
486229,486246,486270,24,17
486218,486222,486271,49,4
486227,486238,486271,33,11
486225,486234,486270,36,9
486224,486232,486272,40,8
486226,486235,486272,37,9
486215,486217,486271,54,2
486218,486224,486272,48,6
486221,486227,486271,44,6
486221,486227,486271,44,6
486222,486228,486272,44,6
486222,486229,486271,42,7
486219,486224,486272,48,5
486221,486226,486272,46,5
486216,486218,486272,54,2
486223,486229,486272,43,6
486220,486226,486272,46,6
486226,486236,486273,37,10
486227,486239,486273,34,12
486229,486249,486273,24,20
486215,486216,486273,57,1
486221,486227,486274,47,6
486223,486229,486274,45,6
486227,486237,486274,37,10
486228,486243,486274,31,15
486223,486230,486275,45,7
486228,486240,486275,35,12
486220,486225,486275,50,5
486220,486226,486275,49,6
486225,486233,486276,43,8
486223,486229,486276,47,6
486227,486239,486276,37,12
486228,486241,486276,35,13
486225,486234,486277,43,9
486221,486227,486276,49,6
486221,486227,486277,50,6
486224,486231,486277,46,7
486228,486242,486278,36,14
486227,486237,486277,40,10
486221,486226,486278,52,5
486224,486233,486277,44,9
486222,486228,486278,50,6
486225,486235,486279,44,10
486225,486234,486278,44,9
486228,486240,486278,38,12
486224,486233,486279,46,9
486230,486251,486278,27,21
486222,486229,486279,50,7
486222,486229,486280,51,7
486224,486233,486279,46,9
486227,486237,486279,42,10
486231,486254,486281,27,23
486223,486230,486280,50,7
486226,486236,486280,44,10
486227,486238,486281,43,11
486229,486248,486280,32,19
486224,486232,486282,50,8
486228,486244,486282,38,16
486219,486225,486282,57,6
486219,486224,486283,59,5
486226,486236,486282,46,10
486228,486243,486283,40,15
486221,486227,486283,56,6
486230,486253,486283,30,23
486231,486255,486283,28,24
486253,486259,486283,24,6
486225,486234,486284,50,9
486226,486235,486284,49,9
486228,486239,486283,44,11
486229,486244,486284,40,15
486222,486229,486284,55,7
486227,486239,486285,46,12
486230,486254,486286,32,24
486231,486256,486286,30,25
486232,486257,486286,29,25
486217,486222,486287,65,5
486228,486244,486288,44,16
486230,486250,486287,37,20
486232,486256,486288,32,24
486226,486236,486289,53,10
486224,486233,486289,56,9
486228,486241,486289,48,13
486253,486259,486289,30,6
486257,486266,486289,23,9
486220,486226,486290,64,6
486229,486247,486289,42,18
486254,486261,486290,29,7
486229,486246,486291,45,17
486233,486258,486292,34,25
486230,486251,486292,41,21
486231,486254,486292,38,23
486230,486253,486293,40,23
486229,486249,486293,44,20
486258,486268,486293,25,10
486232,486257,486293,36,25
486258,486269,486294,25,11
486254,486261,486295,34,7
486254,486261,486295,34,7
486257,486266,486295,29,9
486223,486230,486295,65,7
486259,486270,486295,25,11
486230,486253,486296,43,23
486231,486255,486297,42,24
486230,486251,486297,46,21
486254,486259,486297,38,5
486262,486275,486297,22,13
486232,486257,486298,41,25
486256,486265,486298,33,9
486230,486251,486298,47,21
486231,486256,486298,42,25
486232,486257,486299,42,25
486231,486256,486298,42,25
486229,486248,486299,51,19
486233,486259,486300,41,26
486232,486257,486300,43,25
486232,486257,486300,43,25
486255,486261,486300,39,6
486259,486272,486301,29,13
486254,486260,486301,41,6
486261,486274,486302,28,13
486255,486264,486301,37,9
486231,486256,486303,47,25
486257,486268,486303,35,11
486255,486264,486303,39,9
486254,486260,486304,44,6
486255,486261,486304,43,6
486233,486258,486304,46,25
486260,486273,486304,31,13
486264,486281,486305,24,17
486231,486256,486304,48,25
486233,486259,486306,47,26
486254,486261,486307,46,7
486233,486259,486306,47,26
486254,486260,486306,46,6
486255,486262,486306,44,7
486256,486264,486307,43,8
486261,486273,486307,34,12
486256,486266,486307,41,10
486233,486258,486307,49,25
486232,486257,486308,51,25
486266,486284,486308,24,18
486266,486284,486308,24,18
486256,486265,486309,44,9
486256,486266,486309,43,10
486232,486258,486309,51,26
486256,486264,486309,45,8
486261,486273,486310,37,12
486258,486268,486310,42,10
486257,486268,486310,42,11
486232,486257,486311,54,25
486255,486262,486310,48,7
486254,486261,486311,50,7
486261,486274,486311,37,13
486261,486275,486311,36,14
486262,486277,486311,34,15
486255,486264,486311,47,9
486258,486270,486312,42,12
486262,486276,486312,36,14
486257,486268,486313,45,11
486256,486266,486312,46,10
486259,486272,486313,41,13
486257,486267,486313,46,10
486256,486266,486314,48,10
486259,486271,486314,43,12
486261,486273,486313,40,12
486268,486290,486314,24,22
486257,486267,486314,47,10
486255,486261,486315,54,6
486258,486268,486315,47,10
486262,486276,486315,39,14
486263,486278,486314,36,15
486266,486284,486316,32,18
486256,486266,486316,50,10
486255,486264,486316,52,9
486264,486279,486316,37,15
486260,486272,486316,44,12
486258,486268,486316,48,10
486262,486276,486317,41,14
486258,486269,486318,49,11
486267,486287,486318,31,20
486268,486290,486318,28,22
486259,486270,486318,48,11
486260,486272,486318,46,12
486268,486291,486318,27,23
486266,486283,486319,36,17
486258,486269,486319,50,11
486265,486281,486319,38,16
486266,486285,486319,34,19
486269,486295,486320,25,26
486262,486277,486321,44,15
486261,486275,486320,45,14
486258,486269,486321,52,11
486259,486271,486321,50,12
486260,486272,486321,49,12
486261,486274,486321,47,13
486263,486278,486322,44,15
486260,486272,486322,50,12
486265,486283,486322,39,18
486270,486296,486322,26,26
486261,486273,486322,49,12
486262,486276,486322,46,14
486267,486287,486322,35,20
486259,486270,486322,52,11
486264,486280,486323,43,16
486260,486273,486323,50,13
486271,486299,486323,24,28
486260,486273,486323,50,13
486264,486280,486324,44,16
486270,486295,486324,29,25
486263,486278,486324,46,15
486263,486278,486325,47,15
486266,486284,486325,41,18
486263,486279,486325,46,16
486270,486295,486326,31,25
486267,486288,486325,37,21
486271,486300,486325,25,29
486259,486272,486326,54,13
486263,486279,486326,47,16
486270,486298,486326,28,28
486263,486278,486326,48,15
486267,486288,486327,39,21
486265,486281,486327,46,16
486269,486293,486328,35,24
486264,486279,486327,48,15
486260,486272,486328,56,12
486268,486289,486328,39,21
486262,486276,486328,52,14
486259,486271,486328,57,12
486269,486293,486329,36,24
486264,486279,486329,50,15
486265,486281,486329,48,16
486265,486283,486329,46,18
486269,486295,486330,35,26
486264,486279,486330,51,15
486265,486283,486330,47,18
486267,486286,486330,44,19
486269,486294,486330,36,25
486272,486302,486330,28,30
486263,486278,486331,53,15
486257,486267,486331,64,10
486263,486277,486332,55,14
486266,486285,486332,47,19
486270,486298,486332,34,28
486265,486282,486332,50,17
486268,486290,486333,43,22
486265,486281,486333,52,16
486265,486283,486333,50,18
486269,486293,486334,41,24
486266,486283,486334,51,17
486296,486312,486334,22,16
486274,486308,486335,27,34
486274,486309,486334,25,35
486267,486287,486334,47,20
486270,486296,486335,39,26
486296,486312,486335,23,16
486297,486314,486335,21,17
486273,486305,486336,31,32
486297,486314,486336,22,17
486267,486288,486337,49,21
486297,486315,486337,22,18
486272,486302,486338,36,30
486264,486280,486337,57,16
486267,486286,486338,52,19
486298,486316,486337,21,18
486299,486319,486337,18,20
486269,486294,486338,44,25
486271,486299,486338,39,28
486301,486322,486338,16,21
486264,486280,486338,58,16
486268,486290,486339,49,22
486296,486313,486339,26,17
486274,486309,486339,30,35
486299,486319,486340,21,20
486297,486313,486341,28,16
486271,486299,486341,42,28
486299,486319,486341,22,20
486272,486303,486341,38,31
486298,486315,486341,26,17
486266,486284,486341,57,18
486271,486300,486342,42,29
486302,486324,486341,17,22
486270,486297,486341,44,27
486296,486313,486341,28,17
486268,486292,486342,50,24
486270,486297,486342,45,27
486273,486305,486342,37,32
486298,486315,486343,28,17
486269,486294,486342,48,25
486300,486320,486343,23,20
486272,486303,486343,40,31
486268,486289,486344,55,21
486271,486301,486343,42,30
486272,486301,486344,43,29
486271,486299,486343,44,28
486269,486293,486343,50,24
486299,486318,486344,26,19
486301,486322,486345,23,21
486303,486326,486344,18,23
486302,486326,486344,18,24
486270,486298,486345,47,28
486298,486315,486345,30,17
486272,486304,486345,41,32
486301,486323,486346,23,22
486299,486318,486346,28,19
486302,486325,486347,22,23
486302,486325,486346,21,23
486297,486315,486348,33,18
486273,486305,486348,43,32
486275,486311,486348,37,36
486271,486299,486348,49,28
486268,486289,486349,60,21
486305,486331,486349,18,26
486271,486300,486349,49,29
486275,486310,486349,39,35
486296,486312,486349,37,16
486275,486311,486349,38,36
486300,486320,486349,29,20
486274,486308,486350,42,34
486296,486312,486350,38,16
486298,486315,486350,35,17
486298,486316,486350,34,18
486297,486314,486350,36,17
486301,486323,486350,27,22
486305,486331,486350,19,26
486297,486313,486351,38,16
486300,486320,486351,31,20
486297,486314,486351,37,17
486274,486308,486351,43,34
486301,486322,486352,30,21
486303,486326,486351,25,23
486273,486305,486352,47,32
486302,486324,486352,28,22
486305,486330,486352,22,25
486272,486302,486352,50,30
486300,486321,486352,31,21
486303,486326,486353,27,23
486300,486321,486353,32,21
486296,486312,486353,41,16
486308,486339,486353,14,31
486301,486323,486353,30,22
486300,486321,486354,33,21
486302,486325,486354,29,23
486307,486335,486353,18,28
486273,486307,486354,47,34
486275,486309,486354,45,34
486276,486312,486354,42,36
486300,486322,486354,32,22
486298,486317,486355,38,19
486271,486299,486354,55,28
486273,486307,486355,48,34
486274,486309,486354,45,35
486307,486337,486355,18,30
486275,486311,486355,44,36
486306,486332,486355,23,26
486274,486308,486356,48,34
486304,486329,486355,26,25
486273,486304,486355,51,31
486275,486311,486356,45,36
486300,486321,486356,35,21
486299,486320,486357,37,21
486302,486324,486356,32,22
486307,486336,486357,21,29
486273,486305,486357,52,32
486299,486319,486358,39,20
486303,486327,486357,30,24
486273,486307,486358,51,34
486299,486319,486357,38,20
486300,486321,486359,38,21
486306,486333,486358,25,27
486298,486317,486359,42,19
486309,486340,486359,19,31
486275,486311,486358,47,36
486301,486324,486359,35,23
486274,486307,486359,52,33
486301,486322,486359,37,21
486303,486327,486360,33,24
486304,486330,486359,29,26
486272,486301,486360,59,29
486303,486328,486360,32,25
486305,486331,486360,29,26
486275,486310,486360,50,35
486274,486307,486360,53,33
486302,486326,486360,34,24
486304,486328,486361,33,24
486303,486326,486361,35,23
486304,486329,486361,32,25
486302,486325,486361,36,23
486312,486345,486360,15,33
486306,486335,486361,26,29
486308,486338,486362,24,30
486308,486338,486362,24,30
486309,486340,486362,22,31
486308,486338,486362,24,30
486303,486328,486362,34,25
486303,486326,486363,37,23
486305,486330,486362,32,25
486306,486335,486363,28,29
486304,486330,486362,32,26
486304,486329,486362,33,25
486306,486333,486362,29,27
486306,486332,486363,31,26
486309,486341,486363,22,32
486307,486335,486363,28,28
486305,486331,486363,32,26
486306,486334,486363,29,28
486304,486329,486363,34,25
486310,486342,486364,22,32
486312,486345,486364,19,33
486306,486333,486364,31,27
486305,486332,486364,32,27
486307,486336,486365,29,29
486312,486346,486365,19,34
486275,486309,486365,56,34
486301,486323,486365,42,22
486313,486347,486365,18,34
486307,486337,486365,28,30
486305,486330,486366,36,25
486307,486338,486366,28,31
486308,486339,486366,27,31
486305,486331,486365,34,26
486304,486328,486366,38,24
486307,486335,486366,31,28
486311,486344,486366,22,33
486313,486349,486367,18,36
486309,486341,486367,26,32
486308,486338,486367,29,30
486304,486329,486368,39,25
486308,486339,486368,29,31
486312,486346,486368,22,34
486310,486342,486368,26,32
486308,486338,486369,31,30
486307,486336,486369,33,29
486311,486344,486369,25,33
486309,486340,486369,29,31
486309,486341,486370,29,32
486298,486317,486369,52,19
486308,486338,486370,32,30
486306,486333,486371,38,27
486312,486345,486371,26,33
486323,486351,486371,20,28
486312,486345,486372,27,33
486299,486319,486372,53,20
486325,486353,486372,19,28
486309,486341,486373,32,32
486310,486341,486373,32,31
486309,486339,486374,35,30
486310,486342,486374,32,32
486322,486350,486375,25,28
486311,486344,486375,31,33
486310,486342,486375,33,32
486312,486345,486376,31,33
486326,486355,486375,20,29
486324,486353,486375,22,29
486311,486344,486376,32,33
486310,486342,486376,34,32
486310,486343,486377,34,33
486311,486344,486376,32,33
486311,486344,486377,33,33
486313,486346,486377,31,33
486312,486346,486377,31,34
486310,486342,486377,35,32
486311,486343,486377,34,32
486304,486329,486377,48,25
486346,486356,486377,21,10
486311,486343,486378,35,32
486309,486340,486378,38,31
486310,486343,486379,36,33
486322,486350,486378,28,28
486311,486344,486380,36,33
486324,486353,486380,27,29
486322,486350,486381,31,28
486323,486352,486381,29,29
486313,486347,486380,33,34
486324,486353,486381,28,29
486350,486362,486381,19,12
486313,486348,486381,33,35
486352,486364,486381,17,12
486351,486363,486381,18,12
486325,486354,486381,27,29
486347,486356,486382,26,9
486325,486355,486383,28,30
486348,486359,486382,23,11
486325,486353,486383,30,28
486313,486348,486383,35,35
486298,486317,486384,67,19
486322,486351,486384,33,29
486323,486352,486383,31,29
486324,486352,486383,31,28
486325,486354,486383,29,29
486322,486350,486384,34,28
486322,486350,486384,34,28
486323,486352,486384,32,29
486322,486350,486384,34,28
486349,486361,486385,24,12
486322,486351,486385,34,29
486346,486356,486386,30,10
486324,486353,486385,32,29
486347,486357,486386,29,10
486324,486352,486386,34,28
486325,486355,486386,31,30
486350,486362,486386,24,12
486350,486361,486387,26,11
486323,486351,486386,35,28
486351,486363,486386,23,12
486346,486356,486387,31,10
486324,486352,486387,35,28
486352,486364,486387,23,12
486325,486354,486387,33,29
486313,486349,486387,38,36
486347,486356,486388,32,9
486352,486364,486388,24,12
486322,486351,486388,37,29
486323,486352,486388,36,29
486354,486368,486388,20,14
486350,486362,486388,26,12
486325,486355,486389,34,30
486348,486360,486389,29,12
486352,486364,486389,25,12
486324,486353,486389,36,29
486323,486351,486390,39,28
486354,486367,486390,23,13
486326,486355,486390,35,29
486349,486360,486391,31,11
486356,486372,486390,18,16
486325,486355,486390,35,30
486349,486360,486392,32,11
486346,486356,486392,36,10
486313,486349,486391,42,36
486326,486355,486392,37,29
486356,486372,486392,20,16
486355,486369,486391,22,14
486353,486365,486393,28,12
486349,486360,486392,32,11
486313,486348,486393,45,35
486349,486361,486393,32,12
486347,486357,486394,37,10
486348,486359,486393,34,11
486326,486355,486394,39,29
486353,486365,486395,30,12
486323,486351,486395,44,28
486349,486360,486395,35,11
486356,486373,486395,22,17
486350,486361,486395,34,11
486324,486353,486395,42,29
486348,486360,486396,36,12
486353,486366,486395,29,13
486347,486357,486396,39,10
486347,486357,486396,39,10
486351,486363,486396,33,12
486353,486365,486397,32,12
486347,486357,486397,40,10
486350,486361,486397,36,11
486347,486358,486397,39,11
486355,486369,486398,29,14
486348,486359,486398,39,11
486352,486365,486398,33,13
486348,486359,486397,38,11
486352,486364,486398,34,12
486352,486364,486398,34,12
486357,486376,486398,22,19
486348,486358,486399,41,10
486357,486376,486399,23,19
486351,486363,486399,36,12
486348,486358,486399,41,10
486348,486359,486400,41,11
486351,486363,486399,36,12
486353,486365,486400,35,12
486353,486365,486400,35,12
486358,486378,486401,23,20
486347,486358,486400,42,11
486349,486360,486401,41,11
486351,486363,486401,38,12
486350,486362,486401,39,12
486349,486361,486402,41,12
486360,486382,486402,20,22
486360,486383,486402,19,23
486350,486361,486402,41,11
486356,486373,486403,30,17
486354,486368,486403,35,14
486351,486363,486402,39,12
486353,486366,486402,36,13
486354,486366,486403,37,12
486354,486368,486403,35,14
486349,486360,486403,43,11
486352,486364,486403,39,12
486355,486369,486403,34,14
486353,486366,486404,38,13
486355,486369,486404,35,14
486351,486363,486404,41,12
486354,486368,486404,36,14
486355,486370,486404,34,15
486355,486369,486404,35,14
486352,486364,486405,41,12
486356,486373,486405,32,17
486360,486382,486405,23,22
486360,486382,486405,23,22
486325,486354,486406,52,29
486354,486367,486406,39,13
486354,486366,486406,40,12
486356,486373,486406,33,17
486357,486375,486406,31,18
486354,486367,486407,40,13
486355,486370,486407,37,15
486358,486377,486407,30,19
486356,486372,486408,36,16
486356,486373,486408,35,17
486360,486383,486408,25,23
486357,486376,486409,33,19
486356,486374,486409,35,18
486355,486370,486409,39,15
486353,486365,486409,44,12
486262,486277,486410,133,15
486366,486392,486410,18,26
486359,486381,486410,29,22
486362,486387,486411,24,25
486358,486377,486410,33,19
486362,486385,486410,25,23
486358,486377,486411,34,19
486357,486376,486410,34,19
486361,486384,486411,27,23
486359,486381,486412,31,22
486358,486377,486411,34,19
486357,486376,486412,36,19
486358,486378,486412,34,20
486361,486384,486412,28,23
486351,486363,486413,50,12
486365,486390,486413,23,25
486356,486371,486413,42,15
486359,486378,486413,35,19
486364,486389,486413,24,25
486364,486390,486414,24,26
486366,486393,486414,21,27
486367,486395,486415,20,28
486360,486382,486414,32,22
486358,486378,486415,37,20
486262,486277,486415,138,15
486364,486390,486414,24,26
486365,486391,486415,24,26
486357,486377,486415,38,20
486362,486385,486416,31,23
486359,486379,486416,37,20
486362,486386,486416,30,24
486362,486386,486416,30,24
486363,486387,486416,29,24
486360,486382,486417,35,22
486363,486388,486417,29,25
486363,486387,486417,30,24
486366,486392,486417,25,26
486355,486368,486417,49,13
486359,486381,486417,36,22
486361,486384,486417,33,23
486363,486388,486418,30,25
486359,486379,486418,39,20
486363,486389,486418,29,26
486361,486384,486419,35,23
486359,486381,486418,37,22
486361,486384,486418,34,23
486360,486382,486419,37,22
486364,486389,486418,29,25
486361,486384,486419,35,23
486365,486391,486419,28,26
486361,486384,486419,35,23
486364,486389,486419,30,25
486361,486383,486420,37,22
486357,486377,486420,43,20
486362,486386,486419,33,24
486358,486378,486420,42,20
486359,486379,486421,42,20
486366,486392,486420,28,26
486361,486385,486420,35,24
486365,486392,486421,29,27
486363,486388,486421,33,25
486359,486381,486422,41,22
486357,486376,486422,46,19
486364,486390,486422,32,26
486363,486387,486423,36,24
486365,486392,486422,30,27
486362,486386,486423,37,24
486358,486378,486423,45,20
486367,486396,486423,27,29
486366,486395,486424,29,29
486362,486386,486424,38,24
486363,486388,486425,37,25
486366,486394,486425,31,28
486367,486395,486425,30,28
486365,486390,486425,35,25
486364,486390,486426,36,26
486362,486386,486426,40,24
486405,486405,486426,21,0
486365,486391,486427,36,26
486360,486382,486427,45,22
486365,486392,486427,35,27
486367,486397,486428,31,30
486406,486407,486427,20,1
486364,486389,486428,39,25
486364,486389,486427,38,25
486361,486385,486428,43,24
486405,486405,486429,24,0
486363,486388,486430,42,25
486366,486393,486429,36,27
486367,486396,486430,34,29
486405,486405,486430,25,0
486367,486395,486430,35,28
486368,486397,486430,33,29
486367,486396,486432,36,29
486366,486393,486432,39,27
486411,486411,486433,22,0
486368,486397,486433,36,29
486404,486404,486433,29,0
486367,486395,486435,40,28
486368,486397,486435,38,29
486365,486391,486435,44,26
486366,486394,486435,41,28
486405,486405,486436,31,0
486408,486409,486436,27,1
486368,486398,486436,38,30
486404,486405,486436,31,1
486406,486406,486437,31,0
486405,486405,486437,32,0
486406,486406,486437,31,0
486366,486394,486438,44,28
486412,486414,486437,23,2
486413,486415,486438,23,2
486405,486406,486437,31,1
486405,486405,486438,33,0
486367,486395,486438,43,28
486367,486396,486439,43,29
486409,486409,486440,31,0
486413,486416,486441,25,3
486413,486414,486441,27,1
486406,486406,486442,36,0
486414,486418,486442,24,4
486407,486408,486442,34,1
486411,486411,486442,31,0
486405,486405,486442,37,0
486406,486406,486442,36,0
486409,486409,486443,34,0
486413,486414,486443,29,1
486406,486406,486444,38,0
486409,486409,486444,35,0
486416,486419,486444,25,3
486408,486408,486445,37,0
486407,486407,486445,38,0
486412,486414,486445,31,2
486405,486405,486446,41,0
486406,486406,486446,40,0
486409,486410,486446,36,1
486404,486404,486446,42,0
486407,486407,486447,40,0
486406,486406,486447,41,0
486407,486407,486447,40,0
486407,486407,486447,40,0
486410,486410,486448,38,0
486419,486427,486448,21,8
486266,486284,486448,164,18
486410,486410,486448,38,0
486408,486408,486448,40,0
486414,486417,486448,31,3
486414,486417,486448,31,3
486408,486408,486449,41,0
486411,486412,486449,37,1
486416,486420,486449,29,4
486420,486429,486449,20,9
486408,486408,486450,42,0
486409,486409,486450,41,0
486408,486408,486450,42,0
486411,486411,486450,39,0
486407,486407,486450,43,0
486404,486404,486451,47,0
486410,486410,486451,41,0
486416,486419,486451,32,3
486407,486407,486451,44,0
486410,486410,486451,41,0
486410,486411,486451,40,1
486412,486414,486451,37,2
486407,486407,486452,45,0
486407,486407,486452,45,0
486413,486415,486452,37,2
486412,486413,486453,40,1
486419,486428,486452,24,9
486409,486409,486453,44,0
486417,486422,486453,31,5
486408,486408,486454,46,0
486413,486415,486454,39,2
486420,486430,486454,24,10
486409,486409,486454,45,0
486412,486413,486454,41,1
486421,486433,486455,22,12
486413,486415,486455,40,2
486412,486413,486455,42,1
486415,486419,486456,37,4
486412,486412,486456,44,0
486415,486419,486456,37,4
486410,486410,486456,46,0
486406,486406,486456,50,0
486414,486417,486456,39,3
486418,486424,486457,33,6
486408,486408,486456,48,0
486410,486410,486456,46,0
486416,486420,486457,37,4
486409,486409,486457,48,0
486411,486411,486457,46,0
486413,486416,486457,41,3
486417,486422,486458,36,5
486415,486418,486458,40,3
486415,486419,486458,39,4
486411,486411,486458,47,0
486409,486409,486458,49,0
486414,486417,486458,41,3
486417,486421,486459,38,4
486412,486414,486458,44,2
486418,486425,486459,34,7
486409,486409,486459,50,0
486417,486422,486459,37,5
486416,486421,486460,39,5
486408,486408,486459,51,0
486410,486410,486460,50,0
486416,486419,486461,42,3
486411,486411,486460,49,0
486415,486418,486460,42,3
486412,486413,486461,48,1
486414,486417,486461,44,3
486421,486434,486461,27,13
486419,486427,486462,35,8
486410,486410,486462,52,0
486422,486438,486462,24,16
486411,486411,486463,52,0
486418,486424,486463,39,6
486418,486424,486463,39,6
486422,486438,486463,25,16
486418,486426,486464,38,8
486418,486425,486463,38,7
486422,486437,486463,26,15
486413,486415,486464,49,2
486423,486438,486464,26,15
486416,486420,486464,44,4
486412,486413,486464,51,1
486420,486428,486465,37,8
486422,486437,486465,28,15
486414,486416,486465,49,2
486415,486418,486466,48,3
486422,486437,486466,29,15
486414,486417,486466,49,3
486421,486431,486466,35,10
486423,486441,486466,25,18
486419,486427,486467,40,8
486415,486418,486467,49,3
486416,486420,486467,47,4
486416,486419,486467,48,3
486424,486442,486467,25,18
486414,486417,486467,50,3
486418,486426,486468,42,8
486422,486438,486468,30,16
486417,486421,486468,47,4
486423,486442,486468,26,19
486415,486418,486469,51,3
486415,486419,486469,50,4
486419,486426,486469,43,7
486417,486423,486470,47,6
486420,486428,486470,42,8
486421,486432,486470,38,11
486425,486446,486471,25,21
486416,486420,486470,50,4
486417,486423,486471,48,6
486419,486426,486470,44,7
486424,486443,486472,29,19
486420,486430,486472,42,10
486418,486425,486471,46,7
486422,486437,486473,36,15
486423,486439,486472,33,16
486446,486449,486472,23,3
486417,486421,486474,53,4
486420,486430,486474,44,10
486419,486426,486473,47,7
486419,486427,486473,46,8
486420,486428,486473,45,8
486423,486441,486474,33,18
486424,486444,486474,30,20
486446,486448,486474,26,2
486421,486435,486474,39,14
486422,486437,486475,38,15
486423,486440,486475,35,17
486424,486443,486475,32,19
486421,486436,486475,39,15
486419,486428,486476,48,9
486422,486437,486477,40,15
486447,486450,486476,26,3
486420,486430,486477,47,10
486421,486435,486477,42,14
486447,486450,486478,28,3
486418,486423,486478,55,5
486423,486439,486478,39,16
486449,486455,486478,23,6
486450,486456,486480,24,6
486421,486432,486481,49,11
486449,486454,486480,26,5
486421,486433,486481,48,12
486423,486439,486482,43,16
486420,486430,486482,52,10
486446,486449,486483,34,3
486421,486435,486484,49,14
486424,486444,486484,40,20
486423,486442,486483,41,19
486423,486438,486483,45,15
486425,486445,486483,38,20
486449,486454,486484,30,5
486446,486448,486484,36,2
486424,486443,486485,42,19
486425,486447,486485,38,22
486448,486452,486485,33,4
486456,486467,486486,19,11
486424,486442,486486,44,18
486426,486448,486486,38,22
486411,486412,486486,74,1
486446,486449,486488,39,3
486447,486451,486487,36,4
486449,486455,486488,33,6
486448,486452,486488,36,4
486417,486423,486488,65,6
486448,486452,486488,36,4
486450,486456,486489,33,6
486425,486447,486490,43,22
486449,486454,486490,36,5
486454,486464,486489,25,10
486425,486448,486490,42,23
486424,486443,486490,47,19
486425,486445,486491,46,20
486455,486465,486492,27,10
486454,486462,486492,30,8
486446,486449,486492,43,3
486447,486451,486493,42,4
486448,486453,486493,40,5
486451,486457,486494,37,6
486447,486450,486494,44,3
486454,486463,486494,31,9
486455,486464,486494,30,9
486425,486448,486494,46,23
486457,486468,486494,26,11
486459,486473,486495,22,14
486425,486447,486495,48,22
486448,486452,486496,44,4
486449,486453,486496,43,4
486425,486446,486496,50,21
486451,486457,486496,39,6
486460,486475,486497,22,15
486458,486471,486497,26,13
486451,486457,486497,40,6
486456,486466,486497,31,10
486451,486458,486497,39,7
486452,486459,486497,38,7
486447,486451,486498,47,4
486451,486458,486498,40,7
486452,486458,486497,39,6
486454,486463,486498,35,9
486453,486460,486498,38,7
486425,486447,486499,52,22
486424,486444,486499,55,20
486457,486468,486500,32,11
486448,486452,486500,48,4
486450,486456,486500,44,6
486448,486451,486500,49,3
486449,486454,486500,46,5
486446,486449,486501,52,3
486449,486455,486501,46,6
486450,486455,486502,47,5
486456,486467,486501,34,11
486448,486452,486502,50,4
486453,486461,486501,40,8
486454,486463,486502,39,9
486449,486453,486502,49,4
486458,486472,486502,30,14
486448,486452,486502,50,4
486447,486450,486502,52,3
486447,486450,486502,52,3
486459,486473,486504,31,14
486452,486459,486503,44,7
486455,486464,486504,40,9
486447,486450,486504,54,3
486452,486458,486504,46,6
486460,486475,486505,30,15
486451,486458,486505,47,7
486453,486460,486504,44,7
486453,486461,486505,44,8
486455,486466,486505,39,11
486458,486471,486505,34,13
486454,486462,486505,43,8
486455,486465,486505,40,10
486450,486456,486506,50,6
486450,486457,486505,48,7
486451,486458,486506,48,7
486462,486479,486507,28,17
486462,486480,486507,27,18
486462,486481,486507,26,19
486450,486456,486507,51,6
486460,486475,486507,32,15
486464,486486,486508,22,22
486452,486460,486508,48,8
486453,486461,486509,48,8
486455,486465,486509,44,10
486452,486459,486509,50,7
486461,486478,486509,31,17
486450,486457,486510,53,7
486453,486460,486510,50,7
486451,486457,486511,54,6
486453,486460,486510,50,7
486452,486459,486510,51,7
486456,486467,486511,44,11
486454,486463,486511,48,9
486460,486475,486511,36,15
486460,486475,486510,35,15
486453,486461,486511,50,8
486451,486457,486511,54,6
486454,486464,486511,47,10
486456,486466,486512,46,10
486458,486470,486512,42,12
486457,486468,486512,44,11
486452,486459,486512,53,7
486459,486473,486512,39,14
486456,486467,486512,45,11
486457,486467,486513,46,10
486452,486459,486514,55,7
486455,486465,486514,49,10
486465,486490,486514,24,25
486457,486468,486514,46,11
486455,486464,486515,51,9
486457,486470,486515,45,13
486460,486475,486515,40,15
486455,486464,486515,51,9
486456,486466,486516,50,10
486456,486467,486516,49,11
486461,486478,486516,38,17
486459,486473,486516,43,14
486460,486474,486516,42,14
486454,486464,486517,53,10
486457,486468,486517,49,11
486458,486470,486517,47,12
486457,486470,486517,47,13
486458,486470,486518,48,12
486465,486492,486518,26,27
486456,486467,486518,51,11
486459,486474,486519,45,15
486457,486468,486519,51,11
486462,486482,486519,37,20
486458,486471,486519,48,13
486459,486474,486519,45,15
486453,486460,486520,60,7
486461,486477,486520,43,16
486466,486494,486520,26,28
486461,486479,486521,42,18
486458,486471,486521,50,13
486466,486492,486522,30,26
486463,486485,486521,36,22
486460,486474,486521,47,14
486460,486475,486521,46,15
486466,486495,486522,27,29
486462,486484,486523,39,22
486464,486488,486522,34,24
486458,486471,486524,53,13
486467,486496,486525,29,29
486459,486474,486524,50,15
486463,486486,486525,39,23
486467,486495,486526,31,28
486467,486497,486526,29,30
486463,486484,486526,42,21
486459,486472,486526,54,13
486464,486487,486526,39,23
486468,486498,486527,29,30
486461,486477,486527,50,16
486461,486476,486528,52,15
486463,486484,486527,43,21
486465,486489,486528,39,24
486462,486484,486528,44,22
486463,486486,486529,43,23
486461,486478,486528,50,17
486467,486498,486529,31,31
486493,486508,486529,21,15
486461,486477,486530,53,16
486493,486508,486530,22,15
486464,486489,486531,42,25
486489,486500,486531,31,11
486462,486483,486530,47,21
486491,486505,486531,26,14
486465,486489,486531,42,24
486492,486508,486532,24,16
486464,486487,486532,45,23
486461,486479,486532,53,18
486466,486494,486533,39,28
486465,486490,486534,44,25
486462,486482,486534,52,20
486464,486488,486533,45,24
486465,486490,486534,44,25
486493,486509,486534,25,16
486462,486481,486535,54,19
486490,486503,486535,32,13
486467,486496,486536,40,29
486463,486484,486536,52,21
486490,486502,486537,35,12
486463,486485,486536,51,22
486463,486484,486537,53,21
486466,486494,486537,43,28
486467,486497,486537,40,30
486488,486499,486537,38,11
486489,486501,486538,37,12
486464,486487,486538,51,23
486468,486498,486538,40,30
486496,486515,486539,24,19
486467,486497,486539,42,30
486491,486504,486539,35,13
486464,486488,486539,51,24
486465,486490,486539,49,25
486488,486499,486540,41,11
486491,486504,486540,36,13
486465,486491,486540,49,26
486467,486497,486540,43,30
486493,486508,486540,32,15
486464,486489,486542,53,25
486490,486503,486541,38,13
486467,486496,486542,46,29
486468,486498,486542,44,30
486493,486509,486542,33,16
486463,486486,486542,56,23
486490,486502,486543,41,12
486488,486499,486543,44,11
486493,486510,486543,33,17
486465,486491,486543,52,26
486468,486498,486543,45,30
486466,486494,486545,51,28
486490,486502,486544,42,12
486466,486495,486545,50,29
486466,486493,486545,52,27
486466,486493,486545,52,27
486489,486499,486545,46,10
486490,486503,486546,43,13
486489,486499,486546,47,10
486498,486519,486545,26,21
486468,486498,486546,48,30
486490,486502,486546,44,12
486489,486501,486546,45,12
486492,486505,486548,43,13
486468,486498,486548,50,30
486491,486505,486549,44,14
486494,486511,486549,38,17
486499,486521,486550,29,22
486499,486522,486550,28,23
486491,486505,486550,45,14
486492,486505,486551,46,13
486490,486502,486550,48,12
486489,486501,486551,50,12
486489,486501,486551,50,12
486489,486501,486550,49,12
486502,486531,486551,20,29
486500,486525,486551,26,25
486494,486511,486551,40,17
486491,486505,486552,47,14
486500,486527,486552,25,27
486489,486502,486552,50,13
486499,486522,486553,31,23
486502,486531,486553,22,29
486494,486511,486553,42,17
486495,486512,486554,42,17
486490,486503,486554,51,13
486492,486506,486554,48,14
486496,486516,486555,39,20
486502,486530,486555,25,28
486492,486506,486555,49,14
486495,486512,486556,44,17
486491,486503,486556,53,12
486492,486505,486556,51,13
486499,486523,486556,33,24
486494,486512,486557,45,18
486503,486532,486557,25,29
486491,486505,486557,52,14
486494,486511,486557,46,17
486491,486505,486558,53,14
486493,486508,486559,51,15
486497,486518,486558,40,21
486496,486513,486559,46,17
486492,486506,486559,53,14
486501,486527,486559,32,26
486500,486526,486559,33,26
486497,486516,486560,44,19
486493,486509,486559,50,16
486493,486509,486560,51,16
486493,486509,486560,51,16
486494,486510,486561,51,16
486494,486511,486561,50,17
486495,486512,486561,49,17
486494,486511,486561,50,17
486496,486516,486562,46,20
486502,486530,486562,32,28
486492,486506,486562,56,14
486492,486506,486561,55,14
486503,486535,486562,27,32
486494,486511,486562,51,17
486500,486526,486562,36,26
486502,486531,486563,32,29
486497,486518,486563,45,21
486497,486516,486562,46,19
486495,486512,486563,51,17
486502,486531,486563,32,29
486505,486539,486563,24,34
486495,486512,486564,52,17
486495,486513,486563,50,18
486495,486513,486564,51,18
486500,486523,486564,41,23
486501,486528,486564,36,27
486504,486538,486565,27,34
486499,486520,486565,45,21
486495,486513,486566,53,18
486498,486519,486566,47,21
486497,486517,486566,49,20
486497,486516,486567,51,19
486499,486522,486567,45,23
486497,486517,486567,50,20
486496,486514,486568,54,18
486496,486514,486567,53,18
486504,486536,486568,32,32
486500,486525,486568,43,25
486497,486518,486569,51,21
486506,486541,486569,28,35
486501,486527,486570,43,26
486497,486516,486570,54,19
486498,486519,486570,51,21
486496,486515,486570,55,19
486500,486527,486571,44,27
486507,486544,486571,27,37
486499,486522,486571,49,23
486499,486522,486571,49,23
486502,486532,486571,39,30
486501,486528,486571,43,27
486498,486520,486572,52,22
486508,486546,486572,26,38
486499,486522,486572,50,23
486500,486523,486573,50,23
486503,486534,486573,39,31
486497,486516,486572,56,19
486498,486520,486573,53,22
486496,486515,486573,58,19
486498,486520,486574,54,22
486498,486520,486574,54,22
486496,486514,486574,60,18
486500,486525,486575,50,25
486504,486537,486576,39,33
486509,486550,486576,26,41
486498,486519,486575,56,21
486501,486527,486576,49,26
486510,486551,486577,26,41
486501,486528,486578,50,27
486505,486540,486578,38,35
486498,486520,486577,57,22
486506,486540,486578,38,34
486509,486549,486579,30,40
486501,486528,486580,52,27
486502,486529,486580,51,27
486504,486537,486580,43,33
486505,486539,486580,41,34
486503,486535,486581,46,32
486509,486550,486581,31,41
486502,486531,486581,50,29
486501,486529,486581,52,28
486502,486531,486581,50,29
486503,486534,486582,48,31
486504,486537,486583,46,33
486503,486534,486582,48,31
486510,486551,486583,32,41
486506,486541,486584,43,35
486503,486532,486584,52,29
486503,486535,486585,50,32
486505,486540,486584,44,35
486501,486528,486586,58,27
486504,486536,486586,50,32
486505,486539,486586,47,34
486504,486537,486587,50,33
486509,486550,486586,36,41
486503,486533,486587,54,30
486506,486542,486587,45,36
486504,486538,486588,50,34
486507,486544,486589,45,37
486507,486544,486589,45,37
486508,486547,486590,43,39
486503,486534,486589,55,31
486506,486542,486589,47,36
486506,486543,486589,46,37
486506,486541,486590,49,35
486505,486540,486590,50,35
486508,486546,486591,45,38
486506,486542,486592,50,36
486507,486543,486591,48,36
486508,486547,486592,45,39
486504,486537,486592,55,33
486505,486539,486593,54,34
486505,486539,486592,53,34
486506,486543,486593,50,37
486505,486540,486593,53,35
486510,486551,486594,43,41
486507,486543,486593,50,36
486508,486547,486593,46,39
486507,486544,486593,49,37
486508,486545,486594,49,37
486508,486546,486595,49,38
486507,486545,486596,51,38
486507,486545,486595,50,38
486531,486552,486596,44,21
486507,486545,486597,52,38
486509,486551,486597,46,42
486508,486545,486597,52,37
486509,486549,486598,49,40
486508,486546,486598,52,38
486510,486551,486599,48,41
486509,486551,486599,48,42
486510,486551,486600,49,41
486531,486553,486600,47,22
486534,486562,486602,40,28
486532,486558,486603,45,26
486509,486549,486604,55,40
486532,486556,486604,48,24
486510,486551,486605,54,41
486532,486556,486605,49,24
486533,486560,486606,46,27
486535,486564,486610,46,29
486535,486563,486609,46,28
486530,486552,486611,59,22
486536,486564,486612,48,28
486533,486560,486612,52,27
486535,486563,486613,50,28
486537,486569,486616,47,32
486538,486571,486617,46,33
486538,486570,486618,48,32
486530,486552,486619,67,22
486541,486578,486622,44,37
486540,486576,486623,47,36
486539,486573,486624,51,34
486533,486559,486624,65,26
486542,486582,486635,53,40
486543,486584,486635,51,41
486531,486555,486636,81,24
486536,486566,486637,71,30
486547,486597,486637,40,50
486539,486572,486638,66,33
486533,486559,486639,80,26
486532,486556,486641,85,24
486532,486556,486643,87,24
486531,486554,486646,92,23
486542,486581,486647,66,39
486531,486553,486646,93,22
486548,486605,486647,42,57
486542,486582,486648,66,40
486532,486556,486648,92,24
486531,486555,486648,93,24
486531,486554,486648,94,23
486535,486564,486649,85,29
486532,486557,486649,92,25
486533,486560,486651,91,27
486549,486606,486652,46,57
486549,486606,486653,47,57
486532,486556,486653,97,24
486533,486558,486653,95,25
486535,486563,486654,91,28
486548,486604,486654,50,56
486545,486590,486654,64,45
486536,486565,486655,90,29
486532,486558,486655,97,26
486534,486562,486655,93,28
486549,486610,486656,46,61
486545,486590,486656,66,45
486531,486555,486656,101,24
486543,486585,486657,72,42
486531,486553,486657,104,22
486534,486562,486657,95,28
486548,486603,486658,55,55
486534,486562,486658,96,28
486535,486563,486658,95,28
486536,486564,486657,93,28
486534,486560,486659,99,26
486535,486562,486658,96,27
486546,486594,486659,65,48
486548,486601,486660,59,53
486549,486614,486659,45,65
486533,486559,486660,101,26
486533,486559,486661,102,26
486537,486568,486662,94,31
486547,486597,486663,66,50
486540,486575,486663,88,35
486536,486564,486662,98,28
486550,486618,486663,45,68
486534,486560,486663,103,26
486549,486610,486663,53,61
486534,486562,486664,102,28
486549,486613,486664,51,64
486550,486616,486665,49,66
486540,486576,486665,89,36
486550,486618,486665,47,68
486534,486561,486665,104,27
486536,486566,486666,100,30
486536,486566,486666,100,30
486535,486563,486666,103,28
486535,486563,486666,103,28
486535,486562,486667,105,27
486537,486567,486668,101,30
486539,486572,486668,96,33
486549,486612,486668,56,63
486538,486571,486670,99,33
486540,486573,486670,97,33
486536,486565,486670,105,29
486539,486573,486670,97,34
486536,486564,486671,107,28
486539,486572,486670,98,33
486550,486625,486671,46,75
486550,486624,486671,47,74
486540,486574,486671,97,34
486533,486558,486672,114,25
486538,486571,486672,101,33
486550,486622,486672,50,72
486537,486569,486673,104,32
486537,486568,486673,105,31
486538,486570,486674,104,32
486542,486582,486673,91,40
486537,486568,486674,106,31
486538,486571,486673,102,33
486538,486570,486674,104,32
486542,486581,486675,94,39
486541,486580,486675,95,39
486538,486569,486676,107,31
486549,486611,486676,65,62
486539,486572,486675,103,33
486541,486578,486675,97,37
486538,486571,486676,105,33
486541,486577,486677,100,36
486551,486638,486676,38,87
486537,486566,486677,111,29
486543,486585,486677,92,42
486542,486580,486678,98,38
486539,486573,486678,105,34
486534,486562,486678,116,28
486540,486575,486679,104,35
486540,486575,486679,104,35
486543,486586,486680,94,43
486541,486578,486680,102,37
486541,486578,486681,103,37
486550,486635,486681,46,85
486542,486580,486682,102,38
486537,486568,486681,113,31
486540,486575,486681,106,35
486543,486584,486682,98,41
486551,486636,486682,46,85
486545,486591,486682,91,46
486544,486589,486682,93,45
486539,486572,486682,110,33
486542,486582,486682,100,40
486544,486588,486683,95,44
486543,486585,486683,98,42
486545,486592,486683,91,47
486539,486573,486683,110,34
486542,486581,486684,103,39
486541,486577,486685,108,36
486544,486587,486685,98,43
486544,486587,486685,98,43
486550,486620,486685,65,70
486546,486593,486685,92,47
486543,486583,486686,103,40
486547,486594,486687,93,47
486540,486573,486686,113,33
486552,486648,486687,39,96
486545,486590,486687,97,45
486546,486593,486688,95,47
486544,486589,486688,99,45
486542,486582,486689,107,40
486544,486586,486688,102,42
486548,486599,486689,90,51
486544,486587,486690,103,43
486550,486625,486690,65,75
486543,486583,486689,106,40
486545,486592,486690,98,47
486548,486599,486690,91,51
486546,486593,486691,98,47
486545,486591,486693,102,46
486547,486597,486693,96,50
486541,486580,486694,114,39
486546,486594,486694,100,48
486545,486592,486695,103,47
486547,486596,486695,99,49
486546,486593,486696,103,47
486548,486600,486696,96,52
486544,486588,486696,108,44
486547,486596,486697,101,49
486547,486594,486697,103,47
486546,486594,486698,104,48
486545,486590,486698,108,45
486547,486598,486699,101,51
486544,486588,486699,111,44
486548,486600,486699,99,52
486573,486653,486700,47,80
486547,486596,486700,104,49
486546,486593,486701,108,47
486548,486605,486701,96,57
486546,486594,486702,108,48
486548,486598,486702,104,50
486573,486655,486704,49,82
486551,486639,486705,66,88
486573,486652,486705,53,79
486549,486605,486706,101,56
486574,486656,486708,52,82
486575,486660,486709,49,85
486551,486647,486710,63,96
486575,486660,486712,52,85
486551,486638,486711,73,87
486574,486658,486712,54,84
486576,486663,486713,50,87
486577,486665,486713,48,88
486576,486665,486716,51,89
486576,486664,486717,53,88
486579,486671,486719,48,92
486552,486649,486718,69,97
486577,486666,486718,52,89
486579,486671,486719,48,92
486573,486655,486720,65,82
486551,486640,486721,81,89
486579,486673,486722,49,94
486552,486648,486724,76,96
486578,486669,486724,55,91
486583,486683,486724,41,100
486551,486642,486726,84,91
486581,486677,486729,52,96
486551,486637,486730,93,86
486574,486657,486729,72,83
486574,486658,486729,71,84
486551,486643,486731,88,92
486575,486660,486733,73,85
486585,486687,486733,46,102
486576,486663,486734,71,87
486582,486682,486734,52,100
486552,486647,486735,88,95
486552,486649,486735,86,97
486574,486657,486735,78,83
486552,486649,486737,88,97
486573,486654,486738,84,81
486552,486649,486738,89,97
486552,486649,486742,93,97
486551,486647,486743,96,96
486584,486686,486744,58,102
486574,486658,486744,86,84
486573,486654,486748,94,81
486575,486658,486749,91,83
486575,486661,486749,88,86
486588,486705,486750,45,117
486575,486658,486750,92,83
486580,486676,486751,75,96
486573,486654,486754,100,81
486574,486656,486753,97,82
486576,486663,486755,92,87
486574,486656,486754,98,82
486588,486701,486755,54,113
486576,486662,486755,93,86
486589,486712,486756,44,123
486589,486706,486757,51,117
486577,486667,486757,90,90
486573,486652,486758,106,79
486575,486658,486758,100,83
486574,486658,486759,101,84
486589,486710,486760,50,121
486575,486660,486761,101,85
486573,486656,486762,106,83
486577,486666,486762,96,89
486589,486709,486764,55,120
486577,486665,486763,98,88
486576,486663,486764,101,87
486586,486690,486764,74,104
486577,486666,486764,98,89
486589,486713,486764,51,124
486575,486659,486765,106,84
486590,486719,486766,47,129
486579,486673,486766,93,94
486590,486714,486766,52,124
486580,486675,486766,91,95
486576,486663,486766,103,87
486590,486720,486767,47,130
486576,486664,486767,103,88
486581,486677,486768,91,96
486589,486713,486768,55,124
486578,486671,486769,98,93
486590,486716,486769,53,126
486575,486659,486769,110,84
486581,486678,486770,92,97
486590,486718,486772,54,128
486591,486729,486772,43,138
486588,486705,486772,67,117
486590,486719,486773,54,129
486577,486667,486773,106,90
486578,486669,486774,105,91
486578,486671,486774,103,93
486580,486674,486774,100,94
486581,486677,486774,97,96
486591,486722,486774,52,131
486578,486668,486775,107,90
486582,486679,486776,97,97
486578,486668,486776,108,90
486579,486672,486777,105,93
486589,486712,486778,66,123
486591,486724,486778,54,133
486579,486673,486778,105,94
486581,486678,486778,100,97
486589,486710,486778,68,121
486592,486733,486779,46,141
486579,486671,486779,108,92
486577,486666,486779,113,89
486591,486725,486780,55,134
486583,486684,486780,96,101
486580,486674,486780,106,94
486583,486684,486780,96,101
486579,486672,486781,109,93
486579,486673,486782,109,94
486578,486671,486782,111,93
486582,486681,486783,102,99
486582,486682,486783,101,100
486580,486675,486785,110,95
486581,486679,486784,105,98
486584,486686,486784,98,102
486581,486678,486785,107,97
486583,486683,486785,102,100
486583,486683,486786,103,100
486582,486681,486786,105,99
486581,486676,486786,110,95
486587,486699,486786,87,112
486580,486676,486787,111,96
486581,486676,486788,112,95
486579,486674,486787,113,95
486585,486687,486788,101,102
486592,486735,486788,53,143
486582,486679,486789,110,97
486584,486686,486789,103,102
486586,486692,486788,96,106
486585,486689,486788,99,104
486583,486683,486789,106,100
486591,486724,486789,65,133
486583,486683,486789,106,100
486578,486671,486790,119,93
486578,486671,486790,119,93
486587,486696,486790,94,109
486587,486696,486791,95,109
486584,486685,486791,106,101
486582,486681,486791,110,99
486585,486689,486792,103,104
486588,486701,486792,91,113
486580,486674,486792,118,94
486584,486685,486793,108,101
486585,486690,486793,103,105
486582,486682,486794,112,100
486583,486683,486794,111,100
486580,486675,486795,120,95
486586,486694,486794,100,108
486582,486679,486795,116,97
486583,486682,486795,113,99
486584,486684,486795,111,100
486583,486683,486796,113,100
486586,486691,486796,105,105
486585,486688,486796,108,103
486586,486690,486797,107,104
486590,486721,486797,76,131
486586,486691,486797,106,105
486586,486696,486798,102,110
486587,486699,486797,98,112
486584,486687,486798,111,103
486587,486698,486799,101,111
486594,486751,486799,48,157
486585,486688,486799,111,103
486586,486693,486799,106,107
486592,486735,486800,65,143
486588,486702,486800,98,114
486588,486702,486800,98,114
486592,486733,486800,67,141
486585,486688,486801,113,103
486584,486686,486801,115,102
486586,486694,486801,107,108
486587,486697,486801,104,110
486585,486690,486802,112,105
486587,486699,486803,104,112
486615,486757,486804,47,142
486594,486755,486804,49,161
486591,486730,486805,75,139
486588,486699,486805,106,111
486588,486702,486806,104,114
486587,486698,486806,108,111
486590,486721,486807,86,131
486591,486731,486807,76,140
486587,486697,486807,110,110
486584,486687,486807,120,103
486589,486708,486807,99,119
486587,486696,486808,112,109
486588,486703,486810,107,115
486615,486761,486811,50,146
486615,486758,486811,53,143
486590,486719,486813,94,129
486586,486693,486812,119,107
486591,486726,486814,88,135
486592,486735,486816,81,143
486616,486764,486817,53,148
486594,486751,486817,66,157
486592,486735,486819,84,143
486593,486738,486819,81,145
486617,486768,486819,51,151
486591,486730,486820,90,139
486617,486767,486821,54,150
486593,486744,486821,77,151
486616,486766,486821,55,150
486616,486767,486822,55,151
486618,486772,486822,50,154
486618,486774,486823,49,156
486616,486765,486823,58,149
486619,486775,486823,48,156
486617,486770,486824,54,153
486592,486735,486825,90,143
486618,486772,486826,54,154
486592,486738,486828,90,146
486619,486778,486828,50,159
486593,486750,486829,79,157
486593,486744,486829,85,151
486620,486779,486832,53,159
486620,486780,486833,53,160
486592,486731,486837,106,139
486593,486742,486837,95,149
486593,486745,486840,95,152
486593,486750,486841,91,157
486593,486750,486841,91,157
486616,486765,486842,77,149
486622,486789,486842,53,167
486594,486751,486843,92,157
486593,486738,486843,105,145
486615,486762,486846,84,147
486616,486766,486846,80,150
486627,486800,486847,47,173
486594,486754,486847,93,160
486594,486754,486848,94,160
486618,486773,486848,75,155
486628,486805,486850,45,177
486615,486763,486850,87,148
486619,486778,486850,72,159
486614,486756,486852,96,142
486615,486761,486853,92,146
486616,486764,486854,90,148
486594,486755,486855,100,161
486615,486758,486855,97,143
486628,486805,486856,51,177
486620,486779,486857,78,159
486594,486755,486857,102,161
486615,486759,486859,100,144
486616,486766,486859,93,150
486629,486812,486861,49,183
486617,486767,486861,94,150
486615,486760,486863,103,145
486616,486765,486864,99,149
486630,486817,486865,48,187
486620,486780,486865,85,160
486616,486765,486866,101,149
486631,486823,486867,44,192
486630,486812,486866,54,182
486623,486790,486868,78,167
486615,486759,486868,109,144
486617,486768,486872,104,151
486617,486767,486871,104,150
486618,486771,486872,101,153
486632,486824,486872,48,192
486631,486820,486873,53,189
486617,486769,486874,105,152
486631,486821,486874,53,190
486631,486824,486874,50,193
486621,486782,486874,92,161
486631,486823,486875,52,192
486631,486822,486876,54,191
486626,486798,486876,78,172
486618,486775,486876,101,157
486631,486822,486876,54,191
486617,486767,486877,110,150
486617,486770,486877,107,153
486627,486801,486877,76,174
486621,486783,486877,94,162
486632,486827,486878,51,195
486627,486800,486878,78,173
486632,486824,486879,55,192
486632,486829,486881,52,197
486632,486833,486880,47,201
486618,486774,486881,107,156
486618,486775,486882,107,157
486621,486785,486882,97,164
486621,486785,486883,98,164
486629,486808,486883,75,179
486619,486775,486883,108,156
486628,486805,486884,79,177
486620,486780,486885,105,160
486620,486780,486884,104,160
486622,486787,486885,98,165
486625,486795,486886,91,170
486623,486789,486887,98,166
486623,486790,486887,97,167
486618,486775,486886,111,157
486619,486778,486887,109,159
486633,486835,486888,53,202
486619,486777,486889,112,158
486621,486783,486890,107,162
486619,486779,486890,111,160
486619,486776,486891,115,157
486624,486792,486891,99,168
486620,486782,486892,110,162
486619,486777,486892,115,158
486622,486786,486892,106,164
486624,486792,486892,100,168
486624,486793,486893,100,169
486625,486795,486894,99,170
486622,486787,486893,106,165
486623,486789,486893,104,166
486627,486800,486894,94,173
486621,486783,486894,111,162
486620,486781,486895,114,161
486634,486851,486895,44,217
486630,486818,486896,78,188
486622,486786,486895,109,164
486621,486785,486896,111,164
486623,486790,486896,106,167
486634,486847,486896,49,213
486633,486842,486896,54,209
486620,486779,486896,117,159
486623,486789,486896,107,166
486620,486781,486897,116,161
486626,486798,486899,101,172
486625,486794,486900,106,169
486622,486788,486900,112,166
486622,486788,486900,112,166
486621,486785,486901,116,164
486631,486821,486901,80,190
486627,486802,486901,99,175
486628,486802,486901,99,174
486630,486819,486901,82,189
486622,486788,486902,114,166
486623,486791,486902,111,168
486624,486793,486901,108,169
486624,486791,486902,111,167
486626,486796,486903,107,170
486625,486794,486902,108,169
486626,486797,486903,106,171
486623,486791,486904,113,168
486628,486806,486903,97,178
486626,486797,486904,107,171
486622,486787,486905,118,165
486623,486789,486904,115,166
486625,486796,486905,109,171
486628,486804,486905,101,176
486628,486802,486905,103,174
486627,486801,486906,105,174
486621,486786,486906,120,165
486626,486796,486907,111,170
486626,486799,486907,108,173
486626,486799,486907,108,173
486629,486809,486908,99,180
486628,486803,486908,105,175
486630,486817,486908,91,187
486628,486803,486909,106,175
486627,486799,486909,110,172
486629,486809,486908,99,180
486624,486793,486908,115,169
486636,486862,486909,47,226
486629,486811,486910,99,182
486625,486796,486909,113,171
486624,486792,486909,117,168
486635,486857,486911,54,222
486625,486795,486911,116,170
486629,486807,486911,104,178
486627,486801,486912,111,174
486629,486808,486912,104,179
486627,486800,486913,113,173
486626,486796,486913,117,170
486625,486795,486913,118,170
486629,486807,486915,108,178
486626,486799,486915,116,173
486629,486808,486915,107,179
486630,486814,486916,102,184
486631,486819,486916,97,188
486632,486828,486918,90,196
486629,486808,486918,110,179
486633,486842,486919,77,209
486630,486813,486919,106,183
486630,486813,486920,107,183
486636,486865,486920,55,229
486633,486837,486920,83,204
486665,486867,486921,54,202
486634,486849,486924,75,215
486665,486867,486925,58,202
486635,486851,486925,74,216
486666,486874,486927,53,208
486665,486873,486927,54,208
486633,486841,486928,87,208
486666,486876,486928,52,210
486665,486873,486929,56,208
486632,486825,486929,104,193
486631,486820,486929,109,189
486632,486830,486930,100,198
486666,486874,486929,55,208
486666,486877,486930,53,211
486632,486830,486933,103,198
486635,486857,486934,77,222
486666,486875,486934,59,209
486667,486881,486934,53,214
486633,486840,486935,95,207
486667,486881,486935,54,214
486667,486879,486936,57,212
486634,486847,486936,89,213
486633,486837,486936,99,204
486667,486880,486937,57,213
486635,486853,486938,85,218
486635,486858,486938,80,223
486633,486844,486939,95,211
486634,486849,486939,90,215
486634,486851,486940,89,217
486635,486854,486939,85,219
486634,486848,486939,91,214
486634,486846,486940,94,212
486671,486895,486942,47,224
486633,486842,486943,101,209
486634,486845,486943,98,211
486669,486888,486945,57,219
486671,486897,486944,47,226
486635,486853,486946,93,218
486665,486869,486946,77,204
486635,486855,486948,93,220
486667,486879,486947,68,212
486635,486856,486948,92,221
486636,486862,486951,89,226
486636,486865,486952,87,229
486671,486897,486952,55,226
486636,486859,486953,94,223
486666,486876,486954,78,210
486667,486878,486954,76,211
486665,486873,486956,83,208
486636,486859,486957,98,223
486676,486910,486957,47,234
486668,486885,486962,77,217
486668,486884,486967,83,216
486664,486866,486969,103,202
486636,486863,486969,106,227
486636,486866,486969,103,230
486666,486874,486969,95,208
486665,486869,486969,100,204
486665,486873,486970,97,208
486666,486877,486972,95,211
486671,486896,486972,76,225
486676,486911,486973,62,235
486667,486878,486973,95,211
486678,486920,486975,55,242
486669,486888,486976,88,219
486678,486922,486977,55,244
486667,486878,486978,100,211
486669,486887,486979,92,218
486678,486926,486979,53,248
486679,486929,486980,51,250
486666,486875,486980,105,209
486669,486887,486979,92,218
486667,486877,486981,104,210
486665,486872,486982,110,207
486679,486928,486984,56,249
486668,486884,486985,101,216
486679,486928,486985,57,249
486680,486936,486986,50,256
486679,486930,486986,56,251
486672,486901,486986,85,229
486668,486885,486986,101,217
486680,486931,486987,56,251
486669,486890,486987,97,221
486668,486882,486989,107,214
486680,486934,486989,55,254
486680,486934,486990,56,254
486668,486883,486992,109,215
486668,486885,486991,106,217
486669,486887,486992,105,218
486679,486929,486992,63,250
486668,486883,486993,110,215
486671,486897,486995,98,226
486668,486886,486995,109,218
486682,486945,486995,50,263
486670,486892,486996,104,222
486680,486936,486996,60,256
486678,486926,486996,70,248
486678,486919,486996,77,241
486673,486902,486998,96,229
486681,486937,486998,61,256
486669,486892,486998,106,223
486682,486943,486998,55,261
486670,486894,486999,105,224
486670,486895,486999,104,225
486670,486894,486999,105,224
486674,486905,487000,95,231
486670,486893,487000,107,223
486671,486897,487000,103,226
486673,486902,487000,98,229
486670,486893,487001,108,223
486670,486892,487001,109,222
486682,486945,487001,56,263
486671,486896,487001,105,225
486670,486895,487002,107,225
486669,486886,487003,117,217
486672,486902,487003,101,230
486674,486905,487003,98,231
486669,486890,487004,114,221
486669,486891,487004,113,222
486672,486901,487004,103,229
486673,486903,487004,101,230
486678,486925,487005,80,247
486671,486895,487005,110,224
486668,486883,487006,123,215
486670,486895,487006,111,225
486673,486904,487007,103,231
486672,486900,487007,107,228
486683,486953,487008,55,270
486673,486903,487008,105,230
486673,486903,487008,105,230
486672,486901,487009,108,229
486671,486897,487009,112,226
486673,486903,487010,107,230
486680,486934,487010,76,254
486676,486910,487011,101,234
486678,486920,487012,92,242
486672,486901,487013,112,229
486672,486898,487014,116,226
486675,486909,487013,104,234
486672,486900,487013,113,228
486676,486910,487014,104,234
486673,486902,487014,112,229
486677,486914,487013,99,237
486672,486902,487015,113,230
486670,486893,487014,121,223
486670,486893,487015,122,223
486676,486910,487015,105,234
486675,486909,487016,107,234
486677,486916,487017,101,239
486675,486908,487017,109,233
486675,486908,487016,108,233
486676,486910,487016,106,234
486674,486906,487016,110,232
486677,486915,487017,102,238
486674,486906,487017,111,232
486674,486906,487018,112,232
486671,486896,487019,123,225
486676,486912,487018,106,236
486677,486914,487019,105,237
486673,486904,487019,115,231
486679,486930,487019,89,251
486674,486904,487020,116,230
486675,486909,487019,110,234
486675,486908,487021,113,233
486675,486909,487021,112,234
486679,486929,487021,92,250
486674,486906,487022,116,232
486683,486948,487022,74,265
486675,486909,487021,112,234
486684,486958,487023,65,274
486677,486916,487023,107,239
486676,486913,487024,111,237
486682,486947,487023,76,265
486676,486912,487024,112,236
486674,486907,487024,117,233
486677,486917,487025,108,240
486679,486930,487025,95,251
486677,486913,487026,113,236
486677,486916,487028,112,239
486678,486920,487028,108,242
486685,486975,487029,54,290
486675,486908,487029,121,233
486681,486940,487030,90,259
486684,486963,487031,68,279
486683,486955,487031,76,272
486680,486933,487031,98,253
486673,486904,487031,127,231
486685,486973,487031,58,288
486678,486921,487032,111,243
486678,486919,487032,113,241
486682,486942,487033,91,260
486686,486979,487033,54,293
486681,486940,487033,93,259
486681,486940,487034,94,259
486682,486944,487034,90,262
486677,486919,487035,116,242
486680,486936,487036,100,256
486708,486989,487036,47,281
486681,486940,487037,97,259
486685,486978,487038,60,293
486707,486986,487038,52,279
486680,486936,487038,102,256
486679,486930,487039,109,251
486677,486914,487039,125,237
486707,486987,487039,52,280
486683,486955,487042,87,272
486683,486948,487042,94,265
486686,486980,487043,63,294
486707,486987,487042,55,280
486681,486937,487042,105,256
486707,486985,487043,58,278
486682,486941,487043,102,259
486681,486939,487045,106,258
486684,486968,487045,77,284
486683,486952,487045,93,269
486682,486946,487046,100,264
486681,486939,487047,108,258
486709,486996,487047,51,287
486708,486990,487049,59,282
486707,486988,487049,61,281
486709,486998,487050,52,289
486685,486973,487050,77,288
486683,486951,487050,99,268
486708,486993,487052,59,285
486709,486997,487053,56,288
486684,486958,487052,94,274
486683,486950,487052,102,267
486709,486999,487053,54,290
486684,486957,487054,97,273
486683,486953,487058,105,270
486685,486970,487058,88,285
486707,486987,487061,74,280
486685,486972,487061,89,287
486682,486944,487063,119,262
486711,487002,487063,61,291
486685,486974,487063,89,289
486686,486979,487064,85,293
486684,486969,487065,96,285
486706,486981,487065,84,275
486717,487023,487066,43,306
486712,487008,487065,57,296
486685,486976,487067,91,291
486706,486982,487071,89,276
486684,486970,487071,101,286
486707,486987,487071,84,280
486685,486971,487073,102,286
486709,486997,487076,79,288
486709,486997,487077,80,288
486706,486982,487077,95,276
486684,486970,487077,107,286
486707,486985,487082,97,278
486684,486970,487083,113,286
486686,486979,487083,104,293
486712,487006,487083,77,294
486718,487030,487084,54,312
486710,486999,487084,85,289
486720,487037,487085,48,317
486713,487011,487089,78,298
486719,487034,487090,56,315
486706,486980,487092,112,274
486707,486989,487091,102,282
486719,487032,487093,61,313
486720,487038,487092,54,318
486721,487040,487094,54,319
486708,486992,487093,101,284
486708,486994,487096,102,286
486709,486998,487097,99,289
486707,486988,487099,111,281
486720,487039,487100,61,319
486721,487043,487100,57,322
486721,487043,487099,56,322
486722,487050,487101,51,328
486708,486993,487103,110,285
486713,487009,487104,95,296
486710,487001,487103,102,291
486721,487043,487104,61,322
486708,486992,487105,113,284
486712,487009,487104,95,297
486722,487048,487105,57,326
486748,487101,487105,4,353
486711,487003,487106,103,292
486711,487004,487107,103,293
486748,487102,487107,5,354
486722,487050,487107,57,328
486723,487053,487108,55,330
486708,486995,487107,112,287
486717,487022,487108,86,305
486711,487005,487108,103,294
486713,487014,487108,94,301
486711,487004,487109,105,293
486709,486997,487109,112,288
486748,487105,487109,4,357
486710,487000,487110,110,290
486749,487106,487109,3,357
486749,487106,487109,3,357
486708,486995,487110,115,287
486710,486999,487109,110,289
486712,487008,487110,102,296
486713,487011,487111,100,298
486723,487054,487111,57,331
486749,487108,487112,4,359
486749,487107,487112,5,358
486710,487000,487112,112,290
486711,487004,487112,108,293
486748,487104,487111,7,356
486717,487025,487112,87,308
486711,487005,487112,107,294
486718,487031,487113,82,313
486749,487108,487113,5,359
486710,487001,487113,112,291
486711,487002,487114,112,291
486716,487022,487114,92,306
486750,487110,487114,4,360
486710,487001,487114,113,291
486714,487015,487114,99,301
486750,487110,487114,4,360
486709,486998,487115,117,289
486710,487002,487115,113,292
486748,487103,487115,12,355
486748,487105,487115,10,357
486750,487110,487115,5,360
486712,487007,487115,108,295
486749,487105,487115,10,356
486749,487106,487116,10,357
486750,487109,487116,7,359
486749,487107,487116,9,358
486723,487053,487116,63,330
486751,487112,487116,4,361
486751,487112,487116,4,361
486751,487112,487117,5,361
486715,487019,487117,98,304
486710,487001,487117,116,291
486748,487104,487117,13,356
486712,487007,487117,110,295
486724,487064,487118,54,340
486715,487017,487118,101,302
486722,487051,487117,66,329
486750,487109,487118,9,359
486750,487108,487118,10,358
486718,487031,487118,87,313
486721,487042,487118,76,321
486753,487114,487119,5,361
486750,487110,487118,8,360
486751,487111,487119,8,360
486751,487113,487119,6,362
486752,487113,487119,6,361
486752,487113,487119,6,361
486751,487110,487119,9,359
486752,487113,487120,7,361
486724,487066,487119,53,342
486713,487010,487119,109,297
486751,487111,487120,9,360
486711,487003,487120,117,292
486712,487007,487120,113,295
486752,487114,487120,6,362
486752,487114,487120,6,362
486752,487114,487120,6,362
486753,487116,487121,5,363
486754,487117,487121,4,363
486754,487117,487121,4,363
486712,487006,487121,115,294
486716,487020,487121,101,304
486751,487111,487121,10,360
486750,487109,487121,12,359
486750,487109,487122,13,359
486753,487115,487121,6,362
486755,487117,487122,5,362
486752,487113,487122,9,361
486724,487066,487123,57,342
486716,487020,487122,102,304
486753,487115,487122,7,362
486755,487118,487123,5,363
486753,487114,487123,9,361
486716,487020,487123,103,304
486752,487114,487124,10,362
486755,487119,487123,4,364
486711,487005,487123,118,294
486713,487012,487123,111,299
486754,487117,487123,6,363
486712,487009,487123,114,297
486714,487015,487123,108,301
486751,487112,487124,12,361
486714,487016,487124,108,302
486753,487115,487124,9,362
486756,487119,487124,5,363
486753,487115,487124,9,362
486754,487117,487124,7,363
486757,487120,487124,4,363
486715,487018,487124,106,303
486714,487014,487125,111,300
486753,487114,487125,11,361
486753,487116,487125,9,363
486758,487122,487126,4,364
486719,487032,487125,93,313
486756,487120,487126,6,364
486717,487022,487126,104,305
486756,487119,487125,6,363
486756,487119,487126,7,363
486754,487117,487126,9,363
486755,487118,487127,9,363
486756,487119,487127,8,363
486754,487116,487127,11,362
486754,487116,487127,11,362
486757,487120,487127,7,363
486756,487119,487127,8,363
486755,487118,487128,10,363
486759,487123,487127,4,364
486759,487123,487128,5,364
486713,487013,487129,116,300
486715,487017,487128,111,302
486755,487119,487128,9,364
486714,487017,487128,111,303
486716,487022,487128,106,306
486755,487118,487128,10,363
486755,487118,487128,10,363
486757,487120,487128,8,363
486759,487124,487129,5,365
486757,487121,487128,7,364
486759,487124,487129,5,365
486757,487121,487129,8,364
486757,487121,487129,8,364
486759,487123,487129,6,364
486757,487121,487130,9,364
486761,487125,487129,4,364
486714,487015,487130,115,301
486716,487020,487129,109,304
486757,487120,487130,10,363
486762,487126,487130,4,364
486752,487114,487130,16,362
486757,487120,487130,10,363
486758,487122,487130,8,364
486755,487119,487130,11,364
486722,487051,487131,80,329
486716,487020,487131,111,304
486756,487119,487130,11,363
486759,487122,487131,9,363
486759,487124,487131,7,365
486726,487086,487131,45,360
486760,487124,487131,7,364
486713,487014,487132,118,301
486761,487124,487132,8,363
486759,487124,487131,7,365
486762,487126,487131,5,364
486762,487126,487131,5,364
486713,487012,487132,120,299
486761,487125,487132,7,364
486758,487122,487132,10,364
486762,487127,487132,5,365
486762,487127,487133,6,365
486758,487122,487132,10,364
486760,487124,487133,9,364
486763,487128,487133,5,365
486760,487124,487133,9,364
486762,487126,487133,7,364
486759,487123,487133,10,364
486760,487124,487133,9,364
486719,487033,487133,100,314
486715,487018,487133,115,303
486758,487122,487134,12,364
486758,487122,487133,11,364
486763,487129,487134,5,366
486717,487022,487134,112,305
486760,487124,487134,10,364
486760,487124,487134,10,364
486761,487125,487134,9,364
486761,487125,487134,9,364
486764,487130,487134,4,366
486762,487126,487134,8,364
486719,487034,487134,100,315
486762,487128,487135,7,366
486765,487130,487134,4,365
486715,487017,487135,118,302
486765,487130,487135,5,365
486721,487046,487135,89,325
486758,487122,487135,13,364
486719,487033,487135,102,314
486763,487128,487135,7,365
486763,487128,487136,8,365
486718,487030,487135,105,312
486718,487031,487135,104,313
486763,487128,487137,9,365
486768,487133,487137,4,365
486765,487130,487137,7,365
486717,487025,487137,112,308
486715,487019,487137,118,304
486714,487015,487137,122,301
486769,487134,487138,4,365
486715,487017,487138,121,302
486767,487132,487137,5,365
486768,487133,487137,4,365
486769,487134,487138,4,365
486720,487037,487138,101,317
486766,487131,487138,7,365
486768,487133,487138,5,365
486718,487026,487138,112,308
486767,487132,487139,7,365
486724,487064,487138,74,340
486766,487131,487138,7,365
486764,487130,487139,9,366
486726,487085,487139,54,359
486769,487134,487139,5,365
486768,487133,487139,6,365
486765,487130,487139,9,365
486765,487130,487139,9,365
486766,487131,487139,8,365
486767,487132,487139,7,365
486763,487128,487139,11,365
486766,487131,487140,9,365
486766,487131,487139,8,365
486718,487032,487140,108,314
486764,487130,487139,9,366
486764,487130,487140,10,366
486766,487130,487140,10,364
486770,487135,487140,5,365
486768,487133,487140,7,365
486791,487136,487140,4,345
486715,487017,487141,124,302
486762,487127,487140,13,365
486769,487133,487140,7,364
486766,487131,487141,10,365
486767,487133,487141,8,366
486767,487133,487141,8,366
486767,487133,487140,7,366
486758,487122,487141,19,364
486792,487137,487141,4,345
486791,487135,487141,6,344
486720,487036,487141,105,316
486764,487130,487141,11,366
486768,487133,487140,7,365
486765,487130,487142,12,365
486770,487135,487142,7,365
486769,487134,487142,8,365
486721,487043,487142,99,322
486763,487128,487141,13,365
486770,487135,487142,7,365
486769,487134,487142,8,365
486769,487134,487142,8,365
486767,487132,487141,9,365
486718,487029,487142,113,311
486792,487138,487142,4,346
486792,487138,487142,4,346
486793,487138,487142,4,345
486770,487135,487143,8,365
486791,487137,487142,5,346
486768,487133,487143,10,365
486791,487137,487143,6,346
486770,487135,487143,8,365
486791,487137,487143,6,346
486793,487139,487144,5,346
486791,487136,487143,7,345
486793,487139,487143,4,346
486791,487137,487143,6,346
486723,487055,487144,89,332
486768,487133,487144,11,365
486768,487133,487143,10,365
486770,487135,487144,9,365
486792,487138,487145,7,346
486794,487140,487144,4,346
486794,487140,487144,4,346
486764,487130,487144,14,366
486794,487139,487144,5,345
486720,487040,487144,104,320
486766,487131,487145,14,365
486717,487024,487145,121,307
486720,487038,487145,107,318
486791,487136,487145,9,345
486795,487140,487146,6,345
486795,487140,487145,5,345
486793,487138,487145,7,345
486764,487130,487145,15,366
486793,487139,487146,7,346
486795,487141,487145,4,346
486796,487141,487146,5,345
486793,487139,487146,7,346
486795,487140,487145,5,345
486795,487140,487145,5,345
486795,487140,487145,5,345
486767,487131,487146,15,364
486760,487124,487146,22,364
486794,487140,487146,6,346
486796,487141,487146,5,345
486796,487141,487147,6,345
486796,487141,487147,6,345
486798,487142,487147,5,344
486719,487035,487146,111,316
486723,487058,487146,88,335
486758,487122,487146,24,364
486723,487061,487147,86,338
486797,487142,487146,4,345
486797,487142,487147,5,345
486770,487135,487147,12,365
486796,487141,487147,6,345
486798,487143,487147,4,345
486721,487044,487147,103,323
486761,487125,487148,23,364
486792,487138,487147,9,346
486797,487142,487148,6,345
486794,487140,487147,7,346
486796,487141,487148,7,345
486726,487091,487148,57,365
486769,487133,487149,16,364
486794,487140,487148,8,346
486796,487141,487148,7,345
486798,487143,487148,5,345
486720,487039,487148,109,319
486721,487043,487149,106,322
486721,487045,487149,104,324
486722,487047,487148,101,325
486797,487142,487149,7,345
486797,487142,487149,7,345
486798,487142,487149,7,344
486800,487144,487149,5,344
486799,487144,487149,5,345
486800,487144,487149,5,344
486799,487143,487149,6,344
486798,487142,487149,7,344
486797,487142,487150,8,345
486801,487145,487150,5,344
486800,487145,487150,5,345
486722,487047,487150,103,325
486799,487144,487149,5,345
486793,487138,487150,12,345
486796,487141,487150,9,345
486798,487143,487150,7,345
486727,487094,487150,56,367
486793,487139,487150,11,346
486800,487144,487150,6,344
486800,487145,487150,5,345
486725,487074,487150,76,349
486792,487138,487151,13,346
486799,487143,487150,7,344
486802,487147,487150,3,345
486797,487142,487151,9,345
486797,487142,487151,9,345
486803,487147,487151,4,344
486799,487144,487151,7,345
486802,487146,487151,5,344
486726,487085,487151,66,359
486766,487130,487151,21,364
486802,487146,487151,5,344
486793,487139,487151,12,346
486795,487140,487151,11,345
486804,487147,487152,5,343
486723,487059,487151,92,336
486792,487137,487153,16,345
486797,487142,487152,10,345
486799,487143,487152,9,344
486800,487145,487152,7,345
486802,487146,487153,7,344
486806,487149,487153,4,343
486804,487147,487153,6,343
486724,487062,487152,90,338
486803,487147,487152,5,344
486805,487148,487153,5,343
486802,487146,487153,7,344
486806,487149,487153,4,343
486806,487149,487153,4,343
486796,487141,487153,12,345
486804,487148,487153,5,344
486804,487148,487153,5,344
486805,487149,487153,4,344
486805,487149,487153,4,344
486801,487145,487153,8,344
486801,487146,487153,7,345
486801,487146,487153,7,345
486804,487147,487153,6,343
486801,487145,487153,8,344
486803,487147,487153,6,344
486803,487147,487154,7,344
486806,487149,487154,5,343
486727,487093,487154,61,366
486727,487093,487154,61,366
486722,487046,487154,108,324
486806,487150,487154,4,344
486724,487064,487154,90,340
486724,487065,487154,89,341
486806,487149,487154,5,343
486720,487040,487154,114,320
486799,487143,487154,11,344
486798,487143,487154,11,345
486804,487147,487155,8,343
486807,487150,487154,4,343
486807,487150,487155,5,343
486804,487148,487155,7,344
486725,487077,487154,77,352
486807,487150,487155,5,343
486807,487150,487155,5,343
486726,487084,487155,71,358
486805,487148,487155,7,343
486808,487151,487155,4,343
486725,487072,487155,83,347
486809,487151,487156,5,342
486809,487151,487155,4,342
486718,487027,487156,129,309
486799,487143,487156,13,344
486809,487151,487156,5,342
486809,487151,487155,4,342
486803,487147,487155,8,344
486804,487147,487155,8,343
486770,487135,487156,21,365
486810,487151,487156,5,341
486805,487148,487156,8,343
486806,487149,487156,7,343
486805,487148,487157,9,343
486799,487143,487156,13,344
486807,487150,487156,6,343
486803,487147,487156,9,344
486803,487147,487156,9,344
486807,487150,487156,6,343
486726,487083,487156,73,357
486769,487134,487156,22,365
486756,487120,487157,37,364
486801,487145,487157,12,344
486727,487094,487157,63,367
486807,487150,487157,7,343
486808,487151,487157,6,343
486811,487153,487157,4,342
486792,487137,487157,20,345
486728,487101,487157,56,373
486810,487153,487157,4,343
486810,487152,487157,5,342
486727,487092,487158,66,365
486808,487151,487158,7,343
486811,487154,487157,3,343
486810,487152,487158,6,342
486812,487154,487158,4,342
486770,487134,487158,24,364
486813,487154,487158,4,341
486725,487078,487159,81,353
486803,487147,487158,11,344
486810,487151,487158,7,341
486813,487154,487159,5,341
486813,487155,487159,4,342
486834,487155,487159,4,321
486835,487155,487159,4,320
486812,487154,487158,4,342
486727,487099,487158,59,372
486726,487084,487159,75,358
486812,487154,487159,5,342
486802,487146,487159,13,344
486812,487154,487159,5,342
486810,487151,487159,8,341
486727,487096,487159,63,369
486801,487145,487159,14,344
486813,487154,487159,5,341
486810,487152,487159,7,342
486834,487155,487159,4,321
486834,487155,487159,4,321
486835,487156,487160,4,321
486761,487125,487160,35,364
486761,487125,487160,35,364
486835,487155,487159,4,320
486725,487067,487160,93,342
486794,487140,487160,20,346
486806,487149,487160,11,343
486835,487156,487160,4,321
486794,487140,487160,20,346
486792,487138,487160,22,346
486834,487155,487160,5,321
486834,487155,487160,5,321
486811,487154,487161,7,343
486835,487156,487161,5,321
486811,487154,487160,6,343
486837,487157,487161,4,320
486811,487153,487161,8,342
486811,487153,487160,7,342
486808,487150,487161,11,342
486812,487154,487161,7,342
486836,487156,487161,5,320
486811,487153,487161,8,342
486813,487154,487162,8,341
486813,487154,487162,8,341
486837,487157,487161,4,320
486836,487156,487161,5,320
486838,487157,487162,5,319
486724,487066,487162,96,342
486834,487155,487161,6,321
486838,487157,487162,5,319
486727,487100,487162,62,373
486726,487084,487162,78,358
486836,487156,487162,6,320
486837,487156,487162,6,319
486837,487157,487162,5,320
486810,487152,487162,10,342
486812,487154,487162,8,342
486838,487158,487162,4,320
486839,487158,487162,4,319
486839,487158,487162,4,319
486725,487078,487162,84,353
486834,487155,487163,8,321
486838,487157,487163,6,319
486836,487156,487162,6,320
486837,487157,487163,6,320
486839,487158,487163,5,319
486839,487158,487162,4,319
486725,487076,487162,86,351
486805,487148,487163,15,343
486813,487154,487162,8,341
486835,487155,487162,7,320
486838,487158,487163,5,320
486838,487158,487163,5,320
486839,487158,487163,5,319
486725,487072,487163,91,347
486805,487149,487163,14,344
486835,487155,487163,8,320
486839,487158,487163,5,319
486760,487124,487164,40,364
486811,487153,487163,10,342
486837,487157,487163,6,320
486837,487157,487164,7,320
486838,487157,487163,6,319
486835,487156,487164,8,321
486837,487157,487164,7,320
486841,487160,487164,4,319
486840,487159,487164,5,319
486840,487159,487164,5,319
486800,487144,487164,20,344
486813,487154,487164,10,341
486840,487159,487164,5,319
486800,487144,487165,21,344
486838,487158,487165,7,320
486840,487159,487164,5,319
486760,487124,487164,40,364
486841,487160,487165,5,319
486837,487157,487165,8,320
486795,487141,487165,24,346
486809,487151,487165,14,342
486841,487160,487165,5,319
486843,487161,487165,4,318
486719,487033,487165,132,314
486801,487146,487166,20,345
486839,487158,487165,7,319
486842,487161,487166,5,319
486763,487128,487166,38,365
486801,487146,487166,20,345
486834,487155,487166,11,321
486842,487161,487165,4,319
486812,487154,487166,12,342
486839,487159,487166,7,320
486812,487154,487166,12,342
486840,487159,487165,6,319
486727,487097,487166,69,370
486838,487158,487165,7,320
486842,487160,487166,6,318
486843,487161,487166,5,318
486765,487130,487166,36,365
486765,487130,487166,36,365
486844,487162,487167,5,318
486840,487159,487166,7,319
486842,487161,487166,5,319
486841,487159,487167,8,318
486810,487152,487166,14,342
486841,487159,487167,8,318
486843,487161,487166,5,318
486844,487162,487167,5,318
486841,487160,487167,7,319
486846,487162,487167,5,316
486724,487065,487168,103,341
486723,487053,487167,114,330
486840,487159,487168,9,319
486845,487162,487167,5,317
486845,487162,487167,5,317
486847,487163,487167,4,316
486846,487163,487167,4,317
486840,487159,487167,8,319
486848,487164,487168,4,316
486807,487150,487168,18,343
486804,487148,487168,20,344
486844,487161,487169,8,317
486847,487163,487168,5,316
486847,487163,487168,5,316
486845,487162,487168,6,317
486807,487150,487168,18,343
486836,487156,487168,12,320
486842,487160,487168,8,318
486848,487164,487168,4,316
486848,487164,487168,4,316
486848,487164,487169,5,316
486722,487051,487168,117,329
486849,487164,487169,5,315
486846,487163,487168,5,317
486765,487130,487169,39,365
486848,487164,487169,5,316
486843,487161,487169,8,318
486714,487015,487169,154,301
486717,487025,487169,144,308
486846,487163,487169,6,317
486844,487162,487169,7,318
486845,487162,487169,7,317
486847,487163,487169,6,316
486808,487151,487170,19,343
486764,487130,487170,40,366
486851,487166,487170,4,315
486846,487163,487169,6,317
486844,487162,487170,8,318
486844,487162,487169,7,318
486850,487165,487170,5,315
486851,487166,487170,4,315
486846,487162,487170,8,316
486844,487162,487170,8,318
486841,487160,487171,11,319
486847,487163,487170,7,316
486852,487167,487171,4,315
486852,487167,487171,4,315
486717,487024,487171,147,307
486851,487166,487171,5,315
486851,487166,487171,5,315
486848,487164,487171,7,316
486847,487163,487171,8,316
486852,487167,487171,4,315
486853,487167,487172,5,314
486808,487151,487171,20,343
486843,487161,487172,11,318
486845,487162,487171,9,317
486847,487163,487171,8,316
486852,487166,487172,6,314
486852,487166,487172,6,314
486852,487166,487171,5,314
486726,487090,487171,81,364
486842,487161,487172,11,319
486842,487161,487172,11,319
486842,487161,487172,11,319
486847,487163,487171,8,316
486852,487167,487172,5,315
486853,487167,487172,5,314
486853,487167,487172,5,314
486853,487167,487172,5,314
486843,487161,487172,11,318
486850,487165,487172,7,315
486854,487168,487172,4,314
486849,487164,487172,8,315
486854,487168,487173,5,314
486855,487168,487173,5,313
486844,487162,487173,11,318
486849,487164,487173,9,315
486855,487168,487173,5,313
486855,487168,487172,4,313
486854,487167,487173,6,313
486812,487154,487174,20,342
486727,487092,487174,82,365
486854,487168,487173,5,314
486850,487165,487173,8,315
486877,487169,487173,4,292
486851,487166,487173,7,315
486851,487166,487173,7,315
486852,487166,487173,7,314
486846,487162,487174,12,316
486850,487165,487174,9,315
486853,487167,487174,7,314
486876,487169,487173,4,293
486876,487169,487174,5,293
486856,487169,487174,5,313
486876,487169,487174,5,293
486843,487161,487174,13,318
486848,487164,487174,10,316
486836,487156,487174,18,320
486876,487169,487174,5,293
486877,487169,487174,5,292
486876,487169,487174,5,293
486846,487162,487175,13,316
486850,487165,487175,10,315
486876,487169,487174,5,293
486845,487162,487174,12,317
486878,487170,487174,4,292
486853,487167,487174,7,314
486723,487053,487175,122,330
486854,487167,487175,8,313
486876,487169,487174,5,293
486877,487169,487175,6,292
486849,487164,487174,10,315
486877,487170,487175,5,293
486878,487170,487175,5,292
486835,487155,487176,21,320
486850,487165,487175,10,315
486876,487169,487175,6,293
486878,487170,487176,6,292
486843,487161,487175,14,318
486847,487163,487176,13,316
486854,487168,487175,7,314
486854,487168,487176,8,314
486879,487171,487176,5,292
486835,487155,487175,20,320
486849,487164,487176,12,315
486849,487164,487176,12,315
486855,487169,487176,7,314
486881,487172,487177,5,291
486880,487171,487177,6,291
486881,487172,487177,5,291
486882,487172,487177,5,290
486882,487172,487177,5,290
486882,487173,487177,4,291
486836,487156,487177,21,320
486880,487171,487177,6,291
486794,487139,487177,38,345
486880,487171,487177,6,291
486883,487173,487177,4,290
486855,487168,487176,8,313
486879,487171,487176,5,292
486879,487171,487176,5,292
486880,487172,487176,4,292
486879,487170,487177,7,291
486879,487170,487177,7,291
486850,487165,487177,12,315
486851,487166,487177,11,315
486881,487172,487177,5,291
486881,487172,487178,6,291
486881,487172,487178,6,291
486883,487173,487178,5,290
486853,487167,487178,11,314
486877,487170,487177,7,293
486883,487173,487178,5,290
486882,487172,487178,6,290
486882,487173,487177,4,291
486798,487143,487178,35,345
486878,487170,487178,8,292
486880,487171,487178,7,291
486854,487167,487179,12,313
486885,487174,487178,4,289
486884,487174,487178,4,290
486877,487170,487178,8,293
486879,487171,487178,7,292
486883,487173,487178,5,290
486885,487175,487179,4,290
486885,487175,487179,4,290
486879,487171,487178,7,292
486886,487175,487179,4,289
486877,487169,487180,11,292
486841,487160,487179,19,319
486849,487165,487179,14,316
486884,487174,487179,5,290
486884,487174,487180,6,290
486854,487167,487179,12,313
486882,487172,487180,8,290
486842,487160,487180,20,318
486850,487165,487179,14,315
486881,487172,487180,8,291
486886,487175,487180,5,289
486883,487173,487180,7,290
486885,487174,487179,5,289
486888,487175,487180,5,287
486845,487162,487180,18,317
486880,487171,487180,9,291
486887,487175,487180,5,288
486840,487159,487180,21,319
486887,487175,487180,5,288
486887,487175,487180,5,288
486885,487174,487181,7,289
486882,487173,487180,7,291
486884,487174,487181,7,290
486884,487174,487181,7,290
486884,487174,487181,7,290
486884,487174,487181,7,290
486884,487174,487180,6,290
486886,487175,487181,6,289
486881,487172,487181,9,291
486883,487173,487181,8,290
486888,487176,487181,5,288
486883,487173,487181,8,290
486855,487168,487181,13,313
486885,487174,487181,7,289
486887,487175,487180,5,288
486802,487146,487181,35,344
486887,487175,487181,6,288
486880,487171,487181,10,291
486886,487175,487181,6,289
486881,487172,487181,9,291
486886,487175,487182,7,289
486885,487174,487182,8,289
486886,487175,487182,7,289
486888,487176,487182,6,288
486888,487176,487183,7,288
486891,487178,487182,4,287
486889,487176,487182,6,287
486801,487146,487182,36,345
486890,487177,487183,6,287
486890,487177,487183,6,287
486890,487177,487183,6,287
486802,487147,487182,35,345
486886,487175,487182,7,289
486891,487178,487183,5,287
486892,487178,487183,5,286
486892,487178,487183,5,286
486890,487177,487183,6,287
486893,487179,487183,4,286
486888,487175,487183,8,287
486848,487164,487183,19,316
486889,487176,487183,7,287
486894,487179,487184,5,285
486889,487176,487184,8,287
486890,487177,487183,6,287
486889,487176,487183,7,287
486849,487164,487184,20,315
486850,487165,487184,19,315
486888,487176,487184,8,288
486892,487178,487184,6,286
486891,487178,487183,5,287
486891,487178,487183,5,287
486888,487176,487184,8,288
486725,487073,487183,110,348
486846,487163,487183,20,317
486887,487175,487183,8,288
486893,487179,487183,4,286
486889,487177,487184,7,288
486893,487179,487184,5,286
486890,487177,487185,8,287
486894,487180,487184,4,286
486893,487179,487185,6,286
486888,487176,487185,9,288
486890,487177,487184,7,287
486849,487165,487184,19,316
486887,487175,487184,9,288
486891,487178,487185,7,287
486893,487179,487184,5,286
486889,487176,487185,9,287
486888,487176,487185,9,288
486892,487179,487186,7,287
486886,487175,487186,11,289
486886,487175,487186,11,289
486896,487182,487186,4,286
486898,487182,487186,4,284
486885,487174,487185,11,289
486891,487178,487185,7,287
486892,487179,487185,6,287
486892,487179,487185,6,287
486895,487181,487186,5,286
486897,487182,487186,4,285
486851,487166,487186,20,315
486894,487181,487186,5,287
486897,487182,487186,4,285
486896,487182,487186,4,286
486893,487179,487186,7,286
486895,487181,487186,5,286
486892,487178,487186,8,286
486896,487182,487186,4,286
486896,487182,487187,5,286
486895,487182,487186,4,287
486896,487182,487187,5,286
486897,487182,487187,5,285
486898,487182,487187,5,284
486853,487167,487187,20,314
486899,487183,487187,4,284
486893,487179,487187,8,286
486897,487182,487187,5,285
486898,487182,487187,5,284
486898,487182,487187,5,284
486920,487183,487187,4,263
486899,487182,487187,5,283
486894,487181,487188,7,287
486889,487176,487187,11,287
486896,487182,487187,5,286
486895,487182,487187,5,287
486896,487182,487188,6,286
486894,487181,487188,7,287
486894,487180,487187,7,286
486922,487184,487188,4,262
486920,487183,487188,5,263
486920,487183,487188,5,263
486921,487184,487189,5,263
486811,487153,487188,35,342
486855,487168,487188,20,313
486813,487154,487189,35,341
486895,487181,487188,7,286
486890,487177,487189,12,287
486895,487181,487188,7,286
486921,487184,487189,5,263
486922,487184,487189,5,262
486893,487179,487189,10,286
486899,487183,487190,7,284
486855,487168,487189,21,313
486894,487180,487189,9,286
486897,487182,487189,7,285
486920,487183,487190,7,263
486920,487183,487189,6,263
486920,487183,487189,6,263
486925,487185,487190,5,260
486925,487185,487190,5,260
486889,487177,487190,13,288
486895,487182,487189,7,287
486899,487183,487189,6,284
486894,487181,487189,8,287
486891,487178,487189,11,287
486920,487183,487190,7,263
486899,487182,487190,8,283
486924,487185,487190,5,261
486878,487170,487190,20,292
486897,487182,487190,8,285
486922,487184,487190,6,262
486878,487170,487189,19,292
486925,487186,487190,4,261
486926,487186,487191,5,260
486895,487181,487191,10,286
486893,487179,487190,11,286
486921,487184,487191,7,263
486922,487184,487191,7,262
486924,487185,487191,6,261
486892,487179,487191,12,287
486921,487184,487191,7,263
486921,487184,487191,7,263
486924,487185,487192,7,261
486880,487171,487191,20,291
486924,487185,487191,6,261
486921,487184,487191,7,263
486922,487184,487192,8,262
486923,487184,487192,8,261
486926,487186,487192,6,260
486921,487184,487192,8,263
486928,487187,487192,5,259
486925,487185,487192,7,260
486930,487188,487192,4,258
486922,487184,487192,8,262
486928,487187,487192,5,259
486922,487184,487193,9,262
486923,487184,487193,9,261
486926,487186,487192,6,260
486929,487188,487193,5,259
486836,487156,487192,36,320
486927,487187,487192,5,260
486926,487186,487193,7,260
486925,487185,487192,7,260
486898,487182,487193,11,284
486928,487187,487192,5,259
486922,487184,487193,9,262
486927,487187,487193,6,260
486927,487187,487193,6,260
486898,487182,487193,11,284
486931,487189,487193,4,258
486896,487182,487193,11,286
486923,487184,487194,10,261
486923,487184,487193,9,261
486896,487182,487193,11,286
486928,487187,487193,6,259
486926,487187,487194,7,261
486928,487187,487193,6,259
486930,487188,487193,5,258
486839,487159,487194,35,320
486928,487187,487194,7,259
486930,487188,487195,7,258
486931,487189,487195,6,258
486934,487190,487195,5,256
486934,487190,487195,5,256
486921,487184,487194,10,263
486928,487187,487194,7,259
486929,487187,487194,7,258
486929,487188,487195,7,259
486933,487190,487195,5,257
486929,487188,487194,6,259
486933,487190,487195,5,257
486894,487181,487195,14,287
486923,487184,487194,10,261
486924,487185,487194,9,261
486932,487189,487195,6,257
486930,487188,487195,7,258
486930,487188,487195,7,258
486932,487189,487195,6,257
486931,487188,487195,7,257
486935,487191,487196,5,256
486932,487189,487195,6,257
486929,487188,487195,7,259
486933,487189,487196,7,256
486936,487191,487196,5,255
486843,487161,487196,35,318
486920,487183,487195,12,263
486927,487187,487195,8,260
486927,487187,487195,8,260
486931,487189,487195,6,258
486934,487190,487196,6,256
486933,487190,487196,6,257
486929,487187,487196,9,258
486925,487185,487196,11,260
486932,487189,487195,6,257
486931,487189,487196,7,258
486932,487189,487195,6,257
486931,487188,487196,8,257
486935,487191,487196,5,256
486938,487192,487197,5,254
486933,487190,487197,7,257
486716,487021,487196,175,305
486936,487191,487197,6,255
486937,487192,487196,4,255
486937,487192,487197,5,255
486933,487190,487197,7,257
486933,487190,487196,6,257
486936,487191,487197,6,255
486927,487187,487197,10,260
486935,487190,487197,7,255
486938,487193,487197,4,255
486939,487193,487197,4,254
486938,487193,487198,5,255
486932,487189,487197,8,257
486936,487191,487198,7,255
486938,487192,487197,5,254
486890,487177,487198,21,287
486932,487189,487198,9,257
486926,487186,487198,12,260
486939,487194,487198,4,255
486939,487194,487198,4,255
486939,487194,487198,4,255
486931,487188,487198,10,257
486889,487176,487198,22,287
486941,487194,487199,5,253
486941,487194,487199,5,253
486940,487194,487198,4,254
486935,487190,487199,9,255
486940,487194,487198,4,254
486940,487194,487198,4,254
486936,487191,487199,8,255
486937,487192,487199,7,255
486937,487192,487199,7,255
486937,487192,487199,7,255
486941,487194,487200,6,253
486937,487191,487200,9,254
486925,487186,487199,13,261
486939,487193,487200,7,254
486941,487194,487199,5,253
486941,487194,487199,5,253
486942,487195,487200,5,253
486942,487195,487200,5,253
486934,487190,487200,10,256
486938,487192,487200,8,254
486934,487190,487201,11,256
486941,487194,487200,6,253
486940,487194,487200,6,254
486941,487194,487200,6,253
486939,487193,487200,7,254
486942,487194,487200,6,252
486943,487195,487200,5,252
486945,487196,487200,4,251
486944,487196,487200,4,252
486944,487196,487201,5,252
486940,487194,487200,6,254
486941,487194,487201,7,253
486944,487196,487201,5,252
486943,487195,487201,6,252
486938,487192,487201,9,254
486943,487195,487201,6,252
486943,487195,487201,6,252
486897,487182,487201,19,285
486944,487196,487201,5,252
486853,487167,487202,35,314
486940,487194,487201,7,254
486942,487195,487202,7,253
486942,487195,487201,6,253
486938,487192,487202,10,254
486946,487196,487202,6,250
486945,487196,487202,6,251
486945,487196,487202,6,251
486939,487193,487203,10,254
486945,487196,487203,7,251
486944,487196,487203,7,252
486934,487190,487203,13,256
486943,487195,487203,8,252
486940,487194,487202,8,254
486936,487191,487203,12,255
486938,487192,487203,11,254
486944,487196,487203,7,252
486943,487195,487204,9,252
486946,487196,487204,8,250
486945,487196,487204,8,251
486945,487196,487203,7,251
486938,487192,487204,12,254
486946,487196,487204,8,250
486937,487192,487204,12,255
486943,487195,487204,9,252
486946,487197,487205,8,251
486935,487191,487204,13,256
486934,487190,487205,15,256
486925,487185,487205,20,260
486939,487194,487205,11,255
486791,487136,487205,69,345
486878,487170,487206,36,292
486942,487195,487206,11,253
486930,487188,487206,18,258
486944,487195,487206,11,251
486929,487188,487207,19,259
486927,487187,487207,20,260
486926,487186,487207,21,260
486883,487173,487208,35,290
486943,487195,487208,13,252
486945,487196,487208,12,251
486968,487197,487210,13,229
486945,487196,487209,13,251
486930,487188,487209,21,258
486935,487190,487210,20,255
486887,487175,487210,35,288
486942,487194,487211,17,252
486885,487174,487212,38,289
486885,487174,487212,38,289
486884,487174,487212,38,290
486803,487147,487212,65,344
486887,487175,487213,38,288
486891,487178,487213,35,287
486941,487194,487214,20,253
486944,487195,487215,20,251
486891,487178,487214,36,287
486968,487197,487215,18,229
486968,487197,487215,18,229
486942,487195,487216,21,253
486970,487198,487216,18,228
486756,487120,487217,97,364
486970,487198,487216,18,228
486973,487200,487216,16,227
486970,487198,487217,19,228
486895,487181,487217,36,286
486899,487182,487217,35,283
486972,487200,487217,17,228
486805,487148,487217,69,343
486808,487151,487217,66,343
486971,487199,487218,19,228
486970,487198,487217,19,228
486970,487198,487218,20,228
486976,487201,487218,17,225
486976,487202,487219,17,226
486973,487200,487218,18,227
486976,487201,487219,18,225
486972,487199,487218,19,227
486977,487202,487218,16,225
486972,487199,487219,20,227
486979,487203,487219,16,224
486970,487198,487219,21,228
486976,487202,487219,17,226
486809,487151,487220,69,342
486972,487199,487220,21,227
486968,487197,487220,23,229
486974,487200,487221,21,226
486977,487202,487220,18,225
486973,487200,487220,20,227
486969,487198,487221,23,229
486976,487202,487220,18,226
486975,487201,487221,20,226
486809,487151,487220,69,342
486969,487198,487221,23,229
486975,487201,487221,20,226
486975,487201,487221,20,226
486923,487184,487221,37,261
486923,487184,487221,37,261
486977,487202,487222,20,225
486974,487200,487221,21,226
486836,487156,487222,66,320
486977,487202,487222,20,225
486971,487199,487222,23,228
486973,487200,487222,22,227
486968,487197,487223,26,229
486979,487204,487223,19,225
486974,487201,487224,23,227
486978,487203,487223,20,225
486979,487204,487224,20,225
486981,487206,487224,18,225
486982,487210,487224,14,228
486972,487199,487224,25,227
486977,487202,487223,21,225
486981,487207,487223,16,226
486969,487198,487224,26,229
486977,487202,487224,22,225
486969,487197,487225,28,228
486970,487199,487224,25,229
486972,487200,487224,24,228
486973,487200,487224,24,227
486975,487201,487224,23,226
486969,487198,487225,27,229
486975,487201,487225,24,226
486976,487202,487225,23,226
486840,487159,487225,66,319
486971,487199,487225,26,228
486978,487203,487226,23,225
486975,487201,487226,25,226
486976,487202,487226,24,226
486978,487203,487226,23,225
486978,487203,487226,23,225
486971,487199,487226,27,228
486980,487205,487227,22,225
486978,487203,487227,24,225
486972,487199,487227,28,227
486936,487191,487227,36,255
486968,487197,487227,30,229
486979,487203,487227,24,224
486968,487197,487227,30,229
486980,487205,487228,23,225
486980,487204,487227,23,224
486967,487196,487228,32,229
486971,487199,487227,28,228
486983,487211,487228,17,228
486969,487198,487228,30,229
486970,487199,487228,29,229
486980,487204,487229,25,224
486983,487210,487229,19,227
486847,487164,487229,65,317
486848,487164,487229,65,316
486979,487204,487230,26,225
486980,487204,487230,26,224
486981,487205,487229,24,224
486973,487200,487229,29,227
486981,487207,487231,24,226
486974,487201,487230,29,227
486764,487130,487230,100,366
486973,487200,487231,31,227
486978,487203,487231,28,225
486974,487201,487232,31,227
486974,487201,487231,30,227
486975,487201,487232,31,226
486982,487208,487232,24,226
486943,487195,487232,37,252
486984,487215,487233,18,231
486980,487205,487233,28,225
486978,487203,487233,30,225
486855,487169,487234,65,314
486982,487210,487234,24,228
486979,487204,487234,30,225
486981,487206,487233,27,225
486971,487199,487234,35,228
486983,487212,487235,23,229
486981,487207,487234,27,226
486982,487209,487234,25,227
486979,487204,487234,30,225
486979,487204,487234,30,225
486982,487209,487235,26,227
486983,487213,487235,22,230
486984,487215,487235,20,231
486981,487205,487236,31,224
486982,487208,487235,27,226
486878,487170,487236,66,292
486987,487220,487236,16,233
486982,487208,487236,28,226
486985,487218,487236,18,233
486986,487219,487237,18,233
486980,487204,487236,32,224
486984,487216,487237,21,232
486988,487221,487237,16,233
486985,487217,487238,21,232
486977,487202,487237,35,225
486982,487207,487238,31,225
486973,487200,487238,38,227
486981,487207,487238,31,226
486982,487208,487238,30,226
486985,487217,487238,21,232
486986,487218,487238,20,232
486984,487216,487238,22,232
486986,487219,487239,20,233
486985,487218,487239,21,233
486987,487220,487239,19,233
486983,487211,487239,28,228
486987,487220,487240,20,233
486990,487223,487239,16,233
486986,487218,487240,22,232
486987,487219,487239,20,232
486987,487220,487240,20,233
486983,487213,487241,28,230
486983,487213,487241,28,230
486991,487224,487241,17,233
486988,487221,487241,20,233
486989,487222,487242,20,233
486986,487218,487242,24,232
486988,487221,487241,20,233
486983,487213,487242,29,230
486984,487214,487242,28,230
486987,487219,487243,24,232
486984,487215,487242,27,231
486985,487218,487242,24,233
486991,487224,487242,18,233
486989,487222,487243,21,233
486892,487178,487243,65,286
486984,487215,487243,28,231
486798,487143,487243,100,345
486993,487226,487243,17,233
486985,487217,487244,27,232
486988,487221,487244,23,233
486991,487224,487244,20,233
486991,487224,487244,20,233
486989,487222,487244,22,233
486988,487221,487244,23,233
486991,487224,487245,21,233
486991,487224,487245,21,233
486985,487218,487245,27,233
486989,487222,487245,23,233
486992,487225,487246,21,233
486989,487222,487247,25,233
486989,487222,487246,24,233
486987,487219,487246,27,232
486990,487222,487246,24,232
486992,487225,487247,22,233
486754,487116,487247,131,362
486991,487224,487248,24,233
486992,487225,487248,23,233
486984,487213,487248,35,229
486989,487222,487249,27,233
486990,487223,487249,26,233
486992,487226,487250,24,234
486993,487226,487250,24,233
486990,487223,487250,27,233
486924,487184,487250,66,260
486971,487199,487250,51,228
486994,487227,487251,24,233
486993,487226,487250,24,233
486990,487224,487251,27,234
486924,487185,487251,66,261
486990,487223,487251,28,233
486994,487227,487251,24,233
487016,487230,487252,22,214
487015,487229,487252,23,214
486986,487219,487253,34,233
486990,487224,487252,28,234
486988,487221,487253,32,233
486992,487225,487253,28,233
486834,487155,487254,99,321
486992,487225,487254,29,233
486992,487225,487254,29,233
487020,487236,487254,18,216
487021,487237,487254,17,216
486718,487029,487254,225,311
486969,487198,487255,57,229
486993,487226,487256,30,233
486993,487227,487255,28,234
487020,487237,487255,18,217
486843,487161,487256,95,318
486989,487222,487256,34,233
486714,487016,487256,240,302
486715,487017,487257,240,302
486993,487227,487256,29,234
486994,487227,487257,30,233
486988,487221,487257,36,233
486990,487223,487257,34,233
487020,487236,487257,21,216
486993,487227,487258,31,234
486717,487025,487258,233,308
487023,487241,487258,17,218
487017,487231,487258,27,214
486993,487226,487259,33,233
487015,487228,487259,31,213
486986,487218,487259,41,232
486719,487035,487259,224,316
487021,487238,487259,21,217
487022,487239,487259,20,217
487022,487239,487260,21,217
487019,487234,487260,26,215
487025,487243,487261,18,218
487022,487239,487260,21,217
486988,487220,487261,41,232
487015,487229,487261,32,214
487023,487240,487261,21,217
487015,487228,487261,33,213
487018,487233,487262,29,215
487016,487230,487262,32,214
487016,487231,487262,31,215
487016,487231,487263,32,215
487021,487238,487262,24,217
486991,487225,487263,38,234
487017,487232,487263,31,215
487024,487242,487263,21,218
486855,487169,487264,95,314
487022,487240,487263,23,218
487016,487230,487264,34,214
487022,487239,487263,24,217
487023,487242,487264,22,219
487025,487245,487264,19,220
487016,487230,487264,34,214
487022,487239,487264,25,217
487023,487242,487265,23,219
487017,487231,487265,34,214
487014,487227,487265,38,213
487015,487228,487265,37,213
487024,487243,487265,22,219
487026,487245,487265,20,219
487018,487233,487265,32,215
487020,487236,487265,29,216
487014,487227,487266,39,213
487019,487234,487265,31,215
487021,487239,487265,26,218
487014,487227,487266,39,213
487015,487228,487266,38,213
487018,487233,487266,33,215
487019,487234,487266,32,215
487019,487235,487266,31,216
487019,487235,487266,31,216
487020,487236,487266,30,216
487018,487232,487266,34,214
487015,487228,487266,38,213
487026,487245,487266,21,219
487026,487246,487267,21,220
487024,487243,487267,24,219
487018,487234,487266,32,216
487017,487232,487267,35,215
486883,487173,487268,95,290
487021,487238,487268,30,217
487016,487230,487267,37,214
487020,487236,487268,32,216
487023,487242,487268,26,219
487025,487245,487268,23,220
487024,487242,487269,27,218
487025,487245,487269,24,220
487028,487248,487269,21,220
486985,487216,487270,54,231
487024,487243,487268,25,219
487017,487231,487269,38,214
487018,487234,487269,35,216
487019,487235,487270,35,216
487020,487236,487270,34,216
487021,487239,487271,32,218
487023,487242,487270,28,219
487021,487238,487271,33,217
487017,487231,487270,39,214
487026,487245,487271,26,219
487017,487232,487272,40,215
487019,487235,487272,37,216
487031,487255,487272,17,224
487031,487255,487272,17,224
487027,487247,487272,25,220
487022,487239,487273,34,217
487026,487246,487273,27,220
487021,487237,487273,36,216
486986,487218,487273,55,232
487022,487240,487273,33,218
487030,487253,487273,20,223
487024,487243,487274,31,219
487022,487239,487274,35,217
487015,487228,487274,46,213
487020,487236,487274,38,216
487016,487230,487274,44,214
487018,487234,487275,41,216
487024,487243,487274,31,219
487019,487235,487275,40,216
487028,487249,487275,26,221
487024,487243,487275,32,219
487020,487235,487275,40,215
487021,487238,487276,38,217
487025,487245,487275,30,220
487026,487245,487275,30,219
487028,487250,487275,25,222
487027,487247,487276,29,220
487023,487240,487276,36,217
487025,487244,487277,33,219
487029,487251,487277,26,222
487030,487253,487277,24,223
487027,487247,487277,30,220
487025,487244,487277,33,219
487029,487251,487277,26,222
486897,487182,487277,95,285
487033,487258,487278,20,225
487026,487246,487278,32,220
487023,487240,487279,39,217
487034,487261,487279,18,227
487029,487251,487279,28,222
487028,487248,487279,31,220
487028,487250,487280,30,222
487023,487242,487280,38,219
487027,487247,487280,33,220
487028,487250,487281,31,222
487031,487255,487281,26,224
487018,487233,487282,49,215
487034,487260,487282,22,226
487030,487253,487282,29,223
487027,487248,487283,35,221
487028,487250,487283,33,222
487033,487259,487284,25,226
487027,487246,487283,37,219
487030,487254,487284,30,224
487036,487264,487285,21,228
487029,487251,487285,34,222
487030,487253,487286,33,223
487036,487265,487286,21,229
487037,487265,487286,21,228
487027,487247,487286,39,220
487034,487262,487287,25,228
487030,487254,487287,33,224
487034,487260,487287,27,226
487034,487262,487287,25,228
487031,487256,487288,32,225
487033,487259,487288,29,226
487029,487252,487288,36,223
487032,487257,487288,31,225
487030,487255,487289,34,225
487036,487264,487289,25,228
487029,487251,487288,37,222
487035,487262,487289,27,227
486940,487194,487289,95,254
487061,487270,487289,19,209
487029,487251,487289,38,222
487032,487257,487290,33,225
487032,487257,487290,33,225
487035,487262,487291,29,227
487037,487266,487290,24,229
487038,487266,487291,25,228
487032,487257,487291,34,225
487063,487273,487291,18,210
487033,487259,487292,33,226
487033,487259,487292,33,226
487036,487264,487291,27,228
486851,487166,487292,126,315
487034,487260,487292,32,226
487032,487258,487293,35,226
487035,487263,487293,30,228
487059,487267,487293,26,208
487031,487256,487293,37,225
487032,487257,487293,36,225
487033,487258,487293,35,225
487060,487267,487294,27,207
487031,487255,487293,38,224
487036,487264,487294,30,228
487062,487270,487294,24,208
487034,487261,487294,33,227
487039,487267,487294,27,228
487061,487269,487294,25,208
487061,487270,487295,25,209
487033,487259,487295,36,226
487063,487273,487295,22,210
487030,487253,487295,42,223
487038,487266,487296,30,228
487037,487265,487296,31,228
487014,487227,487296,69,213
487035,487262,487297,35,227
487031,487256,487297,41,225
487037,487265,487297,32,228
487039,487267,487297,30,228
487063,487272,487297,25,209
487035,487262,487298,36,227
487033,487258,487298,40,225
487059,487267,487298,31,208
487032,487257,487298,41,225
487032,487257,487298,41,225
487035,487262,487299,37,227
487037,487265,487299,34,228
487060,487268,487299,31,208
487063,487273,487299,26,210
487067,487278,487299,21,211
487019,487235,487300,65,216
487059,487267,487300,33,208
487038,487266,487300,34,228
487060,487267,487300,33,207
487035,487262,487300,38,227
487061,487270,487300,30,209
487061,487270,487300,30,209
487035,487263,487301,38,228
487028,487250,487302,52,222
487036,487264,487301,37,228
487038,487266,487301,35,228
487062,487270,487301,31,208
487036,487264,487301,37,228
487038,487267,487302,35,229
487066,487276,487302,26,210
487061,487269,487302,33,208
487064,487274,487302,28,210
487069,487283,487303,20,214
487037,487266,487302,36,229
487066,487276,487303,27,210
487033,487259,487303,44,226
487037,487265,487304,39,228
487059,487267,487304,37,208
487038,487266,487304,38,228
487038,487266,487303,37,228
487062,487270,487304,34,208
487037,487265,487304,39,228
487067,487278,487305,27,211
487036,487264,487305,41,228
487060,487267,487305,38,207
487059,487267,487305,38,208
487067,487278,487305,27,211
487065,487275,487306,31,210
487065,487275,487305,30,210
487067,487278,487306,28,211
487068,487279,487307,28,211
487064,487273,487307,34,209
487066,487276,487307,31,210
487062,487271,487307,36,209
487063,487273,487307,34,210
487060,487268,487308,40,208
487072,487290,487308,18,218
487060,487268,487308,40,208
487067,487278,487308,30,211
487038,487266,487308,42,228
487066,487277,487308,31,211
487067,487278,487307,29,211
487072,487290,487309,19,218
487063,487271,487309,38,208
487064,487273,487309,36,209
487071,487288,487310,22,217
487067,487278,487310,32,211
487069,487284,487311,27,215
487062,487270,487310,40,208
487070,487288,487310,22,218
487073,487292,487311,19,219
487024,487243,487312,69,219
487070,487285,487311,26,215
487070,487287,487312,25,217
487070,487286,487312,26,216
487066,487275,487312,37,209
487061,487270,487312,42,209
487062,487271,487313,42,209
487073,487291,487313,22,218
487071,487288,487314,26,217
487062,487270,487313,43,208
487065,487275,487314,39,210
487067,487277,487314,37,210
487065,487275,487314,39,210
487313,487313,487314,1,0
487064,487274,487313,39,210
487063,487273,487314,41,210
487069,487283,487315,32,214
487060,487268,487314,46,208
487068,487281,487314,33,213
487063,487272,487315,43,209
487313,487313,487315,2,0
487313,487313,487315,2,0
487066,487276,487315,39,210
487313,487313,487316,3,0
487065,487275,487315,40,210
487066,487277,487315,38,211
487069,487284,487316,32,215
487070,487285,487316,31,215
487313,487313,487316,3,0
487313,487314,487316,2,1
487313,487316,487317,1,3
487313,487315,487316,1,2
487066,487275,487316,41,209
487073,487291,487317,26,218
487313,487313,487317,4,0
487068,487280,487318,38,212
487068,487280,487317,37,212
487064,487274,487317,43,210
487313,487313,487318,5,0
487313,487313,487318,5,0
487313,487316,487318,2,3
487313,487313,487318,5,0
487313,487313,487318,5,0
487069,487282,487318,36,213
487313,487317,487318,1,4
486845,487162,487318,156,317
487313,487317,487318,1,4
487313,487317,487318,1,4
487313,487317,487318,1,4
487064,487274,487318,44,210
487064,487274,487319,45,210
487069,487283,487319,36,214
487074,487294,487319,25,220
487313,487317,487319,2,4
487313,487319,487320,1,6
487313,487313,487319,6,0
487313,487317,487320,3,4
487069,487282,487320,38,213
487313,487313,487319,6,0
487068,487278,487320,42,210
487313,487313,487319,6,0
487313,487313,487320,7,0
487313,487313,487320,7,0
487313,487313,487320,7,0
487313,487313,487320,7,0
487076,487296,487320,24,220
487068,487279,487320,41,211
487075,487294,487319,25,219
487313,487313,487320,7,0
487313,487313,487320,7,0
487313,487313,487320,7,0
487313,487313,487320,7,0
487313,487319,487320,1,6
487313,487319,487320,1,6
487313,487319,487321,2,6
487313,487319,487321,2,6
487313,487313,487320,7,0
487313,487319,487321,2,6
487313,487313,487320,7,0
487313,487313,487320,7,0
487313,487319,487321,2,6
487313,487319,487321,2,6
487313,487320,487321,1,7
487068,487280,487321,41,212
487070,487287,487321,34,217
487065,487275,487321,46,210
487073,487292,487320,28,219
487313,487313,487321,8,0
487313,487313,487321,8,0
487313,487313,487321,8,0
487313,487319,487321,2,6
487313,487313,487321,8,0
487313,487313,487322,9,0
487313,487313,487322,9,0
487313,487320,487321,1,7
487075,487295,487322,27,220
487313,487320,487321,1,7
487313,487320,487321,1,7
487313,487313,487321,8,0
487313,487320,487321,1,7
487313,487320,487321,1,7
487081,487303,487322,19,222
487072,487289,487321,32,217
487062,487271,487322,51,209
487068,487281,487322,41,213
487071,487288,487322,34,217
487313,487313,487322,9,0
487313,487313,487322,9,0
487313,487321,487322,1,8
487313,487321,487322,1,8
487313,487321,487323,2,8
487313,487313,487323,10,0
487072,487289,487323,34,217
487313,487320,487323,3,7
487313,487320,487323,3,7
487078,487300,487322,22,222
487313,487321,487322,1,8
487069,487282,487323,41,213
487069,487284,487324,40,215
487313,487321,487324,3,8
487313,487321,487323,2,8
487313,487320,487323,3,7
487313,487320,487323,3,7
487313,487313,487324,11,0
487313,487313,487324,11,0
487077,487298,487324,26,221
487070,487286,487324,38,216
487071,487289,487324,35,218
487313,487313,487324,11,0
487081,487303,487325,22,222
487313,487313,487326,13,0
487072,487289,487325,36,217
487313,487313,487325,12,0
487071,487289,487326,37,218
487082,487305,487327,22,223
487078,487299,487327,28,221
487078,487300,487327,27,222
487071,487288,487327,39,217
487071,487289,487327,38,218
487084,487310,487328,18,226
487076,487296,487328,32,220
487079,487301,487328,27,222
487079,487301,487329,28,222
487074,487293,487329,36,219
487060,487268,487328,60,208
487072,487291,487329,38,219
487083,487307,487329,22,224
487084,487308,487329,21,224
487073,487292,487330,38,219
487077,487298,487330,32,221
487065,487275,487329,54,210
487070,487286,487330,44,216
487083,487307,487329,22,224
487072,487290,487330,40,218
487074,487292,487330,38,218
487076,487296,487330,34,220
487075,487294,487331,37,219
487079,487301,487331,30,222
487076,487297,487331,34,221
487078,487300,487331,31,222
487075,487294,487332,38,219
487078,487300,487332,32,222
487079,487300,487332,32,221
487071,487288,487332,44,217
487073,487292,487333,41,219
487074,487293,487333,40,219
487078,487300,487332,32,222
487083,487306,487332,26,223
487105,487311,487333,22,206
487106,487312,487333,21,206
487106,487312,487333,21,206
487073,487291,487333,42,218
487076,487296,487333,37,220
487072,487290,487334,44,218
487084,487309,487334,25,225
487313,487313,487334,21,0
487313,487313,487334,21,0
487313,487313,487334,21,0
487081,487303,487335,32,222
487081,487305,487335,30,224
487081,487304,487335,31,223
487084,487309,487335,26,225
487077,487299,487335,36,222
487077,487298,487335,37,221
487080,487303,487335,32,223
487077,487297,487335,38,220
487077,487299,487335,36,222
487079,487301,487336,35,222
487075,487295,487336,41,220
487076,487297,487337,40,221
487105,487310,487337,27,205
487074,487294,487336,42,220
487075,487294,487337,43,219
487105,487311,487336,25,206
487074,487293,487337,44,219
487080,487302,487337,35,222
487076,487296,487337,41,220
487075,487295,487338,43,220
487080,487302,487338,36,222
487083,487306,487338,32,223
487080,487302,487338,36,222
487077,487299,487338,39,222
487075,487295,487339,44,220
487083,487307,487339,32,224
487106,487312,487339,27,206
487107,487314,487339,25,207
487107,487314,487340,26,207
487074,487294,487340,46,220
487078,487299,487340,41,221
487083,487307,487340,33,224
487077,487298,487340,42,221
487106,487313,487340,27,207
487111,487320,487341,21,209
487082,487305,487341,36,223
487079,487301,487341,40,222
487080,487302,487342,40,222
487080,487302,487341,39,222
487080,487303,487342,39,223
487073,487292,487342,50,219
487082,487305,487343,38,223
487105,487311,487342,31,206
487078,487299,487342,43,221
487082,487305,487343,38,223
487084,487309,487343,34,225
487080,487302,487343,41,222
487083,487307,487343,36,224
487081,487304,487344,40,223
487110,487320,487343,23,210
487111,487322,487344,22,211
487108,487315,487343,28,207
487082,487306,487344,38,224
487079,487301,487344,43,222
487111,487322,487344,22,211
487081,487304,487345,41,223
487082,487305,487346,41,223
487084,487309,487345,36,225
487112,487323,487346,23,211
487313,487313,487346,33,0
487110,487320,487346,26,210
487084,487308,487347,39,224
487115,487329,487346,17,214
487082,487305,487347,42,223
487106,487313,487347,34,207
487113,487325,487348,23,212
487116,487330,487348,18,214
487109,487317,487348,31,208
487034,487260,487349,89,226
487108,487315,487348,33,207
487105,487310,487349,39,205
487029,487251,487349,98,222
487082,487305,487349,44,223
487084,487309,487351,42,225
487107,487315,487350,35,208
487113,487325,487351,26,212
487116,487330,487351,21,214
487108,487317,487352,35,209
487105,487311,487351,40,206
487083,487306,487353,47,223
487083,487307,487352,45,224
487107,487314,487352,38,207
487108,487316,487354,38,208
487105,487310,487355,45,205
487110,487319,487355,36,209
487107,487315,487354,39,208
487109,487318,487355,37,209
487119,487334,487355,21,215
487109,487317,487356,39,208
487106,487313,487356,43,207
487111,487321,487356,35,210
487108,487315,487356,41,207
487111,487320,487356,36,209
487356,487356,487357,1,0
487356,487356,487357,1,0
487119,487334,487357,23,215
487107,487314,487357,43,207
487356,487356,487357,1,0
487111,487321,487358,37,210
487356,487356,487357,1,0
487108,487315,487357,42,207
487119,487334,487358,24,215
487356,487356,487358,2,0
487356,487356,487359,3,0
487356,487356,487358,2,0
487356,487356,487358,2,0
487356,487357,487358,1,1
487109,487319,487359,40,210
487356,487357,487358,1,1
487109,487317,487359,42,208
487356,487358,487359,1,2
487114,487328,487359,31,214
487356,487356,487360,4,0
487356,487356,487359,3,0
487356,487356,487360,4,0
487110,487319,487360,41,209
487356,487358,487359,1,2
487356,487359,487360,1,3
487356,487358,487359,1,2
487109,487318,487359,41,209
487108,487316,487360,44,208
487356,487356,487360,4,0
487119,487334,487361,27,215
487356,487356,487361,5,0
487356,487359,487360,1,3
487356,487356,487361,5,0
487356,487359,487361,2,3
487356,487360,487361,1,4
487356,487359,487361,2,3
487356,487356,487361,5,0
487356,487359,487361,2,3
487356,487356,487362,6,0
487108,487315,487361,46,207
487109,487317,487361,44,208
487109,487318,487361,43,209
487356,487356,487361,5,0
487356,487356,487361,5,0
487356,487356,487361,5,0
487356,487356,487361,5,0
487356,487356,487362,6,0
487356,487359,487362,3,3
487106,487313,487362,49,207
487123,487340,487362,22,217
487356,487356,487362,6,0
487356,487360,487361,1,4
487356,487360,487362,2,4
487356,487361,487362,1,5
487356,487361,487362,1,5
487107,487315,487362,47,208
487356,487361,487363,2,5
487356,487356,487362,6,0
487356,487360,487362,2,4
487356,487362,487363,1,6
487356,487356,487362,6,0
487110,487320,487362,42,210
487356,487356,487363,7,0
487110,487320,487363,43,210
487356,487356,487363,7,0
487356,487360,487363,3,4
487117,487332,487362,30,215
487356,487356,487362,6,0
487115,487329,487363,34,214
487115,487329,487362,33,214
487110,487320,487363,43,210
487111,487321,487363,42,210
487125,487342,487363,21,217
487356,487363,487364,1,7
487356,487363,487364,1,7
487356,487361,487363,2,5
487356,487362,487363,1,6
487356,487362,487363,1,6
487127,487344,487363,19,217
487356,487356,487364,8,0
487356,487362,487363,1,6
487356,487362,487363,1,6
487112,487323,487364,41,211
487356,487356,487363,7,0
487356,487362,487364,2,6
487356,487356,487364,8,0
487356,487362,487364,2,6
487117,487330,487364,34,213
487110,487320,487364,44,210
487356,487361,487364,3,5
487356,487356,487364,8,0
487106,487312,487365,53,206
487111,487321,487364,43,210
487115,487329,487364,35,214
487356,487356,487364,8,0
487356,487362,487364,2,6
487356,487361,487365,4,5
487356,487362,487364,2,6
487117,487332,487365,33,215
487356,487362,487365,3,6
487114,487327,487365,38,213
487116,487330,487365,35,214
487119,487333,487365,32,214
487121,487337,487365,28,216
487115,487329,487365,36,214
487112,487323,487365,42,211
487112,487323,487366,43,211
487113,487325,487366,41,212
487113,487324,487365,41,211
487114,487326,487365,39,212
487356,487356,487366,10,0
487356,487356,487366,10,0
487356,487362,487365,3,6
487124,487340,487366,26,216
487356,487356,487366,10,0
487119,487334,487366,32,215
487120,487335,487367,32,215
487356,487356,487367,11,0
487356,487356,487366,10,0
487113,487325,487366,41,212
487113,487324,487367,43,211
487123,487340,487367,27,217
487356,487356,487367,11,0
487127,487344,487368,24,217
487356,487356,487367,11,0
487356,487356,487367,11,0
487118,487333,487368,35,215
487114,487327,487368,41,213
487117,487330,487368,38,213
487118,487332,487369,37,214
487128,487346,487368,22,218
487118,487332,487368,36,214
487120,487335,487368,33,215
487121,487336,487369,33,215
487120,487334,487369,35,214
487356,487356,487369,13,0
487125,487342,487369,27,217
487115,487328,487369,41,213
487129,487348,487370,22,219
487129,487348,487370,22,219
487131,487352,487370,18,221
487122,487337,487370,33,215
487116,487330,487370,40,214
487115,487330,487371,41,215
487116,487330,487371,41,214
487356,487356,487371,15,0
487123,487340,487372,32,217
487127,487344,487371,27,217
487112,487322,487372,50,210
487118,487332,487372,40,214
487118,487332,487372,40,214
487127,487345,487372,27,218
487130,487350,487372,22,220
487115,487328,487373,45,213
487117,487331,487372,41,214
487128,487347,487373,26,219
487116,487330,487373,43,214
487356,487356,487374,18,0
487120,487335,487374,39,215
487123,487338,487375,37,215
487125,487342,487374,32,217
487125,487342,487374,32,217
487128,487347,487374,27,219
487121,487336,487375,39,215
487126,487343,487375,32,217
487356,487356,487375,19,0
487117,487331,487375,44,214
487118,487333,487375,42,215
487120,487335,487376,41,215
487121,487335,487376,41,214
487121,487336,487376,40,215
487128,487346,487376,30,218
487126,487343,487376,33,217
487121,487336,487376,40,215
487122,487337,487376,39,215
487124,487340,487377,37,216
487119,487334,487376,42,215
487119,487333,487377,44,214
487120,487335,487377,42,215
487117,487331,487377,46,214
487122,487337,487377,40,215
487130,487349,487378,29,219
487122,487338,487378,40,216
487131,487351,487379,28,220
487126,487344,487379,35,218
487131,487352,487379,27,221
487121,487336,487379,43,215
487120,487335,487379,44,215
487133,487356,487379,23,223
487121,487337,487379,42,216
487123,487339,487380,41,216
487124,487341,487380,39,217
487122,487338,487380,42,216
487123,487339,487381,42,216
487122,487338,487381,43,216
487122,487338,487382,44,216
487123,487340,487382,42,217
487124,487341,487382,41,217
487125,487342,487382,40,217
487112,487323,487383,60,211
487126,487343,487383,40,217
487127,487344,487383,39,217
487126,487344,487383,39,218
487127,487344,487383,39,217
487114,487327,487384,57,213
487127,487345,487383,38,218
487128,487348,487384,36,220
487132,487353,487385,32,221
487153,487357,487384,27,204
487125,487342,487384,42,217
487121,487337,487385,48,216
487125,487342,487385,43,217
487128,487347,487385,38,219
487385,487385,487386,1,0
487385,487385,487386,1,0
487385,487385,487386,1,0
487385,487385,487386,1,0
487128,487346,487386,40,218
487157,487364,487386,22,207
487131,487351,487387,36,220
487124,487341,487387,46,217
487385,487386,487387,1,1
487385,487385,487386,1,0
487385,487386,487387,1,1
487126,487344,487387,43,218
487154,487358,487387,29,204
487130,487349,487388,39,219
487131,487353,487387,34,222
487385,487385,487388,3,0
487385,487385,487387,2,0
487126,487344,487388,44,218
487385,487386,487388,2,1
487385,487386,487388,2,1
487122,487338,487388,50,216
487127,487344,487388,44,217
487385,487385,487388,3,0
487385,487385,487388,3,0
487385,487387,487389,2,2
487385,487387,487389,2,2
487385,487385,487389,4,0
487385,487388,487389,1,3
487385,487385,487389,4,0
487385,487385,487389,4,0
487385,487385,487390,5,0
487156,487364,487390,26,208
487385,487388,487390,2,3
487385,487388,487390,2,3
487385,487389,487391,2,4
487385,487390,487391,1,5
487128,487346,487391,45,218
487153,487357,487390,33,204
487385,487389,487390,1,4
487385,487390,487391,1,5
487385,487385,487391,6,0
487385,487385,487391,6,0
487385,487385,487391,6,0
487129,487348,487391,43,219
487385,487385,487391,6,0
487385,487389,487391,2,4
487385,487389,487391,2,4
487385,487385,487392,7,0
487385,487385,487391,6,0
487385,487391,487392,1,6
487161,487368,487391,23,207
487162,487370,487391,21,208
487385,487390,487391,1,5
487385,487385,487392,7,0
487385,487385,487391,6,0
487385,487390,487391,1,5
487385,487391,487392,1,6
487133,487356,487392,36,223
487155,487363,487391,28,208
487158,487366,487392,26,208
487131,487351,487391,40,220
487132,487355,487392,37,223
487385,487390,487392,2,5
487385,487391,487392,1,6
487385,487391,487392,1,6
487385,487392,487393,1,7
487385,487385,487392,7,0
487385,487391,487392,1,6
487385,487385,487392,7,0
487385,487392,487393,1,7
487385,487392,487393,1,7
487130,487350,487393,43,220
487131,487352,487393,41,221
487385,487385,487392,7,0
487385,487391,487392,1,6
487163,487370,487393,23,207
487163,487370,487392,22,207
487155,487361,487393,32,206
487159,487366,487393,27,207
487385,487385,487392,7,0
487385,487390,487393,3,5
487385,487385,487393,8,0
487385,487390,487393,3,5
487130,487350,487393,43,220
487154,487361,487393,32,207
487385,487385,487393,8,0
487385,487392,487393,1,7
487385,487392,487393,1,7
487385,487392,487393,1,7
487385,487385,487393,8,0
487385,487385,487393,8,0
487161,487369,487394,25,208
487385,487385,487394,9,0
487159,487367,487393,26,208
487385,487385,487394,9,0
487130,487349,487394,45,219
487385,487385,487394,9,0
487132,487356,487394,38,224
487385,487385,487395,10,0
487385,487391,487394,3,6
487385,487385,487395,10,0
487385,487391,487395,4,6
487385,487391,487395,4,6
487160,487368,487395,27,208
487156,487363,487395,32,207
487132,487355,487396,41,223
487385,487385,487396,11,0
487385,487385,487396,11,0
487164,487374,487396,22,210
487133,487357,487397,40,224
487133,487357,487396,39,224
487154,487360,487396,36,206
487156,487363,487396,33,207
487131,487353,487397,44,222
487162,487370,487397,27,208
487385,487385,487396,11,0
487162,487369,487398,29,207
487385,487385,487398,13,0
487385,487385,487398,13,0
487158,487366,487400,34,208
487132,487355,487399,44,223
487153,487357,487399,42,204
487154,487360,487400,40,206
487133,487357,487400,43,224
487164,487373,487400,27,209
487154,487360,487401,41,206
487157,487364,487401,37,207
487385,487385,487400,15,0
487385,487385,487401,16,0
487154,487358,487401,43,204
487157,487365,487401,36,208
487163,487372,487402,30,209
487385,487385,487402,17,0
487154,487359,487402,43,205
487157,487365,487402,37,208
487160,487367,487402,35,207
487385,487385,487403,18,0
487155,487362,487403,41,207
487158,487366,487403,37,208
487160,487367,487404,37,207
487161,487369,487403,34,208
487163,487372,487404,32,209
487385,487385,487404,19,0
487155,487362,487404,42,207
487132,487356,487404,48,224
487165,487375,487404,29,210
487163,487371,487404,33,208
487155,487362,487405,43,207
487172,487387,487405,18,215
487155,487362,487405,43,207
487156,487363,487405,42,207
487163,487372,487405,33,209
487168,487378,487406,28,210
487158,487365,487405,40,207
487166,487376,487406,30,210
487168,487380,487406,26,212
487155,487361,487406,45,206
487157,487365,487406,41,208
487156,487363,487406,43,207
487155,487363,487407,44,208
487159,487366,487408,42,207
487159,487366,487407,41,207
487154,487358,487408,50,204
487168,487379,487408,29,211
487156,487364,487408,44,208
487156,487364,487409,45,208
487157,487365,487408,43,208
487159,487366,487409,43,207
487159,487366,487408,42,207
487158,487366,487408,42,208
487164,487373,487409,36,209
487160,487367,487410,43,207
487157,487365,487409,44,208
487163,487371,487409,38,208
487156,487363,487410,47,207
487159,487366,487411,45,207
487164,487374,487410,36,210
487166,487375,487411,36,209
487164,487373,487411,38,209
487161,487369,487411,42,208
487171,487385,487411,26,214
487174,487392,487412,20,218
487161,487368,487412,44,207
487160,487368,487412,44,208
487164,487372,487411,39,208
487166,487376,487412,36,210
487162,487369,487413,44,207
487166,487376,487413,37,210
487161,487369,487413,44,208
487165,487375,487413,38,210
487167,487377,487414,37,210
487414,487414,487415,1,0
487414,487414,487415,1,0
487414,487414,487415,1,0
487164,487373,487415,42,209
487165,487375,487416,41,210
487174,487392,487415,23,218
487175,487393,487415,22,218
487175,487393,487416,23,218
487165,487375,487415,40,210
487414,487414,487415,1,0
487167,487377,487416,39,210
487414,487414,487416,2,0
487164,487373,487417,44,209
487162,487369,487416,47,207
487176,487394,487417,23,218
487414,487414,487417,3,0
487414,487414,487417,3,0
487414,487414,487417,3,0
487414,487414,487417,3,0
487414,487416,487417,1,2
487414,487416,487417,1,2
487414,487416,487417,1,2
487161,487369,487417,48,208
487170,487383,487418,35,213
487166,487376,487418,42,210
487414,487414,487418,4,0
487414,487414,487418,4,0
487414,487414,487418,4,0
487414,487417,487418,1,3
487414,487417,487418,1,3
487172,487388,487418,30,216
487163,487371,487419,48,208
487168,487379,487418,39,211
487165,487375,487418,43,210
487166,487376,487418,42,210
487177,487397,487419,22,220
487177,487397,487418,21,220
487414,487414,487419,5,0
487166,487376,487419,43,210
487414,487418,487419,1,4
487414,487414,487419,5,0
487414,487418,487419,1,4
487414,487418,487419,1,4
487414,487418,487419,1,4
487174,487392,487419,27,218
487414,487419,487420,1,5
487173,487391,487419,28,218
487414,487418,487419,1,4
487167,487378,487419,41,211
487414,487414,487420,6,0
487414,487414,487420,6,0
487414,487414,487420,6,0
487169,487382,487420,38,213
487414,487414,487420,6,0
487414,487418,487420,2,4
487414,487414,487420,6,0
487414,487420,487421,1,6
487414,487420,487421,1,6
487414,487414,487421,7,0
487414,487414,487421,7,0
487414,487420,487421,1,6
487414,487420,487421,1,6
487174,487392,487420,28,218
487414,487419,487420,1,5
487414,487420,487421,1,6
487414,487419,487420,1,5
487414,487419,487420,1,5
487414,487419,487420,1,5
487166,487376,487420,44,210
487167,487377,487421,44,210
487171,487385,487421,36,214
487168,487380,487421,41,212
487414,487419,487421,2,5
487167,487377,487421,44,210
487414,487414,487421,7,0
487414,487414,487421,7,0
487414,487418,487421,3,4
487414,487414,487421,7,0
487414,487420,487421,1,6
487414,487421,487422,1,7
487414,487421,487422,1,7
487414,487414,487422,8,0
487414,487414,487422,8,0
487414,487420,487421,1,6
487167,487377,487422,45,210
487176,487395,487421,26,219
487176,487396,487421,25,220
487162,487370,487421,51,208
487167,487377,487422,45,210
487202,487406,487421,15,204
487169,487381,487422,41,212
487414,487420,487422,2,6
487414,487414,487421,7,0
487414,487420,487422,2,6
487175,487393,487422,29,218
487169,487382,487422,40,213
487414,487421,487422,1,7
487414,487421,487423,2,7
487414,487414,487422,8,0
487414,487421,487422,1,7
487414,487414,487423,9,0
487414,487414,487423,9,0
487414,487421,487422,1,7
487414,487421,487422,1,7
487164,487374,487423,49,210
487171,487385,487422,37,214
487170,487383,487423,40,213
487414,487414,487423,9,0
487171,487384,487423,39,213
487168,487380,487423,43,212
487170,487384,487424,40,214
487414,487414,487423,9,0
487414,487414,487424,10,0
487171,487385,487424,39,214
487171,487385,487424,39,214
487175,487393,487424,31,218
487172,487388,487424,36,216
487170,487383,487424,41,213
487202,487405,487424,19,203
487203,487406,487425,19,203
487414,487414,487425,11,0
487414,487414,487425,11,0
487169,487381,487425,44,212
487414,487414,487425,11,0
487414,487414,487425,11,0
487168,487380,487425,45,212
487169,487381,487426,45,212
487173,487389,487426,37,216
487170,487384,487426,42,214
487178,487397,487426,29,219
487204,487409,487427,18,205
487414,487414,487428,14,0
487167,487377,487427,50,210
487167,487378,487427,49,211
487171,487384,487427,43,213
487169,487380,487427,47,211
487172,487386,487427,41,214
487414,487414,487428,14,0
487414,487414,487428,14,0
487171,487385,487428,43,214
487173,487391,487428,37,218
487177,487396,487429,33,219
487177,487397,487428,31,220
487202,487405,487428,23,203
487178,487401,487429,28,223
487171,487385,487429,44,214
487172,487387,487429,42,215
487176,487396,487429,33,220
487170,487383,487429,46,213
487172,487388,487430,42,216
487178,487398,487430,32,220
487414,487414,487430,16,0
487168,487379,487430,51,211
487173,487388,487430,42,215
487176,487394,487431,37,218
487177,487397,487430,33,220
487207,487416,487431,15,209
487207,487416,487432,16,209
487173,487389,487431,42,216
487414,487414,487431,17,0
487169,487381,487432,51,212
487177,487397,487432,35,220
487414,487414,487432,18,0
487203,487407,487432,25,204
487206,487412,487432,20,206
487208,487417,487432,15,209
487203,487406,487432,26,203
487172,487387,487433,46,215
487179,487403,487433,30,224
487173,487391,487433,42,218
487176,487394,487434,40,218
487172,487387,487434,47,215
487179,487402,487434,32,223
487182,487404,487434,30,222
487203,487407,487434,27,204
487206,487412,487435,23,206
487175,487393,487435,42,218
487174,487392,487435,43,218
487205,487410,487434,24,205
487204,487408,487434,26,204
487202,487406,487435,29,204
487208,487416,487435,19,208
487209,487419,487435,16,210
487179,487403,487435,32,224
487205,487410,487436,26,205
487177,487396,487435,39,219
487203,487407,487436,29,204
487205,487409,487436,27,204
487204,487408,487437,29,204
487181,487404,487437,33,223
487205,487410,487437,27,205
487206,487412,487437,25,206
487206,487411,487437,26,205
487207,487414,487438,24,207
487179,487401,487437,36,222
487206,487412,487438,26,206
487175,487393,487438,45,218
487204,487409,487439,30,205
487211,487422,487438,16,211
487204,487408,487438,30,204
487206,487412,487439,27,206
487209,487420,487439,19,211
487210,487421,487439,18,211
487208,487417,487439,22,209
487208,487418,487440,22,210
487173,487392,487440,48,219
487203,487406,487439,33,203
487205,487409,487439,30,204
487414,487414,487441,27,0
487206,487413,487440,27,207
487208,487416,487441,25,208
487207,487414,487441,27,207
487177,487397,487441,44,220
487203,487407,487440,33,204
487206,487413,487441,28,207
487181,487404,487442,38,223
487205,487410,487441,31,205
487176,487395,487442,47,219
487206,487412,487442,30,206
487208,487419,487442,23,211
487178,487400,487442,42,222
487202,487406,487442,36,204
487207,487413,487442,29,206
487179,487402,487442,40,223
487204,487409,487443,34,205
487209,487420,487443,23,211
487212,487425,487443,18,213
487178,487400,487443,43,222
487180,487404,487443,39,224
487202,487405,487443,38,203
487203,487407,487443,36,204
487203,487406,487443,37,203
487209,487420,487444,24,211
487204,487408,487444,36,204
487210,487422,487445,23,212
487210,487422,487444,22,212
487207,487416,487445,29,209
487205,487411,487445,34,206
487178,487400,487445,45,222
487213,487427,487446,19,214
487207,487416,487446,30,209
487179,487403,487446,43,224
487204,487409,487447,38,205
487205,487409,487446,37,204
487206,487411,487446,35,205
487210,487421,487446,25,211
487210,487420,487446,26,210
487205,487410,487447,37,205
487213,487425,487448,23,212
487208,487417,487447,30,209
487212,487424,487448,24,212
487208,487418,487448,30,210
487174,487393,487448,55,219
487208,487416,487449,33,208
487178,487400,487449,49,222
487216,487433,487449,16,217
487216,487433,487448,15,217
487212,487425,487448,23,213
487182,487405,487449,44,223
487209,487419,487449,30,210
487212,487424,487449,25,212
487169,487383,487449,66,214
487172,487388,487449,61,216
487209,487419,487449,30,210
487210,487421,487449,28,211
487209,487420,487450,30,211
487216,487433,487449,16,217
487211,487423,487450,27,212
487213,487427,487450,23,214
487214,487428,487450,22,214
487450,487450,487451,1,0
487450,487450,487451,1,0
487210,487421,487450,29,211
487212,487425,487450,25,213
487216,487432,487451,19,216
487218,487436,487451,15,218
487207,487415,487451,36,208
487450,487450,487451,1,0
487450,487450,487451,1,0
487450,487450,487451,1,0
487214,487429,487451,22,215
487211,487423,487452,29,212
487212,487424,487452,28,212
487209,487419,487452,33,210
487212,487425,487452,27,213
487211,487423,487452,29,212
487218,487436,487453,17,218
487450,487450,487452,2,0
487450,487451,487452,1,1
487450,487451,487452,1,1
487450,487450,487453,3,0
487450,487452,487453,1,2
487179,487401,487453,52,222
487213,487426,487453,27,213
487211,487422,487452,30,211
487178,487401,487454,53,223
487450,487450,487454,4,0
487450,487450,487453,3,0
487450,487452,487453,1,2
487450,487452,487453,1,2
487450,487450,487453,3,0
487450,487453,487454,1,3
487450,487450,487453,3,0
487450,487450,487453,3,0
487450,487450,487454,4,0
487450,487453,487454,1,3
487212,487425,487454,29,213
487213,487426,487454,28,213
487215,487431,487454,23,216
487210,487421,487455,34,211
487214,487429,487454,25,215
487214,487429,487454,25,215
487450,487450,487454,4,0
487450,487450,487454,4,0
487450,487450,487454,4,0
487450,487453,487454,1,3
487215,487430,487455,25,215
487450,487453,487454,1,3
487450,487450,487455,5,0
487450,487453,487455,2,3
487450,487454,487455,1,4
487211,487422,487455,33,211
487214,487429,487455,26,215
487215,487431,487456,25,216
487211,487423,487455,32,212
487450,487450,487456,6,0
487450,487450,487455,5,0
487450,487450,487456,6,0
487210,487422,487455,33,212
487450,487450,487456,6,0
487450,487450,487455,5,0
487450,487455,487456,1,5
487450,487454,487456,2,4
487450,487454,487456,2,4
487450,487454,487456,2,4
487450,487455,487456,1,5
487450,487450,487456,6,0
487450,487454,487456,2,4
487450,487454,487456,2,4
487450,487455,487456,1,5
487450,487454,487456,2,4
487450,487454,487456,2,4
487450,487456,487457,1,6
487215,487430,487457,27,215
487450,487450,487457,7,0
487209,487419,487457,38,210
487450,487454,487457,3,4
487450,487454,487457,3,4
487450,487450,487457,7,0
487450,487450,487457,7,0
487450,487450,487457,7,0
487212,487425,487457,32,213
487216,487432,487457,25,216
487218,487436,487457,21,218
487450,487450,487457,7,0
487216,487432,487458,26,216
487221,487440,487457,17,219
487450,487450,487458,8,0
487450,487456,487458,2,6
487450,487456,487458,2,6
487450,487455,487458,3,5
487450,487455,487457,2,5
487208,487419,487457,38,211
487450,487455,487458,3,5
487450,487456,487458,2,6
487180,487404,487458,54,224
487450,487456,487458,2,6
487450,487456,487458,2,6
487450,487457,487458,1,7
487218,487435,487458,23,217
487450,487456,487458,2,6
487213,487426,487459,33,213
487211,487423,487458,35,212
487216,487433,487459,26,217
487215,487431,487459,28,216
487211,487423,487459,36,212
487450,487450,487459,9,0
487450,487450,487460,10,0
487220,487439,487460,21,219
487217,487434,487460,26,217
487450,487450,487459,9,0
487450,487450,487460,10,0
487213,487428,487460,32,215
487213,487428,487460,32,215
487215,487430,487459,29,215
487217,487433,487460,27,216
487214,487428,487460,32,214
487215,487431,487460,29,216
487450,487450,487461,11,0
487450,487450,487461,11,0
487219,487436,487460,24,217
487450,487450,487461,11,0
487450,487450,487461,11,0
487213,487427,487461,34,214
487216,487432,487461,29,216
487450,487450,487461,11,0
487215,487430,487462,32,215
487215,487431,487462,31,216
487220,487438,487461,23,218
487450,487450,487462,12,0
487224,487444,487462,18,220
487221,487439,487462,23,218
487450,487450,487462,12,0
487216,487432,487462,30,216
487219,487437,487463,26,218
487221,487440,487463,23,219
487214,487429,487464,35,215
487450,487450,487464,14,0
487207,487414,487463,49,207
487222,487440,487464,24,218
487217,487435,487464,29,218
487217,487435,487464,29,218
487222,487441,487464,23,219
487223,487443,487465,22,220
487248,487449,487465,16,201
487214,487429,487465,36,215
487220,487439,487464,25,219
487211,487424,487465,41,213
487224,487444,487466,22,220
487210,487421,487465,44,211
487218,487435,487465,30,217
487221,487439,487466,27,218
487245,487444,487466,22,199
487215,487431,487466,35,216
487217,487435,487467,32,218
487219,487436,487467,31,217
487450,487450,487466,16,0
487245,487445,487467,22,200
487245,487445,487467,22,200
487214,487428,487467,39,214
487174,487393,487467,74,219
487221,487439,487467,28,218
487450,487450,487468,18,0
487246,487446,487468,22,200
487217,487435,487468,33,218
487220,487438,487468,30,218
487220,487438,487468,30,218
487219,487436,487469,33,217
487249,487451,487469,18,202
487219,487438,487469,31,219
487249,487450,487470,20,201
487450,487450,487470,20,0
487224,487444,487470,26,220
487220,487438,487470,32,218
487247,487448,487470,22,201
487217,487434,487471,37,217
487220,487439,487471,32,219
487222,487440,487471,31,218
487218,487436,487471,35,218
487246,487448,487472,24,202
487246,487446,487472,26,200
487245,487444,487472,28,199
487249,487452,487471,19,203
487250,487452,487471,19,202
487245,487445,487472,27,200
487222,487441,487472,31,219
487224,487443,487472,29,219
487223,487441,487472,31,218
487222,487441,487473,32,219
487246,487447,487473,26,201
487220,487438,487473,35,218
487223,487443,487474,31,220
487224,487444,487473,29,220
487223,487442,487474,32,219
487250,487452,487475,23,202
487223,487441,487475,34,218
487224,487443,487474,31,219
487247,487449,487475,26,202
487251,487453,487475,22,202
487217,487434,487475,41,217
487223,487441,487476,35,218
487245,487446,487476,30,201
487224,487444,487477,33,220
487253,487458,487477,19,205
487248,487450,487478,28,202
487224,487443,487477,34,219
487222,487440,487477,37,218
487246,487447,487477,30,201
487253,487459,487477,18,206
487249,487450,487478,28,201
487224,487444,487479,35,220
487245,487444,487479,35,199
487219,487437,487479,42,218
487222,487440,487479,39,218
487223,487443,487480,37,220
487223,487443,487479,36,220
487247,487449,487479,30,202
487254,487460,487481,21,206
487247,487448,487480,32,201
487223,487442,487480,38,219
487245,487446,487481,35,201
487250,487453,487481,28,203
487253,487458,487481,23,205
487248,487450,487482,32,202
487248,487450,487482,32,202
487247,487448,487482,34,201
487249,487451,487482,31,202
487246,487447,487482,35,201
487247,487449,487483,34,202
487247,487448,487482,34,201
487251,487455,487483,28,204
487257,487465,487483,18,208
487246,487447,487483,36,201
487252,487455,487483,28,203
487248,487449,487484,35,201
487251,487453,487483,30,202
487252,487456,487483,27,204
487254,487460,487483,23,206
487247,487449,487484,35,202
487253,487458,487484,26,205
487257,487465,487485,20,208
487250,487452,487484,32,202
487249,487450,487484,34,201
487251,487455,487485,30,204
487252,487456,487485,29,204
487255,487461,487484,23,206
487256,487463,487485,22,207
487249,487451,487485,34,202
487249,487451,487485,34,202
487250,487452,487485,33,202
487251,487453,487485,32,202
487253,487459,487486,27,206
487254,487460,487486,26,206
487256,487463,487485,22,207
487254,487460,487486,26,206
487258,487467,487486,19,209
487259,487468,487486,18,209
487251,487454,487486,32,203
487248,487449,487487,38,201
487246,487447,487486,39,201
487248,487450,487487,37,202
487219,487438,487487,49,219
487255,487461,487487,26,206
487257,487466,487488,22,209
487252,487456,487488,32,204
487254,487460,487488,28,206
487246,487447,487489,42,201
487256,487465,487489,24,209
487250,487452,487489,37,202
487219,487436,487488,52,217
487251,487454,487489,35,203
487252,487456,487489,33,204
487250,487452,487489,37,202
487249,487450,487490,40,201
487252,487457,487490,33,205
487258,487467,487490,23,209
487259,487470,487490,20,211
487255,487462,487490,28,207
487252,487458,487491,33,206
487252,487456,487491,35,204
487252,487457,487491,34,205
487255,487462,487491,29,207
487257,487465,487492,27,208
487261,487473,487491,18,212
487261,487473,487492,19,212
487254,487460,487492,32,206
487252,487455,487491,36,203
487259,487469,487492,23,210
487251,487454,487492,38,203
487258,487467,487493,26,209
487253,487458,487492,34,205
487256,487463,487493,30,207
487258,487467,487493,26,209
487253,487458,487493,35,205
487250,487452,487494,42,202
487255,487461,487494,33,206
487260,487471,487494,23,211
487257,487465,487494,29,208
487255,487461,487494,33,206
487256,487464,487494,30,208
487258,487467,487494,27,209
487262,487476,487494,18,214
487262,487476,487495,19,214
487254,487460,487495,35,206
487263,487478,487496,18,215
487256,487464,487495,31,208
487258,487467,487496,29,209
487260,487472,487496,24,212
487262,487475,487496,21,213
487259,487469,487497,28,210
487254,487460,487497,37,206
487262,487475,487497,22,213
487256,487465,487497,32,209
487259,487470,487498,28,211
487255,487462,487497,35,207
487260,487472,487498,26,212
487259,487469,487497,28,210
487258,487468,487498,30,210
487257,487466,487498,32,209
487256,487464,487499,35,208
487255,487462,487499,37,207
487256,487465,487499,34,209
487256,487465,487500,35,209
487257,487465,487500,35,208
487264,487478,487501,23,214
487253,487459,487500,41,206
487260,487472,487501,29,212
487251,487454,487501,47,203
487264,487479,487502,23,215
487255,487462,487502,40,207
487261,487473,487502,29,212
487259,487469,487502,33,210
487261,487474,487502,28,213
487257,487466,487503,37,209
487262,487474,487503,29,212
487251,487454,487503,49,203
487259,487468,487503,35,209
487260,487472,487503,31,212
487265,487482,487504,22,217
487263,487477,487504,27,214
487260,487471,487504,33,211
487259,487469,487504,35,210
487257,487466,487504,38,209
487261,487473,487504,31,212
487260,487471,487505,34,211
487225,487444,487505,61,219
487263,487476,487506,30,213
487289,487486,487506,20,197
487258,487467,487506,39,209
487261,487473,487506,33,212
487266,487483,487506,23,217
487263,487478,487507,29,215
487261,487474,487507,33,213
487265,487482,487507,25,217
487258,487467,487507,40,209
487265,487481,487508,27,216
487287,487485,487508,23,198
487265,487482,487508,26,217
487263,487478,487508,30,215
487260,487472,487509,37,212
487263,487478,487509,31,215
487263,487477,487509,32,214
487179,487403,487509,106,224
487289,487487,487510,23,198
487259,487471,487509,38,212
487264,487480,487510,30,216
487291,487491,487510,19,200
487266,487483,487511,28,217
487267,487484,487511,27,217
487254,487460,487511,51,206
487294,487495,487511,16,201
487290,487488,487512,24,198
487289,487487,487512,25,198
487265,487481,487511,30,216
487262,487474,487512,38,212
487262,487474,487513,39,212
487263,487476,487512,36,213
487292,487492,487512,20,200
487267,487485,487512,27,218
487288,487486,487513,27,198
487264,487480,487513,33,216
487292,487492,487513,21,200
487261,487473,487513,40,212
487262,487476,487513,37,214
487291,487491,487514,23,200
487266,487483,487514,31,217
487266,487483,487514,31,217
487267,487484,487514,30,217
487264,487478,487514,36,214
487294,487495,487514,19,201
487288,487486,487514,28,198
487265,487482,487515,33,217
487264,487479,487515,36,215
487288,487486,487515,29,198
487267,487484,487516,32,217
487264,487479,487516,37,215
487265,487481,487516,35,216
487266,487483,487516,33,217
487293,487495,487517,22,202
487288,487486,487516,30,198
487266,487483,487517,34,217
487265,487481,487517,36,216
487264,487480,487517,37,216
487288,487486,487517,31,198
487290,487489,487517,28,199
487292,487493,487517,24,201
487291,487490,487518,28,199
487288,487485,487518,33,197
487289,487486,487518,32,197
487266,487484,487518,34,218
487294,487496,487519,23,202
487287,487485,487520,35,198
487264,487480,487519,39,216
487287,487485,487520,35,198
487295,487498,487521,23,203
487265,487481,487521,40,216
487288,487486,487521,35,198
487290,487487,487521,34,197
487266,487484,487521,37,218
487264,487480,487521,41,216
487289,487487,487522,35,198
487294,487495,487522,27,201
487293,487493,487523,30,200
487289,487486,487523,37,197
487294,487495,487523,28,201
487290,487489,487523,34,199
487290,487488,487523,35,198
487293,487494,487524,30,201
487288,487486,487524,38,198
487295,487497,487525,28,202
487295,487498,487524,26,203
487291,487491,487525,34,200
487290,487489,487525,36,199
487291,487491,487525,34,200
487297,487501,487526,25,204
487218,487436,487526,90,218
487291,487490,487526,36,199
487295,487498,487526,28,203
487289,487487,487527,40,198
487288,487486,487527,41,198
487289,487487,487527,40,198
487296,487500,487528,28,204
487293,487494,487527,33,201
487218,487436,487527,91,218
487292,487492,487528,36,200
487292,487492,487527,35,200
487297,487503,487528,25,206
487298,487504,487527,23,206
487293,487493,487528,35,200
487290,487489,487528,39,199
487291,487489,487529,40,198
487299,487507,487529,22,208
487296,487501,487529,28,205
487291,487490,487529,39,199
487263,487477,487529,52,214
487296,487499,487529,30,203
487294,487497,487529,32,203
487266,487484,487529,45,218
487293,487494,487530,36,201
487294,487495,487530,35,201
487295,487498,487530,32,203
487294,487497,487531,34,203
487297,487502,487531,29,205
487297,487502,487531,29,205
487294,487496,487532,36,202
487301,487512,487532,20,211
487299,487507,487532,25,208
487292,487491,487532,41,199
487296,487500,487532,32,204
487299,487508,487532,24,209
487292,487492,487532,40,200
487296,487499,487533,34,203
487293,487494,487533,39,201
487298,487504,487533,29,206
487301,487511,487533,22,210
487301,487510,487533,23,209
487295,487497,487534,37,202
487295,487498,487534,36,203
487293,487495,487533,38,202
487296,487501,487533,32,205
487292,487492,487534,42,200
487293,487494,487534,40,201
487296,487500,487534,34,204
487293,487494,487535,41,201
487297,487503,487534,31,206
487301,487512,487535,23,211
487297,487501,487535,34,204
487301,487512,487535,23,211
487289,487487,487535,48,198
487291,487491,487535,44,200
487295,487497,487536,39,202
487303,487514,487536,22,211
487295,487498,487536,38,203
487296,487500,487536,36,204
487299,487506,487537,31,207
487297,487502,487537,35,205
487303,487514,487537,23,211
487302,487513,487537,24,211
487299,487506,487538,32,207
487301,487511,487539,28,210
487298,487504,487539,35,206
487298,487504,487540,36,206
487300,487509,487540,31,209
487298,487505,487540,35,207
487300,487508,487540,32,208
487302,487512,487541,29,210
487305,487517,487541,24,212
487297,487503,487541,38,206
487296,487499,487541,42,203
487297,487503,487541,38,206
487304,487515,487541,26,211
487306,487519,487541,22,213
487306,487518,487542,24,212
487299,487508,487541,33,209
487298,487504,487542,38,206
487299,487507,487542,35,208
487300,487509,487543,34,209
487304,487515,487543,28,211
487298,487505,487543,38,207
487301,487510,487544,34,209
487292,487491,487543,52,199
487300,487509,487544,35,209
487307,487521,487544,23,214
487299,487507,487544,37,208
487213,487427,487545,118,214
487298,487505,487544,39,207
487301,487511,487544,33,210
487299,487506,487545,39,207
487303,487515,487546,31,212
487303,487514,487546,32,211
487300,487508,487547,39,208
487304,487517,487547,30,213
487305,487517,487547,30,212
487302,487514,487547,33,212
487303,487514,487547,33,211
487300,487509,487549,40,209
487302,487513,487548,35,211
487303,487514,487548,34,211
487304,487516,487548,32,212
487301,487510,487549,39,209
487304,487516,487550,34,212
487305,487518,487550,32,213
487306,487518,487550,32,212
487309,487525,487549,24,216
487302,487513,487550,37,211
487305,487517,487550,33,212
487298,487505,487550,45,207
487299,487507,487551,44,208
487331,487528,487551,23,197
487298,487505,487552,47,207
487305,487517,487552,35,212
487304,487517,487552,35,213
487306,487519,487552,33,213
487307,487520,487552,32,213
487332,487529,487553,24,197
487302,487513,487553,40,211
487302,487513,487552,39,211
487304,487515,487553,38,211
487300,487509,487553,44,209
487303,487515,487553,38,212
487333,487532,487553,21,199
487300,487509,487553,44,209
487302,487513,487554,41,211
487332,487530,487554,24,198
487303,487514,487554,40,211
487309,487525,487554,29,216
487305,487517,487555,38,212
487304,487515,487554,39,211
487305,487518,487555,37,213
487309,487524,487555,31,215
487305,487518,487555,37,213
487307,487521,487555,34,214
487332,487530,487556,26,198
487307,487520,487556,36,213
487333,487533,487556,23,200
487306,487519,487557,38,213
487308,487524,487557,33,216
487337,487538,487558,20,201
487307,487521,487557,36,214
487309,487524,487557,33,215
487307,487521,487557,36,214
487334,487534,487557,23,200
487309,487525,487558,33,216
487334,487534,487558,24,200
487336,487536,487558,22,200
487336,487537,487558,21,201
487335,487535,487558,23,200
487308,487523,487558,35,215
487310,487526,487558,32,216
487290,487489,487559,70,199
487306,487519,487559,40,213
487333,487532,487559,27,199
487300,487509,487560,51,209
487306,487519,487561,42,213
487309,487526,487561,35,217
487307,487521,487561,40,214
487309,487526,487561,35,217
487310,487528,487561,33,218
487310,487527,487562,35,217
487338,487542,487562,20,204
487309,487525,487561,36,216
487290,487489,487562,73,199
487310,487527,487562,35,217
487333,487532,487562,30,199
487308,487524,487563,39,216
487308,487524,487563,39,216
487310,487527,487564,37,217
487331,487528,487564,36,197
487334,487534,487563,29,200
487331,487528,487565,37,197
487331,487528,487564,36,197
487332,487531,487564,33,199
487307,487522,487564,42,215
487308,487523,487565,42,215
487338,487541,487564,23,203
487338,487542,487565,23,204
487338,487542,487565,23,204
487337,487538,487566,28,201
487308,487523,487566,43,215
487332,487529,487566,37,197
487337,487539,487566,27,202
487338,487542,487566,24,204
487331,487529,487567,38,198
487332,487531,487567,36,199
487332,487531,487567,36,199
487335,487535,487567,32,200
487339,487544,487568,24,205
487339,487544,487568,24,205
487339,487545,487569,24,206
487340,487545,487569,24,205
487333,487532,487569,37,199
487333,487532,487570,38,199
487336,487536,487570,34,200
487335,487534,487570,36,199
487308,487522,487570,48,214
487332,487530,487570,40,198
487332,487530,487571,41,198
487248,487449,487571,122,201
487330,487528,487571,43,198
487331,487529,487571,42,198
487335,487536,487572,36,201
487334,487533,487572,39,199
487336,487537,487573,36,201
487337,487541,487572,31,204
487333,487533,487573,40,200
487336,487537,487573,36,201
487331,487528,487573,45,197
487332,487530,487574,44,198
487333,487531,487573,42,198
487334,487533,487573,40,199
487341,487548,487573,25,207
487335,487534,487574,40,199
487331,487528,487574,46,197
487334,487533,487574,41,199
487337,487539,487575,36,202
487335,487534,487575,41,199
487346,487559,487575,16,213
487337,487539,487576,37,202
487335,487535,487576,41,200
487335,487535,487575,40,200
487338,487542,487576,34,204
487339,487544,487576,32,205
487339,487543,487577,34,204
487336,487538,487576,38,202
487331,487528,487577,49,197
487344,487554,487577,23,210
487338,487542,487577,35,204
487334,487533,487577,44,199
487338,487542,487577,35,204
487337,487541,487577,36,204
487336,487536,487578,42,200
487340,487545,487579,34,205
487344,487555,487578,23,211
487340,487545,487579,34,205
487333,487533,487579,46,200
487340,487545,487579,34,205
487337,487541,487580,39,204
487340,487547,487579,32,207
487342,487550,487580,30,208
487336,487538,487581,43,202
487334,487534,487580,46,200
487330,487528,487581,53,198
487335,487535,487581,46,200
487335,487535,487581,46,200
487346,487559,487581,22,213
487342,487552,487582,30,210
487337,487541,487582,41,204
487336,487537,487582,45,201
487343,487553,487583,30,210
487339,487543,487583,40,204
487342,487550,487583,33,208
487346,487559,487583,24,213
487342,487550,487585,35,208
487341,487550,487584,34,209
487345,487558,487584,26,213
487345,487557,487584,27,212
487340,487546,487585,39,206
487340,487547,487585,38,207
487342,487550,487585,35,208
487345,487557,487586,29,212
487341,487549,487586,37,208
487345,487558,487587,29,213
487346,487558,487587,29,212
487341,487549,487587,38,208
487341,487549,487587,38,208
487348,487562,487587,25,214
487343,487553,487588,35,210
487343,487553,487588,35,210
487344,487555,487588,33,211
487346,487559,487588,29,213
487338,487542,487589,47,204
487343,487553,487588,35,210
487341,487550,487588,38,209
487347,487560,487589,29,213
487340,487547,487590,43,207
487340,487547,487589,42,207
487350,487567,487590,23,217
487347,487560,487590,30,213
487341,487549,487590,41,208
487350,487566,487591,25,216
487342,487551,487591,40,209
487339,487544,487590,46,205
487350,487566,487591,25,216
487290,487488,487591,103,198
487348,487563,487591,28,215
487341,487548,487591,43,207
487343,487553,487592,39,210
487342,487551,487592,41,209
487351,487569,487592,23,218
487343,487554,487592,38,211
487342,487550,487592,42,208
487349,487565,487593,28,216
487345,487556,487593,37,211
487346,487559,487592,33,213
487351,487568,487593,25,217
487351,487569,487593,24,218
487349,487564,487594,30,215
487350,487567,487593,26,217
487343,487554,487593,39,211
487343,487553,487594,41,210
487344,487555,487594,39,211
487350,487566,487594,28,216
487344,487555,487595,40,211
487344,487554,487594,40,210
487374,487576,487595,19,202
487339,487544,487596,52,205
487345,487556,487595,39,211
487347,487559,487595,36,212
487345,487557,487596,39,212
487342,487553,487596,43,211
487341,487549,487597,48,208
487349,487564,487597,33,215
487347,487562,487597,35,215
487350,487567,487597,30,217
487346,487558,487598,40,212
487345,487556,487598,42,211
487348,487563,487598,35,215
487339,487543,487599,56,204
487348,487563,487599,36,215
487351,487568,487599,31,217
487345,487557,487599,42,212
487349,487564,487599,35,215
487344,487556,487599,43,212
487375,487578,487600,22,203
487346,487558,487600,42,212
487350,487566,487600,34,216
487348,487564,487601,37,216
487344,487555,487602,47,211
487347,487560,487602,42,213
487347,487562,487602,40,215
487343,487554,487603,49,211
487344,487554,487603,49,210
487350,487568,487604,36,218
487346,487558,487604,46,212
487372,487573,487604,31,201
487376,487579,487604,25,203
487347,487559,487605,46,212
487348,487563,487605,42,215
487349,487565,487605,40,216
487347,487560,487605,45,213
487377,487582,487605,23,205
487378,487585,487605,20,207
487352,487572,487606,34,220
487347,487561,487606,45,214
487352,487571,487606,35,219
487351,487568,487606,38,217
487348,487562,487606,44,214
487349,487565,487606,41,216
487343,487553,487607,54,210
487349,487565,487607,42,216
487352,487571,487607,36,219
487351,487571,487608,37,220
487377,487583,487608,25,206
487372,487572,487608,36,200
487373,487574,487608,34,201
487348,487562,487609,47,214
487348,487562,487608,46,214
487373,487573,487610,37,200
487347,487562,487609,47,215
487372,487573,487609,36,201
487374,487575,487609,34,201
487378,487584,487610,26,206
487352,487572,487610,38,220
487375,487577,487611,34,202
487350,487568,487611,43,218
487372,487573,487611,38,201
487378,487584,487611,27,206
487373,487574,487611,37,201
487374,487575,487611,36,201
487381,487591,487612,21,210
487375,487578,487612,34,203
487351,487571,487612,41,220
487380,487588,487613,25,208
487351,487570,487613,43,219
487379,487585,487613,28,206
487373,487574,487614,40,201
487352,487572,487614,42,220
487383,487593,487614,21,210
487375,487578,487615,37,203
487374,487575,487614,39,201
487374,487575,487615,40,201
487376,487580,487614,34,204
487351,487570,487615,45,219
487376,487581,487615,34,205
487382,487592,487616,24,210
487375,487578,487615,37,203
487378,487585,487616,31,207
487380,487589,487616,27,209
487349,487565,487616,51,216
487374,487576,487616,40,202
487380,487588,487616,28,208
487374,487576,487617,41,202
487351,487571,487617,46,220
487374,487576,487617,41,202
487376,487581,487618,37,205
487379,487586,487618,32,207
487373,487574,487617,43,201
487383,487593,487618,25,210
487378,487585,487618,33,207
487376,487579,487618,39,203
487373,487574,487619,45,201
487376,487579,487618,39,203
487375,487578,487618,40,203
487381,487590,487619,29,209
487380,487589,487619,30,209
487376,487579,487618,39,203
487375,487577,487619,42,202
487376,487580,487619,39,204
487383,487594,487620,26,211
487378,487584,487620,36,206
487381,487590,487620,30,209
487377,487581,487620,39,204
487373,487574,487620,46,201
487382,487593,487621,28,211
487376,487580,487621,41,204
487375,487577,487621,44,202
487384,487596,487622,26,212
487381,487591,487622,31,210
487377,487582,487622,40,205
487373,487573,487622,49,200
487380,487588,487623,35,208
487379,487586,487623,37,207
487377,487582,487624,42,205
487378,487583,487624,41,205
487380,487588,487624,36,208
487260,487472,487624,152,212
487379,487587,487625,38,208
487383,487594,487624,30,211
487383,487594,487624,30,211
487373,487574,487625,51,201
487377,487581,487625,44,204
487387,487600,487624,24,213
487380,487588,487625,37,208
487388,487605,487624,19,217
487384,487595,487625,30,211
487380,487589,487625,36,209
487377,487582,487626,44,205
487379,487586,487626,40,207
487378,487584,487626,42,206
487389,487606,487626,20,217
487381,487590,487627,37,209
487374,487576,487627,51,202
487379,487586,487627,41,207
487380,487588,487628,40,208
487349,487565,487628,63,216
487377,487583,487628,45,206
487389,487606,487629,23,217
487381,487591,487629,38,210
487375,487577,487630,53,202
487382,487592,487630,38,210
487383,487593,487630,37,210
487379,487586,487631,45,207
487381,487590,487631,41,209
487385,487596,487631,35,211
487392,487612,487632,20,220
487390,487608,487632,24,218
487385,487597,487632,35,212
487381,487589,487633,44,208
487382,487592,487633,41,210
487393,487614,487633,19,221
487386,487598,487634,36,212
487382,487593,487634,41,211
487391,487610,487634,24,219
487382,487592,487633,41,210
487382,487592,487634,42,210
487384,487595,487634,39,211
487385,487598,487635,37,213
487382,487592,487636,44,210
487383,487593,487636,43,210
487381,487589,487636,47,208
487393,487614,487637,23,221
487387,487601,487637,36,214
487384,487595,487637,42,211
487383,487593,487638,45,210
487387,487600,487639,39,213
487385,487596,487638,42,211
487385,487597,487638,41,212
487386,487599,487638,39,213
487386,487599,487639,40,213
487382,487592,487639,47,210
487385,487598,487640,42,213
487388,487604,487639,35,216
487387,487602,487640,38,215
487384,487595,487640,45,211
487394,487616,487640,24,222
487392,487612,487640,28,220
487386,487600,487641,41,214
487381,487591,487641,50,210
487385,487597,487641,44,212
487384,487594,487642,48,210
487387,487601,487642,41,214
487385,487596,487642,46,211
487384,487596,487643,47,212
487390,487608,487643,35,218
487386,487598,487643,45,212
487388,487606,487644,38,218
487386,487599,487644,45,213
487388,487605,487644,39,217
487396,487618,487644,26,222
487385,487597,487645,48,212
487388,487606,487645,39,218
487391,487610,487646,36,219
487389,487607,487646,39,218
487387,487604,487647,43,217
487390,487609,487647,38,219
487393,487613,487647,34,220
487390,487608,487646,38,218
487390,487609,487647,38,219
487394,487616,487647,31,222
487395,487617,487647,30,222
487392,487611,487648,37,219
487389,487607,487648,41,218
487395,487616,487648,32,221
487386,487599,487648,49,213
487389,487606,487649,43,217
487394,487615,487649,34,221
487388,487606,487649,43,218
487393,487614,487649,35,221
487388,487605,487649,44,217
487387,487602,487650,48,215
487391,487610,487650,40,219
487392,487612,487650,38,220
487391,487609,487651,42,218
487395,487617,487651,34,222
487388,487606,487652,46,218
487393,487613,487651,38,220
487386,487598,487652,54,212
487389,487607,487652,45,218
487387,487602,487652,50,215
487389,487608,487652,44,219
487390,487608,487653,45,218
487391,487610,487653,43,219
487393,487615,487654,39,222
487387,487603,487654,51,216
487388,487605,487655,50,217
487393,487615,487655,40,222
487391,487610,487655,45,219
487391,487610,487657,47,219
487395,487617,487657,40,222
487395,487617,487656,39,222
487396,487618,487656,38,222
487389,487607,487656,49,218
487396,487618,487656,38,222
487389,487607,487658,51,218
487392,487611,487657,46,219
487392,487611,487659,48,219
487396,487618,487659,41,222
487396,487618,487660,42,222
487417,487619,487662,43,202
487394,487615,487662,47,221
487393,487614,487662,48,221
487417,487619,487662,43,202
487395,487618,487663,45,223
487390,487609,487664,55,219
487418,487621,487664,43,203
487419,487622,487665,43,203
487392,487612,487665,53,220
487395,487617,487666,49,222
487394,487616,487666,50,222
487417,487620,487667,47,203
487396,487619,487666,47,223
487421,487625,487668,43,204
487396,487618,487668,50,222
487421,487626,487669,43,205
487394,487615,487669,54,221
487420,487625,487670,45,205
487394,487615,487672,57,221
487422,487627,487674,47,205
487423,487633,487675,42,210
487423,487632,487676,44,209
487422,487629,487676,47,207
487417,487619,487677,58,202
487417,487619,487678,59,202
487424,487634,487681,47,210
487424,487634,487682,48,210
487425,487638,487682,44,213
487427,487641,487684,43,214
487421,487627,487684,57,206
487420,487625,487684,59,205
487427,487641,487685,44,214
487428,487645,487687,42,217
487418,487621,487688,67,203
487420,487625,487688,63,205
487419,487622,487688,66,203
487429,487648,487691,43,219
487422,487628,487693,65,206
487417,487619,487696,77,202
487418,487621,487695,74,203
487417,487620,487696,76,203
487425,487638,487696,58,213
487423,487631,487697,66,208
487432,487655,487698,43,223
487417,487619,487700,81,202
487427,487641,487701,60,214
487420,487625,487703,78,205
487417,487619,487704,85,202
487419,487623,487705,82,204
487450,487662,487705,43,212
487430,487649,487708,59,219
487451,487665,487708,43,214
487421,487625,487708,83,204
487451,487666,487709,43,215
487451,487663,487710,47,212
487432,487653,487711,58,221
487419,487622,487711,89,203
487451,487667,487711,44,216
487452,487670,487711,41,218
487418,487620,487711,91,202
487418,487622,487712,90,204
487422,487627,487711,84,205
487421,487627,487713,86,206
487429,487647,487714,67,218
487452,487669,487714,45,217
487420,487625,487714,89,205
487421,487627,487714,87,206
487423,487632,487714,82,209
487419,487623,487715,92,204
487418,487621,487715,94,203
487419,487624,487715,91,205
487425,487636,487716,80,211
487421,487625,487716,91,204
487422,487630,487717,87,208
487452,487675,487717,42,223
487421,487625,487717,92,204
487420,487625,487717,92,205
487423,487631,487718,87,208
487423,487631,487718,87,208
487452,487674,487719,45,222
487425,487637,487719,82,212
487422,487629,487719,90,207
487421,487626,487720,94,205
487422,487629,487721,92,207
487422,487628,487722,94,206
487452,487671,487722,51,219
487424,487635,487723,88,211
487422,487627,487723,96,205
487453,487682,487724,42,229
487418,487621,487724,103,203
487419,487624,487724,100,205
487424,487633,487725,92,209
487453,487676,487726,50,223
487420,487625,487726,101,205
487453,487677,487727,50,224
487453,487684,487727,43,231
487454,487685,487727,42,231
487425,487637,487728,91,212
487424,487635,487727,92,211
487425,487635,487728,93,210
487425,487639,487729,90,214
487453,487682,487729,47,229
487453,487682,487729,47,229
487426,487639,487730,91,213
487454,487687,487730,43,233
487427,487643,487731,88,216
487423,487631,487730,99,208
487424,487634,487731,97,210
487420,487625,487732,107,205
487424,487633,487732,99,209
487453,487678,487732,54,225
487423,487631,487734,103,208
487424,487634,487733,99,210
487428,487644,487733,89,216
487424,487634,487734,100,210
487426,487640,487734,94,214
487425,487639,487735,96,214
487425,487636,487735,99,211
487426,487640,487736,96,214
487426,487640,487737,97,214
487429,487648,487737,89,219
487430,487649,487738,89,219
487428,487646,487738,92,218
487454,487691,487739,48,237
487427,487643,487739,96,216
487428,487645,487739,94,217
487428,487645,487739,94,217
487426,487639,487740,101,213
487427,487643,487739,96,216
487426,487640,487741,101,214
487426,487639,487740,101,213
487427,487642,487740,98,215
487427,487643,487741,98,216
487432,487653,487741,88,221
487425,487638,487742,104,213
487430,487649,487742,93,219
487455,487699,487742,43,244
487454,487685,487743,58,231
487428,487645,487743,98,217
487431,487652,487743,91,221
487430,487649,487743,94,219
487427,487641,487744,103,214
487430,487649,487744,95,219
487429,487648,487744,96,219
487427,487642,487745,103,215
487431,487651,487745,94,220
487431,487652,487744,92,221
487453,487679,487745,66,226
487432,487654,487745,91,222
487431,487650,487746,96,219
487429,487648,487746,98,219
487429,487648,487747,99,219
487428,487644,487748,104,216
487454,487689,487748,59,235
487449,487657,487748,91,208
487429,487647,487748,101,218
487449,487656,487748,92,207
487429,487647,487750,103,218
487432,487654,487749,95,222
487428,487646,487749,103,218
487431,487650,487749,99,219
487430,487650,487749,99,220
487431,487651,487750,99,220
487432,487653,487750,97,221
487449,487657,487750,93,208
487450,487657,487750,93,207
487428,487644,487750,106,216
487476,487709,487751,42,233
487453,487685,487751,66,232
487430,487650,487752,102,220
487431,487651,487751,100,220
487431,487652,487750,98,221
487454,487693,487752,59,239
487450,487660,487751,91,210
487429,487647,487752,105,218
487456,487705,487752,47,249
487450,487658,487752,94,208
487432,487655,487752,97,223
487452,487667,487752,85,215
487451,487667,487753,86,216
487452,487670,487753,83,218
487476,487710,487754,44,234
487449,487657,487754,97,208
487477,487712,487754,42,235
487450,487662,487755,93,212
487433,487655,487755,100,222
487450,487663,487755,92,213
487426,487640,487755,115,214
487476,487708,487757,49,232
487450,487659,487756,97,209
487451,487665,487756,91,214
487432,487652,487757,105,220
487449,487656,487757,101,207
487450,487658,487757,99,208
487449,487657,487758,101,208
487449,487657,487757,100,208
487450,487660,487758,98,210
487452,487673,487759,86,221
487455,487698,487759,61,243
487455,487701,487760,59,246
487452,487669,487759,90,217
487451,487664,487759,95,213
487479,487719,487759,40,240
487477,487712,487760,48,235
487478,487718,487760,42,240
487477,487714,487762,48,237
487455,487697,487762,65,242
487451,487667,487764,97,216
487479,487723,487766,43,244
487456,487708,487767,59,252
487451,487666,487767,101,215
487480,487725,487770,45,245
487476,487711,487771,60,235
487481,487728,487771,43,247
487477,487714,487774,60,237
487454,487688,487774,86,234
487480,487727,487775,48,247
487481,487730,487776,46,249
487481,487728,487776,48,247
487481,487731,487777,46,250
487454,487696,487780,84,242
487480,487728,487781,53,248
487481,487730,487782,52,249
487476,487712,487783,71,236
487455,487696,487783,87,241
487454,487688,487785,97,234
487455,487696,487787,91,241
487455,487704,487788,84,249
487485,487743,487788,45,258
487483,487739,487789,50,256
487476,487709,487790,81,233
487456,487705,487791,86,249
487482,487733,487794,61,251
487477,487714,487794,80,237
487488,487751,487795,44,263
487478,487715,487797,82,237
487477,487712,487798,86,235
487490,487755,487798,43,265
487479,487721,487800,79,242
487489,487753,487800,47,264
487490,487754,487801,47,264
487455,487701,487803,102,246
487478,487716,487803,87,238
487477,487712,487803,91,235
487479,487720,487803,83,241
487491,487757,487804,47,266
487492,487760,487804,44,268
487455,487703,487804,101,248
487492,487761,487807,46,269
487487,487748,487807,59,261
487477,487715,487808,93,238
487492,487762,487808,46,270
487478,487718,487808,90,240
487492,487760,487808,48,268
487479,487719,487809,90,240
487485,487743,487810,67,258
487478,487716,487810,94,238
487478,487717,487810,93,239
487493,487766,487810,44,273
487477,487715,487811,96,238
487479,487719,487811,92,240
487478,487717,487812,95,239
487479,487721,487812,91,242
487486,487746,487813,67,260
487477,487712,487814,102,235
487478,487716,487814,98,238
487478,487715,487814,99,237
487482,487732,487815,83,250
487480,487724,487815,91,244
487479,487720,487816,96,241
487480,487724,487815,91,244
487489,487752,487816,64,263
487493,487772,487816,44,279
487481,487728,487817,89,247
487488,487751,487817,66,263
487493,487771,487818,47,278
487478,487718,487818,100,240
487492,487760,487819,59,268
487480,487725,487819,94,245
487480,487725,487819,94,245
487481,487728,487821,93,247
487493,487763,487822,59,270
487480,487725,487822,97,245
487482,487731,487823,92,249
487494,487777,487823,46,283
487494,487777,487823,46,283
487492,487760,487824,64,268
487479,487722,487824,102,243
487486,487746,487824,78,260
487494,487777,487824,47,283
487494,487776,487825,49,282
487481,487729,487825,96,248
487494,487782,487826,44,288
487484,487742,487826,84,258
487482,487732,487826,94,250
487483,487736,487827,91,253
487480,487727,487827,100,247
487482,487734,487827,93,252
487482,487731,487827,96,249
487494,487783,487828,45,289
487483,487739,487828,89,256
487483,487735,487828,93,252
487481,487728,487829,101,247
487481,487731,487830,99,250
487484,487739,487832,93,255
487493,487767,487833,66,274
487483,487737,487833,96,254
487483,487737,487834,97,254
487483,487735,487834,99,252
487483,487738,487835,97,255
487485,487744,487836,92,259
487483,487737,487836,99,254
487484,487740,487836,96,256
487495,487789,487837,48,294
487485,487743,487837,94,258
487484,487741,487837,96,257
487493,487772,487838,66,279
487495,487789,487838,49,294
487488,487751,487839,88,263
487482,487734,487838,104,252
487485,487742,487839,97,257
487485,487744,487839,95,259
487483,487738,487839,101,255
487496,487796,487840,44,300
487482,487734,487841,107,252
487484,487740,487841,101,256
487496,487799,487842,43,303
487486,487747,487842,95,261
487485,487744,487841,97,259
487493,487775,487842,67,282
487487,487747,487842,95,260
487484,487740,487843,103,256
487485,487742,487842,100,257
487488,487751,487843,92,263
487490,487756,487843,87,266
487486,487745,487844,99,259
487490,487754,487844,90,264
487484,487741,487844,103,257
487486,487745,487844,99,259
487489,487753,487845,92,264
487482,487733,487844,111,251
487486,487745,487847,102,259
487486,487745,487847,102,259
487486,487746,487847,101,260
487496,487801,487847,46,305
487491,487759,487847,88,268
487484,487740,487848,108,256
487497,487804,487848,44,307
487488,487751,487848,97,263
487489,487752,487849,97,263
487497,487805,487849,44,308
487496,487802,487849,47,306
487487,487750,487850,100,263
487492,487759,487850,91,267
487491,487757,487850,93,266
487489,487753,487851,98,264
487484,487741,487851,110,257
487485,487744,487851,107,259
487487,487750,487851,101,263
487487,487750,487852,102,263
487487,487749,487852,103,262
487488,487751,487852,101,263
487519,487811,487852,41,292
487518,487809,487852,43,291
487487,487749,487852,103,262
487488,487751,487853,102,263
487487,487748,487853,105,261
487488,487750,487853,103,262
487490,487754,487854,100,264
487489,487753,487853,100,264
487489,487752,487854,102,263
487489,487752,487854,102,263
487497,487808,487854,46,311
487490,487756,487854,98,266
487488,487750,487855,105,262
487491,487757,487855,98,266
487491,487758,487855,97,267
487492,487760,487856,96,268
487492,487760,487856,96,268
487490,487755,487856,101,265
487518,487808,487857,49,290
487491,487758,487857,99,267
487494,487781,487858,77,287
487496,487794,487858,64,298
487491,487757,487859,102,266
487487,487749,487859,110,262
487489,487752,487858,106,263
487491,487758,487860,102,267
487490,487753,487860,107,263
487490,487756,487860,104,266
487493,487764,487861,97,271
487493,487768,487860,92,275
487486,487745,487861,116,259
487491,487758,487864,106,267
487494,487783,487863,80,289
487494,487775,487863,88,281
487495,487786,487863,77,291
487497,487808,487864,56,311
487520,487817,487864,47,297
487520,487819,487866,47,299
487490,487755,487867,112,265
487522,487826,487870,44,304
487495,487787,487870,83,292
487521,487824,487872,48,303
487521,487824,487872,48,303
487522,487825,487872,47,303
487522,487825,487874,49,303
487523,487828,487876,48,305
487518,487810,487878,68,292
487495,487792,487878,86,297
487495,487790,487879,89,295
487495,487784,487880,96,289
487495,487789,487880,91,294
487519,487813,487880,67,294
487496,487801,487882,81,305
487521,487820,487882,62,299
487497,487805,487884,79,308
487496,487795,487883,88,299
487497,487804,487885,81,307
487524,487837,487885,48,313
487520,487816,487884,68,296
487520,487818,487885,67,298
487525,487841,487886,45,316
487525,487839,487886,47,314
487496,487797,487886,89,301
487496,487798,487887,89,302
487497,487804,487890,86,307
487498,487808,487890,82,310
487496,487803,487890,87,307
487526,487842,487889,47,316
487521,487822,487890,68,301
487497,487804,487890,86,307
487522,487824,487891,67,302
487528,487850,487895,45,322
487530,487853,487895,42,323
487528,487848,487896,48,320
487528,487849,487897,48,321
487518,487811,487897,86,293
487518,487811,487897,86,293
487518,487809,487898,89,291
487524,487833,487900,67,309
487518,487809,487901,92,291
487528,487850,487901,51,322
487530,487853,487901,48,323
487521,487824,487902,78,303
487519,487814,487903,89,295
487531,487855,487904,49,324
487519,487811,487905,94,292
487525,487838,487904,66,313
487520,487817,487904,87,297
487519,487813,487905,92,294
487532,487858,487906,48,326
487519,487811,487906,95,292
487521,487820,487907,87,299
487519,487815,487908,93,296
487526,487842,487909,67,316
487520,487816,487909,93,296
487519,487812,487908,96,293
487520,487816,487909,93,296
487534,487865,487911,46,331
487519,487815,487912,97,296
487520,487816,487912,96,296
487535,487872,487912,40,337
487519,487815,487914,99,296
487521,487821,487914,93,300
487534,487866,487915,49,332
487521,487819,487916,97,298
487523,487829,487916,87,306
487522,487828,487917,89,306
487522,487826,487919,93,304
487534,487870,487919,49,336
487535,487872,487920,48,337
487521,487823,487920,97,302
487524,487835,487920,85,311
487535,487873,487921,48,338
487535,487874,487922,48,339
487523,487828,487923,95,305
487523,487829,487923,94,306
487523,487828,487924,96,305
487535,487876,487924,48,341
487523,487833,487924,91,310
487521,487820,487924,104,299
487522,487825,487925,100,303
487532,487859,487926,67,327
487522,487825,487926,101,303
487523,487831,487926,95,308
487522,487827,487927,100,305
487526,487841,487927,86,315
487523,487828,487928,100,305
487524,487835,487929,94,311
487534,487865,487930,65,331
487537,487885,487930,45,348
487523,487831,487931,100,308
487522,487826,487931,105,304
487524,487835,487933,98,311
487524,487834,487932,98,310
487537,487886,487933,47,349
487525,487839,487934,95,314
487525,487839,487934,95,314
487534,487864,487934,70,330
487526,487842,487935,93,316
487537,487886,487935,49,349
487525,487838,487936,98,313
487539,487895,487937,42,356
487525,487839,487937,98,314
487527,487845,487937,92,318
487538,487891,487937,46,353
487527,487844,487938,94,317
487524,487837,487939,102,313
487525,487839,487939,100,314
487526,487841,487939,98,315
487524,487836,487940,104,312
487539,487896,487940,44,357
487524,487836,487941,105,312
487527,487845,487940,95,318
487527,487844,487941,97,317
487525,487838,487942,104,313
487527,487845,487942,97,318
487539,487897,487945,48,358
487536,487883,487944,61,347
487539,487895,487945,50,356
487528,487848,487945,97,320
487528,487848,487945,97,320
487527,487847,487945,98,320
487525,487841,487946,105,316
487527,487845,487946,101,318
487527,487847,487946,99,320
487535,487879,487946,67,344
487540,487902,487946,44,362
487529,487851,487947,96,322
487532,487858,487947,89,326
487540,487905,487948,43,365
487526,487842,487948,106,316
487529,487851,487948,97,322
487536,487881,487948,67,345
487531,487855,487949,94,324
487537,487885,487949,64,348
487531,487856,487950,94,325
487540,487902,487950,48,362
487529,487852,487949,97,323
487527,487844,487950,106,317
487529,487852,487950,98,323
487526,487843,487951,108,317
487528,487849,487951,102,321
487529,487852,487951,99,323
487532,487859,487951,92,327
487529,487852,487951,99,323
487527,487844,487952,108,317
487526,487843,487952,109,317
487526,487843,487952,109,317
487531,487856,487953,97,325
487528,487849,487954,105,321
487531,487855,487953,98,324
487528,487849,487954,105,321
487530,487852,487955,103,322
487532,487861,487954,93,329
487537,487886,487955,69,349
487561,487906,487955,49,345
487532,487859,487955,96,327
487562,487912,487955,43,350
487533,487861,487956,95,328
487562,487913,487956,43,351
487538,487891,487957,66,353
487530,487854,487958,104,324
487534,487864,487958,94,330
487538,487892,487958,66,354
487533,487861,487959,98,328
487531,487856,487959,103,325
487530,487854,487959,105,324
487529,487852,487959,107,323
487529,487852,487959,107,323
487531,487856,487960,104,325
487539,487900,487960,60,361
487529,487851,487960,109,322
487530,487853,487960,107,323
487530,487854,487961,107,324
487533,487861,487961,100,328
487530,487854,487961,107,324
487533,487862,487962,100,329
487532,487860,487963,103,328
487530,487853,487962,109,323
487534,487864,487962,98,330
487531,487857,487963,106,326
487562,487915,487963,48,353
487531,487855,487964,109,324
487537,487887,487964,77,350
487534,487868,487964,96,334
487536,487881,487966,85,345
487534,487864,487966,102,330
487532,487860,487967,107,328
487535,487871,487967,96,336
487536,487880,487968,88,344
487536,487880,487968,88,344
487532,487859,487970,111,327
487563,487920,487970,50,357
487535,487879,487970,91,344
487561,487909,487970,61,348
487540,487905,487970,65,365
487538,487890,487971,81,352
487538,487888,487973,85,350
487564,487923,487974,51,359
487531,487856,487974,118,325
487564,487922,487975,53,358
487563,487920,487975,55,357
487564,487925,487974,49,361
487539,487898,487976,78,359
487536,487882,487977,95,346
487566,487931,487977,46,365
487537,487885,487978,93,348
487538,487890,487978,88,352
487538,487891,487979,88,353
487537,487884,487979,95,347
487541,487905,487981,76,364
487538,487890,487983,93,352
487566,487934,487982,48,368
487567,487938,487984,46,371
487540,487905,487984,79,365
487567,487936,487988,52,369
487569,487945,487988,43,376
487539,487898,487988,90,359
487536,487884,487988,104,348
487568,487941,487989,48,373
487567,487937,487990,53,370
487540,487902,487991,89,362
487540,487904,487992,88,364
487564,487926,487993,67,362
487565,487926,487994,68,361
487569,487945,487994,49,376
487561,487908,487994,86,347
487539,487901,487995,94,362
487570,487947,487995,48,377
487570,487948,487997,49,378
487562,487912,487997,85,350
487571,487950,487997,47,379
487574,487957,487998,41,383
487565,487930,487999,69,365
487561,487909,488002,93,348
487563,487916,488002,86,353
487562,487915,488001,86,353
487561,487908,488004,96,347
487574,487956,488004,48,382
487540,487905,488004,99,365
487561,487909,488004,95,348
487573,487956,488005,49,383
487562,487910,488004,94,348
487564,487924,488006,82,360
487563,487919,488007,88,356
487561,487907,488008,101,346
487563,487917,488008,91,354
487563,487917,488009,92,354
487539,487898,488009,111,359
487565,487928,488009,81,363
487569,487945,488009,64,376
487565,487928,488010,82,363
487562,487914,488010,96,352
487571,487950,488010,60,379
487564,487925,488011,86,361
487565,487927,488011,84,362
487576,487964,488013,49,388
487570,487947,488013,66,377
487562,487912,488014,102,350
487563,487921,488014,93,358
487578,487974,488015,41,396
487564,487925,488017,92,361
487567,487935,488016,81,368
487564,487924,488017,93,360
487571,487949,488018,69,378
487577,487970,488022,52,393
487563,487921,488023,102,358
487578,487975,488024,49,397
487564,487923,488024,101,359
487578,487975,488025,50,397
487574,487958,488025,67,384
487578,487975,488025,50,397
487574,487959,488026,67,385
487568,487939,488026,87,371
487566,487932,488027,95,366
487579,487978,488027,49,399
487580,487983,488028,45,403
487566,487935,488028,93,369
487565,487930,488029,99,365
487575,487961,488030,69,386
487566,487933,488031,98,367
487580,487990,488030,40,410
487568,487941,488032,91,373
487567,487939,488033,94,372
487566,487934,488033,99,368
487580,487984,488033,49,404
487570,487948,488033,85,378
487572,487953,488033,80,381
487570,487947,488035,88,377
487568,487939,488035,96,371
487567,487937,488035,98,370
487573,487956,488036,80,383
487566,487933,488036,103,367
487565,487929,488036,107,364
487580,487989,488038,49,409
487580,487991,488037,46,411
487567,487936,488037,101,369
487578,487971,488038,67,393
487568,487941,488039,98,373
487580,487989,488038,49,409
487578,487971,488039,68,393
487565,487926,488039,113,361
487568,487942,488040,98,374
487566,487932,488040,108,366
487581,487996,488040,44,415
487568,487940,488040,100,372
487567,487936,488041,105,369
487572,487952,488042,90,380
487567,487938,488042,104,371
487572,487951,488043,92,379
487572,487952,488043,91,380
487570,487947,488044,97,377
487569,487946,488045,99,377
487569,487942,488045,103,373
487582,487998,488046,48,416
487582,487999,488046,47,417
487569,487946,488046,100,377
487569,487943,488046,103,374
487570,487948,488046,98,378
487581,487995,488048,53,414
487573,487954,488049,95,381
487573,487954,488049,95,381
487575,487960,488049,89,385
487582,488004,488049,45,422
487571,487950,488049,99,379
487568,487940,488050,110,372
487570,487948,488051,103,378
487581,487997,488051,54,416
487570,487947,488052,105,377
487576,487965,488053,88,389
487572,487952,488052,100,380
487583,488005,488053,48,422
487572,487952,488053,101,380
487576,487965,488053,88,389
487569,487945,488054,109,376
487577,487968,488054,86,391
487569,487947,488055,108,378
487571,487951,488055,104,380
487575,487961,488055,94,386
487571,487950,488055,105,379
487575,487961,488055,94,386
487574,487957,488057,100,383
487574,487958,488056,98,384
487573,487955,488056,101,382
487573,487953,488056,103,380
487575,487960,488057,97,385
487576,487963,488058,95,387
487575,487960,488059,99,385
487578,487971,488060,89,393
487571,487951,488061,110,380
487578,487973,488062,89,395
487605,488016,488062,46,411
487581,487995,488062,67,414
487576,487964,488062,98,388
487571,487950,488063,113,379
487572,487952,488063,111,380
487576,487965,488064,99,389
487574,487958,488064,106,384
487573,487955,488065,110,382
487577,487966,488065,99,389
487573,487955,488067,112,382
487577,487970,488066,96,393
487607,488027,488067,40,420
487575,487959,488067,108,384
487576,487962,488067,105,386
487604,488013,488067,54,409
487577,487967,488067,100,390
487582,488000,488068,68,418
487573,487956,488068,112,383
487577,487971,488069,98,394
487576,487963,488069,106,387
487605,488023,488071,48,418
487579,487979,488071,92,400
487574,487959,488071,112,385
487578,487975,488071,96,397
487572,487953,488072,119,381
487575,487960,488072,112,385
487575,487961,488072,111,386
487576,487963,488072,109,387
487577,487968,488072,104,391
487576,487962,488073,111,386
487606,488025,488075,50,419
487606,488025,488076,51,419
487575,487961,488076,115,386
487579,487979,488076,97,400
487607,488029,488077,48,422
487604,488010,488077,67,406
487578,487978,488078,100,400
487580,487985,488077,92,405
487579,487982,488078,96,403
487581,487995,488080,85,414
487606,488026,488080,54,420
487577,487969,488080,111,392
487579,487978,488081,103,399
487582,488002,488081,79,420
487605,488014,488082,68,409
487608,488034,488081,47,426
487579,487980,488082,102,401
487581,487992,488083,91,411
487607,488031,488083,52,424
487609,488038,488084,46,429
487609,488038,488084,46,429
487580,487989,488084,95,409
488084,488084,488085,1,0
488084,488084,488085,1,0
488084,488084,488085,1,0
488084,488084,488085,1,0
487604,488012,488085,73,408
487577,487969,488085,116,392
488084,488084,488086,2,0
488084,488085,488086,1,1
488084,488085,488086,1,1
487582,488003,488086,83,421
488084,488084,488086,2,0
488084,488084,488087,3,0
488084,488085,488086,1,1
488084,488085,488086,1,1
487581,487991,488087,96,410
487582,487997,488087,90,415
488084,488084,488087,3,0
488084,488084,488087,3,0
488084,488086,488087,1,2
488084,488086,488087,1,2
488084,488087,488088,1,3
487580,487989,488088,99,409
487606,488025,488088,63,419
488084,488084,488088,4,0
488084,488084,488089,5,0
488084,488086,488089,3,2
488084,488084,488089,5,0
488084,488087,488088,1,3
488084,488084,488089,5,0
488084,488087,488088,1,3
488084,488088,488089,1,4
488084,488088,488089,1,4
487605,488019,488089,70,414
488084,488084,488089,5,0
488084,488084,488090,6,0
488084,488084,488090,6,0
488084,488087,488090,3,3
488084,488084,488089,5,0
488084,488084,488090,6,0
488084,488088,488089,1,4
488084,488084,488090,6,0
488084,488084,488089,5,0
488084,488088,488090,2,4
488084,488084,488090,6,0
488084,488084,488089,5,0
488084,488088,488090,2,4
488084,488084,488090,6,0
488084,488089,488090,1,5
487579,487980,488090,110,401
487582,488003,488090,87,421
488084,488084,488090,6,0
488084,488084,488091,7,0
488084,488084,488091,7,0
488084,488084,488091,7,0
488084,488089,488090,1,5
488084,488089,488090,1,5
488084,488084,488091,7,0
488084,488089,488090,1,5
488084,488089,488090,1,5
488084,488089,488090,1,5
488084,488084,488090,6,0
488084,488090,488091,1,6
488084,488090,488091,1,6
488084,488090,488091,1,6
488084,488090,488091,1,6
487579,487983,488091,108,404
487581,487993,488090,97,412
487583,488005,488091,86,422
487582,488005,488091,86,423
487609,488039,488091,52,430
488084,488084,488091,7,0
488084,488084,488091,7,0
488084,488090,488091,1,6
488084,488090,488091,1,6
488084,488084,488091,7,0
488084,488089,488093,4,5
488084,488084,488092,8,0
488084,488090,488092,2,6
488084,488090,488093,3,6
488084,488084,488093,9,0
488084,488090,488092,2,6
488084,488089,488092,3,5
488084,488090,488093,3,6
488084,488084,488093,9,0
488084,488089,488093,4,5
487581,487995,488094,99,414
488084,488084,488095,11,0
488084,488084,488094,10,0
488084,488084,488095,11,0
488084,488084,488095,11,0
488084,488084,488096,12,0
487604,488012,488096,84,408
487583,488008,488096,88,425
487611,488046,488096,50,435
487583,488005,488097,92,422
487610,488041,488097,56,431
487611,488046,488097,51,435
487583,488009,488097,88,426
487583,488009,488097,88,426
488084,488084,488098,14,0
487604,488011,488098,87,407
487607,488030,488098,68,423
488084,488084,488099,15,0
487612,488049,488099,50,437
488084,488084,488099,15,0
487612,488050,488100,50,438
487606,488026,488101,75,420
487613,488054,488101,47,441
487604,488012,488103,91,408
487583,488009,488102,93,426
487607,488032,488103,71,425
487583,488007,488104,97,424
487604,488010,488105,95,406
487605,488017,488105,88,412
487616,488062,488106,44,446
488084,488084,488106,22,0
487609,488038,488106,68,429
487610,488039,488109,70,429
487613,488052,488109,57,439
487582,488004,488109,105,422
487605,488015,488109,94,410
487605,488017,488110,93,412
487617,488067,488111,44,450
487584,488009,488114,105,425
487609,488036,488114,78,427
487606,488024,488117,93,418
487617,488068,488117,49,451
488116,488116,488117,1,0
488116,488116,488117,1,0
488116,488116,488117,1,0
488116,488116,488117,1,0
487605,488014,488116,102,409
487604,488011,488117,106,407
488116,488117,488118,1,1
488116,488117,488118,1,1
488116,488117,488118,1,1
488116,488117,488118,1,1
488116,488116,488119,3,0
488116,488116,488118,2,0
488116,488116,488119,3,0
488116,488118,488119,1,2
488116,488116,488119,3,0
487607,488027,488119,92,420
488116,488116,488120,4,0
488116,488116,488120,4,0
487607,488030,488120,90,423
488116,488119,488120,1,3
488116,488120,488121,1,4
488116,488116,488121,5,0
488116,488116,488120,4,0
488116,488116,488121,5,0
488116,488116,488121,5,0
488116,488116,488121,5,0
488116,488119,488121,2,3
488116,488120,488121,1,4
488116,488116,488121,5,0
488116,488120,488121,1,4
488116,488120,488121,1,4
488116,488116,488122,6,0
488116,488116,488122,6,0
488116,488116,488122,6,0
488116,488120,488122,2,4
488116,488116,488122,6,0
488116,488116,488122,6,0
488116,488121,488122,1,5
488116,488116,488122,6,0
488116,488116,488122,6,0
488116,488121,488122,1,5
488116,488122,488123,1,6
487606,488025,488123,98,419
488116,488116,488123,7,0
488116,488119,488123,4,3
488116,488121,488123,2,5
488116,488119,488123,4,3
488116,488121,488123,2,5
488116,488116,488123,7,0
488116,488121,488123,2,5
488116,488120,488123,3,4
488116,488122,488123,1,6
488116,488122,488123,1,6
488116,488116,488123,7,0
488116,488122,488123,1,6
488116,488122,488123,1,6
488116,488123,488124,1,7
488116,488123,488124,1,7
488116,488116,488123,7,0
488116,488116,488124,8,0
487619,488076,488124,48,457
488116,488116,488124,8,0
488116,488116,488124,8,0
488116,488116,488124,8,0
488116,488121,488124,3,5
488116,488116,488124,8,0
488116,488122,488124,2,6
488116,488122,488124,2,6
487608,488033,488124,91,425
487608,488034,488125,91,426
487608,488033,488125,92,425
487620,488078,488125,47,458
488116,488116,488125,9,0
488116,488122,488125,3,6
487606,488027,488125,98,421
488116,488116,488125,9,0
488116,488116,488125,9,0
488116,488116,488126,10,0
487618,488071,488126,55,453
488116,488116,488126,10,0
488116,488116,488126,10,0
487605,488017,488127,110,412
488116,488116,488127,11,0
488116,488116,488127,11,0
488116,488116,488127,11,0
488116,488116,488127,11,0
487608,488036,488128,92,428
487619,488076,488127,51,457
487608,488034,488128,94,426
487610,488040,488128,88,430
487610,488040,488128,88,430
487616,488063,488128,65,447
487608,488035,488129,94,427
487611,488046,488130,84,435
487609,488038,488131,93,429
487607,488029,488132,103,422
488116,488116,488132,16,0
487607,488031,488133,102,424
487620,488081,488133,52,461
487610,488043,488134,91,433
488116,488116,488135,19,0
487612,488050,488135,85,438
487610,488043,488135,92,433
487621,488084,488137,53,463
487618,488069,488137,68,451
487611,488044,488137,93,433
487621,488085,488137,52,464
487610,488042,488139,97,432
487622,488085,488138,53,463
487612,488050,488139,89,438
487621,488082,488140,58,461
487614,488056,488139,83,442
487624,488092,488139,47,468
487608,488035,488140,105,427
487611,488046,488141,95,435
487613,488055,488140,85,442
487610,488040,488141,101,430
487610,488042,488142,100,432
487612,488050,488142,92,438
487611,488044,488142,98,433
487609,488037,488143,106,428
487624,488097,488143,46,473
487612,488047,488143,96,435
487611,488045,488143,98,434
487613,488053,488143,90,440
487616,488065,488144,79,449
487611,488045,488144,99,434
487613,488054,488144,90,441
488144,488144,488145,1,0
488144,488144,488145,1,0
488144,488144,488145,1,0
488144,488144,488145,1,0
487609,488036,488145,109,427
487611,488047,488145,98,436
487614,488055,488145,90,441
487616,488062,488146,84,446
487613,488052,488145,93,439
488144,488144,488146,2,0
487620,488078,488146,68,458
487612,488051,488146,95,439
487609,488039,488147,108,430
487624,488097,488147,50,473
487624,488097,488147,50,473
488144,488144,488147,3,0
488144,488144,488147,3,0
488144,488144,488147,3,0
488144,488146,488147,1,2
488144,488144,488148,4,0
488144,488146,488147,1,2
487613,488054,488147,93,441
487615,488060,488148,88,445
487614,488055,488148,93,441
487617,488067,488148,81,450
488144,488145,488148,3,1
488144,488147,488148,1,3
488144,488145,488148,3,1
488144,488144,488148,4,0
488144,488147,488148,1,3
488144,488147,488148,1,3
488144,488148,488149,1,4
487614,488056,488148,92,442
487614,488056,488149,93,442
487615,488061,488149,88,446
487625,488100,488148,48,475
487625,488101,488149,48,476
488144,488145,488149,4,1
488144,488144,488149,5,0
488144,488148,488149,1,4
488144,488145,488149,4,1
488144,488148,488149,1,4
488144,488148,488149,1,4
488144,488148,488149,1,4
488144,488148,488149,1,4
488144,488149,488150,1,5
488144,488149,488150,1,5
488144,488149,488150,1,5
487615,488057,488149,92,442
487613,488053,488150,97,440
487615,488058,488150,92,443
488144,488145,488150,5,1
488144,488145,488150,5,1
488144,488145,488150,5,1
488144,488144,488150,6,0
488144,488149,488150,1,5
487621,488082,488150,68,461
488144,488150,488151,1,6
488144,488144,488150,6,0
488144,488150,488151,1,6
488144,488150,488151,1,6
488144,488150,488151,1,6
488144,488144,488150,6,0
488144,488150,488151,1,6
488144,488150,488151,1,6
488144,488144,488150,6,0
488144,488149,488150,1,5
488144,488150,488151,1,6
488144,488144,488151,7,0
488144,488150,488151,1,6
488144,488149,488151,2,5
488144,488150,488151,1,6
488144,488144,488151,7,0
488144,488144,488151,7,0
488144,488144,488151,7,0
488144,488150,488151,1,6
488144,488150,488151,1,6
487616,488063,488152,89,447
488144,488144,488152,8,0
487612,488050,488151,101,438
487623,488089,488152,63,466
488144,488144,488152,8,0
488144,488151,488152,1,7
488144,488144,488152,8,0
488144,488144,488152,8,0
488144,488151,488152,1,7
488144,488144,488152,8,0
487615,488058,488152,94,443
487622,488085,488152,67,463
487625,488098,488152,54,473
487612,488052,488153,101,440
488144,488144,488153,9,0
488144,488144,488153,9,0
488144,488150,488153,3,6
488144,488151,488153,2,7
487622,488085,488154,69,463
488144,488144,488153,9,0
487620,488081,488153,72,461
487615,488060,488154,94,445
487616,488064,488154,90,448
488144,488144,488154,10,0
488144,488144,488154,10,0
487618,488068,488155,87,450
487617,488066,488155,89,449
487617,488066,488155,89,449
488144,488144,488155,11,0
487618,488069,488156,87,451
487614,488057,488155,98,443
487626,488106,488155,49,480
487625,488102,488156,54,477
488144,488144,488156,12,0
487625,488098,488157,59,473
487627,488112,488156,44,485
488144,488144,488158,14,0
488144,488144,488157,13,0
487620,488079,488158,79,459
487621,488081,488158,77,460
487624,488097,488157,60,473
487622,488087,488158,71,465
487621,488081,488159,78,460
487621,488084,488159,75,463
487617,488067,488159,92,450
488144,488144,488159,15,0
488144,488144,488159,15,0
487623,488089,488159,70,466
487615,488057,488160,103,442
487616,488064,488160,96,448
487617,488068,488159,91,451
487626,488110,488160,50,484
487614,488057,488160,103,443
487618,488068,488160,92,450
488144,488144,488160,16,0
487623,488092,488161,69,469
487618,488070,488161,91,452
487624,488094,488161,67,470
487626,488106,488162,56,480
487625,488099,488162,63,474
487621,488082,488162,80,461
487622,488088,488163,75,466
487614,488056,488162,106,442
487622,488088,488163,75,466
488144,488144,488163,19,0
487618,488069,488163,94,451
487619,488072,488163,91,453
487626,488110,488164,54,484
487621,488082,488165,83,461
487620,488078,488165,87,458
487618,488071,488165,94,453
487619,488073,488166,93,454
487625,488103,488166,63,478
487616,488064,488166,102,448
487619,488073,488166,93,454
487619,488073,488166,93,454
487620,488077,488166,89,457
487619,488074,488167,93,455
487620,488078,488167,89,458
487618,488072,488167,95,454
487620,488077,488169,92,457
487619,488073,488169,96,454
487623,488092,488170,78,469
487623,488092,488170,78,469
487626,488104,488170,66,478
487627,488110,488170,60,483
487626,488105,488171,66,479
487627,488115,488171,56,488
487622,488087,488172,85,465
487625,488102,488173,71,477
487622,488085,488173,88,463
487619,488073,488173,100,454
487623,488090,488174,84,467
488173,488173,488174,1,0
488173,488173,488174,1,0
488173,488173,488174,1,0
488173,488173,488174,1,0
488173,488173,488175,2,0
487626,488110,488174,64,484
487625,488103,488175,72,478
487623,488092,488175,83,469
488173,488174,488176,2,1
488173,488174,488176,2,1
488173,488173,488176,3,0
488173,488175,488176,1,2
488173,488176,488177,1,3
487624,488097,488176,79,473
487623,488091,488177,86,468
488173,488173,488177,4,0
488173,488173,488177,4,0
488173,488173,488177,4,0
488173,488174,488177,3,1
488173,488176,488177,1,3
488173,488176,488177,1,3
488173,488176,488177,1,3
487624,488097,488178,81,473
487625,488104,488178,74,479
488173,488173,488178,5,0
488173,488178,488179,1,5
488173,488177,488178,1,4
488173,488178,488179,1,5
488173,488173,488178,5,0
488173,488178,488179,1,5
488173,488177,488178,1,4
488173,488177,488178,1,4
488173,488174,488179,5,1
488173,488174,488179,5,1
488173,488174,488179,5,1
488173,488177,488179,2,4
488173,488177,488179,2,4
488173,488179,488180,1,6
488173,488179,488180,1,6
488173,488179,488180,1,6
488173,488179,488180,1,6
488173,488179,488180,1,6
488173,488173,488179,6,0
488173,488173,488179,6,0
488173,488179,488180,1,6
488173,488179,488180,1,6
488173,488179,488180,1,6
488173,488174,488180,6,1
488173,488178,488180,2,5
488173,488174,488180,6,1
488173,488173,488180,7,0
488173,488179,488180,1,6
488173,488179,488180,1,6
488173,488173,488180,7,0
488173,488179,488180,1,6
488173,488180,488181,1,7
488173,488173,488181,8,0
488173,488173,488181,8,0
488173,488173,488181,8,0
488173,488173,488181,8,0
488173,488173,488182,9,0
487624,488096,488181,85,472
488173,488173,488182,9,0
488173,488173,488182,9,0
488173,488173,488182,9,0
488173,488180,488182,2,7
488173,488180,488182,2,7
488173,488174,488182,8,1
488173,488173,488183,10,0
488173,488174,488183,9,1
487627,488115,488183,68,488
488173,488173,488183,10,0
488173,488173,488184,11,0
488173,488173,488184,11,0
488173,488173,488186,13,0
487626,488110,488186,76,484
488173,488173,488186,13,0
488173,488173,488186,13,0
487626,488107,488189,82,481
488173,488173,488190,17,0
488173,488173,488191,18,0
488173,488173,488192,19,0
488173,488173,488193,20,0
488203,488203,488204,1,0
488203,488203,488204,1,0
488203,488203,488204,1,0
488203,488203,488204,1,0
488203,488203,488204,1,0
488203,488204,488205,1,1
488203,488204,488205,1,1
488203,488203,488206,3,0
488203,488205,488206,1,2
488203,488204,488205,1,1
488203,488205,488206,1,2
488203,488205,488206,1,2
488203,488204,488205,1,1
488203,488205,488206,1,2
488203,488203,488206,3,0
488203,488203,488206,3,0
488203,488203,488206,3,0
488203,488203,488206,3,0
488203,488203,488206,3,0
488203,488203,488207,4,0
488203,488203,488208,5,0
488203,488203,488207,4,0
488203,488203,488207,4,0
488203,488207,488208,1,4
488203,488207,488208,1,4
488203,488203,488208,5,0
488203,488206,488207,1,3
488203,488207,488208,1,4
488203,488206,488207,1,3
488203,488206,488207,1,3
488203,488206,488207,1,3
488203,488206,488207,1,3
488203,488206,488207,1,3
488203,488203,488208,5,0
488203,488203,488208,5,0
488203,488203,488208,5,0
488203,488206,488208,2,3
488203,488203,488208,5,0
488203,488207,488209,2,4
488203,488203,488208,5,0
488203,488207,488208,1,4
488203,488208,488209,1,5
488203,488208,488209,1,5
488203,488208,488209,1,5
488203,488203,488208,5,0
488203,488208,488209,1,5
488203,488208,488209,1,5
488203,488208,488209,1,5
488203,488203,488208,5,0
488203,488208,488209,1,5
488203,488208,488209,1,5
488203,488203,488209,6,0
488203,488203,488209,6,0
488203,488203,488209,6,0
488203,488203,488209,6,0
488203,488208,488210,2,5
488203,488208,488210,2,5
488203,488208,488209,1,5
488203,488203,488209,6,0
488203,488208,488209,1,5
488203,488203,488210,7,0
488203,488203,488210,7,0
488203,488203,488209,6,0
488203,488203,488210,7,0
488203,488203,488210,7,0
488203,488208,488210,2,5
488203,488208,488210,2,5
488203,488209,488211,2,6
488203,488203,488212,9,0
488203,488203,488213,10,0
488203,488203,488213,10,0
488203,488203,488214,11,0
488203,488203,488214,11,0
488203,488203,488214,11,0
488203,488203,488218,15,0
488203,488203,488221,18,0
488203,488203,488222,19,0
488203,488203,488224,21,0
488233,488233,488234,1,0
488233,488233,488235,2,0
488233,488233,488234,1,0
488233,488233,488235,2,0
488233,488233,488234,1,0
488233,488233,488234,1,0
488233,488233,488234,1,0
488233,488235,488236,1,2
488233,488233,488236,3,0
488233,488233,488237,4,0
488233,488233,488237,4,0
488233,488233,488237,4,0
488233,488235,488237,2,2
488233,488233,488237,4,0
488233,488235,488237,2,2
488233,488235,488237,2,2
488233,488235,488237,2,2
488233,488235,488237,2,2
488233,488233,488238,5,0
488233,488233,488238,5,0
488233,488233,488238,5,0
488233,488233,488238,5,0
488233,488236,488238,2,3
488233,488235,488238,3,2
488233,488233,488238,5,0
488233,488237,488238,1,4
488233,488233,488239,6,0
488233,488233,488239,6,0
488233,488233,488239,6,0
488233,488238,488239,1,5
488233,488238,488239,1,5
488233,488238,488239,1,5
488233,488238,488239,1,5
488233,488237,488239,2,4
488233,488233,488239,6,0
488233,488238,488239,1,5
488233,488233,488240,7,0
488233,488237,488240,3,4
488233,488238,488240,2,5
488233,488238,488240,2,5
488233,488237,488240,3,4
488233,488237,488240,3,4
488233,488233,488240,7,0
488233,488233,488240,7,0
488233,488240,488241,1,7
488233,488240,488241,1,7
488233,488240,488241,1,7
488233,488240,488241,1,7
488233,488233,488241,8,0
488233,488233,488240,7,0
488233,488233,488241,8,0
488233,488233,488241,8,0
488233,488233,488241,8,0
488233,488233,488241,8,0
488233,488238,488241,3,5
488233,488233,488241,8,0
488233,488238,488241,3,5
488233,488240,488241,1,7
488233,488240,488241,1,7
488233,488233,488241,8,0
488233,488240,488241,1,7
488233,488239,488242,3,6
488233,488233,488242,9,0
488233,488233,488243,10,0
488233,488233,488243,10,0
488233,488233,488243,10,0
488233,488233,488244,11,0
488233,488233,488245,12,0
488233,488233,488244,11,0
488233,488233,488247,14,0
488233,488233,488247,14,0
488233,488233,488247,14,0
488233,488233,488249,16,0
488233,488233,488252,19,0
488262,488262,488263,1,0
488262,488262,488263,1,0
488262,488262,488264,2,0
488262,488262,488264,2,0
488262,488262,488263,1,0
488262,488262,488264,2,0
488262,488263,488264,1,1
488262,488263,488265,2,1
488262,488264,488265,1,2
488262,488262,488265,3,0
488262,488264,488266,2,2
488262,488264,488266,2,2
488262,488264,488266,2,2
488262,488262,488266,4,0
488262,488262,488267,5,0
488262,488265,488267,2,3
488262,488265,488267,2,3
488262,488265,488267,2,3
488262,488262,488268,6,0
488262,488262,488268,6,0
488262,488262,488267,5,0
488262,488262,488268,6,0
488262,488262,488268,6,0
488262,488262,488268,6,0
488262,488266,488268,2,4
488262,488266,488268,2,4
488262,488266,488267,1,4
488262,488262,488268,6,0
488262,488266,488267,1,4
488262,488267,488268,1,5
488262,488262,488269,7,0
488262,488262,488268,6,0
488262,488266,488269,3,4
488262,488267,488269,2,5
488262,488268,488269,1,6
488262,488262,488268,6,0
488262,488268,488269,1,6
488262,488262,488268,6,0
488262,488262,488269,7,0
488262,488268,488269,1,6
488262,488262,488269,7,0
488262,488267,488269,2,5
488262,488268,488269,1,6
488262,488268,488269,1,6
488262,488262,488269,7,0
488262,488267,488268,1,5
488262,488268,488269,1,6
488262,488262,488270,8,0
488262,488262,488270,8,0
488262,488268,488270,2,6
488262,488268,488270,2,6
488262,488268,488270,2,6
488262,488268,488270,2,6
488262,488268,488270,2,6
488262,488262,488270,8,0
488262,488262,488271,9,0
488262,488269,488271,2,7
488262,488262,488271,9,0
488262,488262,488270,8,0
488262,488269,488271,2,7
488262,488262,488271,9,0
488262,488268,488271,3,6
488262,488262,488270,8,0
488262,488269,488271,2,7
488262,488269,488270,1,7
488262,488269,488270,1,7
488262,488262,488271,9,0
488262,488262,488271,9,0
488262,488262,488271,9,0
488262,488262,488272,10,0
488262,488262,488273,11,0
488262,488262,488273,11,0
488262,488262,488273,11,0
488262,488262,488274,12,0
488262,488262,488274,12,0
488262,488262,488274,12,0
488262,488262,488275,13,0
488262,488262,488276,14,0
488262,488262,488277,15,0
488287,488287,488288,1,0
488287,488287,488288,1,0
488287,488287,488288,1,0
488287,488287,488289,2,0
488287,488287,488289,2,0
488287,488287,488288,1,0
488287,488288,488289,1,1
488287,488287,488291,4,0
488287,488287,488291,4,0
488287,488289,488291,2,2
488287,488289,488291,2,2
488287,488289,488291,2,2
488287,488289,488290,1,2
488287,488289,488291,2,2
488287,488287,488291,4,0
488287,488291,488292,1,4
488287,488291,488292,1,4
488287,488287,488292,5,0
488287,488291,488292,1,4
488287,488291,488292,1,4
488287,488290,488292,2,3
488287,488291,488292,1,4
488287,488291,488292,1,4
488287,488287,488292,5,0
488287,488287,488293,6,0
488287,488287,488293,6,0
488287,488287,488293,6,0
488287,488287,488293,6,0
488287,488292,488293,1,5
488287,488287,488293,6,0
488287,488287,488293,6,0
488287,488291,488292,1,4
488287,488292,488293,1,5
488287,488287,488293,6,0
488287,488292,488293,1,5
488287,488292,488294,2,5
488287,488287,488293,6,0
488287,488287,488294,7,0
488287,488292,488293,1,5
488287,488292,488294,2,5
488287,488292,488294,2,5
488287,488293,488294,1,6
488287,488292,488294,2,5
488287,488293,488294,1,6
488287,488293,488294,1,6
488287,488292,488294,2,5
488287,488294,488295,1,7
488287,488287,488295,8,0
488287,488287,488295,8,0
488287,488287,488295,8,0
488287,488287,488295,8,0
488287,488293,488295,2,6
488287,488287,488295,8,0
488287,488294,488295,1,7
488287,488294,488295,1,7
488287,488287,488295,8,0
488287,488287,488296,9,0
488287,488287,488295,8,0
488287,488287,488296,9,0
488287,488287,488296,9,0
488287,488293,488296,3,6
488287,488287,488296,9,0
488287,488287,488296,9,0
488287,488293,488295,2,6
488287,488287,488296,9,0
488287,488287,488296,9,0
488287,488287,488297,10,0
488287,488287,488297,10,0
488287,488287,488298,11,0
488287,488287,488298,11,0
488287,488287,488298,11,0
488287,488287,488298,11,0
488287,488287,488298,11,0
488287,488287,488299,12,0
488287,488287,488301,14,0
488287,488287,488305,18,0
488315,488315,488316,1,0
488315,488315,488316,1,0
488315,488315,488316,1,0
488315,488315,488316,1,0
488315,488315,488316,1,0
488315,488315,488317,2,0
488315,488316,488318,2,1
488315,488316,488318,2,1
488315,488317,488319,2,2
488315,488317,488319,2,2
488315,488318,488319,1,3
488315,488317,488319,2,2
488315,488315,488320,5,0
488315,488318,488320,2,3
488315,488318,488319,1,3
488315,488315,488321,6,0
488315,488315,488320,5,0
488315,488319,488320,1,4
488315,488320,488321,1,5
488315,488315,488321,6,0
488315,488319,488321,2,4
488315,488319,488321,2,4
488315,488315,488321,6,0
488315,488319,488321,2,4
488315,488315,488321,6,0
488315,488315,488322,7,0
488315,488315,488321,6,0
488315,488315,488321,6,0
488315,488315,488322,7,0
488315,488315,488322,7,0
488315,488315,488321,6,0
488315,488315,488322,7,0
488315,488320,488321,1,5
488315,488321,488322,1,6
488315,488315,488321,6,0
488315,488321,488322,1,6
488315,488321,488322,1,6
488315,488315,488321,6,0
488315,488320,488322,2,5
488315,488321,488322,1,6
488315,488321,488322,1,6
488315,488315,488322,7,0
488315,488315,488322,7,0
488315,488315,488323,8,0
488315,488322,488323,1,7
488315,488322,488323,1,7
488315,488315,488323,8,0
488315,488321,488322,1,6
488315,488321,488322,1,6
488315,488322,488323,1,7
488315,488315,488322,7,0
488315,488315,488323,8,0
488315,488322,488323,1,7
488315,488315,488324,9,0
488315,488321,488324,3,6
488315,488321,488324,3,6
488315,488315,488323,8,0
488315,488315,488323,8,0
488315,488315,488323,8,0
488315,488322,488324,2,7
488315,488322,488323,1,7
488315,488322,488323,1,7
488315,488322,488323,1,7
488315,488322,488323,1,7
488315,488322,488323,1,7
488315,488315,488325,10,0
488315,488315,488324,9,0
488315,488315,488325,10,0
488315,488322,488324,2,7
488315,488315,488326,11,0
488315,488315,488327,12,0
488315,488315,488327,12,0
488315,488315,488328,13,0
488315,488315,488328,13,0
488315,488315,488329,14,0
488315,488315,488330,15,0
488315,488315,488331,16,0
488315,488315,488332,17,0
488315,488315,488333,18,0
488342,488343,488344,1,1
488342,488343,488344,1,1
488342,488343,488344,1,1
488342,488343,488344,1,1
488342,488343,488344,1,1
488342,488343,488345,2,1
488342,488345,488346,1,3
488342,488344,488345,1,2
488342,488343,488345,2,1
488342,488344,488345,1,2
488342,488344,488345,1,2
488342,488345,488346,1,3
488342,488346,488347,1,4
488342,488346,488347,1,4
488342,488346,488347,1,4
488342,488346,488347,1,4
488342,488346,488347,1,4
488342,488343,488348,5,1
488342,488343,488348,5,1
488342,488343,488348,5,1
488342,488343,488348,5,1
488342,488346,488348,2,4
488342,488348,488349,1,6
488342,488343,488348,5,1
488342,488347,488349,2,5
488342,488348,488349,1,6
488342,488343,488349,6,1
488342,488343,488349,6,1
488342,488343,488349,6,1
488342,488343,488349,6,1
488342,488349,488350,1,7
488342,488343,488349,6,1
488342,488343,488350,7,1
488342,488348,488349,1,6
488342,488343,488350,7,1
488342,488343,488349,6,1
488342,488348,488349,1,6
488342,488348,488349,1,6
488342,488349,488350,1,7
488342,488349,488350,1,7
488342,488349,488350,1,7
488342,488343,488350,7,1
488342,488343,488350,7,1
488342,488343,488350,7,1
488342,488343,488350,7,1
488342,488349,488350,1,7
488342,488350,488351,1,8
488342,488343,488351,8,1
488342,488350,488351,1,8
488342,488350,488351,1,8
488342,488350,488351,1,8
488342,488350,488351,1,8
488342,488343,488350,7,1
488342,488343,488350,7,1
488342,488349,488350,1,7
488342,488349,488350,1,7
488342,488343,488351,8,1
488342,488343,488352,9,1
488342,488343,488351,8,1
488342,488350,488352,2,8
488342,488349,488351,2,7
488342,488343,488351,8,1
488342,488349,488351,2,7
488342,488350,488351,1,8
488342,488350,488351,1,8
488342,488343,488351,8,1
488342,488343,488352,9,1
488342,488343,488352,9,1
488342,488343,488352,9,1
488342,488350,488352,2,8
488342,488343,488352,9,1
488342,488343,488353,10,1
488342,488343,488354,11,1
488342,488343,488353,10,1
488342,488343,488353,10,1
488342,488343,488355,12,1
488342,488343,488355,12,1
488342,488343,488355,12,1
488342,488343,488356,13,1
488367,488367,488368,1,0
488367,488367,488368,1,0
488367,488367,488368,1,0
488367,488367,488368,1,0
488367,488367,488368,1,0
488367,488368,488369,1,1
488367,488367,488368,1,0
488367,488368,488369,1,1
488367,488368,488369,1,1
488367,488368,488369,1,1
488367,488367,488370,3,0
488367,488369,488370,1,2
488367,488369,488370,1,2
488367,488367,488372,5,0
488367,488367,488371,4,0
488367,488369,488371,2,2
488367,488370,488371,1,3
488367,488370,488371,1,3
488367,488370,488372,2,3
488367,488367,488373,6,0
488367,488367,488372,5,0
488367,488372,488373,1,5
488367,488367,488373,6,0
488367,488367,488373,6,0
488367,488367,488373,6,0
488367,488371,488373,2,4
488367,488372,488373,1,5
488367,488367,488374,7,0
488367,488372,488373,1,5
488367,488372,488373,1,5
488367,488367,488374,7,0
488367,488367,488373,6,0
488367,488371,488373,2,4
488367,488372,488373,1,5
488367,488372,488374,2,5
488367,488367,488374,7,0
488367,488373,488374,1,6
488367,488367,488374,7,0
488367,488367,488375,8,0
488367,488373,488375,2,6
488367,488373,488374,1,6
488367,488374,488375,1,7
488367,488367,488375,8,0
488367,488374,488375,1,7
488367,488367,488374,7,0
488367,488374,488375,1,7
488367,488374,488375,1,7
488367,488367,488375,8,0
488367,488367,488375,8,0
488367,488367,488375,8,0
488367,488367,488376,9,0
488367,488374,488375,1,7
488367,488374,488375,1,7
488367,488367,488375,8,0
488367,488374,488375,1,7
488367,488374,488375,1,7
488367,488374,488375,1,7
488367,488374,488375,1,7
488367,488374,488375,1,7
488367,488367,488376,9,0
488367,488367,488376,9,0
488367,488367,488376,9,0
488367,488367,488376,9,0
488367,488367,488376,9,0
488367,488371,488377,6,4
488367,488367,488377,10,0
488367,488375,488376,1,8
488367,488367,488377,10,0
488367,488367,488378,11,0
488367,488367,488379,12,0
488367,488367,488379,12,0
488367,488367,488378,11,0
488367,488367,488379,12,0
488367,488367,488378,11,0
488367,488367,488379,12,0
488367,488367,488379,12,0
488367,488374,488380,6,7
488367,488367,488380,13,0
488367,488367,488380,13,0
488391,488391,488392,1,0
488391,488391,488392,1,0
488391,488391,488392,1,0
488391,488391,488393,2,0
488391,488391,488392,1,0
488391,488391,488393,2,0
488391,488391,488394,3,0
488391,488392,488394,2,1
488391,488393,488394,1,2
488391,488393,488394,1,2
488391,488391,488395,4,0
488391,488391,488395,4,0
488391,488394,488395,1,3
488391,488394,488395,1,3
488391,488395,488396,1,4
488391,488394,488396,2,3
488391,488395,488396,1,4
488391,488395,488396,1,4
488391,488391,488397,6,0
488391,488396,488397,1,5
488391,488396,488397,1,5
488391,488396,488397,1,5
488391,488391,488398,7,0
488391,488391,488398,7,0
488391,488396,488398,2,5
488391,488391,488398,7,0
488391,488395,488398,3,4
488391,488391,488398,7,0
488391,488391,488398,7,0
488391,488391,488398,7,0
488391,488397,488398,1,6
488391,488391,488398,7,0
488391,488397,488398,1,6
488391,488397,488398,1,6
488391,488397,488398,1,6
488391,488391,488399,8,0
488391,488391,488399,8,0
488391,488391,488399,8,0
488391,488391,488399,8,0
488391,488391,488399,8,0
488391,488391,488399,8,0
488391,488398,488399,1,7
488391,488398,488399,1,7
488391,488399,488400,1,8
488391,488399,488400,1,8
488391,488391,488399,8,0
488391,488398,488399,1,7
488391,488391,488399,8,0
488391,488399,488400,1,8
488391,488391,488400,9,0
488391,488391,488400,9,0
488391,488391,488400,9,0
488391,488391,488400,9,0
488391,488399,488400,1,8
488391,488399,488400,1,8
488391,488399,488400,1,8
488391,488399,488400,1,8
488391,488399,488400,1,8
488391,488399,488400,1,8
488391,488399,488400,1,8
488391,488391,488401,10,0
488391,488399,488400,1,8
488391,488391,488401,10,0
488391,488391,488401,10,0
488391,488391,488401,10,0
488391,488391,488401,10,0
488391,488391,488401,10,0
488391,488391,488401,10,0
488391,488399,488401,2,8
488391,488391,488401,10,0
488391,488399,488401,2,8
488391,488391,488402,11,0
488391,488391,488402,11,0
488391,488398,488402,4,7
488391,488391,488402,11,0
488391,488391,488402,11,0
488391,488391,488403,12,0
488391,488391,488404,13,0
488391,488391,488405,14,0
488416,488416,488417,1,0
488416,488416,488417,1,0
488416,488416,488417,1,0
488416,488416,488417,1,0
488416,488416,488417,1,0
488416,488416,488417,1,0
488416,488416,488418,2,0
488416,488417,488418,1,1
488416,488416,488419,3,0
488416,488416,488419,3,0
488416,488418,488419,1,2
488416,488418,488419,1,2
488416,488418,488419,1,2
488416,488418,488420,2,2
488416,488418,488419,1,2
488416,488416,488421,5,0
488416,488416,488420,4,0
488416,488416,488420,4,0
488416,488416,488420,4,0
488416,488416,488420,4,0
488416,488416,488420,4,0
488416,488416,488420,4,0
488416,488416,488420,4,0
488416,488416,488420,4,0
488416,488416,488420,4,0
488416,488420,488421,1,4
488416,488416,488421,5,0
488416,488419,488421,2,3
488416,488416,488421,5,0
488416,488416,488421,5,0
488416,488416,488421,5,0
488416,488416,488421,5,0
488416,488416,488421,5,0
488416,488416,488422,6,0
488416,488420,488421,1,4
488416,488420,488421,1,4
488416,488420,488422,2,4
488416,488420,488422,2,4
488416,488416,488422,6,0
488416,488416,488422,6,0
488416,488419,488422,3,3
488416,488416,488423,7,0
488416,488421,488422,1,5
488416,488416,488422,6,0
488416,488422,488423,1,6
488416,488416,488423,7,0
488416,488421,488422,1,5
488416,488416,488422,6,0
488416,488420,488422,2,4
488416,488421,488422,1,5
488416,488416,488423,7,0
488416,488422,488423,1,6
488416,488422,488423,1,6
488416,488416,488423,7,0
488416,488416,488424,8,0
488416,488421,488424,3,5
488416,488421,488423,2,5
488416,488421,488424,3,5
488416,488421,488424,3,5
488416,488416,488424,8,0
488416,488420,488423,3,4
488416,488421,488424,3,5
488416,488421,488424,3,5
488416,488422,488423,1,6
488416,488416,488424,8,0
488416,488421,488424,3,5
488416,488422,488424,2,6
488416,488422,488424,2,6
488416,488421,488424,3,5
488416,488421,488425,4,5
488416,488422,488424,2,6
488416,488416,488424,8,0
488416,488416,488425,9,0
488416,488421,488425,4,5
488416,488416,488425,9,0
488416,488416,488426,10,0
488416,488416,488425,9,0
488416,488416,488427,11,0
488416,488416,488428,12,0
488438,488439,488440,1,1
488438,488439,488440,1,1
488438,488439,488440,1,1
488438,488439,488440,1,1
488438,488439,488440,1,1
488438,488439,488440,1,1
488438,488440,488441,1,2
488438,488441,488442,1,3
488438,488439,488442,3,1
488438,488439,488442,3,1
488438,488439,488442,3,1
488438,488439,488442,3,1
488438,488440,488442,2,2
488438,488441,488443,2,3
488438,488441,488442,1,3
488438,488441,488442,1,3
488438,488439,488443,4,1
488438,488439,488443,4,1
488438,488439,488443,4,1
488438,488439,488443,4,1
488438,488439,488443,4,1
488438,488439,488443,4,1
488438,488439,488443,4,1
488438,488439,488443,4,1
488438,488442,488443,1,4
488438,488439,488443,4,1
488438,488442,488443,1,4
488438,488439,488444,5,1
488438,488439,488444,5,1
488438,488439,488444,5,1
488438,488439,488444,5,1
488438,488439,488444,5,1
488438,488439,488444,5,1
488438,488439,488444,5,1
488438,488439,488444,5,1
488438,488439,488445,6,1
488438,488439,488444,5,1
488438,488439,488444,5,1
488438,488443,488444,1,5
488438,488443,488445,2,5
488438,488443,488444,1,5
488438,488439,488445,6,1
488438,488443,488446,3,5
488438,488443,488445,2,5
488438,488439,488445,6,1
488438,488444,488445,1,6
488438,488443,488446,3,5
488438,488439,488445,6,1
488438,488443,488445,2,5
488438,488443,488445,2,5
488438,488445,488446,1,7
488438,488444,488445,1,6
488438,488439,488445,6,1
488438,488439,488445,6,1
488438,488444,488445,1,6
488438,488439,488446,7,1
488438,488439,488446,7,1
488438,488445,488446,1,7
488438,488439,488446,7,1
488438,488444,488446,2,6
488438,488444,488447,3,6
488438,488444,488446,2,6
488438,488444,488447,3,6
488438,488444,488446,2,6
488438,488439,488446,7,1
488438,488444,488447,3,6
488438,488439,488446,7,1
488438,488439,488447,8,1
488438,488445,488447,2,7
488438,488445,488447,2,7
488438,488445,488447,2,7
488438,488445,488447,2,7
488438,488444,488447,3,6
488438,488444,488447,3,6
488438,488445,488447,2,7
488438,488445,488447,2,7
488438,488439,488448,9,1
488438,488439,488449,10,1
488438,488439,488449,10,1
488460,488460,488464,4,0
488460,488460,488465,5,0
488460,488460,488466,6,0
488460,488460,488467,7,0
488460,488465,488468,3,5
488460,488465,488468,3,5
488460,488466,488469,3,6
488460,488468,488469,1,8
488460,488469,488470,1,9
488460,488469,488470,1,9
488460,488470,488472,2,10
488460,488470,488472,2,10
488460,488471,488474,3,11
488460,488471,488474,3,11
488460,488472,488475,3,12
488460,488473,488475,2,13
488460,488460,488476,16,0
488460,488475,488476,1,15
488460,488475,488477,2,15
488460,488476,488478,2,16
488460,488476,488478,2,16
488460,488477,488478,1,17
488460,488478,488479,1,18
488460,488478,488479,1,18
488460,488479,488481,2,19
488460,488479,488480,1,19
488460,488480,488481,1,20
488460,488480,488481,1,20
488460,488481,488482,1,21
488460,488481,488482,1,21
488460,488482,488483,1,22
488460,488482,488483,1,22
488460,488483,488484,1,23
488460,488483,488484,1,23
488460,488484,488485,1,24
488460,488484,488485,1,24
488460,488485,488486,1,25
488460,488460,488476,16,0
488460,488460,488476,16,0
488460,488460,488475,15,0
488460,488460,488476,16,0
488460,488485,488486,1,25
488460,488485,488486,1,25
488460,488460,488477,17,0
488460,488460,488477,17,0
488460,488460,488478,18,0
488460,488460,488478,18,0
488460,488460,488479,19,0
488460,488460,488480,20,0
488460,488460,488483,23,0
488460,488460,488476,16,0
488460,488460,488481,21,0
488460,488460,488480,20,0
488460,488460,488477,17,0
488460,488592,488596,4,132
488460,488460,488597,137,0
488460,488460,488598,138,0
488460,488460,488597,137,0
488460,488592,488599,7,132
488460,488592,488598,6,132
488460,488460,488600,140,0
488460,488460,488600,140,0
488460,488460,488602,142,0
488460,488460,488602,142,0
488460,488460,488604,144,0
488460,488592,488605,13,132
488460,488615,488616,1,155
488460,488615,488616,1,155
488460,488615,488616,1,155
488460,488615,488620,5,155
488460,488615,488621,6,155
488460,488615,488621,6,155
488460,488615,488621,6,155
488460,488615,488621,6,155
488460,488672,488674,2,212
488460,488710,488715,5,250
488460,488710,488716,6,250
488460,488710,488721,11,250
488460,488710,488720,10,250
488729,488729,488730,1,0
488729,488729,488730,1,0
488729,488729,488731,2,0
488729,488729,488731,2,0
488729,488729,488731,2,0
488729,488729,488730,1,0
488729,488729,488732,3,0
488729,488729,488732,3,0
488729,488730,488732,2,1
488729,488730,488732,2,1
488729,488731,488733,2,2
488729,488731,488732,1,2
488729,488731,488733,2,2
488729,488731,488733,2,2
488729,488729,488734,5,0
488729,488729,488733,4,0
488729,488729,488734,5,0
488729,488729,488734,5,0
488729,488729,488734,5,0
488729,488729,488734,5,0
488729,488729,488734,5,0
488729,488729,488734,5,0
488729,488729,488735,6,0
488729,488729,488735,6,0
488729,488729,488735,6,0
488729,488732,488735,3,3
488729,488729,488735,6,0
488729,488729,488735,6,0
488729,488732,488735,3,3
488729,488729,488735,6,0
488729,488733,488735,2,4
488729,488729,488735,6,0
488729,488729,488736,7,0
488729,488729,488736,7,0
488729,488729,488735,6,0
488729,488729,488735,6,0
488729,488733,488736,3,4
488729,488729,488736,7,0
488729,488729,488735,6,0
488729,488733,488735,2,4
488729,488735,488736,1,6
488729,488729,488736,7,0
488729,488733,488736,3,4
488729,488734,488736,2,5
488729,488734,488736,2,5
488729,488736,488737,1,7
488729,488729,488737,8,0
488729,488729,488737,8,0
488729,488729,488737,8,0
488729,488732,488737,5,3
488729,488732,488737,5,3
488729,488729,488737,8,0
488729,488729,488737,8,0
488729,488736,488737,1,7
488729,488736,488737,1,7
488729,488736,488737,1,7
488729,488736,488737,1,7
488729,488736,488737,1,7
488729,488736,488737,1,7
488729,488736,488738,2,7
488729,488734,488738,4,5
488729,488736,488738,2,7
488729,488734,488738,4,5
488729,488736,488738,2,7
488729,488735,488738,3,6
488729,488734,488738,4,5
488729,488734,488738,4,5
488729,488729,488739,10,0
488729,488734,488739,5,5
488729,488729,488739,10,0
488729,488729,488739,10,0
488729,488734,488739,5,5
488729,488729,488739,10,0
488729,488729,488740,11,0
488729,488729,488740,11,0
488729,488729,488740,11,0
488729,488729,488743,14,0
488729,488729,488743,14,0
488754,488754,488755,1,0
488754,488754,488755,1,0
488754,488754,488755,1,0
488754,488754,488755,1,0
488754,488754,488755,1,0
488754,488754,488755,1,0
488754,488755,488756,1,1
488754,488754,488757,3,0
488754,488754,488757,3,0
488754,488754,488757,3,0
488754,488754,488757,3,0
488754,488754,488756,2,0
488754,488756,488757,1,2
488754,488754,488757,3,0
488754,488756,488757,1,2
488754,488756,488757,1,2
488754,488756,488758,2,2
488754,488754,488757,3,0
488754,488757,488758,1,3
488754,488754,488758,4,0
488754,488754,488759,5,0
488754,488754,488759,5,0
488754,488754,488758,4,0
488754,488756,488759,3,2
488754,488754,488758,4,0
488754,488757,488759,2,3
488754,488757,488758,1,3
488754,488756,488758,2,2
488754,488754,488760,6,0
488754,488754,488760,6,0
488754,488758,488759,1,4
488754,488754,488759,5,0
488754,488758,488760,2,4
488754,488754,488759,5,0
488754,488754,488760,6,0
488754,488754,488760,6,0
488754,488758,488760,2,4
488754,488758,488759,1,4
488754,488759,488760,1,5
488754,488754,488760,6,0
488754,488754,488760,6,0
488754,488757,488760,3,3
488754,488757,488760,3,3
488754,488754,488760,6,0
488754,488759,488760,1,5
488754,488759,488760,1,5
488754,488759,488760,1,5
488754,488754,488760,6,0
488754,488754,488760,6,0
488754,488754,488760,6,0
488754,488758,488760,2,4
488754,488760,488761,1,6
488754,488760,488761,1,6
488754,488759,488761,2,5
488754,488759,488760,1,5
488754,488760,488761,1,6
488754,488754,488762,8,0
488754,488754,488761,7,0
488754,488754,488762,8,0
488754,488754,488762,8,0
488754,488759,488761,2,5
488754,488759,488761,2,5
488754,488760,488762,2,6
488754,488757,488761,4,3
488754,488759,488762,3,5
488754,488754,488762,8,0
488754,488760,488761,1,6
488754,488760,488761,1,6
488754,488760,488762,2,6
488754,488754,488763,9,0
488754,488757,488763,6,3
488754,488754,488765,11,0
488754,488754,488764,10,0
488754,488754,488764,10,0
488754,488754,488765,11,0
488754,488754,488766,12,0
488754,488754,488765,11,0
488754,488754,488766,12,0
488754,488754,488770,16,0
488780,488780,488781,1,0
488780,488780,488781,1,0
488780,488780,488781,1,0
488780,488780,488782,2,0
488780,488780,488781,1,0
488780,488781,488782,1,1
488780,488780,488782,2,0
488780,488780,488783,3,0
488780,488780,488783,3,0
488780,488780,488783,3,0
488780,488780,488783,3,0
488780,488780,488783,3,0
488780,488780,488783,3,0
488780,488780,488783,3,0
488780,488781,488782,1,1
488780,488781,488783,2,1
488780,488780,488783,3,0
488780,488780,488784,4,0
488780,488780,488784,4,0
488780,488780,488784,4,0
488780,488782,488783,1,2
488780,488780,488784,4,0
488780,488782,488783,1,2
488780,488782,488784,2,2
488780,488780,488784,4,0
488780,488780,488784,4,0
488780,488780,488784,4,0
488780,488780,488785,5,0
488780,488780,488785,5,0
488780,488783,488785,2,3
488780,488783,488785,2,3
488780,488780,488785,5,0
488780,488780,488785,5,0
488780,488783,488785,2,3
488780,488783,488785,2,3
488780,488780,488785,5,0
488780,488780,488786,6,0
488780,488780,488786,6,0
488780,488780,488786,6,0
488780,488784,488786,2,4
488780,488784,488786,2,4
488780,488780,488786,6,0
488780,488780,488786,6,0
488780,488783,488786,3,3
488780,488784,488786,2,4
488780,488780,488786,6,0
488780,488784,488786,2,4
488780,488784,488786,2,4
488780,488783,488786,3,3
488780,488783,488786,3,3
488780,488780,488786,6,0
488780,488784,488786,2,4
488780,488780,488786,6,0
488780,488785,488786,1,5
488780,488785,488786,1,5
488780,488785,488786,1,5
488780,488785,488786,1,5
488780,488784,488786,2,4
488780,488785,488786,1,5
488780,488780,488786,6,0
488780,488784,488787,3,4
488780,488784,488787,3,4
488780,488780,488787,7,0
488780,488783,488787,4,3
488780,488783,488787,4,3
488780,488783,488787,4,3
488780,488780,488787,7,0
488780,488785,488787,2,5
488780,488785,488787,2,5
488780,488780,488787,7,0
488780,488780,488788,8,0
488780,488780,488788,8,0
488780,488780,488790,10,0
488780,488780,488790,10,0
488780,488780,488791,11,0
488780,488780,488792,12,0
488802,488802,488803,1,0
488802,488802,488803,1,0
488802,488802,488803,1,0
488802,488802,488804,2,0
488802,488802,488803,1,0
488802,488802,488803,1,0
488802,488804,488805,1,2
488802,488803,488805,2,1
488802,488804,488805,1,2
488802,488803,488804,1,1
488802,488802,488805,3,0
488802,488802,488806,4,0
488802,488804,488805,1,2
488802,488804,488806,2,2
488802,488802,488807,5,0
488802,488802,488806,4,0
488802,488802,488806,4,0
488802,488802,488806,4,0
488802,488805,488806,1,3
488802,488805,488806,1,3
488802,488802,488806,4,0
488802,488802,488806,4,0
488802,488802,488807,5,0
488802,488805,488806,1,3
488802,488802,488806,4,0
488802,488802,488806,4,0
488802,488805,488807,2,3
488802,488802,488807,5,0
488802,488802,488807,5,0
488802,488802,488807,5,0
488802,488802,488807,5,0
488802,488806,488807,1,4
488802,488807,488808,1,5
488802,488802,488808,6,0
488802,488802,488807,5,0
488802,488806,488807,1,4
488802,488807,488808,1,5
488802,488806,488808,2,4
488802,488807,488808,1,5
488802,488807,488808,1,5
488802,488802,488808,6,0
488802,488802,488809,7,0
488802,488807,488809,2,5
488802,488807,488809,2,5
488802,488807,488808,1,5
488802,488807,488809,2,5
488802,488807,488808,1,5
488802,488807,488809,2,5
488802,488807,488808,1,5
488802,488807,488808,1,5
488802,488802,488808,6,0
488802,488802,488810,8,0
488802,488802,488810,8,0
488802,488802,488809,7,0
488802,488802,488810,8,0
488802,488802,488809,7,0
488802,488808,488810,2,6
488802,488802,488810,8,0
488802,488802,488809,7,0
488802,488806,488810,4,4
488802,488807,488810,3,5
488802,488802,488810,8,0
488802,488802,488809,7,0
488802,488808,488809,1,6
488802,488808,488809,1,6
488802,488808,488810,2,6
488802,488808,488809,1,6
488802,488808,488810,2,6
488802,488802,488810,8,0
488802,488802,488811,9,0
488802,488808,488810,2,6
488802,488808,488810,2,6
488802,488802,488811,9,0
488802,488802,488811,9,0
488802,488802,488812,10,0
488802,488802,488811,9,0
488802,488802,488814,12,0
488802,488802,488817,15,0
488802,488802,488819,17,0
488829,488829,488830,1,0
488829,488829,488830,1,0
488829,488829,488830,1,0
488829,488829,488831,2,0
488829,488829,488830,1,0
488829,488829,488830,1,0
488829,488830,488831,1,1
488829,488831,488832,1,2
488829,488830,488831,1,1
488829,488831,488832,1,2
488829,488831,488832,1,2
488829,488831,488832,1,2
488829,488831,488832,1,2
488829,488832,488833,1,3
488829,488829,488833,4,0
488829,488829,488833,4,0
488829,488829,488833,4,0
488829,488829,488833,4,0
488829,488832,488833,1,3
488829,488829,488834,5,0
488829,488829,488835,6,0
488829,488829,488834,5,0
488829,488829,488835,6,0
488829,488829,488835,6,0
488829,488829,488834,5,0
488829,488833,488834,1,4
488829,488829,488835,6,0
488829,488833,488834,1,4
488829,488833,488835,2,4
488829,488833,488834,1,4
488829,488829,488834,5,0
488829,488833,488834,1,4
488829,488829,488834,5,0
488829,488829,488835,6,0
488829,488829,488835,6,0
488829,488829,488835,6,0
488829,488834,488836,2,5
488829,488835,488836,1,6
488829,488834,488835,1,5
488829,488834,488835,1,5
488829,488829,488836,7,0
488829,488834,488835,1,5
488829,488829,488836,7,0
488829,488829,488837,8,0
488829,488829,488837,8,0
488829,488829,488836,7,0
488829,488829,488837,8,0
488829,488835,488837,2,6
488829,488829,488836,7,0
488829,488835,488836,1,6
488829,488835,488836,1,6
488829,488829,488837,8,0
488829,488835,488836,1,6
488829,488835,488836,1,6
488829,488835,488836,1,6
488829,488829,488836,7,0
488829,488835,488836,1,6
488829,488835,488836,1,6
488829,488835,488836,1,6
488829,488836,488838,2,7
488829,488829,488837,8,0
488829,488836,488838,2,7
488829,488829,488837,8,0
488829,488834,488837,3,5
488829,488835,488837,2,6
488829,488829,488838,9,0
488829,488829,488839,10,0
488829,488829,488838,9,0
488829,488835,488838,3,6
488829,488835,488838,3,6
488829,488829,488839,10,0
488829,488829,488839,10,0
488829,488834,488839,5,5
488829,488829,488840,11,0
488829,488829,488840,11,0
488829,488829,488840,11,0
488829,488829,488842,13,0
488829,488829,488841,12,0
488829,488829,488843,14,0
488854,488854,488855,1,0
488854,488854,488855,1,0
488854,488854,488855,1,0
488854,488854,488855,1,0
488854,488854,488855,1,0
488854,488855,488856,1,1
488854,488855,488856,1,1
488854,488854,488856,2,0
488854,488856,488857,1,2
488854,488854,488857,3,0
488854,488854,488857,3,0
488854,488854,488857,3,0
488854,488854,488857,3,0
488854,488856,488857,1,2
488854,488856,488857,1,2
488854,488856,488858,2,2
488854,488857,488859,2,3
488854,488856,488858,2,2
488854,488858,488859,1,4
488854,488858,488860,2,4
488854,488857,488860,3,3
488854,488854,488859,5,0
488854,488858,488859,1,4
488854,488854,488859,5,0
488854,488854,488860,6,0
488854,488859,488860,1,5
488854,488854,488861,7,0
488854,488854,488861,7,0
488854,488854,488860,6,0
488854,488854,488861,7,0
488854,488859,488861,2,5
488854,488854,488861,7,0
488854,488854,488861,7,0
488854,488859,488860,1,5
488854,488854,488860,6,0
488854,488854,488861,7,0
488854,488854,488862,8,0
488854,488854,488861,7,0
488854,488857,488861,4,3
488854,488858,488862,4,4
488854,488858,488862,4,4
488854,488854,488861,7,0
488854,488860,488861,1,6
488854,488860,488862,2,6
488854,488860,488862,2,6
488854,488861,488862,1,7
488854,488861,488862,1,7
488854,488860,488862,2,6
488854,488854,488862,8,0
488854,488860,488862,2,6
488854,488860,488862,2,6
488854,488861,488862,1,7
488854,488860,488861,1,6
488854,488861,488862,1,7
488854,488854,488863,9,0
488854,488854,488863,9,0
488854,488861,488863,2,7
488854,488858,488863,5,4
488854,488854,488863,9,0
488854,488854,488863,9,0
488854,488861,488863,2,7
488854,488861,488863,2,7
488854,488861,488862,1,7
488854,488861,488862,1,7
488854,488854,488864,10,0
488854,488854,488863,9,0
488854,488854,488863,9,0
488854,488854,488863,9,0
488854,488854,488865,11,0
488854,488854,488865,11,0
488854,488854,488865,11,0
488854,488854,488865,11,0
488854,488854,488865,11,0
488854,488854,488866,12,0
488854,488854,488866,12,0
488854,488854,488867,13,0
488854,488854,488867,13,0
488854,488854,488867,13,0
488854,488854,488867,13,0
488878,488878,488879,1,0
488878,488878,488879,1,0
488878,488878,488879,1,0
488878,488878,488879,1,0
488878,488878,488879,1,0
488878,488878,488880,2,0
488878,488879,488881,2,1
488878,488879,488880,1,1
488878,488880,488881,1,2
488878,488880,488881,1,2
488878,488878,488882,4,0
488878,488878,488882,4,0
488878,488880,488881,1,2
488878,488878,488882,4,0
488878,488878,488881,3,0
488878,488878,488882,4,0
488878,488880,488881,1,2
488878,488878,488882,4,0
488878,488881,488883,2,3
488878,488882,488883,1,4
488878,488881,488883,2,3
488878,488881,488883,2,3
488878,488878,488884,6,0
488878,488878,488884,6,0
488878,488882,488883,1,4
488878,488883,488884,1,5
488878,488881,488884,3,3
488878,488878,488883,5,0
488878,488878,488885,7,0
488878,488878,488884,6,0
488878,488878,488885,7,0
488878,488882,488885,3,4
488878,488882,488885,3,4
488878,488882,488885,3,4
488878,488882,488884,2,4
488878,488882,488885,3,4
488878,488878,488884,6,0
488878,488878,488885,7,0
488878,488883,488885,2,5
488878,488878,488885,7,0
488878,488883,488884,1,5
488878,488883,488885,2,5
488878,488884,488885,1,6
488878,488883,488884,1,5
488878,488884,488885,1,6
488878,488878,488886,8,0
488878,488878,488886,8,0
488878,488878,488886,8,0
488878,488878,488886,8,0
488878,488884,488885,1,6
488878,488884,488885,1,6
488878,488878,488885,7,0
488878,488878,488885,7,0
488878,488884,488885,1,6
488878,488878,488885,7,0
488878,488878,488886,8,0
488878,488878,488887,9,0
488878,488878,488887,9,0
488878,488885,488887,2,7
488878,488878,488887,9,0
488878,488878,488887,9,0
488878,488885,488887,2,7
488878,488878,488887,9,0
488878,488885,488887,2,7
488878,488884,488887,3,6
488878,488885,488887,2,7
488878,488878,488887,9,0
488878,488878,488887,9,0
488878,488878,488887,9,0
488878,488878,488887,9,0
488878,488885,488888,3,7
488878,488878,488888,10,0
488878,488878,488887,9,0
488878,488885,488887,2,7
488878,488885,488888,3,7
488878,488878,488889,11,0
488878,488878,488888,10,0
488878,488878,488890,12,0
488878,488878,488892,14,0
488903,488903,488904,1,0
488903,488903,488904,1,0
488903,488903,488904,1,0
488903,488903,488905,2,0
488903,488903,488904,1,0
488903,488903,488904,1,0
488903,488904,488906,2,1
488903,488904,488906,2,1
488903,488903,488907,4,0
488903,488903,488907,4,0
488903,488903,488907,4,0
488903,488903,488907,4,0
488903,488905,488906,1,2
488903,488905,488906,1,2
488903,488905,488907,2,2
488903,488905,488907,2,2
488903,488906,488907,1,3
488903,488903,488907,4,0
488903,488906,488907,1,3
488903,488903,488907,4,0
488903,488903,488908,5,0
488903,488903,488907,4,0
488903,488903,488907,4,0
488903,488903,488908,5,0
488903,488903,488908,5,0
488903,488903,488908,5,0
488903,488907,488908,1,4
488903,488907,488908,1,4
488903,488907,488909,2,4
488903,488903,488909,6,0
488903,488907,488909,2,4
488903,488903,488909,6,0
488903,488903,488909,6,0
488903,488907,488909,2,4
488903,488907,488909,2,4
488903,488903,488908,5,0
488903,488908,488909,1,5
488903,488903,488909,6,0
488903,488907,488909,2,4
488903,488908,488909,1,5
488903,488903,488910,7,0
488903,488903,488909,6,0
488903,488903,488910,7,0
488903,488907,488910,3,4
488903,488908,488910,2,5
488903,488907,488910,3,4
488903,488907,488910,3,4
488903,488909,488910,1,6
488903,488903,488910,7,0
488903,488903,488910,7,0
488903,488909,488910,1,6
488903,488907,488910,3,4
488903,488909,488910,1,6
488903,488903,488910,7,0
488903,488908,488910,2,5
488903,488908,488911,3,5
488903,488903,488911,8,0
488903,488909,488911,2,6
488903,488903,488911,8,0
488903,488908,488911,3,5
488903,488908,488910,2,5
488903,488903,488911,8,0
488903,488909,488911,2,6
488903,488909,488911,2,6
488903,488909,488911,2,6
488903,488903,488912,9,0
488903,488908,488912,4,5
488903,488908,488911,3,5
488903,488903,488912,9,0
488903,488903,488913,10,0
488903,488903,488913,10,0
488903,488903,488912,9,0
488903,488903,488913,10,0
488903,488903,488913,10,0
488903,488903,488914,11,0
488903,488903,488914,11,0
488903,488903,488914,11,0
488903,488903,488914,11,0
488903,488903,488916,13,0
488927,488927,488928,1,0
488927,488927,488929,2,0
488927,488927,488929,2,0
488927,488927,488929,2,0
488927,488927,488929,2,0
488927,488927,488929,2,0
488927,488929,488930,1,2
488927,488927,488931,4,0
488927,488928,488931,3,1
488927,488928,488931,3,1
488927,488928,488931,3,1
488927,488928,488931,3,1
488927,488928,488931,3,1
488927,488930,488931,1,3
488927,488930,488931,1,3
488927,488930,488931,1,3
488927,488930,488931,1,3
488927,488930,488931,1,3
488927,488928,488932,4,1
488927,488928,488932,4,1
488927,488927,488933,6,0
488927,488927,488932,5,0
488927,488928,488932,4,1
488927,488932,488933,1,5
488927,488932,488933,1,5
488927,488931,488932,1,4
488927,488932,488933,1,5
488927,488927,488933,6,0
488927,488927,488933,6,0
488927,488927,488933,6,0
488927,488932,488933,1,5
488927,488927,488933,6,0
488927,488932,488934,2,5
488927,488927,488933,6,0
488927,488932,488933,1,5
488927,488927,488933,6,0
488927,488933,488934,1,6
488927,488933,488934,1,6
488927,488927,488934,7,0
488927,488927,488935,8,0
488927,488932,488934,2,5
488927,488932,488934,2,5
488927,488932,488934,2,5
488927,488928,488935,7,1
488927,488932,488934,2,5
488927,488933,488934,1,6
488927,488933,488934,1,6
488927,488927,488935,8,0
488927,488933,488934,1,6
488927,488933,488935,2,6
488927,488934,488935,1,7
488927,488927,488935,8,0
488927,488927,488935,8,0
488927,488934,488935,1,7
488927,488927,488935,8,0
488927,488927,488935,8,0
488927,488932,488935,3,5
488927,488933,488936,3,6
488927,488927,488935,8,0
488927,488927,488936,9,0
488927,488927,488935,8,0
488927,488927,488935,8,0
488927,488933,488935,2,6
488927,488927,488935,8,0
488927,488934,488935,1,7
488927,488934,488935,1,7
488927,488927,488935,8,0
488927,488927,488936,9,0
488927,488934,488935,1,7
488927,488934,488935,1,7
488927,488927,488936,9,0
488927,488927,488937,10,0
488927,488927,488936,9,0
488927,488934,488936,2,7
488927,488934,488936,2,7
488927,488933,488936,3,6
488927,488927,488936,9,0
488927,488927,488936,9,0
488927,488927,488939,12,0
488948,488949,488950,1,1
488948,488948,488950,2,0
488948,488948,488950,2,0
488948,488949,488950,1,1
488948,488949,488950,1,1
488948,488950,488951,1,2
488948,488950,488951,1,2
488948,488950,488951,1,2
488948,488949,488952,3,1
488948,488949,488952,3,1
488948,488949,488952,3,1
488948,488949,488952,3,1
488948,488951,488952,1,3
488948,488951,488952,1,3
488948,488951,488952,1,3
488948,488949,488952,3,1
488948,488949,488953,4,1
488948,488949,488953,4,1
488948,488949,488953,4,1
488948,488949,488953,4,1
488948,488949,488953,4,1
488948,488952,488953,1,4
488948,488953,488954,1,5
488948,488949,488953,4,1
488948,488952,488953,1,4
488948,488953,488954,1,5
488948,488952,488953,1,4
488948,488949,488954,5,1
488948,488953,488955,2,5
488948,488949,488954,5,1
488948,488953,488954,1,5
488948,488954,488955,1,6
488948,488953,488954,1,5
488948,488949,488955,6,1
488948,488954,488955,1,6
488948,488954,488955,1,6
488948,488953,488955,2,5
488948,488949,488955,6,1
488948,488954,488955,1,6
488948,488954,488955,1,6
488948,488955,488956,1,7
488948,488955,488956,1,7
488948,488954,488956,2,6
488948,488949,488956,7,1
488948,488954,488956,2,6
488948,488954,488956,2,6
488948,488955,488957,2,7
488948,488953,488956,3,5
488948,488955,488957,2,7
488948,488949,488956,7,1
488948,488949,488956,7,1
488948,488949,488956,7,1
488948,488949,488956,7,1
488948,488949,488956,7,1
488948,488949,488956,7,1
488948,488954,488956,2,6
488948,488954,488956,2,6
488948,488949,488956,7,1
488948,488949,488956,7,1
488948,488949,488956,7,1
488948,488955,488956,1,7
488948,488956,488957,1,8
488948,488949,488957,8,1
488948,488949,488957,8,1
488948,488949,488957,8,1
488948,488949,488957,8,1
488948,488949,488958,9,1
488948,488949,488958,9,1
488948,488949,488958,9,1
488948,488953,488958,5,5
488948,488954,488958,4,6
488948,488949,488958,9,1
488948,488949,488959,10,1
488948,488949,488959,10,1
488948,488949,488959,10,1
488948,488949,488959,10,1
488948,488949,488960,11,1
488948,488955,488960,5,7
488972,488972,488973,1,0
488972,488972,488973,1,0
488972,488972,488973,1,0
488972,488972,488973,1,0
488972,488972,488973,1,0
488972,488972,488973,1,0
488972,488973,488974,1,1
488972,488973,488974,1,1
488972,488973,488974,1,1
488972,488972,488975,3,0
488972,488972,488975,3,0
488972,488972,488976,4,0
488972,488972,488975,3,0
488972,488972,488976,4,0
488972,488974,488976,2,2
488972,488974,488976,2,2
488972,488974,488976,2,2
488972,488975,488976,1,3
488972,488975,488976,1,3
488972,488972,488976,4,0
488972,488975,488976,1,3
488972,488972,488977,5,0
488972,488972,488978,6,0
488972,488972,488978,6,0
488972,488976,488979,3,4
488972,488976,488978,2,4
488972,488976,488978,2,4
488972,488976,488978,2,4
488972,488972,488978,6,0
488972,488977,488978,1,5
488972,488977,488978,1,5
488972,488977,488978,1,5
488972,488977,488978,1,5
488972,488972,488978,6,0
488972,488977,488979,2,5
488972,488977,488978,1,5
488972,488972,488978,6,0
488972,488977,488978,1,5
488972,488978,488979,1,6
488972,488972,488979,7,0
488972,488972,488979,7,0
488972,488977,488979,2,5
488972,488972,488979,7,0
488972,488978,488979,1,6
488972,488979,488980,1,7
488972,488979,488980,1,7
488972,488979,488980,1,7
488972,488972,488979,7,0
488972,488972,488980,8,0
488972,488972,488980,8,0
488972,488972,488979,7,0
488972,488979,488980,1,7
488972,488979,488980,1,7
488972,488972,488980,8,0
488972,488972,488980,8,0
488972,488979,488981,2,7
488972,488972,488980,8,0
488972,488972,488980,8,0
488972,488979,488980,1,7
488972,488972,488980,8,0
488972,488979,488981,2,7
488972,488972,488980,8,0
488972,488972,488980,8,0
488972,488979,488980,1,7
488972,488979,488980,1,7
488972,488972,488981,9,0
488972,488979,488981,2,7
488972,488972,488981,9,0
488972,488972,488981,9,0
488972,488979,488981,2,7
488972,488972,488981,9,0
488972,488972,488982,10,0
488972,488972,488982,10,0
488972,488972,488983,11,0
488972,488972,488982,10,0
488972,488972,488983,11,0
488972,488972,488983,11,0
488972,488972,488984,12,0
488972,488972,488985,13,0
488997,488997,488998,1,0
488997,488997,488998,1,0
488997,488997,488998,1,0
488997,488997,488999,2,0
488997,488997,488998,1,0
488997,488997,488998,1,0
488997,488997,489000,3,0
488997,488998,489000,2,1
488997,488998,489000,2,1
488997,488997,489001,4,0
488997,488997,489000,3,0
488997,488999,489001,2,2
488997,488999,489001,2,2
488997,488997,489001,4,0
488997,488999,489001,2,2
488997,488997,489002,5,0
488997,488999,489001,2,2
488997,489001,489002,1,4
488997,489001,489002,1,4
488997,489000,489002,2,3
488997,489000,489001,1,3
488997,488997,489003,6,0
488997,488997,489003,6,0
488997,488997,489003,6,0
488997,489002,489003,1,5
488997,488997,489002,5,0
488997,489002,489003,1,5
488997,488997,489003,6,0
488997,489000,489004,4,3
488997,489002,489004,2,5
488997,489001,489003,2,4
488997,489001,489003,2,4
488997,488997,489003,6,0
488997,488997,489004,7,0
488997,489002,489003,1,5
488997,488997,489004,7,0
488997,489002,489003,1,5
488997,488997,489003,6,0
488997,488997,489004,7,0
488997,489002,489004,2,5
488997,489002,489003,1,5
488997,488997,489004,7,0
488997,489003,489004,1,6
488997,489003,489004,1,6
488997,489003,489004,1,6
488997,488997,489004,7,0
488997,488997,489004,7,0
488997,489002,489004,2,5
488997,489004,489005,1,7
488997,488997,489005,8,0
488997,489004,489005,1,7
488997,489004,489005,1,7
488997,488997,489005,8,0
488997,489003,489005,2,6
488997,488997,489005,8,0
488997,489003,489004,1,6
488997,488997,489006,9,0
488997,488997,489006,9,0
488997,489003,489006,3,6
488997,488997,489005,8,0
488997,489004,489006,2,7
488997,488997,489006,9,0
488997,489004,489006,2,7
488997,489004,489006,2,7
488997,488997,489006,9,0
488997,488997,489006,9,0
488997,488997,489007,10,0
488997,488997,489006,9,0
488997,489004,489007,3,7
488997,488997,489007,10,0
488997,488997,489007,10,0
488997,488997,489006,9,0
488997,489004,489006,2,7
488997,488997,489008,11,0
488997,488997,489007,10,0
488997,488997,489008,11,0
488997,488997,489010,13,0
488997,488997,489010,13,0
488997,488997,489011,14,0
489021,489022,489023,1,1
489021,489022,489023,1,1
489021,489022,489023,1,1
489021,489022,489023,1,1
489021,489022,489023,1,1
489021,489022,489023,1,1
489021,489023,489024,1,2
489021,489023,489024,1,2
489021,489024,489025,1,3
489021,489024,489025,1,3
489021,489024,489025,1,3
489021,489024,489025,1,3
489021,489022,489026,4,1
489021,489022,489026,4,1
489021,489022,489026,4,1
489021,489022,489027,5,1
489021,489026,489027,1,5
489021,489022,489026,4,1
489021,489025,489026,1,4
489021,489022,489026,4,1
489021,489025,489026,1,4
489021,489022,489027,5,1
489021,489022,489027,5,1
489021,489026,489027,1,5
489021,489026,489027,1,5
489021,489026,489027,1,5
489021,489027,489028,1,6
489021,489027,489028,1,6
489021,489027,489028,1,6
489021,489027,489028,1,6
489021,489022,489028,6,1
489021,489027,489028,1,6
489021,489027,489028,1,6
489021,489028,489029,1,7
489021,489028,489029,1,7
489021,489022,489029,7,1
489021,489028,489029,1,7
489021,489028,489029,1,7
489021,489028,489029,1,7
489021,489022,489029,7,1
489021,489022,489029,7,1
489021,489027,489029,2,6
489021,489022,489029,7,1
489021,489029,489030,1,8
489021,489029,489030,1,8
489021,489022,489029,7,1
489021,489022,489029,7,1
489021,489022,489029,7,1
489021,489029,489030,1,8
489021,489022,489029,7,1
489021,489028,489029,1,7
489021,489029,489030,1,8
489021,489022,489029,7,1
489021,489022,489029,7,1
489021,489028,489029,1,7
489021,489028,489029,1,7
489021,489022,489029,7,1
489021,489022,489030,8,1
489021,489022,489030,8,1
489021,489029,489030,1,8
489021,489022,489030,8,1
489021,489022,489030,8,1
489021,489027,489030,3,6
489021,489022,489030,8,1
489021,489022,489030,8,1
489021,489028,489030,2,7
489021,489022,489030,8,1
489021,489022,489030,8,1
489021,489022,489030,8,1
489021,489022,489030,8,1
489021,489022,489032,10,1
489021,489022,489031,9,1
489021,489027,489031,4,6
489021,489022,489032,10,1
489021,489022,489032,10,1
489021,489022,489032,10,1
489021,489022,489032,10,1
489021,489022,489034,12,1
489021,489022,489034,12,1
489045,489045,489046,1,0
489045,489045,489046,1,0
489045,489045,489047,2,0
489045,489045,489047,2,0
489045,489045,489046,1,0
489045,489045,489046,1,0
489045,489047,489048,1,2
489045,489046,489048,2,1
489045,489045,489049,4,0
489045,489045,489049,4,0
489045,489047,489049,2,2
489045,489047,489049,2,2
489045,489046,489049,3,1
489045,489045,489050,5,0
489045,489045,489050,5,0
489045,489045,489050,5,0
489045,489045,489050,5,0
489045,489045,489049,4,0
489045,489047,489050,3,2
489045,489049,489050,1,4
489045,489045,489049,4,0
489045,489048,489050,2,3
489045,489045,489050,5,0
489045,489049,489050,1,4
489045,489048,489050,2,3
489045,489045,489051,6,0
489045,489045,489051,6,0
489045,489045,489051,6,0
489045,489045,489051,6,0
489045,489045,489051,6,0
489045,489049,489050,1,4
489045,489049,489051,2,4
489045,489045,489050,5,0
489045,489050,489051,1,5
489045,489050,489051,1,5
489045,489045,489051,6,0
489045,489050,489051,1,5
489045,489045,489052,7,0
489045,489049,489052,3,4
489045,489050,489052,2,5
489045,489045,489052,7,0
489045,489050,489051,1,5
489045,489050,489051,1,5
489045,489050,489052,2,5
489045,489045,489052,7,0
489045,489051,489052,1,6
489045,489045,489051,6,0
489045,489051,489052,1,6
489045,489051,489052,1,6
489045,489051,489053,2,6
489045,489051,489053,2,6
489045,489045,489052,7,0
489045,489050,489053,3,5
489045,489051,489053,2,6
489045,489045,489053,8,0
489045,489050,489053,3,5
489045,489045,489052,7,0
489045,489045,489053,8,0
489045,489050,489053,3,5
489045,489045,489053,8,0
489045,489050,489053,3,5
489045,489051,489053,2,6
489045,489045,489053,8,0
489045,489051,489053,2,6
489045,489051,489053,2,6
489045,489045,489052,7,0
489045,489045,489053,8,0
489045,489050,489054,4,5
489045,489051,489053,2,6
489045,489045,489055,10,0
489045,489045,489055,10,0
489045,489045,489055,10,0
489045,489045,489055,10,0
489045,489045,489056,11,0
489045,489045,489056,11,0
489045,489045,489056,11,0
489045,489045,489056,11,0
489045,489045,489057,12,0
489045,489045,489059,14,0
489070,489070,489071,1,0
489070,489070,489071,1,0
489070,489070,489071,1,0
489070,489070,489071,1,0
489070,489070,489071,1,0
489070,489070,489071,1,0
489070,489071,489072,1,1
489070,489070,489074,4,0
489070,489070,489074,4,0
489070,489070,489074,4,0
489070,489072,489073,1,2
489070,489072,489073,1,2
489070,489072,489074,2,2
489070,489072,489073,1,2
489070,489072,489073,1,2
489070,489070,489074,4,0
489070,489070,489074,4,0
489070,489070,489075,5,0
489070,489073,489074,1,3
489070,489074,489075,1,4
489070,489074,489075,1,4
489070,489070,489076,6,0
489070,489070,489075,5,0
489070,489070,489075,5,0
489070,489070,489076,6,0
489070,489070,489075,5,0
489070,489074,489076,2,4
489070,489070,489076,6,0
489070,489074,489075,1,4
489070,489070,489076,6,0
489070,489075,489076,1,5
489070,489074,489075,1,4
489070,489070,489076,6,0
489070,489074,489075,1,4
489070,489075,489076,1,5
489070,489070,489076,6,0
489070,489075,489077,2,5
489070,489070,489077,7,0
489070,489074,489076,2,4
489070,489074,489076,2,4
489070,489070,489076,6,0
489070,489070,489077,7,0
489070,489076,489077,1,6
489070,489070,489077,7,0
489070,489076,489077,1,6
489070,489070,489076,6,0
489070,489075,489076,1,5
489070,489076,489077,1,6
489070,489070,489077,7,0
489070,489076,489077,1,6
489070,489070,489076,6,0
489070,489075,489077,2,5
489070,489076,489078,2,6
489070,489070,489077,7,0
489070,489075,489077,2,5
489070,489076,489078,2,6
489070,489076,489077,1,6
489070,489070,489078,8,0
489070,489076,489077,1,6
489070,489076,489078,2,6
489070,489076,489077,1,6
489070,489076,489077,1,6
489070,489070,489078,8,0
489070,489070,489079,9,0
489070,489076,489078,2,6
489070,489076,489078,2,6
489070,489070,489078,8,0
489070,489076,489078,2,6
489070,489070,489079,9,0
489070,489070,489078,8,0
489070,489070,489080,10,0
489070,489070,489081,11,0
489070,489070,489082,12,0
489070,489070,489082,12,0
489070,489070,489082,12,0
489070,489070,489082,12,0
489070,489070,489083,13,0
489070,489070,489082,12,0
489070,489070,489082,12,0
489093,489093,489094,1,0
489093,489093,489095,2,0
489093,489093,489095,2,0
489093,489093,489095,2,0
489093,489093,489095,2,0
489093,489093,489095,2,0
489093,489094,489096,2,1
489093,489094,489096,2,1
489093,489094,489096,2,1
489093,489094,489096,2,1
489093,489094,489096,2,1
489093,489094,489096,2,1
489093,489095,489096,1,2
489093,489094,489097,3,1
489093,489096,489097,1,3
489093,489096,489097,1,3
489093,489094,489097,3,1
489093,489096,489097,1,3
489093,489096,489097,1,3
489093,489094,489097,3,1
489093,489094,489098,4,1
489093,489094,489098,4,1
489093,489094,489098,4,1
489093,489094,489098,4,1
489093,489096,489098,2,3
489093,489094,489098,4,1
489093,489098,489099,1,5
489093,489094,489098,4,1
489093,489094,489098,4,1
489093,489097,489099,2,4
489093,489097,489098,1,4
489093,489098,489099,1,5
489093,489093,489098,5,0
489093,489093,489099,6,0
489093,489098,489099,1,5
489093,489094,489099,5,1
489093,489094,489100,6,1
489093,489098,489099,1,5
489093,489098,489099,1,5
489093,489097,489099,2,4
489093,489093,489099,6,0
489093,489099,489100,1,6
489093,489099,489100,1,6
489093,489099,489100,1,6
489093,489094,489101,7,1
489093,489098,489100,2,5
489093,489099,489101,2,6
489093,489094,489100,6,1
489093,489099,489100,1,6
489093,489093,489100,7,0
489093,489093,489100,7,0
489093,489099,489100,1,6
489093,489094,489100,6,1
489093,489094,489100,6,1
489093,489094,489100,6,1
489093,489093,489101,8,0
489093,489097,489100,3,4
489093,489097,489100,3,4
489093,489098,489100,2,5
489093,489099,489101,2,6
489093,489094,489102,8,1
489093,489099,489101,2,6
489093,489099,489101,2,6
489093,489093,489101,8,0
489093,489094,489101,7,1
489093,489094,489101,7,1
489093,489100,489101,1,7
489093,489100,489101,1,7
489093,489099,489101,2,6
489093,489097,489101,4,4
489093,489099,489102,3,6
489093,489099,489101,2,6
489093,489094,489101,7,1
489093,489097,489101,4,4
489093,489099,489101,2,6
489093,489093,489102,9,0
489093,489093,489103,10,0
489093,489093,489104,11,0
489093,489094,489105,11,1
489116,489116,489117,1,0
489116,489116,489117,1,0
489116,489116,489117,1,0
489116,489116,489117,1,0
489116,489116,489117,1,0
489116,489116,489117,1,0
489116,489116,489120,4,0
489116,489118,489120,2,2
489116,489118,489119,1,2
489116,489118,489119,1,2
489116,489116,489119,3,0
489116,489118,489119,1,2
489116,489118,489119,1,2
489116,489116,489120,4,0
489116,489116,489121,5,0
489116,489116,489120,4,0
489116,489116,489120,4,0
489116,489116,489121,5,0
489116,489116,489120,4,0
489116,489118,489120,2,2
489116,489116,489120,4,0
489116,489120,489121,1,4
489116,489116,489121,5,0
489116,489116,489122,6,0
489116,489116,489121,5,0
489116,489116,489122,6,0
489116,489116,489121,5,0
489116,489120,489121,1,4
489116,489120,489121,1,4
489116,489121,489122,1,5
489116,489120,489121,1,4
489116,489116,489121,5,0
489116,489120,489121,1,4
489116,489116,489121,5,0
489116,489120,489121,1,4
489116,489116,489122,6,0
489116,489120,489123,3,4
489116,489116,489122,6,0
489116,489122,489123,1,6
489116,489122,489123,1,6
489116,489116,489123,7,0
489116,489121,489122,1,5
489116,489116,489122,6,0
489116,489121,489122,1,5
489116,489122,489123,1,6
489116,489116,489122,6,0
489116,489122,489123,1,6
489116,489122,489123,1,6
489116,489121,489122,1,5
489116,489122,489123,1,6
489116,489116,489123,7,0
489116,489116,489123,7,0
489116,489121,489123,2,5
489116,489116,489123,7,0
489116,489116,489123,7,0
489116,489116,489123,7,0
489116,489121,489123,2,5
489116,489121,489123,2,5
489116,489116,489123,7,0
489116,489116,489124,8,0
489116,489121,489123,2,5
489116,489122,489124,2,6
489116,489121,489123,2,5
489116,489116,489123,7,0
489116,489116,489123,7,0
489116,489122,489123,1,6
489116,489116,489123,7,0
489116,489116,489123,7,0
489116,489122,489123,1,6
489116,489122,489124,2,6
489116,489116,489124,8,0
489116,489122,489124,2,6
489116,489122,489124,2,6
489116,489116,489124,8,0
489116,489116,489125,9,0
489116,489122,489124,2,6
489116,489116,489124,8,0
489116,489116,489126,10,0
489116,489116,489125,9,0
489136,489136,489137,1,0
489136,489136,489138,2,0
489136,489136,489137,1,0
489136,489136,489137,1,0
489136,489136,489137,1,0
489136,489136,489138,2,0
489136,489136,489140,4,0
489136,489138,489140,2,2
489136,489138,489139,1,2
489136,489138,489140,2,2
489136,489138,489139,1,2
489136,489136,489139,3,0
489136,489138,489140,2,2
489136,489138,489140,2,2
489136,489136,489141,5,0
489136,489136,489140,4,0
489136,489136,489140,4,0
489136,489136,489141,5,0
489136,489136,489141,5,0
489136,489140,489141,1,4
489136,489140,489141,1,4
489136,489140,489141,1,4
489136,489136,489142,6,0
489136,489136,489142,6,0
489136,489136,489142,6,0
489136,489136,489142,6,0
489136,489140,489141,1,4
489136,489136,489141,5,0
489136,489140,489141,1,4
489136,489136,489142,6,0
489136,489140,489142,2,4
489136,489136,489142,6,0
489136,489140,489141,1,4
489136,489141,489142,1,5
489136,489136,489142,6,0
489136,489141,489143,2,5
489136,489136,489143,7,0
489136,489140,489143,3,4
489136,489136,489142,6,0
489136,489136,489142,6,0
489136,489142,489143,1,6
489136,489136,489143,7,0
489136,489142,489143,1,6
489136,489136,489143,7,0
489136,489141,489143,2,5
489136,489136,489143,7,0
489136,489136,489142,6,0
489136,489141,489142,1,5
489136,489142,489143,1,6
489136,489142,489143,1,6
489136,489142,489143,1,6
489136,489136,489144,8,0
489136,489136,489143,7,0
489136,489142,489144,2,6
489136,489136,489144,8,0
489136,489141,489144,3,5
489136,489136,489144,8,0
489136,489141,489143,2,5
489136,489136,489144,8,0
489136,489141,489144,3,5
489136,489142,489144,2,6
489136,489141,489144,3,5
489136,489136,489144,8,0
489136,489142,489144,2,6
489136,489136,489144,8,0
489136,489142,489144,2,6
489136,489142,489143,1,6
489136,489136,489145,9,0
489136,489136,489144,8,0
489136,489143,489145,2,7
489136,489142,489145,3,6
489136,489142,489145,3,6
489136,489136,489145,9,0
489136,489136,489145,9,0
489136,489136,489146,10,0
489136,489136,489146,10,0
489136,489136,489147,11,0
489136,489136,489147,11,0
489136,489136,489149,13,0
489159,489159,489160,1,0
489159,489159,489160,1,0
489159,489159,489160,1,0
489159,489159,489160,1,0
489159,489159,489160,1,0
489159,489159,489161,2,0
489159,489160,489162,2,1
489159,489159,489162,3,0
489159,489159,489162,3,0
489159,489160,489161,1,1
489159,489159,489162,3,0
489159,489160,489161,1,1
489159,489159,489162,3,0
489159,489159,489163,4,0
489159,489159,489163,4,0
489159,489159,489163,4,0
489159,489159,489163,4,0
489159,489159,489163,4,0
489159,489159,489163,4,0
489159,489159,489163,4,0
489159,489159,489163,4,0
489159,489161,489162,1,2
489159,489159,489162,3,0
489159,489162,489163,1,3
489159,489161,489162,1,2
489159,489159,489164,5,0
489159,489159,489163,4,0
489159,489159,489164,5,0
489159,489159,489164,5,0
489159,489159,489163,4,0
489159,489162,489164,2,3
489159,489162,489164,2,3
489159,489159,489164,5,0
489159,489159,489164,5,0
489159,489162,489164,2,3
489159,489162,489164,2,3
489159,489159,489164,5,0
489159,489162,489164,2,3
489159,489162,489163,1,3
489159,489163,489164,1,4
489159,489162,489164,2,3
489159,489159,489165,6,0
489159,489159,489165,6,0
489159,489159,489165,6,0
489159,489159,489165,6,0
489159,489159,489165,6,0
489159,489163,489165,2,4
489159,489163,489165,2,4
489159,489159,489165,6,0
489159,489163,489164,1,4
489159,489164,489165,1,5
489159,489164,489165,1,5
489159,489164,489165,1,5
489159,489164,489166,2,5
489159,489159,489166,7,0
489159,489163,489166,3,4
489159,489164,489166,2,5
489159,489159,489166,7,0
489159,489163,489166,3,4
489159,489159,489165,6,0
489159,489163,489166,3,4
489159,489163,489166,3,4
489159,489159,489166,7,0
489159,489159,489166,7,0
489159,489163,489166,3,4
489159,489163,489166,3,4
489159,489159,489166,7,0
489159,489159,489166,7,0
489159,489159,489166,7,0
489159,489164,489166,2,5
489159,489164,489166,2,5
489159,489164,489166,2,5
489159,489164,489167,3,5
489159,489163,489167,4,4
489159,489163,489167,4,4
489159,489164,489166,2,5
489159,489159,489168,9,0
489159,489159,489170,11,0
489159,489159,489170,11,0
489180,489180,489181,1,0
489180,489180,489181,1,0
489180,489180,489182,2,0
489180,489180,489182,2,0
489180,489180,489182,2,0
489180,489180,489184,4,0
489180,489182,489183,1,2
489180,489182,489183,1,2
489180,489181,489184,3,1
489180,489181,489184,3,1
489180,489181,489185,4,1
489180,489181,489184,3,1
489180,489181,489184,3,1
489180,489183,489184,1,3
489180,489181,489184,3,1
489180,489181,489184,3,1
489180,489183,489184,1,3
489180,489184,489185,1,4
489180,489181,489185,4,1
489180,489181,489185,4,1
489180,489181,489186,5,1
489180,489181,489185,4,1
489180,489184,489185,1,4
489180,489184,489185,1,4
489180,489181,489185,4,1
489180,489184,489185,1,4
489180,489181,489185,4,1
489180,489181,489186,5,1
489180,489181,489186,5,1
489180,489181,489186,5,1
489180,489181,489186,5,1
489180,489180,489186,6,0
489180,489180,489187,7,0
489180,489185,489186,1,5
489180,489181,489186,5,1
489180,489185,489186,1,5
489180,489181,489186,5,1
489180,489181,489186,5,1
489180,489185,489186,1,5
489180,489186,489187,1,6
489180,489180,489186,6,0
489180,489186,489187,1,6
489180,489181,489187,6,1
489180,489185,489187,2,5
489180,489181,489187,6,1
489180,489185,489187,2,5
489180,489180,489187,7,0
489180,489185,489187,2,5
489180,489185,489188,3,5
489180,489180,489187,7,0
489180,489186,489187,1,6
489180,489186,489187,1,6
489180,489181,489187,6,1
489180,489186,489187,1,6
489180,489186,489187,1,6
489180,489185,489187,2,5
489180,489187,489188,1,7
489180,489187,489188,1,7
489180,489181,489188,7,1
489180,489187,489188,1,7
489180,489187,489188,1,7
489180,489186,489188,2,6
489180,489186,489188,2,6
489180,489180,489188,8,0
489180,489185,489188,3,5
489180,489180,489189,9,0
489180,489187,489188,1,7
489180,489180,489188,8,0
489180,489187,489188,1,7
489180,489187,489188,1,7
489180,489180,489189,9,0
489180,489181,489190,9,1
489180,489186,489190,4,6
489180,489185,489190,5,5
489180,489180,489190,10,0
489180,489181,489192,11,1
489180,489180,489192,12,0
489180,489181,489191,10,1
489202,489202,489203,1,0
489202,489202,489203,1,0
489202,489202,489203,1,0
489202,489202,489203,1,0
489202,489202,489204,2,0
489202,489204,489205,1,2
489202,489202,489205,3,0
489202,489203,489205,2,1
489202,489202,489206,4,0
489202,489202,489206,4,0
489202,489204,489206,2,2
489202,489204,489205,1,2
489202,489204,489206,2,2
489202,489202,489207,5,0
489202,489202,489207,5,0
489202,489202,489207,5,0
489202,489202,489206,4,0
489202,489202,489207,5,0
489202,489205,489206,1,3
489202,489202,489207,5,0
489202,489205,489206,1,3
489202,489202,489207,5,0
489202,489205,489206,1,3
489202,489202,489208,6,0
489202,489202,489207,5,0
489202,489202,489207,5,0
489202,489202,489207,5,0
489202,489202,489208,6,0
489202,489206,489207,1,4
489202,489202,489207,5,0
489202,489206,489208,2,4
489202,489202,489208,6,0
489202,489202,489207,5,0
489202,489202,489208,6,0
489202,489202,489208,6,0
489202,489206,489208,2,4
489202,489202,489209,7,0
489202,489202,489209,7,0
489202,489202,489209,7,0
489202,489202,489209,7,0
489202,489202,489209,7,0
489202,489206,489209,3,4
489202,489202,489209,7,0
489202,489202,489209,7,0
489202,489202,489209,7,0
489202,489206,489209,3,4
489202,489208,489209,1,6
489202,489202,489208,6,0
489202,489207,489209,2,5
489202,489208,489209,1,6
489202,489207,489208,1,5
489202,489207,489209,2,5
489202,489208,489209,1,6
489202,489207,489208,1,5
489202,489207,489209,2,5
489202,489208,489209,1,6
489202,489202,489209,7,0
489202,489208,489210,2,6
489202,489207,489210,3,5
489202,489208,489210,2,6
489202,489207,489210,3,5
489202,489208,489210,2,6
489202,489207,489209,2,5
489202,489202,489210,8,0
489202,489207,489210,3,5
489202,489202,489210,8,0
489202,489208,489210,2,6
489202,489208,489209,1,6
489202,489208,489210,2,6
489202,489208,489209,1,6
489202,489208,489209,1,6
489202,489202,489210,8,0
489202,489207,489210,3,5
489202,489202,489211,9,0
489202,489202,489212,10,0
489202,489202,489211,9,0
489202,489202,489214,12,0
489202,489202,489214,12,0
489202,489202,489214,12,0
489225,489226,489227,1,1
489225,489226,489227,1,1
489225,489226,489227,1,1
489225,489226,489227,1,1
489225,489226,489227,1,1
489225,489227,489228,1,2
489225,489226,489229,3,1
489225,489228,489229,1,3
489225,489228,489229,1,3
489225,489228,489229,1,3
489225,489226,489230,4,1
489225,489228,489230,2,3
489225,489226,489230,4,1
489225,489226,489230,4,1
489225,489226,489230,4,1
489225,489226,489230,4,1
489225,489229,489230,1,4
489225,489226,489231,5,1
489225,489226,489231,5,1
489225,489226,489231,5,1
489225,489226,489231,5,1
489225,489230,489231,1,5
489225,489226,489231,5,1
489225,489230,489231,1,5
489225,489226,489231,5,1
489225,489230,489231,1,5
489225,489226,489231,5,1
489225,489231,489232,1,6
489225,489226,489232,6,1
489225,489226,489232,6,1
489225,489226,489232,6,1
489225,489226,489232,6,1
489225,489226,489232,6,1
489225,489226,489232,6,1
489225,489231,489232,1,6
489225,489231,489232,1,6
489225,489226,489232,6,1
489225,489231,489232,1,6
489225,489230,489233,3,5
489225,489226,489232,6,1
489225,489232,489233,1,7
489225,489231,489232,1,6
489225,489226,489232,6,1
489225,489226,489233,7,1
489225,489231,489233,2,6
489225,489232,489234,2,7
489225,489226,489233,7,1
489225,489232,489233,1,7
489225,489232,489233,1,7
489225,489226,489233,7,1
489225,489232,489233,1,7
489225,489232,489233,1,7
489225,489232,489233,1,7
489225,489232,489233,1,7
489225,489233,489235,2,8
489225,489233,489234,1,8
489225,489226,489234,8,1
489225,489233,489234,1,8
489225,489233,489234,1,8
489225,489226,489234,8,1
489225,489232,489234,2,7
489225,489232,489235,3,7
489225,489232,489234,2,7
489225,489226,489234,8,1
489225,489226,489235,9,1
489225,489226,489235,9,1
489225,489231,489235,4,6
489225,489226,489235,9,1
489225,489233,489235,2,8
489225,489226,489235,9,1
489225,489233,489235,2,8
489225,489233,489235,2,8
489225,489226,489235,9,1
489225,489226,489236,10,1
489225,489226,489236,10,1
489225,489226,489236,10,1
489225,489226,489236,10,1
489225,489226,489237,11,1
489225,489226,489239,13,1
489249,489249,489250,1,0
489249,489249,489250,1,0
489249,489249,489250,1,0
489249,489249,489250,1,0
489249,489249,489251,2,0
489249,489249,489253,4,0
489249,489251,489253,2,2
489249,489249,489253,4,0
489249,489249,489253,4,0
489249,489249,489253,4,0
489249,489249,489253,4,0
489249,489251,489253,2,2
489249,489251,489253,2,2
489249,489251,489253,2,2
489249,489251,489253,2,2
489249,489249,489254,5,0
489249,489249,489254,5,0
489249,489249,489254,5,0
489249,489249,489255,6,0
489249,489249,489255,6,0
489249,489249,489255,6,0
489249,489249,489255,6,0
489249,489249,489255,6,0
489249,489253,489255,2,4
489249,489253,489255,2,4
489249,489253,489255,2,4
489249,489253,489255,2,4
489249,489253,489255,2,4
489249,489249,489255,6,0
489249,489253,489255,2,4
489249,489249,489255,6,0
489249,489253,489255,2,4
489249,489249,489256,7,0
489249,489249,489256,7,0
489249,489249,489256,7,0
489249,489249,489256,7,0
489249,489255,489256,1,6
489249,489249,489256,7,0
489249,489249,489256,7,0
489249,489249,489256,7,0
489249,489253,489256,3,4
489249,489253,489256,3,4
489249,489249,489256,7,0
489249,489249,489256,7,0
489249,489254,489256,2,5
489249,489254,489257,3,5
489249,489249,489257,8,0
489249,489255,489257,2,6
489249,489255,489256,1,6
489249,489253,489257,4,4
489249,489255,489257,2,6
489249,489256,489257,1,7
489249,489249,489257,8,0
489249,489256,489257,1,7
489249,489249,489257,8,0
489249,489256,489257,1,7
489249,489256,489258,2,7
489249,489249,489258,9,0
489249,489255,489258,3,6
489249,489249,489258,9,0
489249,489256,489258,2,7
489249,489256,489259,3,7
489249,489249,489259,10,0
489249,489249,489259,10,0
489249,489254,489259,5,5
489249,489255,489260,5,6
489249,489249,489260,11,0
489249,489255,489261,6,6
489249,489249,489262,13,0
489249,489255,489262,7,6
489249,489249,489262,13,0
489249,489249,489262,13,0
489249,489249,489263,14,0
489249,489249,489263,14,0
489249,489249,489264,15,0
489249,489249,489268,19,0
489280,489280,489281,1,0
489280,489280,489281,1,0
489280,489280,489281,1,0
489280,489280,489281,1,0
489280,489280,489281,1,0
489280,489281,489282,1,1
489280,489281,489282,1,1
489280,489280,489283,3,0
489280,489282,489283,1,2
489280,489282,489284,2,2
489280,489283,489284,1,3
489280,489280,489284,4,0
489280,489280,489285,5,0
489280,489280,489284,4,0
489280,489280,489284,4,0
489280,489280,489284,4,0
489280,489280,489284,4,0
489280,489280,489284,4,0
489280,489280,489284,4,0
489280,489282,489284,2,2
489280,489284,489285,1,4
489280,489283,489284,1,3
489280,489280,489284,4,0
489280,489284,489285,1,4
489280,489280,489285,5,0
489280,489280,489285,5,0
489280,489280,489285,5,0
489280,489280,489285,5,0
489280,489284,489285,1,4
489280,489280,489285,5,0
489280,489284,489285,1,4
489280,489280,489286,6,0
489280,489280,489287,7,0
489280,489285,489287,2,5
489280,489280,489287,7,0
489280,489280,489286,6,0
489280,489280,489286,6,0
489280,489280,489287,7,0
489280,489280,489286,6,0
489280,489285,489287,2,5
489280,489280,489286,6,0
489280,489285,489286,1,5
489280,489280,489286,6,0
489280,489285,489286,1,5
489280,489285,489286,1,5
489280,489286,489287,1,6
489280,489285,489287,2,5
489280,489285,489287,2,5
489280,489285,489287,2,5
489280,489280,489287,7,0
489280,489285,489287,2,5
489280,489287,489288,1,7
489280,489280,489288,8,0
489280,489286,489287,1,6
489280,489287,489288,1,7
489280,489280,489287,7,0
489280,489286,489287,1,6
489280,489286,489288,2,6
489280,489287,489289,2,7
489280,489280,489289,9,0
489280,489285,489288,3,5
489280,489287,489289,2,7
489280,489280,489288,8,0
489280,489280,489288,8,0
489280,489286,489289,3,6
489280,489286,489289,3,6
489280,489280,489289,9,0
489280,489280,489289,9,0
489280,489280,489290,10,0
489280,489280,489291,11,0
489280,489280,489290,10,0
489280,489286,489290,4,6
489280,489285,489290,5,5
489280,489280,489292,12,0
489280,489280,489291,11,0
489280,489280,489291,11,0
489280,489285,489293,8,5
489280,489280,489294,14,0
489280,489285,489297,12,5
489307,489307,489308,1,0
489307,489307,489308,1,0
489307,489307,489308,1,0
489307,489307,489308,1,0
489307,489307,489309,2,0
489307,489308,489310,2,1
489307,489309,489311,2,2
489307,489309,489311,2,2
489307,489309,489310,1,2
489307,489307,489311,4,0
489307,489307,489311,4,0
489307,489309,489311,2,2
489307,489310,489312,2,3
489307,489307,489313,6,0
489307,489307,489313,6,0
489307,489311,489313,2,4
489307,489307,489313,6,0
489307,489307,489313,6,0
489307,489311,489313,2,4
489307,489307,489313,6,0
489307,489307,489314,7,0
489307,489307,489314,7,0
489307,489307,489313,6,0
489307,489307,489314,7,0
489307,489307,489314,7,0
489307,489307,489314,7,0
489307,489307,489314,7,0
489307,489307,489314,7,0
489307,489312,489314,2,5
489307,489312,489314,2,5
489307,489311,489313,2,4
489307,489307,489314,7,0
489307,489307,489314,7,0
489307,489312,489314,2,5
489307,489307,489315,8,0
489307,489307,489315,8,0
489307,489312,489315,3,5
489307,489313,489315,2,6
489307,489313,489315,2,6
489307,489313,489315,2,6
489307,489313,489314,1,6
489307,489313,489315,2,6
489307,489314,489315,1,7
489307,489314,489315,1,7
489307,489307,489315,8,0
489307,489313,489315,2,6
489307,489314,489315,1,7
489307,489314,489315,1,7
489307,489314,489315,1,7
489307,489307,489316,9,0
489307,489307,489316,9,0
489307,489307,489316,9,0
489307,489307,489316,9,0
489307,489313,489316,3,6
489307,489307,489316,9,0
489307,489307,489316,9,0
489307,489314,489316,2,7
489307,489314,489316,2,7
489307,489314,489316,2,7
489307,489307,489316,9,0
489307,489307,489316,9,0
489307,489314,489316,2,7
489307,489307,489316,9,0
489307,489307,489317,10,0
489307,489315,489317,2,8
489307,489314,489317,3,7
489307,489307,489317,10,0
489307,489307,489318,11,0
489307,489307,489318,11,0
489307,489314,489319,5,7
489307,489314,489319,5,7
489307,489314,489319,5,7
489307,489314,489318,4,7
489307,489307,489320,13,0
489307,489307,489320,13,0
489307,489307,489321,14,0
489307,489307,489321,14,0
489307,489307,489324,17,0
489307,489307,489325,18,0
489336,489336,489338,2,0
489336,489336,489338,2,0
489336,489336,489338,2,0
489336,489336,489338,2,0
489336,489336,489338,2,0
489336,489339,489340,1,3
489336,489337,489340,3,1
489336,489337,489340,3,1
489336,489339,489340,1,3
489336,489339,489340,1,3
489336,489336,489340,4,0
489336,489339,489340,1,3
489336,489339,489340,1,3
489336,489337,489341,4,1
489336,489337,489341,4,1
489336,489337,489341,4,1
489336,489340,489341,1,4
489336,489337,489342,5,1
489336,489337,489342,5,1
489336,489337,489342,5,1
489336,489341,489342,1,5
489336,489341,489343,2,5
489336,489336,489342,6,0
489336,489341,489342,1,5
489336,489341,489342,1,5
489336,489337,489343,6,1
489336,489337,489344,7,1
489336,489337,489343,6,1
489336,489337,489344,7,1
489336,489337,489343,6,1
489336,489337,489343,6,1
489336,489341,489343,2,5
489336,489337,489343,6,1
489336,489337,489343,6,1
489336,489336,489343,7,0
489336,489337,489343,6,1
489336,489342,489343,1,6
489336,489337,489343,6,1
489336,489342,489344,2,6
489336,489337,489344,7,1
489336,489342,489344,2,6
489336,489343,489344,1,7
489336,489337,489344,7,1
489336,489343,489344,1,7
489336,489343,489344,1,7
489336,489344,489345,1,8
489336,489344,489345,1,8
489336,489344,489345,1,8
489336,489343,489344,1,7
489336,489344,489345,1,8
489336,489337,489345,8,1
489336,489341,489345,4,5
489336,489342,489345,3,6
489336,489341,489345,4,5
489336,489344,489345,1,8
489336,489337,489345,8,1
489336,489343,489345,2,7
489336,489344,489345,1,8
489336,489344,489345,1,8
489336,489337,489346,9,1
489336,489337,489346,9,1
489336,489344,489347,3,8
489336,489344,489346,2,8
489336,489343,489346,3,7
489336,489343,489347,4,7
489336,489343,489347,4,7
489336,489337,489346,9,1
489336,489337,489346,9,1
489336,489344,489348,4,8
489336,489337,489347,10,1
489336,489337,489347,10,1
489336,489337,489347,10,1
489336,489336,489348,12,0
489336,489337,489348,11,1
489336,489337,489349,12,1
489336,489337,489350,13,1
489336,489337,489350,13,1
489336,489337,489352,15,1
489336,489337,489353,16,1
489364,489364,489365,1,0
489364,489364,489365,1,0
489364,489364,489365,1,0
489364,489364,489366,2,0
489364,489364,489366,2,0
489364,489366,489367,1,2
489364,489366,489368,2,2
489364,489364,489368,4,0
489364,489366,489368,2,2
489364,489365,489368,3,1
489364,489365,489368,3,1
489364,489364,489369,5,0
489364,489367,489369,2,3
489364,489364,489370,6,0
489364,489364,489370,6,0
489364,489364,489370,6,0
489364,489364,489370,6,0
489364,489364,489369,5,0
489364,489364,489370,6,0
489364,489364,489370,6,0
489364,489364,489369,5,0
489364,489368,489370,2,4
489364,489368,489370,2,4
489364,489364,489370,6,0
489364,489368,489370,2,4
489364,489364,489370,6,0
489364,489368,489370,2,4
489364,489368,489370,2,4
489364,489364,489371,7,0
489364,489364,489371,7,0
489364,489364,489370,6,0
489364,489364,489370,6,0
489364,489364,489371,7,0
489364,489364,489371,7,0
489364,489369,489370,1,5
489364,489364,489371,7,0
489364,489364,489371,7,0
489364,489364,489371,7,0
489364,489364,489371,7,0
489364,489364,489371,7,0
489364,489364,489371,7,0
489364,489364,489371,7,0
489364,489364,489371,7,0
489364,489364,489371,7,0
489364,489364,489371,7,0
489364,489369,489372,3,5
489364,489364,489372,8,0
489364,489371,489372,1,7
489364,489371,489372,1,7
489364,489371,489372,1,7
489364,489371,489372,1,7
489364,489371,489372,1,7
489364,489371,489372,1,7
489364,489371,489373,2,7
489364,489370,489373,3,6
489364,489370,489373,3,6
489364,489370,489373,3,6
489364,489371,489373,2,7
489364,489371,489373,2,7
489364,489371,489374,3,7
489364,489371,489374,3,7
489364,489370,489374,4,6
489364,489364,489374,10,0
489364,489364,489374,10,0
489364,489364,489374,10,0
489364,489370,489375,5,6
489364,489370,489375,5,6
489364,489364,489378,14,0
489364,489371,489378,7,7
489364,489364,489378,14,0
489364,489364,489378,14,0
489364,489364,489378,14,0
489364,489370,489379,9,6
489364,489371,489381,10,7
489364,489364,489380,16,0
489364,489364,489383,19,0
489364,489364,489389,25,0
489400,489400,489401,1,0
489400,489400,489401,1,0
489400,489400,489401,1,0
489400,489400,489402,2,0
489400,489400,489401,1,0
489400,489400,489404,4,0
489400,489401,489404,3,1
489400,489402,489404,2,2
489400,489402,489404,2,2
489400,489401,489403,2,1
489400,489402,489404,2,2
489400,489400,489405,5,0
489400,489400,489405,5,0
489400,489400,489405,5,0
489400,489400,489406,6,0
489400,489400,489406,6,0
489400,489400,489406,6,0
489400,489400,489406,6,0
489400,489404,489406,2,4
489400,489404,489406,2,4
489400,489404,489405,1,4
489400,489404,489406,2,4
489400,489404,489405,1,4
489400,489400,489407,7,0
489400,489400,489406,6,0
489400,489400,489407,7,0
489400,489400,489406,6,0
489400,489405,489407,2,5
489400,489406,489407,1,6
489400,489400,489407,7,0
489400,489405,489407,2,5
489400,489400,489407,7,0
489400,489406,489407,1,6
489400,489400,489407,7,0
489400,489400,489407,7,0
489400,489400,489406,6,0
489400,489400,489407,7,0
489400,489405,489407,2,5
489400,489400,489407,7,0
489400,489400,489407,7,0
489400,489400,489407,7,0
489400,489406,489407,1,6
489400,489400,489407,7,0
489400,489406,489407,1,6
489400,489400,489408,8,0
489400,489400,489408,8,0
489400,489406,489408,2,6
489400,489400,489408,8,0
489400,489400,489408,8,0
489400,489405,489408,3,5
489400,489406,489408,2,6
489400,489406,489407,1,6
489400,489407,489408,1,7
489400,489407,489408,1,7
489400,489400,489407,7,0
489400,489400,489408,8,0
489400,489400,489409,9,0
489400,489407,489409,2,7
489400,489407,489409,2,7
489400,489407,489409,2,7
489400,489407,489409,2,7
489400,489407,489409,2,7
489400,489406,489409,3,6
489400,489406,489409,3,6
489400,489407,489409,2,7
489400,489407,489409,2,7
489400,489407,489408,1,7
489400,489400,489409,9,0
489400,489407,489409,2,7
489400,489400,489410,10,0
489400,489407,489410,3,7
489400,489400,489410,10,0
489400,489400,489411,11,0
489400,489400,489411,11,0
489400,489400,489412,12,0
489400,489400,489413,13,0
489400,489400,489413,13,0
489400,489400,489414,14,0
489400,489400,489414,14,0
489425,489425,489426,1,0
489425,489425,489426,1,0
489425,489425,489426,1,0
489425,489425,489426,1,0
489425,489425,489426,1,0
489425,489425,489427,2,0
489425,489427,489428,1,2
489425,489427,489429,2,2
489425,489427,489428,1,2
489425,489427,489429,2,2
489425,489425,489429,4,0
489425,489425,489429,4,0
489425,489427,489429,2,2
489425,489428,489429,1,3
489425,489429,489430,1,4
489425,489425,489430,5,0
489425,489425,489430,5,0
489425,489425,489431,6,0
489425,489425,489430,5,0
489425,489425,489430,5,0
489425,489425,489430,5,0
489425,489429,489430,1,4
489425,489425,489430,5,0
489425,489429,489430,1,4
489425,489425,489430,5,0
489425,489425,489431,6,0
489425,489430,489431,1,5
489425,489430,489431,1,5
489425,489425,489432,7,0
489425,489425,489431,6,0
489425,489425,489431,6,0
489425,489425,489432,7,0
489425,489430,489431,1,5
489425,489425,489431,6,0
489425,489431,489432,1,6
489425,489425,489431,6,0
489425,489430,489431,1,5
489425,489431,489432,1,6
489425,489431,489432,1,6
489425,489431,489433,2,6
489425,489425,489432,7,0
489425,489430,489433,3,5
489425,489431,489433,2,6
489425,489425,489433,8,0
489425,489430,489433,3,5
489425,489431,489433,2,6
489425,489425,489432,7,0
489425,489431,489432,1,6
489425,489425,489432,7,0
489425,489431,489432,1,6
489425,489432,489433,1,7
489425,489425,489432,7,0
489425,489431,489432,1,6
489425,489425,489432,7,0
489425,489431,489432,1,6
489425,489431,489432,1,6
489425,489425,489433,8,0
489425,489425,489433,8,0
489425,489432,489433,1,7
489425,489432,489434,2,7
489425,489431,489433,2,6
489425,489431,489433,2,6
489425,489432,489433,1,7
489425,489425,489434,9,0
489425,489425,489433,8,0
489425,489432,489433,1,7
489425,489425,489434,9,0
489425,489425,489434,9,0
489425,489432,489434,2,7
489425,489432,489435,3,7
489425,489425,489435,10,0
489425,489425,489435,10,0
489425,489425,489436,11,0
489425,489425,489435,10,0
489425,489425,489436,11,0
489425,489425,489438,13,0
489425,489425,489437,12,0
489425,489425,489437,12,0
489425,489425,489441,16,0
489452,489452,489453,1,0
489452,489452,489453,1,0
489452,489452,489453,1,0
489452,489452,489453,1,0
489452,489452,489453,1,0
489452,489453,489455,2,1
489452,489454,489455,1,2
489452,489453,489455,2,1
489452,489452,489455,3,0
489452,489454,489455,1,2
489452,489454,489455,1,2
489452,489452,489456,4,0
489452,489455,489456,1,3
489452,489452,489457,5,0
489452,489456,489457,1,4
489452,489456,489457,1,4
489452,489452,489458,6,0
489452,489452,489457,5,0
489452,489452,489457,5,0
489452,489452,489457,5,0
489452,489452,489458,6,0
489452,489456,489458,2,4
489452,489452,489458,6,0
489452,489456,489457,1,4
489452,489452,489457,5,0
489452,489457,489458,1,5
489452,489456,489457,1,4
489452,489452,489458,6,0
489452,489457,489458,1,5
489452,489452,489459,7,0
489452,489457,489459,2,5
489452,489452,489458,6,0
489452,489452,489458,6,0
489452,489458,489459,1,6
489452,489458,489459,1,6
489452,489457,489458,1,5
489452,489452,489458,6,0
489452,489458,489459,1,6
489452,489452,489459,7,0
489452,489457,489458,1,5
489452,489452,489459,7,0
489452,489452,489459,7,0
489452,489458,489460,2,6
489452,489452,489459,7,0
489452,489458,489460,2,6
489452,489452,489459,7,0
489452,489452,489460,8,0
489452,489452,489459,7,0
489452,489458,489459,1,6
489452,489459,489460,1,7
489452,489452,489459,7,0
489452,489458,489459,1,6
489452,489452,489460,8,0
489452,489458,489459,1,6
489452,489459,489460,1,7
489452,489452,489460,8,0
489452,489458,489459,1,6
489452,489458,489459,1,6
489452,489458,489459,1,6
489452,489458,489460,2,6
489452,489458,489460,2,6
489452,489459,489461,2,7
489452,489452,489461,9,0
489452,489459,489461,2,7
489452,489459,489461,2,7
489452,489459,489461,2,7
489452,489452,489462,10,0
489452,489452,489462,10,0
489452,489452,489462,10,0
489452,489452,489463,11,0
489452,489452,489462,10,0
489452,489452,489463,11,0
489452,489452,489463,11,0
489452,489452,489465,13,0
489452,489452,489466,14,0
489452,489452,489467,15,0
489452,489452,489467,15,0
489452,489452,489466,14,0
489452,489452,489466,14,0
489477,489477,489478,1,0
489477,489477,489478,1,0
489477,489477,489478,1,0
489477,489477,489478,1,0
489477,489477,489478,1,0
489477,489477,489480,3,0
489477,489479,489480,1,2
489477,489478,489479,1,1
489477,489479,489480,1,2
489477,489478,489480,2,1
489477,489479,489480,1,2
489477,489480,489481,1,3
489477,489480,489481,1,3
489477,489477,489481,4,0
489477,489480,489481,1,3
489477,489477,489482,5,0
489477,489480,489481,1,3
489477,489480,489481,1,3
489477,489477,489482,5,0
489477,489477,489483,6,0
489477,489477,489483,6,0
489477,489477,489482,5,0
489477,489477,489483,6,0
489477,489477,489483,6,0
489477,489481,489483,2,4
489477,489477,489483,6,0
489477,489481,489482,1,4
489477,489481,489482,1,4
489477,489477,489483,6,0
489477,489477,489484,7,0
489477,489477,489484,7,0
489477,489477,489484,7,0
489477,489477,489484,7,0
489477,489482,489483,1,5
489477,489483,489484,1,6
489477,489482,489484,2,5
489477,489482,489483,1,5
489477,489477,489483,6,0
489477,489477,489483,6,0
489477,489477,489484,7,0
489477,489482,489483,1,5
489477,489483,489484,1,6
489477,489477,489484,7,0
489477,489477,489485,8,0
489477,489477,489485,8,0
489477,489482,489485,3,5
489477,489483,489485,2,6
489477,489477,489484,7,0
489477,489483,489484,1,6
489477,489483,489484,1,6
489477,489483,489485,2,6
489477,489477,489484,7,0
489477,489484,489485,1,7
489477,489484,489485,1,7
489477,489484,489485,1,7
489477,489477,489485,8,0
489477,489483,489485,2,6
489477,489477,489486,9,0
489477,489483,489485,2,6
489477,489484,489486,2,7
489477,489484,489486,2,7
489477,489483,489486,3,6
489477,489483,489485,2,6
489477,489484,489486,2,7
489477,489477,489486,9,0
489477,489477,489485,8,0
489477,489484,489485,1,7
489477,489477,489487,10,0
489477,489477,489487,10,0
489477,489477,489487,10,0
489477,489477,489487,10,0
489477,489477,489488,11,0
489477,489477,489489,12,0
489477,489477,489488,11,0
489477,489477,489489,12,0
489477,489477,489489,12,0
489477,489477,489489,12,0
489477,489477,489491,14,0
489477,489477,489490,13,0
489501,489501,489502,1,0
489501,489501,489502,1,0
489501,489501,489502,1,0
489501,489501,489503,2,0
489501,489501,489502,1,0
489501,489501,489502,1,0
489501,489502,489504,2,1
489501,489503,489504,1,2
489501,489501,489505,4,0
489501,489501,489505,4,0
489501,489504,489505,1,3
489501,489503,489505,2,2
489501,489503,489504,1,2
489501,489502,489504,2,1
489501,489501,489505,4,0
489501,489501,489506,5,0
489501,489504,489505,1,3
489501,489501,489506,5,0
489501,489501,489506,5,0
489501,489503,489506,3,2
489501,489501,489507,6,0
489501,489501,489507,6,0
489501,489501,489507,6,0
489501,489505,489506,1,4
489501,489501,489506,5,0
489501,489501,489507,6,0
489501,489505,489507,2,4
489501,489501,489507,6,0
489501,489505,489507,2,4
489501,489506,489507,1,5
489501,489505,489507,2,4
489501,489506,489507,1,5
489501,489501,489508,7,0
489501,489501,489508,7,0
489501,489505,489507,2,4
489501,489501,489507,6,0
489501,489506,489508,2,5
489501,489501,489508,7,0
489501,489501,489508,7,0
489501,489501,489507,6,0
489501,489507,489508,1,6
489501,489506,489507,1,5
489501,489507,489508,1,6
489501,489507,489508,1,6
489501,489501,489508,7,0
489501,489506,489508,2,5
489501,489501,489509,8,0
489501,489507,489509,2,6
489501,489507,489509,2,6
489501,489501,489509,8,0
489501,489506,489509,3,5
489501,489501,489508,7,0
489501,489507,489509,2,6
489501,489501,489509,8,0
489501,489507,489508,1,6
489501,489507,489509,2,6
489501,489507,489508,1,6
489501,489507,489509,2,6
489501,489507,489508,1,6
489501,489507,489508,1,6
489501,489501,489509,8,0
489501,489508,489510,2,7
489501,489508,489510,2,7
489501,489508,489510,2,7
489501,489501,489510,9,0
489501,489505,489509,4,4
489501,489501,489510,9,0
489501,489501,489510,9,0
489501,489501,489510,9,0
489501,489501,489510,9,0
489501,489501,489510,9,0
489501,489501,489510,9,0
489501,489501,489511,10,0
489501,489501,489512,11,0
489501,489501,489512,11,0
489501,489501,489513,12,0
489501,489501,489513,12,0
489501,489501,489515,14,0
489501,489501,489515,14,0
489527,489527,489528,1,0
489527,489527,489528,1,0
489527,489527,489528,1,0
489527,489527,489528,1,0
489527,489527,489529,2,0
489527,489527,489528,1,0
489527,489529,489530,1,2
489527,489528,489530,2,1
489527,489529,489530,1,2
489527,489529,489530,1,2
489527,489529,489530,1,2
489527,489529,489531,2,2
489527,489527,489532,5,0
489527,489527,489533,6,0
489527,489527,489533,6,0
489527,489527,489533,6,0
489527,489531,489533,2,4
489527,489531,489533,2,4
489527,489527,489533,6,0
489527,489531,489532,1,4
489527,489527,489533,6,0
489527,489527,489533,6,0
489527,489531,489532,1,4
489527,489531,489533,2,4
489527,489531,489533,2,4
489527,489527,489534,7,0
489527,489527,489533,6,0
489527,489527,489534,7,0
489527,489527,489534,7,0
489527,489527,489534,7,0
489527,489527,489534,7,0
489527,489532,489533,1,5
489527,489527,489534,7,0
489527,489527,489534,7,0
489527,489527,489534,7,0
489527,489527,489534,7,0
489527,489527,489533,6,0
489527,489527,489533,6,0
489527,489533,489534,1,6
489527,489527,489533,6,0
489527,489527,489534,7,0
489527,489527,489534,7,0
489527,489527,489535,8,0
489527,489527,489535,8,0
489527,489527,489534,7,0
489527,489533,489534,1,6
489527,489533,489534,1,6
489527,489533,489535,2,6
489527,489533,489534,1,6
489527,489527,489535,8,0
489527,489533,489534,1,6
489527,489533,489534,1,6
489527,489533,489534,1,6
489527,489534,489535,1,7
489527,489534,489535,1,7
489527,489534,489535,1,7
489527,489533,489535,2,6
489527,489534,489535,1,7
489527,489534,489535,1,7
489527,489527,489535,8,0
489527,489527,489536,9,0
489527,489527,489536,9,0
489527,489527,489535,8,0
489527,489527,489535,8,0
489527,489534,489536,2,7
489527,489527,489535,8,0
489527,489534,489536,2,7
489527,489527,489535,8,0
489527,489533,489535,2,6
489527,489527,489536,9,0
489527,489533,489536,3,6
489527,489533,489536,3,6
489527,489534,489535,1,7
489527,489534,489536,2,7
489527,489534,489537,3,7
489527,489527,489538,11,0
489527,489527,489538,11,0
489527,489527,489539,12,0
489527,489527,489541,14,0
489553,489553,489554,1,0
489553,489553,489554,1,0
489553,489553,489554,1,0
489553,489553,489554,1,0
489553,489553,489554,1,0
489553,489553,489555,2,0
489553,489555,489556,1,2
489553,489555,489556,1,2
489553,489555,489556,1,2
489553,489555,489557,2,2
489553,489556,489557,1,3
489553,489556,489557,1,3
489553,489555,489557,2,2
489553,489557,489558,1,4
489553,489557,489558,1,4
489553,489553,489558,5,0
489553,489553,489559,6,0
489553,489553,489558,5,0
489553,489553,489559,6,0
489553,489558,489559,1,5
489553,489557,489558,1,4
489553,489557,489559,2,4
489553,489557,489558,1,4
489553,489553,489558,5,0
489553,489553,489559,6,0
489553,489553,489559,6,0
489553,489553,489560,7,0
489553,489558,489559,1,5
489553,489553,489560,7,0
489553,489553,489559,6,0
489553,489553,489560,7,0
489553,489553,489559,6,0
489553,489553,489560,7,0
489553,489558,489559,1,5
489553,489559,489560,1,6
489553,489553,489561,8,0
489553,489553,489560,7,0
489553,489553,489560,7,0
489553,489553,489561,8,0
489553,489553,489560,7,0
489553,489559,489561,2,6
489553,489553,489560,7,0
489553,489559,489561,2,6
489553,489559,489560,1,6
489553,489559,489561,2,6
489553,489553,489560,7,0
489553,489553,489560,7,0
489553,489559,489561,2,6
489553,489560,489561,1,7
489553,489560,489561,1,7
489553,489559,489560,1,6
489553,489559,489560,1,6
489553,489560,489561,1,7
489553,489560,489561,1,7
489553,489553,489562,9,0
489553,489553,489561,8,0
489553,489559,489562,3,6
489553,489560,489561,1,7
489553,489560,489562,2,7
489553,489560,489561,1,7
489553,489560,489562,2,7
489553,489560,489561,1,7
489553,489560,489561,1,7
489553,489560,489561,1,7
489553,489553,489562,9,0
489553,489553,489562,9,0
489553,489553,489562,9,0
489553,489553,489563,10,0
489553,489553,489563,10,0
489553,489553,489563,10,0
489553,489553,489564,11,0
489553,489553,489563,10,0
489553,489553,489565,12,0
489553,489553,489564,11,0
489553,489553,489565,12,0
489553,489553,489565,12,0
489553,489553,489567,14,0
489553,489553,489567,14,0
489553,489553,489568,15,0
489580,489580,489581,1,0
489580,489580,489581,1,0
489580,489580,489581,1,0
489580,489580,489581,1,0
489580,489580,489581,1,0
489580,489580,489582,2,0
489580,489582,489583,1,2
489580,489582,489583,1,2
489580,489582,489583,1,2
489580,489582,489584,2,2
489580,489582,489585,3,2
489580,489583,489584,1,3
489580,489583,489585,2,3
489580,489583,489585,2,3
489580,489580,489586,6,0
489580,489580,489585,5,0
489580,489580,489585,5,0
489580,489584,489586,2,4
489580,489584,489586,2,4
489580,489580,489587,7,0
489580,489580,489587,7,0
489580,489580,489587,7,0
489580,489580,489587,7,0
489580,489580,489586,6,0
489580,489580,489587,7,0
489580,489580,489587,7,0
489580,489585,489587,2,5
489580,489580,489586,6,0
489580,489580,489586,6,0
489580,489580,489587,7,0
489580,489585,489586,1,5
489580,489580,489587,7,0
489580,489585,489586,1,5
489580,489586,489587,1,6
489580,489580,489587,7,0
489580,489580,489587,7,0
489580,489585,489587,2,5
489580,489587,489588,1,7
489580,489580,489587,7,0
489580,489580,489588,8,0
489580,489580,489588,8,0
489580,489586,489587,1,6
489580,489586,489587,1,6
489580,489587,489588,1,7
489580,489580,489587,7,0
489580,489587,489588,1,7
489580,489580,489587,7,0
489580,489587,489588,1,7
489580,489580,489589,9,0
489580,489580,489588,8,0
489580,489580,489588,8,0
489580,489580,489589,9,0
489580,489586,489588,2,6
489580,489586,489588,2,6
489580,489587,489589,2,7
489580,489587,489588,1,7
489580,489587,489588,1,7
489580,489587,489588,1,7
489580,489587,489588,1,7
489580,489587,489588,1,7
489580,489587,489588,1,7
489580,489587,489588,1,7
489580,489587,489588,1,7
489580,489580,489589,9,0
489580,489588,489590,2,8
489580,489580,489590,10,0
489580,489587,489590,3,7
489580,489580,489590,10,0
489580,489580,489591,11,0
489580,489580,489591,11,0
489580,489587,489591,4,7
489580,489580,489590,10,0
489580,489580,489592,12,0
489580,489580,489591,11,0
489580,489580,489592,12,0
489580,489580,489592,12,0
489580,489580,489593,13,0
489580,489580,489593,13,0
489580,489580,489597,17,0
489608,489608,489609,1,0
489608,489608,489609,1,0
489608,489608,489610,2,0
489608,489608,489609,1,0
489608,489608,489609,1,0
489608,489609,489611,2,1
489608,489609,489610,1,1
489608,489610,489612,2,2
489608,489610,489612,2,2
489608,489610,489611,1,2
489608,489608,489612,4,0
489608,489611,489613,2,3
489608,489611,489613,2,3
489608,489612,489614,2,4
489608,489608,489614,6,0
489608,489608,489614,6,0
489608,489612,489614,2,4
489608,489608,489614,6,0
489608,489612,489614,2,4
489608,489608,489614,6,0
489608,489612,489614,2,4
489608,489608,489615,7,0
489608,489608,489615,7,0
489608,489608,489615,7,0
489608,489608,489615,7,0
489608,489608,489614,6,0
489608,489613,489615,2,5
489608,489608,489614,6,0
489608,489608,489615,7,0
489608,489615,489616,1,7
489608,489608,489616,8,0
489608,489614,489615,1,6
489608,489608,489616,8,0
489608,489608,489616,8,0
489608,489608,489616,8,0
489608,489614,489616,2,6
489608,489608,489616,8,0
489608,489614,489616,2,6
489608,489608,489616,8,0
489608,489608,489616,8,0
489608,489615,489616,1,7
489608,489615,489616,1,7
489608,489616,489617,1,8
489608,489616,489617,1,8
489608,489616,489617,1,8
489608,489616,489617,1,8
489608,489608,489617,9,0
489608,489608,489617,9,0
489608,489608,489617,9,0
489608,489608,489617,9,0
489608,489608,489617,9,0
489608,489608,489617,9,0
489608,489608,489617,9,0
489608,489608,489617,9,0
489608,489608,489617,9,0
489608,489615,489617,2,7
489608,489616,489617,1,8
489608,489616,489617,1,8
489608,489616,489617,1,8
489608,489616,489617,1,8
489608,489608,489618,10,0
489608,489608,489618,10,0
489608,489615,489618,3,7
489608,489615,489618,3,7
489608,489608,489618,10,0
489608,489608,489619,11,0
489608,489608,489619,11,0
489608,489608,489620,12,0
489608,489608,489620,12,0
489608,489608,489620,12,0
489608,489608,489621,13,0
489608,489608,489622,14,0
489608,489608,489622,14,0
489634,489634,489635,1,0
489634,489634,489635,1,0
489634,489634,489635,1,0
489634,489634,489635,1,0
489634,489634,489635,1,0
489634,489634,489635,1,0
489634,489636,489638,2,2
489634,489636,489637,1,2
489634,489636,489637,1,2
489634,489636,489638,2,2
489634,489636,489637,1,2
489634,489634,489638,4,0
489634,489636,489639,3,2
489634,489634,489639,5,0
489634,489638,489640,2,4
489634,489638,489640,2,4
489634,489638,489640,2,4
489634,489634,489641,7,0
489634,489634,489641,7,0
489634,489634,489641,7,0
489634,489638,489641,3,4
489634,489634,489640,6,0
489634,489638,489640,2,4
489634,489639,489641,2,5
489634,489634,489640,6,0
489634,489634,489640,6,0
489634,489634,489640,6,0
489634,489640,489641,1,6
489634,489634,489642,8,0
489634,489634,489641,7,0
489634,489634,489641,7,0
489634,489634,489641,7,0
489634,489634,489641,7,0
489634,489641,489642,1,7
489634,489634,489641,7,0
489634,489634,489641,7,0
489634,489639,489641,2,5
489634,489634,489642,8,0
489634,489634,489641,7,0
489634,489640,489641,1,6
489634,489641,489642,1,7
489634,489640,489641,1,6
489634,489641,489642,1,7
489634,489641,489642,1,7
489634,489634,489643,9,0
489634,489634,489642,8,0
489634,489634,489643,9,0
489634,489639,489643,4,5
489634,489634,489643,9,0
489634,489634,489643,9,0
489634,489641,489643,2,7
489634,489641,489643,2,7
489634,489642,489643,1,8
489634,489641,489642,1,7
489634,489641,489643,2,7
489634,489641,489642,1,7
489634,489634,489643,9,0
489634,489641,489642,1,7
489634,489634,489644,10,0
489634,489641,489643,2,7
489634,489634,489644,10,0
489634,489642,489644,2,8
489634,489642,489643,1,8
489634,489642,489644,2,8
489634,489642,489643,1,8
489634,489634,489644,10,0
489634,489634,489645,11,0
489634,489634,489645,11,0
489634,489634,489644,10,0
489634,489642,489644,2,8
489634,489642,489645,3,8
489634,489634,489645,11,0
489634,489634,489645,11,0
489634,489634,489646,12,0
489634,489634,489647,13,0
489634,489634,489647,13,0
489634,489634,489647,13,0
489634,489634,489648,14,0
489634,489634,489647,13,0
489659,489659,489660,1,0
489659,489659,489660,1,0
489659,489659,489660,1,0
489659,489659,489661,2,0
489659,489659,489661,2,0
489659,489661,489662,1,2
489659,489661,489662,1,2
489659,489662,489663,1,3
489659,489659,489663,4,0
489659,489662,489663,1,3
489659,489660,489664,4,1
489659,489663,489664,1,4
489659,489663,489664,1,4
489659,489660,489665,5,1
489659,489664,489665,1,5
489659,489664,489665,1,5
489659,489659,489665,6,0
489659,489659,489665,6,0
489659,489663,489665,2,4
489659,489664,489665,1,5
489659,489659,489666,7,0
489659,489659,489666,7,0
489659,489659,489666,7,0
489659,489659,489666,7,0
489659,489659,489667,8,0
489659,489659,489666,7,0
489659,489665,489666,1,6
489659,489659,489666,7,0
489659,489665,489666,1,6
489659,489659,489667,8,0
489659,489660,489667,7,1
489659,489665,489667,2,6
489659,489659,489667,8,0
489659,489659,489667,8,0
489659,489666,489667,1,7
489659,489659,489667,8,0
489659,489659,489667,8,0
489659,489659,489667,8,0
489659,489666,489667,1,7
489659,489659,489667,8,0
489659,489659,489667,8,0
489659,489666,489667,1,7
489659,489666,489667,1,7
489659,489659,489667,8,0
489659,489666,489667,1,7
489659,489666,489667,1,7
489659,489659,489668,9,0
489659,489666,489669,3,7
489659,489659,489668,9,0
489659,489659,489668,9,0
489659,489659,489668,9,0
489659,489667,489668,1,8
489659,489667,489668,1,8
489659,489667,489668,1,8
489659,489667,489668,1,8
489659,489667,489668,1,8
489659,489659,489668,9,0
489659,489667,489668,1,8
489659,489667,489668,1,8
489659,489660,489669,9,1
489659,489660,489669,9,1
489659,489668,489669,1,9
489659,489667,489669,2,8
489659,489668,489669,1,9
489659,489659,489669,10,0
489659,489659,489669,10,0
489659,489668,489670,2,9
489659,489659,489670,11,0
489659,489659,489670,11,0
489659,489659,489671,12,0
489659,489668,489670,2,9
489659,489668,489670,2,9
489659,489659,489671,12,0
489659,489659,489670,11,0
489659,489659,489670,11,0
489659,489667,489670,3,8
489659,489659,489671,12,0
489659,489659,489672,13,0
489684,489684,489685,1,0
489684,489684,489685,1,0
489684,489684,489685,1,0
489684,489684,489685,1,0
489684,489685,489686,1,1
489684,489685,489686,1,1
489684,489684,489687,3,0
489684,489685,489686,1,1
489684,489684,489688,4,0
489684,489686,489687,1,2
489684,489684,489687,3,0
489684,489686,489687,1,2
489684,489684,489688,4,0
489684,489684,489688,4,0
489684,489684,489688,4,0
489684,489684,489689,5,0
489684,489687,489688,1,3
489684,489687,489688,1,3
489684,489684,489688,4,0
489684,489687,489688,1,3
489684,489684,489689,5,0
489684,489684,489689,5,0
489684,489684,489690,6,0
489684,489688,489689,1,4
489684,489687,489689,2,3
489684,489688,489689,1,4
489684,489684,489689,5,0
489684,489684,489689,5,0
489684,489684,489691,7,0
489684,489684,489690,6,0
489684,489684,489690,6,0
489684,489689,489690,1,5
489684,489684,489690,6,0
489684,489684,489690,6,0
489684,489684,489690,6,0
489684,489684,489690,6,0
489684,489684,489690,6,0
489684,489684,489690,6,0
489684,489684,489690,6,0
489684,489689,489690,1,5
489684,489684,489690,6,0
489684,489684,489690,6,0
489684,489684,489690,6,0
489684,489689,489690,1,5
489684,489684,489691,7,0
489684,489688,489691,3,4
489684,489684,489691,7,0
489684,489684,489691,7,0
489684,489689,489692,3,5
489684,489689,489692,3,5
489684,489684,489691,7,0
489684,489689,489691,2,5
489684,489689,489692,3,5
489684,489684,489691,7,0
489684,489690,489691,1,6
489684,489690,489691,1,6
489684,489690,489692,2,6
489684,489690,489692,2,6
489684,489690,489691,1,6
489684,489690,489691,1,6
489684,489690,489692,2,6
489684,489684,489692,8,0
489684,489691,489693,2,7
489684,489688,489692,4,4
489684,489691,489692,1,7
489684,489691,489692,1,7
489684,489691,489692,1,7
489684,489690,489692,2,6
489684,489691,489692,1,7
489684,489684,489693,9,0
489684,489684,489693,9,0
489684,489689,489693,4,5
489684,489684,489693,9,0
489684,489684,489693,9,0
489684,489684,489694,10,0
489684,489691,489694,3,7
489684,489684,489694,10,0
489684,489684,489695,11,0
489707,489707,489708,1,0
489707,489707,489708,1,0
489707,489707,489708,1,0
489707,489707,489708,1,0
489707,489707,489708,1,0
489707,489707,489708,1,0
489707,489708,489709,1,1
489707,489708,489709,1,1
489707,489709,489711,2,2
489707,489707,489710,3,0
489707,489707,489711,4,0
489707,489707,489711,4,0
489707,489707,489710,3,0
489707,489707,489710,3,0
489707,489709,489710,1,2
489707,489708,489710,2,1
489707,489707,489711,4,0
489707,489710,489711,1,3
489707,489709,489710,1,2
489707,489707,489712,5,0
489707,489707,489711,4,0
489707,489707,489712,5,0
489707,489707,489711,4,0
489707,489707,489712,5,0
489707,489707,489711,4,0
489707,489707,489712,5,0
489707,489707,489711,4,0
489707,489707,489712,5,0
489707,489710,489712,2,3
489707,489707,489712,5,0
489707,489711,489713,2,4
489707,489707,489713,6,0
489707,489707,489713,6,0
489707,489711,489713,2,4
489707,489707,489713,6,0
489707,489711,489713,2,4
489707,489711,489712,1,4
489707,489707,489713,6,0
489707,489711,489713,2,4
489707,489707,489712,5,0
489707,489711,489712,1,4
489707,489707,489713,6,0
489707,489707,489713,6,0
489707,489707,489713,6,0
489707,489712,489713,1,5
489707,489707,489713,6,0
489707,489711,489714,3,4
489707,489707,489714,7,0
489707,489713,489714,1,6
489707,489713,489714,1,6
489707,489707,489714,7,0
489707,489712,489714,2,5
489707,489713,489714,1,6
489707,489707,489714,7,0
489707,489712,489713,1,5
489707,489707,489714,7,0
489707,489707,489715,8,0
489707,489707,489715,8,0
489707,489711,489715,4,4
489707,489707,489715,8,0
489707,489713,489714,1,6
489707,489711,489714,3,4
489707,489711,489715,4,4
489707,489712,489715,3,5
489707,489712,489715,3,5
489707,489713,489714,1,6
489707,489707,489714,7,0
489707,489712,489715,3,5
489707,489707,489715,8,0
489707,489712,489715,3,5
489707,489713,489715,2,6
489707,489712,489715,3,5
489707,489712,489716,4,5
489707,489712,489716,4,5
489707,489707,489717,10,0
489707,489707,489717,10,0
489707,489711,489716,5,4
489707,489707,489719,12,0
489707,489707,489719,12,0
489731,489731,489732,1,0
489731,489731,489732,1,0
489731,489731,489732,1,0
489731,489731,489732,1,0
489731,489731,489732,1,0
489731,489731,489732,1,0
489731,489731,489734,3,0
489731,489732,489734,2,1
489731,489731,489735,4,0
489731,489733,489735,2,2
489731,489731,489735,4,0
489731,489733,489735,2,2
489731,489733,489735,2,2
489731,489733,489735,2,2
489731,489734,489735,1,3
489731,489733,489735,2,2
489731,489731,489736,5,0
489731,489731,489736,5,0
489731,489731,489735,4,0
489731,489734,489736,2,3
489731,489731,489737,6,0
489731,489731,489737,6,0
489731,489731,489737,6,0
489731,489731,489736,5,0
489731,489731,489737,6,0
489731,489735,489737,2,4
489731,489731,489737,6,0
489731,489731,489737,6,0
489731,489735,489737,2,4
489731,489731,489736,5,0
489731,489735,489737,2,4
489731,489731,489738,7,0
489731,489731,489738,7,0
489731,489731,489738,7,0
489731,489736,489738,2,5
489731,489731,489738,7,0
489731,489735,489737,2,4
489731,489731,489737,6,0
489731,489731,489737,6,0
489731,489731,489737,6,0
489731,489735,489737,2,4
489731,489735,489737,2,4
489731,489731,489738,7,0
489731,489735,489737,2,4
489731,489731,489739,8,0
489731,489731,489739,8,0
489731,489731,489738,7,0
489731,489736,489739,3,5
489731,489731,489739,8,0
489731,489736,489739,3,5
489731,489737,489739,2,6
489731,489737,489739,2,6
489731,489737,489738,1,6
489731,489737,489739,2,6
489731,489737,489738,1,6
489731,489731,489738,7,0
489731,489737,489739,2,6
489731,489737,489738,1,6
489731,489731,489738,7,0
489731,489737,489738,1,6
489731,489731,489739,8,0
489731,489731,489740,9,0
489731,489738,489740,2,7
489731,489731,489740,9,0
489731,489737,489740,3,6
489731,489731,489740,9,0
489731,489738,489740,2,7
489731,489738,489739,1,7
489731,489738,489739,1,7
489731,489731,489740,9,0
489731,489737,489741,4,6
489731,489737,489740,3,6
489731,489731,489741,10,0
489731,489736,489741,5,5
489731,489731,489740,9,0
489731,489736,489740,4,5
489731,489731,489741,10,0
489731,489731,489742,11,0
489731,489731,489745,14,0
489757,489757,489758,1,0
489757,489757,489759,2,0
489757,489757,489759,2,0
489757,489757,489759,2,0
489757,489757,489759,2,0
489757,489757,489759,2,0
489757,489757,489760,3,0
489757,489759,489760,1,2
489757,489760,489761,1,3
489757,489757,489761,4,0
489757,489760,489761,1,3
489757,489760,489761,1,3
489757,489757,489761,4,0
489757,489760,489761,1,3
489757,489760,489761,1,3
489757,489757,489762,5,0
489757,489757,489762,5,0
489757,489757,489762,5,0
489757,489757,489762,5,0
489757,489761,489762,1,4
489757,489757,489763,6,0
489757,489757,489763,6,0
489757,489757,489763,6,0
489757,489757,489763,6,0
489757,489757,489763,6,0
489757,489762,489763,1,5
489757,489757,489763,6,0
489757,489757,489763,6,0
489757,489762,489763,1,5
489757,489757,489763,6,0
489757,489762,489763,1,5
489757,489762,489763,1,5
489757,489757,489763,6,0
489757,489757,489763,6,0
489757,489762,489763,1,5
489757,489758,489764,6,1
489757,489761,489764,3,4
489757,489757,489764,7,0
489757,489757,489764,7,0
489757,489764,489765,1,7
489757,489757,489764,7,0
489757,489763,489764,1,6
489757,489762,489764,2,5
489757,489763,489764,1,6
489757,489764,489765,1,7
489757,489757,489764,7,0
489757,489764,489765,1,7
489757,489764,489765,1,7
489757,489764,489765,1,7
489757,489757,489764,7,0
489757,489757,489764,7,0
489757,489763,489764,1,6
489757,489764,489765,1,7
489757,489757,489765,8,0
489757,489757,489765,8,0
489757,489757,489765,8,0
489757,489757,489765,8,0
489757,489757,489765,8,0
489757,489762,489765,3,5
489757,489764,489765,1,7
489757,489764,489765,1,7
489757,489764,489765,1,7
489757,489764,489765,1,7
489757,489764,489765,1,7
489757,489757,489766,9,0
489757,489763,489766,3,6
489757,489764,489766,2,7
489757,489764,489766,2,7
489757,489757,489766,9,0
489757,489763,489766,3,6
489757,489764,489766,2,7
489757,489757,489766,9,0
489757,489764,489766,2,7
489757,489757,489767,10,0
489757,489757,489767,10,0
489757,489757,489767,10,0
489757,489757,489768,11,0
489757,489757,489771,14,0
489757,489757,489773,16,0
489784,489784,489785,1,0
489784,489784,489785,1,0
489784,489784,489785,1,0
489784,489784,489785,1,0
489784,489784,489785,1,0
489784,489784,489786,2,0
489784,489786,489787,1,2
489784,489785,489787,2,1
489784,489785,489787,2,1
489784,489785,489787,2,1
489784,489784,489788,4,0
489784,489784,489788,4,0
489784,489786,489788,2,2
489784,489784,489788,4,0
489784,489786,489788,2,2
489784,489787,489788,1,3
489784,489784,489788,4,0
489784,489784,489789,5,0
489784,489784,489788,4,0
489784,489787,489789,2,3
489784,489784,489789,5,0
489784,489788,489789,1,4
489784,489784,489789,5,0
489784,489787,489789,2,3
489784,489787,489788,1,3
489784,489784,489789,5,0
489784,489784,489789,5,0
489784,489788,489789,1,4
489784,489784,489789,5,0
489784,489784,489790,6,0
489784,489784,489789,5,0
489784,489784,489790,6,0
489784,489784,489790,6,0
489784,489784,489790,6,0
489784,489788,489790,2,4
489784,489784,489790,6,0
489784,489784,489790,6,0
489784,489784,489790,6,0
489784,489788,489790,2,4
489784,489789,489790,1,5
489784,489784,489790,6,0
489784,489788,489789,1,4
489784,489788,489790,2,4
489784,489784,489791,7,0
489784,489784,489791,7,0
489784,489784,489791,7,0
489784,489784,489791,7,0
489784,489789,489791,2,5
489784,489789,489791,2,5
489784,489784,489791,7,0
489784,489789,489791,2,5
489784,489790,489791,1,6
489784,489789,489791,2,5
489784,489784,489791,7,0
489784,489789,489791,2,5
489784,489790,489791,1,6
489784,489784,489792,8,0
489784,489790,489792,2,6
489784,489789,489792,3,5
489784,489789,489791,2,5
489784,489790,489792,2,6
489784,489790,489792,2,6
489784,489789,489792,3,5
489784,489790,489792,2,6
489784,489784,489792,8,0
489784,489790,489792,2,6
489784,489784,489793,9,0
489784,489784,489793,9,0
489784,489790,489792,2,6
489784,489784,489794,10,0
489784,489784,489795,11,0
489784,489784,489795,11,0
489784,489784,489796,12,0
489784,489784,489796,12,0
489784,489784,489796,12,0
489784,489784,489796,12,0
489784,489784,489795,11,0
489807,489807,489808,1,0
489807,489807,489808,1,0
489807,489807,489808,1,0
489807,489807,489809,2,0
489807,489807,489809,2,0
489807,489807,489809,2,0
489807,489808,489810,2,1
489807,489807,489810,3,0
489807,489807,489810,3,0
489807,489808,489810,2,1
489807,489809,489810,1,2
489807,489807,489811,4,0
489807,489807,489811,4,0
489807,489807,489811,4,0
489807,489807,489811,4,0
489807,489807,489811,4,0
489807,489807,489811,4,0
489807,489809,489811,2,2
489807,489809,489811,2,2
489807,489807,489811,4,0
489807,489807,489811,4,0
489807,489807,489812,5,0
489807,489807,489812,5,0
489807,489807,489812,5,0
489807,489807,489812,5,0
489807,489807,489812,5,0
489807,489807,489812,5,0
489807,489807,489812,5,0
489807,489809,489812,3,2
489807,489811,489812,1,4
489807,489811,489812,1,4
489807,489807,489812,5,0
489807,489807,489812,5,0
489807,489811,489812,1,4
489807,489812,489813,1,5
489807,489807,489813,6,0
489807,489807,489813,6,0
489807,489810,489813,3,3
489807,489807,489813,6,0
489807,489807,489813,6,0
489807,489807,489813,6,0
489807,489812,489813,1,5
489807,489812,489813,1,5
489807,489807,489813,6,0
489807,489811,489813,2,4
489807,489807,489813,6,0
489807,489813,489814,1,6
489807,489807,489814,7,0
489807,489811,489814,3,4
489807,489812,489814,2,5
489807,489807,489814,7,0
489807,489812,489814,2,5
489807,489813,489814,1,6
489807,489807,489814,7,0
489807,489807,489814,7,0
489807,489812,489814,2,5
489807,489812,489814,2,5
489807,489813,489814,1,6
489807,489813,489814,1,6
489807,489807,489814,7,0
489807,489813,489814,1,6
489807,489807,489815,8,0
489807,489813,489815,2,6
489807,489807,489815,8,0
489807,489807,489814,7,0
489807,489813,489814,1,6
489807,489813,489814,1,6
489807,489813,489814,1,6
489807,489807,489815,8,0
489807,489807,489815,8,0
489807,489813,489815,2,6
489807,489813,489815,2,6
489807,489813,489815,2,6
489807,489813,489815,2,6
489807,489807,489815,8,0
489807,489812,489815,3,5
489807,489813,489815,2,6
489807,489812,489816,4,5
489807,489807,489817,10,0
489829,489829,489830,1,0
489829,489829,489830,1,0
489829,489829,489830,1,0
489829,489829,489830,1,0
489829,489829,489830,1,0
489829,489829,489832,3,0
489829,489830,489832,2,1
489829,489829,489832,3,0
489829,489830,489831,1,1
489829,489829,489831,2,0
489829,489831,489832,1,2
489829,489831,489832,1,2
489829,489829,489832,3,0
489829,489829,489832,3,0
489829,489831,489832,1,2
489829,489829,489832,3,0
489829,489829,489832,3,0
489829,489829,489833,4,0
489829,489829,489834,5,0
489829,489829,489834,5,0
489829,489829,489833,4,0
489829,489829,489834,5,0
489829,489832,489833,1,3
489829,489829,489834,5,0
489829,489832,489834,2,3
489829,489829,489833,4,0
489829,489833,489834,1,4
489829,489829,489834,5,0
489829,489829,489833,4,0
489829,489829,489833,4,0
489829,489832,489833,1,3
489829,489832,489834,2,3
489829,489829,489833,4,0
489829,489829,489834,5,0
489829,489829,489835,6,0
489829,489829,489834,5,0
489829,489833,489834,1,4
489829,489829,489835,6,0
489829,489829,489835,6,0
489829,489834,489835,1,5
489829,489829,489834,5,0
489829,489832,489835,3,3
489829,489832,489834,2,3
489829,489829,489835,6,0
489829,489834,489836,2,5
489829,489834,489836,2,5
489829,489829,489835,6,0
489829,489835,489836,1,6
489829,489829,489835,6,0
489829,489829,489836,7,0
489829,489834,489835,1,5
489829,489834,489835,1,5
489829,489833,489836,3,4
489829,489829,489835,6,0
489829,489833,489835,2,4
489829,489833,489835,2,4
489829,489829,489836,7,0
489829,489834,489835,1,5
489829,489834,489835,1,5
489829,489829,489835,6,0
489829,489833,489836,3,4
489829,489834,489836,2,5
489829,489834,489835,1,5
489829,489834,489835,1,5
489829,489834,489835,1,5
489829,489834,489837,3,5
489829,489834,489836,2,5
489829,489829,489837,8,0
489829,489829,489836,7,0
489829,489835,489837,2,6
489829,489829,489837,8,0
489829,489834,489836,2,5
489829,489834,489836,2,5
489829,489829,489838,9,0
489829,489834,489837,3,5
489829,489829,489838,9,0
489829,489829,489837,8,0
489829,489829,489838,9,0
489829,489829,489840,11,0
489850,489850,489852,2,0
489850,489850,489852,2,0
489850,489850,489852,2,0
489850,489850,489852,2,0
489850,489850,489852,2,0
489850,489850,489852,2,0
489850,489851,489854,3,1
489850,489853,489854,1,3
489850,489851,489854,3,1
489850,489853,489854,1,3
489850,489851,489854,3,1
489850,489850,489854,4,0
489850,489853,489854,1,3
489850,489853,489854,1,3
489850,489853,489854,1,3
489850,489854,489855,1,4
489850,489851,489855,4,1
489850,489851,489856,5,1
489850,489851,489855,4,1
489850,489854,489855,1,4
489850,489855,489856,1,5
489850,489851,489856,5,1
489850,489850,489856,6,0
489850,489850,489856,6,0
489850,489854,489856,2,4
489850,489851,489856,5,1
489850,489855,489857,2,5
489850,489851,489856,5,1
489850,489851,489857,6,1
489850,489855,489856,1,5
489850,489851,489856,5,1
489850,489855,489856,1,5
489850,489855,489856,1,5
489850,489851,489856,5,1
489850,489855,489856,1,5
489850,489851,489857,6,1
489850,489851,489857,6,1
489850,489851,489857,6,1
489850,489856,489857,1,6
489850,489851,489857,6,1
489850,489851,489857,6,1
489850,489851,489857,6,1
489850,489856,489857,1,6
489850,489856,489857,1,6
489850,489850,489857,7,0
489850,489856,489857,1,6
489850,489856,489857,1,6
489850,489857,489858,1,7
489850,489851,489858,7,1
489850,489857,489859,2,7
489850,489851,489858,7,1
489850,489855,489858,3,5
489850,489857,489858,1,7
489850,489857,489858,1,7
489850,489856,489859,3,6
489850,489857,489858,1,7
489850,489857,489858,1,7
489850,489857,489858,1,7
489850,489857,489858,1,7
489850,489857,489858,1,7
489850,489857,489858,1,7
489850,489857,489858,1,7
489850,489851,489859,8,1
489850,489851,489859,8,1
489850,489851,489859,8,1
489850,489851,489859,8,1
489850,489851,489859,8,1
489850,489857,489859,2,7
489850,489857,489859,2,7
489850,489851,489860,9,1
489850,489851,489860,9,1
489850,489851,489861,10,1
489850,489851,489860,9,1
489850,489851,489861,10,1
489850,489851,489861,10,1
489850,489851,489862,11,1
489850,489851,489862,11,1
489850,489851,489862,11,1
489873,489873,489874,1,0
489873,489873,489874,1,0
489873,489873,489875,2,0
489873,489873,489875,2,0
489873,489873,489874,1,0
489873,489873,489875,2,0
489873,489873,489876,3,0
489873,489874,489876,2,1
489873,489873,489876,3,0
489873,489874,489876,2,1
489873,489873,489877,4,0
489873,489873,489877,4,0
489873,489873,489877,4,0
489873,489875,489876,1,2
489873,489875,489877,2,2
489873,489875,489876,1,2
489873,489873,489878,5,0
489873,489873,489878,5,0
489873,489876,489878,2,3
489873,489876,489878,2,3
489873,489873,489878,5,0
489873,489873,489879,6,0
489873,489873,489879,6,0
489873,489876,489879,3,3
489873,489873,489879,6,0
489873,489873,489879,6,0
489873,489873,489879,6,0
489873,489877,489879,2,4
489873,489877,489879,2,4
489873,489878,489879,1,5
489873,489873,489879,6,0
489873,489877,489879,2,4
489873,489873,489879,6,0
489873,489876,489879,3,3
489873,489873,489879,6,0
489873,489878,489879,1,5
489873,489873,489880,7,0
489873,489873,489880,7,0
489873,489873,489880,7,0
489873,489873,489880,7,0
489873,489873,489880,7,0
489873,489876,489880,4,3
489873,489873,489879,6,0
489873,489879,489880,1,6
489873,489873,489880,7,0
489873,489879,489880,1,6
489873,489878,489880,2,5
489873,489880,489881,1,7
489873,489873,489880,7,0
489873,489878,489880,2,5
489873,489880,489881,1,7
489873,489873,489880,7,0
489873,489878,489880,2,5
489873,489873,489881,8,0
489873,489877,489881,4,4
489873,489877,489881,4,4
489873,489879,489881,2,6
489873,489879,489881,2,6
489873,489879,489881,2,6
489873,489880,489881,1,7
489873,489880,489881,1,7
489873,489880,489881,1,7
489873,489873,489882,9,0
489873,489877,489882,5,4
489873,489879,489881,2,6
489873,489873,489882,9,0
489873,489873,489882,9,0
489873,489873,489881,8,0
489873,489873,489882,9,0
489873,489879,489882,3,6
489873,489879,489882,3,6
489873,489873,489883,10,0
489873,489873,489883,10,0
489873,489873,489883,10,0
489873,489873,489883,10,0
489873,489873,489883,10,0
489873,489873,489883,10,0
489873,489873,489883,10,0
489894,489894,489895,1,0
489894,489894,489895,1,0
489894,489894,489895,1,0
489894,489894,489896,2,0
489894,489894,489896,2,0
489894,489895,489897,2,1
489894,489896,489897,1,2
489894,489894,489897,3,0
489894,489896,489897,1,2
489894,489896,489897,1,2
489894,489895,489898,3,1
489894,489895,489898,3,1
489894,489895,489898,3,1
489894,489897,489898,1,3
489894,489895,489898,3,1
489894,489895,489898,3,1
489894,489895,489898,3,1
489894,489898,489899,1,4
489894,489897,489898,1,3
489894,489894,489899,5,0
489894,489894,489899,5,0
489894,489894,489899,5,0
489894,489898,489899,1,4
489894,489899,489900,1,5
489894,489898,489899,1,4
489894,489899,489900,1,5
489894,489898,489900,2,4
489894,489894,489900,6,0
489894,489899,489901,2,5
489894,489894,489900,6,0
489894,489898,489900,2,4
489894,489900,489901,1,6
489894,489895,489901,6,1
489894,489894,489900,6,0
489894,489900,489901,1,6
489894,489899,489901,2,5
489894,489900,489901,1,6
489894,489894,489901,7,0
489894,489899,489901,2,5
489894,489899,489901,2,5
489894,489899,489901,2,5
489894,489900,489902,2,6
489894,489894,489901,7,0
489894,489899,489901,2,5
489894,489894,489901,7,0
489894,489900,489901,1,6
489894,489894,489901,7,0
489894,489900,489901,1,6
489894,489900,489901,1,6
489894,489894,489902,8,0
489894,489901,489902,1,7
489894,489895,489902,7,1
489894,489901,489903,2,7
489894,489895,489902,7,1
489894,489895,489902,7,1
489894,489895,489902,7,1
489894,489895,489902,7,1
489894,489901,489902,1,7
489894,489901,489903,2,7
489894,489894,489902,8,0
489894,489894,489902,8,0
489894,489901,489902,1,7
489894,489901,489902,1,7
489894,489894,489902,8,0
489894,489901,489902,1,7
489894,489901,489902,1,7
489894,489901,489902,1,7
489894,489894,489903,9,0
489894,489899,489903,4,5
489894,489894,489903,9,0
489894,489894,489903,9,0
489894,489894,489903,9,0
489894,489894,489904,10,0
489894,489894,489904,10,0
489894,489894,489904,10,0
489894,489894,489905,11,0
489894,489894,489905,11,0
489894,489894,489906,12,0
489894,489894,489905,11,0
489917,489917,489918,1,0
489917,489917,489918,1,0
489917,489917,489918,1,0
489917,489917,489918,1,0
489917,489917,489918,1,0
489917,489917,489920,3,0
489917,489918,489919,1,1
489917,489917,489919,2,0
489917,489918,489919,1,1
489917,489918,489920,2,1
489917,489917,489920,3,0
489917,489917,489920,3,0
489917,489917,489920,3,0
489917,489917,489920,3,0
489917,489917,489920,3,0
489917,489919,489920,1,2
489917,489917,489920,3,0
489917,489919,489920,1,2
489917,489920,489921,1,3
489917,489920,489921,1,3
489917,489921,489922,1,4
489917,489917,489921,4,0
489917,489917,489921,4,0
489917,489920,489921,1,3
489917,489917,489921,4,0
489917,489920,489921,1,3
489917,489921,489922,1,4
489917,489917,489922,5,0
489917,489920,489922,2,3
489917,489922,489923,1,5
489917,489917,489922,5,0
489917,489921,489922,1,4
489917,489917,489922,5,0
489917,489917,489923,6,0
489917,489922,489923,1,5
489917,489917,489923,6,0
489917,489917,489923,6,0
489917,489921,489923,2,4
489917,489921,489924,3,4
489917,489921,489923,2,4
489917,489917,489924,7,0
489917,489923,489924,1,6
489917,489921,489924,3,4
489917,489917,489923,6,0
489917,489922,489923,1,5
489917,489923,489924,1,6
489917,489921,489923,2,4
489917,489922,489923,1,5
489917,489917,489924,7,0
489917,489922,489923,1,5
489917,489922,489923,1,5
489917,489923,489924,1,6
489917,489923,489925,2,6
489917,489923,489924,1,6
489917,489917,489924,7,0
489917,489917,489925,8,0
489917,489917,489925,8,0
489917,489922,489925,3,5
489917,489917,489924,7,0
489917,489921,489924,3,4
489917,489922,489924,2,5
489917,489923,489924,1,6
489917,489923,489924,1,6
489917,489923,489924,1,6
489917,489917,489925,8,0
489917,489917,489926,9,0
489917,489917,489925,8,0
489917,489917,489926,9,0
489917,489917,489926,9,0
489917,489917,489925,8,0
489917,489917,489926,9,0
489917,489917,489926,9,0
489917,489917,489928,11,0
489917,489917,489929,12,0
489917,489917,489929,12,0
489917,489917,489928,11,0
489917,489917,489928,11,0
489917,489917,489929,12,0
489917,489917,489929,12,0
489941,489942,489943,1,1
489941,489942,489943,1,1
489941,489941,489943,2,0
489941,489942,489943,1,1
489941,489942,489943,1,1
489941,489942,489943,1,1
489941,489943,489944,1,2
489941,489942,489945,3,1
489941,489942,489945,3,1
489941,489942,489945,3,1
489941,489942,489945,3,1
489941,489942,489945,3,1
489941,489944,489945,1,3
489941,489942,489945,3,1
489941,489944,489945,1,3
489941,489944,489945,1,3
489941,489944,489945,1,3
489941,489944,489945,1,3
489941,489942,489947,5,1
489941,489942,489946,4,1
489941,489945,489946,1,4
489941,489942,489946,4,1
489941,489942,489946,4,1
489941,489946,489947,1,5
489941,489942,489947,5,1
489941,489946,489947,1,5
489941,489946,489947,1,5
489941,489946,489947,1,5
489941,489942,489948,6,1
489941,489946,489947,1,5
489941,489946,489948,2,5
489941,489942,489947,5,1
489941,489942,489948,6,1
489941,489942,489947,5,1
489941,489947,489948,1,6
489941,489946,489947,1,5
489941,489947,489948,1,6
489941,489946,489948,2,5
489941,489948,489949,1,7
489941,489942,489949,7,1
489941,489948,489949,1,7
489941,489946,489948,2,5
489941,489942,489948,6,1
489941,489942,489948,6,1
489941,489946,489948,2,5
489941,489947,489948,1,6
489941,489946,489948,2,5
489941,489948,489949,1,7
489941,489942,489948,6,1
489941,489947,489949,2,6
489941,489948,489949,1,7
489941,489942,489949,7,1
489941,489942,489949,7,1
489941,489948,489949,1,7
489941,489942,489949,7,1
489941,489942,489949,7,1
489941,489948,489949,1,7
489941,489942,489949,7,1
489941,489948,489949,1,7
489941,489942,489949,7,1
489941,489947,489949,2,6
489941,489948,489949,1,7
489941,489942,489949,7,1
489941,489942,489950,8,1
489941,489947,489949,2,6
489941,489942,489949,7,1
489941,489948,489949,1,7
489941,489942,489950,8,1
489941,489942,489949,7,1
489941,489948,489949,1,7
489941,489948,489949,1,7
489941,489942,489950,8,1
489941,489942,489950,8,1
489941,489942,489951,9,1
489941,489942,489951,9,1
489941,489942,489950,8,1
489941,489942,489952,10,1
489941,489942,489951,9,1
489941,489942,489952,10,1
489964,489964,489965,1,0
489964,489964,489965,1,0
489964,489964,489965,1,0
489964,489964,489966,2,0
489964,489964,489966,2,0
489964,489964,489966,2,0
489964,489966,489967,1,2
489964,489966,489967,1,2
489964,489966,489967,1,2
489964,489964,489968,4,0
489964,489964,489968,4,0
489964,489964,489968,4,0
489964,489964,489968,4,0
489964,489967,489968,1,3
489964,489967,489968,1,3
489964,489964,489969,5,0
489964,489964,489969,5,0
489964,489967,489969,2,3
489964,489964,489969,5,0
489964,489968,489969,1,4
489964,489964,489969,5,0
489964,489964,489969,5,0
489964,489964,489969,5,0
489964,489968,489969,1,4
489964,489968,489969,1,4
489964,489969,489970,1,5
489964,489964,489970,6,0
489964,489969,489970,1,5
489964,489964,489970,6,0
489964,489969,489971,2,5
489964,489970,489971,1,6
489964,489964,489971,7,0
489964,489964,489971,7,0
489964,489964,489971,7,0
489964,489970,489971,1,6
489964,489964,489971,7,0
489964,489970,489971,1,6
489964,489969,489971,2,5
489964,489964,489971,7,0
489964,489971,489972,1,7
489964,489969,489971,2,5
489964,489964,489971,7,0
489964,489970,489971,1,6
489964,489969,489971,2,5
489964,489970,489971,1,6
489964,489970,489972,2,6
489964,489971,489972,1,7
489964,489970,489972,2,6
489964,489964,489972,8,0
489964,489964,489972,8,0
489964,489964,489972,8,0
489964,489964,489972,8,0
489964,489972,489973,1,8
489964,489964,489972,8,0
489964,489970,489972,2,6
489964,489964,489972,8,0
489964,489970,489972,2,6
489964,489964,489972,8,0
489964,489964,489972,8,0
489964,489964,489972,8,0
489964,489970,489972,2,6
489964,489971,489972,1,7
489964,489964,489972,8,0
489964,489970,489972,2,6
489964,489971,489972,1,7
489964,489964,489972,8,0
489964,489964,489972,8,0
489964,489971,489972,1,7
489964,489964,489973,9,0
489964,489972,489974,2,8
489964,489972,489973,1,8
489964,489964,489973,9,0
489964,489964,489974,10,0
489964,489972,489974,2,8
489964,489964,489975,11,0
489964,489964,489975,11,0
489964,489964,489975,11,0
489964,489964,489976,12,0
489964,489964,489976,12,0
489988,489988,489989,1,0
489988,489988,489989,1,0
489988,489988,489989,1,0
489988,489988,489989,1,0
489988,489988,489989,1,0
489988,489988,489991,3,0
489988,489989,489991,2,1
489988,489988,489992,4,0
489988,489990,489991,1,2
489988,489988,489992,4,0
489988,489990,489992,2,2
489988,489988,489993,5,0
489988,489988,489993,5,0
489988,489988,489992,4,0
489988,489988,489993,5,0
489988,489988,489993,5,0
489988,489988,489992,4,0
489988,489988,489993,5,0
489988,489990,489992,2,2
489988,489990,489993,3,2
489988,489988,489993,5,0
489988,489992,489994,2,4
489988,489988,489993,5,0
489988,489991,489994,3,3
489988,489991,489993,2,3
489988,489992,489993,1,4
489988,489993,489994,1,5
489988,489993,489994,1,5
489988,489988,489994,6,0
489988,489988,489993,5,0
489988,489988,489994,6,0
489988,489992,489995,3,4
489988,489994,489995,1,6
489988,489988,489994,6,0
489988,489994,489995,1,6
489988,489994,489995,1,6
489988,489988,489995,7,0
489988,489988,489995,7,0
489988,489994,489995,1,6
489988,489993,489995,2,5
489988,489993,489995,2,5
489988,489988,489996,8,0
489988,489993,489996,3,5
489988,489988,489996,8,0
489988,489994,489996,2,6
489988,489992,489995,3,4
489988,489993,489996,3,5
489988,489994,489996,2,6
489988,489988,489996,8,0
489988,489994,489995,1,6
489988,489993,489996,3,5
489988,489994,489996,2,6
489988,489988,489996,8,0
489988,489988,489995,7,0
489988,489995,489996,1,7
489988,489988,489996,8,0
489988,489988,489996,8,0
489988,489995,489996,1,7
489988,489993,489997,4,5
489988,489988,489997,9,0
489988,489988,489996,8,0
489988,489993,489996,3,5
489988,489994,489997,3,6
489988,489988,489996,8,0
489988,489988,489997,9,0
489988,489994,489997,3,6
489988,489995,489997,2,7
489988,489988,489997,9,0
489988,489988,489997,9,0
489988,489995,489996,1,7
489988,489988,489997,9,0
489988,489995,489997,2,7
489988,489988,489998,10,0
489988,489988,489998,10,0
489988,489988,490000,12,0
489988,489988,489999,11,0
489988,489988,490000,12,0
489988,489988,490000,12,0
489988,489988,490003,15,0
490014,490014,490015,1,0
490014,490014,490015,1,0
490014,490014,490015,1,0
490014,490014,490015,1,0
490014,490015,490016,1,1
490014,490014,490015,1,0
490014,490014,490016,2,0
490014,490014,490018,4,0
490014,490014,490017,3,0
490014,490016,490017,1,2
490014,490014,490017,3,0
490014,490014,490018,4,0
490014,490014,490018,4,0
490014,490016,490018,2,2
490014,490016,490018,2,2
490014,490014,490018,4,0
490014,490014,490018,4,0
490014,490014,490018,4,0
490014,490014,490018,4,0
490014,490016,490018,2,2
490014,490016,490018,2,2
490014,490017,490019,2,3
490014,490014,490019,5,0
490014,490018,490020,2,4
490014,490014,490019,5,0
490014,490014,490020,6,0
490014,490018,490019,1,4
490014,490018,490019,1,4
490014,490018,490019,1,4
490014,490014,490019,5,0
490014,490018,490020,2,4
490014,490019,490020,1,5
490014,490019,490020,1,5
490014,490014,490020,6,0
490014,490014,490020,6,0
490014,490018,490020,2,4
490014,490014,490021,7,0
490014,490014,490020,6,0
490014,490018,490020,2,4
490014,490014,490021,7,0
490014,490014,490021,7,0
490014,490014,490021,7,0
490014,490014,490021,7,0
490014,490019,490020,1,5
490014,490014,490021,7,0
490014,490014,490020,6,0
490014,490014,490021,7,0
490014,490020,490021,1,6
490014,490014,490020,6,0
490014,490020,490021,1,6
490014,490014,490021,7,0
490014,490019,490022,3,5
490014,490014,490022,8,0
490014,490020,490022,2,6
490014,490018,490021,3,4
490014,490019,490022,3,5
490014,490020,490022,2,6
490014,490020,490021,1,6
490014,490020,490021,1,6
490014,490014,490021,7,0
490014,490014,490022,8,0
490014,490020,490021,1,6
490014,490014,490021,7,0
490014,490020,490021,1,6
490014,490014,490022,8,0
490014,490020,490021,1,6
490014,490019,490023,4,5
490014,490019,490022,3,5
490014,490014,490023,9,0
490014,490021,490023,2,7
490014,490021,490023,2,7
490014,490020,490022,2,6
490014,490020,490022,2,6
490014,490014,490023,9,0
490014,490014,490024,10,0
490014,490014,490025,11,0
490014,490014,490024,10,0
490014,490014,490025,11,0
490014,490014,490027,13,0
490037,490038,490039,1,1
490037,490038,490039,1,1
490037,490038,490039,1,1
490037,490038,490039,1,1
490037,490038,490039,1,1
490037,490038,490040,2,1
490037,490040,490041,1,3
490037,490040,490042,2,3
490037,490040,490041,1,3
490037,490040,490042,2,3
490037,490038,490042,4,1
490037,490038,490042,4,1
490037,490038,490042,4,1
490037,490038,490042,4,1
490037,490038,490042,4,1
490037,490038,490042,4,1
490037,490040,490042,2,3
490037,490038,490042,4,1
490037,490041,490042,1,4
490037,490038,490043,5,1
490037,490038,490043,5,1
490037,490038,490043,5,1
490037,490038,490043,5,1
490037,490043,490044,1,6
490037,490038,490043,5,1
490037,490042,490043,1,5
490037,490042,490043,1,5
490037,490042,490043,1,5
490037,490038,490044,6,1
490037,490043,490045,2,6
490037,490043,490045,2,6
490037,490042,490044,2,5
490037,490043,490045,2,6
490037,490038,490044,6,1
490037,490038,490044,6,1
490037,490038,490044,6,1
490037,490038,490044,6,1
490037,490038,490044,6,1
490037,490044,490045,1,7
490037,490038,490044,6,1
490037,490043,490044,1,6
490037,490038,490044,6,1
490037,490038,490044,6,1
490037,490043,490044,1,6
490037,490044,490045,1,7
490037,490038,490045,7,1
490037,490038,490046,8,1
490037,490043,490045,2,6
490037,490044,490046,2,7
490037,490043,490045,2,6
490037,490038,490045,7,1
490037,490044,490045,1,7
490037,490043,490045,2,6
490037,490038,490045,7,1
490037,490038,490045,7,1
490037,490044,490045,1,7
490037,490045,490046,1,8
490037,490038,490045,7,1
490037,490044,490045,1,7
490037,490045,490046,1,8
490037,490044,490045,1,7
490037,490045,490046,1,8
490037,490045,490046,1,8
490037,490044,490046,2,7
490037,490045,490047,2,8
490037,490038,490047,9,1
490037,490044,490046,2,7
490037,490038,490046,8,1
490037,490038,490047,9,1
490037,490045,490047,2,8
490037,490045,490047,2,8
490037,490038,490048,10,1
490037,490038,490049,11,1
490037,490038,490049,11,1
490037,490038,490050,12,1
490037,490038,490050,12,1
490037,490038,490050,12,1
490037,490038,490052,14,1
490037,490038,490053,15,1
490064,490064,490065,1,0
490064,490064,490065,1,0
490064,490064,490065,1,0
490064,490064,490065,1,0
490064,490064,490065,1,0
490064,490064,490065,1,0
490064,490065,490067,2,1
490064,490066,490068,2,2
490064,490066,490068,2,2
490064,490064,490068,4,0
490064,490065,490067,2,1
490064,490066,490067,1,2
490064,490064,490068,4,0
490064,490064,490069,5,0
490064,490064,490069,5,0
490064,490064,490068,4,0
490064,490064,490069,5,0
490064,490066,490068,2,2
490064,490064,490069,5,0
490064,490064,490069,5,0
490064,490064,490069,5,0
490064,490064,490070,6,0
490064,490068,490069,1,4
490064,490064,490070,6,0
490064,490068,490069,1,4
490064,490064,490069,5,0
490064,490068,490069,1,4
490064,490064,490070,6,0
490064,490068,490069,1,4
490064,490068,490069,1,4
490064,490068,490069,1,4
490064,490069,490070,1,5
490064,490069,490071,2,5
490064,490064,490070,6,0
490064,490064,490070,6,0
490064,490070,490071,1,6
490064,490070,490071,1,6
490064,490070,490071,1,6
490064,490070,490071,1,6
490064,490070,490071,1,6
490064,490069,490071,2,5
490064,490070,490072,2,6
490064,490069,490071,2,5
490064,490069,490072,3,5
490064,490070,490071,1,6
490064,490070,490071,1,6
490064,490070,490071,1,6
490064,490070,490072,2,6
490064,490064,490071,7,0
490064,490070,490071,1,6
490064,490071,490072,1,7
490064,490071,490072,1,7
490064,490070,490072,2,6
490064,490064,490072,8,0
490064,490064,490073,9,0
490064,490064,490073,9,0
490064,490064,490073,9,0
490064,490069,490072,3,5
490064,490070,490072,2,6
490064,490070,490073,3,6
490064,490064,490073,9,0
490064,490064,490074,10,0
490064,490064,490074,10,0
490064,490064,490073,9,0
490064,490064,490074,10,0
490064,490071,490074,3,7
490064,490064,490074,10,0
490064,490064,490074,10,0
490064,490064,490074,10,0
490064,490064,490075,11,0
490064,490064,490075,11,0
490064,490064,490075,11,0
490064,490064,490075,11,0
490064,490064,490074,10,0
490064,490064,490075,11,0
490064,490064,490075,11,0
490064,490064,490075,11,0
490064,490064,490078,14,0
490064,490064,490078,14,0
490090,490090,490091,1,0
490090,490090,490091,1,0
490090,490090,490092,2,0
490090,490090,490091,1,0
490090,490090,490091,1,0
490090,490090,490092,2,0
490090,490091,490092,1,1
490090,490091,490093,2,1
490090,490092,490094,2,2
490090,490090,490094,4,0
490090,490090,490094,4,0
490090,490092,490093,1,2
490090,490092,490094,2,2
490090,490093,490094,1,3
490090,490092,490093,1,2
490090,490093,490094,1,3
490090,490090,490095,5,0
490090,490090,490095,5,0
490090,490090,490095,5,0
490090,490094,490095,1,4
490090,490090,490096,6,0
490090,490094,490096,2,4
490090,490090,490096,6,0
490090,490090,490095,5,0
490090,490094,490096,2,4
490090,490090,490096,6,0
490090,490090,490096,6,0
490090,490094,490096,2,4
490090,490090,490096,6,0
490090,490094,490096,2,4
490090,490094,490096,2,4
490090,490090,490096,6,0
490090,490090,490096,6,0
490090,490090,490096,6,0
490090,490090,490097,7,0
490090,490090,490097,7,0
490090,490094,490096,2,4
490090,490090,490097,7,0
490090,490090,490096,6,0
490090,490096,490097,1,6
490090,490090,490096,6,0
490090,490090,490097,7,0
490090,490096,490097,1,6
490090,490096,490097,1,6
490090,490090,490097,7,0
490090,490096,490097,1,6
490090,490090,490097,7,0
490090,490090,490097,7,0
490090,490095,490098,3,5
490090,490090,490097,7,0
490090,490095,490098,3,5
490090,490094,490097,3,4
490090,490090,490098,8,0
490090,490096,490098,2,6
490090,490096,490097,1,6
490090,490096,490098,2,6
490090,490096,490097,1,6
490090,490096,490098,2,6
490090,490096,490098,2,6
490090,490096,490098,2,6
490090,490096,490097,1,6
490090,490090,490098,8,0
490090,490097,490099,2,7
490090,490097,490099,2,7
490090,490090,490099,9,0
490090,490095,490099,4,5
490090,490090,490098,8,0
490090,490090,490100,10,0
490090,490090,490100,10,0
490090,490090,490099,9,0
490090,490090,490100,10,0
490090,490097,490099,2,7
490090,490097,490099,2,7
490090,490090,490101,11,0
490090,490090,490101,11,0
490090,490090,490100,10,0
490090,490090,490101,11,0
490090,490090,490101,11,0
490090,490090,490104,14,0
490115,490115,490116,1,0
490115,490115,490116,1,0
490115,490115,490116,1,0
490115,490115,490116,1,0
490115,490115,490116,1,0
490115,490115,490116,1,0
490115,490116,490117,1,1
490115,490115,490118,3,0
490115,490115,490118,3,0
490115,490117,490119,2,2
490115,490117,490119,2,2
490115,490117,490118,1,2
490115,490117,490118,1,2
490115,490115,490119,4,0
490115,490117,490119,2,2
490115,490115,490120,5,0
490115,490115,490119,4,0
490115,490115,490120,5,0
490115,490119,490120,1,4
490115,490119,490120,1,4
490115,490115,490121,6,0
490115,490115,490121,6,0
490115,490118,490120,2,3
490115,490115,490121,6,0
490115,490119,490120,1,4
490115,490115,490121,6,0
490115,490120,490121,1,5
490115,490115,490121,6,0
490115,490119,490120,1,4
490115,490119,490121,2,4
490115,490115,490121,6,0
490115,490119,490120,1,4
490115,490120,490121,1,5
490115,490115,490122,7,0
490115,490119,490122,3,4
490115,490119,490122,3,4
490115,490115,490121,6,0
490115,490115,490121,6,0
490115,490115,490122,7,0
490115,490115,490121,6,0
490115,490115,490122,7,0
490115,490115,490121,6,0
490115,490121,490122,1,6
490115,490121,490122,1,6
490115,490121,490122,1,6
490115,490115,490122,7,0
490115,490121,490122,1,6
490115,490121,490122,1,6
490115,490120,490122,2,5
490115,490120,490123,3,5
490115,490115,490123,8,0
490115,490120,490122,2,5
490115,490121,490122,1,6
490115,490121,490122,1,6
490115,490121,490122,1,6
490115,490122,490123,1,7
490115,490121,490122,1,6
490115,490121,490123,2,6
490115,490121,490123,2,6
490115,490115,490123,8,0
490115,490121,490124,3,6
490115,490115,490124,9,0
490115,490121,490123,2,6
490115,490122,490124,2,7
490115,490115,490124,9,0
490115,490115,490124,9,0
490115,490115,490124,9,0
490115,490115,490125,10,0
490115,490115,490125,10,0
490115,490115,490124,9,0
490115,490115,490125,10,0
490115,490115,490126,11,0
490115,490115,490126,11,0
490115,490115,490127,12,0
490115,490115,490128,13,0
490115,490115,490128,13,0
490115,490115,490128,13,0
490115,490115,490129,14,0
490115,490115,490130,15,0
490140,490140,490141,1,0
490140,490140,490141,1,0
490140,490140,490141,1,0
490140,490140,490142,2,0
490140,490140,490141,1,0
490140,490140,490141,1,0
490140,490140,490143,3,0
490140,490141,490143,2,1
490140,490140,490143,3,0
490140,490140,490144,4,0
490140,490140,490144,4,0
490140,490142,490144,2,2
490140,490142,490144,2,2
490140,490142,490144,2,2
490140,490140,490145,5,0
490140,490140,490144,4,0
490140,490140,490145,5,0
490140,490142,490144,2,2
490140,490140,490145,5,0
490140,490143,490145,2,3
490140,490142,490144,2,2
490140,490140,490146,6,0
490140,490143,490146,3,3
490140,490140,490146,6,0
490140,490144,490146,2,4
490140,490140,490145,5,0
490140,490140,490146,6,0
490140,490140,490146,6,0
490140,490140,490146,6,0
490140,490144,490146,2,4
490140,490140,490146,6,0
490140,490144,490146,2,4
490140,490140,490146,6,0
490140,490140,490146,6,0
490140,490144,490147,3,4
490140,490144,490147,3,4
490140,490146,490147,1,6
490140,490145,490146,1,5
490140,490145,490147,2,5
490140,490146,490147,1,6
490140,490146,490147,1,6
490140,490140,490147,7,0
490140,490145,490147,2,5
490140,490146,490147,1,6
490140,490140,490147,7,0
490140,490145,490147,2,5
490140,490140,490148,8,0
490140,490145,490147,2,5
490140,490146,490148,2,6
490140,490140,490148,8,0
490140,490146,490148,2,6
490140,490140,490148,8,0
490140,490140,490148,8,0
490140,490140,490148,8,0
490140,490144,490148,4,4
490140,490145,490148,3,5
490140,490140,490148,8,0
490140,490140,490148,8,0
490140,490145,490148,3,5
490140,490140,490148,8,0
490140,490146,490148,2,6
490140,490140,490148,8,0
490140,490146,490148,2,6
490140,490146,490148,2,6
490140,490146,490147,1,6
490140,490140,490148,8,0
490140,490146,490148,2,6
490140,490140,490149,9,0
490140,490140,490148,8,0
490140,490140,490149,9,0
490140,490147,490149,2,7
490140,490147,490149,2,7
490140,490140,490149,9,0
490140,490146,490149,3,6
490140,490140,490149,9,0
490140,490140,490149,9,0
490140,490140,490150,10,0
490140,490140,490150,10,0
490140,490140,490151,11,0
490162,490162,490163,1,0
490162,490162,490163,1,0
490162,490162,490164,2,0
490162,490162,490163,1,0
490162,490162,490163,1,0
490162,490162,490163,1,0
490162,490162,490165,3,0
490162,490162,490165,3,0
490162,490163,490164,1,1
490162,490162,490166,4,0
490162,490162,490166,4,0
490162,490164,490166,2,2
490162,490164,490166,2,2
490162,490164,490166,2,2
490162,490164,490166,2,2
490162,490164,490166,2,2
490162,490162,490167,5,0
490162,490162,490167,5,0
490162,490165,490166,1,3
490162,490165,490166,1,3
490162,490162,490168,6,0
490162,490162,490168,6,0
490162,490162,490167,5,0
490162,490165,490168,3,3
490162,490166,490168,2,4
490162,490162,490168,6,0
490162,490162,490168,6,0
490162,490166,490168,2,4
490162,490162,490168,6,0
490162,490166,490167,1,4
490162,490162,490168,6,0
490162,490166,490168,2,4
490162,490166,490168,2,4
490162,490166,490168,2,4
490162,490162,490169,7,0
490162,490162,490169,7,0
490162,490162,490168,6,0
490162,490162,490169,7,0
490162,490162,490169,7,0
490162,490162,490168,6,0
490162,490168,490169,1,6
490162,490168,490169,1,6
490162,490162,490168,6,0
490162,490167,490169,2,5
490162,490168,490169,1,6
490162,490162,490168,6,0
490162,490167,490168,1,5
490162,490168,490169,1,6
490162,490162,490170,8,0
490162,490162,490170,8,0
490162,490166,490170,4,4
490162,490167,490170,3,5
490162,490162,490169,7,0
490162,490162,490169,7,0
490162,490167,490169,2,5
490162,490162,490170,8,0
490162,490168,490170,2,6
490162,490162,490169,7,0
490162,490168,490170,2,6
490162,490168,490169,1,6
490162,490168,490169,1,6
490162,490168,490169,1,6
490162,490168,490169,1,6
490162,490162,490170,8,0
490162,490162,490171,9,0
490162,490162,490171,9,0
490162,490168,490171,3,6
490162,490168,490171,3,6
490162,490169,490171,2,7
490162,490162,490171,9,0
490162,490162,490171,9,0
490162,490168,490170,2,6
490162,490168,490170,2,6
490162,490162,490170,8,0
490162,490162,490171,9,0
490162,490162,490172,10,0
490162,490162,490172,10,0
490162,490162,490173,11,0
490162,490162,490172,10,0
490185,490185,490186,1,0
490185,490185,490187,2,0
490185,490185,490186,1,0
490185,490185,490186,1,0
490185,490185,490186,1,0
490185,490187,490188,1,2
490185,490185,490189,4,0
490185,490185,490188,3,0
490185,490185,490189,4,0
490185,490185,490188,3,0
490185,490185,490189,4,0
490185,490185,490189,4,0
490185,490187,490189,2,2
490185,490187,490189,2,2
490185,490185,490189,4,0
490185,490187,490189,2,2
490185,490187,490188,1,2
490185,490185,490189,4,0
490185,490188,490189,1,3
490185,490185,490190,5,0
490185,490185,490189,4,0
490185,490185,490189,4,0
490185,490185,490190,5,0
490185,490185,490189,4,0
490185,490185,490189,4,0
490185,490185,490189,4,0
490185,490185,490190,5,0
490185,490185,490189,4,0
490185,490185,490189,4,0
490185,490185,490191,6,0
490185,490185,490191,6,0
490185,490185,490190,5,0
490185,490185,490191,6,0
490185,490185,490191,6,0
490185,490185,490191,6,0
490185,490189,490191,2,4
490185,490185,490191,6,0
490185,490185,490191,6,0
490185,490185,490190,5,0
490185,490185,490190,5,0
490185,490185,490190,5,0
490185,490189,490191,2,4
490185,490189,490191,2,4
490185,490189,490191,2,4
490185,490189,490191,2,4
490185,490185,490190,5,0
490185,490185,490190,5,0
490185,490189,490191,2,4
490185,490185,490191,6,0
490185,490189,490191,2,4
490185,490189,490191,2,4
490185,490185,490191,6,0
490185,490185,490192,7,0
490185,490189,490191,2,4
490185,490190,490192,2,5
490185,490189,490192,3,4
490185,490190,490192,2,5
490185,490185,490191,6,0
490185,490189,490192,3,4
490185,490189,490192,3,4
490185,490189,490192,3,4
490185,490190,490191,1,5
490185,490190,490191,1,5
490185,490190,490192,2,5
490185,490185,490192,7,0
490185,490190,490191,1,5
490185,490190,490192,2,5
490185,490190,490192,2,5
490185,490191,490193,2,6
490185,490185,490192,7,0
490185,490191,490193,2,6
490185,490191,490193,2,6
490185,490190,490192,2,5
490185,490191,490193,2,6
490185,490185,490193,8,0
490185,490191,490193,2,6
490185,490191,490193,2,6
490185,490190,490194,4,5
490185,490185,490195,10,0
490206,490206,490207,1,0
490206,490206,490207,1,0
490206,490206,490207,1,0
490206,490206,490208,2,0
490206,490206,490208,2,0
490206,490207,490209,2,1
490206,490206,490209,3,0
490206,490207,490209,2,1
490206,490206,490210,4,0
490206,490206,490210,4,0
490206,490206,490210,4,0
490206,490206,490210,4,0
490206,490206,490210,4,0
490206,490206,490210,4,0
490206,490206,490210,4,0
490206,490208,490210,2,2
490206,490208,490210,2,2
490206,490206,490210,4,0
490206,490208,490210,2,2
490206,490206,490211,5,0
490206,490206,490211,5,0
490206,490206,490211,5,0
490206,490206,490211,5,0
490206,490206,490210,4,0
490206,490209,490211,2,3
490206,490210,490211,1,4
490206,490206,490211,5,0
490206,490206,490211,5,0
490206,490206,490211,5,0
490206,490206,490211,5,0
490206,490206,490212,6,0
490206,490206,490212,6,0
490206,490206,490212,6,0
490206,490206,490212,6,0
490206,490206,490212,6,0
490206,490206,490212,6,0
490206,490211,490212,1,5
490206,490211,490212,1,5
490206,490206,490212,6,0
490206,490206,490212,6,0
490206,490211,490212,1,5
490206,490206,490212,6,0
490206,490211,490212,1,5
490206,490211,490212,1,5
490206,490211,490212,1,5
490206,490206,490213,7,0
490206,490212,490213,1,6
490206,490206,490213,7,0
490206,490212,490213,1,6
490206,490212,490213,1,6
490206,490210,490213,3,4
490206,490212,490214,2,6
490206,490206,490213,7,0
490206,490212,490213,1,6
490206,490206,490213,7,0
490206,490212,490213,1,6
490206,490212,490213,1,6
490206,490211,490215,4,5
490206,490210,490214,4,4
490206,490212,490214,2,6
490206,490211,490214,3,5
490206,490213,490214,1,7
490206,490206,490214,8,0
490206,490211,490214,3,5
490206,490206,490214,8,0
490206,490206,490214,8,0
490206,490206,490214,8,0
490206,490211,490214,3,5
490206,490211,490214,3,5
490206,490211,490214,3,5
490206,490211,490214,3,5
490206,490212,490215,3,6
490206,490213,490215,2,7
490206,490213,490215,2,7
490206,490206,490215,9,0
490206,490206,490216,10,0
490206,490206,490216,10,0
490206,490206,490217,11,0
490229,490229,490230,1,0
490229,490229,490230,1,0
490229,490229,490230,1,0
490229,490229,490231,2,0
490229,490229,490230,1,0
490229,490229,490232,3,0
490229,490230,490232,2,1
490229,490229,490233,4,0
490229,490231,490233,2,2
490229,490231,490233,2,2
490229,490231,490233,2,2
490229,490231,490233,2,2
490229,490229,490234,5,0
490229,490233,490234,1,4
490229,490229,490234,5,0
490229,490229,490233,4,0
490229,490232,490233,1,3
490229,490229,490234,5,0
490229,490232,490233,1,3
490229,490229,490235,6,0
490229,490229,490235,6,0
490229,490229,490235,6,0
490229,490229,490235,6,0
490229,490229,490234,5,0
490229,490233,490235,2,4
490229,490229,490234,5,0
490229,490233,490234,1,4
490229,490229,490235,6,0
490229,490229,490235,6,0
490229,490233,490234,1,4
490229,490233,490235,2,4
490229,490229,490235,6,0
490229,490229,490236,7,0
490229,490229,490235,6,0
490229,490229,490236,7,0
490229,490229,490236,7,0
490229,490229,490236,7,0
490229,490229,490236,7,0
490229,490229,490235,6,0
490229,490229,490236,7,0
490229,490229,490235,6,0
490229,490234,490236,2,5
490229,490229,490236,7,0
490229,490235,490236,1,6
490229,490229,490236,7,0
490229,490229,490235,6,0
490229,490229,490235,6,0
490229,490234,490236,2,5
490229,490234,490236,2,5
490229,490229,490236,7,0
490229,490229,490236,7,0
490229,490234,490236,2,5
490229,490235,490236,1,6
490229,490229,490236,7,0
490229,490229,490237,8,0
490229,490229,490236,7,0
490229,490235,490237,2,6
490229,490229,490237,8,0
490229,490235,490237,2,6
490229,490235,490237,2,6
490229,490235,490236,1,6
490229,490234,490236,2,5
490229,490235,490236,1,6
490229,490235,490237,2,6
490229,490234,490236,2,5
490229,490229,490237,8,0
490229,490229,490238,9,0
490229,490235,490238,3,6
490229,490235,490237,2,6
490229,490235,490237,2,6
490229,490234,490238,4,5
490229,490236,490238,2,7
490229,490236,490238,2,7
490229,490235,490238,3,6
490229,490236,490238,2,7
490229,490229,490238,9,0
490229,490236,490239,3,7
490229,490229,490240,11,0
490229,490229,490241,12,0
490252,490252,490253,1,0
490252,490252,490254,2,0
490252,490252,490254,2,0
490252,490252,490254,2,0
490252,490252,490254,2,0
490252,490254,490255,1,2
490252,490255,490256,1,3
490252,490255,490256,1,3
490252,490252,490256,4,0
490252,490252,490256,4,0
490252,490255,490256,1,3
490252,490253,490257,4,1
490252,490255,490257,2,3
490252,490253,490257,4,1
490252,490253,490257,4,1
490252,490253,490257,4,1
490252,490253,490257,4,1
490252,490253,490257,4,1
490252,490252,490258,6,0
490252,490252,490258,6,0
490252,490252,490258,6,0
490252,490257,490258,1,5
490252,490252,490258,6,0
490252,490257,490258,1,5
490252,490253,490258,5,1
490252,490252,490258,6,0
490252,490252,490258,6,0
490252,490253,490258,5,1
490252,490257,490258,1,5
490252,490252,490258,6,0
490252,490257,490258,1,5
490252,490257,490258,1,5
490252,490257,490259,2,5
490252,490252,490259,7,0
490252,490252,490259,7,0
490252,490252,490260,8,0
490252,490252,490259,7,0
490252,490258,490260,2,6
490252,490259,490260,1,7
490252,490252,490259,7,0
490252,490259,490260,1,7
490252,490252,490259,7,0
490252,490252,490259,7,0
490252,490252,490259,7,0
490252,490259,490260,1,7
490252,490252,490260,8,0
490252,490252,490260,8,0
490252,490258,490260,2,6
490252,490258,490260,2,6
490252,490252,490260,8,0
490252,490259,490260,1,7
490252,490258,490260,2,6
490252,490259,490261,2,7
490252,490259,490260,1,7
490252,490259,490260,1,7
490252,490252,490260,8,0
490252,490252,490260,8,0
490252,490259,490260,1,7
490252,490259,490260,1,7
490252,490259,490260,1,7
490252,490258,490260,2,6
490252,490259,490260,1,7
490252,490259,490260,1,7
490252,490258,490261,3,6
490252,490252,490261,9,0
490252,490259,490261,2,7
490252,490252,490261,9,0
490252,490258,490261,3,6
490252,490259,490262,3,7
490252,490260,490262,2,8
490252,490260,490262,2,8
490252,490252,490262,10,0
490252,490252,490264,12,0
490252,490252,490265,13,0
490252,490252,490264,12,0
490252,490252,490265,13,0
490252,490252,490266,14,0
490252,490252,490266,14,0
490278,490278,490279,1,0
490278,490278,490280,2,0
490278,490278,490279,1,0
490278,490278,490279,1,0
490278,490278,490279,1,0
490278,490279,490281,2,1
490278,490278,490281,3,0
490278,490278,490282,4,0
490278,490278,490282,4,0
490278,490278,490282,4,0
490278,490280,490281,1,2
490278,490280,490282,2,2
490278,490280,490281,1,2
490278,490280,490282,2,2
490278,490278,490283,5,0
490278,490278,490283,5,0
490278,490281,490283,2,3
490278,490278,490283,5,0
490278,490282,490283,1,4
490278,490282,490283,1,4
490278,490281,490282,1,3
490278,490282,490283,1,4
490278,490278,490284,6,0
490278,490278,490283,5,0
490278,490278,490284,6,0
490278,490278,490284,6,0
490278,490278,490284,6,0
490278,490282,490283,1,4
490278,490278,490284,6,0
490278,490278,490284,6,0
490278,490278,490284,6,0
490278,490282,490285,3,4
490278,490278,490285,7,0
490278,490278,490284,6,0
490278,490278,490285,7,0
490278,490283,490284,1,5
490278,490282,490285,3,4
490278,490278,490285,7,0
490278,490282,490285,3,4
490278,490283,490285,2,5
490278,490278,490285,7,0
490278,490283,490284,1,5
490278,490284,490285,1,6
490278,490283,490285,2,5
490278,490284,490285,1,6
490278,490278,490285,7,0
490278,490283,490285,2,5
490278,490278,490286,8,0
490278,490278,490286,8,0
490278,490285,490286,1,7
490278,490283,490285,2,5
490278,490278,490286,8,0
490278,490278,490285,7,0
490278,490283,490286,3,5
490278,490284,490285,1,6
490278,490284,490286,2,6
490278,490284,490286,2,6
490278,490278,490286,8,0
490278,490283,490285,2,5
490278,490278,490287,9,0
490278,490285,490287,2,7
490278,490285,490287,2,7
490278,490285,490287,2,7
490278,490278,490287,9,0
490278,490278,490286,8,0
490278,490278,490286,8,0
490278,490278,490288,10,0
490278,490278,490288,10,0
490278,490284,490288,4,6
490278,490278,490288,10,0
490278,490285,490287,2,7
490278,490285,490287,2,7
490278,490278,490289,11,0
490278,490284,490288,4,6
490278,490278,490289,11,0
490278,490278,490289,11,0
490278,490278,490289,11,0
490278,490278,490290,12,0
490278,490278,490290,12,0
490302,490302,490303,1,0
490302,490302,490303,1,0
490302,490302,490303,1,0
490302,490302,490303,1,0
490302,490302,490303,1,0
490302,490302,490306,4,0
490302,490302,490306,4,0
490302,490302,490306,4,0
490302,490302,490305,3,0
490302,490304,490305,1,2
490302,490302,490305,3,0
490302,490304,490305,1,2
490302,490304,490306,2,2
490302,490304,490305,1,2
490302,490302,490306,4,0
490302,490304,490306,2,2
490302,490302,490307,5,0
490302,490302,490307,5,0
490302,490302,490308,6,0
490302,490306,490308,2,4
490302,490306,490308,2,4
490302,490302,490308,6,0
490302,490306,490307,1,4
490302,490306,490307,1,4
490302,490302,490307,5,0
490302,490306,490307,1,4
490302,490302,490309,7,0
490302,490302,490308,6,0
490302,490306,490309,3,4
490302,490302,490308,6,0
490302,490302,490308,6,0
490302,490302,490308,6,0
490302,490302,490309,7,0
490302,490307,490308,1,5
490302,490302,490309,7,0
490302,490302,490310,8,0
490302,490302,490309,7,0
490302,490302,490309,7,0
490302,490306,490309,3,4
490302,490308,490310,2,6
490302,490302,490309,7,0
490302,490309,490310,1,7
490302,490302,490309,7,0
490302,490308,490309,1,6
490302,490308,490309,1,6
490302,490308,490310,2,6
490302,490308,490309,1,6
490302,490309,490310,1,7
490302,490302,490310,8,0
490302,490306,490310,4,4
490302,490307,490310,3,5
490302,490306,490310,4,4
490302,490307,490311,4,5
490302,490308,490311,3,6
490302,490309,490311,2,7
490302,490308,490310,2,6
490302,490309,490310,1,7
490302,490302,490311,9,0
490302,490308,490310,2,6
490302,490308,490310,2,6
490302,490309,490310,1,7
490302,490309,490310,1,7
490302,490302,490312,10,0
490302,490302,490311,9,0
490302,490309,490311,2,7
490302,490302,490311,9,0
490302,490302,490312,10,0
490302,490302,490312,10,0
490302,490302,490312,10,0
490302,490309,490312,3,7
490302,490302,490312,10,0
490302,490302,490312,10,0
490302,490309,490313,4,7
490302,490302,490313,11,0
490302,490302,490316,14,0
490302,490302,490318,16,0
490302,490302,490318,16,0
490302,490302,490320,18,0
490302,490302,490322,20,0
490333,490333,490334,1,0
490333,490333,490335,2,0
490333,490333,490334,1,0
490333,490333,490335,2,0
490333,490333,490334,1,0
490333,490334,490336,2,1
490333,490335,490337,2,2
490333,490335,490337,2,2
490333,490335,490337,2,2
490333,490335,490337,2,2
490333,490333,490337,4,0
490333,490333,490338,5,0
490333,490336,490338,2,3
490333,490333,490339,6,0
490333,490333,490339,6,0
490333,490333,490339,6,0
490333,490337,490338,1,4
490333,490333,490339,6,0
490333,490333,490339,6,0
490333,490337,490339,2,4
490333,490337,490339,2,4
490333,490333,490339,6,0
490333,490333,490339,6,0
490333,490333,490340,7,0
490333,490333,490340,7,0
490333,490333,490339,6,0
490333,490333,490339,6,0
490333,490339,490340,1,6
490333,490333,490340,7,0
490333,490333,490340,7,0
490333,490337,490340,3,4
490333,490338,490340,2,5
490333,490338,490340,2,5
490333,490333,490340,7,0
490333,490333,490341,8,0
490333,490333,490340,7,0
490333,490339,490341,2,6
490333,490333,490340,7,0
490333,490339,490341,2,6
490333,490340,490341,1,7
490333,490333,490340,7,0
490333,490340,490341,1,7
490333,490333,490341,8,0
490333,490339,490341,2,6
490333,490333,490342,9,0
490333,490333,490342,9,0
490333,490339,490342,3,6
490333,490333,490342,9,0
490333,490339,490342,3,6
490333,490333,490342,9,0
490333,490333,490342,9,0
490333,490340,490342,2,7
490333,490339,490341,2,6
490333,490338,490342,4,5
490333,490339,490342,3,6
490333,490339,490341,2,6
490333,490340,490342,2,7
490333,490340,490341,1,7
490333,490341,490343,2,8
490333,490333,490343,10,0
490333,490340,490342,2,7
490333,490333,490343,10,0
490333,490340,490343,3,7
490333,490333,490343,10,0
490333,490340,490344,4,7
490333,490341,490343,2,8
490333,490333,490344,11,0
490333,490333,490344,11,0
490333,490339,490344,5,6
490333,490340,490344,4,7
490333,490333,490345,12,0
490333,490333,490345,12,0
490333,490340,490345,5,7
490333,490333,490345,12,0
490333,490333,490345,12,0
490333,490333,490345,12,0
490333,490333,490350,17,0
490333,490333,490349,16,0
490333,490333,490351,18,0
490363,490363,490364,1,0
490363,490363,490364,1,0
490363,490363,490364,1,0
490363,490363,490364,1,0
490363,490363,490364,1,0
490363,490364,490366,2,1
490363,490364,490365,1,1
490363,490363,490367,4,0
490363,490365,490367,2,2
490363,490363,490367,4,0
490363,490365,490366,1,2
490363,490365,490366,1,2
490363,490363,490366,3,0
490363,490363,490367,4,0
490363,490363,490368,5,0
490363,490363,490368,5,0
490363,490363,490368,5,0
490363,490363,490367,4,0
490363,490366,490367,1,3
490363,490366,490367,1,3
490363,490363,490369,6,0
490363,490367,490369,2,4
490363,490363,490368,5,0
490363,490363,490369,6,0
490363,490367,490369,2,4
490363,490363,490368,5,0
490363,490367,490369,2,4
490363,490367,490368,1,4
490363,490363,490368,5,0
490363,490363,490369,6,0
490363,490363,490369,6,0
490363,490363,490369,6,0
490363,490363,490369,6,0
490363,490363,490370,7,0
490363,490363,490369,6,0
490363,490363,490370,7,0
490363,490363,490369,6,0
490363,490363,490370,7,0
490363,490363,490369,6,0
490363,490363,490369,6,0
490363,490368,490370,2,5
490363,490363,490370,7,0
490363,490368,490371,3,5
490363,490367,490370,3,4
490363,490368,490371,3,5
490363,490368,490370,2,5
490363,490367,490370,3,4
490363,490368,490370,2,5
490363,490369,490371,2,6
490363,490370,490371,1,7
490363,490369,490371,2,6
490363,490369,490370,1,6
490363,490363,490370,7,0
490363,490369,490371,2,6
490363,490363,490371,8,0
490363,490368,490370,2,5
490363,490370,490371,1,7
490363,490370,490371,1,7
490363,490369,490370,1,6
490363,490370,490372,2,7
490363,490368,490371,3,5
490363,490370,490372,2,7
490363,490370,490371,1,7
490363,490369,490371,2,6
490363,490370,490373,3,7
490363,490369,490373,4,6
490363,490363,490372,9,0
490363,490363,490373,10,0
490363,490369,490372,3,6
490363,490363,490374,11,0
490363,490363,490373,10,0
490363,490363,490374,11,0
490363,490363,490374,11,0
490363,490363,490375,12,0
490363,490363,490376,13,0
490363,490363,490376,13,0
490363,490363,490377,14,0
490363,490363,490376,13,0
490363,490363,490381,18,0
490393,490393,490395,2,0
490393,490393,490395,2,0
490393,490393,490394,1,0
490393,490393,490395,2,0
490393,490393,490395,2,0
490393,490393,490397,4,0
490393,490396,490397,1,3
490393,490393,490398,5,0
490393,490393,490398,5,0
490393,490396,490398,2,3
490393,490396,490398,2,3
490393,490395,490398,3,2
490393,490397,490398,1,4
490393,490393,490399,6,0
490393,490393,490399,6,0
490393,490393,490399,6,0
490393,490393,490399,6,0
490393,490393,490399,6,0
490393,490393,490399,6,0
490393,490393,490399,6,0
490393,490398,490399,1,5
490393,490393,490399,6,0
490393,490398,490399,1,5
490393,490393,490399,6,0
490393,490393,490400,7,0
490393,490393,490399,6,0
490393,490393,490400,7,0
490393,490393,490400,7,0
490393,490393,490400,7,0
490393,490393,490400,7,0
490393,490393,490400,7,0
490393,490393,490400,7,0
490393,490399,490400,1,6
490393,490393,490400,7,0
490393,490399,490400,1,6
490393,490393,490400,7,0
490393,490393,490400,7,0
490393,490399,490400,1,6
490393,490400,490401,1,7
490393,490399,490400,1,6
490393,490398,490401,3,5
490393,490400,490401,1,7
490393,490400,490401,1,7
490393,490400,490401,1,7
490393,490393,490401,8,0
490393,490400,490401,1,7
490393,490401,490402,1,8
490393,490393,490402,9,0
490393,490399,490402,3,6
490393,490401,490402,1,8
490393,490400,490402,2,7
490393,490400,490402,2,7
490393,490393,490402,9,0
490393,490393,490402,9,0
490393,490401,490402,1,8
490393,490401,490402,1,8
490393,490401,490402,1,8
490393,490393,490402,9,0
490393,490401,490403,2,8
490393,490401,490403,2,8
490393,490401,490403,2,8
490393,490401,490403,2,8
490393,490399,490403,4,6
490393,490400,490403,3,7
490393,490401,490403,2,8
490393,490393,490404,11,0
490393,490393,490404,11,0
490393,490393,490405,12,0
490393,490393,490407,14,0
490393,490393,490407,14,0
490393,490393,490407,14,0
490393,490393,490408,15,0
490393,490393,490409,16,0
490393,490393,490410,17,0
490393,490393,490412,19,0
490393,490393,490424,31,0
490435,490435,490436,1,0
490435,490435,490436,1,0
490435,490435,490436,1,0
490435,490435,490436,1,0
490435,490435,490436,1,0
490435,490435,490438,3,0
490435,490436,490438,2,1
490435,490436,490439,3,1
490435,490435,490440,5,0
490435,490435,490440,5,0
490435,490435,490440,5,0
490435,490437,490439,2,2
490435,490437,490440,3,2
490435,490437,490440,3,2
490435,490438,490439,1,3
490435,490435,490439,4,0
490435,490435,490441,6,0
490435,490435,490440,5,0
490435,490435,490440,5,0
490435,490435,490441,6,0
490435,490435,490441,6,0
490435,490440,490441,1,5
490435,490435,490440,5,0
490435,490440,490441,1,5
490435,490439,490440,1,4
490435,490435,490441,6,0
490435,490435,490441,6,0
490435,490439,490440,1,4
490435,490440,490441,1,5
490435,490435,490442,7,0
490435,490435,490442,7,0
490435,490435,490442,7,0
490435,490435,490442,7,0
490435,490440,490442,2,5
490435,490435,490442,7,0
490435,490440,490442,2,5
490435,490435,490442,7,0
490435,490440,490442,2,5
490435,490435,490442,7,0
490435,490435,490442,7,0
490435,490442,490443,1,7
490435,490435,490443,8,0
490435,490440,490443,3,5
490435,490435,490443,8,0
490435,490440,490443,3,5
490435,490435,490443,8,0
490435,490442,490443,1,7
490435,490442,490443,1,7
490435,490442,490443,1,7
490435,490435,490443,8,0
490435,490442,490443,1,7
490435,490442,490443,1,7
490435,490435,490443,8,0
490435,490442,490443,1,7
490435,490442,490443,1,7
490435,490441,490444,3,6
490435,490442,490444,2,7
490435,490435,490443,8,0
490435,490435,490444,9,0
490435,490441,490444,3,6
490435,490442,490444,2,7
490435,490441,490444,3,6
490435,490442,490444,2,7
490435,490443,490444,1,8
490435,490435,490445,10,0
490435,490435,490445,10,0
490435,490442,490445,3,7
490435,490442,490445,3,7
490435,490435,490445,10,0
490435,490435,490445,10,0
490435,490435,490446,11,0
490435,490435,490446,11,0
490435,490435,490447,12,0
490435,490435,490447,12,0
490435,490435,490448,13,0
490435,490435,490448,13,0
490435,490435,490450,15,0
490461,490461,490462,1,0
490461,490461,490462,1,0
490461,490461,490462,1,0
490461,490461,490462,1,0
490461,490461,490462,1,0
490461,490461,490463,2,0
490461,490462,490464,2,1
490461,490463,490464,1,2
490461,490462,490465,3,1
490461,490463,490464,1,2
490461,490462,490464,2,1
490461,490461,490466,5,0
490461,490461,490466,5,0
490461,490461,490466,5,0
490461,490463,490465,2,2
490461,490461,490466,5,0
490461,490461,490467,6,0
490461,490461,490467,6,0
490461,490461,490466,5,0
490461,490461,490467,6,0
490461,490461,490466,5,0
490461,490461,490466,5,0
490461,490465,490466,1,4
490461,490461,490466,5,0
490461,490466,490467,1,5
490461,490461,490467,6,0
490461,490465,490466,1,4
490461,490465,490467,2,4
490461,490465,490466,1,4
490461,490461,490466,5,0
490461,490465,490466,1,4
490461,490461,490467,6,0
490461,490461,490467,6,0
490461,490461,490468,7,0
490461,490466,490468,2,5
490461,490461,490468,7,0
490461,490461,490468,7,0
490461,490461,490468,7,0
490461,490461,490467,6,0
490461,490467,490468,1,6
490461,490461,490468,7,0
490461,490461,490467,6,0
490461,490461,490468,7,0
490461,490467,490468,1,6
490461,490467,490468,1,6
490461,490461,490469,8,0
490461,490466,490468,2,5
490461,490466,490469,3,5
490461,490461,490469,8,0
490461,490467,490469,2,6
490461,490467,490468,1,6
490461,490467,490468,1,6
490461,490461,490469,8,0
490461,490467,490468,1,6
490461,490467,490468,1,6
490461,490467,490469,2,6
490461,490467,490468,1,6
490461,490467,490468,1,6
490461,490467,490469,2,6
490461,490461,490470,9,0
490461,490467,490469,2,6
490461,490467,490469,2,6
490461,490467,490469,2,6
490461,490468,490471,3,7
490461,490468,490471,3,7
490461,490461,490471,10,0
490461,490467,490471,4,6
490461,490468,490471,3,7
490461,490461,490471,10,0
490461,490468,490470,2,7
490461,490461,490471,10,0
490461,490461,490471,10,0
490461,490461,490473,12,0
490461,490461,490473,12,0
490461,490461,490473,12,0
490461,490461,490473,12,0
490461,490461,490473,12,0
490461,490461,490474,13,0
490461,490461,490475,14,0
490486,490486,490487,1,0
490486,490486,490487,1,0
490486,490486,490487,1,0
490486,490486,490487,1,0
490486,490486,490487,1,0
490486,490486,490489,3,0
490486,490486,490490,4,0
490486,490486,490490,4,0
490486,490488,490490,2,2
490486,490488,490490,2,2
490486,490488,490490,2,2
490486,490488,490490,2,2
490486,490488,490490,2,2
490486,490486,490491,5,0
490486,490490,490491,1,4
490486,490490,490491,1,4
490486,490486,490491,5,0
490486,490489,490491,2,3
490486,490486,490491,5,0
490486,490486,490492,6,0
490486,490486,490492,6,0
490486,490486,490491,5,0
490486,490486,490492,6,0
490486,490486,490491,5,0
490486,490486,490492,6,0
490486,490490,490492,2,4
490486,490486,490492,6,0
490486,490490,490491,1,4
490486,490491,490492,1,5
490486,490490,490492,2,4
490486,490486,490492,6,0
490486,490490,490492,2,4
490486,490491,490492,1,5
490486,490486,490492,6,0
490486,490486,490493,7,0
490486,490486,490493,7,0
490486,490490,490493,3,4
490486,490486,490493,7,0
490486,490486,490493,7,0
490486,490491,490492,1,5
490486,490486,490493,7,0
490486,490492,490493,1,6
490486,490492,490493,1,6
490486,490486,490493,7,0
490486,490492,490493,1,6
490486,490492,490493,1,6
490486,490486,490492,6,0
490486,490493,490494,1,7
490486,490492,490494,2,6
490486,490486,490494,8,0
490486,490486,490493,7,0
490486,490491,490494,3,5
490486,490486,490494,8,0
490486,490492,490494,2,6
490486,490492,490494,2,6
490486,490491,490494,3,5
490486,490492,490494,2,6
490486,490493,490494,1,7
490486,490486,490495,9,0
490486,490492,490495,3,6
490486,490492,490495,3,6
490486,490486,490495,9,0
490486,490492,490495,3,6
490486,490486,490495,9,0
490486,490492,490494,2,6
490486,490493,490495,2,7
490486,490486,490495,9,0
490486,490486,490495,9,0
490486,490486,490495,9,0
490486,490486,490495,9,0
490486,490486,490495,9,0
490486,490486,490496,10,0
490486,490493,490496,3,7
490486,490486,490497,11,0
490486,490486,490498,12,0
490486,490486,490501,15,0
490486,490486,490502,16,0
490486,490486,490507,21,0
490518,490518,490519,1,0
490518,490518,490520,2,0
490518,490518,490519,1,0
490518,490518,490519,1,0
490518,490518,490519,1,0
490518,490519,490520,1,1
490518,490520,490521,1,2
490518,490520,490521,1,2
490518,490518,490521,3,0
490518,490520,490522,2,2
490518,490520,490521,1,2
490518,490520,490521,1,2
490518,490518,490523,5,0
490518,490518,490523,5,0
490518,490518,490523,5,0
490518,490518,490523,5,0
490518,490518,490522,4,0
490518,490521,490523,2,3
490518,490518,490523,5,0
490518,490522,490523,1,4
490518,490522,490523,1,4
490518,490521,490522,1,3
490518,490518,490524,6,0
490518,490518,490524,6,0
490518,490518,490524,6,0
490518,490523,490524,1,5
490518,490522,490524,2,4
490518,490522,490523,1,4
490518,490518,490523,5,0
490518,490523,490524,1,5
490518,490518,490525,7,0
490518,490518,490525,7,0
490518,490518,490525,7,0
490518,490518,490524,6,0
490518,490518,490525,7,0
490518,490518,490525,7,0
490518,490524,490525,1,6
490518,490518,490524,6,0
490518,490523,490525,2,5
490518,490518,490524,6,0
490518,490518,490525,7,0
490518,490524,490525,1,6
490518,490518,490525,7,0
490518,490523,490525,2,5
490518,490523,490525,2,5
490518,490525,490526,1,7
490518,490518,490526,8,0
490518,490523,490526,3,5
490518,490523,490526,3,5
490518,490518,490526,8,0
490518,490523,490526,3,5
490518,490518,490525,7,0
490518,490523,490526,3,5
490518,490523,490526,3,5
490518,490518,490526,8,0
490518,490525,490526,1,7
490518,490518,490526,8,0
490518,490524,490526,2,6
490518,490518,490526,8,0
490518,490525,490526,1,7
490518,490518,490527,9,0
490518,490524,490527,3,6
490518,490518,490527,9,0
490518,490525,490527,2,7
490518,490524,490526,2,6
490518,490525,490527,2,7
490518,490525,490527,2,7
490518,490524,490527,3,6
490518,490518,490527,9,0
490518,490518,490528,10,0
490518,490525,490527,2,7
490518,490518,490529,11,0
490518,490518,490529,11,0
490518,490518,490529,11,0
490518,490518,490529,11,0
490518,490518,490530,12,0
490518,490518,490531,13,0
490518,490518,490531,13,0
490518,490518,490533,15,0
490544,490544,490545,1,0
490544,490544,490545,1,0
490544,490544,490545,1,0
490544,490544,490545,1,0
490544,490544,490545,1,0
490544,490544,490547,3,0
490544,490545,490547,2,1
490544,490546,490547,1,2
490544,490546,490547,1,2
490544,490544,490548,4,0
490544,490544,490548,4,0
490544,490546,490548,2,2
490544,490545,490547,2,1
490544,490547,490548,1,3
490544,490547,490548,1,3
490544,490547,490548,1,3
490544,490544,490549,5,0
490544,490544,490549,5,0
490544,490544,490549,5,0
490544,490548,490549,1,4
490544,490544,490548,4,0
490544,490547,490548,1,3
490544,490548,490549,1,4
490544,490544,490549,5,0
490544,490544,490550,6,0
490544,490548,490549,1,4
490544,490548,490550,2,4
490544,490544,490550,6,0
490544,490548,490549,1,4
490544,490544,490550,6,0
490544,490544,490550,6,0
490544,490544,490550,6,0
490544,490544,490551,7,0
490544,490544,490551,7,0
490544,490544,490551,7,0
490544,490544,490551,7,0
490544,490549,490551,2,5
490544,490548,490551,3,4
490544,490548,490551,3,4
490544,490544,490551,7,0
490544,490549,490551,2,5
490544,490549,490551,2,5
490544,490550,490551,1,6
490544,490544,490550,6,0
490544,490550,490551,1,6
490544,490544,490551,7,0
490544,490544,490550,6,0
490544,490549,490551,2,5
490544,490549,490550,1,5
490544,490544,490552,8,0
490544,490544,490552,8,0
490544,490550,490552,2,6
490544,490549,490552,3,5
490544,490544,490552,8,0
490544,490544,490552,8,0
490544,490544,490552,8,0
490544,490549,490551,2,5
490544,490544,490552,8,0
490544,490544,490552,8,0
490544,490550,490551,1,6
490544,490550,490551,1,6
490544,490550,490552,2,6
490544,490550,490551,1,6
490544,490550,490551,1,6
490544,490544,490552,8,0
490544,490551,490553,2,7
490544,490544,490553,9,0
490544,490551,490553,2,7
490544,490551,490553,2,7
490544,490544,490553,9,0
490544,490544,490554,10,0
490544,490551,490553,2,7
490544,490544,490554,10,0
490544,490544,490554,10,0
490544,490544,490554,10,0
490544,490544,490555,11,0
490544,490544,490557,13,0
490544,490544,490561,17,0
490544,490544,490562,18,0
490573,490573,490574,1,0
490573,490573,490574,1,0
490573,490573,490575,2,0
490573,490573,490574,1,0
490573,490573,490574,1,0
490573,490573,490574,1,0
490573,490574,490576,2,1
490573,490575,490576,1,2
490573,490575,490577,2,2
490573,490575,490576,1,2
490573,490573,490578,5,0
490573,490573,490578,5,0
490573,490575,490578,3,2
490573,490577,490578,1,4
490573,490575,490577,2,2
490573,490577,490578,1,4
490573,490573,490578,5,0
490573,490573,490579,6,0
490573,490573,490578,5,0
490573,490573,490579,6,0
490573,490577,490578,1,4
490573,490573,490578,5,0
490573,490573,490579,6,0
490573,490577,490578,1,4
490573,490578,490579,1,5
490573,490573,490579,6,0
490573,490573,490579,6,0
490573,490573,490580,7,0
490573,490573,490579,6,0
490573,490578,490579,1,5
490573,490578,490579,1,5
490573,490573,490580,7,0
490573,490573,490580,7,0
490573,490579,490580,1,6
490573,490573,490579,6,0
490573,490573,490580,7,0
490573,490578,490579,1,5
490573,490573,490580,7,0
490573,490573,490579,6,0
490573,490578,490579,1,5
490573,490573,490579,6,0
490573,490573,490579,6,0
490573,490573,490580,7,0
490573,490573,490581,8,0
490573,490573,490580,7,0
490573,490573,490580,7,0
490573,490573,490580,7,0
490573,490573,490580,7,0
490573,490579,490581,2,6
490573,490573,490580,7,0
490573,490573,490580,7,0
490573,490580,490581,1,7
490573,490579,490581,2,6
490573,490580,490581,1,7
490573,490579,490581,2,6
490573,490579,490581,2,6
490573,490573,490581,8,0
490573,490580,490581,1,7
490573,490580,490581,1,7
490573,490579,490580,1,6
490573,490573,490581,8,0
490573,490580,490581,1,7
490573,490573,490581,8,0
490573,490579,490582,3,6
490573,490579,490581,2,6
490573,490573,490582,9,0
490573,490578,490581,3,5
490573,490573,490581,8,0
490573,490579,490581,2,6
490573,490580,490582,2,7
490573,490580,490581,1,7
490573,490580,490581,1,7
490573,490580,490581,1,7
490573,490580,490582,2,7
490573,490573,490583,10,0
490573,490573,490584,11,0
490573,490573,490584,11,0
490573,490573,490586,13,0
490573,490573,490586,13,0
490598,490598,490599,1,0
490598,490598,490599,1,0
490598,490598,490599,1,0
490598,490598,490599,1,0
490598,490598,490599,1,0
490598,490599,490600,1,1
490598,490598,490601,3,0
490598,490600,490602,2,2
490598,490599,490601,2,1
490598,490599,490602,3,1
490598,490599,490602,3,1
490598,490602,490603,1,4
490598,490598,490603,5,0
490598,490601,490603,2,3
490598,490598,490603,5,0
490598,490598,490604,6,0
490598,490602,490604,2,4
490598,490602,490603,1,4
490598,490598,490604,6,0
490598,490598,490604,6,0
490598,490598,490604,6,0
490598,490598,490604,6,0
490598,490603,490604,1,5
490598,490598,490604,6,0
490598,490598,490605,7,0
490598,490603,490604,1,5
490598,490598,490605,7,0
490598,490604,490605,1,6
490598,490598,490604,6,0
490598,490598,490604,6,0
490598,490603,490604,1,5
490598,490604,490605,1,6
490598,490603,490604,1,5
490598,490603,490604,1,5
490598,490598,490605,7,0
490598,490598,490605,7,0
490598,490598,490605,7,0
490598,490604,490605,1,6
490598,490605,490606,1,7
490598,490604,490605,1,6
490598,490605,490606,1,7
490598,490598,490606,8,0
490598,490605,490606,1,7
490598,490598,490606,8,0
490598,490604,490606,2,6
490598,490605,490606,1,7
490598,490605,490606,1,7
490598,490605,490606,1,7
490598,490605,490606,1,7
490598,490598,490607,9,0
490598,490598,490607,9,0
490598,490598,490607,9,0
490598,490598,490606,8,0
490598,490604,490606,2,6
490598,490605,490607,2,7
490598,490605,490607,2,7
490598,490605,490607,2,7
490598,490605,490606,1,7
490598,490605,490606,1,7
490598,490598,490608,10,0
490598,490598,490607,9,0
490598,490598,490607,9,0
490598,490598,490607,9,0
490598,490606,490608,2,8
490598,490605,490607,2,7
490598,490605,490607,2,7
490598,490598,490608,10,0
490598,490598,490609,11,0
490598,490598,490608,10,0
490598,490598,490608,10,0
490598,490598,490608,10,0
490598,490598,490609,11,0
490598,490598,490608,10,0
490598,490598,490610,12,0
490598,490598,490609,11,0
490598,490598,490610,12,0
490598,490598,490611,13,0
490598,490598,490611,13,0
490598,490598,490612,14,0
490624,490624,490625,1,0
490624,490624,490625,1,0
490624,490624,490625,1,0
490624,490624,490625,1,0
490624,490624,490625,1,0
490624,490626,490627,1,2
490624,490624,490628,4,0
490624,490626,490628,2,2
490624,490626,490628,2,2
490624,490627,490628,1,3
490624,490626,490628,2,2
490624,490626,490629,3,2
490624,490624,490630,6,0
490624,490628,490630,2,4
490624,490624,490630,6,0
490624,490628,490630,2,4
490624,490624,490630,6,0
490624,490624,490630,6,0
490624,490628,490630,2,4
490624,490624,490629,5,0
490624,490624,490630,6,0
490624,490628,490630,2,4
490624,490624,490630,6,0
490624,490624,490631,7,0
490624,490624,490631,7,0
490624,490624,490631,7,0
490624,490624,490631,7,0
490624,490629,490630,1,5
490624,490624,490630,6,0
490624,490624,490631,7,0
490624,490624,490631,7,0
490624,490629,490631,2,5
490624,490624,490631,7,0
490624,490624,490632,8,0
490624,490624,490631,7,0
490624,490624,490632,8,0
490624,490624,490631,7,0
490624,490624,490631,7,0
490624,490624,490632,8,0
490624,490630,490632,2,6
490624,490630,490631,1,6
490624,490630,490631,1,6
490624,490631,490632,1,7
490624,490630,490632,2,6
490624,490630,490632,2,6
490624,490631,490632,1,7
490624,490631,490632,1,7
490624,490630,490632,2,6
490624,490630,490632,2,6
490624,490631,490632,1,7
490624,490631,490632,1,7
490624,490630,490632,2,6
490624,490630,490632,2,6
490624,490630,490632,2,6
490624,490624,490632,8,0
490624,490624,490632,8,0
490624,490631,490633,2,7
490624,490631,490633,2,7
490624,490631,490633,2,7
490624,490631,490632,1,7
490624,490631,490633,2,7
490624,490624,490633,9,0
490624,490624,490634,10,0
490624,490624,490633,9,0
490624,490632,490634,2,8
490624,490624,490634,10,0
490624,490631,490633,2,7
490624,490632,490634,2,8
490624,490624,490635,11,0
490624,490624,490636,12,0
490624,490624,490636,12,0
490624,490624,490636,12,0
490624,490624,490636,12,0
490624,490624,490637,13,0
490624,490624,490637,13,0
490624,490624,490637,13,0
490624,490624,490639,15,0
490624,490624,490639,15,0
490624,490624,490641,17,0
490653,490653,490654,1,0
490653,490653,490654,1,0
490653,490653,490655,2,0
490653,490653,490654,1,0
490653,490653,490654,1,0
490653,490653,490656,3,0
490653,490654,490657,3,1
490653,490655,490656,1,2
490653,490655,490657,2,2
490653,490654,490657,3,1
490653,490655,490657,2,2
490653,490656,490657,1,3
490653,490653,490659,6,0
490653,490657,490659,2,4
490653,490657,490659,2,4
490653,490657,490659,2,4
490653,490657,490659,2,4
490653,490653,490659,6,0
490653,490653,490658,5,0
490653,490653,490659,6,0
490653,490653,490659,6,0
490653,490657,490659,2,4
490653,490653,490660,7,0
490653,490653,490659,6,0
490653,490653,490660,7,0
490653,490653,490659,6,0
490653,490653,490660,7,0
490653,490653,490660,7,0
490653,490653,490660,7,0
490653,490653,490659,6,0
490653,490653,490660,7,0
490653,490657,490660,3,4
490653,490659,490660,1,6
490653,490653,490660,7,0
490653,490653,490661,8,0
490653,490653,490661,8,0
490653,490653,490661,8,0
490653,490653,490661,8,0
490653,490653,490660,7,0
490653,490653,490660,7,0
490653,490653,490660,7,0
490653,490659,490661,2,6
490653,490660,490661,1,7
490653,490659,490661,2,6
490653,490659,490661,2,6
490653,490653,490660,7,0
490653,490659,490661,2,6
490653,490660,490661,1,7
490653,490659,490661,2,6
490653,490659,490661,2,6
490653,490659,490660,1,6
490653,490659,490661,2,6
490653,490660,490661,1,7
490653,490660,490662,2,7
490653,490653,490662,9,0
490653,490660,490662,2,7
490653,490660,490662,2,7
490653,490660,490662,2,7
490653,490660,490662,2,7
490653,490660,490662,2,7
490653,490660,490662,2,7
490653,490661,490662,1,8
490653,490653,490663,10,0
490653,490653,490662,9,0
490653,490661,490663,2,8
490653,490653,490663,10,0
490653,490660,490662,2,7
490653,490653,490664,11,0
490653,490653,490664,11,0
490653,490653,490663,10,0
490653,490653,490663,10,0
490653,490653,490665,12,0
490653,490659,490664,5,6
490653,490653,490665,12,0
490653,490653,490665,12,0
490653,490653,490666,13,0
490653,490653,490666,13,0
490653,490653,490667,14,0
490653,490653,490668,15,0
490679,490679,490680,1,0
490679,490679,490680,1,0
490679,490679,490680,1,0
490679,490679,490680,1,0
490679,490679,490680,1,0
490679,490679,490682,3,0
490679,490680,490682,2,1
490679,490680,490682,2,1
490679,490681,490682,1,2
490679,490681,490683,2,2
490679,490681,490682,1,2
490679,490682,490683,1,3
490679,490682,490684,2,3
490679,490679,490684,5,0
490679,490682,490685,3,3
490679,490683,490685,2,4
490679,490683,490685,2,4
490679,490683,490685,2,4
490679,490679,490686,7,0
490679,490679,490686,7,0
490679,490679,490686,7,0
490679,490679,490685,6,0
490679,490683,490685,2,4
490679,490679,490686,7,0
490679,490684,490686,2,5
490679,490679,490686,7,0
490679,490679,490686,7,0
490679,490679,490686,7,0
490679,490679,490686,7,0
490679,490679,490687,8,0
490679,490679,490686,7,0
490679,490679,490686,7,0
490679,490679,490687,8,0
490679,490679,490687,8,0
490679,490679,490687,8,0
490679,490679,490687,8,0
490679,490685,490687,2,6
490679,490685,490687,2,6
490679,490679,490686,7,0
490679,490679,490687,8,0
490679,490684,490687,3,5
490679,490685,490687,2,6
490679,490687,490688,1,8
490679,490679,490688,9,0
490679,490679,490688,9,0
490679,490679,490688,9,0
490679,490679,490688,9,0
490679,490686,490688,2,7
490679,490686,490688,2,7
490679,490686,490688,2,7
490679,490686,490687,1,7
490679,490687,490688,1,8
490679,490686,490688,2,7
490679,490686,490688,2,7
490679,490687,490688,1,8
490679,490687,490688,1,8
490679,490685,490688,3,6
490679,490686,490688,2,7
490679,490686,490688,2,7
490679,490686,490688,2,7
490679,490679,490689,10,0
490679,490687,490688,1,8
490679,490687,490689,2,8
490679,490679,490690,11,0
490679,490679,490689,10,0
490679,490679,490690,11,0
490679,490687,490689,2,8
490679,490679,490690,11,0
490679,490679,490691,12,0
490679,490679,490691,12,0
490679,490679,490691,12,0
490679,490679,490691,12,0
490679,490687,490690,3,8
490679,490679,490691,12,0
490679,490679,490692,13,0
490679,490679,490691,12,0
490679,490679,490695,16,0
490679,490679,490695,16,0
490679,490679,490699,20,0
490710,490710,490711,1,0
490710,490710,490711,1,0
490710,490710,490712,2,0
490710,490710,490712,2,0
490710,490710,490711,1,0
490710,490710,490713,3,0
490710,490712,490713,1,2
490710,490712,490713,1,2
490710,490712,490714,2,2
490710,490712,490714,2,2
490710,490712,490714,2,2
490710,490710,490715,5,0
490710,490713,490715,2,3
490710,490710,490715,5,0
490710,490713,490715,2,3
490710,490710,490716,6,0
490710,490714,490716,2,4
490710,490710,490716,6,0
490710,490710,490716,6,0
490710,490710,490717,7,0
490710,490714,490717,3,4
490710,490710,490717,7,0
490710,490714,490717,3,4
490710,490710,490717,7,0
490710,490710,490717,7,0
490710,490710,490718,8,0
490710,490714,490717,3,4
490710,490715,490717,2,5
490710,490717,490718,1,7
490710,490710,490717,7,0
490710,490716,490717,1,6
490710,490716,490717,1,6
490710,490710,490718,8,0
490710,490710,490718,8,0
490710,490710,490718,8,0
490710,490710,490717,7,0
490710,490710,490718,8,0
490710,490710,490718,8,0
490710,490710,490718,8,0
490710,490716,490718,2,6
490710,490716,490718,2,6
490710,490718,490719,1,8
490710,490718,490719,1,8
490710,490710,490718,8,0
490710,490718,490719,1,8
490710,490710,490719,9,0
490710,490710,490719,9,0
490710,490710,490719,9,0
490710,490717,490719,2,7
490710,490710,490719,9,0
490710,490710,490719,9,0
490710,490715,490719,4,5
490710,490710,490719,9,0
490710,490718,490719,1,8
490710,490718,490719,1,8
490710,490710,490719,9,0
490710,490718,490719,1,8
490710,490718,490719,1,8
490710,490718,490719,1,8
490710,490718,490719,1,8
490710,490718,490719,1,8
490710,490718,490719,1,8
490710,490710,490720,10,0
490710,490710,490720,10,0
490710,490710,490720,10,0
490710,490710,490721,11,0
490710,490710,490721,11,0
490710,490710,490721,11,0
490710,490718,490721,3,8
490710,490718,490721,3,8
490710,490718,490721,3,8
490710,490710,490721,11,0
490710,490710,490721,11,0
490710,490710,490728,18,0
490710,490710,490728,18,0
490710,490710,490728,18,0
490710,490710,490729,19,0
490740,490740,490741,1,0
490740,490740,490741,1,0
490740,490740,490741,1,0
490740,490740,490741,1,0
490740,490740,490741,1,0
490740,490740,490742,2,0
490740,490741,490742,1,1
490740,490740,490743,3,0
490740,490741,490742,1,1
490740,490741,490742,1,1
490740,490740,490743,3,0
490740,490742,490743,1,2
490740,490742,490743,1,2
490740,490740,490744,4,0
490740,490740,490744,4,0
490740,490740,490744,4,0
490740,490740,490745,5,0
490740,490740,490744,4,0
490740,490743,490744,1,3
490740,490740,490745,5,0
490740,490743,490744,1,3
490740,490743,490744,1,3
490740,490740,490744,4,0
490740,490740,490745,5,0
490740,490740,490745,5,0
490740,490740,490746,6,0
490740,490740,490745,5,0
490740,490740,490745,5,0
490740,490743,490746,3,3
490740,490740,490745,5,0
490740,490744,490745,1,4
490740,490745,490746,1,5
490740,490740,490745,5,0
490740,490740,490745,5,0
490740,490744,490746,2,4
490740,490740,490746,6,0
490740,490740,490746,6,0
490740,490740,490746,6,0
490740,490740,490747,7,0
490740,490745,490746,1,5
490740,490745,490747,2,5
490740,490740,490747,7,0
490740,490745,490746,1,5
490740,490740,490746,6,0
490740,490746,490747,1,6
490740,490745,490746,1,5
490740,490746,490747,1,6
490740,490740,490747,7,0
490740,490745,490747,2,5
490740,490740,490747,7,0
490740,490746,490748,2,6
490740,490740,490748,8,0
490740,490745,490747,2,5
490740,490745,490747,2,5
490740,490745,490748,3,5
490740,490740,490747,7,0
490740,490740,490747,7,0
490740,490746,490748,2,6
490740,490746,490747,1,6
490740,490746,490747,1,6
490740,490746,490747,1,6
490740,490746,490747,1,6
490740,490740,490748,8,0
490740,490746,490747,1,6
490740,490746,490748,2,6
490740,490740,490748,8,0
490740,490744,490748,4,4
490740,490746,490748,2,6
490740,490744,490749,5,4
490740,490740,490748,8,0
490740,490746,490748,2,6
490740,490740,490748,8,0
490740,490740,490749,9,0
490740,490740,490750,10,0
490740,490743,490749,6,3
490740,490740,490749,9,0
490740,490740,490751,11,0
490740,490740,490751,11,0
490740,490740,490751,11,0
490764,490764,490765,1,0
490764,490764,490765,1,0
490764,490764,490765,1,0
490764,490764,490765,1,0
490764,490764,490766,2,0
490764,490764,490765,1,0
490764,490764,490767,3,0
490764,490764,490767,3,0
490764,490765,490766,1,1
490764,490765,490767,2,1
490764,490766,490767,1,2
490764,490764,490767,3,0
490764,490764,490767,3,0
490764,490764,490768,4,0
490764,490764,490767,3,0
490764,490764,490767,3,0
490764,490766,490768,2,2
490764,490764,490768,4,0
490764,490766,490767,1,2
490764,490764,490769,5,0
490764,490766,490768,2,2
490764,490764,490768,4,0
490764,490764,490768,4,0
490764,490764,490769,5,0
490764,490767,490769,2,3
490764,490764,490769,5,0
490764,490767,490768,1,3
490764,490764,490768,4,0
490764,490764,490768,4,0
490764,490768,490770,2,4
490764,490768,490770,2,4
490764,490768,490769,1,4
490764,490764,490769,5,0
490764,490767,490769,2,3
490764,490764,490770,6,0
490764,490764,490770,6,0
490764,490768,490769,1,4
490764,490764,490771,7,0
490764,490764,490771,7,0
490764,490767,490770,3,3
490764,490768,490770,2,4
490764,490764,490771,7,0
490764,490769,490770,1,5
490764,490769,490770,1,5
490764,490764,490771,7,0
490764,490764,490771,7,0
490764,490768,490771,3,4
490764,490768,490770,2,4
490764,490769,490771,2,5
490764,490764,490770,6,0
490764,490769,490771,2,5
490764,490769,490770,1,5
490764,490770,490771,1,6
490764,490764,490770,6,0
490764,490769,490771,2,5
490764,490769,490770,1,5
490764,490768,490772,4,4
490764,490764,490772,8,0
490764,490768,490772,4,4
490764,490764,490772,8,0
490764,490769,490772,3,5
490764,490764,490772,8,0
490764,490770,490771,1,6
490764,490770,490772,2,6
490764,490770,490771,1,6
490764,490764,490771,7,0
490764,490770,490772,2,6
490764,490769,490771,2,5
490764,490764,490773,9,0
490764,490764,490773,9,0
490764,490764,490772,8,0
490764,490769,490772,3,5
490764,490770,490772,2,6
490764,490764,490772,8,0
490764,490764,490774,10,0
490764,490764,490774,10,0
490764,490764,490774,10,0
490764,490764,490775,11,0
490764,490764,490778,14,0
490790,490790,490791,1,0
490790,490790,490791,1,0
490790,490790,490791,1,0
490790,490790,490791,1,0
490790,490790,490791,1,0
490790,490790,490792,2,0
490790,490790,490793,3,0
490790,490790,490794,4,0
490790,490792,490793,1,2
490790,490791,490793,2,1
490790,490790,490793,3,0
490790,490791,490793,2,1
490790,490792,490794,2,2
490790,490790,490794,4,0
490790,490790,490795,5,0
490790,490792,490795,3,2
490790,490792,490795,3,2
490790,490790,490795,5,0
490790,490790,490795,5,0
490790,490790,490795,5,0
490790,490790,490795,5,0
490790,490790,490795,5,0
490790,490790,490796,6,0
490790,490790,490796,6,0
490790,490790,490795,5,0
490790,490790,490795,5,0
490790,490794,490796,2,4
490790,490790,490796,6,0
490790,490790,490796,6,0
490790,490794,490796,2,4
490790,490794,490795,1,4
490790,490794,490795,1,4
490790,490794,490796,2,4
490790,490790,490797,7,0
490790,490790,490796,6,0
490790,490790,490797,7,0
490790,490794,490796,2,4
490790,490793,490797,4,3
490790,490790,490796,6,0
490790,490790,490796,6,0
490790,490795,490796,1,5
490790,490790,490796,6,0
490790,490795,490796,1,5
490790,490796,490797,1,6
490790,490796,490797,1,6
490790,490796,490797,1,6
490790,490790,490797,7,0
490790,490790,490797,7,0
490790,490790,490797,7,0
490790,490790,490797,7,0
490790,490790,490797,7,0
490790,490795,490797,2,5
490790,490796,490797,1,6
490790,490796,490797,1,6
490790,490796,490797,1,6
490790,490796,490797,1,6
490790,490796,490797,1,6
490790,490796,490797,1,6
490790,490796,490797,1,6
490790,490790,490797,7,0
490790,490790,490797,7,0
490790,490796,490797,1,6
490790,490790,490799,9,0
490790,490797,490799,2,7
490790,490790,490799,9,0
490790,490797,490798,1,7
490790,490796,490799,3,6
490790,490795,490799,4,5
490790,490795,490798,3,5
490790,490796,490798,2,6
490790,490790,490799,9,0
490790,490796,490799,3,6
490790,490790,490800,10,0
490790,490790,490799,9,0
490790,490790,490799,9,0
490790,490796,490799,3,6
490790,490790,490801,11,0
490790,490790,490800,10,0
490790,490790,490803,13,0
490815,490815,490816,1,0
490815,490815,490816,1,0
490815,490815,490816,1,0
490815,490815,490816,1,0
490815,490815,490816,1,0
490815,490815,490817,2,0
490815,490815,490818,3,0
490815,490817,490819,2,2
490815,490816,490819,3,1
490815,490817,490819,2,2
490815,490815,490820,5,0
490815,490815,490820,5,0
490815,490815,490820,5,0
490815,490815,490820,5,0
490815,490816,490820,4,1
490815,490815,490821,6,0
490815,490815,490821,6,0
490815,490815,490821,6,0
490815,490815,490821,6,0
490815,490817,490821,4,2
490815,490815,490821,6,0
490815,490815,490821,6,0
490815,490815,490821,6,0
490815,490817,490821,4,2
490815,490815,490821,6,0
490815,490819,490821,2,4
490815,490815,490821,6,0
490815,490819,490821,2,4
490815,490820,490821,1,5
490815,490815,490822,7,0
490815,490815,490822,7,0
490815,490818,490822,4,3
490815,490815,490822,7,0
490815,490815,490822,7,0
490815,490815,490822,7,0
490815,490815,490822,7,0
490815,490815,490822,7,0
490815,490815,490822,7,0
490815,490821,490822,1,6
490815,490815,490822,7,0
490815,490821,490822,1,6
490815,490821,490822,1,6
490815,490822,490823,1,7
490815,490815,490823,8,0
490815,490815,490823,8,0
490815,490815,490823,8,0
490815,490820,490823,3,5
490815,490822,490823,1,7
490815,490822,490823,1,7
490815,490822,490823,1,7
490815,490820,490823,3,5
490815,490822,490823,1,7
490815,490822,490823,1,7
490815,490822,490823,1,7
490815,490822,490823,1,7
490815,490822,490823,1,7
490815,490815,490823,8,0
490815,490822,490823,1,7
490815,490822,490823,1,7
490815,490822,490824,2,7
490815,490823,490824,1,8
490815,490815,490824,9,0
490815,490821,490824,3,6
490815,490823,490824,1,8
490815,490822,490824,2,7
490815,490815,490824,9,0
490815,490815,490825,10,0
490815,490822,490825,3,7
490815,490815,490825,10,0
490815,490815,490825,10,0
490815,490815,490825,10,0
490815,490815,490825,10,0
490815,490823,490825,2,8
490815,490823,490825,2,8
490815,490815,490825,10,0
490815,490815,490828,13,0
490815,490822,490828,6,7
490815,490815,490828,13,0
490815,490815,490830,15,0
490842,490842,490843,1,0
490842,490842,490843,1,0
490842,490842,490843,1,0
490842,490842,490843,1,0
490842,490842,490843,1,0
490842,490842,490844,2,0
490842,490842,490845,3,0
490842,490842,490845,3,0
490842,490842,490846,4,0
490842,490842,490846,4,0
490842,490844,490845,1,2
490842,490842,490846,4,0
490842,490842,490846,4,0
490842,490842,490846,4,0
490842,490844,490846,2,2
490842,490842,490846,4,0
490842,490842,490847,5,0
490842,490843,490847,4,1
490842,490842,490847,5,0
490842,490844,490846,2,2
490842,490844,490846,2,2
490842,490845,490846,1,3
490842,490846,490847,1,4
490842,490847,490848,1,5
490842,490842,490847,5,0
490842,490846,490847,1,4
490842,490846,490847,1,4
490842,490842,490847,5,0
490842,490842,490847,5,0
490842,490842,490847,5,0
490842,490842,490849,7,0
490842,490842,490849,7,0
490842,490842,490849,7,0
490842,490842,490848,6,0
490842,490842,490848,6,0
490842,490847,490849,2,5
490842,490842,490849,7,0
490842,490842,490849,7,0
490842,490842,490848,6,0
490842,490842,490848,6,0
490842,490847,490848,1,5
490842,490847,490848,1,5
490842,490842,490848,6,0
490842,490847,490848,1,5
490842,490847,490848,1,5
490842,490847,490848,1,5
490842,490847,490848,1,5
490842,490848,490849,1,6
490842,490842,490849,7,0
490842,490848,490849,1,6
490842,490848,490849,1,6
490842,490847,490848,1,5
490842,490847,490849,2,5
490842,490847,490848,1,5
490842,490848,490849,1,6
490842,490842,490849,7,0
490842,490846,490850,4,4
490842,490846,490850,4,4
490842,490842,490850,8,0
490842,490846,490849,3,4
490842,490848,490849,1,6
490842,490848,490849,1,6
490842,490848,490849,1,6
490842,490842,490850,8,0
490842,490849,490851,2,7
490842,490849,490851,2,7
490842,490849,490851,2,7
490842,490849,490851,2,7
490842,490842,490852,10,0
490842,490842,490851,9,0
490842,490849,490851,2,7
490842,490842,490851,9,0
490842,490842,490852,10,0
490842,490842,490853,11,0
490842,490842,490852,10,0
490842,490842,490853,11,0
490842,490842,490854,12,0
490842,490842,490855,13,0
490842,490842,490857,15,0
490869,490869,490870,1,0
490869,490869,490870,1,0
490869,490869,490870,1,0
490869,490869,490870,1,0
490869,490869,490870,1,0
490869,490869,490870,1,0
490869,490870,490872,2,1
490869,490870,490871,1,1
490869,490870,490871,1,1
490869,490870,490871,1,1
490869,490869,490873,4,0
490869,490871,490873,2,2
490869,490869,490873,4,0
490869,490869,490872,3,0
490869,490869,490874,5,0
490869,490869,490873,4,0
490869,490869,490874,5,0
490869,490869,490873,4,0
490869,490869,490873,4,0
490869,490869,490874,5,0
490869,490869,490874,5,0
490869,490872,490874,2,3
490869,490869,490874,5,0
490869,490871,490873,2,2
490869,490872,490873,1,3
490869,490869,490873,4,0
490869,490869,490874,5,0
490869,490872,490874,2,3
490869,490869,490874,5,0
490869,490872,490874,2,3
490869,490873,490874,1,4
490869,490869,490875,6,0
490869,490869,490874,5,0
490869,490869,490874,5,0
490869,490869,490875,6,0
490869,490869,490875,6,0
490869,490873,490874,1,4
490869,490869,490875,6,0
490869,490869,490874,5,0
490869,490869,490874,5,0
490869,490869,490874,5,0
490869,490869,490874,5,0
490869,490869,490874,5,0
490869,490869,490875,6,0
490869,490869,490874,5,0
490869,490874,490875,1,5
490869,490869,490875,6,0
490869,490869,490875,6,0
490869,490869,490876,7,0
490869,490873,490875,2,4
490869,490874,490875,1,5
490869,490874,490875,1,5
490869,490874,490875,1,5
490869,490873,490876,3,4
490869,490875,490876,1,6
490869,490874,490875,1,5
490869,490874,490875,1,5
490869,490869,490876,7,0
490869,490874,490875,1,5
490869,490874,490875,1,5
490869,490874,490875,1,5
490869,490869,490876,7,0
490869,490874,490875,1,5
490869,490874,490875,1,5
490869,490869,490877,8,0
490869,490875,490877,2,6
490869,490869,490876,7,0
490869,490874,490876,2,5
490869,490869,490876,7,0
490869,490874,490877,3,5
490869,490874,490876,2,5
490869,490869,490877,8,0
490869,490874,490877,3,5
490869,490874,490877,3,5
490869,490875,490876,1,6
490869,490875,490877,2,6
490869,490869,490878,9,0
490869,490869,490878,9,0
490869,490874,490878,4,5
490890,490890,490891,1,0
490890,490890,490891,1,0
490890,490890,490891,1,0
490890,490890,490891,1,0
490890,490890,490891,1,0
490890,490890,490891,1,0
490890,490890,490892,2,0
490890,490891,490893,2,1
490890,490890,490894,4,0
490890,490892,490893,1,2
490890,490893,490894,1,3
490890,490892,490893,1,2
490890,490890,490894,4,0
490890,490890,490894,4,0
490890,490890,490894,4,0
490890,490892,490894,2,2
490890,490890,490894,4,0
490890,490892,490894,2,2
490890,490892,490894,2,2
490890,490892,490894,2,2
490890,490890,490894,4,0
490890,490890,490894,4,0
490890,490890,490895,5,0
490890,490890,490895,5,0
490890,490890,490895,5,0
490890,490890,490895,5,0
490890,490895,490896,1,5
490890,490890,490895,5,0
490890,490890,490895,5,0
490890,490890,490895,5,0
490890,490894,490895,1,4
490890,490895,490896,1,5
490890,490890,490895,5,0
490890,490894,490895,1,4
490890,490890,490896,6,0
490890,490890,490896,6,0
490890,490890,490896,6,0
490890,490895,490897,2,5
490890,490890,490896,6,0
490890,490890,490897,7,0
490890,490894,490896,2,4
490890,490890,490896,6,0
490890,490895,490896,1,5
490890,490895,490896,1,5
490890,490895,490896,1,5
490890,490890,490896,6,0
490890,490896,490897,1,6
490890,490896,490897,1,6
490890,490890,490897,7,0
490890,490895,490896,1,5
490890,490896,490897,1,6
490890,490896,490897,1,6
490890,490890,490897,7,0
490890,490895,490897,2,5
490890,490890,490897,7,0
490890,490890,490898,8,0
490890,490895,490897,2,5
490890,490896,490898,2,6
490890,490890,490897,7,0
490890,490896,490897,1,6
490890,490896,490897,1,6
490890,490896,490897,1,6
490890,490896,490897,1,6
490890,490896,490897,1,6
490890,490890,490898,8,0
490890,490894,490898,4,4
490890,490890,490898,8,0
490890,490890,490898,8,0
490890,490890,490898,8,0
490890,490897,490899,2,7
490890,490896,490899,3,6
490890,490896,490899,3,6
490890,490890,490899,9,0
490890,490895,490899,4,5
490890,490890,490899,9,0
490890,490890,490899,9,0
490890,490890,490900,10,0
490890,490890,490900,10,0
490890,490890,490902,12,0
490913,490913,490914,1,0
490913,490913,490914,1,0
490913,490913,490915,2,0
490913,490913,490915,2,0
490913,490913,490915,2,0
490913,490914,490916,2,1
490913,490914,490916,2,1
490913,490913,490916,3,0
490913,490915,490916,1,2
490913,490913,490916,3,0
490913,490915,490916,1,2
490913,490913,490917,4,0
490913,490917,490918,1,4
490913,490916,490917,1,3
490913,490916,490917,1,3
490913,490914,490918,4,1
490913,490913,490918,5,0
490913,490916,490918,2,3
490913,490913,490920,7,0
490913,490913,490920,7,0
490913,490913,490918,5,0
490913,490913,490918,5,0
490913,490917,490918,1,4
490913,490913,490918,5,0
490913,490913,490918,5,0
490913,490917,490918,1,4
490913,490913,490918,5,0
490913,490913,490920,7,0
490913,490913,490920,7,0
490913,490917,490920,3,4
490913,490917,490920,3,4
490913,490914,490921,7,1
490913,490917,490920,3,4
490913,490918,490920,2,5
490913,490920,490921,1,7
490913,490913,490921,8,0
490913,490913,490921,8,0
490913,490913,490920,7,0
490913,490920,490921,1,7
490913,490920,490921,1,7
490913,490920,490921,1,7
490913,490918,490920,2,5
490913,490918,490920,2,5
490913,490920,490921,1,7
490913,490920,490921,1,7
490913,490913,490921,8,0
490913,490913,490922,9,0
490913,490913,490921,8,0
490913,490913,490921,8,0
490913,490913,490921,8,0
490913,490913,490921,8,0
490913,490913,490921,8,0
490913,490920,490921,1,7
490913,490913,490922,9,0
490913,490920,490921,1,7
490913,490920,490921,1,7
490913,490913,490922,9,0
490913,490921,490922,1,8
490913,490913,490922,9,0
490913,490920,490921,1,7
490913,490921,490922,1,8
490913,490920,490921,1,7
490913,490921,490922,1,8
490913,490913,490922,9,0
490913,490921,490922,1,8
490913,490913,490922,9,0
490913,490921,490922,1,8
490913,490921,490923,2,8
490913,490920,490922,2,7
490913,490913,490923,10,0
490913,490913,490923,10,0
490913,490920,490922,2,7
490913,490920,490923,3,7
490913,490913,490923,10,0
490913,490921,490923,2,8
490913,490913,490924,11,0
490913,490913,490925,12,0
490913,490913,490925,12,0
490913,490913,490927,14,0
490939,490939,490940,1,0
490939,490939,490940,1,0
490939,490939,490940,1,0
490939,490939,490940,1,0
490939,490939,490940,1,0
490939,490939,490941,2,0
490939,490941,490942,1,2
490939,490939,490942,3,0
490939,490939,490942,3,0
490939,490941,490942,1,2
490939,490939,490942,3,0
490939,490941,490942,1,2
490939,490941,490942,1,2
490939,490941,490942,1,2
490939,490939,490944,5,0
490939,490939,490943,4,0
490939,490939,490944,5,0
490939,490943,490944,1,4
490939,490942,490943,1,3
490939,490939,490944,5,0
490939,490943,490944,1,4
490939,490939,490945,6,0
490939,490943,490945,2,4
490939,490939,490945,6,0
490939,490943,490945,2,4
490939,490939,490944,5,0
490939,490944,490945,1,5
490939,490939,490944,5,0
490939,490943,490945,2,4
490939,490939,490945,6,0
490939,490939,490945,6,0
490939,490939,490946,7,0
490939,490939,490946,7,0
490939,490939,490946,7,0
490939,490944,490946,2,5
490939,490939,490946,7,0
490939,490945,490946,1,6
490939,490944,490945,1,5
490939,490945,490946,1,6
490939,490945,490947,2,6
490939,490939,490947,8,0
490939,490939,490946,7,0
490939,490943,490947,4,4
490939,490939,490947,8,0
490939,490945,490946,1,6
490939,490945,490946,1,6
490939,490945,490946,1,6
490939,490946,490947,1,7
490939,490939,490947,8,0
490939,490945,490946,1,6
490939,490945,490946,1,6
490939,490939,490946,7,0
490939,490939,490947,8,0
490939,490945,490947,2,6
490939,490939,490947,8,0
490939,490945,490947,2,6
490939,490939,490948,9,0
490939,490939,490948,9,0
490939,490939,490947,8,0
490939,490944,490948,4,5
490939,490946,490948,2,7
490939,490939,490948,9,0
490939,490944,490948,4,5
490939,490946,490948,2,7
490939,490943,490947,4,4
490939,490939,490948,9,0
490939,490946,490947,1,7
490939,490939,490949,10,0
490939,490946,490949,3,7
490939,490946,490949,3,7
490939,490939,490949,10,0
490939,490939,490948,9,0
490939,490939,490949,10,0
490939,490939,490949,10,0
490939,490939,490950,11,0
490939,490939,490950,11,0
490939,490939,490951,12,0
490939,490939,490951,12,0
490939,490943,490952,9,4
490964,490964,490965,1,0
490964,490964,490965,1,0
490964,490964,490965,1,0
490964,490964,490966,2,0
490964,490964,490965,1,0
490964,490964,490967,3,0
490964,490964,490968,4,0
490964,490964,490967,3,0
490964,490964,490967,3,0
490964,490964,490968,4,0
490964,490964,490968,4,0
490964,490964,490967,3,0
490964,490964,490968,4,0
490964,490966,490967,1,2
490964,490966,490968,2,2
490964,490966,490967,1,2
490964,490966,490968,2,2
490964,490966,490967,1,2
490964,490968,490969,1,4
490964,490964,490969,5,0
490964,490968,490969,1,4
490964,490968,490969,1,4
490964,490964,490968,4,0
490964,490964,490968,4,0
490964,490967,490968,1,3
490964,490964,490970,6,0
490964,490964,490970,6,0
490964,490964,490969,5,0
490964,490969,490970,1,5
490964,490968,490969,1,4
490964,490968,490969,1,4
490964,490964,490970,6,0
490964,490968,490970,2,4
490964,490968,490970,2,4
490964,490964,490971,7,0
490964,490969,490970,1,5
490964,490970,490971,1,6
490964,490968,490970,2,4
490964,490964,490971,7,0
490964,490969,490970,1,5
490964,490968,490971,3,4
490964,490969,490970,1,5
490964,490970,490971,1,6
490964,490969,490970,1,5
490964,490970,490971,1,6
490964,490964,490971,7,0
490964,490964,490971,7,0
490964,490970,490971,1,6
490964,490970,490971,1,6
490964,490964,490971,7,0
490964,490968,490971,3,4
490964,490964,490971,7,0
490964,490968,490971,3,4
490964,490969,490971,2,5
490964,490964,490971,7,0
490964,490968,490971,3,4
490964,490969,490971,2,5
490964,490964,490971,7,0
490964,490971,490972,1,7
490964,490964,490972,8,0
490964,490964,490971,7,0
490964,490964,490973,9,0
490964,490964,490972,8,0
490964,490971,490973,2,7
490964,490970,490972,2,6
490964,490964,490973,9,0
490964,490964,490972,8,0
490964,490964,490973,9,0
490964,490964,490974,10,0
490964,490971,490973,2,7
490964,490971,490973,2,7
490964,490964,490974,10,0
490964,490964,490974,10,0
490964,490964,490974,10,0
490964,490964,490975,11,0
490964,490964,490976,12,0
490964,490964,490976,12,0
490964,490964,490977,13,0
490964,490964,490977,13,0
490989,490989,490990,1,0
490989,490989,490990,1,0
490989,490989,490990,1,0
490989,490989,490990,1,0
490989,490989,490990,1,0
490989,490989,490991,2,0
490989,490990,490991,1,1
490989,490989,490993,4,0
490989,490989,490993,4,0
490989,490989,490992,3,0
490989,490989,490993,4,0
490989,490989,490993,4,0
490989,490989,490993,4,0
490989,490991,490992,1,2
490989,490991,490992,1,2
490989,490991,490993,2,2
490989,490990,490992,2,1
490989,490991,490992,1,2
490989,490992,490993,1,3
490989,490989,490993,4,0
490989,490993,490994,1,4
490989,490989,490993,4,0
490989,490989,490994,5,0
490989,490989,490994,5,0
490989,490993,490994,1,4
490989,490989,490995,6,0
490989,490994,490995,1,5
490989,490989,490995,6,0
490989,490993,490994,1,4
490989,490994,490995,1,5
490989,490993,490995,2,4
490989,490993,490994,1,4
490989,490993,490995,2,4
490989,490989,490996,7,0
490989,490989,490995,6,0
490989,490989,490995,6,0
490989,490989,490995,6,0
490989,490993,490996,3,4
490989,490993,490996,3,4
490989,490993,490995,2,4
490989,490993,490995,2,4
490989,490989,490996,7,0
490989,490995,490996,1,6
490989,490989,490996,7,0
490989,490995,490996,1,6
490989,490989,490995,6,0
490989,490995,490996,1,6
490989,490989,490995,6,0
490989,490989,490996,7,0
490989,490995,490996,1,6
490989,490989,490995,6,0
490989,490989,490996,7,0
490989,490995,490996,1,6
490989,490989,490997,8,0
490989,490993,490997,4,4
490989,490994,490996,2,5
490989,490989,490997,8,0
490989,490994,490997,3,5
490989,490995,490997,2,6
490989,490995,490996,1,6
490989,490995,490997,2,6
490989,490989,490996,7,0
490989,490989,490997,8,0
490989,490994,490997,3,5
490989,490995,490997,2,6
490989,490995,490996,1,6
490989,490989,490998,9,0
490989,490989,490997,8,0
490989,490989,490997,8,0
490989,490989,490997,8,0
490989,490996,490998,2,7
490989,490996,490998,2,7
490989,490989,490998,9,0
490989,490989,490999,10,0
490989,490989,490999,10,0
490989,490989,491001,12,0
490989,490989,491000,11,0
490989,490989,491002,13,0
490989,490989,491001,12,0
491013,491013,491014,1,0
491013,491013,491015,2,0
491013,491013,491015,2,0
491013,491013,491015,2,0
491013,491013,491015,2,0
491013,491013,491015,2,0
491013,491015,491016,1,2
491013,491014,491017,3,1
491013,491016,491017,1,3
491013,491014,491017,3,1
491013,491014,491017,3,1
491013,491014,491017,3,1
491013,491014,491017,3,1
491013,491016,491017,1,3
491013,491016,491017,1,3
491013,491016,491017,1,3
491013,491016,491017,1,3
491013,491017,491018,1,4
491013,491018,491019,1,5
491013,491018,491019,1,5
491013,491014,491018,4,1
491013,491014,491018,4,1
491013,491014,491019,5,1
491013,491013,491019,6,0
491013,491014,491019,5,1
491013,491018,491019,1,5
491013,491019,491020,1,6
491013,491014,491019,5,1
491013,491014,491019,5,1
491013,491018,491020,2,5
491013,491018,491019,1,5
491013,491018,491019,1,5
491013,491018,491020,2,5
491013,491013,491019,6,0
491013,491019,491020,1,6
491013,491018,491020,2,5
491013,491018,491020,2,5
491013,491014,491020,6,1
491013,491019,491020,1,6
491013,491013,491020,7,0
491013,491014,491020,6,1
491013,491020,491021,1,7
491013,491018,491020,2,5
491013,491019,491021,2,6
491013,491014,491021,7,1
491013,491014,491020,6,1
491013,491020,491021,1,7
491013,491014,491021,7,1
491013,491014,491022,8,1
491013,491014,491021,7,1
491013,491014,491022,8,1
491013,491020,491021,1,7
491013,491013,491021,8,0
491013,491014,491021,7,1
491013,491014,491021,7,1
491013,491014,491021,7,1
491013,491020,491021,1,7
491013,491020,491021,1,7
491013,491020,491021,1,7
491013,491014,491021,7,1
491013,491014,491022,8,1
491013,491019,491021,2,6
491013,491020,491022,2,7
491013,491020,491022,2,7
491013,491020,491022,2,7
491013,491020,491022,2,7
491013,491013,491022,9,0
491013,491020,491022,2,7
491013,491020,491022,2,7
491013,491020,491022,2,7
491013,491014,491022,8,1
491013,491014,491023,9,1
491013,491014,491023,9,1
491013,491013,491023,10,0
491013,491014,491024,10,1
491013,491013,491024,11,0
491013,491014,491024,10,1
491013,491014,491024,10,1
491013,491013,491025,12,0
491036,491037,491038,1,1
491036,491037,491038,1,1
491036,491037,491038,1,1
491036,491037,491038,1,1
491036,491037,491038,1,1
491036,491037,491039,2,1
491036,491037,491041,4,1
491036,491037,491040,3,1
491036,491037,491040,3,1
491036,491039,491040,1,3
491036,491039,491040,1,3
491036,491039,491040,1,3
491036,491039,491040,1,3
491036,491037,491041,4,1
491036,491037,491042,5,1
491036,491039,491041,2,3
491036,491037,491041,4,1
491036,491040,491041,1,4
491036,491041,491042,1,5
491036,491037,491043,6,1
491036,491037,491042,5,1
491036,491037,491042,5,1
491036,491037,491042,5,1
491036,491037,491042,5,1
491036,491037,491042,5,1
491036,491042,491043,1,6
491036,491041,491042,1,5
491036,491041,491042,1,5
491036,491037,491042,5,1
491036,491041,491042,1,5
491036,491041,491043,2,5
491036,491042,491043,1,6
491036,491042,491043,1,6
491036,491037,491043,6,1
491036,491042,491045,3,6
491036,491037,491045,8,1
491036,491037,491045,8,1
491036,491037,491043,6,1
491036,491037,491043,6,1
491036,491041,491043,2,5
491036,491043,491045,2,7
491036,491042,491045,3,6
491036,491037,491046,9,1
491036,491041,491044,3,5
491036,491043,491046,3,7
491036,491043,491046,3,7
491036,491037,491045,8,1
491036,491037,491045,8,1
491036,491037,491045,8,1
491036,491043,491045,2,7
491036,491037,491045,8,1
491036,491037,491045,8,1
491036,491037,491045,8,1
491036,491043,491045,2,7
491036,491037,491045,8,1
491036,491037,491045,8,1
491036,491037,491045,8,1
491036,491043,491045,2,7
491036,491037,491045,8,1
491036,491037,491045,8,1
491036,491037,491045,8,1
491036,491043,491045,2,7
491036,491037,491046,9,1
491036,491042,491045,3,6
491036,491043,491045,2,7
491036,491043,491045,2,7
491036,491043,491045,2,7
491036,491037,491046,9,1
491036,491045,491046,1,9
491036,491043,491047,4,7
491036,491045,491046,1,9
491036,491045,491046,1,9
491036,491045,491046,1,9
491036,491037,491047,10,1
491036,491037,491047,10,1
491036,491037,491047,10,1
491036,491037,491048,11,1
491036,491045,491049,4,9
491036,491037,491051,14,1
491063,491063,491065,2,0
491063,491063,491064,1,0
491063,491063,491065,2,0
491063,491063,491064,1,0
491063,491063,491064,1,0
491063,491063,491065,2,0
491063,491063,491067,4,0
491063,491063,491067,4,0
491063,491065,491067,2,2
491063,491065,491067,2,2
491063,491065,491067,2,2
491063,491063,491068,5,0
491063,491065,491068,3,2
491063,491065,491068,3,2
491063,491065,491068,3,2
491063,491063,491068,5,0
491063,491063,491069,6,0
491063,491063,491069,6,0
491063,491063,491069,6,0
491063,491063,491069,6,0
491063,491063,491069,6,0
491063,491063,491069,6,0
491063,491067,491069,2,4
491063,491068,491069,1,5
491063,491067,491069,2,4
491063,491067,491069,2,4
491063,491068,491069,1,5
491063,491063,491069,6,0
491063,491063,491070,7,0
491063,491063,491070,7,0
491063,491063,491070,7,0
491063,491063,491070,7,0
491063,491068,491070,2,5
491063,491068,491070,2,5
491063,491063,491070,7,0
491063,491063,491070,7,0
491063,491063,491070,7,0
491063,491069,491070,1,6
491063,491063,491070,7,0
491063,491069,491070,1,6
491063,491063,491070,7,0
491063,491063,491071,8,0
491063,491063,491071,8,0
491063,491069,491071,2,6
491063,491067,491071,4,4
491063,491063,491071,8,0
491063,491063,491071,8,0
491063,491063,491071,8,0
491063,491063,491071,8,0
491063,491069,491071,2,6
491063,491069,491072,3,6
491063,491067,491072,5,4
491063,491069,491072,3,6
491063,491070,491072,2,7
491063,491069,491072,3,6
491063,491069,491072,3,6
491063,491070,491072,2,7
491063,491070,491072,2,7
491063,491070,491072,2,7
491063,491063,491071,8,0
491063,491063,491072,9,0
491063,491063,491073,10,0
491063,491063,491072,9,0
491063,491070,491073,3,7
491063,491070,491072,2,7
491063,491070,491073,3,7
491063,491069,491073,4,6
491063,491063,491073,10,0
491063,491069,491073,4,6
491063,491070,491072,2,7
491063,491063,491074,11,0
491063,491063,491074,11,0
491063,491063,491077,14,0
491063,491063,491077,14,0
491063,491063,491079,16,0
491063,491063,491079,16,0
491063,491063,491080,17,0
491093,491093,491094,1,0
491093,491093,491094,1,0
491093,491093,491095,2,0
491093,491093,491095,2,0
491093,491093,491094,1,0
491093,491093,491095,2,0
491093,491094,491095,1,1
491093,491095,491096,1,2
491093,491094,491096,2,1
491093,491093,491097,4,0
491093,491093,491097,4,0
491093,491095,491097,2,2
491093,491095,491097,2,2
491093,491095,491097,2,2
491093,491096,491097,1,3
491093,491093,491098,5,0
491093,491093,491098,5,0
491093,491093,491098,5,0
491093,491093,491098,5,0
491093,491096,491098,2,3
491093,491096,491098,2,3
491093,491098,491099,1,5
491093,491093,491099,6,0
491093,491093,491099,6,0
491093,491093,491099,6,0
491093,491098,491099,1,5
491093,491093,491099,6,0
491093,491099,491100,1,6
491093,491098,491099,1,5
491093,491099,491100,1,6
491093,491093,491100,7,0
491093,491093,491100,7,0
491093,491093,491100,7,0
491093,491093,491100,7,0
491093,491093,491100,7,0
491093,491098,491100,2,5
491093,491093,491100,7,0
491093,491098,491100,2,5
491093,491093,491100,7,0
491093,491100,491101,1,7
491093,491093,491100,7,0
491093,491100,491101,1,7
491093,491093,491100,7,0
491093,491093,491100,7,0
491093,491100,491101,1,7
491093,491093,491101,8,0
491093,491093,491101,8,0
491093,491100,491101,1,7
491093,491098,491101,3,5
491093,491093,491101,8,0
491093,491097,491101,4,4
491093,491098,491101,3,5
491093,491093,491101,8,0
491093,491093,491101,8,0
491093,491093,491101,8,0
491093,491093,491101,8,0
491093,491100,491101,1,7
491093,491093,491101,8,0
491093,491100,491101,1,7
491093,491093,491102,9,0
491093,491093,491102,9,0
491093,491098,491102,4,5
491093,491100,491102,2,7
491093,491100,491102,2,7
491093,491100,491103,3,7
491093,491101,491103,2,8
491093,491093,491103,10,0
491093,491093,491103,10,0
491093,491093,491104,11,0
491093,491093,491104,11,0
491093,491093,491106,13,0
491093,491093,491107,14,0
491093,491093,491109,16,0
491093,491093,491110,17,0
491121,491122,491123,1,1
491121,491122,491123,1,1
491121,491122,491123,1,1
491121,491122,491123,1,1
491121,491123,491125,2,2
491121,491124,491126,2,3
491121,491123,491125,2,2
491121,491124,491125,1,3
491121,491124,491125,1,3
491121,491124,491125,1,3
491121,491122,491126,4,1
491121,491122,491126,4,1
491121,491122,491126,4,1
491121,491125,491126,1,4
491121,491122,491127,5,1
491121,491126,491127,1,5
491121,491126,491127,1,5
491121,491126,491127,1,5
491121,491122,491127,5,1
491121,491126,491127,1,5
491121,491126,491127,1,5
491121,491122,491129,7,1
491121,491122,491128,6,1
491121,491122,491128,6,1
491121,491122,491128,6,1
491121,491122,491129,7,1
491121,491122,491128,6,1
491121,491122,491128,6,1
491121,491127,491129,2,6
491121,491122,491129,7,1
491121,491128,491129,1,7
491121,491122,491128,6,1
491121,491122,491128,6,1
491121,491128,491129,1,7
491121,491122,491128,6,1
491121,491122,491128,6,1
491121,491127,491128,1,6
491121,491128,491129,1,7
491121,491122,491128,6,1
491121,491122,491129,7,1
491121,491127,491130,3,6
491121,491122,491129,7,1
491121,491122,491129,7,1
491121,491128,491129,1,7
491121,491127,491129,2,6
491121,491129,491130,1,8
491121,491122,491130,8,1
491121,491129,491130,1,8
491121,491122,491129,7,1
491121,491128,491129,1,7
491121,491128,491129,1,7
491121,491122,491130,8,1
491121,491122,491130,8,1
491121,491122,491130,8,1
491121,491122,491131,9,1
491121,491122,491130,8,1
491121,491122,491130,8,1
491121,491128,491130,2,7
491121,491129,491131,2,8
491121,491122,491130,8,1
491121,491129,491130,1,8
491121,491129,491130,1,8
491121,491129,491130,1,8
491121,491129,491130,1,8
491121,491122,491131,9,1
491121,491129,491131,2,8
491121,491129,491131,2,8
491121,491122,491131,9,1
491121,491129,491131,2,8
491121,491122,491131,9,1
491121,491122,491131,9,1
491121,491129,491131,2,8
491121,491129,491131,2,8
491121,491122,491132,10,1
491121,491122,491132,10,1
491121,491122,491133,11,1
491121,491122,491133,11,1
491145,491145,491146,1,0
491145,491145,491146,1,0
491145,491145,491146,1,0
491145,491145,491146,1,0
491145,491145,491146,1,0
491145,491145,491147,2,0
491145,491146,491148,2,1
491145,491147,491149,2,2
491145,491146,491148,2,1
491145,491147,491149,2,2
491145,491146,491149,3,1
491145,491147,491149,2,2
491145,491145,491150,5,0
491145,491148,491149,1,3
491145,491149,491150,1,4
491145,491145,491150,5,0
491145,491145,491150,5,0
491145,491149,491150,1,4
491145,491145,491151,6,0
491145,491145,491151,6,0
491145,491149,491150,1,4
491145,491145,491151,6,0
491145,491150,491151,1,5
491145,491149,491150,1,4
491145,491145,491152,7,0
491145,491149,491151,2,4
491145,491151,491152,1,6
491145,491145,491152,7,0
491145,491145,491151,6,0
491145,491151,491152,1,6
491145,491151,491152,1,6
491145,491151,491152,1,6
491145,491151,491152,1,6
491145,491150,491151,1,5
491145,491151,491152,1,6
491145,491145,491152,7,0
491145,491145,491152,7,0
491145,491145,491152,7,0
491145,491145,491152,7,0
491145,491150,491153,3,5
491145,491145,491152,7,0
491145,491152,491153,1,7
491145,491152,491153,1,7
491145,491151,491152,1,6
491145,491151,491152,1,6
491145,491152,491153,1,7
491145,491152,491153,1,7
491145,491152,491153,1,7
491145,491152,491153,1,7
491145,491152,491153,1,7
491145,491145,491153,8,0
491145,491145,491153,8,0
491145,491145,491154,9,0
491145,491145,491154,9,0
491145,491151,491153,2,6
491145,491145,491153,8,0
491145,491152,491153,1,7
491145,491145,491153,8,0
491145,491152,491153,1,7
491145,491152,491153,1,7
491145,491145,491154,9,0
491145,491145,491154,9,0
491145,491145,491154,9,0
491145,491145,491154,9,0
491145,491145,491154,9,0
491145,491152,491154,2,7
491145,491145,491154,9,0
491145,491145,491155,10,0
491145,491145,491156,11,0
491145,491145,491155,10,0
491145,491145,491156,11,0
491145,491145,491156,11,0
491145,491145,491155,10,0
491145,491145,491156,11,0
491145,491145,491156,11,0
491145,491145,491156,11,0
491145,491145,491157,12,0
491145,491145,491157,12,0
491145,491145,491158,13,0
491170,491170,491171,1,0
491170,491170,491171,1,0
491170,491170,491171,1,0
491170,491170,491172,2,0
491170,491170,491171,1,0
491170,491170,491172,2,0
491170,491172,491174,2,2
491170,491172,491174,2,2
491170,491172,491174,2,2
491170,491171,491174,3,1
491170,491171,491174,3,1
491170,491172,491174,2,2
491170,491170,491175,5,0
491170,491170,491175,5,0
491170,491170,491175,5,0
491170,491170,491176,6,0
491170,491170,491175,5,0
491170,491170,491176,6,0
491170,491174,491176,2,4
491170,491170,491176,6,0
491170,491174,491176,2,4
491170,491170,491176,6,0
491170,491174,491176,2,4
491170,491170,491176,6,0
491170,491174,491176,2,4
491170,491175,491176,1,5
491170,491175,491176,1,5
491170,491170,491177,7,0
491170,491170,491177,7,0
491170,491170,491177,7,0
491170,491170,491177,7,0
491170,491170,491177,7,0
491170,491170,491177,7,0
491170,491177,491178,1,7
491170,491177,491178,1,7
491170,491170,491178,8,0
491170,491170,491178,8,0
491170,491175,491178,3,5
491170,491170,491178,8,0
491170,491175,491178,3,5
491170,491175,491178,3,5
491170,491177,491178,1,7
491170,491177,491178,1,7
491170,491170,491178,8,0
491170,491177,491178,1,7
491170,491177,491178,1,7
491170,491170,491178,8,0
491170,491177,491178,1,7
491170,491177,491178,1,7
491170,491177,491178,1,7
491170,491178,491179,1,8
491170,491178,491179,1,8
491170,491170,491179,9,0
491170,491176,491178,2,6
491170,491170,491179,9,0
491170,491170,491179,9,0
491170,491176,491179,3,6
491170,491177,491179,2,7
491170,491177,491179,2,7
491170,491177,491179,2,7
491170,491170,491179,9,0
491170,491178,491179,1,8
491170,491170,491179,9,0
491170,491170,491179,9,0
491170,491170,491180,10,0
491170,491177,491180,3,7
491170,491170,491180,10,0
491170,491170,491180,10,0
491170,491170,491181,11,0
491170,491170,491181,11,0
491170,491170,491181,11,0
491170,491170,491182,12,0
491170,491170,491182,12,0
491170,491170,491182,12,0
491170,491170,491182,12,0
491170,491170,491182,12,0
491170,491170,491186,16,0
491197,491198,491199,1,1
491197,491198,491199,1,1
491197,491198,491199,1,1
491197,491198,491199,1,1
491197,491199,491200,1,2
491197,491199,491200,1,2
491197,491198,491202,4,1
491197,491200,491201,1,3
491197,491200,491201,1,3
491197,491200,491201,1,3
491197,491200,491201,1,3
491197,491200,491201,1,3
491197,491198,491202,4,1
491197,491198,491202,4,1
491197,491198,491202,4,1
491197,491198,491202,4,1
491197,491201,491202,1,4
491197,491202,491203,1,5
491197,491198,491203,5,1
491197,491198,491203,5,1
491197,491202,491203,1,5
491197,491198,491204,6,1
491197,491202,491203,1,5
491197,491198,491203,5,1
491197,491198,491203,5,1
491197,491198,491203,5,1
491197,491202,491203,1,5
491197,491198,491203,5,1
491197,491202,491203,1,5
491197,491202,491204,2,5
491197,491203,491204,1,6
491197,491203,491204,1,6
491197,491204,491205,1,7
491197,491198,491204,6,1
491197,491204,491205,1,7
491197,491204,491205,1,7
491197,491198,491204,6,1
491197,491204,491205,1,7
491197,491204,491205,1,7
491197,491203,491204,1,6
491197,491204,491205,1,7
491197,491203,491205,2,6
491197,491203,491205,2,6
491197,491198,491205,7,1
491197,491203,491205,2,6
491197,491205,491206,1,8
491197,491198,491206,8,1
491197,491198,491205,7,1
491197,491204,491205,1,7
491197,491205,491206,1,8
491197,491204,491205,1,7
491197,491204,491205,1,7
491197,491204,491205,1,7
491197,491204,491205,1,7
491197,491198,491206,8,1
491197,491198,491206,8,1
491197,491198,491206,8,1
491197,491198,491206,8,1
491197,491198,491206,8,1
491197,491198,491207,9,1
491197,491205,491206,1,8
491197,491198,491207,9,1
491197,491198,491207,9,1
491197,491205,491207,2,8
491197,491198,491207,9,1
491197,491198,491208,10,1
491197,491198,491208,10,1
491197,491198,491208,10,1
491197,491198,491208,10,1
491197,491198,491209,11,1
491197,491198,491209,11,1
491197,491198,491209,11,1
491197,491198,491209,11,1
491197,491198,491211,13,1
491197,491198,491211,13,1
491197,491198,491211,13,1
491197,491198,491216,18,1
491228,491228,491229,1,0
491228,491228,491229,1,0
491228,491228,491229,1,0
491228,491228,491229,1,0
491228,491228,491229,1,0
491228,491228,491229,1,0
491228,491229,491230,1,1
491228,491228,491231,3,0
491228,491228,491231,3,0
491228,491228,491232,4,0
491228,491230,491231,1,2
491228,491228,491231,3,0
491228,491230,491231,1,2
491228,491228,491231,3,0
491228,491230,491231,1,2
491228,491228,491231,3,0
491228,491230,491231,1,2
491228,491228,491233,5,0
491228,491230,491232,2,2
491228,491230,491233,3,2
491228,491228,491234,6,0
491228,491231,491233,2,3
491228,491228,491234,6,0
491228,491232,491233,1,4
491228,491232,491233,1,4
491228,491228,491234,6,0
491228,491232,491233,1,4
491228,491228,491233,5,0
491228,491232,491233,1,4
491228,491233,491234,1,5
491228,491228,491234,6,0
491228,491228,491234,6,0
491228,491228,491234,6,0
491228,491232,491235,3,4
491228,491228,491235,7,0
491228,491228,491235,7,0
491228,491232,491235,3,4
491228,491228,491235,7,0
491228,491232,491234,2,4
491228,491234,491235,1,6
491228,491228,491234,6,0
491228,491228,491235,7,0
491228,491228,491235,7,0
491228,491228,491234,6,0
491228,491228,491235,7,0
491228,491233,491234,1,5
491228,491233,491234,1,5
491228,491228,491235,7,0
491228,491234,491235,1,6
491228,491231,491235,4,3
491228,491228,491235,7,0
491228,491232,491236,4,4
491228,491228,491236,8,0
491228,491234,491235,1,6
491228,491234,491235,1,6
491228,491234,491235,1,6
491228,491234,491235,1,6
491228,491234,491235,1,6
491228,491234,491235,1,6
491228,491228,491236,8,0
491228,491235,491237,2,7
491228,491235,491237,2,7
491228,491228,491237,9,0
491228,491228,491236,8,0
491228,491235,491237,2,7
491228,491228,491237,9,0
491228,491228,491237,9,0
491228,491234,491236,2,6
491228,491234,491236,2,6
491228,491228,491237,9,0
491228,491235,491237,2,7
491228,491235,491237,2,7
491228,491228,491237,9,0
491228,491228,491237,9,0
491228,491228,491238,10,0
491228,491228,491239,11,0
491228,491228,491240,12,0
491228,491228,491240,12,0
491228,491228,491244,16,0
491255,491256,491257,1,1
491255,491256,491257,1,1
491255,491256,491257,1,1
491255,491256,491257,1,1
491255,491256,491257,1,1
491255,491256,491257,1,1
491255,491257,491258,1,2
491255,491257,491258,1,2
491255,491256,491259,3,1
491255,491256,491259,3,1
491255,491258,491259,1,3
491255,491256,491259,3,1
491255,491258,491259,1,3
491255,491258,491259,1,3
491255,491258,491260,2,3
491255,491256,491260,4,1
491255,491256,491260,4,1
491255,491256,491260,4,1
491255,491260,491261,1,5
491255,491259,491260,1,4
491255,491259,491261,2,4
491255,491256,491261,5,1
491255,491256,491261,5,1
491255,491256,491261,5,1
491255,491260,491261,1,5
491255,491256,491261,5,1
491255,491260,491262,2,5
491255,491256,491261,5,1
491255,491260,491261,1,5
491255,491260,491262,2,5
491255,491261,491262,1,6
491255,491256,491261,5,1
491255,491256,491262,6,1
491255,491260,491262,2,5
491255,491256,491262,6,1
491255,491256,491262,6,1
491255,491256,491262,6,1
491255,491262,491263,1,7
491255,491262,491263,1,7
491255,491262,491263,1,7
491255,491256,491263,7,1
491255,491256,491263,7,1
491255,491262,491263,1,7
491255,491261,491262,1,6
491255,491261,491262,1,6
491255,491262,491263,1,7
491255,491261,491263,2,6
491255,491256,491263,7,1
491255,491256,491263,7,1
491255,491262,491264,2,7
491255,491256,491263,7,1
491255,491260,491263,3,5
491255,491256,491264,8,1
491255,491256,491263,7,1
491255,491262,491263,1,7
491255,491263,491264,1,8
491255,491262,491263,1,7
491255,491262,491263,1,7
491255,491256,491263,7,1
491255,491256,491263,7,1
491255,491256,491264,8,1
491255,491256,491265,9,1
491255,491256,491265,9,1
491255,491262,491264,2,7
491255,491256,491264,8,1
491255,491261,491264,3,6
491255,491261,491264,3,6
491255,491256,491265,9,1
491255,491262,491264,2,7
491255,491256,491264,8,1
491255,491256,491264,8,1
491255,491256,491264,8,1
491255,491256,491265,9,1
491255,491263,491265,2,8
491255,491263,491265,2,8
491255,491256,491266,10,1
491255,491256,491266,10,1
491255,491256,491267,11,1
491255,491256,491268,12,1
491280,491280,491281,1,0
491280,491280,491281,1,0
491280,491280,491281,1,0
491280,491280,491281,1,0
491280,491280,491281,1,0
491280,491281,491282,1,1
491280,491280,491283,3,0
491280,491282,491283,1,2
491280,491280,491284,4,0
491280,491280,491283,3,0
491280,491280,491284,4,0
491280,491280,491283,3,0
491280,491280,491284,4,0
491280,491280,491283,3,0
491280,491280,491283,3,0
491280,491280,491284,4,0
491280,491280,491283,3,0
491280,491280,491284,4,0
491280,491280,491283,3,0
491280,491280,491284,4,0
491280,491280,491283,3,0
491280,491280,491283,3,0
491280,491280,491283,3,0
491280,491280,491283,3,0
491280,491282,491283,1,2
491280,491280,491284,4,0
491280,491282,491283,1,2
491280,491282,491283,1,2
491280,491280,491285,5,0
491280,491280,491285,5,0
491280,491280,491284,4,0
491280,491283,491284,1,3
491280,491280,491284,4,0
491280,491280,491284,4,0
491280,491283,491284,1,3
491280,491280,491285,5,0
491280,491284,491285,1,4
491280,491280,491285,5,0
491280,491280,491285,5,0
491280,491280,491285,5,0
491280,491284,491285,1,4
491280,491285,491286,1,5
491280,491285,491286,1,5
491280,491285,491286,1,5
491280,491285,491286,1,5
491280,491280,491285,5,0
491280,491284,491285,1,4
491280,491280,491285,5,0
491280,491280,491285,5,0
491280,491284,491285,1,4
491280,491285,491286,1,5
491280,491280,491286,6,0
491280,491280,491285,5,0
491280,491280,491285,5,0
491280,491284,491285,1,4
491280,491285,491286,1,5
491280,491280,491287,7,0
491280,491284,491287,3,4
491280,491284,491287,3,4
491280,491280,491286,6,0
491280,491284,491287,3,4
491280,491284,491286,2,4
491280,491284,491286,2,4
491280,491284,491286,2,4
491280,491284,491287,3,4
491280,491284,491286,2,4
491280,491280,491287,7,0
491280,491284,491287,3,4
491280,491284,491287,3,4
491280,491284,491288,4,4
491280,491280,491287,7,0
491280,491284,491287,3,4
491280,491280,491287,7,0
491280,491284,491288,4,4
491280,491284,491287,3,4
491280,491284,491288,4,4
491280,491285,491287,2,5
491280,491284,491288,4,4
491280,491280,491290,10,0
491302,491302,491303,1,0
491302,491302,491303,1,0
491302,491302,491303,1,0
491302,491302,491303,1,0
491302,491302,491303,1,0
491302,491302,491305,3,0
491302,491302,491304,2,0
491302,491304,491305,1,2
491302,491302,491305,3,0
491302,491302,491305,3,0
491302,491302,491306,4,0
491302,491302,491305,3,0
491302,491302,491306,4,0
491302,491302,491306,4,0
491302,491302,491306,4,0
491302,491302,491305,3,0
491302,491302,491306,4,0
491302,491302,491306,4,0
491302,491304,491306,2,2
491302,491304,491306,2,2
491302,491304,491306,2,2
491302,491304,491306,2,2
491302,491305,491306,1,3
491302,491302,491307,5,0
491302,491302,491307,5,0
491302,491302,491307,5,0
491302,491302,491307,5,0
491302,491302,491306,4,0
491302,491302,491307,5,0
491302,491302,491306,4,0
491302,491302,491306,4,0
491302,491302,491307,5,0
491302,491302,491307,5,0
491302,491302,491307,5,0
491302,491302,491307,5,0
491302,491305,491306,1,3
491302,491305,491307,2,3
491302,491302,491307,5,0
491302,491305,491306,1,3
491302,491302,491307,5,0
491302,491302,491307,5,0
491302,491302,491308,6,0
491302,491306,491308,2,4
491302,491306,491308,2,4
491302,491302,491308,6,0
491302,491302,491308,6,0
491302,491306,491308,2,4
491302,491307,491308,1,5
491302,491302,491308,6,0
491302,491306,491308,2,4
491302,491307,491308,1,5
491302,491302,491308,6,0
491302,491302,491307,5,0
491302,491306,491308,2,4
491302,491302,491308,6,0
491302,491302,491308,6,0
491302,491306,491308,2,4
491302,491302,491309,7,0
491302,491302,491309,7,0
491302,491306,491309,3,4
491302,491307,491309,2,5
491302,491306,491309,3,4
491302,491306,491309,3,4
491302,491306,491309,3,4
491302,491302,491309,7,0
491302,491307,491309,2,5
491302,491306,491310,4,4
491302,491306,491310,4,4
491302,491307,491310,3,5
491302,491307,491310,3,5
491302,491306,491310,4,4
491302,491307,491310,3,5
491302,491307,491310,3,5
491302,491307,491310,3,5
491302,491307,491309,2,5
491302,491306,491310,4,4
491302,491302,491311,9,0
491302,491307,491317,10,5
491302,491307,491320,13,5
491332,491332,491333,1,0
491332,491332,491333,1,0
491332,491332,491333,1,0
491332,491332,491333,1,0
491332,491332,491333,1,0
491332,491332,491335,3,0
491332,491332,491335,3,0
491332,491332,491335,3,0
491332,491333,491334,1,1
491332,491333,491334,1,1
491332,491332,491334,2,0
491332,491332,491335,3,0
491332,491333,491334,1,1
491332,491332,491335,3,0
491332,491332,491335,3,0
491332,491332,491335,3,0
491332,491332,491335,3,0
491332,491332,491336,4,0
491332,491332,491336,4,0
491332,491334,491335,1,2
491332,491332,491335,3,0
491332,491332,491336,4,0
491332,491334,491335,1,2
491332,491335,491336,1,3
491332,491332,491337,5,0
491332,491332,491336,4,0
491332,491332,491336,4,0
491332,491332,491337,5,0
491332,491335,491336,1,3
491332,491335,491336,1,3
491332,491335,491336,1,3
491332,491332,491336,4,0
491332,491335,491337,2,3
491332,491335,491336,1,3
491332,491332,491336,4,0
491332,491335,491337,2,3
491332,491336,491337,1,4
491332,491335,491336,1,3
491332,491332,491338,6,0
491332,491332,491337,5,0
491332,491336,491337,1,4
491332,491336,491338,2,4
491332,491337,491338,1,5
491332,491332,491337,5,0
491332,491332,491337,5,0
491332,491337,491338,1,5
491332,491332,491337,5,0
491332,491336,491337,1,4
491332,491332,491338,6,0
491332,491337,491338,1,5
491332,491332,491337,5,0
491332,491332,491337,5,0
491332,491336,491338,2,4
491332,491337,491338,1,5
491332,491332,491338,6,0
491332,491332,491338,6,0
491332,491337,491339,2,5
491332,491337,491339,2,5
491332,491336,491339,3,4
491332,491336,491339,3,4
491332,491332,491338,6,0
491332,491332,491339,7,0
491332,491336,491339,3,4
491332,491337,491339,2,5
491332,491337,491338,1,5
491332,491332,491339,7,0
491332,491332,491339,7,0
491332,491337,491339,2,5
491332,491336,491339,3,4
491332,491336,491339,3,4
491332,491337,491340,3,5
491332,491332,491339,7,0
491332,491336,491340,4,4
491332,491337,491340,3,5
491332,491332,491341,9,0
491332,491332,491341,9,0
491332,491332,491342,10,0
491332,491332,491341,9,0
491332,491332,491345,13,0
491357,491357,491358,1,0
491357,491357,491358,1,0
491357,491357,491358,1,0
491357,491357,491358,1,0
491357,491357,491359,2,0
491357,491358,491359,1,1
491357,491359,491360,1,2
491357,491359,491360,1,2
491357,491357,491360,3,0
491357,491358,491360,2,1
491357,491357,491361,4,0
491357,491357,491361,4,0
491357,491357,491361,4,0
491357,491357,491361,4,0
491357,491360,491361,1,3
491357,491357,491361,4,0
491357,491360,491361,1,3
491357,491361,491362,1,4
491357,491357,491361,4,0
491357,491361,491362,1,4
491357,491357,491362,5,0
491357,491357,491362,5,0
491357,491361,491362,1,4
491357,491357,491362,5,0
491357,491357,491363,6,0
491357,491362,491363,1,5
491357,491357,491362,5,0
491357,491357,491362,5,0
491357,491357,491362,5,0
491357,491357,491362,5,0
491357,491357,491363,6,0
491357,491361,491362,1,4
491357,491357,491364,7,0
491357,491357,491363,6,0
491357,491357,491364,7,0
491357,491357,491364,7,0
491357,491357,491363,6,0
491357,491357,491363,6,0
491357,491357,491363,6,0
491357,491363,491364,1,6
491357,491363,491364,1,6
491357,491362,491363,1,5
491357,491362,491363,1,5
491357,491363,491364,1,6
491357,491363,491364,1,6
491357,491362,491363,1,5
491357,491362,491363,1,5
491357,491362,491363,1,5
491357,491357,491365,8,0
491357,491362,491364,2,5
491357,491357,491364,7,0
491357,491362,491364,2,5
491357,491363,491364,1,6
491357,491363,491364,1,6
491357,491364,491365,1,7
491357,491357,491365,8,0
491357,491363,491364,1,6
491357,491363,491364,1,6
491357,491363,491364,1,6
491357,491363,491364,1,6
491357,491357,491365,8,0
491357,491362,491365,3,5
491357,491357,491366,9,0
491357,491357,491365,8,0
491357,491357,491365,8,0
491357,491363,491366,3,6
491357,491364,491365,1,7
491357,491362,491365,3,5
491357,491363,491365,2,6
491357,491357,491366,9,0
491357,491357,491366,9,0
491357,491357,491366,9,0
491357,491364,491366,2,7
491357,491357,491366,9,0
491357,491357,491367,10,0
491357,491357,491367,10,0
491357,491357,491367,10,0
491357,491357,491369,12,0
491357,491357,491370,13,0
491382,491382,491383,1,0
491382,491382,491383,1,0
491382,491382,491383,1,0
491382,491382,491383,1,0
491382,491382,491383,1,0
491382,491382,491385,3,0
491382,491383,491384,1,1
491382,491383,491385,2,1
491382,491384,491385,1,2
491382,491382,491386,4,0
491382,491382,491386,4,0
491382,491384,491386,2,2
491382,491384,491386,2,2
491382,491385,491386,1,3
491382,491385,491386,1,3
491382,491385,491386,1,3
491382,491382,491387,5,0
491382,491382,491386,4,0
491382,491382,491387,5,0
491382,491385,491386,1,3
491382,491382,491388,6,0
491382,491386,491388,2,4
491382,491382,491388,6,0
491382,491386,491388,2,4
491382,491382,491388,6,0
491382,491386,491388,2,4
491382,491382,491387,5,0
491382,491387,491388,1,5
491382,491382,491388,6,0
491382,491386,491387,1,4
491382,491386,491387,1,4
491382,491382,491388,6,0
491382,491382,491389,7,0
491382,491382,491388,6,0
491382,491382,491389,7,0
491382,491386,491389,3,4
491382,491382,491389,7,0
491382,491388,491389,1,6
491382,491382,491389,7,0
491382,491382,491389,7,0
491382,491388,491389,1,6
491382,491382,491389,7,0
491382,491382,491389,7,0
491382,491382,491389,7,0
491382,491386,491390,4,4
491382,491382,491390,8,0
491382,491382,491390,8,0
491382,491387,491390,3,5
491382,491382,491389,7,0
491382,491382,491390,8,0
491382,491387,491390,3,5
491382,491387,491390,3,5
491382,491388,491390,2,6
491382,491388,491390,2,6
491382,491382,491390,8,0
491382,491388,491389,1,6
491382,491388,491389,1,6
491382,491382,491390,8,0
491382,491388,491390,2,6
491382,491388,491390,2,6
491382,491382,491389,7,0
491382,491388,491390,2,6
491382,491388,491389,1,6
491382,491388,491390,2,6
491382,491382,491391,9,0
491382,491389,491391,2,7
491382,491389,491391,2,7
491382,491389,491391,2,7
491382,491382,491390,8,0
491382,491382,491392,10,0
491382,491382,491392,10,0
491382,491389,491391,2,7
491382,491382,491392,10,0
491382,491382,491392,10,0
491382,491382,491392,10,0
491382,491382,491392,10,0
491382,491382,491393,11,0
491382,491382,491393,11,0
491382,491382,491395,13,0
491406,491407,491408,1,1
491406,491407,491408,1,1
491406,491407,491408,1,1
491406,491408,491409,1,2
491406,491407,491409,2,1
491406,491408,491409,1,2
491406,491408,491409,1,2
491406,491409,491411,2,3
491406,491407,491410,3,1
491406,491409,491410,1,3
491406,491407,491410,3,1
491406,491407,491411,4,1
491406,491410,491411,1,4
491406,491410,491411,1,4
491406,491410,491411,1,4
491406,491407,491412,5,1
491406,491407,491412,5,1
491406,491411,491412,1,5
491406,491410,491412,2,4
491406,491411,491412,1,5
491406,491411,491412,1,5
491406,491407,491412,5,1
491406,491407,491413,6,1
491406,491407,491414,7,1
491406,491407,491413,6,1
491406,491407,491413,6,1
491406,491407,491413,6,1
491406,491407,491413,6,1
491406,491407,491414,7,1
491406,491412,491413,1,6
491406,491407,491413,6,1
491406,491407,491413,6,1
491406,491407,491413,6,1
491406,491407,491414,7,1
491406,491412,491413,1,6
491406,491412,491413,1,6
491406,491407,491414,7,1
491406,491407,491414,7,1
491406,491413,491414,1,7
491406,491407,491414,7,1
491406,491407,491414,7,1
491406,491411,491414,3,5
491406,491407,491414,7,1
491406,491407,491414,7,1
491406,491413,491415,2,7
491406,491407,491414,7,1
491406,491414,491415,1,8
491406,491414,491415,1,8
491406,491413,491415,2,7
491406,491414,491415,1,8
491406,491413,491415,2,7
491406,491414,491415,1,8
491406,491414,491415,1,8
491406,491413,491415,2,7
491406,491407,491415,8,1
491406,491407,491415,8,1
491406,491413,491415,2,7
491406,491407,491416,9,1
491406,491407,491415,8,1
491406,491412,491415,3,6
491406,491407,491416,9,1
491406,491407,491415,8,1
491406,491407,491417,10,1
491406,491407,491416,9,1
491406,491414,491417,3,8
491406,491414,491416,2,8
491406,491414,491417,3,8
491406,491414,491416,2,8
491406,491414,491416,2,8
491406,491407,491416,9,1
491406,491407,491417,10,1
491406,491407,491417,10,1
491406,491414,491417,3,8
491406,491413,491417,4,7
491406,491407,491418,11,1
491406,491407,491420,13,1
491406,491407,491419,12,1
491431,491431,491432,1,0
491431,491431,491433,2,0
491431,491431,491433,2,0
491431,491431,491433,2,0
491431,491431,491433,2,0
491431,491433,491434,1,2
491431,491432,491435,3,1
491431,491434,491435,1,3
491431,491431,491435,4,0
491431,491434,491435,1,3
491431,491434,491435,1,3
491431,491434,491435,1,3
491431,491432,491436,4,1
491431,491432,491436,4,1
491431,491432,491436,4,1
491431,491435,491436,1,4
491431,491432,491437,5,1
491431,491431,491437,6,0
491431,491436,491437,1,5
491431,491436,491437,1,5
491431,491436,491438,2,5
491431,491432,491438,6,1
491431,491432,491438,6,1
491431,491432,491438,6,1
491431,491432,491438,6,1
491431,491432,491438,6,1
491431,491432,491438,6,1
491431,491432,491438,6,1
491431,491437,491438,1,6
491431,491436,491438,2,5
491431,491432,491438,6,1
491431,491432,491439,7,1
491431,491432,491438,6,1
491431,491436,491438,2,5
491431,491436,491438,2,5
491431,491432,491439,7,1
491431,491438,491439,1,7
491431,491431,491438,7,0
491431,491432,491439,7,1
491431,491432,491439,7,1
491431,491432,491439,7,1
491431,491437,491439,2,6
491431,491432,491439,7,1
491431,491438,491439,1,7
491431,491431,491439,8,0
491431,491432,491439,7,1
491431,491438,491439,1,7
491431,491439,491440,1,8
491431,491438,491439,1,7
491431,491439,491440,1,8
491431,491431,491441,10,0
491431,491437,491440,3,6
491431,491432,491440,8,1
491431,491439,491440,1,8
491431,491439,491440,1,8
491431,491439,491440,1,8
491431,491432,491440,8,1
491431,491439,491440,1,8
491431,491438,491440,2,7
491431,491439,491441,2,8
491431,491439,491440,1,8
491431,491439,491440,1,8
491431,491431,491441,10,0
491431,491432,491441,9,1
491431,491439,491442,3,8
491431,491432,491442,10,1
491431,491439,491442,3,8
491431,491432,491442,10,1
491431,491439,491442,3,8
491431,491437,491442,5,6
491431,491439,491442,3,8
491431,491432,491442,10,1
491431,491432,491442,10,1
491431,491431,491442,11,0
491431,491439,491443,4,8
491431,491431,491443,12,0
491431,491431,491444,13,0
491431,491431,491450,19,0
491431,491432,491450,18,1
491462,491462,491463,1,0
491462,491462,491463,1,0
491462,491462,491463,1,0
491462,491462,491463,1,0
491462,491462,491463,1,0
491462,491462,491466,4,0
491462,491464,491465,1,2
491462,491462,491466,4,0
491462,491464,491466,2,2
491462,491464,491465,1,2
491462,491463,491466,3,1
491462,491464,491467,3,2
491462,491462,491466,4,0
491462,491462,491466,4,0
491462,491462,491466,4,0
491462,491462,491467,5,0
491462,491462,491467,5,0
491462,491462,491467,5,0
491462,491462,491468,6,0
491462,491462,491468,6,0
491462,491462,491468,6,0
491462,491462,491468,6,0
491462,491462,491468,6,0
491462,491466,491468,2,4
491462,491462,491468,6,0
491462,491466,491468,2,4
491462,491462,491468,6,0
491462,491466,491468,2,4
491462,491462,491468,6,0
491462,491466,491468,2,4
491462,491466,491468,2,4
491462,491462,491469,7,0
491462,491462,491469,7,0
491462,491467,491469,2,5
491462,491468,491469,1,6
491462,491462,491469,7,0
491462,491462,491468,6,0
491462,491466,491468,2,4
491462,491462,491469,7,0
491462,491468,491469,1,6
491462,491462,491469,7,0
491462,491468,491469,1,6
491462,491462,491470,8,0
491462,491467,491470,3,5
491462,491467,491470,3,5
491462,491462,491470,8,0
491462,491462,491469,7,0
491462,491468,491470,2,6
491462,491468,491470,2,6
491462,491468,491470,2,6
491462,491469,491470,1,7
491462,491469,491470,1,7
491462,491469,491470,1,7
491462,491468,491469,1,6
491462,491468,491470,2,6
491462,491468,491470,2,6
491462,491462,491471,9,0
491462,491468,491471,3,6
491462,491462,491471,9,0
491462,491467,491471,4,5
491462,491468,491471,3,6
491462,491467,491471,4,5
491462,491468,491471,3,6
491462,491462,491471,9,0
491462,491469,491470,1,7
491462,491467,491471,4,5
491462,491468,491472,4,6
491462,491468,491472,4,6
491462,491462,491473,11,0
491462,491462,491473,11,0
491462,491462,491473,11,0
491462,491462,491473,11,0
491462,491462,491474,12,0
491462,491462,491473,11,0
491462,491462,491474,12,0
491462,491462,491475,13,0
491462,491462,491474,12,0
491462,491462,491475,13,0
491462,491462,491480,18,0
491492,491492,491493,1,0
491492,491492,491493,1,0
491492,491492,491493,1,0
491492,491492,491493,1,0
491492,491492,491493,1,0
491492,491492,491494,2,0
491492,491493,491496,3,1
491492,491493,491495,2,1
491492,491494,491495,1,2
491492,491492,491496,4,0
491492,491492,491496,4,0
491492,491492,491496,4,0
491492,491492,491497,5,0
491492,491492,491496,4,0
491492,491494,491496,2,2
491492,491492,491497,5,0
491492,491494,491496,2,2
491492,491495,491496,1,3
491492,491492,491498,6,0
491492,491496,491497,1,4
491492,491492,491498,6,0
491492,491492,491498,6,0
491492,491492,491497,5,0
491492,491492,491497,5,0
491492,491492,491498,6,0
491492,491492,491498,6,0
491492,491492,491498,6,0
491492,491492,491498,6,0
491492,491492,491498,6,0
491492,491492,491499,7,0
491492,491492,491498,6,0
491492,491492,491498,6,0
491492,491498,491499,1,6
491492,491492,491498,6,0
491492,491497,491498,1,5
491492,491497,491498,1,5
491492,491492,491499,7,0
491492,491497,491498,1,5
491492,491498,491499,1,6
491492,491496,491498,2,4
491492,491497,491498,1,5
491492,491498,491499,1,6
491492,491492,491498,6,0
491492,491496,491498,2,4
491492,491498,491499,1,6
491492,491492,491499,7,0
491492,491497,491500,3,5
491492,491499,491500,1,7
491492,491492,491500,8,0
491492,491499,491500,1,7
491492,491492,491499,7,0
491492,491499,491500,1,7
491492,491492,491499,7,0
491492,491492,491500,8,0
491492,491497,491500,3,5
491492,491492,491500,8,0
491492,491497,491501,4,5
491492,491499,491501,2,7
491492,491492,491500,8,0
491492,491497,491500,3,5
491492,491498,491501,3,6
491492,491492,491500,8,0
491492,491497,491500,3,5
491492,491498,491500,2,6
491492,491492,491500,8,0
491492,491499,491500,1,7
491492,491499,491500,1,7
491492,491499,491502,3,7
491492,491499,491501,2,7
491492,491499,491502,3,7
491492,491492,491502,10,0
491492,491492,491501,9,0
491492,491499,491501,2,7
491492,491499,491501,2,7
491492,491492,491503,11,0
491492,491492,491502,10,0
491492,491492,491510,18,0
491492,491492,491510,18,0
491492,491492,491513,21,0
491525,491525,491526,1,0
491525,491525,491526,1,0
491525,491525,491526,1,0
491525,491525,491526,1,0
491525,491525,491526,1,0
491525,491525,491527,2,0
491525,491525,491529,4,0
491525,491527,491529,2,2
491525,491526,491528,2,1
491525,491526,491528,2,1
491525,491526,491529,3,1
491525,491525,491529,4,0
491525,491525,491529,4,0
491525,491525,491530,5,0
491525,491525,491529,4,0
491525,491527,491529,2,2
491525,491525,491529,4,0
491525,491525,491530,5,0
491525,491525,491531,6,0
491525,491525,491530,5,0
491525,491529,491530,1,4
491525,491528,491530,2,3
491525,491529,491530,1,4
491525,491529,491530,1,4
491525,491530,491531,1,5
491525,491525,491530,5,0
491525,491525,491531,6,0
491525,491529,491530,1,4
491525,491525,491531,6,0
491525,491529,491531,2,4
491525,491525,491532,7,0
491525,491525,491531,6,0
491525,491525,491531,6,0
491525,491525,491531,6,0
491525,491530,491531,1,5
491525,491531,491532,1,6
491525,491525,491531,6,0
491525,491531,491532,1,6
491525,491531,491532,1,6
491525,491525,491531,6,0
491525,491531,491532,1,6
491525,491525,491532,7,0
491525,491525,491531,6,0
491525,491531,491532,1,6
491525,491531,491532,1,6
491525,491531,491532,1,6
491525,491525,491532,7,0
491525,491530,491532,2,5
491525,491525,491533,8,0
491525,491530,491532,2,5
491525,491530,491532,2,5
491525,491525,491532,7,0
491525,491525,491532,7,0
491525,491525,491533,8,0
491525,491531,491532,1,6
491525,491531,491532,1,6
491525,491531,491532,1,6
491525,491525,491533,8,0
491525,491530,491533,3,5
491525,491531,491533,2,6
491525,491532,491534,2,7
491525,491532,491533,1,7
491525,491532,491533,1,7
491525,491532,491533,1,7
491525,491532,491533,1,7
491525,491525,491535,10,0
491525,491525,491535,10,0
491525,491525,491534,9,0
491525,491532,491534,2,7
491525,491532,491534,2,7
491525,491525,491535,10,0
491525,491525,491535,10,0
491525,491525,491535,10,0
491525,491525,491535,10,0
491525,491525,491536,11,0
491525,491525,491537,12,0
491525,491525,491538,13,0
491525,491525,491539,14,0
491525,491525,491540,15,0
491552,491552,491553,1,0
491552,491552,491553,1,0
491552,491552,491553,1,0
491552,491552,491553,1,0
491552,491552,491553,1,0
491552,491553,491555,2,1
491552,491553,491555,2,1
491552,491552,491554,2,0
491552,491553,491555,2,1
491552,491555,491556,1,3
491552,491554,491557,3,2
491552,491552,491557,5,0
491552,491552,491556,4,0
491552,491554,491556,2,2
491552,491555,491557,2,3
491552,491552,491557,5,0
491552,491555,491556,1,3
491552,491555,491556,1,3
491552,491552,491558,6,0
491552,491552,491558,6,0
491552,491552,491557,5,0
491552,491552,491558,6,0
491552,491557,491558,1,5
491552,491552,491557,5,0
491552,491552,491558,6,0
491552,491557,491558,1,5
491552,491557,491558,1,5
491552,491552,491557,5,0
491552,491556,491557,1,4
491552,491557,491558,1,5
491552,491552,491559,7,0
491552,491552,491558,6,0
491552,491557,491559,2,5
491552,491552,491558,6,0
491552,491552,491558,6,0
491552,491558,491559,1,6
491552,491552,491558,6,0
491552,491552,491558,6,0
491552,491552,491558,6,0
491552,491557,491558,1,5
491552,491552,491559,7,0
491552,491557,491558,1,5
491552,491552,491558,6,0
491552,491552,491559,7,0
491552,491558,491559,1,6
491552,491558,491559,1,6
491552,491552,491559,7,0
491552,491558,491559,1,6
491552,491558,491559,1,6
491552,491552,491560,8,0
491552,491552,491560,8,0
491552,491557,491560,3,5
491552,491558,491560,2,6
491552,491552,491559,7,0
491552,491558,491559,1,6
491552,491559,491560,1,7
491552,491558,491559,1,6
491552,491559,491560,1,7
491552,491558,491560,2,6
491552,491559,491561,2,7
491552,491558,491560,2,6
491552,491558,491560,2,6
491552,491552,491561,9,0
491552,491552,491561,9,0
491552,491558,491561,3,6
491552,491552,491562,10,0
491552,491552,491561,9,0
491552,491559,491561,2,7
491552,491559,491562,3,7
491552,491552,491562,10,0
491552,491552,491562,10,0
491552,491552,491562,10,0
491552,491552,491563,11,0
491552,491552,491563,11,0
491552,491552,491564,12,0
491552,491552,491564,12,0
491552,491552,491563,11,0
491552,491552,491568,16,0
491552,491552,491568,16,0
491580,491580,491581,1,0
491580,491580,491581,1,0
491580,491580,491581,1,0
491580,491580,491582,2,0
491580,491580,491581,1,0
491580,491581,491583,2,1
491580,491581,491582,1,1
491580,491580,491582,2,0
491580,491581,491582,1,1
491580,491582,491583,1,2
491580,491582,491583,1,2
491580,491580,491585,5,0
491580,491580,491584,4,0
491580,491580,491585,5,0
491580,491580,491585,5,0
491580,491583,491584,1,3
491580,491580,491585,5,0
491580,491583,491585,2,3
491580,491583,491585,2,3
491580,491583,491584,1,3
491580,491580,491586,6,0
491580,491580,491586,6,0
491580,491580,491586,6,0
491580,491580,491586,6,0
491580,491584,491585,1,4
491580,491580,491585,5,0
491580,491580,491585,5,0
491580,491585,491586,1,5
491580,491580,491586,6,0
491580,491580,491586,6,0
491580,491580,491585,5,0
491580,491584,491585,1,4
491580,491580,491586,6,0
491580,491580,491587,7,0
491580,491580,491586,6,0
491580,491580,491586,6,0
491580,491580,491586,6,0
491580,491580,491586,6,0
491580,491586,491587,1,6
491580,491580,491586,6,0
491580,491586,491587,1,6
491580,491585,491586,1,5
491580,491585,491586,1,5
491580,491585,491586,1,5
491580,491586,491587,1,6
491580,491585,491586,1,5
491580,491586,491587,1,6
491580,491585,491587,2,5
491580,491585,491588,3,5
491580,491580,491587,7,0
491580,491580,491587,7,0
491580,491585,491587,2,5
491580,491585,491587,2,5
491580,491586,491588,2,6
491580,491586,491587,1,6
491580,491586,491587,1,6
491580,491586,491587,1,6
491580,491586,491587,1,6
491580,491586,491587,1,6
491580,491586,491587,1,6
491580,491580,491589,9,0
491580,491587,491589,2,7
491580,491580,491589,9,0
491580,491586,491588,2,6
491580,491586,491588,2,6
491580,491580,491589,9,0
491580,491580,491589,9,0
491580,491580,491589,9,0
491580,491580,491590,10,0
491580,491587,491589,2,7
491580,491580,491590,10,0
491580,491580,491590,10,0
491580,491580,491591,11,0
491580,491580,491591,11,0
491580,491580,491591,11,0
491580,491580,491592,12,0
491580,491580,491592,12,0
491580,491580,491594,14,0
491580,491580,491598,18,0
491609,491609,491610,1,0
491609,491609,491610,1,0
491609,491609,491610,1,0
491609,491609,491610,1,0
491609,491609,491610,1,0
491609,491609,491612,3,0
491609,491610,491612,2,1
491609,491610,491611,1,1
491609,491611,491612,1,2
491609,491611,491613,2,2
491609,491609,491612,3,0
491609,491611,491613,2,2
491609,491612,491613,1,3
491609,491609,491614,5,0
491609,491609,491614,5,0
491609,491613,491614,1,4
491609,491612,491613,1,3
491609,491612,491614,2,3
491609,491612,491614,2,3
491609,491609,491613,4,0
491609,491613,491614,1,4
491609,491609,491615,6,0
491609,491609,491614,5,0
491609,491609,491615,6,0
491609,491613,491615,2,4
491609,491609,491615,6,0
491609,491609,491615,6,0
491609,491609,491615,6,0
491609,491609,491615,6,0
491609,491609,491616,7,0
491609,491609,491615,6,0
491609,491609,491616,7,0
491609,491609,491616,7,0
491609,491609,491615,6,0
491609,491614,491615,1,5
491609,491609,491616,7,0
491609,491615,491616,1,6
491609,491609,491615,6,0
491609,491614,491616,2,5
491609,491613,491615,2,4
491609,491609,491616,7,0
491609,491614,491616,2,5
491609,491614,491615,1,5
491609,491609,491616,7,0
491609,491614,491616,2,5
491609,491614,491616,2,5
491609,491614,491615,1,5
491609,491615,491616,1,6
491609,491609,491617,8,0
491609,491614,491617,3,5
491609,491609,491617,8,0
491609,491615,491617,2,6
491609,491616,491617,1,7
491609,491616,491617,1,7
491609,491609,491617,8,0
491609,491609,491617,8,0
491609,491609,491617,8,0
491609,491615,491618,3,6
491609,491616,491618,2,7
491609,491615,491618,3,6
491609,491616,491618,2,7
491609,491616,491618,2,7
491609,491609,491618,9,0
491609,491615,491618,3,6
491609,491615,491618,3,6
491609,491616,491618,2,7
491609,491615,491618,3,6
491609,491609,491618,9,0
491609,491609,491620,11,0
491609,491609,491621,12,0
491609,491609,491621,12,0
491609,491609,491622,13,0
491609,491609,491625,16,0
491609,491609,491625,16,0
491622,491622,491626,4,0
491623,491624,491627,3,1
491623,491623,491627,4,0
491609,491609,491627,18,0
491622,491622,491627,5,0
491622,491623,491627,4,1
491622,491622,491627,5,0
491623,491623,491627,4,0
491622,491622,491628,6,0
491624,491624,491628,4,0
491623,491623,491628,5,0
491623,491623,491628,5,0
491623,491623,491628,5,0
491624,491624,491629,5,0
491609,491609,491628,19,0
491609,491609,491629,20,0
491609,491609,491628,19,0
491624,491625,491629,4,1
491625,491625,491629,4,0
491625,491625,491629,4,0
491625,491625,491629,4,0
491626,491626,491630,4,0
491626,491626,491630,4,0
491623,491623,491630,7,0
491625,491625,491629,4,0
491626,491626,491630,4,0
491624,491624,491631,7,0
491624,491624,491630,6,0
491626,491626,491631,5,0
491627,491627,491631,4,0
491627,491627,491631,4,0
491624,491624,491631,7,0
491625,491625,491631,6,0
491625,491625,491632,7,0
491626,491626,491631,5,0
491623,491623,491631,8,0
491627,491627,491631,4,0
491627,491627,491633,6,0
491626,491626,491632,6,0
491628,491628,491633,5,0
491626,491626,491633,7,0
491627,491627,491633,6,0
491628,491628,491633,5,0
491627,491627,491633,6,0
491627,491627,491633,6,0
491628,491628,491633,5,0
491624,491624,491633,9,0
491628,491628,491633,5,0
491628,491628,491633,5,0
491630,491630,491633,3,0
491630,491630,491634,4,0
491624,491624,491634,10,0
491628,491628,491634,6,0
491630,491630,491634,4,0
491629,491629,491634,5,0
491629,491629,491634,5,0
491627,491627,491634,7,0
491629,491629,491634,5,0
491630,491630,491634,4,0
491627,491627,491634,7,0
491629,491629,491634,5,0
491630,491630,491634,4,0
491631,491631,491634,3,0
491629,491630,491634,4,1
491625,491625,491634,9,0
491628,491628,491634,6,0
491629,491629,491635,6,0
491631,491631,491634,3,0
491609,491609,491635,26,0
491626,491626,491635,9,0
491629,491629,491634,5,0
491626,491626,491635,9,0
491629,491629,491635,6,0
491632,491632,491635,3,0
491631,491631,491635,4,0
491630,491630,491635,5,0
491632,491632,491636,4,0
491632,491632,491636,4,0
491631,491632,491636,4,1
491631,491631,491636,5,0
491631,491631,491637,6,0
491633,491633,491637,4,0
491633,491633,491636,3,0
491634,491634,491637,3,0
491631,491631,491637,6,0
491628,491629,491637,8,1
491630,491630,491637,7,0
491631,491631,491637,6,0
491634,491634,491638,4,0
491633,491633,491638,5,0
491634,491634,491638,4,0
491632,491632,491638,6,0
491634,491634,491639,5,0
491634,491634,491638,4,0
491632,491632,491638,6,0
491632,491633,491638,5,1
491628,491628,491639,11,0
491631,491631,491639,8,0
491632,491632,491640,8,0
491630,491630,491639,9,0
491633,491633,491640,7,0
491635,491635,491640,5,0
491636,491636,491639,3,0
491636,491636,491640,4,0
491635,491635,491639,4,0
491636,491636,491640,4,0
491635,491635,491640,5,0
491635,491635,491639,4,0
491633,491633,491640,7,0
491636,491637,491640,3,1
491633,491633,491640,7,0
491636,491636,491640,4,0
491633,491633,491640,7,0
491633,491633,491640,7,0
491634,491634,491640,6,0
491634,491634,491641,7,0
491636,491636,491641,5,0
491638,491638,491641,3,0
491637,491637,491641,4,0
491635,491635,491641,6,0
491638,491638,491642,4,0
491634,491635,491641,6,1
491635,491635,491642,7,0
491639,491639,491642,3,0
491637,491637,491641,4,0
491637,491638,491642,4,1
491639,491639,491642,3,0
491637,491637,491642,5,0
491637,491637,491642,5,0
491638,491638,491642,4,0
491638,491638,491643,5,0
491636,491636,491643,7,0
491637,491637,491643,6,0
491638,491638,491643,5,0
491635,491636,491642,6,1
491636,491636,491643,7,0
491632,491632,491644,12,0
491637,491637,491643,6,0
491634,491634,491643,9,0
491637,491637,491643,6,0
491639,491639,491643,4,0
491639,491639,491644,5,0
491639,491639,491644,5,0
491638,491638,491644,6,0
491639,491639,491644,5,0
491639,491639,491645,6,0
491638,491638,491644,6,0
491640,491640,491644,4,0
491635,491635,491644,9,0
491640,491640,491645,5,0
491641,491641,491645,4,0
491640,491640,491645,5,0
491640,491640,491645,5,0
491641,491641,491645,4,0
491642,491642,491645,3,0
491640,491640,491646,6,0
491642,491643,491646,3,1
491641,491641,491646,5,0
491642,491642,491646,4,0
491642,491642,491647,5,0
491642,491642,491647,5,0
491646,491646,491647,1,0
491646,491646,491647,1,0
491640,491640,491647,7,0
491641,491641,491647,6,0
491643,491643,491647,4,0
491639,491640,491647,7,1
491643,491643,491648,5,0
491644,491644,491647,3,0
491643,491643,491647,4,0
491646,491646,491647,1,0
491646,491646,491647,1,0
491646,491646,491647,1,0
491641,491641,491647,6,0
491641,491641,491647,6,0
491641,491641,491648,7,0
491642,491642,491648,6,0
491642,491642,491648,6,0
491644,491644,491648,4,0
491643,491643,491649,6,0
491644,491644,491648,4,0
491644,491644,491649,5,0
491645,491645,491649,4,0
491640,491640,491649,9,0
491642,491642,491649,7,0
491646,491647,491649,2,1
491646,491648,491649,1,2
491645,491645,491649,4,0
491644,491644,491649,5,0
491642,491642,491649,7,0
491645,491645,491649,4,0
491645,491645,491649,4,0
491643,491643,491649,6,0
491645,491645,491650,5,0
491646,491646,491650,4,0
491645,491645,491650,5,0
491645,491645,491650,5,0
491646,491646,491650,4,0
491646,491646,491650,4,0
491646,491646,491650,4,0
491646,491646,491649,3,0
491646,491647,491650,3,1
491646,491648,491650,2,2
491643,491643,491649,6,0
491644,491644,491649,5,0
491643,491643,491650,7,0
491645,491646,491650,4,1
491641,491641,491650,9,0
491646,491646,491650,4,0
491646,491646,491650,4,0
491646,491646,491651,5,0
491646,491646,491651,5,0
491646,491646,491651,5,0
491646,491646,491651,5,0
491646,491646,491651,5,0
491646,491648,491650,2,2
491646,491646,491651,5,0
491646,491650,491651,1,4
491646,491650,491651,1,4
491644,491644,491651,7,0
491646,491649,491651,2,3
491646,491649,491650,1,3
491644,491644,491651,7,0
491640,491640,491651,11,0
491646,491646,491652,6,0
491646,491646,491652,6,0
491646,491646,491652,6,0
491646,491646,491652,6,0
491646,491646,491652,6,0
491646,491646,491651,5,0
491646,491646,491652,6,0
491646,491650,491652,2,4
491646,491646,491652,6,0
491646,491646,491652,6,0
491646,491646,491652,6,0
491646,491651,491652,1,5
491646,491646,491651,5,0
491646,491650,491652,2,4
491646,491646,491652,6,0
491646,491650,491651,1,4
491645,491645,491652,7,0
491646,491646,491652,6,0
491646,491646,491652,6,0
491646,491646,491652,6,0
491646,491651,491652,1,5
491644,491644,491652,8,0
491646,491646,491653,7,0
491646,491646,491652,6,0
491646,491651,491653,2,5
491646,491646,491653,7,0
491646,491646,491653,7,0
491646,491646,491653,7,0
491646,491651,491653,2,5
491646,491652,491653,1,6
491646,491651,491653,2,5
491646,491646,491653,7,0
491646,491646,491653,7,0
491646,491651,491653,2,5
491646,491646,491654,8,0
491646,491651,491653,2,5
491646,491652,491653,1,6
491646,491652,491654,2,6
491646,491651,491654,3,5
491646,491651,491654,3,5
491646,491651,491654,3,5
491646,491652,491654,2,6
491646,491652,491653,1,6
491646,491652,491654,2,6
491646,491651,491654,3,5
491646,491646,491655,9,0
491646,491646,491655,9,0
491646,491652,491655,3,6
491646,491652,491655,3,6
491646,491652,491655,3,6
491646,491652,491654,2,6
491646,491652,491655,3,6
491646,491652,491655,3,6
491646,491646,491656,10,0
491638,491638,491658,20,0
491646,491646,491659,13,0
491646,491646,491660,14,0
491646,491646,491662,16,0
491646,491646,491664,18,0
491646,491646,491666,20,0
491666,491666,491670,4,0
491666,491667,491671,4,1
491667,491667,491671,4,0
491668,491668,491672,4,0
491669,491669,491672,3,0
491667,491667,491672,5,0
491668,491668,491673,5,0
491668,491668,491673,5,0
491667,491667,491673,6,0
491668,491668,491673,5,0
491667,491667,491673,6,0
491669,491669,491674,5,0
491669,491669,491674,5,0
491670,491670,491674,4,0
491668,491668,491674,6,0
491669,491669,491674,5,0
491670,491670,491674,4,0
491670,491670,491675,5,0
491669,491669,491675,6,0
491669,491669,491675,6,0
491672,491672,491675,3,0
491667,491667,491675,8,0
491671,491671,491676,5,0
491670,491670,491676,6,0
491670,491670,491676,6,0
491667,491668,491676,8,1
491669,491669,491676,7,0
491671,491671,491676,5,0
491668,491668,491677,9,0
491671,491671,491677,6,0
491670,491670,491677,7,0
491673,491673,491677,4,0
491668,491669,491677,8,1
491672,491672,491677,5,0
491672,491672,491678,6,0
491667,491667,491677,10,0
491672,491672,491677,5,0
491671,491671,491677,6,0
491673,491673,491678,5,0
491671,491671,491678,7,0
491673,491673,491678,5,0
491670,491670,491679,9,0
491671,491671,491679,8,0
491678,491678,491679,1,0
491672,491672,491678,6,0
491678,491678,491679,1,0
491674,491675,491679,4,1
491674,491674,491679,5,0
491676,491676,491679,3,0
491673,491674,491679,5,1
491674,491674,491680,6,0
491674,491674,491680,6,0
491671,491671,491679,8,0
491672,491673,491680,7,1
491674,491674,491679,5,0
491674,491674,491680,6,0
491678,491678,491679,1,0
491678,491678,491679,1,0
491678,491678,491679,1,0
491675,491675,491680,5,0
491673,491673,491680,7,0
491667,491667,491679,12,0
491673,491673,491680,7,0
491674,491674,491680,6,0
491673,491673,491680,7,0
491668,491668,491680,12,0
491669,491669,491681,12,0
491675,491676,491681,5,1
491678,491679,491681,2,1
491678,491679,491681,2,1
491676,491676,491681,5,0
491675,491675,491681,6,0
491674,491674,491681,7,0
491676,491676,491681,5,0
491675,491675,491682,7,0
491676,491676,491681,5,0
491675,491675,491681,6,0
491677,491677,491681,4,0
491677,491677,491681,4,0
491678,491678,491681,3,0
491678,491680,491682,2,2
491678,491680,491682,2,2
491678,491678,491681,3,0
491675,491675,491682,7,0
491676,491676,491682,6,0
491677,491677,491683,6,0
491676,491676,491683,7,0
491678,491678,491682,4,0
491678,491678,491682,4,0
491671,491671,491682,11,0
491678,491678,491683,5,0
491678,491678,491683,5,0
491675,491675,491682,7,0
491672,491672,491683,11,0
491678,491680,491683,3,2
491678,491678,491683,5,0
491678,491682,491683,1,4
491678,491682,491683,1,4
491679,491679,491683,4,0
491678,491678,491683,5,0
491678,491681,491683,2,3
491675,491675,491683,8,0
491670,491670,491683,13,0
491671,491671,491683,12,0
491678,491678,491683,5,0
491677,491677,491683,6,0
491680,491680,491684,4,0
491677,491677,491683,6,0
491678,491679,491683,4,1
491680,491680,491684,4,0
491678,491678,491684,6,0
491678,491678,491683,5,0
491678,491678,491683,5,0
491678,491678,491683,5,0
491677,491677,491684,7,0
491678,491678,491684,6,0
491678,491678,491684,6,0
491678,491678,491684,6,0
491678,491678,491684,6,0
491678,491683,491684,1,5
491673,491673,491684,11,0
491678,491682,491683,1,4
491678,491683,491684,1,5
491678,491678,491684,6,0
491678,491681,491684,3,3
491676,491676,491684,8,0
491678,491678,491685,7,0
491676,491676,491684,8,0
491680,491680,491685,5,0
491680,491680,491685,5,0
491678,491678,491684,6,0
491678,491678,491684,6,0
491679,491679,491684,5,0
491680,491680,491685,5,0
491678,491678,491685,7,0
491678,491678,491684,6,0
491678,491678,491684,6,0
491678,491678,491685,7,0
491678,491683,491685,2,5
491678,491684,491685,1,6
491678,491678,491684,6,0
491678,491683,491685,2,5
491678,491683,491684,1,5
491679,491680,491685,5,1
491678,491678,491685,7,0
491681,491681,491685,4,0
491678,491678,491685,7,0
491678,491684,491685,1,6
491678,491678,491685,7,0
491678,491684,491685,1,6
491678,491678,491684,6,0
491682,491682,491685,3,0
491679,491679,491685,6,0
491679,491679,491686,7,0
491678,491678,491686,8,0
491677,491677,491686,9,0
491678,491682,491685,3,4
491678,491683,491686,3,5
491678,491684,491686,2,6
491678,491684,491686,2,6
491678,491684,491686,2,6
491681,491681,491686,5,0
491678,491685,491686,1,7
491678,491678,491686,8,0
491680,491680,491686,6,0
491682,491682,491687,5,0
491681,491681,491686,5,0
491678,491678,491687,9,0
491678,491683,491686,3,5
491678,491684,491687,3,6
491678,491685,491687,2,7
491678,491684,491686,2,6
491678,491685,491687,2,7
491678,491684,491686,2,6
491678,491685,491687,2,7
491678,491678,491687,9,0
491678,491678,491687,9,0
491678,491685,491687,2,7
491678,491678,491687,9,0
491678,491678,491687,9,0
491679,491679,491687,8,0
491678,491678,491687,9,0
491681,491681,491687,6,0
491682,491682,491687,5,0
491682,491682,491688,6,0
491681,491681,491688,7,0
491678,491684,491687,3,6
491678,491678,491688,10,0
491681,491681,491688,7,0
491681,491681,491688,7,0
491682,491683,491688,5,1
491682,491682,491688,6,0
491682,491682,491689,7,0
491679,491679,491688,9,0
491678,491678,491688,10,0
491678,491678,491689,11,0
491682,491682,491689,7,0
491679,491679,491689,10,0
491678,491678,491690,12,0
491678,491678,491690,12,0
491677,491677,491690,13,0
491680,491680,491690,10,0
491682,491682,491690,8,0
491678,491678,491691,13,0
491678,491678,491691,13,0
491680,491680,491691,11,0
491678,491678,491692,14,0
491681,491681,491692,11,0
491699,491699,491703,4,0
491699,491699,491703,4,0
491700,491700,491704,4,0
491700,491700,491704,4,0
491704,491704,491705,1,0
491701,491701,491705,4,0
491699,491699,491705,6,0
491704,491704,491705,1,0
491704,491704,491705,1,0
491704,491704,491705,1,0
491704,491704,491705,1,0
491700,491700,491706,6,0
491702,491702,491706,4,0
491699,491699,491705,6,0
491700,491700,491705,5,0
491701,491701,491705,4,0
491700,491700,491706,6,0
491699,491699,491705,6,0
491702,491702,491707,5,0
491700,491700,491706,6,0
491701,491701,491706,5,0
491703,491703,491707,4,0
491703,491703,491707,4,0
491702,491702,491707,5,0
491704,491704,491707,3,0
491704,491705,491708,3,1
491704,491706,491708,2,2
491704,491706,491708,2,2
491700,491700,491707,7,0
491703,491703,491708,5,0
491705,491705,491708,3,0
491701,491701,491708,7,0
491703,491704,491708,4,1
491702,491702,491708,6,0
491704,491704,491708,4,0
491703,491703,491709,6,0
491704,491704,491709,5,0
491705,491705,491709,4,0
491704,491704,491709,5,0
491704,491706,491709,3,2
491704,491706,491709,3,2
491705,491705,491709,4,0
491702,491702,491709,7,0
491703,491703,491709,6,0
491704,491704,491709,5,0
491702,491703,491709,6,1
491706,491706,491710,4,0
491705,491705,491709,4,0
491703,491703,491709,6,0
491705,491705,491710,5,0
491700,491700,491709,9,0
491704,491704,491710,6,0
491704,491704,491709,5,0
491704,491708,491710,2,4
491704,491704,491709,5,0
491704,491708,491710,2,4
491704,491704,491710,6,0
491704,491704,491710,6,0
491704,491708,491710,2,4
491704,491704,491710,6,0
491704,491709,491710,1,5
491704,491704,491710,6,0
491704,491708,491710,2,4
491704,491709,491710,1,5
491704,491704,491710,6,0
491706,491706,491710,4,0
491701,491701,491710,9,0
491704,491704,491710,6,0
491702,491702,491710,8,0
491706,491706,491711,5,0
491704,491704,491711,7,0
491704,491704,491711,7,0
491704,491704,491711,7,0
491704,491704,491711,7,0
491701,491701,491710,9,0
491703,491703,491711,8,0
491705,491705,491711,6,0
491706,491706,491711,5,0
491701,491702,491710,8,1
491704,491704,491710,6,0
491704,491710,491711,1,6
491705,491705,491711,6,0
491704,491704,491711,7,0
491704,491704,491711,7,0
491704,491710,491711,1,6
491704,491704,491711,7,0
491704,491709,491711,2,5
491704,491710,491711,1,6
491704,491704,491710,6,0
491704,491710,491711,1,6
491704,491710,491711,1,6
491704,491704,491711,7,0
491704,491710,491711,1,6
491706,491706,491711,5,0
491706,491706,491712,6,0
491699,491700,491711,11,1
491705,491705,491711,6,0
491707,491707,491712,5,0
491704,491704,491712,8,0
491704,491704,491712,8,0
491706,491706,491712,6,0
491707,491707,491712,5,0
491704,491710,491712,2,6
491704,491710,491711,1,6
491704,491711,491712,1,7
491704,491710,491711,1,6
491704,491710,491712,2,6
491704,491710,491712,2,6
491704,491710,491712,2,6
491704,491710,491711,1,6
491704,491711,491712,1,7
491705,491706,491712,6,1
491706,491706,491713,7,0
491704,491704,491713,9,0
491704,491704,491713,9,0
491704,491711,491713,2,7
491704,491704,491712,8,0
491704,491711,491712,1,7
491704,491711,491713,2,7
491704,491711,491713,2,7
491704,491711,491713,2,7
491707,491707,491713,6,0
491699,491699,491713,14,0
491702,491702,491713,11,0
491704,491704,491713,9,0
491704,491704,491714,10,0
491704,491704,491713,9,0
491704,491711,491713,2,7
491704,491704,491714,10,0
491704,491704,491713,9,0
491704,491711,491713,2,7
491704,491711,491714,3,7
491707,491707,491714,7,0
491707,491707,491714,7,0
491701,491701,491714,13,0
491704,491704,491714,10,0
491704,491704,491715,11,0
491704,491704,491715,11,0
491704,491704,491715,11,0
491704,491704,491717,13,0
491704,491704,491719,15,0
491704,491704,491720,16,0
491704,491704,491719,15,0
491704,491704,491719,15,0
491704,491704,491720,16,0
491704,491704,491722,18,0
491704,491704,491724,20,0
491704,491704,491725,21,0
491728,491728,491733,5,0
491729,491729,491734,5,0
491730,491730,491734,4,0
491729,491729,491734,5,0
491728,491728,491734,6,0
491728,491728,491735,7,0
491728,491728,491734,6,0
491728,491728,491735,7,0
491727,491727,491735,8,0
491730,491730,491735,5,0
491729,491729,491736,7,0
491727,491727,491736,9,0
491731,491731,491736,5,0
491730,491730,491736,6,0
491728,491728,491736,8,0
491732,491732,491736,4,0
491733,491734,491737,3,1
491729,491729,491738,9,0
491732,491732,491737,5,0
491730,491730,491738,8,0
491729,491729,491737,8,0
491731,491731,491738,7,0
491730,491730,491738,8,0
491737,491737,491738,1,0
491737,491737,491738,1,0
491737,491737,491738,1,0
491729,491729,491738,9,0
491730,491730,491738,8,0
491729,491729,491738,9,0
491731,491731,491738,7,0
491733,491733,491739,6,0
491732,491732,491739,7,0
491731,491731,491739,8,0
491735,491735,491738,3,0
491733,491733,491739,6,0
491733,491733,491738,5,0
491737,491737,491739,2,0
491737,491737,491739,2,0
491733,491733,491739,6,0
491735,491735,491739,4,0
491736,491736,491740,4,0
491728,491728,491739,11,0
491731,491731,491739,8,0
491734,491734,491739,5,0
491732,491732,491739,7,0
491734,491734,491740,6,0
491737,491739,491741,2,2
491737,491737,491740,3,0
491727,491728,491740,12,1
491734,491734,491741,7,0
491733,491733,491740,7,0
491732,491732,491740,8,0
491733,491733,491740,7,0
491733,491733,491740,7,0
491734,491734,491741,7,0
491733,491733,491741,8,0
491734,491734,491740,6,0
491737,491740,491741,1,3
491737,491739,491741,2,2
491737,491740,491741,1,3
491737,491739,491742,3,2
491737,491741,491742,1,4
491731,491731,491741,10,0
491735,491735,491741,6,0
491730,491730,491741,11,0
491736,491737,491741,4,1
491732,491732,491742,10,0
491736,491736,491742,6,0
491738,491738,491742,4,0
491736,491736,491742,6,0
491737,491737,491742,5,0
491737,491741,491742,1,4
491735,491735,491742,7,0
491728,491728,491742,14,0
491730,491730,491742,12,0
491736,491736,491742,6,0
491737,491737,491742,5,0
491734,491734,491743,9,0
491735,491735,491743,8,0
491737,491737,491743,6,0
491737,491737,491743,6,0
491737,491737,491743,6,0
491737,491737,491743,6,0
491737,491742,491743,1,5
491737,491738,491743,5,1
491737,491738,491743,5,1
491737,491738,491743,5,1
491737,491738,491743,5,1
491737,491742,491743,1,5
491737,491742,491743,1,5
491737,491737,491743,6,0
491734,491734,491744,10,0
491736,491736,491743,7,0
491737,491737,491743,6,0
491737,491742,491743,1,5
491737,491742,491743,1,5
491736,491736,491743,7,0
491729,491729,491744,15,0
491729,491729,491743,14,0
491732,491732,491744,12,0
491737,491737,491744,7,0
491738,491738,491744,6,0
491735,491735,491744,9,0
491737,491737,491744,7,0
491737,491737,491744,7,0
491737,491737,491744,7,0
491737,491738,491744,6,1
491737,491738,491745,7,1
491735,491735,491744,9,0
491737,491744,491745,1,7
491735,491736,491744,8,1
491737,491737,491744,7,0
491737,491737,491744,7,0
491737,491743,491744,1,6
491737,491743,491745,2,6
491737,491737,491744,7,0
491737,491737,491744,7,0
491737,491744,491745,1,7
491737,491737,491745,8,0
491740,491740,491745,5,0
491741,491741,491745,4,0
491737,491737,491744,7,0
491738,491738,491745,7,0
491734,491735,491744,9,1
491732,491732,491745,13,0
491737,491737,491745,8,0
491740,491740,491744,4,0
491738,491738,491745,7,0
491737,491744,491746,2,7
491737,491745,491746,1,8
491737,491738,491746,8,1
491737,491737,491745,8,0
491737,491744,491745,1,7
491737,491744,491745,1,7
491737,491744,491745,1,7
491737,491744,491745,1,7
491737,491745,491746,1,8
491737,491744,491745,1,7
491737,491744,491745,1,7
491737,491744,491746,2,7
491739,491740,491746,6,1
491741,491741,491746,5,0
491737,491737,491745,8,0
491731,491731,491745,14,0
491739,491739,491745,6,0
491739,491739,491746,7,0
491737,491738,491747,9,1
491737,491745,491746,1,8
491737,491738,491746,8,1
491740,491740,491746,6,0
491737,491744,491746,2,7
491737,491745,491746,1,8
491737,491745,491746,1,8
491737,491744,491746,2,7
491737,491744,491746,2,7
491737,491744,491746,2,7
491737,491745,491746,1,8
491739,491739,491746,7,0
491738,491739,491747,8,1
491739,491739,491747,8,0
491737,491738,491747,9,1
491737,491737,491747,10,0
491737,491738,491747,9,1
491737,491737,491747,10,0
491737,491745,491747,2,8
491741,491741,491747,6,0
491738,491738,491747,9,0
491740,491740,491748,8,0
491742,491742,491748,6,0
491739,491739,491747,8,0
491740,491740,491748,8,0
491738,491738,491747,9,0
491739,491739,491748,9,0
491740,491741,491748,7,1
491741,491741,491748,7,0
491742,491742,491748,6,0
491737,491738,491748,10,1
491737,491738,491749,11,1
491740,491740,491748,8,0
491744,491744,491749,5,0
491743,491743,491749,6,0
491743,491743,491749,6,0
491741,491741,491749,8,0
491742,491742,491749,7,0
491744,491744,491749,5,0
491742,491742,491749,7,0
491737,491737,491749,12,0
491737,491738,491749,11,1
491737,491738,491749,11,1
491737,491737,491749,12,0
491737,491738,491750,12,1
491737,491737,491749,12,0
491741,491741,491750,9,0
491744,491744,491749,5,0
491737,491737,491750,13,0
491737,491738,491750,12,1
491743,491743,491751,8,0
491747,491747,491751,4,0
491743,491743,491750,7,0
491746,491746,491750,4,0
491741,491741,491751,10,0
491743,491743,491750,7,0
491742,491742,491750,8,0
491744,491744,491751,7,0
491744,491744,491750,6,0
491742,491742,491752,10,0
491737,491737,491752,15,0
491746,491746,491751,5,0
491747,491747,491752,5,0
491745,491745,491751,6,0
491746,491746,491752,6,0
491742,491742,491752,10,0
491742,491742,491752,10,0
491745,491745,491752,7,0
491749,491749,491752,3,0
491745,491745,491752,7,0
491745,491746,491752,6,1
491744,491744,491752,8,0
491739,491739,491753,14,0
491743,491743,491752,9,0
491746,491746,491753,7,0
491746,491746,491753,7,0
491745,491745,491753,8,0
491747,491747,491753,6,0
491745,491745,491753,8,0
491744,491744,491753,9,0
491745,491745,491754,9,0
491748,491749,491754,5,1
491747,491747,491754,7,0
491748,491748,491754,6,0
491748,491748,491754,6,0
491747,491747,491754,7,0
491749,491749,491754,5,0
491748,491748,491754,6,0
491746,491746,491754,8,0
491747,491748,491754,6,1
491751,491751,491755,4,0
491751,491751,491755,4,0
491750,491750,491756,6,0
491747,491747,491756,9,0
491749,491749,491755,6,0
491749,491749,491756,7,0
491749,491749,491756,7,0
491741,491741,491756,15,0
491747,491747,491756,9,0
491749,491749,491756,7,0
491751,491751,491757,6,0
491750,491750,491757,7,0
491748,491748,491757,9,0
491750,491750,491756,6,0
491751,491751,491757,6,0
491744,491744,491757,13,0
491746,491746,491757,11,0
491743,491743,491757,14,0
491750,491750,491757,7,0
491749,491749,491757,8,0
491751,491751,491757,6,0
491736,491736,491757,21,0
491750,491750,491758,8,0
491752,491752,491758,6,0
491750,491750,491758,8,0
491752,491752,491758,6,0
491750,491750,491758,8,0
491750,491750,491758,8,0
491752,491752,491759,7,0
491743,491743,491760,17,0
491752,491752,491759,7,0
491751,491751,491759,8,0
491752,491752,491760,8,0
491751,491751,491760,9,0
491745,491745,491760,15,0
491738,491738,491761,23,0
491745,491745,491761,16,0
491748,491748,491761,13,0
491748,491748,491762,14,0
491749,491750,491763,13,1
491751,491751,491764,13,0
491763,491763,491764,1,0
491763,491763,491764,1,0
491740,491740,491765,25,0
491763,491763,491765,2,0
491751,491752,491766,14,1
491763,491763,491766,3,0
491763,491763,491766,3,0
491763,491765,491766,1,2
491763,491766,491767,1,3
491763,491763,491767,4,0
491763,491765,491767,2,2
491763,491767,491768,1,4
491763,491767,491768,1,4
491763,491764,491768,4,1
491763,491763,491769,6,0
491763,491763,491769,6,0
491763,491763,491769,6,0
491763,491763,491769,6,0
491763,491763,491769,6,0
491763,491768,491769,1,5
491763,491768,491769,1,5
491763,491764,491770,6,1
491763,491768,491769,1,5
491763,491768,491769,1,5
491763,491764,491770,6,1
491763,491764,491770,6,1
491763,491764,491770,6,1
491763,491763,491770,7,0
491763,491769,491770,1,6
491763,491763,491770,7,0
491763,491769,491770,1,6
491763,491763,491770,7,0
491763,491764,491770,6,1
491763,491763,491770,7,0
491763,491763,491770,7,0
491763,491763,491770,7,0
491763,491770,491771,1,7
491763,491770,491771,1,7
491763,491764,491771,7,1
491763,491764,491771,7,1
491763,491764,491772,8,1
491763,491764,491771,7,1
491763,491770,491771,1,7
491763,491771,491772,1,8
491763,491770,491771,1,7
491763,491771,491772,1,8
491763,491771,491772,1,8
491763,491770,491771,1,7
491763,491769,491771,2,6
491763,491770,491771,1,7
491763,491770,491771,1,7
491763,491770,491771,1,7
491763,491764,491772,8,1
491763,491763,491772,9,0
491763,491763,491772,9,0
491763,491763,491772,9,0
491763,491763,491772,9,0
491763,491770,491772,2,7
491763,491771,491772,1,8
491763,491770,491772,2,7
491763,491771,491772,1,8
491763,491771,491772,1,8
491763,491771,491772,1,8
491763,491771,491772,1,8
491763,491764,491773,9,1
491763,491764,491773,9,1
491763,491763,491773,10,0
491763,491763,491773,10,0
491763,491771,491773,2,8
491763,491771,491773,2,8
491763,491771,491773,2,8
491763,491764,491774,10,1
491763,491763,491775,12,0
491763,491763,491776,13,0
491763,491763,491775,12,0
491763,491763,491777,14,0
491763,491764,491778,14,1
491763,491763,491777,14,0
491773,491773,491778,5,0
491763,491763,491779,16,0
491774,491774,491779,5,0
491773,491773,491779,6,0
491773,491773,491780,7,0
491774,491774,491781,7,0
491777,491777,491781,4,0
491773,491774,491781,7,1
491776,491776,491781,5,0
491775,491775,491782,7,0
491775,491775,491781,6,0
491774,491774,491782,8,0
491774,491774,491782,8,0
491774,491774,491782,8,0
491772,491773,491782,9,1
491776,491776,491782,6,0
491775,491775,491782,7,0
491778,491778,491783,5,0
491775,491775,491783,8,0
491775,491775,491783,8,0
491773,491773,491783,10,0
491779,491779,491784,5,0
491775,491775,491783,8,0
491777,491777,491783,6,0
491778,491778,491783,5,0
491773,491773,491783,10,0
491776,491776,491784,8,0
491774,491774,491784,10,0
491777,491777,491784,7,0
491780,491780,491784,4,0
491777,491777,491785,8,0
491778,491778,491785,7,0
491773,491773,491785,12,0
491777,491777,491785,8,0
491781,491782,491785,3,1
491775,491775,491785,10,0
491777,491777,491786,9,0
491779,491779,491785,6,0
491781,491781,491786,5,0
491775,491775,491786,11,0
491778,491778,491785,7,0
491778,491778,491786,8,0
491778,491778,491786,8,0
491779,491779,491786,7,0
491782,491782,491786,4,0
491781,491781,491787,6,0
491782,491782,491787,5,0
491779,491779,491788,9,0
491780,491780,491788,8,0
491773,491773,491787,14,0
491776,491776,491787,11,0
491778,491778,491787,9,0
491780,491780,491788,8,0
491780,491780,491787,7,0
491779,491779,491787,8,0
491780,491780,491788,8,0
491782,491782,491789,7,0
491781,491781,491789,8,0
491776,491776,491790,14,0
491779,491779,491790,11,0
491779,491779,491789,10,0
491781,491781,491790,9,0
491783,491783,491789,6,0
491782,491782,491790,8,0
491782,491782,491790,8,0
491780,491780,491789,9,0
491781,491781,491789,8,0
491782,491782,491789,7,0
491783,491783,491790,7,0
491780,491780,491791,11,0
491785,491785,491790,5,0
491785,491785,491790,5,0
491776,491777,491791,14,1
491778,491778,491791,13,0
491785,491785,491791,6,0
491784,491784,491791,7,0
491781,491781,491791,10,0
491783,491783,491791,8,0
491785,491785,491791,6,0
491784,491784,491791,7,0
491784,491784,491791,7,0
491776,491776,491791,15,0
491783,491783,491792,9,0
491783,491783,491791,8,0
491785,491785,491792,7,0
491783,491783,491792,9,0
491774,491774,491792,18,0
491786,491786,491793,7,0
491783,491783,491792,9,0
491786,491786,491792,6,0
491776,491776,491793,17,0
491781,491781,491793,12,0
491785,491785,491794,9,0
491784,491784,491794,10,0
491787,491788,491794,6,1
491787,491787,491793,6,0
491784,491784,491794,10,0
491792,491792,491794,2,0
491792,491792,491793,1,0
491792,491792,491793,1,0
491792,491792,491793,1,0
491786,491786,491794,8,0
491789,491789,491793,4,0
491787,491787,491794,7,0
491792,491792,491793,1,0
491777,491777,491794,17,0
491782,491782,491795,13,0
491784,491785,491794,9,1
491781,491781,491795,14,0
491788,491788,491794,6,0
491786,491787,491795,8,1
491789,491790,491795,5,1
491788,491788,491795,7,0
491792,491792,491795,3,0
491792,491792,491795,3,0
491784,491784,491795,11,0
491785,491785,491796,11,0
491787,491787,491795,8,0
491787,491787,491795,8,0
491787,491787,491796,9,0
491784,491784,491795,11,0
491789,491789,491796,7,0
491790,491790,491796,6,0
491788,491788,491797,9,0
491792,491792,491797,5,0
491792,491795,491796,1,3
491792,491795,491796,1,3
491786,491786,491797,11,0
491785,491786,491797,11,1
491788,491788,491796,8,0
491786,491786,491796,10,0
491786,491786,491797,11,0
491789,491789,491797,8,0
491791,491791,491797,6,0
491792,491795,491797,2,3
491792,491795,491797,2,3
491785,491785,491797,12,0
491790,491790,491797,7,0
491792,491796,491797,1,4
491787,491787,491798,11,0
491789,491789,491798,9,0
491789,491789,491798,9,0
491789,491789,491798,9,0
491789,491789,491798,9,0
491792,491792,491798,6,0
491776,491776,491797,21,0
491792,491792,491798,6,0
491792,491797,491798,1,5
491792,491795,491798,3,3
491792,491797,491798,1,5
491792,491797,491798,1,5
491792,491793,491799,6,1
491790,491790,491798,8,0
491792,491792,491799,7,0
491793,491793,491799,6,0
491791,491791,491799,8,0
491793,491793,491799,6,0
491792,491792,491799,7,0
491792,491792,491799,7,0
491792,491792,491799,7,0
491792,491792,491799,7,0
491792,491792,491799,7,0
491792,491792,491799,7,0
491792,491792,491799,7,0
491790,491790,491799,9,0
491790,491790,491799,9,0
491792,491792,491799,7,0
491792,491792,491799,7,0
491792,491798,491799,1,6
491792,491792,491799,7,0
491792,491792,491799,7,0
491792,491792,491800,8,0
491792,491792,491799,7,0
491792,491798,491799,1,6
491792,491792,491799,7,0
491792,491792,491799,7,0
491791,491791,491799,8,0
491793,491793,491799,6,0
491791,491791,491799,8,0
491794,491794,491800,6,0
491795,491796,491799,3,1
491783,491783,491800,17,0
491786,491786,491800,14,0
491790,491790,491800,10,0
491792,491792,491800,8,0
491790,491790,491800,10,0
491792,491792,491800,8,0
491792,491792,491800,8,0
491792,491792,491800,8,0
491792,491792,491800,8,0
491792,491792,491800,8,0
491792,491792,491801,9,0
491793,491793,491800,7,0
491792,491792,491801,9,0
491796,491796,491800,4,0
491792,491799,491800,1,7
491792,491799,491800,1,7
491792,491800,491801,1,8
491792,491799,491800,1,7
491792,491799,491800,1,7
491792,491800,491801,1,8
491792,491800,491801,1,8
491792,491798,491800,2,6
491792,491799,491800,1,7
491791,491791,491800,9,0
491792,491792,491801,9,0
491793,491793,491801,8,0
491791,491791,491800,9,0
491791,491791,491800,9,0
491796,491796,491801,5,0
491792,491792,491801,9,0
491792,491792,491801,9,0
491792,491792,491801,9,0
491792,491799,491801,2,7
491792,491800,491801,1,8
491792,491792,491801,9,0
491792,491800,491801,1,8
491792,491800,491801,1,8
491792,491792,491801,9,0
491795,491795,491801,6,0
491792,491792,491801,9,0
491793,491793,491801,8,0
491792,491800,491801,1,8
491792,491800,491801,1,8
491792,491800,491801,1,8
491792,491800,491801,1,8
491792,491800,491801,1,8
491792,491800,491801,1,8
491792,491800,491801,1,8
491780,491780,491801,21,0
491792,491792,491802,10,0
491794,491794,491802,8,0
491791,491791,491802,11,0
491792,491792,491801,9,0
491794,491794,491802,8,0
491797,491797,491802,5,0
491793,491793,491802,9,0
491792,491792,491802,10,0
491792,491792,491802,10,0
491792,491800,491802,2,8
491792,491800,491802,2,8
491792,491799,491802,3,7
491792,491800,491802,2,8
491793,491794,491802,8,1
491794,491794,491803,9,0
491796,491796,491803,7,0
491792,491792,491803,11,0
491794,491795,491804,9,1
491795,491795,491803,8,0
491797,491797,491803,6,0
491787,491787,491803,16,0
491796,491796,491804,8,0
491797,491797,491804,7,0
491796,491796,491803,7,0
491794,491794,491804,10,0
491792,491792,491804,12,0
491796,491797,491804,7,1
491797,491798,491804,6,1
491797,491797,491805,8,0
491794,491794,491804,10,0
491788,491788,491805,17,0
491796,491796,491805,9,0
491792,491792,491805,13,0
491792,491792,491805,13,0
491795,491795,491805,10,0
491797,491797,491805,8,0
491792,491792,491805,13,0
491792,491792,491806,14,0
491798,491798,491806,8,0
491796,491796,491806,10,0
491797,491797,491806,9,0
491795,491795,491807,12,0
491798,491798,491807,9,0
491797,491797,491808,11,0
491794,491794,491809,15,0
491795,491795,491809,14,0
491792,491792,491809,17,0
491795,491795,491810,15,0
491796,491796,491810,14,0
491795,491795,491810,15,0
491818,491818,491819,1,0
491818,491818,491820,2,0
491818,491818,491820,2,0
491818,491818,491820,2,0
491818,491818,491819,1,0
491818,491818,491821,3,0
491818,491818,491821,3,0
491818,491820,491822,2,2
491818,491820,491822,2,2
491818,491820,491822,2,2
491818,491820,491822,2,2
491818,491820,491822,2,2
491818,491821,491823,2,3
491818,491818,491824,6,0
491818,491818,491824,6,0
491818,491821,491824,3,3
491818,491818,491824,6,0
491818,491822,491824,2,4
491818,491818,491824,6,0
491818,491818,491824,6,0
491818,491822,491824,2,4
491819,491819,491824,5,0
491818,491818,491824,6,0
491818,491818,491824,6,0
491818,491818,491825,7,0
491818,491818,491825,7,0
491818,491818,491825,7,0
491818,491818,491825,7,0
491818,491818,491825,7,0
491818,491818,491825,7,0
491818,491818,491825,7,0
491818,491818,491825,7,0
491818,491822,491825,3,4
491818,491818,491825,7,0
491818,491818,491825,7,0
491818,491822,491825,3,4
491818,491818,491825,7,0
491818,491822,491825,3,4
491818,491818,491826,8,0
491818,491818,491825,7,0
491818,491824,491825,1,6
491818,491818,491826,8,0
491818,491818,491826,8,0
491818,491818,491826,8,0
491818,491818,491825,7,0
491818,491826,491827,1,8
491818,491818,491826,8,0
491818,491825,491826,1,7
491818,491826,491827,1,8
491818,491818,491826,8,0
491818,491825,491826,1,7
491818,491825,491826,1,7
491818,491826,491827,1,8
491818,491825,491826,1,7
491819,491819,491826,7,0
491818,491824,491827,3,6
491818,491825,491827,2,7
491818,491818,491827,9,0
491818,491818,491827,9,0
491818,491818,491827,9,0
491818,491826,491827,1,8
491818,491826,491827,1,8
491818,491825,491827,2,7
491823,491823,491827,4,0
491822,491822,491827,5,0
491822,491822,491827,5,0
491823,491823,491828,5,0
491818,491818,491828,10,0
491818,491824,491828,4,6
491818,491818,491827,9,0
491818,491825,491828,3,7
491818,491825,491828,3,7
491818,491824,491828,4,6
491818,491825,491828,3,7
491818,491819,491828,9,1
491820,491820,491828,8,0
491818,491818,491829,11,0
491821,491821,491828,7,0
491819,491819,491829,10,0
491818,491818,491829,11,0
491819,491819,491829,10,0
491818,491818,491829,11,0
491820,491820,491829,9,0
491818,491818,491829,11,0
491822,491822,491829,7,0
491824,491824,491829,5,0
491821,491821,491829,8,0
491818,491818,491829,11,0
491819,491820,491829,9,1
491820,491820,491829,9,0
491825,491825,491829,4,0
491820,491820,491830,10,0
491821,491821,491830,9,0
491820,491820,491830,10,0
491823,491823,491830,7,0
491818,491818,491830,12,0
491819,491819,491831,12,0
491825,491825,491830,5,0
491820,491820,491830,10,0
491818,491825,491831,6,7
491822,491822,491830,8,0
491822,491822,491830,8,0
491826,491826,491831,5,0
491820,491820,491831,11,0
491824,491824,491830,6,0
491818,491818,491831,13,0
491821,491821,491831,10,0
491823,491823,491832,9,0
491826,491826,491831,5,0
491818,491825,491831,6,7
491823,491823,491831,8,0
491824,491824,491831,7,0
491818,491818,491832,14,0
491825,491825,491832,7,0
491818,491818,491833,15,0
491824,491824,491833,9,0
491825,491825,491833,8,0
491823,491823,491833,10,0
491824,491825,491833,8,1
491827,491827,491833,6,0
491819,491819,491834,15,0
491821,491821,491834,13,0
491822,491822,491835,13,0
491822,491823,491835,12,1
491829,491829,491835,6,0
491825,491825,491835,10,0
491825,491825,491834,9,0
491828,491829,491835,6,1
491827,491827,491835,8,0
491826,491826,491835,9,0
491821,491821,491834,13,0
491823,491823,491834,11,0
491825,491825,491835,10,0
491827,491827,491835,8,0
491818,491818,491835,17,0
491819,491819,491836,17,0
491821,491822,491835,13,1
491825,491825,491835,10,0
491824,491824,491835,11,0
491826,491826,491835,9,0
491828,491828,491835,7,0
491830,491830,491836,6,0
491827,491827,491836,9,0
491828,491828,491836,8,0
491828,491828,491836,8,0
491828,491828,491836,8,0
491818,491818,491837,19,0
491821,491821,491837,16,0
491826,491826,491837,11,0
491823,491823,491836,13,0
491830,491830,491836,6,0
491822,491822,491837,15,0
491829,491829,491837,8,0
491829,491830,491837,7,1
491820,491821,491838,17,1
491831,491831,491838,7,0
491831,491832,491838,6,1
491826,491826,491837,11,0
491829,491829,491838,9,0
491827,491827,491838,11,0
491827,491827,491838,11,0
491828,491828,491838,10,0
491830,491830,491838,8,0
491829,491829,491838,9,0
491830,491830,491838,8,0
491822,491822,491838,16,0
491828,491828,491838,10,0
491830,491830,491839,9,0
491830,491830,491839,9,0
491828,491828,491838,10,0
491832,491832,491839,7,0
491828,491828,491839,11,0
491832,491832,491840,8,0
491826,491826,491840,14,0
491831,491831,491840,9,0
491829,491829,491841,12,0
491831,491831,491840,9,0
491827,491827,491840,13,0
491832,491833,491841,8,1
491827,491827,491841,14,0
491831,491831,491841,10,0
491831,491831,491841,10,0
491832,491833,491842,9,1
491832,491832,491843,11,0
491826,491826,491842,16,0
491831,491831,491843,12,0
491831,491831,491844,13,0
491829,491829,491846,17,0
491830,491831,491846,15,1
491846,491846,491847,1,0
491846,491846,491847,1,0
491846,491846,491847,1,0
491846,491846,491847,1,0
491846,491846,491847,1,0
491833,491833,491848,15,0
491830,491830,491848,18,0
491842,491842,491849,7,0
491824,491824,491848,24,0
491846,491846,491849,3,0
491846,491846,491849,3,0
491846,491847,491849,2,1
491843,491843,491849,6,0
491842,491842,491849,7,0
491846,491846,491850,4,0
491846,491846,491850,4,0
491846,491846,491850,4,0
491846,491846,491850,4,0
491846,491848,491849,1,2
491846,491848,491849,1,2
491844,491844,491850,6,0
491841,491841,491849,8,0
491842,491842,491850,8,0
491843,491843,491850,7,0
491846,491847,491849,2,1
491846,491848,491849,1,2
491846,491849,491850,1,3
491832,491833,491851,18,1
491842,491842,491850,8,0
491846,491846,491850,4,0
491846,491846,491850,4,0
491843,491843,491851,8,0
491846,491846,491851,5,0
491846,491846,491851,5,0
491846,491849,491851,2,3
491841,491841,491851,10,0
491843,491844,491851,7,1
491844,491844,491851,7,0
491846,491846,491851,5,0
491846,491846,491851,5,0
491846,491846,491852,6,0
491846,491846,491851,5,0
491846,491846,491851,5,0
491846,491846,491852,6,0
491846,491846,491851,5,0
491844,491844,491852,8,0
491848,491848,491852,4,0
491846,491846,491852,6,0
491846,491849,491852,3,3
491846,491846,491851,5,0
491846,491850,491852,2,4
491846,491846,491852,6,0
491846,491846,491852,6,0
491846,491850,491852,2,4
491846,491850,491851,1,4
491841,491841,491852,11,0
491845,491845,491852,7,0
491841,491841,491852,11,0
491843,491843,491852,9,0
491847,491847,491852,5,0
491842,491842,491853,11,0
491846,491846,491852,6,0
491846,491846,491852,6,0
491846,491846,491852,6,0
491845,491846,491852,6,1
491846,491850,491853,3,4
491846,491846,491852,6,0
491846,491852,491853,1,6
491846,491852,491853,1,6
491846,491846,491853,7,0
491846,491850,491852,2,4
491846,491851,491852,1,5
491846,491852,491853,1,6
491846,491846,491853,7,0
491846,491851,491852,1,5
491846,491850,491852,2,4
491846,491852,491853,1,6
491843,491843,491853,10,0
491846,491847,491853,6,1
491844,491844,491853,9,0
491846,491846,491854,8,0
491846,491846,491853,7,0
491846,491846,491854,8,0
491846,491851,491854,3,5
491842,491842,491854,12,0
491844,491844,491854,10,0
491846,491846,491854,8,0
491846,491852,491853,1,6
491846,491852,491854,2,6
491846,491850,491854,4,4
491846,491851,491854,3,5
491846,491850,491854,4,4
491846,491851,491853,2,5
491846,491852,491854,2,6
491832,491832,491853,21,0
491845,491846,491854,8,1
491846,491846,491854,8,0
491846,491846,491854,8,0
491846,491846,491854,8,0
491847,491847,491855,8,0
491845,491846,491854,8,1
491846,491846,491855,9,0
491844,491844,491855,11,0
491846,491846,491854,8,0
491845,491845,491854,9,0
491846,491846,491854,8,0
491846,491850,491854,4,4
491846,491852,491855,3,6
491846,491852,491855,3,6
491846,491846,491854,8,0
491846,491852,491855,3,6
491846,491852,491855,3,6
491846,491846,491855,9,0
491846,491852,491855,3,6
491844,491844,491855,11,0
491850,491850,491855,5,0
491845,491846,491855,9,1
491844,491844,491855,11,0
491848,491848,491856,8,0
491848,491848,491855,7,0
491845,491846,491856,10,1
491846,491846,491856,10,0
491846,491852,491855,3,6
491842,491842,491856,14,0
491843,491843,491855,12,0
491847,491847,491856,9,0
491847,491847,491856,9,0
491849,491849,491856,7,0
491848,491848,491857,9,0
491849,491849,491856,7,0
491846,491846,491856,10,0
491847,491847,491857,10,0
491848,491848,491857,9,0
491849,491849,491857,8,0
491846,491846,491857,11,0
491848,491849,491857,8,1
491849,491849,491857,8,0
491849,491849,491858,9,0
491846,491846,491858,12,0
491841,491841,491858,17,0
491848,491848,491858,10,0
491842,491842,491858,16,0
491850,491850,491858,8,0
491847,491847,491858,11,0
491850,491850,491858,8,0
491849,491849,491859,10,0
491849,491849,491858,9,0
491850,491850,491859,9,0
491851,491851,491859,8,0
491850,491850,491859,9,0
491851,491851,491860,9,0
491851,491851,491860,9,0
491843,491843,491859,16,0
491851,491851,491860,9,0
491848,491848,491860,12,0
491851,491851,491860,9,0
491850,491850,491861,11,0
491841,491841,491860,19,0
491846,491846,491860,14,0
491850,491850,491861,11,0
491824,491824,491863,39,0
491850,491850,491864,14,0
491848,491848,491865,17,0
491829,491829,491865,36,0
491847,491847,491867,20,0
491873,491873,491874,1,0
491873,491873,491874,1,0
491873,491873,491874,1,0
491873,491873,491874,1,0
491873,491873,491874,1,0
491873,491873,491874,1,0
491873,491873,491875,2,0
491873,491873,491876,3,0
491873,491873,491875,2,0
491873,491873,491876,3,0
491873,491873,491876,3,0
491873,491873,491876,3,0
491873,491873,491875,2,0
491873,491874,491876,2,1
491873,491874,491875,1,1
491873,491873,491876,3,0
491873,491873,491876,3,0
491873,491873,491876,3,0
491873,491873,491877,4,0
491873,491873,491877,4,0
491873,491873,491876,3,0
491873,491875,491877,2,2
491873,491875,491876,1,2
491873,491875,491877,2,2
491873,491873,491876,3,0
491873,491875,491876,1,2
491873,491873,491878,5,0
491873,491873,491877,4,0
491873,491873,491878,5,0
491873,491876,491877,1,3
491873,491873,491877,4,0
491873,491876,491877,1,3
491873,491876,491877,1,3
491873,491876,491877,1,3
491873,491873,491877,4,0
491873,491876,491878,2,3
491873,491873,491878,5,0
491873,491876,491878,2,3
491873,491873,491878,5,0
491873,491877,491879,2,4
491873,491876,491878,2,3
491873,491876,491879,3,3
491873,491877,491878,1,4
491873,491877,491878,1,4
491873,491873,491879,6,0
491873,491873,491878,5,0
491873,491877,491878,1,4
491873,491878,491879,1,5
491873,491873,491879,6,0
491873,491877,491878,1,4
491873,491873,491879,6,0
491873,491877,491878,1,4
491873,491877,491879,2,4
491873,491878,491879,1,5
491873,491873,491879,6,0
491873,491873,491879,6,0
491873,491878,491879,1,5
491873,491873,491880,7,0
491873,491873,491879,6,0
491873,491873,491879,6,0
491873,491877,491879,2,4
491873,491877,491879,2,4
491873,491873,491879,6,0
491873,491876,491879,3,3
491873,491877,491880,3,4
491873,491877,491880,3,4
491873,491873,491880,7,0
491873,491878,491879,1,5
491873,491878,491879,1,5
491873,491878,491879,1,5
491873,491873,491880,7,0
491873,491878,491880,2,5
491873,491878,491881,3,5
491873,491873,491881,8,0
491873,491878,491881,3,5
491873,491873,491882,9,0
491873,491873,491884,11,0
491873,491873,491884,11,0
491873,491873,491885,12,0
491874,491874,491887,13,0
491875,491875,491890,15,0
491876,491876,491891,15,0
491873,491874,491892,18,1
491880,491880,491892,12,0
491873,491873,491893,20,0
491872,491872,491893,21,0
491875,491875,491893,18,0
491874,491874,491893,19,0
491872,491872,491893,21,0
491874,491874,491894,20,0
491873,491873,491893,20,0
491877,491877,491894,17,0
491872,491872,491894,22,0
491876,491876,491895,19,0
491876,491876,491894,18,0
491876,491876,491894,18,0
491874,491874,491894,20,0
491875,491875,491894,19,0
491872,491872,491895,23,0
491873,491873,491894,21,0
491872,491872,491895,23,0
491879,491879,491895,16,0
491826,491826,491896,70,0
491876,491876,491896,20,0
491875,491875,491897,22,0
491878,491878,491897,19,0
491877,491878,491897,19,1
491875,491875,491897,22,0
491875,491875,491897,22,0
491878,491878,491898,20,0
491896,491897,491898,1,1
491877,491877,491898,21,0
491876,491876,491898,22,0
491876,491877,491898,21,1
491877,491877,491898,21,0
491881,491881,491898,17,0
491896,491897,491899,2,1
491896,491897,491899,2,1
491896,491897,491898,1,1
491878,491878,491899,21,0
491896,491897,491898,1,1
491896,491897,491898,1,1
491882,491882,491899,17,0
491878,491878,491900,22,0
491877,491877,491900,23,0
491873,491873,491900,27,0
491879,491879,491900,21,0
491879,491879,491901,22,0
491896,491897,491901,4,1
491874,491874,491901,27,0
491881,491881,491900,19,0
491896,491899,491901,2,3
491896,491898,491901,3,2
491896,491899,491901,2,3
491878,491878,491901,23,0
491880,491880,491901,21,0
491876,491876,491902,26,0
491878,491879,491901,22,1
491884,491884,491901,17,0
491896,491897,491901,4,1
491896,491897,491902,5,1
491896,491897,491902,5,1
491896,491899,491901,2,3
491896,491899,491902,3,3
491896,491897,491902,5,1
491896,491897,491902,5,1
491896,491899,491902,3,3
491882,491882,491902,20,0
491879,491879,491902,23,0
491877,491877,491902,25,0
491872,491872,491902,30,0
491873,491873,491902,29,0
491882,491882,491902,20,0
491873,491873,491903,30,0
491896,491897,491903,6,1
491896,491897,491903,6,1
491896,491897,491903,6,1
491896,491897,491903,6,1
491896,491897,491902,5,1
491896,491901,491902,1,5
491896,491897,491902,5,1
491896,491901,491902,1,5
491896,491901,491903,2,5
491880,491880,491903,23,0
491878,491878,491903,25,0
491873,491873,491903,30,0
491874,491874,491903,29,0
491896,491897,491903,6,1
491896,491897,491903,6,1
491896,491897,491903,6,1
491880,491880,491904,24,0
491880,491880,491903,23,0
491881,491881,491904,23,0
491896,491897,491903,6,1
491896,491897,491903,6,1
491896,491897,491904,7,1
491896,491897,491904,7,1
491883,491883,491904,21,0
491896,491897,491903,6,1
491896,491897,491904,7,1
491896,491902,491904,2,6
491896,491902,491904,2,6
491896,491902,491904,2,6
491896,491897,491904,7,1
491896,491902,491904,2,6
491896,491902,491904,2,6
491896,491902,491904,2,6
491896,491897,491903,6,1
491877,491877,491905,28,0
491881,491881,491905,24,0
491874,491874,491904,30,0
491882,491882,491904,22,0
491879,491879,491904,25,0
491896,491904,491905,1,8
491874,491874,491904,30,0
491896,491897,491905,8,1
491896,491897,491905,8,1
491896,491902,491905,3,6
491896,491902,491905,3,6
491896,491903,491905,2,7
491880,491880,491905,25,0
491896,491904,491905,1,8
491896,491897,491905,8,1
491896,491903,491904,1,7
491896,491903,491905,2,7
491896,491897,491905,8,1
491896,491903,491905,2,7
491896,491903,491905,2,7
491896,491904,491905,1,8
491896,491896,491905,9,0
491896,491904,491905,1,8
491896,491904,491905,1,8
491875,491875,491905,30,0
491892,491893,491906,13,1
491896,491897,491905,8,1
491896,491903,491906,3,7
491879,491879,491905,26,0
491896,491901,491905,4,5
491896,491904,491906,2,8
491881,491881,491906,25,0
491896,491897,491906,9,1
491896,491897,491906,9,1
491896,491903,491906,3,7
491896,491897,491906,9,1
491896,491897,491906,9,1
491896,491904,491906,2,8
491896,491904,491906,2,8
491883,491883,491906,23,0
491875,491875,491907,32,0
491883,491883,491906,23,0
491882,491882,491907,25,0
491883,491883,491907,24,0
491896,491897,491906,9,1
491896,491897,491907,10,1
491896,491897,491907,10,1
491896,491904,491907,3,8
491896,491903,491906,3,7
491882,491882,491907,25,0
491882,491882,491907,25,0
491872,491872,491907,35,0
491880,491880,491907,27,0
491881,491881,491908,27,0
491883,491883,491908,25,0
491896,491897,491907,10,1
491896,491897,491907,10,1
491878,491878,491908,30,0
491882,491882,491908,26,0
491879,491879,491909,30,0
491884,491884,491909,25,0
491884,491884,491909,25,0
491884,491884,491909,25,0
491892,491893,491909,16,1
491885,491885,491910,25,0
491880,491880,491910,30,0
491884,491884,491910,26,0
491885,491885,491910,25,0
491887,491887,491911,24,0
491881,491881,491910,29,0
491886,491886,491911,25,0
491883,491883,491911,28,0
491884,491884,491911,27,0
491892,491894,491911,17,2
491884,491884,491912,28,0
491876,491876,491912,36,0
491877,491877,491912,35,0
491886,491886,491912,26,0
491881,491881,491913,32,0
491886,491886,491912,26,0
491889,491889,491913,24,0
491892,491893,491913,20,1
491882,491883,491913,30,1
491884,491884,491913,29,0
491885,491885,491913,28,0
491885,491885,491914,29,0
491888,491888,491914,26,0
491887,491887,491914,27,0
491888,491888,491914,26,0
491890,491890,491914,24,0
491885,491885,491914,29,0
491894,491895,491915,20,1
491887,491887,491915,28,0
491872,491872,491914,42,0
491886,491886,491914,28,0
491887,491887,491914,27,0
491885,491885,491915,30,0
491888,491888,491915,27,0
491889,491889,491915,26,0
491893,491894,491915,21,1
491894,491895,491915,20,1
491892,491894,491916,22,2
491895,491898,491915,17,3
491896,491899,491916,17,3
491889,491889,491916,27,0
491891,491892,491916,24,1
491893,491895,491915,20,2
491890,491890,491916,26,0
491887,491887,491916,29,0
491885,491885,491916,31,0
491889,491890,491917,27,1
491894,491896,491917,21,2
491885,491885,491917,32,0
491890,491890,491917,27,0
491889,491889,491916,27,0
491891,491891,491917,26,0
491895,491897,491917,20,2
491893,491894,491917,23,1
491893,491894,491917,23,1
491888,491888,491918,30,0
491889,491889,491917,28,0
491891,491891,491918,27,0
491893,491895,491917,22,2
491896,491900,491918,18,4
491886,491887,491917,30,1
491888,491888,491917,29,0
491884,491885,491917,32,1
491886,491886,491918,32,0
491887,491887,491917,30,0
491892,491892,491918,26,0
491890,491890,491918,28,0
491890,491890,491918,28,0
491888,491888,491918,30,0
491886,491886,491919,33,0
491891,491891,491918,27,0
491896,491899,491919,20,3
491891,491891,491919,28,0
491894,491896,491918,22,2
491895,491899,491919,20,4
491892,491894,491919,25,2
491893,491895,491919,24,2
491890,491890,491919,29,0
491892,491892,491919,27,0
491894,491897,491919,22,3
491896,491899,491919,20,3
491883,491883,491920,37,0
491891,491891,491920,29,0
491890,491890,491920,30,0
491894,491895,491920,25,1
491888,491889,491920,31,1
491920,491920,491921,1,0
491891,491891,491921,30,0
491893,491895,491921,26,2
491895,491898,491922,24,3
491920,491920,491921,1,0
491920,491920,491921,1,0
491920,491920,491921,1,0
491920,491920,491921,1,0
491920,491920,491922,2,0
491893,491895,491922,27,2
491896,491899,491921,22,3
491887,491887,491921,34,0
491888,491888,491922,34,0
491889,491889,491922,33,0
491895,491898,491923,25,3
491889,491889,491924,35,0
491920,491920,491923,3,0
491920,491921,491924,3,1
491920,491922,491924,2,2
491892,491892,491923,31,0
491896,491900,491923,23,4
491895,491898,491924,26,3
491896,491900,491923,23,4
491888,491888,491924,36,0
491920,491920,491925,5,0
491920,491920,491924,4,0
491920,491920,491925,5,0
491920,491920,491925,5,0
491920,491920,491925,5,0
491920,491922,491925,3,2
491920,491920,491925,5,0
491920,491922,491925,3,2
491920,491922,491925,3,2
491920,491920,491925,5,0
491920,491924,491925,1,4
491894,491896,491925,29,2
491879,491879,491926,47,0
491920,491920,491926,6,0
491920,491920,491925,5,0
491920,491920,491925,5,0
491920,491925,491926,1,5
491920,491920,491926,6,0
491920,491920,491925,5,0
491920,491922,491925,3,2
491920,491920,491926,6,0
491920,491920,491926,6,0
491920,491920,491926,6,0
491920,491924,491926,2,4
491920,491920,491926,6,0
491920,491920,491926,6,0
491920,491920,491927,7,0
491920,491920,491927,7,0
491920,491920,491926,6,0
491920,491920,491926,6,0
491920,491920,491927,7,0
491920,491925,491927,2,5
491920,491925,491927,2,5
491920,491925,491927,2,5
491920,491926,491927,1,6
491920,491925,491926,1,5
491920,491926,491927,1,6
491920,491925,491927,2,5
491920,491925,491927,2,5
491920,491926,491927,1,6
491920,491920,491927,7,0
491895,491899,491927,28,4
491920,491920,491927,7,0
491920,491920,491927,7,0
491920,491925,491928,3,5
491920,491920,491928,8,0
491920,491925,491928,3,5
491920,491926,491928,2,6
491920,491926,491927,1,6
491920,491926,491927,1,6
491920,491926,491928,2,6
491920,491926,491928,2,6
491896,491900,491928,28,4
491920,491920,491928,8,0
491920,491920,491928,8,0
491920,491926,491928,2,6
491920,491920,491929,9,0
491920,491927,491929,2,7
491920,491926,491928,2,6
491920,491920,491929,9,0
491920,491925,491928,3,5
491920,491927,491929,2,7
491920,491920,491929,9,0
491920,491920,491929,9,0
491920,491926,491929,3,6
491920,491927,491929,2,7
491920,491925,491929,4,5
491920,491924,491928,4,4
491920,491926,491929,3,6
491920,491920,491929,9,0
491920,491920,491929,9,0
491920,491920,491929,9,0
491920,491920,491930,10,0
491895,491898,491930,32,3
491920,491920,491931,11,0
491890,491890,491931,41,0
491917,491917,491938,21,0
491919,491919,491939,20,0
491920,491920,491939,19,0
491922,491922,491940,18,0
491924,491924,491940,16,0
491918,491918,491940,22,0
491919,491919,491940,21,0
491921,491921,491941,20,0
491920,491920,491942,22,0
491920,491920,491941,21,0
491920,491920,491942,22,0
491925,491925,491942,17,0
491921,491921,491942,21,0
491917,491918,491942,24,1
491920,491920,491943,23,0
491922,491922,491943,21,0
491921,491921,491943,22,0
491923,491923,491944,21,0
491943,491943,491944,1,0
491920,491920,491944,24,0
491943,491943,491944,1,0
491923,491923,491944,21,0
491918,491918,491945,27,0
491943,491943,491945,2,0
491943,491943,491945,2,0
491943,491943,491945,2,0
491918,491918,491945,27,0
491925,491925,491945,20,0
491921,491921,491946,25,0
491943,491943,491945,2,0
491923,491923,491946,23,0
491919,491919,491945,26,0
491923,491923,491946,23,0
491923,491923,491947,24,0
491943,491943,491947,4,0
491943,491943,491947,4,0
491943,491943,491947,4,0
491943,491945,491947,2,2
491943,491944,491947,3,1
491943,491943,491947,4,0
491943,491944,491947,3,1
491943,491945,491947,2,2
491920,491920,491947,27,0
491922,491922,491947,25,0
491921,491921,491948,27,0
491943,491943,491948,5,0
491943,491943,491948,5,0
491943,491943,491948,5,0
491943,491943,491948,5,0
491943,491943,491948,5,0
491943,491946,491948,2,3
491943,491943,491948,5,0
491943,491945,491948,3,2
491925,491925,491948,23,0
491918,491919,491948,29,1
491943,491943,491949,6,0
491943,491943,491949,6,0
491943,491943,491948,5,0
491943,491943,491948,5,0
491943,491943,491949,6,0
491943,491943,491948,5,0
491943,491943,491949,6,0
491943,491948,491949,1,5
491943,491943,491949,6,0
491943,491948,491949,1,5
491943,491943,491949,6,0
491943,491947,491949,2,4
491943,491943,491949,6,0
491943,491943,491949,6,0
491921,491921,491949,28,0
491943,491943,491949,6,0
491943,491947,491949,2,4
491943,491948,491949,1,5
491943,491947,491950,3,4
491923,491923,491949,26,0
491924,491924,491949,25,0
491918,491918,491950,32,0
491922,491923,491950,27,1
491924,491924,491950,26,0
491926,491926,491950,24,0
491943,491943,491950,7,0
491943,491947,491950,3,4
491943,491948,491950,2,5
491943,491943,491949,6,0
491943,491948,491950,2,5
491943,491943,491950,7,0
491943,491947,491950,3,4
491943,491948,491950,2,5
491943,491950,491951,1,7
491943,491943,491950,7,0
491943,491943,491950,7,0
491943,491948,491950,2,5
491943,491950,491951,1,7
491943,491943,491950,7,0
491943,491950,491951,1,7
491921,491921,491951,30,0
491925,491925,491951,26,0
491919,491919,491951,32,0
491943,491947,491951,4,4
491943,491943,491951,8,0
491943,491947,491951,4,4
491943,491948,491951,3,5
491943,491948,491951,3,5
491943,491943,491951,8,0
491943,491950,491951,1,7
491943,491950,491951,1,7
491924,491924,491951,27,0
491943,491943,491951,8,0
491943,491950,491951,1,7
491920,491920,491952,32,0
491943,491949,491952,3,6
491917,491917,491952,35,0
491943,491943,491952,9,0
491943,491949,491952,3,6
491943,491950,491952,2,7
491943,491949,491952,3,6
491919,491920,491952,32,1
491943,491950,491952,2,7
491922,491922,491952,30,0
491943,491949,491953,4,6
491943,491949,491952,3,6
491943,491943,491953,10,0
491943,491943,491953,10,0
491922,491922,491953,31,0
491921,491921,491953,32,0
491919,491919,491954,35,0
491943,491943,491954,11,0
491922,491922,491954,32,0
491943,491943,491954,11,0
491943,491943,491954,11,0
491924,491924,491954,30,0
491927,491927,491954,27,0
491927,491927,491954,27,0
491926,491926,491955,29,0
491919,491919,491955,36,0
491925,491925,491955,30,0
491924,491924,491956,32,0
491926,491926,491956,30,0
491943,491943,491956,13,0
491928,491928,491956,28,0
491922,491922,491956,34,0
491926,491927,491956,29,1
491918,491918,491957,39,0
491922,491922,491957,35,0
491923,491923,491957,34,0
491918,491918,491957,39,0
491925,491925,491958,33,0
491936,491940,491957,17,4
491929,491929,491957,28,0
491918,491918,491958,40,0
491928,491929,491958,29,1
491937,491941,491958,17,4
491923,491923,491959,36,0
491926,491926,491958,32,0
491924,491924,491958,34,0
491929,491929,491959,30,0
491933,491933,491959,26,0
491938,491943,491959,16,5
491927,491927,491959,32,0
491927,491927,491960,33,0
491919,491919,491960,41,0
491931,491931,491960,29,0
491928,491928,491960,32,0
491936,491939,491961,22,3
491927,491927,491961,34,0
491932,491932,491961,29,0
491935,491936,491961,25,1
491937,491940,491962,22,3
491926,491926,491961,35,0
491938,491944,491962,18,6
491924,491924,491962,38,0
491932,491932,491962,30,0
491925,491925,491963,38,0
491925,491925,491963,38,0
491927,491927,491963,36,0
491929,491929,491963,34,0
491929,491929,491964,35,0
491933,491933,491963,30,0
491932,491932,491963,31,0
491937,491941,491963,22,4
491930,491930,491964,34,0
491931,491931,491964,33,0
491917,491917,491964,47,0
491937,491941,491964,23,4
491926,491926,491964,38,0
491930,491930,491964,34,0
491932,491932,491964,32,0
491927,491927,491965,38,0
491928,491928,491965,37,0
491932,491932,491964,32,0
491933,491934,491965,31,1
491927,491927,491965,38,0
491933,491933,491966,33,0
491930,491930,491965,35,0
491931,491931,491966,35,0
491931,491931,491965,34,0
491933,491933,491966,33,0
491938,491943,491965,22,5
491931,491931,491966,35,0
491928,491928,491966,38,0
491928,491928,491966,38,0
491930,491930,491967,37,0
491933,491933,491966,33,0
491930,491930,491967,37,0
491933,491933,491967,34,0
491939,491945,491966,21,6
491928,491928,491967,39,0
491926,491926,491967,41,0
491928,491928,491967,39,0
491936,491936,491967,31,0
491934,491934,491968,34,0
491934,491934,491968,34,0
491935,491935,491968,33,0
491936,491936,491968,32,0
491936,491936,491968,32,0
491937,491941,491968,27,4
491938,491943,491968,25,5
491939,491945,491968,23,6
491939,491946,491968,22,7
491939,491946,491968,22,7
491932,491932,491968,36,0
491938,491944,491968,24,6
491932,491933,491969,36,1
491930,491931,491969,38,1
491934,491934,491969,35,0
491936,491936,491968,32,0
491937,491942,491969,27,5
491967,491968,491969,1,1
491967,491968,491969,1,1
491967,491968,491969,1,1
491967,491968,491969,1,1
491967,491968,491969,1,1
491933,491933,491969,36,0
491934,491934,491970,36,0
491931,491931,491969,38,0
491929,491929,491970,41,0
491930,491930,491970,40,0
491935,491935,491970,35,0
491967,491968,491971,3,1
491967,491969,491970,1,2
491939,491946,491970,24,7
491934,491934,491971,37,0
491935,491935,491971,36,0
491931,491931,491971,40,0
491934,491934,491971,37,0
491967,491968,491971,3,1
491967,491968,491971,3,1
491967,491968,491971,3,1
491967,491970,491971,1,3
491967,491968,491972,4,1
491967,491970,491971,1,3
491967,491968,491971,3,1
491967,491970,491971,1,3
491967,491970,491972,2,3
491935,491935,491971,36,0
491934,491934,491972,38,0
491929,491929,491971,42,0
491932,491932,491971,39,0
491939,491947,491971,24,8
491967,491968,491972,4,1
491967,491968,491973,5,1
491967,491968,491973,5,1
491938,491944,491972,28,6
491967,491968,491972,4,1
491967,491970,491972,2,3
491935,491935,491972,37,0
491936,491936,491972,36,0
491938,491943,491973,30,5
491938,491944,491973,29,6
491931,491931,491973,42,0
491937,491941,491973,32,4
491940,491948,491973,25,8
491967,491968,491973,5,1
491967,491968,491973,5,1
491967,491968,491974,6,1
491967,491968,491973,5,1
491967,491968,491973,5,1
491967,491968,491973,5,1
491967,491972,491973,1,5
491967,491972,491973,1,5
491967,491968,491973,5,1
491967,491972,491974,2,5
491967,491972,491973,1,5
491967,491968,491973,5,1
491967,491971,491973,2,4
491967,491972,491973,1,5
491967,491972,491973,1,5
491967,491972,491973,1,5
491967,491968,491974,6,1
491967,491968,491974,6,1
491967,491968,491974,6,1
491967,491968,491974,6,1
491967,491968,491974,6,1
491967,491968,491974,6,1
491967,491968,491975,7,1
491967,491971,491974,3,4
491967,491968,491974,6,1
491967,491968,491974,6,1
491967,491974,491975,1,7
491967,491974,491975,1,7
491967,491968,491974,6,1
491967,491974,491975,1,7
491967,491968,491974,6,1
491967,491973,491974,1,6
491941,491950,491975,25,9
491929,491929,491974,45,0
491930,491930,491975,45,0
491934,491934,491974,40,0
491935,491935,491974,39,0
491935,491935,491974,39,0
491938,491944,491975,31,6
491939,491947,491975,28,8
491941,491950,491975,25,9
491967,491968,491975,7,1
491967,491968,491976,8,1
491967,491968,491976,8,1
491967,491974,491975,1,7
491967,491968,491975,7,1
491967,491968,491975,7,1
491967,491973,491975,2,6
491967,491974,491976,2,7
491967,491968,491975,7,1
491967,491972,491975,3,5
491967,491968,491975,7,1
491967,491973,491975,2,6
491967,491973,491975,2,6
491967,491972,491975,3,5
491967,491973,491975,2,6
491967,491974,491975,1,7
491967,491974,491975,1,7
491936,491936,491976,40,0
491967,491974,491975,1,7
491967,491974,491975,1,7
491967,491974,491975,1,7
491934,491935,491976,41,1
491967,491974,491976,2,7
491967,491974,491976,2,7
491941,491950,491977,27,9
491940,491948,491976,28,8
491967,491974,491976,2,7
491967,491968,491976,8,1
491940,491949,491978,29,9
491940,491950,491977,27,10
491967,491968,491977,9,1
491940,491949,491978,29,9
491940,491950,491977,27,10
491929,491929,491978,49,0
491940,491947,491978,31,7
491941,491950,491978,28,9
491937,491942,491980,38,5
491939,491946,491980,34,7
491940,491950,491981,31,10
491940,491948,491982,34,8
491962,491963,491984,21,1
491969,491969,491985,16,0
491963,491963,491987,24,0
491964,491964,491986,22,0
491966,491966,491988,22,0
491969,491969,491988,19,0
491969,491969,491988,19,0
491962,491962,491988,26,0
491965,491965,491989,24,0
491966,491966,491989,23,0
491963,491963,491989,26,0
491964,491964,491990,26,0
491963,491963,491990,27,0
491962,491962,491991,29,0
491961,491961,491990,29,0
491964,491964,491991,27,0
491990,491990,491991,1,0
491990,491990,491991,1,0
491990,491990,491991,1,0
491990,491990,491991,1,0
491990,491990,491991,1,0
491968,491968,491992,24,0
491990,491990,491992,2,0
491962,491962,491993,31,0
491990,491990,491993,3,0
491990,491992,491993,1,2
491990,491992,491993,1,2
491931,491932,491994,62,1
491965,491965,491994,29,0
491964,491964,491994,30,0
491962,491962,491994,32,0
491990,491990,491994,4,0
491990,491992,491994,2,2
491990,491992,491994,2,2
491990,491990,491994,4,0
491962,491962,491995,33,0
491961,491961,491995,34,0
491965,491965,491995,30,0
491990,491990,491995,5,0
491990,491990,491995,5,0
491990,491990,491996,6,0
491990,491990,491995,5,0
491990,491990,491995,5,0
491990,491990,491996,6,0
491990,491990,491995,5,0
491990,491990,491995,5,0
491969,491969,491995,26,0
491961,491961,491996,35,0
491990,491990,491996,6,0
491990,491993,491996,3,3
491990,491994,491995,1,4
491990,491990,491995,5,0
491990,491990,491995,5,0
491990,491990,491996,6,0
491990,491990,491995,5,0
491990,491994,491995,1,4
491990,491990,491995,5,0
491990,491994,491996,2,4
491963,491964,491996,32,1
491965,491966,491995,29,1
491990,491990,491996,6,0
491990,491992,491995,3,2
491990,491995,491996,1,5
491967,491967,491996,29,0
491990,491990,491996,6,0
491990,491990,491997,7,0
491990,491990,491996,6,0
491990,491990,491997,7,0
491990,491996,491997,1,6
491990,491990,491997,7,0
491990,491990,491997,7,0
491990,491990,491997,7,0
491990,491995,491997,2,5
491990,491990,491997,7,0
491990,491996,491997,1,6
491964,491964,491997,33,0
491967,491967,491997,30,0
491963,491963,491997,34,0
491932,491932,491997,65,0
491990,491990,491997,7,0
491990,491990,491997,7,0
491990,491990,491998,8,0
491967,491967,491998,31,0
491990,491990,491997,7,0
491990,491990,491997,7,0
491990,491990,491998,8,0
491990,491990,491997,7,0
491990,491995,491998,3,5
491990,491996,491997,1,6
491990,491996,491997,1,6
491990,491996,491997,1,6
491990,491995,491997,2,5
491990,491996,491997,1,6
491990,491996,491997,1,6
491990,491996,491997,1,6
491990,491996,491998,2,6
491990,491996,491998,2,6
491990,491996,491997,1,6
491990,491996,491997,1,6
491965,491965,491998,33,0
491971,491971,491998,27,0
491963,491964,491998,34,1
491990,491996,491998,2,6
491990,491990,491999,9,0
491990,491996,491998,2,6
491990,491996,491998,2,6
491972,491972,491999,27,0
491970,491970,491999,29,0
491990,491996,491998,2,6
491990,491997,491999,2,7
491990,491990,491999,9,0
491990,491996,491999,3,6
491963,491963,491998,35,0
491990,491996,492000,4,6
491990,491996,492000,4,6
491990,491996,492000,4,6
491990,491996,492000,4,6
491968,491968,491999,31,0
491990,491990,491999,9,0
491971,491971,492000,29,0
491967,491967,492000,33,0
491963,491963,491999,36,0
491965,491965,492000,35,0
491968,491968,492001,33,0
491990,491990,492000,10,0
491970,491970,492000,30,0
491990,491990,492000,10,0
491965,491965,492001,36,0
491971,491971,492001,30,0
491972,491972,492001,29,0
491967,491967,492002,35,0
491968,491968,492002,34,0
491966,491966,492001,35,0
491966,491966,492002,36,0
491966,491966,492002,36,0
491966,491967,492003,36,1
491974,491974,492003,29,0
491970,491970,492003,33,0
491962,491962,492003,41,0
491966,491966,492003,37,0
491971,491972,492004,32,1
491977,491977,492003,26,0
491975,491975,492005,30,0
491971,491971,492004,33,0
491974,491974,492004,30,0
491964,491964,492005,41,0
491966,491966,492004,38,0
491967,491967,492005,38,0
491964,491965,492005,40,1
491968,491968,492006,38,0
491969,491969,492006,37,0
491962,491962,492007,45,0
491969,491969,492006,37,0
491973,491973,492007,34,0
491964,491964,492007,43,0
491968,491968,492006,38,0
491981,491984,492007,23,3
491981,491988,492007,19,7
491971,491971,492008,37,0
491968,491968,492008,40,0
491962,491962,492007,45,0
491965,491966,492008,42,1
491970,491971,492008,37,1
491972,491973,492008,35,1
491978,491978,492008,30,0
491973,491973,492008,35,0
491981,491986,492009,23,5
491981,491988,492009,21,7
491970,491970,492009,39,0
491970,491970,492010,40,0
491967,491967,492009,42,0
491979,491979,492009,30,0
491981,491987,492010,23,6
491968,491968,492010,42,0
491974,491975,492010,35,1
491969,491969,492011,42,0
491975,491975,492010,35,0
491975,491976,492010,34,1
491976,491976,492011,35,0
491974,491974,492011,37,0
491979,491979,492012,33,0
491976,491976,492012,36,0
491981,491987,492012,25,6
491982,491990,492012,22,8
491970,491970,492013,43,0
491972,491972,492013,41,0
491972,491972,492012,40,0
491976,491976,492013,37,0
491974,491974,492012,38,0
491982,491991,492013,22,9
491971,491971,492012,41,0
492013,492013,492014,1,0
492013,492013,492014,1,0
491974,491974,492014,40,0
492013,492013,492014,1,0
492013,492013,492014,1,0
491981,491988,492014,26,7
492013,492013,492014,1,0
491972,491972,492014,42,0
491977,491977,492014,37,0
491976,491976,492014,38,0
492013,492013,492014,1,0
491977,491978,492015,37,1
491978,491978,492014,36,0
491979,491979,492015,36,0
491973,491973,492015,42,0
491975,491975,492015,40,0
492013,492013,492015,2,0
491980,491981,492015,34,1
491981,491983,492015,32,2
492013,492014,492015,1,1
492013,492014,492015,1,1
491972,491972,492016,44,0
491973,491974,492015,41,1
491976,491976,492015,39,0
491975,491975,492016,41,0
491983,491991,492016,25,8
492013,492013,492016,3,0
492013,492013,492017,4,0
492013,492015,492016,1,2
492013,492015,492017,2,2
491969,491970,492016,46,1
492013,492015,492017,2,2
492013,492016,492017,1,3
491977,491977,492016,39,0
491980,491980,492016,36,0
492013,492015,492017,2,2
492013,492016,492017,1,3
491965,491965,492016,51,0
491979,491979,492017,38,0
491975,491976,492017,41,1
492013,492013,492018,5,0
491976,491976,492017,41,0
492013,492013,492017,4,0
492013,492013,492018,5,0
491982,491990,492017,27,8
491978,491978,492018,40,0
491973,491973,492017,44,0
491967,491967,492018,51,0
491977,491977,492017,40,0
491980,491980,492018,38,0
491982,491989,492018,29,7
491972,491972,492019,47,0
491974,491974,492019,45,0
492013,492013,492019,6,0
492013,492013,492018,5,0
492013,492013,492018,5,0
492013,492013,492018,5,0
492013,492018,492019,1,5
492013,492016,492018,2,3
492013,492013,492019,6,0
492013,492013,492019,6,0
492013,492017,492018,1,4
492013,492013,492018,5,0
492013,492013,492018,5,0
492013,492017,492018,1,4
492013,492018,492019,1,5
492013,492017,492019,2,4
492013,492017,492019,2,4
492013,492017,492019,2,4
492013,492017,492018,1,4
491986,491999,492019,20,13
491978,491978,492019,41,0
491978,491978,492019,41,0
491980,491980,492019,39,0
492013,492013,492019,6,0
491975,491975,492019,44,0
492013,492019,492020,1,6
491980,491980,492019,39,0
492013,492013,492019,6,0
492013,492013,492020,7,0
492013,492013,492020,7,0
492013,492017,492020,3,4
492013,492013,492019,6,0
492013,492013,492019,6,0
492013,492019,492020,1,6
491971,491971,492020,49,0
492013,492013,492020,7,0
492013,492013,492019,6,0
491982,491990,492020,30,8
492013,492013,492020,7,0
492013,492013,492020,7,0
492013,492013,492021,8,0
492013,492019,492021,2,6
492013,492013,492021,8,0
492013,492013,492020,7,0
492013,492017,492020,3,4
492013,492018,492020,2,5
491977,491977,492020,43,0
491980,491980,492020,40,0
492013,492019,492020,1,6
492013,492019,492020,1,6
492013,492019,492021,2,6
492013,492019,492020,1,6
492013,492019,492020,1,6
491977,491977,492021,44,0
491980,491981,492020,39,1
492013,492013,492020,7,0
492013,492019,492020,1,6
492013,492019,492021,2,6
492013,492013,492021,8,0
492013,492013,492022,9,0
492013,492019,492021,2,6
492013,492019,492021,2,6
492013,492019,492021,2,6
492013,492019,492021,2,6
492013,492013,492022,9,0
492013,492013,492021,8,0
492013,492019,492021,2,6
491979,491979,492022,43,0
492013,492013,492021,8,0
491977,491977,492022,45,0
491978,491978,492021,43,0
492013,492013,492022,9,0
491976,491977,492023,46,1
492013,492013,492022,9,0
491984,491996,492022,26,12
491980,491980,492023,43,0
491982,491991,492024,33,9
491930,491930,492024,94,0
491979,491979,492023,44,0
491979,491979,492024,45,0
491978,491978,492024,46,0
491983,491995,492024,29,12
492013,492013,492025,12,0
491980,491980,492025,45,0
491973,491973,492026,53,0
491984,491996,492026,30,12
491985,491998,492025,27,13
491985,491998,492026,28,13
492013,492013,492027,14,0
491983,491994,492027,33,11
491984,491996,492027,31,12
492013,492013,492027,14,0
491982,491990,492027,37,8
491983,491995,492028,33,12
491986,492000,492028,28,14
491973,491973,492029,56,0
491984,491997,492029,32,13
491984,491996,492030,34,12
491976,491976,492030,54,0
491984,491996,492030,34,12
492009,492009,492030,21,0
491983,491994,492031,37,11
491983,491993,492031,38,10
491986,491999,492031,32,13
492008,492008,492031,23,0
491975,491975,492032,57,0
491983,491994,492033,39,11
491985,491997,492032,35,12
492008,492008,492033,25,0
492010,492010,492033,23,0
491985,491999,492034,35,14
491985,491999,492034,35,14
491969,491969,492035,66,0
491984,491997,492036,39,13
491982,491990,492036,46,8
492007,492007,492036,29,0
492009,492009,492037,28,0
492012,492013,492037,24,1
491985,491998,492037,39,13
492013,492014,492037,23,1
492007,492007,492037,30,0
492008,492008,492037,29,0
491985,491998,492038,40,13
491986,492000,492038,38,14
491984,491996,492039,43,12
491986,491999,492039,40,13
492009,492009,492039,30,0
492039,492039,492040,1,0
492039,492039,492040,1,0
492011,492011,492040,29,0
491983,491995,492040,45,12
491986,492000,492040,40,14
492039,492039,492040,1,0
492039,492039,492040,1,0
492039,492039,492040,1,0
492039,492039,492040,1,0
492008,492009,492040,31,1
492009,492009,492041,32,0
492039,492040,492042,2,1
492039,492040,492042,2,1
492013,492013,492042,29,0
492015,492015,492042,27,0
492009,492009,492042,33,0
492039,492039,492043,4,0
492039,492039,492043,4,0
492039,492039,492043,4,0
492039,492039,492043,4,0
492039,492039,492043,4,0
492039,492039,492042,3,0
492039,492041,492042,1,2
492039,492041,492042,1,2
492039,492041,492042,1,2
492010,492010,492043,33,0
492039,492041,492043,2,2
492039,492039,492043,4,0
492039,492039,492043,4,0
492039,492042,492043,1,3
492039,492042,492044,2,3
492007,492007,492044,37,0
492007,492007,492044,37,0
492039,492039,492044,5,0
492039,492039,492044,5,0
492039,492039,492045,6,0
492039,492043,492044,1,4
492039,492043,492045,2,4
492039,492043,492045,2,4
492039,492043,492045,2,4
492039,492039,492045,6,0
492039,492044,492045,1,5
492039,492039,492045,6,0
492039,492043,492045,2,4
492017,492017,492045,28,0
492039,492039,492045,6,0
492039,492044,492046,2,5
492008,492008,492046,38,0
492039,492043,492045,2,4
492039,492043,492046,3,4
492039,492043,492046,3,4
492039,492043,492046,3,4
492039,492039,492045,6,0
492039,492045,492046,1,6
492039,492039,492045,6,0
492039,492045,492046,1,6
492039,492045,492046,1,6
492039,492039,492045,6,0
492008,492008,492046,38,0
492008,492008,492046,38,0
492039,492045,492046,1,6
492039,492046,492047,1,7
492039,492039,492046,7,0
492039,492046,492047,1,7
492039,492046,492047,1,7
492039,492045,492047,2,6
492039,492044,492046,2,5
492039,492039,492046,7,0
492039,492045,492047,2,6
492011,492012,492046,34,1
492039,492039,492047,8,0
492039,492045,492046,1,6
492039,492039,492047,8,0
492039,492039,492047,8,0
492039,492043,492047,4,4
492039,492045,492047,2,6
492007,492007,492047,40,0
492039,492039,492047,8,0
492010,492010,492047,37,0
492039,492046,492047,1,7
492039,492039,492047,8,0
492039,492039,492047,8,0
492039,492039,492048,9,0
492039,492046,492048,2,7
492039,492039,492047,8,0
492039,492039,492047,8,0
492011,492011,492047,36,0
492007,492007,492048,41,0
492009,492009,492048,39,0
492039,492039,492048,9,0
492007,492007,492048,41,0
492007,492007,492048,41,0
492039,492039,492048,9,0
492009,492009,492048,39,0
492039,492039,492049,10,0
492039,492039,492048,9,0
492039,492039,492049,10,0
492011,492011,492049,38,0
492019,492019,492049,30,0
492020,492020,492049,29,0
492015,492015,492049,34,0
492016,492016,492049,33,0
492015,492015,492049,34,0
492019,492019,492050,31,0
492039,492039,492049,10,0
492021,492023,492050,27,2
492010,492010,492050,40,0
492009,492009,492050,41,0
492010,492010,492050,40,0
492039,492039,492051,12,0
492039,492039,492051,12,0
492039,492039,492051,12,0
492039,492039,492050,11,0
492022,492026,492051,25,4
492008,492008,492051,43,0
492011,492011,492051,40,0
492012,492012,492051,39,0
492014,492014,492052,38,0
492010,492010,492052,42,0
492014,492014,492052,38,0
492010,492010,492052,42,0
492015,492015,492052,37,0
492023,492029,492053,24,6
492012,492012,492054,42,0
492014,492014,492053,39,0
492018,492018,492054,36,0
492009,492010,492054,44,1
492010,492010,492054,44,0
492012,492012,492054,42,0
492021,492024,492055,31,3
492024,492031,492055,24,7
492013,492013,492054,41,0
492016,492016,492055,39,0
492018,492019,492055,36,1
492012,492012,492056,44,0
492012,492012,492055,43,0
492022,492025,492056,31,3
492023,492029,492056,27,6
492010,492011,492057,46,1
492016,492016,492056,40,0
492012,492012,492057,45,0
492014,492014,492057,43,0
492018,492018,492057,39,0
492011,492011,492058,47,0
492017,492017,492058,41,0
492013,492013,492058,45,0
492017,492017,492057,40,0
492017,492017,492058,41,0
492025,492034,492058,24,9
492025,492034,492058,24,9
492018,492018,492058,40,0
492011,492011,492058,47,0
492019,492019,492058,39,0
492014,492014,492059,45,0
492013,492013,492060,47,0
492019,492020,492060,40,1
492011,492011,492060,49,0
492012,492012,492061,49,0
492016,492016,492061,45,0
492016,492016,492060,44,0
492026,492037,492061,24,11
492015,492015,492061,46,0
492020,492021,492061,40,1
492021,492023,492062,39,2
492019,492019,492062,43,0
492020,492020,492063,43,0
492017,492017,492063,46,0
492019,492019,492063,44,0
492013,492013,492063,50,0
492018,492018,492063,45,0
492028,492042,492063,21,14
492020,492021,492064,43,1
492016,492017,492064,47,1
492019,492020,492064,44,1
492062,492062,492064,2,0
492062,492062,492064,2,0
492062,492062,492064,2,0
492062,492062,492064,2,0
492062,492062,492064,2,0
492062,492062,492064,2,0
492015,492016,492064,48,1
492020,492021,492064,43,1
492020,492020,492065,45,0
492017,492017,492065,48,0
492021,492024,492064,40,3
492018,492018,492065,47,0
492019,492020,492065,45,1
492024,492032,492065,33,8
492024,492031,492066,35,7
492023,492027,492066,39,4
492016,492016,492066,50,0
492013,492013,492065,52,0
492014,492014,492066,52,0
492062,492062,492066,4,0
492062,492062,492066,4,0
492062,492062,492066,4,0
492062,492065,492066,1,3
492062,492065,492066,1,3
492062,492065,492066,1,3
492062,492065,492066,1,3
492018,492018,492066,48,0
492062,492065,492066,1,3
492062,492065,492066,1,3
492017,492017,492067,50,0
492014,492014,492067,53,0
492016,492016,492067,51,0
492018,492019,492067,48,1
492062,492062,492067,5,0
492062,492062,492067,5,0
492062,492062,492067,5,0
492062,492067,492068,1,5
492062,492067,492068,1,5
492028,492042,492067,25,14
492024,492032,492067,35,8
492026,492038,492068,30,12
492018,492018,492068,50,0
492062,492062,492068,6,0
492062,492062,492068,6,0
492062,492062,492069,7,0
492062,492067,492068,1,5
492062,492068,492069,1,6
492062,492067,492068,1,5
492062,492067,492068,1,5
492021,492022,492068,46,1
492062,492067,492068,1,5
492062,492068,492069,1,6
492062,492062,492069,7,0
492022,492026,492069,43,4
492062,492062,492069,7,0
492062,492062,492069,7,0
492062,492068,492069,1,6
492062,492062,492069,7,0
492062,492067,492070,3,5
492017,492017,492069,52,0
492020,492021,492069,48,1
492062,492062,492069,7,0
492062,492067,492069,2,5
492062,492062,492069,7,0
492062,492062,492069,7,0
492062,492067,492069,2,5
492062,492069,492070,1,7
492062,492062,492069,7,0
492062,492062,492070,8,0
492062,492069,492070,1,7
492062,492069,492070,1,7
492062,492069,492070,1,7
492062,492069,492070,1,7
492062,492062,492070,8,0
492062,492062,492070,8,0
492062,492062,492070,8,0
492027,492040,492071,31,13
492022,492025,492070,45,3
492062,492068,492070,2,6
492062,492062,492070,8,0
492062,492068,492070,2,6
492062,492062,492071,9,0
492062,492069,492070,1,7
492062,492062,492070,8,0
492062,492062,492070,8,0
492062,492069,492071,2,7
492062,492069,492070,1,7
492026,492037,492071,34,11
492026,492038,492071,33,12
492062,492062,492071,9,0
492026,492037,492071,34,11
492062,492070,492071,1,8
492062,492070,492071,1,8
492062,492069,492071,2,7
492020,492020,492071,51,0
492062,492062,492072,10,0
492022,492026,492072,46,4
492025,492035,492072,37,10
492029,492046,492072,26,17
492023,492030,492072,42,7
492062,492062,492072,10,0
492062,492062,492072,10,0
492026,492038,492072,34,12
492062,492062,492072,10,0
492062,492070,492072,2,8
492024,492031,492072,41,7
492062,492062,492072,10,0
492062,492070,492072,2,8
492062,492070,492072,2,8
492027,492040,492073,33,13
492022,492026,492073,47,4
492062,492062,492073,11,0
492062,492062,492073,11,0
492028,492045,492074,29,17
492021,492024,492073,49,3
492062,492062,492074,12,0
492021,492024,492074,50,3
492062,492062,492074,12,0
492062,492062,492074,12,0
492062,492070,492074,4,8
492021,492022,492075,53,1
492022,492024,492074,50,2
492025,492033,492075,42,8
492015,492015,492075,60,0
492023,492029,492075,46,6
492027,492039,492076,37,12
492062,492062,492076,14,0
492023,492028,492076,48,5
491974,491974,492076,102,0
492015,492015,492077,62,0
492062,492062,492077,15,0
492025,492033,492077,44,8
492024,492031,492077,46,7
492028,492042,492078,36,14
492030,492050,492078,28,20
492025,492037,492078,41,12
492022,492026,492078,52,4
492031,492051,492078,27,20
492023,492030,492078,48,7
492029,492047,492079,32,18
492031,492050,492079,29,19
492021,492022,492079,57,1
492026,492037,492079,42,11
492023,492027,492079,52,4
492029,492048,492080,32,19
492030,492049,492082,33,19
492053,492053,492082,29,0
492027,492040,492082,42,13
492024,492031,492082,51,7
492030,492049,492082,33,19
492027,492039,492083,44,12
492027,492041,492084,43,14
492028,492045,492083,38,17
492053,492053,492083,30,0
492028,492042,492084,42,14
492025,492034,492084,50,9
492028,492041,492084,43,13
492029,492048,492085,37,19
492027,492039,492085,46,12
492025,492035,492086,51,10
492055,492055,492086,31,0
492055,492056,492087,31,1
492058,492059,492086,27,1
492054,492054,492087,33,0
492031,492050,492086,36,19
492056,492056,492087,31,0
492060,492064,492088,24,4
492029,492046,492087,41,17
492031,492051,492088,37,20
492028,492043,492089,46,15
492059,492062,492090,28,3
492062,492066,492090,24,4
492024,492033,492089,56,9
492029,492047,492089,42,18
492030,492049,492091,42,19
492058,492060,492090,30,2
492030,492049,492091,42,19
492031,492050,492092,42,19
492055,492055,492091,36,0
492055,492055,492092,37,0
492090,492090,492091,1,0
492090,492090,492092,2,0
492090,492090,492091,1,0
492090,492090,492092,2,0
492090,492090,492092,2,0
492090,492090,492092,2,0
492026,492037,492093,56,11
492058,492059,492093,34,1
492030,492049,492093,44,19
492055,492055,492093,38,0
492054,492054,492093,39,0
492030,492048,492093,45,18
492029,492048,492093,45,19
492063,492068,492093,25,5
492090,492090,492094,4,0
492090,492090,492094,4,0
492090,492090,492094,4,0
492090,492093,492094,1,3
492090,492093,492094,1,3
492090,492093,492094,1,3
492090,492093,492094,1,3
492090,492093,492094,1,3
492090,492093,492094,1,3
492030,492049,492094,45,19
492056,492057,492094,37,1
492056,492057,492095,38,1
492056,492057,492095,38,1
492056,492056,492095,39,0
492090,492090,492095,5,0
492090,492090,492095,5,0
492090,492090,492095,5,0
492090,492090,492095,5,0
492090,492090,492095,5,0
492090,492090,492095,5,0
492090,492095,492096,1,5
492090,492095,492096,1,5
492090,492095,492096,1,5
492090,492095,492096,1,5
492064,492071,492096,25,7
492090,492090,492096,6,0
492054,492054,492096,42,0
492090,492090,492096,6,0
492090,492090,492096,6,0
492090,492095,492096,1,5
492090,492090,492097,7,0
492090,492095,492096,1,5
492059,492062,492097,35,3
492090,492090,492097,7,0
492090,492090,492097,7,0
492090,492090,492097,7,0
492090,492090,492097,7,0
492090,492090,492097,7,0
492090,492095,492097,2,5
492090,492090,492097,7,0
492090,492095,492098,3,5
492090,492090,492097,7,0
492090,492090,492098,8,0
492090,492097,492098,1,7
492090,492096,492097,1,6
492090,492096,492097,1,6
492031,492050,492097,47,19
492090,492096,492097,1,6
492090,492096,492097,1,6
492090,492097,492098,1,7
492090,492096,492097,1,6
492090,492097,492098,1,7
492053,492054,492097,43,1
492053,492053,492098,45,0
492054,492054,492098,44,0
492027,492040,492098,58,13
492090,492090,492099,9,0
492090,492097,492099,2,7
492090,492096,492098,2,6
492063,492068,492098,30,5
492090,492090,492098,8,0
492090,492098,492099,1,8
492090,492098,492099,1,8
492090,492096,492098,2,6
492090,492096,492098,2,6
492090,492090,492098,8,0
492090,492095,492099,4,5
492090,492096,492098,2,6
492090,492096,492098,2,6
492090,492090,492099,9,0
492054,492054,492098,44,0
492055,492056,492099,43,1
492090,492098,492100,2,8
492090,492098,492099,1,8
492057,492057,492099,42,0
492057,492057,492099,42,0
492090,492090,492099,9,0
492090,492097,492099,2,7
492090,492097,492099,2,7
492090,492090,492100,10,0
492059,492061,492100,39,2
492054,492054,492100,46,0
492059,492061,492100,39,2
492090,492090,492100,10,0
492090,492090,492101,11,0
492090,492090,492101,11,0
492090,492090,492100,10,0
492090,492090,492101,11,0
492056,492056,492101,45,0
492062,492067,492102,35,5
492090,492090,492101,11,0
492090,492090,492102,12,0
492057,492058,492102,44,1
492057,492058,492103,45,1
492057,492057,492102,45,0
492056,492056,492103,47,0
492055,492055,492103,48,0
492057,492058,492103,45,1
492062,492066,492104,38,4
492065,492073,492104,31,8
492090,492090,492104,14,0
492056,492056,492105,49,0
492058,492059,492105,46,1
492063,492068,492105,37,5
492064,492072,492106,34,8
492064,492072,492105,33,8
492053,492053,492106,53,0
492061,492065,492106,41,4
492059,492062,492106,44,3
492058,492059,492107,48,1
492068,492080,492106,26,12
492054,492054,492107,53,0
492058,492060,492107,47,2
492055,492055,492106,51,0
492067,492078,492107,29,11
492090,492090,492107,17,0
492065,492072,492107,35,7
492060,492063,492108,45,3
492029,492047,492107,60,18
492060,492062,492107,45,2
492061,492065,492108,43,4
492060,492062,492109,47,2
492057,492058,492109,51,1
492058,492060,492108,48,2
492061,492065,492109,44,4
492090,492090,492109,19,0
492066,492074,492109,35,8
492061,492065,492110,45,4
492064,492070,492109,39,6
492059,492061,492110,49,2
492059,492060,492110,50,1
492064,492071,492110,39,7
492071,492088,492111,23,17
492090,492090,492111,21,0
492054,492055,492111,56,1
492060,492063,492112,49,3
492062,492066,492111,45,4
492063,492069,492112,43,6
492068,492079,492112,33,11
492069,492082,492112,30,13
492062,492066,492112,46,4
492061,492065,492112,47,4
492069,492083,492113,30,14
492057,492058,492112,54,1
492063,492067,492113,46,4
492058,492059,492113,54,1
492070,492084,492114,30,14
491931,491931,492114,183,0
492064,492072,492113,41,8
492071,492087,492114,27,16
492072,492090,492114,24,18
492072,492090,492114,24,18
492068,492079,492114,35,11
492061,492066,492114,48,5
492060,492064,492115,51,4
492061,492065,492115,50,4
492071,492087,492115,28,16
492067,492078,492116,38,11
492061,492065,492117,52,4
492065,492073,492116,43,8
492071,492087,492116,29,16
492064,492072,492117,45,8
492068,492079,492117,38,11
492073,492093,492117,24,20
492063,492067,492117,50,4
492062,492066,492118,52,4
492064,492070,492119,49,6
492060,492064,492118,54,4
492065,492072,492119,47,7
492065,492073,492119,46,8
492073,492093,492119,26,20
492063,492067,492119,52,4
492062,492066,492120,54,4
492066,492074,492120,46,8
492066,492076,492121,45,10
492060,492064,492121,57,4
492066,492075,492120,45,9
492067,492078,492120,42,11
492069,492082,492122,40,13
492065,492072,492122,50,7
492065,492073,492122,49,8
492070,492085,492122,37,15
492071,492087,492122,35,16
492072,492089,492123,34,17
492122,492122,492123,1,0
492122,492122,492123,1,0
492122,492122,492123,1,0
492069,492080,492123,43,11
492065,492073,492123,50,8
492122,492122,492123,1,0
492066,492075,492123,48,9
492122,492122,492123,1,0
492067,492077,492124,47,10
492071,492088,492124,36,17
492122,492122,492125,3,0
492122,492123,492125,2,1
492122,492123,492125,2,1
492122,492123,492125,2,1
492070,492086,492125,39,16
492060,492063,492125,62,3
492102,492111,492125,14,9
492067,492077,492125,48,10
492069,492083,492126,43,14
492122,492122,492126,4,0
492122,492124,492126,2,2
492070,492084,492125,41,14
492122,492124,492126,2,2
492069,492083,492126,43,14
492062,492066,492126,60,4
492068,492079,492126,47,11
492064,492070,492126,56,6
492122,492122,492126,4,0
492122,492122,492127,5,0
492122,492122,492126,4,0
492122,492126,492127,1,4
492122,492125,492127,2,3
492122,492125,492127,2,3
492122,492125,492127,2,3
492072,492089,492127,38,17
492076,492099,492128,29,23
492067,492078,492127,49,11
492063,492068,492128,60,5
492122,492122,492127,5,0
492075,492097,492128,31,22
492122,492122,492128,6,0
492122,492122,492127,5,0
492122,492126,492128,2,4
492122,492122,492128,6,0
492122,492125,492127,2,3
492122,492127,492128,1,5
492068,492080,492128,48,12
492066,492076,492128,52,10
492074,492094,492128,34,20
492122,492122,492129,7,0
492122,492122,492128,6,0
492066,492076,492128,52,10
492122,492127,492129,2,5
492099,492106,492129,23,7
492122,492122,492128,6,0
492122,492128,492129,1,6
492122,492122,492129,7,0
492122,492127,492128,1,5
492122,492127,492129,2,5
492122,492122,492129,7,0
492122,492127,492128,1,5
492122,492122,492129,7,0
492122,492129,492130,1,7
492075,492097,492129,32,22
492071,492086,492129,43,15
492122,492122,492130,8,0
492068,492080,492130,50,12
492122,492122,492130,8,0
492122,492122,492130,8,0
492122,492122,492130,8,0
492122,492127,492130,3,5
492122,492127,492130,3,5
492122,492122,492130,8,0
492122,492122,492129,7,0
492122,492122,492130,8,0
492122,492128,492130,2,6
492122,492122,492130,8,0
492122,492122,492130,8,0
492122,492126,492129,3,4
492122,492128,492130,2,6
492122,492122,492130,8,0
492122,492128,492129,1,6
492122,492130,492131,1,8
492122,492122,492130,8,0
492122,492129,492130,1,7
492122,492129,492130,1,7
492122,492130,492131,1,8
492100,492108,492130,22,8
492099,492107,492130,23,8
492100,492108,492130,22,8
492122,492122,492131,9,0
492066,492077,492131,54,11
492067,492078,492130,52,11
492122,492122,492131,9,0
492122,492129,492131,2,7
492122,492122,492130,8,0
492122,492122,492131,9,0
492122,492122,492131,9,0
492122,492122,492131,9,0
492122,492130,492131,1,8
492122,492130,492131,1,8
492122,492130,492131,1,8
492067,492078,492132,54,11
492098,492104,492131,27,6
492073,492093,492132,39,20
492122,492122,492132,10,0
492122,492129,492131,2,7
492122,492129,492132,3,7
492122,492122,492132,10,0
492122,492129,492132,3,7
492122,492122,492132,10,0
492122,492122,492132,10,0
492070,492084,492132,48,14
492066,492075,492132,57,9
492104,492114,492132,18,10
492098,492105,492133,28,7
492072,492090,492133,43,18
492100,492108,492133,25,8
492104,492115,492134,19,11
492106,492118,492134,16,12
492070,492085,492133,48,15
492074,492095,492134,39,21
492122,492122,492134,12,0
492122,492122,492134,12,0
492073,492093,492134,41,20
492098,492105,492134,29,7
492098,492106,492134,28,8
492104,492115,492134,19,11
492104,492115,492134,19,11
492122,492122,492135,13,0
492073,492091,492135,44,18
492072,492090,492135,45,18
492075,492095,492136,41,20
492077,492101,492135,34,24
492102,492112,492135,23,10
492103,492113,492136,23,10
492103,492113,492136,23,10
492073,492093,492136,43,20
492070,492085,492136,51,15
492099,492107,492136,29,8
492069,492083,492136,53,14
492073,492093,492137,44,20
492098,492105,492137,32,7
492101,492109,492137,28,8
492074,492095,492138,43,21
492107,492120,492138,18,13
492070,492085,492138,53,15
492073,492091,492138,47,18
492100,492108,492139,31,8
492104,492115,492139,24,11
492072,492090,492139,49,18
492105,492116,492139,23,11
492099,492106,492139,33,7
492105,492117,492139,22,12
492074,492094,492140,46,20
492074,492094,492139,45,20
492074,492095,492140,45,21
492101,492109,492140,31,8
492101,492110,492140,30,9
492102,492112,492140,28,10
492071,492088,492141,53,17
492101,492110,492141,31,9
492069,492083,492141,58,14
492075,492098,492142,44,23
492105,492118,492141,23,13
492105,492117,492142,25,12
492076,492099,492142,43,23
492076,492101,492142,41,25
492099,492107,492142,35,8
492076,492099,492143,44,23
492100,492107,492142,35,7
492102,492112,492143,31,10
492102,492112,492142,30,10
492077,492104,492143,39,27
492074,492094,492143,49,20
492076,492100,492143,43,24
492099,492106,492144,38,7
492099,492106,492144,38,7
492099,492107,492144,37,8
492100,492108,492144,36,8
492106,492118,492145,27,12
492075,492099,492144,45,24
492100,492107,492145,38,7
492104,492115,492145,30,11
492101,492110,492145,35,9
492100,492108,492145,37,8
492076,492099,492147,48,23
492108,492122,492146,24,14
492108,492123,492146,23,15
492103,492113,492146,33,10
492103,492113,492147,34,10
492077,492103,492147,44,26
492103,492114,492147,33,11
492101,492109,492147,38,8
492103,492113,492148,35,10
492110,492128,492147,19,18
492147,492147,492148,1,0
492147,492147,492148,1,0
492147,492147,492148,1,0
492107,492121,492147,26,14
492074,492094,492148,54,20
492110,492127,492148,21,17
492147,492147,492148,1,0
492147,492147,492148,1,0
492077,492101,492148,47,24
492105,492116,492148,32,11
492076,492099,492149,50,23
492147,492147,492149,2,0
492103,492114,492148,34,11
492112,492131,492149,18,19
492111,492129,492149,20,18
492098,492105,492149,44,7
492109,492125,492150,25,16
492147,492148,492149,1,1
492147,492148,492150,2,1
492147,492148,492149,1,1
492110,492128,492150,22,18
492101,492109,492149,40,8
492075,492097,492150,53,22
492102,492111,492149,38,9
492107,492121,492150,29,14
492108,492124,492151,27,16
492147,492147,492151,4,0
492147,492149,492151,2,2
492147,492149,492150,1,2
492072,492091,492150,59,19
492102,492112,492150,38,10
492106,492118,492150,32,12
492147,492149,492150,1,2
492107,492121,492151,30,14
492102,492111,492151,40,9
492101,492110,492151,41,9
492147,492147,492151,4,0
492147,492147,492151,4,0
492147,492147,492152,5,0
492076,492100,492152,52,24
492147,492150,492151,1,3
492147,492150,492151,1,3
492147,492150,492151,1,3
492147,492151,492152,1,4
492114,492135,492152,17,21
492108,492123,492152,29,15
492147,492147,492152,5,0
492147,492147,492153,6,0
492147,492147,492152,5,0
492147,492147,492152,5,0
492147,492147,492153,6,0
492147,492147,492153,6,0
492147,492151,492152,1,4
492147,492151,492153,2,4
492147,492151,492152,1,4
492104,492115,492152,37,11
492108,492123,492153,30,15
492113,492133,492152,19,20
492147,492152,492153,1,5
492112,492131,492153,22,19
492113,492134,492153,19,21
492105,492116,492153,37,11
492109,492124,492153,29,15
492077,492102,492153,51,25
492105,492117,492153,36,12
492147,492147,492153,6,0
492147,492147,492154,7,0
492147,492152,492154,2,5
492106,492119,492153,34,13
492147,492153,492154,1,6
492147,492152,492153,1,5
492147,492152,492153,1,5
492147,492152,492153,1,5
492106,492120,492154,34,14
492113,492134,492154,20,21
492147,492147,492154,7,0
492105,492117,492154,37,12
492107,492121,492154,33,14
492107,492120,492155,35,13
492147,492147,492154,7,0
492147,492147,492154,7,0
492147,492152,492155,3,5
492147,492152,492154,2,5
492111,492129,492155,26,18
492147,492147,492154,7,0
492077,492103,492154,51,26
492075,492099,492154,55,24
492147,492147,492154,7,0
492147,492153,492155,2,6
492147,492153,492154,1,6
492077,492102,492155,53,25
492104,492115,492155,40,11
492112,492131,492155,24,19
492147,492147,492155,8,0
492147,492147,492155,8,0
492147,492153,492154,1,6
492147,492154,492155,1,7
492147,492147,492154,7,0
492147,492147,492155,8,0
492147,492153,492154,1,6
492109,492126,492155,29,17
492114,492135,492155,20,21
492147,492147,492156,9,0
492147,492153,492155,2,6
492147,492153,492155,2,6
492147,492153,492155,2,6
492147,492153,492155,2,6
492147,492147,492155,8,0
492147,492147,492155,8,0
492147,492147,492155,8,0
492147,492154,492156,2,7
492106,492119,492155,36,13
492110,492127,492156,29,17
492110,492126,492156,30,16
492110,492128,492156,28,18
492147,492147,492156,9,0
492108,492123,492156,33,15
492147,492147,492157,10,0
492147,492147,492156,9,0
492147,492147,492156,9,0
492112,492130,492157,27,18
492147,492153,492157,4,6
492147,492154,492157,3,7
492147,492147,492156,9,0
492116,492138,492157,19,22
492147,492147,492157,10,0
492106,492119,492158,39,13
492107,492121,492157,36,14
492109,492124,492158,34,15
492147,492154,492157,3,7
492147,492154,492157,3,7
492108,492124,492158,34,16
492112,492132,492158,26,20
492147,492147,492158,11,0
492109,492126,492158,32,17
492110,492128,492158,30,18
492117,492139,492158,19,22
492147,492147,492158,11,0
492115,492136,492159,23,21
492147,492147,492160,13,0
492147,492147,492159,12,0
492147,492147,492160,13,0
492078,492104,492159,55,26
492108,492123,492159,36,15
492110,492127,492160,33,17
492109,492126,492159,33,17
492115,492136,492160,24,21
492114,492135,492160,25,21
492107,492121,492160,39,14
492111,492129,492160,31,18
492110,492127,492160,33,17
492147,492147,492161,14,0
492119,492143,492161,18,24
492112,492131,492161,30,19
492111,492130,492161,31,19
492109,492126,492161,35,17
492147,492147,492162,15,0
492106,492118,492162,44,12
492117,492139,492162,23,22
492112,492132,492162,30,20
492113,492133,492162,29,20
492109,492126,492162,36,17
492111,492129,492163,34,18
492111,492130,492163,33,19
492111,492128,492163,35,17
492111,492129,492164,35,18
492117,492140,492164,24,23
492118,492141,492164,23,23
492077,492103,492165,62,26
492113,492133,492165,32,20
492119,492142,492166,24,23
492075,492096,492166,70,21
492112,492131,492166,35,19
492113,492133,492166,33,20
492144,492150,492167,17,6
492122,492148,492167,19,26
492114,492135,492166,31,21
492114,492136,492167,31,22
492113,492133,492168,35,20
492115,492136,492168,32,21
492114,492135,492168,33,21
492115,492136,492168,32,21
492116,492137,492168,31,21
492118,492142,492168,26,24
492114,492134,492169,35,20
492115,492136,492169,33,21
492114,492134,492169,35,20
492117,492139,492168,29,22
492115,492137,492169,32,22
492112,492132,492170,38,20
492113,492133,492170,37,20
492116,492138,492170,32,22
492117,492140,492170,30,23
492119,492143,492170,27,24
492116,492139,492171,32,23
492120,492144,492171,27,24
492121,492146,492171,25,25
492121,492147,492171,24,26
492120,492144,492171,27,24
492116,492138,492171,33,22
492116,492138,492172,34,22
492117,492140,492172,32,23
492144,492149,492172,23,5
492146,492153,492172,19,7
492116,492139,492172,33,23
492115,492137,492173,36,22
492118,492141,492173,32,23
492119,492143,492173,30,24
492116,492138,492174,36,22
492117,492139,492174,35,22
492120,492144,492174,30,24
492144,492150,492174,24,6
492148,492155,492175,20,7
492115,492136,492175,39,21
492121,492146,492174,28,25
492146,492153,492175,22,7
492118,492142,492175,33,24
492173,492173,492175,2,0
492173,492173,492175,2,0
492173,492173,492175,2,0
492173,492173,492175,2,0
492173,492173,492175,2,0
492173,492173,492175,2,0
492115,492136,492176,40,21
492118,492141,492176,35,23
492122,492147,492177,30,25
492150,492158,492177,19,8
492146,492153,492177,24,7
492173,492176,492177,1,3
492173,492176,492177,1,3
492173,492176,492178,2,3
492173,492176,492177,1,3
492173,492176,492177,1,3
492145,492151,492178,27,6
492173,492174,492178,4,1
492173,492174,492178,4,1
492117,492140,492178,38,23
492173,492174,492179,5,1
492148,492155,492178,23,7
492173,492176,492178,2,3
492173,492174,492178,4,1
492119,492143,492178,35,24
492147,492154,492179,25,7
492149,492156,492179,23,7
492149,492156,492178,22,7
492151,492159,492178,19,8
492173,492174,492179,5,1
492173,492174,492179,5,1
492173,492174,492179,5,1
492173,492174,492180,6,1
492173,492178,492179,1,5
492173,492178,492179,1,5
492173,492178,492179,1,5
492173,492179,492180,1,6
492173,492178,492179,1,5
492173,492179,492180,1,6
492120,492144,492179,35,24
492122,492147,492180,33,25
492173,492174,492181,7,1
492173,492174,492180,6,1
492152,492160,492180,20,8
492173,492174,492180,6,1
492173,492174,492180,6,1
492143,492149,492181,32,6
492173,492178,492180,2,5
492118,492142,492180,38,24
492119,492143,492180,37,24
492121,492146,492180,34,25
492173,492180,492181,1,7
492120,492144,492180,36,24
492173,492174,492180,6,1
492173,492174,492181,7,1
492173,492180,492181,1,7
492173,492180,492181,1,7
492147,492153,492181,28,6
492121,492146,492181,35,25
492144,492150,492181,31,6
492173,492173,492181,8,0
492173,492173,492181,8,0
492173,492174,492181,7,1
492173,492174,492181,7,1
492173,492174,492181,7,1
492173,492174,492181,7,1
492173,492179,492181,2,6
492173,492174,492181,7,1
492173,492174,492181,7,1
492173,492179,492182,3,6
492173,492174,492181,7,1
492173,492179,492181,2,6
492173,492174,492181,7,1
492173,492180,492181,1,7
492173,492174,492181,7,1
492173,492180,492181,1,7
492173,492181,492182,1,8
492145,492151,492181,30,6
492173,492180,492181,1,7
492173,492180,492181,1,7
492173,492181,492182,1,8
492119,492143,492182,39,24
492120,492145,492182,37,25
492120,492145,492181,36,25
492173,492174,492182,8,1
492173,492174,492183,9,1
492173,492180,492182,2,7
492173,492174,492182,8,1
492173,492174,492182,8,1
492173,492181,492183,2,8
492173,492174,492182,8,1
492173,492181,492183,2,8
492173,492174,492182,8,1
492173,492180,492182,2,7
492173,492181,492183,2,8
492173,492180,492182,2,7
492173,492181,492182,1,8
492121,492146,492182,36,25
492173,492174,492182,8,1
492173,492181,492182,1,8
492173,492181,492182,1,8
492173,492174,492182,8,1
492123,492148,492183,35,25
492143,492148,492183,35,5
492120,492144,492183,39,24
492173,492174,492183,9,1
492144,492150,492183,33,6
492122,492147,492184,37,25
492173,492174,492184,10,1
492149,492156,492183,27,7
492146,492153,492184,31,7
492173,492181,492185,4,8
492173,492174,492184,10,1
492148,492155,492185,30,7
492153,492163,492185,22,10
492118,492142,492185,43,24
492147,492154,492186,32,7
492143,492149,492185,36,6
492149,492155,492186,31,6
492122,492148,492186,38,26
492144,492149,492186,37,5
492173,492174,492186,12,1
492121,492147,492187,40,26
492144,492149,492187,38,5
492146,492152,492187,35,6
492152,492161,492187,26,9
492152,492161,492187,26,9
492155,492167,492188,21,12
492151,492160,492187,27,9
492122,492147,492187,40,25
492145,492151,492188,37,6
492145,492151,492188,37,6
492149,492156,492188,32,7
492144,492149,492188,39,5
492144,492149,492189,40,5
492155,492167,492189,22,12
492120,492144,492189,45,24
492145,492151,492190,39,6
492147,492154,492190,36,7
492148,492155,492190,35,7
492173,492174,492190,16,1
492154,492165,492191,26,11
492148,492155,492191,36,7
492145,492151,492191,40,6
492147,492154,492191,37,7
492147,492154,492191,37,7
492154,492166,492192,26,12
492121,492146,492192,46,25
492148,492155,492192,37,7
492148,492155,492192,37,7
492159,492173,492193,20,14
492152,492162,492193,31,10
492153,492163,492193,30,10
492150,492158,492194,36,8
492147,492154,492193,39,7
492146,492152,492194,42,6
492152,492161,492194,33,9
492145,492151,492194,43,6
492149,492155,492194,39,6
492151,492159,492195,36,8
492151,492159,492195,36,8
492159,492173,492195,22,14
492155,492168,492196,28,13
492150,492157,492195,38,7
492154,492164,492196,32,10
492150,492158,492196,38,8
492161,492177,492196,19,16
492149,492156,492196,40,7
492154,492165,492196,31,11
492151,492160,492197,37,9
492151,492160,492196,36,9
492152,492161,492197,36,9
492152,492161,492197,36,9
492148,492155,492197,42,7
492153,492164,492197,33,11
492160,492175,492197,22,15
492156,492169,492198,29,13
492151,492160,492198,38,9
492145,492151,492198,47,6
492147,492154,492197,43,7
492154,492166,492198,32,12
492118,492141,492198,57,23
492162,492179,492199,20,17
492162,492179,492199,20,17
492161,492178,492199,21,17
492157,492171,492200,29,14
492160,492175,492200,25,15
492150,492158,492200,42,8
492154,492165,492201,36,11
492155,492167,492201,34,12
492157,492171,492201,30,14
492158,492172,492200,28,14
492156,492168,492201,33,12
492155,492168,492201,33,13
492154,492164,492202,38,10
492161,492179,492201,22,18
492153,492163,492201,38,10
492150,492157,492202,45,7
492158,492172,492201,29,14
492201,492201,492202,1,0
492201,492201,492202,1,0
492201,492201,492202,1,0
492153,492164,492202,38,11
492150,492158,492203,45,8
492201,492201,492202,1,0
492201,492201,492203,2,0
492201,492201,492203,2,0
492147,492155,492203,48,8
492153,492162,492203,41,9
492161,492179,492203,24,18
492162,492179,492203,24,17
492151,492160,492204,44,9
492201,492202,492204,2,1
492201,492202,492204,2,1
492201,492202,492204,2,1
492152,492161,492204,43,9
492156,492169,492204,35,13
492201,492203,492205,2,2
492201,492203,492205,2,2
492201,492201,492205,4,0
492201,492204,492205,1,3
492153,492162,492206,44,9
492156,492169,492205,36,13
492155,492167,492206,39,12
492163,492182,492205,23,19
492157,492171,492206,35,14
492201,492201,492206,5,0
492201,492201,492206,5,0
492201,492205,492206,1,4
492159,492174,492206,32,15
492201,492205,492206,1,4
492158,492172,492206,34,14
492201,492205,492206,1,4
492201,492206,492207,1,5
492146,492152,492207,55,6
492149,492157,492207,50,8
492201,492201,492207,6,0
492201,492201,492207,6,0
492201,492201,492207,6,0
492201,492201,492207,6,0
492201,492206,492207,1,5
492201,492206,492207,1,5
492201,492201,492207,6,0
492161,492177,492207,30,16
492201,492206,492207,1,5
492154,492166,492208,42,12
492157,492170,492207,37,13
492201,492201,492208,7,0
492201,492201,492208,7,0
492157,492169,492208,39,12
492201,492201,492208,7,0
492201,492201,492208,7,0
492201,492201,492208,7,0
492156,492169,492208,39,13
492158,492172,492208,36,14
492201,492208,492209,1,7
492201,492201,492208,7,0
492201,492207,492208,1,6
492201,492208,492209,1,7
492201,492201,492209,8,0
492201,492207,492208,1,6
492201,492207,492208,1,6
492157,492171,492208,37,14
492201,492201,492209,8,0
492201,492201,492208,7,0
492201,492207,492208,1,6
492201,492208,492209,1,7
492156,492169,492209,40,13
492159,492174,492209,35,15
492155,492167,492209,42,12
492157,492171,492209,38,14
492165,492186,492209,23,21
492201,492201,492209,8,0
492201,492201,492209,8,0
492201,492207,492209,2,6
492201,492206,492209,3,5
492201,492201,492209,8,0
492201,492208,492209,1,7
492158,492172,492209,37,14
492160,492176,492209,33,16
492162,492181,492209,28,19
492201,492201,492210,9,0
492201,492209,492210,1,8
492167,492189,492209,20,22
492163,492181,492209,28,18
492162,492181,492210,29,19
492201,492201,492210,9,0
492201,492207,492210,3,6
492201,492208,492210,2,7
492201,492207,492210,3,6
492201,492208,492210,2,7
492159,492175,492210,35,16
492201,492201,492210,9,0
492201,492209,492210,1,8
492159,492173,492210,37,14
492201,492209,492210,1,8
492201,492209,492210,1,8
492201,492201,492211,10,0
492156,492168,492211,43,12
492201,492201,492211,10,0
492201,492201,492211,10,0
492201,492209,492211,2,8
492201,492201,492211,10,0
492201,492209,492211,2,8
492062,492067,492212,145,5
492155,492167,492211,44,12
492164,492183,492212,29,19
492201,492201,492212,11,0
492160,492175,492211,36,15
492166,492188,492211,23,22
492201,492201,492212,11,0
492201,492209,492212,3,8
492164,492183,492212,29,19
492201,492201,492213,12,0
492201,492201,492213,12,0
492201,492201,492213,12,0
492201,492201,492213,12,0
492157,492171,492214,43,14
492146,492151,492214,63,5
492159,492174,492214,40,15
492160,492175,492214,39,15
492160,492175,492214,39,15
492161,492179,492214,35,18
492165,492186,492214,28,21
492164,492184,492215,31,20
492166,492187,492214,27,21
492159,492174,492215,41,15
492164,492184,492215,31,20
492165,492186,492216,30,21
492160,492177,492216,39,17
492158,492171,492216,45,13
492201,492201,492216,15,0
492165,492186,492216,30,21
492156,492169,492217,48,13
492166,492188,492216,28,22
492189,492193,492216,23,4
492161,492179,492217,38,18
492158,492172,492218,46,14
492162,492181,492217,36,19
492167,492188,492218,30,21
492167,492188,492218,30,21
492162,492181,492218,37,19
492201,492201,492218,17,0
492167,492190,492219,29,23
492201,492201,492219,18,0
492161,492178,492219,41,17
492166,492188,492219,31,22
492163,492182,492219,37,19
492192,492198,492219,21,6
492163,492182,492220,38,19
492163,492181,492221,40,18
492163,492181,492221,40,18
492164,492182,492220,38,18
492164,492183,492220,37,19
492166,492187,492221,34,21
492164,492184,492221,37,20
492201,492209,492221,12,8
492163,492181,492222,41,18
492201,492201,492222,21,0
492189,492193,492222,29,4
492191,492197,492223,26,6
492193,492200,492222,22,7
492159,492174,492223,49,15
492160,492176,492222,46,16
492166,492187,492223,36,21
492165,492186,492223,37,21
492163,492182,492223,41,19
492164,492184,492224,40,20
492167,492188,492225,37,21
492163,492182,492225,43,19
492193,492200,492225,25,7
492150,492158,492226,68,8
492195,492204,492225,21,9
492165,492186,492226,40,21
492190,492196,492226,30,6
492201,492201,492226,25,0
492166,492187,492228,41,21
492167,492189,492228,39,22
492193,492200,492228,28,7
492167,492189,492228,39,22
492188,492192,492229,37,4
492190,492195,492229,34,5
492189,492193,492229,36,4
492190,492195,492230,35,5
492162,492180,492229,49,18
492196,492204,492230,26,8
492168,492190,492230,40,22
492164,492185,492231,46,21
492194,492201,492230,29,7
492195,492202,492231,29,7
492197,492206,492232,26,9
492189,492194,492231,37,5
492193,492199,492232,33,6
492193,492200,492232,32,7
492190,492194,492232,38,4
492191,492196,492231,35,5
492189,492194,492232,38,5
492166,492187,492232,45,21
492188,492192,492232,40,4
492188,492192,492233,41,4
492165,492187,492232,45,22
492190,492194,492234,40,4
492192,492198,492233,35,6
492189,492194,492234,40,5
492188,492192,492235,43,4
492167,492188,492234,46,21
492195,492203,492235,32,8
492199,492210,492236,26,11
492201,492212,492237,25,11
492194,492201,492236,35,7
492192,492198,492237,39,6
492167,492190,492237,47,23
492190,492195,492237,42,5
492194,492201,492237,36,7
492194,492202,492238,36,8
492191,492196,492237,41,5
492203,492217,492238,21,14
492189,492193,492238,45,4
492237,492237,492239,2,0
492237,492237,492238,1,0
492237,492237,492238,1,0
492194,492201,492239,38,7
492197,492208,492238,30,11
492237,492237,492238,1,0
492237,492237,492238,1,0
492237,492237,492239,2,0
492191,492197,492239,42,6
492195,492202,492239,37,7
492199,492210,492239,29,11
492194,492202,492239,37,8
492191,492197,492239,42,6
492190,492196,492239,43,6
492200,492210,492240,30,10
492192,492198,492240,42,6
492198,492209,492240,31,11
492168,492191,492241,50,23
492199,492210,492240,30,11
492237,492239,492241,2,2
492237,492239,492241,2,2
492194,492201,492241,40,7
492193,492199,492241,42,6
492188,492192,492241,49,4
492237,492237,492241,4,0
492237,492239,492241,2,2
492237,492239,492241,2,2
492237,492239,492241,2,2
492237,492237,492242,5,0
492237,492239,492241,2,2
492196,492204,492241,37,8
492204,492220,492242,22,16
492193,492199,492242,43,6
492237,492237,492243,6,0
492237,492237,492243,6,0
492237,492237,492242,5,0
492192,492198,492243,45,6
492237,492237,492242,5,0
492237,492241,492242,1,4
492237,492242,492243,1,5
492237,492241,492243,2,4
492198,492208,492243,35,10
492191,492197,492244,47,6
492189,492193,492243,50,4
492237,492237,492244,7,0
492194,492201,492244,43,7
492237,492237,492243,6,0
492237,492237,492243,6,0
492237,492237,492243,6,0
492237,492237,492244,7,0
492237,492243,492244,1,6
492237,492237,492244,7,0
492237,492242,492244,2,5
492237,492237,492244,7,0
492237,492242,492244,2,5
492237,492242,492243,1,5
492237,492237,492244,7,0
492237,492243,492244,1,6
492237,492242,492243,1,5
492196,492204,492244,40,8
492206,492223,492244,21,17
492190,492194,492244,50,4
492197,492206,492245,39,9
492237,492237,492245,8,0
492237,492244,492245,1,7
492237,492244,492245,1,7
492237,492244,492245,1,7
492237,492244,492245,1,7
492237,492244,492245,1,7
492237,492244,492245,1,7
492202,492215,492245,30,13
492237,492243,492245,2,6
492237,492244,492245,1,7
492237,492244,492245,1,7
492237,492237,492245,8,0
492237,492243,492245,2,6
492192,492198,492246,48,6
492196,492205,492245,40,9
492196,492205,492245,40,9
492203,492217,492245,28,14
492237,492237,492246,9,0
492237,492242,492245,3,5
492237,492243,492246,3,6
492237,492243,492246,3,6
492237,492237,492246,9,0
492237,492243,492245,2,6
492237,492244,492246,2,7
492237,492244,492246,2,7
492198,492209,492246,37,11
492193,492200,492246,46,7
492195,492202,492246,44,7
492237,492237,492246,9,0
492237,492237,492247,10,0
492237,492237,492247,10,0
492237,492237,492247,10,0
492237,492244,492247,3,7
492199,492210,492247,37,11
492237,492237,492247,10,0
492237,492244,492246,2,7
492237,492237,492246,9,0
492204,492220,492247,27,16
492237,492237,492247,10,0
492237,492237,492247,10,0
492191,492197,492247,50,6
492190,492195,492247,52,5
492195,492203,492247,44,8
492237,492237,492248,11,0
492237,492237,492248,11,0
492237,492237,492248,11,0
492191,492197,492248,51,6
492237,492237,492248,11,0
492237,492237,492248,11,0
492207,492226,492248,22,19
492202,492215,492248,33,13
492237,492237,492249,12,0
492237,492237,492249,12,0
492196,492204,492249,45,8
492197,492207,492248,41,10
492203,492217,492249,32,14
492197,492206,492249,43,9
492196,492206,492249,43,10
492207,492225,492249,24,18
492237,492244,492249,5,7
492197,492208,492250,42,11
492199,492210,492250,40,11
492237,492237,492250,13,0
492237,492237,492250,13,0
492200,492212,492250,38,12
492200,492212,492250,38,12
492201,492214,492251,37,13
492208,492227,492250,23,19
492237,492237,492251,14,0
492199,492210,492251,41,11
492200,492211,492251,40,11
492197,492207,492251,44,10
492204,492219,492252,33,15
492237,492237,492252,15,0
492237,492237,492252,15,0
492199,492210,492252,42,11
492192,492198,492252,54,6
492192,492198,492253,55,6
492201,492215,492253,38,14
492198,492209,492253,44,11
492195,492203,492253,50,8
492198,492209,492254,45,11
492198,492209,492254,45,11
492202,492215,492254,39,13
492200,492211,492254,43,11
492200,492211,492254,43,11
492200,492212,492254,42,12
492203,492217,492255,38,14
492205,492220,492256,36,15
492198,492208,492256,48,10
492196,492206,492256,50,10
492198,492209,492256,47,11
492201,492215,492257,42,14
492205,492221,492257,36,16
492202,492216,492257,41,14
492209,492230,492257,27,21
492208,492229,492257,28,21
492201,492215,492259,44,14
492206,492223,492258,35,17
492203,492218,492258,40,15
492204,492218,492258,40,14
492202,492215,492259,44,13
492208,492229,492260,31,21
492199,492210,492259,49,11
492202,492215,492260,45,13
492201,492214,492260,46,13
492206,492223,492260,37,17
492201,492213,492261,48,12
492202,492216,492260,44,14
492205,492221,492261,40,16
492209,492231,492262,31,22
492210,492232,492262,30,22
492204,492219,492262,43,15
492205,492221,492263,42,16
492212,492236,492262,26,24
492213,492239,492262,23,26
492207,492225,492263,38,18
492206,492223,492263,40,17
492237,492243,492264,21,6
492207,492225,492264,39,18
492200,492212,492264,52,12
492203,492217,492264,47,14
492197,492208,492264,56,11
492207,492224,492264,40,17
492209,492232,492264,32,23
492263,492263,492264,1,0
492263,492263,492265,2,0
492263,492263,492264,1,0
492263,492263,492264,1,0
492263,492263,492265,2,0
492263,492263,492264,1,0
492205,492221,492265,44,16
492204,492219,492265,46,15
492204,492220,492265,45,16
492212,492237,492265,28,25
492202,492216,492266,50,14
492203,492218,492266,48,15
492208,492229,492267,38,21
492263,492263,492267,4,0
492207,492226,492267,41,19
492263,492265,492267,2,2
492263,492265,492267,2,2
492263,492265,492267,2,2
492238,492246,492267,21,8
492210,492232,492268,36,22
492210,492232,492267,35,22
492210,492232,492267,35,22
492212,492238,492268,30,26
492263,492263,492268,5,0
492263,492263,492267,4,0
492263,492265,492268,3,2
492263,492265,492268,3,2
492263,492267,492268,1,4
492263,492263,492267,4,0
492207,492225,492268,43,18
492122,492147,492269,122,25
492211,492236,492268,32,25
492263,492263,492269,6,0
492263,492263,492269,6,0
492263,492263,492269,6,0
492263,492263,492268,5,0
492205,492221,492269,48,16
492211,492234,492268,34,23
492263,492263,492269,6,0
492263,492267,492269,2,4
492263,492265,492268,3,2
492263,492267,492269,2,4
492263,492268,492269,1,5
492263,492268,492269,1,5
492263,492268,492269,1,5
492263,492263,492270,7,0
492263,492263,492270,7,0
492213,492239,492269,30,26
492263,492263,492270,7,0
492263,492263,492270,7,0
492263,492269,492270,1,6
492208,492229,492269,40,21
492263,492263,492270,7,0
492263,492268,492269,1,5
492263,492263,492270,7,0
492263,492269,492270,1,6
492263,492269,492270,1,6
492209,492230,492270,40,21
492210,492232,492270,38,22
492207,492227,492271,44,20
492263,492263,492271,8,0
492263,492268,492270,2,5
492263,492268,492270,2,5
492211,492235,492271,36,24
492210,492233,492271,38,23
492263,492263,492271,8,0
492263,492263,492271,8,0
492263,492269,492270,1,6
492263,492269,492270,1,6
492263,492271,492272,1,8
492263,492271,492272,1,8
492263,492270,492271,1,7
492204,492220,492271,51,16
492211,492233,492272,39,22
492238,492245,492272,27,7
492263,492263,492272,9,0
492208,492230,492272,42,22
492238,492246,492272,26,8
492263,492269,492271,2,6
492263,492270,492272,2,7
492263,492269,492272,3,6
492263,492263,492272,9,0
492263,492269,492272,3,6
492263,492270,492272,2,7
492263,492263,492272,9,0
492263,492270,492272,2,7
492263,492270,492272,2,7
492234,492239,492272,33,5
492211,492234,492273,39,23
492205,492222,492272,50,17
492263,492267,492273,6,4
492203,492216,492273,57,13
492207,492224,492272,48,17
492263,492263,492273,10,0
492235,492240,492273,33,5
492263,492263,492273,10,0
492211,492235,492273,38,24
492263,492263,492274,11,0
492263,492263,492274,11,0
492206,492223,492274,51,17
492263,492263,492274,11,0
492209,492231,492275,44,22
492263,492263,492275,12,0
492263,492263,492274,11,0
492263,492263,492275,12,0
492263,492263,492275,12,0
492209,492230,492275,45,21
492213,492239,492275,36,26
492263,492263,492275,12,0
492240,492249,492276,27,9
492241,492250,492276,26,9
492263,492263,492276,13,0
492263,492263,492275,12,0
492263,492263,492276,13,0
492212,492238,492276,38,26
492263,492263,492276,13,0
492208,492230,492277,47,22
492263,492263,492278,15,0
492235,492239,492278,39,4
492263,492263,492278,15,0
492236,492241,492278,37,5
492211,492235,492278,43,24
492235,492240,492278,38,5
492263,492263,492278,15,0
492209,492231,492279,48,22
492212,492237,492279,42,25
492241,492251,492279,28,10
492236,492242,492280,38,6
492239,492248,492280,32,9
492213,492239,492280,41,26
492240,492250,492281,31,10
492212,492237,492281,44,25
492205,492221,492282,61,16
492213,492239,492282,43,26
492237,492245,492283,38,8
492209,492231,492283,52,22
492211,492234,492283,49,23
492236,492242,492283,41,6
492237,492244,492285,41,7
492210,492233,492284,51,23
492238,492245,492284,39,7
492212,492237,492284,47,25
492239,492247,492284,37,8
492244,492258,492285,27,14
492247,492263,492285,22,16
492244,492258,492285,27,14
492235,492240,492285,45,5
492236,492242,492285,43,6
492239,492248,492286,38,9
492210,492232,492286,54,22
492212,492238,492287,49,26
492234,492239,492287,48,5
492240,492249,492287,38,9
492235,492240,492288,48,5
492208,492229,492287,58,21
492235,492241,492288,47,6
492240,492250,492288,38,10
492247,492263,492288,25,16
492236,492242,492288,46,6
492237,492243,492288,45,6
492240,492249,492288,39,9
492241,492250,492288,38,9
492239,492247,492289,42,8
492240,492249,492290,41,9
492238,492246,492290,44,8
492290,492290,492291,1,0
492290,492290,492291,1,0
492237,492244,492291,47,7
492247,492264,492291,27,17
492241,492252,492291,39,11
492243,492255,492291,36,12
492237,492244,492291,47,7
492290,492290,492291,1,0
492290,492290,492291,1,0
492290,492290,492291,1,0
492290,492290,492291,1,0
492240,492249,492292,43,9
492241,492251,492292,41,10
492290,492291,492293,2,1
492252,492272,492294,22,20
492242,492252,492293,41,10
492242,492253,492294,41,11
492239,492247,492293,46,8
492290,492292,492294,2,2
492290,492292,492294,2,2
492290,492291,492293,2,1
492290,492292,492294,2,2
492249,492266,492294,28,17
492239,492247,492294,47,8
492243,492254,492294,40,11
492290,492290,492295,5,0
492236,492241,492294,53,5
492290,492290,492295,5,0
492290,492292,492294,2,2
492237,492243,492295,52,6
492290,492290,492295,5,0
492290,492293,492295,2,3
492246,492263,492295,32,17
492246,492263,492295,32,17
492239,492248,492295,47,9
492290,492290,492295,5,0
492236,492241,492296,55,5
492241,492251,492296,45,10
492290,492294,492296,2,4
492290,492294,492296,2,4
492290,492290,492296,6,0
492290,492294,492296,2,4
492290,492294,492296,2,4
492290,492290,492297,7,0
492245,492260,492297,37,15
492242,492252,492296,44,10
492249,492268,492297,29,19
492248,492265,492297,32,17
492290,492290,492297,7,0
492290,492290,492297,7,0
492290,492290,492296,6,0
492290,492290,492296,6,0
492238,492246,492297,51,8
492290,492290,492297,7,0
492241,492250,492297,47,9
492244,492258,492297,39,14
492290,492290,492297,7,0
492290,492296,492297,1,6
492290,492296,492297,1,6
492242,492253,492297,44,11
492290,492295,492297,2,5
492290,492290,492297,7,0
492290,492297,492298,1,7
492290,492290,492297,7,0
492290,492297,492298,1,7
492242,492254,492297,43,12
492245,492260,492298,38,15
492242,492253,492298,45,11
492290,492290,492298,8,0
492290,492295,492298,3,5
492290,492290,492298,8,0
492290,492290,492298,8,0
492290,492290,492298,8,0
492290,492290,492298,8,0
492290,492290,492297,7,0
492290,492297,492298,1,7
492290,492298,492299,1,8
492290,492297,492298,1,7
492290,492297,492298,1,7
492290,492290,492298,8,0
492245,492259,492299,40,14
492239,492248,492298,50,9
492290,492290,492299,9,0
492290,492290,492299,9,0
492290,492297,492298,1,7
492290,492296,492299,3,6
492290,492297,492299,2,7
492290,492295,492299,4,5
492242,492254,492299,45,12
492244,492257,492299,42,13
492290,492298,492299,1,8
492290,492298,492299,1,8
492290,492298,492299,1,8
492290,492298,492299,1,8
492290,492290,492300,10,0
492290,492298,492299,1,8
492290,492298,492299,1,8
492290,492290,492300,10,0
492290,492290,492300,10,0
492290,492290,492300,10,0
492290,492290,492300,10,0
492290,492290,492300,10,0
492290,492297,492300,3,7
492290,492297,492300,3,7
492241,492251,492300,49,10
492290,492290,492300,10,0
492290,492290,492300,10,0
492254,492276,492300,24,22
492252,492273,492300,27,21
492290,492290,492301,11,0
492290,492290,492300,10,0
492290,492297,492301,4,7
492238,492246,492301,55,8
492290,492290,492301,11,0
492238,492245,492301,56,7
492240,492250,492301,51,10
492243,492254,492301,47,11
492251,492270,492302,32,19
492290,492290,492302,12,0
492290,492290,492302,12,0
492242,492252,492302,50,10
492245,492260,492302,42,15
492246,492261,492303,42,15
492249,492267,492302,35,18
492243,492256,492303,47,13
492290,492290,492303,13,0
492241,492252,492303,51,11
492253,492276,492303,27,23
492244,492259,492304,45,15
492247,492264,492304,40,17
492243,492254,492304,50,11
492249,492267,492305,38,18
492252,492272,492304,32,20
492243,492255,492305,50,12
492250,492269,492305,36,19
492244,492257,492306,49,13
492257,492285,492306,21,28
492245,492260,492305,45,15
492250,492268,492306,38,18
492253,492274,492307,33,21
492243,492255,492306,51,12
492244,492258,492307,49,14
492246,492261,492308,47,15
492250,492268,492308,40,18
492250,492268,492308,40,18
492243,492257,492308,51,14
492251,492270,492308,38,19
492254,492279,492309,30,25
492244,492258,492309,51,14
492246,492261,492309,48,15
492247,492265,492310,45,18
492247,492265,492309,44,18
492290,492290,492309,19,0
492245,492259,492310,51,14
492252,492273,492311,38,21
492245,492259,492311,52,14
492250,492269,492312,43,19
492255,492279,492311,32,24
492206,492223,492312,89,17
492257,492285,492312,27,28
492255,492281,492312,31,26
492251,492271,492313,42,20
492243,492256,492312,56,13
492248,492265,492312,47,17
492249,492267,492312,45,18
492252,492272,492313,41,20
492255,492281,492313,32,26
492246,492260,492313,53,14
492246,492262,492313,51,16
492247,492263,492314,51,16
492248,492265,492313,48,17
492253,492276,492313,37,23
492248,492266,492313,47,18
492252,492273,492314,41,21
492251,492271,492314,43,20
492253,492276,492314,38,23
492248,492265,492315,50,17
492251,492271,492316,45,20
492246,492263,492315,52,17
492257,492286,492316,30,29
492281,492294,492316,22,13
492253,492275,492316,41,22
492251,492271,492316,45,20
492254,492279,492317,38,25
492250,492269,492316,47,19
492249,492268,492316,48,19
492247,492264,492317,53,17
492248,492266,492317,51,18
492250,492269,492317,48,19
492253,492274,492318,44,21
492251,492271,492319,48,20
492253,492274,492318,44,21
492249,492267,492319,52,18
492255,492282,492319,37,27
492257,492285,492319,34,28
492260,492292,492319,27,32
492252,492272,492320,48,20
492256,492284,492320,36,28
492251,492272,492321,49,21
492256,492284,492323,39,28
492254,492277,492323,46,23
492252,492274,492323,49,22
492323,492323,492324,1,0
492323,492323,492324,1,0
492282,492296,492323,27,14
492258,492289,492324,35,31
492250,492269,492324,55,19
492258,492287,492325,38,29
492253,492274,492324,50,21
492323,492323,492325,2,0
492323,492323,492324,1,0
492323,492323,492324,1,0
492323,492323,492324,1,0
492282,492296,492324,28,14
492281,492295,492325,30,14
492283,492297,492326,29,14
492255,492279,492326,47,24
492254,492278,492326,48,24
492248,492266,492327,61,18
492323,492323,492327,4,0
492323,492325,492327,2,2
492323,492325,492327,2,2
492323,492325,492327,2,2
492323,492325,492326,1,2
492323,492324,492327,3,1
492323,492324,492327,3,1
492256,492284,492328,44,28
492256,492282,492327,45,26
492323,492323,492328,5,0
492256,492285,492328,43,29
492257,492286,492327,41,29
492287,492306,492328,22,19
492254,492278,492328,50,24
492323,492327,492329,2,4
492323,492323,492329,6,0
492323,492323,492329,6,0
492323,492323,492328,5,0
492255,492280,492328,48,25
492256,492285,492329,44,29
492259,492289,492328,39,30
492323,492327,492329,2,4
492323,492327,492329,2,4
492283,492297,492329,32,14
492284,492301,492329,28,17
492323,492327,492329,2,4
492323,492328,492329,1,5
492258,492288,492329,41,30
492260,492291,492329,38,31
492323,492327,492329,2,4
492256,492283,492329,46,27
492323,492329,492330,1,6
492323,492323,492330,7,0
492323,492323,492330,7,0
492323,492327,492330,3,4
492323,492323,492330,7,0
492323,492330,492331,1,7
492323,492330,492331,1,7
492286,492304,492330,26,18
492254,492279,492330,51,25
492323,492323,492330,7,0
492323,492323,492330,7,0
492323,492329,492330,1,6
492323,492330,492331,1,7
492323,492323,492331,8,0
492323,492323,492331,8,0
492259,492291,492331,40,32
492323,492323,492330,7,0
492323,492330,492331,1,7
492254,492279,492331,52,25
492323,492323,492331,8,0
492323,492323,492331,8,0
492323,492330,492331,1,7
492323,492331,492332,1,8
492323,492323,492331,8,0
492323,492330,492331,1,7
492323,492331,492332,1,8
492323,492331,492332,1,8
492323,492323,492331,8,0
492323,492331,492332,1,8
492323,492331,492332,1,8
492323,492331,492332,1,8
492258,492287,492331,44,29
492256,492283,492331,48,27
492323,492331,492332,1,8
492323,492323,492332,9,0
492323,492328,492331,3,5
492323,492323,492332,9,0
492323,492329,492332,3,6
492323,492329,492332,3,6
492259,492289,492332,43,30
492323,492323,492331,8,0
492255,492281,492332,51,26
492258,492289,492332,43,31
492284,492301,492332,31,17
492323,492331,492332,1,8
492323,492331,492332,1,8
492323,492331,492332,1,8
492323,492323,492332,9,0
492323,492331,492333,2,8
492323,492323,492333,10,0
492323,492323,492333,10,0
492323,492323,492333,10,0
492323,492323,492333,10,0
492323,492323,492333,10,0
492258,492288,492333,45,30
492282,492296,492334,38,14
492323,492323,492333,10,0
492323,492323,492334,11,0
492259,492289,492334,45,30
492259,492289,492334,45,30
492258,492287,492334,47,29
492257,492285,492334,49,28
492323,492323,492335,12,0
492323,492323,492335,12,0
492282,492297,492335,38,15
492281,492295,492335,40,14
492286,492305,492335,30,19
492258,492288,492336,48,30
492323,492323,492335,12,0
492323,492323,492336,13,0
492283,492298,492336,38,15
492280,492293,492336,43,13
492280,492292,492336,44,12
492259,492289,492337,48,30
492323,492323,492336,13,0
492323,492323,492337,14,0
492280,492292,492337,45,12
492287,492307,492337,30,20
492289,492312,492338,26,23
492258,492289,492338,49,31
492257,492286,492339,53,29
492281,492294,492339,45,13
492289,492312,492339,27,23
492257,492285,492340,55,28
492323,492323,492341,18,0
492259,492291,492341,50,32
492289,492312,492341,29,23
492294,492320,492342,22,26
492259,492289,492342,53,30
492288,492310,492342,32,22
492283,492298,492342,44,15
492281,492294,492343,49,13
492283,492298,492343,45,15
492282,492297,492342,45,15
492292,492316,492342,26,24
492284,492302,492343,41,18
492284,492300,492343,43,16
492284,492299,492344,45,15
492285,492302,492344,42,17
492323,492323,492344,21,0
492290,492313,492344,31,23
492281,492295,492344,49,14
492284,492300,492345,45,16
492285,492302,492344,42,17
492285,492302,492345,43,17
492323,492323,492345,22,0
492287,492308,492345,37,21
492290,492314,492346,32,24
492282,492297,492346,49,15
492281,492294,492346,52,13
492280,492293,492346,53,13
492283,492298,492347,49,15
492282,492296,492348,52,14
492282,492295,492347,52,13
492285,492303,492348,45,18
492289,492311,492348,37,22
492280,492292,492347,55,12
492285,492303,492347,44,18
492323,492323,492348,25,0
492287,492307,492348,41,20
492287,492307,492348,41,20
492286,492304,492349,45,18
492287,492306,492349,43,19
492283,492298,492350,52,15
492286,492305,492349,44,19
492288,492308,492349,41,20
492288,492308,492349,41,20
492283,492298,492350,52,15
492286,492305,492350,45,19
492286,492305,492350,45,19
492283,492298,492351,53,15
492285,492303,492351,48,18
492285,492303,492350,47,18
492292,492316,492351,35,24
492291,492315,492352,37,24
492288,492310,492352,42,22
492296,492326,492352,26,30
492289,492312,492352,40,23
492295,492325,492352,27,30
492284,492299,492353,54,15
492295,492324,492353,29,29
492288,492310,492353,43,22
492286,492306,492354,48,20
492297,492329,492354,25,32
492287,492306,492354,48,19
492296,492326,492354,28,30
492284,492301,492355,54,17
492288,492309,492355,46,21
492286,492304,492356,52,18
492285,492302,492356,54,17
492296,492325,492356,31,29
492294,492320,492357,37,26
492288,492310,492357,47,22
492286,492305,492357,52,19
492294,492319,492358,39,25
492294,492321,492358,37,27
492302,492338,492359,21,36
492291,492315,492359,44,24
492294,492319,492359,40,25
492289,492310,492359,49,21
492290,492313,492359,46,23
492291,492315,492359,44,24
492290,492313,492360,47,23
492298,492330,492360,30,32
492292,492316,492361,45,24
492287,492306,492361,55,19
492359,492360,492361,1,1
492359,492360,492361,1,1
492359,492360,492361,1,1
492359,492360,492361,1,1
492359,492360,492361,1,1
492359,492360,492361,1,1
492294,492321,492361,40,27
492290,492314,492362,48,24
492293,492317,492362,45,24
492298,492331,492362,31,33
492293,492317,492362,45,24
492298,492330,492362,32,32
492292,492317,492362,45,25
492287,492307,492363,56,20
492359,492360,492363,3,1
492359,492360,492363,3,1
492359,492362,492363,1,3
492359,492362,492363,1,3
492359,492362,492363,1,3
492359,492360,492364,4,1
492359,492362,492363,1,3
492359,492362,492363,1,3
492359,492362,492363,1,3
492296,492325,492363,38,29
492301,492336,492364,28,35
492290,492313,492364,51,23
492359,492360,492364,4,1
492359,492360,492364,4,1
492359,492360,492364,4,1
492359,492360,492364,4,1
492359,492360,492364,4,1
492293,492319,492364,45,26
492291,492314,492365,51,23
492292,492315,492364,49,23
492289,492311,492365,54,22
492291,492314,492365,51,23
492291,492314,492364,50,23
492359,492360,492365,5,1
492359,492360,492366,6,1
492289,492311,492366,55,22
492359,492360,492366,6,1
492359,492360,492365,5,1
492359,492360,492366,6,1
492359,492364,492365,1,5
492359,492364,492365,1,5
492359,492364,492365,1,5
492359,492364,492366,2,5
492359,492364,492365,1,5
492359,492365,492366,1,6
492359,492360,492366,6,1
492359,492364,492365,1,5
492359,492364,492366,2,5
492291,492314,492365,51,23
492292,492317,492365,48,25
492292,492317,492365,48,25
492293,492317,492366,49,24
492359,492360,492366,6,1
492359,492360,492366,6,1
492359,492360,492366,6,1
492359,492360,492366,6,1
492359,492366,492367,1,7
492296,492327,492366,39,31
492359,492360,492367,7,1
492359,492365,492366,1,6
492359,492366,492367,1,7
492359,492366,492367,1,7
492359,492366,492367,1,7
492359,492360,492366,6,1
492359,492360,492366,6,1
492359,492366,492367,1,7
492290,492313,492366,53,23
492293,492317,492367,50,24
492291,492314,492367,53,23
492359,492364,492367,3,5
492359,492366,492367,1,7
492359,492360,492368,8,1
492359,492365,492367,2,6
492359,492365,492367,2,6
492359,492360,492367,7,1
492359,492364,492367,3,5
492359,492365,492367,2,6
492359,492360,492368,8,1
492359,492366,492367,1,7
492288,492309,492367,58,21
492297,492329,492368,39,32
492359,492366,492367,1,7
492359,492366,492367,1,7
492359,492366,492367,1,7
492359,492366,492367,1,7
492300,492335,492368,33,35
492359,492366,492367,1,7
492359,492366,492367,1,7
492359,492360,492368,8,1
492359,492367,492369,2,8
492304,492343,492369,26,39
492359,492360,492368,8,1
492359,492360,492368,8,1
492359,492360,492368,8,1
492292,492316,492368,52,24
492359,492360,492369,9,1
492359,492366,492368,2,7
492294,492323,492368,45,29
492295,492325,492369,44,30
492359,492360,492369,9,1
492300,492333,492369,36,33
492359,492360,492370,10,1
492359,492360,492370,10,1
492297,492328,492370,42,31
492290,492313,492370,57,23
492359,492360,492371,11,1
492359,492360,492370,10,1
492303,492343,492370,27,40
492359,492360,492370,10,1
492303,492342,492370,28,39
492301,492336,492371,35,35
492295,492324,492371,47,29
492298,492330,492372,42,32
492359,492360,492371,11,1
492304,492344,492371,27,40
492302,492340,492373,33,38
492297,492328,492373,45,31
492300,492335,492373,38,35
492359,492360,492373,13,1
492305,492346,492374,28,41
492297,492330,492374,44,33
492359,492360,492374,14,1
492293,492318,492374,56,25
492298,492330,492375,45,32
492299,492332,492375,43,33
492297,492328,492376,48,31
492281,492295,492376,81,14
492300,492334,492375,41,34
492293,492318,492376,58,25
492303,492342,492376,34,39
492299,492332,492377,45,33
492296,492325,492377,52,29
492293,492319,492378,59,26
492298,492330,492378,48,32
492299,492332,492378,46,33
492294,492324,492378,54,30
492299,492333,492378,45,34
492301,492337,492379,42,36
492302,492340,492379,39,38
492295,492324,492379,55,29
492298,492331,492379,48,33
492301,492337,492380,43,36
492304,492345,492381,36,41
492297,492329,492381,52,32
492298,492330,492380,50,32
492299,492333,492381,48,34
492302,492340,492383,43,38
492299,492332,492383,51,33
492305,492345,492382,37,40
492302,492341,492383,42,39
492301,492336,492384,48,35
492300,492335,492384,49,35
492296,492327,492384,57,31
492302,492340,492383,43,38
492296,492327,492384,57,31
492302,492338,492384,46,36
492300,492334,492385,51,34
492300,492336,492385,49,36
492237,492244,492385,141,7
492297,492329,492385,56,32
492301,492337,492386,49,36
492301,492338,492386,48,37
492300,492335,492386,51,35
492386,492386,492387,1,0
492386,492386,492387,1,0
492386,492386,492387,1,0
492386,492386,492387,1,0
492386,492386,492387,1,0
492386,492386,492387,1,0
492304,492344,492387,43,40
492305,492346,492387,41,41
492386,492387,492388,1,1
492386,492387,492389,2,1
492386,492387,492388,1,1
492304,492343,492388,45,39
492386,492386,492389,3,0
492386,492388,492389,1,2
492386,492388,492389,1,2
492386,492388,492389,1,2
492303,492343,492389,46,40
492302,492338,492390,52,36
492386,492386,492391,5,0
492386,492386,492391,5,0
492386,492386,492390,4,0
492386,492389,492390,1,3
492386,492386,492391,5,0
492386,492389,492390,1,3
492303,492342,492391,49,39
492304,492344,492391,47,40
492386,492386,492391,5,0
492386,492386,492392,6,0
492386,492386,492391,5,0
492386,492390,492391,1,4
492386,492390,492391,1,4
492386,492386,492391,5,0
492386,492389,492391,2,3
492386,492390,492391,1,4
492386,492386,492392,6,0
492386,492386,492392,6,0
492386,492390,492391,1,4
492304,492345,492391,46,41
492386,492386,492392,6,0
492301,492337,492392,55,36
492386,492391,492393,2,5
492386,492386,492392,6,0
492386,492392,492393,1,6
492386,492392,492393,1,6
492386,492386,492393,7,0
492386,492391,492392,1,5
492386,492392,492393,1,6
492337,492353,492393,40,16
492386,492386,492392,6,0
492386,492391,492392,1,5
492386,492392,492393,1,6
492386,492392,492393,1,6
492386,492391,492392,1,5
492386,492392,492393,1,6
492386,492392,492393,1,6
492386,492386,492394,8,0
492386,492386,492393,7,0
492386,492386,492394,8,0
492386,492392,492393,1,6
492386,492392,492393,1,6
492386,492393,492394,1,7
492386,492386,492393,7,0
492386,492393,492394,1,7
492386,492392,492393,1,6
492386,492386,492395,9,0
492386,492386,492394,8,0
492304,492344,492394,50,40
492386,492386,492394,8,0
492386,492392,492394,2,6
492386,492386,492394,8,0
492386,492386,492395,9,0
492386,492391,492394,3,5
492386,492386,492394,8,0
492386,492391,492394,3,5
492386,492393,492394,1,7
492299,492333,492395,62,34
492303,492343,492395,52,40
492386,492386,492395,9,0
492386,492386,492395,9,0
492386,492386,492395,9,0
492386,492386,492395,9,0
492386,492393,492395,2,7
492386,492386,492395,9,0
492386,492393,492395,2,7
492304,492345,492396,51,41
492305,492345,492396,51,40
492386,492386,492396,10,0
492386,492386,492396,10,0
492303,492343,492398,55,40
492386,492386,492398,12,0
492338,492354,492397,43,16
492386,492386,492398,12,0
492386,492386,492400,14,0
492386,492386,492402,16,0
492386,492386,492401,15,0
492340,492360,492401,41,20
492338,492355,492402,47,17
492337,492353,492403,50,16
492339,492357,492404,47,18
492337,492352,492404,52,15
492386,492386,492404,18,0
492338,492354,492407,53,16
492341,492363,492409,46,22
492341,492361,492409,48,20
492342,492364,492410,46,22
492342,492363,492411,48,21
492334,492346,492411,65,12
492415,492416,492417,1,1
492415,492416,492417,1,1
492346,492371,492417,46,25
492415,492416,492417,1,1
492415,492416,492417,1,1
492415,492416,492417,1,1
492346,492371,492418,47,25
492415,492416,492418,2,1
492415,492416,492418,2,1
492415,492416,492418,2,1
492415,492417,492418,1,2
492415,492416,492419,3,1
492415,492418,492419,1,3
492415,492416,492419,3,1
492415,492417,492418,1,2
492415,492416,492419,3,1
492415,492416,492419,3,1
492415,492416,492419,3,1
492415,492416,492419,3,1
492415,492416,492419,3,1
492415,492416,492419,3,1
492415,492416,492419,3,1
492415,492416,492419,3,1
492415,492416,492419,3,1
492415,492416,492419,3,1
492415,492416,492419,3,1
492415,492416,492419,3,1
492415,492418,492419,1,3
492415,492416,492419,3,1
492415,492418,492419,1,3
492415,492419,492420,1,4
492345,492370,492420,50,25
492415,492416,492420,4,1
492415,492416,492420,4,1
492415,492416,492420,4,1
492415,492416,492420,4,1
492415,492416,492420,4,1
492347,492374,492420,46,27
492415,492416,492420,4,1
492415,492416,492420,4,1
492415,492419,492420,1,4
492415,492419,492420,1,4
492415,492416,492420,4,1
492415,492416,492420,4,1
492415,492419,492420,1,4
492415,492419,492420,1,4
492415,492416,492421,5,1
492415,492419,492421,2,4
492415,492416,492420,4,1
492415,492419,492420,1,4
492334,492347,492421,74,13
492415,492416,492420,4,1
492415,492420,492421,1,5
492345,492369,492421,52,24
492415,492416,492422,6,1
492415,492419,492422,3,4
492415,492420,492422,2,5
492415,492420,492421,1,5
492415,492420,492421,1,5
492415,492420,492421,1,5
492415,492420,492421,1,5
492415,492420,492421,1,5
492415,492421,492422,1,6
492415,492420,492421,1,5
492415,492420,492421,1,5
492415,492420,492423,3,5
492415,492416,492423,7,1
492415,492416,492423,7,1
492415,492421,492423,2,6
492415,492416,492422,6,1
492415,492420,492422,2,5
492415,492420,492422,2,5
492415,492421,492423,2,6
492415,492421,492423,2,6
492415,492420,492424,4,5
492415,492420,492423,3,5
492415,492421,492423,2,6
492415,492416,492424,8,1
492415,492421,492424,3,6
492346,492373,492424,51,27
492344,492366,492425,59,22
492415,492420,492424,4,5
492415,492416,492424,8,1
492415,492416,492428,12,1
492336,492350,492427,77,14
492342,492363,492428,65,21
492350,492381,492429,48,31
492415,492416,492429,13,1
492343,492365,492430,65,22
492348,492377,492430,53,29
492335,492349,492432,83,14
492415,492416,492433,17,1
492346,492371,492434,63,25
492415,492420,492434,14,5
492335,492350,492435,85,15
492336,492350,492434,84,14
492334,492348,492436,88,14
492354,492393,492436,43,39
492338,492354,492438,84,16
492342,492365,492438,73,23
492338,492354,492439,85,16
492335,492348,492439,91,13
492336,492350,492439,89,14
492337,492351,492440,89,14
492335,492348,492441,93,13
492336,492350,492441,91,14
492335,492349,492443,94,14
492349,492378,492442,64,29
492355,492398,492443,45,43
492355,492402,492444,42,47
492335,492349,492443,94,14
492336,492350,492444,94,14
492347,492374,492444,70,27
492445,492445,492446,1,0
492337,492353,492446,93,16
492334,492346,492446,100,12
492445,492445,492446,1,0
492339,492358,492446,88,19
492445,492445,492446,1,0
492445,492445,492446,1,0
492445,492445,492446,1,0
492349,492379,492446,67,30
492445,492445,492447,2,0
492334,492348,492447,99,14
492445,492445,492448,3,0
492445,492446,492447,1,1
492445,492445,492447,2,0
492445,492445,492449,4,0
492445,492445,492449,4,0
492445,492445,492448,3,0
492445,492445,492448,3,0
492445,492445,492449,4,0
492335,492348,492448,100,13
492335,492349,492448,99,14
492445,492445,492448,3,0
492445,492445,492448,3,0
492445,492445,492448,3,0
492445,492447,492448,1,2
492445,492447,492448,1,2
492445,492447,492448,1,2
492445,492447,492448,1,2
492445,492445,492448,3,0
492445,492445,492449,4,0
492445,492445,492449,4,0
492445,492448,492449,1,3
492445,492445,492449,4,0
492445,492445,492450,5,0
492445,492445,492449,4,0
492445,492445,492450,5,0
492445,492445,492449,4,0
492355,492402,492450,48,47
492445,492445,492449,4,0
492445,492445,492449,4,0
492445,492445,492450,5,0
492445,492445,492450,5,0
492445,492448,492449,1,3
492445,492445,492449,4,0
492445,492445,492449,4,0
492445,492445,492449,4,0
492445,492445,492450,5,0
492445,492448,492449,1,3
492445,492448,492450,2,3
492445,492445,492449,4,0
492356,492409,492450,41,53
492355,492404,492450,46,49
492445,492445,492450,5,0
492337,492352,492450,98,15
492445,492445,492450,5,0
492445,492449,492450,1,4
492445,492449,492451,2,4
492445,492449,492451,2,4
492445,492449,492450,1,4
492445,492449,492451,2,4
492445,492449,492451,2,4
492445,492449,492451,2,4
492445,492449,492451,2,4
492445,492449,492451,2,4
492445,492450,492451,1,5
492445,492450,492451,1,5
492445,492445,492452,7,0
492445,492445,492451,6,0
492336,492351,492451,100,15
492445,492445,492452,7,0
492445,492450,492452,2,5
492445,492449,492451,2,4
492445,492450,492452,2,5
492445,492449,492451,2,4
492445,492450,492452,2,5
492445,492449,492451,2,4
492445,492450,492452,2,5
492445,492445,492451,6,0
492445,492449,492452,3,4
492445,492449,492451,2,4
492445,492450,492451,1,5
492338,492355,492452,97,17
492340,492360,492452,92,20
492352,492386,492452,66,34
492445,492450,492453,3,5
492445,492450,492452,2,5
492445,492450,492453,3,5
492445,492449,492453,4,4
492445,492449,492453,4,4
492445,492445,492452,7,0
492445,492445,492453,8,0
492334,492348,492454,106,14
492355,492404,492454,50,49
492445,492445,492453,8,0
492445,492445,492454,9,0
492334,492347,492455,108,13
492339,492356,492454,98,17
492341,492362,492455,93,21
492355,492407,492455,48,52
492356,492410,492455,45,54
492342,492364,492455,91,22
492355,492403,492457,54,48
492336,492350,492457,107,14
492339,492357,492457,100,18
492353,492392,492458,66,39
492340,492359,492458,99,19
492343,492365,492458,93,22
492337,492351,492457,106,14
492351,492384,492458,74,33
492340,492360,492459,99,20
492348,492377,492460,83,29
492356,492412,492459,47,56
492352,492385,492460,75,33
492342,492364,492460,96,22
492341,492363,492459,96,22
492339,492357,492460,103,18
492340,492359,492461,102,19
492343,492366,492461,95,23
492341,492362,492461,99,21
492445,492445,492461,16,0
492337,492353,492463,110,16
492356,492411,492463,52,55
492345,492369,492462,93,24
492356,492421,492463,42,65
492344,492368,492464,96,24
492342,492365,492463,98,23
492338,492354,492464,110,16
492340,492360,492464,104,20
492356,492417,492464,47,61
492340,492360,492464,104,20
492344,492368,492464,96,24
492348,492377,492465,88,29
492346,492371,492466,95,25
492341,492360,492465,105,19
492356,492419,492466,47,63
492339,492358,492467,109,19
492347,492374,492467,93,27
492345,492370,492468,98,25
492347,492375,492469,94,28
492343,492365,492469,104,22
492345,492369,492469,100,24
492339,492355,492470,115,16
492341,492361,492470,109,20
492357,492422,492470,48,65
492357,492425,492470,45,68
492343,492365,492470,105,22
492341,492362,492471,109,21
492344,492367,492471,104,23
492344,492367,492472,105,23
492339,492358,492472,114,19
492344,492368,492472,104,24
492345,492368,492472,104,23
492346,492372,492473,101,26
492343,492366,492473,107,23
492344,492367,492473,106,23
492344,492368,492474,106,24
492342,492363,492474,111,21
492473,492473,492474,1,0
492473,492473,492474,1,0
492473,492473,492474,1,0
492473,492473,492474,1,0
492473,492473,492474,1,0
492347,492373,492475,102,26
492348,492376,492475,99,28
492350,492381,492474,93,31
492340,492360,492475,115,20
492349,492380,492475,95,31
492346,492371,492476,105,25
492350,492383,492476,93,33
492473,492473,492476,3,0
492357,492421,492476,55,64
492473,492473,492476,3,0
492473,492473,492476,3,0
492473,492475,492476,1,2
492473,492475,492477,2,2
492473,492475,492477,2,2
492473,492475,492477,2,2
492473,492475,492477,2,2
492350,492381,492477,96,31
492351,492384,492477,93,33
492351,492383,492477,94,32
492348,492378,492477,99,30
492473,492473,492477,4,0
492473,492473,492477,4,0
492343,492365,492478,113,22
492473,492473,492477,4,0
492473,492473,492477,4,0
492473,492473,492478,5,0
492473,492477,492478,1,4
492473,492473,492478,5,0
492473,492477,492478,1,4
492473,492473,492478,5,0
492473,492473,492478,5,0
492350,492381,492478,97,31
492349,492380,492478,98,31
492351,492384,492478,94,33
492473,492473,492479,6,0
492473,492473,492478,5,0
492473,492473,492479,6,0
492473,492473,492478,5,0
492473,492473,492478,5,0
492473,492473,492478,5,0
492473,492473,492479,6,0
492473,492473,492478,5,0
492473,492473,492478,5,0
492473,492477,492478,1,4
492473,492473,492478,5,0
492473,492473,492479,6,0
492473,492477,492479,2,4
492473,492473,492478,5,0
492473,492477,492478,1,4
492473,492477,492478,1,4
492473,492473,492479,6,0
492473,492473,492479,6,0
492354,492396,492479,83,42
492351,492385,492480,95,34
492358,492437,492480,43,79
492473,492473,492479,6,0
492473,492473,492480,7,0
492473,492477,492479,2,4
492473,492473,492479,6,0
492473,492477,492479,2,4
492473,492473,492479,6,0
492473,492478,492480,2,5
492473,492479,492480,1,6
492473,492473,492479,6,0
492473,492478,492480,2,5
492473,492478,492480,2,5
492473,492478,492480,2,5
492473,492478,492479,1,5
492473,492478,492480,2,5
492473,492478,492480,2,5
492473,492478,492480,2,5
492473,492480,492481,1,7
492473,492473,492481,8,0
492473,492473,492481,8,0
492473,492478,492481,3,5
492473,492473,492481,8,0
492473,492473,492481,8,0
492473,492479,492481,2,6
492352,492386,492481,95,34
492473,492479,492480,1,6
492349,492379,492481,102,30
492347,492376,492481,105,29
492473,492473,492481,8,0
492473,492473,492482,9,0
492473,492479,492482,3,6
492473,492479,492482,3,6
492353,492388,492482,94,35
492473,492479,492481,2,6
492473,492478,492481,3,5
492473,492479,492482,3,6
492473,492479,492482,3,6
492473,492479,492482,3,6
492350,492382,492482,100,32
492343,492366,492482,116,23
492347,492376,492483,107,29
492346,492372,492482,110,26
492352,492385,492483,98,33
492358,492431,492483,52,73
492351,492384,492483,99,33
492354,492395,492483,88,41
492357,492425,492483,58,68
492473,492473,492484,11,0
492473,492479,492484,5,6
492473,492473,492484,11,0
492473,492473,492483,10,0
492357,492429,492484,55,72
492345,492370,492484,114,25
492348,492376,492484,108,28
492351,492384,492484,100,33
492353,492390,492485,95,37
492349,492380,492485,105,31
492347,492376,492486,110,29
492352,492387,492485,98,35
492353,492392,492486,94,39
492353,492392,492486,94,39
492349,492380,492488,108,31
492352,492386,492487,101,34
492353,492388,492488,100,35
492349,492378,492488,110,29
492348,492378,492489,111,30
492350,492383,492488,105,33
492354,492396,492489,93,42
492353,492389,492489,100,36
492351,492385,492490,105,34
492354,492398,492491,93,44
492353,492390,492491,101,37
492352,492386,492492,106,34
492354,492393,492493,100,39
492357,492429,492493,64,72
492380,492445,492494,49,65
492496,492496,492497,1,0
492382,492451,492497,46,69
492354,492397,492496,99,43
492358,492431,492497,66,73
492354,492396,492497,101,42
492496,492496,492497,1,0
492496,492496,492497,1,0
492496,492496,492497,1,0
492496,492496,492497,1,0
492356,492412,492498,86,56
492496,492496,492499,3,0
492496,492497,492499,2,1
492382,492451,492499,48,69
492496,492496,492499,3,0
492496,492496,492499,3,0
492496,492498,492499,1,2
492496,492498,492499,1,2
492496,492498,492499,1,2
492496,492498,492499,1,2
492381,492445,492500,55,64
492496,492496,492500,4,0
492496,492496,492501,5,0
492496,492496,492500,4,0
492496,492496,492500,4,0
492496,492496,492501,5,0
492496,492499,492500,1,3
492496,492496,492501,5,0
492496,492499,492500,1,3
492496,492496,492501,5,0
492496,492496,492501,5,0
492496,492496,492501,5,0
492496,492496,492501,5,0
492496,492496,492501,5,0
492496,492496,492501,5,0
492496,492500,492502,2,4
492496,492496,492501,5,0
492496,492496,492501,5,0
492496,492496,492502,6,0
492496,492500,492502,2,4
492496,492496,492501,5,0
492496,492496,492501,5,0
492496,492500,492501,1,4
492496,492496,492501,5,0
492496,492500,492501,1,4
492382,492450,492502,52,68
492496,492496,492502,6,0
492496,492496,492502,6,0
492496,492496,492503,7,0
492496,492496,492502,6,0
492496,492496,492502,6,0
492496,492496,492503,7,0
492496,492501,492502,1,5
492496,492501,492503,2,5
492496,492501,492503,2,5
492496,492501,492502,1,5
492496,492502,492503,1,6
492496,492502,492503,1,6
492496,492502,492503,1,6
492496,492502,492503,1,6
492496,492502,492503,1,6
492496,492501,492502,1,5
492496,492501,492502,1,5
492496,492502,492503,1,6
492496,492501,492502,1,5
492496,492502,492503,1,6
492496,492502,492503,1,6
492357,492428,492503,75,71
492496,492496,492503,7,0
492496,492496,492503,7,0
492496,492496,492503,7,0
492496,492500,492503,3,4
492496,492496,492503,7,0
492496,492496,492503,7,0
492496,492500,492503,3,4
492496,492502,492503,1,6
492496,492502,492503,1,6
492358,492434,492504,70,76
492496,492502,492503,1,6
492359,492439,492504,65,80
492496,492496,492505,9,0
492496,492501,492505,4,5
492496,492502,492505,3,6
492496,492502,492504,2,6
492496,492496,492505,9,0
492496,492496,492505,9,0
492496,492496,492505,9,0
492383,492454,492506,52,71
492496,492496,492506,10,0
492496,492502,492506,4,6
492496,492496,492506,10,0
492386,492463,492507,44,77
492384,492457,492508,51,73
492383,492456,492508,52,73
492383,492456,492509,53,73
492358,492435,492510,75,77
492496,492496,492511,15,0
492385,492460,492512,52,75
492357,492421,492512,91,64
492380,492443,492513,70,63
492387,492465,492512,47,78
492381,492445,492513,68,64
492389,492471,492514,43,82
492359,492440,492515,75,81
492382,492453,492517,64,71
492359,492439,492516,77,80
492386,492464,492517,53,78
492388,492466,492519,53,78
492359,492442,492519,77,83
492384,492459,492519,60,75
492389,492471,492521,50,82
492358,492433,492521,88,75
492381,492447,492523,76,66
492358,492435,492523,88,77
492384,492458,492523,65,74
492523,492523,492524,1,0
492523,492523,492524,1,0
492523,492523,492524,1,0
492523,492523,492524,1,0
492523,492523,492524,1,0
492391,492477,492525,48,86
492523,492523,492526,3,0
492358,492437,492526,89,79
492392,492480,492526,46,88
492523,492525,492526,1,2
492523,492525,492526,1,2
492523,492525,492526,1,2
492523,492525,492526,1,2
492523,492525,492526,1,2
492523,492523,492527,4,0
492523,492523,492527,4,0
492523,492523,492528,5,0
492523,492526,492527,1,3
492382,492449,492528,79,67
492523,492523,492528,5,0
492523,492523,492528,5,0
492523,492523,492528,5,0
492523,492523,492528,5,0
492523,492523,492528,5,0
492380,492443,492529,86,63
492523,492523,492528,5,0
492523,492523,492529,6,0
492523,492523,492529,6,0
492523,492527,492529,2,4
492523,492523,492528,5,0
492523,492523,492529,6,0
492523,492527,492529,2,4
492523,492523,492529,6,0
492523,492527,492528,1,4
492523,492527,492529,2,4
492523,492523,492528,5,0
492523,492523,492529,6,0
492523,492527,492528,1,4
492359,492442,492529,87,83
492523,492523,492529,6,0
492523,492523,492529,6,0
492523,492523,492529,6,0
492523,492523,492529,6,0
492523,492523,492529,6,0
492523,492523,492530,7,0
492523,492528,492529,1,5
492523,492523,492529,6,0
492523,492529,492530,1,6
492523,492523,492529,6,0
492523,492529,492530,1,6
492523,492529,492530,1,6
492523,492529,492530,1,6
492523,492528,492529,1,5
492523,492529,492530,1,6
492523,492529,492530,1,6
492523,492523,492531,8,0
492381,492447,492531,84,66
492523,492523,492531,8,0
492523,492529,492531,2,6
492523,492529,492530,1,6
492523,492529,492530,1,6
492523,492528,492530,2,5
492523,492529,492530,1,6
492523,492529,492530,1,6
492523,492529,492531,2,6
492523,492529,492530,1,6
492523,492529,492530,1,6
492523,492523,492531,8,0
492523,492523,492531,8,0
492523,492529,492531,2,6
492523,492529,492531,2,6
492523,492523,492532,9,0
492523,492523,492532,9,0
492523,492529,492532,3,6
492523,492530,492532,2,7
492523,492523,492531,8,0
492523,492529,492531,2,6
492359,492440,492532,92,81
492523,492523,492533,10,0
492523,492528,492533,5,5
492523,492530,492532,2,7
492359,492440,492533,93,81
492359,492441,492533,92,82
492385,492460,492534,74,75
492523,492523,492533,10,0
492523,492523,492534,11,0
492523,492523,492534,11,0
492523,492523,492534,11,0
492394,492483,492536,53,89
492523,492523,492537,14,0
492394,492484,492538,54,90
492380,492445,492538,93,65
492381,492445,492538,93,64
492523,492523,492539,16,0
492381,492447,492540,93,66
492397,492497,492543,46,100
492397,492495,492543,48,98
492385,492460,492546,86,75
492398,492499,492548,49,101
492383,492455,492548,93,72
492383,492453,492548,95,70
492382,492452,492549,97,70
492394,492484,492549,65,90
492382,492453,492549,96,71
492398,492500,492550,50,102
492381,492447,492551,104,66
492383,492455,492552,97,72
492551,492551,492552,1,0
492385,492460,492552,92,75
492551,492551,492553,2,0
492551,492551,492553,2,0
492551,492551,492552,1,0
492551,492551,492553,2,0
492381,492449,492553,104,68
492398,492507,492554,47,109
492383,492455,492554,99,72
492551,492551,492555,4,0
492551,492553,492555,2,2
492551,492554,492555,1,3
492551,492554,492555,1,3
492551,492552,492555,3,1
492551,492554,492556,2,3
492398,492503,492556,53,105
492551,492551,492556,5,0
492386,492461,492557,96,75
492385,492460,492556,96,75
492551,492551,492557,6,0
492551,492551,492557,6,0
492384,492456,492557,101,72
492551,492556,492557,1,5
492551,492551,492558,7,0
492551,492556,492557,1,5
492551,492556,492557,1,5
492551,492556,492557,1,5
492551,492556,492557,1,5
492551,492556,492557,1,5
492382,492451,492557,106,69
492381,492448,492557,109,67
492551,492551,492558,7,0
492551,492551,492558,7,0
492551,492551,492558,7,0
492551,492551,492557,6,0
492399,492508,492558,50,109
492551,492551,492558,7,0
492387,492465,492558,93,78
492551,492551,492558,7,0
492399,492509,492558,49,110
492551,492551,492558,7,0
492551,492551,492558,7,0
492551,492551,492558,7,0
492551,492551,492558,7,0
492551,492551,492558,7,0
492551,492551,492559,8,0
492551,492551,492558,7,0
492386,492464,492558,94,78
492551,492551,492559,8,0
492551,492551,492559,8,0
492551,492551,492559,8,0
492551,492557,492559,2,6
492551,492551,492559,8,0
492386,492461,492559,98,75
492397,492494,492559,65,97
492551,492551,492559,8,0
492551,492558,492560,2,7
492551,492558,492559,1,7
492551,492559,492560,1,8
492551,492558,492560,2,7
492551,492559,492560,1,8
492551,492559,492560,1,8
492551,492551,492559,8,0
492551,492558,492560,2,7
492551,492558,492559,1,7
492551,492559,492560,1,8
492551,492558,492559,1,7
492551,492558,492560,2,7
492551,492559,492560,1,8
492551,492559,492560,1,8
492400,492513,492560,47,113
492551,492551,492560,9,0
492551,492551,492560,9,0
492551,492556,492560,4,5
492551,492551,492560,9,0
492551,492551,492560,9,0
492551,492551,492560,9,0
492551,492560,492561,1,9
492384,492458,492560,102,74
492551,492551,492560,9,0
492551,492558,492560,2,7
492551,492559,492560,1,8
492384,492458,492561,103,74
492399,492508,492561,53,109
492387,492464,492561,97,77
492400,492516,492560,44,116
492400,492518,492561,43,118
492551,492559,492561,2,8
492551,492551,492561,10,0
492551,492559,492562,3,8
492551,492551,492561,10,0
492551,492559,492561,2,8
492551,492559,492562,3,8
492399,492508,492561,53,109
492399,492512,492561,49,113
492384,492457,492561,104,73
492551,492551,492562,11,0
492551,492559,492562,3,8
492386,492463,492563,100,77
492383,492454,492563,109,71
492551,492551,492563,12,0
492551,492551,492563,12,0
492387,492465,492563,98,78
492551,492551,492563,12,0
492551,492559,492563,4,8
492387,492465,492564,99,78
492551,492551,492564,13,0
492384,492458,492564,106,74
492385,492460,492565,105,75
492551,492551,492565,14,0
492397,492498,492566,68,101
492401,492521,492566,45,120
492389,492470,492566,96,81
492551,492551,492566,15,0
492387,492465,492567,102,78
492384,492458,492568,110,74
492387,492465,492569,104,78
492385,492461,492569,108,76
492388,492466,492569,103,78
492386,492464,492571,107,78
492388,492470,492571,101,82
492398,492504,492570,66,106
492390,492474,492571,97,84
492391,492477,492571,94,86
492402,492527,492571,44,125
492400,492519,492571,52,119
492395,492486,492572,86,91
492392,492478,492572,94,86
492387,492466,492573,107,79
492389,492473,492573,100,84
492389,492472,492574,102,83
492393,492483,492574,91,90
492385,492461,492574,113,76
492388,492468,492575,107,80
492389,492470,492576,106,81
492388,492469,492576,107,81
492390,492475,492576,101,85
492392,492479,492578,99,87
492388,492467,492577,110,79
492393,492483,492578,95,90
492403,492537,492579,42,134
492388,492470,492579,109,82
492388,492467,492579,112,79
492392,492478,492579,101,86
492398,492504,492580,76,106
492389,492471,492580,109,82
492393,492482,492580,98,89
492394,492485,492580,95,91
492400,492514,492580,66,114
492390,492475,492581,106,85
492393,492481,492581,100,88
492580,492581,492582,1,1
492401,492526,492581,55,125
492580,492581,492582,1,1
492390,492473,492581,108,83
492391,492477,492581,104,86
492392,492480,492581,101,88
492393,492482,492582,100,89
492580,492581,492582,1,1
492580,492581,492582,1,1
492396,492490,492582,92,94
492580,492581,492582,1,1
492390,492474,492583,109,84
492390,492474,492584,110,84
492580,492583,492584,1,3
492580,492581,492584,3,1
492580,492582,492584,2,2
492390,492473,492584,111,83
492391,492478,492585,107,87
492395,492488,492585,97,93
492580,492582,492584,2,2
492397,492493,492584,91,96
492580,492584,492585,1,4
492580,492583,492585,2,3
492580,492584,492585,1,4
492580,492583,492584,1,3
492395,492485,492585,100,90
492580,492581,492586,5,1
492390,492474,492585,111,84
492394,492485,492585,100,91
492394,492484,492586,102,90
492580,492584,492585,1,4
492404,492544,492587,43,140
492580,492581,492587,6,1
492580,492581,492586,5,1
492580,492581,492586,5,1
492580,492581,492587,6,1
492580,492581,492586,5,1
492580,492585,492587,2,5
492580,492585,492587,2,5
492580,492585,492587,2,5
492580,492585,492587,2,5
492390,492475,492587,112,85
492391,492475,492586,111,84
492580,492585,492587,2,5
492389,492472,492587,115,83
492580,492581,492587,6,1
492580,492581,492588,7,1
492395,492486,492587,101,91
492580,492581,492587,6,1
492580,492581,492588,7,1
492580,492581,492588,7,1
492580,492581,492587,6,1
492392,492480,492588,108,88
492580,492581,492588,7,1
492580,492581,492588,7,1
492401,492524,492588,64,123
492580,492581,492588,7,1
492580,492587,492588,1,7
492392,492479,492588,109,87
492580,492581,492589,8,1
492580,492581,492589,8,1
492580,492581,492588,7,1
492580,492588,492589,1,8
492580,492581,492589,8,1
492580,492581,492589,8,1
492580,492587,492588,1,7
492580,492588,492589,1,8
492580,492589,492590,1,9
492580,492581,492590,9,1
492580,492588,492589,1,8
492580,492588,492589,1,8
492580,492589,492590,1,9
492399,492513,492589,76,114
492580,492588,492589,1,8
492580,492589,492590,1,9
492580,492581,492589,8,1
492398,492499,492589,90,101
492580,492587,492590,3,7
492580,492587,492590,3,7
492580,492587,492590,3,7
492580,492587,492590,3,7
492580,492587,492590,3,7
492580,492588,492590,2,8
492580,492588,492590,2,8
492580,492588,492590,2,8
492391,492476,492590,114,85
492391,492477,492591,114,86
492396,492491,492590,99,95
492580,492581,492590,9,1
492580,492581,492590,9,1
492394,492484,492590,106,90
492580,492589,492590,1,9
492580,492581,492590,9,1
492580,492581,492591,10,1
492580,492581,492591,10,1
492392,492479,492591,112,87
492397,492493,492591,98,96
492580,492586,492591,5,6
492396,492489,492591,102,93
492580,492588,492591,3,8
492393,492483,492590,107,90
492580,492581,492591,10,1
492403,492538,492590,52,135
492401,492520,492592,72,119
492393,492482,492592,110,89
492580,492581,492591,10,1
492580,492581,492592,11,1
492580,492581,492591,10,1
492580,492588,492592,4,8
492580,492581,492592,11,1
492580,492581,492591,10,1
492396,492489,492591,102,93
492396,492489,492592,103,93
492391,492476,492593,117,85
492580,492581,492593,12,1
492580,492581,492593,12,1
492395,492488,492593,105,93
492400,492517,492594,77,117
492398,492498,492594,96,100
492394,492485,492594,109,91
492396,492490,492594,104,94
492398,492504,492594,90,106
492403,492544,492594,50,141
492397,492492,492595,103,95
492395,492486,492595,109,91
492404,492548,492597,49,144
492580,492581,492597,16,1
492389,492471,492596,125,82
492396,492489,492596,107,93
492395,492487,492598,111,92
492401,492519,492599,80,118
492399,492511,492599,88,112
492401,492523,492599,76,122
492393,492483,492600,117,90
492580,492581,492600,19,1
492395,492486,492600,114,91
492580,492581,492601,20,1
492425,492550,492601,51,125
492402,492529,492602,73,127
492397,492497,492603,106,100
492403,492534,492603,69,131
492393,492483,492604,121,90
492426,492556,492604,48,130
492391,492477,492605,128,86
492427,492560,492609,49,133
492400,492516,492609,93,116
492427,492559,492609,50,132
492396,492489,492611,122,93
492426,492555,492610,55,129
492400,492517,492613,96,117
492428,492561,492613,52,133
492427,492559,492614,55,132
492613,492613,492614,1,0
492399,492513,492614,101,114
492428,492561,492614,53,133
492613,492613,492615,2,0
492428,492562,492615,53,134
492613,492613,492615,2,0
492613,492613,492614,1,0
492613,492613,492614,1,0
492402,492531,492615,84,129
492428,492562,492616,54,134
492401,492524,492616,92,123
492613,492614,492616,2,1
492428,492561,492617,56,133
492613,492613,492617,4,0
492613,492613,492617,4,0
492402,492530,492617,87,128
492613,492616,492617,1,3
492613,492617,492618,1,4
492402,492527,492618,91,125
492613,492613,492618,5,0
492613,492613,492618,5,0
492613,492613,492618,5,0
492613,492613,492618,5,0
492613,492616,492618,2,3
492613,492616,492618,2,3
492613,492616,492618,2,3
492613,492613,492619,6,0
492429,492567,492619,52,138
492613,492613,492619,6,0
492613,492617,492619,2,4
492613,492613,492619,6,0
492613,492613,492619,6,0
492613,492613,492619,6,0
492613,492613,492619,6,0
492613,492613,492620,7,0
492613,492618,492619,1,5
492401,492522,492620,98,121
492613,492613,492620,7,0
492613,492613,492619,6,0
492613,492618,492620,2,5
492613,492613,492620,7,0
492613,492613,492620,7,0
492613,492619,492620,1,6
492613,492620,492621,1,7
492613,492613,492621,8,0
492613,492613,492621,8,0
492613,492619,492620,1,6
492613,492620,492621,1,7
492613,492613,492620,7,0
492613,492619,492620,1,6
492613,492620,492621,1,7
492613,492620,492621,1,7
492613,492618,492620,2,5
492613,492620,492621,1,7
492613,492620,492621,1,7
492613,492613,492621,8,0
492613,492613,492621,8,0
492613,492619,492621,2,6
492613,492621,492622,1,8
492613,492619,492621,2,6
492403,492534,492621,87,131
492613,492613,492621,8,0
492613,492621,492622,1,8
492613,492621,492622,1,8
492613,492621,492622,1,8
492613,492620,492621,1,7
492613,492613,492622,9,0
492431,492572,492622,50,141
492613,492613,492622,9,0
492613,492619,492622,3,6
492613,492620,492622,2,7
492402,492528,492622,94,126
492613,492620,492622,2,7
492613,492619,492622,3,6
492613,492620,492622,2,7
492613,492613,492622,9,0
492613,492621,492622,1,8
492613,492613,492623,10,0
492613,492620,492623,3,7
492431,492572,492623,51,141
492613,492613,492624,11,0
492613,492620,492623,3,7
492613,492613,492623,10,0
492613,492619,492623,4,6
492613,492613,492624,11,0
492613,492613,492624,11,0
492613,492613,492624,11,0
492402,492533,492625,92,131
492402,492534,492626,92,132
492403,492541,492626,85,138
492613,492613,492627,14,0
492613,492613,492627,14,0
492613,492613,492627,14,0
492613,492613,492627,14,0
492425,492550,492628,78,125
492613,492613,492628,15,0
492613,492613,492629,16,0
492613,492613,492629,16,0
492403,492538,492632,94,135
492403,492539,492632,93,136
492436,492587,492633,46,151
492404,492547,492635,88,143
492433,492581,492636,55,148
492427,492560,492636,76,133
492404,492550,492636,86,146
492404,492549,492637,88,145
492434,492582,492638,56,148
492640,492640,492642,2,0
492640,492640,492642,2,0
492640,492640,492642,2,0
492640,492640,492642,2,0
492640,492640,492642,2,0
492640,492640,492642,2,0
492425,492551,492642,91,126
492404,492548,492643,95,144
492438,492592,492644,52,154
492640,492641,492644,3,1
492640,492643,492645,2,3
492640,492642,492644,2,2
492640,492641,492646,5,1
492640,492641,492646,5,1
492640,492643,492646,3,3
492428,492561,492646,85,133
492440,492595,492645,50,155
492640,492643,492645,2,3
492430,492571,492646,75,141
492640,492641,492645,4,1
492640,492645,492646,1,5
492640,492643,492645,2,3
492640,492641,492646,5,1
492640,492641,492647,6,1
492640,492641,492647,6,1
492640,492641,492646,5,1
492426,492557,492646,89,131
492440,492597,492646,49,157
492640,492641,492646,5,1
492640,492643,492646,3,3
492427,492559,492646,87,132
492640,492641,492647,6,1
492640,492641,492647,6,1
492640,492641,492647,6,1
492640,492645,492646,1,5
492640,492641,492648,7,1
492640,492641,492647,6,1
492640,492641,492648,7,1
492640,492641,492647,6,1
492640,492646,492647,1,6
492640,492646,492647,1,6
492640,492647,492648,1,7
492640,492647,492648,1,7
492429,492567,492647,80,138
492640,492641,492648,7,1
492640,492646,492648,2,6
492640,492646,492648,2,6
492640,492641,492648,7,1
492640,492641,492648,7,1
492640,492646,492648,2,6
492640,492648,492649,1,8
492640,492641,492648,7,1
492640,492641,492648,7,1
492640,492641,492649,8,1
492640,492648,492649,1,8
492640,492648,492649,1,8
492640,492641,492648,7,1
492640,492648,492649,1,8
492640,492641,492649,8,1
492640,492641,492649,8,1
492640,492641,492649,8,1
492640,492649,492650,1,9
492640,492641,492650,9,1
492640,492647,492649,2,7
492640,492648,492649,1,8
492640,492648,492649,1,8
492441,492602,492649,47,161
492640,492646,492649,3,6
492640,492647,492649,2,7
492640,492646,492649,3,6
492640,492647,492650,3,7
492425,492552,492649,97,127
492640,492648,492649,1,8
492640,492648,492649,1,8
492640,492648,492649,1,8
492640,492641,492650,9,1
492640,492641,492650,9,1
492640,492641,492651,10,1
492640,492648,492650,2,8
492429,492564,492651,87,135
492640,492641,492651,10,1
492640,492641,492651,10,1
492640,492641,492652,11,1
492425,492554,492651,97,129
492640,492647,492653,6,7
492427,492560,492652,92,133
492425,492550,492653,103,125
492426,492558,492653,95,132
492640,492641,492653,12,1
492640,492645,492653,8,5
492640,492641,492654,13,1
492430,492568,492654,86,138
492433,492581,492655,74,148
492429,492564,492654,90,135
492640,492641,492654,13,1
492426,492557,492655,98,131
492437,492589,492656,67,152
492426,492558,492656,98,132
492427,492559,492656,97,132
492426,492555,492657,102,129
492442,492609,492657,48,167
492434,492582,492659,77,148
492640,492641,492659,18,1
492438,492592,492660,68,154
492640,492641,492660,19,1
492442,492605,492661,56,163
492427,492558,492661,103,131
492425,492553,492662,109,128
492427,492561,492664,103,134
492443,492615,492664,49,172
492433,492581,492663,82,148
492443,492613,492665,52,170
492443,492616,492665,49,173
492442,492610,492665,55,168
492442,492611,492666,55,169
492437,492590,492666,76,153
492429,492564,492666,102,135
492428,492561,492667,106,133
492432,492575,492667,92,143
492429,492564,492668,104,135
492443,492614,492667,53,171
492439,492594,492668,74,155
492444,492617,492670,53,173
492445,492620,492669,49,175
492429,492565,492672,107,136
492671,492671,492672,1,0
492430,492569,492672,103,139
492445,492617,492673,56,172
492431,492572,492673,101,141
492671,492671,492673,2,0
492671,492671,492672,1,0
492671,492671,492672,1,0
492671,492671,492673,2,0
492671,492671,492674,3,0
492441,492600,492673,73,159
492429,492566,492674,108,137
492430,492570,492674,104,140
492446,492624,492674,50,178
492671,492673,492674,1,2
492671,492674,492675,1,3
492430,492571,492675,104,141
492433,492581,492675,94,148
492430,492569,492675,106,139
492671,492671,492676,5,0
492671,492671,492676,5,0
492671,492674,492676,2,3
492671,492674,492676,2,3
492671,492675,492677,2,4
492671,492674,492676,2,3
492671,492674,492676,2,3
492671,492671,492677,6,0
492671,492671,492677,6,0
492671,492671,492677,6,0
492671,492671,492677,6,0
492671,492671,492677,6,0
492671,492671,492677,6,0
492431,492572,492677,105,141
492671,492676,492677,1,5
492671,492677,492678,1,6
492671,492671,492677,6,0
492431,492572,492678,106,141
492431,492574,492677,103,143
492671,492677,492678,1,6
492432,492576,492678,102,144
492671,492671,492678,7,0
492671,492671,492678,7,0
492671,492671,492678,7,0
492445,492623,492678,55,178
492671,492671,492678,7,0
492671,492671,492678,7,0
492671,492671,492678,7,0
492441,492604,492678,74,163
492671,492677,492679,2,6
492671,492671,492678,7,0
492671,492677,492678,1,6
492671,492677,492678,1,6
492432,492575,492678,103,143
492671,492671,492678,7,0
492671,492678,492679,1,7
492671,492677,492678,1,6
492671,492678,492679,1,7
492671,492671,492679,8,0
492671,492677,492678,1,6
492671,492678,492679,1,7
492671,492671,492679,8,0
492671,492671,492679,8,0
492671,492671,492679,8,0
492671,492678,492679,1,7
492671,492678,492679,1,7
492432,492577,492679,102,145
492435,492583,492680,97,148
492671,492678,492680,2,7
492671,492678,492680,2,7
492431,492572,492680,108,141
492671,492671,492680,9,0
492671,492679,492680,1,8
492671,492679,492680,1,8
492671,492671,492679,8,0
492671,492678,492679,1,7
492671,492671,492680,9,0
492671,492671,492680,9,0
492671,492671,492680,9,0
492671,492678,492680,2,7
492671,492671,492680,9,0
492671,492679,492680,1,8
492671,492679,492680,1,8
492671,492679,492680,1,8
492671,492679,492680,1,8
492671,492679,492681,2,8
492671,492678,492680,2,7
492671,492679,492681,2,8
492432,492578,492681,103,146
492671,492671,492681,10,0
492671,492671,492681,10,0
492671,492679,492681,2,8
492671,492679,492681,2,8
492671,492671,492681,10,0
492671,492671,492682,11,0
492428,492562,492681,119,134
492671,492671,492682,11,0
492671,492671,492682,11,0
492447,492634,492682,48,187
492671,492671,492683,12,0
492435,492583,492683,100,148
492671,492671,492683,12,0
492429,492567,492683,116,138
492671,492671,492683,12,0
492430,492569,492684,115,139
492433,492578,492683,105,145
492671,492671,492684,13,0
492671,492671,492685,14,0
492432,492577,492684,107,145
492430,492571,492685,114,141
492435,492585,492686,101,150
492434,492581,492686,105,147
492434,492582,492687,105,148
492436,492586,492687,101,150
492433,492581,492687,106,148
492436,492588,492688,100,152
492433,492581,492688,107,148
492436,492588,492688,100,152
492432,492575,492689,114,143
492435,492585,492690,105,150
492432,492575,492690,115,143
492435,492585,492690,105,150
492447,492636,492690,54,189
492438,492592,492691,99,154
492438,492592,492692,100,154
492434,492581,492691,110,147
492435,492582,492691,109,147
492436,492586,492692,106,150
492448,492647,492692,45,199
492437,492590,492693,103,153
492442,492611,492692,81,169
492435,492585,492693,108,150
492438,492591,492693,102,153
492435,492584,492694,110,149
492438,492591,492694,103,153
492440,492597,492694,97,157
492437,492591,492694,103,154
492438,492591,492694,103,153
492431,492573,492695,122,142
492434,492582,492695,113,148
492433,492579,492696,117,146
492434,492582,492696,114,148
492437,492589,492695,106,152
492449,492650,492696,46,201
492696,492696,492697,1,0
492447,492639,492697,58,192
492696,492696,492697,1,0
492696,492696,492697,1,0
492696,492696,492698,2,0
492441,492603,492698,95,162
492696,492696,492698,2,0
492437,492588,492698,110,151
492437,492589,492699,110,152
492448,492646,492699,53,198
492439,492595,492699,104,156
492696,492698,492699,1,2
492696,492698,492699,1,2
492696,492696,492699,3,0
492438,492592,492700,108,154
492436,492588,492699,111,152
492696,492699,492700,1,3
492696,492698,492700,2,2
492696,492699,492700,1,3
492439,492595,492700,105,156
492436,492586,492701,115,150
492440,492596,492700,104,156
492696,492696,492701,5,0
492696,492696,492702,6,0
492696,492700,492701,1,4
492696,492696,492702,6,0
492696,492696,492702,6,0
492696,492700,492701,1,4
492438,492591,492701,110,153
492439,492593,492702,109,154
492696,492700,492701,1,4
492696,492701,492702,1,5
492696,492701,492702,1,5
492696,492701,492702,1,5
492439,492594,492702,108,155
492435,492584,492701,117,149
492696,492696,492702,6,0
492696,492696,492702,6,0
492696,492696,492702,6,0
492696,492696,492702,6,0
492696,492696,492702,6,0
492696,492696,492702,6,0
492696,492696,492702,6,0
492696,492696,492702,6,0
492696,492702,492703,1,6
492696,492702,492703,1,6
492696,492702,492703,1,6
492696,492702,492703,1,6
492696,492696,492702,6,0
492696,492696,492702,6,0
492696,492702,492703,1,6
492696,492702,492703,1,6
492437,492591,492702,111,154
492439,492593,492703,110,154
492436,492586,492703,117,150
492439,492594,492702,108,155
492696,492696,492703,7,0
492696,492696,492703,7,0
492696,492696,492703,7,0
492448,492645,492703,58,197
492696,492696,492703,7,0
492696,492703,492704,1,7
492696,492696,492704,8,0
492696,492702,492703,1,6
492696,492702,492703,1,6
492696,492702,492703,1,6
492439,492593,492703,110,154
492696,492696,492703,7,0
492696,492696,492703,7,0
492696,492703,492704,1,7
492696,492696,492703,7,0
492696,492703,492704,1,7
492696,492703,492704,1,7
492696,492696,492704,8,0
492696,492696,492704,8,0
492696,492702,492704,2,6
492696,492703,492704,1,7
492696,492696,492705,9,0
492696,492696,492704,8,0
492696,492696,492704,8,0
492440,492596,492705,109,156
492440,492599,492705,106,159
492441,492603,492705,102,162
492696,492703,492705,2,7
492696,492703,492704,1,7
492442,492610,492705,95,168
492696,492696,492705,9,0
492696,492703,492705,2,7
492696,492703,492705,2,7
492696,492703,492705,2,7
492696,492703,492705,2,7
492696,492703,492705,2,7
492696,492696,492705,9,0
492446,492628,492706,78,182
492696,492696,492706,10,0
492440,492597,492706,109,157
492445,492620,492706,86,175
492696,492696,492706,10,0
492696,492696,492707,11,0
492696,492696,492706,10,0
492442,492604,492707,103,162
492440,492599,492707,108,159
492696,492703,492707,4,7
492696,492703,492707,4,7
492696,492696,492708,12,0
492696,492696,492708,12,0
492696,492696,492709,13,0
492443,492613,492709,96,170
492441,492600,492709,109,159
492696,492696,492710,14,0
492441,492599,492710,111,158
492696,492696,492711,15,0
492446,492632,492711,79,186
492447,492636,492712,76,189
492445,492622,492713,91,177
492443,492616,492714,98,173
492471,492662,492715,53,191
492472,492664,492715,51,192
492441,492600,492715,115,159
492446,492627,492715,88,181
492447,492636,492716,80,189
492471,492658,492715,57,187
492442,492605,492717,112,163
492439,492594,492716,122,155
492444,492617,492718,101,173
492472,492666,492719,53,194
492472,492665,492720,55,193
492434,492582,492720,138,148
492445,492618,492721,103,173
492473,492670,492721,51,197
492445,492623,492721,98,178
492450,492655,492723,68,205
492473,492668,492723,55,195
492723,492723,492724,1,0
492723,492723,492724,1,0
492448,492646,492723,77,198
492445,492618,492723,105,173
492447,492643,492724,81,196
492443,492615,492724,109,172
492449,492651,492725,74,202
492723,492723,492724,1,0
492723,492723,492724,1,0
492723,492723,492724,1,0
492446,492626,492725,99,180
492472,492667,492725,58,195
492447,492638,492725,87,191
492472,492666,492726,60,194
492723,492723,492726,3,0
492723,492725,492726,1,2
492723,492725,492726,1,2
492723,492724,492726,2,1
492473,492670,492726,56,197
492723,492723,492727,4,0
492723,492724,492726,2,1
492723,492725,492727,2,2
492723,492726,492727,1,3
492474,492675,492727,52,201
492448,492644,492728,84,196
492723,492723,492727,4,0
492723,492723,492728,5,0
492723,492723,492728,5,0
492723,492723,492727,4,0
492723,492723,492728,5,0
492723,492726,492728,2,3
492723,492726,492727,1,3
492723,492727,492728,1,4
492723,492723,492728,5,0
492723,492726,492728,2,3
492723,492723,492728,5,0
492446,492627,492729,102,181
492723,492723,492728,5,0
492723,492723,492728,5,0
492723,492723,492729,6,0
492723,492723,492728,5,0
492723,492723,492729,6,0
492471,492661,492729,68,190
492723,492723,492728,5,0
492723,492723,492729,6,0
492723,492728,492729,1,5
492723,492723,492729,6,0
492723,492723,492729,6,0
492723,492728,492730,2,5
492723,492728,492729,1,5
492723,492723,492730,7,0
492723,492729,492730,1,6
492723,492723,492729,6,0
492723,492723,492730,7,0
492723,492723,492730,7,0
492723,492728,492730,2,5
492723,492729,492730,1,6
492723,492723,492729,6,0
492723,492728,492730,2,5
492474,492673,492730,57,199
492723,492727,492729,2,4
492449,492648,492729,81,199
492723,492728,492730,2,5
492723,492730,492731,1,7
492723,492730,492731,1,7
492723,492729,492730,1,6
492723,492729,492730,1,6
492723,492730,492731,1,7
492723,492730,492731,1,7
492723,492723,492730,7,0
492723,492729,492730,1,6
492723,492729,492730,1,6
492723,492729,492730,1,6
492723,492723,492730,7,0
492723,492723,492730,7,0
492723,492729,492730,1,6
492723,492728,492731,3,5
492723,492729,492731,2,6
492723,492723,492732,9,0
492723,492723,492731,8,0
492723,492729,492731,2,6
492447,492637,492731,94,190
492723,492729,492731,2,6
492723,492729,492731,2,6
492446,492634,492732,98,188
492448,492647,492733,86,199
492723,492723,492732,9,0
492723,492723,492733,10,0
492723,492723,492733,10,0
492723,492723,492733,10,0
492450,492657,492733,76,207
492723,492723,492733,10,0
492723,492723,492733,10,0
492723,492723,492735,12,0
492476,492683,492736,53,207
492723,492723,492735,12,0
492723,492723,492736,13,0
492448,492647,492737,90,199
492723,492723,492738,15,0
492475,492679,492738,59,204
492471,492659,492738,79,188
492470,492657,492740,83,187
492723,492723,492740,17,0
492450,492655,492741,86,205
492448,492646,492742,96,198
492480,492693,492742,49,213
492474,492674,492743,69,200
492471,492657,492744,87,186
492482,492697,492744,47,215
492450,492654,492745,91,204
492479,492691,492746,55,212
492472,492667,492746,79,195
492473,492669,492747,78,196
492449,492653,492748,95,204
492482,492698,492748,50,216
492476,492679,492748,69,203
492449,492652,492748,96,203
492449,492650,492750,100,201
492449,492653,492750,97,204
492449,492654,492751,97,205
492482,492700,492752,52,218
492450,492655,492753,98,205
492471,492663,492754,91,192
492472,492664,492754,90,192
492752,492753,492754,1,1
492752,492753,492754,1,1
492752,492753,492754,1,1
492752,492753,492754,1,1
492752,492753,492754,1,1
492752,492753,492755,2,1
492752,492755,492756,1,3
492752,492753,492756,3,1
492752,492755,492757,2,3
492752,492756,492757,1,4
492752,492755,492756,1,3
492752,492755,492756,1,3
492752,492753,492757,4,1
492752,492753,492757,4,1
492752,492753,492757,4,1
492752,492753,492757,4,1
492752,492755,492757,2,3
492752,492753,492757,4,1
492752,492753,492758,5,1
492752,492757,492758,1,5
492752,492756,492757,1,4
492752,492757,492758,1,5
492752,492753,492758,5,1
492472,492667,492758,91,195
492752,492753,492758,5,1
492752,492753,492758,5,1
492752,492753,492758,5,1
492752,492758,492759,1,6
492752,492753,492759,6,1
492752,492753,492759,6,1
492752,492757,492758,1,5
492752,492757,492759,2,5
492471,492658,492759,101,187
492752,492753,492758,5,1
492752,492753,492758,5,1
492752,492758,492759,1,6
492752,492753,492759,6,1
492752,492753,492759,6,1
492752,492758,492759,1,6
492752,492758,492759,1,6
492484,492704,492759,55,220
492752,492753,492759,6,1
492752,492753,492760,7,1
492752,492753,492759,6,1
492752,492753,492759,6,1
492752,492757,492759,2,5
492752,492753,492759,6,1
492752,492758,492759,1,6
492752,492759,492760,1,7
492752,492759,492760,1,7
492752,492759,492760,1,7
492752,492753,492760,7,1
492752,492759,492760,1,7
492752,492759,492760,1,7
492752,492759,492760,1,7
492752,492753,492760,7,1
492752,492753,492760,7,1
492752,492753,492760,7,1
492752,492758,492760,2,6
492752,492758,492760,2,6
492752,492758,492760,2,6
492752,492758,492760,2,6
492752,492758,492760,2,6
492752,492753,492761,8,1
492752,492759,492760,1,7
492752,492759,492761,2,7
492752,492759,492761,2,7
492752,492759,492761,2,7
492752,492759,492762,3,7
492752,492759,492762,3,7
492472,492664,492761,97,192
492752,492759,492762,3,7
492752,492753,492764,11,1
492752,492753,492764,11,1
492752,492753,492765,12,1
492486,492715,492765,50,229
492486,492715,492765,50,229
492475,492676,492765,89,201
492475,492678,492766,88,203
492752,492753,492766,13,1
492752,492753,492767,14,1
492471,492662,492766,104,191
492473,492668,492767,99,195
492752,492753,492767,14,1
492752,492753,492768,15,1
492474,492673,492767,94,199
492752,492753,492768,15,1
492474,492674,492769,95,200
492487,492716,492769,53,229
492475,492676,492771,95,201
492473,492668,492771,103,195
492752,492753,492773,20,1
492752,492753,492772,19,1
492487,492720,492773,53,233
492473,492667,492773,106,194
492488,492720,492775,55,232
492477,492685,492775,90,208
492474,492672,492776,104,198
492475,492676,492776,100,201
492752,492753,492776,23,1
492488,492722,492776,54,234
492488,492724,492777,53,236
492474,492673,492777,104,199
492476,492682,492778,96,206
492476,492680,492778,98,204
492476,492681,492781,100,205
492490,492727,492781,54,237
492489,492725,492782,57,236
492476,492680,492783,103,204
492478,492688,492782,94,210
492490,492731,492784,53,241
492489,492726,492784,58,237
492475,492679,492785,106,204
492477,492684,492785,101,207
492485,492706,492785,79,221
492477,492685,492784,99,208
492478,492688,492785,97,210
492475,492678,492785,107,203
492480,492693,492785,92,213
492490,492728,492787,59,238
492478,492688,492788,100,210
492476,492679,492788,109,203
492481,492697,492788,91,216
492788,492788,492789,1,0
492788,492788,492789,1,0
492788,492788,492789,1,0
492479,492693,492788,95,214
492491,492736,492789,53,245
492788,492788,492789,1,0
492788,492788,492789,1,0
492474,492674,492790,116,200
492479,492691,492791,100,212
492788,492788,492790,2,0
492788,492788,492791,3,0
492788,492790,492791,1,2
492788,492789,492791,2,1
492788,492789,492791,2,1
492475,492678,492791,113,203
492788,492788,492792,4,0
492788,492788,492791,3,0
492788,492788,492792,4,0
492788,492788,492792,4,0
492788,492788,492792,4,0
492788,492791,492792,1,3
492788,492791,492792,1,3
492788,492789,492791,2,1
492788,492791,492792,1,3
492788,492791,492792,1,3
492788,492790,492792,2,2
492788,492791,492792,1,3
492788,492788,492792,4,0
492788,492788,492793,5,0
492788,492788,492793,5,0
492788,492788,492793,5,0
492788,492788,492793,5,0
492788,492788,492793,5,0
492481,492695,492792,97,214
492491,492738,492792,54,247
492788,492788,492792,4,0
492788,492792,492793,1,4
492788,492788,492793,5,0
492788,492788,492793,5,0
492788,492788,492793,5,0
492788,492792,492793,1,4
492788,492788,492793,5,0
492477,492684,492793,109,207
492788,492792,492794,2,4
492788,492792,492794,2,4
492788,492788,492793,5,0
492788,492788,492793,5,0
492788,492788,492793,5,0
492788,492788,492793,5,0
492788,492788,492794,6,0
492477,492686,492793,107,209
492788,492788,492794,6,0
492788,492788,492793,5,0
492788,492788,492793,5,0
492788,492788,492794,6,0
492788,492788,492794,6,0
492492,492745,492793,48,253
492480,492693,492794,101,213
492487,492716,492794,78,229
492788,492792,492793,1,4
492788,492792,492794,2,4
492788,492793,492794,1,5
492788,492788,492794,6,0
492788,492788,492794,6,0
492788,492792,492793,1,4
492788,492793,492794,1,5
492788,492788,492794,6,0
492788,492788,492794,6,0
492788,492788,492794,6,0
492788,492792,492794,2,4
492788,492794,492795,1,6
492788,492793,492795,2,5
492788,492794,492795,1,6
492788,492794,492795,1,6
492788,492792,492794,2,4
492788,492792,492795,3,4
492788,492792,492795,3,4
492788,492792,492794,2,4
492788,492793,492795,2,5
492492,492743,492795,52,251
492788,492788,492794,6,0
492480,492694,492795,101,214
492788,492788,492795,7,0
492788,492793,492795,2,5
492788,492793,492795,2,5
492788,492793,492796,3,5
492788,492793,492795,2,5
492788,492793,492795,2,5
492788,492788,492796,8,0
492479,492692,492796,104,213
492788,492788,492797,9,0
492478,492686,492796,110,208
492480,492694,492798,104,214
492788,492788,492797,9,0
492477,492684,492798,114,207
492479,492691,492797,106,212
492483,492702,492799,97,219
492483,492702,492799,97,219
492481,492696,492800,104,215
492480,492693,492800,107,213
492788,492788,492801,13,0
492482,492699,492801,102,217
492486,492713,492800,87,227
492490,492729,492800,71,239
492488,492723,492801,78,235
492479,492690,492801,111,211
492479,492692,492801,109,213
492493,492746,492801,55,253
492482,492700,492802,102,218
492481,492697,492802,105,216
492488,492724,492802,78,236
492483,492701,492804,103,218
492484,492703,492803,100,219
492476,492680,492805,125,204
492480,492695,492805,110,215
492477,492686,492806,120,209
492490,492731,492806,75,241
492478,492690,492807,117,212
492478,492689,492807,118,211
492480,492695,492808,113,215
492486,492712,492808,96,226
492494,492752,492808,56,258
492479,492691,492808,117,212
492478,492688,492809,121,210
492483,492700,492809,109,217
492485,492707,492809,102,222
492481,492696,492812,116,215
492491,492734,492812,78,243
492482,492700,492811,111,218
492487,492715,492812,97,228
492493,492749,492812,63,256
492811,492811,492812,1,0
492811,492811,492812,1,0
492811,492811,492812,1,0
492496,492765,492812,47,269
492517,492770,492812,42,253
492484,492703,492812,109,219
492481,492697,492813,116,216
492811,492811,492813,2,0
492811,492811,492813,2,0
492482,492699,492814,115,217
492485,492706,492813,107,221
492811,492813,492815,2,2
492811,492811,492814,3,0
492483,492702,492814,112,219
492492,492742,492815,73,250
492485,492706,492815,109,221
492811,492811,492815,4,0
492811,492811,492815,4,0
492811,492814,492816,2,3
492811,492811,492815,4,0
492811,492813,492815,2,2
492811,492813,492815,2,2
492485,492707,492815,108,222
492811,492812,492816,4,1
492811,492811,492816,5,0
492495,492760,492816,56,265
492811,492814,492816,2,3
492811,492816,492817,1,5
492811,492811,492817,6,0
492811,492815,492816,1,4
492811,492816,492817,1,5
492811,492811,492816,5,0
492811,492815,492816,1,4
492811,492816,492817,1,5
492811,492812,492817,5,1
492811,492816,492817,1,5
492481,492695,492816,121,214
492486,492710,492816,106,224
492486,492714,492817,103,228
492483,492702,492816,114,219
492491,492739,492817,78,248
492811,492812,492817,5,1
492811,492812,492817,5,1
492811,492811,492817,6,0
492811,492812,492818,6,1
492811,492812,492817,5,1
492811,492811,492817,6,0
492811,492811,492817,6,0
492811,492811,492817,6,0
492811,492816,492817,1,5
492811,492811,492818,7,0
492811,492817,492818,1,6
492811,492817,492818,1,6
492811,492817,492818,1,6
492811,492817,492818,1,6
492811,492817,492818,1,6
492811,492811,492817,6,0
492811,492817,492818,1,6
492811,492812,492818,6,1
492493,492749,492818,69,256
492811,492812,492818,6,1
492489,492726,492818,92,237
492811,492817,492819,2,6
492487,492718,492819,101,231
492811,492818,492819,1,7
492811,492817,492818,1,6
492811,492817,492819,2,6
492811,492811,492819,8,0
492811,492817,492819,2,6
492811,492817,492819,2,6
492811,492811,492818,7,0
492487,492717,492819,102,230
492482,492700,492819,119,218
492811,492811,492819,8,0
492811,492811,492819,8,0
492811,492816,492819,3,5
492484,492706,492819,113,222
492811,492811,492819,8,0
492811,492818,492820,2,7
492486,492711,492820,109,225
492811,492818,492819,1,7
492811,492818,492819,1,7
492811,492818,492820,2,7
492811,492811,492820,9,0
492811,492811,492820,9,0
492811,492818,492819,1,7
492811,492812,492820,8,1
492811,492812,492820,8,1
492811,492811,492820,9,0
492811,492818,492820,2,7
492811,492818,492820,2,7
492811,492811,492821,10,0
492811,492817,492820,3,6
492484,492704,492820,116,220
492488,492721,492821,100,233
492488,492722,492821,99,234
492811,492811,492821,10,0
492811,492811,492821,10,0
492811,492811,492821,10,0
492811,492811,492821,10,0
492811,492811,492821,10,0
492811,492818,492821,3,7
492811,492818,492821,3,7
492478,492688,492822,134,210
492811,492811,492822,11,0
492811,492811,492823,12,0
492489,492725,492823,98,236
492487,492718,492824,106,231
492493,492747,492823,76,254
492492,492744,492823,79,252
492517,492776,492824,48,259
492485,492710,492825,115,225
492481,492695,492825,130,214
492486,492714,492825,111,228
492496,492766,492825,59,270
492488,492722,492825,103,234
492484,492706,492825,119,222
492484,492703,492827,124,219
492483,492701,492828,127,218
492489,492724,492828,104,235
492487,492715,492828,113,228
492485,492708,492828,120,223
492519,492782,492829,47,263
492489,492724,492830,106,235
492483,492701,492830,129,218
492491,492733,492832,99,242
492492,492742,492832,90,250
492490,492728,492832,104,238
492491,492732,492832,100,241
492518,492778,492834,56,260
492492,492741,492835,94,249
492495,492755,492834,79,260
492834,492834,492835,1,0
492493,492746,492835,89,253
492493,492748,492835,87,255
492517,492773,492835,62,256
492834,492834,492836,2,0
492834,492834,492835,1,0
492834,492834,492835,1,0
492834,492834,492835,1,0
492489,492724,492836,112,235
492834,492834,492837,3,0
492489,492725,492836,111,236
492490,492729,492837,108,239
492491,492733,492838,105,242
492493,492748,492838,90,255
492834,492836,492838,2,2
492834,492836,492838,2,2
492834,492834,492838,4,0
492485,492707,492838,131,222
492518,492777,492839,62,259
492834,492834,492839,5,0
492834,492834,492839,5,0
492834,492834,492839,5,0
492834,492834,492839,5,0
492834,492835,492839,4,1
492834,492836,492839,3,2
492834,492837,492839,2,3
492519,492785,492839,54,266
492834,492836,492839,3,2
492492,492744,492839,95,252
492834,492834,492839,5,0
492834,492834,492840,6,0
492834,492834,492839,5,0
492834,492834,492840,6,0
492834,492834,492840,6,0
492834,492834,492839,5,0
492834,492834,492840,6,0
492834,492840,492841,1,6
492834,492834,492840,6,0
492834,492840,492841,1,6
492834,492834,492840,6,0
492834,492839,492840,1,5
492834,492839,492841,2,5
492834,492834,492841,7,0
492834,492834,492841,7,0
492834,492839,492840,1,5
492834,492840,492841,1,6
492834,492834,492841,7,0
492834,492834,492841,7,0
492834,492834,492841,7,0
492834,492834,492841,7,0
492834,492839,492841,2,5
492834,492839,492841,2,5
492834,492834,492841,7,0
492834,492840,492841,1,6
492834,492841,492842,1,7
492834,492841,492842,1,7
492834,492834,492841,7,0
492834,492840,492841,1,6
492834,492841,492842,1,7
492834,492834,492841,7,0
492834,492841,492842,1,7
492834,492841,492842,1,7
492834,492841,492842,1,7
492834,492841,492842,1,7
492834,492834,492842,8,0
492834,492834,492841,7,0
492834,492839,492842,3,5
492834,492834,492842,8,0
492834,492841,492842,1,7
492834,492841,492842,1,7
492834,492841,492842,1,7
492520,492788,492843,55,268
492834,492841,492842,1,7
492834,492841,492842,1,7
492834,492841,492842,1,7
492834,492840,492843,3,6
492834,492840,492843,3,6
492834,492834,492843,9,0
492834,492840,492843,3,6
492834,492834,492843,9,0
492834,492841,492843,2,7
492521,492789,492843,54,268
492522,492794,492844,50,272
492834,492834,492844,10,0
492834,492840,492844,4,6
492834,492834,492844,10,0
492834,492834,492844,10,0
492834,492834,492844,10,0
492495,492754,492844,90,259
492834,492834,492844,10,0
492834,492834,492845,11,0
492834,492834,492845,11,0
492834,492834,492845,11,0
492834,492834,492845,11,0
492491,492737,492845,108,246
492834,492834,492846,12,0
492484,492703,492846,143,219
492519,492785,492846,61,266
492519,492783,492846,63,264
492494,492751,492846,95,257
492522,492796,492850,54,274
492494,492751,492851,100,257
492494,492751,492855,104,257
492524,492802,492855,53,278
492521,492793,492856,63,272
492494,492749,492857,108,255
492518,492776,492857,81,258
492495,492755,492858,103,260
492517,492772,492858,86,255
492495,492759,492859,100,264
492858,492858,492859,1,0
492858,492858,492859,1,0
492858,492858,492859,1,0
492858,492858,492859,1,0
492495,492759,492859,100,264
492528,492813,492859,46,285
492858,492858,492859,1,0
492528,492813,492860,47,285
492858,492858,492862,4,0
492496,492768,492861,93,272
492858,492861,492862,1,3
492858,492860,492862,2,2
492858,492860,492862,2,2
492858,492860,492862,2,2
492858,492860,492862,2,2
492858,492858,492863,5,0
492858,492858,492863,5,0
492858,492858,492863,5,0
492496,492766,492863,97,270
492858,492858,492863,5,0
492858,492863,492864,1,5
492858,492858,492864,6,0
492858,492863,492864,1,5
492858,492863,492864,1,5
492858,492858,492864,6,0
492858,492862,492864,2,4
492858,492858,492864,6,0
492858,492858,492864,6,0
492858,492858,492864,6,0
492858,492858,492865,7,0
492858,492858,492864,6,0
492858,492858,492865,7,0
492858,492863,492864,1,5
492858,492864,492865,1,6
492858,492858,492865,7,0
492858,492858,492865,7,0
492496,492768,492865,97,272
492858,492863,492864,1,5
492858,492858,492865,7,0
492858,492858,492865,7,0
492858,492858,492865,7,0
492858,492858,492865,7,0
492858,492864,492865,1,6
492858,492864,492865,1,6
492858,492864,492865,1,6
492858,492865,492866,1,7
492858,492864,492866,2,6
492858,492864,492865,1,6
492858,492865,492866,1,7
492858,492865,492866,1,7
492858,492858,492866,8,0
492858,492858,492865,7,0
492858,492865,492866,1,7
492858,492864,492865,1,6
492858,492864,492865,1,6
492858,492865,492866,1,7
492858,492858,492866,8,0
492858,492864,492865,1,6
492858,492864,492865,1,6
492858,492865,492866,1,7
492858,492858,492866,8,0
492858,492858,492866,8,0
492858,492858,492867,9,0
492858,492858,492866,8,0
492858,492858,492866,8,0
492858,492865,492867,2,7
492858,492858,492866,8,0
492858,492865,492867,2,7
492496,492767,492866,99,271
492858,492865,492866,1,7
492858,492865,492866,1,7
492858,492865,492867,2,7
492858,492858,492867,9,0
492858,492866,492868,2,8
492858,492858,492868,10,0
492858,492858,492868,10,0
492858,492858,492868,10,0
492858,492858,492868,10,0
492858,492866,492868,2,8
492858,492866,492868,2,8
492858,492858,492868,10,0
492858,492858,492868,10,0
492518,492779,492868,89,261
492517,492769,492869,100,252
492858,492858,492869,11,0
492858,492858,492869,11,0
492858,492858,492870,12,0
492858,492858,492870,12,0
492527,492813,492870,57,286
492519,492785,492870,85,266
492526,492809,492871,62,283
492517,492774,492872,98,257
492520,492786,492872,86,266
492522,492794,492872,78,272
492495,492762,492874,112,267
492518,492777,492874,97,259
492496,492767,492875,108,271
492532,492825,492875,50,293
492533,492830,492874,44,297
492529,492817,492876,59,288
492519,492783,492875,92,264
492517,492773,492876,103,256
492521,492791,492876,85,270
492518,492779,492877,98,261
492520,492786,492878,92,266
492519,492785,492880,95,266
492520,492786,492881,95,266
492518,492778,492882,104,260
492524,492802,492882,80,278
492518,492777,492883,106,259
492882,492882,492883,1,0
492882,492882,492884,2,0
492882,492882,492883,1,0
492882,492882,492883,1,0
492882,492882,492884,2,0
492519,492783,492885,102,264
492882,492882,492886,4,0
492882,492884,492887,3,2
492882,492885,492886,1,3
492882,492885,492886,1,3
492882,492885,492886,1,3
492532,492825,492887,62,293
492882,492882,492887,5,0
492882,492882,492888,6,0
492882,492882,492888,6,0
492882,492882,492887,5,0
492882,492887,492888,1,5
492521,492789,492887,98,268
492882,492882,492888,6,0
492882,492886,492887,1,4
492882,492887,492888,1,5
492882,492882,492889,7,0
492882,492883,492888,5,1
492882,492882,492888,6,0
492882,492882,492888,6,0
492520,492788,492888,100,268
492882,492882,492888,6,0
492882,492882,492889,7,0
492882,492887,492888,1,5
492882,492882,492889,7,0
492882,492882,492889,7,0
492882,492885,492888,3,3
492882,492887,492888,1,5
492882,492882,492888,6,0
492882,492882,492889,7,0
492882,492882,492889,7,0
492882,492883,492889,6,1
492882,492883,492889,6,1
492882,492882,492889,7,0
492882,492888,492889,1,6
492882,492889,492890,1,7
492882,492889,492890,1,7
492536,492843,492889,46,307
492882,492888,492889,1,6
492882,492889,492890,1,7
492882,492889,492890,1,7
492882,492889,492890,1,7
492882,492889,492890,1,7
492521,492789,492890,101,268
492882,492888,492890,2,6
492882,492888,492890,2,6
492882,492889,492890,1,7
492524,492802,492890,88,278
492882,492883,492890,7,1
492882,492889,492890,1,7
492882,492889,492891,2,7
492882,492889,492890,1,7
492882,492883,492890,7,1
492882,492883,492890,7,1
492882,492890,492891,1,8
492520,492785,492891,106,265
492882,492889,492890,1,7
492882,492889,492890,1,7
492882,492889,492891,2,7
492882,492888,492891,3,6
492882,492889,492891,2,7
492882,492883,492891,8,1
492882,492890,492892,2,8
492882,492882,492892,10,0
492882,492882,492891,9,0
492882,492890,492892,2,8
492882,492889,492891,2,7
492520,492788,492892,104,268
492521,492791,492892,101,270
492562,492887,492892,5,325
492523,492799,492892,93,276
492882,492882,492892,10,0
492882,492890,492892,2,8
492882,492882,492893,11,0
492882,492890,492892,2,8
492882,492882,492893,11,0
492882,492883,492893,10,1
492882,492882,492893,11,0
492882,492882,492893,11,0
492562,492883,492893,10,321
492525,492803,492894,91,278
492537,492847,492894,47,310
492532,492824,492894,70,292
492521,492793,492895,102,272
492882,492882,492894,12,0
492524,492801,492894,93,277
492562,492885,492894,9,323
492530,492818,492895,77,288
492882,492882,492895,13,0
492882,492882,492895,13,0
492520,492785,492895,110,265
492536,492840,492895,55,304
492882,492882,492896,14,0
492882,492882,492896,14,0
492882,492882,492896,14,0
492562,492888,492897,9,326
492526,492807,492896,89,281
492563,492890,492897,7,327
492534,492834,492897,63,300
492535,492836,492897,61,301
492563,492893,492897,4,330
492882,492882,492897,15,0
492525,492803,492898,95,278
492519,492781,492898,117,262
492525,492805,492898,93,280
492563,492891,492898,7,328
492523,492797,492899,102,274
492563,492889,492899,10,326
492563,492891,492899,8,328
492535,492836,492899,63,301
492536,492844,492900,56,308
492531,492823,492899,76,292
492564,492895,492900,5,331
492537,492847,492899,52,310
492522,492794,492900,106,272
492523,492800,492900,100,277
492563,492891,492900,9,328
492536,492839,492900,61,303
492523,492797,492900,103,274
492565,492896,492901,5,331
492524,492802,492901,99,278
492563,492892,492901,9,329
492564,492895,492901,6,331
492536,492844,492901,57,308
492527,492812,492901,89,285
492564,492895,492902,7,331
492563,492893,492902,9,330
492530,492819,492903,84,289
492565,492896,492903,7,331
492524,492801,492902,101,277
492565,492898,492902,4,333
492565,492898,492902,4,333
492564,492893,492902,9,329
492565,492898,492902,4,333
492566,492898,492903,5,332
492564,492894,492903,9,330
492564,492895,492904,9,331
492522,492794,492904,110,272
492565,492897,492904,7,332
492564,492895,492904,9,331
492564,492895,492904,9,331
492565,492896,492904,8,331
492523,492799,492904,105,276
492531,492824,492904,80,293
492567,492900,492905,5,333
492524,492801,492906,105,277
492567,492900,492905,5,333
492565,492897,492906,9,332
492566,492899,492906,7,333
492567,492901,492906,5,334
492566,492899,492906,7,333
492567,492900,492906,6,333
492568,492902,492906,4,334
492566,492900,492907,7,334
492521,492791,492907,116,270
492524,492802,492906,104,278
492567,492900,492907,7,333
492568,492902,492907,5,334
492566,492898,492908,10,332
492569,492903,492908,5,334
492569,492903,492908,5,334
492538,492857,492908,51,319
492569,492903,492908,5,334
492523,492801,492908,107,278
492569,492904,492908,4,335
492526,492808,492909,101,282
492526,492808,492909,101,282
492568,492902,492909,7,334
492568,492902,492909,7,334
492568,492902,492909,7,334
492524,492803,492909,106,279
492567,492901,492909,8,334
492525,492806,492910,104,281
492566,492900,492910,10,334
492567,492901,492910,9,334
492566,492900,492910,10,334
492569,492903,492910,7,334
492569,492903,492910,7,334
492569,492903,492911,8,334
492523,492798,492910,112,275
492568,492902,492911,9,334
492571,492906,492911,5,335
492571,492906,492910,4,335
492567,492900,492911,11,333
492571,492906,492911,5,335
492572,492906,492911,5,334
492525,492806,492912,106,281
492537,492851,492911,60,314
492538,492860,492912,52,322
492570,492905,492912,7,335
492910,492910,492912,2,0
492910,492910,492911,1,0
492572,492907,492912,5,335
492910,492910,492911,1,0
492910,492910,492911,1,0
492910,492910,492912,2,0
492571,492905,492912,7,334
492537,492856,492912,56,319
492527,492812,492912,100,285
492570,492905,492913,8,335
492570,492904,492912,8,334
492568,492902,492913,11,334
492527,492812,492913,101,285
492571,492906,492913,7,335
492523,492799,492914,115,276
492566,492898,492914,16,332
492570,492905,492913,8,335
492573,492909,492913,4,336
492573,492909,492913,4,336
492569,492903,492913,10,334
492572,492907,492913,6,335
492570,492905,492913,8,335
492528,492814,492914,100,286
492573,492909,492914,5,336
492910,492913,492914,1,3
492910,492910,492914,4,0
492910,492913,492914,1,3
492910,492913,492915,2,3
492910,492913,492914,1,3
492567,492901,492914,13,334
492573,492909,492914,5,336
492572,492908,492915,7,336
492573,492908,492915,7,335
492572,492908,492915,7,336
492531,492821,492914,93,290
492572,492907,492915,8,335
492574,492909,492915,6,335
492570,492904,492915,11,334
492910,492910,492915,5,0
492910,492910,492915,5,0
492910,492913,492915,2,3
492910,492910,492915,5,0
492910,492910,492916,6,0
492910,492915,492916,1,5
492576,492912,492916,4,336
492571,492906,492915,9,335
492572,492908,492915,7,336
492573,492909,492916,7,336
492577,492912,492916,4,335
492910,492910,492916,6,0
492910,492910,492916,6,0
492529,492816,492916,100,287
492526,492809,492916,107,283
492570,492905,492916,11,335
492910,492910,492916,6,0
492910,492910,492916,6,0
492910,492910,492916,6,0
492910,492910,492916,6,0
492910,492910,492916,6,0
492576,492912,492916,4,336
492910,492915,492916,1,5
492910,492915,492916,1,5
492910,492910,492917,7,0
492910,492915,492916,1,5
492910,492915,492916,1,5
492576,492911,492916,5,335
492574,492910,492917,7,336
492574,492910,492917,7,336
492528,492815,492917,102,287
492910,492910,492917,7,0
492574,492910,492917,7,336
492522,492794,492917,123,272
492571,492905,492917,12,334
492910,492916,492917,1,6
492910,492910,492917,7,0
492910,492917,492918,1,7
492910,492917,492918,1,7
492910,492910,492917,7,0
492910,492910,492918,8,0
492577,492913,492917,4,336
492577,492913,492918,5,336
492910,492910,492917,7,0
492910,492917,492918,1,7
492910,492916,492918,2,6
492910,492916,492918,2,6
492910,492916,492918,2,6
492527,492809,492918,109,282
492527,492811,492917,106,284
492910,492916,492918,2,6
492910,492910,492918,8,0
492575,492911,492918,7,336
492575,492911,492918,7,336
492910,492910,492919,9,0
492573,492909,492918,9,336
492528,492813,492918,105,285
492910,492917,492918,1,7
492910,492917,492918,1,7
492910,492917,492918,1,7
492910,492910,492919,9,0
492910,492918,492919,1,8
492910,492918,492919,1,8
492910,492918,492919,1,8
492578,492914,492918,4,336
492578,492914,492919,5,336
492576,492912,492919,7,336
492910,492917,492919,2,7
492910,492917,492919,2,7
492910,492917,492918,1,7
492910,492917,492919,2,7
492910,492918,492919,1,8
492910,492917,492918,1,7
492910,492910,492919,9,0
492910,492910,492919,9,0
492539,492861,492919,58,322
492581,492915,492919,4,334
492529,492815,492919,104,286
492579,492914,492919,5,335
492910,492910,492919,9,0
492910,492917,492919,2,7
492574,492910,492919,9,336
492527,492812,492920,108,285
492577,492913,492919,6,336
492575,492910,492919,9,335
492910,492918,492919,1,8
492581,492915,492920,5,334
492581,492915,492919,4,334
492910,492918,492920,2,8
492910,492910,492920,10,0
492574,492910,492920,10,336
492577,492913,492920,7,336
492910,492910,492920,10,0
492910,492910,492920,10,0
492910,492917,492920,3,7
492910,492910,492920,10,0
492910,492910,492920,10,0
492910,492916,492920,4,6
492525,492805,492920,115,280
492577,492913,492920,7,336
492582,492915,492921,6,333
492532,492826,492921,95,294
492578,492914,492920,6,336
492530,492820,492921,101,290
492575,492910,492920,10,335
492575,492910,492920,10,335
492583,492917,492921,4,334
492910,492910,492921,11,0
492583,492917,492922,5,334
492582,492916,492921,5,334
492540,492875,492922,47,335
492582,492916,492921,5,334
492583,492916,492921,5,333
492576,492912,492921,9,336
492910,492910,492921,11,0
492574,492910,492921,11,336
492577,492913,492921,8,336
492581,492915,492921,6,334
492572,492908,492922,14,336
492578,492914,492922,8,336
492578,492914,492923,9,336
492581,492915,492923,8,334
492541,492875,492923,48,334
492581,492915,492922,7,334
492574,492910,492922,12,336
492575,492911,492922,11,336
492583,492917,492923,6,334
492576,492912,492923,11,336
492910,492910,492923,13,0
492584,492918,492923,5,334
492584,492918,492923,5,334
492526,492808,492923,115,282
492582,492916,492923,7,334
492529,492816,492924,108,287
492576,492912,492924,12,336
492573,492908,492924,16,335
492583,492917,492924,7,334
492577,492914,492924,10,337
492581,492915,492924,9,334
492583,492917,492924,7,334
492533,492829,492924,95,296
492577,492913,492924,11,336
492578,492914,492924,10,336
492910,492910,492924,14,0
492585,492920,492924,4,335
492585,492920,492924,4,335
492579,492914,492924,10,335
492582,492915,492925,10,333
492584,492918,492924,6,334
492526,492807,492925,118,281
492582,492916,492925,9,334
492584,492918,492925,7,334
492586,492920,492925,5,334
492578,492914,492926,12,336
492529,492817,492925,108,288
492531,492823,492925,102,292
492586,492921,492925,4,335
492583,492917,492925,8,334
492531,492822,492926,104,291
492584,492919,492926,7,335
492585,492919,492925,6,334
492527,492809,492926,117,282
492530,492820,492926,106,290
492910,492910,492926,16,0
492588,492922,492926,4,334
492569,492903,492926,23,334
492585,492920,492926,6,335
492910,492910,492927,17,0
492529,492817,492926,109,288
492588,492922,492926,4,334
492588,492922,492926,4,334
492575,492911,492927,16,336
492587,492921,492927,6,334
492585,492920,492927,7,335
492586,492920,492927,7,334
492533,492829,492927,98,296
492528,492813,492927,114,285
492535,492838,492928,90,303
492585,492920,492927,7,335
492585,492919,492927,8,334
492585,492920,492927,7,335
492586,492920,492927,7,334
492534,492833,492928,95,299
492568,492901,492928,27,333
492910,492910,492928,18,0
492587,492921,492928,7,334
492522,492796,492928,132,274
492530,492820,492928,108,290
492582,492916,492928,12,334
492586,492920,492928,8,334
492525,492806,492928,122,281
492584,492919,492928,9,335
492586,492921,492928,7,335
492586,492920,492928,8,334
492534,492833,492929,96,299
492540,492872,492928,56,332
492626,492924,492929,5,298
492627,492924,492929,5,297
492625,492922,492929,7,297
492532,492827,492929,102,295
492910,492910,492929,19,0
492539,492871,492929,58,332
492587,492921,492929,8,334
492589,492922,492929,7,333
492587,492921,492930,9,334
492587,492921,492929,8,334
492625,492923,492930,7,298
492625,492923,492930,7,298
492628,492925,492930,5,297
492628,492925,492930,5,297
492579,492914,492930,16,335
492535,492838,492930,92,303
492588,492921,492930,9,333
492910,492910,492930,20,0
492629,492926,492931,5,297
492584,492917,492930,13,333
492627,492924,492930,6,297
492626,492923,492931,8,297
492627,492924,492931,7,297
492629,492926,492931,5,297
492537,492847,492931,84,310
492587,492921,492931,10,334
492589,492922,492931,9,333
492627,492925,492931,6,298
492629,492926,492931,5,297
492627,492925,492931,6,298
492628,492925,492931,6,297
492531,492824,492931,107,293
492534,492835,492932,97,301
492584,492918,492932,14,334
492630,492927,492931,4,297
492628,492925,492932,7,297
492530,492819,492931,112,289
492910,492910,492932,22,0
492628,492925,492932,7,297
492631,492927,492932,5,296
492631,492927,492932,5,296
492625,492923,492932,9,298
492629,492926,492932,6,297
492631,492927,492932,5,296
492626,492923,492933,10,297
492632,492928,492933,5,296
492632,492928,492933,5,296
492630,492926,492934,8,296
492628,492925,492934,9,297
492628,492925,492933,8,297
492626,492923,492933,10,297
492630,492926,492933,7,296
492630,492926,492933,7,296
492536,492840,492934,94,304
492629,492925,492934,9,296
492629,492925,492934,9,296
492631,492927,492933,6,296
492541,492876,492934,58,335
492632,492928,492935,7,296
492630,492926,492934,8,296
492630,492927,492934,7,297
492634,492929,492934,5,295
492634,492929,492934,5,295
492634,492929,492934,5,295
492631,492927,492934,7,296
492535,492838,492935,97,303
492537,492855,492934,79,318
492575,492911,492935,24,336
492625,492922,492935,13,297
492630,492926,492935,9,296
492628,492925,492935,10,297
492627,492924,492935,11,297
492635,492930,492935,5,295
492627,492925,492935,10,298
492633,492929,492936,7,296
492636,492931,492935,4,295
492636,492931,492936,5,295
492630,492926,492935,9,296
492633,492928,492936,8,295
492629,492926,492936,10,297
492632,492928,492936,8,296
492529,492817,492936,119,288
492626,492923,492936,13,297
492633,492929,492937,8,296
492634,492929,492936,7,295
492636,492931,492936,5,295
492532,492826,492937,111,294
492533,492828,492937,109,295
492587,492921,492937,16,334
492627,492925,492936,11,298
492633,492929,492936,7,296
492637,492932,492937,5,295
492630,492926,492936,10,296
492633,492929,492937,8,296
492635,492930,492936,6,295
492528,492814,492937,123,286
492626,492923,492937,14,297
492629,492925,492938,13,296
492640,492933,492937,4,293
492639,492932,492937,5,293
492534,492833,492937,104,299
492638,492932,492938,6,294
492638,492932,492938,6,294
492639,492932,492938,6,293
492632,492928,492938,10,296
492639,492933,492938,5,294
492639,492933,492937,4,294
492539,492869,492938,69,330
492637,492932,492938,6,295
492638,492932,492938,6,294
492635,492930,492939,9,295
492640,492934,492939,5,294
492635,492931,492938,7,296
492638,492932,492938,6,294
492640,492933,492938,5,293
492536,492845,492939,94,309
492631,492927,492939,12,296
492636,492931,492939,8,295
492530,492819,492939,120,289
492532,492825,492939,114,293
492536,492846,492940,94,310
492537,492852,492939,87,315
492637,492932,492939,7,295
492640,492933,492939,6,293
492642,492935,492940,5,293
492639,492933,492940,7,294
492639,492933,492940,7,294
492535,492836,492940,104,301
492643,492936,492940,4,293
492642,492935,492940,5,293
492642,492935,492940,5,293
492642,492935,492940,5,293
492634,492929,492940,11,295
492638,492932,492940,8,294
492636,492931,492940,9,295
492641,492934,492940,6,293
492640,492934,492941,7,294
492537,492847,492940,93,310
492642,492935,492941,6,293
492637,492932,492940,8,295
492643,492936,492940,4,293
492640,492934,492940,6,294
492641,492934,492941,7,293
492645,492937,492941,4,292
492644,492936,492941,5,292
492644,492936,492941,5,292
492638,492932,492941,9,294
492641,492934,492941,7,293
492530,492820,492942,122,290
492531,492821,492942,121,290
492641,492934,492941,7,293
492641,492934,492941,7,293
492588,492922,492941,19,334
492588,492922,492941,19,334
492584,492919,492942,23,335
492639,492933,492942,9,294
492645,492937,492942,5,292
492640,492934,492941,7,294
492533,492829,492941,112,296
492646,492937,492942,5,291
492646,492937,492942,5,291
492633,492929,492941,12,296
492645,492937,492941,4,292
492645,492937,492942,5,292
492632,492928,492942,14,296
492643,492935,492941,6,292
492647,492938,492942,4,291
492642,492935,492942,7,293
492648,492939,492943,4,291
492647,492938,492943,5,291
492532,492826,492942,116,294
492644,492937,492942,5,293
492534,492832,492943,111,298
492631,492927,492942,15,296
492634,492929,492942,13,295
492644,492936,492942,6,292
492647,492938,492942,4,291
492635,492930,492943,13,295
492642,492935,492942,7,293
492648,492938,492943,5,290
492648,492938,492943,5,290
492632,492928,492943,15,296
492643,492935,492943,8,292
492529,492817,492944,127,288
492587,492921,492944,23,334
492636,492931,492944,13,295
492644,492937,492943,6,293
492649,492939,492944,5,290
492646,492937,492944,7,291
492647,492938,492944,6,291
492538,492860,492945,85,322
492644,492937,492945,8,293
492539,492865,492945,80,326
492646,492937,492945,8,291
492943,492943,492944,1,0
492943,492943,492944,1,0
492943,492943,492945,2,0
492943,492943,492944,1,0
492943,492943,492945,2,0
492943,492943,492944,1,0
492646,492937,492945,8,291
492646,492937,492945,8,291
492646,492937,492945,8,291
492648,492938,492944,6,290
492538,492859,492945,86,321
492540,492874,492944,70,334
492534,492835,492945,110,301
492648,492939,492944,5,291
492647,492938,492946,8,291
492648,492938,492945,7,290
492647,492938,492945,7,291
492539,492867,492946,79,328
492541,492878,492946,68,337
492634,492929,492945,16,295
492943,492943,492946,3,0
492533,492830,492946,116,297
492649,492939,492946,7,290
492576,492912,492946,34,336
492673,492943,492947,4,270
492673,492943,492947,4,270
492673,492943,492947,4,270
492648,492938,492947,9,290
492675,492943,492947,4,268
492943,492943,492946,3,0
492943,492943,492947,4,0
492943,492943,492947,4,0
492943,492943,492947,4,0
492943,492943,492946,3,0
492943,492943,492947,4,0
492649,492939,492947,8,290
492649,492939,492947,8,290
492675,492943,492947,4,268
492675,492943,492947,4,268
492943,492943,492947,4,0
492943,492945,492947,2,2
492943,492945,492947,2,2
492943,492946,492947,1,3
492943,492946,492947,1,3
492943,492946,492947,1,3
492943,492946,492947,1,3
492650,492942,492948,6,292
492672,492943,492948,5,271
492675,492943,492947,4,268
492678,492943,492947,4,265
492677,492943,492948,5,266
492651,492943,492948,5,292
492672,492943,492948,5,271
492651,492943,492948,5,292
492672,492943,492948,5,271
492672,492943,492947,4,271
492677,492943,492948,5,266
492675,492943,492947,4,268
492643,492935,492948,13,292
492673,492943,492948,5,270
492674,492943,492948,5,269
492675,492943,492948,5,268
492943,492943,492948,5,0
492943,492943,492949,6,0
492645,492937,492948,11,292
492943,492947,492948,1,4
492538,492858,492949,91,320
492650,492942,492948,6,292
492650,492942,492948,6,292
492673,492943,492949,6,270
492943,492943,492949,6,0
492676,492943,492949,6,267
492943,492943,492948,5,0
492943,492943,492949,6,0
492672,492943,492948,5,271
492536,492839,492948,109,303
492673,492943,492949,6,270
492943,492943,492949,6,0
492943,492943,492948,5,0
492678,492944,492949,5,266
492540,492873,492949,76,333
492540,492874,492949,75,334
492640,492933,492949,16,293
492943,492943,492949,6,0
492943,492943,492949,6,0
492943,492943,492950,7,0
492943,492948,492950,2,5
492943,492943,492949,6,0
492943,492948,492950,2,5
492650,492942,492949,7,292
492676,492943,492949,6,267
492943,492948,492950,2,5
492943,492943,492949,6,0
492943,492943,492949,6,0
492943,492948,492949,1,5
492943,492949,492950,1,6
492540,492872,492949,77,332
492643,492935,492950,15,292
492649,492942,492949,7,293
492675,492943,492949,6,268
492672,492943,492949,6,271
492672,492943,492950,7,271
492943,492943,492949,6,0
492943,492948,492949,1,5
492943,492949,492950,1,6
492651,492943,492950,7,292
492676,492943,492950,7,267
492642,492935,492950,15,293
492677,492943,492950,7,266
492641,492934,492949,15,293
492673,492943,492950,7,270
492678,492944,492949,5,266
492672,492943,492949,6,271
492943,492948,492950,2,5
492943,492948,492950,2,5
492678,492943,492950,7,265
492541,492877,492950,73,336
492943,492948,492951,3,5
492943,492948,492951,3,5
492676,492943,492950,7,267
492674,492943,492950,7,269
492681,492946,492950,4,265
492534,492831,492951,120,297
492646,492938,492950,12,292
492674,492943,492951,8,269
492943,492943,492950,7,0
492943,492948,492950,2,5
492943,492950,492951,1,7
492943,492950,492951,1,7
492943,492943,492950,7,0
492943,492950,492951,1,7
492943,492950,492951,1,7
492943,492943,492951,8,0
492678,492943,492950,7,265
492671,492943,492951,8,272
492671,492943,492951,8,272
492636,492931,492951,20,295
492637,492931,492951,20,294
492680,492946,492950,4,266
492648,492939,492951,12,291
492678,492944,492951,7,266
492943,492949,492951,2,6
492943,492949,492950,1,6
492680,492946,492952,6,266
492943,492943,492951,8,0
492540,492871,492952,81,331
492943,492948,492951,3,5
492943,492949,492951,2,6
492539,492870,492951,81,331
492679,492944,492951,7,265
492943,492950,492951,1,7
492679,492945,492952,7,266
492679,492945,492951,6,266
492683,492948,492952,4,265
492681,492947,492952,5,266
492681,492947,492951,4,266
492680,492945,492952,7,265
492683,492948,492952,4,265
492943,492943,492952,9,0
492943,492949,492952,3,6
492682,492947,492952,5,265
492682,492947,492952,5,265
492943,492948,492952,4,5
492681,492946,492952,6,265
492635,492930,492953,23,295
492680,492946,492953,7,266
492682,492947,492953,6,265
492679,492945,492952,7,266
492943,492949,492952,3,6
492943,492950,492952,2,7
492682,492947,492952,5,265
492684,492949,492952,3,265
492633,492929,492952,23,296
492649,492942,492953,11,293
492683,492948,492953,5,265
492683,492948,492953,5,265
492684,492948,492953,5,264
492684,492948,492953,5,264
492684,492948,492953,5,264
492943,492949,492953,4,6
492533,492828,492953,125,295
492680,492946,492953,7,266
492684,492948,492953,5,264
492684,492948,492953,5,264
492685,492949,492953,4,264
492694,492949,492954,5,255
492685,492949,492953,4,264
492686,492949,492953,4,263
492683,492948,492953,5,265
492694,492949,492954,5,255
492943,492948,492954,6,5
492943,492943,492954,11,0
492943,492943,492954,11,0
492683,492948,492955,7,265
492694,492949,492954,5,255
492585,492919,492954,35,334
492676,492943,492955,12,267
492676,492943,492955,12,267
492680,492945,492954,9,265
492695,492950,492954,4,255
492694,492950,492954,4,256
492943,492943,492954,11,0
492681,492947,492955,8,266
492674,492943,492954,11,269
492680,492946,492954,8,266
492694,492949,492954,5,255
492696,492950,492954,4,254
492677,492943,492955,12,266
492685,492949,492954,5,264
492696,492950,492955,5,254
492673,492943,492955,12,270
492674,492943,492956,13,269
492694,492950,492955,5,256
492695,492950,492955,5,255
492678,492944,492955,11,266
492641,492934,492955,21,293
492684,492949,492956,7,265
492699,492952,492956,4,253
492943,492950,492955,5,7
492943,492943,492956,13,0
492697,492951,492955,4,254
492695,492950,492955,5,255
492697,492951,492955,4,254
492695,492950,492956,6,255
492538,492858,492956,98,320
492696,492950,492955,5,254
492699,492952,492956,4,253
492943,492943,492956,13,0
492684,492949,492956,7,265
492679,492944,492957,13,265
492697,492951,492956,5,254
492679,492945,492957,12,266
492647,492938,492957,19,291
492697,492951,492956,5,254
492700,492952,492956,4,252
492700,492953,492956,3,253
492700,492953,492957,4,253
492542,492883,492957,74,341
492643,492935,492957,22,292
492695,492950,492957,7,255
492698,492952,492957,5,254
492681,492946,492957,11,265
492682,492947,492957,10,265
492588,492922,492957,35,334
492700,492953,492958,5,253
492697,492951,492958,7,254
492681,492946,492958,12,265
492539,492862,492958,96,323
492700,492953,492957,4,253
492684,492948,492958,10,264
492702,492954,492958,4,252
492702,492954,492958,4,252
492703,492954,492958,4,251
492703,492954,492958,4,251
492682,492947,492958,11,265
492685,492949,492959,10,264
492679,492945,492958,13,266
492696,492950,492958,8,254
492696,492950,492958,8,254
492696,492950,492958,8,254
492697,492951,492958,7,254
492682,492947,492959,12,265
492701,492954,492958,4,253
492701,492954,492959,5,253
492702,492954,492959,5,252
492701,492954,492958,4,253
492701,492954,492959,5,253
492701,492954,492959,5,253
492704,492954,492959,5,250
492704,492954,492959,5,250
492698,492952,492959,7,254
492705,492955,492959,4,250
492700,492953,492959,6,253
492702,492954,492959,5,252
492705,492955,492959,4,250
492725,492955,492960,5,230
492697,492951,492959,8,254
492700,492952,492959,7,252
492702,492954,492959,5,252
492702,492954,492959,5,252
492725,492955,492960,5,230
492681,492946,492959,13,265
492703,492954,492959,5,251
492699,492952,492959,7,253
492704,492955,492960,5,251
492943,492943,492960,17,0
492943,492943,492960,17,0
492943,492943,492960,17,0
492943,492943,492960,17,0
492700,492953,492960,7,253
492727,492956,492960,4,229
492701,492954,492960,6,253
492695,492950,492960,10,255
492696,492950,492960,10,254
492704,492955,492960,5,251
492705,492955,492960,5,250
492727,492956,492961,5,229
492698,492952,492960,8,254
492702,492954,492961,7,252
492726,492956,492960,4,230
492943,492943,492961,18,0
492705,492955,492960,5,250
492701,492954,492961,7,253
492728,492957,492961,4,229
492701,492954,492961,7,253
492726,492955,492961,6,229
492704,492955,492960,5,251
492727,492956,492961,5,229
492726,492956,492962,6,230
492726,492956,492961,5,230
492728,492957,492961,4,229
492703,492954,492961,7,251
492728,492957,492962,5,229
492540,492873,492962,89,333
492727,492956,492961,5,229
492727,492956,492961,5,229
492729,492957,492962,5,228
492729,492958,492962,4,229
492728,492957,492962,5,229
492538,492859,492963,104,321
492541,492880,492963,83,339
492675,492943,492962,19,268
492726,492955,492962,7,229
492541,492876,492963,87,335
492676,492943,492962,19,267
492697,492951,492963,12,254
492698,492951,492963,12,253
492699,492952,492963,11,253
492731,492959,492963,4,228
492732,492959,492963,4,227
492730,492958,492963,5,228
492731,492959,492963,4,228
492732,492959,492963,4,227
492726,492955,492963,8,229
492540,492875,492964,89,335
492732,492959,492964,5,227
492732,492959,492964,5,227
492734,492959,492964,5,225
492734,492959,492964,5,225
492728,492957,492964,7,229
492730,492958,492964,6,228
492733,492959,492964,5,226
492733,492959,492964,5,226
492733,492959,492964,5,226
492730,492959,492964,5,229
492734,492960,492964,4,226
492735,492960,492964,4,225
492732,492959,492964,5,227
492703,492954,492965,11,251
492726,492955,492964,9,229
492729,492957,492964,7,228
492726,492956,492965,9,230
492704,492954,492965,11,250
492736,492961,492965,4,225
492735,492960,492965,5,225
492738,492961,492965,4,223
492730,492959,492965,6,229
492702,492954,492965,11,252
492738,492961,492966,5,223
492730,492958,492966,8,228
492732,492959,492966,7,227
492738,492962,492966,4,224
492703,492954,492966,12,251
492631,492927,492966,39,296
492734,492960,492966,6,226
492738,492962,492966,4,224
492729,492957,492966,9,228
492731,492959,492965,6,228
492637,492932,492967,35,295
492739,492962,492967,5,223
492740,492963,492967,4,223
492538,492859,492966,107,321
492541,492879,492966,87,338
492733,492959,492966,7,226
492736,492960,492965,5,224
492737,492961,492966,5,224
492736,492960,492967,7,224
492734,492960,492967,7,226
492683,492948,492968,20,265
492729,492958,492968,10,229
492729,492958,492967,9,229
492734,492960,492968,8,226
492728,492957,492968,11,229
492736,492960,492968,8,224
492737,492961,492969,8,224
492733,492959,492968,9,226
492737,492961,492968,7,224
492743,492965,492968,3,222
492736,492961,492968,7,225
492695,492950,492969,19,255
492738,492961,492969,8,223
492743,492965,492969,4,222
492729,492957,492969,12,228
492943,492943,492969,26,0
492732,492959,492969,10,227
492737,492961,492969,8,224
492685,492949,492969,20,264
492735,492960,492969,9,225
492740,492963,492969,6,223
492742,492964,492969,5,222
492741,492964,492969,5,223
492741,492964,492969,5,223
492742,492964,492969,5,222
492739,492963,492970,7,224
492742,492965,492970,5,223
492743,492965,492970,5,222
492743,492965,492970,5,222
492733,492959,492970,11,226
492739,492963,492970,7,224
492695,492950,492970,20,255
492741,492964,492970,6,223
492743,492965,492971,6,222
492743,492965,492970,5,222
492699,492952,492971,19,253
492741,492964,492970,6,223
492739,492963,492970,7,224
492743,492965,492970,5,222
492744,492965,492970,5,221
492744,492966,492971,5,222
492699,492952,492971,19,253
492744,492966,492971,5,222
492744,492965,492971,6,221
492745,492967,492972,5,222
492641,492934,492971,37,293
492737,492961,492971,10,224
492741,492964,492971,7,223
492698,492952,492972,20,254
492741,492964,492972,8,223
492742,492964,492971,7,222
492735,492960,492971,11,225
492746,492968,492972,4,222
492736,492961,492971,10,225
492647,492938,492972,34,291
492745,492966,492972,6,221
492746,492968,492973,5,222
492746,492968,492973,5,222
492747,492969,492973,4,222
492746,492968,492972,4,222
492746,492968,492972,4,222
492747,492968,492972,4,221
492747,492968,492972,4,221
492645,492937,492973,36,292
492745,492967,492973,6,222
492745,492968,492974,6,223
492748,492969,492974,5,221
492748,492969,492973,4,221
492749,492970,492974,4,221
492704,492955,492974,19,251
492741,492964,492973,9,223
492747,492969,492974,5,222
492749,492970,492974,4,221
492749,492970,492974,4,221
492750,492970,492974,4,220
492746,492968,492974,6,222
492747,492968,492974,6,221
492747,492968,492974,6,221
492750,492970,492974,4,220
492745,492968,492974,6,223
492748,492969,492975,6,221
492746,492968,492974,6,222
492542,492883,492975,92,341
492649,492939,492975,36,290
492750,492970,492975,5,220
492704,492955,492975,20,251
492738,492962,492974,12,224
492749,492970,492975,5,221
492781,492971,492976,5,190
492747,492968,492975,7,221
492749,492970,492975,5,221
492750,492971,492976,5,221
492751,492971,492975,4,220
492748,492969,492976,7,221
492748,492969,492976,7,221
492746,492968,492976,8,222
492781,492972,492976,4,191
492748,492969,492975,6,221
492750,492970,492975,5,220
492751,492971,492976,5,220
492747,492968,492976,8,221
492742,492965,492976,11,223
492727,492956,492977,21,229
492745,492967,492976,9,222
492745,492967,492977,10,222
492750,492971,492976,5,221
492727,492956,492977,21,229
492751,492972,492977,5,221
492752,492972,492977,5,220
492781,492972,492977,5,191
492781,492972,492977,5,191
492749,492970,492977,7,221
492780,492971,492977,6,191
492748,492969,492977,8,221
492782,492972,492977,5,190
492781,492972,492977,5,191
492782,492973,492977,4,191
492749,492970,492977,7,221
492749,492970,492977,7,221
492677,492943,492978,35,266
492780,492971,492978,7,191
492784,492974,492978,4,190
492782,492972,492978,6,190
492733,492959,492978,19,226
492780,492972,492979,7,192
492651,492942,492979,37,291
492744,492966,492979,13,222
492744,492966,492978,12,222
492784,492974,492979,5,190
492651,492942,492978,36,291
492751,492972,492978,6,221
492784,492974,492979,5,190
492784,492974,492979,5,190
492735,492960,492979,19,225
492745,492966,492978,12,221
492782,492973,492978,5,191
492784,492974,492979,5,190
492748,492969,492979,10,221
492751,492971,492979,8,220
492751,492971,492979,8,220
492782,492972,492979,7,190
492730,492958,492979,21,228
492784,492974,492980,6,190
492674,492943,492980,37,269
492780,492972,492980,8,192
492782,492972,492980,8,190
492786,492975,492980,5,189
492783,492973,492980,7,190
492786,492975,492980,5,189
492783,492973,492980,7,190
492786,492976,492981,5,190
492980,492980,492981,1,0
492980,492980,492981,1,0
492786,492976,492981,5,190
492783,492973,492980,7,190
492784,492974,492981,7,190
492677,492943,492981,38,266
492787,492976,492981,5,189
492783,492974,492981,7,191
492783,492973,492981,8,190
492783,492973,492981,8,190
492785,492975,492981,6,190
492734,492960,492981,21,226
492679,492944,492981,37,265
492750,492970,492981,11,220
492783,492973,492981,8,190
492785,492975,492982,7,190
492980,492980,492981,1,0
492980,492980,492981,1,0
492980,492980,492982,2,0
492980,492980,492981,1,0
492980,492981,492982,1,1
492788,492977,492982,5,189
492788,492977,492982,5,189
492785,492975,492982,7,190
492784,492974,492981,7,190
492785,492974,492982,8,189
492787,492976,492982,6,189
492786,492975,492982,7,189
492785,492975,492982,7,190
492789,492977,492982,5,188
492788,492977,492982,5,189
492782,492972,492982,10,190
492750,492970,492982,12,220
492678,492944,492982,38,266
492787,492976,492983,7,189
492980,492981,492983,2,1
492980,492982,492983,1,2
492791,492979,492983,4,188
492677,492943,492983,40,266
492739,492962,492982,20,223
492788,492977,492982,5,189
492792,492979,492983,4,187
492790,492978,492983,5,188
492740,492963,492983,20,223
492787,492976,492983,7,189
492792,492979,492983,4,187
492791,492979,492984,5,188
492787,492976,492983,7,189
492787,492976,492983,7,189
492792,492979,492984,5,187
492980,492980,492984,4,0
492980,492982,492984,2,2
492786,492976,492983,7,190
492980,492982,492983,1,2
492791,492979,492984,5,188
492980,492980,492983,3,0
492786,492976,492984,8,190
492980,492982,492984,2,2
492980,492982,492984,2,2
492788,492977,492984,7,189
492789,492978,492984,6,189
492787,492976,492984,8,189
492790,492978,492984,6,188
492793,492979,492984,5,186
492789,492978,492985,7,189
492786,492976,492984,8,190
492794,492980,492985,5,186
492793,492979,492984,5,186
492791,492979,492984,5,188
492794,492981,492985,4,187
492792,492979,492985,6,187
492980,492980,492985,5,0
492980,492980,492985,5,0
492980,492980,492985,5,0
492980,492980,492984,4,0
492980,492983,492984,1,3
492980,492983,492985,2,3
492789,492977,492985,8,188
492980,492980,492985,5,0
492793,492979,492985,6,186
492793,492979,492985,6,186
492794,492980,492986,6,186
492980,492980,492985,5,0
492980,492980,492985,5,0
492790,492978,492985,7,188
492791,492979,492986,7,188
492790,492978,492985,7,188
492789,492977,492986,9,188
492795,492981,492985,4,186
492980,492980,492986,6,0
492980,492984,492986,2,4
492980,492980,492986,6,0
492980,492980,492986,6,0
492742,492964,492986,22,222
492797,492982,492986,4,185
492980,492980,492986,6,0
492980,492984,492986,2,4
492980,492986,492987,1,6
492791,492978,492986,8,187
492980,492980,492986,6,0
492980,492980,492986,6,0
492795,492981,492987,6,186
492980,492984,492986,2,4
492980,492980,492986,6,0
492980,492985,492986,1,5
492793,492979,492986,7,186
492793,492979,492987,8,186
492795,492981,492987,6,186
492743,492965,492986,21,222
492699,492952,492987,35,253
492792,492979,492986,7,187
492794,492980,492987,7,186
492795,492981,492987,6,186
492797,492982,492987,5,185
492797,492983,492987,4,186
492980,492980,492987,7,0
492980,492980,492987,7,0
492980,492980,492986,6,0
492980,492980,492987,7,0
492980,492980,492987,7,0
492980,492980,492986,6,0
492795,492982,492987,5,187
492788,492977,492987,10,189
492794,492980,492987,7,186
492789,492978,492987,9,189
492790,492978,492986,8,188
492792,492979,492986,7,187
492796,492982,492987,5,186
492980,492980,492986,6,0
492980,492980,492987,7,0
492980,492984,492987,3,4
492780,492972,492987,15,192
492980,492980,492987,7,0
492980,492985,492987,2,5
492980,492980,492987,7,0
492980,492987,492988,1,7
492795,492981,492987,6,186
492794,492980,492987,7,186
492980,492986,492987,1,6
492980,492987,492988,1,7
492980,492987,492988,1,7
492792,492979,492987,8,187
492797,492983,492988,5,186
492787,492976,492987,11,189
492794,492981,492988,7,187
492980,492980,492987,7,0
492980,492985,492987,2,5
492980,492987,492988,1,7
492980,492987,492988,1,7
492788,492977,492987,10,189
492980,492980,492987,7,0
492980,492980,492988,8,0
492799,492984,492988,4,185
492980,492980,492988,8,0
492980,492985,492988,3,5
492980,492985,492988,3,5
492791,492979,492987,8,188
492798,492983,492988,5,185
492980,492986,492988,2,6
492980,492986,492988,2,6
492980,492985,492988,3,5
492980,492986,492988,2,6
492980,492987,492988,1,7
492980,492987,492988,1,7
492789,492977,492988,11,188
492980,492980,492989,9,0
492794,492980,492988,8,186
492789,492978,492988,10,189
492980,492987,492988,1,7
492980,492987,492988,1,7
492795,492981,492989,8,186
492801,492984,492989,5,183
492793,492980,492989,9,187
492980,492980,492988,8,0
492980,492980,492989,9,0
492980,492986,492989,3,6
492980,492986,492989,3,6
492799,492984,492989,5,185
492799,492984,492989,5,185
492800,492984,492989,5,184
492802,492985,492989,4,183
492798,492983,492989,6,185
492586,492920,492989,69,334
492798,492983,492990,7,185
492980,492980,492989,9,0
492797,492982,492990,8,185
492796,492982,492990,8,186
492801,492985,492990,5,184
492790,492978,492989,11,188
492793,492979,492990,11,186
492796,492982,492990,8,186
492980,492980,492990,10,0
492790,492978,492990,12,188
492800,492984,492990,6,184
492799,492983,492990,7,184
492799,492984,492989,5,185
492800,492984,492990,6,184
492800,492984,492989,5,184
492796,492982,492990,8,186
492980,492980,492990,10,0
492799,492984,492991,7,185
492803,492986,492991,5,183
492801,492984,492990,6,183
492799,492983,492990,7,184
492804,492987,492991,4,183
492980,492980,492991,11,0
492796,492982,492991,9,186
492802,492985,492990,5,183
492801,492985,492990,5,184
492800,492984,492991,7,184
492980,492980,492990,10,0
492726,492956,492991,35,230
492797,492982,492991,9,185
492802,492985,492991,6,183
492803,492986,492991,5,183
492804,492987,492992,5,183
492705,492955,492991,36,250
492804,492987,492992,5,183
492796,492982,492992,10,186
492802,492985,492992,7,183
492806,492988,492992,4,182
492801,492984,492992,8,183
492802,492985,492992,7,183
492805,492987,492993,6,182
492805,492987,492993,6,182
492805,492987,492993,6,182
492804,492987,492992,5,183
492801,492985,492992,7,184
492729,492957,492992,35,228
492799,492983,492994,11,184
492803,492986,492993,7,183
492806,492988,492993,5,182
492798,492983,492993,10,185
492806,492987,492994,7,181
492805,492987,492993,6,182
492802,492986,492993,7,184
492804,492987,492994,7,183
492795,492982,492994,12,187
492803,492986,492994,8,183
492785,492975,492994,19,190
492803,492986,492994,8,183
492626,492924,492995,71,298
492781,492972,492994,22,191
492802,492985,492995,10,183
492801,492985,492995,10,184
492797,492982,492994,12,185
492634,492929,492996,67,295
492783,492973,492995,22,190
492806,492988,492995,7,182
492800,492984,492996,12,184
492806,492987,492996,9,181
492796,492982,492995,13,186
492805,492987,492996,9,182
492635,492930,492996,66,295
492633,492929,492996,67,296
492800,492984,492996,12,184
492804,492987,492997,10,183
492806,492987,492998,11,181
492805,492987,492998,11,182
492535,492837,492997,160,302
492803,492986,492997,11,183
492803,492986,492999,13,183
492740,492963,492998,35,223
492805,492987,492999,12,182
492685,492949,492999,50,264
492741,492964,493000,36,223
492742,492964,493000,36,222
492803,492986,493000,14,183
492797,492982,493000,18,185
492740,492964,493001,37,224
492643,492935,493001,66,292
492827,492989,493002,13,162
492798,492983,493002,19,185
492828,492989,493002,13,161
492744,492966,493002,36,222
492828,492989,493002,13,161
493003,493003,493004,1,0
492828,492989,493003,14,161
492830,492990,493004,14,160
493003,493003,493004,1,0
493003,493003,493004,1,0
493003,493003,493004,1,0
493003,493003,493005,2,0
493003,493003,493004,1,0
492740,492964,493004,40,224
492828,492989,493005,16,161
492829,492989,493006,17,160
492831,492991,493005,14,160
493003,493003,493006,3,0
493003,493003,493006,3,0
492827,492989,493006,17,162
492826,492988,493006,18,162
492827,492989,493006,17,162
492780,492971,493006,35,191
492828,492989,493007,18,161
492829,492989,493006,17,160
493003,493003,493007,4,0
493003,493003,493006,3,0
493003,493005,493007,2,2
493003,493005,493007,2,2
493003,493005,493007,2,2
493003,493005,493007,2,2
493003,493004,493007,3,1
492781,492972,493007,35,191
492829,492989,493007,18,160
492835,492994,493006,12,159
492830,492990,493007,17,160
492829,492989,493008,19,160
492829,492989,493007,18,160
493003,493003,493007,4,0
493003,493003,493008,5,0
493003,493003,493008,5,0
493003,493003,493007,4,0
493003,493003,493007,4,0
493003,493003,493007,4,0
493003,493005,493007,2,2
493003,493003,493007,4,0
493003,493006,493008,2,3
493003,493006,493008,2,3
492832,492991,493008,17,159
492833,492992,493008,16,159
492827,492988,493008,20,161
492650,492942,493008,66,292
493003,493003,493008,5,0
493003,493003,493009,6,0
493003,493003,493008,5,0
493003,493008,493009,1,5
493003,493003,493008,5,0
493003,493007,493009,2,4
493003,493007,493009,2,4
492674,492943,493009,66,269
492676,492943,493008,65,267
492836,492994,493009,15,158
493003,493003,493008,5,0
493003,493007,493009,2,4
493003,493007,493009,2,4
493003,493003,493008,5,0
493003,493007,493009,2,4
493003,493008,493009,1,5
493003,493008,493009,1,5
493003,493003,493009,6,0
493003,493007,493009,2,4
493003,493008,493009,1,5
493003,493008,493009,1,5
492827,492989,493009,20,162
492832,492991,493009,18,159
492829,492989,493009,20,160
492835,492993,493009,16,158
493003,493003,493009,6,0
493003,493003,493009,6,0
493003,493003,493009,6,0
492827,492989,493009,20,162
492830,492990,493010,20,160
493003,493008,493009,1,5
493003,493008,493010,2,5
493003,493008,493010,2,5
493003,493009,493010,1,6
493003,493003,493009,6,0
493003,493009,493010,1,6
492829,492989,493010,21,160
492834,492993,493010,17,159
493003,493009,493010,1,6
493003,493010,493011,1,7
493003,493010,493011,1,7
493003,493010,493011,1,7
492832,492991,493010,19,159
492782,492972,493010,38,190
492835,492993,493010,17,158
492830,492990,493011,21,160
493003,493003,493011,8,0
493003,493003,493010,7,0
492838,492996,493010,14,158
492830,492990,493011,21,160
492833,492992,493011,19,159
493003,493003,493011,8,0
493003,493007,493010,3,4
493003,493003,493011,8,0
493003,493003,493011,8,0
493003,493008,493011,3,5
493003,493003,493011,8,0
493003,493009,493011,2,6
493003,493009,493011,2,6
492827,492988,493011,23,161
492785,492975,493011,36,190
492832,492991,493012,21,159
492832,492991,493011,20,159
493003,493009,493012,3,6
492831,492991,493011,20,160
492835,492993,493011,18,158
493003,493009,493012,3,6
493003,493009,493011,2,6
492833,492992,493011,19,159
492830,492990,493013,23,160
492831,492991,493013,22,160
492833,492992,493012,20,159
492832,492991,493012,21,159
492838,492997,493013,16,159
493003,493003,493013,10,0
493003,493003,493013,10,0
492836,492995,493013,18,159
492837,492996,493012,16,159
493003,493003,493012,9,0
493003,493003,493013,10,0
492834,492993,493013,20,159
492833,492992,493013,21,159
492835,492994,493013,19,159
492836,492994,493014,20,158
492542,492882,493013,131,340
492837,492995,493013,18,158
492838,492996,493014,18,158
492836,492995,493014,19,159
493003,493003,493014,11,0
492834,492993,493014,21,159
492801,492985,493014,29,184
492835,492993,493014,21,158
492831,492990,493015,25,159
492832,492991,493014,23,159
493003,493003,493014,11,0
493003,493003,493014,11,0
492831,492990,493014,24,159
492836,492994,493015,21,158
492839,492997,493015,18,158
492680,492946,493015,69,266
492833,492992,493016,24,159
492838,492997,493015,18,159
492835,492994,493015,21,159
492834,492993,493016,23,159
492831,492991,493016,25,160
492837,492995,493017,22,158
492832,492991,493016,25,159
492833,492991,493016,25,158
492838,492996,493017,21,158
492841,493003,493016,13,162
493003,493003,493017,14,0
493003,493003,493016,13,0
492834,492993,493017,24,159
492835,492994,493016,22,159
492836,492994,493017,23,158
492834,492993,493017,24,159
492837,492995,493017,22,158
492838,492996,493017,21,158
492837,492995,493018,23,158
492839,492998,493017,19,159
492841,493002,493018,16,161
492828,492989,493019,30,161
492838,492996,493018,22,158
492838,492996,493018,22,158
492831,492991,493019,28,160
493003,493003,493018,15,0
492828,492989,493019,30,161
492837,492995,493019,24,158
492840,492999,493020,21,159
492840,493001,493019,18,161
492841,493003,493020,17,162
492833,492992,493020,28,159
492839,492997,493019,22,158
492830,492990,493020,30,160
492830,492990,493020,30,160
492839,492998,493021,23,159
492831,492991,493020,29,160
492703,492954,493021,67,251
492839,492998,493021,23,159
492842,493005,493021,16,163
492837,492995,493022,27,158
492535,492837,493022,185,302
492840,492999,493022,23,159
492843,493008,493023,15,165
492802,492985,493022,37,183
492840,493001,493023,22,161
492841,493002,493023,21,161
492841,493004,493023,19,163
492840,493001,493023,22,161
492840,493001,493024,23,161
492840,493000,493024,24,160
492844,493009,493024,15,165
492840,493001,493025,24,161
492841,493003,493024,21,162
492843,493006,493025,19,163
492836,492994,493025,31,158
492732,492959,493025,66,227
492842,493006,493026,20,164
492632,492928,493026,98,296
492834,492992,493027,35,158
492839,492998,493027,29,159
492842,493006,493028,22,164
492843,493007,493028,21,164
492842,493006,493027,21,164
492839,492998,493028,30,159
492847,493012,493029,17,165
492739,492963,493028,65,224
492844,493009,493029,20,165
492843,493008,493028,20,165
492843,493008,493029,21,165
492844,493009,493029,20,165
492842,493005,493029,24,163
492848,493013,493029,16,165
492841,493003,493029,26,162
492845,493010,493030,20,165
492740,492963,493030,67,223
492842,493006,493030,24,164
492843,493007,493030,23,164
492845,493011,493030,19,166
492844,493008,493031,23,164
492845,493010,493031,21,165
492844,493009,493031,22,165
492845,493010,493031,21,165
492846,493011,493030,19,165
492846,493011,493031,20,165
493030,493031,493032,1,1
493030,493031,493032,1,1
492845,493011,493031,20,166
492847,493011,493032,21,164
492840,493001,493032,31,161
492846,493011,493032,21,165
492847,493012,493032,20,165
492849,493014,493032,18,165
493030,493031,493032,1,1
492846,493011,493032,21,165
493030,493031,493032,1,1
492847,493012,493032,20,165
492851,493016,493032,16,165
493030,493031,493032,1,1
492842,493005,493032,27,163
492843,493007,493033,26,164
493030,493031,493033,2,1
493030,493031,493033,2,1
492849,493014,493033,19,165
492849,493013,493034,21,164
492846,493011,493033,22,165
492848,493013,493034,21,165
492847,493011,493034,23,164
493030,493031,493035,4,1
493030,493031,493034,3,1
492846,493011,493034,23,165
492847,493012,493034,22,165
493030,493031,493035,4,1
493030,493031,493034,3,1
493030,493032,493034,2,2
493030,493032,493035,3,2
493030,493033,493035,2,3
492846,493011,493035,24,165
492844,493010,493035,25,166
492874,493018,493035,17,144
493030,493031,493035,4,1
492848,493012,493035,23,164
493030,493031,493036,5,1
492850,493015,493035,20,165
493030,493031,493036,5,1
493030,493031,493035,4,1
492849,493014,493035,21,165
493030,493034,493035,1,4
493030,493033,493035,2,3
493030,493035,493036,1,5
493030,493033,493035,2,3
492850,493015,493036,21,165
493030,493031,493036,5,1
493030,493031,493036,5,1
493030,493031,493036,5,1
492848,493013,493036,23,165
493030,493031,493036,5,1
493030,493031,493036,5,1
493030,493031,493037,6,1
493030,493031,493036,5,1
492850,493015,493037,22,165
492850,493015,493037,22,165
493030,493031,493036,5,1
492849,493014,493036,22,165
493030,493031,493037,6,1
493030,493036,493037,1,6
493030,493035,493037,2,5
493030,493031,493037,6,1
493030,493035,493036,1,5
493030,493031,493036,5,1
493030,493031,493037,6,1
493030,493035,493036,1,5
493030,493031,493037,6,1
493030,493035,493037,2,5
493030,493031,493038,7,1
492876,493022,493038,16,146
493030,493035,493038,3,5
492851,493016,493037,21,165
493030,493031,493037,6,1
493030,493034,493037,3,4
493030,493036,493038,2,6
492852,493017,493037,20,165
493030,493031,493038,7,1
493030,493036,493037,1,6
492650,492942,493038,96,292
492851,493016,493038,22,165
492849,493014,493037,23,165
493030,493036,493037,1,6
493030,493031,493038,7,1
493030,493031,493038,7,1
493030,493036,493037,1,6
493030,493037,493038,1,7
493030,493031,493038,7,1
493030,493036,493038,2,6
492849,493014,493037,23,165
493030,493031,493038,7,1
493030,493036,493037,1,6
493030,493037,493038,1,7
492851,493016,493038,22,165
493030,493037,493039,2,7
493030,493037,493039,2,7
493030,493037,493039,2,7
493030,493031,493039,8,1
493030,493037,493039,2,7
493030,493036,493039,3,6
493030,493037,493039,2,7
492876,493022,493039,17,146
492744,492966,493038,72,222
492843,493008,493039,31,165
493030,493031,493039,8,1
493030,493037,493039,2,7
492644,492936,493040,104,292
492851,493016,493039,23,165
493030,493037,493039,2,7
493030,493031,493039,8,1
493030,493035,493039,4,5
493030,493037,493039,2,7
493030,493037,493039,2,7
493030,493037,493040,3,7
493030,493037,493040,3,7
492850,493016,493040,24,166
492853,493018,493040,22,165
492853,493018,493040,22,165
493030,493031,493040,9,1
492848,493012,493041,29,164
492852,493017,493040,23,165
492873,493018,493040,22,145
493030,493031,493041,10,1
492539,492864,493040,176,325
493030,493031,493041,10,1
492851,493017,493041,24,166
492844,493008,493041,33,164
492848,493013,493041,28,165
492848,493013,493041,28,165
492850,493015,493041,26,165
493030,493031,493042,11,1
493030,493031,493042,11,1
492852,493017,493042,25,165
492845,493010,493042,32,165
492852,493017,493042,25,165
492873,493018,493042,24,145
492853,493018,493043,25,165
492877,493024,493042,18,147
492844,493010,493043,33,166
492845,493010,493043,33,165
492875,493020,493043,23,145
492875,493020,493044,24,145
493030,493031,493043,12,1
492875,493021,493044,23,146
492683,492948,493043,95,265
492850,493015,493044,29,165
492850,493015,493045,30,165
492876,493023,493044,21,147
492875,493020,493045,25,145
492788,492977,493046,69,189
492877,493024,493046,22,147
492694,492950,493046,96,256
492847,493012,493047,35,165
492877,493024,493047,23,147
492876,493023,493047,24,147
492583,492917,493047,130,334
492874,493019,493048,29,145
492878,493025,493047,22,147
492852,493017,493047,30,165
492878,493027,493048,21,149
492874,493019,493048,29,145
492878,493026,493049,23,148
492852,493017,493049,32,165
492874,493019,493049,30,145
492875,493020,493049,29,145
492849,493013,493049,36,164
492879,493029,493049,20,150
492853,493018,493049,31,165
492878,493025,493050,25,147
492880,493029,493049,20,149
492881,493030,493050,20,149
492878,493025,493050,25,147
492852,493017,493050,33,165
492875,493020,493050,30,145
492874,493020,493051,31,146
492879,493027,493051,24,148
492877,493023,493052,29,146
492626,492923,493051,128,297
492876,493021,493052,31,145
492876,493023,493051,28,147
492874,493020,493052,32,146
492877,493025,493053,28,148
492877,493023,493053,30,146
492882,493032,493053,21,150
492876,493022,493053,31,146
492881,493030,493053,23,149
492880,493029,493053,24,149
492879,493028,493054,26,149
492852,493017,493053,36,165
492848,493013,493054,41,165
492879,493028,493054,26,149
492880,493029,493055,26,149
492884,493035,493054,19,151
492886,493036,493055,19,150
492884,493034,493055,21,150
492875,493021,493055,34,146
492874,493019,493055,36,145
492883,493033,493056,23,150
492735,492960,493055,95,225
492880,493029,493056,27,149
492884,493034,493055,21,150
492877,493024,493056,32,147
493055,493055,493056,1,0
493055,493055,493056,1,0
492881,493030,493056,26,149
492880,493030,493057,27,150
492880,493030,493057,27,150
492635,492930,493057,127,295
492736,492960,493057,97,224
492883,493033,493057,24,150
492881,493031,493057,26,150
493055,493055,493057,2,0
493055,493055,493057,2,0
493055,493055,493057,2,0
492889,493039,493057,18,150
492883,493033,493057,24,150
492878,493026,493057,31,148
493055,493055,493057,2,0
492882,493032,493058,26,150
492882,493032,493058,26,150
493055,493056,493058,2,1
492886,493036,493058,22,150
492878,493026,493058,32,148
493055,493058,493059,1,3
492876,493021,493058,37,145
492739,492962,493058,96,223
492740,492963,493059,96,223
492886,493035,493058,23,149
492888,493039,493059,20,151
493055,493055,493059,4,0
493055,493056,493059,3,1
493055,493055,493060,5,0
492685,492949,493059,110,264
493055,493058,493059,1,3
493055,493058,493059,1,3
492887,493038,493060,22,151
493055,493055,493059,4,0
493055,493057,493059,2,2
492883,493032,493059,27,149
492879,493028,493059,31,149
493055,493057,493059,2,2
492879,493028,493060,32,149
493055,493056,493060,4,1
492883,493033,493060,27,150
493055,493059,493061,2,4
492883,493033,493060,27,150
492887,493036,493060,24,149
492888,493038,493060,22,150
493055,493055,493061,6,0
493055,493055,493060,5,0
493055,493055,493060,5,0
493055,493058,493061,3,3
493055,493055,493060,5,0
493055,493055,493060,5,0
493055,493059,493060,1,4
492884,493034,493061,27,150
492884,493033,493061,28,149
493055,493055,493061,6,0
493055,493055,493061,6,0
493055,493055,493061,6,0
493055,493056,493061,5,1
493055,493055,493061,6,0
493055,493055,493061,6,0
493055,493055,493061,6,0
493055,493056,493062,6,1
492888,493038,493061,23,150
493055,493055,493062,7,0
493055,493060,493062,2,5
493055,493055,493061,6,0
493055,493060,493062,2,5
493055,493060,493062,2,5
493055,493055,493062,7,0
493055,493060,493062,2,5
493055,493055,493061,6,0
493055,493061,493062,1,6
492882,493032,493061,29,150
493055,493055,493061,6,0
493055,493060,493062,2,5
492885,493035,493062,27,150
493055,493056,493062,6,1
493055,493061,493063,2,6
492884,493034,493063,29,150
493055,493060,493062,2,5
492882,493032,493062,30,150
492880,493029,493062,33,149
493055,493055,493063,8,0
493055,493061,493063,2,6
493055,493055,493062,7,0
493055,493061,493062,1,6
493055,493061,493062,1,6
493055,493061,493062,1,6
493055,493061,493062,1,6
493055,493062,493063,1,7
493055,493055,493062,7,0
493055,493061,493062,1,6
493055,493062,493063,1,7
493055,493055,493063,8,0
493055,493061,493063,2,6
492886,493036,493063,27,150
492881,493030,493063,33,149
492883,493032,493063,31,149
492890,493041,493063,22,151
493055,493060,493063,3,5
493055,493055,493063,8,0
493055,493062,493064,2,7
492881,493030,493063,33,149
492887,493037,493064,27,150
492879,493028,493064,36,149
492885,493035,493065,30,150
493055,493055,493064,9,0
493055,493062,493064,2,7
493055,493062,493064,2,7
493055,493062,493064,2,7
493055,493062,493065,3,7
493055,493055,493064,9,0
493055,493062,493064,2,7
493055,493062,493064,2,7
493055,493055,493064,9,0
493055,493062,493064,2,7
493055,493060,493064,4,5
492891,493043,493064,21,152
492888,493039,493064,25,151
492892,493043,493064,21,151
492886,493036,493065,29,150
492889,493040,493065,25,151
493055,493055,493065,10,0
492884,493033,493065,32,149
492887,493036,493065,29,149
492887,493037,493066,29,150
492890,493041,493065,24,151
492885,493035,493066,31,150
493055,493055,493066,11,0
493055,493055,493067,12,0
493055,493055,493067,12,0
492879,493029,493066,37,150
492891,493043,493066,23,152
492891,493043,493067,24,152
492891,493042,493067,25,151
492891,493042,493067,25,151
493055,493055,493067,12,0
492889,493040,493068,28,151
492891,493042,493068,26,151
492890,493041,493068,27,151
492892,493044,493069,25,152
492882,493032,493069,37,150
492877,493025,493069,44,148
492892,493044,493069,25,152
492897,493052,493070,18,155
492887,493037,493069,32,150
492889,493039,493070,31,150
492881,493032,493070,38,151
492887,493037,493071,34,150
492893,493046,493071,25,153
492893,493046,493071,25,153
492888,493039,493072,33,151
492888,493038,493071,33,150
492890,493041,493072,31,151
492896,493050,493072,22,154
492896,493051,493072,21,155
492890,493041,493073,32,151
492900,493056,493073,17,156
492891,493042,493072,30,151
492895,493048,493073,25,153
492894,493048,493073,25,154
492889,493040,493074,34,151
492895,493050,493074,24,155
492888,493039,493075,36,151
492889,493040,493075,35,151
492896,493050,493076,26,154
492892,493043,493075,32,151
492902,493058,493075,17,156
492894,493047,493076,29,153
492896,493050,493076,26,154
492900,493056,493076,20,156
492892,493044,493076,32,152
492897,493052,493076,24,155
492892,493043,493077,34,151
492893,493047,493077,30,154
492897,493051,493078,27,154
492902,493058,493078,20,156
492895,493049,493077,28,154
492900,493056,493078,22,156
492899,493054,493079,25,155
492894,493048,493078,30,154
492895,493049,493079,30,154
492893,493045,493079,34,152
492895,493049,493080,31,154
492889,493039,493080,41,150
492901,493056,493079,23,155
492891,493042,493080,38,151
492895,493049,493079,30,154
493079,493080,493081,1,1
492898,493054,493080,26,156
492923,493059,493080,21,136
492896,493050,493080,30,154
492894,493048,493080,32,154
492896,493051,493081,30,155
492898,493053,493081,28,155
492902,493058,493081,23,156
492890,493042,493081,39,152
492893,493046,493081,35,153
492900,493055,493081,26,155
493079,493080,493081,1,1
493079,493080,493081,1,1
493079,493080,493081,1,1
493079,493080,493081,1,1
493079,493080,493081,1,1
492924,493060,493082,22,136
492898,493054,493082,28,156
493079,493080,493082,2,1
493079,493082,493083,1,3
493079,493081,493083,2,2
492697,492951,493082,131,254
492893,493044,493082,38,151
492901,493057,493082,25,156
492901,493056,493083,27,155
492894,493047,493083,36,153
493079,493080,493083,3,1
493079,493080,493083,3,1
493079,493082,493083,1,3
493079,493082,493083,1,3
493079,493080,493083,3,1
493079,493082,493083,1,3
493079,493080,493084,4,1
493079,493082,493083,1,3
492897,493052,493083,31,155
492894,493047,493083,36,153
492926,493061,493084,23,135
493079,493080,493085,5,1
492902,493058,493084,26,156
492902,493058,493085,27,156
493079,493080,493085,5,1
493079,493080,493084,4,1
493079,493080,493085,5,1
493079,493083,493085,2,4
493079,493080,493085,5,1
492892,493044,493085,41,152
492893,493047,493084,37,154
492901,493056,493085,29,155
493079,493083,493084,1,4
492893,493045,493084,39,152
493079,493080,493086,6,1
492899,493054,493085,31,155
493079,493080,493085,5,1
492898,493054,493085,31,156
493079,493080,493085,5,1
493079,493080,493085,5,1
493079,493084,493086,2,5
493079,493084,493085,1,5
493079,493080,493086,6,1
493079,493080,493086,6,1
493079,493080,493085,5,1
492900,493056,493085,29,156
493079,493083,493086,3,4
492926,493062,493086,24,136
493079,493080,493086,6,1
493079,493085,493086,1,6
492732,492959,493085,126,227
493079,493080,493085,5,1
493079,493084,493086,2,5
493079,493084,493085,1,5
493079,493080,493086,6,1
493079,493084,493086,2,5
493079,493084,493086,2,5
493079,493085,493086,1,6
492897,493052,493086,34,155
493079,493084,493087,3,5
493079,493080,493086,6,1
492895,493050,493086,36,155
493079,493085,493087,2,6
493079,493085,493086,1,6
493079,493085,493086,1,6
493079,493080,493087,7,1
493079,493085,493087,2,6
493079,493086,493087,1,7
493079,493086,493087,1,7
493079,493085,493086,1,6
493079,493086,493087,1,7
492923,493058,493086,28,135
492925,493061,493087,26,136
492899,493055,493087,32,156
492924,493060,493087,27,136
493079,493080,493087,7,1
493079,493080,493087,7,1
493079,493080,493087,7,1
493079,493084,493087,3,5
493079,493080,493087,7,1
493079,493080,493088,8,1
492894,493048,493087,39,154
493079,493086,493087,1,7
493079,493086,493088,2,7
493079,493086,493088,2,7
493079,493086,493087,1,7
493079,493080,493088,8,1
493079,493086,493088,2,7
492902,493058,493087,29,156
492903,493058,493088,30,155
492931,493070,493088,18,139
492738,492962,493088,126,224
492899,493055,493088,33,156
493079,493080,493089,9,1
493079,493080,493088,8,1
493079,493080,493089,9,1
493079,493086,493088,2,7
493079,493080,493088,8,1
493079,493086,493088,2,7
493079,493080,493088,8,1
493079,493086,493088,2,7
492897,493052,493089,37,155
492901,493057,493089,32,156
492738,492961,493090,129,223
492896,493051,493089,38,155
492901,493057,493090,33,156
492901,493056,493089,33,155
492925,493061,493090,29,136
492898,493053,493090,37,155
492737,492961,493090,129,224
492928,493065,493090,25,137
492928,493065,493090,25,137
493079,493080,493091,11,1
492933,493074,493091,17,141
493079,493080,493091,11,1
492929,493066,493091,25,137
492925,493061,493091,30,136
492928,493066,493091,25,138
492925,493060,493092,32,135
492899,493055,493092,37,156
492897,493052,493093,41,155
492924,493060,493093,33,136
492933,493073,493093,20,140
492934,493076,493093,17,142
492929,493066,493093,27,137
492925,493061,493093,32,136
493079,493080,493093,13,1
492932,493073,493094,21,141
492927,493064,493094,30,137
492926,493063,493094,31,137
493079,493080,493094,14,1
492900,493056,493095,39,156
492923,493059,493094,35,136
492923,493059,493095,36,136
492928,493065,493096,31,137
492928,493065,493096,31,137
493079,493080,493095,15,1
492902,493058,493095,37,156
492924,493060,493095,35,136
492927,493063,493096,33,136
492924,493060,493096,36,136
492926,493062,493096,34,136
492927,493064,493096,32,137
492927,493063,493097,34,136
492929,493066,493097,31,137
492930,493069,493097,28,139
492932,493072,493097,25,140
492930,493068,493097,29,138
492926,493063,493098,35,137
492929,493066,493098,32,137
492929,493067,493097,30,138
492930,493070,493097,27,140
492923,493059,493098,39,136
492926,493062,493099,37,136
492929,493066,493098,32,137
492899,493054,493099,45,155
492932,493073,493099,26,141
492935,493078,493099,21,143
492931,493070,493099,29,139
492924,493060,493100,40,136
492930,493068,493100,32,138
492931,493070,493100,30,139
492930,493068,493100,32,138
492928,493065,493101,36,137
492930,493069,493101,32,139
492927,493063,493102,39,136
492932,493073,493102,29,141
492934,493077,493103,26,143
492934,493077,493103,26,143
492541,492877,493103,226,336
492938,493082,493103,21,144
492927,493063,493104,41,136
492927,493064,493104,40,137
492898,493053,493104,51,155
492933,493073,493104,31,140
492934,493076,493103,27,142
492929,493067,493104,37,138
492930,493069,493104,35,139
492929,493067,493105,38,138
492930,493069,493105,36,139
492928,493065,493105,40,137
492931,493070,493105,35,139
492931,493071,493106,35,140
492933,493076,493106,30,143
492932,493072,493106,34,140
492933,493074,493106,32,141
492931,493070,493106,36,139
492924,493059,493106,47,135
492932,493073,493107,34,141
492932,493071,493107,36,139
492935,493078,493107,29,143
492936,493081,493107,26,145
492934,493077,493108,31,143
492937,493082,493108,26,145
493107,493108,493109,1,1
493107,493108,493109,1,1
492936,493081,493108,27,145
492933,493076,493109,33,143
492944,493089,493108,19,145
493107,493108,493109,1,1
493107,493108,493109,1,1
493107,493108,493109,1,1
492933,493075,493109,34,142
492936,493080,493109,29,144
492936,493080,493110,30,144
492932,493072,493110,38,140
493107,493109,493110,1,2
493107,493109,493110,1,2
493107,493109,493110,1,2
493107,493108,493111,3,1
492933,493075,493111,36,142
492935,493078,493110,32,143
492947,493094,493111,17,147
493107,493108,493111,3,1
493107,493110,493112,2,3
493107,493110,493111,1,3
493107,493110,493111,1,3
492931,493071,493111,40,140
492938,493083,493111,28,145
492936,493079,493111,32,143
492938,493083,493111,28,145
493107,493108,493111,3,1
492937,493082,493112,30,145
492937,493082,493112,30,145
492946,493091,493112,21,145
492936,493080,493112,32,144
493107,493108,493112,4,1
493107,493108,493113,5,1
493107,493108,493113,5,1
493107,493108,493113,5,1
492946,493091,493112,21,145
493107,493111,493112,1,4
493107,493108,493112,4,1
493107,493112,493113,1,5
493107,493112,493113,1,5
493107,493111,493112,1,4
493107,493111,493112,1,4
492939,493085,493112,27,146
493107,493111,493113,2,4
492938,493083,493113,30,145
492934,493076,493113,37,142
493107,493108,493113,5,1
493107,493108,493113,5,1
493107,493108,493113,5,1
493107,493108,493113,5,1
493107,493108,493114,6,1
493107,493112,493114,2,5
493107,493112,493114,2,5
493107,493108,493113,5,1
492947,493094,493114,20,147
492943,493086,493114,28,143
493107,493108,493113,5,1
493107,493113,493114,1,6
493107,493112,493114,2,5
492938,493084,493114,30,146
493107,493108,493114,6,1
493107,493108,493114,6,1
493107,493108,493114,6,1
492936,493080,493114,34,144
492937,493081,493114,33,144
493107,493108,493114,6,1
493107,493108,493115,7,1
493107,493108,493114,6,1
493107,493108,493115,7,1
493107,493108,493114,6,1
493107,493108,493114,6,1
493107,493113,493115,2,6
493107,493113,493114,1,6
493107,493113,493115,2,6
493107,493108,493114,6,1
493107,493113,493115,2,6
493107,493113,493114,1,6
493107,493114,493115,1,7
493107,493108,493114,6,1
493107,493113,493114,1,6
492944,493088,493115,27,144
493107,493108,493116,8,1
493107,493108,493116,8,1
493107,493108,493115,7,1
493107,493108,493115,7,1
493107,493113,493116,3,6
493107,493114,493115,1,7
493107,493108,493115,7,1
493107,493108,493115,7,1
493107,493114,493116,2,7
493107,493114,493115,1,7
493107,493114,493115,1,7
493107,493114,493115,1,7
492935,493078,493115,37,143
493107,493114,493115,1,7
493107,493108,493116,8,1
493107,493114,493116,2,7
493107,493113,493116,3,6
493107,493113,493116,3,6
492937,493082,493116,34,145
493107,493113,493116,3,6
493107,493108,493117,9,1
492934,493077,493117,40,143
492939,493085,493117,32,146
492939,493084,493116,32,145
493107,493108,493117,9,1
492939,493085,493118,33,146
492943,493086,493118,32,143
492935,493079,493117,38,144
493107,493114,493117,3,7
492938,493083,493118,35,145
492942,493086,493118,32,144
492735,492960,493117,157,225
492936,493080,493118,38,144
492934,493077,493118,41,143
493107,493108,493118,10,1
492939,493084,493118,34,145
493107,493108,493118,10,1
492946,493090,493118,28,144
492733,492959,493118,159,226
492737,492961,493118,157,224
492948,493094,493119,25,146
492937,493081,493119,38,144
492737,492961,493119,158,224
492946,493092,493119,27,146
492938,493082,493120,38,144
492944,493088,493120,32,144
492943,493088,493120,32,145
493107,493108,493120,12,1
492935,493079,493120,41,144
492935,493078,493120,42,143
492945,493089,493121,32,144
492936,493081,493121,40,145
492947,493094,493120,26,147
492939,493085,493121,36,146
492947,493093,493121,28,146
492952,493099,493121,22,147
492935,493079,493122,43,144
492942,493086,493122,36,144
492944,493088,493122,34,144
492939,493084,493123,39,145
492945,493089,493122,33,144
492938,493084,493123,39,146
492948,493095,493124,29,147
492939,493085,493124,39,146
492949,493096,493124,28,147
492942,493086,493125,39,144
492937,493081,493125,44,144
492945,493090,493124,34,145
492945,493090,493125,35,145
492947,493092,493125,33,145
492952,493099,493125,26,147
492944,493088,493126,38,144
492946,493092,493125,33,146
492973,493104,493126,22,131
492944,493088,493127,39,144
492951,493098,493127,29,147
492945,493090,493127,37,145
492948,493095,493126,31,147
492950,493097,493128,31,147
492945,493090,493128,38,145
492944,493089,493128,39,145
492946,493091,493128,37,145
492945,493090,493128,38,145
492949,493096,493128,32,147
492949,493097,493128,31,148
492950,493097,493128,31,147
492952,493100,493128,28,148
492950,493097,493129,32,147
492944,493089,493129,40,145
492946,493091,493129,38,145
492949,493096,493129,33,147
492951,493098,493129,31,147
492952,493100,493130,30,148
492940,493085,493130,45,145
492945,493090,493130,40,145
492973,493104,493130,26,131
492950,493097,493131,34,147
492947,493094,493131,37,147
492951,493098,493132,34,147
492946,493091,493131,40,145
492947,493093,493131,38,146
492974,493105,493131,26,131
492973,493104,493131,27,131
492951,493099,493132,33,148
492947,493094,493132,38,147
492949,493097,493132,35,148
492950,493098,493133,35,148
493132,493132,493133,1,0
492682,492947,493133,186,265
492977,493109,493133,24,132
492948,493096,493134,38,148
492952,493101,493133,32,149
492943,493087,493133,46,144
493132,493132,493133,1,0
493132,493132,493133,1,0
493132,493132,493133,1,0
493132,493132,493133,1,0
492980,493114,493134,20,134
492949,493097,493134,37,148
492943,493087,493135,48,144
492950,493097,493135,38,147
492949,493096,493134,38,147
492976,493108,493134,26,132
493132,493132,493135,3,0
493132,493134,493135,1,2
493132,493132,493135,3,0
493132,493133,493135,2,1
492974,493104,493135,31,130
492978,493111,493136,25,133
493132,493134,493136,2,2
492977,493109,493136,27,132
493132,493132,493136,4,0
493132,493132,493135,3,0
493132,493134,493135,1,2
493132,493132,493136,4,0
492973,493104,493136,32,131
493132,493135,493136,1,3
493132,493136,493137,1,4
492950,493098,493136,38,148
492948,493096,493136,40,148
492951,493099,493137,38,148
493132,493132,493137,5,0
493132,493132,493137,5,0
492949,493097,493137,40,148
493132,493137,493138,1,5
493132,493135,493137,2,3
493132,493135,493137,2,3
493132,493132,493138,6,0
493132,493136,493137,1,4
492974,493104,493138,34,130
493132,493132,493137,5,0
493132,493132,493138,6,0
493132,493132,493138,6,0
492979,493113,493138,25,134
493132,493132,493138,6,0
493132,493132,493138,6,0
493132,493132,493138,6,0
493132,493136,493138,2,4
493132,493132,493138,6,0
493132,493132,493138,6,0
493132,493132,493138,6,0
492978,493112,493138,26,134
492975,493106,493138,32,131
493132,493132,493138,6,0
493132,493132,493138,6,0
493132,493137,493138,1,5
493132,493132,493138,6,0
493132,493132,493138,6,0
493132,493132,493138,6,0
493132,493132,493139,7,0
493132,493137,493138,1,5
492952,493100,493139,39,148
493132,493137,493138,1,5
493132,493137,493139,2,5
493132,493138,493139,1,6
493132,493138,493139,1,6
493132,493132,493138,6,0
493132,493132,493139,7,0
493132,493132,493139,7,0
492951,493099,493139,40,148
493132,493132,493139,7,0
493132,493132,493139,7,0
493132,493132,493139,7,0
493132,493132,493139,7,0
493132,493138,493139,1,6
492976,493108,493139,31,132
493132,493138,493139,1,6
493132,493138,493139,1,6
493132,493138,493139,1,6
493132,493139,493140,1,7
492979,493113,493140,27,134
492976,493108,493140,32,132
492979,493113,493141,28,134
493132,493139,493140,1,7
493132,493139,493140,1,7
493132,493139,493140,1,7
493132,493139,493140,1,7
492952,493100,493140,40,148
492976,493107,493140,33,131
492977,493110,493140,30,133
492975,493107,493141,34,132
492983,493120,493140,20,137
493132,493132,493140,8,0
493132,493132,493140,8,0
493132,493138,493141,3,6
493132,493138,493141,3,6
493132,493138,493141,3,6
493132,493132,493141,9,0
493132,493138,493141,3,6
492975,493106,493141,35,131
493132,493139,493141,2,7
493132,493139,493141,2,7
493132,493139,493141,2,7
492951,493099,493141,42,148
492980,493116,493141,25,136
492983,493119,493142,23,136
493132,493132,493142,10,0
492952,493101,493142,41,149
493132,493132,493143,11,0
492974,493105,493143,38,131
492979,493112,493142,30,133
493132,493138,493143,5,6
492977,493111,493144,33,134
492973,493103,493143,40,130
492978,493111,493144,33,133
493132,493132,493144,12,0
493132,493132,493144,12,0
492973,493102,493145,43,129
492973,493102,493144,42,129
493132,493132,493145,13,0
493132,493132,493145,13,0
492980,493115,493145,30,135
492976,493108,493146,38,132
492976,493107,493146,39,131
492983,493119,493147,28,136
492981,493118,493146,28,137
492974,493104,493147,43,130
492978,493112,493147,35,134
492987,493127,493147,20,140
492983,493120,493147,27,137
492983,493120,493148,28,137
492979,493112,493148,36,133
492975,493107,493148,41,132
492974,493105,493148,43,131
492980,493115,493147,32,135
492739,492962,493149,187,223
492981,493118,493148,30,137
492984,493121,493149,28,137
492974,493104,493149,45,130
492985,493122,493149,27,137
492975,493105,493149,44,130
492975,493107,493149,42,132
492977,493110,493149,39,133
492981,493118,493150,32,137
492975,493106,493149,43,131
492980,493114,493149,35,134
492979,493113,493150,37,134
492742,492964,493149,185,222
492976,493108,493151,43,132
492978,493112,493152,40,134
492982,493119,493151,32,137
492981,493117,493151,34,136
492987,493126,493152,26,139
492978,493112,493152,40,134
492982,493118,493152,34,136
492984,493121,493152,31,137
492981,493118,493153,35,137
492977,493109,493153,44,132
492975,493106,493153,47,131
492992,493132,493154,22,140
492977,493109,493154,45,132
492978,493111,493154,43,133
492986,493125,493155,30,139
492993,493134,493155,21,141
492979,493113,493155,42,134
492982,493118,493155,37,136
492981,493118,493156,38,137
492994,493135,493156,21,141
492981,493118,493156,38,137
492980,493114,493157,43,134
492980,493115,493157,42,135
492986,493125,493157,32,139
492993,493134,493157,23,141
492991,493131,493157,26,140
492985,493122,493157,35,137
493157,493157,493158,1,0
493157,493157,493158,1,0
493157,493157,493158,1,0
493157,493157,493158,1,0
492983,493120,493157,37,137
492981,493117,493158,41,136
492982,493119,493159,40,137
492984,493121,493158,37,137
493157,493157,493158,1,0
493157,493157,493159,2,0
492992,493132,493159,27,140
492989,493128,493159,31,139
492995,493137,493160,23,142
493157,493157,493160,3,0
492987,493126,493160,34,139
492986,493124,493159,35,138
493157,493158,493160,2,1
493157,493158,493160,2,1
492985,493122,493160,38,137
493157,493158,493160,2,1
493157,493158,493160,2,1
492982,493119,493160,41,137
493157,493159,493160,1,2
492982,493119,493160,41,137
492986,493124,493160,36,138
492994,493136,493160,24,142
492990,493129,493160,31,139
493157,493157,493160,3,0
493157,493157,493161,4,0
493157,493157,493161,4,0
493157,493159,493161,2,2
492985,493123,493161,38,138
492995,493138,493161,23,143
492987,493127,493161,34,140
492991,493131,493162,31,140
493157,493157,493161,4,0
492985,493123,493162,39,138
493157,493157,493162,5,0
493157,493157,493162,5,0
493157,493160,493162,2,3
493157,493157,493162,5,0
493157,493157,493162,5,0
493157,493160,493162,2,3
492984,493121,493162,41,137
493157,493157,493162,5,0
493157,493161,493162,1,4
493157,493161,493162,1,4
493157,493161,493162,1,4
492986,493124,493162,38,138
492985,493122,493162,40,137
493157,493157,493163,6,0
493157,493157,493163,6,0
493157,493157,493163,6,0
493157,493157,493163,6,0
493157,493157,493163,6,0
492990,493130,493163,33,140
493157,493157,493163,6,0
493157,493160,493163,3,3
493157,493157,493162,5,0
493157,493157,493163,6,0
493157,493163,493164,1,6
493157,493163,493164,1,6
492989,493129,493163,34,140
492984,493121,493163,42,137
492994,493135,493163,28,141
493157,493157,493164,7,0
493157,493163,493164,1,6
493157,493163,493164,1,6
493157,493163,493164,1,6
493157,493157,493164,7,0
493157,493161,493163,2,4
493157,493157,493163,6,0
493157,493163,493164,1,6
493157,493163,493164,1,6
492983,493120,493163,43,137
493157,493162,493163,1,5
493157,493162,493163,1,5
492998,493142,493163,21,144
493157,493157,493164,7,0
493157,493157,493164,7,0
493157,493157,493163,6,0
493157,493157,493164,7,0
493157,493157,493163,6,0
492986,493123,493164,41,137
492991,493131,493163,32,140
492993,493134,493164,30,141
492986,493125,493164,39,139
493157,493163,493164,1,6
493157,493163,493164,1,6
493157,493163,493164,1,6
493157,493163,493164,1,6
492990,493129,493165,36,139
492987,493126,493164,38,139
493157,493157,493164,7,0
493157,493162,493164,2,5
493157,493164,493165,1,7
492986,493125,493164,39,139
492997,493141,493165,24,144
493157,493157,493164,7,0
493157,493163,493165,2,6
493157,493163,493165,2,6
492984,493121,493165,44,137
492987,493126,493165,39,139
493157,493157,493166,9,0
493157,493164,493166,2,7
493157,493164,493165,1,7
493157,493157,493166,9,0
492987,493125,493166,41,138
492989,493128,493165,37,139
493157,493157,493166,9,0
493157,493157,493165,8,0
493157,493163,493166,3,6
492996,493140,493166,26,144
492978,493111,493166,55,133
492992,493132,493166,34,140
493157,493157,493167,10,0
492990,493130,493167,37,140
493157,493157,493168,11,0
492996,493141,493168,27,145
492993,493134,493168,34,141
493157,493157,493167,10,0
493000,493148,493168,20,148
492987,493128,493168,40,141
492985,493123,493168,45,138
492988,493128,493169,41,140
492988,493128,493168,40,140
493157,493163,493168,5,6
492984,493121,493168,47,137
492991,493131,493169,38,140
492991,493130,493169,39,139
493157,493157,493169,12,0
492989,493128,493169,41,139
493157,493157,493170,13,0
492990,493130,493170,40,140
492989,493129,493170,41,140
492993,493133,493170,37,140
492984,493121,493170,49,137
492995,493137,493170,33,142
492992,493133,493170,37,141
492989,493129,493171,42,140
493157,493157,493171,14,0
492999,493145,493171,26,146
492990,493129,493172,43,139
492990,493129,493171,42,139
492994,493135,493172,37,141
492993,493134,493172,38,141
492995,493137,493172,35,142
492992,493132,493173,41,140
492997,493141,493172,31,144
492999,493147,493173,26,148
492994,493135,493173,38,141
492996,493140,493173,33,144
492992,493132,493174,42,140
492994,493135,493174,39,141
493000,493148,493175,27,148
492995,493138,493175,37,143
492998,493142,493175,33,144
492991,493131,493175,44,140
492993,493133,493175,42,140
492994,493135,493176,41,141
493023,493152,493177,25,129
493024,493155,493176,21,131
492992,493132,493176,44,140
493024,493156,493177,21,132
492997,493141,493177,36,144
492997,493141,493178,37,144
492991,493132,493177,45,141
492995,493137,493177,40,142
493025,493157,493178,21,132
493025,493158,493179,21,133
492996,493139,493178,39,143
492999,493146,493178,32,147
492999,493147,493178,31,148
492996,493139,493178,39,143
493022,493150,493178,28,128
492995,493137,493179,42,142
493021,493150,493178,28,129
492997,493142,493179,37,145
492998,493144,493179,35,146
492996,493140,493180,40,144
492994,493136,493180,44,142
492998,493144,493180,36,146
492997,493141,493180,39,144
492999,493146,493181,35,147
492995,493138,493180,42,143
492997,493142,493181,39,145
493000,493149,493181,32,149
492996,493140,493181,41,144
492998,493144,493182,38,146
493026,493160,493182,22,134
492996,493139,493182,43,143
492999,493145,493182,37,146
493000,493148,493183,35,148
493000,493147,493183,36,147
493182,493182,493183,1,0
493182,493182,493184,2,0
493027,493161,493183,22,134
492999,493146,493183,37,147
493182,493182,493184,2,0
493182,493182,493184,2,0
492998,493143,493184,41,145
493182,493182,493184,2,0
493182,493182,493184,2,0
493021,493149,493184,35,128
492998,493144,493184,40,146
493025,493158,493184,26,133
493028,493162,493185,23,134
493182,493184,493186,2,2
493182,493184,493185,1,2
493029,493164,493186,22,135
493026,493160,493186,26,134
493000,493149,493186,37,149
493182,493185,493187,2,3
493182,493182,493186,4,0
493182,493185,493186,1,3
493023,493152,493187,35,129
493021,493149,493186,37,128
493182,493185,493186,1,3
493182,493186,493187,1,4
493182,493185,493186,1,3
493182,493183,493187,4,1
493182,493183,493187,4,1
493182,493183,493187,4,1
493182,493183,493187,4,1
493182,493183,493187,4,1
493182,493183,493187,4,1
493022,493152,493187,35,130
493182,493183,493188,5,1
493182,493186,493187,1,4
493030,493165,493188,23,135
493182,493183,493187,4,1
493023,493154,493188,34,131
493025,493158,493188,30,133
493182,493183,493188,5,1
493182,493183,493189,6,1
493182,493182,493189,7,0
493182,493188,493189,1,6
492999,493147,493189,42,148
493182,493183,493189,6,1
493182,493187,493188,1,5
493182,493182,493189,7,0
493182,493182,493188,6,0
493182,493187,493188,1,5
493182,493187,493188,1,5
493021,493150,493188,38,129
493022,493150,493188,38,128
493024,493155,493188,33,131
493182,493187,493188,1,5
493182,493187,493189,2,5
493182,493188,493189,1,6
493182,493187,493189,2,5
493182,493188,493189,1,6
493182,493188,493189,1,6
493026,493160,493188,28,134
493182,493182,493189,7,0
493182,493183,493189,6,1
493182,493183,493189,6,1
493182,493188,493190,2,6
493027,493161,493190,29,134
493182,493188,493190,2,6
493182,493182,493189,7,0
493182,493188,493189,1,6
493182,493182,493189,7,0
493000,493148,493189,41,148
493022,493150,493190,40,128
493182,493189,493190,1,7
493182,493189,493190,1,7
493182,493189,493190,1,7
493022,493150,493190,40,128
493182,493182,493190,8,0
493182,493189,493190,1,7
493182,493183,493190,7,1
493182,493183,493190,7,1
493182,493183,493190,7,1
493182,493188,493190,2,6
493182,493182,493191,9,0
493029,493164,493191,27,135
493031,493168,493190,22,137
493182,493189,493190,1,7
493182,493189,493190,1,7
493026,493158,493190,32,132
493024,493154,493191,37,130
493028,493163,493190,27,135
493182,493189,493190,1,7
493182,493189,493190,1,7
493022,493151,493191,40,129
493182,493189,493190,1,7
493182,493182,493191,9,0
493182,493189,493191,2,7
493182,493183,493191,8,1
493182,493183,493191,8,1
493182,493182,493191,9,0
493182,493188,493191,3,6
493182,493182,493191,9,0
493182,493189,493191,2,7
493182,493189,493191,2,7
493021,493150,493192,42,129
493022,493152,493192,40,130
493030,493165,493192,27,135
493182,493182,493192,10,0
493182,493182,493193,11,0
493182,493182,493192,10,0
493031,493167,493192,25,136
493032,493168,493193,25,136
493024,493155,493193,38,131
493182,493182,493193,11,0
493027,493161,493193,32,134
493023,493153,493194,41,130
493027,493161,493194,33,134
493021,493150,493194,44,129
493025,493157,493195,38,132
493023,493154,493195,41,131
493023,493153,493195,42,130
493025,493157,493195,38,132
493182,493182,493195,13,0
493182,493182,493195,13,0
493046,493178,493196,18,132
493182,493182,493196,14,0
493182,493182,493197,15,0
493021,493149,493196,47,128
493023,493152,493196,44,129
493030,493165,493196,31,135
493045,493175,493197,22,130
493024,493156,493197,41,132
493022,493150,493197,47,128
493029,493163,493197,34,134
493027,493161,493198,37,134
493027,493160,493198,38,133
493026,493159,493199,40,133
493025,493157,493199,42,132
493023,493153,493200,47,130
493025,493158,493200,42,133
493031,493167,493199,32,136
493028,493162,493199,37,134
493046,493179,493200,21,133
493031,493166,493201,35,135
493021,493149,493200,51,128
493026,493159,493201,42,133
493046,493179,493201,22,133
493027,493160,493201,41,133
493028,493162,493202,40,134
493044,493173,493202,29,129
493028,493162,493202,40,134
493029,493164,493202,38,135
493028,493163,493202,39,135
493026,493159,493202,43,133
493028,493163,493203,40,135
493030,493164,493203,39,134
493024,493155,493203,48,131
493033,493170,493203,33,137
493030,493165,493203,38,135
493027,493161,493203,42,134
493026,493158,493203,45,132
493024,493156,493203,47,132
493045,493177,493204,27,132
493029,493164,493204,40,135
493031,493166,493204,38,135
493046,493177,493205,28,131
493047,493179,493205,26,132
493031,493166,493205,39,135
493033,493171,493205,34,138
493028,493163,493206,43,135
493031,493167,493205,38,136
493032,493170,493206,36,138
493029,493164,493206,42,135
493044,493173,493206,33,129
493049,493184,493206,22,135
493030,493165,493206,41,135
493032,493169,493206,37,137
493044,493174,493206,32,130
493047,493179,493207,28,132
493042,493172,493207,35,130
493029,493164,493207,43,135
493030,493165,493207,42,135
493033,493171,493208,37,138
493045,493176,493208,32,131
493047,493179,493207,28,132
493033,493170,493208,38,137
493208,493208,493209,1,0
493208,493208,493209,1,0
493208,493208,493209,1,0
493208,493208,493210,2,0
493033,493170,493209,39,137
493034,493171,493209,38,137
493208,493208,493210,2,0
493051,493188,493210,22,137
493033,493171,493209,38,138
493208,493208,493210,2,0
493050,493185,493210,25,135
492998,493144,493211,67,146
493033,493171,493210,39,138
493030,493166,493211,45,136
493208,493210,493211,1,2
493044,493173,493212,39,129
493208,493210,493211,1,2
493208,493210,493211,1,2
493208,493210,493211,1,2
493208,493210,493211,1,2
493046,493177,493212,35,131
493050,493186,493211,25,136
493044,493173,493212,39,129
493208,493209,493212,3,1
493208,493209,493212,3,1
493208,493209,493212,3,1
493208,493209,493212,3,1
493050,493186,493212,26,136
493208,493211,493212,1,3
493208,493208,493213,5,0
493032,493168,493213,45,136
493208,493212,493213,1,4
493032,493169,493212,43,137
493032,493169,493212,43,137
493042,493171,493213,42,129
493045,493177,493213,36,132
493045,493175,493213,38,130
493208,493209,493213,4,1
493208,493209,493213,4,1
493049,493182,493213,31,133
493050,493185,493214,29,135
493208,493209,493213,4,1
493208,493209,493213,4,1
493208,493209,493213,4,1
493045,493174,493214,40,129
493208,493212,493213,1,4
493208,493212,493213,1,4
493208,493212,493214,2,4
493031,493168,493213,45,137
493208,493212,493213,1,4
493044,493173,493214,41,129
493208,493209,493214,5,1
493208,493209,493214,5,1
493032,493169,493214,45,137
493208,493209,493214,5,1
493208,493209,493214,5,1
493208,493213,493214,1,5
493208,493209,493215,6,1
493208,493213,493214,1,5
493208,493209,493215,6,1
493208,493213,493215,2,5
493208,493209,493214,5,1
493208,493209,493215,6,1
493208,493213,493214,1,5
493075,493196,493214,18,121
493208,493209,493215,6,1
493208,493214,493215,1,6
493208,493208,493215,7,0
493208,493213,493214,1,5
493208,493214,493215,1,6
493208,493209,493215,6,1
493048,493180,493216,36,132
493208,493209,493215,6,1
493076,493197,493215,18,121
493208,493209,493216,7,1
493208,493208,493215,7,0
493208,493209,493215,6,1
493208,493213,493215,2,5
493208,493214,493216,2,6
493208,493209,493215,6,1
493208,493214,493215,1,6
493033,493171,493215,44,138
493208,493209,493215,6,1
493208,493214,493215,1,6
493054,493193,493215,22,139
493208,493209,493216,7,1
493208,493214,493216,2,6
493208,493215,493217,2,7
493208,493209,493216,7,1
493208,493214,493216,2,6
493208,493209,493216,7,1
493208,493209,493216,7,1
493208,493213,493217,4,5
493208,493214,493216,2,6
493047,493179,493216,37,132
493208,493208,493217,9,0
493208,493215,493216,1,7
493208,493215,493216,1,7
493208,493209,493216,7,1
493208,493214,493217,3,6
493208,493215,493217,2,7
493208,493215,493216,1,7
493208,493215,493216,1,7
493046,493178,493217,39,132
493044,493173,493217,44,129
493208,493209,493216,7,1
493208,493215,493217,2,7
493049,493183,493217,34,134
493052,493191,493217,26,139
493051,493187,493218,31,136
493042,493173,493218,45,131
493208,493215,493218,3,7
493208,493209,493218,9,1
493077,493201,493218,17,124
493042,493173,493219,46,131
493044,493174,493219,45,130
493048,493181,493219,38,133
493046,493178,493219,41,132
493046,493178,493219,41,132
493046,493178,493219,41,132
493047,493179,493220,41,132
493047,493179,493220,41,132
493077,493202,493220,18,125
493208,493209,493220,11,1
493208,493208,493220,12,0
493049,493182,493220,38,133
493048,493180,493221,41,132
493051,493188,493220,32,137
493076,493198,493220,22,122
493048,493181,493221,40,133
493045,493175,493220,45,130
493208,493208,493221,13,0
493054,493193,493222,29,139
493080,493205,493222,17,125
493078,493202,493222,20,124
493049,493184,493222,38,135
493049,493183,493223,40,134
493049,493182,493222,40,133
493052,493190,493223,33,138
493077,493200,493223,23,123
493077,493200,493223,23,123
493076,493199,493223,24,123
493080,493205,493223,18,125
493076,493200,493224,24,124
493048,493182,493223,41,134
493053,493191,493224,33,138
493049,493182,493224,42,133
493075,493197,493224,27,122
493045,493176,493224,48,131
493080,493206,493224,18,126
493048,493180,493224,44,132
493053,493192,493225,33,139
493045,493176,493225,49,131
493049,493183,493225,42,134
493052,493189,493226,37,137
493048,493181,493226,45,133
493081,493207,493226,19,126
493079,493204,493226,22,125
493075,493196,493226,30,121
493051,493189,493227,38,138
493077,493201,493227,26,124
493078,493203,493228,25,125
493054,493194,493227,33,140
493050,493185,493228,43,135
493052,493190,493228,38,138
493053,493191,493229,38,138
493054,493194,493228,34,140
493054,493192,493229,37,138
493052,493191,493229,38,139
493048,493182,493230,48,134
493075,493197,493230,33,122
493053,493191,493229,38,138
493076,493198,493230,32,122
493051,493188,493229,41,137
493052,493189,493230,41,137
493054,493194,493230,36,140
493052,493190,493230,40,138
493080,493205,493230,25,125
493050,493184,493230,46,134
493077,493201,493231,30,124
493078,493202,493231,29,124
493083,493208,493231,23,125
493079,493204,493231,27,125
493086,493215,493232,17,129
493047,493179,493232,53,132
493054,493195,493232,37,141
493051,493188,493231,43,137
493078,493202,493231,29,124
493086,493214,493231,17,128
493050,493185,493232,47,135
493075,493197,493231,34,122
493080,493206,493232,26,126
493084,493211,493232,21,127
493081,493207,493232,25,126
493082,493208,493233,25,126
493078,493202,493233,31,124
493055,493196,493233,37,141
493076,493198,493233,35,122
493054,493194,493233,39,140
493087,493216,493234,18,129
493053,493192,493234,42,139
493079,493203,493234,31,124
493082,493208,493234,26,126
493054,493195,493234,39,141
493075,493196,493234,38,121
493080,493205,493234,29,125
493083,493210,493234,24,127
493234,493234,493235,1,0
493234,493234,493235,1,0
493082,493207,493235,28,125
493234,493234,493236,2,0
493084,493212,493236,24,128
493078,493203,493235,32,125
493081,493207,493236,29,126
493076,493199,493236,37,123
493076,493200,493235,35,124
493078,493202,493235,33,124
493085,493213,493235,22,128
493083,493210,493236,26,127
493085,493213,493236,23,128
493234,493234,493236,2,0
493234,493234,493236,2,0
493234,493234,493236,2,0
493077,493200,493236,36,123
493082,493207,493236,29,125
493083,493211,493237,26,128
493084,493212,493236,24,128
493078,493203,493236,33,125
493089,493221,493237,16,132
493082,493208,493236,28,126
493052,493190,493237,47,138
493083,493209,493237,28,126
493052,493190,493237,47,138
493086,493214,493237,23,128
493234,493236,493237,1,2
493234,493236,493237,1,2
493234,493236,493237,1,2
493085,493213,493238,25,128
493084,493212,493237,25,128
493083,493208,493238,30,125
492637,492931,493237,306,294
493079,493204,493238,34,125
493085,493212,493238,26,127
493085,493213,493238,25,128
493234,493235,493238,3,1
493234,493235,493238,3,1
493234,493237,493238,1,3
493234,493237,493238,1,3
493234,493237,493238,1,3
493080,493204,493238,34,124
493081,493206,493239,33,125
493081,493206,493238,32,125
493088,493219,493238,19,131
493234,493235,493239,4,1
493234,493235,493239,4,1
493234,493235,493239,4,1
493234,493234,493239,5,0
493234,493234,493239,5,0
493234,493235,493239,4,1
493234,493239,493240,1,5
493234,493238,493239,1,4
493234,493238,493239,1,4
493234,493238,493239,1,4
493086,493214,493240,26,128
493086,493214,493240,26,128
493081,493206,493240,34,125
493088,493218,493240,22,130
493051,493187,493240,53,136
493051,493189,493240,51,138
493090,493222,493240,18,132
493234,493234,493240,6,0
493234,493239,493240,1,5
493234,493234,493241,7,0
493234,493234,493240,6,0
493234,493234,493241,7,0
493234,493239,493241,2,5
493234,493239,493240,1,5
493234,493240,493241,1,6
493234,493234,493241,7,0
493234,493240,493241,1,6
493093,493227,493241,14,134
493081,493207,493241,34,126
493050,493185,493241,56,135
493079,493204,493241,37,125
493085,493213,493241,28,128
493234,493234,493241,7,0
493234,493234,493241,7,0
493091,493224,493242,18,133
493234,493234,493241,7,0
493234,493235,493241,6,1
493234,493234,493241,7,0
493234,493235,493241,6,1
493234,493240,493241,1,6
493234,493240,493241,1,6
493234,493241,493242,1,7
493234,493241,493242,1,7
493234,493240,493242,2,6
493234,493241,493242,1,7
493234,493234,493242,8,0
493234,493234,493241,7,0
493234,493241,493242,1,7
493234,493234,493241,7,0
493234,493240,493241,1,6
493234,493241,493242,1,7
493077,493201,493242,41,124
493087,493216,493242,26,129
493087,493216,493242,26,129
493084,493211,493242,31,127
493234,493239,493242,3,5
493234,493234,493242,8,0
493234,493235,493242,7,1
493234,493240,493242,2,6
493234,493240,493243,3,6
493234,493240,493242,2,6
493234,493241,493242,1,7
493234,493234,493242,8,0
493234,493240,493242,2,6
493234,493241,493243,2,7
493087,493218,493243,25,131
493234,493234,493242,8,0
493234,493234,493243,9,0
493234,493241,493242,1,7
493087,493216,493243,27,129
493082,493208,493242,34,126
493079,493204,493243,39,125
493088,493218,493243,25,130
493082,493207,493243,36,125
493234,493242,493244,2,8
493234,493234,493243,9,0
493234,493241,493243,2,7
493234,493234,493243,9,0
493234,493241,493243,2,7
493091,493224,493244,20,133
493083,493210,493244,34,127
493234,493235,493244,9,1
493090,493221,493244,23,131
493090,493222,493245,23,132
493234,493234,493244,10,0
493234,493234,493244,10,0
493053,493191,493245,54,138
493084,493211,493245,34,127
493234,493234,493245,11,0
493090,493222,493245,23,132
493090,493221,493245,24,131
493082,493207,493245,38,125
493092,493224,493246,22,132
493088,493220,493246,26,132
493076,493199,493246,47,123
493234,493235,493246,11,1
493089,493220,493246,26,131
493089,493220,493246,26,131
493234,493234,493247,13,0
493092,493225,493247,22,133
493091,493224,493246,22,133
493088,493220,493246,26,132
493234,493234,493246,12,0
493089,493221,493247,26,132
493085,493213,493247,34,128
493089,493220,493247,27,131
493090,493222,493247,25,132
493086,493215,493247,32,129
493097,493232,493248,16,135
493051,493187,493248,61,136
493234,493234,493249,15,0
493090,493222,493249,27,132
493088,493220,493248,28,132
493090,493221,493248,27,131
493087,493217,493249,32,130
493047,493179,493249,70,132
493089,493221,493250,29,132
493086,493215,493250,35,129
493089,493220,493250,30,131
493087,493217,493250,33,130
493091,493224,493250,26,133
493093,493227,493251,24,134
493092,493224,493251,27,132
493093,493227,493252,25,134
493084,493212,493252,40,128
493092,493224,493251,27,132
493085,493213,493252,39,128
493234,493234,493252,18,0
493093,493226,493252,26,133
493091,493223,493253,30,132
493122,493237,493253,16,115
493124,493238,493253,15,114
493125,493239,493254,15,114
493095,493230,493254,24,135
493094,493228,493254,26,134
493097,493231,493254,23,134
493087,493217,493254,37,130
493096,493230,493254,24,134
493098,493233,493255,22,135
493098,493233,493255,22,135
493096,493231,493254,23,135
493092,493225,493255,30,133
493095,493229,493255,26,134
493093,493226,493255,29,133
493093,493225,493256,31,132
493088,493220,493255,35,132
493094,493229,493256,27,135
493099,493234,493257,23,135
493094,493228,493256,28,134
493095,493230,493257,27,135
493092,493225,493257,32,133
493123,493238,493256,18,115
493094,493227,493256,29,133
493096,493231,493257,26,135
493094,493228,493257,29,134
493100,493236,493257,21,136
493128,493243,493257,14,115
493091,493223,493258,35,132
493097,493232,493258,26,135
493096,493231,493258,27,135
493088,493219,493258,39,131
493101,493236,493259,23,135
493098,493233,493259,26,135
493094,493229,493259,30,135
493095,493230,493258,28,135
493094,493228,493259,31,134
493098,493234,493259,25,136
493096,493231,493259,28,135
493129,493245,493259,14,116
493099,493234,493261,27,135
493093,493227,493260,33,134
493127,493241,493260,19,114
493091,493224,493261,37,133
492798,492983,493261,278,185
493092,493225,493262,37,133
493100,493235,493262,27,135
493096,493231,493262,31,135
493098,493233,493262,29,135
493095,493230,493262,32,135
493126,493241,493263,22,115
493125,493238,493263,25,113
493095,493230,493263,33,135
493097,493233,493264,31,136
493101,493236,493264,28,135
493096,493231,493263,32,135
493126,493241,493264,23,115
493129,493245,493264,19,116
493122,493237,493264,27,115
493098,493233,493264,31,135
493097,493232,493265,33,135
493095,493230,493264,34,135
493127,493242,493265,23,115
493122,493237,493265,28,115
493126,493241,493265,24,115
493264,493264,493265,1,0
493264,493264,493265,1,0
493097,493233,493265,32,136
493099,493235,493265,30,136
493098,493233,493265,32,135
493264,493264,493265,1,0
493264,493264,493266,2,0
493094,493229,493266,37,135
493099,493234,493266,32,135
493264,493264,493265,1,0
493128,493243,493266,23,115
493264,493264,493266,2,0
493096,493231,493267,36,135
493100,493236,493266,30,136
493099,493235,493266,31,136
493099,493234,493266,32,135
493264,493265,493267,2,1
493122,493237,493267,30,115
493264,493265,493267,2,1
493101,493236,493268,32,135
493123,493237,493268,31,114
493099,493234,493267,33,135
493098,493233,493267,34,135
492729,492957,493267,310,228
493131,493248,493268,20,117
493264,493266,493268,2,2
493264,493266,493268,2,2
493264,493267,493268,1,3
493264,493267,493268,1,3
493122,493237,493269,32,115
493101,493236,493268,32,135
493129,493246,493269,23,117
493264,493264,493269,5,0
493264,493264,493269,5,0
493264,493264,493269,5,0
493264,493264,493269,5,0
493264,493264,493269,5,0
493264,493268,493269,1,4
493130,493246,493269,23,116
493264,493264,493269,5,0
493264,493264,493269,5,0
493264,493269,493270,1,5
493264,493268,493269,1,4
493264,493269,493270,1,5
493100,493236,493269,33,136
493100,493235,493270,35,135
493122,493237,493270,33,115
493130,493247,493270,23,117
493264,493264,493270,6,0
493101,493236,493270,34,135
493123,493237,493270,33,114
493264,493269,493270,1,5
493264,493269,493270,1,5
493264,493264,493270,6,0
493264,493264,493270,6,0
493264,493264,493270,6,0
493264,493264,493270,6,0
493093,493226,493271,45,133
493099,493235,493270,35,136
493264,493264,493271,7,0
493264,493264,493271,7,0
493264,493264,493271,7,0
493264,493264,493271,7,0
493101,493236,493271,35,135
493125,493238,493271,33,113
493264,493264,493271,7,0
493264,493270,493272,2,6
493123,493238,493271,33,115
493264,493264,493271,7,0
493264,493271,493272,1,7
493264,493271,493272,1,7
493264,493270,493271,1,6
493264,493270,493271,1,6
493264,493264,493271,7,0
493264,493270,493271,1,6
493264,493270,493272,2,6
493264,493264,493272,8,0
493264,493264,493272,8,0
493264,493270,493271,1,6
493264,493271,493272,1,7
493127,493242,493271,29,115
493132,493249,493272,23,117
493264,493270,493271,1,6
493264,493270,493271,1,6
493264,493271,493272,1,7
493123,493238,493271,33,115
493128,493243,493272,29,115
493264,493264,493272,8,0
493264,493264,493272,8,0
493264,493264,493272,8,0
493264,493271,493272,1,7
493100,493235,493272,37,135
493264,493264,493272,8,0
493264,493264,493272,8,0
493264,493270,493272,2,6
493264,493264,493272,8,0
493100,493236,493273,37,136
493264,493264,493273,9,0
493123,493237,493273,36,114
493133,493252,493273,21,119
493134,493254,493273,19,120
493264,493264,493273,9,0
493264,493272,493273,1,8
493264,493272,493273,1,8
493264,493272,493274,2,8
493264,493270,493273,3,6
493264,493271,493273,2,7
493264,493270,493273,3,6
493264,493271,493273,2,7
493131,493248,493274,26,117
493125,493239,493274,35,114
493100,493235,493273,38,135
493138,493258,493274,16,120
493264,493264,493274,10,0
493264,493272,493274,2,8
493264,493272,493274,2,8
493125,493239,493274,35,114
493264,493264,493274,10,0
493130,493246,493274,28,116
493126,493241,493275,34,115
493132,493250,493275,25,118
493134,493254,493275,21,120
493264,493264,493275,11,0
493128,493244,493275,31,116
493129,493245,493275,30,116
493264,493264,493275,11,0
493125,493239,493275,36,114
493126,493241,493276,35,115
493264,493264,493276,12,0
493126,493240,493276,36,114
493128,493244,493276,32,116
493124,493238,493276,38,114
493127,493242,493277,35,115
493127,493242,493277,35,115
493132,493249,493277,28,117
493135,493255,493277,22,120
493135,493255,493278,23,120
493137,493258,493277,19,121
493137,493258,493277,19,121
493131,493247,493277,30,116
493135,493255,493277,22,120
493131,493248,493277,29,117
493133,493252,493278,26,119
493127,493242,493277,35,115
493131,493248,493278,30,117
493129,493246,493279,33,117
493130,493247,493279,32,117
493129,493245,493278,33,116
493129,493244,493279,35,115
493125,493239,493279,40,114
493126,493241,493279,38,115
493128,493244,493280,36,116
493264,493264,493279,15,0
493139,493260,493279,19,121
493132,493250,493280,30,118
493136,493257,493279,22,121
493129,493246,493280,34,117
493264,493264,493280,16,0
493133,493251,493280,29,118
493264,493264,493280,16,0
493127,493242,493281,39,115
493130,493247,493281,34,117
493264,493264,493281,17,0
493130,493246,493281,35,116
493139,493261,493281,20,122
493128,493243,493281,38,115
493137,493258,493282,24,121
493138,493259,493282,23,121
493130,493247,493282,35,117
493133,493251,493281,30,118
493127,493242,493282,40,115
493122,493237,493283,46,115
493136,493257,493283,26,121
493132,493250,493284,34,118
493135,493255,493284,29,120
493130,493246,493284,38,116
493131,493247,493284,37,116
493132,493249,493284,35,117
493134,493252,493285,33,118
493131,493248,493284,36,117
493131,493248,493285,37,117
493135,493255,493286,31,120
493134,493253,493287,34,119
493141,493263,493287,24,122
493145,493269,493287,18,124
493134,493253,493288,35,119
493136,493256,493288,32,120
493138,493259,493287,28,121
493135,493254,493288,34,119
493142,493265,493288,23,123
493140,493263,493288,25,123
493142,493264,493289,25,122
493132,493251,493289,38,119
493132,493249,493289,40,117
493137,493258,493290,32,121
493133,493251,493290,39,118
493139,493261,493290,29,122
493139,493260,493290,30,121
493134,493254,493290,36,120
493148,493275,493290,15,127
493140,493262,493290,28,122
493142,493265,493291,26,123
493143,493267,493290,23,124
493137,493258,493291,33,121
493133,493252,493291,39,119
493138,493259,493291,32,121
493134,493252,493291,39,118
493136,493256,493292,36,120
493138,493258,493292,34,120
493145,493268,493292,24,123
493141,493264,493292,28,123
493146,493270,493292,22,124
493135,493255,493293,38,120
493140,493262,493293,31,122
493148,493274,493293,19,126
493145,493270,493293,23,125
493293,493293,493294,1,0
493137,493257,493294,37,120
493143,493266,493294,28,123
493136,493256,493294,38,120
493136,493256,493294,38,120
493135,493256,493295,39,121
493293,493293,493294,1,0
493293,493293,493294,1,0
493293,493293,493294,1,0
493293,493293,493294,1,0
493145,493269,493295,26,124
493140,493263,493295,32,123
493141,493263,493295,32,122
493138,493258,493296,38,120
493293,493294,493296,2,1
493293,493293,493295,2,0
493145,493270,493296,26,125
493139,493260,493296,36,121
493293,493293,493296,3,0
493293,493293,493297,4,0
493293,493293,493296,3,0
493293,493293,493297,4,0
493293,493293,493297,4,0
493133,493252,493296,44,119
493139,493260,493297,37,121
493293,493295,493297,2,2
493293,493295,493296,1,2
493293,493295,493297,2,2
493138,493260,493296,36,122
493293,493295,493296,1,2
493141,493264,493297,33,123
493149,493276,493297,21,127
493293,493293,493297,4,0
493143,493266,493298,32,123
493293,493293,493297,4,0
493293,493293,493297,4,0
493293,493293,493297,4,0
493293,493293,493297,4,0
492734,492960,493297,337,226
493140,493263,493297,34,123
493293,493293,493298,5,0
493293,493293,493297,4,0
493293,493293,493298,5,0
493293,493296,493297,1,3
493293,493297,493298,1,4
493293,493297,493298,1,4
493293,493297,493298,1,4
493135,493255,493298,43,120
493142,493265,493297,32,123
493293,493296,493298,2,3
493136,493256,493298,42,120
493142,493265,493298,33,123
493147,493272,493298,26,125
493171,493278,493299,21,107
493293,493293,493298,5,0
493293,493293,493299,6,0
493293,493293,493298,5,0
493293,493293,493298,5,0
493293,493297,493298,1,4
493293,493298,493299,1,5
493144,493267,493299,32,123
493147,493273,493299,26,126
493293,493293,493299,6,0
493293,493293,493299,6,0
493293,493298,493299,1,5
493293,493298,493299,1,5
493293,493298,493299,1,5
493139,493261,493299,38,122
493293,493293,493299,6,0
493293,493297,493298,1,4
493293,493298,493299,1,5
493172,493280,493299,19,108
493293,493293,493300,7,0
493293,493297,493300,3,4
493293,493297,493300,3,4
493141,493264,493300,36,123
493293,493297,493299,2,4
493293,493298,493300,2,5
493293,493293,493300,7,0
493293,493298,493300,2,5
493293,493299,493300,1,6
493293,493293,493300,7,0
493293,493298,493299,1,5
493139,493260,493300,40,121
493140,493263,493300,37,123
493148,493274,493301,27,126
493170,493278,493300,22,108
493171,493278,493301,23,107
493293,493293,493300,7,0
493293,493293,493300,7,0
493293,493297,493300,3,4
493293,493298,493300,2,5
493147,493273,493300,27,126
493293,493298,493300,2,5
493293,493299,493301,2,6
493293,493293,493301,8,0
493293,493298,493300,2,5
493293,493298,493301,3,5
493293,493293,493301,8,0
493293,493293,493300,7,0
493293,493299,493300,1,6
493293,493299,493300,1,6
493293,493293,493300,7,0
493144,493268,493300,32,124
493293,493293,493301,8,0
493144,493268,493301,33,124
493140,493263,493301,38,123
493141,493264,493301,37,123
493144,493267,493301,34,123
493173,493282,493301,19,109
493293,493293,493302,9,0
493293,493299,493302,3,6
493293,493298,493301,3,5
493293,493299,493301,2,6
493143,493266,493301,35,123
493171,493278,493301,23,107
493293,493293,493302,9,0
493145,493269,493301,32,124
493141,493264,493302,38,123
493142,493265,493302,37,123
493145,493268,493302,34,123
493144,493268,493302,34,124
493171,493278,493302,24,107
493146,493271,493303,32,125
493137,493258,493303,45,121
493143,493267,493303,36,124
493143,493266,493304,38,123
493148,493273,493303,30,125
493293,493293,493304,11,0
493147,493272,493304,32,125
493293,493293,493304,11,0
493170,493277,493303,26,107
493170,493277,493304,27,107
493146,493271,493305,34,125
493173,493280,493305,25,107
493174,493283,493305,22,109
493178,493290,493306,16,112
493142,493265,493306,41,123
493142,493265,493306,41,123
493169,493276,493305,29,107
493147,493272,493306,34,125
493146,493270,493306,36,124
493176,493288,493307,19,112
493293,493293,493306,13,0
493172,493279,493306,27,107
493293,493293,493307,14,0
493146,493272,493308,36,126
493146,493271,493308,37,125
493147,493273,493308,35,126
493149,493275,493309,34,126
493147,493272,493309,37,125
493293,493293,493309,16,0
493293,493293,493309,16,0
493171,493278,493309,31,107
493146,493271,493309,38,125
493173,493282,493309,27,109
493149,493276,493310,34,127
493170,493277,493309,32,107
493144,493268,493310,42,124
493146,493270,493310,40,124
493174,493284,493310,26,110
493148,493275,493311,36,127
493176,493288,493311,23,112
493143,493267,493311,44,124
493148,493275,493311,36,127
493171,493278,493311,33,107
493148,493274,493311,37,126
493177,493289,493312,23,112
493147,493273,493313,40,126
493170,493277,493312,35,107
493176,493288,493313,25,112
493178,493290,493313,23,112
493177,493289,493313,24,112
493174,493282,493314,32,108
493170,493277,493313,36,107
493180,493294,493314,20,114
493173,493282,493314,32,109
493169,493276,493315,39,107
493171,493279,493314,35,108
493169,493276,493315,39,107
493179,493293,493315,22,114
493173,493281,493314,33,108
493170,493277,493315,38,107
493172,493280,493315,35,108
493171,493278,493316,38,107
493173,493280,493317,37,107
493144,493267,493317,50,123
493173,493281,493316,35,108
493175,493286,493317,31,111
493179,493293,493317,24,114
493172,493280,493316,36,108
493172,493279,493317,38,107
493173,493281,493317,36,108
493177,493289,493317,28,112
493183,493299,493318,19,116
493174,493282,493318,36,108
493178,493291,493318,27,113
493174,493283,493318,35,109
493174,493283,493319,36,109
493171,493279,493319,40,108
493175,493285,493319,34,110
493180,493294,493319,25,114
493172,493279,493320,41,107
493178,493290,493320,30,112
493184,493300,493320,20,116
493176,493288,493320,32,112
493175,493285,493320,35,110
493175,493285,493320,35,110
493138,493259,493321,62,121
493321,493321,493322,1,0
493321,493321,493322,1,0
493172,493280,493321,41,108
493177,493289,493322,33,112
493321,493321,493322,1,0
493321,493321,493322,1,0
493321,493321,493322,1,0
493170,493277,493323,46,107
493184,493301,493323,22,117
493179,493294,493323,29,115
493174,493283,493323,40,109
493185,493302,493323,21,117
493321,493321,493323,2,0
493321,493322,493323,1,1
493175,493284,493323,39,109
493321,493322,493323,1,1
493181,493295,493324,29,114
493184,493301,493324,23,117
493181,493297,493324,27,116
493177,493289,493324,35,112
493321,493321,493324,3,0
493188,493306,493325,19,118
493321,493323,493324,1,2
493321,493323,493325,2,2
493175,493284,493324,40,109
493321,493323,493324,1,2
493179,493292,493325,33,113
493144,493268,493325,57,124
493321,493321,493325,4,0
493321,493321,493325,4,0
493321,493321,493325,4,0
493321,493321,493325,4,0
493177,493290,493325,35,113
493172,493280,493326,46,108
493321,493321,493325,4,0
493174,493284,493325,41,110
493321,493321,493326,5,0
493321,493324,493325,1,3
493321,493324,493325,1,3
493169,493276,493325,49,107
493321,493324,493325,1,3
493181,493296,493326,30,115
493321,493321,493326,5,0
493321,493321,493326,5,0
493178,493291,493327,36,113
493178,493291,493327,36,113
493321,493321,493326,5,0
493175,493285,493327,42,110
493176,493288,493326,38,112
493177,493290,493327,37,113
493177,493290,493326,36,113
493321,493321,493326,5,0
493321,493325,493327,2,4
493321,493321,493327,6,0
493321,493326,493327,1,5
493321,493325,493326,1,4
493321,493321,493327,6,0
493321,493325,493326,1,4
493321,493326,493327,1,5
493183,493299,493327,28,116
493321,493321,493328,7,0
493321,493326,493327,1,5
493321,493326,493327,1,5
493321,493327,493328,1,6
493321,493325,493327,2,4
493321,493326,493328,2,5
493176,493288,493327,39,112
493179,493293,493328,35,114
493321,493321,493328,7,0
493321,493321,493328,7,0
493321,493326,493327,1,5
493321,493327,493328,1,6
493321,493321,493328,7,0
493321,493321,493328,7,0
493321,493326,493327,1,5
493321,493327,493328,1,6
493321,493327,493328,1,6
493321,493321,493328,7,0
493321,493321,493328,7,0
493176,493287,493328,41,111
493181,493295,493328,33,114
493321,493321,493328,7,0
493321,493326,493328,2,5
493321,493326,493328,2,5
493321,493327,493329,2,6
493321,493327,493329,2,6
493180,493295,493328,33,115
493321,493321,493328,7,0
493321,493327,493328,1,6
493182,493298,493329,31,116
493321,493327,493328,1,6
493321,493328,493329,1,7
493321,493321,493328,7,0
493321,493327,493329,2,6
493321,493327,493329,2,6
493321,493321,493329,8,0
493321,493321,493329,8,0
493321,493321,493329,8,0
493183,493299,493329,30,116
493321,493321,493330,9,0
493321,493327,493329,2,6
493321,493328,493330,2,7
493181,493296,493330,34,115
493176,493287,493329,42,111
493321,493321,493330,9,0
493321,493328,493329,1,7
493188,493306,493330,24,118
493188,493307,493330,23,119
493175,493285,493330,45,110
493179,493292,493330,38,113
493179,493293,493330,37,114
493321,493321,493330,9,0
493181,493296,493331,35,115
493186,493303,493330,27,117
493180,493295,493331,36,115
493187,493306,493331,25,119
493178,493291,493331,40,113
493178,493292,493331,39,114
493191,493312,493331,19,121
493193,493315,493332,17,122
493321,493321,493332,11,0
493321,493321,493332,11,0
493180,493295,493332,37,115
493183,493299,493332,33,116
493321,493321,493332,11,0
493321,493321,493333,12,0
493183,493299,493332,33,116
493184,493301,493332,31,117
493192,493313,493333,20,121
493185,493302,493333,31,117
493182,493298,493333,35,116
493184,493300,493333,33,116
493321,493321,493334,13,0
493192,493314,493334,20,122
493182,493298,493334,36,116
493192,493314,493334,20,122
493179,493294,493334,40,115
493180,493295,493334,39,115
493189,493309,493335,26,120
493178,493291,493335,44,113
493182,493298,493335,37,116
493187,493304,493335,31,117
493185,493302,493335,33,117
493183,493299,493335,36,116
493321,493321,493336,15,0
493185,493301,493336,35,116
493182,493298,493336,38,116
493187,493305,493336,31,118
493186,493303,493336,33,117
493321,493321,493336,15,0
493186,493303,493336,33,117
493180,493295,493337,42,115
493182,493298,493337,39,116
493184,493301,493337,36,117
493185,493302,493337,35,117
493189,493310,493338,28,121
493192,493314,493338,24,122
493321,493321,493339,18,0
493186,493303,493339,36,117
493188,493306,493338,32,118
493190,493311,493339,28,121
493215,493319,493339,20,104
493191,493311,493339,28,120
493182,493297,493339,42,115
493188,493306,493340,34,118
493182,493298,493339,41,116
493185,493303,493339,36,118
493321,493321,493340,19,0
493188,493307,493340,33,119
493181,493297,493340,43,116
493189,493308,493339,31,119
493181,493297,493340,43,116
493186,493303,493340,37,117
493194,493317,493341,24,123
493190,493311,493342,31,121
493185,493302,493341,39,117
493187,493304,493341,37,117
493185,493302,493342,40,117
493186,493304,493341,37,118
493185,493302,493343,41,117
493183,493299,493343,44,116
493184,493301,493343,42,117
493186,493304,493343,39,118
493216,493321,493343,22,105
493187,493305,493344,39,118
493218,493325,493344,19,107
493217,493324,493345,21,107
493190,493310,493346,36,120
493189,493309,493346,37,120
493188,493307,493346,39,119
493216,493320,493346,26,104
493188,493307,493346,39,119
493184,493301,493347,46,117
493187,493305,493347,42,118
493189,493309,493347,38,120
493190,493310,493346,36,120
493187,493304,493347,43,117
493191,493311,493347,36,120
493186,493303,493347,44,117
493219,493326,493348,22,107
493190,493311,493349,38,121
493190,493310,493349,39,120
493192,493313,493349,36,121
493215,493319,493349,30,104
493190,493311,493349,38,121
493218,493325,493350,25,107
493192,493315,493351,36,123
493193,493317,493351,34,124
493218,493325,493351,26,107
493217,493324,493352,28,107
493189,493309,493352,43,120
493352,493352,493353,1,0
493352,493352,493353,1,0
493223,493332,493352,20,109
493190,493310,493353,43,120
493191,493312,493352,40,121
493191,493311,493353,42,120
493352,493352,493353,1,0
493352,493352,493353,1,0
493352,493352,493353,1,0
493352,493352,493354,2,0
493215,493318,493354,36,103
493192,493314,493353,39,122
493193,493316,493354,38,123
493194,493317,493354,37,123
493193,493316,493354,38,123
493221,493330,493354,24,109
493221,493330,493354,24,109
493352,493353,493355,2,1
493223,493333,493355,22,110
493224,493334,493354,20,110
493352,493353,493355,2,1
493193,493315,493355,40,122
493193,493316,493355,39,123
493352,493354,493355,1,2
493352,493354,493355,1,2
493352,493354,493355,1,2
493222,493332,493356,24,110
493215,493319,493356,37,104
493220,493328,493356,28,108
493352,493354,493355,1,2
493191,493313,493356,43,122
493194,493317,493356,39,123
493352,493352,493356,4,0
493215,493320,493357,37,105
493352,493355,493356,1,3
493223,493332,493356,24,109
493219,493326,493356,30,107
493193,493316,493357,41,123
493352,493355,493356,1,3
493216,493321,493357,36,105
493215,493319,493357,38,104
493352,493352,493357,5,0
493352,493352,493357,5,0
493352,493352,493357,5,0
493352,493352,493357,5,0
493352,493356,493357,1,4
493352,493356,493357,1,4
493352,493356,493357,1,4
493352,493357,493358,1,5
493194,493317,493357,40,123
493220,493327,493358,31,107
493352,493356,493357,1,4
493352,493357,493358,1,5
493222,493331,493358,27,109
493189,493309,493359,50,120
493214,493318,493358,40,104
493352,493352,493358,6,0
493352,493352,493358,6,0
493352,493352,493358,6,0
493223,493333,493358,25,110
493224,493335,493359,24,111
493352,493357,493358,1,5
493352,493352,493358,6,0
493352,493352,493359,7,0
493352,493358,493359,1,6
493352,493352,493359,7,0
493352,493358,493359,1,6
493352,493358,493359,1,6
493191,493312,493358,46,121
493352,493352,493359,7,0
493352,493358,493359,1,6
493217,493322,493359,37,105
493218,493325,493359,34,107
493352,493352,493359,7,0
493352,493352,493359,7,0
493216,493320,493359,39,104
493216,493322,493359,37,106
493352,493352,493359,7,0
493352,493358,493360,2,6
493352,493352,493360,8,0
493352,493352,493359,7,0
493352,493358,493359,1,6
493352,493359,493360,1,7
493352,493352,493360,8,0
493352,493358,493359,1,6
493352,493359,493360,1,7
493352,493359,493360,1,7
493352,493352,493359,7,0
493352,493359,493360,1,7
493352,493352,493360,8,0
493352,493352,493360,8,0
493352,493359,493360,1,7
493352,493352,493360,8,0
493352,493358,493360,2,6
493218,493325,493360,35,107
493194,493317,493360,43,123
493221,493330,493361,31,109
493352,493358,493361,3,6
493352,493359,493361,2,7
493352,493358,493360,2,6
493352,493359,493361,2,7
493214,493318,493360,42,104
493215,493319,493360,41,104
493218,493325,493361,36,107
493352,493359,493361,2,7
493352,493359,493360,1,7
493193,493315,493361,46,122
493221,493329,493361,32,108
493352,493352,493361,9,0
493352,493352,493361,9,0
493352,493352,493361,9,0
493352,493352,493361,9,0
493352,493352,493362,10,0
493352,493352,493362,10,0
493352,493359,493361,2,7
493227,493340,493361,21,113
493352,493352,493362,10,0
493219,493327,493362,35,108
493218,493325,493362,37,107
493352,493352,493362,10,0
493352,493352,493363,11,0
493191,493313,493363,50,122
493352,493352,493362,10,0
493216,493321,493364,43,105
493218,493324,493363,39,106
493220,493329,493364,35,109
493224,493334,493364,30,110
493192,493314,493364,50,122
493216,493321,493365,44,105
493352,493352,493364,12,0
493227,493340,493364,24,113
493230,493346,493365,19,116
493352,493352,493365,13,0
493219,493326,493365,39,107
493220,493328,493365,37,108
493220,493329,493365,36,109
493352,493352,493366,14,0
493217,493323,493365,42,106
493221,493331,493366,35,110
493222,493331,493366,35,109
493228,493342,493366,24,114
493223,493333,493366,33,110
493352,493352,493366,14,0
493222,493331,493366,35,109
493224,493334,493366,32,110
493215,493320,493366,46,105
493229,493344,493367,23,115
493219,493327,493367,40,108
493216,493321,493367,46,105
493219,493326,493367,41,107
493221,493329,493368,39,108
493352,493352,493368,16,0
493223,493333,493367,34,110
493230,493345,493368,23,115
493221,493330,493368,38,109
493219,493327,493369,42,108
493227,493340,493368,28,113
493352,493352,493368,16,0
493227,493339,493369,30,112
493221,493330,493369,39,109
493217,493323,493369,46,106
493232,493349,493369,20,117
493234,493353,493369,16,119
493223,493333,493369,36,110
493224,493335,493370,35,111
493225,493336,493370,34,111
493219,493326,493370,44,107
493222,493331,493371,40,109
493226,493338,493371,33,112
493226,493339,493371,32,113
493222,493332,493371,39,110
493230,493347,493372,25,117
493225,493336,493372,36,111
493219,493327,493372,45,108
493224,493336,493372,36,112
493225,493337,493372,35,112
493228,493341,493372,31,113
493224,493335,493373,38,111
493225,493336,493373,37,111
493228,493342,493373,31,114
493227,493340,493374,34,113
493222,493331,493373,42,109
493227,493340,493373,33,113
493226,493338,493374,36,112
493220,493327,493374,47,107
493226,493337,493374,37,111
493220,493328,493375,47,108
493233,493351,493375,24,118
493227,493340,493375,35,113
493217,493324,493375,51,107
493225,493337,493375,38,112
493226,493338,493376,38,112
493225,493336,493376,40,111
493220,493327,493375,48,107
493235,493356,493376,20,121
493233,493350,493376,26,117
493228,493341,493376,35,113
493230,493346,493377,31,116
493225,493337,493376,39,112
493226,493338,493376,38,112
493225,493336,493377,41,111
493227,493340,493378,38,113
493228,493342,493377,35,114
493226,493338,493377,39,112
493222,493332,493378,46,110
493235,493355,493378,23,120
493233,493352,493379,27,119
493235,493355,493379,24,120
493235,493355,493379,24,120
493229,493343,493379,36,114
493380,493380,493381,1,0
493223,493333,493381,48,110
493233,493350,493381,31,117
493224,493335,493380,45,111
493233,493352,493381,29,119
493236,493357,493381,24,121
493380,493380,493381,1,0
493380,493380,493381,1,0
493380,493380,493381,1,0
493380,493380,493381,1,0
493380,493380,493381,1,0
493228,493341,493381,40,113
493235,493355,493381,26,120
493232,493349,493382,33,117
493231,493347,493382,35,116
493231,493347,493383,36,116
493224,493334,493382,48,110
493239,493362,493382,20,123
493229,493343,493383,40,114
493380,493380,493383,3,0
493380,493382,493384,2,2
493380,493381,493383,2,1
493231,493347,493384,37,116
493380,493382,493384,2,2
493380,493382,493383,1,2
493380,493382,493383,1,2
493380,493382,493383,1,2
493230,493344,493384,40,114
493237,493359,493384,25,122
493237,493359,493384,25,122
493380,493380,493384,4,0
493380,493380,493384,4,0
493380,493380,493385,5,0
493380,493380,493384,4,0
493380,493380,493385,5,0
493380,493380,493385,5,0
493380,493380,493384,4,0
493226,493338,493385,47,112
493229,493342,493384,42,113
493229,493343,493384,41,114
493232,493349,493385,36,117
493231,493347,493385,38,116
493380,493380,493385,5,0
493380,493380,493386,6,0
493380,493380,493386,6,0
493380,493380,493385,5,0
493380,493385,493386,1,5
493380,493384,493385,1,4
493380,493384,493385,1,4
493380,493385,493386,1,5
493380,493380,493385,5,0
493380,493384,493385,1,4
493380,493384,493385,1,4
493380,493384,493385,1,4
493380,493384,493385,1,4
493230,493347,493386,39,117
493230,493346,493386,40,116
493236,493357,493386,29,121
493380,493380,493386,6,0
493380,493380,493386,6,0
493380,493384,493386,2,4
493380,493380,493387,7,0
493380,493385,493386,1,5
493380,493386,493387,1,6
493380,493380,493387,7,0
493380,493386,493387,1,6
493380,493386,493387,1,6
493380,493380,493387,7,0
493380,493386,493387,1,6
493380,493386,493388,2,6
493380,493380,493387,7,0
493380,493385,493388,3,5
493380,493385,493387,2,5
493380,493385,493387,2,5
493380,493386,493388,2,6
493229,493342,493388,46,113
493233,493353,493388,35,120
493380,493380,493387,7,0
493380,493380,493388,8,0
493380,493386,493387,1,6
493380,493386,493387,1,6
493262,493368,493388,20,106
493380,493380,493388,8,0
493380,493386,493387,1,6
493380,493386,493388,2,6
493230,493346,493388,42,116
493380,493380,493387,7,0
493380,493386,493388,2,6
493380,493380,493388,8,0
493380,493386,493388,2,6
493380,493387,493389,2,7
493380,493380,493389,9,0
493380,493380,493388,8,0
493229,493342,493388,46,113
493229,493343,493388,45,114
493233,493351,493389,38,118
493380,493386,493389,3,6
493380,493387,493389,2,7
493234,493354,493390,36,120
493380,493380,493390,10,0
493261,493365,493389,24,104
493263,493369,493390,21,106
493233,493349,493390,41,116
493236,493356,493390,34,120
493231,493347,493390,43,116
493233,493351,493390,39,118
493380,493380,493390,10,0
493380,493380,493391,11,0
493234,493354,493391,37,120
493380,493380,493391,11,0
493380,493380,493391,11,0
493217,493324,493391,67,107
493234,493354,493391,37,120
493231,493347,493391,44,116
493380,493380,493391,11,0
493380,493385,493391,6,5
493380,493380,493392,12,0
493380,493380,493392,12,0
493234,493354,493392,38,120
493240,493363,493392,29,123
493238,493360,493392,32,122
493380,493380,493392,12,0
493236,493358,493392,34,122
493380,493380,493393,13,0
493380,493380,493393,13,0
493238,493361,493394,33,123
493264,493370,493394,24,106
493234,493353,493394,41,119
493262,493366,493394,28,104
493236,493357,493395,38,121
493237,493358,493395,37,121
493235,493356,493395,39,121
493237,493358,493395,37,121
493239,493361,493396,35,122
493380,493380,493395,15,0
493261,493365,493396,31,104
493236,493357,493396,39,121
493231,493348,493396,48,117
493262,493367,493397,30,105
493238,493360,493397,37,122
493239,493361,493398,37,122
493234,493355,493399,44,121
493235,493356,493399,43,121
493239,493362,493398,36,123
493238,493360,493398,38,122
493235,493356,493399,43,121
493264,493370,493399,29,106
493237,493359,493400,41,122
493234,493355,493399,44,121
493235,493355,493401,46,120
493264,493370,493400,30,106
493265,493372,493401,29,107
493237,493358,493400,42,121
493268,493376,493401,25,108
493271,493382,493401,19,111
493261,493365,493401,36,104
493263,493368,493401,33,105
493239,493362,493402,40,123
493260,493364,493402,38,104
493265,493372,493402,30,107
493265,493373,493402,29,108
493227,493339,493402,63,112
493260,493364,493402,38,104
493270,493379,493402,23,109
493270,493380,493403,23,110
493238,493360,493403,43,122
493239,493362,493403,41,123
493240,493363,493403,40,123
493264,493370,493404,34,106
493260,493364,493403,39,104
493236,493357,493404,47,121
493262,493367,493404,37,105
493266,493373,493404,31,107
493267,493375,493404,29,108
493271,493382,493405,23,111
493262,493367,493405,38,105
493272,493385,493405,20,113
493237,493359,493405,46,122
493262,493367,493405,38,105
493270,493380,493405,25,110
493263,493368,493406,38,105
493263,493368,493406,38,105
493236,493357,493406,49,121
493265,493371,493406,35,106
493268,493376,493407,31,108
493261,493365,493407,42,104
493266,493373,493407,34,107
493263,493368,493408,40,105
493272,493383,493408,25,111
493266,493374,493407,33,108
493261,493366,493408,42,105
493265,493373,493408,35,108
493407,493407,493408,1,0
493407,493407,493408,1,0
493407,493407,493408,1,0
493238,493361,493408,47,123
493239,493362,493408,46,123
493407,493407,493408,1,0
493407,493407,493408,1,0
493407,493407,493408,1,0
493264,493369,493408,39,105
493265,493372,493409,37,107
493261,493364,493409,45,103
493271,493382,493410,28,111
493240,493363,493409,46,123
493262,493366,493410,44,104
493407,493408,493410,2,1
493265,493372,493410,38,107
493270,493378,493410,32,108
493262,493366,493410,44,104
493272,493385,493411,26,113
493407,493409,493411,2,2
493407,493409,493411,2,2
493407,493408,493411,3,1
493407,493408,493411,3,1
493264,493370,493410,40,106
493263,493369,493411,42,106
493269,493377,493411,34,108
493407,493407,493412,5,0
493267,493375,493411,36,108
493407,493407,493412,5,0
493407,493409,493411,2,2
493407,493407,493412,5,0
493407,493407,493412,5,0
493267,493376,493412,36,109
493407,493410,493411,1,3
493407,493411,493412,1,4
493264,493370,493412,42,106
493264,493370,493412,42,106
493407,493411,493413,2,4
493266,493373,493412,39,107
493265,493371,493413,42,106
493238,493360,493412,52,122
493274,493388,493413,25,114
493407,493407,493413,6,0
493407,493407,493412,5,0
493407,493407,493412,5,0
493407,493407,493412,5,0
493407,493407,493412,5,0
493263,493369,493413,44,106
493266,493373,493412,39,107
493407,493412,493413,1,5
493407,493407,493412,5,0
493407,493407,493413,6,0
493407,493411,493413,2,4
493407,493411,493413,2,4
493407,493412,493413,1,5
493407,493407,493413,6,0
493269,493377,493413,36,108
493407,493413,493414,1,6
493407,493413,493414,1,6
493263,493369,493414,45,106
493268,493376,493414,38,108
493272,493384,493413,29,112
493275,493390,493414,24,115
493407,493407,493414,7,0
493407,493407,493414,7,0
493264,493369,493414,45,105
493407,493407,493414,7,0
493407,493407,493414,7,0
493407,493414,493415,1,7
493407,493407,493414,7,0
493407,493414,493415,1,7
493407,493413,493414,1,6
493407,493414,493415,1,7
493407,493407,493414,7,0
493407,493407,493414,7,0
493407,493414,493415,1,7
493407,493414,493415,1,7
493267,493374,493415,41,107
493266,493373,493414,41,107
493407,493407,493415,8,0
493407,493412,493415,3,5
493407,493407,493415,8,0
493407,493413,493415,2,6
493268,493376,493415,39,108
493407,493407,493415,8,0
493407,493412,493415,3,5
493407,493413,493415,2,6
493407,493407,493415,8,0
493407,493414,493415,1,7
493407,493414,493415,1,7
493270,493379,493416,37,109
493275,493391,493416,25,116
493407,493407,493416,9,0
493407,493413,493416,3,6
493407,493413,493416,3,6
493407,493413,493416,3,6
493407,493407,493416,9,0
493407,493407,493416,9,0
493407,493413,493415,2,6
493228,493341,493416,75,113
493261,493365,493416,51,104
493268,493377,493416,39,109
493407,493415,493416,1,8
493407,493407,493417,10,0
493267,493376,493417,41,109
493407,493407,493417,10,0
493407,493407,493417,10,0
493267,493375,493418,43,108
493262,493366,493417,51,104
493277,493395,493418,23,118
493268,493376,493418,42,108
493407,493407,493418,11,0
493407,493407,493419,12,0
493277,493395,493418,23,118
493407,493407,493419,12,0
493407,493407,493419,12,0
493271,493382,493419,37,111
493407,493407,493419,12,0
493267,493374,493419,45,107
493407,493407,493420,13,0
493278,493397,493420,23,119
493270,493381,493420,39,111
493261,493365,493421,56,104
493267,493374,493421,47,107
493271,493381,493420,39,110
493275,493391,493421,30,116
493278,493398,493421,23,120
493407,493407,493420,13,0
493407,493407,493421,14,0
493268,493376,493422,46,108
493273,493387,493422,35,114
493269,493378,493423,45,109
493271,493381,493422,41,110
493276,493392,493423,31,116
493269,493378,493422,44,109
493274,493388,493423,35,114
493275,493391,493423,32,116
493276,493393,493423,30,117
493407,493407,493424,17,0
493266,493373,493424,51,107
493277,493396,493424,28,119
493274,493390,493424,34,116
493272,493383,493424,41,111
493273,493385,493424,39,112
493269,493377,493426,49,108
493269,493378,493424,46,109
493272,493384,493426,42,112
493280,493402,493426,24,122
493237,493358,493426,68,121
493276,493392,493427,35,116
493281,493403,493427,24,122
493282,493404,493427,23,122
493283,493405,493428,23,122
493266,493374,493428,54,108
493269,493377,493428,51,108
493270,493380,493427,47,110
493272,493383,493428,45,111
493272,493384,493428,44,112
493276,493393,493428,35,117
493271,493382,493429,47,111
493273,493386,493429,43,113
493273,493385,493429,44,112
493283,493405,493429,24,122
493271,493382,493429,47,111
493274,493390,493430,40,116
493284,493406,493430,24,122
493282,493403,493430,27,121
493280,493401,493430,29,121
493275,493391,493431,40,116
493284,493406,493431,25,122
493274,493390,493432,42,116
493275,493391,493431,40,116
493276,493394,493431,37,118
493274,493388,493432,44,114
493284,493407,493432,25,123
493148,493273,493433,160,125
493275,493391,493432,41,116
493281,493402,493433,31,121
493283,493406,493432,26,123
493279,493399,493433,34,120
493279,493400,493433,33,121
493274,493390,493433,43,116
493273,493385,493433,48,112
493273,493385,493433,48,112
493279,493400,493434,34,121
493285,493408,493434,26,123
493274,493389,493435,46,115
493434,493434,493435,1,0
493434,493434,493435,1,0
493434,493434,493435,1,0
493434,493434,493435,1,0
493277,493395,493435,40,118
493278,493396,493436,40,118
493273,493386,493435,49,113
493278,493397,493435,38,119
493434,493434,493435,1,0
493434,493434,493436,2,0
493280,493401,493436,35,121
493281,493403,493436,33,122
493276,493392,493436,44,116
493277,493396,493436,40,119
493434,493435,493437,2,1
493434,493435,493437,2,1
493434,493435,493437,2,1
493434,493435,493437,2,1
493277,493396,493437,41,119
493282,493403,493437,34,121
493434,493434,493438,4,0
493434,493436,493438,2,2
493434,493438,493439,1,4
493276,493393,493438,45,117
493434,493434,493439,5,0
493434,493434,493439,5,0
493434,493434,493438,4,0
493434,493434,493439,5,0
493434,493434,493439,5,0
493276,493393,493439,46,117
493281,493403,493438,35,122
493279,493399,493439,40,120
493434,493438,493439,1,4
493434,493438,493439,1,4
493434,493438,493439,1,4
493434,493437,493439,2,3
493434,493434,493440,6,0
493434,493434,493440,6,0
493282,493404,493440,36,122
493285,493408,493441,33,123
493434,493434,493441,7,0
493434,493434,493440,6,0
493434,493434,493441,7,0
493434,493434,493441,7,0
493434,493434,493440,6,0
493434,493434,493441,7,0
493434,493439,493440,1,5
493434,493440,493441,1,6
493434,493434,493441,7,0
493434,493434,493440,6,0
493434,493434,493440,6,0
493434,493439,493440,1,5
493434,493440,493441,1,6
493434,493434,493441,7,0
493434,493434,493441,7,0
493434,493439,493440,1,5
493434,493440,493441,1,6
493278,493398,493441,43,120
493277,493395,493440,45,118
493279,493399,493440,41,120
493281,493402,493442,40,121
493281,493403,493441,38,122
493434,493434,493441,7,0
493280,493401,493442,41,121
493434,493439,493442,3,5
493434,493440,493442,2,6
493434,493440,493442,2,6
493434,493440,493441,1,6
493434,493441,493442,1,7
493434,493441,493442,1,7
493286,493410,493442,32,124
493434,493441,493442,1,7
493434,493441,493442,1,7
493434,493441,493442,1,7
493284,493408,493443,35,124
493284,493407,493443,36,123
493434,493440,493443,3,6
493434,493440,493443,3,6
493434,493434,493443,9,0
493434,493441,493443,2,7
493434,493434,493443,9,0
493434,493434,493443,9,0
493434,493434,493443,9,0
493434,493434,493443,9,0
493434,493440,493443,3,6
493434,493441,493443,2,7
493285,493408,493443,35,123
493283,493406,493443,37,123
493283,493405,493443,38,122
493283,493405,493444,39,122
493434,493434,493443,9,0
493434,493434,493443,9,0
493434,493441,493443,2,7
493278,493397,493444,47,119
493434,493434,493444,10,0
493434,493441,493444,3,7
493282,493403,493444,41,121
493282,493405,493444,39,123
493280,493402,493445,43,122
493434,493440,493445,5,6
493434,493434,493445,11,0
493434,493434,493445,11,0
493285,493408,493445,37,123
493279,493400,493445,45,121
493280,493401,493446,45,121
493434,493434,493446,12,0
493281,493402,493446,44,121
493280,493401,493447,46,121
493434,493434,493447,13,0
493279,493400,493447,47,121
493285,493409,493447,38,124
493278,493398,493447,49,120
493279,493399,493448,49,120
493283,493405,493448,43,122
493434,493434,493449,15,0
493434,493434,493448,14,0
493434,493434,493449,15,0
493284,493407,493450,43,123
493286,493410,493449,39,124
493282,493403,493449,46,121
493434,493434,493452,18,0
493284,493408,493452,44,124
493434,493434,493452,18,0
493281,493403,493453,50,122
493284,493407,493454,47,123
493284,493407,493453,46,123
493283,493406,493454,48,123
493285,493409,493455,46,124
493285,493409,493454,45,124
493307,493411,493456,45,104
493434,493434,493456,22,0
493273,493387,493457,70,114
493309,493414,493458,44,105
493308,493413,493459,46,105
493286,493410,493460,50,124
493311,493418,493462,44,107
493311,493420,493464,44,109
493310,493416,493465,49,106
493311,493420,493466,46,109
493467,493468,493469,1,1
493467,493468,493469,1,1
493467,493468,493469,1,1
493467,493468,493469,1,1
493467,493468,493469,1,1
493467,493468,493469,1,1
493315,493428,493469,41,113
493315,493428,493470,42,113
493467,493469,493471,2,2
493307,493413,493471,58,106
493467,493470,493471,1,3
493467,493469,493471,2,2
493467,493469,493472,3,2
493316,493429,493472,43,113
493467,493470,493471,1,3
493307,493412,493472,60,105
493467,493468,493472,4,1
493467,493468,493472,4,1
493467,493468,493473,5,1
493467,493472,493473,1,5
493467,493470,493472,2,3
493467,493472,493473,1,5
493467,493471,493473,2,4
493467,493472,493473,1,5
493315,493428,493473,45,113
493467,493468,493473,5,1
493467,493468,493473,5,1
493467,493468,493473,5,1
493467,493473,493474,1,6
493467,493468,493474,6,1
493467,493472,493473,1,5
493315,493427,493474,47,112
493467,493468,493474,6,1
493467,493468,493474,6,1
493467,493473,493474,1,6
493467,493468,493475,7,1
493467,493473,493474,1,6
493467,493468,493474,6,1
493467,493468,493474,6,1
493467,493474,493475,1,7
493318,493433,493474,41,115
493467,493468,493474,6,1
493467,493473,493474,1,6
493467,493473,493474,1,6
493467,493473,493475,2,6
493317,493431,493475,44,114
493467,493468,493475,7,1
493467,493468,493475,7,1
493467,493468,493475,7,1
493467,493468,493475,7,1
493467,493474,493476,2,7
493467,493468,493475,7,1
493467,493474,493475,1,7
493467,493474,493475,1,7
493467,493475,493476,1,8
493467,493475,493476,1,8
493467,493475,493476,1,8
493467,493475,493476,1,8
493467,493468,493476,8,1
493467,493474,493475,1,7
493467,493475,493476,1,8
493467,493468,493476,8,1
493467,493468,493476,8,1
493467,493475,493477,2,8
493467,493473,493476,3,6
493467,493473,493476,3,6
493467,493475,493477,2,8
493467,493475,493476,1,8
493467,493468,493476,8,1
493467,493475,493476,1,8
493467,493475,493476,1,8
493307,493412,493477,65,105
493309,493415,493477,62,106
493467,493468,493477,9,1
493467,493468,493477,9,1
493467,493474,493477,3,7
493467,493468,493477,9,1
493467,493468,493478,10,1
493467,493468,493477,9,1
493467,493468,493478,10,1
493317,493431,493477,46,114
493467,493468,493478,10,1
493467,493468,493478,10,1
493308,493413,493478,65,105
493467,493468,493478,10,1
493317,493431,493478,47,114
493318,493433,493478,45,115
493319,493433,493478,45,114
493467,493468,493479,11,1
493319,493435,493479,44,116
493467,493468,493479,11,1
493467,493468,493479,11,1
493467,493468,493481,13,1
493467,493468,493481,13,1
493308,493413,493481,68,105
493467,493468,493481,13,1
493309,493415,493483,68,106
493314,493426,493483,57,112
493323,493443,493485,42,120
493307,493412,493487,75,105
493467,493468,493490,22,1
493307,493412,493493,81,105
493308,493414,493493,79,106
493306,493411,493494,83,105
493308,493413,493494,81,105
493310,493417,493496,79,107
493309,493414,493497,83,105
493308,493413,493497,84,105
493321,493439,493498,59,118
493309,493415,493499,84,106
493323,493444,493499,55,121
493310,493417,493499,82,107
493326,493457,493499,42,131
493310,493418,493500,82,108
493322,493441,493500,59,119
493309,493414,493501,87,105
493306,493410,493503,93,104
493327,493459,493502,43,132
493502,493502,493503,1,0
493502,493502,493503,1,0
493502,493502,493503,1,0
493308,493413,493503,90,105
493307,493411,493503,92,104
493502,493502,493503,1,0
493502,493502,493503,1,0
493502,493502,493503,1,0
493309,493414,493504,90,105
493502,493502,493505,3,0
493502,493503,493505,2,1
493502,493503,493504,1,1
493502,493503,493505,2,1
493502,493502,493505,3,0
493502,493502,493505,3,0
493502,493504,493506,2,2
493502,493502,493506,4,0
493502,493504,493505,1,2
493502,493502,493506,4,0
493502,493502,493506,4,0
493327,493462,493506,44,135
493310,493416,493506,90,106
493502,493502,493507,5,0
493502,493502,493507,5,0
493327,493460,493506,46,133
493502,493502,493507,5,0
493324,493447,493507,60,123
493502,493502,493507,5,0
493502,493502,493506,4,0
493502,493504,493506,2,2
493502,493506,493507,1,4
493502,493502,493507,5,0
493502,493505,493506,1,3
493502,493505,493506,1,3
493502,493502,493507,5,0
493313,493426,493507,81,113
493502,493505,493507,2,3
493502,493506,493507,1,4
493502,493506,493507,1,4
493502,493502,493508,6,0
493502,493502,493508,6,0
493502,493502,493508,6,0
493502,493502,493507,5,0
493502,493505,493508,3,3
493502,493502,493508,6,0
493502,493506,493508,2,4
493502,493507,493508,1,5
493502,493502,493508,6,0
493502,493508,493509,1,6
493502,493508,493509,1,6
493325,493449,493509,60,124
493502,493506,493508,2,4
493502,493507,493509,2,5
493502,493507,493508,1,5
493502,493508,493509,1,6
493502,493508,493509,1,6
493502,493506,493509,3,4
493502,493507,493508,1,5
493502,493507,493508,1,5
493502,493502,493509,7,0
493502,493502,493509,7,0
493502,493507,493509,2,5
493502,493507,493509,2,5
493502,493507,493509,2,5
493306,493410,493510,100,104
493308,493414,493509,95,106
493314,493426,493510,84,112
493502,493502,493509,7,0
493327,493465,493510,45,138
493502,493507,493509,2,5
493502,493507,493510,3,5
493308,493413,493509,96,105
493502,493506,493509,3,4
493502,493507,493509,2,5
493502,493502,493510,8,0
493502,493508,493509,1,6
493311,493420,493510,90,109
493310,493417,493511,94,107
493502,493508,493510,2,6
493502,493502,493511,9,0
493502,493502,493511,9,0
493502,493502,493511,9,0
493502,493502,493511,9,0
493502,493502,493511,9,0
493324,493446,493511,65,122
493312,493422,493512,90,110
493502,493502,493511,9,0
493502,493502,493512,10,0
493502,493502,493512,10,0
493327,493465,493512,47,138
493310,493416,493513,97,106
493502,493502,493513,11,0
493502,493502,493514,12,0
493502,493502,493513,11,0
493502,493502,493513,11,0
493328,493472,493514,42,144
493328,493470,493514,44,142
493311,493421,493514,93,110
493311,493418,493515,97,107
493327,493466,493514,48,139
493306,493411,493515,104,105
493502,493502,493516,14,0
493312,493421,493516,95,109
493313,493423,493516,93,110
493328,493474,493517,43,146
493313,493424,493517,93,111
493502,493502,493518,16,0
493328,493471,493518,47,143
493313,493426,493518,92,113
493311,493419,493518,99,108
493310,493417,493519,102,107
493328,493475,493519,44,147
493314,493426,493520,94,112
493311,493420,493519,99,109
493328,493475,493520,45,147
493317,493432,493521,89,115
493318,493433,493521,88,115
493329,493476,493521,45,147
493329,493479,493522,43,150
493313,493423,493522,99,110
493312,493423,493523,100,111
493502,493502,493522,20,0
493316,493429,493523,94,113
493313,493423,493524,101,110
493320,493436,493524,88,116
493313,493423,493524,101,110
493318,493433,493524,91,115
493329,493478,493524,46,149
493313,493426,493524,98,113
493315,493429,493525,96,114
493318,493433,493525,92,115
493312,493422,493527,105,110
493314,493426,493527,101,112
493315,493427,493526,99,112
493330,493480,493526,46,150
493319,493434,493526,92,115
493329,493479,493527,48,150
493329,493479,493527,48,150
493315,493427,493527,100,112
493314,493426,493528,102,112
493316,493429,493528,99,113
493319,493434,493528,94,115
493316,493429,493528,99,113
493314,493426,493529,103,112
493330,493485,493529,44,155
493318,493433,493530,97,115
493314,493426,493530,104,112
493317,493431,493530,99,114
493319,493434,493530,96,115
493312,493422,493530,108,110
493317,493430,493531,101,113
493312,493422,493531,109,110
493316,493429,493530,101,113
493317,493430,493531,101,113
493323,493444,493531,87,121
493328,493471,493532,61,143
493320,493435,493531,96,115
493316,493429,493532,103,113
493319,493434,493532,98,115
493320,493436,493532,96,116
493315,493429,493533,104,114
493316,493429,493533,104,113
493533,493533,493534,1,0
493533,493533,493534,1,0
493533,493533,493534,1,0
493533,493533,493534,1,0
493320,493436,493534,98,116
493321,493440,493535,95,119
493322,493442,493534,92,120
493533,493533,493535,2,0
493323,493443,493534,91,120
493326,493455,493535,80,129
493533,493533,493534,1,0
493322,493441,493535,94,119
493321,493438,493536,98,117
493533,493533,493536,3,0
493533,493534,493536,2,1
493533,493534,493536,2,1
493322,493442,493536,94,120
493533,493534,493536,2,1
493312,493422,493536,114,110
493318,493432,493536,104,114
493323,493443,493537,94,120
493533,493533,493537,4,0
493329,493478,493537,59,149
493329,493478,493537,59,149
493324,493445,493536,91,121
493533,493535,493537,2,2
493533,493536,493537,1,3
493533,493535,493537,2,2
493320,493437,493537,100,117
493321,493437,493537,100,116
493533,493534,493536,2,1
493533,493536,493537,1,3
493323,493445,493537,92,122
493316,493429,493537,108,113
493533,493533,493538,5,0
493533,493533,493537,4,0
493533,493533,493538,5,0
493320,493436,493538,102,116
493322,493442,493538,96,120
493533,493536,493537,1,3
493533,493536,493538,2,3
493533,493533,493538,5,0
493533,493533,493538,5,0
493328,493473,493538,65,145
493326,493453,493539,86,127
493533,493533,493539,6,0
493533,493533,493538,5,0
493533,493533,493539,6,0
493533,493533,493539,6,0
493322,493442,493539,97,120
493324,493445,493539,94,121
493533,493533,493539,6,0
493533,493537,493539,2,4
493533,493533,493540,7,0
493533,493538,493539,1,5
493533,493538,493539,1,5
493533,493533,493540,7,0
493533,493538,493539,1,5
493533,493539,493540,1,6
493533,493533,493539,6,0
493533,493538,493539,1,5
493320,493437,493540,103,117
493533,493533,493540,7,0
493324,493447,493540,93,123
493533,493533,493540,7,0
493533,493537,493540,3,4
493533,493533,493540,7,0
493533,493538,493540,2,5
493533,493539,493540,1,6
493533,493533,493540,7,0
493533,493533,493541,8,0
493533,493539,493540,1,6
493533,493539,493540,1,6
493533,493533,493541,8,0
493533,493533,493541,8,0
493533,493540,493541,1,7
493533,493540,493541,1,7
493533,493533,493541,8,0
493533,493540,493541,1,7
493533,493533,493541,8,0
493533,493533,493541,8,0
493533,493538,493541,3,5
493533,493533,493540,7,0
493533,493540,493541,1,7
493533,493540,493541,1,7
493319,493434,493540,106,115
493533,493533,493541,8,0
493533,493538,493541,3,5
493533,493539,493541,2,6
493533,493540,493541,1,7
493321,493440,493541,101,119
493324,493444,493542,98,120
493321,493438,493541,103,117
493325,493450,493542,92,125
493327,493458,493541,83,131
493533,493533,493541,8,0
493533,493533,493541,8,0
493533,493533,493541,8,0
493533,493533,493542,9,0
493533,493533,493542,9,0
493325,493449,493542,93,124
493533,493540,493542,2,7
493533,493533,493542,9,0
493533,493540,493541,1,7
493533,493540,493542,2,7
493533,493539,493542,3,6
493533,493533,493543,10,0
493533,493533,493543,10,0
493330,493484,493543,59,154
493325,493450,493543,93,125
493326,493454,493543,89,128
493329,493479,493544,65,150
493327,493461,493544,83,134
493325,493448,493544,96,123
493321,493440,493544,104,119
493323,493442,493544,102,119
493533,493533,493544,11,0
493533,493533,493544,11,0
493318,493433,493545,112,115
493319,493435,493545,110,116
493326,493455,493545,90,129
493352,493500,493546,46,148
493324,493447,493547,100,123
493324,493447,493546,99,123
493320,493437,493546,109,117
493324,493445,493547,102,121
493326,493454,493548,94,128
493323,493445,493549,104,122
493533,493533,493549,16,0
493325,493448,493550,102,123
493325,493450,493551,101,125
493326,493454,493551,97,128
493353,493503,493552,49,150
493322,493442,493552,110,120
493353,493506,493554,48,153
493325,493449,493553,104,124
493353,493507,493554,47,154
493326,493454,493554,100,128
493355,493515,493558,43,160
493332,493500,493559,59,168
493354,493510,493560,50,156
493355,493513,493560,47,158
493355,493515,493560,45,160
493560,493560,493561,1,0
493560,493560,493561,1,0
493560,493560,493561,1,0
493560,493560,493561,1,0
493560,493560,493561,1,0
493356,493515,493562,47,159
493560,493560,493563,3,0
493560,493560,493562,2,0
493560,493560,493562,2,0
493560,493560,493563,3,0
493560,493560,493563,3,0
493560,493560,493563,3,0
493560,493560,493563,3,0
493560,493560,493562,2,0
493560,493561,493562,1,1
493560,493560,493563,3,0
493560,493560,493562,2,0
493560,493560,493563,3,0
493560,493560,493563,3,0
493560,493562,493563,1,2
493560,493560,493563,3,0
493560,493560,493563,3,0
493560,493560,493563,3,0
493560,493560,493563,3,0
493560,493560,493564,4,0
493560,493560,493564,4,0
493560,493560,493563,3,0
493560,493560,493564,4,0
493560,493560,493564,4,0
493560,493560,493564,4,0
493560,493560,493563,3,0
493560,493560,493564,4,0
493560,493560,493564,4,0
493560,493560,493563,3,0
493560,493563,493564,1,3
493560,493560,493563,3,0
493560,493563,493564,1,3
493560,493562,493563,1,2
493560,493563,493564,1,3
493560,493563,493564,1,3
493560,493562,493563,1,2
493560,493562,493563,1,2
493560,493560,493564,4,0
493331,493499,493564,65,168
493356,493519,493565,46,163
493560,493560,493564,4,0
493560,493560,493565,5,0
493560,493560,493564,4,0
493560,493560,493564,4,0
493560,493563,493564,1,3
493560,493563,493565,2,3
493560,493563,493565,2,3
493560,493563,493565,2,3
493560,493563,493565,2,3
493560,493563,493565,2,3
493560,493563,493565,2,3
493356,493518,493565,47,162
493560,493560,493564,4,0
493560,493560,493564,4,0
493560,493563,493564,1,3
493560,493560,493565,5,0
493560,493563,493564,1,3
493560,493565,493566,1,5
493560,493560,493565,5,0
493560,493563,493566,3,3
493560,493563,493566,3,3
493358,493522,493566,44,164
493560,493560,493566,6,0
493560,493564,493566,2,4
493560,493564,493566,2,4
493330,493483,493566,83,153
493352,493501,493566,65,149
493560,493565,493566,1,5
493560,493565,493566,1,5
493357,493521,493567,46,164
493560,493560,493566,6,0
493560,493564,493566,2,4
493560,493564,493566,2,4
493560,493564,493566,2,4
493560,493564,493567,3,4
493560,493560,493566,6,0
493560,493564,493566,2,4
493357,493520,493567,47,163
493560,493564,493568,4,4
493560,493564,493567,3,4
493560,493564,493568,4,4
493330,493494,493568,74,164
493360,493527,493570,43,167
493357,493522,493571,49,165
493355,493512,493572,60,157
493359,493525,493572,47,166
493353,493507,493573,66,154
493354,493509,493573,64,155
493361,493528,493575,47,167
493330,493493,493576,83,163
493361,493528,493577,49,167
493362,493530,493577,47,168
493331,493497,493579,82,166
493331,493495,493579,84,164
493579,493579,493580,1,0
493579,493579,493580,1,0
493331,493499,493580,81,168
493330,493482,493580,98,152
493330,493488,493580,92,158
493579,493579,493580,1,0
493579,493579,493580,1,0
493579,493579,493581,2,0
493579,493579,493582,3,0
493579,493580,493582,2,1
493579,493579,493582,3,0
493579,493580,493582,2,1
493579,493579,493582,3,0
493579,493579,493582,3,0
493579,493579,493583,4,0
493579,493579,493582,3,0
493579,493579,493582,3,0
493579,493579,493583,4,0
493579,493579,493583,4,0
493579,493579,493583,4,0
493579,493581,493582,1,2
493579,493581,493583,2,2
493579,493582,493583,1,3
493579,493581,493582,1,2
493579,493582,493583,1,3
493579,493582,493583,1,3
493579,493579,493583,4,0
493579,493579,493584,5,0
493331,493497,493584,87,166
493579,493579,493583,4,0
493579,493583,493584,1,4
493579,493583,493584,1,4
493579,493579,493584,5,0
493579,493579,493584,5,0
493579,493579,493584,5,0
493579,493579,493584,5,0
493579,493579,493584,5,0
493579,493579,493583,4,0
493579,493579,493583,4,0
493579,493579,493584,5,0
493579,493579,493584,5,0
493579,493579,493583,4,0
493579,493579,493584,5,0
493579,493579,493584,5,0
493579,493579,493584,5,0
493579,493579,493584,5,0
493579,493579,493584,5,0
493579,493584,493585,1,5
493579,493582,493585,3,3
493579,493583,493585,2,4
493579,493584,493585,1,5
493579,493583,493585,2,4
493579,493579,493585,6,0
493579,493579,493585,6,0
493579,493583,493585,2,4
493579,493583,493586,3,4
493579,493584,493585,1,5
493579,493584,493585,1,5
493579,493584,493585,1,5
493579,493584,493585,1,5
493579,493579,493585,6,0
493579,493584,493585,1,5
493579,493583,493586,3,4
493579,493583,493586,3,4
493579,493585,493586,1,6
493579,493579,493586,7,0
493579,493579,493586,7,0
493579,493585,493586,1,6
493579,493585,493587,2,6
493579,493585,493586,1,6
493579,493585,493586,1,6
493352,493501,493586,85,149
493352,493501,493587,86,149
493579,493583,493587,4,4
493579,493585,493587,2,6
493579,493585,493587,2,6
493579,493583,493587,4,4
493331,493495,493587,92,164
493579,493579,493588,9,0
493579,493579,493587,8,0
493353,493508,493589,81,155
493579,493579,493589,10,0
493579,493579,493589,10,0
493331,493497,493590,93,166
493579,493579,493591,12,0
493579,493579,493591,12,0
493363,493532,493592,60,169
493370,493547,493593,46,177
493356,493518,493595,77,162
493353,493507,493595,88,154
493353,493504,493596,92,151
493332,493500,493598,98,168
493353,493505,493598,93,152
493367,493539,493598,59,172
493354,493511,493599,88,157
493354,493510,493600,90,156
493352,493503,493600,97,151
493366,493537,493601,64,171
493354,493510,493601,91,156
493371,493552,493601,49,181
493353,493504,493603,99,151
493372,493554,493603,49,182
493603,493603,493604,1,0
493603,493603,493604,1,0
493603,493603,493604,1,0
493603,493603,493604,1,0
493603,493603,493604,1,0
493366,493537,493604,67,171
493355,493512,493604,92,157
493372,493558,493604,46,186
493354,493510,493604,94,156
493372,493554,493604,50,182
493369,493545,493604,59,176
493357,493519,493605,86,162
493603,493603,493606,3,0
493603,493603,493606,3,0
493372,493561,493605,44,189
493603,493604,493605,1,1
493603,493604,493605,1,1
493603,493604,493606,2,1
493358,493523,493606,83,165
493603,493604,493606,2,1
493603,493604,493606,2,1
493603,493603,493607,4,0
493603,493603,493606,3,0
493603,493603,493607,4,0
493355,493515,493606,91,160
493372,493560,493606,46,188
493603,493603,493607,4,0
493357,493520,493607,87,163
493358,493522,493608,86,164
493603,493603,493607,4,0
493603,493603,493608,5,0
493603,493606,493608,2,3
493603,493606,493608,2,3
493603,493603,493608,5,0
493603,493603,493608,5,0
493603,493606,493608,2,3
493603,493603,493608,5,0
493603,493603,493608,5,0
493603,493606,493608,2,3
493603,493603,493608,5,0
493603,493603,493608,5,0
493603,493606,493608,2,3
493603,493606,493607,1,3
493603,493603,493608,5,0
493603,493603,493608,5,0
493603,493606,493607,1,3
493355,493514,493608,94,159
493356,493517,493608,91,161
493603,493603,493609,6,0
493603,493603,493608,5,0
493603,493603,493609,6,0
493373,493561,493608,47,188
493603,493603,493609,6,0
493603,493603,493609,6,0
493603,493607,493609,2,4
493603,493607,493609,2,4
493603,493608,493609,1,5
493603,493603,493609,6,0
493603,493608,493609,1,5
493603,493608,493609,1,5
493603,493608,493609,1,5
493603,493603,493609,6,0
493603,493608,493609,1,5
493603,493607,493609,2,4
493603,493603,493609,6,0
493603,493608,493610,2,5
493603,493608,493609,1,5
493603,493608,493610,2,5
493603,493608,493610,2,5
493603,493608,493610,2,5
493603,493608,493610,2,5
493603,493608,493610,2,5
493603,493608,493609,1,5
493603,493607,493610,3,4
493373,493562,493610,48,189
493603,493603,493610,7,0
493603,493608,493611,3,5
493603,493608,493611,3,5
493603,493603,493610,7,0
493603,493603,493611,8,0
493603,493603,493611,8,0
493603,493608,493610,2,5
493603,493603,493611,8,0
493603,493609,493611,2,6
493369,493544,493611,67,175
493357,493520,493611,91,163
493603,493603,493611,8,0
493603,493609,493611,2,6
493603,493603,493611,8,0
493373,493566,493612,46,193
493373,493565,493612,47,192
493354,493510,493613,103,156
493603,493603,493613,10,0
493603,493603,493613,10,0
493603,493608,493612,4,5
493603,493603,493613,10,0
493603,493603,493613,10,0
493356,493517,493614,97,161
493603,493603,493614,11,0
493356,493515,493615,100,159
493603,493603,493615,12,0
493603,493603,493615,12,0
493354,493511,493614,103,157
493357,493519,493615,96,162
493357,493520,493615,95,163
493603,493603,493615,12,0
493374,493573,493616,43,199
493359,493526,493617,91,167
493374,493568,493616,48,194
493363,493531,493617,86,168
493358,493525,493617,92,167
493374,493571,493618,47,197
493373,493566,493619,53,193
493357,493522,493620,98,165
493374,493567,493620,53,193
493355,493515,493621,106,160
493358,493524,493621,97,166
493359,493525,493622,97,166
493375,493578,493622,44,203
493368,493540,493623,83,172
493374,493572,493624,52,198
493366,493537,493623,86,171
493373,493567,493623,56,194
493360,493527,493624,97,167
493375,493576,493624,48,201
493358,493524,493624,100,166
493358,493523,493625,102,165
493372,493559,493626,67,187
493375,493578,493626,48,203
493363,493531,493627,96,168
493365,493535,493627,92,170
493362,493529,493628,99,167
493361,493527,493628,101,166
493628,493628,493629,1,0
493362,493531,493628,97,169
493362,493530,493628,98,168
493359,493525,493629,104,166
493363,493532,493629,97,169
493363,493532,493629,97,169
493628,493628,493629,1,0
493628,493628,493629,1,0
493628,493628,493629,1,0
493628,493628,493629,1,0
493364,493533,493629,96,169
493373,493565,493630,65,192
493359,493526,493630,104,167
493360,493527,493630,103,167
493364,493535,493630,95,171
493368,493542,493630,88,174
493364,493532,493630,98,168
493368,493542,493631,89,174
493628,493628,493631,3,0
493628,493629,493630,1,1
493359,493525,493631,106,166
493362,493531,493631,100,169
493361,493528,493632,104,167
493628,493628,493631,3,0
493628,493630,493632,2,2
493628,493630,493631,1,2
493628,493630,493631,1,2
493628,493630,493631,1,2
493628,493628,493633,5,0
493628,493628,493632,4,0
493366,493538,493633,95,172
493628,493628,493633,5,0
493628,493631,493633,2,3
493628,493628,493633,5,0
493628,493628,493633,5,0
493628,493628,493633,5,0
493374,493573,493633,60,199
493368,493540,493633,93,172
493363,493531,493633,102,168
493375,493574,493633,59,199
493361,493528,493633,105,167
493628,493628,493633,5,0
493628,493631,493633,2,3
493628,493628,493634,6,0
493366,493538,493633,95,172
493628,493628,493633,5,0
493628,493632,493634,2,4
493628,493632,493634,2,4
493628,493628,493634,6,0
493628,493628,493634,6,0
493628,493632,493634,2,4
493628,493632,493634,2,4
493628,493628,493634,6,0
493628,493632,493634,2,4
493628,493628,493634,6,0
493628,493628,493634,6,0
493364,493534,493634,100,170
493365,493535,493634,99,170
493359,493527,493634,107,168
493364,493533,493634,101,169
493628,493628,493635,7,0
493628,493628,493634,6,0
493628,493628,493635,7,0
493628,493628,493635,7,0
493628,493628,493635,7,0
493628,493628,493634,6,0
493628,493628,493634,6,0
493628,493633,493635,2,5
493369,493545,493635,90,176
493628,493633,493635,2,5
493628,493633,493635,2,5
493628,493633,493635,2,5
493628,493633,493635,2,5
493628,493633,493635,2,5
493628,493634,493635,1,6
493367,493538,493635,97,171
493364,493534,493635,101,170
493368,493542,493635,93,174
493628,493628,493636,8,0
493628,493628,493635,7,0
493628,493628,493636,8,0
493628,493628,493635,7,0
493628,493628,493635,7,0
493628,493628,493635,7,0
493628,493634,493635,1,6
493628,493634,493635,1,6
493363,493531,493636,105,168
493628,493628,493636,8,0
493628,493634,493636,2,6
493628,493635,493636,1,7
493628,493635,493636,1,7
493365,493535,493636,101,170
493628,493628,493636,8,0
493628,493628,493637,9,0
493628,493628,493636,8,0
493628,493635,493637,2,7
493628,493628,493636,8,0
493628,493635,493637,2,7
493370,493547,493637,90,177
493628,493634,493636,2,6
493365,493537,493637,100,172
493362,493529,493637,108,167
493362,493531,493637,106,169
493365,493536,493638,102,171
493628,493628,493637,9,0
493367,493538,493638,100,171
493369,493542,493638,96,173
493628,493628,493638,10,0
493628,493633,493638,5,5
493628,493628,493637,9,0
493369,493544,493639,95,175
493628,493628,493638,10,0
493374,493573,493639,66,199
493367,493538,493639,101,171
493370,493546,493640,94,176
493368,493542,493640,98,174
493368,493542,493640,98,174
493366,493537,493641,104,171
493367,493540,493640,100,173
493367,493538,493642,104,171
493367,493539,493643,104,172
493369,493545,493643,98,176
493371,493548,493642,94,177
493377,493594,493642,48,217
493368,493540,493643,103,172
493364,493533,493644,111,169
493366,493537,493643,106,171
493628,493628,493645,17,0
493362,493529,493645,116,167
493361,493528,493645,117,167
493366,493537,493645,108,171
493369,493544,493645,101,175
493371,493550,493645,95,179
493372,493555,493646,91,183
493371,493553,493646,93,182
493365,493536,493646,110,171
493365,493535,493647,112,170
493371,493551,493647,96,180
493370,493546,493648,102,176
493369,493542,493648,106,173
493371,493549,493648,99,178
493370,493545,493649,104,175
493370,493545,493649,104,175
493370,493546,493650,104,176
493370,493547,493651,104,177
493378,493602,493650,48,224
493374,493569,493651,82,195
493400,493607,493651,44,207
493371,493552,493652,100,181
493371,493549,493651,102,178
493398,493603,493652,49,205
493399,493605,493653,48,206
493371,493547,493654,107,176
493399,493605,493654,49,206
493372,493554,493655,101,182
493399,493606,493655,49,207
493401,493613,493655,42,212
493401,493609,493656,47,208
493656,493656,493657,1,0
493656,493656,493657,1,0
493656,493656,493657,1,0
493401,493610,493658,48,209
493656,493656,493658,2,0
493656,493656,493658,2,0
493374,493567,493659,92,193
493656,493656,493659,3,0
493656,493656,493659,3,0
493656,493658,493659,1,2
493656,493659,493660,1,3
493656,493658,493660,2,2
493656,493659,493660,1,3
493377,493593,493661,68,216
493656,493658,493660,2,2
493375,493579,493661,82,204
493375,493580,493660,80,205
493656,493657,493661,4,1
493656,493660,493661,1,4
493656,493656,493661,5,0
493656,493660,493661,1,4
493656,493657,493662,5,1
493656,493660,493661,1,4
493656,493657,493662,5,1
493656,493657,493662,5,1
493656,493657,493662,5,1
493656,493656,493662,6,0
493656,493656,493662,6,0
493656,493656,493663,7,0
493656,493661,493662,1,5
493401,493612,493662,50,211
493656,493656,493663,7,0
493656,493656,493662,6,0
493656,493656,493662,6,0
493656,493661,493662,1,5
493656,493656,493662,6,0
493656,493661,493662,1,5
493656,493662,493663,1,6
493656,493657,493662,5,1
493656,493661,493663,2,5
493656,493662,493663,1,6
493656,493657,493663,6,1
493656,493657,493663,6,1
493656,493656,493663,7,0
493656,493657,493663,6,1
493656,493657,493663,6,1
493656,493656,493663,7,0
493656,493657,493663,6,1
493402,493616,493663,47,214
493656,493663,493664,1,7
493656,493663,493664,1,7
493656,493662,493663,1,6
493656,493662,493663,1,6
493656,493662,493663,1,6
493656,493662,493663,1,6
493656,493657,493663,6,1
493656,493663,493664,1,7
493656,493656,493663,7,0
493656,493663,493664,1,7
493656,493657,493664,7,1
493656,493657,493664,7,1
493656,493657,493664,7,1
493656,493656,493664,8,0
493656,493657,493664,7,1
493375,493580,493665,85,205
493656,493663,493664,1,7
493656,493663,493664,1,7
493656,493663,493664,1,7
493656,493663,493664,1,7
493656,493663,493664,1,7
493656,493663,493664,1,7
493656,493663,493664,1,7
493656,493663,493664,1,7
493656,493663,493664,1,7
493656,493663,493664,1,7
493656,493656,493665,9,0
493656,493656,493665,9,0
493656,493656,493665,9,0
493656,493656,493665,9,0
493656,493663,493666,3,7
493656,493663,493665,2,7
493656,493663,493665,2,7
493403,493618,493666,48,215
493377,493599,493666,67,222
493376,493581,493666,85,205
493656,493657,493666,9,1
493656,493656,493666,10,0
493656,493656,493666,10,0
493656,493656,493666,10,0
493656,493656,493667,11,0
493378,493601,493669,68,223
493403,493619,493670,51,216
493375,493576,493670,94,201
493403,493621,493671,50,218
493404,493624,493670,46,220
493399,493604,493671,67,205
493399,493605,493672,67,206
493376,493584,493672,88,208
493404,493623,493672,49,219
493405,493627,493674,47,222
493405,493625,493675,50,220
493403,493620,493675,55,217
493378,493601,493675,74,223
493377,493599,493676,77,222
493376,493587,493678,91,211
493401,493612,493679,67,211
493376,493587,493680,93,211
493679,493679,493680,1,0
493679,493679,493680,1,0
493679,493679,493681,2,0
493679,493679,493680,1,0
493679,493679,493680,1,0
493377,493596,493680,84,219
493376,493589,493681,92,213
493377,493596,493681,85,219
493376,493581,493681,100,205
493679,493679,493682,3,0
493376,493588,493682,94,212
493679,493681,493683,2,2
493679,493681,493683,2,2
493679,493681,493683,2,2
493679,493679,493684,5,0
493679,493679,493684,5,0
493679,493679,493684,5,0
493679,493681,493683,2,2
493679,493681,493684,3,2
493679,493682,493684,2,3
493376,493591,493684,93,215
493679,493679,493685,6,0
493679,493679,493684,5,0
493679,493679,493685,6,0
493679,493679,493685,6,0
493679,493679,493685,6,0
493679,493679,493685,6,0
493679,493679,493685,6,0
493679,493679,493685,6,0
493679,493679,493685,6,0
493679,493679,493685,6,0
493679,493679,493685,6,0
493679,493679,493685,6,0
493679,493683,493685,2,4
493679,493683,493686,3,4
493679,493679,493686,7,0
493679,493679,493686,7,0
493679,493679,493686,7,0
493679,493684,493686,2,5
493679,493684,493685,1,5
493679,493679,493686,7,0
493679,493679,493685,6,0
493679,493679,493685,6,0
493679,493679,493686,7,0
493679,493684,493686,2,5
493679,493683,493686,3,4
493679,493684,493686,2,5
493679,493686,493687,1,7
493679,493686,493687,1,7
493679,493686,493687,1,7
493679,493679,493686,7,0
493679,493685,493686,1,6
493679,493679,493686,7,0
493679,493679,493687,8,0
493679,493685,493687,2,6
493679,493685,493687,2,6
493412,493643,493687,44,231
493679,493686,493687,1,7
493679,493687,493688,1,8
493679,493686,493687,1,7
493679,493686,493687,1,7
493679,493686,493687,1,7
493679,493686,493687,1,7
493679,493685,493688,3,6
493679,493685,493688,3,6
493679,493685,493688,3,6
493679,493684,493688,4,5
493377,493599,493688,89,222
493679,493687,493688,1,8
493679,493687,493688,1,8
493679,493679,493688,9,0
493377,493596,493688,92,219
493679,493679,493689,10,0
493679,493685,493689,4,6
493679,493686,493688,2,7
493679,493679,493689,10,0
493679,493685,493689,4,6
493679,493686,493689,3,7
493679,493679,493689,10,0
493679,493679,493689,10,0
493404,493624,493690,66,220
493679,493679,493691,12,0
493679,493679,493691,12,0
493378,493600,493691,91,222
493399,493605,493691,86,206
493679,493679,493691,12,0
493679,493679,493692,13,0
493405,493626,493693,67,221
493679,493679,493692,13,0
493679,493679,493692,13,0
493399,493605,493694,89,206
493679,493679,493694,15,0
493679,493679,493694,15,0
493378,493601,493695,94,223
493403,493618,493697,79,215
493400,493609,493697,88,209
493398,493603,493698,95,205
493406,493631,493698,67,225
493416,493655,493698,43,239
493400,493606,493699,93,206
493415,493651,493700,49,236
493415,493652,493700,48,237
493378,493602,493700,98,224
493408,493634,493701,67,226
493408,493634,493701,67,226
493416,493653,493701,48,237
493399,493606,493701,95,207
493400,493607,493701,94,207
493416,493653,493702,49,237
493417,493658,493703,45,241
493404,493622,493702,80,218
493416,493656,493703,47,240
493402,493616,493702,86,214
493400,493608,493703,95,208
493417,493656,493704,48,239
493402,493615,493705,90,213
493402,493616,493706,90,214
493417,493657,493705,48,240
493706,493706,493707,1,0
493706,493706,493707,1,0
493400,493609,493707,98,209
493706,493706,493708,2,0
493706,493706,493707,1,0
493706,493706,493708,2,0
493411,493640,493707,67,229
493403,493620,493708,88,217
493706,493706,493709,3,0
493418,493666,493709,43,248
493706,493707,493710,3,1
493706,493707,493710,3,1
493706,493708,493710,2,2
493706,493708,493710,2,2
493706,493706,493711,5,0
493706,493706,493710,4,0
493403,493618,493711,93,215
493706,493708,493711,3,2
493706,493709,493711,2,3
493706,493706,493711,5,0
493706,493706,493712,6,0
493417,493663,493712,49,246
493417,493664,493711,47,247
493706,493710,493712,2,4
493706,493710,493712,2,4
493706,493710,493712,2,4
493706,493706,493712,6,0
493706,493706,493713,7,0
493706,493706,493713,7,0
493706,493711,493713,2,5
493706,493706,493713,7,0
493706,493706,493713,7,0
493706,493710,493712,2,4
493706,493712,493713,1,6
493706,493706,493713,7,0
493706,493706,493713,7,0
493706,493706,493713,7,0
493401,493612,493713,101,211
493706,493706,493714,8,0
493706,493706,493713,7,0
493706,493706,493714,8,0
493706,493706,493714,8,0
493706,493706,493714,8,0
493706,493706,493714,8,0
493706,493712,493714,2,6
493706,493714,493715,1,8
493706,493713,493714,1,7
493706,493713,493714,1,7
493706,493714,493715,1,8
493706,493713,493714,1,7
493706,493714,493715,1,8
493706,493706,493714,8,0
493706,493706,493715,9,0
493706,493711,493714,3,5
493706,493713,493715,2,7
493706,493713,493715,2,7
493706,493715,493716,1,9
493706,493714,493715,1,8
493706,493715,493716,1,9
493706,493706,493715,9,0
493706,493706,493715,9,0
493706,493706,493715,9,0
493706,493714,493715,1,8
493706,493706,493716,10,0
493706,493706,493715,9,0
493706,493706,493715,9,0
493706,493712,493716,4,6
493706,493713,493716,3,7
493706,493713,493716,3,7
493706,493712,493716,4,6
493706,493714,493716,2,8
493706,493715,493716,1,9
493402,493615,493716,101,213
493404,493622,493716,94,218
493706,493706,493716,10,0
493706,493706,493716,10,0
493706,493706,493717,11,0
493706,493706,493717,11,0
493706,493714,493717,3,8
493402,493614,493717,103,212
493706,493706,493718,12,0
493706,493706,493717,11,0
493706,493706,493718,12,0
493404,493624,493718,94,220
493418,493670,493718,48,252
493402,493613,493719,106,211
493706,493706,493719,13,0
493706,493706,493719,13,0
493402,493617,493719,102,215
493400,493607,493719,112,207
493419,493671,493720,49,252
493706,493706,493719,13,0
493420,493675,493720,45,255
493405,493628,493720,92,223
493411,493640,493720,80,229
493420,493675,493720,45,255
493706,493706,493721,15,0
493404,493624,493721,97,220
493405,493625,493722,97,220
493405,493628,493721,93,223
493419,493674,493722,48,255
493408,493634,493723,89,226
493419,493673,493723,50,254
493419,493671,493723,52,252
493403,493621,493724,103,218
493407,493632,493724,92,225
493706,493706,493723,17,0
493405,493628,493724,96,223
493407,493632,493724,92,225
493408,493633,493725,92,225
493404,493623,493727,104,219
493407,493631,493727,96,224
493406,493629,493727,98,223
493407,493632,493728,96,225
493417,493661,493727,66,244
493405,493628,493728,100,223
493414,493649,493729,80,235
493409,493635,493730,95,226
493406,493630,493730,100,224
493405,493626,493731,105,221
493408,493634,493731,97,226
493406,493630,493731,101,224
493410,493638,493733,95,228
493407,493631,493733,102,224
493415,493651,493733,82,236
493418,493666,493733,67,248
493409,493636,493734,98,227
493410,493638,493734,96,228
493406,493630,493735,105,224
493406,493630,493735,105,224
493407,493631,493736,105,224
493412,493641,493736,95,229
493413,493646,493736,90,233
493736,493736,493737,1,0
493409,493635,493737,102,226
493411,493640,493737,97,229
493418,493669,493737,68,251
493406,493630,493737,107,224
493736,493736,493737,1,0
493736,493736,493737,1,0
493410,493637,493737,100,227
493736,493736,493737,1,0
493736,493736,493737,1,0
493736,493736,493737,1,0
493412,493643,493737,94,231
493407,493631,493739,108,224
493407,493631,493738,107,224
493419,493672,493738,66,253
493736,493738,493739,1,2
493736,493737,493739,2,1
493736,493738,493739,1,2
493408,493634,493739,105,226
493407,493631,493739,108,224
493419,493672,493739,67,253
493736,493736,493740,4,0
493736,493738,493739,1,2
493412,493643,493740,97,231
493411,493640,493740,100,229
493736,493736,493741,5,0
493736,493736,493741,5,0
493736,493736,493741,5,0
493736,493738,493740,2,2
493736,493739,493740,1,3
493736,493738,493740,2,2
493736,493739,493741,2,3
493736,493739,493740,1,3
493410,493638,493741,103,228
493421,493688,493741,53,267
493736,493736,493742,6,0
493736,493736,493741,5,0
493736,493736,493742,6,0
493736,493736,493741,5,0
493736,493736,493741,5,0
493736,493736,493742,6,0
493736,493736,493741,5,0
493410,493638,493742,104,228
493409,493635,493741,106,226
493736,493736,493742,6,0
493736,493736,493741,5,0
493736,493740,493741,1,4
493736,493736,493742,6,0
493736,493736,493741,5,0
493410,493637,493742,105,227
493736,493736,493742,6,0
493736,493736,493742,6,0
493736,493742,493743,1,6
493736,493742,493743,1,6
493736,493740,493743,3,4
493409,493636,493742,106,227
493411,493638,493743,105,227
493736,493736,493743,7,0
493736,493741,493743,2,5
493736,493742,493743,1,6
493736,493742,493743,1,6
493736,493736,493743,7,0
493736,493741,493742,1,5
493736,493742,493743,1,6
493736,493736,493743,7,0
493736,493736,493743,7,0
493736,493741,493743,2,5
493736,493742,493743,1,6
493736,493741,493743,2,5
493736,493741,493743,2,5
493414,493647,493743,96,233
493736,493736,493744,8,0
493736,493742,493744,2,6
493409,493636,493743,107,227
493410,493637,493743,106,227
493413,493646,493744,98,233
493736,493741,493744,3,5
493736,493742,493744,2,6
493736,493736,493743,7,0
493736,493736,493744,8,0
493736,493742,493743,1,6
493414,493647,493744,97,233
493412,493641,493745,104,229
493736,493742,493745,3,6
493736,493742,493744,2,6
493736,493742,493744,2,6
493736,493736,493744,8,0
493736,493743,493745,2,7
493408,493634,493745,111,226
493736,493743,493744,1,7
493736,493743,493744,1,7
493736,493743,493744,1,7
493736,493736,493745,9,0
493415,493650,493745,95,235
493414,493647,493745,98,233
493413,493645,493745,100,232
493736,493736,493745,9,0
493736,493736,493745,9,0
493736,493741,493746,5,5
493736,493741,493746,5,5
493736,493736,493746,10,0
493411,493641,493745,104,230
493409,493636,493746,110,227
493444,493703,493746,43,259
493410,493638,493746,108,228
493736,493736,493747,11,0
493736,493736,493747,11,0
493444,493703,493746,43,259
493736,493736,493747,11,0
493736,493736,493747,11,0
493411,493639,493747,108,228
493420,493679,493748,69,259
493736,493736,493748,12,0
493412,493642,493748,106,230
493412,493643,493748,105,231
493414,493648,493749,101,234
493736,493736,493748,12,0
493736,493736,493748,12,0
493413,493646,493748,102,233
493412,493644,493749,105,232
493736,493736,493749,13,0
493415,493652,493750,98,237
493424,493702,493751,49,278
493409,493635,493751,116,226
493413,493646,493751,105,233
493424,493703,493751,48,279
493423,493699,493751,52,276
493423,493701,493752,51,278
493423,493701,493751,50,278
493446,493709,493753,44,263
493736,493736,493752,16,0
493413,493644,493752,108,231
493415,493651,493752,101,236
493417,493661,493752,91,244
493416,493655,493753,98,239
493445,493705,493754,49,260
493417,493661,493754,93,244
493415,493650,493755,105,235
493413,493644,493756,112,231
493414,493649,493756,107,235
493445,493706,493757,51,261
493446,493713,493758,45,267
493418,493665,493757,92,247
493415,493652,493758,106,237
493422,493691,493759,68,269
493414,493647,493760,113,233
493416,493655,493760,105,239
493423,493701,493760,59,278
493420,493681,493760,79,261
493422,493693,493761,68,271
493416,493652,493762,110,236
493418,493667,493762,95,249
493424,493702,493763,61,278
493446,493712,493763,51,266
493423,493698,493764,66,275
493417,493659,493764,105,242
493414,493648,493764,116,234
493420,493676,493764,88,256
493764,493764,493765,1,0
493764,493764,493765,1,0
493764,493764,493765,1,0
493449,493724,493765,41,275
493764,493764,493765,1,0
493764,493764,493766,2,0
493764,493764,493765,1,0
493419,493673,493766,93,254
493764,493765,493768,3,1
493764,493765,493767,2,1
493764,493765,493768,3,1
493764,493766,493768,2,2
493421,493682,493768,86,261
493764,493764,493769,5,0
493764,493764,493769,5,0
493764,493766,493768,2,2
493764,493766,493769,3,2
493447,493719,493769,50,272
493420,493678,493769,91,258
493764,493764,493770,6,0
493764,493764,493770,6,0
493764,493764,493769,5,0
493764,493764,493770,6,0
493764,493764,493770,6,0
493764,493768,493770,2,4
493764,493764,493770,6,0
493764,493769,493770,1,5
493764,493769,493770,1,5
493764,493764,493770,6,0
493764,493764,493770,6,0
493764,493770,493771,1,6
493420,493676,493770,94,256
493448,493723,493770,47,275
493447,493721,493771,50,274
493764,493764,493771,7,0
493420,493680,493771,91,260
493764,493764,493770,6,0
493764,493764,493771,7,0
493764,493771,493772,1,7
493448,493721,493771,50,273
493764,493764,493771,7,0
493764,493770,493771,1,6
493764,493771,493772,1,7
493764,493771,493772,1,7
493764,493764,493772,8,0
493764,493771,493772,1,7
493764,493764,493771,7,0
493764,493771,493772,1,7
493764,493771,493772,1,7
493764,493771,493772,1,7
493764,493764,493772,8,0
493764,493764,493772,8,0
493764,493764,493772,8,0
493764,493764,493772,8,0
493764,493764,493772,8,0
493764,493764,493772,8,0
493764,493764,493771,7,0
493764,493769,493772,3,5
493764,493770,493772,2,6
493764,493769,493772,3,5
493764,493764,493772,8,0
493764,493772,493773,1,8
493764,493772,493773,1,8
493764,493764,493772,8,0
493764,493771,493772,1,7
493764,493772,493773,1,8
493764,493764,493773,9,0
493764,493771,493773,2,7
493449,493724,493773,49,275
493764,493764,493773,9,0
493764,493764,493773,9,0
493764,493770,493773,3,6
493764,493771,493773,2,7
493764,493771,493773,2,7
493764,493764,493773,9,0
493764,493770,493773,3,6
493764,493772,493773,1,8
493421,493682,493773,91,261
493764,493764,493774,10,0
493421,493689,493774,85,268
493764,493764,493774,10,0
493421,493689,493774,85,268
493764,493764,493775,11,0
493446,493708,493776,68,262
493421,493682,493776,94,261
493421,493683,493776,93,262
493764,493764,493776,12,0
493447,493720,493777,57,273
493422,493692,493776,84,270
493764,493764,493777,13,0
493421,493685,493777,92,264
493424,493702,493777,75,278
493764,493764,493777,13,0
493422,493697,493778,81,275
493764,493764,493778,14,0
493419,493670,493779,109,251
493764,493764,493780,16,0
493764,493764,493780,16,0
493423,493700,493781,81,277
493445,493704,493784,80,259
493422,493692,493784,92,270
493457,493747,493786,39,290
493424,493702,493787,85,278
493445,493705,493786,81,260
493423,493698,493788,90,275
493445,493703,493789,86,258
493791,493791,493792,1,0
493444,493703,493791,88,259
493422,493696,493792,96,274
493791,493791,493792,1,0
493791,493791,493792,1,0
493791,493791,493792,1,0
493791,493791,493792,1,0
493791,493791,493792,1,0
493423,493701,493793,92,278
493791,493791,493793,2,0
493791,493792,493794,2,1
493445,493706,493794,88,261
493422,493694,493794,100,272
493791,493791,493794,3,0
493791,493793,493794,1,2
493791,493793,493794,1,2
493791,493791,493795,4,0
493791,493793,493794,1,2
493791,493793,493795,2,2
493457,493747,493794,47,290
493791,493791,493795,4,0
493791,493791,493795,4,0
493791,493794,493795,1,3
493791,493793,493795,2,2
493791,493795,493796,1,4
493791,493791,493796,5,0
493791,493794,493795,1,3
493422,493697,493796,99,275
493791,493791,493796,5,0
493791,493791,493797,6,0
493791,493791,493796,5,0
493791,493791,493797,6,0
493791,493791,493796,5,0
493791,493795,493797,2,4
493791,493791,493796,5,0
493458,493752,493797,45,294
493791,493791,493797,6,0
493791,493791,493796,5,0
493791,493795,493796,1,4
493791,493795,493796,1,4
493791,493795,493796,1,4
493450,493729,493796,67,279
493791,493791,493797,6,0
493791,493795,493796,1,4
493791,493796,493797,1,5
493446,493709,493798,89,263
493791,493791,493797,6,0
493791,493791,493797,6,0
493791,493791,493797,6,0
493791,493791,493798,7,0
493791,493796,493797,1,5
493791,493791,493797,6,0
493791,493796,493798,2,5
493791,493791,493798,7,0
493459,493752,493797,45,293
493791,493791,493797,6,0
493791,493797,493798,1,6
493791,493791,493797,6,0
493791,493797,493798,1,6
493791,493797,493798,1,6
493791,493797,493798,1,6
493791,493796,493797,1,5
493791,493797,493798,1,6
493791,493791,493798,7,0
493791,493796,493797,1,5
493791,493796,493797,1,5
493791,493797,493798,1,6
493791,493791,493798,7,0
493791,493791,493799,8,0
493791,493791,493798,7,0
493791,493796,493798,2,5
493454,493742,493799,57,288
493791,493797,493798,1,6
493791,493797,493799,2,6
493791,493797,493799,2,6
493791,493797,493799,2,6
493791,493797,493799,2,6
493791,493797,493800,3,6
493791,493797,493799,2,6
493791,493797,493799,2,6
493791,493791,493799,8,0
493791,493791,493799,8,0
493791,493791,493799,8,0
493458,493751,493800,49,293
493445,493708,493800,92,263
493791,493791,493800,9,0
493791,493791,493801,10,0
493458,493752,493801,49,294
493791,493791,493801,10,0
493791,493791,493802,11,0
493791,493791,493801,10,0
493451,493734,493802,68,283
493791,493791,493802,11,0
493459,493753,493802,49,294
493458,493752,493803,51,294
493459,493754,493803,49,295
493791,493791,493804,13,0
493791,493791,493804,13,0
493453,493738,493804,66,285
493453,493739,493805,66,286
493460,493757,493805,48,297
493448,493721,493806,85,273
493460,493758,493808,50,298
493454,493740,493808,68,286
493446,493711,493808,97,265
493447,493719,493808,89,272
493447,493720,493809,89,273
493457,493748,493810,62,291
493462,493766,493811,45,304
493446,493717,493812,95,271
493447,493720,493812,92,273
493446,493717,493813,96,271
493448,493721,493814,93,273
493463,493770,493814,44,307
493449,493724,493815,91,275
493815,493815,493816,1,0
493463,493772,493816,44,309
493450,493728,493817,89,278
493815,493815,493817,2,0
493815,493815,493816,1,0
493815,493815,493816,1,0
493462,493763,493817,54,301
493815,493815,493817,2,0
493450,493729,493817,88,279
493815,493815,493818,3,0
493815,493815,493818,3,0
493815,493815,493817,2,0
493815,493816,493818,2,1
493448,493724,493818,94,276
493815,493815,493819,4,0
493815,493817,493819,2,2
493446,493714,493819,105,268
493449,493724,493819,95,275
493815,493818,493819,1,3
493815,493819,493820,1,4
493463,493771,493819,48,308
493451,493734,493820,86,283
493815,493815,493820,5,0
493815,493815,493820,5,0
493815,493817,493820,3,2
493815,493818,493820,2,3
493815,493817,493820,3,2
493815,493820,493821,1,5
493450,493728,493820,92,278
493815,493815,493821,6,0
493449,493726,493821,95,277
493815,493815,493821,6,0
493815,493815,493821,6,0
493815,493815,493821,6,0
493815,493821,493822,1,6
493815,493820,493821,1,5
493815,493820,493821,1,5
493815,493815,493821,6,0
493815,493820,493821,1,5
493815,493820,493822,2,5
493815,493820,493821,1,5
493449,493724,493821,97,275
493815,493821,493822,1,6
493815,493821,493822,1,6
493815,493815,493822,7,0
493815,493815,493822,7,0
493815,493815,493822,7,0
493815,493815,493822,7,0
493815,493820,493822,2,5
493815,493821,493822,1,6
493815,493821,493823,2,6
493815,493815,493822,7,0
493815,493815,493822,7,0
493815,493822,493823,1,7
493815,493815,493822,7,0
493815,493822,493823,1,7
493815,493822,493823,1,7
493815,493815,493823,8,0
493815,493822,493823,1,7
493815,493815,493822,7,0
493815,493822,493823,1,7
493815,493815,493823,8,0
493453,493738,493822,84,285
493815,493815,493823,8,0
493815,493815,493823,8,0
493815,493815,493823,8,0
493461,493762,493823,61,301
493815,493815,493823,8,0
493815,493822,493824,2,7
493815,493822,493823,1,7
493815,493815,493824,9,0
493815,493815,493823,8,0
493815,493822,493823,1,7
493815,493815,493823,8,0
493815,493822,493823,1,7
493447,493718,493823,105,271
493815,493815,493823,8,0
493815,493822,493823,1,7
493815,493822,493823,1,7
493815,493815,493824,9,0
493815,493822,493824,2,7
493815,493822,493824,2,7
493450,493731,493825,94,281
493463,493774,493825,51,311
493815,493815,493823,8,0
493448,493721,493824,103,273
493815,493815,493825,10,0
493815,493815,493825,10,0
493815,493815,493825,10,0
493448,493723,493826,103,275
493815,493815,493826,11,0
493463,493771,493826,55,308
493815,493821,493826,5,6
493460,493759,493827,68,299
493449,493725,493827,102,276
493450,493731,493828,97,281
493464,493777,493828,51,313
493815,493815,493828,13,0
493461,493761,493828,67,300
493452,493737,493828,91,285
493452,493736,493831,95,284
493448,493722,493830,108,274
493450,493728,493830,102,278
493815,493815,493831,16,0
493462,493764,493831,67,302
493452,493738,493831,93,286
493815,493815,493832,17,0
493465,493787,493833,46,322
493815,493815,493833,18,0
493451,493732,493833,101,281
493452,493735,493835,100,283
493452,493736,493835,99,284
493449,493727,493838,111,278
493451,493734,493838,104,283
493452,493736,493838,102,284
493461,493763,493839,76,302
493455,493744,493839,95,289
493456,493745,493839,94,289
493466,493795,493839,44,329
493447,493719,493839,120,272
493453,493738,493839,101,285
493455,493743,493840,97,288
493454,493742,493839,97,288
493452,493736,493840,104,284
493451,493731,493841,110,280
493454,493741,493841,100,287
493452,493738,493842,104,286
493456,493746,493843,97,290
493455,493743,493843,100,288
493451,493732,493844,112,281
493459,493753,493844,91,294
493453,493740,493843,103,287
493454,493740,493844,104,286
493844,493844,493845,1,0
493844,493844,493845,1,0
493451,493734,493845,111,283
493461,493761,493845,84,300
493453,493738,493845,107,285
493844,493844,493845,1,0
493844,493844,493846,2,0
493844,493844,493845,1,0
493456,493746,493846,100,290
493450,493730,493846,116,280
493454,493741,493846,105,287
493844,493844,493847,3,0
493844,493844,493847,3,0
493844,493845,493847,2,1
493844,493846,493847,1,2
493844,493844,493848,4,0
493844,493845,493847,2,1
493844,493846,493848,2,2
493844,493847,493848,1,3
493844,493847,493848,1,3
493844,493847,493848,1,3
493467,493798,493848,50,331
493456,493746,493848,102,290
493457,493747,493848,101,290
493456,493746,493848,102,290
493467,493799,493849,50,332
493844,493844,493849,5,0
493844,493844,493848,4,0
493844,493844,493849,5,0
493844,493844,493849,5,0
493844,493844,493849,5,0
493844,493846,493848,2,2
493844,493844,493848,4,0
493844,493844,493849,5,0
493844,493848,493849,1,4
493844,493848,493849,1,4
493844,493844,493849,5,0
493844,493844,493849,5,0
493461,493761,493849,88,300
493467,493801,493850,49,334
493454,493742,493849,107,288
493844,493844,493849,5,0
493844,493844,493850,6,0
493844,493844,493850,6,0
493844,493844,493849,5,0
493844,493848,493850,2,4
493844,493844,493850,6,0
493844,493847,493850,3,3
493844,493844,493849,5,0
493844,493844,493849,5,0
493844,493844,493850,6,0
493844,493849,493850,1,5
493844,493849,493850,1,5
493844,493844,493849,5,0
493844,493849,493850,1,5
493844,493849,493850,1,5
493844,493844,493850,6,0
493844,493849,493850,1,5
493844,493849,493850,1,5
493844,493844,493850,6,0
493844,493848,493850,2,4
493844,493848,493849,1,4
493844,493848,493850,2,4
493844,493849,493850,1,5
493464,493776,493850,74,312
493468,493804,493851,47,336
493457,493749,493850,101,292
493461,493761,493850,89,300
493844,493844,493851,7,0
493844,493849,493851,2,5
493844,493844,493851,7,0
493844,493844,493851,7,0
493844,493849,493851,2,5
493844,493849,493851,2,5
493844,493849,493851,2,5
493454,493742,493851,109,288
493459,493753,493851,98,294
493844,493844,493852,8,0
493844,493844,493851,7,0
493844,493850,493852,2,6
493844,493844,493852,8,0
493844,493850,493852,2,6
493844,493850,493852,2,6
493844,493850,493852,2,6
493468,493803,493852,49,335
493462,493765,493852,87,303
493457,493749,493852,103,292
493844,493844,493853,9,0
493844,493850,493853,3,6
493456,493746,493853,107,290
493844,493844,493853,9,0
493844,493850,493852,2,6
493844,493850,493853,3,6
493844,493850,493853,3,6
493844,493844,493853,9,0
493844,493844,493853,9,0
493457,493749,493853,104,292
493467,493800,493854,54,333
493468,493804,493853,49,336
493844,493844,493854,10,0
493455,493744,493853,109,289
493455,493744,493854,110,289
493456,493745,493854,109,289
493457,493749,493854,105,292
493452,493735,493855,120,283
493459,493754,493854,100,295
493455,493744,493854,110,289
493468,493808,493855,47,340
493464,493776,493855,79,312
493844,493844,493856,12,0
493459,493755,493856,101,296
493844,493844,493857,13,0
493844,493844,493857,13,0
493844,493844,493857,13,0
493458,493751,493857,106,293
493460,493758,493857,99,298
493458,493752,493856,104,294
493468,493806,493857,51,338
493457,493748,493858,110,291
493467,493797,493858,61,330
493455,493743,493858,115,288
493453,493739,493859,120,286
493460,493758,493860,102,298
493490,493816,493860,44,326
493844,493844,493860,16,0
493453,493739,493859,120,286
493460,493756,493860,104,296
493456,493745,493861,116,289
493461,493763,493861,98,302
493458,493752,493862,110,294
493463,493774,493861,87,311
493460,493756,493862,106,296
493459,493753,493862,109,294
493463,493771,493864,93,308
493464,493775,493863,88,311
493462,493769,493863,94,307
493464,493775,493863,88,311
493467,493797,493864,67,330
493460,493755,493864,109,295
493462,493765,493865,100,303
493490,493815,493865,50,325
493462,493765,493866,101,303
493465,493782,493866,84,317
493489,493811,493867,56,322
493461,493763,493867,104,302
493463,493770,493867,97,307
493491,493817,493868,51,326
493466,493793,493868,75,327
493465,493778,493869,91,313
493462,493767,493870,103,305
493468,493806,493870,64,338
493468,493803,493870,67,335
493458,493750,493871,121,292
493493,493829,493870,41,336
493491,493820,493872,52,329
493872,493872,493873,1,0
493872,493872,493873,1,0
493872,493872,493873,1,0
493465,493785,493874,89,320
493872,493872,493873,1,0
493872,493872,493873,1,0
493872,493872,493874,2,0
493464,493777,493874,97,313
493872,493872,493874,2,0
493463,493771,493875,104,308
493872,493874,493875,1,2
493872,493873,493875,2,1
493872,493874,493875,1,2
493872,493873,493875,2,1
493872,493874,493875,1,2
493466,493792,493876,84,326
493872,493872,493875,3,0
493872,493872,493876,4,0
493872,493872,493876,4,0
493872,493875,493876,1,3
493872,493875,493876,1,3
493872,493873,493875,2,1
493872,493875,493876,1,3
493467,493801,493876,75,334
493872,493872,493877,5,0
493872,493872,493876,4,0
493872,493872,493877,5,0
493872,493872,493876,4,0
493872,493872,493877,5,0
493872,493872,493876,4,0
493872,493872,493876,4,0
493872,493872,493877,5,0
493493,493827,493877,50,334
493872,493875,493876,1,3
493872,493872,493877,5,0
493872,493872,493877,5,0
493872,493872,493877,5,0
493872,493875,493876,1,3
493469,493809,493876,67,340
493872,493872,493876,4,0
493872,493875,493876,1,3
493872,493876,493877,1,4
493872,493872,493877,5,0
493872,493876,493877,1,4
493872,493876,493877,1,4
493465,493787,493877,90,322
493872,493876,493877,1,4
493465,493780,493877,97,315
493465,493778,493877,99,313
493872,493872,493877,5,0
493872,493872,493877,5,0
493872,493872,493877,5,0
493492,493825,493877,52,333
493872,493872,493878,6,0
493872,493872,493877,5,0
493872,493876,493877,1,4
493872,493872,493877,5,0
493872,493876,493878,2,4
493872,493872,493878,6,0
493872,493877,493878,1,5
493872,493877,493878,1,5
493872,493872,493878,6,0
493872,493872,493878,6,0
493872,493872,493877,5,0
493872,493876,493878,2,4
493872,493872,493877,5,0
493872,493877,493878,1,5
493872,493877,493878,1,5
493466,493797,493878,81,331
493489,493809,493879,70,320
493872,493872,493879,7,0
493872,493872,493878,6,0
493494,493834,493878,44,340
493872,493877,493879,2,5
493872,493872,493879,7,0
493872,493877,493879,2,5
493872,493877,493879,2,5
493872,493877,493879,2,5
493872,493872,493879,7,0
493872,493877,493879,2,5
493872,493877,493879,2,5
493872,493877,493879,2,5
493464,493778,493880,102,314
493872,493877,493879,2,5
493872,493877,493879,2,5
493872,493877,493880,3,5
493872,493877,493880,3,5
493872,493877,493880,3,5
493872,493872,493881,9,0
493872,493872,493881,9,0
493466,493792,493881,89,326
493872,493872,493882,10,0
493465,493788,493882,94,323
493468,493807,493882,75,339
493468,493804,493882,78,336
493464,493776,493883,107,312
493872,493872,493883,11,0
493466,493789,493883,94,323
493467,493798,493882,84,331
493872,493872,493883,11,0
493465,493785,493884,99,320
493466,493788,493884,96,322
493872,493872,493884,12,0
493495,493840,493885,45,345
493489,493809,493887,78,320
493489,493811,493888,77,322
493498,493849,493889,40,351
493466,493795,493890,95,329
493466,493795,493892,97,329
493490,493812,493893,81,322
493499,493850,493894,44,351
493493,493828,493895,67,335
493896,493896,493897,1,0
493896,493896,493897,1,0
493896,493896,493897,1,0
493896,493896,493897,1,0
493896,493896,493897,1,0
493896,493896,493898,2,0
493896,493896,493898,2,0
493896,493896,493898,2,0
493896,493896,493899,3,0
493896,493898,493899,1,2
493896,493897,493899,2,1
493896,493897,493899,2,1
493494,493832,493899,67,338
493489,493809,493899,90,320
493491,493818,493899,81,327
493896,493896,493900,4,0
493896,493896,493900,4,0
493896,493898,493900,2,2
493896,493896,493900,4,0
493896,493898,493900,2,2
493896,493898,493899,1,2
493896,493899,493900,1,3
493492,493824,493900,76,332
493896,493899,493900,1,3
493500,493853,493901,48,353
493896,493896,493901,5,0
493896,493896,493901,5,0
493896,493896,493900,4,0
493896,493896,493901,5,0
493896,493899,493901,2,3
493896,493899,493900,1,3
493896,493896,493901,5,0
493896,493896,493901,5,0
493896,493900,493901,1,4
493896,493896,493900,4,0
493896,493896,493900,4,0
493896,493896,493901,5,0
493896,493900,493901,1,4
493896,493900,493901,1,4
493499,493851,493901,50,352
493896,493896,493901,5,0
493896,493899,493901,2,3
493896,493900,493901,1,4
493896,493896,493901,5,0
493896,493896,493902,6,0
493896,493896,493902,6,0
493896,493901,493902,1,5
493896,493901,493902,1,5
493896,493896,493902,6,0
493896,493900,493901,1,4
493896,493901,493902,1,5
493896,493896,493901,5,0
493896,493901,493902,1,5
493896,493896,493902,6,0
493896,493901,493902,1,5
493896,493896,493903,7,0
493896,493896,493903,7,0
493896,493896,493903,7,0
493896,493896,493903,7,0
493896,493901,493903,2,5
493896,493900,493902,2,4
493896,493900,493902,2,4
493896,493901,493903,2,5
493896,493896,493903,7,0
493896,493896,493903,7,0
493896,493901,493903,2,5
493896,493901,493902,1,5
493896,493901,493902,1,5
493896,493896,493903,7,0
493493,493829,493903,74,336
493896,493901,493903,2,5
493896,493896,493903,7,0
493501,493854,493903,49,353
493896,493901,493903,2,5
493896,493896,493904,8,0
493896,493896,493903,7,0
493896,493901,493904,3,5
493896,493901,493903,2,5
493503,493859,493904,45,356
493896,493896,493904,8,0
493502,493856,493905,49,354
493896,493896,493904,8,0
493896,493896,493905,9,0
493490,493813,493905,92,323
493501,493854,493905,51,353
493896,493896,493906,10,0
493499,493849,493906,57,350
493503,493858,493906,48,355
493495,493839,493907,68,344
493493,493828,493907,79,335
493506,493866,493908,42,360
493896,493899,493908,9,3
493896,493896,493909,13,0
493896,493896,493909,13,0
493490,493815,493911,96,325
493490,493816,493911,95,326
493896,493900,493912,12,4
493896,493901,493912,11,5
493490,493813,493912,99,323
493491,493819,493914,95,328
493491,493821,493915,94,330
493490,493817,493914,97,327
493494,493829,493915,86,335
493494,493831,493917,86,337
493504,493860,493917,57,356
493507,493872,493917,45,365
493491,493820,493917,97,329
493506,493867,493918,51,361
493492,493822,493920,98,330
493494,493831,493920,89,337
493491,493820,493921,101,329
493492,493824,493921,97,332
493492,493825,493922,97,333
493492,493822,493922,100,330
493494,493831,493923,92,337
493493,493825,493923,98,332
493492,493823,493923,100,331
493506,493868,493925,57,362
493924,493924,493925,1,0
493924,493924,493925,1,0
493924,493924,493925,1,0
493924,493924,493925,1,0
493924,493924,493925,1,0
493924,493924,493926,2,0
493924,493924,493926,2,0
493924,493925,493926,1,1
493924,493924,493927,3,0
493924,493925,493927,2,1
493924,493924,493928,4,0
493924,493926,493928,2,2
493924,493926,493927,1,2
493924,493927,493928,1,3
493499,493851,493928,77,352
493507,493871,493928,57,364
493924,493924,493929,5,0
493924,493924,493928,4,0
493924,493924,493928,4,0
493924,493924,493928,4,0
493924,493924,493928,4,0
493924,493927,493928,1,3
493924,493926,493929,3,2
493924,493928,493929,1,4
493924,493924,493929,5,0
493924,493928,493929,1,4
493924,493924,493929,5,0
493924,493929,493930,1,5
493924,493927,493929,2,3
493924,493928,493930,2,4
493924,493924,493930,6,0
493924,493928,493929,1,4
493924,493929,493930,1,5
493924,493928,493929,1,4
493924,493924,493929,5,0
493924,493928,493929,1,4
493924,493929,493930,1,5
493493,493828,493930,102,335
493495,493838,493930,92,343
493495,493838,493930,92,343
493924,493924,493930,6,0
493924,493924,493931,7,0
493924,493924,493930,6,0
493924,493924,493930,6,0
493924,493929,493930,1,5
493924,493930,493931,1,6
493924,493930,493931,1,6
493924,493929,493930,1,5
493924,493930,493931,1,6
493924,493924,493930,6,0
493924,493929,493930,1,5
493924,493930,493931,1,6
493924,493924,493931,7,0
493924,493930,493931,1,6
493924,493930,493931,1,6
493497,493844,493931,87,347
493509,493879,493931,52,370
493924,493924,493931,7,0
493924,493929,493931,2,5
493924,493929,493931,2,5
493924,493929,493931,2,5
493924,493929,493932,3,5
493924,493924,493931,7,0
493924,493930,493931,1,6
493495,493839,493932,93,344
493924,493924,493932,8,0
493924,493924,493932,8,0
493924,493924,493931,7,0
493924,493924,493931,7,0
493924,493930,493931,1,6
493496,493840,493932,92,344
493498,493845,493932,87,347
493924,493924,493932,8,0
493924,493930,493932,2,6
493924,493924,493933,9,0
493924,493924,493933,9,0
493924,493930,493932,2,6
493924,493930,493932,2,6
493924,493924,493932,8,0
493493,493826,493933,107,333
493511,493894,493933,39,383
493924,493924,493933,9,0
493924,493924,493934,10,0
493924,493924,493933,9,0
493508,493877,493934,57,369
493509,493878,493934,56,369
493500,493853,493934,81,353
493495,493839,493935,96,344
493924,493924,493935,11,0
493510,493886,493935,49,376
493924,493924,493935,11,0
493924,493924,493935,11,0
493924,493924,493936,12,0
493924,493924,493935,11,0
493494,493832,493935,103,338
493511,493889,493936,47,378
493924,493924,493936,12,0
493496,493840,493937,97,344
493924,493924,493937,13,0
493496,493840,493938,98,344
493496,493841,493938,97,345
493491,493820,493939,119,329
493507,493870,493938,68,363
493494,493835,493939,104,341
493499,493850,493939,89,351
493500,493852,493940,88,352
493495,493836,493940,104,341
493497,493844,493939,95,347
493496,493842,493940,98,346
493497,493844,493941,97,347
493505,493864,493941,77,359
493498,493847,493942,95,349
493496,493840,493942,102,344
493496,493842,493942,100,346
493494,493834,493943,109,340
493497,493842,493942,100,345
493505,493864,493943,79,359
493495,493838,493943,105,343
493497,493843,493943,100,346
493497,493845,493944,99,348
493500,493851,493943,92,351
493498,493846,493944,98,348
493508,493877,493945,68,369
493502,493858,493944,86,356
493504,493861,493945,84,357
493504,493861,493945,84,357
493512,493904,493945,41,392
493507,493870,493945,75,363
493500,493851,493946,95,351
493508,493876,493946,70,368
493499,493849,493946,97,350
493514,493908,493946,38,394
493507,493869,493946,77,362
493497,493844,493947,103,347
493503,493859,493947,88,356
493497,493845,493947,102,348
493502,493855,493948,93,353
493501,493854,493948,94,353
493512,493901,493948,47,389
493502,493857,493949,92,355
493498,493845,493949,104,347
493503,493859,493949,90,356
493501,493853,493949,96,352
493505,493864,493949,85,359
493949,493949,493950,1,0
493949,493949,493950,1,0
493949,493949,493950,1,0
493502,493855,493950,95,353
493498,493847,493950,103,349
493506,493865,493950,85,359
493949,493949,493950,1,0
493949,493949,493950,1,0
493500,493852,493951,99,352
493498,493849,493950,101,351
493501,493853,493951,98,352
493506,493866,493951,85,360
493949,493949,493952,3,0
493504,493862,493952,90,358
493503,493859,493952,93,356
493499,493850,493952,102,351
493504,493860,493952,92,356
493510,493883,493952,69,373
493949,493949,493953,4,0
493949,493949,493953,4,0
493949,493949,493952,3,0
493949,493949,493953,4,0
493949,493950,493952,2,1
493949,493949,493953,4,0
493949,493950,493952,2,1
493949,493950,493952,2,1
493949,493951,493952,1,2
493513,493905,493953,48,392
493506,493868,493953,85,362
493503,493858,493953,95,355
493513,493906,493953,47,393
493949,493949,493954,5,0
493949,493949,493954,5,0
493949,493951,493954,3,2
493949,493952,493954,2,3
493949,493953,493954,1,4
493505,493865,493954,89,360
493505,493864,493954,90,359
493508,493874,493954,80,366
493504,493862,493954,92,358
493513,493906,493954,48,393
493949,493949,493955,6,0
493949,493949,493955,6,0
493949,493949,493955,6,0
493949,493949,493955,6,0
493949,493953,493955,2,4
493949,493949,493955,6,0
493949,493953,493955,2,4
493949,493953,493954,1,4
493949,493953,493954,1,4
493949,493953,493954,1,4
493513,493907,493955,48,394
493504,493861,493955,94,357
493512,493901,493956,55,389
493499,493849,493955,106,350
493949,493949,493955,6,0
493949,493949,493955,6,0
493949,493949,493956,7,0
493949,493949,493955,6,0
493949,493953,493955,2,4
493949,493954,493955,1,5
493949,493953,493955,2,4
493949,493949,493956,7,0
493949,493949,493956,7,0
493505,493863,493955,92,358
493510,493883,493956,73,373
493949,493949,493955,6,0
493949,493955,493956,1,6
493949,493955,493956,1,6
493949,493949,493956,7,0
493949,493949,493955,6,0
493949,493954,493956,2,5
493949,493955,493956,1,6
493512,493900,493956,56,388
493511,493889,493957,68,378
493513,493906,493957,51,393
493949,493949,493957,8,0
493949,493955,493956,1,6
493949,493949,493957,8,0
493949,493953,493957,4,4
493949,493954,493956,2,5
493949,493949,493957,8,0
493949,493955,493956,1,6
493949,493949,493956,7,0
493949,493954,493957,3,5
493949,493949,493957,8,0
493949,493955,493957,2,6
493949,493955,493956,1,6
493505,493864,493957,93,359
493501,493854,493957,103,353
493949,493955,493957,2,6
493502,493856,493958,102,354
493949,493956,493957,1,7
493949,493956,493957,1,7
493949,493955,493958,3,6
493949,493955,493957,2,6
493949,493949,493958,9,0
493511,493891,493958,67,380
493506,493868,493958,90,362
493509,493880,493958,78,371
493502,493854,493959,105,352
493949,493949,493959,10,0
493949,493949,493959,10,0
493506,493866,493958,92,360
493949,493956,493958,2,7
493949,493956,493959,3,7
493949,493949,493958,9,0
493949,493949,493959,10,0
493949,493954,493958,4,5
493949,493956,493959,3,7
493510,493884,493959,75,374
493507,493870,493959,89,363
493512,493904,493959,55,392
493501,493854,493959,105,353
493949,493949,493960,11,0
493949,493949,493960,11,0
493949,493949,493960,11,0
493509,493878,493959,81,369
493507,493870,493960,90,363
493501,493854,493961,107,353
493949,493949,493961,12,0
493510,493882,493960,78,372
493949,493949,493961,12,0
493510,493885,493961,76,375
493505,493863,493961,98,358
493504,493862,493961,99,358
493949,493949,493961,12,0
493949,493949,493962,13,0
493508,493875,493962,87,367
493511,493895,493962,67,384
493502,493855,493962,107,353
493510,493883,493962,79,373
493508,493874,493963,89,366
493511,493894,493963,69,383
493509,493882,493963,81,373
493509,493879,493963,84,370
493511,493893,493964,71,382
493510,493883,493965,82,373
493511,493888,493966,78,377
493508,493877,493967,90,369
493509,493878,493967,89,369
493503,493858,493968,110,355
493509,493879,493968,89,370
493507,493871,493969,98,364
493514,493913,493970,57,399
493514,493915,493971,56,401
493512,493900,493972,72,388
493509,493878,493972,94,369
493514,493912,493972,60,398
493514,493912,493972,60,398
493513,493908,493972,64,395
493510,493882,493973,91,372
493512,493900,493973,73,388
493973,493973,493974,1,0
493514,493915,493974,59,401
493973,493973,493974,1,0
493973,493973,493974,1,0
493973,493973,493974,1,0
493973,493973,493975,2,0
493973,493973,493974,1,0
493973,493973,493976,3,0
493973,493975,493977,2,2
493973,493974,493976,2,1
493973,493975,493976,1,2
493513,493908,493976,68,395
493973,493973,493977,4,0
493973,493973,493978,5,0
493973,493973,493978,5,0
493973,493975,493977,2,2
493973,493975,493977,2,2
493973,493977,493978,1,4
493512,493899,493978,79,387
493973,493973,493978,5,0
493973,493973,493979,6,0
493973,493973,493978,5,0
493973,493973,493978,5,0
493973,493973,493978,5,0
493973,493973,493978,5,0
493973,493978,493979,1,5
493973,493973,493978,5,0
493973,493973,493979,6,0
493973,493973,493979,6,0
493973,493978,493979,1,5
493973,493973,493979,6,0
493973,493973,493978,5,0
493973,493973,493979,6,0
493973,493975,493978,3,2
493973,493977,493979,2,4
493973,493977,493978,1,4
493512,493903,493980,77,391
493973,493973,493979,6,0
493973,493973,493979,6,0
493973,493973,493979,6,0
493973,493977,493979,2,4
493973,493979,493980,1,6
493973,493979,493980,1,6
493973,493978,493979,1,5
493973,493979,493980,1,6
493973,493979,493980,1,6
493973,493979,493980,1,6
493973,493973,493979,6,0
493973,493978,493979,1,5
493973,493979,493980,1,6
493973,493973,493980,7,0
493973,493978,493979,1,5
493973,493973,493979,6,0
493973,493973,493979,6,0
493973,493979,493980,1,6
493973,493979,493980,1,6
493973,493973,493980,7,0
493973,493973,493980,7,0
493973,493973,493980,7,0
493973,493978,493981,3,5
493973,493979,493981,2,6
493973,493973,493980,7,0
493973,493979,493981,2,6
493973,493979,493980,1,6
493973,493979,493981,2,6
493973,493979,493980,1,6
493973,493973,493981,8,0
493973,493979,493981,2,6
493973,493980,493982,2,7
493973,493973,493982,9,0
493973,493979,493981,2,6
493973,493979,493981,2,6
493973,493980,493982,2,7
493973,493979,493982,3,6
493514,493915,493982,67,401
493973,493973,493982,9,0
493973,493973,493983,10,0
493973,493973,493984,11,0
493973,493973,493983,10,0
493973,493973,493985,12,0
493973,493973,493985,12,0
493973,493973,493985,12,0
493973,493973,493986,13,0
493973,493973,493989,16,0
494000,494000,494001,1,0
494000,494000,494001,1,0
494000,494000,494001,1,0
494000,494000,494001,1,0
494000,494000,494001,1,0
494000,494000,494003,3,0
494000,494002,494003,1,2
494000,494000,494004,4,0
494000,494000,494004,4,0
494000,494000,494004,4,0
494000,494002,494004,2,2
494000,494002,494004,2,2
494000,494002,494004,2,2
494000,494000,494005,5,0
494000,494002,494005,3,2
494000,494004,494005,1,4
494000,494004,494005,1,4
494000,494000,494006,6,0
494000,494000,494006,6,0
494000,494000,494005,5,0
494000,494000,494006,6,0
494000,494000,494006,6,0
494000,494004,494006,2,4
494000,494000,494006,6,0
494000,494000,494006,6,0
494000,494000,494006,6,0
494000,494000,494006,6,0
494000,494000,494006,6,0
494000,494005,494006,1,5
494000,494000,494006,6,0
494000,494000,494006,6,0
494000,494000,494006,6,0
494000,494005,494006,1,5
494000,494000,494007,7,0
494000,494000,494007,7,0
494000,494000,494007,7,0
494000,494005,494007,2,5
494000,494000,494007,7,0
494000,494005,494007,2,5
494000,494006,494007,1,6
494000,494000,494007,7,0
494000,494000,494007,7,0
494000,494007,494008,1,7
494000,494006,494007,1,6
494000,494006,494007,1,6
494000,494007,494008,1,7
494000,494006,494007,1,6
494000,494007,494009,2,7
494000,494007,494008,1,7
494000,494007,494008,1,7
494000,494007,494008,1,7
494000,494007,494008,1,7
494000,494000,494008,8,0
494000,494007,494008,1,7
494000,494007,494008,1,7
494000,494007,494008,1,7
494000,494007,494008,1,7
494000,494007,494008,1,7
494000,494000,494009,9,0
494000,494000,494009,9,0
494000,494000,494009,9,0
494000,494000,494009,9,0
494000,494007,494009,2,7
494000,494000,494010,10,0
494000,494000,494010,10,0
494000,494006,494010,4,6
494000,494007,494010,3,7
494000,494000,494011,11,0
494000,494000,494011,11,0
494000,494000,494011,11,0
494000,494008,494011,3,8
494000,494000,494011,11,0
494000,494000,494011,11,0
494000,494000,494012,12,0
494000,494000,494013,13,0
494000,494007,494013,6,7
494000,494000,494021,21,0
494032,494032,494033,1,0
494032,494032,494033,1,0
494032,494032,494034,2,0
494032,494032,494034,2,0
494032,494032,494034,2,0
494032,494032,494035,3,0
494032,494032,494035,3,0
494032,494032,494035,3,0
494032,494032,494034,2,0
494032,494032,494035,3,0
494032,494032,494036,4,0
494032,494034,494036,2,2
494032,494033,494036,3,1
494032,494032,494036,4,0
494032,494034,494036,2,2
494032,494035,494036,1,3
494032,494033,494036,3,1
494032,494032,494037,5,0
494032,494032,494037,5,0
494032,494032,494037,5,0
494032,494032,494037,5,0
494032,494032,494037,5,0
494032,494036,494037,1,4
494032,494032,494038,6,0
494032,494032,494038,6,0
494032,494032,494038,6,0
494032,494037,494038,1,5
494032,494032,494038,6,0
494032,494036,494038,2,4
494032,494032,494038,6,0
494032,494036,494038,2,4
494032,494036,494038,2,4
494032,494032,494038,6,0
494032,494037,494038,1,5
494032,494036,494038,2,4
494032,494037,494038,1,5
494032,494037,494038,1,5
494032,494032,494038,6,0
494032,494037,494038,1,5
494032,494032,494039,7,0
494032,494037,494039,2,5
494032,494038,494039,1,6
494032,494035,494039,4,3
494032,494032,494039,7,0
494032,494032,494039,7,0
494032,494032,494039,7,0
494032,494038,494039,1,6
494032,494037,494040,3,5
494032,494039,494041,2,7
494032,494038,494040,2,6
494032,494032,494040,8,0
494032,494032,494040,8,0
494032,494039,494040,1,7
494032,494039,494040,1,7
494032,494039,494040,1,7
494032,494032,494040,8,0
494032,494032,494041,9,0
494032,494039,494041,2,7
494032,494039,494041,2,7
494032,494038,494041,3,6
494032,494039,494041,2,7
494032,494038,494041,3,6
494032,494032,494041,9,0
494032,494032,494041,9,0
494032,494039,494041,2,7
494032,494032,494041,9,0
494032,494038,494042,4,6
494032,494039,494042,3,7
494032,494039,494042,3,7
494032,494032,494043,11,0
494032,494032,494043,11,0
494032,494032,494044,12,0
494032,494032,494044,12,0
494032,494032,494044,12,0
494032,494032,494044,12,0
494032,494032,494044,12,0
494032,494032,494044,12,0
494032,494032,494046,14,0
494058,494058,494059,1,0
494058,494058,494059,1,0
494058,494058,494059,1,0
494058,494058,494059,1,0
494058,494058,494059,1,0
494058,494059,494061,2,1
494058,494059,494061,2,1
494058,494058,494062,4,0
494058,494058,494062,4,0
494058,494058,494061,3,0
494058,494060,494062,2,2
494058,494058,494061,3,0
494058,494060,494062,2,2
494058,494058,494061,3,0
494058,494060,494062,2,2
494058,494058,494062,4,0
494058,494058,494062,4,0
494058,494058,494062,4,0
494058,494058,494062,4,0
494058,494058,494063,5,0
494058,494061,494062,1,3
494058,494061,494062,1,3
494058,494058,494064,6,0
494058,494058,494063,5,0
494058,494058,494064,6,0
494058,494058,494063,5,0
494058,494058,494064,6,0
494058,494062,494063,1,4
494058,494058,494064,6,0
494058,494058,494064,6,0
494058,494062,494064,2,4
494058,494062,494063,1,4
494058,494062,494063,1,4
494058,494058,494064,6,0
494058,494058,494065,7,0
494058,494058,494065,7,0
494058,494058,494065,7,0
494058,494062,494065,3,4
494058,494062,494065,3,4
494058,494058,494065,7,0
494058,494058,494065,7,0
494058,494062,494065,3,4
494058,494058,494064,6,0
494058,494064,494065,1,6
494058,494058,494065,7,0
494058,494058,494065,7,0
494058,494064,494065,1,6
494058,494063,494064,1,5
494058,494064,494065,1,6
494058,494058,494065,7,0
494058,494064,494065,1,6
494058,494064,494065,1,6
494058,494065,494066,1,7
494058,494063,494066,3,5
494058,494063,494066,3,5
494058,494062,494065,3,4
494058,494064,494065,1,6
494058,494064,494065,1,6
494058,494063,494065,2,5
494058,494064,494065,1,6
494058,494058,494065,7,0
494058,494064,494066,2,6
494058,494058,494066,8,0
494058,494063,494066,3,5
494058,494064,494066,2,6
494058,494058,494066,8,0
494058,494065,494067,2,7
494058,494058,494067,9,0
494058,494063,494067,4,5
494058,494058,494067,9,0
494058,494058,494068,10,0
494058,494064,494067,3,6
494058,494063,494067,4,5
494058,494058,494068,10,0
494058,494058,494068,10,0
494058,494058,494069,11,0
494058,494058,494069,11,0
494058,494058,494069,11,0
494058,494058,494070,12,0
494082,494082,494083,1,0
494082,494082,494084,2,0
494082,494082,494083,1,0
494082,494082,494084,2,0
494082,494082,494083,1,0
494082,494082,494085,3,0
494082,494082,494085,3,0
494082,494084,494086,2,2
494082,494084,494086,2,2
494082,494082,494086,4,0
494082,494084,494086,2,2
494082,494082,494087,5,0
494082,494082,494087,5,0
494082,494082,494086,4,0
494082,494085,494087,2,3
494082,494085,494087,2,3
494082,494084,494087,3,2
494082,494084,494086,2,2
494082,494082,494087,5,0
494082,494082,494088,6,0
494082,494082,494088,6,0
494082,494082,494088,6,0
494082,494086,494088,2,4
494082,494082,494088,6,0
494082,494086,494088,2,4
494082,494086,494088,2,4
494082,494082,494089,7,0
494082,494082,494089,7,0
494082,494082,494089,7,0
494082,494082,494089,7,0
494082,494082,494089,7,0
494082,494082,494089,7,0
494082,494082,494089,7,0
494082,494087,494089,2,5
494082,494087,494089,2,5
494082,494088,494089,1,6
494082,494087,494090,3,5
494082,494082,494089,7,0
494082,494086,494089,3,4
494082,494088,494089,1,6
494082,494082,494089,7,0
494082,494088,494089,1,6
494082,494089,494090,1,7
494082,494082,494090,8,0
494082,494082,494090,8,0
494082,494082,494090,8,0
494082,494082,494090,8,0
494082,494090,494091,1,8
494082,494082,494090,8,0
494082,494089,494090,1,7
494082,494082,494090,8,0
494082,494082,494091,9,0
494082,494088,494091,3,6
494082,494082,494091,9,0
494082,494089,494091,2,7
494082,494087,494091,4,5
494082,494089,494091,2,7
494082,494082,494091,9,0
494082,494088,494091,3,6
494082,494088,494091,3,6
494082,494082,494091,9,0
494082,494089,494091,2,7
494082,494090,494091,1,8
494082,494082,494091,9,0
494082,494088,494092,4,6
494082,494082,494092,10,0
494082,494090,494092,2,8
494082,494090,494092,2,8
494082,494082,494093,11,0
494082,494082,494092,10,0
494082,494082,494093,11,0
494082,494082,494094,12,0
494082,494082,494094,12,0
494082,494082,494095,13,0
494082,494082,494097,15,0
494109,494109,494110,1,0
494109,494109,494110,1,0
494109,494109,494111,2,0
494109,494109,494110,1,0
494109,494109,494110,1,0
494109,494109,494112,3,0
494109,494109,494111,2,0
494109,494109,494112,3,0
494109,494111,494112,1,2
494109,494109,494113,4,0
494109,494109,494113,4,0
494109,494109,494113,4,0
494109,494111,494113,2,2
494109,494111,494113,2,2
494109,494110,494113,3,1
494109,494109,494114,5,0
494109,494109,494114,5,0
494109,494109,494114,5,0
494109,494109,494114,5,0
494109,494113,494114,1,4
494109,494111,494113,2,2
494109,494112,494114,2,3
494109,494112,494114,2,3
494109,494109,494114,5,0
494109,494112,494113,1,3
494109,494112,494114,2,3
494109,494109,494115,6,0
494109,494109,494114,5,0
494109,494109,494115,6,0
494109,494109,494115,6,0
494109,494109,494115,6,0
494109,494109,494115,6,0
494109,494109,494115,6,0
494109,494109,494115,6,0
494109,494113,494115,2,4
494109,494109,494115,6,0
494109,494113,494115,2,4
494109,494113,494115,2,4
494109,494113,494115,2,4
494109,494113,494115,2,4
494109,494115,494116,1,6
494109,494109,494115,6,0
494109,494109,494115,6,0
494109,494109,494116,7,0
494109,494114,494115,1,5
494109,494114,494115,1,5
494109,494114,494116,2,5
494109,494115,494116,1,6
494109,494115,494116,1,6
494109,494114,494116,2,5
494109,494109,494116,7,0
494109,494109,494117,8,0
494109,494109,494116,7,0
494109,494109,494117,8,0
494109,494109,494117,8,0
494109,494109,494117,8,0
494109,494109,494117,8,0
494109,494115,494117,2,6
494109,494115,494117,2,6
494109,494109,494117,8,0
494109,494109,494117,8,0
494109,494115,494118,3,6
494109,494109,494118,9,0
494109,494114,494118,4,5
494109,494115,494118,3,6
494109,494115,494118,3,6
494109,494114,494118,4,5
494109,494115,494118,3,6
494109,494115,494118,3,6
494109,494109,494118,9,0
494109,494114,494118,4,5
494109,494114,494118,4,5
494109,494109,494119,10,0
494109,494109,494119,10,0
494109,494109,494119,10,0
494109,494109,494120,11,0
494109,494109,494121,12,0
494133,494133,494134,1,0
494133,494133,494134,1,0
494133,494133,494134,1,0
494133,494133,494134,1,0
494133,494133,494135,2,0
494133,494133,494135,2,0
494133,494135,494136,1,2
494133,494133,494136,3,0
494133,494134,494136,2,1
494133,494133,494136,3,0
494133,494135,494136,1,2
494133,494135,494136,1,2
494133,494135,494136,1,2
494133,494133,494137,4,0
494133,494133,494137,4,0
494133,494134,494137,3,1
494133,494133,494137,4,0
494133,494133,494137,4,0
494133,494136,494137,1,3
494133,494136,494137,1,3
494133,494137,494138,1,4
494133,494136,494137,1,3
494133,494134,494138,4,1
494133,494137,494138,1,4
494133,494134,494138,4,1
494133,494134,494138,4,1
494133,494137,494138,1,4
494133,494137,494138,1,4
494133,494134,494138,4,1
494133,494138,494139,1,5
494133,494137,494138,1,4
494133,494138,494139,1,5
494133,494134,494140,6,1
494133,494134,494139,5,1
494133,494133,494139,6,0
494133,494133,494139,6,0
494133,494133,494139,6,0
494133,494133,494140,7,0
494133,494139,494140,1,6
494133,494138,494139,1,5
494133,494138,494139,1,5
494133,494138,494139,1,5
494133,494133,494139,6,0
494133,494139,494140,1,6
494133,494138,494139,1,5
494133,494134,494140,6,1
494133,494138,494141,3,5
494133,494134,494140,6,1
494133,494133,494140,7,0
494133,494133,494140,7,0
494133,494139,494140,1,6
494133,494139,494140,1,6
494133,494134,494140,6,1
494133,494137,494140,3,4
494133,494133,494140,7,0
494133,494133,494141,8,0
494133,494139,494140,1,6
494133,494139,494140,1,6
494133,494139,494140,1,6
494133,494133,494141,8,0
494133,494139,494141,2,6
494133,494139,494141,2,6
494133,494138,494141,3,5
494133,494140,494142,2,7
494133,494133,494141,8,0
494133,494133,494142,9,0
494133,494140,494141,1,7
494133,494138,494142,4,5
494133,494140,494142,2,7
494133,494133,494142,9,0
494133,494133,494142,9,0
494133,494133,494142,9,0
494133,494133,494143,10,0
494133,494133,494144,11,0
494133,494133,494143,10,0
494133,494133,494143,10,0
494133,494133,494144,11,0
494133,494133,494144,11,0
494133,494139,494151,12,6
494162,494162,494163,1,0
494162,494162,494163,1,0
494162,494162,494163,1,0
494162,494162,494163,1,0
494162,494162,494163,1,0
494162,494162,494163,1,0
494162,494162,494165,3,0
494162,494163,494164,1,1
494162,494162,494165,3,0
494162,494163,494164,1,1
494162,494163,494165,2,1
494162,494163,494164,1,1
494162,494162,494165,3,0
494162,494164,494166,2,2
494162,494162,494167,5,0
494162,494162,494167,5,0
494162,494162,494166,4,0
494162,494162,494166,4,0
494162,494162,494166,4,0
494162,494166,494167,1,4
494162,494162,494166,4,0
494162,494165,494167,2,3
494162,494162,494167,5,0
494162,494164,494166,2,2
494162,494165,494167,2,3
494162,494165,494167,2,3
494162,494162,494168,6,0
494162,494162,494168,6,0
494162,494162,494167,5,0
494162,494162,494167,5,0
494162,494162,494167,5,0
494162,494162,494167,5,0
494162,494166,494168,2,4
494162,494162,494168,6,0
494162,494162,494167,5,0
494162,494165,494167,2,3
494162,494162,494167,5,0
494162,494165,494168,3,3
494162,494165,494167,2,3
494162,494167,494168,1,5
494162,494162,494167,5,0
494162,494167,494168,1,5
494162,494167,494168,1,5
494162,494162,494169,7,0
494162,494162,494169,7,0
494162,494162,494168,6,0
494162,494162,494168,6,0
494162,494167,494168,1,5
494162,494162,494168,6,0
494162,494167,494168,1,5
494162,494167,494168,1,5
494162,494162,494169,7,0
494162,494167,494168,1,5
494162,494167,494168,1,5
494162,494168,494169,1,6
494162,494167,494168,1,5
494162,494162,494170,8,0
494162,494167,494170,3,5
494162,494167,494169,2,5
494162,494162,494170,8,0
494162,494168,494169,1,6
494162,494168,494169,1,6
494162,494168,494169,1,6
494162,494162,494171,9,0
494162,494168,494170,2,6
494162,494168,494170,2,6
494162,494167,494170,3,5
494162,494168,494170,2,6
494162,494162,494170,8,0
494162,494168,494170,2,6
494162,494168,494170,2,6
494162,494162,494171,9,0
494162,494162,494172,10,0
494162,494162,494171,9,0
494162,494162,494171,9,0
494162,494162,494172,10,0
494162,494162,494172,10,0
494162,494162,494173,11,0
494162,494162,494174,12,0
494186,494186,494187,1,0
494186,494186,494187,1,0
494186,494186,494187,1,0
494186,494186,494187,1,0
494186,494186,494187,1,0
494186,494186,494187,1,0
494186,494186,494190,4,0
494186,494188,494190,2,2
494186,494188,494189,1,2
494186,494188,494189,1,2
494186,494188,494190,2,2
494186,494188,494190,2,2
494186,494186,494191,5,0
494186,494186,494191,5,0
494186,494186,494191,5,0
494186,494186,494190,4,0
494186,494188,494190,2,2
494186,494186,494192,6,0
494186,494186,494191,5,0
494186,494186,494192,6,0
494186,494186,494192,6,0
494186,494190,494192,2,4
494186,494190,494192,2,4
494186,494186,494192,6,0
494186,494186,494192,6,0
494186,494186,494192,6,0
494186,494186,494193,7,0
494186,494186,494193,7,0
494186,494190,494193,3,4
494186,494191,494193,2,5
494186,494186,494193,7,0
494186,494190,494193,3,4
494186,494190,494192,2,4
494186,494191,494193,2,5
494186,494186,494194,8,0
494186,494186,494193,7,0
494186,494191,494194,3,5
494186,494191,494194,3,5
494186,494186,494194,8,0
494186,494192,494194,2,6
494186,494192,494194,2,6
494186,494186,494194,8,0
494186,494186,494194,8,0
494186,494192,494194,2,6
494186,494193,494194,1,7
494186,494186,494194,8,0
494186,494186,494194,8,0
494186,494192,494193,1,6
494186,494186,494194,8,0
494186,494186,494193,7,0
494186,494186,494195,9,0
494186,494186,494195,9,0
494186,494190,494194,4,4
494186,494193,494194,1,7
494186,494193,494195,2,7
494186,494186,494195,9,0
494186,494193,494195,2,7
494186,494193,494195,2,7
494186,494193,494194,1,7
494186,494193,494195,2,7
494186,494193,494195,2,7
494186,494193,494195,2,7
494186,494193,494194,1,7
494186,494186,494196,10,0
494186,494192,494195,3,6
494186,494186,494196,10,0
494186,494186,494195,9,0
494186,494193,494195,2,7
494186,494194,494196,2,8
494186,494186,494195,9,0
494186,494191,494196,5,5
494186,494186,494196,10,0
494186,494192,494195,3,6
494186,494186,494195,9,0
494186,494186,494197,11,0
494186,494186,494196,10,0
494186,494186,494197,11,0
494186,494186,494197,11,0
494186,494186,494198,12,0
494211,494211,494212,1,0
494211,494211,494212,1,0
494211,494211,494212,1,0
494211,494211,494212,1,0
494211,494211,494212,1,0
494211,494211,494212,1,0
494211,494212,494213,1,1
494211,494212,494213,1,1
494211,494211,494215,4,0
494211,494213,494214,1,2
494211,494213,494214,1,2
494211,494213,494215,2,2
494211,494213,494214,1,2
494211,494213,494215,2,2
494211,494211,494215,4,0
494211,494211,494216,5,0
494211,494211,494215,4,0
494211,494211,494216,5,0
494211,494215,494216,1,4
494211,494211,494216,5,0
494211,494214,494215,1,3
494211,494211,494217,6,0
494211,494211,494216,5,0
494211,494211,494216,5,0
494211,494211,494216,5,0
494211,494211,494216,5,0
494211,494215,494217,2,4
494211,494215,494216,1,4
494211,494215,494216,1,4
494211,494215,494217,2,4
494211,494215,494217,2,4
494211,494211,494218,7,0
494211,494211,494217,6,0
494211,494211,494217,6,0
494211,494216,494218,2,5
494211,494211,494218,7,0
494211,494216,494217,1,5
494211,494211,494217,6,0
494211,494211,494218,7,0
494211,494211,494218,7,0
494211,494216,494218,2,5
494211,494211,494218,7,0
494211,494216,494217,1,5
494211,494211,494217,6,0
494211,494216,494217,1,5
494211,494211,494218,7,0
494211,494211,494218,7,0
494211,494211,494219,8,0
494211,494211,494219,8,0
494211,494217,494219,2,6
494211,494211,494219,8,0
494211,494216,494218,2,5
494211,494217,494218,1,6
494211,494211,494218,7,0
494211,494217,494218,1,6
494211,494217,494218,1,6
494211,494217,494218,1,6
494211,494217,494218,1,6
494211,494211,494219,8,0
494211,494211,494220,9,0
494211,494218,494220,2,7
494211,494217,494219,2,6
494211,494217,494219,2,6
494211,494217,494220,3,6
494211,494218,494219,1,7
494211,494218,494219,1,7
494211,494211,494219,8,0
494211,494211,494220,9,0
494211,494216,494220,4,5
494211,494217,494220,3,6
494211,494218,494221,3,7
494211,494211,494221,10,0
494211,494211,494222,11,0
494211,494211,494222,11,0
494211,494211,494222,11,0
494211,494211,494229,18,0
494211,494211,494230,19,0
494211,494211,494233,22,0
494211,494211,494234,23,0
494246,494246,494247,1,0
494246,494246,494248,2,0
494246,494246,494248,2,0
494246,494246,494248,2,0
494246,494246,494247,1,0
494246,494246,494248,2,0
494246,494246,494248,2,0
494246,494247,494249,2,1
494246,494246,494249,3,0
494246,494248,494249,1,2
494246,494248,494250,2,2
494246,494248,494250,2,2
494246,494246,494250,4,0
494246,494246,494250,4,0
494246,494246,494250,4,0
494246,494248,494250,2,2
494246,494249,494250,1,3
494246,494249,494250,1,3
494246,494246,494251,5,0
494246,494246,494251,5,0
494246,494250,494251,1,4
494246,494246,494252,6,0
494246,494246,494252,6,0
494246,494246,494252,6,0
494246,494246,494251,5,0
494246,494246,494252,6,0
494246,494251,494252,1,5
494246,494251,494252,1,5
494246,494251,494253,2,5
494246,494251,494252,1,5
494246,494246,494252,6,0
494246,494246,494252,6,0
494246,494251,494252,1,5
494246,494251,494252,1,5
494246,494251,494252,1,5
494246,494251,494252,1,5
494246,494251,494253,2,5
494246,494246,494252,6,0
494246,494246,494253,7,0
494246,494246,494253,7,0
494246,494246,494253,7,0
494246,494246,494253,7,0
494246,494246,494253,7,0
494246,494246,494253,7,0
494246,494246,494253,7,0
494246,494246,494253,7,0
494246,494246,494253,7,0
494246,494253,494254,1,7
494246,494253,494254,1,7
494246,494252,494253,1,6
494246,494252,494253,1,6
494246,494252,494253,1,6
494246,494253,494254,1,7
494246,494246,494253,7,0
494246,494246,494253,7,0
494246,494246,494254,8,0
494246,494246,494254,8,0
494246,494252,494254,2,6
494246,494246,494254,8,0
494246,494253,494254,1,7
494246,494246,494254,8,0
494246,494253,494254,1,7
494246,494252,494254,2,6
494246,494253,494254,1,7
494246,494253,494255,2,7
494246,494253,494255,2,7
494246,494253,494255,2,7
494246,494246,494256,10,0
494246,494246,494256,10,0
494246,494246,494257,11,0
494246,494246,494257,11,0
494246,494246,494257,11,0
494246,494246,494258,12,0
494246,494253,494258,5,7
494246,494246,494259,13,0
494246,494246,494261,15,0
494272,494272,494273,1,0
494272,494272,494273,1,0
494272,494272,494273,1,0
494272,494272,494273,1,0
494272,494272,494274,2,0
494272,494272,494273,1,0
494272,494272,494275,3,0
494272,494274,494275,1,2
494272,494272,494276,4,0
494272,494272,494276,4,0
494272,494274,494276,2,2
494272,494274,494276,2,2
494272,494274,494276,2,2
494272,494272,494276,4,0
494272,494274,494276,2,2
494272,494274,494276,2,2
494272,494275,494276,1,3
494272,494272,494277,5,0
494272,494272,494277,5,0
494272,494275,494277,2,3
494272,494276,494277,1,4
494272,494276,494277,1,4
494272,494272,494278,6,0
494272,494272,494278,6,0
494272,494272,494277,5,0
494272,494272,494277,5,0
494272,494276,494278,2,4
494272,494276,494278,2,4
494272,494272,494277,5,0
494272,494276,494278,2,4
494272,494276,494278,2,4
494272,494276,494278,2,4
494272,494272,494278,6,0
494272,494272,494278,6,0
494272,494276,494278,2,4
494272,494272,494279,7,0
494272,494272,494279,7,0
494272,494272,494279,7,0
494272,494272,494278,6,0
494272,494272,494279,7,0
494272,494277,494279,2,5
494272,494277,494279,2,5
494272,494278,494279,1,6
494272,494278,494279,1,6
494272,494272,494279,7,0
494272,494276,494279,3,4
494272,494279,494280,1,7
494272,494272,494279,7,0
494272,494279,494280,1,7
494272,494279,494280,1,7
494272,494272,494280,8,0
494272,494272,494280,8,0
494272,494278,494280,2,6
494272,494272,494280,8,0
494272,494279,494280,1,7
494272,494279,494280,1,7
494272,494279,494280,1,7
494272,494272,494280,8,0
494272,494279,494280,1,7
494272,494272,494281,9,0
494272,494278,494280,2,6
494272,494278,494281,3,6
494272,494277,494281,4,5
494272,494272,494281,9,0
494272,494272,494281,9,0
494272,494272,494282,10,0
494272,494272,494282,10,0
494272,494272,494282,10,0
494272,494272,494282,10,0
494272,494272,494282,10,0
494272,494272,494282,10,0
494272,494272,494284,12,0
494272,494272,494284,12,0
494272,494272,494285,13,0
494272,494272,494289,17,0
494272,494272,494296,24,0
494307,494307,494308,1,0
494307,494307,494308,1,0
494307,494307,494308,1,0
494307,494307,494309,2,0
494307,494307,494309,2,0
494307,494307,494309,2,0
494307,494309,494310,1,2
494307,494309,494310,1,2
494307,494309,494310,1,2
494307,494307,494311,4,0
494307,494308,494311,3,1
494307,494307,494311,4,0
494307,494310,494311,1,3
494307,494307,494311,4,0
494307,494310,494311,1,3
494307,494310,494311,1,3
494307,494308,494312,4,1
494307,494308,494312,4,1
494307,494308,494312,4,1
494307,494307,494312,5,0
494307,494307,494312,5,0
494307,494307,494312,5,0
494307,494307,494312,5,0
494307,494311,494312,1,4
494307,494312,494313,1,5
494307,494312,494313,1,5
494307,494307,494312,5,0
494307,494311,494312,1,4
494307,494311,494312,1,4
494307,494308,494312,4,1
494307,494307,494313,6,0
494307,494307,494313,6,0
494307,494307,494313,6,0
494307,494307,494313,6,0
494307,494307,494313,6,0
494307,494307,494313,6,0
494307,494312,494313,1,5
494307,494313,494314,1,6
494307,494312,494313,1,5
494307,494312,494313,1,5
494307,494312,494313,1,5
494307,494307,494313,6,0
494307,494313,494314,1,6
494307,494313,494314,1,6
494307,494307,494313,6,0
494307,494313,494314,1,6
494307,494313,494314,1,6
494307,494313,494314,1,6
494307,494312,494314,2,5
494307,494313,494314,1,6
494307,494313,494314,1,6
494307,494307,494315,8,0
494307,494314,494315,1,7
494307,494307,494315,8,0
494307,494313,494314,1,6
494307,494313,494314,1,6
494307,494313,494314,1,6
494307,494307,494316,9,0
494307,494307,494315,8,0
494307,494313,494315,2,6
494307,494314,494315,1,7
494307,494314,494315,1,7
494307,494314,494315,1,7
494307,494314,494315,1,7
494307,494307,494315,8,0
494307,494307,494315,8,0
494307,494313,494315,2,6
494307,494307,494316,9,0
494307,494307,494316,9,0
494307,494307,494316,9,0
494307,494307,494317,10,0
494307,494307,494318,11,0
494307,494307,494318,11,0
494307,494307,494318,11,0
494307,494307,494323,16,0
494307,494308,494324,16,1
494307,494307,494325,18,0
494307,494307,494327,20,0
494338,494339,494340,1,1
494338,494339,494340,1,1
494338,494339,494340,1,1
494338,494339,494341,2,1
494338,494340,494341,1,2
494338,494340,494341,1,2
494338,494340,494341,1,2
494338,494339,494342,3,1
494338,494339,494342,3,1
494338,494339,494342,3,1
494338,494339,494342,3,1
494338,494341,494342,1,3
494338,494341,494342,1,3
494338,494339,494343,4,1
494338,494339,494343,4,1
494338,494339,494343,4,1
494338,494339,494343,4,1
494338,494339,494343,4,1
494338,494339,494343,4,1
494338,494342,494343,1,4
494338,494342,494343,1,4
494338,494339,494344,5,1
494338,494342,494343,1,4
494338,494339,494343,4,1
494338,494342,494343,1,4
494338,494339,494344,5,1
494338,494339,494344,5,1
494338,494339,494345,6,1
494338,494339,494344,5,1
494338,494339,494344,5,1
494338,494339,494345,6,1
494338,494339,494344,5,1
494338,494339,494344,5,1
494338,494339,494344,5,1
494338,494343,494344,1,5
494338,494344,494345,1,6
494338,494339,494344,5,1
494338,494339,494344,5,1
494338,494344,494345,1,6
494338,494343,494344,1,5
494338,494344,494345,1,6
494338,494339,494345,6,1
494338,494339,494345,6,1
494338,494343,494345,2,5
494338,494344,494346,2,6
494338,494339,494345,6,1
494338,494343,494345,2,5
494338,494344,494346,2,6
494338,494339,494345,6,1
494338,494344,494345,1,6
494338,494339,494345,6,1
494338,494345,494346,1,7
494338,494344,494345,1,6
494338,494339,494345,6,1
494338,494339,494345,6,1
494338,494339,494346,7,1
494338,494343,494345,2,5
494338,494344,494345,1,6
494338,494345,494346,1,7
494338,494344,494346,2,6
494338,494344,494346,2,6
494338,494344,494346,2,6
494338,494339,494346,7,1
494338,494339,494347,8,1
494338,494345,494346,1,7
494338,494343,494346,3,5
494338,494344,494346,2,6
494338,494345,494347,2,7
494338,494345,494346,1,7
494338,494345,494347,2,7
494338,494339,494348,9,1
494338,494339,494348,9,1
494338,494339,494349,10,1
494338,494339,494350,11,1
494338,494339,494351,12,1
494338,494345,494352,7,7
494338,494345,494351,6,7
494362,494362,494363,1,0
494362,494362,494363,1,0
494362,494362,494363,1,0
494362,494362,494363,1,0
494362,494362,494363,1,0
494362,494362,494364,2,0
494362,494363,494365,2,1
494362,494363,494365,2,1
494362,494363,494365,2,1
494362,494362,494366,4,0
494362,494362,494366,4,0
494362,494364,494366,2,2
494362,494364,494366,2,2
494362,494364,494366,2,2
494362,494362,494367,5,0
494362,494362,494367,5,0
494362,494362,494367,5,0
494362,494365,494367,2,3
494362,494365,494367,2,3
494362,494366,494367,1,4
494362,494365,494367,2,3
494362,494366,494367,1,4
494362,494362,494368,6,0
494362,494362,494368,6,0
494362,494362,494367,5,0
494362,494366,494368,2,4
494362,494362,494368,6,0
494362,494362,494368,6,0
494362,494367,494368,1,5
494362,494362,494368,6,0
494362,494362,494369,7,0
494362,494362,494369,7,0
494362,494362,494368,6,0
494362,494362,494369,7,0
494362,494362,494369,7,0
494362,494366,494369,3,4
494362,494362,494369,7,0
494362,494362,494369,7,0
494362,494367,494369,2,5
494362,494368,494369,1,6
494362,494368,494369,1,6
494362,494368,494369,1,6
494362,494367,494369,2,5
494362,494362,494370,8,0
494362,494368,494370,2,6
494362,494362,494370,8,0
494362,494368,494370,2,6
494362,494369,494370,1,7
494362,494362,494370,8,0
494362,494367,494370,3,5
494362,494366,494370,4,4
494362,494367,494370,3,5
494362,494362,494370,8,0
494362,494368,494369,1,6
494362,494362,494370,8,0
494362,494362,494370,8,0
494362,494362,494370,8,0
494362,494362,494371,9,0
494362,494362,494371,9,0
494362,494362,494370,8,0
494362,494369,494370,1,7
494362,494369,494371,2,7
494362,494362,494371,9,0
494362,494368,494370,2,6
494362,494367,494371,4,5
494362,494362,494371,9,0
494362,494362,494372,10,0
494362,494362,494372,10,0
494362,494362,494372,10,0
494362,494362,494371,9,0
494362,494369,494372,3,7
494362,494369,494371,2,7
494362,494362,494373,11,0
494362,494362,494373,11,0
494362,494362,494374,12,0
494362,494362,494376,14,0
494387,494387,494388,1,0
494387,494387,494388,1,0
494387,494387,494389,2,0
494387,494387,494389,2,0
494387,494387,494389,2,0
494387,494387,494390,3,0
494387,494387,494391,4,0
494387,494387,494391,4,0
494387,494389,494391,2,2
494387,494389,494391,2,2
494387,494390,494391,1,3
494387,494390,494391,1,3
494387,494387,494392,5,0
494387,494387,494392,5,0
494387,494387,494392,5,0
494387,494387,494392,5,0
494387,494390,494392,2,3
494387,494391,494392,1,4
494387,494387,494393,6,0
494387,494387,494393,6,0
494387,494387,494393,6,0
494387,494387,494393,6,0
494387,494392,494393,1,5
494387,494392,494393,1,5
494387,494392,494393,1,5
494387,494387,494394,7,0
494387,494392,494393,1,5
494387,494387,494394,7,0
494387,494387,494394,7,0
494387,494393,494394,1,6
494387,494387,494394,7,0
494387,494392,494394,2,5
494387,494387,494394,7,0
494387,494393,494394,1,6
494387,494387,494394,7,0
494387,494387,494394,7,0
494387,494394,494395,1,7
494387,494387,494394,7,0
494387,494394,494395,1,7
494387,494387,494394,7,0
494387,494393,494394,1,6
494387,494394,494395,1,7
494387,494387,494394,7,0
494387,494387,494395,8,0
494387,494395,494396,1,8
494387,494387,494395,8,0
494387,494387,494395,8,0
494387,494387,494396,9,0
494387,494393,494395,2,6
494387,494392,494395,3,5
494387,494394,494395,1,7
494387,494387,494395,8,0
494387,494394,494395,1,7
494387,494387,494395,8,0
494387,494387,494395,8,0
494387,494395,494396,1,8
494387,494387,494395,8,0
494387,494393,494395,2,6
494387,494394,494395,1,7
494387,494387,494395,8,0
494387,494394,494395,1,7
494387,494395,494396,1,8
494387,494395,494396,1,8
494387,494394,494395,1,7
494387,494387,494396,9,0
494387,494387,494397,10,0
494387,494395,494396,1,8
494387,494393,494396,3,6
494387,494387,494396,9,0
494387,494387,494396,9,0
494387,494395,494396,1,8
494387,494395,494396,1,8
494387,494395,494396,1,8
494387,494387,494398,11,0
494387,494394,494397,3,7
494387,494387,494399,12,0
494387,494387,494399,12,0
494387,494387,494404,17,0
494387,494387,494405,18,0
494417,494417,494418,1,0
494417,494417,494418,1,0
494417,494417,494418,1,0
494417,494417,494418,1,0
494417,494417,494418,1,0
494417,494417,494419,2,0
494417,494418,494419,1,1
494417,494418,494419,1,1
494417,494418,494420,2,1
494417,494417,494420,3,0
494417,494419,494420,1,2
494417,494419,494421,2,2
494417,494417,494422,5,0
494417,494417,494422,5,0
494417,494417,494421,4,0
494417,494417,494421,4,0
494417,494417,494421,4,0
494417,494417,494421,4,0
494417,494420,494421,1,3
494417,494420,494421,1,3
494417,494420,494421,1,3
494417,494417,494421,4,0
494417,494417,494422,5,0
494417,494420,494421,1,3
494417,494421,494422,1,4
494417,494417,494422,5,0
494417,494417,494423,6,0
494417,494417,494423,6,0
494417,494422,494423,1,5
494417,494421,494422,1,4
494417,494422,494423,1,5
494417,494417,494423,6,0
494417,494422,494423,1,5
494417,494422,494423,1,5
494417,494417,494423,6,0
494417,494417,494423,6,0
494417,494422,494424,2,5
494417,494417,494423,6,0
494417,494417,494423,6,0
494417,494417,494423,6,0
494417,494423,494424,1,6
494417,494417,494424,7,0
494417,494422,494423,1,5
494417,494422,494423,1,5
494417,494417,494423,6,0
494417,494421,494423,2,4
494417,494422,494424,2,5
494417,494423,494424,1,6
494417,494423,494424,1,6
494417,494423,494424,1,6
494417,494423,494424,1,6
494417,494417,494424,7,0
494417,494417,494425,8,0
494417,494417,494424,7,0
494417,494417,494424,7,0
494417,494423,494425,2,6
494417,494422,494424,2,5
494417,494423,494425,2,6
494417,494422,494424,2,5
494417,494422,494424,2,5
494417,494417,494424,7,0
494417,494417,494425,8,0
494417,494417,494425,8,0
494417,494423,494424,1,6
494417,494424,494425,1,7
494417,494417,494425,8,0
494417,494423,494425,2,6
494417,494417,494425,8,0
494417,494417,494426,9,0
494417,494417,494426,9,0
494417,494417,494427,10,0
494417,494422,494427,5,5
494417,494422,494426,4,5
494417,494417,494426,9,0
494417,494417,494427,10,0
494417,494417,494426,9,0
494417,494417,494427,10,0
494417,494417,494427,10,0
494417,494417,494431,14,0
494442,494442,494443,1,0
494442,494442,494443,1,0
494442,494442,494444,2,0
494442,494442,494443,1,0
494442,494442,494443,1,0
494442,494442,494444,2,0
494442,494443,494445,2,1
494442,494443,494445,2,1
494442,494442,494446,4,0
494442,494444,494446,2,2
494442,494444,494445,1,2
494442,494444,494446,2,2
494442,494442,494447,5,0
494442,494445,494446,1,3
494442,494446,494447,1,4
494442,494445,494447,2,3
494442,494445,494447,2,3
494442,494442,494448,6,0
494442,494442,494447,5,0
494442,494442,494448,6,0
494442,494446,494447,1,4
494442,494447,494448,1,5
494442,494446,494447,1,4
494442,494442,494448,6,0
494442,494446,494449,3,4
494442,494448,494449,1,6
494442,494447,494448,1,5
494442,494448,494449,1,6
494442,494442,494449,7,0
494442,494447,494448,1,5
494442,494442,494449,7,0
494442,494442,494449,7,0
494442,494447,494448,1,5
494442,494442,494449,7,0
494442,494448,494449,1,6
494442,494442,494450,8,0
494442,494442,494450,8,0
494442,494442,494449,7,0
494442,494447,494450,3,5
494442,494442,494450,8,0
494442,494442,494450,8,0
494442,494442,494450,8,0
494442,494448,494449,1,6
494442,494442,494450,8,0
494442,494449,494450,1,7
494442,494442,494449,7,0
494442,494448,494449,1,6
494442,494449,494450,1,7
494442,494449,494450,1,7
494442,494442,494449,7,0
494442,494449,494450,1,7
494442,494449,494450,1,7
494442,494449,494450,1,7
494442,494442,494450,8,0
494442,494442,494450,8,0
494442,494442,494451,9,0
494442,494450,494451,1,8
494442,494448,494450,2,6
494442,494449,494451,2,7
494442,494449,494450,1,7
494442,494449,494451,2,7
494442,494442,494452,10,0
494442,494442,494452,10,0
494442,494442,494452,10,0
494442,494450,494452,2,8
494442,494442,494451,9,0
494442,494449,494451,2,7
494442,494442,494452,10,0
494442,494442,494453,11,0
494442,494442,494452,10,0
494442,494442,494453,11,0
494442,494442,494453,11,0
494442,494442,494453,11,0
494442,494442,494453,11,0
494442,494442,494454,12,0
494442,494442,494455,13,0
494442,494442,494456,14,0
494442,494442,494456,14,0
494442,494442,494459,17,0
494470,494470,494471,1,0
494470,494470,494471,1,0
494470,494470,494471,1,0
494470,494470,494471,1,0
494470,494470,494471,1,0
494470,494470,494471,1,0
494470,494471,494472,1,1
494470,494471,494472,1,1
494470,494471,494472,1,1
494470,494470,494473,3,0
494470,494472,494473,1,2
494470,494472,494473,1,2
494470,494472,494473,1,2
494470,494470,494475,5,0
494470,494470,494475,5,0
494470,494473,494475,2,3
494470,494473,494474,1,3
494470,494474,494475,1,4
494470,494473,494474,1,3
494470,494474,494475,1,4
494470,494470,494474,4,0
494470,494470,494475,5,0
494470,494470,494475,5,0
494470,494470,494475,5,0
494470,494470,494476,6,0
494470,494470,494476,6,0
494470,494470,494476,6,0
494470,494475,494476,1,5
494470,494474,494475,1,4
494470,494475,494476,1,5
494470,494475,494476,1,5
494470,494470,494476,6,0
494470,494470,494476,6,0
494470,494470,494476,6,0
494470,494470,494477,7,0
494470,494470,494476,6,0
494470,494470,494477,7,0
494470,494475,494476,1,5
494470,494475,494476,1,5
494470,494470,494476,6,0
494470,494475,494477,2,5
494470,494470,494476,6,0
494470,494476,494477,1,6
494470,494476,494477,1,6
494470,494470,494476,6,0
494470,494475,494476,1,5
494470,494476,494477,1,6
494470,494470,494477,7,0
494470,494476,494478,2,6
494470,494470,494477,7,0
494470,494475,494477,2,5
494470,494470,494477,7,0
494470,494470,494477,7,0
494470,494470,494477,7,0
494470,494470,494477,7,0
494470,494476,494477,1,6
494470,494470,494478,8,0
494470,494470,494478,8,0
494470,494470,494478,8,0
494470,494474,494478,4,4
494470,494477,494478,1,7
494470,494477,494478,1,7
494470,494477,494478,1,7
494470,494476,494478,2,6
494470,494476,494478,2,6
494470,494470,494478,8,0
494470,494476,494479,3,6
494470,494476,494478,2,6
494470,494476,494478,2,6
494470,494477,494479,2,7
494470,494470,494480,10,0
494470,494470,494480,10,0
494470,494470,494480,10,0
494470,494470,494481,11,0
494470,494470,494482,12,0
494470,494470,494482,12,0
494470,494470,494483,13,0
494470,494470,494483,13,0
494470,494470,494491,21,0
494501,494502,494503,1,1
494501,494501,494503,2,0
494501,494501,494503,2,0
494501,494501,494503,2,0
494501,494502,494503,1,1
494501,494503,494504,1,2
494501,494502,494505,3,1
494501,494502,494505,3,1
494501,494504,494506,2,3
494501,494504,494505,1,3
494501,494502,494506,4,1
494501,494502,494506,4,1
494501,494502,494506,4,1
494501,494502,494507,5,1
494501,494502,494506,4,1
494501,494504,494506,2,3
494501,494502,494506,4,1
494501,494505,494507,2,4
494501,494504,494506,2,3
494501,494504,494506,2,3
494501,494501,494507,6,0
494501,494502,494507,5,1
494501,494502,494507,5,1
494501,494507,494508,1,6
494501,494506,494507,1,5
494501,494507,494508,1,6
494501,494506,494507,1,5
494501,494507,494508,1,6
494501,494508,494509,1,7
494501,494502,494508,6,1
494501,494507,494509,2,6
494501,494507,494509,2,6
494501,494502,494508,6,1
494501,494507,494508,1,6
494501,494502,494508,6,1
494501,494507,494508,1,6
494501,494508,494509,1,7
494501,494502,494508,6,1
494501,494502,494508,6,1
494501,494502,494509,7,1
494501,494509,494510,1,8
494501,494502,494509,7,1
494501,494507,494509,2,6
494501,494506,494509,3,5
494501,494507,494509,2,6
494501,494502,494510,8,1
494501,494507,494509,2,6
494501,494502,494510,8,1
494501,494502,494509,7,1
494501,494509,494510,1,8
494501,494502,494509,7,1
494501,494502,494510,8,1
494501,494509,494510,1,8
494501,494502,494509,7,1
494501,494508,494509,1,7
494501,494508,494509,1,7
494501,494508,494509,1,7
494501,494508,494509,1,7
494501,494502,494510,8,1
494501,494502,494510,8,1
494501,494506,494510,4,5
494501,494509,494511,2,8
494501,494502,494510,8,1
494501,494508,494510,2,7
494501,494508,494510,2,7
494501,494509,494510,1,8
494501,494502,494510,8,1
494501,494502,494511,9,1
494501,494509,494511,2,8
494501,494502,494513,11,1
494501,494502,494512,10,1
494501,494502,494513,11,1
494501,494502,494513,11,1
494501,494502,494513,11,1
494501,494502,494513,11,1
494501,494502,494514,12,1
494501,494502,494514,12,1
494501,494502,494516,14,1
494529,494529,494530,1,0
494529,494529,494530,1,0
494529,494529,494530,1,0
494529,494529,494530,1,0
494529,494529,494530,1,0
494529,494529,494530,1,0
494529,494530,494532,2,1
494529,494529,494533,4,0
494529,494529,494533,4,0
494529,494529,494532,3,0
494529,494531,494533,2,2
494529,494531,494533,2,2
494529,494531,494533,2,2
494529,494531,494533,2,2
494529,494531,494533,2,2
494529,494529,494534,5,0
494529,494529,494534,5,0
494529,494529,494533,4,0
494529,494529,494533,4,0
494529,494529,494533,4,0
494529,494532,494534,2,3
494529,494529,494534,5,0
494529,494529,494535,6,0
494529,494533,494534,1,4
494529,494533,494535,2,4
494529,494533,494534,1,4
494529,494533,494535,2,4
494529,494533,494534,1,4
494529,494529,494535,6,0
494529,494535,494536,1,6
494529,494529,494536,7,0
494529,494529,494535,6,0
494529,494534,494535,1,5
494529,494529,494536,7,0
494529,494535,494536,1,6
494529,494529,494536,7,0
494529,494535,494536,1,6
494529,494529,494537,8,0
494529,494534,494536,2,5
494529,494529,494537,8,0
494529,494536,494537,1,7
494529,494536,494537,1,7
494529,494529,494537,8,0
494529,494534,494537,3,5
494529,494534,494536,2,5
494529,494529,494537,8,0
494529,494529,494537,8,0
494529,494529,494536,7,0
494529,494533,494537,4,4
494529,494534,494536,2,5
494529,494533,494537,4,4
494529,494534,494536,2,5
494529,494529,494536,7,0
494529,494535,494536,1,6
494529,494535,494536,1,6
494529,494529,494537,8,0
494529,494535,494537,2,6
494529,494536,494537,1,7
494529,494535,494536,1,6
494529,494536,494537,1,7
494529,494529,494538,9,0
494529,494533,494538,5,4
494529,494529,494538,9,0
494529,494529,494537,8,0
494529,494536,494538,2,7
494529,494529,494538,9,0
494529,494529,494538,9,0
494529,494536,494538,2,7
494529,494536,494539,3,7
494529,494529,494538,9,0
494529,494529,494539,10,0
494529,494529,494540,11,0
494529,494529,494540,11,0
494529,494529,494540,11,0
494529,494529,494540,11,0
494529,494529,494541,12,0
494529,494529,494541,12,0
494529,494529,494540,11,0
494529,494529,494542,13,0
494554,494554,494555,1,0
494554,494554,494555,1,0
494554,494554,494555,1,0
494554,494554,494556,2,0
494554,494554,494556,2,0
494554,494554,494556,2,0
494554,494555,494557,2,1
494554,494554,494558,4,0
494554,494554,494558,4,0
494554,494556,494558,2,2
494554,494556,494558,2,2
494554,494556,494558,2,2
494554,494556,494558,2,2
494554,494556,494558,2,2
494554,494554,494559,5,0
494554,494554,494559,5,0
494554,494557,494558,1,3
494554,494558,494559,1,4
494554,494554,494560,6,0
494554,494554,494560,6,0
494554,494558,494560,2,4
494554,494554,494560,6,0
494554,494554,494560,6,0
494554,494558,494560,2,4
494554,494558,494560,2,4
494554,494554,494561,7,0
494554,494554,494561,7,0
494554,494554,494561,7,0
494554,494554,494561,7,0
494554,494554,494561,7,0
494554,494554,494560,6,0
494554,494559,494560,1,5
494554,494554,494561,7,0
494554,494554,494560,6,0
494554,494559,494561,2,5
494554,494559,494561,2,5
494554,494560,494561,1,6
494554,494560,494561,1,6
494554,494561,494562,1,7
494554,494554,494561,7,0
494554,494561,494562,1,7
494554,494554,494562,8,0
494554,494558,494562,4,4
494554,494554,494562,8,0
494554,494559,494562,3,5
494554,494559,494562,3,5
494554,494554,494561,7,0
494554,494558,494562,4,4
494554,494554,494562,8,0
494554,494554,494562,8,0
494554,494561,494562,1,7
494554,494560,494561,1,6
494554,494560,494562,2,6
494554,494554,494563,9,0
494554,494561,494563,2,7
494554,494554,494563,9,0
494554,494554,494562,8,0
494554,494560,494563,3,6
494554,494561,494563,2,7
494554,494554,494563,9,0
494554,494561,494563,2,7
494554,494561,494563,2,7
494554,494561,494562,1,7
494554,494554,494563,9,0
494554,494562,494563,1,8
494554,494554,494564,10,0
494554,494554,494564,10,0
494554,494554,494564,10,0
494554,494554,494564,10,0
494554,494554,494564,10,0
494554,494554,494565,11,0
494554,494554,494565,11,0
494554,494554,494565,11,0
494554,494554,494565,11,0
494554,494554,494567,13,0
494554,494554,494567,13,0
494578,494579,494580,1,1
494578,494579,494580,1,1
494578,494579,494580,1,1
494578,494579,494580,1,1
494578,494580,494581,1,2
494578,494580,494582,2,2
494578,494581,494583,2,3
494578,494581,494582,1,3
494578,494581,494583,2,3
494578,494581,494582,1,3
494578,494579,494583,4,1
494578,494582,494583,1,4
494578,494579,494584,5,1
494578,494583,494584,1,5
494578,494583,494585,2,5
494578,494583,494584,1,5
494578,494583,494584,1,5
494578,494583,494584,1,5
494578,494579,494585,6,1
494578,494579,494586,7,1
494578,494579,494585,6,1
494578,494579,494586,7,1
494578,494579,494586,7,1
494578,494579,494585,6,1
494578,494579,494586,7,1
494578,494584,494585,1,6
494578,494579,494586,7,1
494578,494586,494587,1,8
494578,494579,494587,8,1
494578,494579,494586,7,1
494578,494579,494587,8,1
494578,494579,494586,7,1
494578,494579,494586,7,1
494578,494579,494586,7,1
494578,494579,494586,7,1
494578,494579,494586,7,1
494578,494584,494586,2,6
494578,494579,494586,7,1
494578,494585,494586,1,7
494578,494586,494587,1,8
494578,494579,494586,7,1
494578,494579,494586,7,1
494578,494585,494586,1,7
494578,494585,494586,1,7
494578,494585,494586,1,7
494578,494586,494587,1,8
494578,494586,494587,1,8
494578,494579,494586,7,1
494578,494585,494586,1,7
494578,494586,494587,1,8
494578,494586,494587,1,8
494578,494579,494587,8,1
494578,494587,494588,1,9
494578,494579,494588,9,1
494578,494586,494587,1,8
494578,494579,494587,8,1
494578,494585,494587,2,7
494578,494579,494588,9,1
494578,494586,494587,1,8
494578,494579,494587,8,1
494578,494587,494588,1,9
494578,494579,494588,9,1
494578,494579,494588,9,1
494578,494587,494589,2,9
494578,494579,494588,9,1
494578,494587,494589,2,9
494578,494587,494589,2,9
494578,494587,494589,2,9
494578,494587,494589,2,9
494578,494579,494589,10,1
494578,494579,494590,11,1
494578,494579,494590,11,1
494578,494579,494590,11,1
494578,494579,494590,11,1
494578,494579,494591,12,1
494578,494579,494592,13,1
494578,494579,494591,12,1
494603,494603,494604,1,0
494603,494603,494604,1,0
494603,494603,494604,1,0
494603,494603,494605,2,0
494603,494603,494604,1,0
494603,494603,494604,1,0
494603,494603,494604,1,0
494603,494604,494606,2,1
494603,494604,494606,2,1
494603,494603,494607,4,0
494603,494603,494606,3,0
494603,494603,494607,4,0
494603,494605,494607,2,2
494603,494605,494607,2,2
494603,494605,494607,2,2
494603,494605,494607,2,2
494603,494605,494606,1,2
494603,494603,494607,4,0
494603,494606,494607,1,3
494603,494606,494607,1,3
494603,494607,494608,1,4
494603,494607,494608,1,4
494603,494607,494608,1,4
494603,494607,494608,1,4
494603,494608,494609,1,5
494603,494608,494609,1,5
494603,494603,494609,6,0
494603,494607,494608,1,4
494603,494607,494608,1,4
494603,494607,494609,2,4
494603,494603,494610,7,0
494603,494603,494610,7,0
494603,494603,494610,7,0
494603,494609,494610,1,6
494603,494609,494610,1,6
494603,494603,494610,7,0
494603,494609,494610,1,6
494603,494609,494610,1,6
494603,494603,494610,7,0
494603,494603,494611,8,0
494603,494603,494611,8,0
494603,494603,494611,8,0
494603,494608,494611,3,5
494603,494603,494611,8,0
494603,494609,494611,2,6
494603,494609,494610,1,6
494603,494603,494611,8,0
494603,494610,494611,1,7
494603,494609,494610,1,6
494603,494609,494610,1,6
494603,494603,494611,8,0
494603,494609,494610,1,6
494603,494610,494611,1,7
494603,494610,494611,1,7
494603,494603,494612,9,0
494603,494603,494611,8,0
494603,494603,494611,8,0
494603,494603,494611,8,0
494603,494610,494612,2,7
494603,494603,494611,8,0
494603,494610,494611,1,7
494603,494603,494612,9,0
494603,494603,494612,9,0
494603,494610,494611,1,7
494603,494603,494613,10,0
494603,494603,494612,9,0
494603,494603,494613,10,0
494603,494603,494613,10,0
494603,494603,494613,10,0
494603,494607,494614,7,4
494603,494603,494614,11,0
494603,494603,494614,11,0
494603,494603,494615,12,0
494603,494603,494616,13,0
494603,494603,494617,14,0
494603,494603,494616,13,0
494603,494603,494618,15,0
494603,494603,494619,16,0
494603,494603,494621,18,0
494632,494632,494633,1,0
494632,494632,494633,1,0
494632,494632,494634,2,0
494632,494632,494634,2,0
494632,494632,494634,2,0
494632,494632,494634,2,0
494632,494632,494634,2,0
494632,494634,494636,2,2
494632,494635,494636,1,3
494632,494635,494636,1,3
494632,494634,494636,2,2
494632,494635,494636,1,3
494632,494635,494636,1,3
494632,494635,494636,1,3
494632,494633,494637,4,1
494632,494632,494637,5,0
494632,494633,494637,4,1
494632,494632,494637,5,0
494632,494637,494638,1,5
494632,494632,494637,5,0
494632,494632,494637,5,0
494632,494637,494638,1,5
494632,494632,494637,5,0
494632,494636,494637,1,4
494632,494637,494638,1,5
494632,494632,494638,6,0
494632,494633,494638,5,1
494632,494632,494638,6,0
494632,494637,494638,1,5
494632,494633,494639,6,1
494632,494632,494638,6,0
494632,494637,494638,1,5
494632,494637,494638,1,5
494632,494633,494638,5,1
494632,494638,494639,1,6
494632,494633,494638,5,1
494632,494632,494639,7,0
494632,494632,494639,7,0
494632,494633,494639,6,1
494632,494632,494639,7,0
494632,494638,494639,1,6
494632,494632,494640,8,0
494632,494638,494639,1,6
494632,494639,494640,1,7
494632,494639,494640,1,7
494632,494639,494640,1,7
494632,494638,494639,1,6
494632,494638,494639,1,6
494632,494638,494639,1,6
494632,494638,494639,1,6
494632,494638,494639,1,6
494632,494639,494640,1,7
494632,494632,494639,7,0
494632,494632,494639,7,0
494632,494633,494640,7,1
494632,494632,494640,8,0
494632,494632,494640,8,0
494632,494638,494640,2,6
494632,494639,494641,2,7
494632,494632,494640,8,0
494632,494638,494640,2,6
494632,494639,494640,1,7
494632,494639,494640,1,7
494632,494639,494640,1,7
494632,494632,494640,8,0
494632,494639,494640,1,7
494632,494638,494640,2,6
494632,494633,494641,8,1
494632,494639,494641,2,7
494632,494632,494641,9,0
494632,494632,494642,10,0
494632,494632,494642,10,0
494632,494632,494642,10,0
494632,494632,494643,11,0
494632,494632,494643,11,0
494632,494632,494644,12,0
494632,494632,494643,11,0
494632,494632,494644,12,0
494632,494633,494645,12,1
494656,494656,494658,2,0
494656,494656,494657,1,0
494656,494656,494657,1,0
494656,494656,494657,1,0
494656,494656,494658,2,0
494656,494656,494657,1,0
494656,494656,494659,3,0
494656,494656,494659,3,0
494656,494656,494659,3,0
494656,494656,494659,3,0
494656,494656,494658,2,0
494656,494656,494659,3,0
494656,494656,494659,3,0
494656,494656,494659,3,0
494656,494656,494659,3,0
494656,494658,494659,1,2
494656,494656,494659,3,0
494656,494658,494659,1,2
494656,494656,494659,3,0
494656,494656,494660,4,0
494656,494656,494660,4,0
494656,494656,494660,4,0
494656,494659,494660,1,3
494656,494656,494660,4,0
494656,494656,494660,4,0
494656,494658,494660,2,2
494656,494656,494660,4,0
494656,494656,494660,4,0
494656,494656,494660,4,0
494656,494658,494659,1,2
494656,494659,494660,1,3
494656,494656,494660,4,0
494656,494658,494659,1,2
494656,494659,494660,1,3
494656,494656,494660,4,0
494656,494658,494660,2,2
494656,494659,494660,1,3
494656,494659,494660,1,3
494656,494656,494661,5,0
494656,494659,494661,2,3
494656,494656,494661,5,0
494656,494656,494661,5,0
494656,494656,494661,5,0
494656,494659,494661,2,3
494656,494656,494661,5,0
494656,494659,494661,2,3
494656,494660,494661,1,4
494656,494660,494661,1,4
494656,494656,494661,5,0
494656,494660,494661,1,4
494656,494659,494661,2,3
494656,494660,494661,1,4
494656,494660,494661,1,4
494656,494656,494661,5,0
494656,494660,494661,1,4
494656,494660,494661,1,4
494656,494660,494661,1,4
494656,494659,494662,3,3
494656,494660,494662,2,4
494656,494656,494662,6,0
494656,494659,494661,2,3
494656,494660,494662,2,4
494656,494656,494662,6,0
494656,494656,494662,6,0
494656,494660,494661,1,4
494656,494660,494661,1,4
494656,494660,494661,1,4
494656,494660,494662,2,4
494656,494660,494662,2,4
494656,494656,494663,7,0
494656,494656,494663,7,0
494656,494660,494663,3,4
494656,494656,494663,7,0
494656,494659,494662,3,3
494656,494660,494663,3,4
494656,494656,494664,8,0
494656,494656,494665,9,0
494656,494656,494668,12,0
494656,494656,494668,12,0
494679,494679,494680,1,0
494679,494679,494680,1,0
494679,494679,494680,1,0
494679,494679,494680,1,0
494679,494679,494680,1,0
494679,494679,494682,3,0
494679,494679,494682,3,0
494679,494679,494681,2,0
494679,494681,494682,1,2
494679,494679,494683,4,0
494679,494679,494682,3,0
494679,494679,494683,4,0
494679,494679,494683,4,0
494679,494679,494683,4,0
494679,494679,494683,4,0
494679,494679,494682,3,0
494679,494681,494682,1,2
494679,494681,494682,1,2
494679,494679,494683,4,0
494679,494681,494682,1,2
494679,494679,494682,3,0
494679,494679,494683,4,0
494679,494681,494683,2,2
494679,494679,494682,3,0
494679,494682,494683,1,3
494679,494679,494683,4,0
494679,494679,494684,5,0
494679,494679,494684,5,0
494679,494679,494684,5,0
494679,494679,494684,5,0
494679,494679,494684,5,0
494679,494679,494684,5,0
494679,494683,494684,1,4
494679,494683,494684,1,4
494679,494682,494683,1,3
494679,494682,494683,1,3
494679,494679,494684,5,0
494679,494683,494684,1,4
494679,494679,494684,5,0
494679,494679,494684,5,0
494679,494679,494685,6,0
494679,494679,494684,5,0
494679,494679,494685,6,0
494679,494683,494685,2,4
494679,494679,494685,6,0
494679,494682,494684,2,3
494679,494679,494685,6,0
494679,494683,494684,1,4
494679,494683,494684,1,4
494679,494684,494685,1,5
494679,494683,494685,2,4
494679,494683,494685,2,4
494679,494684,494685,1,5
494679,494683,494685,2,4
494679,494684,494685,1,5
494679,494683,494685,2,4
494679,494683,494684,1,4
494679,494683,494685,2,4
494679,494679,494684,5,0
494679,494683,494685,2,4
494679,494679,494686,7,0
494679,494683,494685,2,4
494679,494679,494686,7,0
494679,494684,494686,2,5
494679,494679,494686,7,0
494679,494683,494685,2,4
494679,494684,494686,2,5
494679,494684,494686,2,5
494679,494679,494685,6,0
494679,494683,494685,2,4
494679,494684,494686,2,5
494679,494684,494685,1,5
494679,494684,494686,2,5
494679,494684,494685,1,5
494679,494679,494686,7,0
494679,494679,494686,7,0
494679,494679,494687,8,0
494679,494679,494687,8,0
494679,494679,494688,9,0
494699,494699,494700,1,0
494699,494699,494700,1,0
494699,494699,494700,1,0
494699,494699,494700,1,0
494699,494699,494700,1,0
494699,494699,494702,3,0
494699,494701,494702,1,2
494699,494701,494702,1,2
494699,494701,494702,1,2
494699,494699,494703,4,0
494699,494699,494703,4,0
494699,494699,494702,3,0
494699,494699,494702,3,0
494699,494701,494702,1,2
494699,494699,494703,4,0
494699,494702,494703,1,3
494699,494701,494703,2,2
494699,494702,494703,1,3
494699,494699,494703,4,0
494699,494699,494703,4,0
494699,494702,494703,1,3
494699,494699,494704,5,0
494699,494699,494704,5,0
494699,494699,494704,5,0
494699,494699,494703,4,0
494699,494699,494704,5,0
494699,494699,494703,4,0
494699,494703,494704,1,4
494699,494703,494704,1,4
494699,494699,494703,4,0
494699,494699,494704,5,0
494699,494699,494703,4,0
494699,494703,494704,1,4
494699,494699,494703,4,0
494699,494699,494704,5,0
494699,494699,494704,5,0
494699,494699,494705,6,0
494699,494703,494705,2,4
494699,494699,494704,5,0
494699,494704,494705,1,5
494699,494699,494705,6,0
494699,494703,494705,2,4
494699,494704,494705,1,5
494699,494699,494705,6,0
494699,494702,494704,2,3
494699,494699,494705,6,0
494699,494703,494704,1,4
494699,494703,494704,1,4
494699,494704,494705,1,5
494699,494703,494705,2,4
494699,494703,494705,2,4
494699,494703,494705,2,4
494699,494699,494705,6,0
494699,494703,494705,2,4
494699,494703,494705,2,4
494699,494699,494705,6,0
494699,494704,494706,2,5
494699,494704,494706,2,5
494699,494699,494705,6,0
494699,494699,494706,7,0
494699,494704,494706,2,5
494699,494704,494705,1,5
494699,494704,494706,2,5
494699,494699,494705,6,0
494699,494699,494706,7,0
494699,494704,494705,1,5
494699,494699,494706,7,0
494699,494699,494707,8,0
494699,494704,494706,2,5
494699,494704,494706,2,5
494699,494699,494707,8,0
494699,494704,494706,2,5
494699,494704,494706,2,5
494699,494699,494708,9,0
494699,494704,494708,4,5
494699,494699,494709,10,0
494699,494699,494709,10,0
494699,494699,494709,10,0
494699,494699,494711,12,0
494722,494722,494723,1,0
494722,494722,494723,1,0
494722,494722,494724,2,0
494722,494722,494724,2,0
494722,494722,494724,2,0
494722,494722,494725,3,0
494722,494724,494726,2,2
494722,494724,494726,2,2
494722,494723,494726,3,1
494722,494723,494726,3,1
494722,494724,494726,2,2
494722,494722,494727,5,0
494722,494722,494727,5,0
494722,494722,494727,5,0
494722,494722,494726,4,0
494722,494722,494727,5,0
494722,494722,494727,5,0
494722,494722,494727,5,0
494722,494722,494727,5,0
494722,494722,494727,5,0
494722,494722,494727,5,0
494722,494722,494727,5,0
494722,494722,494727,5,0
494722,494722,494727,5,0
494722,494722,494728,6,0
494722,494722,494728,6,0
494722,494722,494728,6,0
494722,494726,494728,2,4
494722,494722,494728,6,0
494722,494722,494728,6,0
494722,494726,494728,2,4
494722,494722,494728,6,0
494722,494722,494728,6,0
494722,494727,494729,2,5
494722,494727,494728,1,5
494722,494722,494728,6,0
494722,494726,494728,2,4
494722,494728,494729,1,6
494722,494727,494728,1,5
494722,494722,494729,7,0
494722,494722,494729,7,0
494722,494722,494728,6,0
494722,494722,494729,7,0
494722,494722,494729,7,0
494722,494727,494729,2,5
494722,494722,494729,7,0
494722,494722,494729,7,0
494722,494727,494729,2,5
494722,494727,494729,2,5
494722,494728,494729,1,6
494722,494722,494729,7,0
494722,494728,494729,1,6
494722,494728,494729,1,6
494722,494728,494729,1,6
494722,494729,494730,1,7
494722,494729,494730,1,7
494722,494729,494730,1,7
494722,494722,494730,8,0
494722,494722,494730,8,0
494722,494728,494730,2,6
494722,494728,494730,2,6
494722,494728,494730,2,6
494722,494722,494730,8,0
494722,494727,494731,4,5
494722,494728,494730,2,6
494722,494729,494730,1,7
494722,494729,494730,1,7
494722,494729,494730,1,7
494722,494729,494730,1,7
494722,494722,494731,9,0
494722,494727,494731,4,5
494722,494722,494732,10,0
494722,494722,494732,10,0
494722,494728,494732,4,6
494722,494722,494732,10,0
494722,494722,494733,11,0
494722,494722,494735,13,0
494747,494747,494748,1,0
494747,494747,494748,1,0
494747,494747,494748,1,0
494747,494747,494748,1,0
494747,494747,494748,1,0
494747,494747,494750,3,0
494747,494748,494750,2,1
494747,494749,494751,2,2
494747,494750,494751,1,3
494747,494747,494751,4,0
494747,494747,494752,5,0
494747,494749,494751,2,2
494747,494747,494752,5,0
494747,494749,494751,2,2
494747,494749,494751,2,2
494747,494747,494752,5,0
494747,494747,494752,5,0
494747,494747,494753,6,0
494747,494747,494752,5,0
494747,494747,494752,5,0
494747,494747,494753,6,0
494747,494747,494752,5,0
494747,494751,494753,2,4
494747,494747,494752,5,0
494747,494747,494752,5,0
494747,494747,494752,5,0
494747,494751,494753,2,4
494747,494747,494753,6,0
494747,494747,494753,6,0
494747,494747,494753,6,0
494747,494747,494754,7,0
494747,494747,494753,6,0
494747,494747,494753,6,0
494747,494752,494754,2,5
494747,494752,494754,2,5
494747,494752,494754,2,5
494747,494753,494754,1,6
494747,494752,494754,2,5
494747,494752,494753,1,5
494747,494752,494753,1,5
494747,494747,494754,7,0
494747,494747,494754,7,0
494747,494747,494755,8,0
494747,494747,494754,7,0
494747,494747,494755,8,0
494747,494747,494754,7,0
494747,494747,494754,7,0
494747,494747,494754,7,0
494747,494747,494755,8,0
494747,494752,494754,2,5
494747,494753,494754,1,6
494747,494753,494755,2,6
494747,494753,494754,1,6
494747,494753,494754,1,6
494747,494753,494754,1,6
494747,494753,494755,2,6
494747,494754,494755,1,7
494747,494752,494754,2,5
494747,494753,494754,1,6
494747,494753,494754,1,6
494747,494753,494755,2,6
494747,494753,494755,2,6
494747,494747,494756,9,0
494747,494754,494756,2,7
494747,494747,494755,8,0
494747,494754,494756,2,7
494747,494754,494756,2,7
494747,494753,494755,2,6
494747,494754,494756,2,7
494747,494754,494755,1,7
494747,494754,494755,1,7
494747,494747,494756,9,0
494747,494747,494756,9,0
494747,494747,494756,9,0
494747,494747,494757,10,0
494747,494747,494757,10,0
494747,494747,494757,10,0
494747,494747,494760,13,0
494747,494747,494764,17,0
494775,494775,494776,1,0
494775,494775,494776,1,0
494775,494775,494776,1,0
494775,494775,494776,1,0
494775,494775,494776,1,0
494775,494775,494779,4,0
494775,494776,494779,3,1
494775,494777,494780,3,2
494775,494777,494779,2,2
494775,494777,494779,2,2
494775,494775,494780,5,0
494775,494775,494781,6,0
494775,494775,494780,5,0
494775,494779,494780,1,4
494775,494777,494780,3,2
494775,494775,494781,6,0
494775,494775,494781,6,0
494775,494775,494780,5,0
494775,494775,494781,6,0
494775,494779,494781,2,4
494775,494775,494782,7,0
494775,494775,494781,6,0
494775,494775,494781,6,0
494775,494775,494782,7,0
494775,494775,494782,7,0
494775,494775,494782,7,0
494775,494775,494782,7,0
494775,494775,494782,7,0
494775,494775,494782,7,0
494775,494775,494781,6,0
494775,494775,494781,6,0
494775,494775,494782,7,0
494775,494775,494782,7,0
494775,494775,494782,7,0
494775,494775,494782,7,0
494775,494780,494782,2,5
494775,494775,494783,8,0
494775,494775,494782,7,0
494775,494775,494783,8,0
494775,494775,494783,8,0
494775,494781,494783,2,6
494775,494781,494782,1,6
494775,494782,494783,1,7
494775,494780,494783,3,5
494775,494781,494783,2,6
494775,494781,494783,2,6
494775,494782,494783,1,7
494775,494780,494783,3,5
494775,494781,494782,1,6
494775,494782,494783,1,7
494775,494781,494782,1,6
494775,494781,494783,2,6
494775,494782,494783,1,7
494775,494781,494784,3,6
494775,494775,494784,9,0
494775,494775,494784,9,0
494775,494775,494784,9,0
494775,494782,494784,2,7
494775,494782,494783,1,7
494775,494782,494783,1,7
494775,494781,494783,2,6
494775,494782,494783,1,7
494775,494782,494783,1,7
494775,494782,494783,1,7
494775,494775,494785,10,0
494775,494775,494784,9,0
494775,494775,494785,10,0
494775,494782,494784,2,7
494775,494782,494785,3,7
494775,494782,494785,3,7
494775,494775,494785,10,0
494775,494781,494784,3,6
494775,494782,494786,4,7
494775,494775,494786,11,0
494775,494782,494785,3,7
494775,494775,494786,11,0
494775,494775,494786,11,0
494775,494775,494788,13,0
494775,494775,494788,13,0
494800,494800,494801,1,0
494800,494800,494801,1,0
494800,494800,494801,1,0
494800,494800,494801,1,0
494800,494800,494801,1,0
494800,494800,494802,2,0
494800,494800,494803,3,0
494800,494801,494804,3,1
494800,494801,494803,2,1
494800,494800,494804,4,0
494800,494800,494804,4,0
494800,494800,494804,4,0
494800,494803,494805,2,3
494800,494802,494805,3,2
494800,494802,494804,2,2
494800,494802,494805,3,2
494800,494800,494805,5,0
494800,494800,494805,5,0
494800,494800,494805,5,0
494800,494804,494806,2,4
494800,494804,494806,2,4
494800,494800,494807,7,0
494800,494800,494807,7,0
494800,494805,494806,1,5
494800,494800,494807,7,0
494800,494800,494807,7,0
494800,494800,494807,7,0
494800,494805,494806,1,5
494800,494800,494807,7,0
494800,494805,494806,1,5
494800,494805,494807,2,5
494800,494800,494807,7,0
494800,494800,494807,7,0
494800,494800,494806,6,0
494800,494800,494807,7,0
494800,494800,494808,8,0
494800,494800,494807,7,0
494800,494805,494808,3,5
494800,494804,494808,4,4
494800,494805,494808,3,5
494800,494800,494807,7,0
494800,494805,494807,2,5
494800,494805,494808,3,5
494800,494800,494807,7,0
494800,494800,494808,8,0
494800,494800,494807,7,0
494800,494807,494808,1,7
494800,494800,494807,7,0
494800,494807,494808,1,7
494800,494806,494807,1,6
494800,494807,494808,1,7
494800,494800,494807,7,0
494800,494806,494807,1,6
494800,494806,494807,1,6
494800,494807,494808,1,7
494800,494800,494808,8,0
494800,494800,494809,9,0
494800,494807,494808,1,7
494800,494807,494809,2,7
494800,494807,494808,1,7
494800,494807,494808,1,7
494800,494807,494808,1,7
494800,494807,494809,2,7
494800,494807,494808,1,7
494800,494807,494809,2,7
494800,494806,494809,3,6
494800,494807,494809,2,7
494800,494807,494810,3,7
494800,494800,494810,10,0
494800,494800,494812,12,0
494800,494800,494812,12,0
494800,494800,494812,12,0
494800,494800,494812,12,0
494800,494800,494812,12,0
494800,494800,494813,13,0
494800,494800,494813,13,0
494800,494800,494814,14,0
494800,494800,494814,14,0
494800,494800,494817,17,0
494829,494829,494830,1,0
494829,494829,494830,1,0
494829,494829,494831,2,0
494829,494829,494831,2,0
494829,494829,494830,1,0
494829,494829,494830,1,0
494829,494830,494832,2,1
494829,494831,494833,2,2
494829,494831,494832,1,2
494829,494831,494833,2,2
494829,494831,494833,2,2
494829,494829,494834,5,0
494829,494829,494833,4,0
494829,494829,494834,5,0
494829,494829,494833,4,0
494829,494829,494834,5,0
494829,494831,494834,3,2
494829,494829,494834,5,0
494829,494829,494834,5,0
494829,494829,494834,5,0
494829,494833,494834,1,4
494829,494829,494835,6,0
494829,494833,494834,1,4
494829,494833,494834,1,4
494829,494829,494835,6,0
494829,494833,494835,2,4
494829,494833,494835,2,4
494829,494829,494836,7,0
494829,494829,494835,6,0
494829,494829,494836,7,0
494829,494834,494836,2,5
494829,494829,494835,6,0
494829,494829,494835,6,0
494829,494829,494835,6,0
494829,494835,494836,1,6
494829,494829,494836,7,0
494829,494829,494836,7,0
494829,494835,494836,1,6
494829,494829,494836,7,0
494829,494834,494835,1,5
494829,494829,494836,7,0
494829,494829,494836,7,0
494829,494834,494837,3,5
494829,494834,494836,2,5
494829,494835,494837,2,6
494829,494834,494837,3,5
494829,494829,494836,7,0
494829,494835,494837,2,6
494829,494835,494836,1,6
494829,494829,494836,7,0
494829,494829,494837,8,0
494829,494835,494836,1,6
494829,494836,494837,1,7
494829,494835,494836,1,6
494829,494829,494836,7,0
494829,494835,494837,2,6
494829,494829,494837,8,0
494829,494836,494837,1,7
494829,494829,494838,9,0
494829,494835,494837,2,6
494829,494829,494838,9,0
494829,494836,494838,2,7
494829,494829,494838,9,0
494829,494829,494837,8,0
494829,494836,494838,2,7
494829,494829,494838,9,0
494829,494829,494838,9,0
494829,494835,494838,3,6
494829,494836,494838,2,7
494829,494836,494838,2,7
494829,494836,494837,1,7
494829,494836,494837,1,7
494829,494829,494839,10,0
494829,494829,494839,10,0
494829,494829,494839,10,0
494829,494834,494839,5,5
494829,494829,494842,13,0
494829,494829,494843,14,0
494829,494829,494843,14,0
494854,494854,494855,1,0
494854,494854,494855,1,0
494854,494854,494855,1,0
494854,494854,494855,1,0
494854,494854,494855,1,0
494854,494854,494856,2,0
494854,494856,494858,2,2
494854,494856,494858,2,2
494854,494854,494858,4,0
494854,494856,494857,1,2
494854,494856,494858,2,2
494854,494856,494858,2,2
494854,494854,494858,4,0
494854,494854,494859,5,0
494854,494854,494859,5,0
494854,494854,494859,5,0
494854,494854,494859,5,0
494854,494854,494859,5,0
494854,494858,494859,1,4
494854,494858,494859,1,4
494854,494857,494858,1,3
494854,494854,494860,6,0
494854,494854,494859,5,0
494854,494854,494859,5,0
494854,494854,494859,5,0
494854,494854,494860,6,0
494854,494854,494860,6,0
494854,494858,494860,2,4
494854,494859,494860,1,5
494854,494858,494859,1,4
494854,494858,494859,1,4
494854,494854,494860,6,0
494854,494854,494860,6,0
494854,494854,494860,6,0
494854,494858,494860,2,4
494854,494854,494860,6,0
494854,494854,494861,7,0
494854,494859,494861,2,5
494854,494854,494860,6,0
494854,494860,494861,1,6
494854,494854,494860,6,0
494854,494859,494861,2,5
494854,494860,494861,1,6
494854,494854,494861,7,0
494854,494859,494860,1,5
494854,494854,494861,7,0
494854,494859,494860,1,5
494854,494859,494862,3,5
494854,494854,494862,8,0
494854,494859,494862,3,5
494854,494859,494862,3,5
494854,494860,494862,2,6
494854,494854,494862,8,0
494854,494859,494862,3,5
494854,494860,494862,2,6
494854,494854,494861,7,0
494854,494860,494861,1,6
494854,494860,494861,1,6
494854,494860,494861,1,6
494854,494860,494861,1,6
494854,494854,494862,8,0
494854,494860,494861,1,6
494854,494860,494861,1,6
494854,494860,494862,2,6
494854,494854,494863,9,0
494854,494854,494863,9,0
494854,494854,494862,8,0
494854,494854,494863,9,0
494854,494860,494863,3,6
494854,494854,494862,8,0
494854,494854,494863,9,0
494854,494854,494863,9,0
494854,494854,494863,9,0
494854,494854,494863,9,0
494854,494860,494863,3,6
494854,494860,494863,3,6
494854,494854,494864,10,0
494854,494854,494864,10,0
494854,494854,494865,11,0
494877,494877,494878,1,0
494877,494877,494878,1,0
494877,494877,494878,1,0
494877,494877,494878,1,0
494877,494877,494878,1,0
494877,494877,494878,1,0
494877,494877,494881,4,0
494877,494877,494881,4,0
494877,494879,494880,1,2
494877,494879,494880,1,2
494877,494878,494880,2,1
494877,494879,494880,1,2
494877,494877,494881,4,0
494877,494877,494882,5,0
494877,494877,494882,5,0
494877,494879,494881,2,2
494877,494879,494881,2,2
494877,494877,494882,5,0
494877,494877,494883,6,0
494877,494877,494883,6,0
494877,494877,494883,6,0
494877,494877,494883,6,0
494877,494877,494882,5,0
494877,494881,494882,1,4
494877,494881,494882,1,4
494877,494881,494883,2,4
494877,494877,494883,6,0
494877,494881,494883,2,4
494877,494881,494883,2,4
494877,494877,494883,6,0
494877,494877,494882,5,0
494877,494881,494882,1,4
494877,494882,494883,1,5
494877,494877,494883,6,0
494877,494877,494884,7,0
494877,494877,494883,6,0
494877,494877,494883,6,0
494877,494877,494883,6,0
494877,494877,494884,7,0
494877,494883,494884,1,6
494877,494877,494883,6,0
494877,494882,494883,1,5
494877,494882,494883,1,5
494877,494883,494884,1,6
494877,494877,494884,7,0
494877,494882,494883,1,5
494877,494883,494884,1,6
494877,494883,494884,1,6
494877,494877,494884,7,0
494877,494877,494884,7,0
494877,494883,494884,1,6
494877,494883,494884,1,6
494877,494883,494884,1,6
494877,494883,494884,1,6
494877,494877,494885,8,0
494877,494877,494885,8,0
494877,494882,494884,2,5
494877,494877,494885,8,0
494877,494882,494885,3,5
494877,494883,494884,1,6
494877,494883,494884,1,6
494877,494883,494884,1,6
494877,494883,494885,2,6
494877,494884,494886,2,7
494877,494877,494885,8,0
494877,494883,494886,3,6
494877,494877,494886,9,0
494877,494883,494885,2,6
494877,494877,494887,10,0
494877,494877,494887,10,0
494877,494884,494886,2,7
494877,494877,494886,9,0
494877,494883,494886,3,6
494877,494877,494887,10,0
494877,494877,494888,11,0
494877,494877,494888,11,0
494877,494877,494889,12,0
494877,494877,494894,17,0
494877,494877,494896,19,0
494908,494908,494909,1,0
494908,494908,494909,1,0
494908,494908,494909,1,0
494908,494908,494909,1,0
494908,494908,494909,1,0
494908,494908,494910,2,0
494908,494909,494910,1,1
494908,494910,494912,2,2
494908,494909,494911,2,1
494908,494910,494911,1,2
494908,494910,494911,1,2
494908,494909,494911,2,1
494908,494911,494912,1,3
494908,494908,494912,4,0
494908,494908,494912,4,0
494908,494908,494912,4,0
494908,494908,494912,4,0
494908,494908,494912,4,0
494908,494912,494913,1,4
494908,494908,494913,5,0
494908,494908,494913,5,0
494908,494908,494914,6,0
494908,494908,494913,5,0
494908,494908,494913,5,0
494908,494908,494914,6,0
494908,494912,494913,1,4
494908,494908,494913,5,0
494908,494908,494914,6,0
494908,494908,494913,5,0
494908,494912,494913,1,4
494908,494912,494913,1,4
494908,494908,494914,6,0
494908,494912,494913,1,4
494908,494908,494913,5,0
494908,494912,494913,1,4
494908,494913,494914,1,5
494908,494908,494914,6,0
494908,494908,494915,7,0
494908,494913,494915,2,5
494908,494913,494915,2,5
494908,494908,494914,6,0
494908,494913,494915,2,5
494908,494908,494915,7,0
494908,494913,494914,1,5
494908,494914,494915,1,6
494908,494908,494914,6,0
494908,494914,494915,1,6
494908,494914,494915,1,6
494908,494908,494915,7,0
494908,494908,494914,6,0
494908,494908,494916,8,0
494908,494913,494915,2,5
494908,494908,494915,7,0
494908,494908,494915,7,0
494908,494913,494916,3,5
494908,494914,494915,1,6
494908,494914,494915,1,6
494908,494914,494915,1,6
494908,494908,494915,7,0
494908,494914,494915,1,6
494908,494914,494915,1,6
494908,494914,494915,1,6
494908,494914,494915,1,6
494908,494908,494916,8,0
494908,494914,494915,1,6
494908,494914,494915,1,6
494908,494908,494917,9,0
494908,494914,494916,2,6
494908,494914,494916,2,6
494908,494908,494916,8,0
494908,494914,494916,2,6
494908,494908,494917,9,0
494908,494908,494918,10,0
494908,494908,494917,9,0
494908,494908,494919,11,0
494908,494908,494919,11,0
494908,494908,494920,12,0
494908,494908,494921,13,0
494908,494908,494923,15,0
494934,494934,494935,1,0
494934,494934,494935,1,0
494934,494934,494935,1,0
494934,494934,494935,1,0
494934,494934,494935,1,0
494934,494934,494935,1,0
494934,494935,494937,2,1
494934,494935,494937,2,1
494934,494936,494937,1,2
494934,494936,494937,1,2
494934,494936,494937,1,2
494934,494934,494938,4,0
494934,494936,494937,1,2
494934,494937,494938,1,3
494934,494937,494938,1,3
494934,494934,494938,4,0
494934,494934,494938,4,0
494934,494934,494938,4,0
494934,494934,494938,4,0
494934,494938,494939,1,4
494934,494934,494938,4,0
494934,494938,494939,1,4
494934,494934,494938,4,0
494934,494934,494938,4,0
494934,494934,494938,4,0
494934,494938,494939,1,4
494934,494934,494938,4,0
494934,494934,494939,5,0
494934,494937,494938,1,3
494934,494938,494939,1,4
494934,494934,494939,5,0
494934,494934,494939,5,0
494934,494938,494939,1,4
494934,494934,494940,6,0
494934,494934,494939,5,0
494934,494934,494939,5,0
494934,494934,494939,5,0
494934,494934,494939,5,0
494934,494939,494940,1,5
494934,494939,494940,1,5
494934,494934,494939,5,0
494934,494934,494939,5,0
494934,494939,494940,1,5
494934,494939,494940,1,5
494934,494939,494940,1,5
494934,494939,494940,1,5
494934,494939,494940,1,5
494934,494939,494940,1,5
494934,494939,494940,1,5
494934,494939,494940,1,5
494934,494934,494940,6,0
494934,494934,494941,7,0
494934,494938,494940,2,4
494934,494934,494940,6,0
494934,494939,494940,1,5
494934,494939,494940,1,5
494934,494934,494941,7,0
494934,494934,494941,7,0
494934,494939,494941,2,5
494934,494940,494942,2,6
494934,494939,494941,2,5
494934,494939,494941,2,5
494934,494940,494941,1,6
494934,494934,494941,7,0
494934,494934,494941,7,0
494934,494940,494942,2,6
494934,494934,494941,7,0
494934,494934,494942,8,0
494934,494934,494943,9,0
494934,494940,494942,2,6
494934,494934,494942,8,0
494934,494934,494942,8,0
494934,494940,494942,2,6
494934,494934,494943,9,0
494934,494934,494943,9,0
494934,494934,494943,9,0
494934,494934,494944,10,0
494934,494934,494947,13,0
494934,494934,494948,14,0
494958,494958,494959,1,0
494958,494958,494959,1,0
494958,494958,494959,1,0
494958,494958,494959,1,0
494958,494958,494960,2,0
494958,494958,494959,1,0
494958,494959,494961,2,1
494958,494959,494960,1,1
494958,494959,494961,2,1
494958,494960,494961,1,2
494958,494958,494962,4,0
494958,494958,494962,4,0
494958,494960,494961,1,2
494958,494958,494962,4,0
494958,494961,494962,1,3
494958,494961,494962,1,3
494958,494960,494961,1,2
494958,494961,494962,1,3
494958,494958,494963,5,0
494958,494958,494963,5,0
494958,494958,494963,5,0
494958,494958,494963,5,0
494958,494958,494962,4,0
494958,494958,494963,5,0
494958,494958,494963,5,0
494958,494958,494963,5,0
494958,494961,494962,1,3
494958,494958,494963,5,0
494958,494962,494963,1,4
494958,494958,494964,6,0
494958,494958,494963,5,0
494958,494962,494964,2,4
494958,494958,494964,6,0
494958,494958,494963,5,0
494958,494962,494964,2,4
494958,494958,494964,6,0
494958,494962,494964,2,4
494958,494962,494964,2,4
494958,494962,494964,2,4
494958,494963,494964,1,5
494958,494963,494964,1,5
494958,494958,494964,6,0
494958,494958,494964,6,0
494958,494963,494964,1,5
494958,494963,494964,1,5
494958,494958,494963,5,0
494958,494958,494964,6,0
494958,494962,494963,1,4
494958,494958,494964,6,0
494958,494962,494963,1,4
494958,494963,494964,1,5
494958,494958,494965,7,0
494958,494963,494965,2,5
494958,494963,494965,2,5
494958,494958,494965,7,0
494958,494963,494964,1,5
494958,494958,494965,7,0
494958,494958,494965,7,0
494958,494964,494966,2,6
494958,494963,494966,3,5
494958,494958,494966,8,0
494958,494958,494966,8,0
494958,494958,494966,8,0
494958,494964,494966,2,6
494958,494958,494966,8,0
494958,494963,494965,2,5
494958,494958,494966,8,0
494958,494963,494966,3,5
494958,494964,494967,3,6
494958,494958,494967,9,0
494958,494958,494967,9,0
494958,494964,494966,2,6
494958,494964,494966,2,6
494958,494958,494966,8,0
494958,494958,494967,9,0
494958,494958,494966,8,0
494958,494964,494966,2,6
494958,494958,494967,9,0
494958,494958,494968,10,0
494980,494981,494982,1,1
494980,494981,494982,1,1
494980,494981,494982,1,1
494980,494981,494982,1,1
494980,494981,494982,1,1
494980,494981,494983,2,1
494980,494981,494983,2,1
494980,494981,494983,2,1
494980,494983,494984,1,3
494980,494982,494983,1,2
494980,494983,494984,1,3
494980,494983,494984,1,3
494980,494981,494984,3,1
494980,494981,494985,4,1
494980,494983,494984,1,3
494980,494981,494985,4,1
494980,494984,494985,1,4
494980,494981,494985,4,1
494980,494981,494985,4,1
494980,494981,494985,4,1
494980,494985,494986,1,5
494980,494981,494985,4,1
494980,494981,494985,4,1
494980,494981,494985,4,1
494980,494981,494985,4,1
494980,494984,494985,1,4
494980,494981,494985,4,1
494980,494984,494986,2,4
494980,494984,494985,1,4
494980,494981,494986,5,1
494980,494984,494985,1,4
494980,494985,494986,1,5
494980,494985,494986,1,5
494980,494981,494986,5,1
494980,494981,494986,5,1
494980,494981,494986,5,1
494980,494984,494986,2,4
494980,494981,494987,6,1
494980,494981,494986,5,1
494980,494981,494986,5,1
494980,494986,494987,1,6
494980,494985,494986,1,5
494980,494986,494987,1,6
494980,494986,494987,1,6
494980,494986,494987,1,6
494980,494986,494987,1,6
494980,494986,494987,1,6
494980,494986,494987,1,6
494980,494985,494987,2,5
494980,494986,494988,2,6
494980,494981,494987,6,1
494980,494986,494988,2,6
494980,494985,494987,2,5
494980,494981,494987,6,1
494980,494986,494987,1,6
494980,494986,494987,1,6
494980,494981,494988,7,1
494980,494981,494987,6,1
494980,494986,494988,2,6
494980,494987,494989,2,7
494980,494981,494988,7,1
494980,494986,494988,2,6
494980,494981,494989,8,1
494980,494981,494989,8,1
494980,494981,494988,7,1
494980,494986,494988,2,6
494980,494981,494989,8,1
494980,494986,494989,3,6
494980,494981,494988,7,1
494980,494981,494989,8,1
494980,494981,494989,8,1
494980,494987,494989,2,7
494980,494981,494990,9,1
494980,494981,494990,9,1
494980,494981,494989,8,1
494980,494986,494989,3,6
494980,494981,494991,10,1
494980,494981,494992,11,1
494980,494981,494993,12,1
495004,495004,495005,1,0
495004,495004,495005,1,0
495004,495004,495006,2,0
495004,495004,495006,2,0
495004,495004,495005,1,0
495004,495005,495006,1,1
495004,495004,495007,3,0
495004,495004,495007,3,0
495004,495004,495007,3,0
495004,495004,495007,3,0
495004,495004,495007,3,0
495004,495004,495007,3,0
495004,495004,495007,3,0
495004,495006,495007,1,2
495004,495006,495007,1,2
495004,495006,495007,1,2
495004,495006,495007,1,2
495004,495006,495008,2,2
495004,495004,495008,4,0
495004,495007,495008,1,3
495004,495004,495008,4,0
495004,495004,495008,4,0
495004,495004,495008,4,0
495004,495004,495008,4,0
495004,495004,495008,4,0
495004,495004,495008,4,0
495004,495007,495008,1,3
495004,495007,495008,1,3
495004,495004,495007,3,0
495004,495007,495009,2,3
495004,495004,495009,5,0
495004,495004,495008,4,0
495004,495004,495009,5,0
495004,495007,495009,2,3
495004,495004,495009,5,0
495004,495007,495010,3,3
495004,495004,495009,5,0
495004,495004,495009,5,0
495004,495007,495009,2,3
495004,495004,495009,5,0
495004,495009,495010,1,5
495004,495004,495010,6,0
495004,495008,495010,2,4
495004,495009,495010,1,5
495004,495007,495010,3,3
495004,495004,495010,6,0
495004,495004,495010,6,0
495004,495009,495010,1,5
495004,495009,495010,1,5
495004,495007,495010,3,3
495004,495007,495010,3,3
495004,495004,495010,6,0
495004,495009,495010,1,5
495004,495009,495010,1,5
495004,495009,495010,1,5
495004,495004,495011,7,0
495004,495009,495010,1,5
495004,495010,495011,1,6
495004,495009,495010,1,5
495004,495010,495011,1,6
495004,495007,495010,3,3
495004,495004,495011,7,0
495004,495004,495011,7,0
495004,495009,495011,2,5
495004,495009,495011,2,5
495004,495004,495012,8,0
495004,495009,495011,2,5
495004,495009,495011,2,5
495004,495010,495011,1,6
495004,495004,495011,7,0
495004,495004,495011,7,0
495004,495004,495011,7,0
495004,495004,495012,8,0
495004,495004,495012,8,0
495004,495004,495012,8,0
495004,495004,495012,8,0
495004,495004,495013,9,0
495004,495004,495014,10,0
495024,495024,495025,1,0
495024,495024,495025,1,0
495024,495024,495025,1,0
495024,495024,495025,1,0
495024,495025,495026,1,1
495024,495024,495025,1,0
495024,495024,495027,3,0
495024,495024,495027,3,0
495024,495024,495027,3,0
495024,495024,495027,3,0
495024,495025,495027,2,1
495024,495024,495027,3,0
495024,495024,495027,3,0
495024,495024,495028,4,0
495024,495024,495028,4,0
495024,495026,495028,2,2
495024,495026,495028,2,2
495024,495024,495028,4,0
495024,495026,495028,2,2
495024,495026,495028,2,2
495024,495027,495028,1,3
495024,495028,495029,1,4
495024,495024,495028,4,0
495024,495024,495028,4,0
495024,495024,495029,5,0
495024,495027,495029,2,3
495024,495027,495029,2,3
495024,495024,495028,4,0
495024,495024,495029,5,0
495024,495028,495029,1,4
495024,495024,495028,4,0
495024,495028,495029,1,4
495024,495024,495028,4,0
495024,495028,495029,1,4
495024,495028,495030,2,4
495024,495024,495029,5,0
495024,495024,495029,5,0
495024,495028,495030,2,4
495024,495029,495030,1,5
495024,495024,495030,6,0
495024,495027,495030,3,3
495024,495024,495030,6,0
495024,495027,495029,2,3
495024,495024,495030,6,0
495024,495024,495030,6,0
495024,495029,495030,1,5
495024,495024,495030,6,0
495024,495028,495029,1,4
495024,495024,495030,6,0
495024,495028,495029,1,4
495024,495029,495030,1,5
495024,495024,495030,6,0
495024,495029,495030,1,5
495024,495024,495031,7,0
495024,495028,495030,2,4
495024,495024,495031,7,0
495024,495024,495031,7,0
495024,495028,495030,2,4
495024,495029,495031,2,5
495024,495029,495031,2,5
495024,495024,495031,7,0
495024,495029,495030,1,5
495024,495029,495031,2,5
495024,495029,495031,2,5
495024,495029,495030,1,5
495024,495024,495031,7,0
495024,495024,495032,8,0
495024,495030,495032,2,6
495024,495024,495031,7,0
495024,495024,495032,8,0
495024,495029,495031,2,5
495024,495029,495032,3,5
495024,495029,495032,3,5
495024,495024,495033,9,0
495024,495024,495034,10,0
495024,495024,495033,9,0
495024,495024,495034,10,0
495024,495024,495037,13,0
495024,495024,495039,15,0
495050,495050,495051,1,0
495050,495050,495051,1,0
495050,495050,495051,1,0
495050,495050,495051,1,0
495050,495050,495051,1,0
495050,495050,495052,2,0
495050,495050,495052,2,0
495050,495050,495052,2,0
495050,495050,495052,2,0
495050,495050,495052,2,0
495050,495050,495053,3,0
495050,495050,495053,3,0
495050,495052,495053,1,2
495050,495052,495053,1,2
495050,495052,495054,2,2
495050,495052,495054,2,2
495050,495052,495053,1,2
495050,495050,495053,3,0
495050,495050,495054,4,0
495050,495050,495054,4,0
495050,495054,495055,1,4
495050,495050,495054,4,0
495050,495050,495054,4,0
495050,495050,495054,4,0
495050,495050,495054,4,0
495050,495050,495055,5,0
495050,495050,495054,4,0
495050,495050,495054,4,0
495050,495053,495054,1,3
495050,495054,495055,1,4
495050,495050,495055,5,0
495050,495053,495055,2,3
495050,495053,495055,2,3
495050,495055,495056,1,5
495050,495054,495056,2,4
495050,495055,495056,1,5
495050,495050,495055,5,0
495050,495050,495055,5,0
495050,495054,495055,1,4
495050,495054,495055,1,4
495050,495053,495056,3,3
495050,495055,495056,1,5
495050,495050,495056,6,0
495050,495054,495056,2,4
495050,495050,495056,6,0
495050,495053,495056,3,3
495050,495050,495056,6,0
495050,495054,495056,2,4
495050,495050,495057,7,0
495050,495055,495057,2,5
495050,495055,495056,1,5
495050,495055,495056,1,5
495050,495054,495056,2,4
495050,495050,495056,6,0
495050,495050,495057,7,0
495050,495055,495056,1,5
495050,495056,495057,1,6
495050,495050,495056,6,0
495050,495050,495056,6,0
495050,495055,495056,1,5
495050,495055,495056,1,5
495050,495055,495056,1,5
495050,495050,495058,8,0
495050,495050,495057,7,0
495050,495055,495057,2,5
495050,495056,495058,2,6
495050,495050,495057,7,0
495050,495056,495058,2,6
495050,495050,495057,7,0
495050,495055,495057,2,5
495050,495056,495057,1,6
495050,495050,495058,8,0
495050,495050,495058,8,0
495050,495050,495058,8,0
495050,495056,495058,2,6
495050,495050,495058,8,0
495050,495050,495059,9,0
495050,495050,495060,10,0
495050,495050,495063,13,0
495074,495074,495075,1,0
495074,495074,495075,1,0
495074,495074,495075,1,0
495074,495074,495075,1,0
495074,495074,495075,1,0
495074,495074,495077,3,0
495074,495074,495077,3,0
495074,495074,495077,3,0
495074,495074,495077,3,0
495074,495075,495077,2,1
495074,495075,495077,2,1
495074,495074,495077,3,0
495074,495074,495078,4,0
495074,495074,495077,3,0
495074,495074,495077,3,0
495074,495074,495078,4,0
495074,495077,495078,1,3
495074,495074,495077,3,0
495074,495074,495077,3,0
495074,495077,495078,1,3
495074,495076,495078,2,2
495074,495076,495078,2,2
495074,495074,495079,5,0
495074,495076,495078,2,2
495074,495074,495078,4,0
495074,495074,495078,4,0
495074,495077,495079,2,3
495074,495074,495078,4,0
495074,495074,495078,4,0
495074,495078,495079,1,4
495074,495074,495079,5,0
495074,495078,495080,2,4
495074,495077,495079,2,3
495074,495078,495079,1,4
495074,495078,495080,2,4
495074,495077,495080,3,3
495074,495074,495080,6,0
495074,495078,495079,1,4
495074,495077,495079,2,3
495074,495074,495079,5,0
495074,495079,495080,1,5
495074,495074,495080,6,0
495074,495074,495081,7,0
495074,495079,495080,1,5
495074,495074,495081,7,0
495074,495078,495081,3,4
495074,495074,495081,7,0
495074,495079,495080,1,5
495074,495079,495080,1,5
495074,495074,495080,6,0
495074,495078,495081,3,4
495074,495074,495081,7,0
495074,495074,495081,7,0
495074,495080,495081,1,6
495074,495074,495081,7,0
495074,495074,495080,6,0
495074,495080,495081,1,6
495074,495079,495080,1,5
495074,495080,495081,1,6
495074,495078,495081,3,4
495074,495074,495081,7,0
495074,495074,495082,8,0
495074,495079,495082,3,5
495074,495080,495082,2,6
495074,495074,495082,8,0
495074,495074,495082,8,0
495074,495079,495082,3,5
495074,495080,495082,2,6
495074,495074,495081,7,0
495074,495078,495082,4,4
495074,495079,495081,2,5
495074,495078,495082,4,4
495074,495079,495082,3,5
495074,495074,495083,9,0
495074,495074,495083,9,0
495074,495074,495084,10,0
495074,495074,495084,10,0
495074,495074,495087,13,0
495074,495074,495088,14,0
495100,495100,495101,1,0
495100,495100,495101,1,0
495100,495100,495101,1,0
495100,495100,495101,1,0
495100,495100,495101,1,0
495100,495100,495103,3,0
495100,495100,495102,2,0
495100,495100,495103,3,0
495100,495100,495103,3,0
495100,495100,495103,3,0
495100,495101,495103,2,1
495100,495100,495103,3,0
495100,495100,495103,3,0
495100,495102,495104,2,2
495100,495102,495103,1,2
495100,495102,495103,1,2
495100,495101,495103,2,1
495100,495100,495104,4,0
495100,495100,495105,5,0
495100,495100,495105,5,0
495100,495100,495104,4,0
495100,495100,495104,4,0
495100,495103,495104,1,3
495100,495100,495105,5,0
495100,495100,495106,6,0
495100,495103,495106,3,3
495100,495100,495106,6,0
495100,495104,495106,2,4
495100,495104,495106,2,4
495100,495100,495105,5,0
495100,495104,495106,2,4
495100,495103,495105,2,3
495100,495103,495106,3,3
495100,495104,495106,2,4
495100,495100,495106,6,0
495100,495100,495105,5,0
495100,495104,495107,3,4
495100,495100,495107,7,0
495100,495104,495106,2,4
495100,495104,495106,2,4
495100,495100,495107,7,0
495100,495100,495106,6,0
495100,495100,495107,7,0
495100,495106,495107,1,6
495100,495103,495107,4,3
495100,495100,495106,6,0
495100,495106,495107,1,6
495100,495100,495106,6,0
495100,495105,495107,2,5
495100,495106,495107,1,6
495100,495105,495106,1,5
495100,495106,495107,1,6
495100,495103,495107,4,3
495100,495105,495108,3,5
495100,495100,495108,8,0
495100,495100,495107,7,0
495100,495106,495107,1,6
495100,495106,495107,1,6
495100,495106,495107,1,6
495100,495106,495108,2,6
495100,495106,495108,2,6
495100,495100,495108,8,0
495100,495105,495109,4,5
495100,495106,495109,3,6
495100,495100,495109,9,0
495100,495105,495109,4,5
495100,495100,495109,9,0
495100,495106,495108,2,6
495100,495100,495109,9,0
495100,495100,495109,9,0
495100,495100,495110,10,0
495100,495106,495109,3,6
495100,495100,495109,9,0
495100,495100,495110,10,0
495100,495100,495111,11,0
495100,495100,495111,11,0
495100,495100,495111,11,0
495100,495100,495114,14,0
495100,495100,495117,17,0
495128,495128,495129,1,0
495128,495128,495129,1,0
495128,495128,495129,1,0
495128,495128,495130,2,0
495128,495128,495130,2,0
495128,495128,495131,3,0
495128,495129,495131,2,1
495128,495128,495132,4,0
495128,495128,495132,4,0
495128,495128,495132,4,0
495128,495128,495132,4,0
495128,495130,495132,2,2
495128,495129,495132,3,1
495128,495128,495133,5,0
495128,495128,495133,5,0
495128,495130,495133,3,2
495128,495131,495133,2,3
495128,495131,495133,2,3
495128,495128,495133,5,0
495128,495128,495134,6,0
495128,495128,495134,6,0
495128,495128,495134,6,0
495128,495130,495134,4,2
495128,495128,495134,6,0
495128,495128,495134,6,0
495128,495128,495134,6,0
495128,495128,495134,6,0
495128,495128,495134,6,0
495128,495132,495134,2,4
495128,495132,495134,2,4
495128,495128,495134,6,0
495128,495133,495134,1,5
495128,495128,495134,6,0
495128,495128,495134,6,0
495128,495128,495134,6,0
495128,495128,495135,7,0
495128,495128,495135,7,0
495128,495128,495135,7,0
495128,495128,495135,7,0
495128,495128,495135,7,0
495128,495128,495135,7,0
495128,495128,495135,7,0
495128,495132,495135,3,4
495128,495128,495135,7,0
495128,495132,495135,3,4
495128,495128,495136,8,0
495128,495133,495135,2,5
495128,495134,495135,1,6
495128,495134,495135,1,6
495128,495135,495136,1,7
495128,495135,495136,1,7
495128,495128,495136,8,0
495128,495128,495136,8,0
495128,495134,495136,2,6
495128,495134,495136,2,6
495128,495135,495136,1,7
495128,495132,495136,4,4
495128,495134,495136,2,6
495128,495128,495136,8,0
495128,495135,495136,1,7
495128,495135,495136,1,7
495128,495128,495136,8,0
495128,495135,495136,1,7
495128,495135,495136,1,7
495128,495128,495136,8,0
495128,495135,495136,1,7
495128,495133,495137,4,5
495128,495128,495137,9,0
495128,495135,495137,2,7
495128,495135,495137,2,7
495128,495135,495137,2,7
495128,495135,495137,2,7
495128,495128,495137,9,0
495128,495133,495137,4,5
495128,495128,495137,9,0
495128,495135,495137,2,7
495128,495134,495139,5,6
495128,495128,495140,12,0
495128,495128,495140,12,0
495152,495152,495153,1,0
495152,495152,495153,1,0
495152,495152,495153,1,0
495152,495152,495153,1,0
495152,495152,495153,1,0
495152,495152,495154,2,0
495152,495153,495155,2,1
495152,495152,495155,3,0
495152,495154,495156,2,2
495152,495152,495156,4,0
495152,495153,495155,2,1
495152,495152,495156,4,0
495152,495152,495156,4,0
495152,495152,495156,4,0
495152,495154,495156,2,2
495152,495155,495156,1,3
495152,495156,495157,1,4
495152,495156,495157,1,4
495152,495152,495157,5,0
495152,495152,495157,5,0
495152,495152,495157,5,0
495152,495152,495157,5,0
495152,495156,495157,1,4
495152,495153,495157,4,1
495152,495156,495157,1,4
495152,495156,495157,1,4
495152,495152,495158,6,0
495152,495152,495159,7,0
495152,495152,495158,6,0
495152,495152,495159,7,0
495152,495152,495158,6,0
495152,495152,495159,7,0
495152,495152,495158,6,0
495152,495152,495158,6,0
495152,495152,495158,6,0
495152,495158,495159,1,6
495152,495152,495159,7,0
495152,495152,495158,6,0
495152,495157,495159,2,5
495152,495152,495159,7,0
495152,495157,495158,1,5
495152,495152,495159,7,0
495152,495157,495158,1,5
495152,495152,495159,7,0
495152,495158,495159,1,6
495152,495152,495160,8,0
495152,495152,495159,7,0
495152,495157,495159,2,5
495152,495159,495160,1,7
495152,495158,495159,1,6
495152,495152,495159,7,0
495152,495158,495159,1,6
495152,495158,495159,1,6
495152,495157,495160,3,5
495152,495152,495160,8,0
495152,495158,495161,3,6
495152,495152,495160,8,0
495152,495158,495161,3,6
495152,495157,495160,3,5
495152,495159,495161,2,7
495152,495159,495160,1,7
495152,495152,495160,8,0
495152,495159,495161,2,7
495152,495159,495161,2,7
495152,495159,495161,2,7
495152,495152,495161,9,0
495152,495159,495161,2,7
495152,495159,495161,2,7
495152,495159,495161,2,7
495152,495152,495162,10,0
495152,495152,495162,10,0
495152,495152,495162,10,0
495152,495157,495163,6,5
495152,495152,495163,11,0
495152,495152,495167,15,0
495152,495158,495170,12,6
495152,495152,495171,19,0
495152,495152,495175,23,0
495152,495152,495177,25,0
495188,495188,495189,1,0
495188,495188,495189,1,0
495188,495188,495189,1,0
495188,495188,495189,1,0
495188,495188,495189,1,0
495188,495188,495191,3,0
495188,495188,495191,3,0
495188,495190,495191,1,2
495188,495190,495192,2,2
495188,495188,495193,5,0
495188,495188,495193,5,0
495188,495190,495193,3,2
495188,495190,495193,3,2
495188,495190,495193,3,2
495188,495191,495193,2,3
495188,495188,495193,5,0
495188,495191,495193,2,3
495188,495188,495193,5,0
495188,495188,495193,5,0
495188,495188,495194,6,0
495188,495192,495194,2,4
495188,495192,495194,2,4
495188,495188,495195,7,0
495188,495188,495195,7,0
495188,495188,495195,7,0
495188,495188,495194,6,0
495188,495188,495194,6,0
495188,495193,495195,2,5
495188,495188,495195,7,0
495188,495188,495194,6,0
495188,495188,495194,6,0
495188,495193,495195,2,5
495188,495188,495195,7,0
495188,495188,495194,6,0
495188,495193,495195,2,5
495188,495193,495195,2,5
495188,495193,495195,2,5
495188,495193,495195,2,5
495188,495188,495195,7,0
495188,495188,495195,7,0
495188,495195,495196,1,7
495188,495195,495196,1,7
495188,495195,495196,1,7
495188,495194,495195,1,6
495188,495188,495195,7,0
495188,495188,495196,8,0
495188,495194,495196,2,6
495188,495195,495196,1,7
495188,495195,495196,1,7
495188,495188,495197,9,0
495188,495188,495197,9,0
495188,495188,495197,9,0
495188,495194,495197,3,6
495188,495188,495197,9,0
495188,495195,495197,2,7
495188,495188,495196,8,0
495188,495193,495196,3,5
495188,495188,495196,8,0
495188,495195,495196,1,7
495188,495195,495196,1,7
495188,495195,495196,1,7
495188,495188,495197,9,0
495188,495188,495197,9,0
495188,495195,495196,1,7
495188,495188,495197,9,0
495188,495188,495198,10,0
495188,495195,495197,2,7
495188,495188,495198,10,0
495188,495193,495198,5,5
495188,495194,495197,3,6
495188,495195,495198,3,7
495188,495188,495198,10,0
495188,495194,495198,4,6
495188,495188,495199,11,0
495188,495188,495199,11,0
495188,495188,495198,10,0
495188,495195,495199,4,7
495188,495188,495199,11,0
495188,495188,495204,16,0
495216,495216,495217,1,0
495216,495216,495217,1,0
495216,495216,495217,1,0
495216,495216,495218,2,0
495216,495216,495217,1,0
495216,495216,495219,3,0
495216,495217,495219,2,1
495216,495216,495219,3,0
495216,495217,495219,2,1
495216,495218,495220,2,2
495216,495216,495219,3,0
495216,495216,495220,4,0
495216,495218,495220,2,2
495216,495217,495220,3,1
495216,495216,495221,5,0
495216,495216,495221,5,0
495216,495216,495220,4,0
495216,495216,495221,5,0
495216,495220,495221,1,4
495216,495216,495221,5,0
495216,495216,495221,5,0
495216,495219,495222,3,3
495216,495220,495222,2,4
495216,495216,495222,6,0
495216,495216,495222,6,0
495216,495216,495222,6,0
495216,495220,495222,2,4
495216,495219,495222,3,3
495216,495216,495223,7,0
495216,495216,495223,7,0
495216,495220,495223,3,4
495216,495216,495223,7,0
495216,495216,495223,7,0
495216,495222,495223,1,6
495216,495220,495222,2,4
495216,495221,495223,2,5
495216,495222,495223,1,6
495216,495216,495223,7,0
495216,495216,495223,7,0
495216,495222,495223,1,6
495216,495220,495223,3,4
495216,495221,495223,2,5
495216,495221,495223,2,5
495216,495221,495223,2,5
495216,495216,495224,8,0
495216,495221,495224,3,5
495216,495222,495224,2,6
495216,495216,495224,8,0
495216,495216,495224,8,0
495216,495223,495224,1,7
495216,495216,495224,8,0
495216,495216,495224,8,0
495216,495216,495225,9,0
495216,495219,495225,6,3
495216,495223,495225,2,7
495216,495216,495225,9,0
495216,495222,495225,3,6
495216,495223,495225,2,7
495216,495216,495225,9,0
495216,495216,495225,9,0
495216,495216,495225,9,0
495216,495222,495225,3,6
495216,495216,495224,8,0
495216,495224,495225,1,8
495216,495216,495225,9,0
495216,495216,495225,9,0
495216,495216,495225,9,0
495216,495216,495226,10,0
495216,495216,495226,10,0
495216,495223,495226,3,7
495216,495216,495226,10,0
495216,495216,495226,10,0
495216,495216,495228,12,0
495216,495216,495230,14,0
495242,495242,495243,1,0
495242,495242,495243,1,0
495242,495242,495243,1,0
495242,495242,495243,1,0
495242,495242,495243,1,0
495242,495242,495244,2,0
495242,495244,495245,1,2
495242,495242,495245,3,0
495242,495244,495245,1,2
495242,495242,495246,4,0
495242,495244,495245,1,2
495242,495244,495246,2,2
495242,495244,495246,2,2
495242,495242,495247,5,0
495242,495242,495247,5,0
495242,495245,495247,2,3
495242,495245,495247,2,3
495242,495242,495248,6,0
495242,495246,495248,2,4
495242,495246,495248,2,4
495242,495242,495248,6,0
495242,495242,495248,6,0
495242,495246,495247,1,4
495242,495242,495247,5,0
495242,495246,495247,1,4
495242,495242,495248,6,0
495242,495242,495248,6,0
495242,495242,495248,6,0
495242,495242,495249,7,0
495242,495242,495248,6,0
495242,495242,495248,6,0
495242,495247,495248,1,5
495242,495242,495248,6,0
495242,495248,495249,1,6
495242,495247,495248,1,5
495242,495247,495248,1,5
495242,495242,495249,7,0
495242,495242,495249,7,0
495242,495242,495250,8,0
495242,495242,495250,8,0
495242,495242,495249,7,0
495242,495249,495250,1,7
495242,495248,495250,2,6
495242,495248,495250,2,6
495242,495248,495250,2,6
495242,495248,495250,2,6
495242,495242,495249,7,0
495242,495248,495249,1,6
495242,495242,495250,8,0
495242,495247,495249,2,5
495242,495249,495250,1,7
495242,495242,495251,9,0
495242,495242,495250,8,0
495242,495242,495250,8,0
495242,495242,495251,9,0
495242,495246,495251,5,4
495242,495249,495251,2,7
495242,495246,495250,4,4
495242,495249,495251,2,7
495242,495248,495250,2,6
495242,495249,495250,1,7
495242,495249,495250,1,7
495242,495242,495251,9,0
495242,495249,495250,1,7
495242,495249,495250,1,7
495242,495249,495251,2,7
495242,495249,495251,2,7
495242,495248,495251,3,6
495242,495242,495252,10,0
495242,495242,495251,9,0
495242,495242,495252,10,0
495242,495242,495252,10,0
495242,495242,495252,10,0
495242,495242,495253,11,0
495242,495242,495255,13,0
495242,495242,495255,13,0
495242,495242,495256,14,0
495242,495242,495257,15,0
495242,495242,495258,16,0
495270,495271,495272,1,1
495270,495271,495272,1,1
495270,495271,495272,1,1
495270,495271,495272,1,1
495270,495271,495272,1,1
495270,495271,495272,1,1
495270,495273,495274,1,3
495270,495273,495274,1,3
495270,495273,495274,1,3
495270,495273,495274,1,3
495270,495273,495274,1,3
495270,495273,495275,2,3
495270,495271,495275,4,1
495270,495271,495275,4,1
495270,495271,495276,5,1
495270,495271,495276,5,1
495270,495271,495276,5,1
495270,495271,495276,5,1
495270,495271,495276,5,1
495270,495275,495276,1,5
495270,495274,495276,2,4
495270,495275,495276,1,5
495270,495271,495278,7,1
495270,495271,495277,6,1
495270,495271,495278,7,1
495270,495271,495277,6,1
495270,495275,495277,2,5
495270,495271,495278,7,1
495270,495271,495277,6,1
495270,495275,495277,2,5
495270,495271,495277,6,1
495270,495275,495277,2,5
495270,495276,495277,1,6
495270,495276,495277,1,6
495270,495271,495278,7,1
495270,495271,495279,8,1
495270,495271,495278,7,1
495270,495271,495278,7,1
495270,495271,495279,8,1
495270,495271,495278,7,1
495270,495271,495278,7,1
495270,495278,495279,1,8
495270,495271,495279,8,1
495270,495277,495278,1,7
495270,495277,495278,1,7
495270,495271,495278,7,1
495270,495277,495279,2,7
495270,495278,495279,1,8
495270,495278,495279,1,8
495270,495271,495279,8,1
495270,495276,495279,3,6
495270,495271,495279,8,1
495270,495278,495279,1,8
495270,495278,495279,1,8
495270,495271,495279,8,1
495270,495271,495279,8,1
495270,495278,495279,1,8
495270,495277,495279,2,7
495270,495271,495280,9,1
495270,495278,495279,1,8
495270,495278,495279,1,8
495270,495271,495280,9,1
495270,495271,495280,9,1
495270,495278,495280,2,8
495270,495277,495280,3,7
495270,495279,495280,1,9
495270,495277,495280,3,7
495270,495278,495280,2,8
495270,495271,495280,9,1
495270,495271,495281,10,1
495270,495271,495281,10,1
495270,495277,495281,4,7
495270,495271,495281,10,1
495270,495278,495281,3,8
495270,495271,495282,11,1
495270,495271,495283,12,1
495270,495271,495284,13,1
495270,495278,495286,8,8
495270,495271,495288,17,1
495300,495300,495301,1,0
495300,495300,495301,1,0
495300,495300,495301,1,0
495300,495300,495301,1,0
495300,495300,495301,1,0
495300,495300,495302,2,0
495300,495301,495302,1,1
495300,495301,495302,1,1
495300,495302,495303,1,2
495300,495302,495303,1,2
495300,495302,495303,1,2
495300,495300,495304,4,0
495300,495300,495304,4,0
495300,495303,495305,2,3
495300,495303,495304,1,3
495300,495300,495306,6,0
495300,495300,495305,5,0
495300,495304,495306,2,4
495300,495303,495305,2,3
495300,495300,495305,5,0
495300,495304,495306,2,4
495300,495305,495306,1,5
495300,495300,495305,5,0
495300,495304,495306,2,4
495300,495300,495306,6,0
495300,495300,495306,6,0
495300,495300,495306,6,0
495300,495300,495306,6,0
495300,495300,495307,7,0
495300,495305,495306,1,5
495300,495300,495307,7,0
495300,495300,495306,6,0
495300,495305,495306,1,5
495300,495305,495306,1,5
495300,495300,495307,7,0
495300,495300,495308,8,0
495300,495300,495307,7,0
495300,495300,495307,7,0
495300,495300,495308,8,0
495300,495300,495308,8,0
495300,495300,495307,7,0
495300,495300,495307,7,0
495300,495300,495307,7,0
495300,495300,495307,7,0
495300,495300,495307,7,0
495300,495306,495308,2,6
495300,495307,495308,1,7
495300,495307,495308,1,7
495300,495306,495308,2,6
495300,495306,495308,2,6
495300,495307,495308,1,7
495300,495300,495308,8,0
495300,495306,495308,2,6
495300,495306,495307,1,6
495300,495306,495308,2,6
495300,495307,495308,1,7
495300,495307,495308,1,7
495300,495300,495309,9,0
495300,495307,495309,2,7
495300,495300,495309,9,0
495300,495306,495309,3,6
495300,495300,495308,8,0
495300,495300,495309,9,0
495300,495300,495309,9,0
495300,495306,495309,3,6
495300,495307,495309,2,7
495300,495307,495308,1,7
495300,495307,495309,2,7
495300,495307,495308,1,7
495300,495300,495309,9,0
495300,495300,495310,10,0
495300,495306,495309,3,6
495300,495300,495310,10,0
495300,495308,495310,2,8
495300,495300,495310,10,0
495300,495300,495311,11,0
495300,495300,495314,14,0
495300,495300,495313,13,0
495300,495300,495313,13,0
495326,495326,495327,1,0
495326,495326,495327,1,0
495326,495326,495327,1,0
495326,495326,495327,1,0
495326,495326,495327,1,0
495326,495326,495328,2,0
495326,495326,495329,3,0
495326,495327,495329,2,1
495326,495326,495329,3,0
495326,495327,495329,2,1
495326,495326,495329,3,0
495326,495328,495330,2,2
495326,495328,495329,1,2
495326,495328,495330,2,2
495326,495328,495330,2,2
495326,495326,495330,4,0
495326,495326,495330,4,0
495326,495326,495331,5,0
495326,495329,495331,2,3
495326,495330,495331,1,4
495326,495330,495331,1,4
495326,495329,495331,2,3
495326,495330,495331,1,4
495326,495326,495330,4,0
495326,495329,495331,2,3
495326,495326,495332,6,0
495326,495326,495332,6,0
495326,495326,495332,6,0
495326,495326,495332,6,0
495326,495326,495331,5,0
495326,495329,495332,3,3
495326,495326,495332,6,0
495326,495326,495332,6,0
495326,495330,495331,1,4
495326,495326,495331,5,0
495326,495326,495332,6,0
495326,495330,495331,1,4
495326,495326,495332,6,0
495326,495326,495332,6,0
495326,495326,495332,6,0
495326,495326,495333,7,0
495326,495326,495332,6,0
495326,495326,495333,7,0
495326,495326,495333,7,0
495326,495326,495333,7,0
495326,495326,495333,7,0
495326,495331,495333,2,5
495326,495332,495333,1,6
495326,495332,495333,1,6
495326,495331,495333,2,5
495326,495332,495333,1,6
495326,495331,495333,2,5
495326,495331,495333,2,5
495326,495332,495333,1,6
495326,495326,495333,7,0
495326,495331,495333,2,5
495326,495331,495333,2,5
495326,495326,495332,6,0
495326,495331,495333,2,5
495326,495331,495333,2,5
495326,495331,495333,2,5
495326,495332,495334,2,6
495326,495332,495334,2,6
495326,495326,495333,7,0
495326,495326,495334,8,0
495326,495331,495334,3,5
495326,495332,495334,2,6
495326,495326,495334,8,0
495326,495332,495333,1,6
495326,495332,495333,1,6
495326,495326,495335,9,0
495326,495326,495334,8,0
495326,495326,495335,9,0
495326,495332,495334,2,6
495326,495326,495336,10,0
495326,495326,495338,12,0
495326,495326,495338,12,0
495326,495326,495339,13,0
495326,495326,495340,14,0
495351,495351,495352,1,0
495351,495351,495352,1,0
495351,495351,495352,1,0
495351,495351,495352,1,0
495351,495351,495352,1,0
495351,495351,495354,3,0
495351,495353,495354,1,2
495351,495351,495354,3,0
495351,495353,495354,1,2
495351,495351,495354,3,0
495351,495353,495354,1,2
495351,495351,495354,3,0
495351,495353,495354,1,2
495351,495352,495355,3,1
495351,495352,495355,3,1
495351,495352,495355,3,1
495351,495354,495355,1,3
495351,495355,495356,1,4
495351,495351,495356,5,0
495351,495351,495356,5,0
495351,495352,495356,4,1
495351,495355,495356,1,4
495351,495351,495356,5,0
495351,495351,495356,5,0
495351,495355,495356,1,4
495351,495355,495356,1,4
495351,495355,495356,1,4
495351,495355,495357,2,4
495351,495355,495356,1,4
495351,495355,495356,1,4
495351,495351,495357,6,0
495351,495351,495357,6,0
495351,495351,495357,6,0
495351,495351,495357,6,0
495351,495351,495357,6,0
495351,495351,495357,6,0
495351,495356,495357,1,5
495351,495357,495358,1,6
495351,495351,495357,6,0
495351,495351,495357,6,0
495351,495351,495357,6,0
495351,495356,495357,1,5
495351,495357,495358,1,6
495351,495352,495358,6,1
495351,495356,495358,2,5
495351,495351,495358,7,0
495351,495357,495358,1,6
495351,495351,495358,7,0
495351,495351,495358,7,0
495351,495356,495358,2,5
495351,495351,495358,7,0
495351,495357,495358,1,6
495351,495351,495358,7,0
495351,495357,495358,1,6
495351,495357,495358,1,6
495351,495351,495358,7,0
495351,495357,495358,1,6
495351,495357,495358,1,6
495351,495351,495358,7,0
495351,495357,495358,1,6
495351,495357,495358,1,6
495351,495351,495358,7,0
495351,495351,495359,8,0
495351,495358,495359,1,7
495351,495351,495360,9,0
495351,495357,495359,2,6
495351,495356,495359,3,5
495351,495351,495359,8,0
495351,495357,495360,3,6
495351,495358,495360,2,7
495351,495351,495360,9,0
495351,495358,495360,2,7
495351,495351,495361,10,0
495351,495358,495360,2,7
495351,495358,495360,2,7
495351,495351,495361,10,0
495351,495351,495361,10,0
495351,495351,495364,13,0
495351,495351,495366,15,0
495377,495377,495378,1,0
495377,495377,495378,1,0
495377,495377,495378,1,0
495377,495377,495379,2,0
495377,495377,495379,2,0
495377,495377,495379,2,0
495377,495379,495380,1,2
495377,495378,495380,2,1
495377,495377,495381,4,0
495377,495377,495381,4,0
495377,495380,495381,1,3
495377,495377,495381,4,0
495377,495380,495381,1,3
495377,495380,495382,2,3
495377,495380,495381,1,3
495377,495377,495382,5,0
495377,495377,495382,5,0
495377,495377,495382,5,0
495377,495377,495382,5,0
495377,495377,495382,5,0
495377,495377,495382,5,0
495377,495381,495382,1,4
495377,495381,495382,1,4
495377,495382,495383,1,5
495377,495377,495383,6,0
495377,495377,495383,6,0
495377,495377,495383,6,0
495377,495377,495383,6,0
495377,495377,495383,6,0
495377,495377,495383,6,0
495377,495377,495383,6,0
495377,495382,495383,1,5
495377,495382,495383,1,5
495377,495382,495383,1,5
495377,495383,495384,1,6
495377,495382,495383,1,5
495377,495382,495383,1,5
495377,495383,495384,1,6
495377,495383,495384,1,6
495377,495377,495383,6,0
495377,495377,495384,7,0
495377,495377,495384,7,0
495377,495377,495384,7,0
495377,495377,495384,7,0
495377,495383,495384,1,6
495377,495377,495384,7,0
495377,495383,495384,1,6
495377,495382,495384,2,5
495377,495384,495385,1,7
495377,495377,495384,7,0
495377,495377,495384,7,0
495377,495383,495384,1,6
495377,495383,495384,1,6
495377,495383,495385,2,6
495377,495384,495385,1,7
495377,495384,495385,1,7
495377,495384,495385,1,7
495377,495377,495385,8,0
495377,495377,495385,8,0
495377,495384,495385,1,7
495377,495384,495385,1,7
495377,495377,495385,8,0
495377,495384,495385,1,7
495377,495384,495385,1,7
495377,495377,495385,8,0
495377,495377,495385,8,0
495377,495384,495386,2,7
495377,495377,495386,9,0
495377,495384,495386,2,7
495377,495384,495386,2,7
495377,495377,495388,11,0
495377,495377,495388,11,0
495377,495377,495384,7,0
495377,495377,495384,7,0
495377,495377,495388,11,0
495377,495377,495388,11,0
495377,495377,495390,13,0
495377,495377,495390,13,0
495377,495383,495413,30,6
495422,495422,495423,1,0
495422,495422,495423,1,0
495422,495422,495424,2,0
495422,495422,495423,1,0
495422,495422,495424,2,0
495422,495422,495424,2,0
495422,495424,495425,1,2
495422,495424,495425,1,2
495422,495422,495426,4,0
495422,495425,495426,1,3
495422,495425,495426,1,3
495422,495425,495426,1,3
495422,495422,495426,4,0
495422,495423,495426,3,1
495422,495425,495426,1,3
495422,495423,495427,4,1
495422,495423,495427,4,1
495422,495423,495428,5,1
495422,495423,495427,4,1
495422,495422,495427,5,0
495422,495423,495427,4,1
495422,495422,495427,5,0
495422,495426,495427,1,4
495422,495426,495427,1,4
495422,495427,495428,1,5
495422,495423,495428,5,1
495422,495423,495428,5,1
495422,495423,495428,5,1
495422,495423,495428,5,1
495422,495422,495428,6,0
495422,495427,495428,1,5
495422,495427,495428,1,5
495422,495427,495428,1,5
495422,495428,495429,1,6
495422,495427,495428,1,5
495422,495428,495429,1,6
495422,495427,495428,1,5
495422,495428,495429,1,6
495422,495427,495428,1,5
495422,495428,495429,1,6
495422,495423,495429,6,1
495422,495423,495429,6,1
495422,495422,495429,7,0
495422,495423,495429,6,1
495422,495428,495430,2,6
495422,495428,495429,1,6
495422,495422,495429,7,0
495422,495429,495430,1,7
495422,495428,495429,1,6
495422,495429,495430,1,7
495422,495422,495429,7,0
495422,495429,495430,1,7
495422,495428,495429,1,6
495422,495423,495430,7,1
495422,495429,495430,1,7
495422,495429,495430,1,7
495422,495422,495430,8,0
495422,495428,495430,2,6
495422,495422,495431,9,0
495422,495428,495430,2,6
495422,495429,495430,1,7
495422,495429,495430,1,7
495422,495422,495430,8,0
495422,495422,495430,8,0
495422,495429,495430,1,7
495422,495422,495430,8,0
495422,495422,495432,10,0
495422,495429,495431,2,7
495422,495429,495431,2,7
495422,495422,495431,9,0
495422,495422,495431,9,0
495422,495422,495432,10,0
495422,495423,495432,9,1
495422,495423,495433,10,1
495422,495422,495433,11,0
495422,495423,495434,11,1
495422,495423,495434,11,1
495422,495422,495436,14,0
495422,495422,495438,16,0
495449,495450,495451,1,1
495449,495450,495451,1,1
495449,495450,495451,1,1
495449,495450,495451,1,1
495449,495450,495451,1,1
495449,495451,495452,1,2
495449,495451,495452,1,2
495449,495450,495454,4,1
495449,495450,495453,3,1
495449,495450,495453,3,1
495449,495452,495453,1,3
495449,495452,495453,1,3
495449,495452,495454,2,3
495449,495452,495453,1,3
495449,495450,495454,4,1
495449,495450,495454,4,1
495449,495453,495454,1,4
495449,495450,495454,4,1
495449,495450,495454,4,1
495449,495450,495455,5,1
495449,495453,495454,1,4
495449,495450,495455,5,1
495449,495450,495456,6,1
495449,495454,495455,1,5
495449,495450,495455,5,1
495449,495450,495455,5,1
495449,495454,495455,1,5
495449,495450,495456,6,1
495449,495450,495455,5,1
495449,495454,495455,1,5
495449,495454,495455,1,5
495449,495455,495457,2,6
495449,495450,495456,6,1
495449,495454,495456,2,5
495449,495454,495456,2,5
495449,495450,495456,6,1
495449,495454,495456,2,5
495449,495450,495457,7,1
495449,495450,495457,7,1
495449,495456,495457,1,7
495449,495450,495457,7,1
495449,495455,495456,1,6
495449,495456,495457,1,7
495449,495455,495456,1,6
495449,495450,495456,6,1
495449,495450,495456,6,1
495449,495455,495456,1,6
495449,495450,495457,7,1
495449,495456,495458,2,7
495449,495450,495457,7,1
495449,495450,495458,8,1
495449,495455,495457,2,6
495449,495455,495457,2,6
495449,495450,495457,7,1
495449,495455,495457,2,6
495449,495456,495457,1,7
495449,495456,495457,1,7
495449,495456,495457,1,7
495449,495456,495457,1,7
495449,495456,495457,1,7
495449,495456,495457,1,7
495449,495456,495457,1,7
495449,495450,495457,7,1
495449,495457,495458,1,8
495449,495457,495458,1,8
495449,495457,495458,1,8
495449,495450,495458,8,1
495449,495450,495459,9,1
495449,495450,495459,9,1
495449,495450,495460,10,1
495449,495450,495462,12,1
495449,495450,495462,12,1
495449,495450,495462,12,1
495449,495450,495462,12,1
495449,495450,495462,12,1
495449,495450,495464,14,1
495449,495450,495465,15,1
495449,495450,495468,18,1
495479,495480,495481,1,1
495479,495480,495481,1,1
495479,495480,495481,1,1
495479,495480,495481,1,1
495479,495480,495481,1,1
495479,495480,495481,1,1
495479,495480,495483,3,1
495479,495482,495483,1,3
495479,495482,495483,1,3
495479,495482,495483,1,3
495479,495480,495484,4,1
495479,495482,495484,2,3
495479,495482,495484,2,3
495479,495480,495485,5,1
495479,495482,495484,2,3
495479,495480,495485,5,1
495479,495480,495485,5,1
495479,495480,495485,5,1
495479,495480,495485,5,1
495479,495480,495485,5,1
495479,495484,495485,1,5
495479,495484,495485,1,5
495479,495484,495485,1,5
495479,495485,495486,1,6
495479,495480,495486,6,1
495479,495480,495487,7,1
495479,495480,495486,6,1
495479,495480,495486,6,1
495479,495480,495486,6,1
495479,495485,495486,1,6
495479,495485,495486,1,6
495479,495480,495486,6,1
495479,495480,495487,7,1
495479,495485,495486,1,6
495479,495486,495487,1,7
495479,495486,495487,1,7
495479,495480,495488,8,1
495479,495480,495487,7,1
495479,495480,495487,7,1
495479,495480,495487,7,1
495479,495485,495487,2,6
495479,495480,495487,7,1
495479,495486,495487,1,7
495479,495487,495488,1,8
495479,495487,495488,1,8
495479,495480,495488,8,1
495479,495486,495487,1,7
495479,495487,495488,1,8
495479,495480,495488,8,1
495479,495486,495487,1,7
495479,495480,495487,7,1
495479,495487,495488,1,8
495479,495480,495488,8,1
495479,495486,495488,2,7
495479,495486,495488,2,7
495479,495480,495489,9,1
495479,495484,495488,4,5
495479,495480,495488,8,1
495479,495480,495488,8,1
495479,495486,495488,2,7
495479,495487,495489,2,8
495479,495487,495488,1,8
495479,495487,495488,1,8
495479,495487,495488,1,8
495479,495480,495488,8,1
495479,495487,495488,1,8
495479,495487,495488,1,8
495479,495480,495489,9,1
495479,495487,495489,2,8
495479,495480,495490,10,1
495479,495480,495489,9,1
495479,495486,495489,3,7
495479,495480,495489,9,1
495479,495480,495490,10,1
495479,495480,495490,10,1
495479,495480,495493,13,1
495479,495480,495493,13,1
495479,495480,495494,14,1
495479,495480,495495,15,1
495506,495506,495507,1,0
495506,495506,495508,2,0
495506,495506,495507,1,0
495506,495506,495507,1,0
495506,495506,495508,2,0
495506,495506,495507,1,0
495506,495506,495510,4,0
495506,495506,495510,4,0
495506,495508,495510,2,2
495506,495508,495510,2,2
495506,495508,495510,2,2
495506,495508,495510,2,2
495506,495508,495510,2,2
495506,495508,495510,2,2
495506,495506,495511,5,0
495506,495510,495511,1,4
495506,495506,495511,5,0
495506,495510,495512,2,4
495506,495510,495512,2,4
495506,495510,495512,2,4
495506,495506,495511,5,0
495506,495510,495512,2,4
495506,495510,495512,2,4
495506,495510,495513,3,4
495506,495506,495513,7,0
495506,495510,495513,3,4
495506,495506,495513,7,0
495506,495506,495513,7,0
495506,495506,495513,7,0
495506,495506,495513,7,0
495506,495506,495513,7,0
495506,495506,495513,7,0
495506,495512,495513,1,6
495506,495506,495513,7,0
495506,495506,495513,7,0
495506,495511,495512,1,5
495506,495512,495513,1,6
495506,495511,495513,2,5
495506,495506,495513,7,0
495506,495506,495514,8,0
495506,495512,495514,2,6
495506,495506,495513,7,0
495506,495512,495514,2,6
495506,495513,495514,1,7
495506,495513,495514,1,7
495506,495512,495513,1,6
495506,495513,495514,1,7
495506,495506,495514,8,0
495506,495506,495514,8,0
495506,495512,495513,1,6
495506,495513,495514,1,7
495506,495513,495514,1,7
495506,495513,495514,1,7
495506,495506,495514,8,0
495506,495506,495515,9,0
495506,495506,495514,8,0
495506,495512,495514,2,6
495506,495513,495515,2,7
495506,495513,495515,2,7
495506,495513,495514,1,7
495506,495506,495515,9,0
495506,495513,495514,1,7
495506,495506,495516,10,0
495506,495506,495516,10,0
495506,495513,495516,3,7
495506,495506,495516,10,0
495506,495513,495515,2,7
495506,495506,495516,10,0
495506,495506,495518,12,0
495506,495506,495518,12,0
495506,495506,495520,14,0
495506,495506,495520,14,0
495506,495506,495521,15,0
495506,495506,495521,15,0
495506,495506,495521,15,0
495506,495506,495521,15,0
495506,495506,495522,16,0
495506,495506,495522,16,0
495506,495506,495525,19,0
495536,495536,495537,1,0
495536,495536,495538,2,0
495536,495536,495537,1,0
495536,495536,495537,1,0
495536,495536,495537,1,0
495536,495536,495537,1,0
495536,495536,495539,3,0
495536,495536,495539,3,0
495536,495538,495539,1,2
495536,495538,495540,2,2
495536,495538,495540,2,2
495536,495538,495540,2,2
495536,495538,495540,2,2
495536,495536,495541,5,0
495536,495536,495541,5,0
495536,495536,495540,4,0
495536,495536,495541,5,0
495536,495538,495541,3,2
495536,495536,495541,5,0
495536,495540,495541,1,4
495536,495536,495541,5,0
495536,495536,495542,6,0
495536,495536,495541,5,0
495536,495536,495541,5,0
495536,495536,495541,5,0
495536,495536,495542,6,0
495536,495540,495542,2,4
495536,495540,495541,1,4
495536,495536,495542,6,0
495536,495536,495542,6,0
495536,495540,495542,2,4
495536,495540,495542,2,4
495536,495540,495543,3,4
495536,495536,495542,6,0
495536,495542,495543,1,6
495536,495536,495543,7,0
495536,495541,495542,1,5
495536,495542,495543,1,6
495536,495536,495543,7,0
495536,495536,495542,6,0
495536,495542,495543,1,6
495536,495536,495543,7,0
495536,495541,495542,1,5
495536,495541,495542,1,5
495536,495542,495543,1,6
495536,495536,495542,6,0
495536,495542,495543,1,6
495536,495542,495543,1,6
495536,495540,495544,4,4
495536,495541,495544,3,5
495536,495541,495543,2,5
495536,495541,495544,3,5
495536,495542,495544,2,6
495536,495536,495543,7,0
495536,495536,495544,8,0
495536,495543,495544,1,7
495536,495536,495543,7,0
495536,495542,495543,1,6
495536,495542,495544,2,6
495536,495542,495544,2,6
495536,495542,495544,2,6
495536,495541,495544,3,5
495536,495542,495545,3,6
495536,495543,495544,1,7
495536,495543,495546,3,7
495536,495536,495547,11,0
495536,495536,495547,11,0
495536,495536,495546,10,0
495536,495536,495547,11,0
495536,495536,495549,13,0
495536,495536,495549,13,0
495536,495536,495550,14,0
495536,495536,495550,14,0
495536,495536,495551,15,0
495536,495536,495552,16,0
495536,495536,495551,15,0
495536,495536,495552,16,0
495536,495536,495555,19,0
495536,495536,495559,23,0
495570,495570,495571,1,0
495570,495570,495571,1,0
495570,495570,495572,2,0
495570,495570,495572,2,0
495570,495570,495572,2,0
495570,495570,495572,2,0
495570,495572,495573,1,2
495570,495572,495573,1,2
495570,495573,495574,1,3
495570,495573,495574,1,3
495570,495570,495574,4,0
495570,495573,495574,1,3
495570,495573,495574,1,3
495570,495570,495575,5,0
495570,495571,495575,4,1
495570,495571,495575,4,1
495570,495574,495575,1,4
495570,495570,495575,5,0
495570,495574,495575,1,4
495570,495570,495576,6,0
495570,495570,495576,6,0
495570,495571,495576,5,1
495570,495570,495576,6,0
495570,495575,495576,1,5
495570,495571,495576,5,1
495570,495575,495576,1,5
495570,495575,495576,1,5
495570,495575,495576,1,5
495570,495570,495576,6,0
495570,495576,495577,1,6
495570,495575,495576,1,5
495570,495576,495577,1,6
495570,495576,495577,1,6
495570,495570,495577,7,0
495570,495570,495577,7,0
495570,495570,495578,8,0
495570,495577,495578,1,7
495570,495570,495577,7,0
495570,495570,495577,7,0
495570,495577,495578,1,7
495570,495577,495578,1,7
495570,495577,495578,1,7
495570,495577,495578,1,7
495570,495577,495578,1,7
495570,495577,495578,1,7
495570,495577,495578,1,7
495570,495576,495578,2,6
495570,495570,495578,8,0
495570,495576,495578,2,6
495570,495570,495578,8,0
495570,495577,495578,1,7
495570,495577,495578,1,7
495570,495578,495579,1,8
495570,495570,495578,8,0
495570,495570,495578,8,0
495570,495570,495580,10,0
495570,495577,495579,2,7
495570,495577,495579,2,7
495570,495570,495579,9,0
495570,495578,495580,2,8
495570,495570,495579,9,0
495570,495576,495579,3,6
495570,495570,495579,9,0
495570,495577,495579,2,7
495570,495570,495579,9,0
495570,495577,495580,3,7
495570,495571,495581,10,1
495570,495571,495581,10,1
495570,495570,495581,11,0
495570,495570,495583,13,0
495570,495570,495584,14,0
495570,495570,495584,14,0
495570,495570,495584,14,0
495570,495570,495584,14,0
495570,495570,495587,17,0
495570,495570,495588,18,0
495570,495570,495588,18,0
495570,495570,495589,19,0
495570,495570,495590,20,0
495601,495601,495602,1,0
495601,495601,495602,1,0
495601,495601,495602,1,0
495601,495601,495602,1,0
495601,495601,495602,1,0
495601,495601,495603,2,0
495601,495602,495604,2,1
495601,495603,495605,2,2
495601,495602,495605,3,1
495601,495603,495605,2,2
495601,495601,495605,4,0
495601,495601,495606,5,0
495601,495603,495605,2,2
495601,495603,495606,3,2
495601,495601,495606,5,0
495601,495604,495606,2,3
495601,495601,495607,6,0
495601,495601,495607,6,0
495601,495601,495607,6,0
495601,495601,495607,6,0
495601,495601,495607,6,0
495601,495605,495607,2,4
495601,495601,495607,6,0
495601,495601,495607,6,0
495601,495605,495607,2,4
495601,495601,495607,6,0
495601,495601,495607,6,0
495601,495605,495607,2,4
495601,495606,495608,2,5
495601,495601,495608,7,0
495601,495601,495608,7,0
495601,495601,495608,7,0
495601,495605,495608,3,4
495601,495601,495608,7,0
495601,495601,495608,7,0
495601,495606,495608,2,5
495601,495601,495608,7,0
495601,495601,495608,7,0
495601,495601,495608,7,0
495601,495606,495608,2,5
495601,495607,495608,1,6
495601,495608,495609,1,7
495601,495608,495609,1,7
495601,495608,495609,1,7
495601,495608,495609,1,7
495601,495607,495608,1,6
495601,495608,495609,1,7
495601,495608,495609,1,7
495601,495608,495609,1,7
495601,495601,495609,8,0
495601,495601,495609,8,0
495601,495607,495609,2,6
495601,495601,495609,8,0
495601,495601,495609,8,0
495601,495607,495609,2,6
495601,495601,495609,8,0
495601,495607,495609,2,6
495601,495607,495609,2,6
495601,495608,495609,1,7
495601,495606,495609,3,5
495601,495607,495610,3,6
495601,495608,495610,2,7
495601,495601,495610,9,0
495601,495601,495610,9,0
495601,495609,495610,1,8
495601,495601,495610,9,0
495601,495601,495611,10,0
495601,495601,495610,9,0
495601,495601,495612,11,0
495601,495608,495612,4,7
495601,495601,495612,11,0
495601,495601,495613,12,0
495601,495601,495613,12,0
495601,495601,495615,14,0
495601,495601,495616,15,0
495601,495601,495617,16,0
495601,495601,495626,25,0
495637,495638,495639,1,1
495637,495638,495639,1,1
495637,495638,495639,1,1
495637,495638,495639,1,1
495637,495638,495639,1,1
495637,495638,495639,1,1
495637,495639,495640,1,2
495637,495640,495642,2,3
495637,495639,495641,2,2
495637,495640,495642,2,3
495637,495638,495642,4,1
495637,495638,495643,5,1
495637,495638,495642,4,1
495637,495638,495642,4,1
495637,495640,495642,2,3
495637,495638,495642,4,1
495637,495640,495642,2,3
495637,495641,495643,2,4
495637,495638,495644,6,1
495637,495638,495643,5,1
495637,495642,495643,1,5
495637,495638,495644,6,1
495637,495642,495644,2,5
495637,495643,495644,1,6
495637,495638,495644,6,1
495637,495638,495644,6,1
495637,495638,495644,6,1
495637,495638,495644,6,1
495637,495638,495644,6,1
495637,495643,495644,1,6
495637,495644,495645,1,7
495637,495638,495644,6,1
495637,495644,495645,1,7
495637,495638,495644,6,1
495637,495642,495644,2,5
495637,495643,495644,1,6
495637,495638,495645,7,1
495637,495638,495645,7,1
495637,495638,495645,7,1
495637,495638,495645,7,1
495637,495638,495645,7,1
495637,495638,495645,7,1
495637,495643,495645,2,6
495637,495638,495645,7,1
495637,495638,495645,7,1
495637,495638,495646,8,1
495637,495643,495645,2,6
495637,495645,495646,1,8
495637,495644,495645,1,7
495637,495644,495645,1,7
495637,495644,495645,1,7
495637,495645,495646,1,8
495637,495638,495645,7,1
495637,495645,495646,1,8
495637,495645,495646,1,8
495637,495638,495645,7,1
495637,495645,495646,1,8
495637,495643,495646,3,6
495637,495643,495646,3,6
495637,495643,495646,3,6
495637,495645,495647,2,8
495637,495645,495647,2,8
495637,495644,495646,2,7
495637,495645,495646,1,8
495637,495645,495646,1,8
495637,495645,495646,1,8
495637,495638,495648,10,1
495637,495638,495647,9,1
495637,495645,495647,2,8
495637,495638,495648,10,1
495637,495638,495648,10,1
495637,495638,495648,10,1
495637,495638,495648,10,1
495637,495638,495649,11,1
495637,495638,495650,12,1
495637,495638,495650,12,1
495637,495638,495651,13,1
495637,495638,495652,14,1
495637,495638,495653,15,1
495665,495665,495666,1,0
495665,495665,495666,1,0
495665,495665,495666,1,0
495665,495665,495666,1,0
495665,495665,495666,1,0
495665,495665,495666,1,0
495665,495666,495668,2,1
495665,495667,495668,1,2
495665,495667,495668,1,2
495665,495667,495668,1,2
495665,495665,495669,4,0
495665,495665,495670,5,0
495665,495667,495669,2,2
495665,495667,495669,2,2
495665,495665,495671,6,0
495665,495669,495671,2,4
495665,495665,495671,6,0
495665,495665,495671,6,0
495665,495665,495671,6,0
495665,495665,495671,6,0
495665,495668,495670,2,3
495665,495669,495671,2,4
495665,495665,495672,7,0
495665,495665,495671,6,0
495665,495665,495671,6,0
495665,495665,495672,7,0
495665,495670,495672,2,5
495665,495669,495672,3,4
495665,495669,495672,3,4
495665,495665,495671,6,0
495665,495665,495672,7,0
495665,495670,495672,2,5
495665,495671,495672,1,6
495665,495671,495672,1,6
495665,495665,495672,7,0
495665,495665,495673,8,0
495665,495665,495673,8,0
495665,495665,495672,7,0
495665,495671,495672,1,6
495665,495670,495673,3,5
495665,495671,495672,1,6
495665,495665,495672,7,0
495665,495672,495673,1,7
495665,495672,495673,1,7
495665,495671,495673,2,6
495665,495671,495672,1,6
495665,495672,495673,1,7
495665,495671,495673,2,6
495665,495672,495673,1,7
495665,495671,495674,3,6
495665,495672,495674,2,7
495665,495665,495673,8,0
495665,495672,495674,2,7
495665,495665,495673,8,0
495665,495665,495674,9,0
495665,495672,495673,1,7
495665,495672,495673,1,7
495665,495672,495673,1,7
495665,495672,495673,1,7
495665,495665,495675,10,0
495665,495673,495675,2,8
495665,495665,495674,9,0
495665,495665,495675,10,0
495665,495665,495675,10,0
495665,495672,495674,2,7
495665,495665,495674,9,0
495665,495672,495674,2,7
495665,495665,495677,12,0
495665,495665,495677,12,0
495665,495665,495677,12,0
495665,495665,495677,12,0
495665,495665,495677,12,0
495665,495665,495677,12,0
495665,495665,495678,13,0
495665,495665,495679,14,0
495665,495665,495679,14,0
495665,495665,495679,14,0
495665,495665,495680,15,0
495665,495665,495682,17,0
495693,495694,495695,1,1
495693,495694,495695,1,1
495693,495694,495695,1,1
495693,495694,495695,1,1
495693,495694,495695,1,1
495693,495694,495695,1,1
495693,495695,495696,1,2
495693,495696,495697,1,3
495693,495696,495697,1,3
495693,495696,495697,1,3
495693,495696,495697,1,3
495693,495696,495697,1,3
495693,495697,495698,1,4
495693,495694,495698,4,1
495693,495698,495699,1,5
495693,495694,495699,5,1
495693,495697,495698,1,4
495693,495698,495699,1,5
495693,495694,495700,6,1
495693,495698,495700,2,5
495693,495694,495700,6,1
495693,495694,495701,7,1
495693,495694,495701,7,1
495693,495699,495700,1,6
495693,495694,495700,6,1
495693,495699,495700,1,6
495693,495699,495700,1,6
495693,495694,495700,6,1
495693,495699,495700,1,6
495693,495694,495700,6,1
495693,495698,495700,2,5
495693,495699,495700,1,6
495693,495694,495701,7,1
495693,495694,495701,7,1
495693,495694,495701,7,1
495693,495694,495701,7,1
495693,495694,495701,7,1
495693,495694,495702,8,1
495693,495700,495701,1,7
495693,495701,495702,1,8
495693,495694,495701,7,1
495693,495700,495701,1,7
495693,495701,495702,1,8
495693,495694,495701,7,1
495693,495701,495702,1,8
495693,495700,495701,1,7
495693,495701,495702,1,8
495693,495701,495702,1,8
495693,495694,495702,8,1
495693,495701,495702,1,8
495693,495701,495702,1,8
495693,495694,495702,8,1
495693,495694,495702,8,1
495693,495694,495702,8,1
495693,495701,495703,2,8
495693,495694,495702,8,1
495693,495694,495702,8,1
495693,495694,495702,8,1
495693,495701,495702,1,8
495693,495701,495702,1,8
495693,495701,495702,1,8
495693,495701,495703,2,8
495693,495694,495704,10,1
495693,495694,495704,10,1
495693,495694,495703,9,1
495693,495694,495704,10,1
495693,495702,495704,2,9
495693,495694,495704,10,1
495693,495702,495704,2,9
495693,495702,495704,2,9
495693,495694,495706,12,1
495693,495694,495705,11,1
495693,495694,495707,13,1
495693,495694,495707,13,1
495693,495694,495707,13,1
495693,495694,495708,14,1
495693,495694,495708,14,1
495693,495694,495708,14,1
495693,495694,495710,16,1
495722,495722,495723,1,0
495722,495722,495723,1,0
495722,495722,495724,2,0
495722,495722,495723,1,0
495722,495722,495723,1,0
495722,495722,495723,1,0
495722,495722,495725,3,0
495722,495723,495725,2,1
495722,495724,495726,2,2
495722,495724,495726,2,2
495722,495724,495725,1,2
495722,495724,495726,2,2
495722,495724,495726,2,2
495722,495722,495727,5,0
495722,495722,495727,5,0
495722,495726,495727,1,4
495722,495726,495727,1,4
495722,495726,495727,1,4
495722,495725,495727,2,3
495722,495726,495728,2,4
495722,495722,495728,6,0
495722,495722,495727,5,0
495722,495722,495728,6,0
495722,495722,495727,5,0
495722,495726,495727,1,4
495722,495722,495729,7,0
495722,495722,495729,7,0
495722,495725,495729,4,3
495722,495722,495729,7,0
495722,495722,495729,7,0
495722,495722,495729,7,0
495722,495722,495729,7,0
495722,495727,495729,2,5
495722,495722,495728,6,0
495722,495727,495729,2,5
495722,495728,495729,1,6
495722,495722,495729,7,0
495722,495727,495729,2,5
495722,495727,495729,2,5
495722,495728,495729,1,6
495722,495722,495730,8,0
495722,495722,495730,8,0
495722,495727,495730,3,5
495722,495722,495730,8,0
495722,495722,495730,8,0
495722,495728,495729,1,6
495722,495729,495730,1,7
495722,495729,495730,1,7
495722,495728,495730,2,6
495722,495728,495729,1,6
495722,495728,495729,1,6
495722,495729,495730,1,7
495722,495729,495730,1,7
495722,495722,495730,8,0
495722,495722,495730,8,0
495722,495722,495730,8,0
495722,495722,495731,9,0
495722,495729,495731,2,7
495722,495722,495731,9,0
495722,495727,495731,4,5
495722,495722,495731,9,0
495722,495729,495731,2,7
495722,495729,495730,1,7
495722,495729,495731,2,7
495722,495722,495731,9,0
495722,495722,495732,10,0
495722,495729,495732,3,7
495722,495729,495732,3,7
495722,495722,495733,11,0
495722,495722,495733,11,0
495722,495722,495734,12,0
495722,495722,495734,12,0
495722,495722,495734,12,0
495722,495722,495733,11,0
495722,495722,495734,12,0
495722,495722,495735,13,0
495722,495722,495736,14,0
495722,495722,495737,15,0
495722,495722,495750,28,0
495762,495762,495763,1,0
495762,495762,495763,1,0
495762,495762,495763,1,0
495762,495762,495763,1,0
495762,495762,495763,1,0
495762,495762,495764,2,0
495762,495762,495763,1,0
495762,495763,495765,2,1
495762,495762,495765,3,0
495762,495762,495765,3,0
495762,495763,495765,2,1
495762,495764,495766,2,2
495762,495764,495766,2,2
495762,495764,495765,1,2
495762,495763,495765,2,1
495762,495763,495765,2,1
495762,495762,495766,4,0
495762,495762,495767,5,0
495762,495762,495766,4,0
495762,495762,495767,5,0
495762,495762,495766,4,0
495762,495762,495767,5,0
495762,495765,495766,1,3
495762,495762,495766,4,0
495762,495762,495768,6,0
495762,495762,495767,5,0
495762,495762,495767,5,0
495762,495762,495767,5,0
495762,495762,495767,5,0
495762,495766,495767,1,4
495762,495762,495768,6,0
495762,495762,495767,5,0
495762,495762,495768,6,0
495762,495766,495767,1,4
495762,495762,495768,6,0
495762,495762,495767,5,0
495762,495762,495767,5,0
495762,495766,495768,2,4
495762,495762,495768,6,0
495762,495766,495767,1,4
495762,495766,495767,1,4
495762,495762,495768,6,0
495762,495762,495768,6,0
495762,495766,495768,2,4
495762,495767,495769,2,5
495762,495768,495769,1,6
495762,495768,495769,1,6
495762,495767,495768,1,5
495762,495767,495768,1,5
495762,495762,495769,7,0
495762,495766,495768,2,4
495762,495767,495768,1,5
495762,495768,495769,1,6
495762,495768,495769,1,6
495762,495762,495769,7,0
495762,495766,495769,3,4
495762,495767,495769,2,5
495762,495767,495770,3,5
495762,495767,495769,2,5
495762,495762,495770,8,0
495762,495768,495770,2,6
495762,495762,495769,7,0
495762,495768,495769,1,6
495762,495768,495769,1,6
495762,495768,495770,2,6
495762,495762,495770,8,0
495762,495768,495770,2,6
495762,495762,495771,9,0
495762,495762,495770,8,0
495762,495768,495770,2,6
495762,495768,495770,2,6
495762,495762,495772,10,0
495762,495767,495771,4,5
495762,495762,495771,9,0
495762,495762,495772,10,0
495762,495762,495772,10,0
495762,495762,495775,13,0
495762,495762,495776,14,0
495762,495762,495776,14,0
495788,495788,495789,1,0
495788,495788,495789,1,0
495788,495788,495790,2,0
495788,495788,495790,2,0
495788,495789,495790,1,1
495788,495788,495790,2,0
495788,495788,495791,3,0
495788,495790,495791,1,2
495788,495790,495791,1,2
495788,495788,495792,4,0
495788,495788,495792,4,0
495788,495788,495792,4,0
495788,495788,495792,4,0
495788,495790,495792,2,2
495788,495788,495792,4,0
495788,495790,495792,2,2
495788,495791,495792,1,3
495788,495788,495792,4,0
495788,495788,495792,4,0
495788,495788,495793,5,0
495788,495788,495793,5,0
495788,495788,495793,5,0
495788,495788,495793,5,0
495788,495788,495793,5,0
495788,495788,495793,5,0
495788,495788,495793,5,0
495788,495788,495793,5,0
495788,495788,495793,5,0
495788,495788,495793,5,0
495788,495788,495793,5,0
495788,495788,495793,5,0
495788,495788,495793,5,0
495788,495788,495794,6,0
495788,495788,495794,6,0
495788,495788,495794,6,0
495788,495788,495794,6,0
495788,495791,495794,3,3
495788,495793,495794,1,5
495788,495788,495794,6,0
495788,495788,495794,6,0
495788,495793,495794,1,5
495788,495794,495795,1,6
495788,495788,495795,7,0
495788,495793,495794,1,5
495788,495793,495794,1,5
495788,495794,495795,1,6
495788,495794,495795,1,6
495788,495794,495795,1,6
495788,495793,495794,1,5
495788,495794,495795,1,6
495788,495788,495794,6,0
495788,495793,495794,1,5
495788,495793,495794,1,5
495788,495788,495795,7,0
495788,495788,495795,7,0
495788,495793,495795,2,5
495788,495793,495795,2,5
495788,495788,495795,7,0
495788,495793,495795,2,5
495788,495794,495795,1,6
495788,495794,495795,1,6
495788,495788,495795,7,0
495788,495794,495795,1,6
495788,495794,495795,1,6
495788,495788,495796,8,0
495788,495793,495796,3,5
495788,495788,495796,8,0
495788,495794,495796,2,6
495788,495794,495796,2,6
495788,495788,495796,8,0
495788,495788,495797,9,0
495788,495788,495797,9,0
495788,495794,495797,3,6
495788,495788,495798,10,0
495809,495809,495810,1,0
495809,495809,495810,1,0
495809,495809,495810,1,0
495809,495809,495810,1,0
495809,495809,495810,1,0
495809,495809,495811,2,0
495809,495809,495813,4,0
495809,495809,495813,4,0
495809,495809,495813,4,0
495809,495809,495812,3,0
495809,495809,495812,3,0
495809,495809,495813,4,0
495809,495811,495812,1,2
495809,495809,495812,3,0
495809,495809,495812,3,0
495809,495809,495813,4,0
495809,495811,495812,1,2
495809,495811,495812,1,2
495809,495809,495813,4,0
495809,495811,495812,1,2
495809,495809,495813,4,0
495809,495809,495813,4,0
495809,495811,495812,1,2
495809,495809,495813,4,0
495809,495809,495813,4,0
495809,495809,495813,4,0
495809,495813,495814,1,4
495809,495813,495814,1,4
495809,495809,495813,4,0
495809,495809,495813,4,0
495809,495813,495814,1,4
495809,495809,495814,5,0
495809,495813,495815,2,4
495809,495809,495814,5,0
495809,495809,495815,6,0
495809,495809,495815,6,0
495809,495809,495814,5,0
495809,495809,495814,5,0
495809,495814,495815,1,5
495809,495809,495814,5,0
495809,495809,495814,5,0
495809,495813,495814,1,4
495809,495814,495815,1,5
495809,495813,495814,1,4
495809,495813,495814,1,4
495809,495814,495815,1,5
495809,495809,495815,6,0
495809,495813,495814,1,4
495809,495813,495814,1,4
495809,495814,495815,1,5
495809,495809,495814,5,0
495809,495813,495814,1,4
495809,495813,495814,1,4
495809,495814,495815,1,5
495809,495809,495815,6,0
495809,495809,495815,6,0
495809,495813,495816,3,4
495809,495813,495815,2,4
495809,495813,495815,2,4
495809,495809,495815,6,0
495809,495809,495816,7,0
495809,495809,495815,6,0
495809,495813,495815,2,4
495809,495809,495815,6,0
495809,495813,495815,2,4
495809,495813,495815,2,4
495809,495814,495816,2,5
495809,495809,495816,7,0
495809,495809,495816,7,0
495809,495809,495816,7,0
495809,495814,495816,2,5
495809,495815,495817,2,6
495809,495815,495817,2,6
495809,495809,495818,9,0
495809,495815,495817,2,6
495809,495815,495817,2,6
495809,495811,495818,7,2
495809,495814,495818,4,5
495809,495809,495826,17,0
495837,495837,495838,1,0
495837,495837,495838,1,0
495837,495837,495838,1,0
495837,495837,495838,1,0
495837,495837,495838,1,0
495837,495837,495840,3,0
495837,495838,495839,1,1
495837,495839,495840,1,2
495837,495839,495840,1,2
495837,495837,495841,4,0
495837,495839,495841,2,2
495837,495837,495841,4,0
495837,495839,495840,1,2
495837,495837,495841,4,0
495837,495840,495841,1,3
495837,495837,495841,4,0
495837,495837,495840,3,0
495837,495837,495841,4,0
495837,495840,495841,1,3
495837,495837,495842,5,0
495837,495837,495841,4,0
495837,495837,495842,5,0
495837,495837,495841,4,0
495837,495837,495842,5,0
495837,495837,495842,5,0
495837,495837,495841,4,0
495837,495837,495841,4,0
495837,495837,495841,4,0
495837,495841,495842,1,4
495837,495837,495842,5,0
495837,495840,495841,1,3
495837,495840,495841,1,3
495837,495841,495842,1,4
495837,495837,495842,5,0
495837,495841,495842,1,4
495837,495837,495843,6,0
495837,495837,495843,6,0
495837,495837,495843,6,0
495837,495837,495842,5,0
495837,495841,495842,1,4
495837,495841,495842,1,4
495837,495837,495842,5,0
495837,495837,495842,5,0
495837,495841,495842,1,4
495837,495841,495843,2,4
495837,495842,495843,1,5
495837,495842,495843,1,5
495837,495837,495843,6,0
495837,495841,495842,1,4
495837,495841,495842,1,4
495837,495842,495843,1,5
495837,495842,495843,1,5
495837,495842,495843,1,5
495837,495837,495842,5,0
495837,495841,495842,1,4
495837,495842,495843,1,5
495837,495842,495843,1,5
495837,495842,495844,2,5
495837,495837,495844,7,0
495837,495837,495843,6,0
495837,495842,495843,1,5
495837,495842,495843,1,5
495837,495842,495843,1,5
495837,495837,495845,8,0
495837,495837,495845,8,0
495837,495837,495844,7,0
495837,495837,495845,8,0
495837,495842,495845,3,5
495837,495842,495845,3,5
495837,495842,495845,3,5
495837,495842,495845,3,5
495837,495842,495845,3,5
495837,495837,495846,9,0
495837,495837,495846,9,0
495837,495837,495847,10,0
495837,495837,495853,16,0
495837,495837,495855,18,0
495837,495837,495854,17,0
495837,495837,495856,19,0
495867,495867,495868,1,0
495867,495867,495868,1,0
495867,495867,495868,1,0
495867,495867,495868,1,0
495867,495867,495868,1,0
495867,495867,495869,2,0
495867,495867,495870,3,0
495867,495867,495871,4,0
495867,495867,495871,4,0
495867,495869,495870,1,2
495867,495867,495871,4,0
495867,495869,495870,1,2
495867,495867,495870,3,0
495867,495868,495870,2,1
495867,495867,495871,4,0
495867,495867,495872,5,0
495867,495867,495871,4,0
495867,495867,495871,4,0
495867,495867,495871,4,0
495867,495869,495871,2,2
495867,495867,495872,5,0
495867,495867,495872,5,0
495867,495867,495871,4,0
495867,495867,495872,5,0
495867,495867,495871,4,0
495867,495867,495871,4,0
495867,495867,495871,4,0
495867,495867,495872,5,0
495867,495869,495871,2,2
495867,495867,495871,4,0
495867,495867,495871,4,0
495867,495867,495871,4,0
495867,495870,495871,1,3
495867,495867,495871,4,0
495867,495871,495872,1,4
495867,495867,495872,5,0
495867,495867,495872,5,0
495867,495867,495872,5,0
495867,495867,495872,5,0
495867,495867,495872,5,0
495867,495867,495873,6,0
495867,495867,495872,5,0
495867,495872,495873,1,5
495867,495871,495872,1,4
495867,495872,495873,1,5
495867,495871,495873,2,4
495867,495871,495872,1,4
495867,495871,495872,1,4
495867,495871,495872,1,4
495867,495872,495873,1,5
495867,495872,495873,1,5
495867,495871,495873,2,4
495867,495871,495872,1,4
495867,495872,495873,1,5
495867,495872,495873,1,5
495867,495867,495873,6,0
495867,495867,495873,6,0
495867,495867,495873,6,0
495867,495872,495874,2,5
495867,495867,495873,6,0
495867,495872,495874,2,5
495867,495872,495874,2,5
495867,495872,495874,2,5
495867,495872,495873,1,5
495867,495872,495873,1,5
495867,495872,495873,1,5
495867,495872,495873,1,5
495867,495872,495873,1,5
495867,495872,495873,1,5
495867,495867,495875,8,0
495867,495867,495874,7,0
495867,495872,495874,2,5
495867,495872,495874,2,5
495867,495872,495874,2,5
495867,495872,495874,2,5
495867,495872,495875,3,5
495867,495867,495875,8,0
495867,495867,495875,8,0
495867,495867,495876,9,0
495889,495889,495890,1,0
495889,495889,495890,1,0
495889,495889,495890,1,0
495889,495889,495890,1,0
495889,495889,495890,1,0
495889,495889,495891,2,0
495889,495890,495892,2,1
495889,495890,495892,2,1
495889,495891,495892,1,2
495889,495890,495892,2,1
495889,495889,495893,4,0
495889,495889,495894,5,0
495889,495889,495893,4,0
495889,495889,495894,5,0
495889,495889,495893,4,0
495889,495889,495893,4,0
495889,495891,495893,2,2
495889,495892,495894,2,3
495889,495889,495893,4,0
495889,495889,495893,4,0
495889,495889,495894,5,0
495889,495889,495893,4,0
495889,495892,495893,1,3
495889,495889,495894,5,0
495889,495889,495894,5,0
495889,495889,495894,5,0
495889,495889,495895,6,0
495889,495889,495894,5,0
495889,495889,495894,5,0
495889,495893,495895,2,4
495889,495889,495894,5,0
495889,495893,495894,1,4
495889,495889,495894,5,0
495889,495889,495894,5,0
495889,495894,495895,1,5
495889,495889,495894,5,0
495889,495889,495895,6,0
495889,495893,495894,1,4
495889,495894,495895,1,5
495889,495889,495895,6,0
495889,495889,495895,6,0
495889,495889,495895,6,0
495889,495894,495895,1,5
495889,495895,495896,1,6
495889,495895,495896,1,6
495889,495894,495895,1,5
495889,495894,495895,1,5
495889,495894,495895,1,5
495889,495894,495895,1,5
495889,495895,495896,1,6
495889,495895,495896,1,6
495889,495889,495895,6,0
495889,495894,495895,1,5
495889,495889,495897,8,0
495889,495889,495896,7,0
495889,495895,495897,2,6
495889,495889,495897,8,0
495889,495889,495897,8,0
495889,495889,495896,7,0
495889,495889,495897,8,0
495889,495894,495896,2,5
495889,495895,495896,1,6
495889,495895,495896,1,6
495889,495895,495896,1,6
495889,495895,495896,1,6
495889,495895,495897,2,6
495889,495894,495897,3,5
495889,495889,495897,8,0
495889,495894,495898,4,5
495889,495894,495897,3,5
495889,495894,495898,4,5
495889,495895,495897,2,6
495889,495895,495899,4,6
495889,495889,495899,10,0
495889,495889,495899,10,0
495889,495889,495899,10,0
495889,495889,495899,10,0
495889,495889,495900,11,0
495889,495889,495900,11,0
495912,495912,495914,2,0
495912,495912,495913,1,0
495912,495912,495913,1,0
495912,495912,495913,1,0
495912,495912,495913,1,0
495912,495912,495915,3,0
495912,495912,495916,4,0
495912,495914,495916,2,2
495912,495912,495917,5,0
495912,495914,495917,3,2
495912,495912,495917,5,0
495912,495914,495917,3,2
495912,495912,495917,5,0
495912,495914,495916,2,2
495912,495915,495917,2,3
495912,495912,495918,6,0
495912,495912,495918,6,0
495912,495912,495918,6,0
495912,495912,495918,6,0
495912,495912,495918,6,0
495912,495912,495918,6,0
495912,495912,495918,6,0
495912,495912,495917,5,0
495912,495914,495917,3,2
495912,495912,495918,6,0
495912,495912,495918,6,0
495912,495912,495917,5,0
495912,495912,495918,6,0
495912,495912,495918,6,0
495912,495917,495918,1,5
495912,495912,495919,7,0
495912,495916,495919,3,4
495912,495912,495919,7,0
495912,495918,495919,1,6
495912,495917,495919,2,5
495912,495917,495919,2,5
495912,495917,495919,2,5
495912,495917,495919,2,5
495912,495917,495919,2,5
495912,495917,495919,2,5
495912,495917,495919,2,5
495912,495912,495919,7,0
495912,495919,495920,1,7
495912,495919,495920,1,7
495912,495912,495920,8,0
495912,495912,495920,8,0
495912,495918,495920,2,6
495912,495918,495919,1,6
495912,495918,495920,2,6
495912,495912,495920,8,0
495912,495919,495920,1,7
495912,495919,495920,1,7
495912,495912,495921,9,0
495912,495912,495920,8,0
495912,495919,495921,2,7
495912,495918,495921,3,6
495912,495918,495921,3,6
495912,495918,495921,3,6
495912,495918,495921,3,6
495912,495920,495921,1,8
495912,495912,495922,10,0
495912,495912,495922,10,0
495912,495918,495922,4,6
495912,495919,495921,2,7
495912,495912,495922,10,0
495912,495912,495922,10,0
495912,495919,495922,3,7
495912,495912,495923,11,0
495912,495912,495924,12,0
495912,495912,495924,12,0
495912,495912,495924,12,0
495912,495912,495925,13,0
495912,495912,495927,15,0
495912,495912,495928,16,0
495912,495912,495928,16,0
495912,495912,495930,18,0
495942,495942,495943,1,0
495942,495942,495943,1,0
495942,495942,495943,1,0
495942,495942,495943,1,0
495942,495942,495944,2,0
495942,495942,495945,3,0
495942,495943,495945,2,1
495942,495943,495946,3,1
495942,495943,495946,3,1
495942,495942,495947,5,0
495942,495942,495946,4,0
495942,495944,495946,2,2
495942,495944,495947,3,2
495942,495946,495947,1,4
495942,495945,495947,2,3
495942,495942,495948,6,0
495942,495942,495948,6,0
495942,495942,495948,6,0
495942,495946,495948,2,4
495942,495942,495948,6,0
495942,495942,495948,6,0
495942,495942,495948,6,0
495942,495945,495948,3,3
495942,495942,495948,6,0
495942,495942,495949,7,0
495942,495942,495948,6,0
495942,495942,495948,6,0
495942,495942,495948,6,0
495942,495942,495949,7,0
495942,495942,495949,7,0
495942,495942,495949,7,0
495942,495947,495949,2,5
495942,495942,495948,6,0
495942,495942,495949,7,0
495942,495947,495949,2,5
495942,495942,495948,6,0
495942,495942,495948,6,0
495942,495942,495949,7,0
495942,495948,495949,1,6
495942,495947,495949,2,5
495942,495942,495949,7,0
495942,495947,495949,2,5
495942,495948,495949,1,6
495942,495942,495949,7,0
495942,495942,495950,8,0
495942,495942,495949,7,0
495942,495948,495949,1,6
495942,495948,495950,2,6
495942,495948,495950,2,6
495942,495949,495950,1,7
495942,495949,495950,1,7
495942,495949,495950,1,7
495942,495948,495949,1,6
495942,495942,495951,9,0
495942,495942,495951,9,0
495942,495942,495951,9,0
495942,495947,495951,4,5
495942,495948,495951,3,6
495942,495942,495951,9,0
495942,495942,495951,9,0
495942,495947,495950,3,5
495942,495949,495951,2,7
495942,495949,495951,2,7
495942,495949,495951,2,7
495942,495949,495950,1,7
495942,495949,495950,1,7
495942,495949,495952,3,7
495942,495942,495951,9,0
495942,495942,495952,10,0
495942,495948,495952,4,6
495942,495949,495952,3,7
495942,495949,495952,3,7
495942,495949,495952,3,7
495942,495942,495953,11,0
495942,495942,495953,11,0
495942,495942,495952,10,0
495942,495942,495954,12,0
495942,495942,495956,14,0
495942,495942,495957,15,0
495971,495971,495972,1,0
495971,495971,495972,1,0
495971,495971,495972,1,0
495971,495971,495972,1,0
495971,495971,495972,1,0
495971,495971,495972,1,0
495971,495972,495974,2,1
495971,495972,495974,2,1
495971,495971,495975,4,0
495971,495973,495975,2,2
495971,495973,495974,1,2
495971,495973,495974,1,2
495971,495971,495976,5,0
495971,495971,495976,5,0
495971,495971,495976,5,0
495971,495971,495976,5,0
495971,495971,495975,4,0
495971,495971,495976,5,0
495971,495974,495975,1,3
495971,495971,495976,5,0
495971,495975,495977,2,4
495971,495971,495976,5,0
495971,495971,495976,5,0
495971,495971,495976,5,0
495971,495973,495976,3,2
495971,495975,495976,1,4
495971,495971,495977,6,0
495971,495975,495976,1,4
495971,495975,495976,1,4
495971,495971,495977,6,0
495971,495976,495977,1,5
495971,495971,495977,6,0
495971,495975,495977,2,4
495971,495971,495977,6,0
495971,495971,495978,7,0
495971,495971,495978,7,0
495971,495977,495978,1,6
495971,495977,495978,1,6
495971,495971,495977,6,0
495971,495977,495978,1,6
495971,495977,495978,1,6
495971,495971,495977,6,0
495971,495977,495978,1,6
495971,495971,495979,8,0
495971,495977,495978,1,6
495971,495971,495979,8,0
495971,495971,495979,8,0
495971,495976,495978,2,5
495971,495971,495979,8,0
495971,495971,495979,8,0
495971,495976,495978,2,5
495971,495971,495979,8,0
495971,495971,495979,8,0
495971,495977,495978,1,6
495971,495977,495978,1,6
495971,495977,495979,2,6
495971,495971,495978,7,0
495971,495971,495979,8,0
495971,495977,495978,1,6
495971,495977,495978,1,6
495971,495971,495980,9,0
495971,495971,495979,8,0
495971,495976,495980,4,5
495971,495977,495980,3,6
495971,495971,495979,8,0
495971,495978,495979,1,7
495971,495976,495980,4,5
495971,495977,495979,2,6
495971,495971,495980,9,0
495971,495977,495979,2,6
495971,495971,495979,8,0
495971,495971,495981,10,0
495971,495976,495981,5,5
495971,495971,495980,9,0
495971,495978,495980,2,7
495971,495976,495981,5,5
495971,495971,495982,11,0
495971,495971,495981,10,0
495971,495971,495984,13,0
495995,495995,495996,1,0
495995,495995,495996,1,0
495995,495995,495996,1,0
495995,495995,495996,1,0
495995,495995,495996,1,0
495995,495996,495998,2,1
495995,495995,495999,4,0
495995,495995,495999,4,0
495995,495995,495999,4,0
495995,495995,495999,4,0
495995,495997,495999,2,2
495995,495995,495999,4,0
495995,495995,495999,4,0
495995,495996,495998,2,1
495995,495995,495999,4,0
495995,495995,495999,4,0
495995,495995,496000,5,0
495995,495995,496000,5,0
495995,495997,496000,3,2
495995,495995,496000,5,0
495995,495997,495999,2,2
495995,495995,496000,5,0
495995,495995,496000,5,0
495995,495995,496000,5,0
495995,495998,496000,2,3
495995,495995,496001,6,0
495995,495995,496001,6,0
495995,495995,496001,6,0
495995,495995,496001,6,0
495995,495995,496001,6,0
495995,495995,496001,6,0
495995,495995,496000,5,0
495995,495995,496001,6,0
495995,496000,496001,1,5
495995,495995,496001,6,0
495995,495999,496001,2,4
495995,495999,496001,2,4
495995,495999,496001,2,4
495995,495995,496001,6,0
495995,495999,496001,2,4
495995,495999,496001,2,4
495995,495999,496001,2,4
495995,495999,496001,2,4
495995,495999,496001,2,4
495995,495995,496002,7,0
495995,496000,496002,2,5
495995,495999,496002,3,4
495995,495995,496002,7,0
495995,496000,496002,2,5
495995,496000,496002,2,5
495995,496000,496002,2,5
495995,496000,496002,2,5
495995,496001,496003,2,6
495995,495999,496002,3,4
495995,496000,496003,3,5
495995,496001,496003,2,6
495995,495995,496003,8,0
495995,495995,496003,8,0
495995,496001,496003,2,6
495995,496001,496002,1,6
495995,495995,496003,8,0
495995,495995,496003,8,0
495995,496001,496003,2,6
495995,496001,496003,2,6
495995,495995,496004,9,0
495995,495995,496004,9,0
495995,496001,496003,2,6
495995,496001,496004,3,6
495995,495995,496004,9,0
495995,495995,496004,9,0
495995,496001,496004,3,6
495995,496001,496003,2,6
495995,495995,496005,10,0
495995,495995,496006,11,0
495995,495995,496006,11,0
495995,495995,496007,12,0
495995,495995,496008,13,0
496021,496021,496022,1,0
496021,496021,496022,1,0
496021,496021,496022,1,0
496021,496021,496022,1,0
496021,496021,496022,1,0
496021,496021,496022,1,0
496021,496023,496025,2,2
496021,496023,496024,1,2
496021,496023,496024,1,2
496021,496023,496024,1,2
496021,496021,496025,4,0
496021,496021,496025,4,0
496021,496021,496025,4,0
496021,496023,496025,2,2
496021,496021,496026,5,0
496021,496021,496025,4,0
496021,496021,496026,5,0
496021,496023,496025,2,2
496021,496021,496026,5,0
496021,496021,496026,5,0
496021,496021,496026,5,0
496021,496021,496027,6,0
496021,496021,496026,5,0
496021,496021,496027,6,0
496021,496021,496026,5,0
496021,496021,496027,6,0
496021,496021,496026,5,0
496021,496025,496026,1,4
496021,496021,496027,6,0
496021,496021,496026,5,0
496021,496025,496026,1,4
496021,496025,496026,1,4
496021,496026,496027,1,5
496021,496026,496027,1,5
496021,496021,496026,5,0
496021,496025,496027,2,4
496021,496021,496028,7,0
496021,496021,496027,6,0
496021,496026,496027,1,5
496021,496021,496028,7,0
496021,496027,496028,1,6
496021,496026,496027,1,5
496021,496027,496028,1,6
496021,496026,496027,1,5
496021,496027,496028,1,6
496021,496027,496028,1,6
496021,496027,496028,1,6
496021,496021,496028,7,0
496021,496026,496029,3,5
496021,496021,496029,8,0
496021,496021,496029,8,0
496021,496021,496028,7,0
496021,496026,496028,2,5
496021,496027,496029,2,6
496021,496027,496028,1,6
496021,496027,496028,1,6
496021,496027,496028,1,6
496021,496027,496028,1,6
496021,496027,496029,2,6
496021,496027,496029,2,6
496021,496026,496030,4,5
496021,496027,496030,3,6
496021,496027,496029,2,6
496021,496027,496029,2,6
496021,496021,496030,9,0
496021,496027,496029,2,6
496021,496027,496029,2,6
496021,496021,496029,8,0
496021,496021,496030,9,0
496021,496021,496030,9,0
496021,496021,496030,9,0
496021,496021,496030,9,0
496021,496021,496031,10,0
496021,496021,496030,9,0
496021,496021,496032,11,0
496021,496021,496031,10,0
496021,496021,496031,10,0
496021,496021,496031,10,0
496021,496021,496034,13,0
496045,496046,496047,1,1
496045,496046,496047,1,1
496045,496046,496047,1,1
496045,496046,496047,1,1
496045,496046,496047,1,1
496045,496046,496048,2,1
496045,496047,496049,2,2
496045,496046,496049,3,1
496045,496048,496049,1,3
496045,496047,496049,2,2
496045,496048,496049,1,3
496045,496046,496050,4,1
496045,496046,496050,4,1
496045,496046,496050,4,1
496045,496046,496050,4,1
496045,496047,496050,3,2
496045,496046,496050,4,1
496045,496046,496050,4,1
496045,496048,496050,2,3
496045,496046,496051,5,1
496045,496046,496051,5,1
496045,496046,496051,5,1
496045,496050,496051,1,5
496045,496046,496051,5,1
496045,496046,496051,5,1
496045,496050,496051,1,5
496045,496046,496051,5,1
496045,496046,496051,5,1
496045,496050,496051,1,5
496045,496046,496052,6,1
496045,496050,496051,1,5
496045,496051,496052,1,6
496045,496046,496052,6,1
496045,496050,496052,2,5
496045,496046,496052,6,1
496045,496046,496052,6,1
496045,496052,496053,1,7
496045,496051,496052,1,6
496045,496051,496053,2,6
496045,496051,496052,1,6
496045,496046,496053,7,1
496045,496051,496052,1,6
496045,496052,496053,1,7
496045,496051,496052,1,6
496045,496052,496053,1,7
496045,496046,496053,7,1
496045,496046,496054,8,1
496045,496046,496054,8,1
496045,496052,496053,1,7
496045,496053,496054,1,8
496045,496046,496053,7,1
496045,496052,496054,2,7
496045,496052,496053,1,7
496045,496052,496053,1,7
496045,496052,496053,1,7
496045,496052,496053,1,7
496045,496052,496053,1,7
496045,496046,496054,8,1
496045,496046,496054,8,1
496045,496051,496054,3,6
496045,496046,496054,8,1
496045,496052,496054,2,7
496045,496051,496054,3,6
496045,496046,496055,9,1
496045,496052,496054,2,7
496045,496052,496054,2,7
496045,496053,496055,2,8
496045,496046,496054,8,1
496045,496046,496056,10,1
496045,496046,496055,9,1
496045,496053,496055,2,8
496045,496046,496055,9,1
496045,496046,496056,10,1
496045,496046,496057,11,1
496045,496046,496057,11,1
496045,496046,496058,12,1
496045,496046,496059,13,1
496045,496046,496060,14,1
496045,496046,496061,15,1
496073,496073,496074,1,0
496073,496073,496074,1,0
496073,496073,496074,1,0
496073,496073,496074,1,0
496073,496073,496075,2,0
496073,496073,496074,1,0
496073,496074,496076,2,1
496073,496074,496076,2,1
496073,496074,496077,3,1
496073,496073,496076,3,0
496073,496073,496077,4,0
496073,496075,496077,2,2
496073,496075,496076,1,2
496073,496076,496077,1,3
496073,496073,496077,4,0
496073,496076,496077,1,3
496073,496073,496078,5,0
496073,496073,496078,5,0
496073,496073,496077,4,0
496073,496073,496077,4,0
496073,496073,496078,5,0
496073,496073,496078,5,0
496073,496077,496078,1,4
496073,496073,496078,5,0
496073,496073,496078,5,0
496073,496075,496077,2,2
496073,496073,496078,5,0
496073,496073,496078,5,0
496073,496073,496078,5,0
496073,496073,496078,5,0
496073,496077,496078,1,4
496073,496073,496078,5,0
496073,496077,496078,1,4
496073,496073,496079,6,0
496073,496073,496079,6,0
496073,496073,496079,6,0
496073,496078,496079,1,5
496073,496078,496079,1,5
496073,496077,496078,1,4
496073,496077,496078,1,4
496073,496077,496078,1,4
496073,496073,496079,6,0
496073,496078,496079,1,5
496073,496078,496079,1,5
496073,496077,496079,2,4
496073,496073,496080,7,0
496073,496073,496080,7,0
496073,496077,496079,2,4
496073,496073,496080,7,0
496073,496078,496079,1,5
496073,496078,496079,1,5
496073,496078,496079,1,5
496073,496078,496079,1,5
496073,496078,496079,1,5
496073,496078,496080,2,5
496073,496078,496079,1,5
496073,496073,496080,7,0
496073,496078,496079,1,5
496073,496078,496079,1,5
496073,496078,496080,2,5
496073,496073,496081,8,0
496073,496078,496081,3,5
496073,496073,496081,8,0
496073,496078,496080,2,5
496073,496078,496080,2,5
496073,496073,496082,9,0
496073,496073,496082,9,0
496073,496073,496082,9,0
496073,496073,496081,8,0
496073,496079,496081,2,6
496073,496079,496082,3,6
496073,496073,496081,8,0
496073,496073,496083,10,0
496073,496073,496083,10,0
496073,496073,496083,10,0
496073,496073,496084,11,0
496073,496073,496085,12,0
496073,496073,496085,12,0
496073,496073,496088,15,0
496100,496100,496101,1,0
496100,496100,496101,1,0
496100,496100,496101,1,0
496100,496100,496101,1,0
496100,496100,496101,1,0
496100,496101,496102,1,1
496100,496102,496103,1,2
496100,496100,496103,3,0
496100,496102,496103,1,2
496100,496102,496103,1,2
496100,496102,496103,1,2
496100,496100,496103,3,0
496100,496103,496104,1,3
496100,496100,496105,5,0
496100,496100,496104,4,0
496100,496100,496104,4,0
496100,496100,496104,4,0
496100,496100,496104,4,0
496100,496100,496105,5,0
496100,496100,496105,5,0
496100,496100,496105,5,0
496100,496100,496104,4,0
496100,496100,496105,5,0
496100,496100,496104,4,0
496100,496100,496104,4,0
496100,496100,496105,5,0
496100,496100,496104,4,0
496100,496100,496106,6,0
496100,496100,496105,5,0
496100,496100,496105,5,0
496100,496104,496105,1,4
496100,496100,496106,6,0
496100,496100,496105,5,0
496100,496104,496105,1,4
496100,496104,496105,1,4
496100,496105,496106,1,5
496100,496100,496105,5,0
496100,496104,496105,1,4
496100,496105,496106,1,5
496100,496104,496106,2,4
496100,496104,496105,1,4
496100,496100,496106,6,0
496100,496105,496106,1,5
496100,496106,496107,1,6
496100,496106,496107,1,6
496100,496100,496107,7,0
496100,496100,496106,6,0
496100,496100,496106,6,0
496100,496100,496106,6,0
496100,496104,496106,2,4
496100,496105,496106,1,5
496100,496100,496106,6,0
496100,496106,496107,1,6
496100,496106,496107,1,6
496100,496105,496106,1,5
496100,496105,496106,1,5
496100,496100,496107,7,0
496100,496105,496107,2,5
496100,496105,496107,2,5
496100,496105,496107,2,5
496100,496106,496107,1,6
496100,496106,496107,1,6
496100,496105,496108,3,5
496100,496100,496108,8,0
496100,496100,496108,8,0
496100,496105,496108,3,5
496100,496105,496107,2,5
496100,496100,496108,8,0
496100,496105,496108,3,5
496100,496105,496108,3,5
496100,496106,496108,2,6
496100,496100,496108,8,0
496100,496106,496108,2,6
496100,496100,496108,8,0
496100,496100,496109,9,0
496100,496100,496109,9,0
496100,496100,496109,9,0
496100,496100,496109,9,0
496100,496100,496109,9,0
496121,496121,496122,1,0
496121,496121,496122,1,0
496121,496121,496122,1,0
496121,496121,496123,2,0
496121,496121,496122,1,0
496121,496121,496124,3,0
496121,496121,496124,3,0
496121,496121,496124,3,0
496121,496123,496124,1,2
496121,496123,496124,1,2
496121,496121,496125,4,0
496121,496124,496125,1,3
496121,496124,496125,1,3
496121,496121,496125,4,0
496121,496125,496126,1,4
496121,496121,496126,5,0
496121,496121,496126,5,0
496121,496121,496126,5,0
496121,496121,496126,5,0
496121,496125,496126,1,4
496121,496121,496126,5,0
496121,496125,496126,1,4
496121,496121,496127,6,0
496121,496121,496127,6,0
496121,496125,496127,2,4
496121,496125,496128,3,4
496121,496121,496127,6,0
496121,496126,496127,1,5
496121,496126,496127,1,5
496121,496121,496127,6,0
496121,496127,496128,1,6
496121,496126,496127,1,5
496121,496127,496128,1,6
496121,496121,496127,6,0
496121,496121,496127,6,0
496121,496121,496127,6,0
496121,496121,496127,6,0
496121,496127,496128,1,6
496121,496127,496128,1,6
496121,496121,496128,7,0
496121,496126,496128,2,5
496121,496125,496128,3,4
496121,496127,496128,1,6
496121,496127,496128,1,6
496121,496121,496128,7,0
496121,496128,496129,1,7
496121,496128,496129,1,7
496121,496121,496128,7,0
496121,496128,496129,1,7
496121,496128,496129,1,7
496121,496121,496129,8,0
496121,496121,496129,8,0
496121,496121,496129,8,0
496121,496127,496129,2,6
496121,496121,496129,8,0
496121,496128,496129,1,7
496121,496121,496130,9,0
496121,496128,496129,1,7
496121,496128,496129,1,7
496121,496128,496129,1,7
496121,496121,496130,9,0
496121,496128,496130,2,7
496121,496121,496130,9,0
496121,496128,496130,2,7
496121,496121,496130,9,0
496121,496121,496130,9,0
496121,496127,496131,4,6
496121,496121,496131,10,0
496121,496121,496131,10,0
496121,496128,496131,3,7
496121,496121,496131,10,0
496121,496121,496132,11,0
496121,496121,496132,11,0
496121,496121,496132,11,0
496121,496121,496132,11,0
496121,496121,496133,12,0
496121,496121,496134,13,0
496146,496146,496147,1,0
496146,496146,496147,1,0
496146,496146,496147,1,0
496146,496146,496147,1,0
496146,496146,496147,1,0
496146,496146,496149,3,0
496146,496148,496149,1,2
496146,496148,496149,1,2
496146,496148,496149,1,2
496146,496147,496148,1,1
496146,496146,496150,4,0
496146,496146,496150,4,0
496146,496146,496149,3,0
496146,496148,496149,1,2
496146,496146,496150,4,0
496146,496146,496149,3,0
496146,496146,496150,4,0
496146,496149,496150,1,3
496146,496146,496149,3,0
496146,496149,496150,1,3
496146,496146,496150,4,0
496146,496146,496150,4,0
496146,496146,496150,4,0
496146,496146,496150,4,0
496146,496149,496150,1,3
496146,496150,496151,1,4
496146,496149,496150,1,3
496146,496146,496152,6,0
496146,496146,496152,6,0
496146,496150,496151,1,4
496146,496146,496152,6,0
496146,496149,496151,2,3
496146,496146,496152,6,0
496146,496151,496152,1,5
496146,496146,496152,6,0
496146,496146,496152,6,0
496146,496146,496152,6,0
496146,496146,496152,6,0
496146,496150,496151,1,4
496146,496150,496151,1,4
496146,496151,496152,1,5
496146,496150,496153,3,4
496146,496150,496153,3,4
496146,496150,496152,2,4
496146,496150,496152,2,4
496146,496146,496152,6,0
496146,496152,496153,1,6
496146,496152,496153,1,6
496146,496146,496152,6,0
496146,496146,496152,6,0
496146,496146,496153,7,0
496146,496146,496153,7,0
496146,496152,496153,1,6
496146,496151,496152,1,5
496146,496152,496153,1,6
496146,496146,496152,6,0
496146,496152,496153,1,6
496146,496151,496154,3,5
496146,496151,496153,2,5
496146,496150,496153,3,4
496146,496151,496154,3,5
496146,496150,496153,3,4
496146,496146,496153,7,0
496146,496151,496154,3,5
496146,496146,496153,7,0
496146,496152,496154,2,6
496146,496152,496153,1,6
496146,496146,496154,8,0
496146,496146,496154,8,0
496146,496146,496154,8,0
496146,496152,496154,2,6
496146,496146,496155,9,0
496146,496146,496155,9,0
496146,496146,496155,9,0
496146,496146,496156,10,0
496146,496146,496156,10,0
496146,496146,496156,10,0
496146,496146,496156,10,0
496146,496146,496157,11,0
496168,496168,496169,1,0
496168,496168,496169,1,0
496168,496168,496170,2,0
496168,496168,496170,2,0
496168,496168,496169,1,0
496168,496168,496171,3,0
496168,496168,496171,3,0
496168,496168,496171,3,0
496168,496170,496171,1,2
496168,496170,496171,1,2
496168,496168,496172,4,0
496168,496168,496172,4,0
496168,496168,496172,4,0
496168,496171,496172,1,3
496168,496168,496173,5,0
496168,496168,496172,4,0
496168,496168,496173,5,0
496168,496168,496172,4,0
496168,496168,496173,5,0
496168,496168,496173,5,0
496168,496168,496173,5,0
496168,496172,496173,1,4
496168,496168,496173,5,0
496168,496172,496173,1,4
496168,496172,496173,1,4
496168,496172,496174,2,4
496168,496173,496174,1,5
496168,496168,496174,6,0
496168,496168,496174,6,0
496168,496168,496174,6,0
496168,496168,496175,7,0
496168,496168,496174,6,0
496168,496174,496175,1,6
496168,496174,496175,1,6
496168,496168,496174,6,0
496168,496174,496175,1,6
496168,496172,496174,2,4
496168,496168,496175,7,0
496168,496173,496174,1,5
496168,496174,496175,1,6
496168,496168,496175,7,0
496168,496168,496175,7,0
496168,496168,496175,7,0
496168,496168,496175,7,0
496168,496168,496175,7,0
496168,496173,496175,2,5
496168,496173,496175,2,5
496168,496173,496175,2,5
496168,496174,496175,1,6
496168,496175,496176,1,7
496168,496168,496176,8,0
496168,496173,496175,2,5
496168,496174,496176,2,6
496168,496174,496176,2,6
496168,496168,496176,8,0
496168,496175,496176,1,7
496168,496168,496176,8,0
496168,496168,496176,8,0
496168,496174,496176,2,6
496168,496174,496177,3,6
496168,496168,496177,9,0
496168,496168,496176,8,0
496168,496168,496176,8,0
496168,496168,496176,8,0
496168,496168,496176,8,0
496168,496175,496176,1,7
496168,496174,496177,3,6
496168,496175,496177,2,7
496168,496175,496177,2,7
496168,496168,496178,10,0
496168,496168,496178,10,0
496168,496168,496179,11,0
496168,496168,496179,11,0
496168,496173,496182,9,5
496168,496174,496183,9,6
496194,496194,496195,1,0
496194,496194,496195,1,0
496194,496194,496195,1,0
496194,496194,496195,1,0
496194,496194,496195,1,0
496194,496194,496196,2,0
496194,496195,496196,1,1
496194,496194,496197,3,0
496194,496194,496196,2,0
496194,496194,496196,2,0
496194,496195,496196,1,1
496194,496196,496197,1,2
496194,496196,496197,1,2
496194,496196,496197,1,2
496194,496197,496198,1,3
496194,496197,496198,1,3
496194,496197,496198,1,3
496194,496194,496198,4,0
496194,496198,496199,1,4
496194,496194,496198,4,0
496194,496198,496199,1,4
496194,496198,496199,1,4
496194,496198,496199,1,4
496194,496197,496198,1,3
496194,496194,496199,5,0
496194,496194,496199,5,0
496194,496194,496199,5,0
496194,496194,496200,6,0
496194,496194,496199,5,0
496194,496197,496199,2,3
496194,496194,496200,6,0
496194,496197,496199,2,3
496194,496194,496199,5,0
496194,496197,496200,3,3
496194,496194,496200,6,0
496194,496194,496199,5,0
496194,496194,496200,6,0
496194,496194,496200,6,0
496194,496198,496199,1,4
496194,496194,496201,7,0
496194,496199,496201,2,5
496194,496194,496201,7,0
496194,496194,496200,6,0
496194,496199,496200,1,5
496194,496200,496201,1,6
496194,496194,496200,6,0
496194,496194,496200,6,0
496194,496199,496200,1,5
496194,496194,496200,6,0
496194,496194,496201,7,0
496194,496194,496200,6,0
496194,496199,496200,1,5
496194,496200,496201,1,6
496194,496194,496201,7,0
496194,496199,496200,1,5
496194,496194,496200,6,0
496194,496199,496200,1,5
496194,496194,496201,7,0
496194,496194,496201,7,0
496194,496194,496201,7,0
496194,496194,496202,8,0
496194,496199,496202,3,5
496194,496200,496202,2,6
496194,496200,496202,2,6
496194,496200,496202,2,6
496194,496200,496203,3,6
496194,496200,496203,3,6
496194,496200,496203,3,6
496194,496200,496202,2,6
496194,496194,496202,8,0
496194,496194,496203,9,0
496194,496194,496204,10,0
496194,496200,496203,3,6
496194,496200,496203,3,6
496194,496194,496207,13,0
496194,496194,496213,19,0
496194,496194,496212,18,0
496194,496194,496214,20,0
496194,496194,496215,21,0
496226,496226,496227,1,0
496226,496226,496227,1,0
496226,496226,496227,1,0
496226,496226,496227,1,0
496226,496226,496227,1,0
496226,496227,496228,1,1
496226,496228,496229,1,2
496226,496226,496229,3,0
496226,496228,496229,1,2
496226,496228,496229,1,2
496226,496226,496229,3,0
496226,496226,496229,3,0
496226,496226,496229,3,0
496226,496226,496229,3,0
496226,496226,496230,4,0
496226,496226,496229,3,0
496226,496228,496229,1,2
496226,496226,496229,3,0
496226,496226,496229,3,0
496226,496229,496230,1,3
496226,496228,496229,1,2
496226,496226,496229,3,0
496226,496226,496230,4,0
496226,496226,496230,4,0
496226,496226,496230,4,0
496226,496226,496230,4,0
496226,496226,496230,4,0
496226,496226,496230,4,0
496226,496226,496230,4,0
496226,496226,496231,5,0
496226,496226,496231,5,0
496226,496230,496231,1,4
496226,496229,496230,1,3
496226,496226,496231,5,0
496226,496226,496231,5,0
496226,496226,496231,5,0
496226,496226,496231,5,0
496226,496230,496231,1,4
496226,496230,496231,1,4
496226,496230,496231,1,4
496226,496226,496231,5,0
496226,496226,496232,6,0
496226,496230,496232,2,4
496226,496226,496232,6,0
496226,496226,496231,5,0
496226,496230,496232,2,4
496226,496230,496231,1,4
496226,496226,496231,5,0
496226,496230,496231,1,4
496226,496226,496232,6,0
496226,496231,496232,1,5
496226,496231,496232,1,5
496226,496230,496232,2,4
496226,496230,496232,2,4
496226,496231,496232,1,5
496226,496231,496232,1,5
496226,496231,496233,2,5
496226,496226,496233,7,0
496226,496226,496233,7,0
496226,496230,496232,2,4
496226,496230,496232,2,4
496226,496231,496233,2,5
496226,496226,496232,6,0
496226,496232,496233,1,6
496226,496226,496232,6,0
496226,496231,496232,1,5
496226,496231,496234,3,5
496226,496231,496234,3,5
496226,496226,496233,7,0
496226,496226,496233,7,0
496226,496232,496234,2,6
496226,496226,496235,9,0
496226,496231,496234,3,5
496226,496231,496234,3,5
496226,496226,496235,9,0
496226,496226,496236,10,0
496226,496229,496235,6,3
496226,496226,496237,11,0
496226,496230,496242,12,4
496254,496254,496255,1,0
496254,496254,496255,1,0
496254,496254,496255,1,0
496254,496254,496255,1,0
496254,496254,496255,1,0
496254,496254,496256,2,0
496254,496254,496257,3,0
496254,496254,496257,3,0
496254,496254,496257,3,0
496254,496254,496257,3,0
496254,496254,496257,3,0
496254,496256,496257,1,2
496254,496256,496258,2,2
496254,496254,496257,3,0
496254,496256,496257,1,2
496254,496254,496257,3,0
496254,496254,496259,5,0
496254,496256,496258,2,2
496254,496254,496258,4,0
496254,496254,496258,4,0
496254,496256,496258,2,2
496254,496254,496259,5,0
496254,496258,496259,1,4
496254,496258,496259,1,4
496254,496257,496258,1,3
496254,496254,496259,5,0
496254,496254,496259,5,0
496254,496254,496259,5,0
496254,496257,496259,2,3
496254,496254,496260,6,0
496254,496254,496259,5,0
496254,496257,496260,3,3
496254,496254,496259,5,0
496254,496254,496260,6,0
496254,496254,496259,5,0
496254,496254,496260,6,0
496254,496254,496259,5,0
496254,496254,496260,6,0
496254,496254,496260,6,0
496254,496258,496259,1,4
496254,496254,496260,6,0
496254,496259,496260,1,5
496254,496259,496260,1,5
496254,496257,496260,3,3
496254,496259,496261,2,5
496254,496254,496261,7,0
496254,496259,496260,1,5
496254,496257,496260,3,3
496254,496258,496261,3,4
496254,496259,496261,2,5
496254,496259,496260,1,5
496254,496257,496260,3,3
496254,496258,496261,3,4
496254,496254,496261,7,0
496254,496259,496260,1,5
496254,496254,496260,6,0
496254,496259,496260,1,5
496254,496259,496260,1,5
496254,496260,496261,1,6
496254,496254,496261,7,0
496254,496254,496261,7,0
496254,496260,496262,2,6
496254,496260,496262,2,6
496254,496254,496261,7,0
496254,496260,496261,1,6
496254,496254,496262,8,0
496254,496254,496262,8,0
496254,496254,496262,8,0
496254,496260,496262,2,6
496254,496260,496262,2,6
496254,496260,496263,3,6
496254,496260,496262,2,6
496254,496260,496263,3,6
496254,496254,496263,9,0
496254,496254,496264,10,0
496254,496254,496265,11,0
496254,496260,496264,4,6
496254,496254,496266,12,0
496254,496254,496265,11,0
496277,496277,496278,1,0
496277,496277,496278,1,0
496277,496277,496278,1,0
496277,496277,496278,1,0
496277,496277,496278,1,0
496277,496277,496280,3,0
496277,496277,496280,3,0
496277,496277,496280,3,0
496277,496277,496281,4,0
496277,496277,496281,4,0
496277,496277,496281,4,0
496277,496277,496281,4,0
496277,496279,496281,2,2
496277,496277,496282,5,0
496277,496277,496282,5,0
496277,496279,496281,2,2
496277,496279,496281,2,2
496277,496279,496282,3,2
496277,496279,496281,2,2
496277,496280,496281,1,3
496277,496277,496283,6,0
496277,496277,496283,6,0
496277,496280,496282,2,3
496277,496277,496283,6,0
496277,496277,496283,6,0
496277,496277,496283,6,0
496277,496277,496283,6,0
496277,496277,496283,6,0
496277,496277,496283,6,0
496277,496277,496283,6,0
496277,496277,496284,7,0
496277,496277,496284,7,0
496277,496277,496284,7,0
496277,496277,496284,7,0
496277,496277,496283,6,0
496277,496282,496284,2,5
496277,496277,496284,7,0
496277,496282,496284,2,5
496277,496277,496283,6,0
496277,496277,496283,6,0
496277,496277,496284,7,0
496277,496277,496283,6,0
496277,496281,496283,2,4
496277,496277,496284,7,0
496277,496277,496284,7,0
496277,496282,496284,2,5
496277,496282,496283,1,5
496277,496282,496284,2,5
496277,496281,496283,2,4
496277,496281,496285,4,4
496277,496281,496285,4,4
496277,496283,496285,2,6
496277,496280,496285,5,3
496277,496282,496285,3,5
496277,496282,496285,3,5
496277,496277,496285,8,0
496277,496283,496285,2,6
496277,496284,496285,1,7
496277,496283,496285,2,6
496277,496283,496285,2,6
496277,496284,496285,1,7
496277,496284,496285,1,7
496277,496284,496285,1,7
496277,496281,496284,3,4
496277,496277,496286,9,0
496277,496283,496286,3,6
496277,496283,496285,2,6
496277,496284,496286,2,7
496277,496277,496286,9,0
496277,496284,496286,2,7
496277,496284,496285,1,7
496277,496283,496286,3,6
496277,496283,496285,2,6
496277,496277,496286,9,0
496277,496277,496287,10,0
496277,496277,496287,10,0
496277,496277,496287,10,0
496277,496277,496289,12,0
496277,496277,496292,15,0
496303,496303,496304,1,0
496303,496303,496304,1,0
496303,496303,496305,2,0
496303,496303,496305,2,0
496303,496303,496305,2,0
496303,496303,496307,4,0
496303,496305,496307,2,2
496303,496303,496307,4,0
496303,496304,496307,3,1
496303,496304,496307,3,1
496303,496303,496307,4,0
496303,496303,496308,5,0
496303,496303,496307,4,0
496303,496305,496308,3,2
496303,496303,496308,5,0
496303,496305,496308,3,2
496303,496303,496308,5,0
496303,496303,496309,6,0
496303,496303,496309,6,0
496303,496303,496309,6,0
496303,496303,496309,6,0
496303,496303,496309,6,0
496303,496303,496309,6,0
496303,496308,496309,1,5
496303,496308,496309,1,5
496303,496308,496309,1,5
496303,496308,496309,1,5
496303,496308,496309,1,5
496303,496303,496310,7,0
496303,496303,496310,7,0
496303,496303,496310,7,0
496303,496303,496310,7,0
496303,496303,496310,7,0
496303,496303,496310,7,0
496303,496309,496310,1,6
496303,496309,496310,1,6
496303,496303,496310,7,0
496303,496303,496310,7,0
496303,496310,496311,1,7
496303,496303,496311,8,0
496303,496303,496311,8,0
496303,496309,496311,2,6
496303,496308,496311,3,5
496303,496303,496311,8,0
496303,496303,496312,9,0
496303,496303,496311,8,0
496303,496303,496311,8,0
496303,496303,496311,8,0
496303,496309,496311,2,6
496303,496309,496311,2,6
496303,496308,496311,3,5
496303,496303,496311,8,0
496303,496303,496311,8,0
496303,496310,496311,1,7
496303,496310,496311,1,7
496303,496310,496311,1,7
496303,496303,496311,8,0
496303,496311,496312,1,8
496303,496311,496312,1,8
496303,496303,496311,8,0
496303,496303,496311,8,0
496303,496310,496311,1,7
496303,496303,496312,9,0
496303,496303,496312,9,0
496303,496303,496312,9,0
496303,496311,496312,1,8
496303,496310,496312,2,7
496303,496303,496312,9,0
496303,496311,496313,2,8
496303,496311,496313,2,8
496303,496310,496312,2,7
496303,496310,496312,2,7
496303,496303,496313,10,0
496303,496310,496313,3,7
496303,496311,496313,2,8
496303,496310,496314,4,7
496303,496303,496314,11,0
496303,496311,496314,3,8
496327,496327,496328,1,0
496327,496327,496328,1,0
496327,496327,496328,1,0
496327,496327,496328,1,0
496327,496327,496328,1,0
496327,496327,496329,2,0
496327,496327,496330,3,0
496327,496329,496331,2,2
496327,496327,496331,4,0
496327,496327,496331,4,0
496327,496327,496331,4,0
496327,496329,496331,2,2
496327,496329,496331,2,2
496327,496329,496331,2,2
496327,496329,496331,2,2
496327,496330,496331,1,3
496327,496327,496332,5,0
496327,496327,496332,5,0
496327,496327,496333,6,0
496327,496327,496332,5,0
496327,496327,496332,5,0
496327,496331,496332,1,4
496327,496327,496332,5,0
496327,496327,496332,5,0
496327,496327,496333,6,0
496327,496332,496333,1,5
496327,496327,496333,6,0
496327,496332,496333,1,5
496327,496332,496333,1,5
496327,496327,496333,6,0
496327,496332,496333,1,5
496327,496327,496333,6,0
496327,496332,496333,1,5
496327,496327,496334,7,0
496327,496327,496335,8,0
496327,496327,496335,8,0
496327,496327,496334,7,0
496327,496333,496334,1,6
496327,496334,496335,1,7
496327,496327,496335,8,0
496327,496333,496334,1,6
496327,496333,496334,1,6
496327,496334,496335,1,7
496327,496327,496334,7,0
496327,496333,496334,1,6
496327,496327,496334,7,0
496327,496334,496335,1,7
496327,496327,496334,7,0
496327,496333,496334,1,6
496327,496334,496335,1,7
496327,496334,496335,1,7
496327,496327,496335,8,0
496327,496327,496335,8,0
496327,496327,496336,9,0
496327,496327,496335,8,0
496327,496327,496336,9,0
496327,496327,496335,8,0
496327,496327,496335,8,0
496327,496333,496335,2,6
496327,496333,496336,3,6
496327,496332,496335,3,5
496327,496333,496336,3,6
496327,496327,496335,8,0
496327,496334,496335,1,7
496327,496334,496335,1,7
496327,496334,496335,1,7
496327,496334,496335,1,7
496327,496327,496336,9,0
496327,496332,496336,4,5
496327,496332,496336,4,5
496327,496327,496337,10,0
496327,496327,496337,10,0
496327,496331,496338,7,4
496327,496335,496337,2,8
496327,496335,496337,2,8
496327,496327,496337,10,0
496327,496327,496338,11,0
496327,496327,496339,12,0
496327,496327,496340,13,0
496352,496352,496353,1,0
496352,496352,496353,1,0
496352,496352,496353,1,0
496352,496352,496353,1,0
496352,496352,496353,1,0
496352,496352,496355,3,0
496352,496354,496355,1,2
496352,496354,496356,2,2
496352,496352,496356,4,0
496352,496353,496356,3,1
496352,496354,496355,1,2
496352,496353,496356,3,1
496352,496352,496356,4,0
496352,496352,496357,5,0
496352,496352,496357,5,0
496352,496355,496357,2,3
496352,496355,496357,2,3
496352,496352,496358,6,0
496352,496352,496357,5,0
496352,496352,496358,6,0
496352,496352,496358,6,0
496352,496352,496357,5,0
496352,496352,496358,6,0
496352,496356,496358,2,4
496352,496356,496358,2,4
496352,496356,496358,2,4
496352,496352,496358,6,0
496352,496356,496358,2,4
496352,496352,496358,6,0
496352,496352,496359,7,0
496352,496352,496359,7,0
496352,496352,496359,7,0
496352,496352,496359,7,0
496352,496352,496359,7,0
496352,496356,496359,3,4
496352,496352,496359,7,0
496352,496356,496359,3,4
496352,496358,496359,1,6
496352,496358,496359,1,6
496352,496352,496359,7,0
496352,496352,496359,7,0
496352,496357,496359,2,5
496352,496358,496359,1,6
496352,496358,496359,1,6
496352,496359,496360,1,7
496352,496352,496359,7,0
496352,496352,496360,8,0
496352,496357,496360,3,5
496352,496352,496360,8,0
496352,496352,496360,8,0
496352,496352,496360,8,0
496352,496359,496360,1,7
496352,496358,496360,2,6
496352,496359,496360,1,7
496352,496352,496361,9,0
496352,496352,496361,9,0
496352,496352,496361,9,0
496352,496352,496361,9,0
496352,496359,496361,2,7
496352,496358,496361,3,6
496352,496358,496361,3,6
496352,496359,496361,2,7
496352,496352,496361,9,0
496352,496359,496361,2,7
496352,496360,496361,1,8
496352,496352,496362,10,0
496352,496358,496362,4,6
496352,496359,496362,3,7
496352,496352,496362,10,0
496352,496358,496362,4,6
496352,496359,496362,3,7
496352,496352,496363,11,0
496352,496352,496363,11,0
496352,496352,496363,11,0
496352,496352,496363,11,0
496352,496352,496364,12,0
496352,496352,496365,13,0
496377,496377,496378,1,0
496377,496377,496378,1,0
496377,496377,496378,1,0
496377,496377,496378,1,0
496377,496378,496379,1,1
496377,496378,496379,1,1
496377,496377,496380,3,0
496377,496379,496381,2,2
496377,496379,496381,2,2
496377,496380,496381,1,3
496377,496380,496381,1,3
496377,496377,496382,5,0
496377,496377,496382,5,0
496377,496381,496382,1,4
496377,496377,496383,6,0
496377,496377,496383,6,0
496377,496377,496384,7,0
496377,496382,496383,1,5
496377,496377,496384,7,0
496377,496377,496384,7,0
496377,496377,496384,7,0
496377,496377,496384,7,0
496377,496382,496384,2,5
496377,496382,496384,2,5
496377,496377,496384,7,0
496377,496382,496384,2,5
496377,496377,496384,7,0
496377,496382,496384,2,5
496377,496383,496384,1,6
496377,496377,496385,8,0
496377,496377,496385,8,0
496377,496377,496385,8,0
496377,496377,496385,8,0
496377,496377,496385,8,0
496377,496377,496385,8,0
496377,496382,496385,3,5
496377,496377,496385,8,0
496377,496384,496385,1,7
496377,496377,496385,8,0
496377,496377,496385,8,0
496377,496377,496385,8,0
496377,496384,496385,1,7
496377,496385,496386,1,8
496377,496385,496386,1,8
496377,496384,496386,2,7
496377,496384,496385,1,7
496377,496377,496386,9,0
496377,496377,496386,9,0
496377,496377,496387,10,0
496377,496385,496386,1,8
496377,496385,496387,2,8
496377,496385,496386,1,8
496377,496385,496386,1,8
496377,496385,496386,1,8
496377,496385,496386,1,8
496377,496377,496386,9,0
496377,496385,496386,1,8
496377,496377,496387,10,0
496377,496377,496387,10,0
496377,496377,496387,10,0
496377,496377,496387,10,0
496377,496377,496387,10,0
496377,496377,496388,11,0
496377,496385,496388,3,8
496377,496377,496388,11,0
496377,496384,496388,4,7
496377,496385,496388,3,8
496377,496386,496388,2,9
496377,496384,496388,4,7
496377,496386,496388,2,9
496377,496377,496388,11,0
496377,496386,496389,3,9
496377,496377,496389,12,0
496377,496386,496389,3,9
496377,496377,496390,13,0
496377,496377,496390,13,0
496377,496377,496392,15,0
496377,496377,496392,15,0
496377,496377,496392,15,0
496404,496404,496405,1,0
496404,496404,496405,1,0
496404,496404,496405,1,0
496404,496404,496405,1,0
496404,496404,496405,1,0
496404,496404,496405,1,0
496404,496405,496406,1,1
496404,496404,496408,4,0
496404,496406,496407,1,2
496404,496406,496407,1,2
496404,496406,496407,1,2
496404,496404,496408,4,0
496404,496406,496407,1,2
496404,496404,496408,4,0
496404,496404,496408,4,0
496404,496404,496409,5,0
496404,496406,496408,2,2
496404,496404,496410,6,0
496404,496404,496410,6,0
496404,496404,496409,5,0
496404,496404,496409,5,0
496404,496407,496409,2,3
496404,496404,496410,6,0
496404,496408,496409,1,4
496404,496409,496410,1,5
496404,496408,496410,2,4
496404,496408,496409,1,4
496404,496404,496410,6,0
496404,496404,496410,6,0
496404,496404,496411,7,0
496404,496408,496410,2,4
496404,496408,496411,3,4
496404,496408,496410,2,4
496404,496404,496411,7,0
496404,496404,496410,6,0
496404,496409,496410,1,5
496404,496409,496410,1,5
496404,496410,496411,1,6
496404,496404,496411,7,0
496404,496404,496412,8,0
496404,496404,496411,7,0
496404,496404,496412,8,0
496404,496404,496411,7,0
496404,496409,496411,2,5
496404,496404,496411,7,0
496404,496411,496412,1,7
496404,496404,496411,7,0
496404,496410,496412,2,6
496404,496410,496412,2,6
496404,496411,496412,1,7
496404,496404,496411,7,0
496404,496404,496411,7,0
496404,496410,496412,2,6
496404,496411,496412,1,7
496404,496410,496412,2,6
496404,496410,496412,2,6
496404,496410,496412,2,6
496404,496410,496411,1,6
496404,496411,496412,1,7
496404,496404,496413,9,0
496404,496404,496412,8,0
496404,496404,496412,8,0
496404,496404,496413,9,0
496404,496404,496413,9,0
496404,496404,496412,8,0
496404,496404,496413,9,0
496404,496411,496413,2,7
496404,496404,496412,8,0
496404,496411,496412,1,7
496404,496411,496412,1,7
496404,496404,496413,9,0
496404,496404,496413,9,0
496404,496410,496413,3,6
496404,496410,496414,4,6
496404,496411,496413,2,7
496404,496404,496413,9,0
496404,496404,496414,10,0
496404,496404,496414,10,0
496404,496404,496415,11,0
496428,496428,496430,2,0
496428,496428,496429,1,0
496428,496428,496429,1,0
496428,496428,496429,1,0
496428,496428,496430,2,0
496428,496428,496429,1,0
496428,496428,496431,3,0
496428,496428,496431,3,0
496428,496428,496432,4,0
496428,496428,496432,4,0
496428,496428,496432,4,0
496428,496430,496432,2,2
496428,496428,496432,4,0
496428,496430,496431,1,2
496428,496430,496432,2,2
496428,496430,496431,1,2
496428,496430,496432,2,2
496428,496428,496433,5,0
496428,496430,496433,3,2
496428,496432,496433,1,4
496428,496428,496433,5,0
496428,496428,496434,6,0
496428,496428,496434,6,0
496428,496428,496434,6,0
496428,496432,496434,2,4
496428,496432,496433,1,4
496428,496432,496433,1,4
496428,496432,496434,2,4
496428,496432,496434,2,4
496428,496428,496434,6,0
496428,496431,496433,2,3
496428,496432,496434,2,4
496428,496431,496434,3,3
496428,496432,496434,2,4
496428,496428,496433,5,0
496428,496428,496435,7,0
496428,496428,496435,7,0
496428,496428,496434,6,0
496428,496434,496435,1,6
496428,496434,496435,1,6
496428,496434,496435,1,6
496428,496434,496435,1,6
496428,496434,496435,1,6
496428,496434,496435,1,6
496428,496428,496435,7,0
496428,496434,496435,1,6
496428,496428,496435,7,0
496428,496428,496436,8,0
496428,496428,496436,8,0
496428,496428,496436,8,0
496428,496434,496436,2,6
496428,496428,496436,8,0
496428,496434,496436,2,6
496428,496434,496436,2,6
496428,496434,496436,2,6
496428,496434,496436,2,6
496428,496433,496436,3,5
496428,496433,496436,3,5
496428,496428,496437,9,0
496428,496428,496437,9,0
496428,496433,496437,4,5
496428,496428,496436,8,0
496428,496432,496437,5,4
496428,496428,496437,9,0
496428,496428,496437,9,0
496428,496428,496437,9,0
496428,496428,496438,10,0
496428,496428,496437,9,0
496428,496428,496438,10,0
496428,496428,496437,9,0
496428,496434,496437,3,6
496428,496428,496438,10,0
496428,496428,496438,10,0
496428,496428,496438,10,0
496428,496428,496438,10,0
496428,496428,496438,10,0
496428,496428,496439,11,0
496428,496434,496439,5,6
496428,496434,496440,6,6
496453,496453,496454,1,0
496453,496453,496454,1,0
496453,496453,496454,1,0
496453,496453,496454,1,0
496453,496453,496454,1,0
496453,496454,496456,2,1
496453,496453,496455,2,0
496453,496454,496456,2,1
496453,496453,496456,3,0
496453,496453,496457,4,0
496453,496453,496457,4,0
496453,496453,496457,4,0
496453,496455,496456,1,2
496453,496454,496456,2,1
496453,496455,496457,2,2
496453,496453,496458,5,0
496453,496453,496458,5,0
496453,496453,496458,5,0
496453,496453,496458,5,0
496453,496457,496458,1,4
496453,496453,496458,5,0
496453,496456,496458,2,3
496453,496456,496458,2,3
496453,496453,496459,6,0
496453,496457,496459,2,4
496453,496457,496459,2,4
496453,496453,496459,6,0
496453,496456,496459,3,3
496453,496456,496459,3,3
496453,496453,496459,6,0
496453,496453,496460,7,0
496453,496453,496460,7,0
496453,496453,496460,7,0
496453,496453,496459,6,0
496453,496453,496460,7,0
496453,496453,496460,7,0
496453,496458,496460,2,5
496453,496453,496460,7,0
496453,496453,496460,7,0
496453,496453,496460,7,0
496453,496458,496460,2,5
496453,496453,496460,7,0
496453,496458,496460,2,5
496453,496460,496461,1,7
496453,496453,496460,7,0
496453,496453,496460,7,0
496453,496459,496460,1,6
496453,496453,496461,8,0
496453,496453,496460,7,0
496453,496453,496461,8,0
496453,496453,496461,8,0
496453,496453,496461,8,0
496453,496458,496461,3,5
496453,496457,496460,3,4
496453,496459,496461,2,6
496453,496460,496461,1,7
496453,496460,496461,1,7
496453,496460,496461,1,7
496453,496459,496461,2,6
496453,496453,496461,8,0
496453,496460,496462,2,7
496453,496453,496462,9,0
496453,496453,496462,9,0
496453,496453,496462,9,0
496453,496453,496462,9,0
496453,496457,496462,5,4
496453,496453,496462,9,0
496453,496453,496462,9,0
496453,496453,496462,9,0
496453,496458,496462,4,5
496453,496453,496463,10,0
496453,496460,496462,2,7
496453,496458,496463,5,5
496453,496460,496463,3,7
496453,496460,496463,3,7
496453,496460,496463,3,7
496476,496476,496477,1,0
496476,496476,496478,2,0
496476,496476,496478,2,0
496476,496476,496478,2,0
496476,496476,496478,2,0
496476,496476,496479,3,0
496476,496477,496479,2,1
496476,496476,496480,4,0
496476,496478,496479,1,2
496476,496479,496480,1,3
496476,496479,496480,1,3
496476,496477,496480,3,1
496476,496479,496480,1,3
496476,496477,496480,3,1
496476,496479,496480,1,3
496476,496476,496480,4,0
496476,496477,496481,4,1
496476,496476,496481,5,0
496476,496476,496481,5,0
496476,496480,496481,1,4
496476,496480,496481,1,4
496476,496476,496482,6,0
496476,496477,496483,6,1
496476,496476,496482,6,0
496476,496476,496482,6,0
496476,496477,496482,5,1
496476,496480,496482,2,4
496476,496476,496482,6,0
496476,496480,496482,2,4
496476,496476,496482,6,0
496476,496481,496482,1,5
496476,496476,496483,7,0
496476,496481,496482,1,5
496476,496481,496482,1,5
496476,496476,496482,6,0
496476,496476,496482,6,0
496476,496480,496482,2,4
496476,496476,496482,6,0
496476,496481,496482,1,5
496476,496476,496484,8,0
496476,496476,496483,7,0
496476,496476,496483,7,0
496476,496476,496483,7,0
496476,496476,496483,7,0
496476,496476,496483,7,0
496476,496476,496483,7,0
496476,496482,496483,1,6
496476,496476,496483,7,0
496476,496476,496484,8,0
496476,496476,496483,7,0
496476,496483,496484,1,7
496476,496481,496483,2,5
496476,496476,496483,7,0
496476,496476,496483,7,0
496476,496483,496484,1,7
496476,496476,496484,8,0
496476,496482,496483,1,6
496476,496483,496484,1,7
496476,496483,496484,1,7
496476,496476,496483,7,0
496476,496481,496483,2,5
496476,496476,496483,7,0
496476,496482,496483,1,6
496476,496482,496484,2,6
496476,496483,496485,2,7
496476,496483,496485,2,7
496476,496476,496484,8,0
496476,496477,496484,7,1
496476,496476,496484,8,0
496476,496482,496485,3,6
496476,496483,496484,1,7
496476,496483,496484,1,7
496476,496483,496486,3,7
496476,496483,496485,2,7
496476,496483,496485,2,7
496476,496483,496485,2,7
496476,496483,496485,2,7
496476,496483,496485,2,7
496476,496476,496487,11,0
496499,496499,496500,1,0
496499,496499,496501,2,0
496499,496499,496500,1,0
496499,496499,496500,1,0
496499,496499,496500,1,0
496499,496499,496501,2,0
496499,496500,496501,1,1
496499,496499,496503,4,0
496499,496501,496503,2,2
496499,496501,496503,2,2
496499,496501,496503,2,2
496499,496501,496502,1,2
496499,496501,496503,2,2
496499,496499,496504,5,0
496499,496499,496504,5,0
496499,496499,496503,4,0
496499,496499,496504,5,0
496499,496499,496504,5,0
496499,496499,496504,5,0
496499,496499,496504,5,0
496499,496502,496504,2,3
496499,496499,496505,6,0
496499,496499,496505,6,0
496499,496499,496504,5,0
496499,496499,496504,5,0
496499,496499,496504,5,0
496499,496499,496505,6,0
496499,496503,496504,1,4
496499,496499,496505,6,0
496499,496503,496505,2,4
496499,496499,496504,5,0
496499,496503,496505,2,4
496499,496503,496505,2,4
496499,496499,496505,6,0
496499,496503,496504,1,4
496499,496504,496505,1,5
496499,496503,496504,1,4
496499,496504,496505,1,5
496499,496499,496506,7,0
496499,496504,496506,2,5
496499,496499,496506,7,0
496499,496504,496506,2,5
496499,496499,496506,7,0
496499,496499,496506,7,0
496499,496499,496506,7,0
496499,496499,496506,7,0
496499,496505,496506,1,6
496499,496499,496505,6,0
496499,496499,496506,7,0
496499,496499,496506,7,0
496499,496499,496506,7,0
496499,496505,496506,1,6
496499,496505,496506,1,6
496499,496505,496506,1,6
496499,496505,496506,1,6
496499,496505,496506,1,6
496499,496499,496505,6,0
496499,496499,496507,8,0
496499,496504,496506,2,5
496499,496499,496506,7,0
496499,496504,496507,3,5
496499,496505,496507,2,6
496499,496499,496507,8,0
496499,496499,496507,8,0
496499,496499,496507,8,0
496499,496505,496508,3,6
496499,496499,496507,8,0
496499,496504,496508,4,5
496499,496505,496508,3,6
496499,496504,496507,3,5
496499,496505,496508,3,6
496499,496505,496508,3,6
496499,496505,496508,3,6
496499,496505,496508,3,6
496499,496499,496508,9,0
496499,496499,496508,9,0
496499,496499,496509,10,0
496499,496505,496508,3,6
496499,496499,496510,11,0
496521,496521,496522,1,0
496521,496521,496522,1,0
496521,496521,496522,1,0
496521,496521,496522,1,0
496521,496521,496523,2,0
496521,496521,496523,2,0
496521,496522,496524,2,1
496521,496522,496524,2,1
496521,496521,496525,4,0
496521,496523,496525,2,2
496521,496523,496525,2,2
496521,496523,496525,2,2
496521,496521,496525,4,0
496521,496523,496525,2,2
496521,496521,496525,4,0
496521,496521,496526,5,0
496521,496521,496526,5,0
496521,496521,496526,5,0
496521,496521,496526,5,0
496521,496521,496526,5,0
496521,496521,496526,5,0
496521,496525,496526,1,4
496521,496524,496526,2,3
496521,496521,496527,6,0
496521,496521,496527,6,0
496521,496521,496527,6,0
496521,496521,496527,6,0
496521,496521,496527,6,0
496521,496521,496527,6,0
496521,496526,496527,1,5
496521,496521,496527,6,0
496521,496526,496527,1,5
496521,496526,496527,1,5
496521,496521,496527,6,0
496521,496526,496527,1,5
496521,496521,496527,6,0
496521,496527,496528,1,6
496521,496521,496528,7,0
496521,496521,496528,7,0
496521,496521,496528,7,0
496521,496521,496528,7,0
496521,496521,496528,7,0
496521,496528,496529,1,7
496521,496521,496528,7,0
496521,496527,496528,1,6
496521,496521,496528,7,0
496521,496527,496528,1,6
496521,496521,496529,8,0
496521,496526,496529,3,5
496521,496525,496529,4,4
496521,496528,496529,1,7
496521,496526,496529,3,5
496521,496521,496529,8,0
496521,496526,496529,3,5
496521,496527,496529,2,6
496521,496528,496529,1,7
496521,496528,496529,1,7
496521,496528,496529,1,7
496521,496528,496529,1,7
496521,496521,496529,8,0
496521,496521,496529,8,0
496521,496521,496530,9,0
496521,496521,496530,9,0
496521,496528,496530,2,7
496521,496528,496530,2,7
496521,496526,496530,4,5
496521,496528,496530,2,7
496521,496521,496530,9,0
496521,496521,496531,10,0
496521,496521,496532,11,0
496521,496521,496532,11,0
496521,496521,496533,12,0
496521,496521,496533,12,0
496521,496521,496533,12,0
496521,496528,496533,5,7
496544,496544,496546,2,0
496544,496544,496546,2,0
496544,496544,496546,2,0
496544,496544,496545,1,0
496544,496544,496546,2,0
496544,496544,496546,2,0
496544,496546,496547,1,2
496544,496547,496548,1,3
496544,496547,496548,1,3
496544,496547,496548,1,3
496544,496545,496549,4,1
496544,496545,496549,4,1
496544,496545,496549,4,1
496544,496544,496549,5,0
496544,496547,496549,2,3
496544,496547,496549,2,3
496544,496545,496549,4,1
496544,496544,496549,5,0
496544,496545,496550,5,1
496544,496548,496549,1,4
496544,496545,496549,4,1
496544,496545,496550,5,1
496544,496545,496550,5,1
496544,496544,496551,7,0
496544,496544,496550,6,0
496544,496544,496550,6,0
496544,496549,496550,1,5
496544,496544,496550,6,0
496544,496549,496550,1,5
496544,496550,496551,1,6
496544,496549,496550,1,5
496544,496544,496550,6,0
496544,496544,496551,7,0
496544,496544,496551,7,0
496544,496545,496551,6,1
496544,496551,496552,1,7
496544,496550,496551,1,6
496544,496550,496551,1,6
496544,496550,496551,1,6
496544,496551,496552,1,7
496544,496544,496551,7,0
496544,496551,496552,1,7
496544,496545,496552,7,1
496544,496550,496551,1,6
496544,496551,496552,1,7
496544,496550,496551,1,6
496544,496550,496551,1,6
496544,496550,496551,1,6
496544,496551,496552,1,7
496544,496545,496552,7,1
496544,496545,496552,7,1
496544,496550,496552,2,6
496544,496550,496552,2,6
496544,496550,496553,3,6
496544,496545,496552,7,1
496544,496545,496552,7,1
496544,496551,496552,1,7
496544,496544,496552,8,0
496544,496551,496552,1,7
496544,496551,496552,1,7
496544,496544,496552,8,0
496544,496551,496552,1,7
496544,496544,496552,8,0
496544,496544,496553,9,0
496544,496551,496553,2,7
496544,496544,496553,9,0
496544,496551,496553,2,7
496544,496552,496553,1,8
496544,496545,496554,9,1
496544,496545,496554,9,1
496544,496545,496555,10,1
496544,496552,496554,2,8
496544,496552,496554,2,8
496544,496544,496555,11,0
496544,496545,496555,10,1
496544,496544,496556,12,0
496544,496544,496557,13,0
496544,496545,496557,12,1
496544,496544,496558,14,0
496571,496571,496572,1,0
496571,496571,496572,1,0
496571,496571,496572,1,0
496571,496571,496572,1,0
496571,496571,496572,1,0
496571,496571,496573,2,0
496571,496573,496574,1,2
496571,496571,496574,3,0
496571,496571,496574,3,0
496571,496573,496575,2,2
496571,496572,496575,3,1
496571,496572,496574,2,1
496571,496572,496574,2,1
496571,496571,496575,4,0
496571,496571,496575,4,0
496571,496571,496576,5,0
496571,496573,496575,2,2
496571,496571,496576,5,0
496571,496571,496576,5,0
496571,496575,496576,1,4
496571,496575,496576,1,4
496571,496575,496576,1,4
496571,496576,496577,1,5
496571,496571,496577,6,0
496571,496571,496577,6,0
496571,496575,496576,1,4
496571,496575,496576,1,4
496571,496571,496577,6,0
496571,496571,496577,6,0
496571,496575,496578,3,4
496571,496571,496577,6,0
496571,496571,496577,6,0
496571,496571,496578,7,0
496571,496571,496577,6,0
496571,496577,496578,1,6
496571,496571,496577,6,0
496571,496571,496578,7,0
496571,496577,496578,1,6
496571,496577,496578,1,6
496571,496571,496577,6,0
496571,496571,496578,7,0
496571,496576,496577,1,5
496571,496576,496577,1,5
496571,496577,496578,1,6
496571,496571,496578,7,0
496571,496576,496578,2,5
496571,496571,496578,7,0
496571,496575,496578,3,4
496571,496571,496578,7,0
496571,496577,496578,1,6
496571,496577,496578,1,6
496571,496571,496579,8,0
496571,496578,496579,1,7
496571,496578,496579,1,7
496571,496578,496579,1,7
496571,496577,496578,1,6
496571,496577,496578,1,6
496571,496577,496578,1,6
496571,496571,496579,8,0
496571,496571,496579,8,0
496571,496571,496580,9,0
496571,496578,496580,2,7
496571,496571,496580,9,0
496571,496577,496580,3,6
496571,496578,496579,1,7
496571,496571,496580,9,0
496571,496578,496580,2,7
496571,496571,496580,9,0
496571,496571,496580,9,0
496571,496571,496580,9,0
496571,496578,496580,2,7
496571,496571,496580,9,0
496571,496578,496580,2,7
496571,496571,496581,10,0
496571,496571,496581,10,0
496571,496571,496583,12,0
496571,496571,496582,11,0
496571,496571,496583,12,0
496571,496571,496588,17,0
496600,496600,496601,1,0
496600,496600,496601,1,0
496600,496600,496601,1,0
496600,496600,496601,1,0
496600,496600,496601,1,0
496600,496600,496603,3,0
496600,496601,496603,2,1
496600,496600,496604,4,0
496600,496600,496604,4,0
496600,496602,496603,1,2
496600,496602,496604,2,2
496600,496602,496604,2,2
496600,496600,496604,4,0
496600,496600,496605,5,0
496600,496602,496604,2,2
496600,496603,496605,2,3
496600,496600,496605,5,0
496600,496603,496605,2,3
496600,496600,496605,5,0
496600,496600,496606,6,0
496600,496600,496605,5,0
496600,496604,496605,1,4
496600,496605,496606,1,5
496600,496600,496606,6,0
496600,496604,496605,1,4
496600,496604,496606,2,4
496600,496605,496606,1,5
496600,496600,496607,7,0
496600,496604,496607,3,4
496600,496600,496607,7,0
496600,496605,496607,2,5
496600,496605,496607,2,5
496600,496606,496607,1,6
496600,496600,496607,7,0
496600,496600,496607,7,0
496600,496600,496607,7,0
496600,496605,496606,1,5
496600,496606,496607,1,6
496600,496600,496607,7,0
496600,496600,496608,8,0
496600,496600,496607,7,0
496600,496604,496608,4,4
496600,496605,496607,2,5
496600,496600,496607,7,0
496600,496600,496608,8,0
496600,496600,496608,8,0
496600,496607,496608,1,7
496600,496607,496608,1,7
496600,496606,496608,2,6
496600,496600,496608,8,0
496600,496600,496608,8,0
496600,496606,496607,1,6
496600,496607,496608,1,7
496600,496600,496608,8,0
496600,496606,496607,1,6
496600,496607,496608,1,7
496600,496600,496607,7,0
496600,496606,496607,1,6
496600,496606,496607,1,6
496600,496607,496608,1,7
496600,496600,496608,8,0
496600,496600,496609,9,0
496600,496600,496609,9,0
496600,496600,496609,9,0
496600,496600,496608,8,0
496600,496606,496608,2,6
496600,496607,496609,2,7
496600,496607,496608,1,7
496600,496600,496609,9,0
496600,496600,496609,9,0
496600,496600,496609,9,0
496600,496606,496609,3,6
496600,496600,496610,10,0
496600,496607,496610,3,7
496600,496600,496611,11,0
496600,496600,496613,13,0
496600,496600,496613,13,0
496600,496600,496614,14,0
496600,496600,496615,15,0
496627,496627,496628,1,0
496627,496627,496628,1,0
496627,496627,496628,1,0
496627,496627,496629,2,0
496627,496627,496629,2,0
496627,496627,496629,2,0
496627,496628,496630,2,1
496627,496628,496630,2,1
496627,496627,496631,4,0
496627,496629,496631,2,2
496627,496629,496631,2,2
496627,496628,496630,2,1
496627,496629,496631,2,2
496627,496627,496632,5,0
496627,496627,496631,4,0
496627,496627,496631,4,0
496627,496627,496632,5,0
496627,496630,496632,2,3
496627,496630,496632,2,3
496627,496627,496633,6,0
496627,496627,496633,6,0
496627,496631,496633,2,4
496627,496627,496632,5,0
496627,496631,496633,2,4
496627,496627,496633,6,0
496627,496631,496633,2,4
496627,496627,496633,6,0
496627,496627,496633,6,0
496627,496632,496633,1,5
496627,496631,496633,2,4
496627,496627,496634,7,0
496627,496627,496634,7,0
496627,496627,496634,7,0
496627,496627,496633,6,0
496627,496627,496634,7,0
496627,496627,496634,7,0
496627,496627,496634,7,0
496627,496634,496635,1,7
496627,496627,496634,7,0
496627,496634,496635,1,7
496627,496634,496635,1,7
496627,496634,496635,1,7
496627,496627,496635,8,0
496627,496631,496634,3,4
496627,496632,496635,3,5
496627,496633,496635,2,6
496627,496634,496635,1,7
496627,496634,496635,1,7
496627,496635,496636,1,8
496627,496635,496636,1,8
496627,496627,496635,8,0
496627,496627,496635,8,0
496627,496634,496635,1,7
496627,496632,496636,4,5
496627,496633,496636,3,6
496627,496627,496637,10,0
496627,496627,496637,10,0
496627,496627,496637,10,0
496627,496627,496637,10,0
496627,496634,496636,2,7
496627,496627,496637,10,0
496627,496632,496637,5,5
496627,496632,496637,5,5
496627,496627,496637,10,0
496627,496627,496638,11,0
496627,496627,496639,12,0
496627,496627,496639,12,0
496627,496627,496639,12,0
496627,496627,496640,13,0
496627,496627,496641,14,0
496627,496627,496641,14,0
496627,496627,496642,15,0
496627,496627,496643,16,0
496627,496627,496645,18,0
496656,496657,496658,1,1
496656,496657,496658,1,1
496656,496657,496658,1,1
496656,496657,496658,1,1
496656,496657,496658,1,1
496656,496657,496658,1,1
496656,496658,496659,1,2
496656,496658,496659,1,2
496656,496657,496661,4,1
496656,496657,496660,3,1
496656,496657,496660,3,1
496656,496659,496660,1,3
496656,496659,496661,2,3
496656,496659,496660,1,3
496656,496657,496660,3,1
496656,496659,496660,1,3
496656,496660,496661,1,4
496656,496657,496661,4,1
496656,496660,496661,1,4
496656,496657,496662,5,1
496656,496657,496663,6,1
496656,496661,496662,1,5
496656,496661,496662,1,5
496656,496661,496663,2,5
496656,496662,496663,1,6
496656,496657,496663,6,1
496656,496661,496663,2,5
496656,496661,496662,1,5
496656,496657,496663,6,1
496656,496657,496664,7,1
496656,496662,496663,1,6
496656,496657,496663,6,1
496656,496657,496664,7,1
496656,496662,496663,1,6
496656,496657,496664,7,1
496656,496663,496664,1,7
496656,496663,496664,1,7
496656,496663,496664,1,7
496656,496663,496664,1,7
496656,496663,496664,1,7
496656,496663,496664,1,7
496656,496657,496664,7,1
496656,496661,496664,3,5
496656,496657,496665,8,1
496656,496661,496664,3,5
496656,496661,496665,4,5
496656,496657,496664,7,1
496656,496657,496665,8,1
496656,496657,496664,7,1
496656,496664,496665,1,8
496656,496657,496664,7,1
496656,496657,496664,7,1
496656,496663,496664,1,7
496656,496657,496665,8,1
496656,496664,496665,1,8
496656,496664,496665,1,8
496656,496664,496665,1,8
496656,496663,496665,2,7
496656,496663,496666,3,7
496656,496657,496665,8,1
496656,496657,496665,8,1
496656,496664,496665,1,8
496656,496657,496665,8,1
496656,496657,496667,10,1
496656,496657,496667,10,1
496656,496664,496666,2,8
496656,496657,496666,9,1
496656,496664,496666,2,8
496656,496657,496667,10,1
496656,496657,496668,11,1
496656,496657,496669,12,1
496656,496657,496668,11,1
496656,496657,496670,13,1
496656,496657,496670,13,1
496656,496657,496670,13,1
496656,496657,496673,16,1
496656,496657,496673,16,1
496656,496657,496673,16,1
496656,496657,496677,20,1
496689,496690,496691,1,1
496689,496690,496691,1,1
496689,496690,496691,1,1
496689,496690,496691,1,1
496689,496692,496693,1,3
496689,496690,496693,3,1
496689,496691,496693,2,2
496689,496692,496693,1,3
496689,496691,496693,2,2
496689,496691,496693,2,2
496689,496690,496694,4,1
496689,496690,496694,4,1
496689,496690,496694,4,1
496689,496690,496695,5,1
496689,496690,496694,4,1
496689,496690,496694,4,1
496689,496692,496694,2,3
496689,496690,496696,6,1
496689,496690,496695,5,1
496689,496690,496695,5,1
496689,496690,496695,5,1
496689,496690,496695,5,1
496689,496694,496696,2,5
496689,496690,496695,5,1
496689,496690,496695,5,1
496689,496690,496695,5,1
496689,496694,496696,2,5
496689,496694,496696,2,5
496689,496694,496696,2,5
496689,496694,496695,1,5
496689,496695,496696,1,6
496689,496690,496696,6,1
496689,496690,496696,6,1
496689,496690,496696,6,1
496689,496696,496697,1,7
496689,496696,496697,1,7
496689,496695,496696,1,6
496689,496695,496696,1,6
496689,496696,496697,1,7
496689,496690,496696,6,1
496689,496690,496696,6,1
496689,496695,496696,1,6
496689,496696,496697,1,7
496689,496690,496696,6,1
496689,496696,496697,1,7
496689,496696,496697,1,7
496689,496690,496697,7,1
496689,496695,496696,1,6
496689,496696,496697,1,7
496689,496696,496697,1,7
496689,496690,496697,7,1
496689,496690,496697,7,1
496689,496690,496697,7,1
496689,496690,496697,7,1
496689,496696,496698,2,7
496689,496694,496697,3,5
496689,496696,496697,1,7
496689,496690,496697,7,1
496689,496696,496697,1,7
496689,496696,496698,2,7
496689,496696,496699,3,7
496689,496695,496698,3,6
496689,496696,496698,2,7
496689,496690,496698,8,1
496689,496690,496698,8,1
496689,496697,496699,2,8
496689,496697,496699,2,8
496689,496690,496699,9,1
496689,496690,496699,9,1
496689,496695,496699,4,6
496689,496690,496701,11,1
496689,496690,496700,10,1
496689,496690,496702,12,1
496689,496690,496701,11,1
496689,496690,496702,12,1
496689,496690,496702,12,1
496689,496690,496704,14,1
496716,496716,496717,1,0
496716,496716,496717,1,0
496716,496716,496717,1,0
496716,496716,496717,1,0
496716,496716,496717,1,0
496716,496716,496717,1,0
496716,496716,496720,4,0
496716,496716,496719,3,0
496716,496716,496720,4,0
496716,496718,496720,2,2
496716,496716,496720,4,0
496716,496717,496719,2,1
496716,496717,496719,2,1
496716,496718,496720,2,2
496716,496718,496720,2,2
496716,496718,496720,2,2
496716,496716,496722,6,0
496716,496716,496722,6,0
496716,496716,496722,6,0
496716,496716,496722,6,0
496716,496716,496722,6,0
496716,496716,496721,5,0
496716,496716,496722,6,0
496716,496720,496722,2,4
496716,496720,496722,2,4
496716,496720,496722,2,4
496716,496716,496723,7,0
496716,496716,496723,7,0
496716,496716,496723,7,0
496716,496716,496723,7,0
496716,496716,496723,7,0
496716,496716,496723,7,0
496716,496716,496722,6,0
496716,496716,496723,7,0
496716,496716,496723,7,0
496716,496716,496723,7,0
496716,496721,496723,2,5
496716,496722,496723,1,6
496716,496720,496723,3,4
496716,496716,496723,7,0
496716,496720,496722,2,4
496716,496722,496723,1,6
496716,496716,496722,6,0
496716,496716,496722,6,0
496716,496722,496723,1,6
496716,496716,496724,8,0
496716,496716,496723,7,0
496716,496721,496723,2,5
496716,496723,496724,1,7
496716,496723,496724,1,7
496716,496722,496723,1,6
496716,496722,496723,1,6
496716,496722,496724,2,6
496716,496722,496723,1,6
496716,496722,496724,2,6
496716,496716,496725,9,0
496716,496722,496724,2,6
496716,496716,496725,9,0
496716,496723,496725,2,7
496716,496720,496724,4,4
496716,496716,496726,10,0
496716,496723,496726,3,7
496716,496723,496726,3,7
496716,496722,496725,3,6
496716,496720,496725,5,4
496716,496723,496726,3,7
496716,496723,496726,3,7
496716,496716,496726,10,0
496716,496716,496726,10,0
496716,496723,496726,3,7
496716,496723,496725,2,7
496716,496716,496727,11,0
496716,496720,496727,7,4
496716,496716,496728,12,0
496716,496716,496727,11,0
496716,496716,496729,13,0
496716,496716,496731,15,0
496716,496716,496733,17,0
496716,496716,496737,21,0
496748,496748,496749,1,0
496748,496748,496749,1,0
496748,496748,496749,1,0
496748,496748,496750,2,0
496748,496748,496749,1,0
496748,496748,496750,2,0
496748,496750,496751,1,2
496748,496750,496752,2,2
496748,496750,496752,2,2
496748,496750,496752,2,2
496748,496750,496752,2,2
496748,496748,496753,5,0
496748,496748,496753,5,0
496748,496748,496753,5,0
496748,496750,496753,3,2
496748,496748,496753,5,0
496748,496748,496752,4,0
496748,496748,496754,6,0
496748,496752,496754,2,4
496748,496752,496754,2,4
496748,496748,496754,6,0
496748,496751,496753,2,3
496748,496748,496754,6,0
496748,496748,496754,6,0
496748,496748,496755,7,0
496748,496748,496755,7,0
496748,496752,496754,2,4
496748,496753,496755,2,5
496748,496748,496755,7,0
496748,496748,496755,7,0
496748,496752,496754,2,4
496748,496753,496755,2,5
496748,496753,496754,1,5
496748,496748,496755,7,0
496748,496753,496755,2,5
496748,496748,496756,8,0
496748,496748,496756,8,0
496748,496748,496756,8,0
496748,496754,496756,2,6
496748,496754,496756,2,6
496748,496754,496756,2,6
496748,496755,496756,1,7
496748,496755,496756,1,7
496748,496756,496757,1,8
496748,496756,496757,1,8
496748,496748,496757,9,0
496748,496753,496756,3,5
496748,496748,496757,9,0
496748,496753,496756,3,5
496748,496755,496757,2,7
496748,496755,496757,2,7
496748,496756,496757,1,8
496748,496756,496757,1,8
496748,496756,496757,1,8
496748,496756,496757,1,8
496748,496756,496757,1,8
496748,496756,496757,1,8
496748,496748,496758,10,0
496748,496748,496758,10,0
496748,496748,496758,10,0
496748,496748,496758,10,0
496748,496755,496758,3,7
496748,496748,496757,9,0
496748,496748,496758,10,0
496748,496748,496757,9,0
496748,496755,496758,3,7
496748,496748,496758,10,0
496748,496755,496758,3,7
496748,496748,496758,10,0
496748,496748,496758,10,0
496748,496748,496758,10,0
496748,496748,496759,11,0
496748,496748,496758,10,0
496748,496748,496759,11,0
496748,496748,496759,11,0
496748,496748,496760,12,0
496748,496748,496760,12,0
496748,496748,496762,14,0
496748,496748,496762,14,0
496774,496774,496775,1,0
496774,496774,496775,1,0
496774,496774,496775,1,0
496774,496774,496775,1,0
496774,496774,496775,1,0
496774,496774,496775,1,0
496774,496775,496776,1,1
496774,496775,496777,2,1
496774,496776,496777,1,2
496774,496774,496777,3,0
496774,496776,496777,1,2
496774,496776,496777,1,2
496774,496776,496777,1,2
496774,496776,496778,2,2
496774,496774,496779,5,0
496774,496778,496779,1,4
496774,496777,496779,2,3
496774,496777,496778,1,3
496774,496777,496779,2,3
496774,496778,496780,2,4
496774,496774,496779,5,0
496774,496778,496780,2,4
496774,496774,496780,6,0
496774,496779,496780,1,5
496774,496779,496780,1,5
496774,496774,496780,6,0
496774,496777,496779,2,3
496774,496779,496780,1,5
496774,496774,496781,7,0
496774,496774,496781,7,0
496774,496774,496781,7,0
496774,496774,496781,7,0
496774,496774,496780,6,0
496774,496780,496781,1,6
496774,496774,496781,7,0
496774,496779,496780,1,5
496774,496779,496780,1,5
496774,496774,496781,7,0
496774,496780,496781,1,6
496774,496774,496781,7,0
496774,496781,496782,1,7
496774,496774,496781,7,0
496774,496774,496782,8,0
496774,496774,496782,8,0
496774,496774,496781,7,0
496774,496774,496782,8,0
496774,496774,496782,8,0
496774,496780,496781,1,6
496774,496780,496782,2,6
496774,496781,496782,1,7
496774,496774,496782,8,0
496774,496774,496782,8,0
496774,496781,496782,1,7
496774,496780,496782,2,6
496774,496780,496781,1,6
496774,496774,496782,8,0
496774,496774,496783,9,0
496774,496774,496783,9,0
496774,496774,496783,9,0
496774,496774,496783,9,0
496774,496774,496783,9,0
496774,496781,496783,2,7
496774,496781,496782,1,7
496774,496781,496782,1,7
496774,496781,496783,2,7
496774,496774,496784,10,0
496774,496774,496783,9,0
496774,496774,496784,10,0
496774,496774,496784,10,0
496774,496774,496784,10,0
496774,496774,496784,10,0
496774,496781,496784,3,7
496774,496774,496785,11,0
496774,496774,496786,12,0
496774,496774,496786,12,0
496774,496774,496786,12,0
496774,496774,496786,12,0
496799,496799,496800,1,0
496799,496799,496800,1,0
496799,496799,496800,1,0
496799,496799,496800,1,0
496799,496799,496801,2,0
496799,496799,496800,1,0
496799,496799,496800,1,0
496799,496800,496802,2,1
496799,496801,496802,1,2
496799,496801,496803,2,2
496799,496801,496802,1,2
496799,496801,496803,2,2
496799,496801,496802,1,2
496799,496801,496803,2,2
496799,496799,496804,5,0
496799,496799,496804,5,0
496799,496799,496804,5,0
496799,496803,496804,1,4
496799,496799,496805,6,0
496799,496799,496805,6,0
496799,496799,496804,5,0
496799,496802,496804,2,3
496799,496803,496805,2,4
496799,496803,496804,1,4
496799,496799,496804,5,0
496799,496799,496804,5,0
496799,496803,496805,2,4
496799,496799,496805,6,0
496799,496803,496805,2,4
496799,496799,496805,6,0
496799,496799,496805,6,0
496799,496803,496805,2,4
496799,496799,496805,6,0
496799,496799,496806,7,0
496799,496804,496806,2,5
496799,496805,496806,1,6
496799,496805,496806,1,6
496799,496799,496806,7,0
496799,496804,496806,2,5
496799,496805,496806,1,6
496799,496804,496806,2,5
496799,496805,496806,1,6
496799,496805,496806,1,6
496799,496799,496806,7,0
496799,496805,496806,1,6
496799,496805,496806,1,6
496799,496799,496806,7,0
496799,496799,496807,8,0
496799,496799,496807,8,0
496799,496799,496807,8,0
496799,496799,496807,8,0
496799,496799,496807,8,0
496799,496799,496807,8,0
496799,496805,496806,1,6
496799,496806,496807,1,7
496799,496799,496807,8,0
496799,496799,496806,7,0
496799,496805,496807,2,6
496799,496805,496807,2,6
496799,496805,496807,2,6
496799,496805,496807,2,6
496799,496799,496808,9,0
496799,496799,496808,9,0
496799,496799,496808,9,0
496799,496799,496807,8,0
496799,496806,496808,2,7
496799,496804,496808,4,5
496799,496799,496808,9,0
496799,496799,496808,9,0
496799,496799,496808,9,0
496799,496805,496808,3,6
496799,496806,496808,2,7
496799,496799,496808,9,0
496799,496799,496809,10,0
496799,496799,496809,10,0
496799,496799,496810,11,0
496799,496799,496810,11,0
496799,496799,496809,10,0
496799,496805,496809,4,6
496822,496822,496824,2,0
496822,496822,496824,2,0
496822,496822,496824,2,0
496822,496822,496824,2,0
496822,496822,496824,2,0
496822,496822,496824,2,0
496822,496822,496824,2,0
496822,496822,496826,4,0
496822,496825,496826,1,3
496822,496825,496826,1,3
496822,496825,496826,1,3
496822,496825,496826,1,3
496822,496825,496826,1,3
496822,496822,496827,5,0
496822,496822,496827,5,0
496822,496823,496827,4,1
496822,496822,496827,5,0
496822,496822,496827,5,0
496822,496825,496827,2,3
496822,496825,496827,2,3
496822,496822,496827,5,0
496822,496823,496828,5,1
496822,496822,496828,6,0
496822,496827,496828,1,5
496822,496822,496828,6,0
496822,496827,496828,1,5
496822,496822,496828,6,0
496822,496827,496828,1,5
496822,496822,496828,6,0
496822,496827,496828,1,5
496822,496827,496828,1,5
496822,496827,496829,2,5
496822,496822,496829,7,0
496822,496822,496829,7,0
496822,496828,496829,1,6
496822,496829,496830,1,7
496822,496828,496829,1,6
496822,496829,496830,1,7
496822,496829,496830,1,7
496822,496822,496829,7,0
496822,496822,496829,7,0
496822,496828,496829,1,6
496822,496829,496830,1,7
496822,496828,496829,1,6
496822,496829,496830,1,7
496822,496823,496830,7,1
496822,496828,496830,2,6
496822,496822,496830,8,0
496822,496829,496830,1,7
496822,496829,496830,1,7
496822,496830,496831,1,8
496822,496829,496830,1,7
496822,496829,496830,1,7
496822,496830,496831,1,8
496822,496822,496831,9,0
496822,496829,496831,2,7
496822,496822,496832,10,0
496822,496828,496832,4,6
496822,496822,496831,9,0
496822,496822,496831,9,0
496822,496828,496831,3,6
496822,496828,496831,3,6
496822,496822,496832,10,0
496822,496830,496831,1,8
496822,496823,496832,9,1
496822,496822,496832,10,0
496822,496822,496832,10,0
496822,496822,496833,11,0
496822,496822,496832,10,0
496822,496830,496832,2,8
496822,496822,496833,11,0
496822,496822,496833,11,0
496822,496822,496834,12,0
496822,496822,496835,13,0
496822,496823,496836,13,1
496822,496822,496836,14,0
496822,496823,496837,14,1
496822,496822,496838,16,0
496822,496823,496840,17,1
496851,496851,496852,1,0
496851,496851,496853,2,0
496851,496851,496852,1,0
496851,496851,496853,2,0
496851,496851,496854,3,0
496851,496851,496854,3,0
496851,496851,496854,3,0
496851,496853,496854,1,2
496851,496852,496854,2,1
496851,496853,496854,1,2
496851,496853,496855,2,2
496851,496851,496856,5,0
496851,496851,496856,5,0
496851,496851,496856,5,0
496851,496851,496855,4,0
496851,496851,496856,5,0
496851,496851,496856,5,0
496851,496855,496856,1,4
496851,496851,496856,5,0
496851,496854,496855,1,3
496851,496851,496856,5,0
496851,496854,496856,2,3
496851,496851,496856,5,0
496851,496851,496856,5,0
496851,496851,496856,5,0
496851,496854,496856,2,3
496851,496851,496856,5,0
496851,496854,496856,2,3
496851,496851,496857,6,0
496851,496851,496857,6,0
496851,496851,496857,6,0
496851,496854,496857,3,3
496851,496851,496856,5,0
496851,496854,496857,3,3
496851,496857,496858,1,6
496851,496851,496857,6,0
496851,496851,496857,6,0
496851,496851,496858,7,0
496851,496851,496858,7,0
496851,496857,496858,1,6
496851,496857,496858,1,6
496851,496851,496858,7,0
496851,496857,496858,1,6
496851,496857,496858,1,6
496851,496857,496858,1,6
496851,496858,496859,1,7
496851,496851,496859,8,0
496851,496851,496858,7,0
496851,496857,496858,1,6
496851,496857,496858,1,6
496851,496857,496858,1,6
496851,496851,496858,7,0
496851,496856,496859,3,5
496851,496856,496859,3,5
496851,496851,496859,8,0
496851,496856,496859,3,5
496851,496851,496859,8,0
496851,496856,496859,3,5
496851,496851,496859,8,0
496851,496856,496859,3,5
496851,496851,496859,8,0
496851,496851,496859,8,0
496851,496857,496859,2,6
496851,496851,496860,9,0
496851,496851,496860,9,0
496851,496857,496860,3,6
496851,496858,496860,2,7
496851,496851,496860,9,0
496851,496857,496860,3,6
496851,496858,496860,2,7
496851,496858,496860,2,7
496851,496851,496861,10,0
496851,496858,496860,2,7
496851,496851,496861,10,0
496851,496851,496861,10,0
496851,496858,496861,3,7
496851,496851,496862,11,0
496851,496851,496863,12,0
496874,496874,496875,1,0
496874,496874,496875,1,0
496874,496874,496876,2,0
496874,496874,496875,1,0
496874,496874,496876,2,0
496874,496874,496877,3,0
496874,496875,496876,1,1
496874,496875,496877,2,1
496874,496874,496878,4,0
496874,496874,496877,3,0
496874,496874,496877,3,0
496874,496874,496878,4,0
496874,496874,496878,4,0
496874,496876,496878,2,2
496874,496877,496878,1,3
496874,496876,496878,2,2
496874,496874,496879,5,0
496874,496874,496879,5,0
496874,496876,496878,2,2
496874,496874,496878,4,0
496874,496874,496879,5,0
496874,496877,496879,2,3
496874,496874,496879,5,0
496874,496874,496879,5,0
496874,496874,496879,5,0
496874,496874,496879,5,0
496874,496874,496879,5,0
496874,496874,496880,6,0
496874,496874,496880,6,0
496874,496874,496880,6,0
496874,496874,496880,6,0
496874,496874,496880,6,0
496874,496877,496880,3,3
496874,496874,496879,5,0
496874,496878,496879,1,4
496874,496878,496879,1,4
496874,496874,496880,6,0
496874,496878,496880,2,4
496874,496879,496880,1,5
496874,496879,496880,1,5
496874,496874,496880,6,0
496874,496878,496880,2,4
496874,496874,496881,7,0
496874,496874,496881,7,0
496874,496879,496881,2,5
496874,496879,496881,2,5
496874,496879,496881,2,5
496874,496874,496881,7,0
496874,496878,496881,3,4
496874,496874,496881,7,0
496874,496874,496880,6,0
496874,496878,496881,3,4
496874,496878,496881,3,4
496874,496874,496881,7,0
496874,496878,496880,2,4
496874,496874,496881,7,0
496874,496879,496881,2,5
496874,496879,496881,2,5
496874,496879,496881,2,5
496874,496874,496882,8,0
496874,496874,496882,8,0
496874,496880,496882,2,6
496874,496874,496882,8,0
496874,496880,496882,2,6
496874,496880,496882,2,6
496874,496880,496882,2,6
496874,496874,496882,8,0
496874,496874,496883,9,0
496874,496880,496883,3,6
496874,496874,496883,9,0
496874,496879,496882,3,5
496874,496880,496883,3,6
496874,496874,496883,9,0
496874,496874,496884,10,0
496874,496874,496884,10,0
496874,496880,496889,9,6
496900,496900,496901,1,0
496900,496900,496901,1,0
496900,496900,496901,1,0
496900,496900,496901,1,0
496900,496900,496901,1,0
496900,496900,496903,3,0
496900,496901,496903,2,1
496900,496902,496903,1,2
496900,496901,496902,1,1
496900,496900,496904,4,0
496900,496900,496904,4,0
496900,496902,496903,1,2
496900,496900,496904,4,0
496900,496900,496904,4,0
496900,496900,496903,3,0
496900,496900,496904,4,0
496900,496902,496904,2,2
496900,496900,496904,4,0
496900,496903,496904,1,3
496900,496903,496904,1,3
496900,496900,496904,4,0
496900,496900,496904,4,0
496900,496904,496905,1,4
496900,496900,496905,5,0
496900,496900,496904,4,0
496900,496900,496904,4,0
496900,496903,496904,1,3
496900,496900,496905,5,0
496900,496900,496904,4,0
496900,496904,496905,1,4
496900,496900,496905,5,0
496900,496903,496904,1,3
496900,496900,496906,6,0
496900,496900,496906,6,0
496900,496904,496906,2,4
496900,496900,496905,5,0
496900,496900,496906,6,0
496900,496900,496905,5,0
496900,496905,496906,1,5
496900,496905,496906,1,5
496900,496900,496906,6,0
496900,496904,496905,1,4
496900,496904,496906,2,4
496900,496900,496906,6,0
496900,496900,496905,5,0
496900,496904,496906,2,4
496900,496905,496906,1,5
496900,496900,496906,6,0
496900,496904,496906,2,4
496900,496905,496906,1,5
496900,496900,496906,6,0
496900,496900,496907,7,0
496900,496900,496907,7,0
496900,496904,496906,2,4
496900,496904,496906,2,4
496900,496904,496907,3,4
496900,496905,496907,2,5
496900,496905,496906,1,5
496900,496905,496906,1,5
496900,496905,496906,1,5
496900,496905,496906,1,5
496900,496905,496906,1,5
496900,496905,496906,1,5
496900,496905,496907,2,5
496900,496906,496908,2,6
496900,496900,496908,8,0
496900,496904,496908,4,4
496900,496900,496909,9,0
496900,496900,496908,8,0
496900,496906,496908,2,6
496900,496906,496908,2,6
496900,496900,496909,9,0
496900,496900,496911,11,0
496900,496900,496912,12,0
496900,496900,496912,12,0
496900,496900,496921,21,0
496900,496900,496924,24,0
496900,496900,496925,25,0
496900,496900,496926,26,0
496938,496938,496939,1,0
496938,496938,496939,1,0
496938,496938,496939,1,0
496938,496938,496939,1,0
496938,496938,496939,1,0
496938,496938,496939,1,0
496938,496938,496939,1,0
496938,496939,496941,2,1
496938,496938,496941,3,0
496938,496940,496941,1,2
496938,496938,496940,2,0
496938,496938,496941,3,0
496938,496940,496942,2,2
496938,496939,496941,2,1
496938,496939,496941,2,1
496938,496938,496942,4,0
496938,496940,496941,1,2
496938,496941,496942,1,3
496938,496938,496941,3,0
496938,496938,496943,5,0
496938,496938,496942,4,0
496938,496938,496942,4,0
496938,496938,496942,4,0
496938,496938,496942,4,0
496938,496938,496942,4,0
496938,496938,496942,4,0
496938,496938,496943,5,0
496938,496940,496942,2,2
496938,496938,496942,4,0
496938,496938,496942,4,0
496938,496941,496942,1,3
496938,496938,496943,5,0
496938,496938,496943,5,0
496938,496941,496942,1,3
496938,496938,496943,5,0
496938,496941,496942,1,3
496938,496938,496943,5,0
496938,496942,496943,1,4
496938,496942,496943,1,4
496938,496938,496944,6,0
496938,496938,496943,5,0
496938,496938,496943,5,0
496938,496938,496943,5,0
496938,496942,496943,1,4
496938,496942,496943,1,4
496938,496943,496944,1,5
496938,496942,496944,2,4
496938,496943,496944,1,5
496938,496942,496943,1,4
496938,496938,496944,6,0
496938,496942,496943,1,4
496938,496943,496944,1,5
496938,496942,496943,1,4
496938,496938,496944,6,0
496938,496938,496945,7,0
496938,496943,496945,2,5
496938,496943,496945,2,5
496938,496943,496944,1,5
496938,496943,496944,1,5
496938,496943,496944,1,5
496938,496943,496944,1,5
496938,496943,496944,1,5
496938,496943,496944,1,5
496938,496938,496945,7,0
496938,496938,496945,7,0
496938,496943,496945,2,5
496938,496943,496945,2,5
496938,496938,496946,8,0
496938,496938,496946,8,0
496938,496938,496946,8,0
496938,496938,496946,8,0
496938,496938,496946,8,0
496938,496938,496946,8,0
496938,496938,496946,8,0
496938,496938,496947,9,0
496938,496938,496948,10,0
496938,496943,496948,5,5
496938,496943,496951,8,5
496938,496943,496953,10,5
496965,496965,496966,1,0
496965,496965,496966,1,0
496965,496965,496967,2,0
496965,496965,496966,1,0
496965,496965,496967,2,0
496965,496965,496968,3,0
496965,496965,496969,4,0
496965,496967,496969,2,2
496965,496967,496969,2,2
496965,496965,496969,4,0
496965,496967,496969,2,2
496965,496965,496969,4,0
496965,496967,496969,2,2
496965,496965,496970,5,0
496965,496965,496970,5,0
496965,496965,496969,4,0
496965,496965,496970,5,0
496965,496965,496970,5,0
496965,496965,496970,5,0
496965,496965,496970,5,0
496965,496965,496970,5,0
496965,496965,496970,5,0
496965,496965,496970,5,0
496965,496968,496970,2,3
496965,496965,496970,5,0
496965,496965,496970,5,0
496965,496967,496969,2,2
496965,496965,496971,6,0
496965,496965,496970,5,0
496965,496965,496970,5,0
496965,496965,496970,5,0
496965,496965,496971,6,0
496965,496965,496971,6,0
496965,496965,496970,5,0
496965,496965,496971,6,0
496965,496965,496971,6,0
496965,496969,496971,2,4
496965,496969,496971,2,4
496965,496969,496971,2,4
496965,496969,496971,2,4
496965,496969,496971,2,4
496965,496970,496971,1,5
496965,496970,496971,1,5
496965,496969,496971,2,4
496965,496970,496971,1,5
496965,496970,496971,1,5
496965,496965,496971,6,0
496965,496970,496971,1,5
496965,496970,496971,1,5
496965,496965,496972,7,0
496965,496965,496972,7,0
496965,496969,496972,3,4
496965,496970,496972,2,5
496965,496970,496971,1,5
496965,496970,496971,1,5
496965,496970,496971,1,5
496965,496970,496972,2,5
496965,496965,496973,8,0
496965,496971,496973,2,6
496965,496965,496973,8,0
496965,496970,496973,3,5
496965,496970,496973,3,5
496965,496965,496973,8,0
496965,496970,496973,3,5
496965,496965,496973,8,0
496965,496965,496974,9,0
496965,496965,496973,8,0
496965,496965,496974,9,0
496965,496965,496974,9,0
496965,496971,496974,3,6
496965,496971,496974,3,6
496965,496971,496974,3,6
496965,496971,496974,3,6
496965,496971,496974,3,6
496965,496971,496974,3,6
496965,496971,496974,3,6
496965,496965,496975,10,0
496965,496965,496976,11,0
496965,496965,496978,13,0
496990,496990,496991,1,0
496990,496990,496991,1,0
496990,496990,496991,1,0
496990,496990,496991,1,0
496990,496990,496991,1,0
496990,496990,496992,2,0
496990,496991,496993,2,1
496990,496990,496994,4,0
496990,496992,496993,1,2
496990,496991,496993,2,1
496990,496992,496994,2,2
496990,496990,496994,4,0
496990,496990,496995,5,0
496990,496990,496994,4,0
496990,496991,496994,3,1
496990,496990,496994,4,0
496990,496990,496995,5,0
496990,496990,496995,5,0
496990,496990,496995,5,0
496990,496990,496994,4,0
496990,496990,496994,4,0
496990,496993,496994,1,3
496990,496990,496994,4,0
496990,496991,496994,3,1
496990,496990,496995,5,0
496990,496990,496995,5,0
496990,496990,496995,5,0
496990,496990,496995,5,0
496990,496990,496995,5,0
496990,496994,496995,1,4
496990,496990,496995,5,0
496990,496994,496995,1,4
496990,496995,496996,1,5
496990,496994,496995,1,4
496990,496995,496996,1,5
496990,496990,496996,6,0
496990,496995,496996,1,5
496990,496990,496996,6,0
496990,496990,496996,6,0
496990,496990,496996,6,0
496990,496990,496996,6,0
496990,496990,496996,6,0
496990,496995,496997,2,5
496990,496995,496996,1,5
496990,496990,496997,7,0
496990,496995,496996,1,5
496990,496996,496997,1,6
496990,496995,496996,1,5
496990,496995,496997,2,5
496990,496996,496997,1,6
496990,496995,496996,1,5
496990,496996,496997,1,6
496990,496996,496997,1,6
496990,496995,496996,1,5
496990,496995,496997,2,5
496990,496990,496997,7,0
496990,496994,496998,4,4
496990,496995,496997,2,5
496990,496996,496997,1,6
496990,496996,496997,1,6
496990,496996,496997,1,6
496990,496996,496997,1,6
496990,496996,496997,1,6
496990,496990,496999,9,0
496990,496990,496998,8,0
496990,496990,496998,8,0
496990,496995,496999,4,5
496990,496996,496999,3,6
496990,496990,496998,8,0
496990,496996,496999,3,6
496990,496990,496999,9,0
496990,496990,497000,10,0
496990,496990,497001,11,0
496990,496990,497002,12,0
496990,496990,497001,11,0
496990,496990,497002,12,0
496990,496990,497003,13,0
496990,496990,497005,15,0
496990,496990,497006,16,0
497018,497018,497019,1,0
497018,497018,497019,1,0
497018,497018,497019,1,0
497018,497018,497019,1,0
497018,497018,497019,1,0
497018,497018,497019,1,0
497018,497018,497022,4,0
497018,497020,497022,2,2
497018,497019,497021,2,1
497018,497018,497023,5,0
497018,497018,497022,4,0
497018,497020,497022,2,2
497018,497018,497022,4,0
497018,497018,497023,5,0
497018,497018,497023,5,0
497018,497019,497022,3,1
497018,497018,497022,4,0
497018,497020,497022,2,2
497018,497020,497022,2,2
497018,497018,497022,4,0
497018,497018,497023,5,0
497018,497018,497023,5,0
497018,497018,497023,5,0
497018,497018,497023,5,0
497018,497018,497024,6,0
497018,497018,497024,6,0
497018,497018,497023,5,0
497018,497018,497023,5,0
497018,497022,497023,1,4
497018,497018,497023,5,0
497018,497018,497023,5,0
497018,497022,497023,1,4
497018,497023,497024,1,5
497018,497023,497024,1,5
497018,497023,497024,1,5
497018,497023,497024,1,5
497018,497023,497024,1,5
497018,497024,497025,1,6
497018,497018,497025,7,0
497018,497024,497025,1,6
497018,497018,497025,7,0
497018,497018,497025,7,0
497018,497023,497025,2,5
497018,497018,497025,7,0
497018,497018,497026,8,0
497018,497023,497025,2,5
497018,497024,497025,1,6
497018,497025,497026,1,7
497018,497024,497025,1,6
497018,497024,497025,1,6
497018,497024,497025,1,6
497018,497024,497025,1,6
497018,497024,497025,1,6
497018,497023,497025,2,5
497018,497024,497025,1,6
497018,497024,497025,1,6
497018,497018,497025,7,0
497018,497023,497026,3,5
497018,497025,497026,1,7
497018,497025,497026,1,7
497018,497022,497026,4,4
497018,497018,497027,9,0
497018,497018,497026,8,0
497018,497023,497026,3,5
497018,497024,497026,2,6
497018,497023,497027,4,5
497018,497024,497026,2,6
497018,497018,497027,9,0
497018,497018,497027,9,0
497018,497018,497029,11,0
497018,497018,497028,10,0
497018,497018,497030,12,0
497018,497018,497031,13,0
497018,497018,497032,14,0
497018,497018,497032,14,0
497018,497018,497031,13,0
497018,497018,497032,14,0
497018,497018,497032,14,0
497018,497018,497032,14,0
497044,497044,497045,1,0
497044,497044,497045,1,0
497044,497044,497045,1,0
497044,497044,497045,1,0
497044,497044,497045,1,0
497044,497044,497045,1,0
497044,497045,497047,2,1
497044,497044,497047,3,0
497044,497046,497048,2,2
497044,497044,497047,3,0
497044,497046,497047,1,2
497044,497046,497048,2,2
497044,497046,497047,1,2
497044,497044,497047,3,0
497044,497044,497049,5,0
497044,497044,497049,5,0
497044,497044,497049,5,0
497044,497044,497048,4,0
497044,497044,497049,5,0
497044,497047,497048,1,3
497044,497046,497048,2,2
497044,497044,497050,6,0
497044,497044,497050,6,0
497044,497044,497050,6,0
497044,497044,497049,5,0
497044,497044,497049,5,0
497044,497048,497050,2,4
497044,497048,497050,2,4
497044,497044,497049,5,0
497044,497048,497050,2,4
497044,497049,497050,1,5
497044,497044,497050,6,0
497044,497048,497049,1,4
497044,497044,497050,6,0
497044,497048,497049,1,4
497044,497044,497050,6,0
497044,497048,497049,1,4
497044,497049,497050,1,5
497044,497044,497050,6,0
497044,497044,497051,7,0
497044,497048,497050,2,4
497044,497044,497050,6,0
497044,497044,497050,6,0
497044,497049,497051,2,5
497044,497044,497050,6,0
497044,497049,497050,1,5
497044,497050,497051,1,6
497044,497050,497051,1,6
497044,497044,497050,6,0
497044,497049,497050,1,5
497044,497050,497051,1,6
497044,497050,497051,1,6
497044,497050,497051,1,6
497044,497044,497051,7,0
497044,497049,497052,3,5
497044,497050,497051,1,6
497044,497050,497051,1,6
497044,497044,497052,8,0
497044,497050,497051,1,6
497044,497050,497051,1,6
497044,497044,497051,7,0
497044,497044,497053,9,0
497044,497044,497053,9,0
497044,497044,497053,9,0
497044,497050,497053,3,6
497044,497050,497053,3,6
497044,497050,497053,3,6
497044,497044,497053,9,0
497044,497050,497052,2,6
497044,497044,497053,9,0
497044,497049,497052,3,5
497044,497050,497053,3,6
497044,497044,497054,10,0
497044,497044,497054,10,0
497044,497044,497054,10,0
497044,497044,497054,10,0
497044,497044,497054,10,0
497044,497044,497055,11,0
497044,497044,497056,12,0
497069,497069,497070,1,0
497069,497069,497070,1,0
497069,497069,497070,1,0
497069,497069,497070,1,0
497069,497069,497070,1,0
497069,497069,497071,2,0
497069,497069,497072,3,0
497069,497069,497072,3,0
497069,497070,497073,3,1
497069,497069,497073,4,0
497069,497070,497072,2,1
497069,497071,497072,1,2
497069,497069,497072,3,0
497069,497071,497073,2,2
497069,497069,497074,5,0
497069,497069,497074,5,0
497069,497069,497074,5,0
497069,497071,497073,2,2
497069,497072,497074,2,3
497069,497069,497073,4,0
497069,497069,497073,4,0
497069,497069,497074,5,0
497069,497069,497074,5,0
497069,497069,497075,6,0
497069,497069,497074,5,0
497069,497073,497074,1,4
497069,497073,497075,2,4
497069,497069,497074,5,0
497069,497073,497074,1,4
497069,497073,497074,1,4
497069,497069,497074,5,0
497069,497069,497075,6,0
497069,497073,497074,1,4
497069,497074,497075,1,5
497069,497069,497074,5,0
497069,497074,497075,1,5
497069,497069,497075,6,0
497069,497073,497074,1,4
497069,497073,497075,2,4
497069,497069,497075,6,0
497069,497069,497075,6,0
497069,497069,497075,6,0
497069,497069,497075,6,0
497069,497075,497076,1,6
497069,497069,497076,7,0
497069,497075,497076,1,6
497069,497075,497076,1,6
497069,497074,497075,1,5
497069,497075,497076,1,6
497069,497074,497075,1,5
497069,497074,497075,1,5
497069,497075,497076,1,6
497069,497069,497077,8,0
497069,497069,497077,8,0
497069,497074,497076,2,5
497069,497075,497077,2,6
497069,497075,497076,1,6
497069,497075,497076,1,6
497069,497075,497076,1,6
497069,497075,497077,2,6
497069,497075,497076,1,6
497069,497075,497078,3,6
497069,497075,497077,2,6
497069,497069,497077,8,0
497069,497073,497077,4,4
497069,497074,497077,3,5
497069,497075,497077,2,6
497069,497069,497078,9,0
497069,497069,497078,9,0
497069,497069,497078,9,0
497069,497069,497078,9,0
497069,497069,497079,10,0
497069,497069,497079,10,0
497069,497069,497081,12,0
497069,497069,497081,12,0
497069,497069,497081,12,0
497069,497069,497099,30,0
497069,497069,497098,29,0
497069,497069,497103,34,0
497113,497113,497114,1,0
497113,497113,497114,1,0
497113,497113,497114,1,0
497113,497113,497115,2,0
497113,497113,497114,1,0
497113,497113,497115,2,0
497113,497115,497116,1,2
497113,497113,497117,4,0
497113,497116,497117,1,3
497113,497115,497117,2,2
497113,497114,497117,3,1
497113,497116,497117,1,3
497113,497113,497118,5,0
497113,497113,497118,5,0
497113,497113,497118,5,0
497113,497113,497118,5,0
497113,497113,497118,5,0
497113,497116,497118,2,3
497113,497113,497118,5,0
497113,497113,497118,5,0
497113,497117,497118,1,4
497113,497113,497119,6,0
497113,497113,497119,6,0
497113,497113,497119,6,0
497113,497113,497119,6,0
497113,497118,497119,1,5
497113,497113,497119,6,0
497113,497118,497119,1,5
497113,497113,497119,6,0
497113,497118,497119,1,5
497113,497118,497119,1,5
497113,497113,497119,6,0
497113,497113,497120,7,0
497113,497113,497120,7,0
497113,497119,497120,1,6
497113,497119,497120,1,6
497113,497119,497120,1,6
497113,497119,497120,1,6
497113,497113,497120,7,0
497113,497119,497120,1,6
497113,497120,497121,1,7
497113,497120,497121,1,7
497113,497113,497120,7,0
497113,497119,497120,1,6
497113,497120,497121,1,7
497113,497113,497120,7,0
497113,497113,497121,8,0
497113,497119,497121,2,6
497113,497113,497121,8,0
497113,497113,497121,8,0
497113,497113,497121,8,0
497113,497119,497121,2,6
497113,497121,497122,1,8
497113,497120,497121,1,7
497113,497120,497121,1,7
497113,497120,497121,1,7
497113,497120,497121,1,7
497113,497120,497121,1,7
497113,497120,497121,1,7
497113,497120,497121,1,7
497113,497113,497122,9,0
497113,497119,497122,3,6
497113,497120,497122,2,7
497113,497121,497122,1,8
497113,497113,497122,9,0
497113,497117,497122,5,4
497113,497121,497123,2,8
497113,497113,497123,10,0
497113,497113,497123,10,0
497113,497113,497123,10,0
497113,497113,497123,10,0
497113,497113,497124,11,0
497113,497113,497127,14,0
497113,497113,497128,15,0
497113,497113,497128,15,0
497113,497113,497129,16,0
497113,497113,497129,16,0
497113,497113,497130,17,0
497113,497113,497131,18,0
497143,497143,497144,1,0
497143,497143,497144,1,0
497143,497143,497144,1,0
497143,497143,497144,1,0
497143,497143,497144,1,0
497143,497143,497146,3,0
497143,497143,497145,2,0
497143,497143,497146,3,0
497143,497143,497147,4,0
497143,497143,497147,4,0
497143,497143,497147,4,0
497143,497143,497147,4,0
497143,497144,497146,2,1
497143,497146,497147,1,3
497143,497145,497147,2,2
497143,497143,497147,4,0
497143,497143,497148,5,0
497143,497143,497148,5,0
497143,497145,497147,2,2
497143,497143,497148,5,0
497143,497145,497147,2,2
497143,497143,497148,5,0
497143,497143,497148,5,0
497143,497146,497148,2,3
497143,497143,497148,5,0
497143,497146,497148,2,3
497143,497145,497149,4,2
497143,497147,497149,2,4
497143,497143,497149,6,0
497143,497143,497148,5,0
497143,497147,497148,1,4
497143,497148,497149,1,5
497143,497147,497148,1,4
497143,497147,497149,2,4
497143,497147,497149,2,4
497143,497147,497148,1,4
497143,497148,497149,1,5
497143,497143,497150,7,0
497143,497143,497149,6,0
497143,497143,497149,6,0
497143,497143,497149,6,0
497143,497149,497150,1,6
497143,497148,497149,1,5
497143,497148,497149,1,5
497143,497149,497150,1,6
497143,497143,497149,6,0
497143,497148,497149,1,5
497143,497148,497149,1,5
497143,497148,497149,1,5
497143,497149,497150,1,6
497143,497149,497150,1,6
497143,497143,497151,8,0
497143,497147,497150,3,4
497143,497143,497150,7,0
497143,497143,497151,8,0
497143,497149,497150,1,6
497143,497149,497150,1,6
497143,497149,497151,2,6
497143,497149,497150,1,6
497143,497149,497151,2,6
497143,497143,497152,9,0
497143,497148,497151,3,5
497143,497143,497152,9,0
497143,497149,497151,2,6
497143,497148,497151,3,5
497143,497143,497151,8,0
497143,497143,497152,9,0
497143,497143,497152,9,0
497143,497143,497152,9,0
497143,497143,497153,10,0
497143,497143,497153,10,0
497143,497143,497153,10,0
497143,497143,497152,9,0
497143,497143,497153,10,0
497143,497143,497153,10,0
497143,497143,497154,11,0
497143,497143,497155,12,0
497143,497149,497156,7,6
497143,497143,497157,14,0
497170,497170,497171,1,0
497170,497170,497171,1,0
497170,497170,497172,2,0
497170,497170,497172,2,0
497170,497170,497171,1,0
497170,497170,497173,3,0
497170,497170,497173,3,0
497170,497171,497173,2,1
497170,497170,497174,4,0
497170,497170,497174,4,0
497170,497170,497174,4,0
497170,497171,497174,3,1
497170,497172,497174,2,2
497170,497170,497175,5,0
497170,497172,497175,3,2
497170,497170,497175,5,0
497170,497172,497175,3,2
497170,497174,497175,1,4
497170,497170,497175,5,0
497170,497173,497175,2,3
497170,497174,497175,1,4
497170,497173,497176,3,3
497170,497170,497176,6,0
497170,497170,497176,6,0
497170,497170,497176,6,0
497170,497174,497176,2,4
497170,497170,497176,6,0
497170,497170,497176,6,0
497170,497175,497176,1,5
497170,497170,497176,6,0
497170,497176,497177,1,6
497170,497170,497177,7,0
497170,497174,497176,2,4
497170,497174,497176,2,4
497170,497175,497177,2,5
497170,497175,497177,2,5
497170,497176,497177,1,6
497170,497176,497177,1,6
497170,497170,497177,7,0
497170,497175,497177,2,5
497170,497176,497177,1,6
497170,497176,497177,1,6
497170,497170,497177,7,0
497170,497177,497178,1,7
497170,497176,497177,1,6
497170,497176,497177,1,6
497170,497170,497178,8,0
497170,497176,497178,2,6
497170,497170,497178,8,0
497170,497170,497178,8,0
497170,497176,497178,2,6
497170,497177,497178,1,7
497170,497177,497178,1,7
497170,497177,497178,1,7
497170,497177,497178,1,7
497170,497170,497179,9,0
497170,497170,497179,9,0
497170,497170,497179,9,0
497170,497170,497179,9,0
497170,497177,497179,2,7
497170,497170,497180,10,0
497170,497177,497180,3,7
497170,497177,497180,3,7
497170,497170,497180,10,0
497170,497170,497181,11,0
497170,497170,497181,11,0
497170,497170,497181,11,0
497170,497170,497182,12,0
497170,497170,497182,12,0
497170,497170,497182,12,0
497170,497170,497182,12,0
497170,497177,497182,5,7
497170,497170,497183,13,0
497170,497170,497186,16,0
497170,497170,497185,15,0
497170,497170,497186,16,0
497170,497170,497186,16,0
497170,497170,497186,16,0
497197,497197,497198,1,0
497197,497197,497198,1,0
497197,497197,497198,1,0
497197,497197,497198,1,0
497197,497197,497198,1,0
497197,497198,497199,1,1
497197,497198,497200,2,1
497197,497199,497201,2,2
497197,497197,497201,4,0
497197,497197,497201,4,0
497197,497197,497200,3,0
497197,497197,497200,3,0
497197,497199,497201,2,2
497197,497199,497201,2,2
497197,497200,497201,1,3
497197,497197,497202,5,0
497197,497197,497202,5,0
497197,497197,497202,5,0
497197,497199,497202,3,2
497197,497197,497202,5,0
497197,497197,497202,5,0
497197,497197,497203,6,0
497197,497197,497203,6,0
497197,497197,497203,6,0
497197,497201,497202,1,4
497197,497202,497203,1,5
497197,497202,497203,1,5
497197,497197,497203,6,0
497197,497197,497203,6,0
497197,497202,497203,1,5
497197,497197,497202,5,0
497197,497197,497203,6,0
497197,497201,497202,1,4
497197,497201,497202,1,4
497197,497201,497203,2,4
497197,497202,497203,1,5
497197,497197,497203,6,0
497197,497201,497203,2,4
497197,497202,497203,1,5
497197,497197,497204,7,0
497197,497197,497204,7,0
497197,497197,497204,7,0
497197,497197,497204,7,0
497197,497201,497204,3,4
497197,497201,497204,3,4
497197,497203,497204,1,6
497197,497202,497203,1,5
497197,497203,497204,1,6
497197,497203,497204,1,6
497197,497203,497204,1,6
497197,497197,497204,7,0
497197,497203,497204,1,6
497197,497203,497204,1,6
497197,497197,497204,7,0
497197,497201,497204,3,4
497197,497203,497205,2,6
497197,497203,497204,1,6
497197,497203,497205,2,6
497197,497203,497204,1,6
497197,497203,497205,2,6
497197,497197,497205,8,0
497197,497197,497205,8,0
497197,497203,497205,2,6
497197,497203,497205,2,6
497197,497197,497206,9,0
497197,497203,497205,2,6
497197,497197,497206,9,0
497197,497197,497206,9,0
497197,497197,497206,9,0
497197,497197,497207,10,0
497197,497197,497207,10,0
497197,497197,497207,10,0
497197,497197,497208,11,0
497197,497197,497208,11,0
497197,497197,497208,11,0
497197,497197,497209,12,0
497197,497197,497210,13,0
497197,497197,497211,14,0
497197,497197,497211,14,0
497223,497224,497225,1,1
497223,497224,497225,1,1
497223,497224,497225,1,1
497223,497224,497225,1,1
497223,497224,497225,1,1
497223,497225,497226,1,2
497223,497225,497226,1,2
497223,497224,497226,2,1
497223,497224,497228,4,1
497223,497224,497227,3,1
497223,497224,497227,3,1
497223,497224,497227,3,1
497223,497226,497227,1,3
497223,497226,497227,1,3
497223,497227,497228,1,4
497223,497224,497228,4,1
497223,497226,497227,1,3
497223,497224,497228,4,1
497223,497227,497228,1,4
497223,497224,497228,4,1
497223,497228,497229,1,5
497223,497224,497229,5,1
497223,497224,497230,6,1
497223,497228,497229,1,5
497223,497228,497229,1,5
497223,497228,497229,1,5
497223,497227,497229,2,4
497223,497224,497229,5,1
497223,497229,497230,1,6
497223,497224,497230,6,1
497223,497228,497229,1,5
497223,497224,497230,6,1
497223,497229,497230,1,6
497223,497228,497230,2,5
497223,497224,497230,6,1
497223,497230,497231,1,7
497223,497224,497230,6,1
497223,497224,497230,6,1
497223,497230,497231,1,7
497223,497230,497231,1,7
497223,497224,497230,6,1
497223,497224,497231,7,1
497223,497230,497231,1,7
497223,497224,497230,6,1
497223,497224,497231,7,1
497223,497229,497231,2,6
497223,497228,497231,3,5
497223,497224,497232,8,1
497223,497224,497231,7,1
497223,497228,497231,3,5
497223,497224,497231,7,1
497223,497231,497232,1,8
497223,497224,497231,7,1
497223,497229,497231,2,6
497223,497224,497231,7,1
497223,497230,497231,1,7
497223,497230,497231,1,7
497223,497230,497231,1,7
497223,497230,497231,1,7
497223,497224,497232,8,1
497223,497224,497232,8,1
497223,497224,497232,8,1
497223,497230,497232,2,7
497223,497224,497233,9,1
497223,497224,497233,9,1
497223,497231,497232,1,8
497223,497224,497232,8,1
497223,497231,497232,1,8
497223,497224,497233,9,1
497223,497224,497233,9,1
497223,497224,497234,10,1
497223,497224,497234,10,1
497223,497224,497235,11,1
497223,497224,497236,12,1
497223,497224,497239,15,1
497223,497224,497241,17,1
497223,497228,497242,14,5
497223,497230,497243,13,7
497223,497231,497243,12,8
497255,497255,497256,1,0
497255,497255,497256,1,0
497255,497255,497256,1,0
497255,497255,497256,1,0
497255,497255,497256,1,0
497255,497256,497258,2,1
497255,497255,497258,3,0
497255,497255,497258,3,0
497255,497257,497258,1,2
497255,497255,497259,4,0
497255,497257,497258,1,2
497255,497257,497258,1,2
497255,497255,497259,4,0
497255,497257,497259,2,2
497255,497258,497259,1,3
497255,497255,497261,6,0
497255,497255,497260,5,0
497255,497255,497260,5,0
497255,497260,497261,1,5
497255,497259,497261,2,4
497255,497259,497260,1,4
497255,497259,497260,1,4
497255,497259,497260,1,4
497255,497259,497260,1,4
497255,497255,497261,6,0
497255,497255,497261,6,0
497255,497255,497261,6,0
497255,497255,497261,6,0
497255,497255,497262,7,0
497255,497255,497261,6,0
497255,497260,497261,1,5
497255,497255,497261,6,0
497255,497259,497261,2,4
497255,497255,497262,7,0
497255,497255,497262,7,0
497255,497261,497262,1,6
497255,497261,497262,1,6
497255,497255,497262,7,0
497255,497255,497261,6,0
497255,497255,497261,6,0
497255,497261,497262,1,6
497255,497255,497263,8,0
497255,497255,497263,8,0
497255,497255,497262,7,0
497255,497255,497262,7,0
497255,497255,497262,7,0
497255,497255,497263,8,0
497255,497260,497262,2,5
497255,497255,497262,7,0
497255,497262,497263,1,7
497255,497261,497262,1,6
497255,497255,497262,7,0
497255,497255,497262,7,0
497255,497261,497262,1,6
497255,497262,497263,1,7
497255,497255,497262,7,0
497255,497261,497262,1,6
497255,497262,497263,1,7
497255,497262,497263,1,7
497255,497262,497264,2,7
497255,497261,497263,2,6
497255,497261,497263,2,6
497255,497262,497264,2,7
497255,497262,497263,1,7
497255,497262,497263,1,7
497255,497261,497263,2,6
497255,497262,497264,2,7
497255,497255,497264,9,0
497255,497262,497265,3,7
497255,497255,497264,9,0
497255,497255,497265,10,0
497255,497255,497264,9,0
497255,497255,497265,10,0
497255,497255,497266,11,0
497255,497262,497265,3,7
497255,497255,497265,10,0
497255,497255,497268,13,0
497255,497255,497268,13,0
497255,497255,497268,13,0
497280,497280,497281,1,0
497280,497280,497281,1,0
497280,497280,497281,1,0
497280,497280,497282,2,0
497280,497280,497281,1,0
497280,497281,497283,2,1
497280,497282,497283,1,2
497280,497281,497283,2,1
497280,497280,497284,4,0
497280,497280,497284,4,0
497280,497280,497283,3,0
497280,497282,497284,2,2
497280,497282,497284,2,2
497280,497280,497284,4,0
497280,497283,497284,1,3
497280,497283,497285,2,3
497280,497284,497285,1,4
497280,497283,497285,2,3
497280,497284,497285,1,4
497280,497280,497286,6,0
497280,497280,497286,6,0
497280,497284,497286,2,4
497280,497285,497286,1,5
497280,497280,497286,6,0
497280,497280,497286,6,0
497280,497280,497287,7,0
497280,497280,497287,7,0
497280,497284,497287,3,4
497280,497280,497287,7,0
497280,497284,497287,3,4
497280,497284,497287,3,4
497280,497280,497287,7,0
497280,497280,497287,7,0
497280,497286,497287,1,6
497280,497280,497287,7,0
497280,497280,497287,7,0
497280,497285,497287,2,5
497280,497280,497287,7,0
497280,497280,497287,7,0
497280,497286,497287,1,6
497280,497280,497287,7,0
497280,497280,497287,7,0
497280,497287,497288,1,7
497280,497280,497288,8,0
497280,497280,497288,8,0
497280,497280,497287,7,0
497280,497280,497288,8,0
497280,497280,497288,8,0
497280,497287,497288,1,7
497280,497287,497288,1,7
497280,497287,497288,1,7
497280,497287,497288,1,7
497280,497280,497288,8,0
497280,497288,497289,1,8
497280,497287,497288,1,7
497280,497280,497288,8,0
497280,497280,497289,9,0
497280,497286,497288,2,6
497280,497280,497288,8,0
497280,497280,497289,9,0
497280,497280,497289,9,0
497280,497288,497289,1,8
497280,497280,497289,9,0
497280,497288,497289,1,8
497280,497280,497290,10,0
497280,497280,497289,9,0
497280,497287,497290,3,7
497280,497287,497290,3,7
497280,497280,497290,10,0
497280,497287,497290,3,7
497280,497280,497290,10,0
497280,497287,497290,3,7
497280,497280,497292,12,0
497280,497280,497292,12,0
497280,497280,497294,14,0
497280,497280,497294,14,0
497307,497307,497308,1,0
497307,497307,497308,1,0
497307,497307,497308,1,0
497307,497307,497308,1,0
497307,497307,497308,1,0
497307,497307,497310,3,0
497307,497307,497309,2,0
497307,497309,497310,1,2
497307,497307,497310,3,0
497307,497309,497310,1,2
497307,497309,497310,1,2
497307,497307,497311,4,0
497307,497309,497310,1,2
497307,497309,497310,1,2
497307,497307,497310,3,0
497307,497307,497311,4,0
497307,497307,497312,5,0
497307,497310,497311,1,3
497307,497311,497312,1,4
497307,497311,497312,1,4
497307,497307,497312,5,0
497307,497307,497312,5,0
497307,497310,497312,2,3
497307,497311,497312,1,4
497307,497311,497312,1,4
497307,497312,497313,1,5
497307,497310,497312,2,3
497307,497307,497313,6,0
497307,497311,497312,1,4
497307,497312,497313,1,5
497307,497307,497313,6,0
497307,497307,497314,7,0
497307,497311,497313,2,4
497307,497307,497314,7,0
497307,497312,497314,2,5
497307,497307,497314,7,0
497307,497313,497314,1,6
497307,497307,497314,7,0
497307,497307,497313,6,0
497307,497307,497313,6,0
497307,497312,497313,1,5
497307,497307,497313,6,0
497307,497312,497313,1,5
497307,497307,497314,7,0
497307,497307,497313,6,0
497307,497311,497313,2,4
497307,497307,497314,7,0
497307,497307,497314,7,0
497307,497307,497315,8,0
497307,497307,497314,7,0
497307,497307,497314,7,0
497307,497313,497314,1,6
497307,497313,497315,2,6
497307,497307,497314,7,0
497307,497313,497315,2,6
497307,497313,497315,2,6
497307,497313,497315,2,6
497307,497313,497314,1,6
497307,497307,497316,9,0
497307,497307,497315,8,0
497307,497307,497316,9,0
497307,497314,497316,2,7
497307,497313,497315,2,6
497307,497314,497316,2,7
497307,497307,497315,8,0
497307,497313,497315,2,6
497307,497307,497316,9,0
497307,497307,497315,8,0
497307,497313,497316,3,6
497307,497314,497317,3,7
497307,497314,497316,2,7
497307,497307,497316,9,0
497307,497307,497316,9,0
497307,497314,497317,3,7
497307,497307,497317,10,0
497307,497307,497318,11,0
497307,497307,497320,13,0
497307,497307,497321,14,0
497307,497307,497322,15,0
497334,497334,497335,1,0
497334,497334,497335,1,0
497334,497334,497335,1,0
497334,497334,497335,1,0
497334,497335,497336,1,1
497334,497334,497335,1,0
497334,497334,497336,2,0
497334,497334,497337,3,0
497334,497334,497336,2,0
497334,497334,497337,3,0
497334,497335,497336,1,1
497334,497334,497336,2,0
497334,497336,497337,1,2
497334,497335,497337,2,1
497334,497334,497337,3,0
497334,497334,497337,3,0
497334,497334,497337,3,0
497334,497334,497338,4,0
497334,497336,497337,1,2
497334,497336,497337,1,2
497334,497334,497338,4,0
497334,497334,497337,3,0
497334,497337,497338,1,3
497334,497334,497339,5,0
497334,497337,497338,1,3
497334,497338,497339,1,4
497334,497334,497338,4,0
497334,497337,497338,1,3
497334,497337,497338,1,3
497334,497334,497339,5,0
497334,497334,497340,6,0
497334,497337,497339,2,3
497334,497334,497340,6,0
497334,497337,497340,3,3
497334,497337,497340,3,3
497334,497334,497339,5,0
497334,497338,497340,2,4
497334,497334,497339,5,0
497334,497338,497339,1,4
497334,497334,497340,6,0
497334,497339,497340,1,5
497334,497337,497339,2,3
497334,497334,497340,6,0
497334,497338,497339,1,4
497334,497338,497341,3,4
497334,497334,497340,6,0
497334,497334,497341,7,0
497334,497334,497341,7,0
497334,497334,497340,6,0
497334,497339,497340,1,5
497334,497334,497341,7,0
497334,497334,497340,6,0
497334,497334,497341,7,0
497334,497334,497341,7,0
497334,497338,497341,3,4
497334,497338,497341,3,4
497334,497338,497341,3,4
497334,497338,497340,2,4
497334,497339,497341,2,5
497334,497339,497341,2,5
497334,497339,497341,2,5
497334,497334,497342,8,0
497334,497340,497342,2,6
497334,497340,497341,1,6
497334,497340,497341,1,6
497334,497334,497342,8,0
497334,497334,497341,7,0
497334,497334,497341,7,0
497334,497339,497342,3,5
497334,497334,497342,8,0
497334,497340,497343,3,6
497334,497334,497343,9,0
497334,497340,497342,2,6
497334,497340,497342,2,6
497334,497334,497343,9,0
497334,497334,497344,10,0
497334,497334,497343,9,0
497334,497334,497346,12,0
497334,497334,497345,11,0
497357,497357,497358,1,0
497357,497357,497358,1,0
497357,497357,497358,1,0
497357,497357,497358,1,0
497357,497358,497359,1,1
497357,497357,497359,2,0
497357,497357,497360,3,0
497357,497357,497360,3,0
497357,497357,497360,3,0
497357,497357,497360,3,0
497357,497357,497359,2,0
497357,497357,497360,3,0
497357,497357,497360,3,0
497357,497357,497360,3,0
497357,497358,497359,1,1
497357,497357,497360,3,0
497357,497358,497360,2,1
497357,497357,497361,4,0
497357,497359,497361,2,2
497357,497359,497361,2,2
497357,497357,497361,4,0
497357,497357,497360,3,0
497357,497360,497361,1,3
497357,497360,497362,2,3
497357,497357,497361,4,0
497357,497357,497361,4,0
497357,497360,497361,1,3
497357,497360,497362,2,3
497357,497357,497362,5,0
497357,497357,497362,5,0
497357,497357,497363,6,0
497357,497357,497362,5,0
497357,497357,497362,5,0
497357,497357,497363,6,0
497357,497357,497362,5,0
497357,497362,497363,1,5
497357,497361,497363,2,4
497357,497361,497363,2,4
497357,497357,497362,5,0
497357,497360,497363,3,3
497357,497360,497363,3,3
497357,497357,497363,6,0
497357,497361,497363,2,4
497357,497362,497363,1,5
497357,497357,497363,6,0
497357,497360,497363,3,3
497357,497357,497363,6,0
497357,497360,497363,3,3
497357,497360,497362,2,3
497357,497357,497362,5,0
497357,497360,497363,3,3
497357,497360,497362,2,3
497357,497360,497363,3,3
497357,497357,497363,6,0
497357,497361,497362,1,4
497357,497362,497363,1,5
497357,497357,497364,7,0
497357,497357,497364,7,0
497357,497357,497364,7,0
497357,497357,497364,7,0
497357,497363,497364,1,6
497357,497363,497364,1,6
497357,497362,497364,2,5
497357,497361,497364,3,4
497357,497361,497363,2,4
497357,497357,497364,7,0
497357,497362,497364,2,5
497357,497362,497363,1,5
497357,497357,497364,7,0
497357,497363,497365,2,6
497357,497357,497365,8,0
497357,497357,497365,8,0
497357,497357,497365,8,0
497357,497357,497366,9,0
497357,497363,497366,3,6
497357,497363,497366,3,6
497357,497363,497366,3,6
497357,497357,497367,10,0
497357,497357,497369,12,0
497381,497381,497382,1,0
497381,497381,497382,1,0
497381,497381,497383,2,0
497381,497381,497382,1,0
497381,497381,497382,1,0
497381,497381,497384,3,0
497381,497381,497384,3,0
497381,497382,497384,2,1
497381,497382,497384,2,1
497381,497381,497385,4,0
497381,497381,497384,3,0
497381,497381,497385,4,0
497381,497383,497385,2,2
497381,497383,497385,2,2
497381,497381,497386,5,0
497381,497383,497385,2,2
497381,497381,497386,5,0
497381,497381,497386,5,0
497381,497384,497386,2,3
497381,497381,497385,4,0
497381,497381,497387,6,0
497381,497381,497386,5,0
497381,497385,497387,2,4
497381,497381,497387,6,0
497381,497381,497387,6,0
497381,497381,497386,5,0
497381,497381,497387,6,0
497381,497381,497387,6,0
497381,497384,497386,2,3
497381,497381,497387,6,0
497381,497385,497387,2,4
497381,497381,497387,6,0
497381,497384,497386,2,3
497381,497381,497387,6,0
497381,497381,497387,6,0
497381,497381,497387,6,0
497381,497385,497387,2,4
497381,497385,497387,2,4
497381,497381,497387,6,0
497381,497381,497388,7,0
497381,497386,497388,2,5
497381,497381,497388,7,0
497381,497381,497387,6,0
497381,497381,497387,6,0
497381,497381,497388,7,0
497381,497387,497388,1,6
497381,497385,497388,3,4
497381,497386,497388,2,5
497381,497386,497388,2,5
497381,497381,497388,7,0
497381,497381,497388,7,0
497381,497386,497388,2,5
497381,497387,497388,1,6
497381,497381,497388,7,0
497381,497381,497389,8,0
497381,497386,497389,3,5
497381,497381,497389,8,0
497381,497387,497389,2,6
497381,497381,497389,8,0
497381,497386,497389,3,5
497381,497387,497389,2,6
497381,497381,497389,8,0
497381,497387,497389,2,6
497381,497387,497389,2,6
497381,497387,497388,1,6
497381,497381,497389,8,0
497381,497381,497390,9,0
497381,497387,497390,3,6
497381,497387,497390,3,6
497381,497384,497389,5,3
497381,497387,497390,3,6
497381,497387,497390,3,6
497381,497387,497389,2,6
497381,497381,497390,9,0
497381,497381,497391,10,0
497381,497381,497391,10,0
497381,497387,497395,8,6
497381,497387,497394,7,6
497381,497387,497395,8,6
497407,497407,497408,1,0
497407,497407,497408,1,0
497407,497407,497408,1,0
497407,497407,497408,1,0
497407,497407,497408,1,0
497407,497408,497410,2,1
497407,497407,497411,4,0
497407,497407,497410,3,0
497407,497409,497411,2,2
497407,497407,497411,4,0
497407,497407,497412,5,0
497407,497407,497412,5,0
497407,497407,497412,5,0
497407,497407,497412,5,0
497407,497409,497411,2,2
497407,497409,497411,2,2
497407,497409,497411,2,2
497407,497407,497411,4,0
497407,497410,497412,2,3
497407,497407,497412,5,0
497407,497407,497413,6,0
497407,497407,497413,6,0
497407,497407,497413,6,0
497407,497411,497413,2,4
497407,497407,497412,5,0
497407,497407,497413,6,0
497407,497407,497413,6,0
497407,497407,497413,6,0
497407,497407,497413,6,0
497407,497411,497413,2,4
497407,497407,497414,7,0
497407,497407,497414,7,0
497407,497412,497414,2,5
497407,497412,497414,2,5
497407,497412,497413,1,5
497407,497412,497414,2,5
497407,497407,497414,7,0
497407,497412,497414,2,5
497407,497413,497414,1,6
497407,497413,497414,1,6
497407,497407,497414,7,0
497407,497412,497414,2,5
497407,497412,497414,2,5
497407,497413,497414,1,6
497407,497407,497413,6,0
497407,497412,497414,2,5
497407,497407,497415,8,0
497407,497407,497414,7,0
497407,497411,497414,3,4
497407,497407,497415,8,0
497407,497407,497414,7,0
497407,497412,497415,3,5
497407,497413,497414,1,6
497407,497414,497415,1,7
497407,497413,497414,1,6
497407,497413,497415,2,6
497407,497414,497415,1,7
497407,497413,497414,1,6
497407,497413,497414,1,6
497407,497407,497416,9,0
497407,497407,497416,9,0
497407,497407,497416,9,0
497407,497412,497415,3,5
497407,497413,497416,3,6
497407,497407,497416,9,0
497407,497412,497415,3,5
497407,497413,497416,3,6
497407,497414,497416,2,7
497407,497407,497415,8,0
497407,497414,497415,1,7
497407,497407,497417,10,0
497407,497407,497416,9,0
497407,497414,497416,2,7
497407,497407,497417,10,0
497407,497407,497418,11,0
497407,497407,497417,10,0
497407,497407,497420,13,0
497407,497407,497421,14,0
497407,497407,497423,16,0
497436,497436,497437,1,0
497436,497436,497437,1,0
497436,497436,497437,1,0
497436,497436,497437,1,0
497436,497436,497437,1,0
497436,497436,497439,3,0
497436,497437,497439,2,1
497436,497436,497440,4,0
497436,497437,497440,3,1
497436,497436,497441,5,0
497436,497436,497441,5,0
497436,497436,497440,4,0
497436,497438,497441,3,2
497436,497438,497441,3,2
497436,497438,497441,3,2
497436,497439,497441,2,3
497436,497436,497440,4,0
497436,497439,497441,2,3
497436,497436,497442,6,0
497436,497436,497442,6,0
497436,497436,497442,6,0
497436,497436,497442,6,0
497436,497440,497442,2,4
497436,497436,497442,6,0
497436,497441,497442,1,5
497436,497436,497443,7,0
497436,497436,497443,7,0
497436,497436,497443,7,0
497436,497436,497443,7,0
497436,497441,497442,1,5
497436,497441,497443,2,5
497436,497441,497443,2,5
497436,497436,497443,7,0
497436,497436,497443,7,0
497436,497436,497443,7,0
497436,497441,497443,2,5
497436,497436,497444,8,0
497436,497436,497444,8,0
497436,497436,497444,8,0
497436,497441,497444,3,5
497436,497441,497444,3,5
497436,497441,497443,2,5
497436,497443,497444,1,7
497436,497442,497443,1,6
497436,497442,497444,2,6
497436,497442,497444,2,6
497436,497442,497443,1,6
497436,497436,497445,9,0
497436,497436,497444,8,0
497436,497436,497445,9,0
497436,497436,497445,9,0
497436,497440,497445,5,4
497436,497436,497444,8,0
497436,497436,497445,9,0
497436,497442,497445,3,6
497436,497442,497445,3,6
497436,497442,497445,3,6
497436,497441,497445,4,5
497436,497443,497444,1,7
497436,497436,497445,9,0
497436,497436,497445,9,0
497436,497443,497445,2,7
497436,497436,497445,9,0
497436,497443,497445,2,7
497436,497444,497445,1,8
497436,497444,497445,1,8
497436,497444,497445,1,8
497436,497436,497446,10,0
497436,497436,497446,10,0
497436,497436,497447,11,0
497436,497436,497449,13,0
497436,497436,497450,14,0
497436,497436,497466,30,0
497436,497436,497468,32,0
497436,497436,497474,38,0
497436,497436,497473,37,0
497484,497484,497485,1,0
497484,497484,497485,1,0
497484,497484,497485,1,0
497484,497484,497485,1,0
497484,497484,497485,1,0
497484,497486,497487,1,2
497484,497485,497486,1,1
497484,497484,497487,3,0
497484,497486,497487,1,2
497484,497484,497488,4,0
497484,497484,497488,4,0
497484,497486,497488,2,2
497484,497486,497488,2,2
497484,497484,497488,4,0
497484,497487,497488,1,3
497484,497487,497489,2,3
497484,497484,497490,6,0
497484,497484,497489,5,0
497484,497484,497489,5,0
497484,497484,497489,5,0
497484,497484,497490,6,0
497484,497484,497489,5,0
497484,497484,497489,5,0
497484,497488,497490,2,4
497484,497488,497489,1,4
497484,497484,497490,6,0
497484,497484,497489,5,0
497484,497484,497490,6,0
497484,497484,497490,6,0
497484,497484,497490,6,0
497484,497489,497490,1,5
497484,497489,497491,2,5
497484,497484,497490,6,0
497484,497489,497490,1,5
497484,497484,497490,6,0
497484,497489,497490,1,5
497484,497489,497490,1,5
497484,497484,497491,7,0
497484,497489,497490,1,5
497484,497490,497491,1,6
497484,497490,497491,1,6
497484,497484,497492,8,0
497484,497484,497491,7,0
497484,497484,497491,7,0
497484,497484,497491,7,0
497484,497490,497492,2,6
497484,497490,497492,2,6
497484,497491,497492,1,7
497484,497484,497491,7,0
497484,497490,497492,2,6
497484,497491,497492,1,7
497484,497491,497492,1,7
497484,497491,497492,1,7
497484,497491,497492,1,7
497484,497490,497492,2,6
497484,497490,497492,2,6
497484,497490,497492,2,6
497484,497484,497492,8,0
497484,497484,497492,8,0
497484,497490,497493,3,6
497484,497489,497492,3,5
497484,497484,497492,8,0
497484,497484,497492,8,0
497484,497491,497492,1,7
497484,497484,497492,8,0
497484,497491,497492,1,7
497484,497484,497493,9,0
497484,497484,497493,9,0
497484,497491,497493,2,7
497484,497484,497495,11,0
497484,497484,497494,10,0
497484,497484,497495,11,0
497484,497490,497494,4,6
497484,497484,497496,12,0
497484,497490,497496,6,6
497484,497484,497507,23,0
497484,497484,497514,30,0
497484,497484,497516,32,0
497484,497484,497522,38,0
497532,497532,497533,1,0
497532,497532,497533,1,0
497532,497532,497533,1,0
497532,497532,497533,1,0
497532,497532,497533,1,0
497532,497533,497534,1,1
497532,497533,497534,1,1
497532,497533,497535,2,1
497532,497534,497535,1,2
497532,497534,497535,1,2
497532,497534,497535,1,2
497532,497532,497535,3,0
497532,497534,497535,1,2
497532,497535,497537,2,3
497532,497532,497536,4,0
497532,497535,497537,2,3
497532,497532,497537,5,0
497532,497532,497537,5,0
497532,497532,497537,5,0
497532,497532,497538,6,0
497532,497536,497538,2,4
497532,497532,497538,6,0
497532,497532,497538,6,0
497532,497532,497537,5,0
497532,497536,497537,1,4
497532,497536,497538,2,4
497532,497532,497538,6,0
497532,497532,497538,6,0
497532,497532,497539,7,0
497532,497532,497539,7,0
497532,497532,497539,7,0
497532,497532,497538,6,0
497532,497536,497538,2,4
497532,497532,497538,6,0
497532,497532,497539,7,0
497532,497532,497538,6,0
497532,497537,497538,1,5
497532,497537,497538,1,5
497532,497537,497538,1,5
497532,497532,497540,8,0
497532,497538,497539,1,6
497532,497539,497540,1,7
497532,497532,497539,7,0
497532,497538,497540,2,6
497532,497532,497540,8,0
497532,497538,497539,1,6
497532,497539,497540,1,7
497532,497539,497540,1,7
497532,497538,497539,1,6
497532,497538,497540,2,6
497532,497538,497540,2,6
497532,497538,497540,2,6
497532,497538,497539,1,6
497532,497538,497539,1,6
497532,497539,497541,2,7
497532,497532,497540,8,0
497532,497538,497540,2,6
497532,497532,497540,8,0
497532,497532,497541,9,0
497532,497532,497541,9,0
497532,497538,497541,3,6
497532,497539,497541,2,7
497532,497532,497540,8,0
497532,497539,497540,1,7
497532,497532,497541,9,0
497532,497532,497542,10,0
497532,497539,497541,2,7
497532,497532,497542,10,0
497532,497538,497541,3,6
497532,497532,497542,10,0
497532,497532,497542,10,0
497532,497532,497543,11,0
497532,497532,497542,10,0
497532,497532,497543,11,0
497532,497532,497544,12,0
497532,497532,497550,18,0
497532,497532,497553,21,0
497532,497532,497554,22,0
497532,497532,497555,23,0
497567,497567,497568,1,0
497567,497567,497568,1,0
497567,497567,497568,1,0
497567,497567,497568,1,0
497567,497567,497568,1,0
497567,497567,497569,2,0
497567,497567,497569,2,0
497567,497567,497569,2,0
497567,497569,497570,1,2
497567,497569,497570,1,2
497567,497569,497570,1,2
497567,497570,497571,1,3
497567,497569,497570,1,2
497567,497569,497570,1,2
497567,497567,497572,5,0
497567,497571,497572,1,4
497567,497567,497571,4,0
497567,497567,497572,5,0
497567,497570,497571,1,3
497567,497567,497572,5,0
497567,497570,497571,1,3
497567,497567,497572,5,0
497567,497567,497572,5,0
497567,497567,497572,5,0
497567,497571,497573,2,4
497567,497571,497572,1,4
497567,497567,497572,5,0
497567,497567,497573,6,0
497567,497567,497573,6,0
497567,497571,497572,1,4
497567,497567,497572,5,0
497567,497567,497573,6,0
497567,497572,497573,1,5
497567,497567,497572,5,0
497567,497571,497572,1,4
497567,497571,497572,1,4
497567,497567,497573,6,0
497567,497567,497574,7,0
497567,497573,497574,1,6
497567,497572,497574,2,5
497567,497572,497573,1,5
497567,497573,497574,1,6
497567,497572,497573,1,5
497567,497572,497573,1,5
497567,497572,497574,2,5
497567,497572,497573,1,5
497567,497573,497574,1,6
497567,497573,497574,1,6
497567,497573,497574,1,6
497567,497567,497574,7,0
497567,497567,497575,8,0
497567,497573,497574,1,6
497567,497573,497574,1,6
497567,497573,497574,1,6
497567,497573,497575,2,6
497567,497573,497574,1,6
497567,497573,497574,1,6
497567,497567,497576,9,0
497567,497567,497575,8,0
497567,497567,497575,8,0
497567,497567,497576,9,0
497567,497567,497575,8,0
497567,497573,497576,3,6
497567,497573,497575,2,6
497567,497573,497576,3,6
497567,497567,497577,10,0
497567,497567,497577,10,0
497567,497567,497577,10,0
497567,497567,497578,11,0
497567,497567,497578,11,0
497567,497567,497579,12,0
497567,497567,497578,11,0
497567,497567,497579,12,0
497567,497567,497582,15,0
497567,497567,497584,17,0
497567,497567,497596,29,0
497567,497567,497596,29,0
497567,497567,497598,31,0
497567,497567,497599,32,0
497610,497611,497612,1,1
497610,497611,497612,1,1
497610,497611,497612,1,1
497610,497611,497612,1,1
497610,497611,497612,1,1
497610,497611,497612,1,1
497610,497612,497614,2,2
497610,497613,497614,1,3
497610,497613,497614,1,3
497610,497612,497614,2,2
497610,497611,497616,5,1
497610,497613,497615,2,3
497610,497611,497615,4,1
497610,497613,497615,2,3
497610,497611,497616,5,1
497610,497611,497615,4,1
497610,497614,497616,2,4
497610,497611,497616,5,1
497610,497611,497616,5,1
497610,497611,497617,6,1
497610,497611,497616,5,1
497610,497615,497616,1,5
497610,497611,497616,5,1
497610,497611,497617,6,1
497610,497616,497617,1,6
497610,497611,497616,5,1
497610,497616,497617,1,6
497610,497616,497617,1,6
497610,497611,497617,6,1
497610,497611,497618,7,1
497610,497611,497617,6,1
497610,497611,497617,6,1
497610,497611,497617,6,1
497610,497616,497617,1,6
497610,497611,497617,6,1
497610,497615,497617,2,5
497610,497611,497617,6,1
497610,497615,497617,2,5
497610,497617,497618,1,7
497610,497616,497617,1,6
497610,497616,497617,1,6
497610,497611,497618,7,1
497610,497611,497619,8,1
497610,497611,497618,7,1
497610,497611,497618,7,1
497610,497618,497619,1,8
497610,497618,497619,1,8
497610,497617,497618,1,7
497610,497617,497619,2,7
497610,497617,497618,1,7
497610,497617,497618,1,7
497610,497617,497618,1,7
497610,497618,497619,1,8
497610,497617,497618,1,7
497610,497617,497618,1,7
497610,497611,497619,8,1
497610,497611,497619,8,1
497610,497616,497619,3,6
497610,497618,497620,2,8
497610,497611,497619,8,1
497610,497617,497619,2,7
497610,497611,497619,8,1
497610,497611,497620,9,1
497610,497611,497620,9,1
497610,497618,497620,2,8
497610,497617,497620,3,7
497610,497618,497620,2,8
497610,497617,497621,4,7
497610,497618,497620,2,8
497610,497611,497621,10,1
497610,497611,497621,10,1
497610,497611,497621,10,1
497610,497611,497622,11,1
497610,497611,497623,12,1
497610,497611,497623,12,1
497610,497611,497626,15,1
497610,497611,497626,15,1
497610,497611,497627,16,1
497610,497611,497632,21,1
497645,497645,497646,1,0
497645,497645,497646,1,0
497645,497645,497646,1,0
497645,497645,497646,1,0
497645,497645,497646,1,0
497645,497645,497647,2,0
497645,497645,497649,4,0
497645,497645,497648,3,0
497645,497647,497649,2,2
497645,497647,497649,2,2
497645,497646,497648,2,1
497645,497647,497649,2,2
497645,497645,497650,5,0
497645,497647,497649,2,2
497645,497645,497649,4,0
497645,497645,497649,4,0
497645,497645,497650,5,0
497645,497648,497650,2,3
497645,497645,497650,5,0
497645,497645,497651,6,0
497645,497645,497650,5,0
497645,497645,497650,5,0
497645,497645,497651,6,0
497645,497650,497651,1,5
497645,497649,497651,2,4
497645,497645,497650,5,0
497645,497645,497651,6,0
497645,497649,497651,2,4
497645,497650,497651,1,5
497645,497645,497651,6,0
497645,497649,497650,1,4
497645,497645,497652,7,0
497645,497645,497651,6,0
497645,497645,497651,6,0
497645,497645,497652,7,0
497645,497649,497651,2,4
497645,497645,497651,6,0
497645,497650,497651,1,5
497645,497645,497651,6,0
497645,497645,497651,6,0
497645,497650,497651,1,5
497645,497651,497652,1,6
497645,497645,497652,7,0
497645,497650,497651,1,5
497645,497651,497652,1,6
497645,497651,497652,1,6
497645,497645,497652,7,0
497645,497645,497653,8,0
497645,497645,497652,7,0
497645,497650,497652,2,5
497645,497649,497652,3,4
497645,497651,497653,2,6
497645,497652,497653,1,7
497645,497651,497652,1,6
497645,497651,497652,1,6
497645,497651,497652,1,6
497645,497651,497652,1,6
497645,497651,497652,1,6
497645,497651,497652,1,6
497645,497645,497653,8,0
497645,497649,497653,4,4
497645,497652,497654,2,7
497645,497645,497653,8,0
497645,497651,497653,2,6
497645,497645,497654,9,0
497645,497645,497654,9,0
497645,497645,497654,9,0
497645,497651,497654,3,6
497645,497652,497654,2,7
497645,497645,497654,9,0
497645,497652,497655,3,7
497645,497651,497655,4,6
497645,497645,497656,11,0
497645,497645,497656,11,0
497645,497645,497658,13,0
497645,497645,497658,13,0
497645,497645,497658,13,0
497645,497645,497659,14,0
497645,497645,497660,15,0
497673,497673,497674,1,0
497673,497673,497674,1,0
497673,497673,497674,1,0
497673,497673,497674,1,0
497673,497673,497674,1,0
497673,497674,497676,2,1
497673,497675,497677,2,2
497673,497673,497676,3,0
497673,497675,497676,1,2
497673,497675,497676,1,2
497673,497675,497676,1,2
497673,497676,497677,1,3
497673,497673,497677,4,0
497673,497673,497678,5,0
497673,497673,497677,4,0
497673,497673,497677,4,0
497673,497673,497677,4,0
497673,497673,497678,5,0
497673,497673,497679,6,0
497673,497673,497679,6,0
497673,497673,497679,6,0
497673,497677,497678,1,4
497673,497673,497678,5,0
497673,497673,497678,5,0
497673,497673,497679,6,0
497673,497673,497678,5,0
497673,497677,497679,2,4
497673,497673,497679,6,0
497673,497677,497678,1,4
497673,497677,497678,1,4
497673,497677,497678,1,4
497673,497677,497679,2,4
497673,497673,497680,7,0
497673,497673,497679,6,0
497673,497678,497680,2,5
497673,497673,497679,6,0
497673,497679,497680,1,6
497673,497679,497680,1,6
497673,497673,497679,6,0
497673,497678,497679,1,5
497673,497673,497680,7,0
497673,497679,497680,1,6
497673,497673,497680,7,0
497673,497673,497679,6,0
497673,497673,497680,7,0
497673,497678,497681,3,5
497673,497678,497680,2,5
497673,497678,497680,2,5
497673,497673,497681,8,0
497673,497673,497680,7,0
497673,497680,497681,1,7
497673,497673,497680,7,0
497673,497679,497680,1,6
497673,497679,497680,1,6
497673,497679,497680,1,6
497673,497679,497680,1,6
497673,497679,497680,1,6
497673,497673,497681,8,0
497673,497673,497680,7,0
497673,497679,497680,1,6
497673,497673,497681,8,0
497673,497679,497681,2,6
497673,497679,497682,3,6
497673,497679,497681,2,6
497673,497679,497681,2,6
497673,497679,497681,2,6
497673,497673,497681,8,0
497673,497679,497682,3,6
497673,497680,497682,2,7
497673,497673,497683,10,0
497673,497680,497682,2,7
497673,497673,497683,10,0
497673,497673,497683,10,0
497673,497673,497685,12,0
497673,497673,497685,12,0
497673,497673,497684,11,0
497673,497673,497686,13,0
497673,497673,497686,13,0
497673,497673,497688,15,0
497700,497700,497701,1,0
497700,497700,497701,1,0
497700,497700,497701,1,0
497700,497700,497702,2,0
497700,497700,497701,1,0
497700,497701,497702,1,1
497700,497700,497703,3,0
497700,497701,497703,2,1
497700,497700,497704,4,0
497700,497700,497704,4,0
497700,497700,497704,4,0
497700,497700,497704,4,0
497700,497702,497704,2,2
497700,497702,497704,2,2
497700,497702,497704,2,2
497700,497700,497705,5,0
497700,497700,497705,5,0
497700,497700,497705,5,0
497700,497700,497705,5,0
497700,497703,497705,2,3
497700,497700,497705,5,0
497700,497700,497705,5,0
497700,497700,497705,5,0
497700,497703,497705,2,3
497700,497703,497704,1,3
497700,497705,497706,1,5
497700,497700,497706,6,0
497700,497704,497706,2,4
497700,497700,497706,6,0
497700,497704,497705,1,4
497700,497704,497706,2,4
497700,497705,497706,1,5
497700,497705,497706,1,5
497700,497705,497706,1,5
497700,497700,497707,7,0
497700,497700,497707,7,0
497700,497706,497707,1,6
497700,497705,497707,2,5
497700,497700,497706,6,0
497700,497700,497706,6,0
497700,497700,497707,7,0
497700,497704,497707,3,4
497700,497704,497707,3,4
497700,497700,497707,7,0
497700,497700,497707,7,0
497700,497706,497707,1,6
497700,497700,497707,7,0
497700,497700,497707,7,0
497700,497706,497707,1,6
497700,497700,497707,7,0
497700,497700,497707,7,0
497700,497706,497707,1,6
497700,497700,497707,7,0
497700,497706,497707,1,6
497700,497706,497707,1,6
497700,497705,497708,3,5
497700,497705,497708,3,5
497700,497700,497708,8,0
497700,497705,497707,2,5
497700,497706,497708,2,6
497700,497705,497707,2,5
497700,497706,497708,2,6
497700,497706,497707,1,6
497700,497700,497708,8,0
497700,497700,497709,9,0
497700,497700,497709,9,0
497700,497700,497709,9,0
497700,497700,497709,9,0
497700,497700,497710,10,0
497700,497707,497710,3,7
497700,497700,497711,11,0
497700,497704,497711,7,4
497700,497700,497713,13,0
497700,497705,497713,8,5
497700,497704,497714,10,4
497700,497700,497715,15,0
497700,497700,497716,16,0
497700,497700,497717,17,0
497700,497700,497720,20,0
497732,497732,497733,1,0
497732,497732,497733,1,0
497732,497732,497733,1,0
497732,497732,497733,1,0
497732,497732,497733,1,0
497732,497732,497734,2,0
497732,497733,497735,2,1
497732,497732,497736,4,0
497732,497732,497736,4,0
497732,497733,497735,2,1
497732,497732,497736,4,0
497732,497734,497736,2,2
497732,497732,497735,3,0
497732,497734,497736,2,2
497732,497734,497736,2,2
497732,497732,497736,4,0
497732,497734,497736,2,2
497732,497732,497736,4,0
497732,497732,497737,5,0
497732,497735,497737,2,3
497732,497736,497737,1,4
497732,497732,497738,6,0
497732,497736,497737,1,4
497732,497736,497738,2,4
497732,497732,497738,6,0
497732,497736,497737,1,4
497732,497737,497738,1,5
497732,497732,497738,6,0
497732,497732,497738,6,0
497732,497736,497737,1,4
497732,497736,497738,2,4
497732,497732,497738,6,0
497732,497732,497739,7,0
497732,497732,497738,6,0
497732,497732,497739,7,0
497732,497732,497738,6,0
497732,497732,497738,6,0
497732,497732,497739,7,0
497732,497736,497739,3,4
497732,497737,497738,1,5
497732,497738,497739,1,6
497732,497732,497739,7,0
497732,497737,497738,1,5
497732,497737,497738,1,5
497732,497738,497739,1,6
497732,497738,497739,1,6
497732,497732,497740,8,0
497732,497737,497739,2,5
497732,497732,497740,8,0
497732,497732,497739,7,0
497732,497736,497740,4,4
497732,497737,497739,2,5
497732,497738,497739,1,6
497732,497738,497739,1,6
497732,497732,497739,7,0
497732,497738,497739,1,6
497732,497738,497739,1,6
497732,497738,497740,2,6
497732,497738,497739,1,6
497732,497738,497739,1,6
497732,497732,497740,8,0
497732,497732,497740,8,0
497732,497732,497740,8,0
497732,497738,497740,2,6
497732,497739,497741,2,7
497732,497739,497741,2,7
497732,497739,497741,2,7
497732,497732,497741,9,0
497732,497732,497742,10,0
497732,497732,497741,9,0
497732,497732,497742,10,0
497732,497732,497742,10,0
497732,497732,497741,9,0
497732,497732,497743,11,0
497732,497732,497743,11,0
497732,497732,497743,11,0
497732,497732,497743,11,0
497732,497732,497744,12,0
497732,497732,497746,14,0
497758,497758,497759,1,0
497758,497758,497759,1,0
497758,497758,497759,1,0
497758,497758,497760,2,0
497758,497758,497760,2,0
497758,497760,497762,2,2
497758,497758,497761,3,0
497758,497760,497762,2,2
497758,497761,497762,1,3
497758,497759,497762,3,1
497758,497759,497763,4,1
497758,497760,497762,2,2
497758,497761,497762,1,3
497758,497759,497763,4,1
497758,497759,497763,4,1
497758,497759,497763,4,1
497758,497759,497763,4,1
497758,497759,497763,4,1
497758,497762,497763,1,4
497758,497759,497763,4,1
497758,497759,497763,4,1
497758,497759,497763,4,1
497758,497762,497763,1,4
497758,497759,497764,5,1
497758,497759,497764,5,1
497758,497759,497764,5,1
497758,497759,497764,5,1
497758,497759,497764,5,1
497758,497758,497764,6,0
497758,497759,497764,5,1
497758,497763,497764,1,5
497758,497759,497764,5,1
497758,497758,497764,6,0
497758,497763,497764,1,5
497758,497763,497764,1,5
497758,497759,497764,5,1
497758,497758,497764,6,0
497758,497759,497764,5,1
497758,497763,497764,1,5
497758,497764,497765,1,6
497758,497759,497764,5,1
497758,497763,497764,1,5
497758,497764,497765,1,6
497758,497763,497765,2,5
497758,497759,497765,6,1
497758,497765,497766,1,7
497758,497765,497766,1,7
497758,497765,497766,1,7
497758,497758,497766,8,0
497758,497764,497765,1,6
497758,497764,497765,1,6
497758,497765,497766,1,7
497758,497764,497765,1,6
497758,497759,497765,6,1
497758,497765,497766,1,7
497758,497765,497766,1,7
497758,497765,497766,1,7
497758,497764,497766,2,6
497758,497764,497766,2,6
497758,497765,497766,1,7
497758,497764,497766,2,6
497758,497759,497767,8,1
497758,497758,497768,10,0
497758,497765,497767,2,7
497758,497765,497767,2,7
497758,497764,497767,3,6
497758,497765,497767,2,7
497758,497765,497767,2,7
497758,497759,497768,9,1
497758,497759,497768,9,1
497758,497759,497768,9,1
497758,497758,497769,11,0
497758,497764,497768,4,6
497758,497759,497769,10,1
497758,497758,497769,11,0
497758,497758,497769,11,0
497758,497758,497769,11,0
497758,497759,497771,12,1
497758,497758,497775,17,0
497786,497786,497788,2,0
497786,497786,497788,2,0
497786,497786,497788,2,0
497786,497786,497788,2,0
497786,497786,497788,2,0
497786,497786,497788,2,0
497786,497787,497790,3,1
497786,497787,497790,3,1
497786,497789,497791,2,3
497786,497789,497791,2,3
497786,497789,497790,1,3
497786,497787,497791,4,1
497786,497786,497791,5,0
497786,497787,497791,4,1
497786,497789,497791,2,3
497786,497789,497791,2,3
497786,497789,497791,2,3
497786,497787,497792,5,1
497786,497787,497792,5,1
497786,497791,497792,1,5
497786,497786,497792,6,0
497786,497787,497792,5,1
497786,497791,497792,1,5
497786,497792,497793,1,6
497786,497792,497793,1,6
497786,497792,497793,1,6
497786,497786,497793,7,0
497786,497787,497793,6,1
497786,497786,497793,7,0
497786,497787,497793,6,1
497786,497792,497793,1,6
497786,497786,497794,8,0
497786,497791,497793,2,5
497786,497793,497794,1,7
497786,497786,497794,8,0
497786,497786,497794,8,0
497786,497792,497793,1,6
497786,497787,497794,7,1
497786,497791,497794,3,5
497786,497787,497795,8,1
497786,497787,497794,7,1
497786,497793,497794,1,7
497786,497794,497795,1,8
497786,497786,497794,8,0
497786,497794,497795,1,8
497786,497787,497794,7,1
497786,497794,497795,1,8
497786,497793,497794,1,7
497786,497793,497794,1,7
497786,497794,497795,1,8
497786,497794,497795,1,8
497786,497794,497795,1,8
497786,497792,497795,3,6
497786,497793,497795,2,7
497786,497787,497795,8,1
497786,497794,497795,1,8
497786,497794,497795,1,8
497786,497794,497795,1,8
497786,497794,497795,1,8
497786,497794,497795,1,8
497786,497794,497795,1,8
497786,497787,497796,9,1
497786,497786,497796,10,0
497786,497787,497796,9,1
497786,497787,497796,9,1
497786,497786,497797,11,0
497786,497787,497797,10,1
497786,497787,497798,11,1
497786,497787,497798,11,1
497786,497787,497798,11,1
497786,497791,497798,7,5
497786,497793,497798,5,7
497786,497787,497799,12,1
497786,497787,497799,12,1
497786,497787,497799,12,1
497786,497787,497800,13,1
497786,497787,497800,13,1
497786,497787,497801,14,1
497786,497786,497803,17,0
497815,497815,497816,1,0
497815,497815,497816,1,0
497815,497815,497816,1,0
497815,497815,497816,1,0
497815,497815,497816,1,0
497815,497815,497817,2,0
497815,497816,497817,1,1
497815,497816,497817,1,1
497815,497817,497818,1,2
497815,497817,497819,2,2
497815,497817,497819,2,2
497815,497815,497819,4,0
497815,497818,497819,1,3
497815,497817,497819,2,2
497815,497818,497820,2,3
497815,497815,497821,6,0
497815,497815,497821,6,0
497815,497815,497820,5,0
497815,497819,497821,2,4
497815,497815,497820,5,0
497815,497819,497821,2,4
497815,497819,497821,2,4
497815,497820,497821,1,5
497815,497820,497821,1,5
497815,497815,497822,7,0
497815,497815,497822,7,0
497815,497815,497821,6,0
497815,497815,497822,7,0
497815,497815,497822,7,0
497815,497815,497822,7,0
497815,497815,497822,7,0
497815,497815,497821,6,0
497815,497815,497821,6,0
497815,497815,497821,6,0
497815,497815,497822,7,0
497815,497815,497821,6,0
497815,497815,497822,7,0
497815,497815,497821,6,0
497815,497815,497822,7,0
497815,497820,497822,2,5
497815,497821,497822,1,6
497815,497815,497823,8,0
497815,497820,497823,3,5
497815,497821,497823,2,6
497815,497821,497823,2,6
497815,497822,497823,1,7
497815,497822,497823,1,7
497815,497821,497822,1,6
497815,497821,497822,1,6
497815,497821,497822,1,6
497815,497822,497823,1,7
497815,497822,497823,1,7
497815,497815,497823,8,0
497815,497821,497822,1,6
497815,497822,497823,1,7
497815,497822,497823,1,7
497815,497815,497823,8,0
497815,497821,497823,2,6
497815,497821,497824,3,6
497815,497822,497824,2,7
497815,497822,497824,2,7
497815,497822,497825,3,7
497815,497822,497824,2,7
497815,497815,497824,9,0
497815,497815,497825,10,0
497815,497815,497825,10,0
497815,497822,497825,3,7
497815,497815,497826,11,0
497815,497815,497826,11,0
497815,497815,497827,12,0
497815,497815,497827,12,0
497815,497815,497828,13,0
497815,497815,497829,14,0
497815,497815,497831,16,0
497815,497815,497831,16,0
497815,497815,497833,18,0
497815,497815,497840,25,0
497815,497815,497845,30,0
497815,497815,497847,32,0
497859,497859,497860,1,0
497859,497859,497860,1,0
497859,497859,497860,1,0
497859,497859,497860,1,0
497859,497859,497860,1,0
497859,497859,497860,1,0
497859,497861,497862,1,2
497859,497861,497863,2,2
497859,497861,497863,2,2
497859,497861,497862,1,2
497859,497861,497863,2,2
497859,497859,497864,5,0
497859,497859,497864,5,0
497859,497861,497863,2,2
497859,497859,497864,5,0
497859,497859,497864,5,0
497859,497859,497865,6,0
497859,497863,497865,2,4
497859,497859,497865,6,0
497859,497863,497864,1,4
497859,497859,497864,5,0
497859,497859,497865,6,0
497859,497863,497865,2,4
497859,497863,497864,1,4
497859,497859,497865,6,0
497859,497859,497866,7,0
497859,497864,497866,2,5
497859,497864,497866,2,5
497859,497864,497866,2,5
497859,497865,497866,1,6
497859,497859,497865,6,0
497859,497865,497866,1,6
497859,497859,497866,7,0
497859,497859,497866,7,0
497859,497865,497866,1,6
497859,497859,497867,8,0
497859,497865,497866,1,6
497859,497859,497867,8,0
497859,497865,497867,2,6
497859,497865,497867,2,6
497859,497866,497867,1,7
497859,497865,497867,2,6
497859,497866,497867,1,7
497859,497865,497867,2,6
497859,497865,497866,1,6
497859,497859,497866,7,0
497859,497866,497867,1,7
497859,497866,497867,1,7
497859,497866,497867,1,7
497859,497859,497868,9,0
497859,497859,497868,9,0
497859,497865,497868,3,6
497859,497859,497867,8,0
497859,497866,497867,1,7
497859,497866,497867,1,7
497859,497859,497868,9,0
497859,497866,497867,1,7
497859,497866,497867,1,7
497859,497866,497867,1,7
497859,497859,497869,10,0
497859,497859,497868,9,0
497859,497859,497868,9,0
497859,497864,497868,4,5
497859,497859,497868,9,0
497859,497859,497868,9,0
497859,497866,497868,2,7
497859,497859,497870,11,0
497859,497859,497869,10,0
497859,497859,497869,10,0
497859,497859,497871,12,0
497859,497859,497873,14,0
497859,497859,497874,15,0
497859,497859,497875,16,0
497859,497859,497876,17,0
497859,497859,497878,19,0
497859,497859,497896,37,0
497859,497859,497898,39,0
497859,497859,497901,42,0
497859,497859,497905,46,0
497913,497913,497915,2,0
497913,497914,497915,1,1
497913,497913,497915,2,0
497913,497913,497915,2,0
497913,497913,497915,2,0
497913,497913,497915,2,0
497913,497914,497917,3,1
497913,497914,497916,2,1
497913,497915,497916,1,2
497913,497915,497916,1,2
497913,497914,497917,3,1
497913,497914,497917,3,1
497913,497916,497917,1,3
497913,497916,497917,1,3
497913,497916,497917,1,3
497913,497916,497917,1,3
497913,497914,497918,4,1
497913,497914,497918,4,1
497913,497917,497919,2,4
497913,497917,497918,1,4
497913,497918,497919,1,5
497913,497913,497919,6,0
497913,497914,497919,5,1
497913,497913,497920,7,0
497913,497914,497919,5,1
497913,497918,497920,2,5
497913,497918,497919,1,5
497913,497913,497919,6,0
497913,497914,497919,5,1
497913,497914,497920,6,1
497913,497919,497920,1,6
497913,497914,497919,5,1
497913,497919,497920,1,6
497913,497917,497920,3,4
497913,497914,497920,6,1
497913,497914,497920,6,1
497913,497914,497920,6,1
497913,497920,497921,1,7
497913,497914,497920,6,1
497913,497918,497920,2,5
497913,497920,497921,1,7
497913,497914,497921,7,1
497913,497914,497921,7,1
497913,497920,497921,1,7
497913,497920,497921,1,7
497913,497920,497921,1,7
497913,497920,497921,1,7
497913,497920,497921,1,7
497913,497920,497921,1,7
497913,497920,497921,1,7
497913,497914,497922,8,1
497913,497919,497921,2,6
497913,497917,497921,4,4
497913,497919,497922,3,6
497913,497914,497921,7,1
497913,497920,497921,1,7
497913,497920,497921,1,7
497913,497920,497921,1,7
497913,497920,497921,1,7
497913,497914,497922,8,1
497913,497914,497922,8,1
497913,497921,497922,1,8
497913,497914,497923,9,1
497913,497914,497923,9,1
497913,497914,497923,9,1
497913,497914,497923,9,1
497913,497921,497923,2,8
497913,497914,497924,10,1
497913,497914,497924,10,1
497913,497914,497924,10,1
497913,497914,497926,12,1
497913,497914,497926,12,1
497913,497914,497927,13,1
497913,497918,497927,9,5
497913,497918,497928,10,5
497913,497914,497929,15,1
497913,497914,497929,15,1
497913,497914,497930,16,1
497913,497914,497932,18,1
497945,497945,497946,1,0
497945,497945,497946,1,0
497945,497945,497946,1,0
497945,497945,497946,1,0
497945,497945,497946,1,0
497945,497945,497946,1,0
497945,497946,497947,1,1
497945,497946,497948,2,1
497945,497946,497947,1,1
497945,497945,497949,4,0
497945,497945,497949,4,0
497945,497945,497948,3,0
497945,497947,497949,2,2
497945,497947,497949,2,2
497945,497945,497949,4,0
497945,497947,497949,2,2
497945,497945,497950,5,0
497945,497948,497950,2,3
497945,497948,497950,2,3
497945,497945,497949,4,0
497945,497945,497950,5,0
497945,497949,497951,2,4
497945,497945,497951,6,0
497945,497945,497951,6,0
497945,497950,497951,1,5
497945,497945,497951,6,0
497945,497948,497950,2,3
497945,497950,497951,1,5
497945,497945,497951,6,0
497945,497949,497951,2,4
497945,497950,497951,1,5
497945,497945,497951,6,0
497945,497949,497951,2,4
497945,497949,497951,2,4
497945,497945,497952,7,0
497945,497945,497952,7,0
497945,497945,497952,7,0
497945,497945,497951,6,0
497945,497950,497951,1,5
497945,497951,497952,1,6
497945,497945,497952,7,0
497945,497951,497952,1,6
497945,497951,497952,1,6
497945,497951,497952,1,6
497945,497951,497952,1,6
497945,497945,497952,7,0
497945,497951,497952,1,6
497945,497945,497952,7,0
497945,497951,497952,1,6
497945,497951,497952,1,6
497945,497945,497953,8,0
497945,497945,497952,7,0
497945,497945,497953,8,0
497945,497949,497952,3,4
497945,497951,497953,2,6
497945,497945,497953,8,0
497945,497951,497952,1,6
497945,497951,497953,2,6
497945,497951,497953,2,6
497945,497951,497953,2,6
497945,497951,497952,1,6
497945,497945,497955,10,0
497945,497945,497955,10,0
497945,497945,497955,10,0
497945,497952,497954,2,7
497945,497945,497956,11,0
497945,497949,497957,8,4
497945,497945,497957,12,0
497945,497945,497957,12,0
497945,497945,497957,12,0
497945,497945,497957,12,0
497945,497945,497958,13,0
497945,497949,497959,10,4
497945,497945,497960,15,0
497945,497945,497961,16,0
497945,497945,497962,17,0
497945,497945,497962,17,0
497945,497945,497963,18,0
497945,497945,497964,19,0
497976,497976,497977,1,0
497976,497976,497978,2,0
497976,497976,497978,2,0
497976,497976,497977,1,0
497976,497976,497977,1,0
497976,497976,497977,1,0
497976,497976,497980,4,0
497976,497978,497979,1,2
497976,497978,497979,1,2
497976,497978,497980,2,2
497976,497978,497980,2,2
497976,497978,497980,2,2
497976,497978,497980,2,2
497976,497976,497981,5,0
497976,497976,497982,6,0
497976,497976,497981,5,0
497976,497976,497981,5,0
497976,497980,497982,2,4
497976,497980,497982,2,4
497976,497976,497981,5,0
497976,497976,497982,6,0
497976,497980,497982,2,4
497976,497976,497981,5,0
497976,497980,497982,2,4
497976,497980,497982,2,4
497976,497980,497982,2,4
497976,497976,497982,6,0
497976,497976,497982,6,0
497976,497976,497983,7,0
497976,497976,497983,7,0
497976,497976,497983,7,0
497976,497976,497982,6,0
497976,497982,497983,1,6
497976,497976,497982,6,0
497976,497976,497982,6,0
497976,497976,497982,6,0
497976,497982,497983,1,6
497976,497981,497983,2,5
497976,497982,497983,1,6
497976,497982,497983,1,6
497976,497982,497983,1,6
497976,497976,497983,7,0
497976,497976,497983,7,0
497976,497980,497983,3,4
497976,497982,497984,2,6
497976,497982,497983,1,6
497976,497982,497983,1,6
497976,497982,497983,1,6
497976,497982,497983,1,6
497976,497983,497984,1,7
497976,497976,497983,7,0
497976,497982,497983,1,6
497976,497983,497984,1,7
497976,497983,497984,1,7
497976,497983,497984,1,7
497976,497983,497984,1,7
497976,497982,497985,3,6
497976,497976,497984,8,0
497976,497983,497984,1,7
497976,497983,497984,1,7
497976,497976,497986,10,0
497976,497983,497985,2,7
497976,497976,497986,10,0
497976,497976,497986,10,0
497976,497976,497987,11,0
497976,497976,497988,12,0
497976,497976,497988,12,0
497976,497976,497989,13,0
497976,497976,497991,15,0
497976,497976,497992,16,0
497976,497976,497991,15,0
497976,497976,497992,16,0
497976,497976,497992,16,0
497976,497976,497992,16,0
497976,497976,497992,16,0
497976,497976,497993,17,0
497976,497976,497993,17,0
497976,497976,497997,21,0
497976,497983,497997,14,7
498009,498009,498010,1,0
498009,498009,498010,1,0
498009,498009,498010,1,0
498009,498009,498010,1,0
498009,498009,498010,1,0
498009,498009,498010,1,0
498009,498011,498012,1,2
498009,498010,498012,2,1
498009,498011,498012,1,2
498009,498011,498012,1,2
498009,498011,498012,1,2
498009,498009,498012,3,0
498009,498011,498012,1,2
498009,498012,498013,1,3
498009,498012,498014,2,3
498009,498009,498015,6,0
498009,498009,498014,5,0
498009,498013,498014,1,4
498009,498009,498014,5,0
498009,498013,498015,2,4
498009,498013,498014,1,4
498009,498009,498015,6,0
498009,498009,498014,5,0
498009,498009,498014,5,0
498009,498013,498014,1,4
498009,498014,498015,1,5
498009,498009,498014,5,0
498009,498013,498015,2,4
498009,498009,498015,6,0
498009,498009,498015,6,0
498009,498009,498015,6,0
498009,498015,498016,1,6
498009,498015,498016,1,6
498009,498015,498016,1,6
498009,498014,498015,1,5
498009,498015,498016,1,6
498009,498015,498016,1,6
498009,498015,498016,1,6
498009,498009,498015,6,0
498009,498009,498016,7,0
498009,498015,498016,1,6
498009,498009,498016,7,0
498009,498009,498017,8,0
498009,498009,498016,7,0
498009,498015,498016,1,6
498009,498015,498016,1,6
498009,498009,498017,8,0
498009,498015,498016,1,6
498009,498015,498016,1,6
498009,498016,498017,1,7
498009,498009,498016,7,0
498009,498016,498017,1,7
498009,498015,498016,1,6
498009,498009,498017,8,0
498009,498009,498017,8,0
498009,498015,498017,2,6
498009,498016,498018,2,7
498009,498016,498017,1,7
498009,498016,498017,1,7
498009,498016,498017,1,7
498009,498009,498018,9,0
498009,498009,498019,10,0
498009,498016,498018,2,7
498009,498009,498019,10,0
498009,498009,498018,9,0
498009,498009,498019,10,0
498009,498009,498019,10,0
498009,498009,498020,11,0
498009,498009,498022,13,0
498009,498009,498021,12,0
498009,498009,498021,12,0
498009,498009,498022,13,0
498009,498009,498023,14,0
498009,498009,498023,14,0
498009,498009,498024,15,0
498009,498009,498024,15,0
498009,498009,498025,16,0
498009,498009,498025,16,0
498009,498009,498025,16,0
498036,498036,498037,1,0
498036,498036,498037,1,0
498036,498036,498037,1,0
498036,498036,498037,1,0
498036,498036,498037,1,0
498036,498036,498037,1,0
498036,498038,498039,1,2
498036,498038,498039,1,2
498036,498037,498038,1,1
498036,498037,498039,2,1
498036,498037,498039,2,1
498036,498038,498039,1,2
498036,498036,498039,3,0
498036,498039,498040,1,3
498036,498039,498041,2,3
498036,498036,498041,5,0
498036,498039,498040,1,3
498036,498036,498041,5,0
498036,498039,498040,1,3
498036,498039,498041,2,3
498036,498036,498041,5,0
498036,498036,498041,5,0
498036,498040,498042,2,4
498036,498040,498042,2,4
498036,498040,498042,2,4
498036,498036,498042,6,0
498036,498036,498042,6,0
498036,498041,498042,1,5
498036,498036,498042,6,0
498036,498036,498042,6,0
498036,498036,498043,7,0
498036,498036,498042,6,0
498036,498036,498043,7,0
498036,498036,498043,7,0
498036,498042,498043,1,6
498036,498036,498043,7,0
498036,498036,498043,7,0
498036,498041,498043,2,5
498036,498041,498043,2,5
498036,498036,498043,7,0
498036,498036,498042,6,0
498036,498042,498043,1,6
498036,498042,498043,1,6
498036,498042,498043,1,6
498036,498041,498043,2,5
498036,498041,498043,2,5
498036,498041,498043,2,5
498036,498036,498044,8,0
498036,498036,498044,8,0
498036,498036,498044,8,0
498036,498036,498044,8,0
498036,498036,498044,8,0
498036,498042,498044,2,6
498036,498043,498044,1,7
498036,498043,498045,2,7
498036,498036,498045,9,0
498036,498042,498045,3,6
498036,498042,498045,3,6
498036,498043,498045,2,7
498036,498036,498045,9,0
498036,498043,498044,1,7
498036,498043,498044,1,7
498036,498043,498044,1,7
498036,498036,498045,9,0
498036,498036,498046,10,0
498036,498043,498045,2,7
498036,498036,498047,11,0
498036,498036,498046,10,0
498036,498036,498048,12,0
498036,498036,498048,12,0
498036,498036,498048,12,0
498036,498036,498048,12,0
498036,498036,498050,14,0
498036,498036,498051,15,0
498036,498036,498051,15,0
498036,498036,498053,17,0
498036,498036,498053,17,0
498036,498036,498054,18,0
498066,498066,498067,1,0
498066,498066,498067,1,0
498066,498066,498068,2,0
498066,498066,498068,2,0
498066,498066,498068,2,0
498066,498066,498068,2,0
498066,498066,498068,2,0
498066,498066,498069,3,0
498066,498068,498069,1,2
498066,498068,498069,1,2
498066,498066,498070,4,0
498066,498066,498070,4,0
498066,498066,498070,4,0
498066,498069,498070,1,3
498066,498066,498070,4,0
498066,498069,498070,1,3
498066,498069,498070,1,3
498066,498069,498070,1,3
498066,498066,498070,4,0
498066,498069,498070,1,3
498066,498066,498071,5,0
498066,498066,498071,5,0
498066,498066,498071,5,0
498066,498070,498071,1,4
498066,498071,498072,1,5
498066,498066,498071,5,0
498066,498070,498071,1,4
498066,498066,498071,5,0
498066,498066,498072,6,0
498066,498070,498072,2,4
498066,498071,498073,2,5
498066,498071,498072,1,5
498066,498071,498072,1,5
498066,498066,498072,6,0
498066,498071,498072,1,5
498066,498066,498072,6,0
498066,498071,498072,1,5
498066,498072,498073,1,6
498066,498066,498072,6,0
498066,498071,498072,1,5
498066,498071,498072,1,5
498066,498072,498073,1,6
498066,498066,498073,7,0
498066,498071,498073,2,5
498066,498072,498073,1,6
498066,498072,498073,1,6
498066,498067,498073,6,1
498066,498066,498073,7,0
498066,498066,498073,7,0
498066,498066,498073,7,0
498066,498073,498074,1,7
498066,498066,498073,7,0
498066,498066,498073,7,0
498066,498072,498073,1,6
498066,498073,498074,1,7
498066,498066,498074,8,0
498066,498066,498074,8,0
498066,498066,498075,9,0
498066,498066,498075,9,0
498066,498071,498074,3,5
498066,498066,498074,8,0
498066,498073,498074,1,7
498066,498073,498075,2,7
498066,498073,498074,1,7
498066,498073,498074,1,7
498066,498066,498075,9,0
498066,498066,498075,9,0
498066,498072,498075,3,6
498066,498066,498075,9,0
498066,498066,498075,9,0
498066,498072,498075,3,6
498066,498072,498075,3,6
498066,498073,498075,2,7
498066,498066,498075,9,0
498066,498066,498075,9,0
498066,498066,498077,11,0
498066,498066,498076,10,0
498066,498066,498076,10,0
498066,498066,498077,11,0
498089,498089,498090,1,0
498089,498089,498090,1,0
498089,498089,498090,1,0
498089,498089,498090,1,0
498089,498089,498090,1,0
498089,498089,498091,2,0
498089,498090,498092,2,1
498089,498089,498092,3,0
498089,498089,498093,4,0
498089,498091,498093,2,2
498089,498091,498093,2,2
498089,498091,498093,2,2
498089,498089,498093,4,0
498089,498089,498093,4,0
498089,498091,498093,2,2
498089,498089,498093,4,0
498089,498091,498093,2,2
498089,498089,498094,5,0
498089,498089,498094,5,0
498089,498092,498094,2,3
498089,498089,498094,5,0
498089,498089,498093,4,0
498089,498089,498094,5,0
498089,498089,498095,6,0
498089,498089,498095,6,0
498089,498093,498094,1,4
498089,498089,498094,5,0
498089,498089,498094,5,0
498089,498093,498094,1,4
498089,498089,498095,6,0
498089,498093,498094,1,4
498089,498089,498096,7,0
498089,498093,498096,3,4
498089,498094,498095,1,5
498089,498095,498096,1,6
498089,498089,498095,6,0
498089,498094,498096,2,5
498089,498095,498096,1,6
498089,498095,498096,1,6
498089,498095,498096,1,6
498089,498094,498096,2,5
498089,498094,498096,2,5
498089,498094,498096,2,5
498089,498095,498096,1,6
498089,498094,498096,2,5
498089,498094,498096,2,5
498089,498094,498096,2,5
498089,498095,498096,1,6
498089,498089,498096,7,0
498089,498089,498096,7,0
498089,498089,498097,8,0
498089,498089,498097,8,0
498089,498089,498096,7,0
498089,498094,498097,3,5
498089,498089,498096,7,0
498089,498093,498096,3,4
498089,498094,498097,3,5
498089,498096,498097,1,7
498089,498096,498097,1,7
498089,498089,498097,8,0
498089,498094,498096,2,5
498089,498095,498096,1,6
498089,498096,498098,2,7
498089,498089,498098,9,0
498089,498089,498098,9,0
498089,498095,498097,2,6
498089,498089,498097,8,0
498089,498089,498097,8,0
498089,498089,498098,9,0
498089,498089,498098,9,0
498089,498089,498098,9,0
498089,498096,498098,2,7
498089,498089,498098,9,0
498089,498089,498097,8,0
498089,498089,498099,10,0
498089,498089,498099,10,0
498089,498089,498102,13,0
498089,498089,498103,14,0
498089,498089,498103,14,0
498115,498115,498116,1,0
498115,498115,498116,1,0
498115,498115,498116,1,0
498115,498115,498116,1,0
498115,498115,498117,2,0
498115,498116,498118,2,1
498115,498116,498117,1,1
498115,498116,498118,2,1
498115,498115,498119,4,0
498115,498117,498118,1,2
498115,498115,498119,4,0
498115,498115,498119,4,0
498115,498115,498120,5,0
498115,498115,498120,5,0
498115,498115,498120,5,0
498115,498118,498119,1,3
498115,498118,498119,1,3
498115,498115,498120,5,0
498115,498118,498120,2,3
498115,498115,498120,5,0
498115,498118,498119,1,3
498115,498115,498121,6,0
498115,498115,498121,6,0
498115,498115,498121,6,0
498115,498119,498121,2,4
498115,498119,498121,2,4
498115,498119,498121,2,4
498115,498120,498121,1,5
498115,498115,498121,6,0
498115,498115,498121,6,0
498115,498120,498121,1,5
498115,498120,498121,1,5
498115,498115,498121,6,0
498115,498120,498121,1,5
498115,498120,498121,1,5
498115,498115,498122,7,0
498115,498115,498122,7,0
498115,498115,498122,7,0
498115,498115,498122,7,0
498115,498121,498122,1,6
498115,498115,498122,7,0
498115,498115,498122,7,0
498115,498120,498122,2,5
498115,498120,498121,1,5
498115,498121,498122,1,6
498115,498121,498122,1,6
498115,498121,498123,2,6
498115,498115,498123,8,0
498115,498115,498123,8,0
498115,498120,498123,3,5
498115,498115,498123,8,0
498115,498119,498123,4,4
498115,498121,498123,2,6
498115,498115,498122,7,0
498115,498122,498123,1,7
498115,498122,498123,1,7
498115,498122,498123,1,7
498115,498122,498123,1,7
498115,498115,498124,9,0
498115,498115,498124,9,0
498115,498120,498123,3,5
498115,498121,498124,3,6
498115,498115,498124,9,0
498115,498121,498124,3,6
498115,498115,498124,9,0
498115,498115,498124,9,0
498115,498115,498124,9,0
498115,498115,498124,9,0
498115,498115,498125,10,0
498115,498115,498125,10,0
498115,498115,498124,9,0
498115,498115,498125,10,0
498115,498115,498125,10,0
498115,498115,498127,12,0
498115,498115,498127,12,0
498115,498115,498133,18,0
498144,498144,498145,1,0
498144,498144,498145,1,0
498144,498144,498145,1,0
498144,498144,498145,1,0
498144,498144,498146,2,0
498144,498146,498147,1,2
498144,498144,498148,4,0
498144,498144,498147,3,0
498144,498144,498147,3,0
498144,498144,498148,4,0
498144,498146,498147,1,2
498144,498146,498148,2,2
498144,498146,498148,2,2
498144,498144,498148,4,0
498144,498144,498149,5,0
498144,498147,498149,2,3
498144,498147,498149,2,3
498144,498144,498149,5,0
498144,498144,498150,6,0
498144,498144,498150,6,0
498144,498144,498149,5,0
498144,498149,498150,1,5
498144,498144,498149,5,0
498144,498144,498150,6,0
498144,498144,498149,5,0
498144,498144,498150,6,0
498144,498144,498149,5,0
498144,498148,498149,1,4
498144,498144,498149,5,0
498144,498148,498149,1,4
498144,498148,498149,1,4
498144,498149,498150,1,5
498144,498144,498151,7,0
498144,498144,498151,7,0
498144,498144,498151,7,0
498144,498144,498150,6,0
498144,498148,498150,2,4
498144,498144,498150,6,0
498144,498149,498150,1,5
498144,498150,498151,1,6
498144,498144,498151,7,0
498144,498144,498150,6,0
498144,498150,498151,1,6
498144,498149,498150,1,5
498144,498144,498150,6,0
498144,498144,498150,6,0
498144,498150,498151,1,6
498144,498150,498151,1,6
498144,498144,498152,8,0
498144,498149,498151,2,5
498144,498148,498151,3,4
498144,498148,498151,3,4
498144,498144,498152,8,0
498144,498148,498151,3,4
498144,498150,498151,1,6
498144,498150,498152,2,6
498144,498150,498151,1,6
498144,498150,498151,1,6
498144,498150,498151,1,6
498144,498150,498151,1,6
498144,498150,498151,1,6
498144,498150,498152,2,6
498144,498144,498153,9,0
498144,498144,498153,9,0
498144,498151,498153,2,7
498144,498151,498153,2,7
498144,498150,498152,2,6
498144,498150,498153,3,6
498144,498151,498153,2,7
498144,498144,498154,10,0
498144,498144,498155,11,0
498144,498144,498155,11,0
498144,498144,498155,11,0
498144,498144,498155,11,0
498144,498144,498157,13,0
498144,498144,498158,14,0
498144,498144,498159,15,0
498144,498144,498159,15,0
498144,498144,498160,16,0
498173,498173,498174,1,0
498173,498173,498174,1,0
498173,498173,498174,1,0
498173,498173,498174,1,0
498173,498173,498174,1,0
498173,498173,498175,2,0
498173,498175,498176,1,2
498173,498173,498176,3,0
498173,498173,498175,2,0
498173,498174,498175,1,1
498173,498173,498177,4,0
498173,498175,498177,2,2
498173,498175,498176,1,2
498173,498173,498177,4,0
498173,498173,498177,4,0
498173,498175,498177,2,2
498173,498173,498177,4,0
498173,498176,498177,1,3
498173,498176,498177,1,3
498173,498173,498177,4,0
498173,498173,498177,4,0
498173,498173,498177,4,0
498173,498177,498178,1,4
498173,498177,498178,1,4
498173,498173,498178,5,0
498173,498173,498178,5,0
498173,498176,498178,2,3
498173,498173,498178,5,0
498173,498176,498178,2,3
498173,498178,498179,1,5
498173,498173,498178,5,0
498173,498176,498178,2,3
498173,498173,498179,6,0
498173,498173,498178,5,0
498173,498173,498178,5,0
498173,498178,498179,1,5
498173,498173,498178,5,0
498173,498173,498178,5,0
498173,498173,498179,6,0
498173,498178,498179,1,5
498173,498173,498178,5,0
498173,498173,498178,5,0
498173,498173,498178,5,0
498173,498178,498179,1,5
498173,498178,498179,1,5
498173,498178,498179,1,5
498173,498173,498180,7,0
498173,498173,498180,7,0
498173,498178,498180,2,5
498173,498173,498180,7,0
498173,498179,498180,1,6
498173,498173,498179,6,0
498173,498177,498179,2,4
498173,498178,498180,2,5
498173,498179,498180,1,6
498173,498179,498180,1,6
498173,498179,498180,1,6
498173,498173,498181,8,0
498173,498178,498180,2,5
498173,498178,498180,2,5
498173,498173,498180,7,0
498173,498179,498181,2,6
498173,498179,498181,2,6
498173,498179,498180,1,6
498173,498179,498180,1,6
498173,498173,498180,7,0
498173,498173,498180,7,0
498173,498178,498180,2,5
498173,498179,498180,1,6
498173,498173,498182,9,0
498173,498173,498181,8,0
498173,498179,498181,2,6
498173,498173,498181,8,0
498173,498173,498183,10,0
498173,498173,498184,11,0
498173,498173,498189,16,0
498173,498179,498188,9,6
498173,498173,498190,17,0
498173,498173,498193,20,0
498204,498204,498205,1,0
498204,498204,498205,1,0
498204,498204,498206,2,0
498204,498204,498205,1,0
498204,498204,498205,1,0
498204,498204,498205,1,0
498204,498204,498207,3,0
498204,498205,498207,2,1
498204,498204,498206,2,0
498204,498206,498208,2,2
498204,498206,498208,2,2
498204,498204,498208,4,0
498204,498206,498208,2,2
498204,498207,498208,1,3
498204,498204,498207,3,0
498204,498207,498208,1,3
498204,498206,498208,2,2
498204,498207,498208,1,3
498204,498204,498209,5,0
498204,498204,498208,4,0
498204,498204,498208,4,0
498204,498204,498209,5,0
498204,498204,498209,5,0
498204,498204,498209,5,0
498204,498206,498208,2,2
498204,498204,498208,4,0
498204,498204,498209,5,0
498204,498208,498209,1,4
498204,498204,498209,5,0
498204,498204,498209,5,0
498204,498208,498209,1,4
498204,498204,498209,5,0
498204,498204,498209,5,0
498204,498204,498210,6,0
498204,498204,498210,6,0
498204,498204,498210,6,0
498204,498204,498209,5,0
498204,498204,498210,6,0
498204,498204,498209,5,0
498204,498204,498210,6,0
498204,498208,498209,1,4
498204,498208,498209,1,4
498204,498209,498210,1,5
498204,498208,498209,1,4
498204,498209,498210,1,5
498204,498208,498209,1,4
498204,498208,498210,2,4
498204,498209,498210,1,5
498204,498209,498210,1,5
498204,498204,498209,5,0
498204,498208,498209,1,4
498204,498208,498209,1,4
498204,498209,498210,1,5
498204,498204,498211,7,0
498204,498204,498211,7,0
498204,498204,498210,6,0
498204,498204,498211,7,0
498204,498209,498211,2,5
498204,498209,498210,1,5
498204,498209,498210,1,5
498204,498209,498210,1,5
498204,498209,498210,1,5
498204,498209,498211,2,5
498204,498209,498210,1,5
498204,498204,498212,8,0
498204,498209,498211,2,5
498204,498204,498212,8,0
498204,498210,498212,2,6
498204,498204,498212,8,0
498204,498210,498212,2,6
498204,498210,498212,2,6
498204,498204,498212,8,0
498204,498204,498213,9,0
498204,498209,498212,3,5
498204,498204,498214,10,0
498204,498204,498215,11,0
498204,498204,498215,11,0
498204,498204,498217,13,0
498204,498204,498218,14,0
498229,498229,498230,1,0
498229,498229,498230,1,0
498229,498229,498231,2,0
498229,498229,498230,1,0
498229,498229,498231,2,0
498229,498229,498232,3,0
498229,498230,498232,2,1
498229,498231,498233,2,2
498229,498231,498232,1,2
498229,498231,498233,2,2
498229,498232,498233,1,3
498229,498231,498233,2,2
498229,498230,498234,4,1
498229,498230,498234,4,1
498229,498230,498234,4,1
498229,498230,498235,5,1
498229,498230,498234,4,1
498229,498230,498234,4,1
498229,498230,498234,4,1
498229,498230,498234,4,1
498229,498230,498234,4,1
498229,498233,498234,1,4
498229,498230,498234,4,1
498229,498233,498235,2,4
498229,498230,498234,4,1
498229,498230,498234,4,1
498229,498230,498234,4,1
498229,498233,498234,1,4
498229,498230,498235,5,1
498229,498230,498235,5,1
498229,498230,498235,5,1
498229,498229,498235,6,0
498229,498230,498236,6,1
498229,498234,498235,1,5
498229,498235,498236,1,6
498229,498230,498235,5,1
498229,498230,498235,5,1
498229,498230,498235,5,1
498229,498235,498236,1,6
498229,498229,498235,6,0
498229,498234,498235,1,5
498229,498230,498236,6,1
498229,498230,498236,6,1
498229,498233,498236,3,4
498229,498235,498237,2,6
498229,498235,498236,1,6
498229,498235,498236,1,6
498229,498230,498236,6,1
498229,498235,498236,1,6
498229,498235,498236,1,6
498229,498235,498236,1,6
498229,498235,498237,2,6
498229,498236,498237,1,7
498229,498235,498236,1,6
498229,498235,498236,1,6
498229,498236,498237,1,7
498229,498230,498237,7,1
498229,498235,498237,2,6
498229,498236,498238,2,7
498229,498230,498238,8,1
498229,498235,498237,2,6
498229,498236,498237,1,7
498229,498235,498237,2,6
498229,498235,498237,2,6
498229,498235,498238,3,6
498229,498236,498237,1,7
498229,498230,498238,8,1
498229,498230,498238,8,1
498229,498235,498238,3,6
498229,498236,498238,2,7
498229,498230,498242,12,1
498229,498230,498241,11,1
498229,498230,498241,11,1
498229,498230,498242,12,1
498229,498230,498242,12,1
498229,498230,498243,13,1
498229,498230,498244,14,1
498229,498230,498246,16,1
498258,498258,498259,1,0
498258,498258,498259,1,0
498258,498258,498259,1,0
498258,498258,498259,1,0
498258,498258,498259,1,0
498258,498258,498260,2,0
498258,498258,498261,3,0
498258,498258,498261,3,0
498258,498258,498262,4,0
498258,498260,498262,2,2
498258,498259,498261,2,1
498258,498259,498262,3,1
498258,498258,498263,5,0
498258,498258,498263,5,0
498258,498260,498263,3,2
498258,498258,498262,4,0
498258,498258,498263,5,0
498258,498260,498263,3,2
498258,498258,498263,5,0
498258,498258,498263,5,0
498258,498258,498263,5,0
498258,498258,498263,5,0
498258,498262,498263,1,4
498258,498258,498263,5,0
498258,498258,498263,5,0
498258,498260,498262,2,2
498258,498258,498263,5,0
498258,498258,498264,6,0
498258,498258,498263,5,0
498258,498258,498264,6,0
498258,498258,498264,6,0
498258,498258,498263,5,0
498258,498262,498264,2,4
498258,498258,498263,5,0
498258,498262,498264,2,4
498258,498258,498264,6,0
498258,498258,498265,7,0
498258,498258,498265,7,0
498258,498258,498264,6,0
498258,498258,498265,7,0
498258,498261,498265,4,3
498258,498263,498265,2,5
498258,498263,498265,2,5
498258,498264,498265,1,6
498258,498263,498265,2,5
498258,498264,498265,1,6
498258,498258,498265,7,0
498258,498263,498264,1,5
498258,498264,498265,1,6
498258,498263,498264,1,5
498258,498263,498264,1,5
498258,498263,498264,1,5
498258,498264,498265,1,6
498258,498263,498265,2,5
498258,498263,498265,2,5
498258,498263,498265,2,5
498258,498264,498265,1,6
498258,498258,498266,8,0
498258,498258,498266,8,0
498258,498263,498266,3,5
498258,498262,498266,4,4
498258,498258,498265,7,0
498258,498263,498266,3,5
498258,498264,498265,1,6
498258,498264,498266,2,6
498258,498258,498266,8,0
498258,498264,498267,3,6
498258,498258,498267,9,0
498258,498264,498266,2,6
498258,498263,498266,3,5
498258,498258,498267,9,0
498258,498262,498266,4,4
498258,498263,498267,4,5
498258,498258,498267,9,0
498258,498258,498267,9,0
498258,498258,498267,9,0
498258,498258,498269,11,0
498258,498258,498271,13,0
498258,498258,498271,13,0
498284,498284,498285,1,0
498284,498284,498286,2,0
498284,498284,498285,1,0
498284,498284,498285,1,0
498284,498284,498285,1,0
498284,498284,498285,1,0
498284,498284,498288,4,0
498284,498284,498288,4,0
498284,498286,498289,3,2
498284,498284,498289,5,0
498284,498286,498288,2,2
498284,498284,498288,4,0
498284,498286,498289,3,2
498284,498286,498289,3,2
498284,498284,498288,4,0
498284,498286,498288,2,2
498284,498284,498289,5,0
498284,498284,498288,4,0
498284,498284,498288,4,0
498284,498286,498288,2,2
498284,498284,498290,6,0
498284,498284,498290,6,0
498284,498284,498290,6,0
498284,498284,498290,6,0
498284,498284,498290,6,0
498284,498284,498290,6,0
498284,498284,498289,5,0
498284,498284,498289,5,0
498284,498284,498289,5,0
498284,498284,498290,6,0
498284,498284,498289,5,0
498284,498284,498290,6,0
498284,498284,498290,6,0
498284,498284,498290,6,0
498284,498284,498290,6,0
498284,498289,498290,1,5
498284,498289,498291,2,5
498284,498289,498291,2,5
498284,498289,498290,1,5
498284,498289,498291,2,5
498284,498290,498291,1,6
498284,498284,498290,6,0
498284,498289,498290,1,5
498284,498289,498291,2,5
498284,498289,498290,1,5
498284,498289,498290,1,5
498284,498289,498291,2,5
498284,498289,498291,2,5
498284,498289,498291,2,5
498284,498290,498292,2,6
498284,498284,498291,7,0
498284,498290,498292,2,6
498284,498290,498292,2,6
498284,498289,498292,3,5
498284,498291,498292,1,7
498284,498290,498291,1,6
498284,498290,498291,1,6
498284,498290,498291,1,6
498284,498290,498291,1,6
498284,498284,498293,9,0
498284,498290,498293,3,6
498284,498284,498293,9,0
498284,498291,498293,2,7
498284,498290,498292,2,6
498284,498291,498293,2,7
498284,498291,498293,2,7
498284,498284,498292,8,0
498284,498284,498294,10,0
498284,498290,498293,3,6
498284,498284,498294,10,0
498284,498284,498294,10,0
498284,498284,498294,10,0
498284,498288,498294,6,4
498284,498284,498295,11,0
498284,498284,498297,13,0
498284,498284,498297,13,0
498284,498284,498297,13,0
498284,498284,498298,14,0
498284,498284,498299,15,0
498312,498312,498313,1,0
498312,498312,498313,1,0
498312,498312,498313,1,0
498312,498312,498313,1,0
498312,498312,498313,1,0
498312,498312,498314,2,0
498312,498312,498315,3,0
498312,498312,498315,3,0
498312,498312,498316,4,0
498312,498314,498316,2,2
498312,498312,498317,5,0
498312,498312,498316,4,0
498312,498314,498317,3,2
498312,498312,498317,5,0
498312,498314,498316,2,2
498312,498312,498316,4,0
498312,498314,498316,2,2
498312,498315,498317,2,3
498312,498312,498317,5,0
498312,498312,498317,5,0
498312,498314,498316,2,2
498312,498312,498316,4,0
498312,498312,498318,6,0
498312,498312,498318,6,0
498312,498312,498317,5,0
498312,498312,498317,5,0
498312,498312,498317,5,0
498312,498312,498318,6,0
498312,498312,498317,5,0
498312,498316,498318,2,4
498312,498312,498318,6,0
498312,498312,498318,6,0
498312,498315,498318,3,3
498312,498312,498318,6,0
498312,498312,498318,6,0
498312,498317,498318,1,5
498312,498317,498318,1,5
498312,498312,498319,7,0
498312,498315,498318,3,3
498312,498312,498319,7,0
498312,498317,498319,2,5
498312,498318,498319,1,6
498312,498317,498318,1,5
498312,498317,498318,1,5
498312,498317,498318,1,5
498312,498317,498318,1,5
498312,498317,498319,2,5
498312,498318,498319,1,6
498312,498318,498319,1,6
498312,498312,498319,7,0
498312,498318,498319,1,6
498312,498318,498319,1,6
498312,498318,498319,1,6
498312,498317,498318,1,5
498312,498318,498319,1,6
498312,498312,498319,7,0
498312,498316,498319,3,4
498312,498312,498320,8,0
498312,498312,498320,8,0
498312,498312,498320,8,0
498312,498317,498320,3,5
498312,498318,498320,2,6
498312,498317,498319,2,5
498312,498318,498320,2,6
498312,498318,498319,1,6
498312,498318,498319,1,6
498312,498317,498320,3,5
498312,498318,498321,3,6
498312,498312,498321,9,0
498312,498312,498321,9,0
498312,498312,498322,10,0
498312,498312,498321,9,0
498312,498312,498321,9,0
498312,498318,498322,4,6
498312,498312,498322,10,0
498312,498312,498323,11,0
498312,498312,498323,11,0
498312,498312,498325,13,0
498312,498312,498324,12,0
498337,498337,498338,1,0
498337,498337,498338,1,0
498337,498337,498338,1,0
498337,498337,498338,1,0
498337,498337,498339,2,0
498337,498337,498338,1,0
498337,498337,498340,3,0
498337,498337,498340,3,0
498337,498339,498341,2,2
498337,498337,498341,4,0
498337,498338,498340,2,1
498337,498337,498341,4,0
498337,498339,498340,1,2
498337,498337,498341,4,0
498337,498337,498342,5,0
498337,498339,498341,2,2
498337,498337,498341,4,0
498337,498337,498341,4,0
498337,498337,498341,4,0
498337,498337,498342,5,0
498337,498337,498341,4,0
498337,498339,498341,2,2
498337,498339,498341,2,2
498337,498337,498342,5,0
498337,498337,498342,5,0
498337,498341,498342,1,4
498337,498341,498342,1,4
498337,498337,498342,5,0
498337,498337,498342,5,0
498337,498337,498342,5,0
498337,498337,498342,5,0
498337,498341,498342,1,4
498337,498341,498343,2,4
498337,498337,498342,5,0
498337,498341,498342,1,4
498337,498341,498342,1,4
498337,498337,498343,6,0
498337,498340,498343,3,3
498337,498337,498343,6,0
498337,498337,498344,7,0
498337,498342,498344,2,5
498337,498337,498343,6,0
498337,498342,498343,1,5
498337,498342,498343,1,5
498337,498342,498343,1,5
498337,498342,498343,1,5
498337,498343,498344,1,6
498337,498343,498344,1,6
498337,498342,498343,1,5
498337,498343,498344,1,6
498337,498343,498344,1,6
498337,498343,498344,1,6
498337,498343,498344,1,6
498337,498337,498344,7,0
498337,498342,498345,3,5
498337,498342,498345,3,5
498337,498337,498344,7,0
498337,498337,498344,7,0
498337,498343,498344,1,6
498337,498343,498345,2,6
498337,498343,498344,1,6
498337,498343,498344,1,6
498337,498343,498344,1,6
498337,498337,498346,9,0
498337,498342,498345,3,5
498337,498342,498345,3,5
498337,498343,498346,3,6
498337,498337,498347,10,0
498337,498337,498347,10,0
498337,498337,498346,9,0
498337,498337,498347,10,0
498337,498337,498347,10,0
498337,498337,498349,12,0
498337,498337,498349,12,0
498337,498337,498350,13,0
498337,498337,498351,14,0
498337,498337,498352,15,0
498337,498337,498353,16,0
498337,498337,498353,16,0
498365,498365,498366,1,0
498365,498365,498366,1,0
498365,498365,498366,1,0
498365,498365,498367,2,0
498365,498365,498367,2,0
498365,498366,498368,2,1
498365,498365,498368,3,0
498365,498367,498368,1,2
498365,498367,498368,1,2
498365,498365,498369,4,0
498365,498367,498369,2,2
498365,498368,498369,1,3
498365,498365,498369,4,0
498365,498368,498369,1,3
498365,498365,498369,4,0
498365,498365,498369,4,0
498365,498366,498370,4,1
498365,498366,498370,4,1
498365,498365,498370,5,0
498365,498369,498370,1,4
498365,498369,498370,1,4
498365,498369,498370,1,4
498365,498369,498371,2,4
498365,498365,498371,6,0
498365,498370,498371,1,5
498365,498370,498371,1,5
498365,498370,498371,1,5
498365,498365,498371,6,0
498365,498370,498371,1,5
498365,498370,498371,1,5
498365,498365,498371,6,0
498365,498370,498371,1,5
498365,498365,498371,6,0
498365,498370,498371,1,5
498365,498365,498372,7,0
498365,498365,498372,7,0
498365,498365,498372,7,0
498365,498365,498372,7,0
498365,498365,498372,7,0
498365,498365,498373,8,0
498365,498365,498372,7,0
498365,498371,498372,1,6
498365,498372,498373,1,7
498365,498372,498373,1,7
498365,498371,498372,1,6
498365,498372,498373,1,7
498365,498371,498372,1,6
498365,498371,498372,1,6
498365,498372,498373,1,7
498365,498372,498373,1,7
498365,498365,498373,8,0
498365,498371,498373,2,6
498365,498365,498373,8,0
498365,498371,498373,2,6
498365,498372,498373,1,7
498365,498365,498373,8,0
498365,498372,498373,1,7
498365,498372,498373,1,7
498365,498372,498373,1,7
498365,498365,498373,8,0
498365,498372,498373,1,7
498365,498372,498373,1,7
498365,498372,498373,1,7
498365,498366,498374,8,1
498365,498365,498374,9,0
498365,498373,498374,1,8
498365,498365,498374,9,0
498365,498365,498374,9,0
498365,498365,498375,10,0
498365,498365,498376,11,0
498365,498365,498376,11,0
498365,498365,498376,11,0
498365,498365,498377,12,0
498365,498365,498378,13,0
498365,498365,498379,14,0
498365,498365,498380,15,0
498365,498365,498381,16,0
498365,498365,498382,17,0
498365,498365,498384,19,0
498397,498397,498398,1,0
498397,498397,498398,1,0
498397,498397,498398,1,0
498397,498397,498398,1,0
498397,498397,498398,1,0
498397,498397,498399,2,0
498397,498398,498399,1,1
498397,498398,498399,1,1
498397,498398,498399,1,1
498397,498398,498399,1,1
498397,498399,498400,1,2
498397,498397,498400,3,0
498397,498397,498400,3,0
498397,498397,498401,4,0
498397,498397,498401,4,0
498397,498397,498400,3,0
498397,498397,498401,4,0
498397,498397,498402,5,0
498397,498397,498401,4,0
498397,498400,498401,1,3
498397,498400,498402,2,3
498397,498400,498401,1,3
498397,498400,498401,1,3
498397,498397,498403,6,0
498397,498401,498402,1,4
498397,498397,498402,5,0
498397,498397,498402,5,0
498397,498397,498402,5,0
498397,498400,498402,2,3
498397,498401,498402,1,4
498397,498401,498402,1,4
498397,498401,498402,1,4
498397,498402,498403,1,5
498397,498397,498403,6,0
498397,498397,498403,6,0
498397,498401,498404,3,4
498397,498397,498403,6,0
498397,498397,498403,6,0
498397,498402,498403,1,5
498397,498403,498404,1,6
498397,498397,498404,7,0
498397,498402,498403,1,5
498397,498403,498404,1,6
498397,498403,498404,1,6
498397,498402,498404,2,5
498397,498402,498403,1,5
498397,498397,498404,7,0
498397,498403,498404,1,6
498397,498403,498404,1,6
498397,498397,498404,7,0
498397,498402,498404,2,5
498397,498401,498404,3,4
498397,498397,498404,7,0
498397,498403,498404,1,6
498397,498403,498404,1,6
498397,498403,498404,1,6
498397,498403,498404,1,6
498397,498397,498405,8,0
498397,498403,498404,1,6
498397,498397,498405,8,0
498397,498404,498406,2,7
498397,498397,498405,8,0
498397,498402,498406,4,5
498397,498397,498406,9,0
498397,498404,498405,1,7
498397,498397,498406,9,0
498397,498397,498406,9,0
498397,498397,498407,10,0
498397,498397,498408,11,0
498397,498397,498407,10,0
498397,498397,498408,11,0
498397,498397,498407,10,0
498397,498397,498407,10,0
498397,498397,498408,11,0
498397,498397,498409,12,0
498397,498397,498410,13,0
498397,498397,498411,14,0
498397,498397,498411,14,0
498397,498397,498413,16,0
498425,498425,498426,1,0
498425,498425,498426,1,0
498425,498425,498426,1,0
498425,498425,498426,1,0
498425,498426,498427,1,1
498425,498425,498427,2,0
498425,498425,498428,3,0
498425,498426,498427,1,1
498425,498425,498429,4,0
498425,498425,498428,3,0
498425,498427,498428,1,2
498425,498425,498428,3,0
498425,498425,498429,4,0
498425,498425,498429,4,0
498425,498427,498429,2,2
498425,498428,498429,1,3
498425,498427,498428,1,2
498425,498425,498430,5,0
498425,498428,498429,1,3
498425,498428,498429,1,3
498425,498425,498429,4,0
498425,498425,498430,5,0
498425,498429,498430,1,4
498425,498425,498429,4,0
498425,498425,498430,5,0
498425,498425,498431,6,0
498425,498425,498430,5,0
498425,498425,498430,5,0
498425,498429,498430,1,4
498425,498429,498431,2,4
498425,498425,498431,6,0
498425,498429,498430,1,4
498425,498425,498430,5,0
498425,498425,498431,6,0
498425,498425,498431,6,0
498425,498429,498430,1,4
498425,498430,498431,1,5
498425,498425,498432,7,0
498425,498429,498431,2,4
498425,498425,498432,7,0
498425,498425,498431,6,0
498425,498429,498431,2,4
498425,498425,498432,7,0
498425,498430,498432,2,5
498425,498430,498431,1,5
498425,498430,498432,2,5
498425,498431,498432,1,6
498425,498425,498432,7,0
498425,498430,498432,2,5
498425,498430,498432,2,5
498425,498431,498432,1,6
498425,498425,498432,7,0
498425,498431,498432,1,6
498425,498431,498432,1,6
498425,498425,498431,6,0
498425,498431,498432,1,6
498425,498425,498433,8,0
498425,498430,498432,2,5
498425,498429,498432,3,4
498425,498431,498433,2,6
498425,498425,498433,8,0
498425,498429,498433,4,4
498425,498430,498433,3,5
498425,498431,498432,1,6
498425,498425,498433,8,0
498425,498431,498432,1,6
498425,498431,498432,1,6
498425,498425,498433,8,0
498425,498431,498433,2,6
498425,498425,498433,8,0
498425,498425,498434,9,0
498425,498425,498433,8,0
498425,498425,498435,10,0
498425,498425,498435,10,0
498425,498425,498435,10,0
498425,498425,498436,11,0
498425,498425,498436,11,0
498425,498425,498436,11,0
498425,498425,498439,14,0
498451,498451,498452,1,0
498451,498451,498452,1,0
498451,498451,498453,2,0
498451,498451,498452,1,0
498451,498451,498453,2,0
498451,498452,498453,1,1
498451,498453,498454,1,2
498451,498451,498454,3,0
498451,498452,498454,2,1
498451,498451,498455,4,0
498451,498453,498455,2,2
498451,498451,498455,4,0
498451,498451,498455,4,0
498451,498453,498455,2,2
498451,498451,498454,3,0
498451,498454,498455,1,3
498451,498455,498456,1,4
498451,498451,498456,5,0
498451,498451,498456,5,0
498451,498451,498456,5,0
498451,498451,498456,5,0
498451,498454,498455,1,3
498451,498451,498456,5,0
498451,498451,498457,6,0
498451,498456,498457,1,5
498451,498451,498457,6,0
498451,498451,498457,6,0
498451,498451,498457,6,0
498451,498456,498457,1,5
498451,498451,498457,6,0
498451,498456,498457,1,5
498451,498457,498458,1,6
498451,498451,498458,7,0
498451,498451,498458,7,0
498451,498455,498458,3,4
498451,498451,498458,7,0
498451,498455,498458,3,4
498451,498451,498458,7,0
498451,498455,498458,3,4
498451,498456,498458,2,5
498451,498451,498458,7,0
498451,498457,498458,1,6
498451,498458,498459,1,7
498451,498451,498458,7,0
498451,498451,498458,7,0
498451,498458,498459,1,7
498451,498458,498459,1,7
498451,498456,498458,2,5
498451,498451,498459,8,0
498451,498456,498459,3,5
498451,498456,498459,3,5
498451,498451,498459,8,0
498451,498451,498459,8,0
498451,498451,498459,8,0
498451,498458,498459,1,7
498451,498458,498459,1,7
498451,498451,498459,8,0
498451,498458,498459,1,7
498451,498458,498459,1,7
498451,498458,498459,1,7
498451,498451,498460,9,0
498451,498451,498460,9,0
498451,498451,498460,9,0
498451,498451,498460,9,0
498451,498458,498460,2,7
498451,498451,498460,9,0
498451,498451,498460,9,0
498451,498451,498461,10,0
498451,498451,498462,11,0
498451,498451,498462,11,0
498451,498451,498463,12,0
498451,498451,498463,12,0
498451,498451,498464,13,0
498475,498475,498476,1,0
498475,498475,498476,1,0
498475,498475,498476,1,0
498475,498475,498476,1,0
498475,498475,498476,1,0
498475,498475,498478,3,0
498475,498476,498477,1,1
498475,498475,498478,3,0
498475,498475,498478,3,0
498475,498475,498478,3,0
498475,498477,498479,2,2
498475,498477,498479,2,2
498475,498477,498479,2,2
498475,498475,498479,4,0
498475,498475,498479,4,0
498475,498475,498479,4,0
498475,498477,498479,2,2
498475,498475,498479,4,0
498475,498475,498480,5,0
498475,498479,498480,1,4
498475,498475,498479,4,0
498475,498475,498480,5,0
498475,498478,498479,1,3
498475,498479,498480,1,4
498475,498475,498481,6,0
498475,498475,498481,6,0
498475,498475,498480,5,0
498475,498479,498480,1,4
498475,498478,498481,3,3
498475,498475,498481,6,0
498475,498480,498481,1,5
498475,498479,498481,2,4
498475,498480,498481,1,5
498475,498480,498481,1,5
498475,498480,498481,1,5
498475,498475,498482,7,0
498475,498475,498481,6,0
498475,498479,498481,2,4
498475,498479,498481,2,4
498475,498478,498481,3,3
498475,498480,498482,2,5
498475,498480,498482,2,5
498475,498481,498482,1,6
498475,498475,498482,7,0
498475,498481,498482,1,6
498475,498481,498482,1,6
498475,498475,498482,7,0
498475,498475,498482,7,0
498475,498481,498482,1,6
498475,498475,498482,7,0
498475,498481,498482,1,6
498475,498481,498482,1,6
498475,498475,498482,7,0
498475,498480,498481,1,5
498475,498481,498482,1,6
498475,498481,498482,1,6
498475,498475,498483,8,0
498475,498480,498483,3,5
498475,498475,498483,8,0
498475,498475,498482,7,0
498475,498480,498482,2,5
498475,498475,498482,7,0
498475,498481,498483,2,6
498475,498475,498483,8,0
498475,498480,498482,2,5
498475,498481,498482,1,6
498475,498475,498484,9,0
498475,498475,498484,9,0
498475,498475,498483,8,0
498475,498481,498484,3,6
498475,498475,498484,9,0
498475,498475,498485,10,0
498475,498475,498485,10,0
498475,498475,498484,9,0
498475,498475,498486,11,0
498475,498475,498485,10,0
498475,498475,498485,10,0
498475,498475,498488,13,0
498475,498475,498490,15,0
498501,498501,498502,1,0
498501,498501,498502,1,0
498501,498501,498502,1,0
498501,498501,498502,1,0
498501,498501,498502,1,0
498501,498502,498504,2,1
498501,498503,498505,2,2
498501,498503,498504,1,2
498501,498503,498504,1,2
498501,498503,498504,1,2
498501,498501,498505,4,0
498501,498501,498506,5,0
498501,498504,498506,2,3
498501,498501,498505,4,0
498501,498505,498506,1,4
498501,498505,498506,1,4
498501,498501,498507,6,0
498501,498501,498506,5,0
498501,498501,498507,6,0
498501,498501,498506,5,0
498501,498501,498507,6,0
498501,498505,498506,1,4
498501,498501,498506,5,0
498501,498505,498506,1,4
498501,498506,498507,1,5
498501,498501,498506,5,0
498501,498506,498507,1,5
498501,498501,498507,6,0
498501,498501,498507,6,0
498501,498501,498508,7,0
498501,498501,498507,6,0
498501,498501,498508,7,0
498501,498501,498508,7,0
498501,498506,498507,1,5
498501,498501,498507,6,0
498501,498501,498508,7,0
498501,498506,498507,1,5
498501,498507,498508,1,6
498501,498501,498509,8,0
498501,498507,498509,2,6
498501,498506,498508,2,5
498501,498501,498509,8,0
498501,498501,498508,7,0
498501,498501,498509,8,0
498501,498506,498508,2,5
498501,498501,498509,8,0
498501,498507,498508,1,6
498501,498508,498509,1,7
498501,498508,498509,1,7
498501,498501,498509,8,0
498501,498501,498508,7,0
498501,498507,498509,2,6
498501,498507,498509,2,6
498501,498508,498509,1,7
498501,498508,498509,1,7
498501,498507,498508,1,6
498501,498501,498508,7,0
498501,498507,498508,1,6
498501,498507,498509,2,6
498501,498501,498510,9,0
498501,498508,498510,2,7
498501,498501,498509,8,0
498501,498501,498509,8,0
498501,498507,498509,2,6
498501,498501,498510,9,0
498501,498501,498510,9,0
498501,498501,498509,8,0
498501,498501,498510,9,0
498501,498508,498509,1,7
498501,498501,498511,10,0
498501,498507,498510,3,6
498501,498508,498510,2,7
498501,498501,498511,10,0
498501,498501,498511,10,0
498501,498501,498510,9,0
498501,498507,498510,3,6
498501,498501,498512,11,0
498501,498501,498511,10,0
498501,498508,498511,3,7
498524,498524,498525,1,0
498524,498524,498525,1,0
498524,498524,498525,1,0
498524,498524,498525,1,0
498524,498524,498525,1,0
498524,498525,498526,1,1
498524,498524,498528,4,0
498524,498526,498527,1,2
498524,498526,498527,1,2
498524,498526,498527,1,2
498524,498524,498527,3,0
498524,498526,498527,1,2
498524,498527,498528,1,3
498524,498524,498529,5,0
498524,498528,498529,1,4
498524,498528,498529,1,4
498524,498524,498530,6,0
498524,498524,498530,6,0
498524,498524,498530,6,0
498524,498528,498529,1,4
498524,498524,498530,6,0
498524,498528,498529,1,4
498524,498524,498530,6,0
498524,498528,498529,1,4
498524,498528,498529,1,4
498524,498524,498529,5,0
498524,498529,498530,1,5
498524,498524,498530,6,0
498524,498524,498531,7,0
498524,498524,498531,7,0
498524,498528,498531,3,4
498524,498524,498530,6,0
498524,498524,498531,7,0
498524,498529,498530,1,5
498524,498524,498530,6,0
498524,498524,498530,6,0
498524,498530,498531,1,6
498524,498524,498531,7,0
498524,498524,498531,7,0
498524,498530,498531,1,6
498524,498524,498531,7,0
498524,498530,498531,1,6
498524,498524,498531,7,0
498524,498524,498532,8,0
498524,498524,498532,8,0
498524,498524,498532,8,0
498524,498524,498532,8,0
498524,498524,498532,8,0
498524,498524,498531,7,0
498524,498530,498532,2,6
498524,498529,498531,2,5
498524,498524,498532,8,0
498524,498530,498531,1,6
498524,498531,498532,1,7
498524,498524,498532,8,0
498524,498531,498532,1,7
498524,498524,498532,8,0
498524,498530,498531,1,6
498524,498530,498532,2,6
498524,498530,498532,2,6
498524,498530,498531,1,6
498524,498524,498533,9,0
498524,498524,498533,9,0
498524,498524,498532,8,0
498524,498531,498533,2,7
498524,498531,498533,2,7
498524,498530,498532,2,6
498524,498531,498533,2,7
498524,498524,498532,8,0
498524,498531,498532,1,7
498524,498524,498533,9,0
498524,498530,498534,4,6
498524,498531,498533,2,7
498524,498524,498534,10,0
498524,498524,498533,9,0
498524,498531,498535,4,7
498524,498524,498534,10,0
498524,498524,498534,10,0
498524,498524,498536,12,0
498548,498548,498549,1,0
498548,498548,498549,1,0
498548,498548,498549,1,0
498548,498548,498549,1,0
498548,498548,498549,1,0
498548,498550,498551,1,2
498548,498550,498551,1,2
498548,498550,498551,1,2
498548,498550,498551,1,2
498548,498550,498551,1,2
498548,498548,498551,3,0
498548,498548,498553,5,0
498548,498548,498552,4,0
498548,498548,498552,4,0
498548,498551,498552,1,3
498548,498548,498553,5,0
498548,498548,498554,6,0
498548,498548,498553,5,0
498548,498548,498554,6,0
498548,498548,498553,5,0
498548,498548,498553,5,0
498548,498548,498554,6,0
498548,498548,498553,5,0
498548,498548,498553,5,0
498548,498548,498553,5,0
498548,498548,498554,6,0
498548,498548,498554,6,0
498548,498552,498554,2,4
498548,498548,498553,5,0
498548,498548,498553,5,0
498548,498552,498553,1,4
498548,498552,498553,1,4
498548,498552,498554,2,4
498548,498548,498554,6,0
498548,498548,498554,6,0
498548,498553,498555,2,5
498548,498548,498555,7,0
498548,498552,498554,2,4
498548,498548,498554,6,0
498548,498554,498555,1,6
498548,498548,498555,7,0
498548,498553,498554,1,5
498548,498548,498555,7,0
498548,498553,498555,2,5
498548,498548,498555,7,0
498548,498553,498555,2,5
498548,498554,498556,2,6
498548,498554,498555,1,6
498548,498555,498556,1,7
498548,498548,498556,8,0
498548,498554,498555,1,6
498548,498554,498555,1,6
498548,498554,498555,1,6
498548,498554,498556,2,6
498548,498548,498555,7,0
498548,498548,498555,7,0
498548,498554,498556,2,6
498548,498554,498557,3,6
498548,498554,498556,2,6
498548,498554,498556,2,6
498548,498548,498557,9,0
498548,498554,498556,2,6
498548,498548,498557,9,0
498548,498548,498557,9,0
498548,498555,498556,1,7
498548,498554,498557,3,6
498548,498554,498556,2,6
498548,498548,498557,9,0
498548,498554,498557,3,6
498548,498554,498556,2,6
498548,498548,498557,9,0
498548,498554,498558,4,6
498548,498548,498558,10,0
498548,498555,498558,3,7
498548,498548,498559,11,0
498548,498548,498560,12,0
498548,498548,498562,14,0
498548,498548,498562,14,0
498548,498548,498564,16,0
498576,498576,498577,1,0
498576,498576,498578,2,0
498576,498576,498577,1,0
498576,498576,498578,2,0
498576,498576,498577,1,0
498576,498577,498578,1,1
498576,498576,498579,3,0
498576,498578,498580,2,2
498576,498576,498580,4,0
498576,498576,498580,4,0
498576,498576,498580,4,0
498576,498578,498580,2,2
498576,498576,498580,4,0
498576,498576,498581,5,0
498576,498576,498581,5,0
498576,498576,498581,5,0
498576,498576,498581,5,0
498576,498576,498581,5,0
498576,498580,498581,1,4
498576,498578,498581,3,2
498576,498576,498581,5,0
498576,498576,498582,6,0
498576,498576,498582,6,0
498576,498576,498581,5,0
498576,498578,498582,4,2
498576,498581,498582,1,5
498576,498578,498582,4,2
498576,498576,498582,6,0
498576,498576,498582,6,0
498576,498576,498583,7,0
498576,498580,498582,2,4
498576,498580,498583,3,4
498576,498580,498583,3,4
498576,498576,498583,7,0
498576,498582,498583,1,6
498576,498583,498584,1,7
498576,498583,498584,1,7
498576,498576,498584,8,0
498576,498580,498584,4,4
498576,498576,498584,8,0
498576,498582,498584,2,6
498576,498576,498584,8,0
498576,498576,498584,8,0
498576,498580,498584,4,4
498576,498581,498584,3,5
498576,498581,498584,3,5
498576,498583,498584,1,7
498576,498576,498584,8,0
498576,498583,498584,1,7
498576,498583,498584,1,7
498576,498583,498584,1,7
498576,498576,498584,8,0
498576,498576,498584,8,0
498576,498583,498584,1,7
498576,498579,498585,6,3
498576,498581,498585,4,5
498576,498582,498585,3,6
498576,498583,498585,2,7
498576,498576,498585,9,0
498576,498584,498585,1,8
498576,498576,498585,9,0
498576,498584,498585,1,8
498576,498576,498585,9,0
498576,498576,498585,9,0
498576,498576,498586,10,0
498576,498576,498586,10,0
498576,498576,498586,10,0
498576,498576,498586,10,0
498576,498583,498586,3,7
498576,498576,498586,10,0
498576,498582,498587,5,6
498576,498576,498587,11,0
498576,498576,498587,11,0
498576,498576,498588,12,0
498576,498576,498591,15,0
498576,498576,498592,16,0
498603,498604,498605,1,1
498603,498604,498605,1,1
498603,498604,498605,1,1
498603,498604,498605,1,1
498603,498604,498605,1,1
498603,498605,498606,1,2
498603,498604,498606,2,1
498603,498604,498606,2,1
498603,498604,498606,2,1
498603,498604,498606,2,1
498603,498604,498607,3,1
498603,498604,498606,2,1
498603,498604,498606,2,1
498603,498604,498606,2,1
498603,498604,498606,2,1
498603,498604,498607,3,1
498603,498604,498607,3,1
498603,498604,498607,3,1
498603,498604,498607,3,1
498603,498606,498607,1,3
498603,498604,498608,4,1
498603,498604,498607,3,1
498603,498606,498608,2,3
498603,498604,498608,4,1
498603,498606,498609,3,3
498603,498606,498608,2,3
498603,498608,498609,1,5
498603,498604,498608,4,1
498603,498604,498609,5,1
498603,498609,498610,1,6
498603,498606,498609,3,3
498603,498609,498610,1,6
498603,498604,498609,5,1
498603,498609,498610,1,6
498603,498608,498609,1,5
498603,498608,498609,1,5
498603,498607,498609,2,4
498603,498604,498609,5,1
498603,498604,498609,5,1
498603,498607,498609,2,4
498603,498607,498609,2,4
498603,498607,498609,2,4
498603,498604,498610,6,1
498603,498604,498610,6,1
498603,498608,498610,2,5
498603,498604,498610,6,1
498603,498610,498611,1,7
498603,498604,498610,6,1
498603,498608,498610,2,5
498603,498607,498610,3,4
498603,498607,498610,3,4
498603,498604,498610,6,1
498603,498604,498610,6,1
498603,498609,498610,1,6
498603,498609,498610,1,6
498603,498608,498611,3,5
498603,498607,498610,3,4
498603,498604,498611,7,1
498603,498610,498611,1,7
498603,498610,498611,1,7
498603,498604,498610,6,1
498603,498610,498611,1,7
498603,498610,498611,1,7
498603,498607,498611,4,4
498603,498607,498611,4,4
498603,498604,498612,8,1
498603,498604,498612,8,1
498603,498604,498611,7,1
498603,498610,498611,1,7
498603,498604,498611,7,1
498603,498610,498611,1,7
498603,498604,498613,9,1
498603,498608,498612,4,5
498603,498609,498613,4,6
498603,498604,498612,8,1
498603,498604,498613,9,1
498603,498604,498613,9,1
498603,498604,498614,10,1
498603,498604,498617,13,1
498628,498628,498629,1,0
498628,498628,498630,2,0
498628,498628,498630,2,0
498628,498628,498629,1,0
498628,498628,498631,3,0
498628,498629,498631,2,1
498628,498628,498632,4,0
498628,498628,498632,4,0
498628,498628,498632,4,0
498628,498630,498632,2,2
498628,498630,498632,2,2
498628,498630,498632,2,2
498628,498628,498633,5,0
498628,498628,498633,5,0
498628,498628,498633,5,0
498628,498628,498633,5,0
498628,498628,498633,5,0
498628,498628,498632,4,0
498628,498628,498634,6,0
498628,498628,498634,6,0
498628,498631,498634,3,3
498628,498628,498634,6,0
498628,498628,498634,6,0
498628,498631,498634,3,3
498628,498628,498634,6,0
498628,498632,498634,2,4
498628,498628,498634,6,0
498628,498628,498633,5,0
498628,498628,498634,6,0
498628,498632,498634,2,4
498628,498632,498633,1,4
498628,498628,498635,7,0
498628,498628,498635,7,0
498628,498628,498635,7,0
498628,498628,498635,7,0
498628,498628,498635,7,0
498628,498628,498635,7,0
498628,498628,498635,7,0
498628,498632,498635,3,4
498628,498628,498635,7,0
498628,498632,498635,3,4
498628,498628,498635,7,0
498628,498628,498635,7,0
498628,498633,498635,2,5
498628,498628,498635,7,0
498628,498628,498635,7,0
498628,498633,498635,2,5
498628,498635,498636,1,7
498628,498632,498636,4,4
498628,498634,498636,2,6
498628,498634,498636,2,6
498628,498634,498636,2,6
498628,498628,498636,8,0
498628,498633,498636,3,5
498628,498634,498636,2,6
498628,498633,498636,3,5
498628,498633,498636,3,5
498628,498628,498636,8,0
498628,498635,498636,1,7
498628,498628,498636,8,0
498628,498634,498636,2,6
498628,498634,498636,2,6
498628,498634,498636,2,6
498628,498628,498637,9,0
498628,498628,498637,9,0
498628,498634,498637,3,6
498628,498628,498637,9,0
498628,498634,498637,3,6
498628,498634,498637,3,6
498628,498636,498637,1,8
498628,498633,498637,4,5
498628,498628,498638,10,0
498628,498628,498640,12,0
498628,498628,498643,15,0
498628,498628,498645,17,0
498657,498657,498658,1,0
498657,498657,498658,1,0
498657,498657,498658,1,0
498657,498657,498659,2,0
498657,498657,498659,2,0
498657,498658,498660,2,1
498657,498658,498660,2,1
498657,498658,498660,2,1
498657,498659,498661,2,2
498657,498657,498662,5,0
498657,498660,498662,2,3
498657,498657,498662,5,0
498657,498659,498662,3,2
498657,498657,498662,5,0
498657,498660,498662,2,3
498657,498657,498663,6,0
498657,498657,498663,6,0
498657,498657,498663,6,0
498657,498657,498663,6,0
498657,498657,498663,6,0
498657,498657,498663,6,0
498657,498657,498663,6,0
498657,498657,498663,6,0
498657,498661,498663,2,4
498657,498657,498663,6,0
498657,498657,498663,6,0
498657,498657,498663,6,0
498657,498657,498663,6,0
498657,498662,498663,1,5
498657,498657,498664,7,0
498657,498657,498664,7,0
498657,498657,498664,7,0
498657,498662,498664,2,5
498657,498657,498664,7,0
498657,498657,498664,7,0
498657,498657,498664,7,0
498657,498662,498664,2,5
498657,498657,498664,7,0
498657,498662,498664,2,5
498657,498662,498664,2,5
498657,498657,498664,7,0
498657,498663,498664,1,6
498657,498664,498665,1,7
498657,498662,498664,2,5
498657,498664,498665,1,7
498657,498664,498665,1,7
498657,498657,498664,7,0
498657,498664,498665,1,7
498657,498664,498665,1,7
498657,498657,498665,8,0
498657,498657,498665,8,0
498657,498657,498665,8,0
498657,498657,498665,8,0
498657,498663,498665,2,6
498657,498664,498665,1,7
498657,498664,498665,1,7
498657,498664,498665,1,7
498657,498664,498665,1,7
498657,498657,498666,9,0
498657,498657,498666,9,0
498657,498657,498666,9,0
498657,498664,498666,2,7
498657,498663,498666,3,6
498657,498663,498666,3,6
498657,498663,498666,3,6
498657,498657,498666,9,0
498657,498657,498667,10,0
498657,498663,498666,3,6
498657,498657,498666,9,0
498657,498657,498667,10,0
498657,498664,498667,3,7
498657,498664,498667,3,7
498657,498664,498667,3,7
498657,498657,498667,10,0
498657,498664,498667,3,7
498657,498665,498667,2,8
498657,498657,498668,11,0
498657,498657,498667,10,0
498657,498657,498671,14,0
498684,498684,498685,1,0
498684,498684,498685,1,0
498684,498684,498685,1,0
498684,498684,498685,1,0
498684,498684,498685,1,0
498684,498685,498686,1,1
498684,498684,498687,3,0
498684,498684,498688,4,0
498684,498685,498687,2,1
498684,498685,498687,2,1
498684,498684,498688,4,0
498684,498686,498688,2,2
498684,498684,498688,4,0
498684,498686,498688,2,2
498684,498687,498688,1,3
498684,498684,498689,5,0
498684,498684,498689,5,0
498684,498684,498690,6,0
498684,498688,498689,1,4
498684,498684,498689,5,0
498684,498688,498689,1,4
498684,498684,498689,5,0
498684,498684,498689,5,0
498684,498688,498689,1,4
498684,498684,498690,6,0
498684,498688,498689,1,4
498684,498684,498690,6,0
498684,498684,498690,6,0
498684,498684,498690,6,0
498684,498684,498690,6,0
498684,498689,498690,1,5
498684,498688,498690,2,4
498684,498684,498691,7,0
498684,498684,498690,6,0
498684,498690,498691,1,6
498684,498684,498690,6,0
498684,498689,498690,1,5
498684,498690,498691,1,6
498684,498684,498690,6,0
498684,498689,498690,1,5
498684,498690,498691,1,6
498684,498690,498691,1,6
498684,498684,498691,7,0
498684,498684,498692,8,0
498684,498684,498692,8,0
498684,498684,498691,7,0
498684,498684,498691,7,0
498684,498691,498692,1,7
498684,498684,498691,7,0
498684,498690,498691,1,6
498684,498691,498692,1,7
498684,498690,498691,1,6
498684,498690,498691,1,6
498684,498684,498692,8,0
498684,498690,498691,1,6
498684,498690,498691,1,6
498684,498691,498692,1,7
498684,498684,498692,8,0
498684,498684,498692,8,0
498684,498691,498692,1,7
498684,498689,498692,3,5
498684,498684,498692,8,0
498684,498691,498693,2,7
498684,498690,498693,3,6
498684,498684,498692,8,0
498684,498691,498692,1,7
498684,498691,498692,1,7
498684,498684,498693,9,0
498684,498690,498693,3,6
498684,498684,498693,9,0
498684,498684,498693,9,0
498684,498684,498694,10,0
498684,498691,498693,2,7
498684,498684,498693,9,0
498684,498691,498693,2,7
498684,498684,498694,10,0
498684,498684,498695,11,0
498684,498684,498696,12,0
498684,498684,498696,12,0
498709,498709,498710,1,0
498709,498709,498710,1,0
498709,498709,498710,1,0
498709,498709,498710,1,0
498709,498709,498710,1,0
498709,498711,498712,1,2
498709,498709,498712,3,0
498709,498711,498712,1,2
498709,498711,498712,1,2
498709,498711,498712,1,2
498709,498711,498712,1,2
498709,498709,498713,4,0
498709,498709,498714,5,0
498709,498709,498713,4,0
498709,498709,498714,5,0
498709,498712,498713,1,3
498709,498709,498713,4,0
498709,498709,498713,4,0
498709,498713,498714,1,4
498709,498709,498715,6,0
498709,498713,498714,1,4
498709,498713,498714,1,4
498709,498709,498715,6,0
498709,498713,498714,1,4
498709,498714,498715,1,5
498709,498709,498714,5,0
498709,498713,498714,1,4
498709,498709,498715,6,0
498709,498709,498715,6,0
498709,498709,498715,6,0
498709,498714,498715,1,5
498709,498714,498715,1,5
498709,498709,498716,7,0
498709,498715,498716,1,6
498709,498709,498716,7,0
498709,498709,498715,6,0
498709,498714,498715,1,5
498709,498715,498716,1,6
498709,498715,498716,1,6
498709,498709,498715,6,0
498709,498715,498716,1,6
498709,498715,498716,1,6
498709,498709,498717,8,0
498709,498709,498717,8,0
498709,498709,498716,7,0
498709,498709,498716,7,0
498709,498709,498717,8,0
498709,498709,498716,7,0
498709,498709,498716,7,0
498709,498716,498717,1,7
498709,498716,498717,1,7
498709,498715,498716,1,6
498709,498715,498716,1,6
498709,498715,498716,1,6
498709,498716,498717,1,7
498709,498715,498717,2,6
498709,498709,498717,8,0
498709,498709,498718,9,0
498709,498709,498718,9,0
498709,498709,498718,9,0
498709,498709,498717,8,0
498709,498714,498718,4,5
498709,498716,498717,1,7
498709,498709,498717,8,0
498709,498716,498717,1,7
498709,498716,498717,1,7
498709,498714,498718,4,5
498709,498709,498718,9,0
498709,498716,498718,2,7
498709,498709,498718,9,0
498709,498709,498719,10,0
498709,498716,498718,2,7
498709,498709,498718,9,0
498709,498714,498718,4,5
498709,498709,498718,9,0
498709,498709,498718,9,0
498709,498709,498719,10,0
498709,498709,498720,11,0
498709,498709,498721,12,0
498734,498734,498736,2,0
498734,498734,498735,1,0
498734,498734,498736,2,0
498734,498734,498736,2,0
498734,498734,498736,2,0
498734,498734,498738,4,0
498734,498734,498738,4,0
498734,498736,498738,2,2
498734,498736,498738,2,2
498734,498734,498738,4,0
498734,498736,498738,2,2
498734,498736,498737,1,2
498734,498734,498739,5,0
498734,498734,498739,5,0
498734,498736,498739,3,2
498734,498738,498739,1,4
498734,498734,498739,5,0
498734,498734,498739,5,0
498734,498734,498739,5,0
498734,498738,498739,1,4
498734,498734,498739,5,0
498734,498734,498740,6,0
498734,498734,498740,6,0
498734,498738,498740,2,4
498734,498734,498739,5,0
498734,498738,498740,2,4
498734,498734,498740,6,0
498734,498738,498740,2,4
498734,498739,498740,1,5
498734,498734,498740,6,0
498734,498738,498740,2,4
498734,498739,498741,2,5
498734,498739,498741,2,5
498734,498734,498741,7,0
498734,498734,498741,7,0
498734,498734,498741,7,0
498734,498738,498741,3,4
498734,498734,498741,7,0
498734,498739,498741,2,5
498734,498739,498741,2,5
498734,498739,498740,1,5
498734,498739,498741,2,5
498734,498734,498741,7,0
498734,498741,498742,1,7
498734,498734,498742,8,0
498734,498734,498742,8,0
498734,498739,498742,3,5
498734,498734,498741,7,0
498734,498734,498742,8,0
498734,498740,498742,2,6
498734,498740,498742,2,6
498734,498741,498742,1,7
498734,498741,498742,1,7
498734,498734,498742,8,0
498734,498741,498742,1,7
498734,498741,498742,1,7
498734,498741,498742,1,7
498734,498741,498742,1,7
498734,498741,498742,1,7
498734,498734,498743,9,0
498734,498734,498742,8,0
498734,498734,498743,9,0
498734,498741,498743,2,7
498734,498734,498743,9,0
498734,498741,498743,2,7
498734,498734,498743,9,0
498734,498734,498743,9,0
498734,498740,498743,3,6
498734,498734,498743,9,0
498734,498734,498743,9,0
498734,498734,498744,10,0
498734,498734,498744,10,0
498734,498734,498744,10,0
498734,498734,498745,11,0
498734,498734,498745,11,0
498734,498734,498745,11,0
498734,498734,498748,14,0
498760,498760,498761,1,0
498760,498760,498761,1,0
498760,498760,498761,1,0
498760,498760,498761,1,0
498760,498760,498761,1,0
498760,498760,498762,2,0
498760,498762,498763,1,2
498760,498762,498764,2,2
498760,498762,498763,1,2
498760,498762,498763,1,2
498760,498760,498764,4,0
498760,498761,498763,2,1
498760,498760,498764,4,0
498760,498760,498764,4,0
498760,498760,498764,4,0
498760,498760,498765,5,0
498760,498763,498764,1,3
498760,498763,498765,2,3
498760,498760,498765,5,0
498760,498760,498765,5,0
498760,498760,498765,5,0
498760,498760,498766,6,0
498760,498760,498766,6,0
498760,498760,498765,5,0
498760,498764,498765,1,4
498760,498765,498766,1,5
498760,498760,498766,6,0
498760,498764,498765,1,4
498760,498764,498765,1,4
498760,498760,498765,5,0
498760,498760,498765,5,0
498760,498764,498765,1,4
498760,498760,498765,5,0
498760,498760,498766,6,0
498760,498760,498766,6,0
498760,498764,498765,1,4
498760,498765,498766,1,5
498760,498760,498766,6,0
498760,498760,498767,7,0
498760,498760,498766,6,0
498760,498760,498766,6,0
498760,498760,498766,6,0
498760,498765,498766,1,5
498760,498766,498767,1,6
498760,498766,498767,1,6
498760,498765,498766,1,5
498760,498765,498766,1,5
498760,498766,498767,1,6
498760,498760,498767,7,0
498760,498766,498767,1,6
498760,498760,498768,8,0
498760,498760,498767,7,0
498760,498760,498767,7,0
498760,498765,498768,3,5
498760,498760,498767,7,0
498760,498766,498767,1,6
498760,498766,498767,1,6
498760,498766,498767,1,6
498760,498766,498767,1,6
498760,498766,498767,1,6
498760,498766,498767,1,6
498760,498766,498767,1,6
498760,498766,498767,1,6
498760,498760,498768,8,0
498760,498766,498769,3,6
498760,498760,498768,8,0
498760,498766,498769,3,6
498760,498766,498769,3,6
498760,498760,498769,9,0
498760,498760,498769,9,0
498760,498760,498770,10,0
498760,498760,498771,11,0
498760,498760,498771,11,0
498760,498766,498770,4,6
498760,498760,498770,10,0
498760,498760,498771,11,0
498760,498760,498771,11,0
498760,498766,498771,5,6
498760,498760,498774,14,0
498786,498786,498787,1,0
498786,498786,498787,1,0
498786,498786,498787,1,0
498786,498786,498787,1,0
498786,498786,498787,1,0
498786,498786,498788,2,0
498786,498787,498789,2,1
498786,498787,498789,2,1
498786,498787,498789,2,1
498786,498788,498790,2,2
498786,498788,498790,2,2
498786,498786,498791,5,0
498786,498786,498791,5,0
498786,498786,498790,4,0
498786,498788,498790,2,2
498786,498786,498791,5,0
498786,498789,498791,2,3
498786,498789,498791,2,3
498786,498789,498791,2,3
498786,498786,498792,6,0
498786,498786,498792,6,0
498786,498786,498792,6,0
498786,498786,498792,6,0
498786,498786,498791,5,0
498786,498786,498792,6,0
498786,498786,498792,6,0
498786,498790,498792,2,4
498786,498786,498792,6,0
498786,498791,498792,1,5
498786,498791,498792,1,5
498786,498791,498792,1,5
498786,498786,498792,6,0
498786,498786,498792,6,0
498786,498790,498792,2,4
498786,498786,498793,7,0
498786,498786,498793,7,0
498786,498786,498793,7,0
498786,498786,498793,7,0
498786,498786,498793,7,0
498786,498786,498793,7,0
498786,498786,498793,7,0
498786,498786,498794,8,0
498786,498791,498794,3,5
498786,498791,498794,3,5
498786,498786,498794,8,0
498786,498791,498794,3,5
498786,498791,498794,3,5
498786,498792,498794,2,6
498786,498792,498793,1,6
498786,498786,498795,9,0
498786,498793,498794,1,7
498786,498793,498794,1,7
498786,498793,498794,1,7
498786,498793,498794,1,7
498786,498793,498794,1,7
498786,498793,498794,1,7
498786,498793,498794,1,7
498786,498793,498794,1,7
498786,498786,498795,9,0
498786,498786,498795,9,0
498786,498786,498795,9,0
498786,498786,498795,9,0
498786,498786,498794,8,0
498786,498792,498794,2,6
498786,498786,498795,9,0
498786,498792,498795,3,6
498786,498786,498795,9,0
498786,498786,498795,9,0
498786,498792,498796,4,6
498786,498786,498796,10,0
498786,498786,498796,10,0
498786,498792,498796,4,6
498786,498786,498796,10,0
498786,498792,498795,3,6
498786,498792,498796,4,6
498786,498786,498797,11,0
498786,498786,498797,11,0
498786,498786,498798,12,0
498810,498810,498811,1,0
498810,498810,498811,1,0
498810,498810,498811,1,0
498810,498810,498811,1,0
498810,498810,498811,1,0
498810,498810,498813,3,0
498810,498811,498813,2,1
498810,498810,498812,2,0
498810,498810,498814,4,0
498810,498810,498814,4,0
498810,498810,498813,3,0
498810,498810,498813,3,0
498810,498810,498813,3,0
498810,498810,498813,3,0
498810,498810,498814,4,0
498810,498812,498814,2,2
498810,498812,498814,2,2
498810,498812,498815,3,2
498810,498810,498815,5,0
498810,498810,498814,4,0
498810,498810,498814,4,0
498810,498810,498814,4,0
498810,498813,498815,2,3
498810,498810,498814,4,0
498810,498810,498815,5,0
498810,498812,498814,2,2
498810,498813,498815,2,3
498810,498810,498814,4,0
498810,498810,498814,4,0
498810,498810,498816,6,0
498810,498810,498815,5,0
498810,498810,498815,5,0
498810,498810,498815,5,0
498810,498814,498815,1,4
498810,498810,498816,6,0
498810,498810,498815,5,0
498810,498814,498815,1,4
498810,498810,498816,6,0
498810,498815,498816,1,5
498810,498810,498815,5,0
498810,498810,498816,6,0
498810,498810,498816,6,0
498810,498815,498816,1,5
498810,498810,498816,6,0
498810,498815,498816,1,5
498810,498816,498817,1,6
498810,498810,498817,7,0
498810,498815,498817,2,5
498810,498810,498816,6,0
498810,498813,498817,4,3
498810,498815,498817,2,5
498810,498810,498816,6,0
498810,498810,498817,7,0
498810,498810,498817,7,0
498810,498810,498817,7,0
498810,498815,498816,1,5
498810,498815,498816,1,5
498810,498810,498816,6,0
498810,498816,498817,1,6
498810,498810,498816,6,0
498810,498814,498817,3,4
498810,498816,498817,1,6
498810,498815,498817,2,5
498810,498815,498818,3,5
498810,498815,498817,2,5
498810,498810,498818,8,0
498810,498814,498818,4,4
498810,498815,498817,2,5
498810,498814,498818,4,4
498810,498814,498818,4,4
498810,498814,498817,3,4
498810,498815,498818,3,5
498810,498816,498817,1,6
498810,498810,498817,7,0
498810,498816,498817,1,6
498810,498814,498817,3,4
498810,498814,498819,5,4
498810,498816,498819,3,6
498810,498810,498820,10,0
498832,498832,498833,1,0
498832,498832,498833,1,0
498832,498832,498833,1,0
498832,498832,498833,1,0
498832,498832,498833,1,0
498832,498832,498834,2,0
498832,498832,498834,2,0
498832,498832,498836,4,0
498832,498832,498835,3,0
498832,498832,498835,3,0
498832,498834,498835,1,2
498832,498834,498835,1,2
498832,498832,498836,4,0
498832,498834,498835,1,2
498832,498832,498835,3,0
498832,498834,498835,1,2
498832,498832,498835,3,0
498832,498834,498836,2,2
498832,498832,498836,4,0
498832,498832,498836,4,0
498832,498832,498836,4,0
498832,498832,498836,4,0
498832,498836,498837,1,4
498832,498832,498837,5,0
498832,498836,498838,2,4
498832,498832,498837,5,0
498832,498835,498837,2,3
498832,498832,498838,6,0
498832,498836,498837,1,4
498832,498832,498837,5,0
498832,498835,498837,2,3
498832,498832,498838,6,0
498832,498832,498838,6,0
498832,498836,498838,2,4
498832,498832,498837,5,0
498832,498832,498838,6,0
498832,498836,498838,2,4
498832,498837,498838,1,5
498832,498832,498839,7,0
498832,498832,498838,6,0
498832,498837,498838,1,5
498832,498836,498839,3,4
498832,498832,498839,7,0
498832,498832,498838,6,0
498832,498832,498838,6,0
498832,498836,498839,3,4
498832,498832,498838,6,0
498832,498832,498839,7,0
498832,498832,498838,6,0
498832,498838,498839,1,6
498832,498836,498838,2,4
498832,498832,498838,6,0
498832,498832,498840,8,0
498832,498832,498840,8,0
498832,498832,498840,8,0
498832,498832,498839,7,0
498832,498832,498840,8,0
498832,498837,498839,2,5
498832,498838,498840,2,6
498832,498837,498840,3,5
498832,498837,498839,2,5
498832,498832,498839,7,0
498832,498838,498839,1,6
498832,498832,498840,8,0
498832,498836,498840,4,4
498832,498837,498840,3,5
498832,498838,498839,1,6
498832,498832,498839,7,0
498832,498838,498840,2,6
498832,498838,498839,1,6
498832,498838,498839,1,6
498832,498838,498840,2,6
498832,498832,498841,9,0
498832,498838,498841,3,6
498832,498836,498840,4,4
498832,498838,498841,3,6
498832,498838,498841,3,6
498832,498838,498841,3,6
498832,498832,498843,11,0
498857,498857,498858,1,0
498857,498857,498858,1,0
498857,498857,498858,1,0
498857,498857,498858,1,0
498857,498857,498858,1,0
498857,498857,498860,3,0
498857,498858,498860,2,1
498857,498857,498860,3,0
498857,498857,498861,4,0
498857,498857,498861,4,0
498857,498859,498861,2,2
498857,498857,498861,4,0
498857,498857,498860,3,0
498857,498859,498861,2,2
498857,498859,498861,2,2
498857,498857,498861,4,0
498857,498859,498861,2,2
498857,498857,498861,4,0
498857,498857,498861,4,0
498857,498857,498861,4,0
498857,498857,498861,4,0
498857,498860,498862,2,3
498857,498857,498862,5,0
498857,498857,498862,5,0
498857,498857,498862,5,0
498857,498857,498861,4,0
498857,498860,498861,1,3
498857,498857,498863,6,0
498857,498857,498863,6,0
498857,498857,498863,6,0
498857,498857,498863,6,0
498857,498861,498862,1,4
498857,498857,498863,6,0
498857,498857,498862,5,0
498857,498861,498863,2,4
498857,498860,498863,3,3
498857,498861,498863,2,4
498857,498857,498863,6,0
498857,498857,498862,5,0
498857,498861,498863,2,4
498857,498857,498864,7,0
498857,498862,498864,2,5
498857,498861,498864,3,4
498857,498857,498863,6,0
498857,498857,498864,7,0
498857,498863,498864,1,6
498857,498857,498864,7,0
498857,498861,498864,3,4
498857,498857,498864,7,0
498857,498857,498864,7,0
498857,498862,498863,1,5
498857,498857,498863,6,0
498857,498861,498864,3,4
498857,498857,498863,6,0
498857,498862,498863,1,5
498857,498863,498864,1,6
498857,498862,498864,2,5
498857,498861,498864,3,4
498857,498862,498864,2,5
498857,498857,498864,7,0
498857,498863,498865,2,6
498857,498862,498865,3,5
498857,498862,498865,3,5
498857,498863,498865,2,6
498857,498862,498865,3,5
498857,498862,498865,3,5
498857,498857,498865,8,0
498857,498863,498864,1,6
498857,498863,498864,1,6
498857,498857,498864,7,0
498857,498857,498865,8,0
498857,498857,498864,7,0
498857,498861,498865,4,4
498857,498862,498865,3,5
498857,498863,498866,3,6
498857,498863,498866,3,6
498857,498857,498865,8,0
498857,498857,498866,9,0
498857,498857,498867,10,0
498881,498881,498882,1,0
498881,498881,498882,1,0
498881,498881,498882,1,0
498881,498881,498882,1,0
498881,498881,498884,3,0
498881,498881,498885,4,0
498881,498883,498885,2,2
498881,498881,498884,3,0
498881,498881,498884,3,0
498881,498881,498885,4,0
498881,498883,498885,2,2
498881,498883,498885,2,2
498881,498883,498885,2,2
498881,498881,498885,4,0
498881,498881,498885,4,0
498881,498881,498886,5,0
498881,498881,498886,5,0
498881,498881,498886,5,0
498881,498881,498887,6,0
498881,498881,498886,5,0
498881,498881,498887,6,0
498881,498881,498886,5,0
498881,498881,498887,6,0
498881,498885,498886,1,4
498881,498881,498886,5,0
498881,498885,498886,1,4
498881,498881,498887,6,0
498881,498885,498886,1,4
498881,498886,498887,1,5
498881,498881,498886,5,0
498881,498881,498886,5,0
498881,498885,498887,2,4
498881,498885,498887,2,4
498881,498881,498887,6,0
498881,498881,498888,7,0
498881,498886,498888,2,5
498881,498881,498887,6,0
498881,498885,498888,3,4
498881,498885,498888,3,4
498881,498881,498888,7,0
498881,498881,498888,7,0
498881,498885,498887,2,4
498881,498887,498888,1,6
498881,498881,498888,7,0
498881,498887,498888,1,6
498881,498881,498888,7,0
498881,498887,498888,1,6
498881,498887,498888,1,6
498881,498881,498888,7,0
498881,498881,498887,6,0
498881,498887,498888,1,6
498881,498887,498888,1,6
498881,498887,498888,1,6
498881,498887,498888,1,6
498881,498881,498888,7,0
498881,498885,498888,3,4
498881,498886,498888,2,5
498881,498881,498888,7,0
498881,498886,498888,2,5
498881,498887,498889,2,6
498881,498887,498889,2,6
498881,498881,498889,8,0
498881,498887,498889,2,6
498881,498887,498889,2,6
498881,498887,498888,1,6
498881,498887,498889,2,6
498881,498881,498890,9,0
498881,498887,498889,2,6
498881,498887,498890,3,6
498881,498881,498890,9,0
498881,498888,498890,2,7
498881,498888,498891,3,7
498881,498881,498892,11,0
498881,498881,498893,12,0
498881,498881,498894,13,0
498881,498881,498894,13,0
498881,498881,498895,14,0
498881,498881,498895,14,0
498881,498881,498895,14,0
498907,498907,498908,1,0
498907,498907,498908,1,0
498907,498907,498908,1,0
498907,498907,498908,1,0
498907,498907,498908,1,0
498907,498908,498910,2,1
498907,498907,498910,3,0
498907,498908,498909,1,1
498907,498907,498911,4,0
498907,498907,498910,3,0
498907,498909,498911,2,2
498907,498909,498910,1,2
498907,498909,498911,2,2
498907,498907,498911,4,0
498907,498907,498911,4,0
498907,498907,498912,5,0
498907,498907,498912,5,0
498907,498907,498912,5,0
498907,498907,498912,5,0
498907,498910,498912,2,3
498907,498907,498912,5,0
498907,498907,498912,5,0
498907,498910,498911,1,3
498907,498910,498911,1,3
498907,498907,498912,5,0
498907,498907,498912,5,0
498907,498907,498913,6,0
498907,498907,498912,5,0
498907,498907,498912,5,0
498907,498911,498912,1,4
498907,498907,498912,5,0
498907,498907,498913,6,0
498907,498911,498912,1,4
498907,498907,498913,6,0
498907,498907,498912,5,0
498907,498907,498913,6,0
498907,498911,498913,2,4
498907,498907,498913,6,0
498907,498912,498913,1,5
498907,498912,498913,1,5
498907,498911,498914,3,4
498907,498907,498914,7,0
498907,498912,498914,2,5
498907,498907,498913,6,0
498907,498907,498914,7,0
498907,498907,498914,7,0
498907,498913,498914,1,6
498907,498912,498913,1,5
498907,498912,498913,1,5
498907,498913,498914,1,6
498907,498907,498913,6,0
498907,498907,498914,7,0
498907,498912,498913,1,5
498907,498912,498913,1,5
498907,498907,498915,8,0
498907,498912,498915,3,5
498907,498913,498915,2,6
498907,498907,498915,8,0
498907,498912,498915,3,5
498907,498912,498914,2,5
498907,498912,498914,2,5
498907,498911,498914,3,4
498907,498913,498915,2,6
498907,498913,498914,1,6
498907,498913,498914,1,6
498907,498913,498914,1,6
498907,498913,498914,1,6
498907,498913,498914,1,6
498907,498907,498916,9,0
498907,498913,498915,2,6
498907,498913,498915,2,6
498907,498907,498917,10,0
498907,498907,498916,9,0
498907,498907,498916,9,0
498907,498907,498918,11,0
498907,498907,498917,10,0
498907,498907,498918,11,0
498907,498907,498918,11,0
498907,498907,498918,11,0
498931,498931,498932,1,0
498931,498931,498932,1,0
498931,498931,498932,1,0
498931,498931,498932,1,0
498931,498931,498932,1,0
498931,498932,498933,1,1
498931,498931,498933,2,0
498931,498932,498933,1,1
498931,498931,498934,3,0
498931,498933,498934,1,2
498931,498933,498935,2,2
498931,498933,498934,1,2
498931,498931,498935,4,0
498931,498931,498935,4,0
498931,498931,498936,5,0
498931,498934,498935,1,3
498931,498934,498935,1,3
498931,498934,498936,2,3
498931,498935,498936,1,4
498931,498935,498937,2,4
498931,498936,498937,1,5
498931,498931,498937,6,0
498931,498931,498936,5,0
498931,498931,498936,5,0
498931,498935,498936,1,4
498931,498936,498937,1,5
498931,498931,498937,6,0
498931,498931,498937,6,0
498931,498931,498938,7,0
498931,498935,498938,3,4
498931,498931,498937,6,0
498931,498931,498937,6,0
498931,498931,498937,6,0
498931,498931,498937,6,0
498931,498937,498938,1,6
498931,498931,498938,7,0
498931,498937,498938,1,6
498931,498931,498938,7,0
498931,498931,498937,6,0
498931,498937,498938,1,6
498931,498936,498937,1,5
498931,498931,498938,7,0
498931,498931,498938,7,0
498931,498931,498938,7,0
498931,498936,498938,2,5
498931,498936,498939,3,5
498931,498938,498939,1,7
498931,498938,498939,1,7
498931,498937,498938,1,6
498931,498931,498938,7,0
498931,498938,498939,1,7
498931,498931,498939,8,0
498931,498937,498938,1,6
498931,498937,498938,1,6
498931,498937,498938,1,6
498931,498937,498939,2,6
498931,498937,498938,1,6
498931,498931,498939,8,0
498931,498931,498940,9,0
498931,498931,498939,8,0
498931,498931,498939,8,0
498931,498938,498940,2,7
498931,498931,498939,8,0
498931,498938,498940,2,7
498931,498938,498940,2,7
498931,498931,498939,8,0
498931,498938,498939,1,7
498931,498938,498940,2,7
498931,498931,498940,9,0
498931,498938,498940,2,7
498931,498931,498940,9,0
498931,498931,498942,11,0
498931,498931,498941,10,0
498931,498931,498942,11,0
498931,498931,498941,10,0
498931,498931,498942,11,0
498931,498931,498942,11,0
498931,498931,498943,12,0
498931,498931,498945,14,0
498957,498957,498958,1,0
498957,498957,498958,1,0
498957,498957,498958,1,0
498957,498957,498958,1,0
498957,498957,498958,1,0
498957,498957,498959,2,0
498957,498958,498959,1,1
498957,498958,498959,1,1
498957,498959,498960,1,2
498957,498957,498960,3,0
498957,498957,498960,3,0
498957,498959,498960,1,2
498957,498958,498960,2,1
498957,498957,498961,4,0
498957,498957,498961,4,0
498957,498957,498961,4,0
498957,498957,498961,4,0
498957,498960,498961,1,3
498957,498960,498962,2,3
498957,498960,498961,1,3
498957,498957,498962,5,0
498957,498957,498962,5,0
498957,498957,498962,5,0
498957,498957,498963,6,0
498957,498957,498962,5,0
498957,498961,498963,2,4
498957,498957,498963,6,0
498957,498961,498963,2,4
498957,498957,498962,5,0
498957,498961,498962,1,4
498957,498962,498963,1,5
498957,498957,498962,5,0
498957,498962,498963,1,5
498957,498961,498964,3,4
498957,498957,498963,6,0
498957,498957,498964,7,0
498957,498961,498963,2,4
498957,498957,498963,6,0
498957,498957,498963,6,0
498957,498963,498964,1,6
498957,498957,498963,6,0
498957,498957,498964,7,0
498957,498957,498963,6,0
498957,498963,498964,1,6
498957,498957,498963,6,0
498957,498962,498963,1,5
498957,498963,498964,1,6
498957,498957,498963,6,0
498957,498962,498963,1,5
498957,498957,498964,7,0
498957,498957,498965,8,0
498957,498957,498964,7,0
498957,498962,498964,2,5
498957,498957,498964,7,0
498957,498957,498964,7,0
498957,498957,498965,8,0
498957,498963,498964,1,6
498957,498963,498964,1,6
498957,498963,498964,1,6
498957,498963,498965,2,6
498957,498957,498964,7,0
498957,498963,498964,1,6
498957,498963,498964,1,6
498957,498963,498964,1,6
498957,498957,498965,8,0
498957,498963,498966,3,6
498957,498963,498966,3,6
498957,498964,498966,2,7
498957,498962,498965,3,5
498957,498964,498966,2,7
498957,498962,498965,3,5
498957,498957,498966,9,0
498957,498963,498967,4,6
498957,498957,498967,10,0
498957,498957,498967,10,0
498957,498957,498968,11,0
498957,498957,498967,10,0
498957,498957,498968,11,0
498957,498957,498973,16,0
498985,498985,498986,1,0
498985,498985,498986,1,0
498985,498985,498986,1,0
498985,498985,498987,2,0
498985,498985,498987,2,0
498985,498985,498986,1,0
498985,498985,498989,4,0
498985,498985,498989,4,0
498985,498985,498989,4,0
498985,498987,498989,2,2
498985,498987,498989,2,2
498985,498987,498988,1,2
498985,498987,498989,2,2
498985,498987,498989,2,2
498985,498987,498989,2,2
498985,498985,498989,4,0
498985,498985,498989,4,0
498985,498985,498989,4,0
498985,498985,498990,5,0
498985,498985,498991,6,0
498985,498985,498991,6,0
498985,498989,498991,2,4
498985,498985,498991,6,0
498985,498989,498991,2,4
498985,498989,498991,2,4
498985,498985,498991,6,0
498985,498985,498991,6,0
498985,498989,498991,2,4
498985,498985,498991,6,0
498985,498989,498991,2,4
498985,498989,498991,2,4
498985,498985,498992,7,0
498985,498985,498992,7,0
498985,498989,498992,3,4
498985,498985,498991,6,0
498985,498985,498992,7,0
498985,498989,498992,3,4
498985,498985,498992,7,0
498985,498985,498992,7,0
498985,498991,498992,1,6
498985,498985,498992,7,0
498985,498991,498992,1,6
498985,498985,498991,6,0
498985,498985,498991,6,0
498985,498985,498992,7,0
498985,498991,498992,1,6
498985,498990,498991,1,5
498985,498991,498992,1,6
498985,498991,498992,1,6
498985,498991,498992,1,6
498985,498989,498993,4,4
498985,498990,498993,3,5
498985,498990,498992,2,5
498985,498991,498992,1,6
498985,498991,498992,1,6
498985,498991,498992,1,6
498985,498991,498993,2,6
498985,498985,498993,8,0
498985,498991,498993,2,6
498985,498985,498993,8,0
498985,498985,498993,8,0
498985,498990,498994,4,5
498985,498992,498994,2,7
498985,498992,498994,2,7
498985,498985,498994,9,0
498985,498985,498993,8,0
498985,498985,498994,9,0
498985,498992,498994,2,7
498985,498985,498995,10,0
498985,498985,498995,10,0
498985,498985,498995,10,0
498985,498985,498995,10,0
498985,498991,498996,5,6
498985,498992,498996,4,7
498985,498985,498996,11,0
498985,498985,498997,12,0
498985,498985,498998,13,0
498985,498985,498999,14,0
498985,498985,499004,19,0
499017,499017,499018,1,0
499017,499017,499018,1,0
499017,499017,499018,1,0
499017,499017,499018,1,0
499017,499017,499018,1,0
499017,499018,499020,2,1
499017,499017,499019,2,0
499017,499018,499020,2,1
499017,499019,499021,2,2
499017,499017,499021,4,0
499017,499017,499021,4,0
499017,499017,499021,4,0
499017,499019,499021,2,2
499017,499019,499021,2,2
499017,499017,499022,5,0
499017,499017,499022,5,0
499017,499017,499022,5,0
499017,499020,499022,2,3
499017,499017,499022,5,0
499017,499020,499022,2,3
499017,499020,499022,2,3
499017,499017,499023,6,0
499017,499021,499023,2,4
499017,499017,499023,6,0
499017,499021,499023,2,4
499017,499021,499023,2,4
499017,499017,499024,7,0
499017,499017,499024,7,0
499017,499017,499024,7,0
499017,499023,499024,1,6
499017,499021,499024,3,4
499017,499022,499023,1,5
499017,499017,499024,7,0
499017,499017,499023,6,0
499017,499017,499024,7,0
499017,499023,499024,1,6
499017,499017,499024,7,0
499017,499022,499023,1,5
499017,499023,499024,1,6
499017,499017,499024,7,0
499017,499022,499023,1,5
499017,499022,499023,1,5
499017,499021,499025,4,4
499017,499017,499025,8,0
499017,499017,499025,8,0
499017,499021,499024,3,4
499017,499022,499025,3,5
499017,499023,499025,2,6
499017,499024,499025,1,7
499017,499024,499025,1,7
499017,499024,499025,1,7
499017,499017,499024,7,0
499017,499017,499024,7,0
499017,499024,499025,1,7
499017,499017,499025,8,0
499017,499017,499026,9,0
499017,499017,499026,9,0
499017,499023,499026,3,6
499017,499022,499026,4,5
499017,499022,499025,3,5
499017,499017,499025,8,0
499017,499017,499026,9,0
499017,499017,499026,9,0
499017,499024,499026,2,7
499017,499024,499025,1,7
499017,499024,499026,2,7
499017,499017,499027,10,0
499017,499017,499027,10,0
499017,499024,499026,2,7
499017,499017,499027,10,0
499017,499024,499027,3,7
499017,499017,499028,11,0
499017,499017,499028,11,0
499017,499017,499029,12,0
499017,499017,499030,13,0
499017,499017,499032,15,0
499017,499017,499035,18,0
499017,499017,499036,19,0
499017,499017,499037,20,0
499050,499050,499051,1,0
499050,499050,499051,1,0
499050,499050,499051,1,0
499050,499050,499051,1,0
499050,499050,499051,1,0
499050,499050,499052,2,0
499050,499052,499053,1,2
499050,499052,499053,1,2
499050,499052,499053,1,2
499050,499051,499054,3,1
499050,499050,499054,4,0
499050,499053,499054,1,3
499050,499052,499054,2,2
499050,499051,499055,4,1
499050,499051,499055,4,1
499050,499051,499055,4,1
499050,499054,499055,1,4
499050,499051,499055,4,1
499050,499050,499055,5,0
499050,499050,499055,5,0
499050,499054,499056,2,4
499050,499053,499055,2,3
499050,499054,499055,1,4
499050,499050,499056,6,0
499050,499050,499056,6,0
499050,499050,499056,6,0
499050,499055,499056,1,5
499050,499056,499057,1,6
499050,499056,499057,1,6
499050,499050,499056,6,0
499050,499056,499057,1,6
499050,499051,499057,6,1
499050,499051,499057,6,1
499050,499050,499057,7,0
499050,499050,499057,7,0
499050,499055,499057,2,5
499050,499057,499058,1,7
499050,499050,499058,8,0
499050,499056,499057,1,6
499050,499057,499058,1,7
499050,499050,499057,7,0
499050,499050,499057,7,0
499050,499050,499057,7,0
499050,499057,499058,1,7
499050,499056,499057,1,6
499050,499057,499058,1,7
499050,499050,499057,7,0
499050,499056,499057,1,6
499050,499050,499058,8,0
499050,499056,499059,3,6
499050,499050,499058,8,0
499050,499055,499058,3,5
499050,499056,499058,2,6
499050,499058,499059,1,8
499050,499050,499058,8,0
499050,499058,499059,1,8
499050,499050,499058,8,0
499050,499057,499058,1,7
499050,499057,499058,1,7
499050,499057,499058,1,7
499050,499050,499059,9,0
499050,499056,499059,3,6
499050,499056,499059,3,6
499050,499050,499060,10,0
499050,499050,499059,9,0
499050,499055,499059,4,5
499050,499057,499059,2,7
499050,499058,499061,3,8
499050,499058,499060,2,8
499050,499050,499061,11,0
499050,499050,499061,11,0
499050,499050,499061,11,0
499050,499050,499061,11,0
499050,499050,499062,12,0
499050,499050,499062,12,0
499050,499050,499065,15,0
499050,499050,499066,16,0
499050,499050,499066,16,0
499050,499050,499068,18,0
499079,499079,499080,1,0
499079,499079,499080,1,0
499079,499079,499080,1,0
499079,499079,499081,2,0
499079,499079,499080,1,0
499079,499079,499080,1,0
499079,499080,499082,2,1
499079,499081,499083,2,2
499079,499079,499083,4,0
499079,499079,499083,4,0
499079,499081,499083,2,2
499079,499081,499083,2,2
499079,499079,499084,5,0
499079,499079,499084,5,0
499079,499079,499084,5,0
499079,499079,499084,5,0
499079,499081,499083,2,2
499079,499079,499084,5,0
499079,499082,499084,2,3
499079,499079,499084,5,0
499079,499081,499084,3,2
499079,499079,499085,6,0
499079,499079,499085,6,0
499079,499079,499085,6,0
499079,499083,499085,2,4
499079,499079,499085,6,0
499079,499079,499085,6,0
499079,499083,499085,2,4
499079,499079,499085,6,0
499079,499079,499085,6,0
499079,499083,499085,2,4
499079,499084,499085,1,5
499079,499079,499085,6,0
499079,499079,499086,7,0
499079,499079,499085,6,0
499079,499079,499086,7,0
499079,499084,499086,2,5
499079,499084,499086,2,5
499079,499085,499086,1,6
499079,499079,499086,7,0
499079,499085,499086,1,6
499079,499084,499086,2,5
499079,499085,499086,1,6
499079,499085,499086,1,6
499079,499079,499086,7,0
499079,499084,499086,2,5
499079,499084,499086,2,5
499079,499086,499087,1,7
499079,499086,499087,1,7
499079,499079,499086,7,0
499079,499079,499086,7,0
499079,499079,499086,7,0
499079,499079,499086,7,0
499079,499079,499087,8,0
499079,499085,499087,2,6
499079,499083,499087,4,4
499079,499085,499087,2,6
499079,499085,499086,1,6
499079,499079,499087,8,0
499079,499086,499087,1,7
499079,499079,499088,9,0
499079,499079,499088,9,0
499079,499083,499088,5,4
499079,499079,499088,9,0
499079,499084,499088,4,5
499079,499084,499088,4,5
499079,499079,499088,9,0
499079,499084,499088,4,5
499079,499086,499088,2,7
499079,499086,499088,2,7
499079,499079,499089,10,0
499079,499079,499090,11,0
499079,499079,499090,11,0
499079,499079,499090,11,0
499079,499079,499090,11,0
499079,499079,499093,14,0
499079,499079,499097,18,0
499110,499110,499111,1,0
499110,499110,499111,1,0
499110,499110,499111,1,0
499110,499110,499111,1,0
499110,499110,499111,1,0
499110,499110,499111,1,0
499110,499111,499112,1,1
499110,499110,499112,2,0
499110,499112,499113,1,2
499110,499112,499113,1,2
499110,499112,499113,1,2
499110,499112,499113,1,2
499110,499112,499113,1,2
499110,499112,499114,2,2
499110,499110,499114,4,0
499110,499110,499114,4,0
499110,499110,499114,4,0
499110,499110,499114,4,0
499110,499113,499114,1,3
499110,499110,499114,4,0
499110,499110,499114,4,0
499110,499110,499115,5,0
499110,499110,499115,5,0
499110,499110,499115,5,0
499110,499114,499115,1,4
499110,499115,499116,1,5
499110,499110,499116,6,0
499110,499110,499115,5,0
499110,499115,499116,1,5
499110,499110,499115,5,0
499110,499114,499115,1,4
499110,499115,499116,1,5
499110,499110,499115,5,0
499110,499114,499116,2,4
499110,499110,499115,5,0
499110,499114,499115,1,4
499110,499114,499115,1,4
499110,499110,499117,7,0
499110,499110,499116,6,0
499110,499110,499116,6,0
499110,499113,499116,3,3
499110,499110,499116,6,0
499110,499110,499116,6,0
499110,499115,499116,1,5
499110,499116,499117,1,6
499110,499116,499117,1,6
499110,499115,499116,1,5
499110,499115,499116,1,5
499110,499116,499117,1,6
499110,499116,499117,1,6
499110,499110,499117,7,0
499110,499116,499117,1,6
499110,499116,499117,1,6
499110,499110,499116,6,0
499110,499116,499117,1,6
499110,499116,499117,1,6
499110,499110,499117,7,0
499110,499110,499117,7,0
499110,499115,499117,2,5
499110,499110,499118,8,0
499110,499116,499117,1,6
499110,499110,499117,7,0
499110,499116,499117,1,6
499110,499116,499117,1,6
499110,499110,499118,8,0
499110,499110,499118,8,0
499110,499116,499118,2,6
499110,499116,499118,2,6
499110,499110,499119,9,0
499110,499110,499119,9,0
499110,499110,499119,9,0
499110,499116,499119,3,6
499110,499110,499120,10,0
499110,499110,499120,10,0
499110,499110,499120,10,0
499110,499110,499121,11,0
499110,499110,499121,11,0
499110,499110,499123,13,0
499110,499110,499125,15,0
499136,499136,499137,1,0
499136,499136,499138,2,0
499136,499136,499137,1,0
499136,499136,499138,2,0
499136,499136,499138,2,0
499136,499136,499138,2,0
499136,499136,499139,3,0
499136,499137,499139,2,1
499136,499138,499139,1,2
499136,499136,499140,4,0
499136,499136,499140,4,0
499136,499138,499139,1,2
499136,499138,499140,2,2
499136,499138,499140,2,2
499136,499138,499140,2,2
499136,499136,499141,5,0
499136,499136,499141,5,0
499136,499140,499141,1,4
499136,499136,499141,5,0
499136,499139,499141,2,3
499136,499141,499142,1,5
499136,499136,499142,6,0
499136,499136,499142,6,0
499136,499136,499142,6,0
499136,499136,499142,6,0
499136,499136,499142,6,0
499136,499141,499142,1,5
499136,499136,499142,6,0
499136,499136,499142,6,0
499136,499136,499142,6,0
499136,499136,499142,6,0
499136,499141,499142,1,5
499136,499136,499142,6,0
499136,499136,499142,6,0
499136,499141,499142,1,5
499136,499136,499143,7,0
499136,499136,499143,7,0
499136,499140,499143,3,4
499136,499136,499143,7,0
499136,499143,499144,1,7
499136,499140,499143,3,4
499136,499142,499143,1,6
499136,499143,499144,1,7
499136,499143,499144,1,7
499136,499136,499143,7,0
499136,499142,499143,1,6
499136,499142,499143,1,6
499136,499143,499144,1,7
499136,499143,499144,1,7
499136,499142,499143,1,6
499136,499143,499144,1,7
499136,499143,499144,1,7
499136,499136,499144,8,0
499136,499136,499144,8,0
499136,499136,499144,8,0
499136,499136,499144,8,0
499136,499136,499144,8,0
499136,499142,499144,2,6
499136,499143,499144,1,7
499136,499136,499145,9,0
499136,499136,499145,9,0
499136,499136,499145,9,0
499136,499136,499145,9,0
499136,499141,499145,4,5
499136,499140,499145,5,4
499136,499143,499145,2,7
499136,499136,499146,10,0
499136,499142,499146,4,6
499136,499136,499146,10,0
499136,499142,499146,4,6
499136,499136,499147,11,0
499136,499136,499147,11,0
499136,499136,499148,12,0
499136,499142,499148,6,6
499136,499136,499148,12,0
499136,499136,499148,12,0
499136,499136,499156,20,0
499166,499166,499167,1,0
499166,499166,499167,1,0
499166,499166,499168,2,0
499166,499166,499168,2,0
499166,499166,499168,2,0
499166,499166,499168,2,0
499166,499166,499169,3,0
499166,499166,499169,3,0
499166,499166,499169,3,0
499166,499166,499169,3,0
499166,499166,499170,4,0
499166,499166,499170,4,0
499166,499169,499170,1,3
499166,499169,499170,1,3
499166,499169,499170,1,3
499166,499169,499170,1,3
499166,499169,499170,1,3
499166,499166,499171,5,0
499166,499166,499171,5,0
499166,499170,499172,2,4
499166,499166,499171,5,0
499166,499166,499171,5,0
499166,499170,499171,1,4
499166,499166,499171,5,0
499166,499166,499171,5,0
499166,499170,499171,1,4
499166,499166,499172,6,0
499166,499166,499172,6,0
499166,499166,499172,6,0
499166,499171,499172,1,5
499166,499171,499172,1,5
499166,499166,499172,6,0
499166,499171,499172,1,5
499166,499166,499172,6,0
499166,499171,499172,1,5
499166,499166,499172,6,0
499166,499171,499172,1,5
499166,499171,499172,1,5
499166,499166,499172,6,0
499166,499171,499172,1,5
499166,499172,499173,1,6
499166,499166,499173,7,0
499166,499166,499173,7,0
499166,499171,499173,2,5
499166,499166,499173,7,0
499166,499172,499173,1,6
499166,499173,499174,1,7
499166,499173,499174,1,7
499166,499166,499173,7,0
499166,499173,499174,1,7
499166,499173,499174,1,7
499166,499172,499173,1,6
499166,499172,499173,1,6
499166,499173,499174,1,7
499166,499172,499173,1,6
499166,499172,499173,1,6
499166,499166,499174,8,0
499166,499166,499174,8,0
499166,499170,499174,4,4
499166,499166,499174,8,0
499166,499172,499174,2,6
499166,499173,499174,1,7
499166,499173,499174,1,7
499166,499166,499175,9,0
499166,499166,499175,9,0
499166,499166,499175,9,0
499166,499167,499175,8,1
499166,499166,499175,9,0
499166,499166,499175,9,0
499166,499166,499175,9,0
499166,499172,499175,3,6
499166,499166,499175,9,0
499166,499173,499175,2,7
499166,499166,499176,10,0
499166,499172,499176,4,6
499166,499166,499176,10,0
499166,499166,499179,13,0
499166,499166,499179,13,0
499191,499191,499192,1,0
499191,499191,499192,1,0
499191,499191,499192,1,0
499191,499191,499193,2,0
499191,499191,499193,2,0
499191,499191,499193,2,0
499191,499192,499194,2,1
499191,499191,499194,3,0
499191,499193,499194,1,2
499191,499193,499194,1,2
499191,499191,499195,4,0
499191,499191,499195,4,0
499191,499191,499195,4,0
499191,499193,499195,2,2
499191,499191,499195,4,0
499191,499194,499195,1,3
499191,499194,499195,1,3
499191,499191,499196,5,0
499191,499195,499196,1,4
499191,499191,499196,5,0
499191,499191,499196,5,0
499191,499195,499196,1,4
499191,499191,499196,5,0
499191,499195,499196,1,4
499191,499191,499197,6,0
499191,499191,499197,6,0
499191,499191,499197,6,0
499191,499191,499197,6,0
499191,499191,499198,7,0
499191,499196,499197,1,5
499191,499191,499197,6,0
499191,499196,499197,1,5
499191,499191,499197,6,0
499191,499195,499197,2,4
499191,499191,499198,7,0
499191,499196,499197,1,5
499191,499191,499198,7,0
499191,499191,499198,7,0
499191,499191,499198,7,0
499191,499191,499198,7,0
499191,499191,499198,7,0
499191,499196,499198,2,5
499191,499191,499198,7,0
499191,499191,499198,7,0
499191,499196,499198,2,5
499191,499191,499198,7,0
499191,499196,499198,2,5
499191,499197,499198,1,6
499191,499197,499198,1,6
499191,499198,499199,1,7
499191,499198,499199,1,7
499191,499196,499198,2,5
499191,499197,499198,1,6
499191,499198,499199,1,7
499191,499198,499199,1,7
499191,499191,499199,8,0
499191,499197,499198,1,6
499191,499198,499199,1,7
499191,499197,499198,1,6
499191,499198,499199,1,7
499191,499197,499198,1,6
499191,499197,499198,1,6
499191,499198,499199,1,7
499191,499191,499199,8,0
499191,499191,499199,8,0
499191,499191,499199,8,0
499191,499198,499199,1,7
499191,499198,499199,1,7
499191,499191,499200,9,0
499191,499191,499200,9,0
499191,499191,499200,9,0
499191,499191,499200,9,0
499191,499198,499200,2,7
499191,499191,499200,9,0
499191,499191,499200,9,0
499191,499198,499200,2,7
499191,499191,499201,10,0
499191,499191,499202,11,0
499191,499191,499202,11,0
499214,499214,499215,1,0
499214,499214,499215,1,0
499214,499214,499216,2,0
499214,499214,499216,2,0
499214,499214,499216,2,0
499214,499214,499217,3,0
499214,499216,499217,1,2
499214,499216,499218,2,2
499214,499214,499218,4,0
499214,499216,499218,2,2
499214,499214,499218,4,0
499214,499214,499218,4,0
499214,499214,499218,4,0
499214,499214,499218,4,0
499214,499214,499218,4,0
499214,499217,499218,1,3
499214,499216,499218,2,2
499214,499214,499218,4,0
499214,499218,499219,1,4
499214,499214,499219,5,0
499214,499214,499219,5,0
499214,499214,499219,5,0
499214,499214,499220,6,0
499214,499214,499219,5,0
499214,499214,499219,5,0
499214,499214,499220,6,0
499214,499219,499220,1,5
499214,499219,499220,1,5
499214,499214,499220,6,0
499214,499218,499220,2,4
499214,499219,499220,1,5
499214,499214,499220,6,0
499214,499214,499220,6,0
499214,499219,499221,2,5
499214,499214,499220,6,0
499214,499219,499220,1,5
499214,499219,499220,1,5
499214,499219,499220,1,5
499214,499214,499220,6,0
499214,499219,499220,1,5
499214,499214,499220,6,0
499214,499220,499221,1,6
499214,499214,499221,7,0
499214,499214,499221,7,0
499214,499219,499221,2,5
499214,499220,499222,2,6
499214,499219,499221,2,5
499214,499214,499221,7,0
499214,499219,499221,2,5
499214,499214,499221,7,0
499214,499214,499221,7,0
499214,499221,499222,1,7
499214,499214,499221,7,0
499214,499220,499221,1,6
499214,499220,499221,1,6
499214,499219,499221,2,5
499214,499220,499221,1,6
499214,499214,499222,8,0
499214,499214,499222,8,0
499214,499214,499222,8,0
499214,499214,499222,8,0
499214,499220,499222,2,6
499214,499221,499223,2,7
499214,499214,499222,8,0
499214,499221,499222,1,7
499214,499214,499223,9,0
499214,499221,499222,1,7
499214,499221,499222,1,7
499214,499221,499223,2,7
499214,499221,499223,2,7
499214,499220,499223,3,6
499214,499214,499223,9,0
499214,499214,499224,10,0
499214,499214,499224,10,0
499214,499214,499225,11,0
499214,499214,499225,11,0
499214,499214,499225,11,0
499237,499237,499238,1,0
499237,499237,499238,1,0
499237,499237,499238,1,0
499237,499237,499238,1,0
499237,499237,499238,1,0
499237,499238,499239,1,1
499237,499239,499240,1,2
499237,499238,499239,1,1
499237,499237,499240,3,0
499237,499239,499240,1,2
499237,499239,499241,2,2
499237,499237,499241,4,0
499237,499237,499241,4,0
499237,499237,499241,4,0
499237,499237,499241,4,0
499237,499237,499242,5,0
499237,499240,499241,1,3
499237,499241,499242,1,4
499237,499240,499242,2,3
499237,499240,499241,1,3
499237,499237,499243,6,0
499237,499237,499242,5,0
499237,499241,499242,1,4
499237,499237,499242,5,0
499237,499237,499242,5,0
499237,499241,499242,1,4
499237,499237,499242,5,0
499237,499237,499243,6,0
499237,499237,499243,6,0
499237,499242,499243,1,5
499237,499237,499243,6,0
499237,499237,499242,5,0
499237,499237,499243,6,0
499237,499237,499243,6,0
499237,499237,499243,6,0
499237,499237,499243,6,0
499237,499242,499244,2,5
499237,499237,499243,6,0
499237,499237,499244,7,0
499237,499242,499243,1,5
499237,499243,499244,1,6
499237,499242,499243,1,5
499237,499237,499243,6,0
499237,499237,499243,6,0
499237,499243,499244,1,6
499237,499237,499243,6,0
499237,499242,499243,1,5
499237,499243,499244,1,6
499237,499243,499244,1,6
499237,499243,499244,1,6
499237,499242,499244,2,5
499237,499242,499245,3,5
499237,499242,499244,2,5
499237,499237,499244,7,0
499237,499237,499244,7,0
499237,499242,499244,2,5
499237,499243,499245,2,6
499237,499243,499245,2,6
499237,499237,499244,7,0
499237,499243,499244,1,6
499237,499243,499244,1,6
499237,499243,499244,1,6
499237,499243,499244,1,6
499237,499237,499245,8,0
499237,499237,499246,9,0
499237,499237,499245,8,0
499237,499243,499245,2,6
499237,499237,499245,8,0
499237,499237,499246,9,0
499237,499237,499246,9,0
499237,499244,499245,1,7
499237,499244,499246,2,7
499237,499237,499245,8,0
499237,499237,499245,8,0
499237,499237,499246,9,0
499237,499244,499246,2,7
499237,499237,499247,10,0
499237,499237,499248,11,0
499237,499237,499248,11,0
499261,499261,499262,1,0
499261,499261,499262,1,0
499261,499261,499262,1,0
499261,499261,499262,1,0
499261,499261,499262,1,0
499261,499262,499263,1,1
499261,499261,499263,2,0
499261,499262,499263,1,1
499261,499261,499263,2,0
499261,499262,499263,1,1
499261,499261,499265,4,0
499261,499261,499264,3,0
499261,499261,499264,3,0
499261,499263,499264,1,2
499261,499263,499264,1,2
499261,499264,499265,1,3
499261,499264,499265,1,3
499261,499263,499264,1,2
499261,499261,499265,4,0
499261,499261,499265,4,0
499261,499261,499266,5,0
499261,499264,499265,1,3
499261,499261,499265,4,0
499261,499265,499266,1,4
499261,499261,499266,5,0
499261,499265,499266,1,4
499261,499265,499266,1,4
499261,499265,499266,1,4
499261,499261,499266,5,0
499261,499261,499266,5,0
499261,499261,499267,6,0
499261,499264,499266,2,3
499261,499261,499267,6,0
499261,499261,499267,6,0
499261,499265,499266,1,4
499261,499261,499266,5,0
499261,499261,499267,6,0
499261,499261,499266,5,0
499261,499261,499266,5,0
499261,499266,499267,1,5
499261,499266,499267,1,5
499261,499261,499266,5,0
499261,499266,499267,1,5
499261,499266,499267,1,5
499261,499261,499267,6,0
499261,499261,499266,5,0
499261,499261,499267,6,0
499261,499261,499268,7,0
499261,499265,499267,2,4
499261,499265,499267,2,4
499261,499265,499267,2,4
499261,499261,499267,6,0
499261,499261,499267,6,0
499261,499261,499267,6,0
499261,499266,499267,1,5
499261,499266,499267,1,5
499261,499261,499267,6,0
499261,499261,499267,6,0
499261,499266,499267,1,5
499261,499266,499267,1,5
499261,499261,499268,7,0
499261,499267,499269,2,6
499261,499261,499268,7,0
499261,499261,499268,7,0
499261,499261,499268,7,0
499261,499261,499268,7,0
499261,499267,499268,1,6
499261,499266,499268,2,5
499261,499266,499268,2,5
499261,499267,499268,1,6
499261,499267,499268,1,6
499261,499267,499268,1,6
499261,499261,499269,8,0
499261,499261,499269,8,0
499261,499267,499269,2,6
499261,499261,499269,8,0
499261,499267,499270,3,6
499261,499261,499270,9,0
499261,499261,499272,11,0
499283,499283,499284,1,0
499283,499283,499284,1,0
499283,499283,499284,1,0
499283,499283,499284,1,0
499283,499283,499284,1,0
499283,499283,499286,3,0
499283,499283,499286,3,0
499283,499284,499286,2,1
499283,499283,499286,3,0
499283,499283,499286,3,0
499283,499283,499286,3,0
499283,499284,499286,2,1
499283,499283,499287,4,0
499283,499283,499286,3,0
499283,499283,499287,4,0
499283,499286,499287,1,3
499283,499285,499287,2,2
499283,499285,499287,2,2
499283,499286,499287,1,3
499283,499283,499287,4,0
499283,499283,499288,5,0
499283,499283,499288,5,0
499283,499283,499288,5,0
499283,499283,499288,5,0
499283,499283,499288,5,0
499283,499285,499288,3,2
499283,499283,499288,5,0
499283,499286,499288,2,3
499283,499286,499288,2,3
499283,499287,499288,1,4
499283,499283,499288,5,0
499283,499286,499288,2,3
499283,499283,499289,6,0
499283,499283,499289,6,0
499283,499286,499289,3,3
499283,499283,499288,5,0
499283,499283,499289,6,0
499283,499286,499288,2,3
499283,499283,499288,5,0
499283,499283,499289,6,0
499283,499283,499289,6,0
499283,499283,499289,6,0
499283,499287,499289,2,4
499283,499283,499289,6,0
499283,499283,499289,6,0
499283,499287,499289,2,4
499283,499288,499289,1,5
499283,499283,499289,6,0
499283,499289,499290,1,6
499283,499283,499289,6,0
499283,499283,499289,6,0
499283,499283,499289,6,0
499283,499289,499290,1,6
499283,499289,499290,1,6
499283,499283,499290,7,0
499283,499283,499290,7,0
499283,499283,499290,7,0
499283,499288,499290,2,5
499283,499287,499290,3,4
499283,499288,499290,2,5
499283,499288,499290,2,5
499283,499288,499290,2,5
499283,499289,499290,1,6
499283,499289,499290,1,6
499283,499283,499291,8,0
499283,499283,499291,8,0
499283,499289,499291,2,6
499283,499283,499291,8,0
499283,499288,499290,2,5
499283,499288,499291,3,5
499283,499288,499291,3,5
499283,499283,499291,8,0
499283,499283,499293,10,0
499283,499283,499296,13,0
499307,499307,499308,1,0
499307,499307,499308,1,0
499307,499307,499308,1,0
499307,499307,499308,1,0
499307,499307,499308,1,0
499307,499307,499310,3,0
499307,499308,499309,1,1
499307,499307,499311,4,0
499307,499307,499310,3,0
499307,499307,499310,3,0
499307,499307,499311,4,0
499307,499309,499311,2,2
499307,499309,499311,2,2
499307,499309,499311,2,2
499307,499307,499311,4,0
499307,499309,499311,2,2
499307,499307,499311,4,0
499307,499307,499312,5,0
499307,499307,499311,4,0
499307,499307,499311,4,0
499307,499307,499311,4,0
499307,499307,499312,5,0
499307,499307,499311,4,0
499307,499310,499312,2,3
499307,499307,499312,5,0
499307,499307,499311,4,0
499307,499307,499312,5,0
499307,499307,499311,4,0
499307,499307,499312,5,0
499307,499307,499311,4,0
499307,499307,499312,5,0
499307,499307,499312,5,0
499307,499312,499313,1,5
499307,499307,499312,5,0
499307,499311,499313,2,4
499307,499307,499312,5,0
499307,499307,499313,6,0
499307,499311,499312,1,4
499307,499311,499313,2,4
499307,499312,499313,1,5
499307,499312,499313,1,5
499307,499311,499312,1,4
499307,499312,499313,1,5
499307,499312,499313,1,5
499307,499313,499314,1,6
499307,499313,499314,1,6
499307,499307,499314,7,0
499307,499310,499314,4,3
499307,499311,499313,2,4
499307,499311,499314,3,4
499307,499307,499313,6,0
499307,499307,499313,6,0
499307,499312,499313,1,5
499307,499307,499313,6,0
499307,499312,499313,1,5
499307,499311,499313,2,4
499307,499312,499313,1,5
499307,499307,499315,8,0
499307,499312,499314,2,5
499307,499312,499314,2,5
499307,499312,499314,2,5
499307,499312,499314,2,5
499307,499313,499314,1,6
499307,499311,499315,4,4
499307,499313,499315,2,6
499307,499307,499315,8,0
499307,499307,499314,7,0
499307,499312,499314,2,5
499307,499312,499314,2,5
499307,499312,499315,3,5
499307,499307,499315,8,0
499307,499307,499315,8,0
499307,499313,499315,2,6
499307,499307,499316,9,0
499307,499307,499315,8,0
499307,499307,499315,8,0
499307,499307,499317,10,0
499307,499307,499318,11,0
499307,499307,499317,10,0
499329,499329,499331,2,0
499329,499329,499331,2,0
499329,499329,499331,2,0
499329,499329,499331,2,0
499329,499329,499331,2,0
499329,499330,499333,3,1
499329,499330,499332,2,1
499329,499330,499333,3,1
499329,499331,499333,2,2
499329,499330,499334,4,1
499329,499330,499333,3,1
499329,499329,499333,4,0
499329,499330,499333,3,1
499329,499330,499334,4,1
499329,499332,499334,2,3
499329,499332,499334,2,3
499329,499332,499334,2,3
499329,499330,499334,4,1
499329,499330,499334,4,1
499329,499332,499334,2,3
499329,499330,499334,4,1
499329,499330,499336,6,1
499329,499330,499335,5,1
499329,499330,499335,5,1
499329,499330,499335,5,1
499329,499330,499335,5,1
499329,499330,499335,5,1
499329,499330,499335,5,1
499329,499334,499335,1,5
499329,499330,499335,5,1
499329,499330,499335,5,1
499329,499330,499335,5,1
499329,499334,499335,1,5
499329,499330,499335,5,1
499329,499334,499335,1,5
499329,499330,499335,5,1
499329,499330,499336,6,1
499329,499330,499336,6,1
499329,499330,499336,6,1
499329,499334,499336,2,5
499329,499330,499336,6,1
499329,499334,499336,2,5
499329,499335,499336,1,6
499329,499335,499336,1,6
499329,499329,499336,7,0
499329,499335,499336,1,6
499329,499330,499336,6,1
499329,499329,499337,8,0
499329,499335,499336,1,6
499329,499336,499337,1,7
499329,499335,499336,1,6
499329,499335,499336,1,6
499329,499336,499337,1,7
499329,499333,499337,4,4
499329,499333,499337,4,4
499329,499335,499337,2,6
499329,499330,499337,7,1
499329,499336,499338,2,7
499329,499335,499337,2,6
499329,499336,499337,1,7
499329,499336,499337,1,7
499329,499336,499337,1,7
499329,499336,499337,1,7
499329,499336,499337,1,7
499329,499336,499337,1,7
499329,499330,499337,7,1
499329,499336,499337,1,7
499329,499330,499338,8,1
499329,499330,499338,8,1
499329,499334,499338,4,5
499329,499336,499338,2,7
499329,499330,499338,8,1
499329,499330,499338,8,1
499329,499330,499339,9,1
499329,499336,499338,2,7
499329,499330,499339,9,1
499329,499336,499339,3,7
499329,499336,499339,3,7
499329,499330,499340,10,1
499353,499353,499354,1,0
499353,499353,499354,1,0
499353,499353,499354,1,0
499353,499353,499354,1,0
499353,499353,499354,1,0
499353,499353,499357,4,0
499353,499353,499356,3,0
499353,499353,499357,4,0
499353,499354,499356,2,1
499353,499353,499357,4,0
499353,499353,499356,3,0
499353,499353,499358,5,0
499353,499353,499358,5,0
499353,499353,499357,4,0
499353,499353,499357,4,0
499353,499353,499357,4,0
499353,499354,499357,3,1
499353,499355,499358,3,2
499353,499354,499358,4,1
499353,499353,499358,5,0
499353,499353,499358,5,0
499353,499353,499359,6,0
499353,499353,499358,5,0
499353,499353,499358,5,0
499353,499355,499359,4,2
499353,499353,499359,6,0
499353,499353,499358,5,0
499353,499353,499359,6,0
499353,499353,499358,5,0
499353,499353,499359,6,0
499353,499353,499359,6,0
499353,499357,499359,2,4
499353,499353,499359,6,0
499353,499353,499359,6,0
499353,499358,499359,1,5
499353,499353,499358,5,0
499353,499353,499359,6,0
499353,499357,499359,2,4
499353,499357,499359,2,4
499353,499353,499359,6,0
499353,499353,499360,7,0
499353,499353,499360,7,0
499353,499353,499359,6,0
499353,499358,499359,1,5
499353,499357,499360,3,4
499353,499359,499360,1,6
499353,499359,499360,1,6
499353,499358,499359,1,5
499353,499353,499359,6,0
499353,499359,499360,1,6
499353,499358,499361,3,5
499353,499353,499361,8,0
499353,499358,499360,2,5
499353,499353,499361,8,0
499353,499357,499360,3,4
499353,499353,499361,8,0
499353,499358,499361,3,5
499353,499359,499361,2,6
499353,499353,499360,7,0
499353,499359,499360,1,6
499353,499359,499360,1,6
499353,499359,499360,1,6
499353,499359,499360,1,6
499353,499359,499361,2,6
499353,499359,499360,1,6
499353,499359,499361,2,6
499353,499353,499362,9,0
499353,499358,499362,4,5
499353,499358,499361,3,5
499353,499359,499362,3,6
499353,499359,499362,3,6
499353,499353,499362,9,0
499353,499358,499361,3,5
499353,499359,499362,3,6
499353,499353,499362,9,0
499353,499353,499362,9,0
499353,499358,499363,5,5
499353,499353,499363,10,0
499353,499357,499365,8,4
499378,499378,499380,2,0
499378,499378,499379,1,0
499378,499378,499379,1,0
499378,499378,499379,1,0
499378,499378,499379,1,0
499378,499378,499380,2,0
499378,499378,499381,3,0
499378,499380,499382,2,2
499378,499378,499381,3,0
499378,499378,499382,4,0
499378,499380,499382,2,2
499378,499378,499382,4,0
499378,499378,499383,5,0
499378,499378,499383,5,0
499378,499380,499382,2,2
499378,499378,499382,4,0
499378,499380,499382,2,2
499378,499378,499383,5,0
499378,499378,499383,5,0
499378,499380,499383,3,2
499378,499378,499383,5,0
499378,499378,499383,5,0
499378,499378,499384,6,0
499378,499378,499384,6,0
499378,499378,499384,6,0
499378,499378,499383,5,0
499378,499378,499383,5,0
499378,499378,499384,6,0
499378,499378,499383,5,0
499378,499378,499383,5,0
499378,499382,499384,2,4
499378,499378,499383,5,0
499378,499378,499384,6,0
499378,499382,499383,1,4
499378,499378,499383,5,0
499378,499382,499383,1,4
499378,499378,499385,7,0
499378,499383,499384,1,5
499378,499383,499384,1,5
499378,499382,499385,3,4
499378,499378,499384,6,0
499378,499381,499384,3,3
499378,499378,499385,7,0
499378,499383,499384,1,5
499378,499384,499385,1,6
499378,499384,499385,1,6
499378,499383,499385,2,5
499378,499383,499384,1,5
499378,499384,499385,1,6
499378,499383,499384,1,5
499378,499384,499385,1,6
499378,499384,499385,1,6
499378,499384,499385,1,6
499378,499378,499385,7,0
499378,499378,499385,7,0
499378,499378,499386,8,0
499378,499383,499386,3,5
499378,499378,499386,8,0
499378,499378,499386,8,0
499378,499384,499386,2,6
499378,499378,499386,8,0
499378,499383,499385,2,5
499378,499384,499386,2,6
499378,499378,499386,8,0
499378,499383,499386,3,5
499378,499384,499385,1,6
499378,499383,499387,4,5
499378,499378,499387,9,0
499378,499384,499386,2,6
499378,499384,499386,2,6
499378,499378,499387,9,0
499378,499384,499387,3,6
499378,499382,499386,4,4
499378,499383,499386,3,5
499378,499384,499386,2,6
499378,499378,499387,9,0
499378,499378,499388,10,0
499378,499378,499388,10,0
499378,499378,499391,13,0
499403,499404,499405,1,1
499403,499404,499405,1,1
499403,499404,499405,1,1
499403,499404,499405,1,1
499403,499404,499405,1,1
499403,499404,499406,2,1
499403,499404,499407,3,1
499403,499406,499407,1,3
499403,499404,499408,4,1
499403,499406,499407,1,3
499403,499404,499407,3,1
499403,499406,499407,1,3
499403,499404,499407,3,1
499403,499404,499408,4,1
499403,499406,499407,1,3
499403,499404,499408,4,1
499403,499404,499408,4,1
499403,499404,499408,4,1
499403,499404,499408,4,1
499403,499404,499408,4,1
499403,499407,499408,1,4
499403,499404,499409,5,1
499403,499407,499408,1,4
499403,499404,499409,5,1
499403,499404,499409,5,1
499403,499404,499409,5,1
499403,499404,499409,5,1
499403,499408,499409,1,5
499403,499408,499409,1,5
499403,499404,499409,5,1
499403,499404,499410,6,1
499403,499408,499409,1,5
499403,499404,499410,6,1
499403,499404,499410,6,1
499403,499408,499409,1,5
499403,499408,499409,1,5
499403,499408,499409,1,5
499403,499409,499410,1,6
499403,499408,499409,1,5
499403,499408,499409,1,5
499403,499404,499410,6,1
499403,499404,499410,6,1
499403,499404,499410,6,1
499403,499404,499410,6,1
499403,499410,499411,1,7
499403,499409,499410,1,6
499403,499409,499410,1,6
499403,499410,499411,1,7
499403,499410,499411,1,7
499403,499409,499410,1,6
499403,499410,499411,1,7
499403,499410,499411,1,7
499403,499410,499411,1,7
499403,499409,499411,2,6
499403,499410,499412,2,7
499403,499408,499411,3,5
499403,499409,499411,2,6
499403,499409,499412,3,6
499403,499410,499412,2,7
499403,499404,499411,7,1
499403,499410,499411,1,7
499403,499410,499411,1,7
499403,499404,499411,7,1
499403,499404,499412,8,1
499403,499410,499412,2,7
499403,499404,499412,8,1
499403,499404,499412,8,1
499403,499404,499412,8,1
499403,499409,499412,3,6
499403,499404,499412,8,1
499403,499404,499412,8,1
499403,499404,499412,8,1
499403,499404,499413,9,1
499403,499404,499413,9,1
499403,499404,499413,9,1
499403,499404,499414,10,1
499403,499404,499416,12,1
499403,499404,499417,13,1
499429,499430,499431,1,1
499429,499430,499431,1,1
499429,499430,499431,1,1
499429,499430,499431,1,1
499429,499430,499431,1,1
499429,499430,499431,1,1
499429,499430,499433,3,1
499429,499430,499432,2,1
499429,499430,499432,2,1
499429,499430,499432,2,1
499429,499431,499432,1,2
499429,499432,499433,1,3
499429,499431,499433,2,2
499429,499432,499433,1,3
499429,499432,499433,1,3
499429,499432,499433,1,3
499429,499430,499433,3,1
499429,499430,499435,5,1
499429,499430,499434,4,1
499429,499430,499434,4,1
499429,499430,499434,4,1
499429,499430,499434,4,1
499429,499430,499435,5,1
499429,499433,499434,1,4
499429,499433,499434,1,4
499429,499433,499435,2,4
499429,499433,499434,1,4
499429,499433,499434,1,4
499429,499430,499434,4,1
499429,499433,499434,1,4
499429,499430,499435,5,1
499429,499430,499435,5,1
499429,499430,499435,5,1
499429,499430,499435,5,1
499429,499430,499435,5,1
499429,499430,499435,5,1
499429,499434,499435,1,5
499429,499434,499435,1,5
499429,499434,499435,1,5
499429,499435,499436,1,6
499429,499434,499435,1,5
499429,499435,499436,1,6
499429,499434,499435,1,5
499429,499435,499436,1,6
499429,499435,499436,1,6
499429,499430,499436,6,1
499429,499435,499436,1,6
499429,499435,499436,1,6
499429,499435,499436,1,6
499429,499430,499437,7,1
499429,499435,499436,1,6
499429,499430,499437,7,1
499429,499435,499436,1,6
499429,499435,499437,2,6
499429,499430,499437,7,1
499429,499436,499437,1,7
499429,499430,499437,7,1
499429,499435,499438,3,6
499429,499435,499437,2,6
499429,499435,499437,2,6
499429,499430,499439,9,1
499429,499430,499438,8,1
499429,499430,499438,8,1
499429,499436,499438,2,7
499429,499436,499438,2,7
499429,499430,499439,9,1
499429,499436,499438,2,7
499429,499436,499438,2,7
499429,499430,499440,10,1
499429,499430,499439,9,1
499429,499430,499439,9,1
499429,499430,499440,10,1
499429,499430,499440,10,1
499429,499430,499441,11,1
499429,499430,499442,12,1
499429,499430,499442,12,1
499429,499430,499443,13,1
499429,499430,499446,16,1
499429,499430,499449,19,1
499461,499461,499462,1,0
499461,499461,499462,1,0
499461,499461,499463,2,0
499461,499461,499462,1,0
499461,499461,499462,1,0
499461,499461,499463,2,0
499461,499461,499465,4,0
499461,499463,499465,2,2
499461,499463,499465,2,2
499461,499463,499465,2,2
499461,499464,499465,1,3
499461,499461,499466,5,0
499461,499461,499466,5,0
499461,499461,499465,4,0
499461,499461,499466,5,0
499461,499461,499466,5,0
499461,499461,499466,5,0
499461,499461,499466,5,0
499461,499461,499466,5,0
499461,499463,499466,3,2
499461,499461,499466,5,0
499461,499463,499466,3,2
499461,499461,499465,4,0
499461,499461,499466,5,0
499461,499461,499465,4,0
499461,499461,499466,5,0
499461,499461,499467,6,0
499461,499461,499467,6,0
499461,499461,499466,5,0
499461,499461,499466,5,0
499461,499461,499466,5,0
499461,499461,499466,5,0
499461,499465,499467,2,4
499461,499465,499467,2,4
499461,499465,499467,2,4
499461,499465,499467,2,4
499461,499465,499467,2,4
499461,499461,499468,7,0
499461,499466,499467,1,5
499461,499466,499468,2,5
499461,499467,499468,1,6
499461,499461,499468,7,0
499461,499466,499468,2,5
499461,499461,499468,7,0
499461,499466,499468,2,5
499461,499467,499468,1,6
499461,499466,499468,2,5
499461,499466,499468,2,5
499461,499466,499467,1,5
499461,499467,499468,1,6
499461,499461,499469,8,0
499461,499466,499469,3,5
499461,499466,499469,3,5
499461,499466,499469,3,5
499461,499466,499469,3,5
499461,499467,499469,2,6
499461,499466,499469,3,5
499461,499466,499469,3,5
499461,499466,499468,2,5
499461,499467,499468,1,6
499461,499466,499469,3,5
499461,499467,499470,3,6
499461,499467,499469,2,6
499461,499461,499469,8,0
499461,499467,499469,2,6
499461,499461,499469,8,0
499461,499461,499469,8,0
499461,499467,499469,2,6
499461,499461,499470,9,0
499461,499461,499470,9,0
499461,499461,499469,8,0
499461,499461,499470,9,0
499461,499461,499470,9,0
499461,499461,499471,10,0
499461,499461,499473,12,0
499461,499461,499473,12,0
499461,499461,499474,13,0
499461,499461,499477,16,0
499461,499461,499479,18,0
499491,499491,499492,1,0
499491,499491,499492,1,0
499491,499491,499492,1,0
499491,499491,499492,1,0
499491,499491,499492,1,0
499491,499491,499493,2,0
499491,499491,499493,2,0
499491,499491,499494,3,0
499491,499491,499494,3,0
499491,499493,499495,2,2
499491,499491,499495,4,0
499491,499493,499494,1,2
499491,499493,499495,2,2
499491,499493,499494,1,2
499491,499493,499494,1,2
499491,499491,499495,4,0
499491,499491,499495,4,0
499491,499491,499495,4,0
499491,499495,499496,1,4
499491,499491,499496,5,0
499491,499494,499495,1,3
499491,499495,499496,1,4
499491,499491,499495,4,0
499491,499491,499496,5,0
499491,499491,499496,5,0
499491,499491,499496,5,0
499491,499491,499497,6,0
499491,499491,499496,5,0
499491,499494,499496,2,3
499491,499491,499497,6,0
499491,499491,499496,5,0
499491,499491,499497,6,0
499491,499495,499496,1,4
499491,499495,499496,1,4
499491,499496,499497,1,5
499491,499495,499496,1,4
499491,499491,499496,5,0
499491,499495,499496,1,4
499491,499491,499497,6,0
499491,499496,499497,1,5
499491,499495,499497,2,4
499491,499491,499498,7,0
499491,499491,499497,6,0
499491,499496,499498,2,5
499491,499495,499497,2,4
499491,499491,499498,7,0
499491,499496,499497,1,5
499491,499496,499497,1,5
499491,499496,499497,1,5
499491,499496,499497,1,5
499491,499497,499498,1,6
499491,499496,499497,1,5
499491,499496,499497,1,5
499491,499491,499498,7,0
499491,499491,499499,8,0
499491,499491,499498,7,0
499491,499497,499498,1,6
499491,499497,499498,1,6
499491,499497,499498,1,6
499491,499491,499498,7,0
499491,499497,499498,1,6
499491,499491,499499,8,0
499491,499497,499499,2,6
499491,499491,499500,9,0
499491,499497,499499,2,6
499491,499497,499499,2,6
499491,499497,499499,2,6
499491,499497,499499,2,6
499491,499497,499499,2,6
499491,499491,499499,8,0
499491,499491,499500,9,0
499491,499491,499500,9,0
499491,499491,499500,9,0
499491,499491,499502,11,0
499491,499491,499502,11,0
499491,499491,499502,11,0
499491,499491,499504,13,0
499491,499491,499505,14,0
499491,499491,499505,14,0
499517,499517,499518,1,0
499517,499517,499518,1,0
499517,499517,499518,1,0
499517,499517,499518,1,0
499517,499517,499518,1,0
499517,499517,499518,1,0
499517,499518,499520,2,1
499517,499519,499520,1,2
499517,499517,499520,3,0
499517,499517,499521,4,0
499517,499517,499520,3,0
499517,499519,499520,1,2
499517,499518,499520,2,1
499517,499519,499521,2,2
499517,499519,499520,1,2
499517,499517,499522,5,0
499517,499517,499521,4,0
499517,499517,499521,4,0
499517,499517,499522,5,0
499517,499517,499521,4,0
499517,499520,499521,1,3
499517,499521,499522,1,4
499517,499517,499522,5,0
499517,499521,499522,1,4
499517,499517,499522,5,0
499517,499521,499522,1,4
499517,499517,499523,6,0
499517,499521,499522,1,4
499517,499522,499523,1,5
499517,499522,499523,1,5
499517,499522,499523,1,5
499517,499517,499523,6,0
499517,499521,499523,2,4
499517,499522,499523,1,5
499517,499517,499523,6,0
499517,499517,499523,6,0
499517,499517,499524,7,0
499517,499522,499524,2,5
499517,499517,499524,7,0
499517,499517,499523,6,0
499517,499517,499523,6,0
499517,499517,499523,6,0
499517,499521,499523,2,4
499517,499517,499524,7,0
499517,499517,499524,7,0
499517,499523,499524,1,6
499517,499523,499524,1,6
499517,499517,499523,6,0
499517,499523,499524,1,6
499517,499517,499524,7,0
499517,499517,499523,6,0
499517,499523,499524,1,6
499517,499517,499523,6,0
499517,499523,499524,1,6
499517,499523,499525,2,6
499517,499517,499525,8,0
499517,499517,499525,8,0
499517,499521,499525,4,4
499517,499517,499524,7,0
499517,499521,499525,4,4
499517,499522,499524,2,5
499517,499517,499524,7,0
499517,499522,499524,2,5
499517,499517,499524,7,0
499517,499523,499524,1,6
499517,499517,499525,8,0
499517,499523,499524,1,6
499517,499523,499524,1,6
499517,499523,499524,1,6
499517,499523,499524,1,6
499517,499523,499524,1,6
499517,499517,499526,9,0
499517,499517,499526,9,0
499517,499524,499526,2,7
499517,499517,499526,9,0
499517,499517,499526,9,0
499517,499517,499528,11,0
499517,499517,499527,10,0
499517,499517,499530,13,0
499541,499541,499542,1,0
499541,499541,499542,1,0
499541,499541,499542,1,0
499541,499541,499542,1,0
499541,499541,499542,1,0
499541,499541,499544,3,0
499541,499542,499543,1,1
499541,499542,499543,1,1
499541,499542,499543,1,1
499541,499541,499544,3,0
499541,499541,499545,4,0
499541,499541,499545,4,0
499541,499541,499544,3,0
499541,499543,499544,1,2
499541,499543,499544,1,2
499541,499541,499544,3,0
499541,499541,499544,3,0
499541,499541,499546,5,0
499541,499544,499545,1,3
499541,499544,499545,1,3
499541,499545,499546,1,4
499541,499544,499545,1,3
499541,499544,499547,3,3
499541,499541,499546,5,0
499541,499545,499547,2,4
499541,499545,499546,1,4
499541,499546,499547,1,5
499541,499541,499547,6,0
499541,499546,499547,1,5
499541,499541,499546,5,0
499541,499541,499546,5,0
499541,499546,499547,1,5
499541,499546,499547,1,5
499541,499545,499546,1,4
499541,499545,499546,1,4
499541,499546,499547,1,5
499541,499545,499547,2,4
499541,499545,499547,2,4
499541,499545,499547,2,4
499541,499541,499548,7,0
499541,499547,499548,1,6
499541,499541,499548,7,0
499541,499541,499548,7,0
499541,499541,499547,6,0
499541,499547,499548,1,6
499541,499541,499547,6,0
499541,499547,499548,1,6
499541,499547,499548,1,6
499541,499541,499548,7,0
499541,499547,499548,1,6
499541,499547,499548,1,6
499541,499547,499548,1,6
499541,499547,499548,1,6
499541,499547,499548,1,6
499541,499541,499548,7,0
499541,499541,499548,7,0
499541,499541,499548,7,0
499541,499541,499549,8,0
499541,499541,499549,8,0
499541,499547,499549,2,6
499541,499547,499548,1,6
499541,499541,499548,7,0
499541,499541,499549,8,0
499541,499547,499549,2,6
499541,499547,499549,2,6
499541,499541,499549,8,0
499541,499541,499549,8,0
499541,499541,499551,10,0
499541,499541,499551,10,0
499541,499541,499550,9,0
499541,499541,499550,9,0
499541,499541,499550,9,0
499541,499541,499550,9,0
499541,499541,499550,9,0
499541,499541,499551,10,0
499541,499541,499553,12,0
499541,499541,499553,12,0
499541,499541,499555,14,0
499541,499541,499556,15,0
499568,499568,499570,2,0
499568,499568,499569,1,0
499568,499568,499569,1,0
499568,499568,499569,1,0
499568,499568,499569,1,0
499568,499570,499572,2,2
499568,499568,499571,3,0
499568,499570,499572,2,2
499568,499570,499572,2,2
499568,499570,499572,2,2
499568,499570,499572,2,2
499568,499568,499573,5,0
499568,499568,499573,5,0
499568,499568,499573,5,0
499568,499568,499573,5,0
499568,499568,499573,5,0
499568,499572,499573,1,4
499568,499568,499573,5,0
499568,499572,499573,1,4
499568,499568,499574,6,0
499568,499572,499574,2,4
499568,499572,499574,2,4
499568,499572,499574,2,4
499568,499573,499574,1,5
499568,499568,499574,6,0
499568,499572,499573,1,4
499568,499568,499574,6,0
499568,499568,499575,7,0
499568,499568,499575,7,0
499568,499568,499575,7,0
499568,499573,499575,2,5
499568,499568,499575,7,0
499568,499574,499575,1,6
499568,499568,499575,7,0
499568,499568,499575,7,0
499568,499568,499575,7,0
499568,499568,499575,7,0
499568,499574,499575,1,6
499568,499568,499575,7,0
499568,499568,499576,8,0
499568,499573,499576,3,5
499568,499568,499576,8,0
499568,499568,499576,8,0
499568,499573,499576,3,5
499568,499568,499576,8,0
499568,499568,499576,8,0
499568,499575,499576,1,7
499568,499575,499576,1,7
499568,499568,499576,8,0
499568,499575,499576,1,7
499568,499575,499576,1,7
499568,499575,499576,1,7
499568,499575,499576,1,7
499568,499575,499576,1,7
499568,499575,499576,1,7
499568,499568,499577,9,0
499568,499575,499577,2,7
499568,499575,499577,2,7
499568,499574,499577,3,6
499568,499575,499577,2,7
499568,499568,499577,9,0
499568,499575,499578,3,7
499568,499568,499578,10,0
499568,499568,499579,11,0
499568,499568,499580,12,0
499568,499568,499580,12,0
499568,499568,499581,13,0
499568,499568,499581,13,0
499568,499568,499581,13,0
499568,499568,499580,12,0
499568,499568,499583,15,0
499568,499568,499583,15,0
499568,499568,499585,17,0
499568,499568,499588,20,0
499600,499600,499601,1,0
499600,499600,499602,2,0
499600,499600,499601,1,0
499600,499600,499601,1,0
499600,499600,499601,1,0
499600,499602,499603,1,2
499600,499602,499604,2,2
499600,499600,499603,3,0
499600,499602,499603,1,2
499600,499602,499603,1,2
499600,499601,499603,2,1
499600,499600,499605,5,0
499600,499600,499604,4,0
499600,499604,499605,1,4
499600,499603,499604,1,3
499600,499604,499605,1,4
499600,499604,499605,1,4
499600,499600,499606,6,0
499600,499600,499606,6,0
499600,499600,499606,6,0
499600,499600,499606,6,0
499600,499604,499606,2,4
499600,499600,499606,6,0
499600,499600,499605,5,0
499600,499604,499606,2,4
499600,499600,499606,6,0
499600,499600,499606,6,0
499600,499605,499606,1,5
499600,499600,499606,6,0
499600,499600,499606,6,0
499600,499605,499606,1,5
499600,499600,499606,6,0
499600,499605,499606,1,5
499600,499605,499606,1,5
499600,499600,499606,6,0
499600,499600,499607,7,0
499600,499600,499606,6,0
499600,499600,499607,7,0
499600,499606,499607,1,6
499600,499606,499607,1,6
499600,499600,499607,7,0
499600,499606,499607,1,6
499600,499600,499607,7,0
499600,499606,499608,2,6
499600,499600,499607,7,0
499600,499600,499608,8,0
499600,499605,499608,3,5
499600,499605,499607,2,5
499600,499606,499608,2,6
499600,499606,499608,2,6
499600,499606,499608,2,6
499600,499606,499608,2,6
499600,499600,499608,8,0
499600,499606,499608,2,6
499600,499606,499608,2,6
499600,499606,499608,2,6
499600,499606,499608,2,6
499600,499606,499608,2,6
499600,499606,499608,2,6
499600,499606,499608,2,6
499600,499600,499608,8,0
499600,499600,499609,9,0
499600,499606,499608,2,6
499600,499607,499609,2,7
499600,499606,499609,3,6
499600,499600,499609,9,0
499600,499600,499610,10,0
499600,499600,499611,11,0
499600,499600,499611,11,0
499600,499600,499611,11,0
499600,499600,499611,11,0
499600,499600,499611,11,0
499600,499600,499612,12,0
499600,499600,499613,13,0
499600,499600,499613,13,0
499600,499600,499614,14,0
499600,499600,499614,14,0
499600,499600,499615,15,0
499600,499600,499618,18,0
499630,499630,499631,1,0
499630,499630,499631,1,0
499630,499630,499632,2,0
499630,499630,499631,1,0
499630,499630,499631,1,0
499630,499631,499632,1,1
499630,499631,499632,1,1
499630,499632,499633,1,2
499630,499630,499634,4,0
499630,499630,499634,4,0
499630,499630,499634,4,0
499630,499632,499633,1,2
499630,499632,499633,1,2
499630,499632,499634,2,2
499630,499630,499635,5,0
499630,499633,499635,2,3
499630,499630,499635,5,0
499630,499630,499635,5,0
499630,499630,499634,4,0
499630,499630,499635,5,0
499630,499630,499635,5,0
499630,499630,499636,6,0
499630,499630,499636,6,0
499630,499630,499636,6,0
499630,499635,499636,1,5
499630,499634,499636,2,4
499630,499633,499636,3,3
499630,499635,499636,1,5
499630,499630,499635,5,0
499630,499634,499636,2,4
499630,499635,499636,1,5
499630,499634,499637,3,4
499630,499630,499637,7,0
499630,499634,499637,3,4
499630,499630,499637,7,0
499630,499630,499637,7,0
499630,499630,499637,7,0
499630,499630,499637,7,0
499630,499630,499637,7,0
499630,499630,499636,6,0
499630,499636,499637,1,6
499630,499630,499637,7,0
499630,499630,499637,7,0
499630,499630,499638,8,0
499630,499635,499638,3,5
499630,499630,499638,8,0
499630,499630,499638,8,0
499630,499636,499638,2,6
499630,499630,499637,7,0
499630,499634,499638,4,4
499630,499635,499637,2,5
499630,499636,499638,2,6
499630,499636,499638,2,6
499630,499630,499638,8,0
499630,499636,499637,1,6
499630,499630,499638,8,0
499630,499636,499637,1,6
499630,499636,499638,2,6
499630,499636,499637,1,6
499630,499636,499637,1,6
499630,499630,499638,8,0
499630,499634,499639,5,4
499630,499637,499639,2,7
499630,499630,499639,9,0
499630,499636,499638,2,6
499630,499637,499639,2,7
499630,499637,499638,1,7
499630,499630,499638,8,0
499630,499630,499638,8,0
499630,499630,499639,9,0
499630,499630,499640,10,0
499630,499630,499639,9,0
499630,499630,499639,9,0
499630,499630,499640,10,0
499630,499636,499640,4,6
499630,499637,499639,2,7
499630,499630,499640,10,0
499630,499636,499639,3,6
499630,499630,499641,11,0
499654,499654,499655,1,0
499654,499654,499655,1,0
499654,499654,499655,1,0
499654,499654,499655,1,0
499654,499654,499655,1,0
499654,499655,499656,1,1
499654,499654,499657,3,0
499654,499654,499657,3,0
499654,499656,499657,1,2
499654,499655,499656,1,1
499654,499654,499657,3,0
499654,499654,499658,4,0
499654,499656,499657,1,2
499654,499654,499657,3,0
499654,499654,499658,4,0
499654,499654,499659,5,0
499654,499654,499659,5,0
499654,499654,499659,5,0
499654,499654,499659,5,0
499654,499654,499658,4,0
499654,499656,499658,2,2
499654,499656,499658,2,2
499654,499657,499659,2,3
499654,499657,499658,1,3
499654,499654,499659,5,0
499654,499654,499660,6,0
499654,499654,499660,6,0
499654,499659,499660,1,5
499654,499654,499659,5,0
499654,499659,499660,1,5
499654,499654,499660,6,0
499654,499658,499659,1,4
499654,499658,499659,1,4
499654,499654,499661,7,0
499654,499654,499660,6,0
499654,499659,499660,1,5
499654,499658,499661,3,4
499654,499658,499661,3,4
499654,499654,499660,6,0
499654,499660,499661,1,6
499654,499659,499660,1,5
499654,499654,499660,6,0
499654,499660,499661,1,6
499654,499660,499661,1,6
499654,499654,499661,7,0
499654,499659,499660,1,5
499654,499660,499661,1,6
499654,499657,499661,4,3
499654,499659,499661,2,5
499654,499654,499661,7,0
499654,499659,499661,2,5
499654,499659,499662,3,5
499654,499659,499661,2,5
499654,499654,499661,7,0
499654,499657,499661,4,3
499654,499654,499661,7,0
499654,499661,499662,1,7
499654,499661,499662,1,7
499654,499654,499662,8,0
499654,499660,499661,1,6
499654,499660,499661,1,6
499654,499654,499661,7,0
499654,499660,499661,1,6
499654,499659,499661,2,5
499654,499659,499661,2,5
499654,499654,499663,9,0
499654,499654,499662,8,0
499654,499654,499662,8,0
499654,499654,499663,9,0
499654,499654,499663,9,0
499654,499660,499663,3,6
499654,499654,499663,9,0
499654,499654,499664,10,0
499654,499654,499664,10,0
499654,499654,499664,10,0
499654,499654,499665,11,0
499654,499654,499666,12,0
499654,499654,499666,12,0
499654,499654,499670,16,0
499681,499681,499682,1,0
499681,499681,499682,1,0
499681,499681,499682,1,0
499681,499681,499683,2,0
499681,499681,499682,1,0
499681,499682,499683,1,1
499681,499681,499684,3,0
499681,499681,499685,4,0
499681,499683,499684,1,2
499681,499681,499685,4,0
499681,499681,499684,3,0
499681,499681,499684,3,0
499681,499683,499685,2,2
499681,499683,499685,2,2
499681,499681,499685,4,0
499681,499681,499684,3,0
499681,499681,499685,4,0
499681,499681,499684,3,0
499681,499683,499685,2,2
499681,499681,499685,4,0
499681,499681,499685,4,0
499681,499681,499686,5,0
499681,499683,499686,3,2
499681,499681,499686,5,0
499681,499681,499687,6,0
499681,499681,499686,5,0
499681,499681,499687,6,0
499681,499681,499687,6,0
499681,499685,499687,2,4
499681,499685,499686,1,4
499681,499686,499687,1,5
499681,499681,499688,7,0
499681,499685,499688,3,4
499681,499684,499688,4,3
499681,499685,499688,3,4
499681,499681,499688,7,0
499681,499685,499688,3,4
499681,499687,499688,1,6
499681,499685,499688,3,4
499681,499681,499688,7,0
499681,499687,499688,1,6
499681,499681,499688,7,0
499681,499681,499687,6,0
499681,499686,499687,1,5
499681,499687,499688,1,6
499681,499685,499688,3,4
499681,499685,499688,3,4
499681,499685,499688,3,4
499681,499681,499688,7,0
499681,499681,499688,7,0
499681,499687,499688,1,6
499681,499681,499689,8,0
499681,499686,499689,3,5
499681,499681,499688,7,0
499681,499685,499689,4,4
499681,499686,499689,3,5
499681,499686,499689,3,5
499681,499681,499689,8,0
499681,499688,499689,1,7
499681,499681,499689,8,0
499681,499685,499689,4,4
499681,499681,499689,8,0
499681,499687,499689,2,6
499681,499681,499690,9,0
499681,499687,499690,3,6
499681,499687,499689,2,6
499681,499681,499689,8,0
499681,499688,499690,2,7
499681,499681,499689,8,0
499681,499688,499690,2,7
499681,499681,499690,9,0
499681,499681,499690,9,0
499681,499681,499690,9,0
499681,499681,499691,10,0
499681,499681,499691,10,0
499681,499685,499691,6,4
499681,499688,499691,3,7
499681,499681,499693,12,0
499681,499681,499694,13,0
499706,499706,499707,1,0
499706,499706,499707,1,0
499706,499706,499708,2,0
499706,499706,499707,1,0
499706,499706,499707,1,0
499706,499707,499708,1,1
499706,499707,499708,1,1
499706,499708,499709,1,2
499706,499708,499709,1,2
499706,499708,499709,1,2
499706,499708,499709,1,2
499706,499706,499710,4,0
499706,499706,499711,5,0
499706,499706,499711,5,0
499706,499706,499710,4,0
499706,499709,499710,1,3
499706,499706,499711,5,0
499706,499706,499712,6,0
499706,499706,499712,6,0
499706,499706,499712,6,0
499706,499706,499711,5,0
499706,499710,499712,2,4
499706,499710,499711,1,4
499706,499706,499712,6,0
499706,499706,499712,6,0
499706,499709,499711,2,3
499706,499706,499711,5,0
499706,499711,499712,1,5
499706,499710,499712,2,4
499706,499711,499712,1,5
499706,499706,499713,7,0
499706,499706,499712,6,0
499706,499706,499713,7,0
499706,499706,499712,6,0
499706,499706,499712,6,0
499706,499706,499712,6,0
499706,499711,499713,2,5
499706,499706,499713,7,0
499706,499706,499712,6,0
499706,499706,499712,6,0
499706,499706,499713,7,0
499706,499706,499712,6,0
499706,499706,499713,7,0
499706,499712,499713,1,6
499706,499712,499713,1,6
499706,499706,499712,6,0
499706,499712,499713,1,6
499706,499712,499713,1,6
499706,499712,499713,1,6
499706,499706,499713,7,0
499706,499712,499713,1,6
499706,499711,499714,3,5
499706,499706,499713,7,0
499706,499712,499713,1,6
499706,499706,499714,8,0
499706,499712,499713,1,6
499706,499706,499713,7,0
499706,499706,499713,7,0
499706,499712,499714,2,6
499706,499706,499715,9,0
499706,499712,499714,2,6
499706,499712,499715,3,6
499706,499706,499715,9,0
499706,499712,499714,2,6
499706,499712,499715,3,6
499706,499713,499715,2,7
499706,499713,499715,2,7
499706,499706,499716,10,0
499706,499711,499716,5,5
499706,499711,499715,4,5
499706,499713,499715,2,7
499706,499706,499716,10,0
499706,499713,499716,3,7
499706,499713,499715,2,7
499706,499706,499716,10,0
499706,499706,499717,11,0
499706,499706,499717,11,0
499706,499706,499719,13,0
499706,499706,499719,13,0
501456,501457,501533,76,1
501627,501627,501704,77,0
572611,572613,575353,2740,2
600306,600307,600319,12,1
600555,600555,644811,44256,0
