submit_time,start_time,end_time,run_time,wait_time
5026,5027,25285,20258,1
24979,25287,45578,20291,308
45272,45580,59412,13832,308
59424,59425,79697,20272,1
79448,79699,99970,20271,251
99796,99972,113768,13796,176
113776,113777,134053,20276,1
139063,139063,139523,460,0
140026,140026,140640,614,0
139923,139923,143167,3244,0
139923,139923,144015,4092,0
139925,139925,144243,4318,0
139925,139925,144354,4429,0
139923,139923,144510,4587,0
139926,139926,144510,4584,0
139920,139920,145151,5231,0
139920,139920,145818,5898,0
139920,139920,145915,5995,0
139183,139183,146309,7126,0
139926,139926,146482,6556,0
139924,139924,146562,6638,0
139926,139926,147197,7271,0
139921,139921,147723,7802,0
139925,139925,148017,8092,0
139921,139922,148163,8241,1
139923,139924,148373,8449,1
139921,139921,148377,8456,0
139927,139927,149939,10012,0
139927,139927,150082,10155,0
139926,139926,150887,10961,0
139922,139922,152593,12671,0
139922,139922,153557,13635,0
139920,139920,153664,13744,0
133909,134055,154336,20281,146
139924,139924,155798,15874,0
154180,154338,168136,13798,158
226001,226001,226003,2,0
228849,228849,229507,658,0
316061,316063,316533,470,2
316976,316977,317490,513,1
317954,317955,318013,58,1
319165,319166,320068,902,1
321538,321538,321540,2,0
321539,321539,321541,2,0
321539,321539,321542,3,0
321540,321540,321542,2,0
321541,321541,321543,2,0
321542,321542,321544,2,0
321542,321542,321545,3,0
321543,321543,321546,3,0
321544,321544,321546,2,0
321521,321523,322507,984,2
325811,325812,327635,1823,1
327633,327634,327739,105,1
381732,381732,381734,2,0
382078,382078,382082,4,0
382081,382081,382084,3,0
382083,382083,382086,3,0
382085,382085,382088,3,0
382087,382087,382090,3,0
382423,382424,382426,2,1
382426,382426,382428,2,0
382428,382428,382430,2,0
382430,382430,382432,2,0
382432,382432,382435,3,0
382435,382435,382437,2,0
382437,382437,382439,2,0
382439,382439,382442,3,0
382442,382442,382444,2,0
382444,382444,382446,2,0
382446,382446,382449,3,0
382449,382449,382451,2,0
382451,382451,382453,2,0
382453,382453,382456,3,0
382456,382456,382458,2,0
382458,382458,382460,2,0
382460,382460,382463,3,0
382463,382463,382465,2,0
382465,382465,382467,2,0
382467,382467,382470,3,0
382470,382470,382472,2,0
382472,382472,382475,3,0
382474,382474,382476,2,0
382476,382476,382479,3,0
382479,382479,382481,2,0
382481,382481,382483,2,0
382483,382483,382486,3,0
382486,382486,382488,2,0
382488,382488,382490,2,0
382490,382490,382493,3,0
382493,382493,382495,2,0
382495,382495,382497,2,0
382497,382497,382500,3,0
382500,382500,382502,2,0
382502,382502,382504,2,0
382504,382504,382507,3,0
382507,382507,382509,2,0
382509,382509,382511,2,0
382511,382511,382513,2,0
382513,382513,382516,3,0
382516,382516,382518,2,0
382518,382518,382520,2,0
382520,382520,382522,2,0
382522,382522,382524,2,0
382524,382524,382526,2,0
382527,382527,382529,2,0
382529,382529,382531,2,0
382531,382531,382534,3,0
382533,382533,382535,2,0
382536,382536,382538,2,0
382538,382538,382540,2,0
382540,382540,382542,2,0
382542,382542,382544,2,0
382544,382544,382546,2,0
382546,382546,382548,2,0
382548,382548,382550,2,0
382550,382550,382552,2,0
382552,382552,382554,2,0
382554,382554,382556,2,0
382556,382556,382558,2,0
382558,382558,382560,2,0
382561,382561,382563,2,0
382563,382563,382565,2,0
382565,382565,382567,2,0
382568,382568,382570,2,0
382570,382570,382572,2,0
382572,382572,382574,2,0
382575,382575,382576,1,0
382576,382576,382578,2,0
382579,382579,382581,2,0
382581,382581,382583,2,0
382583,382583,382585,2,0
382585,382586,382588,2,1
382588,382588,382589,1,0
382590,382590,382592,2,0
382592,382592,382594,2,0
382594,382594,382596,2,0
382597,382597,382599,2,0
382599,382599,382601,2,0
382601,382601,382603,2,0
382604,382604,382606,2,0
382606,382606,382607,1,0
382608,382608,382610,2,0
382610,382610,382612,2,0
382613,382613,382614,1,0
382614,382615,382616,1,1
382617,382617,382619,2,0
382619,382619,382621,2,0
382621,382621,382623,2,0
382624,382624,382625,1,0
382626,382626,382628,2,0
382628,382628,382630,2,0
382631,382631,382632,1,0
382633,382633,382635,2,0
382635,382635,382637,2,0
382637,382637,382639,2,0
382639,382639,382641,2,0
382642,382642,382643,1,0
382643,382643,382645,2,0
382646,382646,382647,1,0
382648,382648,382650,2,0
382650,382650,382652,2,0
382651,382652,382653,1,1
382653,382653,382655,2,0
382655,382655,382657,2,0
382657,382657,382659,2,0
382660,382660,382661,1,0
382661,382661,382663,2,0
382664,382664,382666,2,0
382666,382666,382668,2,0
382668,382668,382669,1,0
382670,382670,382672,2,0
382671,382672,382673,1,1
382674,382674,382676,2,0
382676,382676,382678,2,0
382678,382678,382680,2,0
382681,382681,382682,1,0
382683,382683,382685,2,0
382685,382685,382687,2,0
382687,382687,382689,2,0
382689,382689,382691,2,0
382692,382692,382693,1,0
382694,382694,382696,2,0
382696,382696,382698,2,0
382698,382698,382700,2,0
382700,382700,382702,2,0
382703,382703,382705,2,0
382705,382705,382707,2,0
382707,382707,382709,2,0
382710,382710,382711,1,0
382712,382712,382715,3,0
382714,382714,382716,2,0
382716,382716,382718,2,0
382718,382718,382720,2,0
382720,382720,382722,2,0
382723,382723,382724,1,0
382725,382725,382727,2,0
382727,382727,382729,2,0
382729,382729,382731,2,0
382732,382732,382734,2,0
382734,382734,382736,2,0
382736,382736,382738,2,0
382738,382738,382740,2,0
382740,382740,382742,2,0
382742,382742,382744,2,0
382744,382744,382746,2,0
382746,382746,382748,2,0
382749,382749,382751,2,0
382751,382751,382753,2,0
382753,382753,382755,2,0
382755,382756,382757,1,1
382758,382758,382760,2,0
382760,382760,382762,2,0
382762,382762,382764,2,0
382764,382764,382766,2,0
382766,382766,382768,2,0
382768,382768,382770,2,0
382770,382770,382772,2,0
382772,382772,382774,2,0
382774,382774,382776,2,0
382777,382777,382778,1,0
382779,382779,382781,2,0
382781,382781,382783,2,0
382784,382784,382785,1,0
382786,382786,382788,2,0
382788,382788,382790,2,0
382790,382791,382792,1,1
382793,382793,382795,2,0
382795,382795,382797,2,0
382797,382797,382799,2,0
382800,382800,382802,2,0
382802,382802,382804,2,0
382804,382804,382806,2,0
382806,382806,382808,2,0
382809,382809,382811,2,0
382811,382811,382813,2,0
382813,382813,382815,2,0
382816,382816,382818,2,0
382818,382818,382820,2,0
382820,382820,382822,2,0
382821,382821,382823,2,0
382823,382823,382825,2,0
382826,382826,382828,2,0
382828,382828,382830,2,0
382830,382830,382832,2,0
382833,382833,382835,2,0
382835,382835,382837,2,0
382837,382837,382839,2,0
382840,382840,382842,2,0
382842,382842,382844,2,0
382844,382844,382846,2,0
382847,382847,382848,1,0
382849,382849,382851,2,0
382851,382851,382853,2,0
382853,382854,382856,2,1
382855,382855,382858,3,0
382858,382858,382860,2,0
382860,382860,382861,1,0
382861,382862,382863,1,1
382864,382864,382866,2,0
382866,382866,382868,2,0
382868,382868,382870,2,0
382871,382871,382873,2,0
382873,382873,382875,2,0
382875,382875,382877,2,0
382877,382878,382879,1,1
382880,382880,382882,2,0
382882,382882,382884,2,0
382884,382884,382886,2,0
390541,390542,391979,1437,1
391982,391982,391984,2,0
391982,391982,391984,2,0
391982,391982,391984,2,0
391982,391982,391984,2,0
391982,391982,391985,3,0
391982,391982,391986,4,0
391982,391982,391986,4,0
391982,391982,391986,4,0
391982,391982,391985,3,0
391982,391982,391986,4,0
391982,391982,391986,4,0
391982,391982,391985,3,0
391982,391982,391985,3,0
391982,391982,391986,4,0
391982,391982,391986,4,0
391982,391982,391985,3,0
391982,391982,391986,4,0
391982,391982,391986,4,0
391982,391982,391986,4,0
391982,391982,391986,4,0
391982,391982,391985,3,0
391982,391982,391986,4,0
391982,391985,391986,1,3
391982,391985,391986,1,3
391982,391985,391986,1,3
391982,391985,391986,1,3
391982,391982,391986,4,0
391982,391982,391986,4,0
391982,391982,391986,4,0
391982,391986,391988,2,4
391982,391986,391988,2,4
391982,391986,391988,2,4
391982,391986,391988,2,4
391982,391986,391988,2,4
391982,391986,391988,2,4
391982,391986,391989,3,4
391982,391986,391988,2,4
391982,391986,391989,3,4
391982,391986,391990,4,4
391982,391986,391989,3,4
391982,391986,391990,4,4
391982,391986,391990,4,4
391982,391987,391991,4,5
391982,391987,391990,3,5
391982,391987,391990,3,5
391982,391987,391991,4,5
391982,391986,391990,4,4
391982,391986,391991,5,4
391982,391986,391990,4,4
391982,391986,391991,5,4
391982,391986,391991,5,4
391982,391991,391993,2,9
391982,391987,391993,6,5
391982,391989,391993,4,7
391982,391987,391993,6,5
391982,391987,391993,6,5
391982,391989,391993,4,7
391982,391989,391993,4,7
391982,391991,391993,2,9
391982,391991,391993,2,9
391982,391991,391993,2,9
391982,391990,391994,4,8
391982,391991,391994,3,9
391982,391989,391994,5,7
391982,391989,391994,5,7
391982,391990,391994,4,8
391982,391989,391993,4,7
391982,391989,391994,5,7
391982,391989,391994,5,7
391982,391990,391994,4,8
391982,391991,391994,3,9
391982,391991,391994,3,9
391982,391990,391994,4,8
391982,391991,391994,3,9
391982,391992,391994,2,10
391982,391990,391994,4,8
391982,391993,391995,2,11
391982,391993,391996,3,11
391982,391993,391996,3,11
391982,391994,391997,3,12
391982,391993,391996,3,11
391982,391994,391996,2,12
391982,391994,391997,3,12
391982,391994,391997,3,12
391982,391994,391997,3,12
391982,391993,391996,3,11
391982,391993,391997,4,11
391982,391994,391997,3,12
391982,391994,391997,3,12
391982,391994,391997,3,12
391982,391994,391997,3,12
391982,391995,391997,2,13
391982,391995,391997,2,13
391982,391994,391997,3,12
391982,391995,391997,2,13
391982,391996,391998,2,14
391982,391996,391999,3,14
391982,391995,391998,3,13
391982,391995,391999,4,13
391982,391995,391998,3,13
391982,391995,391998,3,13
391982,391998,391999,1,16
391982,391998,391999,1,16
391982,391998,391999,1,16
391982,391997,391999,2,15
391982,391998,392000,2,16
391982,391998,391999,1,16
391982,391998,392000,2,16
391982,391998,392000,2,16
391982,391995,391999,4,13
391982,391998,391999,1,16
391982,391997,391999,2,15
391982,391997,391999,2,15
391982,391999,392000,1,17
391982,391998,392000,2,16
391982,391998,392000,2,16
391982,391998,392000,2,16
391982,391998,392000,2,16
391982,391997,392000,3,15
391982,391997,392000,3,15
391982,391999,392001,2,17
391982,391999,392000,1,17
391982,391999,392001,2,17
391982,391998,392000,2,16
391982,391999,392001,2,17
391982,392000,392001,1,18
391982,392000,392001,1,18
391982,392000,392001,1,18
391982,392000,392001,1,18
391982,392000,392002,2,18
391982,392000,392002,2,18
391982,392000,392002,2,18
391982,392000,392002,2,18
391982,392000,392001,1,18
391982,392000,392002,2,18
391982,391999,392001,2,17
391982,392000,392002,2,18
391982,392000,392001,1,18
391982,392001,392002,1,19
391982,392001,392002,1,19
391982,392001,392002,1,19
391982,392001,392002,1,19
391982,392001,392003,2,19
391982,392001,392002,1,19
391982,392001,392003,2,19
391982,392001,392003,2,19
391982,392001,392003,2,19
391982,392001,392003,2,19
391982,392001,392003,2,19
391982,392001,392003,2,19
390541,390541,392657,2116,0
392658,392658,392662,4,0
392658,392658,392663,5,0
392658,392658,392664,6,0
392658,392658,392664,6,0
392658,392658,392664,6,0
392658,392658,392664,6,0
392658,392658,392663,5,0
392658,392658,392664,6,0
392658,392658,392663,5,0
392658,392658,392664,6,0
392658,392658,392664,6,0
392658,392658,392664,6,0
392658,392658,392664,6,0
392658,392658,392664,6,0
392658,392658,392663,5,0
392658,392658,392664,6,0
392658,392658,392664,6,0
392658,392658,392664,6,0
392658,392658,392664,6,0
392658,392658,392663,5,0
392658,392658,392664,6,0
392658,392658,392664,6,0
392658,392658,392664,6,0
392658,392663,392665,2,5
392658,392658,392665,7,0
392658,392658,392664,6,0
392658,392662,392665,3,4
392658,392664,392666,2,6
392658,392664,392666,2,6
392658,392664,392666,2,6
392658,392664,392666,2,6
392658,392664,392666,2,6
392658,392664,392666,2,6
392658,392664,392667,3,6
392658,392664,392667,3,6
392658,392664,392667,3,6
392658,392664,392668,4,6
392658,392664,392668,4,6
392658,392664,392668,4,6
392658,392664,392668,4,6
392658,392664,392668,4,6
392658,392664,392669,5,6
392658,392664,392669,5,6
392658,392664,392669,5,6
392658,392665,392669,4,7
392658,392666,392669,3,8
392658,392664,392669,5,6
392658,392664,392669,5,6
392658,392665,392669,4,7
392658,392664,392669,5,6
392658,392664,392669,5,6
392658,392665,392669,4,7
390573,390573,392670,2097,0
392658,392667,392670,3,9
392658,392667,392670,3,9
392658,392667,392670,3,9
392658,392667,392670,3,9
392658,392667,392671,4,9
392658,392668,392671,3,10
392658,392669,392671,2,11
392658,392667,392671,4,9
392658,392668,392671,3,10
392658,392669,392672,3,11
392658,392669,392672,3,11
392658,392669,392671,2,11
392658,392668,392671,3,10
392658,392669,392671,2,11
392658,392670,392672,2,12
392658,392670,392672,2,12
392658,392670,392672,2,12
392658,392670,392672,2,12
392658,392670,392672,2,12
392658,392670,392672,2,12
392658,392669,392672,3,11
392658,392671,392674,3,13
392658,392670,392673,3,12
392658,392670,392674,4,12
392658,392670,392674,4,12
392658,392670,392674,4,12
392658,392671,392674,3,13
392658,392672,392674,2,14
392658,392671,392674,3,13
392658,392671,392674,3,13
392658,392671,392674,3,13
392658,392673,392675,2,15
392658,392672,392675,3,14
392658,392673,392675,2,15
392658,392672,392675,3,14
392658,392672,392675,3,14
392658,392673,392675,2,15
392658,392673,392676,3,15
392658,392672,392676,4,14
392658,392673,392676,3,15
392658,392672,392676,4,14
392658,392672,392675,3,14
392658,392673,392676,3,15
392658,392672,392676,4,14
392658,392672,392676,4,14
392658,392672,392676,4,14
392658,392675,392676,1,17
392658,392674,392676,2,16
392658,392675,392677,2,17
392658,392674,392676,2,16
392658,392675,392677,2,17
392658,392675,392677,2,17
392658,392676,392677,1,18
392658,392673,392677,4,15
392658,392675,392677,2,17
392658,392675,392677,2,17
392658,392675,392678,3,17
392658,392675,392678,3,17
392658,392676,392679,3,18
392658,392676,392678,2,18
392658,392676,392679,3,18
392658,392676,392679,3,18
392658,392676,392679,3,18
392658,392676,392679,3,18
392658,392676,392679,3,18
392658,392676,392679,3,18
392658,392676,392679,3,18
392658,392677,392680,3,19
392658,392676,392679,3,18
392658,392676,392679,3,18
392658,392677,392679,2,19
392658,392676,392679,3,18
392658,392676,392679,3,18
392658,392676,392679,3,18
392658,392677,392680,3,19
392658,392678,392681,3,20
392658,392677,392681,4,19
392658,392678,392681,3,20
392658,392678,392681,3,20
392658,392679,392681,2,21
392658,392679,392681,2,21
392658,392678,392681,3,20
392658,392678,392681,3,20
392658,392679,392681,2,21
392658,392679,392681,2,21
392658,392680,392682,2,22
392658,392680,392682,2,22
392658,392679,392682,3,21
392658,392680,392682,2,22
392658,392680,392682,2,22
392672,392681,392682,1,9
392658,392679,392681,2,21
392658,392679,392682,3,21
392658,392678,392681,3,20
392658,392679,392681,2,21
392658,392679,392682,3,21
392672,392680,392682,2,8
392672,392680,392682,2,8
392672,392681,392682,1,9
392672,392681,392682,1,9
392658,392680,392682,2,22
392672,392681,392682,1,9
392658,392679,392682,3,21
392672,392682,392683,1,10
392672,392682,392684,2,10
392672,392682,392685,3,10
392672,392682,392684,2,10
392672,392682,392685,3,10
392672,392682,392685,3,10
392672,392682,392685,3,10
392672,392682,392685,3,10
392672,392683,392686,3,11
392672,392682,392685,3,10
392672,392682,392686,4,10
392672,392682,392686,4,10
392672,392682,392686,4,10
392672,392682,392686,4,10
392672,392682,392686,4,10
392672,392682,392686,4,10
392672,392682,392686,4,10
392672,392682,392686,4,10
392672,392683,392686,3,11
392672,392685,392687,2,13
392672,392685,392687,2,13
392672,392683,392687,4,11
392672,392683,392687,4,11
392658,392680,392687,7,22
392672,392683,392688,5,11
392672,392684,392687,3,12
392672,392685,392688,3,13
392672,392686,392688,2,14
392672,392685,392688,3,13
392672,392685,392688,3,13
392672,392685,392688,3,13
392672,392685,392688,3,13
392672,392682,392689,7,10
392672,392682,392689,7,10
392672,392687,392689,2,15
392672,392687,392689,2,15
392672,392686,392689,3,14
392672,392687,392689,2,15
392672,392687,392689,2,15
392672,392688,392690,2,16
392672,392686,392689,3,14
392672,392686,392689,3,14
392672,392687,392690,3,15
392672,392687,392689,2,15
392672,392687,392689,2,15
392672,392688,392690,2,16
392672,392687,392691,4,15
392672,392688,392691,3,16
392672,392687,392691,4,15
392672,392687,392691,4,15
392672,392688,392693,5,16
392672,392687,392694,7,15
392672,392689,392694,5,17
392672,392690,392694,4,18
392672,392689,392694,5,17
392672,392689,392694,5,17
392672,392690,392694,4,18
392672,392690,392694,4,18
392672,392690,392694,4,18
392672,392690,392695,5,18
392672,392690,392694,4,18
392672,392690,392695,5,18
392672,392691,392695,4,19
392672,392691,392695,4,19
392672,392692,392696,4,20
392672,392692,392696,4,20
392672,392690,392696,6,18
392672,392690,392695,5,18
392672,392690,392695,5,18
392672,392690,392695,5,18
392672,392690,392695,5,18
392672,392693,392696,3,21
392672,392691,392696,5,19
392672,392694,392696,2,22
392672,392687,392697,10,15
392672,392695,392697,2,23
392672,392695,392697,2,23
392672,392696,392697,1,24
392672,392696,392698,2,24
392672,392695,392698,3,23
392672,392696,392698,2,24
392672,392696,392698,2,24
392672,392696,392697,1,24
392672,392695,392698,3,23
392672,392696,392698,2,24
392672,392696,392698,2,24
392672,392695,392698,3,23
392672,392695,392698,3,23
392672,392696,392698,2,24
392672,392695,392698,3,23
392672,392695,392698,3,23
392672,392695,392698,3,23
392672,392695,392698,3,23
392672,392695,392698,3,23
392672,392695,392698,3,23
392672,392698,392700,2,26
392672,392698,392700,2,26
392672,392697,392700,3,25
392672,392697,392700,3,25
392672,392690,392701,11,18
392672,392698,392700,2,26
392672,392698,392700,2,26
392672,392698,392700,2,26
392672,392698,392701,3,26
392672,392699,392701,2,27
392672,392698,392700,2,26
392672,392698,392700,2,26
392672,392698,392700,2,26
392672,392698,392701,3,26
392672,392698,392700,2,26
392672,392698,392700,2,26
392672,392698,392700,2,26
392672,392699,392701,2,27
392672,392698,392701,3,26
392672,392690,392701,11,18
392672,392699,392701,2,27
392672,392699,392701,2,27
392672,392699,392701,2,27
392672,392701,392703,2,29
392672,392701,392703,2,29
392672,392701,392703,2,29
392672,392701,392703,2,29
392672,392699,392703,4,27
392672,392701,392703,2,29
392672,392701,392703,2,29
392672,392701,392704,3,29
392672,392701,392704,3,29
392672,392701,392704,3,29
392672,392701,392703,2,29
392672,392701,392704,3,29
392672,392702,392704,2,30
392672,392701,392704,3,29
392672,392701,392704,3,29
392672,392701,392704,3,29
392672,392701,392704,3,29
392672,392702,392704,2,30
392672,392701,392704,3,29
392672,392698,392704,6,26
392672,392703,392705,2,31
392672,392701,392705,4,29
392672,392702,392705,3,30
392672,392702,392705,3,30
392672,392703,392705,2,31
392672,392701,392706,5,29
392672,392702,392708,6,30
390567,390567,392855,2288,0
392857,392857,392859,2,0
392857,392857,392859,2,0
392857,392857,392859,2,0
392857,392857,392858,1,0
392857,392857,392858,1,0
392857,392857,392859,2,0
392857,392857,392858,1,0
392857,392857,392858,1,0
392857,392857,392858,1,0
392857,392857,392858,1,0
392857,392857,392859,2,0
392857,392857,392858,1,0
392857,392857,392858,1,0
392857,392857,392859,2,0
392857,392857,392859,2,0
392857,392857,392859,2,0
392857,392857,392859,2,0
392857,392857,392859,2,0
392857,392857,392859,2,0
392857,392857,392859,2,0
392857,392857,392859,2,0
392857,392857,392859,2,0
392857,392857,392859,2,0
390539,390539,392859,2320,0
392857,392857,392860,3,0
392857,392857,392860,3,0
392857,392859,392860,1,2
392857,392859,392860,1,2
392857,392859,392860,1,2
392857,392859,392861,2,2
392857,392859,392860,1,2
392857,392859,392861,2,2
392857,392859,392861,2,2
392857,392859,392861,2,2
392857,392859,392861,2,2
392857,392859,392861,2,2
392857,392859,392861,2,2
392857,392859,392861,2,2
392857,392859,392861,2,2
392857,392859,392861,2,2
392857,392859,392861,2,2
392857,392859,392862,3,2
392857,392859,392861,2,2
392857,392859,392862,3,2
392857,392859,392861,2,2
392857,392859,392861,2,2
392857,392859,392862,3,2
392857,392859,392862,3,2
392857,392859,392862,3,2
392857,392860,392863,3,3
392857,392861,392867,6,4
392857,392861,392867,6,4
392857,392861,392867,6,4
392857,392861,392867,6,4
392857,392862,392867,5,5
392857,392862,392867,5,5
392857,392862,392867,5,5
392857,392861,392867,6,4
392857,392862,392867,5,5
392857,392861,392867,6,4
392857,392862,392867,5,5
392857,392862,392867,5,5
392857,392861,392867,6,4
392857,392861,392867,6,4
392857,392861,392867,6,4
392857,392862,392868,6,5
392857,392864,392869,5,7
392857,392862,392869,7,5
392857,392862,392869,7,5
392857,392862,392869,7,5
392857,392862,392869,7,5
392857,392862,392869,7,5
392857,392862,392869,7,5
392857,392862,392869,7,5
392857,392862,392870,8,5
392857,392867,392870,3,10
392857,392867,392870,3,10
392857,392867,392869,2,10
392857,392867,392870,3,10
392857,392867,392870,3,10
392857,392863,392870,7,6
392857,392868,392870,2,11
392857,392869,392871,2,12
392857,392869,392871,2,12
392857,392868,392870,2,11
392857,392870,392871,1,13
392857,392867,392871,4,10
392857,392870,392871,1,13
392857,392870,392871,1,13
392857,392868,392871,3,11
392857,392870,392871,1,13
392857,392870,392871,1,13
392857,392870,392871,1,13
392857,392868,392871,3,11
392857,392868,392871,3,11
392857,392869,392871,2,12
392857,392868,392871,3,11
392857,392868,392871,3,11
392857,392870,392871,1,13
392857,392868,392872,4,11
392857,392870,392872,2,13
392857,392870,392872,2,13
392857,392870,392872,2,13
392857,392870,392872,2,13
392857,392871,392873,2,14
392857,392868,392873,5,11
392857,392871,392873,2,14
392857,392870,392873,3,13
392857,392872,392873,1,15
392857,392872,392873,1,15
392857,392872,392873,1,15
392857,392872,392873,1,15
392857,392871,392873,2,14
392857,392872,392873,1,15
392857,392872,392873,1,15
392857,392872,392873,1,15
392857,392872,392873,1,15
392857,392872,392874,2,15
392857,392873,392875,2,16
392857,392872,392874,2,15
392857,392872,392875,3,15
392857,392873,392875,2,16
392857,392873,392875,2,16
392857,392873,392875,2,16
392857,392873,392875,2,16
392857,392872,392876,4,15
392857,392872,392876,4,15
392857,392872,392876,4,15
392857,392873,392876,3,16
392857,392872,392876,4,15
392857,392872,392876,4,15
392857,392873,392878,5,16
392857,392874,392878,4,17
392857,392874,392879,5,17
392857,392874,392880,6,17
392857,392874,392879,5,17
392857,392875,392880,5,18
392857,392874,392880,6,17
392857,392874,392880,6,17
392857,392874,392880,6,17
392857,392874,392880,6,17
392857,392875,392880,5,18
392857,392875,392880,5,18
392861,392876,392880,4,15
392857,392873,392880,7,16
392861,392876,392880,4,15
392857,392874,392880,6,17
392857,392875,392880,5,18
392861,392876,392880,4,15
392861,392877,392881,4,16
392861,392877,392881,4,16
392857,392875,392881,6,18
392857,392874,392880,6,17
390575,390575,392880,2305,0
392857,392876,392881,5,19
392861,392879,392881,2,18
392861,392877,392882,5,16
392861,392880,392882,2,19
392861,392880,392882,2,19
392861,392880,392882,2,19
392861,392880,392882,2,19
392861,392880,392882,2,19
392861,392878,392882,4,17
392861,392880,392882,2,19
392857,392876,392882,6,19
392861,392880,392882,2,19
392861,392881,392882,1,20
392861,392881,392883,2,20
392861,392881,392883,2,20
392861,392881,392883,2,20
392861,392880,392882,2,19
392861,392881,392883,2,20
392861,392880,392882,2,19
392861,392880,392882,2,19
392861,392880,392882,2,19
392861,392881,392883,2,20
392861,392881,392883,2,20
392861,392881,392883,2,20
392861,392882,392884,2,21
392861,392882,392884,2,21
392861,392882,392884,2,21
392861,392882,392884,2,21
392861,392882,392884,2,21
392861,392882,392884,2,21
392861,392883,392885,2,22
392861,392882,392884,2,21
392861,392882,392884,2,21
392861,392883,392885,2,22
392861,392883,392886,3,22
392861,392883,392886,3,22
392861,392883,392888,5,22
392861,392883,392888,5,22
392861,392884,392889,5,23
392861,392883,392889,6,22
392861,392883,392888,5,22
392861,392884,392889,5,23
392861,392883,392889,6,22
392861,392883,392889,6,22
392861,392883,392889,6,22
392861,392885,392890,5,24
392861,392884,392890,6,23
392861,392884,392890,6,23
392861,392883,392890,7,22
392861,392883,392890,7,22
392861,392884,392890,6,23
392861,392884,392890,6,23
392861,392885,392890,5,24
392861,392885,392891,6,24
392861,392886,392892,6,25
392861,392888,392892,4,27
392861,392885,392892,7,24
392861,392885,392892,7,24
392861,392888,392892,4,27
392861,392886,392892,6,25
392861,392886,392892,6,25
392861,392881,392892,11,20
392861,392882,392892,10,21
392861,392889,392893,4,28
392861,392889,392893,4,28
392861,392889,392893,4,28
392861,392890,392893,3,29
392861,392889,392893,4,28
392861,392890,392893,3,29
392861,392890,392893,3,29
392861,392889,392893,4,28
392861,392890,392893,3,29
392861,392891,392894,3,30
392861,392892,392894,2,31
392861,392890,392894,4,29
392861,392893,392894,1,32
392861,392892,392894,2,31
392861,392891,392894,3,30
392861,392891,392894,3,30
392861,392891,392894,3,30
392861,392891,392894,3,30
392861,392893,392895,2,32
392861,392893,392895,2,32
392861,392893,392895,2,32
392861,392893,392895,2,32
392861,392893,392895,2,32
392861,392894,392895,1,33
392861,392894,392895,1,33
392861,392894,392896,2,33
392861,392894,392896,2,33
392861,392883,392896,13,22
392861,392894,392896,2,33
392861,392894,392896,2,33
392861,392895,392896,1,34
392861,392894,392896,2,33
392861,392894,392897,3,33
392861,392894,392896,2,33
392861,392894,392897,3,33
392861,392895,392897,2,34
392861,392895,392899,4,34
392861,392896,392899,3,35
392861,392896,392900,4,35
392861,392895,392899,4,34
392861,392895,392899,4,34
392861,392895,392899,4,34
392861,392896,392900,4,35
392861,392895,392900,5,34
392861,392895,392900,5,34
392861,392896,392900,4,35
392861,392896,392901,5,35
392861,392896,392901,5,35
392861,392896,392901,5,35
392861,392897,392903,6,36
392861,392897,392903,6,36
392861,392897,392903,6,36
392861,392898,392903,5,37
392861,392896,392902,6,35
392861,392897,392903,6,36
392861,392897,392903,6,36
392861,392897,392902,5,36
392861,392897,392902,5,36
392861,392899,392903,4,38
392861,392900,392903,3,39
392861,392900,392903,3,39
392861,392901,392904,3,40
392861,392900,392904,4,39
392861,392900,392904,4,39
392861,392900,392903,3,39
390562,390562,392904,2342,0
392861,392896,392904,8,35
392861,392902,392905,3,41
392861,392901,392905,4,40
392861,392900,392904,4,39
392861,392901,392904,3,40
392861,392901,392905,4,40
392882,392904,392905,1,22
392861,392903,392906,3,42
392861,392903,392906,3,42
392861,392903,392906,3,42
392861,392903,392906,3,42
392861,392902,392906,4,41
392861,392903,392906,3,42
392882,392904,392906,2,22
392861,392903,392905,2,42
392882,392904,392906,2,22
392882,392904,392906,2,22
392882,392904,392905,1,22
392882,392904,392906,2,22
392882,392904,392906,2,22
392861,392903,392906,3,42
392861,392903,392906,3,42
392861,392903,392906,3,42
392861,392893,392906,13,32
392861,392893,392906,13,32
392882,392905,392906,1,23
392882,392905,392906,1,23
392882,392905,392906,1,23
392882,392906,392908,2,24
392882,392905,392907,2,23
392882,392905,392907,2,23
392882,392906,392908,2,24
392882,392906,392908,2,24
392882,392906,392908,2,24
392861,392896,392908,12,35
392882,392906,392909,3,24
392882,392906,392909,3,24
392882,392906,392909,3,24
392882,392906,392909,3,24
392882,392906,392909,3,24
392882,392906,392910,4,24
392882,392906,392910,4,24
392882,392906,392909,3,24
392882,392906,392910,4,24
392882,392906,392910,4,24
392882,392906,392910,4,24
392882,392906,392910,4,24
392882,392906,392910,4,24
392882,392907,392910,3,25
392882,392907,392912,5,25
392882,392908,392914,6,26
392882,392908,392914,6,26
392882,392907,392914,7,25
392882,392909,392915,6,27
392882,392909,392915,6,27
392882,392909,392915,6,27
392882,392908,392915,7,26
392882,392908,392915,7,26
392882,392909,392915,6,27
392882,392910,392915,5,28
392882,392910,392915,5,28
392882,392908,392915,7,26
392882,392910,392915,5,28
392882,392910,392916,6,28
392882,392911,392916,5,29
392882,392908,392915,7,26
392882,392909,392916,7,27
392882,392910,392916,6,28
392882,392911,392916,5,29
392882,392911,392916,5,29
392882,392914,392917,3,32
392882,392914,392917,3,32
392882,392913,392917,4,31
392882,392916,392918,2,34
392882,392911,392917,6,29
392882,392915,392917,2,33
392882,392906,392918,12,24
392882,392915,392918,3,33
392882,392915,392918,3,33
392882,392915,392918,3,33
392882,392916,392918,2,34
392882,392916,392918,2,34
392882,392916,392919,3,34
392882,392916,392919,3,34
392882,392916,392918,2,34
392882,392916,392918,2,34
392882,392916,392918,2,34
392882,392916,392919,3,34
392882,392917,392919,2,35
392882,392916,392919,3,34
392882,392907,392919,12,25
392882,392907,392919,12,25
392882,392917,392920,3,35
392882,392916,392920,4,34
392882,392917,392920,3,35
392882,392918,392922,4,36
392882,392918,392922,4,36
392882,392918,392922,4,36
392882,392918,392922,4,36
392882,392918,392922,4,36
392882,392919,392922,3,37
392882,392918,392922,4,36
392882,392919,392923,4,37
392882,392919,392923,4,37
392882,392919,392923,4,37
392882,392919,392924,5,37
392882,392919,392924,5,37
392882,392919,392924,5,37
392882,392920,392924,4,38
392882,392919,392923,4,37
392882,392919,392924,5,37
392882,392920,392924,4,38
392882,392920,392924,4,38
392882,392922,392924,2,40
392882,392919,392924,5,37
392882,392920,392924,4,38
392882,392923,392925,2,41
392882,392921,392924,3,39
392882,392921,392924,3,39
392882,392909,392925,16,27
392882,392924,392926,2,42
392882,392924,392926,2,42
392882,392923,392925,2,41
392882,392923,392926,3,41
392882,392923,392925,2,41
392882,392924,392926,2,42
392882,392924,392926,2,42
392882,392923,392925,2,41
392882,392923,392925,2,41
392882,392924,392926,2,42
392882,392924,392926,2,42
392882,392925,392926,1,43
392882,392924,392926,2,42
392882,392925,392927,2,43
392882,392924,392926,2,42
392882,392925,392927,2,43
392882,392924,392926,2,42
392882,392925,392927,2,43
392882,392925,392928,3,43
392882,392925,392928,3,43
392882,392925,392927,2,43
392882,392926,392929,3,44
392882,392926,392928,2,44
392882,392926,392928,2,44
392882,392925,392929,4,43
392882,392926,392928,2,44
392882,392926,392928,2,44
392882,392926,392929,3,44
392882,392926,392929,3,44
392882,392926,392929,3,44
392882,392926,392930,4,44
392882,392926,392930,4,44
392882,392926,392930,4,44
392882,392927,392930,3,45
392882,392927,392932,5,45
392882,392927,392932,5,45
392882,392927,392932,5,45
392905,392930,392932,2,25
392882,392928,392933,5,46
392882,392927,392932,5,45
392882,392928,392932,4,46
392905,392929,392932,3,24
392882,392928,392932,4,46
392905,392929,392932,3,24
392905,392930,392933,3,25
392905,392930,392933,3,25
392882,392927,392932,5,45
392882,392928,392932,4,46
392905,392929,392933,4,24
392882,392918,392933,15,36
392905,392931,392933,2,26
392905,392931,392933,2,26
392905,392931,392934,3,26
392905,392931,392933,2,26
392882,392923,392933,10,41
392882,392929,392933,4,47
392882,392929,392934,5,47
392882,392923,392934,11,41
392905,392933,392935,2,28
392905,392932,392934,2,27
392905,392933,392935,2,28
392905,392933,392935,2,28
392905,392932,392934,2,27
392905,392932,392934,2,27
392905,392933,392935,2,28
392905,392933,392935,2,28
392905,392933,392935,2,28
392905,392933,392935,2,28
392905,392933,392935,2,28
392905,392933,392935,2,28
392905,392933,392935,2,28
392905,392934,392936,2,29
392882,392926,392936,10,44
392905,392933,392936,3,28
392905,392934,392936,2,29
392905,392934,392936,2,29
392905,392935,392937,2,30
392905,392934,392937,3,29
392905,392934,392937,3,29
392905,392935,392938,3,30
392905,392933,392939,6,28
392905,392936,392938,2,31
392905,392936,392938,2,31
392905,392936,392939,3,31
392905,392936,392939,3,31
392905,392935,392939,4,30
392905,392935,392939,4,30
392905,392934,392939,5,29
392905,392936,392939,3,31
392905,392936,392939,3,31
392905,392936,392939,3,31
392905,392936,392940,4,31
392905,392937,392940,3,32
392905,392936,392939,3,31
392905,392937,392939,2,32
392905,392937,392940,3,32
392905,392937,392940,3,32
392905,392937,392940,3,32
392905,392934,392940,6,29
392905,392938,392940,2,33
392905,392939,392941,2,34
392905,392939,392941,2,34
392905,392939,392942,3,34
392905,392934,392942,8,29
392905,392939,392942,3,34
392905,392940,392942,2,35
392905,392940,392942,2,35
392905,392939,392942,3,34
392905,392940,392942,2,35
392905,392940,392943,3,35
392905,392940,392943,3,35
392905,392940,392943,3,35
392905,392940,392943,3,35
392905,392940,392943,3,35
392905,392935,392942,7,30
392905,392940,392943,3,35
392905,392940,392943,3,35
392905,392940,392944,4,35
392905,392941,392944,3,36
392905,392942,392944,2,37
392905,392942,392944,2,37
392905,392940,392944,4,35
392905,392942,392945,3,37
392905,392943,392945,2,38
392905,392936,392945,9,31
392905,392943,392946,3,38
392905,392943,392945,2,38
392905,392943,392946,3,38
392905,392943,392946,3,38
392905,392943,392946,3,38
392905,392943,392946,3,38
392905,392943,392946,3,38
392905,392944,392946,2,39
392905,392943,392947,4,38
392905,392944,392946,2,39
392905,392944,392947,3,39
392905,392936,392947,11,31
392905,392943,392947,4,38
392905,392945,392947,2,40
392905,392945,392947,2,40
392905,392946,392948,2,41
392905,392945,392947,2,40
392905,392945,392948,3,40
392905,392945,392948,3,40
392905,392946,392948,2,41
392905,392946,392948,2,41
392905,392946,392948,2,41
392905,392947,392949,2,42
392905,392946,392949,3,41
392905,392946,392948,2,41
392905,392947,392949,2,42
392905,392940,392950,10,35
392905,392939,392950,11,34
392905,392947,392949,2,42
392905,392948,392950,2,43
392905,392947,392949,2,42
392905,392948,392950,2,43
392905,392947,392950,3,42
392905,392947,392950,3,42
392905,392949,392951,2,44
392905,392941,392950,9,36
392905,392948,392951,3,43
392905,392948,392951,3,43
392905,392948,392950,2,43
392905,392948,392951,3,43
392905,392950,392953,3,45
392905,392950,392952,2,45
392905,392950,392953,3,45
392905,392950,392953,3,45
392905,392950,392953,3,45
392905,392950,392953,3,45
392905,392949,392953,4,44
392905,392949,392953,4,44
392905,392949,392953,4,44
392905,392950,392953,3,45
392905,392942,392953,11,37
392905,392950,392953,3,45
392905,392949,392953,4,44
392905,392951,392954,3,46
392905,392951,392954,3,46
392905,392950,392954,4,45
392905,392951,392954,3,46
392905,392943,392955,12,38
392905,392952,392954,2,47
392905,392951,392954,3,46
392905,392953,392955,2,48
392905,392946,392954,8,41
392905,392953,392955,2,48
392905,392953,392955,2,48
392905,392954,392955,1,49
392905,392953,392955,2,48
392905,392953,392955,2,48
392905,392948,392955,7,43
392905,392953,392955,2,48
392905,392953,392955,2,48
392905,392953,392955,2,48
392905,392950,392956,6,45
392905,392950,392958,8,45
392905,392951,392959,8,46
390552,390552,392990,2438,0
392992,392992,392993,1,0
392992,392992,392994,2,0
392992,392992,392994,2,0
392992,392992,392994,2,0
392992,392992,392994,2,0
392992,392992,392994,2,0
392992,392992,392994,2,0
392992,392992,392995,3,0
392992,392992,392995,3,0
392992,392992,392994,2,0
392992,392992,392995,3,0
392992,392992,392995,3,0
392992,392992,392995,3,0
392992,392992,392995,3,0
392992,392992,392995,3,0
392992,392992,392995,3,0
392992,392992,392995,3,0
392992,392992,392994,2,0
392992,392992,392995,3,0
392992,392992,392995,3,0
392992,392992,392995,3,0
392992,392994,392996,2,2
392992,392994,392996,2,2
392992,392994,392996,2,2
392992,392994,392996,2,2
392992,392992,392996,4,0
392992,392995,392997,2,3
392992,392995,392997,2,3
392992,392995,392997,2,3
392992,392995,392997,2,3
392992,392995,392997,2,3
392992,392995,392997,2,3
392992,392995,392997,2,3
392992,392995,392997,2,3
392992,392995,392997,2,3
392992,392995,392997,2,3
392992,392995,392997,2,3
392992,392996,392998,2,4
392992,392996,392998,2,4
392992,392995,392998,3,3
392992,392995,392998,3,3
392992,392995,392998,3,3
392992,392996,392998,2,4
392992,392995,392998,3,3
392992,392996,392999,3,4
392992,392996,392999,3,4
392992,392992,393000,8,0
392992,392998,393001,3,6
392992,392997,393001,4,5
392992,392997,393001,4,5
392992,392997,393001,4,5
392992,392996,393001,5,4
392992,392997,393001,4,5
392992,392997,393001,4,5
392992,392997,393001,4,5
392992,392996,393001,5,4
392992,392992,393002,10,0
392992,392998,393002,4,6
392992,392998,393002,4,6
392992,392998,393002,4,6
392992,392998,393003,5,6
392992,392999,393003,4,7
392992,392997,393003,6,5
392992,392992,393003,11,0
392992,392999,393004,5,7
392992,393001,393005,4,9
392992,393001,393005,4,9
392992,392999,393005,6,7
392992,392999,393005,6,7
392992,392999,393005,6,7
392992,392999,393006,7,7
392992,393002,393006,4,10
392992,392999,393006,7,7
392992,393001,393007,6,9
392992,393001,393008,7,9
392992,393002,393009,7,10
392992,393003,393009,6,11
392992,393001,393009,8,9
392992,393002,393009,7,10
392992,392998,393010,12,6
392992,393004,393010,6,12
392992,393005,393011,6,13
392992,393003,393010,7,11
392992,393002,393010,8,10
392992,393005,393011,6,13
392992,393005,393011,6,13
392992,393006,393012,6,14
392992,393006,393012,6,14
392992,393003,393011,8,11
392992,393003,393012,9,11
392992,393003,393012,9,11
392992,393006,393013,7,14
392992,393007,393013,6,15
392992,393009,393013,4,17
392992,393008,393013,5,16
392992,393009,393013,4,17
392992,393007,393013,6,15
392992,393007,393013,6,15
392992,393009,393014,5,17
392992,393010,393014,4,18
392992,393011,393014,3,19
392992,393011,393015,4,19
392992,393011,393015,4,19
392992,393011,393015,4,19
392992,393012,393015,3,20
392992,393012,393016,4,20
392992,393011,393016,5,19
392992,393012,393017,5,20
392992,393011,393018,7,19
392992,393012,393018,6,20
392992,393013,393018,5,21
392992,393009,393018,9,17
392992,393014,393019,5,22
392992,393014,393018,4,22
392992,393014,393019,5,22
392992,393014,393019,5,22
392992,393013,393018,5,21
392992,393014,393018,4,22
392992,393016,393019,3,24
392992,393014,393019,5,22
392992,393014,393019,5,22
392992,393013,393019,6,21
392992,393012,393019,7,20
392992,393012,393019,7,20
392992,393015,393020,5,23
392992,393016,393020,4,24
392992,393016,393020,4,24
392992,393017,393021,4,25
392992,393017,393021,4,25
392992,393018,393021,3,26
392992,393019,393021,2,27
392992,393016,393021,5,24
392992,393018,393022,4,26
392992,393019,393023,4,27
392992,393019,393023,4,27
392992,393001,393022,21,9
392992,393019,393023,4,27
392992,393019,393023,4,27
392992,393020,393023,3,28
392992,393019,393023,4,27
392992,393019,393023,4,27
392992,393019,393023,4,27
392992,393020,393023,3,28
392992,393003,393023,20,11
392992,393004,393024,20,12
392992,393020,393023,3,28
392992,393020,393024,4,28
392992,393018,393023,5,26
390538,390538,393037,2499,0
392992,393034,393038,4,42
392992,393035,393038,3,43
393049,393050,393052,2,1
393049,393050,393053,3,1
393049,393050,393054,4,1
393049,393050,393056,6,1
393049,393050,393056,6,1
393049,393050,393056,6,1
393049,393050,393056,6,1
393049,393050,393056,6,1
393049,393050,393056,6,1
393049,393050,393056,6,1
393049,393050,393056,6,1
393049,393050,393056,6,1
393049,393050,393056,6,1
393049,393050,393056,6,1
393049,393050,393056,6,1
393049,393050,393056,6,1
393049,393050,393056,6,1
393049,393050,393056,6,1
393049,393050,393056,6,1
393049,393050,393056,6,1
393049,393050,393057,7,1
393049,393053,393057,4,4
393049,393055,393058,3,6
393049,393057,393060,3,8
393049,393057,393060,3,8
393049,393057,393060,3,8
393049,393057,393061,4,8
393049,393057,393060,3,8
393049,393054,393060,6,5
393049,393058,393061,3,9
393049,393057,393061,4,8
393049,393057,393062,5,8
393049,393057,393061,4,8
393049,393057,393061,4,8
393049,393058,393062,4,9
393049,393057,393062,5,8
393049,393057,393062,5,8
393049,393057,393062,5,8
393049,393057,393062,5,8
393049,393050,393063,13,1
393049,393059,393064,5,10
393049,393057,393063,6,8
393049,393061,393064,3,12
393049,393062,393065,3,13
393049,393061,393066,5,12
393049,393061,393065,4,12
393049,393061,393065,4,12
393049,393061,393065,4,12
393049,393061,393066,5,12
393049,393062,393066,4,13
393049,393062,393066,4,13
393049,393063,393067,4,14
393049,393062,393067,5,13
393049,393062,393066,4,13
393049,393063,393067,4,14
393049,393063,393066,3,14
393049,393063,393068,5,14
393049,393063,393067,4,14
393049,393064,393069,5,15
393049,393065,393070,5,16
393049,393066,393070,4,17
393049,393066,393071,5,17
393049,393066,393070,4,17
393049,393066,393070,4,17
393049,393066,393070,4,17
393049,393064,393070,6,15
393049,393066,393071,5,17
393049,393067,393071,4,18
393049,393066,393070,4,17
393049,393066,393070,4,17
393049,393067,393071,4,18
393049,393067,393072,5,18
393049,393067,393072,5,18
393049,393067,393072,5,18
393049,393067,393072,5,18
393049,393067,393073,6,18
393049,393070,393073,3,21
393049,393071,393074,3,22
393049,393068,393074,6,19
393049,393069,393074,5,20
393049,393067,393073,6,18
393049,393068,393074,6,19
393049,393071,393075,4,22
393049,393071,393076,5,22
393049,393071,393076,5,22
393049,393071,393077,6,22
393049,393071,393077,6,22
393049,393071,393077,6,22
393049,393073,393077,4,24
393049,393072,393077,5,23
393049,393073,393077,4,24
393049,393071,393077,6,22
393049,393071,393077,6,22
393049,393074,393078,4,25
393049,393071,393077,6,22
393049,393074,393078,4,25
393049,393074,393078,4,25
393049,393075,393079,4,26
393049,393074,393078,4,25
393049,393073,393079,6,24
393049,393072,393079,7,23
393049,393074,393078,4,25
393049,393074,393079,5,25
393049,393074,393079,5,25
393049,393076,393080,4,27
393049,393075,393080,5,26
393049,393074,393080,6,25
393049,393077,393080,3,28
393049,393073,393081,8,24
393049,393077,393081,4,28
393049,393078,393081,3,29
393049,393077,393082,5,28
393049,393077,393082,5,28
393049,393077,393082,5,28
393049,393077,393082,5,28
393049,393078,393083,5,29
393049,393078,393082,4,29
393049,393078,393082,4,29
393049,393078,393082,4,29
393049,393079,393083,4,30
393049,393079,393083,4,30
393049,393078,393084,6,29
393049,393079,393085,6,30
393049,393080,393084,4,31
393049,393064,393084,20,15
393049,393081,393085,4,32
393049,393079,393084,5,30
393049,393081,393086,5,32
393049,393079,393086,7,30
393049,393080,393086,6,31
393049,393081,393086,5,32
393049,393082,393087,5,33
393049,393079,393087,8,30
393049,393081,393087,6,32
393049,393083,393087,4,34
393049,393082,393087,5,33
393049,393081,393087,6,32
393049,393083,393087,4,34
393049,393083,393087,4,34
393049,393083,393087,4,34
393049,393084,393087,3,35
393049,393081,393087,6,32
393049,393083,393088,5,34
393049,393083,393087,4,34
393049,393083,393087,4,34
393049,393083,393088,5,34
393049,393085,393088,3,36
393049,393085,393088,3,36
393049,393085,393088,3,36
393049,393085,393092,7,36
390546,390546,393128,2582,0
393129,393129,393132,3,0
393129,393129,393134,5,0
393129,393129,393134,5,0
393129,393129,393134,5,0
393129,393129,393134,5,0
393129,393129,393134,5,0
393129,393129,393134,5,0
393129,393129,393134,5,0
393129,393129,393134,5,0
393129,393129,393134,5,0
393129,393129,393134,5,0
393129,393129,393134,5,0
393129,393129,393134,5,0
393129,393129,393134,5,0
393129,393130,393134,4,1
393129,393129,393134,5,0
393129,393129,393134,5,0
393129,393129,393135,6,0
393129,393129,393135,6,0
393129,393130,393135,5,1
393129,393129,393135,6,0
393129,393133,393136,3,4
393129,393129,393136,7,0
390549,390549,393137,2588,0
393129,393135,393137,2,6
393129,393135,393137,2,6
393129,393135,393138,3,6
393129,393130,393137,7,1
393129,393129,393137,8,0
393129,393129,393138,9,0
393129,393135,393138,3,6
393129,393135,393138,3,6
393129,393135,393138,3,6
393129,393135,393138,3,6
393129,393135,393138,3,6
393129,393135,393138,3,6
393129,393135,393138,3,6
393129,393135,393138,3,6
393129,393135,393138,3,6
393129,393135,393138,3,6
393129,393135,393139,4,6
393129,393135,393140,5,6
393129,393137,393141,4,8
393129,393135,393140,5,6
393129,393137,393141,4,8
393129,393138,393141,3,9
393129,393139,393141,2,10
393129,393138,393141,3,9
393129,393139,393142,3,10
393129,393139,393141,2,10
393129,393136,393141,5,7
393129,393138,393141,3,9
393129,393138,393141,3,9
393129,393136,393141,5,7
393129,393138,393141,3,9
393129,393136,393141,5,7
393129,393138,393141,3,9
393129,393139,393142,3,10
393129,393139,393142,3,10
393129,393139,393142,3,10
393129,393139,393142,3,10
393129,393139,393142,3,10
393129,393139,393142,3,10
393129,393136,393143,7,7
393129,393141,393143,2,12
393129,393142,393144,2,13
393129,393141,393144,3,12
393129,393140,393144,4,11
393129,393140,393144,4,11
393129,393142,393144,2,13
393129,393139,393143,4,10
393129,393139,393143,4,10
393129,393142,393144,2,13
393129,393142,393144,2,13
393129,393143,393145,2,14
393129,393142,393145,3,13
393129,393142,393144,2,13
393129,393142,393145,3,13
393129,393142,393144,2,13
393129,393142,393144,2,13
393129,393142,393145,3,13
393129,393142,393145,3,13
393129,393143,393145,2,14
393129,393142,393145,3,13
393129,393142,393145,3,13
393129,393142,393145,3,13
393129,393144,393146,2,15
393129,393144,393145,1,15
393129,393144,393146,2,15
393129,393143,393145,2,14
393129,393143,393146,3,14
393129,393143,393145,2,14
393129,393144,393146,2,15
393129,393144,393146,2,15
393129,393144,393146,2,15
393129,393144,393146,2,15
393129,393145,393146,1,16
393129,393145,393146,1,16
393129,393145,393147,2,16
393129,393145,393147,2,16
393129,393144,393147,3,15
393129,393145,393147,2,16
393129,393145,393146,1,16
393129,393145,393146,1,16
393129,393145,393147,2,16
393129,393145,393147,2,16
393129,393145,393147,2,16
393129,393144,393146,2,15
393129,393146,393147,1,17
393129,393146,393147,1,17
393129,393146,393147,1,17
393129,393146,393147,1,17
393129,393146,393147,1,17
393129,393145,393147,2,16
393129,393145,393147,2,16
393129,393145,393147,2,16
393129,393145,393147,2,16
393129,393146,393149,3,17
393129,393146,393149,3,17
393129,393146,393149,3,17
393129,393146,393149,3,17
393129,393147,393149,2,18
393129,393147,393151,4,18
393129,393147,393151,4,18
393129,393147,393151,4,18
393129,393147,393151,4,18
393129,393146,393150,4,17
393129,393147,393151,4,18
393129,393147,393151,4,18
393129,393148,393152,4,19
393129,393147,393151,4,18
393129,393147,393151,4,18
393129,393148,393152,4,19
393129,393147,393151,4,18
393129,393148,393152,4,19
393129,393147,393151,4,18
393129,393147,393152,5,18
393129,393148,393152,4,19
393129,393148,393152,4,19
393129,393150,393153,3,21
393129,393148,393153,5,19
393129,393148,393153,5,19
393129,393148,393153,5,19
393138,393151,393153,2,13
393129,393148,393153,5,19
393129,393150,393153,3,21
393129,393150,393153,3,21
393129,393150,393154,4,21
393138,393152,393154,2,14
393138,393152,393155,3,14
393129,393150,393154,4,21
393129,393151,393155,4,22
393129,393151,393155,4,22
393129,393151,393154,3,22
393138,393152,393155,3,14
393138,393152,393155,3,14
393138,393152,393155,3,14
393138,393152,393155,3,14
393138,393152,393155,3,14
393138,393152,393155,3,14
393138,393153,393156,3,15
393138,393152,393155,3,14
393138,393153,393155,2,15
393138,393154,393156,2,16
393138,393154,393156,2,16
393138,393154,393156,2,16
393138,393153,393156,3,15
393138,393152,393155,3,14
393138,393153,393156,3,15
393138,393153,393156,3,15
393138,393153,393156,3,15
393138,393153,393156,3,15
393138,393155,393157,2,17
393138,393154,393156,2,16
393138,393155,393157,2,17
393138,393155,393157,2,17
393138,393155,393157,2,17
393138,393155,393156,1,17
393138,393156,393157,1,18
393138,393156,393157,1,18
393138,393156,393157,1,18
393138,393156,393158,2,18
393138,393156,393158,2,18
393138,393156,393158,2,18
393138,393156,393158,2,18
393138,393156,393158,2,18
393138,393156,393158,2,18
393138,393157,393158,1,19
393138,393156,393158,2,18
393138,393155,393158,3,17
393138,393157,393159,2,19
393138,393157,393159,2,19
393138,393157,393159,2,19
393138,393157,393159,2,19
393138,393157,393159,2,19
393138,393157,393159,2,19
393138,393157,393160,3,19
393138,393157,393160,3,19
393138,393159,393160,1,21
393138,393158,393160,2,20
393138,393158,393160,2,20
393138,393158,393160,2,20
393138,393158,393160,2,20
393138,393157,393160,3,19
393138,393158,393160,2,20
393138,393158,393160,2,20
393138,393159,393161,2,21
393138,393158,393162,4,20
393138,393159,393162,3,21
393138,393159,393163,4,21
393138,393158,393162,4,20
393138,393158,393163,5,20
393138,393159,393163,4,21
393138,393155,393164,9,17
393138,393160,393164,4,22
393138,393159,393164,5,21
393138,393161,393164,3,23
393138,393160,393164,4,22
393138,393160,393164,4,22
393138,393160,393164,4,22
393138,393160,393164,4,22
393138,393161,393165,4,23
393138,393161,393165,4,23
393138,393159,393164,5,21
393138,393161,393165,4,23
393138,393161,393165,4,23
393138,393155,393165,10,17
393138,393163,393165,2,25
393138,393161,393165,4,23
393138,393161,393165,4,23
393138,393162,393166,4,24
393138,393161,393165,4,23
393138,393163,393165,2,25
393138,393161,393165,4,23
393138,393163,393166,3,25
393138,393163,393165,2,25
393138,393164,393166,2,26
393138,393165,393167,2,27
393138,393164,393166,2,26
393138,393165,393167,2,27
393138,393165,393167,2,27
393138,393165,393167,2,27
393138,393165,393167,2,27
393138,393165,393167,2,27
393138,393166,393168,2,28
393138,393166,393168,2,28
393138,393166,393167,1,28
393138,393166,393167,1,28
393138,393166,393167,1,28
393138,393166,393167,1,28
393138,393165,393167,2,27
393138,393165,393167,2,27
393138,393165,393167,2,27
393138,393165,393167,2,27
393138,393165,393167,2,27
393138,393166,393168,2,28
393138,393166,393168,2,28
393138,393165,393168,3,27
393138,393167,393168,1,29
393138,393167,393169,2,29
393138,393167,393169,2,29
393138,393167,393169,2,29
393138,393167,393169,2,29
393138,393166,393169,3,28
393138,393167,393169,2,29
393138,393168,393170,2,30
393138,393168,393170,2,30
393138,393168,393170,2,30
393138,393168,393169,1,30
393138,393168,393170,2,30
393138,393168,393169,1,30
393138,393169,393170,1,31
393138,393168,393170,2,30
393138,393168,393170,2,30
393138,393168,393170,2,30
393138,393168,393170,2,30
393138,393168,393170,2,30
393138,393168,393170,2,30
393138,393167,393170,3,29
393138,393168,393170,2,30
393138,393168,393170,2,30
393138,393168,393170,2,30
393138,393169,393171,2,31
393138,393169,393171,2,31
393138,393169,393171,2,31
393138,393169,393171,2,31
393138,393170,393171,1,32
393138,393164,393171,7,26
393138,393166,393171,5,28
393138,393170,393172,2,32
393138,393170,393172,2,32
393138,393170,393172,2,32
393138,393170,393172,2,32
393138,393170,393171,1,32
393138,393170,393171,1,32
393138,393170,393171,1,32
393138,393170,393172,2,32
393138,393170,393172,2,32
393138,393170,393172,2,32
393138,393170,393172,2,32
393138,393170,393172,2,32
390559,390559,393174,2615,0
393182,393183,393184,1,1
393182,393182,393185,3,0
393182,393182,393185,3,0
393182,393182,393185,3,0
393182,393182,393185,3,0
393182,393182,393185,3,0
393182,393182,393184,2,0
393182,393182,393185,3,0
393182,393182,393184,2,0
393182,393182,393185,3,0
393182,393182,393185,3,0
393182,393182,393185,3,0
393182,393182,393185,3,0
393182,393182,393185,3,0
393182,393182,393185,3,0
393182,393182,393185,3,0
393182,393182,393185,3,0
393182,393182,393185,3,0
393182,393182,393185,3,0
393182,393183,393184,1,1
393182,393185,393187,2,3
393182,393185,393187,2,3
393182,393186,393187,1,4
393182,393186,393187,1,4
393182,393186,393187,1,4
393182,393186,393187,1,4
393182,393186,393187,1,4
393182,393186,393187,1,4
393182,393186,393187,1,4
393182,393186,393187,1,4
393182,393186,393188,2,4
393182,393186,393188,2,4
393182,393186,393188,2,4
393182,393186,393188,2,4
393182,393182,393190,8,0
393182,393187,393190,3,5
393182,393187,393190,3,5
393182,393186,393190,4,4
393182,393186,393191,5,4
393182,393186,393190,4,4
393182,393186,393191,5,4
393182,393187,393191,4,5
393182,393182,393191,9,0
393182,393182,393191,9,0
393182,393188,393191,3,6
393182,393188,393191,3,6
393182,393188,393191,3,6
393182,393188,393191,3,6
393182,393188,393191,3,6
393182,393188,393191,3,6
393182,393188,393191,3,6
393182,393188,393192,4,6
393182,393182,393192,10,0
393182,393188,393193,5,6
393182,393189,393193,4,7
393182,393191,393193,2,9
393182,393182,393193,11,0
393182,393191,393193,2,9
393182,393192,393194,2,10
393182,393189,393193,4,7
393182,393189,393193,4,7
393182,393191,393193,2,9
393182,393192,393194,2,10
393182,393192,393194,2,10
393182,393189,393193,4,7
393182,393191,393193,2,9
393182,393191,393194,3,9
393182,393191,393193,2,9
393182,393191,393194,3,9
393182,393192,393194,2,10
393182,393192,393195,3,10
393182,393193,393196,3,11
393182,393193,393195,2,11
393182,393192,393195,3,10
393182,393192,393195,3,10
393182,393194,393196,2,12
393182,393193,393195,2,11
393182,393194,393196,2,12
393182,393193,393195,2,11
393182,393194,393196,2,12
393182,393194,393196,2,12
393182,393194,393196,2,12
393182,393194,393196,2,12
393182,393194,393196,2,12
393182,393195,393197,2,13
393182,393194,393198,4,12
393182,393194,393198,4,12
393182,393194,393199,5,12
393182,393194,393199,5,12
393182,393195,393199,4,13
393182,393196,393200,4,14
393182,393196,393200,4,14
393182,393194,393200,6,12
393182,393196,393200,4,14
393182,393196,393200,4,14
393182,393196,393200,4,14
393182,393196,393200,4,14
393182,393197,393200,3,15
393182,393196,393201,5,14
393182,393197,393201,4,15
393182,393197,393201,4,15
393182,393198,393201,3,16
393182,393199,393202,3,17
393182,393197,393202,5,15
393182,393197,393201,4,15
393182,393196,393201,5,14
393182,393199,393202,3,17
393182,393200,393203,3,18
393182,393201,393203,2,19
393182,393199,393202,3,17
393182,393199,393203,4,17
393182,393200,393203,3,18
393182,393201,393204,3,19
393182,393191,393204,13,9
393182,393200,393203,3,18
393182,393201,393203,2,19
393182,393202,393204,2,20
393182,393202,393203,1,20
393182,393200,393203,3,18
393182,393201,393204,3,19
393182,393202,393204,2,20
393182,393202,393204,2,20
393182,393202,393204,2,20
393182,393202,393204,2,20
393182,393201,393204,3,19
393182,393202,393204,2,20
393182,393200,393203,3,18
393182,393194,393205,11,12
393182,393203,393205,2,21
393182,393203,393205,2,21
393182,393203,393205,2,21
393182,393203,393205,2,21
393182,393203,393205,2,21
393182,393193,393205,12,11
393182,393204,393206,2,22
393182,393204,393205,1,22
393182,393203,393206,3,21
393182,393204,393206,2,22
393182,393204,393207,3,22
393182,393204,393208,4,22
393182,393204,393208,4,22
393182,393204,393209,5,22
393182,393204,393209,5,22
393182,393204,393212,8,22
393182,393204,393212,8,22
393182,393204,393217,13,22
393182,393234,393239,5,52
390540,390540,393279,2739,0
393280,393280,393281,1,0
393280,393280,393281,1,0
393280,393280,393282,2,0
393280,393280,393281,1,0
393280,393280,393282,2,0
393280,393280,393282,2,0
393280,393280,393282,2,0
393280,393280,393282,2,0
393280,393280,393282,2,0
393280,393280,393282,2,0
393280,393280,393282,2,0
393280,393280,393281,1,0
393280,393281,393282,1,1
393280,393280,393281,1,0
393280,393281,393282,1,1
393280,393280,393282,2,0
393280,393280,393282,2,0
393280,393280,393282,2,0
393280,393280,393282,2,0
393280,393280,393282,2,0
393182,393234,393239,5,52
393280,393282,393286,4,2
393280,393282,393286,4,2
393280,393282,393286,4,2
393280,393282,393286,4,2
393280,393282,393286,4,2
393280,393282,393286,4,2
393280,393282,393286,4,2
393280,393282,393286,4,2
393280,393282,393286,4,2
393280,393282,393286,4,2
393280,393282,393286,4,2
393280,393282,393287,5,2
393280,393282,393286,4,2
393280,393282,393289,7,2
393280,393286,393289,3,6
393280,393283,393289,6,3
393280,393282,393289,7,2
393280,393282,393289,7,2
393280,393282,393289,7,2
393280,393286,393290,4,6
393280,393286,393290,4,6
393280,393286,393290,4,6
393280,393286,393290,4,6
393280,393286,393291,5,6
393280,393286,393291,5,6
393280,393286,393291,5,6
393280,393286,393291,5,6
393280,393286,393292,6,6
393280,393286,393292,6,6
393280,393289,393292,3,9
393280,393286,393292,6,6
393280,393286,393292,6,6
393280,393287,393292,5,7
393280,393287,393292,5,7
393280,393289,393293,4,9
393280,393289,393293,4,9
393280,393289,393293,4,9
393280,393280,393294,14,0
393280,393289,393293,4,9
393280,393289,393294,5,9
393280,393292,393295,3,12
393280,393280,393295,15,0
393280,393292,393294,2,12
393280,393290,393294,4,10
393280,393290,393294,4,10
393280,393291,393294,3,11
393280,393290,393294,4,10
393280,393290,393294,4,10
393280,393292,393295,3,12
393280,393292,393296,4,12
393280,393292,393296,4,12
393280,393292,393296,4,12
393280,393292,393296,4,12
393280,393292,393296,4,12
393280,393292,393296,4,12
393280,393292,393297,5,12
393280,393295,393297,2,15
393280,393295,393297,2,15
393280,393295,393297,2,15
393280,393294,393297,3,14
393280,393294,393297,3,14
393280,393294,393297,3,14
393280,393295,393297,2,15
393280,393293,393297,4,13
393280,393296,393298,2,16
393280,393296,393298,2,16
393280,393295,393297,2,15
393280,393295,393298,3,15
393280,393295,393298,3,15
393280,393296,393298,2,16
393280,393296,393298,2,16
393280,393296,393298,2,16
393280,393297,393298,1,17
393280,393295,393299,4,15
393280,393297,393299,2,17
393280,393297,393299,2,17
393280,393297,393299,2,17
393280,393297,393299,2,17
393280,393296,393299,3,16
393280,393298,393300,2,18
393280,393298,393300,2,18
393280,393294,393300,6,14
393280,393295,393300,5,15
393280,393298,393300,2,18
393280,393299,393300,1,19
393280,393297,393300,3,17
393280,393299,393300,1,19
393280,393298,393300,2,18
393280,393298,393300,2,18
393280,393298,393300,2,18
393280,393299,393300,1,19
393280,393299,393301,2,19
393280,393299,393301,2,19
393280,393299,393302,3,19
393280,393299,393302,3,19
393280,393299,393302,3,19
393280,393300,393303,3,20
393280,393300,393304,4,20
393280,393300,393304,4,20
393280,393300,393304,4,20
393280,393300,393304,4,20
393280,393301,393304,3,21
393280,393301,393304,3,21
393280,393302,393304,2,22
393280,393301,393304,3,21
393280,393301,393305,4,21
393280,393301,393304,3,21
393280,393299,393304,5,19
393280,393299,393304,5,19
393280,393300,393305,5,20
393280,393302,393306,4,22
393280,393301,393306,5,21
393280,393300,393306,6,20
393280,393303,393306,3,23
393280,393304,393306,2,24
393280,393303,393307,4,23
393280,393303,393306,3,23
393280,393303,393306,3,23
393280,393301,393306,5,21
393280,393301,393306,5,21
393280,393305,393307,2,25
393280,393305,393307,2,25
393280,393305,393308,3,25
393280,393305,393307,2,25
393280,393304,393308,4,24
393280,393304,393308,4,24
393280,393304,393309,5,24
390543,390543,393313,2770,0
393314,393314,393315,1,0
393314,393314,393315,1,0
393314,393314,393315,1,0
393314,393314,393316,2,0
393314,393314,393316,2,0
393314,393314,393316,2,0
393314,393314,393316,2,0
393314,393314,393316,2,0
393314,393314,393316,2,0
393314,393314,393316,2,0
393314,393314,393316,2,0
393314,393314,393316,2,0
393314,393314,393316,2,0
393314,393314,393316,2,0
393314,393314,393316,2,0
393314,393314,393317,3,0
393314,393316,393319,3,2
393314,393314,393319,5,0
393314,393316,393319,3,2
393314,393316,393319,3,2
393314,393316,393319,3,2
393314,393316,393319,3,2
393314,393316,393319,3,2
393314,393316,393319,3,2
393314,393314,393319,5,0
393314,393314,393319,5,0
393314,393316,393320,4,2
393314,393316,393320,4,2
393314,393316,393321,5,2
393314,393316,393321,5,2
393314,393316,393321,5,2
393314,393316,393321,5,2
393314,393316,393321,5,2
393314,393319,393322,3,5
393314,393317,393321,4,3
393314,393317,393322,5,3
393314,393319,393324,5,5
393314,393319,393324,5,5
393314,393319,393324,5,5
393314,393314,393324,10,0
393314,393322,393325,3,8
393314,393319,393324,5,5
393314,393320,393325,5,6
393314,393319,393324,5,5
393314,393321,393325,4,7
393314,393321,393325,4,7
393314,393319,393325,6,5
393314,393321,393325,4,7
393314,393319,393324,5,5
393314,393320,393325,5,6
393314,393319,393325,6,5
393314,393314,393325,11,0
393314,393321,393326,5,7
393314,393321,393326,5,7
393314,393322,393326,4,8
393314,393319,393326,7,5
393314,393314,393326,12,0
393280,393324,393327,3,44
393280,393324,393327,3,44
393314,393324,393327,3,10
393314,393324,393327,3,10
393314,393322,393327,5,8
393314,393325,393328,3,11
393280,393324,393327,3,44
393314,393325,393327,2,11
393314,393325,393327,2,11
393314,393324,393327,3,10
393314,393325,393328,3,11
393314,393325,393328,3,11
393314,393325,393328,3,11
393314,393326,393328,2,12
393314,393326,393328,2,12
393314,393325,393328,3,11
393314,393326,393328,2,12
393314,393325,393328,3,11
393314,393325,393329,4,11
390564,390565,393328,2763,1
393314,393327,393329,2,13
393314,393328,393330,2,14
393314,393327,393329,2,13
393314,393328,393330,2,14
393314,393327,393329,2,13
393314,393328,393330,2,14
393314,393327,393330,3,13
393314,393327,393330,3,13
393314,393328,393330,2,14
393314,393326,393330,4,12
393314,393327,393330,3,13
393314,393329,393331,2,15
393314,393329,393331,2,15
393314,393329,393331,2,15
393314,393329,393331,2,15
393314,393329,393332,3,15
393314,393328,393332,4,14
393314,393328,393332,4,14
393314,393328,393332,4,14
393314,393329,393332,3,15
393314,393329,393332,3,15
393314,393329,393332,3,15
393314,393330,393334,4,16
393314,393328,393334,6,14
393314,393330,393334,4,16
393314,393330,393335,5,16
393314,393330,393335,5,16
393314,393330,393335,5,16
393314,393330,393335,5,16
393314,393331,393335,4,17
393314,393332,393336,4,18
393314,393332,393336,4,18
393314,393331,393336,5,17
393314,393333,393336,3,19
393314,393331,393336,5,17
393314,393331,393336,5,17
393314,393331,393336,5,17
393314,393331,393336,5,17
393314,393333,393336,3,19
393314,393332,393336,4,18
393314,393332,393336,4,18
393314,393326,393337,11,12
393314,393336,393337,1,22
393314,393336,393338,2,22
393314,393335,393337,2,21
393314,393336,393337,1,22
393314,393333,393337,4,19
393314,393333,393337,4,19
393314,393333,393337,4,19
393314,393333,393337,4,19
393314,393335,393338,3,21
393314,393325,393338,13,11
393314,393327,393337,10,13
393314,393335,393338,3,21
393314,393337,393338,1,23
393314,393335,393338,3,21
393314,393336,393338,2,22
393314,393336,393339,3,22
393314,393337,393339,2,23
393314,393336,393339,3,22
393314,393338,393339,1,24
393314,393338,393339,1,24
393314,393338,393339,1,24
393314,393338,393339,1,24
393314,393337,393339,2,23
393314,393337,393339,2,23
393314,393337,393339,2,23
393314,393337,393340,3,23
393314,393337,393340,3,23
393314,393337,393339,2,23
393314,393338,393340,2,24
393337,393339,393340,1,2
393314,393338,393340,2,24
393314,393337,393339,2,23
393337,393339,393340,1,2
393314,393338,393340,2,24
393314,393338,393340,2,24
393337,393339,393341,2,2
393337,393339,393342,3,2
393337,393339,393341,2,2
393337,393340,393342,2,3
393337,393340,393342,2,3
393337,393340,393342,2,3
393337,393340,393342,2,3
393337,393340,393342,2,3
393337,393340,393342,2,3
393314,393338,393342,4,24
393337,393339,393343,4,2
393337,393340,393344,4,3
393337,393340,393345,5,3
393337,393340,393345,5,3
393337,393340,393345,5,3
393337,393340,393346,6,3
393337,393340,393346,6,3
393337,393342,393346,4,5
393337,393342,393346,4,5
393337,393343,393347,4,6
393337,393343,393346,3,6
393337,393343,393347,4,6
393337,393341,393347,6,4
393337,393340,393347,7,3
393337,393340,393346,6,3
393337,393343,393347,4,6
393337,393343,393347,4,6
393337,393341,393347,6,4
393337,393343,393347,4,6
393337,393341,393347,6,4
393337,393343,393347,4,6
393337,393340,393347,7,3
393337,393345,393349,4,8
393337,393345,393349,4,8
393337,393344,393349,5,7
393337,393344,393349,5,7
393337,393342,393349,7,5
393337,393345,393349,4,8
393337,393346,393350,4,9
393337,393346,393351,5,9
393314,393337,393351,14,23
393337,393347,393351,4,10
393337,393347,393351,4,10
393337,393347,393351,4,10
393337,393348,393351,3,11
393337,393347,393351,4,10
393337,393348,393352,4,11
393337,393346,393351,5,9
393337,393348,393352,4,11
393337,393349,393352,3,12
393337,393346,393351,5,9
393337,393347,393352,5,10
393337,393347,393351,4,10
393337,393347,393351,4,10
393337,393348,393352,4,11
393337,393348,393352,4,11
393337,393348,393352,4,11
393337,393349,393352,3,12
393337,393350,393353,3,13
393337,393349,393353,4,12
393337,393351,393353,2,14
393337,393350,393353,3,13
393337,393352,393353,1,15
393337,393352,393353,1,15
393337,393352,393354,2,15
393337,393352,393353,1,15
390557,390557,393354,2797,0
393337,393352,393354,2,15
393337,393349,393354,5,12
393337,393350,393354,4,13
393337,393352,393355,3,15
393337,393353,393355,2,16
390538,390538,393354,2816,0
393337,393352,393355,3,15
393337,393352,393355,3,15
393337,393353,393355,2,16
393337,393352,393355,3,15
393337,393352,393355,3,15
393337,393353,393355,2,16
393337,393353,393355,2,16
393337,393353,393355,2,16
393337,393353,393355,2,16
393337,393352,393355,3,15
393337,393354,393355,1,17
393337,393353,393356,3,16
393337,393353,393356,3,16
393337,393355,393356,1,18
393337,393353,393356,3,16
393337,393354,393357,3,17
393337,393354,393357,3,17
393337,393354,393356,2,17
393337,393354,393358,4,17
393337,393355,393358,3,18
393337,393354,393359,5,17
393337,393354,393359,5,17
393337,393356,393359,3,19
393337,393356,393360,4,19
393337,393356,393362,6,19
393337,393356,393362,6,19
393337,393357,393362,5,20
393337,393356,393361,5,19
393337,393355,393361,6,18
393337,393355,393362,7,18
393337,393355,393361,6,18
393337,393356,393362,6,19
393337,393357,393362,5,20
393337,393357,393362,5,20
393337,393357,393362,5,20
393337,393355,393361,6,18
393337,393355,393361,6,18
393337,393355,393361,6,18
393337,393355,393361,6,18
393337,393355,393361,6,18
393337,393357,393362,5,20
393337,393357,393362,5,20
393337,393359,393363,4,22
393337,393361,393363,2,24
393337,393360,393365,5,23
393337,393362,393366,4,25
393337,393362,393366,4,25
393337,393362,393366,4,25
393337,393362,393366,4,25
393337,393362,393366,4,25
393337,393360,393366,6,23
393337,393360,393366,6,23
393337,393362,393366,4,25
393337,393362,393366,4,25
393337,393362,393366,4,25
393337,393362,393366,4,25
393337,393357,393366,9,20
393337,393359,393366,7,22
393337,393362,393366,4,25
393337,393362,393366,4,25
393337,393362,393367,5,25
393337,393363,393367,4,26
393337,393363,393368,5,26
393337,393362,393368,6,25
393337,393362,393368,6,25
393337,393362,393368,6,25
393337,393364,393369,5,27
393337,393362,393368,6,25
393337,393366,393369,3,29
393337,393363,393368,5,26
393337,393365,393369,4,28
393337,393366,393369,3,29
393337,393366,393370,4,29
393337,393367,393371,4,30
393337,393366,393372,6,29
393369,393369,393373,4,0
393337,393367,393373,6,30
393369,393369,393373,4,0
393369,393369,393373,4,0
393369,393369,393373,4,0
393369,393369,393373,4,0
393369,393369,393374,5,0
393369,393369,393373,4,0
393369,393369,393374,5,0
393369,393370,393374,4,1
393369,393369,393374,5,0
393369,393369,393374,5,0
393369,393369,393374,5,0
393369,393369,393374,5,0
393369,393369,393374,5,0
393369,393369,393374,5,0
393369,393369,393375,6,0
393369,393369,393375,6,0
393369,393369,393375,6,0
393369,393374,393376,2,5
393369,393372,393376,4,3
393369,393369,393375,6,0
393369,393374,393376,2,5
393369,393374,393376,2,5
393369,393369,393376,7,0
393369,393373,393376,3,4
393337,393367,393376,9,30
393369,393375,393376,1,6
393369,393374,393376,2,5
393369,393374,393377,3,5
393369,393374,393376,2,5
393369,393374,393376,2,5
393369,393374,393376,2,5
393369,393374,393376,2,5
393369,393374,393376,2,5
393369,393375,393377,2,6
393369,393376,393377,1,7
393369,393375,393377,2,6
393369,393375,393377,2,6
393369,393375,393377,2,6
393369,393376,393378,2,7
393337,393338,393352,14,1
393369,393375,393378,3,6
393369,393376,393379,3,7
393369,393376,393379,3,7
393369,393376,393380,4,7
393369,393376,393380,4,7
393369,393377,393381,4,8
393369,393376,393381,5,7
393369,393377,393382,5,8
393369,393377,393382,5,8
393369,393377,393382,5,8
393369,393377,393382,5,8
393369,393377,393383,6,8
393369,393377,393383,6,8
393369,393376,393383,7,7
393369,393377,393384,7,8
393369,393377,393386,9,8
393369,393378,393387,9,9
393369,393377,393387,10,8
393369,393377,393388,11,8
393369,393378,393388,10,9
393369,393381,393387,6,12
393369,393378,393387,9,9
393369,393381,393388,7,12
393369,393382,393388,6,13
393369,393379,393388,9,10
393369,393380,393389,9,11
393369,393379,393388,9,10
393369,393383,393389,6,14
393369,393381,393389,8,12
393369,393379,393390,11,10
393369,393378,393390,12,9
393369,393383,393392,9,14
393369,393383,393393,10,14
393369,393383,393393,10,14
393369,393383,393393,10,14
393369,393388,393393,5,19
393369,393384,393393,9,15
393369,393387,393393,6,18
393369,393388,393393,5,19
393369,393383,393393,10,14
393369,393384,393394,10,15
393369,393389,393395,6,20
393369,393389,393395,6,20
393369,393389,393396,7,20
393369,393388,393396,8,19
393369,393389,393397,8,20
393369,393388,393396,8,19
393369,393393,393397,4,24
393369,393389,393397,8,20
393369,393388,393398,10,19
393369,393391,393398,7,22
393369,393390,393397,7,21
393369,393394,393398,4,25
393369,393388,393397,9,19
393369,393390,393398,8,21
393369,393389,393398,9,20
393369,393393,393398,5,24
393369,393393,393398,5,24
393369,393393,393398,5,24
393369,393392,393398,6,23
393369,393393,393398,5,24
393369,393393,393398,5,24
393369,393395,393398,3,26
393369,393396,393399,3,27
393369,393393,393399,6,24
393369,393396,393399,3,27
393369,393397,393399,2,28
393369,393394,393400,6,25
393369,393398,393400,2,29
393369,393399,393400,1,30
393369,393397,393401,4,28
393369,393398,393401,3,29
393369,393398,393400,2,29
393369,393397,393400,3,28
393369,393398,393401,3,29
393369,393398,393401,3,29
393369,393398,393401,3,29
393369,393398,393401,3,29
393369,393399,393401,2,30
393369,393399,393401,2,30
393369,393399,393401,2,30
393369,393400,393402,2,31
393369,393400,393401,1,31
393369,393397,393401,4,28
393369,393398,393401,3,29
393369,393400,393402,2,31
393369,393377,393402,25,8
393369,393398,393402,4,29
393369,393398,393401,3,29
393369,393398,393402,4,29
393369,393400,393402,2,31
393369,393401,393402,1,32
393369,393401,393402,1,32
393369,393401,393403,2,32
393369,393401,393403,2,32
393369,393400,393403,3,31
393369,393402,393403,1,33
393369,393402,393403,1,33
393369,393402,393403,1,33
393369,393402,393404,2,33
393369,393401,393403,2,32
393369,393402,393404,2,33
393369,393402,393404,2,33
393369,393402,393404,2,33
393369,393401,393404,3,32
393369,393401,393404,3,32
393369,393401,393404,3,32
393369,393402,393404,2,33
393369,393402,393404,2,33
393369,393403,393405,2,34
393369,393402,393405,3,33
393369,393403,393405,2,34
393369,393403,393405,2,34
393369,393402,393405,3,33
393369,393402,393405,3,33
393369,393403,393406,3,34
393369,393403,393407,4,34
393369,393404,393408,4,35
393369,393404,393408,4,35
393369,393403,393407,4,34
393369,393404,393409,5,35
393369,393404,393409,5,35
393369,393404,393409,5,35
393369,393404,393409,5,35
393369,393405,393409,4,36
393369,393405,393409,4,36
393369,393405,393410,5,36
393369,393405,393410,5,36
393369,393405,393410,5,36
393369,393405,393410,5,36
393369,393406,393411,5,37
393369,393406,393411,5,37
393369,393406,393411,5,37
393369,393406,393411,5,37
393369,393404,393411,7,35
393369,393404,393411,7,35
393369,393404,393412,8,35
393369,393408,393413,5,39
393369,393407,393413,6,38
393369,393409,393414,5,40
393369,393408,393414,6,39
393369,393406,393414,8,37
393369,393407,393414,7,38
393369,393409,393415,6,40
393369,393410,393415,5,41
393369,393410,393415,5,41
393369,393409,393414,5,40
393369,393410,393415,5,41
393369,393410,393414,4,41
393369,393408,393414,6,39
393369,393411,393415,4,42
393369,393411,393415,4,42
393369,393411,393416,5,42
393369,393411,393416,5,42
393369,393411,393417,6,42
393369,393411,393417,6,42
393369,393411,393418,7,42
393369,393413,393419,6,44
393369,393415,393419,4,46
393369,393414,393419,5,45
393369,393412,393420,8,43
393369,393412,393420,8,43
393369,393415,393420,5,46
393369,393415,393420,5,46
393369,393415,393420,5,46
393369,393415,393420,5,46
393369,393415,393420,5,46
393369,393416,393420,4,47
393369,393416,393420,4,47
393369,393402,393420,18,33
393369,393415,393420,5,46
393369,393416,393421,5,47
393369,393415,393423,8,46
393369,393415,393423,8,46
393369,393415,393423,8,46
393369,393412,393422,10,43
393369,393415,393423,8,46
393369,393417,393423,6,48
393369,393418,393423,5,49
393369,393420,393423,3,51
393369,393416,393423,7,47
393369,393420,393423,3,51
393369,393420,393423,3,51
393369,393421,393423,2,52
393369,393417,393423,6,48
393369,393420,393424,4,51
393369,393421,393424,3,52
393369,393420,393424,4,51
393369,393421,393424,3,52
393369,393420,393424,4,51
393369,393421,393424,3,52
393369,393421,393425,4,52
393369,393379,393425,46,10
393369,393420,393424,4,51
393369,393420,393424,4,51
393369,393423,393425,2,54
393369,393423,393425,2,54
393369,393422,393425,3,53
393369,393424,393425,1,55
393369,393424,393426,2,55
393369,393424,393425,1,55
393369,393424,393425,1,55
393369,393424,393426,2,55
393337,393379,393426,47,42
393369,393423,393426,3,54
393369,393423,393425,2,54
393369,393424,393426,2,55
393369,393423,393425,2,54
393369,393424,393426,2,55
393369,393423,393426,3,54
393369,393425,393426,1,56
393369,393425,393427,2,56
393369,393425,393427,2,56
393369,393424,393427,3,55
393369,393425,393427,2,56
393369,393425,393427,2,56
393369,393423,393427,4,54
393369,393426,393427,1,57
393369,393426,393427,1,57
393369,393425,393427,2,56
393369,393426,393427,1,57
393369,393426,393429,3,57
393369,393423,393429,6,54
393369,393426,393431,5,57
393369,393427,393431,4,58
393369,393427,393431,4,58
393369,393425,393431,6,56
393369,393425,393431,6,56
393369,393426,393431,5,57
393369,393426,393431,5,57
393369,393426,393431,5,57
393369,393427,393431,4,58
393369,393426,393431,5,57
393369,393426,393431,5,57
393369,393427,393431,4,58
393369,393428,393432,4,59
393369,393426,393431,5,57
393369,393427,393432,5,58
393369,393426,393432,6,57
393369,393427,393432,5,58
393369,393428,393432,4,59
393369,393429,393432,3,60
393369,393428,393432,4,59
393369,393428,393432,4,59
393369,393432,393433,1,63
393369,393432,393433,1,63
393369,393432,393433,1,63
393369,393432,393433,1,63
393369,393432,393434,2,63
393369,393428,393433,5,59
393369,393430,393433,3,61
393369,393432,393433,1,63
393369,393432,393434,2,63
393369,393431,393434,3,62
393369,393431,393433,2,62
393369,393431,393433,2,62
393369,393432,393434,2,63
393369,393432,393434,2,63
393369,393432,393434,2,63
393369,393421,393435,14,52
393369,393425,393437,12,56
393369,393426,393439,13,57
390544,390544,393455,2911,0
393510,393510,393514,4,0
393510,393510,393514,4,0
393510,393510,393514,4,0
393510,393510,393514,4,0
393510,393510,393514,4,0
393510,393510,393514,4,0
393510,393510,393514,4,0
393510,393510,393515,5,0
393510,393510,393515,5,0
393510,393510,393516,6,0
393510,393510,393515,5,0
393510,393510,393516,6,0
393510,393510,393516,6,0
393510,393510,393516,6,0
393510,393510,393516,6,0
393510,393510,393516,6,0
393510,393510,393516,6,0
393510,393510,393516,6,0
393510,393510,393516,6,0
393510,393510,393516,6,0
393510,393510,393516,6,0
393510,393510,393516,6,0
393510,393510,393518,8,0
393510,393514,393520,6,4
393510,393514,393520,6,4
393510,393514,393520,6,4
393510,393514,393520,6,4
393510,393514,393520,6,4
393510,393511,393521,10,1
393510,393511,393520,9,1
393510,393516,393521,5,6
393510,393516,393521,5,6
393510,393514,393521,7,4
393510,393514,393521,7,4
393510,393516,393521,5,6
393510,393516,393521,5,6
393510,393516,393522,6,6
393510,393517,393524,7,7
393510,393517,393523,6,7
393510,393516,393524,8,6
393510,393516,393524,8,6
393510,393516,393524,8,6
393510,393521,393524,3,11
393510,393521,393524,3,11
393510,393516,393524,8,6
393510,393517,393524,7,7
393510,393516,393525,9,6
393510,393516,393525,9,6
393510,393517,393525,8,7
393510,393521,393525,4,11
393510,393521,393525,4,11
393510,393522,393526,4,12
393510,393519,393526,7,9
393510,393521,393526,5,11
393510,393522,393527,5,12
393510,393522,393527,5,12
393510,393522,393527,5,12
393510,393522,393527,5,12
393510,393522,393527,5,12
393510,393524,393528,4,14
393510,393524,393528,4,14
393510,393524,393528,4,14
393510,393525,393528,3,15
393510,393525,393528,3,15
393510,393525,393528,3,15
393510,393523,393528,5,13
393510,393521,393528,7,11
393510,393521,393528,7,11
393510,393525,393529,4,15
393510,393525,393529,4,15
393510,393526,393530,4,16
393510,393526,393530,4,16
393510,393526,393530,4,16
393510,393527,393531,4,17
393510,393526,393531,5,16
393510,393526,393532,6,16
393510,393526,393531,5,16
393510,393528,393531,3,18
393510,393528,393532,4,18
393510,393528,393532,4,18
393510,393528,393532,4,18
393510,393525,393531,6,15
393510,393528,393532,4,18
393510,393527,393532,5,17
393510,393528,393532,4,18
393510,393529,393533,4,19
393510,393529,393533,4,19
393510,393530,393534,4,20
393510,393530,393534,4,20
393510,393530,393534,4,20
393510,393529,393535,6,19
393510,393528,393535,7,18
393510,393529,393535,6,19
393510,393530,393535,5,20
393510,393529,393535,6,19
393510,393531,393535,4,21
393510,393532,393536,4,22
393510,393531,393537,6,21
393510,393532,393537,5,22
393510,393535,393538,3,25
393510,393534,393538,4,24
393510,393534,393538,4,24
393510,393532,393537,5,22
393510,393532,393537,5,22
393510,393532,393537,5,22
393510,393532,393537,5,22
393510,393532,393537,5,22
393510,393533,393537,4,23
393510,393535,393539,4,25
393510,393534,393539,5,24
393510,393532,393539,7,22
393510,393533,393539,6,23
393510,393532,393539,7,22
393510,393536,393540,4,26
393510,393537,393540,3,27
393510,393535,393540,5,25
393510,393536,393541,5,26
393510,393536,393540,4,26
393510,393536,393542,6,26
393510,393536,393542,6,26
393510,393538,393542,4,28
393510,393537,393542,5,27
393510,393538,393542,4,28
393510,393538,393542,4,28
393510,393538,393541,3,28
393510,393538,393542,4,28
393510,393538,393542,4,28
393510,393533,393542,9,23
393510,393533,393542,9,23
393510,393538,393542,4,28
393510,393538,393542,4,28
393510,393537,393542,5,27
393510,393538,393543,5,28
393510,393539,393543,4,29
393510,393539,393544,5,29
393510,393542,393545,3,32
393510,393540,393545,5,30
393510,393542,393545,3,32
393510,393541,393545,4,31
393510,393540,393545,5,30
393510,393540,393546,6,30
393510,393540,393546,6,30
393510,393542,393545,3,32
393510,393541,393545,4,31
393510,393542,393546,4,32
393510,393542,393546,4,32
393510,393540,393547,7,30
393510,393540,393546,6,30
393510,393542,393547,5,32
393510,393542,393547,5,32
390571,390571,393588,3017,0
390553,390554,393635,3081,1
393723,393724,393725,1,1
393723,393724,393725,1,1
393723,393724,393725,1,1
393723,393724,393725,1,1
393723,393724,393725,1,1
393723,393725,393726,1,2
393723,393724,393725,1,1
393723,393724,393725,1,1
393723,393724,393725,1,1
393723,393724,393725,1,1
393723,393724,393725,1,1
393723,393724,393726,2,1
393723,393724,393725,1,1
393723,393724,393725,1,1
393723,393724,393726,2,1
393723,393724,393725,1,1
393723,393724,393725,1,1
393723,393724,393725,1,1
393723,393724,393725,1,1
393723,393724,393725,1,1
393723,393724,393725,1,1
393723,393724,393726,2,1
393723,393724,393725,1,1
393723,393724,393726,2,1
393723,393726,393730,4,3
393723,393726,393730,4,3
393723,393726,393730,4,3
393723,393726,393730,4,3
393723,393726,393730,4,3
393723,393726,393731,5,3
393723,393726,393731,5,3
393723,393725,393731,6,2
393723,393726,393731,5,3
393723,393726,393731,5,3
393723,393724,393730,6,1
393723,393724,393730,6,1
393723,393726,393731,5,3
393723,393726,393731,5,3
393723,393726,393731,5,3
393723,393726,393731,5,3
393723,393726,393731,5,3
393723,393726,393731,5,3
393723,393726,393731,5,3
393723,393726,393731,5,3
393723,393726,393731,5,3
393723,393726,393731,5,3
393723,393726,393731,5,3
393723,393731,393732,1,8
393723,393726,393732,6,3
393723,393727,393733,6,4
393723,393731,393733,2,8
393723,393731,393733,2,8
393723,393726,393732,6,3
393723,393731,393733,2,8
393723,393731,393733,2,8
393723,393731,393733,2,8
393723,393731,393733,2,8
393723,393731,393733,2,8
393723,393731,393733,2,8
393723,393731,393733,2,8
393723,393731,393733,2,8
393723,393731,393733,2,8
393723,393732,393734,2,9
393723,393732,393734,2,9
393723,393731,393733,2,8
393723,393732,393734,2,9
393723,393732,393734,2,9
393723,393731,393735,4,8
393723,393731,393734,3,8
393723,393732,393735,3,9
393723,393733,393735,2,10
393723,393732,393736,4,9
393723,393732,393737,5,9
393723,393732,393736,4,9
393723,393733,393737,4,10
393723,393734,393737,3,11
393723,393734,393737,3,11
393723,393734,393737,3,11
393723,393734,393737,3,11
393723,393733,393738,5,10
393723,393733,393738,5,10
393723,393733,393737,4,10
393723,393734,393738,4,11
393723,393734,393739,5,11
393723,393734,393738,4,11
393723,393734,393739,5,11
393723,393736,393740,4,13
393723,393734,393741,7,11
393723,393734,393741,7,11
393723,393734,393741,7,11
393723,393733,393741,8,10
393723,393735,393741,6,12
393723,393738,393742,4,15
393723,393735,393742,7,12
393723,393737,393742,5,14
393723,393737,393742,5,14
393723,393737,393742,5,14
393723,393734,393742,8,11
393723,393735,393742,7,12
393723,393735,393742,7,12
393723,393735,393742,7,12
393723,393738,393742,4,15
393723,393737,393742,5,14
393723,393738,393742,4,15
393723,393738,393742,4,15
393723,393741,393743,2,18
393723,393738,393742,4,15
393723,393739,393742,3,16
393723,393741,393743,2,18
393723,393738,393743,5,15
393723,393741,393743,2,18
393723,393738,393742,4,15
393723,393738,393742,4,15
393723,393740,393743,3,17
393723,393739,393743,4,16
393723,393742,393744,2,19
393723,393741,393744,3,18
393723,393742,393744,2,19
393723,393742,393744,2,19
393723,393741,393744,3,18
393723,393742,393744,2,19
393723,393742,393743,1,19
393723,393743,393744,1,20
393723,393743,393745,2,20
393723,393743,393744,1,20
393723,393742,393744,2,19
393723,393743,393745,2,20
393723,393742,393744,2,19
393723,393742,393744,2,19
393723,393741,393744,3,18
393723,393742,393744,2,19
393723,393743,393745,2,20
393723,393743,393745,2,20
393723,393742,393745,3,19
393723,393742,393745,3,19
393723,393743,393744,1,20
393723,393743,393745,2,20
393723,393743,393745,2,20
393723,393743,393745,2,20
393723,393743,393745,2,20
393723,393743,393745,2,20
393723,393744,393746,2,21
393723,393744,393746,2,21
393723,393744,393746,2,21
393723,393744,393746,2,21
393723,393744,393746,2,21
393723,393744,393746,2,21
393723,393744,393746,2,21
393723,393745,393747,2,22
393822,393822,393825,3,0
393822,393822,393825,3,0
393822,393822,393825,3,0
393822,393822,393826,4,0
393822,393822,393826,4,0
393822,393822,393826,4,0
393822,393822,393826,4,0
393822,393822,393826,4,0
393822,393822,393826,4,0
393822,393822,393826,4,0
393822,393822,393826,4,0
393822,393822,393826,4,0
393822,393822,393826,4,0
393822,393822,393826,4,0
393822,393822,393826,4,0
393822,393822,393826,4,0
393822,393822,393826,4,0
393822,393822,393826,4,0
393822,393822,393826,4,0
393822,393822,393826,4,0
393822,393822,393826,4,0
393822,393822,393826,4,0
393822,393822,393826,4,0
393822,393822,393827,5,0
393822,393825,393827,2,3
393822,393825,393827,2,3
393822,393825,393827,2,3
393822,393822,393827,5,0
393822,393826,393828,2,4
393822,393826,393828,2,4
393822,393826,393828,2,4
393822,393826,393828,2,4
393822,393826,393828,2,4
393822,393826,393828,2,4
393822,393826,393828,2,4
393822,393826,393828,2,4
393822,393826,393828,2,4
393822,393826,393828,2,4
393822,393826,393828,2,4
393822,393826,393828,2,4
393822,393826,393828,2,4
393822,393826,393828,2,4
393822,393826,393828,2,4
393822,393826,393829,3,4
393822,393826,393829,3,4
393822,393826,393829,3,4
393822,393827,393829,2,5
393822,393828,393829,1,6
393822,393826,393829,3,4
393822,393828,393832,4,6
393822,393828,393833,5,6
393822,393829,393833,4,7
393822,393829,393833,4,7
393822,393829,393833,4,7
393822,393828,393833,5,6
393822,393829,393834,5,7
393822,393829,393833,4,7
393822,393829,393833,4,7
393822,393829,393833,4,7
393822,393827,393834,7,5
393822,393828,393834,6,6
393822,393829,393834,5,7
393822,393830,393834,4,8
393822,393829,393834,5,7
393822,393829,393834,5,7
393822,393830,393834,4,8
393822,393829,393834,5,7
393822,393829,393835,6,7
393822,393830,393836,6,8
393822,393830,393835,5,8
393822,393829,393835,6,7
393822,393834,393836,2,12
393822,393833,393836,3,11
393822,393829,393835,6,7
393822,393834,393836,2,12
393822,393834,393836,2,12
393822,393835,393836,1,13
393822,393830,393836,6,8
393822,393830,393836,6,8
393822,393834,393837,3,12
393822,393834,393836,2,12
393822,393835,393837,2,13
393822,393834,393836,2,12
393822,393835,393836,1,13
393822,393836,393837,1,14
393822,393834,393836,2,12
393822,393834,393836,2,12
393822,393835,393837,2,13
393822,393836,393837,1,14
393822,393835,393837,2,13
393822,393835,393837,2,13
393822,393836,393837,1,14
393822,393836,393837,1,14
393822,393837,393838,1,15
393822,393835,393837,2,13
393822,393834,393837,3,12
393822,393836,393837,1,14
393822,393836,393837,1,14
393822,393837,393838,1,15
393822,393837,393838,1,15
393822,393836,393838,2,14
393822,393837,393838,1,15
393822,393837,393839,2,15
393822,393837,393839,2,15
393822,393837,393838,1,15
393822,393837,393839,2,15
393822,393835,393839,4,13
393822,393837,393839,2,15
393822,393837,393839,2,15
393822,393837,393839,2,15
393822,393837,393839,2,15
393822,393837,393839,2,15
393822,393837,393839,2,15
393822,393837,393839,2,15
393822,393838,393841,3,16
393822,393838,393841,3,16
393822,393838,393840,2,16
393822,393838,393840,2,16
393822,393838,393840,2,16
393822,393838,393840,2,16
393822,393839,393841,2,17
393822,393839,393841,2,17
393822,393838,393841,3,16
393822,393839,393841,2,17
393822,393838,393840,2,16
393822,393838,393840,2,16
393822,393839,393840,1,17
393822,393839,393841,2,17
393822,393839,393841,2,17
393822,393840,393841,1,18
393822,393840,393841,1,18
393822,393840,393841,1,18
393822,393839,393841,2,17
393822,393839,393841,2,17
393822,393841,393842,1,19
393822,393840,393842,2,18
393822,393840,393842,2,18
393822,393840,393841,1,18
393822,393840,393841,1,18
393822,393840,393842,2,18
393822,393841,393842,1,19
393822,393841,393843,2,19
393822,393841,393842,1,19
393822,393841,393842,1,19
393822,393841,393843,2,19
393822,393841,393843,2,19
393822,393841,393843,2,19
393822,393841,393843,2,19
393822,393841,393843,2,19
393822,393841,393842,1,19
392663,392680,393979,1299,17
393982,393982,393986,4,0
393982,393982,393985,3,0
393982,393982,393986,4,0
393982,393982,393987,5,0
393982,393982,393987,5,0
393982,393982,393986,4,0
393982,393982,393987,5,0
393982,393982,393987,5,0
393982,393982,393987,5,0
393982,393982,393987,5,0
393982,393982,393987,5,0
393982,393982,393987,5,0
393982,393982,393987,5,0
393982,393982,393987,5,0
393982,393982,393987,5,0
393982,393982,393987,5,0
393982,393982,393988,6,0
393982,393982,393988,6,0
393982,393982,393988,6,0
393982,393982,393989,7,0
393982,393982,393989,7,0
393982,393982,393989,7,0
393982,393986,393989,3,4
393982,393986,393989,3,4
393982,393986,393989,3,4
393982,393982,393991,9,0
393982,393982,393991,9,0
393982,393982,393990,8,0
393982,393987,393991,4,5
393982,393987,393992,5,5
393982,393987,393992,5,5
393982,393987,393992,5,5
393982,393987,393992,5,5
393982,393987,393992,5,5
393982,393987,393993,6,5
393982,393987,393993,6,5
393982,393987,393993,6,5
393982,393987,393993,6,5
393982,393990,393994,4,8
393982,393990,393993,3,8
393982,393987,393994,7,5
393982,393987,393995,8,5
393982,393990,393994,4,8
393982,393992,393994,2,10
393982,393988,393995,7,6
393982,393988,393996,8,6
393982,393988,393995,7,6
393982,393991,393996,5,9
393982,393991,393996,5,9
393982,393989,393996,7,7
393982,393989,393996,7,7
393982,393989,393996,7,7
393982,393992,393996,4,10
393982,393992,393996,4,10
393982,393988,393996,8,6
393982,393994,393996,2,12
393982,393994,393996,2,12
393982,393992,393997,5,10
393982,393992,393997,5,10
393982,393992,393997,5,10
393982,393995,393998,3,13
393982,393995,393998,3,13
393982,393995,393999,4,13
393982,393994,393999,5,12
393982,393994,393999,5,12
393982,393997,394001,4,15
393982,393994,394000,6,12
393982,393994,394000,6,12
393982,393995,394001,6,13
393982,393996,394001,5,14
393982,393997,394001,4,15
393982,393997,394001,4,15
393982,393996,394001,5,14
393982,393997,394001,4,15
393982,393992,394001,9,10
393982,393997,394002,5,15
393982,393997,394001,4,15
393982,393996,394001,5,14
393982,393997,394001,4,15
393982,393996,394001,5,14
393982,393996,394002,6,14
393982,393997,394002,5,15
393982,393999,394002,3,17
393982,394001,394003,2,19
393982,393999,394003,4,17
393982,394001,394003,2,19
393982,393998,394004,6,16
393982,393998,394005,7,16
393982,393998,394005,7,16
393982,394000,394005,5,18
393982,394000,394005,5,18
393982,394000,394006,6,18
393982,394001,394005,4,19
393982,394003,394005,2,21
393982,394003,394005,2,21
393982,394004,394006,2,22
393982,394002,394006,4,20
393982,394002,394006,4,20
393982,394001,394006,5,19
393982,394002,394006,4,20
393982,394002,394006,4,20
393982,394002,394006,4,20
393982,394001,394006,5,19
393982,394002,394006,4,20
393982,394002,394006,4,20
393982,394001,394006,5,19
393982,394001,394006,5,19
393982,394004,394006,2,22
393982,394003,394008,5,21
393982,394002,394008,6,20
393982,394005,394010,5,23
393982,394006,394009,3,24
393982,394006,394009,3,24
393982,394006,394009,3,24
393982,394007,394010,3,25
393982,394006,394010,4,24
393982,394006,394010,4,24
393982,394007,394011,4,25
393982,394006,394010,4,24
393982,394007,394011,4,25
393982,394007,394010,3,25
393982,394006,394011,5,24
393982,394003,394012,9,21
393982,394007,394013,6,25
393982,394007,394013,6,25
393982,394007,394013,6,25
393982,394008,394013,5,26
393982,394007,394013,6,25
393982,394007,394013,6,25
393982,394008,394013,5,26
393982,394006,394012,6,24
393982,394007,394012,5,25
393982,394010,394013,3,28
393982,394007,394013,6,25
393982,394006,394013,7,24
393982,394007,394013,6,25
393982,394010,394013,3,28
393982,394010,394015,5,28
393982,394010,394015,5,28
393982,394010,394015,5,28
393982,394011,394015,4,29
393982,394012,394015,3,30
393982,394011,394015,4,29
393982,394011,394015,4,29
393982,394013,394016,3,31
393982,394011,394016,5,29
393982,394011,394017,6,29
393982,394013,394016,3,31
393982,394013,394016,3,31
393982,394011,394016,5,29
391985,392002,394145,2143,17
394146,394146,394147,1,0
394146,394146,394148,2,0
394146,394146,394147,1,0
394146,394146,394148,2,0
394146,394146,394148,2,0
394146,394146,394148,2,0
394146,394146,394148,2,0
394146,394146,394148,2,0
394146,394146,394148,2,0
394146,394146,394148,2,0
394146,394146,394148,2,0
394146,394146,394148,2,0
394146,394146,394148,2,0
394146,394146,394148,2,0
394146,394146,394148,2,0
394146,394146,394148,2,0
394146,394146,394148,2,0
394146,394146,394148,2,0
394146,394146,394148,2,0
394146,394146,394149,3,0
394146,394146,394149,3,0
394146,394146,394149,3,0
394146,394146,394149,3,0
394146,394147,394152,5,1
394146,394149,394152,3,3
394146,394146,394152,6,0
394146,394148,394152,4,2
394146,394149,394152,3,3
394146,394149,394153,4,3
394146,394149,394152,3,3
394146,394149,394152,3,3
394146,394149,394153,4,3
394146,394149,394153,4,3
394146,394149,394153,4,3
394146,394149,394154,5,3
394146,394149,394153,4,3
394146,394149,394155,6,3
394146,394149,394155,6,3
394146,394149,394155,6,3
394146,394149,394155,6,3
394146,394149,394155,6,3
394146,394149,394156,7,3
394146,394149,394156,7,3
394146,394150,394156,6,4
394146,394153,394156,3,7
394146,394149,394156,7,3
394146,394150,394156,6,4
394146,394149,394156,7,3
394146,394150,394156,6,4
394146,394153,394157,4,7
394146,394153,394157,4,7
394146,394153,394157,4,7
394146,394153,394157,4,7
394146,394154,394157,3,8
394146,394154,394158,4,8
394146,394153,394158,5,7
394146,394153,394158,5,7
394146,394153,394159,6,7
394146,394154,394160,6,8
394146,394154,394160,6,8
394146,394154,394159,5,8
394146,394157,394161,4,11
394146,394156,394160,4,10
394146,394156,394160,4,10
394146,394156,394160,4,10
394146,394156,394161,5,10
394146,394157,394161,4,11
394146,394156,394161,5,10
394146,394156,394160,4,10
394146,394157,394161,4,11
394146,394156,394161,5,10
394146,394158,394161,3,12
394146,394157,394161,4,11
394146,394158,394162,4,12
394146,394159,394162,3,13
394146,394157,394163,6,11
394146,394158,394163,5,12
394146,394158,394163,5,12
394146,394159,394163,4,13
394146,394158,394163,5,12
394146,394160,394164,4,14
394146,394160,394164,4,14
394146,394159,394164,5,13
394146,394157,394163,6,11
394146,394161,394164,3,15
394146,394161,394164,3,15
394146,394160,394164,4,14
394146,394161,394165,4,15
394146,394161,394165,4,15
394146,394163,394166,3,17
394146,394160,394166,6,14
394146,394161,394166,5,15
394146,394161,394165,4,15
394146,394162,394165,3,16
394146,394163,394165,2,17
394146,394161,394166,5,15
394146,394161,394165,4,15
394146,394161,394165,4,15
394146,394161,394165,4,15
394146,394162,394165,3,16
394146,394164,394166,2,18
394146,394164,394166,2,18
394146,394164,394166,2,18
394146,394164,394166,2,18
394146,394165,394166,1,19
394146,394163,394167,4,17
394146,394164,394167,3,18
394146,394164,394167,3,18
394146,394166,394169,3,20
394146,394164,394168,4,18
394146,394165,394169,4,19
394146,394164,394169,5,18
394146,394166,394169,3,20
394146,394166,394170,4,20
394146,394167,394170,3,21
394146,394166,394170,4,20
394146,394165,394169,4,19
394146,394166,394170,4,20
394146,394166,394170,4,20
394146,394166,394170,4,20
394146,394166,394170,4,20
394146,394166,394170,4,20
394146,394166,394170,4,20
394146,394166,394170,4,20
394146,394166,394170,4,20
394146,394167,394171,4,21
394146,394167,394171,4,21
394146,394167,394171,4,21
394146,394166,394170,4,20
394146,394168,394171,3,22
394146,394168,394172,4,22
394146,394169,394172,3,23
394146,394169,394172,3,23
394146,394167,394172,5,21
394146,394169,394172,3,23
394146,394170,394172,2,24
394146,394170,394173,3,24
394146,394170,394173,3,24
394146,394169,394172,3,23
394146,394170,394173,3,24
394146,394167,394172,5,21
394146,394170,394173,3,24
394146,394170,394173,3,24
394146,394170,394173,3,24
394146,394170,394172,2,24
394146,394170,394173,3,24
394146,394170,394173,3,24
394146,394170,394174,4,24
394146,394170,394174,4,24
394146,394170,394173,3,24
392906,392953,394207,1254,47
394207,394208,394210,2,1
394207,394208,394211,3,1
394207,394208,394211,3,1
394207,394208,394211,3,1
394207,394208,394211,3,1
394207,394208,394211,3,1
394207,394208,394212,4,1
394207,394208,394212,4,1
394207,394208,394213,5,1
394207,394208,394213,5,1
394207,394208,394213,5,1
394207,394208,394213,5,1
394207,394208,394213,5,1
394207,394208,394213,5,1
394207,394208,394213,5,1
394207,394211,394213,2,4
394207,394208,394214,6,1
394207,394208,394214,6,1
394207,394208,394214,6,1
394207,394212,394215,3,5
394207,394212,394215,3,5
394207,394212,394215,3,5
394207,394208,394215,7,1
394207,394208,394215,7,1
394207,394212,394215,3,5
394207,394212,394216,4,5
394207,394214,394217,3,7
394207,394213,394216,3,6
394207,394208,394216,8,1
394207,394214,394216,2,7
394207,394215,394217,2,8
394207,394208,394217,9,1
394207,394208,394217,9,1
394207,394208,394217,9,1
394207,394214,394217,3,7
394207,394214,394217,3,7
394207,394213,394217,4,6
394207,394214,394217,3,7
394207,394214,394217,3,7
394207,394214,394218,4,7
394207,394214,394217,3,7
394207,394215,394217,2,8
394207,394216,394218,2,9
394207,394216,394218,2,9
394207,394215,394218,3,8
394207,394215,394219,4,8
394207,394215,394219,4,8
394207,394217,394219,2,10
394207,394217,394219,2,10
394207,394218,394220,2,11
394207,394218,394220,2,11
394207,394217,394219,2,10
394207,394217,394219,2,10
394207,394217,394219,2,10
394207,394218,394220,2,11
394207,394218,394220,2,11
394207,394216,394219,3,9
394207,394216,394220,4,9
394207,394218,394220,2,11
394207,394218,394220,2,11
394207,394218,394220,2,11
394207,394218,394220,2,11
394207,394217,394220,3,10
394207,394218,394220,2,11
394207,394219,394221,2,12
394207,394218,394221,3,11
394207,394218,394221,3,11
394207,394218,394221,3,11
394207,394219,394222,3,12
394207,394219,394222,3,12
394207,394219,394222,3,12
394207,394219,394221,2,12
394207,394219,394221,2,12
394207,394220,394222,2,13
394207,394208,394222,14,1
394207,394220,394222,2,13
394207,394220,394222,2,13
394207,394220,394223,3,13
394207,394220,394222,2,13
394207,394220,394223,3,13
394207,394220,394223,3,13
394207,394221,394223,2,14
394207,394220,394222,2,13
394207,394222,394223,1,15
394207,394222,394223,1,15
394207,394222,394223,1,15
394207,394220,394223,3,13
394207,394221,394224,3,14
394207,394222,394223,1,15
394207,394222,394224,2,15
394207,394221,394224,3,14
394207,394221,394224,3,14
394207,394222,394224,2,15
394207,394222,394223,1,15
394207,394222,394223,1,15
394207,394222,394224,2,15
394207,394223,394224,1,16
394207,394223,394224,1,16
394207,394222,394224,2,15
394207,394223,394224,1,16
394207,394223,394224,1,16
394207,394223,394224,1,16
394207,394223,394224,1,16
394207,394223,394225,2,16
394207,394220,394224,4,13
394207,394220,394224,4,13
394207,394223,394224,1,16
394207,394223,394224,1,16
394207,394223,394225,2,16
394207,394223,394224,1,16
394207,394224,394226,2,17
394207,394225,394227,2,18
394207,394224,394226,2,17
394207,394224,394227,3,17
394207,394224,394227,3,17
394207,394224,394227,3,17
394207,394224,394227,3,17
394207,394224,394227,3,17
394207,394224,394226,2,17
394207,394224,394227,3,17
394207,394225,394227,2,18
394207,394225,394227,2,18
394207,394225,394227,2,18
394207,394225,394227,2,18
394207,394225,394228,3,18
394207,394225,394228,3,18
394207,394226,394228,2,19
394207,394225,394228,3,18
394207,394225,394228,3,18
394207,394225,394228,3,18
394207,394225,394228,3,18
394207,394225,394228,3,18
394207,394228,394229,1,21
394207,394227,394228,1,20
394207,394227,394229,2,20
394207,394225,394228,3,18
394207,394227,394229,2,20
394207,394227,394229,2,20
394207,394225,394229,4,18
394207,394225,394229,4,18
394207,394227,394229,2,20
394207,394227,394229,2,20
394207,394227,394229,2,20
394207,394227,394229,2,20
394207,394228,394229,1,21
394207,394228,394229,1,21
394207,394228,394229,1,21
394207,394227,394229,2,20
394207,394235,394240,5,28
393133,393151,394490,1339,18
394491,394492,394493,1,1
394491,394492,394493,1,1
394491,394492,394493,1,1
394491,394492,394493,1,1
394491,394492,394493,1,1
394491,394492,394493,1,1
394491,394492,394493,1,1
394491,394492,394493,1,1
394491,394492,394493,1,1
394491,394492,394493,1,1
394491,394492,394493,1,1
394491,394492,394493,1,1
394491,394492,394493,1,1
394491,394492,394493,1,1
394491,394493,394494,1,2
394491,394492,394493,1,1
394491,394492,394493,1,1
394491,394492,394493,1,1
394491,394492,394493,1,1
394491,394492,394493,1,1
394491,394492,394493,1,1
394491,394492,394494,2,1
394491,394492,394494,2,1
394491,394492,394494,2,1
394491,394493,394494,1,2
394491,394493,394494,1,2
394491,394494,394495,1,3
394491,394494,394495,1,3
394491,394494,394495,1,3
394491,394494,394495,1,3
394491,394494,394495,1,3
394491,394494,394495,1,3
394491,394494,394495,1,3
394491,394494,394495,1,3
394491,394494,394495,1,3
394491,394494,394496,2,3
394491,394494,394495,1,3
394491,394494,394495,1,3
394491,394494,394495,1,3
394491,394495,394496,1,4
394491,394494,394496,2,3
394491,394494,394496,2,3
394491,394494,394496,2,3
394491,394494,394496,2,3
394491,394494,394496,2,3
394491,394494,394496,2,3
394491,394495,394498,3,4
394491,394495,394498,3,4
394491,394495,394498,3,4
394491,394495,394498,3,4
394491,394495,394498,3,4
394491,394496,394498,2,5
394491,394496,394498,2,5
394491,394496,394498,2,5
394491,394496,394499,3,5
394491,394496,394498,2,5
394491,394496,394498,2,5
394491,394497,394499,2,6
394491,394496,394499,3,5
394491,394496,394500,4,5
394491,394496,394499,3,5
394491,394496,394499,3,5
394491,394496,394500,4,5
394491,394496,394499,3,5
394491,394496,394499,3,5
394491,394498,394500,2,7
394491,394497,394499,2,6
394491,394498,394500,2,7
394491,394497,394500,3,6
394491,394497,394500,3,6
394491,394499,394501,2,8
394491,394499,394501,2,8
394491,394499,394501,2,8
394491,394499,394500,1,8
394491,394499,394501,2,8
394491,394497,394500,3,6
394491,394499,394500,1,8
394491,394499,394500,1,8
394491,394497,394500,3,6
394491,394497,394500,3,6
394491,394500,394501,1,9
394491,394500,394501,1,9
394491,394499,394502,3,8
394491,394499,394502,3,8
394491,394500,394501,1,9
394491,394500,394502,2,9
394491,394500,394501,1,9
394491,394500,394501,1,9
394491,394500,394501,1,9
394491,394500,394501,1,9
394491,394500,394501,1,9
394491,394500,394501,1,9
394491,394500,394503,3,9
394491,394501,394503,2,10
394491,394500,394503,3,9
394491,394501,394504,3,10
394491,394501,394503,2,10
394491,394501,394504,3,10
394491,394500,394504,4,9
394491,394501,394504,3,10
394491,394502,394504,2,11
394491,394503,394505,2,12
394491,394504,394505,1,13
394491,394501,394504,3,10
394491,394502,394505,3,11
394491,394502,394505,3,11
394491,394501,394504,3,10
394491,394502,394505,3,11
394491,394502,394505,3,11
394491,394501,394505,4,10
394491,394502,394505,3,11
394491,394501,394505,4,10
394491,394501,394505,4,10
394491,394501,394504,3,10
394491,394502,394505,3,11
394491,394505,394506,1,14
394491,394503,394506,3,12
394491,394504,394506,2,13
394491,394504,394505,1,13
394491,394505,394506,1,14
394491,394502,394505,3,11
394491,394503,394506,3,12
394491,394504,394506,2,13
394491,394504,394506,2,13
394491,394502,394506,4,11
394491,394502,394506,4,11
394491,394505,394506,1,14
394491,394505,394507,2,14
394491,394505,394506,1,14
394491,394505,394507,2,14
394491,394505,394507,2,14
394491,394505,394507,2,14
394491,394505,394507,2,14
394491,394502,394507,5,11
394491,394505,394507,2,14
394491,394505,394507,2,14
394491,394505,394507,2,14
394491,394505,394507,2,14
394491,394505,394506,1,14
394491,394506,394507,1,15
394491,394505,394507,2,14
394491,394506,394507,1,15
394491,394506,394507,1,15
394491,394506,394508,2,15
394491,394506,394507,1,15
394491,394506,394507,1,15
392884,392929,394660,1731,45
394660,394660,394665,5,0
394660,394660,394665,5,0
394660,394660,394665,5,0
394660,394660,394665,5,0
394660,394660,394665,5,0
394660,394660,394665,5,0
394660,394660,394665,5,0
394660,394660,394665,5,0
394660,394660,394665,5,0
394660,394660,394665,5,0
394660,394660,394666,6,0
394660,394660,394665,5,0
394660,394660,394665,5,0
394660,394660,394666,6,0
394660,394661,394666,5,1
394660,394661,394665,4,1
394660,394660,394666,6,0
394660,394660,394665,5,0
394660,394660,394666,6,0
394660,394660,394666,6,0
394660,394660,394666,6,0
394660,394660,394667,7,0
394660,394660,394667,7,0
394660,394665,394668,3,5
394660,394661,394668,7,1
394660,394660,394668,8,0
394660,394665,394669,4,5
394660,394665,394668,3,5
394660,394665,394669,4,5
394660,394665,394669,4,5
394660,394665,394670,5,5
394660,394665,394670,5,5
394660,394666,394671,5,6
394660,394666,394670,4,6
394660,394665,394671,6,5
394660,394665,394671,6,5
394660,394666,394672,6,6
394660,394667,394672,5,7
394660,394667,394672,5,7
394660,394667,394672,5,7
394660,394667,394672,5,7
394660,394669,394672,3,9
394660,394667,394672,5,7
394660,394667,394672,5,7
394660,394667,394672,5,7
394660,394667,394672,5,7
394660,394667,394673,6,7
394660,394670,394673,3,10
394660,394666,394673,7,6
394660,394668,394673,5,8
394660,394669,394674,5,9
394660,394669,394674,5,9
394660,394670,394674,4,10
394660,394670,394675,5,10
394660,394672,394676,4,12
394660,394671,394676,5,11
394660,394672,394676,4,12
394660,394669,394676,7,9
394660,394673,394677,4,13
394660,394669,394676,7,9
394660,394672,394676,4,12
394660,394672,394677,5,12
394660,394673,394677,4,13
394660,394673,394677,4,13
394660,394673,394677,4,13
394660,394673,394677,4,13
394660,394673,394677,4,13
394660,394673,394677,4,13
394660,394673,394677,4,13
394660,394675,394678,3,15
394660,394675,394678,3,15
394660,394674,394678,4,14
394660,394674,394678,4,14
394660,394674,394678,4,14
394660,394674,394679,5,14
394660,394673,394678,5,13
394660,394675,394678,3,15
394660,394673,394679,6,13
394660,394677,394680,3,17
394660,394677,394680,3,17
394660,394678,394680,2,18
394660,394678,394680,2,18
394660,394677,394680,3,17
394660,394676,394680,4,16
394660,394677,394680,3,17
394660,394677,394680,3,17
394660,394678,394681,3,18
394660,394678,394680,2,18
394660,394677,394680,3,17
394660,394678,394681,3,18
394660,394677,394681,4,17
394660,394678,394681,3,18
394660,394679,394681,2,19
394660,394679,394681,2,19
394660,394679,394681,2,19
394660,394678,394682,4,18
394660,394678,394682,4,18
394660,394679,394681,2,19
394660,394679,394681,2,19
394660,394679,394682,3,19
394660,394679,394682,3,19
394660,394681,394684,3,21
394660,394681,394684,3,21
394660,394681,394684,3,21
394660,394681,394684,3,21
394660,394681,394684,3,21
394660,394681,394684,3,21
394660,394681,394684,3,21
394660,394680,394684,4,20
394660,394681,394684,3,21
394660,394682,394684,2,22
394660,394679,394684,5,19
394660,394680,394684,4,20
394660,394682,394684,2,22
394660,394681,394684,3,21
394660,394682,394685,3,22
394660,394681,394684,3,21
394660,394681,394685,4,21
394660,394682,394685,3,22
394660,394681,394685,4,21
394660,394683,394686,3,23
394660,394684,394686,2,24
394660,394684,394686,2,24
394660,394684,394686,2,24
394660,394682,394685,3,22
394660,394684,394685,1,24
394660,394684,394686,2,24
394660,394681,394685,4,21
394660,394684,394686,2,24
394660,394684,394686,2,24
394660,394682,394686,4,22
394660,394684,394686,2,24
394660,394684,394686,2,24
394660,394682,394685,3,22
394660,394683,394686,3,23
394660,394685,394686,1,25
394660,394685,394686,1,25
394660,394685,394687,2,25
394660,394685,394687,2,25
394660,394684,394686,2,24
394660,394685,394687,2,25
394660,394684,394686,2,24
394660,394685,394687,2,25
394660,394685,394687,2,25
394660,394686,394688,2,26
394660,394685,394687,2,25
394660,394686,394688,2,26
394660,394686,394687,1,26
394660,394686,394687,1,26
394660,394686,394688,2,26
393513,393542,394882,1340,29
394883,394884,394886,2,1
394883,394884,394886,2,1
394883,394884,394886,2,1
394883,394884,394886,2,1
394883,394884,394886,2,1
394883,394884,394886,2,1
394883,394884,394886,2,1
394883,394886,394887,1,3
394883,394884,394886,2,1
394883,394884,394886,2,1
394883,394884,394886,2,1
394883,394884,394887,3,1
394883,394884,394886,2,1
394883,394884,394886,2,1
394883,394884,394886,2,1
394883,394884,394886,2,1
394883,394884,394887,3,1
394883,394884,394887,3,1
394883,394884,394887,3,1
394883,394884,394887,3,1
394883,394884,394887,3,1
394883,394884,394887,3,1
394883,394884,394887,3,1
394883,394884,394887,3,1
394883,394884,394887,3,1
394883,394884,394887,3,1
394883,394887,394888,1,4
394883,394887,394888,1,4
394883,394887,394888,1,4
394883,394887,394888,1,4
394883,394887,394888,1,4
394883,394887,394888,1,4
394883,394887,394888,1,4
394883,394887,394888,1,4
394883,394887,394888,1,4
394883,394887,394888,1,4
394883,394887,394888,1,4
394883,394887,394888,1,4
394883,394887,394888,1,4
394883,394887,394889,2,4
394883,394887,394889,2,4
394883,394888,394891,3,5
394883,394888,394891,3,5
394883,394889,394892,3,6
394883,394889,394891,2,6
394883,394889,394891,2,6
394883,394888,394891,3,5
394883,394888,394891,3,5
394883,394889,394892,3,6
394883,394889,394891,2,6
394883,394888,394891,3,5
394883,394888,394891,3,5
394883,394888,394891,3,5
394883,394889,394891,2,6
394883,394889,394891,2,6
394883,394889,394891,2,6
394883,394888,394891,3,5
394883,394888,394891,3,5
394883,394888,394891,3,5
394883,394889,394892,3,6
394883,394889,394893,4,6
394883,394889,394892,3,6
394883,394889,394893,4,6
394883,394889,394892,3,6
394883,394892,394894,2,9
394883,394892,394894,2,9
394883,394892,394894,2,9
394883,394892,394894,2,9
394883,394889,394893,4,6
394883,394892,394894,2,9
394883,394892,394894,2,9
394883,394892,394894,2,9
394883,394892,394894,2,9
394883,394892,394894,2,9
394883,394892,394894,2,9
394883,394892,394894,2,9
394883,394893,394895,2,10
394883,394889,394896,7,6
394883,394893,394896,3,10
394883,394893,394896,3,10
394883,394893,394896,3,10
394883,394892,394896,4,9
394883,394894,394896,2,11
394883,394892,394896,4,9
394883,394892,394896,4,9
394883,394893,394896,3,10
394883,394892,394896,4,9
394883,394894,394897,3,11
394883,394894,394897,3,11
394883,394892,394896,4,9
394883,394892,394896,4,9
394883,394892,394896,4,9
394883,394894,394897,3,11
394883,394894,394896,2,11
394883,394894,394896,2,11
394883,394896,394898,2,13
394883,394896,394898,2,13
394883,394894,394897,3,11
394883,394895,394898,3,12
394883,394894,394897,3,11
394883,394896,394898,2,13
394883,394896,394898,2,13
394883,394894,394897,3,11
394883,394896,394898,2,13
394883,394896,394898,2,13
394883,394895,394898,3,12
394883,394896,394898,2,13
394883,394896,394898,2,13
394883,394895,394898,3,12
394883,394896,394898,2,13
394883,394897,394899,2,14
394883,394897,394899,2,14
394883,394897,394899,2,14
394883,394897,394899,2,14
394883,394897,394899,2,14
394883,394897,394899,2,14
394883,394897,394899,2,14
394883,394897,394899,2,14
394883,394896,394898,2,13
394883,394897,394899,2,14
394883,394898,394899,1,15
394883,394898,394900,2,15
394883,394898,394900,2,15
394883,394898,394900,2,15
394883,394898,394900,2,15
394883,394898,394899,1,15
394883,394899,394901,2,16
394883,394898,394901,3,15
394883,394899,394901,2,16
394883,394898,394901,3,15
394883,394898,394900,2,15
394883,394898,394901,3,15
394883,394899,394901,2,16
394883,394898,394902,4,15
394883,394899,394902,3,16
394883,394899,394901,2,16
394883,394898,394902,4,15
394883,394898,394901,3,15
394883,394899,394902,3,16
394883,394899,394902,3,16
394883,394900,394903,3,17
394883,394899,394902,3,16
394883,394899,394902,3,16
394883,394899,394903,4,16
394883,394899,394903,4,16
394883,394900,394903,3,17
394883,394900,394903,3,17
394883,394900,394903,3,17
394883,394900,394904,4,17
394883,394900,394904,4,17
392994,393021,394919,1898,27
394922,394922,394925,3,0
394922,394922,394925,3,0
394922,394922,394925,3,0
394922,394922,394925,3,0
394922,394922,394925,3,0
394922,394922,394926,4,0
394922,394922,394926,4,0
394922,394922,394926,4,0
394922,394922,394925,3,0
394922,394922,394926,4,0
394922,394922,394925,3,0
394922,394922,394925,3,0
394922,394922,394925,3,0
394922,394922,394926,4,0
394922,394922,394926,4,0
394922,394922,394925,3,0
394922,394922,394926,4,0
394922,394922,394926,4,0
394922,394922,394926,4,0
394922,394922,394926,4,0
394922,394922,394926,4,0
394922,394922,394925,3,0
394922,394922,394925,3,0
394922,394925,394928,3,3
394922,394925,394929,4,3
394922,394926,394930,4,4
394922,394926,394930,4,4
394922,394926,394930,4,4
394922,394925,394930,5,3
394922,394926,394930,4,4
394922,394926,394930,4,4
394922,394926,394930,4,4
394922,394926,394930,4,4
394922,394926,394930,4,4
394922,394925,394929,4,3
394922,394926,394930,4,4
394922,394926,394930,4,4
394922,394926,394930,4,4
394922,394926,394930,4,4
394922,394922,394931,9,0
394922,394926,394931,5,4
394922,394926,394930,4,4
394922,394929,394931,2,7
394922,394926,394930,4,4
394922,394926,394931,5,4
394922,394926,394931,5,4
394922,394926,394931,5,4
394922,394926,394931,5,4
394922,394922,394931,9,0
394922,394930,394932,2,8
394922,394930,394932,2,8
394922,394930,394932,2,8
394922,394930,394932,2,8
394922,394930,394932,2,8
394922,394930,394932,2,8
394922,394930,394932,2,8
394922,394930,394932,2,8
394922,394930,394932,2,8
394922,394928,394931,3,6
394922,394930,394932,2,8
394922,394930,394933,3,8
394922,394930,394932,2,8
394922,394931,394933,2,9
394922,394932,394933,1,10
394922,394930,394933,3,8
394922,394931,394933,2,9
394922,394931,394933,2,9
394922,394931,394933,2,9
394922,394930,394933,3,8
394922,394931,394934,3,9
394922,394931,394934,3,9
394922,394931,394934,3,9
394922,394932,394935,3,10
394922,394932,394935,3,10
394922,394932,394935,3,10
394922,394933,394935,2,11
394922,394933,394935,2,11
394922,394933,394936,3,11
394922,394933,394936,3,11
394922,394933,394936,3,11
394922,394932,394936,4,10
394922,394934,394936,2,12
394922,394933,394937,4,11
394922,394933,394936,3,11
394922,394933,394936,3,11
394922,394935,394936,1,13
394922,394935,394937,2,13
394922,394933,394936,3,11
394922,394936,394937,1,14
394922,394934,394937,3,12
394922,394931,394937,6,9
394922,394936,394937,1,14
394922,394936,394937,1,14
394922,394936,394937,1,14
394922,394935,394937,2,13
394922,394934,394937,3,12
394922,394936,394937,1,14
394922,394934,394937,3,12
394922,394936,394937,1,14
394922,394937,394938,1,15
394922,394934,394937,3,12
394922,394934,394937,3,12
394922,394934,394937,3,12
394922,394936,394937,1,14
394922,394936,394937,1,14
394922,394937,394938,1,15
394922,394937,394938,1,15
394922,394937,394938,1,15
394922,394937,394939,2,15
394922,394937,394939,2,15
394922,394937,394939,2,15
394922,394937,394939,2,15
394922,394938,394939,1,16
394922,394938,394940,2,16
394922,394938,394940,2,16
394922,394938,394940,2,16
394922,394938,394940,2,16
394922,394938,394940,2,16
394922,394938,394940,2,16
394922,394938,394940,2,16
394922,394938,394940,2,16
394922,394938,394940,2,16
394922,394938,394940,2,16
394922,394937,394940,3,15
394922,394938,394941,3,16
394922,394937,394940,3,15
394922,394938,394941,3,16
394922,394938,394941,3,16
394922,394939,394942,3,17
394922,394939,394943,4,17
394922,394940,394943,3,18
394922,394939,394943,4,17
394922,394939,394943,4,17
394922,394939,394942,3,17
394922,394940,394943,3,18
394922,394940,394943,3,18
394922,394940,394943,3,18
394922,394940,394944,4,18
394922,394933,394943,10,11
394922,394938,394943,5,16
394922,394939,394943,4,17
394922,394940,394943,3,18
394922,394940,394943,3,18
394922,394940,394943,3,18
394922,394940,394943,3,18
394922,394940,394943,3,18
394922,394941,394943,2,19
394922,394939,394943,4,17
394922,394940,394944,4,18
394922,394940,394944,4,18
393140,393170,395162,1992,30
395164,395164,395165,1,0
395164,395164,395165,1,0
395164,395164,395165,1,0
395164,395164,395165,1,0
395164,395164,395165,1,0
395164,395164,395166,2,0
395164,395164,395165,1,0
395164,395164,395165,1,0
395164,395164,395165,1,0
395164,395164,395165,1,0
395164,395164,395166,2,0
395164,395164,395165,1,0
395164,395164,395166,2,0
395164,395164,395165,1,0
395164,395164,395166,2,0
395164,395164,395165,1,0
395164,395164,395166,2,0
395164,395164,395166,2,0
395164,395164,395166,2,0
395164,395164,395166,2,0
395164,395164,395166,2,0
395164,395164,395166,2,0
395164,395164,395167,3,0
395164,395164,395166,2,0
395164,395166,395168,2,2
395164,395166,395169,3,2
395164,395164,395168,4,0
395164,395166,395169,3,2
395164,395166,395169,3,2
395164,395166,395169,3,2
395164,395166,395169,3,2
395164,395166,395169,3,2
395164,395166,395169,3,2
395164,395166,395169,3,2
395164,395166,395170,4,2
395164,395166,395169,3,2
395164,395166,395169,3,2
395164,395166,395169,3,2
395164,395166,395170,4,2
395164,395166,395170,4,2
395164,395166,395170,4,2
395164,395166,395170,4,2
395164,395166,395169,3,2
395164,395166,395169,3,2
395164,395167,395170,3,3
395164,395167,395170,3,3
395164,395169,395171,2,5
395164,395169,395171,2,5
395164,395167,395171,4,3
395164,395167,395171,4,3
395164,395167,395171,4,3
395164,395170,395171,1,6
395164,395170,395172,2,6
395164,395169,395171,2,5
395164,395169,395171,2,5
395164,395170,395172,2,6
395164,395170,395172,2,6
395164,395169,395171,2,5
395164,395170,395172,2,6
395164,395171,395173,2,7
395164,395170,395172,2,6
395164,395170,395173,3,6
395164,395170,395173,3,6
395164,395170,395173,3,6
395164,395170,395174,4,6
395164,395170,395174,4,6
395164,395170,395175,5,6
395164,395170,395175,5,6
395164,395170,395175,5,6
395164,395170,395174,4,6
395164,395170,395175,5,6
395164,395171,395175,4,7
395164,395172,395176,4,8
395164,395172,395176,4,8
395164,395172,395176,4,8
395164,395172,395176,4,8
395164,395172,395176,4,8
395164,395172,395177,5,8
395164,395172,395177,5,8
395164,395172,395177,5,8
395164,395172,395176,4,8
395164,395172,395176,4,8
395164,395172,395176,4,8
395164,395173,395177,4,9
395164,395176,395177,1,12
395164,395172,395176,4,8
395164,395173,395177,4,9
395164,395176,395177,1,12
395164,395173,395177,4,9
395164,395176,395177,1,12
395164,395176,395177,1,12
395164,395174,395177,3,10
395164,395174,395177,3,10
395164,395175,395177,2,11
395164,395175,395177,2,11
395164,395176,395177,1,12
395164,395173,395178,5,9
395164,395174,395178,4,10
395164,395175,395178,3,11
395164,395175,395178,3,11
395164,395176,395178,2,12
395164,395177,395178,1,13
395164,395177,395179,2,13
395164,395177,395178,1,13
395164,395175,395178,3,11
395164,395177,395179,2,13
395164,395177,395180,3,13
395164,395177,395180,3,13
395164,395177,395179,2,13
395164,395177,395179,2,13
395164,395177,395180,3,13
395164,395177,395180,3,13
395164,395177,395180,3,13
395164,395177,395180,3,13
395164,395177,395180,3,13
395164,395177,395180,3,13
395164,395178,395181,3,14
395164,395177,395181,4,13
395164,395178,395181,3,14
395164,395178,395181,3,14
395164,395178,395181,3,14
395164,395178,395181,3,14
395164,395178,395182,4,14
395164,395179,395182,3,15
395164,395180,395182,2,16
395164,395180,395182,2,16
395164,395180,395182,2,16
395164,395180,395182,2,16
395164,395180,395182,2,16
395164,395180,395182,2,16
395164,395178,395182,4,14
395164,395179,395183,4,15
395164,395179,395182,3,15
395164,395179,395182,3,15
395164,395180,395183,3,16
395164,395180,395183,3,16
395164,395180,395183,3,16
395164,395180,395183,3,16
395164,395180,395183,3,16
395164,395179,395183,4,15
395164,395182,395183,1,18
395164,395179,395183,4,15
395164,395182,395184,2,18
395164,395182,395184,2,18
395164,395182,395184,2,18
395164,395181,395183,2,17
395164,395182,395184,2,18
395164,395182,395184,2,18
395164,395182,395184,2,18
395164,395182,395185,3,18
392863,392904,395348,2444,41
395349,395349,395351,2,0
395349,395349,395351,2,0
395349,395349,395351,2,0
395349,395349,395351,2,0
395349,395349,395351,2,0
395349,395349,395352,3,0
395349,395349,395351,2,0
395349,395349,395351,2,0
395349,395349,395351,2,0
395349,395349,395352,3,0
395349,395349,395352,3,0
395349,395349,395352,3,0
395349,395349,395351,2,0
395349,395349,395352,3,0
395349,395349,395352,3,0
395349,395349,395352,3,0
395349,395349,395352,3,0
395349,395349,395352,3,0
395349,395349,395352,3,0
395349,395349,395352,3,0
395349,395349,395352,3,0
395349,395349,395352,3,0
395349,395349,395352,3,0
395349,395349,395353,4,0
395349,395349,395353,4,0
395349,395352,395353,1,3
395349,395352,395353,1,3
395349,395352,395353,1,3
395349,395352,395354,2,3
395349,395352,395354,2,3
395349,395352,395354,2,3
395349,395352,395354,2,3
395349,395352,395354,2,3
395349,395352,395354,2,3
395349,395352,395354,2,3
395349,395352,395354,2,3
395349,395352,395354,2,3
395349,395352,395354,2,3
395349,395352,395354,2,3
395349,395352,395354,2,3
395349,395352,395355,3,3
395349,395353,395355,2,4
395349,395353,395355,2,4
395349,395353,395355,2,4
395349,395353,395356,3,4
395349,395354,395356,2,5
395349,395354,395356,2,5
395349,395354,395356,2,5
395349,395354,395356,2,5
395349,395355,395357,2,6
395349,395354,395356,2,5
395349,395354,395356,2,5
395349,395355,395357,2,6
395349,395355,395357,2,6
395349,395353,395356,3,4
395349,395353,395356,3,4
395349,395353,395356,3,4
395349,395354,395357,3,5
395349,395355,395357,2,6
395349,395355,395358,3,6
395349,395356,395358,2,7
395349,395356,395358,2,7
395349,395356,395358,2,7
395349,395356,395358,2,7
395349,395355,395358,3,6
395349,395355,395357,2,6
395349,395355,395358,3,6
395349,395355,395358,3,6
395349,395355,395357,2,6
395349,395354,395358,4,5
395349,395357,395359,2,8
395349,395356,395358,2,7
395349,395356,395358,2,7
395349,395356,395358,2,7
395349,395357,395360,3,8
395349,395358,395361,3,9
395349,395358,395361,3,9
395349,395357,395361,4,8
395349,395357,395360,3,8
395349,395357,395360,3,8
395349,395359,395361,2,10
395349,395357,395361,4,8
395349,395358,395361,3,9
395349,395357,395361,4,8
395349,395357,395361,4,8
395349,395358,395361,3,9
395349,395358,395361,3,9
395349,395358,395361,3,9
395349,395358,395361,3,9
395349,395357,395361,4,8
395349,395361,395362,1,12
395349,395360,395361,1,11
395349,395359,395362,3,10
395349,395359,395362,3,10
395349,395358,395361,3,9
395349,395359,395361,2,10
395349,395358,395362,4,9
395349,395358,395362,4,9
395349,395358,395362,4,9
395349,395358,395362,4,9
395349,395359,395362,3,10
395349,395361,395363,2,12
395349,395361,395362,1,12
395349,395361,395362,1,12
395349,395361,395363,2,12
395349,395361,395363,2,12
395349,395361,395362,1,12
395349,395361,395363,2,12
395349,395361,395363,2,12
395349,395361,395363,2,12
395349,395361,395363,2,12
395349,395361,395363,2,12
395349,395361,395363,2,12
395349,395361,395363,2,12
395349,395362,395364,2,13
395349,395362,395364,2,13
395349,395361,395364,3,12
395349,395362,395366,4,13
395349,395362,395366,4,13
395349,395362,395366,4,13
395349,395363,395367,4,14
395349,395363,395367,4,14
395349,395363,395367,4,14
395349,395363,395367,4,14
395349,395363,395367,4,14
395349,395362,395367,5,13
395349,395362,395367,5,13
395349,395363,395367,4,14
395349,395363,395367,4,14
395349,395364,395367,3,15
395349,395364,395367,3,15
395349,395364,395368,4,15
395349,395363,395367,4,14
395349,395363,395367,4,14
395349,395363,395367,4,14
395349,395364,395368,4,15
395349,395363,395368,5,14
395349,395364,395368,4,15
395349,395364,395368,4,15
395349,395365,395369,4,16
395349,395364,395368,4,15
395349,395364,395369,5,15
395349,395367,395369,2,18
395349,395367,395369,2,18
395349,395367,395369,2,18
395349,395367,395369,2,18
395349,395367,395369,2,18
395349,395367,395369,2,18
395349,395367,395369,2,18
395349,395367,395370,3,18
395374,395374,395375,1,0
393319,393338,395430,2092,19
395432,395432,395434,2,0
395432,395432,395434,2,0
395432,395432,395434,2,0
395432,395432,395434,2,0
395432,395432,395435,3,0
395432,395432,395435,3,0
395432,395432,395434,2,0
395432,395432,395434,2,0
395432,395432,395434,2,0
395432,395432,395435,3,0
395432,395432,395435,3,0
395432,395432,395435,3,0
395432,395432,395435,3,0
395432,395432,395435,3,0
395432,395432,395435,3,0
395432,395432,395435,3,0
395432,395432,395435,3,0
395432,395432,395435,3,0
395432,395432,395435,3,0
395432,395432,395434,2,0
395432,395432,395434,2,0
395432,395432,395435,3,0
395432,395432,395436,4,0
395432,395434,395435,1,2
395432,395434,395435,1,2
395432,395434,395435,1,2
395432,395435,395437,2,3
395432,395435,395437,2,3
395432,395435,395436,1,3
395432,395435,395436,1,3
395432,395435,395436,1,3
395432,395435,395437,2,3
395432,395435,395437,2,3
395432,395435,395437,2,3
395432,395435,395437,2,3
395432,395435,395437,2,3
395432,395435,395437,2,3
395432,395435,395437,2,3
395432,395435,395437,2,3
395432,395436,395439,3,4
395432,395435,395439,4,3
395432,395435,395438,3,3
395432,395436,395439,3,4
395432,395436,395440,4,4
395432,395436,395439,3,4
395432,395437,395440,3,5
395432,395437,395440,3,5
395432,395437,395440,3,5
395432,395435,395439,4,3
395432,395435,395439,4,3
395432,395435,395440,5,3
395432,395435,395440,5,3
395432,395438,395441,3,6
395432,395439,395441,2,7
395432,395437,395441,4,5
395432,395437,395441,4,5
395432,395438,395441,3,6
395432,395438,395441,3,6
395432,395437,395441,4,5
395432,395437,395441,4,5
395432,395437,395441,4,5
395432,395439,395441,2,7
395432,395438,395441,3,6
395432,395440,395442,2,8
395432,395438,395442,4,6
395432,395440,395442,2,8
395432,395440,395442,2,8
395432,395440,395442,2,8
395432,395440,395442,2,8
395432,395439,395442,3,7
395432,395440,395442,2,8
395432,395440,395442,2,8
395432,395440,395443,3,8
395432,395441,395444,3,9
395432,395442,395444,2,10
395432,395441,395444,3,9
395432,395441,395444,3,9
395432,395441,395444,3,9
395432,395441,395444,3,9
395432,395441,395444,3,9
395432,395441,395444,3,9
395432,395442,395444,2,10
395432,395441,395444,3,9
395432,395441,395444,3,9
395432,395441,395444,3,9
395432,395440,395444,4,8
395432,395442,395444,2,10
395432,395440,395445,5,8
395432,395442,395444,2,10
395432,395442,395445,3,10
395432,395442,395445,3,10
395432,395442,395445,3,10
395432,395442,395446,4,10
395432,395442,395446,4,10
395432,395444,395446,2,12
395432,395444,395447,3,12
395432,395445,395447,2,13
395432,395445,395447,2,13
395432,395445,395447,2,13
395432,395445,395447,2,13
395432,395444,395447,3,12
395432,395445,395448,3,13
395432,395445,395447,2,13
395432,395445,395448,3,13
395432,395444,395447,3,12
395432,395445,395447,2,13
395432,395445,395447,2,13
395432,395446,395448,2,14
395432,395447,395448,1,15
395432,395447,395448,1,15
395432,395448,395449,1,16
395432,395445,395448,3,13
395432,395445,395448,3,13
395432,395445,395448,3,13
395432,395446,395449,3,14
395432,395446,395449,3,14
395432,395445,395449,4,13
395432,395446,395448,2,14
395432,395446,395448,2,14
395432,395447,395449,2,15
395432,395448,395449,1,16
395432,395448,395449,1,16
395432,395445,395450,5,13
395432,395448,395450,2,16
395432,395448,395451,3,16
395432,395448,395450,2,16
395432,395448,395450,2,16
395432,395448,395451,3,16
395432,395448,395450,2,16
395432,395448,395450,2,16
395432,395448,395451,3,16
395432,395449,395451,2,17
395432,395449,395451,2,17
395432,395449,395451,2,17
395432,395449,395451,2,17
395432,395449,395451,2,17
395432,395449,395451,2,17
395432,395449,395451,2,17
395432,395449,395451,2,17
395432,395449,395452,3,17
395432,395449,395452,3,17
395432,395449,395453,4,17
395432,395448,395453,5,16
395432,395450,395453,3,18
395432,395449,395453,4,17
395432,395450,395454,4,18
395432,395450,395454,4,18
395432,395450,395455,5,18
393825,393841,395465,1624,16
395467,395467,395470,3,0
395467,395467,395470,3,0
395467,395467,395470,3,0
395467,395467,395470,3,0
395467,395467,395470,3,0
395467,395467,395470,3,0
395467,395467,395470,3,0
395467,395467,395471,4,0
395467,395467,395470,3,0
395467,395467,395470,3,0
395467,395467,395471,4,0
395467,395467,395470,3,0
395467,395467,395470,3,0
395467,395467,395470,3,0
395467,395467,395470,3,0
395467,395467,395470,3,0
395467,395467,395471,4,0
395467,395467,395470,3,0
395467,395467,395470,3,0
395467,395467,395471,4,0
395467,395467,395470,3,0
395467,395467,395470,3,0
395467,395467,395471,4,0
395467,395467,395471,4,0
395467,395470,395471,1,3
395467,395470,395471,1,3
395467,395470,395472,2,3
395467,395470,395472,2,3
395467,395470,395472,2,3
395467,395470,395471,1,3
395467,395471,395472,1,4
395467,395470,395472,2,3
395467,395471,395473,2,4
395467,395471,395474,3,4
395467,395471,395474,3,4
395467,395471,395475,4,4
395467,395471,395475,4,4
395467,395471,395475,4,4
395467,395471,395475,4,4
395467,395471,395475,4,4
395467,395471,395476,5,4
395467,395472,395476,4,5
395467,395471,395476,5,4
395467,395471,395476,5,4
395467,395471,395476,5,4
395467,395471,395476,5,4
395467,395471,395476,5,4
395467,395472,395476,4,5
395467,395471,395476,5,4
395467,395473,395476,3,6
395467,395472,395477,5,5
395467,395472,395477,5,5
395467,395472,395477,5,5
395467,395472,395477,5,5
395467,395467,395477,10,0
395467,395474,395478,4,7
395467,395473,395478,5,6
395467,395474,395478,4,7
395467,395476,395479,3,9
395467,395474,395479,5,7
395467,395473,395479,6,6
395467,395475,395479,4,8
395467,395475,395479,4,8
395467,395477,395479,2,10
395467,395477,395479,2,10
395467,395477,395479,2,10
395467,395477,395479,2,10
395467,395477,395479,2,10
395467,395477,395479,2,10
395467,395477,395479,2,10
395467,395477,395479,2,10
395467,395477,395480,3,10
395467,395476,395480,4,9
395467,395477,395480,3,10
395467,395477,395480,3,10
395467,395477,395480,3,10
395467,395477,395480,3,10
395467,395475,395480,5,8
395467,395478,395480,2,11
395467,395479,395482,3,12
395467,395478,395483,5,11
395467,395480,395483,3,13
395467,395480,395484,4,13
395467,395480,395484,4,13
395467,395479,395484,5,12
395467,395480,395483,3,13
395467,395480,395484,4,13
395467,395480,395484,4,13
395467,395479,395483,4,12
395467,395479,395483,4,12
395467,395480,395484,4,13
395467,395480,395483,3,13
395467,395479,395484,5,12
395467,395480,395484,4,13
395467,395480,395484,4,13
395467,395480,395484,4,13
395467,395481,395484,3,14
395467,395480,395484,4,13
395467,395480,395484,4,13
395467,395480,395485,5,13
395467,395480,395485,5,13
395467,395480,395486,6,13
395467,395480,395486,6,13
395467,395484,395486,2,17
395467,395484,395486,2,17
395467,395484,395486,2,17
395467,395484,395487,3,17
395467,395483,395486,3,16
395467,395484,395487,3,17
395467,395484,395487,3,17
395467,395484,395487,3,17
395467,395485,395487,2,18
395467,395485,395487,2,18
395467,395485,395487,2,18
395467,395485,395487,2,18
395467,395484,395487,3,17
395467,395485,395487,2,18
395467,395486,395488,2,19
395467,395486,395488,2,19
395467,395484,395487,3,17
395467,395484,395487,3,17
395467,395484,395487,3,17
395467,395484,395488,4,17
395467,395484,395487,3,17
395467,395485,395488,3,18
395467,395487,395489,2,20
395467,395487,395489,2,20
395467,395487,395488,1,20
395467,395487,395489,2,20
395467,395487,395489,2,20
395467,395487,395489,2,20
395467,395486,395489,3,19
395467,395486,395489,3,19
395467,395487,395489,2,20
395467,395488,395489,1,21
395467,395488,395489,1,21
395467,395488,395489,1,21
395467,395488,395489,1,21
395467,395488,395490,2,21
395467,395488,395490,2,21
395467,395488,395489,1,21
395467,395478,395490,12,11
395467,395488,395490,2,21
395467,395488,395490,2,21
395467,395488,395490,2,21
395467,395488,395490,2,21
395467,395488,395490,2,21
395467,395488,395490,2,21
395467,395488,395490,2,21
395467,395488,395492,4,21
392860,392876,395514,2638,16
395516,395516,395521,5,0
395516,395516,395520,4,0
395516,395516,395520,4,0
395516,395516,395520,4,0
395516,395516,395520,4,0
395516,395516,395520,4,0
395516,395516,395521,5,0
395516,395516,395520,4,0
395516,395516,395521,5,0
395516,395516,395521,5,0
395516,395516,395521,5,0
395516,395516,395521,5,0
395516,395516,395521,5,0
395516,395516,395521,5,0
395516,395516,395521,5,0
395516,395516,395522,6,0
395516,395516,395522,6,0
395516,395516,395522,6,0
395516,395516,395522,6,0
395516,395516,395523,7,0
395516,395516,395523,7,0
395516,395516,395522,6,0
395516,395521,395523,2,5
395516,395521,395524,3,5
395516,395522,395524,2,6
395516,395521,395524,3,5
395516,395521,395524,3,5
395516,395521,395524,3,5
395516,395521,395524,3,5
395516,395521,395524,3,5
395516,395522,395525,3,6
395516,395522,395524,2,6
395516,395522,395525,3,6
395516,395521,395524,3,5
395516,395521,395524,3,5
395516,395523,395526,3,7
395516,395522,395526,4,6
395516,395524,395526,2,8
395516,395523,395526,3,7
395516,395523,395526,3,7
395516,395523,395525,2,7
395516,395524,395526,2,8
395516,395523,395526,3,7
395516,395523,395526,3,7
395516,395523,395526,3,7
395516,395522,395526,4,6
395516,395525,395526,1,9
395516,395525,395527,2,9
395516,395525,395527,2,9
395516,395525,395527,2,9
395516,395525,395526,1,9
395516,395525,395527,2,9
395516,395525,395527,2,9
395516,395516,395527,11,0
395516,395525,395527,2,9
395516,395525,395527,2,9
395516,395525,395528,3,9
395516,395516,395528,12,0
395516,395526,395528,2,10
395516,395525,395528,3,9
395516,395527,395529,2,11
395516,395526,395530,4,10
395516,395526,395529,3,10
395516,395526,395530,4,10
395516,395526,395531,5,10
395516,395526,395531,5,10
395516,395526,395530,4,10
395516,395526,395530,4,10
395516,395526,395530,4,10
395516,395527,395532,5,11
395516,395527,395532,5,11
395516,395527,395531,4,11
395516,395526,395531,5,10
395516,395527,395532,5,11
395516,395527,395533,6,11
395516,395527,395532,5,11
395516,395530,395534,4,14
395516,395527,395533,6,11
395516,395528,395533,5,12
395516,395530,395534,4,14
395516,395528,395533,5,12
395516,395528,395534,6,12
395516,395530,395534,4,14
395516,395529,395534,5,13
395516,395530,395535,5,14
395516,395529,395534,5,13
395516,395534,395536,2,18
395516,395532,395536,4,16
395516,395532,395535,3,16
395516,395532,395536,4,16
395516,395531,395536,5,15
395516,395531,395536,5,15
395516,395532,395536,4,16
395516,395533,395536,3,17
395516,395533,395536,3,17
395516,395533,395536,3,17
395516,395531,395536,5,15
395516,395531,395536,5,15
395516,395531,395536,5,15
395516,395535,395537,2,19
395516,395529,395536,7,13
395516,395536,395537,1,20
395516,395534,395537,3,18
395516,395534,395537,3,18
395516,395534,395537,3,18
395516,395535,395537,2,19
395516,395536,395537,1,20
395516,395534,395537,3,18
395516,395535,395537,2,19
395516,395534,395537,3,18
395516,395537,395538,1,21
395516,395537,395538,1,21
395516,395536,395538,2,20
395516,395534,395537,3,18
395516,395536,395538,2,20
395516,395536,395538,2,20
395516,395536,395538,2,20
395516,395536,395537,1,20
395516,395536,395538,2,20
395516,395536,395537,1,20
395516,395536,395537,1,20
395516,395537,395538,1,21
395516,395536,395538,2,20
395516,395536,395538,2,20
395516,395536,395538,2,20
395516,395537,395538,1,21
395516,395537,395539,2,21
395516,395537,395539,2,21
395516,395537,395539,2,21
395516,395537,395538,1,21
395516,395537,395539,2,21
395516,395538,395539,1,22
395516,395538,395540,2,22
395516,395538,395539,1,22
395516,395538,395539,1,22
395516,395538,395540,2,22
395516,395538,395540,2,22
395516,395537,395540,3,21
395516,395538,395540,2,22
395516,395538,395540,2,22
395516,395538,395540,2,22
395516,395538,395540,2,22
395516,395538,395540,2,22
395516,395538,395541,3,22
395516,395538,395540,2,22
395516,395538,395541,3,22
395516,395538,395541,3,22
395516,395538,395541,3,22
393282,393305,395548,2243,23
395551,395551,395555,4,0
395551,395551,395555,4,0
395551,395551,395555,4,0
395551,395551,395555,4,0
395551,395551,395555,4,0
395551,395551,395555,4,0
395551,395551,395555,4,0
395551,395551,395555,4,0
395551,395551,395555,4,0
395551,395551,395555,4,0
395551,395551,395555,4,0
395551,395551,395556,5,0
395551,395551,395556,5,0
395551,395551,395555,4,0
395551,395551,395556,5,0
395551,395551,395555,4,0
395551,395551,395556,5,0
395551,395551,395557,6,0
395551,395551,395557,6,0
395551,395551,395557,6,0
395551,395551,395557,6,0
395551,395551,395557,6,0
395551,395551,395557,6,0
395551,395556,395557,1,5
395551,395556,395557,1,5
395551,395556,395558,2,5
395551,395556,395557,1,5
395551,395556,395557,1,5
395551,395556,395558,2,5
395551,395556,395558,2,5
395551,395556,395557,1,5
395551,395556,395558,2,5
395551,395556,395558,2,5
395551,395556,395558,2,5
395551,395556,395558,2,5
395551,395556,395558,2,5
395551,395557,395559,2,6
395551,395556,395558,2,5
395551,395556,395559,3,5
395551,395556,395559,3,5
395551,395557,395559,2,6
395551,395558,395560,2,7
395551,395558,395560,2,7
395551,395558,395560,2,7
395551,395558,395560,2,7
395551,395558,395560,2,7
395551,395558,395560,2,7
395551,395558,395560,2,7
395551,395557,395559,2,6
395551,395557,395560,3,6
395551,395557,395559,2,6
395551,395557,395559,2,6
395551,395557,395560,3,6
395551,395558,395560,2,7
395551,395558,395560,2,7
395551,395558,395560,2,7
395551,395558,395560,2,7
395551,395559,395563,4,8
395551,395560,395563,3,9
395551,395560,395564,4,9
395551,395559,395563,4,8
395551,395560,395563,3,9
395551,395560,395564,4,9
395551,395559,395563,4,8
395551,395559,395563,4,8
395551,395559,395563,4,8
395551,395559,395563,4,8
395551,395560,395564,4,9
395551,395559,395563,4,8
395551,395560,395564,4,9
395551,395560,395563,3,9
395551,395560,395564,4,9
395551,395560,395564,4,9
395551,395561,395565,4,10
395551,395560,395564,4,9
395551,395560,395565,5,9
395551,395560,395565,5,9
395551,395564,395566,2,13
395551,395564,395566,2,13
395551,395561,395565,4,10
395551,395561,395565,4,10
395551,395564,395566,2,13
395551,395561,395565,4,10
395551,395564,395566,2,13
395551,395564,395566,2,13
395551,395564,395566,2,13
395551,395563,395565,2,12
395551,395564,395566,2,13
395551,395564,395566,2,13
395551,395565,395566,1,14
395551,395564,395566,2,13
395551,395564,395566,2,13
395551,395565,395567,2,14
395551,395564,395567,3,13
395551,395564,395567,3,13
395551,395565,395567,2,14
395551,395564,395568,4,13
395551,395565,395568,3,14
395551,395564,395568,4,13
395551,395566,395569,3,15
395551,395566,395568,2,15
395551,395566,395569,3,15
395551,395564,395568,4,13
395551,395566,395569,3,15
395551,395566,395569,3,15
395551,395566,395569,3,15
395551,395566,395569,3,15
395551,395566,395569,3,15
395551,395567,395570,3,16
395551,395567,395570,3,16
395551,395567,395570,3,16
395551,395568,395570,2,17
395551,395566,395570,4,15
395551,395567,395570,3,16
395551,395567,395570,3,16
395551,395567,395570,3,16
395551,395567,395570,3,16
395551,395569,395571,2,18
395551,395569,395571,2,18
395551,395569,395571,2,18
395551,395569,395571,2,18
395551,395567,395571,4,16
395551,395567,395571,4,16
395551,395567,395571,4,16
395551,395569,395571,2,18
395551,395570,395571,1,19
395551,395570,395571,1,19
395551,395570,395571,1,19
395551,395570,395572,2,19
395551,395568,395571,3,17
395551,395570,395572,2,19
395551,395570,395572,2,19
395551,395570,395572,2,19
395551,395571,395573,2,20
395551,395571,395572,1,20
395551,395571,395572,1,20
395551,395571,395572,1,20
395551,395572,395573,1,21
395551,395571,395573,2,20
395551,395571,395574,3,20
395551,395571,395574,3,20
395551,395571,395573,2,20
395551,395571,395574,3,20
395551,395571,395574,3,20
395551,395572,395574,2,21
395551,395572,395574,2,21
395551,395572,395574,2,21
395551,395572,395574,2,21
395516,395516,395530,14,0
395551,395572,395577,5,21
395551,395572,395577,5,21
395516,395576,395580,4,60
393052,393085,395821,2736,33
395822,395822,395823,1,0
395822,395822,395823,1,0
395822,395822,395823,1,0
395822,395822,395824,2,0
395822,395822,395824,2,0
395822,395822,395824,2,0
395822,395822,395823,1,0
395822,395822,395824,2,0
395822,395823,395824,1,1
395822,395822,395824,2,0
395822,395822,395824,2,0
395822,395822,395824,2,0
395822,395822,395824,2,0
395822,395822,395824,2,0
395822,395822,395824,2,0
395822,395822,395824,2,0
395822,395822,395824,2,0
395822,395822,395824,2,0
395822,395822,395824,2,0
395822,395822,395825,3,0
395822,395822,395825,3,0
395822,395822,395825,3,0
395822,395822,395825,3,0
395822,395822,395825,3,0
395822,395822,395827,5,0
395822,395822,395827,5,0
395822,395824,395827,3,2
395822,395824,395827,3,2
395822,395824,395827,3,2
395822,395824,395827,3,2
395822,395824,395827,3,2
395822,395824,395827,3,2
395822,395824,395827,3,2
395822,395824,395827,3,2
395822,395824,395827,3,2
395822,395825,395828,3,3
395822,395824,395827,3,2
395822,395824,395828,4,2
395822,395824,395828,4,2
395822,395824,395828,4,2
395822,395824,395828,4,2
395822,395826,395828,2,4
395822,395825,395828,3,3
395822,395825,395828,3,3
395822,395825,395828,3,3
395822,395826,395828,2,4
395822,395826,395828,2,4
395822,395826,395829,3,4
395822,395827,395829,2,5
395822,395827,395829,2,5
395822,395827,395829,2,5
395822,395827,395829,2,5
395822,395827,395829,2,5
395822,395827,395829,2,5
395822,395827,395829,2,5
395822,395826,395829,3,4
395822,395827,395829,2,5
395822,395828,395830,2,6
395822,395828,395831,3,6
395822,395827,395831,4,5
395822,395827,395831,4,5
395822,395828,395831,3,6
395822,395829,395831,2,7
395822,395829,395831,2,7
395822,395829,395831,2,7
395822,395829,395831,2,7
395822,395829,395831,2,7
395822,395829,395831,2,7
395822,395829,395831,2,7
395822,395829,395831,2,7
395822,395829,395831,2,7
395822,395829,395832,3,7
395822,395830,395832,2,8
395822,395830,395832,2,8
395822,395830,395832,2,8
395822,395830,395832,2,8
395822,395830,395832,2,8
395822,395830,395832,2,8
395822,395830,395832,2,8
395822,395830,395832,2,8
395822,395830,395833,3,8
395822,395829,395832,3,7
395822,395833,395834,1,11
395822,395833,395834,1,11
395822,395831,395833,2,9
395822,395832,395834,2,10
395822,395832,395834,2,10
395822,395832,395834,2,10
395822,395832,395834,2,10
395822,395832,395834,2,10
395822,395832,395834,2,10
395822,395831,395833,2,9
395822,395831,395834,3,9
395822,395831,395834,3,9
395822,395832,395834,2,10
395822,395833,395834,1,11
395822,395833,395834,1,11
395822,395833,395834,1,11
395822,395833,395834,1,11
395822,395832,395834,2,10
395822,395832,395834,2,10
395822,395832,395834,2,10
395822,395832,395834,2,10
395822,395833,395834,1,11
395822,395833,395835,2,11
395822,395834,395835,1,12
395822,395834,395835,1,12
395822,395834,395836,2,12
395822,395834,395836,2,12
395822,395834,395836,2,12
395822,395834,395836,2,12
395822,395834,395837,3,12
395822,395834,395837,3,12
395822,395834,395837,3,12
395822,395834,395837,3,12
395822,395835,395837,2,13
395822,395835,395837,2,13
395822,395835,395838,3,13
395822,395835,395837,2,13
395822,395834,395837,3,12
395822,395835,395838,3,13
395822,395835,395838,3,13
395822,395835,395838,3,13
395822,395835,395838,3,13
395822,395835,395838,3,13
395822,395836,395838,2,14
395822,395837,395838,1,15
395822,395836,395838,2,14
395822,395835,395838,3,13
395822,395835,395838,3,13
395822,395837,395838,1,15
395822,395837,395839,2,15
395822,395835,395839,4,13
395822,395835,395838,3,13
395822,395835,395838,3,13
395822,395836,395839,3,14
395822,395837,395839,2,15
395822,395837,395839,2,15
395822,395837,395839,2,15
392674,392704,395839,3135,30
395822,395837,395839,2,15
395822,395838,395839,1,16
395822,395838,395840,2,16
395822,395838,395839,1,16
395822,395838,395839,1,16
395822,395838,395840,2,16
395822,395838,395840,2,16
395840,395840,395843,3,0
395840,395840,395843,3,0
395840,395840,395843,3,0
395840,395840,395843,3,0
395840,395840,395843,3,0
395840,395840,395843,3,0
395840,395840,395843,3,0
395840,395840,395843,3,0
395840,395840,395843,3,0
395822,395839,395843,4,17
395840,395840,395843,3,0
395840,395840,395843,3,0
395840,395840,395843,3,0
395840,395840,395843,3,0
395840,395840,395844,4,0
395840,395840,395843,3,0
395840,395840,395843,3,0
395840,395840,395843,3,0
395840,395840,395843,3,0
395840,395840,395844,4,0
395840,395840,395843,3,0
395840,395840,395843,3,0
395840,395843,395844,1,3
395840,395843,395844,1,3
395840,395843,395845,2,3
395840,395840,395844,4,0
395840,395844,395846,2,4
395840,395841,395845,4,1
395840,395841,395845,4,1
395840,395844,395846,2,4
395840,395844,395846,2,4
395840,395844,395845,1,4
395840,395844,395845,1,4
395840,395844,395845,1,4
395840,395844,395846,2,4
395840,395844,395846,2,4
395840,395844,395846,2,4
395840,395844,395846,2,4
395840,395844,395846,2,4
395840,395844,395846,2,4
395840,395845,395847,2,5
395840,395844,395848,4,4
395840,395845,395848,3,5
395840,395844,395847,3,4
395840,395846,395848,2,6
395840,395844,395848,4,4
395840,395846,395849,3,6
395840,395846,395849,3,6
395840,395846,395849,3,6
395840,395846,395848,2,6
395840,395844,395848,4,4
395840,395844,395848,4,4
395840,395844,395848,4,4
395840,395844,395848,4,4
395840,395846,395849,3,6
395840,395846,395849,3,6
395840,395845,395849,4,5
395840,395846,395851,5,6
395840,395847,395852,5,7
395840,395846,395852,6,6
395840,395846,395852,6,6
395840,395848,395852,4,8
395840,395847,395852,5,7
395840,395848,395852,4,8
395840,395846,395852,6,6
395840,395848,395852,4,8
395840,395849,395853,4,9
395840,395849,395853,4,9
395840,395847,395852,5,7
395840,395851,395853,2,11
395840,395848,395853,5,8
395840,395849,395853,4,9
395840,395844,395854,10,4
395840,395848,395853,5,8
395840,395848,395854,6,8
395840,395849,395854,5,9
395840,395849,395854,5,9
395840,395849,395854,5,9
395840,395849,395854,5,9
395840,395849,395854,5,9
395840,395849,395854,5,9
395840,395849,395854,5,9
395840,395852,395853,1,12
395840,395852,395854,2,12
395840,395852,395854,2,12
395840,395853,395854,1,13
395840,395849,395854,5,9
395840,395853,395856,3,13
395840,395853,395856,3,13
395840,395853,395856,3,13
395840,395854,395857,3,14
395840,395853,395856,3,13
395840,395853,395857,4,13
395840,395853,395857,4,13
395840,395854,395857,3,14
395840,395854,395857,3,14
395840,395854,395857,3,14
395840,395853,395857,4,13
395840,395853,395857,4,13
395840,395853,395858,5,13
395840,395854,395857,3,14
395840,395854,395857,3,14
395840,395853,395858,5,13
395840,395854,395858,4,14
395840,395854,395858,4,14
395840,395854,395858,4,14
395840,395854,395858,4,14
395840,395854,395858,4,14
395840,395854,395858,4,14
395840,395855,395859,4,15
395840,395855,395859,4,15
395840,395857,395860,3,17
395840,395857,395860,3,17
395840,395857,395860,3,17
395840,395856,395860,4,16
395840,395856,395860,4,16
395840,395857,395860,3,17
395840,395857,395860,3,17
395840,395857,395860,3,17
395840,395858,395860,2,18
395840,395859,395860,1,19
395840,395856,395860,4,16
395840,395857,395861,4,17
395840,395858,395861,3,18
395840,395858,395861,3,18
395840,395858,395861,3,18
395840,395858,395861,3,18
395840,395860,395861,1,20
395840,395858,395861,3,18
395840,395859,395861,2,19
395840,395859,395861,2,19
395840,395858,395862,4,18
395840,395859,395862,3,19
395840,395858,395862,4,18
395840,395860,395862,2,20
395840,395860,395862,2,20
395840,395860,395862,2,20
395840,395860,395862,2,20
395840,395860,395862,2,20
395840,395858,395862,4,18
395840,395858,395862,4,18
395840,395861,395862,1,21
395840,395861,395862,1,21
395840,395861,395863,2,21
395840,395861,395862,1,21
395840,395861,395862,1,21
395840,395861,395863,2,21
395840,395861,395864,3,21
395840,395861,395864,3,21
395840,395854,395866,12,14
395840,395861,395866,5,21
393339,393367,395892,2525,28
395892,395892,395894,2,0
395892,395892,395894,2,0
395892,395892,395894,2,0
395892,395892,395894,2,0
393986,394013,395894,1881,27
395892,395892,395893,1,0
395892,395892,395894,2,0
395892,395892,395894,2,0
395892,395892,395894,2,0
395892,395892,395894,2,0
395892,395892,395894,2,0
395892,395892,395894,2,0
395892,395892,395894,2,0
395892,395892,395894,2,0
395892,395892,395894,2,0
395892,395892,395894,2,0
395892,395892,395894,2,0
395892,395892,395894,2,0
395892,395892,395894,2,0
395892,395892,395895,3,0
395892,395892,395895,3,0
395892,395892,395895,3,0
395892,395892,395895,3,0
395892,395894,395896,2,2
395892,395894,395897,3,2
395892,395894,395897,3,2
395892,395894,395897,3,2
395892,395894,395897,3,2
395892,395894,395896,2,2
395892,395895,395897,2,3
395892,395894,395897,3,2
395892,395894,395897,3,2
395892,395894,395897,3,2
395892,395894,395897,3,2
395892,395894,395897,3,2
395892,395894,395897,3,2
395892,395894,395898,4,2
395892,395894,395899,5,2
395892,395894,395898,4,2
395892,395897,395899,2,5
395892,395892,395899,7,0
395892,395895,395898,3,3
395892,395895,395899,4,3
395892,395892,395899,7,0
395892,395898,395899,1,6
395892,395895,395899,4,3
395892,395895,395899,4,3
395892,395896,395899,3,4
395892,395896,395899,3,4
395892,395896,395899,3,4
395892,395898,395899,1,6
395892,395898,395900,2,6
395892,395898,395899,1,6
395892,395898,395899,1,6
395892,395898,395900,2,6
395892,395898,395900,2,6
395892,395897,395900,3,5
395892,395898,395900,2,6
395892,395898,395900,2,6
395892,395898,395900,2,6
395892,395898,395900,2,6
395892,395899,395901,2,7
395892,395899,395901,2,7
395892,395900,395903,3,8
395892,395900,395903,3,8
395892,395900,395903,3,8
395892,395900,395903,3,8
395892,395899,395903,4,7
395892,395900,395903,3,8
395892,395900,395903,3,8
395892,395899,395903,4,7
395892,395899,395903,4,7
395892,395900,395903,3,8
395892,395900,395903,3,8
395892,395900,395903,3,8
395892,395900,395903,3,8
395892,395900,395903,3,8
395892,395901,395904,3,9
395892,395902,395904,2,10
395892,395901,395904,3,9
395892,395901,395904,3,9
395892,395901,395904,3,9
395892,395901,395904,3,9
395892,395901,395904,3,9
395892,395901,395904,3,9
395892,395901,395904,3,9
395892,395903,395905,2,11
395892,395903,395905,2,11
395892,395903,395904,1,11
395892,395903,395905,2,11
395892,395904,395906,2,12
395892,395904,395906,2,12
395892,395904,395906,2,12
395892,395904,395905,1,12
395892,395904,395906,2,12
395892,395904,395906,2,12
395892,395904,395906,2,12
395892,395904,395906,2,12
395892,395905,395906,1,13
395892,395905,395906,1,13
395892,395904,395906,2,12
395892,395904,395906,2,12
395892,395904,395906,2,12
395892,395905,395907,2,13
395892,395905,395907,2,13
395892,395905,395907,2,13
395892,395904,395907,3,12
395892,395905,395907,2,13
395892,395905,395907,2,13
395892,395905,395909,4,13
395892,395905,395909,4,13
395892,395905,395909,4,13
395892,395905,395909,4,13
395892,395906,395910,4,14
395892,395907,395910,3,15
395892,395906,395910,4,14
395892,395907,395910,3,15
395892,395906,395911,5,14
395892,395906,395911,5,14
395892,395907,395911,4,15
395892,395907,395911,4,15
395892,395908,395911,3,16
395892,395906,395910,4,14
395892,395907,395911,4,15
395892,395907,395911,4,15
395892,395899,395911,12,7
395892,395907,395911,4,15
395892,395907,395911,4,15
395892,395910,395912,2,18
395892,395908,395912,4,16
395892,395907,395911,4,15
395892,395909,395912,3,17
395892,395910,395912,2,18
395892,395907,395911,4,15
395892,395910,395912,2,18
395892,395906,395912,6,14
395892,395907,395912,5,15
395892,395910,395911,1,18
395892,395911,395913,2,19
395892,395911,395913,2,19
395892,395911,395913,2,19
395892,395911,395913,2,19
395892,395911,395912,1,19
395892,395911,395913,2,19
395892,395911,395913,2,19
395892,395911,395913,2,19
395892,395911,395913,2,19
395895,395912,395913,1,17
395895,395912,395913,1,17
395895,395912,395913,1,17
395892,395911,395913,2,19
395895,395912,395913,1,17
395895,395912,395913,1,17
395895,395913,395915,2,18
395895,395912,395915,3,17
395892,395911,395916,5,19
395895,395912,395916,4,17
395895,395912,395916,4,17
395895,395912,395916,4,17
395895,395912,395916,4,17
395895,395913,395916,3,18
395895,395912,395916,4,17
395895,395912,395915,3,17
395895,395913,395916,3,18
395895,395913,395916,3,18
395895,395913,395917,4,18
395895,395913,395917,4,18
395895,395913,395917,4,18
395895,395913,395917,4,18
395895,395913,395917,4,18
395895,395913,395917,4,18
395895,395914,395917,3,19
395895,395914,395918,4,19
393184,393204,395917,2713,20
395895,395914,395917,3,19
395895,395914,395918,4,19
395895,395914,395918,4,19
395895,395915,395919,4,20
395895,395915,395919,4,20
395895,395916,395919,3,21
395895,395916,395919,3,21
395895,395916,395919,3,21
395895,395918,395920,2,23
395895,395916,395920,4,21
395895,395916,395920,4,21
395895,395916,395920,4,21
395895,395916,395920,4,21
395895,395916,395920,4,21
395895,395917,395920,3,22
395895,395917,395920,3,22
395895,395917,395920,3,22
395895,395917,395920,3,22
395895,395917,395920,3,22
395895,395917,395920,3,22
395895,395918,395921,3,23
395895,395918,395921,3,23
395895,395919,395920,1,24
395895,395917,395920,3,22
395895,395918,395921,3,23
395895,395918,395920,2,23
395895,395918,395921,3,23
395895,395916,395920,4,21
395895,395920,395921,1,25
395895,395920,395922,2,25
395895,395919,395922,3,24
395895,395919,395922,3,24
395895,395919,395922,3,24
395895,395921,395922,1,26
395895,395921,395922,1,26
395895,395920,395923,3,25
395895,395921,395923,2,26
395895,395921,395923,2,26
395895,395921,395923,2,26
395895,395921,395924,3,26
395895,395921,395925,4,26
395895,395921,395925,4,26
395895,395920,395925,5,25
395895,395921,395925,4,26
395895,395921,395926,5,26
395895,395921,395926,5,26
395895,395921,395926,5,26
395895,395921,395926,5,26
395895,395922,395926,4,27
395895,395921,395926,5,26
395895,395921,395926,5,26
395895,395921,395926,5,26
395895,395922,395926,4,27
395895,395922,395927,5,27
395895,395923,395928,5,28
395895,395923,395927,4,28
395895,395924,395929,5,29
395895,395924,395928,4,29
395895,395922,395929,7,27
395895,395922,395929,7,27
395895,395923,395929,6,28
395895,395927,395930,3,32
395895,395927,395930,3,32
395895,395927,395930,3,32
395895,395924,395930,6,29
395895,395926,395930,4,31
395895,395926,395931,5,31
395895,395927,395931,4,32
395895,395925,395930,5,30
395895,395924,395930,6,29
395895,395925,395931,6,30
395895,395926,395930,4,31
395895,395926,395931,5,31
395895,395927,395931,4,32
395895,395927,395931,4,32
395895,395924,395931,7,29
395895,395929,395932,3,34
395895,395931,395932,1,36
395895,395931,395932,1,36
395895,395931,395933,2,36
395895,395927,395932,5,32
395895,395928,395932,4,33
395895,395928,395932,4,33
395895,395929,395932,3,34
395895,395930,395933,3,35
395895,395931,395933,2,36
395895,395930,395933,3,35
395895,395930,395933,3,35
395895,395931,395933,2,36
395895,395928,395933,5,33
395895,395932,395934,2,37
395895,395931,395933,2,36
395895,395931,395934,3,36
395895,395931,395934,3,36
395895,395931,395934,3,36
395895,395931,395934,3,36
395895,395933,395934,1,38
395895,395932,395934,2,37
395895,395931,395936,5,36
395895,395932,395935,3,37
395895,395933,395935,2,38
395895,395931,395936,5,36
395895,395933,395936,3,38
395895,395933,395936,3,38
395895,395933,395936,3,38
395895,395933,395937,4,38
395895,395933,395937,4,38
395895,395932,395936,4,37
395895,395933,395936,3,38
395892,395892,395900,8,0
395895,395933,395937,4,38
395895,395934,395939,5,39
395895,395934,395940,6,39
395895,395934,395940,6,39
395895,395935,395941,6,40
395895,395934,395940,6,39
395895,395935,395941,6,40
395895,395934,395941,7,39
395895,395934,395941,7,39
395895,395934,395941,7,39
395895,395934,395941,7,39
395920,395937,395943,6,17
395920,395937,395943,6,17
395895,395936,395943,7,41
395895,395934,395943,9,39
395895,395935,395943,8,40
395920,395937,395943,6,17
395920,395937,395943,6,17
395895,395936,395943,7,41
395895,395936,395943,7,41
395920,395937,395943,6,17
395920,395937,395943,6,17
395920,395941,395944,3,21
395920,395938,395944,6,18
395920,395940,395944,4,20
395920,395940,395944,4,20
395920,395941,395944,3,21
395920,395942,395945,3,22
395920,395943,395944,1,23
395920,395943,395944,1,23
395920,395938,395944,6,18
395920,395941,395944,3,21
395920,395941,395944,3,21
395920,395943,395945,2,23
395895,395936,395945,9,41
395920,395943,395945,2,23
395920,395942,395945,3,22
395920,395944,395945,1,24
395920,395944,395946,2,24
395920,395942,395946,4,22
395920,395944,395946,2,24
395920,395944,395946,2,24
395920,395945,395946,1,25
395920,395944,395946,2,24
395920,395944,395947,3,24
395920,395945,395947,2,25
395920,395945,395948,3,25
395920,395944,395948,4,24
395920,395945,395950,5,25
395920,395945,395950,5,25
395920,395945,395949,4,25
395920,395946,395950,4,26
395920,395945,395950,5,25
395920,395945,395950,5,25
395920,395946,395950,4,26
395920,395946,395950,4,26
395920,395945,395951,6,25
395920,395941,395951,10,21
395920,395947,395954,7,27
395920,395948,395954,6,28
395920,395945,395954,9,25
395920,395946,395954,8,26
395920,395946,395953,7,26
395920,395948,395954,6,28
395920,395946,395954,8,26
395920,395946,395954,8,26
395920,395948,395954,6,28
395920,395944,395955,11,24
395920,395947,395955,8,27
395920,395950,395955,5,30
395920,395950,395955,5,30
395920,395950,395955,5,30
395920,395951,395955,4,31
395920,395951,395956,5,31
395920,395950,395956,6,30
395920,395950,395955,5,30
395920,395950,395956,6,30
395920,395947,395956,9,27
395920,395947,395956,9,27
395920,395954,395956,2,34
395920,395951,395956,5,31
395920,395954,395957,3,34
395920,395955,395957,2,35
395920,395955,395958,3,35
395920,395954,395958,4,34
395920,395956,395958,2,36
395920,395956,395958,2,36
395920,395954,395958,4,34
395920,395955,395958,3,35
395920,395956,395958,2,36
395920,395956,395958,2,36
395920,395956,395958,2,36
395920,395954,395959,5,34
395920,395957,395959,2,37
395920,395956,395961,5,36
395920,395956,395961,5,36
395920,395956,395961,5,36
395920,395959,395961,2,39
395920,395955,395961,6,35
395920,395955,395961,6,35
395920,395957,395961,4,37
395920,395957,395961,4,37
395920,395959,395962,3,39
395920,395958,395961,3,38
395920,395959,395961,2,39
395920,395959,395961,2,39
395920,395959,395962,3,39
395920,395957,395961,4,37
395920,395960,395962,2,40
395920,395959,395962,3,39
395920,395958,395963,5,38
395920,395962,395963,1,42
395920,395962,395964,2,42
395920,395960,395963,3,40
395920,395962,395963,1,42
395920,395962,395964,2,42
395920,395959,395963,4,39
395920,395962,395964,2,42
395920,395962,395964,2,42
395920,395962,395964,2,42
395920,395962,395963,1,42
395920,395962,395963,1,42
395920,395958,395963,5,38
395920,395962,395964,2,42
395920,395959,395964,5,39
395920,395962,395964,2,42
395920,395963,395964,1,43
395920,395962,395964,2,42
395920,395962,395964,2,42
395920,395963,395964,1,43
395920,395962,395964,2,42
395920,395964,395967,3,44
395920,395952,395967,15,32
395920,395964,395967,3,44
395920,395964,395968,4,44
395920,395964,395967,3,44
395920,395964,395968,4,44
395920,395964,395967,3,44
395920,395964,395967,3,44
395920,395965,395968,3,45
395920,395964,395968,4,44
395920,395964,395968,4,44
395920,395964,395967,3,44
395920,395964,395967,3,44
395920,395965,395968,3,45
395920,395965,395968,3,45
395920,395964,395969,5,44
395920,395967,395969,2,47
395920,395965,395969,4,45
395920,395965,395968,3,45
395920,395964,395968,4,44
395920,395965,395969,4,45
395920,395965,395969,4,45
395920,395968,395970,2,48
395920,395968,395970,2,48
395920,395968,395970,2,48
395920,395968,395970,2,48
395920,395968,395970,2,48
395920,395968,395969,1,48
395920,395968,395970,2,48
395920,395968,395970,2,48
395920,395955,395970,15,35
395920,395965,395970,5,45
395920,395968,395971,3,48
395920,395968,395971,3,48
395920,395967,395977,10,47
395892,395938,395946,8,46
395920,395979,395983,4,59
393375,393432,396098,2666,57
394493,394507,396112,1605,14
396215,396215,396216,1,0
396215,396215,396216,1,0
396215,396215,396217,2,0
396215,396215,396217,2,0
396215,396215,396217,2,0
396215,396215,396216,1,0
396215,396215,396217,2,0
396215,396215,396217,2,0
396215,396215,396217,2,0
396215,396215,396217,2,0
396215,396215,396217,2,0
396215,396215,396217,2,0
396215,396215,396217,2,0
396215,396215,396216,1,0
396215,396216,396217,1,1
396215,396215,396217,2,0
396215,396215,396217,2,0
396215,396215,396217,2,0
396215,396215,396217,2,0
396215,396215,396217,2,0
396215,396215,396217,2,0
396215,396215,396217,2,0
396215,396216,396217,1,1
396215,396215,396218,3,0
396215,396215,396218,3,0
396215,396215,396219,4,0
396215,396215,396219,4,0
396215,396217,396220,3,2
396215,396215,396219,4,0
396215,396217,396221,4,2
396215,396217,396221,4,2
396215,396217,396221,4,2
396215,396217,396221,4,2
396215,396217,396221,4,2
396215,396217,396220,3,2
396215,396217,396221,4,2
396215,396217,396221,4,2
396215,396217,396221,4,2
396215,396217,396221,4,2
396215,396217,396222,5,2
396215,396217,396222,5,2
396215,396218,396222,4,3
396215,396217,396222,5,2
396215,396220,396223,3,5
396215,396218,396223,5,3
396215,396218,396223,5,3
396215,396219,396223,4,4
396215,396218,396222,4,3
396215,396218,396222,4,3
396215,396218,396222,4,3
396215,396220,396223,3,5
396215,396222,396223,1,7
396215,396222,396223,1,7
396215,396217,396223,6,2
396215,396220,396223,3,5
396215,396221,396223,2,6
396215,396222,396223,1,7
396215,396222,396224,2,7
396215,396219,396223,4,4
396215,396222,396224,2,7
396215,396223,396224,1,8
396215,396223,396224,1,8
396215,396222,396224,2,7
396215,396222,396224,2,7
396215,396222,396224,2,7
396215,396222,396224,2,7
396215,396222,396225,3,7
396215,396223,396226,3,8
396215,396223,396226,3,8
396215,396223,396226,3,8
396215,396223,396226,3,8
396215,396223,396227,4,8
396215,396223,396226,3,8
396215,396224,396227,3,9
396215,396224,396228,4,9
396215,396224,396227,3,9
396215,396225,396228,3,10
396215,396224,396227,3,9
396215,396224,396227,3,9
396215,396224,396228,4,9
396215,396224,396227,3,9
396215,396223,396227,4,8
396215,396223,396227,4,8
396215,396223,396227,4,8
396215,396224,396227,3,9
396215,396225,396228,3,10
396215,396224,396228,4,9
396215,396225,396229,4,10
396215,396227,396229,2,12
396215,396225,396228,3,10
396215,396225,396228,3,10
396215,396227,396229,2,12
396215,396225,396229,4,10
396215,396225,396228,3,10
396215,396226,396228,2,11
396215,396227,396229,2,12
396215,396228,396230,2,13
396215,396228,396229,1,13
396215,396228,396229,1,13
396215,396228,396229,1,13
396215,396227,396229,2,12
396215,396228,396230,2,13
396215,396228,396229,1,13
396215,396228,396229,1,13
396215,396227,396229,2,12
396215,396227,396229,2,12
396215,396228,396230,2,13
396215,396228,396230,2,13
396215,396228,396230,2,13
396215,396229,396231,2,14
396215,396229,396231,2,14
396215,396228,396230,2,13
396215,396228,396231,3,13
396215,396230,396233,3,15
396215,396230,396232,2,15
396215,396229,396232,3,14
396215,396229,396232,3,14
396215,396229,396232,3,14
396215,396229,396232,3,14
396215,396229,396232,3,14
396215,396229,396233,4,14
396215,396229,396233,4,14
396215,396229,396233,4,14
396215,396229,396233,4,14
396215,396230,396233,3,15
396215,396230,396233,3,15
396215,396230,396233,3,15
396215,396230,396233,3,15
396215,396230,396233,3,15
396215,396230,396233,3,15
396215,396231,396234,3,16
396215,396230,396235,5,15
396215,396230,396234,4,15
396215,396230,396234,4,15
396215,396231,396235,4,16
396215,396233,396235,2,18
396215,396233,396235,2,18
396215,396234,396235,1,19
396215,396233,396236,3,18
396215,396233,396236,3,18
396215,396232,396235,3,17
396215,396233,396235,2,18
396215,396234,396236,2,19
396215,396233,396236,3,18
396215,396233,396236,3,18
396215,396233,396236,3,18
396215,396234,396236,2,19
396215,396234,396236,2,19
396215,396230,396235,5,15
396215,396230,396235,5,15
396215,396231,396235,4,16
396215,396233,396236,3,18
396215,396236,396237,1,21
396215,396234,396236,2,19
396215,396236,396237,1,21
396215,396233,396236,3,18
396215,396233,396236,3,18
396215,396234,396236,2,19
396215,396235,396237,2,20
396215,396235,396237,2,20
396215,396235,396237,2,20
396215,396235,396236,1,20
396215,396236,396237,1,21
396215,396236,396237,1,21
396215,396236,396238,2,21
396215,396236,396238,2,21
396215,396236,396238,2,21
396215,396236,396238,2,21
396215,396236,396238,2,21
396215,396236,396238,2,21
396215,396236,396238,2,21
396215,396236,396238,2,21
396215,396236,396238,2,21
396215,396236,396237,1,21
396215,396237,396238,1,22
396215,396237,396239,2,22
396215,396236,396239,3,21
396215,396237,396239,2,22
396215,396237,396240,3,22
396215,396237,396239,2,22
396215,396237,396241,4,22
396215,396236,396243,7,21
396215,396238,396244,6,23
396215,396238,396243,5,23
396215,396239,396244,5,24
396215,396237,396243,6,22
396215,396238,396244,6,23
396215,396238,396244,6,23
396215,396238,396244,6,23
396215,396238,396244,6,23
396215,396236,396244,8,21
396215,396236,396244,8,21
396215,396237,396243,6,22
396215,396237,396244,7,22
396215,396237,396244,7,22
396215,396238,396244,6,23
396215,396238,396244,6,23
396215,396238,396244,6,23
396215,396238,396244,6,23
396215,396238,396244,6,23
396215,396239,396244,5,24
396215,396240,396244,4,25
396215,396238,396244,6,23
396215,396239,396244,5,24
396215,396239,396245,6,24
396215,396244,396246,2,29
396215,396240,396246,6,25
396215,396245,396246,1,30
396215,396242,396246,4,27
396215,396244,396246,2,29
396215,396244,396247,3,29
396215,396245,396247,2,30
396215,396244,396247,3,29
396215,396243,396247,4,28
396215,396244,396247,3,29
396215,396244,396247,3,29
396215,396244,396247,3,29
396215,396244,396247,3,29
396215,396245,396247,2,30
396215,396245,396247,2,30
396215,396244,396248,4,29
396215,396245,396247,2,30
396215,396246,396248,2,31
396215,396245,396248,3,30
396215,396244,396248,4,29
396215,396244,396248,4,29
396215,396244,396248,4,29
396215,396244,396248,4,29
396215,396244,396248,4,29
396215,396244,396249,5,29
396215,396244,396249,5,29
396215,396247,396249,2,32
396215,396246,396249,3,31
396215,396247,396250,3,32
396215,396247,396250,3,32
396215,396248,396250,2,33
396215,396247,396250,3,32
396215,396247,396250,3,32
396215,396246,396250,4,31
396215,396248,396252,4,33
396215,396248,396251,3,33
396215,396248,396252,4,33
396215,396248,396252,4,33
396215,396248,396252,4,33
396215,396248,396252,4,33
396215,396248,396252,4,33
396215,396250,396252,2,35
396215,396249,396253,4,34
396215,396249,396253,4,34
396215,396247,396252,5,32
396215,396248,396252,4,33
396215,396249,396253,4,34
396215,396248,396253,5,33
396215,396248,396253,5,33
396215,396248,396253,5,33
396215,396248,396253,5,33
396215,396250,396253,3,35
396215,396251,396253,2,36
396215,396251,396254,3,36
396215,396251,396254,3,36
396215,396252,396254,2,37
396215,396249,396253,4,34
396215,396250,396254,4,35
396215,396251,396254,3,36
396215,396251,396254,3,36
396215,396253,396254,1,38
396215,396252,396254,2,37
396215,396252,396254,2,37
396215,396253,396254,1,38
396215,396253,396254,1,38
396215,396250,396254,4,35
396215,396252,396254,2,37
396215,396253,396255,2,38
396215,396253,396255,2,38
396215,396254,396255,1,39
396215,396253,396255,2,38
396215,396253,396256,3,38
396215,396253,396255,2,38
396215,396254,396256,2,39
396215,396254,396256,2,39
396215,396253,396256,3,38
396215,396254,396256,2,39
396215,396255,396256,1,40
396215,396254,396256,2,39
396215,396254,396256,2,39
396215,396254,396256,2,39
396215,396255,396257,2,40
396215,396255,396257,2,40
396215,396255,396257,2,40
396215,396254,396257,3,39
396215,396255,396257,2,40
396215,396255,396257,2,40
396215,396255,396257,2,40
396215,396255,396258,3,40
396215,396255,396257,2,40
396215,396255,396257,2,40
396215,396254,396257,3,39
396215,396254,396258,4,39
396215,396255,396259,4,40
396215,396256,396259,3,41
393726,393745,396263,2518,19
393372,393432,396287,2855,60
396303,396303,396306,3,0
396303,396303,396305,2,0
396303,396303,396305,2,0
396303,396303,396306,3,0
396303,396303,396306,3,0
396303,396303,396305,2,0
396303,396303,396306,3,0
396303,396303,396306,3,0
396303,396303,396306,3,0
396303,396303,396306,3,0
396303,396303,396305,2,0
396303,396303,396306,3,0
396303,396303,396306,3,0
396303,396303,396306,3,0
396303,396303,396307,4,0
396303,396303,396306,3,0
396303,396303,396307,4,0
396303,396303,396306,3,0
396303,396303,396306,3,0
396303,396303,396307,4,0
396303,396303,396307,4,0
396303,396303,396306,3,0
396303,396303,396306,3,0
396303,396303,396306,3,0
396303,396303,396307,4,0
396303,396306,396307,1,3
396303,396306,396308,2,3
396303,396306,396308,2,3
396303,396306,396308,2,3
396303,396306,396307,1,3
396303,396306,396308,2,3
396303,396306,396308,2,3
396303,396306,396308,2,3
396303,396306,396308,2,3
396303,396306,396308,2,3
396303,396306,396308,2,3
396303,396306,396308,2,3
396303,396306,396309,3,3
396303,396306,396308,2,3
396303,396307,396310,3,4
396303,396307,396311,4,4
396303,396307,396311,4,4
396303,396307,396311,4,4
396303,396308,396312,4,5
396303,396307,396312,5,4
396303,396307,396312,5,4
396303,396307,396312,5,4
396303,396307,396312,5,4
396303,396307,396312,5,4
396303,396308,396312,4,5
396303,396308,396312,4,5
396303,396308,396312,4,5
396303,396308,396313,5,5
396303,396308,396312,4,5
396303,396308,396313,5,5
396303,396308,396313,5,5
396303,396308,396313,5,5
396303,396307,396314,7,4
396303,396310,396314,4,7
396303,396308,396314,6,5
396303,396308,396314,6,5
396303,396308,396314,6,5
396303,396310,396314,4,7
396303,396312,396315,3,9
396303,396310,396314,4,7
396303,396312,396315,3,9
396303,396314,396315,1,11
396303,396313,396315,2,10
396303,396313,396315,2,10
396303,396309,396315,6,6
396303,396313,396315,2,10
396303,396312,396316,4,9
396303,396313,396315,2,10
396303,396303,396316,13,0
396303,396303,396315,12,0
396303,396314,396316,2,11
396303,396312,396316,4,9
396303,396312,396316,4,9
396303,396313,396316,3,10
396303,396313,396316,3,10
396303,396313,396316,3,10
396303,396313,396316,3,10
396303,396315,396317,2,12
396303,396315,396317,2,12
396303,396315,396317,2,12
396303,396314,396316,2,11
396303,396314,396316,2,11
396303,396313,396317,4,10
396303,396316,396317,1,13
396303,396315,396317,2,12
396303,396316,396317,1,13
396303,396316,396318,2,13
396303,396315,396318,3,12
396303,396316,396318,2,13
396303,396316,396319,3,13
396303,396315,396318,3,12
396303,396316,396319,3,13
396303,396316,396320,4,13
396303,396316,396320,4,13
396303,396316,396321,5,13
396303,396317,396321,4,14
396303,396317,396322,5,14
396303,396317,396322,5,14
396303,396317,396322,5,14
396303,396317,396323,6,14
396303,396317,396322,5,14
396303,396318,396323,5,15
396303,396314,396323,9,11
396303,396317,396323,6,14
396303,396317,396323,6,14
396303,396317,396323,6,14
396303,396317,396323,6,14
396303,396319,396323,4,16
396303,396317,396324,7,14
396303,396318,396324,6,15
396303,396319,396324,5,16
396303,396319,396324,5,16
396303,396319,396324,5,16
396303,396319,396323,4,16
396303,396321,396324,3,18
396303,396318,396324,6,15
396303,396321,396324,3,18
396303,396318,396324,6,15
396303,396322,396325,3,19
396303,396323,396325,2,20
396303,396321,396324,3,18
396303,396323,396325,2,20
396303,396319,396325,6,16
396303,396324,396326,2,21
396303,396322,396325,3,19
396303,396322,396325,3,19
396303,396324,396326,2,21
396303,396324,396325,1,21
396303,396324,396326,2,21
396303,396324,396326,2,21
396303,396324,396326,2,21
396303,396324,396326,2,21
396303,396324,396326,2,21
396303,396323,396325,2,20
396303,396323,396325,2,20
396303,396323,396326,3,20
396303,396325,396326,1,22
396303,396325,396327,2,22
396303,396325,396327,2,22
396303,396324,396326,2,21
396303,396324,396326,2,21
396303,396324,396326,2,21
396303,396316,396330,14,13
396303,396316,396332,16,13
396303,396325,396332,7,22
396372,396372,396374,2,0
396372,396372,396375,3,0
396372,396372,396375,3,0
396372,396372,396374,2,0
396372,396372,396375,3,0
396372,396372,396374,2,0
396372,396372,396375,3,0
396372,396372,396375,3,0
396372,396372,396374,2,0
396372,396372,396375,3,0
396372,396372,396375,3,0
396372,396372,396375,3,0
396372,396372,396375,3,0
396372,396372,396375,3,0
396372,396372,396375,3,0
396372,396372,396375,3,0
396372,396372,396375,3,0
396372,396372,396375,3,0
396372,396372,396376,4,0
396372,396372,396377,5,0
396372,396372,396377,5,0
396372,396372,396377,5,0
396372,396372,396377,5,0
396372,396375,396377,2,3
396372,396372,396377,5,0
396372,396375,396377,2,3
396372,396375,396377,2,3
396372,396374,396378,4,2
396372,396375,396378,3,3
396372,396375,396379,4,3
396372,396375,396380,5,3
396372,396375,396379,4,3
396372,396375,396379,4,3
396372,396375,396379,4,3
396372,396378,396381,3,6
396372,396376,396380,4,4
396372,396376,396380,4,4
396372,396377,396381,4,5
396372,396376,396380,4,4
396372,396376,396380,4,4
396372,396376,396380,4,4
396372,396376,396380,4,4
396372,396376,396381,5,4
396372,396376,396381,5,4
396372,396379,396381,2,7
396372,396379,396382,3,7
396372,396378,396381,3,6
396372,396380,396382,2,8
396372,396378,396382,4,6
396372,396378,396382,4,6
396372,396378,396382,4,6
396372,396378,396382,4,6
396372,396381,396383,2,9
396372,396381,396382,1,9
396372,396381,396383,2,9
396372,396378,396382,4,6
396372,396380,396383,3,8
396372,396380,396383,3,8
396372,396380,396382,2,8
396372,396378,396382,4,6
396372,396381,396383,2,9
396372,396381,396383,2,9
396372,396379,396382,3,7
396372,396381,396383,2,9
396372,396382,396383,1,10
396372,396381,396383,2,9
396372,396381,396383,2,9
396372,396381,396383,2,9
396372,396381,396384,3,9
396372,396382,396384,2,10
396372,396382,396383,1,10
396372,396382,396384,2,10
396372,396383,396384,1,11
396372,396383,396385,2,11
396372,396383,396385,2,11
396372,396372,396384,12,0
396372,396382,396384,2,10
396372,396382,396384,2,10
396372,396382,396384,2,10
396372,396383,396385,2,11
396372,396382,396384,2,10
396372,396383,396386,3,11
396372,396383,396386,3,11
396372,396384,396386,2,12
396372,396383,396386,3,11
396372,396383,396386,3,11
396372,396383,396387,4,11
396372,396383,396386,3,11
396372,396383,396387,4,11
396372,396383,396387,4,11
396372,396384,396389,5,12
396372,396384,396389,5,12
396372,396384,396389,5,12
396372,396384,396389,5,12
396372,396385,396389,4,13
396372,396384,396389,5,12
396372,396384,396389,5,12
396372,396385,396389,4,13
396372,396385,396389,4,13
396372,396385,396389,4,13
396372,396372,396389,17,0
396372,396385,396389,4,13
396372,396386,396389,3,14
396372,396385,396389,4,13
396372,396385,396389,4,13
396372,396384,396391,7,12
396372,396385,396392,7,13
396372,396387,396393,6,15
396372,396387,396393,6,15
396372,396387,396393,6,15
396372,396386,396392,6,14
396372,396389,396393,4,17
396372,396387,396393,6,15
396372,396387,396393,6,15
396372,396387,396393,6,15
396372,396390,396393,3,18
396372,396387,396393,6,15
396372,396389,396394,5,17
396372,396389,396394,5,17
396372,396389,396394,5,17
396372,396390,396395,5,18
396372,396389,396395,6,17
396372,396390,396395,5,18
396372,396389,396395,6,17
396372,396390,396396,6,18
396372,396389,396395,6,17
396372,396390,396396,6,18
396372,396391,396396,5,19
396372,396390,396397,7,18
396372,396393,396396,3,21
396372,396393,396397,4,21
396372,396393,396397,4,21
396372,396392,396397,5,20
396372,396393,396397,4,21
396372,396393,396397,4,21
396372,396393,396397,4,21
396372,396394,396397,3,22
396372,396393,396397,4,21
396372,396390,396397,7,18
396372,396394,396397,3,22
396372,396394,396398,4,22
396372,396394,396398,4,22
396372,396395,396398,3,23
396372,396396,396398,2,24
396372,396395,396398,3,23
396372,396395,396399,4,23
396372,396394,396398,4,22
396372,396395,396398,3,23
396372,396385,396399,14,13
396372,396390,396400,10,18
394148,394171,396601,2430,23
396602,396603,396607,4,1
396602,396603,396607,4,1
396602,396603,396607,4,1
396602,396603,396607,4,1
396602,396603,396607,4,1
396602,396603,396607,4,1
396602,396603,396607,4,1
396602,396603,396608,5,1
396602,396603,396609,6,1
396602,396603,396609,6,1
396602,396603,396609,6,1
396602,396603,396609,6,1
396602,396603,396609,6,1
396602,396603,396609,6,1
396602,396603,396609,6,1
396602,396603,396609,6,1
396602,396602,396609,7,0
396602,396603,396609,6,1
396602,396603,396609,6,1
396602,396603,396609,6,1
396602,396603,396609,6,1
396602,396603,396609,6,1
396602,396603,396609,6,1
396602,396603,396609,6,1
396602,396603,396611,8,1
396602,396608,396613,5,6
396602,396608,396613,5,6
396602,396608,396613,5,6
396602,396608,396613,5,6
396602,396608,396613,5,6
396602,396609,396613,4,7
396602,396609,396614,5,7
396602,396609,396614,5,7
396602,396608,396613,5,6
396602,396609,396614,5,7
396602,396609,396614,5,7
396602,396610,396614,4,8
396602,396610,396614,4,8
396602,396608,396614,6,6
396602,396609,396614,5,7
396602,396609,396614,5,7
396602,396610,396615,5,8
396602,396610,396615,5,8
396602,396610,396615,5,8
396602,396610,396615,5,8
396602,396614,396616,2,12
396602,396610,396616,6,8
396602,396610,396615,5,8
396602,396610,396615,5,8
396602,396610,396615,5,8
396602,396614,396616,2,12
396602,396614,396617,3,12
396602,396615,396617,2,13
396602,396612,396617,5,10
396602,396614,396616,2,12
396602,396614,396617,3,12
396602,396614,396617,3,12
396602,396614,396617,3,12
396602,396614,396617,3,12
396602,396616,396617,1,14
396602,396614,396617,3,12
396602,396615,396617,2,13
396602,396616,396617,1,14
396602,396616,396617,1,14
396602,396615,396617,2,13
396602,396615,396617,2,13
396602,396616,396617,1,14
396602,396614,396618,4,12
396602,396614,396617,3,12
396602,396615,396617,2,13
396602,396616,396618,2,14
396602,396617,396618,1,15
396602,396616,396618,2,14
396602,396617,396619,2,15
396602,396616,396618,2,14
396602,396616,396618,2,14
396602,396616,396618,2,14
396602,396617,396619,2,15
396602,396617,396619,2,15
396602,396617,396619,2,15
396602,396617,396619,2,15
395351,395368,396619,1251,17
396602,396617,396619,2,15
396602,396618,396620,2,16
396602,396617,396620,3,15
396602,396617,396620,3,15
396602,396618,396621,3,16
396602,396618,396621,3,16
396602,396618,396621,3,16
396602,396618,396621,3,16
396602,396618,396621,3,16
396602,396619,396622,3,17
396602,396618,396621,3,16
396602,396618,396621,3,16
396602,396619,396622,3,17
396602,396619,396622,3,17
396602,396618,396622,4,16
396602,396618,396622,4,16
396602,396618,396621,3,16
396602,396618,396621,3,16
396602,396619,396622,3,17
396602,396619,396622,3,17
396602,396619,396623,4,17
396602,396619,396623,4,17
396602,396619,396623,4,17
396602,396619,396623,4,17
396602,396619,396622,3,17
396602,396621,396623,2,19
396602,396620,396623,3,18
396602,396621,396623,2,19
396602,396619,396622,3,17
396602,396622,396624,2,20
396602,396619,396623,4,17
396602,396622,396624,2,20
396602,396622,396624,2,20
396602,396620,396623,3,18
396602,396620,396623,3,18
396602,396622,396624,2,20
396602,396622,396624,2,20
396602,396622,396624,2,20
396602,396622,396624,2,20
396602,396623,396624,1,21
396602,396622,396624,2,20
396602,396622,396624,2,20
396602,396622,396624,2,20
396602,396622,396624,2,20
396602,396623,396625,2,21
396602,396623,396624,1,21
396602,396623,396624,1,21
396602,396623,396625,2,21
396602,396622,396624,2,20
396602,396623,396625,2,21
396602,396623,396625,2,21
396602,396623,396625,2,21
396602,396623,396625,2,21
396602,396624,396625,1,22
396602,396622,396625,3,20
396602,396623,396625,2,21
396602,396624,396626,2,22
396602,396624,396626,2,22
396602,396625,396627,2,23
396602,396624,396626,2,22
396602,396624,396626,2,22
396619,396625,396626,1,6
396619,396626,396627,1,7
396619,396625,396627,2,6
396619,396625,396627,2,6
396619,396625,396626,1,6
396619,396626,396627,1,7
396602,396624,396626,2,22
396602,396624,396627,3,22
396619,396625,396627,2,6
396602,396624,396627,3,22
396602,396624,396627,3,22
396619,396626,396627,1,7
396619,396627,396628,1,8
396602,396625,396627,2,23
396602,396625,396627,2,23
396619,396626,396628,2,7
396619,396626,396627,1,7
396619,396626,396628,2,7
396619,396626,396628,2,7
396602,396625,396627,2,23
396602,396624,396627,3,22
396619,396626,396627,1,7
396619,396627,396629,2,8
396619,396627,396628,1,8
396619,396627,396628,1,8
396619,396627,396628,1,8
396619,396627,396629,2,8
396619,396627,396629,2,8
396619,396627,396629,2,8
396619,396627,396629,2,8
396619,396627,396629,2,8
396619,396627,396629,2,8
396619,396627,396629,2,8
396619,396627,396629,2,8
396619,396627,396629,2,8
396619,396628,396629,1,9
396619,396627,396629,2,8
396619,396628,396631,3,9
396619,396628,396631,3,9
396619,396628,396631,3,9
396619,396628,396631,3,9
396619,396628,396631,3,9
396619,396627,396631,4,8
396619,396628,396631,3,9
396619,396628,396631,3,9
396619,396629,396632,3,10
396619,396629,396631,2,10
396619,396629,396632,3,10
396619,396629,396632,3,10
396619,396629,396632,3,10
396619,396628,396631,3,9
396619,396629,396632,3,10
396619,396629,396632,3,10
396619,396629,396632,3,10
396619,396629,396632,3,10
396619,396630,396632,2,11
396619,396630,396632,2,11
396619,396629,396632,3,10
396619,396630,396633,3,11
396619,396632,396633,1,13
396619,396629,396633,4,10
396619,396631,396633,2,12
396619,396632,396634,2,13
396619,396632,396634,2,13
396619,396631,396633,2,12
396619,396631,396633,2,12
396619,396631,396634,3,12
396619,396632,396634,2,13
396619,396632,396634,2,13
396619,396631,396634,3,12
396619,396631,396634,3,12
396619,396633,396634,1,14
396619,396633,396634,1,14
396619,396633,396634,1,14
396619,396633,396634,1,14
396619,396633,396634,1,14
396619,396633,396635,2,14
396619,396632,396634,2,13
396619,396633,396635,2,14
396619,396632,396635,3,13
396619,396632,396635,3,13
396619,396633,396636,3,14
396619,396634,396636,2,15
396619,396634,396636,2,15
396619,396634,396636,2,15
396619,396635,396637,2,16
396619,396635,396636,1,16
396619,396635,396636,1,16
396619,396634,396636,2,15
396619,396634,396636,2,15
396619,396634,396636,2,15
396619,396634,396637,3,15
396619,396634,396636,2,15
396619,396634,396637,3,15
396619,396634,396637,3,15
396619,396635,396638,3,16
396619,396635,396637,2,16
396619,396635,396637,2,16
396619,396635,396637,2,16
396619,396635,396637,2,16
396619,396635,396637,2,16
396619,396635,396638,3,16
396619,396628,396638,10,9
396619,396636,396638,2,17
396619,396635,396638,3,16
396619,396637,396639,2,18
396619,396637,396638,1,18
396619,396637,396638,1,18
396619,396637,396638,1,18
396619,396637,396638,1,18
396619,396637,396638,1,18
396619,396637,396638,1,18
396619,396637,396639,2,18
396619,396637,396639,2,18
396619,396637,396639,2,18
396619,396637,396639,2,18
396619,396638,396639,1,19
396619,396638,396639,1,19
396619,396638,396640,2,19
396619,396638,396640,2,19
396619,396632,396640,8,13
396619,396638,396640,2,19
396619,396637,396639,2,18
396619,396637,396640,3,18
396619,396638,396639,1,19
396619,396638,396640,2,19
396619,396638,396640,2,19
396619,396639,396641,2,20
396619,396639,396641,2,20
396619,396639,396641,2,20
396619,396639,396641,2,20
396619,396639,396641,2,20
396619,396639,396641,2,20
396619,396639,396641,2,20
396619,396639,396641,2,20
396619,396639,396641,2,20
396619,396639,396641,2,20
396619,396639,396641,2,20
396619,396640,396641,1,21
396619,396640,396641,1,21
396619,396640,396641,1,21
396619,396640,396642,2,21
396619,396640,396642,2,21
396619,396640,396642,2,21
396619,396640,396642,2,21
396619,396639,396641,2,20
396619,396640,396642,2,21
396619,396640,396642,2,21
396619,396641,396643,2,22
396619,396641,396643,2,22
396619,396640,396642,2,21
396619,396641,396643,2,22
396619,396641,396643,2,22
396619,396641,396643,2,22
396619,396641,396643,2,22
396619,396641,396643,2,22
396619,396639,396643,4,20
396619,396640,396643,3,21
394214,394228,396665,2437,14
396666,396666,396669,3,0
396666,396666,396670,4,0
396666,396666,396669,3,0
396666,396666,396669,3,0
396666,396666,396669,3,0
396666,396666,396670,4,0
396666,396666,396670,4,0
396666,396666,396669,3,0
396666,396666,396670,4,0
396666,396666,396670,4,0
396666,396666,396670,4,0
396666,396666,396670,4,0
396666,396666,396670,4,0
396666,396666,396670,4,0
396666,396666,396671,5,0
396666,396666,396671,5,0
396666,396666,396671,5,0
396666,396666,396671,5,0
396666,396666,396671,5,0
396666,396666,396670,4,0
396666,396670,396671,1,4
396666,396670,396671,1,4
396666,396670,396671,1,4
396666,396670,396671,1,4
396666,396670,396672,2,4
396666,396670,396672,2,4
396666,396670,396672,2,4
396666,396670,396672,2,4
396666,396670,396672,2,4
396666,396670,396672,2,4
396666,396670,396673,3,4
396666,396670,396673,3,4
396666,396671,396673,2,5
396666,396670,396672,2,4
396666,396671,396673,2,5
396666,396672,396676,4,6
396666,396666,396676,10,0
396666,396666,396676,10,0
396666,396672,396676,4,6
396666,396672,396676,4,6
396666,396671,396676,5,5
396666,396672,396676,4,6
396666,396671,396676,5,5
396666,396671,396676,5,5
396666,396671,396676,5,5
396666,396671,396676,5,5
396666,396671,396676,5,5
396666,396672,396676,4,6
396666,396672,396676,4,6
396666,396672,396677,5,6
396666,396672,396676,4,6
396666,396672,396676,4,6
396666,396673,396677,4,7
396666,396676,396677,1,10
396666,396666,396678,12,0
396666,396673,396677,4,7
396666,396673,396678,5,7
396666,396673,396677,4,7
396666,396673,396678,5,7
396666,396676,396678,2,10
396666,396676,396678,2,10
396666,396676,396678,2,10
396666,396676,396678,2,10
396666,396676,396678,2,10
396666,396676,396679,3,10
396666,396677,396679,2,11
396666,396677,396679,2,11
396666,396676,396679,3,10
396666,396676,396679,3,10
396666,396676,396679,3,10
396666,396676,396679,3,10
396666,396677,396680,3,11
396666,396678,396680,2,12
396666,396677,396680,3,11
396666,396678,396681,3,12
396666,396678,396682,4,12
396666,396678,396681,3,12
396666,396677,396681,4,11
396666,396678,396682,4,12
396666,396678,396683,5,12
396666,396678,396683,5,12
396666,396679,396683,4,13
396666,396679,396684,5,13
396666,396681,396684,3,15
396666,396681,396684,3,15
396666,396679,396684,5,13
396666,396679,396684,5,13
396666,396680,396684,4,14
396666,396682,396684,2,16
396666,396680,396685,5,14
396666,396680,396684,4,14
396666,396679,396685,6,13
396666,396679,396685,6,13
396666,396682,396685,3,16
396666,396682,396685,3,16
396666,396682,396685,3,16
396666,396684,396685,1,18
396666,396684,396685,1,18
396666,396684,396685,1,18
396666,396684,396685,1,18
396666,396680,396685,5,14
396666,396680,396685,5,14
396666,396684,396685,1,18
396666,396684,396686,2,18
396666,396684,396686,2,18
396666,396683,396686,3,17
396666,396685,396687,2,19
396666,396684,396688,4,18
396666,396685,396688,3,19
396666,396686,396689,3,20
396666,396686,396689,3,20
396666,396685,396689,4,19
396666,396686,396689,3,20
396666,396686,396689,3,20
396666,396676,396689,13,10
396666,396685,396689,4,19
396666,396685,396689,4,19
396666,396685,396689,4,19
396666,396684,396689,5,18
396666,396685,396689,4,19
396666,396686,396689,3,20
396666,396686,396689,3,20
396666,396686,396690,4,20
396666,396686,396689,3,20
396666,396686,396690,4,20
396666,396676,396690,14,10
396666,396688,396690,2,22
396666,396689,396691,2,23
396666,396689,396691,2,23
396666,396689,396691,2,23
396666,396689,396691,2,23
396666,396689,396691,2,23
396666,396689,396691,2,23
396666,396690,396691,1,24
396666,396686,396691,5,20
396666,396690,396691,1,24
396666,396687,396691,4,21
396666,396689,396691,2,23
396666,396689,396691,2,23
396666,396689,396691,2,23
396666,396690,396692,2,24
396666,396690,396692,2,24
396666,396690,396692,2,24
396666,396690,396692,2,24
396666,396690,396692,2,24
396666,396690,396692,2,24
396666,396689,396694,5,23
396666,396666,396678,12,0
396666,396666,396678,12,0
396666,396714,396716,2,48
394665,394686,396842,2156,21
396844,396844,396848,4,0
396844,396844,396848,4,0
396844,396844,396848,4,0
396844,396844,396848,4,0
396844,396844,396848,4,0
396844,396844,396848,4,0
396844,396844,396848,4,0
396844,396844,396848,4,0
396844,396844,396848,4,0
396844,396844,396849,5,0
396844,396844,396848,4,0
396844,396844,396848,4,0
396844,396844,396848,4,0
396844,396844,396849,5,0
396844,396844,396848,4,0
396844,396844,396848,4,0
396844,396844,396848,4,0
396844,396844,396849,5,0
396844,396844,396848,4,0
396844,396844,396849,5,0
396844,396844,396849,5,0
396844,396844,396849,5,0
396844,396844,396849,5,0
396844,396849,396850,1,5
396844,396849,396850,1,5
396844,396849,396850,1,5
396844,396849,396851,2,5
396844,396844,396850,6,0
396844,396849,396851,2,5
396844,396849,396850,1,5
396844,396849,396851,2,5
396844,396849,396851,2,5
396844,396850,396851,1,6
396844,396850,396851,1,6
396844,396849,396851,2,5
396844,396849,396851,2,5
396844,396849,396851,2,5
396844,396849,396851,2,5
396844,396849,396851,2,5
396844,396850,396852,2,6
396844,396849,396851,2,5
396844,396849,396851,2,5
396844,396849,396852,3,5
396844,396849,396852,3,5
396844,396849,396852,3,5
396844,396851,396853,2,7
396844,396851,396852,1,7
396844,396851,396852,1,7
396844,396851,396852,1,7
396844,396849,396852,3,5
396844,396850,396852,2,6
396844,396851,396853,2,7
396844,396851,396853,2,7
396844,396851,396853,2,7
396844,396851,396853,2,7
396844,396852,396854,2,8
396844,396852,396853,1,8
396844,396852,396854,2,8
396844,396852,396854,2,8
396844,396851,396854,3,7
396844,396852,396855,3,8
396844,396852,396854,2,8
396844,396852,396855,3,8
396844,396852,396856,4,8
396844,396852,396856,4,8
396844,396852,396856,4,8
396844,396853,396856,3,9
396844,396853,396856,3,9
396844,396852,396856,4,8
396844,396852,396856,4,8
396844,396852,396856,4,8
396844,396853,396857,4,9
396844,396854,396858,4,10
396844,396854,396857,3,10
396844,396853,396857,4,9
396844,396853,396858,5,9
396844,396853,396858,5,9
396844,396853,396858,5,9
396844,396855,396859,4,11
396844,396855,396859,4,11
396844,396855,396859,4,11
396844,396853,396859,6,9
396844,396853,396860,7,9
396844,396857,396860,3,13
396844,396857,396860,3,13
396844,396855,396860,5,11
396844,396856,396860,4,12
396844,396856,396860,4,12
396844,396855,396859,4,11
396844,396855,396859,4,11
396844,396856,396860,4,12
396844,396856,396860,4,12
396844,396853,396860,7,9
396844,396858,396861,3,14
396844,396858,396860,2,14
396844,396859,396861,2,15
396844,396857,396860,3,13
396844,396858,396861,3,14
396844,396858,396861,3,14
396844,396858,396861,3,14
396844,396859,396861,2,15
396844,396857,396861,4,13
396844,396857,396860,3,13
396844,396859,396861,2,15
396844,396860,396862,2,16
396844,396859,396861,2,15
396844,396860,396862,2,16
396844,396860,396862,2,16
396844,396858,396861,3,14
396844,396857,396861,4,13
396844,396860,396862,2,16
396844,396861,396862,1,17
396844,396861,396863,2,17
396844,396861,396862,1,17
396844,396861,396863,2,17
396844,396860,396862,2,16
396844,396860,396863,3,16
396844,396861,396863,2,17
396844,396860,396862,2,16
396844,396860,396863,3,16
396844,396861,396863,2,17
396844,396861,396863,2,17
396844,396861,396863,2,17
396844,396860,396863,3,16
396844,396860,396863,3,16
396844,396861,396863,2,17
396844,396861,396863,2,17
396844,396862,396863,1,18
396844,396862,396864,2,18
396844,396862,396863,1,18
396844,396862,396863,1,18
396844,396860,396863,3,16
396844,396861,396863,2,17
396844,396863,396865,2,19
396844,396863,396865,2,19
396844,396863,396865,2,19
396844,396862,396865,3,18
396844,396862,396865,3,18
396844,396863,396865,2,19
396844,396863,396866,3,19
396844,396863,396866,3,19
396844,396863,396866,3,19
396844,396863,396867,4,19
396844,396863,396867,4,19
396844,396863,396867,4,19
396844,396863,396867,4,19
396844,396863,396867,4,19
396844,396863,396867,4,19
396844,396863,396867,4,19
396844,396863,396867,4,19
394886,394900,396951,2051,14
396952,396952,396955,3,0
396952,396952,396955,3,0
396952,396952,396955,3,0
396952,396952,396955,3,0
396952,396952,396955,3,0
396952,396952,396955,3,0
396952,396952,396955,3,0
396952,396952,396956,4,0
396952,396952,396956,4,0
396952,396952,396956,4,0
396952,396952,396955,3,0
396952,396952,396956,4,0
396952,396952,396955,3,0
396952,396952,396956,4,0
396952,396952,396956,4,0
396952,396952,396956,4,0
396952,396952,396957,5,0
396952,396952,396957,5,0
396952,396952,396956,4,0
396952,396952,396956,4,0
396952,396952,396956,4,0
396952,396955,396957,2,3
396952,396952,396956,4,0
396952,396955,396957,2,3
396952,396955,396956,1,3
396952,396952,396957,5,0
396952,396952,396957,5,0
396952,396952,396957,5,0
396952,396956,396958,2,4
396952,396956,396958,2,4
396952,396956,396958,2,4
396952,396956,396958,2,4
396952,396956,396958,2,4
396952,396956,396958,2,4
396952,396956,396958,2,4
396952,396956,396958,2,4
396952,396956,396958,2,4
396952,396956,396960,4,4
396952,396956,396960,4,4
396952,396956,396959,3,4
396952,396957,396960,3,5
396952,396958,396961,3,6
396952,396957,396961,4,5
396952,396957,396960,3,5
396952,396957,396962,5,5
396952,396957,396962,5,5
396952,396957,396962,5,5
396952,396957,396962,5,5
396952,396958,396962,4,6
396952,396958,396962,4,6
396952,396957,396962,5,5
396952,396959,396964,5,7
396952,396959,396965,6,7
396952,396957,396966,9,5
396952,396958,396966,8,6
396952,396958,396966,8,6
396952,396958,396966,8,6
396952,396959,396966,7,7
396952,396961,396967,6,9
396952,396957,396967,10,5
396952,396962,396967,5,10
396952,396960,396968,8,8
396952,396961,396967,6,9
396952,396961,396967,6,9
396952,396963,396969,6,11
396952,396962,396969,7,10
396952,396961,396969,8,9
396952,396962,396969,7,10
396952,396963,396969,6,11
396952,396962,396968,6,10
396952,396966,396970,4,14
396952,396960,396969,9,8
396952,396960,396970,10,8
396952,396966,396970,4,14
396952,396967,396970,3,15
396952,396964,396970,6,12
396952,396962,396969,7,10
396952,396965,396970,5,13
396952,396968,396970,2,16
396952,396968,396970,2,16
396952,396967,396970,3,15
396952,396967,396971,4,15
396952,396968,396971,3,16
396952,396969,396971,2,17
396952,396968,396972,4,16
396952,396966,396971,5,14
396952,396970,396972,2,18
396952,396970,396972,2,18
396952,396969,396971,2,17
396952,396970,396972,2,18
396952,396970,396972,2,18
396952,396970,396972,2,18
396952,396969,396972,3,17
396952,396969,396972,3,17
396952,396969,396971,2,17
396952,396971,396972,1,19
396952,396971,396972,1,19
396952,396970,396973,3,18
396952,396969,396973,4,17
396952,396970,396973,3,18
396952,396970,396973,3,18
396952,396968,396973,5,16
396952,396971,396974,3,19
396952,396971,396974,3,19
396952,396972,396975,3,20
396952,396972,396975,3,20
396952,396972,396975,3,20
396952,396972,396975,3,20
396952,396972,396975,3,20
396952,396973,396975,2,21
396952,396972,396975,3,20
396952,396974,396976,2,22
396952,396972,396975,3,20
396952,396973,396975,2,21
396952,396973,396975,2,21
396952,396973,396975,2,21
396952,396973,396975,2,21
396952,396972,396976,4,20
396952,396972,396976,4,20
396952,396972,396975,3,20
396952,396973,396975,2,21
396952,396975,396976,1,23
396952,396975,396976,1,23
396952,396975,396976,1,23
396952,396974,396976,2,22
396952,396974,396976,2,22
396952,396974,396977,3,22
396952,396975,396977,2,23
396952,396975,396977,2,23
396952,396975,396977,2,23
396952,396975,396977,2,23
396952,396976,396977,1,24
396952,396976,396977,1,24
396952,396976,396977,1,24
396952,396976,396978,2,24
396952,396976,396977,1,24
396952,396976,396978,2,24
396952,396976,396978,2,24
396952,396976,396978,2,24
396952,396976,396978,2,24
396952,396976,396978,2,24
396952,396976,396978,2,24
396952,396977,396978,1,25
396952,396977,396979,2,25
396952,396976,396979,3,24
396952,396976,396979,3,24
396952,396977,396979,2,25
396952,397001,397004,3,49
396952,397001,397004,3,49
396952,397001,397004,3,49
394924,394942,397322,2380,18
397323,397323,397327,4,0
397323,397323,397328,5,0
397323,397323,397328,5,0
397323,397323,397327,4,0
397323,397323,397328,5,0
397323,397323,397328,5,0
397323,397323,397328,5,0
397323,397323,397328,5,0
397323,397323,397327,4,0
397323,397323,397328,5,0
397323,397323,397328,5,0
397323,397323,397328,5,0
397323,397323,397328,5,0
397323,397323,397328,5,0
397323,397323,397328,5,0
397323,397323,397328,5,0
397323,397323,397329,6,0
397323,397323,397328,5,0
397323,397323,397329,6,0
397323,397323,397330,7,0
397323,397328,397330,2,5
397323,397323,397329,6,0
397323,397323,397329,6,0
397323,397328,397330,2,5
397323,397328,397330,2,5
397323,397328,397330,2,5
397323,397323,397329,6,0
397323,397328,397330,2,5
397323,397328,397330,2,5
397323,397328,397330,2,5
397323,397328,397330,2,5
397323,397328,397330,2,5
397323,397328,397330,2,5
397323,397323,397330,7,0
397323,397323,397330,7,0
397323,397328,397330,2,5
397323,397328,397331,3,5
397323,397329,397331,2,6
397323,397328,397331,3,5
397323,397328,397331,3,5
397323,397330,397332,2,7
397323,397329,397331,2,6
397323,397328,397331,3,5
397323,397329,397332,3,6
397323,397330,397333,3,7
397323,397330,397333,3,7
397323,397330,397333,3,7
397323,397330,397333,3,7
397323,397330,397333,3,7
397323,397330,397333,3,7
397323,397330,397333,3,7
397323,397330,397333,3,7
397323,397330,397333,3,7
397323,397330,397333,3,7
397323,397330,397333,3,7
397323,397330,397333,3,7
397323,397330,397333,3,7
397323,397330,397333,3,7
397323,397331,397334,3,8
397323,397331,397334,3,8
397323,397331,397336,5,8
397323,397331,397336,5,8
397323,397332,397336,4,9
397323,397333,397337,4,10
397323,397331,397337,6,8
397323,397333,397338,5,10
397323,397331,397338,7,8
397323,397332,397337,5,9
397323,397333,397338,5,10
397323,397333,397338,5,10
397323,397333,397338,5,10
397323,397333,397338,5,10
397323,397332,397338,6,9
397323,397333,397338,5,10
397323,397333,397338,5,10
397323,397333,397339,6,10
397323,397331,397339,8,8
397323,397333,397339,6,10
397323,397333,397339,6,10
397323,397333,397339,6,10
397323,397333,397341,8,10
397323,397335,397340,5,12
397323,397337,397341,4,14
397323,397338,397341,3,15
397323,397334,397341,7,11
397323,397336,397341,5,13
397323,397333,397341,8,10
397323,397333,397341,8,10
397323,397337,397342,5,14
397323,397337,397342,5,14
397323,397339,397342,3,16
397323,397338,397342,4,15
397323,397338,397342,4,15
397323,397338,397342,4,15
397323,397339,397342,3,16
397323,397339,397342,3,16
397323,397340,397342,2,17
397323,397339,397343,4,16
397323,397341,397343,2,18
397323,397339,397342,3,16
397323,397338,397342,4,15
397323,397340,397343,3,17
397323,397338,397343,5,15
397323,397339,397343,4,16
397323,397342,397343,1,19
397323,397342,397343,1,19
397323,397342,397343,1,19
397323,397342,397344,2,19
397323,397342,397344,2,19
397323,397341,397343,2,18
397323,397342,397344,2,19
397323,397339,397344,5,16
397323,397342,397344,2,19
397323,397342,397344,2,19
397323,397343,397344,1,20
397323,397343,397344,1,20
397323,397343,397344,1,20
397323,397343,397344,1,20
397323,397343,397344,1,20
397323,397342,397344,2,19
397323,397343,397344,1,20
397323,397343,397344,1,20
397323,397342,397344,2,19
397323,397343,397344,1,20
397323,397343,397345,2,20
397323,397338,397344,6,15
397323,397344,397345,1,21
397323,397344,397345,1,21
397323,397344,397345,1,21
397323,397344,397345,1,21
397323,397343,397346,3,20
397323,397344,397346,2,21
397323,397344,397346,2,21
397323,397344,397347,3,21
397323,397345,397348,3,22
397323,397344,397347,3,21
397323,397344,397348,4,21
397323,397344,397348,4,21
397323,397345,397348,3,22
397323,397345,397348,3,22
397323,397345,397349,4,22
397323,397345,397349,4,22
397323,397345,397349,4,22
397323,397345,397349,4,22
397323,397345,397349,4,22
397323,397345,397349,4,22
397323,397345,397349,4,22
397323,397345,397349,4,22
397323,397345,397350,5,22
397323,397344,397350,6,21
397396,397396,397439,43,0
395554,395572,397552,1980,18
397555,397555,397557,2,0
397555,397555,397557,2,0
397555,397555,397557,2,0
397555,397555,397557,2,0
397555,397555,397557,2,0
397555,397555,397557,2,0
397555,397555,397557,2,0
397555,397555,397557,2,0
397555,397555,397557,2,0
397555,397555,397557,2,0
397555,397555,397558,3,0
397555,397555,397558,3,0
397555,397555,397558,3,0
397555,397555,397558,3,0
397555,397555,397558,3,0
397555,397555,397558,3,0
397555,397555,397558,3,0
397555,397555,397559,4,0
397555,397555,397558,3,0
397555,397555,397558,3,0
397555,397558,397559,1,3
397555,397555,397558,3,0
397555,397555,397559,4,0
397555,397557,397558,1,2
397555,397555,397558,3,0
397555,397555,397559,4,0
397555,397555,397558,3,0
397555,397558,397560,2,3
397555,397558,397559,1,3
397555,397558,397560,2,3
397555,397558,397560,2,3
397555,397558,397559,1,3
397555,397558,397560,2,3
397555,397558,397560,2,3
397555,397558,397560,2,3
397555,397558,397560,2,3
397555,397558,397560,2,3
397555,397558,397560,2,3
397555,397558,397560,2,3
397555,397558,397560,2,3
397555,397558,397560,2,3
397555,397559,397561,2,4
397555,397558,397561,3,3
397555,397559,397562,3,4
397555,397559,397562,3,4
397555,397559,397562,3,4
397555,397559,397562,3,4
397555,397559,397563,4,4
397555,397560,397563,3,5
397555,397560,397564,4,5
397555,397559,397564,5,4
397555,397559,397564,5,4
397555,397560,397565,5,5
397555,397560,397565,5,5
397555,397559,397566,7,4
397555,397560,397565,5,5
397555,397560,397566,6,5
397555,397560,397566,6,5
397555,397560,397566,6,5
397555,397560,397566,6,5
397555,397561,397566,5,6
397555,397561,397567,6,6
397555,397561,397567,6,6
397555,397562,397567,5,7
397555,397562,397567,5,7
397555,397560,397566,6,5
397555,397560,397567,7,5
397555,397562,397567,5,7
397555,397563,397569,6,8
397555,397564,397569,5,9
397555,397564,397569,5,9
397555,397565,397569,4,10
397555,397562,397568,6,7
397555,397564,397569,5,9
397555,397562,397569,7,7
397555,397559,397570,11,4
397555,397563,397569,6,8
397555,397564,397570,6,9
397555,397566,397570,4,11
397555,397565,397571,6,10
397555,397566,397571,5,11
397555,397567,397571,4,12
397555,397568,397571,3,13
397555,397566,397570,4,11
397555,397567,397571,4,12
397555,397566,397571,5,11
397555,397566,397571,5,11
397555,397567,397571,4,12
397555,397569,397572,3,14
397555,397569,397571,2,14
397555,397570,397572,2,15
397555,397567,397572,5,12
397555,397569,397572,3,14
397555,397569,397572,3,14
397555,397569,397572,3,14
397555,397567,397572,5,12
397555,397567,397572,5,12
397555,397569,397572,3,14
397555,397570,397572,2,15
397555,397567,397572,5,12
397555,397569,397572,3,14
397555,397566,397572,6,11
397555,397570,397572,2,15
397555,397571,397572,1,16
397555,397571,397573,2,16
397555,397571,397573,2,16
397555,397571,397573,2,16
397555,397570,397573,3,15
397555,397572,397573,1,17
397555,397572,397573,1,17
397555,397572,397573,1,17
397555,397571,397573,2,16
397555,397572,397574,2,17
397555,397572,397574,2,17
397555,397572,397574,2,17
397555,397572,397574,2,17
397555,397572,397574,2,17
397555,397573,397574,1,18
397555,397573,397574,1,18
397555,397573,397575,2,18
397555,397571,397574,3,16
397555,397573,397574,1,18
397555,397573,397574,1,18
397555,397573,397574,1,18
397555,397573,397575,2,18
397555,397573,397575,2,18
397555,397572,397575,3,17
397555,397573,397575,2,18
397555,397573,397575,2,18
397555,397573,397575,2,18
397555,397574,397575,1,19
397555,397573,397576,3,18
397555,397574,397577,3,19
397555,397573,397577,4,18
397555,397574,397577,3,19
397555,397575,397577,2,20
397555,397574,397577,3,19
397555,397574,397577,3,19
397555,397574,397577,3,19
397555,397574,397577,3,19
397555,397575,397578,3,20
397555,397575,397578,3,20
397555,397574,397578,4,19
397555,397575,397578,3,20
397555,397574,397578,4,19
397555,397575,397578,3,20
397555,397575,397579,4,20
397555,397575,397579,4,20
397555,397575,397579,4,20
397555,397575,397579,4,20
395435,395451,397587,2136,16
397586,397586,397588,2,0
397597,397597,397599,2,0
397597,397597,397599,2,0
397597,397597,397599,2,0
397597,397597,397599,2,0
397597,397597,397599,2,0
397597,397597,397599,2,0
397597,397597,397599,2,0
397597,397597,397599,2,0
397597,397597,397599,2,0
397597,397597,397599,2,0
397597,397597,397599,2,0
397597,397597,397599,2,0
397597,397597,397599,2,0
397597,397597,397599,2,0
397597,397597,397599,2,0
397597,397597,397599,2,0
397597,397597,397599,2,0
397597,397597,397600,3,0
397597,397597,397600,3,0
397597,397597,397601,4,0
397597,397600,397601,1,3
397597,397600,397601,1,3
397597,397597,397601,4,0
397597,397597,397601,4,0
397597,397597,397601,4,0
397597,397600,397601,1,3
397597,397600,397601,1,3
397597,397599,397602,3,2
397597,397600,397602,2,3
397597,397600,397602,2,3
397597,397600,397602,2,3
397597,397600,397602,2,3
397597,397600,397603,3,3
397597,397600,397603,3,3
397597,397600,397602,2,3
397597,397600,397602,2,3
397597,397600,397603,3,3
397597,397600,397603,3,3
397597,397603,397605,2,6
397597,397600,397604,4,3
397597,397602,397605,3,5
397597,397603,397606,3,6
397597,397602,397606,4,5
397597,397602,397605,3,5
397597,397602,397605,3,5
397597,397602,397605,3,5
397597,397603,397605,2,6
397597,397600,397605,5,3
397597,397601,397605,4,4
397597,397601,397605,4,4
397597,397602,397606,4,5
397597,397603,397606,3,6
397597,397597,397606,9,0
397597,397598,397606,8,1
397597,397603,397606,3,6
397597,397602,397606,4,5
397597,397602,397606,4,5
397597,397603,397606,3,6
397597,397604,397606,2,7
397597,397605,397607,2,8
397597,397605,397606,1,8
397597,397603,397606,3,6
397597,397603,397606,3,6
397597,397603,397606,3,6
397597,397604,397606,2,7
397597,397606,397607,1,9
397597,397606,397608,2,9
397597,397606,397608,2,9
397597,397606,397608,2,9
397597,397606,397608,2,9
397597,397606,397608,2,9
397597,397607,397609,2,10
397597,397607,397609,2,10
397597,397606,397609,3,9
397597,397607,397609,2,10
397597,397606,397609,3,9
397597,397606,397609,3,9
397597,397606,397608,2,9
397597,397607,397609,2,10
397597,397607,397609,2,10
397597,397607,397609,2,10
397597,397607,397609,2,10
397597,397607,397610,3,10
397597,397607,397610,3,10
397597,397607,397610,3,10
397597,397607,397610,3,10
397597,397607,397610,3,10
397597,397609,397610,1,12
397597,397609,397610,1,12
397597,397609,397610,1,12
397597,397609,397610,1,12
397597,397607,397610,3,10
397597,397608,397610,2,11
397597,397609,397610,1,12
397597,397609,397611,2,12
397597,397609,397611,2,12
397597,397609,397610,1,12
397597,397609,397611,2,12
397597,397609,397611,2,12
397597,397609,397611,2,12
397597,397610,397611,1,13
397597,397610,397611,1,13
397597,397610,397611,1,13
397597,397610,397612,2,13
397597,397609,397611,2,12
397597,397609,397611,2,12
397597,397609,397611,2,12
397597,397610,397612,2,13
397597,397610,397611,1,13
397597,397611,397612,1,14
397597,397611,397612,1,14
397597,397611,397612,1,14
397597,397611,397613,2,14
397597,397611,397613,2,14
397597,397611,397612,1,14
397597,397611,397613,2,14
397597,397611,397613,2,14
397597,397611,397612,1,14
397597,397611,397613,2,14
397597,397611,397613,2,14
397597,397611,397613,2,14
397597,397611,397613,2,14
397597,397611,397613,2,14
397597,397613,397614,1,16
397597,397612,397614,2,15
397597,397612,397614,2,15
397597,397612,397614,2,15
397597,397612,397614,2,15
397597,397613,397614,1,16
397597,397612,397614,2,15
397597,397612,397614,2,15
397597,397607,397615,8,10
397597,397613,397614,1,16
397597,397613,397615,2,16
397597,397613,397614,1,16
397597,397613,397615,2,16
397597,397613,397615,2,16
397597,397612,397614,2,15
397597,397612,397615,3,15
397597,397612,397614,2,15
397597,397613,397615,2,16
397597,397613,397615,2,16
397597,397613,397614,1,16
397597,397613,397614,1,16
397597,397613,397614,1,16
397597,397613,397615,2,16
397597,397607,397616,9,10
397597,397614,397615,1,17
397597,397614,397616,2,17
397597,397614,397618,4,17
395469,395489,397623,2134,20
395518,395539,397623,2084,21
397625,397625,397626,1,0
397625,397625,397626,1,0
397625,397625,397626,1,0
397625,397625,397626,1,0
397625,397625,397627,2,0
397625,397625,397626,1,0
397625,397625,397626,1,0
397625,397625,397626,1,0
397625,397625,397626,1,0
397625,397625,397626,1,0
397625,397625,397626,1,0
397625,397625,397626,1,0
397625,397625,397626,1,0
397625,397625,397626,1,0
397625,397625,397626,1,0
397625,397625,397627,2,0
397625,397625,397627,2,0
397625,397625,397627,2,0
397625,397625,397627,2,0
397625,397625,397627,2,0
397625,397625,397629,4,0
397625,397625,397629,4,0
397625,397627,397629,2,2
397625,397627,397629,2,2
397625,397627,397629,2,2
397625,397627,397629,2,2
397625,397627,397629,2,2
397625,397627,397629,2,2
397625,397627,397629,2,2
397625,397627,397629,2,2
397625,397627,397629,2,2
397625,397627,397629,2,2
397625,397627,397629,2,2
397625,397627,397629,2,2
397625,397627,397629,2,2
397625,397627,397630,3,2
397625,397627,397630,3,2
397625,397627,397629,2,2
397625,397627,397630,3,2
397625,397625,397631,6,0
397625,397629,397631,2,4
397625,397629,397631,2,4
397625,397629,397631,2,4
397625,397629,397631,2,4
397625,397628,397631,3,3
397625,397629,397631,2,4
397625,397627,397630,3,2
397625,397628,397631,3,3
397625,397629,397631,2,4
397625,397629,397631,2,4
397625,397629,397631,2,4
397625,397629,397632,3,4
397625,397629,397632,3,4
397625,397629,397632,3,4
397625,397629,397631,2,4
397625,397630,397632,2,5
397625,397630,397632,2,5
397625,397625,397632,7,0
397625,397630,397632,2,5
397625,397629,397631,2,4
397625,397629,397631,2,4
397625,397630,397632,2,5
397625,397629,397633,4,4
397625,397631,397633,2,6
397625,397631,397633,2,6
397625,397631,397633,2,6
397625,397631,397633,2,6
397625,397631,397633,2,6
397625,397631,397633,2,6
397625,397631,397633,2,6
397625,397631,397634,3,6
397625,397631,397634,3,6
397625,397631,397634,3,6
397625,397632,397634,2,7
397625,397632,397634,2,7
397625,397632,397635,3,7
397625,397632,397635,3,7
397625,397632,397635,3,7
397625,397632,397635,3,7
397625,397631,397635,4,6
397625,397632,397635,3,7
397625,397632,397635,3,7
397625,397632,397635,3,7
397625,397632,397635,3,7
397625,397633,397636,3,8
397625,397633,397636,3,8
397625,397633,397636,3,8
397625,397634,397636,2,9
397625,397633,397636,3,8
397625,397633,397636,3,8
397625,397633,397636,3,8
397625,397634,397637,3,9
397625,397633,397636,3,8
397625,397635,397636,1,10
397625,397635,397636,1,10
397625,397635,397637,2,10
397625,397635,397637,2,10
397625,397635,397637,2,10
397625,397636,397637,1,11
397625,397636,397637,1,11
397625,397636,397637,1,11
397625,397636,397637,1,11
397625,397636,397637,1,11
397625,397636,397637,1,11
397625,397633,397637,4,8
397625,397636,397638,2,11
397625,397636,397638,2,11
397625,397636,397638,2,11
397625,397636,397638,2,11
397625,397636,397638,2,11
397625,397636,397638,2,11
397625,397637,397638,1,12
397625,397637,397638,1,12
397625,397637,397638,1,12
397625,397637,397638,1,12
397625,397637,397638,1,12
397625,397636,397638,2,11
397625,397638,397639,1,13
397625,397638,397639,1,13
397625,397638,397639,1,13
397625,397638,397640,2,13
397625,397638,397640,2,13
397625,397638,397641,3,13
397625,397638,397641,3,13
397625,397638,397641,3,13
397625,397638,397641,3,13
397625,397639,397641,2,14
397625,397639,397641,2,14
397625,397639,397641,2,14
397625,397638,397641,3,13
397625,397638,397641,3,13
397625,397639,397641,2,14
397625,397632,397642,10,7
397625,397638,397642,4,13
397625,397640,397642,2,15
397625,397639,397642,3,14
397625,397640,397643,3,15
397625,397639,397642,3,14
397625,397639,397642,3,14
397625,397641,397643,2,16
397625,397639,397642,3,14
397625,397639,397642,3,14
397627,397642,397643,1,15
397625,397640,397642,2,15
397625,397641,397643,2,16
397625,397641,397642,1,16
397625,397641,397642,1,16
397625,397639,397643,4,14
397627,397642,397643,1,15
397627,397643,397644,1,16
397627,397642,397643,1,15
397627,397642,397643,1,15
397627,397642,397643,1,15
397627,397642,397643,1,15
397627,397642,397643,1,15
397627,397643,397644,1,16
397627,397643,397644,1,16
397627,397644,397645,1,17
397625,397633,397644,11,8
397627,397643,397644,1,16
397627,397643,397644,1,16
397627,397643,397644,1,16
397627,397643,397644,1,16
397627,397643,397644,1,16
397627,397643,397645,2,16
397627,397643,397644,1,16
397627,397643,397644,1,16
397627,397643,397645,2,16
397627,397643,397644,1,16
397627,397643,397644,1,16
397627,397644,397645,1,17
397627,397644,397645,1,17
397627,397644,397645,1,17
397627,397644,397645,1,17
397627,397644,397645,1,17
397627,397644,397646,2,17
397627,397643,397645,2,16
397627,397644,397647,3,17
397627,397644,397648,4,17
397627,397645,397649,4,18
397627,397645,397649,4,18
397627,397645,397649,4,18
397627,397645,397650,5,18
397627,397643,397649,6,16
397627,397645,397650,5,18
397627,397645,397649,4,18
397627,397648,397650,2,21
397627,397645,397650,5,18
397627,397645,397650,5,18
397627,397645,397650,5,18
397627,397645,397650,5,18
397627,397646,397650,4,19
397627,397646,397650,4,19
397627,397646,397651,5,19
397627,397646,397650,4,19
397627,397646,397651,5,19
397627,397645,397651,6,18
397627,397645,397651,6,18
397627,397646,397651,5,19
397627,397649,397651,2,22
397627,397646,397651,5,19
397627,397650,397651,1,23
397627,397650,397652,2,23
397627,397650,397652,2,23
397627,397650,397652,2,23
397627,397650,397652,2,23
397627,397650,397652,2,23
397627,397650,397652,2,23
397627,397651,397653,2,24
397627,397650,397652,2,23
397627,397650,397653,3,23
397627,397650,397652,2,23
397627,397651,397653,2,24
397627,397651,397653,2,24
397627,397651,397653,2,24
397627,397651,397653,2,24
397627,397651,397653,2,24
397627,397651,397654,3,24
397627,397650,397653,3,23
397627,397651,397655,4,24
397627,397651,397656,5,24
397627,397645,397657,12,18
397627,397651,397658,7,24
397627,397654,397658,4,27
397627,397653,397659,6,26
397627,397654,397660,6,27
397627,397652,397660,8,25
397627,397653,397659,6,26
397627,397654,397660,6,27
397627,397652,397660,8,25
397627,397653,397660,7,26
397627,397653,397660,7,26
397627,397652,397660,8,25
397627,397654,397660,6,27
397627,397655,397660,5,28
397627,397653,397660,7,26
397627,397653,397661,8,26
397627,397653,397661,8,26
397627,397656,397661,5,29
397627,397654,397661,7,27
397627,397654,397661,7,27
397627,397653,397661,8,26
397627,397654,397662,8,27
397627,397659,397663,4,32
397627,397659,397663,4,32
397627,397660,397663,3,33
397627,397660,397664,4,33
397627,397661,397664,3,34
397627,397660,397664,4,33
397627,397660,397664,4,33
397627,397660,397664,4,33
397627,397660,397664,4,33
397627,397662,397664,2,35
397627,397661,397664,3,34
397627,397660,397664,4,33
397627,397661,397664,3,34
397627,397663,397665,2,36
397627,397662,397664,2,35
397627,397664,397665,1,37
397627,397662,397665,3,35
397627,397650,397664,14,23
397627,397659,397665,6,32
397627,397660,397664,4,33
397627,397661,397664,3,34
397627,397662,397665,3,35
397627,397662,397664,2,35
397627,397664,397665,1,37
397627,397662,397665,3,35
397627,397664,397665,1,37
397627,397664,397665,1,37
397627,397665,397666,1,38
397627,397665,397666,1,38
397627,397665,397666,1,38
397627,397665,397666,1,38
397627,397665,397666,1,38
397627,397665,397667,2,38
397627,397665,397667,2,38
397627,397665,397667,2,38
397627,397665,397667,2,38
397627,397665,397667,2,38
397627,397665,397667,2,38
397627,397664,397667,3,37
397627,397666,397668,2,39
397627,397666,397668,2,39
397627,397666,397668,2,39
397627,397665,397669,4,38
397627,397665,397668,3,38
397625,397666,397670,4,41
397627,397666,397671,5,39
397627,397666,397671,5,39
397627,397666,397671,5,39
397627,397667,397672,5,40
397627,397666,397671,5,39
397627,397667,397672,5,40
397627,397667,397673,6,40
397627,397667,397672,5,40
397627,397667,397672,5,40
397627,397657,397674,17,30
397627,397665,397677,12,38
397676,397677,397678,1,1
395165,395182,397695,2513,17
397703,397703,397706,3,0
397703,397703,397706,3,0
397703,397703,397707,4,0
397703,397703,397707,4,0
397703,397703,397707,4,0
397703,397703,397707,4,0
397703,397703,397707,4,0
397703,397703,397707,4,0
397703,397703,397707,4,0
397703,397703,397707,4,0
397703,397703,397707,4,0
397703,397703,397707,4,0
397703,397703,397707,4,0
397703,397703,397707,4,0
397703,397703,397707,4,0
397703,397703,397707,4,0
397703,397703,397707,4,0
397703,397703,397707,4,0
397703,397703,397707,4,0
397703,397703,397708,5,0
397703,397706,397709,3,3
397703,397707,397709,2,4
397703,397707,397710,3,4
397703,397707,397710,3,4
397703,397707,397709,2,4
397703,397707,397710,3,4
397703,397707,397710,3,4
397703,397707,397710,3,4
397703,397707,397710,3,4
397703,397707,397710,3,4
397703,397707,397711,4,4
397703,397707,397710,3,4
397703,397707,397713,6,4
397703,397707,397713,6,4
397703,397707,397712,5,4
397703,397708,397713,5,5
397703,397707,397713,6,4
397703,397707,397714,7,4
397703,397707,397714,7,4
397703,397710,397714,4,7
397703,397710,397714,4,7
397703,397709,397714,5,6
397703,397709,397714,5,6
397703,397710,397715,5,7
397703,397703,397715,12,0
397703,397710,397715,5,7
397703,397710,397715,5,7
397703,397710,397715,5,7
397703,397710,397715,5,7
397703,397710,397715,5,7
397703,397711,397715,4,8
397703,397710,397715,5,7
397703,397711,397716,5,8
397703,397714,397716,2,11
397703,397713,397716,3,10
397703,397713,397716,3,10
397703,397714,397716,2,11
397703,397713,397717,4,10
397703,397714,397717,3,11
397703,397716,397717,1,13
397703,397714,397717,3,11
397703,397714,397718,4,11
397703,397715,397718,3,12
397703,397715,397719,4,12
397703,397716,397719,3,13
397703,397716,397719,3,13
397703,397716,397719,3,13
397703,397716,397720,4,13
397625,397666,397671,5,41
397703,397714,397721,7,11
397703,397714,397721,7,11
397703,397716,397722,6,13
397703,397716,397721,5,13
397703,397717,397722,5,14
397703,397717,397722,5,14
397703,397717,397721,4,14
397703,397718,397722,4,15
397703,397716,397723,7,13
397703,397716,397723,7,13
397703,397718,397723,5,15
397703,397720,397724,4,17
397703,397720,397723,3,17
397703,397719,397723,4,16
397703,397720,397724,4,17
397703,397718,397723,5,15
397703,397719,397723,4,16
397703,397717,397724,7,14
397703,397721,397724,3,18
397703,397721,397724,3,18
397703,397720,397724,4,17
397703,397721,397724,3,18
397703,397722,397724,2,19
397703,397722,397724,2,19
397703,397723,397724,1,20
397703,397721,397725,4,18
397703,397721,397726,5,18
397703,397722,397725,3,19
397703,397722,397725,3,19
397703,397722,397725,3,19
397703,397724,397726,2,21
397703,397724,397726,2,21
397703,397724,397726,2,21
397703,397724,397726,2,21
397703,397724,397726,2,21
397703,397724,397726,2,21
397703,397725,397726,1,22
397703,397724,397726,2,21
397703,397725,397727,2,22
397703,397725,397729,4,22
397703,397726,397729,3,23
397703,397725,397729,4,22
397703,397726,397729,3,23
397703,397726,397729,3,23
397703,397726,397729,3,23
397703,397724,397729,5,21
397703,397725,397729,4,22
397703,397725,397729,4,22
397703,397726,397729,3,23
397703,397726,397730,4,23
397703,397724,397729,5,21
397703,397724,397729,5,21
397703,397725,397729,4,22
397703,397726,397729,3,23
397703,397726,397730,4,23
397703,397726,397731,5,23
397703,397727,397731,4,24
397703,397727,397731,4,24
397703,397728,397731,3,25
397703,397727,397732,5,24
397703,397727,397732,5,24
397703,397729,397732,3,26
397703,397729,397732,3,26
397703,397730,397732,2,27
397703,397730,397732,2,27
397703,397729,397732,3,26
397703,397729,397732,3,26
397703,397729,397733,4,26
397703,397729,397733,4,26
397703,397730,397733,3,27
397703,397730,397732,2,27
397703,397730,397732,2,27
397703,397732,397733,1,29
397703,397731,397733,2,28
397703,397731,397733,2,28
397703,397730,397734,4,27
397703,397730,397734,4,27
397703,397730,397733,3,27
397703,397730,397734,4,27
397703,397703,397717,14,0
397703,397703,397715,12,0
397703,397751,397760,9,48
395894,395912,397764,1852,18
396622,396641,397873,1232,19
397857,397857,397901,44,0
397907,397907,397911,4,0
397907,397907,397911,4,0
397907,397907,397911,4,0
397907,397907,397911,4,0
397907,397907,397911,4,0
397907,397907,397911,4,0
397907,397907,397911,4,0
397907,397907,397911,4,0
397907,397907,397911,4,0
397907,397907,397911,4,0
397907,397907,397911,4,0
397907,397907,397911,4,0
397907,397907,397911,4,0
397907,397907,397911,4,0
397907,397907,397911,4,0
397907,397907,397911,4,0
397907,397907,397911,4,0
397907,397907,397911,4,0
397907,397907,397911,4,0
397907,397907,397911,4,0
397907,397907,397912,5,0
397907,397907,397911,4,0
397907,397907,397911,4,0
397907,397907,397913,6,0
397907,397907,397913,6,0
397907,397911,397914,3,4
397907,397907,397913,6,0
397907,397911,397914,3,4
397907,397911,397914,3,4
397907,397911,397914,3,4
397907,397911,397914,3,4
397907,397911,397914,3,4
397907,397911,397914,3,4
397907,397911,397914,3,4
397907,397911,397914,3,4
397907,397911,397914,3,4
397907,397911,397914,3,4
397907,397911,397914,3,4
397907,397911,397915,4,4
397907,397911,397915,4,4
397907,397911,397915,4,4
397907,397911,397914,3,4
397907,397911,397915,4,4
397907,397911,397914,3,4
397907,397912,397915,3,5
397907,397911,397915,4,4
397907,397911,397915,4,4
397907,397912,397915,3,5
397907,397912,397916,4,5
397907,397914,397915,1,7
397907,397914,397916,2,7
397907,397914,397916,2,7
397907,397914,397916,2,7
397907,397914,397916,2,7
397907,397914,397916,2,7
397907,397914,397916,2,7
397907,397914,397916,2,7
397907,397914,397916,2,7
397907,397914,397916,2,7
397907,397915,397917,2,8
397907,397914,397916,2,7
397907,397915,397916,1,8
397907,397915,397917,2,8
397907,397915,397917,2,8
397907,397914,397917,3,7
397907,397914,397917,3,7
397907,397914,397917,3,7
397907,397915,397918,3,8
397907,397915,397918,3,8
397907,397916,397919,3,9
397907,397915,397919,4,8
397907,397915,397919,4,8
397907,397916,397919,3,9
397907,397916,397919,3,9
397907,397916,397919,3,9
397907,397915,397919,4,8
397907,397915,397919,4,8
397907,397917,397919,2,10
397907,397916,397919,3,9
397907,397916,397919,3,9
397907,397916,397920,4,9
397907,397916,397919,3,9
397907,397917,397920,3,10
397907,397916,397920,4,9
397907,397916,397920,4,9
397907,397917,397920,3,10
397907,397916,397920,4,9
397907,397916,397920,4,9
397907,397919,397921,2,12
397907,397917,397921,4,10
397907,397918,397923,5,11
397907,397920,397924,4,13
397907,397920,397924,4,13
397907,397920,397924,4,13
397907,397920,397924,4,13
397907,397920,397924,4,13
397907,397920,397924,4,13
397907,397920,397924,4,13
397907,397920,397924,4,13
397907,397920,397924,4,13
397907,397921,397924,3,14
397907,397921,397924,3,14
397907,397919,397924,5,12
397907,397919,397924,5,12
397907,397920,397924,4,13
397907,397918,397925,7,11
397907,397920,397925,5,13
397907,397920,397925,5,13
397907,397921,397925,4,14
397907,397921,397925,4,14
397907,397921,397925,4,14
397907,397920,397925,5,13
397907,397918,397925,7,11
397907,397918,397926,8,11
397907,397924,397927,3,17
397907,397922,397927,5,15
397907,397923,397927,4,16
397907,397925,397927,2,18
397907,397925,397927,2,18
397907,397924,397927,3,17
397907,397925,397928,3,18
397907,397925,397928,3,18
397907,397924,397928,4,17
397907,397924,397928,4,17
397907,397925,397928,3,18
397907,397925,397928,3,18
397907,397925,397928,3,18
397907,397925,397928,3,18
397907,397926,397929,3,19
397907,397925,397928,3,18
397907,397926,397929,3,19
397907,397926,397929,3,19
397907,397925,397929,4,18
397907,397925,397929,4,18
397907,397927,397929,2,20
397907,397925,397929,4,18
397907,397926,397929,3,19
397907,397928,397929,1,21
397907,397928,397929,1,21
397907,397928,397929,1,21
397907,397928,397930,2,21
397907,397929,397930,1,22
397907,397929,397930,1,22
397907,397928,397930,2,21
397907,397926,397930,4,19
397907,397926,397930,4,19
397907,397928,397930,2,21
397907,397929,397930,1,22
397907,397929,397930,1,22
397907,397929,397930,1,22
397907,397929,397930,1,22
397907,397929,397930,1,22
397907,397929,397930,1,22
397907,397929,397930,1,22
397907,397929,397930,1,22
397907,397930,397931,1,23
397907,397926,397930,4,19
397907,397928,397931,3,21
397907,397930,397931,1,23
397907,397929,397931,2,22
397907,397925,397930,5,18
397907,397928,397930,2,21
397907,397928,397931,3,21
397907,397930,397931,1,23
397907,397930,397931,1,23
397907,397930,397931,1,23
397907,397930,397931,1,23
397907,397930,397931,1,23
397907,397930,397931,1,23
397907,397930,397931,1,23
397907,397931,397933,2,24
397907,397931,397933,2,24
397907,397931,397933,2,24
397907,397931,397933,2,24
397907,397931,397933,2,24
397907,397931,397933,2,24
397907,397931,397933,2,24
397907,397930,397933,3,23
397907,397931,397933,2,24
397907,397930,397933,3,23
397907,397931,397933,2,24
397907,397931,397933,2,24
397907,397931,397933,2,24
397907,397931,397934,3,24
397907,397931,397933,2,24
397907,397931,397933,2,24
397907,397932,397935,3,25
397907,397932,397935,3,25
397907,397932,397936,4,25
397907,397933,397936,3,26
397907,397931,397936,5,24
397907,397932,397936,4,25
397907,397932,397936,4,25
397907,397932,397936,4,25
397907,397933,397937,4,26
397907,397934,397937,3,27
397907,397933,397937,4,26
397907,397932,397937,5,25
397907,397933,397938,5,26
397907,397935,397938,3,28
397907,397931,397938,7,24
397907,397932,397939,7,25
397907,397933,397939,6,26
397907,397933,397939,6,26
397907,397933,397939,6,26
397907,397933,397939,6,26
397907,397934,397939,5,27
397907,397934,397939,5,27
397907,397934,397939,5,27
397907,397933,397939,6,26
397907,397936,397939,3,29
397907,397937,397939,2,30
397907,397937,397939,2,30
397907,397936,397939,3,29
397907,397937,397940,3,30
397907,397936,397939,3,29
397907,397934,397939,5,27
397907,397934,397939,5,27
397907,397938,397940,2,31
397907,397938,397940,2,31
397907,397937,397940,3,30
397907,397937,397940,3,30
397907,397938,397941,3,31
397907,397938,397941,3,31
397907,397939,397941,2,32
397907,397939,397941,2,32
397907,397939,397941,2,32
397907,397939,397941,2,32
397907,397934,397941,7,27
397907,397940,397941,1,33
397907,397940,397941,1,33
397907,397940,397941,1,33
397907,397937,397941,4,30
397907,397940,397942,2,33
397907,397940,397942,2,33
397907,397939,397942,3,32
397907,397939,397942,3,32
397907,397939,397942,3,32
397907,397939,397942,3,32
397907,397941,397942,1,34
397907,397939,397942,3,32
397907,397939,397942,3,32
397907,397941,397942,1,34
397907,397942,397943,1,35
397907,397942,397943,1,35
397907,397940,397942,2,33
397907,397941,397942,1,34
397907,397941,397942,1,34
397907,397941,397942,1,34
397907,397940,397942,2,33
397907,397940,397943,3,33
397907,397941,397943,2,34
397907,397941,397942,1,34
397907,397942,397943,1,35
397907,397942,397943,1,35
397907,397942,397943,1,35
397907,397942,397943,1,35
397907,397942,397943,1,35
397907,397942,397943,1,35
397907,397942,397943,1,35
397907,397942,397944,2,35
397907,397942,397945,3,35
397907,397943,397945,2,36
397907,397942,397945,3,35
397907,397943,397945,2,36
397907,397943,397945,2,36
397907,397943,397946,3,36
397907,397942,397946,4,35
397907,397943,397946,3,36
397907,397943,397946,3,36
397907,397943,397946,3,36
397907,397943,397946,3,36
397907,397943,397946,3,36
397907,397944,397946,2,37
397907,397943,397947,4,36
397907,397943,397946,3,36
397907,397944,397947,3,37
397907,397943,397947,4,36
397907,397943,397947,4,36
397907,397946,397947,1,39
397907,397943,397947,4,36
397907,397946,397948,2,39
397907,397946,397948,2,39
397907,397944,397947,3,37
397907,397944,397947,3,37
397907,397944,397947,3,37
397907,397944,397948,4,37
397907,397946,397948,2,39
397907,397946,397948,2,39
397907,397947,397948,1,40
397907,397944,397948,4,37
397907,397946,397948,2,39
397907,397943,397948,5,36
397907,397947,397948,1,40
397907,397947,397948,1,40
397907,397947,397949,2,40
397907,397947,397948,1,40
397907,397947,397948,1,40
397907,397947,397949,2,40
397907,397947,397949,2,40
395842,395861,397960,2099,19
396387,396396,397965,1569,9
397994,397994,397995,1,0
397994,397994,397996,2,0
397994,397994,397996,2,0
397994,397994,397996,2,0
397994,397994,397995,1,0
397994,397994,397996,2,0
397994,397994,397996,2,0
397994,397994,397996,2,0
395921,395968,397995,2027,47
397994,397994,397996,2,0
397994,397994,397996,2,0
397994,397994,397996,2,0
397994,397994,397996,2,0
397994,397994,397996,2,0
397994,397994,397995,1,0
397994,397994,397996,2,0
397994,397994,397995,1,0
397994,397994,397996,2,0
397994,397994,397996,2,0
397994,397994,397996,2,0
397994,397994,397996,2,0
397994,397994,397996,2,0
397994,397994,397997,3,0
397994,397996,397998,2,2
397994,397994,397998,4,0
397994,397996,397999,3,2
397994,397996,398000,4,2
397994,397996,398000,4,2
397994,397996,398001,5,2
397994,397996,398001,5,2
397994,397996,398001,5,2
397994,397996,398000,4,2
397994,397996,398001,5,2
397994,397996,398001,5,2
397994,397994,398001,7,0
397994,397994,398000,6,0
397994,397996,398001,5,2
397994,397996,398001,5,2
397994,397996,398001,5,2
397994,397998,398002,4,4
397994,397996,398002,6,2
397994,397994,398002,8,0
397994,397996,398001,5,2
397994,397996,398002,6,2
397994,397996,398001,5,2
397994,397996,398002,6,2
397994,397996,398002,6,2
397994,397999,398003,4,5
397994,398000,398003,3,6
397994,397997,398003,6,3
397994,397997,398003,6,3
397994,397997,398003,6,3
397994,397997,398002,5,3
397994,398001,398003,2,7
397994,397994,398004,10,0
397994,398002,398004,2,8
397994,397999,398003,4,5
397994,398001,398004,3,7
397994,398001,398004,3,7
397994,398000,398004,4,6
397994,398001,398004,3,7
397994,398001,398004,3,7
397994,398001,398004,3,7
397994,398001,398004,3,7
397994,398001,398004,3,7
397994,398002,398004,2,8
397994,398001,398004,3,7
397994,398002,398004,2,8
397994,398002,398004,2,8
397994,398003,398004,1,9
397994,398001,398004,3,7
397994,398003,398004,1,9
397994,398003,398004,1,9
397994,398003,398005,2,9
397994,398001,398005,4,7
397994,398004,398006,2,10
397994,398003,398006,3,9
397994,398003,398006,3,9
397994,398004,398006,2,10
397994,398003,398006,3,9
397994,398004,398006,2,10
397994,398003,398006,3,9
397994,398004,398006,2,10
397994,398005,398006,1,11
397994,398004,398006,2,10
397994,398004,398007,3,10
397994,398004,398007,3,10
397994,398004,398007,3,10
397994,398004,398007,3,10
397994,398004,398007,3,10
397994,398004,398007,3,10
397994,398003,398007,4,9
397994,398005,398007,2,11
397994,398005,398007,2,11
397994,398005,398007,2,11
397994,398005,398007,2,11
397994,398005,398007,2,11
397994,398005,398008,3,11
397994,398005,398008,3,11
397994,398005,398009,4,11
397994,398006,398010,4,12
397994,398006,398012,6,12
397994,398007,398012,5,13
397994,398007,398012,5,13
397994,398008,398012,4,14
397994,398007,398012,5,13
397994,398007,398012,5,13
397994,398007,398013,6,13
397994,398007,398013,6,13
397994,398007,398013,6,13
397994,398008,398013,5,14
397994,398008,398013,5,14
397994,398008,398013,5,14
397994,398006,398013,7,12
397994,398007,398013,6,13
397994,398007,398013,6,13
397994,398008,398014,6,14
397994,398008,398013,5,14
397994,398008,398013,5,14
397994,398008,398014,6,14
397994,398009,398014,5,15
397994,398007,398013,6,13
397994,398008,398014,6,14
397994,398008,398014,6,14
397994,398007,398014,7,13
397994,398011,398014,3,17
397994,398013,398014,1,19
397994,398010,398015,5,16
397994,398012,398014,2,18
397994,398004,398015,11,10
397994,398014,398015,1,20
397994,398014,398015,1,20
397994,398013,398015,2,19
397994,398013,398015,2,19
397994,398013,398015,2,19
397994,398014,398016,2,20
397994,398014,398015,1,20
397994,398015,398016,1,21
397994,398015,398016,1,21
397994,398009,398015,6,15
397994,398013,398015,2,19
397994,398014,398016,2,20
397994,398014,398015,1,20
397994,398014,398016,2,20
397994,398014,398015,1,20
397994,398014,398015,1,20
397994,398013,398015,2,19
397994,398014,398016,2,20
397994,398014,398016,2,20
397994,398014,398016,2,20
397994,398015,398016,1,21
397994,398014,398016,2,20
397994,398014,398016,2,20
397994,398014,398016,2,20
397994,398015,398016,1,21
397994,398014,398017,3,20
397994,398016,398017,1,22
397994,398016,398017,1,22
397994,398016,398018,2,22
397994,398016,398017,1,22
397994,398016,398017,1,22
397994,398016,398018,2,22
397994,398016,398017,1,22
397994,398014,398017,3,20
397994,398016,398018,2,22
397994,398016,398018,2,22
397994,398016,398019,3,22
397994,398016,398019,3,22
397994,398016,398019,3,22
397994,398016,398019,3,22
397994,398016,398019,3,22
397994,398016,398019,3,22
397994,398016,398019,3,22
397994,398016,398019,3,22
397994,398016,398020,4,22
397994,398016,398019,3,22
397994,398016,398019,3,22
397994,398016,398019,3,22
397994,398016,398019,3,22
397994,398018,398020,2,24
397994,398017,398020,3,23
397994,398018,398020,2,24
397994,398018,398020,2,24
397994,398018,398021,3,24
397994,398018,398020,2,24
397994,398017,398020,3,23
397994,398018,398021,3,24
397994,398017,398020,3,23
397994,398017,398021,4,23
397994,398019,398021,2,25
397994,398019,398021,2,25
397994,398019,398021,2,25
397994,398020,398021,1,26
397994,398018,398021,3,24
397994,398019,398021,2,25
397994,398019,398021,2,25
397994,398018,398021,3,24
397994,398018,398021,3,24
397994,398019,398021,2,25
395824,395839,398022,2183,15
397994,398019,398022,3,25
397994,398020,398021,1,26
397994,398020,398022,2,26
397994,398020,398022,2,26
397994,398020,398022,2,26
397994,398020,398022,2,26
397994,398020,398021,1,26
397994,398020,398021,1,26
397994,398021,398022,1,27
397994,398021,398023,2,27
397994,398021,398022,1,27
397994,398021,398023,2,27
397994,398021,398022,1,27
397994,398021,398023,2,27
397994,398021,398023,2,27
397994,398021,398023,2,27
397994,398021,398023,2,27
397994,398021,398023,2,27
397994,398021,398023,2,27
397994,398021,398023,2,27
397994,398022,398023,1,28
397994,398022,398023,1,28
397994,398021,398023,2,27
397994,398022,398024,2,28
397994,398022,398023,1,28
397994,398022,398024,2,28
397994,398022,398024,2,28
397994,398022,398024,2,28
397994,398022,398024,2,28
397994,398022,398024,2,28
397994,398023,398025,2,29
397994,398023,398025,2,29
397994,398024,398025,1,30
397994,398022,398025,3,28
397994,398023,398025,2,29
397994,398023,398025,2,29
397994,398022,398025,3,28
397994,398022,398024,2,28
397994,398023,398025,2,29
397994,398023,398025,2,29
397994,398022,398025,3,28
397994,398022,398025,3,28
397994,398022,398025,3,28
397994,398022,398025,3,28
397994,398024,398025,1,30
397994,398023,398025,2,29
397994,398024,398025,1,30
397994,398024,398026,2,30
397994,398023,398026,3,29
397994,398023,398025,2,29
397994,398023,398025,2,29
397994,398024,398025,1,30
397994,398023,398025,2,29
397994,398025,398026,1,31
397994,398023,398026,3,29
397994,398025,398026,1,31
397994,398025,398027,2,31
397994,398025,398026,1,31
397994,398025,398026,1,31
397994,398025,398026,1,31
397994,398025,398026,1,31
397994,398025,398027,2,31
397994,398026,398027,1,32
397994,398026,398027,1,32
397994,398026,398027,1,32
397994,398026,398027,1,32
397994,398026,398027,1,32
397994,398026,398027,1,32
397994,398026,398027,1,32
397994,398026,398027,1,32
397994,398025,398027,2,31
397994,398026,398027,1,32
397994,398026,398027,1,32
397994,398026,398027,1,32
397994,398026,398028,2,32
397994,398026,398027,1,32
397994,398026,398028,2,32
397994,398026,398028,2,32
397994,398026,398028,2,32
397994,398026,398028,2,32
397994,398026,398028,2,32
397994,398026,398028,2,32
397994,398026,398028,2,32
397994,398027,398029,2,33
397994,398027,398029,2,33
397994,398028,398030,2,34
397994,398027,398029,2,33
397994,398027,398029,2,33
398013,398028,398030,2,15
397994,398027,398030,3,33
397994,398027,398030,3,33
397994,398027,398030,3,33
397994,398028,398030,2,34
398013,398029,398031,2,16
398013,398029,398030,1,16
397994,398028,398030,2,34
397994,398028,398031,3,34
397994,398028,398030,2,34
397994,398028,398030,2,34
397994,398028,398030,2,34
397994,398028,398030,2,34
397994,398028,398030,2,34
398013,398030,398031,1,17
397994,398028,398030,2,34
397994,398028,398030,2,34
397994,398028,398031,3,34
398013,398028,398030,2,15
398013,398028,398031,3,15
398013,398029,398031,2,16
398013,398029,398031,2,16
398013,398028,398030,2,15
398013,398028,398031,3,15
398013,398028,398031,3,15
398013,398028,398031,3,15
398013,398031,398032,1,18
398013,398031,398032,1,18
398013,398030,398031,1,17
398013,398030,398031,1,17
398013,398030,398031,1,17
398013,398030,398032,2,17
398013,398031,398032,1,18
398013,398031,398032,1,18
398013,398031,398032,1,18
398013,398031,398032,1,18
398013,398031,398032,1,18
398013,398031,398032,1,18
398013,398031,398033,2,18
398013,398031,398033,2,18
398013,398031,398032,1,18
398013,398031,398032,1,18
398013,398031,398032,1,18
398013,398031,398032,1,18
398013,398031,398032,1,18
398013,398031,398032,1,18
398013,398031,398033,2,18
398013,398031,398033,2,18
398013,398031,398033,2,18
398013,398031,398033,2,18
398013,398032,398033,1,19
398013,398032,398034,2,19
398013,398031,398034,3,18
398013,398032,398034,2,19
398013,398032,398034,2,19
398013,398032,398034,2,19
398013,398033,398035,2,20
398013,398033,398035,2,20
398013,398033,398035,2,20
398013,398033,398035,2,20
398013,398032,398034,2,19
398013,398032,398034,2,19
398013,398033,398035,2,20
398013,398033,398035,2,20
398013,398033,398035,2,20
398013,398032,398035,3,19
398013,398032,398035,3,19
398013,398033,398035,2,20
398013,398033,398035,2,20
398013,398034,398036,2,21
398013,398033,398035,2,20
398013,398033,398036,3,20
398013,398033,398035,2,20
398013,398033,398035,2,20
398013,398033,398035,2,20
398013,398033,398036,3,20
398013,398033,398036,3,20
398013,398033,398036,3,20
398013,398033,398036,3,20
398013,398035,398036,1,22
398013,398034,398036,2,21
398013,398035,398036,1,22
398013,398035,398036,1,22
398013,398035,398037,2,22
398013,398035,398036,1,22
398013,398035,398036,1,22
398013,398035,398037,2,22
398013,398035,398037,2,22
398013,398035,398037,2,22
398013,398035,398037,2,22
398013,398035,398037,2,22
398013,398035,398037,2,22
398013,398036,398038,2,23
398013,398036,398038,2,23
398013,398036,398038,2,23
398013,398036,398038,2,23
398013,398036,398038,2,23
398013,398036,398038,2,23
398013,398036,398038,2,23
398013,398035,398037,2,22
398013,398036,398038,2,23
398013,398035,398037,2,22
398013,398037,398039,2,24
398013,398037,398039,2,24
398013,398037,398039,2,24
398013,398036,398038,2,23
398013,398037,398038,1,24
398013,398037,398038,1,24
398013,398037,398038,1,24
398013,398037,398038,1,24
398013,398036,398038,2,23
398013,398037,398038,1,24
398013,398037,398038,1,24
398013,398037,398038,1,24
398013,398037,398039,2,24
398013,398037,398039,2,24
398013,398037,398040,3,24
398013,398038,398040,2,25
398013,398037,398040,3,24
398013,398037,398040,3,24
398013,398038,398040,2,25
398013,398037,398040,3,24
398013,398039,398041,2,26
398013,398038,398040,2,25
398013,398039,398041,2,26
398013,398038,398041,3,25
398013,398038,398040,2,25
398013,398038,398041,3,25
398013,398039,398041,2,26
398013,398039,398041,2,26
398013,398038,398041,3,25
398013,398038,398041,3,25
398013,398038,398041,3,25
398013,398039,398041,2,26
398013,398039,398041,2,26
398013,398039,398041,2,26
398013,398039,398041,2,26
398013,398039,398041,2,26
398013,398039,398042,3,26
398013,398039,398041,2,26
398013,398039,398041,2,26
398013,398039,398042,3,26
398013,398040,398042,2,27
398013,398040,398042,2,27
398013,398041,398042,1,28
398013,398038,398042,4,25
398013,398040,398042,2,27
398013,398040,398042,2,27
398013,398040,398042,2,27
398013,398039,398042,3,26
398013,398041,398043,2,28
398013,398041,398042,1,28
398013,398041,398043,2,28
398013,398041,398043,2,28
398013,398041,398043,2,28
398013,398041,398043,2,28
398013,398041,398043,2,28
398013,398041,398043,2,28
398013,398041,398043,2,28
398013,398042,398043,1,29
398013,398041,398043,2,28
398013,398042,398044,2,29
398013,398041,398043,2,28
398024,398042,398044,2,18
398024,398042,398044,2,18
398024,398042,398043,1,18
398024,398042,398044,2,18
398024,398042,398044,2,18
398024,398042,398044,2,18
398024,398042,398044,2,18
398024,398043,398044,1,19
398024,398043,398045,2,19
398024,398043,398044,1,19
398024,398043,398045,2,19
398024,398042,398045,3,18
398024,398043,398045,2,19
398024,398044,398045,1,20
398024,398043,398045,2,19
398024,398044,398045,1,20
398024,398044,398045,1,20
398024,398044,398046,2,20
398024,398044,398045,1,20
398024,398044,398045,1,20
398024,398044,398045,1,20
398024,398044,398045,1,20
398024,398044,398045,1,20
398024,398044,398045,1,20
398024,398044,398046,2,20
398024,398044,398046,2,20
398024,398044,398046,2,20
398024,398045,398046,1,21
398024,398045,398046,1,21
398024,398045,398047,2,21
398024,398044,398047,3,20
398024,398044,398047,3,20
398024,398044,398047,3,20
398024,398046,398047,1,22
398024,398045,398047,2,21
398024,398046,398047,1,22
398024,398046,398048,2,22
398013,398042,398048,6,29
398024,398046,398048,2,22
398024,398046,398048,2,22
398024,398046,398048,2,22
398024,398046,398048,2,22
398024,398046,398048,2,22
398024,398046,398048,2,22
398024,398046,398048,2,22
398024,398046,398049,3,22
398024,398046,398050,4,22
398024,398046,398050,4,22
398024,398046,398050,4,22
398024,398046,398049,3,22
398024,398047,398051,4,23
398024,398047,398052,5,23
398024,398047,398051,4,23
398024,398046,398051,5,22
398024,398044,398052,8,20
398024,398048,398052,4,24
398024,398048,398052,4,24
398024,398048,398052,4,24
398024,398048,398052,4,24
398024,398048,398053,5,24
398024,398044,398052,8,20
398024,398049,398053,4,25
398024,398048,398053,5,24
398024,398048,398053,5,24
398024,398049,398053,4,25
398024,398049,398053,4,25
398024,398049,398053,4,25
398024,398049,398053,4,25
398024,398050,398054,4,26
398024,398049,398054,5,25
398024,398050,398054,4,26
398024,398050,398054,4,26
398024,398049,398054,5,25
398024,398049,398054,5,25
398024,398052,398054,2,28
398024,398052,398054,2,28
398024,398053,398055,2,29
398024,398050,398054,4,26
398024,398052,398055,3,28
398024,398053,398055,2,29
398024,398051,398055,4,27
398024,398053,398055,2,29
398024,398053,398056,3,29
398024,398053,398055,2,29
398024,398054,398055,1,30
398024,398055,398056,1,31
398024,398054,398056,2,30
398024,398054,398055,1,30
398024,398054,398056,2,30
398024,398054,398055,1,30
398024,398054,398056,2,30
398024,398054,398056,2,30
398024,398054,398056,2,30
398024,398054,398056,2,30
398024,398055,398057,2,31
398024,398054,398057,3,30
398024,398055,398057,2,31
398024,398055,398057,2,31
398024,398054,398058,4,30
398024,398055,398059,4,31
398024,398055,398059,4,31
398024,398055,398059,4,31
398024,398055,398060,5,31
398024,398055,398060,5,31
398024,398056,398060,4,32
398024,398056,398061,5,32
398024,398056,398060,4,32
398024,398056,398061,5,32
398024,398056,398061,5,32
398024,398056,398062,6,32
398024,398056,398061,5,32
398024,398056,398062,6,32
398024,398056,398063,7,32
398024,398056,398062,6,32
398024,398056,398063,7,32
398024,398056,398063,7,32
398024,398058,398063,5,34
398024,398058,398064,6,34
398024,398058,398064,6,34
398024,398057,398064,7,33
398024,398058,398065,7,34
398024,398059,398065,6,35
398024,398059,398066,7,35
398024,398061,398066,5,37
398024,398063,398067,4,39
398024,398061,398067,6,37
398024,398060,398067,7,36
398024,398061,398066,5,37
398024,398061,398066,5,37
398024,398062,398067,5,38
398024,398057,398066,9,33
398024,398062,398067,5,38
398024,398062,398067,5,38
398024,398064,398067,3,40
398024,398060,398067,7,36
398024,398061,398067,6,37
398024,398063,398068,5,39
398024,398063,398068,5,39
398024,398063,398068,5,39
398024,398063,398068,5,39
398024,398064,398068,4,40
398024,398048,398069,21,24
398024,398065,398069,4,41
398024,398066,398069,3,42
398024,398064,398069,5,40
398024,398065,398069,4,41
398024,398067,398070,3,43
398024,398052,398070,18,28
398024,398053,398070,17,29
398024,398065,398070,5,41
396306,396325,398493,2168,19
398494,398494,398495,1,0
398494,398494,398495,1,0
398494,398494,398495,1,0
398494,398494,398495,1,0
398494,398494,398495,1,0
398494,398494,398495,1,0
398494,398494,398496,2,0
398494,398494,398495,1,0
398494,398494,398495,1,0
398494,398494,398495,1,0
398494,398494,398495,1,0
398494,398494,398495,1,0
398494,398494,398496,2,0
398494,398494,398495,1,0
398494,398494,398495,1,0
398494,398494,398496,2,0
398494,398494,398496,2,0
398494,398494,398497,3,0
398494,398494,398497,3,0
398494,398496,398497,1,2
398494,398494,398497,3,0
398494,398494,398497,3,0
398494,398494,398497,3,0
398494,398494,398497,3,0
398494,398494,398497,3,0
398494,398496,398497,1,2
398494,398494,398497,3,0
398494,398496,398497,1,2
398494,398496,398498,2,2
398494,398496,398498,2,2
398494,398496,398498,2,2
398494,398496,398498,2,2
398494,398496,398497,1,2
398494,398496,398498,2,2
398494,398496,398498,2,2
395897,395937,398498,2561,40
398494,398496,398498,2,2
398494,398496,398498,2,2
398494,398496,398499,3,2
398494,398496,398498,2,2
398494,398496,398498,2,2
398494,398497,398499,2,3
398494,398497,398499,2,3
398494,398498,398499,1,4
398494,398497,398499,2,3
398494,398498,398500,2,4
398494,398498,398500,2,4
398494,398498,398500,2,4
398494,398498,398500,2,4
398494,398498,398500,2,4
398494,398498,398500,2,4
398494,398498,398500,2,4
398494,398498,398500,2,4
398494,398498,398500,2,4
398494,398499,398501,2,5
398494,398499,398500,1,5
398494,398498,398501,3,4
398494,398498,398501,3,4
398494,398498,398501,3,4
398494,398498,398501,3,4
398494,398498,398501,3,4
398494,398498,398501,3,4
398494,398498,398501,3,4
398494,398499,398501,2,5
398494,398499,398501,2,5
398494,398499,398501,2,5
398494,398499,398501,2,5
398494,398500,398501,1,6
398494,398500,398503,3,6
398494,398500,398503,3,6
398494,398500,398503,3,6
398494,398500,398503,3,6
398494,398500,398503,3,6
398494,398500,398503,3,6
398494,398500,398503,3,6
398494,398500,398503,3,6
398494,398500,398503,3,6
398494,398500,398503,3,6
398494,398501,398503,2,7
398494,398500,398503,3,6
398494,398501,398503,2,7
398494,398501,398503,2,7
396383,396396,398504,2108,13
398494,398502,398504,2,8
398494,398501,398504,3,7
398494,398501,398504,3,7
398494,398501,398504,3,7
398494,398501,398504,3,7
398494,398501,398504,3,7
398494,398503,398504,1,9
398494,398501,398504,3,7
398494,398501,398504,3,7
398494,398503,398504,1,9
398494,398501,398504,3,7
398494,398501,398504,3,7
398494,398501,398504,3,7
398494,398503,398505,2,9
398494,398503,398505,2,9
398494,398503,398505,2,9
398494,398503,398505,2,9
398494,398503,398505,2,9
398494,398504,398505,1,10
398494,398503,398505,2,9
398494,398503,398505,2,9
398494,398503,398505,2,9
398494,398503,398505,2,9
398494,398503,398505,2,9
398494,398504,398505,1,10
398494,398501,398505,4,7
398494,398504,398505,1,10
398494,398503,398505,2,9
398494,398504,398505,1,10
398494,398504,398506,2,10
398494,398504,398506,2,10
398494,398504,398506,2,10
398494,398505,398506,1,11
398494,398504,398506,2,10
398494,398504,398506,2,10
398494,398504,398506,2,10
398494,398504,398506,2,10
398494,398504,398507,3,10
398494,398506,398507,1,12
398494,398506,398507,1,12
398494,398504,398507,3,10
398494,398506,398508,2,12
398494,398505,398507,2,11
398494,398506,398508,2,12
398494,398504,398508,4,10
398494,398505,398508,3,11
398494,398505,398508,3,11
398494,398505,398508,3,11
398494,398506,398508,2,12
398494,398506,398508,2,12
398494,398506,398508,2,12
398494,398506,398508,2,12
398494,398506,398508,2,12
398494,398506,398508,2,12
398494,398507,398509,2,13
398494,398507,398509,2,13
398494,398506,398508,2,12
398494,398506,398509,3,12
398494,398506,398509,3,12
398494,398506,398509,3,12
398494,398506,398509,3,12
398494,398507,398510,3,13
398494,398507,398509,2,13
398494,398508,398510,2,14
398494,398508,398510,2,14
398500,398508,398509,1,8
398494,398507,398510,3,13
398494,398507,398510,3,13
398500,398509,398510,1,9
398500,398509,398510,1,9
398500,398509,398510,1,9
398500,398509,398510,1,9
398500,398509,398510,1,9
398500,398509,398510,1,9
398500,398509,398510,1,9
398500,398509,398510,1,9
398500,398509,398510,1,9
398494,398508,398510,2,14
398494,398508,398510,2,14
398500,398509,398510,1,9
398500,398509,398510,1,9
398500,398509,398511,2,9
398500,398509,398510,1,9
398500,398508,398511,3,8
398500,398509,398511,2,9
398500,398510,398511,1,10
398500,398510,398511,1,10
398500,398510,398512,2,10
398500,398510,398512,2,10
398500,398509,398512,3,9
398500,398510,398513,3,10
398500,398510,398512,2,10
398500,398511,398514,3,11
398500,398509,398514,5,9
398500,398511,398514,3,11
398500,398511,398514,3,11
398500,398511,398514,3,11
398500,398511,398514,3,11
398500,398511,398515,4,11
398500,398511,398514,3,11
398500,398511,398514,3,11
398500,398511,398515,4,11
398500,398511,398515,4,11
398500,398511,398515,4,11
398500,398511,398514,3,11
398500,398511,398515,4,11
398500,398511,398514,3,11
398500,398511,398515,4,11
398500,398511,398515,4,11
398500,398512,398516,4,12
398500,398512,398516,4,12
398500,398512,398516,4,12
398500,398511,398516,5,11
398500,398515,398517,2,15
398500,398515,398517,2,15
398500,398514,398516,2,14
398500,398513,398517,4,13
398500,398515,398517,2,15
398500,398512,398517,5,12
398500,398513,398517,4,13
398500,398513,398517,4,13
398500,398515,398517,2,15
398500,398515,398517,2,15
398500,398515,398517,2,15
398500,398515,398517,2,15
398500,398515,398517,2,15
398500,398515,398518,3,15
398500,398515,398517,2,15
398500,398516,398518,2,16
398500,398516,398518,2,16
398500,398513,398517,4,13
398500,398515,398518,3,15
398500,398515,398518,3,15
398500,398515,398517,2,15
398500,398514,398518,4,14
398500,398516,398518,2,16
398500,398515,398518,3,15
398500,398517,398522,5,17
398500,398518,398522,4,18
398500,398518,398522,4,18
398500,398518,398522,4,18
398500,398518,398522,4,18
398500,398518,398522,4,18
398500,398518,398522,4,18
398500,398518,398523,5,18
398500,398517,398522,5,17
398500,398518,398522,4,18
398500,398516,398522,6,16
398500,398518,398522,4,18
398500,398518,398522,4,18
398500,398518,398522,4,18
398500,398517,398522,5,17
398500,398518,398522,4,18
398500,398518,398522,4,18
398500,398518,398522,4,18
398500,398517,398522,5,17
398500,398517,398522,5,17
398500,398518,398523,5,18
398500,398518,398525,7,18
398500,398518,398525,7,18
398500,398519,398525,6,19
398500,398523,398527,4,23
398500,398522,398526,4,22
398500,398522,398527,5,22
398500,398522,398527,5,22
398500,398518,398527,9,18
398500,398523,398527,4,23
398500,398523,398527,4,23
398500,398523,398527,4,23
398500,398519,398527,8,19
398500,398522,398527,5,22
398500,398523,398528,5,23
398500,398523,398528,5,23
398500,398523,398528,5,23
398500,398523,398528,5,23
398500,398523,398528,5,23
398500,398523,398528,5,23
398500,398522,398527,5,22
398500,398523,398528,5,23
398500,398523,398528,5,23
398500,398523,398528,5,23
398500,398526,398528,2,26
398500,398523,398528,5,23
398500,398523,398528,5,23
398500,398523,398529,6,23
398500,398527,398529,2,27
398500,398527,398528,1,27
398500,398527,398529,2,27
398500,398525,398528,3,25
398500,398525,398529,4,25
398500,398528,398529,1,28
398500,398528,398530,2,28
398500,398528,398530,2,28
398500,398528,398530,2,28
398500,398528,398530,2,28
398500,398527,398529,2,27
398500,398528,398531,3,28
398500,398528,398530,2,28
398500,398528,398531,3,28
398500,398529,398531,2,29
398500,398528,398531,3,28
398500,398528,398531,3,28
398500,398529,398531,2,29
398500,398529,398531,2,29
398500,398528,398532,4,28
398500,398529,398532,3,29
398500,398529,398532,3,29
398500,398528,398532,4,28
398500,398528,398532,4,28
398500,398530,398532,2,30
398500,398528,398532,4,28
398500,398530,398535,5,30
398500,398529,398536,7,29
398500,398529,398535,6,29
398500,398527,398536,9,27
398500,398528,398538,10,28
398500,398530,398538,8,30
398505,398532,398539,7,27
398500,398530,398539,9,30
398505,398531,398540,9,26
398505,398531,398540,9,26
398505,398532,398540,8,27
398500,398530,398541,11,30
398505,398531,398541,10,26
398505,398532,398541,9,27
398505,398532,398541,9,27
398505,398532,398541,9,27
398505,398533,398542,9,28
398505,398532,398543,11,27
398505,398532,398543,11,27
398505,398530,398543,13,25
398505,398533,398543,10,28
398505,398533,398543,10,28
398505,398536,398543,7,31
398505,398536,398543,7,31
398505,398533,398543,10,28
398505,398539,398544,5,34
398505,398538,398544,6,33
398505,398540,398544,4,35
398505,398541,398544,3,36
398505,398542,398544,2,37
398505,398532,398545,13,27
398505,398541,398544,3,36
398505,398542,398544,2,37
398505,398542,398544,2,37
398505,398539,398544,5,34
398505,398541,398545,4,36
398505,398543,398545,2,38
398505,398536,398545,9,31
398505,398538,398544,6,33
398505,398542,398545,3,37
398505,398532,398545,13,27
398505,398542,398545,3,37
398505,398543,398546,3,38
398505,398544,398546,2,39
398505,398544,398547,3,39
398505,398544,398546,2,39
398505,398544,398546,2,39
398505,398543,398547,4,38
398505,398545,398547,2,40
398505,398545,398547,2,40
398505,398545,398547,2,40
398505,398545,398547,2,40
398505,398545,398548,3,40
398505,398545,398547,2,40
398505,398546,398548,2,41
398505,398545,398548,3,40
398505,398545,398549,4,40
398505,398544,398549,5,39
398505,398545,398549,4,40
398505,398546,398549,3,41
398505,398545,398549,4,40
398505,398546,398552,6,41
398505,398545,398552,7,40
398505,398546,398552,6,41
398505,398545,398553,8,40
398505,398548,398554,6,43
398505,398547,398554,7,42
398505,398547,398554,7,42
398505,398548,398554,6,43
398505,398545,398553,8,40
398505,398548,398554,6,43
398505,398548,398554,6,43
398505,398548,398554,6,43
398505,398549,398555,6,44
398505,398548,398554,6,43
398505,398549,398555,6,44
398505,398547,398555,8,42
398505,398547,398554,7,42
398505,398544,398556,12,39
398505,398549,398555,6,44
398505,398550,398555,5,45
398505,398550,398555,5,45
398505,398554,398556,2,49
398505,398552,398556,4,47
398505,398553,398556,3,48
398505,398550,398556,6,45
398505,398555,398556,1,50
398505,398554,398557,3,49
398505,398554,398556,2,49
398505,398549,398556,7,44
398505,398553,398557,4,48
398505,398555,398558,3,50
398505,398555,398559,4,50
398505,398555,398559,4,50
398505,398555,398559,4,50
398505,398556,398559,3,51
398505,398556,398559,3,51
398505,398553,398559,6,48
398505,398554,398559,5,49
398505,398555,398559,4,50
398505,398554,398559,5,49
398505,398555,398559,4,50
398505,398555,398559,4,50
398505,398557,398560,3,52
398505,398556,398560,4,51
398505,398556,398559,3,51
398505,398557,398560,3,52
398505,398557,398559,2,52
398505,398556,398560,4,51
398505,398556,398560,4,51
398505,398557,398560,3,52
398505,398559,398560,1,54
398505,398559,398561,2,54
398505,398559,398561,2,54
398505,398559,398561,2,54
398505,398557,398561,4,52
398505,398559,398561,2,54
398505,398558,398561,3,53
398505,398545,398562,17,40
398505,398560,398561,1,55
398505,398559,398561,2,54
398505,398559,398562,3,54
398505,398560,398562,2,55
398505,398559,398562,3,54
398505,398560,398563,3,55
398505,398560,398563,3,55
398505,398560,398562,2,55
398505,398559,398563,4,54
398505,398559,398563,4,54
398505,398560,398563,3,55
398505,398560,398563,3,55
398505,398561,398563,2,56
398505,398561,398563,2,56
398505,398559,398565,6,54
398505,398560,398564,4,55
398505,398562,398565,3,57
398505,398561,398564,3,56
398505,398546,398565,19,41
398505,398561,398564,3,56
398505,398561,398564,3,56
398505,398562,398565,3,57
398505,398562,398565,3,57
398505,398563,398565,2,58
398505,398563,398566,3,58
398505,398563,398566,3,58
398505,398562,398565,3,57
398505,398564,398566,2,59
398505,398562,398566,4,57
398505,398564,398566,2,59
398505,398563,398566,3,58
398505,398564,398566,2,59
398505,398562,398566,4,57
398505,398564,398567,3,59
398505,398563,398567,4,58
398505,398562,398567,5,57
398505,398556,398567,11,51
398505,398563,398568,5,58
398505,398562,398570,8,57
396217,396256,398777,2521,39
398779,398779,398781,2,0
398779,398779,398781,2,0
398779,398779,398781,2,0
398779,398779,398781,2,0
398779,398779,398781,2,0
398779,398779,398782,3,0
398779,398779,398782,3,0
398779,398779,398782,3,0
398779,398779,398782,3,0
398779,398779,398781,2,0
398779,398779,398781,2,0
398779,398779,398782,3,0
398779,398779,398782,3,0
398779,398779,398782,3,0
398779,398779,398782,3,0
398779,398779,398781,2,0
398779,398779,398782,3,0
398779,398781,398782,1,2
398779,398779,398782,3,0
398779,398779,398782,3,0
398779,398779,398782,3,0
398779,398779,398781,2,0
398779,398779,398783,4,0
398779,398779,398783,4,0
398779,398781,398783,2,2
398779,398779,398784,5,0
398779,398781,398784,3,2
398779,398781,398784,3,2
398779,398781,398784,3,2
398779,398779,398785,6,0
398779,398782,398785,3,3
398779,398782,398785,3,3
398779,398782,398784,2,3
398779,398782,398785,3,3
398779,398782,398785,3,3
398779,398782,398785,3,3
398779,398782,398785,3,3
398779,398782,398785,3,3
398779,398782,398785,3,3
398779,398782,398785,3,3
398779,398782,398785,3,3
398779,398784,398786,2,5
398779,398782,398786,4,3
398779,398782,398786,4,3
398779,398782,398786,4,3
398779,398784,398787,3,5
398779,398782,398787,5,3
398779,398785,398787,2,6
398779,398785,398787,2,6
398779,398782,398787,5,3
398779,398782,398787,5,3
398779,398784,398787,3,5
398779,398785,398787,2,6
398779,398786,398787,1,7
398779,398785,398787,2,6
398779,398785,398787,2,6
398779,398785,398787,2,6
398779,398786,398787,1,7
398779,398786,398787,1,7
398779,398786,398788,2,7
398779,398783,398787,4,4
398779,398785,398787,2,6
398779,398786,398788,2,7
398779,398786,398788,2,7
398779,398786,398788,2,7
398779,398787,398790,3,8
398779,398788,398790,2,9
398779,398788,398790,2,9
398779,398788,398790,2,9
398779,398787,398790,3,8
398779,398787,398791,4,8
398779,398787,398791,4,8
398779,398787,398791,4,8
398779,398787,398791,4,8
398779,398785,398791,6,6
398779,398787,398791,4,8
398779,398788,398791,3,9
398779,398788,398791,3,9
398779,398788,398792,4,9
398779,398788,398791,3,9
398779,398788,398792,4,9
398779,398788,398792,4,9
398779,398789,398792,3,10
398779,398788,398792,4,9
398779,398788,398792,4,9
398779,398789,398792,3,10
398779,398789,398792,3,10
398779,398791,398793,2,12
398779,398791,398792,1,12
398779,398792,398793,1,13
398779,398791,398793,2,12
398779,398791,398793,2,12
398779,398788,398793,5,9
398779,398788,398793,5,9
398779,398792,398794,2,13
398779,398792,398794,2,13
398779,398792,398793,1,13
398779,398792,398793,1,13
398779,398792,398794,2,13
398779,398792,398793,1,13
398779,398792,398793,1,13
398779,398791,398794,3,12
398779,398791,398793,2,12
398779,398791,398793,2,12
398779,398788,398794,6,9
398779,398792,398794,2,13
398779,398791,398794,3,12
398779,398793,398795,2,14
398779,398793,398796,3,14
398779,398793,398797,4,14
398779,398793,398797,4,14
398779,398793,398797,4,14
398779,398793,398797,4,14
398779,398794,398798,4,15
398779,398794,398798,4,15
398779,398794,398798,4,15
398779,398792,398798,6,13
398779,398794,398798,4,15
398779,398794,398798,4,15
398779,398794,398799,5,15
398779,398797,398799,2,18
398779,398794,398798,4,15
398779,398794,398798,4,15
398779,398797,398799,2,18
398779,398794,398799,5,15
398779,398794,398799,5,15
398779,398794,398799,5,15
398779,398794,398799,5,15
398779,398794,398799,5,15
398779,398795,398799,4,16
398779,398795,398799,4,16
398779,398795,398799,4,16
398779,398796,398799,3,17
398779,398794,398799,5,15
398779,398794,398799,5,15
398779,398798,398800,2,19
398779,398798,398799,1,19
398779,398798,398799,1,19
398779,398798,398800,2,19
398779,398799,398801,2,20
398779,398799,398802,3,20
398779,398799,398802,3,20
398779,398799,398802,3,20
398779,398799,398802,3,20
398779,398798,398802,4,19
398779,398799,398802,3,20
398779,398799,398803,4,20
398779,398799,398803,4,20
398779,398798,398804,6,19
398779,398799,398804,5,20
396847,396864,398955,2091,17
398956,398956,398957,1,0
398956,398956,398958,2,0
398956,398956,398958,2,0
398956,398956,398958,2,0
398956,398956,398958,2,0
398956,398956,398958,2,0
398956,398956,398958,2,0
398956,398956,398958,2,0
398956,398956,398958,2,0
398956,398956,398958,2,0
398956,398956,398958,2,0
398956,398956,398958,2,0
398956,398956,398958,2,0
398956,398956,398958,2,0
398956,398956,398958,2,0
398956,398956,398958,2,0
398956,398956,398958,2,0
398956,398956,398959,3,0
398956,398956,398959,3,0
398956,398956,398958,2,0
398956,398957,398959,2,1
398956,398956,398958,2,0
398956,398956,398959,3,0
398956,398956,398958,2,0
398956,398956,398960,4,0
398956,398956,398960,4,0
398956,398958,398961,3,2
398956,398958,398961,3,2
398956,398958,398961,3,2
398956,398958,398961,3,2
398956,398958,398961,3,2
398956,398959,398961,2,3
398956,398959,398961,2,3
398956,398958,398961,3,2
398956,398959,398961,2,3
398956,398959,398961,2,3
398956,398959,398962,3,3
398956,398958,398962,4,2
398956,398960,398962,2,4
398956,398958,398962,4,2
398956,398958,398962,4,2
398956,398960,398962,2,4
398956,398958,398962,4,2
398956,398960,398962,2,4
398956,398959,398962,3,3
398956,398960,398963,3,4
398956,398959,398963,4,3
398956,398959,398963,4,3
398956,398961,398963,2,5
398956,398962,398963,1,6
398956,398962,398963,1,6
398956,398962,398963,1,6
398956,398962,398963,1,6
398956,398962,398963,1,6
398956,398962,398964,2,6
398956,398962,398963,1,6
398956,398960,398963,3,4
398956,398960,398963,3,4
398956,398962,398964,2,6
398956,398962,398963,1,6
398956,398962,398963,1,6
398956,398963,398964,1,7
398956,398962,398964,2,6
398956,398963,398965,2,7
398956,398963,398965,2,7
398956,398963,398965,2,7
398956,398963,398965,2,7
398956,398963,398965,2,7
398956,398963,398965,2,7
398956,398963,398965,2,7
398956,398963,398966,3,7
398956,398964,398967,3,8
398956,398964,398966,2,8
398956,398964,398966,2,8
398956,398964,398966,2,8
398956,398964,398966,2,8
398956,398964,398966,2,8
398956,398964,398966,2,8
398956,398965,398967,2,9
398956,398964,398966,2,8
398956,398965,398966,1,9
398956,398964,398966,2,8
398956,398964,398966,2,8
398956,398964,398967,3,8
398956,398964,398966,2,8
398956,398964,398966,2,8
398956,398964,398966,2,8
398956,398963,398966,3,7
398956,398966,398968,2,10
398956,398966,398968,2,10
398956,398967,398968,1,11
398956,398966,398968,2,10
398956,398966,398968,2,10
398956,398967,398968,1,11
398956,398966,398968,2,10
398956,398967,398968,1,11
398956,398966,398968,2,10
398956,398966,398968,2,10
398956,398967,398968,1,11
398956,398967,398968,1,11
398956,398967,398968,1,11
398956,398967,398968,1,11
398956,398967,398968,1,11
398956,398967,398968,1,11
398956,398967,398968,1,11
398956,398967,398968,1,11
398956,398967,398969,2,11
398956,398967,398968,1,11
398956,398967,398968,1,11
398956,398967,398968,1,11
398956,398967,398968,1,11
398956,398967,398968,1,11
398956,398968,398970,2,12
398956,398968,398970,2,12
398956,398968,398970,2,12
398956,398968,398970,2,12
398956,398967,398970,3,11
398956,398968,398970,2,12
398956,398968,398970,2,12
398956,398969,398971,2,13
398956,398968,398970,2,12
398956,398969,398971,2,13
398956,398969,398971,2,13
398956,398969,398972,3,13
398956,398969,398972,3,13
398956,398969,398972,3,13
398956,398970,398972,2,14
398956,398969,398972,3,13
398956,398969,398972,3,13
398956,398969,398972,3,13
398956,398969,398971,2,13
398956,398969,398972,3,13
398956,398970,398972,2,14
398956,398969,398972,3,13
398956,398969,398972,3,13
398956,398970,398972,2,14
398956,398969,398973,4,13
398956,398969,398972,3,13
398956,398969,398972,3,13
398956,398969,398972,3,13
398956,398971,398973,2,15
398956,398971,398972,1,15
398956,398970,398972,2,14
398956,398971,398972,1,15
398956,398970,398972,2,14
398956,398971,398973,2,15
398956,398972,398974,2,16
398956,398972,398973,1,16
398956,398972,398973,1,16
398956,398972,398976,4,16
397910,397947,399258,1311,37
399258,399258,399259,1,0
399258,399258,399259,1,0
399258,399258,399261,3,0
399258,399258,399260,2,0
399258,399258,399261,3,0
399258,399258,399261,3,0
399258,399258,399261,3,0
399258,399258,399261,3,0
399258,399258,399261,3,0
399258,399258,399261,3,0
399258,399258,399261,3,0
399258,399258,399261,3,0
399258,399258,399261,3,0
399258,399258,399261,3,0
399258,399258,399261,3,0
399258,399258,399261,3,0
399258,399258,399261,3,0
399258,399258,399261,3,0
399258,399258,399261,3,0
399258,399258,399261,3,0
399258,399258,399261,3,0
399258,399258,399260,2,0
399258,399258,399262,4,0
399258,399260,399263,3,2
399258,399258,399263,5,0
399258,399258,399263,5,0
399258,399261,399264,3,3
399258,399261,399263,2,3
399258,399261,399263,2,3
399258,399261,399264,3,3
399258,399261,399264,3,3
399258,399261,399264,3,3
399258,399261,399264,3,3
399258,399261,399264,3,3
399258,399261,399264,3,3
399258,399261,399264,3,3
399258,399259,399263,4,1
399258,399263,399265,2,5
399258,399261,399264,3,3
399258,399261,399264,3,3
399258,399261,399265,4,3
399258,399261,399265,4,3
399258,399261,399265,4,3
399258,399261,399265,4,3
399258,399261,399265,4,3
399258,399261,399265,4,3
399258,399261,399265,4,3
399258,399261,399264,3,3
399258,399264,399266,2,6
399258,399264,399266,2,6
399258,399262,399266,4,4
399258,399264,399266,2,6
399258,399264,399266,2,6
399258,399264,399266,2,6
399258,399263,399267,4,5
399258,399264,399267,3,6
399258,399264,399267,3,6
399258,399264,399267,3,6
399258,399264,399267,3,6
399258,399264,399267,3,6
399258,399264,399267,3,6
399258,399265,399267,2,7
399258,399265,399267,2,7
399258,399265,399267,2,7
399258,399264,399267,3,6
399258,399265,399267,2,7
399258,399266,399268,2,8
399258,399266,399268,2,8
399258,399265,399267,2,7
399258,399265,399268,3,7
399258,399265,399268,3,7
399258,399266,399268,2,8
399258,399265,399268,3,7
399258,399265,399268,3,7
399258,399265,399268,3,7
399258,399266,399268,2,8
399258,399265,399269,4,7
399258,399267,399269,2,9
399258,399267,399269,2,9
399258,399267,399269,2,9
399258,399267,399269,2,9
399258,399267,399269,2,9
399258,399268,399269,1,10
399258,399267,399269,2,9
399258,399268,399270,2,10
399258,399266,399269,3,8
399258,399267,399270,3,9
399258,399268,399270,2,10
399258,399268,399270,2,10
399258,399267,399269,2,9
399258,399268,399269,1,10
399258,399268,399270,2,10
399258,399268,399269,1,10
399258,399268,399270,2,10
399258,399267,399270,3,9
399258,399268,399270,2,10
399258,399268,399270,2,10
399258,399269,399270,1,11
399258,399269,399270,1,11
399258,399269,399271,2,11
399258,399269,399271,2,11
399258,399268,399271,3,10
399258,399269,399272,3,11
399258,399269,399272,3,11
399258,399270,399272,2,12
399258,399270,399273,3,12
399258,399270,399273,3,12
399258,399270,399273,3,12
399258,399270,399273,3,12
399258,399269,399272,3,11
399258,399270,399273,3,12
399258,399271,399274,3,13
399258,399272,399274,2,14
399258,399272,399274,2,14
399258,399268,399273,5,10
399258,399270,399274,4,12
399258,399270,399274,4,12
399258,399270,399274,4,12
399258,399270,399274,4,12
399258,399270,399274,4,12
399258,399270,399274,4,12
399258,399271,399274,3,13
399258,399271,399274,3,13
399258,399271,399274,3,13
399258,399272,399274,2,14
399258,399271,399274,3,13
399258,399271,399274,3,13
399258,399273,399274,1,15
399258,399273,399274,1,15
399258,399273,399274,1,15
399258,399273,399274,1,15
399258,399273,399275,2,15
399258,399273,399275,2,15
399258,399273,399275,2,15
399258,399273,399275,2,15
399258,399274,399275,1,16
399258,399274,399275,1,16
399258,399274,399275,1,16
399258,399274,399276,2,16
399258,399273,399275,2,15
399258,399274,399276,2,16
399258,399275,399276,1,17
399258,399275,399276,1,17
399258,399275,399276,1,17
399258,399274,399277,3,16
399258,399274,399277,3,16
399258,399275,399279,4,17
399258,399275,399279,4,17
396669,396691,399487,2796,22
399488,399488,399490,2,0
399488,399488,399489,1,0
399488,399488,399490,2,0
399488,399488,399490,2,0
399488,399488,399490,2,0
399488,399488,399490,2,0
399488,399488,399490,2,0
399488,399488,399490,2,0
399488,399488,399490,2,0
399488,399488,399490,2,0
399488,399488,399490,2,0
399488,399488,399490,2,0
399488,399488,399490,2,0
399488,399488,399490,2,0
399488,399488,399491,3,0
399488,399488,399490,2,0
399488,399488,399490,2,0
399488,399488,399491,3,0
399488,399488,399491,3,0
399488,399490,399491,1,2
399488,399488,399491,3,0
399488,399488,399491,3,0
399488,399488,399490,2,0
399488,399488,399490,2,0
399488,399490,399491,1,2
399488,399490,399491,1,2
396607,396625,399491,2866,18
399488,399488,399491,3,0
399488,399488,399491,3,0
399488,399490,399492,2,2
399488,399490,399492,2,2
399488,399490,399491,1,2
399488,399490,399491,1,2
399488,399490,399492,2,2
399488,399490,399492,2,2
399488,399490,399492,2,2
399488,399490,399492,2,2
399488,399490,399492,2,2
399488,399490,399492,2,2
399488,399490,399492,2,2
399488,399491,399492,1,3
399488,399491,399495,4,3
399488,399492,399495,3,4
399488,399491,399495,4,3
399488,399491,399495,4,3
399488,399491,399495,4,3
399488,399491,399495,4,3
399488,399491,399495,4,3
399488,399492,399496,4,4
399488,399492,399495,3,4
399488,399491,399495,4,3
399488,399491,399495,4,3
399488,399492,399496,4,4
399488,399492,399495,3,4
399488,399491,399495,4,3
399488,399492,399496,4,4
399488,399492,399496,4,4
399488,399492,399496,4,4
399488,399492,399496,4,4
399488,399492,399496,4,4
399488,399492,399496,4,4
399488,399492,399496,4,4
399488,399492,399496,4,4
399488,399495,399497,2,7
399488,399492,399496,4,4
399488,399492,399497,5,4
399488,399492,399497,5,4
399488,399493,399497,4,5
399488,399496,399498,2,8
399488,399495,399498,3,7
399488,399495,399497,2,7
399488,399496,399498,2,8
399488,399496,399498,2,8
399488,399496,399498,2,8
399488,399495,399498,3,7
399488,399496,399498,2,8
399488,399495,399498,3,7
399488,399496,399498,2,8
399488,399496,399499,3,8
399488,399496,399499,3,8
399488,399496,399499,3,8
399488,399496,399499,3,8
399488,399496,399499,3,8
399488,399497,399499,2,9
399488,399497,399499,2,9
399488,399496,399499,3,8
399488,399496,399499,3,8
399488,399497,399500,3,9
399488,399497,399500,3,9
399488,399496,399501,5,8
399488,399496,399501,5,8
399488,399496,399501,5,8
399488,399498,399501,3,10
399488,399496,399502,6,8
399488,399498,399502,4,10
399488,399498,399503,5,10
399488,399500,399503,3,12
399488,399499,399503,4,11
399488,399499,399503,4,11
399488,399500,399503,3,12
399488,399499,399503,4,11
399488,399499,399503,4,11
399488,399499,399503,4,11
399488,399499,399503,4,11
399488,399500,399503,3,12
399488,399499,399503,4,11
399488,399498,399504,6,10
399488,399499,399504,5,11
399488,399499,399504,5,11
399488,399501,399504,3,13
399488,399500,399504,4,12
399488,399500,399504,4,12
399488,399500,399504,4,12
399488,399500,399504,4,12
399488,399500,399504,4,12
399488,399501,399505,4,13
399488,399501,399505,4,13
399488,399503,399505,2,15
399488,399500,399505,5,12
399488,399503,399505,2,15
399488,399504,399505,1,16
399488,399504,399505,1,16
399488,399504,399505,1,16
399488,399504,399505,1,16
399488,399504,399505,1,16
399488,399504,399505,1,16
399488,399504,399505,1,16
399488,399504,399506,2,16
399488,399501,399505,4,13
399488,399502,399505,3,14
399488,399503,399505,2,15
399488,399504,399506,2,16
399488,399505,399506,1,17
399488,399505,399506,1,17
399488,399505,399507,2,17
399488,399505,399506,1,17
399488,399505,399507,2,17
399488,399505,399507,2,17
399488,399504,399507,3,16
399488,399506,399507,1,18
399488,399504,399509,5,16
399488,399506,399510,4,18
399488,399504,399509,5,16
399488,399505,399510,5,17
399488,399506,399510,4,18
399488,399506,399510,4,18
399488,399506,399510,4,18
399488,399506,399510,4,18
399488,399506,399510,4,18
399488,399506,399510,4,18
399493,399507,399511,4,14
399488,399506,399510,4,18
399493,399507,399510,3,14
399493,399507,399511,4,14
399493,399507,399511,4,14
399493,399507,399512,5,14
399493,399507,399511,4,14
399493,399507,399512,5,14
399493,399508,399513,5,15
399493,399506,399513,7,13
399493,399507,399513,6,14
399493,399510,399514,4,17
399493,399510,399515,5,17
399493,399511,399516,5,18
399493,399512,399516,4,19
399493,399511,399516,5,18
399493,399511,399516,5,18
399493,399506,399515,9,13
399493,399506,399516,10,13
399493,399510,399515,5,17
399493,399511,399516,5,18
399493,399511,399516,5,18
399493,399511,399516,5,18
399493,399511,399515,4,18
399493,399511,399516,5,18
399493,399507,399515,8,14
399493,399511,399516,5,18
399493,399512,399517,5,19
399493,399513,399516,3,20
399493,399511,399516,5,18
399493,399512,399517,5,19
399493,399512,399516,4,19
399493,399514,399517,3,21
399493,399514,399517,3,21
399493,399513,399517,4,20
399493,399516,399517,1,23
399493,399516,399517,1,23
399493,399516,399518,2,23
399493,399516,399518,2,23
399493,399516,399518,2,23
399493,399516,399518,2,23
399493,399507,399518,11,14
399493,399516,399518,2,23
399493,399515,399518,3,22
399493,399515,399518,3,22
399493,399516,399518,2,23
399493,399517,399519,2,24
399493,399517,399521,4,24
399493,399517,399521,4,24
399493,399517,399521,4,24
399493,399517,399522,5,24
399493,399516,399522,6,23
399493,399516,399521,5,23
399493,399517,399522,5,24
399493,399518,399523,5,25
399493,399518,399523,5,25
399493,399517,399523,6,24
399493,399518,399523,5,25
399493,399518,399523,5,25
399493,399518,399524,6,25
399493,399518,399523,5,25
399493,399518,399524,6,25
399493,399518,399523,5,25
399493,399518,399524,6,25
399493,399519,399524,5,26
399493,399520,399526,6,27
399493,399518,399526,8,25
399493,399518,399526,8,25
399493,399521,399527,6,28
399493,399519,399527,8,26
399493,399522,399528,6,29
399493,399522,399528,6,29
399493,399522,399528,6,29
399493,399522,399528,6,29
399493,399523,399528,5,30
399493,399523,399528,5,30
399493,399524,399528,4,31
399493,399522,399528,6,29
399493,399524,399529,5,31
399493,399524,399529,5,31
399493,399524,399529,5,31
399493,399527,399529,2,34
399493,399527,399529,2,34
399493,399524,399529,5,31
399493,399525,399530,5,32
399493,399526,399529,3,33
399493,399522,399530,8,29
399493,399528,399530,2,35
399493,399524,399529,5,31
399493,399528,399530,2,35
399493,399528,399530,2,35
399493,399528,399530,2,35
399493,399528,399530,2,35
399493,399527,399530,3,34
399493,399530,399531,1,37
399493,399524,399530,6,31
399493,399525,399530,5,32
399493,399529,399531,2,36
399493,399529,399531,2,36
399493,399528,399531,3,35
399493,399530,399531,1,37
399493,399530,399531,1,37
399493,399529,399532,3,36
399493,399529,399531,2,36
399493,399529,399533,4,36
399493,399530,399534,4,37
399493,399530,399534,4,37
399493,399530,399534,4,37
399493,399530,399534,4,37
399493,399530,399534,4,37
399493,399516,399534,18,23
399493,399531,399534,3,38
399493,399531,399534,3,38
399493,399531,399534,3,38
399493,399531,399534,3,38
399493,399531,399535,4,38
399493,399530,399534,4,37
399493,399530,399534,4,37
399493,399531,399535,4,38
399493,399516,399535,19,23
399493,399532,399535,3,39
399493,399534,399536,2,41
399493,399532,399535,3,39
399493,399532,399535,3,39
399493,399531,399535,4,38
399493,399531,399535,4,38
399493,399534,399536,2,41
399493,399532,399536,4,39
399493,399532,399536,4,39
399493,399531,399536,5,38
399493,399535,399536,1,42
399493,399535,399537,2,42
399493,399535,399536,1,42
399493,399535,399536,1,42
399493,399535,399536,1,42
399493,399535,399536,1,42
399493,399534,399536,2,41
399493,399534,399537,3,41
399493,399534,399536,2,41
399493,399534,399536,2,41
399493,399518,399537,19,25
399493,399536,399537,1,43
399493,399536,399537,1,43
399493,399536,399537,1,43
399493,399535,399538,3,42
399493,399536,399538,2,43
399493,399535,399538,3,42
399493,399536,399539,3,43
399493,399536,399539,3,43
399493,399534,399541,7,41
399493,399535,399542,7,42
396956,396977,399773,2796,21
399773,399773,399774,1,0
399773,399773,399775,2,0
399773,399773,399775,2,0
399773,399773,399774,1,0
399773,399773,399774,1,0
399773,399773,399775,2,0
399773,399773,399775,2,0
399773,399773,399774,1,0
399773,399773,399775,2,0
399773,399773,399775,2,0
399773,399773,399775,2,0
399773,399773,399776,3,0
399773,399773,399776,3,0
399773,399773,399776,3,0
399773,399773,399776,3,0
399773,399773,399775,2,0
399773,399773,399776,3,0
399773,399773,399776,3,0
399773,399773,399776,3,0
399773,399773,399776,3,0
399773,399773,399777,4,0
399773,399773,399777,4,0
399773,399773,399777,4,0
399773,399775,399777,2,2
399773,399776,399778,2,3
399773,399775,399778,3,2
399773,399775,399778,3,2
399773,399775,399778,3,2
399773,399773,399777,4,0
399773,399773,399777,4,0
399773,399775,399777,2,2
399773,399775,399778,3,2
399773,399775,399778,3,2
399773,399775,399777,2,2
399773,399775,399778,3,2
399773,399775,399778,3,2
399773,399775,399778,3,2
399773,399776,399779,3,3
399773,399776,399779,3,3
399773,399776,399779,3,3
399773,399776,399778,2,3
399773,399777,399779,2,4
399773,399776,399779,3,3
399773,399776,399779,3,3
399773,399776,399779,3,3
399773,399777,399779,2,4
399773,399777,399779,2,4
399773,399777,399780,3,4
399773,399778,399780,2,5
399773,399778,399780,2,5
399773,399778,399780,2,5
399773,399778,399780,2,5
399773,399777,399780,3,4
399773,399778,399780,2,5
399773,399778,399781,3,5
399773,399778,399781,3,5
399773,399778,399781,3,5
399773,399778,399781,3,5
399773,399778,399781,3,5
399773,399778,399781,3,5
399773,399778,399781,3,5
399773,399779,399782,3,6
399773,399778,399781,3,5
399773,399779,399782,3,6
399773,399779,399782,3,6
399773,399779,399783,4,6
399773,399779,399784,5,6
399773,399779,399784,5,6
399773,399780,399785,5,7
399773,399780,399785,5,7
399773,399780,399785,5,7
399773,399780,399785,5,7
399773,399780,399785,5,7
399773,399779,399784,5,6
399773,399779,399785,6,6
399773,399780,399785,5,7
399773,399780,399785,5,7
399773,399781,399785,4,8
399773,399781,399785,4,8
399773,399781,399786,5,8
399773,399782,399786,4,9
399773,399782,399786,4,9
399773,399781,399786,5,8
399773,399781,399786,5,8
399773,399782,399786,4,9
399773,399783,399786,3,10
399773,399781,399786,5,8
399773,399782,399786,4,9
399773,399782,399786,4,9
399773,399782,399786,4,9
399773,399786,399787,1,13
399773,399782,399787,5,9
399773,399785,399787,2,12
399773,399785,399787,2,12
399773,399785,399788,3,12
399773,399786,399787,1,13
399773,399786,399787,1,13
399773,399786,399787,1,13
399773,399785,399787,2,12
399773,399785,399788,3,12
399773,399785,399788,3,12
399773,399786,399788,2,13
399773,399786,399788,2,13
399773,399787,399788,1,14
399773,399787,399788,1,14
399773,399785,399788,3,12
399773,399785,399789,4,12
399773,399787,399789,2,14
399773,399786,399789,3,13
399773,399785,399789,4,12
399773,399787,399790,3,14
399773,399787,399790,3,14
399773,399787,399791,4,14
399773,399788,399790,2,15
399773,399787,399790,3,14
399773,399787,399790,3,14
399773,399787,399790,3,14
399773,399787,399791,4,14
399773,399787,399790,3,14
399773,399787,399791,4,14
399773,399789,399791,2,16
399773,399789,399791,2,16
399773,399790,399791,1,17
399773,399788,399791,3,15
399773,399788,399791,3,15
399773,399788,399791,3,15
399773,399788,399791,3,15
399773,399788,399792,4,15
399773,399789,399792,3,16
399773,399789,399792,3,16
399773,399789,399792,3,16
399773,399790,399792,2,17
399773,399789,399792,3,16
399773,399791,399793,2,18
399773,399791,399792,1,18
399773,399791,399792,1,18
399773,399791,399792,1,18
399773,399791,399793,2,18
399773,399791,399793,2,18
399773,399791,399792,1,18
399773,399791,399793,2,18
399773,399788,399793,5,15
399773,399791,399793,2,18
399773,399792,399793,1,19
399773,399792,399793,1,19
399773,399792,399793,1,19
399773,399792,399793,1,19
399773,399791,399794,3,18
399773,399791,399794,3,18
399773,399792,399794,2,19
397599,397614,399861,2247,15
399861,399862,399867,5,1
399861,399862,399867,5,1
399861,399862,399867,5,1
399861,399862,399867,5,1
399861,399862,399867,5,1
399861,399862,399867,5,1
399861,399862,399867,5,1
399861,399862,399867,5,1
399861,399862,399867,5,1
399861,399862,399867,5,1
399861,399862,399867,5,1
399861,399862,399867,5,1
399861,399862,399867,5,1
399861,399862,399867,5,1
399861,399862,399867,5,1
399861,399862,399867,5,1
399861,399862,399867,5,1
399861,399862,399869,7,1
399861,399862,399868,6,1
399861,399862,399868,6,1
399861,399862,399868,6,1
399861,399862,399868,6,1
399861,399862,399868,6,1
399861,399862,399868,6,1
399861,399862,399872,10,1
399861,399867,399871,4,6
399861,399868,399872,4,7
399861,399868,399872,4,7
399861,399868,399872,4,7
399861,399868,399871,3,7
399861,399868,399872,4,7
399861,399868,399872,4,7
399861,399868,399872,4,7
399861,399868,399873,5,7
399861,399868,399872,4,7
399861,399868,399872,4,7
399861,399868,399872,4,7
399861,399868,399873,5,7
399861,399868,399872,4,7
399861,399868,399872,4,7
399861,399869,399873,4,8
399861,399868,399873,5,7
399861,399868,399873,5,7
399861,399869,399873,4,8
399861,399869,399873,4,8
399861,399872,399873,1,11
399861,399869,399873,4,8
399861,399872,399875,3,11
399861,399872,399874,2,11
399861,399872,399874,2,11
399861,399869,399874,5,8
399861,399872,399874,2,11
399861,399872,399874,2,11
399861,399873,399875,2,12
399861,399873,399875,2,12
399861,399869,399875,6,8
399861,399869,399875,6,8
399861,399873,399875,2,12
399861,399873,399875,2,12
399861,399872,399876,4,11
399861,399873,399876,3,12
399861,399873,399876,3,12
399861,399873,399877,4,12
399861,399873,399878,5,12
399861,399873,399878,5,12
399861,399873,399877,4,12
399861,399873,399877,4,12
399861,399874,399878,4,13
399861,399874,399878,4,13
399861,399874,399878,4,13
399861,399876,399879,3,15
399861,399875,399878,3,14
399861,399875,399879,4,14
399861,399876,399879,3,15
399861,399874,399878,4,13
399861,399876,399879,3,15
399861,399875,399878,3,14
399861,399875,399879,4,14
399861,399877,399879,2,16
399861,399874,399878,4,13
399861,399875,399879,4,14
399861,399875,399879,4,14
399861,399875,399879,4,14
399861,399877,399879,2,16
399861,399878,399880,2,17
399861,399876,399879,3,15
399861,399878,399880,2,17
399861,399878,399880,2,17
399861,399878,399880,2,17
399861,399878,399879,1,17
399861,399879,399880,1,18
399861,399879,399880,1,18
399861,399879,399880,1,18
399861,399878,399880,2,17
399861,399876,399880,4,15
399861,399879,399880,1,18
399861,399879,399880,1,18
399861,399880,399881,1,19
399861,399878,399880,2,17
399861,399879,399880,1,18
399861,399879,399881,2,18
399861,399879,399881,2,18
399861,399879,399881,2,18
399861,399879,399880,1,18
399861,399879,399881,2,18
399861,399877,399881,4,16
399861,399880,399881,1,19
399861,399880,399882,2,19
399861,399880,399882,2,19
399861,399880,399881,1,19
399861,399880,399882,2,19
399861,399880,399883,3,19
399861,399881,399884,3,20
399861,399881,399884,3,20
399861,399880,399884,4,19
399861,399881,399884,3,20
399861,399881,399884,3,20
399861,399880,399884,4,19
399861,399880,399884,4,19
399861,399881,399884,3,20
399861,399881,399884,3,20
399861,399881,399884,3,20
399861,399881,399884,3,20
399861,399882,399885,3,21
399861,399881,399884,3,20
399861,399881,399884,3,20
399861,399881,399884,3,20
399861,399881,399885,4,20
399861,399881,399885,4,20
399861,399881,399885,4,20
399861,399883,399885,2,22
399861,399881,399884,3,20
399861,399882,399884,2,21
399861,399882,399886,4,21
399861,399884,399886,2,23
399861,399882,399886,4,21
399861,399882,399885,3,21
399861,399883,399886,3,22
399861,399884,399886,2,23
399861,399884,399886,2,23
399861,399884,399886,2,23
399861,399885,399886,1,24
399861,399885,399886,1,24
399861,399885,399886,1,24
399861,399884,399886,2,23
399861,399885,399886,1,24
399861,399885,399888,3,24
399861,399885,399888,3,24
399861,399885,399888,3,24
399861,399885,399891,6,24
397558,397576,399953,2377,18
399954,399954,399958,4,0
399954,399954,399958,4,0
399954,399954,399959,5,0
399954,399954,399959,5,0
399954,399954,399959,5,0
399954,399954,399959,5,0
399954,399954,399959,5,0
399954,399954,399959,5,0
399954,399954,399959,5,0
399954,399954,399959,5,0
399954,399954,399959,5,0
399954,399954,399959,5,0
399954,399954,399960,6,0
399954,399954,399959,5,0
399954,399954,399959,5,0
399954,399954,399959,5,0
399954,399954,399960,6,0
399954,399954,399961,7,0
399954,399954,399960,6,0
399954,399959,399962,3,5
399954,399954,399961,7,0
399954,399954,399961,7,0
399954,399954,399961,7,0
399954,399959,399963,4,5
399954,399958,399962,4,4
399954,399959,399962,3,5
399954,399959,399963,4,5
399954,399960,399963,3,6
399954,399954,399962,8,0
399954,399959,399964,5,5
399954,399962,399964,2,8
399954,399960,399964,4,6
399954,399960,399963,3,6
399954,399960,399963,3,6
399954,399960,399963,3,6
399954,399960,399963,3,6
399954,399961,399964,3,7
399954,399959,399964,5,5
399954,399959,399963,4,5
399954,399960,399964,4,6
399954,399960,399964,4,6
399954,399961,399964,3,7
399954,399963,399965,2,9
399954,399961,399965,4,7
399954,399962,399964,2,8
399954,399962,399965,3,8
399954,399962,399965,3,8
399954,399963,399965,2,9
399954,399963,399965,2,9
399954,399963,399965,2,9
399954,399963,399965,2,9
399954,399963,399965,2,9
399954,399964,399966,2,10
399954,399964,399966,2,10
399954,399964,399967,3,10
399954,399964,399968,4,10
399954,399964,399968,4,10
399954,399964,399967,3,10
399954,399964,399969,5,10
399954,399964,399970,6,10
399954,399964,399970,6,10
399954,399954,399971,17,0
399954,399965,399970,5,11
399954,399965,399971,6,11
399954,399966,399971,5,12
399954,399966,399971,5,12
399954,399966,399971,5,12
399954,399964,399971,7,10
399954,399965,399971,6,11
399954,399965,399971,6,11
399954,399964,399971,7,10
399954,399964,399971,7,10
399954,399966,399971,5,12
399954,399967,399971,4,13
399954,399966,399971,5,12
399954,399967,399971,4,13
399954,399967,399971,4,13
399954,399965,399972,7,11
399954,399966,399972,6,12
399954,399968,399973,5,14
399954,399969,399973,4,15
399954,399970,399973,3,16
399954,399968,399973,5,14
399954,399971,399973,2,17
399954,399971,399974,3,17
399954,399968,399973,5,14
399954,399954,399973,19,0
399954,399972,399974,2,18
399954,399971,399974,3,17
399954,399971,399974,3,17
399954,399972,399974,2,18
399954,399972,399974,2,18
399954,399972,399974,2,18
399954,399973,399974,1,19
399954,399971,399974,3,17
399954,399970,399974,4,16
399954,399972,399974,2,18
399954,399972,399974,2,18
399954,399972,399974,2,18
399954,399972,399974,2,18
399954,399972,399974,2,18
399954,399971,399974,3,17
399954,399973,399975,2,19
399954,399973,399974,1,19
399954,399973,399975,2,19
399954,399973,399975,2,19
399954,399973,399975,2,19
399954,399973,399975,2,19
399954,399974,399976,2,20
399954,399974,399976,2,20
399954,399975,399977,2,21
399954,399975,399976,1,21
399954,399974,399976,2,20
399954,399975,399977,2,21
399954,399975,399977,2,21
399954,399974,399977,3,20
399954,399974,399977,3,20
399954,399975,399978,3,21
399954,399975,399979,4,21
399954,399975,399978,3,21
399954,399975,399979,4,21
399954,399975,399979,4,21
399954,399975,399979,4,21
399954,399976,399979,3,22
399954,399974,399979,5,20
399954,399975,399978,3,21
399954,399975,399979,4,21
399954,399975,399979,4,21
399954,399974,399979,5,20
399954,399976,399979,3,22
399954,399977,399980,3,23
399954,399977,399979,2,23
399954,399975,399979,4,21
399954,399976,399979,3,22
399954,399977,399980,3,23
399954,399977,399980,3,23
399954,399979,399981,2,25
399954,399978,399980,2,24
399954,399978,399980,2,24
399954,399976,399980,4,22
399954,399979,399981,2,25
399954,399979,399981,2,25
399954,399979,399981,2,25
399954,399979,399981,2,25
399954,399975,399981,6,21
399954,399978,399981,3,24
399954,399979,399981,2,25
399954,399978,399981,3,24
399954,399979,399981,2,25
399954,399979,399981,2,25
397706,397732,400029,2297,26
400030,400030,400032,2,0
400030,400030,400032,2,0
400030,400030,400031,1,0
400030,400030,400031,1,0
400030,400030,400031,1,0
400030,400030,400031,1,0
400030,400030,400031,1,0
400030,400030,400031,1,0
400030,400030,400032,2,0
400030,400030,400031,1,0
400030,400030,400032,2,0
400030,400030,400031,1,0
400030,400030,400032,2,0
400030,400030,400032,2,0
400030,400030,400031,1,0
400030,400030,400031,1,0
400030,400030,400032,2,0
400030,400030,400032,2,0
400030,400030,400032,2,0
400030,400030,400033,3,0
400030,400030,400034,4,0
400030,400032,400034,2,2
400030,400030,400035,5,0
400030,400032,400035,3,2
400030,400030,400035,5,0
400030,400032,400036,4,2
400030,400032,400036,4,2
400030,400032,400036,4,2
400030,400032,400036,4,2
400030,400032,400036,4,2
400030,400032,400036,4,2
400030,400033,400037,4,3
400030,400032,400036,4,2
400030,400032,400036,4,2
400030,400032,400036,4,2
400030,400032,400037,5,2
400030,400032,400037,5,2
400030,400032,400037,5,2
400030,400032,400037,5,2
400030,400032,400038,6,2
400030,400033,400038,5,3
400030,400033,400039,6,3
400030,400033,400041,8,3
400030,400037,400042,5,7
400030,400035,400042,7,5
400030,400036,400042,6,6
400030,400036,400042,6,6
400030,400036,400042,6,6
400030,400036,400042,6,6
400030,400037,400042,5,7
400030,400037,400042,5,7
400030,400035,400042,7,5
400030,400035,400042,7,5
400030,400035,400042,7,5
400030,400037,400042,5,7
400030,400035,400041,6,5
400030,400037,400042,5,7
400030,400038,400042,4,8
400030,400037,400042,5,7
400030,400038,400043,5,8
400030,400037,400042,5,7
400030,400037,400045,8,7
400030,400039,400044,5,9
400030,400040,400044,4,10
400030,400042,400045,3,12
400030,400038,400045,7,8
400030,400030,400045,15,0
400030,400030,400045,15,0
400030,400042,400045,3,12
400030,400043,400046,3,13
400030,400042,400046,4,12
400030,400042,400046,4,12
400030,400042,400046,4,12
400030,400042,400045,3,12
400030,400042,400046,4,12
400030,400042,400046,4,12
400030,400042,400046,4,12
400030,400042,400046,4,12
400030,400042,400046,4,12
400030,400043,400046,3,13
400030,400042,400046,4,12
400030,400042,400046,4,12
400030,400042,400047,5,12
400030,400045,400047,2,15
400030,400042,400047,5,12
400030,400042,400047,5,12
400030,400045,400047,2,15
400030,400045,400047,2,15
400030,400045,400047,2,15
400030,400046,400048,2,16
400030,400045,400047,2,15
400030,400043,400048,5,13
400030,400046,400049,3,16
400030,400046,400049,3,16
400030,400046,400049,3,16
400030,400046,400050,4,16
400030,400046,400050,4,16
400030,400046,400050,4,16
400030,400046,400050,4,16
400030,400047,400050,3,17
400030,400046,400050,4,16
400030,400047,400050,3,17
400030,400047,400051,4,17
400030,400046,400051,5,16
400030,400046,400051,5,16
400030,400047,400051,4,17
400030,400047,400053,6,17
400030,400047,400053,6,17
400030,400051,400056,5,21
400030,400048,400056,8,18
400030,400048,400056,8,18
400030,400049,400056,7,19
400030,400051,400056,5,21
400030,400051,400056,5,21
400030,400051,400056,5,21
400030,400048,400056,8,18
400030,400049,400056,7,19
400030,400048,400056,8,18
400030,400050,400056,6,20
400030,400051,400056,5,21
400030,400048,400056,8,18
400030,400050,400056,6,20
400030,400051,400056,5,21
400030,400047,400057,10,17
400030,400048,400057,9,18
400030,400051,400056,5,21
400030,400051,400057,6,21
400030,400052,400058,6,22
400030,400051,400060,9,21
400030,400056,400060,4,26
400030,400057,400060,3,27
400030,400057,400061,4,27
400030,400054,400060,6,24
400030,400057,400060,3,27
400030,400057,400061,4,27
400030,400053,400061,8,23
400030,400057,400061,4,27
400030,400057,400061,4,27
400030,400057,400061,4,27
400030,400057,400061,4,27
400030,400057,400061,4,27
400030,400057,400061,4,27
400030,400057,400061,4,27
400030,400057,400061,4,27
400030,400057,400062,5,27
400030,400057,400062,5,27
400030,400057,400063,6,27
400030,400046,400064,18,16
400030,400057,400064,7,27
400030,400046,400065,19,16
397995,398028,400100,2072,33
400101,400101,400103,2,0
400101,400101,400103,2,0
400101,400101,400103,2,0
400101,400101,400103,2,0
400101,400101,400103,2,0
400101,400101,400103,2,0
400101,400101,400103,2,0
400101,400101,400103,2,0
400101,400101,400103,2,0
400101,400101,400103,2,0
400101,400101,400103,2,0
400101,400101,400103,2,0
400101,400101,400103,2,0
400101,400101,400103,2,0
400101,400101,400103,2,0
400101,400101,400103,2,0
400101,400101,400103,2,0
400101,400101,400103,2,0
400101,400101,400104,3,0
400101,400101,400103,2,0
400101,400101,400104,3,0
400101,400101,400103,2,0
400101,400101,400103,2,0
400101,400101,400105,4,0
400101,400103,400105,2,2
400101,400103,400105,2,2
400101,400103,400105,2,2
400101,400103,400105,2,2
400101,400103,400106,3,2
400101,400104,400106,2,3
400101,400103,400106,3,2
400101,400103,400106,3,2
400101,400103,400106,3,2
400101,400103,400106,3,2
400101,400103,400106,3,2
400101,400103,400106,3,2
400101,400103,400106,3,2
400101,400104,400106,2,3
400101,400103,400107,4,2
400101,400104,400107,3,3
400101,400104,400107,3,3
400101,400104,400107,3,3
400101,400104,400107,3,3
400101,400105,400107,2,4
400101,400105,400107,2,4
400101,400105,400108,3,4
400101,400104,400108,4,3
400101,400107,400108,1,6
400101,400104,400108,4,3
400101,400105,400108,3,4
400101,400107,400108,1,6
400101,400104,400108,4,3
400101,400105,400108,3,4
400101,400106,400108,2,5
400101,400107,400109,2,6
400101,400107,400109,2,6
400101,400107,400109,2,6
400101,400107,400109,2,6
400101,400107,400109,2,6
400101,400108,400110,2,7
400101,400108,400110,2,7
400101,400107,400109,2,6
400101,400107,400109,2,6
400101,400107,400109,2,6
400101,400108,400110,2,7
400101,400108,400110,2,7
400101,400108,400110,2,7
400101,400107,400111,4,6
400101,400109,400111,2,8
400101,400109,400111,2,8
400101,400108,400111,3,7
400101,400109,400111,2,8
400101,400109,400112,3,8
400101,400108,400112,4,7
400101,400109,400112,3,8
400101,400109,400112,3,8
400101,400109,400112,3,8
400101,400109,400112,3,8
400101,400109,400112,3,8
400101,400110,400113,3,9
400101,400110,400113,3,9
400101,400105,400113,8,4
400101,400110,400113,3,9
400101,400111,400113,2,10
400101,400111,400113,2,10
400101,400110,400113,3,9
400101,400110,400114,4,9
400101,400111,400114,3,10
400101,400112,400114,2,11
400101,400112,400114,2,11
400101,400112,400114,2,11
400101,400112,400114,2,11
400101,400112,400114,2,11
400101,400110,400114,4,9
400101,400110,400114,4,9
400101,400110,400114,4,9
400101,400110,400114,4,9
400101,400113,400115,2,12
400101,400113,400115,2,12
400101,400112,400115,3,11
400101,400113,400115,2,12
400101,400113,400115,2,12
400101,400113,400115,2,12
400101,400113,400116,3,12
400101,400113,400115,2,12
400101,400113,400115,2,12
400101,400114,400116,2,13
400101,400114,400117,3,13
400101,400114,400117,3,13
400101,400114,400118,4,13
400101,400114,400118,4,13
400101,400114,400118,4,13
400101,400115,400118,3,14
400101,400114,400118,4,13
400101,400114,400119,5,13
400101,400114,400119,5,13
400101,400115,400118,3,14
400101,400115,400119,4,14
400101,400115,400119,4,14
400101,400115,400119,4,14
400101,400115,400119,4,14
400101,400115,400119,4,14
400101,400116,400120,4,15
400101,400114,400119,5,13
400101,400115,400120,5,14
400101,400116,400120,4,15
400101,400116,400119,3,15
400101,400116,400119,3,15
400101,400116,400120,4,15
400101,400116,400120,4,15
400101,400119,400121,2,18
400101,400118,400121,3,17
400101,400118,400121,3,17
400101,400118,400121,3,17
400101,400118,400121,3,17
400101,400118,400120,2,17
400101,400119,400121,2,18
400101,400119,400121,2,18
400101,400115,400120,5,14
400101,400120,400122,2,19
400101,400120,400122,2,19
400101,400119,400121,2,18
400101,400119,400121,2,18
400101,400120,400122,2,19
400101,400119,400121,2,18
400101,400119,400121,2,18
400101,400120,400122,2,19
400101,400120,400122,2,19
400101,400120,400122,2,19
400101,400114,400126,12,13
398025,398067,400185,2118,42
400186,400186,400188,2,0
400186,400186,400188,2,0
400186,400186,400188,2,0
400186,400186,400188,2,0
400186,400186,400189,3,0
400186,400186,400189,3,0
400186,400186,400188,2,0
400186,400186,400188,2,0
400186,400186,400189,3,0
400186,400186,400189,3,0
400186,400186,400189,3,0
400186,400186,400189,3,0
400186,400186,400188,2,0
400186,400186,400188,2,0
400186,400186,400189,3,0
400186,400186,400189,3,0
400186,400186,400189,3,0
400186,400186,400190,4,0
400186,400186,400190,4,0
400186,400186,400190,4,0
400186,400186,400190,4,0
400186,400188,400191,3,2
400186,400189,400191,2,3
400186,400189,400191,2,3
400186,400189,400191,2,3
400186,400186,400191,5,0
400186,400186,400191,5,0
400186,400189,400191,2,3
400186,400189,400191,2,3
400186,400188,400191,3,2
400186,400189,400191,2,3
400186,400189,400192,3,3
400186,400189,400192,3,3
400186,400189,400192,3,3
400186,400190,400192,2,4
400186,400189,400191,2,3
400186,400189,400192,3,3
400186,400189,400191,2,3
400186,400189,400192,3,3
400186,400189,400192,3,3
400186,400189,400192,3,3
400186,400190,400192,2,4
400186,400190,400192,2,4
400186,400190,400192,2,4
400186,400191,400193,2,5
400186,400191,400193,2,5
400186,400191,400193,2,5
400186,400191,400193,2,5
400186,400192,400193,1,6
400186,400191,400193,2,5
400186,400191,400193,2,5
400186,400192,400194,2,6
400186,400191,400193,2,5
400186,400187,400194,7,1
400186,400187,400194,7,1
400186,400192,400194,2,6
400186,400191,400194,3,5
400186,400193,400194,1,7
400186,400193,400194,1,7
400186,400193,400194,1,7
400186,400193,400195,2,7
400186,400193,400195,2,7
400186,400193,400195,2,7
400186,400193,400195,2,7
400186,400192,400195,3,6
400186,400193,400195,2,7
400186,400193,400195,2,7
400186,400193,400195,2,7
398016,398042,400195,2153,26
400186,400193,400195,2,7
400186,400193,400195,2,7
400186,400194,400195,1,8
400186,400194,400195,1,8
400186,400194,400195,1,8
400186,400194,400195,1,8
400186,400193,400195,2,7
400186,400194,400196,2,8
400186,400194,400197,3,8
400186,400196,400199,3,10
400186,400195,400198,3,9
400186,400196,400198,2,10
400186,400195,400198,3,9
400186,400196,400198,2,10
400186,400196,400198,2,10
400186,400195,400198,3,9
400186,400195,400199,4,9
400186,400195,400199,4,9
400186,400194,400198,4,8
400186,400195,400199,4,9
400186,400196,400199,3,10
400186,400197,400199,2,11
400186,400199,400200,1,13
400186,400196,400199,3,10
400186,400195,400199,4,9
400186,400196,400199,3,10
400186,400199,400200,1,13
400186,400199,400200,1,13
400186,400195,400199,4,9
400186,400196,400199,3,10
400186,400196,400199,3,10
400186,400195,400199,4,9
400186,400195,400199,4,9
400186,400196,400199,3,10
400186,400196,400199,3,10
400186,400196,400200,4,10
400186,400197,400200,3,11
400186,400199,400200,1,13
400186,400199,400200,1,13
400186,400199,400200,1,13
400186,400199,400200,1,13
400186,400199,400200,1,13
400186,400199,400200,1,13
400186,400199,400201,2,13
400186,400199,400200,1,13
400186,400200,400201,1,14
400186,400200,400201,1,14
400186,400200,400201,1,14
400186,400195,400201,6,9
400186,400200,400202,2,14
400186,400200,400201,1,14
400186,400200,400202,2,14
400186,400200,400201,1,14
400186,400200,400201,1,14
400186,400200,400202,2,14
400186,400200,400201,1,14
400186,400200,400201,1,14
400186,400200,400202,2,14
400186,400200,400202,2,14
400186,400200,400202,2,14
400186,400200,400202,2,14
400186,400201,400202,1,15
400186,400201,400202,1,15
400186,400200,400203,3,14
400186,400200,400202,2,14
400186,400201,400202,1,15
400186,400201,400202,1,15
400186,400201,400202,1,15
400186,400201,400202,1,15
400186,400201,400203,2,15
400186,400202,400203,1,16
400186,400202,400203,1,16
400186,400202,400203,1,16
400186,400202,400204,2,16
400186,400202,400203,1,16
400186,400202,400203,1,16
400186,400202,400203,1,16
400186,400202,400203,1,16
400186,400202,400203,1,16
400186,400202,400203,1,16
400186,400202,400203,1,16
400196,400202,400204,2,6
400196,400202,400203,1,6
400196,400202,400204,2,6
400196,400203,400205,2,7
400196,400203,400205,2,7
400196,400203,400206,3,7
400186,400202,400207,5,16
400196,400203,400207,4,7
400196,400203,400207,4,7
400196,400203,400206,3,7
400196,400204,400207,3,8
400196,400203,400207,4,7
400196,400204,400208,4,8
400196,400204,400209,5,8
400196,400204,400209,5,8
400196,400204,400209,5,8
400196,400204,400209,5,8
400196,400204,400209,5,8
400196,400204,400208,4,8
400196,400204,400209,5,8
400196,400204,400209,5,8
400196,400203,400208,5,7
400196,400206,400209,3,10
400196,400204,400209,5,8
400196,400204,400209,5,8
400196,400204,400209,5,8
400196,400208,400210,2,12
400196,400209,400210,1,13
400196,400206,400210,4,10
400196,400206,400210,4,10
400196,400203,400211,8,7
400196,400203,400211,8,7
400196,400204,400211,7,8
400196,400209,400211,2,13
400196,400209,400211,2,13
400196,400209,400211,2,13
400196,400209,400211,2,13
400196,400209,400211,2,13
400196,400209,400211,2,13
400196,400207,400211,4,11
400196,400207,400211,4,11
400196,400207,400211,4,11
400196,400207,400211,4,11
400196,400208,400211,3,12
400196,400209,400211,2,13
400196,400209,400211,2,13
400196,400209,400212,3,13
400196,400209,400212,3,13
400196,400210,400212,2,14
400196,400211,400212,1,15
400196,400211,400213,2,15
400196,400210,400212,2,14
400196,400211,400213,2,15
400196,400211,400213,2,15
400196,400211,400213,2,15
400196,400211,400213,2,15
400196,400211,400213,2,15
400196,400211,400213,2,15
400196,400211,400213,2,15
400196,400209,400212,3,13
400196,400212,400214,2,16
400196,400211,400213,2,15
400196,400212,400215,3,16
400196,400212,400215,3,16
400196,400211,400215,4,15
400196,400213,400215,2,17
400196,400213,400215,2,17
400196,400212,400216,4,16
400196,400211,400216,5,15
400196,400211,400216,5,15
400196,400213,400216,3,17
400196,400211,400217,6,15
400196,400213,400218,5,17
400196,400213,400219,6,17
400196,400213,400219,6,17
400196,400213,400219,6,17
400196,400214,400219,5,18
400196,400213,400220,7,17
400196,400214,400221,7,18
400196,400213,400221,8,17
400196,400213,400221,8,17
400196,400213,400221,8,17
400196,400213,400221,8,17
400196,400215,400221,6,19
400196,400215,400220,5,19
400196,400216,400221,5,20
400196,400216,400221,5,20
400196,400218,400222,4,22
400196,400213,400222,9,17
400196,400216,400222,6,20
400196,400217,400222,5,21
400196,400216,400222,6,20
400196,400217,400223,6,21
400196,400220,400224,4,24
400196,400217,400224,7,21
400196,400219,400225,6,23
400196,400222,400225,3,26
400196,400222,400226,4,26
400196,400222,400225,3,26
400196,400222,400225,3,26
400196,400218,400225,7,22
400196,400222,400225,3,26
400196,400221,400226,5,25
400196,400219,400225,6,23
400196,400219,400226,7,23
400196,400219,400225,6,23
400196,400223,400226,3,27
400196,400222,400226,4,26
400196,400222,400226,4,26
400196,400222,400226,4,26
400196,400223,400227,4,27
400196,400223,400227,4,27
400196,400224,400228,4,28
400196,400223,400228,5,27
400196,400225,400228,3,29
400196,400227,400228,1,31
400196,400225,400228,3,29
400196,400226,400229,3,30
400196,400226,400229,3,30
400196,400226,400228,2,30
400196,400226,400228,2,30
400196,400223,400228,5,27
400196,400226,400229,3,30
400196,400226,400228,2,30
400196,400225,400228,3,29
400196,400226,400229,3,30
400196,400226,400229,3,30
400196,400227,400229,2,31
400196,400227,400229,2,31
400196,400227,400229,2,31
400196,400228,400230,2,32
400196,400228,400230,2,32
400196,400228,400230,2,32
400196,400228,400230,2,32
400196,400226,400230,4,30
400196,400226,400230,4,30
400196,400229,400230,1,33
400196,400229,400230,1,33
400196,400229,400230,1,33
400196,400229,400230,1,33
400196,400229,400230,1,33
400196,400229,400230,1,33
400196,400211,400231,20,15
400196,400212,400230,18,16
400196,400212,400230,18,16
400196,400229,400230,1,33
400196,400228,400231,3,32
400196,400229,400231,2,33
400196,400229,400231,2,33
400196,400229,400232,3,33
400196,400229,400231,2,33
397629,397667,400291,2624,38
400292,400292,400294,2,0
400292,400292,400294,2,0
400292,400292,400294,2,0
400292,400292,400294,2,0
400292,400292,400294,2,0
400292,400292,400294,2,0
400292,400292,400294,2,0
400292,400292,400294,2,0
400292,400292,400294,2,0
400292,400292,400294,2,0
400292,400292,400294,2,0
400292,400292,400294,2,0
400292,400293,400295,2,1
400292,400292,400295,3,0
400292,400293,400295,2,1
400292,400293,400295,2,1
400292,400292,400296,4,0
400292,400293,400296,3,1
400292,400293,400296,3,1
400292,400293,400298,5,1
400292,400295,400300,5,3
400292,400295,400300,5,3
400292,400295,400300,5,3
400292,400296,400301,5,4
400292,400295,400301,6,3
400292,400295,400301,6,3
400292,400295,400301,6,3
400292,400295,400301,6,3
400292,400295,400301,6,3
400292,400295,400301,6,3
400292,400295,400301,6,3
400292,400295,400301,6,3
400292,400296,400302,6,4
400292,400295,400302,7,3
400292,400296,400302,6,4
400292,400297,400304,7,5
400292,400301,400304,3,9
400292,400296,400304,8,4
400292,400297,400305,8,5
400292,400299,400305,6,7
400292,400297,400305,8,5
400292,400301,400305,4,9
400292,400302,400306,4,10
400292,400301,400305,4,9
400292,400302,400305,3,10
400292,400302,400305,3,10
400292,400302,400306,4,10
400292,400299,400305,6,7
400292,400299,400305,6,7
400292,400302,400306,4,10
400292,400302,400306,4,10
400292,400302,400306,4,10
400292,400302,400306,4,10
400292,400299,400306,7,7
400292,400302,400306,4,10
400292,400302,400306,4,10
400292,400303,400307,4,11
400292,400305,400307,2,13
400292,400306,400308,2,14
400292,400306,400308,2,14
400292,400293,400307,14,1
400292,400303,400307,4,11
400292,400304,400307,3,12
400292,400306,400308,2,14
400292,400306,400308,2,14
400292,400306,400308,2,14
400292,400305,400308,3,13
400292,400305,400307,2,13
400292,400306,400308,2,14
400292,400307,400309,2,15
400292,400307,400309,2,15
400292,400307,400309,2,15
400292,400293,400308,15,1
400292,400307,400309,2,15
400292,400306,400309,3,14
400292,400306,400309,3,14
400292,400306,400309,3,14
400292,400308,400309,1,16
400292,400306,400309,3,14
400292,400307,400309,2,15
400292,400308,400309,1,16
400292,400307,400310,3,15
400292,400307,400310,3,15
400292,400308,400310,2,16
400292,400308,400311,3,16
400292,400308,400312,4,16
400292,400309,400312,3,17
400292,400308,400312,4,16
400292,400308,400311,3,16
400292,400308,400313,5,16
400292,400308,400312,4,16
400292,400308,400313,5,16
400292,400308,400313,5,16
400292,400309,400313,4,17
400292,400309,400313,4,17
400292,400310,400313,3,18
400292,400309,400314,5,17
400292,400309,400314,5,17
400292,400310,400315,5,18
400292,400310,400316,6,18
400292,400310,400317,7,18
400292,400311,400316,5,19
400292,400312,400317,5,20
400292,400309,400317,8,17
400292,400309,400317,8,17
400292,400310,400317,7,18
400292,400310,400317,7,18
400292,400312,400317,5,20
400292,400312,400317,5,20
400292,400310,400317,7,18
400292,400314,400318,4,22
400292,400311,400317,6,19
400292,400312,400317,5,20
400292,400313,400318,5,21
400292,400313,400317,4,21
400292,400313,400318,5,21
400292,400313,400317,4,21
400292,400314,400318,4,22
400292,400314,400318,4,22
400292,400313,400318,5,21
400292,400316,400319,3,24
400292,400317,400319,2,25
400292,400317,400319,2,25
400292,400313,400318,5,21
400292,400317,400319,2,25
400292,400318,400320,2,26
400292,400317,400320,3,25
400292,400318,400320,2,26
400292,400318,400320,2,26
400292,400318,400320,2,26
400292,400318,400320,2,26
400292,400317,400319,2,25
400292,400317,400319,2,25
400292,400317,400320,3,25
400292,400317,400320,3,25
400292,400318,400320,2,26
400292,400318,400321,3,26
400292,400318,400321,3,26
400292,400318,400321,3,26
400292,400318,400321,3,26
400292,400319,400321,2,27
400292,400319,400321,2,27
400292,400319,400321,2,27
400292,400317,400321,4,25
400292,400318,400321,3,26
400292,400318,400321,3,26
400292,400319,400322,3,27
400292,400320,400324,4,28
400292,400308,400324,16,16
400292,400309,400324,15,17
397626,397641,400517,2876,15
400518,400518,400523,5,0
400518,400518,400523,5,0
400518,400518,400523,5,0
400518,400518,400523,5,0
400518,400518,400523,5,0
400518,400518,400523,5,0
400518,400518,400523,5,0
400518,400518,400523,5,0
400518,400518,400522,4,0
400518,400518,400523,5,0
400518,400518,400523,5,0
400518,400518,400523,5,0
400518,400518,400523,5,0
400518,400518,400523,5,0
400518,400518,400523,5,0
400518,400518,400524,6,0
400518,400518,400524,6,0
400518,400518,400523,5,0
400518,400518,400523,5,0
400518,400518,400524,6,0
400518,400518,400524,6,0
400518,400518,400526,8,0
400518,400518,400526,8,0
400518,400518,400526,8,0
400518,400523,400527,4,5
400518,400523,400527,4,5
400518,400523,400527,4,5
400518,400523,400527,4,5
400518,400518,400526,8,0
400518,400523,400528,5,5
400518,400523,400527,4,5
400518,400523,400528,5,5
400518,400523,400527,4,5
400518,400523,400528,5,5
400518,400523,400527,4,5
400518,400523,400528,5,5
400518,400523,400528,5,5
400518,400524,400528,4,6
400518,400523,400528,5,5
400518,400523,400528,5,5
400518,400527,400529,2,9
400518,400524,400529,5,6
400518,400523,400528,5,5
400518,400527,400529,2,9
400518,400524,400529,5,6
400518,400524,400529,5,6
400518,400526,400529,3,8
400518,400527,400529,2,9
400518,400526,400529,3,8
400518,400528,400530,2,10
400518,400528,400530,2,10
400518,400528,400530,2,10
400518,400524,400529,5,6
400518,400526,400530,4,8
400518,400528,400530,2,10
400518,400528,400530,2,10
400518,400527,400530,3,9
400518,400524,400530,6,6
400518,400527,400530,3,9
400518,400528,400530,2,10
400518,400528,400530,2,10
400518,400528,400530,2,10
400518,400528,400530,2,10
400518,400528,400530,2,10
400518,400529,400531,2,11
397328,397346,400531,3185,18
400518,400528,400530,2,10
400518,400529,400533,4,11
400518,400529,400533,4,11
400518,400529,400533,4,11
400518,400530,400533,3,12
400518,400529,400533,4,11
400518,400529,400533,4,11
400518,400529,400533,4,11
400518,400531,400533,2,13
400518,400530,400533,3,12
400518,400530,400533,3,12
400518,400530,400535,5,12
400518,400530,400535,5,12
400518,400530,400535,5,12
400518,400530,400535,5,12
400518,400530,400535,5,12
400518,400530,400535,5,12
400518,400531,400535,4,13
400518,400530,400535,5,12
400518,400530,400535,5,12
400518,400530,400535,5,12
400518,400530,400535,5,12
400518,400530,400535,5,12
400518,400530,400535,5,12
400518,400531,400537,6,13
400518,400533,400538,5,15
400518,400532,400538,6,14
400518,400534,400538,4,16
400518,400534,400538,4,16
400518,400533,400538,5,15
400518,400534,400539,5,16
400518,400534,400539,5,16
400518,400536,400538,2,18
400518,400534,400538,4,16
400518,400534,400538,4,16
400518,400534,400538,4,16
400518,400534,400538,4,16
400518,400532,400539,7,14
400518,400535,400539,4,17
400518,400536,400539,3,18
400518,400536,400539,3,18
400518,400536,400539,3,18
400518,400536,400539,3,18
400518,400538,400539,1,20
400518,400536,400539,3,18
398027,398067,400539,2472,40
400518,400536,400539,3,18
400518,400536,400539,3,18
400518,400536,400539,3,18
400518,400536,400539,3,18
400518,400536,400540,4,18
400518,400536,400539,3,18
400518,400538,400540,2,20
400518,400538,400540,2,20
400518,400539,400541,2,21
400518,400538,400540,2,20
400518,400539,400540,1,21
400518,400539,400541,2,21
400518,400538,400540,2,20
400518,400539,400541,2,21
400518,400539,400541,2,21
400518,400539,400541,2,21
400518,400539,400541,2,21
400518,400540,400541,1,22
400518,400540,400541,1,22
400518,400540,400541,1,22
400518,400540,400541,1,22
400518,400540,400541,1,22
400518,400540,400541,1,22
400518,400540,400542,2,22
400518,400540,400542,2,22
400518,400539,400541,2,21
400518,400539,400541,2,21
400518,400539,400541,2,21
400518,400540,400542,2,22
400518,400540,400542,2,22
400518,400540,400541,1,22
400518,400540,400542,2,22
400518,400540,400542,2,22
400518,400540,400542,2,22
400518,400541,400542,1,23
400518,400541,400544,3,23
400518,400541,400543,2,23
400533,400542,400544,2,9
400518,400541,400543,2,23
400518,400541,400544,3,23
400533,400541,400544,3,8
400518,400541,400544,3,23
400533,400542,400544,2,9
400533,400541,400543,2,8
400533,400542,400544,2,9
400533,400542,400544,2,9
400533,400542,400544,2,9
400533,400542,400544,2,9
400533,400542,400544,2,9
400533,400543,400545,2,10
400533,400542,400545,3,9
400533,400542,400544,2,9
400533,400543,400545,2,10
400533,400542,400545,3,9
400533,400542,400545,3,9
400533,400542,400545,3,9
400533,400544,400545,1,11
400533,400543,400545,2,10
400533,400544,400546,2,11
400533,400543,400545,2,10
400533,400544,400546,2,11
400533,400544,400545,1,11
400533,400542,400545,3,9
400533,400544,400546,2,11
400533,400544,400546,2,11
400533,400544,400545,1,11
400533,400544,400546,2,11
400533,400545,400546,1,12
400533,400545,400546,1,12
400533,400545,400546,1,12
400533,400545,400547,2,12
400533,400545,400546,1,12
400533,400545,400546,1,12
400533,400544,400546,2,11
400533,400545,400547,2,12
400533,400542,400546,4,9
400533,400542,400546,4,9
400533,400545,400547,2,12
400533,400545,400547,2,12
400533,400545,400547,2,12
400533,400546,400547,1,13
400533,400545,400547,2,12
400533,400545,400547,2,12
400533,400546,400548,2,13
400533,400546,400550,4,13
400533,400546,400550,4,13
400533,400546,400550,4,13
400533,400546,400550,4,13
400533,400546,400550,4,13
400533,400546,400550,4,13
400533,400546,400550,4,13
400533,400546,400549,3,13
400533,400547,400550,3,14
400533,400547,400550,3,14
400533,400547,400550,3,14
400533,400547,400550,3,14
400533,400547,400550,3,14
400533,400547,400550,3,14
400533,400547,400551,4,14
400533,400547,400553,6,14
400533,400547,400553,6,14
400533,400548,400554,6,15
400533,400547,400553,6,14
400533,400548,400554,6,15
400533,400548,400554,6,15
400533,400550,400554,4,17
400533,400550,400554,4,17
400533,400547,400553,6,14
400533,400549,400554,5,16
400533,400551,400555,4,18
400533,400553,400555,2,20
400533,400550,400554,4,17
400533,400550,400555,5,17
400533,400550,400555,5,17
400533,400550,400554,4,17
400533,400551,400555,4,18
400533,400551,400555,4,18
400533,400552,400554,2,19
400533,400550,400554,4,17
400533,400551,400555,4,18
400533,400550,400555,5,17
400533,400551,400555,4,18
400533,400553,400555,2,20
400533,400551,400555,4,18
400533,400554,400555,1,21
400533,400554,400557,3,21
400533,400555,400557,2,22
400533,400554,400557,3,21
400533,400555,400558,3,22
400533,400555,400558,3,22
400533,400555,400558,3,22
400533,400555,400558,3,22
400533,400555,400558,3,22
400533,400555,400558,3,22
400533,400555,400557,2,22
400533,400555,400558,3,22
400533,400555,400558,3,22
400533,400554,400558,4,21
400533,400554,400558,4,21
400533,400554,400558,4,21
400533,400554,400558,4,21
400533,400556,400558,2,23
400533,400556,400558,2,23
400533,400555,400558,3,22
400533,400555,400559,4,22
400533,400558,400559,1,25
400533,400556,400559,3,23
400533,400556,400559,3,23
400533,400558,400560,2,25
400533,400546,400559,13,13
400533,400558,400560,2,25
400533,400556,400559,3,23
400533,400558,400560,2,25
400533,400558,400560,2,25
400533,400557,400560,3,24
400533,400557,400560,3,24
400533,400558,400560,2,25
400533,400559,400560,1,26
400533,400559,400560,1,26
400533,400559,400561,2,26
400533,400559,400560,1,26
400533,400558,400560,2,25
400533,400558,400560,2,25
400533,400558,400560,2,25
400533,400559,400560,1,26
400533,400558,400560,2,25
400533,400559,400561,2,26
400533,400547,400560,13,14
400533,400547,400560,13,14
400533,400560,400561,1,27
400533,400559,400561,2,26
400533,400559,400561,2,26
400533,400560,400561,1,27
400533,400560,400562,2,27
400533,400560,400562,2,27
400533,400560,400562,2,27
400533,400560,400562,2,27
400533,400561,400562,1,28
400533,400560,400562,2,27
400533,400560,400563,3,27
400533,400560,400563,3,27
400533,400560,400563,3,27
400533,400561,400563,2,28
400533,400561,400563,2,28
400533,400561,400564,3,28
400533,400561,400564,3,28
400533,400561,400564,3,28
400533,400561,400565,4,28
400540,400562,400565,3,22
400540,400562,400565,3,22
400540,400562,400565,3,22
400540,400562,400566,4,22
400540,400563,400566,3,23
400533,400561,400566,5,28
400540,400561,400566,5,21
400540,400561,400566,5,21
400540,400563,400566,3,23
400540,400563,400566,3,23
400540,400563,400566,3,23
400540,400564,400567,3,24
400540,400564,400567,3,24
400540,400564,400567,3,24
400540,400563,400567,4,23
400540,400563,400567,4,23
400540,400564,400567,3,24
400540,400564,400567,3,24
400540,400564,400567,3,24
400540,400567,400568,1,27
400540,400566,400567,1,26
400540,400566,400568,2,26
400540,400566,400567,1,26
400540,400565,400568,3,25
400540,400565,400567,2,25
400540,400566,400568,2,26
400540,400566,400568,2,26
400540,400567,400568,1,27
400540,400567,400568,1,27
400540,400567,400568,1,27
400540,400566,400568,2,26
400540,400566,400568,2,26
400540,400567,400568,1,27
400540,400567,400569,2,27
400540,400567,400568,1,27
400540,400568,400569,1,28
400540,400567,400570,3,27
400540,400562,400570,8,22
400540,400568,400570,2,28
400540,400568,400570,2,28
400540,400568,400570,2,28
400540,400568,400570,2,28
400533,400560,400570,10,27
400540,400562,400570,8,22
400540,400562,400570,8,22
400540,400568,400570,2,28
400540,400569,400571,2,29
400540,400568,400571,3,28
400540,400568,400570,2,28
400540,400568,400570,2,28
400540,400568,400571,3,28
400540,400568,400571,3,28
400540,400569,400572,3,29
400540,400569,400571,2,29
400540,400570,400572,2,30
400540,400569,400571,2,29
400540,400569,400572,3,29
400540,400569,400571,2,29
400540,400569,400572,3,29
400540,400569,400572,3,29
400540,400569,400572,3,29
400540,400571,400572,1,31
400540,400571,400573,2,31
400540,400571,400572,1,31
400540,400571,400573,2,31
400540,400571,400573,2,31
400540,400570,400572,2,30
400540,400571,400573,2,31
400540,400572,400573,1,32
400540,400571,400573,2,31
400540,400571,400573,2,31
400540,400572,400573,1,32
400540,400572,400573,1,32
400540,400572,400574,2,32
400540,400572,400573,1,32
400540,400572,400574,2,32
400540,400571,400574,3,31
400540,400571,400574,3,31
400540,400572,400574,2,32
400540,400573,400575,2,33
400540,400572,400574,2,32
400540,400572,400575,3,32
400540,400573,400576,3,33
400540,400573,400577,4,33
400540,400573,400577,4,33
400540,400573,400577,4,33
400540,400573,400577,4,33
400540,400574,400577,3,34
400540,400574,400578,4,34
400540,400575,400578,3,35
400540,400574,400577,3,34
400540,400574,400577,3,34
400540,400574,400577,3,34
400540,400574,400577,3,34
400540,400574,400577,3,34
400540,400573,400577,4,33
400540,400574,400578,4,34
400540,400574,400578,4,34
400540,400574,400578,4,34
400540,400575,400578,3,35
400540,400576,400578,2,36
400540,400575,400578,3,35
400540,400575,400578,3,35
400540,400577,400579,2,37
400540,400577,400579,2,37
400540,400577,400578,1,37
400540,400575,400578,3,35
400540,400577,400579,2,37
400540,400578,400580,2,38
400540,400578,400579,1,38
400540,400571,400579,8,31
400540,400578,400580,2,38
400540,400578,400580,2,38
400540,400571,400581,10,31
400540,400578,400581,3,38
400540,400578,400581,3,38
400540,400579,400581,2,39
400540,400578,400581,3,38
400540,400579,400582,3,39
400540,400578,400581,3,38
400540,400578,400581,3,38
400540,400579,400582,3,39
400540,400571,400582,11,31
400540,400570,400582,12,30
400540,400578,400582,4,38
400540,400578,400582,4,38
400540,400579,400582,3,39
400540,400579,400582,3,39
400540,400579,400582,3,39
400540,400579,400582,3,39
400540,400580,400582,2,40
400540,400579,400582,3,39
400540,400580,400583,3,40
400540,400580,400582,2,40
400540,400579,400583,4,39
400540,400579,400583,4,39
400540,400582,400583,1,42
400540,400582,400583,1,42
400540,400580,400584,4,40
400540,400582,400584,2,42
400540,400582,400584,2,42
400540,400582,400584,2,42
400540,400583,400584,1,43
400540,400582,400584,2,42
400540,400582,400584,2,42
400540,400582,400584,2,42
400540,400583,400585,2,43
400540,400583,400587,4,43
400540,400580,400588,8,40
400540,400581,400588,7,41
400540,400582,400588,6,42
400540,400583,400589,6,43
398014,398042,400664,2622,28
400666,400666,400667,1,0
400666,400666,400667,1,0
400666,400666,400667,1,0
400666,400666,400667,1,0
400666,400666,400668,2,0
400666,400666,400667,1,0
400666,400666,400667,1,0
400666,400666,400667,1,0
400666,400666,400668,2,0
400666,400666,400667,1,0
400666,400666,400667,1,0
400666,400666,400668,2,0
400666,400666,400668,2,0
400666,400666,400668,2,0
400666,400666,400668,2,0
400666,400666,400668,2,0
400666,400666,400668,2,0
400666,400666,400668,2,0
400666,400666,400670,4,0
400666,400666,400669,3,0
400666,400666,400669,3,0
400666,400666,400671,5,0
400666,400666,400671,5,0
400666,400666,400671,5,0
400666,400668,400672,4,2
400666,400668,400672,4,2
400666,400668,400671,3,2
400666,400668,400672,4,2
400666,400668,400672,4,2
400666,400666,400672,6,0
400666,400668,400673,5,2
400666,400668,400672,4,2
400666,400668,400673,5,2
400666,400668,400674,6,2
400666,400668,400676,8,2
400666,400668,400675,7,2
400666,400668,400676,8,2
400666,400668,400677,9,2
400666,400672,400677,5,6
400666,400669,400677,8,3
400666,400672,400677,5,6
400666,400669,400677,8,3
400666,400672,400677,5,6
400666,400668,400677,9,2
400666,400670,400677,7,4
400666,400670,400677,7,4
400666,400669,400677,8,3
400666,400669,400676,7,3
400666,400670,400678,8,4
400666,400672,400678,6,6
400666,400672,400677,5,6
400666,400673,400678,5,7
400666,400673,400680,7,7
400666,400671,400679,8,5
400666,400673,400680,7,7
400666,400673,400680,7,7
400666,400675,400681,6,9
400666,400676,400681,5,10
400666,400677,400682,5,11
400666,400677,400682,5,11
400666,400677,400682,5,11
400666,400676,400682,6,10
400666,400677,400682,5,11
400666,400676,400682,6,10
398501,398530,400682,2152,29
400666,400673,400683,10,7
400666,400672,400682,10,6
400666,400677,400683,6,11
400666,400678,400683,5,12
400666,400678,400684,6,12
400666,400677,400683,6,11
400666,400677,400684,7,11
400666,400677,400685,8,11
400666,400677,400685,8,11
400666,400677,400685,8,11
400666,400681,400685,4,15
400666,400678,400686,8,12
400666,400681,400686,5,15
400666,400681,400686,5,15
400666,400682,400686,4,16
400666,400680,400686,6,14
400666,400683,400686,3,17
400666,400680,400686,6,14
400666,400677,400686,9,11
400666,400682,400687,5,16
400666,400682,400687,5,16
400666,400678,400687,9,12
400666,400681,400687,6,15
400666,400682,400687,5,16
400666,400682,400687,5,16
400666,400684,400688,4,18
400666,400682,400688,6,16
400666,400683,400688,5,17
400666,400683,400689,6,17
400666,400684,400690,6,18
400666,400685,400690,5,19
400666,400684,400689,5,18
400666,400683,400690,7,17
400666,400687,400691,4,21
400666,400687,400691,4,21
400666,400687,400691,4,21
400666,400685,400691,6,19
400666,400685,400691,6,19
400666,400685,400691,6,19
400666,400687,400691,4,21
400666,400686,400691,5,20
400666,400686,400691,5,20
400666,400686,400690,4,20
400666,400686,400691,5,20
400666,400684,400691,7,18
400666,400687,400691,4,21
400666,400687,400692,5,21
400666,400687,400692,5,21
400666,400688,400693,5,22
400666,400688,400693,5,22
400666,400687,400693,6,21
400666,400687,400693,6,21
400666,400690,400694,4,24
400666,400691,400694,3,25
400666,400687,400694,7,21
400666,400689,400694,5,23
400666,400690,400694,4,24
400666,400692,400694,2,26
400666,400691,400694,3,25
400666,400691,400694,3,25
400666,400691,400694,3,25
400666,400691,400695,4,25
400666,400691,400695,4,25
400666,400691,400695,4,25
400666,400690,400695,5,24
400666,400688,400695,7,22
400666,400691,400695,4,25
400666,400691,400695,4,25
400666,400692,400695,3,26
400666,400691,400695,4,25
400666,400691,400695,4,25
400666,400693,400697,4,27
400666,400695,400697,2,29
400666,400695,400697,2,29
400666,400693,400697,4,27
400666,400694,400697,3,28
400666,400695,400697,2,29
400666,400692,400697,5,26
400666,400692,400697,5,26
400666,400694,400697,3,28
400666,400695,400698,3,29
400666,400695,400699,4,29
400666,400694,400699,5,28
400666,400695,400699,4,29
400666,400695,400700,5,29
400684,400695,400700,5,11
400684,400695,400700,5,11
400684,400696,400700,4,12
400684,400696,400700,4,12
400684,400696,400700,4,12
400666,400695,400700,5,29
400684,400696,400700,4,12
400684,400696,400701,5,12
400684,400696,400701,5,12
400684,400697,400701,4,13
400684,400698,400701,3,14
400684,400698,400701,3,14
400684,400698,400701,3,14
400684,400698,400701,3,14
400684,400698,400702,4,14
400684,400698,400701,3,14
400684,400699,400702,3,15
400684,400695,400702,7,11
400684,400698,400703,5,14
400684,400698,400702,4,14
400684,400700,400703,3,16
400684,400698,400703,5,14
400684,400700,400703,3,16
400684,400700,400704,4,16
400684,400701,400705,4,17
400684,400699,400704,5,15
400684,400701,400705,4,17
400684,400701,400705,4,17
400684,400701,400705,4,17
400684,400701,400705,4,17
400684,400701,400705,4,17
400684,400702,400705,3,18
400684,400702,400705,3,18
400684,400702,400705,3,18
400684,400702,400705,3,18
400684,400702,400705,3,18
400684,400701,400705,4,17
400684,400701,400705,4,17
400684,400701,400705,4,17
400684,400702,400707,5,18
400684,400702,400707,5,18
400684,400702,400707,5,18
400684,400703,400708,5,19
400684,400703,400708,5,19
400684,400704,400708,4,20
400684,400704,400708,4,20
400684,400705,400708,3,21
400684,400704,400709,5,20
400684,400705,400709,4,21
400684,400705,400709,4,21
400684,400704,400709,5,20
400684,400705,400709,4,21
400684,400706,400709,3,22
400684,400706,400709,3,22
400684,400706,400709,3,22
400684,400706,400709,3,22
400684,400706,400710,4,22
400684,400706,400709,3,22
400684,400705,400709,4,21
400684,400706,400711,5,22
400684,400706,400711,5,22
400684,400708,400711,3,24
400684,400707,400711,4,23
400684,400708,400712,4,24
400684,400706,400711,5,22
400684,400706,400712,6,22
400684,400710,400713,3,26
400684,400709,400712,3,25
400684,400709,400713,4,25
400684,400709,400713,4,25
400684,400709,400713,4,25
400684,400709,400712,3,25
400684,400709,400712,3,25
400684,400709,400713,4,25
400684,400709,400713,4,25
400684,400709,400713,4,25
400684,400708,400713,5,24
400684,400710,400713,3,26
400684,400710,400713,3,26
400684,400710,400714,4,26
400684,400710,400715,5,26
400684,400711,400715,4,27
400684,400710,400714,4,26
400684,400712,400716,4,28
400684,400710,400716,6,26
400684,400713,400716,3,29
400684,400713,400717,4,29
400684,400712,400716,4,28
400684,400712,400717,5,28
400684,400712,400717,5,28
400684,400713,400717,4,29
400684,400713,400717,4,29
400684,400714,400717,3,30
400684,400711,400717,6,27
400684,400714,400717,3,30
400684,400715,400718,3,31
400684,400715,400718,3,31
400684,400713,400718,5,29
400684,400713,400718,5,29
400684,400714,400718,4,30
400684,400714,400718,4,30
400684,400713,400718,5,29
400684,400714,400718,4,30
400684,400713,400718,5,29
400684,400713,400718,5,29
400684,400715,400720,5,31
400684,400717,400721,4,33
400684,400715,400720,5,31
400684,400716,400720,4,32
400684,400717,400721,4,33
400684,400717,400721,4,33
400684,400718,400722,4,34
400684,400718,400722,4,34
400684,400718,400722,4,34
400684,400717,400722,5,33
400684,400717,400722,5,33
400684,400718,400722,4,34
400684,400718,400722,4,34
400684,400718,400722,4,34
400684,400718,400722,4,34
400684,400718,400723,5,34
400684,400718,400723,5,34
400684,400717,400724,7,33
400684,400719,400724,5,35
400684,400719,400724,5,35
400684,400719,400724,5,35
400684,400718,400724,6,34
400684,400719,400724,5,35
400684,400719,400724,5,35
400684,400722,400725,3,38
400684,400722,400725,3,38
400684,400721,400725,4,37
400684,400721,400725,4,37
400684,400721,400725,4,37
400684,400721,400725,4,37
400684,400722,400726,4,38
400684,400723,400726,3,39
400684,400722,400727,5,38
400684,400723,400727,4,39
400684,400722,400727,5,38
400684,400722,400727,5,38
400684,400702,400727,25,18
400684,400723,400727,4,39
400684,400724,400727,3,40
400684,400723,400727,4,39
400684,400723,400727,4,39
400684,400723,400727,4,39
400684,400725,400728,3,41
400684,400724,400730,6,40
400684,400724,400730,6,40
400684,400724,400730,6,40
398495,398508,401085,2577,13
401086,401086,401090,4,0
401086,401086,401090,4,0
401086,401086,401090,4,0
401086,401086,401090,4,0
401086,401086,401090,4,0
401086,401086,401090,4,0
401086,401086,401090,4,0
401086,401086,401090,4,0
401086,401086,401090,4,0
401086,401086,401090,4,0
401086,401086,401091,5,0
401086,401086,401091,5,0
401086,401086,401091,5,0
401086,401086,401091,5,0
401086,401086,401091,5,0
401086,401086,401091,5,0
401086,401086,401091,5,0
401086,401086,401091,5,0
401086,401086,401091,5,0
401086,401086,401091,5,0
401086,401086,401091,5,0
401086,401086,401091,5,0
401086,401086,401091,5,0
401086,401086,401091,5,0
401086,401086,401091,5,0
401086,401090,401091,1,4
401086,401090,401092,2,4
401086,401090,401092,2,4
401086,401091,401092,1,5
401086,401090,401092,2,4
401086,401091,401092,1,5
401086,401090,401092,2,4
401086,401090,401092,2,4
401086,401090,401092,2,4
401086,401090,401093,3,4
401086,401092,401093,1,6
401086,401092,401093,1,6
401086,401092,401093,1,6
401086,401092,401093,1,6
401086,401092,401093,1,6
401086,401092,401093,1,6
401086,401092,401093,1,6
401086,401092,401093,1,6
401086,401092,401094,2,6
401086,401092,401093,1,6
401086,401093,401094,1,7
401086,401093,401094,1,7
401086,401092,401094,2,6
401086,401092,401094,2,6
401086,401092,401094,2,6
401086,401093,401094,1,7
401086,401093,401094,1,7
401086,401093,401094,1,7
401086,401093,401094,1,7
401086,401092,401095,3,6
401086,401092,401095,3,6
401086,401093,401095,2,7
401086,401092,401095,3,6
401086,401093,401096,3,7
401086,401094,401098,4,8
401086,401094,401097,3,8
401086,401094,401097,3,8
401086,401094,401097,3,8
401086,401094,401098,4,8
401086,401095,401098,3,9
401086,401095,401098,3,9
401086,401094,401099,5,8
401086,401094,401098,4,8
401086,401094,401098,4,8
401086,401095,401099,4,9
401086,401095,401098,3,9
401086,401094,401098,4,8
401086,401094,401099,5,8
401086,401095,401099,4,9
401086,401095,401098,3,9
401086,401095,401098,3,9
401086,401094,401099,5,8
401086,401095,401099,4,9
401086,401095,401099,4,9
401086,401096,401099,3,10
401086,401098,401099,1,12
401086,401097,401099,2,11
401086,401095,401099,4,9
401086,401095,401099,4,9
401086,401098,401100,2,12
401086,401098,401100,2,12
401086,401096,401100,4,10
401086,401099,401100,1,13
401086,401099,401100,1,13
401086,401098,401100,2,12
401086,401099,401100,1,13
401086,401100,401101,1,14
401086,401099,401101,2,13
401086,401099,401100,1,13
401086,401100,401101,1,14
401086,401099,401100,1,13
401086,401098,401100,2,12
401086,401099,401101,2,13
401086,401099,401100,1,13
401086,401099,401100,1,13
401086,401099,401100,1,13
401086,401099,401100,1,13
401086,401099,401100,1,13
401086,401099,401101,2,13
401086,401099,401100,1,13
401086,401100,401101,1,14
401086,401099,401101,2,13
401086,401101,401104,3,15
401086,401101,401104,3,15
401086,401100,401104,4,14
401086,401100,401103,3,14
401086,401100,401103,3,14
401086,401100,401104,4,14
401086,401101,401104,3,15
401086,401100,401104,4,14
401086,401101,401104,3,15
401086,401101,401104,3,15
401086,401101,401104,3,15
401086,401101,401104,3,15
401086,401101,401105,4,15
401086,401102,401105,3,16
401086,401101,401105,4,15
401086,401101,401105,4,15
401086,401101,401105,4,15
401086,401101,401105,4,15
401086,401101,401105,4,15
401086,401101,401105,4,15
401086,401104,401105,1,18
398783,398799,401105,2306,16
401086,401102,401105,3,16
401086,401101,401106,5,15
401086,401101,401105,4,15
401086,401104,401105,1,18
401086,401101,401105,4,15
401086,401101,401105,4,15
401086,401104,401106,2,18
401086,401104,401106,2,18
401086,401104,401106,2,18
401086,401104,401105,1,18
401086,401104,401106,2,18
401086,401105,401106,1,19
401106,401106,401107,1,0
401086,401105,401107,2,19
401106,401106,401107,1,0
401086,401104,401106,2,18
401086,401105,401106,1,19
401106,401106,401107,1,0
401086,401105,401106,1,19
401106,401106,401107,1,0
401086,401105,401107,2,19
401086,401105,401107,2,19
401086,401105,401107,2,19
401086,401105,401107,2,19
401106,401106,401107,1,0
401086,401105,401107,2,19
401086,401105,401107,2,19
401106,401106,401108,2,0
401106,401106,401107,1,0
401106,401106,401107,1,0
401106,401106,401107,1,0
401106,401106,401107,1,0
401106,401106,401110,4,0
401106,401107,401110,3,1
401106,401107,401110,3,1
401106,401106,401110,4,0
401106,401106,401110,4,0
401106,401107,401110,3,1
401106,401107,401110,3,1
401106,401107,401111,4,1
401106,401107,401110,3,1
401106,401107,401111,4,1
401106,401107,401112,5,1
401106,401107,401112,5,1
401106,401107,401112,5,1
401106,401107,401112,5,1
401106,401107,401112,5,1
401106,401108,401112,4,2
401106,401110,401114,4,4
401106,401110,401114,4,4
401106,401111,401114,3,5
401106,401106,401113,7,0
401106,401107,401113,6,1
401106,401108,401113,5,2
401106,401108,401114,6,2
401106,401108,401113,5,2
401106,401108,401113,5,2
401106,401108,401113,5,2
401106,401110,401114,4,4
401106,401108,401114,6,2
401106,401111,401115,4,5
401106,401110,401115,5,4
401106,401112,401115,3,6
401106,401110,401115,5,4
401106,401110,401115,5,4
401106,401113,401115,2,7
401106,401111,401115,4,5
401106,401114,401116,2,8
401106,401112,401115,3,6
401106,401113,401115,2,7
401106,401111,401115,4,5
401106,401114,401116,2,8
401106,401114,401116,2,8
401106,401114,401116,2,8
401106,401112,401116,4,6
401106,401114,401116,2,8
401106,401114,401116,2,8
401106,401113,401116,3,7
401106,401115,401116,1,9
401106,401115,401117,2,9
401106,401114,401117,3,8
401106,401114,401117,3,8
401106,401114,401117,3,8
401106,401115,401118,3,9
401106,401115,401118,3,9
401106,401116,401118,2,10
401106,401116,401119,3,10
401106,401116,401119,3,10
401106,401116,401119,3,10
401106,401115,401119,4,9
401106,401115,401119,4,9
401106,401115,401119,4,9
401106,401117,401119,2,11
401106,401116,401119,3,10
401106,401116,401119,3,10
401106,401116,401120,4,10
401106,401116,401120,4,10
401106,401117,401121,4,11
401106,401117,401120,3,11
401106,401117,401121,4,11
401106,401117,401122,5,11
401106,401117,401123,6,11
401106,401117,401123,6,11
401106,401119,401123,4,13
401106,401108,401123,15,2
401106,401118,401123,5,12
401106,401118,401123,5,12
401106,401120,401123,3,14
401106,401119,401123,4,13
401106,401117,401124,7,11
401106,401117,401124,7,11
401106,401120,401125,5,14
401106,401119,401125,6,13
401106,401120,401125,5,14
401106,401121,401126,5,15
401106,401120,401126,6,14
401106,401114,401126,12,8
401106,401120,401126,6,14
401106,401120,401126,6,14
401106,401122,401127,5,16
401106,401123,401127,4,17
401106,401120,401127,7,14
401106,401120,401127,7,14
401106,401123,401127,4,17
401106,401123,401127,4,17
401106,401124,401128,4,18
401106,401122,401127,5,16
401106,401114,401127,13,8
401106,401125,401127,2,19
401106,401126,401128,2,20
401106,401126,401128,2,20
401106,401121,401127,6,15
401106,401124,401127,3,18
401106,401119,401127,8,13
401106,401124,401128,4,18
401106,401126,401128,2,20
401106,401125,401128,3,19
401106,401125,401128,3,19
401106,401127,401129,2,21
401106,401124,401128,4,18
401106,401127,401129,2,21
401106,401126,401129,3,20
401106,401127,401129,2,21
401106,401127,401129,2,21
401106,401127,401129,2,21
401106,401128,401129,1,22
401106,401128,401129,1,22
401106,401128,401129,1,22
401106,401128,401129,1,22
401106,401128,401129,1,22
401106,401127,401129,2,21
401106,401127,401129,2,21
401106,401127,401129,2,21
401106,401128,401130,2,22
401106,401128,401130,2,22
401106,401128,401132,4,22
401106,401129,401132,3,23
401106,401129,401132,3,23
401106,401130,401132,2,24
401106,401129,401132,3,23
401106,401129,401132,3,23
401106,401130,401132,2,24
401106,401129,401132,3,23
401106,401129,401132,3,23
401106,401130,401132,2,24
401106,401129,401132,3,23
401106,401129,401132,3,23
401106,401129,401132,3,23
401106,401130,401134,4,24
401106,401124,401136,12,18
401106,401127,401137,10,21
401106,401128,401136,8,22
398508,398565,401203,2638,57
401205,401205,401209,4,0
401205,401205,401209,4,0
401205,401205,401209,4,0
401205,401205,401209,4,0
401205,401205,401209,4,0
401205,401205,401209,4,0
401205,401205,401209,4,0
401205,401205,401209,4,0
401205,401205,401209,4,0
401205,401205,401209,4,0
401205,401205,401209,4,0
401205,401205,401209,4,0
401205,401205,401209,4,0
401205,401205,401209,4,0
401205,401205,401209,4,0
401205,401205,401209,4,0
401205,401205,401209,4,0
401205,401205,401209,4,0
401205,401205,401209,4,0
401205,401205,401210,5,0
401205,401205,401210,5,0
401205,401205,401210,5,0
401205,401209,401211,2,4
401205,401210,401211,1,5
401205,401210,401211,1,5
401205,401210,401211,1,5
401205,401210,401211,1,5
401205,401210,401211,1,5
401205,401209,401211,2,4
401205,401209,401211,2,4
401205,401209,401211,2,4
401205,401209,401211,2,4
401205,401206,401211,5,1
401205,401206,401211,5,1
401205,401206,401211,5,1
401205,401210,401211,1,5
401205,401210,401211,1,5
401205,401209,401212,3,4
401205,401210,401212,2,5
401205,401210,401212,2,5
401205,401210,401212,2,5
401205,401210,401212,2,5
401205,401211,401213,2,6
401205,401211,401212,1,6
401205,401212,401213,1,7
401205,401212,401213,1,7
401205,401210,401213,3,5
401205,401211,401213,2,6
401205,401212,401214,2,7
401205,401212,401214,2,7
401205,401212,401214,2,7
401205,401212,401215,3,7
401205,401212,401214,2,7
401205,401212,401214,2,7
401205,401211,401217,6,6
401205,401213,401217,4,8
401205,401214,401217,3,9
401205,401214,401218,4,9
401205,401212,401217,5,7
401205,401212,401217,5,7
401205,401213,401217,4,8
401205,401213,401217,4,8
401205,401213,401218,5,8
401205,401213,401218,5,8
401205,401212,401217,5,7
401205,401212,401217,5,7
401205,401212,401217,5,7
401205,401212,401217,5,7
401205,401212,401217,5,7
401205,401215,401218,3,10
401205,401215,401218,3,10
401205,401215,401218,3,10
401205,401213,401218,5,8
401205,401214,401218,4,9
401205,401215,401219,4,10
401205,401215,401219,4,10
401205,401215,401218,3,10
401205,401213,401218,5,8
401205,401214,401219,5,9
401205,401217,401219,2,12
401205,401218,401219,1,13
401205,401218,401219,1,13
401205,401218,401220,2,13
401205,401218,401220,2,13
401205,401218,401220,2,13
401205,401218,401220,2,13
401205,401219,401220,1,14
401205,401219,401220,1,14
401205,401218,401220,2,13
401205,401219,401221,2,14
401205,401218,401220,2,13
401205,401218,401220,2,13
401205,401219,401221,2,14
401205,401219,401220,1,14
401205,401218,401221,3,13
401205,401218,401221,3,13
401205,401218,401221,3,13
401205,401218,401220,2,13
401205,401218,401221,3,13
401205,401219,401221,2,14
401205,401219,401221,2,14
401205,401219,401221,2,14
401205,401219,401221,2,14
401205,401219,401221,2,14
401205,401220,401223,3,15
401205,401220,401223,3,15
401205,401220,401225,5,15
401205,401221,401225,4,16
401205,401221,401225,4,16
401205,401220,401224,4,15
401205,401220,401225,5,15
401205,401221,401225,4,16
401205,401220,401225,5,15
401205,401221,401225,4,16
401205,401220,401225,5,15
401205,401221,401225,4,16
401205,401222,401225,3,17
401205,401223,401225,2,18
401205,401222,401226,4,17
401205,401222,401225,3,17
401205,401221,401225,4,16
401205,401221,401225,4,16
401205,401222,401226,4,17
401205,401221,401225,4,16
401205,401221,401226,5,16
401205,401221,401226,5,16
401205,401221,401226,5,16
401205,401222,401226,4,17
401205,401225,401227,2,20
401205,401225,401227,2,20
401205,401224,401226,2,19
401205,401225,401227,2,20
401205,401225,401227,2,20
401205,401222,401226,4,17
401205,401225,401227,2,20
401205,401225,401227,2,20
401205,401225,401227,2,20
401205,401221,401227,6,16
401205,401226,401227,1,21
401205,401226,401227,1,21
401205,401226,401228,2,21
401205,401226,401228,2,21
401205,401226,401228,2,21
401205,401226,401228,2,21
401205,401225,401227,2,20
401205,401226,401228,2,21
401205,401226,401228,2,21
401205,401225,401228,3,20
401205,401225,401228,3,20
401205,401226,401228,2,21
399260,399275,401310,2035,15
401312,401312,401317,5,0
401312,401312,401316,4,0
401312,401312,401317,5,0
401312,401312,401317,5,0
401312,401312,401317,5,0
398958,398972,401316,2344,14
401312,401312,401316,4,0
401312,401312,401317,5,0
401312,401312,401317,5,0
401312,401312,401317,5,0
401312,401312,401317,5,0
401312,401312,401317,5,0
401312,401312,401317,5,0
401312,401312,401317,5,0
401312,401312,401317,5,0
401312,401312,401317,5,0
401312,401312,401317,5,0
401312,401312,401317,5,0
401312,401312,401317,5,0
401312,401312,401317,5,0
401312,401312,401318,6,0
401312,401312,401318,6,0
401312,401318,401319,1,6
401312,401312,401319,7,0
401312,401313,401319,6,1
401312,401318,401320,2,6
401312,401318,401320,2,6
401312,401318,401320,2,6
401312,401318,401320,2,6
401312,401318,401320,2,6
401312,401318,401320,2,6
401312,401318,401320,2,6
401312,401318,401320,2,6
401312,401318,401320,2,6
401312,401318,401321,3,6
401312,401318,401320,2,6
401312,401318,401320,2,6
401312,401320,401321,1,8
401312,401318,401321,3,6
401312,401318,401321,3,6
401312,401318,401321,3,6
401312,401319,401321,2,7
401312,401319,401322,3,7
401312,401320,401322,2,8
401312,401318,401321,3,6
401312,401318,401321,3,6
401312,401318,401321,3,6
401312,401320,401321,1,8
401312,401318,401321,3,6
401312,401321,401322,1,9
401312,401321,401322,1,9
401312,401321,401322,1,9
401312,401321,401322,1,9
401312,401321,401322,1,9
401312,401321,401322,1,9
401312,401321,401322,1,9
401312,401321,401322,1,9
401312,401321,401323,2,9
401312,401322,401325,3,10
401312,401321,401325,4,9
401312,401322,401326,4,10
401312,401322,401326,4,10
401312,401322,401326,4,10
401312,401322,401326,4,10
401312,401321,401326,5,9
401312,401321,401326,5,9
401312,401322,401326,4,10
401312,401322,401326,4,10
401312,401322,401326,4,10
401312,401322,401326,4,10
401312,401322,401326,4,10
401312,401322,401326,4,10
401312,401322,401326,4,10
401312,401323,401327,4,11
401312,401323,401327,4,11
401312,401323,401327,4,11
401312,401323,401327,4,11
401312,401323,401327,4,11
401312,401323,401327,4,11
401312,401323,401327,4,11
401312,401323,401328,5,11
401312,401323,401328,5,11
401312,401326,401328,2,14
401312,401328,401329,1,16
401312,401326,401329,3,14
401312,401326,401329,3,14
401312,401327,401329,2,15
401312,401328,401329,1,16
401312,401328,401329,1,16
401312,401329,401330,1,17
401312,401327,401329,2,15
401312,401327,401329,2,15
401312,401328,401329,1,16
401312,401328,401329,1,16
401312,401328,401329,1,16
401312,401326,401329,3,14
401312,401327,401330,3,15
401312,401327,401329,2,15
401312,401327,401330,3,15
401312,401328,401330,2,16
401312,401327,401330,3,15
401312,401327,401329,2,15
401312,401327,401330,3,15
401312,401329,401330,1,17
401312,401329,401330,1,17
401312,401329,401330,1,17
401312,401327,401331,4,15
401312,401327,401331,4,15
401312,401329,401331,2,17
401312,401329,401331,2,17
401312,401329,401331,2,17
401312,401330,401331,1,18
401312,401330,401331,1,18
401312,401330,401331,1,18
401312,401330,401331,1,18
401312,401330,401331,1,18
401312,401330,401332,2,18
401312,401330,401333,3,18
401312,401330,401332,2,18
401312,401330,401333,3,18
401312,401330,401333,3,18
401312,401331,401334,3,19
401312,401330,401333,3,18
401312,401330,401333,3,18
401312,401330,401333,3,18
401312,401330,401333,3,18
401312,401330,401333,3,18
401312,401332,401335,3,20
401312,401331,401335,4,19
401312,401331,401335,4,19
401312,401330,401335,5,18
401312,401331,401335,4,19
401312,401331,401335,4,19
401312,401331,401335,4,19
401312,401331,401335,4,19
401312,401332,401335,3,20
401312,401331,401335,4,19
401318,401335,401337,2,17
401312,401332,401336,4,20
401318,401335,401337,2,17
401318,401335,401337,2,17
401312,401333,401336,3,21
401312,401333,401337,4,21
401312,401332,401336,4,20
401312,401332,401336,4,20
401312,401334,401337,3,22
401312,401333,401336,3,21
401318,401335,401337,2,17
401312,401333,401337,4,21
401318,401334,401337,3,16
401318,401335,401337,2,17
401318,401336,401337,1,18
401318,401337,401338,1,19
401318,401337,401338,1,19
401312,401334,401338,4,22
401318,401335,401338,3,17
401318,401335,401338,3,17
401318,401335,401338,3,17
401312,401334,401338,4,22
401312,401334,401338,4,22
401312,401334,401337,3,22
401318,401336,401337,1,18
401318,401337,401338,1,19
401318,401337,401338,1,19
401318,401337,401338,1,19
401318,401337,401339,2,19
401318,401337,401339,2,19
401318,401337,401339,2,19
401318,401337,401339,2,19
401318,401337,401339,2,19
401318,401337,401339,2,19
401318,401338,401340,2,20
401318,401338,401340,2,20
401318,401338,401340,2,20
401318,401338,401340,2,20
401318,401338,401340,2,20
401318,401338,401340,2,20
401318,401339,401340,1,21
401318,401338,401340,2,20
401318,401338,401341,3,20
401318,401338,401341,3,20
401318,401339,401342,3,21
401318,401339,401341,2,21
401318,401338,401341,3,20
401318,401338,401341,3,20
401318,401339,401343,4,21
401318,401339,401343,4,21
401318,401339,401343,4,21
401318,401339,401343,4,21
401318,401339,401343,4,21
401318,401339,401343,4,21
401318,401340,401344,4,22
401318,401340,401343,3,22
401318,401340,401344,4,22
401318,401338,401344,6,20
401318,401342,401345,3,24
401318,401340,401344,4,22
401318,401342,401345,3,24
401318,401340,401344,4,22
401318,401340,401345,5,22
401318,401341,401345,4,23
401318,401340,401345,5,22
401318,401343,401345,2,25
401318,401341,401345,4,23
401318,401340,401345,5,22
401318,401343,401345,2,25
401318,401338,401345,7,20
401318,401338,401345,7,20
401318,401344,401346,2,26
401318,401344,401346,2,26
401318,401343,401346,3,25
401318,401343,401346,3,25
401318,401344,401346,2,26
401318,401342,401346,4,24
401318,401342,401345,3,24
401318,401343,401345,2,25
401318,401343,401346,3,25
401318,401345,401347,2,27
401318,401345,401347,2,27
401318,401345,401347,2,27
401318,401345,401347,2,27
401318,401346,401348,2,28
401318,401346,401348,2,28
401318,401345,401347,2,27
401318,401345,401347,2,27
401318,401345,401348,3,27
401318,401345,401348,3,27
401318,401345,401348,3,27
401318,401345,401348,3,27
401318,401345,401348,3,27
401318,401346,401349,3,28
401318,401346,401349,3,28
401318,401346,401349,3,28
401318,401347,401349,2,29
401318,401347,401350,3,29
401318,401348,401350,2,30
401318,401349,401350,1,31
401318,401348,401351,3,30
401318,401348,401351,3,30
401318,401347,401350,3,29
401318,401346,401351,5,28
401318,401347,401351,4,29
401318,401346,401351,5,28
401318,401346,401351,5,28
401318,401349,401351,2,31
401318,401348,401351,3,30
401318,401350,401352,2,32
401312,401348,401352,4,36
401318,401348,401352,4,30
401318,401349,401352,3,31
401318,401349,401352,3,31
401318,401348,401352,4,30
401318,401349,401352,3,31
401318,401349,401352,3,31
401318,401350,401352,2,32
401318,401351,401353,2,33
401318,401351,401352,1,33
401318,401351,401353,2,33
401318,401351,401353,2,33
401312,401348,401352,4,36
401318,401351,401353,2,33
401318,401351,401353,2,33
401318,401352,401354,2,34
401318,401352,401354,2,34
401318,401352,401354,2,34
401318,401353,401354,1,35
401318,401352,401354,2,34
401318,401352,401354,2,34
401318,401352,401354,2,34
401318,401352,401354,2,34
401318,401353,401356,3,35
401318,401353,401358,5,35
401318,401352,401357,5,34
401318,401353,401358,5,35
401318,401353,401358,5,35
401318,401353,401357,4,35
401318,401345,401358,13,27
401318,401353,401358,5,35
401318,401353,401358,5,35
401318,401354,401358,4,36
401318,401353,401358,5,35
401318,401353,401358,5,35
401318,401346,401359,13,28
401318,401354,401359,5,36
401318,401352,401359,7,34
401318,401354,401359,5,36
401318,401354,401359,5,36
401318,401346,401360,14,28
401318,401354,401360,6,36
401318,401354,401360,6,36
401318,401355,401361,6,37
401318,401357,401361,4,39
401318,401355,401360,5,37
401318,401355,401361,6,37
401318,401355,401360,5,37
401318,401355,401360,5,37
401318,401358,401360,2,40
401318,401358,401361,3,40
401318,401358,401360,2,40
401318,401358,401361,3,40
401318,401358,401361,3,40
400190,400202,401417,1215,12
401419,401419,401421,2,0
401419,401419,401422,3,0
401419,401419,401421,2,0
401419,401419,401422,3,0
401419,401419,401422,3,0
401419,401419,401422,3,0
401419,401419,401422,3,0
401419,401419,401422,3,0
401419,401419,401423,4,0
401419,401419,401423,4,0
401419,401419,401423,4,0
401419,401419,401423,4,0
401419,401419,401422,3,0
401419,401419,401424,5,0
401419,401419,401423,4,0
401419,401419,401423,4,0
401419,401419,401423,4,0
401419,401419,401423,4,0
401419,401419,401424,5,0
401419,401419,401425,6,0
401419,401419,401425,6,0
401419,401419,401426,7,0
401419,401422,401425,3,3
401419,401422,401425,3,3
401419,401422,401425,3,3
401419,401422,401425,3,3
401419,401423,401426,3,4
401419,401419,401426,7,0
401419,401423,401426,3,4
401419,401423,401428,5,4
401419,401423,401429,6,4
401419,401423,401430,7,4
401419,401423,401429,6,4
401419,401423,401430,7,4
401419,401423,401430,7,4
401419,401423,401430,7,4
401419,401426,401430,4,7
401419,401424,401431,7,5
401419,401424,401431,7,5
401419,401426,401431,5,7
401419,401424,401431,7,5
401419,401424,401431,7,5
401419,401424,401431,7,5
401419,401426,401432,6,7
401419,401426,401431,5,7
401419,401426,401431,5,7
401419,401426,401431,5,7
401419,401427,401432,5,8
401419,401426,401432,6,7
401419,401425,401432,7,6
401419,401427,401432,5,8
401419,401429,401433,4,10
401419,401431,401434,3,12
401419,401431,401435,4,12
401419,401430,401435,5,11
401419,401430,401435,5,11
401419,401427,401435,8,8
401419,401430,401434,4,11
401419,401431,401435,4,12
401419,401429,401434,5,10
401419,401432,401435,3,13
401419,401430,401435,5,11
401419,401432,401435,3,13
401419,401432,401435,3,13
401419,401432,401435,3,13
401419,401433,401436,3,14
401419,401431,401435,4,12
401419,401431,401435,4,12
401419,401432,401436,4,13
401419,401432,401436,4,13
401419,401433,401436,3,14
401419,401433,401436,3,14
401419,401434,401436,2,15
401419,401435,401437,2,16
401419,401435,401437,2,16
401419,401433,401436,3,14
401419,401435,401437,2,16
401419,401433,401437,4,14
401419,401432,401436,4,13
401419,401435,401437,2,16
401419,401435,401437,2,16
401419,401435,401437,2,16
401419,401435,401437,2,16
401419,401435,401437,2,16
401419,401436,401438,2,17
401419,401435,401437,2,16
401419,401435,401437,2,16
401419,401435,401437,2,16
401419,401435,401437,2,16
401419,401436,401438,2,17
401419,401420,401437,17,1
401419,401420,401437,17,1
401419,401436,401438,2,17
401419,401437,401438,1,18
401419,401437,401438,1,18
401419,401437,401438,1,18
401419,401437,401438,1,18
401419,401436,401439,3,17
401419,401436,401438,2,17
401419,401436,401439,3,17
401419,401436,401439,3,17
401419,401437,401441,4,18
401419,401437,401440,3,18
401419,401436,401440,4,17
401419,401437,401440,3,18
401419,401437,401440,3,18
401419,401437,401440,3,18
401419,401437,401440,3,18
401419,401439,401441,2,20
401419,401437,401442,5,18
401419,401438,401442,4,19
401419,401439,401442,3,20
401419,401439,401442,3,20
401419,401438,401442,4,19
401419,401438,401442,4,19
401419,401438,401443,5,19
401419,401439,401444,5,20
401419,401439,401444,5,20
401419,401439,401444,5,20
401419,401438,401444,6,19
401419,401439,401444,5,20
401419,401442,401444,2,23
401419,401438,401445,7,19
401419,401438,401446,8,19
401419,401439,401446,7,20
401419,401443,401447,4,24
401419,401443,401447,4,24
401419,401443,401446,3,24
401419,401441,401447,6,22
401419,401445,401447,2,26
401419,401441,401448,7,22
401419,401441,401448,7,22
401419,401441,401448,7,22
401419,401443,401448,5,24
401419,401441,401448,7,22
401419,401443,401448,5,24
401419,401441,401448,7,22
401419,401443,401449,6,24
401419,401444,401449,5,25
401419,401444,401449,5,25
401419,401444,401449,5,25
401419,401444,401450,6,25
401419,401442,401450,8,23
401419,401444,401450,6,25
401419,401441,401449,8,22
401419,401445,401450,5,26
401419,401446,401451,5,27
401419,401446,401451,5,27
401419,401450,401457,7,31
401419,401450,401457,7,31
400198,400229,401491,1262,31
401493,401493,401495,2,0
401493,401493,401495,2,0
401493,401493,401495,2,0
401493,401493,401495,2,0
401493,401493,401496,3,0
401493,401493,401495,2,0
401493,401493,401495,2,0
401493,401493,401496,3,0
401493,401493,401495,2,0
401493,401493,401496,3,0
401493,401493,401495,2,0
401493,401493,401495,2,0
401493,401493,401495,2,0
401493,401493,401495,2,0
401493,401493,401495,2,0
401493,401493,401496,3,0
401493,401495,401496,1,2
401493,401495,401496,1,2
401493,401493,401496,3,0
401493,401493,401496,3,0
401493,401495,401496,1,2
401493,401495,401496,1,2
401493,401496,401497,1,3
401493,401493,401497,4,0
401493,401493,401497,4,0
401493,401496,401497,1,3
401493,401496,401497,1,3
401493,401496,401498,2,3
401493,401496,401499,3,3
401493,401496,401498,2,3
401493,401496,401498,2,3
401493,401496,401499,3,3
401493,401496,401499,3,3
401493,401496,401498,2,3
401493,401496,401499,3,3
401493,401496,401498,2,3
401493,401496,401500,4,3
401493,401497,401500,3,4
401493,401497,401499,2,4
401493,401498,401501,3,5
401493,401497,401502,5,4
401493,401497,401502,5,4
401493,401498,401502,4,5
401493,401498,401502,4,5
401493,401496,401501,5,3
401493,401499,401502,3,6
401493,401498,401502,4,5
401493,401493,401503,10,0
401493,401499,401503,4,6
401493,401499,401503,4,6
401493,401500,401502,2,7
401493,401500,401503,3,7
401493,401501,401503,2,8
401493,401498,401503,5,5
401493,401498,401503,5,5
401493,401499,401503,4,6
401493,401499,401503,4,6
401493,401499,401503,4,6
401493,401502,401504,2,9
401493,401499,401503,4,6
401493,401499,401503,4,6
401493,401502,401504,2,9
401493,401500,401504,4,7
401493,401502,401504,2,9
401493,401493,401503,10,0
401493,401493,401504,11,0
401493,401502,401504,2,9
401493,401503,401505,2,10
401493,401496,401504,8,3
401493,401496,401504,8,3
401493,401502,401504,2,9
401493,401502,401504,2,9
401493,401503,401505,2,10
401493,401503,401505,2,10
401493,401503,401505,2,10
401493,401503,401505,2,10
401493,401504,401506,2,11
401493,401504,401506,2,11
401493,401503,401506,3,10
401493,401504,401506,2,11
401493,401504,401506,2,11
401493,401504,401506,2,11
401493,401504,401507,3,11
401493,401504,401507,3,11
401493,401504,401508,4,11
401493,401504,401508,4,11
401493,401504,401508,4,11
401493,401506,401508,2,13
401493,401506,401508,2,13
401493,401506,401508,2,13
401493,401507,401508,1,14
401493,401505,401509,4,12
401493,401506,401509,3,13
401493,401504,401509,5,11
401493,401504,401509,5,11
401493,401505,401509,4,12
401493,401507,401509,2,14
401493,401507,401509,2,14
401493,401507,401509,2,14
401493,401507,401509,2,14
401493,401506,401509,3,13
401493,401506,401510,4,13
401493,401509,401510,1,16
401493,401509,401510,1,16
401493,401509,401510,1,16
401493,401509,401510,1,16
401493,401509,401510,1,16
401493,401508,401510,2,15
401493,401508,401511,3,15
401493,401509,401510,1,16
401493,401505,401510,5,12
401493,401505,401511,6,12
401493,401508,401511,3,15
401493,401509,401511,2,16
401493,401509,401511,2,16
401493,401509,401511,2,16
401493,401509,401511,2,16
401493,401510,401511,1,17
401493,401510,401512,2,17
401493,401510,401512,2,17
401493,401509,401511,2,16
401493,401510,401512,2,17
401493,401511,401512,1,18
401493,401511,401513,2,18
401493,401511,401512,1,18
401493,401511,401512,1,18
401493,401511,401512,1,18
401493,401511,401513,2,18
401493,401511,401515,4,18
401493,401511,401515,4,18
401493,401512,401515,3,19
401493,401512,401515,3,19
401493,401512,401515,3,19
401493,401513,401516,3,20
401493,401512,401516,4,19
401493,401512,401516,4,19
401493,401511,401516,5,18
401493,401511,401516,5,18
401493,401511,401516,5,18
401493,401511,401516,5,18
401493,401513,401516,3,20
401493,401513,401516,3,20
401493,401512,401516,4,19
401493,401503,401517,14,10
401493,401512,401517,5,19
401493,401512,401517,5,19
401493,401504,401518,14,11
401493,401504,401518,14,11
401493,401513,401524,11,20
401493,401513,401524,11,20
400522,400541,401840,1299,19
401841,401841,401843,2,0
401841,401841,401843,2,0
401841,401841,401843,2,0
401841,401841,401843,2,0
401841,401841,401843,2,0
401841,401841,401844,3,0
401841,401841,401844,3,0
401841,401841,401844,3,0
401841,401841,401843,2,0
401841,401841,401844,3,0
401841,401841,401844,3,0
401841,401841,401843,2,0
401841,401841,401844,3,0
401841,401841,401844,3,0
401841,401841,401844,3,0
401841,401841,401843,2,0
401841,401841,401844,3,0
401841,401841,401844,3,0
401841,401841,401845,4,0
401841,401841,401845,4,0
401841,401843,401845,2,2
401841,401843,401847,4,2
401841,401843,401847,4,2
401841,401844,401847,3,3
401841,401841,401846,5,0
401841,401841,401846,5,0
401841,401841,401846,5,0
401841,401841,401847,6,0
401841,401841,401847,6,0
401841,401843,401847,4,2
401841,401843,401847,4,2
401841,401844,401847,3,3
401841,401844,401847,3,3
401841,401844,401847,3,3
401841,401845,401847,2,4
401841,401844,401847,3,3
401841,401844,401848,4,3
401841,401844,401847,3,3
401841,401844,401848,4,3
401841,401844,401848,4,3
401841,401844,401848,4,3
401841,401844,401848,4,3
401841,401845,401849,4,4
401841,401847,401849,2,6
401841,401847,401849,2,6
401841,401847,401849,2,6
401841,401844,401849,5,3
401841,401844,401849,5,3
401841,401847,401849,2,6
401841,401847,401849,2,6
401841,401845,401849,4,4
401841,401848,401849,1,7
401841,401848,401849,1,7
401841,401848,401849,1,7
401841,401848,401849,1,7
401841,401848,401850,2,7
401841,401848,401850,2,7
401841,401848,401850,2,7
401841,401848,401850,2,7
401841,401848,401850,2,7
401841,401848,401850,2,7
401841,401848,401850,2,7
401841,401848,401850,2,7
401841,401848,401850,2,7
401841,401848,401850,2,7
401841,401849,401851,2,8
401841,401847,401851,4,6
401841,401847,401851,4,6
401841,401849,401851,2,8
401841,401849,401851,2,8
401841,401850,401851,1,9
401841,401850,401852,2,9
401841,401850,401851,1,9
401841,401850,401851,1,9
401841,401850,401851,1,9
401841,401850,401851,1,9
401841,401850,401851,1,9
401841,401850,401851,1,9
401841,401851,401852,1,10
401841,401851,401852,1,10
401841,401850,401852,2,9
401841,401850,401852,2,9
401841,401850,401853,3,9
401841,401851,401854,3,10
401841,401851,401853,2,10
401841,401851,401853,2,10
401841,401851,401853,2,10
401841,401852,401853,1,11
401841,401852,401853,1,11
401841,401852,401853,1,11
401841,401852,401853,1,11
401841,401852,401855,3,11
401841,401851,401854,3,10
401841,401851,401854,3,10
401841,401852,401855,3,11
401841,401851,401854,3,10
401841,401851,401855,4,10
401841,401852,401855,3,11
401841,401853,401855,2,12
401841,401852,401855,3,11
401841,401853,401856,3,12
401841,401853,401855,2,12
401841,401852,401855,3,11
401841,401852,401855,3,11
401841,401854,401855,1,13
401841,401854,401855,1,13
401841,401854,401855,1,13
401841,401854,401856,2,13
401841,401854,401856,2,13
401841,401853,401856,3,12
401841,401854,401857,3,13
401841,401854,401856,2,13
401841,401854,401857,3,13
401841,401854,401856,2,13
401841,401852,401857,5,11
401841,401852,401857,5,11
401841,401856,401859,3,15
401841,401856,401859,3,15
401841,401856,401859,3,15
401841,401856,401859,3,15
401841,401856,401859,3,15
401841,401856,401859,3,15
401841,401855,401859,4,14
401841,401856,401859,3,15
401841,401856,401859,3,15
401841,401855,401859,4,14
401841,401855,401859,4,14
401841,401857,401860,3,16
401841,401855,401859,4,14
401841,401856,401860,4,15
401841,401855,401859,4,14
401841,401856,401860,4,15
401841,401859,401860,1,18
401841,401859,401860,1,18
401841,401857,401860,3,16
401841,401857,401860,3,16
401841,401856,401860,4,15
401841,401857,401860,3,16
401841,401857,401860,3,16
401841,401859,401861,2,18
401841,401859,401861,2,18
401841,401860,401861,1,19
401841,401860,401862,2,19
401841,401856,401861,5,15
401841,401857,401861,4,16
401841,401860,401862,2,19
401841,401858,401862,4,17
401841,401858,401862,4,17
401841,401860,401862,2,19
401841,401860,401862,2,19
399495,399536,401876,2340,41
401884,401884,401885,1,0
401884,401884,401885,1,0
401884,401884,401886,2,0
401884,401884,401885,1,0
401884,401884,401886,2,0
401884,401884,401886,2,0
401884,401884,401885,1,0
401884,401884,401886,2,0
401884,401884,401886,2,0
401884,401884,401885,1,0
401884,401884,401885,1,0
401884,401885,401886,1,1
401884,401884,401885,1,0
401884,401884,401885,1,0
401884,401884,401885,1,0
401884,401884,401886,2,0
401884,401884,401886,2,0
401884,401884,401886,2,0
401884,401884,401886,2,0
401884,401884,401886,2,0
401884,401884,401886,2,0
401884,401884,401887,3,0
401884,401884,401886,2,0
401884,401884,401886,2,0
401884,401885,401886,1,1
401884,401886,401888,2,2
401884,401886,401888,2,2
401884,401886,401888,2,2
401884,401886,401888,2,2
401884,401886,401889,3,2
401884,401886,401889,3,2
401884,401886,401889,3,2
401884,401886,401888,2,2
401884,401886,401888,2,2
401884,401886,401888,2,2
401884,401887,401889,2,3
401884,401886,401888,2,2
401884,401886,401889,3,2
401884,401886,401889,3,2
401884,401886,401888,2,2
401884,401886,401889,3,2
401884,401886,401889,3,2
401884,401886,401889,3,2
401884,401886,401889,3,2
401884,401888,401890,2,4
401884,401887,401890,3,3
401884,401888,401889,1,4
401884,401887,401890,3,3
401884,401888,401890,2,4
401884,401888,401890,2,4
401884,401887,401890,3,3
401884,401889,401891,2,5
401884,401887,401890,3,3
401884,401889,401891,2,5
401884,401889,401891,2,5
401884,401889,401891,2,5
401884,401884,401892,8,0
401884,401890,401892,2,6
401884,401889,401892,3,5
401884,401889,401892,3,5
401884,401890,401892,2,6
401884,401889,401891,2,5
401884,401889,401892,3,5
401884,401889,401892,3,5
401884,401889,401892,3,5
401884,401889,401892,3,5
401884,401890,401892,2,6
401884,401890,401892,2,6
401884,401890,401892,2,6
401884,401890,401892,2,6
401884,401890,401892,2,6
401884,401884,401893,9,0
401884,401890,401892,2,6
401884,401891,401893,2,7
401884,401890,401892,2,6
401884,401891,401893,2,7
401884,401890,401893,3,6
401884,401892,401893,1,8
401884,401891,401894,3,7
401884,401891,401894,3,7
401884,401892,401894,2,8
401884,401891,401894,3,7
401884,401892,401894,2,8
401884,401892,401895,3,8
401884,401893,401894,1,9
401884,401893,401895,2,9
401884,401893,401895,2,9
401884,401893,401895,2,9
401884,401893,401895,2,9
401884,401894,401895,1,10
401884,401892,401895,3,8
401884,401892,401895,3,8
401884,401893,401895,2,9
401884,401892,401895,3,8
401884,401894,401895,1,10
401884,401894,401895,1,10
401884,401894,401895,1,10
401884,401893,401895,2,9
401884,401893,401896,3,9
401884,401893,401896,3,9
401884,401894,401896,2,10
401884,401895,401896,1,11
401884,401895,401896,1,11
401884,401894,401897,3,10
401884,401894,401897,3,10
401884,401896,401899,3,12
401884,401896,401899,3,12
401884,401895,401899,4,11
401884,401896,401899,3,12
401884,401896,401899,3,12
401884,401896,401899,3,12
401884,401896,401899,3,12
401884,401895,401899,4,11
401884,401895,401899,4,11
401884,401895,401899,4,11
401884,401896,401900,4,12
401884,401896,401900,4,12
401884,401896,401900,4,12
401884,401896,401900,4,12
401884,401896,401901,5,12
401884,401893,401900,7,9
401884,401896,401901,5,12
401884,401897,401901,4,13
401884,401900,401901,1,16
401884,401900,401901,1,16
401884,401897,401901,4,13
401884,401897,401901,4,13
401884,401900,401902,2,16
401884,401896,401902,6,12
401884,401896,401902,6,12
401884,401900,401902,2,16
401884,401893,401902,9,9
401884,401898,401902,4,14
401884,401900,401902,2,16
401884,401901,401902,1,17
401884,401900,401902,2,16
401884,401900,401902,2,16
401884,401900,401902,2,16
401884,401901,401902,1,17
401884,401901,401903,2,17
401884,401900,401902,2,16
401884,401900,401902,2,16
401884,401901,401902,1,17
401884,401902,401903,1,18
401884,401902,401903,1,18
401884,401901,401903,2,17
401884,401902,401904,2,18
401884,401892,401904,12,8
401884,401901,401904,3,17
399490,399506,402048,2542,16
402050,402050,402056,6,0
402050,402050,402056,6,0
402050,402050,402057,7,0
402050,402050,402058,8,0
402050,402050,402057,7,0
402050,402050,402057,7,0
402050,402050,402057,7,0
402050,402050,402058,8,0
402050,402050,402058,8,0
402050,402050,402059,9,0
402050,402050,402060,10,0
402050,402050,402060,10,0
402050,402050,402060,10,0
402050,402050,402062,12,0
402050,402050,402062,12,0
402050,402050,402062,12,0
402050,402050,402062,12,0
402050,402050,402062,12,0
402050,402050,402064,14,0
402050,402050,402064,14,0
402050,402050,402068,18,0
402050,402050,402068,18,0
402050,402050,402068,18,0
402050,402050,402068,18,0
402050,402050,402069,19,0
402050,402059,402069,10,9
402050,402060,402069,9,10
402050,402057,402069,12,7
402050,402057,402069,12,7
402050,402058,402069,11,8
402050,402057,402069,12,7
402050,402058,402069,11,8
402050,402058,402069,11,8
402050,402060,402070,10,10
402050,402060,402069,9,10
402050,402063,402069,6,13
402050,402058,402069,11,8
402050,402058,402069,11,8
402050,402063,402069,6,13
402050,402063,402070,7,13
402050,402060,402070,10,10
402050,402063,402071,8,13
402050,402070,402074,4,20
402050,402070,402074,4,20
402050,402070,402075,5,20
402050,402064,402074,10,14
402050,402064,402074,10,14
402050,402068,402075,7,18
402050,402068,402075,7,18
402050,402069,402075,6,19
402050,402069,402075,6,19
402050,402063,402074,11,13
402050,402068,402074,6,18
402050,402070,402075,5,20
402050,402070,402079,9,20
402050,402070,402078,8,20
402050,402070,402079,9,20
402050,402070,402079,9,20
402050,402070,402078,8,20
402050,402070,402079,9,20
402050,402070,402079,9,20
402050,402070,402079,9,20
402050,402070,402079,9,20
402050,402070,402079,9,20
402050,402075,402079,4,25
402050,402071,402080,9,21
402050,402072,402080,8,22
402050,402075,402079,4,25
402050,402070,402080,10,20
402050,402075,402080,5,25
402050,402075,402081,6,25
402050,402075,402082,7,25
402050,402075,402082,7,25
402050,402075,402082,7,25
402050,402075,402084,9,25
402050,402075,402084,9,25
402050,402075,402086,11,25
402050,402075,402086,11,25
402050,402075,402086,11,25
402050,402080,402087,7,30
402050,402081,402087,6,31
402050,402079,402087,8,29
402050,402079,402087,8,29
402050,402080,402087,7,30
402050,402080,402087,7,30
402050,402082,402087,5,32
402050,402079,402087,8,29
402050,402079,402087,8,29
402050,402079,402087,8,29
402050,402079,402087,8,29
402050,402080,402087,7,30
402050,402079,402087,8,29
402050,402079,402087,8,29
402050,402082,402087,5,32
402050,402080,402087,7,30
402050,402080,402087,7,30
402050,402080,402087,7,30
402050,402082,402087,5,32
402050,402081,402088,7,31
402050,402085,402088,3,35
402050,402087,402089,2,37
402050,402087,402089,2,37
402050,402085,402088,3,35
402050,402087,402089,2,37
402050,402087,402089,2,37
402050,402087,402089,2,37
402050,402088,402089,1,38
402050,402088,402089,1,38
402050,402087,402089,2,37
402050,402088,402090,2,38
402050,402088,402090,2,38
402050,402088,402089,1,38
402050,402087,402090,3,37
402050,402088,402090,2,38
402050,402087,402089,2,37
402050,402087,402090,3,37
402050,402088,402090,2,38
402050,402087,402090,3,37
402050,402088,402090,2,38
402050,402088,402090,2,38
402050,402088,402091,3,38
402050,402088,402090,2,38
402050,402089,402091,2,39
402050,402089,402090,1,39
402050,402089,402090,1,39
402050,402089,402091,2,39
402050,402088,402091,3,38
402050,402090,402092,2,40
402050,402089,402092,3,39
402050,402091,402093,2,41
402050,402091,402092,1,41
402050,402090,402092,2,40
402050,402090,402092,2,40
402050,402090,402092,2,40
402050,402090,402092,2,40
402050,402089,402092,3,39
402050,402090,402092,2,40
402050,402090,402093,3,40
402050,402090,402092,2,40
402050,402091,402093,2,41
402050,402091,402093,2,41
402050,402091,402093,2,41
402050,402091,402093,2,41
402050,402091,402093,2,41
402050,402091,402093,2,41
402050,402091,402093,2,41
402050,402091,402093,2,41
402050,402091,402094,3,41
402050,402091,402094,3,41
402050,402091,402095,4,41
400668,400695,402227,1532,27
402229,402229,402232,3,0
402229,402229,402232,3,0
402229,402229,402232,3,0
402229,402229,402232,3,0
402229,402229,402232,3,0
402229,402229,402232,3,0
402229,402229,402232,3,0
402229,402229,402232,3,0
402229,402229,402232,3,0
402229,402229,402233,4,0
402229,402229,402233,4,0
402229,402229,402232,3,0
402229,402229,402232,3,0
402229,402229,402232,3,0
402229,402229,402233,4,0
402229,402229,402233,4,0
402229,402232,402234,2,3
402229,402229,402234,5,0
402229,402229,402235,6,0
402229,402229,402235,6,0
402229,402229,402235,6,0
402229,402229,402235,6,0
402229,402233,402237,4,4
402229,402233,402237,4,4
402229,402233,402237,4,4
402229,402229,402236,7,0
402229,402233,402237,4,4
402229,402233,402237,4,4
402229,402233,402237,4,4
402229,402233,402237,4,4
402229,402233,402238,5,4
402229,402233,402240,7,4
402229,402233,402240,7,4
402229,402233,402240,7,4
402229,402233,402240,7,4
402229,402234,402240,6,5
402229,402233,402241,8,4
402229,402235,402244,9,6
402229,402234,402244,10,5
402229,402235,402243,8,6
402229,402237,402244,7,8
402229,402239,402244,5,10
402229,402237,402244,7,8
402229,402237,402245,8,8
402229,402237,402245,8,8
402229,402237,402244,7,8
402229,402236,402244,8,7
402229,402237,402245,8,8
402229,402240,402245,5,11
402229,402237,402245,8,8
402229,402236,402245,9,7
402229,402237,402245,8,8
402229,402237,402245,8,8
402229,402237,402245,8,8
402229,402237,402246,9,8
402229,402235,402245,10,6
402229,402235,402245,10,6
402229,402240,402246,6,11
402229,402244,402247,3,15
402229,402240,402246,6,11
402229,402240,402246,6,11
402229,402240,402246,6,11
402229,402241,402247,6,12
402229,402244,402247,3,15
402229,402245,402247,2,16
402229,402245,402247,2,16
402229,402246,402248,2,17
402229,402244,402248,4,15
402229,402245,402248,3,16
402229,402245,402248,3,16
402229,402245,402247,2,16
402229,402245,402248,3,16
402229,402246,402248,2,17
402229,402246,402248,2,17
402229,402246,402247,1,17
402229,402245,402248,3,16
402229,402246,402249,3,17
402229,402246,402249,3,17
402229,402245,402248,3,16
402229,402246,402249,3,17
402229,402247,402249,2,18
402229,402246,402249,3,17
402229,402245,402249,4,16
402229,402246,402249,3,17
402229,402247,402249,2,18
402229,402248,402249,1,19
402229,402247,402249,2,18
402229,402248,402249,1,19
402229,402248,402250,2,19
402229,402248,402250,2,19
402229,402247,402250,3,18
402229,402247,402250,3,18
402229,402247,402250,3,18
402229,402248,402250,2,19
402229,402248,402250,2,19
402229,402249,402250,1,20
402229,402248,402250,2,19
402229,402248,402250,2,19
402229,402249,402250,1,20
402229,402248,402250,2,19
402229,402250,402253,3,21
402229,402249,402253,4,20
402229,402249,402253,4,20
402229,402248,402253,5,19
402229,402249,402253,4,20
402229,402249,402253,4,20
402229,402250,402253,3,21
402229,402250,402253,3,21
402229,402247,402253,6,18
402229,402249,402253,4,20
402229,402249,402253,4,20
402229,402249,402253,4,20
402229,402251,402253,2,22
402229,402251,402253,2,22
402229,402251,402253,2,22
402229,402250,402253,3,21
402229,402250,402254,4,21
402229,402250,402254,4,21
402229,402251,402254,3,22
402229,402249,402255,6,20
402229,402251,402258,7,22
402229,402254,402258,4,25
402229,402254,402259,5,25
402229,402253,402260,7,24
402229,402251,402260,9,22
402229,402254,402260,6,25
402229,402254,402260,6,25
402229,402254,402261,7,25
402229,402255,402260,5,26
402229,402254,402260,6,25
402229,402254,402260,6,25
402229,402255,402260,5,26
402229,402251,402260,9,22
402229,402254,402260,6,25
402229,402253,402260,7,24
402229,402253,402261,8,24
402229,402253,402260,7,24
402229,402255,402261,6,26
402229,402251,402260,9,22
402229,402253,402260,7,24
402229,402253,402261,8,24
402229,402251,402261,10,22
402229,402254,402261,7,25
402229,402254,402262,8,25
402229,402255,402262,7,26
402229,402258,402262,4,29
402229,402260,402262,2,31
402229,402259,402263,4,30
402229,402260,402266,6,31
399776,399792,402279,2487,16
402285,402285,402287,2,0
402285,402285,402287,2,0
402285,402285,402288,3,0
402285,402285,402287,2,0
402285,402285,402288,3,0
402285,402285,402288,3,0
402285,402285,402287,2,0
402285,402285,402288,3,0
402285,402285,402288,3,0
402285,402285,402288,3,0
402285,402285,402287,2,0
402285,402285,402288,3,0
402285,402285,402287,2,0
402285,402285,402289,4,0
402285,402285,402289,4,0
402285,402285,402288,3,0
402285,402285,402289,4,0
402285,402285,402289,4,0
402285,402285,402289,4,0
402285,402285,402289,4,0
402285,402285,402289,4,0
402285,402285,402289,4,0
402285,402285,402290,5,0
402285,402288,402291,3,3
402285,402288,402290,2,3
402285,402288,402290,2,3
402285,402288,402291,3,3
402285,402288,402291,3,3
402285,402288,402291,3,3
402285,402288,402291,3,3
402285,402288,402291,3,3
402285,402288,402291,3,3
402285,402288,402291,3,3
402285,402288,402291,3,3
402285,402288,402291,3,3
402285,402288,402291,3,3
402285,402289,402292,3,4
402285,402285,402292,7,0
402285,402289,402293,4,4
402285,402289,402293,4,4
402285,402291,402293,2,6
402285,402291,402293,2,6
402285,402289,402293,4,4
402285,402291,402293,2,6
402285,402291,402293,2,6
402285,402290,402293,3,5
402285,402289,402293,4,4
402285,402289,402293,4,4
402285,402289,402293,4,4
402285,402289,402293,4,4
402285,402291,402293,2,6
402285,402291,402293,2,6
402285,402291,402293,2,6
402285,402285,402293,8,0
402285,402291,402293,2,6
402285,402289,402293,4,4
402285,402291,402293,2,6
402285,402293,402296,3,8
402285,402292,402296,4,7
402285,402293,402296,3,8
402285,402293,402296,3,8
402285,402293,402296,3,8
402285,402291,402295,4,6
402285,402291,402296,5,6
402285,402292,402296,4,7
402285,402291,402296,5,6
402285,402293,402297,4,8
402285,402293,402297,4,8
402285,402294,402297,3,9
402285,402293,402297,4,8
402285,402293,402297,4,8
402285,402296,402298,2,11
402285,402294,402298,4,9
402285,402296,402298,2,11
402285,402293,402298,5,8
402285,402293,402297,4,8
402285,402293,402298,5,8
402285,402296,402298,2,11
402285,402293,402298,5,8
402285,402294,402298,4,9
402285,402294,402298,4,9
402285,402294,402298,4,9
402285,402294,402298,4,9
402285,402297,402298,1,12
402285,402296,402299,3,11
402285,402296,402299,3,11
402285,402296,402299,3,11
402285,402298,402299,1,13
402285,402298,402302,4,13
402285,402298,402302,4,13
402285,402298,402302,4,13
402285,402298,402302,4,13
402285,402298,402302,4,13
402285,402296,402302,6,11
402285,402299,402302,3,14
402285,402298,402302,4,13
402285,402298,402302,4,13
402285,402296,402302,6,11
402285,402299,402302,3,14
402285,402299,402302,3,14
402285,402299,402302,3,14
402285,402298,402302,4,13
402285,402298,402302,4,13
402285,402299,402302,3,14
402285,402299,402302,3,14
402285,402299,402302,3,14
402285,402299,402302,3,14
402285,402300,402303,3,15
402285,402293,402304,11,8
402285,402294,402303,9,9
402285,402302,402304,2,17
402285,402299,402304,5,14
402285,402302,402304,2,17
402285,402302,402304,2,17
402285,402302,402304,2,17
402285,402300,402304,4,15
402285,402303,402304,1,18
402285,402300,402304,4,15
402285,402303,402304,1,18
402285,402303,402305,2,18
402285,402303,402305,2,18
402285,402302,402305,3,17
402285,402303,402305,2,18
402285,402303,402305,2,18
402285,402303,402305,2,18
402285,402303,402305,2,18
402285,402303,402305,2,18
402285,402303,402305,2,18
402285,402303,402305,2,18
402285,402303,402305,2,18
402285,402303,402305,2,18
402285,402303,402305,2,18
402285,402304,402305,1,19
402285,402304,402306,2,19
402285,402305,402306,1,20
402285,402305,402306,1,20
402285,402305,402306,1,20
402285,402305,402306,1,20
402285,402305,402306,1,20
402285,402305,402306,1,20
402285,402305,402307,2,20
402285,402305,402306,1,20
402285,402305,402306,1,20
402285,402305,402306,1,20
402285,402306,402307,1,21
402285,402306,402308,2,21
402285,402306,402308,2,21
402285,402306,402308,2,21
402285,402305,402311,6,20
402285,402305,402311,6,20
399958,399980,402336,2356,22
402337,402337,402341,4,0
402337,402337,402341,4,0
402337,402337,402341,4,0
402337,402337,402341,4,0
402337,402337,402341,4,0
402337,402337,402341,4,0
402337,402337,402341,4,0
402337,402337,402341,4,0
402337,402337,402341,4,0
402337,402337,402341,4,0
402337,402337,402341,4,0
402337,402337,402341,4,0
402337,402337,402341,4,0
402337,402337,402342,5,0
402337,402337,402342,5,0
402337,402337,402341,4,0
402337,402337,402342,5,0
402337,402337,402342,5,0
402337,402337,402341,4,0
402337,402337,402342,5,0
402337,402337,402342,5,0
402337,402337,402342,5,0
402337,402337,402342,5,0
402337,402337,402341,4,0
402337,402341,402342,1,4
402337,402341,402342,1,4
402337,402337,402343,6,0
402337,402337,402343,6,0
402337,402341,402342,1,4
402337,402341,402342,1,4
402337,402341,402343,2,4
402337,402341,402342,1,4
402337,402341,402343,2,4
402337,402341,402343,2,4
402337,402341,402343,2,4
402337,402341,402343,2,4
402337,402341,402343,2,4
402337,402341,402343,2,4
402337,402342,402344,2,5
402337,402342,402344,2,5
402337,402342,402344,2,5
402337,402341,402344,3,4
402337,402343,402345,2,6
402337,402342,402345,3,5
402337,402342,402344,2,5
402337,402342,402345,3,5
402337,402342,402345,3,5
402337,402342,402345,3,5
402337,402343,402345,2,6
402337,402343,402345,2,6
402337,402342,402345,3,5
402337,402342,402346,4,5
402337,402342,402346,4,5
402337,402342,402346,4,5
402337,402343,402346,3,6
402337,402343,402347,4,6
402337,402343,402347,4,6
402337,402343,402348,5,6
402337,402343,402348,5,6
402337,402343,402349,6,6
402337,402342,402349,7,5
402337,402343,402349,6,6
402337,402345,402349,4,8
402337,402345,402349,4,8
402337,402345,402350,5,8
402337,402346,402350,4,9
402337,402344,402349,5,7
402337,402345,402349,4,8
402337,402345,402350,5,8
402337,402346,402350,4,9
402337,402343,402349,6,6
402337,402345,402350,5,8
402337,402345,402350,5,8
402337,402345,402350,5,8
402337,402345,402350,5,8
402337,402345,402350,5,8
402337,402347,402350,3,10
402337,402348,402351,3,11
402337,402346,402351,5,9
402337,402346,402351,5,9
402337,402346,402351,5,9
402337,402347,402351,4,10
402337,402350,402351,1,13
402337,402349,402351,2,12
402337,402350,402352,2,13
402337,402350,402352,2,13
402337,402349,402351,2,12
402337,402350,402351,1,13
402337,402350,402351,1,13
402337,402350,402352,2,13
402337,402350,402352,2,13
402337,402346,402352,6,9
402337,402350,402352,2,13
402337,402350,402352,2,13
402337,402351,402353,2,14
402337,402351,402352,1,14
402337,402351,402353,2,14
402337,402351,402353,2,14
402337,402349,402353,4,12
402337,402351,402353,2,14
402337,402351,402353,2,14
402337,402351,402353,2,14
402337,402350,402354,4,13
402337,402352,402355,3,15
402337,402352,402355,3,15
402337,402352,402354,2,15
402337,402352,402355,3,15
402337,402352,402354,2,15
402337,402350,402355,5,13
402337,402352,402355,3,15
402337,402352,402355,3,15
402337,402352,402355,3,15
402337,402353,402356,3,16
402337,402352,402356,4,15
402337,402352,402356,4,15
402337,402352,402356,4,15
402337,402352,402356,4,15
402337,402353,402356,3,16
402337,402352,402356,4,15
402337,402353,402357,4,16
402337,402353,402356,3,16
402337,402353,402357,4,16
402337,402353,402356,3,16
402337,402354,402358,4,17
402337,402356,402358,2,19
402337,402354,402357,3,17
402337,402355,402358,3,18
402337,402353,402357,4,16
402337,402355,402357,2,18
402337,402354,402357,3,17
402337,402355,402358,3,18
402337,402355,402358,3,18
402337,402354,402357,3,17
402337,402355,402357,2,18
402337,402355,402357,2,18
402337,402356,402358,2,19
402337,402356,402358,2,19
402337,402356,402358,2,19
402337,402357,402358,1,20
402337,402356,402358,2,19
402337,402356,402358,2,19
402337,402357,402358,1,20
402337,402357,402358,1,20
402337,402356,402359,3,19
402337,402357,402359,2,20
402337,402357,402359,2,20
402337,402357,402359,2,20
402337,402357,402359,2,20
402337,402356,402360,4,19
402337,402358,402360,2,21
400103,400120,402362,2242,17
402370,402370,402373,3,0
402370,402370,402374,4,0
402370,402370,402373,3,0
402370,402370,402374,4,0
402370,402370,402373,3,0
402370,402370,402374,4,0
402370,402370,402374,4,0
402370,402370,402374,4,0
402370,402370,402373,3,0
402370,402370,402373,3,0
402370,402370,402374,4,0
402370,402370,402374,4,0
402370,402370,402374,4,0
402370,402370,402374,4,0
402370,402370,402374,4,0
402370,402370,402374,4,0
402370,402370,402374,4,0
402370,402370,402374,4,0
402370,402370,402374,4,0
402370,402370,402374,4,0
402370,402370,402375,5,0
402370,402370,402374,4,0
402370,402370,402375,5,0
402370,402370,402375,5,0
402370,402374,402375,1,4
402370,402370,402376,6,0
402370,402370,402376,6,0
402370,402370,402375,5,0
402370,402374,402376,2,4
402370,402374,402376,2,4
402370,402374,402376,2,4
402370,402374,402375,1,4
402370,402374,402376,2,4
402370,402374,402376,2,4
402370,402374,402376,2,4
402370,402374,402376,2,4
402370,402374,402376,2,4
402370,402374,402377,3,4
402370,402374,402376,2,4
402370,402374,402376,2,4
402370,402374,402376,2,4
402370,402374,402376,2,4
402370,402374,402377,3,4
402370,402375,402377,2,5
402370,402376,402378,2,6
402370,402374,402377,3,4
402370,402374,402377,3,4
402370,402374,402377,3,4
402370,402375,402377,2,5
402370,402375,402377,2,5
402370,402376,402378,2,6
402370,402376,402378,2,6
402370,402376,402378,2,6
402370,402376,402378,2,6
402370,402376,402378,2,6
402370,402376,402378,2,6
402370,402376,402378,2,6
402370,402377,402379,2,7
402370,402376,402378,2,6
402370,402376,402379,3,6
402370,402378,402380,2,8
402370,402376,402379,3,6
402370,402376,402379,3,6
402370,402377,402379,2,7
402370,402377,402379,2,7
402370,402378,402379,1,8
402370,402378,402380,2,8
402370,402378,402380,2,8
402370,402377,402379,2,7
402370,402377,402379,2,7
402370,402377,402379,2,7
402370,402377,402379,2,7
402370,402377,402379,2,7
402370,402377,402380,3,7
402370,402378,402380,2,8
402370,402378,402380,2,8
402370,402378,402380,2,8
402370,402378,402380,2,8
402370,402378,402381,3,8
402370,402378,402380,2,8
402370,402376,402380,4,6
402370,402378,402381,3,8
402370,402379,402382,3,9
402370,402378,402381,3,8
402370,402379,402382,3,9
402370,402378,402382,4,8
402370,402381,402382,1,11
402370,402380,402383,3,10
402370,402381,402383,2,11
402370,402380,402383,3,10
402370,402380,402383,3,10
402370,402381,402384,3,11
402370,402380,402384,4,10
402370,402380,402384,4,10
402370,402380,402384,4,10
402370,402379,402384,5,9
402370,402381,402384,3,11
402370,402381,402384,3,11
402370,402381,402384,3,11
402370,402380,402384,4,10
402370,402380,402384,4,10
402370,402380,402384,4,10
402370,402380,402384,4,10
402370,402380,402384,4,10
402370,402380,402384,4,10
402370,402380,402384,4,10
402370,402380,402384,4,10
402370,402382,402384,2,12
402370,402382,402384,2,12
402370,402380,402384,4,10
402370,402382,402385,3,12
402370,402383,402386,3,13
402370,402384,402386,2,14
402370,402384,402387,3,14
402370,402383,402387,4,13
402370,402382,402388,6,12
402370,402384,402388,4,14
402370,402382,402388,6,12
402370,402384,402388,4,14
402370,402384,402388,4,14
402370,402384,402388,4,14
402370,402384,402388,4,14
402370,402384,402388,4,14
402370,402383,402388,5,13
402370,402383,402388,5,13
402370,402384,402389,5,14
402370,402385,402389,4,15
402370,402385,402390,5,15
402370,402384,402389,5,14
402370,402385,402390,5,15
402370,402385,402390,5,15
402370,402385,402390,5,15
402370,402385,402390,5,15
402370,402385,402390,5,15
402370,402387,402390,3,17
402370,402388,402390,2,18
402370,402385,402390,5,15
402370,402385,402391,6,15
402370,402386,402390,4,16
402370,402384,402391,7,14
402370,402384,402391,7,14
402370,402388,402391,3,18
402370,402388,402391,3,18
402370,402389,402391,2,19
402370,402388,402392,4,18
402370,402388,402392,4,18
402370,402388,402392,4,18
402370,402389,402392,3,19
402370,402389,402392,3,19
402370,402389,402392,3,19
400536,400561,402484,1923,25
402485,402485,402487,2,0
402485,402485,402487,2,0
402485,402485,402487,2,0
402485,402485,402488,3,0
402485,402485,402488,3,0
402485,402485,402488,3,0
402485,402485,402488,3,0
402485,402485,402487,2,0
402485,402485,402487,2,0
402485,402485,402487,2,0
402485,402485,402488,3,0
402485,402485,402488,3,0
402485,402485,402487,2,0
402485,402485,402488,3,0
402485,402485,402488,3,0
402485,402485,402489,4,0
402485,402485,402489,4,0
402485,402485,402489,4,0
402485,402485,402489,4,0
402485,402485,402489,4,0
402485,402485,402490,5,0
402485,402487,402489,2,2
402485,402485,402490,5,0
402485,402485,402490,5,0
402485,402485,402490,5,0
402485,402485,402490,5,0
402485,402485,402490,5,0
402485,402485,402490,5,0
402485,402487,402490,3,2
402485,402485,402490,5,0
402485,402487,402491,4,2
402485,402488,402492,4,3
402485,402488,402492,4,3
402485,402488,402492,4,3
402485,402488,402492,4,3
402485,402488,402492,4,3
402485,402488,402492,4,3
402485,402488,402493,5,3
402485,402488,402493,5,3
402485,402488,402493,5,3
402485,402488,402493,5,3
402485,402488,402493,5,3
402485,402489,402493,4,4
402485,402490,402494,4,5
402485,402490,402494,4,5
402485,402490,402494,4,5
402485,402490,402494,4,5
402485,402490,402494,4,5
402485,402490,402494,4,5
402485,402490,402493,3,5
402485,402488,402493,5,3
402485,402491,402494,3,6
402485,402493,402495,2,8
402485,402490,402494,4,5
402485,402490,402495,5,5
402485,402490,402494,4,5
402485,402490,402495,5,5
402485,402490,402494,4,5
402485,402490,402495,5,5
402485,402491,402495,4,6
402485,402492,402494,2,7
402485,402493,402495,2,8
402485,402493,402495,2,8
402485,402493,402495,2,8
402485,402493,402495,2,8
402485,402493,402495,2,8
402485,402493,402495,2,8
402485,402493,402495,2,8
402485,402493,402495,2,8
402485,402493,402495,2,8
402485,402493,402496,3,8
402485,402494,402498,4,9
402485,402494,402498,4,9
402485,402494,402498,4,9
402485,402494,402499,5,9
402485,402495,402499,4,10
402485,402495,402500,5,10
402485,402494,402499,5,9
402485,402495,402500,5,10
402485,402494,402500,6,9
402485,402494,402499,5,9
402485,402495,402500,5,10
402485,402495,402500,5,10
402485,402495,402499,4,10
402485,402494,402499,5,9
402485,402495,402500,5,10
402485,402495,402500,5,10
402485,402495,402500,5,10
402485,402495,402500,5,10
402485,402495,402500,5,10
402485,402495,402500,5,10
402485,402494,402500,6,9
402485,402496,402501,5,11
402485,402496,402501,5,11
402485,402495,402501,6,10
402485,402495,402501,6,10
402485,402496,402501,5,11
402485,402496,402501,5,11
402485,402500,402502,2,15
402485,402498,402502,4,13
402485,402500,402502,2,15
402485,402500,402502,2,15
402485,402500,402502,2,15
402485,402498,402502,4,13
402485,402500,402502,2,15
402485,402500,402502,2,15
402485,402500,402502,2,15
402485,402501,402502,1,16
402485,402499,402502,3,14
402485,402501,402502,1,16
402485,402501,402502,1,16
402485,402501,402502,1,16
402485,402497,402502,5,12
402485,402500,402502,2,15
402485,402500,402503,3,15
402485,402500,402503,3,15
402485,402501,402503,2,16
402485,402502,402503,1,17
402485,402502,402503,1,17
402485,402502,402504,2,17
402485,402502,402506,4,17
402485,402502,402506,4,17
402485,402503,402506,3,18
402485,402502,402506,4,17
402485,402501,402506,5,16
402485,402500,402506,6,15
402485,402503,402506,3,18
402485,402502,402507,5,17
402485,402503,402506,3,18
402485,402503,402506,3,18
402485,402501,402506,5,16
402485,402502,402506,4,17
402485,402502,402506,4,17
402485,402503,402507,4,18
402485,402502,402506,4,17
402485,402503,402507,4,18
402485,402503,402507,4,18
402485,402503,402507,4,18
402485,402503,402507,4,18
402485,402503,402507,4,18
402485,402503,402507,4,18
402485,402505,402508,3,20
402485,402503,402508,5,18
402485,402506,402508,2,21
402485,402504,402508,4,19
402485,402504,402509,5,19
402485,402503,402509,6,18
402485,402504,402508,4,19
402485,402504,402508,4,19
402485,402506,402509,3,21
399866,399885,402526,2641,19
402527,402527,402529,2,0
402527,402527,402529,2,0
402527,402527,402529,2,0
402527,402527,402529,2,0
402527,402527,402529,2,0
402527,402527,402529,2,0
402527,402527,402530,3,0
402527,402527,402529,2,0
402527,402527,402530,3,0
402527,402527,402530,3,0
402527,402527,402530,3,0
402527,402527,402529,2,0
402527,402527,402530,3,0
402527,402527,402529,2,0
402527,402527,402529,2,0
402527,402527,402530,3,0
402527,402527,402529,2,0
402527,402527,402529,2,0
402527,402527,402530,3,0
402527,402527,402530,3,0
402527,402527,402530,3,0
402527,402527,402530,3,0
402527,402527,402530,3,0
402527,402527,402529,2,0
402527,402527,402530,3,0
402527,402527,402530,3,0
402527,402527,402530,3,0
402527,402527,402530,3,0
402527,402529,402531,2,2
402527,402529,402531,2,2
402527,402529,402531,2,2
402527,402527,402530,3,0
402527,402529,402531,2,2
402527,402530,402531,1,3
402527,402530,402532,2,3
402527,402530,402532,2,3
402527,402530,402532,2,3
402527,402530,402532,2,3
402527,402530,402532,2,3
402527,402530,402532,2,3
402527,402530,402532,2,3
402527,402530,402532,2,3
402527,402530,402532,2,3
402527,402530,402532,2,3
402527,402530,402532,2,3
402527,402530,402532,2,3
402527,402530,402532,2,3
402527,402530,402532,2,3
402527,402531,402533,2,4
402527,402530,402532,2,3
402527,402530,402533,3,3
402527,402530,402532,2,3
402527,402531,402533,2,4
402527,402530,402533,3,3
402527,402530,402532,2,3
402527,402530,402533,3,3
402527,402530,402533,3,3
402527,402530,402533,3,3
402527,402531,402533,2,4
402527,402532,402534,2,5
402527,402531,402534,3,4
402527,402531,402534,3,4
402527,402532,402534,2,5
402527,402531,402534,3,4
402527,402532,402534,2,5
402527,402532,402535,3,5
402527,402532,402535,3,5
402527,402532,402534,2,5
402527,402532,402534,2,5
402527,402533,402534,1,6
402527,402533,402534,1,6
402527,402533,402534,1,6
402527,402532,402535,3,5
402527,402532,402535,3,5
402527,402533,402535,2,6
402527,402532,402534,2,5
402527,402532,402535,3,5
402527,402533,402535,2,6
402527,402534,402535,1,7
402527,402534,402535,1,7
402527,402534,402535,1,7
402527,402534,402536,2,7
402527,402534,402535,1,7
402527,402535,402536,1,8
402527,402534,402536,2,7
402527,402534,402536,2,7
402527,402534,402536,2,7
402527,402533,402536,3,6
402527,402535,402536,1,8
402527,402534,402536,2,7
402527,402534,402536,2,7
402527,402534,402536,2,7
402527,402534,402536,2,7
402527,402535,402537,2,8
402527,402536,402537,1,9
402527,402535,402536,1,8
402527,402535,402536,1,8
402527,402535,402536,1,8
402527,402535,402536,1,8
402527,402535,402536,1,8
402527,402535,402536,1,8
402527,402535,402536,1,8
402527,402536,402537,1,9
402527,402535,402537,2,8
402527,402535,402537,2,8
402527,402535,402537,2,8
402527,402536,402537,1,9
402527,402536,402537,1,9
402527,402536,402537,1,9
402527,402536,402537,1,9
402527,402536,402537,1,9
402527,402536,402538,2,9
402527,402536,402538,2,9
402527,402537,402538,1,10
402527,402537,402538,1,10
402527,402537,402538,1,10
402527,402537,402538,1,10
402527,402537,402539,2,10
402527,402537,402539,2,10
402527,402537,402538,1,10
402527,402537,402539,2,10
402527,402537,402538,1,10
402527,402537,402538,1,10
402527,402537,402538,1,10
402527,402537,402539,2,10
402527,402537,402538,1,10
402527,402537,402538,1,10
402527,402537,402538,1,10
402527,402537,402539,2,10
402527,402538,402540,2,11
402527,402538,402539,1,11
402527,402538,402539,1,11
402527,402537,402539,2,10
402527,402537,402539,2,10
402527,402538,402540,2,11
402527,402538,402539,1,11
402527,402538,402539,1,11
402527,402538,402540,2,11
402527,402537,402540,3,10
402527,402537,402539,2,10
402527,402538,402540,2,11
402527,402538,402540,2,11
402527,402539,402540,1,12
402527,402539,402541,2,12
402527,402539,402541,2,12
402527,402539,402541,2,12
400032,400058,402555,2497,26
402557,402557,402558,1,0
402557,402557,402558,1,0
402557,402557,402559,2,0
402557,402557,402558,1,0
402557,402557,402559,2,0
402557,402557,402558,1,0
402557,402557,402558,1,0
402557,402557,402558,1,0
402557,402557,402558,1,0
402557,402557,402558,1,0
402557,402557,402558,1,0
402557,402557,402558,1,0
402557,402557,402558,1,0
402557,402557,402559,2,0
402557,402557,402559,2,0
402557,402557,402559,2,0
402557,402557,402559,2,0
402557,402557,402559,2,0
402557,402557,402558,1,0
402557,402557,402558,1,0
402557,402557,402558,1,0
402557,402557,402559,2,0
402557,402557,402559,2,0
402557,402557,402559,2,0
402557,402557,402559,2,0
402557,402557,402559,2,0
402557,402557,402559,2,0
402557,402557,402559,2,0
402557,402557,402559,2,0
402557,402559,402562,3,2
402557,402557,402561,4,0
402557,402559,402562,3,2
402557,402559,402562,3,2
402557,402559,402562,3,2
402557,402559,402563,4,2
402557,402559,402562,3,2
402557,402559,402562,3,2
402557,402559,402562,3,2
402557,402559,402562,3,2
402557,402559,402563,4,2
402557,402559,402563,4,2
402557,402559,402563,4,2
402557,402559,402563,4,2
402557,402559,402563,4,2
402557,402559,402563,4,2
402557,402559,402563,4,2
402557,402559,402562,3,2
402557,402559,402563,4,2
402557,402559,402563,4,2
402557,402559,402563,4,2
402557,402559,402563,4,2
402557,402560,402564,4,3
402557,402560,402563,3,3
402557,402562,402563,1,5
402557,402559,402564,5,2
402557,402559,402563,4,2
402557,402560,402563,3,3
402557,402562,402564,2,5
402557,402559,402563,4,2
402557,402559,402563,4,2
402557,402559,402563,4,2
402557,402564,402566,2,7
402557,402563,402565,2,6
402557,402563,402565,2,6
402557,402563,402565,2,6
402557,402563,402565,2,6
402557,402563,402565,2,6
402557,402563,402565,2,6
402557,402563,402565,2,6
402557,402563,402565,2,6
402557,402563,402565,2,6
402557,402563,402565,2,6
402557,402563,402565,2,6
402557,402563,402566,3,6
402557,402563,402565,2,6
402557,402563,402565,2,6
402557,402563,402565,2,6
402557,402563,402565,2,6
402557,402563,402566,3,6
402557,402563,402565,2,6
402557,402563,402565,2,6
402557,402564,402566,2,7
402557,402563,402566,3,6
402557,402564,402567,3,7
402557,402564,402568,4,7
402557,402564,402568,4,7
402557,402564,402568,4,7
402557,402564,402568,4,7
402557,402567,402569,2,10
402557,402566,402569,3,9
402557,402566,402569,3,9
402557,402566,402568,2,9
402557,402566,402568,2,9
402557,402566,402569,3,9
402557,402566,402569,3,9
402557,402566,402569,3,9
402557,402566,402568,2,9
402557,402566,402568,2,9
402557,402566,402569,3,9
402557,402566,402569,3,9
402557,402564,402568,4,7
402557,402567,402569,2,10
402557,402564,402568,4,7
402557,402566,402568,2,9
402557,402566,402569,3,9
402557,402566,402569,3,9
402557,402566,402569,3,9
402557,402564,402568,4,7
402557,402566,402569,3,9
402557,402566,402569,3,9
402557,402566,402569,3,9
402557,402568,402570,2,11
402557,402566,402570,4,9
402557,402566,402569,3,9
402557,402568,402570,2,11
402557,402568,402570,2,11
402557,402568,402570,2,11
402557,402568,402569,1,11
402557,402569,402570,1,12
402557,402569,402570,1,12
402557,402569,402570,1,12
402557,402569,402571,2,12
402557,402569,402570,1,12
402557,402569,402571,2,12
402557,402569,402570,1,12
402557,402569,402571,2,12
402557,402569,402572,3,12
402557,402569,402572,3,12
402557,402569,402572,3,12
402557,402569,402572,3,12
402557,402569,402572,3,12
402557,402569,402572,3,12
402557,402569,402572,3,12
402557,402569,402572,3,12
402557,402569,402572,3,12
402557,402569,402572,3,12
402557,402569,402572,3,12
402557,402570,402572,2,13
402557,402570,402572,2,13
402557,402570,402572,2,13
402557,402570,402572,2,13
402557,402570,402572,2,13
402557,402570,402572,2,13
402557,402570,402573,3,13
402557,402570,402573,3,13
402557,402570,402573,3,13
402557,402570,402574,4,13
402557,402570,402574,4,13
402557,402570,402574,4,13
402557,402570,402573,3,13
400294,400320,402606,2286,26
402607,402607,402609,2,0
402607,402607,402608,1,0
402607,402607,402609,2,0
402607,402607,402608,1,0
402607,402607,402608,1,0
402607,402607,402608,1,0
402607,402607,402608,1,0
402607,402607,402608,1,0
402607,402607,402608,1,0
402607,402607,402609,2,0
402607,402607,402608,1,0
402607,402607,402608,1,0
402607,402607,402608,1,0
402607,402607,402609,2,0
402607,402607,402608,1,0
402607,402607,402608,1,0
402607,402607,402609,2,0
402607,402607,402608,1,0
402607,402607,402608,1,0
402607,402607,402609,2,0
402607,402607,402609,2,0
402607,402607,402609,2,0
402607,402607,402609,2,0
402607,402607,402609,2,0
402607,402607,402610,3,0
402607,402607,402610,3,0
402607,402607,402610,3,0
402607,402607,402609,2,0
402607,402607,402609,2,0
402607,402607,402609,2,0
402607,402609,402610,1,2
402607,402609,402610,1,2
402607,402609,402610,1,2
402607,402609,402610,1,2
402607,402609,402611,2,2
402607,402609,402611,2,2
402607,402609,402611,2,2
402607,402609,402610,1,2
402607,402609,402611,2,2
402607,402607,402610,3,0
402607,402609,402611,2,2
402607,402609,402611,2,2
402607,402609,402611,2,2
402607,402609,402611,2,2
402607,402609,402610,1,2
402607,402609,402611,2,2
402607,402609,402611,2,2
402607,402609,402611,2,2
402607,402609,402611,2,2
402607,402609,402611,2,2
402607,402609,402611,2,2
402607,402609,402611,2,2
402607,402609,402611,2,2
402607,402610,402614,4,3
402607,402610,402614,4,3
402607,402610,402614,4,3
402607,402610,402614,4,3
402607,402611,402614,3,4
402607,402611,402614,3,4
402607,402611,402614,3,4
402607,402610,402614,4,3
402607,402610,402614,4,3
402607,402610,402614,4,3
402607,402610,402614,4,3
402607,402611,402615,4,4
402607,402611,402614,3,4
402607,402611,402614,3,4
402607,402611,402614,3,4
402607,402611,402614,3,4
402607,402611,402614,3,4
402607,402611,402615,4,4
402607,402611,402615,4,4
402607,402611,402615,4,4
402607,402611,402615,4,4
402607,402611,402614,3,4
402607,402611,402615,4,4
402607,402611,402615,4,4
402607,402611,402615,4,4
402607,402611,402615,4,4
402607,402611,402614,3,4
402607,402612,402615,3,5
402607,402614,402616,2,7
402607,402614,402616,2,7
402607,402614,402616,2,7
402607,402612,402616,4,5
402607,402615,402616,1,8
402607,402612,402616,4,5
402607,402612,402616,4,5
402607,402615,402617,2,8
402607,402614,402616,2,7
402607,402615,402617,2,8
402607,402614,402616,2,7
402607,402615,402617,2,8
402607,402614,402617,3,7
402607,402615,402617,2,8
402607,402615,402617,2,8
402607,402615,402617,2,8
402607,402615,402617,2,8
402607,402615,402617,2,8
402607,402616,402617,1,9
402607,402615,402617,2,8
402607,402615,402617,2,8
402607,402615,402617,2,8
402607,402616,402617,1,9
402607,402615,402616,1,8
402607,402615,402616,1,8
402607,402615,402616,1,8
402607,402615,402617,2,8
402607,402615,402617,2,8
402607,402615,402617,2,8
402607,402615,402618,3,8
402607,402615,402617,2,8
402607,402616,402617,1,9
402607,402616,402618,2,9
402607,402616,402618,2,9
402607,402616,402617,1,9
402607,402617,402618,1,10
402607,402617,402619,2,10
402607,402615,402618,3,8
402607,402617,402619,2,10
402607,402616,402618,2,9
402607,402616,402618,2,9
402607,402617,402618,1,10
402607,402617,402619,2,10
402607,402617,402619,2,10
402607,402617,402619,2,10
402607,402617,402618,1,10
402607,402617,402618,1,10
402607,402617,402619,2,10
402607,402617,402619,2,10
402607,402617,402619,2,10
402607,402617,402620,3,10
402607,402617,402620,3,10
402607,402617,402620,3,10
402607,402617,402620,3,10
402607,402617,402620,3,10
402607,402617,402620,3,10
402607,402618,402620,2,11
402607,402617,402620,3,10
402607,402617,402620,3,10
402607,402618,402621,3,11
402607,402618,402621,3,11
402607,402618,402621,3,11
402607,402618,402621,3,11
402607,402618,402621,3,11
402607,402619,402621,2,12
402607,402619,402622,3,12
402607,402618,402622,4,11
402607,402618,402622,4,11
402607,402619,402623,4,12
400686,400725,402652,1927,39
402652,402652,402654,2,0
402652,402652,402655,3,0
402652,402652,402654,2,0
402652,402652,402655,3,0
402652,402652,402655,3,0
402652,402652,402655,3,0
402652,402652,402654,2,0
402652,402652,402654,2,0
402652,402652,402654,2,0
402652,402652,402655,3,0
402652,402652,402654,2,0
402652,402652,402654,2,0
402652,402652,402655,3,0
402652,402652,402654,2,0
402652,402652,402654,2,0
402652,402652,402655,3,0
402652,402652,402654,2,0
402652,402652,402654,2,0
402652,402652,402654,2,0
402652,402652,402655,3,0
402652,402652,402654,2,0
402652,402652,402655,3,0
402652,402652,402655,3,0
402652,402652,402655,3,0
402652,402652,402655,3,0
402652,402652,402654,2,0
402652,402652,402655,3,0
402652,402652,402655,3,0
402652,402652,402656,4,0
402652,402652,402659,7,0
402652,402652,402659,7,0
402652,402654,402659,5,2
402652,402656,402659,3,4
402652,402652,402659,7,0
402652,402656,402660,4,4
402652,402656,402659,3,4
402652,402656,402659,3,4
402652,402656,402659,3,4
402652,402656,402659,3,4
402652,402656,402660,4,4
402652,402656,402659,3,4
402652,402656,402660,4,4
402652,402656,402660,4,4
402652,402656,402661,5,4
402652,402656,402660,4,4
402652,402656,402660,4,4
402652,402656,402661,5,4
402652,402656,402661,5,4
402652,402656,402661,5,4
402652,402656,402661,5,4
402652,402656,402660,4,4
402652,402656,402661,5,4
402652,402656,402660,4,4
402652,402656,402660,4,4
402652,402656,402660,4,4
402652,402656,402660,4,4
402652,402656,402660,4,4
402652,402656,402660,4,4
402652,402656,402661,5,4
402652,402660,402661,1,8
402652,402660,402661,1,8
402652,402660,402662,2,8
402652,402660,402662,2,8
402652,402660,402662,2,8
402652,402657,402661,4,5
402652,402660,402662,2,8
402652,402660,402661,1,8
402652,402660,402662,2,8
402652,402660,402662,2,8
402652,402656,402662,6,4
402652,402660,402662,2,8
402652,402660,402662,2,8
402652,402660,402664,4,8
402652,402661,402664,3,9
402652,402662,402664,2,10
402652,402662,402664,2,10
402652,402662,402664,2,10
402652,402661,402664,3,9
402652,402661,402664,3,9
402652,402662,402664,2,10
402652,402661,402664,3,9
402652,402661,402664,3,9
402652,402661,402664,3,9
402652,402661,402664,3,9
402652,402661,402664,3,9
402652,402661,402664,3,9
402652,402661,402664,3,9
402652,402661,402664,3,9
402652,402661,402664,3,9
402652,402661,402664,3,9
402652,402661,402664,3,9
402652,402662,402664,2,10
402652,402661,402664,3,9
402652,402661,402664,3,9
402652,402662,402664,2,10
402652,402662,402665,3,10
402652,402661,402664,3,9
402652,402662,402665,3,10
402652,402662,402665,3,10
402652,402662,402666,4,10
402652,402662,402666,4,10
402652,402665,402666,1,13
402652,402663,402666,3,11
402652,402663,402667,4,11
402652,402665,402666,1,13
402652,402665,402666,1,13
402652,402665,402666,1,13
402652,402665,402666,1,13
402652,402665,402667,2,13
402652,402665,402666,1,13
402652,402665,402667,2,13
402652,402665,402667,2,13
402652,402665,402667,2,13
402652,402665,402666,1,13
402652,402665,402667,2,13
402652,402665,402667,2,13
402652,402665,402667,2,13
402652,402666,402667,1,14
402652,402665,402667,2,13
402652,402665,402667,2,13
402652,402665,402667,2,13
402652,402665,402667,2,13
402652,402665,402666,1,13
402652,402665,402667,2,13
402652,402665,402667,2,13
402652,402663,402667,4,11
402652,402665,402667,2,13
402652,402665,402668,3,13
402652,402666,402668,2,14
402652,402666,402668,2,14
402652,402666,402667,1,14
402652,402666,402668,2,14
402652,402665,402667,2,13
402652,402665,402668,3,13
402652,402667,402668,1,15
402652,402667,402668,1,15
402652,402667,402668,1,15
402652,402667,402668,1,15
402652,402667,402669,2,15
402652,402667,402669,2,15
402652,402667,402669,2,15
402652,402667,402668,1,15
402652,402667,402668,1,15
402652,402667,402669,2,15
402652,402667,402669,2,15
402652,402667,402668,1,15
402652,402667,402669,2,15
402652,402667,402670,3,15
402652,402667,402669,2,15
402652,402667,402670,3,15
400541,400583,402686,2103,42
402687,402687,402689,2,0
402687,402687,402688,1,0
402687,402687,402689,2,0
402687,402687,402689,2,0
402687,402687,402689,2,0
402687,402687,402689,2,0
402687,402687,402689,2,0
402687,402687,402689,2,0
402687,402687,402689,2,0
402687,402687,402689,2,0
402687,402687,402689,2,0
402687,402687,402689,2,0
402687,402687,402689,2,0
402687,402687,402689,2,0
402687,402687,402689,2,0
402687,402687,402689,2,0
402687,402687,402689,2,0
402687,402687,402689,2,0
402687,402687,402690,3,0
402687,402687,402690,3,0
402687,402687,402690,3,0
402687,402687,402690,3,0
402687,402687,402690,3,0
402687,402687,402690,3,0
402687,402687,402690,3,0
402687,402687,402690,3,0
402687,402689,402690,1,2
402687,402687,402689,2,0
402687,402687,402690,3,0
402687,402687,402690,3,0
402687,402687,402690,3,0
402687,402687,402690,3,0
402687,402687,402691,4,0
402687,402687,402690,3,0
402687,402689,402691,2,2
402687,402689,402690,1,2
402687,402689,402691,2,2
402687,402689,402691,2,2
402687,402689,402691,2,2
402687,402689,402691,2,2
402687,402689,402691,2,2
402687,402689,402691,2,2
402687,402689,402691,2,2
402687,402689,402691,2,2
402687,402689,402691,2,2
402687,402689,402691,2,2
402687,402689,402691,2,2
402687,402689,402691,2,2
402687,402689,402691,2,2
402687,402689,402691,2,2
402687,402690,402692,2,3
402687,402690,402692,2,3
402687,402689,402693,4,2
402687,402690,402693,3,3
402687,402690,402693,3,3
402687,402690,402693,3,3
402687,402690,402693,3,3
402687,402690,402693,3,3
402687,402690,402693,3,3
402687,402692,402693,1,5
402687,402692,402693,1,5
402687,402691,402693,2,4
402687,402691,402693,2,4
402687,402691,402693,2,4
402687,402691,402693,2,4
402687,402692,402693,1,5
402687,402692,402693,1,5
402687,402692,402693,1,5
402687,402690,402693,3,3
402687,402690,402693,3,3
402687,402692,402693,1,5
402687,402692,402693,1,5
402687,402692,402693,1,5
402687,402692,402693,1,5
402687,402690,402694,4,3
402687,402693,402694,1,6
402687,402693,402694,1,6
402687,402692,402694,2,5
402687,402692,402695,3,5
402687,402692,402694,2,5
402687,402692,402694,2,5
402687,402692,402694,2,5
402687,402692,402694,2,5
402687,402691,402695,4,4
402687,402691,402695,4,4
402687,402693,402696,3,6
402687,402694,402696,2,7
402687,402694,402696,2,7
402687,402694,402696,2,7
402687,402694,402696,2,7
402687,402694,402696,2,7
402687,402695,402696,1,8
402687,402695,402696,1,8
402687,402694,402696,2,7
402687,402694,402696,2,7
402687,402694,402696,2,7
402687,402694,402696,2,7
402687,402695,402696,1,8
402687,402694,402697,3,7
402687,402694,402696,2,7
402687,402695,402696,1,8
402687,402694,402696,2,7
402687,402694,402696,2,7
402687,402695,402696,1,8
402687,402695,402696,1,8
402687,402695,402696,1,8
402687,402695,402696,1,8
402687,402696,402697,1,9
402687,402694,402697,3,7
402687,402694,402697,3,7
402687,402694,402697,3,7
402687,402694,402697,3,7
402687,402694,402697,3,7
402687,402693,402697,4,6
402687,402695,402697,2,8
402687,402694,402697,3,7
402687,402694,402698,4,7
402687,402696,402698,2,9
402687,402696,402697,1,9
402687,402696,402698,2,9
402687,402696,402698,2,9
402687,402697,402698,1,10
402687,402697,402698,1,10
402687,402697,402698,1,10
402687,402697,402698,1,10
402687,402697,402698,1,10
402687,402697,402698,1,10
402687,402697,402698,1,10
402687,402697,402698,1,10
402687,402697,402698,1,10
402687,402697,402698,1,10
402687,402697,402698,1,10
402687,402697,402699,2,10
402687,402697,402699,2,10
402687,402697,402698,1,10
402687,402697,402698,1,10
402687,402697,402698,1,10
402687,402697,402699,2,10
402687,402697,402698,1,10
402687,402697,402699,2,10
402687,402697,402699,2,10
402687,402698,402699,1,11
402687,402698,402700,2,11
402687,402698,402700,2,11
402687,402698,402700,2,11
402687,402698,402700,2,11
402687,402698,402700,2,11
402687,402698,402700,2,11
402687,402698,402701,3,11
402687,402698,402700,2,11
401107,401130,402703,1573,23
402709,402709,402711,2,0
402709,402709,402711,2,0
402709,402709,402710,1,0
402709,402709,402710,1,0
402709,402709,402711,2,0
402709,402709,402710,1,0
402709,402709,402711,2,0
402709,402709,402711,2,0
402709,402709,402710,1,0
402709,402709,402710,1,0
402709,402709,402710,1,0
402709,402709,402710,1,0
402709,402709,402710,1,0
402709,402709,402710,1,0
402709,402709,402711,2,0
402709,402709,402711,2,0
402709,402709,402711,2,0
402709,402709,402710,1,0
402709,402709,402710,1,0
402709,402709,402710,1,0
402709,402709,402710,1,0
402709,402709,402711,2,0
402709,402709,402711,2,0
402709,402709,402711,2,0
402709,402709,402712,3,0
402709,402709,402711,2,0
402709,402709,402712,3,0
402709,402709,402714,5,0
402709,402709,402714,5,0
402709,402709,402714,5,0
402709,402711,402714,3,2
402709,402711,402714,3,2
402709,402711,402714,3,2
402709,402711,402714,3,2
402709,402711,402714,3,2
402709,402711,402714,3,2
402709,402711,402714,3,2
402709,402711,402714,3,2
402709,402711,402714,3,2
402709,402711,402714,3,2
402709,402711,402714,3,2
402709,402711,402714,3,2
402709,402711,402714,3,2
402709,402711,402714,3,2
402709,402711,402714,3,2
402709,402711,402714,3,2
402709,402711,402714,3,2
402709,402709,402714,5,0
402709,402709,402714,5,0
402709,402711,402715,4,2
402709,402711,402714,3,2
402709,402711,402714,3,2
402709,402711,402714,3,2
402709,402709,402715,6,0
402709,402709,402718,9,0
402709,402714,402718,4,5
402709,402714,402718,4,5
402709,402712,402718,6,3
402709,402712,402718,6,3
402709,402712,402718,6,3
402709,402714,402718,4,5
402709,402714,402718,4,5
402709,402714,402718,4,5
402709,402714,402719,5,5
402709,402714,402718,4,5
402709,402714,402718,4,5
402709,402712,402719,7,3
402709,402714,402720,6,5
402709,402714,402720,6,5
402709,402714,402720,6,5
402709,402714,402720,6,5
402709,402714,402720,6,5
402709,402714,402720,6,5
402709,402714,402720,6,5
402709,402715,402720,5,6
402709,402714,402720,6,5
402709,402714,402720,6,5
402709,402714,402720,6,5
402709,402714,402720,6,5
402709,402715,402721,6,6
402709,402712,402720,8,3
402709,402714,402720,6,5
402709,402712,402721,9,3
402709,402715,402721,6,6
402709,402715,402721,6,6
402709,402716,402722,6,7
402709,402715,402722,7,6
402709,402718,402721,3,9
402709,402718,402722,4,9
402709,402719,402721,2,10
402709,402719,402722,3,10
402709,402715,402722,7,6
402709,402720,402722,2,11
402709,402718,402721,3,9
402709,402718,402722,4,9
402709,402718,402722,4,9
402709,402719,402722,3,10
402709,402718,402722,4,9
402709,402720,402722,2,11
402709,402720,402722,2,11
402709,402720,402722,2,11
402709,402718,402721,3,9
402709,402720,402722,2,11
402709,402718,402722,4,9
402709,402720,402722,2,11
402709,402720,402722,2,11
402709,402720,402722,2,11
402709,402720,402722,2,11
402709,402720,402722,2,11
402709,402721,402723,2,12
402709,402718,402723,5,9
402709,402719,402723,4,10
402709,402720,402723,3,11
402709,402722,402723,1,13
402709,402720,402722,2,11
402709,402721,402723,2,12
402709,402721,402723,2,12
402709,402721,402723,2,12
402709,402722,402723,1,13
402709,402722,402723,1,13
402709,402722,402724,2,13
402709,402722,402724,2,13
402709,402722,402724,2,13
402709,402722,402723,1,13
402709,402722,402723,1,13
402709,402723,402724,1,14
402709,402722,402724,2,13
402709,402722,402724,2,13
402709,402722,402724,2,13
402709,402722,402724,2,13
402709,402722,402724,2,13
402709,402722,402724,2,13
402709,402723,402724,1,14
402709,402723,402724,1,14
402709,402723,402724,1,14
402709,402723,402724,1,14
402709,402723,402724,1,14
402709,402723,402724,1,14
402709,402723,402724,1,14
402709,402723,402724,1,14
402709,402723,402724,1,14
402709,402723,402724,1,14
402709,402723,402725,2,14
402709,402723,402725,2,14
402709,402723,402725,2,14
402709,402723,402725,2,14
402709,402723,402725,2,14
402709,402723,402725,2,14
402709,402723,402725,2,14
402709,402723,402726,3,14
401423,401447,402804,1357,24
402805,402806,402808,2,1
402805,402806,402808,2,1
402805,402806,402808,2,1
402805,402806,402808,2,1
402805,402806,402808,2,1
402805,402806,402808,2,1
402805,402806,402808,2,1
402805,402806,402808,2,1
402805,402806,402808,2,1
402805,402806,402808,2,1
402805,402806,402808,2,1
402805,402806,402808,2,1
402805,402806,402808,2,1
402805,402806,402808,2,1
402805,402806,402808,2,1
402805,402806,402808,2,1
402805,402806,402808,2,1
402805,402806,402808,2,1
402805,402806,402808,2,1
402805,402806,402808,2,1
402805,402806,402809,3,1
402805,402806,402809,3,1
402805,402806,402809,3,1
402805,402806,402809,3,1
402805,402806,402809,3,1
402805,402806,402809,3,1
402805,402806,402809,3,1
402805,402806,402809,3,1
402805,402806,402809,3,1
402805,402806,402809,3,1
402805,402806,402809,3,1
402805,402806,402809,3,1
402805,402806,402809,3,1
402805,402806,402810,4,1
402805,402806,402810,4,1
402805,402809,402810,1,4
402805,402809,402810,1,4
402805,402809,402810,1,4
402805,402809,402810,1,4
402805,402809,402810,1,4
402805,402809,402810,1,4
402805,402809,402810,1,4
402805,402809,402810,1,4
402805,402809,402810,1,4
402805,402809,402810,1,4
402805,402809,402810,1,4
402805,402809,402810,1,4
402805,402809,402810,1,4
402805,402809,402810,1,4
402805,402809,402810,1,4
402805,402809,402810,1,4
402805,402809,402810,1,4
402805,402809,402810,1,4
402805,402809,402811,2,4
402805,402809,402811,2,4
402805,402810,402812,2,5
402805,402810,402812,2,5
402805,402810,402812,2,5
402805,402810,402813,3,5
402805,402810,402813,3,5
402805,402810,402813,3,5
402805,402810,402813,3,5
402805,402810,402813,3,5
402805,402810,402813,3,5
402805,402810,402813,3,5
402805,402810,402813,3,5
402805,402810,402813,3,5
402805,402810,402813,3,5
402805,402811,402813,2,6
402805,402811,402813,2,6
402805,402811,402814,3,6
402805,402811,402813,2,6
402805,402811,402814,3,6
402805,402811,402813,2,6
402805,402811,402814,3,6
402805,402811,402813,2,6
402805,402811,402814,3,6
402805,402811,402814,3,6
402805,402811,402814,3,6
402805,402813,402815,2,8
402805,402811,402814,3,6
402805,402811,402814,3,6
402805,402811,402814,3,6
402805,402814,402815,1,9
402805,402811,402814,3,6
402805,402811,402814,3,6
402805,402811,402814,3,6
402805,402814,402815,1,9
402805,402812,402815,3,7
402805,402812,402814,2,7
402805,402813,402814,1,8
402805,402813,402814,1,8
402805,402811,402814,3,6
402805,402811,402814,3,6
402805,402814,402815,1,9
402805,402811,402815,4,6
402805,402814,402815,1,9
402805,402814,402815,1,9
402805,402814,402816,2,9
402805,402814,402816,2,9
402805,402814,402816,2,9
402805,402814,402815,1,9
402805,402814,402816,2,9
402805,402815,402816,1,10
402805,402815,402816,1,10
402805,402814,402815,1,9
402805,402814,402815,1,9
402805,402815,402816,1,10
402805,402814,402815,1,9
402805,402815,402816,1,10
402805,402814,402816,2,9
402805,402815,402816,1,10
402805,402814,402815,1,9
402805,402814,402815,1,9
402805,402815,402816,1,10
402805,402815,402816,1,10
402805,402814,402816,2,9
402805,402815,402817,2,10
402805,402814,402817,3,9
402805,402814,402817,3,9
402805,402814,402816,2,9
402805,402815,402816,1,10
402805,402815,402817,2,10
402805,402815,402816,1,10
402805,402815,402816,1,10
402805,402815,402817,2,10
402805,402815,402817,2,10
402805,402815,402816,1,10
402805,402815,402817,2,10
402805,402815,402818,3,10
402805,402815,402818,3,10
402805,402816,402818,2,11
402805,402816,402818,2,11
402805,402816,402819,3,11
402805,402816,402819,3,11
402805,402816,402819,3,11
402805,402816,402819,3,11
402805,402816,402819,3,11
402805,402816,402819,3,11
402805,402815,402818,3,10
402805,402816,402819,3,11
402805,402816,402819,3,11
402805,402816,402819,3,11
402805,402816,402818,2,11
402805,402817,402820,3,12
402805,402816,402820,4,11
402805,402816,402819,3,11
402805,402816,402820,4,11
402805,402816,402820,4,11
402805,402816,402820,4,11
401209,401226,402921,1695,17
402922,402922,402924,2,0
402922,402922,402924,2,0
402922,402922,402924,2,0
402922,402922,402924,2,0
402922,402922,402924,2,0
402922,402922,402924,2,0
402922,402922,402924,2,0
402922,402922,402924,2,0
402922,402922,402924,2,0
402922,402922,402924,2,0
402922,402922,402924,2,0
402922,402922,402924,2,0
402922,402922,402924,2,0
402922,402922,402925,3,0
402922,402922,402925,3,0
402922,402922,402924,2,0
402922,402922,402924,2,0
402922,402922,402924,2,0
402922,402922,402925,3,0
402922,402922,402924,2,0
402922,402922,402924,2,0
402922,402922,402924,2,0
402922,402922,402924,2,0
402922,402922,402925,3,0
402922,402922,402925,3,0
402922,402922,402924,2,0
402922,402922,402925,3,0
402922,402922,402924,2,0
402922,402922,402925,3,0
402922,402922,402924,2,0
402922,402922,402925,3,0
402922,402922,402924,2,0
402922,402922,402924,2,0
402922,402922,402924,2,0
402922,402922,402924,2,0
402922,402924,402925,1,2
402922,402924,402925,1,2
402922,402924,402925,1,2
402922,402922,402925,3,0
402922,402924,402925,1,2
402922,402924,402926,2,2
402922,402924,402926,2,2
402922,402924,402926,2,2
402922,402924,402925,1,2
402922,402924,402926,2,2
402922,402924,402926,2,2
402922,402924,402926,2,2
402922,402924,402926,2,2
402922,402924,402925,1,2
402922,402925,402927,2,3
402922,402925,402927,2,3
402922,402925,402927,2,3
402922,402925,402927,2,3
402922,402925,402927,2,3
402922,402925,402926,1,3
402922,402925,402926,1,3
402922,402925,402926,1,3
402922,402925,402927,2,3
402922,402925,402927,2,3
402922,402925,402927,2,3
402922,402925,402927,2,3
402922,402925,402927,2,3
402922,402925,402927,2,3
402922,402925,402927,2,3
402922,402925,402927,2,3
402922,402925,402927,2,3
402922,402925,402927,2,3
402922,402925,402928,3,3
402922,402925,402927,2,3
402922,402925,402929,4,3
402922,402925,402929,4,3
402922,402925,402928,3,3
402922,402926,402929,3,4
402922,402926,402930,4,4
402922,402926,402930,4,4
402922,402926,402929,3,4
402922,402926,402930,4,4
402922,402928,402930,2,6
402922,402926,402929,3,4
402922,402926,402930,4,4
402922,402927,402930,3,5
402922,402926,402930,4,4
402922,402927,402930,3,5
402922,402926,402930,4,4
402922,402927,402930,3,5
402922,402927,402930,3,5
402922,402927,402930,3,5
402922,402928,402930,2,6
402922,402928,402930,2,6
402922,402929,402931,2,7
402922,402926,402930,4,4
402922,402927,402931,4,5
402922,402927,402931,4,5
402922,402927,402931,4,5
402922,402928,402930,2,6
402922,402926,402930,4,4
402922,402926,402930,4,4
402922,402926,402930,4,4
402922,402930,402931,1,8
402922,402928,402930,2,6
402922,402929,402931,2,7
402922,402930,402931,1,8
402922,402930,402931,1,8
402922,402927,402930,3,5
402922,402930,402931,1,8
402922,402930,402931,1,8
402922,402930,402931,1,8
402922,402930,402931,1,8
402922,402928,402931,3,6
402922,402928,402931,3,6
402922,402928,402931,3,6
402922,402928,402931,3,6
402922,402930,402931,1,8
402922,402927,402931,4,5
402922,402927,402931,4,5
402922,402931,402932,1,9
402922,402931,402932,1,9
402922,402930,402931,1,8
402922,402930,402932,2,8
402922,402930,402931,1,8
402922,402930,402932,2,8
402922,402930,402932,2,8
402922,402930,402932,2,8
402922,402930,402932,2,8
402922,402930,402932,2,8
402922,402931,402932,1,9
402922,402931,402932,1,9
402922,402931,402932,1,9
402922,402931,402932,1,9
402922,402931,402933,2,9
402922,402931,402933,2,9
402922,402931,402933,2,9
402922,402931,402933,2,9
402922,402931,402933,2,9
402922,402931,402933,2,9
402922,402931,402933,2,9
402922,402932,402933,1,10
402922,402931,402933,2,9
402922,402931,402933,2,9
402922,402931,402933,2,9
402922,402931,402933,2,9
402922,402931,402933,2,9
402922,402931,402933,2,9
402922,402931,402933,2,9
402922,402931,402933,2,9
402922,402932,402934,2,10
402922,402932,402934,2,10
402922,402932,402934,2,10
402922,402932,402934,2,10
402922,402932,402935,3,10
401885,401902,402959,1057,17
402960,402960,402962,2,0
402960,402960,402962,2,0
402960,402960,402962,2,0
402960,402960,402962,2,0
402960,402960,402962,2,0
402960,402960,402962,2,0
402960,402960,402962,2,0
402960,402960,402962,2,0
402960,402960,402962,2,0
402960,402960,402962,2,0
402960,402960,402962,2,0
402960,402960,402961,1,0
402960,402960,402962,2,0
402960,402960,402962,2,0
402960,402960,402962,2,0
402960,402960,402962,2,0
402960,402960,402962,2,0
402960,402960,402962,2,0
402960,402960,402962,2,0
402960,402960,402962,2,0
402960,402960,402962,2,0
402960,402960,402962,2,0
402960,402960,402962,2,0
402960,402960,402962,2,0
402960,402960,402962,2,0
402960,402960,402962,2,0
402960,402960,402962,2,0
402960,402960,402962,2,0
402960,402960,402962,2,0
402960,402960,402963,3,0
402960,402960,402963,3,0
402960,402960,402963,3,0
402960,402960,402963,3,0
402960,402961,402963,2,1
402960,402961,402963,2,1
402960,402960,402963,3,0
402960,402960,402963,3,0
402960,402962,402964,2,2
402960,402962,402964,2,2
402960,402963,402964,1,3
402960,402963,402964,1,3
402960,402963,402964,1,3
402960,402963,402964,1,3
402960,402963,402964,1,3
402960,402963,402964,1,3
402960,402963,402964,1,3
402960,402963,402964,1,3
402960,402963,402964,1,3
402960,402963,402964,1,3
402960,402963,402964,1,3
402960,402963,402964,1,3
402960,402963,402964,1,3
402960,402963,402964,1,3
402960,402963,402964,1,3
402960,402963,402964,1,3
402960,402963,402964,1,3
402960,402963,402964,1,3
402960,402963,402965,2,3
402960,402963,402965,2,3
402960,402963,402965,2,3
402960,402963,402965,2,3
402960,402963,402965,2,3
402960,402963,402965,2,3
402960,402963,402966,3,3
402960,402963,402965,2,3
402960,402963,402965,2,3
402960,402964,402967,3,4
402960,402964,402966,2,4
402960,402964,402967,3,4
402960,402965,402967,2,5
402960,402965,402967,2,5
402960,402965,402967,2,5
402960,402965,402967,2,5
402960,402965,402967,2,5
402960,402965,402967,2,5
402960,402965,402967,2,5
402960,402964,402967,3,4
402960,402965,402967,2,5
402960,402965,402967,2,5
402960,402965,402967,2,5
402960,402965,402967,2,5
402960,402966,402967,1,6
402960,402964,402967,3,4
402960,402964,402967,3,4
402960,402965,402967,2,5
402960,402965,402967,2,5
402960,402965,402967,2,5
402960,402967,402968,1,7
402960,402964,402967,3,4
402960,402964,402967,3,4
402960,402965,402968,3,5
402960,402966,402968,2,6
402960,402965,402967,2,5
402960,402965,402967,2,5
402960,402965,402967,2,5
402960,402967,402968,1,7
402960,402965,402967,2,5
402960,402965,402967,2,5
402960,402965,402967,2,5
402960,402967,402968,1,7
402960,402965,402967,2,5
402960,402965,402967,2,5
402960,402967,402968,1,7
402960,402967,402968,1,7
402960,402966,402967,1,6
402960,402966,402967,1,6
402960,402966,402967,1,6
402960,402966,402967,1,6
402960,402968,402969,1,8
402960,402968,402969,1,8
402960,402967,402968,1,7
402960,402967,402968,1,7
402960,402967,402968,1,7
402960,402968,402969,1,8
402960,402968,402969,1,8
402960,402968,402969,1,8
402960,402968,402969,1,8
402960,402968,402969,1,8
402960,402968,402969,1,8
402960,402968,402969,1,8
402960,402968,402969,1,8
402960,402968,402969,1,8
402960,402968,402969,1,8
402960,402968,402969,1,8
402960,402968,402969,1,8
402960,402968,402969,1,8
402960,402968,402969,1,8
402960,402968,402970,2,8
402960,402968,402970,2,8
402960,402968,402970,2,8
402960,402968,402970,2,8
402960,402968,402969,1,8
402960,402968,402969,1,8
402960,402968,402969,1,8
402960,402968,402969,1,8
402960,402968,402969,1,8
402960,402968,402969,1,8
402960,402968,402970,2,8
402960,402968,402969,1,8
402960,402968,402970,2,8
402960,402968,402970,2,8
402960,402968,402970,2,8
402960,402968,402970,2,8
402960,402968,402970,2,8
402960,402969,402971,2,9
402960,402969,402971,2,9
402960,402969,402971,2,9
402960,402969,402971,2,9
402960,402969,402972,3,9
401090,401105,403059,1954,15
403060,403060,403063,3,0
403060,403061,403063,2,1
403060,403061,403063,2,1
403060,403061,403063,2,1
403060,403061,403063,2,1
403060,403060,403063,3,0
403060,403061,403063,2,1
403060,403061,403063,2,1
403060,403061,403063,2,1
403060,403061,403063,2,1
403060,403061,403063,2,1
403060,403060,403063,3,0
403060,403060,403063,3,0
403060,403061,403063,2,1
403060,403061,403063,2,1
403060,403061,403064,3,1
403060,403061,403064,3,1
403060,403060,403064,4,0
403060,403061,403064,3,1
403060,403061,403064,3,1
403060,403061,403064,3,1
403060,403061,403064,3,1
403060,403061,403064,3,1
403060,403061,403064,3,1
403060,403061,403064,3,1
403060,403061,403064,3,1
403060,403061,403064,3,1
403060,403061,403064,3,1
403060,403061,403064,3,1
403060,403061,403064,3,1
403060,403061,403064,3,1
403060,403061,403064,3,1
403060,403060,403064,4,0
403060,403061,403064,3,1
403060,403061,403064,3,1
403060,403061,403064,3,1
403060,403061,403065,4,1
403060,403061,403065,4,1
403060,403064,403065,1,4
403060,403064,403065,1,4
403060,403064,403065,1,4
403060,403064,403065,1,4
403060,403064,403065,1,4
403060,403064,403065,1,4
403060,403064,403065,1,4
403060,403064,403065,1,4
403060,403064,403065,1,4
403060,403064,403065,1,4
403060,403064,403065,1,4
403060,403064,403065,1,4
403060,403064,403065,1,4
403060,403064,403065,1,4
403060,403064,403065,1,4
403060,403065,403066,1,5
403060,403065,403067,2,5
403060,403065,403066,1,5
403060,403065,403067,2,5
403060,403065,403066,1,5
403060,403065,403066,1,5
403060,403065,403066,1,5
403060,403065,403066,1,5
403060,403065,403067,2,5
403060,403065,403067,2,5
403060,403065,403068,3,5
403060,403065,403068,3,5
403060,403065,403068,3,5
403060,403065,403068,3,5
403060,403065,403068,3,5
403060,403065,403068,3,5
403060,403065,403068,3,5
403060,403065,403068,3,5
403060,403065,403068,3,5
403060,403065,403068,3,5
403060,403065,403068,3,5
403060,403066,403068,2,6
403060,403066,403069,3,6
403060,403066,403069,3,6
403060,403066,403069,3,6
403060,403066,403069,3,6
403060,403066,403069,3,6
403060,403067,403070,3,7
403060,403068,403069,1,8
403060,403068,403069,1,8
403060,403066,403069,3,6
403060,403066,403069,3,6
403060,403066,403069,3,6
403060,403067,403070,3,7
403060,403066,403069,3,6
403060,403066,403069,3,6
403060,403069,403070,1,9
403060,403066,403069,3,6
403060,403066,403069,3,6
403060,403069,403070,1,9
403060,403066,403069,3,6
403060,403066,403069,3,6
403060,403067,403069,2,7
403060,403069,403070,1,9
403060,403066,403070,4,6
403060,403067,403069,2,7
403060,403067,403069,2,7
403060,403069,403070,1,9
403060,403069,403070,1,9
403060,403069,403070,1,9
403060,403066,403070,4,6
403060,403067,403070,3,7
403060,403067,403070,3,7
403060,403069,403070,1,9
403060,403069,403070,1,9
403060,403069,403071,2,9
403060,403069,403071,2,9
403060,403069,403071,2,9
403060,403069,403070,1,9
403060,403069,403070,1,9
403060,403069,403070,1,9
403060,403069,403070,1,9
403060,403067,403070,3,7
403060,403070,403071,1,10
403060,403070,403071,1,10
403060,403070,403071,1,10
403060,403070,403071,1,10
403060,403070,403071,1,10
403060,403070,403072,2,10
403060,403070,403071,1,10
403060,403070,403071,1,10
403060,403070,403071,1,10
403060,403070,403071,1,10
403060,403070,403071,1,10
403060,403070,403071,1,10
403060,403070,403072,2,10
403060,403070,403072,2,10
403060,403070,403071,1,10
403060,403070,403071,1,10
403060,403070,403071,1,10
403060,403070,403072,2,10
403060,403070,403072,2,10
403060,403070,403072,2,10
403060,403070,403072,2,10
403060,403070,403072,2,10
403060,403070,403072,2,10
403060,403071,403074,3,11
403060,403071,403074,3,11
403060,403071,403074,3,11
403060,403071,403075,4,11
403060,403071,403074,3,11
403060,403071,403074,3,11
403060,403071,403074,3,11
403060,403071,403074,3,11
403060,403071,403074,3,11
403060,403071,403075,4,11
402234,402261,403137,876,27
403138,403138,403141,3,0
403138,403138,403141,3,0
403138,403138,403141,3,0
403138,403139,403141,2,1
403138,403139,403141,2,1
403138,403139,403141,2,1
403138,403139,403142,3,1
403138,403139,403141,2,1
403138,403138,403141,3,0
403138,403138,403141,3,0
403138,403139,403141,2,1
403138,403139,403141,2,1
403138,403138,403141,3,0
403138,403139,403141,2,1
403138,403139,403141,2,1
403138,403139,403141,2,1
403138,403138,403141,3,0
403138,403138,403141,3,0
403138,403139,403141,2,1
403138,403139,403141,2,1
403138,403138,403141,3,0
403138,403139,403141,2,1
403138,403139,403141,2,1
403138,403139,403141,2,1
403138,403139,403141,2,1
403138,403139,403141,2,1
403138,403139,403141,2,1
403138,403139,403141,2,1
403138,403139,403141,2,1
403138,403139,403141,2,1
403138,403139,403141,2,1
403138,403139,403142,3,1
403138,403139,403142,3,1
403138,403139,403142,3,1
403138,403139,403142,3,1
403138,403139,403142,3,1
403138,403139,403142,3,1
403138,403142,403143,1,4
403138,403142,403143,1,4
403138,403142,403143,1,4
403138,403142,403143,1,4
403138,403142,403143,1,4
403138,403142,403143,1,4
403138,403142,403143,1,4
403138,403142,403143,1,4
403138,403142,403143,1,4
403138,403142,403143,1,4
403138,403142,403143,1,4
403138,403142,403143,1,4
403138,403142,403144,2,4
403138,403142,403143,1,4
403138,403142,403144,2,4
403138,403142,403143,1,4
403138,403142,403143,1,4
403138,403142,403143,1,4
403138,403142,403143,1,4
403138,403142,403143,1,4
403138,403142,403143,1,4
403138,403139,403143,4,1
403138,403142,403144,2,4
403138,403142,403144,2,4
403138,403139,403143,4,1
403138,403142,403144,2,4
403138,403142,403144,2,4
403138,403142,403144,2,4
403138,403142,403144,2,4
403138,403142,403144,2,4
403138,403142,403144,2,4
403138,403142,403144,2,4
403138,403142,403144,2,4
403138,403143,403145,2,5
403138,403143,403145,2,5
403138,403143,403145,2,5
403138,403144,403146,2,6
403138,403143,403145,2,5
403138,403143,403145,2,5
403138,403144,403146,2,6
403138,403144,403145,1,6
403138,403144,403146,2,6
403138,403144,403146,2,6
403138,403143,403145,2,5
403138,403144,403146,2,6
403138,403144,403146,2,6
403138,403144,403145,1,6
403138,403144,403146,2,6
403138,403144,403146,2,6
403138,403145,403147,2,7
403138,403145,403146,1,7
403138,403145,403146,1,7
403138,403145,403146,1,7
403138,403145,403146,1,7
403138,403145,403146,1,7
403138,403146,403147,1,8
403138,403144,403146,2,6
403138,403146,403147,1,8
403138,403144,403146,2,6
403138,403144,403146,2,6
403138,403144,403146,2,6
403138,403146,403147,1,8
403138,403144,403146,2,6
403138,403145,403146,1,7
403138,403145,403146,1,7
403138,403146,403147,1,8
403138,403144,403146,2,6
403138,403144,403146,2,6
403138,403144,403146,2,6
403138,403146,403147,1,8
403138,403144,403146,2,6
403138,403144,403146,2,6
403138,403144,403146,2,6
403138,403146,403147,1,8
403138,403144,403147,3,6
403138,403144,403146,2,6
403138,403144,403146,2,6
403138,403146,403147,1,8
403138,403146,403147,1,8
403138,403144,403147,3,6
403138,403146,403147,1,8
403138,403146,403147,1,8
403138,403146,403147,1,8
403138,403147,403148,1,9
403138,403147,403148,1,9
403138,403146,403147,1,8
403138,403146,403147,1,8
403138,403146,403147,1,8
403138,403147,403148,1,9
403138,403146,403147,1,8
403138,403146,403147,1,8
403138,403147,403148,1,9
403138,403147,403148,1,9
403138,403147,403148,1,9
403138,403147,403148,1,9
403138,403147,403148,1,9
403138,403147,403148,1,9
403138,403147,403149,2,9
403138,403147,403149,2,9
403138,403147,403148,1,9
403138,403147,403149,2,9
403138,403147,403149,2,9
403138,403147,403148,1,9
403138,403147,403148,1,9
403138,403147,403148,1,9
403138,403147,403148,1,9
403138,403147,403148,1,9
403138,403147,403148,1,9
403138,403147,403148,1,9
403138,403147,403148,1,9
403138,403147,403148,1,9
403138,403147,403148,1,9
403138,403147,403148,1,9
401316,401334,403163,1829,18
403164,403165,403166,1,1
403164,403165,403167,2,1
403164,403165,403166,1,1
403164,403165,403166,1,1
403164,403165,403166,1,1
403164,403165,403166,1,1
403164,403165,403166,1,1
403164,403165,403166,1,1
403164,403165,403166,1,1
403164,403165,403166,1,1
403164,403165,403166,1,1
403164,403165,403166,1,1
403164,403165,403166,1,1
403164,403165,403166,1,1
403164,403165,403166,1,1
403164,403165,403166,1,1
403164,403165,403166,1,1
403164,403165,403166,1,1
403164,403165,403167,2,1
403164,403165,403167,2,1
403164,403165,403166,1,1
403164,403165,403166,1,1
403164,403165,403166,1,1
403164,403165,403166,1,1
403164,403165,403166,1,1
403164,403165,403166,1,1
403164,403165,403166,1,1
403164,403165,403166,1,1
403164,403165,403167,2,1
403164,403165,403167,2,1
403164,403165,403167,2,1
403164,403165,403167,2,1
403164,403165,403167,2,1
403164,403165,403167,2,1
403164,403165,403167,2,1
403164,403165,403167,2,1
403164,403165,403167,2,1
403164,403165,403168,3,1
403164,403167,403169,2,3
403164,403167,403169,2,3
403164,403165,403168,3,1
403164,403165,403168,3,1
403164,403167,403170,3,3
403164,403167,403169,2,3
403164,403167,403169,2,3
403164,403167,403169,2,3
403164,403167,403169,2,3
403164,403167,403169,2,3
403164,403167,403169,2,3
403164,403167,403169,2,3
403164,403167,403169,2,3
403164,403167,403169,2,3
403164,403167,403169,2,3
403164,403167,403169,2,3
403164,403167,403170,3,3
403164,403167,403170,3,3
403164,403167,403169,2,3
403164,403167,403170,3,3
403164,403167,403170,3,3
403164,403167,403169,2,3
403164,403167,403169,2,3
403164,403167,403170,3,3
403164,403167,403170,3,3
403164,403167,403170,3,3
403164,403167,403170,3,3
403164,403167,403170,3,3
403164,403167,403170,3,3
403164,403168,403170,2,4
403164,403168,403171,3,4
403164,403169,403170,1,5
403164,403167,403170,3,3
403164,403167,403170,3,3
403164,403168,403170,2,4
403164,403169,403170,1,5
403164,403170,403171,1,6
403164,403170,403171,1,6
403164,403168,403171,3,4
403164,403168,403171,3,4
403164,403168,403170,2,4
403164,403168,403170,2,4
403164,403168,403170,2,4
403164,403170,403171,1,6
403164,403170,403171,1,6
403164,403170,403171,1,6
403164,403170,403171,1,6
403164,403169,403171,2,5
403164,403171,403172,1,7
403164,403170,403171,1,6
403164,403170,403171,1,6
403164,403170,403171,1,6
403164,403170,403171,1,6
403164,403170,403172,2,6
403164,403170,403171,1,6
403164,403170,403171,1,6
403164,403170,403171,1,6
403164,403170,403171,1,6
403164,403170,403171,1,6
403164,403169,403171,2,5
403164,403170,403171,1,6
403164,403170,403172,2,6
403164,403170,403171,1,6
403164,403170,403171,1,6
403164,403169,403171,2,5
403164,403170,403172,2,6
403164,403170,403172,2,6
403164,403170,403172,2,6
403164,403170,403172,2,6
403164,403171,403172,1,7
403164,403171,403173,2,7
403164,403172,403173,1,8
403164,403171,403172,1,7
403164,403172,403173,1,8
403164,403171,403172,1,7
403164,403171,403173,2,7
403164,403171,403173,2,7
403164,403171,403173,2,7
403164,403171,403173,2,7
403164,403171,403173,2,7
403164,403171,403173,2,7
403164,403171,403173,2,7
403164,403171,403173,2,7
403164,403171,403173,2,7
403164,403171,403173,2,7
403164,403172,403173,1,8
403164,403172,403173,1,8
403164,403172,403173,1,8
403164,403172,403173,1,8
403164,403172,403173,1,8
403164,403172,403173,1,8
403164,403172,403173,1,8
403164,403172,403173,1,8
403164,403172,403173,1,8
403164,403172,403173,1,8
403164,403172,403174,2,8
403164,403172,403174,2,8
403164,403172,403174,2,8
403164,403172,403173,1,8
403164,403172,403174,2,8
403164,403172,403174,2,8
403164,403172,403174,2,8
403164,403172,403173,1,8
403164,403172,403174,2,8
403164,403172,403174,2,8
403164,403172,403174,2,8
403164,403172,403174,2,8
403164,403173,403175,2,9
403164,403173,403174,1,9
403164,403173,403174,1,9
403164,403172,403174,2,8
403164,403173,403176,3,9
401319,401358,403200,1842,39
403200,403201,403202,1,1
403200,403201,403202,1,1
403200,403201,403202,1,1
403200,403201,403203,2,1
403200,403201,403202,1,1
403200,403201,403202,1,1
403200,403201,403202,1,1
403200,403201,403202,1,1
403200,403201,403202,1,1
403200,403201,403202,1,1
403200,403201,403202,1,1
403200,403201,403202,1,1
403200,403201,403202,1,1
403200,403201,403202,1,1
403200,403201,403202,1,1
403200,403201,403202,1,1
403200,403201,403203,2,1
403200,403201,403202,1,1
403200,403201,403202,1,1
403200,403201,403203,2,1
403200,403201,403203,2,1
403200,403201,403202,1,1
403200,403201,403203,2,1
403200,403201,403203,2,1
403200,403201,403203,2,1
403200,403201,403203,2,1
403200,403201,403204,3,1
403200,403201,403204,3,1
403200,403201,403203,2,1
403200,403201,403203,2,1
403200,403201,403204,3,1
403200,403201,403204,3,1
403200,403201,403203,2,1
403200,403201,403203,2,1
403200,403201,403203,2,1
403200,403201,403203,2,1
403200,403201,403203,2,1
403200,403203,403204,1,3
403200,403201,403204,3,1
403200,403201,403204,3,1
403200,403201,403204,3,1
403200,403203,403204,1,3
403200,403203,403204,1,3
403200,403203,403204,1,3
403200,403203,403205,2,3
403200,403203,403204,1,3
403200,403203,403204,1,3
403200,403203,403204,1,3
403200,403203,403204,1,3
403200,403203,403204,1,3
403200,403203,403204,1,3
403200,403203,403204,1,3
403200,403203,403205,2,3
403200,403203,403204,1,3
403200,403203,403204,1,3
403200,403203,403205,2,3
403200,403203,403204,1,3
403200,403203,403204,1,3
403200,403203,403204,1,3
403200,403203,403204,1,3
403200,403203,403205,2,3
403200,403203,403205,2,3
403200,403201,403205,4,1
403200,403204,403206,2,4
403200,403204,403205,1,4
403200,403204,403206,2,4
403200,403204,403205,1,4
403200,403204,403205,1,4
403200,403204,403206,2,4
403200,403204,403206,2,4
403200,403204,403205,1,4
403200,403204,403206,2,4
403200,403204,403206,2,4
403200,403204,403206,2,4
403200,403205,403207,2,5
403200,403204,403206,2,4
403200,403204,403206,2,4
403200,403204,403206,2,4
403200,403204,403206,2,4
403200,403205,403206,1,5
403200,403205,403206,1,5
403200,403206,403207,1,6
403200,403204,403206,2,4
403200,403205,403206,1,5
403200,403205,403206,1,5
403200,403205,403207,2,5
403200,403205,403206,1,5
403200,403205,403207,2,5
403200,403205,403206,1,5
403200,403205,403207,2,5
403200,403205,403206,1,5
403200,403205,403206,1,5
403200,403205,403207,2,5
403200,403205,403206,1,5
403200,403205,403207,2,5
403200,403205,403206,1,5
403200,403205,403206,1,5
403200,403205,403206,1,5
403200,403205,403206,1,5
403200,403206,403207,1,6
403200,403205,403207,2,5
403200,403205,403206,1,5
403200,403205,403206,1,5
403200,403205,403206,1,5
403200,403205,403206,1,5
403200,403206,403207,1,6
403200,403206,403207,1,6
403200,403206,403208,2,6
403200,403206,403208,2,6
403200,403206,403208,2,6
403200,403207,403209,2,7
403200,403206,403208,2,6
403200,403206,403208,2,6
403200,403207,403209,2,7
403200,403207,403208,1,7
403200,403206,403208,2,6
403200,403207,403209,2,7
403200,403207,403209,2,7
403200,403207,403209,2,7
403200,403207,403209,2,7
403200,403207,403209,2,7
403200,403207,403209,2,7
403200,403207,403209,2,7
403200,403207,403209,2,7
403200,403206,403208,2,6
403200,403206,403208,2,6
403200,403207,403209,2,7
403200,403207,403209,2,7
403200,403207,403209,2,7
403200,403207,403209,2,7
403200,403207,403210,3,7
403200,403207,403209,2,7
403200,403207,403209,2,7
403200,403207,403209,2,7
403200,403207,403209,2,7
403200,403208,403210,2,8
403200,403208,403209,1,8
403200,403207,403209,2,7
403200,403207,403209,2,7
403200,403207,403209,2,7
403200,403207,403209,2,7
403200,403207,403210,3,7
403200,403207,403209,2,7
403200,403207,403209,2,7
403200,403208,403209,1,8
403200,403207,403209,2,7
403200,403207,403209,2,7
403200,403207,403209,2,7
403200,403207,403209,2,7
403200,403209,403211,2,9
401496,401513,403241,1728,17
403241,403242,403243,1,1
403241,403242,403243,1,1
403241,403242,403243,1,1
403241,403242,403243,1,1
403241,403242,403243,1,1
403241,403242,403243,1,1
403241,403242,403243,1,1
403241,403242,403243,1,1
403241,403242,403243,1,1
403241,403242,403244,2,1
403241,403242,403243,1,1
403241,403242,403243,1,1
403241,403242,403243,1,1
403241,403242,403243,1,1
403241,403242,403243,1,1
403241,403242,403243,1,1
403241,403242,403243,1,1
403241,403242,403243,1,1
403241,403242,403243,1,1
403241,403242,403243,1,1
403241,403242,403243,1,1
403241,403242,403243,1,1
403241,403242,403244,2,1
403241,403242,403244,2,1
403241,403242,403244,2,1
403241,403242,403244,2,1
403241,403242,403244,2,1
403241,403242,403244,2,1
403241,403242,403244,2,1
403241,403242,403244,2,1
403241,403242,403244,2,1
403241,403242,403244,2,1
403241,403242,403244,2,1
403241,403242,403244,2,1
403241,403242,403244,2,1
403241,403242,403244,2,1
403241,403242,403244,2,1
403241,403242,403244,2,1
403241,403242,403244,2,1
403241,403242,403244,2,1
403241,403242,403244,2,1
403241,403244,403245,1,3
403241,403244,403246,2,3
403241,403244,403245,1,3
403241,403244,403245,1,3
403241,403244,403245,1,3
403241,403244,403245,1,3
403241,403244,403245,1,3
403241,403244,403246,2,3
403241,403244,403245,1,3
403241,403244,403245,1,3
403241,403244,403245,1,3
403241,403244,403245,1,3
403241,403244,403246,2,3
403241,403244,403246,2,3
403241,403244,403245,1,3
403241,403244,403245,1,3
403241,403244,403245,1,3
403241,403244,403245,1,3
403241,403244,403245,1,3
403241,403242,403245,3,1
403241,403244,403246,2,3
403241,403244,403246,2,3
403241,403245,403246,1,4
403241,403245,403247,2,4
403241,403245,403247,2,4
403241,403245,403247,2,4
403241,403244,403246,2,3
403241,403245,403247,2,4
403241,403245,403247,2,4
403241,403245,403247,2,4
403241,403245,403246,1,4
403241,403246,403247,1,5
403241,403245,403247,2,4
403241,403245,403247,2,4
403241,403245,403247,2,4
403241,403245,403247,2,4
403241,403245,403247,2,4
403241,403247,403248,1,6
403241,403245,403247,2,4
403241,403245,403247,2,4
403241,403245,403247,2,4
403241,403247,403248,1,6
403241,403245,403247,2,4
403241,403245,403247,2,4
403241,403246,403247,1,5
403241,403246,403248,2,5
403241,403246,403247,1,5
403241,403246,403247,1,5
403241,403246,403247,1,5
403241,403246,403247,1,5
403241,403246,403248,2,5
403241,403246,403248,2,5
403241,403246,403247,1,5
403241,403246,403247,1,5
403241,403246,403247,1,5
403241,403246,403247,1,5
403241,403246,403247,1,5
403241,403246,403247,1,5
403241,403246,403248,2,5
403241,403246,403247,1,5
403241,403245,403247,2,4
403241,403246,403247,1,5
403241,403246,403248,2,5
403241,403246,403247,1,5
403241,403247,403248,1,6
403241,403246,403247,1,5
403241,403246,403247,1,5
403241,403247,403248,1,6
403241,403247,403248,1,6
403241,403247,403248,1,6
403241,403247,403248,1,6
403241,403247,403249,2,6
403241,403247,403249,2,6
403241,403247,403248,1,6
403241,403247,403248,1,6
403241,403247,403248,1,6
403241,403248,403249,1,7
403241,403248,403249,1,7
403241,403248,403249,1,7
403241,403248,403249,1,7
403241,403248,403249,1,7
403241,403248,403249,1,7
403241,403248,403250,2,7
403241,403248,403249,1,7
403241,403248,403249,1,7
403241,403248,403249,1,7
403241,403248,403249,1,7
403241,403248,403249,1,7
403241,403248,403250,2,7
403241,403248,403250,2,7
403241,403248,403250,2,7
403241,403248,403250,2,7
403241,403248,403249,1,7
403241,403248,403250,2,7
403241,403248,403250,2,7
403241,403248,403250,2,7
403241,403248,403250,2,7
403241,403248,403250,2,7
403241,403248,403249,1,7
403241,403248,403250,2,7
403241,403248,403250,2,7
403241,403248,403250,2,7
403241,403248,403250,2,7
403241,403248,403250,2,7
403241,403248,403250,2,7
403241,403248,403250,2,7
403241,403248,403250,2,7
403241,403248,403250,2,7
403241,403248,403250,2,7
402054,402091,403336,1245,37
403337,403337,403338,1,0
403337,403337,403338,1,0
403337,403337,403339,2,0
403337,403337,403338,1,0
403337,403337,403338,1,0
403337,403337,403338,1,0
403337,403337,403338,1,0
403337,403337,403338,1,0
403337,403337,403338,1,0
403337,403337,403338,1,0
403337,403337,403338,1,0
403337,403337,403339,2,0
403337,403337,403339,2,0
403337,403337,403339,2,0
403337,403337,403338,1,0
403337,403337,403338,1,0
403337,403337,403338,1,0
403337,403337,403338,1,0
403337,403337,403338,1,0
403337,403337,403338,1,0
403337,403337,403338,1,0
403337,403337,403338,1,0
403337,403337,403338,1,0
403337,403337,403338,1,0
403337,403337,403338,1,0
403337,403337,403339,2,0
403337,403337,403339,2,0
403337,403337,403339,2,0
403337,403337,403338,1,0
403337,403337,403339,2,0
403337,403337,403339,2,0
403337,403337,403339,2,0
403337,403337,403339,2,0
403337,403337,403339,2,0
403337,403337,403339,2,0
403337,403338,403339,1,1
403337,403337,403339,2,0
403337,403337,403339,2,0
403337,403337,403339,2,0
403337,403337,403340,3,0
403337,403337,403340,3,0
403337,403337,403340,3,0
403337,403337,403340,3,0
403337,403337,403340,3,0
403337,403339,403340,1,2
403337,403339,403340,1,2
403337,403339,403341,2,2
403337,403339,403341,2,2
403337,403339,403341,2,2
403337,403339,403341,2,2
403337,403339,403340,1,2
403337,403339,403340,1,2
403337,403339,403341,2,2
403337,403339,403341,2,2
403337,403339,403340,1,2
403337,403339,403340,1,2
403337,403339,403341,2,2
403337,403339,403341,2,2
403337,403339,403341,2,2
403337,403339,403341,2,2
403337,403339,403341,2,2
403337,403339,403341,2,2
403337,403339,403341,2,2
403337,403339,403340,1,2
403337,403339,403341,2,2
403337,403339,403341,2,2
403337,403339,403341,2,2
403337,403339,403341,2,2
403337,403339,403341,2,2
403337,403339,403341,2,2
403337,403339,403341,2,2
403337,403339,403342,3,2
403337,403340,403342,2,3
403337,403339,403341,2,2
403337,403339,403341,2,2
403337,403340,403342,2,3
403337,403340,403342,2,3
403337,403339,403341,2,2
403337,403339,403341,2,2
403337,403339,403341,2,2
403337,403340,403342,2,3
403337,403340,403342,2,3
403337,403340,403342,2,3
403337,403340,403342,2,3
403337,403340,403342,2,3
403337,403340,403341,1,3
403337,403341,403342,1,4
403337,403341,403342,1,4
403337,403340,403341,1,3
403337,403341,403342,1,4
403337,403341,403342,1,4
403337,403341,403343,2,4
403337,403341,403342,1,4
403337,403341,403343,2,4
403337,403341,403343,2,4
403337,403341,403342,1,4
403337,403341,403342,1,4
403337,403341,403342,1,4
403337,403341,403343,2,4
403337,403341,403343,2,4
403337,403341,403343,2,4
403337,403341,403343,2,4
403337,403341,403343,2,4
403337,403341,403342,1,4
403337,403341,403342,1,4
403337,403341,403343,2,4
403337,403341,403342,1,4
403337,403342,403343,1,5
403337,403341,403343,2,4
403337,403342,403343,1,5
403337,403342,403343,1,5
403337,403341,403342,1,4
403337,403341,403343,2,4
403337,403341,403342,1,4
403337,403341,403343,2,4
403337,403342,403343,1,5
403337,403342,403343,1,5
403337,403342,403344,2,5
403337,403342,403344,2,5
403337,403342,403344,2,5
403337,403342,403343,1,5
403337,403342,403344,2,5
403337,403342,403343,1,5
403337,403342,403344,2,5
403337,403342,403343,1,5
403337,403342,403343,1,5
403337,403342,403343,1,5
403337,403342,403344,2,5
403337,403342,403343,1,5
403337,403342,403344,2,5
403337,403342,403344,2,5
403337,403342,403344,2,5
403337,403342,403344,2,5
403337,403343,403345,2,6
403337,403343,403345,2,6
403337,403343,403345,2,6
403337,403343,403345,2,6
403337,403343,403345,2,6
403337,403343,403345,2,6
403337,403343,403345,2,6
403337,403343,403345,2,6
403337,403343,403345,2,6
403337,403343,403345,2,6
403337,403343,403345,2,6
403337,403343,403345,2,6
403337,403343,403346,3,6
403337,403343,403345,2,6
403337,403343,403346,3,6
403337,403343,403345,2,6
403337,403343,403345,2,6
401845,401860,403394,1534,15
403395,403395,403396,1,0
403395,403395,403396,1,0
403395,403395,403396,1,0
403395,403395,403396,1,0
403395,403395,403396,1,0
403395,403395,403396,1,0
403395,403395,403396,1,0
403395,403395,403396,1,0
403395,403395,403396,1,0
403395,403395,403396,1,0
403395,403395,403396,1,0
403395,403395,403396,1,0
403395,403395,403396,1,0
403395,403395,403396,1,0
403395,403395,403396,1,0
403395,403395,403396,1,0
403395,403395,403396,1,0
403395,403395,403396,1,0
403395,403395,403396,1,0
403395,403395,403396,1,0
403395,403395,403397,2,0
403395,403395,403397,2,0
403395,403395,403396,1,0
403395,403395,403397,2,0
403395,403395,403396,1,0
403395,403395,403397,2,0
403395,403395,403397,2,0
403395,403395,403396,1,0
403395,403395,403397,2,0
403395,403395,403397,2,0
403395,403395,403396,1,0
403395,403395,403397,2,0
403395,403396,403397,1,1
403395,403396,403397,1,1
403395,403396,403397,1,1
403395,403396,403397,1,1
403395,403396,403397,1,1
403395,403396,403397,1,1
403395,403395,403397,2,0
403395,403395,403397,2,0
403395,403395,403397,2,0
403395,403395,403397,2,0
403395,403395,403397,2,0
403395,403395,403398,3,0
403395,403395,403398,3,0
403395,403395,403397,2,0
403395,403395,403398,3,0
403395,403395,403397,2,0
403395,403395,403397,2,0
403395,403395,403397,2,0
403395,403397,403398,1,2
403395,403397,403398,1,2
403395,403397,403399,2,2
403395,403397,403399,2,2
403395,403397,403398,1,2
403395,403397,403398,1,2
403395,403397,403399,2,2
403395,403397,403398,1,2
403395,403397,403398,1,2
403395,403397,403398,1,2
403395,403397,403398,1,2
403395,403397,403398,1,2
403395,403397,403398,1,2
403395,403397,403398,1,2
403395,403397,403399,2,2
403395,403397,403399,2,2
403395,403397,403399,2,2
403395,403397,403399,2,2
403395,403397,403399,2,2
403395,403397,403399,2,2
403395,403397,403399,2,2
403395,403397,403399,2,2
403395,403397,403399,2,2
403395,403398,403399,1,3
403395,403398,403400,2,3
403395,403399,403400,1,4
403395,403397,403400,3,2
403395,403398,403400,2,3
403395,403398,403400,2,3
403395,403398,403400,2,3
403395,403398,403399,1,3
403395,403398,403399,1,3
403395,403399,403400,1,4
403395,403399,403400,1,4
403395,403398,403399,1,3
403395,403398,403399,1,3
403395,403399,403400,1,4
403395,403399,403400,1,4
403395,403398,403400,2,3
403395,403398,403400,2,3
403395,403397,403399,2,2
403395,403398,403400,2,3
403395,403398,403400,2,3
403395,403397,403399,2,2
403395,403398,403400,2,3
403395,403398,403400,2,3
403395,403398,403400,2,3
403395,403398,403400,2,3
403395,403399,403400,1,4
403395,403399,403400,1,4
403395,403399,403401,2,4
403395,403399,403401,2,4
403395,403399,403401,2,4
403395,403399,403400,1,4
403395,403399,403400,1,4
403395,403399,403400,1,4
403395,403399,403400,1,4
403395,403400,403401,1,5
403395,403400,403401,1,5
403395,403400,403401,1,5
403395,403400,403401,1,5
403395,403399,403401,2,4
403395,403399,403401,2,4
403395,403400,403401,1,5
403395,403398,403400,2,3
403395,403399,403401,2,4
403395,403399,403401,2,4
403395,403399,403400,1,4
403395,403399,403401,2,4
403395,403399,403400,1,4
403395,403399,403400,1,4
403395,403399,403400,1,4
403395,403401,403402,1,6
403395,403401,403402,1,6
403395,403400,403401,1,5
403395,403400,403401,1,5
403395,403400,403401,1,5
403395,403400,403402,2,5
403395,403400,403402,2,5
403395,403400,403402,2,5
403395,403400,403402,2,5
403395,403400,403401,1,5
403395,403400,403402,2,5
403395,403400,403401,1,5
403395,403400,403401,1,5
403395,403400,403401,1,5
403395,403400,403402,2,5
403395,403400,403401,1,5
403395,403400,403402,2,5
403395,403400,403402,2,5
403395,403400,403402,2,5
403395,403400,403402,2,5
403395,403400,403402,2,5
403395,403400,403402,2,5
403395,403401,403402,1,6
403395,403401,403402,1,6
403395,403401,403402,1,6
403395,403401,403402,1,6
403395,403401,403403,2,6
403395,403401,403403,2,6
408823,408823,408824,1,0
408825,408825,408826,1,0
408827,408827,408828,1,0
408828,408828,408829,1,0
408830,408830,408831,1,0
408832,408832,408833,1,0
408837,408837,408838,1,0
408839,408839,408840,1,0
408844,408844,408845,1,0
408846,408846,408847,1,0
408848,408848,408849,1,0
408851,408851,408852,1,0
408853,408853,408854,1,0
408855,408855,408856,1,0
408860,408860,408861,1,0
408862,408862,408863,1,0
408864,408864,408865,1,0
408865,408865,408866,1,0
408867,408867,408868,1,0
408869,408869,408870,1,0
408872,408872,408873,1,0
408874,408874,408875,1,0
408877,408877,408878,1,0
408879,408879,408880,1,0
408881,408881,408882,1,0
408882,408882,408883,1,0
408884,408884,408885,1,0
408886,408886,408887,1,0
408891,408891,408892,1,0
408893,408893,408894,1,0
408895,408895,408896,1,0
408898,408898,408899,1,0
408900,408900,408901,1,0
408902,408902,408903,1,0
408905,408905,408906,1,0
408907,408907,408908,1,0
408910,408910,408911,1,0
408912,408912,408913,1,0
408914,408914,408915,1,0
408916,408916,408917,1,0
408921,408921,408922,1,0
408923,408923,408924,1,0
408926,408926,408927,1,0
408928,408928,408929,1,0
408930,408930,408931,1,0
408935,408935,408936,1,0
408937,408937,408938,1,0
408940,408940,408941,1,0
408942,408942,408943,1,0
408944,408944,408945,1,0
408947,408947,408948,1,0
408949,408949,408950,1,0
408951,408951,408952,1,0
408954,408954,408955,1,0
408956,408956,408957,1,0
408959,408959,408960,1,0
408961,408961,408962,1,0
408963,408963,408964,1,0
408966,408966,408967,1,0
408968,408968,408969,1,0
408971,408971,408972,1,0
408973,408973,408974,1,0
408976,408976,408977,1,0
408978,408978,408979,1,0
408983,408983,408984,1,0
408985,408985,408986,1,0
408990,408990,408991,1,0
408992,408992,408993,1,0
408995,408995,408996,1,0
408997,408997,408998,1,0
409000,409000,409001,1,0
409002,409002,409003,1,0
409004,409004,409005,1,0
409005,409005,409006,1,0
409007,409007,409008,1,0
409009,409009,409010,1,0
409012,409012,409013,1,0
409014,409014,409015,1,0
409016,409016,409017,1,0
409018,409018,409019,1,0
409021,409021,409022,1,0
409023,409023,409024,1,0
415616,415616,415844,228,0
416584,416584,416963,379,0
466752,466752,466754,2,0
466754,466754,466757,3,0
466756,466756,466759,3,0
466758,466759,466761,2,1
466761,466761,466764,3,0
466763,466764,466766,2,1
466766,466766,466769,3,0
466768,466769,466772,3,1
466771,466771,466775,4,0
466774,466774,466777,3,0
466776,466776,466779,3,0
466779,466779,466782,3,0
466781,466781,466784,3,0
466784,466784,466787,3,0
466786,466786,466789,3,0
466789,466789,466792,3,0
466791,466791,466795,4,0
466794,466794,466797,3,0
466796,466796,466800,4,0
466799,466799,466802,3,0
466802,466802,466805,3,0
466804,466804,466808,4,0
466806,466807,466810,3,1
466809,466809,466812,3,0
466811,466811,466814,3,0
466814,466814,466817,3,0
466816,466816,466819,3,0
466819,466819,466822,3,0
466822,466822,466825,3,0
466824,466824,466827,3,0
466827,466827,466829,2,0
466829,466830,466832,2,1
466832,466832,466835,3,0
466834,466834,466837,3,0
466836,466837,466839,2,1
466839,466839,466842,3,0
466841,466841,466844,3,0
466844,466844,466847,3,0
466846,466846,466849,3,0
466849,466849,466852,3,0
466851,466851,466854,3,0
466854,466854,466857,3,0
466856,466856,466859,3,0
466859,466859,466862,3,0
466861,466861,466864,3,0
466863,466863,466866,3,0
466866,466866,466869,3,0
466869,466869,466872,3,0
466871,466871,466874,3,0
466874,466874,466877,3,0
466876,466876,466879,3,0
466879,466879,466883,4,0
466881,466882,466885,3,1
466884,466884,466887,3,0
466886,466886,466890,4,0
466889,466889,466892,3,0
466891,466891,466895,4,0
466894,466894,466898,4,0
466897,466897,466900,3,0
466900,466900,466903,3,0
466902,466902,466905,3,0
466905,466905,466908,3,0
466907,466907,466911,4,0
466910,466910,466914,4,0
466913,466913,466916,3,0
466915,466915,466918,3,0
466918,466918,466921,3,0
466920,466920,466924,4,0
466923,466923,466926,3,0
466925,466925,466928,3,0
466928,466928,466931,3,0
466930,466930,466933,3,0
466932,466932,466936,4,0
466935,466935,466938,3,0
466937,466937,466941,4,0
466940,466940,466944,4,0
466943,466943,466946,3,0
466945,466945,466949,4,0
466948,466948,466951,3,0
466950,466950,466954,4,0
466953,466953,466956,3,0
466955,466955,466958,3,0
466958,466958,466961,3,0
466960,466960,466963,3,0
466963,466963,466966,3,0
466965,466965,466968,3,0
466967,466967,466971,4,0
466970,466970,466973,3,0
466973,466973,466976,3,0
466975,466975,466978,3,0
466977,466977,466981,4,0
466980,466980,466984,4,0
466983,466983,466986,3,0
466985,466985,466989,4,0
466988,466988,466991,3,0
466990,466990,466994,4,0
466992,466992,466996,4,0
466995,466995,466999,4,0
466997,466997,467001,4,0
467000,467000,467004,4,0
467003,467003,467006,3,0
467005,467005,467008,3,0
467007,467007,467011,4,0
467010,467010,467013,3,0
467012,467012,467015,3,0
467014,467014,467017,3,0
467016,467016,467019,3,0
467018,467018,467021,3,0
467020,467020,467023,3,0
467022,467022,467025,3,0
467024,467024,467027,3,0
467026,467026,467029,3,0
467028,467028,467031,3,0
467030,467030,467033,3,0
467032,467032,467035,3,0
467034,467034,467037,3,0
467035,467036,467039,3,1
467037,467038,467041,3,1
467039,467039,467042,3,0
467041,467041,467045,4,0
467043,467043,467046,3,0
467045,467045,467048,3,0
467047,467047,467050,3,0
467049,467049,467052,3,0
467051,467051,467054,3,0
467053,467053,467056,3,0
467055,467055,467058,3,0
467057,467057,467060,3,0
467059,467059,467062,3,0
467061,467061,467064,3,0
467063,467063,467066,3,0
467065,467065,467068,3,0
467067,467067,467070,3,0
467069,467069,467072,3,0
467071,467071,467074,3,0
467073,467073,467076,3,0
467075,467075,467078,3,0
467076,467076,467079,3,0
467078,467078,467082,4,0
467080,467080,467083,3,0
467082,467082,467085,3,0
467084,467084,467087,3,0
467086,467086,467089,3,0
467088,467088,467091,3,0
467090,467090,467093,3,0
467091,467091,467094,3,0
467093,467093,467097,4,0
467095,467095,467099,4,0
467097,467097,467101,4,0
467099,467099,467103,4,0
467101,467101,467105,4,0
467103,467103,467107,4,0
467105,467105,467109,4,0
467107,467107,467111,4,0
467109,467109,467112,3,0
467111,467111,467114,3,0
467112,467112,467116,4,0
467114,467114,467118,4,0
467116,467116,467120,4,0
467118,467118,467121,3,0
467120,467120,467123,3,0
467122,467122,467125,3,0
467124,467124,467127,3,0
467126,467126,467129,3,0
467127,467127,467131,4,0
467129,467129,467133,4,0
467131,467131,467135,4,0
467133,467133,467137,4,0
467135,467135,467139,4,0
467137,467137,467141,4,0
467139,467140,467143,3,1
467141,467141,467144,3,0
467143,467143,467146,3,0
467145,467145,467148,3,0
467147,467147,467150,3,0
467149,467149,467152,3,0
467151,467151,467155,4,0
467153,467153,467157,4,0
467155,467155,467158,3,0
467157,467157,467160,3,0
467159,467159,467162,3,0
467160,467160,467164,4,0
467162,467162,467166,4,0
467164,467164,467168,4,0
467166,467166,467170,4,0
467168,467168,467172,4,0
467170,467170,467174,4,0
467172,467172,467176,4,0
467174,467174,467178,4,0
467176,467176,467179,3,0
467178,467178,467181,3,0
467180,467180,467183,3,0
467182,467182,467185,3,0
467184,467184,467187,3,0
467186,467186,467189,3,0
467188,467188,467191,3,0
467190,467190,467193,3,0
467192,467192,467196,4,0
467194,467194,467198,4,0
467196,467196,467200,4,0
467198,467198,467202,4,0
467200,467200,467204,4,0
467202,467202,467206,4,0
467204,467204,467208,4,0
467206,467206,467210,4,0
467208,467208,467212,4,0
467210,467210,467214,4,0
467212,467212,467216,4,0
467214,467214,467218,4,0
467216,467216,467220,4,0
467218,467218,467222,4,0
467220,467220,467224,4,0
467222,467222,467226,4,0
467224,467224,467228,4,0
467226,467226,467230,4,0
467228,467228,467232,4,0
467230,467230,467234,4,0
467232,467232,467236,4,0
467234,467234,467238,4,0
467236,467236,467239,3,0
467237,467238,467241,3,1
467239,467240,467243,3,1
467241,467242,467245,3,1
467244,467244,467247,3,0
467245,467245,467249,4,0
467247,467247,467250,3,0
467249,467249,467252,3,0
467251,467251,467254,3,0
467253,467253,467256,3,0
467255,467255,467258,3,0
467257,467257,467260,3,0
467259,467259,467262,3,0
467261,467261,467264,3,0
467263,467263,467266,3,0
467265,467265,467268,3,0
467267,467267,467270,3,0
467269,467269,467273,4,0
467271,467271,467274,3,0
467273,467273,467276,3,0
467275,467275,467278,3,0
467277,467277,467280,3,0
467279,467279,467282,3,0
467281,467281,467284,3,0
467484,467484,467486,2,0
467485,467485,467487,2,0
467485,467485,467488,3,0
467486,467486,467488,2,0
467487,467487,467489,2,0
467487,467487,467490,3,0
467488,467488,467490,2,0
467489,467489,467491,2,0
467489,467490,467492,2,1
467490,467490,467492,2,0
467491,467491,467493,2,0
467492,467492,467494,2,0
467492,467492,467495,3,0
467493,467493,467495,2,0
467494,467494,467496,2,0
467494,467494,467497,3,0
467495,467495,467497,2,0
467496,467496,467498,2,0
467497,467497,467499,2,0
467497,467497,467500,3,0
467498,467498,467500,2,0
467499,467499,467501,2,0
467499,467500,467502,2,1
467500,467500,467503,3,0
467501,467501,467503,2,0
467502,467502,467504,2,0
467502,467503,467505,2,1
467503,467503,467506,3,0
467504,467504,467506,2,0
467505,467505,467507,2,0
467505,467505,467508,3,0
467506,467506,467508,2,0
467507,467507,467509,2,0
467508,467508,467510,2,0
467508,467508,467511,3,0
467509,467509,467511,2,0
467510,467510,467512,2,0
467511,467511,467513,2,0
467512,467512,467514,2,0
467512,467512,467515,3,0
467513,467513,467515,2,0
467514,467514,467516,2,0
467515,467515,467517,2,0
467515,467515,467518,3,0
467516,467516,467518,2,0
467517,467517,467519,2,0
467518,467518,467520,2,0
467518,467518,467521,3,0
467519,467519,467521,2,0
467520,467520,467522,2,0
467520,467520,467523,3,0
467521,467521,467524,3,0
467522,467522,467524,2,0
467523,467523,467525,2,0
467523,467523,467525,2,0
467524,467524,467526,2,0
467525,467525,467527,2,0
467525,467525,467528,3,0
467526,467526,467528,2,0
467527,467527,467529,2,0
467528,467528,467530,2,0
467528,467528,467531,3,0
467529,467529,467531,2,0
467530,467530,467532,2,0
467531,467531,467533,2,0
467531,467531,467533,2,0
467532,467532,467534,2,0
467533,467533,467535,2,0
467533,467533,467536,3,0
467534,467534,467536,2,0
467535,467535,467537,2,0
467536,467536,467538,2,0
467536,467536,467539,3,0
467537,467537,467539,2,0
467538,467538,467540,2,0
467538,467538,467541,3,0
467539,467539,467542,3,0
467540,467540,467542,2,0
467540,467541,467543,2,1
467541,467541,467543,2,0
467542,467542,467544,2,0
467543,467543,467545,2,0
467543,467543,467546,3,0
467544,467544,467546,2,0
467545,467545,467547,2,0
467545,467546,467548,2,1
467546,467546,467549,3,0
467547,467547,467549,2,0
467548,467548,467550,2,0
467548,467548,467551,3,0
467549,467549,467551,2,0
467550,467550,467552,2,0
467550,467551,467553,2,1
467551,467551,467553,2,0
467552,467552,467554,2,0
467553,467553,467555,2,0
467553,467553,467556,3,0
467554,467554,467556,2,0
467555,467555,467557,2,0
467555,467556,467558,2,1
467556,467556,467558,2,0
467557,467557,467559,2,0
467558,467558,467560,2,0
467558,467558,467561,3,0
467559,467559,467561,2,0
467560,467560,467562,2,0
467560,467561,467563,2,1
467561,467561,467563,2,0
467562,467562,467564,2,0
467563,467563,467565,2,0
467563,467563,467565,2,0
467564,467564,467566,2,0
467565,467565,467567,2,0
467565,467566,467568,2,1
467566,467566,467569,3,0
467567,467567,467569,2,0
467568,467568,467570,2,0
467568,467568,467571,3,0
467569,467569,467571,2,0
467570,467570,467572,2,0
467571,467571,467573,2,0
467571,467571,467574,3,0
467572,467572,467574,2,0
467573,467573,467575,2,0
467573,467574,467576,2,1
467574,467574,467576,2,0
467575,467575,467577,2,0
467576,467576,467578,2,0
467576,467576,467579,3,0
467577,467577,467579,2,0
467578,467578,467580,2,0
467578,467578,467581,3,0
467579,467579,467581,2,0
467580,467580,467582,2,0
467580,467581,467583,2,1
467581,467581,467583,2,0
467582,467582,467584,2,0
467583,467583,467585,2,0
467583,467583,467585,2,0
467584,467584,467586,2,0
467585,467585,467587,2,0
467586,467586,467588,2,0
467586,467586,467589,3,0
467587,467587,467589,2,0
467588,467588,467590,2,0
467588,467589,467591,2,1
467589,467589,467592,3,0
467591,467591,467593,2,0
467591,467591,467594,3,0
467592,467592,467594,2,0
467593,467593,467595,2,0
467593,467593,467595,2,0
467594,467594,467596,2,0
467595,467595,467597,2,0
467595,467595,467598,3,0
467596,467596,467599,3,0
467597,467597,467599,2,0
467598,467598,467600,2,0
467598,467598,467601,3,0
467599,467599,467601,2,0
467600,467600,467602,2,0
467601,467601,467603,2,0
467601,467601,467604,3,0
467602,467602,467604,2,0
467603,467603,467605,2,0
467603,467604,467606,2,1
467604,467604,467606,2,0
467605,467605,467607,2,0
467606,467606,467608,2,0
467606,467606,467609,3,0
467607,467607,467609,2,0
467608,467608,467610,2,0
467609,467609,467611,2,0
467609,467609,467612,3,0
467610,467610,467612,2,0
467611,467611,467613,2,0
467612,467612,467614,2,0
467612,467612,467614,2,0
467613,467613,467615,2,0
467614,467614,467616,2,0
467615,467615,467617,2,0
467615,467615,467617,2,0
467616,467616,467618,2,0
467617,467617,467619,2,0
467617,467617,467620,3,0
467619,467619,467621,2,0
467618,467618,467620,2,0
467620,467620,467622,2,0
467620,467620,467622,2,0
467622,467622,467624,2,0
467621,467621,467623,2,0
467623,467623,467625,2,0
467622,467622,467625,3,0
467624,467624,467626,2,0
467625,467625,467627,2,0
467625,467625,467627,2,0
467627,467627,467629,2,0
467626,467626,467628,2,0
467627,467627,467629,2,0
467629,467629,467631,2,0
467628,467628,467630,2,0
467630,467630,467632,2,0
467629,467630,467632,2,1
467631,467631,467633,2,0
467632,467632,467634,2,0
467632,467632,467634,2,0
467634,467634,467636,2,0
467633,467633,467635,2,0
467634,467635,467636,1,1
467636,467636,467638,2,0
467635,467635,467637,2,0
467637,467637,467639,2,0
467637,467637,467639,2,0
467638,467638,467640,2,0
467639,467639,467641,2,0
467639,467639,467641,2,0
467641,467641,467643,2,0
467640,467640,467642,2,0
467642,467642,467644,2,0
467642,467642,467644,2,0
467643,467643,467645,2,0
467644,467644,467646,2,0
467644,467644,467646,2,0
467645,467645,467647,2,0
467647,467647,467649,2,0
467646,467646,467648,2,0
467648,467648,467650,2,0
467647,467647,467650,3,0
467649,467649,467651,2,0
467650,467650,467652,2,0
467650,467650,467652,2,0
467651,467651,467653,2,0
467652,467652,467654,2,0
467652,467653,467655,2,1
467653,467653,467655,2,0
467654,467654,467656,2,0
467655,467655,467657,2,0
467655,467655,467657,2,0
467656,467656,467658,2,0
467657,467657,467659,2,0
467658,467658,467660,2,0
467658,467658,467660,2,0
467660,467660,467662,2,0
467659,467659,467661,2,0
467660,467661,467663,2,1
467662,467662,467664,2,0
467661,467661,467664,3,0
467663,467663,467665,2,0
467663,467663,467665,2,0
467665,467665,467667,2,0
467665,467665,467668,3,0
467666,467666,467668,2,0
467668,467668,467670,2,0
467667,467667,467670,3,0
467668,467668,467670,2,0
467669,467669,467671,2,0
467670,467670,467672,2,0
467670,467671,467673,2,1
467671,467671,467674,3,0
467672,467672,467674,2,0
467673,467673,467675,2,0
467674,467674,467676,2,0
467674,467674,467676,2,0
467675,467675,467677,2,0
467677,467677,467679,2,0
467676,467676,467678,2,0
467677,467677,467679,2,0
467678,467678,467680,2,0
467679,467679,467681,2,0
467679,467680,467682,2,1
467680,467680,467682,2,0
467681,467681,467683,2,0
467682,467682,467684,2,0
467682,467682,467685,3,0
467684,467684,467686,2,0
467683,467683,467685,2,0
467685,467685,467687,2,0
467686,467686,467688,2,0
467685,467685,467688,3,0
467687,467687,467689,2,0
467688,467688,467690,2,0
467688,467688,467690,2,0
467689,467689,467691,2,0
467690,467690,467692,2,0
467690,467691,467693,2,1
467691,467691,467693,2,0
467693,467693,467695,2,0
467692,467692,467694,2,0
467693,467693,467695,2,0
467694,467694,467696,2,0
467695,467695,467697,2,0
467696,467696,467698,2,0
467696,467696,467698,2,0
467697,467697,467699,2,0
467698,467698,467700,2,0
467698,467698,467701,3,0
467699,467699,467701,2,0
467700,467700,467702,2,0
467701,467701,467703,2,0
467701,467701,467704,3,0
467702,467702,467704,2,0
467703,467703,467705,2,0
467704,467704,467706,2,0
467704,467704,467706,2,0
467705,467705,467707,2,0
467706,467706,467708,2,0
467706,467706,467709,3,0
467707,467707,467709,2,0
467708,467708,467710,2,0
467708,467709,467711,2,1
467709,467709,467711,2,0
467710,467710,467712,2,0
467711,467711,467713,2,0
467711,467711,467714,3,0
467712,467712,467714,2,0
467713,467713,467715,2,0
467714,467714,467716,2,0
467714,467714,467716,2,0
467715,467715,467717,2,0
467716,467716,467718,2,0
467716,467716,467719,3,0
467717,467717,467719,2,0
467718,467718,467720,2,0
467719,467719,467721,2,0
467719,467719,467722,3,0
467720,467720,467722,2,0
467721,467721,467723,2,0
467722,467722,467724,2,0
467722,467722,467724,2,0
467723,467723,467725,2,0
467724,467724,467726,2,0
467724,467724,467727,3,0
467725,467725,467727,2,0
467726,467726,467728,2,0
467727,467727,467729,2,0
467727,467727,467729,2,0
467728,467728,467730,2,0
467729,467729,467731,2,0
467729,467730,467732,2,1
467730,467730,467733,3,0
467731,467731,467733,2,0
467732,467732,467734,2,0
467732,467732,467735,3,0
467733,467733,467735,2,0
467734,467734,467736,2,0
467735,467735,467737,2,0
467735,467735,467738,3,0
467736,467736,467738,2,0
467737,467737,467739,2,0
467738,467738,467740,2,0
467738,467738,467740,2,0
467739,467739,467741,2,0
467740,467740,467742,2,0
472438,472438,472439,1,0
472439,472439,472440,1,0
472442,472442,472443,1,0
472443,472443,472444,1,0
472445,472445,472446,1,0
472446,472446,472447,1,0
472449,472449,472450,1,0
472450,472450,472451,1,0
472453,472453,472454,1,0
472454,472454,472455,1,0
472456,472456,472457,1,0
472457,472457,472458,1,0
472460,472460,472461,1,0
472462,472462,472463,1,0
472463,472463,472464,1,0
472465,472465,472466,1,0
472468,472468,472469,1,0
472471,472471,472472,1,0
472474,472474,472475,1,0
472476,472476,472477,1,0
472477,472477,472478,1,0
472479,472479,472480,1,0
472482,472482,472483,1,0
472484,472484,472485,1,0
472486,472486,472487,1,0
472487,472487,472488,1,0
472490,472490,472491,1,0
472493,472493,472494,1,0
472494,472494,472495,1,0
472497,472497,472498,1,0
472500,472500,472501,1,0
472501,472501,472502,1,0
472504,472504,472505,1,0
472508,472508,472509,1,0
472511,472511,472512,1,0
472512,472512,472513,1,0
472515,472515,472516,1,0
472518,472518,472519,1,0
472519,472519,472520,1,0
472522,472522,472523,1,0
472525,472525,472526,1,0
472526,472526,472527,1,0
472529,472529,472530,1,0
472532,472532,472533,1,0
472533,472533,472534,1,0
472536,472536,472537,1,0
472539,472539,472540,1,0
472540,472540,472541,1,0
472543,472543,472544,1,0
472546,472546,472547,1,0
472547,472547,472548,1,0
472550,472550,472551,1,0
472553,472553,472554,1,0
472554,472554,472555,1,0
472557,472557,472558,1,0
472560,472560,472561,1,0
472561,472561,472562,1,0
472563,472563,472564,1,0
472564,472564,472565,1,0
472567,472567,472568,1,0
472570,472570,472571,1,0
472571,472571,472572,1,0
472573,472573,472574,1,0
472574,472574,472575,1,0
472577,472577,472578,1,0
472578,472578,472579,1,0
472581,472581,472582,1,0
472584,472584,472585,1,0
472585,472585,472586,1,0
472587,472587,472588,1,0
472588,472588,472589,1,0
472591,472591,472592,1,0
472594,472594,472595,1,0
472595,472595,472596,1,0
472597,472597,472598,1,0
472598,472598,472599,1,0
472601,472601,472602,1,0
472604,472604,472605,1,0
472737,472737,472738,1,0
472739,472739,472740,1,0
472740,472740,472741,1,0
472743,472743,472744,1,0
472746,472746,472747,1,0
472747,472747,472748,1,0
472750,472750,472751,1,0
472751,472751,472752,1,0
472754,472754,472755,1,0
472755,472755,472756,1,0
472758,472758,472759,1,0
472759,472759,472760,1,0
472762,472762,472763,1,0
472763,472763,472764,1,0
472766,472766,472767,1,0
472769,472769,472770,1,0
472770,472770,472771,1,0
472773,472773,472774,1,0
472776,472776,472777,1,0
472777,472777,472778,1,0
472780,472780,472781,1,0
472783,472783,472784,1,0
472784,472784,472785,1,0
472786,472786,472787,1,0
472787,472787,472788,1,0
472790,472790,472791,1,0
472791,472791,472792,1,0
472793,472793,472794,1,0
472794,472794,472795,1,0
472797,472797,472798,1,0
472798,472798,472799,1,0
472800,472800,472801,1,0
472801,472801,472802,1,0
472804,472804,472805,1,0
472805,472805,472806,1,0
472807,472807,472808,1,0
472808,472808,472809,1,0
472811,472811,472812,1,0
472812,472812,472813,1,0
472814,472814,472815,1,0
472815,472815,472816,1,0
472818,472818,472819,1,0
472819,472819,472820,1,0
472821,472821,472822,1,0
472822,472822,472823,1,0
472825,472825,472826,1,0
472828,472828,472829,1,0
472829,472829,472830,1,0
472832,472832,472833,1,0
472835,472835,472836,1,0
472836,472836,472837,1,0
472839,472839,472840,1,0
472842,472842,472843,1,0
472843,472843,472844,1,0
472846,472846,472847,1,0
472847,472847,472848,1,0
472850,472850,472851,1,0
472851,472851,472852,1,0
472854,472854,472855,1,0
472857,472857,472858,1,0
472858,472858,472859,1,0
472860,472860,472861,1,0
472861,472861,472862,1,0
472864,472864,472865,1,0
472865,472865,472866,1,0
472868,472868,472869,1,0
472869,472869,472870,1,0
472870,472870,472871,1,0
472873,472873,472874,1,0
472874,472874,472875,1,0
472877,472877,472878,1,0
472878,472878,472879,1,0
472879,472879,472880,1,0
472882,472882,472883,1,0
472883,472883,472884,1,0
472885,472885,472886,1,0
472886,472886,472887,1,0
472888,472888,472889,1,0
472889,472889,472890,1,0
472892,472892,472893,1,0
472895,472895,472896,1,0
472898,472898,472899,1,0
476162,476162,476169,7,0
476192,476193,476198,5,1
476919,476920,476939,19,1
479192,479192,479198,6,0
479222,479223,479257,34,1
479284,479284,479292,8,0
479463,479463,479469,6,0
479492,479492,479528,36,0
479553,479554,479588,34,1
479617,479617,479651,34,0
479910,479910,479916,6,0
479935,479935,479957,22,0
480069,480070,480076,6,1
480095,480095,480132,37,0
480159,480159,480195,36,0
480681,480681,480692,11,0
480710,480710,480718,8,0
488792,488792,488795,3,0
488792,488792,488795,3,0
488791,488791,488795,4,0
488791,488791,488796,5,0
488792,488792,488797,5,0
488793,488793,488796,3,0
488793,488793,488797,4,0
488795,488795,488798,3,0
488795,488795,488799,4,0
488794,488794,488798,4,0
488796,488796,488799,3,0
488793,488793,488799,6,0
488797,488797,488800,3,0
488796,488796,488801,5,0
488798,488798,488801,3,0
488798,488798,488802,4,0
488797,488797,488801,4,0
488797,488797,488801,4,0
488797,488797,488802,5,0
488794,488795,488802,7,1
488798,488798,488803,5,0
488799,488799,488803,4,0
488795,488795,488876,81,0
488794,488794,488924,130,0
489204,489204,489207,3,0
489208,489208,489211,3,0
489213,489213,489229,16,0
489215,489215,489233,18,0
489212,489212,489239,27,0
489216,489216,489239,23,0
489207,489207,489359,152,0
489209,489210,489371,161,1
489216,489216,489486,270,0
489207,489207,489523,316,0
489215,489215,489586,371,0
489205,489205,489728,523,0
489211,489211,489790,579,0
489213,489213,489825,612,0
489212,489212,489877,665,0
489203,489203,489924,721,0
489975,489975,489982,7,0
489992,489992,489998,6,0
490010,490011,490017,6,1
489215,489215,490028,813,0
490028,490028,490034,6,0
489212,489212,490034,822,0
489217,489217,490048,831,0
489214,489214,490072,858,0
489217,489218,490084,866,1
489210,489210,490131,921,0
489211,489211,490131,920,0
489202,489202,490133,931,0
489218,489219,490169,950,1
489220,489220,490199,979,0
489207,489207,490209,1002,0
489216,489216,490211,995,0
489214,489214,490214,1000,0
489208,489208,490222,1014,0
489202,489202,490243,1041,0
489205,489205,490257,1052,0
489209,489209,490293,1084,0
489203,489203,490295,1092,0
489220,489220,490342,1122,0
489213,489213,490356,1143,0
489202,489203,490377,1174,1
489208,489208,490379,1171,0
489219,489219,490397,1178,0
489205,489205,490405,1200,0
489215,489215,490424,1209,0
489219,489219,490448,1229,0
489210,489210,490486,1276,0
489215,489215,490492,1277,0
489206,489206,490547,1341,0
489207,489208,490578,1370,1
489208,489209,490593,1384,1
489206,489206,490607,1401,0
489202,489202,490657,1455,0
489211,489211,490672,1461,0
489217,489217,490691,1474,0
489214,489214,490709,1495,0
489216,489217,490758,1541,1
489215,489215,490762,1547,0
489220,489220,490762,1542,0
489219,489220,490763,1543,1
470493,470495,490767,20272,2
489210,489210,490782,1572,0
489206,489206,490783,1577,0
489206,489206,490820,1614,0
489209,489209,490824,1615,0
489205,489206,490833,1627,1
489218,489218,490894,1676,0
489203,489203,490927,1724,0
489210,489210,490962,1752,0
489218,489218,490989,1771,0
489202,489202,491003,1801,0
489219,489219,491008,1789,0
489216,489216,491019,1803,0
489217,489217,491127,1910,0
489205,489205,491130,1925,0
489211,489211,491137,1926,0
489218,489218,491147,1929,0
489203,489203,491157,1954,0
489213,489213,491177,1964,0
489219,489219,491220,2001,0
489207,489207,491221,2014,0
491233,491234,491236,2,1
491244,491244,491245,1,0
491253,491253,491254,1,0
491262,491262,491263,1,0
489213,489213,491290,2077,0
489204,489204,491298,2094,0
489218,489218,491347,2129,0
489211,489211,491348,2137,0
489204,489204,491421,2217,0
491437,491437,491439,2,0
489214,489214,491441,2227,0
491446,491447,491449,2,1
491457,491457,491459,2,0
491467,491467,491469,2,0
489212,489212,491482,2270,0
491510,491511,491524,13,1
491533,491533,491546,13,0
491555,491555,491569,14,0
489210,489211,491592,2381,1
491578,491579,491592,13,1
489203,489203,491600,2397,0
489205,489205,491641,2436,0
489220,489220,491649,2429,0
491671,491672,491674,2,1
491681,491682,491683,1,1
491691,491691,491692,1,0
491700,491700,491702,2,0
489213,489213,491723,2510,0
491722,491723,491724,1,1
491732,491733,491734,1,1
491741,491742,491743,1,1
489216,489216,491747,2531,0
491751,491751,491752,1,0
491770,491771,491772,1,1
491780,491780,491781,1,0
491789,491790,491791,1,1
491799,491800,491802,2,1
489209,489209,491804,2595,0
489209,489209,492121,2912,0
492130,492131,492264,133,1
489210,489210,492341,3131,0
489212,489212,492534,3322,0
492521,492522,492661,139,1
489208,489208,492776,3568,0
489217,489217,492870,3653,0
492948,492949,493082,133,1
489206,489206,493114,3908,0
493429,493430,493432,2,1
493442,493443,493445,2,1
493453,493453,493454,1,0
493462,493463,493465,2,1
489207,489207,493493,4286,0
493367,493368,493505,137,1
493553,493554,493555,1,1
489204,489204,493559,4355,0
493563,493563,493565,2,0
493572,493573,493575,2,1
493582,493583,493585,2,1
489204,489204,493700,4496,0
493823,493823,493847,24,0
493857,493857,493881,24,0
493889,493889,493913,24,0
493922,493922,493942,20,0
494283,494284,494305,21,1
494315,494315,494342,27,0
494351,494352,494373,21,1
494383,494384,494406,22,1
494755,494756,494912,156,1
494805,494806,494979,173,1
495217,495218,495389,171,1
495291,495292,495466,174,1
495702,495703,495902,199,1
495783,495784,495981,197,1
496212,496213,496381,168,1
496301,496302,496467,165,1
503600,503600,503603,3,0
503602,503602,503604,2,0
503604,503604,503607,3,0
503606,503606,503609,3,0
503608,503608,503611,3,0
503610,503610,503613,3,0
503612,503613,503615,2,1
503615,503615,503617,2,0
503617,503617,503619,2,0
503619,503619,503621,2,0
503621,503621,503623,2,0
503623,503623,503626,3,0
503626,503626,503628,2,0
503628,503628,503630,2,0
503630,503630,503632,2,0
503632,503632,503634,2,0
503634,503634,503637,3,0
503636,503637,503639,2,1
503639,503639,503641,2,0
503641,503641,503643,2,0
503643,503643,503645,2,0
503645,503645,503647,2,0
503647,503647,503649,2,0
503649,503650,503652,2,1
503652,503652,503654,2,0
503654,503654,503656,2,0
503656,503656,503658,2,0
503658,503658,503660,2,0
503660,503660,503662,2,0
503662,503662,503665,3,0
503664,503664,503667,3,0
503666,503666,503669,3,0
503668,503669,503671,2,1
503671,503671,503673,2,0
503673,503673,503675,2,0
503675,503675,503677,2,0
503677,503677,503679,2,0
503679,503679,503681,2,0
503681,503681,503684,3,0
503683,503683,503686,3,0
503685,503685,503688,3,0
503687,503687,503690,3,0
503689,503689,503692,3,0
503691,503691,503694,3,0
503693,503693,503695,2,0
503695,503695,503697,2,0
503697,503697,503700,3,0
503699,503699,503702,3,0
503700,503700,503703,3,0
503702,503703,503705,2,1
503705,503705,503708,3,0
503707,503707,503710,3,0
503708,503709,503712,3,1
503711,503711,503714,3,0
503712,503712,503715,3,0
503715,503715,503718,3,0
503717,503717,503720,3,0
503719,503719,503722,3,0
503721,503721,503724,3,0
503722,503723,503725,2,1
503725,503725,503728,3,0
503726,503726,503729,3,0
503728,503729,503731,2,1
503731,503731,503734,3,0
503733,503733,503736,3,0
503735,503735,503738,3,0
503737,503737,503740,3,0
503739,503739,503742,3,0
503741,503741,503744,3,0
503743,503743,503746,3,0
503745,503745,503748,3,0
503747,503747,503750,3,0
503749,503749,503752,3,0
503751,503751,503754,3,0
503753,503753,503756,3,0
503755,503755,503758,3,0
503757,503757,503760,3,0
503759,503759,503762,3,0
503761,503761,503764,3,0
503763,503763,503766,3,0
503765,503765,503768,3,0
503767,503767,503770,3,0
503769,503769,503772,3,0
503771,503771,503774,3,0
503775,503775,503778,3,0
503777,503777,503780,3,0
503773,503773,503781,8,0
503779,503779,503782,3,0
503781,503781,503784,3,0
503783,503783,503786,3,0
503785,503785,503788,3,0
503787,503787,503790,3,0
503789,503789,503792,3,0
503791,503791,503794,3,0
503793,503793,503796,3,0
503795,503795,503798,3,0
503797,503797,503800,3,0
503799,503799,503802,3,0
503801,503801,503804,3,0
503803,503803,503806,3,0
503805,503805,503808,3,0
503807,503807,503810,3,0
503809,503809,503812,3,0
503811,503811,503814,3,0
503813,503813,503816,3,0
503815,503815,503818,3,0
503817,503817,503820,3,0
503819,503819,503822,3,0
503821,503821,503824,3,0
503823,503823,503825,2,0
503825,503825,503828,3,0
503827,503827,503830,3,0
503828,503829,503831,2,1
503831,503831,503833,2,0
503832,503832,503835,3,0
503834,503834,503837,3,0
503835,503835,503838,3,0
503838,503838,503841,3,0
503840,503840,503843,3,0
503842,503842,503845,3,0
503844,503844,503847,3,0
503846,503846,503849,3,0
503848,503848,503851,3,0
503849,503849,503852,3,0
503851,503851,503854,3,0
503853,503853,503856,3,0
503856,503856,503859,3,0
503857,503857,503860,3,0
503859,503859,503862,3,0
503861,503861,503864,3,0
503863,503863,503866,3,0
503865,503865,503868,3,0
503867,503867,503870,3,0
503869,503869,503872,3,0
503872,503872,503875,3,0
503874,503874,503877,3,0
503876,503876,503879,3,0
503878,503878,503881,3,0
503880,503880,503883,3,0
503882,503882,503885,3,0
503884,503884,503887,3,0
503885,503885,503888,3,0
503887,503887,503890,3,0
503890,503890,503893,3,0
503892,503892,503895,3,0
503893,503893,503896,3,0
503895,503895,503898,3,0
503897,503897,503900,3,0
503899,503899,503902,3,0
503901,503901,503904,3,0
503903,503903,503906,3,0
503905,503905,503908,3,0
503907,503907,503910,3,0
503909,503909,503912,3,0
503911,503911,503914,3,0
503913,503913,503916,3,0
503915,503915,503918,3,0
503917,503917,503920,3,0
503918,503918,503921,3,0
503920,503920,503923,3,0
503922,503922,503925,3,0
503924,503924,503927,3,0
503926,503926,503929,3,0
503928,503928,503931,3,0
503930,503930,503933,3,0
503932,503932,503935,3,0
503934,503934,503937,3,0
503936,503936,503939,3,0
503938,503938,503941,3,0
503940,503940,503943,3,0
503942,503942,503945,3,0
503944,503944,503947,3,0
503946,503946,503949,3,0
503948,503948,503953,5,0
503950,503951,503954,3,1
503953,503953,503957,4,0
503955,503955,503958,3,0
503957,503957,503960,3,0
503959,503959,503964,5,0
506636,506636,506789,153,0
506672,506673,506833,160,1
507099,507100,507372,272,1
507125,507125,507390,265,0
507689,507690,508075,385,1
507689,507689,508076,387,0
508375,508376,508869,493,1
508397,508398,508885,487,1
510781,510781,510867,86,0
510813,510813,510919,106,0
490608,490769,511106,20337,161
511167,511168,511251,83,1
511219,511219,511343,124,0
511527,511527,511642,115,0
511628,511629,511760,131,1
511889,511890,511999,109,1
512026,512026,512127,101,0
515391,515391,515392,1,0
515396,515396,515397,1,0
515405,515405,515406,1,0
519466,519466,519467,1,0
519475,519475,519476,1,0
519484,519484,519485,1,0
523768,523768,523905,137,0
523802,523802,523947,145,0
524211,524211,524364,153,0
524261,524261,524419,158,0
524661,524661,524805,144,0
524713,524713,524856,143,0
510716,511108,525095,13987,392
525093,525093,525228,135,0
525151,525151,525286,135,0
528850,528851,528938,87,1
528917,528917,529029,112,0
529213,529214,529314,100,1
529316,529318,529431,113,2
529592,529593,529690,97,1
529711,529711,529806,95,0
530059,530059,530154,95,0
532247,532247,532334,87,0
532248,532249,532334,85,1
532619,532619,532738,119,0
532626,532627,532775,148,1
533020,533021,533115,94,1
533071,533071,533207,136,0
533400,533400,533527,127,0
533495,533496,533637,141,1
536745,536745,536814,69,0
537070,537070,537139,69,0
537396,537398,537531,133,2
537794,537794,537865,71,0
543764,543765,543832,67,1
544098,544099,544167,68,1
544438,544439,544516,77,1
544774,544774,544860,86,0
525105,525107,545386,20279,2
552057,552057,552124,67,0
552374,552374,552442,68,0
552695,552695,552769,74,0
553021,553021,553107,86,0
560248,560248,560316,68,0
560565,560565,560632,67,0
560882,560885,560968,83,3
561226,561226,561293,67,0
561979,561979,562078,99,0
562330,562330,562398,68,0
562654,562654,562727,73,0
562992,562992,563074,82,0
545215,545388,565689,20301,173
571813,571813,571880,67,0
572140,572141,572208,67,1
572468,572468,572542,74,0
572805,572805,572895,90,0
577439,577439,577507,68,0
577767,577767,577834,67,0
578097,578097,578171,74,0
578434,578434,578521,87,0
565518,565691,579937,14246,173
584367,584367,584371,4,0
584370,584370,584373,3,0
584373,584373,584376,3,0
584376,584376,584379,3,0
584379,584379,584383,4,0
584383,584383,584386,3,0
584387,584387,584390,3,0
584391,584391,584396,5,0
584394,584394,584397,3,0
584397,584397,584400,3,0
584400,584400,584404,4,0
584403,584404,584406,2,1
584407,584407,584410,3,0
584410,584410,584413,3,0
584413,584413,584416,3,0
584416,584417,584419,2,1
584420,584420,584424,4,0
584423,584423,584426,3,0
584426,584426,584430,4,0
584429,584429,584432,3,0
584432,584432,584436,4,0
584434,584434,584437,3,0
584437,584437,584441,4,0
584439,584439,584442,3,0
584442,584442,584446,4,0
584444,584444,584447,3,0
584447,584447,584451,4,0
584449,584449,584452,3,0
584452,584452,584456,4,0
584454,584454,584457,3,0
584457,584457,584461,4,0
584459,584459,584462,3,0
584462,584462,584465,3,0
584464,584464,584467,3,0
584467,584467,584470,3,0
584469,584469,584472,3,0
584472,584472,584475,3,0
584474,584474,584477,3,0
584477,584477,584479,2,0
584479,584479,584482,3,0
584482,584482,584485,3,0
584484,584484,584487,3,0
584487,584487,584490,3,0
584489,584489,584492,3,0
584491,584492,584494,2,1
584494,584494,584497,3,0
584496,584496,584500,4,0
584499,584499,584502,3,0
584501,584501,584504,3,0
584504,584504,584507,3,0
584506,584506,584509,3,0
584509,584509,584512,3,0
584511,584511,584514,3,0
584514,584514,584517,3,0
584516,584516,584519,3,0
584519,584519,584522,3,0
584521,584521,584524,3,0
584524,584524,584527,3,0
584526,584526,584529,3,0
584529,584529,584532,3,0
584531,584531,584534,3,0
584534,584534,584537,3,0
584536,584536,584539,3,0
584539,584539,584542,3,0
584541,584541,584544,3,0
584544,584544,584547,3,0
584546,584546,584549,3,0
584549,584549,584552,3,0
584551,584551,584554,3,0
584554,584554,584557,3,0
584556,584556,584559,3,0
584559,584559,584562,3,0
584561,584561,584564,3,0
584564,584564,584567,3,0
584566,584566,584569,3,0
584569,584569,584572,3,0
584571,584571,584574,3,0
584573,584574,584577,3,1
584576,584576,584579,3,0
584578,584578,584581,3,0
584581,584581,584584,3,0
584583,584583,584586,3,0
584586,584586,584589,3,0
584588,584588,584591,3,0
584591,584591,584594,3,0
584593,584593,584596,3,0
584596,584596,584599,3,0
584598,584598,584601,3,0
584601,584601,584604,3,0
584603,584603,584606,3,0
584606,584606,584609,3,0
584608,584608,584612,4,0
584611,584611,584613,2,0
584613,584613,584616,3,0
584615,584616,584618,2,1
584618,584618,584621,3,0
584620,584620,584623,3,0
584623,584623,584626,3,0
584625,584625,584628,3,0
584628,584628,584631,3,0
584630,584630,584633,3,0
584633,584633,584636,3,0
584635,584635,584638,3,0
584638,584638,584641,3,0
584640,584640,584643,3,0
584643,584643,584645,2,0
584645,584645,584648,3,0
584648,584648,584650,2,0
584650,584650,584653,3,0
584652,584652,584655,3,0
584655,584655,584658,3,0
584657,584657,584660,3,0
584660,584660,584663,3,0
584662,584662,584665,3,0
584665,584665,584668,3,0
584667,584667,584670,3,0
584670,584670,584673,3,0
584672,584672,584675,3,0
584675,584675,584677,2,0
584677,584677,584680,3,0
584679,584679,584682,3,0
584682,584682,584685,3,0
584684,584684,584687,3,0
584687,584687,584689,2,0
584689,584689,584692,3,0
584692,584692,584695,3,0
584694,584694,584697,3,0
584697,584697,584699,2,0
584699,584699,584702,3,0
584702,584702,584705,3,0
584704,584704,584707,3,0
584707,584707,584709,2,0
584709,584709,584712,3,0
584712,584712,584714,2,0
584714,584714,584717,3,0
584716,584717,584719,2,1
584719,584719,584722,3,0
584721,584721,584724,3,0
584724,584724,584727,3,0
584726,584726,584729,3,0
584729,584729,584732,3,0
584731,584731,584734,3,0
584734,584734,584737,3,0
584736,584736,584739,3,0
584739,584739,584742,3,0
584741,584741,584744,3,0
584744,584744,584747,3,0
584746,584746,584749,3,0
584749,584749,584752,3,0
584751,584751,584754,3,0
584754,584754,584757,3,0
584756,584756,584759,3,0
584759,584759,584762,3,0
584761,584761,584764,3,0
584764,584764,584767,3,0
584766,584766,584769,3,0
584769,584769,584772,3,0
584771,584771,584774,3,0
584773,584774,584776,2,1
584776,584776,584779,3,0
584778,584778,584781,3,0
584781,584781,584784,3,0
584783,584783,584786,3,0
584786,584786,584789,3,0
584788,584788,584791,3,0
584791,584791,584794,3,0
584793,584793,584797,4,0
584796,584796,584799,3,0
584798,584798,584801,3,0
584801,584801,584804,3,0
584803,584803,584806,3,0
584806,584806,584809,3,0
584808,584808,584811,3,0
584811,584811,584814,3,0
584813,584813,584818,5,0
584816,584816,584819,3,0
584818,584818,584823,5,0
584821,584821,584824,3,0
584823,584823,584828,5,0
584825,584826,584828,2,1
584828,584828,584831,3,0
584830,584831,584835,4,1
584833,584833,584836,3,0
584835,584835,584838,3,0
584838,584838,584843,5,0
584840,584840,584843,3,0
584843,584843,584847,4,0
584845,584845,584848,3,0
584848,584848,584852,4,0
584850,584850,584853,3,0
584853,584853,584856,3,0
584855,584855,584858,3,0
584858,584858,584861,3,0
584860,584860,584863,3,0
584862,584863,584866,3,1
584865,584865,584868,3,0
584867,584868,584871,3,1
584870,584870,584873,3,0
584872,584873,584876,3,1
584875,584875,584878,3,0
584877,584877,584881,4,0
584880,584880,584883,3,0
584882,584882,584885,3,0
584885,584885,584888,3,0
584887,584887,584890,3,0
584890,584890,584893,3,0
584892,584892,584895,3,0
584895,584895,584898,3,0
584897,584897,584900,3,0
584900,584900,584903,3,0
584902,584902,584905,3,0
584905,584905,584908,3,0
584907,584907,584910,3,0
584909,584910,584912,2,1
584912,584912,584915,3,0
584914,584914,584917,3,0
584917,584917,584920,3,0
584919,584919,584922,3,0
584922,584922,584925,3,0
584924,584924,584927,3,0
584927,584927,584930,3,0
584929,584929,584932,3,0
584932,584932,584935,3,0
584934,584934,584937,3,0
584937,584937,584940,3,0
584939,584939,584942,3,0
584942,584942,584945,3,0
584944,584944,584947,3,0
584946,584947,584949,2,1
584949,584949,584952,3,0
584951,584951,584954,3,0
584954,584954,584957,3,0
584956,584956,584959,3,0
586285,586288,586363,75,3
586622,586622,586690,68,0
586948,586949,587026,77,1
587284,587284,587371,87,0
598946,598947,599014,67,1
599274,599275,599342,67,1
599611,599612,599688,76,1
599946,599947,600031,84,1
579947,579948,600208,20260,1
600046,600210,620533,20323,164
