submit_time,start_time,end_time,run_time,wait_time
-102312,38866,38869,3,141178
60573,60573,60575,2,0
60573,60573,60574,1,0
60573,60573,60575,2,0
60573,60573,60574,1,0
60573,60573,60574,1,0
60573,60573,60574,1,0
60573,60573,60574,1,0
60573,60573,60576,3,0
60573,60573,60577,4,0
60573,60573,60577,4,0
60573,60573,60576,3,0
60573,60575,60576,1,2
60573,60575,60576,1,2
60573,60575,60577,2,2
60573,60573,60579,6,0
60573,60573,60579,6,0
60573,60573,60578,5,0
60573,60573,60578,5,0
60573,60573,60578,5,0
60573,60573,60578,5,0
60573,60573,60579,6,0
60573,60573,60579,6,0
60573,60573,60579,6,0
60573,60573,60581,8,0
60573,60573,60582,9,0
60573,60573,60582,9,0
60573,60573,60582,9,0
60573,60573,60584,11,0
60573,60573,60586,13,0
60443,60443,60587,144,0
60445,60445,60588,143,0
60573,60573,60596,23,0
60573,60573,60600,27,0
60448,60448,60602,154,0
60450,60450,60617,167,0
60446,60446,60625,179,0
60449,60449,60627,178,0
60444,60444,60628,184,0
60445,60446,60674,228,1
60573,60575,60746,171,2
60822,60822,60823,1,0
60822,60822,60824,2,0
60822,60822,60823,1,0
60822,60822,60824,2,0
60822,60822,60824,2,0
60822,60822,60825,3,0
60822,60822,60825,3,0
60822,60822,60825,3,0
60822,60822,60825,3,0
60822,60822,60825,3,0
60822,60822,60825,3,0
60822,60822,60826,4,0
60822,60822,60826,4,0
60822,60822,60826,4,0
60822,60826,60828,2,4
60822,60826,60827,1,4
60822,60826,60827,1,4
60822,60826,60827,1,4
60822,60826,60828,2,4
60822,60822,60829,7,0
60822,60822,60828,6,0
60822,60826,60828,2,4
60822,60822,60828,6,0
60822,60822,60828,6,0
60822,60825,60828,3,3
60822,60825,60828,3,3
60822,60827,60829,2,5
60822,60828,60829,1,6
60822,60827,60828,1,5
60822,60822,60829,7,0
60822,60823,60829,6,1
60822,60823,60829,6,1
60822,60828,60829,1,6
60822,60829,60830,1,7
60822,60822,60829,7,0
60822,60823,60829,6,1
60822,60828,60829,1,6
60822,60828,60829,1,6
60822,60827,60829,2,5
60822,60828,60829,1,6
60823,60829,60830,1,6
60822,60829,60830,1,7
60823,60829,60830,1,6
60822,60822,60830,8,0
60822,60829,60830,1,7
60822,60829,60830,1,7
60823,60829,60830,1,6
60822,60825,60830,5,3
60822,60822,60831,9,0
60822,60824,60831,7,2
60823,60830,60831,1,7
60823,60830,60831,1,7
60823,60830,60831,1,7
60823,60830,60831,1,7
60823,60830,60831,1,7
60823,60831,60832,1,8
60823,60831,60832,1,8
60823,60830,60832,2,7
60823,60831,60832,1,8
60823,60831,60832,1,8
60823,60831,60832,1,8
60823,60832,60833,1,9
60823,60832,60833,1,9
60822,60822,60833,11,0
60823,60830,60833,3,7
60823,60830,60833,3,7
60823,60832,60833,1,9
60823,60833,60834,1,10
60823,60830,60834,4,7
60823,60830,60833,3,7
60823,60832,60833,1,9
60823,60832,60833,1,9
60823,60832,60833,1,9
60822,60822,60834,12,0
60823,60833,60834,1,10
60822,60822,60835,13,0
60822,60829,60835,6,7
60822,60822,60836,14,0
60822,60822,60837,15,0
60822,60823,60837,14,1
60823,60830,60838,8,7
60823,60832,60837,5,9
60823,60830,60838,8,7
60822,60823,60839,16,1
60822,60829,60841,12,7
60822,60822,60843,21,0
60822,60829,60843,14,7
60822,60822,60844,22,0
60822,60822,60845,23,0
60822,60823,60846,23,1
60823,60830,60846,16,7
60823,60830,60849,19,7
60822,60822,60855,33,0
60950,60950,60951,1,0
60950,60950,60951,1,0
60950,60950,60951,1,0
60950,60950,60952,2,0
60950,60950,60952,2,0
60950,60950,60954,4,0
60950,60950,60953,3,0
60950,60950,60953,3,0
60950,60951,60954,3,1
60950,60950,60953,3,0
60950,60950,60955,5,0
60950,60950,60955,5,0
60950,60951,60955,4,1
60950,60954,60956,2,4
60950,60954,60956,2,4
60950,60954,60956,2,4
60950,60950,60957,7,0
60950,60954,60957,3,4
60950,60950,60957,7,0
60950,60950,60957,7,0
60950,60954,60957,3,4
60950,60950,60957,7,0
60950,60951,60957,6,1
60950,60952,60957,5,2
60950,60955,60957,2,5
60950,60950,60958,8,0
60950,60950,60958,8,0
60950,60950,60958,8,0
60950,60950,60958,8,0
60950,60950,60958,8,0
60950,60950,60958,8,0
60950,60957,60958,1,7
60950,60953,60958,5,3
60950,60956,60958,2,6
60950,60956,60958,2,6
60950,60956,60958,2,6
60950,60958,60959,1,8
60950,60950,60958,8,0
60950,60955,60959,4,5
60950,60957,60959,2,7
60950,60950,60959,9,0
60950,60956,60959,3,6
60950,60957,60959,2,7
60950,60957,60959,2,7
60950,60957,60959,2,7
60950,60958,60959,1,8
60950,60958,60959,1,8
60950,60950,60960,10,0
60950,60950,60960,10,0
60950,60950,60960,10,0
60950,60957,60960,3,7
60950,60950,60959,9,0
60954,60958,60960,2,4
60950,60950,60961,11,0
60954,60959,60961,2,5
60950,60950,60961,11,0
60954,60959,60961,2,5
60954,60960,60961,1,6
60954,60960,60961,1,6
60950,60950,60962,12,0
60950,60950,60962,12,0
60954,60959,60962,3,5
60954,60960,60962,2,6
60954,60960,60962,2,6
60954,60960,60962,2,6
60954,60960,60962,2,6
60954,60961,60962,1,7
60954,60962,60963,1,8
60954,60959,60963,4,5
60954,60959,60963,4,5
60954,60962,60963,1,8
60954,60962,60963,1,8
60954,60962,60964,2,8
60961,60963,60964,1,2
60961,60963,60964,1,2
60954,60960,60965,5,6
60954,60958,60965,7,4
60954,60958,60965,7,4
60954,60959,60965,6,5
60961,60963,60965,2,2
60961,60963,60965,2,2
60961,60963,60965,2,2
60961,60963,60965,2,2
60961,60964,60966,2,3
60961,60964,60965,1,3
60961,60964,60965,1,3
60954,60960,60966,6,6
60950,60958,60966,8,8
60961,60965,60966,1,4
60954,60959,60966,7,5
60961,60965,60966,1,4
60961,60965,60966,1,4
60961,60966,60967,1,5
60961,60966,60967,1,5
60954,60960,60967,7,6
60961,60964,60967,3,3
60961,60964,60967,3,3
60961,60966,60967,1,5
60961,60967,60968,1,6
60961,60966,60967,1,5
60961,60966,60967,1,5
60961,60966,60967,1,5
60961,60966,60967,1,5
60961,60966,60967,1,5
60961,60962,60968,6,1
60961,60965,60968,3,4
60961,60967,60968,1,6
60954,60959,60971,12,5
60950,60950,60971,21,0
60954,60960,60971,11,6
60961,60966,60972,6,5
60961,60966,60973,7,5
60950,60950,60973,23,0
60954,60960,60973,13,6
60954,60958,60973,15,4
60961,60966,60973,7,5
60950,60950,60974,24,0
60954,60961,60974,13,7
60954,60960,60974,14,6
60950,60950,60974,24,0
60961,60966,60975,9,5
60950,60958,60979,21,8
60954,60962,60983,21,8
60823,60833,60998,165,10
61084,61084,61085,1,0
61084,61084,61085,1,0
61084,61084,61085,1,0
61084,61084,61085,1,0
61084,61084,61085,1,0
61084,61084,61085,1,0
61084,61084,61085,1,0
61084,61084,61086,2,0
61084,61084,61085,1,0
61084,61084,61086,2,0
61084,61084,61087,3,0
61084,61084,61087,3,0
61084,61084,61086,2,0
61084,61084,61087,3,0
61084,61084,61087,3,0
61084,61084,61087,3,0
61084,61084,61089,5,0
61084,61084,61089,5,0
61084,61084,61089,5,0
61084,61084,61089,5,0
61084,61084,61089,5,0
61084,61084,61090,6,0
61084,61084,61090,6,0
61084,61084,61091,7,0
61084,61084,61092,8,0
61084,61084,61091,7,0
61084,61084,61097,13,0
61084,61084,61099,15,0
61084,61084,61106,22,0
60961,60967,61108,141,6
61084,61084,61113,29,0
61084,61084,61114,30,0
60950,60958,61121,163,8
60962,60967,61140,173,5
61206,61206,61207,1,0
61206,61206,61207,1,0
61206,61206,61207,1,0
61206,61206,61208,2,0
61206,61206,61207,1,0
61206,61206,61207,1,0
61206,61206,61207,1,0
61206,61206,61208,2,0
61206,61206,61207,1,0
61206,61206,61207,1,0
61206,61206,61207,1,0
61206,61206,61208,2,0
61206,61206,61207,1,0
61206,61206,61207,1,0
61206,61206,61207,1,0
61206,61206,61207,1,0
61206,61206,61209,3,0
61206,61206,61209,3,0
61206,61206,61211,5,0
61206,61206,61212,6,0
61206,61206,61214,8,0
61206,61206,61215,9,0
61206,61206,61215,9,0
61206,61206,61215,9,0
61206,61206,61217,11,0
61206,61206,61216,10,0
61206,61206,61218,12,0
61206,61206,61221,15,0
61206,61206,61221,15,0
61206,61206,61230,24,0
61206,61206,61234,28,0
60955,60962,61239,277,7
61338,61338,61339,1,0
61338,61338,61339,1,0
61338,61338,61339,1,0
61338,61338,61339,1,0
61338,61338,61339,1,0
61338,61338,61339,1,0
61338,61338,61339,1,0
61338,61338,61339,1,0
61338,61338,61339,1,0
61338,61338,61339,1,0
61338,61338,61339,1,0
61338,61338,61339,1,0
61338,61338,61339,1,0
61338,61338,61339,1,0
61338,61338,61339,1,0
61338,61339,61340,1,1
61338,61338,61340,2,0
61338,61339,61340,1,1
61338,61339,61340,1,1
61338,61340,61341,1,2
61338,61340,61341,1,2
61338,61340,61341,1,2
61338,61339,61341,2,1
61338,61340,61341,1,2
61338,61340,61341,1,2
61338,61340,61341,1,2
61338,61340,61341,1,2
61338,61340,61341,1,2
61338,61340,61341,1,2
61338,61340,61341,1,2
61338,61341,61342,1,3
61338,61341,61342,1,3
61338,61340,61341,1,2
61338,61341,61342,1,3
61338,61340,61341,1,2
61338,61341,61342,1,3
61338,61338,61343,5,0
61338,61338,61343,5,0
61338,61338,61343,5,0
61338,61341,61342,1,3
61338,61341,61342,1,3
61338,61341,61342,1,3
61338,61341,61342,1,3
61338,61341,61342,1,3
61338,61341,61342,1,3
61338,61338,61344,6,0
61338,61338,61344,6,0
61338,61338,61344,6,0
61343,61343,61344,1,0
61338,61338,61344,6,0
61338,61338,61344,6,0
61338,61338,61345,7,0
61338,61338,61345,7,0
61343,61343,61344,1,0
61343,61343,61344,1,0
61343,61343,61344,1,0
61343,61343,61345,2,0
61343,61343,61345,2,0
61343,61343,61344,1,0
61343,61343,61344,1,0
61343,61343,61345,2,0
61343,61343,61344,1,0
61343,61343,61344,1,0
61343,61343,61344,1,0
61343,61343,61345,2,0
61343,61343,61344,1,0
61343,61343,61346,3,0
61343,61344,61345,1,1
61343,61345,61346,1,2
61343,61345,61346,1,2
61343,61345,61346,1,2
61338,61338,61346,8,0
61343,61345,61346,1,2
61343,61345,61347,2,2
61338,61338,61347,9,0
61343,61344,61348,4,1
61343,61344,61348,4,1
61338,61338,61348,10,0
61338,61338,61349,11,0
61338,61338,61350,12,0
61343,61343,61350,7,0
61343,61344,61351,7,1
61338,61338,61353,15,0
61343,61345,61353,8,2
61343,61343,61355,12,0
61343,61345,61356,11,2
61343,61345,61356,11,2
61343,61344,61359,15,1
61343,61343,61361,18,0
61338,61338,61362,24,0
61338,61338,61367,29,0
61338,61338,61368,30,0
61338,61338,61372,34,0
61475,61475,61476,1,0
61475,61475,61476,1,0
61475,61475,61476,1,0
61475,61475,61476,1,0
61475,61475,61476,1,0
61475,61475,61476,1,0
61475,61475,61476,1,0
61475,61475,61476,1,0
61475,61475,61476,1,0
61475,61475,61476,1,0
61475,61475,61476,1,0
61475,61475,61476,1,0
61475,61475,61476,1,0
61475,61475,61476,1,0
61475,61475,61476,1,0
61475,61475,61476,1,0
61475,61475,61476,1,0
61475,61475,61476,1,0
61475,61475,61476,1,0
61475,61475,61476,1,0
61338,61342,61521,179,4
61343,61345,61527,182,2
61603,61603,61604,1,0
61603,61603,61605,2,0
61603,61603,61604,1,0
61603,61603,61605,2,0
61603,61603,61604,1,0
61603,61603,61604,1,0
61603,61603,61604,1,0
61603,61603,61605,2,0
61603,61603,61604,1,0
61603,61603,61604,1,0
61603,61603,61604,1,0
61603,61603,61604,1,0
61604,61604,61605,1,0
61603,61603,61606,3,0
61603,61603,61606,3,0
61603,61603,61605,2,0
61603,61603,61606,3,0
61603,61603,61606,3,0
61603,61603,61606,3,0
61603,61603,61605,2,0
61604,61605,61606,1,1
61603,61603,61605,2,0
61603,61603,61606,3,0
61604,61605,61606,1,1
61604,61605,61606,1,1
61604,61605,61607,2,1
61604,61605,61607,2,1
61604,61605,61607,2,1
61604,61605,61607,2,1
61604,61605,61607,2,1
61604,61605,61607,2,1
61604,61605,61607,2,1
61604,61605,61606,1,1
61604,61605,61607,2,1
61604,61606,61608,2,2
61604,61607,61608,1,3
61604,61607,61608,1,3
61604,61607,61608,1,3
61604,61607,61608,1,3
61604,61606,61607,1,2
61604,61607,61608,1,3
61604,61606,61607,1,2
61604,61607,61608,1,3
61603,61603,61609,6,0
61603,61603,61608,5,0
61604,61606,61609,3,2
61604,61606,61609,3,2
61604,61606,61608,2,2
61604,61606,61608,2,2
61604,61607,61608,1,3
61603,61603,61608,5,0
61604,61606,61610,4,2
61604,61606,61609,3,2
61604,61607,61610,3,3
61603,61603,61612,9,0
61603,61603,61611,8,0
61603,61603,61612,9,0
61603,61603,61613,10,0
61347,61348,61614,266,1
61603,61603,61619,16,0
61603,61603,61619,16,0
61603,61603,61624,21,0
61604,61604,61648,44,0
61479,61479,61658,179,0
61476,61476,61739,263,0
61606,61607,61765,158,1
61604,61607,61795,188,3
61607,61607,61798,191,0
61853,61853,61854,1,0
61853,61853,61854,1,0
61853,61853,61855,2,0
61853,61853,61855,2,0
61853,61853,61855,2,0
61853,61853,61857,4,0
61853,61853,61858,5,0
61853,61853,61857,4,0
61853,61853,61859,6,0
61853,61853,61859,6,0
61853,61853,61858,5,0
61853,61853,61859,6,0
61853,61853,61858,5,0
61853,61853,61858,5,0
61853,61853,61858,5,0
61853,61853,61858,5,0
61853,61853,61858,5,0
61853,61853,61859,6,0
61853,61853,61860,7,0
61853,61853,61860,7,0
61853,61853,61860,7,0
61853,61853,61860,7,0
61853,61853,61860,7,0
61853,61853,61860,7,0
61853,61853,61862,9,0
61853,61853,61863,10,0
61853,61853,61866,13,0
61853,61853,61867,14,0
61853,61853,61871,18,0
61853,61853,61877,24,0
61853,61853,61904,51,0
61603,61603,61941,338,0
61982,61983,61984,1,1
61982,61983,61984,1,1
61982,61983,61984,1,1
61982,61983,61984,1,1
61982,61983,61984,1,1
61982,61983,61984,1,1
61982,61983,61984,1,1
61982,61983,61984,1,1
61982,61983,61984,1,1
61982,61983,61984,1,1
61982,61983,61984,1,1
61982,61983,61984,1,1
61982,61983,61985,2,1
61982,61983,61985,2,1
61982,61983,61985,2,1
61982,61983,61988,5,1
61982,61983,61988,5,1
61982,61983,61988,5,1
61982,61983,61989,6,1
61982,61983,61988,5,1
61982,61983,61988,5,1
61983,61986,61989,3,3
61983,61985,61988,3,2
61983,61986,61988,2,3
61982,61983,61989,6,1
61982,61983,61989,6,1
61983,61985,61989,4,2
61983,61985,61990,5,2
61983,61985,61989,4,2
61983,61985,61990,5,2
61983,61986,61990,4,3
61983,61985,61990,5,2
61983,61985,61990,5,2
61983,61985,61990,5,2
61983,61989,61990,1,6
61983,61985,61990,5,2
61983,61989,61990,1,6
61983,61989,61990,1,6
61982,61983,61990,7,1
61982,61983,61990,7,1
61982,61983,61990,7,1
61983,61983,61991,8,0
61983,61989,61992,3,6
61983,61990,61991,1,7
61983,61985,61991,6,2
61986,61990,61991,1,4
61983,61983,61991,8,0
61982,61983,61991,8,1
61983,61983,61992,9,0
61982,61983,61992,9,1
61986,61991,61992,1,5
61983,61985,61992,7,2
61983,61985,61992,7,2
61986,61991,61993,2,5
61986,61991,61993,2,5
61982,61983,61993,10,1
61983,61983,61994,11,0
61986,61993,61994,1,7
61986,61993,61994,1,7
61986,61993,61994,1,7
61983,61989,61995,6,6
61983,61990,61995,5,7
61986,61991,61995,4,5
61986,61994,61995,1,8
61986,61992,61995,3,6
61986,61992,61995,3,6
61986,61995,61996,1,9
61983,61989,61996,7,6
61986,61992,61996,4,6
61986,61994,61995,1,8
61986,61991,61996,5,5
61986,61991,61996,5,5
61986,61992,61996,4,6
61983,61990,61996,6,7
61986,61991,61996,5,5
61986,61991,61996,5,5
61986,61991,61996,5,5
61982,61983,61997,14,1
61986,61995,61997,2,9
61992,61996,61997,1,4
61986,61995,61997,2,9
61983,61989,61998,9,6
61983,61989,61999,10,6
61992,61996,61998,2,4
61992,61996,61998,2,4
61986,61991,62000,9,5
61986,61992,62000,8,6
61992,61996,62000,4,4
61992,61997,62001,4,5
61992,61998,62000,2,6
61992,61999,62000,1,7
61983,61989,62001,12,6
61986,61992,62001,9,6
61992,61996,62001,5,4
61992,61996,62001,5,4
61992,61998,62001,3,6
61992,61997,62001,4,5
61992,61997,62001,4,5
61992,62001,62002,1,9
61992,62001,62002,1,9
61992,62001,62002,1,9
61992,61996,62003,7,4
61982,61983,62002,19,1
61992,61996,62002,6,4
61992,61997,62003,6,5
61992,61996,62004,8,4
61992,62001,62004,3,9
61992,61996,62003,7,4
61992,61996,62003,7,4
61992,61996,62005,9,4
61986,61994,62005,11,8
61992,61999,62007,8,7
61992,61999,62006,7,7
61992,62001,62007,6,9
61986,61991,62008,17,5
61992,61999,62009,10,7
61992,61998,62009,11,6
61986,61992,62013,21,6
61992,62001,62017,16,9
61986,61993,62019,26,7
61992,61996,62020,24,4
61986,61992,62022,30,6
61986,61991,62025,34,5
61992,61998,62028,30,6
61975,61975,62117,142,0
62116,62116,62117,1,0
62116,62116,62117,1,0
62116,62116,62117,1,0
62116,62116,62117,1,0
62116,62116,62117,1,0
62116,62116,62117,1,0
62116,62116,62118,2,0
62116,62116,62118,2,0
62116,62116,62117,1,0
62116,62116,62117,1,0
62116,62116,62117,1,0
62116,62116,62118,2,0
62116,62116,62118,2,0
62116,62116,62118,2,0
62116,62116,62118,2,0
62116,62116,62120,4,0
62116,62116,62120,4,0
62116,62116,62121,5,0
62116,62116,62121,5,0
62116,62116,62122,6,0
62116,62116,62122,6,0
62116,62116,62122,6,0
62116,62116,62122,6,0
62116,62116,62122,6,0
62116,62116,62122,6,0
62116,62116,62124,8,0
62123,62123,62124,1,0
62123,62123,62125,2,0
62123,62123,62125,2,0
62123,62123,62126,3,0
62123,62125,62127,2,2
62123,62125,62126,1,2
62123,62126,62127,1,3
62123,62123,62128,5,0
62123,62123,62127,4,0
62123,62123,62128,5,0
62123,62123,62128,5,0
62123,62127,62128,1,4
62116,62116,62129,13,0
62123,62123,62129,6,0
62123,62123,62129,6,0
62123,62123,62128,5,0
62123,62123,62129,6,0
62123,62123,62129,6,0
62123,62123,62129,6,0
62123,62123,62129,6,0
62123,62127,62130,3,4
62123,62123,62129,6,0
62123,62123,62129,6,0
62116,62116,62131,15,0
62123,62123,62131,8,0
62123,62123,62131,8,0
62123,62123,62132,9,0
62123,62123,62131,8,0
62123,62123,62132,9,0
62123,62123,62135,12,0
62116,62116,62140,24,0
62123,62123,62142,19,0
62123,62124,62142,18,1
61986,61995,62143,148,9
61983,61990,62146,156,7
62123,62123,62148,25,0
62116,62116,62150,34,0
62116,62116,62163,47,0
62257,62257,62259,2,0
62257,62257,62258,1,0
62257,62257,62259,2,0
62257,62257,62260,3,0
62257,62257,62260,3,0
62257,62260,62261,1,3
62257,62258,62262,4,1
62257,62257,62262,5,0
62257,62257,62262,5,0
62257,62257,62263,6,0
62257,62257,62263,6,0
62257,62259,62263,4,2
62257,62257,62263,6,0
62257,62257,62263,6,0
62257,62257,62264,7,0
62257,62257,62264,7,0
62257,62257,62264,7,0
61992,62002,62264,262,10
62257,62257,62264,7,0
62257,62257,62265,8,0
62257,62257,62265,8,0
62257,62257,62266,9,0
62257,62257,62266,9,0
62257,62257,62267,10,0
62266,62266,62267,1,0
62266,62266,62267,1,0
62266,62266,62267,1,0
62257,62258,62268,10,1
62266,62266,62269,3,0
62257,62257,62270,13,0
62266,62268,62270,2,2
62266,62268,62270,2,2
62257,62257,62271,14,0
62116,62117,62271,154,1
62266,62266,62271,5,0
62266,62268,62271,3,2
62257,62258,62272,14,1
62266,62267,62272,5,1
62266,62266,62272,6,0
62266,62270,62272,2,4
62266,62271,62272,1,5
62266,62271,62272,1,5
62266,62272,62273,1,6
62266,62272,62273,1,6
62266,62266,62273,7,0
62266,62266,62273,7,0
62266,62266,62274,8,0
62266,62266,62274,8,0
62266,62272,62274,2,6
62257,62257,62275,18,0
62266,62267,62275,8,1
62266,62266,62275,9,0
62266,62266,62276,10,0
62266,62266,62276,10,0
62266,62266,62276,10,0
62266,62266,62276,10,0
62266,62268,62277,9,2
62266,62269,62277,8,3
62266,62271,62277,6,5
62127,62128,62278,150,1
62266,62272,62278,6,6
62266,62266,62280,14,0
62257,62258,62285,27,1
62257,62257,62288,31,0
62131,62131,62299,168,0
62133,62133,62314,181,0
62132,62132,62317,185,0
62123,62127,62324,197,4
61993,62002,62345,343,9
62394,62394,62395,1,0
62394,62394,62395,1,0
62394,62394,62396,2,0
62394,62394,62397,3,0
62394,62396,62397,1,2
62394,62394,62397,3,0
62394,62394,62397,3,0
62394,62394,62397,3,0
62394,62394,62397,3,0
62394,62394,62397,3,0
62394,62394,62398,4,0
62394,62394,62398,4,0
62394,62394,62398,4,0
62394,62394,62398,4,0
62394,62394,62398,4,0
62394,62394,62399,5,0
62394,62394,62399,5,0
62394,62394,62400,6,0
62394,62394,62400,6,0
62394,62394,62400,6,0
62394,62394,62400,6,0
62394,62394,62401,7,0
62394,62394,62401,7,0
62394,62394,62401,7,0
62394,62394,62402,8,0
62394,62394,62401,7,0
62394,62394,62401,7,0
62394,62394,62401,7,0
62394,62394,62402,8,0
62394,62394,62404,10,0
62394,62394,62404,10,0
62265,62265,62419,154,0
62264,62264,62419,155,0
62268,62273,62458,185,5
62258,62261,62502,241,3
62267,62273,62502,229,6
62266,62273,62542,269,7
62760,62760,62761,1,0
62760,62760,62761,1,0
62760,62760,62762,2,0
62760,62760,62762,2,0
62760,62760,62763,3,0
62760,62760,62764,4,0
62760,62760,62764,4,0
62760,62760,62764,4,0
62760,62760,62765,5,0
62760,62760,62764,4,0
62760,62760,62765,5,0
62760,62760,62765,5,0
62760,62760,62765,5,0
62760,62760,62766,6,0
62760,62762,62766,4,2
62760,62760,62766,6,0
62760,62760,62767,7,0
62760,62762,62767,5,2
62760,62763,62767,4,3
62760,62760,62767,7,0
62760,62761,62767,6,1
62760,62760,62768,8,0
62760,62760,62768,8,0
62760,62761,62768,7,1
62760,62760,62768,8,0
62760,62760,62768,8,0
62760,62760,62769,9,0
62760,62764,62769,5,4
62760,62768,62769,1,8
62760,62766,62769,3,6
62760,62766,62769,3,6
62760,62767,62769,2,7
62760,62768,62769,1,8
62760,62768,62769,1,8
62760,62767,62769,2,7
62760,62768,62769,1,8
62760,62768,62769,1,8
62760,62760,62770,10,0
62760,62760,62770,10,0
62760,62769,62770,1,9
62760,62769,62770,1,9
62760,62766,62770,4,6
62760,62769,62770,1,9
62760,62760,62771,11,0
62760,62760,62771,11,0
62761,62770,62771,1,9
62761,62770,62771,1,9
62760,62760,62772,12,0
62760,62760,62772,12,0
62760,62765,62772,7,5
62760,62765,62772,7,5
62760,62761,62773,12,1
62760,62761,62773,12,1
62760,62761,62773,12,1
62761,62770,62773,3,9
62761,62770,62774,4,9
62761,62770,62773,3,9
62761,62770,62773,3,9
62760,62766,62774,8,6
62761,62772,62774,2,11
62761,62773,62774,1,12
62761,62772,62774,2,11
62761,62773,62774,1,12
62761,62770,62774,4,9
62761,62771,62774,3,10
62761,62771,62774,3,10
62760,62760,62775,15,0
62761,62773,62775,2,12
62761,62770,62776,6,9
62761,62774,62775,1,13
62761,62774,62775,1,13
62761,62774,62775,1,13
62761,62770,62775,5,9
62761,62774,62776,2,13
62761,62770,62776,6,9
62761,62771,62777,6,10
62761,62775,62776,1,14
62761,62770,62777,7,9
62761,62771,62777,6,10
62761,62771,62777,6,10
62761,62771,62779,8,10
62761,62775,62778,3,14
62760,62769,62779,10,9
62761,62775,62779,4,14
62761,62777,62780,3,16
62761,62777,62779,2,16
62761,62777,62779,2,16
62761,62776,62780,4,15
62761,62776,62779,3,15
62761,62777,62779,2,16
62761,62776,62780,4,15
62760,62761,62780,19,1
62761,62772,62780,8,11
62760,62767,62780,13,7
62761,62779,62780,1,18
62761,62776,62781,5,15
62761,62776,62780,4,15
62761,62779,62780,1,18
62761,62775,62780,5,14
62761,62775,62781,6,14
62760,62760,62781,21,0
62761,62772,62781,9,11
62761,62780,62781,1,19
62761,62780,62781,1,19
62761,62780,62781,1,19
62761,62780,62781,1,19
62761,62775,62782,7,14
62761,62775,62781,6,14
62761,62773,62782,9,12
62760,62766,62782,16,6
62760,62769,62782,13,9
62761,62775,62782,7,14
62761,62774,62783,9,13
62760,62760,62783,23,0
62761,62774,62785,11,13
62761,62774,62784,10,13
62761,62780,62784,4,19
62761,62780,62785,5,19
62761,62778,62786,8,17
62761,62778,62786,8,17
62761,62777,62787,10,16
62760,62760,62788,28,0
62761,62776,62791,15,15
62761,62776,62814,38,15
62892,62893,62894,1,1
62892,62893,62894,1,1
62892,62893,62894,1,1
62892,62893,62895,2,1
62892,62893,62895,2,1
62892,62893,62896,3,1
62892,62893,62896,3,1
62892,62893,62896,3,1
62892,62893,62896,3,1
62892,62893,62897,4,1
62892,62893,62897,4,1
62892,62893,62897,4,1
62892,62893,62897,4,1
62893,62893,62898,5,0
62892,62893,62898,5,1
62892,62893,62898,5,1
62893,62894,62898,4,1
62893,62895,62899,4,2
62893,62895,62898,3,2
62892,62893,62898,5,1
62892,62893,62899,6,1
62892,62893,62900,7,1
62893,62896,62900,4,3
62893,62899,62900,1,6
62892,62893,62900,7,1
62893,62899,62900,1,6
62893,62899,62900,1,6
62893,62893,62900,7,0
62892,62893,62901,8,1
62893,62893,62901,8,0
62893,62898,62901,3,5
62893,62901,62902,1,8
62893,62898,62902,4,5
62893,62899,62901,2,6
62893,62899,62901,2,6
62893,62899,62901,2,6
62893,62898,62901,3,5
62893,62901,62902,1,8
62893,62898,62901,3,5
62893,62900,62901,1,7
62892,62893,62902,9,1
62893,62901,62902,1,8
62893,62898,62902,4,5
62893,62901,62902,1,8
62893,62897,62902,5,4
62893,62901,62902,1,8
62893,62901,62902,1,8
62892,62893,62902,9,1
62892,62893,62902,9,1
62892,62893,62903,10,1
62892,62893,62904,11,1
62893,62893,62903,10,0
62892,62893,62904,11,1
62893,62896,62903,7,3
62893,62897,62903,6,4
62892,62893,62904,11,1
62892,62893,62904,11,1
62893,62897,62905,8,4
62893,62897,62904,7,4
62892,62893,62905,12,1
62892,62893,62905,12,1
62893,62902,62906,4,9
62893,62904,62905,1,11
62893,62902,62906,4,9
62893,62903,62905,2,10
62893,62902,62906,4,9
62893,62903,62906,3,10
62893,62903,62905,2,10
62893,62903,62906,3,10
62893,62904,62906,2,11
62893,62902,62906,4,9
62893,62902,62906,4,9
62893,62904,62907,3,11
62893,62903,62908,5,10
62893,62903,62908,5,10
62893,62902,62907,5,9
62893,62893,62908,15,0
62893,62904,62909,5,11
62893,62902,62909,7,9
62893,62902,62909,7,9
62893,62902,62909,7,9
62892,62893,62911,18,1
62893,62901,62910,9,8
62893,62903,62911,8,10
62893,62904,62911,7,11
62893,62904,62911,7,11
62893,62902,62911,9,9
62893,62902,62912,10,9
62893,62903,62912,9,10
62893,62906,62914,8,13
62893,62905,62915,10,12
62893,62905,62915,10,12
62893,62903,62915,12,10
62893,62902,62918,16,9
62893,62908,63060,152,15
63144,63144,63145,1,0
63144,63144,63145,1,0
63144,63144,63145,1,0
63144,63144,63146,2,0
63144,63144,63146,2,0
63144,63144,63146,2,0
63144,63144,63147,3,0
63144,63144,63147,3,0
63144,63144,63147,3,0
63144,63144,63148,4,0
63144,63144,63148,4,0
63144,63144,63148,4,0
63144,63144,63147,3,0
63144,63144,63148,4,0
63144,63144,63149,5,0
63144,63144,63148,4,0
63144,63144,63149,5,0
63144,63144,63149,5,0
63144,63144,63149,5,0
63144,63147,63151,4,3
63144,63147,63151,4,3
63144,63144,63151,7,0
63144,63144,63151,7,0
63144,63147,63152,5,3
63144,63148,63152,4,4
63144,63144,63151,7,0
63144,63147,63151,4,3
63144,63149,63151,2,5
63144,63147,63151,4,3
63144,63149,63152,3,5
63144,63149,63151,2,5
63144,63144,63152,8,0
63144,63144,63152,8,0
63144,63146,63152,6,2
63144,63151,63152,1,7
63144,63148,63153,5,4
63144,63150,63152,2,6
63144,63151,63152,1,7
63144,63146,63153,7,2
63144,63148,63153,5,4
63144,63148,63152,4,4
63144,63146,63153,7,2
63144,63152,63153,1,8
63153,63153,63154,1,0
63144,63144,63153,9,0
63144,63152,63153,1,8
63144,63152,63153,1,8
63144,63152,63153,1,8
63144,63151,63154,3,7
63144,63144,63155,11,0
63144,63144,63155,11,0
63144,63144,63155,11,0
63144,63144,63154,10,0
63153,63153,63154,1,0
63153,63153,63154,1,0
63144,63144,63156,12,0
63144,63144,63156,12,0
63144,63150,63156,6,6
63144,63147,63156,9,3
63153,63154,63156,2,1
63153,63154,63157,3,1
63153,63154,63157,3,1
63153,63153,63157,4,0
63153,63155,63156,1,2
63153,63155,63157,2,2
63153,63154,63158,4,1
63144,63144,63158,14,0
63144,63150,63158,8,6
63153,63153,63157,4,0
63153,63153,63157,4,0
63153,63154,63158,4,1
63153,63153,63157,4,0
63153,63153,63158,5,0
63157,63157,63158,1,0
63157,63157,63158,1,0
63157,63157,63158,1,0
63144,63144,63158,14,0
63153,63154,63158,4,1
63153,63154,63158,4,1
63144,63144,63159,15,0
63153,63153,63160,7,0
63153,63153,63160,7,0
63153,63153,63161,8,0
63157,63157,63161,4,0
63153,63156,63161,5,3
63157,63159,63162,3,2
63153,63156,63161,5,3
63157,63158,63162,4,1
63153,63155,63162,7,2
63153,63155,63163,8,2
63157,63159,63162,3,2
63157,63159,63162,3,2
63157,63159,63163,4,2
63157,63159,63163,4,2
63157,63161,63163,2,4
63157,63161,63163,2,4
63157,63158,63163,5,1
63153,63155,63164,9,2
63153,63155,63163,8,2
63157,63161,63163,2,4
63157,63162,63164,2,5
63153,63153,63163,10,0
63157,63157,63164,7,0
63157,63162,63164,2,5
63144,63144,63165,21,0
63157,63162,63165,3,5
63157,63160,63165,5,3
63157,63158,63165,7,1
63157,63158,63165,7,1
63157,63157,63164,7,0
63157,63158,63165,7,1
63153,63154,63166,12,1
63157,63162,63166,4,5
63157,63158,63166,8,1
63144,63144,63167,23,0
63157,63160,63166,6,3
63157,63163,63167,4,6
63153,63153,63168,15,0
63157,63158,63169,11,1
63157,63158,63171,13,1
63153,63153,63172,19,0
63157,63159,63174,15,2
63153,63156,63181,25,3
63157,63163,63199,36,6
63288,63288,63289,1,0
63288,63288,63289,1,0
63288,63288,63289,1,0
63288,63288,63289,1,0
63288,63288,63289,1,0
63288,63288,63290,2,0
63288,63288,63289,1,0
63288,63288,63289,1,0
63288,63288,63289,1,0
63288,63288,63290,2,0
63288,63288,63289,1,0
63288,63288,63290,2,0
63288,63288,63290,2,0
63288,63288,63290,2,0
63288,63288,63290,2,0
63288,63288,63294,6,0
63288,63288,63294,6,0
63288,63288,63294,6,0
63288,63288,63295,7,0
63288,63288,63295,7,0
63288,63288,63297,9,0
63288,63288,63297,9,0
63288,63288,63297,9,0
63288,63288,63298,10,0
63288,63288,63298,10,0
63288,63288,63298,10,0
63288,63288,63299,11,0
63144,63152,63300,148,8
63288,63288,63300,12,0
63288,63288,63303,15,0
63288,63288,63304,16,0
63166,63166,63314,148,0
63288,63288,63326,38,0
63157,63163,63342,179,6
63165,63165,63347,182,0
63153,63156,63408,252,3
63538,63538,63539,1,0
63538,63538,63539,1,0
63538,63538,63539,1,0
63538,63538,63540,2,0
63538,63538,63542,4,0
63538,63538,63541,3,0
63538,63538,63542,4,0
63538,63538,63541,3,0
63538,63538,63543,5,0
63538,63538,63543,5,0
63538,63538,63543,5,0
63538,63538,63544,6,0
63538,63538,63543,5,0
63538,63538,63544,6,0
63538,63538,63543,5,0
63538,63538,63544,6,0
63538,63538,63544,6,0
63538,63538,63544,6,0
63538,63538,63544,6,0
63538,63538,63544,6,0
63538,63538,63546,8,0
63538,63538,63545,7,0
63538,63538,63545,7,0
63538,63538,63545,7,0
63538,63540,63546,6,2
63538,63538,63545,7,0
63538,63540,63546,6,2
63538,63542,63547,5,4
63538,63544,63547,3,6
63538,63545,63546,1,7
63538,63538,63546,8,0
63538,63538,63548,10,0
63538,63540,63547,7,2
63538,63545,63547,2,7
63538,63546,63547,1,8
63538,63542,63547,5,4
63538,63542,63547,5,4
63538,63544,63547,3,6
63538,63546,63547,1,8
63538,63546,63547,1,8
63538,63546,63547,1,8
63538,63541,63547,6,3
63538,63546,63547,1,8
63538,63545,63548,3,7
63538,63542,63549,7,4
63538,63538,63549,11,0
63538,63538,63549,11,0
63538,63544,63550,6,6
63543,63549,63550,1,6
63543,63549,63550,1,6
63543,63549,63550,1,6
63538,63538,63551,13,0
63538,63545,63552,7,7
63538,63543,63552,9,5
63538,63547,63551,4,9
63538,63538,63553,15,0
63538,63544,63552,8,6
63543,63550,63553,3,7
63543,63550,63552,2,7
63543,63550,63553,3,7
63543,63550,63553,3,7
63543,63550,63552,2,7
63543,63551,63553,2,8
63538,63538,63553,15,0
63543,63549,63553,4,6
63543,63550,63554,4,7
63543,63550,63553,3,7
63543,63550,63554,4,7
63538,63538,63555,17,0
63543,63549,63555,6,6
63543,63550,63555,5,7
63543,63550,63554,4,7
63543,63553,63554,1,10
63543,63553,63554,1,10
63543,63553,63555,2,10
63543,63553,63555,2,10
63543,63552,63556,4,9
63538,63546,63555,9,8
63543,63549,63556,7,6
63538,63538,63556,18,0
63543,63549,63557,8,6
63538,63545,63557,12,7
63543,63550,63559,9,7
63543,63550,63559,9,7
63543,63550,63559,9,7
63543,63550,63562,12,7
63543,63552,63562,10,9
63543,63552,63562,10,9
63538,63544,63564,20,6
63538,63544,63565,21,6
63543,63552,63567,15,9
63538,63538,63572,34,0
63543,63550,63572,22,7
63538,63538,63576,38,0
63668,63668,63669,1,0
63668,63668,63669,1,0
63668,63668,63669,1,0
63668,63668,63670,2,0
63668,63668,63671,3,0
63668,63668,63671,3,0
63668,63668,63672,4,0
63668,63668,63672,4,0
63668,63668,63673,5,0
63668,63668,63674,6,0
63668,63668,63674,6,0
63668,63668,63674,6,0
63668,63668,63673,5,0
63668,63668,63674,6,0
63668,63668,63675,7,0
63668,63668,63674,6,0
63668,63668,63674,6,0
63668,63668,63675,7,0
63668,63668,63675,7,0
63668,63668,63675,7,0
63668,63668,63675,7,0
63668,63668,63676,8,0
63668,63668,63676,8,0
63668,63668,63676,8,0
63668,63668,63677,9,0
63668,63668,63681,13,0
63668,63668,63681,13,0
63668,63668,63683,15,0
63668,63668,63684,16,0
63668,63668,63686,18,0
63538,63549,63691,142,11
63668,63668,63692,24,0
63543,63553,63732,179,10
63802,63802,63803,1,0
63802,63802,63803,1,0
63802,63802,63804,2,0
63802,63802,63804,2,0
63802,63802,63805,3,0
63802,63802,63805,3,0
63802,63802,63805,3,0
63802,63802,63805,3,0
63802,63802,63805,3,0
63802,63802,63805,3,0
63802,63802,63806,4,0
63802,63802,63807,5,0
63802,63802,63807,5,0
63802,63802,63807,5,0
63802,63802,63807,5,0
63802,63802,63807,5,0
63802,63802,63807,5,0
63802,63802,63808,6,0
63807,63807,63808,1,0
63802,63802,63808,6,0
63802,63802,63809,7,0
63802,63802,63809,7,0
63807,63808,63809,1,1
63802,63802,63809,7,0
63807,63808,63809,1,1
63807,63809,63810,1,2
63807,63808,63812,4,1
63807,63808,63811,3,1
63807,63810,63811,1,3
63807,63808,63812,4,1
63807,63809,63811,2,2
63807,63809,63811,2,2
63807,63809,63811,2,2
63807,63810,63811,1,3
63807,63808,63812,4,1
63807,63808,63812,4,1
63807,63808,63812,4,1
63807,63808,63812,4,1
63807,63810,63812,2,3
63807,63808,63812,4,1
63807,63811,63812,1,4
63807,63808,63813,5,1
63807,63812,63813,1,5
63807,63808,63813,5,1
63802,63802,63814,12,0
63802,63802,63814,12,0
63807,63810,63814,4,3
63807,63808,63814,6,1
63802,63802,63815,13,0
63802,63802,63815,13,0
63807,63808,63815,7,1
63802,63802,63816,14,0
63802,63802,63816,14,0
63807,63807,63819,12,0
63807,63807,63820,13,0
63802,63802,63821,19,0
63807,63807,63821,14,0
63802,63802,63824,22,0
63802,63802,63828,26,0
63674,63674,63831,157,0
63807,63809,63834,25,2
63668,63669,63919,250,1
63929,63929,63930,1,0
63929,63929,63930,1,0
63929,63929,63930,1,0
63929,63929,63930,1,0
63929,63929,63932,3,0
63929,63929,63931,2,0
63929,63929,63931,2,0
63929,63929,63933,4,0
63929,63929,63932,3,0
63929,63929,63932,3,0
63929,63929,63933,4,0
63929,63929,63934,5,0
63929,63929,63934,5,0
63929,63929,63934,5,0
63929,63929,63934,5,0
63929,63929,63933,4,0
63929,63929,63935,6,0
63929,63929,63934,5,0
63929,63929,63936,7,0
63929,63929,63935,6,0
63929,63929,63936,7,0
63929,63929,63937,8,0
63929,63929,63936,7,0
63929,63929,63937,8,0
63929,63929,63939,10,0
63929,63929,63941,12,0
63929,63929,63941,12,0
63929,63929,63941,12,0
63929,63929,63946,17,0
63929,63929,63948,19,0
63929,63929,63964,35,0
63802,63802,64117,315,0
64191,64191,64192,1,0
64191,64191,64193,2,0
64191,64191,64192,1,0
64191,64191,64195,4,0
64191,64191,64194,3,0
64191,64191,64195,4,0
64191,64191,64195,4,0
64191,64191,64195,4,0
64191,64191,64195,4,0
64191,64191,64195,4,0
64191,64191,64196,5,0
64191,64191,64195,4,0
64191,64191,64196,5,0
64191,64191,64196,5,0
64191,64191,64196,5,0
64191,64191,64197,6,0
64191,64191,64198,7,0
64191,64191,64198,7,0
64191,64191,64198,7,0
64191,64191,64198,7,0
64191,64191,64198,7,0
64191,64191,64198,7,0
64191,64191,64199,8,0
64191,64191,64199,8,0
64191,64191,64200,9,0
64191,64191,64200,9,0
64191,64191,64201,10,0
64191,64191,64203,12,0
64191,64191,64204,13,0
64056,64056,64204,148,0
64191,64191,64205,14,0
64191,64191,64206,15,0
64062,64062,64214,152,0
63929,63929,64220,291,0
64068,64068,64232,164,0
64068,64068,64234,166,0
64322,64322,64323,1,0
64322,64322,64323,1,0
64322,64322,64323,1,0
64322,64322,64323,1,0
64322,64322,64323,1,0
64322,64322,64324,2,0
64322,64322,64324,2,0
64322,64323,64324,1,1
64322,64322,64323,1,0
64322,64322,64324,2,0
64322,64322,64325,3,0
64322,64323,64324,1,1
64322,64322,64326,4,0
64322,64322,64325,3,0
64322,64322,64325,3,0
64322,64322,64325,3,0
64322,64322,64326,4,0
64322,64322,64326,4,0
64322,64322,64326,4,0
64327,64327,64329,2,0
64327,64327,64329,2,0
64327,64327,64330,3,0
64327,64327,64330,3,0
64322,64322,64330,8,0
64322,64322,64330,8,0
64322,64322,64329,7,0
64322,64322,64329,7,0
64322,64322,64329,7,0
64327,64327,64330,3,0
64322,64322,64331,9,0
64322,64322,64331,9,0
64327,64327,64332,5,0
64327,64327,64331,4,0
64322,64322,64332,10,0
64327,64327,64332,5,0
64327,64327,64332,5,0
64327,64330,64333,3,3
64327,64331,64332,1,4
64327,64327,64333,6,0
64327,64330,64332,2,3
64327,64332,64333,1,5
64327,64333,64334,1,6
64327,64327,64334,7,0
64327,64330,64333,3,3
64327,64327,64334,7,0
64327,64332,64333,1,5
64322,64322,64333,11,0
64322,64322,64334,12,0
64327,64327,64335,8,0
64327,64327,64335,8,0
64327,64327,64335,8,0
64327,64333,64334,1,6
64327,64333,64334,1,6
64327,64330,64335,5,3
64327,64333,64334,1,6
64327,64331,64335,4,4
64327,64332,64335,3,5
64327,64327,64337,10,0
64327,64335,64337,2,8
64327,64335,64338,3,8
64327,64333,64338,5,6
64327,64334,64337,3,7
64327,64330,64338,8,3
64327,64334,64338,4,7
64327,64335,64338,3,8
64327,64334,64339,5,7
64327,64334,64339,5,7
64327,64337,64338,1,10
64327,64334,64339,5,7
64327,64338,64339,1,11
64327,64337,64340,3,10
64327,64338,64340,2,11
64327,64339,64340,1,12
64327,64338,64339,1,11
64327,64339,64340,1,12
64327,64339,64340,1,12
64327,64330,64339,9,3
64327,64330,64340,10,3
64327,64339,64340,1,12
64327,64335,64341,6,8
64327,64339,64340,1,12
64327,64335,64340,5,8
64327,64338,64340,2,11
64322,64322,64341,19,0
64327,64340,64341,1,13
64327,64333,64341,8,6
64327,64334,64342,8,7
64327,64330,64342,12,3
64327,64335,64343,8,8
64327,64340,64343,3,13
64327,64340,64343,3,13
64327,64340,64343,3,13
64322,64322,64343,21,0
64327,64340,64344,4,13
64327,64331,64344,13,4
64327,64335,64344,9,8
64327,64335,64344,9,8
64327,64341,64345,4,14
64327,64342,64345,3,15
64327,64340,64345,5,13
64327,64341,64344,3,14
64327,64342,64345,3,15
64327,64343,64345,2,16
64327,64343,64345,2,16
64327,64343,64345,2,16
64327,64342,64345,3,15
64327,64334,64345,11,7
64194,64194,64346,152,0
64327,64344,64346,2,17
64327,64335,64346,11,8
64327,64340,64347,7,13
64327,64341,64346,5,14
64327,64334,64347,13,7
64327,64341,64348,7,14
64327,64342,64348,6,15
64327,64340,64349,9,13
64327,64341,64349,8,14
64327,64340,64350,10,13
64327,64344,64351,7,17
64327,64344,64351,7,17
64327,64340,64352,12,13
64327,64330,64352,22,3
64327,64343,64353,10,16
64327,64341,64358,17,14
64327,64343,64358,15,16
64199,64199,64371,172,0
64191,64193,64371,178,2
64197,64197,64375,178,0
64192,64193,64376,183,1
64198,64198,64385,187,0
64195,64195,64436,241,0
64455,64455,64456,1,0
64455,64455,64456,1,0
64455,64455,64457,2,0
64455,64455,64457,2,0
64455,64456,64457,1,1
64455,64455,64459,4,0
64455,64455,64458,3,0
64455,64455,64458,3,0
64455,64455,64459,4,0
64455,64455,64458,3,0
64455,64455,64459,4,0
64455,64455,64460,5,0
64455,64455,64460,5,0
64455,64455,64459,4,0
64455,64455,64459,4,0
64455,64455,64459,4,0
64455,64455,64459,4,0
64455,64455,64459,4,0
64455,64455,64460,5,0
64455,64456,64460,4,1
64455,64455,64460,5,0
64455,64455,64460,5,0
64455,64455,64460,5,0
64455,64455,64462,7,0
64455,64455,64462,7,0
64455,64455,64462,7,0
64455,64455,64462,7,0
64455,64461,64462,1,6
64455,64460,64463,3,5
64455,64461,64462,1,6
64455,64460,64462,2,5
64455,64459,64463,4,4
64455,64460,64462,2,5
64455,64460,64462,2,5
64455,64460,64462,2,5
64455,64460,64463,3,5
64455,64461,64463,2,6
64455,64455,64464,9,0
64455,64455,64463,8,0
64455,64458,64464,6,3
64455,64459,64463,4,4
64455,64460,64463,3,5
64455,64463,64464,1,8
64455,64463,64464,1,8
64455,64459,64463,4,4
64455,64462,64463,1,7
64455,64460,64464,4,5
64455,64463,64464,1,8
64455,64459,64464,5,4
64455,64460,64464,4,5
64455,64459,64465,6,4
64455,64459,64464,5,4
64455,64458,64465,7,3
64455,64463,64465,2,8
64455,64463,64465,2,8
64455,64458,64465,7,3
64455,64455,64465,10,0
64455,64465,64466,1,10
64455,64462,64467,5,7
64455,64464,64467,3,9
64455,64464,64466,2,9
64455,64464,64467,3,9
64455,64465,64466,1,10
64455,64463,64466,3,8
64455,64463,64466,3,8
64455,64465,64467,2,10
64455,64465,64466,1,10
64455,64463,64467,4,8
64455,64464,64467,3,9
64455,64466,64467,1,11
64455,64455,64468,13,0
64455,64464,64468,4,9
64455,64465,64467,2,10
64455,64465,64467,2,10
64455,64464,64468,4,9
64455,64465,64468,3,10
64455,64465,64469,4,10
64455,64463,64468,5,8
64455,64465,64469,4,10
64455,64467,64468,1,12
64455,64467,64468,1,12
64455,64467,64468,1,12
64455,64463,64469,6,8
64455,64455,64470,15,0
64455,64466,64470,4,11
64455,64465,64469,4,10
64455,64468,64470,2,13
64455,64467,64470,3,12
64455,64467,64469,2,12
64455,64467,64471,4,12
64455,64468,64470,2,13
64455,64467,64470,3,12
64455,64467,64471,4,12
64455,64470,64471,1,15
64455,64469,64471,2,14
64455,64468,64471,3,13
64455,64469,64471,2,14
64455,64469,64471,2,14
64455,64455,64472,17,0
64455,64455,64472,17,0
64455,64464,64471,7,9
64455,64469,64471,2,14
64455,64470,64471,1,15
64455,64467,64471,4,12
64459,64471,64472,1,12
64459,64471,64472,1,12
64459,64471,64472,1,12
64455,64467,64472,5,12
64455,64470,64471,1,15
64455,64470,64473,3,15
64455,64468,64472,4,13
64455,64455,64473,18,0
64455,64467,64473,6,12
64455,64467,64473,6,12
64459,64471,64473,2,12
64455,64463,64473,10,8
64455,64464,64473,9,9
64455,64468,64474,6,13
64455,64470,64474,4,15
64455,64471,64474,3,16
64455,64469,64474,5,14
64455,64469,64473,4,14
64455,64470,64473,3,15
64322,64323,64474,151,1
64455,64469,64475,6,14
64459,64472,64475,3,13
64459,64472,64475,3,13
64459,64471,64475,4,12
64459,64472,64475,3,13
64459,64473,64475,2,14
64459,64473,64475,2,14
64459,64473,64475,2,14
64455,64463,64475,12,8
64455,64469,64476,7,14
64459,64474,64475,1,15
64459,64472,64476,4,13
64459,64472,64476,4,13
64459,64474,64477,3,15
64459,64471,64477,6,12
64459,64473,64478,5,14
64459,64474,64478,4,15
64459,64474,64478,4,15
64459,64472,64478,6,13
64459,64472,64478,6,13
64459,64475,64478,3,16
64459,64474,64479,5,15
64459,64474,64479,5,15
64459,64472,64478,6,13
64459,64476,64479,3,17
64459,64471,64479,8,12
64459,64475,64479,4,16
64459,64475,64479,4,16
64459,64477,64479,2,18
64459,64475,64479,4,16
64459,64476,64478,2,17
64455,64464,64480,16,9
64459,64475,64479,4,16
64459,64475,64480,5,16
64459,64477,64480,3,18
64459,64479,64480,1,20
64459,64479,64480,1,20
64459,64476,64480,4,17
64459,64472,64480,8,13
64459,64478,64481,3,19
64459,64479,64481,2,20
64459,64475,64481,6,16
64459,64480,64481,1,21
64459,64475,64481,6,16
64459,64480,64481,1,21
64459,64480,64481,1,21
64459,64480,64481,1,21
64459,64474,64482,8,15
64459,64474,64482,8,15
64459,64478,64482,4,19
64459,64477,64482,5,18
64459,64479,64482,3,20
64459,64474,64483,9,15
64459,64478,64483,5,19
64459,64478,64483,5,19
64459,64473,64484,11,14
64459,64473,64485,12,14
64459,64476,64488,12,17
64455,64455,64489,34,0
64459,64479,64489,10,20
64459,64479,64490,11,20
64459,64472,64490,18,13
64459,64472,64518,46,13
64581,64581,64582,1,0
64581,64581,64582,1,0
64581,64581,64582,1,0
64581,64581,64582,1,0
64581,64581,64582,1,0
64581,64581,64582,1,0
64581,64581,64582,1,0
64581,64581,64582,1,0
64581,64581,64582,1,0
64581,64581,64582,1,0
64581,64581,64583,2,0
64581,64581,64582,1,0
64581,64581,64582,1,0
64581,64581,64582,1,0
64581,64581,64582,1,0
64581,64581,64583,2,0
64581,64581,64584,3,0
64581,64581,64584,3,0
64581,64581,64584,3,0
64581,64581,64584,3,0
64581,64581,64584,3,0
64581,64581,64585,4,0
64581,64581,64585,4,0
64581,64581,64586,5,0
64581,64581,64586,5,0
64581,64581,64587,6,0
64581,64581,64588,7,0
64581,64581,64587,6,0
64581,64581,64591,10,0
64581,64581,64594,13,0
64593,64593,64594,1,0
64593,64593,64595,2,0
64593,64593,64595,2,0
64593,64593,64595,2,0
64593,64593,64596,3,0
64593,64594,64596,2,1
64593,64593,64596,3,0
64593,64593,64596,3,0
64593,64593,64596,3,0
64593,64593,64596,3,0
64593,64593,64596,3,0
64593,64593,64597,4,0
64593,64593,64597,4,0
64593,64593,64597,4,0
64593,64594,64597,3,1
64593,64596,64597,1,3
64593,64593,64597,4,0
64593,64593,64598,5,0
64593,64593,64598,5,0
64593,64593,64598,5,0
64593,64596,64598,2,3
64593,64593,64599,6,0
64593,64596,64599,3,3
64593,64593,64599,6,0
64593,64596,64599,3,3
64593,64598,64599,1,5
64593,64598,64600,2,5
64593,64593,64600,7,0
64593,64598,64600,2,5
64593,64593,64601,8,0
64593,64597,64600,3,4
64593,64597,64600,3,4
64593,64597,64601,4,4
64593,64598,64600,2,5
64593,64599,64600,1,6
64593,64597,64600,3,4
64593,64594,64601,7,1
64593,64593,64601,8,0
64593,64598,64601,3,5
64593,64598,64601,3,5
64593,64593,64601,8,0
64593,64594,64601,7,1
64593,64600,64601,1,7
64593,64600,64601,1,7
64593,64597,64602,5,4
64593,64600,64601,1,7
64593,64600,64601,1,7
64593,64600,64602,2,7
64593,64597,64602,5,4
64593,64599,64602,3,6
64593,64599,64602,3,6
64593,64601,64602,1,8
64593,64599,64602,3,6
64593,64594,64603,9,1
64593,64593,64603,10,0
64593,64601,64603,2,8
64593,64601,64603,2,8
64603,64603,64604,1,0
64603,64603,64604,1,0
64603,64603,64604,1,0
64593,64593,64605,12,0
64603,64603,64605,2,0
64603,64603,64606,3,0
64603,64603,64605,2,0
64593,64593,64605,12,0
64603,64603,64605,2,0
64603,64603,64606,3,0
64593,64593,64606,13,0
64603,64603,64607,4,0
64603,64603,64606,3,0
64603,64603,64606,3,0
64603,64603,64607,4,0
64603,64603,64606,3,0
64603,64604,64606,2,1
64603,64603,64606,3,0
64603,64603,64606,3,0
64603,64605,64606,1,2
64603,64605,64606,1,2
64603,64605,64606,1,2
64603,64603,64607,4,0
64603,64604,64608,4,1
64603,64605,64608,3,2
64603,64603,64608,5,0
64603,64603,64608,5,0
64603,64603,64608,5,0
64603,64604,64608,4,1
64603,64603,64610,7,0
64603,64604,64612,8,1
64603,64603,64611,8,0
64603,64603,64612,9,0
64581,64581,64617,36,0
64603,64603,64618,15,0
64593,64597,64621,24,4
64455,64471,64630,159,16
64327,64344,64631,287,17
64594,64601,64746,145,7
64603,64606,64764,158,3
64864,64864,64865,1,0
64864,64864,64865,1,0
64864,64864,64866,2,0
64864,64864,64865,1,0
64864,64864,64866,2,0
64864,64864,64866,2,0
64864,64864,64866,2,0
64864,64864,64867,3,0
64864,64864,64868,4,0
64864,64864,64867,3,0
64864,64864,64867,3,0
64864,64864,64867,3,0
64864,64864,64867,3,0
64864,64864,64867,3,0
64864,64864,64867,3,0
64864,64864,64867,3,0
64864,64864,64867,3,0
64864,64864,64868,4,0
64864,64864,64868,4,0
64864,64864,64868,4,0
64864,64864,64868,4,0
64864,64864,64868,4,0
64864,64864,64869,5,0
64864,64864,64869,5,0
64864,64868,64870,2,4
64864,64866,64869,3,2
64864,64864,64871,7,0
64864,64868,64871,3,4
64864,64869,64870,1,5
64864,64867,64870,3,3
64864,64868,64871,3,4
64864,64869,64871,2,5
64864,64869,64870,1,5
64864,64868,64871,3,4
64864,64864,64871,7,0
64864,64869,64872,3,5
64864,64869,64872,3,5
64864,64867,64872,5,3
64864,64869,64871,2,5
64864,64870,64871,1,6
64864,64868,64872,4,4
64864,64870,64871,1,6
64864,64864,64871,7,0
64864,64868,64871,3,4
64864,64869,64872,3,5
64864,64868,64873,5,4
64864,64868,64873,5,4
64864,64868,64873,5,4
64864,64868,64873,5,4
64864,64866,64873,7,2
64864,64866,64873,7,2
64864,64871,64872,1,7
64864,64866,64872,6,2
64864,64864,64873,9,0
64864,64864,64873,9,0
64864,64864,64873,9,0
64864,64864,64873,9,0
64864,64871,64874,3,7
64864,64867,64874,7,3
64864,64864,64884,20,0
64864,64864,64886,22,0
64864,64864,64886,22,0
64581,64581,64915,334,0
64998,64999,65000,1,1
64998,64999,65000,1,1
64998,64999,65001,2,1
64998,64999,65002,3,1
64998,64999,65003,4,1
64998,64999,65003,4,1
64998,64999,65002,3,1
64998,64999,65002,3,1
64998,64999,65002,3,1
64998,64999,65003,4,1
64998,64999,65003,4,1
64998,64999,65003,4,1
64998,64999,65003,4,1
64998,64999,65004,5,1
64998,64999,65004,5,1
64998,64999,65006,7,1
64998,64999,65006,7,1
64998,64999,65006,7,1
64998,64999,65007,8,1
64998,64999,65008,9,1
64998,64999,65008,9,1
64998,64999,65008,9,1
64998,64999,65008,9,1
64998,64999,65008,9,1
64998,64999,65009,10,1
64998,64999,65010,11,1
64998,64999,65010,11,1
64998,64999,65010,11,1
64998,64999,65009,10,1
64998,64999,65020,21,1
64858,64858,65021,163,0
64864,64871,65026,155,7
64998,64999,65027,28,1
64870,64871,65033,162,1
64873,64873,65038,165,0
64872,64872,65044,172,0
65121,65121,65122,1,0
65121,65121,65122,1,0
65121,65121,65122,1,0
65121,65121,65123,2,0
65121,65121,65122,1,0
65121,65121,65123,2,0
65121,65121,65123,2,0
65121,65121,65122,1,0
65121,65121,65123,2,0
65121,65121,65123,2,0
65121,65121,65123,2,0
65121,65121,65123,2,0
65121,65121,65124,3,0
65121,65121,65124,3,0
65121,65121,65123,2,0
65121,65121,65124,3,0
65121,65121,65124,3,0
65121,65121,65124,3,0
65121,65121,65124,3,0
65121,65121,65125,4,0
65125,65125,65126,1,0
65121,65121,65125,4,0
65121,65121,65127,6,0
65125,65125,65126,1,0
65125,65125,65126,1,0
65125,65125,65126,1,0
65125,65125,65126,1,0
65121,65121,65126,5,0
65121,65121,65126,5,0
65121,65121,65127,6,0
65125,65125,65127,2,0
65125,65126,65127,1,1
65125,65126,65127,1,1
65125,65125,65128,3,0
65125,65125,65127,2,0
65125,65125,65127,2,0
65125,65125,65127,2,0
65125,65127,65128,1,2
65125,65125,65128,3,0
65125,65127,65128,1,2
65125,65127,65128,1,2
65125,65125,65129,4,0
65125,65127,65128,1,2
65125,65127,65128,1,2
65121,65121,65130,9,0
65121,65121,65129,8,0
65125,65126,65129,3,1
65125,65128,65129,1,3
65125,65127,65130,3,2
65125,65127,65130,3,2
65125,65125,65130,5,0
65125,65125,65131,6,0
65125,65125,65130,5,0
65125,65125,65130,5,0
65125,65129,65131,2,4
65125,65128,65130,2,3
65125,65128,65130,2,3
65125,65129,65131,2,4
65125,65125,65131,6,0
65125,65130,65131,1,5
65125,65129,65131,2,4
65125,65128,65132,4,3
65125,65128,65132,4,3
65125,65130,65132,2,5
65125,65129,65131,2,4
65125,65129,65131,2,4
65125,65131,65132,1,6
65125,65129,65133,4,4
65125,65128,65133,5,3
65125,65131,65132,1,6
65121,65121,65132,11,0
65125,65125,65132,7,0
65125,65128,65132,4,3
65125,65131,65132,1,6
65125,65131,65132,1,6
65125,65131,65132,1,6
65121,65121,65133,12,0
65125,65125,65133,8,0
65125,65130,65134,4,5
65125,65131,65133,2,6
65125,65131,65134,3,6
65125,65130,65134,4,5
65125,65130,65133,3,5
65125,65128,65135,7,3
65125,65125,65136,11,0
65121,65121,65137,16,0
65125,65125,65144,19,0
65125,65128,65145,17,3
65125,65125,65144,19,0
65121,65121,65147,26,0
65125,65125,65149,24,0
65125,65130,65152,22,5
65125,65130,65153,23,5
65253,65253,65254,1,0
65253,65253,65254,1,0
65253,65253,65254,1,0
65253,65253,65255,2,0
65253,65253,65256,3,0
65253,65253,65255,2,0
65253,65253,65255,2,0
65253,65253,65256,3,0
65253,65253,65255,2,0
65253,65253,65256,3,0
65253,65253,65255,2,0
65253,65253,65256,3,0
65253,65253,65256,3,0
65253,65253,65255,2,0
65253,65253,65256,3,0
65253,65253,65256,3,0
65253,65253,65256,3,0
65253,65253,65256,3,0
65253,65253,65257,4,0
65253,65253,65257,4,0
65253,65253,65257,4,0
65253,65253,65258,5,0
65253,65253,65257,4,0
65253,65253,65258,5,0
65253,65253,65259,6,0
65253,65253,65259,6,0
65253,65253,65260,7,0
65253,65254,65262,8,1
65253,65253,65262,9,0
65253,65253,65263,10,0
65253,65253,65263,10,0
65253,65255,65267,12,2
65253,65253,65288,35,0
65378,65378,65379,1,0
65378,65378,65379,1,0
65378,65378,65380,2,0
65378,65379,65380,1,1
65378,65379,65380,1,1
65378,65379,65380,1,1
65378,65378,65380,2,0
65378,65379,65380,1,1
65378,65379,65380,1,1
65378,65379,65381,2,1
65378,65379,65381,2,1
65378,65379,65381,2,1
65121,65121,65381,260,0
65378,65379,65381,2,1
65378,65379,65381,2,1
65378,65379,65382,3,1
65378,65379,65382,3,1
65378,65379,65382,3,1
65378,65379,65382,3,1
65378,65378,65382,4,0
65378,65379,65383,4,1
65378,65378,65383,5,0
65378,65379,65383,4,1
65378,65378,65384,6,0
65378,65379,65383,4,1
65382,65382,65383,1,0
65378,65378,65384,6,0
65382,65382,65383,1,0
65382,65382,65384,2,0
65382,65382,65383,1,0
65382,65382,65384,2,0
65382,65382,65384,2,0
65378,65379,65384,5,1
65378,65379,65384,5,1
65378,65378,65384,6,0
65378,65379,65384,5,1
65378,65378,65385,7,0
65382,65382,65384,2,0
65382,65384,65385,1,2
65382,65383,65384,1,1
65382,65382,65385,3,0
65382,65382,65385,3,0
65382,65383,65384,1,1
65382,65384,65385,1,2
65382,65383,65385,2,1
65382,65382,65385,3,0
65382,65382,65386,4,0
65382,65384,65385,1,2
65382,65384,65385,1,2
65382,65382,65386,4,0
65382,65384,65387,3,2
65382,65384,65387,3,2
65382,65382,65387,5,0
65382,65384,65388,4,2
65382,65383,65389,6,1
65382,65383,65391,8,1
65382,65384,65397,13,2
65378,65379,65397,18,1
65382,65382,65399,17,0
65382,65382,65399,17,0
65382,65384,65407,23,2
65382,65382,65421,39,0
65382,65382,65430,48,0
65508,65508,65509,1,0
65508,65508,65509,1,0
65508,65508,65509,1,0
65508,65508,65509,1,0
65508,65508,65509,1,0
65508,65508,65509,1,0
65508,65508,65509,1,0
65508,65508,65509,1,0
65508,65508,65510,2,0
65508,65508,65509,1,0
65508,65508,65509,1,0
65508,65508,65509,1,0
65508,65508,65509,1,0
65508,65508,65511,3,0
65508,65508,65510,2,0
65508,65508,65511,3,0
65508,65508,65512,4,0
65508,65508,65512,4,0
65508,65508,65512,4,0
65508,65508,65513,5,0
65508,65508,65513,5,0
65508,65508,65515,7,0
65508,65508,65516,8,0
65508,65508,65516,8,0
65508,65508,65518,10,0
65508,65508,65518,10,0
65508,65508,65518,10,0
65508,65508,65518,10,0
65508,65508,65518,10,0
65508,65508,65528,20,0
65508,65508,65532,24,0
65382,65384,65542,158,2
65385,65385,65550,165,0
65253,65256,65558,302,3
65642,65642,65643,1,0
65642,65642,65643,1,0
65642,65642,65644,2,0
65642,65642,65644,2,0
65642,65642,65644,2,0
65642,65642,65644,2,0
65642,65643,65644,1,1
65642,65643,65644,1,1
65642,65642,65645,3,0
65642,65642,65645,3,0
65642,65642,65645,3,0
65642,65642,65645,3,0
65642,65642,65645,3,0
65642,65642,65645,3,0
65642,65642,65645,3,0
65642,65642,65645,3,0
65642,65642,65645,3,0
65642,65644,65645,1,2
65642,65644,65646,2,2
65642,65642,65648,6,0
65642,65642,65648,6,0
65647,65647,65648,1,0
65647,65647,65649,2,0
65647,65647,65648,1,0
65642,65642,65649,7,0
65642,65642,65649,7,0
65642,65642,65649,7,0
65647,65647,65650,3,0
65647,65647,65650,3,0
65647,65647,65650,3,0
65647,65647,65650,3,0
65647,65647,65650,3,0
65647,65647,65649,2,0
65647,65647,65650,3,0
65647,65647,65650,3,0
65647,65647,65651,4,0
65647,65647,65650,3,0
65647,65647,65651,4,0
65647,65649,65650,1,2
65647,65649,65650,1,2
65647,65649,65651,2,2
65647,65650,65651,1,3
65642,65642,65651,9,0
65647,65650,65652,2,3
65647,65650,65652,2,3
65647,65650,65651,1,3
65642,65642,65652,10,0
65647,65650,65653,3,3
65647,65650,65653,3,3
65647,65650,65653,3,3
65647,65651,65653,2,4
65647,65651,65654,3,4
65642,65642,65654,12,0
65642,65642,65654,12,0
65642,65642,65654,12,0
65642,65642,65655,13,0
65647,65649,65655,6,2
65379,65379,65656,277,0
65647,65648,65657,9,1
65647,65650,65659,9,3
65647,65650,65658,8,3
65514,65514,65667,153,0
65647,65650,65671,21,3
65642,65642,65678,36,0
65516,65516,65685,169,0
65511,65511,65700,189,0
65519,65519,65713,194,0
65515,65515,65723,208,0
65518,65518,65732,214,0
65517,65517,65741,224,0
65772,65773,65774,1,1
65772,65773,65774,1,1
65772,65773,65774,1,1
65772,65773,65774,1,1
65772,65773,65774,1,1
65772,65773,65774,1,1
65772,65773,65774,1,1
65772,65773,65774,1,1
65772,65773,65774,1,1
65772,65773,65774,1,1
65772,65773,65774,1,1
65772,65773,65774,1,1
65772,65773,65774,1,1
65772,65773,65774,1,1
65772,65773,65775,2,1
65772,65773,65775,2,1
65772,65773,65775,2,1
65772,65773,65775,2,1
65772,65773,65775,2,1
65773,65773,65775,2,0
65772,65773,65775,2,1
65772,65773,65775,2,1
65773,65775,65776,1,2
65773,65775,65776,1,2
65773,65775,65776,1,2
65772,65773,65776,3,1
65772,65773,65776,3,1
65772,65773,65776,3,1
65773,65775,65776,1,2
65773,65775,65776,1,2
65773,65775,65776,1,2
65772,65773,65776,3,1
65772,65773,65776,3,1
65773,65775,65776,1,2
65773,65775,65776,1,2
65773,65776,65777,1,3
65773,65776,65777,1,3
65773,65775,65776,1,2
65773,65775,65776,1,2
65773,65775,65776,1,2
65773,65775,65776,1,2
65773,65775,65776,1,2
65773,65775,65776,1,2
65773,65776,65778,2,3
65773,65777,65778,1,4
65773,65777,65778,1,4
65773,65776,65777,1,3
65773,65776,65777,1,3
65773,65776,65778,2,3
65773,65776,65778,2,3
65773,65776,65778,2,3
65773,65776,65778,2,3
65773,65776,65778,2,3
65773,65776,65778,2,3
65773,65777,65778,1,4
65773,65777,65778,1,4
65773,65777,65778,1,4
65773,65777,65778,1,4
65773,65777,65778,1,4
65773,65777,65778,1,4
65773,65777,65778,1,4
65773,65777,65778,1,4
65773,65778,65779,1,5
65773,65777,65778,1,4
65773,65777,65778,1,4
65773,65777,65778,1,4
65773,65778,65779,1,5
65773,65773,65779,6,0
65773,65773,65779,6,0
65773,65777,65779,2,4
65773,65777,65779,2,4
65773,65777,65779,2,4
65773,65777,65779,2,4
65773,65778,65779,1,5
65773,65778,65779,1,5
65773,65779,65780,1,6
65773,65779,65780,1,6
65773,65779,65780,1,6
65773,65779,65780,1,6
65773,65779,65780,1,6
65773,65779,65780,1,6
65772,65773,65780,7,1
65772,65773,65780,7,1
65772,65773,65781,8,1
65773,65778,65781,3,5
65773,65779,65780,1,6
65773,65779,65780,1,6
65773,65780,65781,1,7
65773,65780,65781,1,7
65773,65779,65781,2,6
65773,65779,65781,2,6
65773,65779,65780,1,6
65773,65780,65781,1,7
65773,65779,65780,1,6
65773,65779,65781,2,6
65773,65780,65781,1,7
65773,65780,65781,1,7
65773,65779,65781,2,6
65773,65779,65781,2,6
65773,65779,65781,2,6
65773,65779,65781,2,6
65773,65780,65781,1,7
65773,65780,65781,1,7
65773,65780,65781,1,7
65773,65781,65782,1,8
65773,65781,65782,1,8
65773,65781,65782,1,8
65772,65773,65782,9,1
65773,65779,65783,4,6
65773,65779,65783,4,6
65773,65780,65782,2,7
65773,65780,65782,2,7
65773,65781,65782,1,8
65773,65781,65782,1,8
65773,65781,65782,1,8
65773,65781,65782,1,8
65773,65781,65782,1,8
65773,65780,65784,4,7
65773,65781,65783,2,8
65773,65781,65783,2,8
65773,65780,65784,4,7
65773,65783,65785,2,10
65773,65783,65784,1,10
65773,65783,65785,2,10
65773,65783,65784,1,10
65773,65783,65784,1,10
65773,65780,65786,6,7
65773,65783,65786,3,10
65773,65781,65786,5,8
65773,65784,65785,1,11
65773,65782,65786,4,9
65773,65782,65786,4,9
65773,65781,65786,5,8
65773,65783,65787,4,10
65773,65784,65786,2,11
65773,65783,65787,4,10
65773,65784,65787,3,11
65773,65781,65787,6,8
65773,65781,65787,6,8
65773,65782,65787,5,9
65773,65782,65787,5,9
65773,65783,65787,4,10
65773,65785,65787,2,12
65779,65787,65788,1,8
65773,65777,65788,11,4
65773,65781,65788,7,8
65773,65782,65789,7,9
65779,65788,65789,1,9
65779,65787,65788,1,8
65779,65787,65788,1,8
65779,65788,65789,1,9
65779,65788,65789,1,9
65779,65788,65789,1,9
65773,65782,65789,7,9
65773,65782,65789,7,9
65779,65788,65790,2,9
65779,65789,65790,1,10
65779,65788,65789,1,9
65779,65788,65790,2,9
65779,65788,65790,2,9
65779,65789,65790,1,10
65779,65788,65790,2,9
65779,65788,65790,2,9
65779,65790,65791,1,11
65779,65790,65791,1,11
65773,65783,65790,7,10
65779,65788,65791,3,9
65779,65789,65791,2,10
65779,65790,65791,1,11
65779,65790,65791,1,11
65773,65782,65791,9,9
65779,65788,65791,3,9
65779,65788,65791,3,9
65779,65788,65792,4,9
65779,65788,65792,4,9
65779,65788,65792,4,9
65779,65788,65791,3,9
65773,65782,65792,10,9
65773,65782,65792,10,9
65772,65773,65795,22,1
65779,65789,65796,7,10
65779,65789,65796,7,10
65779,65788,65800,12,9
65779,65788,65800,12,9
65773,65781,65801,20,8
65643,65645,65809,164,2
65773,65780,65810,30,7
65508,65508,65845,337,0
65773,65787,65961,174,14
66034,66034,66035,1,0
66034,66034,66035,1,0
66034,66034,66035,1,0
66034,66034,66035,1,0
66034,66034,66035,1,0
66034,66034,66036,2,0
66034,66034,66035,1,0
66034,66034,66035,1,0
66034,66034,66036,2,0
66034,66034,66035,1,0
66034,66034,66035,1,0
66034,66034,66035,1,0
66034,66034,66035,1,0
66034,66034,66035,1,0
66034,66034,66037,3,0
66034,66034,66037,3,0
66034,66034,66036,2,0
66034,66034,66037,3,0
66034,66034,66037,3,0
66034,66034,66039,5,0
66034,66036,66039,3,2
66034,66034,66039,5,0
66034,66037,66040,3,3
66034,66036,66039,3,2
66034,66036,66039,3,2
66034,66034,66041,7,0
66034,66034,66040,6,0
66034,66037,66041,4,3
66034,66034,66041,7,0
66034,66034,66040,6,0
66034,66034,66040,6,0
66034,66039,66040,1,5
66034,66036,66041,5,2
66034,66036,66041,5,2
66034,66036,66041,5,2
66034,66036,66042,6,2
66034,66036,66042,6,2
66034,66036,66042,6,2
66034,66037,66042,5,3
66034,66038,66041,3,4
66034,66038,66041,3,4
66034,66036,66042,6,2
66034,66040,66041,1,6
66034,66034,66041,7,0
66034,66040,66041,1,6
66034,66040,66041,1,6
66034,66034,66042,8,0
66034,66034,66042,8,0
66034,66039,66042,3,5
66034,66036,66042,6,2
66034,66036,66043,7,2
66034,66036,66043,7,2
66034,66040,66043,3,6
66034,66036,66043,7,2
66034,66041,66044,3,7
65901,65901,66044,143,0
66034,66034,66044,10,0
66034,66034,66045,11,0
66034,66034,66044,10,0
66034,66034,66045,11,0
66034,66034,66045,11,0
66034,66034,66046,12,0
66034,66041,66072,31,7
66162,66162,66163,1,0
66162,66162,66163,1,0
66162,66162,66163,1,0
66162,66162,66163,1,0
66162,66162,66163,1,0
66162,66162,66163,1,0
66162,66162,66163,1,0
66162,66162,66163,1,0
66162,66162,66163,1,0
66162,66162,66163,1,0
66162,66162,66163,1,0
66162,66162,66163,1,0
66162,66162,66163,1,0
66162,66162,66163,1,0
66162,66162,66163,1,0
66162,66162,66163,1,0
66162,66162,66165,3,0
66162,66162,66164,2,0
66162,66162,66165,3,0
66162,66162,66165,3,0
66162,66164,66165,1,2
66162,66162,66166,4,0
66162,66164,66167,3,2
66162,66164,66166,2,2
66162,66164,66167,3,2
66162,66162,66167,5,0
66162,66164,66168,4,2
66162,66164,66167,3,2
66162,66166,66167,1,4
66162,66167,66168,1,5
66162,66162,66169,7,0
66162,66162,66168,6,0
66162,66162,66168,6,0
66162,66163,66168,5,1
66162,66164,66168,4,2
66162,66164,66168,4,2
66162,66163,66168,5,1
66162,66167,66168,1,5
66162,66167,66168,1,5
66162,66163,66168,5,1
66162,66164,66169,5,2
66162,66165,66169,4,3
66162,66165,66169,4,3
66162,66166,66169,3,4
66162,66162,66169,7,0
66162,66164,66169,5,2
66167,66168,66169,1,1
66167,66168,66169,1,1
66167,66168,66169,1,1
66162,66162,66170,8,0
66162,66162,66170,8,0
66162,66164,66171,7,2
66162,66167,66170,3,5
66162,66164,66171,7,2
66162,66164,66171,7,2
66167,66170,66172,2,3
66167,66170,66172,2,3
66162,66162,66172,10,0
66162,66168,66172,4,6
66167,66171,66172,1,4
66167,66172,66173,1,5
66162,66162,66172,10,0
66162,66162,66172,10,0
66162,66162,66173,11,0
66167,66170,66172,2,3
66167,66169,66173,4,2
66167,66170,66173,3,3
66167,66172,66173,1,5
66167,66171,66173,2,4
66167,66172,66173,1,5
66167,66172,66173,1,5
66162,66162,66174,12,0
66162,66162,66175,13,0
66167,66169,66174,5,2
66167,66169,66174,5,2
66167,66170,66175,5,3
66162,66162,66175,13,0
66167,66169,66175,6,2
66162,66166,66176,10,4
66167,66169,66176,7,2
66167,66170,66176,6,3
66167,66170,66175,5,3
66167,66170,66175,5,3
66167,66169,66177,8,2
66167,66169,66176,7,2
66162,66162,66178,16,0
66167,66169,66177,8,2
66167,66170,66177,7,3
66167,66169,66180,11,2
66167,66169,66180,11,2
66167,66171,66185,14,4
66167,66173,66184,11,6
66167,66171,66187,16,4
66162,66168,66321,153,6
66174,66175,66352,177,1
66172,66175,66362,187,3
66173,66175,66367,192,2
66422,66422,66423,1,0
66422,66422,66423,1,0
66422,66422,66424,2,0
66422,66422,66424,2,0
66422,66422,66423,1,0
66422,66422,66423,1,0
66422,66422,66423,1,0
66422,66422,66423,1,0
66422,66422,66423,1,0
66422,66422,66423,1,0
66422,66422,66423,1,0
66422,66422,66423,1,0
66422,66422,66423,1,0
66422,66422,66423,1,0
66422,66422,66423,1,0
66422,66422,66423,1,0
66170,66175,66424,249,5
66422,66422,66425,3,0
66422,66422,66426,4,0
66422,66422,66425,3,0
66422,66422,66426,4,0
66422,66424,66426,2,2
66422,66422,66425,3,0
66422,66424,66427,3,2
66422,66424,66427,3,2
66422,66424,66428,4,2
66422,66426,66428,2,4
66422,66424,66428,4,2
66422,66424,66428,4,2
66422,66424,66429,5,2
66422,66427,66429,2,5
66422,66424,66429,5,2
66422,66424,66429,5,2
66422,66427,66429,2,5
66422,66422,66429,7,0
66422,66426,66430,4,4
66422,66424,66430,6,2
66422,66422,66430,8,0
66422,66422,66430,8,0
66422,66424,66429,5,2
66422,66428,66429,1,6
66422,66424,66430,6,2
66422,66428,66430,2,6
66422,66428,66429,1,6
66422,66428,66429,1,6
66422,66426,66431,5,4
66422,66426,66431,5,4
66422,66424,66431,7,2
66422,66424,66431,7,2
66422,66422,66432,10,0
66422,66426,66432,6,4
66422,66424,66432,8,2
66422,66424,66432,8,2
66422,66422,66432,10,0
66422,66425,66433,8,3
66422,66422,66433,11,0
66422,66424,66433,9,2
66422,66422,66434,12,0
66422,66422,66439,17,0
66422,66422,66438,16,0
66422,66422,66439,17,0
66422,66422,66439,17,0
66171,66175,66443,268,4
66422,66422,66444,22,0
66167,66173,66467,294,6
66544,66544,66545,1,0
66544,66544,66546,2,0
66544,66544,66546,2,0
66544,66544,66547,3,0
66544,66545,66547,2,1
66544,66544,66547,3,0
66544,66545,66547,2,1
66544,66544,66547,3,0
66544,66544,66548,4,0
66544,66545,66548,3,1
66544,66545,66548,3,1
66544,66545,66548,3,1
66544,66545,66548,3,1
66544,66544,66548,4,0
66544,66545,66549,4,1
66544,66544,66549,5,0
66544,66544,66549,5,0
66544,66544,66549,5,0
66544,66545,66549,4,1
66544,66545,66550,5,1
66544,66544,66550,6,0
66544,66544,66551,7,0
66544,66544,66552,8,0
66544,66544,66552,8,0
66550,66551,66552,1,1
66550,66551,66552,1,1
66550,66551,66552,1,1
66550,66551,66552,1,1
66544,66545,66552,7,1
66550,66551,66553,2,1
66544,66545,66553,8,1
66550,66552,66553,1,2
66550,66551,66553,2,1
66544,66545,66553,8,1
66550,66551,66555,4,1
66550,66553,66554,1,3
66550,66553,66554,1,3
66550,66553,66554,1,3
66550,66553,66554,1,3
66550,66551,66555,4,1
66550,66551,66555,4,1
66550,66551,66555,4,1
66550,66551,66556,5,1
66550,66551,66557,6,1
66550,66551,66556,5,1
66550,66551,66556,5,1
66544,66545,66557,12,1
66550,66551,66558,7,1
66550,66551,66558,7,1
66550,66551,66558,7,1
66550,66551,66559,8,1
66544,66544,66559,15,0
66550,66551,66560,9,1
66550,66551,66560,9,1
66544,66545,66562,17,1
66544,66544,66562,18,0
66550,66551,66563,12,1
66550,66551,66564,13,1
66550,66552,66567,15,2
66550,66551,66569,18,1
66550,66551,66571,20,1
66550,66551,66573,22,1
66803,66803,66805,2,0
66803,66803,66804,1,0
66803,66803,66804,1,0
66803,66803,66806,3,0
66803,66803,66807,4,0
66803,66803,66807,4,0
66803,66803,66807,4,0
66803,66803,66807,4,0
66803,66803,66808,5,0
66803,66803,66807,4,0
66803,66803,66808,5,0
66803,66803,66808,5,0
66803,66803,66810,7,0
66803,66803,66810,7,0
66803,66803,66810,7,0
66803,66803,66809,6,0
66803,66803,66810,7,0
66803,66803,66809,6,0
66803,66803,66811,8,0
66803,66803,66810,7,0
66803,66803,66810,7,0
66803,66803,66810,7,0
66803,66803,66812,9,0
66803,66803,66811,8,0
66803,66803,66811,8,0
66803,66803,66812,9,0
66803,66803,66813,10,0
66803,66803,66813,10,0
66803,66803,66814,11,0
66803,66803,66816,13,0
66803,66803,66820,17,0
66545,66545,66827,282,0
66673,66673,66850,177,0
66925,66925,66927,2,0
66925,66925,66926,1,0
66925,66925,66926,1,0
66925,66925,66928,3,0
66925,66925,66928,3,0
66925,66925,66928,3,0
66925,66925,66928,3,0
66925,66925,66929,4,0
66925,66925,66929,4,0
66925,66925,66928,3,0
66925,66925,66930,5,0
66925,66925,66930,5,0
66925,66925,66930,5,0
66925,66925,66929,4,0
66925,66925,66929,4,0
66925,66925,66930,5,0
66925,66925,66931,6,0
66925,66925,66932,7,0
66925,66925,66932,7,0
66925,66925,66933,8,0
66925,66925,66932,7,0
66925,66925,66932,7,0
66925,66925,66933,8,0
66932,66932,66933,1,0
66932,66932,66933,1,0
66925,66925,66933,8,0
66932,66932,66933,1,0
66932,66932,66934,2,0
66932,66933,66935,2,1
66932,66933,66935,2,1
66932,66933,66934,1,1
66932,66933,66934,1,1
66932,66934,66935,1,2
66932,66932,66936,4,0
66932,66934,66935,1,2
66932,66933,66936,3,1
66932,66932,66937,5,0
66932,66932,66936,4,0
66932,66932,66936,4,0
66932,66932,66936,4,0
66935,66935,66937,2,0
66935,66935,66937,2,0
66935,66935,66936,1,0
66932,66932,66938,6,0
66935,66935,66938,3,0
66932,66932,66938,6,0
66932,66932,66939,7,0
66925,66925,66939,14,0
66925,66925,66939,14,0
66925,66925,66939,14,0
66932,66932,66939,7,0
66932,66934,66940,6,2
66925,66925,66940,15,0
66935,66936,66940,4,1
66932,66932,66940,8,0
66935,66936,66941,5,1
66935,66936,66941,5,1
66935,66940,66941,1,5
66935,66939,66942,3,4
66935,66940,66941,1,5
66935,66937,66942,5,2
66935,66937,66942,5,2
66935,66939,66941,2,4
66935,66937,66942,5,2
66935,66941,66942,1,6
66935,66939,66942,3,4
66932,66932,66942,10,0
66935,66940,66943,3,5
66935,66940,66943,3,5
66935,66942,66943,1,7
66935,66939,66943,4,4
66935,66940,66943,3,5
66935,66940,66943,3,5
66935,66942,66943,1,7
66935,66942,66943,1,7
66935,66942,66943,1,7
66932,66932,66944,12,0
66935,66937,66944,7,2
66925,66925,66945,20,0
66932,66932,66945,13,0
66932,66932,66944,12,0
66935,66938,66945,7,3
66935,66937,66944,7,2
66935,66937,66945,8,2
66935,66937,66945,8,2
66932,66932,66946,14,0
66932,66933,66947,14,1
66932,66932,66948,16,0
66932,66932,66948,16,0
66935,66937,66948,11,2
66932,66932,66948,16,0
66925,66925,66949,24,0
66925,66925,66950,25,0
67059,67059,67060,1,0
67059,67059,67060,1,0
67059,67059,67060,1,0
67059,67059,67060,1,0
67059,67059,67060,1,0
67059,67059,67061,2,0
67059,67059,67061,2,0
67059,67059,67061,2,0
67059,67060,67061,1,1
67059,67059,67061,2,0
67059,67060,67061,1,1
67059,67060,67061,1,1
67059,67059,67062,3,0
67059,67060,67062,2,1
67059,67060,67062,2,1
67059,67059,67062,3,0
67059,67059,67063,4,0
67059,67059,67064,5,0
67059,67060,67064,4,1
67059,67060,67065,5,1
67059,67060,67066,6,1
67059,67060,67067,7,1
67059,67060,67067,7,1
67059,67060,67067,7,1
67059,67060,67067,7,1
66932,66935,67068,133,3
67059,67059,67068,9,0
67059,67060,67069,9,1
67059,67060,67087,27,1
67059,67060,67087,27,1
67059,67059,67090,31,0
67059,67060,67092,32,1
66936,66942,67103,161,6
66936,66943,67109,166,7
67191,67191,67192,1,0
67191,67191,67193,2,0
67191,67191,67193,2,0
67191,67191,67194,3,0
67191,67191,67195,4,0
67191,67191,67195,4,0
67191,67191,67195,4,0
67191,67191,67195,4,0
67191,67191,67195,4,0
67191,67191,67195,4,0
67194,67194,67195,1,0
67194,67194,67195,1,0
67191,67191,67196,5,0
67191,67191,67195,4,0
67194,67194,67195,1,0
67191,67191,67196,5,0
67191,67191,67196,5,0
67191,67191,67197,6,0
67191,67191,67197,6,0
67191,67191,67197,6,0
67191,67191,67197,6,0
67191,67191,67198,7,0
67191,67191,67198,7,0
67191,67191,67199,8,0
67191,67191,67198,7,0
67191,67191,67198,7,0
67191,67191,67199,8,0
67191,67191,67199,8,0
67194,67197,67199,2,3
67194,67197,67199,2,3
67191,67191,67200,9,0
67194,67197,67200,3,3
67194,67197,67201,4,3
67194,67196,67201,5,2
67194,67199,67201,2,5
67194,67199,67201,2,5
67194,67199,67200,1,5
67194,67200,67201,1,6
67194,67195,67201,6,1
67194,67195,67201,6,1
67194,67197,67201,4,3
66925,66925,67201,276,0
67194,67196,67201,5,2
67194,67200,67201,1,6
67194,67200,67201,1,6
67191,67191,67201,10,0
67194,67199,67202,3,5
67194,67196,67201,5,2
67194,67196,67202,6,2
67194,67196,67202,6,2
67194,67197,67202,5,3
67194,67199,67202,3,5
67191,67191,67202,11,0
67194,67195,67203,8,1
67194,67195,67203,8,1
67194,67196,67203,7,2
67194,67194,67204,10,0
67191,67191,67205,14,0
67194,67195,67206,11,1
67194,67199,67209,10,5
67191,67191,67212,21,0
67191,67191,67214,23,0
67194,67194,67222,28,0
67066,67066,67247,181,0
67319,67320,67321,1,1
67319,67320,67321,1,1
67319,67320,67321,1,1
67319,67320,67322,2,1
67319,67320,67323,3,1
67319,67320,67323,3,1
67319,67320,67323,3,1
67319,67320,67323,3,1
67319,67320,67323,3,1
67319,67320,67323,3,1
67320,67322,67323,1,2
67319,67320,67323,3,1
67319,67320,67323,3,1
67319,67320,67324,4,1
67319,67320,67324,4,1
67319,67320,67324,4,1
67319,67320,67324,4,1
67319,67320,67324,4,1
67319,67320,67324,4,1
67319,67320,67325,5,1
67320,67322,67325,3,2
67319,67320,67325,5,1
67319,67320,67327,7,1
67320,67322,67327,5,2
67319,67320,67327,7,1
67319,67320,67327,7,1
67320,67326,67327,1,6
67319,67320,67327,7,1
67319,67320,67327,7,1
67320,67325,67327,2,5
67319,67320,67328,8,1
67319,67320,67329,9,1
67320,67320,67328,8,0
67320,67325,67329,4,5
67320,67325,67328,3,5
67320,67325,67329,4,5
67320,67325,67328,3,5
67320,67324,67328,4,4
67320,67325,67328,3,5
67320,67326,67328,2,6
67320,67326,67329,3,6
67320,67324,67329,5,4
67320,67328,67329,1,8
67320,67328,67329,1,8
67320,67328,67329,1,8
67320,67323,67329,6,3
67320,67328,67329,1,8
67320,67328,67329,1,8
67320,67328,67329,1,8
67320,67328,67329,1,8
67320,67324,67330,6,4
67320,67324,67331,7,4
67320,67324,67330,6,4
67320,67324,67331,7,4
67319,67320,67331,11,1
67319,67320,67331,11,1
67319,67320,67331,11,1
67320,67324,67333,9,4
67320,67324,67334,10,4
67060,67060,67334,274,0
67320,67324,67335,11,4
67320,67320,67344,24,0
67319,67320,67346,26,1
67448,67448,67450,2,0
67448,67448,67450,2,0
67448,67448,67450,2,0
67448,67448,67452,4,0
67448,67448,67452,4,0
67448,67448,67452,4,0
67448,67448,67452,4,0
67448,67448,67452,4,0
67448,67448,67453,5,0
67448,67448,67453,5,0
67448,67448,67453,5,0
67448,67448,67453,5,0
67448,67448,67453,5,0
67448,67448,67454,6,0
67448,67448,67454,6,0
67448,67448,67453,5,0
67448,67448,67454,6,0
67448,67448,67455,7,0
67448,67448,67456,8,0
67448,67448,67456,8,0
67448,67448,67456,8,0
67448,67448,67456,8,0
67448,67448,67456,8,0
67448,67448,67457,9,0
67448,67448,67458,10,0
67448,67449,67461,12,1
67448,67448,67461,13,0
67192,67192,67463,271,0
67448,67448,67467,19,0
67194,67201,67474,273,7
67448,67448,67475,27,0
67320,67328,67478,150,8
67448,67448,67478,30,0
67448,67448,67479,31,0
67576,67576,67578,2,0
67576,67576,67578,2,0
67576,67576,67578,2,0
67576,67576,67578,2,0
67576,67576,67578,2,0
67576,67576,67578,2,0
67576,67576,67578,2,0
67576,67576,67578,2,0
67576,67576,67577,1,0
67576,67576,67578,2,0
67576,67576,67579,3,0
67576,67576,67579,3,0
67576,67576,67579,3,0
67576,67576,67579,3,0
67580,67580,67582,2,0
67580,67580,67582,2,0
67580,67580,67584,4,0
67580,67580,67584,4,0
67576,67576,67584,8,0
67576,67576,67584,8,0
67576,67576,67584,8,0
67580,67580,67585,5,0
67580,67580,67585,5,0
67580,67580,67585,5,0
67576,67576,67586,10,0
67576,67576,67586,10,0
67580,67580,67586,6,0
67580,67583,67586,3,3
67580,67580,67586,6,0
67580,67580,67586,6,0
67576,67576,67586,10,0
67580,67583,67587,4,3
67580,67586,67587,1,6
67580,67586,67587,1,6
67576,67576,67588,12,0
67576,67576,67588,12,0
67576,67576,67588,12,0
67580,67585,67588,3,5
67580,67586,67588,2,6
67580,67580,67588,8,0
67580,67587,67588,1,7
67580,67587,67588,1,7
67580,67587,67588,1,7
67580,67587,67588,1,7
67580,67580,67588,8,0
67580,67585,67588,3,5
67580,67580,67589,9,0
67580,67585,67589,4,5
67452,67452,67589,137,0
67580,67588,67589,1,8
67580,67588,67589,1,8
67580,67588,67589,1,8
67580,67585,67589,4,5
67576,67576,67591,15,0
67576,67576,67592,16,0
67580,67589,67592,3,9
67580,67590,67592,2,10
67580,67590,67592,2,10
67580,67590,67592,2,10
67576,67576,67593,17,0
67576,67576,67593,17,0
67580,67589,67593,4,9
67576,67576,67593,17,0
67576,67576,67593,17,0
67580,67590,67593,3,10
67580,67585,67594,9,5
67580,67590,67595,5,10
67580,67590,67594,4,10
67580,67589,67594,5,9
67580,67589,67594,5,9
67580,67593,67594,1,13
67580,67593,67594,1,13
67580,67593,67594,1,13
67580,67593,67594,1,13
67580,67586,67595,9,6
67580,67580,67595,15,0
67580,67594,67595,1,14
67580,67587,67595,8,7
67582,67594,67595,1,12
67580,67589,67596,7,9
67580,67589,67596,7,9
67580,67589,67596,7,9
67580,67589,67596,7,9
67576,67576,67597,21,0
67580,67588,67597,9,8
67580,67590,67599,9,10
67580,67593,67599,6,13
67582,67597,67600,3,15
67580,67589,67599,10,9
67582,67596,67599,3,14
67582,67597,67599,2,15
67582,67595,67600,5,13
67582,67595,67600,5,13
67582,67597,67600,3,15
67580,67592,67601,9,12
67582,67594,67601,7,12
67582,67596,67600,4,14
67582,67598,67601,3,16
67582,67595,67601,6,13
67582,67597,67601,4,15
67582,67601,67602,1,19
67580,67593,67601,8,13
67582,67600,67602,2,18
67582,67596,67601,5,14
67582,67600,67601,1,18
67582,67600,67601,1,18
67582,67600,67601,1,18
67582,67600,67601,1,18
67582,67595,67603,8,13
67582,67599,67603,4,17
67582,67595,67602,7,13
67582,67595,67602,7,13
67582,67595,67602,7,13
67582,67595,67602,7,13
67582,67595,67604,9,13
67582,67600,67603,3,18
67580,67586,67604,18,6
67582,67600,67608,8,18
67582,67596,67610,14,14
67582,67598,67610,12,16
67580,67589,67614,25,9
67576,67576,67615,39,0
67580,67594,67620,26,14
67580,67588,67621,33,8
67453,67453,67621,168,0
67582,67596,67622,26,14
67452,67453,67630,177,1
67708,67708,67709,1,0
67708,67708,67709,1,0
67708,67708,67709,1,0
67708,67708,67711,3,0
67708,67708,67711,3,0
67708,67708,67712,4,0
67708,67708,67711,3,0
67708,67708,67711,3,0
67708,67710,67711,1,2
67708,67708,67711,3,0
67708,67710,67711,1,2
67708,67708,67711,3,0
67708,67708,67712,4,0
67708,67708,67712,4,0
67708,67708,67713,5,0
67708,67708,67714,6,0
67708,67710,67713,3,2
67708,67708,67713,5,0
67708,67708,67714,6,0
67708,67708,67714,6,0
67708,67708,67714,6,0
67708,67708,67715,7,0
67708,67708,67715,7,0
67708,67708,67714,6,0
67708,67708,67715,7,0
67708,67708,67715,7,0
67708,67708,67715,7,0
67708,67711,67716,5,3
67708,67708,67715,7,0
67708,67708,67716,8,0
67708,67714,67717,3,6
67708,67715,67717,2,7
67708,67712,67717,5,4
67708,67713,67716,3,5
67708,67714,67716,2,6
67708,67715,67716,1,7
67708,67714,67716,2,6
67708,67715,67717,2,7
67708,67713,67716,3,5
67708,67715,67717,2,7
67708,67716,67718,2,8
67708,67712,67717,5,4
67708,67716,67717,1,8
67708,67712,67717,5,4
67708,67716,67717,1,8
67708,67714,67718,4,6
67713,67717,67718,1,4
67713,67717,67718,1,4
67713,67717,67718,1,4
67708,67712,67720,8,4
67708,67712,67719,7,4
67713,67717,67720,3,4
67708,67708,67721,13,0
67708,67712,67720,8,4
67708,67714,67722,8,6
67708,67715,67721,6,7
67708,67716,67721,5,8
67708,67712,67721,9,4
67708,67712,67721,9,4
67713,67719,67722,3,6
67713,67719,67721,2,6
67713,67718,67721,3,5
67713,67720,67723,3,7
67713,67720,67723,3,7
67713,67719,67722,3,6
67713,67717,67723,6,4
67713,67722,67723,1,9
67713,67719,67724,5,6
67713,67717,67724,7,4
67713,67717,67724,7,4
67713,67718,67724,6,5
67713,67718,67723,5,5
67713,67717,67724,7,4
67713,67722,67723,1,9
67713,67722,67724,2,9
67713,67717,67724,7,4
67713,67718,67724,6,5
67708,67708,67724,16,0
67713,67720,67724,4,7
67713,67721,67724,3,8
67713,67722,67725,3,9
67713,67722,67725,3,9
67713,67718,67725,7,5
67708,67708,67726,18,0
67713,67722,67728,6,9
67708,67708,67730,22,0
67713,67722,67731,9,9
67713,67722,67732,10,9
67708,67708,67732,24,0
67708,67715,67732,17,7
67708,67717,67738,21,9
67713,67721,67742,21,8
67708,67708,67758,50,0
67577,67577,67814,237,0
67581,67594,67834,240,13
67582,67601,67836,235,19
67840,67840,67842,2,0
67840,67840,67842,2,0
67840,67840,67842,2,0
67840,67840,67843,3,0
67840,67842,67844,2,2
67840,67842,67844,2,2
67840,67840,67845,5,0
67840,67840,67846,6,0
67840,67840,67846,6,0
67840,67842,67846,4,2
67840,67840,67846,6,0
67840,67840,67847,7,0
67840,67840,67847,7,0
67840,67840,67847,7,0
67840,67840,67848,8,0
67840,67840,67848,8,0
67840,67840,67848,8,0
67840,67840,67848,8,0
67840,67843,67848,5,3
67840,67840,67848,8,0
67840,67840,67849,9,0
67840,67840,67850,10,0
67840,67840,67850,10,0
67840,67841,67850,9,1
67840,67849,67851,2,9
67840,67849,67850,1,9
67840,67840,67851,11,0
67840,67840,67851,11,0
67840,67849,67851,2,9
67840,67847,67851,4,7
67840,67847,67851,4,7
67840,67849,67851,2,9
67449,67449,67852,403,0
67840,67845,67852,7,5
67840,67846,67851,5,6
67840,67848,67851,3,8
67840,67849,67851,2,9
67840,67840,67851,11,0
67840,67840,67852,12,0
67840,67840,67852,12,0
67840,67840,67852,12,0
67840,67847,67852,5,7
67840,67845,67852,7,5
67840,67847,67852,5,7
67840,67851,67852,1,11
67840,67851,67852,1,11
67840,67840,67853,13,0
67840,67852,67853,1,12
67845,67852,67853,1,7
67845,67852,67853,1,7
67840,67840,67853,13,0
67845,67852,67854,2,7
67840,67847,67855,8,7
67840,67848,67855,7,8
67840,67849,67855,6,9
67840,67850,67855,5,10
67845,67853,67856,3,8
67845,67854,67856,2,9
67845,67854,67856,2,9
67845,67854,67856,2,9
67845,67852,67856,4,7
67845,67853,67856,3,8
67845,67855,67857,2,10
67845,67853,67858,5,8
67845,67852,67857,5,7
67845,67856,67857,1,11
67840,67840,67858,18,0
67845,67856,67858,2,11
67845,67853,67858,5,8
67845,67857,67858,1,12
67845,67857,67859,2,12
67845,67857,67858,1,12
67840,67840,67859,19,0
67845,67853,67860,7,8
67845,67852,67859,7,7
67840,67851,67860,9,11
67845,67857,67860,3,12
67845,67852,67860,8,7
67840,67851,67861,10,11
67840,67851,67861,10,11
67840,67840,67863,23,0
67840,67840,67863,23,0
67840,67851,67865,14,11
67845,67854,67866,12,9
67708,67717,67871,154,9
67840,67840,67873,33,0
67845,67853,67878,25,8
67845,67852,67886,34,7
67845,67856,67887,31,11
67845,67852,67890,38,7
67845,67854,67891,37,9
67845,67856,67892,36,11
67840,67851,67894,43,11
67845,67856,67894,38,11
67845,67853,67897,44,8
67713,67723,67898,175,10
67971,67971,67972,1,0
67971,67971,67972,1,0
67971,67971,67972,1,0
67971,67971,67972,1,0
67971,67971,67972,1,0
67971,67971,67972,1,0
67971,67971,67973,2,0
67971,67971,67972,1,0
67971,67971,67972,1,0
67971,67971,67972,1,0
67971,67971,67972,1,0
67971,67971,67972,1,0
67971,67971,67972,1,0
67971,67971,67973,2,0
67971,67971,67978,7,0
67977,67977,67978,1,0
67977,67977,67979,2,0
67977,67977,67978,1,0
67971,67971,67980,9,0
67971,67971,67979,8,0
67977,67977,67979,2,0
67971,67971,67980,9,0
67971,67971,67981,10,0
67977,67977,67981,4,0
67977,67977,67982,5,0
67977,67977,67982,5,0
67977,67977,67982,5,0
67977,67979,67982,3,2
67977,67977,67982,5,0
67977,67979,67982,3,2
67977,67980,67982,2,3
67971,67971,67982,11,0
67971,67971,67982,11,0
67971,67971,67983,12,0
67977,67977,67983,6,0
67977,67979,67983,4,2
67977,67977,67983,6,0
67977,67981,67982,1,4
67977,67982,67983,1,5
67977,67982,67983,1,5
67977,67977,67984,7,0
67977,67982,67984,2,5
67977,67982,67984,2,5
67977,67982,67983,1,5
67981,67982,67983,1,1
67977,67977,67985,8,0
67977,67977,67985,8,0
67981,67983,67987,4,2
67971,67971,67988,17,0
67981,67983,67988,5,2
67981,67983,67988,5,2
67981,67984,67989,5,3
67981,67985,67989,4,4
67981,67984,67989,5,3
67981,67984,67989,5,3
67981,67983,67989,6,2
67981,67984,67989,5,3
67981,67985,67989,4,4
67981,67983,67990,7,2
67981,67987,67990,3,6
67981,67988,67990,2,7
67981,67983,67991,8,2
67981,67984,67991,7,3
67981,67988,67991,3,7
67981,67983,67991,8,2
67981,67989,67991,2,8
67981,67989,67991,2,8
67981,67989,67991,2,8
67981,67990,67991,1,9
67981,67990,67991,1,9
67981,67990,67991,1,9
67971,67971,67992,21,0
67981,67989,67992,3,8
67981,67990,67992,2,9
67977,67979,67992,13,2
67971,67971,67993,22,0
67977,67981,67994,13,4
67981,67988,67994,6,7
67971,67971,67994,23,0
67971,67971,67995,24,0
67981,67983,67996,13,2
67977,67980,67998,18,3
67971,67971,67998,27,0
67971,67971,67997,26,0
67981,67983,67999,16,2
67977,67977,68000,23,0
67977,67980,68003,23,3
67971,67971,68004,33,0
67846,67857,68006,149,11
67977,67981,68008,27,4
67971,67971,68011,40,0
67977,67977,68014,37,0
67841,67852,68029,177,11
68103,68103,68104,1,0
68103,68103,68104,1,0
68103,68103,68104,1,0
68103,68103,68104,1,0
68103,68103,68104,1,0
68103,68103,68104,1,0
68103,68103,68104,1,0
68103,68103,68104,1,0
68103,68103,68104,1,0
68103,68103,68104,1,0
68103,68103,68105,2,0
68103,68103,68104,1,0
68103,68103,68104,1,0
68103,68103,68104,1,0
68103,68103,68106,3,0
68103,68103,68106,3,0
68103,68103,68105,2,0
68103,68103,68106,3,0
68108,68108,68109,1,0
68108,68108,68109,1,0
68108,68108,68109,1,0
68108,68108,68110,2,0
68108,68109,68111,2,1
68108,68109,68111,2,1
68108,68108,68112,4,0
68108,68110,68112,2,2
68108,68108,68112,4,0
68108,68108,68112,4,0
68108,68108,68112,4,0
68103,68103,68112,9,0
68103,68103,68112,9,0
68108,68108,68113,5,0
68108,68111,68112,1,3
68103,68103,68112,9,0
68108,68108,68112,4,0
68108,68111,68113,2,3
68108,68112,68113,1,4
68108,68108,68113,5,0
68108,68111,68112,1,3
68103,68103,68114,11,0
68108,68108,68113,5,0
68108,68108,68113,5,0
68108,68108,68113,5,0
68108,68108,68113,5,0
68108,68112,68113,1,4
68108,68108,68113,5,0
68108,68112,68113,1,4
68103,68103,68114,11,0
68108,68112,68114,2,4
68108,68113,68115,2,5
68108,68108,68115,7,0
68108,68108,68115,7,0
68103,68103,68118,15,0
68108,68108,68120,12,0
68103,68103,68121,18,0
68103,68103,68122,19,0
68103,68103,68123,20,0
68103,68103,68125,22,0
68108,68108,68127,19,0
68103,68103,68126,23,0
68103,68103,68128,25,0
68103,68103,68146,43,0
67977,67982,68167,185,5
67971,67971,68225,254,0
68235,68235,68236,1,0
68235,68235,68236,1,0
68235,68235,68236,1,0
68235,68235,68236,1,0
68235,68235,68237,2,0
68235,68235,68236,1,0
68235,68235,68236,1,0
68235,68235,68236,1,0
68235,68235,68236,1,0
68235,68235,68236,1,0
68235,68235,68236,1,0
68235,68235,68236,1,0
68235,68235,68236,1,0
68235,68235,68236,1,0
68235,68235,68237,2,0
68235,68235,68238,3,0
68235,68235,68238,3,0
68235,68235,68239,4,0
68235,68235,68238,3,0
68235,68235,68238,3,0
68235,68235,68238,3,0
68235,68235,68238,3,0
68235,68235,68239,4,0
68235,68235,68244,9,0
68235,68235,68244,9,0
68235,68235,68245,10,0
68235,68235,68245,10,0
68235,68235,68245,10,0
68235,68235,68245,10,0
68235,68235,68261,26,0
68112,68113,68261,148,1
68235,68235,68262,27,0
68357,68357,68358,1,0
68357,68357,68358,1,0
68357,68357,68358,1,0
68357,68357,68359,2,0
68357,68357,68359,2,0
68357,68357,68360,3,0
68357,68357,68359,2,0
68357,68357,68360,3,0
68357,68357,68361,4,0
68357,68357,68361,4,0
68357,68357,68361,4,0
68357,68357,68361,4,0
68357,68357,68361,4,0
68357,68357,68361,4,0
68357,68357,68361,4,0
68357,68357,68361,4,0
68357,68357,68361,4,0
68357,68357,68363,6,0
68357,68357,68362,5,0
68357,68357,68362,5,0
68357,68357,68362,5,0
68357,68357,68362,5,0
68357,68357,68362,5,0
68362,68362,68363,1,0
68357,68357,68364,7,0
68362,68362,68363,1,0
68362,68362,68363,1,0
68362,68362,68364,2,0
68362,68363,68365,2,1
68357,68357,68366,9,0
68362,68363,68365,2,1
68362,68362,68366,4,0
68362,68364,68365,1,2
68362,68362,68366,4,0
68362,68363,68365,2,1
68362,68362,68366,4,0
68362,68362,68366,4,0
68362,68363,68365,2,1
68362,68364,68365,1,2
68362,68363,68365,2,1
68362,68364,68365,1,2
68362,68362,68366,4,0
68362,68362,68367,5,0
68362,68365,68366,1,3
68362,68362,68366,4,0
68362,68365,68366,1,3
68357,68357,68367,10,0
68357,68357,68367,10,0
68362,68362,68368,6,0
68362,68363,68368,5,1
68362,68362,68367,5,0
68362,68362,68367,5,0
68362,68362,68369,7,0
68362,68364,68369,5,2
68362,68362,68368,6,0
68362,68362,68370,8,0
68111,68113,68372,259,2
68362,68362,68374,12,0
68362,68366,68375,9,4
68108,68113,68379,266,5
68357,68357,68382,25,0
68103,68103,68386,283,0
68357,68357,68387,30,0
68357,68357,68386,29,0
68357,68357,68407,50,0
68488,68488,68489,1,0
68488,68488,68489,1,0
68488,68488,68489,1,0
68488,68488,68489,1,0
68488,68488,68489,1,0
68488,68488,68489,1,0
68488,68488,68489,1,0
68488,68488,68489,1,0
68488,68488,68489,1,0
68488,68488,68489,1,0
68488,68488,68489,1,0
68488,68488,68489,1,0
68488,68488,68489,1,0
68488,68488,68489,1,0
68488,68488,68489,1,0
68488,68488,68489,1,0
68488,68488,68490,2,0
68488,68488,68490,2,0
68488,68488,68490,2,0
68488,68488,68492,4,0
68488,68488,68495,7,0
68488,68488,68497,9,0
68488,68488,68496,8,0
68488,68488,68498,10,0
68488,68488,68497,9,0
68488,68488,68498,10,0
68488,68488,68498,10,0
68488,68488,68500,12,0
68488,68488,68502,14,0
68488,68488,68511,23,0
68488,68488,68518,30,0
68619,68619,68620,1,0
68619,68619,68620,1,0
68619,68619,68620,1,0
68619,68619,68620,1,0
68619,68619,68622,3,0
68619,68619,68622,3,0
68619,68619,68622,3,0
68619,68619,68623,4,0
68619,68619,68622,3,0
68619,68619,68622,3,0
68619,68619,68622,3,0
68619,68619,68622,3,0
68619,68619,68622,3,0
68619,68619,68623,4,0
68619,68619,68623,4,0
68619,68619,68623,4,0
68619,68619,68623,4,0
68619,68619,68623,4,0
68619,68619,68623,4,0
68619,68619,68623,4,0
68619,68619,68623,4,0
68619,68619,68624,5,0
68619,68619,68624,5,0
68619,68619,68624,5,0
68357,68358,68628,270,1
68619,68619,68629,10,0
68619,68619,68629,10,0
68619,68619,68629,10,0
68619,68619,68631,12,0
68619,68619,68632,13,0
68619,68619,68637,18,0
68362,68366,68640,274,4
68619,68619,68642,23,0
68745,68745,68746,1,0
68745,68745,68747,2,0
68745,68745,68746,1,0
68745,68745,68747,2,0
68745,68745,68747,2,0
68745,68745,68747,2,0
68745,68745,68747,2,0
68745,68745,68746,1,0
68745,68745,68746,1,0
68745,68745,68746,1,0
68745,68745,68747,2,0
68745,68745,68746,1,0
68745,68745,68747,2,0
68745,68745,68748,3,0
68745,68745,68748,3,0
68745,68745,68748,3,0
68745,68745,68748,3,0
68745,68745,68749,4,0
68745,68745,68748,3,0
68745,68745,68749,4,0
68745,68745,68749,4,0
68749,68749,68750,1,0
68749,68749,68750,1,0
68749,68749,68750,1,0
68749,68749,68751,2,0
68749,68749,68752,3,0
68745,68745,68753,8,0
68745,68745,68753,8,0
68749,68749,68752,3,0
68749,68749,68753,4,0
68749,68751,68753,2,2
68749,68751,68753,2,2
68749,68749,68753,4,0
68749,68751,68753,2,2
68749,68749,68754,5,0
68749,68749,68754,5,0
68749,68749,68754,5,0
68749,68749,68754,5,0
68749,68749,68754,5,0
68745,68745,68754,9,0
68749,68749,68754,5,0
68749,68752,68754,2,3
68749,68749,68754,5,0
68749,68749,68754,5,0
68749,68752,68754,2,3
68749,68749,68754,5,0
68749,68753,68755,2,4
68749,68749,68754,5,0
68749,68749,68755,6,0
68745,68745,68755,10,0
68745,68745,68755,10,0
68749,68749,68755,6,0
68749,68753,68755,2,4
68749,68753,68755,2,4
68745,68745,68755,10,0
68749,68749,68757,8,0
68749,68753,68760,7,4
68745,68745,68760,15,0
68749,68753,68763,10,4
68745,68745,68763,18,0
68745,68745,68765,20,0
68621,68621,68772,151,0
68745,68745,68771,26,0
68613,68613,68815,202,0
68488,68488,68831,343,0
68876,68876,68878,2,0
68876,68876,68878,2,0
68876,68876,68879,3,0
68876,68876,68879,3,0
68876,68876,68878,2,0
68876,68877,68879,2,1
68876,68876,68880,4,0
68876,68876,68880,4,0
68876,68876,68880,4,0
68876,68876,68880,4,0
68876,68876,68879,3,0
68876,68876,68880,4,0
68876,68878,68880,2,2
68876,68879,68880,1,3
68876,68876,68881,5,0
68876,68876,68881,5,0
68876,68880,68881,1,4
68876,68876,68881,5,0
68876,68876,68881,5,0
68876,68880,68881,1,4
68876,68876,68881,5,0
68876,68876,68882,6,0
68876,68876,68882,6,0
68876,68876,68883,7,0
68876,68876,68883,7,0
68876,68880,68883,3,4
68876,68882,68884,2,6
68876,68876,68883,7,0
68876,68882,68883,1,6
68876,68882,68884,2,6
68876,68881,68884,3,5
68876,68876,68884,8,0
68876,68876,68884,8,0
68876,68881,68884,3,5
68876,68881,68884,3,5
68876,68882,68884,2,6
68876,68883,68884,1,7
68876,68880,68886,6,4
68876,68877,68885,8,1
68876,68883,68886,3,7
68876,68884,68885,1,8
68876,68884,68885,1,8
68876,68881,68885,4,5
68876,68884,68885,1,8
68879,68885,68886,1,6
68876,68884,68885,1,8
68879,68885,68886,1,6
68876,68884,68886,2,8
68876,68882,68886,4,6
68876,68884,68887,3,8
68876,68884,68886,2,8
68876,68884,68886,2,8
68876,68881,68886,5,5
68879,68885,68886,1,6
68879,68885,68886,1,6
68876,68881,68887,6,5
68876,68876,68887,11,0
68876,68876,68887,11,0
68876,68885,68888,3,9
68876,68881,68889,8,5
68876,68881,68889,8,5
68876,68882,68888,6,6
68876,68877,68888,11,1
68879,68886,68889,3,7
68879,68886,68889,3,7
68879,68887,68889,2,8
68879,68887,68889,2,8
68879,68886,68889,3,7
68879,68886,68889,3,7
68879,68886,68889,3,7
68879,68887,68889,2,8
68879,68889,68890,1,10
68879,68887,68890,3,8
68879,68887,68890,3,8
68879,68886,68890,4,7
68879,68887,68890,3,8
68876,68880,68890,10,4
68879,68887,68892,5,8
68879,68886,68891,5,7
68879,68887,68891,4,8
68879,68886,68891,5,7
68879,68888,68892,4,9
68879,68889,68892,3,10
68879,68886,68892,6,7
68879,68886,68893,7,7
68879,68889,68895,6,10
68879,68889,68895,6,10
68879,68889,68896,7,10
68879,68889,68896,7,10
68876,68876,68897,21,0
68879,68888,68897,9,9
68879,68888,68905,17,9
68750,68753,68907,154,3
68876,68876,68914,38,0
68751,68753,68927,174,2
68751,68753,68938,185,2
68754,68754,68985,231,0
68619,68619,69003,384,0
69004,69004,69005,1,0
69004,69004,69005,1,0
69004,69004,69005,1,0
69004,69004,69006,2,0
69004,69004,69007,3,0
69004,69004,69006,2,0
69004,69004,69007,3,0
69004,69004,69006,2,0
69004,69004,69007,3,0
69004,69004,69008,4,0
69004,69004,69007,3,0
69004,69004,69008,4,0
69004,69004,69008,4,0
69004,69004,69009,5,0
69004,69004,69009,5,0
69004,69004,69009,5,0
69004,69004,69010,6,0
69004,69004,69010,6,0
69010,69010,69011,1,0
69004,69004,69010,6,0
69004,69004,69011,7,0
69004,69004,69011,7,0
69010,69010,69011,1,0
69010,69010,69011,1,0
69010,69010,69011,1,0
69010,69011,69013,2,1
69010,69011,69013,2,1
69010,69011,69013,2,1
69010,69011,69013,2,1
69010,69010,69013,3,0
69010,69010,69014,4,0
69010,69012,69014,2,2
69010,69012,69013,1,2
69010,69012,69013,1,2
69010,69012,69013,1,2
69004,69004,69014,10,0
69010,69012,69014,2,2
69010,69010,69014,4,0
69010,69013,69014,1,3
69010,69010,69014,4,0
69010,69010,69014,4,0
69010,69013,69014,1,3
69010,69010,69015,5,0
69010,69010,69016,6,0
69010,69010,69016,6,0
69010,69014,69015,1,4
69010,69014,69015,1,4
69004,69004,69016,12,0
69004,69004,69015,11,0
69004,69004,69015,11,0
69010,69010,69015,5,0
69010,69010,69017,7,0
69010,69014,69016,2,4
69010,69010,69017,7,0
69010,69010,69018,8,0
69004,69004,69020,16,0
69010,69010,69022,12,0
69004,69004,69022,18,0
68880,68889,69038,149,9
69004,69004,69038,34,0
68877,68885,69040,155,8
69004,69004,69042,38,0
69004,69004,69044,40,0
69004,69004,69043,39,0
68745,68745,69061,316,0
69133,69133,69134,1,0
69133,69133,69134,1,0
69133,69133,69135,2,0
69133,69133,69135,2,0
69133,69133,69135,2,0
69133,69133,69136,3,0
69133,69133,69136,3,0
69133,69133,69135,2,0
69133,69133,69136,3,0
69133,69133,69136,3,0
69133,69133,69136,3,0
69133,69133,69136,3,0
69133,69133,69136,3,0
69133,69133,69137,4,0
69133,69133,69137,4,0
69133,69133,69137,4,0
69133,69133,69138,5,0
69133,69133,69138,5,0
69133,69133,69138,5,0
69133,69133,69138,5,0
69133,69133,69140,7,0
69133,69133,69140,7,0
69133,69133,69142,9,0
69133,69133,69141,8,0
69133,69133,69142,9,0
69133,69133,69142,9,0
69133,69133,69144,11,0
69133,69133,69144,11,0
69133,69133,69147,14,0
69133,69133,69147,14,0
69133,69133,69155,22,0
69261,69261,69262,1,0
69261,69261,69263,2,0
69261,69261,69262,1,0
69261,69261,69262,1,0
69261,69261,69264,3,0
69261,69261,69263,2,0
69261,69261,69263,2,0
69261,69261,69263,2,0
69261,69261,69264,3,0
69261,69261,69265,4,0
69261,69261,69265,4,0
69261,69261,69264,3,0
69261,69261,69265,4,0
69261,69261,69265,4,0
69261,69261,69265,4,0
69261,69261,69266,5,0
69261,69261,69265,4,0
69261,69263,69266,3,2
69261,69261,69267,6,0
69261,69261,69266,5,0
69261,69264,69266,2,3
69261,69261,69268,7,0
69261,69264,69267,3,3
69261,69265,69267,2,4
69261,69266,69268,2,5
69261,69266,69267,1,5
69261,69263,69268,5,2
69261,69265,69268,3,4
69261,69265,69268,3,4
69261,69266,69267,1,5
69261,69263,69268,5,2
69261,69265,69268,3,4
69261,69265,69267,2,4
69261,69264,69269,5,3
69261,69266,69268,2,5
69261,69267,69268,1,6
69261,69267,69268,1,6
69261,69263,69269,6,2
69261,69261,69269,8,0
69261,69264,69270,6,3
69261,69264,69269,5,3
69261,69261,69270,9,0
69261,69261,69269,8,0
69261,69268,69269,1,7
69261,69268,69269,1,7
69261,69268,69270,2,7
69261,69268,69269,1,7
69261,69268,69269,1,7
69261,69268,69269,1,7
69261,69261,69271,10,0
69261,69261,69270,9,0
69261,69261,69272,11,0
69261,69267,69273,6,6
69261,69261,69273,12,0
69261,69261,69274,13,0
69261,69261,69274,13,0
69261,69261,69277,16,0
69261,69261,69281,20,0
69261,69261,69283,22,0
69261,69268,69282,14,7
69261,69261,69287,26,0
69004,69004,69290,286,0
69261,69261,69299,38,0
69133,69133,69375,242,0
69391,69391,69392,1,0
69391,69391,69392,1,0
69391,69391,69392,1,0
69391,69391,69393,2,0
69391,69391,69393,2,0
69391,69391,69393,2,0
69391,69391,69393,2,0
69391,69391,69393,2,0
69391,69391,69394,3,0
69391,69391,69394,3,0
69391,69391,69394,3,0
69391,69391,69394,3,0
69391,69391,69395,4,0
69391,69391,69395,4,0
69391,69391,69395,4,0
69391,69394,69396,2,3
69391,69395,69396,1,4
69391,69391,69396,5,0
69391,69392,69396,4,1
69391,69395,69397,2,4
69391,69395,69397,2,4
69391,69391,69397,6,0
69391,69392,69397,5,1
69391,69394,69396,2,3
69391,69391,69396,5,0
69391,69391,69398,7,0
69391,69394,69397,3,3
69391,69396,69398,2,5
69391,69393,69397,4,2
69391,69395,69397,2,4
69391,69396,69397,1,5
69391,69396,69398,2,5
69391,69397,69398,1,6
69391,69391,69398,7,0
69391,69391,69398,7,0
69391,69397,69398,1,6
69391,69397,69398,1,6
69391,69397,69398,1,6
69391,69397,69398,1,6
69391,69397,69398,1,6
69391,69397,69398,1,6
69394,69398,69399,1,4
69394,69398,69399,1,4
69391,69391,69399,8,0
69391,69397,69399,2,6
69391,69391,69399,8,0
69391,69398,69399,1,7
69391,69398,69399,1,7
69394,69398,69399,1,4
69391,69391,69400,9,0
69394,69399,69401,2,5
69391,69391,69400,9,0
69391,69391,69401,10,0
69391,69391,69401,10,0
69391,69391,69401,10,0
69394,69399,69402,3,5
69394,69399,69402,3,5
69394,69399,69401,2,5
69394,69400,69402,2,6
69394,69399,69401,2,5
69394,69399,69401,2,5
69394,69399,69402,3,5
69394,69400,69401,1,6
69391,69391,69402,11,0
69391,69391,69402,11,0
69391,69391,69403,12,0
69391,69391,69402,11,0
69394,69401,69402,1,7
69394,69399,69403,4,5
69394,69399,69402,3,5
69394,69400,69402,2,6
69391,69394,69403,9,3
69391,69397,69403,6,6
69394,69399,69403,4,5
69394,69400,69403,3,6
69394,69402,69403,1,8
69394,69402,69403,1,8
69394,69402,69403,1,8
69394,69402,69403,1,8
69394,69402,69404,2,8
69391,69396,69405,9,5
69394,69400,69404,4,6
69391,69394,69408,14,3
69261,69268,69410,142,7
69394,69401,69414,13,7
69394,69401,69417,16,7
69394,69400,69418,18,6
69394,69399,69419,20,5
69394,69399,69419,20,5
69391,69391,69422,31,0
69391,69391,69421,30,0
69391,69391,69427,36,0
69394,69402,69433,31,8
69394,69401,69434,33,7
69520,69520,69521,1,0
69520,69520,69521,1,0
69520,69520,69521,1,0
69520,69520,69521,1,0
69520,69520,69521,1,0
69520,69520,69521,1,0
69520,69520,69521,1,0
69520,69520,69521,1,0
69520,69520,69521,1,0
69520,69520,69521,1,0
69520,69520,69521,1,0
69520,69520,69522,2,0
69520,69520,69522,2,0
69520,69520,69522,2,0
69520,69520,69522,2,0
69520,69520,69525,5,0
69520,69520,69525,5,0
69526,69526,69527,1,0
69526,69526,69527,1,0
69520,69520,69527,7,0
69520,69520,69528,8,0
69526,69526,69527,1,0
69526,69526,69528,2,0
69526,69526,69528,2,0
69526,69526,69528,2,0
69520,69520,69529,9,0
69520,69520,69529,9,0
69520,69520,69529,9,0
69520,69520,69528,8,0
69526,69526,69528,2,0
69526,69527,69529,2,1
69526,69526,69528,2,0
69526,69528,69529,1,2
69526,69527,69529,2,1
69520,69520,69529,9,0
69520,69520,69530,10,0
69520,69520,69530,10,0
69520,69520,69530,10,0
69526,69526,69529,3,0
69526,69526,69530,4,0
69526,69529,69530,1,3
69526,69526,69530,4,0
69526,69528,69530,2,2
69526,69526,69530,4,0
69526,69528,69530,2,2
69526,69529,69530,1,3
69526,69526,69531,5,0
69526,69526,69532,6,0
69526,69529,69532,3,3
69520,69520,69532,12,0
69526,69526,69533,7,0
69526,69526,69534,8,0
69526,69528,69537,9,2
69520,69520,69538,18,0
69526,69528,69538,10,2
69526,69529,69538,9,3
69526,69529,69541,12,3
69520,69520,69544,24,0
69391,69398,69545,147,7
69526,69529,69546,17,3
69526,69526,69557,31,0
69526,69526,69561,35,0
69520,69520,69572,52,0
69397,69402,69588,186,5
69394,69402,69592,190,8
69654,69655,69656,1,1
69654,69655,69656,1,1
69654,69655,69656,1,1
69654,69655,69656,1,1
69654,69655,69656,1,1
69654,69655,69656,1,1
69654,69655,69657,2,1
69654,69655,69657,2,1
69654,69655,69657,2,1
69654,69655,69657,2,1
69654,69655,69657,2,1
69654,69655,69658,3,1
69654,69655,69658,3,1
69654,69655,69658,3,1
69654,69655,69658,3,1
69654,69655,69658,3,1
69654,69655,69660,5,1
69654,69655,69661,6,1
69654,69655,69663,8,1
69654,69655,69663,8,1
69654,69655,69664,9,1
69654,69655,69664,9,1
69654,69655,69664,9,1
69654,69655,69665,10,1
69654,69655,69667,12,1
69527,69529,69675,146,2
69654,69655,69675,20,1
69654,69655,69682,27,1
69654,69655,69703,48,1
69780,69780,69781,1,0
69780,69780,69781,1,0
69780,69780,69781,1,0
69780,69780,69781,1,0
69780,69780,69781,1,0
69780,69780,69781,1,0
69780,69780,69781,1,0
69780,69780,69781,1,0
69780,69780,69781,1,0
69780,69780,69781,1,0
69780,69780,69781,1,0
69780,69780,69781,1,0
69780,69780,69781,1,0
69780,69780,69781,1,0
69780,69780,69782,2,0
69780,69780,69782,2,0
69780,69780,69782,2,0
69780,69780,69782,2,0
69780,69780,69783,3,0
69780,69780,69782,2,0
69780,69780,69783,3,0
69780,69780,69784,4,0
69780,69780,69787,7,0
69780,69780,69787,7,0
69780,69780,69788,8,0
69780,69780,69789,9,0
69780,69780,69789,9,0
69780,69780,69789,9,0
69780,69780,69791,11,0
69780,69780,69792,12,0
69780,69780,69808,28,0
69520,69520,69817,297,0
69911,69911,69913,2,0
69911,69911,69913,2,0
69911,69911,69913,2,0
69911,69911,69912,1,0
69911,69911,69913,2,0
69911,69911,69912,1,0
69911,69911,69912,1,0
69911,69911,69913,2,0
69911,69911,69914,3,0
69911,69911,69914,3,0
69911,69911,69913,2,0
69911,69911,69914,3,0
69911,69911,69914,3,0
69911,69911,69914,3,0
69911,69913,69914,1,2
69911,69912,69916,4,1
69911,69911,69916,5,0
69911,69913,69916,3,2
69911,69911,69917,6,0
69911,69911,69917,6,0
69911,69912,69918,6,1
69911,69912,69919,7,1
69911,69911,69920,9,0
69911,69911,69920,9,0
69911,69911,69920,9,0
69911,69911,69921,10,0
69911,69911,69921,10,0
69911,69911,69921,10,0
69911,69911,69921,10,0
69911,69911,69925,14,0
69911,69911,69941,30,0
69783,69783,69945,162,0
69788,69789,69951,162,1
69786,69786,69964,178,0
69655,69655,69965,310,0
69787,69787,69997,210,0
69788,69788,70000,212,0
70034,70034,70035,1,0
70034,70034,70036,2,0
70034,70034,70035,1,0
70034,70034,70035,1,0
70034,70034,70035,1,0
70034,70034,70035,1,0
70034,70034,70035,1,0
70034,70034,70035,1,0
70034,70034,70035,1,0
70034,70034,70035,1,0
70034,70034,70035,1,0
70034,70034,70035,1,0
70034,70034,70035,1,0
70034,70034,70035,1,0
70034,70034,70035,1,0
70034,70034,70035,1,0
70034,70034,70036,2,0
70034,70034,70036,2,0
70034,70034,70036,2,0
70034,70034,70037,3,0
70034,70034,70036,2,0
70034,70034,70038,4,0
69780,69780,70041,261,0
70034,70034,70042,8,0
70034,70034,70042,8,0
70034,70034,70042,8,0
70034,70034,70043,9,0
70034,70034,70043,9,0
70034,70034,70043,9,0
70034,70034,70048,14,0
70034,70034,70049,15,0
70034,70034,70067,33,0
70156,70156,70157,1,0
70156,70156,70157,1,0
70156,70156,70157,1,0
70156,70156,70157,1,0
70156,70156,70157,1,0
70156,70156,70157,1,0
70156,70156,70157,1,0
70156,70156,70158,2,0
70156,70156,70157,1,0
70156,70156,70157,1,0
70156,70156,70158,2,0
70156,70156,70157,1,0
70156,70156,70157,1,0
70156,70156,70157,1,0
70156,70156,70157,1,0
70156,70156,70157,1,0
70156,70156,70158,2,0
70156,70156,70158,2,0
70156,70156,70158,2,0
70156,70156,70159,3,0
70156,70156,70161,5,0
70156,70156,70164,8,0
70156,70156,70164,8,0
70156,70156,70164,8,0
70156,70156,70166,10,0
70156,70156,70165,9,0
70156,70156,70171,15,0
70156,70156,70176,20,0
70156,70156,70183,27,0
70156,70156,70191,35,0
70156,70156,70208,52,0
70288,70288,70289,1,0
70288,70288,70290,2,0
70288,70288,70290,2,0
70288,70288,70290,2,0
70288,70288,70290,2,0
70288,70288,70290,2,0
70288,70288,70290,2,0
70288,70288,70289,1,0
70288,70288,70290,2,0
70288,70288,70290,2,0
70288,70288,70290,2,0
70288,70288,70290,2,0
70288,70288,70290,2,0
70288,70288,70290,2,0
70288,70289,70291,2,1
70288,70289,70291,2,1
70288,70289,70291,2,1
70288,70288,70291,3,0
70288,70288,70291,3,0
70288,70291,70292,1,3
70288,70291,70292,1,3
70288,70291,70292,1,3
70288,70291,70292,1,3
70288,70291,70292,1,3
70288,70291,70292,1,3
70288,70291,70292,1,3
70288,70291,70292,1,3
70288,70291,70292,1,3
70288,70291,70292,1,3
70288,70291,70292,1,3
70288,70291,70292,1,3
70288,70291,70292,1,3
70288,70293,70294,1,5
70288,70293,70294,1,5
70288,70293,70294,1,5
70288,70293,70294,1,5
70288,70291,70293,2,3
70288,70293,70294,1,5
70288,70293,70294,1,5
70288,70292,70294,2,4
70288,70292,70294,2,4
70288,70292,70294,2,4
70288,70293,70294,1,5
70288,70293,70294,1,5
70288,70288,70295,7,0
70288,70288,70296,8,0
70288,70288,70296,8,0
70288,70288,70297,9,0
70288,70288,70297,9,0
70288,70288,70298,10,0
70288,70289,70299,10,1
70288,70288,70299,11,0
70288,70288,70300,12,0
70288,70288,70300,12,0
70288,70288,70302,14,0
70288,70288,70304,16,0
70288,70289,70309,20,1
70288,70289,70314,25,1
70288,70288,70316,28,0
70288,70288,70321,33,0
70416,70416,70418,2,0
70416,70416,70418,2,0
70416,70416,70418,2,0
70416,70416,70418,2,0
70416,70416,70418,2,0
70416,70416,70418,2,0
70416,70416,70418,2,0
70416,70416,70418,2,0
70416,70416,70418,2,0
70416,70416,70418,2,0
70416,70416,70418,2,0
70416,70416,70418,2,0
70416,70416,70419,3,0
70416,70416,70419,3,0
70416,70416,70419,3,0
70416,70416,70419,3,0
70416,70416,70419,3,0
70416,70416,70419,3,0
70416,70416,70419,3,0
70416,70416,70419,3,0
70416,70416,70420,4,0
70416,70416,70420,4,0
70416,70416,70422,6,0
70416,70416,70422,6,0
70416,70416,70425,9,0
70416,70416,70425,9,0
70416,70416,70427,11,0
70416,70416,70435,19,0
70416,70416,70441,25,0
70416,70416,70448,32,0
70156,70156,70452,296,0
70416,70416,70469,53,0
70289,70293,70470,177,4
70538,70538,70539,1,0
70538,70538,70539,1,0
70538,70538,70539,1,0
70538,70538,70541,3,0
70538,70538,70540,2,0
70538,70538,70540,2,0
70538,70538,70541,3,0
70538,70538,70541,3,0
70538,70538,70542,4,0
70538,70538,70542,4,0
70538,70538,70542,4,0
70538,70538,70543,5,0
70542,70542,70543,1,0
70538,70538,70543,5,0
70538,70538,70542,4,0
70538,70538,70543,5,0
70538,70538,70543,5,0
70542,70542,70543,1,0
70538,70538,70543,5,0
70538,70538,70543,5,0
70542,70542,70543,1,0
70542,70542,70543,1,0
70538,70538,70543,5,0
70542,70542,70543,1,0
70542,70543,70544,1,1
70542,70543,70544,1,1
70542,70543,70544,1,1
70542,70542,70543,1,0
70542,70543,70544,1,1
70542,70544,70545,1,2
70542,70544,70545,1,2
70542,70544,70545,1,2
70542,70543,70545,2,1
70542,70543,70544,1,1
70542,70544,70545,1,2
70542,70543,70544,1,1
70542,70544,70545,1,2
70542,70544,70545,1,2
70538,70538,70545,7,0
70542,70543,70544,1,1
70542,70544,70545,1,2
70542,70544,70545,1,2
70538,70538,70546,8,0
70538,70538,70546,8,0
70542,70543,70548,5,1
70538,70538,70548,10,0
70542,70544,70549,5,2
70538,70538,70550,12,0
70542,70542,70550,8,0
70538,70538,70551,13,0
70542,70543,70553,10,1
70542,70542,70554,12,0
70542,70542,70556,14,0
70542,70542,70555,13,0
70542,70542,70556,14,0
70538,70538,70556,18,0
70542,70542,70557,15,0
70538,70538,70559,21,0
70538,70538,70558,20,0
70538,70538,70563,25,0
70538,70538,70565,27,0
70538,70538,70587,49,0
70664,70664,70665,1,0
70664,70664,70666,2,0
70664,70664,70666,2,0
70664,70664,70666,2,0
70664,70664,70665,1,0
70664,70664,70665,1,0
70664,70664,70666,2,0
70664,70664,70666,2,0
70664,70664,70666,2,0
70664,70664,70665,1,0
70664,70664,70666,2,0
70664,70664,70666,2,0
70664,70664,70666,2,0
70664,70664,70666,2,0
70664,70664,70666,2,0
70664,70664,70666,2,0
70664,70664,70667,3,0
70664,70664,70668,4,0
70664,70664,70670,6,0
70664,70664,70670,6,0
70669,70669,70670,1,0
70669,70669,70670,1,0
70669,70669,70671,2,0
70669,70669,70670,1,0
70669,70669,70671,2,0
70669,70669,70671,2,0
70669,70669,70671,2,0
70669,70669,70670,1,0
70669,70669,70671,2,0
70669,70669,70671,2,0
70669,70669,70671,2,0
70669,70669,70671,2,0
70669,70669,70671,2,0
70669,70669,70671,2,0
70669,70669,70670,1,0
70669,70669,70671,2,0
70669,70670,70671,1,1
70664,70664,70671,7,0
70664,70664,70670,6,0
70669,70669,70672,3,0
70669,70671,70672,1,2
70669,70671,70672,1,2
70669,70671,70672,1,2
70669,70671,70672,1,2
70669,70671,70672,1,2
70664,70664,70673,9,0
70669,70669,70673,4,0
70669,70671,70672,1,2
70669,70671,70673,2,2
70664,70664,70673,9,0
70664,70664,70674,10,0
70664,70664,70677,13,0
70664,70664,70678,14,0
70669,70669,70679,10,0
70669,70670,70680,10,1
70664,70664,70681,17,0
70669,70669,70682,13,0
70669,70670,70682,12,1
70664,70664,70684,20,0
70669,70669,70688,19,0
70664,70664,70691,27,0
70664,70664,70695,31,0
70538,70538,70839,301,0
70669,70671,70838,167,2
70664,70665,70897,232,1
70921,70921,70922,1,0
70921,70921,70922,1,0
70921,70921,70922,1,0
70921,70921,70922,1,0
70921,70921,70922,1,0
70921,70921,70922,1,0
70921,70921,70922,1,0
70921,70921,70922,1,0
70921,70921,70922,1,0
70921,70921,70922,1,0
70921,70921,70922,1,0
70921,70921,70922,1,0
70921,70921,70922,1,0
70921,70921,70923,2,0
70921,70921,70923,2,0
70921,70921,70923,2,0
70921,70921,70925,4,0
70921,70921,70924,3,0
70921,70921,70924,3,0
70921,70921,70926,5,0
70921,70921,70926,5,0
70921,70921,70929,8,0
70921,70921,70929,8,0
70921,70921,70930,9,0
70921,70921,70930,9,0
70921,70921,70931,10,0
70921,70921,70931,10,0
70921,70921,70933,12,0
70921,70921,70933,12,0
70921,70921,70934,13,0
70799,70799,70950,151,0
70796,70796,70953,157,0
70921,70921,70953,32,0
71167,71167,71168,1,0
71167,71167,71168,1,0
71167,71167,71168,1,0
71167,71167,71170,3,0
71167,71167,71170,3,0
71167,71167,71171,4,0
71167,71167,71170,3,0
71167,71167,71170,3,0
71167,71167,71172,5,0
71167,71167,71173,6,0
71167,71167,71172,5,0
71167,71167,71172,5,0
71167,71167,71172,5,0
71167,71167,71173,6,0
71167,71167,71172,5,0
71167,71167,71172,5,0
71167,71167,71173,6,0
71167,71169,71173,4,2
71167,71167,71173,6,0
71167,71167,71174,7,0
71167,71167,71174,7,0
71167,71167,71174,7,0
71167,71170,71175,5,3
71167,71169,71174,5,2
71167,71173,71175,2,6
71167,71169,71174,5,2
71167,71174,71175,1,7
71167,71170,71176,6,3
71167,71173,71175,2,6
71167,71174,71176,2,7
71167,71173,71175,2,6
71167,71167,71177,10,0
71167,71173,71177,4,6
71167,71175,71176,1,8
71167,71176,71177,1,9
71167,71175,71176,1,8
71167,71173,71176,3,6
71167,71175,71176,1,8
71167,71167,71176,9,0
71167,71175,71176,1,8
71167,71175,71176,1,8
71167,71167,71177,10,0
71167,71175,71178,3,8
71167,71167,71177,10,0
71167,71167,71177,10,0
71167,71171,71178,7,4
71167,71172,71178,6,5
71168,71176,71177,1,8
71168,71176,71177,1,8
71167,71171,71177,6,4
71168,71176,71177,1,8
71167,71167,71178,11,0
71167,71175,71178,3,8
71167,71171,71178,7,4
71167,71167,71179,12,0
71168,71178,71180,2,10
71168,71178,71180,2,10
71167,71173,71180,7,6
71167,71167,71180,13,0
71168,71178,71181,3,10
71168,71178,71181,3,10
71168,71178,71181,3,10
71168,71178,71180,2,10
71168,71179,71180,1,11
71167,71173,71181,8,6
71168,71177,71181,4,9
71168,71180,71181,1,12
71168,71180,71181,1,12
71167,71173,71182,9,6
71168,71177,71182,5,9
71168,71177,71182,5,9
71167,71167,71183,16,0
71168,71177,71182,5,9
71168,71177,71183,6,9
71168,71181,71183,2,13
71168,71177,71184,7,9
71168,71177,71184,7,9
71167,71167,71184,17,0
71168,71179,71184,5,11
71168,71177,71184,7,9
71168,71178,71186,8,10
71168,71179,71186,7,11
71168,71181,71185,4,13
71167,71167,71188,21,0
71168,71177,71189,12,9
71167,71167,71191,24,0
71168,71178,71193,15,10
71167,71167,71195,28,0
71168,71178,71200,22,10
71168,71180,71204,24,12
71167,71167,71206,39,0
71168,71177,71207,30,9
71168,71178,71213,35,10
70921,70921,71271,350,0
71296,71297,71298,1,1
71296,71297,71298,1,1
71296,71297,71299,2,1
71296,71297,71299,2,1
71296,71297,71301,4,1
71296,71297,71302,5,1
71296,71297,71302,5,1
71296,71297,71302,5,1
71296,71297,71303,6,1
71296,71297,71303,6,1
71296,71297,71303,6,1
71296,71297,71305,8,1
71296,71297,71305,8,1
71296,71297,71305,8,1
71296,71297,71305,8,1
71296,71297,71306,9,1
71296,71297,71306,9,1
71296,71297,71308,11,1
71296,71297,71307,10,1
71296,71297,71308,11,1
71296,71297,71307,10,1
71296,71297,71308,11,1
71296,71297,71308,11,1
71296,71297,71310,13,1
71296,71297,71312,15,1
71296,71297,71316,19,1
71296,71297,71321,24,1
71296,71297,71323,26,1
71296,71297,71324,27,1
71296,71297,71335,38,1
71296,71297,71339,42,1
71172,71181,71356,175,9
71168,71181,71367,186,13
71171,71181,71366,185,10
71167,71176,71367,191,9
71169,71181,71371,190,12
71429,71429,71431,2,0
71429,71429,71431,2,0
71429,71429,71432,3,0
71429,71431,71433,2,2
71429,71429,71433,4,0
71429,71429,71434,5,0
71429,71429,71434,5,0
71429,71431,71434,3,2
71429,71429,71434,5,0
71429,71429,71435,6,0
71429,71429,71435,6,0
71429,71429,71435,6,0
71429,71429,71435,6,0
71429,71429,71435,6,0
71429,71429,71435,6,0
71429,71429,71436,7,0
71429,71429,71437,8,0
71429,71429,71437,8,0
71429,71429,71437,8,0
71429,71432,71439,7,3
71429,71436,71439,3,7
71429,71436,71439,3,7
71429,71429,71439,10,0
71429,71429,71440,11,0
71429,71435,71440,5,6
71429,71438,71440,2,9
71429,71436,71440,4,7
71429,71429,71441,12,0
71429,71429,71440,11,0
71429,71437,71440,3,8
71429,71429,71441,12,0
71429,71429,71441,12,0
71429,71433,71441,8,4
71429,71435,71441,6,6
71429,71434,71441,7,5
71429,71434,71441,7,5
71429,71440,71441,1,11
71429,71440,71441,1,11
71429,71429,71441,12,0
71429,71429,71441,12,0
71429,71433,71441,8,4
71429,71435,71441,6,6
71429,71440,71441,1,11
71429,71429,71441,12,0
71429,71441,71442,1,12
71429,71441,71442,1,12
71429,71441,71442,1,12
71429,71429,71442,13,0
71429,71429,71442,13,0
71429,71440,71442,2,11
71429,71441,71442,1,12
71429,71437,71443,6,8
71429,71429,71443,14,0
71429,71442,71444,2,13
71429,71443,71445,2,14
71429,71438,71445,7,9
71429,71443,71446,3,14
71429,71442,71446,4,13
71429,71443,71446,3,14
71429,71443,71447,4,14
71429,71442,71446,4,13
71429,71442,71446,4,13
71429,71445,71446,1,16
71429,71434,71447,13,5
71429,71444,71447,3,15
71429,71445,71447,2,16
71429,71446,71447,1,17
71429,71429,71448,19,0
71429,71435,71448,13,6
71429,71447,71448,1,18
71429,71442,71448,6,13
71429,71447,71448,1,18
71429,71447,71448,1,18
71429,71442,71449,7,13
71429,71442,71449,7,13
71429,71442,71449,7,13
71429,71442,71449,7,13
71429,71440,71450,10,11
71429,71441,71450,9,12
71429,71446,71450,4,17
71303,71303,71451,148,0
71429,71441,71450,9,12
71429,71429,71452,23,0
71429,71443,71452,9,14
71429,71429,71455,26,0
71429,71429,71456,27,0
71429,71441,71458,17,12
71429,71443,71462,19,14
71429,71443,71462,19,14
71429,71441,71464,23,12
71300,71300,71466,166,0
71429,71442,71468,26,13
71429,71442,71469,27,13
71429,71444,71476,32,15
71297,71299,71479,180,2
71429,71442,71510,68,13
71557,71557,71558,1,0
71557,71557,71558,1,0
71557,71557,71558,1,0
71557,71557,71560,3,0
71557,71557,71560,3,0
71557,71557,71561,4,0
71557,71557,71561,4,0
71557,71557,71561,4,0
71557,71557,71561,4,0
71557,71557,71562,5,0
71557,71557,71562,5,0
71557,71557,71563,6,0
71557,71557,71563,6,0
71557,71557,71563,6,0
71557,71557,71562,5,0
71557,71557,71563,6,0
71557,71557,71564,7,0
71557,71557,71564,7,0
71557,71557,71565,8,0
71557,71559,71565,6,2
71557,71559,71566,7,2
71557,71564,71566,2,7
71557,71557,71566,9,0
71557,71559,71566,7,2
71557,71562,71566,4,5
71557,71563,71566,3,6
71557,71563,71567,4,6
71557,71563,71567,4,6
71557,71563,71567,4,6
71557,71565,71567,2,8
71557,71565,71567,2,8
71557,71561,71567,6,4
71557,71557,71568,11,0
71557,71557,71568,11,0
71557,71557,71568,11,0
71557,71566,71568,2,9
71557,71563,71568,5,6
71557,71560,71568,8,3
71557,71567,71568,1,10
71557,71567,71568,1,10
71557,71567,71568,1,10
71557,71567,71568,1,10
71557,71557,71568,11,0
71557,71566,71569,3,9
71557,71561,71569,8,4
71557,71566,71569,3,9
71557,71561,71569,8,4
71557,71561,71569,8,4
71557,71557,71569,12,0
71557,71562,71569,7,5
71557,71560,71572,12,3
71557,71557,71573,16,0
71557,71557,71575,18,0
71557,71557,71575,18,0
71557,71564,71575,11,7
71557,71557,71576,19,0
71557,71557,71575,18,0
71557,71557,71575,18,0
71557,71557,71577,20,0
71557,71557,71578,21,0
71557,71557,71580,23,0
71557,71557,71600,43,0
71680,71680,71681,1,0
71680,71680,71681,1,0
71680,71680,71681,1,0
71680,71680,71683,3,0
71680,71680,71683,3,0
71680,71680,71683,3,0
71680,71680,71684,4,0
71680,71680,71685,5,0
71680,71680,71684,4,0
71680,71680,71684,4,0
71680,71680,71685,5,0
71680,71680,71685,5,0
71680,71680,71686,6,0
71680,71680,71688,8,0
71680,71680,71688,8,0
71686,71686,71687,1,0
71680,71680,71687,7,0
71680,71680,71687,7,0
71686,71686,71687,1,0
71680,71680,71688,8,0
71680,71680,71687,7,0
71686,71686,71687,1,0
71680,71680,71689,9,0
71686,71686,71688,2,0
71686,71688,71690,2,2
71686,71688,71690,2,2
71686,71688,71690,2,2
71686,71688,71689,1,2
71680,71680,71690,10,0
71680,71680,71690,10,0
71680,71680,71691,11,0
71686,71688,71690,2,2
71686,71689,71690,1,3
71686,71690,71691,1,4
71686,71686,71691,5,0
71686,71687,71691,4,1
71686,71690,71691,1,4
71680,71680,71691,11,0
71680,71680,71691,11,0
71686,71689,71691,2,3
71686,71688,71692,4,2
71686,71688,71691,3,2
71686,71690,71691,1,4
71686,71690,71691,1,4
71686,71686,71692,6,0
71686,71688,71692,4,2
71686,71686,71693,7,0
71687,71691,71692,1,4
71680,71680,71692,12,0
71687,71691,71693,2,4
71680,71680,71693,13,0
71686,71686,71693,7,0
71686,71686,71693,7,0
71687,71691,71694,3,4
71686,71686,71693,7,0
71680,71680,71694,14,0
71687,71691,71695,4,4
71687,71691,71696,5,4
71687,71694,71696,2,7
71687,71694,71695,1,7
71687,71694,71696,2,7
71687,71693,71696,3,6
71687,71693,71696,3,6
71687,71694,71695,1,7
71686,71686,71697,11,0
71686,71686,71696,10,0
71687,71692,71696,4,5
71687,71695,71696,1,8
71687,71692,71697,5,5
71687,71696,71697,1,9
71687,71691,71698,7,4
71687,71696,71697,1,9
71687,71696,71697,1,9
71686,71686,71698,12,0
71680,71680,71698,18,0
71687,71693,71698,5,6
71687,71693,71699,6,6
71687,71691,71698,7,4
71687,71692,71698,6,5
71687,71691,71699,8,4
71687,71692,71699,7,5
71687,71693,71700,7,6
71687,71694,71700,6,7
71686,71686,71701,15,0
71687,71693,71701,8,6
71680,71680,71702,22,0
71687,71692,71702,10,5
71686,71686,71703,17,0
71687,71694,71705,11,7
71687,71692,71708,16,5
71687,71692,71709,17,5
71686,71688,71713,25,2
71552,71552,71725,173,0
71680,71680,71726,46,0
71819,71819,71821,2,0
71819,71819,71820,1,0
71819,71819,71821,2,0
71819,71819,71820,1,0
71819,71819,71820,1,0
71819,71819,71820,1,0
71819,71819,71820,1,0
71819,71819,71820,1,0
71819,71819,71820,1,0
71819,71819,71820,1,0
71819,71819,71820,1,0
71819,71819,71822,3,0
71819,71819,71821,2,0
71819,71819,71821,2,0
71819,71819,71822,3,0
71819,71821,71822,1,2
71819,71821,71822,1,2
71819,71819,71822,3,0
71819,71819,71822,3,0
71819,71821,71822,1,2
71819,71819,71824,5,0
71819,71819,71825,6,0
71819,71819,71825,6,0
71819,71819,71825,6,0
71825,71825,71826,1,0
71819,71819,71826,7,0
71819,71819,71826,7,0
71819,71819,71827,8,0
71825,71825,71826,1,0
71825,71825,71827,2,0
71825,71827,71829,2,2
71825,71826,71828,2,1
71825,71825,71828,3,0
71825,71827,71829,2,2
71819,71819,71829,10,0
71819,71819,71829,10,0
71825,71825,71830,5,0
71825,71829,71830,1,4
71825,71825,71830,5,0
71825,71829,71830,1,4
71825,71829,71831,2,4
71825,71825,71831,6,0
71825,71829,71831,2,4
71825,71825,71831,6,0
71825,71825,71831,6,0
71825,71826,71831,5,1
71825,71827,71832,5,2
71825,71825,71832,7,0
71825,71825,71831,6,0
71825,71825,71832,7,0
71825,71825,71833,8,0
71825,71825,71833,8,0
71825,71825,71834,9,0
71825,71825,71835,10,0
71825,71825,71834,9,0
71825,71825,71837,12,0
71819,71819,71839,20,0
71819,71819,71839,20,0
71825,71829,71840,11,4
71825,71825,71840,15,0
71825,71826,71844,18,1
71825,71826,71846,20,1
71691,71696,71853,157,5
71692,71696,71889,193,4
71687,71696,71900,204,9
71694,71696,71915,219,2
71696,71697,71922,225,1
71695,71697,71927,230,2
71953,71953,71954,1,0
71953,71953,71954,1,0
71953,71953,71954,1,0
71953,71953,71954,1,0
71953,71953,71954,1,0
71953,71953,71954,1,0
71953,71953,71954,1,0
71953,71953,71954,1,0
71953,71953,71954,1,0
71953,71953,71954,1,0
71953,71953,71954,1,0
71953,71953,71954,1,0
71953,71953,71954,1,0
71953,71953,71954,1,0
71953,71953,71955,2,0
71953,71953,71956,3,0
71953,71953,71955,2,0
71953,71953,71955,2,0
71953,71953,71956,3,0
71953,71953,71956,3,0
71953,71953,71956,3,0
71953,71953,71956,3,0
71953,71955,71956,1,2
71953,71953,71957,4,0
71953,71953,71957,4,0
71953,71955,71957,2,2
71953,71955,71958,3,2
71953,71956,71958,2,3
71953,71957,71959,2,4
71953,71953,71959,6,0
71953,71953,71959,6,0
71953,71955,71959,4,2
71953,71955,71960,5,2
71953,71958,71959,1,5
71953,71953,71960,7,0
71953,71957,71960,3,4
71953,71958,71960,2,5
71953,71957,71960,3,4
71953,71957,71961,4,4
71953,71955,71961,6,2
71953,71959,71960,1,6
71953,71955,71960,5,2
71953,71955,71960,5,2
71953,71959,71960,1,6
71953,71959,71960,1,6
71953,71956,71961,5,3
71953,71957,71962,5,4
71953,71956,71961,5,3
71953,71955,71962,7,2
71953,71955,71961,6,2
71953,71960,71961,1,7
71953,71955,71962,7,2
71953,71960,71962,2,7
71953,71953,71962,9,0
71953,71955,71962,7,2
71953,71955,71962,7,2
71953,71955,71962,7,2
71953,71958,71963,5,5
71953,71960,71963,3,7
71953,71962,71963,1,9
71953,71956,71964,8,3
71953,71963,71965,2,10
71953,71963,71964,1,10
71953,71961,71965,4,8
71953,71961,71964,3,8
71953,71962,71964,2,9
71953,71963,71965,2,10
71953,71962,71965,3,9
71953,71962,71964,2,9
71953,71953,71965,12,0
71953,71961,71966,5,8
71953,71962,71965,3,9
71953,71964,71965,1,11
71957,71965,71966,1,8
71953,71961,71965,4,8
71953,71961,71965,4,8
71953,71964,71965,1,11
71953,71965,71967,2,12
71953,71960,71966,6,7
71953,71961,71966,5,8
71957,71965,71966,1,8
71957,71965,71967,2,8
71953,71964,71967,3,11
71953,71961,71968,7,8
71953,71962,71967,5,9
71953,71962,71968,6,9
71953,71962,71968,6,9
71957,71965,71968,3,8
71953,71953,71969,16,0
71957,71967,71970,3,10
71957,71967,71970,3,10
71957,71967,71970,3,10
71957,71966,71971,5,9
71957,71966,71971,5,9
71957,71965,71971,6,8
71957,71969,71971,2,12
71953,71953,71971,18,0
71953,71963,71971,8,10
71953,71961,71971,10,8
71957,71969,71971,2,12
71953,71961,71971,10,8
71957,71968,71971,3,11
71957,71968,71972,4,11
71957,71970,71971,1,13
71957,71970,71971,1,13
71957,71965,71972,7,8
71957,71965,71972,7,8
71957,71966,71972,6,9
71957,71970,71971,1,13
71953,71961,71973,12,8
71957,71968,71973,5,11
71957,71969,71973,4,12
71953,71960,71972,12,7
71957,71966,71973,7,9
71957,71971,71972,1,14
71957,71966,71972,6,9
71957,71971,71972,1,14
71957,71971,71972,1,14
71957,71971,71973,2,14
71957,71966,71974,8,9
71957,71966,71974,8,9
71957,71973,71975,2,16
71957,71973,71975,2,16
71957,71973,71975,2,16
71957,71973,71975,2,16
71957,71973,71975,2,16
71957,71967,71975,8,10
71957,71973,71975,2,16
71957,71974,71976,2,17
71957,71972,71976,4,15
71957,71972,71976,4,15
71957,71972,71975,3,15
71957,71966,71977,11,9
71957,71975,71977,2,18
71957,71972,71977,5,15
71957,71972,71977,5,15
71957,71975,71977,2,18
71957,71972,71977,5,15
71957,71975,71976,1,18
71957,71975,71977,2,18
71957,71973,71980,7,16
71957,71973,71979,6,16
71957,71972,71980,8,15
71957,71973,71980,7,16
71953,71953,71980,27,0
71957,71972,71982,10,15
71957,71972,71982,10,15
71957,71972,71983,11,15
71957,71972,71983,11,15
71957,71967,71985,18,10
71957,71972,71987,15,15
71957,71970,71989,19,13
71686,71691,71991,300,5
71957,71973,71991,18,16
71957,71972,71993,21,15
71819,71821,71994,173,2
71953,71961,71994,33,8
71680,71680,71999,319,0
72086,72087,72088,1,1
72086,72087,72088,1,1
72086,72087,72088,1,1
72086,72087,72089,2,1
72087,72089,72090,1,2
72086,72087,72091,4,1
72086,72087,72090,3,1
72086,72087,72091,4,1
72086,72087,72091,4,1
72086,72087,72091,4,1
72086,72087,72092,5,1
72086,72087,72093,6,1
72087,72089,72093,4,2
72086,72087,72093,6,1
72086,72087,72094,7,1
72086,72087,72093,6,1
72086,72087,72093,6,1
72087,72089,72094,5,2
72086,72087,72093,6,1
72086,72087,72093,6,1
72086,72087,72094,7,1
72087,72087,72094,7,0
72086,72087,72094,7,1
72086,72087,72094,7,1
72086,72087,72094,7,1
72086,72087,72095,8,1
72086,72087,72096,9,1
72086,72087,72096,9,1
72087,72094,72096,2,7
72087,72095,72096,1,8
72086,72087,72096,9,1
72087,72090,72097,7,3
72087,72094,72096,2,7
72087,72094,72096,2,7
72087,72095,72096,1,8
72086,72087,72097,10,1
72086,72087,72097,10,1
72087,72094,72097,3,7
72087,72095,72098,3,8
72087,72094,72097,3,7
72087,72087,72099,12,0
72087,72091,72098,7,4
72087,72094,72098,4,7
72087,72094,72098,4,7
72087,72093,72099,6,6
72087,72092,72098,6,5
72087,72097,72098,1,10
72093,72097,72098,1,4
72093,72097,72098,1,4
72087,72097,72099,2,10
72086,72087,72100,13,1
72087,72091,72100,9,4
72087,72091,72101,10,4
72093,72097,72101,4,4
72093,72099,72101,2,6
72086,72087,72102,15,1
72093,72100,72102,2,7
72093,72099,72103,4,6
72093,72098,72103,5,5
72093,72099,72103,4,6
72093,72099,72102,3,6
72093,72101,72102,1,8
72087,72095,72103,8,8
72093,72099,72104,5,6
72093,72099,72103,4,6
72093,72099,72104,5,6
72093,72097,72104,7,4
72093,72102,72103,1,9
72087,72096,72104,8,9
72087,72097,72104,7,10
72093,72103,72104,1,10
72093,72098,72104,6,5
72093,72103,72104,1,10
72093,72101,72105,4,8
72093,72101,72105,4,8
72093,72097,72104,7,4
72093,72103,72104,1,10
72093,72103,72104,1,10
72093,72103,72104,1,10
72093,72098,72105,7,5
72086,72087,72105,18,1
72086,72087,72105,18,1
72093,72098,72107,9,5
72087,72094,72107,13,7
72093,72101,72107,6,8
72093,72099,72108,9,6
72093,72098,72112,14,5
72087,72092,72112,20,5
72087,72095,72113,18,8
72087,72091,72116,25,4
72093,72103,72117,14,10
72087,72094,72117,23,7
72093,72099,72124,25,6
71957,71975,72126,151,18
71826,71829,72133,304,3
71953,71965,72133,168,12
72224,72224,72226,2,0
72224,72224,72225,1,0
72224,72224,72225,1,0
72224,72224,72227,3,0
72224,72224,72228,4,0
72224,72224,72229,5,0
72224,72226,72229,3,2
72224,72224,72230,6,0
72224,72224,72230,6,0
72224,72224,72229,5,0
72224,72224,72230,6,0
72224,72224,72231,7,0
72224,72224,72231,7,0
72224,72224,72231,7,0
72224,72224,72232,8,0
72224,72224,72231,7,0
72224,72224,72231,7,0
72224,72226,72231,5,2
72224,72224,72232,8,0
72224,72224,72232,8,0
72224,72224,72233,9,0
72224,72226,72233,7,2
72224,72224,72234,10,0
72224,72224,72233,9,0
72224,72224,72234,10,0
72224,72227,72234,7,3
72224,72232,72234,2,8
72224,72232,72234,2,8
72224,72224,72235,11,0
72224,72229,72235,6,5
72224,72232,72235,3,8
72224,72232,72235,3,8
72224,72232,72235,3,8
72224,72230,72235,5,6
72224,72232,72235,3,8
72224,72233,72235,2,9
72224,72234,72235,1,10
72224,72224,72235,11,0
72224,72224,72236,12,0
72224,72229,72236,7,5
72224,72231,72236,5,7
72224,72232,72235,3,8
72224,72224,72235,11,0
72224,72224,72235,11,0
72224,72224,72235,11,0
72224,72234,72235,1,10
72224,72234,72236,2,10
72224,72228,72235,7,4
72224,72231,72235,4,7
72224,72234,72237,3,10
72224,72231,72238,7,7
72224,72224,72238,14,0
72224,72230,72240,10,6
72224,72224,72241,17,0
72224,72230,72241,11,6
72224,72224,72246,22,0
72224,72233,72246,13,9
72087,72097,72247,150,10
72224,72224,72249,25,0
72093,72103,72249,146,10
72224,72234,72251,17,10
72224,72224,72268,44,0
72224,72224,72268,44,0
72224,72234,72272,38,10
72475,72475,72476,1,0
72475,72475,72476,1,0
72475,72475,72476,1,0
72475,72475,72477,2,0
72475,72475,72478,3,0
72475,72475,72478,3,0
72475,72475,72479,4,0
72475,72476,72479,3,1
72475,72475,72479,4,0
72475,72475,72480,5,0
72475,72475,72480,5,0
72475,72475,72480,5,0
72475,72475,72480,5,0
72475,72475,72481,6,0
72475,72475,72481,6,0
72475,72477,72481,4,2
72475,72475,72482,7,0
72475,72475,72482,7,0
72475,72475,72482,7,0
72475,72475,72482,7,0
72475,72475,72483,8,0
72475,72475,72483,8,0
72475,72477,72483,6,2
72475,72479,72484,5,4
72475,72480,72485,5,5
72475,72483,72485,2,8
72475,72478,72485,7,3
72475,72480,72485,5,5
72475,72481,72485,4,6
72475,72483,72485,2,8
72475,72475,72484,9,0
72475,72481,72485,4,6
72475,72482,72485,3,7
72475,72482,72484,2,7
72475,72484,72485,1,9
72475,72475,72485,10,0
72475,72478,72485,7,3
72475,72484,72485,1,9
72475,72484,72485,1,9
72475,72485,72486,1,10
72475,72475,72485,10,0
72475,72475,72485,10,0
72475,72475,72486,11,0
72475,72475,72486,11,0
72475,72475,72486,11,0
72475,72475,72486,11,0
72475,72484,72486,2,9
72475,72485,72486,1,10
72475,72485,72486,1,10
72475,72475,72488,13,0
72475,72475,72487,12,0
72475,72481,72487,6,6
72475,72475,72487,12,0
72475,72475,72489,14,0
72475,72475,72490,15,0
72475,72483,72491,8,8
72475,72483,72492,9,8
72475,72482,72493,11,7
72475,72481,72493,12,6
72475,72480,72498,18,5
72475,72475,72498,23,0
72475,72475,72521,46,0
72346,72346,72523,177,0
72475,72485,72659,174,10
72725,72725,72726,1,0
72725,72725,72726,1,0
72725,72725,72726,1,0
72725,72725,72727,2,0
72725,72725,72727,2,0
72725,72725,72727,2,0
72725,72725,72727,2,0
72725,72725,72727,2,0
72725,72725,72728,3,0
72725,72725,72728,3,0
72725,72725,72729,4,0
72725,72725,72729,4,0
72725,72725,72729,4,0
72725,72725,72729,4,0
72725,72725,72729,4,0
72725,72725,72730,5,0
72725,72725,72730,5,0
72725,72725,72730,5,0
72725,72725,72730,5,0
72730,72730,72731,1,0
72725,72725,72732,7,0
72730,72730,72732,2,0
72730,72730,72732,2,0
72730,72730,72732,2,0
72725,72725,72732,7,0
72730,72730,72733,3,0
72730,72731,72733,2,1
72730,72731,72733,2,1
72730,72730,72734,4,0
72730,72732,72734,2,2
72730,72732,72734,2,2
72730,72730,72734,4,0
72730,72732,72734,2,2
72730,72730,72734,4,0
72730,72732,72734,2,2
72730,72734,72735,1,4
72725,72725,72735,10,0
72725,72725,72734,9,0
72725,72725,72735,10,0
72730,72730,72735,5,0
72730,72730,72735,5,0
72730,72730,72735,5,0
72730,72730,72736,6,0
72725,72725,72736,11,0
72730,72730,72736,6,0
72725,72725,72736,11,0
72730,72730,72737,7,0
72730,72730,72737,7,0
72730,72730,72738,8,0
72730,72730,72738,8,0
72725,72725,72740,15,0
72725,72725,72739,14,0
72730,72730,72741,11,0
72725,72725,72741,16,0
72730,72730,72743,13,0
72730,72730,72752,22,0
72730,72732,72753,21,2
72725,72725,72755,30,0
72730,72730,72760,30,0
72725,72725,72778,53,0
72730,72730,72778,48,0
72856,72856,72857,1,0
72856,72856,72857,1,0
72856,72856,72857,1,0
72856,72856,72857,1,0
72856,72856,72857,1,0
72856,72856,72857,1,0
72856,72856,72857,1,0
72856,72856,72857,1,0
72856,72856,72857,1,0
72856,72856,72857,1,0
72856,72856,72857,1,0
72856,72856,72857,1,0
72856,72856,72857,1,0
72856,72856,72859,3,0
72856,72856,72859,3,0
72856,72856,72859,3,0
72856,72856,72860,4,0
72856,72856,72860,4,0
72856,72856,72862,6,0
72856,72856,72862,6,0
72856,72856,72863,7,0
72856,72856,72864,8,0
72856,72856,72863,7,0
72856,72856,72864,8,0
72856,72856,72865,9,0
72856,72856,72866,10,0
72856,72856,72866,10,0
72856,72856,72871,15,0
72856,72856,72884,28,0
72731,72734,72894,160,3
72725,72725,73034,309,0
73109,73109,73110,1,0
73109,73109,73110,1,0
73109,73109,73110,1,0
73109,73109,73111,2,0
73109,73109,73112,3,0
73109,73109,73112,3,0
73109,73109,73113,4,0
73109,73109,73113,4,0
73109,73109,73113,4,0
73109,73109,73112,3,0
73109,73109,73113,4,0
73109,73109,73113,4,0
73109,73109,73112,3,0
73109,73109,73112,3,0
73109,73109,73113,4,0
73109,73109,73114,5,0
73109,73109,73113,4,0
73109,73109,73114,5,0
73109,73109,73115,6,0
73109,73109,73114,5,0
73109,73109,73116,7,0
73109,73109,73115,6,0
73109,73109,73116,7,0
73109,73109,73116,7,0
73109,73109,73117,8,0
73109,73109,73118,9,0
73109,73109,73119,10,0
73109,73109,73119,10,0
72856,72856,73120,264,0
73109,73109,73121,12,0
73109,73109,73146,37,0
73109,73109,73160,51,0
73234,73234,73235,1,0
73234,73234,73235,1,0
73234,73234,73237,3,0
73234,73234,73237,3,0
73234,73234,73236,2,0
73234,73234,73237,3,0
73234,73234,73237,3,0
73234,73234,73238,4,0
73234,73234,73238,4,0
73234,73234,73239,5,0
73234,73234,73239,5,0
73234,73234,73239,5,0
73234,73234,73239,5,0
73234,73234,73239,5,0
73234,73234,73240,6,0
73234,73234,73240,6,0
73234,73234,73240,6,0
73234,73234,73241,7,0
73234,73234,73242,8,0
73234,73234,73243,9,0
73234,73234,73243,9,0
73234,73234,73244,10,0
73234,73234,73244,10,0
73234,73234,73245,11,0
73234,73234,73245,11,0
73234,73234,73248,14,0
73234,73234,73248,14,0
73234,73234,73248,14,0
73234,73234,73248,14,0
73234,73234,73252,18,0
73234,73234,73266,32,0
73109,73113,73284,171,4
73111,73113,73297,184,2
73359,73359,73360,1,0
73359,73359,73361,2,0
73359,73359,73360,1,0
73359,73359,73361,2,0
73359,73360,73362,2,1
73359,73360,73362,2,1
73359,73360,73362,2,1
73359,73360,73363,3,1
73359,73359,73363,4,0
73359,73359,73363,4,0
73359,73360,73363,3,1
73359,73360,73363,3,1
73359,73359,73364,5,0
73359,73359,73364,5,0
73359,73359,73364,5,0
73359,73359,73364,5,0
73359,73359,73364,5,0
73359,73359,73364,5,0
73359,73359,73364,5,0
73359,73360,73365,5,1
73359,73359,73366,7,0
73359,73360,73366,6,1
73359,73362,73367,5,3
73359,73360,73370,10,1
73359,73359,73370,11,0
73359,73360,73370,10,1
73359,73359,73370,11,0
73359,73359,73370,11,0
73359,73360,73384,24,1
73359,73360,73385,25,1
73359,73360,73390,30,1
73359,73360,73395,35,1
73487,73487,73488,1,0
73487,73487,73488,1,0
73487,73487,73488,1,0
73487,73487,73488,1,0
73487,73487,73490,3,0
73487,73487,73489,2,0
73487,73487,73490,3,0
73487,73487,73490,3,0
73487,73487,73490,3,0
73487,73487,73490,3,0
73487,73487,73491,4,0
73487,73487,73492,5,0
73487,73487,73491,4,0
73487,73487,73491,4,0
73487,73487,73491,4,0
73487,73487,73492,5,0
73487,73487,73493,6,0
73487,73487,73494,7,0
73487,73487,73495,8,0
73487,73487,73495,8,0
73487,73487,73496,9,0
73487,73487,73497,10,0
73487,73487,73496,9,0
73487,73487,73498,11,0
73487,73487,73498,11,0
73487,73487,73499,12,0
73487,73487,73499,12,0
73487,73487,73501,14,0
73487,73487,73502,15,0
73360,73364,73517,153,4
73487,73487,73520,33,0
73487,73487,73529,42,0
73614,73614,73615,1,0
73614,73614,73615,1,0
73614,73614,73615,1,0
73614,73614,73615,1,0
73614,73614,73617,3,0
73614,73614,73616,2,0
73614,73614,73616,2,0
73614,73614,73616,2,0
73614,73614,73617,3,0
73614,73614,73617,3,0
73614,73614,73618,4,0
73614,73614,73618,4,0
73614,73614,73618,4,0
73614,73614,73618,4,0
73614,73614,73618,4,0
73614,73614,73619,5,0
73614,73614,73619,5,0
73614,73614,73620,6,0
73614,73614,73621,7,0
73614,73614,73623,9,0
73614,73614,73623,9,0
73614,73614,73624,10,0
73614,73614,73625,11,0
73614,73614,73625,11,0
73614,73614,73625,11,0
73614,73614,73630,16,0
73614,73614,73629,15,0
73614,73614,73634,20,0
73614,73614,73635,21,0
73614,73614,73636,22,0
73614,73614,73642,28,0
73491,73491,73643,152,0
73492,73492,73645,153,0
73490,73490,73651,161,0
73742,73742,73743,1,0
73742,73742,73743,1,0
73742,73742,73743,1,0
73742,73742,73744,2,0
73742,73742,73744,2,0
73742,73742,73745,3,0
73742,73742,73744,2,0
73742,73742,73744,2,0
73742,73742,73744,2,0
73742,73742,73744,2,0
73742,73742,73745,3,0
73742,73742,73746,4,0
73742,73742,73745,3,0
73742,73742,73745,3,0
73742,73742,73745,3,0
73742,73742,73746,4,0
73742,73742,73746,4,0
73742,73742,73745,3,0
73742,73742,73746,4,0
73742,73742,73746,4,0
73742,73742,73746,4,0
73746,73746,73747,1,0
73746,73746,73748,2,0
73746,73746,73747,1,0
73742,73742,73748,6,0
73746,73746,73747,1,0
73742,73742,73749,7,0
73746,73746,73749,3,0
73746,73748,73750,2,2
73746,73746,73750,4,0
73746,73746,73749,3,0
73746,73748,73750,2,2
73746,73746,73749,3,0
73746,73748,73750,2,2
73746,73746,73750,4,0
73746,73746,73750,4,0
73742,73742,73750,8,0
73746,73746,73750,4,0
73746,73750,73751,1,4
73746,73746,73751,5,0
73746,73746,73750,4,0
73747,73750,73751,1,3
73746,73748,73750,2,2
73746,73749,73750,1,3
73747,73750,73751,1,3
73742,73742,73751,9,0
73746,73746,73751,5,0
73746,73747,73752,5,1
73746,73747,73751,4,1
73746,73750,73751,1,4
73746,73747,73752,5,1
73746,73748,73752,4,2
73746,73750,73752,2,4
73746,73750,73752,2,4
73742,73742,73752,10,0
73746,73746,73753,7,0
73746,73750,73752,2,4
73746,73746,73753,7,0
73747,73750,73753,3,3
73742,73742,73754,12,0
73747,73751,73754,3,4
73742,73742,73754,12,0
73747,73751,73755,4,4
73747,73752,73755,3,5
73747,73753,73755,2,6
73747,73751,73755,4,4
73747,73751,73755,4,4
73747,73752,73755,3,5
73747,73751,73755,4,4
73747,73752,73755,3,5
73747,73752,73756,4,5
73747,73752,73756,4,5
73747,73754,73755,1,7
73747,73751,73757,6,4
73747,73752,73757,5,5
73747,73753,73756,3,6
73747,73753,73756,3,6
73746,73746,73757,11,0
73747,73752,73757,5,5
73747,73751,73757,6,4
73747,73755,73756,1,8
73747,73755,73757,2,8
73747,73751,73757,6,4
73747,73752,73758,6,5
73747,73753,73758,5,6
73742,73742,73763,21,0
73747,73754,73764,10,7
73747,73751,73767,16,4
73747,73755,73767,12,8
73742,73742,73769,27,0
73618,73618,73769,151,0
73747,73753,73771,18,6
73747,73752,73777,25,5
73619,73619,73780,161,0
73487,73487,73788,301,0
73742,73742,73789,47,0
73617,73617,73790,173,0
73871,73871,73872,1,0
73871,73871,73872,1,0
73871,73871,73872,1,0
73871,73871,73873,2,0
73871,73871,73873,2,0
73871,73871,73874,3,0
73871,73871,73875,4,0
73871,73871,73874,3,0
73871,73871,73874,3,0
73871,73871,73874,3,0
73871,73873,73874,1,2
73871,73871,73875,4,0
73871,73871,73874,3,0
73871,73873,73874,1,2
73871,73871,73874,3,0
73871,73871,73874,3,0
73871,73873,73874,1,2
73871,73871,73875,4,0
73871,73871,73876,5,0
73871,73871,73875,4,0
73871,73874,73876,2,3
73871,73875,73877,2,4
73871,73871,73878,7,0
73871,73875,73877,2,4
73871,73871,73878,7,0
73871,73875,73877,2,4
73871,73875,73877,2,4
73871,73871,73878,7,0
73871,73871,73878,7,0
73871,73871,73879,8,0
73871,73875,73878,3,4
73871,73876,73878,2,5
73871,73874,73879,5,3
73871,73877,73878,1,6
73871,73877,73878,1,6
73871,73871,73879,8,0
73871,73871,73879,8,0
73871,73875,73879,4,4
73871,73875,73879,4,4
73871,73878,73880,2,7
73871,73878,73879,1,7
73871,73878,73880,2,7
73871,73871,73881,10,0
73871,73875,73880,5,4
73871,73875,73881,6,4
73871,73879,73880,1,8
73871,73876,73881,5,5
73871,73876,73881,5,5
73871,73874,73881,7,3
73871,73875,73881,6,4
73871,73878,73883,5,7
73871,73879,73884,5,8
73871,73875,73884,9,4
73871,73871,73884,13,0
73871,73871,73885,14,0
73871,73871,73886,15,0
73871,73871,73889,18,0
73871,73879,73889,10,8
73614,73614,73890,276,0
73742,73743,73891,148,1
73871,73878,73895,17,7
73871,73879,73899,20,8
73871,73871,73902,31,0
73746,73750,73907,157,4
73747,73755,73915,160,8
73871,73871,73928,57,0
73749,73755,73952,197,6
74000,74000,74001,1,0
74000,74000,74001,1,0
74000,74000,74001,1,0
74000,74000,74002,2,0
74000,74000,74002,2,0
74000,74000,74002,2,0
74000,74000,74003,3,0
74000,74000,74004,4,0
74000,74000,74004,4,0
74000,74000,74004,4,0
74000,74000,74004,4,0
74000,74000,74005,5,0
74000,74000,74004,4,0
74000,74001,74005,4,1
74000,74000,74006,6,0
74000,74001,74006,5,1
74000,74001,74006,5,1
74000,74000,74006,6,0
74000,74000,74007,7,0
74000,74004,74007,3,4
74000,74000,74007,7,0
74000,74003,74007,4,3
74000,74004,74007,3,4
74000,74004,74007,3,4
74000,74003,74006,3,3
74000,74005,74007,2,5
74000,74000,74008,8,0
74000,74000,74008,8,0
74000,74000,74007,7,0
74000,74000,74008,8,0
74000,74005,74008,3,5
74000,74000,74008,8,0
74000,74000,74008,8,0
74000,74000,74008,8,0
74000,74000,74007,7,0
74000,74004,74007,3,4
74000,74006,74008,2,6
74000,74006,74008,2,6
74000,74002,74007,5,2
74000,74005,74008,3,5
74000,74000,74009,9,0
74000,74007,74009,2,7
74000,74007,74009,2,7
74000,74000,74009,9,0
74000,74000,74009,9,0
74000,74007,74009,2,7
74000,74007,74009,2,7
74000,74002,74009,7,2
74000,74007,74009,2,7
74000,74007,74009,2,7
74000,74007,74009,2,7
74000,74007,74008,1,7
74000,74000,74010,10,0
74000,74008,74010,2,8
74000,74000,74010,10,0
74000,74000,74010,10,0
74000,74008,74011,3,8
74000,74008,74011,3,8
74000,74009,74011,2,9
74000,74009,74011,2,9
74000,74008,74011,3,8
74000,74009,74011,2,9
74000,74009,74011,2,9
74000,74009,74011,2,9
74000,74008,74011,3,8
74000,74008,74011,3,8
74000,74009,74011,2,9
74000,74009,74011,2,9
74000,74009,74012,3,9
74000,74009,74012,3,9
74000,74010,74012,2,10
74000,74000,74012,12,0
74000,74007,74013,6,7
74000,74012,74013,1,12
74000,74012,74013,1,12
74000,74006,74014,8,6
74000,74008,74015,7,8
74000,74000,74015,15,0
74000,74008,74015,7,8
74000,74009,74015,6,9
74000,74008,74016,8,8
74000,74009,74016,7,9
74000,74010,74016,6,10
74000,74008,74017,9,8
74000,74008,74017,9,8
74000,74008,74018,10,8
74000,74008,74019,11,8
74000,74008,74020,12,8
74000,74009,74022,13,9
73871,73879,74026,147,8
74000,74000,74031,31,0
74000,74010,74037,27,10
74000,74011,74043,32,11
74000,74000,74056,56,0
74131,74131,74133,2,0
74131,74131,74133,2,0
74131,74131,74133,2,0
74131,74131,74133,2,0
74131,74131,74134,3,0
74131,74131,74134,3,0
74131,74131,74134,3,0
74131,74131,74134,3,0
74131,74131,74135,4,0
74131,74131,74135,4,0
74131,74131,74135,4,0
74131,74131,74135,4,0
74131,74131,74135,4,0
74131,74131,74135,4,0
74131,74131,74135,4,0
74131,74131,74135,4,0
74131,74131,74137,6,0
74131,74131,74137,6,0
74131,74131,74137,6,0
74131,74131,74138,7,0
74131,74131,74138,7,0
74131,74131,74138,7,0
74131,74131,74139,8,0
74131,74131,74139,8,0
74131,74131,74139,8,0
74131,74131,74140,9,0
74131,74131,74140,9,0
74131,74131,74141,10,0
74131,74131,74147,16,0
74131,74131,74155,24,0
74000,74012,74163,151,12
74131,74131,74171,40,0
74254,74254,74255,1,0
74254,74254,74255,1,0
74254,74254,74256,2,0
74254,74254,74255,1,0
74254,74254,74255,1,0
74254,74254,74255,1,0
74254,74254,74256,2,0
74254,74254,74256,2,0
74254,74254,74256,2,0
74254,74254,74256,2,0
74254,74254,74257,3,0
74254,74254,74257,3,0
74254,74254,74258,4,0
74254,74256,74259,3,2
74254,74255,74258,3,1
74254,74257,74258,1,3
74254,74254,74259,5,0
74254,74256,74259,3,2
74254,74257,74258,1,3
74254,74256,74258,2,2
74254,74257,74258,1,3
74254,74257,74259,2,3
74254,74254,74259,5,0
74254,74254,74259,5,0
74254,74254,74259,5,0
74254,74256,74259,3,2
74254,74254,74259,5,0
74254,74256,74259,3,2
74254,74258,74260,2,4
74254,74254,74260,6,0
74254,74254,74260,6,0
74254,74254,74260,6,0
74254,74254,74260,6,0
74254,74258,74260,2,4
74254,74259,74260,1,5
74254,74259,74260,1,5
74254,74259,74260,1,5
74254,74259,74260,1,5
74254,74258,74260,2,4
74254,74259,74260,1,5
74254,74259,74260,1,5
74254,74259,74260,1,5
74254,74259,74260,1,5
74254,74259,74260,1,5
74254,74254,74261,7,0
74254,74260,74261,1,6
74254,74260,74261,1,6
74254,74254,74262,8,0
74254,74254,74262,8,0
74254,74254,74263,9,0
74254,74254,74263,9,0
74254,74254,74264,10,0
74254,74254,74264,10,0
74254,74254,74264,10,0
74254,74254,74266,12,0
74254,74260,74267,7,6
74254,74254,74269,15,0
74254,74254,74270,16,0
74254,74254,74275,21,0
74254,74254,74282,28,0
74254,74260,74282,22,6
74254,74254,74285,31,0
74385,74385,74386,1,0
74385,74385,74386,1,0
74385,74385,74387,2,0
74385,74385,74386,1,0
74385,74385,74387,2,0
74385,74385,74387,2,0
74385,74385,74388,3,0
74385,74385,74389,4,0
74385,74385,74388,3,0
74385,74385,74388,3,0
74385,74385,74390,5,0
74385,74385,74389,4,0
74385,74385,74390,5,0
74385,74385,74390,5,0
74385,74385,74392,7,0
74385,74385,74392,7,0
74385,74385,74393,8,0
74385,74385,74393,8,0
74385,74385,74394,9,0
74385,74385,74395,10,0
74385,74385,74395,10,0
74385,74385,74394,9,0
74385,74385,74395,10,0
74385,74385,74397,12,0
74385,74385,74398,13,0
74385,74385,74397,12,0
74385,74385,74398,13,0
74385,74385,74404,19,0
74385,74385,74403,18,0
74385,74385,74403,18,0
74254,74260,74404,144,6
74385,74385,74409,24,0
74385,74385,74628,243,0
74635,74635,74636,1,0
74635,74635,74636,1,0
74635,74635,74636,1,0
74635,74635,74637,2,0
74635,74635,74636,1,0
74635,74635,74637,2,0
74635,74635,74637,2,0
74635,74635,74637,2,0
74635,74635,74637,2,0
74635,74635,74637,2,0
74635,74635,74637,2,0
74635,74635,74637,2,0
74635,74635,74639,4,0
74635,74635,74638,3,0
74635,74635,74639,4,0
74635,74635,74639,4,0
74635,74635,74638,3,0
74635,74635,74640,5,0
74635,74635,74640,5,0
74635,74635,74639,4,0
74635,74638,74639,1,3
74635,74637,74640,3,2
74635,74638,74639,1,3
74635,74636,74639,3,1
74635,74638,74639,1,3
74635,74637,74639,2,2
74635,74638,74639,1,3
74635,74638,74640,2,3
74635,74635,74640,5,0
74635,74635,74641,6,0
74635,74635,74640,5,0
74635,74636,74640,4,1
74635,74637,74640,3,2
74635,74640,74641,1,5
74635,74638,74640,2,3
74635,74639,74640,1,4
74635,74635,74640,5,0
74635,74639,74640,1,4
74635,74640,74641,1,5
74640,74640,74641,1,0
74635,74635,74641,6,0
74635,74635,74641,6,0
74635,74638,74641,3,3
74635,74640,74641,1,5
74635,74640,74641,1,5
74635,74639,74641,2,4
74635,74640,74641,1,5
74635,74640,74641,1,5
74635,74640,74641,1,5
74635,74635,74642,7,0
74635,74635,74642,7,0
74635,74635,74643,8,0
74635,74635,74642,7,0
74635,74639,74642,3,4
74640,74641,74643,2,1
74640,74641,74643,2,1
74635,74635,74643,8,0
74635,74635,74643,8,0
74640,74642,74643,1,2
74640,74642,74644,2,2
74640,74642,74644,2,2
74640,74642,74644,2,2
74640,74641,74644,3,1
74640,74642,74644,2,2
74640,74642,74643,1,2
74640,74641,74644,3,1
74635,74635,74645,10,0
74640,74641,74645,4,1
74640,74642,74644,2,2
74640,74641,74645,4,1
74640,74641,74645,4,1
74640,74641,74644,3,1
74640,74643,74644,1,3
74640,74643,74644,1,3
74640,74641,74646,5,1
74640,74643,74646,3,3
74635,74635,74646,11,0
74640,74644,74646,2,4
74635,74640,74646,6,5
74635,74639,74646,7,4
74640,74643,74646,3,3
74640,74641,74648,7,1
74635,74640,74647,7,5
74640,74641,74647,6,1
74640,74643,74647,4,3
74640,74641,74648,7,1
74635,74635,74648,13,0
74635,74635,74649,14,0
74640,74642,74650,8,2
74640,74643,74650,7,3
74640,74642,74655,13,2
74640,74643,74656,13,3
74640,74644,74682,38,4
74640,74644,74799,155,4
74643,74644,74805,161,1
74635,74640,74818,178,5
74893,74893,74894,1,0
74893,74893,74894,1,0
74893,74893,74894,1,0
74893,74893,74894,1,0
74893,74893,74894,1,0
74893,74893,74894,1,0
74893,74893,74894,1,0
74893,74893,74894,1,0
74893,74893,74894,1,0
74893,74893,74895,2,0
74893,74893,74895,2,0
74893,74893,74895,2,0
74893,74893,74896,3,0
74893,74893,74895,2,0
74893,74893,74895,2,0
74893,74893,74896,3,0
74893,74893,74895,2,0
74893,74893,74895,2,0
74893,74893,74896,3,0
74893,74893,74897,4,0
74893,74893,74897,4,0
74893,74893,74899,6,0
74893,74893,74898,5,0
74898,74898,74899,1,0
74898,74898,74899,1,0
74898,74898,74899,1,0
74898,74898,74900,2,0
74898,74898,74899,1,0
74893,74893,74900,7,0
74898,74898,74900,2,0
74898,74899,74900,1,1
74898,74898,74899,1,0
74898,74898,74900,2,0
74898,74899,74900,1,1
74898,74898,74899,1,0
74898,74898,74901,3,0
74898,74898,74901,3,0
74898,74900,74901,1,2
74898,74899,74900,1,1
74898,74898,74901,3,0
74898,74898,74900,2,0
74899,74900,74901,1,1
74899,74900,74901,1,1
74893,74893,74901,8,0
74898,74898,74902,4,0
74899,74900,74901,1,1
74898,74898,74901,3,0
74899,74900,74902,2,1
74899,74900,74902,2,1
74893,74893,74903,10,0
74893,74893,74903,10,0
74898,74898,74903,5,0
74898,74898,74902,4,0
74899,74901,74902,1,2
74899,74900,74903,3,1
74899,74901,74903,2,2
74898,74898,74903,5,0
74898,74898,74903,5,0
74898,74898,74904,6,0
74898,74899,74904,5,1
74899,74901,74903,2,2
74899,74901,74904,3,2
74899,74903,74904,1,4
74899,74901,74903,2,2
74899,74902,74904,2,3
74899,74902,74904,2,3
74899,74901,74903,2,2
74899,74901,74903,2,2
74899,74901,74904,3,2
74899,74902,74904,2,3
74899,74902,74904,2,3
74899,74902,74903,1,3
74899,74902,74904,2,3
74899,74903,74905,2,4
74899,74903,74904,1,4
74899,74903,74906,3,4
74898,74898,74907,9,0
74893,74893,74908,15,0
74893,74893,74908,15,0
74898,74898,74908,10,0
74899,74903,74908,5,4
74899,74903,74908,5,4
74899,74904,74908,4,5
74898,74898,74909,11,0
74898,74898,74909,11,0
74898,74898,74909,11,0
74898,74899,74909,10,1
74899,74900,74910,10,1
74899,74904,74910,6,5
74899,74904,74910,6,5
74899,74903,74919,16,4
74893,74893,74920,27,0
74893,74893,74931,38,0
74893,74896,75050,154,3
74898,74900,75057,157,2
75154,75154,75155,1,0
75154,75154,75155,1,0
75154,75154,75155,1,0
75154,75154,75155,1,0
75154,75154,75155,1,0
75154,75154,75155,1,0
75154,75154,75155,1,0
75154,75154,75155,1,0
75154,75154,75155,1,0
75155,75155,75156,1,0
75154,75154,75155,1,0
75155,75155,75156,1,0
75155,75155,75156,1,0
75154,75154,75155,1,0
75155,75155,75156,1,0
75154,75154,75156,2,0
75154,75154,75156,2,0
75154,75154,75156,2,0
75155,75155,75156,1,0
75155,75156,75157,1,1
75155,75155,75156,1,0
75155,75155,75156,1,0
75155,75155,75156,1,0
75154,75154,75158,4,0
75154,75154,75158,4,0
75154,75154,75158,4,0
75154,75154,75158,4,0
75154,75154,75157,3,0
75154,75154,75157,3,0
75155,75156,75157,1,1
75155,75156,75158,2,1
75155,75157,75158,1,2
75155,75156,75158,2,1
75155,75157,75158,1,2
75155,75156,75159,3,1
75155,75157,75158,1,2
75155,75158,75159,1,3
75155,75156,75159,3,1
75155,75157,75158,1,2
75155,75158,75159,1,3
75156,75158,75159,1,2
75155,75156,75159,3,1
75155,75157,75158,1,2
75156,75158,75159,1,2
75155,75157,75160,3,2
75155,75157,75159,2,2
75155,75157,75160,3,2
75156,75159,75160,1,3
75156,75159,75160,1,3
75154,75154,75160,6,0
75154,75154,75161,7,0
75154,75154,75161,7,0
75155,75158,75161,3,3
75156,75159,75160,1,3
75156,75159,75160,1,3
75156,75159,75161,2,3
75156,75159,75161,2,3
75156,75159,75161,2,3
75156,75159,75161,2,3
75156,75159,75161,2,3
75156,75159,75161,2,3
75155,75158,75162,4,3
75154,75154,75162,8,0
75155,75158,75161,3,3
75156,75160,75162,2,4
75156,75161,75162,1,5
75156,75161,75162,1,5
75156,75161,75162,1,5
75156,75161,75162,1,5
75156,75160,75162,2,4
75156,75161,75162,1,5
75154,75154,75163,9,0
75154,75154,75162,8,0
75156,75160,75163,3,4
75156,75161,75163,2,5
75156,75161,75163,2,5
75156,75161,75163,2,5
75156,75161,75163,2,5
75156,75160,75164,4,4
75155,75158,75164,6,3
75155,75158,75163,5,3
75155,75158,75164,6,3
75154,75154,75163,9,0
75156,75162,75164,2,6
75156,75160,75164,4,4
75156,75162,75165,3,6
75156,75161,75167,6,5
74899,74904,75169,265,5
75154,75154,75169,15,0
75154,75154,75170,16,0
75154,75154,75175,21,0
75156,75161,75176,15,5
75156,75161,75181,20,5
75154,75154,75197,43,0
75030,75030,75199,169,0
75031,75031,75199,168,0
75027,75027,75200,173,0
75278,75278,75279,1,0
75278,75278,75279,1,0
75278,75278,75280,2,0
75278,75278,75280,2,0
75278,75278,75279,1,0
75278,75278,75280,2,0
75278,75278,75280,2,0
75278,75278,75280,2,0
75278,75278,75280,2,0
75278,75278,75280,2,0
75278,75278,75280,2,0
75278,75278,75279,1,0
75278,75278,75279,1,0
75278,75278,75279,1,0
75278,75278,75281,3,0
75278,75278,75281,3,0
75278,75278,75280,2,0
75278,75278,75281,3,0
75278,75278,75282,4,0
75278,75278,75283,5,0
75278,75278,75284,6,0
75284,75284,75285,1,0
75284,75284,75285,1,0
75278,75278,75285,7,0
75284,75284,75286,2,0
75284,75284,75285,1,0
75284,75284,75285,1,0
75284,75284,75285,1,0
75284,75284,75285,1,0
75284,75284,75285,1,0
75284,75284,75285,1,0
75284,75284,75285,1,0
75284,75284,75285,1,0
75284,75284,75285,1,0
75284,75284,75285,1,0
75284,75285,75286,1,1
75278,75278,75286,8,0
75284,75285,75286,1,1
75278,75278,75286,8,0
75284,75284,75286,2,0
75284,75284,75287,3,0
75284,75284,75286,2,0
75284,75286,75287,1,2
75284,75284,75286,2,0
75284,75286,75287,1,2
75284,75286,75287,1,2
75287,75287,75288,1,0
75287,75287,75288,1,0
75278,75278,75287,9,0
75284,75284,75287,3,0
75284,75286,75287,1,2
75284,75286,75287,1,2
75287,75287,75288,1,0
75287,75287,75288,1,0
75287,75287,75288,1,0
75287,75287,75288,1,0
75287,75287,75288,1,0
75287,75288,75289,1,1
75287,75287,75289,2,0
75287,75288,75289,1,1
75287,75287,75288,1,0
75287,75287,75288,1,0
75287,75287,75288,1,0
75287,75289,75290,1,2
75287,75289,75290,1,2
75287,75288,75289,1,1
75287,75289,75290,1,2
75287,75289,75290,1,2
75287,75287,75289,2,0
75287,75287,75289,2,0
75287,75288,75289,1,1
75278,75278,75290,12,0
75284,75285,75290,5,1
75287,75289,75290,1,2
75287,75289,75290,1,2
75287,75287,75291,4,0
75287,75288,75290,2,1
75287,75289,75290,1,2
75287,75289,75290,1,2
75278,75278,75291,13,0
75284,75284,75291,7,0
75284,75284,75291,7,0
75287,75287,75292,5,0
75287,75289,75291,2,2
75278,75278,75292,14,0
75284,75284,75292,8,0
75287,75287,75293,6,0
75284,75284,75297,13,0
75278,75278,75300,22,0
75278,75278,75308,30,0
75287,75288,75307,19,1
75155,75158,75320,162,3
75284,75284,75325,41,0
75278,75278,75337,59,0
75154,75154,75428,274,0
75287,75289,75446,157,2
75284,75286,75448,162,2
75532,75532,75533,1,0
75532,75532,75533,1,0
75532,75532,75533,1,0
75532,75532,75533,1,0
75532,75532,75533,1,0
75532,75532,75533,1,0
75532,75532,75533,1,0
75532,75532,75533,1,0
75532,75532,75533,1,0
75532,75532,75533,1,0
75532,75532,75533,1,0
75532,75532,75533,1,0
75532,75532,75533,1,0
75532,75532,75533,1,0
75532,75532,75535,3,0
75532,75532,75535,3,0
75532,75532,75534,2,0
75532,75532,75534,2,0
75532,75532,75534,2,0
75532,75532,75535,3,0
75532,75532,75536,4,0
75532,75532,75536,4,0
75532,75532,75536,4,0
75532,75532,75536,4,0
75532,75534,75537,3,2
75532,75534,75537,3,2
75532,75535,75537,2,3
75532,75534,75538,4,2
75532,75535,75537,2,3
75532,75534,75538,4,2
75532,75534,75538,4,2
75532,75537,75538,1,5
75532,75535,75538,3,3
75536,75538,75539,1,2
75532,75538,75539,1,6
75532,75534,75539,5,2
75532,75534,75539,5,2
75532,75532,75539,7,0
75536,75539,75540,1,3
75536,75539,75540,1,3
75532,75538,75539,1,6
75532,75534,75540,6,2
75532,75534,75541,7,2
75532,75532,75540,8,0
75532,75534,75541,7,2
75536,75539,75540,1,3
75536,75540,75541,1,4
75536,75539,75540,1,3
75536,75540,75541,1,4
75532,75534,75540,6,2
75536,75539,75541,2,3
75532,75532,75541,9,0
75532,75532,75541,9,0
75532,75537,75541,4,5
75532,75535,75542,7,3
75532,75535,75541,6,3
75532,75536,75541,5,4
75532,75534,75541,7,2
75536,75540,75542,2,4
75536,75540,75541,1,4
75532,75532,75541,9,0
75532,75534,75541,7,2
75532,75534,75541,7,2
75536,75541,75542,1,5
75536,75540,75541,1,4
75536,75541,75542,1,5
75536,75540,75541,1,4
75536,75541,75542,1,5
75536,75541,75542,1,5
75536,75541,75542,1,5
75536,75542,75543,1,6
75536,75542,75543,1,6
75536,75540,75542,2,4
75532,75532,75543,11,0
75532,75532,75543,11,0
75532,75532,75542,10,0
75536,75541,75542,1,5
75536,75541,75542,1,5
75536,75541,75542,1,5
75532,75537,75543,6,5
75536,75542,75544,2,6
75536,75541,75544,3,5
75536,75542,75543,1,6
75536,75542,75543,1,6
75532,75537,75544,7,5
75536,75542,75545,3,6
75536,75542,75545,3,6
75536,75542,75545,3,6
75536,75539,75544,5,3
75536,75542,75545,3,6
75532,75532,75545,13,0
75536,75544,75546,2,8
75536,75545,75546,1,9
75536,75543,75546,3,7
75536,75544,75546,2,8
75536,75543,75546,3,7
75536,75543,75546,3,7
75536,75542,75546,4,6
75536,75544,75547,3,8
75536,75542,75547,5,6
75536,75545,75548,3,9
75536,75545,75548,3,9
75536,75542,75548,6,6
75536,75542,75548,6,6
75536,75545,75549,4,9
75536,75545,75549,4,9
75536,75545,75548,3,9
75536,75543,75549,6,7
75536,75542,75548,6,6
75532,75532,75549,17,0
75536,75542,75549,7,6
75536,75543,75550,7,7
75536,75543,75550,7,7
75536,75542,75550,8,6
75536,75542,75549,7,6
75532,75537,75550,13,5
75536,75543,75551,8,7
75536,75544,75551,7,8
75536,75544,75554,10,8
75278,75278,75556,278,0
75536,75543,75560,17,7
75536,75542,75562,20,6
75536,75543,75564,21,7
75536,75543,75567,24,7
75532,75532,75573,41,0
75672,75672,75674,2,0
75672,75672,75674,2,0
75672,75672,75675,3,0
75672,75672,75676,4,0
75672,75672,75676,4,0
75672,75674,75676,2,2
75672,75675,75677,2,3
75672,75672,75677,5,0
75672,75672,75677,5,0
75672,75674,75677,3,2
75672,75672,75678,6,0
75672,75676,75678,2,4
75672,75672,75678,6,0
75672,75672,75678,6,0
75672,75672,75679,7,0
75672,75672,75679,7,0
75672,75672,75680,8,0
75672,75672,75680,8,0
75672,75672,75680,8,0
75672,75672,75681,9,0
75672,75672,75682,10,0
75672,75672,75682,10,0
75672,75672,75682,10,0
75672,75672,75683,11,0
75672,75673,75683,10,1
75672,75672,75684,12,0
75541,75546,75684,138,5
75672,75672,75684,12,0
75672,75672,75686,14,0
75672,75672,75687,15,0
75532,75538,75689,151,6
75672,75672,75695,23,0
75542,75546,75697,151,4
75545,75546,75701,155,1
75543,75546,75706,160,3
75672,75672,75706,34,0
75544,75546,75709,163,2
75546,75546,75712,166,0
75800,75800,75801,1,0
75800,75800,75801,1,0
75800,75800,75801,1,0
75800,75800,75801,1,0
75800,75800,75801,1,0
75800,75800,75801,1,0
75800,75800,75801,1,0
75800,75800,75801,1,0
75800,75800,75801,1,0
75800,75800,75801,1,0
75800,75800,75801,1,0
75800,75800,75801,1,0
75800,75800,75801,1,0
75800,75800,75801,1,0
75800,75800,75801,1,0
75800,75800,75801,1,0
75800,75800,75802,2,0
75800,75800,75802,2,0
75800,75800,75803,3,0
75800,75800,75802,2,0
75800,75800,75802,2,0
75800,75801,75802,1,1
75800,75801,75803,2,1
75800,75803,75804,1,3
75800,75802,75805,3,2
75800,75803,75806,3,3
75800,75803,75806,3,3
75800,75804,75805,1,4
75800,75801,75805,4,1
75800,75802,75806,4,2
75800,75803,75806,3,3
75800,75803,75807,4,3
75800,75801,75806,5,1
75800,75802,75807,5,2
75800,75802,75806,4,2
75800,75805,75806,1,5
75800,75802,75806,4,2
75800,75805,75806,1,5
75800,75806,75807,1,6
75800,75800,75807,7,0
75800,75800,75807,7,0
75800,75800,75807,7,0
75800,75802,75808,6,2
75800,75803,75807,4,3
75800,75802,75808,6,2
75800,75806,75807,1,6
75800,75806,75807,1,6
75800,75800,75809,9,0
75800,75800,75809,9,0
75800,75802,75808,6,2
75800,75806,75808,2,6
75800,75806,75808,2,6
75800,75802,75809,7,2
75800,75800,75809,9,0
75800,75800,75809,9,0
75800,75807,75810,3,7
75800,75802,75809,7,2
75800,75802,75809,7,2
75800,75807,75809,2,7
75800,75802,75809,7,2
75800,75800,75810,10,0
75800,75800,75809,9,0
75800,75800,75809,9,0
75800,75807,75810,3,7
75800,75809,75811,2,9
75800,75810,75811,1,10
75800,75809,75811,2,9
75800,75808,75811,3,8
75800,75810,75811,1,10
75800,75810,75811,1,10
75800,75809,75812,3,9
75800,75808,75812,4,8
75800,75808,75812,4,8
75800,75810,75811,1,10
75547,75547,75812,265,0
75800,75810,75813,3,10
75800,75808,75813,5,8
75800,75807,75813,6,7
75800,75807,75813,6,7
75800,75807,75813,6,7
75800,75809,75813,4,9
75800,75807,75812,5,7
75800,75808,75814,6,8
75800,75807,75814,7,7
75800,75807,75814,7,7
75800,75813,75815,2,13
75800,75811,75816,5,11
75800,75813,75816,3,13
75800,75813,75816,3,13
75800,75813,75815,2,13
75800,75814,75816,2,14
75800,75813,75817,4,13
75800,75813,75816,3,13
75800,75815,75817,2,15
75800,75815,75817,2,15
75800,75811,75818,7,11
75800,75812,75818,6,12
75800,75812,75818,6,12
75800,75816,75817,1,16
75800,75816,75817,1,16
75800,75816,75817,1,16
75800,75811,75818,7,11
75800,75816,75817,1,16
75800,75811,75819,8,11
75800,75812,75819,7,12
75800,75811,75819,8,11
75800,75812,75819,7,12
75800,75812,75820,8,12
75800,75810,75820,10,10
75800,75810,75820,10,10
75800,75808,75821,13,8
75800,75814,75822,8,14
75800,75800,75824,24,0
75800,75808,75824,16,8
75800,75809,75823,14,9
75800,75812,75824,12,12
75800,75800,75824,24,0
75800,75810,75824,14,10
75800,75816,75825,9,16
75800,75809,75826,17,9
75800,75808,75828,20,8
75537,75545,75829,284,8
75800,75810,75829,19,10
75800,75813,75831,18,13
75800,75813,75833,20,13
75800,75809,75851,42,9
75673,75676,75913,237,3
75932,75932,75933,1,0
75932,75932,75934,2,0
75932,75932,75933,1,0
75932,75932,75935,3,0
75932,75932,75937,5,0
75932,75932,75937,5,0
75932,75932,75937,5,0
75932,75932,75938,6,0
75932,75932,75937,5,0
75932,75932,75938,6,0
75932,75932,75938,6,0
75932,75932,75939,7,0
75932,75934,75939,5,2
75932,75932,75940,8,0
75932,75932,75940,8,0
75932,75934,75940,6,2
75932,75932,75940,8,0
75932,75934,75940,6,2
75932,75932,75941,9,0
75932,75932,75940,8,0
75932,75932,75941,9,0
75932,75932,75941,9,0
75932,75935,75941,6,3
75932,75932,75942,10,0
75932,75932,75942,10,0
75932,75940,75942,2,8
75932,75932,75942,10,0
75932,75932,75942,10,0
75932,75940,75943,3,8
75932,75940,75943,3,8
75932,75939,75943,4,7
75932,75940,75943,3,8
75932,75941,75943,2,9
75932,75939,75943,4,7
75932,75932,75943,11,0
75932,75932,75943,11,0
75932,75937,75944,7,5
75932,75940,75944,4,8
75932,75941,75944,3,9
75932,75938,75944,6,6
75932,75932,75944,12,0
75932,75942,75944,2,10
75932,75939,75944,5,7
75932,75938,75944,6,6
75932,75932,75944,12,0
75932,75932,75944,12,0
75932,75932,75945,13,0
75932,75932,75945,13,0
75932,75937,75945,8,5
75932,75932,75945,13,0
75932,75937,75945,8,5
75932,75932,75946,14,0
75932,75939,75946,7,7
75932,75932,75946,14,0
75932,75932,75947,15,0
75932,75942,75949,7,10
75932,75932,75951,19,0
75932,75941,75958,17,9
75932,75942,75960,18,10
75932,75941,75962,21,9
75932,75942,75962,20,10
75932,75941,75968,27,9
75800,75817,75980,163,17
76055,76055,76056,1,0
76055,76055,76056,1,0
76055,76055,76056,1,0
76055,76055,76057,2,0
76055,76055,76057,2,0
76055,76055,76058,3,0
76055,76055,76059,4,0
76055,76055,76059,4,0
76055,76055,76060,5,0
76055,76055,76061,6,0
76055,76055,76061,6,0
76055,76055,76061,6,0
76055,76055,76061,6,0
76055,76055,76061,6,0
76055,76055,76062,7,0
76055,76055,76062,7,0
76055,76055,76062,7,0
76055,76055,76062,7,0
76055,76055,76062,7,0
76055,76055,76062,7,0
76055,76055,76062,7,0
76055,76055,76062,7,0
76055,76055,76064,9,0
76055,76055,76064,9,0
76055,76055,76064,9,0
76064,76064,76065,1,0
76064,76064,76065,1,0
76064,76064,76065,1,0
76064,76064,76066,2,0
76064,76066,76067,1,2
76055,76055,76066,11,0
76064,76064,76068,4,0
76064,76066,76067,1,2
76064,76066,76067,1,2
76064,76067,76068,1,3
76055,76055,76068,13,0
76064,76064,76068,4,0
76064,76064,76068,4,0
76064,76067,76068,1,3
76064,76064,76069,5,0
76064,76064,76069,5,0
76064,76064,76069,5,0
76064,76064,76070,6,0
76064,76064,76070,6,0
76064,76064,76071,7,0
76064,76064,76071,7,0
76055,76055,76070,15,0
76064,76064,76071,7,0
76064,76064,76072,8,0
76064,76064,76071,7,0
76064,76064,76071,7,0
76064,76064,76071,7,0
76055,76055,76073,18,0
76064,76072,76074,2,8
76064,76072,76073,1,8
76064,76072,76073,1,8
76064,76070,76073,3,6
76064,76071,76073,2,7
76064,76065,76074,9,1
76064,76068,76075,7,4
76064,76070,76074,4,6
76064,76068,76074,6,4
76064,76070,76074,4,6
76064,76070,76074,4,6
76064,76068,76075,7,4
76064,76074,76075,1,10
76064,76074,76075,1,10
76064,76065,76074,9,1
76064,76074,76075,1,10
76064,76069,76075,6,5
76064,76074,76075,1,10
76064,76068,76075,7,4
76064,76074,76075,1,10
76064,76073,76076,3,9
76069,76075,76076,1,6
76069,76075,76076,1,6
76069,76075,76076,1,6
76064,76069,76076,7,5
76064,76069,76076,7,5
76064,76064,76077,13,0
76064,76071,76077,6,7
76064,76065,76078,13,1
76064,76070,76077,7,6
76064,76064,76079,15,0
76064,76072,76079,7,8
76055,76055,76079,24,0
76069,76075,76078,3,6
76064,76064,76079,15,0
76064,76071,76080,9,7
76069,76078,76080,2,9
76069,76077,76080,3,8
76069,76077,76080,3,8
76069,76077,76079,2,8
76064,76067,76081,14,3
76069,76077,76081,4,8
76069,76077,76080,3,8
76069,76079,76080,1,10
76064,76071,76081,10,7
76069,76080,76081,1,11
76069,76075,76082,7,6
76069,76076,76082,6,7
76069,76076,76081,5,7
76069,76076,76083,7,7
76069,76076,76082,6,7
76069,76075,76083,8,6
76069,76075,76082,7,6
76069,76075,76082,7,6
76069,76076,76083,7,7
76069,76079,76084,5,10
76064,76069,76084,15,5
76069,76080,76085,5,11
76069,76080,76085,5,11
76069,76078,76086,8,9
76069,76079,76087,8,10
76069,76078,76088,10,9
76055,76055,76089,34,0
76069,76079,76090,11,10
76069,76075,76091,16,6
76069,76078,76095,17,9
76069,76076,76100,24,7
76064,76064,76103,39,0
76064,76064,76112,48,0
76064,76064,76114,50,0
76064,76064,76115,51,0
76198,76198,76199,1,0
76198,76198,76199,1,0
76198,76198,76200,2,0
76198,76198,76199,1,0
76198,76198,76199,1,0
76198,76198,76199,1,0
76198,76198,76200,2,0
76198,76198,76200,2,0
76198,76198,76199,1,0
76198,76198,76199,1,0
76198,76198,76199,1,0
76198,76198,76199,1,0
76198,76198,76199,1,0
76198,76198,76201,3,0
76198,76198,76201,3,0
76198,76200,76201,1,2
76198,76198,76204,6,0
76198,76198,76204,6,0
76198,76198,76204,6,0
76198,76198,76203,5,0
76198,76198,76205,7,0
76198,76198,76206,8,0
76198,76198,76206,8,0
76198,76198,76207,9,0
76198,76198,76207,9,0
76198,76198,76207,9,0
76198,76198,76207,9,0
76198,76198,76208,10,0
76198,76198,76208,10,0
76198,76198,76222,24,0
76073,76080,76223,143,7
76198,76198,76223,25,0
76074,76080,76237,157,6
76069,76080,76256,176,11
76320,76320,76321,1,0
76320,76320,76321,1,0
76320,76320,76322,2,0
76320,76320,76323,3,0
76320,76320,76323,3,0
76320,76320,76323,3,0
76320,76320,76323,3,0
76320,76320,76325,5,0
76320,76320,76325,5,0
76320,76320,76326,6,0
76320,76320,76325,5,0
76320,76320,76326,6,0
76320,76320,76326,6,0
76320,76320,76326,6,0
76320,76320,76327,7,0
76320,76320,76327,7,0
76320,76320,76327,7,0
76320,76320,76327,7,0
76320,76320,76327,7,0
76320,76320,76327,7,0
76320,76320,76327,7,0
76320,76320,76328,8,0
76320,76320,76327,7,0
76320,76320,76327,7,0
76320,76320,76328,8,0
76320,76320,76329,9,0
76320,76320,76329,9,0
76320,76320,76332,12,0
76075,76081,76334,253,6
76055,76055,76338,283,0
76320,76320,76338,18,0
76320,76320,76338,18,0
76320,76320,76340,20,0
76064,76074,76383,309,10
76320,76320,76569,249,0
76819,76819,76820,1,0
76819,76819,76821,2,0
76819,76819,76821,2,0
76819,76819,76822,3,0
76819,76819,76822,3,0
76819,76819,76822,3,0
76819,76819,76823,4,0
76819,76819,76823,4,0
76819,76819,76822,3,0
76819,76819,76824,5,0
76819,76819,76824,5,0
76819,76819,76824,5,0
76819,76819,76824,5,0
76819,76819,76825,6,0
76819,76819,76824,5,0
76819,76819,76826,7,0
76819,76819,76825,6,0
76819,76819,76825,6,0
76819,76819,76826,7,0
76819,76819,76827,8,0
76819,76819,76827,8,0
76819,76819,76827,8,0
76819,76819,76827,8,0
76819,76819,76828,9,0
76827,76827,76828,1,0
76819,76819,76829,10,0
76827,76827,76828,1,0
76827,76827,76829,2,0
76827,76827,76829,2,0
76827,76827,76830,3,0
76827,76827,76830,3,0
76827,76827,76830,3,0
76827,76828,76830,2,1
76827,76827,76830,3,0
76827,76827,76830,3,0
76827,76827,76830,3,0
76827,76827,76830,3,0
76827,76827,76831,4,0
76827,76829,76831,2,2
76827,76827,76832,5,0
76819,76819,76833,14,0
76827,76827,76833,6,0
76827,76827,76833,6,0
76819,76819,76834,15,0
76827,76827,76834,7,0
76827,76827,76834,7,0
76819,76819,76834,15,0
76827,76827,76834,7,0
76827,76827,76834,7,0
76819,76819,76835,16,0
76827,76827,76835,8,0
76827,76827,76835,8,0
76827,76829,76835,6,2
76827,76827,76835,8,0
76827,76827,76835,8,0
76827,76827,76836,9,0
76819,76819,76837,18,0
76827,76828,76838,10,1
76827,76827,76838,11,0
76827,76827,76839,12,0
76827,76827,76841,14,0
76819,76819,76845,26,0
76956,76956,76958,2,0
76956,76956,76958,2,0
76956,76956,76958,2,0
76956,76956,76959,3,0
76956,76956,76960,4,0
76956,76956,76959,3,0
76956,76956,76960,4,0
76956,76956,76960,4,0
76956,76956,76960,4,0
76956,76956,76961,5,0
76956,76956,76961,5,0
76956,76956,76961,5,0
76956,76956,76961,5,0
76956,76956,76961,5,0
76956,76956,76962,6,0
76956,76956,76963,7,0
76956,76956,76964,8,0
76956,76956,76964,8,0
76956,76956,76963,7,0
76956,76956,76964,8,0
76956,76956,76964,8,0
76956,76956,76965,9,0
76956,76956,76966,10,0
76956,76956,76968,12,0
76956,76956,76970,14,0
76956,76956,76974,18,0
76956,76956,76985,29,0
76956,76956,76985,29,0
76956,76956,76988,32,0
76956,76956,76989,33,0
76956,76956,76993,37,0
76828,76829,77015,186,1
77087,77087,77089,2,0
77087,77087,77088,1,0
77087,77087,77089,2,0
77087,77087,77091,4,0
77087,77087,77090,3,0
77087,77087,77091,4,0
77087,77087,77091,4,0
77087,77087,77091,4,0
76819,76819,77090,271,0
77087,77087,77091,4,0
77087,77087,77091,4,0
77087,77087,77092,5,0
77087,77087,77092,5,0
77087,77087,77092,5,0
77087,77087,77091,4,0
77087,77087,77092,5,0
77087,77087,77091,4,0
77087,77087,77092,5,0
77087,77087,77092,5,0
77087,77087,77093,6,0
77087,77087,77092,5,0
77087,77087,77093,6,0
77087,77087,77095,8,0
77087,77087,77095,8,0
77087,77087,77097,10,0
77087,77087,77098,11,0
77087,77087,77101,14,0
77087,77087,77101,14,0
77087,77087,77104,17,0
77087,77087,77106,19,0
77087,77087,77107,20,0
77087,77087,77110,23,0
76963,76963,77120,157,0
76960,76960,77122,162,0
77210,77210,77212,2,0
77210,77210,77212,2,0
77210,77210,77212,2,0
77210,77210,77213,3,0
77210,77210,77213,3,0
77210,77210,77214,4,0
77210,77210,77214,4,0
77210,77210,77213,3,0
77210,77210,77214,4,0
77210,77210,77214,4,0
77210,77210,77214,4,0
77210,77210,77214,4,0
77210,77210,77214,4,0
77210,77210,77213,3,0
77210,77210,77213,3,0
77210,77210,77215,5,0
77210,77210,77215,5,0
77210,77210,77215,5,0
77210,77210,77215,5,0
77210,77212,77215,3,2
77210,77210,77215,5,0
77210,77210,77216,6,0
77210,77210,77216,6,0
77210,77210,77216,6,0
77210,77210,77217,7,0
77210,77210,77217,7,0
77210,77212,77217,5,2
77210,77210,77217,7,0
77210,77215,77217,2,5
77210,77215,77217,2,5
77210,77210,77217,7,0
77210,77215,77217,2,5
77210,77210,77217,7,0
77210,77215,77217,2,5
77210,77212,77218,6,2
77210,77215,77217,2,5
77210,77216,77218,2,6
77210,77216,77218,2,6
77210,77216,77218,2,6
77210,77217,77219,2,7
77210,77217,77219,2,7
77210,77217,77219,2,7
77210,77217,77218,1,7
77210,77214,77219,5,4
77210,77214,77219,5,4
77210,77214,77219,5,4
77210,77214,77220,6,4
77210,77214,77220,6,4
77210,77210,77221,11,0
77210,77210,77221,11,0
77210,77216,77221,5,6
77210,77214,77221,7,4
77210,77210,77221,11,0
77210,77214,77222,8,4
77210,77213,77223,10,3
77210,77214,77223,9,4
77210,77210,77224,14,0
77210,77210,77227,17,0
77210,77214,77231,17,4
76956,76957,77234,277,1
77210,77210,77245,35,0
77210,77214,77252,38,4
77210,77213,77262,49,3
77337,77337,77338,1,0
77337,77337,77338,1,0
77337,77337,77338,1,0
77337,77337,77339,2,0
77337,77337,77339,2,0
77337,77337,77341,4,0
77337,77337,77340,3,0
77337,77337,77340,3,0
77337,77337,77340,3,0
77337,77337,77340,3,0
77337,77337,77341,4,0
77337,77337,77341,4,0
77337,77337,77341,4,0
77337,77337,77342,5,0
77337,77337,77341,4,0
77337,77337,77342,5,0
77337,77337,77343,6,0
77337,77337,77342,5,0
77337,77337,77342,5,0
77337,77337,77343,6,0
77337,77337,77344,7,0
77337,77337,77344,7,0
77337,77337,77344,7,0
77337,77337,77345,8,0
77337,77337,77351,14,0
77337,77337,77355,18,0
77337,77337,77355,18,0
77337,77337,77355,18,0
77210,77217,77357,140,7
77337,77337,77363,26,0
77337,77337,77364,27,0
77337,77337,77365,28,0
77087,77087,77405,318,0
77466,77466,77468,2,0
77466,77466,77468,2,0
77466,77466,77468,2,0
77466,77466,77469,3,0
77466,77466,77469,3,0
77466,77466,77470,4,0
77466,77466,77470,4,0
77466,77466,77470,4,0
77466,77466,77469,3,0
77466,77466,77470,4,0
77466,77466,77471,5,0
77466,77466,77471,5,0
77466,77466,77471,5,0
77466,77466,77471,5,0
77466,77466,77471,5,0
77466,77466,77471,5,0
77466,77466,77471,5,0
77466,77466,77471,5,0
77466,77466,77472,6,0
77466,77466,77472,6,0
77466,77466,77472,6,0
77466,77466,77473,7,0
77466,77466,77472,6,0
77466,77468,77473,5,2
77466,77466,77473,7,0
77466,77471,77474,3,5
77466,77468,77474,6,2
77466,77472,77474,2,6
77466,77471,77474,3,5
77466,77468,77474,6,2
77466,77471,77474,3,5
77466,77472,77475,3,6
77466,77471,77475,4,5
77466,77473,77475,2,7
77466,77471,77475,4,5
77466,77471,77474,3,5
77466,77473,77475,2,7
77466,77473,77475,2,7
77466,77470,77475,5,4
77466,77473,77475,2,7
77466,77472,77476,4,6
77466,77466,77476,10,0
77466,77466,77476,10,0
77466,77474,77475,1,8
77466,77474,77475,1,8
77470,77474,77476,2,4
77470,77474,77476,2,4
77470,77474,77476,2,4
77466,77466,77477,11,0
77466,77470,77477,7,4
77466,77470,77477,7,4
77466,77471,77478,7,5
77466,77466,77478,12,0
77466,77471,77478,7,5
77466,77470,77478,8,4
77470,77476,77479,3,6
77470,77477,77479,2,7
77470,77476,77479,3,6
77470,77478,77479,1,8
77470,77477,77479,2,7
77470,77477,77479,2,7
77466,77466,77479,13,0
77466,77466,77480,14,0
77470,77478,77480,2,8
77470,77475,77480,5,5
77470,77475,77481,6,5
77470,77478,77481,3,8
77466,77470,77481,11,4
77470,77476,77481,5,6
77470,77475,77481,6,5
77470,77480,77481,1,10
77470,77480,77481,1,10
77470,77480,77481,1,10
77470,77480,77481,1,10
77470,77475,77482,7,5
77470,77475,77482,7,5
77470,77475,77483,8,5
77466,77466,77483,17,0
77470,77475,77483,8,5
77470,77475,77483,8,5
77470,77475,77483,8,5
77466,77466,77483,17,0
77466,77466,77484,18,0
77470,77476,77484,8,6
77466,77470,77484,14,4
77470,77477,77485,8,7
77466,77466,77486,20,0
77466,77466,77486,20,0
77470,77478,77490,12,8
77470,77478,77494,16,8
77466,77470,77495,25,4
77470,77476,77495,19,6
77470,77476,77498,22,6
77594,77594,77595,1,0
77594,77594,77595,1,0
77594,77594,77595,1,0
77594,77594,77595,1,0
77594,77594,77595,1,0
77594,77594,77595,1,0
77594,77594,77595,1,0
77337,77337,77595,258,0
77594,77594,77596,2,0
77594,77594,77596,2,0
77594,77594,77596,2,0
77594,77594,77595,1,0
77594,77594,77595,1,0
77594,77594,77597,3,0
77594,77594,77597,3,0
77594,77594,77597,3,0
77594,77594,77597,3,0
77594,77594,77598,4,0
77594,77594,77598,4,0
77594,77594,77603,9,0
77594,77594,77608,14,0
77594,77594,77608,14,0
77594,77594,77609,15,0
77594,77594,77610,16,0
77594,77594,77610,16,0
77594,77594,77612,18,0
77594,77594,77618,24,0
77594,77594,77619,25,0
77594,77594,77630,36,0
77471,77480,77636,156,9
77594,77594,77639,45,0
77594,77594,77639,45,0
77594,77594,77641,47,0
77467,77474,77641,167,7
77470,77480,77641,161,10
77716,77716,77717,1,0
77716,77716,77717,1,0
77716,77716,77718,2,0
77716,77716,77719,3,0
77716,77716,77720,4,0
77716,77716,77720,4,0
77716,77717,77720,3,1
77716,77717,77720,3,1
77716,77717,77721,4,1
77716,77716,77721,5,0
77716,77717,77721,4,1
77716,77716,77722,6,0
77716,77716,77722,6,0
77716,77716,77722,6,0
77716,77716,77723,7,0
77716,77716,77723,7,0
77716,77716,77724,8,0
77716,77716,77724,8,0
77716,77716,77724,8,0
77716,77717,77724,7,1
77716,77717,77726,9,1
77716,77717,77726,9,1
77716,77717,77727,10,1
77716,77716,77733,17,0
77716,77717,77733,16,1
77716,77716,77735,19,0
77716,77717,77736,19,1
77716,77717,77736,19,1
77716,77716,77739,23,0
77716,77716,77747,31,0
77716,77716,77754,38,0
77846,77846,77847,1,0
77846,77846,77848,2,0
77846,77846,77848,2,0
77846,77846,77849,3,0
77846,77846,77850,4,0
77846,77846,77849,3,0
77846,77846,77850,4,0
77846,77846,77850,4,0
77846,77846,77849,3,0
77846,77846,77850,4,0
77846,77846,77851,5,0
77846,77846,77850,4,0
77846,77846,77851,5,0
77846,77846,77850,4,0
77846,77846,77851,5,0
77846,77846,77852,6,0
77846,77846,77852,6,0
77846,77846,77854,8,0
77846,77846,77854,8,0
77852,77852,77853,1,0
77846,77846,77854,8,0
77846,77846,77853,7,0
77846,77846,77853,7,0
77852,77852,77853,1,0
77846,77846,77853,7,0
77852,77852,77853,1,0
77846,77846,77855,9,0
77852,77852,77854,2,0
77852,77852,77854,2,0
77852,77852,77855,3,0
77852,77854,77856,2,2
77852,77854,77856,2,2
77852,77854,77856,2,2
77852,77854,77855,1,2
77852,77854,77855,1,2
77852,77854,77855,1,2
77852,77854,77856,2,2
77852,77854,77857,3,2
77852,77852,77857,5,0
77852,77852,77857,5,0
77852,77855,77856,1,3
77852,77854,77856,2,2
77852,77852,77857,5,0
77852,77852,77858,6,0
77852,77852,77857,5,0
77852,77852,77857,5,0
77846,77846,77858,12,0
77852,77852,77858,6,0
77852,77852,77859,7,0
77846,77846,77860,14,0
77852,77852,77859,7,0
77852,77852,77859,7,0
77852,77852,77860,8,0
77846,77846,77872,26,0
77846,77846,77877,31,0
77846,77846,77879,33,0
77846,77846,77881,35,0
77852,77855,77881,26,3
77852,77852,77884,32,0
77846,77846,77886,40,0
77852,77852,77889,37,0
77852,77852,77895,43,0
77852,77855,78020,165,3
77856,77856,78023,167,0
77855,77855,78023,168,0
77717,77717,78034,317,0
78103,78103,78104,1,0
78103,78103,78104,1,0
78103,78103,78104,1,0
78103,78103,78105,2,0
78103,78103,78105,2,0
78103,78103,78105,2,0
78103,78103,78104,1,0
78103,78103,78105,2,0
78103,78103,78104,1,0
78103,78103,78104,1,0
78103,78103,78104,1,0
78103,78103,78104,1,0
78103,78103,78105,2,0
78103,78103,78105,2,0
78103,78103,78105,2,0
78103,78103,78105,2,0
78103,78103,78106,3,0
78103,78103,78106,3,0
78103,78103,78106,3,0
78103,78103,78106,3,0
78103,78103,78106,3,0
78103,78103,78106,3,0
78103,78103,78107,4,0
78103,78103,78108,5,0
78103,78105,78108,3,2
78103,78105,78108,3,2
78103,78106,78109,3,3
78103,78106,78109,3,3
78103,78105,78109,4,2
78103,78105,78109,4,2
78103,78105,78109,4,2
78103,78105,78108,3,2
78103,78105,78109,4,2
78103,78105,78109,4,2
78103,78108,78109,1,5
78103,78106,78110,4,3
78103,78106,78110,4,3
78103,78105,78110,5,2
78103,78105,78110,5,2
78103,78105,78110,5,2
78103,78108,78110,2,5
78103,78105,78110,5,2
78103,78105,78110,5,2
78103,78106,78111,5,3
78103,78106,78111,5,3
78103,78109,78111,2,6
78109,78110,78111,1,1
78103,78105,78112,7,2
78109,78110,78111,1,1
78103,78105,78111,6,2
78103,78103,78112,9,0
78103,78103,78112,9,0
78103,78108,78113,5,5
78103,78105,78113,8,2
78109,78110,78113,3,1
78109,78112,78113,1,3
78109,78112,78113,1,3
78103,78103,78114,11,0
78103,78103,78114,11,0
78103,78103,78114,11,0
78109,78112,78114,2,3
78109,78111,78115,4,2
78109,78111,78114,3,2
78109,78112,78114,2,3
78109,78110,78114,4,1
78109,78112,78115,3,3
78103,78103,78116,13,0
78109,78114,78115,1,5
78109,78114,78115,1,5
78109,78111,78115,4,2
78109,78114,78115,1,5
78109,78110,78115,5,1
78109,78114,78115,1,5
78109,78111,78116,5,2
78109,78115,78116,1,6
78109,78111,78117,6,2
78109,78112,78117,5,3
78109,78115,78117,2,6
78109,78115,78117,2,6
78109,78115,78117,2,6
78109,78115,78117,2,6
78109,78113,78118,5,4
78109,78111,78118,7,2
78109,78111,78118,7,2
78109,78111,78118,7,2
78109,78115,78119,4,6
78109,78112,78119,7,3
78109,78110,78119,9,1
78109,78109,78119,10,0
78109,78115,78119,4,6
78109,78115,78119,4,6
78109,78116,78120,4,7
78109,78118,78119,1,9
78109,78112,78120,8,3
78109,78110,78120,10,1
78109,78118,78120,2,9
78109,78116,78120,4,7
78109,78117,78120,3,8
78109,78117,78120,3,8
78109,78116,78120,4,7
78109,78119,78120,1,10
78109,78119,78120,1,10
78109,78116,78120,4,7
78109,78119,78120,1,10
78109,78119,78120,1,10
78110,78120,78121,1,10
78110,78120,78121,1,10
78109,78118,78121,3,9
78110,78120,78121,1,10
78109,78116,78122,6,7
78109,78118,78122,4,9
78109,78116,78122,6,7
78109,78120,78122,2,11
78109,78116,78122,6,7
78109,78116,78122,6,7
78109,78119,78123,4,10
78109,78118,78123,5,9
78103,78103,78124,21,0
78103,78103,78124,21,0
78110,78120,78124,4,10
78110,78121,78125,4,11
78110,78121,78125,4,11
78110,78121,78124,3,11
78110,78121,78124,3,11
78110,78122,78124,2,12
78110,78122,78125,3,12
78110,78123,78125,2,13
78103,78103,78125,22,0
78103,78103,78125,22,0
78103,78103,78125,22,0
78110,78121,78126,5,11
78110,78122,78126,4,12
78110,78121,78125,4,11
78110,78121,78125,4,11
78110,78125,78126,1,15
78110,78121,78126,5,11
78110,78124,78126,2,14
78110,78121,78127,6,11
78110,78121,78126,5,11
78110,78124,78127,3,14
78110,78123,78127,4,13
78110,78125,78127,2,15
78110,78124,78128,4,14
78110,78123,78128,5,13
78110,78124,78128,4,14
78110,78121,78128,7,11
78110,78121,78128,7,11
78103,78107,78136,29,4
78109,78118,78138,20,9
78110,78123,78141,18,13
78109,78118,78151,33,9
78109,78120,78161,41,11
78110,78121,78172,51,11
78110,78123,78172,49,13
77846,77846,78189,343,0
78233,78233,78234,1,0
78233,78233,78234,1,0
78233,78233,78234,1,0
78233,78233,78234,1,0
78233,78233,78234,1,0
78233,78233,78234,1,0
78233,78233,78235,2,0
78233,78233,78235,2,0
78233,78233,78235,2,0
78233,78233,78234,1,0
78233,78233,78234,1,0
78233,78233,78234,1,0
78233,78233,78236,3,0
78233,78233,78236,3,0
78233,78233,78236,3,0
78233,78233,78236,3,0
78233,78233,78236,3,0
78233,78233,78239,6,0
78233,78233,78239,6,0
78233,78233,78239,6,0
78233,78233,78242,9,0
78233,78233,78242,9,0
78233,78233,78242,9,0
78233,78233,78242,9,0
78233,78233,78244,11,0
78233,78233,78251,18,0
78233,78233,78252,19,0
78103,78110,78253,143,7
78233,78233,78257,24,0
78233,78233,78263,30,0
78233,78233,78265,32,0
78233,78233,78266,33,0
78110,78125,78289,164,15
78109,78120,78295,175,11
78369,78369,78370,1,0
78369,78369,78370,1,0
78369,78369,78372,3,0
78369,78369,78373,4,0
78369,78370,78373,3,1
78369,78369,78373,4,0
78369,78370,78373,3,1
78369,78369,78373,4,0
78369,78370,78373,3,1
78369,78370,78373,3,1
78369,78370,78374,4,1
78369,78370,78375,5,1
78369,78370,78374,4,1
78369,78369,78374,5,0
78369,78370,78374,4,1
78369,78370,78374,4,1
78369,78370,78375,5,1
78369,78370,78374,4,1
78369,78370,78375,5,1
78369,78370,78378,8,1
78369,78370,78378,8,1
78369,78370,78379,9,1
78369,78370,78380,10,1
78369,78370,78380,10,1
78369,78370,78380,10,1
78369,78370,78381,11,1
78369,78370,78383,13,1
78234,78234,78383,149,0
78369,78370,78385,15,1
78369,78370,78386,16,1
78369,78370,78388,18,1
78369,78370,78390,20,1
78242,78242,78412,170,0
78491,78491,78492,1,0
78491,78491,78492,1,0
78491,78491,78492,1,0
78491,78491,78493,2,0
78491,78491,78494,3,0
78491,78491,78493,2,0
78491,78491,78494,3,0
78491,78491,78495,4,0
78491,78491,78494,3,0
78491,78491,78494,3,0
78491,78491,78494,3,0
78491,78491,78495,4,0
78491,78491,78494,3,0
78491,78491,78495,4,0
78491,78491,78494,3,0
78491,78491,78495,4,0
78491,78491,78494,3,0
78491,78491,78494,3,0
78494,78494,78495,1,0
78491,78491,78495,4,0
78491,78491,78495,4,0
78494,78494,78495,1,0
78491,78491,78495,4,0
78494,78494,78495,1,0
78494,78494,78496,2,0
78491,78491,78498,7,0
78494,78495,78498,3,1
78494,78495,78497,2,1
78494,78496,78497,1,2
78494,78494,78498,4,0
78494,78495,78497,2,1
78494,78496,78497,1,2
78494,78494,78497,3,0
78494,78495,78498,3,1
78494,78495,78498,3,1
78494,78496,78497,1,2
78494,78495,78498,3,1
78494,78496,78498,2,2
78491,78491,78498,7,0
78494,78494,78499,5,0
78494,78495,78499,4,1
78494,78495,78498,3,1
78494,78495,78498,3,1
78494,78495,78498,3,1
78494,78497,78498,1,3
78497,78498,78499,1,1
78494,78495,78499,4,1
78494,78498,78499,1,4
78497,78498,78499,1,1
78494,78495,78498,3,1
78491,78491,78500,9,0
78497,78498,78500,2,1
78497,78498,78499,1,1
78491,78491,78501,10,0
78497,78499,78501,2,2
78497,78499,78501,2,2
78491,78491,78501,10,0
78491,78491,78501,10,0
78491,78491,78502,11,0
78494,78496,78502,6,2
78491,78491,78502,11,0
78497,78498,78502,4,1
78497,78498,78501,3,1
78497,78500,78502,2,3
78497,78499,78502,3,2
78497,78499,78502,3,2
78497,78499,78502,3,2
78497,78498,78502,4,1
78497,78500,78502,2,3
78494,78498,78502,4,4
78497,78500,78503,3,3
78497,78498,78503,5,1
78497,78499,78503,4,2
78497,78498,78503,5,1
78497,78501,78503,2,4
78497,78498,78503,5,1
78497,78501,78502,1,4
78494,78494,78503,9,0
78497,78502,78504,2,5
78497,78501,78504,3,4
78497,78499,78504,5,2
78497,78499,78505,6,2
78497,78499,78505,6,2
78497,78499,78504,5,2
78497,78499,78504,5,2
78494,78494,78506,12,0
78491,78491,78518,27,0
78497,78502,78526,24,5
78497,78502,78540,38,5
78491,78491,78545,54,0
78494,78494,78549,55,0
78494,78494,78549,55,0
78497,78499,78550,51,2
78494,78498,78669,171,4
78752,78752,78753,1,0
78752,78752,78753,1,0
78752,78752,78753,1,0
78752,78752,78753,1,0
78752,78752,78753,1,0
78752,78752,78754,2,0
78752,78752,78754,2,0
78752,78753,78754,1,1
78752,78752,78753,1,0
78752,78752,78754,2,0
78752,78752,78753,1,0
78753,78753,78754,1,0
78752,78752,78753,1,0
78753,78753,78754,1,0
78752,78752,78755,3,0
78752,78752,78755,3,0
78752,78752,78755,3,0
78752,78752,78755,3,0
78752,78752,78755,3,0
78753,78753,78755,2,0
78752,78752,78756,4,0
78752,78752,78755,3,0
78752,78752,78756,4,0
78752,78752,78756,4,0
78752,78752,78756,4,0
78753,78754,78757,3,1
78497,78502,78757,255,5
78491,78491,78757,266,0
78752,78752,78757,5,0
78753,78754,78758,4,1
78753,78755,78758,3,2
78753,78755,78758,3,2
78753,78754,78759,5,1
78753,78756,78759,3,3
78753,78755,78760,5,2
78753,78757,78760,3,4
78753,78759,78760,1,6
78753,78755,78760,5,2
78753,78757,78760,3,4
78753,78757,78760,3,4
78753,78756,78761,5,3
78753,78757,78760,3,4
78753,78759,78760,1,6
78753,78759,78760,1,6
78753,78760,78761,1,7
78753,78755,78761,6,2
78753,78758,78761,3,5
78753,78757,78761,4,4
78752,78752,78762,10,0
78752,78752,78762,10,0
78752,78752,78762,10,0
78753,78755,78762,7,2
78753,78755,78762,7,2
78753,78755,78762,7,2
78753,78758,78762,4,5
78752,78752,78762,10,0
78752,78752,78764,12,0
78752,78752,78764,12,0
78622,78622,78766,144,0
78752,78752,78768,16,0
78753,78758,78769,11,5
78752,78752,78769,17,0
78753,78756,78770,14,3
78625,78625,78772,147,0
78753,78755,78776,21,2
78753,78755,78775,20,2
78629,78629,78790,161,0
78628,78628,78804,176,0
78877,78877,78879,2,0
78877,78877,78879,2,0
78877,78877,78879,2,0
78877,78877,78880,3,0
78877,78877,78881,4,0
78877,78877,78881,4,0
78877,78877,78881,4,0
78877,78880,78881,1,3
78877,78877,78881,4,0
78877,78878,78881,3,1
78877,78877,78881,4,0
78877,78880,78881,1,3
78877,78877,78882,5,0
78877,78877,78882,5,0
78877,78877,78882,5,0
78877,78877,78882,5,0
78877,78877,78882,5,0
78877,78880,78883,3,3
78877,78882,78884,2,5
78877,78882,78884,2,5
78877,78877,78885,8,0
78877,78882,78886,4,5
78877,78883,78885,2,6
78877,78877,78885,8,0
78877,78882,78885,3,5
78877,78883,78885,2,6
78877,78882,78885,3,5
78877,78883,78885,2,6
78877,78883,78886,3,6
78877,78885,78886,1,8
78877,78881,78886,5,4
78877,78884,78886,2,7
78877,78882,78886,4,5
78877,78878,78886,8,1
78877,78885,78886,1,8
78877,78886,78887,1,9
78877,78877,78887,10,0
78877,78878,78887,9,1
78877,78886,78887,1,9
78877,78882,78887,5,5
78877,78883,78887,4,6
78877,78886,78887,1,9
78877,78886,78887,1,9
78877,78886,78887,1,9
78877,78886,78887,1,9
78877,78886,78887,1,9
78877,78886,78888,2,9
78877,78886,78888,2,9
78877,78877,78889,12,0
78877,78877,78889,12,0
78877,78878,78889,11,1
78877,78877,78890,13,0
78877,78878,78890,12,1
78877,78877,78890,13,0
78877,78877,78891,14,0
78877,78882,78892,10,5
78877,78878,78892,14,1
78877,78877,78893,16,0
78877,78877,78894,17,0
78877,78877,78896,19,0
78752,78753,78901,148,1
78753,78760,78906,146,7
78877,78877,78907,30,0
78877,78877,78908,31,0
78755,78761,78911,150,6
79005,79005,79006,1,0
79005,79005,79006,1,0
79005,79005,79006,1,0
79005,79005,79007,2,0
79005,79005,79007,2,0
79005,79005,79008,3,0
79005,79005,79008,3,0
79005,79005,79008,3,0
79005,79005,79008,3,0
79005,79005,79008,3,0
79005,79005,79008,3,0
79005,79005,79009,4,0
79005,79005,79009,4,0
79005,79005,79009,4,0
79005,79005,79009,4,0
79005,79005,79009,4,0
79005,79005,79010,5,0
79005,79007,79010,3,2
79005,79005,79010,5,0
79005,79007,79011,4,2
79005,79007,79010,3,2
79005,79009,79011,2,4
79005,79005,79011,6,0
79005,79010,79012,2,5
79005,79009,79012,3,4
79005,79010,79012,2,5
79005,79009,79012,3,4
79005,79009,79013,4,4
79005,79010,79012,2,5
79005,79009,79012,3,4
79005,79011,79013,2,6
79005,79011,79012,1,6
79005,79011,79012,1,6
79005,79011,79012,1,6
79005,79005,79012,7,0
79005,79005,79012,7,0
79005,79011,79012,1,6
79005,79011,79012,1,6
79005,79013,79014,1,8
79005,79012,79013,1,7
79005,79012,79013,1,7
79005,79012,79013,1,7
79005,79012,79013,1,7
79005,79005,79015,10,0
79005,79013,79014,1,8
79005,79013,79014,1,8
79005,79013,79014,1,8
79005,79005,79015,10,0
79005,79005,79015,10,0
79005,79005,79015,10,0
79005,79009,79015,6,4
79005,79009,79015,6,4
79005,79013,79015,2,8
79005,79005,79017,12,0
79005,79005,79016,11,0
79005,79005,79017,12,0
79005,79005,79016,11,0
79005,79005,79016,11,0
79005,79008,79017,9,3
79005,79009,79017,8,4
79005,79015,79017,2,10
79005,79014,79017,3,9
79005,79015,79017,2,10
79005,79014,79017,3,9
79005,79013,79017,4,8
79005,79013,79016,3,8
79005,79014,79016,2,9
79005,79005,79018,13,0
79005,79008,79017,9,3
79005,79014,79017,3,9
79005,79015,79017,2,10
79010,79017,79018,1,7
79005,79013,79017,4,8
79010,79017,79018,1,7
79005,79016,79017,1,11
79005,79016,79018,2,11
79005,79014,79017,3,9
79005,79016,79019,3,11
79010,79017,79019,2,7
79005,79013,79019,6,8
79005,79013,79020,7,8
79010,79018,79020,2,8
79010,79017,79020,3,7
79010,79017,79021,4,7
79010,79018,79020,2,8
79010,79018,79021,3,8
79010,79019,79021,2,9
79010,79018,79021,3,8
79010,79019,79021,2,9
79010,79017,79021,4,7
79010,79017,79021,4,7
79010,79018,79022,4,8
79010,79018,79021,3,8
79010,79020,79022,2,10
79010,79020,79022,2,10
79010,79021,79022,1,11
79010,79018,79021,3,8
79010,79020,79022,2,10
79010,79021,79022,1,11
79010,79017,79023,6,7
79010,79018,79023,5,8
79010,79022,79023,1,12
79010,79021,79023,2,11
79010,79021,79023,2,11
79010,79021,79022,1,11
79010,79021,79022,1,11
79010,79021,79022,1,11
79010,79021,79022,1,11
79010,79018,79024,6,8
79010,79022,79024,2,12
79010,79022,79024,2,12
79010,79019,79025,6,9
79010,79023,79025,2,13
79005,79016,79026,10,11
79010,79023,79026,3,13
79010,79023,79026,3,13
79010,79023,79026,3,13
79010,79023,79026,3,13
79010,79023,79025,2,13
79010,79024,79026,2,14
79010,79022,79026,4,12
79010,79023,79026,3,13
79010,79024,79026,2,14
79010,79023,79027,4,13
79010,79022,79027,5,12
79010,79022,79027,5,12
79010,79022,79027,5,12
79010,79025,79027,2,15
79010,79025,79028,3,15
79010,79026,79028,2,16
79010,79026,79028,2,16
79010,79026,79028,2,16
79010,79026,79028,2,16
79010,79026,79028,2,16
79010,79027,79028,1,17
79010,79027,79028,1,17
79005,79015,79029,14,10
79005,79017,79028,11,12
79010,79018,79028,10,8
79010,79023,79029,6,13
79005,79016,79029,13,11
79010,79022,79030,8,12
79010,79024,79033,9,14
79005,79005,79036,31,0
79005,79005,79037,32,0
79005,79013,79040,27,8
79005,79013,79040,27,8
79005,79005,79041,36,0
78878,78887,79046,159,9
79005,79016,79048,32,11
79005,79017,79054,37,12
79010,79026,79059,33,16
79005,79005,79065,60,0
79005,79017,79065,48,12
79005,79017,79065,48,12
79005,79017,79074,57,12
79138,79138,79139,1,0
79138,79138,79139,1,0
79138,79138,79139,1,0
79138,79138,79141,3,0
79138,79138,79140,2,0
79138,79138,79141,3,0
79138,79138,79141,3,0
79138,79138,79141,3,0
79138,79138,79141,3,0
79138,79138,79142,4,0
79138,79138,79141,3,0
79138,79138,79141,3,0
79138,79138,79142,4,0
79138,79138,79142,4,0
79138,79138,79142,4,0
79138,79138,79143,5,0
79138,79138,79142,4,0
79138,79138,79144,6,0
79138,79138,79147,9,0
79138,79138,79148,10,0
79138,79138,79148,10,0
79138,79138,79149,11,0
79138,79138,79149,11,0
79138,79138,79150,12,0
79138,79138,79156,18,0
79138,79138,79157,19,0
79138,79138,79158,20,0
79138,79138,79157,19,0
79138,79138,79157,19,0
79138,79138,79166,28,0
79138,79138,79170,32,0
79010,79027,79185,158,17
79267,79268,79269,1,1
79005,79017,79268,251,12
79267,79268,79269,1,1
79267,79268,79269,1,1
79267,79268,79270,2,1
79267,79268,79270,2,1
79267,79268,79270,2,1
79267,79268,79270,2,1
79267,79268,79270,2,1
79267,79268,79271,3,1
79267,79268,79271,3,1
79267,79268,79271,3,1
79267,79268,79271,3,1
79267,79268,79272,4,1
79267,79268,79273,5,1
79267,79268,79273,5,1
79267,79268,79273,5,1
79267,79268,79273,5,1
79267,79268,79276,8,1
79267,79268,79276,8,1
79267,79268,79277,9,1
79267,79268,79277,9,1
79267,79268,79277,9,1
79267,79268,79277,9,1
79267,79268,79278,10,1
79267,79268,79278,10,1
79267,79268,79278,10,1
79267,79268,79280,12,1
79267,79268,79292,24,1
79267,79268,79301,33,1
79267,79268,79301,33,1
79267,79268,79305,37,1
79390,79390,79391,1,0
79390,79390,79391,1,0
79390,79390,79391,1,0
79390,79390,79393,3,0
79390,79390,79392,2,0
79390,79390,79393,3,0
79390,79390,79392,2,0
79390,79390,79392,2,0
79390,79390,79392,2,0
79390,79390,79392,2,0
79390,79390,79392,2,0
79390,79390,79394,4,0
79390,79390,79393,3,0
79390,79390,79393,3,0
79390,79390,79395,5,0
79390,79390,79395,5,0
79396,79396,79397,1,0
79390,79390,79398,8,0
79390,79390,79398,8,0
79390,79390,79398,8,0
79396,79396,79398,2,0
79396,79396,79398,2,0
79390,79390,79399,9,0
79396,79396,79399,3,0
79396,79396,79399,3,0
79396,79396,79399,3,0
79396,79396,79399,3,0
79396,79396,79399,3,0
79396,79397,79399,2,1
79390,79390,79400,10,0
79396,79396,79400,4,0
79396,79396,79399,3,0
79396,79398,79400,2,2
79396,79398,79400,2,2
79396,79396,79399,3,0
79390,79390,79400,10,0
79396,79396,79400,4,0
79396,79396,79401,5,0
79396,79396,79400,4,0
79396,79399,79400,1,3
79396,79396,79401,5,0
79396,79399,79400,1,3
79396,79399,79400,1,3
79396,79396,79401,5,0
79396,79399,79400,1,3
79396,79396,79402,6,0
79390,79390,79402,12,0
79390,79390,79401,11,0
79390,79390,79402,12,0
79396,79398,79403,5,2
79396,79398,79402,4,2
79390,79390,79406,16,0
79390,79390,79408,18,0
79396,79396,79411,15,0
79396,79396,79413,17,0
79396,79398,79414,16,2
79390,79390,79420,30,0
79390,79390,79423,33,0
79390,79390,79424,34,0
79396,79399,79432,33,3
79396,79396,79433,37,0
79390,79390,79473,83,0
79525,79525,79526,1,0
79525,79525,79526,1,0
79525,79525,79526,1,0
79525,79525,79526,1,0
79525,79525,79526,1,0
79525,79525,79526,1,0
79525,79525,79526,1,0
79525,79525,79526,1,0
79525,79525,79526,1,0
79525,79525,79526,1,0
79525,79525,79526,1,0
79525,79525,79526,1,0
79525,79525,79526,1,0
79525,79525,79526,1,0
79525,79525,79527,2,0
79525,79525,79527,2,0
79525,79525,79527,2,0
79525,79525,79527,2,0
79525,79525,79532,7,0
79525,79525,79535,10,0
79525,79525,79535,10,0
79525,79525,79535,10,0
79525,79525,79536,11,0
79396,79399,79537,138,3
79525,79525,79538,13,0
79525,79525,79538,13,0
79525,79525,79541,16,0
79525,79525,79541,16,0
79525,79525,79542,17,0
79525,79525,79543,18,0
79525,79525,79544,19,0
79402,79403,79546,143,1
79525,79525,79552,27,0
79390,79390,79649,259,0
79657,79657,79658,1,0
79657,79657,79658,1,0
79657,79657,79658,1,0
79657,79657,79658,1,0
79657,79657,79658,1,0
79657,79657,79658,1,0
79657,79657,79658,1,0
79657,79657,79658,1,0
79657,79657,79658,1,0
79657,79657,79658,1,0
79657,79657,79659,2,0
79657,79657,79659,2,0
79657,79657,79660,3,0
79657,79657,79660,3,0
79657,79657,79660,3,0
79657,79657,79660,3,0
79657,79657,79661,4,0
79657,79657,79660,3,0
79657,79657,79662,5,0
79657,79657,79663,6,0
79662,79662,79664,2,0
79662,79662,79664,2,0
79662,79662,79664,2,0
79662,79662,79664,2,0
79662,79662,79665,3,0
79662,79662,79665,3,0
79662,79662,79665,3,0
79657,79657,79666,9,0
79657,79657,79666,9,0
79662,79662,79666,4,0
79662,79662,79666,4,0
79662,79662,79666,4,0
79662,79662,79666,4,0
79662,79662,79666,4,0
79662,79664,79666,2,2
79662,79664,79666,2,2
79662,79662,79665,3,0
79662,79662,79666,4,0
79662,79662,79666,4,0
79662,79662,79665,3,0
79662,79664,79666,2,2
79662,79665,79667,2,3
79657,79657,79667,10,0
79662,79665,79667,2,3
79662,79662,79666,4,0
79662,79665,79667,2,3
79662,79666,79667,1,4
79662,79662,79667,5,0
79663,79666,79667,1,3
79657,79657,79667,10,0
79662,79663,79668,5,1
79662,79665,79668,3,3
79663,79667,79668,1,4
79662,79663,79669,6,1
79663,79667,79669,2,4
79663,79667,79669,2,4
79662,79666,79669,3,4
79663,79667,79669,2,4
79663,79667,79669,2,4
79663,79667,79669,2,4
79663,79668,79669,1,5
79663,79668,79669,1,5
79663,79668,79669,1,5
79663,79667,79670,3,4
79663,79667,79670,3,4
79663,79669,79670,1,6
79663,79667,79670,3,4
79663,79670,79671,1,7
79663,79670,79671,1,7
79663,79668,79671,3,5
79663,79670,79671,1,7
79663,79666,79671,5,3
79663,79669,79671,2,6
79663,79667,79672,5,4
79663,79667,79673,6,4
79663,79670,79673,3,7
79657,79657,79673,16,0
79662,79666,79674,8,4
79663,79669,79675,6,6
79657,79657,79678,21,0
79662,79666,79678,12,4
79663,79667,79679,12,4
79657,79657,79682,25,0
79657,79657,79688,31,0
79657,79657,79689,32,0
79657,79657,79689,32,0
79657,79657,79688,31,0
79663,79668,79691,23,5
79535,79535,79707,172,0
79529,79530,79720,190,1
79534,79534,79720,186,0
79785,79785,79786,1,0
79785,79785,79787,2,0
79785,79785,79786,1,0
79785,79785,79786,1,0
79785,79785,79786,1,0
79785,79785,79786,1,0
79785,79785,79786,1,0
79785,79785,79786,1,0
79785,79785,79786,1,0
79785,79785,79786,1,0
79785,79785,79786,1,0
79785,79785,79786,1,0
79785,79785,79786,1,0
79785,79785,79786,1,0
79785,79785,79786,1,0
79785,79785,79786,1,0
79785,79785,79786,1,0
79785,79785,79788,3,0
79785,79785,79787,2,0
79785,79785,79788,3,0
79785,79785,79788,3,0
79790,79790,79791,1,0
79790,79790,79791,1,0
79790,79790,79791,1,0
79790,79790,79792,2,0
79790,79790,79792,2,0
79790,79790,79792,2,0
79790,79790,79792,2,0
79790,79790,79792,2,0
79790,79790,79792,2,0
79790,79790,79792,2,0
79790,79790,79793,3,0
79790,79790,79793,3,0
79790,79790,79793,3,0
79790,79790,79793,3,0
79790,79790,79793,3,0
79790,79790,79793,3,0
79790,79793,79794,1,3
79790,79790,79793,3,0
79790,79790,79793,3,0
79790,79790,79794,4,0
79790,79790,79793,3,0
79790,79792,79793,1,2
79785,79785,79793,8,0
79785,79785,79793,8,0
79790,79793,79794,1,3
79790,79790,79794,4,0
79790,79793,79794,1,3
79785,79785,79794,9,0
79785,79785,79795,10,0
79790,79792,79795,3,2
79785,79785,79796,11,0
79785,79785,79797,12,0
79790,79790,79801,11,0
79785,79785,79802,17,0
79525,79525,79814,289,0
79785,79785,79816,31,0
79785,79785,79821,36,0
79785,79785,79834,49,0
79663,79666,79898,232,3
79657,79657,79910,253,0
79916,79917,79918,1,1
79916,79917,79918,1,1
79916,79917,79918,1,1
79916,79917,79918,1,1
79916,79917,79918,1,1
79916,79917,79918,1,1
79916,79917,79918,1,1
79916,79917,79919,2,1
79916,79917,79919,2,1
79916,79917,79919,2,1
79916,79917,79919,2,1
79916,79917,79919,2,1
79916,79917,79919,2,1
79916,79917,79919,2,1
79916,79917,79919,2,1
79916,79917,79920,3,1
79916,79917,79920,3,1
79916,79917,79920,3,1
79916,79917,79922,5,1
79916,79917,79923,6,1
79916,79917,79925,8,1
79916,79917,79925,8,1
79916,79917,79926,9,1
79916,79917,79926,9,1
79916,79917,79928,11,1
79916,79917,79930,13,1
79916,79917,79941,24,1
79916,79917,79941,24,1
79791,79793,79961,168,2
79916,79917,79963,46,1
80043,80044,80045,1,1
80043,80044,80045,1,1
80043,80044,80045,1,1
80043,80044,80045,1,1
80043,80044,80045,1,1
80043,80044,80046,2,1
80043,80044,80045,1,1
80043,80044,80045,1,1
80043,80044,80045,1,1
80043,80044,80045,1,1
80043,80044,80045,1,1
80043,80044,80046,2,1
80043,80044,80046,2,1
80043,80044,80046,2,1
80043,80044,80046,2,1
80043,80044,80046,2,1
80043,80044,80046,2,1
80043,80044,80046,2,1
80043,80044,80047,3,1
80043,80044,80047,3,1
80043,80044,80051,7,1
80043,80044,80052,8,1
80043,80044,80053,9,1
80043,80044,80053,9,1
80043,80044,80053,9,1
80043,80044,80054,10,1
80043,80044,80054,10,1
80043,80044,80055,11,1
80043,80044,80055,11,1
79785,79785,80071,286,0
79917,79917,80220,303,0
80293,80293,80294,1,0
80293,80293,80294,1,0
80293,80293,80294,1,0
80293,80293,80294,1,0
80293,80293,80294,1,0
80293,80293,80294,1,0
80293,80293,80294,1,0
80293,80293,80294,1,0
80293,80293,80294,1,0
80293,80293,80294,1,0
80293,80293,80294,1,0
80293,80293,80295,2,0
80293,80293,80295,2,0
80293,80293,80295,2,0
80293,80293,80296,3,0
80293,80293,80295,2,0
80293,80293,80295,2,0
80293,80293,80296,3,0
80293,80293,80296,3,0
80293,80293,80296,3,0
80293,80295,80297,2,2
80293,80295,80296,1,2
80293,80296,80297,1,3
80293,80295,80296,1,2
80293,80296,80297,1,3
80293,80295,80296,1,2
80293,80295,80297,2,2
80293,80295,80296,1,2
80293,80296,80297,1,3
80293,80295,80296,1,2
80293,80295,80296,1,2
80293,80295,80297,2,2
80293,80296,80297,1,3
80293,80293,80297,4,0
80293,80295,80297,2,2
80293,80296,80297,1,3
80293,80295,80298,3,2
80293,80297,80298,1,4
80296,80297,80298,1,1
80293,80297,80298,1,4
80293,80297,80298,1,4
80296,80297,80298,1,1
80296,80297,80298,1,1
80293,80297,80298,1,4
80296,80297,80298,1,1
80293,80297,80298,1,4
80296,80297,80298,1,1
80293,80297,80298,1,4
80296,80297,80299,2,1
80293,80297,80299,2,4
80296,80298,80299,1,2
80296,80298,80300,2,2
80296,80299,80300,1,3
80296,80298,80299,1,2
80296,80298,80299,1,2
80296,80298,80300,2,2
80296,80299,80300,1,3
80293,80297,80301,4,4
80296,80299,80301,2,3
80296,80299,80301,2,3
80296,80299,80301,2,3
80296,80299,80300,1,3
80296,80299,80300,1,3
80296,80300,80301,1,4
80296,80299,80300,1,3
80296,80300,80301,1,4
80296,80300,80301,1,4
80293,80297,80301,4,4
80296,80298,80302,4,2
80296,80299,80301,2,3
80296,80299,80301,2,3
80296,80300,80301,1,4
80296,80300,80301,1,4
80296,80300,80301,1,4
80296,80300,80301,1,4
80293,80293,80302,9,0
80293,80293,80303,10,0
80293,80293,80303,10,0
80293,80293,80303,10,0
80293,80293,80303,10,0
80293,80293,80303,10,0
80296,80300,80303,3,4
80293,80293,80304,11,0
80293,80293,80304,11,0
80293,80296,80304,8,3
80293,80293,80304,11,0
80293,80293,80304,11,0
80296,80301,80304,3,5
80293,80293,80306,13,0
80293,80293,80306,13,0
80293,80293,80305,12,0
80293,80293,80307,14,0
80293,80293,80307,14,0
80301,80303,80447,144,2
80302,80303,80448,145,1
80293,80297,80452,155,4
80299,80303,80456,153,4
80300,80303,80477,174,3
80296,80301,80479,178,5
80303,80303,80525,222,0
80555,80555,80556,1,0
80555,80555,80556,1,0
80555,80555,80556,1,0
80555,80555,80556,1,0
80555,80555,80556,1,0
80555,80555,80556,1,0
80555,80555,80556,1,0
80555,80555,80556,1,0
80555,80555,80556,1,0
80555,80555,80557,2,0
80555,80555,80556,1,0
80555,80555,80556,1,0
80555,80555,80556,1,0
80556,80556,80557,1,0
80555,80555,80557,2,0
80555,80555,80557,2,0
80555,80555,80557,2,0
80555,80555,80558,3,0
80556,80556,80557,1,0
80556,80556,80557,1,0
80556,80557,80558,1,1
80556,80556,80557,1,0
80555,80555,80558,3,0
80556,80556,80558,2,0
80556,80556,80558,2,0
80555,80555,80559,4,0
80556,80557,80558,1,1
80556,80557,80559,2,1
80556,80557,80558,1,1
80556,80557,80558,1,1
80556,80557,80559,2,1
80556,80557,80558,1,1
80556,80557,80558,1,1
80556,80558,80559,1,2
80556,80558,80559,1,2
80555,80555,80559,4,0
80555,80555,80559,4,0
80556,80557,80560,3,1
80556,80557,80559,2,1
80556,80559,80560,1,3
80556,80559,80560,1,3
80556,80559,80560,1,3
80556,80558,80559,1,2
80556,80559,80560,1,3
80556,80558,80559,1,2
80556,80558,80560,2,2
80556,80558,80560,2,2
80556,80558,80560,2,2
80556,80559,80561,2,3
80555,80555,80561,6,0
80556,80559,80561,2,3
80556,80559,80562,3,3
80556,80559,80562,3,3
80556,80559,80563,4,3
80556,80561,80564,3,5
80556,80559,80564,5,3
80556,80560,80564,4,4
80555,80555,80564,9,0
80555,80555,80564,9,0
80555,80555,80564,9,0
80556,80560,80564,4,4
80556,80561,80563,2,5
80556,80559,80564,5,3
80556,80561,80565,4,5
80556,80563,80564,1,7
80556,80560,80565,5,4
80556,80559,80564,5,3
80556,80562,80564,2,6
80556,80560,80565,5,4
80556,80564,80565,1,8
80556,80561,80566,5,5
80555,80555,80565,10,0
80555,80555,80565,10,0
80556,80562,80565,3,6
80556,80564,80566,2,8
80556,80564,80565,1,8
80556,80563,80566,3,7
80555,80555,80566,11,0
80555,80555,80566,11,0
80556,80564,80567,3,8
80556,80564,80566,2,8
80556,80560,80568,8,4
80556,80564,80568,4,8
80556,80560,80567,7,4
80556,80560,80567,7,4
80556,80560,80568,8,4
80556,80560,80568,8,4
80556,80564,80569,5,8
80429,80429,80571,142,0
80556,80560,80572,12,4
80555,80555,80584,29,0
80555,80555,80590,35,0
80556,80559,80591,32,3
80556,80558,80592,34,2
80432,80432,80606,174,0
80678,80678,80679,1,0
80678,80678,80679,1,0
80678,80678,80680,2,0
80678,80678,80681,3,0
80678,80678,80681,3,0
80678,80678,80681,3,0
80678,80678,80681,3,0
80678,80678,80682,4,0
80678,80678,80681,3,0
80678,80678,80682,4,0
80678,80678,80681,3,0
80678,80678,80682,4,0
80678,80678,80683,5,0
80678,80678,80683,5,0
80678,80678,80683,5,0
80678,80678,80683,5,0
80678,80678,80683,5,0
80678,80678,80684,6,0
80678,80678,80685,7,0
80678,80678,80685,7,0
80678,80678,80684,6,0
80678,80678,80685,7,0
80678,80678,80686,8,0
80678,80678,80687,9,0
80678,80678,80687,9,0
80678,80678,80691,13,0
80678,80678,80691,13,0
80678,80678,80690,12,0
80678,80678,80692,14,0
80678,80678,80704,26,0
80678,80678,80706,28,0
80807,80808,80809,1,1
80807,80808,80809,1,1
80807,80808,80809,1,1
80807,80808,80809,1,1
80807,80808,80809,1,1
80807,80808,80809,1,1
80807,80808,80809,1,1
80807,80808,80809,1,1
80807,80808,80809,1,1
80807,80808,80809,1,1
80807,80808,80809,1,1
80807,80808,80809,1,1
80807,80808,80809,1,1
80807,80808,80809,1,1
80807,80808,80810,2,1
80807,80808,80810,2,1
80808,80808,80810,2,0
80807,80808,80810,2,1
80807,80808,80810,2,1
80808,80808,80810,2,0
80807,80808,80811,3,1
80807,80808,80811,3,1
80807,80808,80811,3,1
80807,80808,80811,3,1
80808,80808,80811,3,0
80808,80809,80811,2,1
80808,80810,80813,3,2
80808,80810,80813,3,2
80807,80808,80813,5,1
80807,80808,80813,5,1
80808,80809,80813,4,1
80808,80810,80814,4,2
80808,80810,80814,4,2
80808,80812,80813,1,4
80808,80811,80813,2,3
80807,80808,80814,6,1
80807,80808,80814,6,1
80808,80812,80814,2,4
80808,80810,80814,4,2
80808,80809,80814,5,1
80808,80810,80814,4,2
80808,80811,80815,4,3
80808,80809,80814,5,1
80811,80813,80814,1,2
80808,80811,80814,3,3
80808,80811,80814,3,3
80808,80812,80815,3,4
80808,80812,80815,3,4
80808,80810,80816,6,2
80808,80811,80815,4,3
80808,80811,80815,4,3
80808,80810,80816,6,2
80808,80810,80816,6,2
80808,80812,80817,5,4
80808,80812,80816,4,4
80808,80810,80816,6,2
80811,80814,80816,2,3
80807,80808,80817,9,1
80811,80814,80817,3,3
80808,80810,80817,7,2
80808,80810,80817,7,2
80811,80817,80818,1,6
80811,80817,80818,1,6
80811,80814,80819,5,3
80811,80816,80818,2,5
80811,80817,80818,1,6
80811,80817,80818,1,6
80811,80815,80819,4,4
80811,80815,80818,3,4
80813,80818,80819,1,5
80813,80818,80819,1,5
80811,80814,80820,6,3
80811,80815,80819,4,4
80811,80815,80819,4,4
80811,80816,80819,3,5
80811,80816,80819,3,5
80811,80814,80820,6,3
80811,80816,80820,4,5
80811,80817,80820,3,6
80811,80817,80820,3,6
80813,80819,80820,1,6
80811,80814,80820,6,3
80811,80816,80822,6,5
80813,80819,80821,2,6
80811,80815,80821,6,4
80811,80815,80822,7,4
80811,80815,80822,7,4
80811,80815,80822,7,4
80813,80821,80823,2,8
80813,80821,80823,2,8
80813,80821,80824,3,8
80813,80819,80824,5,6
80813,80822,80823,1,9
80813,80819,80825,6,6
80813,80823,80824,1,10
80813,80823,80824,1,10
80813,80823,80824,1,10
80813,80823,80824,1,10
80813,80823,80824,1,10
80813,80822,80825,3,9
80811,80814,80824,10,3
80813,80821,80826,5,8
80813,80821,80825,4,8
80813,80822,80825,3,9
80813,80819,80825,6,6
80813,80819,80826,7,6
80813,80820,80825,5,7
80813,80820,80825,5,7
80813,80820,80826,6,7
80813,80821,80826,5,8
80813,80819,80826,7,6
80813,80820,80826,6,7
80813,80819,80827,8,6
80813,80820,80826,6,7
80813,80820,80827,7,7
80813,80820,80827,7,7
80811,80815,80829,14,4
80811,80815,80831,16,4
80807,80808,80831,23,1
80811,80818,80851,33,7
80807,80808,80851,43,1
80811,80815,80857,42,4
80555,80555,80856,301,0
80942,80942,80943,1,0
80942,80942,80943,1,0
80942,80942,80943,1,0
80942,80942,80945,3,0
80942,80942,80945,3,0
80942,80942,80944,2,0
80942,80942,80945,3,0
80942,80942,80946,4,0
80942,80942,80946,4,0
80942,80942,80946,4,0
80942,80942,80946,4,0
80942,80942,80946,4,0
80942,80942,80947,5,0
80942,80942,80947,5,0
80942,80942,80947,5,0
80942,80942,80948,6,0
80942,80942,80948,6,0
80942,80942,80948,6,0
80942,80942,80948,6,0
80942,80942,80949,7,0
80942,80942,80949,7,0
80942,80942,80950,8,0
80942,80942,80951,9,0
80942,80942,80950,8,0
80942,80942,80951,9,0
80942,80942,80951,9,0
80942,80942,80954,12,0
80942,80942,80954,12,0
80942,80942,80956,14,0
80942,80942,80957,15,0
80942,80942,80959,17,0
80814,80824,80962,138,10
80678,80678,80979,301,0
80808,80813,80983,170,5
80813,80824,81054,230,11
80811,80818,81061,243,7
81076,81076,81078,2,0
81076,81076,81078,2,0
81076,81076,81079,3,0
81076,81076,81079,3,0
81076,81078,81080,2,2
81076,81078,81080,2,2
81076,81076,81080,4,0
81076,81076,81081,5,0
81076,81079,81081,2,3
81076,81076,81083,7,0
81076,81076,81083,7,0
81076,81076,81083,7,0
81076,81079,81083,4,3
81076,81076,81084,8,0
81076,81076,81084,8,0
81076,81076,81084,8,0
81076,81076,81084,8,0
81076,81076,81084,8,0
81076,81076,81085,9,0
81076,81076,81086,10,0
81076,81080,81086,6,4
81076,81076,81086,10,0
81076,81076,81087,11,0
81076,81076,81086,10,0
81076,81076,81087,11,0
81076,81076,81088,12,0
81076,81076,81087,11,0
81076,81084,81088,4,8
81076,81087,81088,1,11
81076,81080,81088,8,4
81076,81085,81088,3,9
81076,81076,81088,12,0
81076,81076,81089,13,0
81076,81085,81089,4,9
81076,81085,81089,4,9
81076,81086,81089,3,10
81076,81087,81089,2,11
81076,81088,81090,2,12
81076,81076,81090,14,0
81076,81086,81090,4,10
81076,81087,81090,3,11
81076,81089,81090,1,13
81076,81089,81090,1,13
81076,81089,81090,1,13
81076,81089,81090,1,13
81076,81076,81091,15,0
81076,81082,81091,9,6
81076,81089,81091,2,13
81076,81076,81091,15,0
81076,81080,81091,11,4
81076,81081,81091,10,5
81076,81084,81091,7,8
81076,81083,81091,8,7
81076,81083,81091,8,7
81076,81076,81091,15,0
81076,81084,81092,8,8
81076,81076,81092,16,0
81076,81084,81092,8,8
81076,81090,81093,3,14
81076,81092,81093,1,16
81076,81092,81094,2,16
81076,81092,81095,3,16
81076,81093,81095,2,17
81076,81092,81095,3,16
81076,81091,81095,4,15
81076,81094,81095,1,18
81076,81094,81095,1,18
81076,81091,81096,5,15
81076,81092,81096,4,16
81076,81093,81096,3,17
80948,80948,81096,148,0
81076,81095,81096,1,19
81076,81096,81097,1,20
81076,81089,81098,9,13
81076,81091,81097,6,15
80942,80944,81098,154,2
81076,81092,81098,6,16
81076,81091,81098,7,15
81076,81091,81098,7,15
81076,81090,81099,9,14
81076,81093,81099,6,17
81076,81088,81099,11,12
81076,81090,81100,10,14
81076,81092,81100,8,16
81076,81091,81106,15,15
81076,81091,81106,15,15
81076,81076,81107,31,0
80950,80950,81108,158,0
81076,81087,81109,22,11
81076,81088,81109,21,12
81076,81090,81110,20,14
80945,80945,81111,166,0
81076,81092,81111,19,16
81076,81090,81113,23,14
81076,81076,81114,38,0
81076,81091,81115,24,15
80949,80949,81118,169,0
81076,81089,81135,46,13
81205,81205,81206,1,0
81205,81205,81206,1,0
81205,81205,81206,1,0
81205,81205,81207,2,0
81205,81205,81207,2,0
81205,81205,81207,2,0
81205,81205,81208,3,0
81205,81205,81210,5,0
81205,81205,81210,5,0
81205,81205,81209,4,0
81205,81205,81209,4,0
81205,81205,81210,5,0
81205,81205,81211,6,0
81205,81205,81211,6,0
81205,81205,81211,6,0
81205,81205,81211,6,0
81205,81205,81212,7,0
81205,81205,81212,7,0
81205,81207,81213,6,2
81205,81205,81212,7,0
81205,81205,81212,7,0
81205,81205,81212,7,0
81205,81205,81212,7,0
81205,81211,81214,3,6
81205,81213,81215,2,8
81205,81213,81214,1,8
81205,81207,81214,7,2
81205,81212,81215,3,7
81205,81213,81214,1,8
81205,81207,81215,8,2
81205,81212,81214,2,7
81205,81213,81214,1,8
81205,81213,81214,1,8
81205,81208,81214,6,3
81205,81210,81214,4,5
81205,81212,81214,2,7
81205,81213,81214,1,8
81205,81205,81215,10,0
81205,81205,81215,10,0
81205,81205,81215,10,0
81205,81212,81215,3,7
81205,81205,81216,11,0
81205,81208,81216,8,3
81205,81215,81216,1,10
81205,81215,81216,1,10
81205,81215,81216,1,10
81205,81215,81216,1,10
81205,81215,81216,1,10
81205,81215,81216,1,10
81205,81215,81216,1,10
81205,81205,81217,12,0
81205,81205,81217,12,0
81205,81205,81217,12,0
81205,81205,81217,12,0
81205,81205,81217,12,0
81205,81215,81217,2,10
81205,81210,81217,7,5
81205,81205,81217,12,0
81205,81210,81218,8,5
81205,81217,81218,1,12
81205,81217,81220,3,12
81205,81217,81219,2,12
81205,81218,81219,1,13
81205,81215,81220,5,10
81205,81217,81220,3,12
81205,81217,81219,2,12
81205,81217,81219,2,12
81205,81218,81219,1,13
81205,81205,81220,15,0
81205,81209,81220,11,4
81205,81217,81220,3,12
81205,81208,81221,13,3
81205,81215,81221,6,10
81205,81215,81221,6,10
81205,81215,81222,7,10
81205,81215,81222,7,10
81205,81215,81223,8,10
81205,81210,81223,13,5
81205,81217,81224,7,12
81205,81210,81224,14,5
81205,81218,81228,10,13
81205,81218,81229,11,13
81205,81205,81229,24,0
81205,81215,81230,15,10
81205,81217,81231,14,12
81205,81205,81233,28,0
81205,81218,81233,15,13
81205,81216,81234,18,11
81205,81217,81237,20,12
81205,81216,81239,23,11
81205,81215,81242,27,10
81205,81216,81247,31,11
81205,81218,81265,47,13
81327,81327,81328,1,0
81327,81327,81329,2,0
81327,81327,81328,1,0
81327,81327,81330,3,0
81327,81327,81331,4,0
81327,81327,81332,5,0
81327,81327,81331,4,0
81327,81327,81331,4,0
81327,81327,81332,5,0
81327,81327,81333,6,0
81327,81327,81333,6,0
81327,81327,81333,6,0
81327,81327,81332,5,0
81327,81327,81333,6,0
81327,81327,81334,7,0
81327,81327,81333,6,0
81327,81327,81333,6,0
81327,81327,81335,8,0
81327,81327,81335,8,0
81327,81327,81335,8,0
81327,81327,81334,7,0
81327,81327,81335,8,0
81327,81327,81335,8,0
81327,81327,81336,9,0
81327,81327,81338,11,0
81337,81337,81338,1,0
81337,81337,81338,1,0
81337,81337,81338,1,0
81337,81337,81339,2,0
81337,81339,81340,1,2
81337,81339,81340,1,2
81337,81339,81340,1,2
81327,81327,81341,14,0
81337,81340,81341,1,3
81337,81337,81341,4,0
81337,81337,81342,5,0
81337,81337,81342,5,0
81337,81339,81342,3,2
81337,81337,81343,6,0
81337,81337,81343,6,0
81337,81341,81342,1,4
81337,81341,81343,2,4
81337,81337,81344,7,0
81337,81337,81344,7,0
81337,81337,81344,7,0
81337,81341,81343,2,4
81337,81337,81344,7,0
81337,81337,81344,7,0
81337,81337,81344,7,0
81337,81337,81344,7,0
81337,81337,81344,7,0
81327,81327,81345,18,0
81327,81327,81344,17,0
81337,81345,81347,2,8
81337,81345,81347,2,8
81327,81327,81346,19,0
81337,81337,81348,11,0
81337,81342,81348,6,5
81337,81345,81348,3,8
81337,81345,81347,2,8
81337,81344,81348,4,7
81337,81344,81347,3,7
81337,81345,81347,2,8
81337,81344,81348,4,7
81337,81341,81348,7,4
81337,81345,81348,3,8
81327,81327,81349,22,0
81337,81348,81349,1,11
81337,81343,81349,6,6
81337,81343,81349,6,6
81337,81343,81349,6,6
81337,81347,81349,2,10
81337,81347,81348,1,10
81337,81337,81350,13,0
81337,81337,81349,12,0
81337,81348,81349,1,11
81337,81343,81349,6,6
81339,81348,81349,1,9
81337,81342,81350,8,5
81339,81348,81349,1,9
81339,81348,81349,1,9
81337,81348,81350,2,11
81337,81342,81351,9,5
81339,81348,81351,3,9
81337,81337,81352,15,0
81337,81337,81352,15,0
81327,81327,81352,25,0
81337,81343,81352,9,6
81339,81350,81353,3,11
81339,81350,81352,2,11
81339,81350,81352,2,11
81339,81351,81353,2,12
81339,81351,81353,2,12
81337,81337,81353,16,0
81337,81344,81353,9,7
81199,81199,81354,155,0
81339,81350,81353,3,11
81339,81350,81353,3,11
81339,81353,81354,1,14
81339,81353,81354,1,14
81337,81342,81355,13,5
81339,81353,81354,1,14
81339,81353,81356,3,14
81339,81350,81355,5,11
81339,81349,81355,6,10
81339,81349,81356,7,10
81339,81349,81356,7,10
81339,81349,81355,6,10
81339,81349,81355,6,10
81339,81349,81357,8,10
81339,81350,81357,7,11
81339,81352,81358,6,13
81339,81353,81360,7,14
81339,81350,81362,12,11
81337,81337,81365,28,0
81337,81337,81365,28,0
81337,81337,81366,29,0
81337,81337,81366,29,0
81339,81349,81376,27,10
81339,81353,81376,23,14
81339,81351,81377,26,12
81337,81345,81379,34,8
81337,81347,81379,32,10
81339,81348,81385,37,9
81339,81348,81390,42,9
81473,81473,81474,1,0
81473,81473,81474,1,0
81473,81473,81474,1,0
81473,81473,81476,3,0
81473,81473,81476,3,0
81473,81473,81477,4,0
81473,81473,81476,3,0
81473,81475,81476,1,2
81473,81473,81476,3,0
81473,81473,81478,5,0
81473,81473,81477,4,0
81473,81473,81479,6,0
81473,81473,81479,6,0
81473,81473,81479,6,0
81473,81473,81480,7,0
81473,81473,81480,7,0
81473,81473,81480,7,0
81473,81473,81480,7,0
81473,81473,81481,8,0
81473,81473,81481,8,0
81473,81473,81483,10,0
81473,81473,81484,11,0
81473,81473,81485,12,0
81473,81473,81484,11,0
81473,81473,81486,13,0
81473,81473,81487,14,0
81473,81473,81488,15,0
81473,81473,81490,17,0
81473,81473,81492,19,0
81342,81353,81494,141,11
81473,81473,81495,22,0
81337,81348,81504,156,11
81473,81473,81505,32,0
81339,81353,81525,172,14
81327,81327,81562,235,0
81344,81354,81592,238,10
81595,81595,81597,2,0
81595,81595,81597,2,0
81595,81595,81597,2,0
81595,81595,81598,3,0
81595,81595,81599,4,0
81595,81595,81598,3,0
81595,81595,81598,3,0
81595,81595,81599,4,0
81595,81595,81598,3,0
81595,81595,81600,5,0
81595,81595,81600,5,0
81595,81595,81600,5,0
81595,81595,81599,4,0
81595,81595,81601,6,0
81595,81595,81601,6,0
81595,81595,81601,6,0
81595,81595,81601,6,0
81595,81595,81600,5,0
81595,81595,81601,6,0
81595,81595,81602,7,0
81595,81595,81602,7,0
81595,81595,81602,7,0
81595,81595,81602,7,0
81595,81595,81603,8,0
81595,81595,81604,9,0
81603,81603,81604,1,0
81603,81603,81604,1,0
81603,81603,81604,1,0
81603,81603,81604,1,0
81603,81603,81605,2,0
81603,81605,81606,1,2
81603,81605,81606,1,2
81603,81605,81606,1,2
81603,81605,81606,1,2
81603,81603,81607,4,0
81603,81603,81606,3,0
81595,81595,81607,12,0
81603,81603,81607,4,0
81603,81603,81608,5,0
81603,81606,81607,1,3
81603,81603,81607,4,0
81603,81603,81608,5,0
81603,81603,81608,5,0
81603,81603,81608,5,0
81603,81607,81608,1,4
81603,81603,81608,5,0
81603,81604,81610,6,1
81603,81603,81610,7,0
81603,81607,81609,2,4
81603,81603,81609,6,0
81603,81603,81611,8,0
81603,81603,81611,8,0
81603,81603,81610,7,0
81603,81603,81611,8,0
81603,81603,81610,7,0
81603,81603,81612,9,0
81603,81603,81611,8,0
81603,81609,81612,3,6
81603,81610,81612,2,7
81603,81608,81612,4,5
81603,81608,81612,4,5
81603,81608,81613,5,5
81603,81608,81612,4,5
81603,81611,81612,1,8
81603,81607,81612,5,4
81603,81609,81612,3,6
81603,81610,81612,2,7
81603,81610,81612,2,7
81603,81609,81613,4,6
81603,81607,81613,6,4
81603,81611,81612,1,8
81603,81611,81613,2,8
81595,81595,81614,19,0
81603,81603,81614,11,0
81603,81603,81613,10,0
81343,81354,81613,259,11
81603,81608,81614,6,5
81603,81609,81613,4,6
81603,81612,81613,1,9
81603,81612,81613,1,9
81603,81610,81614,4,7
81595,81595,81615,20,0
81603,81603,81616,13,0
81606,81614,81616,2,8
81606,81614,81616,2,8
81606,81614,81616,2,8
81603,81603,81617,14,0
81595,81595,81617,22,0
81603,81607,81618,11,4
81603,81607,81617,10,4
81606,81615,81618,3,9
81606,81615,81617,2,9
81606,81615,81618,3,9
81606,81615,81618,3,9
81606,81616,81618,2,10
81606,81616,81618,2,10
81606,81616,81618,2,10
81595,81595,81618,23,0
81606,81615,81619,4,9
81606,81615,81619,4,9
81603,81612,81619,7,9
81606,81615,81620,5,9
81606,81615,81620,5,9
81606,81615,81620,5,9
81606,81618,81620,2,12
81606,81618,81620,2,12
81606,81617,81621,4,11
81606,81615,81620,5,9
81606,81615,81621,6,9
81606,81618,81620,2,12
81606,81618,81620,2,12
81606,81615,81622,7,9
81606,81615,81622,7,9
81606,81615,81622,7,9
81606,81615,81622,7,9
81603,81607,81623,16,4
81595,81595,81624,29,0
81606,81616,81623,7,10
81606,81615,81627,12,9
81603,81611,81627,16,8
81606,81615,81631,16,9
81603,81612,81632,20,9
81606,81615,81633,18,9
81606,81616,81639,23,10
81603,81611,81651,40,8
81732,81732,81733,1,0
81732,81732,81733,1,0
81732,81732,81735,3,0
81732,81732,81735,3,0
81732,81732,81735,3,0
81732,81732,81735,3,0
81732,81732,81735,3,0
81732,81732,81735,3,0
81732,81732,81735,3,0
81732,81732,81735,3,0
81732,81732,81737,5,0
81732,81732,81736,4,0
81732,81732,81737,5,0
81732,81732,81737,5,0
81732,81732,81736,4,0
81732,81732,81737,5,0
81732,81732,81737,5,0
81732,81732,81737,5,0
81732,81732,81739,7,0
81732,81732,81738,6,0
81732,81732,81739,7,0
81732,81732,81738,6,0
81732,81732,81739,7,0
81732,81732,81739,7,0
81732,81732,81740,8,0
81738,81738,81739,1,0
81738,81738,81739,1,0
81738,81738,81739,1,0
81732,81732,81740,8,0
81732,81732,81740,8,0
81738,81738,81741,3,0
81738,81738,81741,3,0
81738,81739,81740,1,1
81738,81739,81741,2,1
81738,81738,81742,4,0
81738,81739,81742,3,1
81738,81740,81741,1,2
81738,81739,81741,2,1
81738,81740,81742,2,2
81738,81740,81741,1,2
81732,81732,81742,10,0
81738,81738,81742,4,0
81738,81739,81743,4,1
81738,81740,81742,2,2
81738,81738,81743,5,0
81738,81738,81743,5,0
81738,81740,81743,3,2
81738,81738,81743,5,0
81738,81738,81744,6,0
81738,81738,81744,6,0
81738,81738,81745,7,0
81738,81738,81745,7,0
81738,81738,81745,7,0
81732,81732,81746,14,0
81738,81738,81747,9,0
81738,81741,81750,9,3
81732,81732,81751,19,0
81732,81732,81755,23,0
81738,81738,81755,17,0
81738,81738,81755,17,0
81738,81738,81757,19,0
81738,81740,81759,19,2
81607,81618,81775,157,11
81603,81614,81782,168,11
81595,81595,81875,280,0
81738,81741,81893,152,3
81744,81744,81898,154,0
81732,81732,81984,252,0
81991,81991,81993,2,0
81991,81991,81993,2,0
81991,81991,81993,2,0
81991,81991,81994,3,0
81991,81991,81994,3,0
81991,81991,81994,3,0
81991,81991,81994,3,0
81991,81992,81994,2,1
81991,81991,81995,4,0
81991,81991,81995,4,0
81991,81991,81996,5,0
81991,81991,81996,5,0
81991,81991,81996,5,0
81991,81991,81997,6,0
81991,81991,81997,6,0
81991,81991,81997,6,0
81991,81991,81997,6,0
81991,81991,81997,6,0
81991,81991,81997,6,0
81991,81991,81997,6,0
81991,81991,81998,7,0
81991,81991,81997,6,0
81991,81993,81998,5,2
81991,81993,81998,5,2
81991,81991,81998,7,0
81991,81993,81998,5,2
81991,81992,81998,6,1
81991,81991,81999,8,0
81991,81997,81999,2,6
81991,81997,81999,2,6
81991,81997,81999,2,6
81991,81997,81999,2,6
81991,81991,82000,9,0
81991,81994,82000,6,3
81991,81995,82000,5,4
81991,81997,82000,3,6
81991,81998,82000,2,7
81991,81996,82000,4,5
81991,81996,82000,4,5
81991,81999,82000,1,8
81991,81995,82000,5,4
81991,81999,82000,1,8
81991,81999,82000,1,8
81991,81996,82000,4,5
81991,81999,82000,1,8
81991,81991,82001,10,0
81991,81999,82001,2,8
81997,82000,82001,1,3
81997,82000,82001,1,3
81991,81991,82002,11,0
81991,81991,82002,11,0
81991,81997,82002,5,6
81991,81995,82002,7,4
81997,82000,82002,2,3
81991,81991,82002,11,0
81991,81997,82002,5,6
81997,81999,82003,4,2
81991,81991,82003,12,0
81991,81991,82003,12,0
81991,81995,82003,8,4
81991,81995,82003,8,4
81997,82001,82004,3,4
81991,81994,82005,11,3
81991,81991,82004,13,0
81997,82002,82004,2,5
81997,82001,82004,3,4
81997,82003,82004,1,6
81997,82000,82004,4,3
81997,82001,82004,3,4
81997,82002,82004,2,5
81997,82002,82005,3,5
81991,81991,82005,14,0
81997,82003,82005,2,6
81997,82001,82006,5,4
81997,82001,82005,4,4
81997,82001,82005,4,4
81997,82001,82006,5,4
81997,82001,82006,5,4
81997,82001,82006,5,4
81997,82001,82006,5,4
81991,81991,82006,15,0
81997,82004,82006,2,7
81997,82004,82006,2,7
81997,82001,82006,5,4
81997,82004,82006,2,7
81997,82002,82007,5,5
81997,82003,82007,4,6
81997,82004,82007,3,7
81997,82004,82007,3,7
81997,82001,82007,6,4
81991,81991,82007,16,0
81997,82001,82008,7,4
81997,82007,82008,1,10
81997,82006,82009,3,9
81997,82007,82008,1,10
81997,82007,82008,1,10
81997,82007,82009,2,10
81997,82007,82009,2,10
81997,82007,82010,3,10
81997,82005,82010,5,8
81997,82006,82009,3,9
81997,82006,82009,3,9
82000,82008,82009,1,8
81997,82003,82010,7,6
81997,82004,82010,6,7
81997,82003,82011,8,6
82000,82009,82010,1,9
81997,82007,82010,3,10
81997,82005,82010,5,8
81997,82005,82010,5,8
81997,82005,82010,5,8
81997,82007,82011,4,10
81997,82008,82011,3,11
81997,82008,82011,3,11
81997,82004,82011,7,7
81997,82005,82011,6,8
81997,82005,82011,6,8
81997,82006,82011,5,9
81997,82005,82011,6,8
81997,82005,82012,7,8
82000,82009,82011,2,9
81997,82008,82012,4,11
81997,82008,82012,4,11
82000,82011,82013,2,11
82000,82009,82013,4,9
82000,82011,82013,2,11
82000,82012,82013,1,12
82000,82012,82013,1,12
82000,82011,82013,2,11
82000,82012,82013,1,12
81997,82000,82014,14,3
82000,82012,82014,2,12
82000,82011,82015,4,11
82000,82010,82014,4,10
82000,82009,82014,5,9
82000,82012,82015,3,12
81997,82006,82015,9,9
82000,82011,82016,5,11
82000,82012,82015,3,12
82000,82010,82015,5,10
82000,82010,82015,5,10
82000,82011,82016,5,11
82000,82012,82015,3,12
82000,82010,82016,6,10
82000,82011,82016,5,11
82000,82012,82016,4,12
82000,82010,82016,6,10
82000,82010,82017,7,10
82000,82010,82018,8,10
81997,82007,82026,19,10
82000,82012,82027,15,12
81997,82006,82027,21,9
82000,82011,82032,21,11
82000,82008,82035,27,8
82000,82012,82036,24,12
81998,82008,82165,157,10
81992,81999,82238,239,7
82264,82264,82265,1,0
82264,82264,82266,2,0
82264,82264,82265,1,0
82264,82264,82265,1,0
82264,82264,82265,1,0
82264,82264,82265,1,0
82264,82264,82265,1,0
82264,82264,82265,1,0
82264,82264,82265,1,0
82264,82264,82267,3,0
82264,82264,82266,2,0
82264,82264,82267,3,0
82264,82264,82266,2,0
82264,82264,82266,2,0
82264,82264,82266,2,0
82264,82264,82266,2,0
82264,82264,82266,2,0
82264,82266,82267,1,2
82264,82264,82267,3,0
82264,82264,82267,3,0
82264,82264,82267,3,0
82264,82264,82267,3,0
82264,82266,82267,1,2
82265,82266,82267,1,1
82265,82266,82267,1,1
82265,82266,82267,1,1
82265,82266,82269,3,1
82265,82268,82270,2,3
82265,82268,82271,3,3
82265,82268,82271,3,3
82265,82268,82270,2,3
82265,82269,82271,2,4
82265,82266,82271,5,1
82265,82266,82271,5,1
82265,82270,82271,1,5
82264,82264,82273,9,0
82264,82264,82273,9,0
82264,82264,82273,9,0
82264,82264,82273,9,0
82265,82267,82273,6,2
82265,82271,82273,2,6
82265,82271,82272,1,6
82265,82271,82272,1,6
82265,82271,82273,2,6
82265,82267,82272,5,2
82265,82271,82272,1,6
82265,82272,82273,1,7
82265,82267,82274,7,2
82265,82267,82273,6,2
82265,82268,82274,6,3
82265,82267,82274,7,2
82265,82267,82275,8,2
82265,82267,82274,7,2
82134,82134,82276,142,0
82265,82267,82277,10,2
82264,82264,82277,13,0
82264,82264,82277,13,0
82265,82268,82278,10,3
82265,82268,82278,10,3
82265,82268,82278,10,3
82265,82267,82280,13,2
82000,82013,82284,271,13
82264,82264,82285,21,0
82140,82140,82301,161,0
82139,82139,82308,169,0
82128,82128,82310,182,0
82264,82264,82314,50,0
82138,82138,82343,205,0
82141,82141,82361,220,0
82387,82387,82388,1,0
82387,82387,82388,1,0
82387,82387,82389,2,0
82387,82387,82390,3,0
82387,82387,82390,3,0
82387,82387,82390,3,0
82387,82387,82390,3,0
82387,82387,82389,2,0
82387,82387,82390,3,0
82387,82387,82391,4,0
82387,82387,82391,4,0
82387,82387,82391,4,0
82387,82387,82391,4,0
82387,82388,82391,3,1
82387,82387,82391,4,0
82387,82387,82390,3,0
82387,82387,82390,3,0
82387,82387,82392,5,0
82387,82387,82392,5,0
82387,82387,82391,4,0
82387,82387,82391,4,0
82387,82387,82392,5,0
82387,82387,82391,4,0
82387,82389,82393,4,2
82387,82387,82394,7,0
82387,82387,82393,6,0
82387,82392,82394,2,5
82387,82392,82394,2,5
82387,82387,82394,7,0
82387,82391,82394,3,4
82387,82391,82394,3,4
82387,82392,82394,2,5
82387,82389,82393,4,2
82387,82392,82394,2,5
82387,82391,82394,3,4
82387,82387,82395,8,0
82387,82390,82395,5,3
82387,82392,82394,2,5
82387,82392,82395,3,5
82387,82394,82395,1,7
82387,82391,82394,3,4
82387,82393,82394,1,6
82390,82394,82395,1,4
82387,82391,82395,4,4
82387,82390,82395,5,3
82390,82394,82395,1,4
82390,82394,82396,2,4
82387,82390,82396,6,3
82387,82387,82396,9,0
82387,82387,82397,10,0
82387,82391,82397,6,4
82387,82391,82396,5,4
82387,82390,82397,7,3
82390,82394,82398,4,4
82387,82394,82399,5,7
82387,82394,82399,5,7
82387,82387,82399,12,0
82387,82387,82399,12,0
82390,82397,82399,2,7
82390,82397,82399,2,7
82390,82395,82399,4,5
82390,82394,82399,5,4
82390,82395,82399,4,5
82390,82396,82399,3,6
82390,82396,82399,3,6
82390,82395,82400,5,5
82390,82394,82399,5,4
82390,82399,82400,1,9
82390,82398,82400,2,8
82390,82394,82400,6,4
82390,82395,82400,5,5
82390,82396,82400,4,6
82390,82397,82400,3,7
82390,82397,82400,3,7
82390,82395,82401,6,5
82390,82395,82401,6,5
82387,82390,82402,12,3
82387,82391,82402,11,4
82390,82395,82401,6,5
82390,82395,82402,7,5
82390,82399,82402,3,9
82390,82399,82402,3,9
82390,82399,82402,3,9
82390,82395,82402,7,5
82387,82387,82403,16,0
82390,82395,82404,9,5
82387,82387,82404,17,0
82387,82387,82405,18,0
82387,82390,82405,15,3
82390,82399,82405,6,9
82390,82397,82418,21,7
82387,82387,82431,44,0
82264,82266,82433,167,2
82387,82387,82443,56,0
82512,82512,82513,1,0
82512,82512,82514,2,0
82512,82512,82514,2,0
82512,82512,82515,3,0
82512,82512,82515,3,0
82512,82512,82515,3,0
82512,82512,82515,3,0
82512,82512,82515,3,0
82512,82512,82515,3,0
82512,82512,82516,4,0
82512,82512,82516,4,0
82512,82512,82516,4,0
82512,82512,82516,4,0
82512,82512,82516,4,0
82512,82512,82516,4,0
82512,82512,82516,4,0
82512,82512,82516,4,0
82512,82512,82517,5,0
82512,82512,82517,5,0
82512,82512,82517,5,0
82512,82512,82518,6,0
82512,82512,82519,7,0
82512,82512,82524,12,0
82512,82512,82524,12,0
82512,82512,82524,12,0
82523,82523,82524,1,0
82523,82523,82524,1,0
82523,82523,82524,1,0
82523,82523,82525,2,0
82523,82523,82526,3,0
82512,82512,82526,14,0
82512,82512,82527,15,0
82523,82523,82527,4,0
82523,82523,82527,4,0
82523,82525,82526,1,2
82523,82523,82527,4,0
82523,82525,82526,1,2
82523,82525,82526,1,2
82523,82526,82527,1,3
82523,82523,82526,3,0
82523,82523,82526,3,0
82523,82523,82528,5,0
82523,82523,82528,5,0
82523,82523,82528,5,0
82523,82523,82527,4,0
82523,82523,82527,4,0
82523,82523,82528,5,0
82523,82523,82527,4,0
82523,82523,82528,5,0
82523,82523,82529,6,0
82523,82523,82529,6,0
82523,82523,82528,5,0
82523,82523,82529,6,0
82523,82526,82528,2,3
82512,82512,82530,18,0
82512,82512,82530,18,0
82523,82523,82531,8,0
82523,82527,82531,4,4
82523,82527,82531,4,4
82523,82529,82531,2,6
82523,82529,82531,2,6
82523,82527,82531,4,4
82523,82528,82531,3,5
82523,82529,82531,2,6
82523,82527,82531,4,4
82523,82528,82531,3,5
82523,82529,82531,2,6
82523,82528,82531,3,5
82523,82529,82532,3,6
82523,82527,82531,4,4
82523,82527,82532,5,4
82523,82528,82532,4,5
82523,82529,82531,2,6
82523,82528,82531,3,5
82523,82531,82532,1,8
82526,82531,82532,1,5
82523,82531,82533,2,8
82523,82527,82533,6,4
82523,82531,82532,1,8
82526,82531,82533,2,5
82526,82531,82533,2,5
82526,82531,82532,1,5
82523,82527,82534,7,4
82523,82528,82533,5,5
82523,82528,82535,7,5
82526,82531,82535,4,5
82526,82531,82535,4,5
82526,82533,82535,2,7
82526,82532,82535,3,6
82523,82525,82536,11,2
82523,82527,82535,8,4
82526,82531,82535,4,5
82526,82533,82536,3,7
82526,82532,82536,4,6
82526,82533,82536,3,7
82526,82533,82535,2,7
82526,82535,82536,1,9
82526,82532,82536,4,6
82526,82533,82536,3,7
82526,82532,82537,5,6
82526,82532,82536,4,6
82526,82532,82537,5,6
82526,82535,82537,2,9
82526,82535,82537,2,9
82526,82535,82537,2,9
82523,82523,82538,15,0
82526,82535,82537,2,9
82526,82534,82537,3,8
82526,82534,82537,3,8
82526,82532,82538,6,6
82526,82532,82538,6,6
82526,82533,82538,5,7
82526,82536,82538,2,10
82526,82532,82539,7,6
82523,82531,82542,11,8
82523,82531,82542,11,8
82523,82527,82543,16,4
82523,82527,82545,18,4
82523,82525,82546,21,2
82512,82512,82546,34,0
82523,82523,82548,25,0
82512,82512,82552,40,0
82523,82524,82552,28,1
82526,82536,82560,24,10
82387,82394,82565,171,7
82652,82652,82653,1,0
82652,82652,82653,1,0
82652,82652,82653,1,0
82652,82652,82653,1,0
82652,82652,82653,1,0
82652,82652,82654,2,0
82652,82652,82654,2,0
82652,82652,82654,2,0
82652,82652,82653,1,0
82652,82652,82653,1,0
82652,82652,82653,1,0
82652,82652,82653,1,0
82652,82652,82654,2,0
82652,82652,82653,1,0
82652,82652,82655,3,0
82652,82652,82655,3,0
82652,82652,82655,3,0
82652,82652,82655,3,0
82652,82652,82655,3,0
82652,82652,82655,3,0
82652,82652,82655,3,0
82652,82652,82658,6,0
82659,82659,82660,1,0
82659,82659,82660,1,0
82659,82659,82660,1,0
82659,82659,82660,1,0
82659,82660,82661,1,1
82659,82660,82661,1,1
82652,82652,82662,10,0
82659,82659,82662,3,0
82659,82659,82662,3,0
82659,82659,82662,3,0
82659,82659,82662,3,0
82659,82659,82662,3,0
82659,82659,82662,3,0
82659,82661,82662,1,2
82659,82659,82662,3,0
82659,82659,82662,3,0
82659,82659,82662,3,0
82659,82659,82663,4,0
82659,82661,82662,1,2
82652,82652,82663,11,0
82652,82652,82663,11,0
82652,82652,82663,11,0
82652,82652,82663,11,0
82659,82659,82663,4,0
82659,82659,82663,4,0
82659,82663,82664,1,4
82659,82659,82664,5,0
82659,82662,82663,1,3
82659,82662,82663,1,3
82659,82659,82664,5,0
82659,82662,82665,3,3
82659,82659,82665,6,0
82659,82659,82666,7,0
82652,82652,82665,13,0
82652,82652,82666,14,0
82659,82659,82666,7,0
82652,82652,82674,22,0
82652,82652,82678,26,0
82659,82659,82682,23,0
82523,82531,82688,157,8
82659,82659,82696,37,0
82527,82536,82716,180,9
82786,82786,82787,1,0
82786,82786,82787,1,0
82786,82786,82788,2,0
82786,82786,82787,1,0
82786,82786,82789,3,0
82786,82786,82789,3,0
82786,82786,82788,2,0
82786,82786,82789,3,0
82786,82786,82789,3,0
82786,82786,82789,3,0
82786,82786,82789,3,0
82786,82786,82789,3,0
82786,82786,82790,4,0
82786,82786,82790,4,0
82786,82786,82790,4,0
82786,82786,82790,4,0
82786,82786,82789,3,0
82786,82786,82789,3,0
82786,82786,82790,4,0
82786,82786,82790,4,0
82786,82786,82790,4,0
82786,82786,82790,4,0
82786,82786,82791,5,0
82786,82786,82793,7,0
82786,82786,82793,7,0
82786,82786,82797,11,0
82786,82786,82797,11,0
82786,82786,82798,12,0
82786,82786,82797,11,0
82513,82513,82797,284,0
82786,82786,82799,13,0
82786,82786,82811,25,0
82659,82663,82851,188,4
82912,82912,82914,2,0
82912,82912,82914,2,0
82912,82912,82914,2,0
82912,82912,82914,2,0
82912,82912,82914,2,0
82912,82912,82913,1,0
82912,82912,82914,2,0
82912,82912,82914,2,0
82912,82912,82914,2,0
82912,82912,82914,2,0
82912,82912,82914,2,0
82912,82912,82914,2,0
82912,82912,82914,2,0
82912,82912,82914,2,0
82912,82912,82914,2,0
82912,82912,82914,2,0
82912,82912,82915,3,0
82912,82912,82915,3,0
82912,82912,82915,3,0
82912,82912,82915,3,0
82912,82912,82915,3,0
82912,82912,82915,3,0
82912,82912,82916,4,0
82912,82912,82916,4,0
82912,82912,82917,5,0
82912,82912,82917,5,0
82912,82912,82917,5,0
82915,82916,82917,1,1
82915,82915,82917,2,0
82915,82915,82917,2,0
82915,82916,82918,2,1
82915,82916,82918,2,1
82915,82916,82919,3,1
82915,82916,82919,3,1
82915,82916,82919,3,1
82915,82916,82919,3,1
82915,82918,82919,1,3
82915,82916,82919,3,1
82915,82916,82919,3,1
82916,82918,82919,1,2
82915,82916,82919,3,1
82915,82918,82919,1,3
82916,82919,82920,1,3
82915,82916,82919,3,1
82915,82916,82919,3,1
82915,82916,82919,3,1
82915,82916,82919,3,1
82915,82916,82919,3,1
82915,82917,82919,2,2
82915,82917,82919,2,2
82915,82916,82919,3,1
82916,82919,82920,1,3
82916,82920,82921,1,4
82915,82916,82920,4,1
82915,82916,82920,4,1
82915,82916,82920,4,1
82915,82916,82921,5,1
82916,82921,82922,1,5
82916,82921,82922,1,5
82916,82921,82922,1,5
82916,82920,82923,3,4
82916,82921,82922,1,5
82916,82920,82922,2,4
82912,82912,82923,11,0
82912,82912,82923,11,0
82912,82912,82923,11,0
82916,82922,82923,1,6
82915,82916,82923,7,1
82916,82920,82923,3,4
82916,82920,82923,3,4
82916,82920,82923,3,4
82916,82920,82924,4,4
82916,82920,82923,3,4
82916,82920,82924,4,4
82916,82921,82924,3,5
82916,82920,82923,3,4
82916,82920,82923,3,4
82916,82920,82923,3,4
82916,82920,82924,4,4
82916,82920,82924,4,4
82912,82912,82924,12,0
82916,82923,82924,1,7
82916,82923,82924,1,7
82916,82920,82924,4,4
82916,82920,82924,4,4
82916,82923,82924,1,7
82916,82920,82924,4,4
82916,82920,82925,5,4
82916,82920,82926,6,4
82915,82918,82929,11,3
82915,82915,82930,15,0
82915,82918,82930,12,3
82915,82918,82935,17,3
82652,82652,82952,300,0
83046,83046,83048,2,0
83046,83046,83048,2,0
83046,83046,83048,2,0
83046,83046,83048,2,0
83046,83046,83049,3,0
83046,83047,83049,2,1
83046,83047,83049,2,1
83046,83046,83049,3,0
83046,83046,83049,3,0
83046,83046,83049,3,0
83046,83046,83050,4,0
83046,83046,83050,4,0
83046,83046,83050,4,0
83046,83046,83050,4,0
83046,83048,83050,2,2
83046,83046,83050,4,0
83046,83046,83050,4,0
83046,83046,83051,5,0
83046,83047,83051,4,1
83046,83046,83051,5,0
83046,83046,83051,5,0
83046,83046,83051,5,0
83046,83046,83052,6,0
83046,83046,83052,6,0
83046,83046,83051,5,0
83046,83046,83052,6,0
83046,83046,83052,6,0
83046,83046,83052,6,0
83046,83046,83054,8,0
83046,83046,83060,14,0
82786,82786,83070,284,0
83046,83046,83082,36,0
82916,82923,83083,160,7
82919,82923,83086,163,4
82920,82923,83159,236,3
82913,82913,83160,247,0
83174,83174,83175,1,0
83174,83174,83176,2,0
82921,82924,83175,251,3
83174,83174,83175,1,0
83174,83174,83176,2,0
83174,83174,83176,2,0
83174,83174,83176,2,0
83174,83174,83177,3,0
83174,83174,83176,2,0
83174,83174,83177,3,0
83174,83174,83177,3,0
83174,83174,83177,3,0
83174,83174,83177,3,0
83174,83174,83177,3,0
83174,83174,83177,3,0
83174,83174,83177,3,0
83174,83174,83178,4,0
83174,83174,83178,4,0
83174,83174,83178,4,0
83174,83174,83180,6,0
83174,83174,83179,5,0
83174,83174,83180,6,0
83174,83174,83182,8,0
83174,83174,83183,9,0
83174,83174,83183,9,0
83174,83174,83184,10,0
83174,83174,83183,9,0
83174,83174,83189,15,0
83174,83174,83189,15,0
83174,83174,83190,16,0
83174,83174,83190,16,0
83174,83174,83192,18,0
83047,83048,83204,156,1
83050,83050,83212,162,0
83296,83296,83297,1,0
83296,83296,83298,2,0
83296,83296,83297,1,0
83296,83296,83298,2,0
83296,83296,83299,3,0
83296,83296,83299,3,0
83296,83296,83298,2,0
83296,83296,83299,3,0
83296,83296,83298,2,0
83296,83296,83298,2,0
83296,83296,83299,3,0
83296,83296,83298,2,0
83296,83296,83299,3,0
83296,83296,83299,3,0
83296,83296,83300,4,0
83296,83296,83299,3,0
83296,83296,83300,4,0
83296,83296,83299,3,0
83296,83296,83301,5,0
83296,83296,83300,4,0
83296,83296,83303,7,0
83296,83296,83304,8,0
83296,83296,83306,10,0
83296,83296,83306,10,0
83296,83296,83306,10,0
83296,83296,83307,11,0
83296,83296,83307,11,0
83296,83296,83308,12,0
83296,83296,83316,20,0
83296,83296,83324,28,0
83296,83296,83340,44,0
83418,83418,83419,1,0
83418,83418,83419,1,0
83418,83418,83420,2,0
83418,83418,83420,2,0
83418,83418,83419,1,0
83418,83418,83420,2,0
83418,83418,83419,1,0
83418,83418,83421,3,0
83418,83418,83420,2,0
83418,83418,83421,3,0
83418,83418,83421,3,0
83418,83418,83421,3,0
83418,83418,83421,3,0
83418,83418,83421,3,0
83418,83418,83422,4,0
83418,83418,83422,4,0
83418,83418,83422,4,0
83418,83418,83422,4,0
83418,83418,83422,4,0
83418,83418,83423,5,0
83418,83418,83424,6,0
83418,83418,83424,6,0
83424,83424,83425,1,0
83424,83424,83425,1,0
83418,83418,83425,7,0
83424,83424,83425,1,0
83424,83424,83426,2,0
83418,83418,83426,8,0
83418,83418,83426,8,0
83418,83418,83427,9,0
83424,83424,83427,3,0
83424,83424,83426,2,0
83424,83424,83427,3,0
83424,83424,83427,3,0
83424,83424,83426,2,0
83424,83426,83427,1,2
83424,83424,83427,3,0
83424,83425,83426,1,1
83424,83425,83426,1,1
83424,83424,83427,3,0
83424,83424,83427,3,0
83424,83424,83427,3,0
83418,83418,83427,9,0
83424,83424,83428,4,0
83424,83424,83428,4,0
83424,83424,83428,4,0
83424,83426,83428,2,2
83424,83424,83428,4,0
83424,83424,83427,3,0
83424,83426,83429,3,2
83424,83424,83429,5,0
83424,83427,83429,2,3
83424,83424,83429,5,0
83424,83427,83429,2,3
83424,83428,83430,2,4
83424,83427,83430,3,3
83424,83427,83430,3,3
83424,83426,83430,4,2
83424,83428,83430,2,4
83424,83428,83430,2,4
83424,83428,83430,2,4
83424,83427,83430,3,3
83424,83427,83431,4,3
83424,83428,83431,3,4
83424,83427,83430,3,3
83418,83418,83431,13,0
83424,83427,83431,4,3
83424,83428,83431,3,4
83424,83427,83431,4,3
83424,83429,83431,2,5
83424,83429,83431,2,5
83424,83429,83431,2,5
83424,83429,83431,2,5
83424,83427,83431,4,3
83424,83424,83432,8,0
83424,83427,83432,5,3
83424,83430,83432,2,6
83424,83427,83432,5,3
83424,83430,83433,3,6
83429,83431,83432,1,2
83429,83431,83433,2,2
83424,83429,83433,4,5
83424,83430,83433,3,6
83424,83430,83433,3,6
83429,83431,83434,3,2
83429,83433,83434,1,4
83429,83433,83434,1,4
83429,83433,83434,1,4
83429,83432,83434,2,3
83429,83432,83434,2,3
83429,83432,83434,2,3
83429,83432,83434,2,3
83429,83433,83434,1,4
83424,83424,83435,11,0
83429,83432,83435,3,3
83429,83434,83435,1,5
83429,83433,83435,2,4
83429,83432,83435,3,3
83429,83432,83435,3,3
83424,83424,83436,12,0
83429,83431,83436,5,2
83429,83435,83436,1,6
83429,83431,83436,5,2
83429,83435,83436,1,6
83429,83435,83436,1,6
83429,83435,83436,1,6
83429,83433,83436,3,4
83429,83434,83437,3,5
83429,83434,83436,2,5
83429,83435,83436,1,6
83429,83432,83437,5,3
83429,83432,83437,5,3
83429,83432,83437,5,3
83429,83434,83437,3,5
83418,83418,83440,22,0
83424,83424,83442,18,0
83418,83418,83446,28,0
83424,83427,83446,19,3
83424,83424,83450,26,0
83418,83418,83450,32,0
83424,83427,83451,24,3
83424,83424,83474,50,0
83424,83426,83479,53,2
83558,83558,83559,1,0
83558,83558,83559,1,0
83558,83558,83559,1,0
83558,83558,83559,1,0
83558,83558,83559,1,0
83558,83558,83559,1,0
83558,83558,83559,1,0
83558,83558,83559,1,0
83558,83558,83559,1,0
83558,83558,83559,1,0
83558,83558,83560,2,0
83558,83558,83560,2,0
83558,83558,83560,2,0
83558,83558,83560,2,0
83558,83558,83560,2,0
83558,83558,83561,3,0
83558,83558,83561,3,0
83558,83558,83561,3,0
83558,83558,83561,3,0
83558,83558,83561,3,0
83558,83558,83564,6,0
83558,83558,83564,6,0
83558,83558,83564,6,0
83558,83558,83566,8,0
83558,83558,83566,8,0
83558,83558,83566,8,0
83558,83558,83567,9,0
83558,83558,83568,10,0
83558,83558,83569,11,0
83558,83558,83569,11,0
83558,83558,83569,11,0
83429,83435,83573,138,6
83435,83435,83632,197,0
83433,83435,83633,198,2
83424,83431,83638,207,7
83687,83687,83688,1,0
83687,83687,83688,1,0
83687,83687,83688,1,0
83687,83687,83688,1,0
83687,83687,83689,2,0
83687,83687,83688,1,0
83687,83687,83688,1,0
83687,83687,83689,2,0
83687,83687,83688,1,0
83687,83687,83688,1,0
83687,83687,83688,1,0
83687,83687,83689,2,0
83687,83687,83688,1,0
83687,83687,83690,3,0
83687,83687,83689,2,0
83687,83687,83689,2,0
83687,83687,83689,2,0
83687,83687,83689,2,0
83687,83687,83689,2,0
83687,83687,83690,3,0
83687,83687,83690,3,0
83687,83687,83690,3,0
83687,83687,83690,3,0
83687,83687,83691,4,0
83692,83692,83694,2,0
83692,83693,83694,1,1
83692,83693,83694,1,1
83692,83693,83694,1,1
83692,83693,83694,1,1
83692,83693,83694,1,1
83692,83693,83694,1,1
83692,83693,83694,1,1
83692,83693,83694,1,1
83692,83694,83695,1,2
83692,83692,83695,3,0
83692,83693,83695,2,1
83692,83693,83695,2,1
83692,83693,83695,2,1
83692,83693,83695,2,1
83692,83694,83695,1,2
83692,83693,83695,2,1
83692,83693,83695,2,1
83692,83693,83695,2,1
83692,83694,83695,1,2
83687,83687,83695,8,0
83687,83687,83695,8,0
83692,83693,83696,3,1
83692,83693,83696,3,1
83692,83693,83696,3,1
83698,83698,83699,1,0
83698,83698,83699,1,0
83698,83698,83699,1,0
83698,83698,83700,2,0
83698,83698,83699,1,0
83698,83698,83700,2,0
83698,83698,83700,2,0
83698,83698,83699,1,0
83698,83698,83699,1,0
83698,83698,83700,2,0
83698,83699,83700,1,1
83698,83699,83700,1,1
83692,83693,83700,7,1
83687,83687,83701,14,0
83698,83698,83701,3,0
83698,83700,83701,1,2
83698,83700,83701,1,2
83698,83698,83700,2,0
83698,83698,83701,3,0
83698,83698,83701,3,0
83698,83700,83701,1,2
83698,83700,83701,1,2
83698,83700,83701,1,2
83698,83699,83701,2,1
83692,83693,83701,8,1
83692,83693,83701,8,1
83687,83687,83701,14,0
83698,83698,83702,4,0
83698,83698,83702,4,0
83698,83698,83702,4,0
83698,83698,83702,4,0
83698,83698,83702,4,0
83698,83698,83701,3,0
83692,83693,83703,10,1
83687,83687,83704,17,0
83698,83698,83710,12,0
83698,83698,83711,13,0
83558,83559,83711,152,1
83687,83687,83713,26,0
83687,83687,83718,31,0
83698,83698,83720,22,0
83418,83418,83812,394,0
83821,83822,83823,1,1
83821,83822,83823,1,1
83821,83822,83823,1,1
83821,83822,83823,1,1
83821,83822,83823,1,1
83821,83822,83823,1,1
83821,83822,83823,1,1
83821,83822,83823,1,1
83821,83822,83823,1,1
83821,83822,83823,1,1
83821,83822,83823,1,1
83821,83822,83823,1,1
83821,83822,83824,2,1
83821,83822,83824,2,1
83821,83822,83824,2,1
83821,83822,83824,2,1
83821,83822,83824,2,1
83821,83822,83824,2,1
83821,83822,83825,3,1
83821,83822,83825,3,1
83821,83822,83825,3,1
83826,83827,83828,1,1
83826,83827,83828,1,1
83826,83827,83828,1,1
83826,83827,83828,1,1
83826,83827,83828,1,1
83826,83827,83828,1,1
83826,83827,83828,1,1
83826,83827,83829,2,1
83826,83829,83830,1,3
83826,83827,83829,2,1
83826,83827,83829,2,1
83821,83822,83830,8,1
83826,83827,83830,3,1
83826,83829,83830,1,3
83826,83827,83830,3,1
83826,83829,83830,1,3
83826,83829,83830,1,3
83826,83829,83830,1,3
83826,83829,83830,1,3
83826,83830,83831,1,4
83826,83829,83830,1,3
83826,83827,83832,5,1
83826,83827,83831,4,1
83826,83827,83831,4,1
83830,83830,83832,2,0
83826,83827,83832,5,1
83826,83830,83831,1,4
83821,83822,83832,10,1
83821,83822,83832,10,1
83821,83822,83832,10,1
83821,83822,83832,10,1
83821,83822,83832,10,1
83821,83822,83832,10,1
83821,83822,83832,10,1
83826,83827,83832,5,1
83830,83831,83832,1,1
83830,83831,83832,1,1
83830,83831,83832,1,1
83830,83831,83832,1,1
83830,83831,83832,1,1
83830,83831,83832,1,1
83830,83831,83833,2,1
83830,83833,83834,1,3
83830,83832,83834,2,2
83830,83833,83834,1,3
83830,83832,83833,1,2
83830,83832,83833,1,2
83830,83831,83834,3,1
83830,83833,83834,1,3
83830,83833,83834,1,3
83826,83827,83835,8,1
83830,83831,83834,3,1
83830,83833,83834,1,3
83830,83833,83834,1,3
83830,83833,83834,1,3
83826,83827,83835,8,1
83830,83832,83835,3,2
83830,83832,83836,4,2
83830,83832,83838,6,2
83826,83827,83839,12,1
83826,83827,83840,13,1
83830,83833,83842,9,3
83830,83833,83842,9,3
83830,83833,83845,12,3
83830,83833,83847,14,3
83826,83827,83849,22,1
83821,83822,83849,27,1
83830,83833,83850,17,3
83693,83695,83850,155,2
83830,83833,83851,18,3
83830,83831,83862,31,1
83830,83833,83864,31,3
83821,83822,83868,46,1
83699,83700,83878,178,1
83687,83687,83938,251,0
83952,83952,83953,1,0
83952,83952,83953,1,0
83952,83952,83954,2,0
83952,83952,83954,2,0
83952,83952,83954,2,0
83952,83952,83954,2,0
83952,83952,83953,1,0
83952,83952,83954,2,0
83952,83952,83953,1,0
83952,83952,83954,2,0
83952,83952,83954,2,0
83952,83952,83954,2,0
83952,83952,83954,2,0
83952,83952,83954,2,0
83952,83952,83955,3,0
83952,83952,83954,2,0
83952,83952,83955,3,0
83952,83952,83956,4,0
83958,83958,83959,1,0
83958,83958,83959,1,0
83958,83958,83960,2,0
83958,83958,83959,1,0
83958,83958,83959,1,0
83958,83958,83959,1,0
83958,83958,83959,1,0
83958,83958,83960,2,0
83958,83958,83959,1,0
83958,83959,83960,1,1
83952,83952,83961,9,0
83958,83958,83961,3,0
83958,83958,83961,3,0
83958,83960,83961,1,2
83952,83952,83961,9,0
83952,83952,83961,9,0
83958,83958,83961,3,0
83958,83958,83960,2,0
83958,83960,83961,1,2
83958,83958,83961,3,0
83958,83960,83961,1,2
83958,83960,83961,1,2
83958,83958,83961,3,0
83958,83960,83961,1,2
83958,83958,83961,3,0
83958,83958,83961,3,0
83958,83958,83962,4,0
83958,83960,83961,1,2
83958,83960,83961,1,2
83958,83960,83961,1,2
83958,83960,83961,1,2
83952,83952,83962,10,0
83952,83952,83963,11,0
83952,83952,83970,18,0
83827,83830,83972,142,3
83952,83952,83972,20,0
83952,83952,83972,20,0
83952,83952,83974,22,0
83952,83952,83975,23,0
83958,83958,83975,17,0
83952,83952,83977,25,0
83958,83958,83980,22,0
83952,83952,83981,29,0
83952,83952,83990,38,0
83958,83961,83995,34,3
84085,84085,84086,1,0
84085,84085,84086,1,0
84085,84085,84086,1,0
84085,84085,84087,2,0
84085,84085,84086,1,0
84085,84085,84086,1,0
84085,84085,84086,1,0
84085,84085,84086,1,0
84085,84085,84086,1,0
84085,84085,84086,1,0
84085,84085,84086,1,0
84085,84085,84086,1,0
84085,84085,84086,1,0
84085,84085,84086,1,0
84085,84085,84086,1,0
84085,84085,84088,3,0
84085,84085,84087,2,0
84085,84085,84087,2,0
84085,84085,84088,3,0
84085,84085,84089,4,0
84085,84085,84091,6,0
84085,84085,84091,6,0
84085,84085,84091,6,0
84085,84085,84091,6,0
84085,84085,84094,9,0
84085,84085,84094,9,0
84085,84085,84094,9,0
84085,84085,84095,10,0
84085,84085,84095,10,0
84085,84085,84105,20,0
84085,84085,84118,33,0
83962,83962,84131,169,0
83822,83822,84156,334,0
83958,83961,84201,240,3
84213,84213,84214,1,0
84213,84213,84214,1,0
84213,84213,84215,2,0
84213,84213,84215,2,0
84213,84213,84215,2,0
84213,84213,84215,2,0
84213,84213,84215,2,0
84213,84213,84214,1,0
84213,84213,84214,1,0
84213,84213,84215,2,0
84213,84213,84214,1,0
84213,84213,84215,2,0
84213,84214,84215,1,1
84213,84213,84216,3,0
84213,84213,84216,3,0
84213,84213,84216,3,0
84213,84213,84216,3,0
84213,84213,84216,3,0
84213,84213,84216,3,0
84213,84213,84215,2,0
84213,84213,84216,3,0
84213,84213,84216,3,0
84213,84213,84216,3,0
84213,84213,84216,3,0
84213,84213,84216,3,0
84213,84215,84216,1,2
84213,84213,84215,2,0
84213,84213,84217,4,0
84213,84213,84216,3,0
84213,84215,84217,2,2
84213,84216,84217,1,3
84213,84213,84217,4,0
84213,84215,84217,2,2
84213,84215,84217,2,2
84213,84215,84217,2,2
84213,84216,84217,1,3
84213,84215,84217,2,2
84213,84215,84217,2,2
84213,84215,84216,1,2
84213,84216,84217,1,3
84216,84217,84218,1,1
84213,84215,84217,2,2
84216,84217,84218,1,1
84216,84217,84218,1,1
84213,84215,84218,3,2
84213,84216,84218,2,3
84213,84216,84219,3,3
84213,84216,84219,3,3
84213,84216,84219,3,3
84213,84216,84219,3,3
84213,84216,84219,3,3
84213,84213,84219,6,0
84213,84215,84219,4,2
84216,84217,84219,2,1
84216,84217,84218,1,1
84216,84217,84219,2,1
84216,84217,84219,2,1
84216,84217,84219,2,1
84213,84215,84218,3,2
84216,84217,84219,2,1
84216,84217,84218,1,1
84216,84218,84219,1,2
84216,84218,84219,1,2
84213,84216,84220,4,3
84213,84216,84220,4,3
84216,84217,84220,3,1
84216,84218,84220,2,2
84216,84218,84220,2,2
84216,84219,84220,1,3
84216,84218,84220,2,2
84213,84216,84221,5,3
84216,84219,84221,2,3
84216,84220,84221,1,4
84216,84220,84221,1,4
84216,84220,84221,1,4
84216,84220,84221,1,4
84213,84213,84221,8,0
84213,84217,84222,5,4
84216,84219,84222,3,3
84216,84219,84222,3,3
84216,84219,84222,3,3
84216,84219,84222,3,3
84216,84219,84222,3,3
84213,84216,84222,6,3
84213,84213,84229,16,0
84216,84219,84231,12,3
84213,84213,84239,26,0
83952,83952,84239,287,0
84213,84213,84241,28,0
84213,84216,84248,32,3
84213,84213,84248,35,0
84343,84343,84345,2,0
84343,84343,84345,2,0
84343,84343,84345,2,0
84343,84343,84344,1,0
84343,84343,84345,2,0
84343,84343,84344,1,0
84343,84343,84345,2,0
84343,84343,84346,3,0
84343,84343,84346,3,0
84343,84343,84346,3,0
84343,84343,84346,3,0
84343,84343,84346,3,0
84343,84343,84346,3,0
84343,84343,84346,3,0
84343,84343,84347,4,0
84343,84343,84346,3,0
84343,84343,84347,4,0
84343,84343,84347,4,0
84343,84343,84347,4,0
84343,84343,84347,4,0
84343,84343,84348,5,0
84343,84343,84349,6,0
84085,84085,84353,268,0
84343,84343,84356,13,0
84343,84343,84358,15,0
84343,84343,84359,16,0
84343,84343,84359,16,0
84343,84343,84360,17,0
84343,84343,84360,17,0
84343,84343,84363,20,0
84343,84343,84367,24,0
84213,84217,84369,152,4
84343,84343,84380,37,0
84216,84220,84400,180,4
84472,84472,84474,2,0
84472,84472,84474,2,0
84472,84472,84474,2,0
84472,84472,84475,3,0
84472,84472,84475,3,0
84472,84472,84475,3,0
84472,84472,84476,4,0
84472,84474,84477,3,2
84472,84472,84477,5,0
84472,84472,84477,5,0
84472,84472,84477,5,0
84472,84472,84478,6,0
84472,84472,84478,6,0
84472,84472,84478,6,0
84472,84474,84479,5,2
84472,84472,84479,7,0
84472,84472,84480,8,0
84472,84472,84480,8,0
84472,84474,84480,6,2
84472,84472,84480,8,0
84472,84472,84480,8,0
84472,84473,84480,7,1
84472,84472,84481,9,0
84472,84472,84481,9,0
84472,84472,84481,9,0
84472,84472,84482,10,0
84472,84472,84482,10,0
84472,84472,84482,10,0
84472,84479,84482,3,7
84472,84479,84483,4,7
84472,84480,84482,2,8
84472,84481,84483,2,9
84472,84475,84483,8,3
84472,84482,84483,1,10
84472,84478,84483,5,6
84472,84481,84483,2,9
84472,84481,84483,2,9
84472,84481,84483,2,9
84473,84483,84484,1,10
84472,84472,84484,12,0
84472,84475,84484,9,3
84472,84472,84484,12,0
84472,84477,84484,7,5
84472,84482,84484,2,10
84472,84477,84484,7,5
84472,84478,84484,6,6
84473,84483,84484,1,10
84472,84472,84485,13,0
84472,84472,84485,13,0
84472,84482,84485,3,10
84472,84478,84485,7,6
84473,84484,84485,1,11
84472,84479,84485,6,7
84472,84472,84486,14,0
84473,84484,84486,2,11
84472,84476,84487,11,4
84473,84486,84487,1,13
84473,84485,84488,3,12
84473,84485,84488,3,12
84473,84486,84488,2,13
84473,84484,84488,4,11
84473,84485,84488,3,12
84473,84487,84488,1,14
84473,84486,84489,3,13
84473,84489,84490,1,16
84473,84484,84489,5,11
84473,84484,84489,5,11
84473,84488,84489,1,15
84473,84485,84489,4,12
84473,84488,84489,1,15
84473,84486,84490,4,13
84473,84486,84490,4,13
84473,84486,84490,4,13
84473,84488,84491,3,15
84472,84482,84490,8,10
84473,84489,84490,1,16
84473,84484,84491,7,11
84473,84484,84491,7,11
84473,84484,84491,7,11
84473,84485,84494,9,12
84473,84485,84493,8,12
84472,84480,84494,14,8
84472,84481,84494,13,9
84473,84485,84494,9,12
84472,84481,84497,16,9
84472,84472,84498,26,0
84472,84472,84499,27,0
84472,84472,84499,27,0
84472,84472,84500,28,0
84473,84485,84504,19,12
84472,84481,84508,27,9
84472,84483,84511,28,11
84473,84487,84514,27,14
84347,84348,84521,173,1
84604,84604,84605,1,0
84604,84604,84605,1,0
84604,84604,84605,1,0
84604,84604,84607,3,0
84604,84604,84607,3,0
84604,84604,84608,4,0
84604,84604,84608,4,0
84604,84604,84608,4,0
84604,84604,84608,4,0
84604,84606,84608,2,2
84604,84604,84610,6,0
84604,84604,84610,6,0
84604,84604,84610,6,0
84604,84604,84610,6,0
84604,84604,84611,7,0
84604,84604,84612,8,0
84604,84604,84612,8,0
84604,84604,84613,9,0
84604,84604,84613,9,0
84604,84604,84613,9,0
84604,84604,84613,9,0
84604,84604,84614,10,0
84604,84604,84615,11,0
84604,84604,84616,12,0
84604,84604,84615,11,0
84604,84604,84616,12,0
84604,84604,84617,13,0
84604,84604,84617,13,0
84604,84604,84620,16,0
84604,84604,84629,25,0
84604,84604,84631,27,0
84473,84483,84659,176,10
84344,84344,84689,345,0
84474,84489,84691,202,15
84475,84489,84702,213,14
84475,84489,84716,227,14
84476,84490,84721,231,14
84729,84730,84731,1,1
84729,84730,84731,1,1
84729,84730,84732,2,1
84729,84730,84732,2,1
84729,84730,84732,2,1
84729,84730,84734,4,1
84729,84730,84734,4,1
84729,84730,84735,5,1
84729,84730,84735,5,1
84729,84730,84736,6,1
84729,84730,84736,6,1
84729,84730,84736,6,1
84729,84730,84736,6,1
84730,84732,84736,4,2
84729,84730,84736,6,1
84729,84730,84737,7,1
84729,84730,84736,6,1
84729,84730,84737,7,1
84730,84732,84737,5,2
84729,84730,84738,8,1
84730,84733,84739,6,3
84729,84730,84739,9,1
84730,84737,84739,2,7
84730,84737,84739,2,7
84730,84738,84739,1,8
84730,84737,84739,2,7
84730,84737,84739,2,7
84730,84738,84739,1,8
84730,84730,84740,10,0
84730,84730,84740,10,0
84730,84733,84740,7,3
84730,84733,84740,7,3
84730,84737,84740,3,7
84729,84730,84740,10,1
84729,84730,84740,10,1
84730,84739,84741,2,9
84730,84735,84741,6,5
84730,84740,84741,1,10
84730,84740,84741,1,10
84730,84740,84741,1,10
84730,84736,84741,5,6
84730,84740,84741,1,10
84730,84740,84741,1,10
84730,84740,84741,1,10
84729,84730,84741,11,1
84730,84740,84742,2,10
84730,84740,84742,2,10
84729,84730,84742,12,1
84730,84737,84743,6,7
84730,84735,84742,7,5
84730,84737,84743,6,7
84730,84737,84743,6,7
84730,84740,84743,3,10
84730,84741,84743,2,11
84729,84730,84744,14,1
84729,84730,84744,14,1
84729,84730,84744,14,1
84730,84730,84744,14,0
84730,84743,84744,1,13
84729,84730,84745,15,1
84729,84730,84746,16,1
84730,84743,84745,2,13
84730,84736,84745,9,6
84730,84742,84746,4,12
84730,84744,84745,1,14
84730,84742,84746,4,12
84730,84742,84746,4,12
84729,84730,84746,16,1
84730,84743,84746,3,13
84730,84741,84746,5,11
84730,84742,84747,5,12
84729,84730,84747,17,1
84729,84730,84747,17,1
84730,84745,84747,2,15
84730,84744,84747,3,14
84735,84746,84747,1,11
84730,84744,84747,3,14
84730,84741,84748,7,11
84730,84742,84747,5,12
84730,84745,84749,4,15
84730,84744,84748,4,14
84730,84742,84748,6,12
84730,84742,84748,6,12
84730,84742,84748,6,12
84730,84745,84749,4,15
84730,84742,84750,8,12
84735,84748,84750,2,13
84735,84746,84750,4,11
84735,84746,84750,4,11
84735,84748,84750,2,13
84735,84749,84750,1,14
84735,84749,84751,2,14
84735,84749,84751,2,14
84735,84750,84751,1,15
84735,84749,84752,3,14
84735,84746,84752,6,11
84735,84750,84751,1,15
84735,84746,84751,5,11
84735,84751,84752,1,16
84735,84748,84753,5,13
84735,84748,84752,4,13
84735,84751,84752,1,16
84735,84751,84752,1,16
84735,84751,84752,1,16
84735,84751,84752,1,16
84735,84748,84754,6,13
84735,84746,84754,8,11
84735,84747,84753,6,12
84735,84747,84754,7,12
84730,84745,84754,9,15
84735,84752,84755,3,17
84735,84751,84754,3,16
84735,84754,84757,3,19
84735,84754,84757,3,19
84735,84747,84758,11,12
84735,84753,84758,5,18
84735,84753,84757,4,18
84735,84754,84758,4,19
84730,84730,84758,28,0
84735,84755,84759,4,20
84735,84755,84759,4,20
84735,84753,84759,6,18
84735,84757,84759,2,22
84735,84752,84759,7,17
84735,84757,84759,2,22
84735,84753,84760,7,18
84735,84752,84759,7,17
84735,84752,84759,7,17
84735,84758,84760,2,23
84735,84752,84760,8,17
84735,84753,84759,6,18
84735,84752,84760,8,17
84735,84758,84760,2,23
84735,84754,84761,7,19
84735,84758,84761,3,23
84736,84759,84760,1,23
84736,84759,84760,1,23
84736,84759,84760,1,23
84604,84606,84762,156,2
84735,84753,84761,8,18
84735,84759,84762,3,24
84735,84758,84762,4,23
84735,84759,84763,4,24
84736,84760,84765,5,24
84736,84762,84765,3,26
84736,84761,84765,4,25
84736,84761,84765,4,25
84735,84748,84766,18,13
84736,84762,84766,4,26
84736,84762,84765,3,26
84736,84762,84766,4,26
84735,84746,84767,21,11
84735,84750,84767,17,15
84736,84765,84767,2,29
84736,84765,84767,2,29
84736,84760,84767,7,24
84736,84761,84767,6,25
84736,84760,84767,7,24
84736,84765,84767,2,29
84736,84765,84767,2,29
84735,84746,84768,22,11
84736,84766,84768,2,30
84736,84766,84767,1,30
84736,84761,84768,7,25
84736,84760,84768,8,24
84736,84760,84768,8,24
84736,84760,84768,8,24
84736,84763,84768,5,27
84736,84766,84769,3,30
84736,84767,84769,2,31
84736,84760,84770,10,24
84730,84741,84770,29,11
84735,84749,84770,21,14
84736,84767,84771,4,31
84736,84760,84771,11,24
84736,84761,84770,9,25
84735,84747,84771,24,12
84735,84748,84771,23,13
84735,84755,84773,18,20
84736,84766,84773,7,30
84730,84741,84775,34,11
84735,84748,84776,28,13
84730,84742,84780,38,12
84735,84759,84781,22,24
84730,84743,84793,50,13
84730,84742,84806,64,12
84806,84806,84808,2,0
84806,84806,84808,2,0
84806,84806,84808,2,0
84806,84806,84809,3,0
84806,84806,84809,3,0
84806,84806,84810,4,0
84806,84809,84810,1,3
84806,84809,84810,1,3
84806,84809,84810,1,3
84730,84741,84810,69,11
84806,84806,84811,5,0
84806,84806,84812,6,0
84806,84806,84812,6,0
84806,84806,84813,7,0
84806,84806,84814,8,0
84806,84806,84813,7,0
84806,84806,84814,8,0
84806,84806,84815,9,0
84806,84806,84815,9,0
84806,84806,84816,10,0
84806,84806,84817,11,0
84806,84806,84817,11,0
84806,84806,84817,11,0
84806,84806,84817,11,0
84806,84806,84820,14,0
84806,84806,84823,17,0
84806,84806,84829,23,0
84806,84806,84829,23,0
84806,84807,84831,24,1
84806,84806,84834,28,0
84806,84806,84835,29,0
84806,84806,84864,58,0
84730,84745,84911,166,15
84742,84768,84913,145,26
84735,84759,84915,156,24
84739,84767,84920,153,28
84740,84767,84924,157,27
84939,84939,84940,1,0
84939,84939,84940,1,0
84939,84939,84940,1,0
84939,84939,84942,3,0
84939,84939,84943,4,0
84939,84939,84942,3,0
84939,84939,84943,4,0
84939,84939,84943,4,0
84939,84939,84944,5,0
84939,84939,84945,6,0
84939,84939,84944,5,0
84939,84939,84945,6,0
84939,84939,84944,5,0
84939,84939,84945,6,0
84939,84939,84945,6,0
84939,84939,84945,6,0
84939,84939,84945,6,0
84939,84939,84946,7,0
84939,84939,84947,8,0
84939,84939,84946,7,0
84939,84939,84946,7,0
84939,84939,84947,8,0
84947,84947,84948,1,0
84947,84947,84949,2,0
84947,84947,84948,1,0
84947,84947,84949,2,0
84939,84939,84950,11,0
84947,84947,84950,3,0
84939,84939,84950,11,0
84947,84947,84949,2,0
84947,84947,84949,2,0
84939,84939,84950,11,0
84947,84949,84950,1,2
84947,84947,84950,3,0
84947,84949,84951,2,2
84947,84949,84951,2,2
84947,84949,84950,1,2
84947,84948,84951,3,1
84947,84950,84952,2,3
84947,84950,84951,1,3
84947,84947,84951,4,0
84947,84950,84951,1,3
84939,84939,84952,13,0
84947,84947,84953,6,0
84939,84939,84954,15,0
84947,84947,84953,6,0
84947,84947,84954,7,0
84947,84947,84954,7,0
84947,84947,84955,8,0
84947,84947,84954,7,0
84947,84947,84955,8,0
84947,84947,84955,8,0
84947,84947,84956,9,0
84947,84947,84957,10,0
84939,84939,84958,19,0
84939,84939,84960,21,0
84947,84950,84961,11,3
84939,84939,84963,24,0
84736,84767,84963,196,31
84806,84810,84964,154,4
84947,84947,84967,20,0
84939,84939,84968,29,0
84947,84947,84973,26,0
84737,84767,84975,208,30
84947,84947,85001,54,0
85069,85069,85070,1,0
85069,85069,85070,1,0
85069,85069,85071,2,0
85069,85069,85072,3,0
85069,85069,85072,3,0
85069,85069,85073,4,0
85069,85069,85073,4,0
85069,85069,85073,4,0
85069,85069,85073,4,0
85069,85069,85072,3,0
85069,85069,85072,3,0
85069,85069,85073,4,0
85069,85069,85073,4,0
85069,85069,85074,5,0
85069,85069,85074,5,0
85069,85069,85074,5,0
85069,85069,85073,4,0
85069,85069,85074,5,0
85069,85069,85075,6,0
85069,85069,85076,7,0
85069,85069,85076,7,0
85069,85069,85076,7,0
85069,85069,85076,7,0
85069,85069,85076,7,0
85069,85071,85076,5,2
85069,85069,85076,7,0
85069,85074,85076,2,5
85069,85069,85077,8,0
85069,85069,85077,8,0
85069,85069,85077,8,0
85069,85074,85077,3,5
85069,85076,85077,1,7
85069,85076,85077,1,7
85069,85069,85078,9,0
85069,85071,85078,7,2
85069,85076,85078,2,7
85069,85076,85078,2,7
85069,85074,85078,4,5
85069,85076,85078,2,7
85069,85076,85078,2,7
85069,85076,85078,2,7
85069,85073,85078,5,4
85069,85069,85078,9,0
85069,85071,85079,8,2
85069,85077,85078,1,8
85069,85077,85079,2,8
85069,85073,85079,6,4
85069,85073,85078,5,4
85069,85073,85080,7,4
85069,85073,85079,6,4
85069,85069,85080,11,0
85069,85072,85080,8,3
85069,85077,85080,3,8
85069,85069,85080,11,0
85069,85076,85081,5,7
85069,85072,85081,9,3
85069,85069,85081,12,0
85069,85074,85082,8,5
85069,85074,85082,8,5
85069,85073,85082,9,4
85069,85079,85082,3,10
85069,85079,85082,3,10
85069,85076,85082,6,7
85069,85080,85082,2,11
85069,85080,85082,2,11
85069,85077,85082,5,8
85069,85079,85082,3,10
85069,85081,85082,1,12
85069,85081,85082,1,12
85069,85069,85083,14,0
85069,85073,85083,10,4
85069,85079,85083,4,10
85069,85077,85083,6,8
85069,85081,85083,2,12
85069,85079,85084,5,10
85069,85081,85084,3,12
85069,85073,85083,10,4
85069,85078,85084,6,9
85069,85078,85084,6,9
85069,85080,85084,4,11
85069,85082,85084,2,13
85069,85082,85085,3,13
85069,85082,85084,2,13
85069,85078,85085,7,9
85069,85078,85085,7,9
85069,85078,85085,7,9
85069,85079,85085,6,10
85069,85078,85086,8,9
85069,85069,85087,18,0
85069,85078,85091,13,9
85069,85080,85098,18,11
85069,85077,85103,26,8
85069,85078,85120,42,9
85204,85205,85206,1,1
85204,85205,85206,1,1
85204,85205,85206,1,1
85204,85205,85207,2,1
85204,85205,85207,2,1
85204,85205,85207,2,1
85204,85205,85208,3,1
85204,85205,85208,3,1
85204,85205,85208,3,1
85204,85205,85208,3,1
85204,85205,85208,3,1
85204,85205,85208,3,1
85204,85205,85208,3,1
85204,85205,85208,3,1
85204,85205,85209,4,1
85204,85205,85209,4,1
85204,85205,85210,5,1
85204,85205,85210,5,1
85204,85205,85212,7,1
85204,85205,85211,6,1
85204,85205,85212,7,1
85204,85205,85212,7,1
85204,85205,85212,7,1
85204,85205,85212,7,1
85204,85205,85212,7,1
85204,85205,85212,7,1
85204,85205,85218,13,1
85204,85205,85219,14,1
85204,85205,85223,18,1
85204,85205,85235,30,1
85204,85205,85240,35,1
84939,84939,85283,344,0
85326,85326,85327,1,0
85326,85326,85327,1,0
85326,85326,85327,1,0
85326,85326,85329,3,0
85326,85326,85328,2,0
85326,85326,85329,3,0
85326,85326,85328,2,0
85326,85326,85329,3,0
85326,85326,85329,3,0
85326,85326,85329,3,0
85326,85326,85329,3,0
85326,85326,85330,4,0
85326,85326,85330,4,0
85326,85326,85331,5,0
85326,85326,85332,6,0
85326,85326,85331,5,0
85326,85326,85331,5,0
85326,85326,85331,5,0
85326,85326,85332,6,0
85326,85326,85332,6,0
85326,85326,85332,6,0
85326,85326,85332,6,0
85326,85326,85333,7,0
85326,85326,85333,7,0
85326,85326,85334,8,0
85326,85326,85335,9,0
85334,85334,85335,1,0
85334,85334,85335,1,0
85334,85334,85336,2,0
85334,85334,85335,1,0
85334,85334,85335,1,0
85334,85334,85336,2,0
85334,85334,85337,3,0
85334,85334,85337,3,0
85334,85336,85337,1,2
85334,85334,85337,3,0
85334,85335,85337,2,1
85334,85336,85337,1,2
85326,85326,85338,12,0
85334,85334,85339,5,0
85334,85334,85339,5,0
85334,85334,85338,4,0
85334,85334,85338,4,0
85334,85334,85339,5,0
85334,85334,85340,6,0
85334,85334,85340,6,0
85334,85334,85340,6,0
85326,85326,85341,15,0
85334,85334,85342,8,0
85334,85334,85341,7,0
85334,85334,85341,7,0
85334,85334,85341,7,0
85334,85334,85341,7,0
85326,85326,85342,16,0
85334,85334,85342,8,0
85334,85334,85342,8,0
85326,85326,85344,18,0
85326,85326,85347,21,0
85069,85082,85347,265,13
85334,85334,85349,15,0
85334,85334,85348,14,0
85334,85334,85349,15,0
85334,85334,85360,26,0
85461,85461,85463,2,0
85461,85461,85463,2,0
85461,85461,85463,2,0
85461,85461,85464,3,0
85461,85461,85464,3,0
85461,85461,85464,3,0
85461,85461,85464,3,0
85461,85461,85464,3,0
85461,85461,85465,4,0
85461,85461,85465,4,0
85461,85461,85465,4,0
85461,85461,85465,4,0
85461,85464,85465,1,3
85461,85464,85465,1,3
85461,85461,85466,5,0
85461,85465,85466,1,4
85461,85465,85466,1,4
85461,85465,85466,1,4
85461,85461,85467,6,0
85461,85461,85467,6,0
85461,85461,85467,6,0
85461,85461,85467,6,0
85466,85466,85468,2,0
85466,85466,85468,2,0
85461,85461,85468,7,0
85461,85461,85468,7,0
85461,85461,85469,8,0
85461,85461,85469,8,0
85461,85461,85469,8,0
85461,85461,85469,8,0
85461,85461,85469,8,0
85466,85468,85470,2,2
85461,85462,85471,9,1
85461,85463,85470,7,2
85466,85466,85471,5,0
85466,85467,85472,5,1
85466,85470,85471,1,4
85466,85470,85471,1,4
85466,85469,85471,2,3
85466,85469,85471,2,3
85466,85470,85471,1,4
85466,85467,85471,4,1
85466,85467,85472,5,1
85466,85469,85471,2,3
85466,85470,85471,1,4
85466,85468,85471,3,2
85466,85470,85471,1,4
85461,85461,85472,11,0
85461,85461,85472,11,0
85466,85467,85472,5,1
85466,85471,85472,1,5
85466,85468,85472,4,2
85461,85461,85473,12,0
85466,85469,85473,4,3
85461,85461,85474,13,0
85466,85471,85474,3,5
85466,85471,85474,3,5
85461,85461,85474,13,0
85466,85466,85474,8,0
85466,85467,85474,7,1
85466,85466,85475,9,0
85461,85461,85476,15,0
85466,85467,85476,9,1
85466,85467,85476,9,1
85466,85466,85477,11,0
85466,85468,85477,9,2
85466,85466,85478,12,0
85466,85472,85479,7,6
85461,85461,85499,38,0
85593,85593,85594,1,0
85593,85593,85594,1,0
85593,85593,85594,1,0
85593,85593,85594,1,0
85593,85593,85594,1,0
85593,85593,85594,1,0
85593,85593,85594,1,0
85593,85593,85594,1,0
85593,85593,85595,2,0
85593,85593,85594,1,0
85593,85593,85594,1,0
85593,85593,85594,1,0
85593,85593,85596,3,0
85593,85593,85596,3,0
85593,85593,85596,3,0
85593,85593,85596,3,0
85593,85593,85597,4,0
85593,85593,85598,5,0
85593,85593,85598,5,0
85593,85593,85601,8,0
85593,85593,85602,9,0
85593,85593,85603,10,0
85593,85593,85605,12,0
85593,85593,85608,15,0
85593,85593,85608,15,0
85593,85593,85608,15,0
85593,85593,85609,16,0
85593,85593,85610,17,0
85593,85593,85611,18,0
85593,85593,85618,25,0
85593,85593,85641,48,0
85326,85326,85668,342,0
85467,85472,85671,199,5
85471,85472,85671,199,1
85470,85472,85684,212,2
85461,85465,85716,251,4
85593,85594,85760,166,1
85842,85842,85843,1,0
85842,85842,85843,1,0
85842,85842,85843,1,0
85842,85842,85844,2,0
85842,85842,85845,3,0
85842,85842,85845,3,0
85842,85842,85846,4,0
85842,85842,85847,5,0
85842,85842,85848,6,0
85842,85842,85847,5,0
85842,85842,85848,6,0
85842,85842,85847,5,0
85842,85842,85847,5,0
85842,85842,85848,6,0
85842,85842,85850,8,0
85842,85844,85849,5,2
85842,85842,85849,7,0
85842,85842,85849,7,0
85842,85844,85849,5,2
85842,85844,85849,5,2
85842,85842,85850,8,0
85842,85845,85851,6,3
85842,85842,85851,9,0
85842,85842,85851,9,0
85842,85842,85851,9,0
85842,85848,85852,4,6
85842,85850,85852,2,8
85842,85846,85852,6,4
85842,85848,85852,4,6
85842,85850,85852,2,8
85842,85846,85851,5,4
85842,85848,85851,3,6
85842,85850,85852,2,8
85842,85850,85852,2,8
85842,85848,85851,3,6
85842,85849,85852,3,7
85842,85850,85851,1,8
85842,85842,85852,10,0
85842,85848,85853,5,6
85842,85848,85852,4,6
85842,85842,85853,11,0
85842,85842,85852,10,0
85842,85842,85852,10,0
85842,85846,85853,7,4
85842,85851,85852,1,9
85842,85852,85853,1,10
85846,85852,85854,2,6
85846,85852,85853,1,6
85846,85852,85853,1,6
85842,85842,85854,12,0
85842,85842,85855,13,0
85842,85842,85855,13,0
85842,85842,85854,12,0
85846,85852,85854,2,6
85842,85842,85856,14,0
85842,85842,85856,14,0
85846,85853,85856,3,7
85846,85854,85856,2,8
85846,85854,85857,3,8
85846,85855,85856,1,9
85846,85853,85857,4,7
85846,85854,85856,2,8
85846,85854,85856,2,8
85846,85853,85858,5,7
85846,85853,85858,5,7
85846,85852,85857,5,6
85846,85852,85858,6,6
85846,85856,85858,2,10
85846,85856,85857,1,10
85842,85842,85859,17,0
85842,85852,85859,7,10
85846,85852,85859,7,6
85846,85852,85858,6,6
85846,85852,85859,7,6
85846,85853,85858,5,7
85842,85842,85859,17,0
85846,85852,85859,7,6
85842,85850,85862,12,8
85846,85853,85866,13,7
85846,85855,85867,12,9
85846,85856,85868,12,10
85846,85856,85870,14,10
85842,85842,85870,28,0
85842,85852,85872,20,10
85842,85842,85873,31,0
85842,85842,85875,33,0
85842,85851,85874,23,9
85846,85853,85874,21,7
85846,85855,85874,19,9
85846,85855,85876,21,9
85842,85852,85877,25,10
85846,85853,85877,24,7
85846,85855,85880,25,9
85968,85969,85970,1,1
85968,85969,85970,1,1
85968,85969,85970,1,1
85968,85969,85970,1,1
85968,85969,85970,1,1
85968,85969,85970,1,1
85968,85969,85970,1,1
85968,85969,85970,1,1
85968,85969,85970,1,1
85968,85969,85970,1,1
85968,85969,85970,1,1
85968,85969,85971,2,1
85968,85969,85974,5,1
85968,85969,85974,5,1
85968,85969,85976,7,1
85968,85969,85976,7,1
85968,85969,85977,8,1
85968,85969,85977,8,1
85968,85969,85978,9,1
85968,85969,85978,9,1
85968,85969,85981,12,1
85968,85969,85981,12,1
85968,85969,85982,13,1
85968,85969,85989,20,1
85968,85969,85989,20,1
85968,85969,85996,27,1
85968,85969,85997,28,1
85842,85852,85998,146,10
85968,85969,86001,32,1
86099,86099,86100,1,0
86099,86099,86101,2,0
86099,86099,86101,2,0
86099,86099,86102,3,0
86099,86099,86101,2,0
86099,86099,86102,3,0
86099,86099,86102,3,0
86099,86099,86103,4,0
86099,86099,86102,3,0
86099,86099,86103,4,0
86099,86099,86103,4,0
86099,86099,86104,5,0
86099,86099,86104,5,0
86099,86099,86105,6,0
86099,86099,86104,5,0
86099,86099,86105,6,0
86099,86099,86105,6,0
86099,86099,86105,6,0
86099,86099,86106,7,0
86099,86099,86106,7,0
86099,86099,86109,10,0
86099,86099,86108,9,0
86099,86099,86109,10,0
86099,86099,86109,10,0
86099,86099,86110,11,0
86099,86099,86111,12,0
86099,86099,86112,13,0
86099,86099,86115,16,0
86099,86099,86116,17,0
86099,86099,86123,24,0
86099,86099,86129,30,0
86231,86231,86232,1,0
86231,86231,86232,1,0
86231,86231,86232,1,0
86231,86231,86232,1,0
86231,86231,86232,1,0
86231,86231,86232,1,0
86231,86231,86233,2,0
86231,86231,86233,2,0
86231,86231,86232,1,0
86231,86231,86232,1,0
86231,86231,86232,1,0
86231,86231,86232,1,0
86231,86231,86232,1,0
86231,86231,86232,1,0
86231,86231,86234,3,0
86231,86231,86234,3,0
86231,86231,86234,3,0
86231,86231,86234,3,0
86231,86231,86233,2,0
86231,86231,86233,2,0
86231,86231,86233,2,0
86231,86231,86238,7,0
86231,86231,86238,7,0
86231,86231,86241,10,0
86231,86231,86241,10,0
86231,86231,86246,15,0
86231,86231,86249,18,0
86231,86231,86250,19,0
86231,86231,86251,20,0
86231,86231,86251,20,0
86231,86231,86258,27,0
86103,86104,86269,165,1
85969,85969,86269,300,0
86108,86108,86288,180,0
86099,86099,86365,266,0
86364,86364,86365,1,0
86364,86364,86365,1,0
86364,86364,86366,2,0
86364,86364,86368,4,0
86364,86366,86367,1,2
86364,86364,86367,3,0
86364,86366,86368,2,2
86364,86367,86368,1,3
86364,86364,86370,6,0
86364,86366,86370,4,2
86364,86364,86369,5,0
86364,86364,86370,6,0
86364,86368,86369,1,4
86364,86364,86370,6,0
86364,86364,86370,6,0
86364,86364,86370,6,0
86364,86368,86370,2,4
86364,86364,86372,8,0
86364,86364,86371,7,0
86364,86364,86371,7,0
86364,86364,86373,9,0
86364,86368,86373,5,4
86364,86364,86373,9,0
86364,86369,86374,5,5
86364,86364,86373,9,0
86364,86364,86374,10,0
86364,86364,86374,10,0
86364,86364,86374,10,0
86364,86364,86374,10,0
86364,86371,86375,4,7
86364,86372,86375,3,8
86364,86374,86376,2,10
86364,86370,86376,6,6
86364,86370,86376,6,6
86364,86370,86376,6,6
86364,86371,86376,5,7
86364,86375,86376,1,11
86364,86370,86376,6,6
86364,86364,86377,13,0
86364,86364,86377,13,0
86364,86374,86377,3,10
86364,86373,86377,4,9
86364,86375,86377,2,11
86367,86376,86377,1,9
86364,86364,86377,13,0
86364,86364,86378,14,0
86364,86374,86377,3,10
86364,86376,86377,1,12
86364,86376,86377,1,12
86364,86372,86378,6,8
86364,86374,86378,4,10
86367,86376,86377,1,9
86364,86371,86379,8,7
86367,86377,86379,2,10
86364,86370,86380,10,6
86364,86364,86381,17,0
86364,86375,86380,5,11
86364,86368,86380,12,4
86235,86235,86381,146,0
86364,86372,86381,9,8
86364,86364,86383,19,0
86367,86379,86383,4,12
86367,86377,86383,6,10
86367,86377,86383,6,10
86367,86377,86383,6,10
86367,86378,86383,5,11
86367,86380,86384,4,13
86364,86375,86384,9,11
86367,86378,86384,6,11
86367,86381,86384,3,14
86364,86374,86385,11,10
86367,86383,86385,2,16
86367,86378,86385,7,11
86367,86383,86385,2,16
86367,86378,86385,7,11
86367,86380,86385,5,13
86367,86384,86385,1,17
86367,86384,86385,1,17
86367,86384,86385,1,17
86367,86377,86386,9,10
86367,86378,86386,8,11
86367,86378,86386,8,11
86364,86364,86387,23,0
86367,86378,86388,10,11
86367,86381,86388,7,14
86367,86378,86388,10,11
86367,86381,86389,8,14
86367,86383,86392,9,16
86367,86377,86392,15,10
86367,86381,86394,13,14
86236,86236,86393,157,0
86367,86377,86395,18,10
86237,86237,86395,158,0
86364,86373,86396,23,9
86364,86370,86396,26,6
86367,86381,86405,24,14
86234,86234,86407,173,0
86239,86239,86415,176,0
86238,86238,86420,182,0
86489,86489,86490,1,0
86489,86489,86491,2,0
86489,86490,86491,1,1
86489,86489,86491,2,0
86489,86490,86492,2,1
86489,86489,86493,4,0
86489,86490,86493,3,1
86489,86490,86493,3,1
86489,86490,86493,3,1
86489,86490,86493,3,1
86489,86490,86494,4,1
86489,86490,86494,4,1
86489,86490,86494,4,1
86489,86490,86494,4,1
86489,86490,86494,4,1
86489,86490,86494,4,1
86489,86490,86495,5,1
86489,86490,86495,5,1
86489,86490,86496,6,1
86489,86490,86496,6,1
86489,86490,86496,6,1
86489,86490,86497,7,1
86489,86490,86497,7,1
86489,86490,86497,7,1
86489,86490,86498,8,1
86489,86490,86498,8,1
86489,86490,86503,13,1
86489,86490,86507,17,1
86489,86490,86508,18,1
86489,86490,86508,18,1
86489,86490,86509,19,1
86364,86376,86530,154,12
86366,86376,86551,175,10
86231,86231,86551,320,0
86611,86611,86612,1,0
86611,86611,86612,1,0
86611,86611,86612,1,0
86611,86611,86613,2,0
86611,86611,86613,2,0
86611,86611,86614,3,0
86611,86611,86615,4,0
86611,86611,86614,3,0
86611,86611,86615,4,0
86611,86611,86615,4,0
86611,86611,86615,4,0
86611,86611,86615,4,0
86611,86612,86616,4,1
86611,86611,86615,4,0
86611,86611,86615,4,0
86611,86611,86615,4,0
86611,86611,86615,4,0
86611,86611,86615,4,0
86611,86611,86615,4,0
86611,86611,86617,6,0
86611,86611,86618,7,0
86611,86613,86617,4,2
86611,86613,86617,4,2
86611,86616,86618,2,5
86611,86611,86619,8,0
86611,86611,86618,7,0
86611,86614,86618,4,3
86611,86614,86618,4,3
86611,86616,86618,2,5
86611,86615,86618,3,4
86611,86616,86618,2,5
86611,86615,86619,4,4
86611,86616,86619,3,5
86611,86616,86618,2,5
86611,86614,86618,4,3
86611,86616,86619,3,5
86611,86618,86619,1,7
86611,86611,86619,8,0
86611,86616,86619,3,5
86611,86619,86620,1,8
86611,86619,86620,1,8
86611,86616,86620,4,5
86611,86618,86619,1,7
86611,86618,86619,1,7
86611,86611,86620,9,0
86611,86611,86621,10,0
86611,86616,86621,5,5
86611,86619,86620,1,8
86611,86616,86620,4,5
86611,86611,86621,10,0
86611,86611,86621,10,0
86611,86611,86621,10,0
86611,86619,86621,2,8
86611,86616,86622,6,5
86611,86621,86623,2,10
86611,86619,86623,4,8
86611,86620,86623,3,9
86611,86619,86623,4,8
86611,86620,86623,3,9
86611,86619,86623,4,8
86611,86619,86623,4,8
86611,86621,86623,2,10
86611,86611,86623,12,0
86611,86611,86623,12,0
86611,86621,86624,3,10
86611,86620,86624,4,9
86611,86620,86624,4,9
86611,86619,86623,4,8
86611,86623,86624,1,12
86611,86622,86623,1,11
86611,86611,86624,13,0
86611,86611,86624,13,0
86611,86621,86624,3,10
86611,86620,86625,5,9
86611,86623,86624,1,12
86611,86619,86625,6,8
86611,86623,86625,2,12
86611,86620,86625,5,9
86611,86623,86626,3,12
86611,86619,86625,6,8
86611,86622,86628,6,11
86611,86611,86628,17,0
86611,86619,86628,9,8
86611,86611,86630,19,0
86611,86618,86631,13,7
86611,86617,86631,14,6
86611,86611,86637,26,0
86611,86619,86642,23,8
86611,86620,86646,26,9
86611,86611,86651,40,0
86611,86620,86656,36,9
86611,86621,86659,38,10
86611,86621,86660,39,10
86611,86623,86774,151,12
86868,86868,86869,1,0
86868,86868,86869,1,0
86868,86868,86869,1,0
86868,86868,86871,3,0
86868,86868,86871,3,0
86868,86868,86871,3,0
86868,86868,86872,4,0
86868,86868,86871,3,0
86868,86868,86872,4,0
86868,86868,86873,5,0
86868,86868,86873,5,0
86868,86868,86873,5,0
86868,86869,86873,4,1
86868,86868,86872,4,0
86868,86868,86873,5,0
86868,86869,86873,4,1
86868,86868,86873,5,0
86868,86868,86872,4,0
86868,86869,86873,4,1
86868,86868,86873,5,0
86868,86871,86875,4,3
86868,86871,86875,4,3
86868,86873,86875,2,5
86868,86871,86875,4,3
86868,86873,86875,2,5
86868,86873,86875,2,5
86868,86873,86875,2,5
86868,86868,86875,7,0
86868,86868,86876,8,0
86868,86868,86876,8,0
86868,86868,86876,8,0
86868,86868,86876,8,0
86868,86868,86876,8,0
86868,86872,86876,4,4
86868,86873,86876,3,5
86868,86874,86876,2,6
86868,86868,86876,8,0
86868,86873,86876,3,5
86868,86875,86876,1,7
86868,86872,86876,4,4
86868,86873,86876,3,5
86868,86875,86876,1,7
86868,86868,86876,8,0
86868,86875,86877,2,7
86868,86875,86876,1,7
86868,86873,86877,4,5
86868,86873,86877,4,5
86868,86875,86877,2,7
86868,86875,86877,2,7
86868,86868,86878,10,0
86875,86875,86878,3,0
86868,86873,86879,6,5
86875,86878,86879,1,3
86868,86868,86879,11,0
86868,86872,86879,7,4
86875,86878,86879,1,3
86868,86868,86880,12,0
86868,86868,86880,12,0
86875,86878,86880,2,3
86875,86878,86880,2,3
86875,86878,86880,2,3
86875,86876,86881,5,1
86875,86876,86881,5,1
86875,86877,86882,5,2
86875,86878,86881,3,3
86875,86880,86881,1,5
86875,86881,86882,1,6
86875,86877,86881,4,2
86875,86880,86881,1,5
86875,86877,86881,4,2
86875,86877,86881,4,2
86875,86880,86881,1,5
86875,86880,86882,2,5
86875,86879,86882,3,4
86875,86880,86882,2,5
86875,86877,86882,5,2
86875,86877,86882,5,2
86875,86881,86882,1,6
86875,86880,86883,3,5
86875,86882,86884,2,7
86875,86883,86885,2,8
86875,86876,86885,9,1
86875,86877,86885,8,2
86875,86882,86885,3,7
86875,86882,86885,3,7
86875,86883,86885,2,8
86875,86883,86885,2,8
86875,86882,86885,3,7
86875,86882,86886,4,7
86875,86882,86886,4,7
86875,86882,86886,4,7
86875,86882,86887,5,7
86875,86885,86887,2,10
86875,86886,86887,1,11
86875,86882,86886,4,7
86875,86885,86886,1,10
86875,86886,86887,1,11
86875,86883,86887,4,8
86875,86884,86887,3,9
86875,86882,86888,6,7
86875,86882,86887,5,7
86875,86886,86887,1,11
86878,86887,86888,1,9
86878,86887,86888,1,9
86875,86882,86887,5,7
86875,86886,86887,1,11
86875,86886,86887,1,11
86868,86868,86887,19,0
86875,86877,86888,11,2
86875,86883,86888,5,8
86878,86887,86888,1,9
86875,86876,86889,13,1
86875,86880,86889,9,5
86868,86868,86889,21,0
86878,86887,86889,2,9
86868,86868,86890,22,0
86868,86868,86890,22,0
86875,86876,86890,14,1
86868,86868,86890,22,0
86868,86868,86890,22,0
86878,86887,86891,4,9
86878,86888,86891,3,10
86878,86887,86891,4,9
86878,86888,86892,4,10
86878,86888,86892,4,10
86878,86888,86892,4,10
86878,86890,86891,1,12
86878,86889,86891,2,11
86878,86888,86891,3,10
86878,86888,86891,3,10
86878,86887,86891,4,9
86878,86887,86892,5,9
86868,86868,86892,24,0
86878,86890,86892,2,12
86878,86888,86892,4,10
86878,86888,86892,4,10
86878,86889,86892,3,11
86875,86886,86893,7,11
86875,86886,86893,7,11
86878,86888,86894,6,10
86878,86889,86893,4,11
86878,86888,86895,7,10
86875,86876,86896,20,1
86878,86888,86897,9,10
86878,86889,86897,8,11
86875,86882,86897,15,7
86875,86876,86901,25,1
86878,86889,86901,12,11
86878,86890,86901,11,12
86875,86878,86903,25,3
86878,86891,86905,14,13
86878,86891,86909,18,13
86878,86891,86917,26,13
86878,86891,86925,34,13
87000,87000,87001,1,0
87000,87000,87001,1,0
87000,87000,87001,1,0
87000,87000,87001,1,0
87000,87000,87001,1,0
87000,87000,87001,1,0
87000,87000,87002,2,0
87000,87000,87002,2,0
87000,87000,87001,1,0
87000,87000,87001,1,0
87000,87000,87001,1,0
87000,87000,87001,1,0
87000,87000,87003,3,0
87000,87000,87003,3,0
87000,87000,87003,3,0
87000,87000,87003,3,0
87000,87000,87003,3,0
87000,87000,87004,4,0
87000,87000,87007,7,0
87000,87000,87007,7,0
87000,87000,87007,7,0
87000,87000,87007,7,0
87000,87000,87008,8,0
87000,87000,87008,8,0
87000,87000,87008,8,0
87000,87000,87009,9,0
87000,87000,87010,10,0
87000,87000,87010,10,0
87000,87000,87011,11,0
87000,87000,87011,11,0
87000,87000,87016,16,0
86875,86886,87036,150,11
86868,86875,87043,168,7
87137,87137,87138,1,0
87137,87137,87138,1,0
87137,87137,87138,1,0
87137,87137,87139,2,0
87137,87137,87139,2,0
87137,87137,87139,2,0
87137,87137,87140,3,0
87137,87137,87140,3,0
87137,87137,87140,3,0
87137,87137,87140,3,0
87137,87137,87140,3,0
87137,87137,87140,3,0
87137,87137,87140,3,0
87137,87137,87140,3,0
87137,87137,87140,3,0
87137,87137,87140,3,0
87137,87137,87140,3,0
87137,87137,87141,4,0
87137,87137,87141,4,0
87137,87137,87141,4,0
87137,87137,87143,6,0
87137,87137,87143,6,0
87137,87137,87143,6,0
87137,87137,87144,7,0
87137,87137,87145,8,0
87137,87137,87147,10,0
87137,87137,87147,10,0
87137,87137,87150,13,0
87137,87137,87152,15,0
87137,87137,87154,17,0
87137,87137,87157,20,0
87008,87008,87173,165,0
87001,87001,87245,244,0
87268,87268,87269,1,0
87268,87268,87269,1,0
87268,87268,87269,1,0
87268,87268,87269,1,0
87268,87268,87269,1,0
87268,87268,87269,1,0
87268,87268,87269,1,0
87268,87268,87269,1,0
87268,87268,87269,1,0
87268,87268,87269,1,0
87268,87268,87269,1,0
87268,87268,87269,1,0
87268,87268,87269,1,0
87268,87268,87269,1,0
87268,87268,87271,3,0
87268,87268,87271,3,0
87268,87268,87270,2,0
87268,87268,87271,3,0
87268,87268,87271,3,0
87268,87268,87270,2,0
87268,87268,87271,3,0
87272,87272,87273,1,0
87272,87272,87273,1,0
87272,87272,87274,2,0
87268,87268,87275,7,0
87272,87272,87275,3,0
87272,87272,87275,3,0
87268,87268,87276,8,0
87268,87268,87276,8,0
87268,87268,87275,7,0
87268,87268,87275,7,0
87268,87268,87276,8,0
87268,87268,87276,8,0
87272,87272,87276,4,0
87272,87272,87276,4,0
87272,87272,87276,4,0
87272,87274,87276,2,2
87272,87272,87276,4,0
87272,87272,87276,4,0
87272,87272,87276,4,0
87272,87274,87276,2,2
87272,87272,87276,4,0
87272,87272,87276,4,0
87272,87272,87276,4,0
87272,87274,87276,2,2
87272,87272,87277,5,0
87272,87275,87277,2,3
87272,87272,87277,5,0
87272,87272,87277,5,0
87272,87272,87277,5,0
87272,87272,87277,5,0
87272,87275,87277,2,3
87272,87272,87278,6,0
87272,87272,87278,6,0
87272,87276,87278,2,4
87273,87276,87279,3,3
87273,87276,87279,3,3
87273,87276,87279,3,3
87273,87276,87279,3,3
87272,87275,87280,5,3
87273,87277,87280,3,4
87273,87276,87280,4,3
87273,87276,87280,4,3
87273,87276,87280,4,3
87273,87276,87280,4,3
87273,87278,87280,2,5
87273,87277,87281,4,4
87273,87277,87281,4,4
87273,87276,87280,4,3
87273,87279,87281,2,6
87273,87276,87281,5,3
87273,87281,87282,1,8
87273,87280,87281,1,7
87273,87280,87281,1,7
87273,87279,87281,2,6
87142,87142,87282,140,0
87273,87277,87282,5,4
87273,87277,87282,5,4
87273,87279,87282,3,6
87273,87281,87282,1,8
87273,87276,87282,6,3
87273,87278,87282,4,5
87273,87279,87282,3,6
87268,87268,87283,15,0
87273,87276,87284,8,3
87268,87268,87285,17,0
87272,87276,87286,10,4
87273,87280,87287,7,7
87273,87276,87290,14,3
87272,87272,87295,23,0
87268,87268,87299,31,0
87272,87276,87300,24,4
87273,87279,87304,25,6
87273,87276,87308,32,3
87145,87145,87311,166,0
87137,87137,87423,286,0
87274,87281,87442,161,7
87273,87281,87458,177,8
87268,87268,87513,245,0
87273,87276,87525,249,3
87773,87773,87774,1,0
87773,87773,87774,1,0
87773,87773,87776,3,0
87773,87773,87776,3,0
87773,87773,87776,3,0
87773,87773,87776,3,0
87773,87773,87776,3,0
87773,87773,87775,2,0
87773,87773,87776,3,0
87773,87773,87775,2,0
87773,87773,87775,2,0
87773,87773,87775,2,0
87773,87773,87776,3,0
87773,87773,87777,4,0
87773,87773,87776,3,0
87773,87773,87777,4,0
87773,87773,87777,4,0
87773,87773,87778,5,0
87773,87775,87779,4,2
87773,87776,87779,3,3
87773,87776,87779,3,3
87773,87777,87779,2,4
87773,87775,87779,4,2
87773,87776,87778,2,3
87773,87777,87779,2,4
87773,87777,87779,2,4
87773,87773,87780,7,0
87773,87776,87780,4,3
87773,87776,87780,4,3
87773,87776,87780,4,3
87773,87776,87779,3,3
87773,87776,87779,3,3
87773,87773,87779,6,0
87773,87778,87781,3,5
87773,87778,87781,3,5
87773,87779,87780,1,6
87773,87779,87780,1,6
87773,87779,87781,2,6
87773,87779,87781,2,6
87773,87779,87780,1,6
87773,87779,87780,1,6
87773,87779,87780,1,6
87773,87773,87781,8,0
87773,87773,87782,9,0
87773,87776,87781,5,3
87773,87779,87781,2,6
87773,87773,87781,8,0
87773,87780,87782,2,7
87773,87773,87783,10,0
87773,87780,87782,2,7
87773,87776,87783,7,3
87773,87773,87784,11,0
87773,87773,87783,10,0
87773,87773,87783,10,0
87773,87773,87784,11,0
87773,87773,87784,11,0
87773,87773,87785,12,0
87773,87773,87786,13,0
87773,87773,87788,15,0
87773,87773,87790,17,0
87773,87773,87799,26,0
87773,87773,87819,46,0
87646,87646,87823,177,0
87773,87780,87938,158,7
88022,88022,88023,1,0
88022,88022,88024,2,0
88022,88022,88023,1,0
88022,88022,88023,1,0
88022,88022,88023,1,0
88022,88022,88023,1,0
88022,88022,88023,1,0
88022,88022,88023,1,0
88022,88022,88024,2,0
88022,88022,88024,2,0
88022,88022,88024,2,0
88022,88022,88024,2,0
88022,88022,88025,3,0
88022,88022,88024,2,0
88022,88022,88024,2,0
88022,88022,88024,2,0
88022,88022,88025,3,0
88022,88022,88026,4,0
88026,88026,88027,1,0
88026,88026,88027,1,0
88026,88026,88027,1,0
88026,88026,88027,1,0
88026,88026,88028,2,0
88022,88022,88027,5,0
88022,88022,88029,7,0
88022,88022,88028,6,0
88022,88022,88028,6,0
88026,88026,88028,2,0
88026,88026,88028,2,0
88026,88027,88028,1,1
88026,88027,88028,1,1
88026,88027,88028,1,1
88026,88026,88028,2,0
88026,88026,88029,3,0
88026,88026,88028,2,0
88026,88027,88028,1,1
88026,88026,88030,4,0
88026,88026,88029,3,0
88026,88026,88030,4,0
88026,88028,88029,1,2
88026,88028,88029,1,2
88026,88026,88030,4,0
88026,88026,88029,3,0
88029,88029,88030,1,0
88026,88026,88030,4,0
88026,88026,88030,4,0
88029,88029,88030,1,0
88026,88026,88029,3,0
88022,88022,88030,8,0
88022,88022,88030,8,0
88022,88022,88030,8,0
88022,88022,88030,8,0
88026,88028,88031,3,2
88029,88029,88030,1,0
88029,88029,88031,2,0
88026,88029,88031,2,3
88029,88030,88032,2,1
88029,88030,88032,2,1
88029,88030,88032,2,1
88029,88030,88032,2,1
88029,88030,88032,2,1
88029,88030,88031,1,1
88029,88030,88032,2,1
88022,88022,88033,11,0
88029,88030,88033,3,1
88029,88029,88033,4,0
88029,88030,88033,3,1
88029,88030,88032,2,1
88029,88031,88033,2,2
88029,88029,88033,4,0
88029,88031,88033,2,2
88022,88022,88033,11,0
88022,88022,88034,12,0
88029,88031,88034,3,2
88029,88029,88034,5,0
88029,88032,88033,1,3
88029,88032,88033,1,3
88029,88032,88033,1,3
88029,88029,88033,4,0
88029,88030,88034,4,1
88029,88031,88034,3,2
88029,88031,88035,4,2
88029,88032,88035,3,3
88026,88029,88036,7,3
88029,88030,88036,6,1
88026,88026,88038,12,0
88026,88026,88040,14,0
88029,88031,88045,14,2
88026,88026,88046,20,0
88022,88022,88049,27,0
88026,88029,88059,30,3
88029,88031,88063,32,2
88022,88022,88073,51,0
88153,88153,88155,2,0
88153,88153,88155,2,0
88153,88153,88155,2,0
88153,88153,88154,1,0
88153,88153,88154,1,0
88153,88153,88154,1,0
88153,88153,88154,1,0
88153,88153,88154,1,0
88153,88153,88154,1,0
88153,88153,88154,1,0
88153,88153,88155,2,0
88153,88153,88154,1,0
88153,88153,88156,3,0
88153,88153,88155,2,0
88153,88153,88155,2,0
88153,88153,88156,3,0
88153,88153,88156,3,0
88153,88153,88156,3,0
88153,88153,88157,4,0
88153,88153,88156,3,0
88153,88153,88161,8,0
88153,88153,88161,8,0
88153,88153,88163,10,0
88153,88153,88163,10,0
88153,88153,88164,11,0
88153,88153,88164,11,0
88153,88153,88165,12,0
88153,88153,88165,12,0
88153,88153,88164,11,0
88153,88153,88174,21,0
88153,88153,88178,25,0
88029,88032,88194,162,3
88030,88032,88205,173,2
88022,88022,88275,253,0
88026,88029,88283,254,3
88285,88285,88287,2,0
88285,88285,88287,2,0
88285,88285,88286,1,0
88285,88285,88287,2,0
88285,88285,88287,2,0
88285,88285,88287,2,0
88285,88285,88287,2,0
88285,88285,88288,3,0
88285,88285,88288,3,0
88285,88285,88287,2,0
88285,88285,88288,3,0
88285,88285,88288,3,0
88285,88285,88288,3,0
88285,88285,88288,3,0
88285,88287,88288,1,2
88285,88285,88289,4,0
88285,88287,88288,1,2
88285,88287,88289,2,2
88285,88287,88289,2,2
88285,88287,88289,2,2
88285,88285,88290,5,0
88285,88288,88290,2,3
88285,88287,88290,3,2
88285,88289,88290,1,4
88285,88289,88290,1,4
88285,88289,88290,1,4
88285,88289,88291,2,4
88285,88289,88290,1,4
88285,88290,88291,1,5
88285,88285,88291,6,0
88285,88290,88291,1,5
88285,88288,88291,3,3
88285,88288,88291,3,3
88285,88289,88291,2,4
88285,88290,88291,1,5
88285,88290,88291,1,5
88285,88291,88292,1,6
88285,88291,88292,1,6
88285,88285,88292,7,0
88285,88289,88292,3,4
88285,88291,88292,1,6
88285,88291,88292,1,6
88285,88291,88292,1,6
88290,88292,88293,1,2
88290,88292,88293,1,2
88290,88292,88293,1,2
88290,88292,88293,1,2
88290,88292,88293,1,2
88290,88292,88293,1,2
88290,88292,88293,1,2
88285,88285,88294,9,0
88285,88285,88294,9,0
88290,88291,88294,3,1
88285,88285,88294,9,0
88290,88293,88294,1,3
88290,88294,88295,1,4
88290,88292,88294,2,2
88290,88293,88294,1,3
88290,88293,88294,1,3
88290,88293,88294,1,3
88290,88294,88295,1,4
88285,88285,88295,10,0
88285,88286,88295,9,1
88290,88293,88295,2,3
88285,88285,88295,10,0
88290,88294,88295,1,4
88290,88294,88295,1,4
88290,88295,88296,1,5
88290,88295,88296,1,5
88290,88294,88295,1,4
88290,88294,88295,1,4
88285,88285,88296,11,0
88285,88285,88296,11,0
88285,88290,88296,6,5
88290,88293,88296,3,3
88290,88294,88296,2,4
88290,88295,88297,2,5
88290,88295,88297,2,5
88290,88293,88300,7,3
88285,88285,88302,17,0
88285,88285,88305,20,0
88290,88294,88309,15,4
88290,88295,88317,22,5
88285,88285,88319,34,0
88285,88285,88321,36,0
88285,88285,88320,35,0
88160,88160,88321,161,0
88285,88285,88332,47,0
88285,88285,88332,47,0
88285,88285,88353,68,0
88419,88419,88420,1,0
88419,88419,88420,1,0
88419,88419,88421,2,0
88419,88419,88421,2,0
88419,88419,88420,1,0
88419,88419,88421,2,0
88419,88419,88421,2,0
88419,88419,88422,3,0
88419,88419,88422,3,0
88419,88419,88422,3,0
88419,88419,88422,3,0
88419,88419,88423,4,0
88419,88419,88423,4,0
88419,88419,88424,5,0
88419,88419,88423,4,0
88419,88419,88426,7,0
88419,88419,88426,7,0
88419,88419,88427,8,0
88419,88419,88428,9,0
88419,88419,88429,10,0
88419,88419,88430,11,0
88419,88419,88431,12,0
88419,88419,88431,12,0
88419,88419,88431,12,0
88419,88419,88433,14,0
88419,88419,88435,16,0
88419,88419,88435,16,0
88419,88419,88435,16,0
88419,88419,88436,17,0
88419,88419,88437,18,0
88419,88419,88448,29,0
88286,88291,88459,168,5
88290,88295,88462,167,5
88292,88295,88481,186,3
88291,88295,88489,194,4
88153,88153,88502,349,0
88543,88543,88545,2,0
88543,88543,88545,2,0
88543,88543,88545,2,0
88543,88543,88545,2,0
88543,88543,88545,2,0
88543,88543,88545,2,0
88543,88543,88545,2,0
88543,88543,88545,2,0
88543,88543,88545,2,0
88543,88543,88545,2,0
88543,88543,88545,2,0
88543,88543,88545,2,0
88543,88543,88546,3,0
88543,88543,88546,3,0
88543,88543,88546,3,0
88543,88543,88545,2,0
88543,88543,88547,4,0
88543,88545,88547,2,2
88543,88545,88547,2,2
88543,88545,88547,2,2
88543,88545,88547,2,2
88543,88545,88547,2,2
88543,88545,88547,2,2
88543,88545,88547,2,2
88543,88545,88547,2,2
88543,88545,88547,2,2
88543,88545,88547,2,2
88543,88543,88548,5,0
88543,88545,88548,3,2
88543,88547,88548,1,4
88543,88545,88548,3,2
88543,88547,88548,1,4
88543,88548,88549,1,5
88543,88548,88549,1,5
88543,88548,88549,1,5
88543,88548,88549,1,5
88543,88543,88549,6,0
88543,88548,88549,1,5
88543,88548,88549,1,5
88543,88548,88549,1,5
88543,88549,88551,2,6
88543,88550,88551,1,7
88543,88549,88551,2,6
88543,88549,88550,1,6
88543,88549,88550,1,6
88543,88550,88551,1,7
88543,88549,88550,1,6
88543,88549,88551,2,6
88543,88549,88551,2,6
88543,88549,88550,1,6
88543,88549,88551,2,6
88543,88549,88550,1,6
88543,88549,88551,2,6
88543,88551,88552,1,8
88543,88549,88551,2,6
88543,88551,88552,1,8
88543,88551,88552,1,8
88543,88551,88552,1,8
88543,88551,88552,1,8
88543,88551,88552,1,8
88543,88550,88551,1,7
88543,88551,88552,1,8
88547,88551,88552,1,4
88543,88543,88552,9,0
88543,88543,88552,9,0
88543,88543,88552,9,0
88543,88543,88552,9,0
88543,88543,88552,9,0
88543,88543,88552,9,0
88543,88549,88552,3,6
88543,88551,88552,1,8
88547,88552,88553,1,5
88547,88552,88553,1,5
88543,88551,88552,1,8
88543,88551,88552,1,8
88543,88543,88554,11,0
88543,88544,88553,9,1
88547,88553,88554,1,6
88547,88553,88554,1,6
88547,88553,88554,1,6
88547,88552,88553,1,5
88547,88552,88554,2,5
88547,88552,88553,1,5
88547,88552,88553,1,5
88547,88552,88554,2,5
88547,88552,88554,2,5
88547,88552,88553,1,5
88547,88553,88554,1,6
88547,88553,88554,1,6
88547,88554,88555,1,7
88547,88554,88555,1,7
88547,88554,88555,1,7
88547,88552,88554,2,5
88547,88553,88554,1,6
88547,88554,88555,1,7
88547,88554,88555,1,7
88543,88544,88555,11,1
88547,88552,88555,3,5
88543,88543,88556,13,0
88543,88543,88556,13,0
88548,88556,88557,1,8
88548,88556,88557,1,8
88548,88556,88557,1,8
88548,88556,88557,1,8
88548,88557,88558,1,9
88548,88557,88559,2,9
88548,88557,88559,2,9
88548,88557,88559,2,9
88548,88557,88558,1,9
88548,88557,88559,2,9
88548,88557,88559,2,9
88548,88557,88558,1,9
88548,88558,88559,1,10
88548,88557,88559,2,9
88548,88557,88558,1,9
88548,88557,88558,1,9
88548,88558,88559,1,10
88547,88552,88559,7,5
88548,88559,88560,1,11
88548,88559,88560,1,11
88548,88557,88559,2,9
88548,88557,88559,2,9
88548,88559,88560,1,11
88548,88559,88560,1,11
88548,88559,88560,1,11
88548,88559,88560,1,11
88547,88552,88560,8,5
88548,88559,88561,2,11
88548,88559,88560,1,11
88548,88559,88560,1,11
88543,88547,88562,15,4
88547,88553,88562,9,6
88547,88554,88562,8,7
88543,88548,88563,15,5
88543,88543,88564,21,0
88543,88550,88565,15,7
88547,88554,88565,11,7
88547,88552,88566,14,5
88548,88557,88566,9,9
88547,88552,88567,15,5
88548,88557,88567,10,9
88543,88543,88576,33,0
88548,88557,88578,21,9
88543,88543,88585,42,0
88543,88543,88585,42,0
88543,88543,88585,42,0
88547,88553,88585,32,6
88543,88543,88596,53,0
88547,88556,88716,160,9
88544,88551,88722,171,7
88804,88804,88805,1,0
88804,88804,88805,1,0
88804,88804,88805,1,0
88804,88804,88805,1,0
88804,88804,88805,1,0
88804,88804,88805,1,0
88804,88804,88805,1,0
88804,88804,88805,1,0
88804,88804,88805,1,0
88804,88804,88805,1,0
88804,88804,88805,1,0
88804,88804,88806,2,0
88804,88804,88806,2,0
88804,88804,88806,2,0
88804,88804,88806,2,0
88804,88804,88807,3,0
88804,88804,88807,3,0
88804,88804,88808,4,0
88807,88808,88809,1,1
88804,88804,88808,4,0
88804,88804,88809,5,0
88804,88804,88809,5,0
88807,88808,88809,1,1
88807,88808,88809,1,1
88807,88808,88809,1,1
88807,88809,88810,1,2
88807,88808,88809,1,1
88807,88809,88810,1,2
88807,88808,88809,1,1
88807,88808,88809,1,1
88807,88809,88810,1,2
88804,88804,88810,6,0
88807,88808,88810,2,1
88807,88808,88810,2,1
88807,88810,88811,1,3
88807,88810,88811,1,3
88807,88808,88810,2,1
88807,88808,88810,2,1
88807,88809,88810,1,2
88807,88810,88811,1,3
88807,88810,88811,1,3
88807,88808,88811,3,1
88807,88810,88811,1,3
88807,88808,88811,3,1
88807,88808,88812,4,1
88807,88808,88812,4,1
88804,88804,88814,10,0
88804,88804,88814,10,0
88804,88804,88814,10,0
88807,88808,88816,8,1
88804,88804,88820,16,0
88807,88808,88821,13,1
88804,88804,88821,17,0
88804,88804,88823,19,0
88807,88808,88823,15,1
88807,88809,88823,14,2
88804,88804,88824,20,0
88804,88804,88828,24,0
88804,88804,88829,25,0
88807,88808,88829,21,1
88807,88809,88841,32,2
88808,88810,88960,150,2
88677,88677,88969,292,0
88804,88804,89027,223,0
89057,89057,89058,1,0
89057,89057,89058,1,0
89057,89057,89058,1,0
89057,89057,89060,3,0
89057,89057,89059,2,0
89057,89057,89059,2,0
89057,89057,89060,3,0
89057,89057,89061,4,0
89057,89057,89061,4,0
89057,89057,89060,3,0
89057,89057,89062,5,0
89057,89058,89062,4,1
89057,89057,89063,6,0
89057,89057,89063,6,0
89057,89057,89064,7,0
89057,89057,89064,7,0
89057,89057,89064,7,0
89057,89057,89063,6,0
89057,89057,89064,7,0
89057,89057,89064,7,0
89057,89057,89064,7,0
89057,89057,89064,7,0
89057,89057,89066,9,0
89057,89057,89065,8,0
89057,89057,89066,9,0
89057,89057,89067,10,0
89057,89057,89068,11,0
89057,89057,89068,11,0
89057,89057,89070,13,0
89057,89057,89075,18,0
89057,89057,89091,34,0
89057,89057,89110,53,0
89057,89061,89241,180,4
89304,89304,89305,1,0
89304,89304,89305,1,0
89304,89304,89305,1,0
89304,89304,89305,1,0
89304,89304,89305,1,0
89304,89304,89305,1,0
89304,89304,89305,1,0
89304,89304,89305,1,0
89304,89304,89305,1,0
89304,89304,89305,1,0
89304,89304,89305,1,0
89304,89304,89305,1,0
89304,89304,89306,2,0
89304,89304,89306,2,0
89304,89304,89308,4,0
89304,89304,89307,3,0
89304,89304,89308,4,0
89304,89307,89310,3,3
89304,89306,89310,4,2
89304,89307,89309,2,3
89304,89304,89311,7,0
89304,89304,89310,6,0
89304,89306,89310,4,2
89304,89308,89310,2,4
89304,89306,89310,4,2
89304,89306,89310,4,2
89304,89308,89310,2,4
89304,89304,89311,7,0
89304,89306,89311,5,2
89304,89310,89312,2,6
89304,89310,89311,1,6
89304,89311,89312,1,7
89304,89306,89311,5,2
89304,89310,89311,1,6
89304,89306,89312,6,2
89304,89311,89312,1,7
89304,89311,89312,1,7
89304,89306,89313,7,2
89304,89311,89312,1,7
89304,89306,89312,6,2
89304,89304,89313,9,0
89304,89304,89313,9,0
89304,89304,89313,9,0
89304,89306,89313,7,2
89304,89306,89314,8,2
89310,89312,89313,1,2
89304,89306,89314,8,2
89310,89312,89313,1,2
89304,89304,89316,12,0
89304,89304,89315,11,0
89304,89304,89316,12,0
89310,89312,89315,3,2
89304,89304,89317,13,0
89304,89304,89316,12,0
89304,89304,89316,12,0
89310,89314,89317,3,4
89310,89312,89316,4,2
89310,89314,89317,3,4
89310,89314,89316,2,4
89310,89314,89317,3,4
89310,89314,89318,4,4
89310,89316,89317,1,6
89310,89317,89318,1,7
89310,89317,89318,1,7
89310,89312,89319,7,2
89310,89312,89319,7,2
89310,89317,89318,1,7
89310,89313,89320,7,3
89310,89313,89320,7,3
89304,89304,89321,17,0
89304,89304,89321,17,0
89310,89313,89320,7,3
89310,89313,89320,7,3
89310,89313,89320,7,3
89310,89313,89320,7,3
89304,89304,89321,17,0
89310,89316,89323,7,6
89304,89304,89323,19,0
89304,89304,89324,20,0
89310,89317,89325,8,7
89304,89311,89325,14,7
89310,89317,89326,9,7
89304,89304,89326,22,0
89304,89308,89326,18,4
89310,89312,89328,16,2
89310,89316,89328,12,6
89310,89314,89329,15,4
89310,89314,89329,15,4
89304,89304,89329,25,0
89304,89311,89331,20,7
89310,89316,89331,15,6
89310,89314,89332,18,4
89310,89317,89347,30,7
89304,89311,89451,140,7
89311,89318,89473,155,7
89312,89318,89489,171,6
89310,89317,89490,173,7
89566,89566,89567,1,0
89566,89566,89567,1,0
89566,89566,89567,1,0
89566,89566,89569,3,0
89566,89566,89569,3,0
89566,89566,89570,4,0
89566,89566,89569,3,0
89566,89566,89571,5,0
89566,89566,89570,4,0
89566,89566,89571,5,0
89566,89566,89571,5,0
89566,89566,89571,5,0
89566,89566,89573,7,0
89566,89566,89572,6,0
89566,89566,89573,7,0
89566,89566,89573,7,0
89566,89566,89574,8,0
89566,89566,89574,8,0
89566,89566,89574,8,0
89566,89566,89574,8,0
89566,89566,89574,8,0
89566,89568,89575,7,2
89566,89568,89575,7,2
89566,89573,89575,2,7
89566,89566,89574,8,0
89566,89574,89576,2,8
89566,89570,89576,6,4
89566,89574,89576,2,8
89566,89568,89575,7,2
89566,89572,89576,4,6
89566,89573,89577,4,7
89566,89575,89577,2,9
89566,89575,89577,2,9
89566,89569,89577,8,3
89566,89571,89577,6,5
89566,89570,89577,7,4
89566,89575,89576,1,9
89566,89566,89578,12,0
89566,89574,89577,3,8
89566,89570,89578,8,4
89566,89571,89578,7,5
89566,89576,89578,2,10
89566,89566,89578,12,0
89566,89576,89577,1,10
89566,89566,89579,13,0
89566,89578,89579,1,12
89566,89566,89580,14,0
89566,89566,89581,15,0
89566,89574,89580,6,8
89566,89574,89581,7,8
89566,89566,89581,15,0
89566,89573,89581,8,7
89566,89575,89582,7,9
89566,89571,89583,12,5
89566,89566,89584,18,0
89566,89573,89588,15,7
89566,89566,89589,23,0
89566,89566,89591,25,0
89566,89566,89596,30,0
89566,89566,89596,30,0
89437,89437,89597,160,0
89566,89566,89598,32,0
89566,89571,89604,33,5
89566,89566,89605,39,0
89691,89692,89693,1,1
89691,89692,89693,1,1
89691,89692,89693,1,1
89691,89692,89694,2,1
89691,89692,89694,2,1
89691,89692,89695,3,1
89691,89692,89695,3,1
89691,89692,89696,4,1
89692,89692,89695,3,0
89691,89692,89696,4,1
89691,89692,89696,4,1
89691,89692,89697,5,1
89691,89692,89698,6,1
89691,89692,89698,6,1
89691,89692,89698,6,1
89691,89692,89698,6,1
89692,89693,89698,5,1
89691,89692,89698,6,1
89691,89692,89699,7,1
89691,89692,89699,7,1
89691,89692,89699,7,1
89692,89692,89699,7,0
89691,89692,89700,8,1
89692,89697,89701,4,5
89692,89699,89700,1,7
89692,89699,89701,2,7
89691,89692,89700,8,1
89692,89694,89701,7,2
89692,89699,89701,2,7
89692,89700,89701,1,8
89692,89696,89702,6,4
89692,89700,89701,1,8
89692,89694,89701,7,2
89692,89698,89701,3,6
89692,89697,89701,4,5
89692,89699,89701,2,7
89692,89700,89701,1,8
89692,89692,89702,10,0
89691,89692,89702,10,1
89692,89696,89702,6,4
89692,89698,89702,4,6
89692,89701,89702,1,9
89692,89701,89702,1,9
89692,89701,89702,1,9
89691,89692,89703,11,1
89692,89696,89703,7,4
89696,89702,89703,1,6
89696,89702,89703,1,6
89692,89695,89703,8,3
89696,89702,89703,1,6
89691,89692,89704,12,1
89691,89692,89705,13,1
89691,89692,89704,12,1
89692,89701,89704,3,9
89692,89696,89704,8,4
89696,89702,89704,2,6
89691,89692,89704,12,1
89692,89699,89705,6,7
89692,89695,89705,10,3
89696,89704,89706,2,8
89696,89705,89706,1,9
89696,89703,89707,4,7
89696,89704,89707,3,8
89696,89704,89706,2,8
89696,89704,89706,2,8
89696,89705,89708,3,9
89696,89703,89707,4,7
89691,89692,89709,17,1
89696,89704,89709,5,8
89696,89706,89708,2,10
89696,89702,89709,7,6
89696,89703,89708,5,7
89696,89702,89709,7,6
89696,89703,89709,6,7
89696,89703,89709,6,7
89696,89702,89709,7,6
89696,89702,89709,7,6
89696,89702,89709,7,6
89696,89705,89710,5,9
89696,89703,89711,8,7
89696,89705,89713,8,9
89696,89705,89712,7,9
89692,89700,89714,14,8
89696,89706,89714,8,10
89691,89692,89716,24,1
89696,89705,89718,13,9
89692,89701,89720,19,9
89691,89692,89720,28,1
89691,89692,89723,31,1
89692,89692,89725,33,0
89696,89705,89732,27,9
89696,89703,89736,33,7
89696,89704,89758,54,8
89566,89579,89832,253,13
89692,89702,89838,136,10
89697,89706,89867,161,9
89696,89706,89869,163,10
89947,89947,89948,1,0
89947,89947,89948,1,0
89947,89947,89948,1,0
89947,89947,89950,3,0
89947,89947,89950,3,0
89947,89947,89950,3,0
89947,89947,89951,4,0
89947,89947,89950,3,0
89947,89947,89950,3,0
89947,89947,89952,5,0
89947,89947,89952,5,0
89947,89947,89953,6,0
89947,89947,89952,5,0
89947,89947,89953,6,0
89947,89947,89954,7,0
89947,89947,89955,8,0
89947,89949,89955,6,2
89947,89947,89954,7,0
89947,89947,89955,8,0
89947,89947,89955,8,0
89947,89949,89956,7,2
89947,89952,89956,4,5
89947,89947,89955,8,0
89947,89953,89956,3,6
89947,89951,89957,6,4
89947,89953,89957,4,6
89947,89955,89957,2,8
89947,89950,89956,6,3
89947,89955,89957,2,8
89947,89955,89957,2,8
89947,89949,89956,7,2
89947,89951,89957,6,4
89947,89947,89958,11,0
89947,89952,89957,5,5
89947,89947,89958,11,0
89947,89950,89957,7,3
89947,89955,89957,2,8
89947,89956,89957,1,9
89947,89956,89957,1,9
89952,89957,89958,1,5
89947,89956,89957,1,9
89947,89956,89957,1,9
89947,89956,89957,1,9
89947,89955,89958,3,8
89947,89947,89959,12,0
89947,89947,89958,11,0
89947,89957,89959,2,10
89952,89957,89958,1,5
89952,89957,89958,1,5
89947,89951,89958,7,4
89947,89957,89958,1,10
89947,89947,89959,12,0
89952,89957,89960,3,5
89947,89947,89960,13,0
89947,89947,89959,12,0
89947,89947,89959,12,0
89947,89953,89960,7,6
89952,89959,89961,2,7
89952,89959,89961,2,7
89952,89959,89961,2,7
89952,89959,89961,2,7
89947,89947,89961,14,0
89947,89947,89961,14,0
89952,89959,89961,2,7
89952,89957,89961,4,5
89952,89958,89962,4,6
89952,89960,89962,2,8
89952,89961,89962,1,9
89947,89947,89962,15,0
89952,89961,89962,1,9
89952,89958,89962,4,6
89952,89958,89963,5,6
89952,89961,89963,2,9
89947,89947,89963,16,0
89952,89958,89963,5,6
89947,89951,89964,13,4
89952,89959,89965,6,7
89947,89947,89965,18,0
89952,89958,89965,7,6
89952,89961,89965,4,9
89952,89959,89966,7,7
89952,89958,89965,7,6
89952,89958,89966,8,6
89952,89958,89966,8,6
89947,89947,89966,19,0
89952,89960,89967,7,8
89947,89947,89968,21,0
89952,89958,89968,10,6
89952,89965,89967,2,13
89952,89966,89968,2,14
89952,89966,89968,2,14
89952,89964,89968,4,12
89952,89966,89968,2,14
89952,89963,89968,5,11
89952,89959,89969,10,7
89952,89962,89969,7,10
89952,89962,89969,7,10
89952,89968,89969,1,16
89952,89968,89970,2,16
89952,89962,89969,7,10
89952,89962,89970,8,10
89952,89963,89970,7,11
89952,89968,89970,2,16
89952,89963,89970,7,11
89952,89962,89970,8,10
89952,89965,89971,6,13
89952,89966,89971,5,14
89952,89963,89971,8,11
89952,89965,89971,6,13
89952,89958,89972,14,6
89952,89958,89974,16,6
89952,89960,89974,14,8
89952,89967,89979,12,15
89952,89959,89979,20,7
89947,89947,89981,34,0
89952,89967,89982,15,15
89952,89965,89989,24,13
89952,89962,89995,33,10
89952,89961,89998,37,9
89952,89960,89999,39,8
89952,89966,90005,39,14
89952,89962,90007,45,10
89952,89968,90013,45,16
89952,89964,90015,51,12
90076,90077,90078,1,1
90076,90077,90078,1,1
90076,90077,90078,1,1
90076,90077,90078,1,1
90076,90077,90078,1,1
90076,90077,90078,1,1
90076,90077,90078,1,1
90076,90077,90078,1,1
90076,90077,90078,1,1
90076,90077,90079,2,1
90076,90077,90079,2,1
90076,90077,90080,3,1
90076,90077,90080,3,1
90076,90077,90081,4,1
90076,90077,90081,4,1
90076,90077,90084,7,1
90076,90077,90084,7,1
90076,90077,90089,12,1
90076,90077,90090,13,1
90076,90077,90090,13,1
90076,90077,90091,14,1
90076,90077,90090,13,1
90076,90077,90092,15,1
90076,90077,90093,16,1
90076,90077,90095,18,1
90076,90077,90096,19,1
90076,90077,90095,18,1
90076,90077,90100,23,1
90076,90077,90101,24,1
90076,90077,90101,24,1
89952,89961,90104,143,9
89947,89957,90110,153,10
89953,89968,90145,177,15
89954,89968,90180,212,14
90207,90207,90209,2,0
90207,90207,90208,1,0
90207,90207,90208,1,0
90207,90207,90210,3,0
90207,90207,90211,4,0
90207,90207,90210,3,0
90207,90207,90211,4,0
90207,90207,90210,3,0
90207,90207,90211,4,0
90207,90207,90211,4,0
90207,90207,90211,4,0
90207,90207,90211,4,0
90207,90207,90213,6,0
90207,90207,90213,6,0
90207,90207,90213,6,0
90207,90207,90213,6,0
90207,90207,90214,7,0
90207,90207,90213,6,0
90207,90209,90214,5,2
90207,90207,90214,7,0
90207,90207,90215,8,0
90207,90207,90215,8,0
90207,90207,90215,8,0
90207,90207,90214,7,0
90207,90207,90214,7,0
90207,90209,90215,6,2
90207,90207,90215,8,0
90207,90209,90215,6,2
90207,90214,90216,2,7
90207,90211,90216,5,4
90207,90214,90216,2,7
90207,90215,90216,1,8
90207,90213,90216,3,6
90207,90214,90216,2,7
90207,90213,90216,3,6
90207,90215,90217,2,8
90207,90215,90217,2,8
90207,90215,90217,2,8
90207,90215,90217,2,8
90207,90211,90217,6,4
90207,90215,90217,2,8
90207,90215,90217,2,8
90207,90211,90217,6,4
90212,90216,90217,1,4
90212,90216,90218,2,4
90212,90216,90218,2,4
90207,90213,90219,6,6
90207,90211,90219,8,4
90212,90216,90219,3,4
90207,90207,90219,12,0
90207,90207,90220,13,0
90207,90211,90220,9,4
90207,90207,90220,13,0
90207,90207,90220,13,0
90207,90211,90221,10,4
90207,90211,90220,9,4
90212,90219,90221,2,7
90207,90214,90221,7,7
90212,90216,90221,5,4
90207,90207,90222,15,0
90207,90211,90222,11,4
90212,90219,90222,3,7
90207,90210,90222,12,3
90212,90216,90222,6,4
90212,90218,90222,4,6
90212,90219,90222,3,7
90207,90213,90222,9,6
90212,90218,90223,5,6
90212,90217,90223,6,5
90212,90222,90223,1,10
90212,90217,90223,6,5
90212,90222,90223,1,10
90207,90207,90224,17,0
90212,90219,90223,4,7
90212,90221,90224,3,9
90212,90217,90224,7,5
90212,90220,90224,4,8
90212,90217,90224,7,5
90212,90217,90224,7,5
90212,90221,90225,4,9
90212,90217,90225,8,5
90212,90217,90225,8,5
90212,90218,90225,7,6
90212,90217,90226,9,5
90207,90207,90226,19,0
90212,90222,90227,5,10
90207,90207,90228,21,0
90207,90207,90230,23,0
90212,90221,90232,11,9
90212,90220,90233,13,8
90212,90221,90237,16,9
90207,90207,90237,30,0
90212,90220,90238,18,8
90207,90215,90358,143,8
90077,90077,90363,286,0
90217,90222,90390,168,5
90465,90465,90467,2,0
90465,90465,90466,1,0
90465,90465,90467,2,0
90465,90465,90468,3,0
90465,90465,90468,3,0
90465,90465,90469,4,0
90465,90465,90469,4,0
90465,90465,90469,4,0
90465,90465,90469,4,0
90465,90465,90468,3,0
90465,90465,90469,4,0
90465,90465,90470,5,0
90465,90465,90470,5,0
90465,90465,90470,5,0
90465,90465,90470,5,0
90465,90465,90471,6,0
90465,90465,90471,6,0
90465,90465,90471,6,0
90465,90465,90471,6,0
90465,90465,90470,5,0
90465,90465,90470,5,0
90465,90465,90471,6,0
90465,90465,90470,5,0
90465,90465,90472,7,0
90465,90465,90472,7,0
90465,90465,90472,7,0
90218,90222,90473,251,4
90465,90465,90478,13,0
90465,90465,90485,20,0
90465,90465,90486,21,0
90212,90222,90489,267,10
90216,90222,90491,269,6
90465,90465,90494,29,0
90465,90465,90498,33,0
90592,90593,90594,1,1
90592,90593,90594,1,1
90592,90593,90594,1,1
90592,90593,90596,3,1
90592,90593,90596,3,1
90592,90593,90596,3,1
90592,90593,90596,3,1
90592,90593,90597,4,1
90592,90593,90597,4,1
90593,90593,90597,4,0
90592,90593,90598,5,1
90592,90593,90598,5,1
90592,90593,90598,5,1
90592,90593,90599,6,1
90592,90593,90599,6,1
90592,90593,90600,7,1
90592,90593,90599,6,1
90592,90593,90600,7,1
90592,90593,90600,7,1
90593,90595,90600,5,2
90592,90593,90600,7,1
90592,90593,90601,8,1
90592,90593,90601,8,1
90593,90595,90601,6,2
90593,90597,90601,4,4
90592,90593,90602,9,1
90592,90593,90602,9,1
90593,90593,90602,9,0
90593,90600,90602,2,7
90593,90601,90603,2,8
90593,90601,90602,1,8
90593,90601,90602,1,8
90593,90598,90603,5,5
90593,90599,90602,3,6
90593,90601,90602,1,8
90593,90595,90602,7,2
90593,90600,90602,2,7
90593,90601,90602,1,8
90592,90593,90604,11,1
90593,90593,90603,10,0
90592,90593,90603,10,1
90593,90597,90604,7,4
90593,90599,90603,4,6
90593,90599,90603,4,6
90593,90602,90603,1,9
90593,90602,90603,1,9
90592,90593,90605,12,1
90593,90600,90605,5,7
90593,90597,90604,7,4
90593,90603,90604,1,10
90593,90603,90604,1,10
90593,90597,90605,8,4
90592,90593,90605,12,1
90593,90600,90605,5,7
90593,90602,90605,3,9
90593,90603,90606,3,10
90593,90598,90607,9,5
90593,90605,90607,2,12
90593,90605,90607,2,12
90593,90605,90607,2,12
90593,90604,90607,3,11
90593,90604,90607,3,11
90593,90604,90607,3,11
90593,90603,90608,5,10
90593,90604,90607,3,11
90593,90606,90607,1,13
90593,90607,90608,1,14
90593,90603,90608,5,10
90593,90603,90609,6,10
90598,90607,90608,1,9
90593,90603,90609,6,10
90593,90603,90608,5,10
90593,90604,90609,5,11
90598,90607,90608,1,9
90598,90607,90608,1,9
90593,90598,90609,11,5
90593,90606,90610,4,13
90593,90603,90609,6,10
90593,90603,90610,7,10
90593,90603,90610,7,10
90598,90607,90610,3,9
90593,90607,90611,4,14
90592,90593,90612,19,1
90598,90610,90612,2,12
90598,90610,90612,2,12
90592,90593,90613,20,1
90593,90606,90612,6,13
90593,90606,90612,6,13
90598,90610,90613,3,12
90598,90610,90612,2,12
90593,90603,90613,10,10
90593,90605,90614,9,12
90598,90609,90614,5,11
90598,90609,90613,4,11
90598,90609,90614,5,11
90598,90612,90614,2,14
90598,90609,90614,5,11
90598,90612,90614,2,14
90593,90603,90614,11,10
90598,90608,90615,7,10
90598,90609,90614,5,11
90598,90613,90615,2,15
90598,90613,90614,1,15
90598,90610,90615,5,12
90598,90611,90615,4,13
90598,90608,90615,7,10
90598,90608,90616,8,10
90598,90608,90615,7,10
90602,90614,90616,2,12
90602,90614,90616,2,12
90598,90609,90615,6,11
90598,90609,90616,7,11
90602,90614,90617,3,12
90593,90604,90617,13,11
90598,90610,90617,7,12
90602,90616,90619,3,14
90602,90616,90618,2,14
90602,90617,90619,2,15
90602,90617,90619,2,15
90602,90616,90619,3,14
90602,90616,90620,4,14
90602,90616,90619,3,14
90602,90614,90620,6,12
90602,90615,90620,5,13
90602,90614,90619,5,12
90602,90615,90620,5,13
90602,90615,90621,6,13
90602,90619,90621,2,17
90602,90619,90621,2,17
90602,90614,90620,6,12
90602,90619,90621,2,17
90602,90619,90621,2,17
90602,90619,90621,2,17
90602,90616,90621,5,14
90602,90616,90622,6,14
90602,90618,90621,3,16
90602,90620,90621,1,18
90602,90620,90621,1,18
90602,90616,90622,6,14
90598,90613,90622,9,15
90602,90615,90623,8,13
90598,90612,90623,11,14
90593,90593,90625,32,0
90593,90606,90628,22,13
90598,90613,90628,15,15
90602,90618,90631,13,16
90592,90593,90633,40,1
90593,90605,90634,29,12
90602,90614,90634,20,12
90592,90593,90634,41,1
90598,90613,90634,21,15
90593,90604,90636,32,11
90593,90604,90645,41,11
90598,90609,90647,38,11
90602,90615,90652,37,13
90465,90465,90711,246,0
90593,90607,90747,140,14
90854,90854,90855,1,0
90854,90854,90855,1,0
90854,90854,90856,2,0
90854,90854,90857,3,0
90854,90854,90857,3,0
90854,90854,90857,3,0
90854,90854,90858,4,0
90854,90854,90858,4,0
90854,90854,90857,3,0
90854,90854,90857,3,0
90854,90854,90859,5,0
90854,90854,90859,5,0
90854,90854,90860,6,0
90854,90854,90859,5,0
90854,90854,90860,6,0
90854,90854,90860,6,0
90854,90854,90860,6,0
90854,90854,90859,5,0
90854,90854,90861,7,0
90854,90854,90861,7,0
90854,90854,90861,7,0
90854,90857,90863,6,3
90854,90854,90863,9,0
90854,90854,90865,11,0
90854,90854,90865,11,0
90854,90854,90865,11,0
90854,90856,90866,10,2
90854,90854,90867,13,0
90854,90854,90876,22,0
90854,90854,90876,22,0
90854,90854,90878,24,0
90854,90854,90879,25,0
90854,90854,90892,38,0
90598,90614,90918,304,16
90983,90983,90984,1,0
90983,90983,90984,1,0
90983,90983,90984,1,0
90983,90983,90986,3,0
90983,90983,90987,4,0
90983,90983,90986,3,0
90983,90983,90988,5,0
90983,90983,90987,4,0
90983,90983,90988,5,0
90983,90983,90988,5,0
90983,90983,90987,4,0
90983,90983,90989,6,0
90983,90983,90988,5,0
90983,90983,90988,5,0
90983,90983,90989,6,0
90983,90983,90988,5,0
90983,90983,90989,6,0
90983,90983,90989,6,0
90983,90983,90990,7,0
90983,90983,90991,8,0
90983,90983,90990,7,0
90983,90983,90991,8,0
90983,90983,90991,8,0
90983,90983,90996,13,0
90983,90983,90999,16,0
90983,90983,91000,17,0
90983,90983,91001,18,0
90983,90983,91004,21,0
90983,90983,91009,26,0
90983,90983,91015,32,0
90983,90983,91023,40,0
90979,90979,91143,164,0
90854,90858,91212,354,4
91236,91236,91238,2,0
91236,91236,91238,2,0
91236,91236,91237,1,0
91236,91236,91237,1,0
91236,91236,91237,1,0
91236,91236,91237,1,0
91236,91236,91237,1,0
91236,91236,91238,2,0
91236,91236,91237,1,0
91236,91236,91237,1,0
91236,91236,91237,1,0
91236,91236,91237,1,0
91236,91236,91239,3,0
91236,91236,91239,3,0
91236,91236,91239,3,0
91236,91236,91241,5,0
91236,91236,91240,4,0
91236,91236,91241,5,0
91236,91236,91243,7,0
91236,91236,91245,9,0
91236,91236,91245,9,0
91236,91236,91245,9,0
91236,91236,91245,9,0
91236,91236,91245,9,0
91236,91236,91246,10,0
91236,91236,91246,10,0
91236,91236,91248,12,0
91236,91236,91249,13,0
91236,91236,91249,13,0
91236,91236,91249,13,0
91236,91236,91249,13,0
91111,91111,91261,150,0
91113,91113,91271,158,0
90983,90983,91333,350,0
91358,91358,91359,1,0
91358,91358,91360,2,0
91358,91358,91360,2,0
91358,91358,91361,3,0
91358,91358,91360,2,0
91358,91358,91361,3,0
91358,91358,91362,4,0
91358,91358,91362,4,0
91358,91358,91362,4,0
91358,91358,91362,4,0
91358,91358,91363,5,0
91358,91358,91362,4,0
91358,91358,91363,5,0
91358,91358,91363,5,0
91362,91362,91363,1,0
91358,91358,91363,5,0
91358,91358,91364,6,0
91362,91362,91363,1,0
91358,91358,91364,6,0
91362,91362,91363,1,0
91358,91358,91364,6,0
91358,91358,91364,6,0
91358,91358,91364,6,0
91362,91362,91365,3,0
91362,91364,91365,1,2
91362,91364,91365,1,2
91362,91364,91365,1,2
91358,91358,91365,7,0
91362,91362,91367,5,0
91362,91364,91367,3,2
91362,91364,91366,2,2
91362,91364,91367,3,2
91362,91364,91366,2,2
91362,91365,91366,1,3
91362,91364,91368,4,2
91362,91364,91367,3,2
91362,91363,91368,5,1
91362,91363,91367,4,1
91362,91366,91367,1,4
91362,91366,91368,2,4
91362,91366,91367,1,4
91362,91366,91367,1,4
91358,91358,91368,10,0
91358,91358,91367,9,0
91362,91367,91368,1,5
91362,91367,91369,2,5
91362,91362,91369,7,0
91362,91362,91369,7,0
91358,91358,91369,11,0
91358,91358,91369,11,0
91362,91367,91369,2,5
91358,91358,91370,12,0
91362,91369,91372,3,7
91362,91370,91371,1,8
91362,91367,91371,4,5
91362,91369,91372,3,7
91362,91367,91372,5,5
91362,91367,91372,5,5
91362,91369,91372,3,7
91358,91358,91372,14,0
91362,91365,91372,7,3
91358,91358,91373,15,0
91358,91358,91372,14,0
91362,91362,91373,11,0
91362,91369,91372,3,7
91362,91368,91373,5,6
91362,91362,91374,12,0
91362,91362,91374,12,0
91362,91368,91374,6,6
91362,91368,91374,6,6
91362,91372,91373,1,10
91362,91368,91374,6,6
91362,91368,91373,5,6
91362,91372,91373,1,10
91362,91368,91374,6,6
91362,91368,91373,5,6
91362,91372,91374,2,10
91362,91372,91374,2,10
91362,91372,91374,2,10
91362,91372,91373,1,10
91362,91370,91374,4,8
91362,91371,91374,3,9
91362,91365,91374,9,3
91362,91362,91374,12,0
91362,91368,91375,7,6
91362,91369,91377,8,7
91362,91368,91378,10,6
91362,91362,91378,16,0
91362,91363,91377,14,1
91362,91362,91378,16,0
91358,91358,91380,22,0
91358,91358,91382,24,0
91362,91368,91395,27,6
91362,91372,91552,180,10
91617,91617,91619,2,0
91617,91617,91618,1,0
91617,91617,91618,1,0
91617,91617,91619,2,0
91617,91617,91619,2,0
91617,91617,91619,2,0
91617,91617,91618,1,0
91617,91617,91618,1,0
91617,91617,91619,2,0
91617,91617,91618,1,0
91617,91617,91619,2,0
91617,91617,91619,2,0
91617,91617,91619,2,0
91617,91617,91620,3,0
91617,91618,91620,2,1
91617,91618,91620,2,1
91617,91618,91620,2,1
91617,91617,91623,6,0
91617,91617,91623,6,0
91617,91617,91623,6,0
91617,91617,91625,8,0
91617,91617,91626,9,0
91617,91617,91627,10,0
91617,91617,91627,10,0
91358,91359,91627,268,1
91617,91617,91628,11,0
91617,91617,91632,15,0
91617,91617,91635,18,0
91617,91617,91635,18,0
91617,91617,91634,17,0
91617,91617,91636,19,0
91485,91485,91638,153,0
91617,91617,91638,21,0
91491,91491,91647,156,0
91741,91741,91742,1,0
91741,91741,91742,1,0
91741,91741,91743,2,0
91741,91741,91742,1,0
91741,91741,91743,2,0
91741,91741,91744,3,0
91741,91741,91743,2,0
91741,91741,91745,4,0
91741,91741,91744,3,0
91741,91741,91745,4,0
91741,91741,91746,5,0
91741,91741,91745,4,0
91741,91741,91746,5,0
91741,91741,91746,5,0
91741,91741,91746,5,0
91741,91741,91747,6,0
91741,91741,91746,5,0
91741,91741,91747,6,0
91741,91741,91746,5,0
91741,91741,91746,5,0
91741,91741,91748,7,0
91741,91741,91750,9,0
91741,91741,91751,10,0
91741,91741,91752,11,0
91741,91741,91751,10,0
91741,91741,91754,13,0
91741,91741,91759,18,0
91741,91741,91760,19,0
91741,91741,91759,18,0
91741,91741,91772,31,0
91741,91741,91782,41,0
91991,91991,91992,1,0
91991,91991,91992,1,0
91991,91991,91992,1,0
91991,91991,91994,3,0
91991,91991,91994,3,0
91991,91991,91995,4,0
91991,91991,91994,3,0
91991,91991,91995,4,0
91991,91991,91996,5,0
91991,91991,91996,5,0
91991,91991,91995,4,0
91991,91991,91996,5,0
91991,91991,91997,6,0
91995,91996,91997,1,1
91991,91991,91997,6,0
91995,91996,91997,1,1
91991,91991,91997,6,0
91995,91996,91997,1,1
91995,91996,91997,1,1
91991,91991,91998,7,0
91995,91996,91997,1,1
91991,91991,91998,7,0
91991,91991,91998,7,0
91991,91991,91999,8,0
91991,91991,92000,9,0
91991,91991,92000,9,0
91991,91991,92001,10,0
91991,91991,92001,10,0
91991,91991,92003,12,0
91991,91991,92004,13,0
91991,91991,92005,14,0
91991,91991,92007,16,0
91991,91991,92010,19,0
91991,91991,92015,24,0
91991,91991,92023,32,0
91863,91863,92023,160,0
91991,91991,92044,53,0
91997,91998,92136,138,1
91998,91998,92159,161,0
91997,91998,92162,164,1
91991,91992,92266,274,1
92369,92369,92371,2,0
92369,92369,92371,2,0
92369,92369,92370,1,0
92369,92369,92370,1,0
92369,92369,92372,3,0
92369,92370,92372,2,1
92369,92369,92372,3,0
92369,92369,92372,3,0
92369,92369,92372,3,0
92369,92369,92373,4,0
92369,92369,92373,4,0
92369,92369,92373,4,0
92369,92369,92373,4,0
92369,92369,92373,4,0
92369,92370,92374,4,1
92369,92369,92373,4,0
92369,92369,92374,5,0
92369,92369,92374,5,0
92369,92369,92374,5,0
92369,92370,92377,7,1
92369,92369,92379,10,0
92369,92369,92380,11,0
92369,92369,92381,12,0
92369,92369,92382,13,0
92369,92369,92383,14,0
92369,92369,92384,15,0
92369,92369,92384,15,0
92369,92369,92389,20,0
92369,92369,92393,24,0
92369,92369,92395,26,0
92369,92369,92412,43,0
92492,92492,92493,1,0
92492,92492,92493,1,0
92492,92492,92494,2,0
92492,92492,92493,1,0
92492,92492,92494,2,0
92492,92492,92494,2,0
92494,92494,92495,1,0
92492,92492,92494,2,0
92492,92492,92494,2,0
92492,92492,92494,2,0
92492,92492,92495,3,0
92494,92494,92495,1,0
92492,92492,92496,4,0
92494,92494,92495,1,0
92492,92492,92496,4,0
92492,92492,92495,3,0
92494,92494,92496,2,0
92492,92492,92495,3,0
92492,92492,92496,4,0
92492,92492,92496,4,0
92492,92492,92498,6,0
92494,92496,92498,2,2
92492,92492,92498,6,0
92494,92495,92499,4,1
92494,92495,92499,4,1
92494,92495,92499,4,1
92494,92496,92499,3,2
92494,92496,92498,2,2
92494,92496,92499,3,2
92494,92496,92498,2,2
92494,92496,92499,3,2
92494,92497,92499,2,3
92492,92492,92499,7,0
92492,92492,92500,8,0
92494,92496,92499,3,2
92494,92495,92500,5,1
92494,92499,92500,1,5
92494,92495,92499,4,1
92494,92498,92500,2,4
92494,92495,92500,5,1
92494,92496,92500,4,2
92492,92492,92500,8,0
92494,92496,92501,5,2
92494,92499,92501,2,5
92494,92499,92500,1,5
92494,92499,92501,2,5
92494,92499,92500,1,5
92494,92500,92501,1,6
92494,92500,92501,1,6
92494,92500,92501,1,6
92494,92500,92501,1,6
92494,92500,92501,1,6
92494,92501,92502,1,7
92492,92492,92503,11,0
92492,92492,92502,10,0
92492,92492,92503,11,0
92492,92492,92505,13,0
92492,92492,92506,14,0
92492,92492,92506,14,0
92492,92492,92508,16,0
92494,92494,92508,14,0
92494,92494,92507,13,0
92492,92492,92509,17,0
92492,92492,92512,20,0
92492,92492,92516,24,0
92494,92494,92517,23,0
92494,92498,92518,20,4
92494,92494,92519,25,0
92622,92622,92623,1,0
92622,92622,92623,1,0
92622,92622,92623,1,0
92622,92622,92624,2,0
92622,92622,92625,3,0
92622,92622,92625,3,0
92622,92622,92625,3,0
92622,92622,92626,4,0
92622,92622,92626,4,0
92622,92622,92625,3,0
92622,92622,92625,3,0
92622,92622,92625,3,0
92622,92622,92626,4,0
92622,92622,92627,5,0
92622,92622,92626,4,0
92622,92622,92627,5,0
92622,92622,92627,5,0
92622,92622,92629,7,0
92622,92622,92629,7,0
92622,92622,92632,10,0
92622,92622,92632,10,0
92622,92622,92635,13,0
92622,92622,92635,13,0
92622,92622,92635,13,0
92622,92622,92635,13,0
92622,92622,92636,14,0
92622,92622,92636,14,0
92622,92622,92637,15,0
92622,92622,92638,16,0
92494,92502,92643,141,8
92622,92622,92652,30,0
92622,92622,92668,46,0
92492,92492,92749,257,0
92751,92751,92752,1,0
92751,92751,92752,1,0
92751,92751,92752,1,0
92751,92751,92754,3,0
92751,92751,92754,3,0
92751,92751,92755,4,0
92751,92751,92754,3,0
92751,92751,92755,4,0
92751,92751,92755,4,0
92751,92751,92755,4,0
92751,92751,92754,3,0
92751,92751,92754,3,0
92751,92751,92755,4,0
92751,92751,92754,3,0
92751,92751,92755,4,0
92751,92751,92756,5,0
92751,92751,92757,6,0
92751,92751,92756,5,0
92751,92751,92757,6,0
92751,92751,92758,7,0
92751,92751,92759,8,0
92751,92751,92758,7,0
92751,92751,92761,10,0
92751,92751,92761,10,0
92751,92751,92762,11,0
92751,92751,92762,11,0
92751,92751,92762,11,0
92751,92751,92762,11,0
92751,92751,92763,12,0
92751,92751,92763,12,0
92751,92751,92772,21,0
92626,92626,92786,160,0
92622,92622,92886,264,0
93121,93121,93122,1,0
93121,93121,93122,1,0
93121,93121,93123,2,0
93121,93121,93122,1,0
93121,93121,93123,2,0
93121,93121,93124,3,0
93121,93121,93123,2,0
93121,93121,93123,2,0
93121,93121,93123,2,0
93121,93121,93123,2,0
93121,93121,93123,2,0
93121,93121,93124,3,0
93121,93121,93124,3,0
93121,93121,93125,4,0
93121,93121,93124,3,0
93121,93121,93125,4,0
93121,93121,93125,4,0
93121,93121,93126,5,0
93121,93121,93127,6,0
93125,93126,93127,1,1
93125,93126,93127,1,1
93125,93126,93127,1,1
93125,93126,93128,2,1
93125,93126,93128,2,1
93125,93126,93128,2,1
93125,93126,93128,2,1
93125,93126,93130,4,1
93125,93126,93129,3,1
93125,93128,93129,1,3
93125,93126,93129,3,1
93125,93128,93129,1,3
93125,93126,93129,3,1
93125,93126,93129,3,1
93125,93126,93129,3,1
93125,93128,93129,1,3
93121,93121,93130,9,0
93125,93129,93130,1,4
93125,93129,93130,1,4
93125,93129,93130,1,4
93125,93129,93130,1,4
93121,93121,93131,10,0
93121,93121,93131,10,0
93121,93121,93131,10,0
93125,93126,93131,5,1
93125,93130,93131,1,5
93125,93126,93132,6,1
93125,93126,93132,6,1
93125,93126,93132,6,1
93121,93121,93133,12,0
93121,93121,93136,15,0
93121,93121,93136,15,0
93125,93126,93137,11,1
93121,93121,93138,17,0
93125,93128,93138,10,3
93121,93121,93139,18,0
93125,93127,93141,14,2
93125,93126,93143,17,1
93125,93126,93148,22,1
93121,93121,93152,31,0
93121,93121,93154,33,0
93125,93126,93167,41,1
93121,93121,93168,47,0
93249,93249,93250,1,0
93249,93249,93250,1,0
93249,93249,93250,1,0
93249,93249,93250,1,0
93249,93249,93250,1,0
93249,93249,93250,1,0
93249,93249,93250,1,0
93249,93249,93250,1,0
93249,93249,93250,1,0
93249,93249,93250,1,0
93249,93249,93250,1,0
93249,93249,93250,1,0
93249,93249,93250,1,0
93249,93249,93250,1,0
93249,93249,93250,1,0
93249,93249,93250,1,0
93249,93249,93251,2,0
93249,93249,93252,3,0
93249,93249,93252,3,0
93249,93249,93256,7,0
93249,93249,93257,8,0
93249,93249,93257,8,0
93255,93256,93257,1,1
93255,93256,93257,1,1
93255,93256,93257,1,1
93255,93256,93257,1,1
93249,93249,93259,10,0
93249,93249,93260,11,0
93249,93249,93266,17,0
93249,93249,93268,19,0
93249,93249,93268,19,0
93249,93249,93270,21,0
93249,93249,93275,26,0
93249,93249,93284,35,0
93249,93249,93304,55,0
93385,93385,93386,1,0
93385,93385,93386,1,0
93385,93385,93386,1,0
93385,93385,93386,1,0
93385,93385,93386,1,0
93385,93385,93386,1,0
93385,93385,93386,1,0
93385,93385,93386,1,0
93385,93385,93386,1,0
93385,93385,93386,1,0
93385,93385,93386,1,0
93385,93385,93386,1,0
93385,93385,93388,3,0
93385,93385,93388,3,0
93385,93385,93388,3,0
93385,93385,93388,3,0
93385,93385,93388,3,0
93385,93385,93388,3,0
93385,93385,93389,4,0
93121,93121,93389,268,0
93385,93385,93389,4,0
93385,93385,93393,8,0
93385,93385,93394,9,0
93385,93385,93395,10,0
93385,93385,93395,10,0
93385,93385,93397,12,0
93385,93385,93397,12,0
93385,93385,93403,18,0
93385,93385,93413,28,0
93385,93385,93415,30,0
93261,93262,93432,170,1
93385,93385,93434,49,0
93385,93385,93442,57,0
93255,93256,93447,191,1
93262,93262,93469,207,0
93507,93507,93508,1,0
93507,93507,93508,1,0
93507,93507,93508,1,0
93507,93507,93509,2,0
93507,93507,93509,2,0
93507,93507,93509,2,0
93507,93507,93509,2,0
93507,93507,93509,2,0
93507,93507,93510,3,0
93507,93507,93510,3,0
93507,93507,93510,3,0
93507,93507,93510,3,0
93507,93507,93510,3,0
93507,93507,93510,3,0
93507,93507,93510,3,0
93507,93507,93511,4,0
93507,93507,93511,4,0
93511,93511,93512,1,0
93507,93507,93511,4,0
93511,93511,93512,1,0
93507,93507,93511,4,0
93507,93507,93511,4,0
93511,93511,93512,1,0
93511,93511,93512,1,0
93511,93511,93513,2,0
93511,93512,93513,1,1
93511,93511,93513,2,0
93511,93512,93513,1,1
93511,93511,93513,2,0
93511,93512,93513,1,1
93511,93512,93513,1,1
93511,93512,93514,2,1
93511,93512,93513,1,1
93511,93511,93514,3,0
93511,93511,93515,4,0
93511,93511,93515,4,0
93511,93513,93514,1,2
93511,93511,93514,3,0
93511,93512,93514,2,1
93511,93511,93515,4,0
93511,93514,93515,1,3
93511,93511,93515,4,0
93511,93511,93515,4,0
93511,93514,93515,1,3
93511,93514,93515,1,3
93511,93514,93515,1,3
93507,93507,93516,9,0
93507,93507,93516,9,0
93507,93507,93516,9,0
93507,93507,93518,11,0
93507,93507,93518,11,0
93507,93507,93520,13,0
93511,93511,93524,13,0
93511,93511,93525,14,0
93511,93511,93525,14,0
93507,93507,93530,23,0
93511,93511,93535,24,0
93507,93507,93537,30,0
93511,93511,93537,26,0
93507,93507,93549,42,0
93249,93249,93557,308,0
93507,93507,93557,50,0
93507,93507,93561,54,0
93637,93637,93638,1,0
93637,93637,93638,1,0
93637,93637,93639,2,0
93637,93637,93639,2,0
93637,93637,93639,2,0
93637,93637,93640,3,0
93637,93637,93639,2,0
93637,93637,93639,2,0
93637,93637,93641,4,0
93637,93637,93641,4,0
93637,93637,93642,5,0
93637,93637,93642,5,0
93637,93637,93643,6,0
93637,93637,93643,6,0
93637,93637,93644,7,0
93637,93637,93645,8,0
93637,93637,93645,8,0
93637,93637,93646,9,0
93637,93637,93646,9,0
93637,93637,93648,11,0
93637,93637,93649,12,0
93637,93637,93648,11,0
93637,93637,93649,12,0
93637,93637,93650,13,0
93637,93637,93657,20,0
93637,93637,93659,22,0
93637,93637,93661,24,0
93637,93637,93663,26,0
93637,93637,93665,28,0
93511,93514,93675,161,3
93514,93514,93683,169,0
93637,93637,93683,46,0
93637,93637,93687,50,0
93507,93508,93749,241,1
93768,93768,93770,2,0
93768,93768,93770,2,0
93768,93768,93770,2,0
93768,93768,93770,2,0
93768,93768,93770,2,0
93768,93768,93770,2,0
93768,93768,93770,2,0
93768,93768,93771,3,0
93768,93768,93771,3,0
93768,93768,93771,3,0
93768,93769,93771,2,1
93768,93769,93771,2,1
93768,93771,93772,1,3
93768,93771,93772,1,3
93768,93768,93772,4,0
93768,93768,93772,4,0
93768,93771,93772,1,3
93768,93769,93772,3,1
93768,93768,93773,5,0
93768,93768,93773,5,0
93768,93771,93773,2,3
93768,93772,93773,1,4
93768,93771,93773,2,3
93768,93771,93773,2,3
93768,93772,93774,2,4
93768,93773,93774,1,5
93768,93772,93774,2,4
93768,93772,93774,2,4
93768,93773,93774,1,5
93768,93771,93774,3,3
93768,93772,93774,2,4
93768,93773,93774,1,5
93768,93773,93774,1,5
93768,93773,93774,1,5
93768,93773,93776,3,5
93768,93774,93775,1,6
93768,93774,93775,1,6
93768,93774,93775,1,6
93768,93774,93775,1,6
93768,93775,93776,1,7
93768,93774,93775,1,6
93768,93774,93775,1,6
93768,93768,93776,8,0
93768,93774,93776,2,6
93768,93775,93776,1,7
93768,93775,93777,2,7
93768,93768,93777,9,0
93768,93768,93777,9,0
93768,93775,93777,2,7
93768,93768,93778,10,0
93768,93769,93778,9,1
93768,93768,93778,10,0
93768,93768,93779,11,0
93768,93768,93779,11,0
93768,93768,93781,13,0
93768,93768,93781,13,0
93768,93768,93782,14,0
93768,93768,93785,17,0
93768,93768,93785,17,0
93768,93768,93786,18,0
93768,93768,93790,22,0
93640,93640,93792,152,0
93768,93769,93804,35,1
93643,93643,93820,177,0
93890,93890,93891,1,0
93890,93890,93891,1,0
93890,93890,93891,1,0
93890,93890,93891,1,0
93890,93890,93892,2,0
93890,93890,93891,1,0
93890,93890,93891,1,0
93890,93890,93891,1,0
93890,93890,93891,1,0
93890,93890,93892,2,0
93890,93890,93891,1,0
93890,93890,93892,2,0
93890,93890,93892,2,0
93890,93890,93892,2,0
93890,93890,93892,2,0
93890,93890,93892,2,0
93890,93890,93892,2,0
93890,93890,93892,2,0
93890,93890,93894,4,0
93893,93893,93894,1,0
93893,93893,93894,1,0
93893,93893,93895,2,0
93893,93893,93895,2,0
93893,93893,93894,1,0
93893,93893,93895,2,0
93893,93893,93895,2,0
93893,93893,93895,2,0
93893,93893,93895,2,0
93890,93890,93896,6,0
93893,93893,93896,3,0
93893,93893,93896,3,0
93893,93893,93896,3,0
93893,93893,93896,3,0
93893,93893,93896,3,0
93893,93894,93896,2,1
93893,93895,93896,1,2
93893,93895,93896,1,2
93893,93893,93897,4,0
93893,93895,93897,2,2
93893,93895,93897,2,2
93893,93895,93897,2,2
93893,93895,93897,2,2
93893,93893,93897,4,0
93893,93893,93897,4,0
93893,93895,93897,2,2
93893,93896,93898,2,3
93893,93897,93898,1,4
93893,93897,93898,1,4
93893,93893,93898,5,0
93893,93897,93898,1,4
93893,93897,93898,1,4
93893,93897,93898,1,4
93893,93894,93898,4,1
93893,93897,93899,2,4
93893,93897,93899,2,4
93893,93898,93899,1,5
93893,93898,93899,1,5
93893,93898,93900,2,5
93893,93898,93899,1,5
93893,93898,93899,1,5
93893,93898,93899,1,5
93893,93899,93900,1,6
93890,93890,93899,9,0
93890,93890,93900,10,0
93893,93898,93900,2,5
93893,93900,93901,1,7
93893,93893,93900,7,0
93893,93898,93900,2,5
93893,93899,93900,1,6
93893,93899,93900,1,6
93893,93898,93900,2,5
93893,93899,93900,1,6
93893,93899,93900,1,6
93893,93899,93900,1,6
93890,93890,93900,10,0
93893,93900,93901,1,7
93893,93899,93901,2,6
93893,93899,93901,2,6
93893,93900,93902,2,7
93893,93900,93902,2,7
93890,93890,93903,13,0
93890,93890,93903,13,0
93890,93890,93904,14,0
93890,93890,93909,19,0
93890,93890,93914,24,0
93890,93890,93922,32,0
93890,93890,93929,39,0
93637,93637,93949,312,0
93890,93890,93954,64,0
93893,93893,93954,61,0
93893,93896,93954,58,3
93893,93893,93962,69,0
93894,93900,94064,164,6
94141,94141,94143,2,0
94141,94141,94143,2,0
94141,94141,94142,1,0
94141,94141,94143,2,0
94141,94141,94143,2,0
94141,94141,94142,1,0
94141,94141,94143,2,0
94141,94141,94143,2,0
94141,94141,94143,2,0
94141,94141,94144,3,0
94141,94141,94144,3,0
94141,94141,94144,3,0
94141,94142,94144,2,1
94141,94142,94144,2,1
94141,94141,94148,7,0
94141,94143,94147,4,2
94141,94143,94147,4,2
94141,94143,94147,4,2
94141,94141,94149,8,0
94141,94141,94154,13,0
94141,94157,94159,2,16
94141,94158,94159,1,17
94141,94141,94161,20,0
94141,94158,94160,2,17
94141,94158,94161,3,17
94141,94141,94163,22,0
94141,94141,94162,21,0
94141,94141,94166,25,0
94141,94141,94166,25,0
93890,93890,94184,294,0
94141,94141,94187,46,0
94141,94141,94200,59,0
94277,94277,94278,1,0
94277,94277,94279,2,0
94277,94277,94278,1,0
94277,94277,94279,2,0
94277,94277,94279,2,0
94277,94277,94279,2,0
94277,94277,94279,2,0
94277,94277,94279,2,0
94277,94277,94279,2,0
94277,94277,94279,2,0
94277,94277,94281,4,0
94277,94277,94280,3,0
94277,94277,94281,4,0
94277,94277,94280,3,0
94277,94280,94282,2,3
94277,94280,94283,3,3
94277,94277,94283,6,0
94277,94277,94283,6,0
94277,94277,94284,7,0
94277,94277,94283,6,0
94277,94280,94284,4,3
94277,94277,94285,8,0
94277,94277,94285,8,0
94277,94277,94286,9,0
94277,94277,94286,9,0
94277,94281,94288,7,4
94277,94280,94287,7,3
94277,94278,94288,10,1
94277,94277,94290,13,0
94277,94279,94295,16,2
94277,94279,94296,17,2
94148,94149,94300,151,1
94141,94142,94392,250,1
94410,94410,94411,1,0
94410,94410,94411,1,0
94410,94410,94412,2,0
94410,94410,94411,1,0
94410,94410,94412,2,0
94410,94410,94412,2,0
94410,94410,94412,2,0
94410,94410,94412,2,0
94410,94410,94412,2,0
94410,94410,94413,3,0
94410,94410,94413,3,0
94410,94410,94413,3,0
94410,94410,94413,3,0
94410,94410,94414,4,0
94410,94410,94413,3,0
94413,94413,94414,1,0
94410,94410,94414,4,0
94413,94413,94415,2,0
94413,94413,94415,2,0
94413,94413,94415,2,0
94413,94413,94415,2,0
94413,94413,94415,2,0
94413,94413,94415,2,0
94413,94414,94416,2,1
94413,94413,94415,2,0
94413,94414,94415,1,1
94413,94415,94416,1,2
94410,94410,94416,6,0
94410,94410,94416,6,0
94413,94415,94416,1,2
94413,94416,94417,1,3
94413,94413,94416,3,0
94413,94416,94417,1,3
94413,94416,94417,1,3
94413,94416,94417,1,3
94410,94410,94417,7,0
94413,94416,94418,2,3
94413,94416,94418,2,3
94413,94416,94418,2,3
94413,94416,94418,2,3
94413,94417,94418,1,4
94413,94414,94416,2,1
94413,94417,94420,3,4
94410,94410,94420,10,0
94410,94410,94420,10,0
94410,94410,94421,11,0
94410,94410,94420,10,0
94413,94417,94421,4,4
94410,94410,94422,12,0
94410,94410,94421,11,0
94413,94414,94418,4,1
94413,94415,94417,2,2
94410,94410,94423,13,0
94410,94410,94422,12,0
94413,94415,94424,9,2
94413,94414,94423,9,1
94410,94410,94426,16,0
94410,94410,94429,19,0
94410,94410,94428,18,0
94413,94414,94430,16,1
94287,94287,94435,148,0
94410,94410,94436,26,0
94413,94417,94448,31,4
94286,94288,94457,169,2
94277,94281,94458,177,4
94280,94281,94513,232,1
94413,94417,94570,153,4
94418,94418,94592,174,0
94663,94663,94664,1,0
94663,94663,94664,1,0
94663,94663,94664,1,0
94663,94663,94665,2,0
94663,94663,94665,2,0
94663,94663,94664,1,0
94663,94663,94665,2,0
94663,94663,94665,2,0
94663,94663,94665,2,0
94663,94663,94665,2,0
94663,94664,94666,2,1
94663,94665,94667,2,2
94663,94663,94667,4,0
94663,94663,94667,4,0
94663,94665,94667,2,2
94663,94663,94667,4,0
94663,94664,94667,3,1
94663,94665,94667,2,2
94663,94666,94667,1,3
94663,94666,94667,1,3
94663,94667,94668,1,4
94663,94665,94668,3,2
94663,94664,94668,4,1
94663,94667,94668,1,4
94663,94668,94669,1,5
94663,94668,94669,1,5
94663,94665,94668,3,2
94663,94666,94668,2,3
94663,94663,94669,6,0
94663,94663,94669,6,0
94663,94663,94669,6,0
94663,94668,94669,1,5
94663,94668,94669,1,5
94663,94668,94669,1,5
94663,94668,94669,1,5
94663,94668,94669,1,5
94663,94669,94670,1,6
94663,94668,94669,1,5
94663,94669,94670,1,6
94663,94669,94670,1,6
94663,94669,94670,1,6
94663,94667,94669,2,4
94410,94410,94670,260,0
94663,94665,94670,5,2
94663,94669,94670,1,6
94671,94671,94672,1,0
94663,94665,94671,6,2
94663,94663,94672,9,0
94671,94671,94672,1,0
94671,94671,94673,2,0
94671,94671,94673,2,0
94671,94671,94673,2,0
94671,94671,94673,2,0
94671,94671,94673,2,0
94671,94672,94673,1,1
94663,94663,94673,10,0
94663,94663,94673,10,0
94663,94663,94673,10,0
94671,94671,94673,2,0
94671,94671,94673,2,0
94671,94673,94674,1,2
94671,94671,94673,2,0
94671,94673,94674,1,2
94671,94673,94674,1,2
94671,94673,94674,1,2
94671,94673,94674,1,2
94671,94671,94675,4,0
94671,94673,94674,1,2
94671,94673,94674,1,2
94671,94674,94675,1,3
94671,94671,94675,4,0
94671,94674,94675,1,3
94663,94663,94676,13,0
94663,94663,94675,12,0
94671,94674,94676,2,3
94671,94673,94676,3,2
94671,94673,94676,3,2
94671,94675,94676,1,4
94671,94674,94675,1,3
94671,94674,94675,1,3
94671,94675,94676,1,4
94663,94668,94676,8,5
94663,94663,94676,13,0
94663,94663,94676,13,0
94671,94674,94677,3,3
94671,94675,94677,2,4
94671,94675,94677,2,4
94671,94675,94677,2,4
94671,94676,94677,1,5
94671,94675,94677,2,4
94671,94671,94677,6,0
94671,94674,94678,4,3
94671,94676,94677,1,5
94671,94676,94677,1,5
94671,94676,94677,1,5
94671,94674,94678,4,3
94671,94677,94678,1,6
94671,94677,94678,1,6
94671,94677,94678,1,6
94674,94678,94679,1,4
94674,94678,94679,1,4
94671,94674,94679,5,3
94671,94677,94678,1,6
94671,94677,94678,1,6
94671,94671,94679,8,0
94674,94678,94680,2,4
94674,94679,94680,1,5
94663,94667,94681,14,4
94671,94673,94679,6,2
94663,94667,94681,14,4
94663,94668,94681,13,5
94674,94679,94681,2,5
94674,94679,94681,2,5
94674,94679,94681,2,5
94674,94679,94681,2,5
94671,94676,94682,6,5
94671,94679,94682,3,8
94674,94680,94682,2,6
94674,94681,94682,1,7
94674,94679,94682,3,5
94674,94681,94682,1,7
94674,94680,94682,2,6
94674,94681,94682,1,7
94671,94674,94682,8,3
94663,94668,94682,14,5
94674,94679,94683,4,5
94674,94681,94683,2,7
94674,94678,94683,5,4
94674,94682,94683,1,8
94674,94678,94683,5,4
94674,94682,94683,1,8
94674,94678,94684,6,4
94674,94683,94684,1,9
94674,94682,94684,2,8
94663,94663,94685,22,0
94674,94681,94683,2,7
94663,94663,94687,24,0
94671,94671,94689,18,0
94674,94683,94687,4,9
94674,94684,94686,2,10
94671,94680,94689,9,9
94671,94674,94689,15,3
94674,94681,94690,9,7
94671,94671,94692,21,0
94674,94681,94692,11,7
94671,94676,94693,17,5
94671,94676,94693,17,5
94674,94678,94699,21,4
94671,94677,94701,24,6
94674,94681,94701,20,7
94671,94673,94701,28,2
94663,94663,94702,39,0
94671,94677,94703,26,6
94674,94680,94704,24,6
94671,94676,94711,35,5
94797,94797,94798,1,0
94797,94797,94798,1,0
94797,94797,94798,1,0
94797,94797,94799,2,0
94797,94797,94798,1,0
94797,94797,94798,1,0
94797,94797,94798,1,0
94797,94797,94798,1,0
94797,94797,94800,3,0
94797,94797,94799,2,0
94797,94797,94805,8,0
94797,94797,94805,8,0
94797,94797,94804,7,0
94797,94797,94805,8,0
94797,94797,94806,9,0
94804,94804,94805,1,0
94797,94797,94807,10,0
94804,94804,94807,3,0
94804,94804,94807,3,0
94797,94797,94809,12,0
94797,94797,94809,12,0
94804,94804,94808,4,0
94804,94806,94809,3,2
94804,94804,94810,6,0
94804,94804,94810,6,0
94804,94804,94810,6,0
94804,94807,94810,3,3
94804,94804,94811,7,0
94804,94809,94810,1,5
94797,94797,94812,15,0
94804,94805,94812,7,1
94804,94804,94811,7,0
94804,94807,94812,5,3
94804,94810,94812,2,6
94804,94810,94812,2,6
94804,94804,94811,7,0
94804,94810,94812,2,6
94804,94810,94812,2,6
94804,94811,94812,1,7
94804,94809,94813,4,5
94804,94811,94813,2,7
94804,94806,94814,8,2
94804,94805,94814,9,1
94797,94797,94814,17,0
94797,94797,94815,18,0
94804,94804,94817,13,0
94804,94804,94819,15,0
94797,94797,94821,24,0
94671,94677,94823,146,6
94804,94809,94823,14,5
94664,94670,94824,154,6
94797,94797,94820,23,0
94825,94825,94826,1,0
94825,94825,94826,1,0
94825,94825,94826,1,0
94804,94807,94828,21,3
94825,94825,94828,3,0
94825,94826,94828,2,1
94825,94827,94829,2,2
94825,94827,94829,2,2
94825,94829,94830,1,4
94825,94829,94830,1,4
94825,94825,94832,7,0
94825,94830,94831,1,5
94825,94825,94831,6,0
94825,94830,94831,1,5
94825,94825,94832,7,0
94797,94797,94832,35,0
94825,94825,94832,7,0
94825,94829,94833,4,4
94825,94825,94832,7,0
94825,94825,94832,7,0
94825,94825,94832,7,0
94825,94825,94833,8,0
94825,94831,94832,1,6
94825,94831,94832,1,6
94825,94832,94833,1,7
94825,94825,94837,12,0
94825,94825,94838,13,0
94804,94805,94839,34,1
94804,94809,94840,31,5
94804,94805,94841,36,1
94797,94797,94842,45,0
94825,94825,94842,17,0
94797,94797,94845,48,0
94797,94797,94818,21,0
94825,94825,94845,20,0
94825,94825,94847,22,0
94825,94825,94850,25,0
94825,94825,94847,22,0
94825,94825,94848,23,0
94797,94804,94808,4,7
94797,94804,94808,4,7
94797,94805,94808,3,8
94797,94805,94808,3,8
94825,94832,94974,142,7
94824,94824,94985,161,0
94826,94832,95002,170,6
94804,94812,95054,242,8
94797,94797,95055,258,0
95056,95056,95057,1,0
95056,95056,95058,2,0
95056,95056,95060,4,0
95056,95056,95059,3,0
95056,95056,95059,3,0
95056,95056,95060,4,0
95056,95056,95061,5,0
95056,95056,95060,4,0
95056,95056,95061,5,0
95056,95056,95061,5,0
95056,95056,95062,6,0
95056,95056,95062,6,0
95056,95056,95064,8,0
95056,95056,95064,8,0
95056,95056,95063,7,0
95056,95056,95063,7,0
95056,95056,95064,8,0
95056,95056,95064,8,0
95056,95058,95065,7,2
95056,95058,95066,8,2
95056,95064,95066,2,8
95056,95062,95066,4,6
95056,95056,95066,10,0
95056,95064,95067,3,8
95056,95064,95066,2,8
95056,95060,95066,6,4
95056,95063,95067,4,7
95056,95061,95067,6,5
95056,95064,95068,4,8
95056,95066,95067,1,10
95056,95060,95067,7,4
95056,95061,95067,6,5
95056,95066,95068,2,10
95056,95066,95068,2,10
95056,95066,95068,2,10
95056,95061,95069,8,5
95056,95056,95068,12,0
95056,95067,95069,2,11
95056,95067,95069,2,11
95056,95067,95068,1,11
95056,95067,95068,1,11
95056,95060,95069,9,4
95056,95056,95070,14,0
95056,95068,95069,1,12
95056,95068,95069,1,12
95056,95068,95069,1,12
95056,95068,95071,3,12
95056,95056,95071,15,0
95056,95056,95070,14,0
95056,95060,95072,12,4
95056,95062,95073,11,6
95056,95056,95072,16,0
95056,95070,95073,3,14
95056,95070,95073,3,14
95056,95068,95074,6,12
95056,95071,95074,3,15
95056,95070,95074,4,14
95056,95068,95075,7,12
95056,95069,95075,6,13
95056,95069,95075,6,13
95056,95068,95075,7,12
95056,95069,95075,6,13
95056,95074,95075,1,18
95056,95074,95075,1,18
95056,95072,95076,4,16
95056,95068,95076,8,12
95056,95076,95077,1,20
95056,95075,95076,1,19
95056,95075,95076,1,19
95056,95069,95076,7,13
95056,95075,95076,1,19
95059,95076,95077,1,17
95059,95076,95077,1,17
95059,95076,95077,1,17
95056,95070,95077,7,14
95056,95069,95079,10,13
95059,95076,95079,3,17
95059,95078,95082,4,19
95056,95072,95080,8,16
95059,95077,95083,6,18
95059,95080,95082,2,21
95059,95078,95082,4,19
95059,95077,95083,6,18
95059,95076,95083,7,17
95059,95077,95083,6,18
95059,95077,95084,7,18
95059,95077,95084,7,18
95059,95078,95084,6,19
95059,95077,95084,7,18
95059,95082,95084,2,23
95059,95083,95085,2,24
95059,95078,95085,7,19
95059,95083,95085,2,24
95059,95083,95085,2,24
95059,95084,95085,1,25
95059,95084,95085,1,25
95059,95084,95085,1,25
95059,95076,95086,10,17
95059,95079,95086,7,20
95056,95074,95086,12,18
95059,95082,95086,4,23
95056,95056,95086,30,0
95056,95056,95086,30,0
95059,95085,95086,1,26
95059,95085,95086,1,26
95059,95085,95086,1,26
95059,95085,95086,1,26
95059,95085,95086,1,26
95059,95085,95086,1,26
95056,95056,95087,31,0
95059,95086,95087,1,27
95059,95085,95088,3,26
95056,95056,95088,32,0
95056,95071,95087,16,15
95059,95086,95089,3,27
95059,95088,95090,2,29
95059,95087,95090,3,28
95059,95087,95091,4,28
95059,95087,95090,3,28
95056,95056,95091,35,0
95059,95089,95092,3,30
95059,95087,95092,5,28
95059,95087,95091,4,28
95059,95087,95091,4,28
95059,95090,95091,1,31
95059,95090,95091,1,31
95059,95090,95091,1,31
95056,95056,95092,36,0
95059,95089,95092,3,30
95059,95091,95093,2,32
95059,95091,95092,1,32
95059,95086,95094,8,27
95059,95086,95093,7,27
95059,95086,95093,7,27
95056,95056,95094,38,0
95059,95091,95094,3,32
95056,95067,95095,28,11
95056,95070,95095,25,14
95059,95087,95096,9,28
95059,95086,95097,11,27
95059,95086,95098,12,27
95056,95069,95098,29,13
95059,95090,95102,12,31
95056,95073,95105,32,17
95059,95088,95106,18,29
95056,95064,95106,42,8
95059,95092,95107,15,33
95059,95087,95110,23,28
94808,94812,95116,304,4
95056,95073,95130,57,17
95059,95087,95113,26,28
95059,95087,95120,33,28
95056,95076,95226,150,20
95059,95092,95267,175,33
95322,95322,95323,1,0
95322,95322,95324,2,0
95322,95322,95324,2,0
95322,95322,95325,3,0
95322,95322,95327,5,0
95322,95322,95326,4,0
95322,95322,95327,5,0
95322,95322,95328,6,0
95322,95322,95328,6,0
95322,95322,95329,7,0
95322,95322,95329,7,0
95322,95322,95329,7,0
95322,95322,95329,7,0
95322,95322,95330,8,0
95322,95322,95330,8,0
95322,95322,95330,8,0
95322,95322,95332,10,0
95322,95322,95333,11,0
95322,95322,95333,11,0
95322,95322,95334,12,0
95322,95322,95335,13,0
95322,95322,95337,15,0
95322,95322,95340,18,0
95322,95322,95336,14,0
95322,95322,95339,17,0
95322,95322,95343,21,0
95322,95322,95348,26,0
95322,95322,95349,27,0
95322,95323,95348,25,1
95322,95323,95363,40,1
95322,95322,95384,62,0
95590,95590,95591,1,0
95590,95590,95591,1,0
95590,95590,95591,1,0
95590,95590,95594,4,0
95590,95590,95595,5,0
95590,95590,95595,5,0
95590,95590,95596,6,0
95590,95590,95596,6,0
95590,95590,95596,6,0
95590,95590,95596,6,0
95590,95590,95597,7,0
95590,95590,95598,8,0
95590,95590,95598,8,0
95590,95590,95597,7,0
95593,95597,95598,1,4
95590,95590,95598,8,0
95590,95591,95600,9,1
95590,95590,95600,10,0
95590,95590,95601,11,0
95593,95598,95601,3,5
95590,95590,95601,11,0
95590,95590,95602,12,0
95590,95590,95602,12,0
95593,95598,95602,4,5
95590,95590,95603,13,0
95593,95598,95603,5,5
95593,95598,95603,5,5
95593,95598,95604,6,5
95593,95601,95604,3,8
95593,95598,95604,6,5
95593,95598,95604,6,5
95590,95590,95605,15,0
95593,95598,95605,7,5
95593,95598,95604,6,5
95593,95598,95605,7,5
95593,95603,95605,2,10
95593,95603,95605,2,10
95593,95598,95606,8,5
95593,95598,95606,8,5
95593,95604,95606,2,11
95593,95604,95606,2,11
95593,95604,95606,2,11
95593,95604,95606,2,11
95593,95599,95606,7,6
95590,95590,95608,18,0
95590,95590,95609,19,0
95593,95598,95610,12,5
95593,95603,95610,7,10
95590,95590,95612,22,0
95593,95603,95612,9,10
95590,95590,95615,25,0
95590,95590,95614,24,0
95593,95602,95616,14,9
95593,95603,95622,19,10
95590,95590,95625,35,0
95590,95590,95628,38,0
95590,95590,95630,40,0
95593,95601,95631,30,8
95590,95590,95638,48,0
95593,95605,95643,38,12
95593,95600,95646,46,7
95593,95601,95647,46,8
95593,95603,95657,54,10
95593,95605,95755,150,12
95590,95597,95764,167,7
95602,95605,95768,163,3
95620,95620,95780,160,0
95599,95605,95787,182,6
95806,95806,95808,2,0
95806,95806,95808,2,0
95806,95806,95808,2,0
95806,95808,95810,2,2
95807,95808,95810,2,1
95806,95806,95812,6,0
95806,95806,95812,6,0
95807,95811,95812,1,4
95807,95811,95812,1,4
95806,95806,95813,7,0
95806,95806,95813,7,0
95806,95806,95814,8,0
95806,95806,95814,8,0
95806,95806,95814,8,0
95806,95806,95814,8,0
95806,95806,95814,8,0
95806,95806,95815,9,0
95806,95806,95815,9,0
95807,95813,95816,3,6
95806,95806,95817,11,0
95807,95813,95817,4,6
95807,95813,95818,5,6
95807,95813,95818,5,6
95806,95806,95819,13,0
95806,95806,95819,13,0
95807,95815,95819,4,8
95806,95806,95819,13,0
95807,95818,95821,3,11
95807,95817,95820,3,10
95807,95819,95821,2,12
95806,95806,95821,15,0
95807,95816,95821,5,9
95807,95819,95821,2,12
95807,95814,95821,7,7
95807,95815,95821,6,8
95807,95820,95821,1,13
95807,95821,95822,1,14
95806,95806,95822,16,0
95807,95816,95822,6,9
95807,95821,95823,2,14
95807,95822,95823,1,15
95807,95815,95823,8,8
95807,95815,95822,7,8
95807,95821,95822,1,14
95807,95822,95823,1,15
95807,95822,95823,1,15
95807,95822,95823,1,15
95807,95813,95824,11,6
95807,95822,95824,2,15
95806,95806,95825,19,0
95806,95806,95825,19,0
95807,95822,95826,4,15
95807,95815,95827,12,8
95806,95806,95827,21,0
95807,95823,95829,6,16
95807,95825,95829,4,18
95807,95823,95830,7,16
95807,95824,95830,6,17
95807,95823,95830,7,16
95807,95823,95830,7,16
95807,95823,95831,8,16
95807,95820,95830,10,13
95807,95824,95831,7,17
95807,95829,95831,2,22
95807,95829,95831,2,22
95807,95821,95831,10,14
95807,95830,95831,1,23
95807,95823,95831,8,16
95806,95806,95831,25,0
95807,95830,95832,2,23
95807,95831,95832,1,24
95807,95831,95832,1,24
95807,95826,95833,7,19
95807,95831,95833,2,24
95807,95831,95833,2,24
95807,95827,95833,6,20
95806,95806,95834,28,0
95807,95831,95834,3,24
95806,95806,95835,29,0
95807,95826,95836,10,19
95807,95825,95836,11,18
95807,95818,95839,21,11
95807,95823,95840,17,16
95807,95823,95840,17,16
95807,95831,95841,10,24
95806,95806,95841,35,0
95806,95806,95842,36,0
95807,95820,95844,24,13
95807,95828,95847,19,21
95807,95826,95848,22,19
95807,95820,95849,29,13
95806,95806,95850,44,0
95806,95806,95858,52,0
95747,95747,95912,165,0
95751,95751,95927,176,0
95929,95929,95930,1,0
95929,95929,95930,1,0
95929,95929,95930,1,0
95929,95929,95932,3,0
95929,95929,95934,5,0
95929,95929,95934,5,0
95929,95929,95934,5,0
95929,95929,95934,5,0
95056,95934,95935,1,878
95929,95929,95935,6,0
95929,95929,95937,8,0
95056,95934,95938,4,878
95929,95929,95939,10,0
95929,95929,95938,9,0
95929,95929,95940,11,0
95929,95929,95940,11,0
95929,95929,95939,10,0
95929,95929,95940,11,0
95056,95934,95940,6,878
95929,95929,95940,11,0
95929,95929,95940,11,0
95929,95929,95941,12,0
95929,95929,95940,11,0
95056,95934,95941,7,878
95929,95929,95942,13,0
95929,95929,95942,13,0
95929,95929,95943,14,0
95929,95929,95944,15,0
95929,95929,95944,15,0
95929,95929,95945,16,0
95929,95929,95946,17,0
95929,95929,95948,19,0
95929,95929,95952,23,0
95929,95929,95955,26,0
95807,95808,95970,162,1
95929,95929,95981,52,0
95929,95931,96098,167,2
96178,96178,96180,2,0
96178,96178,96180,2,0
96178,96178,96180,2,0
96178,96179,96181,2,1
96178,96179,96181,2,1
96178,96178,96182,4,0
96178,96178,96182,4,0
96178,96179,96182,3,1
96178,96178,96183,5,0
96178,96179,96184,5,1
96179,96179,96184,5,0
96178,96179,96184,5,1
96178,96179,96185,6,1
96178,96178,96185,7,0
96178,96179,96185,6,1
96178,96179,96186,7,1
96178,96178,96186,8,0
96178,96178,96186,8,0
96178,96178,96186,8,0
96179,96181,96186,5,2
96178,96179,96186,7,1
96179,96181,96187,6,2
96179,96183,96188,5,4
96179,96185,96187,2,6
96179,96186,96188,2,7
96179,96187,96189,2,8
96179,96181,96188,7,2
96179,96184,96188,4,5
96179,96187,96188,1,8
96179,96183,96188,5,4
96179,96186,96188,2,7
96179,96187,96188,1,8
96179,96187,96188,1,8
96179,96187,96188,1,8
96179,96179,96188,9,0
96179,96188,96189,1,9
96179,96182,96189,7,3
96179,96189,96190,1,10
96179,96182,96189,7,3
96179,96188,96189,1,9
96179,96188,96189,1,9
96179,96184,96190,6,5
96179,96183,96190,7,4
96179,96189,96190,1,10
96179,96189,96190,1,10
96179,96189,96190,1,10
96179,96189,96190,1,10
96178,96178,96191,13,0
96179,96186,96191,5,7
96179,96189,96191,2,10
96178,96179,96192,13,1
96178,96178,96192,14,0
96178,96179,96192,13,1
96178,96179,96193,14,1
96179,96184,96193,9,5
96178,96179,96193,14,1
96179,96190,96193,3,11
96179,96191,96193,2,12
96179,96191,96194,3,12
96179,96189,96194,5,10
96179,96191,96193,2,12
96179,96191,96193,2,12
96179,96192,96193,1,13
96179,96179,96194,15,0
96179,96190,96195,5,11
96179,96191,96194,3,12
96179,96190,96194,4,11
96179,96190,96195,5,11
96179,96189,96195,6,10
96179,96189,96195,6,10
96179,96194,96195,1,15
96179,96190,96195,5,11
96183,96194,96195,1,11
96183,96194,96195,1,11
96183,96194,96195,1,11
96179,96185,96196,11,6
96179,96189,96196,7,10
96179,96190,96196,6,11
96183,96194,96196,2,11
96183,96197,96199,2,14
96183,96197,96199,2,14
96183,96196,96200,4,13
96183,96194,96199,5,11
96183,96197,96199,2,14
96183,96196,96201,5,13
96183,96196,96200,4,13
96183,96195,96201,6,12
96183,96199,96201,2,16
96179,96190,96201,11,11
96179,96191,96201,10,12
96183,96196,96202,6,13
96183,96196,96202,6,13
96183,96200,96202,2,17
96183,96200,96202,2,17
96183,96195,96202,7,12
96183,96200,96202,2,17
96183,96200,96202,2,17
96179,96189,96202,13,10
96183,96195,96202,7,12
96183,96195,96202,7,12
96183,96195,96202,7,12
96183,96196,96203,7,13
96183,96201,96203,2,18
96183,96201,96203,2,18
96183,96201,96202,1,18
96183,96201,96202,1,18
96187,96202,96203,1,15
96187,96202,96203,1,15
96187,96202,96204,2,15
96187,96202,96205,3,15
96179,96192,96205,13,13
96179,96194,96205,11,15
96178,96179,96206,27,1
96187,96203,96206,3,16
96179,96193,96205,12,14
96187,96204,96207,3,17
96187,96204,96207,3,17
96187,96202,96207,5,15
96178,96179,96206,27,1
96179,96179,96206,27,0
96187,96203,96207,4,16
96178,96178,96207,29,0
96187,96203,96208,5,16
96187,96205,96208,3,18
96187,96204,96208,4,17
96187,96206,96208,2,19
96187,96207,96208,1,20
96187,96206,96209,3,19
96187,96203,96209,6,16
96187,96203,96208,5,16
96187,96207,96209,2,20
96187,96207,96209,2,20
96178,96179,96209,30,1
96187,96207,96209,2,20
96187,96203,96210,7,16
96187,96207,96210,3,20
96187,96203,96210,7,16
96187,96202,96210,8,15
96187,96202,96210,8,15
96187,96203,96211,8,16
96187,96206,96211,5,19
96179,96179,96211,32,0
96178,96178,96212,34,0
96183,96196,96213,17,13
96179,96193,96213,20,14
96183,96201,96213,12,18
96178,96178,96214,36,0
96179,96193,96223,30,14
96187,96207,96224,17,20
96179,96191,96224,33,12
96187,96202,96231,29,15
96179,96193,96232,39,14
96187,96206,96233,27,19
96187,96205,96236,31,18
96183,96194,96242,48,11
96179,96194,96338,144,15
96188,96208,96353,145,20
96434,96434,96436,2,0
96434,96434,96435,1,0
96434,96434,96435,1,0
96434,96434,96435,1,0
96434,96434,96436,2,0
96434,96434,96435,1,0
96434,96434,96435,1,0
96434,96434,96435,1,0
96434,96434,96435,1,0
96434,96434,96435,1,0
96434,96434,96435,1,0
96434,96434,96435,1,0
96434,96434,96436,2,0
96434,96434,96435,1,0
96434,96434,96436,2,0
96434,96434,96436,2,0
96434,96434,96437,3,0
96434,96434,96437,3,0
96434,96434,96437,3,0
96434,96434,96437,3,0
96434,96434,96438,4,0
96434,96434,96437,3,0
96434,96436,96439,3,2
96434,96436,96439,3,2
96434,96436,96439,3,2
96434,96436,96440,4,2
96434,96436,96440,4,2
96434,96437,96441,4,3
96434,96437,96441,4,3
96434,96437,96441,4,3
96434,96437,96441,4,3
96434,96438,96441,3,4
96434,96436,96441,5,2
96434,96439,96441,2,5
96434,96439,96441,2,5
96434,96436,96441,5,2
96434,96439,96441,2,5
96434,96438,96442,4,4
96434,96436,96441,5,2
96434,96436,96442,6,2
96434,96436,96442,6,2
96434,96440,96442,2,6
96434,96436,96442,6,2
96434,96436,96442,6,2
96434,96436,96442,6,2
96434,96440,96442,2,6
96434,96436,96442,6,2
96434,96441,96444,3,7
96434,96436,96443,7,2
96434,96436,96443,7,2
96443,96443,96444,1,0
96443,96443,96444,1,0
96443,96443,96444,1,0
96434,96434,96445,11,0
96434,96434,96445,11,0
96434,96434,96445,11,0
96443,96443,96445,2,0
96434,96434,96446,12,0
96443,96445,96447,2,2
96443,96445,96447,2,2
96443,96444,96446,2,1
96443,96445,96446,1,2
96443,96444,96446,2,1
96443,96443,96448,5,0
96443,96443,96447,4,0
96443,96443,96447,4,0
96443,96443,96447,4,0
96443,96446,96448,2,3
96443,96443,96448,5,0
96443,96443,96449,6,0
96443,96444,96449,5,1
96443,96443,96448,5,0
96443,96443,96448,5,0
96443,96447,96448,1,4
96443,96443,96448,5,0
96443,96447,96448,1,4
96443,96443,96448,5,0
96434,96434,96448,14,0
96434,96434,96448,14,0
96443,96443,96450,7,0
96443,96443,96450,7,0
96443,96443,96449,6,0
96443,96443,96449,6,0
96434,96434,96456,22,0
96434,96434,96456,22,0
96443,96446,96456,10,3
96434,96434,96457,23,0
96434,96434,96457,23,0
96434,96434,96461,27,0
96443,96445,96461,16,2
96443,96446,96461,15,3
96434,96434,96462,28,0
96443,96446,96471,25,3
96183,96201,96489,288,18
96187,96207,96500,293,20
96574,96574,96576,2,0
96574,96574,96576,2,0
96574,96574,96576,2,0
96574,96574,96579,5,0
96574,96574,96579,5,0
96574,96574,96578,4,0
96574,96574,96579,5,0
96574,96574,96580,6,0
96574,96574,96580,6,0
96574,96574,96580,6,0
96574,96574,96580,6,0
96574,96574,96580,6,0
96574,96574,96581,7,0
96574,96574,96581,7,0
96574,96574,96581,7,0
96574,96574,96582,8,0
96574,96574,96585,11,0
96574,96574,96585,11,0
96574,96574,96585,11,0
96574,96574,96585,11,0
96574,96574,96586,12,0
96574,96574,96587,13,0
96574,96574,96587,13,0
96574,96574,96588,14,0
96574,96574,96590,16,0
96574,96574,96590,16,0
96574,96574,96595,21,0
96574,96574,96598,24,0
96443,96447,96599,152,4
96574,96574,96600,26,0
96574,96574,96609,35,0
96574,96574,96614,40,0
96434,96441,96692,251,7
96706,96706,96707,1,0
96706,96706,96707,1,0
96706,96706,96707,1,0
96706,96706,96707,1,0
96706,96706,96708,2,0
96706,96706,96707,1,0
96706,96706,96707,1,0
96706,96706,96707,1,0
96706,96706,96707,1,0
96706,96706,96707,1,0
96706,96706,96707,1,0
96706,96706,96707,1,0
96706,96706,96707,1,0
96706,96706,96708,2,0
96706,96706,96709,3,0
96706,96706,96709,3,0
96706,96706,96709,3,0
96711,96711,96712,1,0
96711,96711,96713,2,0
96711,96711,96713,2,0
96706,96706,96714,8,0
96706,96706,96714,8,0
96711,96711,96714,3,0
96706,96706,96714,8,0
96706,96706,96714,8,0
96711,96712,96715,3,1
96706,96706,96716,10,0
96711,96711,96716,5,0
96711,96714,96716,2,3
96711,96711,96716,5,0
96711,96711,96716,5,0
96711,96713,96716,3,2
96711,96711,96716,5,0
96711,96713,96716,3,2
96706,96706,96716,10,0
96711,96711,96717,6,0
96711,96711,96717,6,0
96711,96715,96717,2,4
96711,96711,96717,6,0
96711,96711,96717,6,0
96711,96711,96717,6,0
96706,96706,96717,11,0
96706,96706,96717,11,0
96711,96711,96718,7,0
96711,96711,96717,6,0
96711,96716,96718,2,5
96711,96711,96718,7,0
96712,96716,96718,2,4
96711,96716,96718,2,5
96712,96716,96718,2,4
96712,96716,96718,2,4
96706,96706,96719,13,0
96711,96716,96719,3,5
96711,96716,96720,4,5
96711,96711,96721,10,0
96712,96719,96721,2,7
96712,96719,96721,2,7
96706,96706,96722,16,0
96712,96718,96722,4,6
96712,96719,96722,3,7
96712,96719,96722,3,7
96712,96719,96722,3,7
96712,96717,96723,6,5
96712,96717,96723,6,5
96712,96718,96723,5,6
96712,96720,96723,3,8
96712,96717,96723,6,5
96712,96717,96724,7,5
96712,96722,96723,1,10
96712,96722,96723,1,10
96712,96717,96724,7,5
96712,96717,96724,7,5
96712,96722,96724,2,10
96712,96723,96724,1,11
96712,96723,96724,1,11
96712,96723,96724,1,11
96712,96723,96724,1,11
96712,96718,96726,8,6
96580,96580,96726,146,0
96706,96706,96728,22,0
96706,96706,96728,22,0
96706,96706,96730,24,0
96712,96717,96730,13,5
96712,96719,96730,11,7
96712,96719,96733,14,7
96712,96718,96736,18,6
96712,96722,96739,17,10
96712,96718,96739,21,6
96711,96714,96739,25,3
96711,96714,96740,26,3
96711,96715,96740,25,4
96711,96715,96740,25,4
96706,96706,96745,39,0
96711,96711,96747,36,0
96583,96583,96755,172,0
96836,96836,96838,2,0
96836,96836,96838,2,0
96836,96836,96839,3,0
96836,96836,96839,3,0
96836,96836,96840,4,0
96836,96836,96840,4,0
96836,96836,96840,4,0
96836,96836,96841,5,0
96836,96836,96841,5,0
96836,96836,96840,4,0
96836,96836,96841,5,0
96836,96836,96842,6,0
96836,96836,96842,6,0
96836,96836,96841,5,0
96836,96836,96842,6,0
96836,96836,96842,6,0
96836,96836,96842,6,0
96836,96836,96844,8,0
96843,96843,96844,1,0
96836,96836,96843,7,0
96843,96843,96845,2,0
96843,96843,96845,2,0
96843,96843,96846,3,0
96843,96844,96847,3,1
96836,96836,96847,11,0
96843,96844,96847,3,1
96843,96843,96848,5,0
96843,96845,96848,3,2
96843,96845,96848,3,2
96843,96843,96848,5,0
96843,96843,96849,6,0
96843,96843,96849,6,0
96843,96843,96849,6,0
96843,96847,96849,2,4
96843,96843,96849,6,0
96843,96844,96849,5,1
96836,96836,96849,13,0
96836,96836,96849,13,0
96843,96846,96849,3,3
96843,96848,96849,1,5
96843,96843,96849,6,0
96843,96848,96850,2,5
96843,96843,96850,7,0
96843,96843,96849,6,0
96843,96848,96850,2,5
96836,96836,96850,14,0
96843,96849,96850,1,6
96843,96843,96851,8,0
96843,96849,96850,1,6
96843,96843,96852,9,0
96843,96843,96852,9,0
96843,96849,96852,3,6
96843,96849,96852,3,6
96836,96836,96855,19,0
96836,96836,96856,20,0
96843,96847,96857,10,4
96836,96836,96857,21,0
96574,96575,96858,283,1
96836,96836,96859,23,0
96836,96836,96859,23,0
96836,96836,96861,25,0
96836,96836,96864,28,0
96836,96836,96868,32,0
96711,96716,96877,161,5
96712,96724,96881,157,12
96713,96724,96889,165,11
96970,96970,96971,1,0
96970,96970,96971,1,0
96970,96970,96971,1,0
96970,96970,96973,3,0
96970,96970,96972,2,0
96970,96970,96975,5,0
96970,96970,96974,4,0
96970,96970,96975,5,0
96970,96970,96975,5,0
96970,96970,96974,4,0
96970,96970,96975,5,0
96970,96970,96975,5,0
96970,96970,96975,5,0
96970,96970,96975,5,0
96970,96970,96977,7,0
96970,96970,96976,6,0
96970,96970,96977,7,0
96970,96970,96977,7,0
96970,96970,96978,8,0
96970,96970,96978,8,0
96970,96970,96979,9,0
96837,96838,96978,140,1
96970,96970,96979,9,0
96970,96970,96979,9,0
96970,96970,96980,10,0
96970,96970,96980,10,0
96970,96970,96981,11,0
96970,96970,96981,11,0
96970,96970,96984,14,0
96970,96970,96985,15,0
96706,96706,96991,285,0
96970,96970,96992,22,0
96970,96970,97005,35,0
96847,96849,97030,181,2
96844,96849,97064,215,5
97092,97092,97093,1,0
97092,97092,97093,1,0
97092,97092,97093,1,0
97092,97092,97094,2,0
97092,97092,97095,3,0
97092,97092,97094,2,0
97092,97092,97095,3,0
97092,97092,97096,4,0
97092,97092,97095,3,0
97092,97092,97097,5,0
97092,97092,97097,5,0
97092,97092,97096,4,0
97092,97092,97097,5,0
97092,97092,97096,4,0
97092,97092,97097,5,0
97092,97092,97097,5,0
97092,97092,97097,5,0
97092,97092,97097,5,0
97092,97092,97096,4,0
97092,97092,97098,6,0
97092,97092,97097,5,0
97098,97098,97099,1,0
97098,97098,97099,1,0
97098,97098,97100,2,0
97098,97098,97100,2,0
97098,97098,97101,3,0
97098,97098,97101,3,0
97092,97092,97101,9,0
97092,97092,97102,10,0
97092,97092,97101,9,0
97098,97100,97102,2,2
97098,97100,97102,2,2
97098,97100,97102,2,2
97098,97100,97102,2,2
97098,97098,97103,5,0
97098,97101,97102,1,3
97098,97098,97103,5,0
97098,97101,97102,1,3
97092,97092,97104,12,0
97098,97098,97104,6,0
97098,97098,97104,6,0
97098,97098,97104,6,0
97098,97098,97104,6,0
97098,97098,97104,6,0
97098,97098,97104,6,0
97092,97092,97104,12,0
97098,97098,97104,6,0
97092,97092,97105,13,0
97098,97098,97105,7,0
97092,97092,97107,15,0
97092,97092,97108,16,0
97092,97092,97109,17,0
97098,97098,97110,12,0
97098,97098,97110,12,0
97098,97098,97110,12,0
97092,97092,97111,19,0
97098,97098,97111,13,0
97098,97098,97117,19,0
97098,97098,97117,19,0
97098,97098,97121,23,0
97098,97098,97130,32,0
97098,97098,97138,40,0
97220,97220,97221,1,0
97220,97220,97222,2,0
97220,97220,97222,2,0
97220,97220,97223,3,0
97220,97220,97223,3,0
97220,97220,97223,3,0
97220,97220,97224,4,0
97220,97220,97224,4,0
97220,97220,97224,4,0
97220,97220,97225,5,0
97220,97220,97225,5,0
97220,97222,97225,3,2
97220,97220,97225,5,0
97220,97220,97225,5,0
97220,97220,97226,6,0
97220,97220,97226,6,0
97220,97220,97226,6,0
97220,97220,97226,6,0
97220,97223,97227,4,3
97220,97220,97227,7,0
97220,97223,97227,4,3
97220,97220,97228,8,0
97220,97220,97228,8,0
97220,97221,97228,7,1
97220,97227,97228,1,7
97220,97227,97228,1,7
97220,97224,97228,4,4
97220,97226,97228,2,6
97220,97220,97228,8,0
97220,97220,97229,9,0
97220,97225,97229,4,5
97220,97227,97229,2,7
97220,97227,97229,2,7
97220,97228,97229,1,8
97220,97226,97229,3,6
97220,97225,97229,4,5
97220,97226,97229,3,6
97220,97228,97229,1,8
97220,97229,97230,1,9
97220,97228,97229,1,8
97220,97228,97229,1,8
97220,97229,97230,1,9
97220,97226,97230,4,6
97220,97229,97230,1,9
97220,97221,97230,9,1
97220,97221,97231,10,1
97220,97224,97231,7,4
97220,97224,97231,7,4
97220,97225,97231,6,5
97220,97221,97231,10,1
97220,97221,97231,10,1
97220,97226,97232,6,6
97220,97220,97234,14,0
97220,97229,97234,5,9
97220,97220,97236,16,0
97220,97220,97238,18,0
97220,97228,97240,12,8
97220,97221,97240,19,1
97220,97221,97243,22,1
97220,97220,97246,26,0
97220,97220,97246,26,0
97220,97221,97246,25,1
97221,97229,97374,145,8
97092,97092,97439,347,0
97472,97472,97474,2,0
97472,97472,97474,2,0
97472,97472,97474,2,0
97472,97472,97475,3,0
97472,97473,97475,2,1
97472,97473,97475,2,1
97472,97473,97475,2,1
97473,97473,97476,3,0
97472,97473,97477,4,1
97472,97473,97477,4,1
97472,97472,97477,5,0
97472,97473,97478,5,1
97472,97473,97478,5,1
97473,97473,97479,6,0
97472,97473,97478,5,1
97472,97473,97478,5,1
97472,97473,97478,5,1
97472,97473,97478,5,1
97473,97475,97479,4,2
97473,97475,97479,4,2
97472,97473,97479,6,1
97473,97475,97479,4,2
97472,97473,97480,7,1
97472,97473,97480,7,1
97473,97476,97480,4,3
97473,97476,97480,4,3
97473,97476,97480,4,3
97473,97479,97481,2,6
97473,97476,97480,4,3
97472,97473,97480,7,1
97472,97473,97481,8,1
97473,97479,97481,2,6
97473,97480,97482,2,7
97472,97473,97481,8,1
97473,97479,97481,2,6
97473,97479,97481,2,6
97473,97480,97481,1,7
97473,97478,97481,3,5
97473,97480,97481,1,7
97472,97473,97482,9,1
97473,97473,97482,9,0
97473,97479,97482,3,6
97473,97481,97482,1,8
97473,97481,97482,1,8
97473,97481,97482,1,8
97473,97478,97482,4,5
97473,97478,97483,5,5
97472,97473,97483,10,1
97472,97473,97484,11,1
97473,97479,97485,6,6
97473,97479,97484,5,6
97472,97473,97485,12,1
97472,97473,97485,12,1
97472,97473,97485,12,1
97473,97477,97487,10,4
97473,97480,97488,8,7
97473,97473,97489,16,0
97472,97473,97490,17,1
97472,97473,97492,19,1
97473,97480,97493,13,7
97472,97473,97501,28,1
97473,97473,97515,42,0
97603,97603,97604,1,0
97603,97603,97604,1,0
97603,97603,97604,1,0
97603,97603,97607,4,0
97603,97603,97606,3,0
97603,97603,97607,4,0
97603,97603,97608,5,0
97603,97603,97608,5,0
97603,97603,97608,5,0
97603,97603,97608,5,0
97603,97603,97608,5,0
97603,97603,97608,5,0
97603,97603,97608,5,0
97603,97603,97609,6,0
97603,97603,97610,7,0
97603,97603,97611,8,0
97603,97603,97611,8,0
97603,97603,97611,8,0
97603,97603,97611,8,0
97603,97603,97612,9,0
97603,97603,97613,10,0
97603,97603,97613,10,0
97603,97603,97612,9,0
97603,97603,97613,10,0
97603,97603,97613,10,0
97603,97603,97616,13,0
97603,97603,97623,20,0
97603,97603,97624,21,0
97603,97603,97628,25,0
97603,97603,97644,41,0
97603,97603,97649,46,0
97473,97481,97652,171,8
97736,97736,97737,1,0
97736,97736,97737,1,0
97736,97736,97737,1,0
97736,97736,97737,1,0
97736,97736,97737,1,0
97736,97736,97737,1,0
97736,97736,97737,1,0
97736,97737,97738,1,1
97736,97737,97738,1,1
97736,97736,97737,1,0
97736,97736,97738,2,0
97736,97736,97738,2,0
97736,97736,97739,3,0
97736,97736,97739,3,0
97736,97737,97739,2,1
97736,97736,97741,5,0
97736,97736,97743,7,0
97736,97736,97742,6,0
97736,97736,97742,6,0
97736,97736,97742,6,0
97736,97736,97746,10,0
97736,97736,97747,11,0
97736,97736,97748,12,0
97609,97609,97748,139,0
97736,97736,97748,12,0
97736,97736,97750,14,0
97736,97736,97751,15,0
97736,97736,97751,15,0
97736,97736,97750,14,0
97736,97736,97752,16,0
97736,97736,97766,30,0
97736,97736,97770,34,0
97613,97613,97784,171,0
97611,97611,97793,182,0
97598,97598,97803,205,0
97610,97610,97818,208,0
97607,97607,97834,227,0
97612,97612,97847,235,0
97861,97861,97862,1,0
97861,97861,97862,1,0
97861,97861,97863,2,0
97861,97861,97862,1,0
97861,97861,97863,2,0
97861,97861,97864,3,0
97861,97861,97864,3,0
97861,97861,97865,4,0
97861,97861,97865,4,0
97861,97861,97865,4,0
97861,97861,97865,4,0
97861,97861,97865,4,0
97861,97861,97864,3,0
97861,97861,97865,4,0
97861,97861,97865,4,0
97861,97861,97866,5,0
97861,97861,97865,4,0
97861,97861,97865,4,0
97861,97861,97866,5,0
97861,97863,97867,4,2
97861,97863,97868,5,2
97861,97866,97868,2,5
97861,97862,97867,5,1
97861,97863,97868,5,2
97861,97864,97868,4,3
97861,97866,97868,2,5
97861,97862,97869,7,1
97861,97866,97869,3,5
97861,97866,97869,3,5
97861,97861,97869,8,0
97861,97866,97869,3,5
97861,97866,97868,2,5
97861,97865,97869,4,4
97861,97867,97869,2,6
97861,97868,97869,1,7
97861,97865,97870,5,4
97861,97865,97870,5,4
97861,97865,97870,5,4
97861,97865,97869,4,4
97861,97868,97870,2,7
97861,97868,97870,2,7
97861,97868,97870,2,7
97861,97868,97869,1,7
97861,97868,97870,2,7
97861,97869,97870,1,8
97861,97869,97871,2,8
97861,97869,97871,2,8
97861,97861,97870,9,0
97861,97869,97870,1,8
97861,97861,97872,11,0
97861,97865,97872,7,4
97861,97869,97872,3,8
97861,97871,97873,2,10
97861,97869,97873,4,8
97861,97869,97873,4,8
97861,97870,97873,3,9
97861,97861,97874,13,0
97861,97864,97873,9,3
97861,97870,97874,4,9
97861,97871,97874,3,10
97861,97870,97874,4,9
97861,97870,97874,4,9
97861,97870,97874,4,9
97861,97870,97873,3,9
97861,97870,97874,4,9
97861,97870,97874,4,9
97861,97871,97873,2,10
97861,97869,97874,5,8
97861,97872,97874,2,11
97861,97874,97875,1,13
97861,97861,97875,14,0
97861,97861,97875,14,0
97861,97872,97875,3,11
97861,97869,97875,6,8
97861,97871,97874,3,10
97861,97873,97875,2,12
97861,97874,97875,1,13
97861,97874,97875,1,13
97861,97873,97875,2,12
97861,97874,97875,1,13
97861,97870,97876,6,9
97861,97874,97875,1,13
97861,97874,97876,2,13
97861,97875,97877,2,14
97861,97876,97877,1,15
97861,97875,97877,2,14
97861,97876,97877,1,15
97861,97874,97877,3,13
97861,97874,97878,4,13
97861,97875,97878,3,14
97861,97876,97878,2,15
97861,97876,97878,2,15
97861,97874,97878,4,13
97861,97876,97878,2,15
97861,97877,97878,1,16
97861,97877,97878,1,16
97861,97875,97878,3,14
97861,97875,97878,3,14
97861,97875,97878,3,14
97861,97875,97879,4,14
97861,97876,97879,3,15
97861,97879,97880,1,18
97861,97878,97880,2,17
97861,97878,97879,1,17
97861,97878,97879,1,17
97861,97878,97879,1,17
97861,97875,97880,5,14
97861,97861,97880,19,0
97861,97861,97880,19,0
97861,97861,97880,19,0
97861,97861,97881,20,0
97861,97878,97881,3,17
97861,97875,97882,7,14
97861,97875,97883,8,14
97861,97871,97883,12,10
97861,97861,97884,23,0
97861,97861,97886,25,0
97861,97861,97886,25,0
97861,97861,97888,27,0
97861,97874,97889,15,13
97861,97861,97890,29,0
97603,97604,97904,300,1
97861,97861,97910,49,0
97861,97872,97913,41,11
97861,97875,97913,38,14
97861,97879,98035,156,18
98113,98113,98114,1,0
98113,98113,98114,1,0
98113,98113,98114,1,0
98113,98113,98115,2,0
98113,98113,98115,2,0
98113,98113,98115,2,0
98113,98113,98117,4,0
98113,98113,98116,3,0
98113,98113,98116,3,0
98113,98113,98116,3,0
98113,98113,98117,4,0
98113,98113,98117,4,0
98113,98113,98117,4,0
98113,98113,98117,4,0
98113,98113,98117,4,0
98113,98114,98117,3,1
98113,98113,98118,5,0
98113,98114,98119,5,1
98113,98115,98119,4,2
98113,98118,98120,2,5
98113,98113,98119,6,0
98113,98113,98119,6,0
98113,98113,98120,7,0
98113,98116,98120,4,3
98113,98118,98120,2,5
98113,98117,98121,4,4
98113,98117,98121,4,4
98113,98119,98120,1,6
98113,98116,98121,5,3
98113,98117,98121,4,4
98113,98118,98121,3,5
98113,98117,98121,4,4
98113,98118,98120,2,5
98113,98113,98120,7,0
98113,98113,98121,8,0
98113,98117,98121,4,4
98113,98118,98121,3,5
98113,98120,98122,2,7
98113,98120,98122,2,7
98113,98120,98121,1,7
98113,98113,98123,10,0
98113,98121,98122,1,8
98113,98121,98122,1,8
98113,98121,98122,1,8
98113,98113,98123,10,0
98113,98113,98124,11,0
98113,98113,98123,10,0
98113,98113,98123,10,0
98117,98123,98124,1,6
98117,98123,98124,1,6
98113,98116,98123,7,3
98113,98113,98124,11,0
98113,98120,98124,4,7
98117,98123,98124,1,6
98117,98123,98125,2,6
98113,98113,98125,12,0
98113,98113,98126,13,0
98113,98113,98125,12,0
98117,98124,98126,2,7
98117,98124,98126,2,7
98117,98124,98126,2,7
98117,98124,98127,3,7
98117,98124,98126,2,7
98117,98124,98127,3,7
98117,98124,98127,3,7
98117,98125,98126,1,8
98118,98126,98127,1,8
98117,98123,98126,3,6
98117,98125,98127,2,8
98118,98126,98127,1,8
98118,98126,98127,1,8
98117,98124,98127,3,7
98117,98123,98128,5,6
98117,98123,98127,4,6
98117,98124,98128,4,7
98117,98124,98129,5,7
98118,98127,98129,2,9
98117,98123,98129,6,6
98118,98127,98129,2,9
98113,98121,98130,9,8
98118,98128,98130,2,10
98113,98120,98129,9,7
98118,98127,98130,3,9
98118,98127,98130,3,9
98113,98113,98130,17,0
98118,98128,98131,3,10
98118,98127,98131,4,9
98118,98127,98131,4,9
98118,98129,98131,2,11
98118,98129,98132,3,11
98118,98129,98132,3,11
98118,98130,98132,2,12
98118,98127,98132,5,9
98118,98128,98132,4,10
98118,98127,98132,5,9
98118,98130,98132,2,12
98118,98129,98131,2,11
98118,98130,98132,2,12
98121,98132,98133,1,11
98121,98132,98133,1,11
98118,98131,98133,2,13
98118,98131,98133,2,13
98118,98132,98133,1,14
98118,98127,98134,7,9
98121,98133,98134,1,12
98118,98127,98134,7,9
98121,98133,98134,1,12
98117,98124,98134,10,7
98121,98133,98135,2,12
98121,98133,98135,2,12
98118,98130,98136,6,12
98118,98131,98136,5,13
98121,98134,98136,2,13
98121,98133,98136,3,12
98121,98133,98137,4,12
98121,98133,98137,4,12
98121,98133,98137,4,12
98121,98134,98137,3,13
98121,98135,98137,2,14
98121,98136,98138,2,15
98117,98124,98138,14,7
98117,98126,98137,11,9
98121,98133,98138,5,12
98121,98134,98137,3,13
98121,98135,98138,3,14
98121,98135,98138,3,14
98121,98137,98138,1,16
98121,98136,98138,2,15
98121,98137,98138,1,16
98121,98135,98138,3,14
98117,98124,98139,15,7
98117,98124,98139,15,7
98121,98135,98139,4,14
98121,98137,98139,2,16
98121,98138,98139,1,17
98121,98138,98139,1,17
98121,98138,98139,1,17
98121,98138,98139,1,17
98121,98138,98139,1,17
98118,98129,98140,11,11
98118,98130,98140,10,12
98121,98136,98141,5,15
98113,98113,98141,28,0
98113,98113,98142,29,0
98117,98126,98142,16,9
98117,98125,98142,17,8
98113,98113,98143,30,0
98117,98125,98143,18,8
98113,98113,98144,31,0
98117,98123,98146,23,6
98113,98113,98155,42,0
98121,98136,98161,25,15
98117,98124,98162,38,7
98117,98126,98168,42,9
98113,98123,98272,149,10
98118,98132,98299,167,14
98381,98381,98382,1,0
98381,98381,98383,2,0
98381,98381,98383,2,0
98381,98381,98383,2,0
98381,98382,98383,1,1
98381,98382,98384,2,1
98381,98382,98384,2,1
98381,98382,98384,2,1
98381,98382,98384,2,1
98381,98382,98385,3,1
98381,98382,98384,2,1
98381,98381,98385,4,0
98382,98386,98387,1,4
98382,98386,98387,1,4
98381,98382,98387,5,1
98381,98382,98386,4,1
98381,98382,98387,5,1
98381,98381,98387,6,0
98381,98381,98387,6,0
98381,98381,98387,6,0
98382,98386,98387,1,4
98381,98381,98387,6,0
98382,98387,98389,2,5
98382,98387,98388,1,5
98382,98387,98389,2,5
98382,98387,98389,2,5
98382,98388,98390,2,6
98382,98387,98389,2,5
98382,98388,98390,2,6
98382,98388,98390,2,6
98382,98388,98391,3,6
98382,98387,98391,4,5
98382,98390,98391,1,8
98382,98388,98390,2,6
98382,98389,98390,1,7
98382,98389,98390,1,7
98382,98389,98390,1,7
98382,98390,98391,1,8
98382,98390,98391,1,8
98381,98382,98391,9,1
98381,98382,98392,10,1
98381,98382,98391,9,1
98381,98382,98391,9,1
98382,98387,98391,4,5
98382,98390,98391,1,8
98382,98386,98392,6,4
98382,98390,98391,1,8
98381,98382,98392,10,1
98381,98382,98392,10,1
98381,98382,98392,10,1
98382,98387,98392,5,5
98382,98386,98393,7,4
98382,98386,98393,7,4
98382,98386,98393,7,4
98382,98387,98392,5,5
98382,98387,98392,5,5
98382,98388,98393,5,6
98381,98381,98393,12,0
98381,98382,98393,11,1
98381,98381,98395,14,0
98381,98382,98396,14,1
98381,98381,98397,16,0
98121,98138,98409,271,17
98246,98247,98421,174,1
98253,98253,98423,170,0
98511,98511,98512,1,0
98511,98511,98512,1,0
98511,98511,98512,1,0
98511,98511,98512,1,0
98511,98511,98512,1,0
98511,98511,98512,1,0
98511,98511,98512,1,0
98511,98511,98512,1,0
98511,98511,98512,1,0
98511,98511,98514,3,0
98511,98511,98514,3,0
98511,98511,98515,4,0
98511,98511,98514,3,0
98511,98511,98515,4,0
98511,98511,98515,4,0
98511,98511,98515,4,0
98511,98511,98515,4,0
98511,98511,98515,4,0
98511,98511,98515,4,0
98511,98511,98520,9,0
98511,98511,98521,10,0
98511,98511,98521,10,0
98511,98511,98521,10,0
98511,98511,98521,10,0
98511,98511,98521,10,0
98511,98511,98521,10,0
98511,98511,98521,10,0
98511,98511,98522,11,0
98511,98511,98523,12,0
98511,98511,98530,19,0
98382,98386,98549,163,4
98384,98391,98551,160,7
98383,98391,98559,168,8
98511,98511,98561,50,0
98387,98391,98564,173,4
98386,98391,98566,175,5
98638,98638,98639,1,0
98638,98638,98640,2,0
98638,98638,98639,1,0
98638,98638,98639,1,0
98638,98638,98640,2,0
98638,98638,98639,1,0
98638,98638,98640,2,0
98638,98638,98640,2,0
98638,98638,98641,3,0
98638,98638,98640,2,0
98638,98638,98640,2,0
98638,98640,98641,1,2
98638,98638,98641,3,0
98638,98638,98641,3,0
98638,98638,98641,3,0
98638,98640,98641,1,2
98638,98638,98642,4,0
98638,98638,98642,4,0
98638,98638,98642,4,0
98638,98640,98643,3,2
98638,98640,98642,2,2
98638,98641,98642,1,3
98638,98641,98642,1,3
98638,98641,98642,1,3
98638,98641,98643,2,3
98638,98642,98643,1,4
98638,98642,98643,1,4
98638,98638,98644,6,0
98638,98638,98644,6,0
98638,98638,98643,5,0
98638,98640,98643,3,2
98638,98642,98643,1,4
98638,98641,98643,2,3
98638,98640,98643,3,2
98638,98642,98644,2,4
98638,98638,98644,6,0
98638,98640,98644,4,2
98638,98643,98644,1,5
98638,98643,98644,1,5
98638,98643,98644,1,5
98638,98643,98644,1,5
98638,98643,98644,1,5
98638,98643,98644,1,5
98638,98644,98645,1,6
98638,98644,98646,2,6
98638,98644,98645,1,6
98638,98643,98645,2,5
98638,98644,98645,1,6
98638,98644,98645,1,6
98638,98644,98645,1,6
98638,98644,98646,2,6
98638,98644,98646,2,6
98638,98645,98647,2,7
98638,98644,98647,3,6
98638,98645,98647,2,7
98638,98646,98647,1,8
98638,98645,98647,2,7
98638,98645,98646,1,7
98638,98646,98647,1,8
98638,98646,98648,2,8
98638,98644,98648,4,6
98638,98645,98648,3,7
98638,98645,98648,3,7
98638,98645,98647,2,7
98638,98647,98648,1,9
98638,98646,98647,1,8
98638,98647,98648,1,9
98638,98647,98648,1,9
98638,98647,98648,1,9
98638,98638,98648,10,0
98638,98638,98648,10,0
98638,98638,98648,10,0
98638,98638,98648,10,0
98638,98646,98649,3,8
98638,98646,98648,2,8
98638,98648,98649,1,10
98638,98638,98649,11,0
98638,98645,98649,4,7
98638,98638,98648,10,0
98638,98644,98649,5,6
98638,98647,98648,1,9
98638,98647,98648,1,9
98638,98647,98648,1,9
98638,98647,98648,1,9
98638,98638,98650,12,0
98638,98638,98649,11,0
98638,98646,98650,4,8
98638,98643,98649,6,5
98638,98648,98649,1,10
98638,98648,98650,2,10
98638,98648,98650,2,10
98638,98649,98650,1,11
98638,98649,98650,1,11
98638,98648,98650,2,10
98638,98648,98650,2,10
98638,98648,98650,2,10
98638,98649,98651,2,11
98638,98647,98651,4,9
98638,98648,98650,2,10
98638,98649,98650,1,11
98638,98649,98650,1,11
98638,98650,98651,1,12
98638,98648,98650,2,10
98638,98649,98651,2,11
98638,98649,98651,2,11
98638,98649,98651,2,11
98638,98648,98653,5,10
98638,98649,98655,6,11
98638,98649,98656,7,11
98638,98649,98657,8,11
98638,98650,98656,6,12
98638,98650,98657,7,12
98638,98650,98658,8,12
98638,98649,98659,10,11
98638,98638,98660,22,0
98638,98638,98661,23,0
98638,98638,98662,24,0
98638,98638,98663,25,0
98638,98638,98666,28,0
98638,98649,98666,17,11
98638,98649,98666,17,11
98638,98638,98668,30,0
98511,98512,98670,158,1
98638,98650,98676,26,12
98638,98649,98686,37,11
98890,98890,98891,1,0
98890,98890,98891,1,0
98890,98890,98891,1,0
98890,98890,98891,1,0
98890,98890,98891,1,0
98890,98890,98891,1,0
98890,98890,98892,2,0
98890,98890,98891,1,0
98890,98890,98891,1,0
98890,98890,98891,1,0
98890,98890,98893,3,0
98890,98891,98892,1,1
98890,98890,98892,2,0
98890,98891,98893,2,1
98890,98892,98893,1,2
98890,98892,98893,1,2
98890,98892,98893,1,2
98890,98892,98893,1,2
98890,98890,98894,4,0
98890,98890,98894,4,0
98890,98890,98895,5,0
98890,98890,98895,5,0
98890,98890,98895,5,0
98890,98892,98894,2,2
98890,98893,98894,1,3
98890,98893,98894,1,3
98890,98890,98894,4,0
98890,98892,98894,2,2
98890,98892,98894,2,2
98890,98890,98895,5,0
98890,98890,98895,5,0
98890,98894,98895,1,4
98890,98892,98894,2,2
98890,98893,98895,2,3
98890,98894,98895,1,4
98890,98890,98895,5,0
98890,98890,98895,5,0
98890,98890,98895,5,0
98890,98894,98895,1,4
98890,98895,98896,1,5
98890,98895,98896,1,5
98890,98895,98896,1,5
98890,98895,98896,1,5
98890,98894,98895,1,4
98890,98894,98895,1,4
98890,98893,98895,2,3
98890,98890,98896,6,0
98890,98895,98897,2,5
98890,98894,98897,3,4
98894,98897,98898,1,3
98890,98890,98899,9,0
98890,98890,98899,9,0
98890,98895,98899,4,5
98894,98897,98899,2,3
98894,98897,98899,2,3
98894,98897,98899,2,3
98894,98897,98899,2,3
98894,98897,98899,2,3
98894,98897,98899,2,3
98894,98897,98899,2,3
98894,98897,98899,2,3
98894,98897,98899,2,3
98894,98897,98899,2,3
98894,98897,98898,1,3
98894,98897,98899,2,3
98894,98897,98899,2,3
98894,98898,98899,1,4
98894,98897,98900,3,3
98898,98899,98900,1,1
98894,98897,98899,2,3
98898,98899,98900,1,1
98898,98899,98900,1,1
98894,98899,98900,1,5
98890,98890,98901,11,0
98890,98890,98900,10,0
98890,98890,98900,10,0
98894,98898,98901,3,4
98894,98898,98901,3,4
98894,98897,98901,4,3
98898,98899,98901,2,1
98894,98899,98900,1,5
98894,98899,98900,1,5
98898,98899,98901,2,1
98894,98899,98901,2,5
98894,98899,98900,1,5
98894,98898,98901,3,4
98898,98899,98902,3,1
98898,98900,98902,2,2
98898,98899,98902,3,1
98898,98900,98902,2,2
98898,98899,98901,2,1
98898,98900,98902,2,2
98898,98900,98902,2,2
98898,98901,98902,1,3
98898,98900,98902,2,2
98898,98901,98902,1,3
98898,98901,98902,1,3
98898,98901,98902,1,3
98894,98897,98903,6,3
98894,98898,98903,5,4
98898,98900,98903,3,2
98898,98901,98903,2,3
98898,98901,98903,2,3
98898,98902,98903,1,4
98894,98899,98903,4,5
98898,98901,98903,2,3
98898,98901,98903,2,3
98898,98901,98904,3,3
98898,98902,98904,2,4
98894,98899,98906,7,5
98890,98890,98908,18,0
98890,98890,98910,20,0
98898,98901,98912,11,3
98898,98901,98912,11,3
98890,98890,98912,22,0
98890,98890,98912,22,0
98890,98890,98912,22,0
98890,98890,98913,23,0
98898,98901,98918,17,3
98894,98899,98932,33,5
98890,98890,98941,51,0
99026,99026,99027,1,0
99026,99026,99027,1,0
99026,99026,99027,1,0
99026,99026,99027,1,0
99026,99026,99027,1,0
99026,99026,99027,1,0
99026,99026,99027,1,0
99026,99026,99027,1,0
99026,99026,99027,1,0
99026,99026,99027,1,0
99026,99026,99027,1,0
99026,99026,99027,1,0
99026,99026,99027,1,0
99026,99026,99027,1,0
99026,99026,99027,1,0
99026,99026,99027,1,0
99026,99026,99027,1,0
99026,99026,99027,1,0
99026,99026,99027,1,0
99026,99026,99027,1,0
99026,99026,99027,1,0
99026,99026,99027,1,0
99026,99026,99027,1,0
99026,99026,99027,1,0
98899,98903,99055,152,4
98894,98899,99068,169,5
99152,99152,99153,1,0
99152,99152,99153,1,0
99152,99152,99153,1,0
99152,99152,99154,2,0
99152,99152,99153,1,0
99152,99152,99154,2,0
99152,99152,99153,1,0
99152,99152,99154,2,0
99152,99152,99154,2,0
99152,99152,99154,2,0
99152,99152,99154,2,0
99152,99152,99154,2,0
99152,99152,99154,2,0
99152,99152,99155,3,0
99152,99152,99155,3,0
99152,99152,99155,3,0
99152,99152,99155,3,0
99152,99152,99154,2,0
99152,99152,99154,2,0
99152,99152,99155,3,0
99152,99152,99155,3,0
99152,99152,99155,3,0
99152,99152,99156,4,0
99152,99152,99157,5,0
99152,99152,99157,5,0
99152,99152,99159,7,0
99152,99152,99160,8,0
99152,99152,99160,8,0
98890,98897,99161,264,7
99152,99152,99163,11,0
99152,99152,99173,21,0
99152,99152,99180,28,0
99274,99274,99275,1,0
99274,99274,99275,1,0
99274,99274,99276,2,0
99274,99274,99275,1,0
99274,99274,99276,2,0
99274,99274,99276,2,0
99274,99274,99276,2,0
99274,99274,99276,2,0
99274,99274,99276,2,0
99274,99274,99276,2,0
99274,99274,99276,2,0
99274,99274,99276,2,0
99274,99274,99275,1,0
99274,99274,99275,1,0
99274,99274,99276,2,0
99274,99274,99276,2,0
99274,99274,99278,4,0
99274,99274,99278,4,0
99274,99274,99279,5,0
99274,99274,99279,5,0
99274,99274,99279,5,0
99274,99274,99279,5,0
99277,99277,99279,2,0
99277,99278,99279,1,1
99277,99278,99279,1,1
99277,99277,99279,2,0
99277,99278,99279,1,1
99277,99278,99279,1,1
99277,99278,99279,1,1
99277,99277,99279,2,0
99277,99278,99279,1,1
99277,99278,99280,2,1
99277,99280,99281,1,3
99277,99278,99280,2,1
99277,99277,99280,3,0
99277,99277,99280,3,0
99277,99280,99281,1,3
99277,99280,99281,1,3
99277,99278,99280,2,1
99277,99280,99281,1,3
99277,99280,99281,1,3
99277,99279,99281,2,2
99277,99280,99281,1,3
99277,99278,99281,3,1
99277,99280,99281,1,3
99277,99280,99281,1,3
99277,99280,99281,1,3
99274,99274,99282,8,0
99277,99279,99282,3,2
99281,99281,99283,2,0
99281,99281,99282,1,0
99281,99281,99282,1,0
99277,99278,99282,4,1
99281,99281,99282,1,0
99281,99281,99282,1,0
99277,99280,99283,3,3
99281,99281,99283,2,0
99281,99281,99283,2,0
99281,99283,99284,1,2
99281,99281,99283,2,0
99281,99282,99283,1,1
99281,99282,99283,1,1
99281,99282,99283,1,1
99281,99281,99283,2,0
99281,99282,99283,1,1
99281,99283,99284,1,2
99281,99282,99283,1,1
99281,99283,99284,1,2
99281,99283,99284,1,2
99281,99283,99284,1,2
99274,99274,99284,10,0
99277,99277,99284,7,0
99281,99281,99284,3,0
99281,99281,99284,3,0
99281,99283,99284,1,2
99281,99284,99285,1,3
99281,99281,99284,3,0
99281,99284,99285,1,3
99281,99284,99285,1,3
99274,99274,99285,11,0
99281,99282,99285,3,1
99274,99274,99286,12,0
99281,99284,99286,2,3
99281,99283,99286,3,2
99281,99284,99287,3,3
99274,99274,99297,23,0
99281,99283,99302,19,2
99274,99274,99306,32,0
99027,99027,99306,279,0
99274,99274,99308,34,0
99277,99277,99310,33,0
99274,99274,99313,39,0
99277,99277,99314,37,0
99274,99274,99341,67,0
99281,99284,99454,170,3
99274,99275,99525,250,1
99534,99534,99535,1,0
99534,99534,99535,1,0
99534,99534,99536,2,0
99534,99534,99536,2,0
99534,99534,99536,2,0
99534,99534,99535,1,0
99278,99280,99535,255,2
99534,99534,99535,1,0
99534,99534,99536,2,0
99534,99534,99536,2,0
99535,99535,99536,1,0
99534,99534,99537,3,0
99534,99534,99537,3,0
99534,99534,99537,3,0
99534,99534,99537,3,0
99535,99535,99537,2,0
99534,99534,99538,4,0
99535,99537,99538,1,2
99535,99537,99538,1,2
99535,99536,99539,3,1
99535,99537,99539,2,2
99535,99537,99539,2,2
99534,99534,99539,5,0
99535,99536,99539,3,1
99535,99537,99539,2,2
99535,99538,99539,1,3
99535,99538,99539,1,3
99535,99539,99540,1,4
99535,99540,99541,1,5
99535,99540,99541,1,5
99535,99539,99540,1,4
99535,99539,99540,1,4
99535,99540,99541,1,5
99535,99540,99541,1,5
99535,99540,99541,1,5
99535,99540,99541,1,5
99535,99540,99541,1,5
99535,99536,99541,5,1
99535,99536,99542,6,1
99535,99536,99541,5,1
99535,99541,99542,1,6
99535,99540,99541,1,5
99535,99540,99542,2,5
99535,99541,99542,1,6
99534,99535,99542,7,1
99534,99534,99543,9,0
99534,99534,99543,9,0
99534,99535,99544,9,1
99534,99535,99544,9,1
99535,99535,99544,9,0
99534,99534,99544,10,0
99534,99534,99545,11,0
99534,99534,99545,11,0
99534,99534,99545,11,0
99534,99534,99546,12,0
99534,99534,99548,14,0
99535,99537,99551,14,2
99535,99536,99553,17,1
99534,99534,99553,19,0
99534,99534,99559,25,0
99534,99534,99565,31,0
99409,99409,99565,156,0
99534,99534,99578,44,0
99534,99534,99581,47,0
99406,99406,99587,181,0
99657,99658,99659,1,1
99657,99658,99659,1,1
99657,99658,99659,1,1
99657,99658,99660,2,1
99657,99658,99660,2,1
99657,99658,99660,2,1
99657,99658,99660,2,1
99657,99658,99661,3,1
99657,99658,99661,3,1
99657,99658,99662,4,1
99661,99661,99662,1,0
99661,99661,99662,1,0
99657,99658,99662,4,1
99661,99661,99662,1,0
99657,99658,99662,4,1
99657,99658,99662,4,1
99657,99658,99663,5,1
99661,99662,99663,1,1
99661,99662,99663,1,1
99657,99658,99664,6,1
99661,99663,99664,1,2
99661,99663,99664,1,2
99657,99658,99664,6,1
99661,99661,99664,3,0
99661,99663,99664,1,2
99657,99658,99664,6,1
99661,99663,99664,1,2
99661,99663,99665,2,2
99661,99663,99664,1,2
99661,99664,99665,1,3
99661,99661,99664,3,0
99661,99661,99664,3,0
99657,99658,99665,7,1
99657,99658,99665,7,1
99661,99665,99666,1,4
99661,99665,99666,1,4
99661,99664,99665,1,3
99661,99664,99665,1,3
99661,99665,99666,1,4
99661,99661,99665,4,0
99661,99665,99666,1,4
99661,99665,99666,1,4
99657,99658,99665,7,1
99661,99665,99666,1,4
99661,99663,99665,2,2
99657,99658,99666,8,1
99661,99665,99666,1,4
99661,99665,99666,1,4
99664,99665,99666,1,1
99664,99665,99668,3,1
99664,99665,99667,2,1
99657,99658,99668,10,1
99657,99658,99669,11,1
99664,99666,99668,2,2
99664,99667,99670,3,3
99664,99667,99670,3,3
99664,99667,99669,2,3
99664,99666,99670,4,2
99664,99666,99671,5,2
99664,99669,99670,1,5
99664,99666,99670,4,2
99664,99666,99671,5,2
99664,99666,99671,5,2
99657,99658,99671,13,1
99664,99666,99671,5,2
99664,99671,99672,1,7
99664,99666,99672,6,2
99664,99666,99671,5,2
99664,99668,99672,4,4
99664,99668,99672,4,4
99664,99670,99671,1,6
99664,99666,99671,5,2
99664,99670,99671,1,6
99664,99670,99671,1,6
99657,99658,99672,14,1
99664,99671,99672,1,7
99664,99671,99672,1,7
99664,99666,99674,8,2
99664,99666,99673,7,2
99664,99666,99673,7,2
99661,99661,99675,14,0
99657,99658,99675,17,1
99661,99661,99677,16,0
99661,99665,99677,12,4
99664,99669,99677,8,5
99657,99658,99678,20,1
99664,99667,99679,12,3
99657,99658,99684,26,1
99657,99658,99686,28,1
99664,99669,99686,17,5
99657,99658,99690,32,1
99661,99661,99690,29,0
99657,99658,99691,33,1
99787,99787,99788,1,0
99787,99787,99788,1,0
99787,99787,99788,1,0
99787,99787,99788,1,0
99787,99787,99788,1,0
99787,99787,99788,1,0
99787,99787,99788,1,0
99787,99787,99788,1,0
99787,99787,99788,1,0
99787,99787,99788,1,0
99787,99787,99788,1,0
99787,99787,99788,1,0
99787,99787,99788,1,0
99787,99787,99788,1,0
99787,99787,99790,3,0
99787,99787,99790,3,0
99787,99787,99790,3,0
99787,99787,99790,3,0
99787,99787,99790,3,0
99787,99787,99790,3,0
99787,99787,99795,8,0
99787,99787,99797,10,0
99787,99787,99796,9,0
99787,99787,99798,11,0
99787,99787,99798,11,0
99787,99787,99798,11,0
99787,99787,99798,11,0
99787,99787,99804,17,0
99787,99787,99807,20,0
99661,99665,99809,144,4
99787,99787,99809,22,0
99787,99787,99828,41,0
99664,99671,99831,160,7
99535,99535,99861,326,0
99927,99927,99929,2,0
99927,99927,99928,1,0
99927,99927,99930,3,0
99927,99929,99930,1,2
99927,99927,99930,3,0
99927,99929,99931,2,2
99927,99927,99932,5,0
99927,99927,99931,4,0
99927,99927,99932,5,0
99927,99927,99933,6,0
99927,99927,99933,6,0
99927,99927,99934,7,0
99927,99927,99933,6,0
99927,99927,99934,7,0
99927,99927,99933,6,0
99927,99927,99934,7,0
99927,99927,99934,7,0
99927,99927,99934,7,0
99927,99927,99935,8,0
99927,99927,99935,8,0
99928,99934,99935,1,6
99928,99934,99935,1,6
99927,99927,99936,9,0
99927,99927,99936,9,0
99928,99935,99938,3,7
99928,99935,99939,4,7
99928,99936,99939,3,8
99794,99794,99939,145,0
99927,99927,99940,13,0
99927,99927,99939,12,0
99928,99936,99940,4,8
99927,99927,99940,13,0
99927,99927,99940,13,0
99928,99939,99941,2,11
99928,99939,99941,2,11
99928,99937,99941,4,9
99928,99940,99941,1,12
99927,99927,99941,14,0
99928,99935,99941,6,7
99928,99938,99942,4,10
99799,99799,99942,143,0
99928,99935,99941,6,7
99928,99935,99942,7,7
99928,99940,99941,1,12
99928,99941,99942,1,13
99928,99940,99942,2,12
99927,99927,99943,16,0
99928,99940,99942,2,12
99928,99935,99943,8,7
99928,99935,99942,7,7
99928,99935,99943,8,7
99928,99936,99944,8,8
99928,99937,99943,6,9
99928,99935,99944,9,7
99928,99935,99943,8,7
99928,99935,99943,8,7
99928,99935,99944,9,7
99928,99936,99944,8,8
99927,99927,99944,17,0
99928,99935,99946,11,7
99797,99797,99949,152,0
99928,99941,99950,9,13
99927,99927,99958,31,0
99928,99941,99960,19,13
99658,99658,99963,305,0
99927,99927,99966,39,0
99800,99800,99992,192,0
99798,99798,100014,216,0
99927,99934,100097,163,7
99787,99787,100158,371,0
100301,100301,100302,1,0
100301,100301,100302,1,0
100301,100301,100302,1,0
100301,100301,100304,3,0
100301,100301,100304,3,0
100301,100301,100303,2,0
100301,100301,100304,3,0
100301,100301,100304,3,0
100301,100301,100305,4,0
100301,100301,100306,5,0
100301,100301,100306,5,0
100301,100301,100306,5,0
100301,100301,100305,4,0
100301,100301,100307,6,0
100301,100301,100306,5,0
100301,100301,100307,6,0
100301,100301,100307,6,0
100301,100301,100307,6,0
100301,100301,100307,6,0
100301,100301,100308,7,0
100301,100301,100308,7,0
100301,100301,100308,7,0
100301,100301,100310,9,0
100301,100301,100309,8,0
100301,100301,100313,12,0
100301,100301,100314,13,0
100301,100301,100321,20,0
100301,100301,100321,20,0
100301,100301,100322,21,0
100301,100301,100330,29,0
100172,100172,100343,171,0
100301,100301,100346,45,0
100423,100423,100424,1,0
100423,100423,100425,2,0
100423,100423,100424,1,0
100423,100423,100426,3,0
100423,100423,100425,2,0
100423,100423,100426,3,0
100423,100423,100426,3,0
100423,100423,100427,4,0
100423,100423,100427,4,0
100423,100423,100429,6,0
100423,100423,100429,6,0
100423,100423,100429,6,0
100423,100423,100430,7,0
100423,100425,100430,5,2
100423,100423,100430,7,0
100423,100423,100430,7,0
100423,100423,100430,7,0
100423,100423,100429,6,0
100423,100423,100430,7,0
100423,100423,100430,7,0
100423,100423,100431,8,0
100423,100423,100430,7,0
100423,100423,100431,8,0
100423,100423,100431,8,0
100423,100425,100430,5,2
100423,100423,100431,8,0
100423,100423,100430,7,0
100423,100423,100431,8,0
100423,100427,100432,5,4
100423,100423,100432,9,0
100423,100425,100433,8,2
100423,100429,100433,4,6
100423,100431,100433,2,8
100423,100430,100433,3,7
100423,100430,100433,3,7
100423,100431,100433,2,8
100423,100431,100433,2,8
100423,100426,100433,7,3
100423,100429,100433,4,6
100423,100431,100432,1,8
100423,100431,100433,2,8
100423,100423,100433,10,0
100423,100423,100434,11,0
100423,100427,100433,6,4
100423,100426,100434,8,3
100423,100426,100434,8,3
100427,100432,100433,1,5
100423,100426,100434,8,3
100423,100423,100434,11,0
100423,100423,100434,11,0
100423,100423,100436,13,0
100423,100430,100436,6,7
100427,100433,100436,3,6
100423,100430,100437,7,7
100427,100432,100437,5,5
100427,100435,100437,2,8
100427,100435,100437,2,8
100427,100435,100437,2,8
100423,100423,100437,14,0
100423,100423,100438,15,0
100423,100430,100437,7,7
100427,100433,100438,5,6
100427,100434,100438,4,7
100427,100437,100438,1,10
100427,100435,100438,3,8
100427,100433,100439,6,6
100427,100433,100439,6,6
100427,100433,100439,6,6
100427,100433,100439,6,6
100427,100438,100439,1,11
100427,100438,100439,1,11
100427,100438,100439,1,11
100427,100438,100440,2,11
100423,100429,100440,11,6
100427,100433,100440,7,6
100427,100433,100440,7,6
100427,100433,100440,7,6
100423,100423,100441,18,0
100427,100433,100441,8,6
100427,100438,100441,3,11
100427,100433,100441,8,6
100427,100437,100443,6,10
100427,100438,100443,5,11
100427,100442,100443,1,15
100427,100439,100443,4,12
100427,100442,100443,1,15
100427,100441,100444,3,14
100427,100441,100443,2,14
100423,100430,100444,14,7
100427,100437,100444,7,10
100423,100423,100444,21,0
100427,100442,100444,2,15
100427,100444,100445,1,17
100427,100439,100444,5,12
100427,100441,100444,3,14
100427,100440,100444,4,13
100427,100444,100445,1,17
100427,100444,100445,1,17
100427,100444,100445,1,17
100427,100439,100446,7,12
100427,100440,100445,5,13
100427,100444,100445,1,17
100427,100440,100446,6,13
100427,100436,100445,9,9
100427,100440,100447,7,13
100427,100440,100447,7,13
100430,100445,100446,1,15
100427,100440,100446,6,13
100430,100445,100446,1,15
100427,100436,100447,11,9
100427,100440,100447,7,13
100427,100440,100447,7,13
100430,100445,100448,3,15
100427,100438,100449,11,11
100427,100443,100449,6,16
100430,100447,100449,2,17
100430,100447,100449,2,17
100430,100448,100450,2,18
100430,100448,100450,2,18
100430,100448,100449,1,18
100427,100440,100450,10,13
100430,100447,100451,4,17
100430,100447,100450,3,17
100427,100441,100451,10,14
100427,100443,100451,8,16
100430,100447,100451,4,17
100430,100450,100451,1,20
100430,100450,100451,1,20
100430,100445,100451,6,15
100430,100450,100451,1,20
100430,100450,100451,1,20
100430,100450,100451,1,20
100430,100445,100452,7,15
100430,100446,100452,6,16
100430,100446,100452,6,16
100430,100446,100453,7,16
100427,100435,100453,18,8
100430,100446,100453,7,16
100430,100446,100453,7,16
100430,100446,100453,7,16
100430,100446,100454,8,16
100430,100448,100454,6,18
100430,100450,100454,4,20
100430,100451,100456,5,21
100427,100444,100457,13,17
100430,100449,100458,9,19
100423,100430,100459,29,7
100430,100446,100460,14,16
100427,100432,100460,28,5
100430,100445,100461,16,15
100423,100430,100461,31,7
100427,100434,100462,28,7
100423,100431,100462,31,8
100427,100435,100464,29,8
100427,100433,100467,34,6
100555,100555,100557,2,0
100555,100555,100557,2,0
100555,100555,100556,1,0
100555,100555,100558,3,0
100555,100555,100558,3,0
100555,100555,100559,4,0
100555,100555,100559,4,0
100555,100556,100558,2,1
100555,100556,100559,3,1
100555,100555,100560,5,0
100555,100556,100560,4,1
100555,100555,100561,6,0
100555,100555,100562,7,0
100555,100555,100562,7,0
100555,100555,100562,7,0
100555,100555,100562,7,0
100555,100555,100563,8,0
100555,100555,100562,7,0
100555,100555,100563,8,0
100555,100555,100562,7,0
100555,100555,100563,8,0
100555,100555,100565,10,0
100555,100555,100565,10,0
100555,100555,100565,10,0
100555,100555,100567,12,0
100555,100555,100568,13,0
100555,100555,100569,14,0
100555,100555,100569,14,0
100555,100555,100571,16,0
100555,100555,100574,19,0
100555,100555,100583,28,0
100430,100451,100602,151,21
100698,100698,100699,1,0
100698,100698,100699,1,0
100698,100698,100699,1,0
100698,100698,100699,1,0
100698,100698,100699,1,0
100698,100698,100699,1,0
100698,100698,100699,1,0
100698,100698,100699,1,0
100698,100698,100699,1,0
100698,100698,100699,1,0
100698,100698,100700,2,0
100698,100698,100699,1,0
100698,100698,100699,1,0
100698,100698,100699,1,0
100698,100698,100701,3,0
100698,100698,100701,3,0
100698,100698,100700,2,0
100698,100698,100700,2,0
100698,100698,100701,3,0
100698,100698,100702,4,0
100698,100698,100701,3,0
100698,100698,100701,3,0
100698,100698,100701,3,0
100698,100698,100701,3,0
100698,100698,100701,3,0
100701,100701,100702,1,0
100701,100701,100702,1,0
100701,100701,100702,1,0
100698,100698,100703,5,0
100698,100698,100703,5,0
100701,100701,100703,2,0
100701,100703,100704,1,2
100701,100702,100705,3,1
100428,100444,100704,260,16
100701,100703,100705,2,2
100701,100703,100705,2,2
100701,100702,100705,3,1
100701,100702,100705,3,1
100701,100702,100705,3,1
100701,100705,100706,1,4
100701,100704,100705,1,3
100701,100701,100705,4,0
100701,100701,100706,5,0
100701,100701,100706,5,0
100701,100701,100707,6,0
100701,100701,100706,5,0
100701,100701,100707,6,0
100701,100701,100708,7,0
100701,100701,100707,6,0
100701,100701,100708,7,0
100701,100701,100708,7,0
100701,100701,100708,7,0
100701,100701,100708,7,0
100701,100701,100708,7,0
100701,100704,100709,5,3
100701,100702,100709,7,1
100698,100698,100711,13,0
100698,100698,100712,14,0
100701,100704,100714,10,3
100701,100702,100716,14,1
100698,100698,100717,19,0
100698,100698,100719,21,0
100566,100566,100720,154,0
100701,100702,100721,19,1
100570,100570,100741,171,0
100423,100431,100741,310,8
100826,100826,100827,1,0
100826,100826,100827,1,0
100826,100826,100827,1,0
100826,100826,100827,1,0
100826,100826,100827,1,0
100826,100826,100827,1,0
100826,100826,100827,1,0
100826,100826,100828,2,0
100826,100826,100827,1,0
100826,100826,100827,1,0
100826,100826,100828,2,0
100826,100826,100827,1,0
100826,100826,100828,2,0
100826,100826,100828,2,0
100826,100826,100828,2,0
100826,100826,100830,4,0
100826,100826,100830,4,0
100829,100829,100830,1,0
100829,100829,100830,1,0
100829,100829,100830,1,0
100826,100826,100830,4,0
100826,100826,100830,4,0
100829,100829,100832,3,0
100826,100826,100832,6,0
100826,100826,100832,6,0
100826,100826,100833,7,0
100829,100832,100834,2,3
100829,100831,100834,3,2
100829,100831,100834,3,2
100829,100829,100834,5,0
100829,100829,100835,6,0
100829,100831,100834,3,2
100829,100829,100834,5,0
100829,100830,100835,5,1
100829,100829,100836,7,0
100829,100834,100835,1,5
100829,100829,100835,6,0
100829,100829,100836,7,0
100829,100834,100835,1,5
100829,100834,100836,2,5
100829,100835,100836,1,6
100826,100826,100836,10,0
100826,100826,100836,10,0
100829,100829,100837,8,0
100829,100835,100836,1,6
100829,100829,100836,7,0
100829,100829,100837,8,0
100829,100833,100837,4,4
100829,100829,100837,8,0
100829,100831,100838,7,2
100826,100826,100839,13,0
100829,100829,100838,9,0
100826,100826,100839,13,0
100829,100833,100840,7,4
100826,100826,100841,15,0
100826,100826,100841,15,0
100829,100830,100841,11,1
100829,100833,100844,11,4
100826,100826,100845,19,0
100826,100826,100849,23,0
100829,100831,100855,24,2
100826,100826,100859,33,0
100698,100699,100866,167,1
100555,100556,100875,319,1
100701,100705,100901,196,4
100951,100951,100953,2,0
100951,100951,100953,2,0
100951,100951,100953,2,0
100951,100951,100954,3,0
100951,100951,100955,4,0
100951,100952,100955,3,1
100951,100952,100955,3,1
100951,100951,100955,4,0
100951,100951,100956,5,0
100951,100951,100956,5,0
100951,100951,100956,5,0
100951,100952,100956,4,1
100951,100951,100957,6,0
100951,100951,100957,6,0
100951,100951,100957,6,0
100951,100951,100957,6,0
100951,100951,100957,6,0
100951,100951,100957,6,0
100951,100951,100957,6,0
100951,100951,100958,7,0
100951,100951,100957,6,0
100951,100951,100958,7,0
100951,100951,100958,7,0
100951,100951,100959,8,0
100951,100951,100961,10,0
100951,100951,100962,11,0
100951,100951,100963,12,0
100951,100951,100964,13,0
100951,100951,100964,13,0
100951,100951,100965,14,0
100702,100705,100971,266,3
100951,100951,100981,30,0
100826,100826,101083,257,0
101083,101083,101085,2,0
101083,101083,101084,1,0
101083,101083,101085,2,0
101083,101083,101085,2,0
101083,101083,101087,4,0
101083,101083,101087,4,0
101083,101083,101088,5,0
101083,101083,101088,5,0
101083,101083,101089,6,0
101083,101083,101089,6,0
101083,101083,101089,6,0
101083,101085,101090,5,2
101083,101083,101089,6,0
101083,101083,101089,6,0
101083,101083,101090,7,0
101083,101083,101091,8,0
101083,101083,101090,7,0
101083,101083,101090,7,0
101083,101083,101090,7,0
101083,101083,101090,7,0
101083,101083,101091,8,0
101083,101085,101091,6,2
101083,101085,101091,6,2
101083,101083,101090,7,0
101083,101086,101092,6,3
101083,101083,101093,10,0
101083,101091,101093,2,8
101083,101091,101093,2,8
101083,101091,101093,2,8
101083,101091,101093,2,8
101083,101090,101093,3,7
101083,101091,101093,2,8
101083,101091,101093,2,8
101083,101091,101093,2,8
101083,101083,101094,11,0
101083,101083,101093,10,0
101083,101083,101093,10,0
101083,101083,101093,10,0
101083,101087,101094,7,4
101083,101089,101093,4,6
101083,101093,101094,1,10
101083,101090,101093,3,7
101083,101091,101094,3,8
101083,101088,101094,6,5
101083,101090,101093,3,7
101083,101092,101093,1,9
101083,101083,101094,11,0
101083,101084,101095,11,1
101083,101083,101095,12,0
101083,101083,101095,12,0
101083,101087,101094,7,4
101083,101089,101095,6,6
101083,101090,101095,5,7
101083,101093,101096,3,10
101083,101089,101095,6,6
101083,101083,101097,14,0
101083,101083,101097,14,0
101083,101091,101097,6,8
101083,101090,101103,13,7
101083,101083,101104,21,0
101083,101083,101109,26,0
101083,101083,101135,52,0
101205,101205,101207,2,0
101205,101205,101207,2,0
101205,101205,101207,2,0
101205,101205,101207,2,0
101205,101205,101207,2,0
101205,101205,101207,2,0
101205,101205,101207,2,0
101205,101205,101207,2,0
101205,101205,101207,2,0
101205,101205,101207,2,0
101205,101205,101207,2,0
101205,101205,101207,2,0
101205,101205,101207,2,0
101205,101205,101207,2,0
101205,101205,101207,2,0
101205,101205,101207,2,0
101205,101205,101208,3,0
101205,101205,101208,3,0
101205,101205,101208,3,0
101205,101205,101210,5,0
101205,101205,101212,7,0
101205,101205,101212,7,0
101211,101211,101213,2,0
101211,101211,101213,2,0
101211,101211,101213,2,0
101211,101211,101215,4,0
101211,101212,101215,3,1
101211,101211,101215,4,0
101211,101212,101215,3,1
101211,101214,101215,1,3
101211,101214,101215,1,3
101211,101212,101215,3,1
101211,101214,101215,1,3
101205,101205,101216,11,0
101211,101212,101216,4,1
101211,101212,101216,4,1
101211,101211,101216,5,0
101205,101205,101217,12,0
101211,101216,101217,1,5
101211,101216,101217,1,5
101214,101216,101217,1,2
101211,101216,101217,1,5
101205,101205,101218,13,0
101214,101216,101218,2,2
101211,101212,101219,7,1
101211,101212,101219,7,1
101211,101212,101219,7,1
101211,101211,101219,8,0
101211,101212,101219,7,1
101211,101211,101219,8,0
101211,101212,101219,7,1
101211,101211,101219,8,0
101211,101211,101219,8,0
101211,101211,101219,8,0
101211,101211,101220,9,0
101214,101216,101219,3,2
101214,101216,101220,4,2
101211,101211,101221,10,0
101214,101220,101221,1,6
101214,101220,101221,1,6
101214,101220,101221,1,6
101214,101220,101221,1,6
101214,101220,101222,2,6
101214,101220,101222,2,6
101214,101217,101223,6,3
101214,101220,101222,2,6
101214,101220,101222,2,6
101214,101217,101222,5,3
101214,101218,101222,4,4
101214,101218,101223,5,4
101214,101219,101223,4,5
101214,101222,101223,1,8
101214,101222,101223,1,8
101214,101220,101223,3,6
101214,101221,101223,2,7
101214,101218,101224,6,4
101214,101218,101225,7,4
101205,101205,101225,20,0
101205,101205,101225,20,0
100951,100952,101226,274,1
101214,101217,101225,8,3
101205,101205,101226,21,0
101214,101220,101229,9,6
101214,101220,101230,10,6
101214,101217,101231,14,3
101205,101205,101231,26,0
101214,101217,101232,15,3
101214,101219,101232,13,5
101211,101211,101233,22,0
101214,101222,101236,14,8
101211,101211,101237,26,0
101205,101205,101245,40,0
101214,101220,101252,32,6
101205,101205,101257,52,0
101342,101342,101343,1,0
101342,101342,101343,1,0
101342,101342,101343,1,0
101342,101342,101343,1,0
101342,101342,101343,1,0
101342,101342,101343,1,0
101342,101342,101343,1,0
101342,101342,101343,1,0
101342,101342,101343,1,0
101342,101342,101343,1,0
101342,101342,101343,1,0
101342,101342,101345,3,0
101342,101342,101344,2,0
101342,101342,101344,2,0
101342,101342,101344,2,0
101342,101342,101345,3,0
101342,101342,101348,6,0
101342,101342,101348,6,0
101342,101342,101350,8,0
101342,101342,101352,10,0
101342,101342,101352,10,0
101342,101342,101353,11,0
101342,101342,101352,10,0
101342,101342,101353,11,0
101342,101342,101353,11,0
101342,101342,101354,12,0
101342,101342,101354,12,0
101342,101342,101354,12,0
101342,101342,101355,13,0
101342,101342,101357,15,0
101342,101342,101358,16,0
101214,101222,101369,147,8
101212,101216,101370,154,4
101220,101222,101384,162,2
101483,101483,101484,1,0
101483,101483,101484,1,0
101483,101483,101484,1,0
101483,101483,101484,1,0
101483,101483,101484,1,0
101483,101483,101484,1,0
101483,101483,101485,2,0
101483,101483,101484,1,0
101483,101484,101485,1,1
101483,101483,101484,1,0
101483,101483,101484,1,0
101483,101484,101485,1,1
101483,101483,101485,2,0
101483,101483,101485,2,0
101483,101483,101485,2,0
101483,101483,101486,3,0
101483,101483,101485,2,0
101483,101483,101486,3,0
101483,101483,101488,5,0
101483,101483,101488,5,0
101483,101483,101488,5,0
101483,101483,101492,9,0
101483,101483,101493,10,0
101483,101483,101494,11,0
101483,101483,101495,12,0
101483,101483,101494,11,0
101348,101348,101496,148,0
101356,101356,101501,145,0
101483,101483,101504,21,0
101483,101483,101507,24,0
101358,101358,101511,153,0
101483,101483,101512,29,0
101357,101357,101521,164,0
101354,101354,101527,173,0
101483,101483,101531,48,0
101483,101483,101537,54,0
101205,101206,101552,346,1
101605,101605,101606,1,0
101605,101605,101606,1,0
101605,101605,101606,1,0
101605,101605,101608,3,0
101605,101605,101607,2,0
101605,101605,101608,3,0
101605,101605,101609,4,0
101605,101605,101609,4,0
101605,101605,101609,4,0
101605,101605,101610,5,0
101608,101608,101609,1,0
101605,101605,101609,4,0
101608,101608,101609,1,0
101605,101605,101610,5,0
101605,101605,101609,4,0
101608,101608,101610,2,0
101605,101605,101610,5,0
101605,101605,101610,5,0
101605,101605,101610,5,0
101605,101605,101610,5,0
101605,101605,101611,6,0
101605,101605,101611,6,0
101605,101605,101611,6,0
101605,101605,101612,7,0
101608,101610,101613,3,2
101608,101611,101613,2,3
101608,101611,101612,1,3
101608,101611,101613,2,3
101608,101611,101613,2,3
101608,101611,101613,2,3
101608,101612,101613,1,4
101608,101610,101613,3,2
101608,101610,101613,3,2
101608,101610,101613,3,2
101608,101608,101614,6,0
101605,101605,101614,9,0
101608,101608,101615,7,0
101608,101610,101615,5,2
101608,101610,101614,4,2
101608,101609,101614,5,1
101608,101613,101614,1,5
101608,101610,101614,4,2
101608,101613,101614,1,5
101608,101613,101614,1,5
101608,101613,101614,1,5
101608,101613,101614,1,5
101608,101614,101615,1,6
101608,101614,101615,1,6
101605,101605,101615,10,0
101605,101605,101616,11,0
101608,101609,101616,7,1
101605,101605,101616,11,0
101608,101611,101616,5,3
101608,101614,101617,3,6
101605,101605,101617,12,0
101608,101608,101618,10,0
101608,101615,101618,3,7
101608,101608,101618,10,0
101608,101616,101619,3,8
101608,101616,101618,2,8
101608,101615,101619,4,7
101608,101617,101618,1,9
101608,101616,101619,3,8
101608,101615,101618,3,7
101608,101616,101618,2,8
101608,101614,101620,6,6
101608,101615,101619,4,7
101608,101615,101619,4,7
101608,101614,101619,5,6
101608,101615,101620,5,7
101608,101619,101620,1,11
101608,101609,101620,11,1
101608,101614,101620,6,6
101608,101618,101620,2,10
101608,101615,101621,6,7
101608,101615,101620,5,7
101608,101619,101620,1,11
101608,101619,101620,1,11
101608,101619,101620,1,11
101608,101615,101622,7,7
101608,101612,101622,10,4
101608,101618,101622,4,10
101608,101621,101624,3,13
101608,101621,101624,3,13
101608,101622,101624,2,14
101608,101621,101624,3,13
101608,101619,101624,5,11
101608,101620,101624,4,12
101608,101621,101625,4,13
101608,101621,101625,4,13
101608,101622,101625,3,14
101608,101619,101625,6,11
101608,101620,101625,5,12
101605,101605,101625,20,0
101608,101620,101625,5,12
101608,101620,101626,6,12
101608,101620,101626,6,12
101608,101624,101626,2,16
101608,101619,101626,7,11
101608,101620,101626,6,12
101608,101620,101625,5,12
101608,101620,101626,6,12
101608,101624,101626,2,16
101608,101624,101626,2,16
101608,101624,101626,2,16
101608,101625,101626,1,17
101608,101625,101626,1,17
101605,101605,101627,22,0
101608,101617,101627,10,9
101608,101608,101627,19,0
101608,101625,101626,1,17
101608,101625,101626,1,17
101608,101622,101627,5,14
101605,101605,101627,22,0
101342,101342,101629,287,0
101608,101617,101631,14,9
101608,101620,101632,12,12
101608,101615,101633,18,7
101608,101619,101633,14,11
101608,101615,101635,20,7
101608,101616,101634,18,8
101605,101605,101636,31,0
101605,101605,101638,33,0
101608,101617,101666,49,9
101608,101608,101667,59,0
101737,101737,101738,1,0
101737,101737,101738,1,0
101737,101737,101738,1,0
101737,101737,101740,3,0
101737,101737,101739,2,0
101737,101737,101741,4,0
101737,101739,101741,2,2
101737,101737,101742,5,0
101737,101737,101742,5,0
101737,101737,101742,5,0
101737,101737,101741,4,0
101737,101737,101743,6,0
101737,101737,101742,5,0
101737,101737,101743,6,0
101737,101737,101742,5,0
101737,101737,101742,5,0
101737,101737,101744,7,0
101737,101737,101743,6,0
101737,101737,101744,7,0
101737,101737,101744,7,0
101737,101737,101744,7,0
101737,101739,101744,5,2
101737,101739,101743,4,2
101737,101737,101745,8,0
101737,101737,101744,7,0
101737,101740,101745,5,3
101737,101744,101746,2,7
101737,101737,101746,9,0
101737,101743,101746,3,6
101737,101744,101746,2,7
101737,101744,101746,2,7
101737,101744,101746,2,7
101737,101737,101747,10,0
101737,101737,101747,10,0
101737,101741,101746,5,4
101737,101743,101747,4,6
101737,101744,101747,3,7
101737,101746,101747,1,9
101737,101742,101747,5,5
101737,101743,101746,3,6
101737,101743,101746,3,6
101737,101737,101747,10,0
101737,101737,101746,9,0
101737,101742,101747,5,5
101737,101737,101748,11,0
101737,101746,101747,1,9
101737,101742,101747,5,5
101737,101737,101748,11,0
101737,101745,101749,4,8
101737,101737,101749,12,0
101737,101742,101749,7,5
101737,101745,101749,4,8
101737,101742,101750,8,5
101737,101740,101750,10,3
101737,101737,101751,14,0
101737,101737,101750,13,0
101737,101744,101752,8,7
101737,101746,101761,15,9
101737,101743,101764,21,6
101737,101737,101764,27,0
101737,101744,101764,20,7
101737,101737,101790,53,0
101605,101605,101858,253,0
101730,101730,101864,134,0
101864,101864,101865,1,0
101864,101864,101865,1,0
101864,101864,101867,3,0
101864,101864,101866,2,0
101864,101864,101866,2,0
101864,101864,101866,2,0
101864,101864,101867,3,0
101864,101864,101868,4,0
101867,101867,101868,1,0
101864,101864,101869,5,0
101864,101864,101869,5,0
101867,101867,101868,1,0
101867,101867,101868,1,0
101864,101864,101870,6,0
101864,101864,101870,6,0
101864,101864,101870,6,0
101864,101864,101870,6,0
101864,101864,101869,5,0
101864,101864,101870,6,0
101864,101864,101870,6,0
101864,101864,101870,6,0
101864,101864,101870,6,0
101864,101864,101871,7,0
101864,101864,101872,8,0
101867,101867,101872,5,0
101867,101867,101871,4,0
101867,101870,101872,2,3
101864,101864,101872,8,0
101867,101870,101873,3,3
101867,101870,101873,3,3
101867,101870,101872,2,3
101867,101870,101873,3,3
101867,101871,101873,2,4
101867,101869,101873,4,2
101867,101869,101873,4,2
101864,101864,101873,9,0
101867,101872,101874,2,5
101867,101869,101874,5,2
101870,101873,101874,1,3
101867,101869,101873,4,2
101867,101872,101873,1,5
101870,101873,101874,1,3
101867,101869,101874,5,2
101867,101872,101873,1,5
101864,101864,101875,11,0
101867,101870,101874,4,3
101867,101869,101875,6,2
101870,101873,101874,1,3
101870,101873,101875,2,3
101864,101864,101875,11,0
101867,101871,101876,5,4
101864,101864,101877,13,0
101870,101873,101877,4,3
101864,101864,101878,14,0
101867,101873,101877,4,6
101870,101875,101878,3,5
101870,101875,101878,3,5
101870,101875,101878,3,5
101870,101873,101878,5,3
101867,101871,101879,8,4
101867,101871,101878,7,4
101870,101874,101879,5,4
101870,101874,101879,5,4
101870,101874,101879,5,4
101870,101874,101879,5,4
101870,101874,101879,5,4
101870,101874,101878,4,4
101870,101874,101879,5,4
101870,101874,101878,4,4
101870,101877,101879,2,7
101870,101875,101879,4,5
101870,101878,101879,1,8
101870,101878,101880,2,8
101870,101878,101879,1,8
101870,101878,101879,1,8
101870,101879,101881,2,9
101867,101867,101882,15,0
101870,101878,101882,4,8
101864,101864,101882,18,0
101867,101867,101882,15,0
101870,101874,101883,9,4
101870,101878,101884,6,8
101867,101867,101885,18,0
101870,101877,101886,9,7
101867,101872,101887,15,5
101864,101864,101888,24,0
101870,101875,101889,14,5
101864,101864,101894,30,0
101867,101867,101895,28,0
101864,101864,101896,32,0
101870,101876,101900,24,6
101737,101746,101903,157,9
101870,101877,101909,32,7
101867,101867,101926,59,0
101994,101994,101995,1,0
101994,101994,101995,1,0
101994,101994,101995,1,0
101994,101994,101995,1,0
101994,101994,101995,1,0
101994,101994,101995,1,0
101994,101994,101995,1,0
101994,101994,101995,1,0
101994,101994,101996,2,0
101994,101994,101995,1,0
101994,101994,101996,2,0
101994,101994,101995,1,0
101994,101994,101995,1,0
101994,101994,101996,2,0
101994,101994,101997,3,0
101994,101994,101997,3,0
101994,101994,101997,3,0
101994,101994,101997,3,0
101994,101994,101998,4,0
101994,101995,101998,3,1
101994,101994,102000,6,0
101994,101994,102000,6,0
101994,101994,102000,6,0
102001,102001,102002,1,0
102001,102001,102002,1,0
102001,102001,102002,1,0
102001,102001,102003,2,0
102001,102002,102004,2,1
101994,101994,102004,10,0
101994,101994,102004,10,0
102001,102001,102005,4,0
102001,102001,102005,4,0
102001,102003,102004,1,2
102001,102003,102005,2,2
102001,102003,102004,1,2
102001,102001,102005,4,0
102001,102001,102004,3,0
102001,102001,102005,4,0
101994,101994,102005,11,0
102001,102001,102005,4,0
102001,102001,102006,5,0
102001,102001,102005,4,0
102001,102001,102005,4,0
102001,102001,102005,4,0
102001,102001,102006,5,0
102001,102001,102005,4,0
102001,102001,102006,5,0
102001,102001,102006,5,0
102001,102004,102005,1,3
101994,101994,102006,12,0
102001,102001,102006,5,0
102001,102001,102007,6,0
101994,101994,102007,13,0
102001,102001,102009,8,0
102001,102005,102008,3,4
102001,102001,102011,10,0
102001,102001,102011,10,0
101994,101994,102013,19,0
102001,102005,102015,10,4
101994,101994,102019,25,0
102001,102005,102026,21,4
101867,101873,102044,171,6
101871,101879,102052,173,8
101994,101994,102053,59,0
102126,102127,102128,1,1
102126,102127,102128,1,1
102126,102127,102128,1,1
102126,102127,102128,1,1
102126,102127,102128,1,1
102126,102127,102128,1,1
102126,102127,102128,1,1
102126,102127,102128,1,1
102126,102127,102128,1,1
102126,102127,102128,1,1
102126,102127,102128,1,1
102126,102127,102128,1,1
102126,102127,102128,1,1
102126,102127,102128,1,1
102126,102127,102129,2,1
102126,102127,102129,2,1
102126,102127,102129,2,1
102126,102127,102129,2,1
102126,102127,102129,2,1
102126,102127,102130,3,1
102126,102127,102130,3,1
102127,102129,102130,1,2
102127,102129,102130,1,2
102127,102129,102131,2,2
102126,102127,102132,5,1
102126,102127,102132,5,1
102126,102127,102132,5,1
102126,102127,102132,5,1
102127,102129,102133,4,2
102127,102129,102132,3,2
102127,102131,102132,1,4
102127,102130,102133,3,3
102127,102131,102132,1,4
102127,102130,102133,3,3
102127,102129,102134,5,2
102127,102129,102133,4,2
102127,102129,102133,4,2
102127,102132,102133,1,5
102126,102127,102133,6,1
102127,102129,102133,4,2
102127,102129,102133,4,2
102127,102129,102133,4,2
102127,102133,102134,1,6
102127,102130,102134,4,3
102127,102129,102134,5,2
102127,102133,102134,1,6
102127,102130,102135,5,3
102127,102131,102135,4,4
102127,102131,102135,4,4
102127,102129,102135,6,2
102127,102129,102135,6,2
102127,102127,102138,11,0
102127,102130,102137,7,3
102126,102127,102137,10,1
102126,102127,102138,11,1
102126,102127,102138,11,1
102126,102127,102138,11,1
102127,102133,102139,6,6
102127,102133,102139,6,6
102127,102133,102142,9,6
102127,102133,102148,15,6
102126,102127,102154,27,1
101870,101879,102159,280,9
102001,102005,102167,162,4
101864,101864,102186,322,0
102255,102255,102256,1,0
102255,102255,102256,1,0
102255,102255,102257,2,0
102255,102255,102256,1,0
102255,102257,102258,1,2
102255,102255,102259,4,0
102255,102255,102259,4,0
102255,102255,102259,4,0
102255,102255,102260,5,0
102255,102255,102260,5,0
102255,102257,102260,3,2
102255,102255,102260,5,0
102255,102255,102260,5,0
102255,102255,102260,5,0
102255,102255,102260,5,0
102255,102257,102260,3,2
102255,102255,102261,6,0
102255,102255,102261,6,0
102255,102255,102260,5,0
102255,102255,102261,6,0
102255,102255,102261,6,0
102255,102255,102262,7,0
102255,102257,102262,5,2
102255,102260,102262,2,5
102255,102259,102263,4,4
102255,102261,102263,2,6
102255,102255,102263,8,0
102255,102255,102263,8,0
102255,102260,102263,3,5
102255,102255,102264,9,0
102255,102255,102264,9,0
102255,102255,102263,8,0
102255,102261,102264,3,6
102255,102260,102264,4,5
102255,102260,102264,4,5
102255,102262,102264,2,7
102255,102262,102264,2,7
102255,102260,102264,4,5
102255,102260,102264,4,5
102255,102259,102263,4,4
102255,102260,102263,3,5
102255,102262,102264,2,7
102255,102255,102264,9,0
102255,102255,102264,9,0
102255,102255,102264,9,0
102255,102255,102265,10,0
102255,102260,102265,5,5
102255,102260,102265,5,5
102255,102263,102264,1,8
102255,102263,102265,2,8
102255,102255,102264,9,0
102255,102255,102266,11,0
102255,102261,102268,7,6
102255,102261,102267,6,6
102255,102260,102269,9,5
102255,102261,102268,7,6
102255,102255,102275,20,0
102255,102263,102279,16,8
102255,102263,102282,19,8
102255,102255,102282,27,0
102127,102133,102285,152,6
102255,102255,102285,30,0
102255,102255,102300,45,0
102386,102386,102387,1,0
102386,102386,102387,1,0
102386,102386,102387,1,0
102386,102386,102389,3,0
102386,102386,102389,3,0
102386,102386,102389,3,0
102386,102386,102389,3,0
102386,102386,102390,4,0
102386,102386,102389,3,0
102386,102386,102389,3,0
102386,102386,102390,4,0
102386,102386,102389,3,0
102386,102386,102390,4,0
102386,102386,102391,5,0
102386,102386,102390,4,0
102386,102386,102391,5,0
102386,102386,102392,6,0
102386,102386,102392,6,0
102386,102386,102392,6,0
102386,102390,102392,2,4
102386,102386,102394,8,0
102386,102386,102394,8,0
102386,102386,102395,9,0
102386,102386,102397,11,0
102386,102386,102398,12,0
102386,102386,102398,12,0
102386,102386,102398,12,0
102386,102386,102399,13,0
102386,102386,102407,21,0
101994,101995,102410,415,1
102386,102386,102411,25,0
102386,102386,102422,36,0
102386,102386,102428,42,0
102255,102263,102442,179,8
102513,102513,102514,1,0
102513,102513,102514,1,0
102513,102513,102514,1,0
102513,102513,102514,1,0
102513,102513,102514,1,0
102513,102513,102514,1,0
102513,102513,102514,1,0
102513,102513,102514,1,0
102513,102513,102514,1,0
102513,102513,102514,1,0
102513,102513,102514,1,0
102513,102513,102515,2,0
102513,102513,102514,1,0
102513,102513,102515,2,0
102513,102513,102516,3,0
102513,102513,102515,2,0
102516,102516,102517,1,0
102516,102516,102517,1,0
102516,102516,102517,1,0
102513,102513,102518,5,0
102516,102516,102518,2,0
102513,102513,102518,5,0
102516,102518,102520,2,2
102516,102518,102520,2,2
102516,102518,102520,2,2
102513,102513,102520,7,0
102516,102516,102520,4,0
102516,102516,102520,4,0
102516,102516,102520,4,0
102516,102516,102521,5,0
102516,102516,102520,4,0
102516,102516,102520,4,0
102516,102516,102521,5,0
102516,102516,102522,6,0
102516,102519,102521,2,3
102516,102520,102521,1,4
102517,102521,102522,1,4
102516,102516,102521,5,0
102516,102520,102521,1,4
102517,102521,102522,1,4
102516,102516,102521,5,0
102516,102520,102521,1,4
102517,102521,102522,1,4
102513,102513,102522,9,0
102513,102513,102523,10,0
102513,102513,102522,9,0
102513,102513,102522,9,0
102516,102521,102523,2,5
102516,102521,102522,1,5
102516,102516,102522,6,0
102517,102521,102523,2,4
102513,102513,102523,10,0
102513,102513,102524,11,0
102516,102520,102524,4,4
102513,102513,102524,11,0
102513,102513,102525,12,0
102517,102522,102525,3,5
102517,102522,102525,3,5
102517,102523,102525,2,6
102517,102522,102525,3,5
102517,102522,102524,2,5
102517,102523,102525,2,6
102517,102522,102525,3,5
102517,102522,102526,4,5
102517,102523,102525,2,6
102516,102519,102526,7,3
102517,102522,102526,4,5
102517,102522,102527,5,5
102517,102523,102526,3,6
102513,102513,102527,14,0
102516,102518,102527,9,2
102517,102525,102527,2,8
102517,102525,102526,1,8
102517,102522,102527,5,5
102517,102525,102526,1,8
102517,102525,102526,1,8
102517,102523,102527,4,6
102517,102524,102528,4,7
102517,102524,102529,5,7
102516,102516,102531,15,0
102517,102522,102531,9,5
102517,102523,102534,11,6
102516,102516,102536,20,0
102517,102522,102537,15,5
102517,102523,102539,16,6
102513,102513,102540,27,0
102516,102516,102543,27,0
102513,102513,102544,31,0
102513,102513,102546,33,0
102386,102390,102549,159,4
102517,102525,102562,37,8
102516,102516,102570,54,0
102517,102525,102570,45,8
102517,102523,102576,53,6
102519,102525,102665,140,6
102516,102521,102671,150,5
102518,102525,102674,149,7
102519,102526,102697,171,7
102769,102769,102770,1,0
102769,102769,102770,1,0
102769,102769,102770,1,0
102769,102769,102770,1,0
102769,102769,102770,1,0
102769,102769,102770,1,0
102769,102769,102771,2,0
102769,102769,102771,2,0
102769,102769,102770,1,0
102769,102769,102770,1,0
102769,102769,102771,2,0
102769,102769,102770,1,0
102769,102769,102770,1,0
102769,102769,102771,2,0
102769,102769,102772,3,0
102769,102769,102772,3,0
102769,102769,102772,3,0
102769,102769,102774,5,0
102769,102769,102774,5,0
102769,102769,102775,6,0
102769,102769,102774,5,0
102769,102769,102774,5,0
102769,102769,102777,8,0
102769,102769,102779,10,0
102513,102513,102784,271,0
102769,102769,102785,16,0
102769,102769,102787,18,0
102769,102769,102793,24,0
102769,102769,102794,25,0
102769,102769,102794,25,0
102769,102769,102795,26,0
102769,102769,102804,35,0
102895,102895,102896,1,0
102895,102895,102896,1,0
102895,102895,102897,2,0
102895,102895,102897,2,0
102895,102895,102897,2,0
102895,102895,102897,2,0
102895,102895,102898,3,0
102895,102895,102898,3,0
102895,102895,102897,2,0
102895,102895,102898,3,0
102895,102895,102897,2,0
102895,102895,102898,3,0
102895,102895,102899,4,0
102895,102895,102899,4,0
102895,102895,102900,5,0
102895,102898,102900,2,3
102895,102898,102900,2,3
102895,102895,102900,5,0
102895,102898,102900,2,3
102895,102895,102900,5,0
102895,102898,102900,2,3
102895,102895,102900,5,0
102895,102898,102900,2,3
102895,102895,102901,6,0
102895,102897,102901,4,2
102895,102900,102901,1,5
102895,102895,102902,7,0
102895,102895,102902,7,0
102895,102897,102902,5,2
102895,102900,102902,2,5
102895,102897,102902,5,2
102895,102900,102902,2,5
102895,102900,102902,2,5
102895,102897,102902,5,2
102895,102900,102902,2,5
102895,102900,102902,2,5
102895,102899,102901,2,4
102895,102900,102902,2,5
102895,102901,102902,1,6
102895,102900,102903,3,5
102895,102902,102903,1,7
102895,102902,102903,1,7
102895,102902,102903,1,7
102895,102902,102903,1,7
102895,102902,102903,1,7
102895,102902,102903,1,7
102895,102901,102903,2,6
102895,102902,102903,1,7
102895,102902,102903,1,7
102895,102898,102903,5,3
102895,102900,102904,4,5
102895,102900,102904,4,5
102895,102895,102904,9,0
102895,102897,102904,7,2
102895,102903,102904,1,8
102895,102897,102904,7,2
102895,102895,102905,10,0
102895,102895,102905,10,0
102895,102901,102904,3,6
102895,102895,102905,10,0
102895,102895,102906,11,0
102895,102895,102907,12,0
102895,102895,102907,12,0
102895,102895,102909,14,0
102895,102902,102908,6,7
102895,102895,102909,14,0
102895,102895,102910,15,0
102895,102895,102912,17,0
102895,102895,102913,18,0
102895,102895,102917,22,0
102895,102895,102920,25,0
102769,102769,103021,252,0
103023,103023,103024,1,0
103023,103023,103025,2,0
103023,103023,103024,1,0
103023,103023,103025,2,0
103023,103023,103024,1,0
103023,103023,103025,2,0
103023,103023,103025,2,0
103023,103023,103026,3,0
103023,103023,103025,2,0
103023,103023,103025,2,0
103023,103023,103027,4,0
103023,103025,103027,2,2
103023,103025,103026,1,2
103023,103024,103026,2,1
103023,103025,103026,1,2
103023,103025,103027,2,2
103023,103023,103028,5,0
103023,103025,103027,2,2
103023,103026,103028,2,3
103023,103026,103027,1,3
103023,103026,103027,1,3
103023,103023,103027,4,0
103023,103026,103027,1,3
103023,103027,103029,2,4
103023,103027,103028,1,4
103023,103027,103029,2,4
103023,103027,103028,1,4
103023,103023,103028,5,0
103023,103027,103028,1,4
103023,103027,103029,2,4
103023,103023,103029,6,0
103023,103028,103030,2,5
103023,103028,103029,1,5
103023,103023,103029,6,0
103023,103028,103030,2,5
103023,103028,103030,2,5
103023,103028,103030,2,5
103023,103028,103030,2,5
103023,103023,103030,7,0
103023,103023,103030,7,0
103023,103023,103031,8,0
103023,103029,103031,2,6
103023,103029,103030,1,6
103023,103029,103030,1,6
103023,103029,103031,2,6
103023,103023,103031,8,0
103023,103023,103032,9,0
103023,103023,103033,10,0
103023,103023,103033,10,0
103023,103023,103034,11,0
103023,103028,103033,5,5
103023,103023,103034,11,0
103023,103023,103033,10,0
103023,103023,103034,11,0
103023,103023,103035,12,0
103023,103023,103036,13,0
103023,103023,103045,22,0
103023,103023,103049,26,0
103023,103023,103055,32,0
103023,103023,103055,32,0
103023,103023,103058,35,0
102895,102905,103061,156,10
103023,103023,103071,48,0
103023,103029,103199,170,6
103277,103277,103278,1,0
103277,103277,103278,1,0
103277,103277,103278,1,0
103277,103277,103278,1,0
103277,103277,103278,1,0
103277,103277,103278,1,0
103277,103277,103279,2,0
103277,103277,103279,2,0
103277,103277,103279,2,0
103277,103277,103280,3,0
103277,103277,103279,2,0
103277,103278,103280,2,1
103277,103277,103279,2,0
103277,103278,103280,2,1
103277,103279,103281,2,2
103277,103279,103280,1,2
103277,103277,103281,4,0
103277,103279,103280,1,2
103277,103277,103280,3,0
103277,103279,103280,1,2
103277,103279,103280,1,2
103277,103277,103281,4,0
103277,103280,103281,1,3
103277,103281,103282,1,4
103277,103277,103281,4,0
103277,103279,103281,2,2
103277,103280,103281,1,3
103277,103280,103281,1,3
103277,103279,103281,2,2
103277,103280,103281,1,3
103277,103280,103281,1,3
103277,103281,103282,1,4
103277,103281,103282,1,4
103277,103281,103282,1,4
103277,103281,103282,1,4
103277,103282,103283,1,5
103277,103282,103283,1,5
103277,103281,103282,1,4
103277,103281,103282,1,4
103277,103277,103283,6,0
103277,103282,103283,1,5
103277,103282,103283,1,5
103277,103282,103283,1,5
103277,103277,103284,7,0
103277,103277,103285,8,0
103277,103277,103286,9,0
103277,103277,103287,10,0
103277,103277,103286,9,0
103277,103277,103286,9,0
103277,103277,103287,10,0
103277,103277,103288,11,0
103277,103277,103289,12,0
103277,103277,103290,13,0
103277,103277,103295,18,0
103277,103277,103295,18,0
103277,103277,103297,20,0
103277,103277,103296,19,0
103277,103277,103297,20,0
103277,103277,103298,21,0
103277,103277,103299,22,0
103277,103277,103310,33,0
103277,103277,103329,52,0
103277,103282,103456,174,5
103404,103404,103575,171,0
103902,103902,103903,1,0
103902,103902,103903,1,0
103902,103902,103903,1,0
103902,103902,103903,1,0
103902,103902,103903,1,0
103902,103902,103903,1,0
103902,103902,103903,1,0
103902,103902,103903,1,0
103902,103902,103903,1,0
103902,103902,103904,2,0
103902,103902,103903,1,0
103902,103902,103904,2,0
103902,103902,103904,2,0
103902,103902,103904,2,0
103902,103902,103904,2,0
103902,103902,103905,3,0
103902,103902,103906,4,0
103902,103902,103906,4,0
103902,103902,103908,6,0
103902,103902,103909,7,0
103902,103902,103911,9,0
103902,103902,103911,9,0
103902,103902,103912,10,0
103905,103906,103912,6,1
103902,103902,103912,10,0
103902,103902,103913,11,0
103902,103902,103915,13,0
103902,103902,103915,13,0
103902,103902,103917,15,0
103902,103902,103918,16,0
103902,103902,103922,20,0
103902,103902,103933,31,0
104029,104029,104030,1,0
104029,104029,104030,1,0
104029,104029,104030,1,0
104029,104029,104030,1,0
104029,104029,104030,1,0
104029,104029,104030,1,0
104029,104029,104030,1,0
104029,104029,104030,1,0
104029,104029,104030,1,0
104029,104029,104030,1,0
104029,104029,104030,1,0
104029,104029,104030,1,0
104029,104029,104032,3,0
104029,104029,104031,2,0
104029,104029,104031,2,0
104029,104029,104031,2,0
104029,104029,104031,2,0
104029,104029,104033,4,0
104029,104029,104034,5,0
104029,104029,104035,6,0
104029,104029,104034,5,0
104029,104029,104038,9,0
104029,104029,104039,10,0
104029,104029,104041,12,0
104029,104029,104041,12,0
104029,104029,104040,11,0
104029,104029,104047,18,0
104029,104029,104050,21,0
104029,104029,104055,26,0
104029,104029,104067,38,0
103906,103906,104076,170,0
103905,103906,104077,171,1
104029,104029,104078,49,0
103902,103902,104169,267,0
104034,104034,104206,172,0
104032,104032,104208,176,0
104278,104278,104280,2,0
104278,104278,104279,1,0
104278,104278,104279,1,0
104278,104278,104279,1,0
104278,104278,104280,2,0
104278,104278,104279,1,0
104278,104278,104279,1,0
104278,104278,104279,1,0
104278,104278,104280,2,0
104278,104278,104279,1,0
104278,104278,104279,1,0
104278,104278,104279,1,0
104278,104278,104281,3,0
104278,104278,104280,2,0
104278,104278,104280,2,0
104278,104278,104281,3,0
104278,104278,104281,3,0
104278,104278,104281,3,0
104278,104278,104281,3,0
104278,104278,104281,3,0
104278,104278,104282,4,0
104278,104278,104283,5,0
104278,104278,104282,4,0
104278,104278,104285,7,0
104278,104278,104288,10,0
104278,104278,104289,11,0
104278,104278,104289,11,0
104278,104278,104293,15,0
104278,104278,104296,18,0
104278,104278,104296,18,0
104278,104278,104302,24,0
104030,104030,104341,311,0
104405,104405,104406,1,0
104405,104405,104406,1,0
104405,104405,104406,1,0
104405,104405,104407,2,0
104405,104405,104407,2,0
104405,104405,104406,1,0
104405,104405,104406,1,0
104405,104405,104407,2,0
104405,104405,104406,1,0
104405,104405,104407,2,0
104405,104405,104407,2,0
104405,104405,104407,2,0
104405,104405,104407,2,0
104405,104405,104407,2,0
104405,104405,104407,2,0
104405,104405,104407,2,0
104405,104405,104408,3,0
104405,104405,104407,2,0
104405,104405,104409,4,0
104405,104405,104408,3,0
104405,104405,104409,4,0
104405,104405,104410,5,0
104405,104405,104411,6,0
104405,104405,104414,9,0
104405,104405,104419,14,0
104405,104405,104424,19,0
104405,104405,104423,18,0
104405,104405,104433,28,0
104405,104405,104434,29,0
104405,104405,104434,29,0
104405,104405,104441,36,0
104527,104527,104528,1,0
104527,104527,104528,1,0
104527,104527,104528,1,0
104527,104527,104529,2,0
104527,104527,104529,2,0
104527,104527,104528,1,0
104527,104527,104529,2,0
104527,104527,104529,2,0
104527,104527,104529,2,0
104527,104527,104529,2,0
104527,104527,104529,2,0
104527,104527,104529,2,0
104527,104527,104529,2,0
104527,104527,104530,3,0
104527,104527,104530,3,0
104527,104527,104530,3,0
104527,104527,104531,4,0
104527,104527,104532,5,0
104527,104527,104532,5,0
104527,104527,104532,5,0
104527,104527,104533,6,0
104527,104527,104534,7,0
104527,104527,104535,8,0
104527,104527,104535,8,0
104527,104527,104538,11,0
104527,104527,104547,20,0
104527,104527,104547,20,0
104527,104527,104552,25,0
104527,104527,104553,26,0
104527,104527,104553,26,0
104527,104527,104572,45,0
104654,104654,104655,1,0
104654,104654,104656,2,0
104654,104654,104656,2,0
104654,104654,104656,2,0
104654,104654,104656,2,0
104654,104654,104656,2,0
104654,104654,104656,2,0
104654,104654,104656,2,0
104654,104654,104656,2,0
104654,104654,104656,2,0
104654,104654,104657,3,0
104654,104654,104657,3,0
104654,104654,104656,2,0
104654,104654,104657,3,0
104654,104654,104656,2,0
104654,104654,104657,3,0
104654,104654,104658,4,0
104654,104654,104659,5,0
104654,104654,104659,5,0
104654,104654,104660,6,0
104654,104654,104661,7,0
104654,104654,104663,9,0
104654,104654,104664,10,0
104654,104654,104664,10,0
104654,104654,104665,11,0
104654,104654,104670,16,0
104654,104654,104675,21,0
104654,104654,104677,23,0
104654,104654,104679,25,0
104654,104654,104678,24,0
104654,104654,104694,40,0
104776,104777,104778,1,1
104776,104777,104778,1,1
104776,104777,104778,1,1
104776,104777,104778,1,1
104776,104777,104778,1,1
104776,104777,104778,1,1
104776,104777,104778,1,1
104776,104777,104778,1,1
104776,104777,104778,1,1
104776,104777,104778,1,1
104776,104777,104778,1,1
104776,104777,104778,1,1
104776,104777,104778,1,1
104776,104777,104778,1,1
104776,104777,104778,1,1
104776,104777,104778,1,1
104776,104777,104779,2,1
104776,104777,104779,2,1
104776,104777,104779,2,1
104776,104777,104780,3,1
104780,104780,104781,1,0
104776,104777,104781,4,1
104776,104777,104781,4,1
104776,104777,104784,7,1
104776,104777,104785,8,1
104776,104777,104785,8,1
104776,104777,104785,8,1
104776,104777,104786,9,1
104776,104777,104786,9,1
104776,104777,104787,10,1
104776,104777,104798,21,1
104527,104527,104802,275,0
104776,104777,104822,45,1
104784,104784,104953,169,0
104781,104782,104962,180,1
105035,105035,105036,1,0
105035,105035,105036,1,0
105035,105035,105037,2,0
105036,105037,105038,1,1
105035,105035,105038,3,0
105035,105035,105039,4,0
105036,105037,105038,1,1
105036,105038,105039,1,2
105035,105035,105040,5,0
105035,105035,105039,4,0
105035,105035,105039,4,0
105035,105035,105040,5,0
105035,105035,105040,5,0
105036,105038,105041,3,2
105035,105035,105041,6,0
105035,105035,105041,6,0
105035,105035,105040,5,0
105035,105035,105040,5,0
105035,105035,105041,6,0
105036,105040,105041,1,4
105036,105040,105041,1,4
105035,105035,105042,7,0
105035,105035,105042,7,0
105036,105039,105042,3,3
105035,105035,105042,7,0
105036,105041,105043,2,5
105035,105035,105042,7,0
105035,105035,105042,7,0
105036,105039,105042,3,3
105036,105041,105042,1,5
105036,105042,105043,1,6
105036,105039,105042,3,3
105036,105039,105042,3,3
105036,105041,105042,1,5
105035,105035,105043,8,0
105036,105040,105044,4,4
105036,105041,105044,3,5
105036,105043,105044,1,7
105036,105041,105044,3,5
105036,105042,105043,1,6
105036,105043,105044,1,7
105036,105043,105044,1,7
105036,105043,105044,1,7
105035,105035,105045,10,0
105035,105035,105045,10,0
105036,105043,105045,2,7
105036,105041,105045,4,5
105036,105043,105044,1,7
105035,105035,105045,10,0
105036,105040,105046,6,4
105036,105043,105045,2,7
105035,105035,105046,11,0
105036,105042,105046,4,6
105035,105035,105047,12,0
105036,105043,105046,3,7
105035,105035,105051,16,0
105035,105035,105051,16,0
105035,105035,105056,21,0
105036,105043,105056,13,7
105035,105035,105059,24,0
105036,105043,105064,21,7
104778,104778,105069,291,0
105035,105035,105073,38,0
104910,104910,105080,170,0
104911,104911,105086,175,0
104912,104912,105108,196,0
105158,105158,105159,1,0
105158,105158,105159,1,0
105158,105158,105159,1,0
105158,105158,105159,1,0
105158,105158,105159,1,0
105158,105158,105159,1,0
105158,105158,105159,1,0
105158,105158,105159,1,0
105158,105158,105159,1,0
105158,105158,105160,2,0
105158,105158,105159,1,0
105158,105158,105160,2,0
105158,105158,105159,1,0
105158,105158,105159,1,0
105158,105158,105159,1,0
105158,105158,105159,1,0
105158,105158,105161,3,0
105158,105158,105161,3,0
105158,105158,105161,3,0
105158,105158,105161,3,0
105158,105158,105162,4,0
105158,105158,105162,4,0
105158,105158,105163,5,0
105158,105158,105164,6,0
105158,105158,105164,6,0
105158,105158,105164,6,0
105158,105158,105165,7,0
105158,105158,105165,7,0
105158,105158,105165,7,0
105158,105158,105165,7,0
105158,105158,105166,8,0
105287,105287,105288,1,0
105287,105287,105289,2,0
105287,105287,105288,1,0
105287,105287,105289,2,0
105287,105287,105288,1,0
105287,105287,105288,1,0
105287,105287,105289,2,0
105287,105287,105289,2,0
105287,105287,105288,1,0
105287,105287,105288,1,0
105287,105287,105290,3,0
105287,105287,105289,2,0
105287,105287,105289,2,0
105287,105287,105289,2,0
105287,105287,105289,2,0
105287,105287,105290,3,0
105287,105287,105290,3,0
105287,105287,105290,3,0
105287,105287,105291,4,0
105287,105287,105291,4,0
105287,105287,105292,5,0
105287,105287,105292,5,0
105287,105289,105292,3,2
105287,105289,105294,5,2
105287,105289,105294,5,2
105287,105290,105293,3,3
105287,105292,105294,2,5
105287,105290,105294,4,3
105287,105291,105293,2,4
105287,105290,105294,4,3
105287,105287,105295,8,0
105287,105287,105295,8,0
105287,105287,105295,8,0
105287,105290,105295,5,3
105287,105289,105295,6,2
105287,105293,105295,2,6
105287,105292,105295,3,5
105287,105293,105295,2,6
105287,105289,105294,5,2
105287,105290,105295,5,3
105287,105290,105295,5,3
105287,105287,105296,9,0
105287,105287,105296,9,0
105287,105287,105296,9,0
105287,105287,105295,8,0
105287,105287,105295,8,0
105287,105287,105295,8,0
105287,105287,105295,8,0
105287,105289,105295,6,2
105287,105294,105295,1,7
105287,105289,105295,6,2
105287,105294,105296,2,7
105287,105294,105295,1,7
105287,105294,105295,1,7
105287,105294,105296,2,7
105287,105290,105297,7,3
105287,105289,105297,8,2
105287,105289,105296,7,2
105287,105289,105297,8,2
105290,105296,105298,2,6
105290,105297,105298,1,7
105290,105297,105298,1,7
105290,105296,105298,2,6
105290,105296,105298,2,6
105290,105294,105298,4,4
105290,105296,105299,3,6
105290,105296,105299,3,6
105290,105297,105298,1,7
105290,105297,105299,2,7
105290,105298,105299,1,8
105290,105298,105299,1,8
105291,105299,105300,1,8
105287,105290,105300,10,3
105290,105297,105300,3,7
105290,105295,105300,5,5
105290,105295,105300,5,5
105291,105299,105300,1,8
105291,105299,105300,1,8
105290,105295,105301,6,5
105290,105295,105301,6,5
105290,105295,105301,6,5
105290,105295,105302,7,5
105290,105295,105303,8,5
105290,105295,105304,9,5
105291,105302,105304,2,11
105291,105301,105305,4,10
105291,105302,105304,2,11
105291,105301,105305,4,10
105290,105295,105305,10,5
105291,105300,105305,5,9
105291,105300,105305,5,9
105291,105300,105305,5,9
105291,105305,105306,1,14
105291,105303,105305,2,12
105290,105295,105305,10,5
105290,105295,105305,10,5
105291,105299,105305,6,8
105291,105301,105305,4,10
105291,105301,105305,4,10
105290,105296,105306,10,6
105290,105296,105306,10,6
105291,105302,105306,4,11
105291,105305,105306,1,14
105291,105300,105306,6,9
105291,105305,105306,1,14
105291,105306,105307,1,15
105291,105305,105306,1,14
105291,105299,105307,8,8
105291,105306,105307,1,15
105291,105306,105307,1,15
105291,105300,105307,7,9
105291,105300,105307,7,9
105287,105287,105308,21,0
105290,105296,105308,12,6
105290,105296,105308,12,6
105291,105300,105308,8,9
105290,105296,105309,13,6
105290,105296,105309,13,6
105291,105300,105309,9,9
105287,105287,105311,24,0
105291,105304,105316,12,13
105291,105303,105317,14,12
105290,105296,105322,26,6
105291,105305,105332,27,14
105035,105035,105382,347,0
105158,105158,105421,263,0
105287,105294,105446,152,7
105291,105299,105501,202,8
105292,105306,105529,223,14
105541,105541,105543,2,0
105541,105541,105543,2,0
105541,105541,105543,2,0
105541,105541,105544,3,0
105541,105541,105544,3,0
105541,105541,105545,4,0
105541,105541,105545,4,0
105541,105541,105545,4,0
105541,105541,105546,5,0
105541,105541,105546,5,0
105541,105541,105546,5,0
105541,105541,105546,5,0
105541,105541,105548,7,0
105541,105541,105548,7,0
105541,105541,105548,7,0
105541,105541,105548,7,0
105541,105541,105548,7,0
105541,105543,105549,6,2
105541,105543,105549,6,2
105541,105547,105550,3,6
105541,105547,105550,3,6
105541,105549,105550,1,8
105541,105547,105550,3,6
105541,105541,105551,10,0
105541,105549,105551,2,8
105541,105549,105551,2,8
105541,105550,105551,1,9
105541,105543,105551,8,2
105541,105549,105551,2,8
105541,105546,105551,5,5
105541,105549,105551,2,8
105541,105550,105551,1,9
105541,105546,105552,6,5
105541,105551,105552,1,10
105541,105551,105552,1,10
105544,105552,105553,1,8
105541,105544,105552,8,3
105541,105546,105552,6,5
105541,105551,105552,1,10
105541,105545,105552,7,4
105541,105551,105552,1,10
105541,105541,105553,12,0
105541,105552,105553,1,11
105541,105552,105553,1,11
105541,105541,105554,13,0
105541,105541,105554,13,0
105544,105552,105553,1,8
105544,105552,105553,1,8
105541,105541,105555,14,0
105544,105552,105555,3,8
105541,105541,105556,15,0
105544,105552,105556,4,8
105544,105554,105556,2,10
105544,105554,105556,2,10
105541,105541,105556,15,0
105544,105554,105557,3,10
105544,105553,105557,4,9
105544,105556,105558,2,12
105541,105541,105558,17,0
105541,105541,105558,17,0
105544,105553,105558,5,9
105544,105554,105558,4,10
105544,105558,105559,1,14
105544,105553,105559,6,9
105544,105557,105558,1,13
105544,105553,105559,6,9
105544,105557,105558,1,13
105544,105553,105559,6,9
105544,105557,105558,1,13
105541,105541,105559,18,0
105541,105541,105559,18,0
105544,105557,105559,2,13
105544,105553,105559,6,9
105544,105553,105559,6,9
105544,105558,105559,1,14
105544,105558,105559,1,14
105544,105553,105560,7,9
105544,105553,105560,7,9
105541,105541,105563,22,0
105541,105541,105565,24,0
105541,105545,105565,20,4
105544,105554,105565,11,10
105544,105554,105565,11,10
105541,105541,105567,26,0
105544,105554,105567,13,10
105541,105541,105567,26,0
105541,105541,105568,27,0
105541,105552,105569,17,11
105541,105541,105572,31,0
105541,105541,105574,33,0
105541,105542,105577,35,1
105544,105557,105580,23,13
105544,105555,105598,43,11
105667,105667,105668,1,0
105667,105667,105668,1,0
105667,105667,105668,1,0
105667,105667,105668,1,0
105667,105667,105668,1,0
105667,105667,105668,1,0
105667,105667,105668,1,0
105667,105667,105668,1,0
105667,105667,105668,1,0
105667,105667,105668,1,0
105667,105667,105668,1,0
105667,105667,105668,1,0
105667,105667,105669,2,0
105667,105667,105669,2,0
105667,105667,105671,4,0
105667,105667,105674,7,0
105667,105667,105675,8,0
105667,105667,105675,8,0
105667,105667,105675,8,0
105667,105667,105676,9,0
105667,105667,105676,9,0
105674,105674,105675,1,0
105674,105674,105675,1,0
105667,105667,105676,9,0
105674,105674,105677,3,0
105674,105674,105677,3,0
105667,105667,105677,10,0
105674,105674,105678,4,0
105674,105676,105677,1,2
105674,105676,105678,2,2
105674,105677,105678,1,3
105667,105667,105678,11,0
105674,105674,105678,4,0
105674,105678,105679,1,4
105674,105677,105679,2,3
105674,105674,105680,6,0
105674,105678,105680,2,4
105674,105674,105681,7,0
105674,105674,105680,6,0
105667,105667,105681,14,0
105674,105674,105681,7,0
105674,105674,105681,7,0
105674,105674,105682,8,0
105674,105674,105681,7,0
105674,105674,105682,8,0
105674,105674,105683,9,0
105674,105675,105683,8,1
105674,105676,105683,7,2
105667,105667,105685,18,0
105667,105667,105690,23,0
105667,105667,105691,24,0
105674,105676,105691,15,2
105674,105674,105692,18,0
105674,105676,105693,17,2
105674,105677,105694,17,3
105667,105667,105699,32,0
105667,105667,105705,38,0
105674,105676,105706,30,2
105674,105674,105711,37,0
105674,105676,105714,38,2
105667,105667,105717,50,0
105542,105552,105729,177,10
105674,105674,105728,54,0
105800,105800,105801,1,0
105800,105800,105801,1,0
105800,105800,105801,1,0
105800,105800,105801,1,0
105800,105800,105801,1,0
105800,105800,105801,1,0
105800,105800,105801,1,0
105800,105800,105801,1,0
105800,105800,105801,1,0
105800,105800,105801,1,0
105800,105800,105801,1,0
105800,105800,105801,1,0
105800,105800,105801,1,0
105800,105800,105801,1,0
105800,105800,105801,1,0
105800,105800,105803,3,0
105800,105800,105803,3,0
105800,105800,105803,3,0
105800,105800,105809,9,0
105800,105800,105808,8,0
105800,105800,105809,9,0
105800,105800,105808,8,0
105800,105800,105809,9,0
105800,105800,105809,9,0
105800,105800,105810,10,0
105674,105678,105810,132,4
105800,105800,105815,15,0
105800,105800,105822,22,0
105800,105800,105828,28,0
105800,105800,105829,29,0
105800,105800,105835,35,0
105800,105800,105843,43,0
105933,105933,105934,1,0
105933,105933,105934,1,0
105933,105933,105935,2,0
105933,105933,105935,2,0
105933,105933,105936,3,0
105933,105933,105937,4,0
105933,105933,105936,3,0
105933,105933,105936,3,0
105933,105933,105936,3,0
105933,105933,105937,4,0
105933,105933,105937,4,0
105933,105933,105937,4,0
105933,105933,105937,4,0
105933,105933,105938,5,0
105933,105933,105938,5,0
105933,105933,105938,5,0
105933,105933,105939,6,0
105933,105933,105940,7,0
105933,105933,105940,7,0
105933,105933,105940,7,0
105933,105933,105941,8,0
105933,105933,105941,8,0
105933,105933,105944,11,0
105933,105933,105944,11,0
105933,105933,105947,14,0
105933,105933,105949,16,0
105933,105933,105950,17,0
105933,105933,105950,17,0
105933,105933,105950,17,0
105933,105933,105952,19,0
105933,105933,105963,30,0
105808,105808,105968,160,0
105667,105667,105986,319,0
106059,106059,106060,1,0
106059,106059,106060,1,0
106059,106059,106061,2,0
106059,106059,106062,3,0
106059,106059,106062,3,0
106059,106059,106062,3,0
106059,106059,106063,4,0
106059,106059,106062,3,0
106059,106059,106063,4,0
106059,106059,106063,4,0
106059,106059,106064,5,0
106059,106059,106064,5,0
106059,106059,106064,5,0
106059,106059,106064,5,0
106059,106059,106066,7,0
106059,106059,106066,7,0
106059,106059,106065,6,0
106059,106059,106066,7,0
106059,106059,106067,8,0
106059,106059,106066,7,0
106059,106059,106067,8,0
106059,106059,106067,8,0
106059,106059,106067,8,0
106059,106059,106068,9,0
106059,106059,106068,9,0
106059,106059,106070,11,0
106059,106059,106070,11,0
106059,106059,106070,11,0
106059,106059,106072,13,0
106059,106059,106075,16,0
106059,106059,106078,19,0
105936,105936,106099,163,0
105935,105935,106103,168,0
105800,105800,106127,327,0
106189,106189,106190,1,0
106189,106189,106191,2,0
106189,106189,106191,2,0
106189,106189,106192,3,0
106189,106189,106192,3,0
106189,106190,106192,2,1
106189,106189,106193,4,0
106189,106189,106193,4,0
106189,106189,106193,4,0
106189,106190,106193,3,1
106189,106190,106193,3,1
106189,106190,106193,3,1
106189,106189,106193,4,0
106189,106189,106194,5,0
106189,106189,106194,5,0
106189,106189,106194,5,0
106189,106189,106194,5,0
106189,106189,106195,6,0
106189,106189,106195,6,0
106189,106189,106195,6,0
106189,106189,106195,6,0
106189,106189,106196,7,0
106189,106189,106196,7,0
106189,106189,106197,8,0
106189,106189,106197,8,0
106189,106189,106197,8,0
106189,106189,106197,8,0
106189,106189,106200,11,0
106189,106189,106205,16,0
106189,106189,106207,18,0
106189,106189,106208,19,0
105933,105933,106228,295,0
106312,106312,106313,1,0
106312,106312,106313,1,0
106312,106312,106313,1,0
106312,106312,106315,3,0
106312,106312,106315,3,0
106312,106312,106316,4,0
106312,106312,106315,3,0
106312,106312,106315,3,0
106312,106312,106316,4,0
106312,106312,106316,4,0
106312,106312,106317,5,0
106312,106312,106317,5,0
106312,106312,106317,5,0
106312,106312,106317,5,0
106312,106312,106318,6,0
106312,106312,106318,6,0
106312,106312,106319,7,0
106312,106312,106319,7,0
106312,106312,106318,6,0
106312,106312,106319,7,0
106312,106312,106319,7,0
106312,106312,106321,9,0
106312,106312,106321,9,0
106312,106314,106321,7,2
106312,106312,106321,9,0
106312,106312,106323,11,0
106312,106312,106322,10,0
106312,106312,106323,11,0
106312,106312,106329,17,0
106312,106312,106329,17,0
106312,106312,106333,21,0
106059,106059,106339,280,0
106312,106312,106363,51,0
106438,106438,106439,1,0
106438,106438,106439,1,0
106438,106438,106439,1,0
106438,106438,106440,2,0
106438,106438,106441,3,0
106438,106438,106442,4,0
106438,106438,106442,4,0
106438,106438,106442,4,0
106438,106438,106442,4,0
106438,106438,106444,6,0
106438,106438,106443,5,0
106438,106438,106444,6,0
106438,106438,106443,5,0
106438,106438,106444,6,0
106438,106438,106444,6,0
106438,106438,106446,8,0
106438,106438,106446,8,0
106438,106438,106446,8,0
106438,106438,106445,7,0
106438,106438,106445,7,0
106438,106438,106446,8,0
106438,106438,106445,7,0
106438,106438,106446,8,0
106438,106440,106447,7,2
106438,106438,106448,10,0
106438,106440,106447,7,2
106438,106444,106448,4,6
106438,106446,106448,2,8
106438,106444,106448,4,6
106438,106445,106448,3,7
106438,106440,106447,7,2
106438,106444,106447,3,6
106438,106443,106448,5,5
106438,106446,106448,2,8
106438,106446,106448,2,8
106438,106438,106448,10,0
106438,106438,106448,10,0
106438,106438,106449,11,0
106438,106438,106449,11,0
106438,106444,106449,5,6
106438,106442,106449,7,4
106438,106443,106449,6,5
106438,106447,106449,2,9
106438,106447,106449,2,9
106438,106446,106450,4,8
106438,106438,106449,11,0
106438,106448,106449,1,10
106443,106448,106449,1,5
106438,106442,106449,7,4
106438,106448,106449,1,10
106443,106448,106449,1,5
106438,106438,106449,11,0
106443,106448,106449,1,5
106438,106438,106451,13,0
106443,106448,106450,2,5
106438,106438,106451,13,0
106443,106450,106452,2,7
106443,106450,106452,2,7
106438,106438,106452,14,0
106443,106448,106453,5,5
106443,106449,106453,4,6
106443,106450,106453,3,7
106443,106450,106452,2,7
106443,106450,106453,3,7
106443,106451,106453,2,8
106438,106445,106454,9,7
106438,106446,106454,8,8
106443,106450,106454,4,7
106443,106449,106454,5,6
106443,106452,106454,2,9
106443,106449,106453,4,6
106443,106452,106453,1,9
106438,106448,106455,7,10
106438,106443,106455,12,5
106443,106452,106455,3,9
106443,106448,106455,7,5
106443,106449,106455,6,6
106443,106449,106455,6,6
106438,106438,106456,18,0
106438,106438,106455,17,0
106438,106446,106455,9,8
106443,106450,106455,5,7
106443,106448,106455,7,5
106443,106449,106459,10,6
106438,106441,106459,18,3
106443,106450,106461,11,7
106443,106448,106462,14,5
106438,106446,106462,16,8
106443,106449,106466,17,6
106443,106450,106472,22,7
106443,106448,106478,30,5
106443,106453,106483,30,10
106443,106451,106494,43,8
106312,106316,106560,244,4
106572,106572,106574,2,0
106572,106572,106574,2,0
106572,106572,106574,2,0
106572,106572,106575,3,0
106572,106574,106576,2,2
106572,106572,106578,6,0
106572,106575,106577,2,3
106572,106575,106578,3,3
106572,106572,106578,6,0
106572,106572,106579,7,0
106572,106572,106579,7,0
106572,106572,106581,9,0
106572,106572,106580,8,0
106572,106572,106580,8,0
106572,106572,106581,9,0
106572,106572,106581,9,0
106572,106572,106582,10,0
106572,106572,106582,10,0
106572,106572,106582,10,0
106572,106572,106584,12,0
106572,106572,106584,12,0
106572,106572,106587,15,0
106572,106572,106587,15,0
106572,106572,106587,15,0
106572,106572,106589,17,0
106572,106572,106590,18,0
106572,106572,106591,19,0
106572,106572,106591,19,0
106572,106572,106595,23,0
106438,106448,106605,157,10
106572,106572,106605,33,0
106446,106453,106612,159,7
106447,106453,106612,159,6
106448,106453,106614,161,5
106445,106453,106615,162,8
106572,106572,106615,43,0
106444,106453,106637,184,9
106443,106453,106647,194,10
106706,106706,106708,2,0
106706,106707,106708,1,1
106706,106706,106708,2,0
106706,106707,106709,2,1
106706,106707,106709,2,1
106706,106706,106709,3,0
106706,106707,106710,3,1
106706,106709,106710,1,3
106706,106707,106710,3,1
106706,106707,106710,3,1
106706,106707,106710,3,1
106706,106707,106711,4,1
106706,106707,106712,5,1
106706,106707,106712,5,1
106706,106709,106712,3,3
106706,106707,106712,5,1
106706,106707,106712,5,1
106706,106707,106713,6,1
106706,106707,106713,6,1
106706,106709,106713,4,3
106706,106707,106714,7,1
106706,106707,106714,7,1
106706,106707,106715,8,1
106706,106710,106715,5,4
106706,106713,106715,2,7
106706,106713,106715,2,7
106706,106711,106715,4,5
106706,106712,106716,4,6
106706,106713,106715,2,7
106706,106714,106715,1,8
106706,106707,106716,9,1
106706,106707,106716,9,1
106706,106707,106716,9,1
106706,106707,106716,9,1
106706,106713,106716,3,7
106706,106712,106716,4,6
106706,106714,106716,2,8
106706,106711,106716,5,5
106706,106711,106716,5,5
106449,106454,106717,263,5
106706,106713,106717,4,7
106706,106715,106717,2,9
106706,106716,106717,1,10
106706,106716,106717,1,10
106706,106716,106717,1,10
106706,106716,106717,1,10
106706,106716,106717,1,10
106706,106716,106717,1,10
106706,106707,106719,12,1
106706,106707,106719,12,1
106706,106707,106719,12,1
106706,106707,106719,12,1
106706,106711,106720,9,5
106706,106710,106721,11,4
106706,106715,106721,6,9
106706,106711,106723,12,5
106706,106707,106725,18,1
106706,106707,106727,20,1
106706,106716,106729,13,10
106706,106707,106730,23,1
106706,106707,106730,23,1
106706,106710,106742,32,4
106572,106576,106745,169,4
106706,106707,106755,48,1
106581,106581,106758,177,0
106830,106830,106831,1,0
106830,106830,106831,1,0
106830,106830,106831,1,0
106830,106830,106832,2,0
106830,106830,106833,3,0
106830,106830,106832,2,0
106830,106830,106834,4,0
106830,106830,106834,4,0
106830,106830,106835,5,0
106830,106830,106834,4,0
106830,106830,106835,5,0
106830,106830,106835,5,0
106830,106830,106835,5,0
106830,106830,106835,5,0
106830,106830,106835,5,0
106830,106830,106836,6,0
106830,106830,106836,6,0
106830,106830,106837,7,0
106830,106830,106837,7,0
106837,106837,106838,1,0
106837,106837,106838,1,0
106837,106837,106839,2,0
106837,106837,106839,2,0
106837,106837,106839,2,0
106837,106837,106839,2,0
106830,106830,106840,10,0
106837,106837,106841,4,0
106837,106839,106840,1,2
106837,106839,106840,1,2
106837,106839,106840,1,2
106837,106839,106840,1,2
106830,106830,106841,11,0
106830,106830,106840,10,0
106837,106837,106842,5,0
106837,106840,106842,2,3
106837,106840,106841,1,3
106837,106837,106843,6,0
106837,106841,106842,1,4
106837,106841,106842,1,4
106837,106837,106842,5,0
106837,106841,106842,1,4
106837,106837,106842,5,0
106837,106837,106842,5,0
106837,106841,106842,1,4
106837,106837,106844,7,0
106837,106837,106844,7,0
106837,106841,106843,2,4
106837,106837,106844,7,0
106837,106837,106844,7,0
106830,106830,106845,15,0
106837,106845,106847,2,8
106837,106843,106847,4,6
106837,106843,106846,3,6
106837,106843,106846,3,6
106837,106844,106846,2,7
106837,106844,106846,2,7
106830,106830,106847,17,0
106830,106830,106847,17,0
106837,106842,106847,5,5
106837,106843,106848,5,6
106837,106844,106847,3,7
106837,106842,106848,6,5
106837,106842,106848,6,5
106837,106845,106847,2,8
106837,106837,106848,11,0
106837,106847,106848,1,10
106837,106847,106849,2,10
106837,106847,106848,1,10
106837,106847,106848,1,10
106837,106847,106849,2,10
106837,106847,106848,1,10
106837,106837,106850,13,0
106837,106843,106850,7,6
106837,106843,106850,7,6
106837,106843,106849,6,6
106837,106843,106849,6,6
106837,106848,106849,1,11
106837,106848,106849,1,11
106837,106848,106849,1,11
106837,106848,106851,3,11
106830,106830,106853,23,0
106837,106850,106853,3,13
106837,106850,106853,3,13
106837,106850,106852,2,13
106837,106850,106852,2,13
106837,106851,106853,2,14
106837,106848,106853,5,11
106837,106850,106854,4,13
106837,106850,106853,3,13
106837,106850,106854,4,13
106837,106848,106854,6,11
106837,106849,106854,5,12
106830,106830,106855,25,0
106837,106848,106855,7,11
106837,106841,106855,14,4
106837,106849,106855,6,12
106837,106853,106855,2,16
106837,106853,106855,2,16
106837,106853,106855,2,16
106837,106853,106855,2,16
106837,106849,106855,6,12
106837,106849,106854,5,12
106837,106853,106855,2,16
106837,106853,106855,2,16
106837,106854,106855,1,17
106830,106830,106855,25,0
106837,106846,106855,9,9
106837,106854,106855,1,17
106837,106854,106856,2,17
106837,106854,106855,1,17
106837,106849,106856,7,12
106837,106849,106856,7,12
106837,106854,106856,2,17
106837,106837,106856,19,0
106837,106853,106857,4,16
106837,106848,106858,10,11
106830,106830,106857,27,0
106837,106841,106858,17,4
106837,106856,106858,2,19
106837,106856,106858,2,19
106837,106856,106858,2,19
106837,106856,106859,3,19
106837,106856,106859,3,19
106837,106856,106858,2,19
106837,106855,106859,4,18
106837,106855,106859,4,18
106830,106830,106860,30,0
106841,106859,106860,1,18
106841,106859,106860,1,18
106837,106855,106860,5,18
106837,106855,106860,5,18
106837,106855,106860,5,18
106837,106858,106860,2,21
106837,106859,106860,1,22
106837,106856,106861,5,19
106837,106858,106861,3,21
106837,106858,106861,3,21
106837,106858,106861,3,21
106837,106855,106861,6,18
106841,106859,106861,2,18
106837,106855,106861,6,18
106837,106855,106861,6,18
106837,106855,106861,6,18
106837,106855,106862,7,18
106841,106860,106862,2,19
106837,106855,106863,8,18
106837,106838,106863,25,1
106837,106857,106864,7,20
106837,106855,106864,9,18
106841,106861,106864,3,20
106841,106862,106864,2,21
106841,106862,106864,2,21
106841,106863,106864,1,22
106841,106862,106864,2,21
106841,106863,106864,1,22
106841,106860,106864,4,19
106841,106863,106864,1,22
106841,106865,106866,1,24
106841,106861,106865,4,20
106837,106837,106866,29,0
106830,106830,106865,35,0
106841,106863,106866,3,22
106841,106860,106866,6,19
106841,106865,106866,1,24
106841,106865,106866,1,24
106841,106860,106866,6,19
106841,106865,106866,1,24
106841,106865,106866,1,24
106841,106865,106866,1,24
106841,106861,106866,5,20
106837,106837,106866,29,0
106841,106861,106867,6,20
106841,106864,106867,3,23
106841,106860,106868,8,19
106841,106865,106867,2,24
106841,106861,106867,6,20
106841,106861,106868,7,20
106841,106860,106868,8,19
106841,106860,106868,8,19
106841,106860,106869,9,19
106841,106861,106869,8,20
106841,106868,106869,1,27
106841,106867,106870,3,26
106841,106868,106869,1,27
106837,106850,106869,19,13
106841,106869,106870,1,28
106841,106867,106870,3,26
106841,106867,106870,3,26
106841,106869,106870,1,28
106841,106865,106870,5,24
106841,106867,106871,4,26
106841,106868,106871,3,27
106841,106867,106871,4,26
106842,106871,106872,1,29
106841,106866,106871,5,25
106841,106867,106872,5,26
106841,106867,106871,4,26
106841,106870,106871,1,29
106841,106866,106871,5,25
106841,106870,106871,1,29
106837,106849,106871,22,12
106841,106867,106871,4,26
106841,106868,106871,3,27
106841,106869,106872,3,28
106842,106871,106872,1,29
106837,106856,106872,16,19
106841,106870,106873,3,29
106841,106867,106873,6,26
106841,106867,106873,6,26
106842,106871,106873,2,29
106837,106841,106875,34,4
106841,106866,106875,9,25
106842,106874,106875,1,32
106842,106874,106875,1,32
106842,106872,106875,3,30
106842,106871,106876,5,29
106842,106872,106876,4,30
106842,106873,106875,2,31
106842,106874,106875,1,32
106842,106872,106876,4,30
106842,106876,106877,1,34
106842,106872,106876,4,30
106842,106872,106877,5,30
106842,106871,106876,5,29
106837,106838,106877,39,1
106842,106872,106877,5,30
106842,106872,106877,5,30
106842,106874,106877,3,32
106842,106872,106878,6,30
106842,106876,106877,1,34
106842,106872,106877,5,30
106842,106876,106877,1,34
106842,106875,106878,3,33
106842,106872,106878,6,30
106842,106872,106878,6,30
106842,106872,106880,8,30
106842,106872,106880,8,30
106837,106858,106883,25,21
106842,106873,106885,12,31
106842,106870,106888,18,28
106841,106864,106889,25,23
106842,106875,106889,14,33
106841,106864,106889,25,23
106841,106867,106890,23,26
106842,106872,106893,21,30
106841,106866,106895,29,25
106841,106866,106902,36,25
106837,106855,106904,49,18
106842,106876,107020,144,34
106841,106870,107023,153,29
106837,106859,107030,171,22
106830,106830,107093,263,0
107113,107113,107114,1,0
107113,107113,107115,2,0
107113,107113,107115,2,0
107113,107113,107115,2,0
107113,107113,107115,2,0
107113,107113,107114,1,0
107113,107113,107114,1,0
107113,107113,107115,2,0
107113,107113,107114,1,0
107113,107113,107114,1,0
107113,107113,107114,1,0
107113,107113,107115,2,0
107113,107113,107116,3,0
107113,107113,107116,3,0
107114,107115,107117,2,1
107114,107116,107118,2,2
107114,107116,107118,2,2
107113,107113,107118,5,0
107113,107113,107118,5,0
107114,107116,107121,5,2
107113,107113,107121,8,0
107113,107113,107121,8,0
107113,107113,107121,8,0
107113,107113,107121,8,0
107114,107115,107121,6,1
107114,107116,107121,5,2
107114,107116,107121,5,2
107114,107116,107121,5,2
107114,107116,107121,5,2
107114,107116,107122,6,2
107114,107116,107121,5,2
107114,107118,107122,4,4
107114,107119,107122,3,5
107114,107119,107122,3,5
107114,107116,107123,7,2
107114,107121,107123,2,7
107114,107116,107123,7,2
107114,107122,107123,1,8
107114,107117,107123,6,3
107114,107119,107123,4,5
107113,107113,107123,10,0
107113,107113,107123,10,0
107113,107113,107124,11,0
107113,107113,107123,10,0
107114,107122,107123,1,8
107114,107122,107123,1,8
107114,107122,107123,1,8
107114,107122,107123,1,8
107114,107122,107123,1,8
107113,107113,107124,11,0
107113,107113,107124,11,0
107114,107122,107124,2,8
107114,107123,107124,1,9
107114,107119,107124,5,5
107113,107113,107124,11,0
107113,107113,107124,11,0
107113,107113,107124,11,0
107114,107123,107125,2,9
107114,107123,107125,2,9
107114,107125,107127,2,11
107114,107125,107127,2,11
107114,107126,107127,1,12
107114,107126,107127,1,12
107114,107125,107128,3,11
107114,107123,107128,5,9
107114,107124,107127,3,10
107114,107124,107128,4,10
107114,107124,107127,3,10
107114,107124,107127,3,10
106970,106971,107128,157,1
107114,107124,107128,4,10
107114,107123,107128,5,9
107114,107123,107128,5,9
107114,107128,107129,1,14
107114,107128,107129,1,14
107114,107125,107130,5,11
107114,107122,107130,8,8
107114,107122,107130,8,8
107114,107123,107131,8,9
107114,107124,107131,7,10
107114,107122,107132,10,8
107114,107122,107131,9,8
107114,107124,107131,7,10
107114,107124,107133,9,10
107114,107125,107135,10,11
107114,107125,107134,9,11
107114,107124,107134,10,10
107113,107113,107135,22,0
106981,106981,107137,156,0
107114,107125,107138,13,11
107114,107124,107139,15,10
107114,107124,107140,16,10
107114,107125,107149,24,11
106987,106987,107152,165,0
106990,106990,107153,163,0
107113,107113,107170,57,0
107113,107114,107350,236,1
107358,107358,107360,2,0
107358,107358,107359,1,0
107358,107358,107359,1,0
107358,107358,107359,1,0
107358,107358,107360,2,0
107358,107358,107360,2,0
107358,107358,107361,3,0
107358,107358,107361,3,0
107358,107358,107361,3,0
107358,107358,107361,3,0
107358,107358,107363,5,0
107358,107358,107362,4,0
107358,107358,107362,4,0
107358,107358,107363,5,0
107358,107358,107363,5,0
107358,107358,107362,4,0
107358,107358,107362,4,0
107358,107358,107362,4,0
107358,107358,107363,5,0
107358,107358,107364,6,0
107358,107358,107363,5,0
107358,107358,107364,6,0
107364,107364,107365,1,0
107364,107364,107365,1,0
107364,107364,107365,1,0
107364,107364,107366,2,0
107364,107364,107367,3,0
107364,107364,107368,4,0
107364,107366,107368,2,2
107364,107364,107368,4,0
107364,107364,107367,3,0
107364,107366,107367,1,2
107364,107364,107368,4,0
107364,107366,107368,2,2
107358,107358,107369,11,0
107364,107367,107368,1,3
107364,107367,107368,1,3
107364,107364,107369,5,0
107364,107364,107369,5,0
107364,107364,107369,5,0
107364,107368,107369,1,4
107364,107364,107369,5,0
107364,107364,107369,5,0
107358,107358,107370,12,0
107358,107358,107370,12,0
107364,107364,107370,6,0
107364,107364,107370,6,0
107364,107364,107370,6,0
107364,107368,107370,2,4
107364,107364,107370,6,0
107364,107368,107369,1,4
107358,107358,107371,13,0
107364,107364,107371,7,0
107364,107368,107370,2,4
107364,107364,107372,8,0
107358,107358,107372,14,0
107364,107364,107372,8,0
107364,107364,107372,8,0
107364,107370,107372,2,6
107364,107370,107372,2,6
107364,107370,107372,2,6
107364,107370,107372,2,6
107364,107370,107373,3,6
107364,107371,107373,2,7
107364,107368,107373,5,4
107364,107364,107373,9,0
107364,107371,107373,2,7
107364,107369,107374,5,5
107364,107369,107374,5,5
107364,107372,107374,2,8
107364,107369,107374,5,5
107370,107372,107374,2,2
107364,107369,107374,5,5
107370,107373,107374,1,3
107370,107373,107374,1,3
107358,107358,107374,16,0
107364,107368,107375,7,4
107364,107369,107375,6,5
107364,107369,107375,6,5
107358,107358,107376,18,0
107364,107364,107376,12,0
107364,107368,107376,8,4
107364,107369,107376,7,5
107370,107373,107376,3,3
107364,107369,107376,7,5
107358,107358,107377,19,0
107358,107358,107376,18,0
107364,107372,107378,6,8
107370,107373,107378,5,3
107370,107373,107378,5,3
107370,107376,107378,2,6
107370,107376,107378,2,6
107370,107377,107378,1,7
107370,107377,107378,1,7
107370,107375,107379,4,5
107370,107375,107378,3,5
107364,107364,107379,15,0
107370,107375,107379,4,5
107370,107375,107379,4,5
107373,107379,107380,1,6
107370,107379,107380,1,9
107373,107379,107380,1,6
107370,107374,107379,5,4
107370,107375,107380,5,5
107364,107369,107380,11,5
107370,107375,107380,5,5
107370,107375,107380,5,5
107370,107376,107380,4,6
107370,107376,107380,4,6
107370,107375,107380,5,5
107370,107375,107380,5,5
107370,107379,107380,1,9
107373,107379,107380,1,6
107370,107379,107381,2,9
107370,107375,107381,6,5
107373,107379,107381,2,6
107370,107377,107381,4,7
107373,107381,107383,2,8
107373,107381,107383,2,8
107373,107381,107383,2,8
107373,107381,107383,2,8
107373,107379,107383,4,6
107373,107382,107383,1,9
107373,107380,107384,4,7
107373,107383,107384,1,10
107373,107380,107384,4,7
107373,107382,107384,2,9
107373,107380,107384,4,7
107373,107384,107385,1,11
107373,107380,107384,4,7
107373,107383,107384,1,10
107373,107382,107385,3,9
107373,107384,107385,1,11
107373,107384,107385,1,11
107373,107380,107385,5,7
107373,107380,107385,5,7
107373,107380,107385,5,7
107373,107382,107386,4,9
107373,107381,107386,5,8
107373,107381,107386,5,8
107373,107380,107387,7,7
107373,107381,107387,6,8
107364,107371,107390,19,7
107370,107376,107389,13,6
107364,107364,107391,27,0
107373,107380,107391,11,7
107364,107372,107391,19,8
107364,107370,107392,22,6
107364,107372,107395,23,8
107370,107377,107399,22,7
107373,107380,107402,22,7
107364,107370,107404,34,6
107364,107370,107404,34,6
107370,107373,107411,38,3
107370,107376,107420,44,6
107497,107497,107499,2,0
107497,107497,107499,2,0
107497,107497,107499,2,0
107497,107497,107499,2,0
107497,107497,107499,2,0
107497,107497,107498,1,0
107497,107497,107498,1,0
107497,107497,107499,2,0
107497,107497,107499,2,0
107497,107497,107499,2,0
107497,107497,107500,3,0
107497,107497,107499,2,0
107497,107497,107500,3,0
107497,107497,107500,3,0
107497,107497,107500,3,0
107497,107497,107500,3,0
107497,107497,107500,3,0
107497,107497,107502,5,0
107497,107497,107502,5,0
107497,107497,107505,8,0
107497,107497,107505,8,0
107497,107497,107505,8,0
107497,107497,107507,10,0
107497,107497,107507,10,0
107497,107497,107507,10,0
107497,107497,107507,10,0
107497,107497,107507,10,0
107497,107497,107509,12,0
107497,107497,107513,16,0
107497,107497,107515,18,0
107497,107497,107515,18,0
107371,107379,107523,144,8
107364,107372,107523,151,8
107374,107385,107536,151,11
107373,107384,107547,163,11
107358,107358,107636,278,0
107637,107637,107638,1,0
107637,107637,107638,1,0
107637,107637,107638,1,0
107637,107637,107640,3,0
107637,107638,107640,2,1
107637,107637,107641,4,0
107637,107637,107641,4,0
107637,107637,107641,4,0
107637,107637,107641,4,0
107637,107637,107641,4,0
107637,107637,107641,4,0
107637,107637,107640,3,0
107637,107637,107642,5,0
107637,107637,107642,5,0
107637,107637,107642,5,0
107637,107637,107642,5,0
107637,107638,107642,4,1
107637,107637,107642,5,0
107637,107637,107643,6,0
107637,107639,107644,5,2
107637,107643,107644,1,6
107637,107637,107645,8,0
107637,107637,107645,8,0
107637,107640,107645,5,3
107637,107643,107645,2,6
107637,107637,107645,8,0
107637,107643,107645,2,6
107637,107643,107646,3,6
107637,107641,107646,5,4
107637,107642,107646,4,5
107637,107645,107646,1,8
107637,107641,107646,5,4
107637,107641,107646,5,4
107637,107645,107646,1,8
107637,107637,107647,10,0
107637,107641,107647,6,4
107637,107642,107647,5,5
107637,107637,107647,10,0
107637,107642,107647,5,5
107637,107641,107647,6,4
107637,107646,107647,1,9
107637,107646,107647,1,9
107637,107641,107647,6,4
107637,107646,107647,1,9
107637,107637,107648,11,0
107637,107637,107648,11,0
107637,107646,107648,2,9
107637,107640,107648,8,3
107637,107641,107648,7,4
107642,107647,107648,1,5
107642,107647,107648,1,5
107642,107647,107648,1,5
107637,107637,107649,12,0
107637,107637,107650,13,0
107637,107637,107650,13,0
107637,107637,107650,13,0
107642,107649,107650,1,7
107642,107647,107651,4,5
107642,107649,107650,1,7
107642,107648,107651,3,6
107642,107649,107651,2,7
107642,107648,107652,4,6
107642,107648,107652,4,6
107642,107648,107652,4,6
107642,107651,107652,1,9
107642,107648,107653,5,6
107642,107651,107652,1,9
107642,107651,107652,1,9
107637,107645,107653,8,8
107637,107646,107653,7,9
107642,107648,107653,5,6
107642,107649,107653,4,7
107642,107648,107654,6,6
107642,107649,107655,6,7
107642,107648,107657,9,6
107642,107649,107657,8,7
107637,107637,107657,20,0
107637,107637,107658,21,0
107642,107648,107658,10,6
107637,107637,107658,21,0
107642,107648,107659,11,6
107642,107648,107659,11,6
107642,107648,107659,11,6
107642,107651,107661,10,9
107637,107645,107661,16,8
107637,107637,107663,26,0
107637,107637,107663,26,0
107637,107637,107666,29,0
107642,107651,107666,15,9
107642,107649,107668,19,7
107642,107650,107672,22,8
107497,107499,107682,183,2
107509,107509,107687,178,0
107642,107648,107700,52,6
107770,107770,107771,1,0
107770,107770,107771,1,0
107770,107770,107771,1,0
107770,107770,107772,2,0
107770,107771,107773,2,1
107770,107770,107774,4,0
107770,107770,107774,4,0
107770,107770,107774,4,0
107770,107770,107773,3,0
107770,107770,107775,5,0
107770,107770,107775,5,0
107770,107770,107774,4,0
107770,107770,107775,5,0
107770,107770,107775,5,0
107770,107770,107774,4,0
107770,107770,107775,5,0
107770,107771,107775,4,1
107770,107770,107776,6,0
107770,107770,107776,6,0
107770,107772,107776,4,2
107770,107773,107777,4,3
107770,107770,107778,8,0
107770,107770,107778,8,0
107770,107770,107777,7,0
107770,107774,107778,4,4
107770,107774,107778,4,4
107770,107775,107778,3,5
107770,107775,107778,3,5
107770,107776,107778,2,6
107770,107771,107777,6,1
107770,107776,107778,2,6
107770,107775,107779,4,5
107770,107777,107779,2,7
107770,107775,107778,3,5
107770,107775,107779,4,5
107770,107777,107779,2,7
107770,107775,107778,3,5
107770,107777,107779,2,7
107770,107774,107780,6,4
107770,107775,107780,5,5
107770,107778,107779,1,8
107770,107778,107780,2,8
107770,107778,107779,1,8
107770,107778,107779,1,8
107770,107770,107779,9,0
107770,107770,107779,9,0
107770,107774,107781,7,4
107770,107770,107781,11,0
107770,107770,107780,10,0
107770,107778,107782,4,8
107770,107770,107782,12,0
107770,107770,107784,14,0
107770,107770,107784,14,0
107770,107770,107788,18,0
107770,107770,107788,18,0
107770,107770,107787,17,0
107770,107778,107791,13,8
107770,107770,107792,22,0
107770,107770,107791,21,0
107770,107770,107793,23,0
107770,107778,107793,15,8
107638,107647,107814,167,9
107770,107770,107816,46,0
107642,107652,107823,171,10
108019,108019,108020,1,0
108019,108019,108020,1,0
108019,108019,108020,1,0
108019,108019,108020,1,0
108019,108019,108020,1,0
108019,108019,108020,1,0
108019,108019,108020,1,0
108019,108019,108021,2,0
108019,108019,108021,2,0
108019,108019,108021,2,0
108019,108019,108021,2,0
108019,108019,108021,2,0
108019,108019,108022,3,0
108019,108019,108022,3,0
108019,108019,108023,4,0
108019,108019,108022,3,0
108023,108023,108024,1,0
108019,108019,108023,4,0
108023,108023,108024,1,0
108023,108023,108024,1,0
108019,108019,108024,5,0
108023,108023,108025,2,0
108019,108019,108025,6,0
108019,108019,108025,6,0
108019,108019,108026,7,0
108023,108023,108026,3,0
108023,108024,108026,2,1
108023,108023,108026,3,0
108023,108024,108025,1,1
108023,108024,108026,2,1
108023,108024,108026,2,1
108019,108019,108026,7,0
108023,108023,108027,4,0
108023,108025,108026,1,2
108023,108025,108027,2,2
108023,108023,108027,4,0
108023,108023,108026,3,0
108023,108023,108026,3,0
108023,108023,108027,4,0
108023,108026,108028,2,3
108023,108026,108027,1,3
108023,108026,108027,1,3
108023,108023,108028,5,0
108019,108019,108028,9,0
108023,108023,108029,6,0
108023,108026,108029,3,3
108023,108023,108028,5,0
108019,108019,108029,10,0
108019,108019,108029,10,0
108019,108019,108030,11,0
108019,108019,108031,12,0
108023,108023,108030,7,0
108019,108019,108034,15,0
108023,108026,108036,10,3
108019,108019,108037,18,0
108023,108023,108037,14,0
108019,108019,108039,20,0
108019,108019,108040,21,0
108023,108023,108041,18,0
108023,108023,108044,21,0
108023,108023,108057,34,0
108023,108023,108075,52,0
108153,108153,108154,1,0
108023,108026,108178,152,3
108026,108029,108273,244,3
108019,108019,108274,255,0
108280,108280,108281,1,0
108280,108280,108282,2,0
108280,108280,108281,1,0
108280,108280,108282,2,0
108280,108280,108282,2,0
108280,108280,108283,3,0
108280,108280,108283,3,0
108280,108280,108283,3,0
108280,108280,108283,3,0
108027,108029,108282,253,2
108280,108280,108283,3,0
108280,108280,108284,4,0
108280,108280,108284,4,0
108280,108280,108284,4,0
108280,108282,108283,1,2
108280,108280,108283,3,0
108280,108282,108283,1,2
108280,108282,108283,1,2
108280,108280,108285,5,0
108280,108280,108284,4,0
108280,108280,108285,5,0
108280,108280,108285,5,0
108280,108284,108286,2,4
108280,108284,108286,2,4
108280,108284,108286,2,4
108280,108283,108287,4,3
108280,108285,108287,2,5
108280,108283,108287,4,3
108280,108283,108287,4,3
108280,108284,108286,2,4
108280,108284,108286,2,4
108280,108285,108287,2,5
108280,108284,108287,3,4
108280,108284,108288,4,4
108280,108280,108287,7,0
108280,108283,108287,4,3
108280,108286,108287,1,6
108280,108286,108287,1,6
108280,108286,108288,2,6
108280,108286,108288,2,6
108280,108287,108288,1,7
108280,108286,108289,3,6
108280,108283,108288,5,3
108280,108283,108288,5,3
108280,108287,108289,2,7
108280,108287,108289,2,7
108280,108283,108289,6,3
108280,108287,108288,1,7
108280,108280,108289,9,0
108280,108280,108290,10,0
108280,108280,108290,10,0
108280,108280,108291,11,0
108280,108280,108291,11,0
108280,108280,108292,12,0
108280,108280,108291,11,0
108280,108280,108292,12,0
108280,108280,108293,13,0
108280,108280,108294,14,0
108280,108280,108294,14,0
108280,108280,108301,21,0
108280,108283,108302,19,3
108280,108280,108305,25,0
108280,108280,108328,48,0
108156,108157,108330,173,1
108402,108402,108404,2,0
108402,108402,108404,2,0
108402,108402,108404,2,0
108402,108402,108404,2,0
108402,108402,108404,2,0
108402,108402,108404,2,0
108402,108402,108404,2,0
108402,108402,108404,2,0
108402,108402,108404,2,0
108402,108402,108403,1,0
108402,108402,108404,2,0
108402,108402,108404,2,0
108402,108402,108404,2,0
108402,108402,108404,2,0
108402,108402,108404,2,0
108402,108402,108404,2,0
108406,108406,108407,1,0
108406,108406,108407,1,0
108406,108406,108407,1,0
108402,108402,108407,5,0
108402,108402,108407,5,0
108402,108402,108407,5,0
108406,108406,108407,1,0
108406,108406,108408,2,0
108406,108406,108408,2,0
108406,108406,108407,1,0
108406,108406,108408,2,0
108406,108406,108408,2,0
108406,108408,108409,1,2
108406,108406,108408,2,0
108406,108407,108409,2,1
108406,108407,108409,2,1
108406,108407,108409,2,1
108406,108408,108409,1,2
108406,108408,108409,1,2
108406,108408,108409,1,2
108406,108409,108410,1,3
108406,108406,108410,4,0
108406,108408,108409,1,2
108406,108406,108409,3,0
108406,108408,108409,1,2
108402,108402,108410,8,0
108402,108402,108410,8,0
108406,108407,108410,3,1
108406,108406,108410,4,0
108406,108409,108410,1,3
108406,108406,108410,4,0
108406,108409,108410,1,3
108406,108409,108410,1,3
108406,108406,108410,4,0
108402,108402,108412,10,0
108406,108406,108412,6,0
108406,108410,108412,2,4
108406,108410,108412,2,4
108406,108411,108412,1,5
108406,108410,108411,1,4
108406,108410,108412,2,4
108406,108410,108411,1,4
108406,108410,108411,1,4
108406,108408,108412,4,2
108406,108407,108412,5,1
108402,108402,108412,10,0
108406,108409,108412,3,3
108406,108410,108412,2,4
108406,108411,108413,2,5
108406,108410,108413,3,4
108406,108411,108412,1,5
108406,108411,108412,1,5
108406,108412,108413,1,6
108406,108411,108412,1,5
108406,108411,108412,1,5
108402,108402,108413,11,0
108406,108412,108413,1,6
108406,108412,108413,1,6
108406,108412,108414,2,6
108406,108412,108413,1,6
108406,108412,108413,1,6
108406,108412,108413,1,6
108406,108412,108413,1,6
108406,108411,108415,4,5
108402,108402,108417,15,0
108406,108406,108417,11,0
108406,108406,108417,11,0
108406,108411,108418,7,5
108402,108402,108418,16,0
108402,108402,108418,16,0
108406,108406,108420,14,0
108402,108402,108420,18,0
108402,108402,108420,18,0
108406,108412,108422,10,6
108402,108402,108425,23,0
108406,108410,108425,15,4
108402,108402,108435,33,0
108153,108153,108483,330,0
108532,108532,108533,1,0
108532,108532,108533,1,0
108532,108532,108534,2,0
108532,108532,108533,1,0
108532,108532,108533,1,0
108532,108532,108533,1,0
108532,108532,108533,1,0
108532,108532,108533,1,0
108532,108532,108534,2,0
108532,108532,108534,2,0
108532,108532,108534,2,0
108532,108532,108534,2,0
108532,108532,108534,2,0
108532,108532,108535,3,0
108532,108532,108535,3,0
108532,108532,108534,2,0
108532,108532,108535,3,0
108532,108532,108535,3,0
108532,108532,108535,3,0
108532,108532,108536,4,0
108532,108532,108536,4,0
108532,108532,108539,7,0
108532,108532,108540,8,0
108532,108532,108542,10,0
108532,108532,108543,11,0
108532,108532,108544,12,0
108532,108532,108544,12,0
108532,108532,108544,12,0
108532,108532,108546,14,0
108532,108532,108551,19,0
108532,108532,108562,30,0
108406,108413,108661,248,7
108402,108403,108668,265,1
108671,108671,108672,1,0
108671,108671,108673,2,0
108671,108671,108673,2,0
108671,108671,108673,2,0
108671,108671,108673,2,0
108671,108671,108673,2,0
108671,108671,108675,4,0
108538,108538,108674,136,0
108671,108673,108674,1,2
108671,108671,108675,4,0
108671,108674,108675,1,3
108671,108674,108675,1,3
108671,108673,108676,3,2
108671,108674,108677,3,3
108671,108671,108678,7,0
108671,108671,108679,8,0
108671,108671,108679,8,0
108671,108671,108680,9,0
108671,108671,108682,11,0
108671,108671,108681,10,0
108671,108671,108682,11,0
108671,108671,108681,10,0
108671,108671,108682,11,0
108671,108671,108683,12,0
108671,108671,108684,13,0
108671,108671,108684,13,0
108671,108671,108686,15,0
108671,108671,108689,18,0
108671,108671,108691,20,0
108671,108671,108691,20,0
108543,108543,108692,149,0
108542,108542,108693,151,0
108547,108547,108705,158,0
108671,108671,108709,38,0
108546,108546,108713,167,0
108671,108671,108715,44,0
108543,108544,108719,175,1
108541,108541,108742,201,0
108544,108545,108751,206,1
108548,108548,108763,215,0
108794,108794,108796,2,0
108794,108794,108795,1,0
108794,108794,108795,1,0
108794,108794,108796,2,0
108794,108794,108796,2,0
108794,108794,108795,1,0
108794,108794,108796,2,0
108794,108794,108796,2,0
108794,108794,108796,2,0
108794,108794,108795,1,0
108794,108794,108796,2,0
108794,108794,108796,2,0
108794,108794,108796,2,0
108794,108794,108797,3,0
108794,108796,108798,2,2
108794,108796,108798,2,2
108794,108796,108798,2,2
108794,108796,108798,2,2
108794,108796,108798,2,2
108794,108796,108798,2,2
108794,108798,108799,1,4
108794,108798,108799,1,4
108794,108797,108799,2,3
108794,108798,108799,1,4
108794,108794,108799,5,0
108794,108798,108799,1,4
108794,108796,108799,3,2
108794,108797,108799,2,3
108794,108794,108800,6,0
108794,108796,108799,3,2
108794,108799,108800,1,5
108794,108799,108800,1,5
108794,108797,108799,2,3
108794,108799,108800,1,5
108794,108799,108800,1,5
108794,108799,108800,1,5
108794,108799,108800,1,5
108794,108798,108800,2,4
108794,108796,108801,5,2
108794,108799,108801,2,5
108794,108799,108800,1,5
108794,108796,108801,5,2
108800,108800,108801,1,0
108800,108801,108802,1,1
108800,108801,108803,2,1
108800,108801,108802,1,1
108800,108801,108802,1,1
108794,108796,108802,6,2
108800,108801,108802,1,1
108794,108794,108802,8,0
108794,108794,108802,8,0
108794,108794,108803,9,0
108800,108801,108803,2,1
108800,108802,108803,1,2
108800,108801,108803,2,1
108800,108802,108803,1,2
108800,108801,108803,2,1
108800,108802,108804,2,2
108800,108802,108803,1,2
108794,108794,108804,10,0
108794,108794,108804,10,0
108794,108794,108803,9,0
108800,108801,108804,3,1
108800,108803,108804,1,3
108800,108804,108805,1,4
108800,108802,108804,2,2
108800,108803,108804,1,3
108800,108803,108804,1,3
108800,108803,108804,1,3
108800,108804,108805,1,4
108800,108804,108805,1,4
108800,108803,108804,1,3
108800,108803,108804,1,3
108794,108794,108805,11,0
108794,108794,108805,11,0
108800,108804,108805,1,4
108800,108804,108805,1,4
108800,108804,108805,1,4
108800,108804,108805,1,4
108794,108794,108806,12,0
108794,108794,108806,12,0
108800,108805,108806,1,5
108800,108805,108806,1,5
108800,108805,108806,1,5
108800,108805,108807,2,5
108800,108805,108806,1,5
108800,108806,108807,1,6
108800,108805,108806,1,5
108794,108794,108807,13,0
108794,108794,108806,12,0
108794,108794,108807,13,0
108800,108805,108807,2,5
108800,108805,108807,2,5
108800,108806,108807,1,6
108800,108805,108807,2,5
108800,108806,108808,2,6
108800,108807,108808,1,7
108800,108805,108808,3,5
108800,108806,108807,1,6
108800,108807,108808,1,7
108800,108807,108808,1,7
108800,108803,108808,5,3
108800,108805,108808,3,5
108800,108807,108808,1,7
108800,108807,108808,1,7
108800,108807,108808,1,7
108800,108807,108808,1,7
108801,108808,108809,1,7
108800,108804,108809,5,4
108801,108808,108809,1,7
108801,108808,108809,1,7
108801,108808,108810,2,7
108801,108808,108810,2,7
108801,108808,108810,2,7
108794,108794,108810,16,0
108801,108808,108810,2,7
108801,108808,108810,2,7
108801,108808,108810,2,7
108801,108809,108810,1,8
108801,108809,108811,2,8
108801,108809,108810,1,8
108801,108809,108811,2,8
108801,108809,108810,1,8
108801,108808,108810,2,7
108801,108810,108811,1,9
108800,108803,108811,8,3
108800,108805,108811,6,5
108801,108809,108811,2,8
108801,108810,108811,1,9
108801,108811,108812,1,10
108801,108810,108811,1,9
108801,108811,108812,1,10
108801,108811,108812,1,10
108801,108810,108811,1,9
108801,108810,108811,1,9
108801,108811,108812,1,10
108801,108811,108813,2,10
108801,108811,108813,2,10
108801,108811,108812,1,10
108801,108811,108812,1,10
108801,108811,108812,1,10
108801,108811,108813,2,10
108801,108812,108813,1,11
108801,108812,108814,2,11
108801,108812,108814,2,11
108801,108812,108814,2,11
108801,108812,108814,2,11
108801,108813,108814,1,12
108801,108809,108814,5,8
108801,108813,108815,2,12
108801,108812,108814,2,11
108801,108812,108815,3,11
108801,108812,108814,2,11
108801,108813,108814,1,12
108801,108813,108814,1,12
108801,108814,108815,1,13
108801,108814,108815,1,13
108801,108814,108815,1,13
108801,108813,108815,2,12
108801,108815,108816,1,14
108801,108815,108816,1,14
108801,108815,108816,1,14
108801,108814,108815,1,13
108801,108814,108815,1,13
108801,108814,108815,1,13
108801,108814,108816,2,13
108794,108794,108816,22,0
108801,108815,108817,2,14
108801,108815,108816,1,14
108801,108815,108816,1,14
108800,108806,108817,11,6
108801,108813,108818,5,12
108801,108816,108818,2,15
108794,108794,108818,24,0
108794,108794,108818,24,0
108800,108804,108818,14,4
108800,108804,108818,14,4
108801,108815,108818,3,14
108801,108816,108818,2,15
108801,108816,108818,2,15
108801,108816,108818,2,15
108801,108816,108818,2,15
108801,108816,108819,3,15
108801,108816,108818,2,15
108801,108817,108819,2,16
108801,108818,108819,1,17
108801,108818,108819,1,17
108801,108817,108819,2,16
108801,108807,108819,12,6
108801,108814,108819,5,13
108801,108816,108820,4,15
108801,108817,108819,2,16
108801,108818,108820,2,17
108801,108819,108820,1,18
108801,108815,108820,5,14
108801,108818,108820,2,17
108801,108818,108820,2,17
108801,108815,108820,5,14
108801,108818,108819,1,17
108801,108818,108819,1,17
108800,108803,108820,17,3
108801,108810,108821,11,9
108794,108794,108822,28,0
108801,108816,108822,6,15
108801,108811,108823,12,10
108801,108808,108822,14,7
108801,108811,108823,12,10
108801,108817,108824,7,16
108800,108805,108826,21,5
108801,108818,108827,9,17
108801,108818,108827,9,17
108794,108794,108830,36,0
108800,108807,108833,26,7
108801,108818,108834,16,17
108800,108806,108851,45,6
108801,108818,108853,35,17
108532,108532,108869,337,0
108800,108807,108870,63,7
108933,108933,108935,2,0
108933,108933,108935,2,0
108933,108933,108934,1,0
108933,108933,108935,2,0
108933,108933,108935,2,0
108933,108933,108936,3,0
108933,108933,108935,2,0
108933,108933,108936,3,0
108933,108933,108935,2,0
108933,108933,108936,3,0
108933,108933,108936,3,0
108933,108933,108936,3,0
108933,108933,108936,3,0
108933,108933,108936,3,0
108933,108933,108936,3,0
108933,108935,108937,2,2
108933,108933,108937,4,0
108933,108933,108936,3,0
108933,108933,108936,3,0
108933,108935,108937,2,2
108933,108936,108938,2,3
108933,108935,108937,2,2
108933,108936,108938,2,3
108933,108936,108938,2,3
108933,108936,108938,2,3
108933,108937,108938,1,4
108933,108933,108939,6,0
108933,108935,108938,3,2
108933,108936,108939,3,3
108933,108935,108939,4,2
108933,108937,108939,2,4
108933,108936,108938,2,3
108933,108938,108939,1,5
108933,108933,108939,6,0
108933,108933,108940,7,0
108933,108933,108939,6,0
108933,108936,108940,4,3
108933,108938,108940,2,5
108933,108938,108939,1,5
108933,108936,108939,3,3
108933,108939,108940,1,6
108933,108938,108939,1,5
108933,108938,108939,1,5
108933,108938,108940,2,5
108933,108938,108940,2,5
108933,108933,108942,9,0
108933,108933,108942,9,0
108933,108939,108944,5,6
108794,108799,108944,145,5
108933,108933,108945,12,0
108933,108937,108945,8,4
108933,108933,108946,13,0
108933,108937,108947,10,4
108933,108933,108951,18,0
108933,108933,108951,18,0
108933,108933,108953,20,0
108933,108933,108954,21,0
108933,108937,108955,18,4
108933,108933,108955,22,0
108933,108936,108956,20,3
108933,108933,108969,36,0
108801,108819,108971,152,18
108933,108933,108973,40,0
108933,108933,108979,46,0
109065,109065,109066,1,0
109065,109065,109066,1,0
109065,109065,109066,1,0
109065,109065,109067,2,0
109065,109065,109067,2,0
109065,109065,109067,2,0
109065,109065,109066,1,0
109065,109065,109067,2,0
109065,109065,109067,2,0
109065,109065,109068,3,0
109065,109065,109068,3,0
109065,109065,109067,2,0
109065,109065,109068,3,0
109065,109065,109068,3,0
109065,109065,109068,3,0
109065,109067,109069,2,2
109065,109067,109069,2,2
109065,109067,109069,2,2
109065,109067,109069,2,2
109065,109067,109070,3,2
109065,109068,109070,2,3
109065,109068,109070,2,3
109065,109068,109070,2,3
109065,109069,109070,1,4
109065,109068,109070,2,3
109065,109068,109069,1,3
109065,109069,109070,1,4
109065,109069,109070,1,4
109065,109070,109071,1,5
109065,109070,109071,1,5
109065,109066,109070,4,1
109065,109069,109071,2,4
109065,109070,109071,1,5
109065,109070,109071,1,5
109065,109067,109071,4,2
109065,109070,109071,1,5
109065,109070,109071,1,5
109065,109065,109072,7,0
109065,109065,109072,7,0
109065,109065,109072,7,0
109065,109065,109072,7,0
109065,109066,109072,6,1
109065,109069,109072,3,4
109065,109067,109072,5,2
109065,109070,109071,1,5
109065,109070,109072,2,5
109073,109073,109074,1,0
109073,109073,109074,1,0
109073,109073,109074,1,0
109073,109073,109075,2,0
109073,109073,109075,2,0
109073,109073,109075,2,0
109073,109073,109075,2,0
109073,109074,109075,1,1
109073,109073,109074,1,0
109073,109073,109075,2,0
109073,109074,109075,1,1
109065,109065,109075,10,0
109065,109065,109075,10,0
109065,109065,109075,10,0
109065,109065,109075,10,0
109065,109065,109075,10,0
109073,109073,109075,2,0
109073,109075,109076,1,2
109073,109075,109076,1,2
109073,109073,109076,3,0
109073,109075,109076,1,2
109073,109075,109076,1,2
109065,109065,109075,10,0
109065,109065,109075,10,0
109065,109065,109076,11,0
109065,109065,109075,10,0
109065,109065,109076,11,0
109073,109073,109077,4,0
109073,109075,109076,1,2
109073,109075,109076,1,2
109073,109075,109076,1,2
109073,109073,109077,4,0
109073,109075,109077,2,2
109073,109075,109076,1,2
109077,109077,109078,1,0
109073,109073,109079,6,0
109077,109077,109079,2,0
109077,109077,109078,1,0
109077,109077,109079,2,0
109077,109077,109079,2,0
109077,109077,109078,1,0
109077,109077,109078,1,0
109077,109078,109079,1,1
109073,109073,109080,7,0
109077,109077,109079,2,0
109077,109079,109080,1,2
109077,109079,109080,1,2
109073,109073,109080,7,0
109073,109073,109081,8,0
109073,109073,109081,8,0
109077,109077,109080,3,0
109077,109079,109080,1,2
109077,109079,109080,1,2
109077,109079,109080,1,2
109077,109080,109081,1,3
109077,109077,109081,4,0
109077,109079,109081,2,2
109077,109079,109081,2,2
109077,109079,109081,2,2
109077,109077,109082,5,0
109077,109077,109082,5,0
109077,109077,109082,5,0
109073,109075,109083,8,2
109077,109080,109084,4,3
109065,109065,109086,21,0
109077,109077,109087,10,0
109077,109077,109086,9,0
109077,109077,109086,9,0
109065,109065,109091,26,0
109077,109077,109092,15,0
109073,109075,109096,21,2
109077,109077,109097,20,0
109065,109065,109100,35,0
109065,109065,109101,36,0
109065,109065,109102,37,0
109077,109077,109102,25,0
109065,109065,109108,43,0
108933,108939,109109,170,6
109077,109077,109123,46,0
109209,109209,109210,1,0
109209,109209,109210,1,0
109209,109209,109210,1,0
109209,109209,109210,1,0
109209,109209,109210,1,0
109209,109209,109210,1,0
109209,109209,109210,1,0
109209,109209,109210,1,0
109209,109209,109210,1,0
109209,109209,109213,4,0
109209,109209,109212,3,0
109209,109209,109213,4,0
109209,109209,109213,4,0
109209,109209,109213,4,0
109209,109209,109214,5,0
109209,109209,109215,6,0
109209,109209,109215,6,0
109209,109209,109215,6,0
109209,109209,109217,8,0
109209,109209,109217,8,0
109209,109209,109217,8,0
109209,109209,109218,9,0
109209,109209,109218,9,0
109209,109209,109218,9,0
109209,109209,109218,9,0
109209,109209,109219,10,0
109077,109080,109221,141,3
109209,109209,109222,13,0
109209,109209,109225,16,0
109209,109209,109225,16,0
109209,109209,109228,19,0
109209,109209,109229,20,0
109065,109071,109238,167,6
109341,109341,109342,1,0
109341,109341,109342,1,0
109341,109341,109343,2,0
109341,109341,109344,3,0
109341,109341,109344,3,0
109341,109341,109344,3,0
109341,109341,109345,4,0
109341,109341,109344,3,0
109341,109341,109344,3,0
109341,109341,109346,5,0
109341,109341,109346,5,0
109341,109341,109346,5,0
109341,109341,109345,4,0
109341,109341,109346,5,0
109341,109341,109346,5,0
109341,109341,109346,5,0
109341,109341,109346,5,0
109341,109341,109346,5,0
109341,109341,109348,7,0
109341,109341,109348,7,0
109341,109341,109348,7,0
109341,109341,109349,8,0
109341,109341,109349,8,0
109341,109341,109350,9,0
109341,109341,109353,12,0
109341,109341,109356,15,0
109341,109341,109362,21,0
109341,109341,109362,21,0
109341,109341,109362,21,0
109212,109212,109370,158,0
109341,109341,109386,45,0
109341,109341,109392,51,0
109073,109075,109452,377,2
109463,109463,109464,1,0
109463,109463,109464,1,0
109463,109463,109464,1,0
109463,109463,109466,3,0
109463,109463,109465,2,0
109463,109463,109466,3,0
109463,109463,109466,3,0
109463,109463,109466,3,0
109463,109463,109466,3,0
109463,109463,109468,5,0
109463,109463,109469,6,0
109463,109463,109469,6,0
109463,109463,109469,6,0
109463,109463,109468,5,0
109463,109463,109469,6,0
109463,109463,109468,5,0
109463,109463,109469,6,0
109463,109463,109470,7,0
109463,109463,109469,6,0
109463,109463,109469,6,0
109463,109463,109470,7,0
109463,109465,109471,6,2
109463,109463,109471,8,0
109463,109463,109472,9,0
109463,109469,109472,3,6
109463,109470,109472,2,7
109463,109465,109472,7,2
109463,109470,109472,2,7
109463,109465,109472,7,2
109463,109469,109472,3,6
109463,109463,109472,9,0
109463,109463,109473,10,0
109463,109463,109473,10,0
109463,109463,109473,10,0
109463,109466,109472,6,3
109463,109469,109473,4,6
109463,109471,109473,2,8
109463,109463,109473,10,0
109463,109463,109473,10,0
109463,109468,109472,4,5
109463,109470,109472,2,7
109463,109471,109473,2,8
109463,109469,109473,4,6
109463,109469,109472,3,6
109463,109463,109474,11,0
109463,109463,109473,10,0
109463,109466,109473,7,3
109463,109467,109474,7,4
109463,109467,109474,7,4
109463,109472,109473,1,9
109463,109467,109473,6,4
109463,109463,109474,11,0
109463,109472,109473,1,9
109463,109472,109474,2,9
109463,109463,109474,11,0
109463,109463,109474,11,0
109463,109472,109475,3,9
109463,109463,109476,13,0
109463,109466,109476,10,3
109463,109469,109478,9,6
109463,109470,109478,8,7
109463,109471,109480,9,8
109209,109209,109483,274,0
109463,109472,109630,158,9
109717,109717,109718,1,0
109717,109717,109718,1,0
109717,109717,109719,2,0
109717,109717,109720,3,0
109717,109717,109721,4,0
109720,109720,109722,2,0
109720,109720,109721,1,0
109717,109717,109721,4,0
109720,109720,109721,1,0
109717,109717,109723,6,0
109717,109717,109722,5,0
109717,109717,109722,5,0
109717,109717,109723,6,0
109717,109717,109723,6,0
109717,109717,109723,6,0
109717,109717,109724,7,0
109717,109717,109724,7,0
109717,109717,109724,7,0
109717,109717,109724,7,0
109717,109717,109725,8,0
109717,109717,109724,7,0
109717,109717,109726,9,0
109720,109724,109726,2,4
109720,109723,109727,4,3
109720,109724,109726,2,4
109720,109725,109727,2,5
109720,109723,109727,4,3
109720,109723,109727,4,3
109720,109724,109726,2,4
109720,109723,109727,4,3
109717,109717,109728,11,0
109717,109717,109728,11,0
109720,109721,109727,6,1
109720,109723,109727,4,3
109720,109722,109728,6,2
109720,109727,109728,1,7
109720,109726,109728,2,6
109720,109722,109729,7,2
109720,109727,109728,1,7
109717,109717,109728,11,0
109720,109722,109729,7,2
109720,109727,109729,2,7
109720,109727,109729,2,7
109720,109722,109729,7,2
109720,109727,109729,2,7
109720,109722,109730,8,2
109720,109723,109730,7,3
109720,109720,109731,11,0
109720,109720,109732,12,0
109720,109726,109733,7,6
109720,109720,109734,14,0
109717,109717,109735,18,0
109717,109717,109736,19,0
109717,109717,109735,18,0
109717,109717,109737,20,0
109717,109717,109738,21,0
109720,109725,109739,14,5
109717,109717,109740,23,0
109720,109725,109740,15,5
109717,109717,109745,28,0
109717,109717,109752,35,0
109717,109717,109751,34,0
109785,109785,109786,1,0
109785,109785,109786,1,0
109785,109785,109786,1,0
109785,109785,109786,1,0
109785,109785,109786,1,0
109785,109785,109786,1,0
109785,109785,109786,1,0
109785,109785,109786,1,0
109785,109785,109786,1,0
109785,109785,109786,1,0
109785,109785,109786,1,0
109785,109785,109787,2,0
109785,109785,109787,2,0
109785,109785,109787,2,0
109785,109785,109788,3,0
109785,109785,109788,3,0
109785,109785,109791,6,0
109785,109785,109794,9,0
109785,109785,109793,8,0
109785,109785,109793,8,0
109785,109785,109794,9,0
109785,109785,109795,10,0
109785,109785,109795,10,0
109785,109785,109797,12,0
109785,109785,109797,12,0
109785,109785,109803,18,0
109785,109785,109806,21,0
109785,109785,109806,21,0
109785,109785,109807,22,0
109785,109785,109828,43,0
109785,109785,109831,46,0
109720,109727,109877,150,7
109711,109711,109904,193,0
109722,109727,109906,179,5
109924,109924,109925,1,0
109924,109924,109925,1,0
109924,109924,109925,1,0
109924,109924,109925,1,0
109924,109924,109925,1,0
109924,109924,109925,1,0
109924,109925,109926,1,1
109924,109924,109926,2,0
109924,109924,109926,2,0
109924,109925,109926,1,1
109924,109925,109926,1,1
109924,109924,109926,2,0
109924,109925,109926,1,1
109924,109924,109926,2,0
109924,109924,109926,2,0
109924,109924,109927,3,0
109924,109924,109927,3,0
109927,109927,109928,1,0
109927,109927,109929,2,0
109927,109927,109928,1,0
109927,109927,109930,3,0
109924,109924,109929,5,0
109924,109924,109932,8,0
109927,109927,109932,5,0
109927,109927,109932,5,0
109927,109927,109933,6,0
109927,109929,109933,4,2
109924,109924,109933,9,0
109924,109924,109933,9,0
109924,109924,109933,9,0
109924,109924,109933,9,0
109927,109930,109933,3,3
109927,109929,109933,4,2
109924,109924,109934,10,0
109927,109932,109934,2,5
109927,109932,109934,2,5
109927,109933,109935,2,6
109924,109924,109934,10,0
109927,109927,109935,8,0
109924,109924,109935,11,0
109924,109924,109935,11,0
109927,109934,109935,1,7
109927,109929,109935,6,2
109927,109934,109935,1,7
109927,109935,109936,1,8
109927,109933,109935,2,6
109927,109935,109936,1,8
109927,109927,109936,9,0
109927,109927,109936,9,0
109924,109924,109936,12,0
109924,109924,109936,12,0
109927,109935,109936,1,8
109927,109930,109937,7,3
109927,109927,109938,11,0
109927,109935,109938,3,8
109927,109932,109938,6,5
109927,109927,109940,13,0
109927,109937,109941,4,10
109927,109933,109941,8,6
109927,109933,109941,8,6
109927,109933,109941,8,6
109927,109936,109942,6,9
109927,109933,109942,9,6
109927,109936,109943,7,9
109927,109938,109942,4,11
109927,109936,109942,6,9
109927,109936,109943,7,9
109927,109941,109943,2,14
109927,109938,109942,4,11
109927,109938,109943,5,11
109927,109936,109943,7,9
109927,109936,109943,7,9
109927,109936,109943,7,9
109927,109934,109943,9,7
109927,109936,109944,8,9
109927,109942,109944,2,15
109927,109943,109944,1,16
109927,109943,109944,1,16
109927,109943,109944,1,16
109927,109935,109944,9,8
109791,109791,109947,156,0
109927,109936,109947,11,9
109927,109941,109947,6,14
109924,109924,109948,24,0
109927,109939,109948,9,12
109927,109943,109948,5,16
109924,109924,109953,29,0
109927,109935,109954,19,8
109927,109942,109954,12,15
109927,109936,109955,19,9
109927,109942,109956,14,15
109798,109798,109959,161,0
109927,109943,109961,18,16
109796,109796,109964,168,0
109785,109787,109975,188,2
109927,109943,109977,34,16
109927,109935,109978,43,8
109799,109799,109978,179,0
109801,109801,109999,198,0
109723,109728,110005,277,5
109797,109797,110006,209,0
110052,110052,110053,1,0
110052,110052,110053,1,0
110052,110052,110054,2,0
110052,110052,110055,3,0
110052,110053,110055,2,1
110052,110052,110056,4,0
110052,110053,110056,3,1
110052,110052,110057,5,0
110052,110052,110057,5,0
110052,110052,110057,5,0
110052,110052,110059,7,0
110052,110052,110059,7,0
110052,110052,110059,7,0
110052,110052,110058,6,0
110052,110054,110059,5,2
110052,110052,110059,7,0
110052,110052,110059,7,0
110052,110052,110060,8,0
110052,110055,110060,5,3
110052,110052,110060,8,0
110052,110052,110060,8,0
110052,110055,110060,5,3
110052,110056,110061,5,4
110052,110052,110061,9,0
110052,110052,110061,9,0
110052,110061,110063,2,9
110052,110060,110062,2,8
110052,110061,110062,1,9
110052,110060,110062,2,8
110052,110061,110062,1,9
110052,110060,110063,3,8
110052,110060,110063,3,8
110052,110060,110063,3,8
110052,110060,110063,3,8
110052,110060,110063,3,8
110052,110062,110063,1,10
110052,110063,110064,1,11
110052,110052,110064,12,0
110052,110052,110064,12,0
110052,110052,110064,12,0
110052,110057,110064,7,5
110052,110058,110064,6,6
110052,110063,110064,1,11
110052,110063,110064,1,11
110052,110063,110064,1,11
110052,110063,110064,1,11
110052,110052,110064,12,0
110052,110052,110065,13,0
110052,110064,110065,1,12
110052,110064,110065,1,12
110052,110057,110065,8,5
110052,110052,110066,14,0
110052,110064,110066,2,12
110052,110052,110066,14,0
110052,110065,110068,3,13
110052,110066,110068,2,14
110052,110058,110068,10,6
110052,110066,110068,2,14
110052,110066,110068,2,14
110052,110052,110068,16,0
110052,110065,110069,4,13
110052,110067,110068,1,15
110052,110062,110069,7,10
110052,110065,110069,4,13
110052,110065,110069,4,13
110052,110065,110069,4,13
110052,110064,110069,5,12
110052,110065,110069,4,13
110052,110068,110069,1,16
110052,110068,110069,1,16
110052,110069,110070,1,17
110052,110069,110070,1,17
110052,110052,110070,18,0
110053,110069,110070,1,16
110052,110064,110071,7,12
110053,110069,110070,1,16
110052,110064,110071,7,12
110052,110064,110070,6,12
110052,110067,110071,4,15
110052,110059,110072,13,7
110053,110070,110072,2,17
110052,110069,110073,4,17
110052,110066,110073,7,14
110053,110073,110075,2,20
110053,110071,110075,4,18
110053,110071,110074,3,18
110053,110071,110075,4,18
110053,110071,110074,3,18
110052,110064,110075,11,12
110053,110070,110075,5,17
110053,110071,110075,4,18
110053,110070,110076,6,17
110053,110070,110075,5,17
110052,110059,110076,17,7
110053,110072,110076,4,19
110053,110071,110076,5,18
110053,110075,110077,2,22
110053,110075,110077,2,22
110053,110075,110076,1,22
110053,110075,110076,1,22
110053,110075,110076,1,22
110053,110070,110077,7,17
110053,110076,110077,1,23
110053,110076,110077,1,23
110053,110070,110077,7,17
110053,110070,110077,7,17
110052,110052,110078,26,0
110053,110073,110078,5,20
110052,110065,110078,13,13
110053,110071,110078,7,18
110052,110065,110079,14,13
110053,110074,110079,5,21
110052,110052,110082,30,0
110052,110062,110082,20,10
110052,110069,110084,15,17
110052,110052,110085,33,0
110053,110071,110086,15,18
109717,109717,110087,370,0
110053,110074,110089,15,21
110053,110070,110091,21,17
109927,109943,110092,149,16
110052,110052,110094,42,0
109924,109925,110094,169,1
110052,110052,110094,42,0
110052,110067,110095,28,15
110052,110064,110099,35,12
110053,110076,110142,66,23
110182,110182,110183,1,0
110182,110182,110183,1,0
110182,110182,110184,2,0
110182,110182,110186,4,0
110182,110182,110186,4,0
110182,110182,110188,6,0
110182,110182,110187,5,0
110182,110182,110188,6,0
110182,110182,110188,6,0
110182,110182,110189,7,0
110182,110182,110190,8,0
110182,110182,110190,8,0
110182,110182,110191,9,0
110182,110182,110190,8,0
110182,110182,110191,9,0
110182,110182,110191,9,0
110182,110182,110190,8,0
110182,110182,110192,10,0
110182,110182,110193,11,0
110182,110182,110193,11,0
110182,110182,110193,11,0
110182,110182,110193,11,0
110182,110182,110194,12,0
110182,110182,110194,12,0
110182,110182,110195,13,0
110182,110182,110196,14,0
110182,110182,110198,16,0
110182,110182,110203,21,0
110182,110182,110205,23,0
110182,110182,110208,26,0
110182,110182,110215,33,0
110053,110076,110239,163,23
110304,110304,110305,1,0
110304,110304,110305,1,0
110304,110304,110306,2,0
110304,110304,110307,3,0
110304,110304,110308,4,0
110304,110304,110309,5,0
110304,110304,110309,5,0
110304,110304,110310,6,0
110304,110304,110310,6,0
110304,110304,110310,6,0
110304,110305,110310,5,1
110304,110304,110311,7,0
110304,110304,110311,7,0
110304,110305,110311,6,1
110304,110304,110312,8,0
110304,110304,110312,8,0
110304,110304,110312,8,0
110304,110304,110312,8,0
110304,110304,110312,8,0
110304,110306,110313,7,2
110304,110304,110313,9,0
110304,110304,110313,9,0
110304,110304,110314,10,0
110304,110307,110314,7,3
110304,110308,110314,6,4
110304,110312,110314,2,8
110304,110313,110314,1,9
110304,110313,110314,1,9
110304,110304,110315,11,0
110304,110305,110315,10,1
110304,110304,110315,11,0
110304,110304,110315,11,0
110304,110305,110315,10,1
110304,110305,110315,10,1
110304,110312,110315,3,8
110304,110313,110315,2,9
110304,110313,110315,2,9
110304,110314,110315,1,10
110304,110310,110315,5,6
110304,110313,110315,2,9
110304,110311,110316,5,7
110304,110308,110315,7,4
110304,110311,110315,4,7
110304,110312,110315,3,8
110304,110304,110316,12,0
110304,110304,110316,12,0
110304,110315,110316,1,11
110304,110315,110316,1,11
110304,110315,110316,1,11
110305,110315,110316,1,10
110305,110315,110316,1,10
110304,110304,110317,13,0
110304,110315,110317,2,11
110304,110310,110317,7,6
110304,110304,110317,13,0
110304,110314,110318,4,10
110305,110316,110319,3,11
110305,110317,110319,2,12
110305,110317,110319,2,12
110305,110317,110318,1,12
110305,110317,110318,1,12
110305,110316,110320,4,11
110305,110317,110319,2,12
110305,110318,110319,1,13
110304,110311,110320,9,7
110305,110316,110320,4,11
110305,110316,110319,3,11
110305,110316,110319,3,11
110305,110319,110320,1,14
110305,110316,110321,5,11
110304,110314,110321,7,10
110305,110319,110321,2,14
110305,110316,110322,6,11
110305,110316,110322,6,11
110304,110311,110323,12,7
110305,110316,110323,7,11
110305,110316,110323,7,11
110305,110316,110323,7,11
110304,110304,110326,22,0
110304,110304,110326,22,0
110305,110317,110326,9,12
110304,110304,110328,24,0
110305,110316,110328,12,11
110305,110316,110330,14,11
110305,110316,110331,15,11
110305,110318,110340,22,13
110305,110318,110340,22,13
110305,110317,110341,24,12
110305,110316,110344,28,11
110305,110316,110343,27,11
110304,110304,110348,44,0
110305,110318,110350,32,13
110304,110305,110365,60,1
110435,110435,110436,1,0
110435,110435,110436,1,0
110435,110435,110436,1,0
110435,110435,110437,2,0
110435,110435,110439,4,0
110435,110435,110439,4,0
110435,110435,110439,4,0
110435,110435,110440,5,0
110435,110435,110440,5,0
110435,110436,110441,5,1
110435,110435,110441,6,0
110435,110435,110442,7,0
110435,110435,110442,7,0
110435,110435,110442,7,0
110435,110437,110442,5,2
110435,110435,110442,7,0
110435,110435,110443,8,0
110435,110435,110442,7,0
110435,110437,110443,6,2
110435,110435,110444,9,0
110435,110439,110444,5,4
110435,110435,110445,10,0
110435,110435,110445,10,0
110435,110435,110444,9,0
110435,110435,110444,9,0
110435,110443,110445,2,8
110435,110441,110444,3,6
110435,110443,110445,2,8
110435,110438,110445,7,3
110435,110435,110445,10,0
110435,110442,110445,3,7
110435,110441,110445,4,6
110435,110443,110445,2,8
110435,110443,110445,2,8
110435,110444,110446,2,9
110435,110442,110445,3,7
110435,110435,110446,11,0
110435,110435,110446,11,0
110435,110435,110447,12,0
110435,110443,110447,4,8
110435,110439,110446,7,4
110435,110445,110446,1,10
110435,110439,110446,7,4
110435,110440,110446,6,5
110435,110445,110446,1,10
110435,110440,110448,8,5
110435,110435,110447,12,0
110435,110435,110448,13,0
110448,110448,110449,1,0
110435,110435,110448,13,0
110448,110448,110450,2,0
110448,110448,110449,1,0
110435,110444,110450,6,9
110448,110449,110451,2,1
110435,110442,110451,9,7
110448,110448,110452,4,0
110448,110448,110451,3,0
110448,110450,110452,2,2
110448,110450,110452,2,2
110448,110448,110451,3,0
110435,110435,110452,17,0
110435,110435,110452,17,0
110435,110445,110452,7,10
110435,110445,110452,7,10
110448,110448,110453,5,0
110448,110448,110453,5,0
110448,110452,110453,1,4
110448,110451,110452,1,3
110448,110452,110453,1,4
110448,110452,110453,1,4
110435,110435,110453,18,0
110448,110448,110455,7,0
110435,110435,110455,20,0
110448,110452,110455,3,4
110448,110448,110455,7,0
110448,110448,110456,8,0
110448,110448,110455,7,0
110448,110448,110456,8,0
110448,110448,110455,7,0
110448,110448,110455,7,0
110448,110451,110455,4,3
110448,110448,110459,11,0
110448,110448,110461,13,0
110448,110449,110461,12,1
110435,110435,110462,27,0
110448,110448,110462,14,0
110435,110435,110462,27,0
110435,110435,110464,29,0
110435,110445,110466,21,10
110448,110448,110465,17,0
110448,110450,110466,16,2
110305,110319,110466,147,14
110435,110445,110471,26,10
110448,110448,110481,33,0
110583,110584,110585,1,1
110583,110584,110585,1,1
110583,110584,110585,1,1
110583,110584,110587,3,1
110583,110584,110587,3,1
110583,110586,110587,1,3
110583,110584,110587,3,1
110583,110584,110588,4,1
110583,110584,110589,5,1
110583,110584,110589,5,1
110583,110584,110590,6,1
110583,110584,110590,6,1
110583,110584,110591,7,1
110583,110584,110590,6,1
110583,110584,110591,7,1
110583,110584,110591,7,1
110583,110584,110591,7,1
110583,110584,110591,7,1
110583,110584,110592,8,1
110583,110584,110592,8,1
110583,110584,110592,8,1
110583,110584,110594,10,1
110583,110584,110594,10,1
110583,110584,110594,10,1
110583,110584,110595,11,1
110583,110584,110596,12,1
110435,110445,110597,152,10
110583,110584,110597,13,1
110456,110456,110603,147,0
110455,110455,110604,149,0
110583,110584,110610,26,1
110448,110452,110619,167,4
110583,110584,110619,35,1
110583,110584,110621,37,1
110457,110457,110638,181,0
110583,110584,110642,58,1
110714,110714,110715,1,0
110714,110714,110715,1,0
110714,110714,110717,3,0
110714,110714,110717,3,0
110714,110714,110716,2,0
110714,110714,110717,3,0
110714,110714,110717,3,0
110714,110716,110717,1,2
110714,110714,110718,4,0
110714,110714,110718,4,0
110714,110716,110718,2,2
110714,110714,110718,4,0
110714,110714,110719,5,0
110714,110714,110718,4,0
110714,110714,110719,5,0
110714,110714,110719,5,0
110714,110714,110719,5,0
110714,110714,110719,5,0
110714,110714,110720,6,0
110714,110714,110720,6,0
110714,110714,110720,6,0
110714,110714,110720,6,0
110714,110714,110720,6,0
110714,110714,110720,6,0
110714,110714,110722,8,0
110714,110714,110722,8,0
110714,110714,110723,9,0
110714,110714,110722,8,0
110714,110721,110722,1,7
110714,110720,110723,3,6
110714,110720,110722,2,6
110714,110717,110722,5,3
110714,110720,110723,3,6
110714,110721,110722,1,7
110714,110718,110723,5,4
110714,110720,110723,3,6
110714,110717,110724,7,3
110714,110719,110723,4,5
110714,110718,110723,5,4
110714,110718,110724,6,4
110714,110721,110724,3,7
110714,110714,110724,10,0
110714,110721,110724,3,7
110714,110723,110724,1,9
110714,110717,110725,8,3
110714,110721,110724,3,7
110714,110723,110724,1,9
110714,110723,110724,1,9
110714,110723,110724,1,9
110714,110714,110726,12,0
110714,110714,110725,11,0
110714,110721,110726,5,7
110714,110719,110725,6,5
110714,110719,110725,6,5
110714,110719,110725,6,5
110714,110723,110726,3,9
110714,110714,110726,12,0
110714,110719,110727,8,5
110714,110726,110727,1,12
110714,110725,110728,3,11
110714,110725,110728,3,11
110714,110726,110727,1,12
110714,110723,110728,5,9
110714,110725,110727,2,11
110714,110726,110727,1,12
110714,110723,110728,5,9
110714,110724,110729,5,10
110714,110725,110729,4,11
110714,110719,110729,10,5
110714,110726,110729,3,12
110714,110724,110729,5,10
110714,110728,110729,1,14
110714,110728,110729,1,14
110714,110724,110729,5,10
110714,110726,110730,4,12
110714,110725,110730,5,11
110714,110727,110730,3,13
110714,110727,110730,3,13
110714,110725,110731,6,11
110714,110724,110730,6,10
110714,110725,110731,6,11
110714,110723,110731,8,9
110714,110724,110732,8,10
110714,110725,110732,7,11
110451,110452,110733,281,1
110714,110725,110733,8,11
110714,110725,110734,9,11
110714,110726,110736,10,12
110714,110723,110737,14,9
110714,110714,110738,24,0
110714,110723,110738,15,9
110714,110714,110741,27,0
110714,110714,110742,28,0
110714,110726,110751,25,12
110584,110586,110754,168,2
110588,110588,110755,167,0
110714,110728,110883,155,14
110961,110961,110963,2,0
110961,110961,110963,2,0
110961,110962,110963,1,1
110961,110961,110964,3,0
110961,110961,110964,3,0
110961,110962,110964,2,1
110961,110962,110964,2,1
110961,110962,110964,2,1
110961,110962,110965,3,1
110961,110961,110965,4,0
110961,110961,110966,5,0
110961,110961,110966,5,0
110961,110961,110966,5,0
110961,110962,110966,4,1
110961,110962,110966,4,1
110961,110961,110967,6,0
110961,110961,110967,6,0
110961,110962,110967,5,1
110961,110961,110967,6,0
110961,110961,110967,6,0
110961,110961,110967,6,0
110961,110962,110967,5,1
110961,110961,110967,6,0
110961,110962,110968,6,1
110961,110961,110968,7,0
110961,110962,110969,7,1
110961,110964,110969,5,3
110961,110964,110969,5,3
110961,110968,110969,1,7
110961,110968,110969,1,7
110961,110964,110969,5,3
110961,110966,110969,3,5
110961,110968,110970,2,7
110961,110968,110969,1,7
110961,110962,110969,7,1
110961,110968,110971,3,7
110961,110968,110970,2,7
110961,110965,110971,6,4
110961,110965,110970,5,4
110961,110967,110970,3,6
110961,110967,110970,3,6
110961,110968,110970,2,7
110961,110965,110970,5,4
110961,110968,110970,2,7
110961,110970,110971,1,9
110961,110962,110971,9,1
110961,110967,110972,5,6
110970,110970,110971,1,0
110970,110970,110971,1,0
110970,110970,110971,1,0
110961,110962,110973,11,1
110961,110962,110972,10,1
110961,110969,110972,3,8
110970,110970,110972,2,0
110961,110961,110973,12,0
110961,110965,110973,8,4
110970,110971,110974,3,1
110970,110972,110974,2,2
110970,110970,110975,5,0
110970,110972,110974,2,2
110970,110971,110974,3,1
110970,110972,110974,2,2
110970,110973,110974,1,3
110970,110971,110975,4,1
110970,110970,110975,5,0
110961,110965,110975,10,4
110970,110972,110976,4,2
110970,110970,110975,5,0
110970,110971,110976,5,1
110970,110971,110976,5,1
110970,110971,110975,4,1
110970,110974,110975,1,4
110970,110974,110975,1,4
110970,110973,110976,3,3
110970,110974,110977,3,4
110970,110975,110976,1,5
110970,110975,110976,1,5
110970,110975,110976,1,5
110970,110974,110976,2,4
110970,110970,110977,7,0
110970,110975,110978,3,5
110970,110971,110977,6,1
110961,110969,110979,10,8
110970,110971,110978,7,1
110970,110971,110979,8,1
110970,110977,110980,3,7
110970,110977,110979,2,7
110970,110977,110979,2,7
110970,110975,110980,5,5
110970,110978,110980,2,8
110970,110975,110980,5,5
110970,110978,110980,2,8
110961,110967,110981,14,6
110970,110979,110981,2,9
110970,110976,110980,4,6
110970,110976,110980,4,6
110970,110973,110982,9,3
110970,110971,110981,10,1
110961,110967,110981,14,6
110970,110976,110981,5,6
110970,110980,110982,2,10
110970,110980,110981,1,10
110970,110976,110982,6,6
110970,110976,110982,6,6
110970,110980,110981,1,10
110970,110980,110981,1,10
110977,110980,110981,1,3
110977,110980,110981,1,3
110961,110961,110983,22,0
110961,110962,110982,20,1
110961,110961,110983,22,0
110970,110977,110983,6,7
110970,110977,110982,5,7
110961,110965,110983,18,4
110970,110976,110982,6,6
110970,110976,110983,7,6
110961,110962,110983,21,1
110970,110972,110983,11,2
110970,110976,110983,7,6
110970,110979,110984,5,9
110977,110981,110983,2,4
110970,110980,110984,4,10
110977,110982,110985,3,5
110977,110983,110985,2,6
110970,110976,110985,9,6
110977,110981,110986,5,4
110977,110984,110985,1,7
110977,110981,110986,5,4
110977,110982,110986,4,5
110977,110983,110985,2,6
110977,110982,110986,4,5
110977,110983,110987,4,6
110977,110983,110987,4,6
110977,110983,110986,3,6
110977,110984,110987,3,7
110977,110982,110987,5,5
110977,110982,110986,4,5
110977,110981,110987,6,4
110977,110982,110987,5,5
110977,110982,110987,5,5
110977,110982,110988,6,5
110977,110982,110989,7,5
110977,110982,110990,8,5
110977,110982,110991,9,5
110977,110984,110993,9,7
110977,110984,110994,10,7
110970,110977,110993,16,7
110977,110983,110997,14,6
110961,110962,110997,35,1
110970,110978,110998,20,8
110977,110983,110998,15,6
110977,110982,111000,18,5
110977,110983,111010,27,6
110977,110984,111012,28,7
110970,110973,111020,47,3
110962,110970,111115,145,8
110970,110980,111141,161,10
111237,111237,111238,1,0
111237,111237,111238,1,0
111237,111237,111238,1,0
111237,111237,111240,3,0
111237,111237,111241,4,0
111237,111237,111240,3,0
111237,111237,111241,4,0
111237,111237,111240,3,0
111237,111237,111240,3,0
111237,111237,111241,4,0
111237,111237,111241,4,0
111237,111237,111241,4,0
111237,111237,111241,4,0
111237,111237,111242,5,0
111237,111237,111242,5,0
111237,111237,111242,5,0
111237,111237,111242,5,0
111237,111237,111242,5,0
111237,111237,111243,6,0
111237,111237,111242,5,0
111237,111237,111244,7,0
111237,111237,111244,7,0
111237,111237,111246,9,0
111237,111237,111247,10,0
111237,111240,111247,7,3
111237,111237,111248,11,0
111237,111237,111250,13,0
110977,110985,111252,267,8
111237,111237,111253,16,0
111237,111237,111256,19,0
111103,111103,111259,156,0
111237,111237,111266,29,0
111237,111237,111272,35,0
111237,111237,111281,44,0
111363,111363,111364,1,0
111363,111363,111364,1,0
111363,111363,111364,1,0
111363,111363,111365,2,0
111363,111363,111366,3,0
111363,111363,111367,4,0
111363,111363,111366,3,0
111363,111363,111368,5,0
111363,111363,111368,5,0
111363,111363,111368,5,0
111363,111363,111368,5,0
111363,111363,111368,5,0
111363,111363,111368,5,0
111363,111363,111369,6,0
111363,111363,111368,5,0
111363,111364,111369,5,1
111363,111363,111369,6,0
111363,111363,111368,5,0
111363,111363,111370,7,0
111363,111365,111370,5,2
111363,111363,111370,7,0
111363,111365,111370,5,2
111363,111366,111371,5,3
111363,111369,111371,2,6
111363,111369,111372,3,6
111363,111366,111372,6,3
111363,111370,111372,2,7
111363,111367,111372,5,4
111363,111368,111372,4,5
111363,111369,111372,3,6
111363,111370,111372,2,7
111363,111367,111372,5,4
111363,111368,111372,4,5
111363,111368,111372,4,5
111363,111371,111372,1,8
111363,111363,111372,9,0
111363,111363,111371,8,0
111363,111363,111372,9,0
111363,111368,111373,5,5
111363,111371,111373,2,8
111363,111372,111373,1,9
111363,111369,111372,3,6
111363,111371,111373,2,8
111363,111372,111373,1,9
111367,111372,111373,1,5
111367,111372,111373,1,5
111363,111363,111374,11,0
111363,111368,111374,6,5
111363,111363,111374,11,0
111367,111372,111374,2,5
111363,111363,111374,11,0
111367,111372,111375,3,5
111363,111363,111375,12,0
111363,111369,111375,6,6
111363,111369,111375,6,6
111363,111370,111375,5,7
111367,111373,111376,3,6
111367,111373,111376,3,6
111367,111375,111376,1,8
111367,111374,111376,2,7
111367,111372,111377,5,5
111367,111373,111377,4,6
111367,111373,111377,4,6
111367,111373,111377,4,6
111367,111372,111377,5,5
111367,111376,111377,1,9
111367,111372,111377,5,5
111367,111373,111378,5,6
111367,111377,111378,1,10
111367,111372,111378,6,5
111367,111377,111378,1,10
111367,111375,111378,3,8
111367,111376,111378,2,9
111367,111376,111378,2,9
111367,111376,111378,2,9
111367,111373,111379,6,6
111367,111373,111379,6,6
111363,111363,111379,16,0
111363,111363,111380,17,0
111363,111363,111381,18,0
111363,111363,111381,18,0
111367,111374,111381,7,7
111367,111376,111381,5,9
111363,111363,111382,19,0
111363,111363,111383,20,0
111363,111363,111382,19,0
111363,111363,111382,19,0
111367,111374,111382,8,7
111367,111372,111384,12,5
111367,111372,111384,12,5
111367,111373,111386,13,6
111363,111363,111393,30,0
111363,111363,111395,32,0
111367,111377,111524,147,10
111363,111372,111536,164,9
111623,111623,111624,1,0
111623,111623,111624,1,0
111623,111623,111624,1,0
111624,111624,111625,1,0
111624,111624,111625,1,0
111623,111623,111626,3,0
111623,111623,111626,3,0
111623,111623,111626,3,0
111624,111624,111626,2,0
111623,111623,111626,3,0
111623,111623,111626,3,0
111623,111623,111626,3,0
111623,111623,111626,3,0
111623,111623,111627,4,0
111623,111623,111626,3,0
111623,111623,111627,4,0
111623,111623,111627,4,0
111623,111623,111627,4,0
111623,111623,111627,4,0
111623,111623,111627,4,0
111623,111623,111628,5,0
111623,111623,111627,4,0
111623,111623,111627,4,0
111623,111623,111627,4,0
111623,111623,111629,6,0
111623,111623,111628,5,0
111623,111623,111629,6,0
111624,111625,111629,4,1
111624,111628,111630,2,4
111624,111628,111630,2,4
111624,111628,111630,2,4
111624,111625,111630,5,1
111624,111628,111629,1,4
111624,111628,111630,2,4
111624,111628,111630,2,4
111624,111630,111631,1,6
111624,111630,111631,1,6
111623,111623,111630,7,0
111624,111626,111631,5,2
111624,111626,111630,4,2
111624,111627,111630,3,3
111624,111626,111631,5,2
111624,111629,111631,2,5
111624,111626,111632,6,2
111624,111629,111631,2,5
111624,111626,111632,6,2
111624,111626,111631,5,2
111624,111630,111631,1,6
111624,111629,111632,3,5
111624,111627,111632,5,3
111623,111623,111633,10,0
111624,111626,111633,7,2
111624,111627,111632,5,3
111624,111628,111634,6,4
111624,111627,111633,6,3
111623,111623,111633,10,0
111623,111623,111635,12,0
111624,111627,111636,9,3
111623,111623,111650,27,0
111624,111624,111650,26,0
111623,111623,111651,28,0
111623,111623,111653,30,0
111500,111500,111712,212,0
111497,111497,111715,218,0
111492,111492,111795,303,0
111625,111630,111795,165,5
111627,111630,111858,228,3
111874,111874,111875,1,0
111874,111874,111875,1,0
111874,111874,111875,1,0
111874,111874,111876,2,0
111874,111874,111877,3,0
111874,111875,111877,2,1
111874,111874,111877,3,0
111874,111874,111878,4,0
111874,111874,111878,4,0
111874,111874,111878,4,0
111874,111874,111878,4,0
111874,111874,111878,4,0
111874,111874,111878,4,0
111874,111874,111878,4,0
111874,111874,111879,5,0
111874,111874,111879,5,0
111874,111874,111879,5,0
111874,111874,111879,5,0
111874,111874,111879,5,0
111874,111874,111879,5,0
111874,111874,111879,5,0
111874,111874,111879,5,0
111874,111874,111880,6,0
111874,111876,111880,4,2
111874,111874,111879,5,0
111874,111874,111881,7,0
111874,111879,111881,2,5
111874,111879,111881,2,5
111874,111879,111881,2,5
111874,111874,111881,7,0
111874,111877,111881,4,3
111874,111879,111881,2,5
111874,111874,111881,7,0
111874,111877,111882,5,3
111874,111879,111881,2,5
111874,111880,111882,2,6
111874,111879,111882,3,5
111874,111878,111882,4,4
111874,111878,111882,4,4
111874,111880,111882,2,6
111874,111881,111882,1,7
111874,111881,111882,1,7
111874,111880,111882,2,6
111874,111881,111882,1,7
111874,111881,111882,1,7
111874,111877,111883,6,3
111874,111878,111883,5,4
111874,111878,111883,5,4
111874,111879,111883,4,5
111874,111876,111883,7,2
111874,111881,111883,2,7
111874,111876,111883,7,2
111874,111881,111884,3,7
111874,111878,111884,6,4
111874,111874,111885,11,0
111874,111874,111885,11,0
111874,111882,111885,3,8
111874,111883,111886,3,9
111874,111883,111885,2,9
111874,111878,111885,7,4
111874,111881,111885,4,7
111874,111883,111886,3,9
111874,111884,111885,1,10
111874,111884,111885,1,10
111874,111884,111885,1,10
111874,111874,111886,12,0
111874,111874,111886,12,0
111874,111878,111886,8,4
111874,111874,111886,12,0
111874,111874,111886,12,0
111874,111883,111886,3,9
111874,111883,111886,3,9
111874,111883,111886,3,9
111879,111886,111887,1,7
111874,111883,111886,3,9
111874,111885,111886,1,11
111874,111874,111887,13,0
111874,111882,111887,5,8
111874,111885,111887,2,11
111874,111883,111887,4,9
111874,111884,111887,3,10
111879,111886,111888,2,7
111874,111883,111887,4,9
111874,111886,111887,1,12
111874,111886,111887,1,12
111879,111886,111887,1,7
111879,111886,111888,2,7
111874,111879,111888,9,5
111874,111882,111888,6,8
111626,111630,111889,259,4
111874,111884,111888,4,10
111874,111884,111888,4,10
111874,111884,111888,4,10
111874,111874,111889,15,0
111874,111884,111889,5,10
111879,111888,111890,2,9
111879,111888,111890,2,9
111879,111888,111889,1,9
111879,111888,111889,1,9
111879,111886,111890,4,7
111879,111888,111889,1,9
111879,111888,111890,2,9
111879,111888,111890,2,9
111879,111889,111890,1,10
111879,111889,111890,1,10
111874,111881,111890,9,7
111879,111887,111891,4,8
111879,111887,111891,4,8
111879,111887,111891,4,8
111879,111887,111890,3,8
111879,111887,111890,3,8
111879,111889,111891,2,10
111880,111889,111891,2,9
111879,111888,111892,4,9
111879,111888,111892,4,9
111880,111890,111891,1,10
111879,111887,111891,4,8
111879,111888,111892,4,9
111879,111888,111892,4,9
111874,111885,111893,8,11
111874,111885,111893,8,11
111879,111886,111893,7,7
111880,111889,111893,4,9
111880,111892,111893,1,12
111880,111890,111894,4,10
111880,111891,111893,2,11
111880,111891,111893,2,11
111880,111892,111894,2,12
111880,111891,111895,4,11
111880,111891,111894,3,11
111880,111891,111894,3,11
111880,111890,111894,4,10
111880,111890,111894,4,10
111880,111891,111895,4,11
111880,111891,111895,4,11
111880,111891,111895,4,11
111880,111890,111894,4,10
111880,111890,111894,4,10
111880,111892,111896,4,12
111880,111894,111896,2,14
111880,111892,111896,4,12
111880,111892,111896,4,12
111880,111892,111896,4,12
111880,111893,111896,3,13
111880,111893,111897,4,13
111880,111894,111897,3,14
111880,111891,111898,7,11
111880,111891,111898,7,11
111879,111887,111902,15,8
111879,111886,111903,17,7
111880,111893,111904,11,13
111880,111894,111904,10,14
111880,111889,111916,27,9
111879,111886,111920,34,7
111879,111886,111928,42,7
111879,111886,111929,43,7
111623,111623,112015,392,0
111881,111894,112051,157,13
111882,111894,112069,175,12
111875,111886,112122,236,11
111880,111889,112134,245,9
112134,112135,112136,1,1
112134,112135,112136,1,1
112134,112135,112136,1,1
112134,112135,112137,2,1
112134,112135,112137,2,1
112134,112135,112138,3,1
112134,112135,112138,3,1
112134,112135,112138,3,1
112134,112135,112139,4,1
112134,112135,112139,4,1
112134,112135,112139,4,1
112134,112135,112139,4,1
112134,112135,112139,4,1
112134,112135,112139,4,1
112134,112135,112141,6,1
112134,112135,112141,6,1
112134,112135,112142,7,1
112134,112135,112142,7,1
112134,112135,112143,8,1
112134,112135,112145,10,1
112134,112135,112145,10,1
112134,112135,112146,11,1
112134,112135,112146,11,1
112134,112135,112146,11,1
112134,112135,112147,12,1
112134,112135,112147,12,1
112134,112135,112152,17,1
112134,112135,112152,17,1
112134,112135,112154,19,1
112134,112135,112165,30,1
112134,112135,112169,34,1
112257,112257,112258,1,0
112257,112257,112259,2,0
112257,112257,112258,1,0
112257,112257,112258,1,0
112257,112257,112258,1,0
112257,112257,112259,2,0
112257,112257,112259,2,0
112257,112257,112258,1,0
112257,112257,112259,2,0
112257,112257,112259,2,0
112257,112257,112260,3,0
112257,112257,112262,5,0
112257,112257,112261,4,0
112257,112257,112261,4,0
112257,112257,112262,5,0
112257,112257,112263,6,0
112257,112257,112266,9,0
112257,112257,112265,8,0
112257,112257,112266,9,0
112257,112257,112266,9,0
112257,112257,112268,11,0
112257,112257,112268,11,0
112257,112257,112269,12,0
112257,112257,112268,11,0
112257,112257,112269,12,0
112257,112257,112270,13,0
112257,112257,112270,13,0
112257,112257,112273,16,0
112257,112257,112274,17,0
112127,112127,112280,153,0
112257,112257,112280,23,0
112257,112257,112294,37,0
112386,112386,112387,1,0
112386,112386,112387,1,0
112386,112386,112387,1,0
112386,112386,112389,3,0
112386,112386,112389,3,0
112386,112386,112389,3,0
112386,112386,112389,3,0
112386,112386,112390,4,0
112386,112386,112390,4,0
112386,112386,112390,4,0
112386,112387,112390,3,1
112386,112386,112390,4,0
112386,112386,112390,4,0
112386,112386,112390,4,0
112386,112386,112389,3,0
112386,112386,112391,5,0
112386,112390,112392,2,4
112386,112390,112392,2,4
112386,112390,112392,2,4
112386,112390,112392,2,4
112386,112386,112392,6,0
112386,112391,112392,1,5
112386,112391,112392,1,5
112386,112391,112392,1,5
112386,112391,112392,1,5
112386,112387,112393,6,1
112386,112389,112393,4,3
112386,112388,112393,5,2
112386,112389,112393,4,3
112386,112392,112393,1,6
112386,112389,112393,4,3
112386,112389,112393,4,3
112386,112393,112394,1,7
112386,112393,112394,1,7
112386,112393,112394,1,7
112386,112393,112394,1,7
112386,112393,112394,1,7
112386,112393,112394,1,7
112386,112393,112394,1,7
112386,112393,112394,1,7
112386,112393,112394,1,7
112386,112394,112395,1,8
112386,112386,112396,10,0
112386,112386,112396,10,0
112386,112386,112396,10,0
112386,112386,112396,10,0
112386,112386,112396,10,0
112386,112386,112396,10,0
112386,112386,112397,11,0
112386,112386,112397,11,0
112386,112386,112398,12,0
112386,112386,112398,12,0
112386,112386,112398,12,0
112386,112386,112398,12,0
112386,112386,112399,13,0
112386,112386,112400,14,0
112386,112386,112400,14,0
112386,112386,112406,20,0
112386,112386,112413,27,0
112386,112386,112414,28,0
112386,112386,112416,30,0
112386,112386,112428,42,0
112387,112394,112552,158,7
112647,112647,112648,1,0
112647,112647,112648,1,0
112647,112647,112648,1,0
112647,112647,112649,2,0
112647,112647,112648,1,0
112647,112647,112648,1,0
112647,112647,112649,2,0
112647,112647,112648,1,0
112647,112647,112649,2,0
112647,112647,112648,1,0
112647,112647,112650,3,0
112647,112647,112650,3,0
112647,112647,112649,2,0
112647,112647,112650,3,0
112647,112647,112650,3,0
112647,112647,112651,4,0
112647,112647,112651,4,0
112647,112647,112650,3,0
112647,112647,112655,8,0
112647,112647,112656,9,0
112647,112647,112657,10,0
112647,112647,112657,10,0
112647,112647,112658,11,0
112647,112647,112659,12,0
112647,112647,112660,13,0
112514,112514,112673,159,0
112647,112647,112674,27,0
112647,112647,112674,27,0
112647,112647,112675,28,0
112647,112647,112678,31,0
112647,112647,112690,43,0
112647,112647,112691,44,0
112772,112772,112773,1,0
112772,112772,112774,2,0
112772,112772,112774,2,0
112772,112772,112774,2,0
112772,112772,112774,2,0
112772,112772,112774,2,0
112772,112772,112774,2,0
112772,112772,112774,2,0
112772,112772,112774,2,0
112772,112772,112774,2,0
112772,112772,112774,2,0
112772,112772,112774,2,0
112772,112772,112774,2,0
112772,112772,112774,2,0
112772,112772,112774,2,0
112772,112772,112774,2,0
112772,112772,112775,3,0
112772,112773,112775,2,1
112772,112773,112775,2,1
112772,112773,112776,3,1
112772,112773,112776,3,1
112772,112773,112775,2,1
112776,112776,112777,1,0
112772,112773,112776,3,1
112776,112776,112777,1,0
112776,112776,112777,1,0
112776,112776,112778,2,0
112776,112776,112778,2,0
112776,112776,112777,1,0
112776,112776,112778,2,0
112776,112776,112778,2,0
112776,112776,112777,1,0
112776,112776,112778,2,0
112776,112776,112778,2,0
112776,112776,112778,2,0
112776,112776,112777,1,0
112776,112776,112779,3,0
112776,112776,112779,3,0
112776,112777,112778,1,1
112776,112776,112778,2,0
112776,112778,112779,1,2
112776,112778,112779,1,2
112776,112776,112779,3,0
112776,112777,112778,1,1
112776,112778,112779,1,2
112776,112776,112780,4,0
112776,112776,112779,3,0
112776,112776,112780,4,0
112776,112776,112779,3,0
112776,112777,112780,3,1
112776,112778,112779,1,2
112521,112521,112783,262,0
112772,112772,112784,12,0
112776,112776,112787,11,0
112776,112776,112787,11,0
112772,112772,112790,18,0
112772,112772,112790,18,0
112772,112772,112790,18,0
112776,112776,112790,14,0
112772,112772,112791,19,0
112772,112772,112791,19,0
112772,112772,112793,21,0
112772,112772,112811,39,0
112901,112901,112903,2,0
112901,112901,112902,1,0
112901,112901,112902,1,0
112901,112901,112903,2,0
112901,112901,112902,1,0
112901,112901,112902,1,0
112901,112901,112903,2,0
112901,112901,112902,1,0
112901,112901,112902,1,0
112901,112901,112902,1,0
112901,112901,112902,1,0
112901,112901,112904,3,0
112901,112901,112903,2,0
112901,112901,112903,2,0
112901,112901,112904,3,0
112901,112901,112904,3,0
112901,112901,112905,4,0
112901,112901,112905,4,0
112901,112901,112904,3,0
112901,112901,112905,4,0
112901,112901,112905,4,0
112901,112901,112912,11,0
112901,112901,112913,12,0
112901,112901,112913,12,0
112901,112901,112913,12,0
112901,112901,112915,14,0
112901,112901,112915,14,0
112901,112901,112917,16,0
112901,112901,112918,17,0
112776,112778,112933,155,2
112901,112901,112935,34,0
112901,112901,112941,40,0
112647,112647,112948,301,0
112906,112906,113067,161,0
112772,112773,113074,301,1
113154,113154,113156,2,0
113154,113154,113156,2,0
113154,113154,113156,2,0
113154,113154,113156,2,0
113154,113154,113156,2,0
113154,113154,113156,2,0
113154,113154,113155,1,0
113154,113154,113156,2,0
113154,113154,113156,2,0
113154,113154,113156,2,0
113154,113154,113156,2,0
113154,113154,113156,2,0
113154,113154,113158,4,0
113154,113154,113157,3,0
113154,113155,113158,3,1
113154,113154,113159,5,0
113154,113157,113158,1,3
113154,113157,113158,1,3
113154,113154,113158,4,0
113154,113157,113158,1,3
113154,113157,113158,1,3
113154,113158,113159,1,4
113154,113157,113158,1,3
113154,113157,113159,2,3
113154,113157,113159,2,3
113154,113157,113160,3,3
113154,113158,113159,1,4
113154,113157,113159,2,3
113154,113157,113159,2,3
113154,113157,113159,2,3
113154,113157,113159,2,3
113154,113155,113160,5,1
113154,113159,113160,1,5
113154,113159,113160,1,5
113154,113159,113160,1,5
113154,113159,113160,1,5
113154,113159,113160,1,5
113155,113160,113161,1,5
113154,113159,113160,1,5
113154,113159,113160,1,5
113154,113160,113161,1,6
113155,113160,113161,1,5
113154,113159,113160,1,5
113154,113160,113161,1,6
113155,113160,113161,1,5
113154,113155,113161,6,1
113154,113159,113161,2,5
113154,113160,113161,1,6
113155,113161,113162,1,6
113154,113160,113161,1,6
113155,113161,113162,1,6
113155,113161,113162,1,6
113155,113161,113162,1,6
113155,113161,113163,2,6
113155,113161,113162,1,6
113155,113161,113162,1,6
113155,113161,113162,1,6
113155,113161,113163,2,6
113155,113161,113163,2,6
113155,113161,113163,2,6
113155,113162,113163,1,7
113155,113161,113163,2,6
113155,113161,113163,2,6
113155,113162,113163,1,7
113155,113162,113163,1,7
113155,113162,113163,1,7
113155,113163,113164,1,8
113155,113163,113164,1,8
113155,113161,113165,4,6
113154,113155,113165,10,1
113155,113164,113165,1,9
113155,113164,113165,1,9
113155,113163,113164,1,8
113155,113163,113164,1,8
113155,113163,113164,1,8
113155,113163,113164,1,8
113154,113154,113165,11,0
113154,113154,113165,11,0
113154,113155,113165,10,1
113154,113155,113165,10,1
113155,113162,113165,3,7
113155,113162,113165,3,7
113154,113154,113165,11,0
113154,113154,113165,11,0
113154,113155,113165,10,1
113154,113154,113166,12,0
113154,113154,113166,12,0
113154,113155,113166,11,1
113154,113155,113166,11,1
113154,113154,113167,13,0
113154,113155,113166,11,1
113154,113155,113166,11,1
113154,113155,113166,11,1
112901,112901,113179,278,0
113279,113279,113280,1,0
113279,113279,113280,1,0
113279,113279,113280,1,0
113279,113279,113280,1,0
113279,113279,113280,1,0
113279,113279,113280,1,0
113279,113279,113280,1,0
113279,113279,113280,1,0
113279,113279,113280,1,0
113279,113279,113280,1,0
113279,113279,113280,1,0
113279,113279,113280,1,0
113279,113279,113280,1,0
113279,113279,113280,1,0
113279,113279,113281,2,0
113279,113279,113281,2,0
113279,113279,113282,3,0
113284,113284,113285,1,0
113284,113284,113285,1,0
113284,113284,113285,1,0
113284,113284,113285,1,0
113284,113284,113286,2,0
113284,113284,113286,2,0
113284,113284,113287,3,0
113284,113284,113287,3,0
113284,113284,113287,3,0
113284,113284,113286,2,0
113284,113284,113286,2,0
113284,113284,113287,3,0
113284,113284,113287,3,0
113284,113284,113286,2,0
113284,113284,113286,2,0
113284,113284,113286,2,0
113284,113285,113286,1,1
113284,113284,113287,3,0
113279,113279,113287,8,0
113279,113279,113287,8,0
113284,113286,113287,1,2
113284,113286,113288,2,2
113284,113286,113288,2,2
113284,113286,113288,2,2
113284,113284,113288,4,0
113284,113286,113287,1,2
113279,113279,113288,9,0
113279,113279,113288,9,0
113284,113287,113288,1,3
113284,113287,113289,2,3
113284,113287,113289,2,3
113279,113279,113289,10,0
113279,113279,113289,10,0
113279,113279,113289,10,0
113279,113279,113290,11,0
113284,113287,113289,2,3
113284,113287,113290,3,3
113279,113279,113290,11,0
113284,113287,113290,3,3
113279,113279,113293,14,0
113279,113279,113293,14,0
113279,113279,113295,16,0
113279,113279,113299,20,0
113279,113279,113304,25,0
113155,113160,113307,147,5
113284,113284,113321,37,0
113411,113412,113413,1,1
113411,113411,113413,2,0
113411,113412,113413,1,1
113411,113412,113413,1,1
113411,113412,113413,1,1
113411,113412,113413,1,1
113411,113411,113413,2,0
113411,113412,113413,1,1
113411,113412,113413,1,1
113411,113412,113413,1,1
113411,113412,113413,1,1
113411,113412,113414,2,1
113411,113412,113414,2,1
113411,113412,113414,2,1
113414,113414,113415,1,0
113414,113414,113415,1,0
113411,113412,113415,3,1
113411,113412,113415,3,1
113414,113415,113416,1,1
113414,113415,113416,1,1
113414,113414,113416,2,0
113414,113414,113416,2,0
113414,113414,113416,2,0
113414,113414,113416,2,0
113414,113416,113417,1,2
113414,113415,113417,2,1
113414,113414,113417,3,0
113414,113414,113417,3,0
113414,113417,113418,1,3
113414,113415,113417,2,1
113414,113414,113418,4,0
113414,113414,113418,4,0
113414,113417,113418,1,3
113414,113414,113418,4,0
113414,113417,113418,1,3
113414,113417,113418,1,3
113414,113417,113418,1,3
113414,113416,113418,2,2
113414,113416,113418,2,2
113414,113415,113418,3,1
113414,113417,113418,1,3
113414,113418,113419,1,4
113414,113418,113419,1,4
113414,113417,113419,2,3
113414,113415,113419,4,1
113414,113418,113420,2,4
113411,113412,113422,10,1
113411,113412,113422,10,1
113411,113412,113422,10,1
113411,113412,113422,10,1
113411,113412,113422,10,1
113411,113412,113422,10,1
113411,113412,113422,10,1
113411,113412,113426,14,1
113411,113412,113428,16,1
113411,113412,113427,15,1
113411,113412,113434,22,1
113284,113287,113436,149,3
113156,113166,113438,272,10
113411,113412,113450,38,1
113288,113288,113464,176,0
113541,113541,113542,1,0
113541,113541,113543,2,0
113541,113541,113542,1,0
113541,113541,113542,1,0
113541,113541,113543,2,0
113541,113541,113542,1,0
113541,113541,113543,2,0
113541,113541,113543,2,0
113541,113541,113542,1,0
113541,113541,113543,2,0
113541,113541,113543,2,0
113541,113541,113543,2,0
113541,113541,113544,3,0
113545,113545,113546,1,0
113545,113545,113546,1,0
113541,113541,113546,5,0
113541,113541,113546,5,0
113541,113541,113546,5,0
113545,113545,113546,1,0
113545,113545,113546,1,0
113545,113545,113546,1,0
113545,113545,113547,2,0
113545,113545,113546,1,0
113541,113541,113547,6,0
113545,113545,113547,2,0
113545,113546,113547,1,1
113545,113547,113548,1,2
113545,113545,113547,2,0
113545,113546,113547,1,1
113545,113547,113548,1,2
113545,113545,113549,4,0
113545,113547,113548,1,2
113545,113547,113548,1,2
113545,113547,113548,1,2
113545,113545,113548,3,0
113545,113548,113549,1,3
113545,113548,113549,1,3
113545,113545,113548,3,0
113545,113548,113549,1,3
113545,113548,113549,1,3
113541,113541,113549,8,0
113545,113547,113549,2,2
113545,113545,113549,4,0
113545,113549,113550,1,4
113545,113548,113549,1,3
113545,113548,113549,1,3
113545,113547,113550,3,2
113541,113541,113551,10,0
113541,113541,113551,10,0
113541,113541,113551,10,0
113541,113541,113551,10,0
113545,113546,113551,5,1
113541,113541,113551,10,0
113541,113541,113552,11,0
113541,113541,113552,11,0
113541,113541,113552,11,0
113541,113541,113552,11,0
113545,113546,113552,6,1
113541,113541,113553,12,0
113541,113541,113552,11,0
113541,113541,113553,12,0
113541,113541,113553,12,0
113279,113279,113565,286,0
113415,113418,113599,181,3
113418,113418,113619,201,0
113412,113412,113640,228,0
113670,113670,113671,1,0
113670,113670,113671,1,0
113670,113670,113672,2,0
113670,113670,113671,1,0
113670,113670,113672,2,0
113670,113670,113672,2,0
113670,113670,113672,2,0
113670,113670,113671,1,0
113670,113670,113673,3,0
113670,113670,113673,3,0
113670,113670,113673,3,0
113670,113670,113674,4,0
113670,113670,113674,4,0
113670,113670,113675,5,0
113674,113674,113676,2,0
113670,113670,113675,5,0
113674,113674,113676,2,0
113674,113674,113676,2,0
113674,113674,113676,2,0
113674,113674,113676,2,0
113670,113670,113676,6,0
113674,113674,113676,2,0
113674,113674,113677,3,0
113674,113674,113676,2,0
113674,113676,113677,1,2
113674,113676,113677,1,2
113674,113675,113677,2,1
113674,113674,113678,4,0
113674,113674,113677,3,0
113674,113676,113678,2,2
113674,113677,113678,1,3
113674,113676,113678,2,2
113674,113676,113678,2,2
113674,113677,113678,1,3
113674,113676,113677,1,2
113674,113676,113677,1,2
113674,113677,113678,1,3
113674,113674,113678,4,0
113674,113677,113679,2,3
113674,113677,113679,2,3
113674,113674,113679,5,0
113670,113670,113680,10,0
113674,113678,113680,2,4
113674,113677,113680,3,3
113674,113674,113680,6,0
113674,113674,113680,6,0
113670,113670,113680,10,0
113670,113670,113680,10,0
113674,113678,113681,3,4
113670,113670,113681,11,0
113670,113670,113681,11,0
113670,113670,113681,11,0
113670,113670,113681,11,0
113670,113670,113681,11,0
113670,113670,113682,12,0
113674,113677,113683,6,3
113670,113670,113684,14,0
113670,113670,113690,20,0
113670,113670,113691,21,0
113670,113670,113694,24,0
113670,113670,113694,24,0
113670,113670,113698,28,0
113545,113549,113701,152,4
113541,113541,113792,251,0
113802,113802,113803,1,0
113802,113802,113803,1,0
113802,113802,113803,1,0
113802,113802,113803,1,0
113802,113802,113803,1,0
113802,113802,113803,1,0
113802,113802,113803,1,0
113802,113802,113803,1,0
113802,113802,113803,1,0
113802,113802,113804,2,0
113802,113802,113804,2,0
113802,113802,113804,2,0
113802,113802,113804,2,0
113802,113802,113804,2,0
113802,113802,113805,3,0
113802,113802,113806,4,0
113802,113802,113807,5,0
113802,113803,113807,4,1
113802,113802,113807,5,0
113802,113802,113807,5,0
113802,113804,113808,4,2
113802,113804,113809,5,2
113802,113805,113808,3,3
113802,113806,113808,2,4
113802,113804,113809,5,2
113802,113804,113809,5,2
113802,113805,113809,4,3
113802,113805,113809,4,3
113802,113805,113809,4,3
113802,113804,113809,5,2
113802,113807,113809,2,5
113802,113808,113810,2,6
113802,113805,113809,4,3
113802,113808,113810,2,6
113802,113804,113809,5,2
113802,113808,113810,2,6
113802,113804,113811,7,2
113802,113809,113810,1,7
113802,113809,113810,1,7
113802,113809,113810,1,7
113802,113809,113810,1,7
113802,113804,113810,6,2
113802,113809,113810,1,7
113802,113809,113810,1,7
113802,113809,113810,1,7
113802,113802,113812,10,0
113802,113802,113811,9,0
113802,113802,113812,10,0
113802,113802,113812,10,0
113802,113805,113812,7,3
113806,113812,113813,1,6
113802,113802,113813,11,0
113802,113802,113813,11,0
113802,113802,113814,12,0
113802,113802,113813,11,0
113802,113802,113813,11,0
113802,113802,113813,11,0
113806,113812,113813,1,6
113806,113812,113814,2,6
113806,113812,113813,1,6
113806,113812,113814,2,6
113806,113813,113814,1,7
113806,113812,113814,2,6
113806,113812,113814,2,6
113806,113812,113814,2,6
113806,113812,113813,1,6
113806,113812,113813,1,6
113802,113802,113814,12,0
113802,113802,113814,12,0
113806,113812,113815,3,6
113806,113812,113815,3,6
113806,113814,113815,1,8
113806,113812,113814,2,6
113806,113812,113815,3,6
113806,113814,113815,1,8
113802,113802,113815,13,0
113806,113812,113816,4,6
113806,113812,113816,4,6
113806,113812,113815,3,6
113802,113802,113816,14,0
113802,113802,113817,15,0
113806,113812,113816,4,6
113802,113802,113818,16,0
113806,113813,113819,6,7
113806,113813,113819,6,7
113806,113814,113823,9,8
113806,113814,113823,9,8
113806,113813,113824,11,7
113806,113813,113829,16,7
113806,113814,113837,23,8
113806,113814,113853,39,8
113806,113814,113854,40,8
113806,113814,113856,42,8
113671,113671,113932,261,0
113936,113936,113938,2,0
113936,113936,113937,1,0
113936,113936,113938,2,0
113936,113937,113939,2,1
113936,113936,113940,4,0
113936,113936,113941,5,0
113936,113936,113941,5,0
113936,113936,113942,6,0
113936,113936,113941,5,0
113936,113936,113941,5,0
113936,113936,113942,6,0
113936,113936,113942,6,0
113936,113936,113942,6,0
113936,113936,113945,9,0
113936,113936,113946,10,0
113936,113936,113946,10,0
113936,113936,113947,11,0
113936,113936,113948,12,0
113936,113936,113948,12,0
113936,113936,113948,12,0
113936,113936,113948,12,0
113936,113936,113949,13,0
113936,113936,113949,13,0
113936,113936,113950,14,0
113936,113936,113950,14,0
113936,113937,113953,16,1
113936,113936,113954,18,0
113936,113936,113955,19,0
113936,113936,113959,23,0
113936,113936,113959,23,0
113936,113936,113961,25,0
113807,113814,113962,148,7
113808,113814,113969,155,6
113802,113812,114052,240,10
114065,114065,114066,1,0
114065,114065,114066,1,0
114065,114065,114067,2,0
114065,114067,114068,1,2
114065,114065,114068,3,0
114065,114065,114068,3,0
114065,114065,114069,4,0
114065,114065,114069,4,0
114065,114065,114070,5,0
114065,114065,114069,4,0
114065,114065,114070,5,0
114065,114065,114071,6,0
114065,114065,114070,5,0
114065,114065,114070,5,0
114065,114067,114070,3,2
114065,114065,114071,6,0
114065,114065,114072,7,0
114065,114068,114073,5,3
114065,114065,114072,7,0
114065,114065,114072,7,0
114065,114065,114074,9,0
114065,114073,114075,2,8
114065,114071,114075,4,6
114065,114071,114074,3,6
114065,114073,114075,2,8
114065,114065,114075,10,0
114065,114073,114076,3,8
114065,114070,114076,6,5
114065,114071,114075,4,6
114065,114071,114075,4,6
114065,114072,114075,3,7
114065,114069,114075,6,4
114065,114070,114076,6,5
114065,114065,114076,11,0
114065,114065,114076,11,0
114065,114065,114076,11,0
114065,114065,114076,11,0
114065,114073,114076,3,8
114065,114070,114077,7,5
114065,114075,114077,2,10
114065,114076,114077,1,11
114065,114076,114077,1,11
114065,114075,114077,2,10
114065,114075,114077,2,10
114065,114075,114077,2,10
114065,114076,114078,2,11
114065,114070,114078,8,5
114065,114070,114077,7,5
114065,114065,114079,14,0
114065,114069,114079,10,4
114065,114069,114079,10,4
114065,114065,114080,15,0
114065,114065,114081,16,0
114065,114074,114083,9,9
114065,114075,114083,8,10
114065,114065,114083,18,0
113933,113933,114086,153,0
114065,114065,114090,25,0
114065,114065,114090,25,0
114065,114065,114091,26,0
114065,114065,114094,29,0
114065,114065,114104,39,0
114065,114065,114114,49,0
113940,113940,114142,202,0
114187,114187,114189,2,0
114187,114187,114188,1,0
114187,114187,114188,1,0
114187,114187,114188,1,0
114187,114187,114188,1,0
114187,114187,114189,2,0
114187,114187,114188,1,0
114187,114187,114188,1,0
114187,114187,114189,2,0
114187,114187,114189,2,0
114187,114187,114188,1,0
114187,114187,114189,2,0
114187,114187,114188,1,0
114187,114187,114188,1,0
114187,114187,114189,2,0
114187,114187,114188,1,0
114187,114187,114190,3,0
114187,114187,114191,4,0
114191,114191,114193,2,0
114191,114191,114193,2,0
114191,114191,114193,2,0
114191,114191,114195,4,0
114191,114192,114195,3,1
114191,114192,114195,3,1
114191,114194,114195,1,3
114191,114191,114195,4,0
114191,114194,114195,1,3
114191,114192,114195,3,1
114191,114194,114195,1,3
114191,114192,114196,4,1
114191,114196,114197,1,5
114191,114192,114197,5,1
114191,114191,114197,6,0
114191,114192,114197,5,1
114191,114196,114197,1,5
114187,114187,114197,10,0
114191,114192,114197,5,1
114191,114196,114197,1,5
114191,114196,114197,1,5
114191,114196,114197,1,5
114192,114196,114197,1,4
114191,114196,114197,1,5
114191,114192,114198,6,1
114192,114197,114198,1,5
114191,114191,114198,7,0
114192,114197,114198,1,5
114191,114192,114199,7,1
114187,114187,114199,12,0
114187,114187,114198,11,0
114191,114196,114199,3,5
114191,114191,114199,8,0
114191,114192,114199,7,1
114191,114192,114199,7,1
114187,114187,114200,13,0
114187,114187,114201,14,0
114187,114187,114201,14,0
114192,114199,114201,2,7
114192,114199,114201,2,7
114192,114200,114202,2,8
114192,114200,114201,1,8
114192,114200,114201,1,8
114192,114199,114203,4,7
114192,114202,114203,1,10
114192,114198,114203,5,6
114192,114199,114202,3,7
114192,114200,114203,3,8
114192,114198,114203,5,6
114192,114199,114203,4,7
114192,114202,114203,1,10
114192,114198,114204,6,6
114192,114202,114203,1,10
114192,114198,114204,6,6
114192,114198,114205,7,6
114192,114198,114204,6,6
114192,114198,114205,7,6
114192,114198,114205,7,6
114192,114198,114205,7,6
114192,114198,114207,9,6
114192,114200,114208,8,8
114192,114202,114208,6,10
114192,114202,114209,7,10
114187,114187,114210,23,0
114187,114187,114210,23,0
114192,114199,114210,11,7
114187,114187,114213,26,0
114192,114199,114213,14,7
114187,114187,114222,35,0
114187,114187,114222,35,0
114187,114187,114224,37,0
114191,114191,114224,33,0
114191,114191,114226,35,0
114187,114187,114233,46,0
114192,114198,114244,46,6
113936,113936,114261,325,0
114322,114322,114323,1,0
114322,114322,114323,1,0
114322,114322,114324,2,0
114322,114322,114325,3,0
114322,114322,114326,4,0
114322,114322,114326,4,0
114322,114322,114326,4,0
114322,114322,114326,4,0
114322,114322,114327,5,0
114322,114322,114327,5,0
114322,114322,114328,6,0
114322,114322,114328,6,0
114322,114322,114328,6,0
114322,114322,114329,7,0
114322,114322,114328,6,0
114322,114322,114329,7,0
114322,114322,114329,7,0
114322,114322,114329,7,0
114322,114322,114329,7,0
114322,114322,114329,7,0
114322,114322,114330,8,0
114322,114322,114334,12,0
114322,114322,114335,13,0
114322,114322,114334,12,0
114322,114322,114336,14,0
114322,114322,114337,15,0
114322,114322,114336,14,0
114322,114322,114338,16,0
114322,114322,114348,26,0
114322,114322,114347,25,0
114322,114322,114353,31,0
114192,114202,114356,154,10
114450,114450,114451,1,0
114450,114450,114452,2,0
114450,114450,114452,2,0
114450,114450,114453,3,0
114450,114450,114453,3,0
114450,114450,114453,3,0
114450,114450,114453,3,0
114450,114450,114454,4,0
114450,114450,114454,4,0
114450,114450,114454,4,0
114450,114450,114455,5,0
114450,114450,114455,5,0
114450,114450,114454,4,0
114450,114450,114455,5,0
114450,114450,114456,6,0
114450,114450,114457,7,0
114450,114450,114457,7,0
114450,114450,114457,7,0
114450,114450,114457,7,0
114450,114450,114457,7,0
114450,114450,114458,8,0
114450,114450,114459,9,0
114450,114450,114460,10,0
114450,114450,114460,10,0
114450,114450,114460,10,0
114450,114450,114461,11,0
114450,114450,114461,11,0
114450,114450,114462,12,0
114325,114325,114464,139,0
114450,114450,114464,14,0
114450,114450,114465,15,0
114450,114450,114466,16,0
114187,114187,114490,303,0
114573,114573,114574,1,0
114573,114573,114574,1,0
114573,114573,114574,1,0
114573,114573,114575,2,0
114573,114573,114577,4,0
114573,114573,114577,4,0
114573,114573,114577,4,0
114573,114573,114577,4,0
114573,114573,114577,4,0
114573,114573,114578,5,0
114573,114573,114578,5,0
114573,114573,114577,4,0
114573,114573,114579,6,0
114578,114578,114579,1,0
114578,114578,114579,1,0
114573,114573,114579,6,0
114578,114578,114579,1,0
114573,114573,114579,6,0
114573,114573,114581,8,0
114573,114573,114580,7,0
114573,114573,114580,7,0
114573,114573,114580,7,0
114573,114573,114580,7,0
114578,114578,114581,3,0
114573,114573,114582,9,0
114578,114579,114582,3,1
114578,114579,114582,3,1
114573,114573,114583,10,0
114578,114578,114583,5,0
114578,114580,114582,2,2
114578,114581,114583,2,3
114578,114579,114582,3,1
114578,114581,114583,2,3
114578,114578,114583,5,0
114578,114579,114583,4,1
114578,114581,114583,2,3
114578,114580,114582,2,2
114578,114581,114582,1,3
114573,114573,114584,11,0
114573,114573,114583,10,0
114573,114573,114584,11,0
114578,114582,114583,1,4
114578,114582,114583,1,4
114573,114573,114584,11,0
114578,114578,114585,7,0
114573,114573,114585,12,0
114573,114573,114586,13,0
114578,114581,114585,4,3
114578,114578,114585,7,0
114578,114578,114585,7,0
114578,114578,114585,7,0
114578,114578,114585,7,0
114573,114573,114587,14,0
114578,114578,114588,10,0
114578,114578,114589,11,0
114573,114573,114589,16,0
114573,114573,114591,18,0
114578,114578,114597,19,0
114578,114581,114601,20,3
114578,114582,114604,22,4
114322,114322,114612,290,0
114578,114583,114621,38,5
114578,114578,114625,47,0
114703,114703,114705,2,0
114703,114703,114705,2,0
114703,114703,114705,2,0
114703,114703,114707,4,0
114703,114703,114707,4,0
114703,114703,114708,5,0
114703,114703,114708,5,0
114703,114703,114708,5,0
114703,114703,114708,5,0
114703,114704,114709,5,1
114703,114704,114709,5,1
114703,114703,114709,6,0
114703,114703,114709,6,0
114703,114703,114709,6,0
114703,114703,114710,7,0
114703,114703,114710,7,0
114703,114703,114710,7,0
114703,114703,114711,8,0
114703,114703,114711,8,0
114703,114703,114710,7,0
114703,114703,114711,8,0
114703,114703,114711,8,0
114703,114703,114712,9,0
114703,114703,114713,10,0
114703,114703,114714,11,0
114703,114703,114719,16,0
114703,114703,114726,23,0
114703,114703,114727,24,0
114703,114703,114730,27,0
114703,114703,114743,40,0
114578,114583,114749,166,5
114703,114703,114755,52,0
114573,114573,114795,222,0
114830,114830,114831,1,0
114830,114830,114832,2,0
114830,114830,114832,2,0
114830,114830,114831,1,0
114830,114830,114832,2,0
114830,114830,114832,2,0
114830,114830,114832,2,0
114830,114830,114832,2,0
114830,114830,114832,2,0
114830,114830,114832,2,0
114830,114830,114832,2,0
114830,114830,114832,2,0
114830,114830,114832,2,0
114830,114830,114832,2,0
114830,114830,114832,2,0
114830,114830,114832,2,0
114830,114830,114833,3,0
114830,114830,114832,2,0
114830,114831,114833,2,1
114830,114831,114833,2,1
114830,114831,114833,2,1
114830,114831,114833,2,1
114834,114834,114835,1,0
114834,114834,114836,2,0
114834,114834,114835,1,0
114834,114834,114837,3,0
114834,114834,114836,2,0
114834,114834,114838,4,0
114834,114836,114838,2,2
114834,114836,114838,2,2
114834,114836,114838,2,2
114834,114834,114838,4,0
114830,114830,114838,8,0
114830,114831,114838,7,1
114830,114830,114838,8,0
114834,114834,114838,4,0
114834,114834,114839,5,0
114834,114834,114838,4,0
114834,114834,114838,4,0
114834,114837,114839,2,3
114830,114830,114839,9,0
114834,114834,114840,6,0
114834,114837,114840,3,3
114834,114834,114839,5,0
114838,114838,114839,1,0
114834,114834,114839,5,0
114838,114838,114839,1,0
114838,114838,114839,1,0
114834,114838,114840,2,4
114834,114834,114841,7,0
114834,114834,114841,7,0
114834,114834,114841,7,0
114834,114834,114842,8,0
114834,114834,114842,8,0
114830,114830,114842,12,0
114830,114831,114842,11,1
114838,114841,114843,2,3
114838,114840,114843,3,2
114838,114841,114843,2,3
114838,114839,114844,5,1
114838,114842,114844,2,4
114838,114841,114844,3,3
114838,114839,114844,5,1
114838,114840,114844,4,2
114838,114842,114844,2,4
114838,114839,114844,5,1
114838,114841,114845,4,3
114838,114840,114845,5,2
114838,114840,114844,4,2
114838,114843,114845,2,5
114838,114840,114845,5,2
114838,114843,114845,2,5
114838,114843,114844,1,5
114838,114840,114845,5,2
114834,114834,114846,12,0
114838,114844,114845,1,6
114834,114834,114847,13,0
114838,114839,114847,8,1
114838,114839,114847,8,1
114834,114834,114848,14,0
114838,114840,114848,8,2
114830,114830,114848,18,0
114834,114834,114850,16,0
114834,114834,114849,15,0
114838,114839,114851,12,1
114830,114830,114851,21,0
114830,114830,114852,22,0
114838,114843,114853,10,5
114838,114840,114855,15,2
114838,114843,114854,11,5
114838,114839,114856,17,1
114838,114839,114858,19,1
114834,114834,114859,25,0
114704,114704,114949,245,0
114961,114961,114962,1,0
114961,114961,114962,1,0
114961,114961,114962,1,0
114961,114961,114962,1,0
114961,114961,114962,1,0
114961,114961,114962,1,0
114961,114961,114962,1,0
114961,114961,114962,1,0
114961,114961,114962,1,0
114961,114961,114962,1,0
114961,114961,114962,1,0
114961,114961,114962,1,0
114961,114961,114962,1,0
114961,114961,114964,3,0
114961,114961,114963,2,0
114961,114961,114964,3,0
114961,114961,114964,3,0
114961,114961,114963,2,0
114961,114961,114966,5,0
114961,114961,114966,5,0
114961,114961,114966,5,0
114961,114961,114970,9,0
114961,114961,114970,9,0
114961,114961,114971,10,0
114961,114961,114971,10,0
114961,114961,114971,10,0
114961,114961,114983,22,0
114961,114961,114987,26,0
114961,114961,114989,28,0
114834,114838,114998,160,4
114961,114961,114999,38,0
114961,114961,115013,52,0
114831,114831,115142,311,0
115218,115218,115219,1,0
115218,115218,115219,1,0
115218,115218,115220,2,0
115218,115218,115222,4,0
115218,115218,115222,4,0
115218,115218,115223,5,0
115218,115218,115223,5,0
115218,115218,115222,4,0
115218,115218,115223,5,0
115218,115218,115224,6,0
115218,115218,115224,6,0
115218,115218,115225,7,0
115218,115218,115225,7,0
115218,115218,115225,7,0
115218,115218,115225,7,0
115218,115218,115225,7,0
115218,115218,115225,7,0
115218,115218,115226,8,0
115218,115218,115227,9,0
115218,115218,115226,8,0
115218,115218,115228,10,0
115218,115218,115227,9,0
115218,115218,115228,10,0
115218,115218,115228,10,0
115218,115218,115230,12,0
115218,115218,115230,12,0
115218,115218,115231,13,0
115218,115218,115232,14,0
115218,115218,115232,14,0
115218,115218,115236,18,0
115089,115090,115255,165,1
115094,115094,115265,171,0
115218,115218,115265,47,0
114961,114961,115276,315,0
115341,115341,115342,1,0
115341,115341,115342,1,0
115341,115341,115342,1,0
115341,115341,115342,1,0
115341,115341,115342,1,0
115341,115341,115342,1,0
115341,115341,115342,1,0
115341,115341,115342,1,0
115341,115341,115342,1,0
115341,115341,115342,1,0
115341,115341,115343,2,0
115341,115341,115342,1,0
115341,115341,115342,1,0
115341,115341,115342,1,0
115341,115341,115342,1,0
115341,115341,115342,1,0
115341,115341,115343,2,0
115341,115341,115344,3,0
115341,115341,115344,3,0
115341,115341,115343,2,0
115341,115341,115347,6,0
115341,115341,115348,7,0
115341,115341,115347,6,0
115346,115346,115347,1,0
115346,115346,115347,1,0
115346,115346,115348,2,0
115346,115346,115349,3,0
115346,115346,115350,4,0
115346,115348,115349,1,2
115346,115348,115349,1,2
115346,115348,115349,1,2
115341,115341,115350,9,0
115346,115349,115350,1,3
115346,115346,115351,5,0
115346,115346,115351,5,0
115346,115346,115351,5,0
115346,115346,115352,6,0
115346,115350,115351,1,4
115346,115346,115352,6,0
115346,115350,115351,1,4
115346,115346,115351,5,0
115346,115346,115352,6,0
115346,115350,115351,1,4
115346,115350,115351,1,4
115346,115346,115352,6,0
115341,115341,115353,12,0
115341,115341,115353,12,0
115341,115341,115353,12,0
115341,115341,115354,13,0
115346,115346,115354,8,0
115346,115346,115354,8,0
115346,115346,115353,7,0
115346,115346,115354,8,0
115346,115348,115355,7,2
115346,115352,115355,3,6
115346,115351,115356,5,5
115346,115354,115356,2,8
115346,115352,115356,4,6
115346,115354,115356,2,8
115346,115354,115356,2,8
115346,115346,115357,11,0
115346,115351,115357,6,5
115346,115353,115357,4,7
115346,115351,115357,6,5
115346,115352,115357,5,6
115346,115355,115357,2,9
115346,115354,115358,4,8
115341,115341,115358,17,0
115346,115354,115357,3,8
115346,115354,115357,3,8
115346,115356,115357,1,10
115346,115356,115357,1,10
115346,115352,115357,5,6
115346,115356,115358,2,10
115346,115356,115357,1,10
115346,115352,115358,6,6
115346,115352,115359,7,6
115346,115352,115359,7,6
115347,115357,115359,2,10
115347,115357,115359,2,10
115346,115351,115359,8,5
115347,115357,115359,2,10
115341,115341,115360,19,0
115346,115350,115359,9,4
115346,115352,115360,8,6
115347,115357,115360,3,10
115346,115354,115360,6,8
115346,115348,115361,13,2
115347,115359,115361,2,12
115346,115355,115362,7,9
115346,115348,115361,13,2
115341,115341,115362,21,0
115347,115360,115362,2,13
115347,115359,115362,3,12
115347,115359,115362,3,12
115347,115357,115362,5,10
115347,115359,115362,3,12
115347,115360,115362,2,13
115347,115358,115362,4,11
115346,115354,115363,9,8
115346,115346,115362,16,0
115347,115360,115363,3,13
115347,115359,115363,4,12
115347,115357,115363,6,10
115347,115358,115363,5,11
115347,115361,115363,2,14
115347,115358,115364,6,11
115347,115358,115364,6,11
115347,115359,115364,5,12
115347,115358,115366,8,11
115347,115360,115366,6,13
115347,115360,115367,7,13
115347,115358,115368,10,11
115347,115361,115372,11,14
115347,115361,115374,13,14
115347,115362,115374,12,15
115347,115358,115376,18,11
115346,115346,115378,32,0
115347,115358,115378,20,11
115346,115346,115380,34,0
115347,115358,115380,22,11
115346,115346,115381,35,0
115346,115346,115383,37,0
115347,115362,115407,45,15
115471,115471,115472,1,0
115471,115471,115472,1,0
115471,115471,115472,1,0
115471,115471,115472,1,0
115471,115471,115472,1,0
115471,115471,115472,1,0
115471,115471,115472,1,0
115471,115471,115472,1,0
115471,115471,115472,1,0
115218,115218,115472,254,0
115471,115471,115472,1,0
115471,115471,115472,1,0
115471,115471,115472,1,0
115471,115471,115472,1,0
115471,115471,115473,2,0
115471,115471,115473,2,0
115471,115471,115474,3,0
115471,115471,115477,6,0
115471,115471,115479,8,0
115471,115471,115480,9,0
115471,115471,115482,11,0
115471,115471,115482,11,0
115471,115471,115482,11,0
115471,115471,115482,11,0
115471,115471,115482,11,0
115471,115471,115483,12,0
115471,115471,115484,13,0
115471,115471,115484,13,0
115471,115471,115485,14,0
115471,115471,115490,19,0
115471,115471,115490,19,0
115471,115471,115497,26,0
115346,115356,115520,164,10
115348,115362,115534,172,14
115341,115341,115602,261,0
115347,115362,115602,240,15
115614,115614,115616,2,0
115614,115614,115616,2,0
115614,115614,115616,2,0
115614,115616,115618,2,2
115614,115617,115618,1,3
115614,115617,115618,1,3
115614,115614,115619,5,0
115614,115614,115619,5,0
115614,115614,115620,6,0
115614,115614,115620,6,0
115614,115614,115621,7,0
115614,115614,115623,9,0
115614,115614,115622,8,0
115614,115614,115625,11,0
115614,115614,115625,11,0
115614,115614,115625,11,0
115614,115614,115625,11,0
115614,115614,115626,12,0
115614,115614,115626,12,0
115614,115614,115626,12,0
115614,115614,115627,13,0
115614,115614,115628,14,0
115614,115614,115629,15,0
115614,115614,115630,16,0
115614,115614,115631,17,0
115614,115614,115632,18,0
115614,115614,115633,19,0
115471,115472,115634,162,1
115614,115614,115634,20,0
115614,115614,115635,21,0
115614,115614,115635,21,0
115614,115614,115650,36,0
115478,115478,115670,192,0
115482,115482,115670,188,0
115490,115491,115678,187,1
115489,115489,115690,201,0
115492,115492,115691,199,0
115487,115487,115703,216,0
115488,115488,115707,219,0
115737,115737,115738,1,0
115737,115737,115738,1,0
115737,115737,115738,1,0
115737,115737,115739,2,0
115737,115737,115740,3,0
115737,115737,115739,2,0
115737,115737,115740,3,0
115737,115737,115740,3,0
115737,115737,115741,4,0
115737,115737,115741,4,0
115737,115737,115742,5,0
115737,115737,115742,5,0
115737,115737,115742,5,0
115737,115737,115742,5,0
115737,115737,115744,7,0
115737,115739,115744,5,2
115737,115737,115744,7,0
115737,115739,115745,6,2
115737,115739,115744,5,2
115737,115740,115746,6,3
115737,115741,115746,5,4
115737,115740,115745,5,3
115737,115744,115746,2,7
115737,115740,115745,5,3
115737,115743,115745,2,6
115737,115744,115746,2,7
115737,115737,115747,10,0
115737,115744,115746,2,7
115737,115742,115746,4,5
115737,115745,115747,2,8
115737,115743,115746,3,6
115737,115742,115747,5,5
115737,115743,115746,3,6
115737,115745,115747,2,8
115737,115746,115747,1,9
115737,115737,115747,10,0
115737,115743,115747,4,6
115737,115746,115747,1,9
115737,115746,115747,1,9
115737,115746,115747,1,9
115737,115746,115747,1,9
115737,115741,115748,7,4
115737,115746,115747,1,9
115737,115746,115747,1,9
115737,115737,115747,10,0
115737,115737,115748,11,0
115737,115737,115748,11,0
115737,115737,115748,11,0
115737,115737,115749,12,0
115737,115737,115748,11,0
115737,115737,115749,12,0
115737,115737,115749,12,0
115737,115737,115748,11,0
115737,115737,115749,12,0
115737,115737,115749,12,0
115737,115737,115751,14,0
115737,115737,115752,15,0
115737,115737,115752,15,0
115737,115737,115753,16,0
115737,115737,115755,18,0
115737,115737,115755,18,0
115737,115737,115773,36,0
115866,115866,115867,1,0
115866,115866,115867,1,0
115866,115866,115867,1,0
115866,115866,115868,2,0
115866,115866,115868,2,0
115866,115866,115869,3,0
115866,115866,115869,3,0
115866,115866,115869,3,0
115866,115866,115870,4,0
115866,115866,115871,5,0
115866,115866,115871,5,0
115866,115866,115870,4,0
115866,115866,115871,5,0
115866,115866,115871,5,0
115866,115866,115871,5,0
115866,115866,115871,5,0
115866,115866,115872,6,0
115866,115866,115872,6,0
115866,115868,115872,4,2
115866,115866,115873,7,0
115866,115872,115874,2,6
115866,115868,115873,5,2
115866,115868,115873,5,2
115866,115869,115874,5,3
115866,115869,115875,6,3
115866,115872,115875,3,6
115866,115872,115874,2,6
115866,115870,115874,4,4
115866,115872,115874,2,6
115866,115873,115874,1,7
115866,115871,115875,4,5
115866,115871,115874,3,5
115866,115873,115875,2,7
115866,115874,115875,1,8
115866,115874,115875,1,8
115866,115871,115875,4,5
115866,115874,115875,1,8
115866,115874,115875,1,8
115866,115866,115877,11,0
115866,115866,115876,10,0
115866,115866,115876,10,0
115866,115875,115876,1,9
115866,115875,115876,1,9
115866,115875,115876,1,9
115866,115875,115876,1,9
115866,115870,115877,7,4
115866,115875,115876,1,9
115866,115875,115876,1,9
115866,115875,115876,1,9
115866,115866,115878,12,0
115866,115870,115877,7,4
115866,115872,115877,5,6
115866,115866,115877,11,0
115866,115875,115877,2,9
115866,115866,115878,12,0
115866,115866,115877,11,0
115866,115866,115877,11,0
115866,115866,115879,13,0
115866,115866,115878,12,0
115866,115866,115878,12,0
115866,115877,115879,2,11
115866,115877,115879,2,11
115866,115866,115879,13,0
115866,115877,115880,3,11
115866,115877,115880,3,11
115866,115875,115880,5,9
115866,115878,115880,2,12
115866,115866,115880,14,0
115866,115870,115880,10,4
115866,115878,115881,3,12
115866,115877,115881,4,11
115866,115875,115880,5,9
115866,115879,115882,3,13
115866,115866,115881,15,0
115866,115878,115881,3,12
115866,115877,115882,5,11
115866,115877,115881,4,11
115866,115876,115881,5,10
115866,115876,115881,5,10
115866,115876,115881,5,10
115866,115876,115881,5,10
115866,115876,115882,6,10
115866,115877,115882,5,11
115866,115878,115887,9,12
115866,115878,115888,10,12
115866,115866,115888,22,0
115866,115877,115888,11,11
115866,115877,115891,14,11
115866,115878,115894,16,12
115866,115877,115895,18,11
115866,115878,115895,17,12
115866,115878,115898,20,12
115866,115866,115902,36,0
115988,115988,115989,1,0
115988,115988,115989,1,0
115988,115988,115989,1,0
115988,115988,115991,3,0
115988,115988,115991,3,0
115988,115988,115991,3,0
115988,115988,115991,3,0
115988,115988,115992,4,0
115988,115988,115992,4,0
115988,115988,115993,5,0
115988,115988,115993,5,0
115988,115988,115993,5,0
115988,115988,115994,6,0
115988,115988,115993,5,0
115988,115988,115993,5,0
115988,115988,115993,5,0
115988,115988,115994,6,0
115988,115988,115995,7,0
115988,115988,115996,8,0
115988,115988,115998,10,0
115988,115988,115998,10,0
115988,115988,115999,11,0
115988,115988,116000,12,0
115988,115988,115999,11,0
115988,115988,116000,12,0
115998,115999,116000,1,1
115998,115999,116000,1,1
115998,115999,116000,1,1
115988,115988,116001,13,0
115998,115999,116001,2,1
115998,116001,116002,1,3
115998,115999,116002,3,1
115998,115999,116002,3,1
115998,115999,116002,3,1
115998,115999,116002,3,1
115998,116001,116002,1,3
115998,115999,116002,3,1
115998,116001,116002,1,3
115988,115988,116003,15,0
115998,115999,116003,4,1
115998,115999,116003,4,1
115998,115999,116003,4,1
115998,115999,116003,4,1
115999,116002,116003,1,3
115998,116000,116003,3,2
115999,116002,116003,1,3
115998,115999,116005,6,1
115998,115999,116004,5,1
115998,115999,116004,5,1
115998,115999,116004,5,1
115998,115999,116004,5,1
115998,115999,116005,6,1
115998,115999,116005,6,1
115998,115999,116005,6,1
115988,115988,116006,18,0
115999,116003,116006,3,4
115999,116005,116007,2,6
115999,116005,116006,1,6
115999,116003,116007,4,4
115999,116005,116007,2,6
115999,116005,116008,3,6
115999,116006,116007,1,7
115999,116003,116008,5,4
115999,116004,116008,4,5
115999,116005,116007,2,6
115999,116006,116007,1,7
115999,116004,116008,4,5
115999,116004,116007,3,5
115998,116000,116007,7,2
115999,116004,116008,4,5
115999,116004,116009,5,5
115999,116008,116009,1,9
115999,116003,116008,5,4
115999,116003,116008,5,4
115999,116007,116008,1,8
115999,116007,116008,1,8
115999,116007,116009,2,8
115999,116006,116009,3,7
115999,116004,116009,5,5
116003,116008,116009,1,5
116003,116008,116009,1,5
116003,116008,116009,1,5
116003,116008,116010,2,5
115988,115988,116011,23,0
115999,116003,116011,8,4
116003,116010,116012,2,7
116003,116010,116012,2,7
115998,115999,116012,13,1
115999,116003,116012,9,4
116003,116010,116012,2,7
116003,116009,116012,3,6
116003,116010,116012,2,7
116003,116008,116013,5,5
116003,116011,116013,2,8
116003,116008,116013,5,5
116003,116008,116013,5,5
116003,116009,116013,4,6
116003,116009,116014,5,6
116003,116009,116013,4,6
116003,116012,116014,2,9
116003,116008,116013,5,5
116003,116012,116013,1,9
115999,116004,116014,10,5
116003,116010,116014,4,7
116003,116013,116014,1,10
116003,116013,116014,1,10
116003,116010,116015,5,7
116003,116012,116015,3,9
116003,116009,116015,6,6
116003,116009,116015,6,6
116003,116013,116016,3,10
116003,116009,116017,8,6
115988,115988,116020,32,0
115998,116001,116020,19,3
115998,115999,116021,22,1
116003,116013,116022,9,10
115999,116004,116022,18,5
115998,116000,116025,25,2
115999,116001,116026,25,2
115988,115988,116030,42,0
115999,116006,116030,24,7
115998,115999,116031,32,1
116003,116012,116032,20,9
116003,116008,116036,28,5
115737,115747,116043,296,10
116138,116138,116139,1,0
116138,116138,116139,1,0
116138,116138,116139,1,0
116138,116138,116142,4,0
116138,116138,116141,3,0
116138,116138,116141,3,0
116138,116138,116143,5,0
116138,116138,116143,5,0
116138,116138,116143,5,0
116138,116138,116143,5,0
116138,116138,116143,5,0
116138,116138,116144,6,0
116138,116138,116143,5,0
116138,116138,116143,5,0
116138,116138,116144,6,0
116138,116138,116144,6,0
116138,116138,116145,7,0
116138,116138,116146,8,0
116138,116138,116146,8,0
116138,116138,116148,10,0
116138,116138,116149,11,0
116138,116138,116149,11,0
116138,116138,116150,12,0
115999,116008,116159,151,9
116138,116138,116162,24,0
116138,116138,116164,26,0
116003,116013,116165,152,10
116138,116138,116168,30,0
116138,116138,116167,29,0
116138,116138,116168,30,0
116138,116138,116171,33,0
116138,116138,116179,41,0
116138,116138,116184,46,0
115988,115988,116256,268,0
116264,116264,116265,1,0
116264,116264,116265,1,0
116264,116264,116265,1,0
116264,116264,116266,2,0
116129,116129,116266,137,0
116264,116264,116267,3,0
116264,116264,116267,3,0
116264,116264,116268,4,0
116264,116264,116268,4,0
116264,116264,116268,4,0
116264,116264,116269,5,0
116264,116264,116269,5,0
116264,116264,116269,5,0
116264,116266,116268,2,2
116264,116264,116268,4,0
116264,116264,116269,5,0
116264,116264,116269,5,0
116264,116264,116269,5,0
116264,116264,116270,6,0
116264,116264,116269,5,0
116264,116266,116270,4,2
116264,116266,116270,4,2
116264,116267,116271,4,3
116264,116269,116271,2,5
116264,116267,116271,4,3
116264,116270,116272,2,6
116264,116270,116272,2,6
116264,116269,116273,4,5
116264,116270,116272,2,6
116264,116271,116272,1,7
116264,116268,116273,5,4
116264,116269,116272,3,5
116264,116272,116273,1,8
116264,116269,116272,3,5
116264,116269,116272,3,5
116264,116270,116272,2,6
116264,116271,116272,1,7
116264,116269,116274,5,5
116264,116273,116274,1,9
116269,116273,116274,1,4
116264,116264,116274,10,0
116264,116264,116274,10,0
116264,116269,116273,4,5
116264,116272,116273,1,8
116264,116272,116273,1,8
116264,116272,116273,1,8
116269,116273,116274,1,4
116264,116272,116273,1,8
116269,116273,116274,1,4
116264,116264,116275,11,0
116264,116269,116274,5,5
116264,116264,116275,11,0
116264,116264,116274,10,0
116264,116264,116274,10,0
116264,116264,116276,12,0
116264,116264,116275,11,0
116264,116268,116275,7,4
116264,116268,116275,7,4
116264,116264,116275,11,0
116269,116273,116275,2,4
116264,116264,116277,13,0
116264,116264,116276,12,0
116264,116264,116276,12,0
116264,116264,116276,12,0
116264,116264,116277,13,0
116269,116274,116277,3,5
116269,116274,116277,3,5
116264,116264,116276,12,0
116264,116264,116278,14,0
116269,116276,116278,2,7
116269,116273,116277,4,4
116269,116273,116278,5,4
116269,116274,116278,4,5
116269,116273,116278,5,4
116269,116273,116278,5,4
116269,116274,116277,3,5
116269,116274,116277,3,5
116269,116276,116277,1,7
116269,116275,116278,3,6
116269,116275,116278,3,6
116269,116276,116278,2,7
116269,116276,116278,2,7
116269,116274,116279,5,5
116269,116274,116279,5,5
116269,116274,116278,4,5
116269,116274,116279,5,5
116269,116274,116279,5,5
116269,116276,116289,13,7
116269,116274,116291,17,5
116269,116275,116294,19,6
116269,116275,116298,23,6
116269,116274,116300,26,5
116269,116275,116303,28,6
116269,116276,116311,35,7
116397,116397,116398,1,0
116397,116397,116398,1,0
116397,116397,116398,1,0
116397,116397,116399,2,0
116397,116397,116400,3,0
116397,116397,116400,3,0
116397,116397,116400,3,0
116397,116397,116401,4,0
116397,116397,116401,4,0
116397,116397,116400,3,0
116397,116397,116402,5,0
116397,116397,116401,4,0
116397,116397,116402,5,0
116397,116397,116402,5,0
116397,116397,116402,5,0
116397,116397,116402,5,0
116397,116397,116401,4,0
116397,116397,116402,5,0
116397,116397,116403,6,0
116397,116397,116403,6,0
116397,116397,116407,10,0
116397,116397,116409,12,0
116397,116397,116409,12,0
116397,116397,116410,13,0
116397,116397,116411,14,0
116397,116397,116412,15,0
116397,116397,116414,17,0
116397,116397,116414,17,0
116138,116138,116417,279,0
116397,116397,116421,24,0
116397,116397,116431,34,0
116397,116397,116442,45,0
116264,116273,116450,177,9
116270,116277,116525,248,7
116529,116529,116530,1,0
116529,116529,116530,1,0
116529,116529,116530,1,0
116529,116529,116530,1,0
116529,116529,116530,1,0
116529,116529,116530,1,0
116529,116529,116530,1,0
116529,116529,116531,2,0
116529,116529,116530,1,0
116529,116529,116530,1,0
116529,116529,116530,1,0
116529,116529,116530,1,0
116529,116529,116530,1,0
116529,116529,116530,1,0
116529,116529,116532,3,0
116529,116529,116533,4,0
116534,116534,116535,1,0
116529,116529,116534,5,0
116534,116534,116535,1,0
116534,116534,116535,1,0
116534,116534,116536,2,0
116529,116529,116537,8,0
116529,116529,116537,8,0
116534,116534,116537,3,0
116534,116536,116538,2,2
116534,116535,116538,3,1
116534,116534,116538,4,0
116534,116534,116538,4,0
116534,116537,116539,2,3
116534,116534,116538,4,0
116534,116536,116538,2,2
116534,116534,116539,5,0
116534,116534,116538,4,0
116534,116534,116538,4,0
116534,116534,116538,4,0
116534,116534,116538,4,0
116529,116529,116538,9,0
116529,116529,116538,9,0
116534,116534,116539,5,0
116534,116538,116539,1,4
116534,116538,116539,1,4
116534,116538,116539,1,4
116534,116539,116540,1,5
116529,116529,116540,11,0
116529,116529,116540,11,0
116529,116529,116539,10,0
116529,116529,116539,10,0
116534,116535,116540,5,1
116534,116538,116541,3,4
116534,116539,116540,1,5
116534,116539,116540,1,5
116534,116539,116540,1,5
116534,116539,116540,1,5
116534,116539,116540,1,5
116534,116539,116541,2,5
116534,116539,116540,1,5
116403,116403,116541,138,0
116534,116537,116542,5,3
116534,116541,116543,2,7
116534,116541,116543,2,7
116534,116541,116542,1,7
116534,116541,116542,1,7
116534,116534,116543,9,0
116534,116541,116543,2,7
116534,116541,116543,2,7
116534,116541,116543,2,7
116534,116542,116543,1,8
116534,116539,116543,4,5
116534,116540,116544,4,6
116534,116539,116543,4,5
116534,116540,116544,4,6
116534,116540,116544,4,6
116529,116529,116544,15,0
116534,116540,116544,4,6
116534,116540,116544,4,6
116535,116544,116545,1,9
116534,116543,116544,1,9
116534,116543,116544,1,9
116534,116540,116544,4,6
116534,116543,116544,1,9
116529,116529,116545,16,0
116534,116542,116545,3,8
116534,116534,116545,11,0
116535,116544,116545,1,9
116535,116544,116546,2,9
116534,116534,116546,12,0
116535,116545,116548,3,10
116535,116544,116548,4,9
116535,116546,116548,2,11
116535,116545,116549,4,10
116535,116545,116549,4,10
116535,116546,116548,2,11
116535,116544,116549,5,9
116535,116544,116549,5,9
116535,116544,116548,4,9
116535,116544,116549,5,9
116535,116544,116549,5,9
116535,116545,116548,3,10
116535,116545,116549,4,10
116535,116545,116549,4,10
116535,116545,116550,5,10
116535,116548,116550,2,13
116535,116548,116549,1,13
116535,116548,116549,1,13
116535,116549,116550,1,14
116535,116549,116550,1,14
116535,116549,116551,2,14
116535,116549,116551,2,14
116534,116539,116550,11,5
116535,116544,116551,7,9
116534,116539,116552,13,5
116534,116540,116553,13,6
116534,116541,116555,14,7
116535,116544,116554,10,9
116535,116546,116557,11,11
116535,116547,116556,9,12
116529,116529,116556,27,0
116529,116529,116557,28,0
116534,116540,116560,20,6
116529,116529,116562,33,0
116529,116529,116562,33,0
116535,116545,116563,18,10
116535,116544,116562,18,9
116534,116540,116569,29,6
116406,116406,116572,166,0
116534,116540,116577,37,6
116397,116397,116662,265,0
116537,116549,116711,162,12
116534,116543,116719,176,9
116536,116549,116740,191,13
116535,116549,116743,194,14
116529,116529,116768,239,0
116784,116784,116785,1,0
116784,116784,116786,2,0
116784,116784,116786,2,0
116784,116785,116786,1,1
116784,116785,116787,2,1
116784,116785,116787,2,1
116784,116785,116787,2,1
116784,116785,116787,2,1
116784,116785,116787,2,1
116784,116785,116788,3,1
116784,116785,116788,3,1
116784,116785,116788,3,1
116785,116786,116788,2,1
116784,116785,116788,3,1
116784,116785,116788,3,1
116784,116785,116789,4,1
116785,116788,116790,2,3
116785,116786,116789,3,1
116784,116785,116789,4,1
116785,116787,116790,3,2
116785,116787,116790,3,2
116785,116788,116790,2,3
116784,116785,116790,5,1
116785,116788,116790,2,3
116785,116789,116791,2,4
116784,116785,116791,6,1
116785,116790,116791,1,5
116785,116790,116791,1,5
116785,116788,116791,3,3
116785,116789,116791,2,4
116785,116789,116791,2,4
116785,116789,116791,2,4
116785,116790,116791,1,5
116785,116789,116791,2,4
116785,116790,116791,1,5
116785,116791,116792,1,6
116785,116789,116792,3,4
116785,116791,116792,1,6
116785,116791,116792,1,6
116785,116791,116792,1,6
116785,116791,116792,1,6
116785,116791,116792,1,6
116785,116785,116792,7,0
116785,116785,116793,8,0
116784,116785,116794,9,1
116784,116785,116794,9,1
116793,116793,116794,1,0
116793,116793,116794,1,0
116793,116793,116794,1,0
116793,116793,116795,2,0
116793,116793,116796,3,0
116793,116793,116796,3,0
116793,116795,116796,1,2
116793,116795,116796,1,2
116784,116785,116796,11,1
116793,116793,116797,4,0
116793,116795,116797,2,2
116793,116793,116797,4,0
116793,116793,116797,4,0
116793,116793,116797,4,0
116793,116796,116797,1,3
116793,116793,116797,4,0
116784,116785,116797,12,1
116793,116793,116798,5,0
116793,116798,116799,1,5
116793,116798,116799,1,5
116793,116793,116798,5,0
116793,116797,116798,1,4
116793,116797,116798,1,4
116793,116797,116799,2,4
116793,116797,116798,1,4
116784,116785,116799,14,1
116784,116785,116800,15,1
116793,116798,116799,1,5
116793,116798,116799,1,5
116793,116798,116799,1,5
116793,116798,116799,1,5
116793,116798,116799,1,5
116793,116793,116800,7,0
116793,116793,116800,7,0
116784,116785,116800,15,1
116793,116799,116801,2,6
116785,116792,116801,9,7
116793,116799,116802,3,6
116793,116799,116802,3,6
116793,116799,116802,3,6
116793,116795,116802,7,2
116785,116788,116803,15,3
116793,116800,116803,3,7
116793,116801,116803,2,8
116793,116801,116802,1,8
116793,116799,116802,3,6
116793,116799,116802,3,6
116793,116799,116802,3,6
116793,116800,116802,2,7
116793,116798,116802,4,5
116793,116800,116803,3,7
116793,116801,116802,1,8
116793,116799,116802,3,6
116793,116800,116802,2,7
116793,116800,116803,3,7
116799,116803,116804,1,4
116793,116802,116803,1,9
116793,116802,116803,1,9
116793,116802,116803,1,9
116799,116803,116804,1,4
116799,116803,116804,1,4
116799,116803,116804,1,4
116793,116803,116804,1,10
116784,116785,116806,21,1
116799,116803,116806,3,4
116799,116804,116807,3,5
116799,116803,116806,3,4
116799,116803,116807,4,4
116785,116785,116808,23,0
116799,116805,116807,2,6
116799,116805,116808,3,6
116799,116804,116807,3,5
116799,116805,116808,3,6
116799,116804,116808,4,5
116799,116804,116808,4,5
116799,116805,116808,3,6
116799,116807,116809,2,8
116799,116807,116809,2,8
116799,116804,116808,4,5
116799,116807,116809,2,8
116799,116807,116809,2,8
116784,116785,116809,24,1
116793,116800,116809,9,7
116799,116803,116809,6,4
116799,116803,116810,7,4
116799,116808,116809,1,9
116799,116808,116809,1,9
116799,116808,116809,1,9
116799,116808,116810,2,9
116799,116808,116809,1,9
116801,116809,116810,1,8
116799,116808,116809,1,9
116801,116809,116810,1,8
116785,116785,116810,25,0
116799,116808,116810,2,9
116801,116809,116810,1,8
116801,116809,116810,1,8
116801,116809,116811,2,8
116784,116785,116811,26,1
116784,116785,116812,27,1
116801,116810,116812,2,9
116784,116785,116812,27,1
116801,116810,116813,3,9
116801,116810,116812,2,9
116801,116810,116813,3,9
116801,116810,116813,3,9
116801,116810,116812,2,9
116801,116810,116813,3,9
116801,116811,116813,2,10
116801,116811,116813,2,10
116793,116795,116814,19,2
116801,116810,116813,3,9
116801,116810,116814,4,9
116801,116810,116813,3,9
116801,116811,116814,3,10
116801,116812,116814,2,11
116793,116797,116815,18,4
116801,116813,116814,1,12
116801,116813,116814,1,12
116801,116813,116814,1,12
116801,116813,116814,1,12
116801,116813,116815,2,12
116799,116807,116817,10,8
116801,116810,116819,9,9
116784,116785,116819,34,1
116785,116785,116819,34,0
116801,116812,116820,8,11
116793,116803,116820,17,10
116801,116810,116820,10,9
116793,116802,116822,20,9
116801,116812,116824,12,11
116793,116803,116824,21,10
116801,116813,116825,12,12
116793,116793,116827,34,0
116799,116803,116827,24,4
116793,116793,116827,34,0
116793,116799,116830,31,6
116801,116811,116830,19,10
116801,116811,116841,30,10
116793,116801,116844,43,8
116927,116927,116928,1,0
116927,116927,116928,1,0
116927,116927,116928,1,0
116927,116927,116929,2,0
116927,116927,116928,1,0
116927,116927,116929,2,0
116927,116927,116928,1,0
116927,116928,116929,1,1
116927,116927,116929,2,0
116927,116927,116930,3,0
116927,116927,116929,2,0
116927,116927,116931,4,0
116927,116927,116930,3,0
116927,116927,116935,8,0
116927,116927,116936,9,0
116927,116927,116935,8,0
116927,116927,116937,10,0
116927,116927,116937,10,0
116927,116927,116937,10,0
116927,116927,116937,10,0
116927,116927,116937,10,0
116785,116792,116938,146,7
116927,116927,116939,12,0
116927,116927,116939,12,0
116927,116927,116939,12,0
116927,116927,116940,13,0
116927,116927,116946,19,0
116927,116927,116948,21,0
116793,116803,116952,149,10
116927,116927,116952,25,0
116927,116927,116953,26,0
116927,116927,116958,31,0
116799,116809,116961,152,10
116927,116927,116965,38,0
116802,116813,116973,160,11
116803,116813,117006,193,10
116804,116813,117025,212,9
117059,117059,117060,1,0
117059,117059,117060,1,0
117059,117059,117060,1,0
117059,117059,117061,2,0
117059,117059,117061,2,0
117059,117059,117061,2,0
117059,117059,117061,2,0
117059,117059,117062,3,0
117059,117059,117062,3,0
117059,117059,117061,2,0
117059,117059,117061,2,0
117059,117059,117062,3,0
117059,117059,117062,3,0
117059,117060,117063,3,1
117059,117059,117063,4,0
117059,117059,117062,3,0
117059,117061,117063,2,2
117059,117059,117062,3,0
117059,117062,117063,1,3
117059,117060,117063,3,1
117059,117061,117064,3,2
117059,117062,117063,1,3
117059,117061,117064,3,2
117059,117062,117063,1,3
117059,117062,117064,2,3
117059,117061,117064,3,2
117059,117063,117064,1,4
117059,117063,117064,1,4
117059,117063,117065,2,4
117059,117061,117064,3,2
117059,117063,117065,2,4
117059,117063,117065,2,4
117059,117063,117064,1,4
117059,117063,117064,1,4
117059,117064,117065,1,5
117059,117063,117064,1,4
117059,117064,117065,1,5
117059,117064,117065,1,5
117059,117065,117066,1,6
117059,117065,117066,1,6
117059,117064,117065,1,5
117059,117064,117065,1,5
117059,117064,117065,1,5
117059,117064,117066,2,5
117059,117065,117066,1,6
117059,117065,117066,1,6
117059,117066,117067,1,7
117059,117065,117067,2,6
117059,117065,117066,1,6
117059,117065,117067,2,6
117059,117059,117068,9,0
117059,117059,117068,9,0
117059,117066,117068,2,7
117059,117066,117068,2,7
117059,117066,117068,2,7
117059,117066,117067,1,7
117059,117066,117067,1,7
117059,117066,117068,2,7
117059,117065,117067,2,6
117059,117066,117068,2,7
117059,117059,117069,10,0
117059,117059,117069,10,0
117059,117059,117068,9,0
117059,117059,117069,10,0
117059,117059,117069,10,0
117059,117067,117069,2,8
117059,117067,117069,2,8
117059,117068,117069,1,9
117059,117065,117069,4,6
117059,117067,117069,2,8
117059,117065,117069,4,6
117059,117067,117069,2,8
117059,117065,117069,4,6
117059,117067,117069,2,8
117059,117068,117069,1,9
117059,117059,117069,10,0
117059,117059,117070,11,0
117059,117059,117069,10,0
117059,117059,117070,11,0
117059,117059,117069,10,0
117059,117068,117069,1,9
117059,117068,117069,1,9
117059,117068,117070,2,9
117059,117059,117070,11,0
117059,117059,117072,13,0
117059,117059,117074,15,0
117059,117059,117078,19,0
117059,117059,117078,19,0
117059,117059,117079,20,0
117059,117068,117080,12,9
117059,117059,117080,21,0
117059,117068,117089,21,9
117059,117059,117093,34,0
117189,117189,117190,1,0
117189,117189,117190,1,0
117189,117189,117191,2,0
117189,117189,117190,1,0
117189,117189,117191,2,0
117189,117189,117190,1,0
117189,117189,117190,1,0
117189,117189,117192,3,0
117189,117189,117191,2,0
117189,117189,117192,3,0
117189,117189,117192,3,0
117189,117189,117192,3,0
117189,117189,117192,3,0
117189,117189,117191,2,0
117189,117189,117192,3,0
117189,117189,117192,3,0
117189,117189,117193,4,0
117189,117189,117193,4,0
117196,117196,117197,1,0
117189,117190,117196,6,1
117189,117189,117197,8,0
117196,117196,117198,2,0
117196,117196,117197,1,0
117196,117196,117197,1,0
117196,117196,117197,1,0
117196,117196,117197,1,0
117196,117196,117197,1,0
117196,117196,117197,1,0
117189,117189,117198,9,0
117189,117189,117197,8,0
117196,117196,117198,2,0
117196,117196,117199,3,0
117196,117197,117198,1,1
117196,117196,117198,2,0
117196,117196,117198,2,0
117196,117198,117199,1,2
117196,117198,117199,1,2
117196,117196,117199,3,0
117196,117196,117200,4,0
117196,117198,117199,1,2
117196,117198,117199,1,2
117196,117198,117199,1,2
117196,117198,117199,1,2
117196,117196,117199,3,0
117189,117189,117200,11,0
117189,117189,117199,10,0
117196,117198,117200,2,2
117189,117189,117201,12,0
117196,117197,117200,3,1
117189,117190,117202,12,1
117196,117196,117204,8,0
117189,117189,117203,14,0
117196,117198,117204,6,2
117196,117198,117204,6,2
117189,117189,117206,17,0
117196,117196,117208,12,0
117189,117189,117209,20,0
117189,117189,117208,19,0
117189,117189,117210,21,0
117196,117196,117213,17,0
117196,117196,117225,29,0
117189,117189,117226,37,0
117196,117198,117226,28,2
117189,117189,117234,45,0
117059,117068,117246,178,9
117327,117327,117328,1,0
117327,117327,117328,1,0
117327,117327,117328,1,0
117327,117327,117328,1,0
117327,117327,117329,2,0
117327,117327,117328,1,0
117327,117327,117328,1,0
117327,117327,117328,1,0
117327,117327,117328,1,0
117327,117327,117328,1,0
117327,117327,117330,3,0
117327,117327,117329,2,0
117327,117327,117331,4,0
117327,117327,117330,3,0
117327,117327,117330,3,0
117327,117327,117331,4,0
117327,117327,117330,3,0
117327,117327,117330,3,0
117327,117327,117335,8,0
117327,117327,117336,9,0
117327,117327,117335,8,0
117327,117327,117336,9,0
117327,117327,117336,9,0
117327,117327,117337,10,0
117327,117327,117336,9,0
117327,117327,117339,12,0
117327,117327,117340,13,0
117327,117327,117348,21,0
117327,117327,117349,22,0
117327,117327,117351,24,0
117327,117327,117351,24,0
117196,117199,117355,156,3
117189,117192,117565,373,3
117575,117575,117576,1,0
117575,117575,117577,2,0
117575,117575,117576,1,0
117575,117575,117576,1,0
117575,117575,117576,1,0
117575,117575,117576,1,0
117575,117575,117577,2,0
117575,117575,117576,1,0
117575,117575,117576,1,0
117575,117575,117577,2,0
117575,117575,117576,1,0
117575,117575,117577,2,0
117575,117575,117577,2,0
117575,117575,117577,2,0
117575,117575,117577,2,0
117575,117575,117578,3,0
117575,117575,117578,3,0
117575,117575,117579,4,0
117575,117575,117579,4,0
117575,117575,117579,4,0
117575,117575,117579,4,0
117575,117575,117582,7,0
117575,117575,117584,9,0
117575,117575,117583,8,0
117575,117575,117584,9,0
117575,117575,117584,9,0
117575,117575,117588,13,0
117575,117575,117588,13,0
117575,117575,117588,13,0
117575,117575,117596,21,0
117575,117575,117611,36,0
117327,117330,117643,313,3
117699,117699,117700,1,0
117699,117699,117700,1,0
117699,117699,117701,2,0
117699,117699,117701,2,0
117699,117699,117700,1,0
117699,117699,117700,1,0
117699,117699,117700,1,0
117699,117699,117701,2,0
117699,117699,117702,3,0
117699,117699,117702,3,0
117699,117699,117702,3,0
117699,117699,117702,3,0
117699,117699,117703,4,0
117699,117699,117702,3,0
117699,117699,117703,4,0
117699,117699,117703,4,0
117703,117703,117705,2,0
117703,117703,117704,1,0
117703,117703,117705,2,0
117703,117703,117704,1,0
117703,117703,117705,2,0
117703,117703,117704,1,0
117703,117703,117704,1,0
117699,117699,117706,7,0
117703,117704,117706,2,1
117703,117703,117706,3,0
117703,117704,117705,1,1
117703,117703,117705,2,0
117703,117703,117705,2,0
117703,117703,117706,3,0
117703,117703,117706,3,0
117703,117705,117707,2,2
117703,117705,117706,1,2
117703,117705,117706,1,2
117703,117705,117706,1,2
117703,117705,117706,1,2
117703,117705,117706,1,2
117703,117705,117706,1,2
117703,117706,117707,1,3
117699,117699,117707,8,0
117699,117699,117707,8,0
117699,117699,117707,8,0
117699,117699,117707,8,0
117699,117699,117707,8,0
117703,117706,117708,2,3
117703,117706,117707,1,3
117703,117706,117707,1,3
117703,117706,117707,1,3
117699,117699,117707,8,0
117699,117699,117708,9,0
117699,117699,117710,11,0
117699,117699,117709,10,0
117703,117703,117710,7,0
117703,117703,117712,9,0
117703,117703,117714,11,0
117703,117703,117717,14,0
117699,117699,117718,19,0
117699,117699,117719,20,0
117699,117699,117719,20,0
117699,117699,117719,20,0
117699,117699,117720,21,0
117703,117703,117734,31,0
117575,117578,117747,169,3
117828,117828,117829,1,0
117828,117828,117829,1,0
117828,117828,117829,1,0
117828,117828,117829,1,0
117828,117828,117830,2,0
117828,117828,117829,1,0
117828,117828,117830,2,0
117828,117828,117829,1,0
117828,117828,117831,3,0
117828,117828,117831,3,0
117828,117828,117830,2,0
117828,117828,117830,2,0
117828,117828,117830,2,0
117828,117828,117830,2,0
117828,117828,117831,3,0
117828,117828,117831,3,0
117828,117828,117831,3,0
117828,117828,117831,3,0
117828,117828,117833,5,0
117828,117828,117833,5,0
117828,117828,117834,6,0
117828,117828,117836,8,0
117828,117828,117835,7,0
117828,117828,117836,8,0
117828,117830,117836,6,2
117828,117828,117837,9,0
117828,117828,117838,10,0
117828,117828,117838,10,0
117828,117828,117837,9,0
117828,117828,117846,18,0
117828,117828,117849,21,0
117828,117828,117857,29,0
117953,117953,117954,1,0
117953,117953,117954,1,0
117953,117953,117955,2,0
117953,117953,117954,1,0
117953,117953,117954,1,0
117953,117953,117954,1,0
117953,117953,117954,1,0
117953,117953,117954,1,0
117953,117953,117954,1,0
117953,117953,117954,1,0
117953,117953,117954,1,0
117953,117953,117954,1,0
117953,117953,117954,1,0
117953,117953,117954,1,0
117953,117953,117954,1,0
117953,117953,117956,3,0
117953,117953,117956,3,0
117953,117953,117956,3,0
117953,117953,117961,8,0
117953,117953,117961,8,0
117953,117953,117962,9,0
117953,117953,117962,9,0
117953,117953,117962,9,0
117953,117953,117963,10,0
117953,117953,117964,11,0
117953,117953,117964,11,0
117953,117953,117965,12,0
117953,117953,117965,12,0
117953,117953,117978,25,0
117953,117953,117979,26,0
117828,117831,117980,149,3
117953,117953,117980,27,0
117700,117700,118058,358,0
118085,118085,118086,1,0
118085,118085,118086,1,0
118085,118085,118086,1,0
118085,118085,118086,1,0
118085,118085,118087,2,0
118085,118085,118087,2,0
118085,118085,118087,2,0
118085,118085,118086,1,0
118085,118085,118087,2,0
118085,118085,118087,2,0
118085,118085,118087,2,0
118085,118085,118089,4,0
118085,118085,118089,4,0
118085,118085,118088,3,0
118085,118085,118089,4,0
118085,118085,118089,4,0
118085,118085,118090,5,0
118085,118085,118090,5,0
118085,118085,118091,6,0
118085,118085,118092,7,0
118085,118085,118092,7,0
118085,118085,118094,9,0
118085,118085,118093,8,0
118085,118085,118093,8,0
118085,118085,118096,11,0
118085,118085,118096,11,0
118085,118085,118097,12,0
118085,118085,118098,13,0
118085,118085,118100,15,0
118085,118085,118101,16,0
118085,118085,118108,23,0
117959,117959,118118,159,0
117957,117957,118127,170,0
118208,118208,118209,1,0
118208,118208,118209,1,0
118208,118208,118209,1,0
118208,118208,118209,1,0
118208,118208,118210,2,0
118208,118208,118210,2,0
118208,118208,118209,1,0
118208,118208,118209,1,0
118208,118208,118209,1,0
118208,118208,118209,1,0
118208,118208,118210,2,0
118208,118208,118209,1,0
118208,118208,118209,1,0
118208,118208,118210,2,0
118208,118208,118209,1,0
118208,118208,118209,1,0
118208,118208,118211,3,0
118208,118208,118211,3,0
118208,118208,118211,3,0
118208,118208,118211,3,0
118208,118208,118210,2,0
118212,118212,118213,1,0
118212,118212,118213,1,0
118212,118212,118213,1,0
118212,118212,118213,1,0
118212,118212,118213,1,0
118212,118212,118213,1,0
118212,118212,118213,1,0
118212,118212,118213,1,0
118212,118212,118213,1,0
118212,118213,118214,1,1
118208,118208,118214,6,0
118208,118208,118214,6,0
118212,118212,118215,3,0
118212,118212,118215,3,0
118212,118212,118214,2,0
118212,118214,118215,1,2
118212,118214,118215,1,2
118212,118214,118215,1,2
118212,118212,118214,2,0
118212,118214,118215,1,2
118212,118214,118215,1,2
118212,118212,118215,3,0
118212,118212,118215,3,0
118212,118212,118215,3,0
118212,118212,118215,3,0
118212,118212,118216,4,0
118212,118212,118215,3,0
118212,118214,118215,1,2
118212,118214,118215,1,2
118208,118208,118217,9,0
118212,118212,118217,5,0
118208,118208,118217,9,0
118208,118208,118217,9,0
118212,118212,118217,5,0
118212,118212,118217,5,0
118208,118208,118218,10,0
118208,118208,118221,13,0
118208,118208,118221,13,0
118208,118208,118225,17,0
118208,118208,118227,19,0
118212,118212,118228,16,0
117953,117953,118260,307,0
118085,118085,118407,322,0
118208,118208,118502,294,0
118580,118580,118581,1,0
118580,118580,118581,1,0
118580,118580,118581,1,0
118580,118580,118583,3,0
118580,118580,118583,3,0
118580,118580,118583,3,0
118580,118580,118583,3,0
118580,118580,118583,3,0
118580,118580,118583,3,0
118580,118580,118583,3,0
118580,118580,118583,3,0
118580,118580,118584,4,0
118580,118580,118585,5,0
118580,118580,118585,5,0
118580,118580,118585,5,0
118580,118580,118585,5,0
118580,118580,118586,6,0
118580,118580,118585,5,0
118580,118580,118586,6,0
118580,118580,118586,6,0
118580,118580,118587,7,0
118580,118580,118587,7,0
118580,118580,118588,8,0
118580,118580,118588,8,0
118580,118580,118589,9,0
118580,118580,118592,12,0
118580,118580,118591,11,0
118580,118580,118591,11,0
118580,118580,118592,12,0
118580,118580,118592,12,0
118580,118580,118606,26,0
118580,118580,118827,247,0
118705,118705,118853,148,0
118957,118958,118959,1,1
118957,118958,118959,1,1
118957,118958,118959,1,1
118957,118958,118960,2,1
118957,118958,118960,2,1
118957,118958,118960,2,1
118957,118958,118960,2,1
118957,118958,118961,3,1
118957,118958,118961,3,1
118957,118958,118962,4,1
118957,118958,118963,5,1
118957,118958,118963,5,1
118957,118958,118963,5,1
118959,118962,118963,1,3
118957,118958,118963,5,1
118957,118958,118964,6,1
118957,118958,118963,5,1
118959,118962,118963,1,3
118957,118958,118964,6,1
118959,118962,118963,1,3
118958,118960,118964,4,2
118957,118958,118964,6,1
118957,118958,118964,6,1
118957,118958,118965,7,1
118957,118958,118965,7,1
118959,118964,118965,1,5
118959,118962,118965,3,3
118959,118964,118965,1,5
118957,118958,118965,7,1
118957,118958,118966,8,1
118959,118964,118966,2,5
118959,118964,118967,3,5
118959,118964,118966,2,5
118959,118965,118968,3,6
118957,118958,118967,9,1
118957,118958,118967,9,1
118959,118963,118968,5,4
118959,118964,118968,4,5
118959,118966,118967,1,7
118959,118963,118967,4,4
118959,118966,118967,1,7
118959,118963,118967,4,4
118959,118966,118967,1,7
118959,118966,118967,1,7
118959,118963,118968,5,4
118959,118964,118968,4,5
118957,118958,118968,10,1
118957,118958,118969,11,1
118959,118962,118969,7,3
118959,118962,118969,7,3
118957,118958,118971,13,1
118959,118963,118970,7,4
118959,118962,118971,9,3
118959,118964,118972,8,5
118959,118966,118975,9,7
118959,118965,118974,9,6
118959,118962,118976,14,3
118957,118958,118976,18,1
118959,118965,118978,13,6
118959,118962,118978,16,3
118959,118962,118987,25,3
118957,118958,118993,35,1
118957,118958,118998,40,1
118958,118962,119129,167,4
118959,118966,119210,244,7
119211,119211,119212,1,0
119211,119211,119212,1,0
119211,119211,119213,2,0
119211,119211,119214,3,0
119211,119211,119214,3,0
119211,119211,119215,4,0
119211,119211,119215,4,0
119211,119211,119216,5,0
119211,119211,119215,4,0
119211,119211,119215,4,0
119211,119211,119216,5,0
119211,119211,119217,6,0
119211,119211,119216,5,0
119211,119211,119217,6,0
119211,119211,119219,8,0
119211,119211,119218,7,0
119211,119211,119218,7,0
119211,119211,119219,8,0
119211,119211,119220,9,0
119211,119211,119220,9,0
119211,119211,119219,8,0
119211,119211,119220,9,0
119211,119211,119221,10,0
119211,119211,119220,9,0
119211,119211,119221,10,0
119211,119211,119221,10,0
119211,119211,119223,12,0
119211,119211,119222,11,0
119211,119211,119226,15,0
119211,119211,119228,17,0
119211,119211,119227,16,0
119088,119088,119247,159,0
119087,119087,119251,164,0
119334,119334,119335,1,0
119334,119334,119336,2,0
119334,119334,119335,1,0
119334,119334,119336,2,0
119334,119334,119337,3,0
119334,119334,119336,2,0
119334,119334,119337,3,0
119334,119334,119337,3,0
119334,119334,119338,4,0
119334,119334,119338,4,0
119334,119334,119337,3,0
119334,119334,119337,3,0
119334,119334,119339,5,0
119334,119334,119338,4,0
119334,119334,119339,5,0
119334,119334,119339,5,0
119334,119334,119339,5,0
119334,119334,119339,5,0
119334,119334,119340,6,0
119334,119334,119342,8,0
119334,119334,119341,7,0
119334,119334,119341,7,0
119334,119334,119342,8,0
119334,119334,119342,8,0
119334,119334,119342,8,0
119334,119334,119344,10,0
119334,119334,119344,10,0
119334,119334,119349,15,0
119334,119334,119352,18,0
119334,119334,119360,26,0
119334,119334,119368,34,0
119211,119211,119442,231,0
119583,119583,119584,1,0
119583,119583,119585,2,0
119583,119583,119585,2,0
119583,119583,119585,2,0
119583,119583,119586,3,0
119583,119583,119586,3,0
119583,119583,119587,4,0
119583,119583,119587,4,0
119583,119583,119586,3,0
119583,119583,119588,5,0
119583,119583,119588,5,0
119587,119587,119588,1,0
119587,119587,119588,1,0
119583,119583,119588,5,0
119587,119587,119589,2,0
119583,119583,119589,6,0
119587,119587,119588,1,0
119583,119583,119590,7,0
119583,119583,119590,7,0
119583,119583,119591,8,0
119583,119583,119590,7,0
119583,119583,119591,8,0
119583,119583,119591,8,0
119583,119583,119591,8,0
119583,119584,119591,7,1
119583,119583,119592,9,0
119587,119589,119592,3,2
119587,119589,119592,3,2
119587,119587,119591,4,0
119587,119589,119591,2,2
119587,119591,119593,2,4
119587,119588,119593,5,1
119587,119589,119593,4,2
119587,119591,119593,2,4
119587,119589,119593,4,2
119587,119590,119592,2,3
119587,119591,119592,1,4
119583,119583,119593,10,0
119583,119583,119593,10,0
119587,119589,119593,4,2
119587,119587,119593,6,0
119587,119592,119593,1,5
119587,119592,119593,1,5
119583,119583,119594,11,0
119587,119587,119594,7,0
119587,119589,119596,7,2
119587,119587,119596,9,0
119587,119592,119598,6,5
119587,119591,119599,8,4
119587,119592,119599,7,5
119587,119592,119600,8,5
119587,119592,119602,10,5
119583,119583,119601,18,0
119583,119583,119602,19,0
119583,119583,119603,20,0
119583,119583,119603,20,0
119587,119587,119603,16,0
119583,119583,119605,22,0
119587,119587,119604,17,0
119587,119587,119605,18,0
119587,119587,119606,19,0
119583,119583,119607,24,0
119579,119579,119729,150,0
119587,119592,119751,159,5
119837,119837,119838,1,0
119837,119837,119838,1,0
119837,119837,119838,1,0
119837,119837,119839,2,0
119837,119837,119840,3,0
119837,119837,119840,3,0
119837,119837,119840,3,0
119837,119837,119841,4,0
119837,119837,119841,4,0
119837,119837,119841,4,0
119837,119837,119840,3,0
119837,119837,119841,4,0
119837,119837,119841,4,0
119837,119837,119843,6,0
119837,119837,119842,5,0
119837,119837,119843,6,0
119837,119837,119842,5,0
119837,119837,119842,5,0
119837,119837,119844,7,0
119837,119837,119844,7,0
119837,119837,119844,7,0
119837,119837,119844,7,0
119837,119837,119844,7,0
119837,119837,119844,7,0
119837,119837,119844,7,0
119837,119837,119845,8,0
119837,119837,119846,9,0
119837,119837,119846,9,0
119837,119837,119847,10,0
119837,119837,119848,11,0
119837,119837,119850,13,0
119584,119584,119880,296,0
119963,119963,119964,1,0
119963,119963,119964,1,0
119963,119963,119964,1,0
119963,119963,119964,1,0
119963,119963,119964,1,0
119963,119963,119964,1,0
119963,119963,119964,1,0
119963,119963,119964,1,0
119963,119963,119964,1,0
119963,119963,119964,1,0
119963,119963,119964,1,0
119963,119963,119964,1,0
119963,119963,119964,1,0
119963,119963,119964,1,0
119963,119963,119965,2,0
119963,119963,119967,4,0
119963,119963,119967,4,0
119963,119963,119967,4,0
119963,119963,119967,4,0
119963,119963,119967,4,0
119967,119967,119968,1,0
119967,119967,119968,1,0
119967,119967,119968,1,0
119967,119967,119969,2,0
119963,119963,119969,6,0
119963,119963,119970,7,0
119963,119963,119970,7,0
119963,119963,119970,7,0
119963,119963,119970,7,0
119963,119963,119971,8,0
119967,119967,119971,4,0
119967,119969,119971,2,2
119967,119969,119971,2,2
119967,119969,119971,2,2
119967,119967,119972,5,0
119963,119963,119972,9,0
119963,119963,119972,9,0
119963,119963,119972,9,0
119967,119967,119971,4,0
119967,119969,119971,2,2
119967,119967,119972,5,0
119967,119967,119973,6,0
119967,119967,119973,6,0
119967,119968,119973,5,1
119967,119968,119972,4,1
119967,119967,119974,7,0
119967,119971,119974,3,4
119963,119963,119974,11,0
119963,119963,119974,11,0
119967,119967,119974,7,0
119967,119967,119974,7,0
119967,119967,119973,6,0
119967,119968,119974,6,1
119967,119967,119974,7,0
119967,119967,119974,7,0
119967,119970,119977,7,3
119967,119970,119977,7,3
119967,119970,119978,8,3
119967,119970,119977,7,3
119967,119968,119979,11,1
119967,119967,119983,16,0
119840,119840,119991,151,0
119832,119832,119999,167,0
119967,119970,120001,31,3
119837,119837,120072,235,0
120091,120091,120092,1,0
120091,120091,120092,1,0
120091,120091,120092,1,0
120091,120091,120092,1,0
120091,120091,120092,1,0
120091,120091,120092,1,0
120091,120091,120092,1,0
120091,120091,120092,1,0
120091,120091,120092,1,0
120091,120091,120092,1,0
120091,120091,120092,1,0
120091,120091,120092,1,0
120091,120091,120093,2,0
120091,120091,120094,3,0
120091,120091,120094,3,0
120091,120091,120094,3,0
120091,120091,120094,3,0
120091,120091,120094,3,0
120091,120091,120094,3,0
120091,120091,120094,3,0
120091,120091,120095,4,0
120091,120091,120095,4,0
120094,120094,120095,1,0
120094,120094,120095,1,0
120094,120094,120095,1,0
120094,120094,120097,3,0
120094,120096,120098,2,2
120094,120096,120098,2,2
120094,120096,120098,2,2
120094,120094,120098,4,0
120094,120094,120099,5,0
120094,120097,120099,2,3
120094,120094,120099,5,0
120094,120094,120098,4,0
120094,120095,120099,4,1
120094,120098,120100,2,4
120094,120094,120100,6,0
120094,120094,120100,6,0
120094,120098,120099,1,4
120094,120094,120099,5,0
120094,120098,120100,2,4
120091,120091,120100,9,0
120091,120091,120100,9,0
120094,120094,120100,6,0
120094,120094,120101,7,0
120094,120094,120100,6,0
120094,120094,120101,7,0
120091,120091,120102,11,0
120094,120094,120102,8,0
120094,120094,120101,7,0
120094,120094,120101,7,0
120091,120091,120102,11,0
120094,120094,120102,8,0
120094,120095,120102,7,1
120094,120098,120102,4,4
120091,120091,120103,12,0
120091,120091,120107,16,0
120091,120091,120107,16,0
120091,120091,120108,17,0
120091,120091,120108,17,0
120094,120094,120115,21,0
120094,120094,120116,22,0
119967,119971,120131,160,4
119968,119971,120159,188,3
120216,120216,120218,2,0
120216,120216,120218,2,0
120216,120216,120218,2,0
120216,120216,120219,3,0
120216,120216,120219,3,0
120216,120217,120219,2,1
120216,120217,120219,2,1
120216,120216,120220,4,0
120216,120217,120220,3,1
120216,120216,120221,5,0
120216,120216,120221,5,0
120216,120216,120221,5,0
120216,120216,120221,5,0
120216,120216,120221,5,0
120216,120216,120221,5,0
120216,120217,120221,4,1
120216,120216,120222,6,0
120216,120216,120222,6,0
120216,120216,120223,7,0
120216,120216,120223,7,0
120216,120216,120224,8,0
120216,120216,120224,8,0
120222,120222,120224,2,0
120222,120222,120224,2,0
120222,120222,120224,2,0
120222,120222,120225,3,0
120222,120224,120225,1,2
120222,120222,120225,3,0
120222,120223,120225,2,1
120216,120217,120225,8,1
120222,120225,120226,1,3
120222,120225,120226,1,3
120222,120225,120226,1,3
120222,120225,120226,1,3
120222,120225,120226,1,3
120216,120216,120226,10,0
120216,120216,120227,11,0
120222,120226,120227,1,4
120222,120226,120227,1,4
120222,120226,120227,1,4
120222,120226,120227,1,4
120222,120222,120228,6,0
120222,120222,120228,6,0
120222,120222,120229,7,0
120222,120222,120229,7,0
120222,120222,120230,8,0
120222,120222,120230,8,0
120222,120223,120230,7,1
120222,120222,120230,8,0
120222,120222,120230,8,0
120222,120222,120230,8,0
120222,120222,120230,8,0
120216,120216,120230,14,0
120222,120222,120230,8,0
120222,120224,120231,7,2
120216,120216,120232,16,0
120216,120217,120233,16,1
120222,120222,120233,11,0
120222,120222,120235,13,0
120216,120217,120235,18,1
120216,120217,120236,19,1
120216,120216,120237,21,0
119963,119963,120243,280,0
120349,120349,120350,1,0
120349,120349,120350,1,0
120349,120349,120350,1,0
120349,120349,120350,1,0
120349,120349,120350,1,0
120349,120349,120350,1,0
120349,120349,120350,1,0
120349,120349,120350,1,0
120349,120349,120350,1,0
120349,120349,120350,1,0
120349,120349,120350,1,0
120349,120349,120350,1,0
120349,120349,120350,1,0
120349,120349,120350,1,0
120349,120349,120351,2,0
120349,120349,120351,2,0
120349,120349,120351,2,0
120349,120349,120352,3,0
120349,120349,120351,2,0
120349,120349,120351,2,0
120349,120349,120354,5,0
120353,120353,120355,2,0
120353,120353,120355,2,0
120353,120353,120356,3,0
120349,120349,120357,8,0
120349,120349,120357,8,0
120353,120353,120357,4,0
120353,120356,120357,1,3
120349,120349,120357,8,0
120349,120349,120358,9,0
120353,120353,120358,5,0
120353,120354,120358,4,1
120353,120354,120358,4,1
120353,120356,120358,2,3
120353,120353,120359,6,0
120353,120357,120359,2,4
120353,120354,120359,5,1
120353,120354,120359,5,1
120353,120358,120359,1,5
120353,120353,120360,7,0
120353,120353,120361,8,0
120353,120358,120360,2,5
120349,120349,120360,11,0
120349,120349,120360,11,0
120349,120349,120360,11,0
120349,120349,120360,11,0
120353,120353,120361,8,0
120353,120354,120361,7,1
120353,120359,120361,2,6
120353,120359,120361,2,6
120353,120353,120361,8,0
120353,120353,120361,8,0
120353,120353,120361,8,0
120353,120357,120362,5,4
120353,120354,120362,8,1
120353,120355,120363,8,2
120353,120357,120362,5,4
120353,120353,120365,12,0
120353,120358,120366,8,5
120349,120349,120370,21,0
120349,120349,120371,22,0
120353,120358,120372,14,5
120227,120227,120397,170,0
120226,120227,120397,170,1
120091,120091,120454,363,0
120217,120217,120460,243,0
120223,120226,120475,249,3
120349,120350,120533,183,1
120602,120602,120604,2,0
120602,120602,120604,2,0
120602,120602,120604,2,0
120602,120603,120605,2,1
120602,120602,120605,3,0
120602,120603,120606,3,1
120602,120603,120606,3,1
120602,120603,120606,3,1
120602,120603,120606,3,1
120602,120603,120607,4,1
120602,120603,120607,4,1
120602,120603,120607,4,1
120602,120602,120607,5,0
120602,120603,120608,5,1
120602,120602,120608,6,0
120602,120602,120609,7,0
120602,120602,120609,7,0
120603,120605,120610,5,2
120602,120603,120610,7,1
120603,120607,120610,3,4
120602,120602,120610,8,0
120603,120605,120611,6,2
120603,120605,120610,5,2
120603,120608,120611,3,5
120603,120609,120611,2,6
120603,120610,120611,1,7
120603,120608,120611,3,5
120603,120609,120611,2,6
120602,120603,120612,9,1
120603,120608,120612,4,5
120603,120610,120612,2,7
120603,120611,120612,1,8
120603,120607,120612,5,4
120603,120611,120612,1,8
120603,120611,120612,1,8
120603,120611,120612,1,8
120603,120611,120612,1,8
120603,120607,120613,6,4
120603,120611,120612,1,8
120602,120603,120613,10,1
120602,120602,120613,11,0
120603,120607,120613,6,4
120603,120606,120613,7,3
120603,120612,120613,1,9
120603,120606,120613,7,3
120603,120612,120613,1,9
120603,120612,120613,1,9
120602,120603,120614,11,1
120602,120603,120614,11,1
120603,120607,120614,7,4
120602,120603,120614,11,1
120603,120603,120614,11,0
120603,120603,120614,11,0
120602,120602,120615,13,0
120602,120602,120619,17,0
120602,120603,120620,17,1
120603,120603,120621,18,0
120602,120602,120625,23,0
120603,120603,120631,28,0
120602,120602,120631,29,0
120602,120603,120632,29,1
120603,120603,120634,31,0
120730,120730,120732,2,0
120730,120731,120732,1,1
120730,120731,120732,1,1
120730,120731,120733,2,1
120730,120731,120733,2,1
120730,120731,120734,3,1
120730,120731,120735,4,1
120730,120731,120734,3,1
120730,120731,120734,3,1
120730,120731,120735,4,1
120730,120731,120735,4,1
120730,120731,120736,5,1
120730,120731,120736,5,1
120730,120731,120736,5,1
120730,120731,120736,5,1
120730,120731,120736,5,1
120730,120731,120736,5,1
120734,120735,120737,2,1
120730,120731,120738,7,1
120730,120731,120738,7,1
120734,120737,120739,2,3
120734,120737,120739,2,3
120730,120731,120740,9,1
120734,120739,120740,1,5
120734,120739,120740,1,5
120730,120731,120741,10,1
120730,120731,120741,10,1
120734,120736,120741,5,2
120734,120736,120741,5,2
120734,120737,120741,4,3
120734,120736,120741,5,2
120734,120736,120741,5,2
120734,120737,120741,4,3
120734,120740,120741,1,6
120734,120736,120741,5,2
120734,120740,120741,1,6
120730,120731,120742,11,1
120730,120731,120742,11,1
120734,120736,120742,6,2
120734,120738,120743,5,4
120734,120741,120742,1,7
120734,120742,120743,1,8
120734,120736,120742,6,2
120734,120736,120742,6,2
120734,120741,120742,1,7
120734,120737,120743,6,3
120734,120736,120743,7,2
120734,120742,120744,2,8
120734,120742,120744,2,8
120730,120731,120747,16,1
120734,120735,120747,12,1
120730,120731,120749,18,1
120730,120731,120749,18,1
120734,120741,120750,9,7
120734,120735,120751,16,1
120730,120731,120751,20,1
120730,120731,120752,21,1
120734,120735,120753,18,1
120730,120731,120753,22,1
120734,120735,120753,18,1
120734,120737,120756,19,3
120730,120731,120757,26,1
120861,120861,120862,1,0
120861,120861,120862,1,0
120861,120861,120862,1,0
120861,120861,120862,1,0
120861,120861,120863,2,0
120861,120861,120863,2,0
120861,120861,120863,2,0
120861,120861,120863,2,0
120861,120861,120863,2,0
120861,120862,120864,2,1
120861,120862,120864,2,1
120861,120862,120864,2,1
120861,120861,120864,3,0
120861,120862,120865,3,1
120861,120861,120866,5,0
120861,120862,120868,6,1
120861,120862,120869,7,1
120861,120861,120869,8,0
120861,120861,120869,8,0
120861,120862,120869,7,1
120861,120861,120871,10,0
120861,120861,120871,10,0
120861,120862,120871,9,1
120861,120862,120872,10,1
120861,120862,120872,10,1
120861,120862,120875,13,1
120861,120861,120877,16,0
120861,120861,120881,20,0
120861,120862,120881,19,1
120861,120862,120881,19,1
120861,120862,120881,19,1
120738,120742,120888,146,4
120734,120742,120903,161,8
120738,120742,120910,168,4
120725,120725,120933,208,0
120990,120990,120992,2,0
120990,120990,120991,1,0
120990,120990,120992,2,0
120990,120990,120991,1,0
120731,120735,120992,257,4
120990,120990,120993,3,0
120990,120990,120994,4,0
120990,120992,120994,2,2
120990,120990,120994,4,0
120990,120990,120994,4,0
120990,120990,120995,5,0
120990,120990,120995,5,0
120990,120990,120996,6,0
120990,120990,120996,6,0
120990,120992,120996,4,2
120990,120990,120995,5,0
120990,120990,120995,5,0
120990,120990,120995,5,0
120990,120990,120996,6,0
120990,120990,120997,7,0
120990,120990,120998,8,0
120990,120990,120997,7,0
120990,120992,120997,5,2
120990,120996,120998,2,6
120990,120992,120998,6,2
120990,120990,120999,9,0
120990,120990,120999,9,0
120990,120997,120999,2,7
120990,120990,120999,9,0
120990,120990,120999,9,0
120990,120996,120999,3,6
120990,120996,120999,3,6
120990,120994,121000,6,4
120990,120996,121000,4,6
120990,120996,121000,4,6
120990,120996,121000,4,6
120990,120996,121000,4,6
120990,120998,121000,2,8
120990,120994,121000,6,4
120990,120995,121000,5,5
120990,120998,121000,2,8
120990,120994,121000,6,4
120990,120998,121000,2,8
120990,120990,121000,10,0
120990,120999,121000,1,9
120990,120990,121001,11,0
120996,120999,121001,2,3
120996,121000,121001,1,4
120990,120990,121002,12,0
120990,120990,121002,12,0
120990,120990,121002,12,0
120990,120990,121002,12,0
120996,121000,121002,2,4
120990,120995,121002,7,5
120990,120990,121003,13,0
120990,120990,121004,14,0
120996,121003,121004,1,7
120996,121003,121004,1,7
120996,121002,121004,2,6
120990,120990,121004,14,0
120996,121000,121005,5,4
120996,121001,121005,4,5
120996,121002,121005,3,6
120990,120998,121006,8,8
120990,120997,121006,9,7
120996,121002,121006,4,6
120990,120990,121006,16,0
120996,121001,121006,5,5
120996,121001,121006,5,5
120996,121001,121006,5,5
120996,121002,121006,4,6
120996,121005,121006,1,9
120996,121001,121006,5,5
120996,121001,121006,5,5
120996,121005,121006,1,9
120996,121005,121006,1,9
120990,120998,121007,9,8
120996,121001,121007,6,5
120996,121001,121007,6,5
120996,121001,121007,6,5
120997,121006,121007,1,9
120997,121006,121007,1,9
120990,120990,121008,18,0
120997,121008,121010,2,11
120990,120999,121010,11,9
120997,121008,121010,2,11
120997,121008,121011,3,11
120997,121008,121011,3,11
120997,121008,121011,3,11
120997,121007,121011,4,10
120997,121010,121012,2,13
120997,121007,121012,5,10
120997,121007,121012,5,10
120997,121007,121012,5,10
120997,121007,121012,5,10
120997,121007,121012,5,10
120997,121007,121012,5,10
120997,121007,121012,5,10
120997,121011,121012,1,14
120997,121011,121012,1,14
120997,121012,121013,1,15
120997,121013,121014,1,16
120997,121007,121013,6,10
120997,121012,121013,1,15
120997,121012,121013,1,15
120997,121012,121013,1,15
120996,121003,121014,11,7
120996,121003,121015,12,7
120996,121005,121015,10,9
120990,120999,121017,18,9
120996,121003,121017,14,7
120997,121006,121018,12,9
120997,121008,121020,12,11
120997,121011,121020,9,14
120996,121003,121021,18,7
120997,121006,121022,16,9
120862,120863,121022,159,1
120990,120994,121023,29,4
120996,121001,121023,22,5
120996,121004,121023,19,8
120997,121007,121025,18,10
120996,120999,121027,28,3
120997,121006,121028,22,9
120996,121002,121033,31,6
120990,120993,121034,41,3
120997,121007,121037,30,10
121127,121127,121128,1,0
121127,121127,121128,1,0
121127,121127,121129,2,0
121127,121127,121129,2,0
121127,121127,121129,2,0
121127,121127,121129,2,0
121127,121127,121130,3,0
121127,121127,121130,3,0
121127,121129,121130,1,2
121127,121129,121130,1,2
121127,121130,121131,1,3
121127,121127,121131,4,0
121127,121130,121131,1,3
121127,121130,121131,1,3
121127,121127,121131,4,0
121127,121131,121132,1,4
121127,121127,121132,5,0
121127,121127,121132,5,0
121127,121127,121132,5,0
121127,121127,121132,5,0
121127,121127,121133,6,0
121127,121132,121133,1,5
121127,121127,121133,6,0
121127,121127,121133,6,0
121127,121127,121134,7,0
121127,121127,121135,8,0
121127,121127,121134,7,0
121127,121127,121135,8,0
121127,121127,121136,9,0
121127,121127,121138,11,0
121127,121127,121139,12,0
121127,121127,121139,12,0
121127,121127,121139,12,0
121127,121127,121139,12,0
121127,121127,121141,14,0
121127,121127,121141,14,0
121127,121127,121142,15,0
121127,121127,121143,16,0
121127,121127,121147,20,0
120996,121006,121165,159,10
120997,121013,121168,155,16
121127,121127,121173,46,0
120990,120999,121258,259,9
121259,121259,121260,1,0
121259,121259,121260,1,0
121259,121259,121260,1,0
121259,121259,121260,1,0
121259,121259,121260,1,0
121259,121259,121260,1,0
121259,121259,121260,1,0
121259,121259,121260,1,0
121259,121259,121261,2,0
121259,121259,121262,3,0
121259,121259,121263,4,0
121259,121259,121264,5,0
121259,121259,121264,5,0
121259,121259,121265,6,0
121259,121259,121265,6,0
121259,121259,121265,6,0
121259,121259,121265,6,0
121259,121259,121265,6,0
121259,121259,121266,7,0
121259,121259,121266,7,0
121259,121259,121266,7,0
121259,121259,121266,7,0
121259,121259,121267,8,0
121259,121259,121269,10,0
121259,121259,121270,11,0
121136,121136,121273,137,0
121259,121259,121275,16,0
121259,121259,121275,16,0
121259,121259,121275,16,0
121259,121259,121280,21,0
121259,121259,121282,23,0
121259,121259,121285,26,0
121135,121135,121299,164,0
121137,121137,121305,168,0
121131,121133,121308,175,2
121128,121133,121318,185,5
121381,121381,121382,1,0
121381,121381,121382,1,0
121381,121381,121382,1,0
121381,121381,121382,1,0
121381,121381,121383,2,0
121381,121381,121384,3,0
121381,121381,121385,4,0
121381,121381,121385,4,0
121381,121381,121384,3,0
121381,121381,121384,3,0
121381,121381,121386,5,0
121381,121381,121386,5,0
121381,121381,121386,5,0
121381,121381,121385,4,0
121381,121381,121385,4,0
121381,121381,121385,4,0
121381,121381,121386,5,0
121381,121381,121385,4,0
121381,121381,121388,7,0
121381,121381,121389,8,0
121381,121381,121389,8,0
121387,121387,121388,1,0
121387,121387,121388,1,0
121387,121387,121388,1,0
121387,121387,121388,1,0
121381,121381,121389,8,0
121387,121387,121389,2,0
121381,121381,121390,9,0
121387,121387,121390,3,0
121387,121387,121390,3,0
121387,121389,121390,1,2
121387,121389,121390,1,2
121387,121389,121390,1,2
121387,121387,121391,4,0
121387,121389,121390,1,2
121387,121387,121391,4,0
121387,121387,121391,4,0
121387,121390,121391,1,3
121387,121387,121392,5,0
121387,121389,121392,3,2
121387,121387,121392,5,0
121387,121387,121392,5,0
121387,121391,121392,1,4
121387,121387,121392,5,0
121387,121387,121392,5,0
121387,121387,121392,5,0
121387,121387,121392,5,0
121387,121391,121392,1,4
121381,121381,121393,12,0
121387,121391,121393,2,4
121387,121391,121394,3,4
121387,121387,121395,8,0
121387,121393,121396,3,6
121387,121391,121396,5,4
121387,121393,121395,2,6
121387,121393,121395,2,6
121387,121391,121396,5,4
121381,121381,121396,15,0
121387,121389,121397,8,2
121387,121392,121397,5,5
121387,121392,121397,5,5
121387,121393,121396,3,6
121387,121393,121396,3,6
121387,121393,121397,4,6
121387,121395,121397,2,8
121387,121391,121396,5,4
121387,121392,121396,4,5
121381,121381,121397,16,0
121387,121394,121398,4,7
121387,121392,121397,5,5
121387,121396,121397,1,9
121387,121396,121397,1,9
121387,121397,121398,1,10
121387,121393,121398,5,6
121387,121396,121397,1,9
121387,121396,121397,1,9
121387,121396,121397,1,9
121387,121387,121399,12,0
121387,121396,121399,3,9
121387,121397,121398,1,10
121387,121393,121399,6,6
121387,121397,121398,1,10
121387,121387,121400,13,0
121387,121393,121400,7,6
121381,121381,121401,20,0
121387,121397,121400,3,10
121387,121398,121401,3,11
121387,121398,121401,3,11
121387,121399,121401,2,12
121387,121399,121401,2,12
121387,121398,121402,4,11
121387,121398,121402,4,11
121387,121399,121401,2,12
121387,121397,121402,5,10
121387,121397,121402,5,10
121387,121397,121401,4,10
121387,121397,121402,5,10
121387,121398,121401,3,11
121387,121398,121402,4,11
121387,121388,121402,14,1
121387,121399,121403,4,12
121387,121400,121403,3,13
121387,121401,121403,2,14
121390,121402,121403,1,12
121387,121398,121402,4,11
121387,121401,121402,1,14
121387,121401,121402,1,14
121387,121398,121402,4,11
121387,121401,121403,2,14
121381,121381,121403,22,0
121390,121402,121404,2,12
121390,121402,121403,1,12
121390,121402,121404,2,12
121381,121381,121404,23,0
121387,121398,121405,7,11
121387,121399,121405,6,12
121390,121402,121406,4,12
121390,121404,121406,2,14
121387,121394,121407,13,7
121387,121401,121406,5,14
121390,121403,121407,4,13
121390,121403,121407,4,13
121390,121404,121406,2,14
121390,121404,121407,3,14
121390,121402,121407,5,12
121390,121403,121407,4,13
121390,121402,121407,5,12
121390,121402,121407,5,12
121387,121391,121407,16,4
121390,121402,121407,5,12
121390,121403,121408,5,13
121390,121407,121408,1,17
121390,121407,121408,1,17
121390,121403,121408,5,13
121390,121406,121407,1,16
121390,121403,121407,4,13
121390,121406,121408,2,16
121381,121381,121408,27,0
121387,121397,121408,11,10
121390,121405,121408,3,15
121390,121407,121408,1,17
121390,121407,121409,2,17
121390,121407,121409,2,17
121390,121403,121409,6,13
121387,121397,121409,12,10
121387,121390,121409,19,3
121390,121406,121409,3,16
121390,121403,121410,7,13
121390,121403,121410,7,13
121390,121407,121411,4,17
121390,121410,121411,1,20
121390,121410,121411,1,20
121381,121381,121411,30,0
121390,121409,121412,3,19
121390,121410,121412,2,20
121390,121407,121412,5,17
121390,121407,121412,5,17
121390,121408,121412,4,18
121390,121408,121412,4,18
121390,121409,121412,3,19
121390,121412,121413,1,22
121390,121408,121412,4,18
121390,121409,121412,3,19
121390,121409,121413,4,19
121391,121413,121414,1,22
121390,121408,121413,5,18
121390,121412,121413,1,22
121390,121408,121413,5,18
121390,121412,121413,1,22
121390,121409,121414,5,19
121390,121411,121414,3,21
121390,121411,121414,3,21
121390,121408,121414,6,18
121391,121413,121414,1,22
121391,121413,121414,1,22
121387,121398,121414,16,11
121390,121407,121414,7,17
121391,121413,121416,3,22
121390,121405,121416,11,15
121387,121400,121416,16,13
121390,121407,121416,9,17
121390,121408,121417,9,18
121391,121415,121417,2,24
121391,121413,121417,4,22
121391,121414,121417,3,23
121391,121413,121417,4,22
121391,121414,121417,3,23
121391,121415,121417,2,24
121391,121413,121417,4,22
121391,121414,121418,4,23
121391,121414,121417,3,23
121390,121410,121418,8,20
121391,121414,121418,4,23
121391,121415,121418,3,24
121391,121413,121418,5,22
121391,121413,121418,5,22
121391,121417,121418,1,26
121391,121417,121419,2,26
121391,121414,121419,5,23
121391,121414,121419,5,23
121391,121414,121419,5,23
121391,121414,121420,6,23
121391,121418,121422,4,27
121387,121387,121423,36,0
121391,121417,121423,6,26
121391,121413,121426,13,22
121390,121410,121427,17,20
121391,121415,121427,12,24
121391,121415,121429,14,24
121391,121417,121429,12,26
121390,121410,121436,26,20
121390,121409,121437,28,19
121390,121403,121437,34,13
121387,121387,121439,52,0
121391,121417,121451,34,26
121390,121404,121458,54,14
121387,121401,121552,151,14
121391,121418,121557,139,27
121392,121418,121568,150,26
121381,121381,121645,264,0
121656,121657,121658,1,1
121656,121657,121658,1,1
121656,121657,121658,1,1
121656,121657,121658,1,1
121657,121659,121660,1,2
121656,121657,121660,3,1
121657,121659,121660,1,2
121656,121657,121660,3,1
121656,121657,121661,4,1
121656,121657,121661,4,1
121656,121657,121661,4,1
121656,121657,121661,4,1
121656,121657,121661,4,1
121656,121657,121661,4,1
121656,121657,121661,4,1
121656,121657,121661,4,1
121657,121657,121661,4,0
121656,121657,121662,5,1
121656,121657,121662,5,1
121657,121659,121662,3,2
121657,121659,121663,4,2
121656,121657,121665,8,1
121656,121657,121664,7,1
121657,121660,121665,5,3
121657,121662,121664,2,5
121656,121657,121665,8,1
121657,121662,121665,3,5
121657,121663,121664,1,6
121657,121663,121664,1,6
121657,121661,121664,3,4
121657,121662,121665,3,5
121657,121662,121665,3,5
121657,121663,121666,3,6
121657,121662,121666,4,5
121657,121662,121665,3,5
121657,121664,121666,2,7
121656,121657,121665,8,1
121657,121662,121666,4,5
121657,121662,121666,4,5
121656,121657,121666,9,1
121656,121657,121666,9,1
121657,121662,121667,5,5
121657,121665,121666,1,8
121657,121665,121666,1,8
121657,121665,121666,1,8
121657,121665,121666,1,8
121657,121665,121666,1,8
121657,121661,121666,5,4
121656,121657,121668,11,1
121656,121657,121669,12,1
121656,121657,121669,12,1
121657,121665,121670,5,8
121657,121665,121670,5,8
121656,121657,121671,14,1
121656,121657,121672,15,1
121656,121657,121673,16,1
121657,121657,121672,15,0
121656,121657,121674,17,1
121657,121660,121677,17,3
121656,121657,121681,24,1
121657,121665,121682,17,8
121656,121657,121683,26,1
121518,121518,121699,181,0
121526,121526,121710,184,0
121390,121412,121735,323,22
121657,121665,121818,153,8
121906,121906,121908,2,0
121906,121906,121907,1,0
121906,121906,121907,1,0
121906,121906,121908,2,0
121906,121906,121908,2,0
121906,121906,121910,4,0
121906,121906,121910,4,0
121906,121906,121910,4,0
121906,121906,121910,4,0
121906,121906,121910,4,0
121906,121906,121910,4,0
121906,121906,121909,3,0
121906,121906,121911,5,0
121906,121906,121911,5,0
121906,121906,121911,5,0
121906,121906,121912,6,0
121906,121906,121912,6,0
121906,121908,121912,4,2
121906,121909,121912,3,3
121906,121906,121913,7,0
121906,121906,121913,7,0
121906,121906,121913,7,0
121906,121908,121913,5,2
121906,121906,121913,7,0
121906,121908,121913,5,2
121906,121906,121914,8,0
121906,121908,121913,5,2
121906,121910,121913,3,4
121906,121910,121913,3,4
121906,121910,121914,4,4
121906,121911,121914,3,5
121906,121910,121914,4,4
121906,121911,121914,3,5
121906,121910,121914,4,4
121906,121912,121914,2,6
121906,121914,121915,1,8
121906,121912,121914,2,6
121906,121913,121914,1,7
121906,121913,121914,1,7
121906,121906,121915,9,0
121906,121914,121915,1,8
121906,121914,121915,1,8
121906,121906,121915,9,0
121906,121914,121915,1,8
121906,121914,121915,1,8
121906,121915,121916,1,9
121906,121915,121916,1,9
121906,121906,121917,11,0
121906,121915,121917,2,9
121906,121915,121917,2,9
121906,121915,121917,2,9
121906,121915,121917,2,9
121906,121915,121917,2,9
121906,121916,121917,1,10
121906,121906,121918,12,0
121906,121911,121918,7,5
121906,121916,121918,2,10
121906,121916,121918,2,10
121906,121917,121918,1,11
121906,121915,121918,3,9
121906,121916,121918,2,10
121906,121915,121918,3,9
121906,121917,121918,1,11
121906,121918,121919,1,12
121906,121906,121919,13,0
121906,121912,121919,7,6
121906,121912,121919,7,6
121906,121906,121919,13,0
121906,121915,121919,4,9
121906,121915,121919,4,9
121906,121918,121919,1,12
121906,121918,121919,1,12
121906,121915,121919,4,9
121906,121918,121919,1,12
121906,121918,121919,1,12
121912,121919,121920,1,7
121912,121919,121920,1,7
121906,121918,121919,1,12
121906,121913,121921,8,7
121912,121919,121920,1,7
121912,121919,121920,1,7
121912,121919,121922,3,7
121912,121920,121922,2,8
121912,121920,121922,2,8
121912,121920,121922,2,8
121912,121920,121923,3,8
121912,121920,121923,3,8
121912,121920,121923,3,8
121912,121921,121923,2,9
121912,121921,121923,2,9
121906,121919,121923,4,13
121912,121921,121923,2,9
121906,121906,121923,17,0
121912,121920,121923,3,8
121912,121920,121924,4,8
121912,121919,121924,5,7
121912,121922,121923,1,10
121912,121922,121924,2,10
121912,121922,121923,1,10
121912,121922,121923,1,10
121912,121923,121924,1,11
121912,121923,121924,1,11
121912,121923,121924,1,11
121906,121916,121924,8,10
121912,121920,121924,4,8
121912,121920,121925,5,8
121912,121919,121925,6,7
121912,121923,121924,1,11
121912,121923,121924,1,11
121912,121920,121925,5,8
121912,121924,121926,2,12
121912,121924,121925,1,12
121912,121924,121925,1,12
121912,121924,121925,1,12
121912,121925,121927,2,13
121912,121919,121926,7,7
121912,121925,121927,2,13
121912,121925,121927,2,13
121912,121924,121927,3,12
121912,121924,121928,4,12
121912,121925,121927,2,13
121912,121927,121928,1,15
121912,121924,121928,4,12
121912,121925,121927,2,13
121912,121924,121927,3,12
121912,121926,121927,1,14
121912,121927,121928,1,15
121912,121926,121928,2,14
121912,121926,121927,1,14
121912,121926,121927,1,14
121906,121914,121928,14,8
121912,121920,121928,8,8
121906,121906,121928,22,0
121912,121924,121928,4,12
121912,121924,121928,4,12
121912,121927,121928,1,15
121912,121927,121928,1,15
121912,121924,121930,6,12
121912,121924,121930,6,12
121906,121913,121931,18,7
121906,121916,121932,16,10
121912,121926,121933,7,14
121906,121906,121933,27,0
121906,121917,121936,19,11
121912,121920,121935,15,8
121906,121906,121936,30,0
121906,121906,121937,31,0
121906,121906,121937,31,0
121906,121906,121938,32,0
121912,121920,121939,19,8
121912,121924,121938,14,12
121912,121925,121940,15,13
121906,121906,121957,51,0
122035,122035,122036,1,0
122035,122035,122036,1,0
122035,122035,122036,1,0
122035,122035,122037,2,0
122035,122035,122038,3,0
122035,122035,122038,3,0
122035,122035,122038,3,0
122035,122035,122038,3,0
122035,122035,122039,4,0
122035,122035,122039,4,0
122035,122035,122039,4,0
122035,122035,122039,4,0
122035,122035,122039,4,0
122035,122035,122040,5,0
122035,122035,122040,5,0
122035,122035,122040,5,0
122035,122035,122039,4,0
122035,122035,122039,4,0
122035,122035,122041,6,0
122035,122035,122040,5,0
122035,122035,122043,8,0
122035,122035,122043,8,0
122035,122035,122043,8,0
122035,122035,122043,8,0
122035,122035,122046,11,0
122035,122035,122046,11,0
122035,122035,122049,14,0
122035,122035,122051,16,0
122035,122035,122051,16,0
122035,122035,122052,17,0
122035,122035,122070,35,0
121912,121927,122084,157,15
121907,121919,122198,279,12
122287,122288,122289,1,1
122287,122288,122289,1,1
122287,122288,122289,1,1
122287,122288,122289,1,1
122035,122036,122290,254,1
122287,122288,122290,2,1
122287,122288,122290,2,1
122287,122288,122290,2,1
122287,122288,122290,2,1
122287,122288,122290,2,1
122287,122288,122290,2,1
122287,122288,122290,2,1
122287,122288,122290,2,1
122287,122288,122291,3,1
122287,122288,122290,2,1
122287,122288,122291,3,1
122287,122288,122291,3,1
122287,122288,122291,3,1
122287,122288,122291,3,1
122287,122288,122291,3,1
122287,122288,122292,4,1
122287,122288,122292,4,1
122287,122288,122292,4,1
122287,122288,122294,6,1
122287,122288,122294,6,1
122295,122295,122296,1,0
122295,122295,122296,1,0
122295,122295,122296,1,0
122287,122288,122297,9,1
122295,122295,122297,2,0
122295,122295,122297,2,0
122295,122295,122296,1,0
122295,122296,122297,1,1
122295,122295,122298,3,0
122295,122295,122297,2,0
122295,122295,122298,3,0
122295,122295,122297,2,0
122295,122296,122297,1,1
122295,122295,122297,2,0
122295,122295,122298,3,0
122295,122296,122297,1,1
122295,122295,122297,2,0
122295,122295,122299,4,0
122295,122295,122298,3,0
122295,122295,122299,4,0
122295,122295,122298,3,0
122295,122295,122300,5,0
122295,122295,122300,5,0
122295,122295,122301,6,0
122295,122295,122302,7,0
122295,122295,122303,8,0
122295,122295,122304,9,0
122295,122295,122305,10,0
122295,122295,122307,12,0
122287,122288,122306,18,1
122295,122295,122307,12,0
122295,122295,122307,12,0
122287,122288,122309,21,1
122287,122288,122313,25,1
122295,122295,122313,18,0
122287,122288,122324,36,1
122287,122288,122324,36,1
122287,122288,122325,37,1
122422,122422,122424,2,0
122422,122422,122424,2,0
122422,122422,122424,2,0
122422,122422,122424,2,0
122422,122422,122424,2,0
122422,122422,122424,2,0
122422,122422,122424,2,0
122422,122422,122425,3,0
122422,122422,122425,3,0
122422,122422,122425,3,0
122422,122422,122425,3,0
122422,122422,122425,3,0
122422,122422,122425,3,0
122422,122422,122425,3,0
122422,122422,122425,3,0
122422,122422,122426,4,0
122422,122423,122426,3,1
122422,122423,122425,2,1
122422,122423,122426,3,1
122422,122422,122426,4,0
122422,122422,122427,5,0
122422,122422,122428,6,0
122422,122422,122430,8,0
122422,122422,122431,9,0
122422,122422,122430,8,0
122422,122422,122431,9,0
122422,122422,122432,10,0
122422,122422,122437,15,0
122422,122422,122438,16,0
122422,122422,122438,16,0
122422,122423,122439,16,1
122550,122550,122551,1,0
122550,122550,122551,1,0
122550,122550,122551,1,0
122550,122550,122551,1,0
122550,122550,122551,1,0
122550,122550,122551,1,0
122550,122550,122551,1,0
122550,122550,122551,1,0
122550,122550,122551,1,0
122550,122550,122551,1,0
122550,122550,122551,1,0
122550,122550,122551,1,0
122550,122550,122552,2,0
122550,122551,122552,1,1
122550,122550,122553,3,0
122550,122550,122552,2,0
122550,122550,122553,3,0
122550,122550,122552,2,0
122550,122550,122552,2,0
122550,122550,122554,4,0
122550,122550,122553,3,0
122550,122550,122553,3,0
122550,122550,122554,4,0
122550,122550,122557,7,0
122550,122550,122558,8,0
122550,122550,122558,8,0
122426,122426,122567,141,0
122550,122550,122568,18,0
122550,122550,122570,20,0
122550,122550,122571,21,0
122550,122550,122572,22,0
122550,122550,122574,24,0
122428,122428,122582,154,0
122295,122297,122582,285,2
122288,122288,122602,314,0
122427,122427,122609,182,0
122423,122423,122660,237,0
122672,122672,122673,1,0
122672,122672,122673,1,0
122672,122672,122673,1,0
122672,122672,122674,2,0
122672,122672,122673,1,0
122672,122672,122673,1,0
122672,122672,122673,1,0
122672,122672,122673,1,0
122672,122672,122674,2,0
122672,122672,122674,2,0
122672,122672,122673,1,0
122672,122672,122673,1,0
122672,122672,122674,2,0
122672,122672,122675,3,0
122672,122672,122674,2,0
122672,122672,122675,3,0
122672,122672,122676,4,0
122672,122672,122676,4,0
122672,122672,122676,4,0
122672,122672,122676,4,0
122672,122672,122677,5,0
122676,122676,122677,1,0
122676,122676,122677,1,0
122676,122676,122677,1,0
122676,122676,122677,1,0
122676,122676,122677,1,0
122672,122672,122677,5,0
122676,122677,122678,1,1
122676,122676,122678,2,0
122676,122677,122678,1,1
122676,122676,122678,2,0
122676,122677,122678,1,1
122676,122676,122679,3,0
122676,122678,122679,1,2
122676,122678,122679,1,2
122676,122676,122679,3,0
122676,122678,122679,1,2
122676,122679,122680,1,3
122676,122678,122679,1,2
122676,122679,122680,1,3
122676,122676,122680,4,0
122676,122678,122679,1,2
122676,122679,122680,1,3
122672,122672,122680,8,0
122676,122676,122680,4,0
122676,122677,122680,3,1
122676,122676,122681,5,0
122676,122676,122680,4,0
122676,122679,122680,1,3
122672,122672,122681,9,0
122672,122672,122682,10,0
122676,122679,122681,2,3
122676,122680,122681,1,4
122676,122680,122681,1,4
122676,122680,122681,1,4
122676,122680,122682,2,4
122676,122680,122681,1,4
122672,122672,122682,10,0
122676,122681,122683,2,5
122676,122676,122682,6,0
122676,122680,122682,2,4
122676,122680,122682,2,4
122676,122680,122682,2,4
122676,122681,122683,2,5
122676,122681,122682,1,5
122676,122682,122683,1,6
122680,122683,122684,1,3
122676,122682,122683,1,6
122676,122682,122683,1,6
122676,122682,122683,1,6
122676,122682,122683,1,6
122676,122682,122683,1,6
122676,122678,122684,6,2
122672,122672,122684,12,0
122676,122682,122684,2,6
122676,122680,122684,4,4
122676,122680,122684,4,4
122680,122683,122684,1,3
122680,122683,122684,1,3
122680,122683,122684,1,3
122676,122680,122685,5,4
122676,122681,122685,4,5
122672,122672,122685,13,0
122672,122672,122685,13,0
122676,122680,122685,5,4
122680,122684,122685,1,4
122676,122680,122685,5,4
122676,122680,122685,5,4
122676,122682,122685,3,6
122672,122672,122686,14,0
122680,122685,122686,1,5
122680,122685,122686,1,5
122680,122685,122687,2,5
122680,122685,122687,2,5
122680,122685,122687,2,5
122680,122684,122687,3,4
122680,122684,122686,2,4
122680,122683,122687,4,3
122676,122676,122687,11,0
122676,122676,122687,11,0
122676,122676,122687,11,0
122676,122676,122687,11,0
122676,122676,122687,11,0
122680,122686,122687,1,6
122680,122684,122688,4,4
122680,122684,122687,3,4
122680,122684,122687,3,4
122680,122683,122688,5,3
122680,122686,122687,1,6
122680,122684,122688,4,4
122680,122684,122688,4,4
122680,122685,122688,3,5
122680,122686,122689,3,6
122680,122686,122689,3,6
122680,122683,122689,6,3
122680,122686,122690,4,6
122680,122685,122691,6,5
122676,122676,122694,18,0
122680,122686,122695,9,6
122672,122672,122698,26,0
122676,122676,122699,23,0
122680,122686,122704,18,6
122680,122687,122705,18,7
122680,122685,122711,26,5
122802,122802,122803,1,0
122802,122802,122803,1,0
122802,122802,122803,1,0
122802,122802,122803,1,0
122802,122802,122803,1,0
122802,122802,122803,1,0
122802,122802,122803,1,0
122802,122802,122803,1,0
122802,122802,122803,1,0
122802,122802,122803,1,0
122802,122802,122803,1,0
122802,122802,122803,1,0
122802,122802,122803,1,0
122802,122802,122803,1,0
122802,122802,122804,2,0
122802,122802,122805,3,0
122802,122802,122805,3,0
122802,122802,122805,3,0
122802,122802,122805,3,0
122802,122802,122805,3,0
122802,122802,122805,3,0
122802,122802,122805,3,0
122809,122809,122810,1,0
122809,122809,122810,1,0
122809,122809,122810,1,0
122809,122809,122810,1,0
122809,122809,122810,1,0
122809,122809,122810,1,0
122809,122809,122810,1,0
122809,122809,122810,1,0
122809,122810,122811,1,1
122809,122809,122811,2,0
122809,122809,122811,2,0
122809,122811,122812,1,2
122809,122811,122812,1,2
122809,122811,122812,1,2
122809,122809,122811,2,0
122809,122810,122811,1,1
122809,122809,122812,3,0
122809,122809,122812,3,0
122809,122811,122812,1,2
122809,122809,122812,3,0
122809,122809,122812,3,0
122809,122811,122812,1,2
122809,122809,122812,3,0
122809,122809,122812,3,0
122809,122809,122813,4,0
122809,122809,122813,4,0
122809,122809,122813,4,0
122802,122802,122813,11,0
122802,122802,122813,11,0
122809,122809,122815,6,0
122809,122809,122814,5,0
122802,122802,122818,16,0
122809,122809,122821,12,0
122809,122809,122821,12,0
122802,122802,122823,21,0
122802,122802,122823,21,0
122802,122802,122824,22,0
122802,122802,122827,25,0
122802,122802,122826,24,0
122802,122802,122842,40,0
122676,122683,122847,164,7
122942,122943,122944,1,1
122942,122943,122945,2,1
122672,122672,122953,281,0
122809,122811,122976,165,2
122812,122812,122986,174,0
123071,123071,123072,1,0
123071,123071,123072,1,0
123071,123071,123073,2,0
123071,123071,123072,1,0
123071,123071,123072,1,0
123071,123071,123073,2,0
123071,123071,123073,2,0
123071,123071,123074,3,0
123071,123071,123073,2,0
123072,123073,123074,1,1
123072,123073,123074,1,1
123071,123071,123073,2,0
123072,123073,123074,1,1
123071,123071,123074,3,0
123071,123071,123074,3,0
123072,123073,123075,2,1
123071,123071,123076,5,0
123071,123071,123075,4,0
123071,123071,123075,4,0
123071,123071,123076,5,0
123072,123074,123075,1,2
123072,123074,123076,2,2
123071,123071,123077,6,0
123071,123071,123076,5,0
123071,123071,123077,6,0
123072,123073,123076,3,1
123072,123075,123077,2,3
123072,123076,123077,1,4
123072,123074,123078,4,2
123072,123076,123077,1,4
123072,123076,123077,1,4
123072,123074,123077,3,2
123072,123075,123077,2,3
123072,123076,123077,1,4
123072,123077,123078,1,5
123072,123074,123078,4,2
123072,123075,123078,3,3
123072,123074,123079,5,2
123072,123077,123078,1,5
123072,123078,123079,1,6
123072,123074,123079,5,2
123072,123074,123080,6,2
123072,123077,123079,2,5
123072,123078,123079,1,6
123072,123078,123079,1,6
123072,123078,123079,1,6
123072,123076,123081,5,4
123072,123076,123081,5,4
123072,123077,123081,4,5
123072,123077,123083,6,5
123071,123071,123083,12,0
123071,123071,123083,12,0
123071,123071,123084,13,0
123071,123071,123084,13,0
123071,123071,123084,13,0
123071,123071,123087,16,0
123071,123071,123090,19,0
123071,123071,123090,19,0
123071,123071,123091,20,0
123071,123071,123091,20,0
123071,123071,123091,20,0
123071,123071,123091,20,0
122945,122945,123114,169,0
122947,122947,123115,168,0
122948,122948,123119,171,0
122802,122802,123166,364,0
122943,122943,123190,247,0
123194,123194,123195,1,0
123194,123194,123195,1,0
123194,123194,123195,1,0
123194,123194,123196,2,0
123194,123194,123196,2,0
123194,123194,123196,2,0
123194,123194,123196,2,0
123194,123194,123196,2,0
123194,123194,123196,2,0
123194,123194,123196,2,0
123194,123194,123196,2,0
123194,123194,123196,2,0
123194,123194,123197,3,0
123194,123194,123198,4,0
123194,123194,123197,3,0
123194,123194,123198,4,0
123194,123194,123198,4,0
123194,123194,123197,3,0
123194,123194,123198,4,0
123194,123194,123199,5,0
123194,123194,123201,7,0
123194,123194,123202,8,0
123194,123194,123202,8,0
123194,123194,123203,9,0
123194,123194,123205,11,0
123194,123194,123207,13,0
123194,123194,123216,22,0
123194,123194,123216,22,0
123194,123194,123217,23,0
123194,123194,123218,24,0
123194,123194,123217,23,0
123323,123323,123325,2,0
123323,123323,123325,2,0
123323,123323,123325,2,0
123323,123323,123325,2,0
123323,123323,123325,2,0
123323,123323,123325,2,0
123323,123323,123325,2,0
123323,123323,123325,2,0
123323,123323,123325,2,0
123323,123323,123325,2,0
123323,123323,123325,2,0
123323,123323,123326,3,0
123323,123323,123326,3,0
123323,123323,123326,3,0
123323,123323,123326,3,0
123323,123323,123326,3,0
123323,123323,123327,4,0
123323,123326,123327,1,3
123323,123326,123327,1,3
123323,123323,123328,5,0
123323,123323,123328,5,0
123323,123326,123329,3,3
123323,123326,123328,2,3
123323,123323,123329,6,0
123323,123326,123328,2,3
123323,123328,123329,1,5
123323,123327,123328,1,4
123323,123327,123328,1,4
123323,123323,123328,5,0
123323,123326,123328,2,3
123323,123326,123329,3,3
123323,123329,123330,1,6
123323,123329,123330,1,6
123323,123326,123329,3,3
123323,123329,123330,1,6
123324,123329,123330,1,5
123323,123326,123329,3,3
123323,123328,123329,1,5
123324,123329,123330,1,5
123323,123323,123330,7,0
123323,123323,123330,7,0
123323,123328,123330,2,5
123323,123328,123330,2,5
123323,123329,123330,1,6
123323,123329,123330,1,6
123324,123329,123330,1,5
123323,123326,123331,5,3
123323,123329,123330,1,6
123323,123326,123330,4,3
123324,123329,123330,1,5
123323,123323,123331,8,0
123323,123323,123331,8,0
123323,123326,123331,5,3
123324,123331,123332,1,7
123324,123330,123332,2,6
123324,123331,123332,1,7
123324,123331,123332,1,7
123324,123330,123331,1,6
123324,123330,123331,1,6
123324,123330,123331,1,6
123324,123331,123332,1,7
123324,123331,123332,1,7
123324,123331,123332,1,7
123324,123332,123333,1,8
123324,123331,123332,1,7
123324,123332,123333,1,8
123324,123332,123333,1,8
123327,123332,123333,1,5
123323,123329,123333,4,6
123324,123331,123333,2,7
123324,123331,123333,2,7
123324,123332,123333,1,8
123324,123330,123333,3,6
123324,123332,123333,1,8
123324,123330,123334,4,6
123327,123332,123333,1,5
123327,123332,123333,1,5
123323,123323,123334,11,0
123324,123331,123334,3,7
123327,123333,123334,1,6
123324,123330,123335,5,6
123327,123334,123335,1,7
123327,123334,123335,1,7
123324,123330,123335,5,6
123327,123333,123336,3,6
123327,123334,123335,1,7
123327,123334,123335,1,7
123327,123333,123336,3,6
123327,123334,123335,1,7
123327,123334,123335,1,7
123323,123328,123336,8,5
123324,123331,123336,5,7
123324,123330,123336,6,6
123327,123334,123336,2,7
123327,123333,123336,3,6
123327,123333,123337,4,6
123327,123335,123336,1,8
123327,123336,123337,1,9
123327,123333,123336,3,6
123327,123335,123336,1,8
123327,123336,123337,1,9
123327,123333,123336,3,6
123327,123335,123336,1,8
123323,123323,123337,14,0
123327,123336,123337,1,9
123327,123336,123337,1,9
123327,123336,123337,1,9
123327,123336,123337,1,9
123327,123336,123337,1,9
123327,123335,123338,3,8
123327,123334,123338,4,7
123328,123337,123339,2,9
123328,123338,123339,1,10
123328,123337,123339,2,9
123327,123334,123339,5,7
123328,123337,123339,2,9
123328,123337,123339,2,9
123328,123337,123339,2,9
123328,123338,123340,2,10
123328,123338,123340,2,10
123328,123338,123339,1,10
123328,123338,123340,2,10
123328,123337,123340,3,9
123328,123337,123339,2,9
123328,123339,123340,1,11
123328,123337,123340,3,9
123324,123332,123340,8,8
123328,123337,123340,3,9
123328,123337,123341,4,9
123328,123337,123341,4,9
123328,123337,123340,3,9
123328,123340,123341,1,12
123328,123339,123340,1,11
123328,123340,123341,1,12
123328,123337,123341,4,9
123328,123339,123341,2,11
123328,123340,123341,1,12
123328,123340,123341,1,12
123323,123323,123342,19,0
123328,123339,123342,3,11
123328,123340,123343,3,12
123328,123340,123342,2,12
123328,123340,123342,2,12
123328,123340,123343,3,12
123323,123323,123345,22,0
123323,123323,123345,22,0
123323,123324,123351,27,1
123323,123323,123351,28,0
123323,123324,123351,27,1
123324,123332,123352,20,8
123323,123323,123354,31,0
123323,123323,123355,32,0
123327,123335,123355,20,8
123328,123338,123357,19,10
123194,123194,123441,247,0
123328,123340,123492,152,12
123324,123332,123502,170,8
123327,123336,123528,192,9
123577,123577,123578,1,0
123577,123577,123578,1,0
123577,123577,123578,1,0
123577,123577,123578,1,0
123577,123577,123578,1,0
123577,123577,123578,1,0
123577,123577,123578,1,0
123577,123577,123578,1,0
123577,123577,123578,1,0
123577,123577,123578,1,0
123577,123577,123578,1,0
123577,123577,123579,2,0
123577,123577,123579,2,0
123577,123577,123579,2,0
123577,123577,123580,3,0
123577,123577,123580,3,0
123577,123577,123581,4,0
123577,123579,123580,1,2
123577,123579,123580,1,2
123577,123577,123580,3,0
123577,123579,123580,1,2
123577,123579,123580,1,2
123577,123579,123580,1,2
123577,123577,123580,3,0
123577,123577,123581,4,0
123577,123577,123581,4,0
123577,123579,123581,2,2
123577,123579,123581,2,2
123577,123579,123581,2,2
123577,123581,123582,1,4
123577,123581,123582,1,4
123577,123581,123582,1,4
123577,123581,123582,1,4
123577,123577,123583,6,0
123577,123577,123582,5,0
123577,123579,123582,3,2
123577,123581,123582,1,4
123577,123577,123582,5,0
123577,123579,123583,4,2
123577,123581,123582,1,4
123577,123581,123582,1,4
123577,123581,123582,1,4
123577,123581,123584,3,4
123577,123582,123584,2,5
123577,123579,123583,4,2
123577,123582,123585,3,5
123577,123577,123589,12,0
123577,123577,123589,12,0
123577,123577,123589,12,0
123577,123577,123588,11,0
123577,123577,123589,12,0
123577,123577,123589,12,0
123577,123577,123591,14,0
123577,123579,123594,15,2
123577,123577,123596,19,0
123577,123580,123596,16,3
123577,123580,123597,17,3
123577,123581,123597,16,4
123577,123577,123600,23,0
123577,123577,123604,27,0
123577,123577,123608,31,0
123577,123577,123613,36,0
123706,123706,123707,1,0
123706,123706,123707,1,0
123706,123706,123707,1,0
123706,123706,123708,2,0
123706,123706,123707,1,0
123706,123706,123707,1,0
123706,123706,123708,2,0
123706,123706,123707,1,0
123706,123706,123707,1,0
123706,123706,123709,3,0
123706,123706,123709,3,0
123706,123706,123708,2,0
123706,123706,123710,4,0
123706,123706,123710,4,0
123706,123706,123709,3,0
123706,123706,123709,3,0
123706,123709,123710,1,3
123706,123709,123710,1,3
123706,123706,123710,4,0
123706,123706,123711,5,0
123706,123706,123711,5,0
123706,123707,123712,5,1
123706,123706,123713,7,0
123706,123707,123714,7,1
123706,123708,123716,8,2
123706,123706,123717,11,0
123706,123706,123717,11,0
123706,123706,123717,11,0
123706,123706,123719,13,0
123706,123706,123720,14,0
123706,123706,123720,14,0
123706,123706,123723,17,0
123706,123706,123723,17,0
123706,123706,123725,19,0
123706,123706,123732,26,0
123706,123706,123743,37,0
123832,123832,123833,1,0
123832,123832,123833,1,0
123832,123832,123833,1,0
123832,123832,123833,1,0
123832,123832,123835,3,0
123832,123832,123835,3,0
123832,123832,123835,3,0
123832,123832,123835,3,0
123832,123832,123836,4,0
123832,123832,123836,4,0
123832,123832,123837,5,0
123832,123832,123836,4,0
123832,123832,123837,5,0
123832,123832,123837,5,0
123832,123832,123836,4,0
123832,123832,123837,5,0
123832,123832,123836,4,0
123832,123832,123837,5,0
123832,123832,123839,7,0
123832,123832,123839,7,0
123832,123832,123839,7,0
123832,123832,123840,8,0
123832,123832,123841,9,0
123832,123832,123841,9,0
123832,123832,123843,11,0
123832,123832,123846,14,0
123832,123832,123849,17,0
123832,123832,123849,17,0
123832,123832,123853,21,0
123832,123832,123855,23,0
123832,123832,123874,42,0
123836,123836,123998,162,0
123706,123709,124002,293,3
123832,123832,124075,243,0
124086,124087,124088,1,1
124086,124087,124088,1,1
124086,124087,124088,1,1
124086,124087,124088,1,1
124086,124087,124088,1,1
124086,124087,124088,1,1
124086,124087,124088,1,1
124086,124087,124088,1,1
124086,124087,124088,1,1
124086,124087,124088,1,1
124086,124087,124088,1,1
124086,124087,124089,2,1
124086,124087,124089,2,1
124086,124087,124089,2,1
124087,124088,124089,1,1
124087,124088,124089,1,1
124086,124087,124089,2,1
124086,124087,124090,3,1
124086,124087,124090,3,1
124086,124087,124090,3,1
124087,124090,124092,2,3
124087,124090,124092,2,3
124087,124089,124093,4,2
124087,124090,124093,3,3
124087,124089,124093,4,2
124087,124089,124093,4,2
124087,124091,124095,4,4
124087,124091,124094,3,4
124087,124091,124094,3,4
124087,124089,124094,5,2
124087,124089,124094,5,2
124087,124089,124094,5,2
124087,124093,124094,1,6
124087,124088,124094,6,1
124087,124089,124094,5,2
124087,124093,124094,1,6
124087,124089,124095,6,2
124087,124090,124095,5,3
124087,124094,124095,1,7
124086,124087,124095,8,1
124087,124094,124095,1,7
124087,124094,124095,1,7
124087,124094,124095,1,7
124086,124087,124096,9,1
124086,124087,124096,9,1
124086,124087,124096,9,1
124087,124090,124097,7,3
124087,124095,124096,1,8
124087,124095,124096,1,8
124087,124089,124096,7,2
124086,124087,124097,10,1
124087,124095,124098,3,8
124087,124095,124097,2,8
124086,124087,124098,11,1
124086,124087,124098,11,1
124086,124087,124098,11,1
124086,124087,124098,11,1
124087,124095,124098,3,8
124087,124095,124099,4,8
124087,124097,124099,2,10
124087,124097,124099,2,10
124087,124095,124100,5,8
124087,124096,124100,4,9
124087,124097,124099,2,10
124087,124096,124100,4,9
124087,124097,124101,4,10
124087,124096,124100,4,9
124087,124096,124101,5,9
124087,124098,124101,3,11
124087,124098,124101,3,11
124087,124099,124101,2,12
124087,124095,124102,7,8
124087,124095,124101,6,8
124087,124095,124102,7,8
124086,124087,124102,15,1
124087,124096,124103,7,9
124087,124087,124105,18,0
124087,124096,124105,9,9
124087,124097,124108,11,10
124087,124097,124108,11,10
124087,124099,124110,11,12
124087,124099,124111,12,12
124087,124099,124111,12,12
124087,124090,124113,23,3
124087,124087,124114,27,0
124087,124089,124115,26,2
124086,124087,124116,29,1
124087,124097,124116,19,10
124087,124097,124120,23,10
124087,124096,124122,26,9
123960,123961,124129,168,1
124087,124099,124135,36,12
123964,123964,124137,173,0
124213,124213,124214,1,0
124213,124213,124214,1,0
124213,124213,124214,1,0
124213,124213,124215,2,0
124213,124213,124215,2,0
124213,124213,124217,4,0
124213,124213,124216,3,0
124213,124213,124216,3,0
124213,124213,124217,4,0
124215,124215,124217,2,0
124213,124213,124217,4,0
124215,124215,124217,2,0
124215,124215,124216,1,0
124213,124213,124217,4,0
124213,124213,124218,5,0
124213,124213,124218,5,0
124213,124213,124218,5,0
124213,124213,124218,5,0
124213,124213,124218,5,0
124213,124213,124218,5,0
124213,124213,124218,5,0
124213,124213,124220,7,0
124215,124219,124220,1,4
124213,124213,124220,7,0
124213,124213,124220,7,0
124215,124216,124221,5,1
124213,124213,124220,7,0
124215,124219,124221,2,4
124215,124219,124221,2,4
124215,124219,124221,2,4
124215,124220,124221,1,5
124215,124219,124221,2,4
124215,124217,124222,5,2
124215,124221,124222,1,6
124215,124218,124222,4,3
124215,124221,124222,1,6
124215,124221,124222,1,6
124215,124221,124223,2,6
124215,124222,124223,1,7
124215,124222,124223,1,7
124215,124217,124223,6,2
124215,124221,124224,3,6
124215,124218,124223,5,3
124215,124221,124224,3,6
124215,124216,124223,7,1
124215,124218,124223,5,3
124213,124213,124224,11,0
124215,124217,124225,8,2
124213,124213,124224,11,0
124215,124217,124225,8,2
124213,124213,124226,13,0
124215,124217,124227,10,2
124215,124217,124226,9,2
124213,124213,124226,13,0
124215,124217,124227,10,2
124213,124213,124231,18,0
124213,124213,124234,21,0
124213,124213,124233,20,0
124213,124213,124234,21,0
124213,124213,124252,39,0
124215,124215,124253,38,0
124215,124215,124256,41,0
124088,124099,124262,163,11
124343,124343,124344,1,0
124343,124343,124344,1,0
124343,124343,124344,1,0
124343,124343,124345,2,0
124343,124343,124346,3,0
124343,124343,124346,3,0
124343,124343,124346,3,0
124343,124343,124346,3,0
124343,124343,124347,4,0
124343,124343,124347,4,0
124343,124343,124347,4,0
124343,124343,124348,5,0
124343,124343,124348,5,0
124343,124343,124348,5,0
124343,124343,124348,5,0
124343,124343,124347,4,0
124343,124343,124348,5,0
124343,124343,124349,6,0
124343,124343,124348,5,0
124343,124343,124349,6,0
124343,124343,124348,5,0
124343,124343,124349,6,0
124343,124343,124349,6,0
124343,124343,124349,6,0
124343,124343,124350,7,0
124343,124343,124350,7,0
124343,124343,124350,7,0
124343,124343,124351,8,0
124343,124343,124351,8,0
124343,124343,124354,11,0
124343,124343,124359,16,0
124087,124087,124389,302,0
124474,124474,124476,2,0
124474,124474,124476,2,0
124474,124474,124476,2,0
124474,124474,124477,3,0
124474,124476,124478,2,2
124474,124475,124478,3,1
124474,124474,124478,4,0
124474,124474,124478,4,0
124474,124474,124478,4,0
124474,124475,124478,3,1
124474,124475,124478,3,1
124474,124475,124479,4,1
124474,124474,124479,5,0
124474,124474,124479,5,0
124474,124475,124479,4,1
124474,124474,124480,6,0
124474,124474,124480,6,0
124474,124474,124480,6,0
124474,124475,124480,5,1
124474,124474,124479,5,0
124474,124474,124480,6,0
124474,124474,124481,7,0
124474,124474,124481,7,0
124474,124474,124481,7,0
124474,124474,124482,8,0
124474,124474,124482,8,0
124474,124474,124482,8,0
124474,124474,124483,9,0
124474,124474,124484,10,0
124474,124474,124488,14,0
124474,124474,124488,14,0
124349,124349,124497,148,0
124351,124352,124501,149,1
124351,124351,124519,168,0
124347,124347,124567,220,0
124213,124213,124578,365,0
124597,124597,124598,1,0
124597,124597,124598,1,0
124597,124597,124599,2,0
124597,124597,124598,1,0
124597,124597,124600,3,0
124597,124597,124599,2,0
124597,124597,124600,3,0
124597,124597,124600,3,0
124597,124597,124600,3,0
124597,124597,124600,3,0
124597,124597,124601,4,0
124597,124597,124601,4,0
124597,124597,124601,4,0
124597,124597,124602,5,0
124600,124600,124602,2,0
124597,124597,124602,5,0
124600,124600,124601,1,0
124600,124600,124602,2,0
124597,124597,124602,5,0
124597,124597,124604,7,0
124597,124597,124604,7,0
124600,124600,124603,3,0
124597,124597,124604,7,0
124597,124597,124604,7,0
124597,124597,124604,7,0
124597,124597,124604,7,0
124597,124597,124604,7,0
124600,124602,124605,3,2
124597,124597,124604,7,0
124600,124602,124605,3,2
124597,124597,124605,8,0
124600,124602,124605,3,2
124600,124603,124606,3,3
124600,124604,124606,2,4
124600,124604,124606,2,4
124600,124602,124606,4,2
124600,124604,124606,2,4
124600,124604,124606,2,4
124600,124604,124606,2,4
124600,124604,124606,2,4
124600,124601,124606,5,1
124600,124604,124606,2,4
124600,124605,124606,1,5
124600,124605,124607,2,5
124600,124604,124607,3,4
124600,124605,124607,2,5
124600,124602,124608,6,2
124600,124602,124607,5,2
124597,124597,124608,11,0
124600,124606,124608,2,6
124600,124601,124608,7,1
124600,124601,124608,7,1
124600,124606,124609,3,6
124597,124597,124609,12,0
124597,124597,124610,13,0
124600,124601,124609,8,1
124600,124608,124610,2,8
124600,124609,124610,1,9
124600,124606,124610,4,6
124600,124606,124610,4,6
124600,124607,124611,4,7
124600,124606,124611,5,6
124600,124608,124611,3,8
124600,124601,124611,10,1
124600,124601,124611,10,1
124600,124608,124612,4,8
124597,124597,124611,14,0
124600,124606,124612,6,6
124600,124611,124612,1,11
124600,124606,124612,6,6
124600,124607,124612,5,7
124600,124611,124612,1,11
124600,124611,124612,1,11
124597,124597,124613,16,0
124600,124608,124612,4,8
124600,124609,124613,4,9
124600,124609,124612,3,9
124600,124606,124613,7,6
124600,124606,124613,7,6
124600,124606,124614,8,6
124600,124612,124613,1,12
124600,124612,124613,1,12
124600,124610,124613,3,10
124600,124606,124614,8,6
124600,124606,124614,8,6
124600,124606,124614,8,6
124600,124614,124615,1,14
124600,124614,124615,1,14
124600,124614,124615,1,14
124600,124614,124616,2,14
124600,124615,124616,1,15
124600,124613,124616,3,13
124600,124614,124616,2,14
124600,124615,124616,1,15
124600,124613,124616,3,13
124600,124615,124616,1,15
124600,124612,124617,5,12
124343,124347,124617,270,4
124600,124614,124617,3,14
124600,124600,124617,17,0
124600,124616,124617,1,16
124600,124616,124617,1,16
124600,124613,124618,5,13
124600,124613,124618,5,13
124600,124613,124618,5,13
124600,124613,124618,5,13
124600,124613,124618,5,13
124600,124613,124619,6,13
124600,124613,124620,7,13
124600,124613,124620,7,13
124600,124612,124621,9,12
124600,124600,124621,21,0
124600,124600,124621,21,0
124600,124600,124622,22,0
124600,124612,124623,11,12
124600,124609,124623,14,9
124600,124612,124624,12,12
124600,124610,124625,15,10
124597,124597,124625,28,0
124600,124613,124628,15,13
124600,124600,124633,33,0
124600,124612,124640,28,12
124600,124608,124657,49,8
124728,124728,124729,1,0
124728,124728,124729,1,0
124728,124728,124729,1,0
124728,124728,124731,3,0
124728,124728,124732,4,0
124728,124728,124731,3,0
124728,124728,124733,5,0
124728,124728,124733,5,0
124728,124728,124732,4,0
124728,124728,124733,5,0
124728,124728,124732,4,0
124728,124728,124732,4,0
124728,124728,124734,6,0
124728,124728,124733,5,0
124728,124728,124734,6,0
124728,124728,124733,5,0
124728,124728,124734,6,0
124728,124728,124734,6,0
124728,124728,124735,7,0
124728,124728,124736,8,0
124728,124728,124735,7,0
124728,124728,124735,7,0
124728,124728,124735,7,0
124728,124728,124736,8,0
124728,124728,124737,9,0
124736,124736,124737,1,0
124728,124728,124737,9,0
124728,124728,124737,9,0
124736,124736,124737,1,0
124736,124736,124737,1,0
124736,124736,124737,1,0
124736,124736,124738,2,0
124736,124736,124737,1,0
124736,124736,124737,1,0
124728,124728,124738,10,0
124728,124728,124738,10,0
124736,124737,124738,1,1
124736,124737,124738,1,1
124736,124738,124739,1,2
124736,124738,124740,2,2
124736,124736,124741,5,0
124736,124736,124741,5,0
124736,124736,124741,5,0
124736,124736,124741,5,0
124736,124736,124741,5,0
124736,124736,124742,6,0
124736,124736,124742,6,0
124736,124736,124742,6,0
124736,124736,124742,6,0
124736,124736,124743,7,0
124736,124736,124743,7,0
124736,124736,124743,7,0
124736,124736,124743,7,0
124736,124736,124743,7,0
124736,124736,124743,7,0
124736,124737,124743,6,1
124736,124736,124746,10,0
124736,124736,124746,10,0
124728,124728,124747,19,0
124736,124736,124752,16,0
124728,124728,124754,26,0
124736,124738,124754,16,2
124601,124616,124774,158,15
124863,124863,124864,1,0
124863,124863,124864,1,0
124863,124863,124864,1,0
124863,124864,124865,1,1
124863,124863,124865,2,0
124863,124863,124865,2,0
124863,124863,124866,3,0
124863,124865,124866,1,2
124863,124863,124867,4,0
124863,124863,124867,4,0
124863,124863,124867,4,0
124863,124863,124866,3,0
124863,124866,124867,1,3
124863,124866,124867,1,3
124863,124863,124867,4,0
124863,124866,124867,1,3
124863,124863,124868,5,0
124863,124866,124867,1,3
124863,124863,124868,5,0
124863,124863,124868,5,0
124863,124867,124868,1,4
124863,124863,124868,5,0
124863,124863,124868,5,0
124863,124863,124868,5,0
124863,124863,124869,6,0
124863,124863,124869,6,0
124863,124863,124869,6,0
124863,124863,124869,6,0
124863,124863,124870,7,0
124863,124863,124870,7,0
124863,124863,124871,8,0
124863,124863,124871,8,0
124863,124863,124871,8,0
124863,124863,124871,8,0
124863,124863,124874,11,0
124863,124863,124874,11,0
124863,124863,124878,15,0
124863,124863,124895,32,0
124597,124597,124961,364,0
124728,124728,124967,239,0
124989,124989,124991,2,0
124989,124989,124990,1,0
124989,124989,124991,2,0
124989,124989,124992,3,0
124989,124989,124992,3,0
124989,124989,124993,4,0
124989,124989,124993,4,0
124989,124989,124993,4,0
124989,124989,124993,4,0
124989,124989,124994,5,0
124989,124989,124995,6,0
124989,124989,124995,6,0
124989,124989,124995,6,0
124989,124989,124996,7,0
124989,124989,124995,6,0
124989,124989,124996,7,0
124994,124994,124996,2,0
124994,124994,124996,2,0
124994,124994,124996,2,0
124994,124994,124997,3,0
124989,124989,124997,8,0
124989,124989,124997,8,0
124989,124989,124997,8,0
124989,124989,124997,8,0
124989,124989,124998,9,0
124989,124989,124998,9,0
124994,124997,124998,1,3
124989,124989,124999,10,0
124989,124989,124999,10,0
124994,124996,124999,3,2
124994,124997,124999,2,3
124994,124997,124999,2,3
124994,124998,124999,1,4
124994,124996,124999,3,2
124994,124998,124999,1,4
124994,124998,124999,1,4
124994,124998,124999,1,4
124994,124994,125000,6,0
124994,124995,125000,5,1
124994,124997,125000,3,3
124994,124999,125000,1,5
124994,124994,125000,6,0
124994,124999,125000,1,5
124989,124989,125001,12,0
124994,124995,125001,6,1
124989,124989,125002,13,0
124994,124995,125002,7,1
124994,125000,125002,2,6
124994,124994,125002,8,0
124994,124994,125004,10,0
124994,124996,125005,9,2
124994,124994,125006,12,0
124989,124989,125007,18,0
124989,124989,125008,19,0
124989,124989,125009,20,0
124994,124994,125010,16,0
124994,124994,125011,17,0
124994,124998,125011,13,4
124989,124989,125011,22,0
124994,124994,125013,19,0
124994,124994,125016,22,0
124863,124867,125024,157,4
124989,124989,125033,44,0
125121,125121,125122,1,0
125121,125121,125122,1,0
125121,125121,125123,2,0
125121,125121,125124,3,0
125121,125121,125125,4,0
125121,125121,125125,4,0
125121,125121,125125,4,0
125121,125121,125125,4,0
125121,125121,125124,3,0
125121,125121,125125,4,0
125121,125121,125125,4,0
125121,125121,125126,5,0
125121,125121,125126,5,0
125121,125121,125126,5,0
125121,125121,125126,5,0
125121,125121,125125,4,0
125121,125121,125126,5,0
125121,125121,125126,5,0
125121,125121,125127,6,0
125121,125121,125127,6,0
125121,125121,125129,8,0
125121,125121,125129,8,0
125121,125121,125129,8,0
125121,125121,125130,9,0
125121,125121,125131,10,0
125121,125121,125131,10,0
125121,125121,125132,11,0
125121,125121,125134,13,0
125121,125121,125134,13,0
125121,125121,125137,16,0
125121,125121,125149,28,0
124996,125000,125155,155,4
124995,125000,125164,164,5
125250,125250,125252,2,0
125250,125250,125251,1,0
125250,125250,125251,1,0
125250,125250,125251,1,0
125250,125250,125251,1,0
125250,125250,125251,1,0
125250,125250,125251,1,0
125250,125250,125251,1,0
125250,125250,125251,1,0
125250,125250,125251,1,0
125250,125250,125251,1,0
125250,125250,125252,2,0
125250,125250,125251,1,0
125250,125250,125251,1,0
125250,125250,125252,2,0
125250,125250,125253,3,0
125250,125250,125253,3,0
125250,125250,125253,3,0
125250,125250,125253,3,0
125250,125250,125252,2,0
125250,125250,125253,3,0
125250,125250,125253,3,0
125250,125250,125253,3,0
125250,125250,125253,3,0
125250,125250,125253,3,0
125250,125250,125253,3,0
125250,125250,125253,3,0
125250,125250,125260,10,0
125250,125250,125260,10,0
125250,125250,125260,10,0
125250,125250,125262,12,0
124995,125000,125283,283,5
125127,125127,125285,158,0
124989,124990,125296,306,1
125375,125375,125376,1,0
125375,125375,125376,1,0
125375,125375,125376,1,0
125375,125375,125377,2,0
125375,125375,125377,2,0
125375,125375,125379,4,0
125375,125375,125378,3,0
125375,125377,125379,2,2
125375,125375,125379,4,0
125375,125375,125379,4,0
125375,125375,125379,4,0
125375,125375,125379,4,0
125375,125375,125379,4,0
125375,125375,125380,5,0
125375,125375,125379,4,0
125375,125375,125380,5,0
125375,125375,125381,6,0
125375,125375,125381,6,0
125375,125375,125381,6,0
125375,125375,125381,6,0
125375,125375,125380,5,0
125375,125377,125381,4,2
125375,125375,125381,6,0
125375,125375,125381,6,0
125375,125375,125381,6,0
125375,125375,125381,6,0
125375,125375,125382,7,0
125375,125377,125382,5,2
125375,125381,125383,2,6
125375,125381,125383,2,6
125375,125381,125383,2,6
125375,125381,125383,2,6
125375,125381,125383,2,6
125375,125379,125383,4,4
125375,125375,125383,8,0
125375,125380,125384,4,5
125375,125383,125384,1,8
125375,125379,125384,5,4
125375,125381,125383,2,6
125375,125383,125384,1,8
125375,125383,125384,1,8
125375,125378,125384,6,3
125375,125381,125383,2,6
125375,125382,125384,2,7
125375,125379,125384,5,4
125375,125383,125384,1,8
125375,125381,125385,4,6
125375,125375,125385,10,0
125375,125383,125385,2,8
125375,125375,125386,11,0
125375,125375,125386,11,0
125375,125380,125386,6,5
125375,125382,125385,3,7
125375,125378,125386,8,3
125375,125379,125387,8,4
125375,125380,125387,7,5
125375,125380,125387,7,5
125375,125379,125387,8,4
125375,125383,125387,4,8
125375,125385,125387,2,10
125375,125384,125388,4,9
125375,125384,125388,4,9
125375,125384,125388,4,9
125375,125382,125389,7,7
125375,125386,125389,3,11
125375,125388,125389,1,13
125375,125384,125389,5,9
125375,125383,125389,6,8
125375,125388,125389,1,13
125375,125384,125389,5,9
125375,125386,125390,4,11
125375,125379,125390,11,4
125375,125386,125389,3,11
125375,125387,125390,3,12
125375,125385,125390,5,10
125375,125386,125389,3,11
125375,125384,125390,6,9
125375,125384,125390,6,9
125375,125384,125390,6,9
125375,125384,125390,6,9
125378,125389,125390,1,11
125378,125389,125390,1,11
125375,125384,125390,6,9
125378,125389,125390,1,11
125375,125387,125391,4,12
125375,125379,125391,12,4
125375,125384,125391,7,9
125375,125384,125391,7,9
125375,125385,125392,7,10
125378,125391,125393,2,13
125378,125391,125393,2,13
125378,125391,125393,2,13
125378,125392,125393,1,14
125378,125391,125393,2,13
125378,125391,125393,2,13
125378,125391,125393,2,13
125378,125391,125393,2,13
125378,125392,125393,1,14
125378,125391,125394,3,13
125378,125391,125394,3,13
125378,125393,125394,1,15
125378,125393,125394,1,15
125375,125375,125395,20,0
125378,125389,125395,6,11
125378,125390,125395,5,12
125379,125394,125395,1,15
125379,125394,125395,1,15
125379,125394,125395,1,15
125378,125390,125395,5,12
125379,125394,125395,1,15
125378,125389,125395,6,11
125375,125387,125396,9,12
125378,125390,125396,6,12
125378,125390,125396,6,12
125378,125390,125397,7,12
125378,125392,125396,4,14
125379,125394,125398,4,15
125378,125390,125397,7,12
125378,125390,125398,8,12
125379,125396,125398,2,17
125379,125397,125399,2,18
125375,125375,125399,24,0
125378,125390,125399,9,12
125378,125390,125399,9,12
125378,125390,125399,9,12
125379,125397,125399,2,18
125379,125396,125399,3,17
125379,125396,125400,4,17
125379,125396,125399,3,17
125379,125394,125399,5,15
125379,125397,125399,2,18
125379,125398,125399,1,19
125379,125398,125400,2,19
125379,125395,125400,5,16
125379,125396,125400,4,17
125379,125396,125400,4,17
125379,125399,125400,1,20
125379,125395,125400,5,16
125379,125398,125400,2,19
125379,125399,125400,1,20
125375,125375,125401,26,0
125375,125375,125401,26,0
125379,125398,125401,3,19
125378,125392,125401,9,14
125379,125399,125401,2,20
125379,125395,125402,7,16
125379,125400,125402,2,21
125379,125394,125402,8,15
125378,125390,125402,12,12
125379,125395,125405,10,16
125375,125386,125413,27,11
125379,125395,125415,20,16
125375,125375,125418,43,0
125379,125399,125424,25,20
125379,125396,125426,30,17
125121,125121,125460,339,0
125250,125250,125478,228,0
125501,125501,125502,1,0
125501,125501,125502,1,0
125501,125501,125502,1,0
125501,125501,125502,1,0
125501,125501,125502,1,0
125501,125501,125502,1,0
125501,125501,125502,1,0
125501,125501,125503,2,0
125501,125501,125502,1,0
125501,125501,125502,1,0
125501,125501,125503,2,0
125501,125501,125503,2,0
125501,125501,125502,1,0
125501,125501,125502,1,0
125501,125501,125502,1,0
125501,125501,125503,2,0
125501,125501,125504,3,0
125501,125501,125504,3,0
125501,125501,125504,3,0
125501,125501,125504,3,0
125501,125501,125511,10,0
125501,125501,125511,10,0
125501,125501,125512,11,0
125501,125501,125516,15,0
125501,125501,125517,16,0
125501,125501,125516,15,0
125501,125501,125517,16,0
125501,125501,125517,16,0
125501,125501,125518,17,0
125501,125501,125523,22,0
125501,125501,125523,22,0
125378,125394,125540,146,16
125375,125388,125549,161,13
125631,125631,125632,1,0
125631,125631,125633,2,0
125631,125631,125633,2,0
125631,125631,125632,1,0
125631,125631,125634,3,0
125631,125631,125634,3,0
125631,125631,125633,2,0
125631,125631,125635,4,0
125631,125631,125635,4,0
125631,125631,125635,4,0
125631,125631,125634,3,0
125631,125631,125635,4,0
125631,125631,125636,5,0
125631,125631,125636,5,0
125631,125631,125636,5,0
125631,125631,125636,5,0
125631,125631,125637,6,0
125631,125631,125637,6,0
125631,125631,125637,6,0
125631,125631,125637,6,0
125631,125631,125637,6,0
125631,125631,125637,6,0
125631,125631,125637,6,0
125631,125631,125638,7,0
125631,125631,125638,7,0
125631,125631,125637,6,0
125637,125637,125639,2,0
125637,125637,125639,2,0
125637,125637,125639,2,0
125631,125631,125638,7,0
125637,125637,125639,2,0
125637,125638,125640,2,1
125637,125639,125641,2,2
125631,125631,125642,11,0
125637,125637,125642,5,0
125637,125637,125642,5,0
125637,125637,125643,6,0
125637,125637,125643,6,0
125637,125637,125642,5,0
125637,125637,125643,6,0
125637,125637,125643,6,0
125637,125637,125643,6,0
125637,125637,125643,6,0
125637,125637,125643,6,0
125637,125637,125643,6,0
125637,125637,125643,6,0
125637,125637,125644,7,0
125637,125637,125644,7,0
125637,125637,125645,8,0
125637,125638,125645,7,1
125637,125637,125646,9,0
125637,125637,125647,10,0
125631,125631,125648,17,0
125637,125637,125648,11,0
125637,125637,125648,11,0
125637,125637,125649,12,0
125637,125638,125650,12,1
125637,125637,125650,13,0
125637,125637,125651,14,0
125637,125637,125657,20,0
125631,125631,125663,32,0
125631,125631,125671,40,0
125764,125764,125765,1,0
125764,125764,125765,1,0
125764,125764,125765,1,0
125764,125764,125765,1,0
125764,125764,125765,1,0
125764,125764,125766,2,0
125764,125764,125765,1,0
125764,125764,125765,1,0
125764,125764,125765,1,0
125764,125764,125765,1,0
125764,125764,125765,1,0
125764,125764,125765,1,0
125764,125764,125766,2,0
125764,125764,125766,2,0
125764,125764,125766,2,0
125764,125764,125768,4,0
125764,125764,125767,3,0
125764,125764,125767,3,0
125764,125764,125770,6,0
125764,125764,125771,7,0
125764,125764,125771,7,0
125764,125764,125772,8,0
125764,125764,125773,9,0
125764,125764,125774,10,0
125764,125764,125784,20,0
125764,125764,125785,21,0
125764,125764,125785,21,0
125764,125764,125786,22,0
125764,125764,125787,23,0
125764,125764,125788,24,0
125764,125764,125788,24,0
125637,125639,125789,150,2
125641,125641,125823,182,0
125891,125891,125892,1,0
125891,125891,125892,1,0
125891,125891,125892,1,0
125891,125891,125893,2,0
125891,125891,125895,4,0
125891,125891,125895,4,0
125891,125891,125895,4,0
125891,125891,125895,4,0
125891,125891,125895,4,0
125891,125891,125895,4,0
125891,125891,125896,5,0
125891,125891,125896,5,0
125891,125891,125896,5,0
125891,125891,125896,5,0
125891,125891,125895,4,0
125891,125891,125896,5,0
125891,125891,125896,5,0
125891,125891,125896,5,0
125891,125891,125896,5,0
125891,125891,125897,6,0
125891,125891,125896,5,0
125631,125635,125897,262,4
125891,125891,125897,6,0
125891,125891,125897,6,0
125891,125891,125897,6,0
125891,125891,125898,7,0
125898,125898,125900,2,0
125898,125898,125900,2,0
125898,125898,125900,2,0
125898,125898,125899,1,0
125898,125898,125900,2,0
125891,125891,125901,10,0
125898,125898,125901,3,0
125898,125900,125901,1,2
125898,125900,125902,2,2
125898,125900,125901,1,2
125898,125900,125901,1,2
125891,125891,125902,11,0
125898,125898,125903,5,0
125898,125898,125903,5,0
125898,125898,125902,4,0
125898,125898,125904,6,0
125898,125898,125904,6,0
125898,125898,125904,6,0
125898,125898,125904,6,0
125898,125898,125903,5,0
125898,125898,125904,6,0
125898,125898,125903,5,0
125898,125898,125904,6,0
125891,125891,125904,13,0
125898,125898,125905,7,0
125898,125898,125908,10,0
125898,125898,125907,9,0
125898,125898,125909,11,0
125898,125898,125911,13,0
125891,125891,125911,20,0
125891,125891,125912,21,0
125898,125898,125913,15,0
125898,125898,125916,18,0
125898,125898,125916,18,0
125898,125898,125921,23,0
125898,125898,125922,24,0
125891,125891,125936,45,0
125898,125900,126037,137,2
125896,125896,126072,176,0
125764,125764,126091,327,0
126150,126150,126151,1,0
126150,126150,126151,1,0
126150,126150,126151,1,0
126150,126150,126151,1,0
126150,126151,126152,1,1
126150,126150,126152,2,0
126150,126150,126152,2,0
126150,126150,126152,2,0
126150,126151,126152,1,1
126150,126150,126153,3,0
126150,126150,126153,3,0
126150,126150,126153,3,0
126150,126150,126153,3,0
126150,126150,126153,3,0
126150,126150,126153,3,0
126150,126150,126154,4,0
126150,126150,126155,5,0
126150,126150,126154,4,0
126150,126150,126155,5,0
126150,126150,126154,4,0
126150,126150,126154,4,0
126150,126150,126155,5,0
126150,126150,126156,6,0
126150,126152,126155,3,2
126150,126150,126155,5,0
126150,126152,126157,5,2
126150,126155,126157,2,5
126150,126155,126157,2,5
126150,126155,126157,2,5
126150,126156,126157,1,6
126150,126156,126158,2,6
126150,126154,126157,3,4
126150,126155,126157,2,5
126150,126156,126157,1,6
126150,126154,126157,3,4
126150,126152,126157,5,2
126151,126158,126159,1,7
126150,126150,126159,9,0
126150,126154,126159,5,4
126150,126157,126158,1,7
126150,126157,126159,2,7
126150,126154,126158,4,4
126150,126157,126158,1,7
126150,126157,126158,1,7
126150,126153,126158,5,3
126150,126150,126159,9,0
126150,126150,126159,9,0
126150,126150,126159,9,0
126150,126154,126160,6,4
126150,126155,126159,4,5
126150,126155,126160,5,5
126151,126158,126159,1,7
126151,126158,126159,1,7
126151,126158,126159,1,7
126150,126153,126160,7,3
126150,126150,126161,11,0
126150,126150,126161,11,0
126150,126150,126161,11,0
126151,126158,126162,4,7
126151,126160,126162,2,9
126151,126160,126162,2,9
126150,126150,126162,12,0
126151,126160,126162,2,9
126151,126158,126163,5,7
126151,126159,126162,3,8
126151,126158,126163,5,7
126151,126159,126163,4,8
126151,126159,126163,4,8
126150,126153,126163,10,3
126151,126160,126164,4,9
126151,126160,126164,4,9
126151,126161,126164,3,10
126151,126159,126164,5,8
126151,126159,126164,5,8
126151,126159,126163,4,8
126151,126159,126164,5,8
126151,126159,126164,5,8
126151,126162,126163,1,11
126151,126162,126163,1,11
126150,126150,126164,14,0
126151,126161,126164,3,10
126150,126153,126164,11,3
126151,126160,126165,5,9
126150,126155,126166,11,5
126150,126150,126168,18,0
126150,126154,126169,15,4
126151,126160,126170,10,9
126151,126159,126172,13,8
126151,126160,126177,17,9
126151,126162,126178,16,11
126151,126160,126180,20,9
126023,126023,126181,158,0
125891,125891,126183,292,0
126150,126150,126193,43,0
126151,126162,126198,36,11
126273,126273,126274,1,0
126273,126273,126274,1,0
126273,126273,126274,1,0
126273,126273,126274,1,0
126273,126273,126274,1,0
126273,126273,126274,1,0
126273,126273,126274,1,0
126273,126273,126274,1,0
126273,126273,126274,1,0
126273,126273,126274,1,0
126273,126273,126274,1,0
126273,126273,126274,1,0
126273,126273,126274,1,0
126273,126273,126274,1,0
126273,126273,126274,1,0
126273,126273,126274,1,0
126273,126273,126275,2,0
126273,126273,126277,4,0
126273,126273,126276,3,0
126273,126273,126277,4,0
126273,126273,126276,3,0
126273,126273,126278,5,0
126273,126273,126283,10,0
126273,126273,126282,9,0
126273,126273,126284,11,0
126273,126273,126285,12,0
126273,126273,126285,12,0
126273,126273,126290,17,0
126273,126273,126295,22,0
126273,126273,126298,25,0
126273,126273,126304,31,0
126409,126409,126410,1,0
126409,126409,126410,1,0
126409,126409,126410,1,0
126409,126409,126410,1,0
126409,126409,126412,3,0
126409,126409,126411,2,0
126409,126409,126411,2,0
126409,126409,126412,3,0
126409,126409,126412,3,0
126409,126409,126412,3,0
126409,126409,126412,3,0
126409,126409,126412,3,0
126409,126409,126412,3,0
126409,126409,126412,3,0
126409,126409,126413,4,0
126409,126409,126413,4,0
126409,126409,126413,4,0
126409,126409,126413,4,0
126409,126409,126413,4,0
126409,126409,126413,4,0
126409,126409,126413,4,0
126409,126409,126413,4,0
126409,126409,126413,4,0
126409,126409,126413,4,0
126409,126409,126413,4,0
126409,126409,126420,11,0
126150,126150,126435,285,0
126409,126409,126437,28,0
126409,126409,126437,28,0
126409,126409,126440,31,0
126409,126409,126442,33,0
126409,126409,126442,33,0
126536,126536,126537,1,0
126536,126536,126537,1,0
126536,126536,126537,1,0
126536,126536,126537,1,0
126536,126536,126537,1,0
126536,126536,126537,1,0
126536,126536,126537,1,0
126536,126536,126537,1,0
126536,126536,126537,1,0
126536,126536,126537,1,0
126536,126536,126537,1,0
126536,126536,126539,3,0
126536,126536,126539,3,0
126536,126536,126538,2,0
126536,126536,126539,3,0
126536,126536,126539,3,0
126536,126536,126539,3,0
126536,126536,126539,3,0
126536,126536,126539,3,0
126536,126536,126543,7,0
126536,126536,126543,7,0
126536,126536,126543,7,0
126536,126536,126544,8,0
126536,126536,126545,9,0
126536,126536,126546,10,0
126536,126536,126546,10,0
126536,126536,126547,11,0
126536,126536,126547,11,0
126536,126536,126549,13,0
126536,126536,126549,13,0
126536,126536,126549,13,0
126413,126413,126577,164,0
126273,126273,126581,308,0
126402,126402,126596,194,0
126412,126413,126601,188,1
126671,126671,126673,2,0
126671,126671,126672,1,0
126671,126671,126672,1,0
126671,126673,126674,1,2
126671,126673,126674,1,2
126671,126671,126675,4,0
126671,126671,126675,4,0
126671,126673,126674,1,2
126409,126409,126675,266,0
126671,126674,126675,1,3
126671,126674,126675,1,3
126671,126671,126675,4,0
126671,126671,126676,5,0
126671,126671,126676,5,0
126671,126671,126676,5,0
126671,126671,126675,4,0
126671,126671,126676,5,0
126671,126671,126676,5,0
126671,126671,126678,7,0
126671,126676,126679,3,5
126671,126675,126680,5,4
126671,126671,126679,8,0
126671,126671,126679,8,0
126671,126675,126679,4,4
126671,126675,126680,5,4
126671,126676,126680,4,5
126671,126676,126679,3,5
126671,126675,126680,5,4
126671,126671,126681,10,0
126671,126671,126681,10,0
126671,126676,126681,5,5
126671,126676,126680,4,5
126671,126680,126682,2,9
126671,126671,126682,11,0
126671,126676,126682,6,5
126671,126679,126682,3,8
126671,126680,126682,2,9
126671,126680,126682,2,9
126671,126680,126682,2,9
126671,126671,126682,11,0
126671,126680,126682,2,9
126671,126681,126683,2,10
126671,126675,126682,7,4
126671,126681,126683,2,10
126671,126680,126684,4,9
126671,126671,126683,12,0
126671,126676,126683,7,5
126671,126682,126683,1,11
126671,126671,126685,14,0
126671,126675,126684,9,4
126671,126671,126686,15,0
126671,126671,126688,17,0
126671,126681,126688,7,10
126671,126671,126688,17,0
126671,126680,126689,9,9
126671,126680,126689,9,9
126671,126671,126690,19,0
126671,126671,126691,20,0
126671,126671,126692,21,0
126671,126678,126694,16,7
126671,126681,126698,17,10
126671,126671,126700,29,0
126541,126541,126700,159,0
126542,126542,126701,159,0
126536,126537,126702,165,1
126671,126671,126703,32,0
126544,126544,126716,172,0
126543,126543,126718,175,0
126545,126545,126731,186,0
126793,126793,126794,1,0
126793,126793,126794,1,0
126793,126793,126795,2,0
126793,126793,126794,1,0
126793,126793,126794,1,0
126793,126793,126795,2,0
126793,126793,126796,3,0
126793,126793,126796,3,0
126793,126793,126796,3,0
126793,126793,126796,3,0
126793,126793,126796,3,0
126793,126793,126796,3,0
126793,126793,126796,3,0
126793,126793,126796,3,0
126793,126793,126796,3,0
126793,126793,126796,3,0
126793,126793,126798,5,0
126793,126795,126798,3,2
126793,126793,126797,4,0
126793,126794,126798,4,1
126793,126793,126798,5,0
126793,126796,126798,2,3
126793,126793,126798,5,0
126793,126793,126798,5,0
126793,126797,126799,2,4
126793,126796,126799,3,3
126793,126795,126799,4,2
126793,126795,126799,4,2
126793,126796,126799,3,3
126793,126796,126799,3,3
126793,126797,126799,2,4
126793,126795,126799,4,2
126793,126796,126799,3,3
126793,126795,126800,5,2
126793,126799,126800,1,6
126793,126799,126800,1,6
126793,126799,126800,1,6
126793,126799,126800,1,6
126793,126799,126800,1,6
126793,126793,126801,8,0
126793,126793,126801,8,0
126793,126800,126801,1,7
126793,126793,126802,9,0
126793,126793,126802,9,0
126793,126801,126802,1,8
126793,126801,126802,1,8
126797,126802,126803,1,5
126797,126802,126803,1,5
126793,126793,126803,10,0
126793,126793,126803,10,0
126793,126793,126803,10,0
126793,126793,126803,10,0
126793,126793,126803,10,0
126797,126802,126803,1,5
126797,126802,126803,1,5
126793,126793,126804,11,0
126797,126803,126805,2,6
126797,126803,126805,2,6
126797,126804,126805,1,7
126797,126803,126805,2,6
126797,126803,126805,2,6
126797,126804,126805,1,7
126797,126803,126807,4,6
126797,126806,126807,1,9
126797,126802,126806,4,5
126797,126802,126806,4,5
126797,126806,126807,1,9
126797,126802,126806,4,5
126797,126806,126807,1,9
126797,126802,126806,4,5
126797,126805,126806,1,8
126797,126803,126808,5,6
126797,126803,126807,4,6
126797,126806,126807,1,9
126797,126806,126807,1,9
126797,126802,126809,7,5
126793,126793,126809,16,0
126797,126807,126810,3,10
126797,126802,126809,7,5
126797,126807,126810,3,10
126797,126804,126810,6,7
126797,126807,126811,4,10
126797,126807,126811,4,10
126797,126808,126811,3,11
126797,126808,126811,3,11
126797,126807,126811,4,10
126797,126807,126810,3,10
126797,126807,126810,3,10
126797,126808,126811,3,11
126797,126807,126811,4,10
126797,126807,126812,5,10
126797,126810,126812,2,13
126797,126808,126811,3,11
126797,126810,126812,2,13
126797,126809,126811,2,12
126797,126810,126812,2,13
126797,126804,126812,8,7
126797,126811,126812,1,14
126797,126812,126813,1,15
126797,126811,126813,2,14
126797,126811,126812,1,14
126797,126811,126812,1,14
126797,126812,126813,1,15
126797,126811,126812,1,14
126797,126811,126812,1,14
126797,126811,126812,1,14
126797,126811,126812,1,14
126797,126804,126813,9,7
126797,126812,126813,1,15
126797,126812,126813,1,15
126793,126793,126814,21,0
126793,126800,126814,14,7
126797,126803,126815,12,6
126797,126813,126815,2,16
126797,126812,126815,3,15
126797,126813,126815,2,16
126797,126812,126815,3,15
126797,126813,126815,2,16
126797,126803,126815,12,6
126797,126803,126815,12,6
126793,126793,126815,22,0
126797,126813,126816,3,16
126797,126813,126815,2,16
126797,126813,126815,2,16
126797,126813,126815,2,16
126797,126814,126816,2,17
126797,126812,126816,4,15
126797,126813,126816,3,16
126793,126797,126816,19,4
126797,126814,126816,2,17
126797,126815,126816,1,18
126797,126815,126816,1,18
126797,126815,126816,1,18
126797,126815,126816,1,18
126797,126815,126817,2,18
126797,126803,126817,14,6
126797,126815,126817,2,18
126797,126813,126817,4,16
126797,126813,126817,4,16
126797,126805,126818,13,8
126797,126804,126818,14,7
126797,126815,126818,3,18
126797,126816,126818,2,19
126793,126793,126819,26,0
126797,126803,126820,17,6
126793,126796,126820,24,3
126797,126814,126821,7,17
126793,126793,126822,29,0
126797,126816,126823,7,19
126797,126813,126826,13,16
126793,126799,126828,29,6
126793,126796,126829,33,3
126797,126815,126829,14,18
126797,126810,126830,20,13
126797,126811,126843,32,14
126929,126929,126930,1,0
126929,126929,126930,1,0
126929,126929,126930,1,0
126929,126929,126931,2,0
126929,126929,126932,3,0
126929,126929,126933,4,0
126929,126929,126933,4,0
126929,126929,126933,4,0
126929,126929,126933,4,0
126929,126929,126932,3,0
126929,126929,126932,3,0
126929,126929,126932,3,0
126929,126929,126933,4,0
126929,126929,126934,5,0
126929,126929,126934,5,0
126929,126929,126934,5,0
126929,126929,126935,6,0
126929,126929,126935,6,0
126929,126929,126936,7,0
126929,126929,126937,8,0
126929,126929,126937,8,0
126929,126929,126937,8,0
126929,126929,126940,11,0
126929,126929,126939,10,0
126929,126929,126950,21,0
126929,126929,126952,23,0
126929,126929,126956,27,0
126929,126929,126956,27,0
126929,126929,126959,30,0
126929,126929,126959,30,0
126929,126929,126961,32,0
126794,126802,126966,164,8
127057,127058,127059,1,1
127057,127058,127059,1,1
127057,127058,127059,1,1
127057,127058,127059,1,1
127057,127058,127059,1,1
127057,127058,127060,2,1
127057,127058,127060,2,1
127057,127058,127060,2,1
127057,127058,127060,2,1
127057,127058,127060,2,1
127057,127058,127060,2,1
127057,127058,127060,2,1
127057,127058,127062,4,1
127057,127058,127061,3,1
127057,127058,127062,4,1
127057,127058,127063,5,1
127057,127058,127063,5,1
127057,127058,127065,7,1
127057,127058,127067,9,1
127057,127058,127068,10,1
127057,127058,127072,14,1
127057,127058,127076,18,1
127057,127058,127079,21,1
127057,127058,127081,23,1
127057,127058,127082,24,1
126797,126816,127082,266,19
127057,127058,127083,25,1
127057,127058,127084,26,1
127057,127058,127086,28,1
127057,127058,127086,28,1
127057,127058,127086,28,1
127057,127058,127086,28,1
127184,127184,127185,1,0
127184,127184,127185,1,0
127184,127184,127185,1,0
127184,127184,127185,1,0
127184,127184,127186,2,0
127184,127184,127186,2,0
127184,127184,127185,1,0
127184,127184,127187,3,0
127184,127184,127187,3,0
127184,127184,127187,3,0
127184,127184,127187,3,0
127184,127184,127188,4,0
127184,127184,127188,4,0
127184,127184,127188,4,0
127184,127184,127188,4,0
127184,127184,127187,3,0
127184,127184,127188,4,0
127184,127184,127187,3,0
127187,127187,127188,1,0
127184,127184,127187,3,0
127187,127187,127188,1,0
127187,127187,127189,2,0
127184,127184,127189,5,0
127187,127187,127189,2,0
127184,127184,127190,6,0
127187,127188,127190,2,1
127187,127188,127190,2,1
127187,127188,127190,2,1
127187,127188,127190,2,1
127187,127188,127190,2,1
127184,127184,127191,7,0
127184,127184,127190,6,0
127187,127189,127191,2,2
127187,127187,127191,4,0
127187,127188,127191,3,1
127187,127188,127191,3,1
127187,127187,127191,4,0
127187,127189,127191,2,2
127187,127189,127191,2,2
127187,127190,127191,1,3
127187,127187,127192,5,0
127187,127187,127191,4,0
127187,127190,127191,1,3
127187,127190,127192,2,3
127187,127187,127192,5,0
127187,127190,127191,1,3
127184,127184,127193,9,0
127184,127184,127193,9,0
127187,127190,127193,3,3
127184,127184,127193,9,0
127187,127187,127194,7,0
127187,127187,127194,7,0
127187,127187,127194,7,0
127184,127184,127196,12,0
127184,127184,127196,12,0
127184,127184,127199,15,0
127184,127184,127202,18,0
127187,127188,127208,20,1
127052,127052,127219,167,0
127187,127188,127222,34,1
127187,127188,127223,35,1
127187,127188,127223,35,1
127184,127184,127226,42,0
127310,127310,127311,1,0
127310,127310,127311,1,0
127310,127310,127311,1,0
127310,127310,127311,1,0
127310,127310,127311,1,0
127310,127310,127311,1,0
127310,127310,127311,1,0
127310,127310,127311,1,0
127310,127310,127311,1,0
127310,127310,127311,1,0
127310,127310,127311,1,0
127310,127310,127311,1,0
127310,127310,127311,1,0
127310,127310,127311,1,0
127310,127310,127311,1,0
127310,127310,127311,1,0
127310,127310,127312,2,0
127310,127310,127312,2,0
127310,127310,127312,2,0
127310,127310,127313,3,0
127310,127310,127313,3,0
127310,127310,127313,3,0
127310,127310,127314,4,0
127310,127310,127314,4,0
127315,127315,127316,1,0
127315,127315,127316,1,0
127315,127315,127316,1,0
127315,127315,127316,1,0
127315,127315,127316,1,0
127315,127315,127317,2,0
127315,127315,127316,1,0
127315,127315,127316,1,0
127315,127316,127317,1,1
127315,127315,127318,3,0
127315,127316,127317,1,1
127315,127317,127318,1,2
127315,127315,127317,2,0
127315,127317,127318,1,2
127315,127315,127318,3,0
127310,127310,127318,8,0
127310,127310,127319,9,0
127315,127315,127318,3,0
127315,127315,127319,4,0
127315,127315,127318,3,0
127058,127058,127319,261,0
127315,127315,127319,4,0
127315,127315,127319,4,0
127315,127317,127318,1,2
127310,127310,127319,9,0
127315,127315,127320,5,0
127315,127315,127319,4,0
127315,127315,127319,4,0
127315,127315,127319,4,0
127315,127315,127322,7,0
127315,127315,127322,7,0
127310,127310,127323,13,0
127310,127310,127323,13,0
127310,127310,127325,15,0
127310,127310,127326,16,0
127315,127315,127333,18,0
127315,127315,127334,19,0
127315,127315,127335,20,0
127315,127315,127334,19,0
127447,127447,127448,1,0
127447,127448,127449,1,1
127447,127447,127449,2,0
127447,127447,127449,2,0
127447,127447,127449,2,0
127447,127448,127449,1,1
127447,127448,127449,1,1
127447,127449,127450,1,2
127447,127447,127450,3,0
127447,127448,127450,2,1
127447,127448,127450,2,1
127447,127448,127450,2,1
127447,127448,127450,2,1
127447,127448,127450,2,1
127447,127447,127450,3,0
127447,127448,127451,3,1
127447,127449,127451,2,2
127447,127448,127451,3,1
127447,127449,127452,3,2
127447,127447,127457,10,0
127447,127447,127458,11,0
127447,127447,127457,10,0
127447,127447,127459,12,0
127447,127447,127458,11,0
127184,127184,127461,277,0
127447,127447,127463,16,0
127462,127462,127464,2,0
127462,127462,127465,3,0
127462,127462,127464,2,0
127462,127462,127465,3,0
127462,127464,127466,2,2
127447,127447,127466,19,0
127320,127320,127467,147,0
127462,127465,127468,3,3
127462,127462,127467,5,0
127462,127462,127468,6,0
127462,127466,127468,2,4
127462,127462,127469,7,0
127462,127466,127470,4,4
127462,127468,127469,1,6
127462,127467,127469,2,5
127462,127468,127471,3,6
127462,127468,127471,3,6
127462,127468,127471,3,6
127462,127469,127471,2,7
127462,127470,127472,2,8
127462,127470,127472,2,8
127462,127462,127474,12,0
127319,127319,127475,156,0
127462,127470,127475,5,8
127462,127463,127480,17,1
127462,127467,127480,13,5
127462,127465,127481,16,3
127447,127447,127482,35,0
127447,127447,127481,34,0
127447,127447,127482,35,0
127462,127462,127482,20,0
127462,127462,127481,19,0
127447,127447,127482,35,0
127447,127447,127483,36,0
127462,127462,127483,21,0
127462,127462,127486,24,0
127462,127462,127489,27,0
127323,127323,127493,170,0
127318,127319,127495,176,1
127462,127462,127497,35,0
127462,127462,127502,40,0
127321,127321,127503,182,0
127315,127317,127505,188,2
127322,127322,127509,187,0
127584,127585,127586,1,1
127584,127585,127586,1,1
127584,127585,127586,1,1
127584,127585,127587,2,1
127584,127585,127587,2,1
127584,127585,127587,2,1
127584,127585,127587,2,1
127584,127585,127588,3,1
127584,127587,127588,1,3
127584,127585,127588,3,1
127584,127585,127588,3,1
127584,127587,127588,1,3
127584,127585,127588,3,1
127584,127585,127588,3,1
127584,127585,127588,3,1
127585,127587,127588,1,2
127584,127585,127589,4,1
127585,127588,127590,2,3
127585,127589,127590,1,4
127585,127589,127590,1,4
127585,127589,127591,2,4
127585,127589,127591,2,4
127310,127310,127591,281,0
127585,127588,127591,3,3
127585,127588,127591,3,3
127585,127589,127591,2,4
127585,127589,127593,4,4
127585,127589,127592,3,4
127585,127588,127592,4,3
127585,127591,127592,1,6
127585,127591,127592,1,6
127585,127592,127593,1,7
127584,127585,127593,8,1
127584,127585,127593,8,1
127584,127585,127594,9,1
127584,127585,127593,8,1
127585,127591,127593,2,6
127585,127592,127593,1,7
127585,127592,127593,1,7
127585,127593,127594,1,8
127585,127589,127593,4,4
127585,127593,127594,1,8
127585,127589,127594,5,4
127584,127585,127595,10,1
127585,127593,127594,1,8
127585,127593,127594,1,8
127585,127593,127594,1,8
127585,127593,127594,1,8
127584,127585,127597,12,1
127585,127590,127598,8,5
127585,127594,127600,6,9
127584,127585,127600,15,1
127584,127585,127601,16,1
127584,127585,127601,16,1
127585,127592,127602,10,7
127585,127592,127602,10,7
127584,127585,127619,34,1
127584,127585,127619,34,1
127584,127585,127619,34,1
127584,127585,127619,34,1
127584,127585,127620,35,1
127584,127585,127624,39,1
127448,127449,127623,174,1
127585,127592,127623,31,7
127452,127452,127631,179,0
127459,127459,127631,172,0
127461,127462,127640,178,1
127460,127460,127650,190,0
127458,127458,127670,212,0
127829,127829,127830,1,0
127829,127829,127830,1,0
127829,127829,127830,1,0
127829,127829,127830,1,0
127829,127829,127830,1,0
127829,127829,127831,2,0
127829,127829,127830,1,0
127829,127829,127830,1,0
127829,127829,127830,1,0
127829,127829,127830,1,0
127829,127829,127832,3,0
127829,127829,127832,3,0
127829,127829,127833,4,0
127829,127829,127832,3,0
127829,127829,127833,4,0
127829,127829,127834,5,0
127829,127829,127835,6,0
127829,127829,127837,8,0
127829,127829,127838,9,0
127829,127829,127837,8,0
127829,127829,127838,9,0
127829,127829,127839,10,0
127829,127829,127839,10,0
127829,127829,127839,10,0
127829,127829,127840,11,0
127829,127829,127840,11,0
127829,127829,127851,22,0
127829,127829,127854,25,0
127829,127829,127855,26,0
127829,127829,127855,26,0
127829,127829,127856,27,0
128080,128080,128081,1,0
128080,128080,128081,1,0
128080,128080,128082,2,0
128080,128080,128082,2,0
128080,128080,128081,1,0
128080,128080,128082,2,0
128080,128080,128082,2,0
128080,128080,128081,1,0
128080,128080,128082,2,0
128080,128080,128082,2,0
128080,128080,128082,2,0
128080,128080,128083,3,0
128080,128080,128083,3,0
128080,128080,128082,2,0
128080,128080,128084,4,0
128080,128082,128084,2,2
128080,128080,128084,4,0
128080,128082,128084,2,2
128080,128080,128084,4,0
128080,128082,128084,2,2
128080,128080,128084,4,0
128080,128081,128085,4,1
128080,128083,128085,2,3
128080,128080,128085,5,0
128080,128082,128085,3,2
128080,128082,128085,3,2
128080,128083,128086,3,3
128080,128082,128086,4,2
128080,128082,128086,4,2
128080,128084,128085,1,4
128080,128084,128086,2,4
128080,128082,128086,4,2
128080,128084,128085,1,4
128080,128084,128086,2,4
128080,128085,128086,1,5
128080,128082,128086,4,2
128080,128084,128085,1,4
128080,128082,128086,4,2
128080,128084,128086,2,4
128080,128085,128086,1,5
128080,128085,128086,1,5
128080,128083,128086,3,3
128080,128084,128087,3,4
128080,128086,128087,1,6
128080,128086,128087,1,6
128080,128085,128087,2,5
128080,128085,128087,2,5
128080,128086,128088,2,6
128080,128086,128088,2,6
128080,128087,128088,1,7
128080,128087,128088,1,7
128080,128087,128088,1,7
128080,128087,128088,1,7
128080,128086,128089,3,6
128080,128089,128090,1,9
128080,128088,128089,1,8
128080,128088,128089,1,8
128080,128089,128090,1,9
128080,128087,128089,2,7
128080,128089,128090,1,9
128080,128087,128089,2,7
128080,128088,128089,1,8
128080,128089,128090,1,9
128080,128080,128090,10,0
128080,128087,128090,3,7
128080,128080,128090,10,0
128080,128080,128090,10,0
128080,128080,128090,10,0
128080,128080,128090,10,0
128080,128087,128090,3,7
128080,128087,128090,3,7
128080,128089,128090,1,9
128080,128090,128091,1,10
128080,128089,128090,1,9
128080,128090,128091,1,10
128080,128089,128090,1,9
128080,128090,128091,1,10
128080,128080,128091,11,0
128080,128080,128091,11,0
128080,128087,128091,4,7
128080,128087,128091,4,7
128080,128090,128091,1,10
128080,128090,128091,1,10
128080,128090,128091,1,10
128080,128087,128091,4,7
128080,128090,128091,1,10
128080,128090,128091,1,10
128080,128091,128092,1,11
128080,128080,128092,12,0
128080,128080,128092,12,0
128080,128080,128091,11,0
128080,128089,128092,3,9
128080,128091,128092,1,11
128080,128091,128092,1,11
128080,128092,128093,1,12
128080,128092,128093,1,12
128080,128091,128092,1,11
128080,128091,128092,1,11
128080,128092,128093,1,12
128080,128092,128093,1,12
128080,128091,128092,1,11
128080,128091,128092,1,11
128080,128092,128093,1,12
128080,128091,128092,1,11
128080,128092,128093,1,12
128080,128092,128093,1,12
128080,128080,128093,13,0
128080,128092,128093,1,12
128086,128093,128094,1,7
128080,128092,128094,2,12
128086,128093,128094,1,7
128086,128093,128095,2,7
128080,128090,128095,5,10
128086,128093,128094,1,7
128086,128093,128095,2,7
128086,128093,128094,1,7
128086,128093,128095,2,7
128086,128093,128095,2,7
128086,128093,128095,2,7
128086,128093,128095,2,7
128086,128094,128095,1,8
128086,128094,128095,1,8
128086,128095,128096,1,9
128086,128095,128096,1,9
128080,128090,128096,6,10
128086,128095,128096,1,9
128086,128096,128097,1,10
128086,128093,128097,4,7
128086,128093,128097,4,7
128086,128095,128097,2,9
128086,128095,128097,2,9
128086,128095,128096,1,9
128086,128095,128096,1,9
128086,128095,128096,1,9
128086,128096,128097,1,10
128086,128096,128097,1,10
128086,128095,128097,2,9
128086,128093,128097,4,7
128086,128093,128097,4,7
128086,128093,128097,4,7
128086,128096,128097,1,10
128086,128096,128098,2,10
128086,128096,128098,2,10
128086,128098,128099,1,12
128086,128097,128099,2,11
128086,128097,128098,1,11
128086,128097,128098,1,11
128086,128097,128099,2,11
128086,128098,128099,1,12
128086,128098,128099,1,12
128086,128099,128100,1,13
128086,128097,128099,2,11
128086,128098,128099,1,12
128086,128099,128100,1,13
128086,128097,128100,3,11
128086,128097,128100,3,11
128086,128097,128099,2,11
128086,128098,128099,1,12
128086,128099,128100,1,13
128086,128098,128100,2,12
128086,128097,128101,4,11
128086,128097,128100,3,11
128098,128100,128101,1,2
128086,128099,128100,1,13
128086,128099,128100,1,13
128086,128099,128100,1,13
128080,128080,128101,21,0
128086,128099,128101,2,13
128080,128091,128101,10,11
128086,128097,128102,5,11
128086,128100,128101,1,14
128086,128100,128101,1,14
128098,128100,128101,1,2
128098,128100,128101,1,2
128098,128100,128101,1,2
128080,128091,128102,11,11
128098,128101,128103,2,3
128098,128101,128103,2,3
128086,128094,128103,9,8
128086,128097,128103,6,11
128098,128102,128103,1,4
128098,128102,128103,1,4
128098,128102,128103,1,4
128098,128102,128104,2,4
128098,128100,128104,4,2
128098,128101,128104,3,3
128098,128102,128103,1,4
128098,128102,128103,1,4
128098,128100,128104,4,2
128086,128092,128104,12,6
128098,128102,128105,3,4
128098,128101,128105,4,3
128098,128101,128105,4,3
128098,128101,128105,4,3
128098,128100,128104,4,2
128098,128103,128105,2,5
128098,128103,128105,2,5
128098,128104,128105,1,6
128098,128104,128105,1,6
128098,128104,128105,1,6
128098,128101,128106,5,3
128098,128104,128106,2,6
128080,128080,128107,27,0
128080,128091,128109,18,11
128111,128111,128112,1,0
128111,128111,128112,1,0
128098,128102,128112,10,4
128111,128111,128112,1,0
128111,128111,128112,1,0
128111,128111,128112,1,0
128111,128111,128112,1,0
128111,128111,128112,1,0
128111,128111,128112,1,0
128111,128112,128113,1,1
128111,128111,128112,1,0
128098,128104,128113,9,6
128111,128111,128113,2,0
128111,128111,128113,2,0
128111,128113,128114,1,2
128111,128113,128114,1,2
128111,128113,128114,1,2
128111,128111,128113,2,0
128111,128112,128113,1,1
128111,128113,128114,1,2
128111,128113,128114,1,2
128111,128113,128114,1,2
128111,128113,128114,1,2
128111,128111,128114,3,0
128111,128111,128114,3,0
128111,128113,128114,1,2
128111,128111,128115,4,0
128111,128111,128114,3,0
128111,128111,128114,3,0
128111,128113,128114,1,2
128080,128090,128115,25,10
128080,128091,128116,25,11
128080,128091,128116,25,11
128098,128102,128117,15,4
128111,128111,128117,6,0
128111,128111,128118,7,0
127829,127829,128120,291,0
128098,128103,128124,21,5
128080,128080,128125,45,0
128080,128080,128126,46,0
128080,128080,128127,47,0
128080,128091,128127,36,11
128111,128111,128130,19,0
128086,128092,128138,46,6
128233,128233,128234,1,0
128233,128233,128234,1,0
128233,128233,128234,1,0
128233,128233,128234,1,0
128233,128233,128234,1,0
128233,128233,128234,1,0
128233,128233,128234,1,0
128233,128233,128234,1,0
128233,128233,128234,1,0
128233,128233,128234,1,0
128233,128233,128234,1,0
128233,128233,128235,2,0
128233,128233,128234,1,0
128233,128233,128234,1,0
128233,128233,128235,2,0
128233,128233,128235,2,0
128233,128233,128236,3,0
128233,128233,128236,3,0
128233,128233,128236,3,0
128233,128233,128239,6,0
128233,128233,128241,8,0
128233,128233,128242,9,0
128233,128233,128242,9,0
128233,128233,128244,11,0
128233,128233,128246,13,0
128098,128104,128254,150,6
128233,128233,128255,22,0
128233,128233,128255,22,0
128233,128233,128262,29,0
128233,128233,128263,30,0
128233,128233,128263,30,0
128233,128233,128263,30,0
128087,128100,128273,173,13
128362,128363,128364,1,1
128362,128363,128364,1,1
128362,128363,128364,1,1
128362,128363,128364,1,1
128362,128363,128365,2,1
128362,128363,128365,2,1
128362,128363,128365,2,1
128362,128363,128366,3,1
128362,128363,128366,3,1
128362,128363,128366,3,1
128362,128363,128366,3,1
128362,128363,128367,4,1
128362,128363,128367,4,1
128362,128363,128367,4,1
128362,128363,128368,5,1
128362,128363,128368,5,1
128362,128363,128368,5,1
128362,128363,128368,5,1
128362,128363,128368,5,1
128362,128363,128368,5,1
128362,128363,128368,5,1
128362,128363,128368,5,1
128362,128363,128369,6,1
128362,128363,128370,7,1
128362,128363,128370,7,1
128362,128363,128370,7,1
128362,128363,128370,7,1
128362,128363,128372,9,1
128362,128363,128374,11,1
128362,128363,128374,11,1
128362,128363,128383,20,1
128081,128092,128439,347,11
128484,128484,128485,1,0
128484,128484,128485,1,0
128484,128484,128485,1,0
128484,128484,128486,2,0
128484,128484,128486,2,0
128484,128484,128489,5,0
128484,128484,128488,4,0
128484,128484,128488,4,0
128484,128484,128489,5,0
128484,128484,128490,6,0
128484,128484,128489,5,0
128484,128484,128490,6,0
128484,128484,128489,5,0
128484,128484,128490,6,0
128489,128489,128490,1,0
128489,128489,128491,2,0
128484,128484,128490,6,0
128489,128489,128490,1,0
128489,128489,128490,1,0
128484,128484,128491,7,0
128484,128484,128491,7,0
128484,128484,128491,7,0
128484,128484,128493,9,0
128489,128489,128493,4,0
128489,128492,128494,2,3
128489,128491,128493,2,2
128489,128491,128494,3,2
128489,128491,128494,3,2
128489,128492,128494,2,3
128489,128489,128494,5,0
128489,128491,128493,2,2
128489,128491,128493,2,2
128489,128492,128493,1,3
128484,128484,128494,10,0
128484,128484,128495,11,0
128489,128493,128494,1,4
128489,128489,128494,5,0
128489,128490,128495,5,1
128489,128490,128495,5,1
128484,128484,128496,12,0
128484,128484,128496,12,0
128489,128490,128495,5,1
128489,128494,128495,1,5
128489,128494,128495,1,5
128489,128494,128495,1,5
128489,128490,128495,5,1
128489,128494,128495,1,5
128484,128484,128496,12,0
128489,128489,128496,7,0
128489,128489,128496,7,0
128484,128484,128497,13,0
128484,128484,128499,15,0
128489,128493,128499,6,4
128489,128490,128500,10,1
128489,128489,128501,12,0
128484,128484,128502,18,0
128489,128489,128503,14,0
128484,128484,128503,19,0
128484,128484,128504,20,0
128484,128484,128504,20,0
128489,128489,128509,20,0
128233,128233,128528,295,0
128484,128484,128537,53,0
128619,128620,128621,1,1
128619,128620,128621,1,1
128619,128620,128621,1,1
128619,128620,128622,2,1
128619,128620,128624,4,1
128619,128620,128624,4,1
128619,128620,128625,5,1
128619,128620,128625,5,1
128619,128620,128625,5,1
128619,128620,128626,6,1
128619,128620,128626,6,1
128619,128620,128627,7,1
128619,128620,128627,7,1
128619,128620,128627,7,1
128619,128620,128627,7,1
128619,128620,128629,9,1
128619,128620,128628,8,1
128619,128620,128629,9,1
128619,128620,128630,10,1
128619,128620,128630,10,1
128619,128620,128631,11,1
128619,128620,128631,11,1
128619,128620,128632,12,1
128619,128620,128632,12,1
128619,128620,128634,14,1
128619,128620,128634,14,1
128619,128620,128635,15,1
128619,128620,128635,15,1
128619,128620,128638,18,1
128619,128620,128639,19,1
128489,128494,128644,150,5
128619,128620,128648,28,1
128492,128494,128664,170,2
128484,128484,128725,241,0
128751,128751,128752,1,0
128751,128751,128753,2,0
128751,128751,128753,2,0
128751,128751,128753,2,0
128751,128753,128754,1,2
128751,128753,128754,1,2
128751,128751,128755,4,0
128751,128751,128756,5,0
128751,128751,128755,4,0
128751,128754,128757,3,3
128751,128751,128756,5,0
128751,128751,128756,5,0
128751,128751,128757,6,0
128751,128751,128757,6,0
128751,128751,128758,7,0
128751,128751,128758,7,0
128751,128751,128759,8,0
128751,128751,128759,8,0
128751,128751,128758,7,0
128751,128751,128761,10,0
128751,128754,128760,6,3
128751,128755,128760,5,4
128751,128751,128761,10,0
128751,128751,128762,11,0
128751,128759,128761,2,8
128751,128755,128762,7,4
128751,128756,128761,5,5
128751,128758,128762,4,7
128751,128758,128761,3,7
128751,128751,128763,12,0
128751,128751,128762,11,0
128751,128759,128763,4,8
128751,128756,128763,7,5
128751,128756,128763,7,5
128751,128757,128762,5,6
128751,128761,128763,2,10
128751,128757,128764,7,6
128751,128761,128763,2,10
128751,128762,128763,1,11
128751,128762,128763,1,11
128751,128762,128764,2,11
128751,128762,128763,1,11
128751,128761,128764,3,10
128751,128762,128763,1,11
128751,128751,128765,14,0
128751,128757,128765,8,6
128751,128751,128765,14,0
128751,128751,128765,14,0
128751,128751,128767,16,0
128751,128751,128768,17,0
128751,128751,128767,16,0
128751,128759,128767,8,8
128751,128751,128769,18,0
128751,128761,128769,8,10
128751,128762,128768,6,11
128751,128758,128769,11,7
128751,128751,128770,19,0
128751,128763,128770,7,12
128751,128758,128770,12,7
128751,128751,128772,21,0
128751,128751,128774,23,0
128751,128751,128775,24,0
128625,128625,128780,155,0
128624,128624,128797,173,0
128626,128626,128800,174,0
128876,128876,128877,1,0
128876,128876,128878,2,0
128876,128876,128877,1,0
128876,128876,128877,1,0
128876,128876,128879,3,0
128876,128876,128879,3,0
128876,128876,128881,5,0
128876,128876,128880,4,0
128876,128876,128881,5,0
128876,128876,128880,4,0
128876,128876,128881,5,0
128876,128876,128882,6,0
128876,128876,128882,6,0
128876,128876,128883,7,0
128876,128876,128883,7,0
128876,128878,128884,6,2
128876,128876,128884,8,0
128876,128878,128884,6,2
128876,128876,128885,9,0
128876,128876,128885,9,0
128876,128876,128884,8,0
128876,128881,128885,4,5
128876,128878,128885,7,2
128876,128876,128885,9,0
128876,128879,128885,6,3
128876,128878,128886,8,2
128876,128881,128886,5,5
128876,128881,128886,5,5
128876,128884,128886,2,8
128876,128882,128886,4,6
128876,128876,128887,11,0
128876,128876,128887,11,0
128876,128876,128887,11,0
128876,128881,128887,6,5
128876,128884,128887,3,8
128876,128885,128887,2,9
128876,128884,128887,3,8
128876,128880,128887,7,4
128876,128883,128886,3,7
128876,128884,128886,2,8
128876,128884,128887,3,8
128876,128885,128887,2,9
128876,128876,128888,12,0
128876,128876,128887,11,0
128876,128876,128887,11,0
128876,128886,128888,2,10
128876,128881,128888,7,5
128876,128886,128888,2,10
128876,128886,128887,1,10
128876,128886,128887,1,10
128876,128886,128888,2,10
128876,128886,128888,2,10
128876,128876,128889,13,0
128620,128620,128889,269,0
128876,128876,128890,14,0
128876,128889,128890,1,13
128876,128888,128890,2,12
128876,128888,128890,2,12
128876,128888,128891,3,12
128876,128888,128891,3,12
128876,128888,128891,3,12
128876,128888,128891,3,12
128876,128876,128892,16,0
128876,128887,128892,5,11
128876,128887,128892,5,11
128876,128891,128892,1,15
128876,128887,128892,5,11
128876,128891,128892,1,15
128876,128891,128892,1,15
128876,128885,128892,7,9
128881,128892,128893,1,11
128881,128892,128893,1,11
128881,128892,128893,1,11
128876,128887,128893,6,11
128876,128885,128894,9,9
128876,128887,128895,8,11
128876,128876,128894,18,0
128876,128876,128895,19,0
128876,128887,128895,8,11
128876,128887,128895,8,11
128876,128887,128895,8,11
128876,128887,128895,8,11
128876,128885,128897,12,9
128881,128896,128897,1,15
128881,128896,128898,2,15
128881,128896,128898,2,15
128881,128896,128898,2,15
128881,128894,128898,4,13
128881,128894,128899,5,13
128881,128895,128898,3,14
128881,128893,128898,5,12
128881,128893,128898,5,12
128881,128894,128898,4,13
128881,128898,128899,1,17
128881,128893,128900,7,12
128876,128876,128899,23,0
128876,128887,128900,13,11
128876,128889,128900,11,13
128881,128899,128900,1,18
128881,128899,128900,1,18
128881,128899,128900,1,18
128881,128899,128900,1,18
128881,128899,128900,1,18
128881,128899,128900,1,18
128881,128893,128900,7,12
128881,128893,128900,7,12
128881,128893,128900,7,12
128876,128887,128900,13,11
128876,128890,128901,11,14
128876,128888,128901,13,12
128881,128894,128901,7,13
128876,128876,128901,25,0
128881,128893,128903,10,12
128876,128876,128904,28,0
128876,128876,128904,28,0
128876,128885,128904,19,9
128881,128897,128904,7,16
128876,128887,128905,18,11
128876,128888,128905,17,12
128876,128888,128909,21,12
128881,128895,128909,14,14
128881,128892,128923,31,11
128881,128894,128925,31,13
128881,128895,128928,33,14
128876,128889,128949,60,13
129006,129006,129007,1,0
129006,129006,129008,2,0
129006,129006,129007,1,0
129006,129006,129007,1,0
129006,129006,129007,1,0
129006,129006,129008,2,0
129006,129006,129007,1,0
129006,129006,129008,2,0
129006,129006,129007,1,0
129006,129006,129007,1,0
129006,129006,129008,2,0
129006,129006,129008,2,0
129006,129006,129010,4,0
129006,129006,129014,8,0
129006,129006,129015,9,0
129006,129006,129015,9,0
129006,129006,129014,8,0
129006,129006,129015,9,0
129014,129014,129015,1,0
129014,129014,129015,1,0
129014,129014,129015,1,0
129014,129014,129016,2,0
129006,129006,129017,11,0
129006,129006,129018,12,0
129014,129016,129018,2,2
129014,129016,129018,2,2
129014,129016,129019,3,2
129014,129014,129020,6,0
129014,129017,129019,2,3
129014,129014,129021,7,0
129014,129014,129020,6,0
129014,129019,129021,2,5
129014,129019,129021,2,5
129014,129014,129020,6,0
129014,129019,129020,1,5
129006,129006,129021,15,0
129014,129014,129022,8,0
129014,129014,129021,7,0
129014,129014,129021,7,0
129014,129020,129021,1,6
129014,129020,129021,1,6
129014,129021,129022,1,7
129014,129014,129022,8,0
129014,129014,129022,8,0
129006,129006,129023,17,0
129006,129006,129024,18,0
129014,129015,129025,10,1
129014,129015,129026,11,1
129006,129006,129027,21,0
129014,129015,129027,12,1
129014,129015,129029,14,1
129006,129006,129031,25,0
129006,129006,129032,26,0
129014,129015,129033,18,1
129006,129006,129034,28,0
129014,129014,129039,25,0
129006,129006,129043,37,0
128883,128902,129047,145,19
129006,129006,129048,42,0
129006,129006,129049,43,0
129006,129006,129049,43,0
129014,129018,129050,32,4
129014,129018,129055,37,4
128876,128891,129059,168,15
128881,128899,129072,173,18
129136,129136,129137,1,0
129136,129136,129137,1,0
129136,129136,129137,1,0
129136,129136,129139,3,0
129136,129136,129138,2,0
129136,129136,129140,4,0
129136,129136,129140,4,0
129136,129136,129141,5,0
129136,129136,129142,6,0
129136,129136,129141,5,0
129136,129136,129141,5,0
129136,129136,129142,6,0
129136,129136,129142,6,0
129136,129136,129142,6,0
129136,129136,129143,7,0
129136,129136,129143,7,0
129142,129142,129143,1,0
129136,129136,129144,8,0
129142,129142,129143,1,0
129142,129142,129144,2,0
129142,129142,129143,1,0
129142,129143,129146,3,1
129142,129144,129145,1,2
129142,129144,129146,2,2
129136,129136,129146,10,0
129136,129136,129146,10,0
129136,129136,129145,9,0
129142,129144,129146,2,2
129142,129144,129147,3,2
129142,129144,129147,3,2
129142,129143,129147,4,1
129142,129144,129146,2,2
129136,129136,129147,11,0
129142,129142,129147,5,0
129142,129142,129148,6,0
129142,129142,129147,5,0
129142,129142,129147,5,0
129142,129146,129147,1,4
129142,129146,129147,1,4
129142,129142,129147,5,0
129142,129144,129147,3,2
129142,129146,129148,2,4
129142,129147,129148,1,5
129142,129143,129148,5,1
129136,129136,129149,13,0
129142,129142,129149,7,0
129136,129136,129154,18,0
129136,129136,129154,18,0
129136,129136,129154,18,0
129136,129136,129156,20,0
129136,129136,129155,19,0
129142,129146,129155,9,4
129142,129146,129156,10,4
129142,129142,129158,16,0
129142,129146,129157,11,4
129136,129136,129159,23,0
129136,129136,129159,23,0
129136,129136,129161,25,0
129142,129142,129161,19,0
129136,129136,129164,28,0
129142,129142,129166,24,0
129142,129142,129171,29,0
129216,129216,129217,1,0
129216,129216,129217,1,0
129216,129216,129217,1,0
129216,129216,129217,1,0
129216,129216,129218,2,0
129216,129217,129218,1,1
129216,129217,129218,1,1
129216,129217,129218,1,1
129216,129217,129218,1,1
129216,129216,129218,2,0
129216,129216,129218,2,0
129216,129216,129218,2,0
129216,129216,129218,2,0
129216,129216,129218,2,0
129216,129218,129220,2,2
129216,129216,129221,5,0
129216,129216,129221,5,0
129216,129216,129221,5,0
129216,129216,129223,7,0
129216,129216,129224,8,0
129216,129216,129225,9,0
129216,129216,129226,10,0
129216,129216,129231,15,0
129216,129216,129232,16,0
129216,129216,129233,17,0
129216,129216,129236,20,0
129216,129216,129237,21,0
129216,129216,129239,23,0
129216,129216,129255,39,0
129216,129216,129256,40,0
129216,129216,129256,40,0
129154,129154,129309,155,0
129149,129150,129321,171,1
129148,129149,129333,184,1
129145,129147,129337,190,2
129153,129153,129337,184,0
129151,129152,129345,193,1
129142,129147,129358,211,5
129150,129150,129362,212,0
129006,129006,129368,362,0
129219,129219,129368,149,0
129216,129218,129373,155,2
129224,129224,129393,169,0
129136,129136,129411,275,0
129223,129223,129415,192,0
128594,128595,129492,897,1
129591,129591,129592,1,0
129591,129591,129593,2,0
129591,129591,129593,2,0
129591,129591,129593,2,0
129591,129591,129594,3,0
129591,129591,129594,3,0
129591,129591,129595,4,0
129591,129591,129595,4,0
129591,129591,129595,4,0
129591,129591,129595,4,0
129591,129591,129596,5,0
129591,129591,129596,5,0
129591,129591,129596,5,0
129591,129591,129597,6,0
129591,129591,129597,6,0
129591,129591,129597,6,0
129591,129591,129599,8,0
129591,129593,129599,6,2
129591,129593,129599,6,2
129591,129593,129599,6,2
129591,129593,129599,6,2
129591,129598,129599,1,7
129591,129596,129600,4,5
129591,129597,129600,3,6
129591,129594,129600,6,3
129591,129598,129600,2,7
129591,129596,129600,4,5
129591,129596,129601,5,5
129591,129599,129601,2,8
129591,129599,129601,2,8
129591,129596,129601,5,5
129591,129600,129601,1,9
129591,129595,129601,6,4
129591,129600,129601,1,9
129591,129600,129601,1,9
129591,129600,129601,1,9
129591,129591,129602,11,0
129591,129591,129602,11,0
129591,129595,129602,7,4
129591,129601,129602,1,10
129591,129601,129602,1,10
129591,129601,129602,1,10
129591,129601,129602,1,10
129591,129595,129603,8,4
129591,129601,129602,1,10
129591,129591,129603,12,0
129591,129591,129603,12,0
129591,129602,129603,1,11
129591,129591,129603,12,0
129591,129604,129605,1,13
129591,129603,129605,2,12
129591,129603,129605,2,12
129591,129603,129605,2,12
129591,129602,129606,4,11
129591,129603,129607,4,12
129591,129603,129606,3,12
129591,129603,129606,3,12
129591,129602,129607,5,11
129591,129591,129607,16,0
129591,129603,129607,4,12
129591,129603,129607,4,12
129591,129606,129607,1,15
129591,129602,129607,5,11
129591,129602,129607,5,11
129591,129602,129607,5,11
129591,129606,129607,1,15
129594,129607,129608,1,13
129591,129602,129607,5,11
129591,129606,129607,1,15
129591,129606,129607,1,15
129591,129607,129608,1,16
129591,129607,129608,1,16
129594,129607,129608,1,13
129591,129603,129609,6,12
129594,129608,129609,1,14
129591,129591,129611,20,0
129591,129591,129610,19,0
129594,129608,129610,2,14
129591,129591,129612,21,0
129594,129608,129613,5,14
129594,129610,129613,3,16
129594,129610,129613,3,16
129594,129609,129612,3,15
129594,129608,129613,5,14
129594,129608,129613,5,14
129594,129609,129612,3,15
129591,129603,129613,10,12
129594,129608,129614,6,14
129594,129608,129614,6,14
129594,129608,129614,6,14
129591,129591,129614,23,0
129591,129605,129614,9,14
129594,129611,129614,3,17
129594,129608,129615,7,14
129594,129608,129615,7,14
129594,129608,129614,6,14
129594,129609,129614,5,15
129594,129613,129614,1,19
129594,129613,129614,1,19
129594,129613,129614,1,19
129594,129613,129614,1,19
129594,129613,129615,2,19
129594,129613,129614,1,19
129594,129613,129614,1,19
129594,129608,129615,7,14
129594,129614,129615,1,20
129594,129614,129615,1,20
129594,129614,129615,1,20
129591,129591,129616,25,0
129591,129591,129616,25,0
129591,129591,129617,26,0
129594,129614,129617,3,20
129591,129602,129617,15,11
129594,129616,129619,3,22
129594,129616,129619,3,22
129594,129616,129618,2,22
129594,129615,129618,3,21
129594,129616,129618,2,22
129594,129615,129619,4,21
129594,129615,129620,5,21
129594,129615,129620,5,21
129591,129591,129620,29,0
129591,129591,129620,29,0
129591,129591,129620,29,0
129594,129619,129620,1,25
129594,129615,129620,5,21
129594,129619,129620,1,25
129594,129619,129620,1,25
129594,129619,129620,1,25
129594,129619,129620,1,25
129591,129591,129621,30,0
129591,129602,129621,19,11
129594,129615,129621,6,21
129595,129620,129621,1,25
129595,129620,129621,1,25
129595,129620,129621,1,25
129594,129615,129622,7,21
129594,129615,129623,8,21
129594,129615,129623,8,21
129594,129615,129623,8,21
129594,129615,129622,7,21
129591,129591,129624,33,0
129595,129623,129625,2,28
129594,129613,129625,12,19
129595,129623,129626,3,28
129595,129623,129625,2,28
129595,129623,129625,2,28
129595,129623,129625,2,28
129595,129621,129626,5,26
129595,129622,129625,3,27
129594,129618,129626,8,24
129594,129614,129626,12,20
129595,129621,129627,6,26
129595,129621,129627,6,26
129595,129622,129626,4,27
129595,129622,129627,5,27
129595,129625,129627,2,30
129595,129621,129627,6,26
129595,129622,129627,5,27
129595,129626,129627,1,31
129591,129591,129627,36,0
129594,129611,129628,17,17
129594,129611,129627,16,17
129595,129626,129627,1,31
129595,129626,129627,1,31
129595,129626,129628,2,31
129595,129626,129627,1,31
129595,129626,129628,2,31
129591,129603,129629,26,12
129595,129621,129628,7,26
129595,129621,129629,8,26
129595,129627,129629,2,32
129594,129618,129629,11,24
129595,129627,129629,2,32
129595,129626,129630,4,31
129595,129629,129631,2,34
129595,129629,129631,2,34
129595,129627,129631,4,32
129595,129628,129631,3,33
129595,129629,129632,3,34
129595,129628,129631,3,33
129595,129628,129632,4,33
129594,129615,129632,17,21
129595,129628,129633,5,33
129595,129631,129633,2,36
129595,129628,129633,5,33
129595,129631,129633,2,36
129595,129627,129633,6,32
129595,129627,129633,6,32
129595,129627,129633,6,32
129595,129631,129633,2,36
129595,129627,129633,6,32
129595,129627,129633,6,32
129595,129627,129633,6,32
129595,129631,129633,2,36
129595,129632,129634,2,37
129594,129615,129635,20,21
129595,129628,129635,7,33
129594,129617,129635,18,23
129595,129630,129637,7,35
129594,129617,129637,20,23
129595,129628,129637,9,33
129595,129620,129642,22,25
129595,129630,129644,14,35
129595,129628,129645,17,33
129595,129621,129647,26,26
129595,129622,129649,27,27
129595,129629,129651,22,34
129595,129627,129651,24,32
129595,129630,129651,21,35
129594,129618,129657,39,24
129595,129625,129663,38,30
129591,129594,129662,68,3
129595,129620,129664,44,25
129595,129622,129666,44,27
129717,129717,129719,2,0
129717,129717,129718,1,0
129717,129717,129718,1,0
129717,129717,129718,1,0
129717,129717,129719,2,0
129717,129717,129721,4,0
129717,129717,129722,5,0
129717,129717,129721,4,0
129717,129717,129721,4,0
129717,129717,129721,4,0
129717,129717,129723,6,0
129717,129717,129722,5,0
129717,129717,129722,5,0
129717,129717,129722,5,0
129717,129717,129723,6,0
129717,129717,129723,6,0
129717,129717,129723,6,0
129717,129717,129722,5,0
129717,129717,129724,7,0
129717,129717,129724,7,0
129717,129717,129725,8,0
129717,129717,129726,9,0
129717,129717,129727,10,0
129717,129717,129727,10,0
129717,129717,129729,12,0
129717,129717,129729,12,0
129717,129717,129729,12,0
129728,129728,129729,1,0
129728,129728,129729,1,0
129728,129728,129729,1,0
129728,129728,129730,2,0
129728,129730,129731,1,2
129728,129730,129732,2,2
129728,129730,129731,1,2
129728,129728,129732,4,0
129728,129731,129733,2,3
129728,129728,129733,5,0
129728,129728,129733,5,0
129728,129728,129734,6,0
129728,129732,129734,2,4
129728,129728,129734,6,0
129717,129717,129735,18,0
129728,129728,129735,7,0
129728,129728,129735,7,0
129728,129728,129734,6,0
129728,129728,129735,7,0
129728,129728,129735,7,0
129728,129728,129735,7,0
129717,129717,129736,19,0
129728,129730,129735,5,2
129728,129728,129736,8,0
129728,129728,129736,8,0
129728,129728,129736,8,0
129728,129732,129736,4,4
129728,129728,129736,8,0
129728,129728,129736,8,0
129728,129728,129736,8,0
129728,129736,129738,2,8
129728,129735,129738,3,7
129728,129736,129738,2,8
129728,129736,129738,2,8
129728,129732,129738,6,4
129728,129735,129738,3,7
129728,129736,129738,2,8
129728,129736,129738,2,8
129728,129736,129738,2,8
129728,129735,129739,4,7
129728,129734,129739,5,6
129728,129736,129740,4,8
129728,129733,129739,6,5
129728,129738,129740,2,10
129728,129735,129740,5,7
129728,129735,129740,5,7
129728,129736,129740,4,8
129728,129734,129741,7,6
129728,129735,129742,7,7
129728,129736,129741,5,8
129728,129728,129742,14,0
129728,129733,129744,11,5
129728,129736,129744,8,8
129728,129735,129744,9,7
129728,129733,129745,12,5
129728,129728,129748,20,0
129728,129733,129749,16,5
129728,129728,129750,22,0
129728,129728,129751,23,0
129717,129717,129755,38,0
129592,129607,129755,148,15
129728,129729,129757,28,1
129728,129728,129758,30,0
129728,129729,129759,30,1
129728,129728,129760,32,0
129717,129717,129768,51,0
129729,129739,129910,171,10
129742,129742,129927,185,0
129956,129956,129960,4,0
129982,129982,129984,2,0
129982,129982,129983,1,0
129982,129982,129983,1,0
129982,129982,129984,2,0
129982,129982,129985,3,0
129982,129982,129985,3,0
129982,129982,129985,3,0
129982,129982,129987,5,0
129982,129982,129987,5,0
129982,129982,129987,5,0
129982,129982,129986,4,0
129982,129984,129988,4,2
129982,129982,129988,6,0
129982,129982,129988,6,0
129982,129982,129987,5,0
129982,129982,129988,6,0
129982,129982,129988,6,0
129982,129982,129989,7,0
129982,129982,129989,7,0
129982,129984,129989,5,2
129982,129982,129989,7,0
129982,129982,129990,8,0
129982,129982,129990,8,0
129982,129982,129990,8,0
129982,129984,129990,6,2
129982,129982,129990,8,0
129982,129985,129990,5,3
129982,129989,129991,2,7
129982,129989,129991,2,7
129982,129988,129991,3,6
129982,129982,129991,9,0
129982,129988,129992,4,6
129982,129990,129992,2,8
129982,129990,129992,2,8
129982,129986,129992,6,4
129982,129988,129992,4,6
129982,129990,129992,2,8
129982,129990,129992,2,8
129982,129988,129992,4,6
129982,129991,129992,1,9
129982,129991,129993,2,9
129982,129982,129993,11,0
129982,129982,129993,11,0
129982,129989,129992,3,7
129982,129987,129993,6,5
129982,129991,129992,1,9
129982,129991,129992,1,9
129982,129982,129993,11,0
129982,129988,129993,5,6
129982,129989,129993,4,7
129982,129992,129993,1,10
129982,129987,129993,6,5
129982,129982,129994,12,0
129717,129717,129994,277,0
129982,129985,129994,9,3
129982,129986,129994,8,4
129982,129987,129993,6,5
129982,129987,129994,7,5
129982,129994,129995,1,12
129982,129994,129995,1,12
129982,129995,129996,1,13
129982,129988,129995,7,6
129982,129994,129996,2,12
129982,129994,129996,2,12
129982,129994,129997,3,12
129982,129992,129997,5,10
129982,129992,129997,5,10
129982,129994,129997,3,12
129982,129992,129997,5,10
129982,129992,129997,5,10
129982,129993,129998,5,11
129982,129993,129997,4,11
129989,129996,129997,1,7
129989,129996,129997,1,7
129982,129992,129998,6,10
129989,129997,129998,1,8
129989,129996,129998,2,7
129982,129993,129998,5,11
129982,129993,129998,5,11
129982,129993,129998,5,11
129982,129982,129999,17,0
129982,129982,129999,17,0
129982,129994,129999,5,12
129982,129994,129999,5,12
129982,129994,130000,6,12
129982,129994,130001,7,12
129989,129999,130001,2,10
129989,129997,130001,4,8
129989,129999,130001,2,10
129982,129994,130002,8,12
129989,129999,130002,3,10
129989,129998,130003,5,9
129989,129999,130002,3,10
129989,129998,130002,4,9
129989,129998,130002,4,9
129989,130001,130002,1,12
129982,129994,130003,9,12
129989,129998,130003,5,9
129989,129998,130003,5,9
129989,129998,130003,5,9
129989,129998,130003,5,9
129989,129999,130003,4,10
129989,130002,130003,1,13
129989,129998,130004,6,9
129989,130002,130003,1,13
129989,129999,130004,5,10
129989,130001,130004,3,12
129989,129998,130004,6,9
129995,130003,130004,1,8
129995,130003,130004,1,8
129995,130003,130004,1,8
129989,130000,130006,6,11
129989,129997,130007,10,8
129989,130000,130007,7,11
129995,130004,130008,4,9
129995,130005,130009,4,10
129995,130005,130009,4,10
129995,130005,130008,3,10
129995,130004,130009,5,9
129995,130004,130009,5,9
129995,130004,130009,5,9
129995,130004,130009,5,9
129995,130004,130009,5,9
129995,130004,130009,5,9
129995,130005,130009,4,10
129982,129993,130010,17,11
129982,129982,130010,28,0
129989,129999,130010,11,10
129995,130009,130011,2,14
129995,130004,130010,6,9
129995,130009,130011,2,14
129995,130009,130011,2,14
129995,130009,130010,1,14
129982,129982,130011,29,0
129982,129982,130011,29,0
129982,129982,130011,29,0
129982,129992,130011,19,10
129995,130010,130011,1,15
129995,130010,130011,1,15
129995,130010,130012,2,15
129995,130010,130011,1,15
129995,130010,130011,1,15
129995,130007,130012,5,12
129995,130010,130012,2,15
129995,130005,130013,8,10
129982,129982,130013,31,0
129995,130008,130013,5,13
129995,130005,130015,10,10
129982,129993,130016,23,11
129982,129993,130026,33,11
129982,129994,130027,33,12
129989,130001,130030,29,12
129989,130003,130030,27,14
129995,130004,130031,27,9
129995,130008,130033,25,13
129989,129999,130034,35,10
130078,130079,130082,3,1
129982,129996,130146,150,14
129995,130010,130153,143,15
129990,130003,130165,162,13
129993,130003,130169,166,10
129994,130003,130184,181,9
130245,130245,130246,1,0
130245,130245,130246,1,0
130245,130245,130247,2,0
130245,130245,130247,2,0
130245,130245,130248,3,0
130245,130245,130249,4,0
130245,130245,130248,3,0
130245,130245,130249,4,0
130245,130245,130248,3,0
130245,130245,130250,5,0
130245,130245,130250,5,0
130245,130245,130249,4,0
130245,130245,130249,4,0
130245,130245,130250,5,0
130245,130245,130250,5,0
130245,130245,130249,4,0
130245,130245,130250,5,0
130245,130246,130251,5,1
130245,130245,130251,6,0
130245,130246,130251,5,1
130245,130245,130251,6,0
130245,130247,130252,5,2
130245,130251,130253,2,6
130245,130251,130253,2,6
130245,130250,130253,3,5
130245,130251,130253,2,6
130245,130247,130252,5,2
130245,130249,130253,4,4
130245,130251,130253,2,6
130245,130248,130253,5,3
130245,130251,130253,2,6
130245,130245,130253,8,0
130245,130249,130254,5,4
130245,130245,130254,9,0
130245,130249,130254,5,4
130245,130250,130254,4,5
130245,130253,130254,1,8
130245,130250,130254,4,5
130245,130253,130254,1,8
130245,130253,130254,1,8
130245,130250,130254,4,5
130245,130252,130254,2,7
130245,130253,130254,1,8
130245,130253,130255,2,8
130245,130253,130255,2,8
130245,130253,130255,2,8
130245,130253,130255,2,8
130245,130245,130256,11,0
130245,130245,130256,11,0
130245,130245,130256,11,0
130245,130249,130256,7,4
130245,130250,130256,6,5
130245,130245,130256,11,0
130245,130245,130256,11,0
130245,130245,130256,11,0
130245,130245,130257,12,0
130245,130245,130257,12,0
130245,130250,130257,7,5
130245,130253,130257,4,8
130245,130255,130257,2,10
130245,130245,130257,12,0
130245,130255,130258,3,10
130245,130255,130258,3,10
130245,130256,130258,2,11
130245,130254,130258,4,9
130245,130255,130258,3,10
130245,130250,130258,8,5
130245,130254,130258,4,9
130245,130255,130258,3,10
130245,130254,130258,4,9
130250,130258,130259,1,8
130245,130256,130259,3,11
130245,130254,130259,5,9
130245,130254,130259,5,9
130245,130254,130259,5,9
130245,130254,130259,5,9
130245,130254,130259,5,9
130245,130254,130259,5,9
130245,130245,130260,15,0
130245,130245,130259,14,0
130245,130256,130260,4,11
130245,130257,130259,2,12
130250,130258,130260,2,8
130245,130256,130260,4,11
130250,130260,130261,1,10
130245,130245,130261,16,0
130250,130258,130262,4,8
130250,130261,130262,1,11
130245,130254,130262,8,9
130250,130260,130262,2,10
130250,130260,130262,2,10
130250,130259,130262,3,9
130250,130258,130263,5,8
130250,130259,130263,4,9
130250,130259,130263,4,9
130250,130260,130263,3,10
130250,130260,130263,3,10
130250,130259,130263,4,9
130250,130259,130263,4,9
130250,130262,130263,1,12
130250,130261,130264,3,11
130250,130263,130264,1,13
130250,130263,130264,1,13
130250,130259,130264,5,9
130250,130258,130264,6,8
130250,130259,130264,5,9
130250,130258,130265,7,8
130245,130254,130266,12,9
130245,130245,130267,22,0
130245,130256,130267,11,11
130245,130256,130269,13,11
130250,130258,130271,13,8
130250,130260,130273,13,10
130250,130260,130273,13,10
130245,130245,130276,31,0
130245,130245,130282,37,0
130245,130257,130283,26,12
130250,130259,130286,27,9
130245,130256,130289,33,11
130287,130287,130290,3,0
130245,130256,130291,35,11
130250,130260,130293,33,10
130250,130260,130293,33,10
130250,130262,130294,32,12
130379,130379,130380,1,0
130379,130379,130380,1,0
130379,130379,130380,1,0
130379,130379,130381,2,0
130379,130379,130382,3,0
130379,130379,130383,4,0
130379,130379,130383,4,0
130379,130379,130383,4,0
130379,130379,130383,4,0
130379,130379,130384,5,0
130379,130379,130383,4,0
130379,130379,130384,5,0
130379,130379,130383,4,0
130379,130379,130384,5,0
130379,130379,130384,5,0
130379,130379,130384,5,0
130379,130379,130385,6,0
130379,130379,130384,5,0
130379,130379,130385,6,0
130379,130379,130389,10,0
130379,130379,130388,9,0
130379,130379,130390,11,0
130379,130379,130390,11,0
130379,130379,130391,12,0
130379,130379,130392,13,0
130379,130379,130393,14,0
130379,130379,130397,18,0
130379,130379,130396,17,0
130379,130379,130397,18,0
130379,130379,130399,20,0
130379,130379,130413,34,0
130250,130263,130423,160,13
130510,130510,130511,1,0
130510,130510,130511,1,0
130510,130510,130511,1,0
130510,130510,130512,2,0
130510,130510,130512,2,0
130510,130510,130513,3,0
130245,130257,130512,255,12
130510,130510,130514,4,0
130513,130513,130514,1,0
130510,130510,130514,4,0
130510,130510,130514,4,0
130510,130510,130514,4,0
130510,130510,130514,4,0
130513,130513,130515,2,0
130510,130510,130515,5,0
130513,130513,130515,2,0
130510,130510,130515,5,0
130513,130513,130514,1,0
130510,130510,130515,5,0
130510,130510,130515,5,0
130510,130510,130516,6,0
130510,130510,130516,6,0
130510,130510,130516,6,0
130510,130510,130515,5,0
130510,130510,130515,5,0
130513,130515,130518,3,2
130513,130516,130518,2,3
130513,130516,130518,2,3
130513,130515,130518,3,2
130513,130516,130518,2,3
130513,130513,130518,5,0
130513,130515,130519,4,2
130513,130516,130519,3,3
130513,130514,130519,5,1
130513,130516,130519,3,3
130513,130514,130519,5,1
130513,130515,130519,4,2
130513,130514,130519,5,1
130513,130514,130519,5,1
130510,130510,130520,10,0
130510,130510,130519,9,0
130513,130516,130520,4,3
130513,130516,130520,4,3
130513,130518,130520,2,5
130513,130518,130520,2,5
130513,130518,130519,1,5
130513,130518,130520,2,5
130513,130518,130519,1,5
130513,130515,130521,6,2
130510,130510,130521,11,0
130513,130519,130521,2,6
130510,130510,130522,12,0
130510,130510,130522,12,0
130510,130510,130527,17,0
130510,130510,130528,18,0
130510,130510,130527,17,0
130510,130510,130530,20,0
130510,130510,130536,26,0
130510,130510,130539,29,0
130513,130513,130553,40,0
130513,130513,130555,42,0
130387,130387,130560,173,0
130384,130384,130563,179,0
130513,130514,130564,50,1
130513,130515,130569,54,2
130637,130637,130638,1,0
130637,130637,130639,2,0
130637,130637,130638,1,0
130637,130637,130639,2,0
130637,130637,130638,1,0
130637,130637,130639,2,0
130637,130637,130639,2,0
130637,130637,130638,1,0
130637,130637,130638,1,0
130637,130637,130638,1,0
130637,130637,130638,1,0
130637,130637,130638,1,0
130637,130637,130638,1,0
130637,130637,130638,1,0
130637,130637,130640,3,0
130637,130637,130640,3,0
130637,130637,130640,3,0
130637,130637,130639,2,0
130637,130639,130640,1,2
130637,130637,130641,4,0
130637,130637,130640,3,0
130637,130637,130641,4,0
130637,130639,130641,2,2
130637,130639,130641,2,2
130637,130640,130642,2,3
130637,130639,130642,3,2
130637,130639,130643,4,2
130637,130639,130643,4,2
130637,130641,130643,2,4
130637,130639,130643,4,2
130637,130641,130643,2,4
130637,130642,130644,2,5
130637,130640,130644,4,3
130637,130639,130644,5,2
130637,130639,130644,5,2
130637,130639,130644,5,2
130637,130639,130644,5,2
130637,130639,130644,5,2
130637,130642,130644,2,5
130637,130640,130645,5,3
130637,130643,130645,2,6
130642,130644,130645,1,2
130642,130644,130645,1,2
130637,130643,130645,2,6
130637,130643,130645,2,6
130637,130643,130645,2,6
130637,130641,130645,4,4
130637,130641,130646,5,4
130637,130641,130646,5,4
130642,130644,130646,2,2
130642,130644,130646,2,2
130637,130639,130646,7,2
130637,130640,130647,7,3
130637,130639,130647,8,2
130637,130637,130648,11,0
130637,130637,130648,11,0
130642,130646,130649,3,4
130642,130647,130648,1,5
130637,130637,130649,12,0
130637,130637,130649,12,0
130637,130637,130649,12,0
130642,130647,130649,2,5
130642,130646,130650,4,4
130642,130647,130649,2,5
130642,130645,130649,4,3
130642,130646,130649,3,4
130642,130648,130649,1,6
130642,130646,130649,3,4
130637,130640,130650,10,3
130642,130644,130650,6,2
130642,130646,130650,4,4
130642,130646,130650,4,4
130642,130649,130650,1,7
130642,130649,130650,1,7
130642,130648,130651,3,6
130642,130646,130651,5,4
130642,130648,130651,3,6
130642,130645,130651,6,3
130642,130648,130652,4,6
130642,130646,130652,6,4
130642,130645,130652,7,3
130642,130645,130652,7,3
130642,130646,130654,8,4
130642,130649,130659,10,7
130642,130650,130660,10,8
130637,130637,130661,24,0
130637,130637,130663,26,0
130637,130637,130666,29,0
130637,130637,130668,31,0
130642,130649,130670,21,7
130637,130637,130675,38,0
130642,130649,130676,27,7
130637,130637,130677,40,0
130379,130379,130685,306,0
130514,130519,130692,173,5
130513,130519,130699,180,6
130770,130770,130771,1,0
130770,130770,130771,1,0
130770,130770,130772,2,0
130770,130770,130771,1,0
130770,130770,130773,3,0
130770,130770,130773,3,0
130770,130770,130774,4,0
130770,130770,130773,3,0
130770,130770,130773,3,0
130774,130774,130775,1,0
130770,130770,130774,4,0
130770,130770,130774,4,0
130770,130770,130774,4,0
130770,130770,130774,4,0
130774,130774,130775,1,0
130770,130770,130774,4,0
130770,130770,130776,6,0
130774,130774,130775,1,0
130774,130774,130775,1,0
130770,130770,130776,6,0
130770,130770,130777,7,0
130770,130770,130777,7,0
130770,130770,130778,8,0
130774,130775,130777,2,1
130774,130775,130778,3,1
130774,130775,130778,3,1
130774,130775,130778,3,1
130770,130770,130778,8,0
130774,130775,130779,4,1
130774,130774,130779,5,0
130774,130775,130778,3,1
130774,130775,130778,3,1
130774,130776,130778,2,2
130774,130776,130778,2,2
130770,130770,130779,9,0
130774,130777,130779,2,3
130774,130778,130779,1,4
130774,130778,130779,1,4
130774,130778,130779,1,4
130774,130774,130780,6,0
130774,130778,130779,1,4
130774,130774,130780,6,0
130774,130774,130781,7,0
130774,130774,130780,6,0
130770,130770,130780,10,0
130774,130776,130780,4,2
130774,130778,130780,2,4
130774,130779,130780,1,5
130774,130779,130780,1,5
130774,130779,130781,2,5
130770,130770,130784,14,0
130770,130770,130787,17,0
130770,130770,130788,18,0
130774,130778,130792,14,4
130770,130770,130792,22,0
130774,130774,130794,20,0
130774,130778,130794,16,4
130770,130770,130797,27,0
130770,130770,130804,34,0
130638,130644,130816,172,6
130642,130650,130818,168,8
130770,130770,130819,49,0
130770,130770,130822,52,0
130770,130770,130824,54,0
130510,130510,130825,315,0
130901,130901,130903,2,0
130901,130901,130903,2,0
130901,130901,130902,1,0
130901,130901,130902,1,0
130901,130901,130903,2,0
130901,130901,130904,3,0
130901,130903,130905,2,2
130901,130901,130904,3,0
130901,130901,130905,4,0
130901,130901,130905,4,0
130901,130901,130905,4,0
130901,130901,130905,4,0
130901,130901,130906,5,0
130901,130901,130906,5,0
130901,130901,130906,5,0
130901,130901,130906,5,0
130901,130901,130905,4,0
130901,130903,130906,3,2
130901,130901,130907,6,0
130901,130901,130908,7,0
130901,130906,130908,2,5
130901,130903,130908,5,2
130901,130906,130908,2,5
130901,130903,130908,5,2
130901,130905,130908,3,4
130901,130906,130908,2,5
130901,130905,130909,4,4
130901,130906,130909,3,5
130901,130906,130909,3,5
130901,130906,130908,2,5
130901,130905,130908,3,4
130901,130905,130909,4,4
130901,130905,130909,4,4
130901,130905,130908,3,4
130901,130907,130909,2,6
130901,130901,130908,7,0
130901,130901,130910,9,0
130901,130908,130910,2,7
130901,130905,130910,5,4
130901,130908,130909,1,7
130901,130908,130910,2,7
130901,130908,130910,2,7
130901,130908,130910,2,7
130901,130908,130909,1,7
130901,130908,130909,1,7
130901,130901,130911,10,0
130901,130909,130911,2,8
130901,130909,130910,1,8
130904,130909,130910,1,5
130901,130901,130911,10,0
130904,130909,130912,3,5
130904,130909,130912,3,5
130904,130909,130912,3,5
130904,130909,130912,3,5
130901,130901,130913,12,0
130904,130911,130913,2,7
130904,130909,130913,4,5
130904,130910,130913,3,6
130904,130910,130913,3,6
130904,130910,130913,3,6
130904,130910,130913,3,6
130904,130911,130913,2,7
130901,130901,130914,13,0
130901,130901,130913,12,0
130904,130911,130914,3,7
130904,130911,130914,3,7
130904,130909,130914,5,5
130904,130914,130915,1,10
130904,130913,130914,1,9
130901,130901,130915,14,0
130904,130910,130915,5,6
130904,130913,130915,2,9
130904,130910,130915,5,6
130904,130910,130915,5,6
130904,130914,130915,1,10
130904,130914,130915,1,10
130904,130914,130915,1,10
130904,130913,130916,3,9
130904,130913,130916,3,9
130904,130913,130916,3,9
130901,130901,130919,18,0
130901,130901,130923,22,0
130901,130901,130924,23,0
130904,130913,130925,12,9
130904,130912,130929,17,8
130904,130911,130931,20,7
130901,130901,130931,30,0
130901,130901,130933,32,0
130904,130910,130932,22,6
130774,130779,130933,154,5
130901,130901,130939,38,0
130901,130901,130947,46,0
130901,130901,130947,46,0
130901,130904,130950,46,3
130904,130914,131066,152,10
130901,130909,131088,179,8
130770,130770,131103,333,0
131151,131151,131153,2,0
131151,131151,131153,2,0
131151,131151,131153,2,0
131151,131151,131153,2,0
131151,131151,131153,2,0
131151,131151,131153,2,0
131151,131151,131153,2,0
131151,131151,131153,2,0
131151,131151,131154,3,0
131151,131151,131154,3,0
131151,131151,131155,4,0
131151,131151,131155,4,0
131151,131151,131155,4,0
131151,131151,131156,5,0
131151,131151,131156,5,0
131151,131151,131156,5,0
131151,131151,131157,6,0
131151,131151,131160,9,0
131151,131151,131160,9,0
131151,131151,131160,9,0
131151,131151,131161,10,0
131151,131151,131162,11,0
131151,131151,131163,12,0
131151,131151,131163,12,0
131151,131151,131163,12,0
131151,131151,131164,13,0
131151,131151,131165,14,0
131151,131151,131165,14,0
131151,131151,131171,20,0
131151,131151,131173,22,0
131151,131151,131195,44,0
131274,131274,131275,1,0
131274,131274,131275,1,0
131274,131274,131275,1,0
131274,131274,131275,1,0
131274,131274,131275,1,0
131274,131274,131275,1,0
131274,131274,131275,1,0
131274,131274,131277,3,0
131274,131274,131277,3,0
131274,131274,131277,3,0
131274,131274,131277,3,0
131274,131274,131277,3,0
131274,131274,131277,3,0
131274,131274,131278,4,0
131274,131274,131278,4,0
131274,131274,131280,6,0
131280,131281,131282,1,1
131280,131281,131282,1,1
131280,131281,131282,1,1
131280,131281,131282,1,1
131280,131281,131283,2,1
131280,131281,131284,3,1
131280,131281,131283,2,1
131280,131282,131283,1,2
131280,131282,131283,1,2
131274,131274,131284,10,0
131280,131281,131284,3,1
131280,131281,131284,3,1
131280,131283,131284,1,3
131280,131283,131284,1,3
131280,131281,131284,3,1
131280,131281,131284,3,1
131280,131283,131284,1,3
131280,131281,131284,3,1
131280,131283,131284,1,3
131280,131284,131285,1,4
131280,131281,131285,4,1
131280,131284,131285,1,4
131280,131284,131285,1,4
131280,131284,131285,1,4
131280,131284,131285,1,4
131284,131285,131286,1,1
131284,131285,131286,1,1
131280,131281,131285,4,1
131274,131274,131286,12,0
131274,131274,131286,12,0
131274,131274,131286,12,0
131284,131285,131286,1,1
131284,131285,131286,1,1
131274,131274,131287,13,0
131274,131274,131287,13,0
131274,131274,131287,13,0
131284,131286,131287,1,2
131284,131285,131288,3,1
131284,131286,131287,1,2
131284,131286,131287,1,2
131284,131286,131287,1,2
131284,131286,131287,1,2
131284,131286,131288,2,2
131284,131286,131288,2,2
131284,131287,131288,1,3
131284,131287,131288,1,3
131284,131288,131289,1,4
131284,131285,131289,4,1
131284,131285,131289,4,1
131284,131285,131288,3,1
131284,131288,131289,1,4
131284,131287,131289,2,3
131284,131286,131289,3,2
131284,131288,131289,1,4
131284,131288,131289,1,4
131284,131288,131289,1,4
131284,131285,131289,4,1
131284,131285,131290,5,1
131280,131281,131292,11,1
131274,131274,131295,21,0
131274,131274,131295,21,0
131284,131287,131295,8,3
131274,131274,131296,22,0
131284,131288,131296,8,4
131274,131274,131298,24,0
131284,131287,131298,11,3
131280,131281,131298,17,1
131274,131274,131301,27,0
131274,131274,131302,28,0
131284,131287,131302,15,3
131280,131281,131304,23,1
131274,131274,131305,31,0
131284,131288,131305,17,4
131280,131281,131312,31,1
131274,131274,131317,43,0
131407,131407,131408,1,0
131407,131407,131408,1,0
131407,131407,131408,1,0
131407,131407,131408,1,0
131407,131407,131408,1,0
131407,131407,131408,1,0
131407,131407,131408,1,0
131407,131407,131408,1,0
131407,131407,131408,1,0
131407,131407,131408,1,0
131407,131407,131408,1,0
131407,131407,131408,1,0
131407,131407,131408,1,0
131407,131407,131409,2,0
131407,131407,131409,2,0
131407,131407,131409,2,0
131407,131407,131409,2,0
131407,131407,131410,3,0
131407,131407,131409,2,0
131407,131407,131411,4,0
131407,131407,131413,6,0
131407,131407,131413,6,0
131407,131407,131414,7,0
131407,131407,131415,8,0
131407,131407,131415,8,0
131407,131407,131415,8,0
131407,131407,131415,8,0
131407,131407,131426,19,0
131407,131407,131429,22,0
131407,131407,131436,29,0
131407,131407,131455,48,0
131284,131288,131465,177,4
131285,131289,131467,178,4
131539,131539,131540,1,0
131539,131539,131540,1,0
131539,131539,131540,1,0
131539,131539,131540,1,0
131539,131539,131540,1,0
131539,131539,131540,1,0
131539,131539,131541,2,0
131539,131539,131541,2,0
131274,131274,131541,267,0
131539,131539,131541,2,0
131539,131539,131540,1,0
131539,131539,131540,1,0
131539,131539,131541,2,0
131539,131539,131540,1,0
131539,131539,131540,1,0
131539,131539,131540,1,0
131539,131539,131541,2,0
131539,131539,131542,3,0
131539,131539,131542,3,0
131539,131539,131542,3,0
131539,131539,131542,3,0
131539,131539,131542,3,0
131539,131539,131542,3,0
131539,131539,131542,3,0
131539,131539,131542,3,0
131539,131540,131541,1,1
131539,131541,131542,1,2
131539,131541,131543,2,2
131539,131541,131543,2,2
131539,131541,131543,2,2
131539,131541,131543,2,2
131539,131541,131543,2,2
131539,131541,131543,2,2
131539,131542,131543,1,3
131539,131541,131544,3,2
131539,131541,131544,3,2
131539,131543,131544,1,4
131539,131541,131544,3,2
131539,131543,131544,1,4
131539,131541,131544,3,2
131539,131542,131545,3,3
131539,131542,131545,3,3
131539,131542,131545,3,3
131539,131541,131545,4,2
131539,131543,131544,1,4
131539,131542,131545,3,3
131539,131541,131545,4,2
131539,131543,131545,2,4
131539,131539,131546,7,0
131539,131542,131546,4,3
131539,131542,131545,3,3
131539,131539,131547,8,0
131539,131539,131547,8,0
131539,131539,131547,8,0
131539,131539,131547,8,0
131539,131539,131547,8,0
131539,131541,131547,6,2
131539,131539,131550,11,0
131539,131541,131550,9,2
131539,131542,131551,9,3
131539,131542,131552,10,3
131539,131542,131554,12,3
131281,131285,131559,274,4
131414,131414,131575,161,0
131539,131539,131575,36,0
131661,131662,131663,1,1
131661,131662,131663,1,1
131661,131662,131663,1,1
131661,131662,131663,1,1
131661,131662,131663,1,1
131661,131662,131663,1,1
131661,131662,131663,1,1
131661,131662,131664,2,1
131661,131662,131664,2,1
131661,131662,131664,2,1
131661,131662,131665,3,1
131661,131662,131664,2,1
131661,131662,131665,3,1
131661,131662,131665,3,1
131661,131662,131665,3,1
131661,131662,131665,3,1
131661,131662,131665,3,1
131661,131662,131665,3,1
131668,131668,131669,1,0
131661,131662,131668,6,1
131661,131662,131669,7,1
131668,131668,131669,1,0
131668,131668,131669,1,0
131668,131668,131669,1,0
131668,131668,131670,2,0
131668,131668,131669,1,0
131668,131668,131670,2,0
131668,131668,131669,1,0
131661,131662,131670,8,1
131661,131662,131670,8,1
131661,131662,131671,9,1
131661,131662,131670,8,1
131668,131668,131671,3,0
131668,131668,131670,2,0
131668,131668,131670,2,0
131668,131669,131670,1,1
131668,131668,131670,2,0
131668,131670,131671,1,2
131668,131668,131672,4,0
131668,131668,131672,4,0
131668,131668,131672,4,0
131668,131670,131671,1,2
131668,131668,131671,3,0
131668,131670,131671,1,2
131668,131668,131672,4,0
131668,131670,131671,1,2
131661,131662,131672,10,1
131668,131668,131673,5,0
131668,131668,131673,5,0
131661,131662,131675,13,1
131668,131668,131675,7,0
131661,131662,131675,13,1
131668,131668,131675,7,0
131661,131662,131676,14,1
131668,131669,131679,10,1
131668,131670,131687,17,2
131407,131407,131693,286,0
131668,131668,131695,27,0
131668,131668,131695,27,0
131668,131668,131699,31,0
131797,131797,131798,1,0
131797,131797,131798,1,0
131797,131797,131798,1,0
131797,131797,131798,1,0
131797,131797,131798,1,0
131797,131797,131798,1,0
131797,131797,131798,1,0
131797,131797,131799,2,0
131797,131797,131799,2,0
131797,131797,131799,2,0
131797,131797,131800,3,0
131797,131797,131800,3,0
131797,131797,131802,5,0
131797,131797,131803,6,0
131797,131797,131802,5,0
131797,131797,131803,6,0
131797,131797,131802,5,0
131797,131797,131809,12,0
131797,131797,131809,12,0
131797,131797,131809,12,0
131797,131797,131810,13,0
131797,131797,131811,14,0
131797,131797,131812,15,0
131797,131797,131818,21,0
131797,131797,131818,21,0
131797,131797,131818,21,0
131797,131797,131818,21,0
131668,131670,131823,153,2
131797,131797,131826,29,0
131797,131797,131828,31,0
131797,131797,131827,30,0
131797,131797,131829,32,0
131673,131673,131852,179,0
131672,131672,131854,182,0
131674,131674,131854,180,0
131662,131662,131912,250,0
131919,131919,131920,1,0
131919,131919,131920,1,0
131919,131919,131920,1,0
131919,131919,131921,2,0
131919,131919,131921,2,0
131919,131919,131921,2,0
131919,131919,131921,2,0
131919,131919,131921,2,0
131919,131919,131921,2,0
131919,131919,131921,2,0
131919,131919,131922,3,0
131919,131919,131922,3,0
131919,131919,131922,3,0
131919,131919,131922,3,0
131919,131919,131922,3,0
131919,131919,131922,3,0
131919,131919,131923,4,0
131919,131919,131923,4,0
131919,131919,131923,4,0
131919,131919,131926,7,0
131919,131919,131926,7,0
131919,131919,131926,7,0
131919,131919,131926,7,0
131925,131925,131926,1,0
131925,131925,131927,2,0
131925,131925,131927,2,0
131925,131925,131927,2,0
131925,131925,131927,2,0
131925,131925,131927,2,0
131925,131925,131927,2,0
131925,131925,131927,2,0
131919,131919,131927,8,0
131919,131919,131927,8,0
131925,131925,131927,2,0
131925,131927,131928,1,2
131925,131927,131928,1,2
131925,131925,131928,3,0
131925,131927,131928,1,2
131925,131925,131928,3,0
131925,131925,131928,3,0
131925,131925,131928,3,0
131925,131927,131928,1,2
131919,131919,131929,10,0
131925,131926,131929,3,1
131925,131925,131929,4,0
131925,131927,131929,2,2
131925,131927,131929,2,2
131925,131927,131929,2,2
131925,131925,131929,4,0
131925,131927,131929,2,2
131919,131919,131929,10,0
131925,131929,131930,1,4
131925,131929,131930,1,4
131925,131929,131930,1,4
131925,131929,131930,1,4
131925,131929,131930,1,4
131919,131919,131930,11,0
131919,131919,131931,12,0
131925,131928,131931,3,3
131925,131925,131931,6,0
131925,131929,131931,2,4
131925,131929,131931,2,4
131925,131930,131931,1,5
131925,131930,131931,1,5
131925,131930,131931,1,5
131925,131930,131931,1,5
131925,131930,131931,1,5
131925,131926,131932,6,1
131925,131926,131932,6,1
131931,131932,131933,1,1
131925,131930,131932,2,5
131925,131929,131933,4,4
131925,131931,131932,1,6
131925,131931,131932,1,6
131925,131931,131932,1,6
131925,131931,131932,1,6
131925,131931,131932,1,6
131925,131931,131932,1,6
131925,131929,131933,4,4
131931,131932,131933,1,1
131931,131932,131933,1,1
131925,131928,131933,5,3
131925,131925,131934,9,0
131925,131926,131934,8,1
131931,131933,131934,1,2
131925,131931,131934,3,6
131931,131932,131934,2,1
131931,131933,131934,1,2
131931,131933,131934,1,2
131931,131933,131934,1,2
131931,131933,131934,1,2
131931,131933,131934,1,2
131931,131933,131934,1,2
131931,131933,131934,1,2
131931,131934,131935,1,3
131931,131934,131935,1,3
131931,131934,131936,2,3
131931,131933,131936,3,2
131931,131935,131936,1,4
131931,131932,131935,3,1
131931,131932,131935,3,1
131932,131935,131936,1,3
131932,131935,131936,1,3
131931,131932,131935,3,1
131931,131932,131935,3,1
131932,131935,131936,1,3
131925,131925,131936,11,0
131925,131925,131936,11,0
131931,131935,131936,1,4
131931,131935,131936,1,4
131931,131935,131936,1,4
131932,131935,131936,1,3
131931,131934,131938,4,3
131932,131936,131937,1,4
131932,131936,131937,1,4
131932,131936,131937,1,4
131932,131936,131938,2,4
131932,131936,131938,2,4
131931,131932,131938,6,1
131931,131935,131938,3,4
131932,131936,131938,2,4
131932,131936,131939,3,4
131932,131937,131938,1,5
131932,131937,131938,1,5
131932,131937,131938,1,5
131932,131936,131939,3,4
131932,131937,131938,1,5
131925,131925,131939,14,0
131931,131933,131939,6,2
131932,131936,131939,3,4
131932,131936,131939,3,4
131932,131936,131940,4,4
131932,131938,131939,1,6
131932,131938,131939,1,6
131932,131938,131939,1,6
131932,131938,131939,1,6
131932,131938,131939,1,6
131932,131938,131941,3,6
131932,131939,131940,1,7
131931,131933,131941,8,2
131931,131935,131942,7,4
131932,131939,131942,3,7
131932,131939,131942,3,7
131932,131936,131943,7,4
131925,131929,131946,17,4
131932,131937,131948,11,5
131925,131925,131948,23,0
131925,131926,131949,23,1
131919,131919,131950,31,0
131919,131919,131951,32,0
131925,131925,131952,27,0
131931,131935,131953,18,4
131925,131929,131959,30,4
131932,131937,131963,26,5
131931,131935,132096,161,4
131932,131939,132102,163,7
132186,132186,132187,1,0
132186,132186,132187,1,0
132186,132186,132187,1,0
132186,132186,132187,1,0
132186,132186,132187,1,0
132186,132186,132187,1,0
132186,132186,132187,1,0
132186,132186,132187,1,0
132186,132186,132188,2,0
132186,132186,132188,2,0
132186,132186,132188,2,0
132186,132186,132189,3,0
132186,132186,132188,2,0
132186,132186,132188,2,0
132186,132186,132188,2,0
132186,132186,132188,2,0
132186,132186,132188,2,0
132186,132186,132189,3,0
132186,132186,132188,2,0
132186,132186,132189,3,0
132186,132186,132189,3,0
132186,132186,132195,9,0
131919,131920,132196,276,1
132186,132186,132195,9,0
132186,132186,132196,10,0
132186,132186,132196,10,0
131926,131932,132198,266,6
132186,132186,132200,14,0
132186,132186,132200,14,0
132186,132186,132203,17,0
132186,132186,132205,19,0
132186,132186,132230,44,0
132312,132313,132314,1,1
132312,132313,132314,1,1
132312,132313,132314,1,1
132312,132313,132314,1,1
132312,132313,132314,1,1
132312,132313,132314,1,1
132312,132313,132314,1,1
132312,132313,132314,1,1
132313,132313,132314,1,0
132312,132313,132315,2,1
132312,132313,132315,2,1
132312,132313,132315,2,1
132312,132313,132316,3,1
132312,132313,132316,3,1
132312,132313,132316,3,1
132313,132315,132317,2,2
132312,132313,132316,3,1
132312,132313,132316,3,1
132312,132313,132316,3,1
132313,132317,132318,1,4
132313,132315,132317,2,2
132313,132316,132317,1,3
132313,132316,132317,1,3
132313,132315,132318,3,2
132313,132316,132317,1,3
132313,132317,132318,1,4
132313,132315,132317,2,2
132312,132313,132318,5,1
132312,132313,132318,5,1
132313,132315,132318,3,2
132313,132317,132318,1,4
132313,132317,132318,1,4
132313,132318,132319,1,5
132313,132315,132318,3,2
132313,132317,132318,1,4
132313,132317,132318,1,4
132313,132315,132318,3,2
132313,132318,132319,1,5
132313,132318,132319,1,5
132313,132315,132318,3,2
132313,132318,132319,1,5
132313,132317,132319,2,4
132313,132318,132319,1,5
132313,132318,132319,1,5
132313,132318,132319,1,5
132313,132318,132319,1,5
132312,132313,132320,7,1
132316,132319,132320,1,3
132316,132319,132320,1,3
132316,132319,132320,1,3
132316,132319,132320,1,3
132312,132313,132321,8,1
132312,132313,132322,9,1
132313,132313,132321,8,0
132316,132321,132322,1,5
132316,132319,132321,2,3
132316,132319,132322,3,3
132316,132320,132321,1,4
132316,132319,132321,2,3
132316,132320,132321,1,4
132316,132320,132321,1,4
132316,132319,132322,3,3
132316,132320,132321,1,4
132313,132313,132322,9,0
132316,132320,132322,2,4
132312,132313,132322,9,1
132312,132313,132322,9,1
132316,132319,132322,3,3
132316,132321,132322,1,5
132316,132321,132322,1,5
132316,132322,132323,1,6
132316,132319,132322,3,3
132316,132319,132322,3,3
132316,132321,132322,1,5
132316,132319,132323,4,3
132316,132322,132324,2,6
132316,132319,132323,4,3
132316,132322,132323,1,6
132316,132322,132323,1,6
132316,132322,132323,1,6
132316,132322,132323,1,6
132316,132322,132325,3,6
132312,132313,132325,12,1
132312,132313,132325,12,1
132312,132313,132326,13,1
132313,132313,132326,13,0
132312,132313,132329,16,1
132312,132313,132328,15,1
132312,132313,132331,18,1
132313,132315,132334,19,2
132316,132321,132334,13,5
132316,132322,132343,21,6
132312,132313,132345,32,1
132186,132186,132435,249,0
132439,132439,132440,1,0
132439,132439,132440,1,0
132439,132439,132440,1,0
132439,132439,132440,1,0
132439,132439,132440,1,0
132439,132439,132440,1,0
132439,132439,132440,1,0
132439,132439,132440,1,0
132439,132439,132440,1,0
132439,132439,132440,1,0
132439,132439,132440,1,0
132439,132439,132440,1,0
132439,132439,132441,2,0
132439,132439,132440,1,0
132439,132439,132441,2,0
132439,132439,132441,2,0
132439,132439,132443,4,0
132439,132439,132447,8,0
132439,132439,132447,8,0
132439,132439,132447,8,0
132439,132439,132448,9,0
132439,132439,132448,9,0
132439,132439,132450,11,0
132439,132439,132454,15,0
132439,132439,132453,14,0
132439,132439,132454,15,0
132439,132439,132454,15,0
132439,132439,132454,15,0
132439,132439,132456,17,0
132439,132439,132477,38,0
132439,132439,132483,44,0
132316,132322,132504,182,6
132313,132319,132563,244,6
132566,132566,132568,2,0
132566,132566,132568,2,0
132566,132566,132568,2,0
132566,132566,132568,2,0
132566,132566,132567,1,0
132566,132566,132568,2,0
132566,132566,132568,2,0
132566,132566,132568,2,0
132566,132566,132568,2,0
132566,132566,132569,3,0
132566,132566,132569,3,0
132566,132566,132569,3,0
132566,132566,132569,3,0
132566,132566,132570,4,0
132566,132566,132570,4,0
132566,132566,132570,4,0
132566,132566,132570,4,0
132566,132566,132571,5,0
132566,132566,132570,4,0
132566,132566,132572,6,0
132566,132566,132572,6,0
132566,132566,132572,6,0
132566,132566,132572,6,0
132566,132566,132573,7,0
132566,132566,132573,7,0
132573,132573,132574,1,0
132573,132573,132574,1,0
132573,132573,132574,1,0
132573,132573,132574,1,0
132573,132573,132574,1,0
132573,132573,132574,1,0
132573,132573,132574,1,0
132573,132573,132574,1,0
132573,132573,132574,1,0
132573,132573,132574,1,0
132573,132573,132575,2,0
132573,132573,132575,2,0
132573,132573,132575,2,0
132573,132573,132575,2,0
132573,132575,132576,1,2
132566,132566,132576,10,0
132573,132573,132576,3,0
132573,132573,132576,3,0
132573,132575,132576,1,2
132573,132575,132576,1,2
132566,132566,132577,11,0
132566,132566,132577,11,0
132573,132573,132577,4,0
132573,132573,132578,5,0
132573,132573,132579,6,0
132573,132573,132583,10,0
132573,132573,132583,10,0
132573,132573,132583,10,0
132573,132573,132583,10,0
132573,132573,132584,11,0
132573,132573,132585,12,0
132573,132574,132586,12,1
132573,132574,132588,14,1
132566,132566,132591,25,0
132566,132566,132593,27,0
132566,132566,132592,26,0
132573,132573,132616,43,0
132699,132699,132700,1,0
132699,132699,132700,1,0
132699,132699,132700,1,0
132699,132699,132700,1,0
132699,132699,132701,2,0
132699,132699,132701,2,0
132699,132699,132701,2,0
132699,132699,132701,2,0
132699,132699,132700,1,0
132699,132699,132700,1,0
132699,132699,132701,2,0
132699,132699,132700,1,0
132439,132439,132702,263,0
132699,132699,132702,3,0
132699,132699,132701,2,0
132699,132699,132702,3,0
132699,132699,132702,3,0
132703,132703,132704,1,0
132703,132703,132704,1,0
132703,132703,132704,1,0
132703,132703,132706,3,0
132699,132699,132706,7,0
132699,132699,132706,7,0
132699,132699,132706,7,0
132703,132703,132708,5,0
132703,132703,132708,5,0
132703,132705,132708,3,2
132703,132705,132708,3,2
132703,132705,132708,3,2
132703,132703,132708,5,0
132703,132703,132708,5,0
132703,132703,132710,7,0
132703,132703,132710,7,0
132703,132703,132709,6,0
132703,132706,132710,4,3
132703,132708,132710,2,5
132703,132708,132710,2,5
132703,132708,132710,2,5
132703,132709,132711,2,6
132703,132708,132711,3,5
132703,132709,132710,1,6
132703,132703,132710,7,0
132703,132709,132711,2,6
132699,132699,132711,12,0
132703,132710,132712,2,7
132699,132699,132712,13,0
132699,132699,132712,13,0
132699,132699,132712,13,0
132699,132699,132711,12,0
132699,132699,132713,14,0
132703,132706,132713,7,3
132703,132703,132714,11,0
132699,132699,132717,18,0
132703,132703,132717,14,0
132703,132703,132718,15,0
132699,132699,132718,19,0
132703,132703,132720,17,0
132699,132699,132720,21,0
132699,132699,132721,22,0
132699,132699,132721,22,0
132699,132699,132722,23,0
132703,132706,132723,17,3
132703,132706,132723,17,3
132573,132575,132730,155,2
132576,132576,132732,156,0
132574,132575,132739,164,1
132831,132831,132833,2,0
132831,132831,132832,1,0
132831,132831,132832,1,0
132831,132831,132834,3,0
132831,132833,132835,2,2
132831,132831,132837,6,0
132831,132831,132837,6,0
132831,132831,132837,6,0
132831,132831,132838,7,0
132831,132831,132838,7,0
132831,132831,132838,7,0
132831,132831,132839,8,0
132831,132831,132839,8,0
132831,132831,132839,8,0
132831,132831,132839,8,0
132831,132831,132840,9,0
132831,132831,132840,9,0
132831,132831,132840,9,0
132831,132831,132841,10,0
132831,132831,132841,10,0
132831,132831,132844,13,0
132831,132831,132844,13,0
132831,132831,132845,14,0
132831,132831,132846,15,0
132699,132700,132847,147,1
132831,132831,132848,17,0
132831,132831,132849,18,0
132831,132831,132849,18,0
132831,132831,132852,21,0
132831,132831,132859,28,0
132831,132831,132860,29,0
132831,132831,132861,30,0
132707,132710,132865,155,3
132708,132710,132877,167,2
132706,132710,132881,171,4
132703,132710,132882,172,7
132566,132566,132913,347,0
132958,132959,132960,1,1
132958,132959,132960,1,1
132958,132959,132960,1,1
132958,132959,132960,1,1
132958,132959,132961,2,1
132958,132959,132963,4,1
132958,132959,132963,4,1
132958,132959,132964,5,1
132958,132959,132964,5,1
132958,132959,132964,5,1
132958,132959,132964,5,1
132958,132959,132964,5,1
132958,132959,132965,6,1
132959,132961,132965,4,2
132958,132959,132965,6,1
132958,132959,132965,6,1
132958,132959,132965,6,1
132959,132961,132966,5,2
132958,132959,132966,7,1
132959,132961,132968,7,2
132958,132959,132968,9,1
132959,132966,132968,2,7
132959,132962,132968,6,3
132959,132966,132969,3,7
132959,132961,132968,7,2
132959,132965,132969,4,6
132959,132959,132968,9,0
132958,132959,132969,10,1
132959,132966,132969,3,7
132959,132967,132969,2,8
132959,132965,132969,4,6
132959,132967,132969,2,8
132959,132965,132969,4,6
132959,132968,132969,1,9
132958,132959,132970,11,1
132959,132969,132970,1,10
132959,132964,132970,6,5
132959,132965,132970,5,6
132959,132969,132970,1,10
132959,132969,132970,1,10
132959,132969,132970,1,10
132959,132965,132970,5,6
132959,132969,132970,1,10
132958,132959,132971,12,1
132959,132970,132971,1,11
132959,132970,132971,1,11
132959,132964,132971,7,5
132959,132970,132972,2,11
132958,132959,132972,13,1
132958,132959,132972,13,1
132958,132959,132974,15,1
132959,132972,132974,2,13
132959,132971,132975,4,12
132959,132972,132974,2,13
132959,132972,132974,2,13
132958,132959,132975,16,1
132959,132972,132976,4,13
132959,132971,132975,4,12
132958,132959,132976,17,1
132958,132959,132976,17,1
132959,132959,132976,17,0
132959,132971,132976,5,12
132959,132975,132976,1,16
132959,132970,132977,7,11
132959,132970,132977,7,11
132959,132975,132976,1,16
132959,132970,132977,7,11
132959,132971,132976,5,12
132959,132975,132976,1,16
132959,132975,132976,1,16
132959,132975,132977,2,16
132959,132971,132977,6,12
132959,132971,132978,7,12
132959,132976,132977,1,17
132959,132976,132977,1,17
132959,132969,132978,9,10
132959,132976,132978,2,17
132959,132969,132978,9,10
132959,132970,132979,9,11
132959,132971,132978,7,12
132959,132977,132979,2,18
132959,132977,132979,2,18
132959,132977,132979,2,18
132959,132971,132979,8,12
132959,132979,132981,2,20
132959,132977,132982,5,18
132959,132978,132982,4,19
132959,132980,132982,2,21
132959,132979,132981,2,20
132959,132978,132981,3,19
132959,132959,132981,22,0
132958,132959,132982,23,1
132959,132978,132983,5,19
132959,132978,132982,4,19
132959,132981,132982,1,22
132959,132977,132983,6,18
132959,132982,132983,1,23
132959,132982,132983,1,23
132959,132982,132983,1,23
132959,132977,132984,7,18
132959,132977,132983,6,18
132959,132977,132984,7,18
132959,132977,132983,6,18
132959,132982,132983,1,23
132959,132973,132984,11,14
132959,132973,132984,11,14
132959,132966,132985,19,7
132959,132977,132984,7,18
132959,132977,132984,7,18
132964,132983,132984,1,19
132964,132983,132985,2,19
132959,132979,132986,7,20
132959,132980,132985,5,21
132958,132959,132986,27,1
132958,132959,132985,26,1
132959,132978,132986,8,19
132964,132983,132987,4,19
132964,132985,132988,3,21
132964,132983,132988,5,19
132964,132985,132988,3,21
132964,132985,132988,3,21
132964,132985,132988,3,21
132964,132984,132989,5,20
132959,132978,132989,11,19
132964,132986,132989,3,22
132964,132985,132990,5,21
132964,132988,132990,2,24
132964,132989,132990,1,25
132964,132984,132990,6,20
132964,132984,132990,6,20
132964,132988,132990,2,24
132964,132983,132990,7,19
132964,132988,132989,1,24
132964,132988,132990,2,24
132964,132989,132990,1,25
132959,132979,132990,11,20
132959,132980,132991,11,21
132964,132986,132990,4,22
132964,132984,132991,7,20
132964,132984,132991,7,20
132964,132984,132990,6,20
132959,132979,132991,12,20
132964,132984,132992,8,20
132959,132971,132992,21,12
132964,132984,132993,9,20
132964,132991,132994,3,27
132964,132991,132994,3,27
132964,132992,132994,2,28
132964,132991,132994,3,27
132964,132990,132995,5,26
132964,132986,132996,10,22
132964,132993,132996,3,29
132964,132994,132996,2,30
132964,132994,132996,2,30
132964,132990,132996,6,26
132964,132994,132997,3,30
132964,132990,132997,7,26
132964,132990,132997,7,26
132964,132990,132997,7,26
132964,132995,132997,2,31
132964,132996,132998,2,32
132964,132990,132997,7,26
132964,132990,132997,7,26
132964,132995,132997,2,31
132964,132990,132997,7,26
132964,132990,132997,7,26
132964,132982,132999,17,18
132959,132972,132999,27,13
132959,132959,132999,40,0
132964,132985,133000,15,21
132964,132993,133001,8,29
132964,132987,133000,13,23
132964,132990,133000,10,26
132959,132966,133001,35,7
132964,132992,133002,10,28
132964,132990,133002,12,26
132964,132991,133003,12,27
132964,132991,133003,12,27
132964,132986,133004,18,22
132964,132986,133005,19,22
132964,132990,133004,14,26
132964,132991,133005,14,27
132964,132996,133007,11,32
132958,132959,133014,55,1
132964,132985,133019,34,21
132959,132977,133024,47,18
132832,132833,133026,193,1
132959,132982,133144,162,23
132964,132996,133147,151,32
133211,133211,133212,1,0
133211,133211,133213,2,0
133211,133211,133212,1,0
133211,133211,133213,2,0
133211,133211,133214,3,0
133211,133211,133215,4,0
133211,133211,133215,4,0
133211,133211,133216,5,0
133211,133211,133217,6,0
133211,133211,133217,6,0
133211,133211,133217,6,0
133211,133211,133217,6,0
133211,133211,133217,6,0
133211,133211,133218,7,0
133211,133211,133218,7,0
133211,133211,133218,7,0
133211,133211,133218,7,0
133211,133211,133218,7,0
133211,133211,133219,8,0
133211,133211,133219,8,0
133211,133211,133220,9,0
133220,133220,133221,1,0
133211,133211,133221,10,0
133220,133220,133221,1,0
133220,133220,133221,1,0
133211,133211,133223,12,0
133220,133220,133222,2,0
133220,133220,133223,3,0
133220,133221,133222,1,1
133211,133211,133224,13,0
133220,133220,133224,4,0
133220,133220,133224,4,0
133220,133222,133223,1,2
133220,133222,133223,1,2
133211,133211,133225,14,0
133220,133220,133224,4,0
133220,133220,133224,4,0
133220,133223,133224,1,3
133220,133220,133224,4,0
133220,133222,133225,3,2
133220,133220,133225,5,0
133220,133220,133225,5,0
133220,133220,133226,6,0
133220,133220,133225,5,0
133220,133220,133226,6,0
133220,133220,133227,7,0
133211,133211,133227,16,0
133220,133223,133226,3,3
133220,133220,133227,7,0
133226,133226,133227,1,0
133220,133220,133226,6,0
133220,133220,133227,7,0
133226,133226,133227,1,0
133220,133220,133227,7,0
133220,133220,133227,7,0
133220,133220,133228,8,0
133226,133226,133228,2,0
133226,133226,133228,2,0
133226,133228,133229,1,2
133226,133228,133230,2,2
133226,133228,133230,2,2
133226,133228,133229,1,2
133226,133227,133230,3,1
133226,133228,133229,1,2
133226,133228,133230,2,2
133220,133220,133231,11,0
133226,133227,133231,4,1
133226,133226,133231,5,0
133226,133227,133231,4,1
133226,133229,133230,1,3
133226,133227,133230,3,1
133226,133226,133232,6,0
133226,133230,133231,1,4
133226,133226,133232,6,0
133226,133226,133233,7,0
133226,133226,133233,7,0
133226,133227,133234,7,1
133226,133226,133233,7,0
133211,133211,133234,23,0
133220,133220,133235,15,0
133226,133227,133235,8,1
133226,133226,133235,9,0
133211,133211,133236,25,0
133211,133211,133236,25,0
133226,133226,133236,10,0
133226,133226,133237,11,0
133220,133221,133238,17,1
133211,133211,133237,26,0
133226,133226,133238,12,0
133226,133227,133240,13,1
133211,133211,133242,31,0
133226,133226,133247,21,0
133226,133226,133258,32,0
133220,133223,133378,155,3
133226,133230,133388,158,4
133231,133231,133401,170,0
133230,133230,133408,178,0
133232,133232,133411,179,0
133481,133481,133482,1,0
133481,133481,133482,1,0
133481,133481,133483,2,0
133481,133481,133484,3,0
133481,133481,133484,3,0
133481,133481,133484,3,0
133481,133481,133485,4,0
133481,133481,133484,3,0
133481,133481,133484,3,0
133481,133481,133484,3,0
133481,133481,133486,5,0
133481,133481,133486,5,0
133481,133481,133487,6,0
133481,133481,133487,6,0
133481,133481,133487,6,0
133481,133481,133486,5,0
133481,133481,133487,6,0
133481,133481,133487,6,0
133481,133481,133487,6,0
133481,133482,133488,6,1
133481,133482,133487,5,1
133481,133481,133488,7,0
133481,133483,133489,6,2
133481,133481,133489,8,0
133481,133488,133489,1,7
133481,133481,133490,9,0
133481,133481,133490,9,0
133481,133481,133490,9,0
133211,133212,133489,277,1
133481,133484,133490,6,3
133481,133487,133490,3,6
133481,133487,133490,3,6
133481,133487,133489,2,6
133481,133488,133490,2,7
133481,133487,133490,3,6
133481,133488,133490,2,7
133481,133489,133490,1,8
133481,133481,133491,10,0
133481,133489,133491,2,8
133481,133489,133491,2,8
133481,133481,133491,10,0
133481,133481,133491,10,0
133481,133484,133491,7,3
133481,133485,133491,6,4
133481,133490,133491,1,9
133481,133485,133492,7,4
133481,133486,133492,6,5
133481,133481,133492,11,0
133481,133487,133493,6,6
133481,133490,133493,3,9
133481,133481,133493,12,0
133481,133485,133493,8,4
133481,133486,133492,6,5
133481,133485,133493,8,4
133481,133485,133493,8,4
133481,133481,133493,12,0
133481,133490,133494,4,9
133481,133481,133499,18,0
133481,133481,133502,21,0
133481,133481,133505,24,0
133481,133481,133510,29,0
133481,133487,133514,27,6
133481,133481,133519,38,0
133610,133610,133612,2,0
133610,133610,133612,2,0
133610,133610,133612,2,0
133610,133610,133612,2,0
133610,133610,133614,4,0
133610,133610,133614,4,0
133610,133610,133613,3,0
133610,133610,133614,4,0
133610,133610,133615,5,0
133610,133610,133614,4,0
133610,133610,133615,5,0
133610,133610,133616,6,0
133610,133610,133616,6,0
133610,133610,133616,6,0
133610,133610,133616,6,0
133610,133610,133617,7,0
133610,133610,133616,6,0
133610,133610,133618,8,0
133610,133610,133617,7,0
133610,133610,133618,8,0
133610,133610,133618,8,0
133610,133612,133618,6,2
133610,133612,133618,6,2
133610,133612,133618,6,2
133610,133610,133618,8,0
133610,133610,133619,9,0
133610,133610,133619,9,0
133610,133610,133620,10,0
133610,133618,133620,2,8
133610,133613,133620,7,3
133610,133618,133620,2,8
133610,133618,133619,1,8
133610,133616,133619,3,6
133610,133617,133620,3,7
133610,133617,133620,3,7
133610,133618,133620,2,8
133610,133614,133620,6,4
133610,133616,133620,4,6
133610,133617,133619,2,7
133610,133618,133620,2,8
133610,133610,133620,10,0
133610,133610,133619,9,0
133610,133618,133620,2,8
133610,133610,133621,11,0
133610,133615,133622,7,5
133610,133619,133622,3,9
133610,133610,133623,13,0
133610,133615,133623,8,5
133610,133617,133623,6,7
133610,133614,133622,8,4
133610,133610,133624,14,0
133610,133614,133624,10,4
133610,133615,133625,10,5
133610,133614,133627,13,4
133610,133619,133628,9,9
133610,133610,133628,18,0
133610,133610,133629,19,0
133610,133618,133629,11,8
133610,133610,133629,19,0
133610,133610,133630,20,0
133610,133610,133640,30,0
133610,133618,133641,23,8
133737,133738,133739,1,1
133737,133738,133739,1,1
133737,133738,133739,1,1
133737,133738,133740,2,1
133737,133738,133740,2,1
133737,133738,133740,2,1
133737,133738,133741,3,1
133737,133738,133740,2,1
133737,133738,133741,3,1
133737,133738,133742,4,1
133737,133738,133742,4,1
133737,133738,133742,4,1
133737,133738,133743,5,1
133737,133738,133743,5,1
133737,133738,133743,5,1
133737,133738,133743,5,1
133737,133738,133743,5,1
133737,133738,133743,5,1
133737,133738,133743,5,1
133737,133738,133745,7,1
133737,133738,133745,7,1
133737,133738,133747,9,1
133737,133738,133747,9,1
133737,133738,133748,10,1
133737,133738,133748,10,1
133737,133738,133749,11,1
133737,133738,133749,11,1
133737,133738,133751,13,1
133737,133738,133756,18,1
133604,133604,133762,158,0
133737,133738,133765,27,1
133737,133738,133776,38,1
133862,133862,133863,1,0
133862,133862,133863,1,0
133862,133862,133864,2,0
133862,133862,133864,2,0
133862,133862,133864,2,0
133862,133862,133864,2,0
133862,133862,133864,2,0
133862,133862,133863,1,0
133862,133862,133864,2,0
133862,133862,133864,2,0
133862,133862,133864,2,0
133862,133862,133864,2,0
133862,133862,133864,2,0
133862,133862,133863,1,0
133862,133862,133864,2,0
133862,133862,133864,2,0
133862,133863,133865,2,1
133862,133863,133865,2,1
133862,133863,133865,2,1
133862,133862,133868,6,0
133862,133862,133868,6,0
133862,133862,133869,7,0
133862,133862,133870,8,0
133862,133862,133870,8,0
133862,133862,133871,9,0
133862,133862,133877,15,0
133862,133862,133882,20,0
133862,133862,133882,20,0
133862,133862,133882,20,0
133862,133862,133889,27,0
133862,133862,133907,45,0
133989,133989,133990,1,0
133989,133989,133990,1,0
133989,133989,133990,1,0
133989,133989,133991,2,0
133989,133989,133992,3,0
133989,133989,133992,3,0
133989,133989,133992,3,0
133989,133989,133992,3,0
133989,133989,133992,3,0
133738,133742,133993,251,4
133989,133989,133993,4,0
133989,133989,133992,3,0
133989,133989,133993,4,0
133989,133989,133994,5,0
133989,133989,133994,5,0
133989,133989,133994,5,0
133989,133989,133995,6,0
133989,133989,133995,6,0
133989,133989,133996,7,0
133989,133989,133997,8,0
133989,133989,133996,7,0
133989,133989,133997,8,0
133989,133989,133997,8,0
133989,133989,133997,8,0
133989,133989,134000,11,0
133989,133989,134001,12,0
133989,133989,134006,17,0
133989,133989,134009,20,0
133989,133989,134010,21,0
133989,133989,134011,22,0
133989,133989,134016,27,0
133989,133989,134035,46,0
134119,134120,134121,1,1
134119,134120,134121,1,1
134119,134120,134121,1,1
134119,134120,134121,1,1
134119,134120,134121,1,1
134119,134120,134121,1,1
134119,134120,134121,1,1
134119,134120,134121,1,1
134119,134120,134121,1,1
134119,134120,134121,1,1
134119,134120,134121,1,1
134119,134120,134121,1,1
134119,134120,134121,1,1
134119,134120,134121,1,1
134119,134120,134122,2,1
134119,134120,134122,2,1
134119,134120,134122,2,1
134119,134120,134123,3,1
134119,134120,134122,2,1
134119,134120,134123,3,1
134119,134120,134123,3,1
134119,134120,134123,3,1
134119,134120,134125,5,1
134119,134120,134125,5,1
134119,134120,134125,5,1
134119,134120,134130,10,1
134119,134120,134130,10,1
134119,134120,134133,13,1
134119,134120,134142,22,1
134119,134120,134143,23,1
134119,134120,134145,25,1
133863,133863,134155,292,0
133992,133992,134160,168,0
133989,133989,134233,244,0
134247,134247,134248,1,0
134247,134247,134248,1,0
134247,134247,134248,1,0
134247,134247,134248,1,0
134247,134247,134248,1,0
134247,134247,134248,1,0
134247,134247,134248,1,0
134247,134247,134248,1,0
134247,134247,134248,1,0
134247,134247,134248,1,0
134247,134247,134248,1,0
134247,134247,134248,1,0
134247,134247,134248,1,0
134247,134247,134248,1,0
134247,134247,134248,1,0
134247,134247,134248,1,0
134247,134247,134250,3,0
134247,134247,134249,2,0
134247,134247,134251,4,0
134247,134247,134251,4,0
134247,134247,134251,4,0
134250,134250,134252,2,0
134250,134250,134252,2,0
134250,134250,134252,2,0
134250,134250,134252,2,0
134247,134247,134253,6,0
134250,134250,134254,4,0
134250,134252,134254,2,2
134250,134252,134254,2,2
134250,134252,134254,2,2
134250,134252,134254,2,2
134250,134250,134255,5,0
134250,134250,134255,5,0
134250,134250,134255,5,0
134250,134250,134255,5,0
134247,134247,134256,9,0
134247,134247,134256,9,0
134250,134253,134256,3,3
134250,134250,134256,6,0
134250,134250,134256,6,0
134250,134254,134256,2,4
134250,134254,134255,1,4
134250,134250,134256,6,0
134250,134252,134256,4,2
134250,134252,134257,5,2
134250,134250,134257,7,0
134250,134250,134257,7,0
134250,134252,134257,5,2
134247,134247,134257,10,0
134250,134250,134258,8,0
134250,134250,134258,8,0
134247,134247,134259,12,0
134247,134247,134259,12,0
134247,134247,134260,13,0
134250,134250,134260,10,0
134247,134247,134261,14,0
134250,134250,134262,12,0
134247,134247,134263,16,0
134250,134250,134263,13,0
134247,134247,134271,24,0
134250,134250,134297,47,0
134250,134250,134301,51,0
134250,134254,134436,182,4
134120,134120,134446,326,0
134505,134505,134506,1,0
134505,134505,134506,1,0
134505,134505,134506,1,0
134505,134505,134507,2,0
134505,134505,134507,2,0
134505,134505,134509,4,0
134505,134505,134508,3,0
134505,134505,134509,4,0
134505,134505,134509,4,0
134505,134505,134511,6,0
134505,134505,134511,6,0
134505,134505,134510,5,0
134505,134505,134511,6,0
134505,134505,134510,5,0
134505,134505,134510,5,0
134505,134505,134510,5,0
134505,134505,134512,7,0
134505,134505,134514,9,0
134505,134506,134515,9,1
134505,134505,134516,11,0
134505,134505,134515,10,0
134505,134505,134516,11,0
134505,134505,134517,12,0
134505,134505,134517,12,0
134505,134505,134517,12,0
134505,134505,134519,14,0
134505,134505,134519,14,0
134373,134374,134519,145,1
134505,134505,134521,16,0
134505,134508,134521,13,3
134505,134505,134533,28,0
134379,134379,134538,159,0
134505,134505,134540,35,0
134505,134505,134541,36,0
134247,134247,134542,295,0
134505,134505,134543,38,0
134630,134630,134632,2,0
134630,134630,134632,2,0
134630,134630,134632,2,0
134630,134630,134632,2,0
134630,134631,134633,2,1
134630,134630,134634,4,0
134630,134630,134634,4,0
134630,134630,134634,4,0
134630,134630,134635,5,0
134630,134630,134635,5,0
134630,134630,134635,5,0
134630,134631,134636,5,1
134630,134630,134636,6,0
134630,134630,134636,6,0
134630,134630,134636,6,0
134630,134630,134636,6,0
134630,134631,134637,6,1
134630,134631,134636,5,1
134630,134631,134636,5,1
134630,134631,134637,6,1
134630,134631,134638,7,1
134630,134630,134638,8,0
134630,134631,134639,8,1
134630,134631,134643,12,1
134630,134630,134645,15,0
134630,134630,134646,16,0
134630,134630,134645,15,0
134630,134630,134649,19,0
134630,134631,134654,23,1
134630,134631,134658,27,1
134630,134630,134664,34,0
134505,134511,134672,161,6
134506,134511,134688,177,5
134507,134511,134744,233,4
134752,134752,134753,1,0
134752,134752,134753,1,0
134752,134752,134753,1,0
134752,134752,134753,1,0
134752,134752,134755,3,0
134752,134752,134754,2,0
134752,134752,134755,3,0
134752,134752,134757,5,0
134752,134752,134756,4,0
134752,134752,134757,5,0
134752,134752,134757,5,0
134752,134752,134756,4,0
134752,134752,134756,4,0
134752,134752,134757,5,0
134752,134752,134757,5,0
134752,134752,134757,5,0
134752,134752,134757,5,0
134759,134759,134760,1,0
134759,134759,134760,1,0
134759,134759,134760,1,0
134759,134759,134761,2,0
134759,134759,134762,3,0
134752,134752,134762,10,0
134759,134759,134763,4,0
134759,134761,134762,1,2
134759,134761,134762,1,2
134759,134761,134763,2,2
134759,134761,134763,2,2
134752,134752,134763,11,0
134752,134752,134763,11,0
134752,134752,134764,12,0
134759,134759,134763,4,0
134759,134762,134763,1,3
134759,134759,134764,5,0
134759,134763,134764,1,4
134752,134752,134765,13,0
134759,134759,134764,5,0
134759,134759,134765,6,0
134759,134759,134765,6,0
134759,134763,134764,1,4
134759,134763,134764,1,4
134759,134759,134764,5,0
134759,134759,134764,5,0
134759,134763,134764,1,4
134759,134763,134764,1,4
134759,134759,134764,5,0
134759,134759,134765,6,0
134759,134759,134766,7,0
134752,134752,134767,15,0
134752,134752,134768,16,0
134759,134764,134768,4,5
134759,134765,134768,3,6
134759,134765,134768,3,6
134759,134765,134768,3,6
134759,134763,134768,5,4
134752,134752,134769,17,0
134752,134752,134768,16,0
134759,134764,134769,5,5
134759,134766,134768,2,7
134759,134765,134769,4,6
134759,134765,134768,3,6
134759,134765,134769,4,6
134759,134764,134769,5,5
134752,134752,134768,16,0
134752,134752,134769,17,0
134759,134765,134770,5,6
134759,134768,134770,2,9
134759,134765,134770,5,6
134759,134765,134769,4,6
134759,134768,134770,2,9
134759,134764,134769,5,5
134759,134768,134769,1,9
134759,134768,134770,2,9
134752,134752,134770,18,0
134759,134765,134770,5,6
134762,134769,134770,1,7
134762,134769,134770,1,7
134759,134769,134770,1,10
134759,134759,134771,12,0
134759,134759,134771,12,0
134759,134768,134771,3,9
134762,134769,134770,1,7
134762,134769,134771,2,7
134759,134765,134771,6,6
134752,134752,134772,20,0
134762,134771,134773,2,9
134762,134771,134773,2,9
134762,134771,134773,2,9
134762,134772,134774,2,10
134759,134759,134774,15,0
134759,134769,134774,5,10
134762,134771,134775,4,9
134762,134771,134775,4,9
134762,134770,134774,4,8
134762,134773,134775,2,11
134762,134770,134775,5,8
134762,134773,134774,1,11
134762,134770,134776,6,8
134762,134770,134776,6,8
134762,134774,134776,2,12
134762,134771,134775,4,9
134762,134771,134775,4,9
134762,134774,134776,2,12
134762,134770,134775,5,8
134762,134770,134776,6,8
134762,134770,134776,6,8
134762,134770,134775,5,8
134762,134773,134777,4,11
134759,134764,134776,12,5
134762,134769,134776,7,7
134759,134764,134777,13,5
134762,134770,134778,8,8
134759,134769,134778,9,10
134759,134763,134778,15,4
134759,134767,134781,14,8
134752,134752,134781,29,0
134759,134759,134782,23,0
134762,134770,134782,12,8
134759,134765,134783,18,6
134759,134768,134783,15,9
134762,134771,134792,21,9
134759,134759,134799,40,0
134762,134771,134802,31,9
134762,134774,134804,30,12
134759,134769,134920,151,10
134817,134818,134973,155,1
134762,134775,135010,235,13
135015,135015,135016,1,0
135015,135015,135016,1,0
135015,135015,135016,1,0
135015,135015,135016,1,0
135015,135015,135016,1,0
135015,135015,135016,1,0
135015,135015,135016,1,0
135015,135015,135016,1,0
135015,135015,135016,1,0
135015,135015,135016,1,0
135015,135015,135016,1,0
135015,135015,135016,1,0
135015,135015,135016,1,0
135015,135015,135016,1,0
135015,135015,135017,2,0
135015,135015,135018,3,0
135015,135015,135018,3,0
135015,135015,135018,3,0
135015,135015,135018,3,0
135018,135018,135019,1,0
135018,135018,135019,1,0
135018,135018,135019,1,0
135018,135018,135020,2,0
135018,135020,135021,1,2
135018,135020,135021,1,2
135018,135021,135022,1,3
135018,135021,135022,1,3
135018,135018,135022,4,0
135018,135019,135022,3,1
135018,135018,135023,5,0
135018,135018,135023,5,0
135018,135018,135022,4,0
135018,135018,135023,5,0
135018,135022,135023,1,4
135018,135018,135023,5,0
135018,135018,135023,5,0
135018,135018,135023,5,0
135018,135018,135023,5,0
135018,135022,135023,1,4
135019,135024,135025,1,5
135019,135024,135025,1,5
135018,135018,135024,6,0
135018,135023,135024,1,5
135018,135023,135024,1,5
135018,135023,135024,1,5
135018,135019,135024,5,1
135018,135019,135024,5,1
135015,135015,135025,10,0
135019,135024,135025,1,5
135018,135018,135025,7,0
135019,135024,135025,1,5
135015,135015,135025,10,0
135018,135023,135026,3,5
135019,135026,135028,2,7
135019,135024,135027,3,5
135015,135015,135027,12,0
135015,135015,135027,12,0
135015,135015,135028,13,0
135019,135026,135028,2,7
135019,135024,135028,4,5
135019,135024,135028,4,5
135019,135025,135028,3,6
135019,135024,135028,4,5
135019,135025,135029,4,6
135019,135025,135030,5,6
135019,135025,135030,5,6
135019,135026,135029,3,7
135019,135028,135029,1,9
135019,135025,135029,4,6
135019,135025,135029,4,6
135019,135028,135029,1,9
135019,135024,135029,5,5
135019,135029,135030,1,10
135019,135029,135030,1,10
135019,135029,135030,1,10
135019,135025,135030,5,6
135015,135015,135031,16,0
134752,134752,135031,279,0
135019,135027,135031,4,8
135019,135025,135032,7,6
135019,135029,135033,4,10
135018,135018,135034,16,0
134889,134889,135037,148,0
135019,135028,135039,11,9
135015,135015,135041,26,0
135018,135018,135042,24,0
135015,135015,135043,28,0
135019,135025,135045,20,6
135019,135026,135045,19,7
135018,135018,135045,27,0
135019,135028,135045,17,9
135015,135015,135046,31,0
135015,135015,135047,32,0
135015,135015,135046,31,0
135015,135015,135061,46,0
135144,135144,135146,2,0
135144,135144,135146,2,0
135144,135144,135146,2,0
135144,135144,135147,3,0
135144,135144,135148,4,0
135144,135144,135149,5,0
135144,135144,135150,6,0
135144,135144,135150,6,0
135144,135144,135150,6,0
135144,135144,135150,6,0
135144,135144,135150,6,0
135144,135144,135153,9,0
135144,135144,135153,9,0
135144,135144,135155,11,0
135144,135144,135156,12,0
135144,135144,135156,12,0
135144,135144,135157,13,0
135144,135144,135157,13,0
135144,135144,135157,13,0
135144,135144,135157,13,0
135144,135144,135158,14,0
135144,135144,135158,14,0
135144,135144,135160,16,0
135144,135144,135163,19,0
135144,135144,135164,20,0
135144,135144,135164,20,0
135144,135144,135167,23,0
135144,135144,135171,27,0
135144,135144,135174,30,0
135019,135024,135178,154,5
135021,135030,135178,148,9
135144,135144,135181,37,0
135144,135144,135191,47,0
135020,135029,135219,190,9
135020,135029,135220,191,9
135276,135276,135277,1,0
135276,135276,135277,1,0
135276,135276,135277,1,0
135276,135276,135277,1,0
135276,135276,135277,1,0
135276,135276,135277,1,0
135276,135276,135277,1,0
135276,135276,135277,1,0
135276,135276,135277,1,0
135276,135276,135277,1,0
135276,135276,135278,2,0
135276,135276,135278,2,0
135276,135276,135277,1,0
135276,135276,135278,2,0
135276,135276,135279,3,0
135279,135279,135280,1,0
135276,135276,135280,4,0
135279,135279,135281,2,0
135279,135279,135281,2,0
135279,135279,135280,1,0
135276,135276,135283,7,0
135279,135279,135283,4,0
135279,135279,135283,4,0
135279,135279,135283,4,0
135276,135276,135283,7,0
135279,135279,135284,5,0
135279,135279,135284,5,0
135279,135279,135284,5,0
135279,135279,135284,5,0
135279,135280,135284,4,1
135279,135281,135283,2,2
135279,135279,135284,5,0
135279,135279,135284,5,0
135279,135281,135284,3,2
135279,135281,135285,4,2
135279,135279,135285,6,0
135279,135280,135285,5,1
135279,135283,135285,2,4
135279,135283,135285,2,4
135279,135284,135285,1,5
135279,135283,135285,2,4
135279,135284,135285,1,5
135276,135276,135286,10,0
135279,135279,135286,7,0
135279,135284,135286,2,5
135279,135284,135286,2,5
135279,135284,135286,2,5
135279,135284,135286,2,5
135279,135284,135286,2,5
135279,135284,135286,2,5
135279,135284,135286,2,5
135276,135276,135286,10,0
135276,135276,135287,11,0
135279,135283,135287,4,4
135279,135284,135287,3,5
135276,135276,135288,12,0
135276,135276,135289,13,0
135279,135287,135289,2,8
135279,135287,135289,2,8
135279,135287,135289,2,8
135279,135287,135289,2,8
135145,135146,135290,144,1
135279,135286,135290,4,7
135279,135286,135290,4,7
135279,135286,135290,4,7
135279,135287,135290,3,8
135279,135286,135290,4,7
135279,135287,135290,3,8
135279,135287,135290,3,8
135279,135290,135291,1,11
135279,135286,135290,4,7
135279,135290,135291,1,11
135280,135290,135291,1,10
135280,135291,135292,1,11
135280,135291,135292,1,11
135279,135290,135291,1,11
135279,135290,135291,1,11
135279,135286,135292,6,7
135280,135291,135292,1,11
135279,135285,135293,8,6
135276,135276,135293,17,0
135279,135285,135294,9,6
135280,135291,135295,4,11
135280,135291,135296,5,11
135280,135292,135296,4,12
135280,135292,135295,3,12
135280,135291,135295,4,11
135280,135291,135295,4,11
135280,135292,135295,3,12
135280,135292,135295,3,12
135279,135287,135296,9,8
135279,135287,135296,9,8
135280,135291,135296,5,11
135280,135294,135296,2,14
135280,135293,135296,3,13
135280,135293,135296,3,13
135279,135279,135297,18,0
135279,135286,135297,11,7
135279,135285,135297,12,6
135280,135296,135298,2,16
135280,135296,135298,2,16
135280,135296,135297,1,16
135280,135296,135297,1,16
135280,135296,135297,1,16
135280,135296,135297,1,16
135280,135296,135297,1,16
135280,135294,135298,4,14
135280,135295,135298,3,15
135280,135297,135298,1,17
135280,135291,135298,7,11
135280,135291,135298,7,11
135280,135296,135298,2,16
135279,135289,135300,11,10
135276,135276,135307,31,0
135276,135276,135307,31,0
135279,135287,135308,21,8
135280,135296,135309,13,16
135276,135276,135310,34,0
135279,135287,135310,23,8
135279,135288,135311,23,9
135276,135276,135314,38,0
135276,135276,135315,39,0
135150,135151,135326,175,1
135276,135276,135328,52,0
135280,135296,135331,35,16
135276,135276,135341,65,0
135015,135015,135383,368,0
135403,135404,135405,1,1
135403,135404,135405,1,1
135403,135404,135405,1,1
135403,135404,135405,1,1
135404,135406,135407,1,2
135403,135404,135406,2,1
135403,135404,135407,3,1
135404,135406,135407,1,2
135403,135404,135407,3,1
135403,135404,135408,4,1
135403,135404,135408,4,1
135403,135404,135408,4,1
135403,135404,135409,5,1
135403,135404,135408,4,1
135403,135404,135409,5,1
135403,135404,135409,5,1
135403,135404,135409,5,1
135404,135406,135410,4,2
135404,135406,135409,3,2
135403,135404,135411,7,1
135404,135407,135411,4,3
135404,135404,135412,8,0
135404,135408,135411,3,4
135404,135408,135411,3,4
135404,135409,135412,3,5
135404,135409,135411,2,5
135404,135410,135411,1,6
135403,135404,135412,8,1
135403,135404,135412,8,1
135404,135409,135412,3,5
135404,135408,135412,4,4
135404,135409,135412,3,5
135404,135410,135412,2,6
135404,135410,135412,2,6
135404,135410,135412,2,6
135404,135411,135412,1,7
135403,135404,135413,9,1
135404,135410,135413,3,6
135404,135412,135413,1,8
135404,135412,135413,1,8
135404,135412,135413,1,8
135409,135413,135414,1,4
135409,135413,135414,1,4
135409,135413,135414,1,4
135404,135412,135413,1,8
135404,135412,135413,1,8
135403,135404,135414,10,1
135404,135408,135414,6,4
135409,135413,135414,1,4
135403,135404,135415,11,1
135404,135413,135415,2,9
135409,135413,135416,3,4
135403,135404,135416,12,1
135403,135404,135416,12,1
135409,135414,135417,3,5
135403,135404,135417,13,1
135409,135414,135418,4,5
135409,135414,135417,3,5
135409,135414,135417,3,5
135409,135415,135417,2,6
135409,135413,135417,4,4
135409,135414,135418,4,5
135409,135416,135418,2,7
135409,135414,135419,5,5
135409,135414,135418,4,5
135409,135415,135418,3,6
135409,135414,135418,4,5
135409,135417,135418,1,8
135409,135418,135419,1,9
135409,135418,135419,1,9
135409,135418,135419,1,9
135409,135418,135419,1,9
135409,135418,135419,1,9
135404,135412,135420,8,8
135403,135404,135421,17,1
135409,135414,135421,7,5
135108,135108,135422,314,0
135404,135411,135424,13,7
135404,135404,135424,20,0
135404,135413,135424,11,9
135403,135404,135425,21,1
135403,135404,135425,21,1
135403,135404,135425,21,1
135409,135416,135425,9,7
135409,135416,135425,9,7
135404,135407,135426,19,3
135409,135414,135429,15,5
135409,135417,135431,14,8
135409,135418,135433,15,9
135403,135404,135433,29,1
135403,135404,135435,31,1
135403,135404,135435,31,1
135280,135290,135439,149,10
135409,135415,135446,31,6
135409,135417,135445,28,8
135281,135297,135503,206,16
135276,135276,135508,232,0
135539,135539,135540,1,0
135539,135539,135540,1,0
135539,135539,135540,1,0
135539,135539,135541,2,0
135539,135539,135541,2,0
135539,135539,135542,3,0
135539,135541,135542,1,2
135539,135539,135542,3,0
135539,135539,135544,5,0
135539,135539,135543,4,0
135539,135539,135543,4,0
135539,135539,135544,5,0
135539,135541,135543,2,2
135539,135539,135544,5,0
135539,135539,135544,5,0
135539,135539,135544,5,0
135539,135541,135545,4,2
135539,135544,135545,1,5
135539,135544,135546,2,5
135539,135542,135546,4,3
135539,135544,135546,2,5
135539,135542,135546,4,3
135539,135543,135547,4,4
135539,135544,135547,3,5
135539,135545,135547,2,6
135539,135539,135547,8,0
135539,135539,135547,8,0
135539,135543,135547,4,4
135539,135544,135546,2,5
135539,135544,135546,2,5
135539,135539,135548,9,0
135539,135545,135547,2,6
135539,135545,135547,2,6
135539,135543,135547,4,4
135539,135546,135547,1,7
135539,135546,135547,1,7
135539,135539,135549,10,0
135539,135539,135549,10,0
135539,135539,135548,9,0
135539,135539,135549,10,0
135539,135539,135548,9,0
135539,135547,135548,1,8
135539,135547,135548,1,8
135539,135547,135548,1,8
135539,135547,135548,1,8
135539,135547,135548,1,8
135539,135547,135548,1,8
135539,135547,135548,1,8
135539,135547,135548,1,8
135539,135547,135548,1,8
135539,135539,135549,10,0
135539,135539,135549,10,0
135542,135548,135550,2,6
135542,135548,135550,2,6
135542,135548,135550,2,6
135539,135539,135551,12,0
135539,135539,135550,11,0
135542,135548,135551,3,6
135542,135549,135551,2,7
135542,135549,135551,2,7
135542,135549,135551,2,7
135539,135539,135551,12,0
135539,135539,135551,12,0
135542,135549,135551,2,7
135542,135550,135552,2,8
135542,135550,135552,2,8
135542,135549,135552,3,7
135542,135549,135552,3,7
135542,135549,135552,3,7
135542,135549,135551,2,7
135542,135551,135552,1,9
135542,135551,135552,1,9
135539,135539,135553,14,0
135542,135548,135552,4,6
135542,135551,135552,1,9
135542,135549,135552,3,7
135542,135548,135552,4,6
135542,135551,135553,2,9
135539,135539,135554,15,0
135542,135550,135554,4,8
135539,135539,135557,18,0
135539,135539,135558,19,0
135542,135547,135559,12,5
135542,135549,135561,12,7
135542,135549,135561,12,7
135542,135549,135561,12,7
135542,135550,135562,12,8
135542,135551,135562,11,9
135539,135539,135565,26,0
135542,135549,135569,20,7
135539,135539,135572,33,0
135542,135550,135573,23,8
135542,135549,135574,25,7
135409,135418,135590,172,9
135404,135413,135597,184,9
135664,135665,135666,1,1
135664,135665,135666,1,1
135664,135665,135666,1,1
135664,135665,135666,1,1
135664,135665,135667,2,1
135664,135665,135668,3,1
135664,135665,135668,3,1
135664,135665,135668,3,1
135664,135665,135668,3,1
135664,135665,135669,4,1
135664,135665,135669,4,1
135664,135665,135669,4,1
135664,135665,135669,4,1
135664,135665,135671,6,1
135664,135665,135670,5,1
135664,135665,135670,5,1
135664,135665,135670,5,1
135664,135665,135671,6,1
135664,135665,135672,7,1
135664,135665,135675,10,1
135664,135665,135676,11,1
135664,135665,135678,13,1
135664,135665,135680,15,1
135664,135665,135685,20,1
135664,135665,135688,23,1
135664,135665,135696,31,1
135664,135665,135704,39,1
135664,135665,135705,40,1
135794,135794,135795,1,0
135794,135794,135795,1,0
135794,135794,135796,2,0
135794,135794,135795,1,0
135794,135794,135796,2,0
135794,135794,135796,2,0
135794,135794,135796,2,0
135794,135794,135796,2,0
135794,135794,135797,3,0
135794,135794,135798,4,0
135794,135794,135797,3,0
135794,135794,135798,4,0
135794,135794,135798,4,0
135794,135794,135798,4,0
135794,135794,135798,4,0
135794,135794,135798,4,0
135794,135794,135799,5,0
135794,135794,135798,4,0
135794,135794,135799,5,0
135794,135794,135799,5,0
135794,135794,135799,5,0
135794,135794,135800,6,0
135794,135794,135802,8,0
135794,135794,135802,8,0
135794,135794,135801,7,0
135794,135794,135801,7,0
135794,135794,135803,9,0
135794,135794,135806,12,0
135794,135794,135807,13,0
135794,135794,135810,16,0
135794,135794,135820,26,0
135539,135547,135875,328,8
135927,135927,135928,1,0
135927,135927,135928,1,0
135927,135927,135928,1,0
135927,135927,135928,1,0
135927,135927,135928,1,0
135927,135927,135928,1,0
135927,135927,135928,1,0
135927,135927,135928,1,0
135927,135927,135928,1,0
135927,135927,135929,2,0
135927,135927,135928,1,0
135927,135927,135928,1,0
135927,135927,135930,3,0
135927,135927,135930,3,0
135927,135927,135930,3,0
135927,135927,135930,3,0
135927,135927,135930,3,0
135927,135927,135931,4,0
135927,135927,135931,4,0
135927,135927,135933,6,0
135927,135927,135933,6,0
135927,135927,135932,5,0
135927,135927,135933,6,0
135932,135932,135933,1,0
135932,135932,135933,1,0
135932,135932,135933,1,0
135932,135932,135933,1,0
135932,135934,135935,1,2
135932,135932,135935,3,0
135927,135927,135935,8,0
135927,135927,135935,8,0
135927,135927,135935,8,0
135927,135927,135935,8,0
135932,135934,135935,1,2
135932,135932,135935,3,0
135932,135932,135935,3,0
135932,135932,135936,4,0
135932,135934,135935,1,2
135932,135932,135935,3,0
135932,135932,135936,4,0
135932,135932,135936,4,0
135932,135934,135935,1,2
135932,135933,135936,3,1
135932,135932,135936,4,0
135932,135935,135936,1,3
135932,135932,135936,4,0
135932,135935,135936,1,3
135932,135933,135936,3,1
135932,135933,135937,4,1
135932,135933,135937,4,1
135927,135927,135937,10,0
135927,135927,135937,10,0
135932,135932,135937,5,0
135932,135932,135937,5,0
135932,135932,135937,5,0
135932,135932,135938,6,0
135932,135932,135939,7,0
135927,135927,135943,16,0
135932,135935,135944,9,3
135932,135935,135945,10,3
135932,135935,135945,10,3
135665,135665,135952,287,0
135927,135927,135958,31,0
135803,135803,135963,160,0
135800,135800,135971,171,0
135804,135804,135989,185,0
136055,136055,136056,1,0
136055,136055,136056,1,0
136055,136055,136057,2,0
136055,136055,136056,1,0
136055,136055,136056,1,0
136055,136055,136056,1,0
136055,136055,136057,2,0
136055,136055,136057,2,0
136055,136055,136057,2,0
136055,136055,136058,3,0
136055,136055,136057,2,0
136055,136055,136057,2,0
136055,136055,136057,2,0
136055,136055,136058,3,0
136055,136055,136058,3,0
136058,136058,136059,1,0
136055,136055,136058,3,0
136055,136055,136058,3,0
136058,136058,136059,1,0
136058,136058,136059,1,0
136055,136055,136058,3,0
136055,136055,136058,3,0
136055,136055,136058,3,0
136055,136055,136059,4,0
136055,136055,136059,4,0
136058,136058,136059,1,0
136055,136055,136061,6,0
136058,136058,136060,2,0
136058,136060,136061,1,2
136058,136059,136061,2,1
136058,136059,136060,1,1
136058,136059,136061,2,1
136058,136059,136061,2,1
136058,136059,136060,1,1
136055,136055,136062,7,0
136058,136058,136061,3,0
136058,136060,136061,1,2
136058,136060,136061,1,2
136058,136059,136062,3,1
136058,136058,136061,3,0
136058,136058,136062,4,0
136058,136059,136062,3,1
136055,136055,136062,7,0
136055,136055,136061,6,0
136058,136058,136062,4,0
136058,136061,136062,1,3
136058,136061,136062,1,3
136058,136061,136062,1,3
136058,136061,136062,1,3
136058,136058,136062,4,0
136058,136058,136062,4,0
136055,136055,136062,7,0
136058,136058,136063,5,0
136058,136058,136063,5,0
136055,136055,136065,10,0
136055,136055,136064,9,0
136058,136058,136069,11,0
136058,136058,136069,11,0
136055,136055,136073,18,0
136058,136058,136073,15,0
136058,136059,136074,15,1
135927,135928,136088,160,1
136055,136055,136088,33,0
135794,135794,136096,302,0
136188,136188,136189,1,0
136188,136188,136189,1,0
136188,136188,136189,1,0
136188,136188,136190,2,0
136188,136188,136190,2,0
136188,136188,136190,2,0
136188,136188,136191,3,0
136188,136188,136191,3,0
136188,136188,136191,3,0
136188,136188,136191,3,0
136188,136188,136191,3,0
136188,136188,136191,3,0
136188,136188,136192,4,0
136188,136188,136191,3,0
136188,136188,136191,3,0
135932,135935,136191,256,3
136188,136188,136191,3,0
136188,136188,136191,3,0
136188,136188,136192,4,0
136188,136188,136192,4,0
136188,136188,136193,5,0
136188,136188,136194,6,0
136188,136188,136195,7,0
136188,136188,136196,8,0
136188,136188,136197,9,0
136188,136188,136197,9,0
136188,136188,136198,10,0
136188,136188,136197,9,0
136188,136188,136199,11,0
136188,136188,136201,13,0
136188,136188,136204,16,0
136188,136188,136212,24,0
136315,136315,136317,2,0
136315,136315,136316,1,0
136315,136315,136317,2,0
136315,136315,136316,1,0
136315,136315,136316,1,0
136315,136315,136317,2,0
136315,136315,136316,1,0
136315,136315,136317,2,0
136315,136315,136317,2,0
136315,136315,136318,3,0
136315,136315,136318,3,0
136315,136315,136318,3,0
136315,136315,136318,3,0
136315,136315,136318,3,0
136315,136315,136318,3,0
136318,136318,136319,1,0
136315,136315,136319,4,0
136315,136315,136318,3,0
136315,136315,136318,3,0
136315,136315,136319,4,0
136315,136315,136319,4,0
136315,136315,136320,5,0
136318,136318,136319,1,0
136318,136318,136319,1,0
136318,136318,136319,1,0
136318,136318,136320,2,0
136315,136315,136320,5,0
136318,136318,136320,2,0
136318,136319,136321,2,1
136318,136319,136320,1,1
136318,136318,136321,3,0
136318,136318,136320,2,0
136318,136319,136321,2,1
136318,136318,136321,3,0
136318,136319,136321,2,1
136318,136318,136321,3,0
136318,136318,136321,3,0
136318,136318,136321,3,0
136315,136315,136322,7,0
136318,136320,136322,2,2
136318,136318,136321,3,0
136318,136320,136321,1,2
136318,136320,136321,1,2
136318,136320,136321,1,2
136318,136321,136322,1,3
136318,136319,136322,3,1
136318,136319,136322,3,1
136318,136319,136322,3,1
136315,136315,136322,7,0
136318,136321,136323,2,3
136318,136321,136322,1,3
136318,136321,136322,1,3
136315,136315,136323,8,0
136318,136320,136323,3,2
136315,136315,136325,10,0
136318,136318,136326,8,0
136315,136315,136325,10,0
136181,136181,136330,149,0
136315,136315,136334,19,0
136315,136315,136336,21,0
136055,136055,136336,281,0
136315,136315,136337,22,0
136315,136315,136346,31,0
136318,136319,136358,39,1
136442,136442,136443,1,0
136442,136442,136443,1,0
136442,136442,136443,1,0
136442,136442,136444,2,0
136442,136442,136443,1,0
136442,136442,136444,2,0
136442,136442,136444,2,0
136442,136442,136443,1,0
136442,136442,136443,1,0
136442,136442,136443,1,0
136442,136442,136443,1,0
136442,136442,136443,1,0
136442,136442,136443,1,0
136442,136442,136445,3,0
136442,136442,136445,3,0
136442,136442,136445,3,0
136442,136442,136444,2,0
136442,136442,136445,3,0
136442,136442,136445,3,0
136442,136442,136446,4,0
136442,136442,136447,5,0
136442,136442,136446,4,0
136442,136442,136446,4,0
136442,136442,136450,8,0
136442,136442,136450,8,0
136442,136442,136450,8,0
136442,136442,136450,8,0
136442,136442,136452,10,0
136442,136442,136452,10,0
136188,136188,136457,269,0
136442,136442,136460,18,0
136442,136442,136475,33,0
136319,136321,136476,155,2
136318,136321,136496,175,3
136315,136315,136668,353,0
136691,136691,136692,1,0
136691,136691,136693,2,0
136691,136691,136693,2,0
136691,136691,136692,1,0
136691,136691,136693,2,0
136691,136691,136692,1,0
136691,136691,136693,2,0
136691,136691,136693,2,0
136691,136691,136692,1,0
136691,136691,136693,2,0
136691,136691,136693,2,0
136691,136691,136694,3,0
136691,136691,136694,3,0
136691,136691,136694,3,0
136691,136691,136695,4,0
136691,136691,136695,4,0
136691,136691,136695,4,0
136691,136691,136695,4,0
136691,136691,136695,4,0
136691,136691,136695,4,0
136691,136691,136696,5,0
136691,136691,136697,6,0
136691,136691,136699,8,0
136691,136691,136699,8,0
136691,136691,136699,8,0
136691,136691,136700,9,0
136691,136691,136700,9,0
136691,136691,136700,9,0
136691,136691,136699,8,0
136637,136637,136701,64,0
136691,136691,136703,12,0
136691,136691,136713,22,0
136936,136936,136937,1,0
136936,136936,136937,1,0
136936,136936,136937,1,0
136936,136936,136938,2,0
136936,136936,136937,1,0
136936,136936,136937,1,0
136936,136936,136937,1,0
136936,136936,136937,1,0
136936,136936,136937,1,0
136936,136936,136938,2,0
136936,136936,136938,2,0
136936,136936,136938,2,0
136936,136936,136938,2,0
136936,136936,136938,2,0
136936,136936,136938,2,0
136936,136936,136939,3,0
136936,136936,136942,6,0
136936,136936,136942,6,0
136936,136936,136943,7,0
136943,136943,136944,1,0
136943,136943,136944,1,0
136943,136943,136944,1,0
136943,136943,136944,1,0
136943,136943,136945,2,0
136943,136943,136945,2,0
136943,136943,136944,1,0
136943,136943,136945,2,0
136943,136943,136944,1,0
136943,136943,136945,2,0
136943,136943,136945,2,0
136943,136944,136945,1,1
136943,136943,136944,1,0
136943,136943,136945,2,0
136943,136943,136945,2,0
136943,136944,136945,1,1
136943,136945,136946,1,2
136943,136943,136946,3,0
136943,136944,136945,1,1
136943,136944,136945,1,1
136936,136936,136946,10,0
136936,136936,136947,11,0
136936,136936,136947,11,0
136943,136943,136946,3,0
136943,136945,136947,2,2
136943,136943,136946,3,0
136943,136945,136946,1,2
136946,136947,136948,1,1
136946,136947,136948,1,1
136936,136936,136949,13,0
136946,136947,136949,2,1
136946,136947,136948,1,1
136946,136947,136949,2,1
136946,136948,136949,1,2
136946,136947,136950,3,1
136946,136948,136950,2,2
136946,136948,136950,2,2
136946,136949,136950,1,3
136946,136947,136950,3,1
136946,136948,136950,2,2
136946,136948,136950,2,2
136946,136948,136950,2,2
136946,136948,136950,2,2
136946,136948,136951,3,2
136946,136950,136951,1,4
136946,136950,136951,1,4
136946,136950,136951,1,4
136946,136951,136952,1,5
136946,136950,136951,1,4
136946,136947,136952,5,1
136946,136951,136952,1,5
136946,136951,136952,1,5
136946,136951,136952,1,5
136946,136951,136952,1,5
136946,136951,136952,1,5
136943,136943,136952,9,0
136943,136947,136953,6,4
136936,136936,136954,18,0
136943,136943,136953,10,0
136936,136936,136955,19,0
136943,136943,136955,12,0
136943,136943,136954,11,0
136946,136948,136958,10,2
136936,136936,136959,23,0
136936,136936,136959,23,0
136943,136943,136964,21,0
136936,136936,136964,28,0
136943,136943,136965,22,0
136936,136936,136969,33,0
136936,136936,136972,36,0
136943,136943,136975,32,0
136946,136949,136976,27,3
136946,136948,136978,30,2
136946,136948,136979,31,2
136777,136777,136993,216,0
136948,136951,137092,141,3
136943,136947,137115,168,4
136947,136951,137120,169,4
137194,137194,137195,1,0
137194,137194,137195,1,0
137194,137194,137195,1,0
137194,137194,137195,1,0
137194,137194,137195,1,0
137194,137194,137195,1,0
137194,137194,137196,2,0
137194,137194,137195,1,0
137194,137194,137196,2,0
137194,137194,137196,2,0
137194,137194,137195,1,0
137194,137194,137196,2,0
137194,137194,137196,2,0
137194,137194,137196,2,0
137194,137194,137196,2,0
137194,137194,137196,2,0
137194,137194,137196,2,0
137194,137194,137197,3,0
137194,137194,137197,3,0
137194,137194,137197,3,0
137194,137194,137201,7,0
137194,137194,137203,9,0
137194,137194,137203,9,0
137194,137194,137208,14,0
137194,137194,137211,17,0
137194,137194,137216,22,0
137194,137194,137218,24,0
137194,137194,137217,23,0
137194,137194,137221,27,0
137194,137194,137222,28,0
137194,137194,137240,46,0
136936,136936,137247,311,0
137321,137322,137323,1,1
137321,137322,137323,1,1
137321,137322,137323,1,1
137321,137322,137323,1,1
137321,137322,137323,1,1
137321,137322,137323,1,1
137321,137322,137323,1,1
137321,137322,137323,1,1
137321,137322,137324,2,1
137321,137322,137324,2,1
137321,137322,137324,2,1
137321,137322,137325,3,1
137321,137322,137324,2,1
137321,137322,137325,3,1
137321,137322,137324,2,1
137325,137325,137326,1,0
137321,137322,137325,3,1
137321,137322,137325,3,1
137325,137325,137326,1,0
137325,137325,137326,1,0
137321,137322,137326,4,1
137325,137326,137327,1,1
137325,137325,137327,2,0
137325,137325,137327,2,0
137325,137326,137327,1,1
137325,137325,137326,1,0
137325,137326,137327,1,1
137325,137325,137326,1,0
137325,137325,137327,2,0
137325,137326,137327,1,1
137325,137325,137327,2,0
137325,137327,137328,1,2
137325,137325,137327,2,0
137325,137325,137327,2,0
137325,137325,137328,3,0
137325,137325,137328,3,0
137325,137327,137328,1,2
137325,137327,137328,1,2
137325,137327,137328,1,2
137325,137327,137328,1,2
137325,137327,137328,1,2
137325,137327,137328,1,2
137321,137322,137329,7,1
137321,137322,137329,7,1
137325,137327,137329,2,2
137321,137322,137331,9,1
137321,137322,137332,10,1
137325,137325,137334,9,0
137321,137322,137334,12,1
137321,137322,137337,15,1
137321,137322,137337,15,1
137325,137325,137340,15,0
137325,137325,137342,17,0
137325,137326,137341,15,1
137321,137322,137343,21,1
137321,137322,137346,24,1
137321,137322,137346,24,1
137321,137322,137348,26,1
137321,137322,137347,25,1
137325,137325,137349,24,0
137325,137325,137354,29,0
137321,137322,137369,47,1
137451,137451,137452,1,0
137451,137451,137452,1,0
137451,137451,137452,1,0
137451,137451,137452,1,0
137451,137451,137452,1,0
137451,137451,137452,1,0
137451,137451,137452,1,0
137451,137451,137452,1,0
137451,137451,137452,1,0
137451,137451,137452,1,0
137451,137451,137452,1,0
137451,137451,137452,1,0
137451,137451,137452,1,0
137451,137451,137453,2,0
137451,137451,137453,2,0
137451,137451,137454,3,0
137451,137451,137454,3,0
137451,137451,137457,6,0
137451,137451,137457,6,0
137451,137451,137458,7,0
137451,137451,137459,8,0
137451,137451,137463,12,0
137451,137451,137469,18,0
137451,137451,137468,17,0
137451,137451,137469,18,0
137451,137451,137471,20,0
137316,137316,137478,162,0
137451,137451,137480,29,0
137451,137451,137480,29,0
137451,137451,137480,29,0
137451,137451,137480,29,0
137325,137327,137493,166,2
137451,137451,137507,56,0
137576,137576,137577,1,0
137576,137576,137577,1,0
137576,137576,137577,1,0
137576,137576,137577,1,0
137576,137576,137578,2,0
137576,137576,137577,1,0
137576,137576,137577,1,0
137576,137576,137578,2,0
137576,137576,137578,2,0
137576,137576,137577,1,0
137576,137576,137578,2,0
137576,137576,137577,1,0
137576,137576,137577,1,0
137576,137576,137579,3,0
137576,137576,137578,2,0
137576,137576,137579,3,0
137576,137576,137579,3,0
137576,137576,137580,4,0
137576,137576,137579,3,0
137576,137576,137579,3,0
137576,137576,137580,4,0
137576,137576,137580,4,0
137576,137576,137580,4,0
137576,137576,137579,3,0
137576,137576,137580,4,0
137576,137576,137583,7,0
137576,137576,137583,7,0
137058,137058,137590,532,0
137576,137576,137590,14,0
137576,137576,137591,15,0
137576,137576,137594,18,0
137576,137576,137595,19,0
137322,137322,137612,290,0
137709,137709,137710,1,0
137709,137709,137710,1,0
137709,137709,137710,1,0
137709,137709,137711,2,0
137709,137709,137710,1,0
137709,137709,137710,1,0
137709,137709,137711,2,0
137709,137709,137710,1,0
137709,137709,137710,1,0
137709,137710,137711,1,1
137709,137710,137711,1,1
137709,137709,137712,3,0
137709,137709,137711,2,0
137709,137709,137712,3,0
137709,137709,137712,3,0
137709,137709,137712,3,0
137709,137709,137713,4,0
137709,137709,137713,4,0
137709,137709,137714,5,0
137451,137451,137715,264,0
137709,137709,137716,7,0
137709,137709,137716,7,0
137709,137709,137716,7,0
137709,137709,137716,7,0
137709,137709,137720,11,0
137709,137709,137719,10,0
137709,137709,137719,10,0
137709,137709,137720,11,0
137709,137709,137720,11,0
137709,137709,137720,11,0
137709,137709,137727,18,0
137709,137709,137728,19,0
137579,137579,137734,155,0
137585,137585,137738,153,0
137584,137584,137759,175,0
137583,137583,137759,176,0
137586,137586,137792,206,0
137831,137831,137832,1,0
137831,137831,137832,1,0
137831,137831,137833,2,0
137831,137831,137834,3,0
137831,137831,137834,3,0
137831,137831,137834,3,0
137831,137831,137835,4,0
137831,137831,137834,3,0
137831,137831,137835,4,0
137831,137831,137835,4,0
137831,137831,137836,5,0
137831,137831,137836,5,0
137831,137831,137837,6,0
137831,137831,137838,7,0
137831,137831,137838,7,0
137831,137831,137839,8,0
137831,137831,137838,7,0
137831,137831,137838,7,0
137831,137831,137839,8,0
137831,137831,137839,8,0
137831,137831,137841,10,0
137831,137831,137841,10,0
137831,137831,137842,11,0
137831,137831,137842,11,0
137831,137831,137842,11,0
137831,137831,137843,12,0
137831,137831,137843,12,0
137831,137831,137844,13,0
137831,137831,137843,12,0
137576,137576,137854,278,0
137831,137831,137855,24,0
137831,137831,137860,29,0
138080,138080,138082,2,0
138080,138080,138082,2,0
138080,138080,138082,2,0
138080,138080,138082,2,0
138080,138080,138082,2,0
138080,138080,138082,2,0
138080,138080,138082,2,0
138080,138080,138082,2,0
138080,138081,138082,1,1
138080,138081,138082,1,1
138080,138081,138082,1,1
138080,138081,138083,2,1
138080,138081,138083,2,1
138080,138080,138083,3,0
138080,138080,138083,3,0
138080,138081,138084,3,1
138080,138080,138084,4,0
138080,138081,138084,3,1
138080,138080,138086,6,0
138080,138084,138087,3,4
138080,138081,138087,6,1
138080,138083,138087,4,3
138080,138085,138087,2,5
138080,138084,138087,3,4
138080,138083,138087,4,3
138080,138085,138087,2,5
138080,138086,138087,1,6
138080,138081,138088,7,1
138080,138083,138088,5,3
138080,138083,138088,5,3
138080,138084,138088,4,4
138080,138085,138088,3,5
138080,138083,138088,5,3
138080,138083,138088,5,3
138080,138087,138089,2,7
138080,138088,138089,1,8
138080,138083,138089,6,3
138080,138083,138089,6,3
138080,138088,138089,1,8
138080,138088,138089,1,8
138080,138088,138089,1,8
138080,138088,138089,1,8
138080,138088,138089,1,8
138080,138084,138090,6,4
138080,138083,138089,6,3
138080,138080,138091,11,0
138080,138080,138090,10,0
138080,138081,138090,9,1
138080,138083,138090,7,3
138081,138089,138090,1,8
138080,138083,138090,7,3
138081,138089,138090,1,8
138081,138089,138090,1,8
138080,138080,138092,12,0
138080,138081,138092,11,1
138081,138091,138093,2,10
138081,138091,138092,1,10
138081,138091,138093,2,10
138081,138091,138092,1,10
138081,138090,138093,3,9
138081,138090,138094,4,9
138081,138091,138093,2,10
138080,138088,138094,6,8
138081,138089,138094,5,8
138080,138081,138094,13,1
138081,138090,138094,4,9
138081,138093,138094,1,12
138081,138090,138095,5,9
138081,138093,138094,1,12
138081,138090,138095,5,9
138081,138090,138095,5,9
138081,138093,138094,1,12
138080,138080,138095,15,0
138080,138081,138095,14,1
138080,138080,138095,15,0
138081,138093,138095,2,12
138080,138081,138095,14,1
138081,138091,138095,4,10
138081,138089,138096,7,8
138081,138089,138095,6,8
138081,138090,138095,5,9
138081,138090,138096,6,9
138081,138089,138096,7,8
138081,138090,138097,7,9
138081,138089,138099,10,8
138081,138089,138099,10,8
138080,138081,138109,28,1
138080,138080,138109,29,0
138081,138091,138112,21,10
138080,138081,138114,33,1
138081,138093,138115,22,12
138081,138091,138116,25,10
138080,138081,138126,45,1
137831,137831,138130,299,0
138206,138206,138207,1,0
138206,138206,138207,1,0
138206,138206,138207,1,0
138206,138206,138208,2,0
138206,138206,138209,3,0
138206,138206,138209,3,0
138206,138206,138210,4,0
138206,138206,138210,4,0
138206,138206,138211,5,0
138206,138206,138211,5,0
138206,138206,138211,5,0
138206,138206,138211,5,0
138206,138206,138212,6,0
138206,138206,138213,7,0
138206,138206,138213,7,0
138206,138206,138213,7,0
138206,138206,138213,7,0
138206,138206,138213,7,0
138206,138206,138213,7,0
138206,138206,138214,8,0
138206,138206,138215,9,0
138206,138206,138217,11,0
138206,138206,138218,12,0
138206,138206,138219,13,0
138206,138206,138220,14,0
138206,138206,138220,14,0
138206,138206,138222,16,0
138206,138206,138223,17,0
138206,138206,138226,20,0
138206,138206,138245,39,0
138206,138206,138255,49,0
138081,138093,138273,180,12
138332,138332,138333,1,0
138332,138332,138333,1,0
138332,138332,138333,1,0
138332,138332,138333,1,0
138332,138332,138335,3,0
138332,138332,138335,3,0
138332,138332,138336,4,0
138332,138332,138336,4,0
138332,138332,138336,4,0
138332,138332,138337,5,0
138332,138332,138338,6,0
138332,138332,138337,5,0
138332,138332,138337,5,0
138332,138332,138338,6,0
138332,138333,138338,5,1
138332,138332,138338,6,0
138332,138332,138339,7,0
138332,138333,138338,5,1
138332,138332,138338,6,0
138332,138332,138339,7,0
138332,138332,138340,8,0
138332,138332,138339,7,0
138332,138334,138340,6,2
138332,138332,138339,7,0
138332,138334,138341,7,2
138332,138332,138341,9,0
138332,138339,138342,3,7
138332,138339,138341,2,7
138332,138340,138342,2,8
138332,138340,138341,1,8
138332,138340,138341,1,8
138332,138338,138341,3,6
138332,138339,138341,2,7
138332,138339,138341,2,7
138332,138339,138341,2,7
138332,138337,138342,5,5
138332,138338,138343,5,6
138332,138341,138342,1,9
138332,138338,138342,4,6
138332,138332,138344,12,0
138332,138340,138344,4,8
138332,138339,138343,4,7
138332,138332,138344,12,0
138332,138332,138344,12,0
138332,138337,138344,7,5
138332,138342,138343,1,10
138337,138342,138344,2,5
138332,138336,138343,7,4
138337,138342,138344,2,5
138337,138342,138343,1,5
138337,138342,138344,2,5
138332,138337,138344,7,5
138332,138332,138344,12,0
138332,138342,138344,2,10
138332,138338,138345,7,6
138332,138332,138345,13,0
138332,138332,138345,13,0
138332,138332,138346,14,0
138332,138340,138345,5,8
138337,138344,138346,2,7
138337,138344,138346,2,7
138337,138344,138346,2,7
138337,138344,138347,3,7
138337,138344,138347,3,7
138337,138344,138346,2,7
138337,138344,138347,3,7
138332,138336,138347,11,4
138337,138345,138347,2,8
138337,138344,138347,3,7
138337,138342,138347,5,5
138337,138345,138348,3,8
138337,138346,138349,3,9
138337,138342,138348,6,5
138337,138343,138350,7,6
138337,138342,138349,7,5
138337,138344,138350,6,7
138337,138343,138351,8,6
138337,138343,138351,8,6
138337,138343,138350,7,6
138332,138332,138351,19,0
138337,138344,138352,8,7
138332,138332,138353,21,0
138337,138345,138354,9,8
138337,138344,138354,10,7
138337,138346,138355,9,9
138332,138332,138357,25,0
138332,138332,138359,27,0
138337,138346,138364,18,9
138337,138344,138364,20,7
138332,138332,138368,36,0
138337,138344,138370,26,7
138332,138332,138370,38,0
138337,138346,138393,47,9
138206,138206,138472,266,0
138341,138346,138499,153,5
138337,138346,138501,155,9
138341,138346,138502,156,5
138332,138342,138513,171,10
138587,138587,138588,1,0
138587,138587,138588,1,0
138587,138587,138588,1,0
138587,138587,138589,2,0
138587,138587,138589,2,0
138587,138587,138590,3,0
138587,138587,138590,3,0
138587,138587,138591,4,0
138587,138587,138591,4,0
138587,138587,138592,5,0
138587,138587,138593,6,0
138587,138587,138594,7,0
138587,138587,138593,6,0
138587,138587,138593,6,0
138587,138587,138594,7,0
138587,138587,138594,7,0
138587,138587,138594,7,0
138587,138587,138594,7,0
138594,138594,138595,1,0
138594,138594,138595,1,0
138594,138594,138595,1,0
138587,138587,138596,9,0
138594,138594,138596,2,0
138587,138587,138596,9,0
138594,138596,138597,1,2
138594,138594,138597,3,0
138594,138594,138597,3,0
138594,138595,138597,2,1
138594,138596,138597,1,2
138594,138595,138597,2,1
138587,138587,138598,11,0
138587,138587,138598,11,0
138594,138596,138598,2,2
138594,138594,138598,4,0
138594,138597,138598,1,3
138594,138598,138599,1,4
138594,138594,138599,5,0
138594,138595,138599,4,1
138594,138594,138599,5,0
138594,138598,138599,1,4
138594,138598,138599,1,4
138594,138594,138600,6,0
138594,138598,138599,1,4
138594,138598,138599,1,4
138594,138598,138599,1,4
138594,138597,138599,2,3
138594,138594,138601,7,0
138594,138594,138600,6,0
138594,138594,138601,7,0
138594,138594,138601,7,0
138594,138596,138600,4,2
138594,138594,138602,8,0
138594,138594,138601,7,0
138587,138587,138601,14,0
138587,138587,138602,15,0
138594,138601,138603,2,7
138594,138600,138603,3,6
138594,138600,138604,4,6
138594,138602,138604,2,8
138594,138601,138603,2,7
138594,138601,138604,3,7
138594,138600,138603,3,6
138594,138602,138604,2,8
138594,138599,138604,5,5
138594,138603,138604,1,9
138594,138600,138605,5,6
138594,138599,138604,5,5
138594,138600,138604,4,6
138594,138600,138605,5,6
138594,138599,138604,5,5
138594,138603,138604,1,9
138594,138601,138605,4,7
138594,138601,138605,4,7
138594,138599,138606,7,5
138594,138604,138605,1,10
138597,138604,138605,1,7
138594,138602,138605,3,8
138597,138604,138605,1,7
138587,138587,138606,19,0
138594,138600,138606,6,6
138594,138599,138606,7,5
138594,138600,138606,6,6
138597,138604,138606,2,7
138597,138604,138606,2,7
138594,138599,138608,9,5
138587,138587,138608,21,0
138594,138594,138608,14,0
138594,138599,138609,10,5
138597,138606,138609,3,9
138597,138607,138609,2,10
138597,138605,138610,5,8
138597,138607,138609,2,10
138597,138607,138609,2,10
138597,138606,138610,4,9
138597,138606,138609,3,9
138597,138607,138609,2,10
138597,138605,138610,5,8
138587,138587,138611,24,0
138594,138599,138610,11,5
138597,138605,138611,6,8
138597,138607,138611,4,10
138597,138608,138611,3,11
138597,138605,138610,5,8
138597,138606,138611,5,9
138597,138605,138611,6,8
138597,138609,138610,1,12
138597,138609,138610,1,12
138594,138594,138611,17,0
138597,138609,138611,2,12
138597,138605,138611,6,8
138597,138606,138612,6,9
138597,138605,138612,7,8
138587,138587,138614,27,0
138587,138587,138614,27,0
138594,138603,138616,13,9
138597,138606,138617,11,9
138597,138605,138616,11,8
138597,138606,138617,11,9
138587,138587,138618,31,0
138597,138607,138618,11,10
138594,138594,138621,27,0
138597,138609,138623,14,12
138597,138609,138636,27,12
138587,138587,138646,59,0
138724,138724,138725,1,0
138724,138724,138725,1,0
138724,138724,138725,1,0
138724,138724,138725,1,0
138724,138724,138725,1,0
138724,138724,138725,1,0
138724,138724,138725,1,0
138724,138724,138725,1,0
138724,138724,138725,1,0
138724,138724,138725,1,0
138724,138724,138725,1,0
138724,138724,138726,2,0
138724,138724,138726,2,0
138724,138724,138726,2,0
138724,138724,138726,2,0
138724,138724,138726,2,0
138724,138724,138727,3,0
138724,138724,138727,3,0
138724,138724,138727,3,0
138724,138724,138735,11,0
138724,138724,138735,11,0
138724,138724,138735,11,0
138724,138724,138735,11,0
138724,138724,138737,13,0
138724,138724,138739,15,0
138724,138724,138744,20,0
138724,138724,138747,23,0
138724,138724,138747,23,0
138724,138724,138747,23,0
138724,138724,138752,28,0
138594,138604,138768,164,10
138601,138610,138772,162,9
138597,138610,138777,167,13
138724,138724,138786,62,0
138600,138610,138801,191,10
138587,138587,138840,253,0
138854,138854,138855,1,0
138854,138854,138855,1,0
138854,138854,138855,1,0
138854,138854,138856,2,0
138854,138854,138857,3,0
138854,138854,138857,3,0
138854,138854,138857,3,0
138854,138854,138858,4,0
138854,138854,138859,5,0
138854,138854,138859,5,0
138854,138854,138859,5,0
138854,138854,138860,6,0
138854,138854,138859,5,0
138854,138854,138859,5,0
138854,138854,138860,6,0
138854,138854,138860,6,0
138854,138854,138860,6,0
138854,138854,138860,6,0
138854,138854,138860,6,0
138854,138854,138861,7,0
138854,138854,138861,7,0
138854,138854,138861,7,0
138854,138856,138862,6,2
138854,138856,138861,5,2
138854,138854,138861,7,0
138854,138856,138861,5,2
138854,138856,138862,6,2
138854,138854,138862,8,0
138854,138854,138863,9,0
138854,138854,138863,9,0
138854,138860,138863,3,6
138854,138860,138863,3,6
138854,138861,138863,2,7
138854,138861,138863,2,7
138854,138860,138864,4,6
138854,138854,138864,10,0
138854,138862,138863,1,8
138854,138859,138863,4,5
138854,138862,138863,1,8
138854,138862,138863,1,8
138854,138862,138863,1,8
138854,138860,138863,3,6
138854,138862,138863,1,8
138854,138862,138864,2,8
138854,138857,138864,7,3
138854,138860,138863,3,6
138854,138854,138865,11,0
138854,138861,138864,3,7
138854,138854,138865,11,0
138854,138858,138864,6,4
138854,138854,138865,11,0
138854,138859,138866,7,5
138854,138854,138867,13,0
138854,138857,138868,11,3
138854,138854,138868,14,0
138854,138854,138869,15,0
138854,138861,138869,8,7
138854,138854,138869,15,0
138854,138854,138871,17,0
138854,138859,138873,14,5
138854,138859,138873,14,5
138854,138854,138873,19,0
138982,138982,138983,1,0
138982,138982,138983,1,0
138982,138982,138984,2,0
138982,138982,138984,2,0
138982,138982,138984,2,0
138982,138982,138985,3,0
138982,138982,138985,3,0
138982,138982,138985,3,0
138982,138982,138986,4,0
138982,138982,138987,5,0
138982,138982,138987,5,0
138982,138982,138987,5,0
138982,138982,138987,5,0
138982,138985,138987,2,3
138982,138985,138987,2,3
138982,138982,138987,5,0
138982,138982,138988,6,0
138982,138982,138988,6,0
138982,138982,138988,6,0
138982,138982,138988,6,0
138986,138987,138988,1,1
138982,138982,138988,6,0
138986,138987,138989,2,1
138982,138982,138989,7,0
138986,138987,138990,3,1
138986,138987,138990,3,1
138982,138982,138990,8,0
138982,138982,138990,8,0
138986,138989,138991,2,3
138986,138989,138992,3,3
138982,138982,138992,10,0
138986,138989,138991,2,3
138986,138989,138991,2,3
138986,138989,138991,2,3
138986,138989,138992,3,3
138986,138991,138992,1,5
138986,138988,138993,5,2
138986,138991,138992,1,5
138986,138988,138993,5,2
138986,138992,138993,1,6
138982,138982,138993,11,0
138986,138991,138994,3,5
138986,138991,138993,2,5
138986,138990,138994,4,4
138986,138991,138994,3,5
138986,138988,138994,6,2
138986,138987,138994,7,1
138986,138987,138994,7,1
138982,138986,138995,9,4
138986,138988,138995,7,2
138986,138988,138995,7,2
138982,138982,138998,16,0
138982,138982,139002,20,0
138986,138988,139001,13,2
138982,138982,139001,19,0
138986,138988,139002,14,2
138986,138987,139003,16,1
138986,138988,139004,16,2
138982,138982,139008,26,0
138982,138982,139010,28,0
138982,138982,139010,28,0
138986,138990,139011,21,4
138982,138982,139014,32,0
138982,138982,139015,33,0
138986,138987,139022,35,1
138986,138992,139056,64,6
138983,138987,139140,153,4
138986,138992,139153,161,6
138910,138910,139156,246,0
138989,138992,139160,168,3
139238,139238,139240,2,0
139238,139238,139240,2,0
139238,139238,139239,1,0
139238,139238,139239,1,0
139238,139238,139241,3,0
139238,139238,139241,3,0
139238,139238,139242,4,0
139238,139238,139242,4,0
139238,139238,139242,4,0
139238,139238,139243,5,0
139238,139238,139243,5,0
139238,139238,139243,5,0
139238,139238,139243,5,0
139238,139238,139243,5,0
139238,139238,139243,5,0
139238,139238,139244,6,0
139238,139238,139244,6,0
139238,139238,139244,6,0
139238,139238,139244,6,0
139238,139238,139244,6,0
139238,139238,139244,6,0
139238,139238,139244,6,0
139238,139238,139245,7,0
139238,139240,139246,6,2
139238,139240,139246,6,2
139238,139240,139246,6,2
139238,139244,139246,2,6
139238,139244,139246,2,6
139238,139240,139246,6,2
139238,139243,139246,3,5
139238,139244,139246,2,6
139238,139244,139246,2,6
139238,139238,139247,9,0
139238,139243,139247,4,5
139238,139243,139247,4,5
139238,139246,139247,1,8
139238,139243,139247,4,5
139238,139243,139247,4,5
139238,139246,139248,2,8
139238,139246,139248,2,8
139238,139246,139248,2,8
139238,139244,139248,4,6
139238,139244,139248,4,6
139238,139242,139248,6,4
139242,139246,139248,2,4
139238,139241,139248,7,3
139242,139246,139248,2,4
139242,139246,139248,2,4
139242,139247,139248,1,5
139238,139242,139249,7,4
139238,139245,139249,4,7
139238,139238,139249,11,0
139238,139238,139249,11,0
139238,139238,139249,11,0
139238,139241,139249,8,3
139238,139242,139250,8,4
139242,139249,139251,2,7
139238,139238,139251,13,0
139242,139247,139251,4,5
139238,139243,139250,7,5
139242,139249,139251,2,7
139242,139249,139251,2,7
139242,139249,139251,2,7
139242,139250,139251,1,8
139238,139238,139252,14,0
139242,139249,139252,3,7
139242,139251,139252,1,9
139242,139248,139253,5,6
139242,139248,139253,5,6
139242,139249,139253,4,7
139242,139250,139253,3,8
139242,139251,139253,2,9
139242,139249,139253,4,7
139242,139248,139253,5,6
139242,139248,139253,5,6
139242,139253,139255,2,11
139242,139248,139254,6,6
139242,139248,139255,7,6
139242,139248,139255,7,6
139242,139247,139255,8,5
139238,139238,139257,19,0
139242,139248,139259,11,6
139242,139250,139259,9,8
139242,139247,139259,12,5
139242,139254,139260,6,12
139242,139250,139261,11,8
139238,139238,139261,23,0
139238,139238,139262,24,0
139242,139248,139263,15,6
139238,139238,139263,25,0
139242,139251,139263,12,9
139238,139238,139265,27,0
139238,139238,139266,28,0
139242,139250,139266,16,8
139221,139221,139277,56,0
139238,139238,139283,45,0
139238,139246,139379,133,8
139242,139252,139444,192,10
139243,139255,139450,195,12
139244,139255,139469,214,11
139377,139377,139485,108,0
139500,139500,139501,1,0
139500,139500,139501,1,0
139500,139500,139501,1,0
139500,139500,139501,1,0
139500,139500,139501,1,0
139500,139500,139501,1,0
139500,139500,139501,1,0
139500,139500,139501,1,0
139500,139500,139501,1,0
139500,139500,139501,1,0
139500,139500,139501,1,0
139500,139500,139501,1,0
139500,139500,139501,1,0
139500,139500,139501,1,0
139500,139500,139502,2,0
139500,139500,139502,2,0
139500,139500,139502,2,0
139500,139500,139502,2,0
139500,139500,139502,2,0
139500,139501,139502,1,1
139500,139503,139505,2,3
139500,139503,139505,2,3
139500,139501,139505,4,1
139500,139502,139505,3,2
139500,139502,139505,3,2
139500,139505,139506,1,5
139500,139501,139506,5,1
139500,139501,139506,5,1
139500,139501,139506,5,1
139500,139505,139506,1,5
139500,139500,139507,7,0
139500,139500,139507,7,0
139500,139502,139507,5,2
139500,139502,139507,5,2
139500,139506,139507,1,6
139500,139502,139507,5,2
139500,139502,139507,5,2
139500,139507,139508,1,7
139500,139506,139507,1,6
139500,139506,139507,1,6
139500,139500,139508,8,0
139500,139502,139508,6,2
139500,139507,139508,1,7
139500,139507,139508,1,7
139500,139502,139508,6,2
139500,139507,139508,1,7
139500,139507,139509,2,7
139500,139500,139509,9,0
139500,139502,139509,7,2
139500,139500,139510,10,0
139500,139500,139510,10,0
139500,139500,139510,10,0
139500,139503,139510,7,3
139500,139508,139511,3,8
139500,139503,139512,9,3
139500,139503,139511,8,3
139500,139503,139512,9,3
139500,139508,139512,4,8
139500,139509,139512,3,9
139500,139509,139512,3,9
139500,139500,139512,12,0
139500,139500,139512,12,0
139500,139500,139512,12,0
139500,139508,139512,4,8
139500,139508,139513,5,8
139500,139509,139512,3,9
139500,139509,139512,3,9
139500,139510,139513,3,10
139500,139508,139513,5,8
139500,139508,139513,5,8
139500,139512,139513,1,12
139500,139500,139513,13,0
139500,139511,139513,2,11
139500,139512,139513,1,12
139500,139508,139514,6,8
139500,139508,139514,6,8
139501,139513,139514,1,12
139500,139508,139513,5,8
139500,139508,139514,6,8
139501,139513,139514,1,12
139501,139512,139513,1,11
139501,139513,139514,1,12
139501,139513,139514,1,12
139501,139514,139515,1,13
139501,139513,139514,1,12
139501,139514,139515,1,13
139501,139513,139514,1,12
139501,139514,139515,1,13
139501,139514,139515,1,13
139501,139514,139515,1,13
139501,139513,139515,2,12
139501,139514,139515,1,13
139501,139514,139515,1,13
139500,139512,139515,3,12
139500,139512,139516,4,12
139500,139512,139515,3,12
139500,139509,139516,7,9
139501,139515,139516,1,14
139501,139514,139515,1,13
139501,139514,139515,1,13
139501,139515,139516,1,14
139501,139515,139516,1,14
139501,139515,139516,1,14
139501,139515,139516,1,14
139501,139515,139516,1,14
139501,139514,139515,1,13
139501,139514,139516,2,13
139500,139509,139517,8,9
139501,139515,139516,1,14
139500,139512,139519,7,12
139501,139513,139519,6,12
139500,139510,139521,11,10
139500,139500,139523,23,0
139500,139509,139524,15,9
139501,139513,139526,13,12
139500,139500,139529,29,0
139500,139511,139530,19,11
139500,139511,139529,18,11
139500,139510,139531,21,10
139501,139513,139531,18,12
139501,139514,139531,17,13
139500,139500,139532,32,0
139373,139373,139533,160,0
139500,139500,139536,36,0
139501,139513,139544,31,12
139352,139352,139557,205,0
139628,139628,139629,1,0
139628,139628,139629,1,0
139628,139628,139629,1,0
139628,139628,139630,2,0
139628,139628,139630,2,0
139628,139628,139630,2,0
139628,139628,139631,3,0
139628,139628,139632,4,0
139628,139628,139631,3,0
139628,139628,139632,4,0
139628,139628,139631,3,0
139628,139628,139632,4,0
139628,139628,139633,5,0
139628,139628,139632,4,0
139628,139628,139634,6,0
139628,139628,139633,5,0
139628,139628,139634,6,0
139628,139628,139633,5,0
139628,139628,139633,5,0
139628,139628,139633,5,0
139628,139628,139633,5,0
139628,139628,139633,5,0
139628,139628,139634,6,0
139628,139628,139634,6,0
139628,139628,139636,8,0
139628,139628,139639,11,0
139628,139628,139639,11,0
139628,139628,139641,13,0
139628,139628,139643,15,0
139628,139628,139653,25,0
139628,139628,139660,32,0
139750,139750,139751,1,0
139750,139750,139751,1,0
139750,139750,139751,1,0
139750,139750,139751,1,0
139750,139750,139751,1,0
139750,139750,139751,1,0
139750,139750,139751,1,0
139750,139750,139751,1,0
139750,139750,139751,1,0
139750,139750,139751,1,0
139750,139750,139751,1,0
139750,139750,139751,1,0
139750,139750,139751,1,0
139750,139750,139751,1,0
139750,139750,139751,1,0
139750,139750,139751,1,0
139750,139750,139753,3,0
139750,139750,139753,3,0
139750,139750,139753,3,0
139750,139750,139752,2,0
139750,139750,139753,3,0
139750,139750,139753,3,0
139750,139750,139755,5,0
139750,139750,139754,4,0
139750,139750,139754,4,0
139756,139756,139758,2,0
139756,139756,139757,1,0
139756,139756,139757,1,0
139756,139756,139757,1,0
139756,139756,139759,3,0
139756,139756,139759,3,0
139756,139756,139760,4,0
139756,139756,139760,4,0
139756,139756,139760,4,0
139756,139756,139760,4,0
139756,139758,139759,1,2
139756,139758,139759,1,2
139756,139758,139759,1,2
139756,139756,139759,3,0
139756,139756,139759,3,0
139756,139756,139760,4,0
139756,139756,139760,4,0
139756,139756,139761,5,0
139756,139756,139760,4,0
139750,139750,139761,11,0
139756,139756,139761,5,0
139756,139756,139761,5,0
139756,139756,139762,6,0
139756,139756,139762,6,0
139756,139756,139761,5,0
139756,139756,139761,5,0
139756,139756,139762,6,0
139756,139756,139763,7,0
139750,139750,139764,14,0
139756,139756,139764,8,0
139756,139756,139764,8,0
139750,139750,139764,14,0
139750,139750,139765,15,0
139750,139750,139764,14,0
139750,139750,139765,15,0
139756,139756,139765,9,0
139756,139756,139766,10,0
139500,139500,139767,267,0
139882,139882,139883,1,0
139882,139882,139883,1,0
139882,139882,139883,1,0
139882,139882,139883,1,0
139882,139882,139883,1,0
139882,139882,139883,1,0
139882,139882,139883,1,0
139882,139882,139883,1,0
139882,139882,139883,1,0
139882,139882,139883,1,0
139882,139882,139883,1,0
139882,139882,139883,1,0
139882,139882,139883,1,0
139882,139882,139883,1,0
139882,139882,139883,1,0
139882,139882,139885,3,0
139882,139882,139884,2,0
139882,139882,139884,2,0
139882,139882,139885,3,0
139882,139882,139886,4,0
139882,139882,139885,3,0
139882,139882,139887,5,0
139882,139882,139887,5,0
139882,139882,139889,7,0
139882,139882,139890,8,0
139882,139882,139890,8,0
139882,139882,139893,11,0
139882,139882,139892,10,0
139882,139882,139894,12,0
139882,139882,139898,16,0
139882,139882,139901,19,0
139756,139758,139927,169,2
139750,139750,139993,243,0
140011,140011,140012,1,0
140011,140011,140012,1,0
140011,140011,140012,1,0
140011,140011,140012,1,0
140011,140011,140013,2,0
140011,140011,140012,1,0
140011,140011,140013,2,0
140011,140011,140012,1,0
140011,140011,140013,2,0
140011,140011,140012,1,0
140011,140011,140012,1,0
140011,140011,140012,1,0
140011,140011,140012,1,0
140011,140011,140012,1,0
140011,140011,140012,1,0
140011,140011,140014,3,0
140011,140011,140014,3,0
140011,140011,140014,3,0
140011,140011,140015,4,0
140011,140011,140015,4,0
140011,140011,140015,4,0
140011,140011,140014,3,0
140011,140011,140014,3,0
140011,140011,140015,4,0
140014,140014,140015,1,0
140014,140014,140015,1,0
140014,140014,140015,1,0
140014,140014,140015,1,0
140014,140014,140018,4,0
140014,140016,140017,1,2
140014,140016,140017,1,2
140014,140016,140017,1,2
140014,140014,140017,3,0
140014,140016,140017,1,2
140014,140014,140018,4,0
140014,140014,140019,5,0
140014,140014,140018,4,0
140014,140014,140019,5,0
140014,140014,140019,5,0
140014,140014,140018,4,0
140014,140014,140018,4,0
140011,140011,140020,9,0
140014,140014,140019,5,0
140014,140014,140019,5,0
140014,140018,140019,1,4
140014,140015,140019,4,1
140014,140015,140019,4,1
140014,140014,140019,5,0
140011,140011,140020,9,0
140014,140014,140020,6,0
140014,140018,140021,3,4
140014,140015,140020,5,1
140014,140014,140021,7,0
139759,139762,140021,259,3
140011,140011,140023,12,0
140011,140011,140023,12,0
140011,140011,140023,12,0
140011,140011,140026,15,0
140014,140015,140028,13,1
140014,140015,140027,12,1
140014,140014,140029,15,0
140014,140015,140038,23,1
140011,140011,140043,32,0
139886,139886,140052,166,0
140137,140137,140138,1,0
140137,140137,140138,1,0
140137,140137,140139,2,0
140137,140137,140138,1,0
139882,139882,140139,257,0
140137,140137,140139,2,0
140137,140137,140140,3,0
140137,140137,140141,4,0
140137,140137,140140,3,0
140137,140137,140141,4,0
140137,140137,140141,4,0
140137,140137,140141,4,0
140137,140137,140141,4,0
140137,140137,140141,4,0
140137,140137,140142,5,0
140137,140137,140142,5,0
140140,140141,140142,1,1
140137,140137,140142,5,0
140137,140137,140142,5,0
140140,140141,140142,1,1
140137,140137,140143,6,0
140140,140141,140142,1,1
140140,140141,140142,1,1
140137,140137,140143,6,0
140137,140137,140143,6,0
140137,140137,140145,8,0
140140,140143,140145,2,3
140140,140143,140145,2,3
140140,140143,140144,1,3
140137,140137,140145,8,0
140140,140142,140145,3,2
140140,140142,140145,3,2
140140,140143,140145,2,3
140140,140143,140145,2,3
140140,140141,140146,5,1
140140,140142,140145,3,2
140140,140143,140145,2,3
140137,140137,140146,9,0
140140,140142,140146,4,2
140140,140143,140146,3,3
140140,140143,140146,3,3
140140,140142,140146,4,2
140140,140145,140146,1,5
140140,140145,140146,1,5
140140,140145,140146,1,5
140140,140145,140146,1,5
140140,140141,140147,6,1
140140,140141,140148,7,1
140140,140142,140147,5,2
140137,140137,140148,11,0
140140,140141,140148,7,1
140137,140137,140151,14,0
140137,140137,140151,14,0
140137,140137,140151,14,0
140137,140137,140153,16,0
140140,140144,140155,11,4
140140,140145,140156,11,5
140140,140143,140161,18,3
140137,140137,140165,28,0
140014,140018,140167,149,4
140137,140137,140169,32,0
140140,140141,140171,30,1
140137,140137,140173,36,0
140140,140141,140174,33,1
140271,140271,140272,1,0
140271,140271,140272,1,0
140271,140271,140272,1,0
140271,140271,140272,1,0
140271,140272,140273,1,1
140271,140271,140273,2,0
140271,140271,140273,2,0
140271,140271,140275,4,0
140271,140271,140274,3,0
140271,140271,140275,4,0
140271,140271,140274,3,0
140271,140271,140274,3,0
140271,140271,140275,4,0
140271,140271,140275,4,0
140271,140271,140275,4,0
140271,140271,140275,4,0
140271,140271,140277,6,0
140271,140271,140277,6,0
140271,140271,140277,6,0
140271,140271,140278,7,0
140271,140271,140279,8,0
140271,140271,140279,8,0
140271,140271,140279,8,0
140271,140271,140281,10,0
140271,140271,140282,11,0
140271,140271,140283,12,0
140271,140271,140283,12,0
140271,140271,140287,16,0
140271,140271,140289,18,0
140271,140271,140298,27,0
140144,140146,140310,164,2
140145,140146,140312,166,1
140146,140146,140313,167,0
140011,140011,140314,303,0
140141,140146,140315,169,5
140271,140271,140324,53,0
140396,140396,140397,1,0
140396,140396,140397,1,0
140396,140396,140398,2,0
140396,140396,140397,1,0
140396,140396,140398,2,0
140396,140396,140399,3,0
140396,140396,140399,3,0
140396,140396,140400,4,0
140396,140396,140400,4,0
140396,140396,140399,3,0
140396,140396,140399,3,0
140396,140396,140400,4,0
140396,140396,140400,4,0
140396,140396,140400,4,0
140396,140396,140400,4,0
140396,140396,140400,4,0
140396,140396,140400,4,0
140396,140396,140400,4,0
140396,140396,140401,5,0
140396,140396,140400,4,0
140396,140396,140402,6,0
140396,140396,140401,5,0
140396,140398,140401,3,2
140396,140396,140402,6,0
140396,140396,140402,6,0
140396,140398,140402,4,2
140396,140398,140402,4,2
140396,140400,140402,2,4
140396,140398,140403,5,2
140396,140400,140403,3,4
140396,140401,140403,2,5
140396,140401,140403,2,5
140396,140400,140404,4,4
140396,140400,140404,4,4
140396,140402,140404,2,6
140396,140396,140404,8,0
140396,140396,140404,8,0
140396,140400,140404,4,4
140396,140402,140404,2,6
140396,140401,140403,2,5
140397,140403,140404,1,6
140397,140403,140404,1,6
140396,140401,140405,4,5
140396,140396,140405,9,0
140396,140402,140404,2,6
140396,140403,140404,1,7
140396,140403,140405,2,7
140397,140403,140404,1,6
140397,140403,140404,1,6
140396,140396,140406,10,0
140396,140400,140406,6,4
140397,140403,140406,3,6
140396,140399,140406,7,3
140397,140405,140407,2,8
140397,140405,140407,2,8
140397,140405,140407,2,8
140397,140405,140407,2,8
140396,140396,140408,12,0
140396,140396,140407,11,0
140396,140396,140407,11,0
140137,140137,140408,271,0
140397,140407,140408,1,10
140397,140407,140408,1,10
140397,140404,140408,4,7
140397,140404,140408,4,7
140397,140406,140408,2,9
140397,140404,140408,4,7
140397,140404,140408,4,7
140396,140396,140409,13,0
140396,140396,140409,13,0
140396,140403,140409,6,7
140396,140400,140409,9,4
140397,140404,140408,4,7
140397,140404,140409,5,7
140397,140404,140409,5,7
140397,140407,140408,1,10
140397,140404,140408,4,7
140397,140407,140409,2,10
140397,140404,140409,5,7
140397,140407,140408,1,10
140396,140403,140410,7,7
140397,140405,140410,5,8
140397,140405,140410,5,8
140397,140406,140409,3,9
140397,140409,140410,1,12
140397,140404,140412,8,7
140401,140411,140413,2,10
140401,140411,140412,1,10
140401,140411,140412,1,10
140401,140411,140412,1,10
140401,140411,140412,1,10
140397,140405,140412,7,8
140401,140410,140413,3,9
140401,140411,140413,2,10
140401,140411,140413,2,10
140401,140411,140413,2,10
140401,140411,140413,2,10
140401,140411,140413,2,10
140401,140413,140414,1,12
140401,140410,140414,4,9
140401,140410,140414,4,9
140401,140410,140414,4,9
140401,140410,140414,4,9
140401,140413,140414,1,12
140401,140413,140414,1,12
140401,140413,140414,1,12
140401,140413,140414,1,12
140401,140413,140414,1,12
140401,140410,140416,6,9
140401,140410,140417,7,9
140401,140410,140418,8,9
140396,140396,140419,23,0
140401,140410,140420,10,9
140401,140410,140420,10,9
140396,140396,140421,25,0
140397,140406,140420,14,9
140401,140410,140420,10,9
140401,140410,140423,13,9
140401,140410,140424,14,9
140397,140408,140429,21,11
140396,140400,140430,30,4
140396,140400,140430,30,4
140396,140401,140430,29,5
140396,140400,140431,31,4
140401,140410,140438,28,9
140401,140410,140457,47,9
140407,140407,140461,54,0
140530,140530,140531,1,0
140530,140530,140531,1,0
140530,140530,140531,1,0
140530,140530,140532,2,0
140530,140530,140533,3,0
140530,140530,140532,2,0
140530,140530,140534,4,0
140530,140530,140534,4,0
140530,140530,140534,4,0
140530,140530,140534,4,0
140530,140530,140534,4,0
140530,140530,140534,4,0
140530,140530,140534,4,0
140530,140530,140535,5,0
140530,140530,140534,4,0
140530,140530,140534,4,0
140535,140535,140536,1,0
140530,140530,140535,5,0
140535,140535,140536,1,0
140530,140530,140535,5,0
140535,140535,140536,1,0
140535,140535,140536,1,0
140530,140530,140537,7,0
140530,140530,140538,8,0
140535,140535,140538,3,0
140535,140536,140537,1,1
140535,140536,140537,1,1
140535,140536,140537,1,1
140530,140530,140538,8,0
140535,140535,140538,3,0
140530,140530,140538,8,0
140535,140535,140538,3,0
140535,140535,140537,2,0
140535,140537,140538,1,2
140535,140535,140538,3,0
140535,140537,140538,1,2
140530,140530,140538,8,0
140530,140530,140538,8,0
140535,140535,140539,4,0
140535,140535,140538,3,0
140535,140535,140538,3,0
140535,140538,140539,1,3
140535,140538,140539,1,3
140535,140538,140539,1,3
140535,140538,140539,1,3
140535,140538,140539,1,3
140530,140530,140539,9,0
140530,140530,140540,10,0
140535,140535,140540,5,0
140530,140530,140542,12,0
140530,140530,140542,12,0
140535,140535,140541,6,0
140530,140530,140542,12,0
140535,140538,140544,6,3
140530,140530,140545,15,0
140530,140530,140548,18,0
140535,140535,140547,12,0
140535,140536,140547,11,1
140535,140535,140550,15,0
140535,140535,140562,27,0
140535,140535,140564,29,0
140397,140410,140585,175,13
140535,140535,140586,51,0
140784,140784,140785,1,0
140784,140784,140785,1,0
140784,140784,140785,1,0
140784,140784,140785,1,0
140784,140784,140787,3,0
140784,140784,140787,3,0
140784,140784,140787,3,0
140784,140784,140786,2,0
140784,140784,140786,2,0
140784,140784,140787,3,0
140784,140784,140787,3,0
140784,140784,140786,2,0
140784,140784,140788,4,0
140784,140784,140787,3,0
140784,140784,140788,4,0
140784,140784,140788,4,0
140784,140784,140787,3,0
140784,140784,140788,4,0
140784,140784,140788,4,0
140784,140784,140789,5,0
140784,140784,140788,4,0
140784,140784,140789,5,0
140784,140784,140790,6,0
140784,140784,140791,7,0
140784,140784,140791,7,0
140535,140538,140794,256,3
140784,140784,140796,12,0
140784,140787,140796,9,3
140784,140784,140801,17,0
140784,140784,140803,19,0
140784,140784,140804,20,0
140530,140534,140805,271,4
140784,140784,140811,27,0
140784,140784,140813,29,0
140823,140823,140834,11,0
140794,140794,140864,70,0
140914,140914,140915,1,0
140914,140914,140915,1,0
140914,140914,140916,2,0
140914,140914,140917,3,0
140914,140914,140917,3,0
140914,140914,140917,3,0
140914,140914,140917,3,0
140914,140914,140917,3,0
140914,140914,140917,3,0
140916,140916,140917,1,0
140916,140916,140917,1,0
140914,140914,140917,3,0
140916,140916,140917,1,0
140914,140914,140918,4,0
140914,140914,140918,4,0
140914,140914,140919,5,0
140914,140914,140919,5,0
140914,140914,140919,5,0
140914,140914,140919,5,0
140914,140914,140919,5,0
140914,140914,140919,5,0
140914,140914,140920,6,0
140916,140917,140920,3,1
140916,140918,140920,2,2
140914,140914,140921,7,0
140916,140919,140921,2,3
140914,140914,140921,7,0
140916,140919,140921,2,3
140916,140917,140921,4,1
140916,140918,140921,3,2
140916,140919,140921,2,3
140914,140914,140922,8,0
140914,140914,140922,8,0
140916,140917,140922,5,1
140914,140914,140922,8,0
140916,140918,140922,4,2
140916,140917,140922,5,1
140916,140918,140922,4,2
140916,140919,140922,3,3
140916,140920,140923,3,4
140916,140921,140922,1,5
140916,140917,140923,6,1
140916,140919,140923,4,3
140916,140918,140923,5,2
140916,140919,140922,3,3
140916,140921,140923,2,5
140916,140921,140923,2,5
140916,140922,140923,1,6
140916,140922,140923,1,6
140916,140917,140924,7,1
140914,140914,140926,12,0
140916,140917,140926,9,1
140914,140914,140926,12,0
140916,140921,140927,6,5
140914,140914,140927,13,0
140916,140920,140930,10,4
140914,140914,140936,22,0
140914,140914,140937,23,0
140914,140914,140944,30,0
140788,140788,140952,164,0
140914,140914,140952,38,0
140789,140789,140971,182,0
141041,141041,141042,1,0
141041,141041,141042,1,0
141041,141041,141042,1,0
141041,141041,141042,1,0
141041,141041,141042,1,0
141041,141041,141042,1,0
141041,141041,141042,1,0
141041,141041,141042,1,0
141041,141041,141042,1,0
141041,141041,141042,1,0
141041,141041,141042,1,0
141041,141041,141042,1,0
141041,141041,141042,1,0
141041,141041,141042,1,0
141041,141041,141042,1,0
141041,141041,141043,2,0
141041,141041,141043,2,0
141041,141041,141043,2,0
141041,141041,141044,3,0
141041,141041,141043,2,0
141041,141041,141044,3,0
141041,141041,141044,3,0
141041,141041,141044,3,0
141041,141041,141044,3,0
141041,141043,141044,1,2
141041,141043,141044,1,2
141041,141043,141044,1,2
141041,141043,141044,1,2
141041,141041,141044,3,0
141041,141041,141044,3,0
141041,141043,141044,1,2
141041,141043,141046,3,2
141041,141044,141045,1,3
141041,141043,141046,3,2
141041,141043,141045,2,2
141041,141044,141045,1,3
141041,141043,141045,2,2
141041,141043,141046,3,2
141041,141043,141045,2,2
141041,141044,141045,1,3
141041,141043,141045,2,2
141041,141044,141045,1,3
141041,141045,141046,1,4
141041,141044,141047,3,3
141041,141044,141047,3,3
141041,141043,141047,4,2
141041,141044,141047,3,3
141041,141044,141047,3,3
141041,141044,141048,4,3
141041,141045,141047,2,4
141041,141043,141048,5,2
141041,141046,141048,2,5
141041,141043,141049,6,2
141046,141047,141048,1,1
141041,141044,141049,5,3
141041,141044,141048,4,3
141046,141047,141049,2,1
141046,141047,141049,2,1
141046,141047,141049,2,1
141046,141048,141049,1,2
141046,141048,141049,1,2
141046,141048,141050,2,2
141046,141048,141049,1,2
141041,141044,141050,6,3
141046,141048,141050,2,2
141046,141048,141050,2,2
141046,141049,141050,1,3
141046,141047,141050,3,1
141046,141047,141050,3,1
141046,141049,141050,1,3
141046,141050,141051,1,4
141046,141048,141051,3,2
141046,141048,141051,3,2
141046,141048,141051,3,2
141046,141047,141051,4,1
141046,141048,141051,3,2
141041,141045,141050,5,4
141046,141047,141051,4,1
141046,141050,141051,1,4
141046,141050,141051,1,4
141046,141050,141051,1,4
141046,141050,141051,1,4
141041,141041,141052,11,0
141041,141041,141052,11,0
141046,141049,141052,3,3
141046,141049,141051,2,3
141046,141047,141051,4,1
141041,141044,141052,8,3
140965,140965,141056,91,0
141041,141041,141056,15,0
141041,141041,141058,17,0
140787,140788,141059,271,1
140784,140788,141068,280,4
140916,140922,141076,154,6
141169,141169,141170,1,0
141169,141169,141170,1,0
141169,141169,141170,1,0
141169,141169,141170,1,0
141169,141169,141170,1,0
141169,141169,141170,1,0
141169,141169,141170,1,0
141169,141169,141171,2,0
141169,141169,141170,1,0
141169,141169,141171,2,0
141169,141169,141170,1,0
141169,141169,141170,1,0
140918,140922,141172,250,4
141169,141169,141172,3,0
141169,141169,141171,2,0
141169,141169,141172,3,0
141169,141169,141171,2,0
141169,141169,141172,3,0
141169,141169,141172,3,0
141169,141169,141172,3,0
141169,141169,141172,3,0
141169,141169,141172,3,0
141169,141169,141177,8,0
141176,141176,141177,1,0
141176,141176,141177,1,0
141176,141176,141177,1,0
141176,141176,141177,1,0
141169,141169,141178,9,0
141176,141176,141178,2,0
141176,141176,141178,2,0
141176,141176,141178,2,0
141176,141176,141179,3,0
141176,141176,141178,2,0
141169,141169,141179,10,0
141169,141169,141178,9,0
141176,141176,141180,4,0
141176,141176,141179,3,0
141176,141176,141179,3,0
141176,141176,141179,3,0
141176,141176,141179,3,0
141176,141178,141179,1,2
141176,141179,141180,1,3
141176,141176,141180,4,0
141176,141176,141179,3,0
141176,141178,141179,1,2
141176,141179,141180,1,3
141176,141176,141180,4,0
141176,141178,141179,1,2
141176,141178,141179,1,2
141176,141179,141180,1,3
141169,141169,141180,11,0
141169,141169,141179,10,0
140917,140922,141180,258,5
141176,141179,141180,1,3
141176,141179,141180,1,3
141176,141176,141180,4,0
141176,141180,141181,1,4
141176,141180,141181,1,4
141176,141180,141181,1,4
141176,141180,141181,1,4
141176,141180,141181,1,4
141176,141180,141181,1,4
141176,141180,141181,1,4
141169,141169,141182,13,0
141176,141181,141182,1,5
141176,141181,141182,1,5
141176,141180,141183,3,4
141176,141182,141183,1,6
141176,141182,141183,1,6
141176,141176,141184,8,0
141176,141180,141184,4,4
141176,141180,141183,3,4
141176,141181,141183,2,5
141176,141180,141183,3,4
141176,141180,141183,3,4
141176,141182,141183,1,6
141176,141182,141183,1,6
141176,141180,141183,3,4
141176,141180,141183,3,4
141176,141182,141184,2,6
141176,141182,141183,1,6
141184,141184,141185,1,0
141176,141180,141184,4,4
141184,141184,141185,1,0
141184,141184,141185,1,0
141184,141184,141185,1,0
141176,141176,141185,9,0
141176,141176,141185,9,0
141176,141181,141185,4,5
141184,141184,141186,2,0
141184,141184,141185,1,0
141184,141184,141185,1,0
141184,141184,141185,1,0
141184,141184,141185,1,0
141184,141184,141186,2,0
141184,141185,141186,1,1
141184,141185,141186,1,1
141184,141185,141186,1,1
141176,141179,141187,8,3
141184,141184,141187,3,0
141184,141186,141187,1,2
141184,141186,141187,1,2
141184,141186,141187,1,2
141176,141178,141188,10,2
141184,141184,141188,4,0
141184,141186,141187,1,2
141184,141186,141188,2,2
141184,141186,141187,1,2
141184,141186,141188,2,2
141184,141186,141187,1,2
141176,141177,141189,12,1
141176,141179,141188,9,3
141176,141180,141190,10,4
141184,141184,141191,7,0
141184,141184,141191,7,0
141041,141046,141192,146,5
141184,141184,141192,8,0
141176,141176,141193,17,0
141184,141186,141196,10,2
141169,141169,141195,26,0
141184,141186,141196,10,2
141176,141180,141196,16,4
141169,141169,141197,28,0
141184,141184,141203,19,0
140914,140915,141203,288,1
141169,141169,141203,34,0
141184,141186,141222,36,2
141309,141309,141310,1,0
141309,141309,141310,1,0
141309,141309,141311,2,0
141309,141309,141310,1,0
141309,141309,141310,1,0
141309,141309,141311,2,0
141309,141309,141311,2,0
141309,141309,141311,2,0
141309,141309,141311,2,0
141309,141309,141312,3,0
141309,141311,141312,1,2
141309,141309,141312,3,0
141309,141309,141311,2,0
141309,141309,141312,3,0
141309,141309,141313,4,0
141309,141309,141316,7,0
141309,141309,141317,8,0
141309,141309,141316,7,0
141309,141309,141318,9,0
141309,141309,141318,9,0
141309,141309,141320,11,0
141309,141309,141320,11,0
141309,141309,141320,11,0
141309,141309,141321,12,0
141309,141309,141320,11,0
141309,141309,141320,11,0
141309,141309,141321,12,0
141309,141309,141321,12,0
141309,141309,141323,14,0
141309,141309,141327,18,0
141309,141309,141329,20,0
141176,141182,141330,148,6
141185,141187,141357,170,2
141184,141186,141361,175,2
141186,141187,141368,181,1
141169,141169,141422,253,0
141439,141439,141440,1,0
141439,141439,141441,2,0
141439,141439,141440,1,0
141439,141439,141440,1,0
141439,141439,141441,2,0
141439,141439,141440,1,0
141439,141439,141440,1,0
141439,141439,141441,2,0
141439,141439,141441,2,0
141439,141439,141440,1,0
141439,141439,141441,2,0
141439,141440,141441,1,1
141439,141439,141442,3,0
141439,141439,141442,3,0
141439,141439,141444,5,0
141439,141439,141444,5,0
141439,141441,141444,3,2
141439,141439,141443,4,0
141439,141441,141443,2,2
141439,141439,141443,4,0
141439,141441,141443,2,2
141439,141441,141443,2,2
141439,141441,141443,2,2
141439,141442,141444,2,3
141439,141439,141445,6,0
141439,141439,141445,6,0
141439,141441,141444,3,2
141439,141441,141444,3,2
141439,141444,141445,1,5
141439,141443,141445,2,4
141439,141443,141445,2,4
141439,141444,141445,1,5
141439,141444,141446,2,5
141439,141444,141446,2,5
141439,141441,141446,5,2
141439,141444,141445,1,5
141439,141444,141445,1,5
141439,141441,141446,5,2
141439,141444,141445,1,5
141439,141444,141445,1,5
141439,141445,141446,1,6
141439,141444,141445,1,5
141439,141445,141446,1,6
141439,141445,141446,1,6
141439,141445,141446,1,6
141439,141445,141446,1,6
141439,141445,141447,2,6
141439,141446,141448,2,7
141439,141446,141448,2,7
141439,141446,141448,2,7
141439,141439,141449,10,0
141439,141445,141449,4,6
141439,141439,141449,10,0
141439,141439,141449,10,0
141439,141439,141449,10,0
141439,141446,141449,3,7
141439,141447,141449,2,8
141439,141446,141449,3,7
141439,141446,141449,3,7
141439,141446,141449,3,7
141439,141446,141449,3,7
141439,141447,141449,2,8
141439,141448,141449,1,9
141439,141447,141449,2,8
141439,141447,141449,2,8
141439,141448,141449,1,9
141439,141439,141450,11,0
141439,141444,141450,6,5
141439,141445,141450,5,6
141439,141439,141450,11,0
141439,141446,141450,4,7
141439,141448,141450,2,9
141439,141446,141450,4,7
141439,141450,141451,1,11
141439,141439,141451,12,0
141439,141439,141451,12,0
141439,141439,141451,12,0
141439,141439,141451,12,0
141439,141449,141451,2,10
141439,141449,141451,2,10
141439,141450,141451,1,11
141439,141450,141451,1,11
141439,141450,141451,1,11
141439,141450,141451,1,11
141180,141183,141452,269,3
141439,141451,141452,1,12
141439,141451,141452,1,12
141439,141451,141452,1,12
141439,141451,141452,1,12
141439,141451,141452,1,12
141439,141452,141453,1,13
141439,141452,141453,1,13
141439,141450,141452,2,11
141439,141449,141453,4,10
141439,141452,141453,1,13
141439,141450,141453,3,11
141439,141450,141453,3,11
141439,141452,141453,1,13
141439,141452,141453,1,13
141439,141453,141454,1,14
141439,141451,141454,3,12
141439,141453,141454,1,14
141439,141439,141455,16,0
141439,141439,141456,17,0
141439,141439,141457,18,0
141439,141449,141456,7,10
141439,141450,141458,8,11
141439,141449,141462,13,10
141439,141449,141462,13,10
141439,141450,141462,12,11
141439,141452,141462,10,13
141439,141449,141463,14,10
141439,141452,141463,11,13
141439,141442,141466,24,3
141439,141439,141469,30,0
141310,141311,141471,160,1
141439,141439,141471,32,0
141439,141450,141473,23,11
141439,141452,141477,25,13
141439,141452,141479,27,13
141439,141450,141495,45,11
141439,141452,141507,55,13
141568,141568,141569,1,0
141568,141568,141569,1,0
141568,141568,141569,1,0
141568,141568,141570,2,0
141568,141568,141569,1,0
141568,141568,141570,2,0
141568,141568,141571,3,0
141568,141568,141570,2,0
141568,141568,141570,2,0
141568,141568,141571,3,0
141568,141568,141571,3,0
141568,141568,141571,3,0
141568,141570,141572,2,2
141568,141568,141571,3,0
141568,141570,141571,1,2
141568,141572,141573,1,4
141568,141568,141573,5,0
141568,141570,141572,2,2
141568,141570,141572,2,2
141568,141571,141573,2,3
141568,141568,141572,4,0
141568,141572,141573,1,4
141568,141572,141573,1,4
141568,141572,141573,1,4
141568,141572,141573,1,4
141568,141570,141573,3,2
141568,141571,141574,3,3
141568,141571,141573,2,3
141568,141573,141574,1,5
141568,141570,141573,3,2
141568,141571,141574,3,3
141568,141573,141574,1,5
141568,141573,141574,1,5
141568,141573,141574,1,5
141568,141573,141574,1,5
141568,141573,141574,1,5
141568,141573,141574,1,5
141568,141574,141575,1,6
141568,141568,141575,7,0
141568,141568,141574,6,0
141568,141568,141575,7,0
141568,141568,141575,7,0
141568,141574,141575,1,6
141568,141574,141575,1,6
141575,141575,141576,1,0
141568,141568,141575,7,0
141568,141568,141575,7,0
141568,141568,141576,8,0
141568,141568,141575,7,0
141568,141574,141575,1,6
141568,141574,141575,1,6
141575,141575,141576,1,0
141575,141575,141576,1,0
141575,141575,141576,1,0
141575,141575,141577,2,0
141575,141575,141576,1,0
141575,141576,141577,1,1
141575,141577,141578,1,2
141575,141577,141578,1,2
141575,141576,141577,1,1
141575,141576,141577,1,1
141575,141577,141578,1,2
141575,141575,141578,3,0
141575,141576,141577,1,1
141568,141568,141578,10,0
141568,141568,141578,10,0
141568,141568,141578,10,0
141575,141576,141577,1,1
141575,141575,141578,3,0
141575,141577,141578,1,2
141575,141577,141578,1,2
141568,141568,141578,10,0
141575,141577,141578,1,2
141575,141578,141579,1,3
141575,141578,141579,1,3
141568,141568,141580,12,0
141575,141575,141580,5,0
141568,141568,141580,12,0
141568,141568,141580,12,0
141568,141568,141581,13,0
141575,141575,141581,6,0
141568,141568,141584,16,0
141568,141568,141584,16,0
141568,141568,141585,17,0
141575,141576,141586,10,1
141575,141575,141586,11,0
141575,141575,141587,12,0
141575,141575,141587,12,0
141575,141575,141588,13,0
141439,141453,141590,137,14
141575,141576,141591,15,1
141568,141568,141592,24,0
141575,141576,141593,17,1
141575,141576,141595,19,1
141697,141697,141698,1,0
141697,141697,141698,1,0
141697,141697,141699,2,0
141697,141697,141698,1,0
141697,141697,141698,1,0
141697,141697,141698,1,0
141697,141697,141698,1,0
141697,141697,141698,1,0
141697,141697,141699,2,0
141697,141697,141698,1,0
141697,141697,141699,2,0
141697,141697,141699,2,0
141697,141697,141699,2,0
141697,141697,141701,4,0
141697,141697,141701,4,0
141697,141697,141703,6,0
141697,141697,141703,6,0
141697,141697,141703,6,0
141697,141697,141703,6,0
141697,141697,141703,6,0
141703,141704,141705,1,1
141703,141704,141705,1,1
141703,141704,141706,2,1
141703,141704,141705,1,1
141703,141704,141705,1,1
141703,141704,141706,2,1
141703,141704,141705,1,1
141697,141697,141705,8,0
141697,141697,141705,8,0
141703,141706,141707,1,3
141703,141704,141706,2,1
141703,141704,141706,2,1
141703,141704,141706,2,1
141703,141704,141706,2,1
141697,141697,141707,10,0
141703,141704,141708,4,1
141703,141706,141707,1,3
141703,141704,141707,3,1
141703,141706,141707,1,3
141703,141706,141707,1,3
141703,141704,141708,4,1
141703,141706,141707,1,3
141697,141697,141709,12,0
141697,141697,141710,13,0
141703,141704,141709,5,1
141703,141704,141709,5,1
141703,141704,141710,6,1
141703,141704,141711,7,1
141697,141697,141712,15,0
141703,141706,141713,7,3
141697,141697,141713,16,0
141703,141704,141713,9,1
141697,141697,141715,18,0
141697,141697,141719,22,0
141697,141697,141721,24,0
141703,141704,141723,19,1
141697,141697,141724,27,0
141568,141574,141742,168,6
141703,141704,141759,55,1
141833,141833,141834,1,0
141833,141833,141834,1,0
141833,141833,141834,1,0
141833,141833,141835,2,0
141833,141833,141835,2,0
141833,141833,141835,2,0
141833,141833,141835,2,0
141833,141833,141835,2,0
141833,141833,141835,2,0
141833,141833,141835,2,0
141833,141833,141835,2,0
141833,141833,141835,2,0
141833,141833,141835,2,0
141833,141834,141836,2,1
141833,141834,141836,2,1
141833,141834,141836,2,1
141836,141836,141837,1,0
141836,141836,141837,1,0
141833,141833,141837,4,0
141833,141833,141837,4,0
141833,141833,141837,4,0
141836,141836,141838,2,0
141836,141836,141838,2,0
141836,141836,141838,2,0
141836,141836,141838,2,0
141836,141836,141837,1,0
141836,141837,141838,1,1
141836,141836,141837,1,0
141836,141836,141837,1,0
141836,141836,141838,2,0
141836,141836,141838,2,0
141836,141838,141839,1,2
141836,141836,141839,3,0
141836,141837,141838,1,1
141836,141838,141839,1,2
141836,141838,141839,1,2
141836,141838,141839,1,2
141836,141838,141839,1,2
141836,141838,141839,1,2
141833,141833,141839,6,0
141833,141833,141839,6,0
141836,141837,141839,2,1
141836,141837,141839,2,1
141836,141837,141839,2,1
141836,141836,141840,4,0
141836,141838,141839,1,2
141836,141838,141839,1,2
141836,141838,141840,2,2
141836,141839,141841,2,3
141833,141833,141841,8,0
141833,141833,141842,9,0
141833,141833,141842,9,0
141836,141838,141842,4,2
141833,141833,141843,10,0
141833,141833,141844,11,0
141833,141833,141844,11,0
141836,141838,141844,6,2
141833,141833,141845,12,0
141833,141833,141846,13,0
141833,141833,141846,13,0
141833,141833,141849,16,0
141836,141836,141865,29,0
141708,141708,141864,156,0
141704,141706,141873,167,2
141697,141697,141974,277,0
141839,141839,141989,150,0
141836,141839,142018,179,3
141833,141834,142137,303,1
142212,142212,142213,1,0
142212,142212,142213,1,0
142212,142212,142213,1,0
142212,142212,142215,3,0
142212,142212,142216,4,0
142212,142212,142216,4,0
142212,142212,142216,4,0
142212,142212,142217,5,0
142212,142212,142217,5,0
142212,142212,142217,5,0
142212,142212,142217,5,0
142212,142212,142217,5,0
142212,142212,142217,5,0
142212,142212,142218,6,0
142212,142212,142218,6,0
142212,142212,142218,6,0
142212,142213,142218,5,1
142212,142212,142219,7,0
142212,142212,142220,8,0
142212,142212,142219,7,0
142212,142218,142221,3,6
142212,142218,142221,3,6
142212,142212,142221,9,0
142212,142212,142221,9,0
142212,142212,142221,9,0
142212,142214,142221,7,2
142212,142214,142221,7,2
142212,142218,142221,3,6
142212,142217,142222,5,5
142212,142219,142221,2,7
142212,142212,142222,10,0
142212,142212,142222,10,0
142212,142212,142222,10,0
142212,142220,142222,2,8
142212,142217,142222,5,5
142212,142218,142222,4,6
142212,142218,142223,5,6
142212,142217,142222,5,5
142212,142221,142223,2,9
142212,142212,142223,11,0
142212,142218,142223,5,6
142212,142219,142223,4,7
142212,142212,142223,11,0
142212,142212,142222,10,0
142212,142221,142223,2,9
142212,142217,142223,6,5
142212,142222,142223,1,10
142212,142222,142223,1,10
142212,142212,142224,12,0
142212,142216,142223,7,4
142215,142222,142223,1,7
142215,142222,142223,1,7
142212,142217,142225,8,5
142212,142212,142225,13,0
142212,142216,142225,9,4
142215,142224,142226,2,9
142215,142224,142226,2,9
142215,142224,142226,2,9
142215,142224,142227,3,9
142215,142224,142226,2,9
142215,142225,142227,2,10
142215,142223,142226,3,8
142215,142226,142228,2,11
142215,142226,142228,2,11
142215,142226,142228,2,11
142212,142212,142229,17,0
142215,142224,142228,4,9
142215,142227,142228,1,12
142215,142223,142229,6,8
142215,142226,142229,3,11
142212,142212,142230,18,0
142215,142223,142230,7,8
142215,142223,142229,6,8
142212,142222,142231,9,10
142215,142223,142230,7,8
142215,142223,142231,8,8
142215,142223,142231,8,8
142215,142223,142231,8,8
142215,142223,142232,9,8
142215,142223,142232,9,8
142212,142222,142233,11,10
142215,142223,142235,12,8
142212,142222,142235,13,10
142212,142212,142236,24,0
142215,142223,142237,14,8
142215,142225,142237,12,10
142215,142223,142238,15,8
142212,142220,142238,18,8
142212,142212,142240,28,0
142212,142212,142240,28,0
142215,142223,142247,24,8
142215,142223,142257,34,8
142215,142224,142284,60,9
142346,142346,142347,1,0
142207,142207,142347,140,0
142346,142346,142348,2,0
142346,142346,142347,1,0
142346,142346,142347,1,0
142346,142347,142348,1,1
142346,142346,142347,1,0
142346,142346,142347,1,0
142346,142346,142347,1,0
142346,142347,142348,1,1
142346,142346,142348,2,0
142346,142346,142348,2,0
142346,142346,142348,2,0
142346,142346,142348,2,0
142346,142348,142349,1,2
142346,142348,142350,2,2
142346,142346,142349,3,0
142346,142346,142349,3,0
142346,142346,142351,5,0
142346,142346,142351,5,0
142352,142352,142353,1,0
142352,142352,142353,1,0
142352,142352,142353,1,0
142346,142346,142354,8,0
142346,142346,142354,8,0
142346,142346,142353,7,0
142346,142346,142354,8,0
142352,142352,142354,2,0
142346,142346,142355,9,0
142346,142346,142354,8,0
142352,142355,142356,1,3
142346,142346,142357,11,0
142352,142352,142357,5,0
142352,142354,142358,4,2
142352,142354,142357,3,2
142352,142354,142357,3,2
142346,142346,142358,12,0
142352,142352,142358,6,0
142352,142357,142358,1,5
142352,142352,142359,7,0
142352,142358,142359,1,6
142352,142358,142359,1,6
142352,142352,142359,7,0
142352,142358,142359,1,6
142352,142352,142360,8,0
142352,142358,142360,2,6
142352,142352,142360,8,0
142352,142352,142362,10,0
142352,142352,142362,10,0
142352,142352,142361,9,0
142352,142352,142362,10,0
142352,142352,142363,11,0
142346,142346,142363,17,0
142352,142354,142363,9,2
142352,142354,142363,9,2
142346,142346,142365,19,0
142352,142355,142365,10,3
142352,142355,142365,10,3
142212,142222,142368,146,10
142352,142357,142372,15,5
142352,142354,142376,22,2
142352,142354,142377,23,2
142346,142346,142378,32,0
142346,142346,142393,47,0
142218,142227,142394,167,9
142215,142227,142397,170,12
142220,142228,142427,199,8
142222,142228,142433,205,6
142221,142228,142437,209,7
142219,142227,142450,223,8
142478,142478,142479,1,0
142478,142478,142479,1,0
142478,142478,142479,1,0
142478,142478,142480,2,0
142478,142478,142480,2,0
142478,142478,142480,2,0
142478,142478,142480,2,0
142478,142478,142480,2,0
142478,142478,142479,1,0
142478,142478,142480,2,0
142478,142478,142480,2,0
142478,142478,142480,2,0
142478,142478,142480,2,0
142478,142478,142480,2,0
142478,142478,142480,2,0
142478,142478,142481,3,0
142478,142478,142480,2,0
142478,142478,142481,3,0
142478,142479,142482,3,1
142478,142479,142482,3,1
142481,142481,142483,2,0
142481,142481,142483,2,0
142481,142481,142483,2,0
142478,142478,142484,6,0
142478,142478,142484,6,0
142481,142481,142485,4,0
142481,142483,142485,2,2
142481,142483,142485,2,2
142481,142483,142485,2,2
142478,142478,142485,7,0
142481,142481,142486,5,0
142481,142481,142486,5,0
142481,142481,142486,5,0
142481,142482,142486,4,1
142481,142482,142486,4,1
142481,142482,142486,4,1
142478,142478,142486,8,0
142481,142481,142487,6,0
142478,142478,142487,9,0
142478,142478,142487,9,0
142481,142485,142487,2,4
142481,142481,142487,6,0
142481,142481,142487,6,0
142481,142486,142487,1,5
142481,142486,142487,1,5
142481,142486,142487,1,5
142481,142482,142487,5,1
142481,142482,142487,5,1
142478,142478,142487,9,0
142478,142478,142487,9,0
142481,142485,142487,2,4
142478,142478,142488,10,0
142481,142487,142488,1,6
142481,142487,142488,1,6
142481,142487,142488,1,6
142481,142481,142488,7,0
142481,142481,142488,7,0
142481,142481,142489,8,0
142481,142481,142489,8,0
142481,142481,142489,8,0
142481,142481,142489,8,0
142481,142485,142490,5,4
142481,142489,142490,1,8
142481,142489,142490,1,8
142481,142487,142490,3,6
142481,142489,142490,1,8
142481,142486,142490,4,5
142481,142488,142492,4,7
142481,142490,142491,1,9
142481,142490,142491,1,9
142481,142490,142491,1,9
142481,142489,142491,2,8
142481,142490,142491,1,9
142481,142489,142491,2,8
142481,142488,142492,4,7
142482,142491,142492,1,9
142482,142491,142492,1,9
142481,142488,142492,4,7
142481,142488,142492,4,7
142481,142488,142493,5,7
142481,142488,142492,4,7
142481,142488,142493,5,7
142481,142487,142494,7,6
142482,142491,142494,3,9
142481,142488,142494,6,7
142481,142488,142495,7,7
142481,142488,142495,7,7
142482,142491,142495,4,9
142481,142487,142495,8,6
142482,142494,142496,2,12
142482,142495,142496,1,13
142482,142490,142496,6,8
142482,142493,142496,3,11
142482,142493,142496,3,11
142482,142494,142497,3,12
142482,142495,142498,3,13
142482,142493,142497,4,11
142482,142496,142497,1,14
142482,142493,142498,5,11
142482,142492,142498,6,10
142482,142492,142497,5,10
142482,142496,142497,1,14
142482,142493,142497,4,11
142482,142492,142497,5,10
142482,142496,142497,1,14
142482,142493,142497,4,11
142481,142487,142498,11,6
142481,142488,142498,10,7
142485,142497,142499,2,12
142482,142497,142498,1,15
142482,142497,142498,1,15
142482,142497,142498,1,15
142482,142496,142499,3,14
142482,142492,142499,7,10
142485,142498,142499,1,13
142482,142491,142500,9,9
142482,142492,142499,7,10
142482,142492,142499,7,10
142485,142498,142500,2,13
142485,142498,142500,2,13
142481,142488,142501,13,7
142482,142493,142501,8,11
142485,142498,142501,3,13
142485,142500,142502,2,15
142485,142500,142502,2,15
142485,142500,142502,2,15
142485,142499,142501,2,14
142482,142492,142502,10,10
142485,142500,142502,2,15
142485,142499,142502,3,14
142485,142499,142503,4,14
142485,142498,142504,6,13
142485,142498,142503,5,13
142485,142499,142503,4,14
142485,142502,142503,1,17
142485,142502,142504,2,17
142485,142498,142503,5,13
142485,142502,142503,1,17
142485,142502,142503,1,17
142485,142502,142503,1,17
142485,142501,142504,3,16
142485,142501,142504,3,16
142485,142502,142504,2,17
142481,142488,142505,17,7
142485,142498,142505,7,13
142485,142501,142505,4,16
142485,142498,142505,7,13
142485,142498,142505,7,13
142485,142498,142506,8,13
142485,142502,142506,4,17
142485,142499,142507,8,14
142485,142503,142508,5,18
142485,142506,142508,2,21
142485,142506,142507,1,21
142478,142478,142508,30,0
142478,142478,142508,30,0
142485,142506,142508,2,21
142485,142504,142509,5,19
142485,142503,142508,5,18
142485,142504,142509,5,19
142485,142504,142509,5,19
142485,142506,142509,3,21
142485,142506,142509,3,21
142485,142505,142510,5,20
142485,142505,142510,5,20
142485,142504,142510,6,19
142485,142504,142510,6,19
142485,142508,142509,1,23
142485,142499,142510,11,14
142485,142508,142509,1,23
142485,142508,142509,1,23
142485,142505,142510,5,20
142485,142504,142511,7,19
142485,142508,142510,2,23
142485,142503,142511,8,18
142485,142504,142511,7,19
142485,142504,142511,7,19
142485,142505,142512,7,20
142485,142506,142512,6,21
142485,142504,142512,8,19
142485,142498,142513,15,13
142485,142499,142512,13,14
142485,142500,142513,13,15
142481,142488,142517,29,7
142485,142509,142518,9,24
142346,142348,142522,174,2
142481,142488,142523,35,7
142223,142229,142532,303,6
142614,142614,142615,1,0
142614,142614,142616,2,0
142614,142614,142616,2,0
142614,142614,142616,2,0
142614,142614,142617,3,0
142614,142614,142617,3,0
142614,142614,142618,4,0
142614,142614,142618,4,0
142614,142614,142618,4,0
142614,142614,142619,5,0
142614,142614,142619,5,0
142614,142614,142619,5,0
142614,142614,142619,5,0
142614,142614,142619,5,0
142614,142614,142619,5,0
142614,142614,142619,5,0
142614,142614,142619,5,0
142614,142614,142620,6,0
142614,142614,142620,6,0
142614,142614,142621,7,0
142614,142614,142620,6,0
142614,142614,142621,7,0
142614,142614,142621,7,0
142614,142614,142621,7,0
142614,142614,142622,8,0
142614,142614,142622,8,0
142614,142614,142622,8,0
142614,142614,142624,10,0
142622,142622,142623,1,0
142622,142622,142623,1,0
142622,142622,142624,2,0
142622,142622,142624,2,0
142622,142622,142624,2,0
142622,142622,142624,2,0
142622,142622,142624,2,0
142622,142622,142626,4,0
142622,142622,142626,4,0
142614,142614,142625,11,0
142622,142624,142625,1,2
142622,142622,142626,4,0
142622,142624,142625,1,2
142622,142624,142625,1,2
142622,142622,142627,5,0
142622,142622,142627,5,0
142622,142622,142627,5,0
142622,142622,142626,4,0
142622,142622,142628,6,0
142622,142622,142628,6,0
142622,142622,142628,6,0
142622,142622,142628,6,0
142622,142622,142629,7,0
142622,142622,142628,6,0
142622,142622,142629,7,0
142622,142622,142628,6,0
142622,142622,142630,8,0
142622,142622,142629,7,0
142622,142622,142629,7,0
142614,142614,142630,16,0
142622,142622,142630,8,0
142622,142624,142631,7,2
142622,142622,142631,9,0
142614,142614,142634,20,0
142482,142497,142665,168,15
142352,142358,142684,326,6
142751,142751,142752,1,0
142751,142751,142752,1,0
142751,142751,142752,1,0
142751,142751,142754,3,0
142751,142751,142754,3,0
142751,142751,142754,3,0
142751,142751,142755,4,0
142751,142751,142755,4,0
142751,142751,142755,4,0
142751,142751,142755,4,0
142751,142751,142755,4,0
142751,142751,142755,4,0
142751,142751,142756,5,0
142751,142751,142756,5,0
142751,142751,142756,5,0
142751,142751,142756,5,0
142751,142751,142757,6,0
142751,142751,142757,6,0
142756,142756,142757,1,0
142751,142751,142757,6,0
142756,142756,142757,1,0
142751,142751,142757,6,0
142756,142756,142757,1,0
142479,142479,142757,278,0
142751,142751,142757,6,0
142751,142751,142758,7,0
142751,142751,142758,7,0
142751,142751,142758,7,0
142751,142751,142759,8,0
142751,142751,142758,7,0
142756,142756,142759,3,0
142622,142624,142759,135,2
142751,142751,142760,9,0
142756,142758,142760,2,2
142756,142759,142760,1,3
142756,142758,142760,2,2
142756,142759,142760,1,3
142756,142758,142761,3,2
142756,142758,142760,2,2
142756,142759,142760,1,3
142756,142759,142760,1,3
142751,142751,142761,10,0
142756,142756,142761,5,0
142756,142758,142761,3,2
142756,142758,142762,4,2
142756,142758,142761,3,2
142756,142760,142761,1,4
142751,142751,142762,11,0
142751,142751,142763,12,0
142751,142751,142763,12,0
142756,142756,142763,7,0
142756,142756,142763,7,0
142756,142756,142763,7,0
142756,142756,142763,7,0
142756,142758,142763,5,2
142756,142759,142763,4,3
142756,142760,142763,3,4
142756,142756,142764,8,0
142756,142756,142764,8,0
142485,142509,142765,256,24
142756,142757,142765,8,1
142756,142756,142766,10,0
142756,142756,142766,10,0
142756,142757,142767,10,1
142756,142758,142770,12,2
142628,142628,142781,153,0
142822,142822,142823,1,0
142822,142822,142823,1,0
142822,142822,142823,1,0
142822,142822,142825,3,0
142822,142822,142825,3,0
142822,142822,142824,2,0
142822,142822,142825,3,0
142822,142822,142825,3,0
142822,142822,142827,5,0
142822,142822,142827,5,0
142822,142822,142827,5,0
142822,142822,142826,4,0
142822,142822,142826,4,0
142822,142822,142828,6,0
142822,142822,142827,5,0
142822,142822,142828,6,0
142822,142822,142829,7,0
142822,142822,142828,6,0
142822,142822,142828,6,0
142822,142822,142828,6,0
142822,142822,142828,6,0
142822,142822,142829,7,0
142822,142822,142829,7,0
142822,142822,142829,7,0
142822,142822,142831,9,0
142822,142822,142831,9,0
142822,142822,142832,10,0
142822,142822,142833,11,0
142822,142822,142835,13,0
142822,142822,142848,26,0
142822,142822,142865,43,0
142615,142615,142867,252,0
142752,142753,142918,165,1
141217,141218,142928,1710,1
142944,142944,142945,1,0
142944,142944,142946,2,0
142944,142944,142946,2,0
142944,142944,142946,2,0
142944,142944,142947,3,0
142944,142944,142948,4,0
142944,142944,142948,4,0
142944,142944,142948,4,0
142944,142944,142947,3,0
142944,142944,142948,4,0
142944,142944,142948,4,0
142944,142944,142949,5,0
142944,142944,142949,5,0
142944,142944,142949,5,0
142944,142944,142950,6,0
142944,142944,142950,6,0
142944,142944,142950,6,0
142944,142944,142951,7,0
142944,142944,142950,6,0
142949,142949,142950,1,0
142944,142944,142950,6,0
142949,142949,142950,1,0
142949,142949,142950,1,0
142944,142944,142952,8,0
142949,142949,142951,2,0
142944,142944,142953,9,0
142949,142950,142953,3,1
142949,142951,142952,1,2
142944,142944,142952,8,0
142949,142951,142953,2,2
142949,142951,142953,2,2
142949,142950,142953,3,1
142949,142950,142952,2,1
142949,142951,142953,2,2
142944,142944,142954,10,0
142949,142952,142954,2,3
142949,142949,142953,4,0
142949,142949,142954,5,0
142949,142951,142953,2,2
142949,142950,142953,3,1
142949,142949,142954,5,0
142949,142953,142954,1,4
142949,142951,142954,3,2
142949,142953,142954,1,4
142949,142953,142954,1,4
142949,142953,142954,1,4
142949,142953,142955,2,4
142949,142953,142955,2,4
142949,142949,142956,7,0
142944,142944,142956,12,0
142944,142944,142956,12,0
142949,142952,142957,5,3
142949,142949,142956,7,0
142949,142949,142957,8,0
142949,142953,142957,4,4
142949,142954,142958,4,5
142949,142955,142958,3,6
142949,142955,142958,3,6
142949,142949,142959,10,0
142949,142954,142958,4,5
142949,142955,142959,4,6
142949,142956,142958,2,7
142949,142957,142959,2,8
142949,142953,142959,6,4
142949,142954,142959,5,5
142949,142955,142958,3,6
142944,142944,142959,15,0
142949,142949,142960,11,0
142949,142953,142960,7,4
142949,142957,142960,3,8
142949,142955,142960,5,6
142949,142954,142960,6,5
142949,142958,142960,2,9
142949,142958,142960,2,9
142949,142958,142960,2,9
142949,142958,142960,2,9
142949,142955,142961,6,6
142949,142957,142960,3,8
142949,142954,142961,7,5
142944,142944,142961,17,0
142949,142956,142961,5,7
142949,142954,142962,8,5
142949,142959,142962,3,10
142949,142954,142961,7,5
142949,142954,142962,8,5
142944,142944,142964,20,0
142949,142949,142968,19,0
142949,142957,142967,10,8
142944,142944,142976,32,0
142949,142949,142982,33,0
142949,142949,142988,39,0
142944,142944,142997,53,0
142756,142761,143009,248,5
142949,142949,143012,63,0
143072,143072,143074,2,0
143072,143072,143074,2,0
143072,143072,143074,2,0
143072,143072,143074,2,0
143072,143072,143074,2,0
143072,143072,143074,2,0
143072,143072,143074,2,0
143072,143072,143074,2,0
143072,143072,143074,2,0
143072,143072,143074,2,0
143072,143072,143074,2,0
143072,143072,143073,1,0
143072,143072,143074,2,0
143072,143072,143074,2,0
143072,143072,143074,2,0
143072,143072,143074,2,0
143072,143072,143076,4,0
143072,143072,143077,5,0
143072,143072,143077,5,0
143072,143072,143080,8,0
143079,143079,143081,2,0
143079,143079,143080,1,0
143079,143079,143081,2,0
143079,143079,143080,1,0
143072,143072,143081,9,0
143072,143072,143081,9,0
143072,143072,143082,10,0
143072,143072,143082,10,0
143079,143081,143083,2,2
143079,143081,143083,2,2
143079,143081,143083,2,2
143079,143081,143083,2,2
143072,143072,143083,11,0
143079,143079,143084,5,0
143079,143079,143083,4,0
143072,143072,143084,12,0
143079,143081,143084,3,2
143079,143079,143084,5,0
143079,143079,143084,5,0
143079,143079,143083,4,0
143079,143082,143084,2,3
143079,143079,143085,6,0
143079,143082,143084,2,3
143079,143079,143085,6,0
143082,143083,143084,1,1
143082,143083,143084,1,1
143079,143079,143085,6,0
143082,143083,143084,1,1
143079,143079,143086,7,0
143079,143079,143086,7,0
143079,143079,143086,7,0
143079,143079,143087,8,0
143079,143079,143087,8,0
143079,143079,143087,8,0
143079,143079,143087,8,0
143082,143085,143088,3,3
143082,143085,143089,4,3
143082,143085,143089,4,3
143082,143085,143089,4,3
143082,143086,143089,3,4
143082,143087,143089,2,5
143082,143086,143089,3,4
143079,143079,143090,11,0
143082,143087,143090,3,5
143082,143088,143090,2,6
143082,143087,143090,3,5
143082,143084,143090,6,2
143082,143087,143090,3,5
143082,143085,143090,5,3
143079,143083,143091,8,4
143082,143084,143091,7,2
143082,143084,143090,6,2
143082,143089,143091,2,7
143082,143089,143091,2,7
143082,143089,143090,1,7
143082,143089,143091,2,7
143082,143089,143091,2,7
143072,143072,143092,20,0
143079,143082,143092,10,3
143082,143084,143092,8,2
143082,143084,143092,8,2
143082,143084,143092,8,2
143082,143085,143093,8,3
143072,143072,143094,22,0
143072,143072,143094,22,0
143082,143085,143095,10,3
143072,143072,143098,26,0
143082,143085,143099,14,3
143079,143079,143099,20,0
143072,143072,143099,27,0
143079,143079,143100,21,0
143082,143084,143111,27,2
143082,143084,143114,30,2
142944,142944,143225,281,0
143083,143089,143233,144,6
143089,143089,143279,190,0
143079,143083,143281,198,4
143345,143345,143346,1,0
143345,143345,143346,1,0
143345,143345,143346,1,0
143345,143345,143347,2,0
143345,143345,143348,3,0
143345,143345,143349,4,0
143345,143345,143349,4,0
143345,143345,143348,3,0
143345,143347,143348,1,2
143345,143345,143349,4,0
143345,143345,143348,3,0
143345,143347,143349,2,2
143345,143347,143348,1,2
143345,143347,143349,2,2
143345,143345,143350,5,0
143345,143345,143350,5,0
143345,143345,143351,6,0
143345,143345,143350,5,0
143345,143345,143351,6,0
143345,143345,143350,5,0
143345,143345,143350,5,0
143345,143345,143352,7,0
143345,143345,143352,7,0
143345,143345,143354,9,0
143345,143348,143354,6,3
143345,143349,143353,4,4
143345,143351,143353,2,6
143345,143351,143353,2,6
143345,143345,143355,10,0
143345,143345,143355,10,0
143345,143349,143354,5,4
143345,143351,143354,3,6
143345,143349,143355,6,4
143345,143351,143355,4,6
143345,143351,143355,4,6
143345,143353,143355,2,8
143345,143349,143354,5,4
143345,143349,143354,5,4
143345,143351,143355,4,6
143345,143352,143356,4,7
143345,143351,143356,5,6
143345,143349,143356,7,4
143345,143354,143355,1,9
143345,143354,143356,2,9
143345,143354,143356,2,9
143345,143349,143356,7,4
143345,143354,143357,3,9
143345,143349,143357,8,4
143345,143349,143357,8,4
143345,143345,143358,13,0
143345,143345,143357,12,0
143345,143355,143357,2,10
143345,143355,143357,2,10
143345,143345,143360,15,0
143345,143345,143362,17,0
143072,143073,143363,290,1
143345,143345,143364,19,0
143345,143345,143368,23,0
143345,143345,143367,22,0
143345,143355,143372,17,10
143345,143354,143375,21,9
143345,143345,143376,31,0
143222,143222,143377,155,0
143217,143218,143379,161,1
143090,143090,143379,289,0
143345,143345,143383,38,0
143220,143220,143398,178,0
143590,143590,143591,1,0
143590,143590,143591,1,0
143590,143590,143592,2,0
143590,143590,143592,2,0
143590,143590,143593,3,0
143590,143590,143593,3,0
143590,143590,143594,4,0
143590,143590,143594,4,0
143590,143590,143594,4,0
143590,143590,143594,4,0
143590,143590,143595,5,0
143590,143590,143595,5,0
143590,143590,143595,5,0
143590,143590,143595,5,0
143590,143590,143595,5,0
143590,143590,143595,5,0
143590,143590,143596,6,0
143590,143590,143596,6,0
143590,143590,143597,7,0
143590,143590,143598,8,0
143596,143596,143598,2,0
143596,143596,143598,2,0
143596,143596,143598,2,0
143596,143596,143598,2,0
143590,143590,143599,9,0
143596,143596,143599,3,0
143596,143596,143599,3,0
143596,143598,143600,2,2
143596,143596,143600,4,0
143596,143598,143600,2,2
143596,143598,143600,2,2
143596,143598,143600,2,2
143596,143596,143601,5,0
143596,143596,143601,5,0
143596,143600,143601,1,4
143596,143600,143601,1,4
143590,143590,143602,12,0
143596,143596,143602,6,0
143596,143601,143602,1,5
143596,143596,143602,6,0
143596,143601,143602,1,5
143596,143601,143602,1,5
143596,143596,143602,6,0
143596,143596,143602,6,0
143596,143601,143602,1,5
143596,143596,143602,6,0
143596,143596,143602,6,0
143596,143596,143603,7,0
143596,143596,143604,8,0
143596,143601,143604,3,5
143596,143596,143605,9,0
143596,143597,143605,8,1
143596,143603,143605,2,7
143596,143603,143605,2,7
143596,143603,143606,3,7
143596,143603,143606,3,7
143596,143604,143606,2,8
143596,143605,143607,2,9
143596,143603,143606,3,7
143596,143605,143606,1,9
143596,143602,143607,5,6
143596,143603,143607,4,7
143596,143603,143607,4,7
143596,143603,143608,5,7
143596,143602,143607,5,6
143596,143606,143607,1,10
143596,143606,143607,1,10
143596,143602,143607,5,6
143596,143606,143607,1,10
143596,143606,143607,1,10
143596,143596,143608,12,0
143596,143596,143608,12,0
143596,143603,143608,5,7
143596,143607,143608,1,11
143596,143603,143608,5,7
143596,143607,143608,1,11
143590,143590,143610,20,0
143596,143596,143610,14,0
143596,143602,143609,7,6
143596,143598,143610,12,2
143596,143605,143611,6,9
143596,143599,143612,13,3
143590,143590,143613,23,0
143590,143590,143614,24,0
143590,143590,143615,25,0
143590,143590,143615,25,0
143596,143601,143617,16,5
143596,143596,143621,25,0
143590,143590,143622,32,0
143590,143590,143624,34,0
143590,143590,143623,33,0
143596,143605,143626,21,9
143590,143590,143631,41,0
143718,143718,143719,1,0
143718,143718,143719,1,0
143718,143718,143719,1,0
143718,143718,143719,1,0
143718,143718,143719,1,0
143718,143718,143719,1,0
143718,143718,143719,1,0
143718,143718,143719,1,0
143718,143718,143719,1,0
143718,143718,143719,1,0
143718,143718,143719,1,0
143718,143718,143719,1,0
143718,143718,143719,1,0
143718,143718,143719,1,0
143718,143718,143719,1,0
143718,143718,143719,1,0
143718,143718,143721,3,0
143718,143718,143720,2,0
143718,143718,143722,4,0
143718,143718,143724,6,0
143718,143718,143724,6,0
143725,143725,143726,1,0
143725,143725,143726,1,0
143725,143725,143726,1,0
143725,143725,143726,1,0
143718,143718,143727,9,0
143718,143718,143727,9,0
143725,143725,143729,4,0
143725,143727,143728,1,2
143725,143727,143728,1,2
143725,143725,143729,4,0
143725,143727,143728,1,2
143725,143725,143728,3,0
143725,143727,143728,1,2
143725,143725,143730,5,0
143725,143725,143729,4,0
143728,143729,143730,1,1
143728,143729,143730,1,1
143725,143725,143731,6,0
143725,143725,143731,6,0
143725,143725,143730,5,0
143725,143729,143730,1,4
143725,143725,143730,5,0
143725,143725,143730,5,0
143728,143729,143730,1,1
143725,143725,143730,5,0
143725,143725,143730,5,0
143725,143725,143731,6,0
143725,143725,143730,5,0
143728,143729,143730,1,1
143718,143718,143730,12,0
143718,143718,143730,12,0
143725,143725,143731,6,0
143725,143728,143732,4,3
143725,143725,143732,7,0
143725,143725,143732,7,0
143728,143729,143733,4,1
143718,143718,143734,16,0
143725,143725,143733,8,0
143728,143731,143734,3,3
143728,143731,143733,2,3
143728,143731,143733,2,3
143728,143731,143734,3,3
143718,143718,143734,16,0
143728,143731,143735,4,3
143728,143733,143734,1,5
143728,143734,143735,1,6
143728,143731,143734,3,3
143728,143730,143735,5,2
143728,143733,143734,1,5
143725,143727,143736,9,2
143728,143731,143735,4,3
143728,143731,143735,4,3
143728,143730,143735,5,2
143728,143731,143735,4,3
143728,143732,143735,3,4
143728,143731,143736,5,3
143728,143731,143736,5,3
143728,143731,143736,5,3
143725,143725,143737,12,0
143728,143730,143736,6,2
143728,143731,143736,5,3
143728,143730,143737,7,2
143728,143732,143738,6,4
143728,143731,143738,7,3
143718,143718,143738,20,0
143728,143733,143738,5,5
143728,143734,143739,5,6
143718,143718,143741,23,0
143728,143734,143759,25,6
143718,143718,143764,46,0
143718,143718,143763,45,0
143725,143725,143768,43,0
143725,143729,143882,153,4
143735,143735,143885,150,0
143591,143591,143890,299,0
143734,143734,143891,157,0
143728,143734,143903,169,6
143736,143736,143912,176,0
143718,143718,143975,257,0
143985,143985,143987,2,0
143985,143985,143987,2,0
143985,143985,143986,1,0
143985,143985,143987,2,0
143985,143985,143988,3,0
143985,143985,143988,3,0
143985,143985,143989,4,0
143985,143985,143988,3,0
143985,143985,143989,4,0
143985,143985,143989,4,0
143985,143985,143990,5,0
143985,143985,143989,4,0
143985,143985,143990,5,0
143985,143985,143989,4,0
143985,143985,143990,5,0
143985,143985,143989,4,0
143985,143985,143990,5,0
143985,143985,143990,5,0
143985,143985,143990,5,0
143985,143985,143991,6,0
143985,143987,143991,4,2
143985,143990,143992,2,5
143985,143985,143993,8,0
143985,143985,143992,7,0
143985,143989,143993,4,4
143985,143990,143993,3,5
143985,143989,143993,4,4
143985,143990,143993,3,5
143985,143989,143993,4,4
143985,143990,143993,3,5
143985,143990,143992,2,5
143985,143987,143993,6,2
143985,143989,143993,4,4
143985,143990,143993,3,5
143985,143990,143994,4,5
143985,143993,143994,1,8
143985,143993,143994,1,8
143985,143987,143994,7,2
143985,143990,143993,3,5
143985,143993,143994,1,8
143985,143992,143994,2,7
143985,143993,143994,1,8
143985,143992,143994,2,7
143985,143985,143995,10,0
143985,143987,143995,8,2
143985,143993,143995,2,8
143985,143988,143995,7,3
143985,143988,143994,6,3
143985,143993,143995,2,8
143985,143985,143996,11,0
143985,143985,143996,11,0
143985,143985,143996,11,0
143985,143985,143997,12,0
143985,143985,143996,11,0
143985,143995,143997,2,10
143985,143994,143997,3,9
143985,143994,143997,3,9
143985,143996,143997,1,11
143985,143985,143998,13,0
143985,143993,143998,5,8
143985,143995,143998,3,10
143985,143985,143998,13,0
143985,143994,143998,4,9
143985,143994,143998,4,9
143985,143994,143998,4,9
143985,143994,143998,4,9
143985,143993,143998,5,8
143985,143994,143999,5,9
143985,143994,143999,5,9
143985,143993,143999,6,8
143985,143998,143999,1,13
143985,143998,143999,1,13
143985,143998,143999,1,13
143985,143994,144000,6,9
143985,143985,144001,16,0
143985,143993,144001,8,8
143985,143993,144001,8,8
143985,143996,144005,9,11
143985,143993,144006,13,8
143985,143997,144007,10,12
143985,143990,144011,21,5
143985,143985,144012,27,0
143985,143997,144013,16,12
143985,143985,144016,31,0
143985,143995,144016,21,10
143985,143985,144019,34,0
143985,143985,144022,37,0
143985,143985,144030,45,0
143985,143996,144031,35,11
143985,143991,144039,48,6
143985,143996,144046,50,11
143985,143995,144047,52,10
143985,143997,144049,52,12
144114,144114,144115,1,0
144114,144114,144115,1,0
144114,144114,144115,1,0
144114,144114,144115,1,0
144114,144114,144117,3,0
144114,144114,144118,4,0
144114,144114,144117,3,0
144114,144114,144117,3,0
144114,144114,144119,5,0
144114,144114,144118,4,0
144114,144114,144119,5,0
144114,144114,144119,5,0
144114,144114,144118,4,0
144114,144114,144119,5,0
144114,144114,144118,4,0
144114,144115,144118,3,1
144114,144114,144119,5,0
144114,144114,144118,4,0
144114,144114,144119,5,0
144114,144119,144121,2,5
144114,144119,144122,3,5
144114,144114,144122,8,0
144114,144119,144122,3,5
144114,144119,144122,3,5
144114,144116,144122,6,2
144114,144118,144121,3,4
144114,144119,144121,2,5
144114,144119,144121,2,5
144114,144119,144121,2,5
144114,144114,144123,9,0
144114,144116,144123,7,2
144114,144118,144122,4,4
144114,144118,144122,4,4
144114,144119,144123,4,5
144114,144121,144122,1,7
144114,144122,144123,1,8
144114,144114,144123,9,0
144114,144122,144123,1,8
144114,144116,144124,8,2
144114,144122,144123,1,8
144114,144122,144124,2,8
144114,144122,144123,1,8
144114,144122,144123,1,8
144114,144120,144125,5,6
144114,144122,144125,3,8
144114,144117,144124,7,3
144114,144114,144124,10,0
144114,144114,144126,12,0
144114,144114,144125,11,0
144114,144119,144126,7,5
144114,144119,144127,8,5
144114,144114,144127,13,0
144114,144114,144128,14,0
144114,144114,144128,14,0
144114,144114,144133,19,0
144114,144114,144133,19,0
144114,144114,144136,22,0
144114,144114,144136,22,0
144114,144114,144137,23,0
144114,144114,144138,24,0
144114,144114,144139,25,0
144114,144114,144141,27,0
143985,143998,144148,150,13
144243,144243,144244,1,0
144243,144243,144245,2,0
144243,144243,144244,1,0
144243,144243,144245,2,0
144243,144243,144246,3,0
144243,144243,144246,3,0
144243,144243,144246,3,0
144243,144243,144247,4,0
144243,144243,144247,4,0
144243,144243,144247,4,0
144243,144243,144247,4,0
144243,144243,144248,5,0
144243,144243,144248,5,0
144243,144243,144248,5,0
144243,144243,144247,4,0
144243,144243,144249,6,0
144243,144243,144249,6,0
144248,144248,144249,1,0
144248,144248,144250,2,0
144243,144243,144250,7,0
144248,144248,144250,2,0
144248,144248,144249,1,0
144248,144248,144251,3,0
144243,144243,144252,9,0
144243,144243,144252,9,0
144248,144250,144252,2,2
144248,144250,144252,2,2
144248,144249,144251,2,1
144248,144250,144252,2,2
144248,144248,144252,4,0
144248,144249,144251,2,1
144243,144243,144252,9,0
144248,144250,144253,3,2
144248,144248,144253,5,0
144248,144251,144252,1,3
144243,144243,144254,11,0
144248,144248,144254,6,0
144248,144249,144254,5,1
144248,144252,144254,2,4
144243,144243,144254,11,0
144248,144252,144253,1,4
144248,144252,144253,1,4
144248,144248,144254,6,0
144248,144252,144253,1,4
144248,144248,144256,8,0
144248,144248,144255,7,0
144243,144243,144256,13,0
144248,144248,144256,8,0
144248,144248,144256,8,0
144248,144248,144256,8,0
144243,144243,144260,17,0
144243,144243,144261,18,0
144248,144248,144263,15,0
144243,144243,144264,21,0
144243,144243,144269,26,0
144248,144248,144270,22,0
144248,144248,144283,35,0
144114,144122,144283,161,8
144243,144243,144284,41,0
144243,144243,144283,40,0
144243,144243,144291,48,0
144248,144248,144291,43,0
144248,144252,144298,46,4
144377,144377,144378,1,0
144377,144377,144379,2,0
144377,144377,144379,2,0
144377,144377,144379,2,0
144377,144378,144380,2,1
144377,144377,144380,3,0
144377,144377,144381,4,0
144377,144377,144381,4,0
144377,144378,144381,3,1
144377,144377,144382,5,0
144377,144377,144382,5,0
144377,144377,144383,6,0
144377,144378,144383,5,1
144377,144377,144383,6,0
144377,144377,144384,7,0
144377,144377,144385,8,0
144377,144377,144385,8,0
144377,144377,144385,8,0
144377,144377,144386,9,0
144377,144377,144389,12,0
144377,144377,144390,13,0
144377,144377,144390,13,0
144377,144377,144390,13,0
144377,144377,144390,13,0
144377,144377,144392,15,0
144377,144377,144393,16,0
144377,144377,144394,17,0
144252,144252,144394,142,0
144377,144377,144398,21,0
144377,144377,144398,21,0
144248,144252,144399,147,4
144377,144377,144404,27,0
144377,144377,144412,35,0
144252,144252,144418,166,0
144504,144504,144505,1,0
144504,144504,144505,1,0
144504,144504,144505,1,0
144504,144504,144506,2,0
144504,144504,144507,3,0
144504,144504,144507,3,0
144504,144504,144507,3,0
144504,144504,144507,3,0
144504,144504,144508,4,0
144504,144504,144508,4,0
144504,144504,144507,3,0
144504,144504,144508,4,0
144504,144504,144508,4,0
144504,144504,144508,4,0
144504,144504,144510,6,0
144504,144504,144509,5,0
144504,144504,144509,5,0
144504,144504,144510,6,0
144509,144509,144510,1,0
144504,144504,144509,5,0
144504,144504,144509,5,0
144504,144504,144510,6,0
144509,144509,144511,2,0
144509,144509,144510,1,0
144504,144504,144510,6,0
144509,144509,144510,1,0
144509,144510,144512,2,1
144509,144510,144512,2,1
144504,144504,144511,7,0
144509,144510,144512,2,1
144504,144504,144512,8,0
144509,144510,144512,2,1
144509,144511,144513,2,2
144509,144511,144512,1,2
144509,144511,144512,1,2
144509,144509,144513,4,0
144509,144512,144513,1,3
144509,144511,144513,2,2
144509,144510,144513,3,1
144509,144511,144514,3,2
144509,144510,144514,4,1
144509,144509,144513,4,0
144509,144509,144514,5,0
144509,144512,144513,1,3
144509,144509,144513,4,0
144509,144512,144513,1,3
144509,144512,144513,1,3
144504,144504,144515,11,0
144509,144509,144515,6,0
144509,144509,144515,6,0
144509,144509,144514,5,0
144509,144510,144515,5,1
144509,144509,144516,7,0
144504,144504,144519,15,0
144509,144509,144519,10,0
144504,144504,144520,16,0
144509,144509,144521,12,0
144504,144504,144530,26,0
144243,144243,144531,288,0
144504,144504,144535,31,0
144504,144504,144538,34,0
144504,144504,144539,35,0
144509,144509,144547,38,0
144381,144381,144551,170,0
144631,144631,144632,1,0
144631,144631,144632,1,0
144631,144631,144632,1,0
144631,144631,144633,2,0
144631,144631,144634,3,0
144631,144631,144634,3,0
144631,144631,144634,3,0
144631,144631,144633,2,0
144631,144631,144634,3,0
144631,144631,144634,3,0
144631,144631,144635,4,0
144631,144631,144636,5,0
144631,144631,144635,4,0
144631,144631,144636,5,0
144631,144631,144635,4,0
144631,144631,144635,4,0
144631,144631,144636,5,0
144631,144631,144636,5,0
144635,144635,144636,1,0
144635,144635,144636,1,0
144635,144635,144636,1,0
144631,144631,144636,5,0
144635,144635,144636,1,0
144631,144631,144637,6,0
144635,144635,144637,2,0
144635,144636,144638,2,1
144631,144631,144638,7,0
144635,144637,144638,1,2
144635,144637,144639,2,2
144635,144636,144638,2,1
144635,144637,144638,1,2
144635,144637,144638,1,2
144635,144637,144638,1,2
144635,144635,144640,5,0
144635,144637,144639,2,2
144635,144637,144639,2,2
144631,144631,144639,8,0
144635,144635,144639,4,0
144635,144636,144639,3,1
144635,144636,144639,3,1
144635,144638,144639,1,3
144635,144638,144639,1,3
144638,144639,144640,1,1
144638,144639,144640,1,1
144635,144636,144640,4,1
144635,144639,144640,1,4
144635,144639,144640,1,4
144635,144635,144640,5,0
144638,144639,144640,1,1
144635,144637,144641,4,2
144635,144638,144641,3,3
144638,144640,144641,1,2
144635,144635,144642,7,0
144631,144631,144642,11,0
144631,144631,144643,12,0
144635,144635,144642,7,0
144638,144641,144643,2,3
144638,144640,144642,2,2
144638,144640,144643,3,2
144638,144641,144643,2,3
144638,144642,144643,1,4
144638,144640,144643,3,2
144638,144641,144643,2,3
144638,144641,144643,2,3
144635,144635,144644,9,0
144638,144640,144645,5,2
144638,144640,144645,5,2
144638,144640,144644,4,2
144638,144640,144644,4,2
144638,144643,144644,1,5
144638,144640,144644,4,2
144638,144640,144644,4,2
144638,144643,144644,1,5
144638,144644,144645,1,6
144638,144640,144645,5,2
144638,144643,144645,2,5
144638,144644,144645,1,6
144638,144644,144645,1,6
144638,144640,144646,6,2
144638,144641,144646,5,3
144638,144642,144646,4,4
144638,144643,144646,3,5
144631,144631,144646,15,0
144631,144631,144647,16,0
144631,144631,144648,17,0
144635,144635,144655,20,0
144631,144631,144661,30,0
144631,144631,144663,32,0
144631,144631,144663,32,0
144378,144378,144668,290,0
144631,144631,144673,42,0
144638,144643,144674,31,5
144638,144643,144673,30,5
144635,144635,144681,46,0
144504,144505,144743,238,1
144764,144764,144765,1,0
144764,144764,144765,1,0
144764,144764,144765,1,0
144764,144764,144765,1,0
144764,144764,144765,1,0
144764,144764,144765,1,0
144764,144764,144765,1,0
144764,144764,144765,1,0
144764,144764,144765,1,0
144764,144764,144765,1,0
144764,144765,144766,1,1
144764,144764,144765,1,0
144764,144764,144765,1,0
144764,144764,144766,2,0
144764,144764,144766,2,0
144764,144764,144767,3,0
144764,144764,144768,4,0
144769,144769,144770,1,0
144769,144769,144770,1,0
144764,144764,144770,6,0
144764,144764,144770,6,0
144769,144769,144771,2,0
144769,144769,144771,2,0
144769,144769,144773,4,0
144769,144770,144773,3,1
144769,144770,144773,3,1
144769,144771,144773,2,2
144769,144769,144774,5,0
144769,144769,144774,5,0
144769,144771,144774,3,2
144769,144769,144774,5,0
144769,144769,144774,5,0
144769,144769,144774,5,0
144769,144769,144774,5,0
144769,144769,144774,5,0
144769,144769,144775,6,0
144769,144773,144775,2,4
144769,144773,144775,2,4
144769,144773,144775,2,4
144769,144773,144775,2,4
144764,144764,144775,11,0
144764,144764,144775,11,0
144764,144764,144775,11,0
144764,144764,144775,11,0
144764,144764,144776,12,0
144764,144764,144775,11,0
144769,144774,144776,2,5
144769,144774,144776,2,5
144769,144775,144776,1,6
144769,144775,144776,1,6
144769,144775,144776,1,6
144769,144774,144777,3,5
144769,144769,144778,9,0
144764,144764,144782,18,0
144764,144764,144784,20,0
144764,144764,144785,21,0
144764,144764,144787,23,0
144769,144771,144787,16,2
144769,144769,144787,18,0
144764,144764,144788,24,0
144764,144764,144789,25,0
144769,144771,144791,20,2
144635,144639,144825,186,4
144639,144644,144856,212,5
144640,144644,144858,214,4
144638,144644,144859,215,6
144895,144895,144896,1,0
144895,144895,144896,1,0
144895,144896,144897,1,1
144895,144895,144897,2,0
144895,144895,144896,1,0
144895,144895,144898,3,0
144895,144895,144897,2,0
144895,144896,144897,1,1
144895,144895,144898,3,0
144895,144895,144898,3,0
144895,144895,144898,3,0
144895,144895,144898,3,0
144895,144897,144898,1,2
144895,144895,144898,3,0
144895,144895,144898,3,0
144895,144895,144898,3,0
144895,144895,144900,5,0
144895,144897,144900,3,2
144895,144895,144899,4,0
144895,144895,144901,6,0
144895,144899,144901,2,4
144895,144897,144901,4,2
144895,144899,144900,1,4
144895,144895,144902,7,0
144895,144895,144901,6,0
144895,144899,144901,2,4
144895,144899,144901,2,4
144895,144895,144901,6,0
144895,144899,144901,2,4
144895,144900,144901,1,5
144895,144901,144902,1,6
144895,144898,144901,3,3
144895,144900,144902,2,5
144895,144895,144903,8,0
144895,144895,144902,7,0
144895,144898,144903,5,3
144895,144900,144902,2,5
144895,144901,144902,1,6
144895,144898,144902,4,3
144895,144902,144903,1,7
144895,144902,144903,1,7
144895,144901,144902,1,6
144895,144901,144902,1,6
144901,144902,144903,1,1
144895,144899,144903,4,4
144895,144899,144904,5,4
144895,144899,144903,4,4
144895,144895,144904,9,0
144895,144902,144903,1,7
144895,144895,144904,9,0
144901,144902,144903,1,1
144895,144902,144905,3,7
144901,144903,144905,2,2
144901,144904,144906,2,3
144901,144905,144906,1,4
144901,144903,144906,3,2
144901,144904,144905,1,3
144895,144895,144906,11,0
144895,144895,144907,12,0
144895,144895,144907,12,0
144901,144903,144907,4,2
144901,144903,144907,4,2
144901,144903,144907,4,2
144901,144903,144907,4,2
144901,144903,144906,3,2
144901,144903,144906,3,2
144901,144903,144907,4,2
144901,144906,144907,1,5
144901,144904,144908,4,3
144901,144904,144907,3,3
144895,144895,144908,13,0
144895,144895,144908,13,0
144895,144902,144908,6,7
144901,144906,144908,2,5
144901,144906,144908,2,5
144901,144903,144907,4,2
144901,144906,144908,2,5
144901,144906,144908,2,5
144895,144902,144908,6,7
144901,144904,144909,5,3
144901,144907,144909,2,6
144901,144907,144908,1,6
144895,144895,144909,14,0
144641,144645,144911,266,4
144895,144895,144912,17,0
144895,144902,144911,9,7
144901,144904,144912,8,3
144901,144904,144913,9,3
144901,144903,144917,14,2
144901,144907,144919,12,6
144764,144765,144923,158,1
144770,144775,144925,150,5
144895,144895,144929,34,0
144901,144907,144929,22,6
144895,144895,144929,34,0
144901,144907,144933,26,6
144631,144631,144942,311,0
145029,145029,145030,1,0
145029,145029,145030,1,0
145029,145029,145030,1,0
145029,145029,145030,1,0
145029,145029,145031,2,0
145029,145029,145032,3,0
145029,145029,145032,3,0
145029,145031,145032,1,2
145029,145029,145032,3,0
145029,145029,145033,4,0
145029,145029,145033,4,0
145029,145029,145033,4,0
145029,145031,145034,3,2
145029,145033,145034,1,4
145029,145031,145034,3,2
145029,145033,145035,2,4
145029,145033,145034,1,4
145029,145029,145034,5,0
145029,145031,145034,3,2
145029,145032,145034,2,3
145029,145029,145035,6,0
145029,145033,145035,2,4
145029,145034,145036,2,5
145029,145029,145035,6,0
145029,145034,145035,1,5
145029,145034,145035,1,5
145029,145034,145036,2,5
145029,145035,145036,1,6
145029,145035,145036,1,6
145029,145035,145036,1,6
145029,145035,145036,1,6
145029,145035,145036,1,6
145029,145035,145036,1,6
145029,145033,145037,4,4
145029,145036,145037,1,7
145029,145036,145037,1,7
145029,145036,145037,1,7
145029,145036,145037,1,7
145029,145037,145038,1,8
145029,145036,145037,1,7
145029,145036,145037,1,7
145029,145029,145039,10,0
145029,145029,145039,10,0
145029,145029,145040,11,0
145029,145029,145040,11,0
145029,145029,145041,12,0
145029,145029,145040,11,0
145029,145029,145041,12,0
145029,145029,145040,11,0
145029,145029,145041,12,0
145029,145029,145041,12,0
145029,145029,145041,12,0
145029,145029,145041,12,0
145029,145029,145041,12,0
145029,145029,145041,12,0
145029,145037,145041,4,8
145029,145029,145042,13,0
145029,145029,145045,16,0
145029,145029,145053,24,0
145029,145029,145064,35,0
144902,144907,145065,158,5
145029,145029,145067,38,0
145029,145029,145069,40,0
144895,144902,145076,174,7
145155,145155,145156,1,0
145155,145155,145156,1,0
145155,145155,145156,1,0
145155,145155,145156,1,0
145155,145155,145157,2,0
145155,145155,145157,2,0
145155,145155,145157,2,0
145155,145155,145158,3,0
145155,145155,145157,2,0
145155,145155,145157,2,0
145155,145155,145157,2,0
145155,145155,145158,3,0
145155,145155,145158,3,0
145155,145157,145159,2,2
145155,145155,145159,4,0
145155,145158,145160,2,3
145155,145158,145159,1,3
145155,145158,145160,2,3
145155,145158,145159,1,3
145155,145157,145160,3,2
145155,145159,145160,1,4
145155,145159,145161,2,4
145155,145159,145160,1,4
145155,145157,145160,3,2
145155,145157,145161,4,2
145155,145159,145160,1,4
145155,145157,145160,3,2
145155,145160,145161,1,5
145155,145155,145161,6,0
145155,145155,145161,6,0
145155,145155,145161,6,0
145155,145155,145162,7,0
145155,145158,145162,4,3
145155,145158,145161,3,3
145155,145160,145161,1,5
145155,145160,145161,1,5
145155,145160,145162,2,5
145155,145161,145162,1,6
145155,145155,145163,8,0
145155,145161,145163,2,6
145155,145161,145162,1,6
145155,145161,145162,1,6
145155,145161,145162,1,6
145155,145161,145162,1,6
145155,145161,145162,1,6
145155,145161,145162,1,6
145155,145155,145166,11,0
145155,145155,145166,11,0
145155,145155,145166,11,0
145155,145155,145166,11,0
145155,145155,145167,12,0
145155,145155,145167,12,0
145155,145155,145167,12,0
145155,145155,145168,13,0
145155,145155,145172,17,0
145155,145155,145174,19,0
145155,145155,145174,19,0
145155,145155,145176,21,0
145155,145155,145175,20,0
145155,145155,145177,22,0
145155,145155,145192,37,0
145155,145155,145194,39,0
145029,145037,145202,165,8
145282,145282,145283,1,0
145282,145282,145283,1,0
145282,145282,145283,1,0
145282,145282,145283,1,0
145282,145282,145283,1,0
145282,145282,145284,2,0
145282,145282,145284,2,0
145282,145282,145283,1,0
145282,145282,145283,1,0
145282,145282,145283,1,0
145282,145282,145283,1,0
145282,145282,145283,1,0
145282,145282,145284,2,0
145282,145282,145284,2,0
145282,145282,145285,3,0
145282,145283,145285,2,1
145282,145283,145284,1,1
145282,145284,145285,1,2
145282,145284,145286,2,2
145282,145284,145286,2,2
145282,145284,145285,1,2
145282,145284,145287,3,2
145282,145285,145286,1,3
145282,145285,145287,2,3
145282,145285,145287,2,3
145282,145285,145286,1,3
145282,145284,145287,3,2
145282,145285,145286,1,3
145282,145284,145288,4,2
145282,145284,145287,3,2
145282,145286,145287,1,4
145282,145286,145287,1,4
145282,145286,145287,1,4
145282,145286,145287,1,4
145282,145287,145288,1,5
145282,145282,145288,6,0
145282,145284,145289,5,2
145282,145284,145289,5,2
145282,145287,145288,1,5
145282,145287,145288,1,5
145282,145287,145288,1,5
145288,145288,145289,1,0
145282,145287,145288,1,5
145288,145288,145289,1,0
145282,145287,145288,1,5
145288,145288,145289,1,0
145282,145282,145289,7,0
145288,145288,145289,1,0
145288,145288,145290,2,0
145288,145289,145291,2,1
145288,145289,145291,2,1
145288,145289,145290,1,1
145288,145288,145291,3,0
145288,145289,145290,1,1
145288,145289,145291,2,1
145288,145289,145290,1,1
145288,145289,145291,2,1
145282,145282,145291,9,0
145282,145282,145291,9,0
145288,145290,145292,2,2
145288,145290,145291,1,2
145288,145289,145293,4,1
145288,145289,145292,3,1
145288,145291,145292,1,3
145288,145291,145292,1,3
145288,145291,145292,1,3
145288,145291,145293,2,3
145288,145291,145292,1,3
145288,145291,145293,2,3
145288,145288,145293,5,0
145288,145291,145293,2,3
145288,145291,145293,2,3
145282,145282,145294,12,0
145282,145282,145294,12,0
145282,145282,145293,11,0
145282,145282,145294,12,0
145282,145282,145294,12,0
145282,145282,145295,13,0
145282,145282,145294,12,0
145282,145282,145295,13,0
145288,145289,145294,5,1
145288,145290,145296,6,2
145282,145282,145296,14,0
145282,145282,145296,14,0
145282,145282,145297,15,0
145282,145282,145299,17,0
145288,145292,145302,10,4
145282,145282,145305,23,0
145288,145289,145304,15,1
145282,145282,145307,25,0
145288,145292,145312,20,4
145282,145282,145323,41,0
145155,145161,145325,164,6
145282,145282,145329,47,0
145418,145418,145419,1,0
145418,145418,145419,1,0
145418,145418,145420,2,0
145418,145418,145420,2,0
145418,145418,145420,2,0
145418,145418,145419,1,0
145418,145418,145421,3,0
145418,145418,145421,3,0
145418,145418,145420,2,0
145418,145418,145422,4,0
145418,145418,145421,3,0
145418,145418,145423,5,0
145418,145418,145422,4,0
145418,145418,145424,6,0
145418,145418,145424,6,0
145418,145418,145424,6,0
145418,145418,145424,6,0
145418,145418,145425,7,0
145418,145418,145426,8,0
145418,145418,145426,8,0
145418,145418,145425,7,0
145418,145418,145426,8,0
145418,145418,145428,10,0
145418,145418,145428,10,0
145418,145418,145430,12,0
145418,145418,145430,12,0
145418,145418,145429,11,0
145418,145418,145430,12,0
145418,145418,145431,13,0
145418,145418,145432,14,0
145418,145418,145432,14,0
145291,145292,145445,153,1
145282,145287,145456,169,5
145288,145292,145463,171,4
145547,145548,145549,1,1
145547,145548,145549,1,1
145548,145549,145550,1,1
145547,145548,145549,1,1
145547,145548,145549,1,1
145547,145548,145549,1,1
145547,145548,145549,1,1
145547,145548,145550,2,1
145547,145548,145550,2,1
145547,145548,145551,3,1
145547,145548,145550,2,1
145547,145548,145551,3,1
145547,145548,145551,3,1
145547,145548,145551,3,1
145547,145548,145551,3,1
145547,145548,145551,3,1
145547,145548,145551,3,1
145547,145548,145551,3,1
145548,145551,145552,1,3
145548,145551,145552,1,3
145548,145550,145552,2,2
145548,145550,145552,2,2
145548,145550,145552,2,2
145548,145550,145552,2,2
145548,145551,145552,1,3
145548,145552,145553,1,4
145547,145548,145553,5,1
145548,145550,145553,3,2
145548,145550,145553,3,2
145548,145552,145553,1,4
145548,145552,145553,1,4
145548,145550,145553,3,2
145548,145551,145553,2,3
145548,145553,145554,1,5
145548,145553,145554,1,5
145548,145552,145553,1,4
145548,145553,145554,1,5
145548,145553,145554,1,5
145547,145548,145554,6,1
145547,145548,145554,6,1
145548,145552,145554,2,4
145547,145548,145554,6,1
145548,145548,145554,6,0
145548,145553,145554,1,5
145548,145553,145554,1,5
145548,145553,145554,1,5
145548,145553,145554,1,5
145547,145548,145555,7,1
145548,145552,145555,3,4
145547,145548,145555,7,1
145547,145548,145555,7,1
145548,145551,145556,5,3
145548,145554,145557,3,6
145547,145548,145557,9,1
145547,145548,145557,9,1
145547,145548,145559,11,1
145548,145548,145559,11,0
145547,145548,145563,15,1
145548,145548,145565,17,0
145547,145548,145575,27,1
145547,145548,145577,29,1
145423,145423,145590,167,0
145672,145673,145674,1,1
145672,145673,145674,1,1
145672,145673,145674,1,1
145672,145673,145674,1,1
145672,145673,145674,1,1
145672,145673,145674,1,1
145672,145673,145675,2,1
145672,145673,145675,2,1
145672,145673,145675,2,1
145672,145673,145676,3,1
145672,145673,145676,3,1
145672,145673,145675,2,1
145672,145673,145675,2,1
145672,145673,145675,2,1
145672,145673,145676,3,1
145672,145673,145676,3,1
145672,145673,145676,3,1
145672,145673,145676,3,1
145672,145673,145677,4,1
145672,145673,145678,5,1
145672,145673,145678,5,1
145672,145673,145678,5,1
145672,145673,145679,6,1
145672,145673,145680,7,1
145672,145673,145686,13,1
145672,145673,145687,14,1
145672,145673,145689,16,1
145418,145418,145699,281,0
145672,145673,145719,46,1
145799,145799,145801,2,0
145799,145799,145801,2,0
145799,145799,145801,2,0
145799,145799,145801,2,0
145799,145799,145801,2,0
145799,145799,145801,2,0
145799,145799,145800,1,0
145799,145799,145802,3,0
145799,145799,145802,3,0
145799,145799,145802,3,0
145799,145799,145801,2,0
145799,145799,145802,3,0
145799,145799,145802,3,0
145799,145799,145802,3,0
145799,145799,145803,4,0
145799,145799,145803,4,0
145799,145799,145804,5,0
145799,145799,145804,5,0
145799,145799,145805,6,0
145799,145799,145805,6,0
145799,145799,145807,8,0
145799,145799,145808,9,0
145799,145799,145808,9,0
145799,145799,145809,10,0
145799,145799,145810,11,0
145799,145799,145810,11,0
145799,145799,145811,12,0
145799,145799,145812,13,0
145799,145799,145812,13,0
145799,145799,145816,17,0
145799,145799,145835,36,0
145924,145924,145925,1,0
145924,145924,145925,1,0
145924,145924,145925,1,0
145924,145924,145925,1,0
145924,145924,145925,1,0
145924,145924,145925,1,0
145924,145924,145925,1,0
145924,145924,145925,1,0
145924,145924,145925,1,0
145924,145924,145925,1,0
145924,145924,145925,1,0
145924,145924,145925,1,0
145924,145924,145925,1,0
145924,145924,145925,1,0
145924,145924,145925,1,0
145924,145924,145925,1,0
145924,145925,145926,1,1
145795,145795,145973,178,0
146054,146054,146056,2,0
146054,146054,146056,2,0
146054,146054,146056,2,0
146054,146054,146055,1,0
146054,146054,146056,2,0
146054,146054,146055,1,0
146054,146054,146056,2,0
146054,146054,146055,1,0
146054,146054,146055,1,0
146054,146054,146055,1,0
146054,146054,146055,1,0
146054,146054,146057,3,0
146054,146054,146057,3,0
146055,146056,146057,1,1
146054,146054,146057,3,0
146055,146056,146058,2,1
146055,146056,146058,2,1
146054,146054,146057,3,0
146055,146056,146059,3,1
146055,146057,146059,2,2
146055,146056,146059,3,1
146054,146054,146059,5,0
146054,146054,146060,6,0
146054,146054,146059,5,0
146054,146054,146060,6,0
146055,146056,146059,3,1
146055,146058,146059,1,3
146055,146058,146060,2,3
146055,146056,146059,3,1
146055,146058,146060,2,3
146055,146056,146059,3,1
146055,146059,146060,1,4
146055,146056,146061,5,1
146055,146057,146061,4,2
146055,146058,146060,2,3
146055,146059,146061,2,4
146055,146056,146061,5,1
146055,146059,146060,1,4
146055,146060,146061,1,5
146055,146060,146061,1,5
146054,146054,146061,7,0
146054,146054,146061,7,0
146055,146057,146061,4,2
146055,146060,146062,2,5
146055,146060,146061,1,5
146055,146060,146062,2,5
146055,146060,146061,1,5
146055,146060,146062,2,5
146054,146054,146063,9,0
146054,146054,146063,9,0
146054,146054,146064,10,0
146054,146054,146066,12,0
146054,146054,146066,12,0
146055,146060,146066,6,5
146055,146060,146066,6,5
146054,146054,146068,14,0
146055,146060,146068,8,5
146055,146060,146068,8,5
146054,146054,146076,22,0
146054,146054,146076,22,0
146054,146054,146078,24,0
145928,145928,146087,159,0
146054,146054,146088,34,0
145931,145931,146097,166,0
145929,145930,146104,174,1
145930,145930,146118,188,0
146181,146181,146182,1,0
146181,146181,146182,1,0
146181,146181,146182,1,0
146181,146181,146183,2,0
146181,146183,146184,1,2
146181,146181,146184,3,0
146181,146181,146184,3,0
146181,146182,146183,1,1
146181,146183,146185,2,2
146181,146181,146184,3,0
146181,146181,146185,4,0
146181,146181,146185,4,0
146181,146181,146185,4,0
146181,146181,146186,5,0
146181,146181,146187,6,0
146181,146181,146186,5,0
146181,146181,146186,5,0
146181,146181,146188,7,0
146181,146181,146188,7,0
146181,146181,146188,7,0
146181,146181,146188,7,0
146181,146181,146189,8,0
146181,146183,146189,6,2
146181,146181,146191,10,0
146181,146184,146191,7,3
146181,146187,146191,4,6
146181,146187,146190,3,6
146181,146186,146191,5,5
146181,146189,146191,2,8
146181,146184,146191,7,3
146181,146186,146191,5,5
146181,146187,146191,4,6
146181,146188,146191,3,7
146181,146181,146192,11,0
146181,146181,146191,10,0
146181,146186,146191,5,5
146181,146189,146192,3,8
146181,146184,146192,8,3
146181,146190,146192,2,9
146185,146191,146192,1,6
146185,146191,146192,1,6
146181,146181,146193,12,0
145925,145926,146192,266,1
146181,146185,146193,8,4
146181,146191,146193,2,10
146181,146191,146193,2,10
146181,146191,146193,2,10
146181,146185,146193,8,4
146181,146191,146192,1,10
146181,146191,146192,1,10
146181,146191,146192,1,10
146181,146181,146194,13,0
146185,146192,146194,2,7
146181,146190,146193,3,9
146181,146191,146194,3,10
146185,146192,146195,3,7
146181,146184,146195,11,3
146181,146181,146196,15,0
146185,146194,146196,2,9
146181,146188,146196,8,7
146185,146193,146196,3,8
146181,146181,146197,16,0
146185,146193,146197,4,8
146185,146193,146197,4,8
146185,146193,146196,3,8
146185,146196,146197,1,11
146181,146181,146198,17,0
146185,146193,146198,5,8
146185,146193,146198,5,8
146185,146196,146197,1,11
146185,146192,146199,7,7
146185,146193,146198,5,8
146186,146197,146199,2,11
146186,146197,146199,2,11
146181,146181,146200,19,0
146181,146181,146200,19,0
146185,146194,146199,5,9
146185,146194,146200,6,9
146186,146198,146200,2,12
146185,146193,146200,7,8
146185,146192,146200,8,7
146185,146192,146200,8,7
146185,146192,146199,7,7
146185,146192,146200,8,7
146181,146181,146202,21,0
146185,146196,146203,7,11
146186,146200,146203,3,14
146186,146198,146203,5,12
146186,146201,146203,2,15
146186,146201,146203,2,15
146185,146195,146204,9,10
146186,146201,146204,3,15
146186,146200,146205,5,14
146186,146198,146204,6,12
146186,146204,146205,1,18
146186,146204,146205,1,18
146186,146204,146205,1,18
146186,146204,146205,1,18
146185,146194,146205,11,9
146181,146185,146206,21,4
146186,146198,146206,8,12
146186,146205,146206,1,19
146186,146198,146206,8,12
146186,146200,146206,6,14
146181,146181,146207,26,0
146186,146203,146207,4,17
146186,146199,146207,8,13
146186,146205,146206,1,19
146186,146199,146207,8,13
146186,146199,146207,8,13
146186,146200,146208,8,14
146185,146196,146208,12,11
146185,146197,146208,11,12
146186,146200,146208,8,14
146185,146193,146208,15,8
146054,146056,146210,154,2
146186,146203,146210,7,17
146186,146205,146211,6,19
146181,146181,146213,32,0
146185,146193,146213,20,8
146186,146200,146213,13,14
146186,146200,146215,15,14
146186,146204,146218,14,18
146185,146195,146218,23,10
146186,146200,146219,19,14
146185,146192,146224,32,7
146055,146061,146224,163,6
146308,146308,146310,2,0
146308,146308,146309,1,0
146056,146061,146309,248,5
146308,146308,146310,2,0
146308,146308,146311,3,0
146308,146308,146310,2,0
146308,146308,146311,3,0
146308,146308,146312,4,0
146308,146308,146312,4,0
146308,146308,146313,5,0
146308,146308,146313,5,0
146308,146308,146313,5,0
146308,146308,146314,6,0
146308,146308,146313,5,0
146308,146308,146313,5,0
146308,146308,146314,6,0
146308,146308,146315,7,0
146308,146308,146315,7,0
146308,146308,146316,8,0
146308,146308,146316,8,0
146314,146314,146316,2,0
146314,146314,146316,2,0
146314,146314,146316,2,0
146308,146308,146317,9,0
146314,146314,146318,4,0
146314,146315,146318,3,1
146314,146317,146319,2,3
146314,146315,146318,3,1
146314,146317,146318,1,3
146314,146317,146318,1,3
146314,146314,146319,5,0
146314,146316,146319,3,2
146308,146308,146320,12,0
146308,146308,146320,12,0
146314,146316,146320,4,2
146314,146317,146320,3,3
146314,146319,146320,1,5
146314,146319,146320,1,5
146314,146319,146320,1,5
146314,146319,146320,1,5
146314,146319,146320,1,5
146308,146308,146321,13,0
146314,146318,146321,3,4
146314,146314,146322,8,0
146318,146320,146321,1,2
146314,146314,146321,7,0
146314,146314,146322,8,0
146314,146315,146322,7,1
146314,146314,146322,8,0
146314,146314,146322,8,0
146318,146320,146323,3,2
146318,146321,146323,2,3
146308,146308,146324,16,0
146314,146314,146324,10,0
146318,146323,146325,2,5
146318,146323,146325,2,5
146308,146308,146326,18,0
146314,146314,146326,12,0
146318,146321,146326,5,3
146318,146324,146326,2,6
146318,146321,146326,5,3
146318,146322,146326,4,4
146318,146322,146327,5,4
146314,146314,146327,13,0
146308,146308,146327,19,0
146318,146321,146327,6,3
146318,146321,146328,7,3
146318,146326,146327,1,8
146318,146322,146327,5,4
146318,146326,146327,1,8
146318,146320,146328,8,2
146318,146324,146328,4,6
146318,146322,146328,6,4
146318,146327,146328,1,9
146318,146327,146329,2,9
146318,146321,146328,7,3
146318,146327,146328,1,9
146318,146327,146328,1,9
146318,146321,146328,7,3
146308,146308,146329,21,0
146318,146325,146329,4,7
146318,146323,146329,6,5
146314,146314,146329,15,0
146308,146308,146330,22,0
146318,146323,146331,8,5
146318,146326,146332,6,8
146318,146327,146332,5,9
146308,146308,146337,29,0
146308,146308,146338,30,0
146182,146191,146340,149,9
146314,146314,146345,31,0
146308,146308,146350,42,0
146314,146314,146355,41,0
146318,146321,146357,36,3
146318,146324,146368,44,6
146185,146197,146374,177,12
146446,146446,146447,1,0
146446,146446,146447,1,0
146446,146446,146447,1,0
146446,146446,146447,1,0
146446,146446,146448,2,0
146446,146446,146449,3,0
146446,146446,146450,4,0
146446,146446,146450,4,0
146446,146446,146451,5,0
146446,146446,146450,4,0
146446,146446,146450,4,0
146446,146446,146451,5,0
146446,146446,146451,5,0
146446,146446,146452,6,0
146446,146446,146452,6,0
146446,146446,146452,6,0
146446,146446,146453,7,0
146446,146446,146453,7,0
146446,146446,146453,7,0
146453,146453,146454,1,0
146453,146453,146454,1,0
146446,146446,146455,9,0
146453,146453,146454,1,0
146453,146453,146455,2,0
146446,146446,146456,10,0
146453,146454,146456,2,1
146446,146446,146456,10,0
146446,146446,146456,10,0
146453,146453,146457,4,0
146453,146453,146456,3,0
146453,146454,146456,2,1
146453,146455,146457,2,2
146453,146453,146458,5,0
146453,146456,146458,2,3
146453,146453,146458,5,0
146453,146455,146457,2,2
146453,146456,146457,1,3
146453,146457,146458,1,4
146453,146453,146459,6,0
146453,146453,146459,6,0
146453,146453,146459,6,0
146453,146454,146460,6,1
146453,146453,146460,7,0
146453,146457,146460,3,4
146453,146455,146461,6,2
146453,146453,146461,8,0
146453,146453,146460,7,0
146453,146453,146461,8,0
146453,146453,146460,7,0
146453,146453,146462,9,0
146453,146453,146462,9,0
146446,146446,146464,18,0
146446,146446,146465,19,0
146446,146446,146466,20,0
146453,146453,146467,14,0
146446,146446,146467,21,0
146453,146457,146467,10,4
146446,146446,146469,23,0
146446,146446,146470,24,0
146446,146446,146471,25,0
146453,146457,146475,18,4
146446,146446,146484,38,0
146318,146327,146485,158,9
146315,146320,146495,175,5
146308,146308,146560,252,0
146579,146579,146580,1,0
146579,146579,146580,1,0
146579,146579,146580,1,0
146579,146579,146580,1,0
146579,146579,146580,1,0
146579,146579,146580,1,0
146579,146579,146580,1,0
146579,146579,146580,1,0
146579,146579,146581,2,0
146579,146579,146580,1,0
146579,146579,146580,1,0
146579,146579,146580,1,0
146579,146579,146581,2,0
146579,146579,146581,2,0
146579,146579,146582,3,0
146579,146579,146583,4,0
146579,146579,146583,4,0
146579,146579,146583,4,0
146579,146579,146583,4,0
146579,146579,146583,4,0
146579,146579,146584,5,0
146579,146579,146584,5,0
146582,146583,146584,1,1
146582,146583,146584,1,1
146582,146583,146584,1,1
146579,146579,146585,6,0
146582,146583,146585,2,1
146579,146579,146586,7,0
146582,146585,146586,1,3
146582,146585,146586,1,3
146582,146583,146587,4,1
146582,146583,146587,4,1
146582,146585,146587,2,3
146582,146583,146587,4,1
146582,146586,146587,1,4
146582,146583,146588,5,1
146582,146584,146588,4,2
146582,146585,146588,3,3
146582,146585,146588,3,3
146582,146583,146588,5,1
146582,146587,146588,1,5
146582,146583,146588,5,1
146583,146587,146588,1,4
146579,146579,146589,10,0
146582,146583,146589,6,1
146582,146583,146589,6,1
146583,146588,146589,1,5
146583,146588,146589,1,5
146582,146584,146590,6,2
146582,146582,146589,7,0
146579,146579,146590,11,0
146582,146583,146590,7,1
146583,146588,146590,2,5
146582,146586,146590,4,4
146582,146587,146591,4,5
146582,146583,146590,7,1
146582,146583,146590,7,1
146583,146590,146592,2,7
146583,146588,146593,5,5
146583,146591,146592,1,8
146583,146591,146592,1,8
146583,146590,146594,4,7
146583,146591,146593,2,8
146583,146591,146593,2,8
146583,146590,146594,4,7
146583,146590,146593,3,7
146583,146591,146593,2,8
146583,146588,146593,5,5
146582,146584,146594,10,2
146583,146590,146595,5,7
146583,146589,146594,5,6
146583,146593,146594,1,10
146583,146593,146594,1,10
146583,146589,146594,5,6
146583,146593,146594,1,10
146586,146594,146595,1,8
146586,146594,146596,2,8
146583,146590,146595,5,7
146583,146591,146595,4,8
146586,146594,146595,1,8
146583,146589,146595,6,6
146582,146582,146596,14,0
146586,146594,146596,2,8
146579,146579,146596,17,0
146579,146579,146597,18,0
146583,146589,146596,7,6
146583,146589,146596,7,6
146583,146589,146598,9,6
146583,146589,146597,8,6
146586,146594,146599,5,8
146586,146596,146599,3,10
146586,146596,146598,2,10
146586,146597,146598,1,11
146583,146589,146599,10,6
146586,146597,146599,2,11
146586,146594,146600,6,8
146586,146595,146600,5,9
146586,146597,146599,2,11
146586,146596,146600,4,10
146586,146599,146600,1,13
146586,146599,146600,1,13
146586,146599,146600,1,13
146579,146579,146601,22,0
146586,146598,146602,4,12
146586,146598,146602,4,12
146586,146596,146602,6,10
146586,146596,146602,6,10
146586,146595,146602,7,9
146586,146596,146601,5,10
146586,146595,146602,7,9
146586,146595,146602,7,9
146586,146594,146602,8,8
146586,146595,146602,7,9
146453,146457,146602,145,4
146586,146595,146602,7,9
146583,146591,146603,12,8
146579,146579,146604,25,0
146583,146590,146608,18,7
146586,146597,146612,15,11
146586,146597,146613,16,11
146586,146595,146614,19,9
146586,146597,146618,21,11
146579,146579,146619,40,0
146582,146584,146622,38,2
146582,146584,146640,56,2
145653,145654,146688,1034,1
146586,146599,146764,165,13
146583,146593,146767,174,10
146446,146446,146816,370,0
146844,146844,146845,1,0
146844,146844,146845,1,0
146844,146844,146845,1,0
146844,146844,146845,1,0
146844,146844,146845,1,0
146844,146844,146845,1,0
146844,146844,146845,1,0
146844,146844,146845,1,0
146844,146844,146845,1,0
146844,146844,146845,1,0
146844,146844,146845,1,0
146844,146845,146846,1,1
146844,146844,146847,3,0
146844,146844,146846,2,0
146844,146844,146847,3,0
146844,146844,146847,3,0
146844,146844,146847,3,0
146844,146844,146847,3,0
146844,146844,146847,3,0
146844,146844,146855,11,0
146844,146844,146855,11,0
146844,146844,146855,11,0
146844,146844,146855,11,0
146712,146712,146858,146,0
146844,146844,146861,17,0
146844,146844,146862,18,0
146844,146844,146862,18,0
146844,146844,146863,19,0
146844,146844,146865,21,0
146844,146844,146868,24,0
146844,146844,146868,24,0
146844,146844,146877,33,0
146580,146580,146878,298,0
146720,146720,146889,169,0
146717,146717,146915,198,0
146721,146721,146915,194,0
146722,146722,146953,231,0
146969,146969,146971,2,0
146969,146969,146971,2,0
146969,146969,146972,3,0
146969,146969,146972,3,0
146969,146969,146973,4,0
146969,146969,146974,5,0
146969,146969,146973,4,0
146969,146969,146974,5,0
146969,146969,146975,6,0
146969,146969,146975,6,0
146969,146969,146975,6,0
146969,146969,146975,6,0
146969,146969,146975,6,0
146969,146969,146976,7,0
146969,146969,146976,7,0
146969,146969,146976,7,0
146969,146969,146975,6,0
146969,146971,146976,5,2
146969,146969,146976,7,0
146969,146969,146977,8,0
146969,146971,146977,6,2
146969,146969,146979,10,0
146969,146969,146979,10,0
146969,146972,146978,6,3
146969,146976,146979,3,7
146969,146973,146979,6,4
146969,146977,146979,2,8
146969,146975,146979,4,6
146969,146977,146979,2,8
146969,146977,146979,2,8
146969,146976,146980,4,7
146969,146978,146979,1,9
146969,146969,146979,10,0
146969,146977,146980,3,8
146969,146974,146980,6,5
146969,146975,146980,5,6
146969,146975,146980,5,6
146969,146969,146980,11,0
146969,146969,146981,12,0
146969,146969,146981,12,0
146969,146969,146981,12,0
146969,146976,146981,5,7
146969,146979,146981,2,10
146969,146980,146981,1,11
146969,146973,146981,8,4
146969,146975,146981,6,6
146969,146980,146981,1,11
146969,146980,146981,1,11
146969,146969,146982,13,0
146969,146974,146982,8,5
146969,146975,146982,7,6
146969,146969,146984,15,0
146969,146969,146984,15,0
146969,146974,146985,11,5
146969,146969,146988,19,0
146969,146979,146989,10,10
146969,146979,146988,9,10
146969,146969,146991,22,0
146969,146969,146991,22,0
146969,146970,146992,22,1
146844,146845,146992,147,1
146969,146969,146996,27,0
146969,146969,147040,71,0
147092,147092,147093,1,0
147092,147092,147093,1,0
147092,147092,147093,1,0
147092,147092,147094,2,0
147092,147092,147095,3,0
147092,147092,147095,3,0
147092,147092,147095,3,0
147092,147092,147095,3,0
147092,147092,147096,4,0
147092,147092,147096,4,0
147092,147092,147096,4,0
147092,147092,147097,5,0
147092,147092,147097,5,0
147092,147092,147098,6,0
147092,147092,147097,5,0
147092,147092,147098,6,0
147092,147092,147099,7,0
147092,147092,147098,6,0
147092,147092,147099,7,0
147092,147094,147100,6,2
147092,147092,147099,7,0
147092,147096,147100,4,4
147092,147094,147099,5,2
147092,147093,147100,7,1
147092,147093,147100,7,1
147092,147097,147101,4,5
147092,147098,147100,2,6
147092,147099,147100,1,7
147092,147098,147100,2,6
147092,147096,147100,4,4
147092,147099,147101,2,7
147092,147098,147101,3,6
147092,147098,147101,3,6
147092,147092,147101,9,0
147092,147100,147101,1,8
147092,147100,147101,1,8
147092,147099,147101,2,7
147092,147100,147101,1,8
147092,147101,147102,1,9
147092,147101,147102,1,9
147092,147097,147102,5,5
147092,147100,147102,2,8
147092,147101,147102,1,9
147092,147101,147102,1,9
147092,147101,147102,1,9
147092,147101,147102,1,9
147092,147101,147102,1,9
147092,147092,147102,10,0
147092,147095,147102,7,3
147092,147100,147103,3,8
147092,147092,147104,12,0
147092,147101,147105,4,9
147092,147103,147105,2,11
147092,147092,147104,12,0
147092,147096,147105,9,4
147092,147103,147106,3,11
147092,147103,147105,2,11
147092,147103,147106,3,11
147092,147103,147105,2,11
147092,147092,147106,14,0
147092,147096,147106,10,4
147092,147104,147107,3,12
147092,147103,147106,3,11
147092,147092,147107,15,0
147092,147102,147106,4,10
147092,147105,147107,2,13
147092,147105,147106,1,13
147092,147103,147106,3,11
147092,147106,147107,1,14
147092,147105,147107,2,13
147092,147102,147108,6,10
147092,147102,147107,5,10
147092,147102,147107,5,10
147092,147102,147107,5,10
147092,147106,147107,1,14
147092,147102,147108,6,10
147092,147102,147108,6,10
147092,147092,147108,16,0
147092,147092,147108,16,0
147092,147106,147109,3,14
147092,147102,147109,7,10
147092,147092,147111,19,0
147092,147092,147111,19,0
147092,147103,147111,8,11
147092,147092,147112,20,0
147092,147103,147112,9,11
147092,147092,147113,21,0
147092,147092,147113,21,0
147092,147092,147113,21,0
147092,147092,147117,25,0
147092,147092,147118,26,0
147092,147102,147120,18,10
147092,147105,147133,28,13
147220,147221,147222,1,1
147220,147221,147222,1,1
147220,147221,147223,2,1
147220,147221,147223,2,1
147221,147221,147223,2,0
147220,147221,147224,3,1
147220,147221,147224,3,1
147220,147221,147224,3,1
147220,147221,147225,4,1
147220,147221,147225,4,1
147220,147221,147225,4,1
147220,147221,147227,6,1
147220,147221,147226,5,1
147220,147221,147227,6,1
147220,147221,147226,5,1
147220,147221,147226,5,1
147220,147221,147227,6,1
147220,147221,147227,6,1
147221,147223,147227,4,2
147220,147221,147228,7,1
147221,147223,147228,5,2
147221,147223,147228,5,2
147220,147221,147228,7,1
147220,147221,147229,8,1
147221,147224,147229,5,3
147221,147227,147230,3,6
147221,147228,147229,1,7
147221,147226,147230,4,5
147221,147227,147229,2,6
147221,147228,147229,1,7
147220,147221,147230,9,1
147221,147228,147230,2,7
147221,147225,147230,5,4
147221,147226,147230,4,5
147221,147229,147230,1,8
147221,147229,147230,1,8
147221,147227,147230,3,6
147221,147227,147230,3,6
147221,147229,147230,1,8
147220,147221,147231,10,1
147221,147230,147231,1,9
147221,147230,147231,1,9
147221,147230,147231,1,9
147221,147226,147232,6,5
147221,147230,147232,2,9
147221,147225,147234,9,4
146779,146779,147234,455,0
147221,147225,147235,10,4
147221,147221,147236,15,0
147221,147221,147240,19,0
147220,147221,147240,19,1
147220,147221,147240,19,1
147221,147221,147240,19,0
147220,147221,147241,20,1
147220,147221,147243,22,1
147220,147221,147245,24,1
147221,147229,147246,17,8
147221,147224,147246,22,3
147221,147227,147247,20,6
147220,147221,147248,27,1
147220,147221,147250,29,1
147220,147221,147255,34,1
147220,147221,147262,41,1
147092,147106,147274,168,14
147343,147343,147344,1,0
147343,147343,147344,1,0
147343,147343,147345,2,0
147343,147343,147344,1,0
147343,147343,147346,3,0
147343,147343,147347,4,0
147343,147343,147348,5,0
147343,147343,147347,4,0
147343,147343,147347,4,0
147343,147343,147347,4,0
147343,147343,147347,4,0
147343,147343,147348,5,0
147343,147343,147348,5,0
147343,147343,147348,5,0
147343,147343,147349,6,0
147343,147343,147348,5,0
147343,147343,147348,5,0
147343,147343,147350,7,0
147343,147343,147350,7,0
147343,147343,147350,7,0
147343,147343,147351,8,0
147350,147350,147352,2,0
147350,147350,147351,1,0
147350,147350,147351,1,0
147350,147350,147351,1,0
147350,147350,147352,2,0
147343,147343,147352,9,0
147350,147350,147354,4,0
147350,147352,147353,1,2
147350,147352,147354,2,2
147350,147352,147354,2,2
147350,147352,147353,1,2
147350,147352,147354,2,2
147343,147343,147354,11,0
147350,147350,147354,4,0
147350,147350,147355,5,0
147354,147354,147355,1,0
147354,147354,147355,1,0
147354,147354,147355,1,0
147343,147343,147356,13,0
147350,147350,147356,6,0
147350,147350,147355,5,0
147350,147350,147355,5,0
147350,147350,147356,6,0
147350,147350,147355,5,0
147354,147354,147356,2,0
147350,147350,147357,7,0
147350,147353,147357,4,3
147350,147350,147357,7,0
147350,147350,147357,7,0
147350,147351,147358,7,1
147350,147350,147357,7,0
147354,147354,147358,4,0
147350,147350,147358,8,0
147354,147357,147359,2,3
147350,147350,147360,10,0
147354,147356,147360,4,2
147354,147357,147360,3,3
147354,147356,147360,4,2
147354,147356,147359,3,2
147354,147358,147360,2,4
147354,147358,147360,2,4
147354,147358,147360,2,4
147350,147350,147360,10,0
147350,147350,147361,11,0
147354,147358,147361,3,4
147354,147356,147361,5,2
147354,147355,147361,6,1
147354,147356,147361,5,2
147354,147360,147361,1,6
147354,147357,147362,5,3
147354,147355,147362,7,1
147354,147360,147361,1,6
147354,147356,147362,6,2
147354,147360,147361,1,6
147354,147361,147362,1,7
147343,147343,147362,19,0
147343,147343,147363,20,0
147354,147355,147363,8,1
147354,147355,147363,8,1
147343,147343,147364,21,0
147354,147357,147364,7,3
147354,147360,147363,3,6
147354,147355,147367,12,1
147350,147350,147369,19,0
147343,147343,147371,28,0
147350,147350,147374,24,0
147343,147343,147375,32,0
147343,147343,147377,34,0
147343,147343,147379,36,0
147354,147356,147382,26,2
147350,147350,147384,34,0
147354,147355,147391,36,1
147479,147479,147480,1,0
147479,147479,147480,1,0
147479,147479,147481,2,0
147479,147479,147481,2,0
147479,147479,147481,2,0
147479,147479,147480,1,0
147479,147479,147480,1,0
147479,147479,147481,2,0
147479,147479,147481,2,0
147479,147479,147481,2,0
147479,147479,147480,1,0
147479,147479,147480,1,0
147479,147479,147481,2,0
147479,147479,147481,2,0
147479,147479,147482,3,0
147479,147479,147482,3,0
147479,147479,147482,3,0
147479,147479,147487,8,0
147479,147479,147487,8,0
147479,147479,147487,8,0
147479,147479,147489,10,0
147479,147479,147489,10,0
147479,147479,147489,10,0
147479,147479,147490,11,0
147479,147479,147490,11,0
147479,147479,147491,12,0
147479,147479,147490,11,0
147479,147479,147492,13,0
147479,147479,147494,15,0
147479,147479,147502,23,0
147479,147479,147504,25,0
147350,147354,147513,159,4
147354,147361,147527,166,7
147343,147343,147598,255,0
147601,147601,147603,2,0
147601,147601,147603,2,0
147601,147601,147603,2,0
147601,147601,147603,2,0
147601,147601,147604,3,0
147601,147601,147604,3,0
147601,147601,147605,4,0
147601,147601,147606,5,0
147601,147601,147606,5,0
147601,147601,147606,5,0
147601,147601,147607,6,0
147601,147601,147607,6,0
147601,147601,147607,6,0
147601,147601,147607,6,0
147601,147601,147607,6,0
147601,147601,147607,6,0
147601,147601,147607,6,0
147601,147601,147607,6,0
147601,147601,147608,7,0
147607,147607,147608,1,0
147607,147607,147608,1,0
147607,147607,147608,1,0
147607,147607,147609,2,0
147601,147602,147609,7,1
147601,147601,147610,9,0
147607,147608,147610,2,1
147607,147608,147610,2,1
147607,147609,147610,1,2
147607,147609,147610,1,2
147607,147608,147611,3,1
147607,147609,147610,1,2
147607,147608,147610,2,1
147607,147609,147610,1,2
147607,147609,147610,1,2
147601,147601,147611,10,0
147601,147601,147611,10,0
147607,147608,147611,3,1
147607,147607,147611,4,0
147607,147611,147612,1,4
147607,147608,147611,3,1
147607,147608,147611,3,1
147607,147608,147612,4,1
147607,147610,147612,2,3
147607,147607,147612,5,0
147607,147611,147612,1,4
147607,147607,147612,5,0
147607,147607,147612,5,0
147601,147601,147613,12,0
147601,147601,147615,14,0
147601,147601,147615,14,0
147607,147607,147617,10,0
147601,147601,147617,16,0
147607,147611,147619,8,4
147607,147607,147620,13,0
147601,147601,147624,23,0
147601,147601,147630,29,0
147601,147601,147632,31,0
147601,147601,147636,35,0
147607,147607,147637,30,0
147607,147607,147646,39,0
147607,147607,147648,41,0
147607,147607,147663,56,0
147738,147738,147739,1,0
147738,147738,147739,1,0
147738,147738,147739,1,0
147738,147738,147739,1,0
147738,147738,147739,1,0
147738,147738,147739,1,0
147738,147738,147739,1,0
147738,147738,147739,1,0
147738,147738,147739,1,0
147738,147738,147739,1,0
147738,147738,147739,1,0
147738,147738,147741,3,0
147738,147738,147740,2,0
147738,147738,147740,2,0
147738,147738,147741,3,0
147738,147738,147746,8,0
147738,147738,147745,7,0
147738,147738,147746,8,0
147738,147738,147747,9,0
147738,147738,147746,8,0
147738,147738,147746,8,0
147738,147738,147748,10,0
147738,147738,147748,10,0
147738,147738,147749,11,0
147738,147738,147749,11,0
147738,147738,147758,20,0
147738,147738,147764,26,0
147614,147614,147765,151,0
147738,147738,147765,27,0
147738,147738,147767,29,0
147738,147738,147769,31,0
147738,147738,147770,32,0
147610,147611,147804,193,1
147607,147611,147806,195,4
147615,147615,147809,194,0
147602,147602,147848,246,0
147869,147869,147870,1,0
147869,147869,147870,1,0
147869,147869,147870,1,0
147869,147869,147871,2,0
147869,147869,147873,4,0
147869,147869,147873,4,0
147869,147869,147874,5,0
147869,147869,147873,4,0
147869,147869,147874,5,0
147869,147869,147874,5,0
147873,147873,147874,1,0
147869,147869,147874,5,0
147873,147873,147874,1,0
147873,147873,147874,1,0
147869,147869,147874,5,0
147873,147873,147876,3,0
147873,147873,147877,4,0
147869,147869,147878,9,0
147869,147869,147877,8,0
147869,147869,147878,9,0
147873,147873,147878,5,0
147873,147875,147880,5,2
147869,147869,147880,11,0
147869,147869,147880,11,0
147869,147869,147880,11,0
147873,147874,147880,6,1
147873,147874,147880,6,1
147873,147875,147880,5,2
147873,147875,147880,5,2
147873,147875,147880,5,2
147873,147875,147880,5,2
147873,147875,147880,5,2
147873,147878,147881,3,5
147873,147877,147882,5,4
147873,147880,147882,2,7
147873,147881,147882,1,8
147873,147879,147881,2,6
147873,147880,147881,1,7
147873,147880,147882,2,7
147873,147880,147882,2,7
147873,147881,147882,1,8
147873,147875,147882,7,2
147873,147881,147882,1,8
147873,147881,147882,1,8
147873,147881,147882,1,8
147869,147869,147883,14,0
147873,147882,147883,1,9
147873,147882,147883,1,9
147869,147869,147885,16,0
147873,147882,147886,4,9
147869,147869,147886,17,0
147869,147869,147887,18,0
147873,147878,147887,9,5
147873,147880,147887,7,7
147873,147883,147887,4,10
147873,147884,147887,3,11
147873,147882,147887,5,9
147869,147869,147887,18,0
147873,147884,147887,3,11
147873,147883,147888,5,10
147873,147878,147887,9,5
147873,147882,147887,5,9
147873,147882,147887,5,9
147873,147882,147888,6,9
147873,147883,147888,5,10
147873,147883,147888,5,10
147873,147886,147889,3,13
147873,147887,147889,2,14
147873,147887,147888,1,14
147873,147883,147889,6,10
147873,147888,147889,1,15
147873,147887,147889,2,14
147873,147888,147890,2,15
147873,147888,147889,1,15
147873,147885,147889,4,12
147873,147887,147890,3,14
147746,147746,147891,145,0
147873,147880,147891,11,7
147869,147869,147892,23,0
147738,147739,147892,153,1
147869,147869,147892,23,0
147869,147869,147895,26,0
147873,147887,147896,9,14
147869,147869,147896,27,0
147873,147880,147896,16,7
147873,147887,147897,10,14
147873,147888,147897,9,15
147742,147742,147898,156,0
147869,147869,147898,29,0
147873,147883,147900,17,10
147869,147869,147900,31,0
147873,147887,147901,14,14
147869,147869,147901,32,0
147869,147869,147916,47,0
147745,147745,147918,173,0
147873,147886,147919,33,13
147873,147878,147929,51,5
147995,147995,147996,1,0
147995,147995,147996,1,0
147995,147995,147996,1,0
147995,147995,147996,1,0
147995,147995,147998,3,0
147995,147995,147997,2,0
147995,147995,147999,4,0
147995,147995,147998,3,0
147995,147995,147999,4,0
147995,147995,147999,4,0
147995,147995,148000,5,0
147995,147995,148000,5,0
147995,147995,148000,5,0
147995,147995,148000,5,0
147995,147995,147999,4,0
147995,147995,148000,5,0
147995,147995,148000,5,0
147995,147995,148000,5,0
147995,147995,148001,6,0
147995,147995,148003,8,0
147995,147995,148003,8,0
147995,147995,148005,10,0
147995,147995,148005,10,0
147995,147995,148005,10,0
147995,147995,148006,11,0
147995,147995,148007,12,0
147995,147995,148009,14,0
147995,147995,148009,14,0
147995,147995,148010,15,0
147995,147995,148016,21,0
147995,147995,148019,24,0
148117,148117,148118,1,0
148117,148117,148119,2,0
148117,148117,148119,2,0
148117,148117,148119,2,0
148117,148117,148120,3,0
148117,148117,148120,3,0
148117,148117,148121,4,0
148117,148117,148121,4,0
148117,148117,148121,4,0
148117,148117,148120,3,0
148117,148117,148121,4,0
148117,148117,148122,5,0
148117,148117,148122,5,0
148117,148117,148122,5,0
148117,148117,148122,5,0
148117,148117,148122,5,0
148117,148117,148122,5,0
148117,148117,148122,5,0
148117,148117,148122,5,0
148117,148117,148124,7,0
148117,148117,148125,8,0
148124,148124,148126,2,0
148124,148124,148126,2,0
148124,148124,148126,2,0
148124,148124,148126,2,0
148117,148117,148126,9,0
148117,148117,148127,10,0
148117,148117,148128,11,0
148124,148124,148128,4,0
148124,148124,148128,4,0
148124,148124,148128,4,0
148124,148126,148128,2,2
148124,148127,148128,1,3
148124,148127,148128,1,3
148124,148124,148128,4,0
148124,148127,148128,1,3
148124,148124,148129,5,0
148124,148124,148129,5,0
148124,148124,148130,6,0
148124,148124,148130,6,0
148124,148124,148130,6,0
148124,148124,148130,6,0
148124,148129,148130,1,5
148124,148124,148130,6,0
148124,148124,148130,6,0
148124,148124,148130,6,0
148124,148124,148130,6,0
148124,148124,148130,6,0
148117,148117,148130,13,0
148124,148127,148130,3,3
148124,148128,148131,3,4
148124,148128,148131,3,4
148124,148128,148132,4,4
148124,148128,148132,4,4
148124,148129,148132,3,5
148124,148129,148133,4,5
148124,148129,148133,4,5
148124,148131,148134,3,7
148124,148129,148133,4,5
148124,148131,148133,2,7
148124,148131,148133,2,7
148124,148131,148134,3,7
148124,148131,148134,3,7
148124,148130,148134,4,6
148124,148130,148135,5,6
148124,148131,148135,4,7
148124,148130,148135,5,6
148124,148131,148134,3,7
148124,148133,148134,1,9
148124,148133,148135,2,9
148124,148133,148135,2,9
148124,148131,148135,4,7
148124,148131,148135,4,7
148124,148131,148135,4,7
148124,148134,148135,1,10
148124,148134,148135,1,10
148124,148134,148135,1,10
148124,148131,148135,4,7
148124,148132,148135,3,8
148124,148126,148137,11,2
148117,148117,148137,20,0
148124,148130,148137,7,6
148117,148117,148138,21,0
148117,148117,148139,22,0
148124,148124,148139,15,0
148117,148117,148140,23,0
148124,148124,148142,18,0
148124,148124,148142,18,0
148124,148124,148142,18,0
148117,148117,148143,26,0
148117,148117,148144,27,0
148124,148132,148150,18,8
147870,147870,148177,307,0
148250,148250,148251,1,0
148250,148250,148251,1,0
148250,148250,148251,1,0
148250,148250,148252,2,0
148250,148250,148252,2,0
148250,148250,148253,3,0
148250,148250,148254,4,0
148250,148250,148254,4,0
148250,148250,148254,4,0
148250,148250,148255,5,0
148250,148250,148255,5,0
148250,148250,148255,5,0
148250,148250,148255,5,0
148250,148250,148255,5,0
148250,148250,148255,5,0
148250,148250,148255,5,0
148250,148250,148256,6,0
148250,148250,148255,5,0
148250,148250,148257,7,0
148250,148250,148258,8,0
148250,148250,148259,9,0
148250,148250,148259,9,0
148250,148250,148261,11,0
148250,148250,148260,10,0
148250,148250,148262,12,0
148250,148250,148264,14,0
148250,148250,148267,17,0
148250,148250,148271,21,0
148250,148250,148272,22,0
148250,148250,148274,24,0
148250,148250,148276,26,0
148125,148134,148297,163,9
148117,148118,148356,238,1
148379,148380,148381,1,1
148379,148380,148381,1,1
148379,148380,148381,1,1
148379,148380,148381,1,1
148380,148380,148382,2,0
148379,148380,148383,3,1
148379,148380,148383,3,1
148379,148380,148383,3,1
148379,148380,148384,4,1
148379,148380,148384,4,1
148379,148380,148384,4,1
148379,148380,148384,4,1
148379,148380,148384,4,1
148379,148380,148384,4,1
148379,148380,148384,4,1
148379,148380,148384,4,1
148379,148380,148384,4,1
148379,148380,148384,4,1
148379,148380,148385,5,1
148380,148382,148385,3,2
148379,148380,148386,6,1
148379,148380,148387,7,1
148380,148380,148387,7,0
148379,148380,148387,7,1
148380,148382,148387,5,2
148380,148385,148387,2,5
148380,148384,148387,3,4
148380,148385,148387,2,5
148380,148386,148387,1,6
148380,148385,148387,2,5
148379,148380,148389,9,1
148379,148380,148388,8,1
148380,148385,148389,4,5
148380,148385,148388,3,5
148380,148382,148388,6,2
148380,148384,148388,4,4
148380,148385,148388,3,5
148380,148385,148388,3,5
148380,148385,148389,4,5
148380,148385,148388,3,5
148380,148388,148389,1,8
148380,148385,148388,3,5
148380,148387,148388,1,7
148379,148380,148389,9,1
148380,148380,148390,10,0
148379,148380,148389,9,1
148380,148384,148389,5,4
148380,148388,148389,1,8
148380,148388,148389,1,8
148380,148388,148389,1,8
148380,148382,148389,7,2
148379,148380,148389,9,1
148380,148388,148393,5,8
148380,148388,148394,6,8
148379,148380,148395,15,1
148379,148380,148396,16,1
148379,148380,148397,17,1
148380,148386,148398,12,6
148380,148380,148404,24,0
148379,148380,148405,25,1
148379,148380,148409,29,1
148380,148383,148420,37,3
148508,148508,148510,2,0
148508,148508,148509,1,0
148508,148508,148510,2,0
148508,148508,148510,2,0
148508,148508,148512,4,0
148508,148508,148512,4,0
148508,148508,148512,4,0
148508,148508,148513,5,0
148508,148508,148513,5,0
148508,148508,148513,5,0
148508,148508,148513,5,0
148508,148508,148513,5,0
148508,148508,148513,5,0
148508,148508,148512,4,0
148508,148508,148512,4,0
148508,148508,148514,6,0
148508,148508,148515,7,0
148508,148508,148515,7,0
148508,148508,148515,7,0
148508,148508,148516,8,0
148508,148508,148517,9,0
148508,148508,148518,10,0
148508,148508,148518,10,0
148508,148508,148521,13,0
148508,148508,148522,14,0
148508,148508,148524,16,0
148508,148508,148524,16,0
148508,148508,148527,19,0
148508,148508,148529,21,0
148508,148508,148529,21,0
148508,148508,148542,34,0
148380,148388,148554,166,8
148250,148250,148579,329,0
148636,148636,148637,1,0
148636,148636,148637,1,0
148636,148636,148637,1,0
148636,148636,148639,3,0
148636,148636,148638,2,0
148636,148636,148638,2,0
148636,148636,148639,3,0
148636,148636,148639,3,0
148636,148636,148639,3,0
148636,148636,148639,3,0
148636,148636,148639,3,0
148636,148636,148640,4,0
148636,148636,148640,4,0
148636,148636,148640,4,0
148636,148636,148640,4,0
148636,148636,148642,6,0
148636,148636,148642,6,0
148636,148636,148642,6,0
148636,148636,148642,6,0
148636,148636,148643,7,0
148636,148636,148643,7,0
148636,148636,148643,7,0
148636,148636,148645,9,0
148636,148636,148644,8,0
148636,148636,148646,10,0
148636,148636,148647,11,0
148636,148636,148649,13,0
148636,148636,148651,15,0
148636,148636,148659,23,0
148636,148636,148666,30,0
148636,148636,148672,36,0
148761,148761,148762,1,0
148761,148761,148762,1,0
148761,148761,148762,1,0
148761,148761,148762,1,0
148761,148761,148764,3,0
148761,148761,148764,3,0
148761,148761,148763,2,0
148761,148761,148764,3,0
148761,148761,148765,4,0
148761,148761,148764,3,0
148761,148761,148765,4,0
148761,148761,148764,3,0
148761,148761,148764,3,0
148761,148761,148764,3,0
148761,148761,148764,3,0
148761,148761,148765,4,0
148761,148761,148766,5,0
148761,148761,148766,5,0
148761,148761,148767,6,0
148761,148761,148768,7,0
148761,148761,148768,7,0
148761,148761,148768,7,0
148761,148761,148768,7,0
148761,148761,148769,8,0
148761,148761,148771,10,0
148761,148761,148772,11,0
148761,148761,148772,11,0
148761,148761,148773,12,0
148761,148761,148774,13,0
148761,148761,148778,17,0
148761,148761,148792,31,0
148375,148375,148804,429,0
148508,148508,148880,372,0
148891,148891,148892,1,0
148891,148891,148892,1,0
148891,148891,148892,1,0
148891,148891,148892,1,0
148891,148891,148892,1,0
148891,148891,148892,1,0
148891,148891,148892,1,0
148891,148891,148893,2,0
148891,148891,148893,2,0
148891,148891,148893,2,0
148891,148891,148892,1,0
148891,148891,148892,1,0
148891,148891,148894,3,0
148891,148891,148894,3,0
148891,148891,148896,5,0
148891,148891,148896,5,0
148894,148894,148895,1,0
148894,148894,148896,2,0
148894,148894,148896,2,0
148894,148894,148896,2,0
148894,148894,148897,3,0
148894,148894,148898,4,0
148894,148896,148898,2,2
148891,148891,148899,8,0
148894,148896,148899,3,2
148894,148896,148899,3,2
148894,148894,148899,5,0
148894,148896,148899,3,2
148894,148898,148899,1,4
148891,148891,148900,9,0
148891,148891,148900,9,0
148891,148891,148899,8,0
148891,148891,148900,9,0
148894,148894,148900,6,0
148894,148899,148900,1,5
148894,148899,148900,1,5
148894,148900,148901,1,6
148894,148899,148901,2,5
148894,148900,148901,1,6
148894,148900,148901,1,6
148894,148894,148901,7,0
148891,148891,148902,11,0
148894,148899,148902,3,5
148891,148891,148902,11,0
148894,148894,148902,8,0
148894,148894,148902,8,0
148891,148891,148902,11,0
148891,148891,148902,11,0
148891,148891,148902,11,0
148891,148891,148902,11,0
148894,148896,148903,7,2
148894,148894,148903,9,0
148894,148900,148903,3,6
148894,148894,148903,9,0
148891,148891,148903,12,0
148894,148896,148906,10,2
148761,148765,148906,141,4
148891,148891,148908,17,0
148894,148900,148909,9,6
148891,148891,148910,19,0
148891,148891,148912,21,0
148894,148894,148913,19,0
148894,148894,148913,19,0
148768,148768,148922,154,0
148766,148766,148946,180,0
149026,149026,149028,2,0
149026,149026,149027,1,0
149026,149026,149028,2,0
149026,149026,149028,2,0
149026,149027,149029,2,1
149026,149026,149029,3,0
149027,149028,149029,1,1
149026,149026,149029,3,0
149027,149028,149029,1,1
149026,149026,149029,3,0
149027,149028,149029,1,1
149026,149027,149030,3,1
149026,149028,149030,2,2
149026,149026,149031,5,0
149026,149026,149031,5,0
149026,149027,149031,4,1
149026,149027,149031,4,1
149027,149030,149031,1,3
149026,149026,149031,5,0
149026,149026,149031,5,0
149026,149026,149032,6,0
149027,149031,149032,1,4
149026,149026,149032,6,0
149026,149026,149033,7,0
149032,149032,149033,1,0
149032,149032,149033,1,0
149026,149026,149033,7,0
149026,149026,149033,7,0
149026,149026,149034,8,0
149032,149033,149035,2,1
149032,149033,149035,2,1
149032,149033,149035,2,1
149032,149032,149035,3,0
149032,149033,149036,3,1
149032,149033,149035,2,1
149032,149034,149036,2,2
149026,149026,149036,10,0
149032,149033,149036,3,1
149032,149033,149036,3,1
149032,149035,149037,2,3
149032,149035,149036,1,3
149032,149035,149036,1,3
149032,149035,149036,1,3
149032,149036,149037,1,4
149026,149026,149037,11,0
149026,149026,149037,11,0
149032,149033,149038,5,1
149032,149033,149037,4,1
149032,149034,149037,3,2
149032,149033,149037,4,1
149032,149036,149037,1,4
149032,149036,149037,1,4
149032,149036,149038,2,4
149032,149033,149038,5,1
149032,149033,149038,5,1
149032,149033,149039,6,1
149026,149026,149040,14,0
149032,149033,149040,7,1
149026,149026,149040,14,0
149032,149033,149041,8,1
149032,149037,149042,5,5
149026,149026,149042,16,0
149032,149037,149043,6,5
149032,149033,149044,11,1
149026,149026,149045,19,0
149026,149026,149046,20,0
148898,148901,149048,147,3
149026,149026,149050,24,0
148899,148901,149068,167,2
148891,148891,149148,257,0
148896,148900,149155,255,4
148897,148900,149155,255,3
149154,149154,149155,1,0
149154,149154,149155,1,0
149154,149154,149155,1,0
149154,149154,149156,2,0
149154,149154,149157,3,0
149154,149154,149157,3,0
149154,149154,149157,3,0
149154,149154,149158,4,0
149154,149154,149158,4,0
149154,149154,149158,4,0
149154,149154,149158,4,0
149154,149156,149157,1,2
149154,149155,149157,2,1
149154,149154,149158,4,0
149154,149154,149159,5,0
149154,149154,149159,5,0
149154,149154,149158,4,0
149154,149154,149158,4,0
149154,149154,149160,6,0
148895,148900,149160,260,5
149154,149156,149160,4,2
149154,149156,149159,3,2
149154,149154,149161,7,0
149154,149157,149161,4,3
149154,149158,149161,3,4
149154,149158,149161,3,4
149154,149159,149161,2,5
149154,149154,149161,7,0
149154,149157,149160,3,3
149154,149159,149161,2,5
149154,149156,149160,4,2
149154,149159,149161,2,5
149154,149159,149161,2,5
149154,149160,149162,2,6
149154,149157,149162,5,3
149154,149158,149162,4,4
149154,149160,149162,2,6
149160,149161,149162,1,1
149154,149160,149162,2,6
149154,149161,149162,1,7
149154,149154,149163,9,0
149154,149160,149163,3,6
149154,149161,149162,1,7
149154,149161,149162,1,7
149154,149161,149162,1,7
149154,149161,149163,2,7
149160,149161,149162,1,1
149160,149161,149163,2,1
149160,149161,149163,2,1
149154,149158,149164,6,4
149154,149159,149163,4,5
149154,149161,149164,3,7
149160,149162,149165,3,2
149160,149163,149165,2,3
149160,149163,149165,2,3
149160,149163,149165,2,3
149160,149163,149165,2,3
149160,149163,149165,2,3
149154,149154,149166,12,0
149160,149163,149166,3,3
149154,149154,149167,13,0
149154,149158,149167,9,4
149160,149165,149167,2,5
149160,149162,149167,5,2
149160,149165,149167,2,5
149160,149162,149168,6,2
149160,149162,149167,5,2
149160,149166,149167,1,6
149160,149166,149167,1,6
149160,149162,149167,5,2
149160,149162,149167,5,2
149160,149166,149167,1,6
149154,149155,149168,13,1
149160,149164,149168,4,4
149160,149164,149168,4,4
149160,149164,149168,4,4
149160,149163,149168,5,3
149160,149166,149168,2,6
149160,149168,149169,1,8
149160,149166,149168,2,6
149160,149162,149168,6,2
149154,149154,149169,15,0
149160,149168,149169,1,8
149160,149169,149170,1,9
149160,149169,149171,2,9
149160,149169,149171,2,9
149160,149169,149171,2,9
149160,149168,149171,3,8
149160,149168,149171,3,8
149160,149170,149171,1,10
149160,149168,149171,3,8
149160,149169,149172,3,9
149160,149171,149172,1,11
149160,149168,149172,4,8
149160,149171,149172,1,11
149160,149168,149172,4,8
149160,149168,149172,4,8
149160,149163,149173,10,3
149160,149168,149173,5,8
149160,149172,149173,1,12
149160,149172,149173,1,12
149160,149172,149173,1,12
149160,149172,149173,1,12
149160,149168,149174,6,8
149160,149172,149173,1,12
149160,149172,149173,1,12
149160,149168,149174,6,8
149160,149168,149174,6,8
149160,149168,149176,8,8
149160,149167,149177,10,7
149160,149166,149178,12,6
149160,149168,149179,11,8
149154,149154,149181,27,0
149160,149167,149182,15,7
149154,149154,149182,28,0
149154,149154,149182,28,0
149160,149163,149183,20,3
149154,149154,149183,29,0
149154,149154,149184,30,0
149154,149154,149185,31,0
149154,149154,149185,31,0
149154,149154,149186,32,0
149154,149154,149186,32,0
149160,149170,149186,16,10
149154,149158,149191,33,4
149027,149032,149210,178,5
149282,149282,149283,1,0
149282,149282,149283,1,0
149282,149282,149283,1,0
149282,149282,149284,2,0
149282,149282,149284,2,0
149282,149282,149284,2,0
149282,149282,149284,2,0
149282,149282,149285,3,0
149282,149282,149285,3,0
149282,149282,149285,3,0
149282,149282,149285,3,0
149282,149282,149284,2,0
149282,149282,149285,3,0
149282,149282,149285,3,0
149282,149282,149286,4,0
149282,149282,149286,4,0
149282,149282,149285,3,0
149282,149282,149287,5,0
149282,149282,149287,5,0
149282,149282,149287,5,0
149290,149290,149292,2,0
149290,149290,149291,1,0
149290,149290,149291,1,0
149290,149290,149292,2,0
149290,149290,149293,3,0
149282,149282,149293,11,0
149282,149282,149293,11,0
149290,149290,149294,4,0
149290,149290,149293,3,0
149290,149292,149294,2,2
149290,149290,149294,4,0
149290,149292,149293,1,2
149290,149292,149293,1,2
149290,149292,149293,1,2
149290,149290,149295,5,0
149290,149290,149294,4,0
149290,149290,149295,5,0
149290,149293,149294,1,3
149290,149290,149294,4,0
149290,149290,149295,5,0
149290,149290,149295,5,0
149290,149294,149296,2,4
149290,149290,149295,5,0
149290,149290,149296,6,0
149290,149290,149296,6,0
149290,149290,149297,7,0
149290,149290,149300,10,0
149282,149282,149301,19,0
149282,149282,149304,22,0
149290,149290,149306,16,0
149290,149290,149305,15,0
149290,149294,149306,12,4
149282,149282,149308,26,0
149282,149282,149309,27,0
149282,149282,149309,27,0
149282,149282,149311,29,0
149290,149290,149312,22,0
149282,149282,149313,31,0
149282,149282,149314,32,0
149290,149290,149316,26,0
149154,149161,149317,156,7
149290,149293,149322,29,3
149282,149282,149339,57,0
149415,149415,149416,1,0
149415,149415,149416,1,0
149415,149415,149417,2,0
149415,149415,149418,3,0
149415,149415,149418,3,0
149415,149415,149417,2,0
149415,149415,149419,4,0
149415,149415,149419,4,0
149415,149415,149418,3,0
149415,149415,149419,4,0
149415,149415,149419,4,0
149415,149415,149419,4,0
149415,149415,149420,5,0
149415,149415,149420,5,0
149415,149415,149420,5,0
149415,149415,149420,5,0
149415,149415,149421,6,0
149415,149415,149421,6,0
149415,149415,149422,7,0
149422,149422,149423,1,0
149422,149422,149423,1,0
149422,149422,149423,1,0
149415,149415,149423,8,0
149422,149422,149424,2,0
149422,149422,149424,2,0
149422,149422,149424,2,0
149422,149422,149425,3,0
149422,149422,149425,3,0
149422,149422,149425,3,0
149422,149422,149425,3,0
149422,149422,149425,3,0
149422,149424,149425,1,2
149422,149424,149425,1,2
149422,149422,149425,3,0
149422,149424,149425,1,2
149415,149415,149425,10,0
149422,149422,149426,4,0
149422,149422,149426,4,0
149422,149425,149426,1,3
149422,149425,149426,1,3
149422,149422,149426,4,0
149422,149422,149426,4,0
149422,149426,149427,1,4
149422,149422,149427,5,0
149422,149422,149427,5,0
149415,149415,149431,16,0
149422,149422,149432,10,0
149422,149422,149432,10,0
149422,149424,149433,9,2
149415,149415,149433,18,0
149415,149415,149433,18,0
149415,149415,149434,19,0
149415,149415,149434,19,0
149283,149283,149434,151,0
149415,149415,149435,20,0
149415,149415,149435,20,0
149290,149294,149441,147,4
149415,149415,149445,30,0
149415,149415,149445,30,0
149415,149415,149448,33,0
149422,149422,149448,26,0
149550,149550,149551,1,0
149550,149550,149551,1,0
149550,149550,149551,1,0
149550,149550,149552,2,0
149550,149550,149552,2,0
149550,149550,149551,1,0
149550,149550,149551,1,0
149550,149550,149551,1,0
149550,149550,149551,1,0
149550,149550,149551,1,0
149550,149550,149552,2,0
149550,149550,149551,1,0
149550,149550,149551,1,0
149550,149550,149552,2,0
149550,149550,149552,2,0
149550,149550,149552,2,0
149553,149553,149554,1,0
149553,149553,149554,1,0
149550,149550,149553,3,0
149553,149553,149554,1,0
149553,149553,149555,2,0
149553,149553,149554,1,0
149553,149553,149554,1,0
149553,149553,149554,1,0
149553,149553,149555,2,0
149553,149553,149555,2,0
149553,149554,149555,1,1
149553,149553,149556,3,0
149553,149553,149556,3,0
149553,149553,149555,2,0
149553,149554,149555,1,1
149553,149553,149556,3,0
149553,149555,149556,1,2
149553,149555,149556,1,2
149553,149553,149556,3,0
149553,149555,149556,1,2
149553,149555,149556,1,2
149553,149555,149556,1,2
149553,149555,149557,2,2
149553,149553,149556,3,0
149553,149554,149557,3,1
149553,149553,149557,4,0
149556,149557,149558,1,1
149553,149556,149557,1,3
149553,149556,149558,2,3
149556,149557,149558,1,1
149553,149556,149557,1,3
149556,149557,149558,1,1
149550,149550,149557,7,0
149553,149556,149557,1,3
149553,149556,149557,1,3
149553,149556,149557,1,3
149556,149557,149559,2,1
149550,149550,149559,9,0
149550,149550,149559,9,0
149550,149550,149558,8,0
149550,149550,149558,8,0
149556,149557,149559,2,1
149556,149558,149560,2,2
149556,149558,149559,1,2
149556,149558,149560,2,2
149556,149558,149560,2,2
149550,149550,149560,10,0
149556,149557,149560,3,1
149556,149557,149560,3,1
149556,149558,149560,2,2
149556,149558,149560,2,2
149556,149558,149559,1,2
149556,149558,149559,1,2
149556,149558,149560,2,2
149556,149558,149560,2,2
149556,149557,149561,4,1
149556,149559,149560,1,3
149556,149559,149561,2,3
149556,149560,149561,1,4
149556,149560,149562,2,4
149556,149560,149561,1,4
149556,149560,149561,1,4
149556,149557,149561,4,1
149550,149550,149563,13,0
149556,149560,149566,6,4
149556,149558,149567,9,2
149550,149550,149575,25,0
149550,149550,149577,27,0
149556,149559,149578,19,3
149556,149559,149578,19,3
149550,149550,149579,29,0
149550,149550,149579,29,0
149550,149550,149581,31,0
149427,149427,149581,154,0
149550,149550,149582,32,0
149550,149550,149583,33,0
149556,149559,149583,24,3
149426,149426,149594,168,0
149556,149559,149607,48,3
149423,149426,149680,254,3
149678,149678,149680,2,0
149678,149678,149679,1,0
149678,149678,149679,1,0
149678,149678,149679,1,0
149678,149678,149679,1,0
149678,149678,149679,1,0
149678,149678,149679,1,0
149678,149678,149680,2,0
149678,149678,149680,2,0
149678,149678,149679,1,0
149678,149678,149679,1,0
149678,149678,149679,1,0
149678,149678,149680,2,0
149678,149678,149679,1,0
149678,149678,149680,2,0
149678,149678,149679,1,0
149678,149678,149681,3,0
149678,149678,149680,2,0
149678,149678,149684,6,0
149678,149678,149684,6,0
149678,149678,149685,7,0
149678,149678,149685,7,0
149678,149678,149685,7,0
149678,149678,149687,9,0
149678,149678,149688,10,0
149678,149678,149689,11,0
149678,149678,149689,11,0
149678,149678,149690,12,0
149678,149678,149698,20,0
149678,149678,149700,22,0
149678,149678,149701,23,0
149415,149416,149803,387,1
149806,149806,149807,1,0
149806,149806,149807,1,0
149806,149806,149807,1,0
149806,149806,149807,1,0
149806,149806,149807,1,0
149806,149806,149807,1,0
149806,149806,149807,1,0
149806,149806,149808,2,0
149806,149806,149807,1,0
149806,149806,149808,2,0
149806,149806,149808,2,0
149806,149806,149809,3,0
149806,149808,149809,1,2
149806,149806,149808,2,0
149806,149806,149808,2,0
149806,149806,149809,3,0
149806,149806,149809,3,0
149806,149808,149809,1,2
149806,149806,149809,3,0
149806,149806,149809,3,0
149806,149806,149809,3,0
149806,149806,149811,5,0
149806,149809,149810,1,3
149806,149808,149810,2,2
149806,149809,149810,1,3
149806,149808,149810,2,2
149806,149809,149810,1,3
149806,149806,149810,4,0
149806,149806,149812,6,0
149806,149809,149811,2,3
149806,149810,149811,1,4
149806,149808,149811,3,2
149806,149810,149811,1,4
149806,149808,149811,3,2
149806,149810,149811,1,4
149806,149808,149812,4,2
149806,149810,149811,1,4
149806,149806,149812,6,0
149806,149806,149812,6,0
149806,149810,149812,2,4
149806,149811,149812,1,5
149806,149811,149812,1,5
149806,149811,149812,1,5
149810,149812,149813,1,2
149810,149812,149813,1,2
149806,149811,149812,1,5
149806,149811,149812,1,5
149810,149812,149813,1,2
149806,149808,149812,4,2
149806,149811,149812,1,5
149806,149809,149813,4,3
149806,149810,149813,3,4
149810,149812,149813,1,2
149810,149812,149813,1,2
149806,149808,149814,6,2
149810,149813,149814,1,3
149810,149813,149815,2,3
149810,149813,149815,2,3
149810,149813,149814,1,3
149810,149813,149815,2,3
149810,149813,149814,1,3
149810,149813,149814,1,3
149806,149806,149816,10,0
149806,149806,149816,10,0
149806,149806,149816,10,0
149810,149813,149816,3,3
149810,149813,149816,3,3
149810,149814,149815,1,4
149810,149814,149815,1,4
149810,149812,149816,4,2
149810,149815,149816,1,5
149806,149809,149817,8,3
149806,149811,149816,5,5
149810,149814,149816,2,4
149806,149806,149816,10,0
149810,149815,149816,1,5
149810,149815,149816,1,5
149810,149813,149817,4,3
149810,149815,149816,1,5
149810,149815,149816,1,5
149810,149815,149816,1,5
149810,149815,149816,1,5
149806,149806,149817,11,0
149810,149814,149817,3,4
149810,149812,149817,5,2
149810,149813,149818,5,3
149806,149812,149820,8,6
149810,149813,149821,8,3
149810,149813,149822,9,3
149806,149806,149826,20,0
149806,149806,149827,21,0
149553,149556,149826,270,3
149806,149806,149829,23,0
149806,149806,149828,22,0
149550,149550,149917,367,0
149932,149932,149934,2,0
149932,149932,149933,1,0
149932,149932,149933,1,0
149932,149932,149933,1,0
149932,149932,149933,1,0
149932,149932,149933,1,0
149932,149932,149933,1,0
149932,149932,149933,1,0
149932,149932,149933,1,0
149932,149932,149933,1,0
149932,149932,149933,1,0
149932,149932,149933,1,0
149932,149932,149933,1,0
149932,149932,149934,2,0
149932,149932,149934,2,0
149932,149932,149936,4,0
149932,149932,149936,4,0
149932,149932,149936,4,0
149938,149938,149939,1,0
149932,149932,149939,7,0
149938,149938,149939,1,0
149938,149938,149940,2,0
149938,149938,149939,1,0
149938,149938,149939,1,0
149678,149678,149939,261,0
149932,149932,149941,9,0
149938,149938,149940,2,0
149932,149932,149940,8,0
149932,149932,149940,8,0
149938,149938,149941,3,0
149938,149939,149940,1,1
149938,149940,149941,1,2
149938,149938,149941,3,0
149938,149938,149941,3,0
149938,149938,149940,2,0
149932,149932,149941,9,0
149938,149938,149941,3,0
149938,149940,149941,1,2
149938,149940,149941,1,2
149938,149938,149941,3,0
149938,149938,149941,3,0
149938,149938,149942,4,0
149938,149938,149941,3,0
149938,149940,149941,1,2
149938,149941,149943,2,3
149938,149940,149942,2,2
149932,149932,149943,11,0
149932,149932,149943,11,0
149932,149932,149943,11,0
149938,149938,149943,5,0
149932,149932,149943,11,0
149932,149932,149943,11,0
149938,149938,149944,6,0
149938,149938,149944,6,0
149938,149938,149946,8,0
149932,149932,149948,16,0
149932,149932,149948,16,0
149938,149940,149949,9,2
149938,149941,149950,9,3
149938,149941,149956,15,3
149938,149941,149957,16,3
149938,149938,149960,22,0
149932,149932,149960,28,0
149806,149812,149971,159,6
150070,150070,150071,1,0
150070,150070,150071,1,0
150070,150070,150072,2,0
150070,150070,150071,1,0
150070,150070,150071,1,0
150070,150070,150072,2,0
150070,150070,150073,3,0
150070,150070,150074,4,0
150070,150070,150073,3,0
150070,150070,150073,3,0
150070,150070,150073,3,0
150070,150070,150074,4,0
150070,150070,150075,5,0
150070,150070,150075,5,0
150070,150070,150075,5,0
150070,150070,150075,5,0
150070,150070,150080,10,0
150070,150070,150080,10,0
150070,150070,150079,9,0
150070,150070,150079,9,0
150070,150070,150081,11,0
150070,150070,150081,11,0
150070,150070,150080,10,0
150070,150070,150081,11,0
150070,150070,150081,11,0
150070,150070,150083,13,0
150070,150070,150083,13,0
150070,150070,150085,15,0
150070,150070,150085,15,0
149941,149941,150088,147,0
150070,150070,150092,22,0
150070,150070,150095,25,0
149938,149941,150099,158,3
149945,149945,150105,160,0
150199,150199,150200,1,0
150199,150199,150201,2,0
150199,150199,150200,1,0
150199,150199,150200,1,0
150199,150199,150200,1,0
150199,150199,150202,3,0
150199,150199,150201,2,0
150199,150201,150202,1,2
150199,150199,150202,3,0
150199,150201,150202,1,2
150199,150199,150202,3,0
150199,150199,150202,3,0
150199,150199,150202,3,0
150199,150201,150202,1,2
150199,150199,150202,3,0
150199,150201,150203,2,2
150199,150199,150203,4,0
150199,150199,150204,5,0
150199,150199,150204,5,0
150199,150199,150203,4,0
150199,150199,150203,4,0
150199,150202,150204,2,3
150199,150203,150204,1,4
150199,150204,150205,1,5
150199,150203,150204,1,4
150199,150201,150204,3,2
150199,150202,150204,2,3
150199,150203,150204,1,4
150199,150204,150205,1,5
150199,150202,150204,2,3
150199,150202,150205,3,3
150199,150203,150204,1,4
150199,150204,150205,1,5
150199,150199,150205,6,0
150199,150202,150205,3,3
150199,150203,150206,3,4
150199,150203,150206,3,4
150199,150203,150205,2,4
150199,150205,150206,1,6
150199,150205,150206,1,6
150199,150205,150206,1,6
150199,150205,150206,1,6
150199,150199,150206,7,0
150199,150205,150206,1,6
150199,150205,150206,1,6
150199,150205,150206,1,6
150199,150204,150208,4,5
150199,150204,150208,4,5
150199,150199,150209,10,0
150199,150199,150209,10,0
150199,150199,150209,10,0
150199,150199,150211,12,0
150199,150204,150210,6,5
150199,150199,150212,13,0
150075,150075,150217,142,0
150199,150199,150218,19,0
150199,150199,150218,19,0
150199,150199,150221,22,0
150199,150199,150223,24,0
150199,150199,150223,24,0
150199,150199,150223,24,0
150199,150199,150223,24,0
150074,150074,150246,172,0
150199,150199,150252,53,0
149932,149932,150288,356,0
150324,150324,150325,1,0
150324,150324,150325,1,0
150324,150324,150326,2,0
150324,150324,150325,1,0
150324,150324,150325,1,0
150324,150324,150327,3,0
150324,150324,150327,3,0
150324,150324,150326,2,0
150324,150324,150326,2,0
150324,150324,150326,2,0
150324,150324,150327,3,0
150324,150324,150327,3,0
150324,150324,150327,3,0
150324,150324,150328,4,0
150324,150326,150328,2,2
150324,150324,150327,3,0
150324,150324,150328,4,0
150324,150324,150329,5,0
150324,150326,150331,5,2
150324,150328,150331,3,4
150324,150324,150332,8,0
150324,150324,150331,7,0
150324,150328,150332,4,4
150324,150328,150332,4,4
150324,150328,150333,5,4
150324,150329,150333,4,5
150324,150324,150333,9,0
150324,150324,150332,8,0
150324,150324,150333,9,0
150324,150328,150332,4,4
150324,150328,150332,4,4
150324,150331,150333,2,7
150324,150327,150332,5,3
150324,150331,150333,2,7
150324,150327,150333,6,3
150324,150324,150334,10,0
150324,150324,150333,9,0
150324,150326,150333,7,2
150324,150326,150334,8,2
150324,150326,150333,7,2
150324,150332,150334,2,8
150324,150332,150334,2,8
150324,150329,150335,6,5
150324,150333,150334,1,9
150324,150324,150335,11,0
150324,150324,150334,10,0
150324,150324,150334,10,0
150324,150327,150334,7,3
150324,150324,150336,12,0
150324,150324,150336,12,0
150324,150327,150335,8,3
150324,150333,150335,2,9
150324,150332,150336,4,8
150324,150332,150337,5,8
150324,150324,150340,16,0
150324,150324,150340,16,0
150324,150324,150340,16,0
150324,150324,150341,17,0
150324,150333,150343,10,9
150324,150333,150345,12,9
150324,150324,150345,21,0
150324,150327,150357,30,3
150199,150205,150370,165,6
150070,150070,150410,340,0
150449,150449,150451,2,0
150449,150449,150450,1,0
150449,150449,150451,2,0
150449,150449,150451,2,0
150449,150449,150452,3,0
150449,150449,150453,4,0
150449,150449,150453,4,0
150449,150449,150453,4,0
150449,150449,150454,5,0
150449,150449,150454,5,0
150449,150449,150455,6,0
150449,150449,150455,6,0
150454,150454,150455,1,0
150449,150449,150456,7,0
150449,150449,150455,6,0
150454,150454,150455,1,0
150454,150454,150455,1,0
150454,150454,150455,1,0
150449,150449,150455,6,0
150449,150449,150456,7,0
150454,150455,150456,1,1
150449,150449,150457,8,0
150454,150454,150456,2,0
150454,150456,150457,1,2
150454,150454,150458,4,0
150454,150454,150457,3,0
150454,150456,150457,1,2
150454,150456,150457,1,2
150454,150456,150457,1,2
150449,150449,150457,8,0
150454,150456,150457,1,2
150454,150457,150458,1,3
150454,150455,150457,2,1
150454,150456,150457,1,2
150454,150457,150458,1,3
150454,150457,150458,1,3
150454,150456,150457,1,2
150454,150456,150457,1,2
150454,150456,150457,1,2
150454,150457,150458,1,3
150449,150449,150458,9,0
150449,150449,150458,9,0
150454,150454,150459,5,0
150454,150454,150459,5,0
150454,150458,150459,1,4
150454,150458,150459,1,4
150454,150457,150458,1,3
150449,150449,150459,10,0
150454,150458,150460,2,4
150454,150458,150460,2,4
150459,150459,150460,1,0
150449,150449,150459,10,0
150454,150454,150461,7,0
150459,150459,150460,1,0
150459,150459,150460,1,0
150449,150449,150461,12,0
150459,150459,150462,3,0
150459,150460,150462,2,1
150459,150461,150462,1,2
150459,150461,150463,2,2
150449,150449,150463,14,0
150459,150459,150464,5,0
150459,150462,150463,1,3
150459,150463,150464,1,4
150459,150462,150463,1,3
150459,150461,150463,2,2
150459,150460,150464,4,1
150459,150459,150464,5,0
150459,150459,150464,5,0
150459,150460,150464,4,1
150459,150460,150464,4,1
150459,150459,150464,5,0
150459,150459,150465,6,0
150459,150459,150464,5,0
150459,150459,150465,6,0
150459,150463,150464,1,4
150459,150459,150466,7,0
150459,150459,150466,7,0
150459,150459,150466,7,0
150449,150449,150466,17,0
150459,150459,150466,7,0
150459,150459,150467,8,0
150459,150459,150467,8,0
150449,150449,150468,19,0
150459,150459,150468,9,0
150459,150461,150468,7,2
150449,150449,150475,26,0
150449,150449,150477,28,0
150449,150449,150481,32,0
150449,150449,150487,38,0
150459,150461,150487,26,2
150449,150449,150489,40,0
150454,150454,150493,39,0
150324,150333,150625,292,9
150454,150458,150626,168,4
150460,150464,150638,174,4
150461,150464,150639,175,3
150708,150708,150709,1,0
150708,150708,150709,1,0
150708,150708,150709,1,0
150708,150708,150710,2,0
150708,150708,150711,3,0
150708,150708,150710,2,0
150708,150708,150712,4,0
150708,150708,150712,4,0
150708,150708,150712,4,0
150708,150708,150712,4,0
150708,150708,150712,4,0
150708,150708,150713,5,0
150708,150708,150713,5,0
150708,150708,150714,6,0
150708,150708,150714,6,0
150708,150708,150714,6,0
150708,150708,150714,6,0
150708,150708,150715,7,0
150708,150708,150715,7,0
150708,150708,150714,6,0
150708,150708,150716,8,0
150708,150708,150716,8,0
150708,150708,150717,9,0
150708,150708,150718,10,0
150708,150708,150720,12,0
150708,150708,150732,24,0
150708,150708,150732,24,0
150708,150708,150734,26,0
150708,150708,150737,29,0
150708,150708,150740,32,0
150708,150708,150746,38,0
150449,150449,150747,298,0
150459,150463,150748,285,4
150489,150489,150802,313,0
150836,150836,150837,1,0
150836,150836,150837,1,0
150836,150836,150837,1,0
150836,150836,150838,2,0
150836,150836,150839,3,0
150836,150836,150838,2,0
150836,150836,150839,3,0
150836,150836,150839,3,0
150836,150836,150840,4,0
150836,150836,150841,5,0
150836,150836,150841,5,0
150836,150836,150842,6,0
150836,150836,150841,5,0
150836,150836,150842,6,0
150836,150836,150842,6,0
150836,150836,150841,5,0
150836,150836,150842,6,0
150836,150836,150841,5,0
150836,150836,150841,5,0
150836,150836,150842,6,0
150836,150836,150842,6,0
150836,150836,150842,6,0
150836,150836,150842,6,0
150836,150836,150843,7,0
150836,150836,150843,7,0
150836,150836,150843,7,0
150836,150836,150843,7,0
150836,150836,150844,8,0
150836,150836,150844,8,0
150836,150836,150844,8,0
150836,150836,150851,15,0
150958,150958,150959,1,0
150958,150958,150959,1,0
150958,150958,150959,1,0
150958,150958,150960,2,0
150958,150958,150961,3,0
150958,150958,150962,4,0
150958,150958,150962,4,0
150958,150958,150962,4,0
150958,150958,150961,3,0
150958,150958,150963,5,0
150958,150958,150963,5,0
150958,150958,150964,6,0
150958,150958,150964,6,0
150958,150958,150963,5,0
150958,150958,150964,6,0
150958,150960,150965,5,2
150958,150958,150966,8,0
150958,150958,150965,7,0
150958,150958,150965,7,0
150958,150958,150965,7,0
150958,150960,150966,6,2
150958,150958,150965,7,0
150958,150958,150965,7,0
150958,150960,150966,6,2
150958,150958,150965,7,0
150958,150958,150966,8,0
150958,150958,150967,9,0
150958,150964,150967,3,6
150958,150966,150968,2,8
150958,150966,150968,2,8
150958,150966,150968,2,8
150958,150963,150968,5,5
150958,150965,150967,2,7
150958,150966,150967,1,8
150958,150964,150968,4,6
150958,150966,150968,2,8
150958,150966,150968,2,8
150958,150958,150968,10,0
150958,150958,150968,10,0
150958,150965,150969,4,7
150958,150961,150968,7,3
150958,150962,150969,7,4
150958,150962,150969,7,4
150958,150966,150968,2,8
150958,150958,150969,11,0
150958,150964,150969,5,6
150958,150964,150968,4,6
150958,150958,150969,11,0
150958,150966,150970,4,8
150958,150966,150970,4,8
150964,150968,150969,1,4
150964,150968,150969,1,4
150964,150968,150969,1,4
150964,150968,150970,2,4
150958,150958,150971,13,0
150958,150961,150970,9,3
150958,150962,150970,8,4
150958,150968,150970,2,10
150958,150958,150972,14,0
150958,150958,150971,13,0
150964,150969,150972,3,5
150964,150970,150972,2,6
150964,150970,150972,2,6
150964,150970,150972,2,6
150964,150970,150972,2,6
150964,150969,150973,4,5
150958,150967,150974,7,9
150964,150968,150974,6,4
150964,150969,150974,5,5
150964,150969,150974,5,5
150964,150969,150974,5,5
150964,150971,150974,3,7
150964,150971,150975,4,7
150964,150968,150975,7,4
150964,150968,150974,6,4
150964,150969,150975,6,5
150964,150968,150975,7,4
150964,150968,150975,7,4
150958,150962,150976,14,4
150964,150970,150976,6,6
150964,150970,150976,6,6
150964,150969,150979,10,5
150958,150958,150979,21,0
150958,150958,150979,21,0
150964,150969,150980,11,5
150964,150971,150983,12,7
150964,150972,150983,11,8
150964,150969,150986,17,5
150964,150970,150987,17,6
150964,150971,150987,16,7
150958,150958,150989,31,0
150964,150968,150990,22,4
150958,150958,150992,34,0
150708,150708,151055,347,0
151091,151092,151093,1,1
151091,151092,151093,1,1
151091,151092,151093,1,1
151091,151092,151094,2,1
151091,151092,151095,3,1
151091,151092,151095,3,1
151094,151095,151096,1,1
151091,151092,151096,4,1
151094,151095,151096,1,1
151094,151095,151096,1,1
151091,151092,151096,4,1
151091,151092,151097,5,1
151091,151092,151097,5,1
151091,151092,151097,5,1
151091,151092,151097,5,1
151091,151092,151097,5,1
151091,151092,151099,7,1
151091,151092,151098,6,1
151091,151092,151098,6,1
151091,151092,151099,7,1
151091,151092,151099,7,1
151091,151092,151099,7,1
151091,151092,151099,7,1
151094,151095,151100,5,1
151091,151092,151100,8,1
151091,151092,151101,9,1
151091,151092,151101,9,1
151094,151099,151101,2,5
151094,151100,151102,2,6
151094,151100,151101,1,6
151094,151100,151101,1,6
151091,151092,151102,10,1
151094,151095,151103,8,1
151094,151098,151102,4,4
151094,151098,151102,4,4
151094,151098,151102,4,4
151094,151100,151102,2,6
151094,151101,151102,1,7
151094,151098,151103,5,4
151094,151102,151103,1,8
151094,151099,151103,4,5
151094,151101,151103,2,7
151094,151102,151103,1,8
151094,151098,151104,6,4
151094,151099,151103,4,5
151091,151092,151103,11,1
151094,151096,151104,8,2
151094,151097,151104,7,3
151094,151097,151104,7,3
151094,151097,151104,7,3
151094,151097,151104,7,3
151091,151092,151105,13,1
151094,151101,151105,4,7
151091,151092,151106,14,1
151094,151097,151108,11,3
151094,151095,151108,13,1
151091,151092,151112,20,1
151091,151092,151111,19,1
151091,151092,151111,19,1
151091,151092,151112,20,1
151094,151095,151115,20,1
150958,150968,151131,163,10
151094,151102,151133,31,8
151221,151221,151222,1,0
151221,151221,151222,1,0
151221,151221,151222,1,0
151221,151221,151222,1,0
151221,151221,151222,1,0
151221,151221,151222,1,0
151221,151221,151222,1,0
151221,151221,151222,1,0
151221,151221,151223,2,0
151221,151221,151223,2,0
151221,151221,151222,1,0
151221,151221,151222,1,0
151221,151221,151222,1,0
151221,151221,151224,3,0
151221,151221,151224,3,0
151221,151221,151223,2,0
151221,151221,151224,3,0
151221,151221,151223,2,0
151221,151221,151225,4,0
151221,151221,151224,3,0
151221,151221,151226,5,0
151221,151221,151226,5,0
151221,151221,151226,5,0
151221,151221,151226,5,0
151226,151226,151228,2,0
151226,151226,151228,2,0
151226,151226,151228,2,0
151226,151226,151228,2,0
151221,151221,151230,9,0
151221,151221,151230,9,0
151226,151226,151230,4,0
151226,151228,151230,2,2
151226,151229,151230,1,3
151226,151229,151230,1,3
151221,151221,151231,10,0
151226,151226,151231,5,0
151226,151228,151231,3,2
151226,151226,151231,5,0
151226,151226,151231,5,0
151226,151226,151232,6,0
151226,151226,151232,6,0
151226,151226,151232,6,0
151226,151226,151232,6,0
151226,151226,151232,6,0
151226,151226,151233,7,0
151226,151226,151233,7,0
151226,151230,151233,3,4
151226,151227,151234,7,1
151226,151226,151234,8,0
151226,151226,151234,8,0
151226,151226,151234,8,0
151226,151226,151234,8,0
151226,151227,151235,8,1
151221,151221,151236,15,0
151226,151227,151237,10,1
151226,151227,151236,9,1
151221,151221,151237,16,0
151226,151230,151238,8,4
151221,151221,151241,20,0
151226,151230,151242,12,4
151221,151221,151242,21,0
151095,151102,151252,150,7
151226,151226,151254,28,0
150964,150972,151262,290,8
151098,151102,151273,171,4
151357,151357,151359,2,0
151357,151357,151358,1,0
151357,151357,151358,1,0
151357,151357,151358,1,0
151357,151357,151359,2,0
151357,151357,151359,2,0
151357,151357,151360,3,0
151357,151357,151360,3,0
151357,151357,151361,4,0
151357,151357,151361,4,0
151357,151357,151361,4,0
151357,151357,151362,5,0
151357,151357,151362,5,0
151357,151357,151363,6,0
151357,151357,151363,6,0
151357,151357,151363,6,0
151357,151357,151364,7,0
151357,151357,151363,6,0
151357,151357,151363,6,0
151357,151357,151364,7,0
151357,151357,151365,8,0
151357,151357,151364,7,0
151357,151357,151364,7,0
151357,151357,151365,8,0
151357,151357,151366,9,0
151357,151357,151366,9,0
151357,151357,151367,10,0
151357,151357,151368,11,0
151227,151231,151369,138,4
151357,151357,151369,12,0
151222,151222,151370,148,0
151092,151092,151375,283,0
151357,151357,151376,19,0
151357,151357,151380,23,0
151230,151231,151403,172,1
151479,151479,151480,1,0
151479,151479,151480,1,0
151479,151479,151480,1,0
151479,151479,151481,2,0
151479,151479,151482,3,0
151479,151479,151481,2,0
151479,151479,151482,3,0
151479,151479,151482,3,0
151479,151479,151483,4,0
151479,151479,151483,4,0
151479,151479,151484,5,0
151479,151479,151485,6,0
151479,151479,151484,5,0
151479,151479,151485,6,0
151479,151479,151485,6,0
151479,151479,151485,6,0
151479,151479,151485,6,0
151479,151479,151484,5,0
151479,151479,151486,7,0
151479,151479,151485,6,0
151479,151479,151486,7,0
151479,151479,151486,7,0
151479,151479,151487,8,0
151479,151481,151486,5,2
151479,151481,151487,6,2
151479,151479,151487,8,0
151479,151479,151486,7,0
151479,151481,151487,6,2
151479,151485,151488,3,6
151479,151485,151488,3,6
151479,151485,151488,3,6
151479,151485,151487,2,6
151479,151486,151487,1,7
151479,151482,151487,5,3
151479,151479,151488,9,0
151479,151486,151488,2,7
151479,151487,151489,2,8
151479,151485,151488,3,6
151479,151485,151489,4,6
151479,151487,151489,2,8
151479,151485,151489,4,6
151479,151487,151489,2,8
151479,151487,151488,1,8
151479,151479,151489,10,0
151479,151479,151489,10,0
151479,151485,151490,5,6
151479,151482,151489,7,3
151479,151483,151490,7,4
151479,151487,151489,2,8
151479,151479,151491,12,0
151479,151486,151491,5,7
151479,151484,151491,7,5
151479,151479,151492,13,0
151479,151484,151492,8,5
151479,151479,151493,14,0
151479,151479,151492,13,0
151479,151482,151492,10,3
151479,151483,151493,10,4
151479,151479,151494,15,0
151479,151479,151493,14,0
151479,151479,151496,17,0
151479,151479,151501,22,0
151135,151135,151587,452,0
151607,151607,151608,1,0
151607,151607,151608,1,0
151607,151607,151608,1,0
151607,151607,151609,2,0
151607,151607,151610,3,0
151607,151607,151610,3,0
151607,151607,151610,3,0
151607,151607,151611,4,0
151607,151607,151611,4,0
151607,151607,151612,5,0
151607,151607,151612,5,0
151607,151607,151613,6,0
151607,151607,151613,6,0
151607,151607,151613,6,0
151607,151607,151613,6,0
151607,151607,151612,5,0
151607,151607,151613,6,0
151607,151607,151614,7,0
151607,151609,151613,4,2
151607,151607,151614,7,0
151607,151607,151613,6,0
151607,151607,151614,7,0
151607,151609,151614,5,2
151607,151607,151614,7,0
151607,151609,151614,5,2
151607,151607,151616,9,0
151607,151607,151616,9,0
151607,151607,151615,8,0
151607,151613,151616,3,6
151607,151614,151615,1,7
151607,151610,151616,6,3
151607,151614,151616,2,7
151607,151614,151616,2,7
151607,151607,151616,9,0
151607,151613,151616,3,6
151607,151615,151616,1,8
151607,151615,151617,2,8
151607,151613,151617,4,6
151607,151614,151616,2,7
151607,151615,151616,1,8
151607,151615,151616,1,8
151607,151614,151616,2,7
151607,151611,151616,5,4
151607,151613,151616,3,6
151607,151607,151617,10,0
151607,151613,151617,4,6
151613,151616,151617,1,3
151613,151616,151617,1,3
151613,151616,151617,1,3
151613,151616,151618,2,3
151607,151611,151618,7,4
151607,151612,151618,6,5
151607,151607,151619,12,0
151607,151607,151619,12,0
151607,151613,151619,6,6
151607,151607,151620,13,0
151607,151612,151620,8,5
151607,151612,151620,8,5
151607,151607,151619,12,0
151613,151616,151621,5,3
151613,151618,151621,3,5
151613,151619,151620,1,6
151613,151618,151621,3,5
151613,151618,151620,2,5
151613,151618,151620,2,5
151607,151611,151621,10,4
151613,151619,151621,2,6
151613,151617,151622,5,4
151613,151620,151622,2,7
151613,151617,151622,5,4
151613,151619,151622,3,6
151607,151616,151623,7,9
151613,151617,151623,6,4
151613,151617,151623,6,4
151613,151617,151623,6,4
151613,151617,151622,5,4
151607,151616,151624,8,9
151613,151617,151624,7,4
151613,151618,151624,6,5
151613,151620,151624,4,7
151613,151617,151623,6,4
151613,151617,151625,8,4
151613,151617,151625,8,4
151613,151616,151625,9,3
151613,151618,151628,10,5
151613,151619,151630,11,6
151613,151620,151631,11,7
151613,151619,151632,13,6
151607,151607,151639,32,0
151607,151607,151640,33,0
151613,151620,151649,29,7
151607,151607,151650,43,0
151607,151607,151650,43,0
151479,151490,151726,236,11
151738,151738,151739,1,0
151738,151738,151739,1,0
151738,151738,151739,1,0
151738,151738,151739,1,0
151738,151738,151739,1,0
151738,151738,151739,1,0
151738,151738,151739,1,0
151738,151738,151739,1,0
151738,151738,151739,1,0
151738,151738,151739,1,0
151738,151738,151739,1,0
151738,151738,151739,1,0
151738,151738,151739,1,0
151738,151738,151739,1,0
151738,151738,151740,2,0
151738,151738,151740,2,0
151738,151738,151740,2,0
151738,151738,151740,2,0
151738,151738,151740,2,0
151738,151738,151741,3,0
151738,151738,151740,2,0
151738,151738,151741,3,0
151738,151738,151741,3,0
151738,151738,151741,3,0
151738,151738,151743,5,0
151738,151738,151743,5,0
151745,151745,151746,1,0
151745,151745,151746,1,0
151745,151745,151746,1,0
151738,151738,151748,10,0
151745,151745,151747,2,0
151745,151745,151747,2,0
151745,151745,151747,2,0
151745,151745,151749,4,0
151745,151747,151748,1,2
151745,151747,151748,1,2
151745,151745,151748,3,0
151745,151747,151748,1,2
151745,151745,151750,5,0
151745,151745,151749,4,0
151745,151745,151749,4,0
151745,151745,151749,4,0
151738,151738,151749,11,0
151745,151745,151751,6,0
151738,151738,151750,12,0
151745,151745,151750,5,0
151745,151745,151751,6,0
151745,151745,151750,5,0
151745,151745,151750,5,0
151745,151745,151751,6,0
151745,151745,151751,6,0
151745,151745,151751,6,0
151745,151745,151752,7,0
151745,151745,151752,7,0
151745,151745,151752,7,0
151738,151738,151753,15,0
151745,151745,151755,10,0
151745,151745,151757,12,0
151745,151745,151757,12,0
151745,151745,151758,13,0
151738,151738,151758,20,0
151745,151745,151760,15,0
151613,151621,151805,184,8
151607,151616,151866,250,9
151874,151874,151875,1,0
151874,151874,151875,1,0
151874,151874,151876,2,0
151874,151874,151875,1,0
151874,151874,151875,1,0
151874,151874,151876,2,0
151874,151874,151875,1,0
151874,151874,151875,1,0
151874,151874,151875,1,0
151874,151874,151875,1,0
151874,151874,151876,2,0
151874,151874,151876,2,0
151874,151874,151877,3,0
151874,151874,151877,3,0
151874,151874,151876,2,0
151874,151874,151876,2,0
151874,151874,151876,2,0
151874,151874,151876,2,0
151874,151874,151876,2,0
151874,151874,151876,2,0
151874,151874,151877,3,0
151874,151874,151877,3,0
151874,151874,151878,4,0
151879,151879,151880,1,0
151879,151879,151880,1,0
151879,151879,151880,1,0
151879,151879,151880,1,0
151879,151879,151883,4,0
151879,151881,151883,2,2
151879,151881,151883,2,2
151879,151881,151883,2,2
151879,151879,151883,4,0
151879,151879,151883,4,0
151879,151879,151883,4,0
151879,151881,151883,2,2
151879,151879,151884,5,0
151879,151879,151884,5,0
151879,151883,151884,1,4
151879,151883,151884,1,4
151879,151883,151884,1,4
151879,151879,151886,7,0
151879,151879,151886,7,0
151874,151874,151886,12,0
151874,151874,151886,12,0
151874,151874,151886,12,0
151874,151874,151886,12,0
151874,151874,151886,12,0
151874,151874,151886,12,0
151874,151874,151886,12,0
151879,151879,151887,8,0
151879,151884,151887,3,5
151879,151879,151887,8,0
151879,151879,151886,7,0
151879,151879,151887,8,0
151879,151879,151886,7,0
151874,151874,151887,13,0
151879,151879,151887,8,0
151879,151879,151888,9,0
151879,151879,151890,11,0
151879,151879,151892,13,0
151879,151883,151897,14,4
151879,151879,151901,22,0
151751,151751,151904,153,0
151750,151750,151920,170,0
151749,151749,151924,175,0
152001,152001,152003,2,0
152001,152001,152002,1,0
152001,152001,152003,2,0
152001,152001,152002,1,0
152001,152001,152005,4,0
152001,152001,152005,4,0
152001,152001,152005,4,0
152001,152001,152005,4,0
152001,152001,152005,4,0
152001,152001,152005,4,0
152001,152001,152006,5,0
152001,152001,152006,5,0
152001,152001,152007,6,0
152001,152001,152006,5,0
152001,152001,152007,6,0
152001,152001,152006,5,0
152001,152001,152006,5,0
152001,152001,152008,7,0
152001,152001,152007,6,0
152001,152001,152008,7,0
152008,152008,152009,1,0
152001,152001,152009,8,0
152008,152008,152009,1,0
152008,152008,152010,2,0
152008,152008,152010,2,0
152008,152009,152011,2,1
152008,152008,152011,3,0
152008,152009,152011,2,1
152008,152009,152011,2,1
152008,152008,152011,3,0
152008,152008,152010,2,0
152001,152001,152012,11,0
152001,152001,152012,11,0
152008,152010,152012,2,2
152008,152008,152012,4,0
152008,152010,152012,2,2
152008,152011,152012,1,3
152001,152001,152012,11,0
152008,152008,152013,5,0
152008,152011,152013,2,3
152008,152011,152013,2,3
152008,152011,152013,2,3
152008,152011,152013,2,3
152008,152008,152014,6,0
152008,152008,152013,5,0
152011,152012,152013,1,1
152008,152008,152014,6,0
152008,152008,152014,6,0
152011,152012,152014,2,1
152008,152008,152013,5,0
152008,152008,152014,6,0
152001,152001,152015,14,0
152008,152008,152015,7,0
152008,152008,152015,7,0
152008,152008,152015,7,0
152008,152008,152015,7,0
152001,152001,152016,15,0
152008,152008,152016,8,0
151745,151748,152017,269,3
152011,152015,152017,2,4
152011,152014,152017,3,3
152011,152016,152017,1,5
152011,152015,152017,2,4
152011,152012,152017,5,1
152011,152015,152017,2,4
151874,151876,152018,142,2
152011,152014,152018,4,3
152011,152014,152018,4,3
152011,152012,152018,6,1
152011,152015,152019,4,4
152011,152017,152019,2,6
152011,152014,152019,5,3
152011,152013,152019,6,2
152011,152018,152019,1,7
152011,152018,152019,1,7
152011,152013,152020,7,2
152011,152015,152020,5,4
152011,152017,152020,3,6
152011,152016,152020,4,5
152011,152014,152021,7,3
152011,152013,152020,7,2
152011,152014,152021,7,3
152011,152013,152021,8,2
152011,152014,152021,7,3
152008,152008,152022,14,0
152011,152014,152024,10,3
152001,152001,152026,25,0
152011,152016,152027,11,5
152001,152001,152028,27,0
152001,152001,152030,29,0
152011,152012,152031,19,1
152011,152012,152031,19,1
152001,152001,152031,30,0
152011,152015,152033,18,4
152001,152001,152037,36,0
151738,151738,152062,324,0
152134,152135,152136,1,1
152134,152135,152136,1,1
152134,152135,152136,1,1
152134,152135,152136,1,1
152134,152135,152136,1,1
152134,152135,152137,2,1
152134,152135,152136,1,1
152134,152135,152136,1,1
152134,152135,152136,1,1
152134,152135,152136,1,1
152134,152135,152136,1,1
152134,152135,152136,1,1
152134,152135,152137,2,1
152134,152135,152137,2,1
152134,152135,152137,2,1
152134,152135,152138,3,1
152134,152135,152138,3,1
152134,152135,152138,3,1
152134,152135,152139,4,1
152134,152135,152140,5,1
152141,152141,152142,1,0
152141,152141,152143,2,0
152141,152141,152142,1,0
152141,152141,152143,2,0
152141,152142,152144,2,1
152141,152141,152145,4,0
152141,152141,152145,4,0
152141,152143,152145,2,2
152141,152143,152145,2,2
152134,152135,152145,10,1
152134,152135,152145,10,1
152141,152141,152146,5,0
152141,152141,152146,5,0
152141,152141,152146,5,0
152141,152144,152146,2,3
152141,152145,152146,1,4
152141,152141,152146,5,0
152141,152141,152147,6,0
152141,152146,152147,1,5
152141,152141,152147,6,0
152141,152141,152148,7,0
152141,152141,152148,7,0
152141,152145,152148,3,4
152141,152141,152148,7,0
152141,152141,152148,7,0
152134,152135,152149,14,1
152145,152146,152149,3,1
152145,152147,152149,2,2
152141,152141,152149,8,0
152145,152147,152151,4,2
152145,152149,152151,2,4
152134,152135,152152,17,1
152145,152150,152152,2,5
152145,152147,152152,5,2
152145,152147,152152,5,2
152145,152151,152153,2,6
152145,152147,152152,5,2
152145,152147,152153,6,2
152145,152149,152152,3,4
152141,152141,152153,12,0
152141,152141,152153,12,0
152145,152150,152153,3,5
152145,152152,152153,1,7
152145,152153,152154,1,8
152145,152148,152154,6,3
152145,152148,152154,6,3
152145,152153,152154,1,8
152145,152153,152154,1,8
152145,152153,152154,1,8
152145,152153,152154,1,8
152145,152153,152154,1,8
152145,152153,152154,1,8
152145,152149,152155,6,4
152145,152150,152155,5,5
152145,152148,152155,7,3
152145,152148,152155,7,3
152145,152148,152156,8,3
152141,152141,152156,15,0
152134,152135,152158,23,1
152134,152135,152159,24,1
152134,152135,152159,24,1
152141,152141,152163,22,0
152145,152146,152164,18,1
152145,152152,152167,15,7
152145,152149,152168,19,4
152141,152141,152168,27,0
152145,152146,152170,24,1
152141,152141,152171,30,0
152134,152135,152174,39,1
152134,152135,152176,41,1
152012,152018,152179,161,6
152008,152011,152191,180,3
152002,152002,152259,257,0
152273,152273,152274,1,0
152273,152273,152274,1,0
152273,152273,152274,1,0
152273,152273,152274,1,0
152273,152273,152276,3,0
152273,152273,152277,4,0
152273,152273,152277,4,0
152273,152273,152277,4,0
152273,152273,152277,4,0
152273,152273,152277,4,0
152273,152273,152278,5,0
152273,152273,152278,5,0
152273,152273,152278,5,0
152273,152273,152278,5,0
152273,152273,152279,6,0
152273,152273,152278,5,0
152273,152273,152278,5,0
152273,152273,152278,5,0
152273,152273,152278,5,0
152273,152273,152278,5,0
152273,152273,152279,6,0
152273,152273,152279,6,0
152273,152273,152279,6,0
152273,152273,152279,6,0
152273,152273,152279,6,0
152273,152273,152280,7,0
152273,152273,152280,7,0
152273,152273,152283,10,0
152273,152273,152291,18,0
152273,152273,152307,34,0
152273,152273,152307,34,0
152142,152146,152311,165,4
152147,152154,152392,238,7
152395,152395,152396,1,0
152395,152395,152396,1,0
152395,152395,152396,1,0
152395,152395,152396,1,0
152395,152395,152396,1,0
152395,152395,152396,1,0
152395,152395,152396,1,0
152395,152395,152396,1,0
152395,152395,152396,1,0
152395,152395,152396,1,0
152395,152395,152396,1,0
152395,152395,152396,1,0
152395,152395,152396,1,0
152395,152395,152396,1,0
152395,152395,152396,1,0
152395,152395,152396,1,0
152395,152395,152397,2,0
152395,152395,152397,2,0
152395,152395,152398,3,0
152395,152395,152398,3,0
152395,152395,152399,4,0
152395,152395,152398,3,0
152395,152395,152398,3,0
152395,152395,152398,3,0
152395,152397,152399,2,2
152395,152397,152399,2,2
152395,152397,152400,3,2
152395,152397,152400,3,2
152395,152399,152400,1,4
152395,152397,152401,4,2
152395,152399,152400,1,4
152395,152397,152402,5,2
152395,152398,152402,4,3
152395,152398,152401,3,3
152395,152398,152402,4,3
152395,152395,152401,6,0
152395,152397,152401,4,2
152395,152397,152402,5,2
152395,152397,152402,5,2
152395,152397,152402,5,2
152395,152397,152402,5,2
152395,152397,152401,4,2
152395,152397,152401,4,2
152395,152397,152402,5,2
152395,152399,152402,3,4
152395,152399,152403,4,4
152395,152399,152403,4,4
152395,152401,152402,1,6
152395,152397,152402,5,2
152395,152397,152402,5,2
152395,152401,152402,1,6
152395,152401,152402,1,6
152402,152402,152403,1,0
152402,152402,152403,1,0
152395,152399,152404,5,4
152402,152402,152405,3,0
152395,152398,152405,7,3
152402,152403,152405,2,1
152402,152404,152406,2,2
152402,152404,152406,2,2
152395,152395,152405,10,0
152402,152402,152405,3,0
152402,152403,152406,3,1
152402,152403,152406,3,1
152402,152403,152406,3,1
152402,152403,152406,3,1
152402,152405,152407,2,3
152402,152406,152408,2,4
152402,152406,152408,2,4
152402,152402,152408,6,0
152402,152405,152408,3,3
152402,152404,152407,3,2
152402,152405,152408,3,3
152402,152402,152407,5,0
152402,152402,152408,6,0
152402,152402,152408,6,0
152402,152402,152407,5,0
152402,152402,152408,6,0
152402,152402,152407,5,0
152395,152395,152409,14,0
152402,152403,152409,6,1
152402,152403,152410,7,1
152402,152402,152410,8,0
152402,152402,152410,8,0
152402,152403,152410,7,1
152395,152395,152413,18,0
152402,152403,152413,10,1
152402,152406,152416,10,4
152395,152395,152417,22,0
152395,152395,152418,23,0
152395,152395,152423,28,0
152395,152395,152431,36,0
152395,152395,152430,35,0
152135,152135,152437,302,0
152146,152154,152444,290,8
152145,152154,152462,308,9
152524,152524,152525,1,0
152524,152524,152525,1,0
152524,152524,152525,1,0
152524,152524,152526,2,0
152524,152524,152527,3,0
152524,152524,152528,4,0
152524,152524,152528,4,0
152524,152524,152529,5,0
152524,152524,152529,5,0
152524,152524,152529,5,0
152524,152524,152530,6,0
152524,152524,152530,6,0
152524,152524,152529,5,0
152524,152524,152530,6,0
152524,152524,152529,5,0
152524,152524,152529,5,0
152524,152524,152530,6,0
152524,152524,152532,8,0
152524,152524,152535,11,0
152524,152524,152534,10,0
152524,152524,152536,12,0
152524,152524,152536,12,0
152524,152524,152537,13,0
152524,152524,152543,19,0
152524,152524,152544,20,0
152524,152524,152545,21,0
152524,152524,152547,23,0
152524,152524,152547,23,0
152524,152524,152546,22,0
152524,152524,152548,24,0
152524,152524,152552,28,0
152395,152401,152554,153,6
151661,151662,152652,990,1
152776,152777,152778,1,1
152776,152777,152778,1,1
152776,152776,152778,2,0
152776,152777,152778,1,1
152776,152777,152779,2,1
152777,152777,152779,2,0
152776,152777,152780,3,1
152776,152777,152780,3,1
152776,152777,152780,3,1
152776,152777,152780,3,1
152776,152777,152782,5,1
152776,152777,152782,5,1
152776,152777,152782,5,1
152776,152777,152782,5,1
152776,152777,152782,5,1
152776,152777,152782,5,1
152776,152777,152782,5,1
152776,152777,152782,5,1
152777,152777,152783,6,0
152777,152779,152783,4,2
152776,152777,152784,7,1
152776,152777,152784,7,1
152777,152781,152785,4,4
152777,152783,152785,2,6
152777,152783,152784,1,6
152776,152777,152785,8,1
152776,152777,152785,8,1
152777,152779,152786,7,2
152777,152781,152785,4,4
152777,152783,152786,3,6
152777,152783,152785,2,6
152777,152779,152786,7,2
152777,152781,152785,4,4
152777,152783,152786,3,6
152777,152784,152785,1,7
152777,152779,152786,7,2
152777,152783,152786,3,6
152777,152783,152786,3,6
152777,152785,152786,1,8
152781,152786,152787,1,5
152781,152786,152787,1,5
152781,152786,152787,1,5
152777,152785,152786,1,8
152777,152785,152786,1,8
152777,152785,152786,1,8
152776,152777,152787,10,1
152777,152784,152787,3,7
152777,152780,152787,7,3
152777,152780,152787,7,3
152777,152781,152787,6,4
152777,152783,152787,4,6
152781,152786,152787,1,5
152777,152786,152788,2,9
152776,152777,152789,12,1
152776,152777,152790,13,1
152777,152777,152789,12,0
152776,152777,152789,12,1
152776,152777,152789,12,1
152777,152777,152789,12,0
152781,152788,152789,1,7
152781,152786,152789,3,5
152781,152788,152790,2,7
152781,152787,152790,3,6
152776,152777,152791,14,1
152781,152787,152791,4,6
152781,152786,152790,4,5
152781,152786,152791,5,5
152781,152787,152790,3,6
152781,152787,152790,3,6
152776,152777,152791,14,1
152777,152785,152791,6,8
152781,152787,152791,4,6
152781,152787,152792,5,6
152781,152787,152792,5,6
152781,152787,152791,4,6
152777,152786,152792,6,9
152781,152787,152792,5,6
152781,152787,152793,6,6
152781,152788,152792,4,7
152781,152788,152792,4,7
152781,152788,152793,5,7
152776,152777,152799,22,1
152781,152788,152799,11,7
152781,152790,152800,10,9
152781,152790,152800,10,9
152781,152789,152801,12,8
152781,152790,152801,11,9
152776,152777,152802,25,1
152781,152790,152801,11,9
152781,152790,152803,13,9
152776,152777,152803,26,1
152781,152788,152809,21,7
152781,152790,152808,18,9
152524,152524,152823,299,0
152907,152907,152908,1,0
152907,152907,152908,1,0
152907,152907,152908,1,0
152907,152907,152908,1,0
152907,152907,152909,2,0
152907,152907,152909,2,0
152907,152907,152908,1,0
152907,152907,152908,1,0
152907,152907,152908,1,0
152907,152907,152908,1,0
152907,152907,152908,1,0
152907,152907,152908,1,0
152907,152907,152909,2,0
152907,152907,152913,6,0
152907,152907,152913,6,0
152907,152907,152914,7,0
152913,152913,152914,1,0
152907,152907,152914,7,0
152913,152913,152915,2,0
152913,152913,152914,1,0
152913,152913,152915,2,0
152907,152907,152916,9,0
152907,152907,152916,9,0
152907,152907,152916,9,0
152907,152907,152916,9,0
152907,152907,152916,9,0
152913,152913,152917,4,0
152913,152914,152917,3,1
152913,152915,152917,2,2
152907,152907,152917,10,0
152913,152913,152917,4,0
152913,152915,152918,3,2
152913,152913,152918,5,0
152913,152913,152917,4,0
152907,152907,152918,11,0
152907,152907,152919,12,0
152907,152907,152918,11,0
152913,152913,152918,5,0
152913,152916,152918,2,3
152913,152913,152919,6,0
152913,152917,152918,1,4
152913,152917,152918,1,4
152913,152917,152919,2,4
152907,152907,152919,12,0
152907,152907,152919,12,0
152907,152907,152920,13,0
152913,152913,152920,7,0
152913,152913,152921,8,0
152913,152913,152920,7,0
152913,152917,152921,4,4
152913,152914,152922,8,1
152913,152914,152923,9,1
152913,152915,152922,7,2
152913,152914,152926,12,1
152913,152917,152927,10,4
152913,152917,152927,10,4
152913,152913,152930,17,0
152907,152907,152931,24,0
152907,152907,152932,25,0
152913,152917,152933,16,4
152913,152917,152934,17,4
152785,152790,152937,147,5
152913,152918,152939,21,5
152781,152790,152961,171,9
152777,152786,152961,175,9
153163,153163,153164,1,0
153163,153163,153164,1,0
153163,153163,153164,1,0
153163,153163,153164,1,0
153163,153163,153165,2,0
153163,153163,153165,2,0
153163,153163,153167,4,0
153163,153163,153166,3,0
153163,153163,153166,3,0
153163,153163,153166,3,0
153163,153163,153167,4,0
153163,153163,153167,4,0
153163,153163,153167,4,0
153166,153167,153168,1,1
153166,153167,153168,1,1
153163,153163,153168,5,0
153163,153163,153168,5,0
153163,153163,153168,5,0
153166,153167,153168,1,1
153166,153167,153168,1,1
153163,153163,153170,7,0
153163,153163,153169,6,0
153163,153163,153170,7,0
153166,153169,153171,2,3
153166,153168,153172,4,2
153166,153168,153171,3,2
153166,153170,153171,1,4
153166,153168,153172,4,2
153166,153168,153171,3,2
153166,153169,153171,2,3
153166,153169,153172,3,3
153166,153169,153171,2,3
153166,153169,153172,3,3
153163,153163,153173,10,0
153166,153168,153173,5,2
153166,153172,153173,1,6
153166,153172,153173,1,6
153166,153169,153173,4,3
153166,153171,153173,2,5
153166,153169,153173,4,3
153166,153171,153173,2,5
153163,153163,153173,10,0
153166,153167,153173,6,1
153166,153172,153173,1,6
153166,153172,153174,2,6
153166,153172,153173,1,6
153163,153163,153175,12,0
153163,153163,153175,12,0
153166,153167,153174,7,1
153163,153165,153175,10,2
153166,153167,153175,8,1
153166,153168,153175,7,2
153163,153163,153177,14,0
153166,153167,153176,9,1
153166,153170,153177,7,4
153163,153163,153177,14,0
153163,153163,153177,14,0
153163,153163,153178,15,0
153163,153163,153181,18,0
153163,153163,153188,25,0
153163,153163,153190,27,0
153163,153163,153196,33,0
153166,153167,153211,44,1
152907,152907,153217,310,0
153291,153291,153292,1,0
153291,153291,153292,1,0
153291,153291,153292,1,0
153291,153291,153292,1,0
153291,153291,153293,2,0
153291,153291,153293,2,0
153291,153291,153293,2,0
153291,153291,153293,2,0
153291,153291,153293,2,0
153291,153292,153293,1,1
153291,153292,153293,1,1
153291,153291,153295,4,0
153291,153291,153297,6,0
153291,153291,153298,7,0
153291,153292,153298,6,1
153291,153291,153299,8,0
153291,153291,153300,9,0
153291,153291,153300,9,0
153299,153299,153301,2,0
153299,153299,153301,2,0
153299,153299,153300,1,0
153299,153299,153301,2,0
153291,153292,153301,9,1
153291,153291,153302,11,0
153291,153292,153302,10,1
153299,153299,153303,4,0
153299,153301,153303,2,2
153291,153291,153303,12,0
153291,153292,153303,11,1
153291,153291,153304,13,0
153291,153292,153304,12,1
153299,153301,153304,3,2
153299,153299,153304,5,0
153299,153301,153304,3,2
153299,153301,153303,2,2
153299,153299,153303,4,0
153299,153302,153305,3,3
153291,153291,153304,13,0
153291,153291,153304,13,0
153299,153303,153305,2,4
153299,153303,153304,1,4
153299,153301,153305,4,2
153299,153304,153306,2,5
153299,153299,153306,7,0
153299,153301,153306,5,2
153299,153299,153307,8,0
153299,153299,153306,7,0
153299,153299,153308,9,0
153299,153299,153307,8,0
153299,153299,153307,8,0
153299,153299,153309,10,0
153299,153299,153308,9,0
153299,153303,153313,10,4
153299,153299,153314,15,0
153299,153304,153316,12,5
153299,153303,153318,15,4
153299,153304,153320,16,5
153163,153167,153323,156,4
153291,153291,153325,34,0
153291,153291,153326,35,0
153291,153291,153329,38,0
153166,153172,153330,158,6
153299,153304,153337,33,5
153291,153291,153343,52,0
153168,153172,153344,172,4
153167,153172,153345,173,5
153425,153425,153426,1,0
153425,153425,153427,2,0
153425,153425,153427,2,0
153425,153425,153427,2,0
153425,153425,153428,3,0
153425,153425,153428,3,0
153425,153425,153428,3,0
153425,153425,153428,3,0
153425,153425,153428,3,0
153425,153427,153429,2,2
153425,153425,153429,4,0
153425,153425,153430,5,0
153425,153427,153430,3,2
153425,153425,153430,5,0
153425,153425,153431,6,0
153425,153425,153431,6,0
153425,153425,153431,6,0
153425,153425,153432,7,0
153425,153427,153432,5,2
153425,153425,153432,7,0
153425,153427,153432,5,2
153425,153425,153433,8,0
153425,153425,153433,8,0
153425,153425,153433,8,0
153425,153431,153434,3,6
153425,153430,153433,3,5
153425,153431,153433,2,6
153425,153432,153434,2,7
153425,153425,153434,9,0
153425,153431,153434,3,6
153425,153433,153435,2,8
153425,153432,153434,2,7
153425,153433,153435,2,8
153425,153433,153434,1,8
153425,153428,153435,7,3
153425,153434,153435,1,9
153425,153434,153435,1,9
153425,153434,153435,1,9
153425,153434,153435,1,9
153428,153435,153436,1,7
153425,153430,153435,5,5
153425,153434,153435,1,9
153428,153435,153436,1,7
153425,153430,153435,5,5
153425,153434,153435,1,9
153425,153434,153435,1,9
153425,153425,153436,11,0
153425,153425,153435,10,0
153425,153428,153436,8,3
153425,153425,153437,12,0
153428,153435,153436,1,7
153428,153435,153436,1,7
153425,153429,153437,8,4
153428,153435,153438,3,7
153425,153425,153438,13,0
153425,153425,153438,13,0
153425,153425,153438,13,0
153428,153436,153438,2,8
153428,153437,153439,2,9
153425,153425,153439,14,0
153425,153428,153439,11,3
153428,153436,153439,3,8
153428,153437,153439,2,9
153428,153436,153439,3,8
153428,153438,153439,1,10
153428,153436,153439,3,8
153428,153437,153440,3,9
153428,153436,153440,4,8
153428,153437,153440,3,9
153428,153439,153440,1,11
153428,153439,153440,1,11
153428,153436,153441,5,8
153425,153431,153441,10,6
153428,153439,153441,2,11
153428,153438,153441,3,10
153428,153436,153441,5,8
153428,153436,153441,5,8
153428,153436,153442,6,8
153428,153436,153443,7,8
153428,153436,153442,6,8
153428,153436,153443,7,8
153425,153433,153444,11,8
153425,153425,153445,20,0
153428,153439,153450,11,11
153428,153439,153450,11,11
153428,153440,153450,10,12
153425,153425,153453,28,0
153299,153304,153457,153,5
153425,153425,153458,33,0
153428,153437,153468,31,9
153425,153425,153469,44,0
153425,153425,153470,45,0
153428,153437,153479,42,9
153425,153425,153491,66,0
153553,153553,153554,1,0
153553,153553,153554,1,0
153553,153553,153554,1,0
153553,153553,153555,2,0
153553,153553,153556,3,0
153553,153553,153556,3,0
153553,153553,153556,3,0
153553,153553,153556,3,0
153553,153553,153557,4,0
153553,153553,153557,4,0
153553,153553,153557,4,0
153553,153553,153557,4,0
153553,153553,153557,4,0
153553,153553,153558,5,0
153553,153553,153558,5,0
153553,153553,153558,5,0
153553,153553,153558,5,0
153553,153553,153558,5,0
153553,153553,153559,6,0
153553,153553,153559,6,0
153553,153553,153561,8,0
153553,153553,153564,11,0
153553,153553,153563,10,0
153553,153553,153565,12,0
153553,153553,153565,12,0
153553,153553,153569,16,0
153553,153553,153569,16,0
153553,153553,153572,19,0
153553,153553,153572,19,0
153553,153553,153577,24,0
153292,153292,153581,289,0
153553,153553,153584,31,0
153428,153440,153661,221,12
153683,153683,153685,2,0
153683,153683,153684,1,0
153683,153683,153684,1,0
153683,153683,153684,1,0
153683,153683,153686,3,0
153683,153683,153686,3,0
153683,153683,153685,2,0
153683,153685,153686,1,2
153683,153683,153686,3,0
153683,153685,153686,1,2
153683,153683,153688,5,0
153683,153683,153687,4,0
153683,153683,153687,4,0
153683,153683,153688,5,0
153683,153683,153688,5,0
153683,153683,153688,5,0
153683,153683,153687,4,0
153683,153683,153688,5,0
153683,153685,153688,3,2
153683,153683,153687,4,0
153683,153683,153689,6,0
153683,153683,153689,6,0
153683,153685,153689,4,2
153683,153688,153689,1,5
153683,153683,153690,7,0
153683,153688,153690,2,5
153683,153688,153689,1,5
153683,153688,153689,1,5
153683,153688,153690,2,5
153683,153687,153690,3,4
153683,153688,153691,3,5
153683,153688,153691,3,5
153683,153689,153690,1,6
153683,153687,153690,3,4
153683,153687,153691,4,4
153683,153686,153692,6,3
153683,153683,153691,8,0
153683,153689,153691,2,6
153683,153690,153691,1,7
153683,153686,153691,5,3
153683,153690,153691,1,7
153683,153690,153691,1,7
153683,153690,153691,1,7
153683,153690,153691,1,7
153683,153690,153691,1,7
153683,153683,153692,9,0
153683,153683,153692,9,0
153683,153688,153693,5,5
153683,153689,153692,3,6
153683,153688,153693,5,5
153683,153683,153695,12,0
153683,153683,153694,11,0
153683,153686,153694,8,3
153683,153683,153694,11,0
153683,153683,153694,11,0
153683,153683,153695,12,0
153683,153683,153695,12,0
153683,153688,153695,7,5
153558,153558,153701,143,0
153683,153683,153704,21,0
153683,153683,153705,22,0
153683,153683,153713,30,0
153683,153683,153715,32,0
153426,153435,153727,292,9
153812,153812,153813,1,0
153812,153812,153814,2,0
153812,153812,153814,2,0
153812,153812,153814,2,0
153812,153812,153815,3,0
153812,153812,153816,4,0
153812,153812,153816,4,0
153812,153812,153816,4,0
153812,153813,153816,3,1
153812,153813,153816,3,1
153812,153814,153816,2,2
153812,153812,153816,4,0
153812,153814,153816,2,2
153812,153812,153815,3,0
153812,153812,153816,4,0
153812,153812,153817,5,0
153812,153812,153817,5,0
153812,153814,153817,3,2
153812,153812,153817,5,0
153812,153812,153817,5,0
153812,153812,153818,6,0
153812,153812,153818,6,0
153812,153814,153818,4,2
153812,153812,153819,7,0
153812,153817,153820,3,5
153812,153818,153819,1,6
153812,153818,153819,1,6
153812,153818,153819,1,6
153812,153818,153819,1,6
153812,153812,153820,8,0
153812,153816,153820,4,4
153812,153819,153820,1,7
153812,153819,153820,1,7
153812,153817,153820,3,5
153812,153817,153820,3,5
153812,153817,153820,3,5
153812,153817,153820,3,5
153812,153819,153820,1,7
153812,153820,153821,1,8
153812,153820,153821,1,8
153812,153817,153821,4,5
153812,153820,153821,1,8
153812,153820,153821,1,8
153812,153812,153822,10,0
153812,153812,153822,10,0
153812,153816,153822,6,4
153812,153820,153823,3,8
153812,153812,153823,11,0
153812,153812,153825,13,0
153812,153817,153825,8,5
153812,153817,153826,9,5
153812,153812,153827,15,0
153812,153817,153827,10,5
153812,153817,153827,10,5
153812,153812,153831,19,0
153812,153812,153832,20,0
153812,153812,153833,21,0
153812,153812,153848,36,0
153812,153812,153849,37,0
153812,153812,153849,37,0
153812,153812,153850,38,0
153683,153691,153857,166,8
153686,153691,153862,171,5
153554,153554,153873,319,0
153945,153945,153946,1,0
153945,153945,153946,1,0
153945,153945,153946,1,0
153945,153945,153947,2,0
153945,153945,153946,1,0
153945,153945,153946,1,0
153945,153946,153947,1,1
153945,153945,153947,2,0
153945,153945,153947,2,0
153945,153945,153948,3,0
153945,153945,153949,4,0
153945,153945,153950,5,0
153945,153945,153950,5,0
153945,153945,153950,5,0
153945,153945,153950,5,0
153948,153948,153950,2,0
153948,153948,153949,1,0
153948,153948,153950,2,0
153948,153948,153950,2,0
153948,153948,153952,4,0
153948,153948,153952,4,0
153948,153948,153952,4,0
153948,153950,153953,3,2
153948,153952,153954,2,4
153948,153949,153955,6,1
153948,153951,153955,4,3
153948,153952,153954,2,4
153948,153950,153954,4,2
153948,153951,153954,3,3
153945,153945,153955,10,0
153945,153945,153955,10,0
153948,153953,153956,3,5
153948,153954,153956,2,6
153948,153954,153956,2,6
153945,153945,153957,12,0
153948,153955,153957,2,7
153948,153955,153956,1,7
153948,153956,153957,1,8
153945,153945,153958,13,0
153945,153945,153958,13,0
153945,153945,153958,13,0
153948,153949,153957,8,1
153948,153955,153958,3,7
153948,153955,153957,2,7
153948,153957,153958,1,9
153948,153956,153957,1,8
153948,153956,153958,2,8
153948,153950,153959,9,2
153948,153957,153959,2,9
153948,153955,153958,3,7
153948,153950,153960,10,2
153948,153950,153960,10,2
153948,153950,153960,10,2
153948,153958,153960,2,10
153948,153958,153961,3,10
153948,153959,153961,2,11
153948,153958,153962,4,10
153948,153958,153961,3,10
153948,153959,153961,2,11
153948,153959,153962,3,11
153948,153959,153962,3,11
153948,153961,153962,1,13
153948,153959,153963,4,11
153948,153961,153963,2,13
153948,153958,153963,5,10
153948,153962,153963,1,14
153948,153963,153964,1,15
153948,153960,153964,4,12
153948,153960,153964,4,12
153948,153962,153964,2,14
153948,153962,153964,2,14
153948,153963,153965,2,15
153948,153960,153964,4,12
153948,153963,153965,2,15
153948,153962,153965,3,14
153948,153962,153965,3,14
153948,153963,153965,2,15
153945,153945,153966,21,0
153948,153956,153966,10,8
153948,153956,153966,10,8
153945,153945,153966,21,0
153821,153821,153966,145,0
153945,153945,153966,21,0
153945,153945,153967,22,0
153945,153945,153966,21,0
153945,153945,153968,23,0
153945,153945,153968,23,0
153945,153945,153967,22,0
153945,153945,153969,24,0
153945,153945,153968,23,0
153822,153822,153978,156,0
153948,153957,153981,24,9
153948,153958,153984,26,10
153820,153821,153984,163,1
153948,153958,153985,27,10
153819,153821,153996,175,2
153948,153958,153998,40,10
153813,153821,154003,182,8
153818,153821,154007,186,3
154075,154075,154076,1,0
154075,154075,154077,2,0
154075,154075,154076,1,0
154075,154075,154076,1,0
154075,154075,154077,2,0
154075,154075,154078,3,0
154075,154075,154078,3,0
154075,154075,154078,3,0
154075,154075,154077,2,0
154075,154076,154077,1,1
154075,154075,154078,3,0
154075,154075,154079,4,0
154075,154075,154079,4,0
154075,154075,154078,3,0
154075,154075,154079,4,0
154075,154075,154079,4,0
154075,154075,154080,5,0
154075,154078,154080,2,3
154075,154078,154080,2,3
154075,154077,154080,3,2
154075,154078,154079,1,3
154075,154075,154081,6,0
154075,154077,154080,3,2
154075,154078,154081,3,3
154075,154078,154080,2,3
154075,154079,154081,2,4
154075,154078,154081,3,3
154075,154079,154081,2,4
154075,154079,154081,2,4
154075,154079,154080,1,4
154075,154080,154081,1,5
154075,154079,154082,3,4
154075,154080,154082,2,5
154075,154077,154082,5,2
154075,154080,154081,1,5
154075,154081,154082,1,6
154075,154080,154082,2,5
154075,154080,154082,2,5
154075,154081,154083,2,6
154075,154081,154083,2,6
154075,154081,154083,2,6
154075,154081,154082,1,6
154075,154081,154082,1,6
154075,154075,154084,9,0
154075,154080,154083,3,5
154075,154081,154084,3,6
154075,154075,154085,10,0
154075,154075,154085,10,0
154075,154075,154086,11,0
154075,154075,154086,11,0
154075,154075,154086,11,0
154075,154075,154087,12,0
154075,154075,154087,12,0
154075,154075,154088,13,0
154075,154075,154088,13,0
154075,154075,154088,13,0
154075,154075,154089,14,0
153945,153946,154091,145,1
154075,154075,154093,18,0
154075,154075,154092,17,0
154075,154075,154094,19,0
154075,154075,154096,21,0
154075,154075,154106,31,0
153949,153963,154157,194,14
154197,154197,154198,1,0
154197,154197,154198,1,0
154197,154197,154198,1,0
154197,154197,154199,2,0
154197,154197,154199,2,0
154197,154197,154199,2,0
154197,154197,154199,2,0
154197,154197,154199,2,0
154197,154197,154199,2,0
154197,154197,154200,3,0
154197,154197,154201,4,0
154197,154197,154201,4,0
154197,154199,154201,2,2
154197,154198,154201,3,1
154197,154197,154202,5,0
154197,154197,154202,5,0
154197,154197,154202,5,0
154197,154197,154201,4,0
154197,154199,154202,3,2
154197,154197,154202,5,0
154197,154200,154202,2,3
154197,154199,154203,4,2
154197,154201,154203,2,4
154197,154199,154203,4,2
154197,154199,154203,4,2
154197,154202,154203,1,5
154197,154202,154203,1,5
154197,154197,154204,7,0
154197,154202,154203,1,5
154197,154203,154204,1,6
154197,154203,154204,1,6
154197,154203,154204,1,6
154197,154199,154204,5,2
154197,154203,154204,1,6
154197,154204,154205,1,7
154204,154204,154205,1,0
154197,154197,154205,8,0
154197,154198,154205,7,1
154197,154204,154205,1,7
154197,154204,154205,1,7
154197,154204,154205,1,7
154204,154205,154206,1,1
154197,154204,154205,1,7
154197,154197,154206,9,0
154204,154204,154206,2,0
154197,154197,154206,9,0
154197,154197,154206,9,0
154197,154203,154206,3,6
154197,154203,154207,4,6
154197,154199,154206,7,2
154204,154205,154206,1,1
154197,154197,154207,10,0
154197,154203,154207,4,6
154204,154205,154207,2,1
154204,154206,154207,1,2
154204,154206,154207,1,2
154204,154206,154208,2,2
154204,154206,154207,1,2
154204,154206,154207,1,2
154204,154206,154207,1,2
154204,154207,154208,1,3
154204,154207,154208,1,3
154204,154205,154208,3,1
154204,154205,154208,3,1
154204,154206,154208,2,2
154204,154206,154208,2,2
154197,154197,154208,11,0
154197,154197,154208,11,0
154204,154205,154208,3,1
154204,154208,154209,1,4
154204,154208,154209,1,4
154204,154208,154209,1,4
154204,154208,154209,1,4
154204,154208,154209,1,4
154204,154208,154209,1,4
154204,154208,154209,1,4
154204,154205,154210,5,1
154204,154208,154209,1,4
154204,154208,154209,1,4
154197,154197,154210,13,0
154204,154208,154210,2,4
154197,154197,154210,13,0
154197,154197,154210,13,0
154204,154209,154210,1,5
154204,154206,154211,5,2
154204,154207,154211,4,3
154204,154208,154212,4,4
154204,154210,154211,1,6
154204,154210,154211,1,6
154204,154210,154211,1,6
154204,154210,154211,1,6
154204,154210,154211,1,6
154204,154210,154211,1,6
154204,154209,154211,2,5
154204,154210,154211,1,6
154204,154211,154212,1,7
154204,154207,154212,5,3
154204,154207,154212,5,3
154208,154212,154213,1,4
154204,154209,154213,4,5
154204,154212,154213,1,8
154204,154209,154212,3,5
154204,154211,154212,1,7
154204,154208,154213,5,4
154204,154212,154213,1,8
154208,154212,154213,1,4
154208,154212,154213,1,4
154208,154212,154213,1,4
154204,154208,154214,6,4
154208,154212,154215,3,4
154208,154213,154214,1,5
154208,154213,154215,2,5
154204,154208,154215,7,4
154208,154214,154215,1,6
154208,154214,154215,1,6
154208,154214,154216,2,6
154208,154214,154216,2,6
154208,154214,154215,1,6
154204,154209,154216,7,5
154208,154213,154216,3,5
154208,154213,154217,4,5
154208,154213,154217,4,5
154208,154215,154217,2,7
154208,154215,154216,1,7
154208,154215,154216,1,7
154208,154213,154217,4,5
154208,154216,154217,1,8
154208,154216,154217,1,8
154204,154212,154217,5,8
154204,154207,154217,10,3
154208,154216,154217,1,8
154208,154216,154217,1,8
154208,154216,154217,1,8
154208,154216,154217,1,8
154208,154217,154218,1,9
154204,154212,154218,6,8
154208,154217,154219,2,9
154197,154197,154219,22,0
154197,154197,154219,22,0
154204,154212,154219,7,8
154208,154217,154219,2,9
154208,154213,154222,9,5
154197,154197,154223,26,0
154204,154211,154225,14,7
154197,154197,154225,28,0
154204,154209,154225,16,5
154204,154211,154225,14,7
154197,154197,154227,30,0
154208,154215,154230,15,7
154208,154213,154231,18,5
154197,154197,154231,34,0
154204,154207,154233,26,3
154204,154211,154235,24,7
154197,154197,154237,40,0
154197,154197,154237,40,0
154198,154204,154347,143,6
154209,154217,154381,164,8
154205,154212,154382,170,7
154461,154461,154462,1,0
154461,154461,154462,1,0
154461,154461,154462,1,0
154461,154461,154463,2,0
154461,154461,154462,1,0
154461,154461,154462,1,0
154461,154461,154462,1,0
154461,154461,154462,1,0
154461,154461,154462,1,0
154461,154461,154463,2,0
154461,154461,154464,3,0
154461,154461,154464,3,0
154461,154461,154463,2,0
154461,154461,154465,4,0
154461,154461,154464,3,0
154461,154461,154464,3,0
154461,154461,154465,4,0
154461,154461,154464,3,0
154461,154461,154464,3,0
154461,154461,154465,4,0
154461,154461,154465,4,0
154461,154461,154466,5,0
154461,154461,154468,7,0
154461,154461,154469,8,0
154461,154461,154471,10,0
154461,154461,154474,13,0
154461,154461,154476,15,0
154461,154461,154476,15,0
154461,154461,154477,16,0
154461,154461,154481,20,0
154461,154461,154485,24,0
154592,154592,154593,1,0
154592,154592,154593,1,0
154592,154592,154593,1,0
154592,154592,154594,2,0
154592,154592,154593,1,0
154592,154592,154593,1,0
154592,154592,154593,1,0
154592,154592,154594,2,0
154592,154592,154594,2,0
154592,154592,154596,4,0
154592,154592,154595,3,0
154592,154592,154595,3,0
154592,154592,154595,3,0
154592,154592,154595,3,0
154592,154592,154595,3,0
154592,154592,154595,3,0
154592,154592,154596,4,0
154592,154592,154596,4,0
154596,154596,154597,1,0
154596,154596,154597,1,0
154596,154596,154597,1,0
154596,154597,154598,1,1
154596,154596,154598,2,0
154596,154596,154598,2,0
154596,154596,154598,2,0
154596,154597,154598,1,1
154596,154596,154597,1,0
154596,154596,154598,2,0
154592,154592,154599,7,0
154596,154596,154599,3,0
154596,154596,154599,3,0
154596,154598,154599,1,2
154596,154597,154599,2,1
154596,154598,154599,1,2
154596,154596,154599,3,0
154596,154596,154600,4,0
154596,154596,154600,4,0
154596,154596,154600,4,0
154596,154596,154600,4,0
154596,154598,154600,2,2
154596,154599,154600,1,3
154596,154596,154600,4,0
154596,154598,154600,2,2
154596,154598,154600,2,2
154596,154596,154600,4,0
154592,154592,154601,9,0
154592,154592,154601,9,0
154596,154596,154603,7,0
154592,154592,154603,11,0
154592,154592,154605,13,0
154592,154592,154606,14,0
154596,154596,154606,10,0
154592,154592,154608,16,0
154592,154592,154609,17,0
154592,154592,154610,18,0
154592,154592,154610,18,0
154596,154596,154611,15,0
154592,154592,154613,21,0
154592,154592,154616,24,0
154592,154592,154617,25,0
154596,154596,154617,21,0
154583,154583,154732,149,0
154600,154600,154792,192,0
154846,154846,154847,1,0
154846,154846,154848,2,0
154846,154846,154847,1,0
154846,154846,154847,1,0
154846,154846,154847,1,0
154846,154846,154847,1,0
154846,154846,154847,1,0
154846,154846,154847,1,0
154846,154846,154847,1,0
154846,154846,154847,1,0
154846,154846,154847,1,0
154846,154846,154847,1,0
154846,154846,154847,1,0
154846,154846,154848,2,0
154846,154846,154847,1,0
154846,154846,154847,1,0
154846,154846,154849,3,0
154846,154846,154849,3,0
154846,154848,154849,1,2
154846,154846,154850,4,0
154846,154846,154849,3,0
154846,154848,154849,1,2
154846,154848,154849,1,2
154846,154848,154849,1,2
154846,154848,154849,1,2
154846,154848,154850,2,2
154846,154848,154850,2,2
154846,154848,154849,1,2
154846,154849,154850,1,3
154846,154846,154850,4,0
154846,154846,154850,4,0
154846,154846,154851,5,0
154846,154846,154850,4,0
154846,154846,154851,5,0
154846,154846,154851,5,0
154846,154848,154850,2,2
154846,154848,154851,3,2
154846,154848,154851,3,2
154846,154850,154851,1,4
154846,154850,154851,1,4
154846,154850,154851,1,4
154846,154850,154851,1,4
154846,154849,154852,3,3
154846,154848,154851,3,2
154846,154848,154851,3,2
154846,154850,154851,1,4
154846,154848,154852,4,2
154846,154850,154851,1,4
154846,154848,154851,3,2
154846,154850,154851,1,4
154846,154846,154853,7,0
154846,154846,154853,7,0
154846,154849,154853,4,3
154846,154850,154853,3,4
154846,154850,154853,3,4
154846,154848,154853,5,2
154851,154852,154853,1,1
154851,154852,154853,1,1
154851,154851,154854,3,0
154851,154852,154853,1,1
154851,154852,154853,1,1
154851,154852,154853,1,1
154851,154853,154854,1,2
154851,154851,154854,3,0
154851,154851,154853,2,0
154851,154853,154854,1,2
154851,154851,154854,3,0
154851,154851,154854,3,0
154851,154852,154853,1,1
154851,154852,154853,1,1
154851,154851,154854,3,0
154851,154851,154855,4,0
154851,154854,154855,1,3
154851,154851,154855,4,0
154851,154853,154854,1,2
154851,154851,154855,4,0
154851,154851,154854,3,0
154851,154851,154856,5,0
154851,154853,154856,3,2
154851,154853,154855,2,2
154851,154851,154856,5,0
154851,154853,154856,3,2
154851,154852,154857,5,1
154851,154854,154856,2,3
154851,154851,154857,6,0
154851,154853,154859,6,2
154851,154853,154860,7,2
154846,154846,154861,15,0
154846,154846,154861,15,0
154846,154846,154865,19,0
154846,154846,154864,18,0
154846,154846,154865,19,0
154597,154599,154866,267,2
154846,154846,154867,21,0
154592,154592,154885,293,0
154976,154976,154978,2,0
154976,154976,154977,1,0
154976,154976,154978,2,0
154976,154976,154977,1,0
154976,154976,154979,3,0
154976,154976,154978,2,0
154976,154976,154979,3,0
154976,154976,154979,3,0
154976,154976,154979,3,0
154976,154976,154979,3,0
154976,154976,154979,3,0
154976,154976,154979,3,0
154976,154976,154980,4,0
154976,154976,154979,3,0
154976,154976,154980,4,0
154976,154976,154981,5,0
154976,154976,154980,4,0
154976,154976,154982,6,0
154976,154976,154982,6,0
154976,154976,154982,6,0
154976,154976,154982,6,0
154976,154976,154982,6,0
154976,154976,154982,6,0
154976,154976,154983,7,0
154976,154976,154985,9,0
154846,154850,154991,141,4
154976,154976,154993,17,0
154976,154976,154995,19,0
154976,154976,154995,19,0
154976,154976,154995,19,0
154976,154976,154997,21,0
154976,154976,154997,21,0
154851,154854,155026,172,3
155105,155105,155106,1,0
155105,155105,155106,1,0
155105,155105,155106,1,0
155105,155105,155106,1,0
155105,155105,155106,1,0
155105,155105,155106,1,0
155105,155105,155106,1,0
155105,155105,155106,1,0
155105,155105,155106,1,0
155105,155105,155106,1,0
155105,155105,155106,1,0
155105,155105,155106,1,0
155105,155105,155106,1,0
155105,155105,155106,1,0
155105,155105,155106,1,0
155105,155105,155107,2,0
155105,155105,155107,2,0
155108,155108,155109,1,0
155108,155108,155109,1,0
155108,155108,155109,1,0
155108,155108,155109,1,0
155105,155105,155108,3,0
155105,155105,155109,4,0
155105,155105,155108,3,0
155105,155105,155108,3,0
155105,155105,155108,3,0
155108,155108,155109,1,0
155108,155109,155110,1,1
155108,155108,155109,1,0
155108,155109,155110,1,1
155108,155108,155109,1,0
155108,155108,155109,1,0
155108,155109,155110,1,1
155105,155105,155109,4,0
155108,155110,155111,1,2
155108,155110,155111,1,2
155108,155108,155110,2,0
155108,155108,155110,2,0
155108,155109,155110,1,1
155108,155108,155110,2,0
155108,155110,155111,1,2
155108,155108,155111,3,0
155105,155105,155111,6,0
155108,155108,155111,3,0
155108,155108,155111,3,0
155108,155108,155111,3,0
155108,155109,155111,2,1
155108,155109,155112,3,1
155108,155109,155112,3,1
155108,155108,155112,4,0
155108,155109,155112,3,1
155108,155109,155112,3,1
155105,155105,155113,8,0
155105,155105,155114,9,0
155108,155108,155118,10,0
154980,154980,155121,141,0
155105,155105,155123,18,0
155105,155105,155122,17,0
155105,155105,155122,17,0
155108,155108,155123,15,0
155105,155105,155125,20,0
155105,155105,155142,37,0
155108,155108,155143,35,0
155230,155230,155231,1,0
155230,155230,155231,1,0
155230,155230,155232,2,0
155230,155230,155231,1,0
155230,155230,155231,1,0
155230,155230,155231,1,0
155230,155230,155231,1,0
155230,155230,155231,1,0
155230,155230,155232,2,0
155230,155230,155231,1,0
155230,155230,155231,1,0
155230,155230,155232,2,0
155230,155230,155231,1,0
155230,155230,155231,1,0
155230,155230,155231,1,0
155230,155230,155231,1,0
155230,155230,155232,2,0
155230,155230,155233,3,0
155233,155233,155234,1,0
155233,155233,155234,1,0
155230,155230,155234,4,0
155230,155230,155234,4,0
155230,155230,155233,3,0
155230,155230,155234,4,0
155230,155230,155234,4,0
155230,155230,155234,4,0
155230,155230,155234,4,0
155233,155233,155234,1,0
155233,155233,155235,2,0
155230,155230,155235,5,0
155233,155234,155236,2,1
155230,155230,155236,6,0
155233,155234,155236,2,1
155233,155235,155236,1,2
155233,155233,155237,4,0
155233,155235,155236,1,2
155233,155234,155237,3,1
155233,155233,155238,5,0
155233,155234,155237,3,1
155233,155234,155238,4,1
155233,155234,155238,4,1
155233,155234,155238,4,1
155233,155234,155238,4,1
155233,155234,155238,4,1
155233,155233,155238,5,0
155233,155233,155239,6,0
155230,155230,155239,9,0
155230,155230,155238,8,0
155233,155233,155239,6,0
155233,155233,155239,6,0
155233,155233,155239,6,0
155233,155233,155238,5,0
155233,155233,155239,6,0
155233,155233,155239,6,0
155233,155233,155241,8,0
155233,155233,155241,8,0
155233,155233,155246,13,0
155230,155230,155250,20,0
155233,155233,155255,22,0
155233,155233,155257,24,0
155233,155233,155258,25,0
155230,155230,155280,50,0
154976,154976,155299,323,0
155360,155361,155362,1,1
155360,155361,155362,1,1
155360,155361,155362,1,1
155360,155361,155362,1,1
155360,155361,155362,1,1
155360,155361,155362,1,1
155360,155361,155362,1,1
155360,155361,155362,1,1
155360,155361,155362,1,1
155360,155361,155362,1,1
155360,155361,155362,1,1
155360,155361,155362,1,1
155360,155361,155362,1,1
155360,155361,155363,2,1
155360,155361,155363,2,1
155360,155361,155363,2,1
155360,155361,155363,2,1
155360,155361,155363,2,1
155360,155361,155363,2,1
155360,155361,155363,2,1
155360,155361,155363,2,1
155360,155361,155363,2,1
155360,155361,155363,2,1
155364,155364,155366,2,0
155364,155364,155366,2,0
155364,155364,155366,2,0
155364,155364,155366,2,0
155364,155364,155368,4,0
155364,155364,155368,4,0
155364,155366,155368,2,2
155364,155366,155368,2,2
155364,155366,155368,2,2
155364,155364,155369,5,0
155364,155366,155369,3,2
155364,155364,155369,5,0
155364,155364,155369,5,0
155364,155364,155370,6,0
155364,155364,155370,6,0
155364,155364,155370,6,0
155364,155364,155370,6,0
155364,155369,155370,1,5
155364,155369,155370,1,5
155364,155364,155371,7,0
155364,155368,155371,3,4
155364,155364,155371,7,0
155364,155364,155371,7,0
155364,155368,155371,3,4
155360,155361,155371,10,1
155360,155361,155371,10,1
155364,155364,155371,7,0
155364,155364,155372,8,0
155364,155364,155371,7,0
155364,155364,155372,8,0
155364,155364,155372,8,0
155364,155364,155373,9,0
155360,155361,155375,14,1
155360,155361,155375,14,1
155105,155105,155376,271,0
155360,155361,155378,17,1
155360,155361,155379,18,1
155360,155361,155380,19,1
155237,155237,155397,160,0
155238,155238,155399,161,0
155360,155361,155400,39,1
155230,155230,155462,232,0
155496,155496,155498,2,0
155496,155496,155498,2,0
155496,155496,155498,2,0
155496,155496,155499,3,0
155496,155496,155500,4,0
155496,155498,155500,2,2
155496,155498,155500,2,2
155496,155496,155500,4,0
155496,155498,155499,1,2
155496,155496,155500,4,0
155496,155497,155501,4,1
155496,155496,155502,6,0
155496,155496,155502,6,0
155496,155496,155501,5,0
155496,155496,155502,6,0
155496,155496,155503,7,0
155496,155496,155503,7,0
155496,155496,155503,7,0
155496,155496,155503,7,0
155496,155496,155504,8,0
155496,155496,155504,8,0
155496,155496,155504,8,0
155496,155496,155504,8,0
155496,155499,155505,6,3
155496,155504,155506,2,8
155496,155504,155506,2,8
155496,155505,155506,1,9
155496,155503,155506,3,7
155496,155505,155506,1,9
155496,155496,155506,10,0
155496,155502,155507,5,6
155496,155503,155507,4,7
155496,155500,155507,7,4
155496,155504,155507,3,8
155496,155500,155507,7,4
155496,155502,155507,5,6
155496,155500,155507,7,4
155496,155506,155507,1,10
155496,155496,155508,12,0
155496,155507,155508,1,11
155496,155507,155508,1,11
155496,155507,155508,1,11
155496,155507,155508,1,11
155496,155507,155508,1,11
155496,155496,155508,12,0
155496,155500,155509,9,4
155496,155503,155509,6,7
155496,155503,155509,6,7
155496,155496,155509,13,0
155496,155509,155510,1,13
155496,155500,155510,10,4
155496,155501,155510,9,5
155496,155502,155510,8,6
155502,155510,155511,1,8
155502,155510,155512,2,8
155502,155510,155511,1,8
155496,155496,155511,15,0
155496,155501,155512,11,5
155502,155511,155513,2,9
155502,155511,155513,2,9
155502,155511,155513,2,9
155502,155511,155513,2,9
155502,155512,155514,2,10
155502,155512,155513,1,10
155502,155511,155514,3,9
155502,155513,155514,1,11
155502,155510,155515,5,8
155502,155512,155514,2,10
155496,155496,155515,19,0
155233,155235,155515,280,2
155496,155496,155515,19,0
155502,155514,155515,1,12
155502,155514,155515,1,12
155502,155514,155515,1,12
155502,155510,155516,6,8
155502,155514,155515,1,12
155502,155510,155515,5,8
155502,155511,155516,5,9
155502,155513,155516,3,11
155502,155511,155517,6,9
155502,155511,155517,6,9
155502,155510,155517,7,8
155502,155510,155517,7,8
155502,155510,155518,8,8
155502,155510,155519,9,8
155502,155510,155521,11,8
155371,155371,155522,151,0
155496,155496,155524,28,0
155496,155496,155525,29,0
155496,155507,155525,18,11
155496,155496,155532,36,0
155502,155513,155534,21,11
155502,155510,155534,24,8
155496,155496,155535,39,0
155361,155363,155536,173,2
155502,155510,155543,33,8
155496,155496,155547,51,0
155365,155369,155614,245,4
155626,155626,155627,1,0
155626,155626,155627,1,0
155626,155626,155627,1,0
155626,155626,155627,1,0
155626,155626,155628,2,0
155626,155626,155628,2,0
155626,155626,155628,2,0
155626,155626,155628,2,0
155626,155626,155627,1,0
155626,155626,155627,1,0
155626,155626,155627,1,0
155626,155626,155628,2,0
155626,155626,155629,3,0
155626,155626,155634,8,0
155626,155626,155634,8,0
155632,155632,155634,2,0
155632,155632,155634,2,0
155632,155632,155634,2,0
155632,155632,155634,2,0
155626,155626,155634,8,0
155626,155626,155635,9,0
155626,155626,155635,9,0
155626,155626,155635,9,0
155626,155626,155636,10,0
155632,155634,155637,3,2
155632,155634,155637,3,2
155632,155632,155638,6,0
155626,155626,155638,12,0
155626,155626,155638,12,0
155632,155632,155638,6,0
155632,155632,155638,6,0
155632,155634,155637,3,2
155626,155626,155638,12,0
155626,155626,155638,12,0
155632,155634,155639,5,2
155632,155632,155639,7,0
155632,155638,155639,1,6
155632,155632,155639,7,0
155632,155638,155639,1,6
155632,155635,155639,4,3
155632,155632,155640,8,0
155632,155638,155640,2,6
155632,155632,155640,8,0
155632,155638,155640,2,6
155632,155639,155640,1,7
155632,155632,155640,8,0
155632,155639,155640,1,7
155632,155636,155640,4,4
155632,155632,155641,9,0
155632,155636,155641,5,4
155626,155626,155644,18,0
155632,155642,155644,2,10
155632,155641,155645,4,9
155632,155641,155644,3,9
155626,155626,155645,19,0
155632,155640,155645,5,8
155632,155640,155645,5,8
155632,155641,155645,4,9
155632,155640,155645,5,8
155632,155640,155645,5,8
155626,155626,155646,20,0
155632,155640,155646,6,8
155632,155641,155646,5,9
155632,155645,155647,2,13
155632,155645,155646,1,13
155632,155632,155647,15,0
155632,155634,155646,12,2
155632,155645,155647,2,13
155632,155641,155647,6,9
155632,155641,155647,6,9
155632,155646,155647,1,14
155632,155646,155647,1,14
155632,155646,155647,1,14
155632,155646,155647,1,14
155632,155646,155647,1,14
155632,155634,155648,14,2
155632,155645,155648,3,13
155632,155640,155648,8,8
155632,155640,155648,8,8
155632,155639,155649,10,7
155632,155640,155649,9,8
155632,155638,155650,12,6
155632,155636,155652,16,4
155632,155636,155652,16,4
155497,155510,155652,142,13
155632,155644,155654,10,12
155632,155639,155654,15,7
155632,155642,155656,14,10
155626,155626,155657,31,0
155626,155626,155659,33,0
155626,155626,155666,40,0
155632,155647,155668,21,15
155632,155638,155679,41,6
155626,155626,155683,57,0
155502,155514,155683,169,12
155503,155515,155689,174,12
155762,155762,155763,1,0
155762,155762,155763,1,0
155762,155762,155763,1,0
155762,155762,155764,2,0
155762,155762,155767,5,0
155762,155762,155767,5,0
155762,155762,155768,6,0
155762,155762,155767,5,0
155762,155762,155767,5,0
155762,155762,155768,6,0
155762,155762,155768,6,0
155762,155762,155768,6,0
155762,155762,155768,6,0
155762,155762,155768,6,0
155762,155764,155769,5,2
155762,155762,155769,7,0
155762,155762,155769,7,0
155762,155762,155769,7,0
155762,155762,155769,7,0
155762,155764,155769,5,2
155762,155762,155770,8,0
155762,155764,155770,6,2
155762,155762,155770,8,0
155762,155765,155771,6,3
155762,155762,155771,9,0
155762,155762,155771,9,0
155762,155770,155772,2,8
155762,155770,155771,1,8
155762,155768,155771,3,6
155762,155770,155771,1,8
155762,155770,155772,2,8
155762,155768,155772,4,6
155762,155768,155771,3,6
155762,155769,155772,3,7
155762,155762,155773,11,0
155762,155762,155772,10,0
155762,155767,155772,5,5
155762,155768,155773,5,6
155762,155770,155772,2,8
155762,155770,155772,2,8
155762,155767,155773,6,5
155762,155771,155773,2,9
155762,155762,155773,11,0
155762,155762,155774,12,0
155762,155762,155774,12,0
155762,155768,155774,6,6
155762,155768,155773,5,6
155762,155772,155773,1,10
155762,155770,155775,5,8
155762,155762,155774,12,0
155762,155768,155779,11,6
155762,155771,155779,8,9
155762,155762,155778,16,0
155762,155768,155780,12,6
155762,155772,155780,8,10
155762,155762,155782,20,0
155762,155762,155792,30,0
155762,155762,155792,30,0
155762,155762,155793,31,0
155762,155772,155793,21,10
155762,155762,155793,31,0
155762,155762,155799,37,0
155891,155891,155892,1,0
155891,155891,155892,1,0
155891,155891,155893,2,0
155891,155891,155892,1,0
155891,155891,155894,3,0
155891,155891,155895,4,0
155891,155891,155895,4,0
155891,155891,155895,4,0
155891,155891,155895,4,0
155891,155891,155896,5,0
155891,155891,155896,5,0
155891,155891,155896,5,0
155891,155891,155896,5,0
155891,155891,155896,5,0
155891,155891,155896,5,0
155891,155891,155897,6,0
155891,155891,155898,7,0
155891,155891,155898,7,0
155891,155891,155900,9,0
155891,155891,155902,11,0
155891,155891,155902,11,0
155891,155891,155903,12,0
155891,155891,155907,16,0
155891,155891,155907,16,0
155891,155891,155910,19,0
155891,155891,155910,19,0
155891,155891,155910,19,0
155891,155891,155911,20,0
155891,155891,155911,20,0
155891,155891,155920,29,0
155891,155891,155926,35,0
155626,155627,155968,341,1
156020,156020,156022,2,0
156020,156020,156022,2,0
156020,156020,156022,2,0
156020,156020,156022,2,0
156020,156020,156023,3,0
156020,156020,156024,4,0
156020,156020,156025,5,0
156020,156020,156026,6,0
156020,156020,156026,6,0
156020,156020,156026,6,0
156020,156020,156026,6,0
156020,156020,156027,7,0
156020,156020,156027,7,0
156020,156020,156027,7,0
156020,156020,156028,8,0
156020,156020,156028,8,0
156020,156020,156028,8,0
156020,156020,156029,9,0
156020,156020,156031,11,0
156020,156020,156031,11,0
156020,156020,156031,11,0
156020,156020,156031,11,0
156020,156020,156032,12,0
156020,156020,156033,13,0
156020,156020,156035,15,0
156020,156020,156038,18,0
156020,156020,156039,19,0
156020,156020,156052,32,0
156020,156020,156053,33,0
156020,156020,156067,47,0
156020,156020,156069,49,0
156146,156146,156147,1,0
156146,156146,156147,1,0
156146,156146,156147,1,0
156146,156146,156147,1,0
156146,156146,156147,1,0
156146,156146,156147,1,0
156146,156146,156147,1,0
156146,156146,156147,1,0
156146,156146,156147,1,0
156146,156146,156147,1,0
156146,156146,156147,1,0
156146,156146,156147,1,0
156146,156146,156147,1,0
156146,156146,156148,2,0
156146,156146,156149,3,0
156146,156146,156149,3,0
156146,156146,156155,9,0
156146,156146,156155,9,0
156146,156146,156155,9,0
156146,156146,156156,10,0
156146,156146,156156,10,0
156146,156146,156158,12,0
156146,156146,156161,15,0
156146,156146,156162,16,0
156146,156146,156165,19,0
156013,156013,156167,154,0
156146,156146,156169,23,0
156146,156146,156172,26,0
156146,156146,156173,27,0
156146,156146,156180,34,0
156146,156146,156184,38,0
156278,156279,156280,1,1
156278,156279,156280,1,1
156278,156279,156280,1,1
156278,156279,156281,2,1
156278,156279,156280,1,1
156278,156279,156280,1,1
156278,156279,156280,1,1
156278,156279,156280,1,1
156278,156279,156281,2,1
156278,156279,156281,2,1
156278,156279,156281,2,1
156278,156279,156281,2,1
156278,156279,156281,2,1
156278,156281,156282,1,3
156278,156279,156281,2,1
156278,156279,156286,7,1
156278,156279,156285,6,1
156278,156279,156290,11,1
156278,156279,156290,11,1
156278,156279,156290,11,1
156278,156279,156290,11,1
156278,156279,156290,11,1
156278,156279,156290,11,1
156278,156279,156291,12,1
156278,156279,156297,18,1
156278,156279,156297,18,1
156278,156279,156297,18,1
156278,156279,156297,18,1
156278,156279,156297,18,1
156278,156279,156301,22,1
156148,156148,156307,159,0
156156,156156,156314,158,0
156154,156154,156318,164,0
156020,156021,156321,300,1
156278,156279,156322,43,1
156155,156155,156325,170,0
156146,156146,156402,256,0
156404,156404,156406,2,0
156404,156404,156405,1,0
156404,156404,156405,1,0
156404,156404,156406,2,0
156404,156404,156407,3,0
156404,156404,156406,2,0
156404,156404,156406,2,0
156404,156404,156406,2,0
156404,156404,156407,3,0
156404,156404,156408,4,0
156404,156404,156407,3,0
156404,156406,156408,2,2
156404,156404,156408,4,0
156404,156404,156409,5,0
156404,156404,156410,6,0
156404,156406,156410,4,2
156404,156404,156411,7,0
156404,156404,156411,7,0
156404,156404,156411,7,0
156404,156404,156411,7,0
156404,156404,156411,7,0
156404,156404,156412,8,0
156404,156409,156412,3,5
156404,156406,156413,7,2
156404,156404,156413,9,0
156404,156404,156413,9,0
156404,156410,156413,3,6
156404,156411,156413,2,7
156404,156412,156414,2,8
156404,156412,156413,1,8
156404,156407,156413,6,3
156404,156407,156413,6,3
156404,156411,156413,2,7
156404,156412,156413,1,8
156404,156404,156414,10,0
156404,156404,156415,11,0
156404,156409,156414,5,5
156404,156411,156414,3,7
156404,156407,156414,7,3
156404,156412,156414,2,8
156404,156407,156414,7,3
156404,156413,156414,1,9
156404,156413,156414,1,9
156404,156414,156415,1,10
156404,156404,156415,11,0
156404,156414,156415,1,10
156404,156408,156416,8,4
156404,156404,156415,11,0
156404,156414,156416,2,10
156404,156413,156416,3,9
156404,156407,156416,9,3
156404,156404,156417,13,0
156404,156407,156417,10,3
156404,156404,156417,13,0
156404,156404,156417,13,0
156404,156404,156418,14,0
156404,156404,156419,15,0
156404,156408,156418,10,4
156404,156404,156421,17,0
156404,156414,156428,14,10
156404,156404,156429,25,0
156404,156404,156429,25,0
156279,156281,156449,168,2
156282,156282,156451,169,0
156531,156531,156532,1,0
156531,156531,156532,1,0
156531,156531,156532,1,0
156531,156531,156533,2,0
156531,156531,156533,2,0
156531,156531,156534,3,0
156531,156531,156535,4,0
156531,156531,156536,5,0
156531,156531,156536,5,0
156531,156531,156537,6,0
156531,156531,156537,6,0
156531,156531,156537,6,0
156531,156531,156537,6,0
156531,156531,156536,5,0
156531,156531,156537,6,0
156531,156531,156537,6,0
156531,156531,156537,6,0
156531,156531,156538,7,0
156531,156531,156539,8,0
156531,156531,156540,9,0
156531,156531,156541,10,0
156531,156531,156542,11,0
156531,156531,156541,10,0
156531,156531,156545,14,0
156531,156531,156544,13,0
156531,156531,156544,13,0
156531,156531,156546,15,0
156531,156531,156547,16,0
156531,156531,156546,15,0
156531,156531,156548,17,0
156531,156531,156563,32,0
156404,156414,156572,158,10
156653,156653,156655,2,0
156653,156653,156654,1,0
156653,156653,156655,2,0
156653,156653,156655,2,0
156653,156653,156656,3,0
156653,156653,156656,3,0
156653,156653,156656,3,0
156653,156653,156657,4,0
156653,156653,156657,4,0
156653,156653,156657,4,0
156653,156653,156658,5,0
156653,156653,156658,5,0
156653,156653,156658,5,0
156653,156653,156657,4,0
156653,156653,156659,6,0
156653,156653,156659,6,0
156653,156653,156659,6,0
156653,156653,156660,7,0
156653,156653,156661,8,0
156653,156653,156661,8,0
156653,156653,156661,8,0
156653,156653,156663,10,0
156653,156653,156663,10,0
156653,156653,156664,11,0
156653,156653,156664,11,0
156653,156653,156664,11,0
156653,156653,156664,11,0
156653,156653,156666,13,0
156653,156653,156671,18,0
156653,156653,156682,29,0
156653,156653,156689,36,0
156782,156782,156783,1,0
156782,156782,156783,1,0
156782,156782,156784,2,0
156782,156782,156783,1,0
156782,156782,156785,3,0
156782,156782,156786,4,0
156782,156782,156786,4,0
156782,156782,156786,4,0
156782,156782,156786,4,0
156782,156782,156787,5,0
156782,156782,156787,5,0
156782,156782,156787,5,0
156782,156782,156787,5,0
156782,156782,156788,6,0
156782,156782,156788,6,0
156782,156782,156788,6,0
156782,156782,156789,7,0
156782,156784,156789,5,2
156782,156782,156789,7,0
156782,156782,156790,8,0
156782,156782,156790,8,0
156782,156782,156789,7,0
156782,156782,156789,7,0
156782,156784,156790,6,2
156782,156784,156790,6,2
156782,156782,156791,9,0
156782,156784,156791,7,2
156782,156782,156791,9,0
156782,156788,156791,3,6
156782,156789,156791,2,7
156782,156786,156791,5,4
156782,156787,156791,4,5
156782,156786,156791,5,4
156782,156789,156791,2,7
156782,156790,156792,2,8
156782,156790,156792,2,8
156782,156791,156792,1,9
156782,156790,156792,2,8
156788,156791,156792,1,3
156782,156790,156792,2,8
156782,156790,156792,2,8
156782,156790,156792,2,8
156782,156786,156793,7,4
156782,156785,156793,8,3
156788,156791,156792,1,3
156782,156787,156793,6,5
156788,156791,156793,2,3
156788,156791,156793,2,3
156782,156782,156794,12,0
156782,156782,156794,12,0
156782,156782,156794,12,0
156782,156789,156794,5,7
156782,156789,156794,5,7
156782,156788,156794,6,6
156782,156782,156795,13,0
156782,156788,156795,7,6
156782,156782,156795,13,0
156782,156782,156795,13,0
156788,156791,156795,4,3
156788,156794,156796,2,6
156788,156794,156796,2,6
156788,156794,156796,2,6
156782,156782,156797,15,0
156782,156786,156797,11,4
156788,156793,156797,4,5
156788,156792,156797,5,4
156788,156794,156797,3,6
156788,156794,156797,3,6
156788,156791,156797,6,3
156788,156796,156797,1,8
156782,156782,156798,16,0
156782,156787,156798,11,5
156788,156794,156798,4,6
156788,156794,156798,4,6
156788,156794,156798,4,6
156788,156793,156798,5,5
156788,156793,156799,6,5
156782,156791,156799,8,9
156788,156795,156799,4,7
156788,156792,156800,8,4
156788,156792,156800,8,4
156788,156792,156800,8,4
156788,156793,156800,7,5
156788,156793,156800,7,5
156788,156794,156802,8,6
156788,156794,156804,10,6
156788,156794,156804,10,6
156788,156795,156805,10,7
156788,156796,156807,11,8
156782,156782,156810,28,0
156788,156796,156814,18,8
156782,156782,156821,39,0
156782,156782,156832,50,0
156788,156797,156948,151,9
156791,156797,156959,162,6
156653,156653,157008,355,0
156782,156791,157058,267,9
157164,157164,157165,1,0
157164,157164,157165,1,0
157164,157164,157165,1,0
157164,157164,157166,2,0
157164,157164,157167,3,0
157164,157164,157166,2,0
157164,157164,157166,2,0
157164,157164,157168,4,0
157164,157164,157168,4,0
157164,157164,157168,4,0
157164,157164,157167,3,0
157164,157164,157167,3,0
157164,157164,157169,5,0
157164,157164,157169,5,0
157164,157164,157170,6,0
157164,157164,157169,5,0
157169,157169,157171,2,0
157164,157164,157170,6,0
157169,157169,157171,2,0
157164,157164,157171,7,0
157169,157169,157171,2,0
157169,157169,157171,2,0
157164,157164,157172,8,0
157169,157169,157173,4,0
157169,157171,157173,2,2
157169,157172,157173,1,3
157169,157172,157173,1,3
157169,157172,157173,1,3
157164,157166,157174,8,2
157164,157164,157174,10,0
157164,157164,157174,10,0
157169,157169,157174,5,0
157169,157172,157174,2,3
157169,157173,157174,1,4
157169,157172,157174,2,3
157169,157172,157174,2,3
157169,157171,157174,3,2
157164,157164,157175,11,0
157164,157164,157175,11,0
157169,157169,157175,6,0
157169,157174,157175,1,5
157169,157174,157175,1,5
157169,157174,157175,1,5
157169,157174,157175,1,5
157169,157174,157175,1,5
157169,157169,157176,7,0
157169,157170,157176,6,1
157169,157169,157176,7,0
157169,157169,157176,7,0
157164,157164,157177,13,0
157169,157169,157177,8,0
157164,157164,157177,13,0
157164,157167,157177,10,3
157164,157164,157178,14,0
157164,157164,157179,15,0
157169,157169,157180,11,0
157169,157169,157180,11,0
157169,157174,157182,8,5
157169,157169,157182,13,0
157164,157164,157199,35,0
157164,157164,157213,49,0
157164,157164,157216,52,0
157164,157164,157217,53,0
157169,157169,157219,50,0
157296,157296,157297,1,0
157296,157296,157298,2,0
157296,157296,157297,1,0
157296,157296,157297,1,0
157296,157296,157298,2,0
157296,157296,157299,3,0
157296,157296,157299,3,0
157296,157296,157299,3,0
157296,157296,157301,5,0
157296,157296,157300,4,0
157296,157296,157301,5,0
157296,157296,157300,4,0
157296,157296,157301,5,0
157296,157296,157301,5,0
157296,157296,157301,5,0
157296,157296,157302,6,0
157296,157296,157301,5,0
157296,157296,157302,6,0
157296,157296,157304,8,0
157296,157296,157306,10,0
157296,157296,157306,10,0
157296,157296,157306,10,0
157296,157296,157306,10,0
157296,157296,157306,10,0
157296,157299,157306,7,3
157296,157296,157307,11,0
157296,157296,157309,13,0
157296,157296,157310,14,0
157296,157296,157313,17,0
157296,157296,157315,19,0
157296,157296,157316,20,0
157296,157296,157320,24,0
157164,157168,157335,167,4
157427,157427,157428,1,0
157427,157427,157428,1,0
157427,157427,157428,1,0
157427,157427,157428,1,0
157427,157427,157428,1,0
157427,157427,157428,1,0
157427,157427,157428,1,0
157427,157427,157428,1,0
157427,157427,157428,1,0
157427,157427,157428,1,0
157427,157427,157428,1,0
157427,157427,157428,1,0
157427,157427,157430,3,0
157427,157427,157430,3,0
157427,157427,157430,3,0
157427,157427,157430,3,0
157427,157427,157433,6,0
157427,157427,157433,6,0
157427,157427,157436,9,0
157427,157427,157437,10,0
157427,157427,157437,10,0
157427,157427,157437,10,0
157427,157427,157437,10,0
157427,157427,157437,10,0
157427,157427,157437,10,0
157427,157427,157437,10,0
157427,157427,157445,18,0
157427,157427,157446,19,0
157427,157427,157447,20,0
157303,157303,157451,148,0
157427,157427,157473,46,0
157427,157427,157473,46,0
157296,157300,157474,174,4
157304,157304,157500,196,0
157549,157549,157550,1,0
157549,157549,157550,1,0
157549,157549,157551,2,0
157549,157549,157550,1,0
157549,157549,157552,3,0
157549,157549,157552,3,0
157549,157549,157553,4,0
157549,157549,157553,4,0
157549,157549,157553,4,0
157549,157549,157552,3,0
157549,157549,157553,4,0
157549,157549,157554,5,0
157549,157549,157554,5,0
157549,157549,157554,5,0
157549,157549,157554,5,0
157549,157549,157555,6,0
157555,157555,157556,1,0
157549,157549,157556,7,0
157549,157549,157556,7,0
157555,157555,157556,1,0
157549,157549,157555,6,0
157555,157555,157556,1,0
157549,157549,157557,8,0
157555,157555,157557,2,0
157555,157556,157558,2,1
157555,157556,157558,2,1
157555,157556,157558,2,1
157555,157555,157558,3,0
157555,157557,157559,2,2
157549,157549,157559,10,0
157555,157556,157559,3,1
157555,157557,157558,1,2
157555,157557,157558,1,2
157555,157555,157559,4,0
157549,157549,157560,11,0
157555,157555,157560,5,0
157555,157558,157559,1,3
157555,157555,157560,5,0
157555,157555,157560,5,0
157555,157555,157559,4,0
157555,157558,157559,1,3
157555,157558,157559,1,3
157555,157555,157561,6,0
157549,157549,157561,12,0
157555,157555,157561,6,0
157555,157555,157561,6,0
157555,157559,157560,1,4
157555,157559,157560,1,4
157555,157555,157561,6,0
157555,157559,157560,1,4
157555,157559,157561,2,4
157555,157562,157563,1,7
157555,157562,157563,1,7
157555,157559,157563,4,4
157555,157559,157564,5,4
157555,157561,157564,3,6
157555,157562,157564,2,7
157555,157562,157564,2,7
157555,157562,157564,2,7
157555,157562,157564,2,7
157555,157555,157565,10,0
157549,157549,157565,16,0
157549,157549,157565,16,0
157555,157556,157565,9,1
157555,157559,157565,6,4
157555,157560,157565,5,5
157555,157561,157565,4,6
157555,157564,157565,1,9
157555,157564,157565,1,9
157555,157565,157566,1,10
157555,157564,157565,1,9
157555,157565,157566,1,10
157555,157560,157566,6,5
157555,157560,157566,6,5
157555,157565,157566,1,10
157555,157564,157567,3,9
157549,157549,157567,18,0
157555,157560,157567,7,5
157555,157561,157567,6,6
157549,157549,157567,18,0
157555,157560,157568,8,5
157555,157560,157568,8,5
157555,157555,157568,13,0
157549,157549,157572,23,0
157555,157561,157574,13,6
157549,157549,157574,25,0
157555,157560,157575,15,5
157549,157549,157576,27,0
157555,157555,157580,25,0
157555,157555,157586,31,0
157555,157555,157589,34,0
157549,157549,157600,51,0
157300,157300,157610,310,0
157680,157680,157681,1,0
157680,157680,157681,1,0
157680,157680,157681,1,0
157680,157680,157681,1,0
157680,157680,157681,1,0
157680,157680,157681,1,0
157680,157680,157681,1,0
157680,157680,157681,1,0
157680,157680,157682,2,0
157680,157680,157681,1,0
157680,157680,157682,2,0
157680,157680,157681,1,0
157680,157680,157681,1,0
157680,157680,157682,2,0
157680,157680,157682,2,0
157680,157680,157683,3,0
157680,157680,157683,3,0
157680,157680,157686,6,0
157680,157680,157686,6,0
157680,157680,157686,6,0
157680,157680,157689,9,0
157680,157680,157690,10,0
157680,157680,157691,11,0
157680,157680,157691,11,0
157680,157680,157694,14,0
157680,157680,157698,18,0
157680,157680,157698,18,0
157680,157680,157703,23,0
157680,157680,157707,27,0
157555,157565,157721,156,10
157680,157680,157728,48,0
157680,157680,157730,50,0
157549,157549,157780,231,0
157807,157807,157808,1,0
157807,157807,157808,1,0
157807,157807,157808,1,0
157807,157807,157808,1,0
157807,157807,157809,2,0
157807,157807,157809,2,0
157807,157807,157809,2,0
157807,157807,157811,4,0
157807,157807,157811,4,0
157807,157807,157810,3,0
157807,157807,157811,4,0
157807,157807,157812,5,0
157807,157807,157811,4,0
157807,157807,157811,4,0
157807,157807,157812,5,0
157807,157807,157811,4,0
157807,157807,157814,7,0
157812,157812,157813,1,0
157807,157807,157814,7,0
157812,157812,157813,1,0
157812,157812,157813,1,0
157812,157812,157814,2,0
157807,157807,157814,7,0
157807,157807,157814,7,0
157812,157814,157816,2,2
157812,157814,157816,2,2
157812,157814,157816,2,2
157812,157812,157816,4,0
157807,157807,157817,10,0
157812,157812,157816,4,0
157812,157812,157816,4,0
157812,157812,157817,5,0
157812,157812,157816,4,0
157812,157814,157817,3,2
157812,157815,157816,1,3
157812,157814,157816,2,2
157807,157807,157817,10,0
157812,157812,157818,6,0
157812,157812,157817,5,0
157812,157816,157818,2,4
157812,157812,157818,6,0
157812,157815,157818,3,3
157812,157816,157817,1,4
157812,157812,157818,6,0
157812,157816,157817,1,4
157812,157816,157817,1,4
157807,157807,157818,11,0
157807,157810,157818,8,3
157812,157812,157819,7,0
157812,157812,157818,6,0
157807,157807,157819,12,0
157807,157807,157820,13,0
157807,157809,157819,10,2
157812,157812,157819,7,0
157812,157814,157820,6,2
157807,157807,157821,14,0
157807,157807,157823,16,0
157812,157812,157824,12,0
157807,157807,157829,22,0
157812,157817,157828,11,5
157812,157812,157845,33,0
157807,157807,157850,43,0
157807,157807,157854,47,0
157807,157807,157874,67,0
157807,157811,157975,164,4
158067,158067,158068,1,0
158067,158067,158068,1,0
158067,158067,158068,1,0
158067,158067,158068,1,0
158067,158067,158068,1,0
158067,158067,158068,1,0
158067,158067,158068,1,0
158067,158067,158068,1,0
158067,158067,158068,1,0
158067,158067,158068,1,0
158067,158067,158068,1,0
158067,158067,158069,2,0
158067,158067,158070,3,0
158067,158067,158069,2,0
158067,158067,158069,2,0
158067,158067,158073,6,0
158067,158067,158073,6,0
158067,158067,158074,7,0
158067,158067,158074,7,0
158067,158067,158077,10,0
158067,158067,158077,10,0
158067,158067,158077,10,0
158067,158067,158077,10,0
158067,158067,158077,10,0
158067,158067,158078,11,0
158067,158067,158078,11,0
158067,158067,158078,11,0
158067,158067,158078,11,0
158067,158067,158079,12,0
158067,158067,158080,13,0
157939,157939,158081,142,0
157812,157817,158091,274,5
158067,158067,158094,27,0
157942,157942,158096,154,0
157945,157945,158109,164,0
157944,157944,158112,168,0
158189,158189,158190,1,0
158189,158189,158191,2,0
158189,158189,158190,1,0
158189,158189,158190,1,0
158189,158189,158190,1,0
158189,158189,158191,2,0
158189,158189,158191,2,0
158189,158189,158192,3,0
158189,158189,158192,3,0
158189,158189,158191,2,0
158189,158189,158192,3,0
158189,158189,158192,3,0
158189,158189,158193,4,0
158189,158189,158193,4,0
158192,158193,158194,1,1
158189,158189,158194,5,0
158189,158189,158194,5,0
158192,158193,158194,1,1
158189,158189,158194,5,0
158192,158192,158194,2,0
158192,158193,158194,1,1
158192,158193,158195,2,1
158189,158189,158196,7,0
158189,158189,158195,6,0
158189,158189,158196,7,0
158192,158194,158196,2,2
158192,158195,158196,1,3
158192,158193,158196,3,1
158192,158194,158196,2,2
158192,158195,158196,1,3
158192,158195,158196,1,3
158192,158195,158196,1,3
158189,158189,158197,8,0
158189,158189,158197,8,0
158189,158189,158197,8,0
158192,158195,158197,2,3
158192,158195,158197,2,3
158192,158195,158197,2,3
158192,158196,158197,1,4
158193,158197,158198,1,4
158193,158197,158198,1,4
158192,158193,158198,5,1
158192,158193,158198,5,1
158192,158193,158198,5,1
158192,158193,158198,5,1
158192,158193,158198,5,1
158193,158197,158198,1,4
158193,158197,158198,1,4
158189,158189,158199,10,0
158192,158193,158200,7,1
158192,158193,158200,7,1
158193,158199,158201,2,6
158193,158197,158200,3,4
158193,158198,158201,3,5
158193,158199,158201,2,6
158193,158199,158200,1,6
158189,158189,158201,12,0
158189,158189,158201,12,0
158192,158193,158201,8,1
158193,158199,158201,2,6
158193,158198,158201,3,5
158189,158189,158202,13,0
158193,158199,158202,3,6
158193,158199,158202,3,6
158193,158199,158202,3,6
158193,158198,158203,5,5
158193,158201,158202,1,8
158193,158202,158203,1,9
158193,158198,158203,5,5
158193,158201,158202,1,8
158193,158198,158202,4,5
158193,158201,158202,1,8
158193,158201,158202,1,8
158193,158201,158202,1,8
158193,158201,158202,1,8
158193,158201,158202,1,8
158192,158196,158203,7,4
158189,158189,158202,13,0
158193,158198,158204,6,5
158193,158202,158203,1,9
158193,158203,158205,2,10
158193,158202,158205,3,9
158193,158198,158205,7,5
158193,158198,158205,7,5
158193,158204,158205,1,11
158193,158198,158205,7,5
158193,158204,158206,2,11
158193,158203,158206,3,10
158193,158203,158205,2,10
158192,158196,158205,9,4
158193,158197,158206,9,4
158193,158203,158207,4,10
158193,158203,158206,3,10
158193,158206,158207,1,13
158193,158203,158206,3,10
158193,158205,158207,2,12
158193,158206,158207,1,13
158193,158206,158208,2,13
158193,158203,158208,5,10
158193,158206,158207,1,13
158193,158206,158207,1,13
158193,158206,158207,1,13
158193,158206,158207,1,13
158192,158197,158208,11,5
158193,158203,158209,6,10
158193,158203,158208,5,10
158193,158203,158209,6,10
158193,158203,158209,6,10
158194,158207,158208,1,13
158194,158207,158208,1,13
158189,158189,158208,19,0
158193,158203,158208,5,10
158194,158206,158208,2,12
158193,158198,158209,11,5
158194,158207,158209,2,13
158194,158206,158209,3,12
158193,158203,158210,7,10
158193,158203,158210,7,10
158194,158209,158211,2,15
158194,158209,158210,1,15
158189,158189,158211,22,0
158194,158209,158211,2,15
158194,158211,158212,1,17
158194,158209,158212,3,15
158194,158211,158212,1,17
158194,158207,158212,5,13
158194,158207,158212,5,13
158194,158207,158212,5,13
158194,158209,158211,2,15
158194,158210,158211,1,16
158194,158211,158212,1,17
158189,158189,158212,23,0
158193,158203,158212,9,10
158194,158209,158212,3,15
158193,158203,158213,10,10
158194,158208,158213,5,14
158194,158209,158213,4,15
158194,158211,158213,2,17
158194,158208,158213,5,14
158194,158208,158213,5,14
158194,158208,158213,5,14
158194,158208,158213,5,14
158194,158209,158214,5,15
158194,158209,158213,4,15
158194,158210,158214,4,16
158192,158192,158214,22,0
158194,158208,158215,7,14
158193,158203,158218,15,10
158194,158210,158219,9,16
158193,158202,158220,18,9
158194,158209,158223,14,15
158192,158192,158241,49,0
158193,158200,158250,50,7
158318,158318,158319,1,0
158318,158318,158319,1,0
158318,158318,158319,1,0
158318,158318,158319,1,0
158318,158318,158319,1,0
158318,158318,158319,1,0
158318,158318,158319,1,0
158318,158318,158319,1,0
158318,158318,158319,1,0
158318,158318,158319,1,0
158318,158318,158319,1,0
158318,158318,158319,1,0
158318,158318,158319,1,0
158318,158318,158319,1,0
158318,158318,158319,1,0
158318,158318,158320,2,0
158318,158318,158320,2,0
158318,158318,158320,2,0
158318,158318,158321,3,0
158318,158318,158320,2,0
158318,158318,158320,2,0
158318,158318,158320,2,0
158318,158318,158321,3,0
158318,158318,158322,4,0
158318,158318,158322,4,0
158318,158318,158322,4,0
158318,158318,158322,4,0
158318,158318,158324,6,0
158318,158318,158325,7,0
158318,158318,158325,7,0
158318,158318,158325,7,0
158194,158206,158370,164,12
158193,158201,158458,257,8
158189,158189,158499,310,0
158195,158212,158506,294,17
158577,158577,158578,1,0
158577,158577,158578,1,0
158577,158577,158578,1,0
158577,158577,158578,1,0
158577,158577,158580,3,0
158577,158577,158579,2,0
158577,158577,158581,4,0
158577,158577,158581,4,0
158577,158577,158580,3,0
158577,158577,158580,3,0
158577,158577,158581,4,0
158577,158577,158582,5,0
158577,158577,158582,5,0
158577,158577,158582,5,0
158577,158577,158582,5,0
158577,158577,158582,5,0
158577,158577,158582,5,0
158577,158577,158584,7,0
158577,158577,158585,8,0
158577,158577,158584,7,0
158577,158577,158585,8,0
158577,158577,158584,7,0
158577,158577,158584,7,0
158577,158577,158585,8,0
158577,158577,158587,10,0
158577,158577,158587,10,0
158577,158577,158588,11,0
158577,158577,158589,12,0
158577,158577,158600,23,0
158577,158577,158601,24,0
158577,158577,158611,34,0
158449,158449,158621,172,0
158318,158318,158655,337,0
158699,158699,158700,1,0
158699,158699,158700,1,0
158699,158699,158701,2,0
158699,158699,158700,1,0
158699,158699,158702,3,0
158699,158699,158702,3,0
158699,158699,158702,3,0
158699,158699,158702,3,0
158699,158699,158702,3,0
158699,158699,158702,3,0
158699,158699,158701,2,0
158699,158699,158702,3,0
158699,158699,158703,4,0
158699,158699,158702,3,0
158699,158699,158702,3,0
158699,158699,158703,4,0
158699,158699,158702,3,0
158699,158699,158702,3,0
158699,158699,158703,4,0
158699,158702,158704,2,3
158699,158699,158703,4,0
158699,158701,158704,3,2
158699,158702,158704,2,3
158699,158701,158704,3,2
158699,158701,158705,4,2
158699,158703,158705,2,4
158699,158704,158705,1,5
158699,158701,158705,4,2
158699,158703,158705,2,4
158699,158703,158704,1,4
158699,158702,158705,3,3
158699,158703,158705,2,4
158699,158703,158705,2,4
158699,158702,158705,3,3
158699,158703,158705,2,4
158699,158704,158705,1,5
158699,158702,158706,4,3
158699,158702,158706,4,3
158699,158703,158706,3,4
158699,158703,158706,3,4
158699,158704,158706,2,5
158699,158704,158705,1,5
158699,158704,158706,2,5
158699,158702,158706,4,3
158699,158705,158706,1,6
158699,158699,158707,8,0
158699,158699,158707,8,0
158699,158705,158706,1,6
158699,158699,158708,9,0
158699,158699,158708,9,0
158699,158699,158707,8,0
158699,158699,158709,10,0
158699,158699,158709,10,0
158699,158699,158710,11,0
158699,158699,158710,11,0
158699,158699,158711,12,0
158699,158699,158713,14,0
158699,158699,158721,22,0
158699,158699,158722,23,0
158699,158699,158722,23,0
158699,158699,158735,36,0
158699,158699,158744,45,0
158827,158828,158829,1,1
158827,158828,158829,1,1
158827,158828,158829,1,1
158827,158828,158829,1,1
158827,158828,158830,2,1
158827,158828,158830,2,1
158827,158828,158831,3,1
158827,158828,158830,2,1
158827,158828,158830,2,1
158827,158828,158831,3,1
158827,158828,158831,3,1
158827,158828,158831,3,1
158827,158828,158831,3,1
158827,158828,158832,4,1
158827,158828,158832,4,1
158827,158828,158832,4,1
158827,158828,158832,4,1
158827,158828,158833,5,1
158827,158828,158836,8,1
158827,158828,158836,8,1
158827,158828,158836,8,1
158827,158828,158837,9,1
158827,158828,158838,10,1
158827,158828,158837,9,1
158827,158828,158839,11,1
158827,158828,158838,10,1
158827,158828,158839,11,1
158827,158828,158839,11,1
158827,158828,158841,13,1
158827,158828,158849,21,1
158699,158705,158852,147,6
158827,158828,158864,36,1
158955,158955,158956,1,0
158955,158955,158956,1,0
158955,158955,158956,1,0
158955,158955,158956,1,0
158955,158955,158957,2,0
158955,158955,158957,2,0
158955,158955,158957,2,0
158955,158955,158957,2,0
158955,158955,158958,3,0
158955,158955,158957,2,0
158955,158955,158957,2,0
158955,158955,158958,3,0
158955,158955,158958,3,0
158955,158955,158958,3,0
158955,158955,158958,3,0
158955,158955,158958,3,0
158955,158955,158958,3,0
158955,158955,158958,3,0
158955,158955,158959,4,0
158959,158959,158960,1,0
158955,158955,158959,4,0
158959,158959,158960,1,0
158955,158955,158959,4,0
158959,158959,158960,1,0
158955,158955,158959,4,0
158959,158959,158960,1,0
158959,158959,158960,1,0
158959,158959,158961,2,0
158959,158959,158960,1,0
158959,158959,158960,1,0
158959,158959,158961,2,0
158959,158960,158961,1,1
158959,158960,158961,1,1
158959,158959,158961,2,0
158959,158959,158961,2,0
158959,158959,158961,2,0
158959,158959,158961,2,0
158959,158959,158961,2,0
158959,158960,158962,2,1
158959,158959,158962,3,0
158959,158960,158961,1,1
158959,158960,158961,1,1
158959,158960,158961,1,1
158959,158959,158962,3,0
158959,158961,158962,1,2
158959,158961,158962,1,2
158959,158961,158962,1,2
158955,158955,158962,7,0
158959,158959,158963,4,0
158959,158959,158963,4,0
158959,158960,158963,3,1
158959,158959,158963,4,0
158955,158955,158964,9,0
158955,158955,158965,10,0
158955,158955,158966,11,0
158955,158955,158967,12,0
158955,158955,158967,12,0
158955,158955,158969,14,0
158959,158959,158971,12,0
158955,158955,158976,21,0
158955,158955,158979,24,0
158959,158959,159009,50,0
158828,158828,159098,270,0
158959,158961,159125,164,2
159216,159216,159217,1,0
159216,159216,159218,2,0
159216,159216,159217,1,0
159216,159216,159217,1,0
159216,159216,159219,3,0
159216,159216,159219,3,0
159216,159216,159218,2,0
159216,159216,159219,3,0
159216,159218,159219,1,2
159216,159216,159218,2,0
159216,159218,159219,1,2
159216,159216,159219,3,0
159216,159216,159219,3,0
159216,159216,159220,4,0
159216,159216,159219,3,0
159216,159216,159219,3,0
159216,159218,159219,1,2
159216,159216,159220,4,0
159216,159218,159219,1,2
159216,159216,159220,4,0
158955,158955,159220,265,0
159216,159219,159221,2,3
159216,159219,159221,2,3
159216,159216,159221,5,0
159216,159219,159221,2,3
159216,159219,159221,2,3
159216,159220,159222,2,4
159216,159219,159222,3,3
159216,159220,159221,1,4
159216,159220,159221,1,4
159216,159220,159222,2,4
159216,159221,159222,1,5
159216,159220,159222,2,4
159216,159221,159223,2,5
159216,159221,159222,1,5
159216,159219,159223,4,3
159216,159219,159223,4,3
159216,159222,159223,1,6
159216,159222,159224,2,6
159216,159222,159224,2,6
159216,159222,159223,1,6
159216,159222,159223,1,6
159216,159216,159224,8,0
159216,159216,159224,8,0
159216,159216,159224,8,0
159216,159223,159225,2,7
159216,159222,159224,2,6
159216,159223,159225,2,7
159216,159222,159225,3,6
159216,159223,159225,2,7
159216,159216,159225,9,0
159216,159216,159229,13,0
159216,159216,159228,12,0
159216,159216,159228,12,0
159216,159216,159229,13,0
159216,159216,159231,15,0
159216,159216,159232,16,0
159216,159216,159232,16,0
159216,159216,159232,16,0
159216,159221,159236,15,5
159216,159220,159236,16,4
159216,159220,159245,25,4
159091,159091,159251,160,0
159093,159093,159268,175,0
159216,159220,159269,49,4
159092,159092,159270,178,0
159090,159090,159276,186,0
159086,159086,159281,195,0
159094,159094,159283,189,0
159342,159342,159344,2,0
159342,159342,159344,2,0
159342,159342,159344,2,0
159342,159342,159344,2,0
159342,159342,159344,2,0
159342,159342,159344,2,0
159342,159342,159344,2,0
159342,159342,159344,2,0
159342,159342,159344,2,0
159342,159342,159344,2,0
159342,159342,159345,3,0
159342,159342,159345,3,0
159342,159342,159345,3,0
159342,159342,159345,3,0
159342,159342,159345,3,0
159342,159342,159346,4,0
159342,159342,159345,3,0
159342,159344,159346,2,2
159342,159344,159346,2,2
159342,159345,159347,2,3
159342,159345,159347,2,3
159342,159344,159347,3,2
159342,159345,159347,2,3
159342,159344,159347,3,2
159342,159345,159347,2,3
159342,159346,159348,2,4
159342,159344,159348,4,2
159342,159346,159347,1,4
159342,159344,159348,4,2
159342,159344,159348,4,2
159342,159345,159349,4,3
159342,159347,159349,2,5
159342,159347,159349,2,5
159342,159342,159348,6,0
159342,159348,159349,1,6
159342,159347,159348,1,5
159342,159347,159348,1,5
159342,159348,159349,1,6
159342,159347,159349,2,5
159342,159347,159349,2,5
159342,159348,159349,1,6
159342,159346,159350,4,4
159342,159346,159350,4,4
159342,159348,159349,1,6
159342,159348,159350,2,6
159342,159344,159350,6,2
159342,159344,159350,6,2
159342,159342,159351,9,0
159342,159342,159350,8,0
159342,159349,159351,2,7
159342,159349,159351,2,7
159342,159342,159351,9,0
159342,159350,159352,2,8
159342,159344,159352,8,2
159342,159351,159352,1,9
159342,159351,159352,1,9
159342,159350,159352,2,8
159342,159351,159352,1,9
159342,159342,159353,11,0
159342,159342,159353,11,0
159342,159349,159353,4,7
159342,159352,159353,1,10
159342,159352,159353,1,10
159342,159350,159353,3,8
159342,159350,159353,3,8
159342,159350,159353,3,8
159342,159342,159354,12,0
159342,159342,159353,11,0
159342,159342,159354,12,0
159342,159342,159354,12,0
159342,159350,159354,4,8
159342,159342,159354,12,0
159342,159353,159354,1,11
159342,159349,159354,5,7
159342,159353,159354,1,11
159342,159350,159354,4,8
159342,159353,159354,1,11
159342,159353,159354,1,11
159342,159353,159354,1,11
159342,159353,159354,1,11
159342,159350,159354,4,8
159342,159342,159355,13,0
159342,159342,159355,13,0
159342,159353,159356,3,11
159342,159342,159355,13,0
159342,159342,159356,14,0
159342,159350,159356,6,8
159342,159350,159357,7,8
159342,159351,159359,8,9
159342,159351,159360,9,9
159342,159352,159360,8,10
159342,159342,159365,23,0
159342,159342,159366,24,0
159217,159223,159373,150,6
159464,159464,159465,1,0
159464,159464,159465,1,0
159464,159464,159465,1,0
159464,159464,159465,1,0
159464,159464,159465,1,0
159464,159464,159465,1,0
159464,159464,159465,1,0
159464,159464,159466,2,0
159464,159464,159466,2,0
159464,159464,159467,3,0
159464,159464,159468,4,0
159464,159464,159467,3,0
159464,159464,159468,4,0
159464,159464,159468,4,0
159464,159464,159467,3,0
159464,159464,159467,3,0
159464,159464,159469,5,0
159464,159464,159470,6,0
159464,159464,159471,7,0
159464,159464,159471,7,0
159464,159464,159472,8,0
159464,159464,159471,7,0
159464,159464,159474,10,0
159464,159464,159474,10,0
159474,159474,159475,1,0
159474,159474,159475,1,0
159464,159464,159475,11,0
159464,159464,159475,11,0
159464,159464,159476,12,0
159474,159474,159475,1,0
159474,159474,159476,2,0
159474,159474,159475,1,0
159474,159474,159476,2,0
159474,159474,159476,2,0
159474,159474,159476,2,0
159474,159474,159476,2,0
159474,159476,159477,1,2
159474,159474,159477,3,0
159474,159474,159477,3,0
159474,159475,159476,1,1
159474,159475,159477,2,1
159474,159474,159478,4,0
159474,159474,159477,3,0
159474,159476,159478,2,2
159474,159476,159478,2,2
159474,159476,159478,2,2
159474,159474,159478,4,0
159474,159474,159478,4,0
159474,159474,159478,4,0
159474,159474,159479,5,0
159474,159476,159479,3,2
159216,159223,159480,257,7
159474,159478,159480,2,4
159474,159478,159480,2,4
159474,159474,159480,6,0
159474,159478,159480,2,4
159474,159479,159480,1,5
159474,159474,159480,6,0
159474,159478,159480,2,4
159474,159477,159480,3,3
159474,159478,159480,2,4
159474,159479,159480,1,5
159474,159478,159480,2,4
159474,159477,159481,4,3
159474,159480,159481,1,6
159474,159477,159481,4,3
159474,159477,159481,4,3
159464,159464,159482,18,0
159474,159478,159482,4,4
159474,159479,159481,2,5
159474,159480,159482,2,6
159474,159480,159482,2,6
159474,159480,159482,2,6
159474,159474,159482,8,0
159474,159480,159482,2,6
159474,159480,159482,2,6
159474,159480,159482,2,6
159474,159476,159483,7,2
159474,159477,159483,6,3
159464,159464,159485,21,0
159474,159476,159485,9,2
159474,159474,159486,12,0
159474,159474,159486,12,0
159474,159474,159486,12,0
159474,159474,159486,12,0
159474,159474,159487,13,0
159474,159475,159486,11,1
159474,159475,159494,19,1
159464,159464,159495,31,0
159464,159464,159498,34,0
159474,159475,159499,24,1
159474,159474,159500,26,0
159474,159477,159518,41,3
159464,159464,159755,291,0
159847,159847,159848,1,0
159847,159847,159849,2,0
159847,159847,159849,2,0
159847,159847,159848,1,0
159847,159847,159849,2,0
159847,159847,159848,1,0
159847,159847,159848,1,0
159847,159847,159849,2,0
159847,159847,159849,2,0
159847,159847,159850,3,0
159847,159847,159849,2,0
159847,159847,159850,3,0
159847,159847,159849,2,0
159847,159847,159850,3,0
159847,159847,159851,4,0
159847,159847,159851,4,0
159847,159847,159851,4,0
159847,159847,159852,5,0
159847,159847,159853,6,0
159847,159847,159854,7,0
159847,159847,159853,6,0
159847,159847,159855,8,0
159847,159847,159856,9,0
159847,159847,159858,11,0
159847,159847,159857,10,0
159847,159847,159857,10,0
159847,159847,159860,13,0
159847,159847,159868,21,0
159847,159847,159871,24,0
159847,159847,159876,29,0
159847,159847,159881,34,0
160098,160098,160100,2,0
160098,160098,160100,2,0
160098,160098,160100,2,0
160098,160098,160100,2,0
160098,160098,160100,2,0
160098,160098,160100,2,0
160098,160098,160100,2,0
160098,160098,160100,2,0
160098,160098,160100,2,0
160098,160098,160100,2,0
160098,160098,160100,2,0
160098,160098,160100,2,0
160098,160098,160100,2,0
160098,160098,160100,2,0
160098,160098,160100,2,0
160098,160098,160100,2,0
160098,160098,160101,3,0
160098,160099,160101,2,1
160098,160099,160101,2,1
160098,160098,160103,5,0
160098,160098,160105,7,0
160098,160098,160105,7,0
160098,160098,160105,7,0
160098,160098,160105,7,0
160098,160098,160105,7,0
160098,160098,160105,7,0
160098,160098,160108,10,0
160098,160098,160108,10,0
160098,160098,160109,11,0
160098,160098,160109,11,0
160098,160098,160116,18,0
159847,159847,160156,309,0
160231,160231,160232,1,0
160231,160231,160232,1,0
160231,160231,160232,1,0
160231,160231,160232,1,0
160231,160231,160232,1,0
160231,160231,160232,1,0
160231,160231,160232,1,0
160231,160231,160232,1,0
160231,160231,160232,1,0
160231,160231,160232,1,0
160231,160231,160232,1,0
160231,160231,160232,1,0
160231,160231,160232,1,0
160231,160231,160233,2,0
160231,160231,160234,3,0
160231,160231,160233,2,0
160231,160231,160233,2,0
160231,160231,160233,2,0
160231,160231,160233,2,0
160231,160231,160234,3,0
160231,160231,160236,5,0
160231,160231,160238,7,0
160231,160231,160239,8,0
160231,160231,160239,8,0
160231,160231,160243,12,0
160231,160231,160243,12,0
160231,160231,160243,12,0
160231,160231,160245,14,0
160231,160231,160245,14,0
160231,160231,160245,14,0
160231,160231,160266,35,0
160105,160106,160272,166,1
160098,160099,160391,292,1
160483,160483,160484,1,0
160483,160483,160484,1,0
160483,160483,160484,1,0
160483,160483,160484,1,0
160483,160483,160484,1,0
160483,160483,160484,1,0
160483,160483,160484,1,0
160483,160483,160484,1,0
160483,160483,160484,1,0
160483,160483,160484,1,0
160483,160483,160484,1,0
160483,160483,160484,1,0
160483,160483,160484,1,0
160483,160483,160484,1,0
160483,160483,160484,1,0
160483,160483,160484,1,0
160483,160483,160485,2,0
160483,160483,160486,3,0
160483,160483,160486,3,0
160483,160483,160486,3,0
160484,160485,160486,1,1
160484,160485,160486,1,1
160484,160485,160486,1,1
160484,160485,160486,1,1
160484,160485,160486,1,1
160484,160485,160486,1,1
160484,160485,160487,2,1
160484,160485,160488,3,1
160484,160487,160488,1,3
160484,160485,160488,3,1
160484,160485,160488,3,1
160484,160485,160487,2,1
160484,160487,160488,1,3
160484,160487,160488,1,3
160484,160488,160489,1,4
160484,160488,160489,1,4
160484,160485,160489,4,1
160484,160485,160489,4,1
160484,160485,160488,3,1
160484,160487,160488,1,3
160484,160487,160488,1,3
160484,160487,160488,1,3
160484,160487,160489,2,3
160484,160487,160489,2,3
160484,160487,160489,2,3
160484,160485,160489,4,1
160484,160485,160489,4,1
160483,160483,160494,11,0
160483,160483,160494,11,0
160483,160483,160493,10,0
160483,160483,160494,11,0
160483,160483,160499,16,0
160483,160483,160507,24,0
160483,160483,160512,29,0
160483,160483,160513,30,0
160484,160484,160514,30,0
160484,160484,160514,30,0
160484,160484,160518,34,0
160483,160483,160520,37,0
160483,160483,160520,37,0
160484,160486,160522,36,2
160483,160483,160525,42,0
160357,160357,160608,251,0
160612,160612,160613,1,0
160612,160612,160614,2,0
160612,160612,160614,2,0
160612,160612,160613,1,0
160612,160612,160613,1,0
160612,160612,160613,1,0
160612,160612,160614,2,0
160612,160612,160614,2,0
160612,160612,160614,2,0
160612,160614,160615,1,2
160612,160612,160616,4,0
160612,160612,160615,3,0
160612,160612,160616,4,0
160612,160614,160616,2,2
160612,160612,160615,3,0
160612,160612,160622,10,0
160612,160612,160623,11,0
160612,160612,160622,10,0
160612,160612,160623,11,0
160612,160612,160623,11,0
160612,160612,160623,11,0
160612,160612,160623,11,0
160612,160612,160624,12,0
160612,160612,160624,12,0
160612,160612,160624,12,0
160612,160612,160625,13,0
160612,160612,160625,13,0
160612,160612,160627,15,0
160612,160612,160627,15,0
160612,160612,160628,16,0
160612,160612,160630,18,0
160485,160488,160648,160,3
160488,160488,160648,160,0
160489,160489,160649,160,0
160486,160488,160649,161,2
160487,160488,160654,166,1
160485,160488,160666,178,3
160612,160614,160786,172,2
160483,160483,160791,308,0
160863,160863,160864,1,0
160863,160863,160864,1,0
160863,160863,160864,1,0
160863,160863,160865,2,0
160863,160863,160865,2,0
160863,160863,160866,3,0
160863,160863,160865,2,0
160863,160863,160866,3,0
160863,160863,160865,2,0
160863,160863,160866,3,0
160863,160863,160868,5,0
160863,160863,160867,4,0
160863,160863,160867,4,0
160863,160863,160868,5,0
160863,160863,160869,6,0
160863,160863,160870,7,0
160863,160863,160870,7,0
160863,160865,160870,5,2
160863,160863,160870,7,0
160863,160865,160871,6,2
160863,160868,160871,3,5
160863,160863,160871,8,0
160863,160868,160871,3,5
160863,160867,160871,4,4
160863,160868,160872,4,5
160863,160866,160871,5,3
160863,160869,160871,2,6
160863,160865,160871,6,2
160863,160866,160871,5,3
160863,160866,160873,7,3
160863,160871,160873,2,8
160863,160871,160873,2,8
160863,160871,160873,2,8
160863,160870,160872,2,7
160863,160871,160873,2,8
160868,160872,160873,1,4
160863,160870,160872,2,7
160863,160871,160872,1,8
160863,160866,160873,7,3
160863,160872,160873,1,9
160863,160872,160873,1,9
160863,160872,160873,1,9
160868,160872,160874,2,4
160863,160872,160873,1,9
160868,160873,160874,1,5
160868,160873,160875,2,5
160863,160863,160874,11,0
160863,160863,160875,12,0
160863,160863,160876,13,0
160863,160863,160875,12,0
160863,160863,160876,13,0
160868,160874,160877,3,6
160863,160863,160878,15,0
160868,160875,160878,3,7
160868,160874,160879,5,6
160868,160875,160879,4,7
160868,160873,160879,6,5
160868,160874,160879,5,6
160868,160874,160879,5,6
160868,160874,160879,5,6
160868,160873,160879,6,5
160868,160873,160879,6,5
160868,160877,160879,2,9
160868,160874,160880,6,6
160868,160873,160880,7,5
160868,160878,160880,2,10
160863,160863,160880,17,0
160868,160873,160880,7,5
160868,160879,160880,1,11
160868,160879,160880,1,11
160868,160873,160881,8,5
160868,160879,160881,2,11
160868,160879,160880,1,11
160868,160873,160880,7,5
160868,160879,160880,1,11
160868,160879,160881,2,11
160868,160879,160880,1,11
160863,160863,160882,19,0
160868,160879,160881,2,11
160863,160872,160882,10,9
160868,160879,160884,5,11
160868,160881,160884,3,13
160868,160881,160884,3,13
160863,160866,160885,19,3
160868,160881,160885,4,13
160868,160881,160885,4,13
160868,160882,160884,2,14
160868,160883,160886,3,15
160868,160880,160886,6,12
160868,160881,160886,5,13
160868,160881,160886,5,13
160868,160884,160886,2,16
160868,160884,160886,2,16
160868,160884,160886,2,16
160863,160863,160887,24,0
160868,160876,160886,10,8
160868,160881,160887,6,13
160868,160885,160887,2,17
160868,160880,160887,7,12
160868,160880,160887,7,12
160868,160885,160887,2,17
160868,160885,160887,2,17
160863,160866,160888,22,3
160868,160885,160887,2,17
160868,160886,160888,2,18
160868,160881,160888,7,13
160868,160886,160887,1,18
160871,160887,160888,1,16
160871,160887,160888,1,16
160863,160863,160888,25,0
160868,160881,160889,8,13
160868,160881,160889,8,13
160868,160876,160889,13,8
160863,160863,160891,28,0
160863,160863,160890,27,0
160871,160888,160891,3,17
160871,160889,160891,2,18
160871,160889,160891,2,18
160871,160889,160891,2,18
160863,160863,160891,28,0
160863,160863,160891,28,0
160863,160863,160891,28,0
160868,160881,160892,11,13
160868,160878,160892,14,10
160871,160889,160892,3,18
160871,160888,160892,4,17
160871,160888,160892,4,17
160871,160892,160893,1,21
160871,160892,160893,1,21
160871,160888,160893,5,17
160871,160888,160893,5,17
160871,160892,160893,1,21
160871,160892,160893,1,21
160871,160887,160894,7,16
160871,160887,160894,7,16
160871,160888,160894,6,17
160871,160888,160895,7,17
160871,160887,160895,8,16
160871,160888,160895,7,17
160868,160875,160897,22,7
160868,160876,160897,21,8
160863,160863,160899,36,0
160871,160889,160901,12,18
160871,160888,160901,13,17
160871,160888,160903,15,17
160871,160888,160904,16,17
160871,160887,160905,18,16
160871,160890,160907,17,19
160871,160891,160908,17,20
160871,160891,160924,33,20
160868,160877,160925,48,9
160863,160863,160926,63,0
160868,160882,160945,63,14
160994,160994,160995,1,0
160994,160994,160995,1,0
160994,160994,160995,1,0
160994,160994,160996,2,0
160994,160994,160998,4,0
160994,160994,160999,5,0
160994,160994,160999,5,0
160994,160994,160999,5,0
160994,160994,161000,6,0
160994,160994,161000,6,0
160994,160994,161000,6,0
160994,160994,161001,7,0
160994,160994,161001,7,0
160994,160994,161000,6,0
160994,160994,161001,7,0
160994,160994,161002,8,0
160994,160994,161003,9,0
160994,160994,161007,13,0
160994,160994,161016,22,0
160994,160994,161016,22,0
160994,160994,161018,24,0
160994,160994,161017,23,0
160994,160994,161018,24,0
160994,160994,161020,26,0
160994,160994,161020,26,0
160994,160994,161021,27,0
160994,160994,161021,27,0
160994,160994,161021,27,0
160863,160872,161022,150,9
160994,160994,161022,28,0
160868,160886,161034,148,18
160994,160994,161049,55,0
160994,160994,161052,58,0
161133,161133,161134,1,0
161133,161133,161134,1,0
161133,161133,161136,3,0
161133,161133,161135,2,0
161133,161133,161137,4,0
161133,161133,161136,3,0
161133,161133,161137,4,0
161133,161133,161136,3,0
161133,161133,161136,3,0
161133,161133,161137,4,0
161133,161133,161137,4,0
161133,161133,161137,4,0
161133,161133,161138,5,0
161133,161133,161139,6,0
161133,161133,161139,6,0
161133,161133,161140,7,0
161133,161133,161140,7,0
161133,161133,161139,6,0
161133,161133,161139,6,0
161133,161133,161141,8,0
161133,161133,161141,8,0
161133,161133,161143,10,0
161133,161133,161143,10,0
161133,161133,161144,11,0
161133,161133,161146,13,0
161133,161133,161146,13,0
161133,161133,161145,12,0
161133,161133,161146,13,0
161133,161133,161148,15,0
161133,161133,161149,16,0
161133,161133,161150,17,0
161006,161006,161184,178,0
160871,160892,161195,303,21
161260,161260,161261,1,0
161260,161260,161261,1,0
161260,161260,161261,1,0
161260,161260,161262,2,0
161260,161260,161262,2,0
161260,161260,161262,2,0
161260,161260,161262,2,0
161260,161262,161264,2,2
161260,161260,161263,3,0
161260,161260,161263,3,0
161260,161260,161265,5,0
161260,161260,161265,5,0
161260,161260,161264,4,0
161260,161260,161264,4,0
161260,161260,161265,5,0
161260,161260,161265,5,0
161260,161260,161265,5,0
161260,161260,161266,6,0
161260,161260,161266,6,0
161260,161260,161267,7,0
161260,161260,161266,6,0
161260,161262,161267,5,2
161260,161260,161267,7,0
161260,161262,161267,5,2
161260,161260,161267,7,0
161260,161263,161269,6,3
161260,161267,161269,2,7
161260,161267,161269,2,7
161260,161266,161268,2,6
161260,161266,161269,3,6
161260,161266,161269,3,6
161260,161267,161268,1,7
161260,161267,161268,1,7
161260,161265,161269,4,5
161260,161268,161269,1,8
161260,161266,161269,3,6
161260,161268,161269,1,8
161260,161268,161269,1,8
161260,161265,161270,5,5
161260,161260,161270,10,0
161260,161265,161270,5,5
161260,161265,161271,6,5
161260,161269,161270,1,9
161260,161269,161270,1,9
161260,161269,161270,1,9
161260,161264,161270,6,4
161266,161269,161271,2,3
161266,161269,161270,1,3
161266,161269,161270,1,3
161266,161269,161270,1,3
161260,161263,161271,8,3
161260,161260,161271,11,0
161260,161260,161271,11,0
161260,161260,161271,11,0
161260,161260,161271,11,0
161260,161260,161271,11,0
161260,161260,161271,11,0
161260,161263,161272,9,3
161260,161263,161272,9,3
161260,161260,161273,13,0
161260,161260,161273,13,0
161266,161271,161274,3,5
161266,161271,161274,3,5
161266,161271,161273,2,5
161260,161260,161275,15,0
161260,161264,161275,11,4
161260,161264,161274,10,4
161266,161271,161274,3,5
161266,161271,161275,4,5
161266,161272,161275,3,6
161266,161272,161275,3,6
161260,161260,161275,15,0
161266,161271,161276,5,5
161266,161271,161275,4,5
161266,161270,161275,5,4
161266,161270,161276,6,4
161266,161271,161275,4,5
161266,161270,161275,5,4
161266,161270,161276,6,4
161266,161270,161275,5,4
161266,161270,161276,6,4
161266,161272,161277,5,6
161266,161271,161278,7,5
161266,161271,161278,7,5
161260,161260,161280,20,0
161266,161271,161282,11,5
161266,161272,161282,10,6
161266,161272,161282,10,6
161266,161272,161283,11,6
161266,161272,161283,11,6
161266,161273,161284,11,7
161266,161271,161291,20,5
160994,160994,161299,305,0
161266,161272,161304,32,6
161390,161390,161391,1,0
161390,161390,161391,1,0
161390,161390,161391,1,0
161390,161390,161391,1,0
161390,161390,161391,1,0
161390,161390,161391,1,0
161390,161390,161391,1,0
161390,161390,161391,1,0
161390,161390,161391,1,0
161390,161390,161391,1,0
161390,161390,161391,1,0
161390,161390,161391,1,0
161390,161390,161392,2,0
161390,161390,161392,2,0
161390,161390,161391,1,0
161390,161390,161391,1,0
161390,161390,161392,2,0
161390,161390,161392,2,0
161390,161390,161392,2,0
161390,161390,161392,2,0
161390,161390,161393,3,0
161390,161390,161393,3,0
161390,161390,161395,5,0
161390,161390,161395,5,0
161390,161390,161397,7,0
161390,161390,161397,7,0
161390,161390,161397,7,0
161390,161390,161401,11,0
161390,161390,161401,11,0
161390,161390,161408,18,0
161390,161390,161407,17,0
161133,161133,161416,283,0
161267,161274,161425,151,7
161260,161269,161428,159,9
161266,161274,161544,270,8
161390,161390,161625,235,0
161640,161640,161641,1,0
161640,161640,161641,1,0
161640,161640,161642,2,0
161640,161640,161641,1,0
161640,161640,161644,4,0
161640,161640,161644,4,0
161640,161640,161644,4,0
161640,161640,161645,5,0
161640,161640,161645,5,0
161640,161640,161645,5,0
161640,161640,161646,6,0
161640,161640,161646,6,0
161640,161640,161646,6,0
161640,161640,161646,6,0
161640,161642,161648,6,2
161640,161640,161647,7,0
161640,161640,161647,7,0
161640,161640,161647,7,0
161640,161640,161649,9,0
161640,161640,161648,8,0
161640,161640,161649,9,0
161640,161645,161650,5,5
161640,161645,161649,4,5
161640,161647,161650,3,7
161640,161640,161650,10,0
161640,161640,161649,9,0
161640,161642,161650,8,2
161640,161644,161650,6,4
161640,161646,161650,4,6
161640,161647,161650,3,7
161640,161642,161649,7,2
161640,161646,161650,4,6
161640,161648,161650,2,8
161640,161642,161650,8,2
161640,161646,161650,4,6
161640,161648,161650,2,8
161640,161648,161650,2,8
161640,161640,161651,11,0
161640,161640,161651,11,0
161640,161640,161651,11,0
161640,161650,161651,1,10
161640,161650,161651,1,10
161640,161650,161652,2,10
161640,161644,161651,7,4
161648,161650,161652,2,2
161648,161650,161652,2,2
161640,161644,161651,7,4
161648,161650,161651,1,2
161648,161650,161651,1,2
161640,161648,161652,4,8
161640,161640,161653,13,0
161640,161640,161652,12,0
161640,161649,161653,4,9
161640,161640,161653,13,0
161640,161640,161653,13,0
161640,161640,161653,13,0
161640,161649,161654,5,9
161648,161652,161655,3,4
161648,161650,161655,5,2
161648,161652,161654,2,4
161648,161652,161655,3,4
161648,161652,161654,2,4
161648,161652,161656,4,4
161648,161652,161655,3,4
161648,161650,161656,6,2
161648,161650,161656,6,2
161648,161650,161656,6,2
161648,161650,161656,6,2
161648,161652,161656,4,4
161651,161655,161656,1,4
161651,161655,161656,1,4
161648,161651,161657,6,3
161648,161652,161657,5,4
161648,161655,161656,1,7
161648,161653,161657,4,5
161651,161655,161656,1,4
161648,161652,161658,6,4
161651,161656,161658,2,5
161640,161640,161659,19,0
161640,161640,161659,19,0
161648,161653,161660,7,5
161648,161653,161660,7,5
161648,161654,161660,6,6
161651,161656,161661,5,5
161651,161658,161661,3,7
161651,161657,161661,4,6
161648,161651,161661,10,3
161640,161640,161662,22,0
161640,161640,161662,22,0
161648,161652,161662,10,4
161648,161654,161662,8,6
161640,161650,161662,12,10
161651,161656,161662,6,5
161651,161657,161662,5,6
161651,161656,161662,6,5
161651,161657,161662,5,6
161651,161657,161662,5,6
161651,161658,161662,4,7
161651,161656,161662,6,5
161651,161656,161662,6,5
161651,161656,161662,6,5
161640,161650,161663,13,10
161651,161662,161663,1,11
161651,161661,161663,2,10
161651,161662,161663,1,11
161648,161652,161663,11,4
161651,161656,161664,8,5
161651,161656,161664,8,5
161651,161657,161665,8,6
161651,161661,161665,4,10
161648,161654,161666,12,6
161640,161649,161666,17,9
161651,161662,161666,4,11
161651,161659,161669,10,8
161648,161654,161669,15,6
161651,161660,161670,10,9
161651,161660,161670,10,9
161651,161660,161670,10,9
161648,161652,161676,24,4
161640,161640,161677,37,0
161640,161640,161678,38,0
161651,161662,161688,26,11
161651,161662,161689,27,11
161651,161662,161690,28,11
161775,161775,161776,1,0
161775,161775,161776,1,0
161775,161775,161776,1,0
161775,161775,161776,1,0
161775,161775,161776,1,0
161775,161775,161776,1,0
161775,161775,161776,1,0
161775,161775,161776,1,0
161775,161775,161776,1,0
161775,161775,161776,1,0
161775,161775,161776,1,0
161775,161775,161776,1,0
161775,161775,161777,2,0
161775,161775,161777,2,0
161775,161775,161777,2,0
161775,161775,161777,2,0
161775,161775,161778,3,0
161775,161775,161779,4,0
161775,161775,161779,4,0
161775,161775,161782,7,0
161775,161775,161782,7,0
161775,161775,161782,7,0
161775,161775,161787,12,0
161775,161775,161788,13,0
161775,161775,161794,19,0
161775,161775,161799,24,0
161648,161655,161815,160,7
161775,161775,161814,39,0
161775,161775,161820,45,0
161775,161775,161819,44,0
161640,161650,161820,170,10
161775,161775,161821,46,0
161775,161775,161828,53,0
161911,161911,161912,1,0
161911,161911,161912,1,0
161911,161911,161912,1,0
161911,161911,161912,1,0
161911,161911,161912,1,0
161911,161911,161912,1,0
161911,161911,161912,1,0
161911,161911,161912,1,0
161911,161911,161912,1,0
161911,161911,161912,1,0
161911,161911,161912,1,0
161911,161911,161913,2,0
161911,161911,161913,2,0
161911,161911,161913,2,0
161911,161911,161914,3,0
161911,161911,161914,3,0
161914,161914,161915,1,0
161911,161911,161915,4,0
161911,161911,161915,4,0
161911,161911,161914,3,0
161911,161911,161915,4,0
161914,161914,161915,1,0
161914,161914,161915,1,0
161914,161914,161916,2,0
161914,161916,161918,2,2
161914,161915,161918,3,1
161914,161914,161918,4,0
161914,161916,161918,2,2
161911,161911,161918,7,0
161911,161911,161918,7,0
161914,161917,161918,1,3
161914,161914,161918,4,0
161914,161914,161919,5,0
161914,161915,161919,4,1
161914,161914,161919,5,0
161914,161918,161919,1,4
161914,161918,161919,1,4
161914,161918,161919,1,4
161914,161918,161919,1,4
161914,161915,161920,5,1
161914,161915,161920,5,1
161914,161915,161920,5,1
161914,161914,161920,6,0
161914,161919,161920,1,5
161914,161914,161921,7,0
161914,161914,161920,6,0
161914,161914,161922,8,0
161914,161914,161921,7,0
161914,161914,161921,7,0
161914,161914,161921,7,0
161914,161914,161922,8,0
161911,161911,161923,12,0
161911,161911,161925,14,0
161914,161918,161925,7,4
161785,161785,161925,140,0
161911,161911,161927,16,0
161914,161918,161928,10,4
161911,161911,161928,17,0
161911,161911,161929,18,0
161911,161911,161931,20,0
161911,161911,161931,20,0
161911,161911,161937,26,0
161911,161911,161948,37,0
161782,161782,161968,186,0
161652,161662,161985,323,10
161775,161775,162058,283,0
161914,161919,162085,166,5
162161,162161,162162,1,0
162161,162161,162162,1,0
162161,162161,162162,1,0
162161,162161,162163,2,0
162161,162161,162164,3,0
162161,162161,162164,3,0
162161,162161,162165,4,0
162161,162161,162165,4,0
162161,162161,162165,4,0
162161,162161,162165,4,0
162161,162161,162166,5,0
162161,162161,162167,6,0
162161,162162,162166,4,1
162161,162161,162167,6,0
162161,162161,162168,7,0
162161,162161,162168,7,0
162161,162161,162168,7,0
162161,162161,162169,8,0
162161,162161,162168,7,0
162161,162164,162169,5,3
162161,162161,162169,8,0
162161,162164,162169,5,3
162161,162162,162170,8,1
162161,162161,162171,10,0
162161,162161,162171,10,0
162161,162161,162171,10,0
162161,162163,162171,8,2
162161,162167,162171,4,6
162161,162163,162171,8,2
162161,162168,162171,3,7
162161,162169,162171,2,8
162161,162165,162171,6,4
162161,162169,162171,2,8
162161,162169,162171,2,8
162161,162166,162171,5,5
162161,162167,162171,4,6
162161,162169,162171,2,8
162161,162169,162171,2,8
162161,162161,162172,11,0
162161,162161,162172,11,0
162161,162161,162172,11,0
162161,162169,162172,3,8
162161,162169,162172,3,8
162161,162168,162172,4,7
162161,162170,162172,2,9
162164,162171,162173,2,7
162161,162161,162173,12,0
162161,162161,162172,11,0
162161,162171,162173,2,10
162161,162165,162173,8,4
162164,162172,162173,1,8
162164,162172,162173,1,8
162164,162172,162173,1,8
162161,162161,162174,13,0
162161,162161,162174,13,0
162161,162161,162174,13,0
162161,162161,162174,13,0
162161,162165,162175,10,4
162164,162173,162175,2,9
162164,162174,162175,1,10
162164,162173,162175,2,9
162164,162174,162175,1,10
162164,162174,162175,1,10
162161,162161,162176,15,0
162161,162161,162175,14,0
162164,162173,162176,3,9
162164,162174,162176,2,10
162164,162172,162176,4,8
162161,162165,162176,11,4
162164,162173,162176,3,9
162164,162176,162177,1,12
162164,162173,162177,4,9
162164,162172,162177,5,8
162164,162172,162177,5,8
162164,162172,162177,5,8
162164,162174,162177,3,10
162164,162176,162178,2,12
162161,162161,162179,18,0
162164,162172,162179,7,8
162164,162172,162179,7,8
162164,162174,162179,5,10
162164,162172,162179,7,8
162164,162172,162179,7,8
162164,162172,162179,7,8
162164,162174,162181,7,10
162164,162173,162183,10,9
162161,162171,162183,12,10
162164,162175,162184,9,11
162161,162171,162189,18,10
162161,162161,162190,29,0
162164,162172,162191,19,8
162161,162171,162194,23,10
162164,162175,162202,27,11
161911,161911,162205,294,0
162293,162293,162295,2,0
162293,162293,162295,2,0
162293,162293,162295,2,0
162293,162293,162296,3,0
162293,162293,162298,5,0
162293,162293,162298,5,0
162293,162293,162299,6,0
162293,162293,162298,5,0
162293,162293,162298,5,0
162293,162293,162299,6,0
162293,162293,162301,8,0
162293,162293,162301,8,0
162293,162293,162301,8,0
162293,162293,162302,9,0
162293,162293,162301,8,0
162293,162293,162301,8,0
162293,162293,162303,10,0
162293,162293,162303,10,0
162293,162293,162303,10,0
162293,162293,162304,11,0
162293,162293,162306,13,0
162293,162293,162307,14,0
162293,162293,162310,17,0
162293,162293,162310,17,0
162293,162293,162312,19,0
162293,162293,162317,24,0
162293,162293,162317,24,0
162293,162293,162316,23,0
162293,162293,162317,24,0
162293,162293,162319,26,0
162293,162293,162324,31,0
162161,162171,162344,173,10
162167,162176,162344,168,9
162168,162176,162346,170,8
162165,162176,162362,186,11
162293,162293,162543,250,0
162543,162543,162544,1,0
162543,162543,162544,1,0
162543,162543,162544,1,0
162543,162543,162545,2,0
162543,162543,162546,3,0
162543,162543,162547,4,0
162543,162543,162547,4,0
162543,162543,162547,4,0
162543,162543,162548,5,0
162543,162543,162548,5,0
162543,162543,162547,4,0
162543,162543,162548,5,0
162543,162543,162549,6,0
162543,162545,162550,5,2
162543,162543,162550,7,0
162543,162543,162550,7,0
162543,162543,162550,7,0
162543,162543,162551,8,0
162543,162545,162551,6,2
162543,162545,162550,5,2
162543,162545,162551,6,2
162543,162547,162552,5,4
162543,162547,162551,4,4
162543,162548,162552,4,5
162543,162550,162552,2,7
162543,162543,162553,10,0
162543,162543,162553,10,0
162543,162548,162552,4,5
162543,162548,162553,5,5
162543,162550,162553,3,7
162543,162549,162553,4,6
162543,162551,162553,2,8
162543,162550,162553,3,7
162543,162551,162553,2,8
162543,162551,162553,2,8
162543,162551,162553,2,8
162543,162543,162554,11,0
162543,162543,162554,11,0
162543,162543,162553,10,0
162543,162543,162554,11,0
162543,162543,162554,11,0
162543,162548,162553,5,5
162543,162552,162553,1,9
162543,162546,162554,8,3
162543,162552,162553,1,9
162543,162552,162553,1,9
162543,162552,162553,1,9
162547,162553,162555,2,6
162547,162553,162554,1,6
162547,162553,162554,1,6
162543,162547,162555,8,4
162547,162553,162555,2,6
162543,162543,162556,13,0
162543,162543,162557,14,0
162547,162555,162557,2,8
162547,162555,162557,2,8
162547,162553,162557,4,6
162547,162554,162557,3,7
162547,162555,162557,2,8
162547,162555,162557,2,8
162543,162543,162557,14,0
162547,162555,162558,3,8
162547,162554,162558,4,7
162547,162554,162558,4,7
162547,162554,162558,4,7
162547,162554,162558,4,7
162547,162554,162559,5,7
162547,162557,162559,2,10
162547,162557,162559,2,10
162547,162553,162559,6,6
162547,162557,162559,2,10
162543,162543,162560,17,0
162549,162558,162559,1,9
162549,162558,162560,2,9
162543,162551,162561,10,8
162547,162553,162561,8,6
162547,162553,162561,8,6
162547,162553,162561,8,6
162543,162543,162562,19,0
162549,162559,162562,3,10
162549,162559,162563,4,10
162543,162543,162563,20,0
162543,162543,162564,21,0
162543,162543,162564,21,0
162549,162559,162564,5,10
162549,162559,162564,5,10
162549,162561,162564,3,12
162549,162560,162564,4,11
162549,162561,162564,3,12
162549,162563,162564,1,14
162549,162559,162564,5,10
162549,162560,162564,4,11
162549,162562,162564,2,13
162549,162562,162564,2,13
162549,162558,162565,7,9
162549,162564,162565,1,15
162549,162562,162565,3,13
162549,162559,162565,6,10
162547,162557,162566,9,10
162549,162565,162566,1,16
162549,162565,162566,1,16
162549,162565,162566,1,16
162549,162559,162566,7,10
162549,162561,162567,6,12
162543,162543,162567,24,0
162549,162559,162567,8,10
162547,162554,162567,13,7
162547,162554,162568,14,7
162543,162553,162571,18,10
162547,162554,162570,16,7
162549,162564,162571,7,15
162547,162554,162571,17,7
162543,162543,162572,29,0
162543,162543,162573,30,0
162543,162543,162577,34,0
162547,162554,162577,23,7
162549,162560,162579,19,11
162549,162562,162580,18,13
162549,162564,162580,16,15
162549,162564,162582,18,15
162547,162556,162591,35,9
162547,162558,162722,164,11
162550,162565,162724,159,15
162805,162805,162806,1,0
162805,162805,162806,1,0
162805,162805,162806,1,0
162805,162805,162806,1,0
162805,162805,162808,3,0
162805,162805,162809,4,0
162805,162805,162809,4,0
162805,162805,162809,4,0
162805,162805,162808,3,0
162805,162805,162808,3,0
162805,162805,162808,3,0
162805,162805,162809,4,0
162805,162805,162809,4,0
162805,162805,162809,4,0
162805,162805,162810,5,0
162805,162805,162810,5,0
162805,162805,162811,6,0
162805,162805,162814,9,0
162805,162805,162817,12,0
162805,162805,162816,11,0
162805,162805,162820,15,0
162805,162805,162821,16,0
162805,162805,162822,17,0
162677,162677,162822,145,0
162805,162805,162824,19,0
162805,162805,162824,19,0
162805,162805,162827,22,0
162543,162553,162831,278,10
162805,162805,162838,33,0
162805,162805,162839,34,0
162805,162805,162841,36,0
162805,162805,162843,38,0
162805,162805,162844,39,0
162805,162805,163065,260,0
163178,163178,163179,1,0
163178,163178,163179,1,0
163178,163178,163179,1,0
163178,163178,163179,1,0
163178,163178,163180,2,0
163178,163178,163180,2,0
163178,163178,163181,3,0
163178,163178,163181,3,0
163178,163178,163181,3,0
163178,163178,163182,4,0
163178,163178,163182,4,0
163178,163178,163182,4,0
163178,163178,163182,4,0
163178,163178,163182,4,0
163178,163178,163182,4,0
163178,163178,163182,4,0
163178,163178,163183,5,0
163178,163178,163185,7,0
163178,163178,163187,9,0
163178,163178,163187,9,0
163178,163178,163189,11,0
163178,163178,163188,10,0
163178,163178,163189,11,0
163178,163178,163190,12,0
163178,163178,163192,14,0
163178,163178,163193,15,0
163178,163178,163197,19,0
163178,163178,163199,21,0
163178,163178,163198,20,0
163178,163178,163201,23,0
163178,163178,163202,24,0
163305,163305,163306,1,0
163305,163305,163306,1,0
163305,163305,163306,1,0
163305,163305,163306,1,0
163305,163305,163308,3,0
163305,163305,163308,3,0
163305,163305,163308,3,0
163305,163305,163309,4,0
163305,163305,163310,5,0
163305,163305,163311,6,0
163308,163310,163311,1,2
163308,163310,163311,1,2
163308,163310,163311,1,2
163308,163310,163311,1,2
163308,163310,163311,1,2
163305,163305,163312,7,0
163305,163305,163312,7,0
163305,163305,163312,7,0
163305,163305,163312,7,0
163305,163305,163312,7,0
163305,163305,163313,8,0
163305,163305,163313,8,0
163305,163305,163313,8,0
163305,163305,163313,8,0
163305,163305,163314,9,0
163305,163305,163318,13,0
163305,163305,163318,13,0
163305,163305,163319,14,0
163305,163305,163320,15,0
163305,163305,163321,16,0
163305,163305,163321,16,0
163305,163305,163323,18,0
163305,163305,163322,17,0
163305,163305,163323,18,0
163305,163305,163324,19,0
163305,163305,163326,21,0
163300,163300,163462,162,0
163560,163560,163561,1,0
163560,163560,163561,1,0
163560,163560,163561,1,0
163560,163560,163561,1,0
163560,163560,163561,1,0
163560,163560,163561,1,0
163560,163560,163561,1,0
163560,163560,163561,1,0
163560,163560,163561,1,0
163560,163560,163561,1,0
163560,163560,163561,1,0
163560,163560,163561,1,0
163560,163560,163562,2,0
163560,163560,163562,2,0
163560,163560,163562,2,0
163560,163560,163562,2,0
163560,163560,163563,3,0
163560,163560,163563,3,0
163560,163560,163563,3,0
163560,163560,163563,3,0
163560,163560,163568,8,0
163560,163560,163568,8,0
163560,163560,163568,8,0
163560,163560,163569,9,0
163560,163560,163569,9,0
163560,163560,163569,9,0
163560,163560,163569,9,0
163560,163560,163569,9,0
163560,163560,163570,10,0
163560,163560,163571,11,0
163560,163560,163578,18,0
163435,163435,163588,153,0
163305,163305,163591,286,0
163437,163437,163599,162,0
163684,163684,163685,1,0
163684,163684,163685,1,0
163684,163684,163686,2,0
163684,163684,163686,2,0
163684,163684,163687,3,0
163684,163684,163687,3,0
163684,163684,163687,3,0
163684,163684,163687,3,0
163684,163684,163687,3,0
163684,163684,163688,4,0
163684,163684,163688,4,0
163684,163684,163688,4,0
163684,163684,163688,4,0
163684,163684,163689,5,0
163684,163684,163689,5,0
163684,163684,163690,6,0
163684,163684,163690,6,0
163684,163684,163690,6,0
163684,163684,163691,7,0
163684,163684,163691,7,0
163684,163684,163692,8,0
163684,163684,163692,8,0
163684,163684,163693,9,0
163684,163684,163693,9,0
163684,163684,163694,10,0
163684,163684,163695,11,0
163684,163684,163696,12,0
163684,163684,163700,16,0
163684,163684,163707,23,0
163684,163684,163709,25,0
163684,163684,163710,26,0
163434,163434,163717,283,0
163932,163932,163933,1,0
163932,163932,163933,1,0
163932,163932,163933,1,0
163932,163932,163933,1,0
163932,163932,163935,3,0
163932,163932,163935,3,0
163932,163932,163935,3,0
163934,163934,163935,1,0
163932,163932,163935,3,0
163932,163932,163936,4,0
163932,163932,163935,3,0
163932,163932,163936,4,0
163932,163932,163936,4,0
163934,163934,163936,2,0
163934,163934,163936,2,0
163934,163934,163936,2,0
163932,163932,163937,5,0
163932,163932,163937,5,0
163932,163932,163937,5,0
163932,163932,163938,6,0
163932,163932,163938,6,0
163932,163932,163938,6,0
163932,163932,163939,7,0
163934,163936,163939,3,2
163934,163936,163939,3,2
163934,163937,163939,2,3
163934,163937,163939,2,3
163934,163936,163939,3,2
163934,163937,163939,2,3
163934,163935,163940,5,1
163934,163938,163940,2,4
163934,163936,163940,4,2
163934,163936,163940,4,2
163934,163938,163940,2,4
163934,163939,163940,1,5
163934,163939,163941,2,5
163934,163940,163941,1,6
163934,163935,163941,6,1
163934,163940,163941,1,6
163934,163940,163941,1,6
163934,163940,163941,1,6
163934,163935,163941,6,1
163934,163936,163942,6,2
163932,163932,163943,11,0
163934,163935,163943,8,1
163934,163936,163943,7,2
163932,163932,163945,13,0
163932,163932,163945,13,0
163932,163932,163945,13,0
163934,163935,163945,10,1
163932,163932,163946,14,0
163932,163932,163946,14,0
163932,163932,163946,14,0
163932,163932,163947,15,0
163934,163934,163947,13,0
163932,163932,163948,16,0
163932,163932,163950,18,0
163934,163934,163951,17,0
163934,163934,163981,47,0
163932,163932,163984,52,0
163932,163932,163994,62,0
164057,164057,164059,2,0
164057,164057,164058,1,0
164057,164057,164059,2,0
164057,164057,164059,2,0
164057,164057,164059,2,0
164057,164057,164059,2,0
164057,164057,164059,2,0
164057,164057,164059,2,0
164057,164057,164059,2,0
164057,164057,164059,2,0
164057,164057,164059,2,0
164057,164057,164059,2,0
164057,164057,164059,2,0
164057,164057,164059,2,0
164057,164057,164060,3,0
164057,164057,164060,3,0
164057,164057,164060,3,0
164057,164058,164060,2,1
164057,164058,164061,3,1
164057,164058,164061,3,1
164057,164057,164063,6,0
164057,164057,164064,7,0
164057,164057,164064,7,0
164057,164057,164064,7,0
164057,164057,164064,7,0
164057,164057,164067,10,0
163806,163806,164067,261,0
164057,164057,164069,12,0
164057,164057,164069,12,0
164057,164057,164070,13,0
164057,164057,164084,27,0
164057,164057,164093,36,0
163935,163940,164108,168,5
163932,163932,164221,289,0
164308,164308,164309,1,0
164308,164308,164309,1,0
164308,164308,164309,1,0
164308,164308,164309,1,0
164308,164308,164311,3,0
164308,164308,164310,2,0
164308,164308,164310,2,0
164308,164308,164310,2,0
164308,164308,164311,3,0
164308,164308,164310,2,0
164308,164308,164311,3,0
164308,164308,164311,3,0
164308,164308,164312,4,0
164308,164308,164312,4,0
164308,164308,164313,5,0
164311,164312,164313,1,1
164308,164308,164312,4,0
164308,164308,164313,5,0
164308,164308,164314,6,0
164308,164308,164314,6,0
164311,164312,164313,1,1
164311,164312,164314,2,1
164311,164313,164315,2,2
164308,164308,164316,8,0
164308,164308,164315,7,0
164311,164312,164316,4,1
164311,164312,164316,4,1
164311,164314,164315,1,3
164311,164312,164316,4,1
164311,164313,164315,2,2
164311,164312,164316,4,1
164311,164313,164315,2,2
164311,164314,164315,1,3
164311,164313,164315,2,2
164311,164313,164315,2,2
164311,164314,164315,1,3
164311,164315,164316,1,4
164311,164312,164317,5,1
164311,164316,164317,1,5
164311,164312,164316,4,1
164311,164312,164316,4,1
164308,164308,164318,10,0
164308,164308,164317,9,0
164308,164308,164317,9,0
164311,164312,164317,5,1
164311,164316,164317,1,5
164311,164316,164317,1,5
164308,164308,164319,11,0
164311,164312,164318,6,1
164311,164314,164319,5,3
164308,164311,164320,9,3
164308,164308,164320,12,0
164308,164308,164320,12,0
164308,164308,164321,13,0
164311,164316,164323,7,5
164311,164312,164324,12,1
164308,164308,164325,17,0
164311,164316,164326,10,5
164311,164311,164333,22,0
164311,164311,164333,22,0
164311,164312,164338,26,1
164308,164308,164348,40,0
164308,164308,164366,58,0
164436,164436,164437,1,0
164436,164436,164437,1,0
164436,164436,164437,1,0
164436,164436,164437,1,0
164436,164436,164437,1,0
164436,164436,164437,1,0
164436,164436,164438,2,0
164436,164436,164437,1,0
164436,164436,164438,2,0
164436,164436,164438,2,0
164436,164436,164437,1,0
164436,164436,164437,1,0
164436,164436,164437,1,0
164436,164436,164439,3,0
164436,164436,164439,3,0
164436,164436,164440,4,0
164436,164436,164443,7,0
164436,164436,164443,7,0
164436,164436,164445,9,0
164436,164436,164445,9,0
164436,164436,164445,9,0
164436,164436,164445,9,0
164436,164436,164448,12,0
164436,164436,164448,12,0
164436,164436,164448,12,0
164436,164436,164454,18,0
164436,164436,164456,20,0
164436,164436,164458,22,0
164436,164436,164457,21,0
164436,164436,164460,24,0
164436,164436,164461,25,0
164312,164316,164473,157,4
164311,164316,164478,162,5
164313,164316,164485,169,3
164566,164566,164567,1,0
164566,164566,164567,1,0
164566,164566,164567,1,0
164566,164566,164567,1,0
164566,164566,164567,1,0
164566,164566,164567,1,0
164566,164566,164567,1,0
164566,164566,164567,1,0
164566,164566,164567,1,0
164566,164566,164567,1,0
164566,164566,164567,1,0
164566,164566,164568,2,0
164566,164566,164567,1,0
164566,164566,164567,1,0
164566,164566,164568,2,0
164566,164566,164568,2,0
164566,164566,164570,4,0
164566,164566,164570,4,0
164566,164566,164570,4,0
164569,164569,164570,1,0
164569,164569,164571,2,0
164569,164569,164571,2,0
164569,164569,164570,1,0
164569,164569,164570,1,0
164569,164569,164571,2,0
164569,164569,164570,1,0
164569,164569,164571,2,0
164569,164569,164572,3,0
164569,164569,164571,2,0
164569,164570,164571,1,1
164569,164569,164571,2,0
164569,164569,164571,2,0
164569,164569,164572,3,0
164569,164570,164572,2,1
164569,164569,164572,3,0
164566,164566,164573,7,0
164566,164566,164573,7,0
164566,164566,164573,7,0
164569,164571,164573,2,2
164569,164571,164573,2,2
164569,164571,164572,1,2
164569,164571,164573,2,2
164569,164571,164572,1,2
164569,164571,164572,1,2
164570,164572,164573,1,2
164569,164571,164573,2,2
164569,164572,164573,1,3
164569,164569,164573,4,0
164566,164566,164574,8,0
164566,164566,164574,8,0
164566,164566,164574,8,0
164569,164572,164573,1,3
164570,164573,164574,1,3
164570,164572,164573,1,2
164570,164572,164573,1,2
164570,164572,164573,1,2
164569,164569,164574,5,0
164569,164570,164574,4,1
164569,164570,164574,4,1
164569,164569,164574,5,0
164566,164566,164575,9,0
164566,164566,164575,9,0
164570,164573,164575,2,3
164570,164573,164575,2,3
164570,164573,164575,2,3
164570,164573,164575,2,3
164570,164573,164575,2,3
164566,164566,164576,10,0
164566,164566,164576,10,0
164569,164572,164576,4,3
164570,164574,164576,2,4
164570,164574,164576,2,4
164570,164574,164576,2,4
164570,164573,164576,3,3
164570,164574,164576,2,4
164570,164574,164576,2,4
164570,164573,164576,3,3
164570,164573,164576,3,3
164570,164575,164577,2,5
164570,164575,164577,2,5
164570,164575,164578,3,5
164570,164575,164577,2,5
164570,164575,164579,4,5
164570,164575,164578,3,5
164566,164566,164579,13,0
164570,164574,164579,5,4
164566,164566,164581,15,0
164570,164573,164580,7,3
164442,164443,164585,142,1
164570,164574,164587,13,4
164570,164574,164587,13,4
164570,164573,164588,15,3
164570,164573,164587,14,3
164570,164574,164591,17,4
164308,164311,164634,323,3
164695,164695,164696,1,0
164695,164695,164696,1,0
164695,164695,164696,1,0
164695,164695,164696,1,0
164695,164695,164696,1,0
164695,164695,164697,2,0
164695,164695,164697,2,0
164695,164695,164697,2,0
164695,164695,164697,2,0
164695,164695,164697,2,0
164695,164696,164697,1,1
164695,164695,164696,1,0
164695,164695,164697,2,0
164695,164695,164697,2,0
164695,164695,164697,2,0
164695,164695,164702,7,0
164695,164695,164702,7,0
164695,164695,164702,7,0
164695,164695,164702,7,0
164695,164695,164705,10,0
164695,164695,164705,10,0
164695,164695,164706,11,0
164695,164695,164706,11,0
164695,164695,164706,11,0
164695,164695,164706,11,0
164695,164695,164706,11,0
164695,164695,164706,11,0
164695,164695,164706,11,0
164695,164695,164709,14,0
164695,164695,164711,16,0
164695,164695,164711,16,0
164436,164436,164725,289,0
164571,164575,164737,162,4
164569,164572,164743,171,3
164570,164575,164750,175,5
164572,164575,164750,175,3
164566,164566,164811,245,0
164824,164824,164825,1,0
164824,164824,164826,2,0
164824,164824,164826,2,0
164824,164824,164825,1,0
164824,164824,164826,2,0
164824,164824,164826,2,0
164824,164824,164826,2,0
164824,164824,164826,2,0
164824,164824,164826,2,0
164824,164824,164826,2,0
164824,164824,164827,3,0
164824,164824,164827,3,0
164824,164824,164827,3,0
164824,164824,164827,3,0
164824,164827,164829,2,3
164824,164824,164829,5,0
164824,164826,164829,3,2
164824,164826,164829,3,2
164824,164826,164829,3,2
164824,164827,164829,2,3
164824,164826,164829,3,2
164824,164827,164829,2,3
164824,164824,164830,6,0
164824,164826,164830,4,2
164824,164824,164831,7,0
164824,164824,164831,7,0
164824,164827,164830,3,3
164824,164824,164831,7,0
164824,164826,164831,5,2
164824,164829,164831,2,5
164824,164829,164831,2,5
164824,164829,164830,1,5
164824,164829,164831,2,5
164824,164829,164831,2,5
164824,164826,164831,5,2
164824,164829,164831,2,5
164824,164829,164831,2,5
164824,164830,164832,2,6
164824,164826,164833,7,2
164824,164824,164832,8,0
164824,164829,164833,4,5
164824,164831,164832,1,7
164833,164833,164834,1,0
164833,164833,164834,1,0
164824,164824,164834,10,0
164833,164833,164834,1,0
164824,164826,164834,8,2
164833,164833,164834,1,0
164824,164824,164835,11,0
164824,164824,164835,11,0
164824,164831,164835,4,7
164833,164833,164835,2,0
164833,164833,164835,2,0
164824,164824,164835,11,0
164824,164824,164835,11,0
164824,164824,164835,11,0
164824,164824,164835,11,0
164824,164824,164835,11,0
164824,164824,164835,11,0
164833,164833,164835,2,0
164833,164833,164836,3,0
164833,164833,164835,2,0
164833,164833,164835,2,0
164833,164834,164835,1,1
164833,164833,164836,3,0
164833,164834,164836,2,1
164824,164824,164836,12,0
164824,164824,164836,12,0
164824,164824,164835,11,0
164824,164824,164836,12,0
164824,164824,164836,12,0
164824,164824,164836,12,0
164833,164835,164837,2,2
164833,164836,164837,1,3
164833,164835,164837,2,2
164833,164835,164837,2,2
164833,164836,164837,1,3
164833,164834,164837,3,1
164833,164835,164837,2,2
164833,164835,164837,2,2
164833,164833,164837,4,0
164833,164836,164837,1,3
164833,164833,164838,5,0
164833,164836,164837,1,3
164833,164836,164838,2,3
164833,164837,164839,2,4
164833,164837,164839,2,4
164833,164837,164838,1,4
164833,164837,164838,1,4
164833,164837,164838,1,4
164833,164835,164839,4,2
164833,164838,164839,1,5
164833,164838,164839,1,5
164833,164836,164840,4,3
164833,164838,164839,1,5
164833,164838,164839,1,5
164833,164838,164839,1,5
164833,164838,164840,2,5
164833,164838,164839,1,5
164833,164839,164840,1,6
164833,164836,164841,5,3
164833,164839,164840,1,6
164833,164839,164840,1,6
164833,164839,164841,2,6
164833,164839,164840,1,6
164833,164835,164843,8,2
164824,164831,164844,13,7
164833,164833,164844,11,0
164833,164835,164844,9,2
164833,164837,164843,6,4
164833,164836,164846,10,3
164833,164836,164846,10,3
164833,164836,164846,10,3
164833,164836,164847,11,3
164833,164836,164849,13,3
164833,164837,164849,12,4
164833,164836,164851,15,3
164833,164836,164855,19,3
164824,164830,164858,28,6
164824,164826,164860,34,2
164833,164836,164863,27,3
164833,164836,164863,27,3
164833,164837,164872,35,4
164833,164836,164875,39,3
164695,164696,164882,186,1
164964,164964,164965,1,0
164964,164964,164965,1,0
164964,164964,164965,1,0
164964,164964,164965,1,0
164964,164964,164966,2,0
164964,164964,164965,1,0
164964,164964,164965,1,0
164964,164964,164966,2,0
164964,164964,164965,1,0
164964,164964,164965,1,0
164964,164964,164966,2,0
164964,164964,164966,2,0
164964,164964,164967,3,0
164964,164964,164967,3,0
164964,164964,164967,3,0
164964,164964,164967,3,0
164964,164964,164968,4,0
164964,164964,164971,7,0
164964,164964,164972,8,0
164964,164964,164972,8,0
164964,164964,164972,8,0
164964,164964,164972,8,0
164964,164964,164972,8,0
164964,164964,164975,11,0
164964,164964,164976,12,0
164964,164964,164976,12,0
164964,164964,164976,12,0
164964,164964,164977,13,0
164964,164964,164977,13,0
164964,164964,164989,25,0
164964,164964,164990,26,0
164833,164840,165019,179,7
165090,165090,165091,1,0
165090,165090,165091,1,0
165090,165090,165091,1,0
165090,165090,165091,1,0
165090,165090,165092,2,0
165090,165090,165091,1,0
165090,165090,165091,1,0
165090,165090,165091,1,0
165090,165090,165091,1,0
165090,165090,165091,1,0
165090,165090,165092,2,0
165090,165090,165093,3,0
165090,165090,165095,5,0
165090,165090,165095,5,0
165090,165090,165096,6,0
165090,165090,165095,5,0
165090,165090,165095,5,0
165090,165090,165096,6,0
165090,165090,165096,6,0
165090,165090,165097,7,0
165090,165090,165098,8,0
165090,165090,165097,7,0
165090,165090,165100,10,0
165090,165090,165102,12,0
165090,165090,165109,19,0
165090,165090,165109,19,0
165090,165090,165111,21,0
165090,165090,165112,22,0
165090,165090,165112,22,0
165090,165090,165124,34,0
164824,164831,165137,306,7
165090,165090,165141,51,0
164964,164964,165217,253,0
165217,165217,165218,1,0
165217,165217,165218,1,0
165217,165217,165218,1,0
165217,165217,165218,1,0
165217,165217,165218,1,0
165217,165217,165218,1,0
165217,165217,165218,1,0
165217,165217,165218,1,0
165217,165217,165219,2,0
165217,165217,165219,2,0
165217,165217,165219,2,0
165217,165217,165221,4,0
165217,165217,165220,3,0
165217,165217,165220,3,0
165220,165220,165222,2,0
165217,165217,165222,5,0
165217,165217,165222,5,0
165220,165221,165222,1,1
165217,165217,165223,6,0
165220,165221,165222,1,1
165220,165221,165222,1,1
165220,165220,165222,2,0
165217,165217,165223,6,0
165217,165217,165223,6,0
165220,165220,165223,3,0
165217,165217,165224,7,0
165220,165221,165225,4,1
165220,165221,165224,3,1
165217,165217,165224,7,0
165220,165221,165224,3,1
165220,165223,165224,1,3
165220,165223,165224,1,3
165220,165221,165224,3,1
165220,165223,165224,1,3
165220,165223,165224,1,3
165220,165220,165225,5,0
165220,165222,165224,2,2
165217,165217,165226,9,0
165217,165218,165225,7,1
165220,165221,165226,5,1
165220,165221,165225,4,1
165220,165224,165225,1,4
165220,165223,165225,2,3
165220,165223,165227,4,3
165220,165223,165226,3,3
165220,165224,165227,3,4
165220,165225,165226,1,5
165220,165225,165226,1,5
165220,165225,165226,1,5
165217,165217,165226,9,0
165220,165221,165227,6,1
165220,165224,165226,2,4
165217,165217,165227,10,0
165220,165221,165228,7,1
165217,165217,165229,12,0
165217,165217,165229,12,0
165220,165221,165228,7,1
165217,165217,165230,13,0
165217,165217,165232,15,0
165217,165217,165233,16,0
165217,165217,165235,18,0
165217,165217,165237,20,0
165220,165220,165252,32,0
165220,165225,165378,153,5
165225,165225,165377,152,0
165224,165225,165389,164,1
165223,165225,165399,174,2
165477,165477,165478,1,0
165477,165477,165479,2,0
165477,165477,165479,2,0
165477,165477,165478,1,0
165477,165477,165479,2,0
165477,165477,165478,1,0
165477,165478,165479,1,1
165477,165477,165480,3,0
165477,165477,165480,3,0
165477,165477,165480,3,0
165477,165477,165480,3,0
165477,165477,165481,4,0
165477,165477,165481,4,0
165477,165477,165480,3,0
165477,165477,165480,3,0
165477,165479,165480,1,2
165477,165479,165481,2,2
165477,165479,165480,1,2
165477,165477,165481,4,0
165477,165477,165482,5,0
165477,165477,165482,5,0
165477,165481,165482,1,4
165477,165477,165482,5,0
165477,165477,165482,5,0
165477,165479,165482,3,2
165477,165481,165482,1,4
165477,165477,165483,6,0
165477,165479,165483,4,2
165477,165482,165483,1,5
165477,165482,165483,1,5
165477,165481,165482,1,4
165477,165481,165483,2,4
165477,165482,165483,1,5
165477,165477,165483,6,0
165477,165479,165483,4,2
165477,165482,165483,1,5
165477,165482,165483,1,5
165477,165480,165484,4,3
165477,165482,165484,2,5
165477,165483,165484,1,6
165477,165477,165484,7,0
165477,165481,165485,4,4
165477,165482,165485,3,5
165477,165477,165484,7,0
165477,165477,165485,8,0
165478,165484,165485,1,6
165477,165481,165486,5,4
165478,165485,165486,1,7
165478,165484,165486,2,6
165478,165485,165486,1,7
165478,165486,165487,1,8
165478,165485,165487,2,7
165477,165480,165487,7,3
165477,165480,165487,7,3
165477,165481,165487,6,4
165478,165485,165487,2,7
165478,165485,165488,3,7
165478,165487,165488,1,9
165478,165485,165488,3,7
165478,165485,165488,3,7
165478,165485,165488,3,7
165478,165487,165488,1,9
165478,165484,165488,4,6
165478,165487,165488,1,9
165478,165487,165488,1,9
165478,165487,165489,2,9
165478,165484,165489,5,6
165478,165487,165489,2,9
165478,165486,165489,3,8
165478,165487,165489,2,9
165478,165485,165489,4,7
165478,165485,165489,4,7
165478,165485,165489,4,7
165478,165487,165490,3,9
165478,165487,165490,3,9
165477,165477,165491,14,0
165478,165485,165491,6,7
165478,165485,165492,7,7
165477,165477,165493,16,0
165477,165477,165493,16,0
165477,165477,165496,19,0
165477,165481,165495,14,4
165477,165477,165496,19,0
165477,165480,165498,18,3
165217,165220,165507,287,3
165477,165477,165510,33,0
165477,165477,165513,36,0
165477,165477,165513,36,0
165348,165348,165547,199,0
165351,165351,165549,198,0
165354,165354,165564,210,0
165600,165601,165602,1,1
165600,165601,165602,1,1
165600,165601,165602,1,1
165600,165601,165602,1,1
165600,165601,165603,2,1
165600,165601,165604,3,1
165600,165601,165604,3,1
165600,165601,165605,4,1
165600,165601,165605,4,1
165601,165601,165605,4,0
165601,165601,165605,4,0
165600,165601,165606,5,1
165600,165601,165606,5,1
165600,165601,165606,5,1
165600,165601,165606,5,1
165600,165601,165606,5,1
165600,165601,165606,5,1
165600,165601,165607,6,1
165600,165601,165607,6,1
165600,165601,165608,7,1
165601,165602,165608,6,1
165601,165603,165609,6,2
165600,165601,165608,7,1
165600,165601,165609,8,1
165601,165603,165610,7,2
165600,165601,165609,8,1
165601,165604,165609,5,3
165601,165607,165609,2,6
165601,165607,165609,2,6
165601,165608,165609,1,7
165601,165603,165609,6,2
165601,165607,165609,2,6
165600,165601,165610,9,1
165601,165607,165610,3,6
165601,165607,165611,4,6
165601,165609,165610,1,8
165601,165609,165610,1,8
165601,165610,165611,1,9
165606,165610,165611,1,4
165601,165609,165610,1,8
165606,165610,165611,1,4
165601,165601,165611,10,0
165600,165601,165611,10,1
165601,165610,165611,1,9
165601,165610,165611,1,9
165606,165610,165611,1,4
165606,165610,165611,1,4
165600,165601,165613,12,1
165600,165601,165612,11,1
165601,165609,165612,3,8
165601,165610,165612,2,9
165601,165601,165612,11,0
165601,165605,165612,7,4
165601,165606,165612,6,5
165606,165612,165613,1,6
165600,165601,165613,12,1
165601,165605,165613,8,4
165601,165606,165614,8,5
165601,165607,165613,6,6
165606,165611,165614,3,5
165606,165612,165613,1,6
165606,165612,165613,1,6
165606,165613,165614,1,7
165606,165613,165614,1,7
165601,165606,165614,8,5
165606,165611,165614,3,5
165600,165601,165614,13,1
165606,165612,165614,2,6
165607,165614,165615,1,7
165606,165611,165614,3,5
165607,165614,165615,1,7
165606,165613,165614,1,7
165601,165606,165615,9,5
165606,165613,165615,2,7
165606,165613,165615,2,7
165607,165614,165615,1,7
165606,165611,165615,4,5
165606,165611,165616,5,5
165607,165614,165616,2,7
165606,165611,165616,5,5
165606,165611,165615,4,5
165600,165601,165616,15,1
165606,165614,165616,2,8
165606,165614,165616,2,8
165606,165611,165617,6,5
165606,165611,165616,5,5
165607,165616,165618,2,9
165607,165616,165619,3,9
165607,165617,165618,1,10
165607,165616,165619,3,9
165607,165616,165619,3,9
165607,165617,165618,1,10
165607,165614,165619,5,7
165607,165616,165618,2,9
165607,165616,165620,4,9
165607,165619,165620,1,12
165610,165619,165620,1,9
165610,165619,165620,1,9
165607,165618,165619,1,11
165610,165619,165620,1,9
165607,165615,165621,6,8
165607,165619,165620,1,12
165607,165615,165621,6,8
165607,165619,165620,1,12
165607,165615,165621,6,8
165606,165612,165621,9,6
165607,165617,165622,5,10
165607,165617,165622,5,10
165606,165614,165622,8,8
165607,165615,165622,7,8
165610,165620,165622,2,10
165600,165601,165622,21,1
165601,165608,165623,15,7
165607,165617,165622,5,10
165607,165615,165622,7,8
165610,165621,165623,2,11
165610,165622,165623,1,12
165607,165615,165623,8,8
165610,165620,165622,2,10
165610,165620,165623,3,10
165607,165616,165624,8,9
165610,165622,165624,2,12
165610,165623,165624,1,13
165610,165623,165624,1,13
165610,165620,165624,4,10
165610,165620,165624,4,10
165610,165621,165623,2,11
165610,165620,165624,4,10
165610,165623,165624,1,13
165610,165622,165625,3,12
165610,165622,165624,2,12
165610,165622,165625,3,12
165610,165621,165624,3,11
165610,165623,165625,2,13
165610,165623,165624,1,13
165610,165621,165625,4,11
165600,165601,165625,24,1
165607,165616,165626,10,9
165610,165623,165625,2,13
165610,165624,165626,2,14
165610,165624,165626,2,14
165610,165621,165626,5,11
165606,165612,165627,15,6
165606,165614,165627,13,8
165607,165615,165628,13,8
165607,165616,165628,12,9
165607,165615,165629,14,8
165610,165623,165630,7,13
165610,165623,165629,6,13
165610,165622,165630,8,12
165610,165623,165632,9,13
165606,165613,165637,24,7
165600,165601,165641,40,1
165606,165613,165641,28,7
165478,165484,165643,159,6
165606,165613,165682,69,7
165735,165735,165736,1,0
165735,165735,165736,1,0
165735,165735,165736,1,0
165735,165735,165737,2,0
165735,165735,165737,2,0
165735,165735,165736,1,0
165735,165735,165736,1,0
165735,165735,165737,2,0
165735,165735,165738,3,0
165735,165735,165738,3,0
165735,165735,165738,3,0
165735,165735,165740,5,0
165735,165735,165740,5,0
165735,165735,165742,7,0
165735,165735,165743,8,0
165735,165735,165743,8,0
165735,165735,165743,8,0
165735,165735,165743,8,0
165735,165735,165746,11,0
165735,165735,165746,11,0
165735,165735,165747,12,0
165735,165735,165748,13,0
165735,165735,165748,13,0
165735,165735,165749,14,0
165735,165735,165750,15,0
165735,165735,165754,19,0
165735,165735,165755,20,0
165735,165735,165754,19,0
165735,165735,165756,21,0
165607,165619,165757,138,12
165601,165610,165758,148,9
165735,165735,165759,24,0
165611,165624,165774,150,13
165612,165624,165774,150,12
165735,165735,165776,41,0
165610,165624,165812,188,14
165986,165986,165987,1,0
165986,165986,165987,1,0
165986,165986,165987,1,0
165986,165986,165988,2,0
165986,165986,165989,3,0
165986,165986,165990,4,0
165986,165986,165989,3,0
165986,165986,165989,3,0
165986,165986,165991,5,0
165986,165986,165991,5,0
165986,165986,165991,5,0
165986,165986,165992,6,0
165986,165986,165991,5,0
165986,165986,165991,5,0
165986,165986,165993,7,0
165986,165987,165993,6,1
165986,165986,165993,7,0
165986,165986,165993,7,0
165986,165987,165993,6,1
165986,165986,165993,7,0
165986,165986,165994,8,0
165986,165986,165995,9,0
165986,165986,165995,9,0
165986,165986,165994,8,0
165986,165992,165995,3,6
165986,165993,165996,3,7
165986,165988,165996,8,2
165986,165990,165996,6,4
165986,165993,165995,2,7
165986,165994,165996,2,8
165986,165994,165996,2,8
165986,165994,165996,2,8
165986,165989,165996,7,3
165986,165992,165996,4,6
165986,165986,165997,11,0
165986,165990,165996,6,4
165986,165992,165996,4,6
165986,165992,165997,5,6
165986,165989,165997,8,3
165986,165994,165996,2,8
165986,165990,165996,6,4
165986,165995,165996,1,9
165986,165995,165998,3,9
165986,165996,165997,1,10
165986,165986,165998,12,0
165986,165986,165998,12,0
165986,165986,165998,12,0
165986,165995,166000,5,9
165986,165986,166000,14,0
165986,165986,166001,15,0
165986,165986,166001,15,0
165986,165995,166001,6,9
165986,165986,166001,15,0
165986,165986,166001,15,0
165986,165986,166002,16,0
165986,165986,166003,17,0
165986,165991,166003,12,5
165986,165986,166003,17,0
165986,165994,166004,10,8
165986,165992,166005,13,6
165986,165986,166022,36,0
165986,165986,166048,62,0
165986,165996,166158,162,10
166239,166239,166240,1,0
166239,166239,166240,1,0
166239,166239,166240,1,0
166239,166239,166240,1,0
166239,166239,166241,2,0
166239,166239,166241,2,0
166239,166239,166240,1,0
166239,166239,166241,2,0
166239,166240,166241,1,1
166239,166240,166241,1,1
166239,166239,166242,3,0
166239,166239,166242,3,0
166239,166239,166242,3,0
166239,166239,166242,3,0
166239,166239,166242,3,0
166239,166241,166242,1,2
166239,166241,166242,1,2
166239,166242,166243,1,3
166239,166242,166243,1,3
166239,166242,166243,1,3
166239,166239,166243,4,0
166239,166242,166243,1,3
166239,166242,166243,1,3
166239,166242,166243,1,3
166239,166242,166243,1,3
166239,166239,166244,5,0
166239,166239,166244,5,0
166239,166239,166245,6,0
166239,166239,166245,6,0
166239,166239,166245,6,0
166239,166239,166245,6,0
166239,166239,166246,7,0
166239,166239,166246,7,0
166239,166239,166246,7,0
166239,166239,166247,8,0
166239,166239,166247,8,0
166239,166239,166249,10,0
166239,166240,166250,10,1
166239,166239,166250,11,0
166239,166239,166250,11,0
166239,166239,166251,12,0
166239,166241,166251,10,2
166239,166239,166252,13,0
166239,166239,166254,15,0
166239,166239,166259,20,0
166239,166239,166259,20,0
166239,166239,166259,20,0
166239,166239,166277,38,0
166367,166367,166368,1,0
166367,166367,166368,1,0
166367,166367,166369,2,0
166367,166367,166368,1,0
166367,166367,166369,2,0
166367,166367,166369,2,0
166367,166367,166370,3,0
166367,166367,166369,2,0
166367,166367,166369,2,0
166367,166367,166370,3,0
166367,166367,166370,3,0
166367,166367,166371,4,0
166367,166367,166371,4,0
166367,166367,166371,4,0
166367,166367,166372,5,0
166367,166367,166371,4,0
166367,166367,166372,5,0
166367,166367,166372,5,0
166367,166367,166372,5,0
166367,166367,166373,6,0
166367,166367,166373,6,0
166367,166367,166374,7,0
166367,166367,166377,10,0
166367,166367,166376,9,0
166367,166367,166376,9,0
166367,166367,166377,10,0
166367,166367,166378,11,0
166367,166367,166385,18,0
166367,166367,166387,20,0
166367,166367,166404,37,0
166367,166367,166420,53,0
166491,166491,166492,1,0
166491,166491,166492,1,0
166491,166491,166492,1,0
166491,166491,166493,2,0
166491,166491,166494,3,0
166491,166491,166494,3,0
166491,166491,166493,2,0
166491,166491,166494,3,0
166491,166491,166495,4,0
166491,166491,166495,4,0
166491,166491,166496,5,0
166491,166491,166495,4,0
166491,166491,166496,5,0
166491,166491,166495,4,0
166491,166491,166497,6,0
166491,166491,166496,5,0
166491,166491,166496,5,0
166491,166491,166496,5,0
166491,166491,166497,6,0
166491,166491,166496,5,0
166491,166491,166497,6,0
166491,166491,166498,7,0
166491,166491,166498,7,0
166491,166491,166498,7,0
166491,166491,166502,11,0
166491,166491,166502,11,0
166491,166491,166503,12,0
166491,166491,166507,16,0
166491,166491,166506,15,0
166491,166491,166508,17,0
166491,166491,166531,40,0
166498,166498,166647,149,0
166367,166370,166649,279,3
166502,166502,166653,151,0
166502,166502,166679,177,0
166503,166503,166683,180,0
166752,166752,166753,1,0
166752,166752,166753,1,0
166752,166752,166753,1,0
166752,166752,166755,3,0
166752,166752,166755,3,0
166752,166752,166755,3,0
166752,166752,166755,3,0
166752,166752,166755,3,0
166752,166752,166756,4,0
166752,166752,166756,4,0
166752,166752,166756,4,0
166752,166752,166756,4,0
166752,166752,166757,5,0
166752,166752,166757,5,0
166752,166752,166757,5,0
166752,166752,166757,5,0
166752,166752,166757,5,0
166752,166752,166757,5,0
166752,166752,166757,5,0
166752,166752,166758,6,0
166752,166752,166758,6,0
166752,166752,166759,7,0
166752,166754,166759,5,2
166752,166754,166759,5,2
166752,166758,166760,2,6
166752,166754,166759,5,2
166752,166758,166759,1,6
166752,166758,166760,2,6
166752,166757,166761,4,5
166752,166758,166760,2,6
166752,166758,166760,2,6
166752,166758,166760,2,6
166752,166757,166760,3,5
166752,166756,166762,6,4
166752,166758,166761,3,6
166752,166760,166761,1,8
166752,166761,166762,1,9
166752,166760,166761,1,8
166752,166761,166762,1,9
166752,166756,166761,5,4
166752,166760,166761,1,8
166752,166760,166761,1,8
166752,166760,166761,1,8
166752,166760,166761,1,8
166752,166761,166762,1,9
166752,166761,166763,2,9
166752,166756,166762,6,4
166752,166752,166764,12,0
166752,166759,166764,5,7
166752,166756,166763,7,4
166752,166757,166763,6,5
166752,166752,166764,12,0
166752,166752,166763,11,0
166752,166752,166765,13,0
166752,166752,166764,12,0
166752,166752,166764,12,0
166752,166752,166765,13,0
166752,166752,166764,12,0
166752,166762,166765,3,10
166752,166762,166764,2,10
166752,166759,166765,6,7
166752,166763,166766,3,11
166752,166763,166766,3,11
166752,166761,166766,5,9
166752,166763,166765,2,11
166752,166756,166767,11,4
166752,166764,166767,3,12
166752,166762,166767,5,10
166752,166762,166766,4,10
166752,166761,166766,5,9
166752,166762,166767,5,10
166752,166764,166767,3,12
166752,166762,166768,6,10
166752,166762,166767,5,10
166752,166762,166767,5,10
166752,166762,166768,6,10
166752,166762,166769,7,10
166752,166762,166769,7,10
166752,166765,166770,5,13
166752,166752,166771,19,0
166752,166757,166771,14,5
166752,166752,166772,20,0
166752,166752,166773,21,0
166752,166764,166773,9,12
166752,166765,166777,12,13
166752,166764,166776,12,12
166752,166764,166778,14,12
166752,166765,166779,14,13
166752,166765,166785,20,13
166752,166764,166784,20,12
166752,166752,166795,43,0
166752,166765,166798,33,13
166752,166752,166807,55,0
166491,166491,166835,344,0
166881,166882,166883,1,1
166881,166882,166883,1,1
166881,166882,166883,1,1
166881,166882,166884,2,1
166881,166882,166884,2,1
166881,166882,166884,2,1
166881,166882,166885,3,1
166881,166882,166885,3,1
166882,166882,166885,3,0
166881,166882,166886,4,1
166881,166882,166886,4,1
166881,166882,166886,4,1
166881,166882,166886,4,1
166881,166882,166887,5,1
166881,166882,166887,5,1
166881,166882,166888,6,1
166881,166882,166887,5,1
166881,166882,166887,5,1
166882,166884,166888,4,2
166881,166882,166888,6,1
166881,166882,166888,6,1
166881,166882,166888,6,1
166881,166882,166889,7,1
166882,166888,166889,1,6
166882,166884,166889,5,2
166882,166888,166889,1,6
166882,166888,166890,2,6
166882,166888,166890,2,6
166882,166889,166890,1,7
166882,166888,166890,2,6
166882,166890,166891,1,8
166882,166889,166890,1,7
166882,166887,166890,3,5
166882,166890,166891,1,8
166882,166885,166891,6,3
166882,166887,166891,4,5
166882,166890,166891,1,8
166882,166890,166891,1,8
166881,166882,166892,10,1
166882,166885,166892,7,3
166882,166882,166892,10,0
166882,166891,166892,1,9
166882,166884,166893,9,2
166882,166882,166893,11,0
166881,166882,166893,11,1
166882,166886,166893,7,4
166882,166889,166894,5,7
166882,166885,166893,8,3
166882,166886,166893,7,4
166882,166889,166894,5,7
166882,166882,166894,12,0
166881,166882,166894,12,1
166882,166887,166894,7,5
166882,166887,166894,7,5
166881,166882,166895,13,1
166881,166882,166895,13,1
166881,166882,166896,14,1
166882,166886,166896,10,4
166881,166882,166898,16,1
166881,166882,166900,18,1
166881,166882,166903,21,1
166881,166882,166936,54,1
167009,167009,167010,1,0
167009,167009,167010,1,0
167009,167009,167012,3,0
167009,167009,167013,4,0
167009,167010,167013,3,1
167009,167009,167013,4,0
167009,167010,167013,3,1
167009,167010,167013,3,1
167009,167009,167014,5,0
167009,167009,167014,5,0
167009,167010,167014,4,1
167009,167009,167015,6,0
167009,167009,167015,6,0
167009,167010,167015,5,1
167009,167010,167015,5,1
167009,167009,167016,7,0
167009,167009,167016,7,0
167009,167009,167017,8,0
167009,167009,167017,8,0
167009,167009,167017,8,0
167009,167009,167018,9,0
167009,167010,167022,12,1
167009,167010,167023,13,1
167009,167009,167025,16,0
166874,166874,167028,154,0
167009,167010,167030,20,1
167009,167010,167034,24,1
167009,167010,167036,26,1
167009,167009,167037,28,0
166882,166891,167038,147,9
167009,167009,167044,35,0
167009,167010,167044,34,1
167009,167010,167049,39,1
167141,167141,167142,1,0
167141,167141,167142,1,0
167141,167141,167142,1,0
167141,167141,167142,1,0
167142,167142,167143,1,0
167141,167141,167144,3,0
167141,167141,167143,2,0
167141,167141,167144,3,0
167141,167141,167144,3,0
167142,167143,167144,1,1
167141,167141,167145,4,0
167142,167143,167145,2,1
167141,167141,167145,4,0
167141,167141,167145,4,0
167141,167141,167146,5,0
167141,167141,167145,4,0
167141,167141,167147,6,0
167141,167141,167146,5,0
167142,167143,167147,4,1
167141,167141,167147,6,0
167141,167141,167148,7,0
167141,167141,167148,7,0
167141,167141,167149,8,0
167141,167141,167148,7,0
167142,167144,167149,5,2
167142,167147,167149,2,5
167142,167147,167149,2,5
167142,167147,167149,2,5
167142,167143,167150,7,1
167142,167148,167150,2,6
167142,167146,167149,3,4
167142,167149,167151,2,7
167142,167149,167150,1,7
167142,167146,167150,4,4
167142,167149,167150,1,7
167142,167149,167150,1,7
167142,167149,167150,1,7
167142,167149,167150,1,7
167142,167144,167152,8,2
167142,167145,167151,6,3
167141,167141,167151,10,0
167142,167144,167152,8,2
167142,167145,167151,6,3
167142,167146,167152,6,4
167142,167145,167151,6,3
167142,167150,167151,1,8
167142,167150,167151,1,8
167142,167150,167151,1,8
167142,167145,167153,8,3
167142,167149,167153,4,7
167141,167141,167155,14,0
167141,167141,167154,13,0
167142,167144,167154,10,2
167141,167141,167155,14,0
167142,167142,167155,13,0
167141,167141,167156,15,0
167141,167141,167155,14,0
167141,167141,167157,16,0
167141,167141,167157,16,0
167141,167141,167157,16,0
167141,167141,167173,32,0
167016,167016,167183,167,0
167011,167011,167190,179,0
167141,167141,167198,57,0
167264,167264,167265,1,0
167264,167264,167265,1,0
167264,167264,167265,1,0
167264,167264,167265,1,0
167264,167264,167265,1,0
167264,167264,167265,1,0
167264,167264,167265,1,0
167264,167264,167265,1,0
167264,167264,167265,1,0
167264,167264,167265,1,0
167264,167264,167265,1,0
167264,167264,167265,1,0
167264,167264,167265,1,0
167264,167264,167265,1,0
167264,167264,167265,1,0
167264,167264,167265,1,0
167264,167264,167266,2,0
167264,167264,167266,2,0
167264,167264,167267,3,0
167264,167264,167267,3,0
167264,167264,167267,3,0
167264,167264,167267,3,0
167264,167264,167268,4,0
167264,167264,167268,4,0
167264,167264,167268,4,0
167269,167269,167270,1,0
167269,167269,167270,1,0
167269,167269,167270,1,0
167269,167269,167270,1,0
167269,167269,167271,2,0
167269,167269,167272,3,0
167269,167270,167271,1,1
167269,167269,167273,4,0
167269,167271,167272,1,2
167269,167269,167273,4,0
167269,167271,167272,1,2
167269,167269,167272,3,0
167269,167271,167272,1,2
167269,167269,167272,3,0
167269,167269,167272,3,0
167269,167269,167272,3,0
167269,167269,167272,3,0
167272,167272,167273,1,0
167269,167269,167274,5,0
167269,167269,167273,4,0
167269,167269,167274,5,0
167269,167269,167273,4,0
167269,167269,167274,5,0
167269,167269,167274,5,0
167269,167269,167274,5,0
167269,167269,167274,5,0
167272,167273,167274,1,1
167272,167272,167275,3,0
167264,167264,167275,11,0
167264,167264,167275,11,0
167272,167273,167276,3,1
167269,167269,167276,7,0
167264,167264,167276,12,0
167269,167269,167276,7,0
167269,167269,167276,7,0
167269,167269,167276,7,0
167272,167275,167277,2,3
167272,167274,167277,3,2
167272,167277,167278,1,5
167272,167274,167277,3,2
167272,167274,167278,4,2
167272,167275,167277,2,3
167264,167264,167278,14,0
167272,167275,167278,3,3
167272,167273,167278,5,1
167272,167273,167278,5,1
167272,167277,167278,1,5
167269,167269,167278,9,0
167272,167277,167278,1,5
167272,167273,167279,6,1
167272,167277,167278,1,5
167272,167274,167279,5,2
167264,167264,167278,14,0
167264,167264,167278,14,0
167272,167274,167280,6,2
167272,167276,167280,4,4
167272,167273,167280,7,1
167272,167273,167281,8,1
167272,167274,167280,6,2
167272,167273,167281,8,1
167269,167269,167281,12,0
167272,167275,167282,7,3
167272,167273,167282,9,1
167272,167273,167284,11,1
167272,167273,167284,11,1
167272,167276,167286,10,4
167272,167276,167287,11,4
167272,167277,167296,19,5
167010,167010,167299,289,0
167394,167394,167395,1,0
167394,167394,167395,1,0
167394,167394,167395,1,0
167394,167394,167395,1,0
167394,167394,167395,1,0
167394,167394,167395,1,0
167394,167394,167395,1,0
167394,167394,167395,1,0
167394,167394,167395,1,0
167394,167394,167395,1,0
167394,167394,167395,1,0
167394,167394,167395,1,0
167394,167394,167395,1,0
167394,167394,167395,1,0
167394,167394,167395,1,0
167394,167394,167395,1,0
167394,167394,167397,3,0
167394,167394,167396,2,0
167394,167394,167396,2,0
167394,167394,167396,2,0
167394,167394,167397,3,0
167394,167394,167396,2,0
167394,167394,167397,3,0
167394,167394,167397,3,0
167394,167394,167397,3,0
167394,167394,167397,3,0
167394,167394,167397,3,0
167394,167394,167397,3,0
167394,167394,167403,9,0
167394,167394,167403,9,0
167394,167394,167411,17,0
167141,167141,167443,302,0
167269,167272,167519,247,3
167264,167264,167543,279,0
167648,167648,167650,2,0
167648,167648,167650,2,0
167648,167648,167650,2,0
167648,167648,167650,2,0
167648,167648,167651,3,0
167648,167649,167651,2,1
167648,167649,167652,3,1
167648,167649,167652,3,1
167648,167648,167653,5,0
167648,167649,167653,4,1
167648,167648,167653,5,0
167648,167648,167653,5,0
167648,167648,167653,5,0
167648,167648,167653,5,0
167648,167649,167653,4,1
167648,167648,167653,5,0
167648,167648,167654,6,0
167648,167648,167654,6,0
167648,167648,167654,6,0
167648,167648,167654,6,0
167648,167648,167655,7,0
167648,167648,167655,7,0
167648,167648,167656,8,0
167648,167648,167656,8,0
167648,167648,167656,8,0
167648,167648,167661,13,0
167648,167649,167661,12,1
167648,167648,167662,14,0
167648,167649,167664,15,1
167394,167394,167664,270,0
167648,167648,167665,17,0
167648,167648,167672,24,0
167774,167774,167775,1,0
167774,167774,167775,1,0
167774,167774,167775,1,0
167774,167774,167775,1,0
167774,167774,167775,1,0
167774,167774,167775,1,0
167774,167774,167775,1,0
167774,167774,167775,1,0
167774,167774,167775,1,0
167774,167774,167775,1,0
167774,167774,167775,1,0
167774,167774,167775,1,0
167774,167774,167775,1,0
167774,167774,167775,1,0
167774,167774,167776,2,0
167774,167774,167776,2,0
167774,167774,167777,3,0
167774,167774,167776,2,0
167774,167774,167777,3,0
167774,167774,167776,2,0
167774,167774,167776,2,0
167774,167774,167776,2,0
167774,167774,167777,3,0
167774,167774,167777,3,0
167774,167774,167777,3,0
167778,167778,167779,1,0
167778,167778,167780,2,0
167778,167778,167779,1,0
167778,167778,167779,1,0
167778,167780,167781,1,2
167778,167780,167781,1,2
167778,167780,167781,1,2
167778,167780,167781,1,2
167778,167781,167782,1,3
167778,167778,167782,4,0
167778,167778,167782,4,0
167778,167778,167783,5,0
167778,167778,167783,5,0
167778,167778,167783,5,0
167778,167778,167782,4,0
167778,167778,167782,4,0
167778,167778,167783,5,0
167778,167778,167784,6,0
167778,167778,167783,5,0
167778,167778,167784,6,0
167778,167778,167783,5,0
167778,167778,167784,6,0
167778,167778,167784,6,0
167774,167774,167784,10,0
167778,167778,167785,7,0
167778,167778,167787,9,0
167778,167778,167786,8,0
167652,167652,167796,144,0
167774,167774,167798,24,0
167778,167778,167801,23,0
167778,167778,167801,23,0
167778,167778,167800,22,0
167778,167778,167802,24,0
167643,167643,167803,160,0
167774,167774,167810,36,0
167778,167778,167811,33,0
167774,167774,167816,42,0
167774,167774,167820,46,0
167774,167774,167823,49,0
167900,167900,167901,1,0
167900,167900,167902,2,0
167900,167900,167902,2,0
167900,167900,167901,1,0
167900,167900,167901,1,0
167900,167900,167902,2,0
167900,167900,167902,2,0
167900,167900,167901,1,0
167900,167900,167901,1,0
167900,167900,167901,1,0
167900,167900,167902,2,0
167900,167900,167901,1,0
167900,167900,167902,2,0
167900,167900,167901,1,0
167900,167900,167901,1,0
167900,167900,167901,1,0
167900,167900,167903,3,0
167900,167900,167903,3,0
167900,167900,167903,3,0
167900,167900,167903,3,0
167900,167900,167903,3,0
167903,167903,167904,1,0
167903,167903,167904,1,0
167903,167903,167904,1,0
167903,167903,167905,2,0
167900,167900,167905,5,0
167900,167900,167905,5,0
167900,167900,167905,5,0
167900,167900,167905,5,0
167903,167905,167907,2,2
167903,167905,167907,2,2
167903,167905,167907,2,2
167903,167905,167906,1,2
167903,167903,167907,4,0
167903,167903,167907,4,0
167903,167903,167908,5,0
167903,167903,167907,4,0
167903,167903,167908,5,0
167903,167903,167908,5,0
167903,167903,167908,5,0
167903,167903,167908,5,0
167903,167904,167908,4,1
167903,167903,167908,5,0
167903,167903,167908,5,0
167903,167903,167909,6,0
167903,167903,167909,6,0
167903,167903,167909,6,0
167903,167903,167909,6,0
167903,167903,167910,7,0
167903,167905,167910,5,2
167903,167905,167910,5,2
167903,167905,167910,5,2
167903,167905,167910,5,2
167903,167903,167911,8,0
167903,167903,167911,8,0
167900,167900,167914,14,0
167649,167649,167925,276,0
167900,167900,167930,30,0
167900,167900,167930,30,0
167900,167900,167931,31,0
167900,167900,167931,31,0
167900,167900,167939,39,0
167903,167903,167944,41,0
168030,168030,168031,1,0
168030,168030,168031,1,0
168030,168030,168031,1,0
168030,168030,168031,1,0
168030,168030,168031,1,0
168030,168030,168031,1,0
168030,168030,168031,1,0
168030,168030,168031,1,0
168030,168030,168032,2,0
168030,168030,168031,1,0
168030,168030,168031,1,0
168030,168030,168031,1,0
168030,168030,168031,1,0
168030,168030,168033,3,0
168030,168030,168033,3,0
168030,168030,168032,2,0
168030,168030,168032,2,0
168030,168030,168032,2,0
168030,168030,168032,2,0
168030,168030,168032,2,0
168030,168030,168032,2,0
168032,168033,168034,1,1
168030,168030,168033,3,0
168030,168030,168033,3,0
168030,168030,168033,3,0
168032,168033,168034,1,1
168032,168033,168034,1,1
168032,168033,168034,1,1
168032,168034,168036,2,2
168032,168035,168036,1,3
168032,168035,168036,1,3
168032,168035,168036,1,3
168032,168033,168037,4,1
168032,168033,168037,4,1
168032,168033,168037,4,1
168032,168033,168038,5,1
168032,168033,168037,4,1
168032,168037,168038,1,5
168032,168033,168038,5,1
168032,168034,168037,3,2
168032,168033,168038,5,1
168032,168034,168038,4,2
168032,168037,168038,1,5
168032,168037,168038,1,5
168032,168033,168038,5,1
168032,168033,168039,6,1
168032,168033,168039,6,1
168032,168033,168039,6,1
168032,168033,168040,7,1
168032,168033,168040,7,1
168030,168030,168041,11,0
168032,168033,168043,10,1
168030,168030,168043,13,0
168030,168030,168048,18,0
168030,168030,168049,19,0
168030,168030,168050,20,0
168032,168033,168053,20,1
168032,168033,168052,19,1
168032,168034,168053,19,2
168032,168034,168053,19,2
168030,168030,168056,26,0
168030,168030,168057,27,0
167903,167907,168065,158,4
167774,167774,168077,303,0
167907,167907,168084,177,0
168159,168159,168160,1,0
168159,168159,168160,1,0
168159,168159,168160,1,0
168159,168159,168160,1,0
168159,168159,168160,1,0
168159,168159,168160,1,0
168159,168159,168160,1,0
168159,168159,168160,1,0
168159,168159,168160,1,0
168159,168159,168160,1,0
168159,168159,168160,1,0
168159,168159,168161,2,0
168159,168159,168160,1,0
168159,168159,168162,3,0
168159,168159,168162,3,0
168159,168159,168161,2,0
168159,168159,168162,3,0
168159,168159,168161,2,0
168159,168159,168161,2,0
168159,168159,168161,2,0
168159,168159,168162,3,0
168159,168159,168162,3,0
168159,168159,168162,3,0
168162,168162,168163,1,0
168159,168159,168162,3,0
168159,168159,168162,3,0
168162,168162,168163,1,0
168162,168162,168163,1,0
168162,168162,168164,2,0
168159,168159,168164,5,0
168159,168159,168164,5,0
168162,168163,168165,2,1
168162,168164,168165,1,2
168162,168164,168166,2,2
168162,168162,168166,4,0
168162,168162,168167,5,0
168162,168162,168167,5,0
168162,168164,168167,3,2
168162,168162,168167,5,0
168162,168162,168167,5,0
168162,168162,168168,6,0
168162,168162,168168,6,0
168162,168162,168168,6,0
168162,168162,168169,7,0
168162,168162,168169,7,0
168159,168159,168169,10,0
168162,168162,168170,8,0
168162,168162,168170,8,0
168162,168162,168170,8,0
168162,168162,168170,8,0
168162,168162,168170,8,0
168162,168162,168170,8,0
168162,168163,168174,11,1
168162,168162,168174,12,0
168162,168163,168175,12,1
168162,168164,168177,13,2
168162,168164,168177,13,2
168162,168162,168177,15,0
168162,168162,168178,16,0
168159,168159,168185,26,0
168159,168159,168190,31,0
168159,168159,168200,41,0
168036,168038,168203,165,2
168033,168037,168205,168,4
167900,167900,168220,320,0
168289,168289,168290,1,0
168289,168289,168290,1,0
168289,168289,168291,2,0
168289,168289,168291,2,0
168289,168289,168292,3,0
168289,168289,168291,2,0
168289,168291,168292,1,2
168289,168289,168292,3,0
168289,168289,168291,2,0
168289,168289,168293,4,0
168289,168289,168293,4,0
168289,168289,168293,4,0
168289,168291,168293,2,2
168289,168291,168292,1,2
168289,168289,168292,3,0
168289,168289,168294,5,0
168289,168289,168294,5,0
168289,168289,168294,5,0
168289,168289,168294,5,0
168289,168289,168294,5,0
168289,168289,168294,5,0
168289,168289,168294,5,0
168289,168289,168294,5,0
168289,168289,168295,6,0
168289,168289,168294,5,0
168289,168289,168295,6,0
168289,168289,168296,7,0
168289,168289,168296,7,0
168289,168289,168296,7,0
168289,168295,168297,2,6
168289,168295,168297,2,6
168289,168295,168297,2,6
168289,168291,168297,6,2
168289,168293,168297,4,4
168289,168294,168296,2,5
168289,168293,168297,4,4
168289,168295,168297,2,6
168289,168295,168297,2,6
168289,168296,168297,1,7
168289,168289,168297,8,0
168289,168295,168298,3,6
168289,168289,168298,9,0
168289,168296,168297,1,7
168289,168293,168298,5,4
168289,168294,168299,5,5
168289,168293,168299,6,4
168289,168294,168299,5,5
168289,168297,168299,2,8
168030,168030,168299,269,0
168289,168292,168300,8,3
168289,168292,168300,8,3
168289,168292,168301,9,3
168289,168293,168301,8,4
168289,168293,168301,8,4
168289,168289,168301,12,0
168162,168165,168300,135,3
168289,168292,168302,10,3
168289,168292,168303,11,3
168289,168289,168304,15,0
168289,168289,168305,16,0
168289,168289,168306,17,0
168289,168294,168307,13,5
168289,168294,168306,12,5
168289,168296,168306,10,7
168166,168166,168339,173,0
168411,168411,168412,1,0
168411,168411,168412,1,0
168411,168411,168413,2,0
168411,168411,168413,2,0
168411,168411,168414,3,0
168411,168412,168414,2,1
168411,168411,168415,4,0
168411,168412,168414,2,1
168411,168411,168415,4,0
168411,168411,168415,4,0
168411,168411,168415,4,0
168411,168411,168415,4,0
168411,168411,168415,4,0
168411,168411,168414,3,0
168411,168412,168415,3,1
168411,168411,168416,5,0
168411,168411,168416,5,0
168411,168412,168416,4,1
168411,168411,168416,5,0
168411,168411,168417,6,0
168411,168411,168417,6,0
168411,168411,168418,7,0
168411,168411,168418,7,0
168411,168411,168418,7,0
168411,168411,168419,8,0
168411,168411,168419,8,0
168411,168411,168419,8,0
168411,168412,168421,9,1
168411,168411,168423,12,0
168411,168411,168432,21,0
168411,168412,168435,23,1
168159,168159,168437,278,0
168664,168664,168665,1,0
168664,168664,168665,1,0
168664,168664,168665,1,0
168664,168664,168665,1,0
168664,168664,168666,2,0
168664,168664,168667,3,0
168664,168664,168667,3,0
168664,168664,168668,4,0
168664,168664,168667,3,0
168664,168664,168667,3,0
168412,168412,168668,256,0
168664,168664,168668,4,0
168664,168664,168668,4,0
168664,168664,168669,5,0
168664,168664,168669,5,0
168664,168664,168669,5,0
168664,168664,168670,6,0
168664,168664,168670,6,0
168664,168664,168670,6,0
168664,168664,168671,7,0
168670,168670,168671,1,0
168664,168664,168671,7,0
168670,168670,168671,1,0
168664,168664,168672,8,0
168670,168670,168671,1,0
168670,168670,168671,1,0
168670,168670,168673,3,0
168670,168671,168673,2,1
168670,168671,168673,2,1
168664,168664,168673,9,0
168670,168672,168673,1,2
168670,168671,168673,2,1
168670,168672,168673,1,2
168670,168672,168673,1,2
168670,168672,168673,1,2
168670,168672,168673,1,2
168670,168673,168674,1,3
168670,168672,168673,1,2
168670,168673,168674,1,3
168664,168664,168675,11,0
168670,168670,168674,4,0
168670,168670,168675,5,0
168670,168670,168674,4,0
168670,168670,168674,4,0
168670,168672,168674,2,2
168670,168670,168675,5,0
168670,168670,168676,6,0
168670,168670,168676,6,0
168664,168664,168676,12,0
168664,168664,168675,11,0
168664,168664,168676,12,0
168670,168670,168676,6,0
168664,168664,168676,12,0
168670,168670,168677,7,0
168676,168676,168677,1,0
168670,168670,168677,7,0
168676,168676,168677,1,0
168670,168670,168677,7,0
168676,168676,168677,1,0
168670,168670,168677,7,0
168676,168676,168677,1,0
168676,168676,168678,2,0
168676,168676,168679,3,0
168676,168676,168679,3,0
168676,168678,168679,1,2
168676,168678,168679,1,2
168676,168678,168679,1,2
168676,168678,168679,1,2
168676,168678,168679,1,2
168676,168678,168679,1,2
168676,168676,168680,4,0
168676,168677,168680,3,1
168676,168676,168681,5,0
168676,168678,168680,2,2
168670,168670,168681,11,0
168676,168676,168682,6,0
168676,168676,168682,6,0
168664,168664,168681,17,0
168676,168676,168683,7,0
168676,168676,168682,6,0
168676,168676,168682,6,0
168676,168676,168683,7,0
168676,168676,168684,8,0
168676,168676,168683,7,0
168676,168676,168683,7,0
168664,168664,168684,20,0
168664,168664,168686,22,0
168676,168676,168687,11,0
168676,168677,168689,12,1
168676,168676,168690,14,0
168676,168676,168700,24,0
168670,168670,168701,31,0
168676,168677,168705,28,1
168664,168664,168711,47,0
168798,168798,168799,1,0
168798,168798,168799,1,0
168798,168798,168799,1,0
168798,168798,168799,1,0
168798,168798,168799,1,0
168798,168798,168799,1,0
168798,168798,168799,1,0
168798,168798,168799,1,0
168798,168798,168799,1,0
168798,168798,168799,1,0
168798,168798,168799,1,0
168798,168798,168799,1,0
168798,168798,168799,1,0
168798,168798,168799,1,0
168798,168798,168799,1,0
168798,168798,168800,2,0
168798,168798,168800,2,0
168798,168798,168800,2,0
168798,168798,168800,2,0
168798,168798,168801,3,0
168798,168798,168801,3,0
168798,168798,168801,3,0
168798,168798,168801,3,0
168798,168798,168802,4,0
168798,168798,168801,3,0
168798,168798,168809,11,0
168798,168798,168808,10,0
168798,168798,168811,13,0
168798,168798,168813,15,0
168798,168798,168814,16,0
168670,168673,168841,168,3
168798,168798,168844,46,0
168664,168664,168908,244,0
168807,168807,168945,138,0
168810,168810,168974,164,0
168798,168798,169050,252,0
169180,169180,169182,2,0
169180,169180,169182,2,0
169180,169180,169182,2,0
169180,169180,169182,2,0
169180,169180,169183,3,0
169180,169180,169183,3,0
169180,169180,169183,3,0
169180,169180,169183,3,0
169180,169180,169183,3,0
169180,169180,169184,4,0
169180,169180,169184,4,0
169180,169180,169183,3,0
169180,169180,169184,4,0
169180,169180,169184,4,0
169180,169180,169184,4,0
169180,169180,169185,5,0
169180,169180,169185,5,0
169180,169180,169185,5,0
169180,169180,169185,5,0
169180,169180,169186,6,0
169180,169182,169186,4,2
169180,169180,169186,6,0
169180,169182,169186,4,2
169180,169180,169186,6,0
169180,169186,169187,1,6
169180,169185,169187,2,5
169180,169182,169187,5,2
169180,169184,169187,3,4
169180,169186,169187,1,6
169180,169184,169188,4,4
169180,169186,169188,2,6
169180,169180,169188,8,0
169180,169187,169188,1,7
169180,169187,169188,1,7
169180,169180,169188,8,0
169180,169184,169188,4,4
169180,169187,169188,1,7
169180,169187,169188,1,7
169180,169188,169189,1,8
169183,169188,169189,1,5
169180,169185,169189,4,5
169180,169183,169189,6,3
169180,169184,169189,5,4
169180,169182,169189,7,2
169183,169188,169189,1,5
169183,169188,169189,1,5
169180,169184,169190,6,4
169180,169186,169191,5,6
169180,169180,169191,11,0
169180,169183,169191,8,3
169183,169189,169191,2,6
169183,169189,169191,2,6
169180,169183,169191,8,3
169183,169190,169192,2,7
169180,169180,169192,12,0
169180,169180,169192,12,0
169183,169189,169192,3,6
169183,169190,169192,2,7
169180,169180,169192,12,0
169183,169190,169192,2,7
169183,169189,169193,4,6
169183,169189,169193,4,6
169183,169190,169192,2,7
169180,169183,169193,10,3
169180,169180,169193,13,0
169183,169189,169193,4,6
169183,169191,169193,2,8
169183,169189,169193,4,6
169183,169192,169193,1,9
169183,169189,169194,5,6
169183,169189,169193,4,6
169183,169192,169193,1,9
169183,169192,169193,1,9
169183,169190,169194,4,7
169183,169192,169194,2,9
169183,169192,169194,2,9
169183,169189,169195,6,6
169183,169193,169194,1,10
169183,169191,169195,4,8
169183,169191,169195,4,8
169183,169193,169195,2,10
169183,169189,169196,7,6
169183,169190,169196,6,7
169183,169189,169198,9,6
169180,169180,169199,19,0
169180,169180,169200,20,0
169180,169180,169200,20,0
169180,169180,169201,21,0
169180,169180,169206,26,0
169180,169180,169226,46,0
169180,169180,169233,53,0
169306,169306,169307,1,0
169306,169306,169307,1,0
169306,169306,169307,1,0
169306,169306,169307,1,0
169306,169306,169307,1,0
169306,169306,169307,1,0
169306,169306,169307,1,0
169306,169306,169307,1,0
169306,169306,169307,1,0
169306,169306,169308,2,0
169306,169306,169307,1,0
169306,169306,169307,1,0
169306,169306,169307,1,0
169306,169306,169307,1,0
169306,169306,169315,9,0
169306,169306,169316,10,0
169306,169306,169316,10,0
169306,169306,169316,10,0
169306,169306,169316,10,0
169306,169306,169315,9,0
169306,169306,169316,10,0
169306,169306,169316,10,0
169306,169306,169316,10,0
169306,169306,169316,10,0
169306,169306,169318,12,0
169306,169306,169317,11,0
169306,169306,169318,12,0
169306,169306,169318,12,0
169306,169306,169319,13,0
169306,169306,169321,15,0
169306,169306,169321,15,0
169181,169188,169339,151,7
169183,169193,169356,163,10
169435,169435,169436,1,0
169435,169435,169437,2,0
169435,169435,169436,1,0
169435,169435,169436,1,0
169435,169435,169436,1,0
169435,169435,169437,2,0
169435,169435,169436,1,0
169435,169435,169436,1,0
169435,169435,169436,1,0
169435,169435,169436,1,0
169435,169435,169436,1,0
169435,169435,169436,1,0
169435,169435,169436,1,0
169435,169435,169436,1,0
169435,169435,169436,1,0
169435,169435,169436,1,0
169435,169435,169438,3,0
169435,169435,169437,2,0
169435,169435,169437,2,0
169435,169435,169437,2,0
169435,169435,169438,3,0
169435,169435,169437,2,0
169435,169435,169438,3,0
169435,169435,169439,4,0
169435,169435,169439,4,0
169435,169435,169439,4,0
169435,169435,169439,4,0
169435,169435,169439,4,0
169435,169435,169444,9,0
169443,169443,169444,1,0
169443,169443,169444,1,0
169443,169443,169444,1,0
169443,169443,169444,1,0
169443,169443,169445,2,0
169443,169443,169446,3,0
169443,169443,169445,2,0
169443,169443,169445,2,0
169443,169443,169445,2,0
169443,169443,169446,3,0
169443,169443,169446,3,0
169443,169443,169446,3,0
169443,169443,169446,3,0
169443,169443,169447,4,0
169443,169443,169446,3,0
169443,169443,169447,4,0
169443,169443,169446,3,0
169443,169443,169447,4,0
169443,169443,169447,4,0
169443,169443,169446,3,0
169443,169443,169447,4,0
169443,169443,169447,4,0
169443,169443,169447,4,0
169443,169443,169447,4,0
169443,169443,169449,6,0
169443,169443,169449,6,0
169435,169435,169454,19,0
169443,169443,169462,19,0
169443,169443,169464,21,0
169443,169443,169466,23,0
169443,169443,169466,23,0
169443,169443,169467,24,0
169435,169435,169471,36,0
169306,169306,169583,277,0
169445,169445,169602,157,0
169435,169435,169674,239,0
169696,169696,169697,1,0
169696,169696,169698,2,0
169696,169696,169698,2,0
169696,169696,169697,1,0
169696,169696,169698,2,0
169696,169696,169697,1,0
169696,169696,169699,3,0
169696,169696,169699,3,0
169696,169696,169699,3,0
169696,169696,169699,3,0
169696,169696,169699,3,0
169696,169696,169699,3,0
169696,169696,169699,3,0
169696,169696,169699,3,0
169696,169696,169700,4,0
169696,169696,169700,4,0
169696,169696,169700,4,0
169696,169696,169700,4,0
169696,169696,169699,3,0
169696,169696,169699,3,0
169696,169696,169699,3,0
169696,169696,169699,3,0
169696,169696,169699,3,0
169696,169696,169701,5,0
169696,169696,169700,4,0
169696,169696,169701,5,0
169696,169696,169702,6,0
169696,169696,169708,12,0
169696,169696,169708,12,0
169696,169696,169709,13,0
169696,169696,169709,13,0
169443,169444,169742,298,1
169821,169821,169822,1,0
169821,169821,169822,1,0
169821,169821,169822,1,0
169821,169821,169823,2,0
169821,169821,169823,2,0
169821,169821,169823,2,0
169821,169821,169823,2,0
169821,169821,169823,2,0
169821,169821,169823,2,0
169821,169822,169823,1,1
169821,169821,169824,3,0
169821,169823,169824,1,2
169821,169821,169823,2,0
169821,169821,169824,3,0
169821,169821,169824,3,0
169821,169821,169824,3,0
169821,169821,169824,3,0
169821,169823,169824,1,2
169821,169821,169824,3,0
169821,169823,169824,1,2
169821,169823,169824,1,2
169821,169821,169824,3,0
169821,169821,169824,3,0
169821,169823,169824,1,2
169821,169823,169824,1,2
169821,169821,169824,3,0
169821,169823,169824,1,2
169821,169821,169825,4,0
169821,169821,169825,4,0
169821,169821,169825,4,0
169821,169821,169825,4,0
169821,169821,169826,5,0
169821,169821,169826,5,0
169821,169821,169826,5,0
169821,169821,169827,6,0
169821,169821,169828,7,0
169821,169822,169828,6,1
169821,169821,169830,9,0
169821,169821,169833,12,0
169821,169821,169833,12,0
169821,169821,169833,12,0
169821,169821,169835,14,0
169691,169691,169877,186,0
169950,169950,169951,1,0
169950,169950,169951,1,0
169950,169950,169951,1,0
169950,169950,169951,1,0
169950,169950,169951,1,0
169950,169950,169951,1,0
169950,169950,169951,1,0
169950,169950,169951,1,0
169950,169950,169951,1,0
169950,169950,169951,1,0
169950,169950,169951,1,0
169950,169950,169951,1,0
169950,169950,169951,1,0
169950,169950,169951,1,0
169950,169950,169951,1,0
169950,169950,169951,1,0
169950,169950,169953,3,0
169950,169950,169953,3,0
169950,169950,169953,3,0
169950,169950,169955,5,0
169954,169954,169955,1,0
169954,169954,169955,1,0
169954,169954,169956,2,0
169954,169954,169956,2,0
169954,169954,169956,2,0
169954,169954,169955,1,0
169954,169954,169956,2,0
169950,169950,169955,5,0
169950,169950,169956,6,0
169950,169950,169956,6,0
169950,169950,169955,5,0
169954,169954,169957,3,0
169954,169954,169956,2,0
169954,169954,169957,3,0
169954,169954,169956,2,0
169954,169954,169956,2,0
169954,169955,169956,1,1
169954,169954,169957,3,0
169954,169954,169957,3,0
169954,169956,169957,1,2
169954,169954,169956,2,0
169954,169956,169957,1,2
169954,169954,169958,4,0
169954,169954,169958,4,0
169954,169956,169957,1,2
169954,169956,169958,2,2
169954,169956,169957,1,2
169954,169956,169957,1,2
169954,169954,169959,5,0
169954,169954,169958,4,0
169954,169956,169960,4,2
169950,169950,169961,11,0
169950,169950,169961,11,0
169950,169950,169961,11,0
169950,169950,169968,18,0
169954,169954,169970,16,0
169954,169955,169973,18,1
169954,169954,169975,21,0
169954,169954,169977,23,0
169950,169950,169979,29,0
169950,169950,169979,29,0
169950,169950,169978,28,0
170077,170077,170079,2,0
170077,170077,170078,1,0
170077,170077,170079,2,0
170077,170077,170079,2,0
170077,170077,170078,1,0
170077,170077,170078,1,0
170077,170077,170079,2,0
170077,170077,170078,1,0
170077,170077,170078,1,0
170077,170077,170078,1,0
170077,170077,170079,2,0
170077,170077,170079,2,0
170077,170077,170078,1,0
170077,170077,170079,2,0
170077,170077,170078,1,0
170077,170077,170078,1,0
170077,170077,170080,3,0
170077,170077,170080,3,0
170077,170077,170079,2,0
170077,170077,170080,3,0
170077,170077,170080,3,0
170077,170077,170080,3,0
169821,169825,170080,255,4
170077,170077,170084,7,0
170077,170077,170085,8,0
170077,170077,170085,8,0
170077,170077,170085,8,0
170077,170077,170086,9,0
170077,170077,170089,12,0
170077,170077,170089,12,0
170077,170077,170090,13,0
170077,170077,170094,17,0
170204,170204,170205,1,0
170204,170204,170205,1,0
170204,170204,170205,1,0
170204,170204,170205,1,0
170204,170204,170205,1,0
170204,170204,170205,1,0
170204,170204,170205,1,0
170204,170204,170205,1,0
170204,170204,170205,1,0
170204,170204,170205,1,0
170204,170204,170205,1,0
170204,170204,170205,1,0
170204,170204,170205,1,0
170204,170204,170205,1,0
170204,170204,170205,1,0
170204,170204,170205,1,0
170204,170204,170207,3,0
170204,170204,170207,3,0
170204,170204,170206,2,0
170204,170204,170206,2,0
170204,170204,170206,2,0
170204,170204,170213,9,0
170204,170204,170213,9,0
170204,170204,170213,9,0
170204,170204,170216,12,0
170204,170204,170215,11,0
170204,170204,170215,11,0
170204,170204,170216,12,0
170204,170204,170216,12,0
170204,170204,170216,12,0
170204,170204,170220,16,0
169954,169956,170237,281,2
169950,169950,170327,377,0
170337,170337,170338,1,0
170337,170337,170338,1,0
170337,170337,170339,2,0
170337,170337,170339,2,0
170337,170337,170339,2,0
170337,170337,170338,1,0
170337,170337,170338,1,0
170337,170337,170338,1,0
170337,170337,170338,1,0
170337,170337,170339,2,0
170337,170337,170338,1,0
170337,170337,170338,1,0
170337,170338,170339,1,1
170337,170337,170340,3,0
170337,170337,170340,3,0
170337,170337,170340,3,0
170337,170337,170340,3,0
170337,170337,170339,2,0
170337,170337,170340,3,0
170337,170337,170339,2,0
170337,170337,170340,3,0
170337,170337,170340,3,0
170337,170337,170340,3,0
170077,170077,170342,265,0
170337,170337,170341,4,0
170337,170337,170349,12,0
170337,170337,170348,11,0
170337,170337,170349,12,0
170337,170337,170349,12,0
170337,170337,170354,17,0
170337,170337,170356,19,0
170209,170210,170362,152,1
170337,170337,170364,27,0
170212,170212,170365,153,0
170213,170213,170376,163,0
170214,170214,170378,164,0
170463,170464,170465,1,1
170463,170464,170465,1,1
170463,170464,170465,1,1
170463,170464,170465,1,1
170463,170464,170465,1,1
170463,170464,170465,1,1
170463,170464,170465,1,1
170463,170464,170465,1,1
170463,170464,170465,1,1
170204,170204,170466,262,0
170464,170464,170467,3,0
170463,170464,170466,2,1
170463,170464,170466,2,1
170463,170464,170466,2,1
170464,170466,170467,1,2
170463,170464,170468,4,1
170463,170464,170467,3,1
170463,170464,170467,3,1
170463,170464,170467,3,1
170464,170466,170468,2,2
170463,170464,170468,4,1
170463,170464,170468,4,1
170464,170466,170468,2,2
170464,170467,170468,1,3
170464,170467,170468,1,3
170464,170466,170469,3,2
170464,170467,170468,1,3
170464,170466,170469,3,2
170464,170468,170469,1,4
170464,170466,170469,3,2
170464,170468,170469,1,4
170464,170468,170469,1,4
170464,170468,170469,1,4
170464,170469,170470,1,5
170464,170469,170470,1,5
170464,170466,170471,5,2
170464,170469,170470,1,5
170464,170469,170470,1,5
170464,170469,170470,1,5
170464,170466,170470,4,2
170464,170469,170470,1,5
170464,170470,170471,1,6
170464,170470,170471,1,6
170464,170466,170470,4,2
170464,170469,170470,1,5
170464,170470,170471,1,6
170464,170470,170471,1,6
170464,170470,170472,2,6
170464,170471,170472,1,7
170464,170471,170472,1,7
170464,170471,170472,1,7
170464,170471,170472,1,7
170464,170471,170472,1,7
170464,170471,170472,1,7
170464,170471,170473,2,7
170464,170470,170474,4,6
170464,170472,170473,1,8
170464,170471,170473,2,7
170464,170473,170474,1,9
170463,170464,170474,10,1
170463,170464,170474,10,1
170463,170464,170474,10,1
170464,170464,170474,10,0
170463,170464,170475,11,1
170464,170464,170474,10,0
170464,170471,170475,4,7
170464,170473,170474,1,9
170464,170471,170474,3,7
170464,170473,170474,1,9
170464,170474,170475,1,10
170464,170470,170474,4,6
170464,170473,170474,1,9
170464,170473,170474,1,9
170464,170473,170474,1,9
170464,170474,170475,1,10
170464,170474,170475,1,10
170464,170474,170475,1,10
170463,170464,170476,12,1
170463,170464,170476,12,1
170463,170464,170476,12,1
170464,170471,170476,5,7
170464,170471,170476,5,7
170464,170470,170476,6,6
170463,170464,170477,13,1
170463,170464,170477,13,1
170464,170467,170477,10,3
170463,170464,170478,14,1
170463,170464,170478,14,1
170464,170467,170478,11,3
170464,170468,170478,10,4
170464,170468,170478,10,4
170464,170464,170479,15,0
170463,170464,170501,37,1
170463,170464,170503,39,1
170594,170594,170595,1,0
170594,170594,170595,1,0
170594,170594,170595,1,0
170594,170594,170595,1,0
170594,170594,170595,1,0
170594,170594,170595,1,0
170594,170594,170597,3,0
170594,170594,170596,2,0
170594,170594,170596,2,0
170594,170594,170596,2,0
170594,170594,170596,2,0
170594,170594,170598,4,0
170594,170594,170597,3,0
170594,170594,170597,3,0
170594,170594,170599,5,0
170594,170594,170599,5,0
170594,170594,170599,5,0
170594,170595,170603,8,1
170594,170594,170604,10,0
170594,170594,170604,10,0
170594,170594,170605,11,0
170594,170594,170605,11,0
170594,170594,170605,11,0
170594,170594,170605,11,0
170594,170594,170606,12,0
170594,170594,170607,13,0
170594,170594,170607,13,0
170594,170594,170606,12,0
170594,170594,170606,12,0
170594,170594,170609,15,0
170594,170594,170610,16,0
170594,170594,170625,31,0
170464,170474,170646,172,10
170722,170722,170723,1,0
170722,170722,170723,1,0
170722,170722,170723,1,0
170722,170722,170723,1,0
170722,170722,170723,1,0
170722,170722,170723,1,0
170722,170722,170723,1,0
170722,170722,170724,2,0
170722,170722,170725,3,0
170722,170722,170724,2,0
170725,170725,170726,1,0
170725,170725,170726,1,0
170722,170722,170726,4,0
170722,170722,170726,4,0
170725,170725,170726,1,0
170725,170725,170726,1,0
170725,170725,170728,3,0
170725,170727,170728,1,2
170725,170725,170727,2,0
170725,170726,170727,1,1
170722,170722,170727,5,0
170725,170725,170727,2,0
170722,170722,170727,5,0
170725,170726,170727,1,1
170725,170727,170728,1,2
170725,170727,170728,1,2
170725,170728,170729,1,3
170725,170728,170729,1,3
170725,170728,170729,1,3
170722,170722,170729,7,0
170725,170725,170729,4,0
170725,170727,170728,1,2
170725,170729,170730,1,4
170725,170729,170730,1,4
170725,170729,170730,1,4
170722,170722,170730,8,0
170722,170722,170730,8,0
170722,170722,170730,8,0
170725,170725,170729,4,0
170725,170728,170729,1,3
170725,170728,170729,1,3
170725,170728,170729,1,3
170725,170725,170729,4,0
170725,170728,170729,1,3
170725,170728,170729,1,3
170725,170728,170729,1,3
170722,170722,170732,10,0
170722,170722,170732,10,0
170722,170722,170734,12,0
170722,170722,170734,12,0
170722,170722,170734,12,0
170722,170722,170734,12,0
170594,170598,170735,137,4
170722,170722,170737,15,0
170725,170725,170748,23,0
170722,170722,170752,30,0
170722,170722,170755,33,0
170722,170722,170754,32,0
170722,170722,170755,33,0
170722,170722,170758,36,0
170722,170722,170759,37,0
170725,170725,170761,36,0
170725,170725,170763,38,0
170852,170852,170853,1,0
170852,170852,170853,1,0
170852,170852,170853,1,0
170852,170852,170853,1,0
170852,170852,170853,1,0
170852,170852,170853,1,0
170852,170852,170854,2,0
170852,170852,170853,1,0
170852,170852,170854,2,0
170852,170852,170855,3,0
170852,170852,170854,2,0
170852,170852,170855,3,0
170852,170852,170855,3,0
170852,170852,170855,3,0
170852,170852,170856,4,0
170852,170852,170857,5,0
170852,170852,170857,5,0
170852,170852,170857,5,0
170852,170852,170862,10,0
170852,170852,170862,10,0
170852,170852,170861,9,0
170852,170855,170862,7,3
170852,170852,170862,10,0
170852,170852,170862,10,0
170852,170852,170862,10,0
170852,170855,170863,8,3
170852,170852,170864,12,0
170852,170852,170864,12,0
170852,170852,170867,15,0
170852,170852,170868,16,0
170852,170852,170877,25,0
170852,170852,170886,34,0
170725,170729,170898,169,4
170852,170852,170898,46,0
170980,170980,170982,2,0
170980,170980,170982,2,0
170980,170980,170982,2,0
170980,170980,170982,2,0
170980,170980,170982,2,0
170980,170980,170982,2,0
170980,170980,170982,2,0
170980,170980,170982,2,0
170980,170980,170982,2,0
170980,170980,170982,2,0
170980,170980,170982,2,0
170980,170980,170982,2,0
170980,170980,170982,2,0
170980,170980,170982,2,0
170980,170980,170982,2,0
170980,170980,170982,2,0
170980,170980,170983,3,0
170980,170980,170983,3,0
170983,170983,170984,1,0
170983,170983,170984,1,0
170983,170983,170984,1,0
170983,170983,170985,2,0
170983,170983,170985,2,0
170983,170983,170985,2,0
170983,170984,170985,1,1
170983,170983,170984,1,0
170983,170984,170985,1,1
170983,170983,170985,2,0
170983,170985,170986,1,2
170983,170983,170986,3,0
170983,170985,170986,1,2
170983,170985,170986,1,2
170980,170980,170986,6,0
170983,170983,170986,3,0
170983,170985,170986,1,2
170983,170985,170986,1,2
170983,170983,170986,3,0
170983,170983,170987,4,0
170983,170985,170987,2,2
170983,170983,170987,4,0
170983,170983,170987,4,0
170983,170985,170987,2,2
170983,170983,170987,4,0
170983,170983,170987,4,0
170980,170980,170988,8,0
170983,170983,170988,5,0
170983,170983,170988,5,0
170980,170980,170989,9,0
170980,170980,170990,10,0
170980,170980,170990,10,0
170980,170980,170991,11,0
170983,170983,170991,8,0
170980,170980,170992,12,0
170980,170980,170992,12,0
170983,170983,170993,10,0
170980,170980,170997,17,0
170983,170983,170998,15,0
170980,170980,171001,21,0
170722,170722,171006,284,0
170980,170980,171014,34,0
170980,170980,171015,35,0
170980,170980,171023,43,0
170983,170983,171023,40,0
317339,317339,317340,1,0
317339,317339,317340,1,0
317339,317339,317341,2,0
317339,317339,317340,1,0
317339,317339,317340,1,0
317339,317339,317340,1,0
317339,317339,317341,2,0
317339,317339,317340,1,0
317339,317340,317341,1,1
317339,317339,317340,1,0
317339,317340,317341,1,1
317339,317339,317341,2,0
317339,317341,317342,1,2
317339,317339,317342,3,0
317339,317341,317342,1,2
317339,317341,317342,1,2
317339,317341,317342,1,2
317339,317341,317342,1,2
317339,317341,317342,1,2
317339,317341,317342,1,2
317339,317339,317343,4,0
317339,317339,317344,5,0
317339,317341,317344,3,2
317339,317339,317343,4,0
317339,317339,317344,5,0
317339,317339,317344,5,0
317339,317344,317345,1,5
317339,317339,317345,6,0
317339,317344,317345,1,5
317339,317343,317344,1,4
317339,317344,317345,1,5
317339,317344,317345,1,5
317339,317339,317345,6,0
317339,317344,317345,1,5
317339,317342,317346,4,3
317339,317342,317346,4,3
317339,317345,317346,1,6
317339,317342,317346,4,3
317339,317345,317346,1,6
317339,317345,317346,1,6
317339,317342,317346,4,3
317339,317345,317346,1,6
317339,317345,317346,1,6
317339,317345,317346,1,6
317339,317345,317346,1,6
317339,317345,317346,1,6
317339,317342,317347,5,3
317339,317346,317347,1,7
317339,317346,317347,1,7
317339,317346,317347,1,7
317339,317342,317347,5,3
317339,317346,317347,1,7
317339,317342,317346,4,3
317339,317346,317347,1,7
317339,317341,317347,6,2
317339,317346,317347,1,7
317339,317346,317348,2,7
317339,317339,317348,9,0
317339,317339,317349,10,0
317339,317339,317348,9,0
317339,317339,317348,9,0
317339,317339,317349,10,0
317339,317339,317349,10,0
317339,317339,317349,10,0
317339,317339,317349,10,0
317339,317339,317349,10,0
317339,317347,317349,2,8
317339,317347,317349,2,8
317339,317339,317350,11,0
317339,317339,317350,11,0
317339,317339,317350,11,0
317339,317349,317350,1,10
317339,317349,317351,2,10
317339,317346,317351,5,7
317339,317347,317351,4,8
317339,317346,317352,6,7
317339,317347,317351,4,8
317339,317339,317352,13,0
317339,317350,317351,1,11
317339,317339,317352,13,0
317339,317347,317352,5,8
317339,317347,317352,5,8
317339,317349,317352,3,10
317339,317346,317352,6,7
317339,317347,317352,5,8
317339,317346,317352,6,7
317339,317346,317352,6,7
317339,317347,317352,5,8
317339,317339,317353,14,0
317339,317339,317353,14,0
317339,317347,317353,6,8
317339,317347,317353,6,8
317339,317351,317353,2,12
317339,317353,317354,1,14
317339,317339,317354,15,0
317339,317352,317356,4,13
317339,317352,317357,5,13
317339,317349,317357,8,10
317339,317349,317357,8,10
317339,317349,317357,8,10
317339,317349,317357,8,10
317339,317352,317357,5,13
317339,317352,317357,5,13
317339,317352,317357,5,13
317339,317352,317357,5,13
317339,317352,317357,5,13
317339,317352,317357,5,13
317339,317351,317357,6,12
317339,317342,317357,15,3
317339,317342,317358,16,3
317339,317352,317357,5,13
317339,317354,317358,4,15
317339,317351,317358,7,12
317339,317358,317359,1,19
317339,317358,317359,1,19
317339,317339,317359,20,0
317339,317355,317360,5,16
317339,317355,317360,5,16
317339,317359,317360,1,20
317339,317359,317360,1,20
317339,317349,317360,11,10
317339,317358,317360,2,19
317339,317358,317360,2,19
317339,317358,317360,2,19
317339,317349,317360,11,10
317339,317353,317360,7,14
317339,317355,317360,5,16
317339,317358,317361,3,19
317339,317355,317360,5,16
317339,317358,317360,2,19
317339,317355,317360,5,16
317339,317355,317360,5,16
317339,317355,317360,5,16
317339,317355,317360,5,16
317339,317357,317362,5,18
317339,317357,317362,5,18
317339,317361,317362,1,22
317339,317361,317362,1,22
317339,317357,317362,5,18
317339,317362,317363,1,23
317339,317361,317364,3,22
317339,317361,317364,3,22
317339,317351,317363,12,12
317339,317357,317364,7,18
317339,317357,317364,7,18
317339,317359,317364,5,20
317339,317357,317364,7,18
317339,317363,317364,1,24
317339,317353,317364,11,14
317339,317360,317365,5,21
317339,317361,317364,3,22
317339,317360,317365,5,21
317339,317355,317365,10,16
317339,317359,317365,6,20
317339,317360,317365,5,21
317339,317360,317365,5,21
317339,317360,317365,5,21
317339,317360,317365,5,21
317339,317352,317366,14,13
317339,317361,317366,5,22
317339,317361,317366,5,22
317339,317361,317367,6,22
317339,317361,317367,6,22
317339,317358,317368,10,19
317339,317360,317368,8,21
317339,317360,317369,9,21
317339,317360,317370,10,21
317339,317360,317370,10,21
317339,317360,317371,11,21
317339,317352,317373,21,13
317339,317351,317375,24,12
317383,317383,317384,1,0
317383,317383,317384,1,0
317383,317383,317384,1,0
317383,317383,317384,1,0
317383,317383,317384,1,0
317383,317383,317385,2,0
317383,317383,317388,5,0
317383,317383,317389,6,0
317383,317383,317388,5,0
317383,317383,317388,5,0
317383,317383,317389,6,0
317383,317383,317389,6,0
317383,317383,317389,6,0
317383,317383,317389,6,0
317383,317383,317388,5,0
317383,317383,317388,5,0
317383,317383,317389,6,0
317383,317383,317389,6,0
317383,317383,317389,6,0
317383,317383,317389,6,0
317383,317383,317390,7,0
317383,317383,317389,6,0
317383,317383,317389,6,0
317383,317383,317389,6,0
317383,317383,317389,6,0
317383,317384,317389,5,1
317383,317384,317389,5,1
317383,317385,317390,5,2
317383,317385,317390,5,2
317383,317390,317391,1,7
317383,317390,317391,1,7
317383,317391,317392,1,8
317383,317391,317392,1,8
317383,317391,317392,1,8
317383,317391,317392,1,8
317383,317383,317392,9,0
317383,317389,317393,4,6
317383,317388,317393,5,5
317383,317383,317394,11,0
317383,317383,317394,11,0
317383,317389,317394,5,6
317383,317390,317394,4,7
317383,317389,317394,5,6
317383,317389,317393,4,6
317383,317389,317394,5,6
317383,317389,317394,5,6
317383,317389,317394,5,6
317383,317389,317394,5,6
317383,317389,317394,5,6
317383,317392,317394,2,9
317383,317385,317395,10,2
317383,317389,317395,6,6
317383,317389,317394,5,6
317383,317389,317394,5,6
317383,317392,317397,5,9
317383,317392,317397,5,9
317383,317383,317398,15,0
317383,317383,317398,15,0
317383,317397,317398,1,14
317383,317393,317398,5,10
317383,317395,317398,3,12
317383,317397,317398,1,14
317383,317392,317398,6,9
317383,317383,317399,16,0
317383,317398,317399,1,15
317383,317385,317398,13,2
317383,317398,317399,1,15
317383,317394,317399,5,11
317383,317398,317399,1,15
317383,317398,317399,1,15
317383,317398,317399,1,15
317383,317398,317399,1,15
317383,317393,317400,7,10
317383,317398,317399,1,15
317383,317394,317399,5,11
317383,317395,317400,5,12
317383,317395,317400,5,12
317383,317395,317400,5,12
317383,317395,317400,5,12
317383,317394,317400,6,11
317383,317395,317399,4,12
317383,317395,317399,4,12
317383,317394,317400,6,11
317383,317383,317400,17,0
317383,317395,317400,5,12
317383,317395,317401,6,12
317383,317395,317401,6,12
317383,317393,317402,9,10
317383,317394,317403,9,11
317383,317401,317403,2,18
317383,317390,317404,14,7
317383,317402,317403,1,19
317383,317399,317404,5,16
317383,317401,317404,3,18
317383,317403,317404,1,20
317383,317399,317404,5,16
317383,317401,317405,4,18
317383,317403,317404,1,20
317383,317399,317405,6,16
317383,317399,317405,6,16
317383,317399,317405,6,16
317383,317404,317405,1,21
317383,317399,317404,5,16
317383,317400,317405,5,17
317383,317404,317405,1,21
317383,317404,317405,1,21
317383,317390,317406,16,7
317383,317390,317406,16,7
317383,317400,317405,5,17
317383,317400,317405,5,17
317383,317400,317406,6,17
317383,317404,317405,1,21
317383,317400,317406,6,17
317383,317400,317406,6,17
317383,317400,317406,6,17
317383,317383,317407,24,0
317383,317404,317406,2,21
317383,317400,317407,7,17
317383,317399,317407,8,16
317383,317383,317407,24,0
317383,317390,317409,19,7
317383,317400,317409,9,17
317383,317404,317409,5,21
317383,317409,317410,1,26
317383,317383,317410,27,0
317383,317405,317410,5,22
317383,317401,317410,9,18
317383,317410,317411,1,27
317383,317400,317411,11,17
317383,317401,317411,10,18
317383,317406,317411,5,23
317383,317410,317411,1,27
317383,317405,317410,5,22
317383,317405,317411,6,22
317383,317405,317411,6,22
317383,317405,317411,6,22
317383,317405,317411,6,22
317383,317405,317411,6,22
317383,317406,317411,5,23
317383,317406,317411,5,23
317383,317383,317412,29,0
317383,317409,317412,3,26
317383,317406,317411,5,23
317383,317406,317412,6,23
317383,317407,317412,5,24
317383,317407,317412,5,24
317383,317407,317412,5,24
317383,317406,317413,7,23
317383,317406,317413,7,23
317383,317399,317413,14,16
317383,317407,317414,7,24
317383,317407,317414,7,24
317383,317390,317415,25,7
317383,317407,317416,9,24
317383,317410,317416,6,27
317383,317405,317416,11,22
317383,317406,317416,10,23
317383,317415,317416,1,32
317383,317415,317417,2,32
317383,317416,317417,1,33
317383,317411,317417,6,28
317383,317411,317417,6,28
317383,317399,317417,18,16
317383,317417,317418,1,34
317383,317412,317417,5,29
317383,317412,317417,5,29
317383,317412,317417,5,29
317383,317412,317417,5,29
317383,317412,317417,5,29
317383,317412,317417,5,29
317383,317412,317417,5,29
317383,317412,317417,5,29
317383,317412,317417,5,29
317383,317413,317417,4,30
317383,317411,317417,6,28
317383,317413,317418,5,30
317383,317413,317418,5,30
317383,317413,317419,6,30
317383,317413,317418,5,30
317383,317412,317419,7,29
317383,317417,317420,3,34
317383,317412,317419,7,29
317383,317413,317420,7,30
317383,317413,317419,6,30
317383,317411,317422,11,28
317383,317417,317422,5,34
317383,317407,317422,15,24
317383,317411,317423,12,28
317383,317418,317423,5,35
317383,317417,317424,7,34
317383,317408,317426,18,25
317383,317416,317426,10,33
317383,317417,317427,10,34
317383,317417,317428,11,34
317383,317394,317429,35,11
317383,317414,317429,15,31
317383,317411,317434,23,28
317441,317442,317443,1,1
317441,317442,317445,3,1
317441,317442,317445,3,1
317441,317442,317445,3,1
317441,317442,317447,5,1
317441,317442,317447,5,1
317441,317442,317447,5,1
317441,317442,317447,5,1
317441,317442,317447,5,1
317441,317442,317447,5,1
317441,317442,317447,5,1
317441,317442,317447,5,1
317441,317442,317447,5,1
317441,317442,317447,5,1
317441,317442,317447,5,1
317441,317442,317447,5,1
317441,317442,317447,5,1
317441,317442,317447,5,1
317441,317442,317447,5,1
317441,317442,317448,6,1
317441,317442,317448,6,1
317441,317442,317448,6,1
317441,317442,317449,7,1
317441,317442,317449,7,1
317441,317448,317449,1,7
317441,317442,317449,7,1
317441,317449,317450,1,8
317441,317450,317451,1,9
317441,317442,317451,9,1
317441,317442,317451,9,1
317441,317448,317451,3,7
317441,317442,317451,9,1
317441,317450,317451,1,9
317441,317444,317452,8,3
317441,317448,317453,5,7
317441,317448,317453,5,7
317441,317448,317453,5,7
317441,317448,317453,5,7
317441,317448,317453,5,7
317441,317448,317453,5,7
317441,317448,317453,5,7
317441,317446,317453,7,5
317441,317446,317453,7,5
317441,317448,317453,5,7
317441,317448,317453,5,7
317441,317448,317453,5,7
317441,317448,317453,5,7
317441,317448,317453,5,7
317441,317448,317453,5,7
317441,317446,317454,8,5
317441,317442,317455,13,1
317441,317454,317455,1,13
317441,317442,317455,13,1
317441,317442,317456,14,1
317441,317451,317456,5,10
317441,317442,317456,14,1
317441,317455,317456,1,14
317441,317452,317457,5,11
317441,317455,317456,1,14
317441,317451,317456,5,10
317441,317451,317457,6,10
317441,317456,317457,1,15
317441,317452,317458,6,11
317441,317452,317458,6,11
317441,317452,317459,7,11
317441,317454,317459,5,13
317441,317454,317459,5,13
317441,317454,317459,5,13
317441,317454,317459,5,13
317441,317454,317459,5,13
317441,317454,317459,5,13
317441,317454,317459,5,13
317441,317454,317459,5,13
317441,317454,317459,5,13
317441,317454,317459,5,13
317441,317454,317459,5,13
317441,317454,317459,5,13
317441,317454,317460,6,13
317441,317454,317461,7,13
317441,317453,317461,8,12
317441,317452,317461,9,11
317441,317457,317462,5,16
317441,317457,317462,5,16
317441,317457,317462,5,16
317441,317457,317462,5,16
317441,317462,317463,1,21
317441,317457,317463,6,16
317441,317461,317464,3,20
317441,317451,317463,12,10
317441,317462,317463,1,21
317441,317459,317464,5,18
317441,317463,317464,1,22
317441,317462,317464,2,21
317441,317458,317464,6,17
317441,317461,317464,3,20
317441,317458,317464,6,17
317441,317459,317464,5,18
317441,317450,317465,15,9
317441,317460,317465,5,19
317441,317460,317466,6,19
317441,317460,317465,5,19
317441,317460,317465,5,19
317441,317457,317465,8,16
317441,317459,317466,7,18
317441,317460,317465,5,19
317441,317460,317465,5,19
317441,317460,317465,5,19
317441,317459,317466,7,18
317441,317460,317465,5,19
317441,317460,317465,5,19
317441,317460,317465,5,19
317441,317442,317467,25,1
317441,317466,317467,1,25
317441,317466,317467,1,25
317441,317466,317467,1,25
317441,317459,317467,8,18
317441,317467,317468,1,26
317441,317467,317468,1,26
317441,317467,317468,1,26
317441,317464,317469,5,23
317441,317463,317468,5,22
317441,317464,317469,5,23
317441,317456,317469,13,15
317441,317468,317469,1,27
317441,317464,317469,5,23
317441,317464,317469,5,23
317441,317464,317470,6,23
317441,317465,317471,6,24
317441,317442,317471,29,1
317441,317466,317471,5,25
317441,317466,317471,5,25
317441,317466,317471,5,25
317441,317466,317471,5,25
317441,317465,317472,7,24
317441,317466,317471,5,25
317441,317466,317471,5,25
317441,317466,317471,5,25
317441,317466,317471,5,25
317441,317442,317472,30,1
317441,317466,317473,7,25
317441,317465,317473,8,24
317441,317468,317473,5,27
317441,317468,317473,5,27
317441,317466,317473,7,25
317441,317469,317474,5,28
317441,317469,317474,5,28
317441,317468,317473,5,27
317441,317473,317474,1,32
317441,317473,317474,1,32
317441,317466,317475,9,25
317441,317474,317475,1,33
317441,317473,317475,2,32
317441,317470,317475,5,29
317441,317474,317475,1,33
317441,317469,317475,6,28
317441,317474,317475,1,33
317441,317474,317475,1,33
317441,317474,317475,1,33
317441,317442,317476,34,1
317441,317464,317476,12,23
317441,317465,317475,10,24
317441,317470,317475,5,29
317441,317471,317476,5,30
317441,317467,317476,9,26
317441,317457,317477,20,16
317441,317465,317477,12,24
317441,317472,317477,5,31
317441,317472,317477,5,31
317441,317472,317477,5,31
317441,317472,317477,5,31
317441,317472,317477,5,31
317441,317472,317477,5,31
317441,317472,317477,5,31
317441,317471,317478,7,30
317441,317470,317478,8,29
317441,317472,317479,7,31
317441,317464,317479,15,23
317441,317472,317479,7,31
317441,317472,317479,7,31
317441,317475,317480,5,34
317441,317475,317480,5,34
317441,317475,317480,5,34
317441,317475,317480,5,34
317441,317473,317481,8,32
317441,317475,317481,6,34
317441,317475,317481,6,34
317441,317474,317496,22,33
317441,317473,317496,23,32
317441,317449,317500,51,8
317441,317470,317505,35,29
317441,317464,317508,44,23
317517,317517,317518,1,0
317517,317517,317518,1,0
317517,317517,317520,3,0
317517,317517,317521,4,0
317517,317517,317522,5,0
317517,317517,317522,5,0
317517,317517,317522,5,0
317517,317517,317522,5,0
317517,317517,317522,5,0
317517,317517,317522,5,0
317517,317517,317522,5,0
317517,317517,317522,5,0
317517,317517,317522,5,0
317517,317517,317522,5,0
317517,317517,317522,5,0
317517,317517,317522,5,0
317517,317517,317522,5,0
317517,317517,317522,5,0
317517,317517,317522,5,0
317517,317517,317522,5,0
317517,317523,317524,1,6
317517,317523,317524,1,6
317517,317523,317524,1,6
317517,317523,317524,1,6
317517,317523,317524,1,6
317517,317517,317525,8,0
317517,317517,317524,7,0
317517,317517,317524,7,0
317517,317517,317525,8,0
317517,317517,317526,9,0
317517,317517,317525,8,0
317517,317517,317527,10,0
317517,317517,317526,9,0
317517,317519,317527,8,2
317517,317523,317528,5,6
317517,317523,317528,5,6
317517,317523,317528,5,6
317517,317524,317528,4,7
317517,317523,317528,5,6
317517,317523,317528,5,6
317517,317523,317528,5,6
317517,317523,317528,5,6
317517,317523,317528,5,6
317517,317517,317529,12,0
317517,317523,317528,5,6
317517,317523,317528,5,6
317517,317523,317528,5,6
317517,317521,317529,8,4
317517,317521,317529,8,4
317517,317525,317530,5,8
317517,317525,317530,5,8
317517,317525,317530,5,8
317517,317529,317530,1,12
317517,317529,317530,1,12
317517,317529,317530,1,12
317517,317517,317531,14,0
317517,317525,317530,5,8
317517,317530,317531,1,13
317517,317530,317531,1,13
317517,317530,317531,1,13
317517,317530,317531,1,13
317517,317530,317531,1,13
317517,317525,317530,5,8
317517,317530,317531,1,13
317517,317525,317531,6,8
317517,317525,317531,6,8
317517,317530,317531,1,13
317517,317526,317532,6,9
317517,317528,317533,5,11
317517,317528,317533,5,11
317517,317526,317534,8,9
317517,317527,317534,7,10
317517,317517,317534,17,0
317517,317528,317533,5,11
317517,317528,317533,5,11
317517,317528,317534,6,11
317517,317529,317534,5,12
317517,317529,317534,5,12
317517,317529,317534,5,12
317517,317529,317534,5,12
317517,317529,317535,6,12
317517,317530,317535,5,13
317517,317531,317536,5,14
317517,317535,317536,1,18
317517,317535,317536,1,18
317517,317535,317536,1,18
317517,317535,317536,1,18
317517,317531,317536,5,14
317517,317531,317536,5,14
317517,317531,317536,5,14
317517,317535,317536,1,18
317517,317519,317536,17,2
317517,317535,317537,2,18
317517,317536,317537,1,19
317517,317536,317537,1,19
317517,317531,317536,5,14
317517,317536,317537,1,19
317517,317536,317537,1,19
317517,317532,317537,5,15
317517,317531,317537,6,14
317517,317536,317538,2,19
317517,317532,317538,6,15
317517,317533,317538,5,16
317517,317533,317538,5,16
317517,317536,317538,2,19
317517,317534,317539,5,17
317517,317533,317540,7,16
317517,317534,317539,5,17
317517,317517,317541,24,0
317517,317531,317540,9,14
317517,317532,317540,8,15
317517,317534,317540,6,17
317517,317536,317540,4,19
317517,317536,317541,5,19
317517,317536,317541,5,19
317517,317534,317542,8,17
317517,317535,317541,6,18
317517,317541,317542,1,24
317517,317537,317542,5,20
317517,317541,317542,1,24
317517,317541,317542,1,24
317517,317541,317542,1,24
317517,317526,317542,16,9
317517,317541,317543,2,24
317517,317541,317542,1,24
317517,317542,317543,1,25
317517,317542,317543,1,25
317517,317537,317542,5,20
317517,317537,317542,5,20
317517,317542,317543,1,25
317517,317537,317542,5,20
317517,317537,317542,5,20
317517,317537,317542,5,20
317517,317542,317543,1,25
317517,317537,317543,6,20
317517,317532,317544,12,15
317517,317539,317544,5,22
317517,317538,317544,6,21
317517,317539,317544,5,22
317517,317539,317544,5,22
317517,317542,317544,2,25
317517,317517,317545,28,0
317517,317529,317544,15,12
317517,317538,317545,7,21
317517,317539,317545,6,22
317517,317542,317545,3,25
317517,317534,317545,11,17
317517,317539,317545,6,22
317517,317540,317545,5,23
317517,317545,317546,1,28
317517,317540,317546,6,23
317517,317542,317546,4,25
317517,317545,317547,2,28
317517,317545,317547,2,28
317517,317546,317547,1,29
317517,317546,317547,1,29
317517,317547,317548,1,30
317517,317543,317548,5,26
317517,317543,317548,5,26
317517,317547,317549,2,30
317517,317547,317549,2,30
317517,317543,317548,5,26
317517,317543,317549,6,26
317517,317544,317549,5,27
317517,317543,317549,6,26
317517,317543,317548,5,26
317517,317543,317548,5,26
317517,317543,317549,6,26
317517,317544,317550,6,27
317517,317543,317549,6,26
317517,317543,317550,7,26
317517,317544,317549,5,27
317517,317544,317550,6,27
317517,317544,317550,6,27
317517,317543,317551,8,26
317517,317544,317551,7,27
317517,317543,317551,8,26
317517,317547,317552,5,30
317517,317545,317552,7,28
317517,317547,317552,5,30
317517,317548,317552,4,31
317517,317548,317552,4,31
317517,317548,317552,4,31
317517,317517,317553,36,0
317517,317546,317553,7,29
317517,317517,317554,37,0
317517,317531,317555,24,14
317517,317541,317556,15,24
317517,317543,317556,13,26
317517,317517,317557,40,0
317517,317548,317557,9,31
317517,317527,317561,34,10
317517,317537,317563,26,20
317571,317571,317572,1,0
317571,317571,317572,1,0
317571,317571,317573,2,0
317571,317571,317572,1,0
317571,317571,317572,1,0
317571,317571,317572,1,0
317571,317571,317572,1,0
317571,317571,317574,3,0
317571,317571,317573,2,0
317571,317571,317576,5,0
317571,317571,317576,5,0
317571,317571,317576,5,0
317571,317571,317576,5,0
317571,317571,317576,5,0
317571,317571,317576,5,0
317571,317571,317576,5,0
317571,317571,317576,5,0
317571,317571,317576,5,0
317571,317571,317576,5,0
317571,317571,317576,5,0
317571,317571,317576,5,0
317571,317571,317576,5,0
317571,317571,317576,5,0
317571,317571,317576,5,0
317571,317571,317576,5,0
317571,317571,317578,7,0
317571,317571,317578,7,0
317571,317577,317578,1,6
317571,317577,317578,1,6
317571,317577,317578,1,6
317571,317577,317578,1,6
317571,317577,317578,1,6
317571,317577,317578,1,6
317571,317573,317578,5,2
317571,317577,317578,1,6
317571,317577,317578,1,6
317571,317577,317578,1,6
317571,317577,317578,1,6
317571,317577,317578,1,6
317571,317577,317578,1,6
317571,317571,317577,6,0
317571,317577,317578,1,6
317571,317571,317579,8,0
317571,317571,317580,9,0
317571,317571,317580,9,0
317571,317574,317580,6,3
317571,317573,317582,9,2
317571,317574,317582,8,3
317571,317576,317581,5,5
317571,317576,317581,5,5
317571,317578,317581,3,7
317571,317571,317583,12,0
317571,317578,317583,5,7
317571,317578,317583,5,7
317571,317582,317583,1,11
317571,317582,317583,1,11
317571,317582,317583,1,11
317571,317573,317583,10,2
317571,317583,317584,1,12
317571,317581,317584,3,10
317571,317582,317583,1,11
317571,317578,317583,5,7
317571,317578,317583,5,7
317571,317578,317583,5,7
317571,317579,317584,5,8
317571,317578,317583,5,7
317571,317578,317583,5,7
317571,317578,317584,6,7
317571,317583,317584,1,12
317571,317578,317583,5,7
317571,317578,317583,5,7
317571,317583,317584,1,12
317571,317583,317584,1,12
317571,317578,317583,5,7
317571,317578,317583,5,7
317571,317583,317584,1,12
317571,317582,317584,2,11
317571,317576,317585,9,5
317571,317578,317584,6,7
317571,317583,317584,1,12
317571,317578,317586,8,7
317571,317571,317585,14,0
317571,317584,317585,1,13
317571,317585,317586,1,14
317571,317572,317587,15,1
317571,317573,317586,13,2
317571,317581,317587,6,10
317571,317586,317587,1,15
317571,317580,317587,7,9
317571,317584,317587,3,13
317571,317585,317587,2,14
317571,317586,317587,1,15
317571,317586,317587,1,15
317571,317587,317588,1,16
317571,317584,317588,4,13
317571,317587,317588,1,16
317571,317584,317589,5,13
317571,317584,317589,5,13
317571,317584,317589,5,13
317571,317587,317589,2,16
317571,317583,317589,6,12
317571,317571,317590,19,0
317571,317584,317589,5,13
317571,317584,317589,5,13
317571,317584,317589,5,13
317571,317584,317590,6,13
317571,317584,317590,6,13
317571,317587,317590,3,16
317571,317584,317589,5,13
317571,317584,317589,5,13
317571,317584,317590,6,13
317571,317584,317590,6,13
317571,317584,317590,6,13
317571,317584,317589,5,13
317571,317584,317589,5,13
317571,317580,317591,11,9
317571,317590,317591,1,19
317571,317590,317591,1,19
317571,317590,317591,1,19
317571,317571,317592,21,0
317571,317573,317592,19,2
317571,317585,317592,7,14
317571,317590,317592,2,19
317571,317591,317592,1,20
317571,317590,317593,3,19
317571,317592,317593,1,21
317571,317585,317593,8,14
317571,317588,317593,5,17
317571,317573,317594,21,2
317571,317589,317594,5,18
317571,317589,317594,5,18
317571,317588,317594,6,17
317571,317592,317594,2,21
317571,317593,317594,1,22
317571,317590,317595,5,19
317571,317590,317595,5,19
317571,317589,317594,5,18
317571,317590,317595,5,19
317571,317590,317595,5,19
317571,317590,317595,5,19
317571,317593,317595,2,22
317571,317590,317596,6,19
317571,317590,317595,5,19
317571,317590,317595,5,19
317571,317589,317596,7,18
317571,317586,317597,11,15
317571,317590,317597,7,19
317571,317596,317597,1,25
317571,317578,317597,19,7
317571,317597,317598,1,26
317571,317597,317598,1,26
317571,317587,317598,11,16
317571,317589,317598,9,18
317571,317596,317598,2,25
317571,317597,317598,1,26
317571,317594,317598,4,23
317571,317598,317599,1,27
317571,317594,317599,5,23
317571,317591,317599,8,20
317571,317594,317599,5,23
317571,317594,317599,5,23
317571,317594,317599,5,23
317571,317594,317599,5,23
317571,317594,317599,5,23
317571,317598,317599,1,27
317571,317594,317599,5,23
317571,317595,317600,5,24
317571,317595,317600,5,24
317571,317599,317600,1,28
317571,317587,317601,14,16
317571,317595,317600,5,24
317571,317595,317601,6,24
317571,317599,317601,2,28
317571,317594,317601,7,23
317571,317587,317602,15,16
317571,317587,317602,15,16
317571,317588,317602,14,17
317571,317597,317603,6,26
317571,317594,317603,9,23
317571,317571,317604,33,0
317571,317594,317605,11,23
317571,317588,317608,20,17
317571,317598,317608,10,27
317571,317592,317609,17,21
317571,317592,317617,25,21
317626,317626,317627,1,0
317626,317626,317627,1,0
317626,317626,317627,1,0
317626,317626,317627,1,0
317626,317626,317627,1,0
317626,317626,317627,1,0
317626,317626,317628,2,0
317626,317626,317628,2,0
317626,317626,317629,3,0
317626,317626,317630,4,0
317626,317627,317630,3,1
317626,317626,317630,4,0
317626,317630,317631,1,4
317626,317626,317631,5,0
317626,317630,317631,1,4
317626,317626,317631,5,0
317626,317626,317631,5,0
317626,317626,317631,5,0
317626,317627,317632,5,1
317626,317626,317631,5,0
317626,317626,317631,5,0
317626,317626,317631,5,0
317626,317626,317631,5,0
317626,317631,317632,1,5
317626,317631,317632,1,5
317626,317626,317631,5,0
317626,317626,317631,5,0
317626,317627,317632,5,1
317626,317631,317632,1,5
317626,317626,317632,6,0
317626,317632,317633,1,6
317626,317632,317633,1,6
317626,317632,317633,1,6
317626,317632,317633,1,6
317626,317628,317633,5,2
317626,317632,317633,1,6
317626,317632,317633,1,6
317626,317629,317632,3,3
317626,317632,317633,1,6
317626,317632,317633,1,6
317626,317632,317633,1,6
317626,317632,317633,1,6
317626,317632,317633,1,6
317626,317632,317633,1,6
317626,317632,317633,1,6
317626,317632,317633,1,6
317626,317626,317634,8,0
317626,317626,317634,8,0
317626,317626,317634,8,0
317626,317633,317634,1,7
317626,317633,317634,1,7
317626,317633,317634,1,7
317626,317633,317634,1,7
317626,317633,317634,1,7
317626,317633,317634,1,7
317626,317633,317634,1,7
317626,317633,317634,1,7
317626,317633,317634,1,7
317626,317626,317635,9,0
317626,317626,317634,8,0
317626,317626,317634,8,0
317626,317633,317634,1,7
317626,317628,317635,7,2
317626,317633,317634,1,7
317626,317633,317634,1,7
317626,317633,317635,2,7
317626,317634,317635,1,8
317626,317634,317635,1,8
317626,317634,317635,1,8
317626,317634,317635,1,8
317626,317634,317635,1,8
317626,317634,317635,1,8
317626,317634,317635,1,8
317626,317634,317635,1,8
317626,317634,317635,1,8
317626,317626,317636,10,0
317626,317634,317635,1,8
317626,317626,317635,9,0
317626,317634,317635,1,8
317626,317626,317635,9,0
317626,317626,317636,10,0
317626,317629,317636,7,3
317626,317633,317636,3,7
317626,317635,317636,1,9
317626,317635,317636,1,9
317626,317635,317636,1,9
317626,317635,317636,1,9
317626,317635,317636,1,9
317626,317635,317636,1,9
317626,317626,317636,10,0
317626,317635,317637,2,9
317626,317635,317636,1,9
317626,317635,317636,1,9
317626,317636,317637,1,10
317626,317636,317637,1,10
317626,317629,317636,7,3
317626,317635,317636,1,9
317626,317635,317636,1,9
317626,317635,317636,1,9
317626,317636,317637,1,10
317626,317636,317637,1,10
317626,317636,317637,1,10
317626,317635,317637,2,9
317626,317636,317637,1,10
317626,317636,317637,1,10
317626,317636,317637,1,10
317626,317636,317637,1,10
317626,317636,317637,1,10
317626,317637,317638,1,11
317626,317636,317638,2,10
317626,317633,317638,5,7
317626,317637,317638,1,11
317626,317637,317638,1,11
317626,317637,317638,1,11
317626,317635,317637,2,9
317626,317635,317638,3,9
317626,317637,317638,1,11
317626,317637,317638,1,11
317626,317637,317638,1,11
317626,317637,317638,1,11
317626,317626,317639,13,0
317626,317635,317638,3,9
317626,317637,317639,2,11
317626,317637,317639,2,11
317626,317637,317639,2,11
317626,317637,317638,1,11
317626,317633,317638,5,7
317626,317638,317639,1,12
317626,317638,317639,1,12
317626,317638,317639,1,12
317626,317633,317638,5,7
317626,317637,317638,1,11
317626,317637,317638,1,11
317626,317638,317639,1,12
317626,317635,317639,4,9
317626,317637,317638,1,11
317626,317638,317639,1,12
317626,317638,317639,1,12
317626,317634,317640,6,8
317626,317639,317640,1,13
317626,317637,317639,2,11
317626,317638,317639,1,12
317626,317639,317640,1,13
317626,317639,317640,1,13
317626,317633,317640,7,7
317626,317638,317639,1,12
317626,317639,317640,1,13
317626,317639,317640,1,13
317626,317639,317640,1,13
317626,317639,317640,1,13
317626,317639,317640,1,13
317626,317639,317640,1,13
317626,317639,317640,1,13
317626,317639,317640,1,13
317626,317639,317640,1,13
317626,317639,317640,1,13
317626,317639,317641,2,13
317626,317640,317641,1,14
317626,317640,317641,1,14
317626,317640,317641,1,14
317626,317640,317641,1,14
317626,317640,317641,1,14
317626,317639,317640,1,13
317626,317640,317641,1,14
317626,317640,317641,1,14
317626,317640,317641,1,14
317626,317639,317640,1,13
317626,317639,317641,2,13
317626,317626,317642,16,0
317626,317628,317642,14,2
317626,317640,317643,3,14
317626,317639,317644,5,13
317626,317640,317643,3,14
317626,317636,317645,9,10
317626,317640,317644,4,14
317626,317637,317646,9,11
317626,317640,317648,8,14
317626,317637,317649,12,11
317626,317640,317649,9,14
317626,317640,317649,9,14
317626,317640,317649,9,14
317626,317636,317650,14,10
317626,317636,317650,14,10
317626,317638,317651,13,12
317626,317626,317653,27,0
317661,317661,317662,1,0
317661,317661,317662,1,0
317661,317661,317662,1,0
317661,317661,317662,1,0
317661,317661,317662,1,0
317661,317661,317662,1,0
317661,317661,317662,1,0
317661,317661,317662,1,0
317661,317661,317662,1,0
317661,317661,317662,1,0
317661,317661,317662,1,0
317661,317661,317662,1,0
317661,317661,317662,1,0
317661,317661,317662,1,0
317661,317661,317662,1,0
317661,317661,317663,2,0
317661,317661,317662,1,0
317661,317661,317662,1,0
317661,317662,317663,1,1
317661,317662,317663,1,1
317661,317661,317662,1,0
317661,317662,317663,1,1
317661,317662,317663,1,1
317661,317662,317663,1,1
317661,317662,317663,1,1
317661,317662,317663,1,1
317661,317662,317663,1,1
317661,317662,317663,1,1
317661,317662,317663,1,1
317661,317662,317663,1,1
317661,317662,317663,1,1
317661,317662,317663,1,1
317661,317661,317663,2,0
317661,317661,317663,2,0
317661,317661,317663,2,0
317661,317661,317664,3,0
317661,317661,317663,2,0
317661,317661,317664,3,0
317661,317661,317664,3,0
317661,317663,317664,1,2
317661,317663,317664,1,2
317661,317663,317664,1,2
317661,317663,317664,1,2
317661,317663,317664,1,2
317661,317663,317664,1,2
317661,317663,317664,1,2
317661,317663,317664,1,2
317661,317663,317664,1,2
317661,317663,317664,1,2
317661,317663,317664,1,2
317661,317663,317664,1,2
317661,317663,317664,1,2
317661,317663,317664,1,2
317661,317663,317664,1,2
317661,317663,317664,1,2
317661,317663,317664,1,2
317661,317663,317664,1,2
317661,317661,317665,4,0
317661,317664,317665,1,3
317661,317661,317666,5,0
317661,317661,317665,4,0
317661,317664,317665,1,3
317661,317664,317666,2,3
317661,317664,317666,2,3
317661,317664,317667,3,3
317661,317664,317667,3,3
317661,317666,317667,1,5
317661,317664,317667,3,3
317661,317664,317667,3,3
317661,317667,317668,1,6
317661,317667,317668,1,6
317661,317667,317668,1,6
317661,317667,317668,1,6
317661,317667,317668,1,6
317661,317667,317668,1,6
317661,317666,317667,1,5
317661,317665,317668,3,4
317661,317666,317668,2,5
317661,317668,317669,1,7
317661,317668,317669,1,7
317661,317668,317669,1,7
317661,317668,317669,1,7
317661,317668,317669,1,7
317661,317668,317669,1,7
317661,317668,317669,1,7
317661,317668,317669,1,7
317661,317668,317669,1,7
317661,317668,317669,1,7
317661,317668,317669,1,7
317661,317661,317669,8,0
317661,317665,317669,4,4
317661,317666,317669,3,5
317661,317667,317669,2,6
317661,317667,317669,2,6
317661,317668,317669,1,7
317661,317668,317669,1,7
317661,317668,317669,1,7
317661,317667,317670,3,6
317661,317666,317671,5,5
317661,317661,317678,17,0
317661,317661,317681,20,0
317661,317663,317681,18,2
317661,317661,317683,22,0
317661,317661,317684,23,0
317661,317661,317684,23,0
317661,317661,317695,34,0
317661,317664,317697,33,3
323930,323930,323931,1,0
323930,323930,323931,1,0
323930,323930,323931,1,0
323930,323930,323931,1,0
323930,323930,323931,1,0
323930,323930,323931,1,0
323930,323930,323931,1,0
323930,323930,323931,1,0
323930,323930,323931,1,0
323930,323930,323931,1,0
323930,323930,323931,1,0
323930,323930,323931,1,0
323930,323930,323931,1,0
323930,323930,323931,1,0
323930,323930,323931,1,0
323930,323931,323932,1,1
323930,323931,323932,1,1
323930,323931,323932,1,1
323930,323931,323932,1,1
323930,323931,323932,1,1
323930,323931,323932,1,1
323930,323931,323932,1,1
323930,323931,323932,1,1
323930,323930,323933,3,0
323930,323932,323933,1,2
323930,323932,323933,1,2
323930,323932,323933,1,2
323930,323932,323933,1,2
323930,323932,323933,1,2
323930,323932,323933,1,2
323930,323931,323933,2,1
323930,323932,323933,1,2
323930,323932,323933,1,2
323930,323930,323933,3,0
323930,323930,323933,3,0
323930,323930,323933,3,0
323930,323933,323934,1,3
323930,323930,323934,4,0
323930,323933,323934,1,3
323930,323933,323934,1,3
323930,323931,323935,4,1
323930,323930,323935,5,0
323930,323933,323935,2,3
323930,323931,323935,4,1
323930,323934,323935,1,4
323930,323933,323935,2,3
323930,323934,323935,1,4
323930,323934,323935,1,4
323930,323931,323936,5,1
323930,323933,323936,3,3
323930,323935,323936,1,5
323930,323931,323936,5,1
323930,323933,323936,3,3
323930,323935,323936,1,5
323930,323935,323936,1,5
323930,323931,323935,4,1
323930,323930,323936,6,0
323930,323933,323937,4,3
323930,323936,323937,1,6
323930,323936,323937,1,6
323930,323936,323937,1,6
323930,323930,323938,8,0
323930,323930,323938,8,0
323930,323933,323938,5,3
323930,323933,323938,5,3
323930,323936,323938,2,6
323930,323930,323939,9,0
323930,323930,323938,8,0
323930,323937,323939,2,7
323930,323938,323939,1,8
323930,323932,323940,8,2
323930,323930,323940,10,0
323930,323935,323941,6,5
323930,323935,323941,6,5
323930,323938,323940,2,8
323930,323930,323941,11,0
323930,323934,323940,6,4
323930,323934,323941,7,4
323930,323935,323941,6,5
323930,323935,323941,6,5
323930,323938,323941,3,8
323930,323938,323941,3,8
323930,323935,323941,6,5
323930,323938,323941,3,8
323930,323938,323941,3,8
323930,323930,323942,12,0
323930,323939,323942,3,9
323930,323941,323942,1,11
323930,323934,323942,8,4
323930,323938,323942,4,8
323930,323938,323942,4,8
323930,323930,323942,12,0
323930,323930,323943,13,0
323930,323934,323943,9,4
323930,323941,323943,2,11
323930,323939,323943,4,9
323930,323941,323944,3,11
323930,323939,323944,5,9
323930,323940,323945,5,10
323930,323942,323944,2,12
323930,323930,323945,15,0
323930,323938,323945,7,8
323930,323939,323945,6,9
323930,323941,323946,5,11
323930,323941,323945,4,11
323930,323942,323945,3,12
323930,323940,323945,5,10
323930,323942,323946,4,12
323930,323945,323946,1,15
323930,323943,323946,3,13
323930,323941,323946,5,11
323930,323943,323947,4,13
323930,323943,323948,5,13
323930,323943,323947,4,13
323930,323940,323948,8,10
323930,323945,323947,2,15
323930,323945,323948,3,15
323930,323943,323948,5,13
323930,323944,323949,5,14
323930,323947,323949,2,17
323930,323944,323949,5,14
323930,323947,323949,2,17
323930,323947,323949,2,17
323930,323944,323949,5,14
323930,323943,323950,7,13
323930,323943,323950,7,13
323930,323930,323950,20,0
323930,323947,323950,3,17
323930,323945,323950,5,15
323930,323945,323950,5,15
323930,323948,323951,3,18
323930,323947,323950,3,17
323930,323947,323950,3,17
323930,323947,323951,4,17
323930,323945,323950,5,15
323930,323947,323950,3,17
323930,323948,323951,3,18
323930,323930,323951,21,0
323930,323942,323951,9,12
323930,323942,323951,9,12
323930,323944,323952,8,14
323930,323948,323951,3,18
323930,323951,323952,1,21
323930,323951,323952,1,21
323930,323951,323952,1,21
323930,323951,323952,1,21
323930,323951,323952,1,21
323930,323938,323952,14,8
323930,323948,323952,4,18
323930,323951,323952,1,21
323930,323948,323954,6,18
323930,323940,323954,14,10
323930,323943,323954,11,13
323930,323943,323954,11,13
323930,323949,323954,5,19
323930,323950,323955,5,20
323930,323949,323954,5,19
323930,323950,323955,5,20
323930,323950,323955,5,20
323930,323952,323955,3,22
323930,323950,323955,5,20
323930,323949,323956,7,19
323930,323950,323956,6,20
323930,323952,323957,5,22
323930,323952,323957,5,22
323930,323952,323956,4,22
323930,323952,323957,5,22
323930,323952,323958,6,22
323930,323952,323957,5,22
323930,323952,323957,5,22
323930,323952,323957,5,22
323930,323952,323957,5,22
323930,323951,323959,8,21
323930,323930,323959,29,0
323930,323930,323960,30,0
323930,323939,323960,21,9
323930,323942,323962,20,12
323930,323951,323963,12,21
323930,323950,323964,14,20
323930,323950,323964,14,20
323930,323952,323969,17,22
323930,323951,323973,22,21
323981,323981,323982,1,0
323981,323981,323982,1,0
323981,323981,323982,1,0
323981,323981,323982,1,0
323981,323981,323982,1,0
323981,323981,323983,2,0
323981,323981,323984,3,0
323981,323981,323983,2,0
323981,323981,323984,3,0
323981,323981,323985,4,0
323981,323984,323985,1,3
323981,323984,323985,1,3
323981,323981,323986,5,0
323981,323985,323986,1,4
323981,323985,323986,1,4
323981,323981,323986,5,0
323981,323985,323986,1,4
323981,323981,323986,5,0
323981,323981,323986,5,0
323981,323981,323986,5,0
323981,323981,323986,5,0
323981,323981,323986,5,0
323981,323986,323987,1,5
323981,323981,323986,5,0
323981,323981,323986,5,0
323981,323981,323987,6,0
323981,323981,323988,7,0
323981,323981,323988,7,0
323981,323982,323987,5,1
323981,323982,323987,5,1
323981,323983,323988,5,2
323981,323981,323989,8,0
323981,323981,323989,8,0
323981,323983,323988,5,2
323981,323986,323989,3,5
323981,323986,323989,3,5
323981,323981,323989,8,0
323981,323981,323989,8,0
323981,323981,323990,9,0
323981,323981,323991,10,0
323981,323983,323990,7,2
323981,323986,323990,4,5
323981,323986,323991,5,5
323981,323987,323991,4,6
323981,323981,323992,11,0
323981,323987,323992,5,6
323981,323987,323992,5,6
323981,323991,323992,1,10
323981,323991,323992,1,10
323981,323987,323992,5,6
323981,323991,323992,1,10
323981,323981,323993,12,0
323981,323992,323993,1,11
323981,323981,323992,11,0
323981,323991,323992,1,10
323981,323981,323992,11,0
323981,323984,323993,9,3
323981,323991,323993,2,10
323981,323987,323992,5,6
323981,323987,323993,6,6
323981,323987,323992,5,6
323981,323987,323992,5,6
323981,323988,323993,5,7
323981,323988,323993,5,7
323981,323981,323994,13,0
323981,323983,323993,10,2
323981,323988,323993,5,7
323981,323989,323993,4,8
323981,323981,323994,13,0
323981,323989,323995,6,8
323981,323989,323995,6,8
323981,323989,323995,6,8
323981,323987,323996,9,6
323981,323988,323996,8,7
323981,323989,323996,7,8
323981,323988,323996,8,7
323981,323992,323996,4,11
323981,323995,323996,1,14
323981,323996,323997,1,15
323981,323990,323997,7,9
323981,323990,323997,7,9
323981,323992,323997,5,11
323981,323992,323997,5,11
323981,323992,323997,5,11
323981,323992,323997,5,11
323981,323992,323996,4,11
323981,323996,323998,2,15
323981,323996,323998,2,15
323981,323993,323998,5,12
323981,323993,323998,5,12
323981,323993,323998,5,12
323981,323993,323997,4,12
323981,323991,323999,8,10
323981,323993,323998,5,12
323981,323993,323999,6,12
323981,323993,323999,6,12
323981,323993,323999,6,12
323981,323993,324000,7,12
323981,323994,324000,6,13
323981,323996,323999,3,15
323981,323993,324000,7,12
323981,323994,324000,6,13
323981,323995,324000,5,14
323981,323995,324002,7,14
323981,323995,324002,7,14
323981,323993,324002,9,12
323981,323998,324002,4,17
323981,324001,324002,1,20
323981,323996,324002,6,15
323981,323997,324002,5,16
323981,323998,324003,5,17
323981,324002,324003,1,21
323981,323998,324003,5,17
323981,324002,324003,1,21
323981,323997,324003,6,16
323981,323997,324003,6,16
323981,323997,324003,6,16
323981,323998,324003,5,17
323981,323997,324004,7,16
323981,324002,324003,1,21
323981,323997,324004,7,16
323981,323997,324004,7,16
323981,324002,324004,2,21
323981,323998,324004,6,17
323981,323994,324005,11,13
323981,323998,324005,7,17
323981,324000,324005,5,19
323981,324000,324005,5,19
323981,323993,324006,13,12
323981,324002,324006,4,21
323981,323998,324006,8,17
323981,324000,324006,6,19
323981,324000,324006,6,19
323981,324000,324006,6,19
323981,323981,324007,26,0
323981,324000,324007,7,19
323981,324000,324007,7,19
323981,323999,324007,8,18
323981,324000,324007,7,19
323981,324003,324007,4,22
323981,324003,324007,4,22
323981,323981,324008,27,0
323981,324007,324008,1,26
323981,324007,324008,1,26
323981,324000,324008,8,19
323981,324004,324008,4,23
323981,324004,324008,4,23
323981,324007,324008,1,26
323981,324004,324009,5,23
323981,324004,324008,4,23
323981,324004,324009,5,23
323981,324004,324009,5,23
323981,324004,324009,5,23
323981,324004,324009,5,23
323981,324005,324009,4,24
323981,324008,324009,1,27
323981,324008,324010,2,27
323981,323994,324010,16,13
323981,324006,324011,5,25
323981,323996,324011,15,15
323981,324004,324011,7,23
323981,324004,324011,7,23
323981,324004,324011,7,23
323981,324006,324011,5,25
323981,324004,324011,7,23
323981,324007,324012,5,26
323981,324008,324013,5,27
323981,324007,324013,6,26
323981,324008,324013,5,27
323981,324005,324013,8,24
323981,324006,324014,8,25
323981,324012,324013,1,31
323981,324009,324013,4,28
323981,324009,324014,5,28
323981,324009,324014,5,28
323981,324008,324013,5,27
323981,324009,324014,5,28
323981,324009,324014,5,28
323981,324009,324014,5,28
323981,324010,324014,4,29
323981,324010,324014,4,29
323981,324009,324014,5,28
323981,324010,324015,5,29
323981,324005,324014,9,24
323981,324008,324015,7,27
323981,324011,324015,4,30
323981,324010,324015,5,29
323981,324006,324016,10,25
323981,324008,324016,8,27
323981,324010,324017,7,29
323981,323993,324017,24,12
323981,324006,324017,11,25
323981,324005,324018,13,24
323981,324011,324017,6,30
323981,324012,324018,6,31
323981,324010,324018,8,29
323981,324008,324027,19,27
323981,324010,324033,23,29
324041,324042,324044,2,1
324041,324042,324044,2,1
324041,324043,324044,1,2
324041,324042,324045,3,1
324041,324042,324046,4,1
324041,324042,324047,5,1
324041,324042,324047,5,1
324041,324042,324047,5,1
324041,324042,324047,5,1
324041,324042,324047,5,1
324041,324042,324047,5,1
324041,324042,324047,5,1
324041,324042,324047,5,1
324041,324042,324048,6,1
324041,324042,324048,6,1
324041,324042,324048,6,1
324041,324042,324048,6,1
324041,324042,324049,7,1
324041,324042,324048,6,1
324041,324042,324049,7,1
324041,324043,324048,5,2
324041,324043,324048,5,2
324041,324044,324049,5,3
324041,324043,324048,5,2
324041,324042,324049,7,1
324041,324042,324049,7,1
324041,324042,324050,8,1
324041,324049,324050,1,8
324041,324044,324049,5,3
324041,324045,324050,5,4
324041,324044,324049,5,3
324041,324042,324051,9,1
324041,324045,324050,5,4
324041,324049,324050,1,8
324041,324049,324050,1,8
324041,324049,324050,1,8
324041,324049,324051,2,8
324041,324047,324051,4,6
324041,324048,324052,4,7
324041,324048,324051,3,7
324041,324045,324051,6,4
324041,324048,324052,4,7
324041,324048,324052,4,7
324041,324047,324051,4,6
324041,324048,324052,4,7
324041,324048,324052,4,7
324041,324048,324051,3,7
324041,324052,324053,1,11
324041,324052,324053,1,11
324041,324053,324054,1,12
324041,324050,324054,4,9
324041,324053,324054,1,12
324041,324050,324053,3,9
324041,324053,324054,1,12
324041,324053,324054,1,12
324041,324049,324054,5,8
324041,324050,324055,5,9
324041,324050,324054,4,9
324041,324050,324054,4,9
324041,324042,324056,14,1
324041,324042,324055,13,1
324041,324050,324056,6,9
324041,324051,324056,5,10
324041,324050,324055,5,9
324041,324052,324056,4,11
324041,324052,324056,4,11
324041,324050,324055,5,9
324041,324051,324056,5,10
324041,324051,324056,5,10
324041,324051,324056,5,10
324041,324052,324056,4,11
324041,324056,324057,1,15
324041,324056,324057,1,15
324041,324052,324057,5,11
324041,324057,324058,1,16
324041,324057,324058,1,16
324041,324054,324058,4,13
324041,324042,324058,16,1
324041,324057,324058,1,16
324041,324057,324059,2,16
324041,324058,324059,1,17
324041,324058,324059,1,17
324041,324054,324059,5,13
324041,324055,324058,3,14
324041,324058,324059,1,17
324041,324054,324059,5,13
324041,324054,324059,5,13
324041,324054,324058,4,13
324041,324058,324059,1,17
324041,324042,324060,18,1
324041,324049,324060,11,8
324041,324046,324059,13,5
324041,324052,324059,7,11
324041,324057,324059,2,16
324041,324050,324059,9,9
324041,324050,324059,9,9
324041,324056,324060,4,15
324041,324056,324060,4,15
324041,324054,324059,5,13
324041,324054,324059,5,13
324041,324055,324059,4,14
324041,324054,324059,5,13
324041,324055,324060,5,14
324041,324055,324061,6,14
324041,324056,324061,5,15
324041,324051,324060,9,10
324041,324060,324061,1,19
324041,324060,324061,1,19
324041,324060,324061,1,19
324041,324060,324061,1,19
324041,324060,324061,1,19
324041,324060,324061,1,19
324041,324060,324061,1,19
324041,324059,324061,2,18
324041,324060,324062,2,19
324041,324060,324062,2,19
324041,324061,324062,1,20
324041,324061,324062,1,20
324041,324061,324062,1,20
324041,324056,324062,6,15
324041,324056,324062,6,15
324041,324056,324062,6,15
324041,324061,324063,2,20
324041,324061,324062,1,20
324041,324059,324063,4,18
324041,324059,324063,4,18
324041,324059,324063,4,18
324041,324042,324063,21,1
324041,324050,324063,13,9
324041,324061,324063,2,20
324041,324059,324064,5,18
324041,324059,324064,5,18
324041,324059,324063,4,18
324041,324059,324063,4,18
324041,324063,324064,1,22
324041,324063,324064,1,22
324041,324064,324065,1,23
324041,324059,324065,6,18
324041,324064,324065,1,23
324041,324059,324064,5,18
324041,324059,324065,6,18
324041,324064,324065,1,23
324041,324064,324065,1,23
324041,324064,324065,1,23
324041,324064,324065,1,23
324041,324064,324065,1,23
324041,324060,324066,6,19
324041,324042,324065,23,1
324041,324060,324065,5,19
324041,324064,324065,1,23
324041,324060,324065,5,19
324041,324059,324066,7,18
324041,324059,324066,7,18
324041,324065,324066,1,24
324041,324062,324066,4,21
324041,324062,324066,4,21
324041,324065,324066,1,24
324041,324061,324066,5,20
324041,324061,324066,5,20
324041,324062,324066,4,21
324041,324065,324066,1,24
324041,324065,324066,1,24
324041,324061,324067,6,20
324041,324063,324068,5,22
324041,324060,324068,8,19
324041,324060,324068,8,19
324041,324065,324067,2,24
324041,324063,324068,5,22
324041,324061,324067,6,20
324041,324064,324068,4,23
324041,324062,324069,7,21
324041,324065,324069,4,24
324041,324063,324069,6,22
324041,324063,324069,6,22
324041,324062,324070,8,21
324041,324062,324070,8,21
324041,324063,324070,7,22
324041,324063,324071,8,22
324079,324079,324080,1,0
324079,324079,324080,1,0
324079,324079,324080,1,0
324079,324079,324080,1,0
324079,324079,324081,2,0
324079,324079,324080,1,0
324079,324079,324080,1,0
324079,324079,324081,2,0
324079,324079,324081,2,0
324079,324079,324080,1,0
324079,324079,324082,3,0
324079,324079,324082,3,0
324079,324079,324082,3,0
324079,324079,324083,4,0
324079,324079,324083,4,0
324079,324081,324083,2,2
324079,324081,324083,2,2
324079,324082,324083,1,3
324079,324079,324084,5,0
324079,324079,324084,5,0
324079,324079,324084,5,0
324079,324079,324084,5,0
324079,324083,324084,1,4
324079,324079,324083,4,0
324079,324079,324084,5,0
324079,324083,324084,1,4
324079,324082,324084,2,3
324079,324079,324084,5,0
324079,324079,324084,5,0
324079,324079,324085,6,0
324079,324079,324085,6,0
324079,324084,324085,1,5
324079,324084,324085,1,5
324079,324084,324085,1,5
324079,324084,324085,1,5
324079,324079,324084,5,0
324079,324084,324085,1,5
324079,324084,324085,1,5
324079,324079,324085,6,0
324079,324084,324085,1,5
324079,324084,324085,1,5
324079,324082,324085,3,3
324079,324079,324085,6,0
324079,324084,324085,1,5
324079,324084,324085,1,5
324079,324081,324086,5,2
324079,324080,324086,6,1
324079,324083,324086,3,4
324079,324085,324086,1,6
324079,324086,324087,1,7
324079,324079,324087,8,0
324079,324079,324087,8,0
324079,324086,324087,1,7
324079,324081,324087,6,2
324079,324086,324087,1,7
324079,324086,324087,1,7
324079,324079,324087,8,0
324079,324086,324087,1,7
324079,324086,324087,1,7
324079,324087,324088,1,8
324079,324086,324089,3,7
324079,324087,324088,1,8
324079,324085,324089,4,6
324079,324085,324089,4,6
324079,324085,324089,4,6
324079,324081,324089,8,2
324079,324088,324089,1,9
324079,324086,324089,3,7
324079,324086,324089,3,7
324079,324088,324089,1,9
324079,324088,324089,1,9
324079,324088,324089,1,9
324079,324089,324090,1,10
324079,324085,324090,5,6
324079,324085,324090,5,6
324079,324085,324090,5,6
324079,324081,324090,9,2
324079,324088,324090,2,9
324079,324081,324090,9,2
324079,324087,324090,3,8
324079,324088,324090,2,9
324079,324090,324091,1,11
324079,324090,324091,1,11
324079,324090,324091,1,11
324079,324090,324091,1,11
324079,324085,324091,6,6
324079,324090,324091,1,11
324079,324090,324091,1,11
324079,324090,324091,1,11
324079,324090,324091,1,11
324079,324090,324092,2,11
324079,324091,324092,1,12
324079,324091,324092,1,12
324079,324091,324092,1,12
324079,324079,324092,13,0
324079,324091,324093,2,12
324079,324091,324093,2,12
324079,324092,324093,1,13
324079,324090,324092,2,11
324079,324092,324093,1,13
324079,324092,324093,1,13
324079,324092,324093,1,13
324079,324092,324093,1,13
324079,324079,324093,14,0
324079,324085,324094,9,6
324079,324091,324093,2,12
324079,324092,324094,2,13
324079,324092,324093,1,13
324079,324092,324093,1,13
324079,324079,324094,15,0
324079,324079,324096,17,0
324079,324091,324096,5,12
324079,324091,324096,5,12
324079,324092,324096,4,13
324079,324081,324097,16,2
324079,324079,324098,19,0
324079,324093,324098,5,14
324079,324080,324100,20,1
324079,324088,324101,13,9
334728,334728,334729,1,0
334728,334728,334729,1,0
334728,334728,334729,1,0
334728,334728,334729,1,0
334728,334728,334729,1,0
334728,334728,334729,1,0
334728,334728,334729,1,0
334728,334728,334730,2,0
334728,334728,334730,2,0
334728,334728,334729,1,0
334728,334728,334729,1,0
334728,334728,334729,1,0
334728,334728,334729,1,0
334728,334728,334730,2,0
334728,334728,334729,1,0
334728,334728,334729,1,0
334728,334728,334729,1,0
334728,334728,334729,1,0
334728,334728,334729,1,0
334728,334728,334729,1,0
334728,334729,334730,1,1
334728,334728,334730,2,0
334728,334728,334730,2,0
334728,334728,334730,2,0
334728,334728,334730,2,0
334728,334728,334731,3,0
334728,334728,334731,3,0
334728,334728,334731,3,0
334728,334730,334731,1,2
334728,334730,334731,1,2
334728,334728,334731,3,0
334728,334728,334731,3,0
334728,334728,334730,2,0
334728,334728,334731,3,0
334728,334728,334731,3,0
334728,334730,334731,1,2
334728,334730,334731,1,2
334728,334730,334731,1,2
334728,334730,334731,1,2
334728,334730,334731,1,2
334728,334730,334731,1,2
334728,334730,334731,1,2
334728,334730,334731,1,2
334728,334730,334731,1,2
334728,334730,334731,1,2
334728,334730,334731,1,2
334728,334731,334732,1,3
334728,334731,334732,1,3
334728,334730,334731,1,2
334728,334730,334731,1,2
334728,334730,334731,1,2
334728,334731,334732,1,3
334728,334730,334731,1,2
334728,334730,334731,1,2
334728,334731,334732,1,3
334728,334731,334732,1,3
334728,334730,334731,1,2
334728,334730,334731,1,2
334728,334730,334731,1,2
334728,334731,334732,1,3
334728,334731,334732,1,3
334728,334731,334732,1,3
334728,334731,334733,2,3
334728,334731,334732,1,3
334728,334731,334733,2,3
334728,334731,334732,1,3
334728,334731,334733,2,3
334728,334731,334733,2,3
334728,334731,334733,2,3
334728,334731,334733,2,3
334728,334732,334733,1,4
334728,334732,334733,1,4
334728,334732,334733,1,4
334728,334732,334733,1,4
334728,334732,334733,1,4
334728,334732,334733,1,4
334728,334732,334733,1,4
334728,334732,334733,1,4
334728,334732,334733,1,4
334728,334732,334733,1,4
334728,334732,334733,1,4
334728,334732,334733,1,4
334728,334732,334733,1,4
334728,334732,334733,1,4
334728,334732,334733,1,4
334728,334732,334733,1,4
334728,334731,334733,2,3
334728,334732,334734,2,4
334728,334731,334733,2,3
334728,334732,334734,2,4
334728,334732,334734,2,4
334728,334732,334734,2,4
334728,334732,334733,1,4
334728,334733,334734,1,5
334728,334733,334734,1,5
334728,334733,334734,1,5
334728,334733,334734,1,5
334728,334733,334734,1,5
334728,334733,334734,1,5
334728,334733,334734,1,5
334728,334733,334734,1,5
334728,334733,334734,1,5
334728,334733,334734,1,5
334728,334733,334734,1,5
334728,334733,334734,1,5
334728,334733,334734,1,5
334728,334733,334734,1,5
334728,334733,334735,2,5
334728,334733,334734,1,5
334728,334733,334735,2,5
334728,334733,334734,1,5
334728,334733,334734,1,5
334728,334733,334734,1,5
334728,334734,334735,1,6
334728,334734,334735,1,6
334728,334733,334734,1,5
334728,334734,334735,1,6
334728,334734,334735,1,6
334728,334734,334735,1,6
334728,334734,334735,1,6
334728,334734,334735,1,6
334728,334734,334735,1,6
334728,334734,334735,1,6
334728,334734,334735,1,6
334728,334734,334735,1,6
334728,334734,334735,1,6
334728,334734,334735,1,6
334728,334734,334736,2,6
334728,334734,334736,2,6
334728,334734,334736,2,6
334728,334736,334737,1,8
334728,334735,334736,1,7
334728,334733,334737,4,5
334728,334734,334736,2,6
334728,334735,334736,1,7
334728,334735,334736,1,7
334728,334733,334736,3,5
334728,334733,334736,3,5
334728,334733,334737,4,5
334728,334734,334737,3,6
334728,334734,334736,2,6
334728,334735,334737,2,7
334728,334735,334737,2,7
334728,334736,334737,1,8
334728,334737,334738,1,9
334728,334737,334738,1,9
334728,334737,334738,1,9
334728,334737,334738,1,9
334728,334737,334738,1,9
334728,334734,334738,4,6
334728,334735,334738,3,7
334728,334736,334738,2,8
334728,334736,334738,2,8
334728,334736,334738,2,8
334728,334737,334738,1,9
334728,334737,334738,1,9
334728,334737,334738,1,9
334728,334737,334738,1,9
334728,334737,334738,1,9
334728,334737,334738,1,9
334728,334737,334738,1,9
334728,334737,334738,1,9
334728,334737,334738,1,9
334728,334737,334738,1,9
334728,334737,334740,3,9
334728,334737,334740,3,9
334728,334737,334740,3,9
334728,334737,334742,5,9
334728,334737,334742,5,9
334728,334737,334742,5,9
334728,334737,334743,6,9
334728,334728,334744,16,0
334728,334737,334744,7,9
334728,334737,334744,7,9
334728,334728,334744,16,0
334728,334728,334744,16,0
334728,334728,334747,19,0
334755,334755,334756,1,0
334755,334755,334756,1,0
334755,334755,334757,2,0
334755,334755,334756,1,0
334755,334755,334756,1,0
334755,334755,334757,2,0
334755,334755,334756,1,0
334755,334755,334756,1,0
334755,334755,334757,2,0
334755,334755,334756,1,0
334755,334755,334756,1,0
334755,334755,334756,1,0
334755,334755,334757,2,0
334755,334756,334757,1,1
334755,334756,334757,1,1
334755,334755,334757,2,0
334755,334755,334757,2,0
334755,334755,334757,2,0
334755,334755,334758,3,0
334755,334755,334757,2,0
334755,334757,334758,1,2
334755,334757,334758,1,2
334755,334757,334758,1,2
334755,334757,334758,1,2
334755,334756,334757,1,1
334755,334757,334758,1,2
334755,334757,334758,1,2
334755,334757,334758,1,2
334755,334757,334758,1,2
334755,334757,334758,1,2
334755,334757,334758,1,2
334755,334757,334758,1,2
334755,334757,334758,1,2
334755,334755,334758,3,0
334755,334755,334758,3,0
334755,334755,334758,3,0
334755,334757,334758,1,2
334755,334757,334759,2,2
334755,334755,334759,4,0
334755,334759,334760,1,4
334755,334759,334760,1,4
334755,334759,334760,1,4
334755,334760,334761,1,5
334755,334755,334762,7,0
334755,334755,334762,7,0
334755,334760,334762,2,5
334755,334755,334762,7,0
334755,334758,334762,4,3
334755,334761,334762,1,6
334755,334761,334762,1,6
334755,334755,334762,7,0
334755,334762,334763,1,7
334755,334761,334762,1,6
334755,334758,334763,5,3
334755,334758,334763,5,3
334755,334758,334763,5,3
334755,334758,334763,5,3
334755,334758,334763,5,3
334755,334762,334763,1,7
334755,334755,334764,9,0
334755,334762,334764,2,7
334755,334755,334763,8,0
334755,334758,334763,5,3
334755,334763,334764,1,8
334755,334762,334764,2,7
334755,334762,334764,2,7
334755,334762,334764,2,7
334755,334763,334764,1,8
334755,334758,334763,5,3
334755,334758,334763,5,3
334755,334763,334764,1,8
334755,334763,334764,1,8
334755,334758,334763,5,3
334755,334758,334763,5,3
334755,334758,334763,5,3
334755,334758,334763,5,3
334755,334758,334763,5,3
334755,334758,334763,5,3
334755,334758,334763,5,3
334755,334763,334764,1,8
334755,334758,334763,5,3
334755,334763,334764,1,8
334755,334763,334764,1,8
334755,334763,334764,1,8
334755,334755,334764,9,0
334755,334763,334764,1,8
334755,334758,334765,7,3
334755,334758,334765,7,3
334755,334764,334765,1,9
334755,334758,334765,7,3
334755,334755,334766,11,0
334755,334755,334766,11,0
334755,334764,334766,2,9
334755,334765,334766,1,10
334755,334765,334766,1,10
334755,334765,334767,2,10
334755,334765,334767,2,10
334755,334766,334767,1,11
334755,334767,334768,1,12
334755,334759,334768,9,4
334755,334762,334767,5,7
334755,334767,334768,1,12
334755,334759,334767,8,4
334755,334766,334768,2,11
334755,334768,334769,1,13
334755,334767,334769,2,12
334755,334764,334769,5,9
334755,334764,334769,5,9
334755,334764,334769,5,9
334755,334764,334769,5,9
334755,334768,334769,1,13
334755,334764,334769,5,9
334755,334764,334769,5,9
334755,334764,334769,5,9
334755,334764,334769,5,9
334755,334764,334769,5,9
334755,334764,334769,5,9
334755,334764,334769,5,9
334755,334768,334770,2,13
334755,334768,334770,2,13
334755,334767,334770,3,12
334755,334769,334770,1,14
334755,334769,334770,1,14
334755,334764,334769,5,9
334755,334764,334769,5,9
334755,334764,334769,5,9
334755,334764,334770,6,9
334755,334764,334769,5,9
334755,334768,334770,2,13
334755,334769,334770,1,14
334755,334764,334771,7,9
334755,334764,334771,7,9
334755,334764,334770,6,9
334755,334767,334770,3,12
334755,334764,334771,7,9
334755,334769,334770,1,14
334755,334769,334772,3,14
334755,334764,334772,8,9
334755,334764,334771,7,9
334755,334771,334772,1,16
334755,334768,334773,5,13
334755,334772,334773,1,17
334755,334764,334772,8,9
334755,334772,334774,2,17
334755,334772,334774,2,17
334755,334769,334774,5,14
334755,334769,334774,5,14
334755,334769,334774,5,14
334755,334769,334774,5,14
334755,334769,334774,5,14
334755,334769,334774,5,14
334755,334773,334774,1,18
334755,334771,334774,3,16
334755,334772,334774,2,17
334755,334768,334775,7,13
334755,334774,334775,1,19
334755,334769,334774,5,14
334755,334770,334775,5,15
334755,334774,334775,1,19
334755,334769,334775,6,14
334755,334774,334775,1,19
334755,334774,334775,1,19
334755,334774,334775,1,19
334755,334770,334775,5,15
334755,334774,334775,1,19
334755,334774,334775,1,19
334755,334774,334775,1,19
334755,334770,334775,5,15
334755,334770,334775,5,15
334755,334773,334775,2,18
334755,334755,334775,20,0
334755,334768,334775,7,13
334755,334768,334775,7,13
334755,334770,334776,6,15
334755,334770,334776,6,15
334755,334770,334776,6,15
334755,334770,334776,6,15
334755,334770,334776,6,15
334755,334769,334776,7,14
334755,334774,334776,2,19
334755,334775,334776,1,20
334755,334774,334777,3,19
334755,334771,334778,7,16
334755,334771,334778,7,16
334755,334771,334778,7,16
334755,334770,334778,8,15
334755,334773,334778,5,18
334755,334771,334779,8,16
334755,334771,334778,7,16
334755,334774,334779,5,19
334755,334771,334781,10,16
334788,334789,334790,1,1
334788,334789,334791,2,1
334788,334789,334791,2,1
334788,334789,334792,3,1
334788,334789,334793,4,1
334788,334792,334793,1,4
334788,334789,334794,5,1
334788,334789,334794,5,1
334788,334789,334794,5,1
334788,334789,334794,5,1
334788,334789,334794,5,1
334788,334789,334794,5,1
334788,334789,334794,5,1
334788,334793,334794,1,5
334788,334789,334794,5,1
334788,334789,334794,5,1
334788,334789,334794,5,1
334788,334789,334794,5,1
334788,334789,334794,5,1
334788,334789,334794,5,1
334788,334794,334795,1,6
334788,334794,334795,1,6
334788,334789,334795,6,1
334788,334789,334795,6,1
334788,334789,334796,7,1
334788,334789,334796,7,1
334788,334789,334796,7,1
334788,334789,334796,7,1
334788,334789,334796,7,1
334788,334789,334796,7,1
334788,334789,334797,8,1
334788,334789,334798,9,1
334788,334794,334798,4,6
334788,334794,334799,5,6
334788,334794,334799,5,6
334788,334789,334799,10,1
334788,334795,334800,5,7
334788,334795,334799,4,7
334788,334795,334800,5,7
334788,334795,334800,5,7
334788,334789,334799,10,1
334788,334795,334800,5,7
334788,334795,334800,5,7
334788,334795,334800,5,7
334788,334795,334800,5,7
334788,334795,334800,5,7
334788,334799,334800,1,11
334788,334795,334800,5,7
334788,334795,334800,5,7
334788,334799,334800,1,11
334788,334800,334801,1,12
334788,334795,334800,5,7
334788,334800,334801,1,12
334788,334800,334801,1,12
334788,334800,334801,1,12
334788,334795,334800,5,7
334788,334800,334801,1,12
334788,334800,334801,1,12
334788,334800,334801,1,12
334788,334800,334801,1,12
334788,334800,334801,1,12
334788,334800,334801,1,12
334788,334800,334801,1,12
334788,334795,334801,6,7
334788,334796,334802,6,8
334788,334799,334802,3,11
334788,334796,334802,6,8
334788,334801,334802,1,13
334788,334789,334803,14,1
334788,334789,334803,14,1
334788,334800,334803,3,12
334788,334797,334803,6,9
334788,334797,334803,6,9
334788,334797,334804,7,9
334788,334797,334803,6,9
334788,334796,334803,7,8
334788,334798,334804,6,10
334788,334789,334804,15,1
334788,334797,334805,8,9
334788,334797,334804,7,9
334788,334789,334806,17,1
334788,334801,334806,5,13
334788,334801,334806,5,13
334788,334801,334806,5,13
334788,334801,334806,5,13
334788,334805,334807,2,17
334788,334805,334806,1,17
334788,334806,334807,1,18
334788,334806,334807,1,18
334788,334806,334807,1,18
334788,334804,334806,2,16
334788,334805,334807,2,17
334788,334801,334806,5,13
334788,334801,334806,5,13
334788,334801,334806,5,13
334788,334806,334807,1,18
334788,334801,334806,5,13
334788,334801,334806,5,13
334788,334801,334806,5,13
334788,334801,334806,5,13
334788,334801,334806,5,13
334788,334801,334806,5,13
334788,334801,334806,5,13
334788,334801,334806,5,13
334788,334803,334808,5,15
334788,334807,334808,1,19
334788,334807,334808,1,19
334788,334807,334808,1,19
334788,334807,334808,1,19
334788,334807,334808,1,19
334788,334807,334808,1,19
334788,334807,334808,1,19
334788,334807,334808,1,19
334788,334802,334808,6,14
334788,334804,334808,4,16
334788,334807,334809,2,19
334788,334807,334809,2,19
334788,334803,334810,7,15
334788,334804,334810,6,16
334788,334803,334811,8,15
334788,334804,334810,6,16
334788,334791,334810,19,3
334788,334796,334810,14,8
334788,334804,334811,7,16
334788,334804,334811,7,16
334788,334803,334811,8,15
334788,334802,334811,9,14
334788,334807,334812,5,19
334788,334807,334812,5,19
334788,334807,334812,5,19
334788,334808,334813,5,20
334788,334807,334812,5,19
334788,334807,334812,5,19
334788,334807,334812,5,19
334788,334807,334812,5,19
334788,334807,334813,6,19
334788,334807,334812,5,19
334788,334812,334813,1,24
334788,334812,334813,1,24
334788,334812,334813,1,24
334788,334812,334814,2,24
334788,334808,334813,5,20
334788,334808,334813,5,20
334788,334808,334813,5,20
334788,334813,334814,1,25
334788,334808,334813,5,20
334788,334808,334813,5,20
334788,334808,334813,5,20
334788,334813,334814,1,25
334788,334813,334814,1,25
334788,334813,334814,1,25
334788,334813,334814,1,25
334788,334813,334814,1,25
334788,334813,334814,1,25
334788,334813,334814,1,25
334788,334813,334814,1,25
334788,334813,334814,1,25
334788,334814,334815,1,26
334788,334814,334815,1,26
334788,334814,334815,1,26
334788,334809,334815,6,21
334788,334814,334816,2,26
334788,334809,334816,7,21
334788,334809,334816,7,21
334788,334810,334817,7,22
334788,334809,334817,8,21
334788,334809,334816,7,21
334788,334809,334817,8,21
334788,334811,334818,7,23
334788,334811,334817,6,23
334788,334806,334818,12,18
334788,334812,334818,6,24
334788,334812,334818,6,24
334788,334811,334819,8,23
334788,334814,334819,5,26
334788,334814,334819,5,26
334788,334814,334819,5,26
334788,334804,334820,16,16
334788,334804,334821,17,16
334788,334812,334821,9,24
334788,334804,334823,19,16
334788,334811,334824,13,23
334788,334811,334829,18,23
334837,334837,334838,1,0
334837,334837,334839,2,0
334837,334837,334839,2,0
334837,334837,334839,2,0
334837,334837,334839,2,0
334837,334837,334842,5,0
334837,334837,334842,5,0
334837,334837,334842,5,0
334837,334840,334841,1,3
334837,334840,334841,1,3
334837,334840,334841,1,3
334837,334840,334841,1,3
334837,334837,334842,5,0
334837,334837,334842,5,0
334837,334837,334842,5,0
334837,334837,334842,5,0
334837,334837,334842,5,0
334837,334837,334842,5,0
334837,334837,334842,5,0
334837,334837,334842,5,0
334837,334837,334842,5,0
334837,334837,334842,5,0
334837,334837,334842,5,0
334837,334837,334842,5,0
334837,334837,334842,5,0
334837,334837,334842,5,0
334837,334837,334842,5,0
334837,334837,334844,7,0
334837,334837,334844,7,0
334837,334842,334843,1,5
334837,334837,334843,6,0
334837,334837,334844,7,0
334837,334837,334844,7,0
334837,334837,334844,7,0
334837,334837,334844,7,0
334837,334837,334845,8,0
334837,334837,334844,7,0
334837,334837,334845,8,0
334837,334837,334845,8,0
334837,334837,334847,10,0
334837,334843,334848,5,6
334837,334843,334848,5,6
334837,334843,334848,5,6
334837,334843,334848,5,6
334837,334843,334848,5,6
334837,334843,334848,5,6
334837,334843,334848,5,6
334837,334842,334849,7,5
334837,334843,334848,5,6
334837,334843,334848,5,6
334837,334843,334848,5,6
334837,334843,334848,5,6
334837,334843,334848,5,6
334837,334843,334848,5,6
334837,334848,334849,1,11
334837,334843,334848,5,6
334837,334843,334848,5,6
334837,334843,334848,5,6
334837,334843,334849,6,6
334837,334842,334850,8,5
334837,334842,334849,7,5
334837,334849,334850,1,12
334837,334849,334850,1,12
334837,334849,334850,1,12
334837,334849,334850,1,12
334837,334849,334850,1,12
334837,334849,334850,1,12
334837,334849,334850,1,12
334837,334849,334850,1,12
334837,334844,334850,6,7
334837,334846,334850,4,9
334837,334844,334850,6,7
334837,334844,334851,7,7
334837,334849,334851,2,12
334837,334837,334851,14,0
334837,334839,334852,13,2
334837,334843,334851,8,6
334837,334844,334852,8,7
334837,334845,334852,7,8
334837,334845,334852,7,8
334837,334845,334852,7,8
334837,334845,334851,6,8
334837,334848,334853,5,11
334837,334844,334854,10,7
334837,334850,334855,5,13
334837,334850,334855,5,13
334837,334849,334854,5,12
334837,334850,334855,5,13
334837,334849,334854,5,12
334837,334849,334854,5,12
334837,334849,334854,5,12
334837,334850,334855,5,13
334837,334846,334856,10,9
334837,334849,334855,6,12
334837,334850,334856,6,13
334837,334850,334855,5,13
334837,334850,334855,5,13
334837,334855,334856,1,18
334837,334855,334856,1,18
334837,334850,334855,5,13
334837,334850,334855,5,13
334837,334855,334856,1,18
334837,334855,334856,1,18
334837,334850,334855,5,13
334837,334850,334855,5,13
334837,334855,334856,1,18
334837,334855,334856,1,18
334837,334850,334855,5,13
334837,334851,334856,5,14
334837,334855,334856,1,18
334837,334855,334856,1,18
334837,334844,334856,12,7
334837,334850,334857,7,13
334837,334856,334857,1,19
334837,334856,334857,1,19
334837,334856,334857,1,19
334837,334856,334857,1,19
334837,334851,334857,6,14
334837,334856,334857,1,19
334837,334851,334858,7,14
334837,334851,334858,7,14
334837,334851,334859,8,14
334837,334852,334858,6,15
334837,334849,334859,10,12
334837,334852,334858,6,15
334837,334852,334859,7,15
334837,334852,334859,7,15
334837,334854,334860,6,17
334837,334854,334859,5,17
334837,334856,334859,3,19
334837,334852,334860,8,15
334837,334856,334861,5,19
334837,334856,334861,5,19
334837,334856,334861,5,19
334837,334856,334861,5,19
334837,334852,334862,10,15
334837,334852,334862,10,15
334837,334852,334861,9,15
334837,334856,334861,5,19
334837,334856,334861,5,19
334837,334856,334861,5,19
334837,334856,334861,5,19
334837,334856,334861,5,19
334837,334856,334861,5,19
334837,334856,334861,5,19
334837,334856,334861,5,19
334837,334857,334862,5,20
334837,334856,334861,5,19
334837,334861,334862,1,24
334837,334861,334862,1,24
334837,334857,334863,6,20
334837,334862,334863,1,25
334837,334862,334863,1,25
334837,334862,334863,1,25
334837,334857,334863,6,20
334837,334862,334863,1,25
334837,334862,334863,1,25
334837,334862,334863,1,25
334837,334862,334863,1,25
334837,334862,334863,1,25
334837,334857,334863,6,20
334837,334862,334863,1,25
334837,334862,334864,2,25
334837,334858,334864,6,21
334837,334859,334865,6,22
334837,334857,334864,7,20
334837,334858,334864,6,21
334837,334858,334865,7,21
334837,334859,334865,6,22
334837,334859,334865,6,22
334837,334859,334865,6,22
334837,334857,334866,9,20
334837,334858,334866,8,21
334837,334859,334865,6,22
334837,334861,334866,5,24
334837,334861,334866,5,24
334837,334862,334866,4,25
334837,334860,334866,6,23
334837,334862,334866,4,25
334837,334862,334867,5,25
334837,334862,334867,5,25
334837,334859,334868,9,22
334837,334860,334867,7,23
334837,334863,334868,5,26
334837,334863,334868,5,26
334837,334863,334868,5,26
334837,334863,334868,5,26
334837,334862,334867,5,25
334837,334860,334868,8,23
334837,334863,334868,5,26
334837,334860,334869,9,23
334837,334863,334869,6,26
334878,334878,334879,1,0
334878,334878,334879,1,0
334878,334878,334880,2,0
334878,334878,334881,3,0
334878,334878,334881,3,0
334878,334880,334881,1,2
334878,334880,334881,1,2
334878,334878,334881,3,0
334878,334880,334881,1,2
334878,334878,334883,5,0
334878,334878,334883,5,0
334878,334878,334883,5,0
334878,334878,334883,5,0
334878,334878,334883,5,0
334878,334878,334883,5,0
334878,334878,334883,5,0
334878,334878,334883,5,0
334878,334878,334883,5,0
334878,334878,334883,5,0
334878,334878,334883,5,0
334878,334878,334884,6,0
334878,334878,334883,5,0
334878,334878,334883,5,0
334878,334878,334883,5,0
334878,334878,334883,5,0
334878,334878,334883,5,0
334878,334878,334883,5,0
334878,334878,334883,5,0
334878,334878,334885,7,0
334878,334878,334885,7,0
334878,334878,334886,8,0
334878,334878,334886,8,0
334878,334878,334886,8,0
334878,334878,334886,8,0
334878,334878,334886,8,0
334878,334881,334887,6,3
334878,334881,334888,7,3
334878,334882,334888,6,4
334878,334883,334888,5,5
334878,334883,334888,5,5
334878,334881,334887,6,3
334878,334883,334888,5,5
334878,334883,334888,5,5
334878,334884,334889,5,6
334878,334883,334888,5,5
334878,334884,334889,5,6
334878,334884,334889,5,6
334878,334888,334889,1,10
334878,334882,334888,6,4
334878,334882,334889,7,4
334878,334884,334889,5,6
334878,334884,334889,5,6
334878,334884,334890,6,6
334878,334884,334889,5,6
334878,334883,334890,7,5
334878,334888,334890,2,10
334878,334884,334889,5,6
334878,334889,334890,1,11
334878,334884,334889,5,6
334878,334889,334890,1,11
334878,334889,334890,1,11
334878,334884,334889,5,6
334878,334884,334889,5,6
334878,334889,334890,1,11
334878,334889,334890,1,11
334878,334889,334890,1,11
334878,334890,334891,1,12
334878,334888,334891,3,10
334878,334878,334892,14,0
334878,334890,334891,1,12
334878,334885,334892,7,7
334878,334885,334892,7,7
334878,334889,334892,3,11
334878,334878,334893,15,0
334878,334886,334892,6,8
334878,334883,334893,10,5
334878,334886,334893,7,8
334878,334878,334894,16,0
334878,334888,334893,5,10
334878,334888,334893,5,10
334878,334878,334894,16,0
334878,334887,334894,7,9
334878,334888,334895,7,10
334878,334890,334895,5,12
334878,334890,334895,5,12
334878,334890,334895,5,12
334878,334888,334895,7,10
334878,334890,334895,5,12
334878,334890,334895,5,12
334878,334887,334895,8,9
334878,334890,334895,5,12
334878,334891,334896,5,13
334878,334890,334895,5,12
334878,334890,334896,6,12
334878,334890,334896,6,12
334878,334890,334896,6,12
334878,334890,334896,6,12
334878,334891,334896,5,13
334878,334888,334897,9,10
334878,334890,334897,7,12
334878,334890,334897,7,12
334878,334892,334897,5,14
334878,334896,334897,1,18
334878,334896,334897,1,18
334878,334896,334897,1,18
334878,334896,334897,1,18
334878,334896,334897,1,18
334878,334896,334897,1,18
334878,334896,334897,1,18
334878,334896,334897,1,18
334878,334890,334898,8,12
334878,334887,334899,12,9
334878,334897,334899,2,19
334878,334892,334899,7,14
334878,334892,334899,7,14
334878,334892,334899,7,14
334878,334897,334899,2,19
334878,334894,334899,5,16
334878,334894,334899,5,16
334878,334884,334900,16,6
334878,334893,334900,7,15
334878,334895,334900,5,17
334878,334893,334900,7,15
334878,334894,334900,6,16
334878,334895,334900,5,17
334878,334895,334900,5,17
334878,334892,334900,8,14
334878,334893,334900,7,15
334878,334895,334900,5,17
334878,334895,334901,6,17
334878,334893,334902,9,15
334878,334897,334902,5,19
334878,334897,334902,5,19
334878,334897,334902,5,19
334878,334895,334902,7,17
334878,334897,334902,5,19
334878,334898,334902,4,20
334878,334898,334903,5,20
334878,334898,334902,4,20
334878,334898,334902,4,20
334878,334895,334902,7,17
334878,334898,334903,5,20
334878,334903,334904,1,25
334878,334894,334904,10,16
334878,334895,334904,9,17
334878,334897,334904,7,19
334878,334899,334904,5,21
334878,334899,334904,5,21
334878,334904,334905,1,26
334878,334895,334905,10,17
334878,334904,334905,1,26
334878,334900,334905,5,22
334878,334900,334905,5,22
334878,334901,334906,5,23
334878,334903,334905,2,25
334878,334899,334906,7,21
334878,334904,334905,1,26
334878,334899,334906,7,21
334878,334899,334906,7,21
334878,334900,334906,6,22
334878,334898,334906,8,20
334878,334902,334907,5,24
334878,334899,334906,7,21
334878,334900,334907,7,22
334878,334899,334907,8,21
334878,334899,334907,8,21
334878,334902,334907,5,24
334878,334902,334907,5,24
334878,334902,334907,5,24
334878,334903,334908,5,25
334878,334901,334907,6,23
334878,334901,334907,6,23
334878,334903,334907,4,25
334878,334903,334908,5,25
334878,334903,334908,5,25
334878,334900,334909,9,22
334878,334904,334908,4,26
334878,334900,334910,10,22
334878,334906,334910,4,28
334878,334906,334910,4,28
334878,334906,334911,5,28
334878,334906,334911,5,28
334878,334906,334911,5,28
334878,334906,334911,5,28
334878,334902,334911,9,24
334878,334902,334911,9,24
334878,334906,334911,5,28
334878,334907,334911,4,29
334878,334905,334911,6,27
334878,334906,334912,6,28
334878,334905,334913,8,27
334878,334906,334913,7,28
334878,334900,334913,13,22
334878,334907,334913,6,29
334878,334907,334913,6,29
334878,334906,334914,8,28
334922,334922,334924,2,0
334922,334922,334924,2,0
334922,334922,334924,2,0
334922,334922,334924,2,0
334922,334922,334923,1,0
334922,334922,334924,2,0
334922,334922,334924,2,0
334922,334922,334926,4,0
334922,334922,334927,5,0
334922,334922,334927,5,0
334922,334922,334927,5,0
334922,334922,334927,5,0
334922,334922,334928,6,0
334922,334922,334927,5,0
334922,334922,334928,6,0
334922,334922,334928,6,0
334922,334922,334928,6,0
334922,334922,334928,6,0
334922,334922,334928,6,0
334922,334922,334928,6,0
334922,334922,334928,6,0
334922,334922,334928,6,0
334922,334922,334927,5,0
334922,334922,334928,6,0
334922,334922,334929,7,0
334922,334922,334929,7,0
334922,334922,334929,7,0
334922,334922,334929,7,0
334922,334922,334929,7,0
334922,334922,334929,7,0
334922,334922,334929,7,0
334922,334922,334930,8,0
334922,334924,334931,7,2
334922,334924,334931,7,2
334922,334924,334931,7,2
334922,334924,334931,7,2
334922,334927,334932,5,5
334922,334927,334932,5,5
334922,334927,334932,5,5
334922,334925,334931,6,3
334922,334928,334933,5,6
334922,334928,334933,5,6
334922,334927,334932,5,5
334922,334926,334933,7,4
334922,334928,334933,5,6
334922,334928,334933,5,6
334922,334932,334933,1,10
334922,334924,334933,9,2
334922,334928,334934,6,6
334922,334928,334934,6,6
334922,334928,334934,6,6
334922,334928,334933,5,6
334922,334933,334934,1,11
334922,334933,334934,1,11
334922,334932,334933,1,10
334922,334928,334934,6,6
334922,334928,334934,6,6
334922,334928,334934,6,6
334922,334928,334934,6,6
334922,334922,334936,14,0
334922,334929,334936,7,7
334922,334929,334936,7,7
334922,334932,334936,4,10
334922,334929,334936,7,7
334922,334930,334936,6,8
334922,334930,334936,6,8
334922,334924,334936,12,2
334922,334932,334937,5,10
334922,334930,334937,7,8
334922,334931,334938,7,9
334922,334931,334938,7,9
334922,334932,334938,6,10
334922,334932,334938,6,10
334922,334922,334939,17,0
334922,334934,334939,5,12
334922,334935,334940,5,13
334922,334935,334940,5,13
334922,334935,334940,5,13
334922,334935,334940,5,13
334922,334935,334940,5,13
334922,334935,334940,5,13
334922,334934,334940,6,12
334922,334935,334940,5,13
334922,334935,334940,5,13
334922,334935,334940,5,13
334922,334935,334940,5,13
334922,334935,334940,5,13
334922,334935,334940,5,13
334922,334935,334940,5,13
334922,334935,334941,6,13
334922,334937,334941,4,15
334922,334922,334942,20,0
334922,334938,334942,4,16
334922,334922,334943,21,0
334922,334936,334943,7,14
334922,334936,334943,7,14
334922,334937,334943,6,15
334922,334937,334943,6,15
334922,334937,334944,7,15
334922,334942,334943,1,20
334922,334936,334944,8,14
334922,334940,334945,5,18
334922,334940,334945,5,18
334922,334940,334945,5,18
334922,334938,334944,6,16
334922,334941,334944,3,19
334922,334939,334945,6,17
334922,334939,334945,6,17
334922,334939,334945,6,17
334922,334939,334945,6,17
334922,334941,334945,4,19
334922,334941,334946,5,19
334922,334940,334945,5,18
334922,334941,334946,5,19
334922,334939,334946,7,17
334922,334941,334946,5,19
334922,334942,334947,5,20
334922,334942,334947,5,20
334922,334942,334947,5,20
334922,334942,334947,5,20
334922,334942,334947,5,20
334922,334937,334947,10,15
334922,334943,334948,5,21
334922,334943,334948,5,21
334922,334942,334947,5,20
334922,334942,334948,6,20
334922,334930,334948,18,8
334922,334934,334948,14,12
334922,334929,334949,20,7
334922,334949,334950,1,27
334922,334945,334950,5,23
334922,334945,334949,4,23
334922,334945,334950,5,23
334922,334948,334950,2,26
334922,334949,334950,1,27
334922,334944,334950,6,22
334922,334944,334950,6,22
334922,334944,334951,7,22
334922,334944,334950,6,22
334922,334944,334950,6,22
334922,334950,334951,1,28
334922,334946,334951,5,24
334922,334943,334951,8,21
334922,334944,334951,7,22
334922,334944,334952,8,22
334922,334945,334952,7,23
334922,334946,334951,5,24
334922,334946,334951,5,24
334922,334946,334951,5,24
334922,334947,334952,5,25
334922,334947,334952,5,25
334922,334947,334952,5,25
334922,334947,334952,5,25
334922,334947,334952,5,25
334922,334947,334952,5,25
334922,334948,334952,4,26
334922,334946,334952,6,24
334922,334946,334952,6,24
334922,334946,334952,6,24
334922,334949,334952,3,27
334922,334945,334952,7,23
334922,334948,334953,5,26
334922,334947,334953,6,25
334922,334946,334953,7,24
334922,334948,334954,6,26
334922,334950,334954,4,28
334922,334950,334955,5,28
334922,334951,334956,5,29
334922,334951,334956,5,29
334922,334950,334956,6,28
334922,334951,334956,5,29
334922,334951,334956,5,29
334922,334952,334957,5,30
334922,334952,334957,5,30
334922,334952,334957,5,30
334922,334952,334957,5,30
334922,334952,334957,5,30
334922,334951,334956,5,29
334922,334951,334957,6,29
334922,334951,334957,6,29
334922,334951,334957,6,29
334922,334951,334957,6,29
334922,334951,334958,7,29
334922,334952,334958,6,30
334922,334952,334959,7,30
334922,334952,334959,7,30
334922,334952,334961,9,30
334970,334970,334971,1,0
334970,334970,334971,1,0
334970,334970,334972,2,0
334970,334970,334971,1,0
334970,334970,334973,3,0
334970,334970,334972,2,0
334970,334970,334972,2,0
334970,334970,334972,2,0
334970,334970,334975,5,0
334970,334970,334975,5,0
334970,334970,334975,5,0
334970,334970,334975,5,0
334970,334970,334975,5,0
334970,334970,334975,5,0
334970,334970,334975,5,0
334970,334970,334975,5,0
334970,334970,334975,5,0
334970,334970,334975,5,0
334970,334970,334975,5,0
334970,334970,334975,5,0
334970,334970,334975,5,0
334970,334970,334975,5,0
334970,334970,334975,5,0
334970,334970,334975,5,0
334970,334970,334976,6,0
334970,334970,334976,6,0
334970,334970,334977,7,0
334970,334970,334977,7,0
334970,334970,334977,7,0
334970,334970,334977,7,0
334970,334972,334978,6,2
334970,334970,334978,8,0
334970,334972,334979,7,2
334970,334972,334978,6,2
334970,334973,334980,7,3
334970,334973,334980,7,3
334970,334976,334981,5,6
334970,334975,334980,5,5
334970,334976,334981,5,6
334970,334976,334981,5,6
334970,334976,334981,5,6
334970,334976,334981,5,6
334970,334980,334981,1,10
334970,334979,334980,1,9
334970,334973,334980,7,3
334970,334976,334981,5,6
334970,334976,334981,5,6
334970,334976,334981,5,6
334970,334976,334981,5,6
334970,334976,334981,5,6
334970,334976,334981,5,6
334970,334976,334981,5,6
334970,334976,334981,5,6
334970,334976,334981,5,6
334970,334977,334982,5,7
334970,334980,334981,1,10
334970,334981,334982,1,11
334970,334981,334982,1,11
334970,334979,334982,3,9
334970,334970,334984,14,0
334970,334977,334983,6,7
334970,334977,334983,6,7
334970,334978,334984,6,8
334970,334979,334985,6,9
334970,334978,334985,7,8
334970,334978,334986,8,8
334970,334978,334985,7,8
334970,334972,334986,14,2
334970,334976,334987,11,6
334970,334982,334987,5,12
334970,334982,334987,5,12
334970,334982,334987,5,12
334970,334982,334987,5,12
334970,334982,334987,5,12
334970,334982,334987,5,12
334970,334982,334987,5,12
334970,334982,334987,5,12
334970,334982,334987,5,12
334970,334970,334988,18,0
334970,334982,334987,5,12
334970,334982,334987,5,12
334970,334982,334987,5,12
334970,334982,334987,5,12
334970,334981,334987,6,11
334970,334982,334987,5,12
334970,334982,334987,5,12
334970,334982,334988,6,12
334970,334981,334988,7,11
334970,334982,334989,7,12
334970,334982,334989,7,12
334970,334988,334989,1,18
334970,334988,334989,1,18
334970,334988,334989,1,18
334970,334988,334989,1,18
334970,334987,334988,1,17
334970,334988,334989,1,18
334970,334988,334989,1,18
334970,334981,334988,7,11
334970,334970,334989,19,0
334970,334970,334990,20,0
334970,334988,334989,1,18
334970,334987,334990,3,17
334970,334984,334990,6,14
334970,334984,334990,6,14
334970,334970,334992,22,0
334970,334987,334991,4,17
334970,334987,334992,5,17
334970,334988,334992,4,18
334970,334985,334992,7,15
334970,334989,334991,2,19
334970,334985,334991,6,15
334970,334985,334991,6,15
334970,334987,334992,5,17
334970,334987,334992,5,17
334970,334987,334992,5,17
334970,334987,334993,6,17
334970,334987,334992,5,17
334970,334986,334993,7,16
334970,334986,334993,7,16
334970,334987,334993,6,17
334970,334989,334994,5,19
334970,334989,334994,5,19
334970,334989,334994,5,19
334970,334989,334994,5,19
334970,334989,334994,5,19
334970,334989,334994,5,19
334970,334973,334994,21,3
334970,334989,334994,5,19
334970,334989,334994,5,19
334970,334994,334995,1,24
334970,334989,334995,6,19
334970,334989,334996,7,19
334970,334989,334996,7,19
334970,334995,334996,1,25
334970,334995,334996,1,25
334970,334995,334996,1,25
334970,334984,334996,12,14
334970,334991,334996,5,21
334970,334992,334997,5,22
334970,334993,334997,4,23
334970,334993,334996,3,23
334970,334990,334997,7,20
334970,334994,334997,3,24
334970,334996,334997,1,26
334970,334996,334997,1,26
334970,334992,334997,5,22
334970,334993,334997,4,23
334970,334991,334998,7,21
334970,334996,334997,1,26
334970,334996,334997,1,26
334970,334996,334998,2,26
334970,334990,334998,8,20
334970,334995,334998,3,25
334970,334987,334998,11,17
334970,334990,334999,9,20
334970,334993,334998,5,23
334970,334993,334998,5,23
334970,334994,334999,5,24
334970,334994,334999,5,24
334970,334994,334999,5,24
334970,334992,334998,6,22
334970,334992,334999,7,22
334970,334991,334998,7,21
334970,334992,334999,7,22
334970,334996,334998,2,26
334970,334994,334999,5,24
334970,334992,335000,8,22
334970,334993,335000,7,23
334970,334993,335000,7,23
334970,334992,335002,10,22
334970,334994,335002,8,24
334970,334997,335002,5,27
334970,334997,335002,5,27
334970,334997,335002,5,27
334970,334997,335002,5,27
334970,334997,335002,5,27
334970,334997,335002,5,27
334970,334998,335003,5,28
334970,334998,335003,5,28
334970,334997,335002,5,27
334970,334997,335003,6,27
334970,334999,335004,5,29
334970,334998,335004,6,28
334970,334997,335004,7,27
334970,334992,335004,12,22
334970,334999,335004,5,29
334970,334998,335004,6,28
334970,334998,335004,6,28
334970,334998,335005,7,28
334970,334999,335004,5,29
334970,334999,335005,6,29
334970,334999,335014,15,29
334970,334999,335016,17,29
334970,334999,335017,18,29
334970,334999,335018,19,29
335026,335026,335027,1,0
335026,335026,335027,1,0
335026,335026,335027,1,0
335026,335026,335027,1,0
335026,335026,335027,1,0
335026,335026,335027,1,0
335026,335026,335028,2,0
335026,335026,335028,2,0
335026,335026,335028,2,0
335026,335026,335030,4,0
335026,335026,335030,4,0
335026,335026,335030,4,0
335026,335026,335029,3,0
335026,335026,335031,5,0
335026,335026,335030,4,0
335026,335026,335031,5,0
335026,335026,335030,4,0
335026,335026,335030,4,0
335026,335026,335030,4,0
335026,335026,335031,5,0
335026,335026,335031,5,0
335026,335026,335031,5,0
335026,335026,335031,5,0
335026,335027,335032,5,1
335026,335026,335031,5,0
335026,335026,335032,6,0
335026,335026,335032,6,0
335026,335026,335033,7,0
335026,335026,335033,7,0
335026,335026,335033,7,0
335026,335028,335033,5,2
335026,335026,335033,7,0
335026,335033,335034,1,7
335026,335028,335034,6,2
335026,335033,335034,1,7
335026,335028,335035,7,2
335026,335033,335034,1,7
335026,335033,335034,1,7
335026,335029,335034,5,3
335026,335032,335035,3,6
335026,335030,335035,5,4
335026,335028,335035,7,2
335026,335030,335035,5,4
335026,335034,335035,1,8
335026,335026,335036,10,0
335026,335031,335036,5,5
335026,335031,335035,4,5
335026,335031,335035,4,5
335026,335031,335035,4,5
335026,335028,335035,7,2
335026,335033,335036,3,7
335026,335030,335036,6,4
335026,335035,335036,1,9
335026,335035,335036,1,9
335026,335031,335036,5,5
335026,335028,335036,8,2
335026,335029,335036,7,3
335026,335033,335035,2,7
335026,335031,335036,5,5
335026,335026,335036,10,0
335026,335026,335036,10,0
335026,335035,335036,1,9
335026,335035,335036,1,9
335026,335032,335037,5,6
335026,335035,335037,2,9
335026,335035,335036,1,9
335026,335035,335037,2,9
335026,335032,335037,5,6
335026,335032,335037,5,6
335026,335035,335037,2,9
335026,335032,335036,4,6
335026,335030,335037,7,4
335026,335026,335039,13,0
335026,335033,335040,7,7
335026,335026,335040,14,0
335026,335035,335040,5,9
335026,335035,335040,5,9
335026,335036,335041,5,10
335026,335036,335041,5,10
335026,335036,335041,5,10
335026,335037,335041,4,11
335026,335040,335041,1,14
335026,335040,335041,1,14
335026,335026,335041,15,0
335026,335036,335041,5,10
335026,335036,335042,6,10
335026,335036,335041,5,10
335026,335041,335042,1,15
335026,335036,335041,5,10
335026,335037,335042,5,11
335026,335041,335042,1,15
335026,335041,335042,1,15
335026,335036,335042,6,10
335026,335037,335042,5,11
335026,335041,335042,1,15
335026,335036,335042,6,10
335026,335037,335042,5,11
335026,335041,335042,1,15
335026,335041,335042,1,15
335026,335042,335043,1,16
335026,335042,335043,1,16
335026,335042,335043,1,16
335026,335042,335043,1,16
335026,335032,335043,11,6
335026,335036,335043,7,10
335026,335035,335042,7,9
335026,335037,335043,6,11
335026,335042,335043,1,16
335026,335037,335043,6,11
335026,335042,335043,1,16
335026,335036,335044,8,10
335026,335036,335043,7,10
335026,335037,335044,7,11
335026,335036,335044,8,10
335026,335036,335044,8,10
335026,335037,335044,7,11
335026,335036,335044,8,10
335026,335037,335043,6,11
335026,335037,335043,6,11
335026,335042,335044,2,16
335026,335037,335045,8,11
335026,335042,335046,4,16
335026,335039,335046,7,13
335026,335042,335047,5,16
335026,335042,335047,5,16
335026,335042,335047,5,16
335026,335043,335048,5,17
335026,335043,335048,5,17
335026,335042,335047,5,16
335026,335042,335048,6,16
335026,335042,335048,6,16
335026,335042,335047,5,16
335026,335042,335048,6,16
335026,335040,335049,9,14
335026,335043,335049,6,17
335026,335043,335049,6,17
335026,335048,335049,1,22
335026,335048,335049,1,22
335026,335043,335049,6,17
335026,335043,335049,6,17
335026,335048,335049,1,22
335026,335043,335049,6,17
335026,335044,335049,5,18
335026,335049,335050,1,23
335026,335049,335050,1,23
335026,335049,335050,1,23
335026,335049,335050,1,23
335026,335043,335050,7,17
335026,335044,335050,6,18
335026,335043,335050,7,17
335026,335043,335051,8,17
335026,335044,335051,7,18
335026,335050,335051,1,24
335026,335044,335052,8,18
335026,335044,335052,8,18
335026,335044,335052,8,18
335026,335045,335052,7,19
335026,335044,335052,8,18
335026,335044,335052,8,18
335026,335044,335052,8,18
335026,335044,335052,8,18
335026,335049,335054,5,23
335026,335037,335054,17,11
335026,335040,335054,14,14
335026,335050,335055,5,24
335026,335050,335054,4,24
335026,335050,335054,4,24
335026,335050,335054,4,24
335026,335050,335054,4,24
335026,335050,335054,4,24
335026,335050,335054,4,24
335026,335046,335055,9,20
335026,335050,335055,5,24
335026,335050,335055,5,24
335026,335050,335055,5,24
335026,335050,335055,5,24
335026,335047,335055,8,21
335026,335050,335056,6,24
335026,335050,335056,6,24
335026,335050,335056,6,24
335026,335050,335056,6,24
335026,335052,335056,4,26
335026,335051,335057,6,25
335026,335050,335057,7,24
335026,335051,335057,6,25
335026,335052,335058,6,26
335026,335050,335058,8,24
335026,335052,335059,7,26
335026,335052,335060,8,26
335026,335043,335059,16,17
335026,335037,335061,24,11
335069,335069,335070,1,0
335069,335069,335070,1,0
335069,335069,335070,1,0
335069,335069,335070,1,0
335069,335069,335070,1,0
335069,335069,335070,1,0
335069,335069,335070,1,0
335069,335069,335070,1,0
335069,335069,335071,2,0
335069,335069,335071,2,0
335069,335069,335071,2,0
335069,335069,335071,2,0
335069,335069,335071,2,0
335069,335069,335071,2,0
335069,335069,335071,2,0
335069,335069,335072,3,0
335069,335069,335073,4,0
335069,335069,335074,5,0
335069,335069,335073,4,0
335069,335069,335073,4,0
335069,335069,335074,5,0
335069,335069,335074,5,0
335069,335070,335075,5,1
335069,335070,335075,5,1
335069,335070,335075,5,1
335069,335069,335076,7,0
335069,335069,335076,7,0
335069,335069,335076,7,0
335069,335069,335075,6,0
335069,335070,335075,5,1
335069,335070,335076,6,1
335069,335075,335076,1,6
335069,335070,335076,6,1
335069,335075,335076,1,6
335069,335070,335075,5,1
335069,335075,335076,1,6
335069,335070,335076,6,1
335069,335074,335076,2,5
335069,335075,335076,1,6
335069,335069,335077,8,0
335069,335071,335076,5,2
335069,335069,335076,7,0
335069,335076,335077,1,7
335069,335076,335077,1,7
335069,335076,335077,1,7
335069,335071,335076,5,2
335069,335076,335077,1,7
335069,335076,335077,1,7
335069,335073,335077,4,4
335069,335074,335077,3,5
335069,335076,335077,1,7
335069,335076,335077,1,7
335069,335076,335077,1,7
335069,335076,335077,1,7
335069,335076,335077,1,7
335069,335071,335077,6,2
335069,335076,335077,1,7
335069,335076,335077,1,7
335069,335071,335078,7,2
335069,335076,335077,1,7
335069,335071,335078,7,2
335069,335076,335077,1,7
335069,335073,335078,5,4
335069,335069,335078,9,0
335069,335071,335079,8,2
335069,335074,335078,4,5
335069,335074,335079,5,5
335069,335071,335079,8,2
335069,335069,335081,12,0
335069,335077,335081,4,8
335069,335077,335081,4,8
335069,335069,335081,12,0
335069,335077,335082,5,8
335069,335077,335082,5,8
335069,335077,335082,5,8
335069,335077,335082,5,8
335069,335077,335082,5,8
335069,335077,335082,5,8
335069,335069,335083,14,0
335069,335077,335083,6,8
335069,335077,335083,6,8
335069,335077,335083,6,8
335069,335077,335083,6,8
335069,335077,335083,6,8
335069,335077,335083,6,8
335069,335079,335083,4,10
335069,335078,335084,6,9
335069,335077,335083,6,8
335069,335079,335084,5,10
335069,335084,335085,1,15
335069,335078,335085,7,9
335069,335078,335085,7,9
335069,335078,335084,6,9
335069,335083,335085,2,14
335069,335077,335085,8,8
335069,335078,335085,7,9
335069,335078,335085,7,9
335069,335080,335085,5,11
335069,335080,335085,5,11
335069,335084,335085,1,15
335069,335081,335085,4,12
335069,335082,335086,4,13
335069,335083,335086,3,14
335069,335078,335085,7,9
335069,335079,335086,7,10
335069,335069,335087,18,0
335069,335069,335086,17,0
335069,335084,335087,3,15
335069,335069,335088,19,0
335069,335086,335088,2,17
335069,335087,335088,1,18
335069,335086,335087,1,17
335069,335086,335088,2,17
335069,335085,335089,4,16
335069,335085,335088,3,16
335069,335084,335088,4,15
335069,335084,335088,4,15
335069,335084,335088,4,15
335069,335084,335088,4,15
335069,335084,335088,4,15
335069,335069,335089,20,0
335069,335079,335089,10,10
335069,335085,335089,4,16
335069,335084,335089,5,15
335069,335084,335090,6,15
335069,335088,335090,2,19
335069,335088,335090,2,19
335069,335089,335090,1,20
335069,335084,335090,6,15
335069,335089,335090,1,20
335069,335085,335090,5,16
335069,335085,335090,5,16
335069,335085,335090,5,16
335069,335085,335090,5,16
335069,335086,335091,5,17
335069,335086,335090,4,17
335069,335085,335091,6,16
335069,335085,335092,7,16
335069,335085,335092,7,16
335069,335085,335093,8,16
335069,335090,335092,2,21
335069,335086,335092,6,17
335069,335086,335092,6,17
335069,335086,335093,7,17
335069,335090,335092,2,21
335069,335090,335092,2,21
335069,335090,335093,3,21
335069,335086,335093,7,17
335069,335090,335093,3,21
335069,335090,335094,4,21
335069,335090,335094,4,21
335069,335090,335093,3,21
335069,335090,335094,4,21
335069,335090,335094,4,21
335069,335090,335094,4,21
335069,335090,335094,4,21
335069,335091,335095,4,22
335069,335091,335095,4,22
335069,335091,335095,4,22
335069,335091,335096,5,22
335069,335091,335096,5,22
335069,335091,335096,5,22
335069,335091,335096,5,22
335069,335092,335097,5,23
335069,335091,335098,7,22
335069,335093,335098,5,24
335069,335091,335098,7,22
335069,335088,335098,10,19
335069,335093,335099,6,24
335069,335086,335100,14,17
335069,335087,335100,13,18
335069,335086,335102,16,17
335069,335091,335106,15,22
335069,335091,335109,18,22
335069,335091,335110,19,22
335118,335118,335119,1,0
335118,335118,335119,1,0
335118,335118,335119,1,0
335118,335118,335119,1,0
335118,335118,335119,1,0
335118,335118,335119,1,0
335118,335118,335119,1,0
335118,335118,335119,1,0
335118,335118,335119,1,0
335118,335118,335119,1,0
335118,335118,335119,1,0
335118,335118,335120,2,0
335118,335118,335120,2,0
335118,335118,335120,2,0
335118,335118,335119,1,0
335118,335118,335120,2,0
335118,335118,335119,1,0
335118,335118,335119,1,0
335118,335118,335119,1,0
335118,335118,335119,1,0
335118,335118,335120,2,0
335118,335120,335121,1,2
335118,335120,335121,1,2
335118,335120,335121,1,2
335118,335118,335121,3,0
335118,335120,335121,1,2
335118,335120,335122,2,2
335118,335121,335122,1,3
335118,335121,335122,1,3
335118,335121,335122,1,3
335118,335121,335122,1,3
335118,335118,335122,4,0
335118,335118,335122,4,0
335118,335121,335122,1,3
335118,335120,335123,3,2
335118,335118,335123,5,0
335118,335118,335123,5,0
335118,335118,335123,5,0
335118,335119,335123,4,1
335118,335122,335123,1,4
335118,335122,335123,1,4
335118,335121,335123,2,3
335118,335119,335124,5,1
335118,335119,335124,5,1
335118,335119,335124,5,1
335118,335118,335124,6,0
335118,335123,335124,1,5
335118,335122,335124,2,4
335118,335119,335124,5,1
335118,335119,335124,5,1
335118,335123,335124,1,5
335118,335123,335124,1,5
335118,335123,335124,1,5
335118,335120,335125,5,2
335118,335118,335124,6,0
335118,335120,335125,5,2
335118,335123,335124,1,5
335118,335120,335125,5,2
335118,335120,335125,5,2
335118,335119,335125,6,1
335118,335123,335125,2,5
335118,335124,335125,1,6
335118,335119,335125,6,1
335118,335120,335126,6,2
335118,335120,335126,6,2
335118,335124,335126,2,6
335118,335124,335126,2,6
335118,335118,335127,9,0
335118,335123,335127,4,5
335118,335126,335127,1,8
335118,335124,335127,3,6
335118,335124,335127,3,6
335118,335124,335127,3,6
335118,335126,335128,2,8
335118,335118,335128,10,0
335118,335124,335128,4,6
335118,335124,335128,4,6
335118,335124,335128,4,6
335118,335125,335128,3,7
335118,335127,335128,1,9
335118,335126,335128,2,8
335118,335124,335128,4,6
335118,335125,335128,3,7
335118,335128,335129,1,10
335118,335124,335129,5,6
335118,335128,335129,1,10
335118,335128,335129,1,10
335118,335126,335129,3,8
335118,335124,335129,5,6
335118,335125,335130,5,7
335118,335129,335130,1,11
335118,335118,335130,12,0
335118,335118,335130,12,0
335118,335125,335131,6,7
335118,335125,335130,5,7
335118,335129,335131,2,11
335118,335129,335131,2,11
335118,335129,335131,2,11
335118,335130,335131,1,12
335118,335126,335131,5,8
335118,335129,335131,2,11
335118,335129,335131,2,11
335118,335129,335131,2,11
335118,335130,335131,1,12
335118,335129,335131,2,11
335118,335131,335132,1,13
335118,335131,335132,1,13
335118,335131,335132,1,13
335118,335130,335133,3,12
335118,335130,335132,2,12
335118,335130,335132,2,12
335118,335129,335133,4,11
335118,335129,335132,3,11
335118,335132,335133,1,14
335118,335132,335133,1,14
335118,335132,335133,1,14
335118,335132,335133,1,14
335118,335129,335133,4,11
335118,335125,335133,8,7
335118,335125,335134,9,7
335118,335133,335134,1,15
335118,335133,335134,1,15
335118,335133,335134,1,15
335118,335133,335134,1,15
335118,335118,335134,16,0
335118,335130,335134,4,12
335118,335130,335134,4,12
335118,335133,335134,1,15
335118,335133,335134,1,15
335118,335130,335134,4,12
335118,335130,335134,4,12
335118,335133,335135,2,15
335118,335134,335135,1,16
335118,335133,335134,1,15
335118,335134,335135,1,16
335118,335118,335135,17,0
335118,335130,335135,5,12
335118,335130,335135,5,12
335118,335130,335135,5,12
335118,335133,335136,3,15
335118,335133,335135,2,15
335118,335118,335136,18,0
335118,335134,335136,2,16
335118,335134,335136,2,16
335118,335135,335136,1,17
335118,335130,335136,6,12
335118,335133,335136,3,15
335118,335134,335137,3,16
335118,335133,335137,4,15
335118,335134,335137,3,16
335118,335134,335137,3,16
335118,335133,335137,4,15
335118,335134,335138,4,16
335118,335133,335138,5,15
335118,335134,335138,4,16
335118,335134,335138,4,16
335118,335134,335139,5,16
335118,335130,335140,10,12
335118,335134,335140,6,16
335118,335134,335141,7,16
335118,335127,335142,15,9
335118,335128,335143,15,10
335118,335125,335145,20,7
335153,335153,335154,1,0
335153,335153,335154,1,0
335153,335153,335154,1,0
335153,335153,335154,1,0
335153,335153,335154,1,0
335153,335153,335154,1,0
335153,335153,335154,1,0
335153,335153,335154,1,0
335153,335153,335154,1,0
335153,335153,335154,1,0
335153,335153,335154,1,0
335153,335153,335154,1,0
335153,335153,335155,2,0
335153,335153,335155,2,0
335153,335153,335154,1,0
335153,335153,335154,1,0
335153,335153,335154,1,0
335153,335153,335154,1,0
335153,335153,335154,1,0
335153,335153,335154,1,0
335153,335153,335154,1,0
335153,335153,335155,2,0
335153,335154,335155,1,1
335153,335154,335155,1,1
335153,335154,335155,1,1
335153,335154,335155,1,1
335153,335154,335155,1,1
335153,335155,335156,1,2
335153,335155,335156,1,2
335153,335155,335156,1,2
335153,335154,335156,2,1
335153,335155,335156,1,2
335153,335155,335156,1,2
335153,335155,335156,1,2
335153,335155,335157,2,2
335153,335155,335156,1,2
335153,335155,335157,2,2
335153,335155,335157,2,2
335153,335155,335156,1,2
335153,335155,335156,1,2
335153,335155,335156,1,2
335153,335155,335156,1,2
335153,335154,335157,3,1
335153,335156,335157,1,3
335153,335156,335157,1,3
335153,335154,335157,3,1
335153,335154,335157,3,1
335153,335154,335156,2,1
335153,335156,335157,1,3
335153,335156,335157,1,3
335153,335154,335158,4,1
335153,335154,335158,4,1
335153,335154,335157,3,1
335153,335155,335158,3,2
335153,335154,335158,4,1
335153,335154,335157,3,1
335153,335154,335158,4,1
335153,335157,335158,1,4
335153,335157,335158,1,4
335153,335157,335159,2,4
335153,335157,335158,1,4
335153,335157,335158,1,4
335153,335157,335158,1,4
335153,335158,335159,1,5
335153,335157,335159,2,4
335153,335158,335159,1,5
335153,335158,335159,1,5
335153,335153,335159,6,0
335153,335157,335159,2,4
335153,335153,335160,7,0
335153,335153,335159,6,0
335153,335153,335159,6,0
335153,335158,335160,2,5
335153,335157,335159,2,4
335153,335157,335160,3,4
335153,335159,335160,1,6
335153,335157,335159,2,4
335153,335159,335160,1,6
335153,335157,335160,3,4
335153,335159,335160,1,6
335153,335159,335160,1,6
335153,335157,335160,3,4
335153,335159,335160,1,6
335153,335159,335161,2,6
335153,335159,335160,1,6
335153,335158,335161,3,5
335153,335160,335161,1,7
335153,335159,335160,1,6
335153,335159,335160,1,6
335153,335159,335160,1,6
335153,335160,335161,1,7
335153,335160,335161,1,7
335153,335160,335161,1,7
335153,335157,335160,3,4
335153,335157,335161,4,4
335153,335160,335161,1,7
335153,335160,335161,1,7
335153,335159,335161,2,6
335153,335157,335161,4,4
335153,335160,335161,1,7
335153,335160,335161,1,7
335153,335160,335161,1,7
335153,335157,335161,4,4
335153,335161,335162,1,8
335153,335161,335162,1,8
335153,335157,335162,5,4
335153,335159,335162,3,6
335153,335160,335161,1,7
335153,335157,335161,4,4
335153,335153,335162,9,0
335153,335157,335162,5,4
335153,335161,335162,1,8
335153,335161,335162,1,8
335153,335161,335163,2,8
335153,335162,335163,1,9
335153,335158,335163,5,5
335153,335162,335163,1,9
335153,335162,335163,1,9
335153,335162,335164,2,9
335153,335163,335164,1,10
335153,335163,335164,1,10
335153,335163,335164,1,10
335153,335161,335164,3,8
335153,335161,335164,3,8
335153,335161,335164,3,8
335153,335161,335164,3,8
335153,335161,335164,3,8
335153,335161,335164,3,8
335153,335162,335164,2,9
335153,335161,335164,3,8
335153,335163,335164,1,10
335153,335153,335165,12,0
335153,335160,335165,5,7
335153,335160,335164,4,7
335153,335160,335164,4,7
335153,335161,335165,4,8
335153,335163,335164,1,10
335153,335163,335165,2,10
335153,335161,335164,3,8
335153,335163,335165,2,10
335153,335163,335165,2,10
335153,335164,335165,1,11
335153,335164,335165,1,11
335153,335164,335165,1,11
335153,335164,335165,1,11
335153,335161,335165,4,8
335153,335164,335165,1,11
335153,335164,335165,1,11
335153,335164,335165,1,11
335153,335164,335165,1,11
335153,335164,335165,1,11
335153,335164,335165,1,11
335153,335158,335165,7,5
335153,335162,335165,3,9
335153,335161,335165,4,8
335153,335161,335165,4,8
335153,335164,335165,1,11
335153,335164,335165,1,11
335153,335153,335165,12,0
335153,335161,335165,4,8
335153,335162,335166,4,9
335153,335161,335166,5,8
335153,335161,335166,5,8
335153,335165,335167,2,12
335153,335164,335167,3,11
335153,335165,335167,2,12
335153,335166,335167,1,13
335153,335165,335168,3,12
335153,335165,335168,3,12
335153,335165,335168,3,12
335153,335165,335168,3,12
335153,335165,335168,3,12
335153,335166,335168,2,13
335153,335166,335168,2,13
335153,335166,335168,2,13
335153,335165,335169,4,12
335153,335165,335169,4,12
335153,335165,335169,4,12
335153,335165,335169,4,12
335153,335165,335169,4,12
335153,335165,335169,4,12
335153,335166,335169,3,13
335153,335166,335169,3,13
335153,335166,335170,4,13
335153,335165,335172,7,12
335153,335163,335172,9,10
335153,335165,335172,7,12
335153,335165,335173,8,12
335153,335165,335173,8,12
335153,335153,335172,19,0
335153,335153,335180,27,0
335187,335187,335188,1,0
335187,335187,335188,1,0
335187,335187,335188,1,0
335187,335187,335188,1,0
335187,335187,335188,1,0
335187,335187,335188,1,0
335187,335187,335188,1,0
335187,335187,335188,1,0
335187,335187,335188,1,0
335187,335187,335188,1,0
335187,335187,335188,1,0
335187,335187,335188,1,0
335187,335187,335188,1,0
335187,335187,335188,1,0
335187,335187,335188,1,0
335187,335187,335188,1,0
335187,335187,335188,1,0
335187,335187,335188,1,0
335187,335187,335188,1,0
335187,335187,335188,1,0
335187,335187,335188,1,0
335187,335187,335188,1,0
335187,335187,335189,2,0
335187,335188,335189,1,1
335187,335188,335189,1,1
335187,335188,335189,1,1
335187,335188,335189,1,1
335187,335188,335189,1,1
335187,335187,335190,3,0
335187,335189,335190,1,2
335187,335189,335190,1,2
335187,335188,335190,2,1
335187,335188,335189,1,1
335187,335189,335190,1,2
335187,335188,335190,2,1
335187,335188,335190,2,1
335187,335189,335190,1,2
335187,335188,335190,2,1
335187,335189,335190,1,2
335187,335189,335190,1,2
335187,335187,335191,4,0
335187,335189,335190,1,2
335187,335189,335190,1,2
335187,335189,335190,1,2
335187,335187,335190,3,0
335187,335189,335190,1,2
335187,335189,335190,1,2
335187,335189,335190,1,2
335187,335189,335190,1,2
335187,335190,335191,1,3
335187,335188,335191,3,1
335187,335188,335191,3,1
335187,335190,335191,1,3
335187,335188,335190,2,1
335187,335190,335191,1,3
335187,335190,335191,1,3
335187,335190,335191,1,3
335187,335190,335191,1,3
335187,335190,335191,1,3
335187,335190,335191,1,3
335187,335190,335191,1,3
335187,335190,335191,1,3
335187,335190,335191,1,3
335187,335187,335192,5,0
335187,335190,335191,1,3
335187,335188,335192,4,1
335187,335191,335192,1,4
335187,335188,335192,4,1
335187,335191,335192,1,4
335187,335191,335192,1,4
335187,335191,335192,1,4
335187,335191,335193,2,4
335187,335191,335193,2,4
335187,335192,335193,1,5
335187,335188,335193,5,1
335187,335191,335192,1,4
335187,335191,335193,2,4
335187,335191,335193,2,4
335187,335192,335193,1,5
335187,335192,335193,1,5
335187,335192,335193,1,5
335187,335192,335193,1,5
335187,335191,335193,2,4
335187,335192,335193,1,5
335187,335192,335193,1,5
335187,335187,335193,6,0
335187,335191,335194,3,4
335187,335191,335193,2,4
335187,335192,335194,2,5
335187,335191,335194,3,4
335187,335193,335194,1,6
335187,335193,335194,1,6
335187,335193,335194,1,6
335187,335191,335194,3,4
335187,335191,335194,3,4
335187,335191,335194,3,4
335187,335193,335194,1,6
335187,335193,335194,1,6
335187,335193,335194,1,6
335187,335193,335194,1,6
335187,335193,335194,1,6
335187,335191,335193,2,4
335187,335193,335194,1,6
335187,335193,335194,1,6
335187,335193,335194,1,6
335187,335187,335194,7,0
335187,335193,335194,1,6
335187,335191,335195,4,4
335187,335191,335194,3,4
335187,335193,335194,1,6
335187,335193,335194,1,6
335187,335194,335195,1,7
335187,335191,335195,4,4
335187,335194,335195,1,7
335187,335194,335195,1,7
335187,335194,335195,1,7
335187,335194,335195,1,7
335187,335187,335195,8,0
335187,335187,335196,9,0
335187,335187,335196,9,0
335187,335191,335196,5,4
335187,335194,335196,2,7
335187,335194,335196,2,7
335187,335195,335196,1,8
335187,335194,335196,2,7
335187,335194,335196,2,7
335187,335194,335197,3,7
335187,335195,335197,2,8
335187,335194,335196,2,7
335187,335191,335197,6,4
335187,335191,335197,6,4
335187,335194,335197,3,7
335187,335195,335197,2,8
335187,335195,335196,1,8
335187,335195,335196,1,8
335187,335196,335197,1,9
335187,335194,335197,3,7
335187,335194,335197,3,7
335187,335194,335197,3,7
335187,335195,335198,3,8
335187,335196,335198,2,9
335187,335196,335197,1,9
335187,335194,335198,4,7
335187,335197,335198,1,10
335187,335194,335198,4,7
335187,335187,335199,12,0
335187,335197,335199,2,10
335187,335197,335199,2,10
335187,335195,335199,4,8
335187,335196,335199,3,9
335187,335197,335199,2,10
335187,335194,335199,5,7
335187,335198,335199,1,11
335187,335197,335198,1,10
335187,335198,335199,1,11
335187,335198,335199,1,11
335187,335198,335200,2,11
335187,335198,335199,1,11
335187,335198,335199,1,11
335187,335195,335199,4,8
335187,335196,335199,3,9
335187,335196,335200,4,9
335187,335194,335199,5,7
335187,335197,335200,3,10
335187,335198,335200,2,11
335187,335198,335200,2,11
335187,335197,335200,3,10
335187,335187,335201,14,0
335187,335198,335201,3,11
335187,335198,335201,3,11
335187,335196,335202,6,9
335187,335198,335202,4,11
335187,335198,335203,5,11
335187,335197,335204,7,10
335187,335187,335205,18,0
335187,335198,335204,6,11
335212,335212,335213,1,0
399572,399572,399573,1,0
399572,399572,399573,1,0
399572,399572,399603,31,0
399572,399572,399603,31,0
399650,399650,399651,1,0
399650,399650,399651,1,0
399650,399650,399651,1,0
399651,399651,399652,1,0
399651,399651,399652,1,0
399842,399842,399844,2,0
399842,399842,399844,2,0
399842,399842,399844,2,0
399842,399842,399844,2,0
399842,399842,399845,3,0
399914,399914,400109,195,0
399916,399916,400153,237,0
399921,399921,400161,240,0
399921,399921,400175,254,0
399913,399913,400199,286,0
399913,399913,400214,301,0
399916,399916,400220,304,0
399915,399915,400221,306,0
399915,399915,400230,315,0
399920,399920,400247,327,0
399914,399914,400284,370,0
399919,399919,400287,368,0
399915,399915,400298,383,0
399912,399912,400304,392,0
399913,399913,400304,391,0
399912,399912,400313,401,0
399921,399921,400321,400,0
399919,399919,400322,403,0
399920,399920,400326,406,0
399916,399916,400340,424,0
399920,399920,400357,437,0
399914,399914,400359,445,0
399916,399916,400399,483,0
399919,399919,400409,490,0
399919,399919,400410,491,0
399917,399917,400411,494,0
399918,399918,400416,498,0
399921,399921,400418,497,0
399915,399915,400442,527,0
399915,399915,400466,551,0
399918,399918,400468,550,0
399918,399918,400486,568,0
399923,400248,400495,247,325
399922,400175,400502,327,253
399922,400215,400504,289,293
399918,399918,400510,592,0
399923,400221,400514,293,298
399922,400220,400527,307,298
399923,400231,400531,300,308
399915,399915,400536,621,0
399920,399920,400560,640,0
399914,399914,400561,647,0
399916,399916,400569,653,0
399921,400110,400570,460,189
399922,400161,400572,411,239
399914,399914,400588,674,0
399917,399917,400600,683,0
399912,399912,400602,690,0
399913,399913,400602,689,0
399914,399914,400602,688,0
399917,399917,400602,685,0
399918,399918,400602,684,0
399920,399920,400602,682,0
399912,399913,400602,689,1
399914,399914,400602,688,0
399916,399916,400602,686,0
399919,399919,400602,683,0
399924,400327,400602,275,403
399927,400510,400602,92,583
399913,399913,400602,689,0
399918,399918,400602,684,0
399925,400409,400602,193,484
399926,400496,400602,106,570
399926,400503,400602,99,577
399915,399915,400602,687,0
399917,399917,400602,685,0
399918,399918,400602,684,0
399919,399919,400602,683,0
399922,400200,400602,402,278
399924,400313,400602,289,389
399917,399917,400602,685,0
399921,399921,400602,681,0
399925,400358,400602,244,433
399925,400360,400602,242,435
399925,400411,400602,191,486
399926,400442,400602,160,516
399917,399917,400602,685,0
399920,399920,400602,682,0
399923,400284,400602,318,361
399924,400304,400602,298,380
399924,400322,400602,280,398
399926,400419,400602,183,493
399913,399913,400602,689,0
399921,400153,400602,449,232
399923,400298,400602,304,375
399924,400304,400602,298,380
399924,400340,400602,262,416
399925,400411,400602,191,486
399926,400469,400602,133,543
399912,399912,400602,690,0
399923,400288,400602,314,365
399925,400400,400602,202,475
399928,400536,400602,66,608
399929,400574,400602,28,645
399927,400515,400602,87,588
399928,400570,400602,32,642
399929,400600,400602,2,671
399928,400560,400602,42,632
399928,400570,400602,32,642
399926,400488,400602,114,562
399927,400505,400602,97,578
399928,400528,400602,74,600
399928,400532,400602,70,604
399928,400561,400602,41,633
399916,399916,400602,686,0
399919,399919,400602,683,0
399920,399920,400602,682,0
399924,400322,400602,280,398
399925,400416,400602,186,491
399926,400466,400602,136,540
399929,400589,400602,13,660
400659,400660,400661,1,1
400661,400661,400662,1,0
400663,400663,400665,2,0
400665,400665,400666,1,0
400667,400667,400669,2,0
400986,400986,400987,1,0
400988,400988,400989,1,0
400990,400990,400991,1,0
400992,400992,400993,1,0
400994,400994,400995,1,0
400723,400723,402329,1606,0
400715,400715,402726,2011,0
400715,400715,402892,2177,0
400721,400721,402960,2239,0
400718,400718,403026,2308,0
400721,400721,403121,2400,0
400723,400723,403125,2402,0
400713,400713,403224,2511,0
400722,400722,403354,2632,0
400720,400720,403368,2648,0
400715,400715,403409,2694,0
400716,400716,403459,2743,0
400716,400716,403503,2787,0
400717,400717,403504,2787,0
400717,400717,403518,2801,0
400717,400717,403601,2884,0
400717,400717,403616,2899,0
400716,400716,403625,2909,0
400717,400717,403643,2926,0
400714,400714,403656,2942,0
400714,400714,403663,2949,0
400722,400722,403702,2980,0
403703,403704,403705,1,1
400721,400721,403710,2989,0
400719,400719,403721,3002,0
400722,400722,403746,3024,0
400719,400719,403793,3074,0
400714,400714,403802,3088,0
400721,400721,403820,3099,0
403828,403828,403829,1,0
400716,400716,403831,3115,0
400718,400718,403851,3133,0
400723,400723,403904,3181,0
403904,403904,403905,1,0
403906,403906,403907,1,0
403908,403908,403909,1,0
403910,403910,403911,1,0
403912,403912,403913,1,0
400714,400714,403928,3214,0
400723,400723,403936,3213,0
400722,400722,403952,3230,0
400716,400716,403956,3240,0
400716,400716,404072,3356,0
400719,400719,404074,3355,0
400715,400715,404085,3370,0
400720,400720,404120,3400,0
400717,400717,404152,3435,0
404155,404156,404177,21,1
400720,400720,404229,3509,0
400718,400718,404272,3554,0
400720,400720,404300,3580,0
400720,400720,404314,3594,0
400721,400721,404495,3774,0
400715,400715,404589,3874,0
400722,400722,404593,3871,0
400718,400718,404613,3895,0
400714,400715,404614,3899,1
400714,400714,404614,3900,0
400722,400722,404615,3893,0
400718,400718,404666,3948,0
404708,404708,404712,4,0
400721,400721,404770,4049,0
400718,400718,404786,4068,0
400721,400721,404814,4093,0
404826,404826,404847,21,0
400722,400722,404873,4151,0
400713,400713,404916,4203,0
400715,400715,404946,4231,0
400719,400719,405014,4295,0
400718,400718,405244,4526,0
400732,405245,405248,3,4513
400733,405249,405250,1,4516
400733,405253,405254,1,4520
400733,405255,405257,2,4522
400717,400718,405256,4538,1
400733,405257,405259,2,4524
400733,405257,405259,2,4524
400733,405260,405261,1,4527
400733,405260,405262,2,4527
400734,405262,405263,1,4528
400734,405263,405264,1,4529
400734,405264,405265,1,4530
400734,405265,405266,1,4531
400734,405266,405268,2,4532
400734,405267,405269,2,4533
400734,405268,405269,1,4534
400735,405270,405271,1,4535
400735,405270,405271,1,4535
400735,405272,405273,1,4537
400735,405272,405273,1,4537
400735,405274,405275,1,4539
400735,405274,405275,1,4539
400735,405276,405278,2,4541
400736,405276,405278,2,4540
400736,405278,405279,1,4542
400736,405279,405280,1,4543
400736,405281,405283,2,4545
400736,405281,405284,3,4545
400714,400714,405324,4610,0
400723,402893,405421,2528,2170
405511,405511,405512,1,0
405511,405511,405512,1,0
405511,405511,405512,1,0
405511,405511,405512,1,0
405511,405513,405515,2,2
400725,403121,405538,2417,2396
400725,403369,405580,2211,2644
405687,405688,405689,1,1
405688,405688,405689,1,0
405688,405688,405689,1,0
405688,405688,405689,1,0
405688,405688,405690,2,0
400725,403225,405700,2475,2500
400724,402961,405707,2746,2237
405734,405734,405737,3,0
405734,405734,405737,3,0
405734,405734,405737,3,0
405735,405735,405737,2,0
405735,405735,405737,2,0
400726,403504,405827,2323,2778
400723,402330,405842,3512,1607
400725,403354,405899,2545,2629
400725,403125,405972,2847,2400
405983,405983,405986,3,0
405983,405983,405986,3,0
405983,405983,405986,3,0
405983,405983,405987,4,0
405983,405983,405987,4,0
400726,403518,406005,2487,2792
400723,402726,406017,3291,2003
400729,404073,406042,1969,3344
406060,406061,406063,2,1
406061,406061,406063,2,0
406061,406061,406063,2,0
406061,406061,406093,32,0
406061,406061,406094,33,0
406201,406201,406203,2,0
406201,406201,406203,2,0
406201,406201,406203,2,0
406201,406201,406203,2,0
406201,406201,406204,3,0
400726,403602,406269,2667,2876
400730,404152,406363,2211,3422
400727,403711,406401,2690,2984
400730,404273,406436,2163,3543
406468,406468,406470,2,0
406468,406468,406470,2,0
406468,406468,406471,3,0
406468,406468,406471,3,0
406468,406468,406471,3,0
400728,403831,406514,2683,3103
400714,400714,406518,5804,0
400730,404314,406523,2209,3584
400727,403657,406525,2868,2930
400726,403626,406528,2902,2900
400727,403664,406632,2968,2937
400727,403644,406633,2989,2917
400731,404615,406741,2126,3884
400726,403616,406766,3150,2890
400729,403957,406839,2882,3228
400716,400716,406872,6156,0
400727,403746,406895,3149,3019
400725,403026,406902,3876,2301
400726,403504,406949,3445,2778
400728,403905,406984,3079,3177
400728,403803,407012,3209,3075
400731,404668,407026,2358,3937
400728,403929,407035,3106,3201
400729,404121,407054,2933,3392
400726,403460,407061,3601,2734
400725,403410,407104,3694,2685
400730,404230,407121,2891,3500
400727,403721,407129,3408,2994
400729,403937,407165,3228,3208
400729,404075,407175,3100,3346
400729,403952,407212,3260,3223
400727,403702,407247,3545,2975
400728,403793,407248,3455,3065
400729,404086,407256,3170,3357
400730,404496,407457,2961,3766
400728,403820,407574,3754,3092
400732,404786,407622,2836,4054
400728,403851,407645,3794,3123
400731,404615,407762,3147,3884
407210,407210,407806,596,0
407210,407210,407806,596,0
407210,407210,407806,596,0
407210,407210,407806,596,0
407210,407210,407806,596,0
400731,404616,407806,3190,3885
400731,404594,408007,3413,3863
400731,404614,408082,3468,3883
400732,405015,408138,3123,4283
400732,404946,408223,3277,4214
400731,404770,408252,3482,4039
400732,404874,408416,3542,4142
400730,404301,408442,4141,3571
400732,404916,408524,3608,4184
400732,404814,409248,4434,4082
407924,407924,409932,2008,0
407930,407930,410078,2148,0
407929,407929,410252,2323,0
400730,404590,410299,5709,3860
407926,407926,410382,2456,0
407930,407930,410393,2463,0
407925,407925,410515,2590,0
407927,407927,410517,2590,0
407923,407923,410573,2650,0
407926,407926,410580,2654,0
407926,407926,410652,2726,0
407927,407927,410720,2793,0
407930,407930,410723,2793,0
407926,407926,410755,2829,0
407926,407926,410772,2846,0
407928,407928,410808,2880,0
407930,407930,410810,2880,0
407926,407926,410838,2912,0
407924,407924,410860,2936,0
407929,407929,410860,2931,0
407931,408417,410866,2449,486
407924,407924,410901,2977,0
407923,407923,410936,3013,0
407925,407925,410964,3039,0
407931,408082,410988,2906,151
407928,407928,411037,3109,0
407932,408443,411043,2600,511
407923,407923,411062,3139,0
407927,407927,411138,3211,0
407923,407923,411166,3243,0
407929,407929,411169,3240,0
407927,407927,411181,3254,0
407925,407925,411232,3307,0
407928,407928,411233,3305,0
407926,407926,411249,3323,0
407924,407924,411289,3365,0
407932,408524,411294,2770,592
407931,408008,411336,3328,77
407925,407925,411422,3497,0
407929,407929,411497,3568,0
407924,407924,411547,3623,0
407929,407929,411556,3627,0
407924,407924,411571,3647,0
407931,408252,411698,3446,321
407925,407925,411722,3797,0
407931,408140,411723,3583,209
407927,407928,411768,3840,1
407930,407930,411804,3874,0
407929,407930,411862,3932,1
407931,407931,411868,3937,0
407923,407923,411973,4050,0
407928,407928,411983,4055,0
407930,407930,412007,4077,0
407932,409248,412061,2813,1316
407927,407927,412111,4184,0
407928,407928,412210,4282,0
407924,407925,412263,4338,1
407928,407928,412312,4384,0
407931,408223,412342,4119,292
407923,407923,412449,4526,0
407935,410964,412637,1673,3029
407927,407927,412644,4717,0
407933,410517,412677,2160,2584
407932,410253,412684,2431,2321
407932,410299,412728,2429,2367
407929,407929,412904,4975,0
407932,409933,412955,3022,2001
407933,410653,412968,2315,2720
407933,410580,412988,2408,2647
407934,410755,413003,2248,2821
407933,410383,413006,2623,2450
407933,410574,413085,2511,2641
407937,411296,413153,1857,3359
407934,410810,413167,2357,2876
407933,410518,413167,2649,2585
407934,410772,413464,2692,2838
407934,410808,413495,2687,2874
407935,410867,413518,2651,2932
407938,411547,413770,2223,3609
407923,407923,413810,5887,0
407935,410861,413938,3077,2926
407938,411723,413961,2238,3785
407937,411290,413967,2677,3353
407936,411037,413970,2933,3101
407936,411167,413999,2832,3231
407932,410078,414054,3976,2146
407934,410840,414076,3236,2906
407937,411233,414107,2874,3296
407934,410721,414109,3388,2787
407935,410861,414124,3263,2926
407938,411572,414163,2591,3634
407936,411063,414194,3131,3127
407936,411181,414504,3323,3245
407934,410723,414677,3954,2789
407937,411337,414676,3339,3400
415007,415391,415513,122,384
407939,411868,415678,3810,3929
407935,410902,415958,5056,2967
407937,411423,416172,4749,3486
407940,412449,416296,3847,4509
407933,410393,416458,6065,2460
407938,411497,416634,5137,3559
407938,411724,416731,5007,3786
407939,411974,416770,4796,4035
407925,407925,416863,8938,0
407939,412008,416944,4936,4069
407936,411044,416950,5906,3108
407940,412313,417305,4992,4373
407942,412968,417605,4637,5026
407939,411863,417986,6123,3924
407935,410937,418254,7317,3002
407942,412988,418750,5762,5046
407942,413007,418752,5745,5065
407938,411556,418765,7209,3618
407937,411250,418797,7547,3313
407936,411138,418853,7715,3202
407940,412343,419016,6673,4403
407940,412263,419352,7089,4323
407941,412728,419607,6879,4787
407943,413810,420141,6331,5867
407944,413961,420159,6198,6017
407944,414076,420580,6504,6132
407938,411699,421413,9714,3761
407942,413167,421419,8252,5225
407940,412211,422019,9808,4271
407942,413003,422073,9070,5061
407944,414000,422461,8461,6056
422625,422625,422799,174,0
407943,413939,423103,9164,5996
407939,411805,424183,12378,3866
407935,410989,431126,20137,3054
407939,411983,427630,15647,4044
407940,412061,429495,17434,4121
407941,412644,430286,17642,4703
407944,414055,431562,17507,6111
407937,411233,431567,20334,3296
407941,412637,431644,19007,4696
407942,413086,431677,18591,5144
407940,412111,431763,19652,4171
432024,432024,432025,1,0
432026,432026,432027,1,0
432028,432028,432029,1,0
432030,432030,432031,1,0
432032,432032,432033,1,0
407941,412678,432066,19388,4737
407941,412956,432113,19157,5015
407936,411170,432209,21039,3234
407943,413771,432349,18578,5828
407941,412685,432671,19986,4744
407941,412905,432692,19787,4964
407943,413171,432776,19605,5228
407942,413154,433052,19898,5212
433514,433514,433516,2,0
433516,433516,433517,1,0
433519,433519,433520,1,0
433521,433521,433522,1,0
433523,433523,433525,2,0
407943,413464,433726,20262,5521
407943,413496,433752,20256,5553
433945,433945,433982,37,0
407944,413968,434094,20126,6024
407943,413518,434222,20704,5575
407944,413971,434442,20471,6027
407939,411768,434550,22782,3829
438003,438003,438155,152,0
439647,439648,439799,151,1
444836,444837,444924,87,1
445255,445255,445349,94,0
445780,445781,445875,94,1
460632,460632,460652,20,0
460632,460632,460652,20,0
460633,460633,460652,19,0
460633,460633,460652,19,0
460632,460632,460652,20,0
460710,460710,463040,2330,0
460710,460711,463167,2456,1
460713,460713,463174,2461,0
460712,460712,463258,2546,0
460714,460714,463358,2644,0
460715,460715,463471,2756,0
460712,460712,463497,2785,0
460713,460713,463588,2875,0
460712,460712,463591,2879,0
460713,460713,463633,2920,0
460714,460714,463655,2941,0
460715,460715,463669,2954,0
460713,460713,463758,3045,0
463790,463791,463830,39,1
460711,460711,463856,3145,0
460714,460714,463880,3166,0
460712,460712,463894,3182,0
460713,460713,463894,3181,0
460713,460713,463906,3193,0
460713,460713,463920,3207,0
460713,460714,463949,3235,1
460712,460712,463986,3274,0
460714,460714,464020,3306,0
460711,460711,464327,3616,0
460711,460711,464350,3639,0
460714,460714,464379,3665,0
460712,460713,464445,3732,1
460711,460711,464451,3740,0
460714,460714,464491,3777,0
460711,460711,464506,3795,0
460714,460715,464605,3890,1
460712,460712,464628,3916,0
465746,465746,465987,241,0
466858,466858,467057,199,0
468702,468702,468907,205,0
470018,470018,470402,384,0
470451,470452,470700,248,1
470846,470848,470882,34,2
471679,471680,471874,194,1
474672,474673,474866,193,1
475595,475595,475596,1,0
475596,475596,475597,1,0
475598,475598,475599,1,0
475600,475600,475601,1,0
475603,475603,475604,1,0
475605,475605,475606,1,0
475607,475607,475608,1,0
475608,475608,475609,1,0
475610,475610,475611,1,0
475612,475612,475613,1,0
475613,475613,475614,1,0
475615,475615,475616,1,0
475617,475617,475618,1,0
475620,475620,475621,1,0
475622,475622,475623,1,0
475624,475624,475625,1,0
475627,475627,475628,1,0
475629,475629,475630,1,0
475631,475631,475632,1,0
475632,475632,475633,1,0
475634,475634,475635,1,0
475637,475637,475638,1,0
475639,475639,475640,1,0
475641,475641,475642,1,0
475642,475642,475643,1,0
475644,475644,475645,1,0
475646,475646,475647,1,0
475649,475649,475650,1,0
475651,475651,475652,1,0
475653,475653,475654,1,0
475654,475654,475655,1,0
475656,475656,475657,1,0
475658,475658,475659,1,0
475660,475660,475661,1,0
475661,475661,475662,1,0
475663,475663,475664,1,0
475665,475665,475666,1,0
475668,475668,475669,1,0
475670,475670,475671,1,0
475672,475672,475673,1,0
475675,475675,475676,1,0
475677,475677,475678,1,0
475680,475680,475681,1,0
475682,475682,475683,1,0
475684,475684,475685,1,0
475687,475687,475688,1,0
475689,475689,475690,1,0
475691,475691,475692,1,0
475692,475692,475693,1,0
475694,475694,475695,1,0
475696,475696,475697,1,0
475699,475699,475700,1,0
475701,475701,475702,1,0
475704,475704,475705,1,0
475706,475706,475707,1,0
475708,475708,475709,1,0
475709,475709,475710,1,0
475711,475711,475712,1,0
475713,475713,475714,1,0
475716,475716,475717,1,0
475718,475718,475719,1,0
475720,475720,475721,1,0
475723,475723,475724,1,0
475725,475725,475726,1,0
475728,475728,475729,1,0
475730,475730,475731,1,0
475732,475732,475733,1,0
478469,478470,478511,41,1
478833,478834,478874,40,1
479063,479064,479101,37,1
480287,480288,480325,37,1
484490,484491,484529,38,1
485404,485405,485615,210,1
497156,497156,497369,213,0
507030,507030,507241,211,0
527343,527343,527345,2,0
527466,527466,527468,2,0
527792,527792,527794,2,0
536734,536735,536954,219,1
538330,538331,538554,223,1
539517,539518,539773,255,1
541800,541801,542045,244,1
542861,542862,543144,282,1
544291,544292,544567,275,1
567182,567183,567379,196,1
568083,568083,568084,1,0
568085,568085,568086,1,0
568086,568086,568087,1,0
568088,568088,568089,1,0
568090,568090,568091,1,0
568091,568092,568093,1,1
568093,568093,568094,1,0
568095,568095,568096,1,0
568096,568096,568097,1,0
568098,568098,568099,1,0
568100,568100,568101,1,0
568101,568101,568102,1,0
568103,568103,568104,1,0
568106,568106,568107,1,0
568108,568108,568109,1,0
568111,568111,568112,1,0
568113,568113,568114,1,0
568115,568115,568116,1,0
568118,568118,568119,1,0
568120,568120,568121,1,0
568123,568123,568124,1,0
568125,568125,568126,1,0
568127,568127,568128,1,0
568130,568130,568131,1,0
568132,568132,568133,1,0
568133,568133,568134,1,0
568135,568135,568136,1,0
568137,568137,568138,1,0
568139,568139,568140,1,0
568140,568140,568141,1,0
568142,568142,568143,1,0
568144,568144,568145,1,0
568145,568145,568146,1,0
568147,568147,568148,1,0
568149,568149,568150,1,0
568152,568152,568153,1,0
568153,568153,568154,1,0
568155,568155,568156,1,0
568157,568157,568158,1,0
568160,568160,568161,1,0
568162,568162,568163,1,0
568163,568163,568165,2,0
568165,568165,568166,1,0
568167,568167,568168,1,0
568169,568169,568170,1,0
568170,568170,568171,1,0
568172,568172,568173,1,0
568173,568173,568174,1,0
568175,568175,568176,1,0
568177,568177,568178,1,0
568178,568178,568179,1,0
568180,568180,568181,1,0
568183,568183,568184,1,0
568185,568185,568186,1,0
568187,568187,568188,1,0
568189,568189,568190,1,0
568190,568190,568191,1,0
568192,568192,568193,1,0
568194,568194,568196,2,0
568197,568197,568198,1,0
568199,568199,568200,1,0
568201,568201,568202,1,0
568202,568202,568203,1,0
568204,568204,568205,1,0
568206,568206,568207,1,0
568209,568209,568210,1,0
568211,568211,568212,1,0
568213,568213,568214,1,0
568215,568215,568216,1,0
568216,568216,568217,1,0
568218,568218,568219,1,0
568220,568220,568221,1,0
568223,568223,568224,1,0
568225,568225,568226,1,0
568227,568227,568228,1,0
568229,568229,568230,1,0
568230,568230,568231,1,0
568232,568232,568233,1,0
568234,568234,568235,1,0
568237,568237,568238,1,0
568239,568239,568240,1,0
568241,568241,568242,1,0
568243,568243,568244,1,0
568244,568244,568245,1,0
568246,568246,568247,1,0
568248,568248,568249,1,0
568251,568251,568252,1,0
568253,568253,568254,1,0
568255,568255,568256,1,0
568258,568258,568259,1,0
568260,568260,568261,1,0
568262,568262,568263,1,0
568263,568264,568265,1,1
568265,568265,568266,1,0
568267,568267,568268,1,0
568269,568269,568270,1,0
568270,568270,568271,1,0
568272,568272,568273,1,0
568274,568274,568275,1,0
568277,568277,568278,1,0
568279,568279,568280,1,0
568281,568281,568282,1,0
568283,568283,568284,1,0
568284,568284,568286,2,0
568286,568286,568287,1,0
568288,568288,568289,1,0
568290,568290,568291,1,0
568291,568291,568292,1,0
568293,568293,568294,1,0
568295,568295,568296,1,0
568296,568296,568297,1,0
568298,568298,568299,1,0
568300,568300,568301,1,0
568302,568302,568303,1,0
568303,568303,568304,1,0
574279,574279,574554,275,0
576289,576289,576483,194,0
579459,579459,579657,198,0
580700,580700,580709,9,0
582106,582106,582115,9,0
582167,582167,582177,10,0
582250,582251,582253,2,1
582321,582322,582330,8,1
582378,582378,582387,9,0
582449,582449,582458,9,0
583993,583993,584033,40,0
584618,584618,584659,41,0
584841,584841,584879,38,0
585975,585976,586026,50,1
586341,586342,586413,71,1
586578,586578,586622,44,0
586826,586827,586867,40,1
586931,586931,586932,1,0
587082,587082,587122,40,0
587243,587244,587284,40,1
587422,587422,587467,45,0
587764,587764,587807,43,0
587999,587999,588044,45,0
588167,588167,588168,1,0
588926,588926,589120,194,0
589872,589872,590065,193,0
600653,600653,600844,191,0
